axis_00,axis_01,axis_02,axis_10,axis_11,axis_12,axis_20,axis_21,axis_22,location_x,location_y,location_z,dbh,dbh_approximation,score,reconstructed,number_clusters
-0.8286620717125448,0.55338389027434753,0.084175060973563948,-0.55925961843707439,-0.81223399326976364,-0.16584516683543224,-0.023406197698306007,-0.18450531201535467,0.98255276690233051,-16.139311830248587,-7.2500109462105851,-2.3671881100173682,,0.1442478539031669,0.1590909090909091,False,5
0.56561023913101416,0.8230091046425202,0.052355239142542705,-0.81988298593327891,0.56802324210551491,-0.071704154726685648,-0.08875216485971503,-0.0023685656957908863,0.99605092396385897,1.7678392543404529,-11.11782550871169,-4.1133827653194537,0.3083472937515819,0.2756219915851832,0.9801980198019802,True,5
-0.67807270715247225,0.73303627364929602,0.053621127638938115,-0.73348700912826437,-0.67020784235168507,-0.11321773487564191,-0.047055406224897491,-0.11610025652276706,0.99212222995977506,-5.0381141411546855,18.396346918258605,0.86045011184738684,0.2077025566245828,0.2324427186845408,0.8367346938775511,True,4
-0.92056085053023484,0.38872505597548573,0.03821716012351152,-0.39056812501277932,-0.91483729086182053,-0.1026122359789835,-0.0049254639428744362,-0.10938721180037531,0.99398701083036634,-18.331647659312434,9.5401668576308243,0.15173545939418712,,0.2028844328952505,0.9705882352941176,True,2
0.4066735054790212,0.89347866934070852,0.19055846182880837,-0.9102440957479464,0.41407062751788787,0.0010961673894706869,-0.077925259687779247,-0.17390049700935106,0.98167523705270932,-14.956823808231402,-5.5372039252597451,-2.1975522755853416,,0.2824144160390146,0.3275862068965517,False,4
0.7907348512112683,0.59565921330873839,0.14116832746870034,-0.61211501499547794,0.77212512527407207,0.17069856278711215,-0.0073214409087978619,-0.22138855553283432,0.97515819433674744,-3.1916263965289571,-7.1616239687302148,-3.056224124755023,,0.4154878686392335,0.2155688622754491,False,3
-0.42069799028034305,0.90440774785986389,0.071132458028181703,-0.90477948057304847,-0.4125586358957356,-0.10568568248261494,-0.06623664022311708,-0.10882094264846488,0.9918521613290231,11.201995262686969,6.51244314382242,-1.5014291547885426,0.2919225207042692,0.2455885203802612,0.9,True,5
-0.42007950854615139,0.90584090434741005,0.05463938607534876,-0.90504330444541392,-0.41377221251245072,-0.098433598080522072,-0.066556919836710526,-0.090800948032597445,0.99364247305468589,-8.9358082796631599,-10.566063389873804,-3.3316371979107693,,0.3120662301454009,0.9811320754716981,False,5
-0.91396853790526111,-0.405617960754943,0.01164395260727729,0.37902177760061201,-0.86358530606636053,-0.33251001676752845,0.14492758130801461,-0.29949038224836438,0.94302784005401286,-16.519082400384391,-7.0866486955295445,-2.2956688337044735,,0.207436619055884,0.24,False,2
-0.59725368113501776,0.79614225901028735,0.09718818749554553,-0.79945930749914096,-0.58119991163020646,-0.15189298329427878,-0.064442656863807846,-0.16841664448337307,0.98360712575565301,5.1336731953651205,-10.557288572235757,-4.055693583522948,0.2610398842931738,0.2529191332691885,0.9695121951219512,True,6
-0.99963749674137758,-0.022249963369624311,0.01515962528177088,0.019267593155166324,-0.98448322600181204,-0.17441771003849529,0.018805184461746713,-0.17406239355793085,0.98455505086625017,-15.719341009743182,-5.41346962608627,-2.1167668546828424,0.3544830317928312,0.2051763471774598,0.40625,True,5
-0.60134720218285176,0.79756871365954829,0.047599258589932372,-0.7972763018590604,-0.59509596639107587,-0.10105092418683066,-0.052268928827724492,-0.098716451397556443,0.99374192892454583,12.119448143810121,-7.5768395553992853,-3.5518141190611114,0.2443458930738866,0.234074430946546,0.8205128205128205,True,5
0.98064036165085444,0.17546706640893978,0.086924045621013024,-0.18045588509476046,0.9821403705556021,0.053253789156947812,-0.076027328217883938,-0.06790877064670478,0.9947905529473553,26.541215796605343,6.009540541500118,-2.2677758276173168,,0.1687326819171493,0.3125,False,4
-0.70905147688073455,0.70341223168299694,0.049570509902533595,-0.70394716495341292,-0.70196848676901846,-0.10816021698049977,-0.041284283780920319,-0.11158618150094754,0.99289683855410493,3.3709769954547135,-15.149580570423135,-4.8511357769231305,,0.3234802159372938,1.0,False,5
-0.48276470027002155,0.81059958387787212,0.3314612477956006,-0.87503653080816568,-0.4312098747796746,-0.21992979253322403,-0.035345635153522528,-0.3962150407411581,0.91747715370251937,6.8465442901722584,-11.719160038861073,-4.2584944180239459,,0.4661931781026329,0.288135593220339,False,2
-0.75589738721487887,0.65267118064496876,0.051375772083956148,-0.65381005016905425,-0.7484858619471968,-0.11091137346143115,-0.033934618012564657,-0.11742761353559471,0.99250148477454525,8.9364307970245882,-5.9267018917245426,-3.223851387804646,0.2885703919660891,0.26579598746713,1.0,True,5
-0.96453923882295201,0.25492445845592815,0.068392815790785599,-0.26393685051056248,-0.93274524615908361,-0.24560872278930868,0.0011814031511724749,-0.25495063492484626,0.96695334842897784,3.7276092849615936,-20.157645953413699,-5.8679313725722038,,0.2385712383143372,0.4583333333333333,False,2
-0.91508211847963727,0.4014004770171834,0.038760462964195969,-0.40319625195849657,-0.90887707193899137,-0.10665481944210398,-0.0075827993143439201,-0.11322599151248355,0.9935403242951818,1.6538364291979208,15.869409758439835,0.22021603639471771,0.3324030488015244,0.2741997529867898,0.9090909090909091,True,5
-0.97484024201995179,0.21943824005524207,0.039158158025382479,-0.22264664568449907,-0.96701975486345371,-0.12369828159383442,0.010722579163800976,-0.12930449530192056,0.99154695995237274,19.298408380495516,-6.1747824494530228,-3.5402481776229475,0.2600066365861461,0.2185810382669361,0.9821428571428571,True,5
-0.60608594682618067,0.79316950984482115,0.059514315188359208,-0.79394982468271735,-0.59877082102561707,-0.1054380376078379,-0.047994801240297404,-0.11115589296495057,0.99264337327817287,17.413375601400858,-3.4407926662378521,-3.0775357101888057,0.3024584048722007,0.2349568886477017,0.9811320754716981,True,5
-0.97260902395792015,-0.23111393088797386,0.02486035931215394,0.22725103163522073,-0.96790062292354884,-0.10735619574543555,0.048873869668243468,-0.098766062459294313,0.99390975936949966,5.9879502021949271,2.317675809693359,-1.9250122106215384,0.2489080178341511,0.2277430266488004,0.9795918367346939,True,5
-0.9941432488736025,0.061402581810539411,0.088932129548537547,-0.095472796581428668,-0.88458396965734387,-0.45650426694410606,0.050637395588230764,-0.46232123417841692,0.88526545769943255,-9.6836255737978636,-10.475819137677659,-3.2250862049431599,,0.4942351690751661,0.3243243243243243,False,6
-0.99856804617804806,0.042952416972297014,0.031889606902466935,-0.04667414515586564,-0.9908044439514283,-0.12699637010588211,0.026141563192072378,-0.1283029373098642,0.99139042508566544,-0.73226623492164455,4.8325771150403636,-1.3085650269862423,,0.2329182758305623,0.7787610619469026,False,5
-0.89352196730901123,0.44726229581253124,0.039685421513925248,-0.44887281549831609,-0.88747577056896698,-0.10440283597504672,-0.011475602069113439,-0.11109993428225684,0.99374298244547588,6.4310016292768672,-1.7146809383774051,-2.5394488232302934,0.2415408568572626,0.2238759811119676,0.9676258992805755,True,5
0.811361321939708,0.58301102455444231,0.042319623205203966,-0.57939136358973797,0.81169002571815385,-0.073925299778142689,-0.077449680811963795,0.035460504757315991,0.99636544477640454,-12.229932307211035,8.0481891276238962,-0.19732333563027016,0.2556340323248941,0.2882913685007507,0.8717948717948718,True,5
0.29135378139115525,0.92886876882987657,0.22872644001414602,-0.95241480092850439,0.30404299998580636,-0.021538364189244166,-0.089548986825047222,-0.21156716298164213,0.97325244130518751,8.8649042552214095,-11.058794198546277,-4.1810576666009114,,0.2651182663659271,0.3125,False,3
-0.71762986413241336,0.67093838454651267,0.18667903537197142,-0.69554840890140013,-0.67705478178953116,-0.24043550763283841,-0.034925477520347074,-0.30238800670338467,0.95254485690802471,0.18444257884094512,-21.258020968795329,-5.890245584364358,,0.2470740838449805,0.225,False,2
-0.97309846869623695,0.22752319048997768,0.036229380484617907,-0.23021960118727783,-0.96632237435545565,-0.11497827642300117,0.0088490366825233757,-0.12022589824698601,0.992707120927666,-1.5177112655943403,1.8787889996323184,-1.6657333310677795,,0.3020408684939418,0.9787775891341256,False,4
-0.68453465031411487,0.72693632013552811,0.054551800952393877,-0.72762975148418219,-0.67679748727238065,-0.11180387281690544,-0.044353774071658608,-0.11622713835248907,0.99223182524851083,14.260771178445662,10.851832735543075,-1.0782572009291149,0.3104231319024803,0.2914912798453654,0.7222222222222222,True,5
-0.50589109010577038,0.86097054013659591,0.052952185681923655,-0.86044757770213887,-0.49934733952999488,-0.10140118604255398,-0.060861900874982292,-0.096860536449130757,0.99343538566968204,-13.571350298626522,-5.5265876084686569,-2.2393295827380846,0.3359716797372733,0.2951727463690444,0.9545454545454546,True,5
-0.99912127754743518,-0.031054425905893558,0.028147742069939256,0.027679174867315026,-0.99318061844526184,-0.11325247204079526,0.031472782378510158,-0.11237384827593067,0.99316744922143541,19.474212569127495,3.1329254694320485,-2.3000700526619298,,0.3074361985168402,0.9333333333333333,False,5
-0.70102771314193923,0.70653468140279141,0.096793023416148358,-0.70705874708514627,-0.67094447534675528,-0.22338630032311743,-0.092887424215368178,-0.22503834112595861,0.96991219780241467,7.5437661404319831,-8.5682796522930342,-3.675640703229837,,0.3757364055318472,0.27,False,5
-0.98601279147099441,0.1627783141754966,0.035804964596581564,-0.16589959251372854,-0.97916934740957884,-0.11706713585494416,0.016003132798236175,-0.12136972245038888,0.99247835755393654,-6.7154112805760633,10.157228970175773,-0.14782006135849993,0.3393680617908336,0.2935947996787613,0.9953271028037384,True,5
-0.92963770649427324,0.36675720599862954,0.035537114572589443,-0.36831374175203424,-0.92204761146326342,-0.11905120676207104,-0.010895976352869909,-0.12376329844896847,0.99225194565510833,-15.638682053642095,-11.573077137678688,-3.004757565673982,0.4204067879335727,0.3694614167179416,1.0,True,5
0.96226855603746542,-0.27209268384773028,-0.0021903100489026606,0.27129520784051636,0.95876685133530271,0.084646529659285125,-0.020931704764356927,-0.082046914488775033,0.99640863482736319,-8.481015402633739,5.3446244056843408,-0.83636495721291004,,0.6539074558314942,0.1746724890829694,False,2
-0.82410398284134567,-0.56630540260375728,0.012280734783742239,0.56172038704825633,-0.81983998326271867,-0.11105227876159467,0.072957742833706637,-0.084620286135076814,0.99373868543748944,19.414247132884011,-9.3280354149076601,-4.0152413352633936,0.2359714023098494,0.2151837477174502,0.5714285714285714,True,5
-0.99023274183861576,0.13599195692459115,0.030745806910821499,-0.13909187918290544,-0.97877053148641413,-0.15053802124104698,0.0096211296709577954,-0.15334416958470268,0.98812600386703342,22.757454203457442,-8.1698921559466537,-3.9652336662828152,0.2074194786418547,0.2246795494669415,0.675,True,5
-0.17811524957571115,0.9619565124625068,0.2071584562588584,-0.97944283919515374,-0.15305622721807843,-0.13139831071632696,-0.094692568968840485,-0.22630390946852669,0.96944306585861073,3.9856629530567771,-7.9251081844704716,-3.6135566517975004,,0.3819912331594112,0.2295081967213115,False,3
-0.0077970631363968911,-0.99851531563181795,-0.053910761960276783,0.99659449676165546,-0.0033336920057158177,-0.082391113125101736,0.082089066451198775,-0.054369577396753931,0.99514086149794323,6.1560432741173896,-6.5620037037821497,-3.2638022296920943,,0.1730216468987976,0.25,False,5
-0.69443088686475907,0.71793331664020954,0.048347659986949412,-0.71828380208899767,-0.68763425683614132,-0.10595993809917727,-0.042826662545641193,-0.10830919482387873,0.99319433913600486,-3.4463570627130582,-13.770026138199905,-4.2763645924590401,0.3419025674588763,0.3115713911677734,0.9407407407407408,True,5
0.86242469603467709,-0.50516312903153637,-0.032153642663966184,0.50583162157618211,0.86245593020797096,0.017439583215003954,0.018921265367428344,-0.031304656461466351,0.99933077817143423,9.2961122544268608,-23.0986611304183,-6.3800565162226075,,0.1448524200322617,0.25,False,1
-0.79974016832331529,0.59021609570632116,0.1098208702359583,-0.59896927992373805,-0.77205930722213256,-0.21250935941581545,-0.040638219422548229,-0.23573159843531424,0.97096815015802518,-12.168267957510668,2.5201154007598614,-1.0860402432217087,,0.2615600578511024,0.5247524752475248,False,3
-0.09843520296087499,0.98736026945239064,0.12421839286093428,-0.99359404804049045,-0.090550411223897925,-0.067612800013708174,-0.055510165884836211,-0.13007813549588212,0.98994863510656572,-13.672717148817716,-3.8836876953653956,-1.9694879236035709,,0.1949800123771869,0.2708333333333333,False,5
0.6612460354655143,0.71457591659981812,0.22833076883475151,-0.74468602994887512,0.66200126838928486,0.084835354952754627,-0.090533957055470571,-0.22613177588854419,0.96988041662535396,-8.2288722709619773,-10.047983548567105,-3.2673536769409051,,0.3756406020963522,0.3,False,2
-0.73225354823983957,0.67891982900243453,0.053596705845360734,-0.6799615144896175,-0.72442376675174724,-0.11341316051587338,-0.038171716010080708,-0.11949088648310856,0.9921012287787625,5.7054757805887562,9.2469455579481448,-0.90750693644287483,0.3056612546994455,0.2732501820614776,0.9047619047619048,True,5
-0.18175224982640684,0.98164151707795877,0.057845065752609476,-0.97998774788653886,-0.17596192071292907,-0.093066731173316125,-0.081179638304865714,-0.073602543487988115,0.99397813452650485,10.692697989368416,13.888254002917837,-0.54493580100015671,0.2727920543541398,0.2361248694704483,0.8666666666666667,True,5
-0.12862117003182336,0.99084724421175019,0.040967465843348275,-0.98815173041518545,-0.12456394891672309,-0.089665937276914257,-0.083742177527935668,-0.05201501002838637,0.99512897979841164,-6.8850110234225239,1.1723735950533409,-1.531798624215829,0.2996668176597204,0.2757804706659864,1.0,True,5
-0.87042419865301246,0.49042500420293145,0.042953808350554769,-0.49189427527106272,-0.8628334865779328,-0.11644052728893055,-0.020043361864155805,-0.12248138508492981,0.99226839814279078,20.850776955190948,8.3084383217028446,-1.7399054298404599,0.1979475120818902,0.2160513307389719,0.9743589743589743,True,4
-0.14517846177145038,0.96363526394183396,0.22434413815704835,-0.98675138387287364,-0.12442059037832569,-0.10412119435964497,-0.072421824491278819,-0.23648804362517387,0.96893162016712686,-8.9246384474213691,-15.174469189849678,-4.0763111350962662,,0.200470517775575,0.2173913043478261,False,7
0.35853679459232163,0.89041139017211268,0.28039066171188559,-0.92950794245222645,0.36831545071122662,0.018939738266785647,-0.086408054264007578,-0.26741594009922398,0.95969910031173644,-9.0826996966693976,8.7424090388965485,-0.23368057629577019,0.6747820926510645,0.3687943119685763,0.2093023255813954,True,10
0.095736473180786499,0.96887212349998142,0.22830097679935826,-0.99161367968651626,0.11283262050755502,-0.063016743869900221,-0.086814963925990821,-0.22035337087059645,0.97154904867664493,-7.3048563474629482,0.24799568805359784,-1.6327526001609789,,0.5281858702303431,0.5,False,6
-0.70446051246161401,0.70820378922257754,0.046720223812648939,-0.70849402609061807,-0.69779162444252918,-0.10546593692639904,-0.042090395296638279,-0.10739758744329371,0.9933247992651415,-0.24151294542321947,19.290596243254843,0.75147610406571819,0.2202822005492532,0.2396628629151941,0.9393939393939394,True,3
-0.81905577868178914,0.57161963966593021,0.048975697607684443,-0.57312289196800081,-0.81135150641116627,-0.11506034828108776,-0.026034248792739301,-0.12230993660583066,0.9921504408592855,11.360769923355322,-2.1147199550564597,-2.6646878327711572,0.2540116894055852,0.24829309931258,0.9682539682539683,True,5
0.41224247272675318,-0.88115986393139956,-0.2315457576301751,0.90863282902288645,0.4162312529936345,0.033733159549864569,0.066652274544833204,-0.22429631790947555,0.97223898094565897,-8.9431903703505,5.3769280504277743,-0.82843653059421396,,0.5197391574863267,0.3467336683417085,False,5
-0.9474304309895375,0.31646777665344644,0.047156386364985446,-0.31993859319851531,-0.93523964415144434,-0.1515457178201822,-0.0038568143764466378,-0.15866617266293315,0.98732475439207013,3.1942046637725729,11.97824866598588,-0.40287987153392357,0.2692998923449588,0.242143985619241,0.91,True,5
0.050203435153674189,0.99566958948757289,0.078241189078522039,-0.99438276279513094,0.05713978849392376,-0.089095261528287145,-0.093180127466617385,-0.07332880157564188,0.99294529089209482,-1.0599547788322468,3.1159659643903677,-1.5340239739797006,,0.103545372676819,0.2057416267942584,False,5
-0.4630545855078973,0.88336245095809374,0.072465378474269593,-0.88453945373141751,-0.45537819689290654,-0.10109724322201061,-0.056306355170926872,-0.11091202834623007,0.99223390202889683,6.2551934921025145,-14.634494849444357,-4.7932696003645701,0.3019007978935788,0.267920640451162,0.991304347826087,True,5
-0.83518470673529344,0.54808549924416683,0.045483965897365024,-0.54946061654636524,-0.827996272007678,-0.11187137438090942,-0.02365452387954925,-0.1184249089493342,0.99268121994947212,-11.640831530924425,3.788881401223644,-0.95979713840024339,0.3720237974360331,0.3065608439210007,0.8931297709923665,True,5
-0.79862200919647208,0.60029534757865144,0.042992814544027411,-0.60114101414575249,-0.79224129069603688,-0.10480085127561917,-0.028850780558020699,-0.10954101054721249,0.99356348537448236,-17.914017146663255,2.7119551572720755,-0.81051734149757293,,0.2570352249873012,0.9672131147540983,True,5
-0.62224722139199917,0.77977256050873678,0.069015573225067323,-0.78141325391597349,-0.61342528371815419,-0.1144672350489523,-0.046922511381919017,-0.12515660259431144,0.99102679214674261,6.507225084206528,13.727811419218463,-0.30154445404289199,0.3038571162911742,0.2714576525419344,0.2580645161290323,True,5
-0.63266852670167539,-0.77428183270898665,0.014770878712633419,0.76901298590754363,-0.63038525298377546,-0.10598801972932892,0.091375942275277164,-0.055696286746902267,0.99425769336521175,-9.3236303595442624,14.504443355539333,0.54598900893952818,0.2861055010890177,0.2538804418473261,0.9594594594594594,True,3
0.66348395696870022,-0.70693054922504184,-0.2450270136485683,0.74276259884705476,0.66172387755360829,0.10210402357098994,0.089959772115785014,-0.2497412830266493,0.96412474864670794,-2.7483958138739157,-7.1213075627300055,-3.1359261036418156,0.841906894319641,0.7531143255702775,0.2925170068027211,True,4
-0.99489138719892456,0.091056957155668486,0.043586216065979268,-0.10046990559581849,-0.93521131694166626,-0.33953731861726399,0.0098450874534857166,-0.3421818569383609,0.93958216832550001,-13.884553906649998,-8.0640523026004871,-2.6146809812740037,,0.2733078958956879,0.1951219512195122,False,7
-0.46866193819335267,0.87953990342268207,0.082252939011740064,-0.88108406132928285,-0.45870909634659096,-0.11522517867371811,-0.063614971196616799,-0.12647340912663388,0.98992808436953672,-12.108818881816058,2.3484398325432556,-1.1237161035236836,,0.08407081249302525,0.3548387096774194,False,1
-0.47087291852565316,0.88078846970396962,0.049903569368071887,-0.8796396750763722,-0.46444660382295233,-0.10258359629521868,-0.06717690548595133,-0.092200996924468925,0.99347181114285588,-15.317333452190651,13.416586930370652,0.60241922738757514,0.4146046679870818,0.363216722755729,1.0,True,5
-0.83866515725158441,-0.54463537764550918,0.003613783212715764,0.5389224573577257,-0.83079099262015166,-0.1391003649769946,0.078761278352279807,-0.11471108053782909,0.99027169455365038,-23.642819670599206,-1.5682167116622263,-1.1771687738826337,,0.2259224063598474,0.7333333333333333,True,3
-0.94297432319340035,0.32924634039348016,0.048951742925552037,-0.33286270967064679,-0.93211425038168572,-0.14270753570187802,-0.0013573167144873277,-0.15086375168637661,0.98855363340511182,2.5450754418344141,20.008693940513144,0.69063142436208225,0.272291016408711,0.2408798059234296,0.45,True,4
0.47776966456680958,-0.83589427421274498,-0.27021641319147499,0.87353782854244022,0.48464466799345651,0.045290262649597013,0.093101072631175563,-0.2576825724100486,0.96173378964818712,4.1678910959071054,-8.0909034425823396,-3.6787692162350059,,0.3270130812879993,0.2142857142857143,False,7
-0.70083282238274192,0.68991026348522844,0.18126550529205304,-0.71330762199878095,-0.67961269521376189,-0.17122739530440484,0.0050588011904652355,-0.24929984525071328,0.96841313275300345,-18.331507313915754,-3.8439988842597446,-1.7179372159390944,,0.1862012854848482,0.4,False,7
0.1965330269679354,0.97895796068758734,0.054918853932143769,-0.97772138654050056,0.19988065484874537,-0.064098472045416466,-0.073726925964270745,-0.041097871278645545,0.99643128481808629,-7.8743504130707285,-17.316751767337607,-4.5323267359893942,,0.2123001326756947,0.958904109589041,True,2
0.10703473022812511,-0.9916751356442729,-0.071582063884090746,0.98858488473966233,0.11382630991362237,-0.098709152745412101,0.106035334626065,-0.06019963883912903,0.99253841804454979,7.6878534545198578,-6.5086273541887865,-3.277683905881378,0.6606667370210138,0.3051149766294621,0.325,True,5
0.20487606759011726,0.97299212662131207,0.1063584433025698,-0.97602212626810392,0.21125055447046875,-0.052478683967951405,-0.07352962643654859,-0.093056567575081378,0.99294202714319901,-9.2557035474531144,2.3137469870215379,-1.2344958164013606,0.2144257324649924,0.157812321370308,0.5,True,6
-0.87458044036988314,0.48238796666438705,0.049100946424890532,-0.48455353999704448,-0.86578023226331802,-0.12502982163631185,-0.017802252631460992,-0.13314067387343947,0.99093725369559738,3.7442762115970933,-5.9462191120846812,-3.1934665088939038,0.286421706875415,0.2664954191909275,0.9894957983193278,True,5
-0.98033293259359811,0.19413985990849922,0.035454986491944063,-0.19701117312985303,-0.97325844098038417,-0.11812960984626492,0.011573198971530523,-0.12279137532880746,0.99236502316961239,13.52588215381305,-12.982725139298246,-4.526132972433297,0.276213125708167,0.2485924253800787,1.0,True,4
-0.77189551825309033,0.63446498712049115,0.04039169492592224,-0.63490831130252745,-0.76604982381781161,-0.10029508296857298,-0.032691667742198706,-0.10306234786232749,0.99413751931678895,-8.8913710587947143,-2.4482432997682397,-2.0167482417541138,0.3042960949576643,0.2769676230219343,1.0,True,5
-0.94820267898197153,0.29959913411583833,0.10560321211238463,-0.31620963280272374,-0.85837908759601023,-0.40397624942638483,-0.030383345671272141,-0.41644411487603228,0.90865348262741985,-15.184165143674509,-4.7441425743253172,-2.0315552227232168,,0.3361953252875091,0.2857142857142857,False,5
-0.16139052363364154,-0.9846552767625677,-0.066385878203805343,0.98345082656921035,-0.15485227275666685,-0.094049164496193355,0.082326001977480995,-0.080465890697402412,0.99335173520393949,4.5190719216333672,-13.6150562325543,-4.6083450122284386,,0.1631946350277245,0.4782608695652174,False,4
-0.97052283170004672,-0.24053115186311322,-0.015172281711310055,0.23586311252230394,-0.93497638930256999,-0.26492969557605378,0.04953811966773003,-0.2606988999403978,0.9641483590556239,-13.433005410930544,-20.199676528248101,-4.5449961593004673,,0.1898080226178759,0.3461538461538461,False,1
-0.859366142800008,0.50818249843255703,0.05692434361397198,-0.51110365439854188,-0.85006589213406614,-0.12712605354832257,-0.016213792569700361,-0.13834206633254853,0.99025177889936089,13.72730256830507,4.0529709910440381,-1.9613002156626547,0.2855070257118082,0.2608087031233292,0.9603174603174603,True,5
-0.65745990369518259,0.7482426730833186,0.088765856106115953,-0.75096655294036052,-0.64106315443793205,-0.15838960946653236,-0.061609345054090811,-0.1707950063649939,0.98337854074755349,6.7198987418413862,22.304957563458977,0.78678116866507142,0.3415078631833738,0.3146244440235747,0.5,True,4
-0.95507212425049526,-0.29198349023454812,-0.050822031739181754,0.29624110650469188,-0.93538048946095198,-0.19314384989604327,0.0088568784863885183,-0.19952188192336456,0.97985334328012397,1.8019405194406968,-7.0153726693621419,-3.4078599108281309,,0.1897973718240231,0.3055555555555556,False,4
0.16102858533202613,0.98469182875639327,0.066721788692726741,-0.98241716275459989,0.1663939846023299,-0.084673255596804886,-0.094479167180752763,-0.051913815777209979,0.99417234054276615,24.047407291538594,1.5430234255532576,-2.7024438519345639,0.2397225837450907,0.2255187575201651,0.6896551724137931,True,4
-0.97588760965828381,-0.21718425358930377,0.021780112678736828,0.2130010098723667,-0.96936080636533373,-0.12235275589908841,0.047685879553525948,-0.11476335249375998,0.99224766556318988,21.094509764065975,11.952104725541194,-1.282041172884695,,0.2132972224628702,0.7647058823529411,False,1
-0.73056722660205775,0.67899945426486619,0.072327508756995562,-0.68015376715550446,-0.71421135227113197,-0.16520592395921699,-0.060517604373895355,-0.1698878612351587,0.98360344355120566,-10.827080301928314,21.034864527914731,1.4465924764524538,0.295547077272536,0.2699126190045843,0.2307692307692308,True,2
0.0070163773055234224,-0.98107728876540157,-0.19348933799627352,0.99614586202601829,0.02377522836401608,-0.084428431731733936,0.087431070094948021,-0.19215122165879811,0.97746289750408633,-22.294324969044155,2.8214595611926963,-0.67338796247244348,,0.2128625504021861,0.2173913043478261,False,1
-0.867361666945342,-0.49767515499891762,0.0017829219275335845,0.49401590327393397,-0.86140699419887512,-0.11800965069729101,0.060266292620630463,-0.10147625555794251,0.99301084764049874,-8.4179230017402471,-3.518872098558476,-2.1718871891821476,,0.07139262615767167,0.1395348837209302,False,2
-0.7751790581419683,0.6193818745491515,0.12435240768923497,-0.63110843496768798,-0.7504407955513468,-0.19631799633476454,-0.028276688822525049,-0.23066145289631818,0.97262311458087047,-15.207435404579083,-13.975872712904755,-3.3470861786371806,,0.2079982750057277,0.1538461538461539,False,2
-0.0241645895872502,0.94037585645592303,0.33927764619094675,-0.99592367295434614,0.0068570410133113463,-0.0899389717400981,-0.086902878313690826,-0.34006797788579168,0.93637687933730218,-11.47033011328433,-9.0189696049393699,-2.8851573606426482,,0.2570785745080758,0.25,False,1
-0.65925655699888086,0.74566961809865906,0.096734754347033006,-0.75054328309871676,-0.64480666692839372,-0.1445999394194005,-0.045448567077306309,-0.16793207832125076,0.98475034644387127,-22.371885422103983,18.641318418222436,1.5866279825522815,,0.3076278012962136,0.8064516129032258,True,2
-0.43263214501479769,0.89721259751560933,0.088538025498583389,-0.89913153697259474,-0.4221575261898291,-0.11552273500303833,-0.066271459325969465,-0.12958617958940066,0.98935105788503064,-8.8945874356478924,-25.624315919318327,-5.8430978219105301,,0.09656500216517463,0.2142857142857143,False,1
0.42844735781039517,0.89542469572997407,0.12102675680268279,-0.89889220460411767,0.435997065713009,-0.043581684129871415,-0.091791427090121544,-0.090117550824079254,0.99169206961951128,8.0149257452093678,-11.647421267523095,-4.2492304060025878,,0.2046918310342554,0.2692307692307692,False,1
0.99949498432917538,-0.006836137727630821,0.031032942525499544,0.0036746866914506666,0.9948988965727622,0.10081012982840697,-0.031563792207872768,-0.10064518279217084,0.99442157770343542,-13.919234817152422,-2.7614306888824034,-1.7784226931242264,,0.1766659611659779,0.5,False,3
-0.98949341923610057,0.13811001291023689,0.042759766397691731,-0.14271164900709335,-0.98039289878166302,-0.13587917153178489,0.023155097195372648,-0.1405538628157271,0.98980222929707073,22.134452014365948,-12.538633445585443,-4.5374017989322866,0.3291274098575935,0.2278641529757488,0.7045454545454546,True,3
-0.9958057349416658,-0.086467602125318579,0.029904716015834581,0.082949709195034735,-0.99114657477331936,-0.10367165986699105,0.038604196685713577,-0.10075624594939779,0.99416190577814667,26.94724943995266,3.0377658460201986,-2.6427303071458192,0.2190376856356993,0.1880713782559803,0.3181818181818182,True,3
-0.97899889057136269,0.1846118870493253,0.086484816124730884,-0.19926047112328077,-0.95617193052083915,-0.21454720676760106,0.04308638889219514,-0.22727448260669036,0.97287711076378602,11.705269019514855,-15.822190414215386,-4.9907119143130139,,0.2665916918439373,0.2727272727272727,False,3
0.19411284052925853,0.97563362746207927,0.10227037746507225,-0.97668526455657034,0.2019538153923949,-0.072804879276857026,-0.091684781396510526,-0.085753608749953886,0.99208881630962586,-19.960368399190369,-10.025700637598383,-2.5205340174031035,,0.08542595922690865,0.2083333333333333,False,1
-0.66258071452812695,0.6874186710838307,0.29739261487255442,-0.74756942985966957,-0.58251097437203248,-0.31909389256993342,-0.046116637720932045,-0.43374708688529995,0.89985372163692856,-9.9133839002539155,8.8948792392673059,-0.18787893900181901,,0.5102080939465764,0.2173913043478261,False,1
-0.18288113988670607,0.97692370078220203,0.11033844082523886,-0.97974555447282297,-0.17178782404322523,-0.10289602519647358,-0.08156676507302775,-0.12692133926373281,0.98855340598018326,-8.5935596181832477,3.5523389568328776,-1.1165396254972657,,0.07513563104206998,0.2222222222222222,False,3
-0.99760445768227723,-0.064402347895014908,0.02525239786752962,0.059303867755113135,-0.98415290675441658,-0.16711106305722934,0.035614565583965758,-0.16521317657028056,0.98561463514186098,15.688730522413335,15.543274620932639,-0.55048949927846236,0.2546545934299305,0.2139919823912203,0.6,True,3
-0.99936105519928964,0.0055102719015354667,0.035314561508438896,-0.0098477325737611685,-0.99225153252524045,-0.12385442408112331,0.034358456224310302,-0.12412305629850649,0.99167180225163176,23.496564746941875,-3.2050758820904339,-3.3554161774072804,0.2781532268940724,0.268414800496634,1.0,True,2
-0.18853837821920241,0.9803292742713704,0.058376313218984795,-0.97877709469723728,-0.18271412429859835,-0.092795192105146362,-0.08030366638272303,-0.074632853277657507,0.99397246359098279,12.303085466739599,17.992572966077152,-0.14679505246429284,0.3652465349197318,0.2688265221068264,1.0,True,2
0.74090799801922103,0.6690965000505692,0.058010448121267245,-0.66797669486184841,0.74311772339580962,-0.039789248503475122,-0.069731439054364325,-0.0092694549520997635,0.99752273338119968,-0.85467399213805406,26.643489680259346,1.7674621503917234,,0.2581193568523382,0.6,False,2
0.66359913932541481,0.7414372220492762,0.099534054707024172,-0.74323959066813194,0.66856033088532107,-0.024939824176942724,-0.085035834505435517,-0.057427604219241764,0.99472155758463476,-16.948342832121853,-23.510936162460883,-4.6070358677679639,,0.2411379411355588,0.5185185185185185,False,2
-0.90776371939796285,0.41754967740029786,0.04021562690901085,-0.41936984720760923,-0.90112582893339299,-0.11000532569913338,-0.0096933481235293301,-0.11672406492241968,0.99311707853109832,0.58084253131493502,-1.776910382461506,-2.2047438821616656,,0.3227324775357332,0.9670079635949943,False,2
0.33393713804191821,-0.88550891465273551,-0.32304790651992543,0.93978175699505684,0.33923710097035514,0.041574493917690247,0.072775250296071126,-0.31747779669728504,0.94546899026281161,-8.0794882437515625,2.7403417523576383,-1.269149401963106,,0.5816878999090367,0.3232628398791541,False,1
0.71701992031924544,-0.69621475227513985,-0.034168005207336358,0.69590652994687119,0.71779024740459263,-0.022164437916580085,0.039956669564504881,-0.0078853944301769813,0.99917029835358573,-13.638199303556233,-19.405745073649449,-4.3935664228201974,,0.2012354031887559,0.1363636363636364,False,1
-0.029142038386219191,-0.99647574483754819,-0.078656414545477046,0.99565331566633475,-0.021973804587528442,-0.09050760694318942,0.088460254359400761,-0.080952096096413212,0.99278474078536638,18.308622975344775,-15.022473568667744,-4.8994130640697282,,0.1432579614779843,0.3461538461538461,False,1
-0.74720639297404945,0.64469521563173982,0.16140224670138642,-0.66360437103155623,-0.71052347757004819,-0.23406329607518067,-0.036219401520776393,-0.28200082759330636,0.95873024787484784,-20.807565448387503,-2.7824317203335185,-1.4725766175747073,,0.1534102769152907,0.2727272727272727,False,1
