axis_00,axis_01,axis_02,axis_10,axis_11,axis_12,axis_20,axis_21,axis_22,location_x,location_y,location_z,dbh,dbh_approximation,score,reconstructed,number_clusters
-0.030504799002500443,-0.99827497887391703,-0.050164965783880473,0.99587771123042557,-0.026065672183410063,-0.086880176151274274,0.085422722458760897,-0.052608433619599951,0.99495492923037776,-2.0985224160375249,-21.011373225318437,-3.5488078184427239,0.2131479515048386,0.1911238591376332,0.5769230769230769,True,5
-0.21099779612338568,-0.97721835427472947,-0.022895809652956171,0.97360729527904122,-0.20801805702763859,-0.093900599198711729,0.086998647176293437,-0.04210434679503193,0.99531827038915532,-11.361961432208458,-13.060333697041152,-3.5348269351353085,0.2922509830384092,0.2343902108686829,0.9120879120879121,True,5
-0.21596363496959853,-0.97619243903095954,-0.020199761124897526,0.97317564373965793,-0.21352382470301726,-0.08565478805120412,0.079302426208909468,-0.038156234916198059,0.99612008660321649,0.38020316639313595,-21.773238740554653,-3.4813872708433071,0.1479288234654422,0.2084194767984579,0.9454545454545454,True,5
0.61211313293338665,-0.79043107595466799,-0.023156568304037999,0.78808768427341946,0.61218504987345335,-0.064399274902724013,0.065079293074166142,0.021170235628896261,0.99765550503988309,4.0266316695794959,1.7206107909443629,-1.7612411685553586,,0.2606792886452343,0.9644444444444444,False,5
-0.54559462822078786,-0.83757395134343482,-0.028220164555960596,0.83493048215093202,-0.54035358258122412,-0.10444661682815856,0.0722328985423695,-0.080547388676365114,0.99413003502840935,6.6799172632865522,8.0831964402739835,-1.2715718613036495,,0.1837929113004574,0.8347826086956521,False,5
-0.022194733111415177,-0.9920803226055771,-0.1236285861802478,0.99513825730951022,-0.010054156124347563,-0.097973275864485579,0.095954378019475484,-0.12520202651491369,0.98748023266061125,7.2833380994448538,-10.802275189224558,-2.5124588762849251,,0.208048940104834,0.8181818181818182,False,6
0.21999911214675716,-0.97422997223677676,-0.049762956605972956,0.97197246146832961,0.22325253268190245,-0.073673881384877737,0.082885009512188093,-0.032160034929170599,0.99604006312573579,-16.940359683790742,8.5073747117304936,-2.2749149211520523,0.2994522581033321,0.2649738027722505,0.9873417721518988,True,5
0.71019112872590728,-0.70334613073061325,-0.030541464688153577,0.70104855928527543,0.71051320170527232,-0.060843304697918398,0.064494016800493145,0.02179932542073679,0.99767996432129458,-15.941141071422464,3.7047182840789272,-2.5280306067188238,0.2686335996411344,0.2554916269148477,0.8372093023255814,True,5
0.29990495956094781,-0.95197823903056145,-0.061599088004746297,0.950201757620597,0.30383011240906377,-0.069310046950086607,0.084697314275446897,-0.037745134862202656,0.99569155351883942,1.2834888211094901,-19.614231774387701,-3.2658903024453765,0.2623103043306516,0.1710780621663531,0.7083333333333334,True,5
0.20468140088840184,-0.97852437354234589,-0.024404395381213861,0.97501602100972617,0.2060191956247549,-0.083065334577623176,0.086309228386800191,-0.006792747433127546,0.99624523872266868,-8.7653940751862827,9.6656004399925184,-1.8749051406945312,0.2844623706255677,0.2656002576698649,0.8240740740740741,True,5
0.85413716114496241,-0.51899223808614514,-0.033117469069355733,0.51746759849317026,0.8545100203538708,-0.0451653586783076,0.051739679752942178,0.0214401940560923,0.99843043003401177,-22.479366678029528,4.3266004547650132,-2.7179429300028777,0.1938460255294443,0.2247237302569378,0.6086956521739131,True,5
-0.97614309265509447,-0.21686739100553357,-0.010639425745857628,0.21632698987107937,-0.96716707354186982,-0.13338097806574331,0.018635882460096908,-0.13250051537601418,0.99100772817875904,8.269112212563094,-23.771312530261266,-3.4745001148526349,0.1482466160257397,0.2437724934153282,0.9384615384615385,True,2
-0.13207415463104011,-0.99101204984001745,-0.021249347057810286,0.98745116841644753,-0.12966661792069911,-0.090148534042439124,0.086582952545460765,-0.032888984005204028,0.99570161547504632,6.174181961299757,-9.2972450303175496,-2.4173831309944807,0.2243373503780033,0.2116782277569298,0.9644268774703557,True,5
-0.12326767843257826,-0.98995855009821809,-0.069189222724904242,0.9885872692416463,-0.11641402119645367,-0.095618966540204908,0.086604217837168138,-0.080186312774098573,0.9930105058339046,-12.276440809931398,-20.075360401554981,-4.0416598751517308,,0.0849639869038835,0.2,False,1
0.035171143266172607,-0.99703375466371458,-0.068459351023269069,0.99457901336815568,0.041627294969557985,-0.095287745702921409,0.097854876470095054,-0.064736854840919095,0.99309292756334222,-17.509453225788185,-11.057245111528777,-3.6279628511260853,,0.2215835894997257,0.8727272727272727,False,5
-0.43946786588561065,-0.89774166218912643,-0.030461497400008655,0.89513471809493272,-0.43486215594944855,-0.098126152396302679,0.074845382723664061,-0.070390434669075644,0.99470767333525989,12.033325042356754,-13.898476237077558,-2.6592185505711039,,0.1491097961424806,0.8,True,5
0.017925535429754641,0.95923105820448851,0.28205398801551468,-0.99501009069730895,0.044807174022094727,-0.089147274589237518,-0.098150876664917328,-0.27904855156773922,0.95524777480916301,5.1671831196760891,3.7415700611350817,-1.6160822243741699,,0.2527964654821452,0.2333333333333333,False,3
-0.99323413778302772,0.1161165792936579,0.0016992808905071377,-0.11563804031308232,-0.98758491633023726,-0.10631969088342827,-0.010667294640869728,-0.10579684801607965,0.99433054653616426,14.719899674871916,-7.7256657322806239,-2.1613363561352243,0.1520588880600468,0.174870484497751,0.8970588235294118,True,5
0.11353343782319276,0.99049862052080406,0.077605677900723466,-0.9894056575941923,0.11982966527802082,-0.081959112000807979,-0.09047984978242804,-0.067478397030020565,0.99360961283474269,23.906996210957772,-10.132916114919025,-2.199694487887375,,0.1989252288675517,0.28,False,2
-0.87659514013044693,0.47915652115554652,0.044609287528466074,-0.47920606522716985,-0.86066244396021352,-0.17210957151166029,-0.044073885115525416,-0.17224745510615871,0.98406722679920433,6.5850719274021747,10.415382634500245,-1.1619854636877476,,0.2571176103287771,0.4893617021276596,False,1
0.90306976129737804,-0.42889837084865939,-0.022609593398867849,0.42766409131932837,0.90282964114954978,-0.04474443046668615,0.039603424426549905,0.030738030924911126,0.99874258056245391,-9.3802347637952437,-23.315404269889363,-4.0982757447180358,,0.1244685664945498,0.25,False,1
0.80752451996216867,-0.58917816412072688,-0.027807203800452509,0.58742065800303656,0.80758658986976062,-0.052353322853585474,0.05330215953551605,0.02594206595207969,0.99824139816128121,-6.7293678072262653,12.86094279562597,-1.5999747295781901,0.257568019353871,0.2336358224700634,0.9186046511627907,True,6
0.96362650653781667,-0.26713177399043453,-0.0080356220945178129,0.26601119331780665,0.96161141875650757,-0.067390832809314516,0.025729378681945372,0.062802027370300259,0.99769429407550525,-0.10343068912649769,7.9462436904186386,-1.6176294400442748,0.2687871476948461,0.242691793390711,0.9525862068965517,True,5
0.76344273745608715,-0.64563059497235953,-0.01778542833881239,0.64329454151875642,0.7625629132237014,-0.068336931654538025,0.057682921889680952,0.040730065202759014,0.99750375553721615,16.837817660178132,-8.2083896546147965,-2.1556099669195405,,0.2545660264762333,0.9036144578313253,True,5
0.99514284449202028,-0.086201803425331874,-0.047539122231608964,0.09664076517255471,0.94741653880248533,0.30506141104764944,0.01874250685459539,-0.30817389748280138,0.95114539758496774,-12.444404500574038,-9.2886031770772455,-3.339740354703352,,0.3497355511266291,0.3723404255319149,False,3
-0.33290576339416206,-0.94282439206725865,-0.015997450482946908,0.9394042575181325,-0.33013073535063808,-0.092376071217892722,0.081813163095900809,-0.045780599601261879,0.99559567247170822,2.7625691273288266,-20.360713960767491,-3.2734148278525481,,0.09782299882068363,0.5172413793103449,False,1
-0.24259807553710733,-0.95252678547446801,-0.18395351776840463,0.9571749092946531,-0.20413554613123977,-0.2052921621067772,0.15799483144225568,-0.2258791751343609,0.96125763012740562,-13.046874598645362,-11.302611725246841,-3.4581229893348002,,0.254237749808671,0.2941176470588235,False,5
-0.049357965112468372,0.99474707367594994,0.089677481527368666,-0.99493673478034295,-0.041099116757111254,-0.091715627819996273,-0.087548187100516803,-0.093750317412372247,0.99173897418650103,-2.5531373064028902,-13.84150435900907,-3.1581456395931169,,0.133666116107488,0.647887323943662,False,1
0.28439689984090577,-0.95578772428416414,-0.074754461195164046,0.95530018512996162,0.28909090243213298,-0.061870885088508083,0.080746267105930067,-0.053817062709446126,0.99528074637751562,25.430888282497506,-7.6309353703482028,-1.9575031829532465,,0.2021288559253614,0.4583333333333333,True,2
0.30074759377245597,-0.95232534415715542,-0.051257425959896866,0.95000534573759232,0.30387697414046139,-0.071753938269870976,0.083909045460408324,-0.027115004392289806,0.996104436606288,-4.7310732991296778,2.0346347071042774,-2.2262232911168156,0.2955289654053365,0.2606363050130874,0.9067164179104478,True,5
-0.23720581034353228,-0.97077950323268469,-0.036339505260366882,0.96773503727443821,-0.23285862035788632,-0.096258820668351855,0.084984123050769605,-0.058000164037024987,0.99469275648361299,2.7508027850651398,-18.340241690179795,-3.1777645157644518,0.3336932643022414,0.2862139402931733,0.868421052631579,True,5
0.69209797079254975,-0.72126994966650015,-0.027749928520991604,0.71891728396254384,0.69225550824231141,-0.062771411710262043,0.064485173836742696,0.023494063425990041,0.99764206574250958,-2.1726252034833857,5.9946403429131205,-1.853660407154887,0.2871292387219641,0.2594031685391528,0.9300291545189504,True,5
-0.95083069186212488,-0.30968231865838491,-0.0042257453021486077,0.30871503223145391,-0.94659091119530281,-0.093062751500145841,0.024819836569254152,-0.089791471492631433,0.99565127798836439,6.9260692327698656,-22.070202516639082,-3.3488569728862836,0.1585786903173135,0.2045864946498313,0.5483870967741935,True,2
0.96874305190499366,-0.24779853932152249,-0.011523163451046189,0.2469765301685197,0.96779548413858474,-0.048728784377222605,0.023226987142502466,0.044359720367506912,0.99874557434674016,-0.74166950528354547,-12.022126392832917,-2.9407878531017047,0.1616599181519484,0.1082718845874343,0.4545454545454545,True,5
-0.6712384604672782,0.74104460870459488,0.017082654927540672,-0.73833417431332349,-0.66638899223669712,-0.10386702107417645,-0.065586402787333881,-0.082332247240157669,0.99444448051854806,13.574804874015044,-8.3770508308960991,-2.2195889717320574,,0.2120244275086295,0.8125,True,5
0.89013133260461286,-0.45411228522600022,-0.038055789603632192,0.45564664066237903,0.8882361517870313,0.058503653831663435,0.007235300175179666,-0.069415928038066801,0.99756156670452634,8.1045313464388009,3.8482922783829605,-1.4955778182079456,0.6471420977675459,0.3886860656829216,0.2142857142857143,True,5
-0.98767786469515551,-0.15601783972532446,-0.012282885599954517,0.15607689410311179,-0.97619414878307831,-0.15061536113161925,0.011508202220357314,-0.15067653290783214,0.98851613224698109,1.7729791044131054,0.95815876806197564,-1.9066007080376568,,0.07425431424346719,0.1333333333333333,False,1
-0.60221828985199988,-0.79799778110147057,-0.023079703742943849,0.79526217569459889,-0.59711960551685173,-0.10491066969995186,0.069937138039998445,-0.081533539506933331,0.99421379926967712,-9.1830014947257368,-11.693005376335547,-3.3471195172221071,0.2214336103525436,0.2208647679297052,0.9711538461538461,True,5
-0.4257571981226933,-0.90381273257591865,-0.043050582810993665,0.89260674078161917,-0.41173023058245833,-0.18366116501790125,0.14827007303542633,-0.11662230343364142,0.98204644685671694,1.9520472719385853,-9.7877440431989058,-2.6169147343453871,0.5019230628111949,0.3943823728769928,0.8603603603603603,True,9
0.99044211527454906,-0.13643285708277064,-0.020260597195273605,0.13592339704127063,0.99041143813592114,-0.024698448256880473,0.023436007066860706,0.021708494138677262,0.99948961718218632,10.260359603406313,-9.5865392874321493,-2.3631350816850278,0.2137865872229494,0.2472636394540491,0.92,True,5
-0.19212756271981563,-0.9798934032008394,-0.053813734369789874,0.97755333272839806,-0.18626097828950014,-0.098469942816286515,0.086466648570114629,-0.071524585494201487,0.99368392980612186,-9.2600538232927949,-19.569649853341918,-3.8298627924820119,0.3073705582184259,0.2105607568102582,0.8888888888888888,True,5
0.93329982357191066,-0.35529266065828319,-0.052139856185066551,0.35716980313912844,0.93347776447830055,0.032388191523335427,0.037164109651620078,-0.048850675603864871,0.99811444255999504,-19.548523664835713,3.0882109148952606,-2.7026266829370424,,0.2160354307377888,0.1,False,2
0.57894889075812084,-0.81480483969051809,-0.03018700228328456,0.81282805374692624,0.57967028085437222,-0.057383974559085338,0.064255248283123442,0.0086855461038985032,0.99789569813530699,9.9880738557631741,11.454761966276019,-0.98237179430700383,,0.2665851274780987,0.9888888888888889,True,5
0.039724641684899219,0.96426765350083132,0.26193481107903011,-0.99328241915233439,0.066620853713062353,-0.09461341159386083,-0.10868297311857526,-0.25641675893463672,0.96043659712214424,4.4631301779808723,7.2133380898643331,-1.4157077544965473,,0.5071416940845918,0.3900709219858156,False,7
0.92295065734734649,-0.38250602398753136,-0.043025872627423328,0.38325497204897535,0.92358359520316868,0.010438825189122217,0.035745076609797213,-0.026124400181440258,0.99901942183989612,16.769067870653078,-16.763981391610063,-2.7962850279401583,,0.1336474934860191,0.2941176470588235,False,1
0.57376639372150329,-0.8183640130729718,-0.03274855024153181,0.81596923041177671,0.57462014770707315,-0.063292186487077531,0.0706140245067092,0.0095931202537552461,0.99745758385345051,-0.9484940746657522,-21.299712064043248,-3.4884119543778001,0.1959316584495863,0.1281509989248542,0.5,True,5
0.63841724514020004,-0.76947330893313037,-0.018282449154794156,0.76666515039724992,0.63783242837215393,-0.073446174054503377,0.068176009519190117,0.03287278747507337,0.99713159190232215,3.6688797321436342,11.041368964895465,-1.2062111288433373,0.2177214214736346,0.2274248265466103,0.9572649572649573,True,5
-0.99797747586423402,-0.043367371733328816,-0.046478260903307332,0.05762360674062101,-0.92589099291965316,-0.37337031105386748,-0.026841714063280245,-0.37529340561646257,0.92651734041352041,1.8249262996344056,1.3235419137933262,-1.863426911189886,,0.5877140249302775,0.2795454545454545,False,3
0.03100461878987066,-0.99919939327096019,-0.025284107669440052,0.99585784725597282,0.033044380597451205,-0.084706652452039524,0.085474333412987921,-0.022553079565235244,0.99608508518586392,-10.237324237934901,14.009989293068198,-1.7268144260585858,0.3055610928263734,0.2638898502972801,0.9315068493150684,True,5
0.99961038664087165,-0.027383324243341934,-0.0054063363815497374,0.02707748146000866,0.99836897447186479,-0.050261325189246933,0.006773840673454946,0.050095352732367746,0.99872146803658424,4.9253207544121622,-13.364885430764765,-2.7471532902634239,0.2029714928297714,0.1237070207634919,0.8032786885245902,True,5
0.45157939044309925,-0.89197335212348527,-0.021438125585750974,0.88867979361203475,0.45179381275672326,-0.078297989632003906,0.079525332773332374,0.016306129409966404,0.9966994690431793,-9.4227269955966193,-15.435601596851686,-3.6327727316388403,0.1950640860408089,0.2109032579143618,0.8636363636363636,True,5
0.68541202450765615,-0.72749650103545016,-0.030970916058365189,0.72605523812181749,0.68604475051931024,-0.046758865263917537,0.055264345252503677,0.009562492670615267,0.9984259666483728,5.5379939884649119,16.528317588538123,-0.72678970094096429,0.2726812736494838,0.2214034436752139,0.9841269841269841,True,3
0.97109128607555084,-0.22318921136185182,-0.084665754823357878,0.233348357697993,0.96231002719249192,0.13967088287984913,0.05030167062617124,-0.15538979212439175,0.98657171783695297,3.8175911034357721,8.6975474556843135,-1.3320771678638625,,0.5858254054530323,0.2685185185185185,False,8
-0.89799531875918837,-0.43977464915734416,-0.014236061432815087,0.43841088439853337,-0.89152187612286604,-0.1139501682107639,0.037420635049125364,-0.10856796190820037,0.99338446420286863,4.105203737944473,-12.172390570393388,-2.685088899424982,,0.1693513819924186,0.569620253164557,False,3
0.98940840827534926,-0.1370731050702936,-0.04776992254997714,0.14340903857237647,0.97397615059959564,0.17551155437447308,0.022468851545844822,-0.18050324631314865,0.98331771507515764,6.6608299296743141,7.0033545971922191,-1.3551248492293044,,0.2281749466254103,0.2142857142857143,False,3
0.4587508844798433,-0.88807141017440216,-0.029610748383150341,0.88498976134647522,0.45963767460500893,-0.07433929240724213,0.079628815769612005,0.0078980069985333107,0.99679329511417802,-11.696268751936568,-16.499425846791588,-3.7409265322632153,0.2719579232584452,0.2703019015779013,0.9655172413793104,True,5
0.53317196972540382,-0.84547377581663175,-0.03002907100631164,0.8427059468518513,0.53388947714812618,-0.069344886841256059,0.074661488330057479,0.011667073192082406,0.99714068293469627,-4.3524643689326137,-13.851813398378219,-3.2172434623050759,0.3188659881173962,0.2449507817877866,0.9924812030075187,True,5
-0.34822385495809727,-0.93724975864423821,-0.017407951040827749,0.93369690860322807,-0.34513267413273979,-0.095359950245162625,0.083368037657712515,-0.049460359554920091,0.99529063249374616,16.818877577853087,-11.156022821655174,-2.4050280771504595,,0.2625423679961553,1.0,True,5
-0.20677156749679446,-0.97825261048093792,-0.01635080922000573,0.97494363582639465,-0.20461328181776348,-0.087282941434025041,0.082039172573408328,-0.033988748005700398,0.99604936583106962,12.60719383106786,-10.710377497242005,-2.4326714319768419,,0.1365241752641971,0.574468085106383,True,5
0.49041119446787279,0.84129360733891978,0.22742455142587706,-0.86599858083305992,0.4996868681582185,0.018960268599294963,-0.097689909078268453,-0.2062476667526168,0.9736111038928128,9.4611287464140013,1.993610740635261,-1.5607705671882746,0.8753815904235607,0.5859440461147122,0.4521739130434783,True,7
-0.96573092788344583,-0.24600652427598629,-0.082731885890674081,0.25816955358429144,-0.87772632014716634,-0.40366445040776383,0.02668813465693361,-0.41119009829343273,0.91115884813460002,-3.3276953928746975,-10.398810387876248,-2.9903974365328319,,0.4285797801859841,0.2709163346613546,False,3
-0.051193925394815432,-0.99706540448745251,-0.056918899997668276,0.99486234394281048,-0.045930583645323812,-0.090218058561571182,0.087338986754422851,-0.061245086825592779,0.99429419224515148,16.529262795909304,3.1918264667250278,-1.3196563473966707,,0.2710512458227479,0.967741935483871,True,3
0.72199582158313136,-0.69161817078345722,-0.019655519800911351,0.68907270953750954,0.72132239997099157,-0.069805417201849351,0.062456661671389843,0.036855137257020318,0.99736696570050509,1.1290991045752083,19.144323221202498,-0.83310993959436896,0.3646482930486664,0.3003623067952826,0.9625,True,5
0.37315575150074443,-0.92643640847140007,-0.049702778398486844,0.92416442749875383,0.37588992409226629,-0.068021143123389666,0.081700037134734116,-0.020551058963586808,0.99644506015517964,-16.406009220982948,13.762950541867921,-1.9229911423316033,0.2513641599663885,0.2560769431451331,0.9615384615384616,True,5
0.35057193551923399,0.93321251393236571,0.078827164520441279,-0.93304905266255578,0.35528359224582895,-0.05650694122324746,-0.080738982850950533,-0.053739863424967733,0.99528550864928222,-2.2629149058923903,-13.878185949038981,-3.1377911820444373,,0.1178856007755078,0.4032258064516129,False,5
0.044637162386339385,0.97331458460593745,0.22509163273535446,-0.99517632295782343,0.06302580848353119,-0.075178678421106648,-0.087359086294686542,-0.22065010051746942,0.97143292263716763,-22.753652157883923,4.3543098165050633,-2.7438435756225852,,0.5004660685973538,0.3421052631578947,False,1
-0.13501587122706521,-0.99020159295434818,-0.035658376680221697,0.9873791095308011,-0.13144989772469193,-0.088336959707311605,0.082784108251280325,-0.047135227790264009,0.9954521895712527,16.264151784968853,-9.2426775765510065,-2.2639100243955181,,0.1735816177065863,0.9076923076923077,True,5
0.87215301695173786,-0.48846563010823774,-0.027394218823416736,0.48686736020787397,0.87207380071015306,-0.049471806912283714,0.048055057862824366,0.029809634649088312,0.99839976817700138,-9.7679836376759805,-21.836193116755233,-4.0054493371626156,0.2632013439993379,0.2301789862835793,0.1764705882352941,True,4
0.22334023387907939,-0.97422418893314855,-0.031723329402632582,0.97094584823356167,0.22522187934873328,-0.080865721171798896,0.085926129488349726,-0.012741065896321789,0.99622003870178122,-2.0950120806950623,-15.901904569649417,-3.2284084709502556,0.1969952760794695,0.1963481499348908,0.9302325581395349,True,5
0.39322646719664273,-0.91909957872015469,-0.025078075932650403,0.91584493413939805,0.39395268885220225,-0.07764879623872871,0.081246551356049954,0.0075659330261462279,0.99666531722047735,3.507346639035589,6.6868397164335995,-1.4843293633690131,0.2480532054695985,0.2327923858096191,0.9798994974874372,True,5
0.76316569843970372,-0.64541836655231,-0.031831569895132153,0.64315321307262785,0.76342201410338806,-0.059504393927532873,0.062706149932807986,0.0249391358967367,0.99772039082166208,12.622589058913498,4.3143935370423829,-1.3552193745190397,,0.2473770626489465,0.7142857142857143,False,5
0.73923526541975293,-0.67308951825976515,-0.021948183720413177,0.67070542540088429,0.7387723777976819,-0.066102996459904681,0.0607079459181942,0.034144900234102146,0.99757138646334342,5.180739368138263,-9.905491386834596,-2.4770902898786669,0.2449134684323362,0.2348535668047201,0.9356060606060606,True,5
0.62514392339184732,-0.78009128729401134,-0.025547182510430984,0.7773284473515587,0.62521459855624939,-0.069765254175443603,0.070395738395618024,0.023754772996626063,0.99723625624804479,-11.757981944658338,3.1618193634673877,-2.4900959973240506,0.2816348232948746,0.2274364365002385,0.9844961240310077,True,5
0.65535328826222117,-0.75525176190909571,-0.010336522485881544,0.7527247404872992,0.65417220605940118,-0.073920158804652608,0.062590195895385781,0.040663262935768357,0.99721059281637925,3.5299246712344399,-15.970858171729224,-2.9797800286963971,0.1951632123939965,0.2456254960388943,0.9615384615384616,True,5
0.6142690180596897,-0.78867194376866845,-0.025887034672484401,0.78790222540879851,0.61481342131919181,-0.034850253394383392,0.043401113440177684,0.0010109787040140893,0.99905721621647525,-7.7763099673241269,-20.88551585490114,-3.8242646222671488,,0.2798224581321021,0.8266666666666667,True,5
-0.86417299294199545,-0.47419125457998812,-0.16836772953725765,0.50280274458971419,-0.80052235416298267,-0.32611862951755394,0.019860470858593455,-0.36647866863599821,0.93021446297725463,-9.6569186792064254,-9.2306509244139576,-3.2479873013025524,,0.4768974458915863,0.3263888888888889,False,4
-0.97750517500260603,-0.20612641908903725,-0.044671380062144925,0.21081159055400406,-0.94835965278845236,-0.23700726202177577,0.0064889237333290821,-0.24109306982262751,0.9704803066277472,6.93874785471988,5.6243188856733255,-1.4479127712647641,,0.3171468072460285,0.2066115702479339,False,5
-0.79896871030127792,0.59744560907061517,0.068613002862088032,-0.59879592200303788,-0.77980003283142907,-0.18263447809390443,-0.055609745117587525,-0.18700441972943513,0.98078382085432725,6.9426634321818206,10.291300259239156,-1.1505246775436733,,0.1283190705850946,0.3928571428571428,False,2
0.063243766124074022,-0.99773930129621047,-0.022726915659473768,0.99437125778262048,0.064937272571743046,-0.083719485944147548,0.085006045327685978,-0.017304256120751101,0.99623016164832845,1.9752888854410098,-25.382315214944267,-3.7130272713303416,,0.2187928600212114,0.7777777777777778,False,2
0.18592113807137237,-0.98189345692241381,-0.036312114661614985,0.97912264823027551,0.1882339336365664,-0.076725653794787088,0.082171589620613619,-0.02128909299752494,0.99639078898721523,8.0384923315325487,-8.3155618950294627,-2.331394503175706,0.1507964839447833,0.1368902734600659,0.8461538461538461,True,5
0.062716901562845082,-0.99755502424912657,-0.030831215572538859,0.994235671205845,0.065140225265075111,-0.08515973904538271,0.086959877876057357,-0.025312539338028434,0.99589018219482495,-12.347261655707396,7.5309385852139821,-2.2020372668543469,0.2504477572147688,0.2387794989548249,0.9130434782608695,True,5
-0.64693019711887856,0.76239599913163081,0.015285959695542656,-0.75898078935550617,-0.64183640022025468,-0.10951802016837477,-0.073685015064287082,-0.082452264131375366,0.99386726613496446,-19.817008998943191,14.778798438548138,-1.9860773411504649,,0.1911391344877456,0.3793103448275862,False,3
-0.3802026312297424,-0.90829299010163611,-0.17449872016209866,0.92141534479409304,-0.35559718029046516,-0.15666654954856918,0.080247875884438824,-0.22035083276833881,0.97211408225286844,-13.369985801641123,-8.363862887615829,-3.3331373035398513,,0.514949275663966,0.2987012987012987,False,2
-0.638362148297689,-0.76201473223929128,-0.10875346188072262,0.767020586283779,-0.6178715477396528,-0.17295713547204444,0.06460021546131732,-0.19382543265549101,0.97890679526616031,-11.809767592847825,-21.632480715076277,-4.0814389610289981,,0.161758590066188,0.4814814814814815,False,2
-0.14462744896716359,-0.98924683192954055,-0.021762502673605983,0.98460718809415559,-0.1416980884324098,-0.10232466412318363,0.098140644783758529,-0.036226471701908604,0.9945129745706992,14.569027663814289,-12.770529084143796,-2.5279759883731816,,0.1701915922122064,0.12,True,4
-0.75353302647401821,-0.65642481778641781,-0.035978279655587246,0.65611130661498374,-0.74747898655137091,-0.10388993212104546,0.041302921747580434,-0.10189025104593827,0.99393784785413519,-21.926151222831454,-10.73314415084632,-3.7760951935534832,,0.1926003802327799,0.9444444444444444,False,2
0.85305062078802285,-0.51851532555504998,-0.058706861078671291,0.51945967883452993,0.85449441245742119,0.00097012585522771033,0.049661659640985886,-0.031323413664354434,0.99827479349030745,2.3753090199815872,26.987571770539603,-0.29447180603959572,,0.254869543642958,0.926829268292683,False,2
0.017513360758850842,-0.99913254728388023,-0.03778141279723185,0.99559780102405415,0.020906375856971804,-0.091367073087602765,0.092077688888235365,-0.036014946988042598,0.9951003079099362,6.307333859558323,-17.587894510169406,-3.0501186327688616,0.1539966150799432,0.1393825802700314,0.4482758620689655,True,4
-0.43967473367729037,-0.8874248880990212,-0.13843119788632965,0.89412948711217488,-0.41789301001675438,-0.16092822143942598,0.084962278937913763,-0.19453148886896748,0.97720975793127463,5.179558913658977,5.5265421726876562,-1.5276521278233146,,0.3922540886326682,0.25,False,3
0.9224940682822993,-0.38578465658958927,-0.013224701283073561,0.38434386459848413,0.92115100721625021,-0.061323858733704072,0.03583975068936774,0.051488063126726616,0.99803030596569764,22.492907166974828,3.8363569321110162,-1.1696241193540282,,0.2764081546816557,0.9607843137254902,True,1
-0.95371541734446275,-0.27963161485540244,-0.11060317668510738,0.30000162769191979,-0.85952853181981104,-0.41377497069044528,0.020637977170158545,-0.42780470189216013,0.90363555205474533,-11.499065470164229,-9.361273416940513,-3.3171357476719057,,0.2485100921969602,0.25,False,3
-0.95933617192465737,-0.26458421184739878,-0.098332619603235916,0.28182966182744323,-0.87848753315699435,-0.38578711202160182,0.015689198551007803,-0.39781258015405907,0.91733254609219972,6.2646483485836075,5.6815187340996429,-1.4798355669550747,,0.3349349899485155,0.2258064516129032,False,4
0.78979275084054434,-0.61224332031258133,-0.037222673901160429,0.61085601600895068,0.79059400705370497,-0.042615064430782425,0.055518811455208615,0.01091937467957152,0.99839793110322927,5.0581229132373577,-21.598680352932266,-3.2999199620064292,0.1761438813387768,0.1588453614960248,0.6538461538461539,True,3
-0.65265394474884753,-0.73062572152235894,-0.20057139241103622,0.75625997786429389,-0.61214622614619008,-0.23097152139533703,0.045974713533282571,-0.30242859134829025,0.95206264124301354,-27.975183228446433,-8.8391800944517165,-3.9100145095622461,,0.1912402090994671,0.25,False,2
-0.959606227091786,-0.27939871064167654,-0.033049196940854494,0.28134592217302357,-0.95321125135362639,-0.11060190942956016,-0.00060083548309772597,-0.11543253780725032,0.99331514043232993,-3.4040251005758204,10.110045317609115,-1.6542792096345822,0.2201755201271504,0.215361221168726,0.4444444444444444,True,3
0.69957294205085341,0.71300340487473945,0.047157643996942278,-0.71195237213678697,0.70113351145577063,-0.039186973888063824,-0.061004250336484295,-0.0061598498950623769,0.99811849882173542,7.0520361075187479,-27.773737072838838,-3.8161942715726873,,0.09116790422083253,0.3333333333333333,False,1
-0.14385167527347734,-0.98219708568816477,-0.12081216986169159,0.98582772282153741,-0.13158319189914136,-0.10406519363426101,0.086315678978483065,-0.13406993874582743,0.98720557893843697,11.912862799240424,-19.16669401089192,-3.0561709177103964,,0.08170408322025996,0.1764705882352941,False,1
-0.56138445497415068,-0.7963492022925992,-0.22511206480621732,0.82525445586786228,-0.51844405929869797,-0.22398848284706213,0.061665036962740512,-0.31151838691453043,0.94823716328277008,0.48107303672616886,-7.8236963005532001,-2.563113038812852,,0.6780123526939945,0.3259423503325942,False,2
-0.73238998855292881,0.68072565723582068,0.014747347161467087,-0.67773896274740431,-0.72675473662954215,-0.11179199953752608,-0.065381977956572579,-0.091870193030086353,0.99362219409144703,-13.865959525666723,20.005186234823501,-1.5833208093702233,,0.222171644138773,0.6,False,2
0.9036593566503105,0.4278126458842515,0.019393482406818374,-0.42677921873200264,0.90338022433084364,-0.041996056320292817,-0.035486132458316375,0.029673393966171246,0.99892953910357452,5.0623297004630929,9.0289773812478185,-1.2818785111484861,,0.07967848907880035,0.2727272727272727,False,1
0.99656916354272651,-0.082584168409096451,-0.0054550347322290596,0.082292591260219192,0.99576232045592006,-0.04105277802928476,0.0088222275775637383,0.040463023718219901,0.99914208799957493,4.9170413825735091,23.573591177000708,-0.51740432927683611,,0.2553283810400935,0.9787234042553191,True,3
0.99021674756575306,0.13892281318605085,0.013086054285990554,-0.13917774576040859,0.99004150947356206,0.021150995351585114,-0.010017381162427796,-0.02276535736124739,0.99969064743992786,-28.329262050133046,-9.1681154092105412,-3.9285265023648677,,0.1668106155520696,0.35,False,1
-0.34864510695052853,-0.91448928639799276,-0.20531910398875705,0.9337239159485774,-0.31989785591635689,-0.1607016196737717,0.081278768353798103,-0.24773919117372054,0.96541133977775628,15.421528873380439,-20.464989621720786,-3.1058802688029212,,0.2340541475627003,0.3333333333333333,False,1
-0.94192668840895888,-0.33414724255060491,-0.03346242607402726,0.33470634125254173,-0.92603155940493753,-0.1744626496170377,0.027308950698801581,-0.17553111200550012,0.98409504110621537,-6.3174388008011482,-24.544852953664702,-4.0074167735759145,,0.1173525259265215,0.5,False,1
-0.8163219713169545,0.55806571239483249,0.14893320581539177,-0.57521743908809908,-0.7620866240818357,-0.29723538679719957,-0.052376873848395664,-0.32830875413975785,0.94311718521139776,8.7792758042443602,2.9530470577759171,-1.5319389736699263,,0.2938134781722141,0.3571428571428572,False,1
0.55809974875298352,-0.81573438078880056,-0.15199371842602122,0.82647822881873134,0.56278721973149337,0.014292746256364924,0.073881037692424656,-0.13359627729097837,0.98827811215440919,1.4886266857489256,-8.2962503221372863,-2.5284484719546594,,0.1450445435929454,0.3529411764705883,False,1
0.83345885914730311,-0.55201081355328208,-0.025107605005670889,0.55029427798524566,0.83328161716594673,-0.053084405525573891,0.050224871583453609,0.030427096699323218,0.99827433807590038,-6.7247167375203309,20.924874696800561,-1.3088798573661646,0.298002626112275,0.2358955509348072,0.8793103448275862,True,1
