axis_00,axis_01,axis_02,axis_10,axis_11,axis_12,axis_20,axis_21,axis_22,location_x,location_y,location_z,dbh,dbh_approximation,score,reconstructed,number_clusters
-0.93868626824654899,0.34393989058136981,0.02394663801545464,-0.34344861011179834,-0.92674256906785868,-0.1522867784470443,-0.030185129081085227,-0.15117394730700323,0.98804620116570352,9.5840550493892476,-10.972222461934221,-3.5884909942669441,,0.173350748902875,0.3333333333333333,False,1
0.69230790919575746,0.71112101967773711,0.12254245891728262,-0.72052582253379316,0.69050661898360022,0.063585754708405537,-0.03939921226368976,-0.13231592690349922,0.99042425129873923,2.3821660355354992,7.0306262773714945,-3.1933872559536982,,0.216692880574952,0.2674418604651163,False,5
-0.37910141070583464,0.91942495646931865,0.10459383262045843,-0.9182478182830045,-0.35979664074408113,-0.1654307151884922,-0.11446861849147816,-0.15875807611162632,0.98065937442620033,11.648768420883151,-4.3781617837360924,-3.6749509447913962,,0.3682306189821758,0.5083333333333333,False,4
0.64743226652648989,-0.73753977809399451,-0.19200660402557146,0.75737969199230326,0.65071352006046213,0.054294723207375495,0.084896775074292358,-0.18057405832395509,0.97989057911707733,-13.399380666013471,-6.047476197235091,-2.8758100004751861,,0.3690961634289719,0.3448275862068966,False,8
0.99609892780734566,-0.086691345737638134,-0.01647836749351899,0.086760260413871484,0.99622302543696128,0.0035129477853158009,0.016111586947640498,-0.0049289109773294508,0.9998580512265749,-9.6016555923731026,-1.0281101827112944,-2.879338789361281,,0.07476969616757126,0.1707317073170732,False,5
0.97455152320076222,-0.22397445816924305,-0.0092071013281902914,0.22400587348667175,0.97150330125075801,0.077477121154258102,-0.0084081668957506524,-0.077567891209393822,0.99695161616940076,-7.9121038025194395,-9.6640551348069774,-3.0166524147478304,,0.1893000528601371,0.3125,False,3
0.74539795694374356,0.66656588689606744,-0.0084737365166083524,-0.66617201949449689,0.74437132936823036,-0.046110350868305824,-0.024427980406037244,0.040015527499127575,0.99890041111827044,0.43033641987144589,-6.5657974358450311,-3.2454359935133237,0.364948971071051,0.3155531281029926,0.9497267759562842,True,5
0.86456345518038469,0.49809047345697616,0.066602644226485541,-0.50093650139503654,0.84370445965846541,0.19293886680116309,0.039908063554311778,-0.20017158890267561,0.97894774194515721,10.372646406759905,-16.036239744252988,-3.618654018226346,,0.1801288058424629,0.2972972972972973,False,2
0.46274484172417601,-0.87829969656004336,-0.12023666030044079,0.88464983702416455,0.46625447053467772,-0.0011977309993996647,0.057112847160573167,-0.10581309809736937,0.99274453459097411,10.704255439511265,-5.4435569619512671,-3.6532767077551509,,0.1789389506007334,0.1956521739130435,False,3
0.92253716114074114,0.38500058835205458,0.026452472152022483,-0.38582255899532614,0.92160745230937136,0.042197829542854434,-0.0081326062661313623,-0.049135026370211769,0.99875903495233442,3.4578696728402356,-18.275688824808366,-3.3392931801277133,,0.1105933390738763,0.16,False,1
0.99300809282819247,-0.11573023611984502,-0.023268863860605036,0.1169721011624745,0.99119805804076921,0.061999494238633393,0.015888836563898705,-0.064287807427656316,0.99780490211703865,-9.4572266507850227,-7.7711856486724731,-2.9769893300023118,,0.1987562886494974,0.2794117647058824,False,7
0.60594087448919753,0.79550811762392504,0.0015784225375058481,-0.79473938650926557,0.6054402424418498,-0.042795097415841518,-0.03499948791259179,0.024676864192895599,0.99908262331974462,2.8983931014730837,-7.1207806475893598,-3.3815813580116374,,0.08153089941371919,0.3313609467455622,False,5
-0.95189747539231417,-0.30036253785303563,-0.060609753309365848,0.30641511074625682,-0.93244726227759123,-0.19144681500976699,0.00098805267957590261,-0.2008094841522893,0.97962981519877868,-7.4054858649937616,-11.851825968897039,-3.0725079910624169,,0.2073449566638977,0.40625,False,3
-0.4579189996735239,0.88890038470534094,0.012895573220904047,-0.8874404784678116,-0.45621356307013261,-0.065715919286540359,-0.052531770528130441,-0.041536621691594403,0.99775504115169922,6.9481266791590892,-12.933068582754837,-3.5208958156090939,0.3002257509376224,0.278841965954867,0.9818181818181818,True,5
0.7218563420980646,0.68946884817674492,0.059633285727306806,-0.69186842383039115,0.72092503766824412,0.039814245810903273,-0.015540446558970576,-0.069998553248430948,0.99742603588630785,0.37941087199946327,-10.654671351112542,-3.2886730200014771,0.4152997741737702,0.2668265392345918,0.2093023255813954,True,7
-0.99384216228662858,-0.096048971642329076,-0.055248090536129314,0.10613507279787571,-0.96840960498074935,-0.22565057789249632,-0.031829275574962144,-0.23012481836490167,0.97264046039062801,-3.3150084150134052,10.949351275161762,-2.8328281442479017,,0.5127291075667804,0.2191780821917808,False,5
-0.17050283417071946,0.9851692831096458,0.019242327223548999,-0.98387441067460113,-0.16914287664168437,-0.058153514950362833,-0.054036354054083351,-0.028847372473103275,0.99812218768141781,1.8074236491012698,15.34246134724998,-3.1750888387480041,0.3146025229268775,0.3019652890964916,0.9655172413793104,True,5
0.1172468059451188,-0.9597074359684683,-0.25537193237021044,0.99174137403339557,0.12660881920721029,-0.020475691180218431,0.051983011898305502,-0.25086220170799678,0.96662605087396447,-4.7218403222779308,-1.0151146153718749,-3.002545929604199,,0.7571582443118339,0.3527696793002916,False,8
-0.87365374107651073,-0.47874498876696192,-0.086789264506259997,0.48652634287199714,-0.86129395075430815,-0.14650886691813084,-0.0046106826626764212,-0.17022328314468685,0.98539473079615503,15.567729932155331,-7.706495225123267,-3.9026986932092997,,0.1831922385960861,0.25,False,2
0.59365641794390622,-0.80446565201536535,-0.020176029379000218,0.80319290537945542,0.59388777886408117,-0.046674006298971435,0.049529932183662216,0.011503079734598267,0.99870639578131293,2.733452945619248,-13.866524634290684,-3.3505736654934277,,0.1950311616141695,0.9263157894736842,False,5
0.16660247337971479,0.98187069429758378,0.090407718383677005,-0.98600608687671853,0.16645257331125685,0.0092486474752474235,-0.0059676214543276547,-0.090683408171735036,0.99586189151736115,-10.611883061940269,-17.291269190356662,-3.118140629839107,,0.1487210657292832,0.5,False,2
-0.37883105822386121,0.91958489493445139,0.10416645493335344,-0.92492749583259304,-0.372366193959972,-0.076501928397997965,-0.031561951426320116,-0.12532772480244495,0.99161323338184859,-6.8741697761184852,-8.1078801467776263,-3.0305923092855442,,0.1661961372691598,0.1714285714285714,False,5
-0.57421419046361233,0.81194828658650453,0.10496686800824023,-0.81702441589137131,-0.56009506907506645,-0.13698400430401259,-0.052432502396732673,-0.16441865316027163,0.98499611125393804,-6.6806339822863041,-10.694812141272024,-3.0849071624279247,,0.09892765257104816,0.2112676056338028,False,4
-0.60223625710933038,0.79830822231009702,-0.0039335499281106245,-0.7968861296171561,-0.60144381976042749,-0.05690191645081509,-0.047791077061869081,-0.031133805807818812,0.99837202439230399,0.043387488923518895,3.8383416841423457,-3.1243620699945502,0.2744610652079683,0.2447048865854606,0.9721669980119284,True,5
0.86008812272491175,0.51013860503141684,0.0026504347073486698,-0.50992627956643433,0.85985922920263458,-0.02484542941038808,-0.01495361344533465,0.020017732430322923,0.99968779117946427,2.6567980781664544,-11.221786565155034,-3.3548884623522972,0.28505932189658,0.2348400693315386,0.9892857142857143,True,5
-0.65443786315675379,0.75519490089173891,0.037306097811725815,-0.75368793304554593,-0.64759129480747846,-0.11216066365310821,-0.060544057085350801,-0.10151934080109815,0.99298954707235254,-3.6184175977797524,-7.2213257718615882,-3.1646861082918463,,0.1284367164438964,0.2234042553191489,False,5
-0.55013878369957103,0.79796012536578065,0.24618480252806763,-0.83043797155154064,-0.49175234829447761,-0.26182513888515169,-0.08786406589111917,-0.34848137148647362,0.93318842665990387,-4.3374737369691845,6.6890180463756277,-2.9232791860464604,0.7008301196981976,0.4996356897766172,0.1630434782608696,True,7
-0.90563524492026448,0.42023780955437706,0.056788965293902489,-0.42251555144298036,-0.88280409847449515,-0.20527428603083303,-0.036130485009852963,-0.20989784929239538,0.97705551577962046,-17.635597880791941,9.6101503932594365,-2.5494595927905039,,0.2351196808002893,0.2758620689655172,False,5
0.86984918381143328,0.48447705269666236,0.092975173207366604,-0.49266903062951117,0.86279955324403179,0.1133761755417699,-0.025290782533606275,-0.1444261622153544,0.98919232709649696,-2.0593708245356934,-11.754896304792116,-3.1914189932031847,,0.4328870208727448,0.308641975308642,False,5
0.45479493166741258,0.88875715303169778,0.057203960218023771,-0.88901134931880144,0.45687833480259121,-0.030348113127110367,-0.053107352711258861,-0.037052801823925272,0.99790114689031151,-21.616230158925543,-5.1049677674824849,-2.7904121193354019,0.3218613165664324,0.2702547991994189,0.9647058823529412,True,4
0.84659986430479439,0.53202902019130505,0.014621608440377121,-0.53172585158036267,0.84667420399767523,-0.020258604247116927,-0.023157904055459019,0.0093762444071795806,0.9996878500414893,8.1739423131930149,-1.555720743148169,-3.6228195593806074,,0.1846643897828857,0.4827586206896552,False,2
0.91648941983605026,0.40005439479765864,-0.0019038202800247788,-0.39996201810108006,0.9161523039991154,-0.02636929945264934,-0.008804964797822926,0.024928639758142149,0.99965045666708796,-9.7926515553668878,13.477137046053079,-2.7051533865255499,0.3683544504524595,0.3258828267180214,1.0,True,3
-0.99734220466155132,-0.07133142162411335,-0.014844362226760627,0.072273037307936813,-0.99436315542486731,-0.077579141602540425,-0.0092268564051838052,-0.078445799266655528,0.99687568016192163,-1.4681729234614844,-23.301081302093714,-3.3635473534843476,,0.1319572835291172,0.2272727272727273,False,1
0.55682719167091754,0.82881911990562307,0.054793659256773257,-0.82931519899018136,0.55844380208843636,-0.019411868351270855,-0.046688107048314831,-0.034632158290807395,0.9983089873743326,10.291334130045666,-10.086250128586853,-3.6252025820259584,,0.08835795381351176,0.1388888888888889,False,5
-0.94593498063822745,0.3242769213608141,0.0071757005030476141,-0.32108309190163814,-0.93302501107298574,-0.16238835182099706,-0.04596368675205724,-0.15591281853974709,0.98670083232718087,-6.2163229460445573,-20.912224537862478,-3.2341268390477529,,0.1401578594917414,0.7727272727272727,True,4
0.99880182410064988,0.048095199865442799,-0.0090425617564681322,-0.048241293903598687,0.99869610722251712,-0.016699191031267074,0.0082276202952639189,0.017115407342369965,0.9998196682881284,-27.276087350343285,-5.2547971841642287,-2.781830605320712,,0.3373601303426583,0.9622641509433962,True,2
-0.37400378129804984,0.92690867061214877,0.031007868659105195,-0.92592127306231764,-0.37128319693790207,-0.069416019492829939,-0.052829609741302824,-0.054672698996765322,0.99710577589290472,-8.8353811266444264,-9.1335318004455743,-2.9842445928141821,0.283310252195113,0.2108677304345454,0.7861271676300579,True,5
0.80988687076821331,0.58658554392359064,-0.00081007230330516961,-0.5862890739817761,0.80943205428270315,-0.032937383461265776,-0.018664894504464638,0.0271504909633003,0.99945708890056351,2.7656054902001648,9.5216190346400591,-3.171050062738999,0.28968470283864,0.2865372906320475,0.9641025641025641,True,5
0.60756285260159182,-0.78430509500901302,-0.12543084979988131,0.79363281034056665,0.60578891954237502,0.056273859922852609,0.031848743924235159,-0.13373594469171599,0.99050510074802944,2.092294097890679,11.864702907718092,-3.1407824504190685,,0.2682334691887836,0.16,False,4
0.52809114243163091,-0.82432384464191744,-0.20398515740127762,0.84769582148929046,0.52596083618568279,0.069115794348727166,0.050314406633221162,-0.20941680437258703,0.97653113751253284,5.7939065420193163,-1.6483524243821481,-3.5812832576182267,,0.2474725941200061,0.3926701570680629,False,5
0.80270377565421169,0.59603173622672734,0.020317922163101618,-0.59606582866120816,0.80292002130094364,-0.0049967285817566348,-0.01929187530802659,-0.0080999262123277425,0.99978108340899041,-16.960375954111218,16.092517515490702,-2.4205161516289464,0.3447221087662318,0.3025017761427035,0.9830508474576272,True,4
0.89820329650809694,0.43888815457672165,0.024658181486623226,-0.43928637163085354,0.89824038468910006,0.013845396815458082,-0.016072393766559272,-0.023267984137380959,0.99960005956021991,-14.010081670130674,-9.8834651480733022,-2.950589433425673,0.09833174824223971,0.188543506864577,0.5,True,4
0.29950339333779424,0.9466890688630385,0.11864874324820819,-0.95267912937910937,0.28996447477059517,0.091230914806740088,0.051963389271758142,-0.14035814998155829,0.98873626205836385,14.50520272381962,-10.616088679962068,-3.8137380123270432,,0.2412060003692876,0.1111111111111111,False,2
-0.81137889609310454,-0.57707404242645266,-0.093004497376885251,0.58324315741813904,-0.78877825061626639,-0.19405228851951636,0.038622613837676921,-0.21169416834748744,0.97657251281613033,9.8394531746473071,19.74943736274426,-3.4705963055275322,,0.2374715974286156,0.4705882352941176,False,3
0.61687547642498053,0.77900334219241862,0.11233182736204174,-0.78486801360104408,0.61950554841636774,0.0139669863352056,-0.058709861279053421,-0.096781549555572222,0.99357258610240329,13.014474223659338,-5.2678238436716178,-3.7401232911525746,,0.1578469464505053,0.45,False,3
-0.98678911851726259,-0.16053774210375518,-0.021791487699384486,0.16194949924794816,-0.98113191598098581,-0.10560550713300614,-0.0044266544097183724,-0.10773948581513071,0.99416930546412896,-11.684291110368225,-12.697716492384583,-3.0106718367251446,0.1443196809021259,0.1419710229905964,0.6739130434782609,True,4
0.8360925319512893,0.529609310571303,0.14304983806866922,-0.54830121518597374,0.81518120264221772,0.1866691840780727,-0.017749801150096518,-0.23450711079832509,0.97195234427627941,-3.3342856333938844,7.3339592027283533,-2.9579463111463435,,0.6105667601692042,0.1188524590163934,False,1
0.57851466927768658,0.81525962440243649,0.025933033947583731,-0.81554594177813744,0.5775739686066732,0.035960083942452023,0.014338559193286003,-0.041953016663112061,0.99901669160886619,14.461017721566515,-8.6006425678774647,-3.8360894944668869,,0.2013440583168549,0.1612903225806452,False,2
0.78940220239557912,0.6108519930040488,0.060860541371146992,-0.61349038341441797,0.7885342792652178,0.042932969635382463,-0.021764933058432689,-0.071228737646147511,0.99722252011388957,11.870693182550536,-0.91951085383685838,-3.693134587660404,,0.2836636045963401,0.3260869565217391,False,1
-0.16693105584779414,-0.97970807398747561,-0.11093291827628293,0.98468104096061015,-0.15990649691086614,-0.069520930793719224,0.050371322856071404,-0.1208387438260055,0.99139332649775436,-18.872137118459115,9.4875611316750685,-2.5329107676837945,,0.1751569807273599,0.2758620689655172,False,4
0.59948332162184903,0.8003819722115183,0.002906141090179652,-0.79963162485789552,0.5990711544205386,-0.041267620095734474,-0.034770844458502516,0.022415407648412808,0.99914390248632312,-14.779445862998118,6.3167971603372406,-2.6659503970405334,,0.2760000713874484,0.9272727272727272,True,5
0.31000015394837854,0.95053642864472876,0.01950390656524071,-0.94971901247815649,0.31055206515876199,-0.039890000791462953,-0.043973877353451644,-0.0061573244962521865,0.99901370634518882,11.048372720013502,18.875475370094634,-3.604567252509665,0.2830989960573678,0.2980286242085882,0.8666666666666667,True,5
0.63449326864677624,0.7729044644816776,0.0060811862511374855,-0.7722665627297215,0.63425587492969182,-0.036384628715874175,-0.031978870079333012,0.018389505198949167,0.99931935734628252,10.035882881576025,-3.7269744066833987,-3.6090671637525311,0.2948265090812827,0.2517699968704287,0.9061371841155235,True,6
0.13256831652781628,0.99110305384016484,0.011848127349117077,-0.9899297483832652,0.13299119259418676,-0.048501917057181522,-0.049646094698641841,-0.005298996232882029,0.99875281522511772,-3.1671713439652374,7.5522008757184587,-2.9709423037486706,0.3583318034820769,0.3463562348638161,1.0,True,5
0.87458889013759389,0.4789984524236427,0.075198110505826268,-0.48471311518620674,0.86761985990020507,0.11085564790858089,-0.012143690311194645,-0.13340262846924542,0.99098752237509113,5.8724483571175465,-3.4069867359551154,-3.5591989103654909,,0.2647771199904527,0.2248520710059172,False,5
-0.47013396364553217,0.87969418747072092,0.07149959969936448,-0.87957205519144432,-0.46028454083344678,-0.12037915598658011,-0.072986683396628532,-0.11948337959721031,0.99014982000038199,8.022967452874914,-11.510250123852863,-3.5544014822527519,,0.1919281443831942,0.1136363636363636,False,3
0.78715866021823511,0.61659819168158414,0.013708160286239165,-0.61636021777445771,0.78725678319019621,-0.01807869646980681,-0.02193913372164337,0.0057816378323517206,0.99974259040791047,-9.7221252361653416,1.7162451516326045,-2.8472448577495246,0.3113081508347812,0.2784357907907854,0.9196787148594378,True,5
0.62959883105131931,-0.73183450382577409,-0.26081328752365385,0.77396061443219455,0.62007783115112569,0.12840736202670305,0.0677515995866734,-0.28270433729428351,0.95681135989726207,13.240764948047136,1.1232196717446095,-3.7576068350933722,,0.4322958964653646,0.2173913043478261,False,2
0.35281447246104114,-0.92723266854503128,-0.12554491787761576,0.93542978553630018,0.35270990714310341,0.023808354302945825,0.022205052432916348,-0.12583838756898991,0.9918022160998069,11.682768675070079,-2.3084690103366641,-3.6691788668272634,,0.1952173895639203,0.2586206896551724,False,4
-0.28240156164158459,-0.95900900477607176,-0.023475236757144174,0.95813200671706678,-0.28076905870114599,-0.056140835230698745,0.047248446394799887,-0.038346635243292987,0.99814684284367527,-4.0961768861127279,-9.4490006084599436,-3.1565326909125977,0.08199410179637298,0.141356684865923,0.8040201005025126,True,5
0.35261146053808967,0.93395124676079444,0.058311461747697753,-0.93477650332167583,0.35442303842094025,-0.024024959399975315,-0.043105066232369878,-0.04603670829269494,0.99800930594593007,0.027910288442349315,-14.683621827956983,-3.2569629434144578,,0.18325061479715,0.6785714285714286,False,5
0.76107280783821851,0.64866596543689714,0.000804023051514575,-0.64819777781457588,0.76056942996793264,-0.037064579243519261,-0.024654046432481327,0.027687677440903925,0.99931254896175137,-7.2577259707841728,-6.018137985314449,-2.9810635411794588,,0.2799976604498441,0.976063829787234,True,5
-0.060843635722711717,0.99303126302505285,0.10093048423004146,-0.99678423982260578,-0.055166414466452408,-0.058119239122564309,-0.052146248506600879,-0.1041421018118239,0.99319443786043415,19.445044077759949,-5.1840729865227679,-4.076639932240008,,0.2391100099121189,0.9230769230769231,True,2
-0.95463267602340696,-0.24330936050280014,-0.17168869782285565,0.28307643443550284,-0.92043001685651693,-0.26958545275439999,-0.092434766920633488,-0.30595610659248307,0.94754771631992118,5.7490016443689669,-13.03197857428923,-3.4781740673261838,,0.5500087895317753,0.297029702970297,False,4
-0.94213556098742679,0.33523196311157666,-0.00034004597690260761,-0.33387167370039156,-0.93840293233570216,-0.089048537799652161,-0.030171016280647164,-0.083782262395541748,0.99602722969027235,6.2227522630858063,-3.6126046101259059,-3.5571832027263097,,0.9710345828122844,0.713216957605985,False,2
0.38751159460153028,0.92169320598357951,0.017787582553339631,-0.92084482224077324,0.38791819372858066,-0.039551085025767672,-0.043354093252418437,-0.0010530992678671836,0.9990592142511846,9.2755764798601774,-9.9770273762739983,-3.5991742331419059,,0.2694672157498062,0.6950354609929078,True,5
0.83847997775767247,-0.53070960406419898,-0.12368768351583667,0.5446166908634158,0.82384768486489712,0.15705939060028079,0.018546884710784767,-0.19905353123411348,0.97981309685610674,13.068951607540534,-1.8600572268463971,-3.7403340376835934,,0.2433377605089014,0.1914893617021277,False,2
0.1112390834373156,-0.9699995236838026,-0.21616380448452147,0.98881573830411684,0.129775570549125,-0.073496509922131609,0.099344360675937771,-0.2055704875264093,0.97358691068648007,6.3646364799762338,-8.7798506754814269,-3.4586651572544889,,0.4343741997305675,0.7034482758620689,False,6
0.034245578357967654,-0.98994748838208058,-0.13722685819087788,0.99802844056591278,0.041100444043437614,-0.047434010172082736,0.052597264040074289,-0.13533190217182084,0.98940325654914629,13.839920728457651,-6.4565315272741426,-3.8026467039566376,,0.1639561830318093,0.1923076923076923,False,1
0.87451361697103347,0.48484722019919813,0.012210929422105018,-0.48480085445038545,0.87459886229852157,-0.0067053404319345512,-0.013930730649093349,-5.5957503316672662e-05,0.99990296109789611,1.097442727732344,-18.020224014340098,-3.3268863048270907,,0.1970515920622551,0.35,False,1
0.9161755196780933,-0.40070977012266101,-0.0073550846916079554,0.40060052445052241,0.91507229412010282,0.046496412159853319,-0.011901132405906005,-0.045545325358556578,0.99889137867209632,0.4988184039181302,7.4555808638177581,-3.0808501006222837,,0.2612044028939636,0.582089552238806,False,5
0.96806309921078204,0.24708294042211909,0.042471831827412841,-0.24938521120971535,0.96641265144660671,0.062077399702515829,-0.025707049155867613,-0.07068668669770678,0.99716725775939841,-5.1071260987079086,-6.2975323941620989,-3.0815352603300679,,0.2814801809519829,0.2777777777777778,False,6
0.4849588067300416,0.87432121613435065,0.019425930925569559,-0.8736537036665134,0.48534755281271397,-0.034160782316785279,-0.03929582477514651,-0.00040496427098080838,0.99922753873138481,3.5116733848015209,-9.611859485636252,-3.399444282323012,,0.1148241101707107,0.4385964912280702,False,5
0.66232868805186329,0.74873964048562835,0.026639439726670558,-0.74862263505902693,0.66279968431511294,-0.016147097233460514,-0.029746584018636411,-0.00924820183819248,0.99951468798711685,-3.7938754883855337,-6.0897678436579072,-3.1312015213533861,0.2960443932087298,0.2056156218367383,0.928,True,5
-0.79856317436697211,-0.58624439618731039,-0.1364344695592784,0.60154381725436001,-0.7693873904537708,-0.21491412083386005,0.021021238498215338,-0.25369381417313636,0.96705612876517577,14.617548892514973,-1.8101918786543629,-3.806823927791088,,0.2000556462349734,0.3235294117647059,False,1
0.74679112090735411,0.65707206928995177,0.10275853975683849,-0.6648627603696643,0.74135565703980011,0.091374502180399858,-0.016140991529866849,-0.13655799329993984,0.99050057186168528,-3.6147227446256607,10.682344555482441,-2.8250395976003881,0.3714443818782258,0.2063330379882222,0.3947368421052632,True,5
0.85259505770322908,0.52239209804987252,0.013717269228250364,-0.52190202417840548,0.85253723537766346,-0.028258440386798457,-0.026456468746060554,0.016933936035761661,0.99950652677800278,-16.095203994568507,-1.6536888324842414,-2.7663695294574202,,0.2637076706322469,0.9891304347826086,True,4
-0.80968425111604159,-0.52524100627957682,-0.26178865295705828,0.58662358094686018,-0.71154932387964587,-0.3867432403591563,0.016857869727109398,-0.46671130799331945,0.88424904140147498,5.9182315080817887,-1.194607556953807,-3.5768663689883446,,0.3408118234510499,0.2634408602150538,False,2
-0.015330233438968823,0.99735203283187879,0.071090833085756477,-0.99736646655297501,-0.010212283375069948,-0.071804182774419342,-0.070888047923057307,-0.072004387882874457,0.99488202958304184,14.804310104189256,-6.2662100828572163,-3.8557934282479951,,0.1873893111918782,0.5483870967741935,True,2
-0.9988836194740599,-0.046650262034519899,-0.0074342315348211573,0.046868972097507504,-0.95905452134489633,-0.27931653109409138,0.0059003559999174417,-0.27935314234857661,0.96017030138358883,2.3499674273806703,12.575245896326248,-3.1582514504346029,,0.2630716970117267,0.1538461538461539,False,4
0.99214059689076028,0.12462531521982095,-0.011205659623921709,-0.1247074877671021,0.99216915403818584,-0.0069578926385745546,0.010250780266158216,0.0083006374160097037,0.99991300667729288,6.4187172641338677,-5.2271495886315691,-3.5429580343679299,,0.1596378653272024,0.52,False,5
-0.99990992882857932,-0.0014345298917067771,-0.013344525245062499,0.0027433421507862504,-0.99512493728428175,-0.098584143090048676,-0.01313804794747035,-0.098611872099384018,0.99503924062178861,-6.3321252306485265,-13.300929498710273,-3.1305873611685837,,0.08284511124263733,0.2682926829268293,False,4
0.59512691071404444,0.80322919691673522,0.02543260435848587,-0.80290387315566913,0.59563669245761264,-0.023712888263175996,-0.034195476536878704,-0.0063077586076928059,0.99939525792639428,13.275173265837564,1.7624786576015909,-3.7778750054500936,,0.1306995904600329,0.6129032258064516,False,1
0.0063148268244220635,0.96456503029853868,0.26376964436294992,-0.99924190097154664,0.01621991819142073,-0.03539120790018143,-0.03841544357348755,-0.26334619150282607,0.96393622046067429,-6.4244868186342492,-10.855776905068943,-3.0909760918088338,,0.1833918149834566,0.1891891891891892,False,3
0.38923337197876445,0.92106812275382721,0.011440952092441274,-0.92013528005938849,0.38935889371251825,-0.04184158549810222,-0.04299358705751162,0.0057589177546395944,0.99905875019351276,-3.0076135550370244,13.610792566356857,-2.8471447987256422,0.2977312561933551,0.2470310195098797,0.9722222222222222,True,5
-0.92289940658296132,0.38218001061143042,0.046852159159046926,-0.38396913293896301,-0.90441754276179265,-0.18600164863468793,-0.028712197389238976,-0.18965059407702359,0.98143174081915296,-10.435496547107437,-9.4119797920274433,-2.976181662581368,,0.1987544933809183,0.2173913043478261,False,3
0.70459289934597258,0.70910260212930976,0.026876492417661536,-0.70908627387415313,0.70502327461095193,-0.011782973313997813,-0.027303889732132238,-0.010755552533020641,0.9995693151028614,-14.416907420158028,-6.7099379253181963,-2.8762324124897409,0.2251757353514312,0.0902455626302486,0.3529411764705883,True,5
0.51260922394471276,0.78817664691783795,0.34060146326778185,-0.8577745826435238,0.48770796143705003,0.16236905407634328,-0.038138548707692857,-0.37539115280500635,0.92608149398322426,-7.6937789356374484,-11.797067310005488,-3.0640471861283682,,0.3608676307225472,0.2307692307692308,False,1
0.79782956244272485,0.60277268804856043,0.011535849997428479,-0.60253347199167584,0.79787247217684043,-0.018786518359553094,-0.020528137326770904,0.008037703971298724,0.99975696591359808,-1.5782267209227265,-12.623432388557205,-3.2084602390756904,0.2241113359123585,0.2459179953391628,0.8979591836734694,True,5
-0.97965859084923557,0.20055665658182864,-0.0067877003474832677,-0.19951222988705672,-0.97707240239647708,-0.074326244360048033,-0.021538697750398125,-0.071460114580749121,0.99721087866274383,-10.133840782642128,-1.5700085700761979,-2.8669711923436565,,0.2492536482790776,0.8050847457627118,True,5
0.99484068776460166,-0.083311800610852402,-0.057889116827197988,0.095974540096475991,0.95780903113097415,0.27090726741306781,0.032876946654537893,-0.27506545359772644,0.96086320702572059,6.5488788080243081,-4.0018239352838947,-3.5497274268985417,,0.4406350519902652,0.2,False,4
0.15868111703920815,0.9836342897540713,0.085345691837331358,-0.98609036236686332,0.1622187656161645,-0.036205929475109054,-0.049458066504644349,-0.078413366857771616,0.99569334815275867,15.326859541369041,3.4212332693531065,-3.9007225750025802,,0.1573402771901917,0.8181818181818182,False,1
-0.15248375340521583,0.98774027905051975,0.03343420536906129,-0.98811160130806963,-0.1516955830028861,-0.024978259703562374,-0.019600211934095065,-0.036845504998815434,0.99912874068036017,2.7408097268309684,-0.58438534243902596,-3.3246332587011458,,0.3448354194811496,0.9337349397590361,False,3
0.99977739728017045,-0.00094779864578441804,-0.021077418376443755,0.00090448785417033704,0.99999746031846859,-0.0020642815541612354,0.021079321369775118,0.0020447577705540328,0.99977571543634225,16.71122160901384,-10.037498928819446,-3.883797243200287,,0.2284396591459947,0.7910447761194029,True,4
0.30335031028615356,0.95283650048943835,0.0090106927777338988,-0.95181293665397881,0.30344455229490758,-0.044424512385301915,-0.045063542552967219,0.004899695662330711,0.99897210677525583,7.1052761373371354,9.2983343426403593,-3.5543906532366458,0.3879501072997817,0.3498146308810726,0.9735449735449735,True,5
0.33259621264962475,0.92394293666069627,0.18896880463699534,-0.94228655684493989,0.3337427509744707,0.026679973037853428,-0.038416196069285626,-0.18693642225848256,0.98162058348058534,-8.8280075383554681,-10.911767246255859,-3.0134001503532666,,0.3319197277279675,0.4848484848484849,False,6
0.99137115230201422,0.13096472410611482,0.0056106526523153639,-0.13077253683399698,0.98515000848920853,0.11125648018750461,0.0090433397247154795,-0.11103018424519034,0.99377588831340724,-5.870432575932818,-6.652166844941739,-3.0391784145330121,,0.2051403989191229,0.2340425531914894,False,5
0.19968743979853631,0.97985004494080885,0.0043377201615362251,-0.97868162986043872,0.19966242333713621,-0.048137138270327451,-0.048033256816712985,0.0053671348628590819,0.99883131714165974,6.376651831790288,-20.92117094251401,-3.4719878443404659,0.334859741823734,0.2834742382512586,1.0,True,5
-0.99497774357997715,-0.094549706530588015,-0.032857918002749641,0.099904501663007295,-0.95835757759329354,-0.26752540817084841,-0.0061951858698447212,-0.26946448089589209,0.96299040140987058,11.295566911129173,-5.1002327780470189,-3.6745749625525113,,0.2512771929571855,0.2168674698795181,False,5
0.9831036707748555,0.18291964595984228,0.0068975090380326868,-0.18302071606980422,0.981580339958259,0.054803774475158412,0.0032542277578417296,-0.055140178902084287,0.99847331996020072,0.7742265983535952,0.0023270344145826238,-3.2808917472247345,,0.1376919012726172,0.2222222222222222,False,1
0.5707864054034737,0.81847254898378186,0.065616811615410345,-0.82090216683214901,0.5705726425754909,0.02380109314095143,-0.017958616229107917,-0.067450323234304208,0.99756099663064401,-8.6865355471229986,-1.5852383959057181,-2.914674532369109,,0.4267357515609199,0.6204819277108434,False,4
-0.40331382755122247,0.91421139639750326,0.039439563929017651,-0.91310648609641276,-0.3992620336533238,-0.08262187078295101,-0.059787135360755826,-0.069335064577314601,0.9958002547024255,8.3259490208783173,20.112470622102663,-3.4040047636985924,0.2395750754111216,0.2101963593528866,0.2857142857142857,True,5
0.74611262056277639,-0.66529463813267964,-0.026438644232523789,0.66432984614422508,0.74651085058133448,-0.037247892374241996,0.044517557872564936,0.010227142134531514,0.99895625159704737,-12.843353647181088,13.82641413731743,-2.5650488122684667,0.3016206388406341,0.2776779017672261,0.9885057471264368,True,5
0.99648037059555306,-0.083067111083739445,-0.011257267605953601,0.083051909261234833,0.99654357501764679,-0.0018120317636646441,0.011368877948766929,0.00087071651564835757,0.99993499312052114,-23.656792789654514,8.8941190912119357,-2.3953973677778722,,0.252862346875867,0.4814814814814815,True,4
-0.38329385830574136,0.92346965504246981,0.017018061018832326,-0.9220911892775977,-0.38152986615264112,-0.064674569114715058,-0.053232103487693687,-0.040481569254294282,0.99776128693640254,-4.9347153329565066,-20.146649149436673,-3.238878632342991,,0.1646744528111648,0.6578947368421053,True,4
0.39442803438458113,0.8980338276071762,0.19483780476262694,-0.91592684792668932,0.40132053395240985,0.0044540178750642444,-0.074192553120878163,-0.18021396588876404,0.98082536241680074,2.8837459598553972,13.479121193897955,-3.1749104937030337,,0.3129008814062173,0.4074074074074074,False,2
-0.21553316826011557,-0.96734736951865508,-0.13335861451400621,0.97530851536534724,-0.20651947460186718,-0.078249641954522123,0.048153434307418065,-0.14693118557851287,0.9879739234761683,10.199297219268439,-15.003863572041457,-3.622270484698308,,0.2910410559277968,0.148936170212766,False,1
0.73803773771721981,0.67349203335304353,0.041337376733802333,-0.67413604106624103,0.73860369082315447,0.0022772874105785566,-0.028998204095853748,-0.029547739548024546,0.99914265009898262,-19.020526424239687,4.7857153896478497,-2.5822297855255849,,0.2789585439705496,0.9795918367346939,True,4
0.99978199875030327,0.016422228021478788,-0.012894394195142584,-0.016981902394758046,0.99886206785351661,-0.044566628708619951,0.012147837910676959,0.044775884471528117,0.99892319534781482,23.920626102906521,-6.8654621888710512,-4.2799210565987025,,0.2953947574415908,1.0,True,1
0.920191206456343,0.39143213127798965,-0.005387964698388599,-0.39143172665831782,0.92020640450509261,0.0011732319031987626,0.0054172802870569537,0.0010294226446067611,0.9999847965660833,-22.656282865122822,-11.025478623607064,-2.9563297920222964,,0.2540892918899708,0.1875,True,3
0.29454220768535927,-0.93575319444092719,-0.19393516180784715,0.95368501176795517,0.30079285069805339,-0.002925627812078755,0.061071975741668505,-0.18409133619630158,0.98100998655287419,-5.3416503158547615,-7.6628589493139554,-3.0913711525346548,,0.2589886337905694,0.28,False,4
0.72942600116131295,-0.6685169158634009,-0.14499255854802393,0.6825664585671315,0.72529381218818489,0.089732467037598712,0.04517453341142514,-0.1644202518122872,0.98535538884457496,-16.59239577886127,-8.9998809535892015,-2.9179351759131831,,0.2247709412544107,0.3773584905660378,False,3
0.95104832039407206,-0.29382678545785168,-0.095775322620808456,0.30633173877813846,0.93724903452869779,0.16650859765245257,0.040840642658712338,-0.18769674323900684,0.98137759016837844,-5.9346013912398421,-0.90683386886007722,-2.9796935356295933,,0.3045093746424584,0.4666666666666667,False,4
0.028077822898225285,0.9944416867591469,0.10147594541031713,-0.99900499290887257,0.031434953832731156,-0.031636495075734211,-0.034650541185366653,-0.100486692219198,0.99433483529563871,-19.229730398948139,10.961433307213053,-2.4869082838306631,0.2311185690600856,0.2782283682764017,0.2619047619047619,True,3
0.48611177548257761,-0.85578566305457116,-0.17699220504707028,0.87211437847989215,0.48799491294755309,0.035741793267014481,0.055783981444569128,-0.17173195348437093,0.98356305520624032,8.121843301574204,8.5202641031781052,-3.5886839897814884,,0.3263326359373765,0.4578313253012048,False,5
0.28988312859539628,0.95460942808820715,0.068473436899658235,-0.95594763632590396,0.29225520749577355,-0.027404567037631351,-0.046172376575856558,-0.057512898524668399,0.99727648029251592,-7.2573078083447644,-20.915122852330207,-3.2238723939547222,,0.09479244365902362,0.2777777777777778,False,1
0.81808718366513544,0.56264064755720955,0.11903302751443284,-0.57493419606163965,0.80503134011885324,0.14620263891394206,-0.013565770225234917,-0.18804266309231096,0.9820671701749063,5.463338266925521,11.309006003458773,-3.2971914202435668,,0.2236634447734657,0.1304347826086956,False,3
0.75448752642286587,0.63148114082032691,0.17882992272145845,-0.65585939616059041,0.73558048435114043,0.16961663688921147,-0.024434093807021072,-0.24526092193824744,0.96914913982824613,-16.124541148363353,19.053618328482639,-2.3619616163174948,,0.2400655159586873,0.3,False,1
-0.99154341415562064,0.12902094758042448,-0.013973293458047939,-0.12666176223518819,-0.98557195758777782,-0.11227071926407156,-0.028256960772383117,-0.10955141031517891,0.99357940430841418,-18.042898598681429,-7.8450209196053384,-2.8998969151214609,,0.2281230316373301,0.2941176470588235,True,2
-0.79125632880710972,-0.60641936654988304,-0.078542816322903136,0.61098052271537984,-0.77884067403556401,-0.14180975047671746,0.024823839049106594,-0.16019599352376518,0.98677303402241257,7.3483865338664769,11.292907397265742,-3.4966458607003581,,0.2166238929552654,0.3404255319148936,False,3
-0.76246108584042505,0.64703327078283657,-0.001019352296490776,-0.64555842866946078,-0.76082758927307892,-0.06630003450023024,-0.043673879526057918,-0.049893144829519995,0.99779921143793449,4.6319384399035748,-25.315954408906638,-3.5389424071460223,,0.2171723319206406,0.7666666666666667,False,1
-0.21962376510371298,0.94554381042525337,0.24023385350146212,-0.97483728305357542,-0.20306106724093698,-0.091969965421845018,-0.038179488870240301,-0.25438770712725989,0.96634839529651151,6.8264777445420499,-9.7580169750087045,-3.480013135617082,,0.1460935272931895,0.3043478260869565,False,3
-0.83206116574048516,0.55000093083309054,0.071924909101914153,-0.55325717252637197,-0.81362006235083861,-0.17868658368311138,-0.039758238325018361,-0.18847113896549569,0.98127361742907349,6.3274453138054563,11.849129053721647,-3.3945631719877665,,0.3837323696997926,0.2428571428571429,False,1
0.99070916667616238,-0.13171953978615297,-0.033842427548067627,0.13452689694751827,0.9856654996692068,0.10181373561324106,0.019946454860299858,-0.10542051792879406,0.99422766675351038,6.7232197700952092,-0.89589017695146522,-3.6219226093317847,,0.1719628976691074,0.2564102564102564,False,1
0.85639045343600806,-0.51292695252395726,-0.059172059607169883,0.51492919259572467,0.85687438808387584,0.024783253591857003,0.037991023629056694,-0.051693562658896075,0.99794010727259941,13.843775808360444,-4.0794609327018279,-3.7824460024743183,,0.1299807230304832,0.2068965517241379,False,2
-0.69832258863616137,0.71575972408285227,0.00579478915302673,-0.71423816760822501,-0.69626079536509566,-0.071307396314886598,-0.047004277806750455,-0.053934425169850163,0.99743755476193208,13.816783698287695,10.79088800946163,-4.0544440977617136,0.2988184541278441,0.2774086173793976,0.9629629629629629,True,2
-0.2996237178669503,-0.95307150439666322,-0.043362831995464042,0.95295321803322885,-0.29678151680552511,-0.061651403250249412,0.045888908591283591,-0.059794972946666039,0.99715533859003525,-11.254238257254226,-8.3114802203326583,-2.9589911794439203,,0.2262319943751649,0.3478260869565217,False,1
-0.96930078778962481,-0.24105727834632121,-0.048449678499215963,0.24587789364004969,-0.95012774074686446,-0.19183674747657736,0.00021026066114226646,-0.19786021535297055,0.98023022345310828,2.0532936881599491,25.495013993236228,-2.8324794962573816,,0.2337745620689889,0.4,False,1
0.92337961946783054,0.38388087295617429,-0.0023566352814698194,-0.38166352592874075,0.91867138343495747,0.1018618782142873,0.041267800124135653,-0.093157740612933262,0.99479575996121306,-1.0572248860984024,-20.177107949132601,-3.3074325626537551,,0.260836977302635,0.3636363636363636,False,2
0.33039393874537903,0.94368873284483634,0.017071049821925675,-0.94277188609977169,0.33082644609952222,-0.041653731417965474,-0.044955711763854517,-0.002331965451696282,0.99898625912318628,6.8919547748220005,2.9194461503373272,-3.5010850058592338,,0.2097080491892369,0.7733333333333333,True,1
0.98075006630533923,-0.18712694245286624,-0.055792605695703178,0.19391746057557852,0.9669050939306626,0.16580276781422462,0.022919989659541905,-0.17343023594281468,0.98457941646919866,-8.1256683139624855,16.597872700501622,-2.6587793750235318,,0.3657389407607999,0.2857142857142857,False,1
0.65322910682242408,0.75713833193699276,0.0057689090516331691,-0.75652484258519059,0.65297401402555233,-0.035987491699344863,-0.031014457135831595,0.01914375404736739,0.99933558934401179,-10.212718111266931,18.157030499722694,-2.5490015620403326,,0.1735021212637948,0.8292682926829268,True,1
-0.82817784964514041,-0.5600206900874044,-0.022322097374119512,0.56016087734693909,-0.82575842775919295,-0.065900003600718238,0.018472705461296125,-0.067080888922960408,0.9975765201197585,-6.6104996966008978,-19.72902641884593,-3.2017155633426118,,0.1294121803080763,0.6774193548387096,False,1
-0.15044256290707331,0.91638431990511127,0.37095392368594454,-0.98716766419455326,-0.11892305257630316,-0.10657068234089233,-0.053544729288892763,-0.38222648495097789,0.9225160574035548,0.84050109930037253,11.40119330252835,-3.0882060868126437,,0.4905794573900212,0.26,False,1
0.58434285004963937,-0.80721646569911076,-0.083336733197917998,0.80996862174376949,0.58647172254355828,-0.0013230447045031873,0.049942620940066892,-0.066727027215573373,0.99652056599580985,6.9659053621880487,-24.90964597853317,-3.5535196056477649,,0.3046223203135733,0.3214285714285715,False,1
