axis_00,axis_01,axis_02,axis_10,axis_11,axis_12,axis_20,axis_21,axis_22,location_x,location_y,location_z,dbh,dbh_approximation,score,reconstructed,number_clusters
-0.97667952985031314,-0.21441297284757044,0.011143296013174472,0.20669823477150004,-0.95304088485325356,-0.22133438851762807,0.058076980928041338,-0.21386946690164418,0.97513430634630494,9.0269224649577104,9.3035320630386558,-2.2526772035615017,,0.2239131449550653,0.968,True,5
0.48352582459075016,0.86224294826383185,0.15079746391478455,-0.86340934465829178,0.49814484931465819,-0.079849938372025087,-0.14396902621944305,-0.091590432199942465,0.98533451792721316,8.1594325283763514,10.196866566695409,-2.0483115639775971,,0.2297165202582148,0.358974358974359,False,5
0.43228864860258465,-0.88679178010796811,-0.16348352523203558,0.88701004999639022,0.45081285963931272,-0.09990463847704284,0.16229508770986939,-0.10182388873328323,0.98147450307610107,11.996557116741018,14.267099526575825,-1.3165906665002665,,0.1748068004018588,0.4230769230769231,False,5
0.92340051436056636,-0.38376295378128944,-0.0075819116125976811,0.38269665548390142,0.92199757151769846,-0.058853614985847374,0.029576341221952459,0.051443886133594449,0.99823783068935834,-4.5811847334073397,9.7611725208937266,-1.8708023030153282,,0.172764328889933,0.1805555555555556,False,3
-0.67756648922724838,-0.73108771549263141,-0.080089980222405988,0.72322356154145506,-0.64254637098049039,-0.25314391395230967,0.13360887959845119,-0.22944479378614438,0.96410775014874739,-4.40053836496197,-3.5111250561346408,-4.9248094931352693,,0.3238526149397555,0.1875,False,3
-0.72839331354360137,-0.67722961088201306,-0.10393861135097357,0.67455832939970195,-0.68224178884319198,-0.28198794618480333,0.12005932293018699,-0.27551079053394145,0.95377123214998827,0.16865030606447148,-20.473961652938165,-8.7243674754519258,,0.2588290061744247,0.6136363636363636,False,4
-0.5809921821583206,0.81199093664812827,0.055846244924862051,-0.80491351796032806,-0.56304351745003667,-0.1873398677863804,-0.12067440853652894,-0.15379439605780523,0.9807063632227403,-9.0476598927079195,-7.6752787740800494,-5.8002786877609891,,0.08465249333412485,0.34375,False,2
-0.25699810392164163,0.93263727795455964,0.2532581338282956,-0.95402398169535962,-0.20301201530043417,-0.22050932858677147,-0.15424077583704471,-0.29828481257544126,0.94193203239725365,-0.37226085431268574,-9.8225551971411313,-6.2623771943460866,,0.2695014432755864,0.35,False,1
-0.91552885682460183,-0.40218487210231141,0.0073648471461654659,0.39194556392280699,-0.89603917687931678,-0.20854847978029165,0.090474235242260087,-0.18804553211784977,0.97798429977573975,3.6643077842375082,-26.633296466373615,-9.7587598925574675,0.3331777513740801,0.2844376425350779,0.9666666666666667,True,3
-0.25167029045473011,-0.96776498743608452,0.0096433394250308793,0.9531436450467573,-0.24957161688749932,-0.17097134248504819,0.1678667829244731,-0.033836919732650204,0.98522880898479293,-3.7159959283464317,9.4888339694346246,-1.9664658784538211,,0.2742743228217002,0.9429824561403509,False,5
-0.33053675112394604,-0.93785164163610135,-0.10573435788283674,0.93270198618552769,-0.30747126454883489,-0.18848985766431073,0.14426524571773403,-0.16092147077754959,0.97636664174929277,-5.6445256779700825,5.5845374291093064,-2.7972056027390226,,0.2182910420342879,0.4,False,6
-0.13929817197786995,-0.98391576256932534,-0.11182929603304639,0.97714136151888509,-0.11826019962099912,-0.17666149777079554,0.16059507742344759,-0.13388165428177379,0.9778982174818257,-3.8057328899779757,7.7256916934938795,-2.3017705591236384,,0.2194301130302059,0.3855421686746988,False,5
-0.83684320224685915,-0.54727420176678443,-0.013579504179192247,0.53766321860506605,-0.81697340421346831,-0.20850112749599062,0.10301319436103699,-0.18178395112987078,0.97792784851396342,-6.8901242241897265,-0.31301828037937307,-4.2008025648791749,,0.1993881645261187,0.7620578778135049,False,9
0.13268285501255683,0.9782117529915223,0.15967788292361812,-0.97715373545573614,0.15608577643256089,-0.14424911674025936,-0.16602962768920845,-0.13689045512633988,0.97657317494629414,-2.0856554754891916,-8.9708280098694875,-6.0711386785638766,,0.3659472970901285,0.1891891891891892,False,3
0.91611159275316789,-0.40077843048259887,0.010779577132572559,0.40003123420140302,0.91553526575457178,0.042073611955791845,-0.02673127917916792,-0.034231956117187025,0.99905636071937143,-6.1803502105788812,-2.2998347190572059,-4.7194252979439373,,0.4733975117640485,0.6363636363636364,False,3
-0.92053648878827166,0.36746289734712223,0.13260313677518848,-0.39044995634287549,-0.87646404327544625,-0.28170838190778835,0.0127045031861832,-0.31109773370842153,0.95029300517276094,-4.9117718347453252,-4.3196057986931091,-5.1222020758533802,,0.1884110460995193,0.1153846153846154,False,4
0.56167051912264632,0.82391720330029483,0.075410012957940531,-0.82105749918094273,0.56630076414477237,-0.071888994761247785,-0.10193532747400573,-0.021538027645693885,0.9945578426506424,-1.702483215511609,-2.8882911721803137,-4.6524842518949088,,0.2879723593212433,0.2365591397849462,False,4
-0.72041802846565195,0.69200435763258727,0.046128443277147706,-0.68631018349439366,-0.70175056354589471,-0.19111378441889207,-0.099880910556294944,-0.16934023615351781,0.98048339513013472,2.7321220363687178,6.7257979467636613,-2.6622776112017883,,0.07609038581974362,0.4,False,5
-0.8923805936179382,-0.45128272078580051,0.00088433831829668949,0.44069417244740039,-0.87186113928265119,-0.21365111789938931,0.097188077998265718,-0.19026838867484791,0.97690962620197364,-2.4000169913632949,-8.3972706031016706,-5.9124495062111917,0.2398786129916103,0.2131173098219586,0.9801980198019802,True,1
-0.99395472388352979,0.105797991105217,0.029339256086647805,-0.10965242366299204,-0.97001063580427027,-0.21692328692749646,0.0055093424697638359,-0.21882904630029745,0.97574765981828249,-10.670304430514383,2.2020514424543647,-3.5442700766241408,,0.2198668720901571,0.9714285714285714,True,7
-0.85202544006724401,-0.52349827257587156,0.0014859637606412512,0.50744668611000132,-0.82659140477106474,-0.24340195215851568,0.12864878636892518,-0.20663060801506861,0.96992436900880374,6.4969031086536848,-22.197659308257993,-8.7425503062054233,0.3297032682850581,0.2447845219532462,0.9864864864864865,True,5
-0.53528663497538842,0.82203914288055069,0.19421602917610314,-0.83607947186631726,-0.48293594223274133,-0.26027676120528426,-0.12016378464605477,-0.30170270676939914,0.9457992078594446,12.227756074649744,5.5507011948280756,-3.0249409901221203,0.5436199369372311,0.3424561379648982,0.2222222222222222,True,7
0.92493446170571125,0.37763167179505802,0.043480593446220524,-0.37023674720001887,0.92087944166211788,-0.12208933183048908,-0.086145183103382261,0.096826516932788237,0.9915662524747143,-7.9987548516811193,-8.9440534916885319,-6.1373349244396316,,0.2742789079754743,0.55,False,1
-0.96630207266035728,-0.2566205756654163,0.020154019883089201,0.24810030163430508,-0.94935915090486944,-0.19277822211586079,0.068604261538657091,-0.18128177718219679,0.98103535744661086,-1.760877736371586,-10.496761446629755,-6.3795094440994697,0.2735915854622246,0.2557558340691102,0.7777777777777778,True,5
-0.81663252196957192,-0.577096758043108,0.0084057074510763448,0.56470775064118917,-0.80194042221612361,-0.19492746235868386,0.11923288316310766,-0.1544373370398554,0.98078164160054138,2.7082097496613682,-13.759307721789158,-7.097488230516694,0.2479191761690201,0.26423937411619,0.9461077844311377,True,5
-0.95917371596182355,0.25686290578135046,0.11835214506525513,-0.2818877404824281,-0.83437840111404549,-0.47365808925857017,-0.022914719585833482,-0.48768240832321336,0.87272033563930007,-3.3916166102556984,9.8732981481892939,-1.8106188543950081,,0.5043352984107328,0.25,False,1
-0.45785543364896619,-0.88109871181541977,-0.11846291367058107,0.87904971970938806,-0.42877327479168015,-0.2083868256470732,0.1328156322010417,-0.19954583148145408,0.97084574932448009,-4.078172161684936,5.8291854480091123,-2.7262206542670815,,0.3654823910934832,0.1075268817204301,False,5
0.081658772257075712,-0.9961016626844037,-0.03336648784083926,0.98184308864956504,0.086150997272313748,-0.1690034169479063,0.17121914082411788,-0.018960043943821121,0.98505051776500197,-5.2204611667112957,0.18013428871994708,-4.1111958682980472,,0.3958736009781491,0.6327272727272727,True,5
0.92261396054447198,-0.38569105030896578,0.0050885675794463889,0.38271499901630135,0.91369084610118589,-0.13674160770903604,0.048090636681127258,0.12810718739581442,0.99059368017423655,-1.4382659300351566,0.13364210888124783,-4.025252803558125,0.3958285401134786,0.2520774412540079,0.58679706601467,True,5
0.93551128325497501,-0.35327841541047295,0.0036055662101184029,0.35066505118545527,0.92725081204312187,-0.13130100320436744,0.043042546157636842,0.12409791606000707,0.9913359906963084,-5.0216478875233221,-1.4419647988005222,-4.473257865169602,,0.1345988481034234,0.2890625,False,5
-0.35764604677910317,0.88349528970061963,0.30253161537283496,-0.91251150970643358,-0.26175543345789937,-0.31433554954626475,-0.19852468329294579,-0.38848444773515034,0.89981541662240394,-5.659636270061875,-3.2439818149108617,-4.9349101233810444,,0.6079118465774255,0.1184210526315789,False,5
0.36339056839394207,0.91802372703750901,0.15868122572784629,-0.91884053301409752,0.38129538841266175,-0.10171480553788356,-0.15388102447247948,-0.10884054102861371,0.98207655859199794,-4.5458421069666244,-3.6694117260638444,-4.9450524949363963,,0.1755504905701694,0.2051282051282051,False,3
-0.54812813029180918,0.81736824073752912,0.17738295244031341,-0.82942009901923841,-0.50386200529517644,-0.24121645665841498,-0.10778614069407379,-0.27934251136116184,0.95412258605522859,-4.4558598927164716,-8.5885489791357408,-6.0157551584036613,,0.3054326226055593,0.376,False,3
-0.98720923336952249,-0.15667336503101251,-0.0295192520199642,0.15191593930314301,-0.8682436036861082,-0.47230773023930434,0.048368139674819413,-0.47075099718218211,0.8809392837854253,6.2710675225142687,1.3234699846073594,-3.851745200240269,,0.4497584637964858,0.3248407643312102,False,3
-0.72917050454979593,0.68212605881065247,0.054903690094957852,-0.67838461682125639,-0.70994879548889112,-0.18912170537553619,-0.09002603487255316,-0.17514778809713843,0.98041754644121248,0.82001807620917622,10.267247835303898,-1.8921617657169019,,0.2570725243861963,0.9846153846153847,False,5
0.68545817281246013,0.72684955218805891,0.042858159183774107,-0.71421098306442932,0.68265268696921022,-0.1545573700729253,-0.14159719275022734,0.075332844481911493,0.98705379668360493,-0.55603257628639791,12.43862731753406,-1.4454287793426566,0.2482244770792197,0.2301033894378894,0.8533333333333334,True,6
-0.76357861318757658,-0.6456905454793368,-0.0056054403157279227,0.63332207174413446,-0.74720290273343937,-0.20147202185027938,0.12590017841232079,-0.15738977611432842,0.97947823020750524,12.032246574033042,11.001341146590882,-1.9613805993892857,,0.2774734893627576,0.9381443298969072,True,5
-0.84226719246039428,-0.53905691476152395,0.0019024070735042843,0.52800303682147443,-0.82569654952778493,-0.19859003299564662,0.10862214144541218,-0.16626139282977931,0.98008080260870112,6.8323551925137984,-14.381926592045259,-7.1225971830142285,,0.2537291294770904,0.5833333333333334,True,5
0.63690227531297572,-0.77092090764414523,-0.0060370405234062979,0.76272965096379308,0.63123647166472541,-0.14065559491509133,0.11224513905646141,0.084979238625649905,0.99004017987190818,-12.308409466620931,-10.784931883263887,-6.5160088643751024,,0.07043783728238681,0.3636363636363636,False,1
-0.53848097996287103,-0.84261931606790519,0.0055607919832999508,0.82812362405943452,-0.53041394129098995,-0.18130723691796385,0.15572250156253786,-0.093025475400094634,0.98341078061697673,-8.1892385198289901,-10.592778764212159,-6.5088556766778742,0.3820590203384368,0.3270489301175634,0.9572192513368984,True,5
-0.9812310078433748,-0.19218312438614038,0.015854209152698959,0.17959645582363787,-0.94070730169888084,-0.28777575573004788,0.070219814171388409,-0.2795271350541722,0.95756658174047804,-8.7290762496806753,-8.1208290559180387,-5.9251594988982044,,0.1293850972640697,0.3333333333333333,False,2
0.97572190987977359,0.21521174421527239,0.040628311955911156,-0.21368222211267443,0.97612888182701329,-0.038888481792618446,-0.048027726716515867,0.029262795747592392,0.99841726059372504,-1.6656853738998583,-8.8948234189485245,-6.029213807851721,,0.1729958549274729,0.12,False,3
0.75644033776542019,0.65288784427800783,0.039185178261087708,-0.64187043540268218,0.75251999111070356,-0.14736352036619454,-0.12569948113380811,0.086319903688329438,0.98830588112685491,-7.3767264654765476,16.414564949044852,-0.3574782514049199,,0.2819857215510433,0.8064516129032258,True,4
-0.49123714720253314,0.85220279740752491,0.18010124180333964,-0.85403962048274495,-0.43061304463358496,-0.2918710887311079,-0.1711794142238045,-0.2971915171773622,0.93934807726625591,-1.0510998347285123,6.5211169694558642,-2.6932078242042459,,0.5027378380316263,0.2844444444444444,False,5
-0.98219845283668383,-0.187101822911898,0.016706498982988274,0.17594638562292853,-0.94748316142424061,-0.26705529053691079,0.065795658150455127,-0.25936184507473503,0.96353638472450898,-5.359987088831665,9.6857465086359813,-1.9301131428332088,,0.151893848575251,0.303030303030303,False,4
-0.74782251474066985,-0.65514539845157704,-0.10745228398999898,0.64961166832083572,-0.68868540657911115,-0.32205137966850483,0.13698965956729603,-0.3106395300870306,0.94060454789403791,-7.3342124717669455,6.5440217354595527,-2.5482077811786552,,0.3347481301692777,0.3235294117647059,False,7
-0.51123543421144513,-0.85938442640893842,-0.0098355707722280472,0.84583717636415201,-0.50108236138868456,-0.18296430850157294,0.15230824628677866,-0.1018571291119096,0.98307035524530306,-10.435628554646675,-3.3725269892287906,-4.7539649876400683,0.3607027748803951,0.2827918550929865,0.6818181818181818,True,5
-0.13462155470338832,0.98873021693594554,0.065495000778989579,-0.97581794484379358,-0.12079592976233133,-0.18217486619643217,-0.17221026546079266,-0.088435860772941743,0.98108242416183911,-1.9076735332438806,-26.493778167403896,-10.21732528128825,0.1716400473414953,0.3215403156246894,0.8484848484848485,True,3
-0.97149604259385314,0.21596161614121395,0.097754895417861032,-0.23655114564210877,-0.9100569990372035,-0.34035248493114489,0.015459454061766055,-0.35377512470081085,0.93520274081240684,-9.4868405967756111,-0.36506187491994191,-4.1224036127462682,,0.2252718794539532,0.1780821917808219,False,4
-0.25619882600700183,-0.96058718912513497,-0.10786293914642517,0.95430314154533269,-0.23359389088899241,-0.18638510717342635,0.15384302255657267,-0.15068558732676768,0.97653785291848461,-6.7365942521356903,-4.4081717259402327,-5.1261767678550232,,0.1268526017438904,0.2051282051282051,False,5
-0.9518220989545384,-0.30593920845852635,0.02087804276142315,0.29678253488271394,-0.93618736848681006,-0.18834367012016431,0.077167473266708642,-0.17307342896445108,0.98188123989417353,11.539208109406999,-7.1220132950300084,-5.5441327590145635,,0.2809797892389446,0.9411764705882353,True,5
-0.078223000507050514,0.97395674602262017,0.21281310831032546,-0.97955242342593984,-0.035397625780161361,-0.19805064465811634,-0.18535968264981947,-0.22395371165969988,0.9568105993778504,-2.0907512055138833,-5.1962510231623753,-5.215272080271518,,0.3456974678300447,0.3410672853828307,False,3
-0.93009191539379721,0.36622521474050285,0.028427469239639125,-0.36536878124041949,-0.91437920376000126,-0.17440276782814426,-0.03787720441094708,-0.17259711416909479,0.98426396539064276,5.1621749655413796,7.5038843013263579,-2.5371867681232221,,0.3160808292016789,0.9673590504451038,True,5
-0.99030577781064177,0.12099250891358773,0.068229606635649517,-0.13520449221871461,-0.95224362962095022,-0.2737732914843935,0.031846690860112839,-0.28034422168668743,0.95937109902693363,3.1018364274274259,10.783430682159461,-1.8356333603859292,,0.2583123536715527,0.2662721893491125,False,5
0.43797364577215253,0.78014145023027159,0.44671960248197934,-0.88456961661201283,0.46261704797486741,0.059346948446364289,-0.16036108934503171,-0.42114698687706148,0.89270349863123466,-0.17592505268459213,-2.3099706066382706,-4.6290969075950263,,0.4103963690416789,0.7142857142857143,False,1
0.58416270767169742,-0.81146900487263751,-0.016491970673134158,0.80041867293937674,0.57933648643456626,-0.15394539127762311,0.13447631380893704,0.076728675321970002,0.98794171458021618,7.5549208265386385,12.231491710180734,-1.635799834585508,,0.1273347243232402,0.3695652173913043,False,4
-0.52911166394574261,-0.84834641751357809,-0.01868697322859918,0.83571159863374167,-0.51716194548500827,-0.18474210687116954,0.14706111309793857,-0.11336612383794528,0.98260935828046947,0.55248759496741207,15.746938752241903,-0.75012039994185109,,0.2194428274765487,0.2631578947368421,False,5
-0.76615529814305505,0.61273375737965596,0.19381280064725576,-0.63603700525814522,-0.67978993448759317,-0.36516102326453381,-0.091994494778622898,-0.4030421659538368,0.91054600399631824,-3.2635018326790894,1.1470435659374927,-3.7237580973876296,,0.374933747272619,0.1718213058419244,False,6
0.980462850992732,0.1872764524660816,0.060167500986193001,-0.19135884025077957,0.97892652787340262,0.071306712752737311,-0.045545494629882902,-0.081427166089974107,0.99563809918136159,1.5666254782102136,2.0473644942378773,-3.5921355674602817,,0.7558472828929912,0.3428232502965599,False,4
-0.65173297117742934,0.74578665719201709,0.13800868173631992,-0.73845671617329534,-0.5824577922737938,-0.33974195878356162,-0.1729907876703069,-0.32333447415005862,0.93033811337992156,0.18223408810539507,14.871751181585237,-0.92134756756382175,,0.2629698604958156,0.2272727272727273,False,4
-0.9954063920830073,-0.094616463275455587,0.014623251264143303,0.089612327729658783,-0.97453165109147055,-0.20556675738018534,0.033700820749087798,-0.20331204071125766,0.97853383629931845,0.92721851891305207,8.4753258466096053,-2.2963916857763587,,0.1079734631669143,0.3529411764705883,False,4
-0.31112781214256763,-0.94960657857601993,-0.038037224353604196,0.93593042300113993,-0.29920585687191592,-0.18576893850816867,0.16502644579669143,-0.093398078881151661,0.98185695040012,-8.2937190451952549,0.34301581653436763,-3.9371283086469435,,0.2233829465021668,0.4848484848484849,False,4
-0.82998296010683315,0.53130386790881845,0.16983664468373313,-0.55406964914727008,-0.75020028115978821,-0.36084118673122223,-0.064304819618134917,-0.39359336642390769,0.91703279771280566,-1.6437301020030937,-5.7944951638273192,-5.2977659198411082,,0.2816126382264215,0.3770491803278688,False,2
0.64543669832337114,0.75239376056653939,0.13158684401551871,-0.74638500363414007,0.65787129814826661,-0.10057226965112002,-0.1622371560632411,-0.033301413382221298,0.98618969831328906,-9.1339985644236528,6.909699163933392,-2.4928781323015898,,0.2745055985589827,0.125,False,7
-0.83401351765264187,-0.55163940915799947,0.010743120425643789,0.53930332518568425,-0.81916518050550158,-0.19524428414438655,0.11650483172955076,-0.15704257165241181,0.98069580139432977,7.6846743618127267,-9.1187483825545499,-5.9595283104177694,,0.3005725936224332,0.9572649572649573,True,4
-0.60457318676519589,0.72341496733150235,0.33340972824039766,-0.79466378943091465,-0.51897987846655802,-0.31491165033090551,-0.054778860994671844,-0.45533577806668868,0.88863299826223452,2.9328995575676875,0.68750427868196662,-3.8996305738816668,,0.3403373198177393,0.3452722063037249,False,4
-0.084476446921076392,-0.99628372281506083,-0.016806950031259215,0.98275790575479094,-0.080521744303895484,-0.16644262486128916,0.16447075299897035,-0.030577644579345063,0.98590789582999627,-15.037588421685999,-4.2261085380997052,-4.9800522300023653,,0.2912553302887672,0.8666666666666667,True,4
0.68315238893732166,-0.73022395673763718,-0.0087055439612077588,0.72150063248390972,0.67673793611465993,-0.14650120528033023,0.11287006163969873,0.093801592895326635,0.98917218438235033,11.027923626835234,20.116684368234981,-0.23076951113691979,0.3845400497407091,0.2372450960161673,0.9545454545454546,True,4
0.9824738026435369,-0.18624282203730363,0.0076706165808492488,0.18639000780090736,0.98202628247949442,-0.02971776424098474,-0.0019980268083366684,0.030626651124246666,0.99952889709592074,-8.9292555928508612,3.6020730746103724,-3.2263015001976751,,0.1967205306828881,0.2857142857142857,False,4
0.54415836850005139,-0.81982524606710283,-0.17826451105695956,0.83175696311474023,0.55497954608798716,-0.013343827566208305,0.10987276414793212,-0.14101159290989676,0.98389212130370607,-2.1546080472729319,-1.7771385032826399,-4.4651203524819048,,0.3391451188327078,0.3205128205128205,False,4
0.96910336019905285,0.24488139752160301,0.029525893699777074,-0.24626690371117643,0.96733349164399784,0.060154202516038285,-0.013830740667589901,-0.065566890209136391,0.99775232072939213,6.2475215711079866,-9.0493397429531424,-6.0229019740536911,,0.4670449032783206,0.4095238095238095,False,3
-0.98471146422745393,-0.17296714883240094,0.020632441537904264,0.16573990411367584,-0.9667790817934464,-0.19459828157260639,0.053606122816470467,-0.18820353990138416,0.98066600387959557,15.565549806960634,-2.4348365151244424,-4.6774305372779157,0.4485679544943658,0.3462048019867134,1.0,True,3
-0.36095313945092439,0.93171217397006501,0.040314463862197836,-0.92108138925201433,-0.34939927024934275,-0.17184069460638729,-0.14602022289429775,-0.099159340584746333,0.98429950710172431,-14.352027414509157,9.7163902203505987,-1.8552593823411931,,0.0764249709113776,0.24,False,1
-0.88377038148965703,-0.4676935612037465,-0.014582373269876141,0.45716629379442275,-0.85639557871957095,-0.239969982639165,0.099744135766951958,-0.21874493264559752,0.97067077931808343,0.7262458134479266,3.3563033727545664,-3.2832407677118667,,0.1189544695852087,0.315,False,1
-0.095391685838677839,-0.98353820993579488,-0.1534699184503171,0.98118469839963629,-0.066903406891408099,-0.18110914326101193,0.16786010216626834,-0.16785864214455773,0.97141467065209353,-0.038820198288620655,20.806467422944504,0.23687816988808399,,0.1131681893127477,0.4444444444444444,False,1
-0.52834917550885074,0.82589597847959784,0.19683236895984635,-0.84597289518309926,-0.49245890171178824,-0.20448494013091609,-0.071951437474469582,-0.27455429855685543,0.95887586672588154,5.9132284381402469,-1.7878886642604521,-4.4935675006011504,,0.2251688863534674,0.2784810126582278,False,2
-0.34032384203645516,-0.94027235470387327,-0.0082207980865130342,0.92578499292894678,-0.33352401014544575,-0.17799966720207783,0.16462633267219368,-0.068188222121814329,0.98399620779491326,4.5502507068664269,-3.7147346211642591,-4.8806147397632076,,0.2693074157464359,0.9435146443514645,True,3
-0.9502491799849645,-0.31122064942689359,0.012969321809836478,0.30328728365755886,-0.93391351327256411,-0.18926799332829003,0.071016332695542167,-0.17591832507502111,0.98183981554695421,-16.245868267600514,10.110612039400358,-1.7469242263752391,0.347201194531458,0.3666697558861416,1.0,True,3
-0.34956209929081589,-0.93622254507875691,-0.035967830427369826,0.92236527609016183,-0.33714170475620175,-0.18862069975800969,0.16446469591531451,-0.099110125619617712,0.98139112834646414,10.884300091106223,-1.0122058297130059,-4.2642588317554697,,0.1602104026563679,0.3181818181818182,False,1
0.67585838540516119,-0.73615889975488025,-0.0358541097952782,0.73157217165673294,0.67596793747533024,-0.088710231443724488,0.089541055024941293,0.033725684826723133,0.99541196378584285,-3.4649833664598191,15.678330269736826,-0.58754890981770913,,0.1571324933620589,0.3888888888888889,False,3
0.039670393476620242,0.9916689799307149,0.12255159780511651,-0.99028927941936806,0.055374031498840459,-0.1275180759839013,-0.13324189637077646,-0.11630284123245802,0.98423586917607231,9.5230788372526689,15.885837851165443,-0.94456128606488443,,0.160145769449376,0.1666666666666667,False,4
-0.23275346341435985,-0.97252884434441089,-0.0036704477581298925,0.958275460446113,-0.22869502630465458,-0.17148389676673509,0.16593362279963375,-0.043430770907713481,0.98518008554931269,-13.262281145901264,7.7911227531823659,-2.2042687921821273,,0.2519037098447391,0.9578947368421052,True,3
0.95463477681375652,0.28343834472115442,0.091297029740741248,-0.28865379000852576,0.95613321110215654,0.049882583545695663,-0.073153485299497306,-0.073972882661224787,0.99457356702223165,-9.9591411069783327,8.9133648285734228,-2.0819017463683651,,0.2307692736044982,0.2903225806451613,False,1
0.76460219818530095,0.63999078231235729,0.076126717290459472,-0.6338110280383602,0.76807997905478642,-0.09130567623184789,-0.11690619858314494,0.021562567806614558,0.99290885603987966,-4.6207829859811227,10.613716970030428,-1.7130182892246208,,0.1257912018074375,0.3125,False,3
0.61154095286981203,-0.78842179049964345,-0.066398367663810895,0.78262609041138276,0.61510039630276403,-0.095644681376315321,0.11625001320634909,0.0065255446913754858,0.99319854595946955,-2.9711997510144958,-3.1012423312855493,-4.758540176771108,,0.1152037063503969,0.2622950819672131,False,1
-0.7772709461994094,-0.62913305874258207,-0.0064397664147259788,0.61685184810397276,-0.76000298280726697,-0.20466866788731811,0.12386958337294436,-0.16305539096043015,0.97881012754964547,-18.221671826539584,4.7464158796163289,-2.8808379103363566,,0.1995114737747437,0.7567567567567568,True,2
0.9947616201249968,0.098074643234756675,0.028821580120918081,-0.093513868429175501,0.986973756058242,-0.13091203635913851,-0.041285294448534071,0.12753105193113065,0.99097495188104368,24.68810393572625,17.571709120760879,-1.0231815229030521,,0.2092173171839148,0.5238095238095238,False,1
-0.55970705305382495,-0.82868572946323249,-0.0028242779241563765,0.8151603635126986,-0.54995207221747267,-0.18184141448402968,0.14913616771141625,-0.10408016164331159,0.9833238141287205,15.377498755710567,-11.494486914544916,-6.4840795231091022,,0.2940350386272527,0.9491525423728814,True,2
0.84027211134522051,0.47473555419931968,0.26185670217603502,-0.53067612610196679,0.81907777903103651,0.21793219377364315,-0.11102084525373433,-0.32208344489688978,0.94017903956772886,-8.82436506626442,9.1703241878170569,-1.9838664284925005,,0.26988426495213,0.3103448275862069,False,1
0.47873139679664672,-0.87416011471605559,-0.081610927949290049,0.8750925189369948,0.48260955971882685,-0.036070710673702211,0.070917790586264989,-0.054148930807660624,0.99601132537273407,-7.9371925291770076,2.0912141580370234,-3.5522347551375706,,0.1734681699082475,0.1914893617021277,False,2
-0.87201431834619192,0.48922760558062062,0.015728271903778776,-0.47988922392025513,-0.8481563235216496,-0.22435949642360667,-0.096422825951337054,-0.20319252153583736,0.974379514269192,1.0989435346184222,-0.58727545780233292,-4.1393924954480843,,0.1689790805748517,0.2008032128514056,False,2
0.99623737953847491,-0.084238427167019569,0.020370836967093971,0.085956984118309543,0.99041399887409698,-0.10812727553908687,-0.011067090475724177,0.10947144934935167,0.99392832804269904,4.5944680464988776,13.13143099524657,-1.4230778457149813,,0.5009309365500788,0.525,False,1
-0.41714467403492972,-0.90883319313311184,-0.0035423133349805382,0.8943793211879224,-0.40981174617645644,-0.17927621852112485,0.16148049651807095,-0.077952291533184309,0.98379240162190829,18.637980772535339,-7.5940310653565239,-5.612846999741123,,0.2341195192703004,0.9555555555555556,True,1
-0.74904296719644148,0.64117335136240805,0.16682735625864201,-0.661233699313024,-0.70780583929187846,-0.24855761657437064,-0.041287143112148296,-0.29649220456365571,0.95414241308445102,-6.2425940246691898,0.71081027176166933,-3.9615253605963563,,0.3650242385395334,0.4912280701754386,False,2
-0.65387574188044206,-0.75566330371640245,-0.03767606132165309,0.74313763803391009,-0.63209018767960679,-0.21956421743203125,0.14210195325076319,-0.17156621478476222,0.97487028307705959,18.142491417628275,5.780418891853639,-3.0327354400577988,,0.2466637384393241,0.8125,True,2
-0.20906050280417934,-0.97532874960135008,-0.070905122299668805,0.96345552495411402,-0.19301237310573091,-0.18574088204670303,0.16747285631605152,-0.10714501401913859,0.98003713621892008,2.5156599893247158,-3.1706680746578821,-4.7364707529540677,,0.192614500641832,0.1843971631205674,False,2
-0.98135160959160939,0.18921549066865728,0.033860248714057212,-0.19211248151856042,-0.9595336461702374,-0.20588340465426438,-0.0064662815233599742,-0.208548986950956,0.97799054558057552,21.838935141021821,11.93454716016584,-1.9908206995090652,,0.3413381667979405,0.9682539682539683,True,2
-0.99212419964127452,0.12215543896917136,0.027705977990496299,-0.12523468579664052,-0.97163908961978018,-0.20058353121894776,0.0024178419256744056,-0.2024735248201476,0.97928475214685529,3.7170533628812863,13.581705358667406,-1.2375824908892918,,0.2709349847740163,0.7012987012987013,False,2
0.73805577145633128,-0.66833131321848904,-0.092773562999651171,0.66750936528037819,0.74328695404433831,-0.044223876022774139,0.098513580195763492,-0.029287535217918634,0.9947046369640955,5.6891317246124071,-14.12909636358741,-7.1800244904665655,,0.2228822991856024,0.5357142857142857,False,2
-0.82337524971962051,0.5472532853501697,0.15022329986589592,-0.5626864619873353,-0.75287743511019023,-0.3414081328821521,-0.073736989668200401,-0.36563562377775477,0.92783266108675255,9.3450005317581741,-10.644655678584597,-6.2359738238500189,,0.1718000859704117,0.3157894736842105,False,1
0.23696177043598654,-0.95838707032652282,-0.15919592577320255,0.95897905307031472,0.25698441422141205,-0.11965862534577185,0.15559015111569513,-0.12431103844076741,0.97996860694492294,-2.3490386453128802,10.213669067184751,-1.8087849966635965,,0.4209103558857918,0.4418604651162791,False,1
-0.39435360618717968,0.91388303639878299,0.096452211326167561,-0.90777694802545783,-0.37107994241977404,-0.19555226658702438,-0.14292041813803988,-0.16467383555464465,0.9759386671112944,-22.334379143459696,6.628307021753657,-2.411504105940411,,0.1002271417940065,0.125,False,1
0.49234572628875339,-0.86795416725028718,-0.065201605486824424,0.86027119627486703,0.49664388697474632,-0.11523158590605199,0.13239771397198777,0.00064271570312760679,0.99119646501161196,16.710718993962512,8.7058665042723771,-2.4322328419024442,,0.1092776532953334,0.4,False,1
-0.76608243893398864,-0.63721335731543149,-0.084123920591876872,0.63028896564509196,-0.71913760664883375,-0.29253533545441651,0.12591074832194582,-0.2771285621551558,0.95254723950826936,10.526552477470599,-5.0223349300210991,-5.0417528838566232,,0.3521660993312793,0.3061224489795918,False,1
