axis_00,axis_01,axis_02,axis_10,axis_11,axis_12,axis_20,axis_21,axis_22,location_x,location_y,location_z,dbh,dbh_approximation,score,reconstructed,number_clusters
0.99985911013165063,-0.006874411957803475,-0.015313469462517382,0.0055548922522335297,0.99639934123610607,-0.084601985534153865,0.015839919785501446,0.084505001298677662,0.99629714528181823,-13.752382457453109,-0.99638875131473148,-2.3590473456448779,0.1287526942143055,0.09668008753920046,0.2954545454545455,True,5
0.92406381874056864,-0.38153953349078157,-0.02310072029687741,0.37799952037767953,0.92112165714958549,-0.093012124608818192,0.056766376393443736,0.077217077862599556,0.99539695669492567,-11.082719212431774,-4.5580525546758777,-2.8500673013282829,0.2363957079136123,0.1920687779323649,0.8518518518518519,True,5
0.94330812149954457,-0.30620855228653332,-0.12808633970718961,0.31688208663333123,0.94565107088613554,0.073005447076299801,0.098770092051724351,-0.1094548977364188,0.98907234026516144,-11.441656522576938,-10.149080755779014,-3.3988918301931248,,0.3024335178805563,0.9019607843137255,False,5
-0.99941986147100326,-0.03239957119510161,-0.010498013319480852,0.033542365438657192,-0.98979373353934652,-0.13850369947052782,-0.0059034073264544072,-0.13877547633719817,0.99030627431584184,-16.64910494041623,5.3104771806845577,-1.7636740661689125,0.162046125939655,0.1869435356555651,0.9464285714285714,True,5
0.55999700031612654,0.82790676085766324,0.031205047077569957,-0.82337958178727577,0.56032359639706608,-0.089908462429683214,-0.09192074810809564,0.02465487065127598,0.99546105570254106,-11.830682641009552,-1.5254428835652778,-2.4671990031009501,0.1317413137567119,0.1486469842498915,0.8089887640449438,True,5
0.72881010272200963,0.68430365963110551,0.023755748479298268,-0.68100415646251977,0.72803055176602971,-0.078770899296781549,-0.071198125334219375,0.041231263753712083,0.99660965770865684,6.2462819142249657,14.265773586126365,-1.5314318021654179,0.3325227144351088,0.3225389354964026,1.0,True,5
-0.18340795530653772,-0.95653526406276901,-0.22671967390291428,0.97195541342503156,-0.14191977743157466,-0.18751386905386036,0.14718762259120505,-0.25475294969468176,0.95573884423403443,4.3502708031064268,-10.285263030165542,-3.6157330055743895,,0.2923190219299396,0.3333333333333333,False,4
0.72568339985360808,0.68778208975582311,0.01842281704902177,-0.68414058769675146,0.72416632286630489,-0.086803185956731269,-0.073042860314012678,0.050387834220258228,0.99605512232995408,-11.932758403452867,0.3038150378457648,-2.295760614587353,0.1987257061178095,0.1908195378764611,0.84251968503937,True,5
0.68454107900334149,0.72160786219562179,0.10337119702511451,-0.72239952372191574,0.69051427968339962,-0.036454871823453486,-0.097685409776945439,-0.049720446204551683,0.9939745660457967,5.3690729271821729,3.0739967645685411,-2.4936147344608157,0.296764207581968,0.3093318995934499,0.9353348729792148,True,7
0.24011520864034444,0.97072872457108228,0.0055163277824081701,-0.96410138680077762,0.23913185906919093,-0.11543166786861186,-0.11337196544305271,0.022398599748907327,0.99330010579928318,13.323883468223338,8.1817223993796109,-2.1057780691087453,0.2576700971946901,0.2479423097153327,0.9782608695652174,True,5
0.87614027911761949,0.48205620411785655,0.00016546656803735627,-0.47992244263251455,0.87229431167186289,-0.093686086920918094,-0.045306294985824155,0.082002743224824176,0.99560177266729633,-8.8921887841189715,3.1224561812043792,-1.9950007180296223,0.2413878897119526,0.2141867031607668,0.9523809523809523,True,5
0.99730900564189273,0.072636393627187754,-0.0099348672067692909,-0.073217441922181298,0.99373055534339738,-0.084491357991666585,0.0037354335694674357,0.084991397786718367,0.99637468295732445,-6.3779935021546779,1.1026193705055074,-2.3119398516336744,0.1885625082937938,0.1622743704873289,0.7792207792207793,True,5
0.72195815858525259,0.68814005104742337,0.072385685025709204,-0.68462720878615946,0.72557765569572386,-0.069445306139228821,-0.10030953215853597,0.00057939584744141903,0.9949561106192516,6.7700966961393316,-14.11183505747292,-4.0003599560008549,,0.1824743265739821,0.5142857142857142,False,4
0.93192091497059504,0.36265824865697482,-0.0015501359376060521,-0.36126357713523455,0.92794513201391693,-0.091686748263471202,-0.031812514453022023,0.086004805986238109,0.99578669265633701,12.594788683387685,-7.17524096358341,-3.5366456188348017,0.2537785304843549,0.2572820436455552,0.9788732394366197,True,5
0.92350931804410918,0.38357450810358873,0.0010659356430226868,-0.3820936171314801,0.92018083880423218,-0.085274214419848893,-0.033689868404121415,0.078344244400149879,0.99635695016208092,-7.6831143417057701,-2.3104327051213174,-2.6201598087276521,0.1996559413267419,0.1906085173493074,0.755,True,5
0.61826392655560558,0.78551083865377702,0.026878234270237791,-0.78203269634356476,0.61822543600447555,-0.078880746235639038,-0.078578489229940734,0.027749461877974425,0.99652164472018567,9.6684962748709964,12.335528563781191,-1.7147790450989522,0.2439770553342911,0.2247436649639605,0.9333333333333333,True,5
0.99180145440628942,0.12734869454110817,-0.010591743777380964,-0.12778513826738891,0.98777140869070879,-0.089323023970073662,-0.00091294882357834204,0.08994417252857223,0.99594639030050069,-8.489959244179726,-0.81162440749507425,-2.4499488491474679,0.2592361536022653,0.168395025611773,0.815028901734104,True,5
0.27307636461742413,0.96186271538996493,0.015792904418650097,-0.9555187538190395,0.27310352270293581,-0.11134799947623089,-0.11141458695989186,0.015316090555100225,0.99365598029834568,-7.0185187935843834,11.552319978464613,-1.3488873148529226,0.1903686736672615,0.1999384214238679,0.8888888888888888,True,5
0.14151201082938314,0.98283864706893032,0.11833234815019153,-0.98311942310586253,0.15353405581827634,-0.099516298242980222,-0.11597650927243813,-0.10225207837351762,0.98797467668218852,27.211347784363863,4.5020975453820551,-3.2677772397007714,,0.1697983131582664,0.3181818181818182,False,2
0.40258862853090366,-0.81883528055825827,-0.40918355232179671,0.90859990260450574,0.41176896100236604,0.069946692145624531,0.11121426691161893,-0.39994387864813036,0.90976715744590408,-5.3321767049048949,-12.088124475818212,-3.6779733837833501,,0.3732189645434752,0.3111111111111111,False,5
0.57547299286553621,-0.80525912179830261,-0.14278858933055441,0.8060301392640643,0.58800511313335646,-0.06756775508319629,0.13836997174364238,-0.076208488304493532,0.98744418436183434,6.9753465539847284,-5.3016653297576184,-3.142636048907506,,0.5115514657451895,0.787746170678337,False,4
-0.70873108483112313,0.70348062765724118,0.053058985149302296,-0.69975746663372485,-0.69143340519346297,-0.17960883628854357,-0.089664582107159843,-0.16442278641826724,0.98230616918657365,7.767812970507288,2.2765098365128784,-2.6110234119861695,,0.08873587084893571,0.1714285714285714,False,5
0.97645245491331911,0.21557870084240632,0.0081502783297352707,-0.21476475031792086,0.97495211408075666,-0.057831455716972534,-0.020413361179212056,0.054719274415541627,0.99829309107736663,-7.0827037213277588,12.593351294582975,-1.220946302305012,,0.1074680927585423,0.4827586206896552,False,5
0.99855315530402489,-0.051380345532456129,-0.015863673135266161,0.049699535644577714,0.99446582455705546,-0.092561762865507644,0.020531736144089111,0.091639423181415436,0.99558056626768709,18.101895966668444,-6.3645124948438045,-3.6492712809087271,0.2589106457943264,0.2140342272893706,0.9420289855072463,True,5
0.8526313067851764,-0.52145191981418282,-0.033282878660142928,0.51740124319763203,0.85146356244644306,-0.085473711534937186,0.07290958940597464,0.055656959565858789,0.99578436150832239,-13.190487039065149,-3.3666844382110108,-2.5883252301758182,0.1840796150833735,0.1826055538138969,0.8387096774193549,True,5
0.9558308603326533,0.29391151576291069,0.001840472137128157,-0.29299699505054128,0.95331452017887675,-0.073103943173206246,-0.023240639558591649,0.069335752091302369,0.99732262891946899,-8.245392174164369,-10.871717809651978,-3.4702521673122173,0.3189769474967352,0.2435162973196436,0.9032258064516129,True,5
-0.96512507913671641,0.26162680693889934,0.0092193010745482661,-0.25166926660343591,-0.91754396875057231,-0.30785653421153525,-0.07208440794399254,-0.299440276683691,0.95138812207792411,15.708439266516011,0.34035916954626438,-3.1107107323928833,,0.2255302269485636,0.9821428571428571,False,3
0.30088053553622379,-0.95167968796762248,-0.061454656823413119,0.94631803489858279,0.30592481369684721,-0.10436563222744376,0.1181231567522637,-0.026754062764329217,0.99263847394934379,-8.7077916446946872,-5.1024601220183419,-2.871723500781747,0.215557575360934,0.2125181718281336,0.96875,True,5
0.49954780462844434,0.86563982212766433,0.033461757839171657,-0.8604596175144037,0.50029002326226701,-0.096535689002601399,-0.10030572026493893,0.019431700157890568,0.99476689305138499,4.5563269749348247,26.032916682263352,-0.5494817241687221,0.2999110066657507,0.2752389651681731,0.4666666666666667,True,3
0.98472959952894645,0.1739131018632841,-0.0078644015571976422,-0.17382428857007035,0.97971941711071209,-0.099674372028905819,-0.0096297723062797082,0.099519328457032818,0.9949890304665634,-15.182923426963654,-2.5142321946097632,-2.4891450630168652,0.2436219162233859,0.2194031049930494,0.8636363636363636,True,5
-0.74439508254666176,-0.65808419087685488,-0.11314220608732095,0.66404329274825824,-0.7117671811153885,-0.22898468342469325,0.070160291022783136,-0.24558639539887217,0.96683238255583326,5.621713283756872,-11.559369769061968,-3.7435511605530611,,0.1814692656485741,0.1388888888888889,False,3
-0.64382200849275084,0.76487521480087384,0.021427252826220426,-0.75894595860467995,-0.63476424636720019,-0.14517363208071019,-0.097438459029200897,-0.10972810632285109,0.98917414512552704,16.106209295192503,5.6916333167117878,-2.6651063672613966,0.2711408484370892,0.2388249267618049,0.9021739130434783,True,5
0.74251849555053218,0.66968167281021296,0.01388311447367427,-0.66631874988295348,0.74059053569000177,-0.086861855844867247,-0.068451496110694329,0.05524595504207748,0.99612362542592892,8.1281566928971767,7.7386137579967693,-2.1107541436281094,0.2952050069951271,0.261363524637278,0.656934306569343,True,5
-0.028447042976204873,-0.99460656510433521,-0.099742400198042161,0.99204933276849461,-0.015853835663089073,-0.12484701537623114,0.12259236150549951,-0.10250090997705444,0.98714977402336523,6.1951026137298353,19.971449608110294,-1.071382415335139,0.4477530287816809,0.2368875082070087,0.8048780487804879,True,2
0.91156335718344239,0.41115887600151113,0.00079026933865561366,-0.40936332139394654,0.90775862390154316,-0.091629426658117005,-0.038391625880783847,0.083202520499999238,0.99579286181649185,-7.8730898156951623,-4.9123699869557997,-2.864176914471773,0.2231148899699478,0.2073474604083091,0.9411764705882353,True,5
0.70790197723913084,-0.70073660287230688,-0.088560736310788063,0.70194915135023317,0.71189114904362771,-0.021871918800871318,0.078372058411258147,-0.04668195913115894,0.99583061569328135,4.6836626310448608,-4.903798299576243,-3.1325913034792201,,0.1471767558679673,0.1764705882352941,False,6
0.76128642006218195,0.64825198523770289,0.014572242939353023,-0.64504704392461931,0.75942789451065074,-0.084756027297356776,-0.066009830730103039,0.055123830368516279,0.99629516990321976,-6.2786689362027372,13.628952558677128,-1.1888318850313557,0.1904872592440525,0.17288941225527,0.75,True,5
-0.98996989734354213,-0.13308334555340318,-0.047417565204574685,0.14121315256268177,-0.92191008052111423,-0.36075011985702959,0.0042951015035000047,-0.36382774299091847,0.93145634655264908,4.2150562510218457,5.1239132141179722,-2.1845668513787717,,0.1466952425518532,0.3333333333333333,False,1
0.37175650779050512,0.92826190650867868,0.011266403165204268,-0.92218786719677803,0.37066332581241751,-0.11035504742754136,-0.10661442918510336,0.030635466742819577,0.99382837133329205,-6.089856172553656,10.574340847750209,-1.4641745436112998,0.2296363087109702,0.1931292123117644,0.9263157894736842,True,5
0.91018795606107306,-0.41182097917463739,-0.044287309164242533,0.41257570432572338,0.91087790858753903,0.0090952651046777994,0.036594710567233651,-0.026550268526588674,0.99897743237756209,7.8944884302826335,2.921708310616054,-2.5627885749904498,,0.1530668406151595,0.2923076923076923,False,5
0.66297593920631892,0.74850102228996229,0.014461108684368703,-0.74418644928576261,0.66101241525553112,-0.096172322304804395,-0.081544053939873129,0.052998174581124678,0.99525964489580321,-6.7938835636060482,-5.3872815093022322,-2.9583032545486034,0.1886272582497749,0.153732189417624,0.7449664429530202,True,5
-0.7526305282081841,-0.65547213892286971,-0.062478501141991785,0.65486051103623133,-0.73527310972744031,-0.1747316948842062,0.068592995957587111,-0.17242311100203378,0.98263180881647838,-11.558733572374688,7.8734596820488605,-1.5302001072771936,0.1281204649662458,0.1342507837609891,0.4,True,5
-0.99613701988569103,0.087243061912269895,0.0099842757086726908,-0.086507523229167438,-0.95544046398460247,-0.28222325950502919,-0.015082640286435443,-0.28199675162856019,0.95929679767678278,7.9545364368854843,4.0932282962745594,-2.4553776360371788,,0.2857263339361616,0.2734375,False,6
0.88018364482965528,0.47458917216208824,0.0064706290950741051,-0.47243712651395259,0.87733951133749755,-0.084134079523816546,-0.045606061720145918,0.070996475353246588,0.99643343361300019,-6.8328551584870851,-2.8454212855003411,-2.7213166876899493,0.2216424672672497,0.181877645124417,0.8389261744966443,True,5
0.96901611606266458,0.24697005033108677,-0.0036825331348851039,-0.24639803540175206,0.96551874286083228,-0.084033120462089855,-0.017198109227062965,0.082336816940537835,0.99645615739736149,-6.7313243592289664,5.9400540890544438,-1.8312050463516618,0.2278264254340079,0.2022544975461003,0.9013157894736842,True,5
0.99347052618118659,-0.11146766739870206,-0.024316100303502834,0.11209134982744837,0.99335774440200453,0.025998479386762002,0.021256596696984861,-0.028554347501836438,0.99936620231805295,6.7068938155800168,-13.217736178901843,-3.9039168212695836,,0.2466297354705877,0.3181818181818182,False,2
0.90578629336461347,0.42369928096380682,-0.0054872637579156487,-0.42230125092745985,0.90158186777922555,-0.093871130582450085,-0.034825913023184857,0.087344461773359736,0.99556923454856971,-9.2013127199186915,11.530289630323272,-1.2198488331439639,0.189227563481854,0.1716024562178222,0.8333333333333334,True,5
0.23352168785426974,0.9723497173091421,0.0019101179346808859,-0.96630771662137493,0.23228841841573816,-0.11086698096322237,-0.10824517587254187,0.024044082821899876,0.99383341862787855,7.9711123095549876,-8.8203436318426434,-3.50232956507941,,0.0844864519352961,0.4130434782608696,False,5
-0.57009695109232583,-0.81030493538394643,-0.13562956185010816,0.81612235473682349,-0.53954936844234258,-0.20695598834605311,0.094518614325731901,-0.22867529535541781,0.96890342183318556,5.8007595935770189,8.7570701982761641,-1.9925657319465906,,0.453510152216614,0.2758620689655172,False,8
0.58645882990557119,0.80974116849934186,0.019628572620265926,-0.80527423295773315,0.58548927561108344,-0.093465062342802649,-0.087174827560043883,0.039007027337771512,0.99542905385474223,5.7092244334342217,-17.763267673563153,-4.383772661952019,0.3306636579471043,0.3182051206320143,0.9183673469387755,True,5
0.82814496380133729,0.5604482438297308,0.0085839919997654068,-0.55737037416562174,0.82502347396871578,-0.093137175193724525,-0.059280561172750997,0.072346619746621904,0.99561628234891841,-10.144693977417337,7.7372757608624729,-1.5450690772353139,0.1296821901669389,0.09519459554499746,0.6,True,5
0.69647325304008367,0.71721723784861613,0.022900688473624763,-0.7139222163747867,0.69578683531032881,-0.078713078807469666,-0.072388374524344906,0.038472243782240144,0.99663424067813566,-18.398101443371619,2.2159543942909616,-1.9944533334459311,,0.1647447121959238,0.7258064516129032,False,5
0.92833690613103603,-0.37103235094773607,-0.02292560283289951,0.36757266485941853,0.92539117173635699,-0.092420318764641532,0.055506078614883381,0.07737036785881396,0.99545612731761812,-8.0297592196760945,9.1064601263404281,-1.463808668730944,0.2080326922785907,0.2038022267380818,0.900990099009901,True,5
0.59159961393419547,0.80580800377141648,0.026141114185065185,-0.80119503837211214,0.59121320622617279,-0.092484892126658086,-0.089980038235273965,0.033769895494283567,0.99537087905839639,-16.401476956588436,2.3976455339907083,-2.0597526918722253,0.1735460799346336,0.1308923966136255,0.5686274509803921,True,5
-0.52543961656216898,0.84995259287195812,0.038649698798782377,-0.84603699787300524,-0.51712439723964809,-0.12962930227986028,-0.090192059390135762,-0.10081144602556898,0.99080898500831138,-7.5802587163327662,-11.627400027221503,-3.5661913742853493,0.5458210237208064,0.2008073909330654,0.4166666666666667,True,6
-0.082846799271930602,0.99526380776815004,0.050856275888427456,-0.98926796663915384,-0.075970144224083533,-0.12480956440997099,-0.12035488370660825,-0.060650557568874372,0.99087648666953143,11.967640376712067,-20.465200404220624,-4.7967772858549091,,0.2131575113280031,0.953125,True,4
-0.93991308005943752,0.32663589257440778,0.099359929626091303,-0.34134252831309647,-0.89309421703885228,-0.29303241775711947,-0.0069771267728839983,-0.30934077192293924,0.9509256577294124,5.7386807484998217,-7.0091443967420544,-3.3335130529965076,,0.2975036800636722,0.4925373134328358,False,7
0.8090624813882269,0.58767115553327132,0.0077790850437385733,-0.58480307998091308,0.80629053735231027,-0.088887158920529424,-0.058508622054922264,0.067366032466781342,0.99601132464190467,-12.538515322547205,9.470620358048027,-1.3866598529643022,0.1825252746542407,0.1869105128279845,0.4482758620689655,True,5
0.70020949535284893,0.71391643416162687,0.0054760982147113446,-0.70976099169484352,0.69692132435504472,-0.10266451347746136,-0.077110292996862395,0.067999946273207046,0.99470096512508743,10.357627119364478,-0.19785778829659029,-2.814084694182875,0.2978937198801789,0.2573033435850224,0.9585062240663901,True,5
0.95311623711660887,0.30260227521391825,-0.0011408681065337191,-0.30175309653068366,0.95014543614683433,-0.078541192399188109,-0.022682752893339927,0.075203146242045424,0.99691021637681965,-7.2681828601600875,7.6900486529834913,-1.6567810109415271,0.2070171332927999,0.1931187172739126,0.8461538461538461,True,5
-0.22617963386697285,0.97335581059841336,0.037699326228806888,-0.9667624964006365,-0.21957426997302354,-0.13098631806040353,-0.11921849175782065,-0.066072732198068307,0.99066712132929446,-13.499391716458785,9.1802750499467169,-1.4184603237542259,0.3358355067861729,0.1567140477968555,0.3555555555555556,True,4
0.93460324424615726,-0.35524038449983764,-0.017917730463591384,0.35156382205135184,0.93023593971630514,-0.10518543380510866,0.054033830784091401,0.092007421877427817,0.99429119449498582,-19.387626951029436,4.1522264282861832,-1.780208591505406,0.1907692660652817,0.270443702306264,0.8518518518518519,True,1
0.60146739243819602,-0.7867603511448763,-0.1387268023850769,0.79506404747298087,0.60647805532677646,0.0075847757339269489,0.078167360512423859,-0.11485868828017712,0.9903016436808928,4.2492336110891404,13.696199515411402,-1.4818840795233081,,0.1899870312928972,0.25,False,3
-0.59194378781844281,-0.80335450754064552,-0.064992978676798027,0.8025432117147423,-0.58006263484392528,-0.13946946973625046,0.074343428719301885,-0.13471776004689096,0.98809117986864337,18.326171414164609,-0.92347220802574559,-3.2895290518742861,,0.1099684597458615,0.2258064516129032,False,4
0.49631188860625447,0.84914817995869019,0.18061527538094943,-0.85610693343188526,0.51324607981720094,-0.060492810168886448,-0.14406744169987304,-0.12460268867532055,0.9816917755675324,5.4564018952648388,13.606443523614724,-1.5316521551083517,,0.326372379440822,0.3714285714285714,False,6
-0.88648069562156107,-0.3932400444017024,-0.24395541348627844,0.4625376178455482,-0.76947006014034558,-0.44042567888961692,-0.01452337316464666,-0.50326741800613461,0.86400866755221839,-12.790164462876785,-9.7288828261405929,-3.2974694501805937,,0.2333414662262685,0.3,False,2
0.82850092751133486,0.55996817116974917,0.0046755095619738203,-0.55701980412001528,0.8249396865290417,-0.09593462048429667,-0.057577347376873776,0.076877570631315825,0.99537665644863782,-10.267422743178697,9.9895849287650105,-1.3405548328801393,0.1326783546534312,0.1068574109901834,0.725,True,5
-0.47897864119466543,0.84916787073851163,0.22247109606583357,-0.86650743430966248,-0.41679930983826385,-0.27466925857189023,-0.14051451015961627,-0.32433356690877418,0.93544824004903337,-5.0011333317782567,-15.1194433310511,-3.9737188763335527,,0.2325651916903081,0.2857142857142857,False,4
-0.71884574347860164,-0.67621378484585226,-0.16123186492485178,0.69019663490688288,-0.66654981333803598,-0.28167348384653912,0.083002423132781764,-0.31376147552476674,0.94586697491275673,7.1399187669792683,-9.3176853566038602,-3.5247348118159989,,0.2318549492710098,0.1851851851851852,False,6
0.31887505789945914,0.94753789560728463,0.02215025592933511,-0.94153930147777942,0.31936432441710877,-0.10728546994975087,-0.10873104994596368,0.013355323946737283,0.99398148579333512,-7.2227556436977869,24.152344867489443,-0.38204659601970337,,0.2596074853294558,0.9230769230769231,False,1
-0.69328394967398443,-0.72040771793371106,-0.019237595119460275,0.71666256072540147,-0.68637903907155617,-0.12360658873100241,0.0758428584571295,-0.099481328221668164,0.99214481108167996,-12.868647605957459,7.3333473923966643,-1.5889870711676111,0.1698050235481681,0.1758328527279365,0.8676470588235294,True,5
0.73060024090440678,0.68253752056660488,0.019126447898505983,-0.67857600736500356,0.72890277989035224,-0.090748772425239113,-0.075880763168234791,0.053322326345615956,0.99569013216667868,-15.409023873618084,1.1924017744578059,-2.1899880479522613,0.1330027242900612,0.1282815679218585,0.5294117647058824,True,5
0.68743643883392114,-0.72458216644803541,-0.049110351544313535,0.72240668195548507,0.68918121352261663,-0.056194668728968125,0.074563586484297811,0.00315261684369881,0.99721127780307073,4.6295321945481307,-11.315387703691497,-3.706880796129866,,0.1262770784263376,0.2368421052631579,False,5
0.83484476215913939,0.55048485010943327,-0.00080801945816993872,-0.54763253962000502,0.8303680207854558,-0.10289582890568552,-0.055971641433795447,0.086344541557874507,0.99469180930495604,-14.101832568981264,5.0356480725406048,-1.8012556853144412,0.1986691639926926,0.1223762577284442,0.7192982456140351,True,4
0.43266574045370187,-0.8821597897417145,-0.18599586662209247,0.88656216448340608,0.45378504220713994,-0.089925880454750556,0.16373113797976119,-0.12598905044454353,0.97842673390700741,5.1693403855685256,5.5320217865925532,-2.2364071901459157,,0.3325677256050316,0.2811387900355872,False,5
0.37014557912922291,0.92897176920195301,-0.0019241301634881523,-0.92296628409319048,0.36751596393699859,-0.11430334500209403,-0.10547743208052189,0.044084785099313746,0.993444031158498,6.8554703216078234,0.88006915158156551,-2.7245986921608494,0.2826379816531135,0.2528457274686441,0.9837133550488599,True,5
0.95390200309091344,-0.28342859793281971,-0.098687376968787419,0.29600841584558968,0.94275124098018681,0.15362003573395849,0.04949733576393834,-0.17575075392200795,0.9831895474668747,4.0502171638761189,-10.383705615247912,-3.6134364898454399,,0.275094915939839,0.2093023255813954,False,4
0.86988455566181977,-0.48574658142416022,-0.085738663715869926,0.4868755798267218,0.87342875033958334,-0.0086248390495193006,0.079076099988775558,-0.034241447325986656,0.99628032887114149,6.8372319198162836,-7.9838975964681245,-3.4094887064077564,,0.1389085422374392,0.2439024390243902,False,5
0.99656387523689904,-0.081971784239572007,-0.01187725395004292,0.080328707501493055,0.99146582821382634,-0.10267818772947829,0.020192605675156343,0.10137128820751684,0.9946437154092892,-11.258414564138675,5.4682113067681701,-1.7604433189332596,0.1171948776448122,0.1064815483665594,0.4666666666666667,True,5
0.5636111675593809,0.82503282699155389,0.040783405800359149,-0.82185476613798403,0.56503537587644592,-0.072730787046778392,-0.083049353872451784,0.0074738473685828271,0.99651740899338026,8.6302110865736665,-12.226766479369701,-3.8457525879330747,0.1907810706031319,0.1549840781718913,0.6097560975609756,True,5
-0.81444589462424999,0.58016927187967027,-0.0090277736080211883,-0.57401947269541331,-0.80788972561016126,-0.13347597619054108,-0.084732105462949348,-0.10352684299326048,0.99101092985075812,-10.003584137088955,1.8998702131863301,-2.1195219422289884,0.1361276073178674,0.1294585618187377,0.6984126984126984,True,5
0.96955795214719231,0.23414572504569198,0.071646052724275155,-0.23816153091153447,0.96973648763822484,0.053760856921677105,-0.05688991669897786,-0.069187599943241265,0.99598022741020154,-4.8346632139713011,-12.962682363463914,-3.7630132978425386,,0.4747882699825334,0.3018867924528302,False,5
0.93943042567696622,0.34273403843570582,-0.0019632141876924029,-0.34152531126940705,0.93560485163386986,-0.089465207547403766,-0.028825979163408802,0.084716825346075789,0.99598801319521613,-9.1872515617757209,3.8999779133683945,-1.9107375694879563,0.2712751092395775,0.2376331298687131,0.9375,True,5
-0.59448601832211645,-0.79558786803619252,-0.11673182193876605,0.79925725340478393,-0.56872366934972951,-0.19427102409063068,0.08817151977457835,-0.20879016297471323,0.97397764396603859,8.2886056571394455,10.486739545638899,-1.8590091369355624,,0.1788519882253906,0.25,False,1
0.20369630164108443,0.97901888783637125,0.0054620469953801844,-0.97235423202949633,0.20295394871994776,-0.11548567942957323,-0.1141712054419748,0.018212961280810024,0.99329412758221358,22.860079316378986,-1.5763858456624136,-3.6047118451302347,0.2742918381617127,0.2443866354899704,1.0,True,2
0.97460474389459195,0.22393189875656716,0.00031288565648627479,-0.22321968369712364,0.97161448436262721,-0.078347090481400733,-0.017848416969344021,0.076287603816237823,0.99692609330665216,-13.20216787913705,-0.23544450933615432,-2.3034898706262177,0.1790574797911807,0.1584077288156973,0.4318181818181818,True,5
-0.61000832643357406,0.79200612491612354,0.024822163021305122,-0.78685950082268674,-0.60175341448276232,-0.13691221320031949,-0.093498490077557034,-0.10304914484692702,0.99027213739432984,-17.749221312875857,0.38626473653840648,-2.1885084128745715,0.1626411244930359,0.1310030764030192,0.1923076923076923,True,5
-0.84684317436217815,-0.51889423739064677,-0.11664222408274791,0.5268632410177857,-0.78854889874544787,-0.31718410986614304,0.072606909453752727,-0.33005969867604557,0.94116355221048265,6.6141452445861173,-4.4749079320267029,-3.076381150489488,,0.3871621231910221,0.1386138613861386,False,9
0.46683922020414997,0.8831870543821736,0.045185943067735927,-0.87691759527358881,0.46892223520052007,-0.10548681639965551,-0.1143532840751311,0.0096210345747052561,0.99339355852297773,-16.333124080106479,11.970094806020796,-1.1276932178644157,0.1559919612961285,0.2310778105220036,0.7441860465116279,True,4
0.57522698854492704,-0.81670843977088425,-0.045839241448149257,0.81277740174175028,0.57697915698551128,-0.080547797128274104,0.092232352607222956,0.0090761672139853429,0.99569614658350447,7.3235510335448035,4.2268288358162591,-2.4354065144935486,,0.1782585388229923,0.2278481012658228,False,6
0.77175445236435813,0.63569323019751311,0.017005362002645293,-0.63290500559834229,0.77042116882333156,-0.076697304499271604,-0.061857248114926072,0.048428707498171741,0.99690939465214434,8.910562159006707,-6.5514403832257493,-3.3451385843737653,0.4683495219164419,0.240509259483306,0.4666666666666667,True,8
0.9804761025309956,0.19644933162005096,-0.0086181478093812561,-0.19635208393529549,0.97574459625662846,-0.096790195837472726,-0.01060525812490069,0.096592665259971455,0.99526749445467155,5.3132869248305941,-4.9113032183532228,-3.1205732430321746,0.2874954048961008,0.2672265546351105,0.9966499162479062,True,5
-0.99435269547098637,0.10376862948092735,0.022243842861229747,-0.10611913078976132,-0.97457902934564156,-0.19731813307482488,0.0012029505437044412,-0.19856431475811251,0.98008712154309641,5.950064678329257,-13.240966030611371,-3.920553338255794,,0.1805930129280271,0.5294117647058824,False,5
0.12218441796680299,-0.99055791609886079,-0.062177028394704167,0.98587426467168759,0.12836009030904105,-0.1075900621521995,0.11455523673832171,-0.048152903025020968,0.99224916007325981,-14.681210506206959,6.3243815448656742,-1.6994481397154959,,0.1000820736685135,0.3809523809523809,False,3
-0.6065811035503782,0.79404138057959217,0.039467084296420263,-0.78842691932002418,-0.59442701379779705,-0.1582388010538831,-0.10218785498845778,-0.12710157825412347,0.98661179351261008,-10.820408740599863,15.435955866027113,-0.86747726738603703,,0.1365934485372048,0.4583333333333333,False,1
0.78823121830743059,-0.61397917805215174,-0.041486327916411062,0.60985909440154973,0.78839297686989884,-0.080674649041327762,0.082240084273460357,0.038289462527222012,0.99587674217147515,18.110121407497214,-2.4979679383743147,-3.4219517492622336,,0.1147311890540941,0.2380952380952381,False,3
0.99298142739541917,0.1176115579491181,-0.01246620569937763,-0.11823093846807294,0.98984282830870862,-0.07894694696299101,0.003054510880106334,0.079866743282794667,0.99680086942211565,-15.460524849670579,-0.42197367857473134,-2.3158996553771209,0.120760097192288,0.1478722583138259,0.5652173913043478,True,4
0.84792877148564938,0.53010954405230026,-0.00081840790588005169,-0.52848446084183143,0.84520656316494513,-0.0795615499573816,-0.041484613238605958,0.06789504317374441,0.99682961933164838,23.473892364845426,-9.282732155515534,-4.0907315770506552,0.3290993531786215,0.296079702682052,0.8627450980392157,True,3
-0.98622314813524692,-0.16374284337674996,-0.023498581342312939,0.16462679054613941,-0.95764056154648824,-0.23626801458387398,0.016184001874744565,-0.23688148117534477,0.97140374817039632,-18.853329654492974,15.787493030428374,-0.66057100847955419,,0.1682089369984624,0.36,False,2
0.87607215099177205,0.47970633168454474,0.048779315272014269,-0.47994926791356979,0.87726528331628739,-0.0073704082127190734,-0.046328031318819199,-0.016954587277524257,0.99878238645080764,-22.185188774059743,-8.9622516463342095,-3.1735831528318923,,0.1164234609725375,0.2666666666666667,False,1
-0.12012721906007964,0.98945034071509175,0.080978234728106835,-0.98552813346160262,-0.1090282729010805,-0.12979650944419657,-0.11959828341820616,-0.095398422245843315,0.98822841066042122,-14.693196269300918,17.367289977645669,-0.65495361393406759,,0.2896641394114042,0.7083333333333334,False,1
0.40815322217463812,0.91248799994237251,0.027867493422063128,-0.90720894845657263,0.40882098732644007,-0.099183285697512058,-0.10189637416895665,0.015200338239756906,0.99467888217686429,18.622621218921914,5.7874713141351641,-2.7126482658343805,,0.1725456362853272,0.4444444444444444,False,4
0.69937499550252114,0.71407909693666793,0.031075054045977442,-0.71039713317151043,0.69924730294776805,-0.079931986726032259,-0.078806908628284725,0.033826803549614315,0.99631582267575569,-18.493252058811255,10.95684880463898,-1.135054704952545,0.1774542357440405,0.1940074928346402,0.5357142857142857,True,4
0.82660870927809293,0.56277681703071525,-0.00054402057237367546,-0.55993331395599832,0.82233433651490562,-0.10119744517943435,-0.056504209293288976,0.083955304783962195,0.99486621267925934,15.811749439433527,-1.1923073467959457,-3.2009550766021899,0.2917257672638812,0.2515063846176053,0.9819819819819819,True,4
-0.26569807600320622,-0.88022977682831205,-0.39319215708477151,0.95756862510869767,-0.1937259724388635,-0.21338363529112603,0.11165509668453996,-0.43320409461060966,0.89435303532607835,4.8557187510958286,3.2886341506736372,-2.4423933697015943,,0.4922146127408347,0.3516819571865443,False,3
0.75803364545528695,0.65151694998785326,0.030177081308409355,-0.64881735324105838,0.75799353451535079,-0.066946573969059633,-0.066490860206776234,0.031168341493445925,0.9973001052830146,18.029556934153867,1.2584889550840059,-3.1168283681968232,,0.09098168372520436,0.2307692307692308,False,3
0.82062361947310991,0.5708196706561065,0.027235615559526135,-0.56760592791180142,0.819682208545083,-0.077101151703704601,-0.066335403535632401,0.0478119293347255,0.9966512096270469,-15.741974251719444,14.966553601287158,-0.88028346562515924,0.2218094884401864,0.209859480875343,0.5185185185185185,True,2
-0.87069760627252479,0.49001214794969816,0.042116188016233354,-0.48689315196573374,-0.846722071232479,-0.21446862860720295,-0.069431527422120012,-0.20724340508084804,0.97582243981696137,-22.32926827782957,12.503739201573579,-0.94871215511890405,,0.1692538862816815,0.2222222222222222,False,1
0.33058471426225228,0.93697069582757808,0.11313559058284597,-0.94102561429407994,0.33638996632827012,-0.036229598343277034,-0.072003749475946455,-0.094486537210597729,0.99291880551601785,7.5161741700083846,-6.2786639169230787,-3.2338751082443884,,0.4949738763334852,0.6948356807511737,False,3
0.68614674841841883,-0.63961888461132865,-0.34654050568929451,0.72121362170485637,0.66041648649625961,0.20904778456444223,0.095150152402383059,-0.39336719081857441,0.9144444770926814,6.9615107684143354,10.172012049420431,-1.8994758248397658,,0.282317552303659,0.2075471698113208,False,1
0.78384228125615973,-0.61020443088601561,-0.11507315343821475,0.61529222544842044,0.78821572358875802,0.011465181646302794,0.083706364261455543,-0.079790510805020864,0.99329085315812926,6.0255848589542147,1.8976033214622301,-2.6130033779768493,,0.4683024524894258,0.3230088495575221,False,1
0.99519914247690067,0.097735676353669254,-0.0051385193326232113,-0.097865910218317906,0.99429571038146825,-0.042406413832711515,0.00096458819246585722,0.042705712553496707,0.99908722926725302,-12.0233033994556,18.590492219808123,-0.66381009377250721,,0.100626938434298,0.2727272727272727,False,1
0.95154812639678199,0.30712150026505369,0.01524949919560566,-0.30651522280193033,0.95129958988836016,-0.032825424124011113,-0.024588235834585519,0.026560767179823582,0.99934475748130225,6.9425721301304728,-6.7053672674291542,-3.2759820119370362,,0.2932173443098222,0.4393939393939394,False,1
0.94629693870198361,-0.32248578092198449,-0.022913421970363116,0.31926597357242137,0.94330239027240537,-0.090828622279655713,0.050905224899886518,0.078635371236513277,0.99560290099436111,-18.889117329594981,-8.818171637230579,-3.1187167167361705,0.221126787825072,0.1879464015039267,0.5625,True,3
0.9905483431428197,0.1365429995588183,0.013037989434538219,-0.13711151532528076,0.98831635439872267,0.066567379347723846,-0.0037963485377239129,-0.067725865808411875,0.99769674492717519,-4.3103941406625275,-14.574701214564863,-3.9418287611532747,,0.2682742325817372,0.2686567164179104,False,1
0.5821884365894805,-0.76290897096104537,-0.28111657071160895,0.80637155637980706,0.58602998116355676,0.079585012653443796,0.1040266185315272,-0.27301788074153671,0.95636797281814911,11.474229739790479,-6.3253168148535828,-3.4446083767744864,,0.218587873635306,0.4583333333333333,False,1
0.60408026552633998,0.79357807679875414,0.072944285766722419,-0.79237765305673724,0.60787570357243592,-0.051232645282218256,-0.084998163144410763,-0.026850791994036241,0.99601925043212358,-8.4729558562004144,20.798430396693956,-0.54875503768317968,,0.1602639683133802,0.24,False,2
0.92751561151136752,0.37374608424537037,0.00535302848358837,-0.37177975767198068,0.92392782438931864,-0.090206358448743626,-0.038660085204988079,0.081677658086360377,0.99590870966242206,-15.152155001424479,3.94482723307953,-1.9249425875539274,0.144352103450984,0.1252374600658027,0.6578947368421053,True,3
-0.91078252037749918,-0.41076668500135999,-0.041784339982871635,0.41116667291017395,-0.89310543976881596,-0.18249559047639527,0.037645287391502358,-0.18339412190237606,0.98231839460984738,8.0257906789828866,6.8805802151084716,-2.18955138201345,,0.09848909777774426,0.2972972972972973,False,1
-0.95702745268774414,0.28820413803448314,0.032199838847560516,-0.28624588073576795,-0.92100397168731063,-0.26422524462663438,-0.046494629408275027,-0.26208788403129374,0.96392333226257543,6.7194216793967021,3.5557326874576702,-2.5177765991690904,,0.1364283673735238,0.5416666666666666,False,1
0.81710794954487675,-0.57542349238592094,-0.034962883189999655,0.57070046471206637,0.81599016152644532,-0.091983889184344525,0.0814590594593331,0.055207433398376415,0.99514650224455148,-16.597308538132967,3.6853526113084123,-1.9083194747204157,0.2884467468826442,0.1820731606426194,0.5454545454545454,True,2
0.87755041939683198,-0.47833647932680656,-0.033158316629180666,0.47450354896951163,0.87629730803063377,-0.083363121064438842,0.068932165436636411,0.057421602933926189,0.99596742722074771,-19.96273287916523,14.064490990999035,-0.83660142763105749,,0.2358292991798213,0.8837209302325582,False,2
-0.82153595086784958,-0.56553025810770507,-0.072485919986505817,0.56725168449527263,-0.79790046169077444,-0.20391267658221829,0.057482239595661393,-0.20863935486451601,0.97630190603766898,16.383850363056371,-2.4441497403857881,-3.3142393322413257,,0.0932643109038262,0.3888888888888889,False,1
0.8592524658530476,0.51150786661150738,0.006700919340049228,-0.5090989451734681,0.85634034061081066,-0.08659956735355738,-0.050034627496560992,0.070999460822639721,0.99622066461912695,-10.953503067441348,22.243810410782416,-0.60032223209468205,,0.1223445365670275,0.6666666666666666,False,1
0.93527025179168499,0.34942988210151493,0.056287774943055792,-0.35229528810000188,0.93437869129293472,0.053145942838944901,-0.034023316946697336,-0.069535737230758357,0.99699909486003058,21.50381795635743,5.1354922139058328,-2.9947732095989621,,0.1738888282330903,0.3888888888888889,False,2
0.763337151302939,0.64466748213373271,0.041475666601854901,-0.64249158570346832,0.76430732938222312,-0.055125933578105794,-0.067238052774879986,0.0154319062972922,0.99761761237814706,-9.5463916351735509,-13.716999183175853,-3.7803729003525217,,0.2019474768785168,0.6739130434782609,False,1
0.9502415662680378,-0.31089103289894732,-0.019690896360832506,0.30817101940290381,0.94739984055356929,-0.086395398715718191,0.045514706817055578,0.076028335389500962,0.99606631490140263,-17.356273305408855,-2.5780135302272429,-2.4821879141967074,0.146404953489527,0.181883041115025,0.8043478260869565,True,2
0.23275998878352833,0.97249462519440799,-0.0087744851403801939,-0.96597554759837445,0.23013481928193374,-0.11802205893853718,-0.11275650342003168,0.035946751203115405,0.99297220606340675,-17.247435932626619,-0.91422998272512124,-2.3505197371917728,,0.1316178423319917,0.5,False,1
-0.73303128179609933,0.63038240283969194,0.25550570658680782,-0.67419902375072394,-0.6235948489657136,-0.39570840364718063,-0.090115571806090131,-0.46232833628654574,0.88211773204293775,-7.960596370575038,-8.576718228312167,-3.2552168281097247,,0.2123957551656425,0.2727272727272727,False,1
0.99944875648558118,0.03108329503982515,-0.011662415225504912,-0.031980651729158524,0.99570543267668232,-0.086878819358455123,0.0089118502233359737,0.087203899612391139,0.99615062054791126,-15.143865103360383,13.508785224269831,-0.99530757214574772,,0.1624903850271835,0.8529411764705882,False,1
-0.98786278080812551,0.15521948934740465,-0.0058340741139350635,-0.15223802351572047,-0.97497676356125684,-0.16199967503560916,-0.030833593531453693,-0.15914528155853996,0.98677356514429848,9.6041390776316575,1.4152988468637531,-2.6651711258245223,,0.27443255753264,0.325,False,1
