axis_00,axis_01,axis_02,axis_10,axis_11,axis_12,axis_20,axis_21,axis_22,location_x,location_y,location_z,dbh,dbh_approximation,score,reconstructed,number_clusters
0.97954599132445597,-0.17554960345374857,-0.098346263820343643,0.17918122606238349,0.98337878742448104,0.029329996084879378,0.091562760481377015,-0.046351884220489407,0.99471994235676264,9.3894469400832783,-5.6357536974799487,-3.4025754190369843,,0.3484440036606111,0.2670807453416149,False,5
-0.92631592978100485,-0.32734922875667477,-0.18649740123219133,0.37659364945647344,-0.81868289551318552,-0.43351532819866906,-0.010771324106423633,-0.47180589125884714,0.88163664825734056,6.7326507773646993,-13.100302622271965,-4.2405447849845936,,0.3437339925952732,0.3,False,5
0.96897507333979305,0.24263534051419683,-0.047068022899860715,-0.24608666824133796,0.96483317666306045,-0.092402883743662997,0.022992584892084861,0.10111890398845799,0.994608620662496,-6.013631990518002,-5.1164470865362164,-4.2390264986314907,,0.1864836421724042,0.8543046357615894,True,5
0.97842679369413377,0.19976318369817514,-0.052684720936790747,-0.20413993707264383,0.97402798082014208,-0.097961107953186785,0.03174736955080569,0.10660282837808767,0.99379471799179853,-7.879779874213102,-6.3224643848856523,-4.4791628509640464,0.1611854050300622,0.1487386212672119,0.8496732026143791,True,5
-0.1969764459866569,0.97988938816787541,-0.031891482913968303,-0.97050730202515945,-0.19949527929489494,-0.13534108856846797,-0.13898149676238084,0.0042919104182346512,0.990285677500513,8.2719457899886439,-21.190771911512165,-5.0237907255149121,0.3409670475993744,0.2747291442325503,0.7636363636363637,True,5
0.9735780486538308,-0.21648539497545385,-0.072662624104285339,0.20902284804013629,0.97297010568747755,-0.098176486164912785,0.091952336438989285,0.080394323187778088,0.9925127307105891,12.756344477642031,-15.995506037682141,-4.1684644280094556,,0.1801878700412813,0.4137931034482759,True,2
0.2901323992540874,0.9567254731275211,-0.022350838283744991,-0.95091028467374539,0.28558390621387841,-0.11921184091070013,-0.10766996519346589,0.055840859418010834,0.99261723590450224,-9.8994966875053052,10.665737311687682,-2.9497017451916361,0.1959396033712447,0.1991531082079337,0.7424242424242424,True,5
-0.043978582480632945,-0.96556124778166008,-0.2564319813621535,0.99298249459390564,-0.014042078077413818,-0.11742480774237662,0.10978000598041732,-0.25979664513921941,0.95940296719436324,9.3845067539217251,4.4226799008599382,-2.5326847751987254,,0.5243809070323932,0.107843137254902,False,5
0.10654650640280043,-0.99030550730787847,-0.089122635559344382,0.98535059034664718,0.11716569127620485,-0.12392100262378428,0.13316176657311549,-0.074613691662152537,0.98828171132510256,9.2726870824558585,-11.89877854122714,-3.9649838534796085,,0.08612067977538237,0.3773584905660378,False,5
0.46383908009131763,0.885749683800785,-0.017343743161446511,-0.88129929792248396,0.45933490207623973,-0.11100898709541271,-0.09035958865210876,0.066775335127735841,0.99366805290157212,-9.0008937587824995,15.540515891141762,-2.5098888961749424,,0.1591347311245202,0.45,True,5
0.68123819613143999,0.73069951743653272,-0.04464006439960632,-0.73030397850236217,0.6741144349075201,-0.11057046455965325,-0.050701273309495955,0.10792564045366759,0.99286526629621952,3.4780696532402251,15.397630228932023,-1.9732941793181076,0.3314841397340664,0.2821000097875214,0.7051282051282052,True,5
0.71644281020837952,-0.69175635061969631,-0.090459112741837516,0.68546514736572195,0.72211522977363451,-0.093204756723362134,0.12979688535404066,0.0047693087855178104,0.99152913333199622,5.2470361247696973,-2.7661082030711359,-3.3680964328419738,,0.0775664031523607,0.2280701754385965,False,5
0.97165551864750277,-0.22826526721204382,-0.061485940396690281,0.22185762620208754,0.97031411744225704,-0.096279318590379567,0.081637900376148265,0.079909206458750728,0.99345345736239998,-4.8441261507711948,-11.630062660043572,-4.8098268017584838,0.2632092367549153,0.2024057382103649,0.9212598425196851,True,5
0.55095491014727571,0.83405117887748836,-0.028413341895651777,-0.83135697935047848,0.54557009302558768,-0.10582460243865842,-0.072761664837026063,0.081926214419583671,0.99397879027724778,7.6740228225943472,-13.219668489280497,-4.1893537001988053,0.263330858945146,0.2681169142288623,0.7716535433070866,True,5
0.96541592986156377,0.25527749970204655,-0.052966786908451323,-0.25965771156824557,0.9597249722382647,-0.10726532750803465,0.023451123484291223,0.11730889057584575,0.99281854787226409,14.899687237795138,0.18087301268930756,-2.5864012190284216,0.3327033115964443,0.2674915471348763,0.93,True,5
0.87412732268232063,-0.48135038737431374,-0.064832309189453222,0.47316735937829751,0.87408038374421693,-0.10998242028857491,0.10960873030561108,0.065462106047402824,0.99181683738109216,-17.971540371319634,-3.0706604344752964,-4.689346084256707,,0.2051568508378236,0.9743589743589743,True,5
-0.080811487817909353,0.99605277945617043,-0.036720075902608562,-0.98836682444825974,-0.084841304906784223,-0.12622588209942415,-0.12884301986029181,0.026092403479777773,0.99132167469188803,-4.7200954809735469,-6.9445718548233248,-4.3307245676632196,,0.2051194823712343,0.9034090909090909,True,5
0.59740095872860077,-0.796358579913786,-0.094472782894582177,0.79003995983746034,0.60465746819153543,-0.10112471517995375,0.1376552082929407,-0.014225271804107736,0.99037805169133608,-3.9307604946992445,-16.378005115968204,-5.2209562649304697,,0.1331067987319763,0.6222222222222222,True,5
0.96816308799704731,-0.23369208937375305,-0.089711996991211268,0.23454761382411035,0.97210408357556455,-0.0010332207547516098,0.08745085413783743,-0.020041408629181381,0.99596721334124316,11.804591325849074,-22.522260539055669,-4.9570895191526789,,0.2026601937485797,0.6285714285714286,False,1
0.96561379784368906,-0.25040571670917183,-0.069906869857363524,0.24245771247350115,0.96441116374428593,-0.10547684536195978,0.093830970771944244,0.084900437482734348,0.99196152376956459,-17.003165568250107,-0.2752188178786722,-4.3892817914733735,,0.1836160963741582,0.9534883720930233,True,5
0.41408236443379731,0.90963317998097437,-0.033215558743080111,-0.90571199725911167,0.40811332660488897,-0.11458311685585111,-0.09067289278404099,0.077530578001137357,0.99285821545122077,-7.9442613301913365,14.970325177964604,-2.4961800775619691,0.2530202075810621,0.2279150933203988,0.9841269841269841,True,5
0.75980338063888775,0.64964435973827928,-0.025710477046507051,-0.64893232701988879,0.75536165566520397,-0.091189934199311429,-0.039820317907695732,0.0859707799834558,0.99550156567971648,-9.8076372340842308,7.8641723450042607,-3.2027789736770162,0.2197500898372985,0.2226039568640739,0.8351648351648352,True,5
0.86753194103923803,-0.49273146057886652,-0.067853069440597352,0.4843931022136817,0.86795119776429064,-0.10965418745921499,0.11292322083831779,0.062260951288521896,0.99165110807186152,-19.011936852693232,0.16955320676170205,-4.4294066905348588,,0.2191412318767688,0.8153846153846154,False,5
-0.10648770769894467,0.99425031989974788,-0.011254754029869418,-0.98518432605250883,-0.10703355209023047,-0.13399874039487111,-0.13443292680548269,-0.0031812114353921769,0.99091758894688875,17.867709045404741,-9.6501344870972812,-3.1999161694400926,0.3134733166851921,0.2235308960681159,0.9833333333333333,True,5
0.91986907578991639,0.38921401004553208,-0.048511213030407389,-0.39220501574383332,0.91402407442039091,-0.10361089231025571,0.0040136057086581009,0.11433479682154686,0.99343416752444713,12.589243628123519,13.224946194838299,-1.6912150952924285,0.3481323985033736,0.2813325203074314,0.9726027397260274,True,5
0.96241922192385532,0.2672804500787378,-0.048066644122394905,-0.27069659507612576,0.95835289984287853,-0.091011388171692131,0.021739242987592208,0.10060258629107807,0.99468915996198204,16.770418923399465,6.3186495893700201,-2.0424181592340593,0.3798029663682043,0.2938037295687576,0.9663865546218487,True,5
0.73450266305175349,0.6769081052661694,-0.047971397674522569,-0.67723320771359552,0.72668928926886156,-0.1152295935594318,-0.043139544965573075,0.11712426685739527,0.99217986563590466,-3.696891754097932,-22.913271575302964,-5.9343674482419555,,0.1980963718994583,0.6666666666666666,False,1
-0.30276856809407149,-0.94851026433174535,-0.093056287437173257,0.94702291653033555,-0.28843577891743755,-0.14125295397502333,0.10713911396238313,-0.13089339134431255,0.98559024465633893,-5.8598949272675807,-18.515997061418343,-5.5643861242196886,,0.2436889476383352,0.4615384615384616,True,5
-0.32919719399444775,0.94290935409310461,-0.050508983655442756,-0.9340186588035887,-0.33301737312224078,-0.12926165017323477,-0.13870238812986341,0.0046237606432681794,0.99032331506664362,-9.920566735676184,-2.6087266234417745,-4.1921799467898175,,0.1106359977631611,0.8823529411764706,True,5
-0.99138331550408731,-0.099812171019929133,-0.084833084680518894,0.12383386771662841,-0.9252801489728868,-0.35849939905535949,-0.042711765901964627,-0.36591553182804593,0.92966742904144761,-13.383809527996352,8.0044815489902117,-3.3893550311429097,,0.3247609615415832,0.2307692307692308,False,2
0.49378889042939894,0.86931744291439239,-0.021440968571523507,-0.86534804462871728,0.48880524625232813,-0.11064444357244807,-0.085704686836594393,0.073188897252131027,0.99362874957061231,-17.098066791096123,-7.8140383816872179,-5.1167974932044853,,0.2038566476857797,0.55,True,5
-0.91309661269248676,0.40459980033556875,-0.050532934388633162,-0.39339299166176445,-0.90675900683906652,-0.15175657358954206,-0.1072218727728394,-0.11868911106183685,0.98712530355291661,-15.925875141237571,-1.1136640385505432,-4.4524545868967467,,0.1839183475344544,0.8888888888888888,True,5
0.34951036449046857,0.93615122366309489,-0.038254301037013272,-0.9315064330565469,0.34280869858632784,-0.12156463855833347,-0.10068897798671761,0.078122228639734753,0.99184608034934141,-12.077655605019133,-13.211668837329157,-5.3823709546124157,,0.09556755248714889,0.3181818181818182,True,5
0.49541503924900826,0.86804854809189891,-0.032490876280128991,-0.86478666824021133,0.48933627951302372,-0.11266775930295092,-0.081902120362657815,0.083914979043666876,0.99310136389605397,10.712814190546263,-3.6141404306862497,-3.1298898215337254,0.2490869303180963,0.2735656238396619,0.9219512195121952,True,5
0.48506490990800316,-0.867170018628866,-0.11281928898531715,0.86259690809657996,0.4956704404348416,-0.10117998132709211,0.14366143295318065,-0.048238711325469724,0.98845051439690024,6.5452351442219516,3.5449846093587625,-2.7769123656335499,0.1881791627757382,0.1698503003002024,0.7364864864864865,True,5
0.99815764604572255,-0.0047217871604506093,-0.060489820354126964,0.0015365278103032711,0.9986146674559695,-0.052596435469460731,0.060654371011092945,0.05240658992737833,0.99678212093186813,-8.9634916858128335,11.503818780446704,-2.8146843292796881,,0.09594335811414764,0.7931034482758621,True,5
0.51341674008892513,0.85733939475128984,-0.037046095664094197,-0.85452251618031272,0.50681674850475655,-0.11370159530953773,-0.078705275155662835,0.090033025288271423,0.99282401966315936,-5.7688346586130406,-6.0629969734052311,-4.2953697303718128,,0.2092660437740705,0.9917808219178083,True,5
0.93113435606004946,0.36190270350101922,-0.044891470941518068,-0.36453100865122146,0.9271589126186438,-0.086564972613293101,0.010293429766746832,0.096967953213782945,0.99523427460732561,-9.6866941973601257,9.5009934007526997,-3.0289562721837981,0.2561124768933578,0.2084300326574073,0.9824561403508771,True,5
0.93550827093296929,-0.3466320262393115,-0.06834115452080855,0.33929914991766907,0.93537817360894082,-0.099718399511580999,0.098490415174040696,0.070099291873979758,0.99266596969857579,10.361411323601176,9.3112335637174883,-2.0946468307234776,,0.3596036663269164,0.9649122807017544,True,5
-0.70797499794202767,-0.69842017777448562,-0.1047886328112157,0.70434206710128633,-0.68739599706591514,-0.17716939839951384,0.051707395993947393,-0.19923854671025526,0.97858589132702756,-9.7672646494512598,-10.054362702648097,-4.9380284696412877,0.1674140034444707,0.1064290040952115,0.5,True,5
0.84229313843106657,-0.53415018601543651,-0.072290025118398077,0.52633817613629008,0.84396645552740102,-0.10338639313777837,0.11623421739517058,0.049032649573423209,0.99201078924694275,-6.4551093290753165,-8.6103616689298317,-4.605662581327973,0.2229508595513816,0.2103899825955939,0.9554140127388535,True,5
0.29997165424910899,-0.94978557471985281,-0.089018923275525283,0.94437438926174244,0.30885275702019616,-0.11299109428418209,0.13481105130354212,-0.050173065833218886,0.98960024449841955,-9.2700141398060669,-12.528480789304755,-5.1707455370367468,,0.1243548248012974,0.6973684210526315,True,2
-0.26183133128450475,0.9641507482320214,-0.043100912303775066,-0.95502229131104543,-0.26527634112392989,-0.13251749295433374,-0.13920049230080128,0.0064651004272294893,0.99024311430056489,14.821489943922716,-7.360790658832526,-3.2173292014638384,0.371340606542004,0.2798391373885657,0.9537037037037037,True,5
0.85030023429784785,0.52471458815455219,-0.040793535404825887,-0.52600548087137344,0.84468748685277617,-0.099102389716988509,-0.017542680704539466,0.10572440840289071,0.99424071724183527,17.908287526510161,-5.019238997596557,-2.8411113830704493,0.3003655435996451,0.2353050484775929,0.9166666666666666,True,5
0.60916411953394467,0.79208630329542762,-0.038966185394726613,-0.79015841231524897,0.60202649858209289,-0.11495120030877867,-0.067592595155664861,0.10081360591094615,0.99260659777343485,-11.239789184578095,5.3496042368625032,-3.5073408366422196,0.1939470711015343,0.1881273610411576,0.8933333333333333,True,5
0.85952398682456477,0.51023275175478766,-0.029682572495389914,-0.51056380698467008,0.85453257724710285,-0.095386966723689764,-0.023304829339161087,0.097142233143792583,0.99499762385108803,8.8063650152942987,3.5895031654900897,-2.6468405587921024,0.288854335522885,0.278461040298241,0.797752808988764,True,5
0.97675904099071997,0.20808715433657068,-0.051395642256875471,-0.21203647739129014,0.97313303396320805,-0.089736450035951265,0.031341794753673914,0.098548639816438285,0.99463855620619723,-7.2828475689345078,6.3944878316172602,-3.1901235724235923,0.285551198068726,0.2370671641767521,0.9319727891156463,True,5
0.29058973775555136,0.95681360769876367,-0.0080823532237788986,-0.95113601538211057,0.28792325106908223,-0.11153690750980239,-0.1043929334495384,0.040098897943514525,0.99372742431187533,-15.437371183794617,2.681485501183289,-4.0311917438041762,,0.128055795806005,0.8253968253968254,False,5
0.84490995894499432,0.53347468318484959,-0.039139796580867831,-0.5345871535995762,0.83960266209567425,-0.096353230398153161,-0.018540131657311797,0.10233343638655376,0.99457736316258882,-5.285065625689672,-3.9837533255012136,-4.0767244190848322,0.1966109284524415,0.1741599218203636,0.7037037037037037,True,5
0.66573782191080211,-0.74119082245118406,-0.086193486944192932,0.73472925963524949,0.67129225658447944,-0.097670984870412522,0.13025385795937033,0.001694391883623976,0.99147922899213847,-14.990960096799917,-6.6140804005988478,-4.9378352887394996,,0.1825159800280273,0.7209302325581395,True,5
0.7361248686206644,0.67555250646190301,0.041820913563069197,-0.6758595780026897,0.73698206784723519,-0.0084417115349686017,-0.036524082743247623,-0.022050911197810573,0.99908945980583275,9.7397922696119892,-11.842386156226056,-3.9245774275019483,,0.4591282768971002,0.582010582010582,False,3
0.9976735441890463,0.04402419016996692,-0.052051608093751811,-0.04891619900460005,0.99410249721168642,-0.096785487096112649,0.047483730900270534,0.099106486757265341,0.9939432577277354,-7.0597403569631973,-13.886006404142803,-5.1613346012527721,0.3014296111556555,0.2495751489709984,0.9848484848484849,True,5
0.88378431932510948,0.4657701884256108,-0.044535474500948476,-0.46783964562090147,0.87821096805965382,-0.099355732421618645,-0.007165396036707905,0.10864449895737036,0.99405484252426435,9.6903909232978602,-8.3741696224492248,-3.6240664201240604,,0.2588506874690116,0.8974358974358975,True,5
0.88542574261448914,0.46290939918999269,-0.041667042817311789,-0.46472153997073395,0.88031561279926041,-0.095280177104643843,-0.0074259412069719866,0.10372709387340701,0.99457807405641518,4.1932199822475589,9.4041736133875826,-2.403052379898218,,0.2567927243018046,0.9636363636363636,True,5
0.99529091796702474,-0.06368479491860643,-0.073076915017886809,0.062439974199730103,0.99786408842655938,-0.019196631229678782,0.074143362712339012,0.014543312030148779,0.99714154152803203,9.695001396042441,-9.255345873320536,-3.6769755049117396,,0.1740522284542297,0.2,False,5
0.97988566995748483,0.19515017464289328,-0.041719098130499566,-0.19794307345957998,0.97702732110466295,-0.078969319893386777,0.025349822116719552,0.085638911435731019,0.99600369646239617,-16.361053199724878,1.0612098307407356,-4.222840531986213,,0.1310000317395229,0.4285714285714285,False,9
0.94976101508932542,-0.30440223451975901,-0.072755026189752672,0.29779661002942154,0.95045780856710682,-0.089146694772145083,0.09628703584324666,0.063001855156740671,0.99335772658963639,-6.6616076715100112,-14.652183508841418,-5.2325191021593005,,0.1989134062914717,0.78,True,5
0.28634975293847081,-0.9547268674177749,-0.080625229442888455,0.94800293306108507,0.29451913557631176,-0.12061889440283266,0.13890377208577318,-0.041893763378618581,0.98941935229220157,-18.856425907558851,-4.849900861381518,-4.919715522601126,,0.2088735632824811,0.6666666666666666,True,3
0.25703864884655692,-0.95069768773094976,-0.17350803884017713,0.95269296900088762,0.27940814440149525,-0.11961269020630713,0.16219506717349086,-0.13455480439263851,0.97754169466036001,7.6031839279328741,-7.9645394577486126,-3.7078317230046216,,0.153596154499105,0.2307692307692308,True,5
-0.48322716847353187,-0.86837305644106733,-0.11144388047916197,0.87060716834098983,-0.46318830320894744,-0.16583049841239109,0.092383234855349786,-0.17715764340726894,0.97983697996148655,6.9971614378837561,-10.847964012604088,-4.0173465256033456,,0.2822757907793566,0.4851485148514851,False,5
0.5801031558748222,0.81404374961273662,-0.028514948018656099,-0.81158196445967457,0.57465781387274417,-0.10537130500650067,-0.069390514537983367,0.084268444102365975,0.99402403684253005,-14.041212002652161,-4.9365105230621644,-4.72806735238371,,0.1756515172177365,0.9041095890410958,True,5
0.63551814042353105,0.7720815343185502,0.0026072124829019036,-0.7696005378147549,0.63373948434228189,-0.078033827157328234,-0.061900770494863554,0.047585400596117822,0.99694730265057152,26.295885865556215,8.7667795798918924,-1.3525072631634729,,0.2872358627253377,0.7169811320754716,True,3
0.98758828882378857,0.15204110725302805,-0.039406515747707843,-0.14021031396036313,0.96648228301378669,0.21506525632838869,0.070784459009287898,-0.20687072853773272,0.97580431544292234,8.2701050153189239,-5.8852968110574659,-3.4887204264253695,,0.4666286136817385,0.3772727272727273,False,5
-0.67817881053207907,0.73300487477577225,-0.052700611953272448,-0.72280558116655147,-0.67825826355850183,-0.13235490073696088,-0.13276141299255273,-0.051667992699165548,0.98980039692387534,-24.221019518588058,-11.004630765413864,-5.8989641288245682,,0.2286684849907584,0.9428571428571428,False,1
-0.3385009110852123,-0.93370756482965589,-0.11665040323271889,0.93722294522079697,-0.32350710055672549,-0.13021638468732266,0.083846789718731982,-0.15340579933384352,0.98459960216557496,-8.1578086140071502,18.152678255506903,-2.2512051324988973,,0.1532642752877422,0.6086956521739131,False,2
0.83211523354598815,-0.55000621947156825,-0.071255853396738678,0.54109932473011069,0.8333052224502393,-0.11319861754356628,0.12163781845019588,0.055637799918304649,0.99101396374769957,-12.795646861559582,-3.3604702676410962,-4.4519833782355498,,0.1842550756122341,0.9318181818181818,True,4
-0.72676743566879742,-0.65221524746269388,-0.21546314169383513,0.68543100526795031,-0.66823714430671255,-0.28921178396838809,0.044647860741228486,-0.3578748244092998,0.93270154850586873,-10.934018414247916,1.3553760180154879,-3.8626004335821582,,0.2524615730989224,0.3214285714285715,False,1
-0.28782135699615174,-0.9391681587667241,-0.18740874049951817,0.95196987599940242,-0.25922716251153338,-0.16295592473396803,0.10446157976297921,-0.22530967084202394,0.96867090932807653,6.0201820101728529,-5.7747110840972615,-3.6158663004519749,,0.1706389455256422,0.2545454545454545,False,4
-0.56950118186605614,0.82085380374003325,-0.043213848922376681,-0.8104469236240599,-0.56950659422279704,-0.13725167804092464,-0.13727413391263649,-0.043142461940310912,0.98959311847661224,-8.4384999192688248,-10.153215611517981,-4.8796839275507864,,0.1101934822694643,0.5454545454545454,True,5
0.67665796339070794,-0.73243416999741973,-0.075327200931205721,0.72406999280378814,0.6804965871257912,-0.11245906113458873,0.13362876225222581,0.021554153435974346,0.99079703893814552,-8.1991325541734597,3.0095012007346247,-3.5628732138995911,,0.172408109999176,1.0,True,5
0.86873252797641409,-0.48919005380388497,-0.077439564145589418,0.48163694338431867,0.87085699507174319,-0.098152681583452403,0.11545410171629827,0.047970672227561142,0.99215380108273377,-10.893114335767843,14.982964928130727,-2.6921265174585489,,0.2275725114531845,0.9215686274509803,True,5
-0.48699670231589642,0.87333301193033741,-0.011120350989389002,-0.86273593452932662,-0.48299336450767555,-0.1496800491493957,-0.13609158388839393,-0.063299763935112427,0.98867194795872904,-11.039936556808211,-8.6711842894183153,-4.8679717969982326,,0.2039848288417648,0.7294117647058823,True,5
0.75912083231037686,-0.63905636611153982,-0.12386493807657553,0.63930919498182204,0.76774857807551233,-0.042963636656169549,0.12255331559813054,-0.046573402230696705,0.99136855056056861,-20.207831487879783,4.9453583136088231,-4.039320695475678,,0.1643643548516948,0.2121212121212121,False,6
-0.76677563963928241,-0.62791633820767145,-0.13332738153747922,0.64008800058348614,-0.73225848715672226,-0.23256151765927729,0.048399069875430446,-0.26366376353003101,0.96339968332794035,6.1071283447511497,13.795858661754583,-1.9900351481860077,,0.241401200028119,0.28125,False,3
-0.8454627456358017,0.51609326471684225,0.13726065662047054,-0.52449671097404382,-0.75410717072223377,-0.39525381116785996,-0.10047858438185595,-0.40616513535656817,0.90825873896230647,9.3178731369137111,-5.2960465055724919,-3.342968258919643,,0.52205390409975,0.2553191489361702,False,4
0.89195859024864621,0.4505193844253596,-0.037975749349341212,-0.45208971273062942,0.88782816000386944,-0.085883932998451096,-0.0049764369568972983,0.093773357416381639,0.9955811330645411,-4.8844636889709081,-19.901670586867329,-5.6668895597859406,0.2411869015230919,0.1612770003801497,0.9166666666666666,True,1
-0.88759823827682016,-0.45554844540050582,-0.068154099664416254,0.46058647091632748,-0.87602368123995189,-0.14297766509370066,0.0054286477808130618,-0.15829757989301504,0.98737652695579448,-11.064223949262821,-10.815188647455109,-5.0731030515412092,,0.1643084302823423,0.8181818181818182,True,2
-0.7276307175840635,-0.67272717175438257,-0.13413311004911876,0.68452538648883743,-0.69940342215850959,-0.2055720027758457,0.044480715826161206,-0.24139802289230466,0.96940624119265806,21.308241324775569,10.263216180820924,-1.5672512676663279,,0.1889593187243299,0.4482758620689655,False,1
0.96140184361286229,0.27214824831461598,-0.040519452576210709,-0.27328781738345159,0.96158626123195912,-0.025799827126017777,0.031941571150758435,0.035877474119971511,0.99884560512783582,21.31117984497736,3.5713734634559491,-2.0092593391814466,0.1711006552214149,0.1519422820269815,0.5161290322580645,True,2
0.55849764695674087,0.82924246655109368,-0.020911958589297903,-0.82629059389306947,0.55393825622244253,-0.10196206518640824,-0.072967340554669052,0.074224928167677132,0.99456846282741196,-13.983083068117931,-1.1944207789872419,-4.3439429533843938,,0.1204192754401801,0.8548387096774194,True,5
-0.047585088983115684,0.98655638355486952,0.1563398905385554,-0.98800031010378897,-0.023462756205849616,-0.15265938001329404,-0.14693892112468845,-0.16172817051572494,0.97583449022892754,6.3621454395515409,-2.8275639178619771,-3.3397733497553612,0.4192400556559771,0.2310772911380696,0.1444444444444444,True,6
0.55147625939353229,-0.81293113515800663,-0.18712804390586377,0.82209469031871196,0.56769140543739371,-0.043437176960531357,0.14154241581625393,-0.12988239943592847,0.98137470256863046,8.2282412582085325,13.796627036841956,-1.8769519561497814,,0.249175438982418,0.2325581395348837,False,5
0.029726612777067375,-0.99585286035728293,-0.085984934791050141,0.99125381824848879,0.040435883850748346,-0.1256216824636654,0.12857758864046057,-0.081498587812474627,0.98834497210436489,-10.575502391004482,6.5325995457774146,-3.3620154905426287,0.2846512996696735,0.1740760300465442,0.8095238095238095,True,5
0.98930952444367637,0.13487001524531986,-0.055468403913896687,-0.14015351030420509,0.98442840354474925,-0.10610236493003561,0.040294644736454215,0.11274217171078701,0.99280690183111631,-10.815304889889036,4.1790879180691887,-3.5796662623251292,,0.1968150767045221,0.9342105263157895,True,5
0.94669098773249871,0.32064276392485669,-0.031054656473626145,-0.32195134383142021,0.9450466646176966,-0.05686944610342385,0.011113323139771217,0.063835880487357485,0.99789852911565879,-12.003635247456257,8.397998717825871,-3.2771068383640043,,0.1323760681023117,0.1463414634146341,False,5
0.26025364453269817,-0.9597088549888394,-0.10595732236829596,0.9551970603889931,0.27193035137229304,-0.11684374106801064,0.14094898485507099,-0.070801113399100515,0.98748194211832208,-14.680806328425289,-3.5335172008244888,-4.6367191049586163,0.1790901613365612,0.1654351655413503,0.3703703703703703,True,2
0.81483083131867473,0.5795580669690803,-0.012773540761362299,-0.57914506882113981,0.81289194638473428,-0.061625260753996297,-0.025331908587323086,0.057611895593737639,0.99801761702558245,4.9395049739913928,15.4369531458526,-1.9479833353104143,0.1947745401127372,0.1258509349325078,0.75,True,5
0.94389416765594558,-0.32276829786253403,-0.069888669754200189,0.31608821962336542,0.94426515389721,-0.091932347684639329,0.095666282881798848,0.064683421603999189,0.99330962810655321,-5.5500624242665335,-10.001163875383098,-4.6685257862403065,0.2398561081776064,0.1937178069878467,0.6941176470588235,True,5
-0.2464582413163299,0.96872935033401442,-0.028666724415219193,-0.95960280289734301,-0.24806507340900866,-0.1327636246347044,-0.13572323293682345,-0.0052120203395206177,0.99073308155383388,-11.462218163051542,-2.7837419718436847,-4.3061978674309458,,0.2341863797510396,0.9214285714285714,True,5
-0.18317192087735409,0.98308087641491637,-0.00019449776506690053,-0.97186085834744018,-0.18111115679561748,-0.15061613756942135,-0.14810307023920177,-0.027399622468814187,0.98859230286012723,19.408513763321967,0.38138683647574151,-2.3377628103427823,,0.2505623463747784,0.6730769230769231,True,4
0.96889432167033063,0.24215854288826488,-0.051019932783399183,-0.2449915736161388,0.96769944157209853,-0.059472007181001943,0.034970305861949505,0.070121543674404485,0.99692529650954331,-11.460739709135755,0.36877809926625371,-4.0043507923556474,,0.1656004299932497,0.4907407407407408,True,5
0.96189300148343992,0.26835759559379985,-0.05240281084345607,-0.27169737312016617,0.95961071884780913,-0.072991819486804332,0.030698389807639111,0.084448026380179592,0.99595488838787893,4.5821527011311689,19.231894772597162,-1.6974716950375035,0.2928840792437185,0.2726327098215862,0.9577464788732394,True,4
0.91351538229277973,-0.40060051892545295,-0.070773374591975649,0.39330953040784716,0.91418128240383156,-0.097878476657776298,0.10390986288527695,0.061577651296114796,0.9926786656597486,7.5076155377945355,12.996818347457756,-1.9793262193248542,0.4053131579740228,0.1198386338770401,0.4878048780487805,True,5
0.85152730211484562,0.52301324627183132,-0.036856450957926362,-0.52404335401619573,0.846745698660749,-0.091653068202746518,-0.016727727414967072,0.097359468074357858,0.99510869612912634,7.1328781115780231,-2.0570269968401638,-3.2445522962957041,0.3824413456095749,0.3103362805844712,0.8852772466539197,True,5
0.97009114214803371,0.23721307094789301,-0.051508590520354863,-0.24133758530677318,0.96530316284836759,-0.099729502722284966,0.026064263738300501,0.10917766606045463,0.99368047751245092,-8.8051818813685312,-7.9558591655260962,-4.6854659074977256,,0.101228678436473,0.6129032258064516,True,5
0.18584650414074724,0.98175704912307438,0.040176776822153169,-0.97595197167253334,0.18917959021931521,-0.10829973053035669,-0.11392465004185492,-0.019083478236575996,0.99330609329211106,-2.9650556716421304,-20.710227425486956,-5.6504272686537655,,0.2735327327144076,0.2857142857142857,False,1
0.69056381596745942,0.72313151258752029,0.014227845210927639,-0.72144236635506098,0.69008226751587665,-0.057509791237290261,-0.051405526011036103,0.029449610575209929,0.99824355361429595,9.7444749434122144,-20.495395364930623,-4.8326624553749902,,0.07796985127373304,0.1428571428571428,False,1
0.52674045147106208,-0.84157406933785694,-0.11957249935575714,0.83776836808579003,0.53778561839592798,-0.094502857530250506,0.14383552488497114,-0.050395579812422174,0.98831757412100907,-11.879062506516957,-9.0370180807038842,-4.9358445231870727,,0.1382041022740187,0.3333333333333333,False,2
0.99619941543048907,0.067319766315801444,-0.055270007772184271,-0.071356294556089661,0.99465450851640747,-0.074637041173994112,0.049950014246003829,0.078297239741703661,0.99567792901402319,-4.7817926294485922,-22.559125350176561,-5.959937960874937,,0.239954443606684,0.625,True,1
0.57674957554658957,0.8168872985754323,-0.0074208175400054532,-0.8139168341349966,0.57382658842650802,-0.090897929164862848,-0.069995101389268885,0.058465270382753294,0.99583256521394137,-20.899901907740812,-2.2960405379423028,-4.7956232944078092,,0.1648731763108837,0.5636363636363636,True,1
0.99719961209244046,0.060622653340803079,-0.043793007941988628,-0.062769613115446279,0.99680286345643399,-0.049437102204631427,0.040655987406819367,0.052047529307113073,0.99781668926762423,-3.9963754279385881,-20.393990023765923,-5.6757199952715878,,0.1803328571658761,0.9076923076923077,True,4
0.71815099675956562,0.69465787804949297,-0.041347047258761649,-0.69434533160352108,0.71134053010714371,-0.1089917919262037,-0.046300176388855911,0.10698169325012566,0.9931823654171964,1.8813835320627417,27.849185272737479,-1.1867692853011242,,0.2977962599402725,0.8809523809523809,False,1
0.97771194804379924,-0.2009762076381543,-0.060728169870205247,0.19535248028910968,0.97681536084275267,-0.087573736168649788,0.076920446548964003,0.073758489579361361,0.99430524996988701,-8.015776794622969,-22.525365700954286,-6.1575096866523156,,0.2327652871026602,0.95,True,2
0.23492761878997989,-0.96464786016113224,-0.11942997871647351,0.96292684983408239,0.24772878937009116,-0.1067816875022997,0.13259297039541595,-0.089916365605914345,0.98708365977658796,-7.6500470690695277,-15.944310913068405,-5.4363684641656347,,0.1449597689603261,0.7777777777777778,True,4
0.74084030226104591,0.67167568856570858,-0.0027232215377510915,-0.67037837192848571,0.73914484365185973,-0.065251349054106622,-0.041814889648008065,0.050166417977063497,0.99786514395036174,-13.009478135634438,-14.474777581726132,-5.5584977841138441,,0.1171710198038189,0.5,False,3
0.90387583234054836,0.42773645953328959,0.0070711312111379765,-0.42777184491024611,0.90387525166302818,0.0045583037612384192,-0.0044416677907002586,-0.0071449714500413375,0.99996460985887559,-19.961817253691713,3.124470472390966,-4.2023336189984635,,0.2033663501332366,0.3529411764705883,False,3
0.792315147261894,-0.60256876428213835,-0.095643043295671776,0.59857928795826887,0.79806344636972915,-0.069264504588142026,0.1180658436921244,-0.0023706286013091618,0.99300293890466407,9.2062249431039564,-15.251632782211331,-4.3101727573553656,,0.1473322113893869,0.3428571428571429,False,3
0.82394861257286323,-0.55893380271226756,-0.093282838855055256,0.55386095489652254,0.82914080778149879,-0.075918136914418385,0.11977782132083833,0.010886921376032359,0.99274102789327001,-11.986819202547025,14.46589084141841,-2.8020432516348435,,0.1103418568708899,0.2142857142857143,False,1
0.75398422605204385,0.65439175301060604,0.057264478137904085,-0.65389607133009886,0.75600458216708,-0.029614179736092122,-0.062671482859134597,-0.015116392892660237,0.99791972618149627,-19.557017868208298,4.2730712635144679,-4.0686647130581299,,0.3404506404850588,0.2444444444444444,False,2
0.91709269251728875,0.39529602551604048,-0.051788469205137834,-0.3986157107635705,0.91141109106618878,-0.10215350319001829,0.0068197114193479721,0.11432792875217063,0.99341965766910201,-7.5034275718878876,17.076271234837343,-2.3246811452634648,0.2119893251831232,0.1954052250841109,0.8863636363636364,True,3
-0.94664438855448363,-0.31341495372555456,-0.075069756889944717,0.32193397743193192,-0.93040749552564539,-0.17521531452630501,-0.01493036480342215,-0.1900340997055637,0.98166395734789624,-12.742710369928593,-11.901444400461832,-5.2700116650847422,,0.08252305653952513,0.2666666666666667,False,1
0.99240981443792031,0.11244011118635767,-0.049799413688230598,-0.11643555181505079,0.98943929156407873,-0.086328735556005884,0.039566683975494371,0.091471906646651294,0.99502129013082419,11.723834787226656,21.938497194435222,-1.2980564965721835,0.4009134326885792,0.3388901246899795,0.9259259259259259,True,2
0.52055688585044779,0.85374547486306318,-0.011797997479486497,-0.85025345840181021,0.51706582288578029,-0.098549435712296518,-0.078035793514546536,0.061331875515861244,0.99506221713833642,-21.703482553702106,-8.6594792639226696,-5.4734435484465891,,0.210138991593788,0.7837837837837838,True,2
0.49340330667652599,0.86878406366248306,-0.042040785991380961,-0.86596438055031999,0.48611849122118289,-0.11745000685799124,-0.081601890779389383,0.094356044951788287,0.99218852452660711,-14.023468494658388,14.51950759297838,-2.8622717506749269,,0.2229940363449229,0.9523809523809523,False,1
0.55322330360866478,0.83259746798122658,-0.026933857049535437,-0.8297909814703518,0.54793240537705867,-0.10591036874726066,-0.073422771772693504,0.080941555760687622,0.99401084558281061,26.156945163548642,-2.4615557420721128,-2.2572860089465836,,0.122858039881586,0.6551724137931034,False,1
-0.98613180251974897,-0.15969102868026178,0.045197825370150574,0.13635062716928611,-0.93481238909315412,-0.32792423464649922,0.094618045475972801,-0.31721376476595337,0.94362219818808724,-22.10422896994811,-13.088923768071922,-5.9622648964987448,,0.2428788833423383,0.2631578947368421,False,2
-0.52535594728375135,-0.83275136185920207,-0.17471776662731459,0.84736176045294354,-0.49337349729676283,-0.19636863060899004,0.077325129005265253,-0.25121258226212689,0.96483836104163789,18.244384525818067,23.979985443651451,-0.84251628035457149,,0.2796323618839051,0.1904761904761905,False,1
0.96395215127732981,-0.2516279371250173,-0.08648486171589459,0.25065574462461432,0.96782397247371532,-0.0221010405157544,0.089263361658012658,-0.0003735818615254443,0.99600798827223525,9.8851793061840407,-3.7253411088007589,-3.1890789829892219,,0.1936043370879659,0.3214285714285715,False,1
0.46280462747841167,-0.85064961783282356,-0.24941352101568304,0.87541115182696672,0.48285763285798783,-0.022445971749183849,0.13952487965073823,-0.20795127811978636,0.96813690864814927,2.2707135482949807,22.176664839269893,-1.518413648812915,,0.1044998700079746,0.2727272727272727,False,1
0.60090534381548133,-0.77145396094759433,-0.20921652399432333,0.78758382426756512,0.61612945523263996,-0.0098088810171924612,0.13647156306746572,-0.15888134104733459,0.97782014294088104,3.4728532759034128,22.005503432692048,-1.5260493378332738,,0.2331695040838199,0.15,False,1
0.85040237836880983,0.52595209452598801,0.013790907453717763,-0.52586182608165744,0.85051350137508297,-0.0098042770647008975,-0.016885933043093805,0.0010854687570732539,0.9998568332630634,-21.757514452991412,-11.418936280185463,-5.750757760111016,,0.1525541962115973,0.3333333333333333,False,1
-0.31942412697617439,0.94741612643578255,-0.019259036188924362,-0.93736880483116725,-0.31888627676746206,-0.14018297406880392,-0.13895305262892982,-0.026725004374239178,0.98993829267601274,20.365192020260864,-9.272424350612523,-3.0306860044032815,,0.2106355753989982,1.0,False,1
0.99130192173263931,-0.11129599986928881,-0.070240304542850684,0.1096194017967252,0.99359863268080695,-0.027300986878875541,0.072829161184962632,0.019363820592219815,0.99715643493544615,-9.2696207505236519,21.46835879302818,-1.988445345272984,,0.1615159477757672,0.5,False,1
0.75278562781295444,0.65820627576002844,-0.008848565328343258,-0.6570810528861708,0.75055681768971461,-0.07006392336638495,-0.039475163030163414,0.058557339160882654,0.99750325790652938,21.938221447725635,-3.5195579640103576,-2.5589879858720317,,0.1287655678566371,0.3666666666666666,False,1
-0.087537080895019062,0.93487159646561413,0.34402377474560147,-0.98742919722613032,-0.035805043262544668,-0.15395317256337129,-0.13160866207715496,-0.35317573104447714,0.9262537789760753,10.747061226153164,-10.181669901237134,-3.711933429762543,,0.5329002189580327,0.3333333333333333,False,1
