axis_00,axis_01,axis_02,axis_10,axis_11,axis_12,axis_20,axis_21,axis_22,location_x,location_y,location_z,dbh,dbh_approximation,score,reconstructed,number_clusters
0.73383703511262177,-0.67686022572349958,-0.057822493293265921,0.67323814432245166,0.73599122244987192,-0.071185121380832578,0.090739224849995401,0.013309970333386515,0.9957857388832928,10.539946388904891,-21.075148620506571,-5.401327866984861,,0.1603850437240258,0.18,False,4
-0.44644610260344431,-0.89474222926423397,-0.011055344475183035,0.87943735511376331,-0.43646216938454385,-0.18997555928762644,0.1651539157897986,-0.094536330938996854,0.98172657406830399,10.534542390573352,5.0894693719922035,-1.0654889098396916,,0.3069047646173114,0.8767123287671232,False,1
-0.0047362087765756324,0.95361406223645384,0.3009946654532496,-0.98992732800656269,0.038119731280942051,-0.13634797891005201,-0.14149718581021992,-0.29860861741074674,0.94382807757336307,8.5271033607328839,1.5229641767045252,-1.561015477658116,,0.5299343730401376,0.2222222222222222,False,7
-0.12327980891992218,-0.93726055415610399,-0.32610541598639725,0.97747823404521139,-0.05796718455499078,-0.20291896777438723,0.17128453135214117,-0.3437767577044169,0.92329797475230957,1.072518232577643,5.3461142919193447,-0.98175245708691361,0.497695819590053,0.5619092377439652,0.4551971326164875,True,1
-0.59213879678437098,-0.80565070788613713,0.017279531976377969,0.79034431156613671,-0.58480613524846647,-0.182640776801896,0.15724984743332943,-0.094491910015182104,0.98302785536518555,-3.7006503859400475,-20.631059599924285,-5.5811390180597149,,0.2364724364555453,0.972972972972973,True,5
0.44906138306666288,0.88444370126267935,0.12689843787466126,-0.87807766670079967,0.4631109097430946,-0.12044872983225202,-0.16529817143433734,-0.057337811029864932,0.98457548717544663,4.9391270630690354,-17.502710172201986,-4.8806124554337362,0.1803846502320458,0.1626557275763352,0.3529411764705883,True,5
-0.31145973482111616,-0.95025917399262261,0.00057950670412221727,0.93505844015749739,-0.30658602659529399,-0.17796269773955056,0.16928835481328608,-0.054886342011193481,0.98403706352212283,9.2312614079245794,-23.563895174883349,-5.8480346287354887,0.2597356945748889,0.1517312007463145,0.7916666666666666,True,2
0.04695446263115708,-0.9934652889879857,-0.10402883261402567,0.98165512681631406,0.065159352827309974,-0.17918557624533107,0.18479310169555707,-0.09370687442842085,0.97829981664650778,-27.380837063787272,-3.3569188404114634,-2.8631240306107943,0.3775651206580161,0.2608097103165746,0.8867924528301887,True,5
0.71553219117134403,-0.67338003441972982,-0.18593819575982967,0.68831350911695821,0.72504850771525375,0.023003795925542025,0.11932391447080518,-0.14444372850618573,0.98229212189175019,2.318966982800458,-14.921619897260872,-4.5054638630240778,,0.2881888584825791,0.2173913043478261,False,4
-0.99154342223647807,-0.12651440010194032,0.028909313143375005,0.11880895603500377,-0.97456890120683459,-0.1899997072797141,0.052211816530820493,-0.18495827466580314,0.98135842730737433,10.495359716153819,-9.7977308590973458,-3.4174152825323323,0.1967138127515148,0.227004879902419,0.9513513513513514,True,5
0.42690428249036305,-0.90423393626498683,0.010664056363144674,0.89376582106964297,0.42010895008937005,-0.15713410559937074,0.13760592530518254,0.076612391697003193,0.98751969639059334,-0.91507253307679948,-21.935010945307209,-5.7819920514179275,0.1545129226430086,0.2083602901600129,0.8533333333333334,True,5
-0.855132108047579,-0.51828125752587362,0.011559233690164551,0.50424967608610149,-0.83674312931296058,-0.21352564181993697,0.12033844752682421,-0.17676389236762588,0.97686907229263853,-23.291442790257918,0.66748673811067749,-2.2068438579095204,0.2729047550302487,0.221618704068688,0.3571428571428572,True,4
-0.50438632695500307,-0.86193475073274906,-0.051603475271685115,0.84819915296121351,-0.48338313545812989,-0.21656163388409178,0.16171774824279819,-0.15300075108946937,0.97490416968507088,5.825700204089487,-10.863373185304543,-3.6358140035396596,,0.2333518293286833,0.125,False,1
0.26071723699732818,0.95841279517467592,0.11606651704063309,-0.950223575212783,0.27599740419195856,-0.14457036345370541,-0.17059214355390104,-0.07259715507349615,0.98266371339991976,4.5491763743289093,-17.546261204504511,-4.876198133180452,,0.1296627228827177,0.6285714285714286,False,2
-0.51323560200629337,-0.85823992142639416,0.003667983540811214,0.84320337866281536,-0.50503110432813003,-0.18425972395703527,0.15999149678920818,-0.091475794236110755,0.98287074431179522,11.750474557525617,-8.1700052811995665,-3.1657419806245328,0.1076754640514248,0.1278206248569214,0.8333333333333334,True,5
-0.34677963222982416,-0.93792458132897583,-0.0064316723653660805,0.92294766640251313,-0.34000475597696617,-0.18045600847630638,0.16706732700532745,-0.068514565253755655,0.98356202783321478,-14.320282052704499,4.0708043534097067,-1.602964670697911,0.291874128339958,0.2631307878891103,0.9904761904761905,True,5
0.4600071347926718,-0.88754844213266626,-0.025518597291273048,0.87774444374153593,0.45888761204006145,-0.13779278281909846,0.13400793790181989,0.040986856235229588,0.99013228923980368,-10.61644441984158,4.4836390984652743,-1.4444419452493471,0.2505358964142294,0.2244767317971394,0.7288135593220338,True,5
0.75327144985550976,-0.65631638353595012,-0.042789339032885329,0.65223608439497671,0.75379587266968429,-0.079874104434782753,0.084677110518062135,0.032258131508840882,0.99588613802275161,14.301887099664238,-8.3483885254252961,-3.2575720309610383,,0.1959060933319536,0.3823529411764706,False,5
0.10511096444267347,-0.99442050006295479,0.008919316592299012,0.98110560641291733,0.10223027938353529,-0.16425820844726516,0.16242990555643355,0.026016130221594026,0.98637705100494955,16.948641468403128,-8.37223614399025,-3.2942841874594273,,0.166344793570072,0.775,True,4
-0.39084018370692114,-0.92043323423025669,0.006827307256235789,0.9041360484913854,-0.38528949695571929,-0.18463479995383464,0.17257449585128151,-0.065989884528157711,0.98278348506761004,-8.5781985713313862,21.082369858075179,1.2609652411193888,0.4114542367762317,0.2976528083722409,0.5277777777777778,True,3
-0.97047216043225082,-0.23885330915996966,0.033658320357588895,0.22855092047592332,-0.95514774719972773,-0.18830097654790529,0.077124980230598689,-0.17504821542254753,0.98153444142414747,16.83915851034099,-5.8723944049508532,-2.8804698789607261,0.257315927097317,0.1978704061832655,0.984375,True,5
-0.99117956288606424,-0.12817089776542839,0.033694140187798323,0.11614774051102784,-0.96257382739663644,-0.24487002508509029,0.063818308432406809,-0.23879666617646475,0.96897026565928834,19.554226488799404,-5.4624762706631076,-2.8550518684347455,0.1894449868128098,0.1407530529340559,0.6904761904761905,True,3
-0.64080293847994918,-0.76770531420942578,0.00038022371036568105,0.75378896933763617,-0.62928069838227063,-0.18922999854258366,0.14551214293098366,-0.12097253067588978,0.9819327182050227,-18.047305967139305,-3.718855458646841,-2.8049094043582277,0.2714271305860467,0.2971435705441682,0.6818181818181818,True,5
-0.19447775447438839,-0.98085854370215919,0.0097427029657327323,0.96571718199033518,-0.19319790808557921,-0.17339230871062672,0.1719555972431393,-0.024312251188136326,0.98480464408882618,-0.49331231468595582,7.2874972597319783,-0.66763999761747694,,0.2321553838150989,0.9103139013452914,False,5
-0.53014495093325931,-0.84790104063444327,-0.0031868936287460562,0.83269094028380675,-0.51991872337816503,-0.1905526673916918,0.15991287931008466,-0.10367423195687514,0.98167180088811257,-2.5306682849742779,-23.845097801573491,-6.1408711428417124,0.2332547421741334,0.2901196498260831,0.9444444444444444,True,1
-0.095736514067328166,-0.99540665261556172,0.00034029828099125842,0.98077558384321262,-0.094387711557133366,-0.17079289810766113,0.17004050697184711,-0.016017360447063804,0.98530689135571714,3.8266947051292006,-0.86962475685300911,-1.9730774700586031,,0.2577516436681669,0.9599427753934192,False,5
0.81431233956382609,-0.58041431358559281,0.0038259925580713468,0.57567190821029912,0.80678170472550204,-0.13306064413539556,0.074143561632834531,0.1105554408664669,0.99110051294670387,-2.5554318466217198,2.8513411644633897,-1.4515782625604157,0.2633110049104466,0.2445908749221966,0.9314079422382672,True,5
0.86650292494162229,0.45476839624746818,0.20581153233509136,-0.48573539706540575,0.86319331984270609,0.13768956611391778,-0.11503827669660574,-0.21927835815107807,0.96885664395783644,4.0206203597330745,4.7765116168807573,-1.0693571604736263,,0.2608227733628899,0.2941176470588235,False,2
0.99897482532242632,-0.032880923748276586,0.031115000007853468,0.036810285522148843,0.99008670352176398,-0.13554822901530234,-0.026349596805389189,0.13655462043763653,0.99028204789611696,5.4237191199981964,-15.207352564301981,-4.5124458441461002,0.1190288961428654,0.1088198710157714,0.6086956521739131,True,5
0.98396329276187477,-0.17580189073173055,0.030165107531038859,0.17836070532586895,0.97155741267743956,-0.15576794492827767,-0.0019228345922055582,0.15865020985384512,0.98733298011383308,-6.524089313519295,3.4503032667911442,-1.5301298182533218,0.2693609961659192,0.2365589008298274,0.9507575757575758,True,5
0.1327563946417975,-0.98430342943070515,-0.11628627817875382,0.97334659045037297,0.15160820212524043,-0.17207953947807969,0.18700843440964643,-0.090342193128722853,0.97819534531725694,4.7825363554480704,-10.868516340988982,-3.6684420656794048,,0.6023548245425489,0.2572815533980582,False,3
0.99247982910022259,-0.1221523587881414,0.0079113887331685954,0.12180385909796722,0.99192920626929393,0.035217462413002776,-0.012149433650860738,-0.033988983398476454,0.99934835781598308,0.62034919871425032,5.3047435208766522,-0.99973327606889428,,0.5447515346095186,0.1151515151515152,False,3
0.95340393284843317,-0.30109194692619606,0.019093986627592353,0.30159408764399448,0.94951769797499419,-0.086354777114269268,0.0078706497399162328,0.088089617597429379,0.99608145858870978,-21.179405406809455,-9.8239873681387664,-3.8639207090488732,0.2293037051508813,0.1994928677442794,0.3333333333333333,True,5
-0.46482745899777844,-0.88538737904643972,-0.0049620950156873825,0.86881750563896087,-0.45503435245640594,-0.19519190551832152,0.17056252594565652,-0.095041712473288867,0.98075251599635538,-10.114921151586826,-21.472267296779968,-5.8189203530095384,0.2130461291058914,0.2388407260698066,0.7916666666666666,True,4
-0.78140539107368934,-0.61817028916896077,-0.085270794471131034,0.60771317276824877,-0.72280527551206397,-0.32899427553663796,0.1417403063525777,-0.30889808558923204,0.94047416672356532,2.2990516436584234,8.0549058408535057,-0.49797138748413589,,0.2923325810762042,0.2173913043478261,False,7
0.049190238864494008,-0.99875090103984132,-0.0087725750243980005,0.98460883354278572,0.049964770229121297,-0.16747825723199214,0.16770738001044627,-0.0003992593840882457,0.98583673865502475,-5.9049559323189449,-19.977343397608006,-5.5186395235565469,0.2998841243404414,0.2471332305951194,0.6176470588235294,True,5
-0.62729711644500941,0.76119950943155101,0.16454067746591944,-0.77287350483421069,-0.58251392658681578,-0.2516824802358994,-0.095733344374155038,-0.28504882419258809,0.95372023916941351,8.3476682754513458,2.5741157346326178,-1.4279469093490806,,0.3623417083827675,0.3611111111111111,False,5
0.99949486032141044,0.015575475951598671,0.027702504218333601,-0.013035561660012841,0.99589135042626165,-0.089613014001123717,-0.028984449680710206,0.089206629210158789,0.99559132126674788,-16.148243744914474,14.063388891382777,-0.1154575490670984,,0.1976775696847244,0.825,False,2
0.028078661719838045,-0.99959934884438817,-0.0035679890554283899,0.98537101616351963,0.02827886672181526,-0.16806030525321539,0.16809387038466642,0.0012031154585299142,0.98577025885968883,1.2327105351228211,3.3448814274730103,-1.3219294915883306,,0.2418420369646389,0.9176706827309237,False,5
0.51849456107731628,-0.85505520580903338,0.0066321302848259094,0.84559729764034308,0.51157660103376357,-0.15249456219187649,0.12699842659100891,0.084675712536801853,0.98828205657585155,-6.2468282012342433,13.445546182095347,0.1511862811277169,0.354749546913477,0.328304775844792,0.9591836734693877,True,5
-0.36012105561134655,-0.93289159959984902,-0.0051077099960456836,0.91774812085682778,-0.35328170959364269,-0.18146740845218889,0.16748496042669014,-0.070037825941610246,0.98338369468292586,-13.444442201416765,-2.6306452906864815,-2.6640251967874859,0.2469173594209132,0.2292454332914011,0.9767441860465116,True,5
-0.27065494538439688,-0.96245386109279552,-0.020699415608600412,0.94700930592436405,-0.26232517520180404,-0.18536147643994172,0.17297189087138221,-0.069771539490764325,0.98245236894490995,-14.983072828323445,-7.5419516828524245,-3.4630117710439396,0.2603207734675112,0.2370055610893535,0.746031746031746,True,5
0.57730045908358507,0.80437227167239778,0.14039027212192712,-0.80146707397454897,0.5910857109552583,-0.090929707132441862,-0.15612401889701952,-0.060024418940157025,0.98591194325575526,-3.3073810768429919,26.465047315259369,2.3494393501954249,,0.2357664717789104,0.3333333333333333,False,1
0.88536079831902292,-0.46447201711890923,0.020049990358987222,0.46490198227134105,0.88438831236914961,-0.041514573646202271,0.0015503806246806389,0.046076656327689855,0.99893670373131227,-14.287413103824576,-23.105719153994247,-6.1571379300055344,,0.2942697727323642,0.4736842105263158,False,2
0.39470691445783251,-0.91880669597966325,0.00084089364002286305,0.90730317892316925,0.3896204623343118,-0.15810387992174568,0.14493927416366473,0.06316764008045285,0.98742212657585204,17.793283384701489,-11.475484566966411,-3.8568716974199355,0.1633513209630695,0.170209613664118,0.9347826086956522,True,4
-0.99836241521449531,-0.05265120163000761,0.022368255497356455,0.041002297862066835,-0.93127287559967431,-0.36200779375911563,0.039891094960016769,-0.36049782542926434,0.93190665755946911,13.595303728126728,-25.7626175187816,-6.2118963875566635,,0.2220620131769783,0.1935483870967742,False,1
-0.98535260997808005,0.16580807091936031,0.039848684136198596,-0.17042941803136114,-0.96550724525803788,-0.19684911181848536,0.0058350217546862659,-0.20075717414885924,0.97962365709944288,-2.3403618429157631,-18.464451128072771,-5.2439478330162146,0.2107571284450728,0.236546300639008,0.88,True,5
-0.12063586135673399,-0.99263380456611827,-0.011185659896187998,0.97776946334122217,-0.116867570437921,-0.17409436388739483,0.17150470988325048,-0.03193902021872172,0.984665442409416,-4.1919069172473353,-4.307280394900773,-2.6853529702984651,0.3034602834637851,0.267400266890282,0.8830645161290323,True,5
0.90204864667528417,-0.42950177623515778,-0.042853975803125811,0.43047917893211829,0.90244846111716959,0.01656657880139828,0.03155812949494298,-0.033391604305547266,0.99894398502853177,2.0839039221617393,4.1441029401331022,-1.1956306528558551,,0.4662949959608386,0.4822006472491909,False,2
-0.90782808387815328,0.4176840437139972,0.037258686891052495,-0.41728467730368252,-0.89100866524712896,-0.17882129778662248,-0.041492989886043934,-0.17788647526232576,0.98317584068622399,11.271751200759242,-19.332572761145659,-5.1406177407055225,,0.2035873465204689,0.8157894736842105,False,1
-0.22915986780350209,0.97146454614540323,0.061175081289602355,-0.96041716111969777,-0.21543304381441139,-0.17659977423439818,-0.15838128555818701,-0.099223178821109495,0.98237982937841928,17.532994412828931,-4.800383986025178,-2.7429661171206807,,0.1724811590324985,0.9622641509433962,True,5
0.42263498520992393,-0.89988916583840362,-0.1076064983319734,0.89948345909496907,0.43102395712643049,-0.071748555369576431,0.11094672636520446,-0.066466815703286164,0.99160122343566559,6.5018751137426118,-11.6068960976641,-3.7390786951336916,,0.2250031595967267,0.3539823008849557,False,5
0.98743781008996079,-0.15613678919636154,0.024246118538764069,0.15793584455259818,0.97993803861534579,-0.12156360261265789,-0.0047791432498287796,0.12386582875903109,0.99228746654164579,-24.019823251754204,-7.5346845483670339,-3.4563174871250877,0.2082890448142437,0.2245179638969798,0.9302325581395349,True,4
-0.49146701859499214,-0.8708941533486162,0.0018823646159962966,0.85550324171247083,-0.48318387091815829,-0.18613852450258289,0.16301648092387394,-0.089870576651885622,0.98252170785151327,5.8778541723663977,-19.233194693621378,-5.0960236245182466,0.1860360372949486,0.2057215747882267,0.9259259259259259,True,4
0.36705171537347442,-0.9301853229077629,0.0053200834929629758,0.91878669839171134,0.36164875301158333,-0.15824405929963273,0.14527229983671638,0.062971775361259669,0.98738569688243039,9.8618220887803165,-10.79025328602931,-3.6056909999093443,0.2129323955972499,0.2325762003251419,0.9930555555555556,True,5
0.93029323900375538,-0.36662838941532722,0.011752171655728397,0.36521644351922167,0.92276993448241085,-0.12293330467574101,0.034226288829988127,0.11865610852396305,0.99234534768037097,-4.735188890753034,19.025898376760011,1.1096759200659188,,0.274542826673302,0.3235294117647059,True,5
-0.85746404592731218,-0.51454193802553883,0.001415611135732422,0.50167929394835531,-0.8366339763857995,-0.2199124270712445,0.11433851479464185,-0.18785681667112453,0.97551859052749335,8.1024939661120197,-23.760368409825119,-5.9037776043694965,,0.1566452511922311,0.65,False,2
0.62063088328551974,-0.78409406804811099,0.003714722600764179,0.77615221991114514,0.6136579703451609,-0.1449538787299568,0.1113779073211441,0.09284604398477235,0.98943143970521819,-14.169968858000047,11.863284106671529,-0.43812215986451974,0.2649415035617254,0.2583896294044526,1.0,True,5
-0.034903220527966933,-0.99939027638666711,0.00091687543209122255,0.98531796555325912,-0.034565141287674808,-0.16719377310698422,0.16712352304437197,-0.0049321872982420571,0.98592362867196393,19.701013759554115,-4.3376125230729548,-2.6628681489014014,0.266247280197902,0.2721125022952727,0.9466666666666667,True,5
-0.44787579849175246,-0.89407448731698902,0.0061709200481607938,0.8789072549667577,-0.44152374421837748,-0.18049604000693636,0.16410151215688432,-0.075416141642557499,0.98355635287845888,7.1258809272446006,-12.236530982901657,-3.8733801730186417,0.1847434715723204,0.1642339690323444,0.7741935483870968,True,5
0.096439761752038985,-0.99533879212117748,-0.00024749134092813476,0.9811109084587607,0.095103088463412616,-0.16845411205412372,0.16769244961068733,0.016002857978317298,0.98570946575554952,-11.041953030745896,-6.2975162196416328,-3.226088543610536,0.2788617786247136,0.2490436194113752,0.9319727891156463,True,5
0.18573167523967779,-0.98255106355452593,-0.0098565876718381216,0.96948200520706451,0.18487645787000603,-0.16101346808614769,0.1600262053301017,0.020349516783197723,0.98690298954574962,-11.113902992348779,0.78867394056199658,-1.9978070619372963,0.293563366690712,0.262741310696494,0.7877094972067039,True,5
-0.88786984755945997,-0.46006301338839573,0.0053997691367807374,0.44293996885824855,-0.85788141842943488,-0.26046814757538828,0.12446412247147941,-0.22887004090856747,0.96546734102812337,3.4519801947241127,5.8142192655737341,-0.91958673017897052,,0.1990299757779861,0.912621359223301,False,6
-0.95800410418610438,-0.27968791714658431,-0.063267727672055629,0.2808804479969349,-0.87082623307148987,-0.40344497236619536,0.057743487040713359,-0.40427260703233958,0.91281397278287446,-3.6897863820201149,-16.43961450486243,-4.9139297317361414,,0.3447082216664027,0.5735294117647058,False,2
-0.059278046128313742,-0.99824127941763796,0.00067920088945050286,0.98408451315315559,-0.058551537786877952,-0.16777779470153203,0.16752248869727054,-0.0092771487769960879,0.98582460422290297,-3.5840476624319697,0.28693983845403365,-1.9613607538443618,,0.259167271036182,0.8446215139442231,False,5
0.99750590084244872,0.062320187633108759,0.033138678275839543,-0.056386055845449992,0.98599229791136678,-0.1569707016154816,-0.042456925120518033,0.15471064175691621,0.98704712493197311,11.007639386961973,-16.932570878764036,-4.6988643858953942,0.2636736296114373,0.2738672809594885,0.9733333333333334,True,3
0.074750862988921155,-0.99703451400322884,-0.018288968499016379,0.98342501128921955,0.076743835458475934,-0.16427303762310264,0.16518945381957789,-0.005706277724474941,0.9862453461189673,-19.822951766102367,1.219132826305436,-2.0427858085950388,0.280527273480849,0.2769926384092588,0.896551724137931,True,5
0.91356054733425285,-0.4065662010945314,0.010538049245546369,0.40647876493883972,0.91189104337029114,-0.05683078984878398,0.013495925612412979,0.056201860721887334,0.99832820797734734,0.88173772280699581,-25.467225663608772,-6.3167944024325964,,0.257512720478929,0.3571428571428572,False,3
-0.46809124055392121,-0.8828945291368594,-0.037253737220512846,0.86540553254026442,-0.44947430345088202,-0.22146357440004832,0.17878438065276417,-0.13590474957685719,0.97445679446400257,11.993213484618902,-10.87340798032478,-3.6654032138972044,0.1696853018332513,0.2208099756408102,0.3076923076923077,True,4
-0.72063057272815356,0.67851771261427252,0.14249663616447322,-0.68694607164139765,-0.67095980466341876,-0.2791380217427919,-0.093790576850482907,-0.29904289691401009,0.94961922553165046,-2.7731060453206751,-19.443790035598028,-5.3875057973099709,,0.2010688274945198,0.1388888888888889,False,1
0.89640753465995238,-0.44309231612232053,0.011078411358327711,0.44096842304457151,0.88903124632802244,-0.12316774305810255,0.044725626685944909,0.11529372249086492,0.99232402766019379,-1.1579204203890578,12.922715538148907,0.30753393352299613,0.1682610458846096,0.2172862070050969,0.6046511627906976,True,4
0.23403254053585903,-0.94496269944554978,-0.22863566350617828,0.96145414550868269,0.25986230019991935,-0.089874974375376823,0.14434228782480593,-0.19878903790547872,0.96935453903827873,-7.5639990833991551,-17.440839602290353,-5.1284153636262433,,0.3522482088321001,0.3488372093023256,False,2
0.01917084601055968,-0.99793866195827519,-0.06124463757886979,0.98100767851313186,0.030600617690752042,-0.19153990940589979,0.19301920464429251,-0.056409477624528095,0.9795721297957658,2.9632121123619579,-26.066774986283896,-6.4105460846755058,0.2292621717258696,0.2968721904576065,0.2051282051282051,True,3
0.030507710442429295,-0.99919607427689106,0.02600932050651289,0.98538746533254307,0.025703201821778581,-0.16837722108888345,0.16757333549543826,0.030766061915015006,0.98537943284055518,14.215195441019416,-17.201631436935525,-4.7635055583387702,,0.1179936004918278,0.8666666666666667,False,1
-0.059599727046486403,-0.99822143055891133,-0.0013594516926378124,0.9833524673758578,-0.058477663082335492,-0.17204152936497855,0.17165604400019302,-0.011590448367046513,0.98508875948558783,2.9697684781982474,-18.350807199757458,-5.0565175861651639,,0.2287259378264722,0.9074074074074074,True,4
-0.3453318537601045,-0.93846571093069564,-0.0052934096719155638,0.92159894358634631,-0.33804949502645298,-0.19072998215511647,0.17720411383244095,-0.070743539066865146,0.9816282665658902,5.0727948278210269,10.350245857746087,-0.15943940292400863,,0.3032042670234582,0.9411764705882353,False,3
0.27291435683966631,-0.96199816125815563,0.0087915622456525688,0.9497500724629877,0.26796118040516553,-0.16177640635277871,0.15327280804937474,0.052500890771472436,0.98678827657246782,-24.896252000332876,-10.618928675304085,-3.9880308098882646,0.2888169312458763,0.250679533165554,0.8235294117647058,True,4
0.25219218493769907,-0.96749918693118364,-0.018558694562096346,0.95516604610741795,0.25195981955669,-0.15548013922196766,0.15510295361427434,0.021484241119012783,0.98766467040371009,14.808680008150366,-21.33332318513115,-5.470328592320266,,0.2092821681443852,0.8529411764705882,False,1
0.62911493916145056,-0.77586024661280328,-0.047489694143093467,0.76868526050635433,0.63004754354857773,-0.11028627815227304,0.1154875041039601,0.032878117256359106,0.99276465781247203,-20.271471476931247,14.556834047698365,-0.130933939459453,0.3517922599079216,0.2908902489381867,0.9803921568627451,True,4
0.99938706881531758,0.034588950100307388,0.0053936273217766225,-0.034609283831061599,0.99939398362776588,0.0037232997898763165,-0.0052615736646733878,-0.0039076872421835362,0.99997852268085641,1.5654106085875299,6.0854737935919259,-0.85861154840735598,,0.1976931792098933,0.21875,False,2
0.38632725860955175,-0.88621259856698986,-0.25569215747920709,0.91118387173498072,0.40971498633893694,-0.043331072676941418,0.14316145132429403,-0.21624259550428054,0.96578669422615959,1.5139708620733763,-27.775740721373168,-6.6571258505249267,,0.2580264674801033,0.2258064516129032,False,1
-0.78051903112047771,-0.62508784212561863,0.0074318023042376797,0.61037012354538311,-0.76460224941023791,-0.20695823849269324,0.13504945146850905,-0.15699869370011521,0.97832155032714707,9.878431791695629,-13.219877813355412,-4.1157702944664418,,0.1752768765156358,0.7636363636363637,False,2
0.36200210699507884,0.92457388238175686,0.118817551517652,-0.91677387501370766,0.37619211484725712,-0.13418328815131678,-0.16876058966321128,-0.060354194090174194,0.9838075190972323,-20.624042611671626,-23.852160239912997,-6.3025220798935937,,0.2085253951478352,0.1052631578947368,False,1
-0.94046433010734631,0.33288737378573291,0.068650128694553197,-0.33881874473697976,-0.9021311953017751,-0.26713510566424625,-0.026994481113707246,-0.27449098862700111,0.96121069238329515,27.140255011228717,-0.073646107587261034,-2.1383597671588945,,0.1774318757589612,0.5294117647058824,False,1
0.82223865520335682,0.52886653120730664,0.21029452217812852,-0.5558749575392129,0.82555694465743323,0.097256170542864034,-0.12217456965405978,-0.19686524146388898,0.97278849254769195,7.6116170607891505,1.7960450784366526,-1.5401469627108104,,0.3619059759462394,0.3670886075949367,False,1
0.98667939963387463,-0.16108246257201964,0.022720092206519951,0.16260973748588664,0.9806175796741009,-0.10930341124082571,-0.0046728591793356146,0.11154193241038958,0.9937487417356804,-6.313985111391462,15.647864975198326,0.53728938405433679,,0.1884929918603692,0.2105263157894737,False,1
-0.97426791458773843,0.2183508708150472,0.055901053828795053,-0.22530043955218065,-0.9363306971362193,-0.26930380156617739,-0.0064608468836125626,-0.27496858514148736,0.96143150283461931,-5.7922697010683688,26.692592407443044,2.3264642693997004,,0.1831506324142276,0.2222222222222222,False,1
-0.33383077187632282,-0.94237720523814728,-0.021959480777057512,0.92724979212470415,-0.3241022431332663,-0.1875248223587426,0.1696020010293256,-0.082963480179682372,0.98201436965215749,2.1421724322919671,-2.5045683599984008,-2.241088774337221,,0.08885271714797667,0.2,False,3
0.5731487793740998,-0.819450477852253,-0.0011794276982688956,0.81086601188376006,0.56735116285768539,-0.14355824175490295,0.11830801948180379,0.081323873196913907,0.98964116738065555,-13.516215831171479,18.8180676643398,0.65251610624058831,0.1861069792705796,0.2754968420614137,0.9622641509433962,True,3
0.62340038120957875,-0.78148641533186414,-0.02551367005168793,0.77385979789393045,0.6213274488715258,-0.12285444429229039,0.11186142280213528,0.056843503855373068,0.99209668790805217,-20.120304387627542,7.8436356640286924,-1.062621572818427,,0.2112727753502776,0.7560975609756098,False,1
-0.10712770491787689,-0.99423342573360174,-0.0048528335078735062,0.97941509254824244,-0.10468864864115969,-0.17258726295531027,0.1710839891040242,-0.023241815757695666,0.98498227733931321,-26.986657294435823,6.1774212533400439,-1.4301404570847467,0.2559239943287828,0.303339268873796,0.9215686274509803,True,1
-0.96148364757022065,-0.2733667747822105,0.028632182945719002,0.26391133931521638,-0.94726521562438848,-0.18176747852388242,0.076811460316241836,-0.16721010051206114,0.98292460639198243,10.648379758713215,-23.439163430876295,-5.82954316555531,,0.2303114011560847,0.8205128205128205,False,1
0.59670647645955166,-0.79672697832388828,-0.095747078086566476,0.79404773596734646,0.60346438481495912,-0.072930989743973135,0.11588603866022576,-0.032509356665292907,0.99273036005395288,19.617547862181723,-9.3878542952148276,-3.5120713378538677,,0.1748942808795826,0.3673469387755102,False,2
0.65342060942689884,-0.75662441891493026,0.023685351545292728,0.74943826559969751,0.64217105338907998,-0.16111680310903537,0.10669486037807378,0.12302774845864284,0.98665109328379075,7.7066678334036194,8.7728485992178022,-0.43529888209303508,,0.2132422616232101,0.8275862068965517,False,1
0.44671754150670501,-0.89447765708584392,-0.018792527355966763,0.8841923638334156,0.44459205439785499,-0.14332399975220855,0.13655512384704471,0.047409135622937776,0.98949738352893279,-15.292217130100338,22.533506932244212,1.3000937026774251,0.3328967018647301,0.3001853042498076,0.9830508474576272,True,1
0.35286781598813549,0.81573245783763337,0.45832833391569511,-0.92027361199522362,0.39107627505168691,0.012483034765685658,-0.16905852094771034,-0.42619233254702121,0.88869528645824458,-5.6450394222283435,-18.027903179059713,-5.1533507736230328,,0.2979760248955327,0.3809523809523809,False,1
-0.68606996653646968,-0.72753359531207074,0.0016937263474411167,0.7130258903949459,-0.6728480667228065,-0.19715364245652706,0.14457551882370084,-0.134053522145723,0.98037114021026961,20.947782978873928,-6.9795016909897978,-3.1363895079025967,0.3536864453968488,0.2554792795067097,0.9361702127659575,True,1
