axis_00,axis_01,axis_02,axis_10,axis_11,axis_12,axis_20,axis_21,axis_22,location_x,location_y,location_z,dbh,dbh_approximation,score,reconstructed,number_clusters
0.9996346696104379,-0.021926364173714522,0.015803856078594233,0.021569247651779089,0.99951585546634236,0.022423697891352894,-0.016287874894150237,-0.022074628547454522,0.99962363712845692,3.6052108029548364,-27.590754142049253,-3.9800198494982837,,0.195574177859757,0.5555555555555556,False,3
0.68918125298489397,-0.72429651057073885,-0.020585560697328364,0.72269659852032098,0.68915580481427086,-0.05266785716119686,0.052333803811013331,0.021420585095790267,0.99839988557332282,-17.141790281673675,-10.705105992868759,-1.7140285879687962,0.1831004820045957,0.184445441294157,0.8909090909090909,True,5
0.65185570580242758,0.75681375990697863,0.048135970212315651,-0.75489097412712514,0.65362950409715925,-0.053926696126330116,-0.072275555993840515,-0.001184984879107287,0.9973839981755358,18.484244971580029,5.1340504154224744,-2.5606621585079057,0.2609578135751416,0.228221296906448,0.9838709677419355,True,5
0.74624946745778564,0.66459468010140132,0.037757694578553609,-0.66235654965666857,0.74699283844716291,-0.057319285023139772,-0.066298819340049456,0.01776542961953801,0.99764164711811654,-15.441924342592529,4.4292304784184955,-0.7600773829831079,0.2843186028705299,0.240499568575214,0.9347826086956522,True,3
-0.26072121504707757,-0.96535508205727816,-0.010677713732935079,0.96087056428073514,-0.25840650952677036,-0.099768905642057953,0.093553229357399834,-0.036271771122708032,0.99495334156754545,8.2852962093738736,25.507635584502236,-0.73145471574871934,0.2749635734394054,0.2350952857104075,0.9767441860465116,True,2
0.62203794381850674,0.78013442829166102,0.066776270067201188,-0.78010234814972135,0.62480231252374019,-0.032594427073928157,-0.067150002690510316,-0.031817354683095073,0.99723544515808038,1.6690902452222698,17.186102468505535,-1.0202502078929141,,0.1621677873603484,0.5555555555555556,True,5
-0.77455923150273465,0.63145601372136506,0.036349685404643485,-0.63157958654809998,-0.76905054293399244,-0.098328471302377651,-0.0341353592279941,-0.099118944445826571,0.99448992559116511,-5.8250429543539104,13.140418341075863,-0.63167075736833833,0.152760024985709,0.1068008948573334,0.7878787878787878,True,5
-0.023228767390937946,0.99758106108284794,0.06551679887110913,-0.99673051110270838,-0.018036414315337,-0.078758974063782128,-0.077386772787290337,-0.06713206631309046,0.99473844455218663,8.6375774993333323,23.476277976764763,-0.91705023892295334,,0.1774553208193551,0.6923076923076923,False,2
0.9998062762796216,-0.018632433379894769,-0.0063436849087408209,0.01922014658952069,0.99367519054050524,0.11063544490518577,0.0042421547537710366,-0.11073593874905675,0.99384081018662673,-8.0216375474397985,-16.297779136607566,-2.5142310862236719,,0.1896381343461878,0.2222222222222222,False,2
0.31873952156968099,0.94740587993727221,0.028761363837890484,-0.944411537978884,0.32001900734313321,-0.075330484343830287,-0.080572726911103801,-0.0031517613171476028,0.99674374945555089,1.3007250089232796,-5.8061329371813164,-2.2759357852737891,0.3267193274693126,0.2440251923673522,0.993006993006993,True,5
0.83740224315150613,0.54552866192611615,0.033999443847332528,-0.54379848131549036,0.83779190967413841,-0.048866428184667167,-0.055142496169405475,0.022432010646891529,0.9982264823248006,-23.3022640007575,4.2608024722727977,-0.29549072242905505,,0.2294449403973625,0.8571428571428571,True,2
0.28903828540663723,0.95626103701238618,0.044963303495034537,-0.95388548816624341,0.29165775137678968,-0.070980501038535912,-0.080989783522603054,-0.022373760386445535,0.99646378248842105,3.9358514304696817,-2.5548604245562401,-2.2249033664933049,0.2729765424535435,0.2350311096652253,1.0,True,5
0.60331648430941898,-0.73442924987031666,-0.31084223763099983,0.79494911406730073,0.58498427075803772,0.16077720301491955,0.063758339094872052,-0.34410329829952357,0.93676453513956892,-9.7357058162118904,4.2877118833238397,-1.0490273292670729,,0.3139625436727209,0.1962616822429906,False,2
0.46913441822675706,0.88150502760538707,0.053495644135487637,-0.87988348966666996,0.47173989509806885,-0.057153442458599553,-0.075617076424889157,-0.02025728706642764,0.9969311410893249,-3.3235131578933537,-11.191782278615406,-2.3199594432054353,0.305041944334961,0.2553967670384236,0.982532751091703,True,5
0.81910055656094727,0.57270171296910977,0.032970080433555662,-0.57042461412756473,0.81923492899063521,-0.058905778316975278,-0.060745681648709859,0.029442810395024447,0.99771893992099669,12.768502966702991,-7.4140948733665706,-3.0686825195904062,0.2835158374460776,0.2609186775611222,0.95,True,5
0.40692866560505792,0.9120638760283557,0.05048313731356175,-0.91000833242906942,0.40957131630690985,-0.064313076184321527,-0.079334078544797168,-0.019769241329859674,0.99665203610823494,11.504841546394816,2.253653580791072,-2.3208879508346278,0.2174668268469271,0.2116873220462804,1.0,True,5
0.93957008564158573,0.3412515714964538,0.027484888914873717,-0.33954914737064973,0.93911757815455188,-0.052578996956893415,-0.043754207652830265,0.040069182077114643,0.99823846347470668,5.3188704218816749,-7.6212065396625714,-2.6194988010208262,0.2499383421716891,0.2329649118585446,0.9547511312217195,True,5
0.54026621783175399,0.82215214347737597,0.17938301715972993,-0.83611406505591734,0.54854007736580113,0.0041296173176470496,-0.095003600381464312,-0.15221575640871482,0.98377064370486367,-9.6710508175964307,6.9242618994658258,-0.88068943161600777,,0.4956625279417325,0.3582089552238806,False,4
0.83706937603208065,0.54644548865336873,0.026686843943122943,-0.54388366946677513,0.83644152966341001,-0.067499048450262888,-0.059206535083715775,0.04198684775874785,0.99736236685502877,-15.746393540696733,1.9408953604366004,-0.86556706025927999,0.2434185839383048,0.2009313434708303,0.9529411764705882,True,5
-0.74967240290403969,-0.65691873435693715,-0.080306069353210385,0.66059287889473017,-0.73541215062199217,-0.1509503794997159,0.04010407308060944,-0.16621295126558588,0.98527403201034824,-8.2422939121729417,0.98252584341536897,-1.40082457079838,,0.6097953481144709,0.3776978417266187,False,2
0.73330638757368993,0.67881202200361046,0.038418494595633478,-0.67666151895694338,0.73415644588371709,-0.056066939726287401,-0.066264098171688796,0.015117928123875173,0.99768758514012512,-4.5388842559250424,14.864298419850391,-0.60617080092162512,0.3184861458997068,0.2357436176438669,0.8026315789473685,True,5
0.89502026874155549,0.44508315076062593,0.028977706099504834,-0.44290305660995027,0.89455101158904626,-0.06012794783275504,-0.052683972775015263,0.040981417423135116,0.99776997471292639,-12.71253713262421,2.3505490381353593,-1.0451427552406054,0.2500017848823436,0.2281652017363133,1.0,True,5
0.3527510732041097,0.92908901910171005,0.11117677337452828,-0.93227788230678421,0.35914264665889223,-0.043295606156098926,-0.080153792891707862,-0.088375075306720105,0.992857097244918,6.774381519955651,-15.083587978758498,-3.1514609569676661,0.3204762617761706,0.09025057368478355,0.1764705882352941,True,1
-0.75263331785315313,0.61254655040810058,0.24151565671916853,-0.65735201517272923,-0.67794147143575412,-0.32906487119696781,-0.037834072021223061,-0.40642598943800479,0.91290004825480886,20.718047215530294,7.1174225296458227,-2.5763807930198261,,0.1397056843044494,0.3529411764705883,False,1
0.89560087120232978,0.44292505461003295,0.04143036929990488,-0.44195724176780121,0.89651194907222542,-0.03066140276823582,-0.050723524627380931,0.0091499272903101739,0.99867081807768698,-1.6533166327622024,18.401099491872621,-0.60941727934843326,0.2234940097138194,0.2343957936348094,0.813953488372093,True,5
-0.0043590411237460621,0.99833924985208811,0.05744337181304518,-0.99676858838239346,0.00026970401605244871,-0.0803262626661672,-0.080208353521636716,-0.057607894116292684,0.99511202915090624,-5.1821323557048453,10.115260714683371,-0.86745482455686118,,0.1718010567311892,0.5975609756097561,False,5
0.92778892605896812,0.37294466857484676,-0.010953668971777276,-0.37243388155720603,0.92748037813523465,0.03275899941014937,0.022376607217773924,-0.026313919429057097,0.99940325449425138,-12.952744723218007,0.88519939811739889,-1.1627676301457543,,0.1104355221187239,0.3387096774193548,True,7
0.93497649149331363,0.35368275786200831,0.026971598876922034,-0.35193122626113305,0.93446576069218301,-0.054019941469010652,-0.044309957539911342,0.041015227478391175,0.99817552503440343,-3.6837160125853794,-20.679429830596071,-2.9842489381930317,0.210846760500295,0.2195652563783882,0.9166666666666666,True,4
0.53812863218615936,0.8414847030678454,0.048177481506131312,-0.83943144819711746,0.54021409586554325,-0.059359703552697353,-0.075976437131150515,-0.0084985369913927293,0.99707339542777029,5.2586207253823618,-11.792918743992251,-2.8858380703567268,0.3038611880865782,0.2828566464227656,0.9915254237288136,True,5
0.95904899252474363,0.26065033199745424,0.11084418959464007,-0.27565752596749687,0.94887841529345229,0.15376176822496179,-0.065099603030697145,-0.17802010397650325,0.98187111387668491,0.77150379106623412,16.370932301528985,-1.0044109547563469,,0.2298940748722251,0.2,False,3
-0.32219815867685875,0.94560942968072781,0.044845881016348982,-0.944174019807689,-0.31754783742989268,-0.08774275618984187,-0.068729665104911547,-0.070612870232623096,0.99513318490143787,16.711539491436955,-12.840550570474887,-3.7011588254976502,0.2552607599120185,0.2579460078880255,0.9354838709677419,True,4
0.33085131766715842,0.93921506807137134,0.091719471790857238,-0.94103456509797734,0.33563725140718442,-0.042445055762602456,-0.070649507349767965,-0.07226819062021253,0.99487987000226064,5.0495910140804332,22.881609543408672,-0.78721333705875396,0.280894803297859,0.2219058950343031,0.8,True,5
0.893153613475407,0.42531481347320121,0.14623245937916635,-0.44589922788198938,0.87985564335992061,0.16440171964412531,-0.058740967902045194,-0.21204093069017599,0.97549379413811477,-0.54493816011766683,14.370642628102237,-1.0327825887510842,,0.5355313464353384,0.2,False,4
0.25278475829707925,0.96599553564162999,0.054336829987860956,-0.96402877362578654,0.25624281590356468,-0.07062678613228765,-0.082148582423868716,-0.034528892514160581,0.99602176983612989,-17.100251882267486,-3.20449417706722,-1.1489559662729127,0.2339347218702905,0.2684275942006848,0.978021978021978,True,5
-0.25035773807682832,0.96619998521002681,0.061470249431731835,-0.96376604121608056,-0.24268263268918733,-0.11072559591047396,-0.092065307166917562,-0.086963948686740372,0.99194820975949738,-0.47656098114369916,14.76379325441723,-1.0074448246333783,,0.2976230203152748,0.8409090909090909,False,6
0.62463402803070778,0.77997795289862515,0.038297833074536637,-0.77753506517276649,0.62573972447504456,-0.062362004783995735,-0.07260546434612701,0.0091755221087119268,0.99731853303802487,-7.2614204914976819,13.357064474382145,-0.56605422618781298,0.2461976365910102,0.2008419105912201,0.9620253164556962,True,5
0.46269575413339953,0.88207551493284453,0.088630835846686698,-0.88278285234199183,0.46760504900822991,-0.045165847196177236,-0.081283914262676504,-0.057343736344683802,0.99504000984089569,-20.005305816597961,-4.0760367014911116,-1.0169779329796875,0.2250106697337763,0.2000966144893224,0.9607843137254902,True,5
0.8989654669841135,0.43670482960347151,0.033911369347717532,-0.43510983467893971,0.8992223927881795,-0.045590789354500005,-0.050403580584123003,0.026229374931620607,0.99838444446765895,9.7151731424935122,-12.806568857716748,-3.2180387959241759,0.3016491877394851,0.255714033147297,0.9761904761904762,True,5
0.6226759323664024,0.78157408042044652,0.037638279272116937,-0.77889085503296096,0.62370419659054399,-0.065742764631306461,-0.074857993545477397,0.011620325738915152,0.9971264959031364,15.427567688871678,-5.0228183858019948,-3.0953772918116824,0.26258750582432,0.2504126040318432,0.9166666666666666,True,5
-0.65370646395983756,-0.75176277385315626,-0.086721340082667214,0.75453305871677778,-0.63873704435632084,-0.15064810476887752,0.057859504669750081,-0.16391375785930692,0.98477639985115994,-18.120605227706275,-5.0011928585037468,-1.1619165015455586,0.1524778421440067,0.1462077965066564,0.425,True,6
0.82873819890102818,0.54548648617939322,0.1250499543300167,-0.55647759870349822,0.82693248174104739,0.080717735243139327,-0.059377435305586659,-0.13648136882831918,0.98886154548515037,-2.525832920016275,-22.051285493811989,-3.1579844446944536,,0.09241578155144448,0.3333333333333333,False,1
0.30869456942290441,0.94996398892697886,0.047708306936544639,-0.94774890125932632,0.31144481110408823,-0.069095222686374941,-0.0804964780008946,-0.023886175463702655,0.99646864860424478,-1.319748549265874,-15.492145027625991,-2.6366563278414548,0.3016343105057845,0.286634465128512,0.9929078014184397,True,5
-0.10154292858867855,0.99379658030206353,0.045358468157088515,-0.99212261033701044,-0.09779896700110248,-0.07828210594760851,-0.073360477859061551,-0.052950156122908258,0.99589885091551766,-7.7861271570856738,6.556999166389442,-0.96810197037267154,0.283287865750939,0.1986890693582285,0.8472906403940886,True,5
-0.99618324546435144,0.074027681506448381,0.046247635905977344,-0.086126140404865686,-0.91973818458537515,-0.38296730898937048,0.014185534712282354,-0.3854887471592115,0.92260348818902072,-16.30377312324579,-10.678261410920896,-1.7387496078973042,,0.3380834476145185,0.2978723404255319,False,3
-0.28635245405202436,0.95696923705730363,0.047033513416993626,-0.95560128564707258,-0.2816939284374278,-0.086456425736622877,-0.069487084613229985,-0.069702295568026484,0.9951447809562699,-0.74724898260164507,-18.267725963964182,-2.9137396767409087,0.2975582663641164,0.2645813725252822,0.9902912621359223,True,5
0.60195470390406136,0.7800104836842533,0.17098005670379018,-0.7960851372610469,0.6029367659678323,0.05211247908430295,-0.062441882417447109,-0.16748403382683644,0.98389537539987315,10.039798824271902,6.312073541828207,-2.04006141447248,,0.2082269166191729,0.1682242990654206,False,5
-0.37114711489364621,0.92306856707215457,0.10096652707448539,-0.92639358401538408,-0.36063307069737477,-0.10834535437440043,-0.063598322314781255,-0.13374680857030721,0.98897272186648477,5.3484132437452354,0.67310530691166093,-2.1472731684856359,,0.2518354541317698,0.6506849315068494,False,7
0.020655345350219959,0.99892937116028657,0.041394059257062139,-0.99634633419099405,0.023998384213147483,-0.081963771871027852,-0.082869409631243826,-0.039549829183855925,0.99577531198503644,2.8377227291266571,-16.537009727830362,-3.0662411100453508,0.2035871911226519,0.2240676107609695,0.9878048780487805,True,5
0.80027856608278358,0.59810643082034243,0.042695597897611071,-0.59633132593335669,0.80131473363765549,-0.04778752311825115,-0.062794636546826488,0.012782607971922044,0.99794460695691301,14.12118715218824,7.9050719272629246,-2.0919475061414943,0.2016021946088137,0.1833086845752964,0.6904761904761905,True,5
0.93634644549474166,-0.35097891657859426,0.0083146934207114914,0.3509138619013813,0.93492501592930111,-0.05267519449471076,0.010714267815514357,0.052239972309654437,0.99857708253207234,20.81281741284176,-12.573816810332268,-3.9476358392146493,0.2752871882649801,0.2520250404392184,0.9534883720930233,True,2
0.6166703892253983,0.78556778016045348,0.050998959071480762,-0.78379744828186704,0.61873408344011427,-0.053194868703258069,-0.07334296912063773,-0.0071691535972258913,0.99728100960424892,23.241578031446451,4.3425096829984753,-2.8900389582281178,0.268766595700385,0.2528464510915243,0.9107142857142857,True,2
0.46437374878390769,0.88420684361303692,0.050351555569338541,-0.88222450349049353,0.46682280431875939,-0.061289434725103731,-0.077697791997801635,-0.015960171547990669,0.99684919924872606,17.153262808220941,8.0985168227059052,-2.1976323195495597,0.1727801643028808,0.205854618467284,1.0,True,5
0.36887273120480546,0.92866541407881276,0.038903172972571773,-0.92603942521718341,0.37078318578194286,-0.070503986304469093,-0.079899256047442899,-0.010018873949689339,0.99675259269682603,10.559107159410926,5.381325567885022,-2.087404799330415,0.3226816029134273,0.252631290195214,0.926829268292683,True,5
0.57433078532276893,0.81722671787207757,0.047797914458322897,-0.81529674180251788,0.57627948542123519,-0.056508207269711078,-0.073724974308111535,-0.006515080864431172,0.99725732982244852,8.554151223449395,-4.2237035634478692,-2.5933386963975331,0.2886944533199045,0.2750579693235004,1.0,True,5
0.10154548904827206,0.91375854672690759,0.39336221467939247,-0.99377440222149649,0.11138918848938473,-0.0022104698556830796,-0.04583613359843728,-0.39068883650701558,0.91938092316816089,1.2747474366241536,16.271708051478416,-1.0466897411401972,,0.3591586558035277,0.3,False,2
-0.39250681160205547,0.83196589773335949,0.3921366443661114,-0.91732776577501118,-0.32319382574413813,-0.23249843255190833,-0.066694624852495277,-0.45097505031830004,0.89004119624104594,-9.6989910616851169,0.62611813302028296,-1.3160199113078932,,0.4931055132026194,0.1891891891891892,False,2
-0.78304259937889842,0.62054545557389551,0.042043134094924196,-0.61892758656126923,-0.77075668618627402,-0.1512044089720776,-0.061424182138470597,-0.14442114895588895,0.98760802020988081,-12.901697081627045,9.8388571755128158,-0.58429870500434933,0.1447046392214368,0.1916416964457122,0.7115384615384616,True,6
0.72246421246355008,0.69017575502432849,0.04126607427441023,-0.68830857305028803,0.72358831905109211,-0.051490317519820791,-0.065397018088742723,0.0087961189972489487,0.99782055416577176,-0.084756432570000206,-23.110862089809753,-3.4669445374920516,0.3655459127405396,0.2342599267372383,1.0,True,5
-0.16500079515668753,0.98287295253264828,0.082070072361474317,-0.98369698587174659,-0.15796185800801088,-0.085955170882849374,-0.071519071474004034,-0.094914754355757441,0.99291299307697878,-10.490736284700215,3.0299222008612485,-1.1043734999373584,0.3813068512966994,0.2213752299477194,0.8057553956834532,True,5
-0.25792087345513059,0.96497779758263591,0.047902747402514587,-0.96348152075772131,-0.25319448198359273,-0.087154537755928671,-0.071973482578878104,-0.06863238641943499,0.9950424178595817,-4.6571516604935539,13.568880962099167,-0.66478668885504777,0.2203831941608465,0.2272356878836877,0.8791208791208791,True,5
-0.58624955251973887,0.80783015386821777,0.061007414890787412,-0.80909231818771599,-0.58002448663654149,-0.094558000992211427,-0.04100100998795779,-0.104795216509472,0.99364826763633973,-23.002995303787756,-8.8111717822950446,-1.2782795147742678,,0.2271537009633831,0.9545454545454546,True,5
0.80925468935928135,-0.57532446789587155,-0.11877964636395938,0.58702260120650496,0.78417009807662363,0.20120070316787886,-0.022612240551602415,-0.2325489495199507,0.97232179480581715,-0.35171202943625357,14.198380702954614,-1.0613666786933322,,0.4202426706738195,0.2616279069767442,False,2
-0.66276891886647038,0.69586390019308719,0.27660584338122035,-0.74663632769073796,-0.58588078465834803,-0.31508395760591845,-0.057197503066654276,-0.41535182505459706,0.90786084124537292,-14.582542425684933,-5.6512943071304722,-1.4607168479080772,,0.2613904557381471,0.2222222222222222,False,4
0.17139009908657346,0.98373800567917324,0.05371191783448917,-0.98149873528874121,0.17521509444441272,-0.077200410008225917,-0.085356116135267168,-0.039486793503649954,0.99556774082786748,-14.290606278996695,7.8214696650294391,-0.63195762301536218,,0.1334536424322069,0.5625,True,5
-0.99978318997004045,-0.012102369976950649,0.016944193526747739,0.0094749338678767024,-0.98903815801410122,-0.14735585370209586,0.018541809014501233,-0.14716336036192948,0.98893839377660697,-18.697334006322674,-14.555027487394485,-1.9418038379126645,,0.1992821556203852,0.7543859649122807,False,4
0.12573199225635159,0.99070939053727025,0.051830199927463579,-0.98902023498978786,0.12926458859927575,-0.07162151153812904,-0.077655913515939631,-0.042256001177727445,0.99608432848854433,16.646980041637693,0.64217896931158436,-2.7798821995034624,0.2989686346799237,0.299475464617084,0.9058823529411765,True,5
0.82195529977276127,0.56813692137283955,0.040123855104702198,-0.56626885391115644,0.82274005552360319,-0.049380017488500405,-0.06106611388991727,0.017867277632907526,0.99797379230337169,-10.77164374943526,4.3698905072191785,-1.0005609169322691,0.3420205809389592,0.2440926496383547,0.8865248226950354,True,5
-0.51122351736297345,0.85493109447494753,0.087996244209049529,-0.8540168693266994,-0.49383125888151402,-0.16366390761839705,-0.096466067611642753,-0.15881911550996577,0.98258372994273557,-18.650833627423843,-13.345600120203848,-1.8418932569184907,,0.2562847442706616,0.8958333333333334,False,5
-0.84542568953836927,0.52899576945151305,0.073613038050163337,-0.53344393345685581,-0.82954609350359576,-0.16519942073446048,-0.026324386538925604,-0.17893226275695875,0.98350916214238915,-5.4019075710455384,10.068423685616382,-0.86638422037759721,,0.6091886313900694,0.2461538461538462,False,1
0.52004854099488595,0.85229035444838153,0.056130800130977564,-0.85065930936319212,0.52273563517326582,-0.055912387837940163,-0.076995158307703551,-0.018671031954759776,0.99685662868986191,7.84422524515431,2.6748108652202078,-2.1466251633629292,0.2311185843559007,0.2236955411100899,0.9301075268817204,True,5
0.82748283253893873,0.56027815859206131,0.036885591469093162,-0.55885041014728465,0.828175825930344,-0.042556085614224373,-0.054391000464669208,0.014600902344800042,0.9984129570068544,13.83312200702119,-19.443592864771144,-4.0217354883711538,0.2597972481626322,0.220593911640337,0.3333333333333333,True,3
0.28610016188134674,0.95227136046463245,0.10642346268706637,-0.9547916390601292,0.29267792980398422,-0.052082198364951121,-0.080744184634802998,-0.086711506990089698,0.99295593618406275,-24.639893011580853,-6.9291858041795944,-1.0752290839371297,0.4097198534116593,0.2765606044232696,0.8275862068965517,True,2
0.1841512491027093,0.97992051908879096,0.076446672410678179,-0.97956689891077464,0.18936903216082662,-0.067735221390347697,-0.08085176567174962,-0.062411104198094855,0.99477024787663126,-17.413903113623999,-7.2569989594649451,-1.4455842707352906,0.1808153090201328,0.1133690183863367,0.4883720930232558,True,5
-0.36221024681023573,0.92957877595263216,0.06846193397848363,-0.92962165869005231,-0.35492407247721736,-0.099158834556195105,-0.067877159634327625,-0.099560042560221579,0.99271369947502119,8.0573858418724651,-25.105456652645998,-4.0045691963336063,0.348090002726375,0.3458806334332059,0.8888888888888888,True,2
-0.83741257836093741,0.5107299523728267,0.19466661077888425,-0.54588128225129617,-0.763620883726286,-0.34481411169609494,-0.02745540548905253,-0.39501653343415433,0.91826365441690871,-7.3371117903969285,-20.502122465211489,-2.8233187378135001,,0.1796235806516939,0.25,False,1
0.5039085176265794,0.86279171348084249,0.040824808783084261,-0.86029180421821705,0.50555546333266999,-0.065663422766821938,-0.077293062161803094,-0.0020328903761466441,0.99700634396094512,-7.3739119133957338,14.660818665442143,-0.46875761918984515,,0.1390611047480718,0.3333333333333333,False,1
0.9932113517163782,0.11513739231021891,0.01657080908488234,-0.11385580638747908,0.99141303654977009,-0.064319874930079624,-0.02383413882609851,0.061996547090680518,0.9977917427876678,-12.708987370452466,-0.21015949276079388,-1.2608932692119839,0.1915013661570107,0.1882845751629426,0.7912087912087912,True,5
-0.66677528213520487,0.7442760426758096,0.038260886455435801,-0.74384040180217392,-0.66146264819219558,-0.095752920025182542,-0.045958457114002635,-0.09230567341937948,0.99466953450595641,-8.1816163649021991,-18.525857984228232,-2.6607974099059812,0.2527819295076286,0.2205330095775048,0.75,True,3
-0.45268039719784997,0.87465007195223732,0.17340043144912862,-0.88956009369371347,-0.42960724915041071,-0.15530760182634212,-0.061345722755785009,-0.22455481092901125,0.97252858013952859,-21.186908986898871,-17.842718803739839,-2.1089359135421466,,0.1796311283423185,0.4444444444444444,False,2
-0.99812961306696657,-0.058532618823227925,0.017641089889322045,0.056467470635767202,-0.99330061099077083,-0.10082321640059377,0.023424352259714471,-0.099638490248783462,0.99474794344203421,26.040901453998792,-0.0015267582398152679,-3.3406791156444853,0.210833962811951,0.2335532428707307,0.9642857142857143,True,2
-0.95686986775907912,-0.2896356967366544,-0.022610160339928922,0.28967362378425332,-0.94527304951899915,-0.15016009302325425,0.022118947950192924,-0.15023323543386236,0.98840311974044881,-2.9865398666319489,13.921672815535819,-0.78189733862033683,,0.1576716674340876,0.3076923076923077,False,5
-0.10783174751391349,0.98580593447677689,0.12868167615656997,-0.99128914525964973,-0.09676970583035012,-0.089338986584248548,-0.07561841520746572,-0.13719432781232693,0.98765356866546838,-20.97563141629379,5.6111014015855201,-0.36559104069311743,,0.201479827690367,0.5476190476190477,False,2
0.31883505351817831,0.94658631985006592,0.0481513003019702,-0.94425547218346351,0.32162490067813421,-0.070278207969226708,-0.082011047424392011,-0.023059972603854548,0.99636460483292211,-21.223954628295257,3.383387885840333,-0.43487498976285272,0.2988212407961915,0.24744024129206,0.92,True,4
0.60380774994248265,0.79582505487201516,0.045592577766012707,-0.79367912533666141,0.60552592101582214,-0.058410658126506601,-0.074092152851887999,-0.00091706918714714453,0.997250977372235,-10.235369370898768,9.7979477934572774,-0.68310360981492224,0.170092215704386,0.1486940694950166,0.7380952380952381,True,4
-0.83605363197080607,-0.54170685984516642,-0.086994266851977767,0.54835937690509629,-0.81990297181368521,-0.16450261569756661,0.017785337463155623,-0.18523713128791447,0.98253289357840079,5.3988695226167245,21.667251950467726,-0.92515709442716165,,0.1763990978547188,0.3703703703703703,False,2
0.1721443704350458,-0.98503549833736992,-0.0084488308523210098,0.98233676285172533,0.17229879339438714,-0.072990479823271781,0.07335393702804846,0.0042653030475782519,0.99729685004636281,23.15392415069261,-1.7105986793219674,-3.3371530703995478,,0.2124969714478746,1.0,False,4
0.38669613517782875,-0.89370737849369797,-0.22749334202225008,0.91595093734654243,0.40088879172672959,-0.017945947784199189,0.10723795695797693,-0.20143311121512447,0.97361425744165953,-7.8199191837142736,2.1015154633137691,-1.3462905739457622,,0.345266922115673,0.2435897435897436,False,4
0.94194308028887908,0.30158710254260163,0.14760912260378373,-0.33289761640250992,0.89620293800363859,0.29325666387513738,-0.043845301794237901,-0.32536981035985241,0.9445697835612612,-10.450956986119063,-1.4155943522458663,-1.4285771254217516,,0.2385064967028667,0.2300884955752212,False,1
0.54867723920447287,0.83218847785675365,0.080097593605668954,-0.83366909463300409,0.5518097041115938,-0.022402926194234153,-0.062842086476711745,-0.054482912649166354,0.99653523991704296,-12.390743791501821,14.20273423210295,-0.31317151971669988,0.2604662596900002,0.2387222247813748,0.9696969696969697,True,4
-0.88447877958115029,0.46469217626460751,0.041934112475439898,-0.46617891379479559,-0.87641352864677935,-0.12073337209738769,-0.019352229942428509,-0.12633490461216368,0.99179886220588698,-21.507047752208731,-11.3470930737967,-1.5405852155252109,,0.1103744422756986,0.4482758620689655,True,2
0.99393403626228116,0.088450006281235033,0.065358457358015848,-0.10662258783569734,0.92066144433240593,0.37551847981555692,-0.02695839985216306,-0.38020928619461319,0.92450751396015884,-10.553069216790409,-0.18755798511746144,-1.3397217370783405,,0.4049469223069372,0.2948717948717949,False,1
0.77527079951437827,-0.59981003372964536,-0.19794724261170607,0.63064160020990645,0.75258133081993162,0.18950596978984169,0.035303817145239502,-0.27175221054950327,0.96171948953758513,-14.356806373447011,-10.343607491604006,-1.7878687640615443,,0.2230918641297535,0.3103448275862069,False,1
-0.26663175942757728,-0.91654715347146831,-0.29807519240605007,0.96040834800313657,-0.22675078628526213,-0.16186378842996854,0.080767010285392959,-0.32943192981610725,0.94071849863133594,-8.0102377452640976,4.7680198202761055,-1.1063864119770241,,0.4137544792558076,0.2,False,1
0.43973796778010121,0.89260897873107981,0.099396834865541545,-0.89413673324483867,0.44551502456276088,-0.045120562397795917,-0.084557802448250896,-0.069033136807649886,0.99402434782434856,-19.932684599627386,12.241072667295885,-0.074830643044358935,,0.2088857208272924,0.6896551724137931,False,3
0.99503768063504383,0.097233535179608158,0.021110512852826259,-0.096003459226435564,0.99396654440240628,-0.053045682437859752,-0.026140962740334263,0.050755770560755586,0.99836892070105676,1.8803878495752042,23.188994179178351,-0.6171462020031302,,0.2029542876287345,0.896551724137931,False,1
-0.37105812262784343,-0.90927971248167783,-0.18848414814285658,0.92852897732946049,-0.36597793820946017,-0.062402620165017741,-0.012239603400738437,-0.198167992403391,0.9800916482122487,-10.206133541872648,-0.53668613180031144,-1.3822343808290218,,0.5430262076370054,0.3705583756345178,False,2
0.39160941927794912,0.91960769445467794,0.031044339782628751,-0.91722891080690416,0.39282959115024674,-0.06615162504965541,-0.07302867870068333,-0.0025691664955518265,0.99732653201985488,-3.7033371411868043,17.898001623287492,-0.52152811511100627,,0.2245714872576814,0.7906976744186046,False,2
-0.69206130046182068,-0.7218378897643779,0.0011033148250889913,0.71662678216214959,-0.6872468964574614,-0.11890230610678068,0.086586439417594613,-0.081497019639352769,0.9929053450852634,-19.215894360225182,4.0195774057448368,-0.54995415791856594,,0.1883418646052744,0.72,False,3
0.24326058327851768,-0.96850337912515017,-0.053155368930723819,0.96730004674662751,0.24628516291724104,-0.060615493818007134,0.071797689287108918,-0.036671830469639538,0.99674483628611688,28.21464881094073,3.4178239158731234,-3.2074341679224689,,0.2174534617086385,0.5357142857142857,False,1
0.83681316526946092,0.54620490380796882,0.03746904706333886,-0.54430082215943232,0.83736475846776248,-0.05056556410041288,-0.058994418619671647,0.021919496626396515,0.99801763222869644,3.4891523369145925,21.680223695810369,-0.832838373996586,0.2771800806723588,0.2746600818362404,0.8837209302325582,True,2
0.99990002763009866,-0.014131165857206682,0.00049487053198966902,0.013695063226556285,0.97656400062422599,0.21479105644329496,-0.0035185207897557233,-0.21476280598912423,0.97665989841660306,19.48926286839086,8.2961729179883719,-2.3808000471677362,,0.2472273274462963,0.2777777777777778,False,2
-0.00096957481762226922,0.99793057421727338,0.064293304216351987,-0.99689846715336283,0.0040948358750051862,-0.078591847582511171,-0.078692478115439515,-0.064170097097792561,0.9948314895129281,20.519755267551094,-18.44180142062017,-4.2819450318018912,0.3027409017861138,0.2846482689876386,0.9655172413793104,True,2
0.59999539815819092,-0.77075867251569818,-0.21432823176341576,0.79832422066115438,0.59419807932906687,0.098015719287306097,0.051806957976261371,-0.22991239910776085,0.97183142974579673,-8.9787679865100856,4.5105028477307245,-1.0943571267205545,,0.3920090730471232,0.5324675324675324,False,1
0.94395029419961929,-0.32374546799964915,-0.064394984510751208,0.32999246258189147,0.93023088361278528,0.16054743165841973,0.0079256999432708794,-0.17279865486358403,0.98492528049479189,-9.4051027186285676,16.201820525023017,-0.33880179717603626,,0.4140752788185522,0.2105263157894737,False,2
-0.52925157990483984,0.81936981673102072,0.22028587925331039,-0.84569498504924101,-0.48847216038894659,-0.21493008348651199,-0.068503703774283206,-0.30004674961600286,0.95146160753552034,-5.178369698393344,-22.32021340639557,-3.0793653412205155,,0.180069534315815,0.1785714285714286,False,2
0.8456299443124452,0.5329708393813547,0.029190437668259486,-0.53064677686561423,0.84533145285027045,-0.061876756736153685,-0.057654102059308814,0.036835026689069864,0.99765684748040961,-13.959477828967827,15.048793699794775,-0.14875104661794389,,0.2698364050047126,0.9655172413793104,False,1
0.32833255873093758,0.94282560168653029,0.057250464466468184,-0.94100659085958038,0.3317493168364985,-0.066700725163565497,-0.081879953810589629,-0.031973044630556301,0.99612920727234311,21.482733180487376,-7.6829025043228416,-3.6157847825867928,0.2635353510806129,0.2837949799758178,0.8709677419354839,True,2
-0.45883304706319367,0.83138601508156718,0.31347971042716294,-0.88639909141198281,-0.40392481479715675,-0.22614463233756887,-0.06139125073425937,-0.38163076123116108,0.92227386193874561,-8.8947392280099198,-23.133172458426408,-2.921384205624618,,0.2153223038163424,0.375,False,1
0.1874743376846939,0.98098699431494052,0.050178578045061921,-0.97894449865308264,0.19079545793992406,-0.072558678229137696,-0.080752964444348499,-0.03551915278316331,0.99610107344536891,16.735992847840876,-20.315439768870359,-4.1855046301918657,0.2801468765356152,0.3043611864398529,0.92,True,1
0.6315374306194097,0.77161662596233638,0.075949037289056165,-0.77192942689210942,0.6349161119677843,-0.03172523698463818,-0.072700987783205828,-0.038591622176478317,0.99660686987052927,24.02946126370038,8.6971377761318642,-2.6463488319739961,,0.3330962128724383,0.8958333333333334,False,1
