axis_00,axis_01,axis_02,axis_10,axis_11,axis_12,axis_20,axis_21,axis_22,location_x,location_y,location_z,dbh,dbh_approximation,score,reconstructed,number_clusters
0.76720527585567377,-0.63461570682730706,-0.093053583205043824,0.6289855318318055,0.77280164596257872,-0.08458614983429924,0.12559166152846793,0.0063655828961132581,0.99206159784002934,9.293551912661508,1.3028094523014069,-2.9469257973746101,,0.1613364598427763,0.3846153846153846,False,5
0.97722976515980742,0.21212356584575828,-0.0050575585602118129,-0.21117267590850897,0.96997215659775937,-0.12066530725412991,-0.020690264264851904,0.1189857480456132,0.99268036382648295,1.6173128685822491,19.669225180587691,-1.2171115886952559,,0.2430409785417226,0.5789473684210527,False,3
0.418505621881125,0.90538557188493396,0.071624092849298493,-0.89817576088574369,0.42428375229105858,-0.11516770423662906,-0.13466011663149879,-0.01613269241049789,0.99076051052935099,2.144838004130329,-15.696823848401205,-5.0633288907398493,,0.188681480916964,0.22,False,5
0.91010095133547186,-0.41382698910051186,-0.021528619794925655,0.40859903770945311,0.90483069505946867,-0.11970062514919377,0.069015105311653474,0.10014307949231259,0.99257658589582831,12.00646041893056,12.362896650690486,-1.6809998947678835,,0.2565395153937232,0.7857142857142857,True,2
-0.090601615602701496,-0.98760864430759809,-0.12814254929214047,0.98432997753646179,-0.069259840426937641,-0.16216525468516363,0.15128067481753615,-0.14082698673529706,0.97840784810517922,-11.049083699448961,16.620442415304527,-1.8966087211332952,0.2945542022100011,0.1706049158741558,0.4193548387096774,True,5
0.11790246570273795,-0.98994120298706589,-0.078201171408968692,0.98034805776755662,0.12857899672976361,-0.14961660078796879,0.15816666593373493,-0.059024200362966524,0.98564671640447232,-14.904045789322096,-19.476226755031337,-5.9559289665926851,,0.1672039865946736,0.4,False,2
0.33997687848879282,0.93517336478355417,0.099330256681542689,-0.93218319772919511,0.34906940192039515,-0.095838606596238635,-0.12429886549919733,-0.060011085995357649,0.99042842325595104,9.1198860734156408,-2.8897974138295801,-3.4240466923916526,,0.2530585797449219,0.4,False,6
-0.1067198093647434,0.92589047429234395,0.36240545236496052,-0.98237771459088996,-0.041938462318895989,-0.182140581017814,-0.1534435015382965,-0.37545704813337205,0.914049832800511,5.2181884456085603,5.9391283695562205,-2.515890447104685,,0.4632404652520004,0.2238805970149254,False,1
0.99707506350045383,-0.074955805871037284,-0.014931339919469905,0.074742992999417363,0.99709978799296639,-0.014335193820500997,0.015962541873287557,0.013177251253794422,0.99978575570286032,5.6493171608805044,5.8733663787982318,-2.5225746489243925,,0.1937705889727201,0.2,False,5
0.89723691203894418,0.43199913759631697,0.091338211011925338,-0.43614038661315274,0.89935629288883701,0.030656510013018556,-0.068902008967446582,-0.067342435041266566,0.99534793394217846,-13.701359648352932,2.7340830615230418,-3.3097555206432525,,0.2967282943637065,0.375,False,3
0.41619050153826664,-0.87694809944780394,-0.24030708958374716,0.90383303898195555,0.42786706483011228,0.0039512628750272005,0.09935443660939107,-0.21884196514505425,0.97068887405670912,-0.18158913974421453,11.518245600278448,-2.110818040937172,,0.3925660849859982,0.2045454545454546,False,10
0.90285633828514189,0.42971953781807437,0.013840203602787605,-0.4260486059054111,0.89853854272109768,-0.10540907290504975,-0.057732294466801705,0.089272650134670076,0.9943326285069457,6.7580808856026469,6.2913041658844842,-2.4349066370394765,0.2439533898953571,0.2274587227114569,0.9257142857142857,True,5
0.67788472987165849,0.72957312954588005,0.090528126300389797,-0.7351460080589507,0.67366223927317814,0.075759713650701638,-0.0057131288990834601,-0.11790774369004818,0.99300811886716456,-1.2537906797241707,-12.979074268272971,-4.8300647234687926,,0.2524544301867276,0.1886792452830189,False,2
0.75491576041429043,-0.65557972945772347,-0.017816088298332765,0.64698298324271963,0.74891163389504511,-0.14333312251885866,0.10730896548036679,0.096677727221907636,0.98951412470299893,3.3841121883177605,-20.821797243410757,-5.7312090225288781,,0.245634525617096,0.8360655737704918,True,3
0.92563739805608691,0.37511360199181365,0.049851709305558378,-0.37256717536350753,0.92646240268644764,-0.05348940315719232,-0.066250337067940562,0.030938681438981958,0.99732326295399454,4.7070987739396912,6.1472790614843031,-2.5403044967202906,0.3089054524739752,0.1606238184127957,0.1904761904761905,True,5
-0.98743901749071683,0.15796387898671738,-0.0034058291851277803,-0.15465230124242782,-0.97070316599228834,-0.18389678967554077,-0.032355099403185442,-0.18106014599579429,0.98293965790102933,12.885015091757609,-7.335450356445766,-3.8406016975644119,,0.0833814533022853,0.4736842105263158,False,1
0.94015502629442937,-0.34024802982612429,-0.018433793227765938,0.33511148669378821,0.93305026117961232,-0.13083387022685927,0.061715622164913622,0.11682674484937215,0.99123291595300644,-2.3803897386049839,1.2915137670459294,-3.1945852169749944,,0.3196788802127189,0.8575916230366493,False,5
-0.99274539070263501,0.12008261511844118,0.0060625724730223396,-0.11725776106130965,-0.95577489365395329,-0.26971275485535451,-0.0265933583731577,-0.26846697787082124,0.96292173881543786,-0.88962926072518278,-18.298513024924606,-5.4892850253449863,,0.3035134670841647,0.3934426229508197,False,1
0.7139424414174087,0.69054742247384371,0.11588980825630181,-0.69280192327746659,0.72065510902162366,-0.026109556566061939,-0.10154646939206922,-0.061647961489122445,0.99291885035900251,-24.107960074204787,-15.781261550696231,-5.7421052553825005,,0.171431654814009,0.2142857142857143,False,1
-0.072962065232170817,-0.99436262223305871,-0.076938368470174615,0.98561757169198139,-0.060099609318647024,-0.15794315221543589,0.15242880111402432,-0.087355666476433738,0.98444626472215324,8.4062921164001825,5.590851516053041,-2.4879186152707833,0.6982142121483644,0.6411642232872625,0.5341614906832298,True,1
0.92690451968067955,-0.3745180501039822,-0.024171088966773741,0.37036218559366296,0.92322715378785702,-0.1023888372385259,0.060661873345734356,0.08595261866332593,0.99445074511868248,6.6244863113683428,2.7312949968331721,-2.8531533980007588,,0.08207813944229192,0.3465346534653465,False,5
-0.98490760747879558,-0.17219801054539252,-0.017459951162696299,0.17209969363480743,-0.96360197118959068,-0.2045799026550281,0.01840380887751774,-0.20449715470818736,0.97869413686557649,10.839703491665651,-4.0710678907668054,-3.4543795088579472,,0.1530045265607894,0.4545454545454545,False,1
0.74717943922178243,0.65176345949161796,0.13010487491151648,-0.65386999825077641,0.75593903139927021,-0.031783741042603716,-0.11906683413844805,-0.061323516522227749,0.99099067368446825,0.32603581127930026,-20.177107065597092,-5.7331292137107068,,0.2866373506116653,0.4074074074074074,False,2
-0.98826112499261065,0.15262335775715452,0.0067867146154529899,-0.14864868955237556,-0.95037122404191066,-0.27330953808354663,-0.035263521133056669,-0.27111002781160948,0.96190219715794767,-9.321646264477673,-6.5893282943554237,-4.2811207493659671,,0.1994216499690443,0.3908045977011494,False,5
0.99696161448067977,-0.076921501275684367,-0.012272811151972448,0.074685071507659573,0.98870625162427861,-0.12993108978595139,0.022128699599680463,0.12861971326575117,0.99144706868973276,-9.716248374596006,4.7160021684408227,-3.0121837083954759,0.3335254657353562,0.2449063633324966,0.9219858156028369,True,5
0.67212004912033652,-0.7207236368263833,-0.16974121152574775,0.73079206914723271,0.68258486858662559,-0.0045660538855282207,0.11915364552536037,-0.12097659482863206,0.98547809324291236,-0.31332028529865324,8.4933889210823317,-2.4532445267395659,,0.2956404027669308,0.2121212121212121,False,1
0.9999392974355138,0.0082213155608036204,-0.0073356263959433905,-0.0083883709452803046,0.99969933523198329,-0.023040711135194694,0.0071439958745470669,0.023100846460266361,0.99970761436320166,6.4141356995612311,25.64500342617805,-0.47991409349323533,,0.1709985099330055,0.2222222222222222,False,1
0.97002151025279015,0.24301636806459395,-0.001146516284293799,-0.24201138885999246,0.96555935839080897,-0.095528074857537656,-0.022107856272234081,0.092941757443162812,0.99542607581599074,-13.840727076295313,1.6814447807313586,-3.4120520082679353,0.3499016309093866,0.1566310485420179,0.3953488372093023,True,5
-0.049478421030108584,0.9727518828352778,0.22650752811505034,-0.99195922633291389,-0.021410886578197477,-0.12473358500798079,-0.1164851026757282,-0.23085785318320562,0.9659895819719112,-7.487684867073555,14.553240349317136,-1.9926150276626933,,0.2845719373311388,0.2903225806451613,False,7
-0.92102754655521801,0.3690049490632844,0.12467399910678523,-0.38758355538695088,-0.83658964784056833,-0.38716501484458032,-0.038564829574189288,-0.40491123557243575,0.91354236093742103,-1.8244186960110107,6.9470524570103418,-2.58597118670219,,0.4430575004748278,0.2195121951219512,False,6
0.39677032521384653,0.91389948907544427,0.085796462032771872,-0.90755022828332421,0.40457997992930478,-0.1125505352421315,-0.13757140754017591,-0.033207886232730632,0.98993502014999435,12.814562335296735,2.8081063919023079,-2.7595551004199042,,0.1837371893897944,0.1333333333333333,False,1
0.99966229303334841,0.025159516340245571,-0.0065037392962184245,-0.025705303473190173,0.99409449060716937,-0.10542950781362766,0.0038127759781351111,0.10556108412666813,0.99440551097494601,-5.7309216399847509,-11.015959511415652,-4.7350365030205994,,0.3306599210035344,0.9953703703703703,True,4
0.97139334670331734,0.23378129885034471,0.041728530867671802,-0.23160491085841439,0.97146788406477103,-0.051081459424942841,-0.052479817518682928,0.039955657153425223,0.99782233599706682,11.511276685015179,-4.2829079984524299,-3.4512834261009737,,0.1888546374260958,0.725,False,6
0.9476883596624236,-0.31829625641972331,-0.02396385005661757,0.3137848409525153,0.94275688034730298,-0.11290942452349609,0.0585307316608214,0.099483454438474506,0.99331626169324261,13.010171721960097,-23.385802910311316,-5.8515284488081525,,0.2857734672377732,0.9701492537313433,True,4
-0.63451590906033495,0.75022289753037585,0.185890196542109,-0.7662766563500879,-0.57916404944183553,-0.27818894616261192,-0.10104279827016992,-0.31895863031945421,0.94236709676350217,7.7324796604060415,-2.9467082886695355,-3.4673588338540746,,0.2305350876165825,0.3488372093023256,False,5
-0.059315277093111393,-0.99330831747508463,-0.099097347785814832,0.98350633515099928,-0.041158498042358237,-0.17612855179313192,0.17087125744611389,-0.10790998319762889,0.97936635071104527,9.7878665983418252,3.5558086504732431,-2.7087904541269374,,0.280925364470518,0.5,False,5
0.14953233162922056,0.946650345841479,0.28547014645272129,-0.97321806487638274,0.19189889482479092,-0.12657571790550273,-0.17460435274012598,-0.25889754128464237,0.94999230687462377,3.2176893184314346,0.29408558971326909,-3.1803463389142501,,0.3426891404245129,0.3992932862190813,False,3
-0.99909194032751347,-0.025600185475760845,-0.034057675731199007,0.034963189024693968,-0.94944314074050118,-0.31198605403773538,-0.024348925763334358,-0.31289351703801704,0.94947605383693179,10.065153471102317,-6.7624134997978267,-3.8031423399170978,,0.3562108596596195,0.6808510638297872,False,4
0.5808304347526968,0.81374375297570933,0.021380144012639161,-0.80414719641371246,0.57766383502001406,-0.14018480734350805,-0.12642504722150433,0.064230819728367639,0.98989449399017404,-3.3782954577603079,18.254745899652359,-1.547094853247704,0.2597854244495473,0.1852638195053889,0.825,True,5
-0.64676025734494136,0.74859639223898655,0.14596099152129502,-0.75239326093979531,-0.59488750697361237,-0.2828661077950167,-0.12492217742053398,-0.29276662305237977,0.94798847778600104,19.270278710185256,10.91367930994398,-1.7797807976763456,,0.3334488794732926,0.1639344262295082,False,3
-0.4242741274318414,0.89640378725956504,0.1282642388924532,-0.89460684763952669,-0.39299025801170784,-0.21269049171122351,-0.1402499659480192,-0.20498513920428912,0.96866456513954324,15.70400132188089,-8.8391348674843879,-3.9799752946665037,,0.1692033903048594,0.40625,False,2
0.98249820038050784,0.18625080806437919,-0.0028147370090932772,-0.18508646417574642,0.97443098998276878,-0.12738621016468882,-0.020983017609120191,0.1256776919606975,0.99184919756757806,14.155972449783519,2.3928338798475921,-2.7679627944024778,0.2499646086090692,0.214609221200114,0.8979591836734694,True,5
-0.35560331487964247,-0.9309197194076394,-0.083275197175458962,0.92553481562249884,-0.33833517468492735,-0.1700429788069662,0.13012143373493948,-0.13754194119948171,0.98191172051964104,6.1723409439311165,4.2626107009347933,-2.6657136061396058,,0.09069020367427698,0.2058823529411765,False,3
-0.98702357857132705,-0.15939874806083895,-0.019403465177319192,0.15840455178452506,-0.94674276782501543,-0.28033217714877234,0.026314507751312152,-0.2797680658825526,0.9597069219267621,-1.3277192054801747,6.4603088671813236,-2.6312079648596631,,0.1348769131366403,0.5,False,3
0.92142402392969591,-0.38738326998603456,-0.030198845344359081,0.38110066525750896,0.91615906291797455,-0.12415657201107511,0.075763124707799792,0.10289204812901812,0.99180299221484736,7.3498193591878946,-3.9781963402305753,-3.5598434905764256,0.3509699590724932,0.270430316147982,0.5,True,4
0.92247575616873978,-0.38106390002701801,-0.061877163615604032,0.37707553831113588,0.92373871885188241,-0.067237026267165212,0.082779935300051372,0.03869216186882047,0.9958164484088613,-7.325276728507597,-5.360767060660911,-4.0585756742292327,0.1979673852612081,0.2808893245946382,0.6020942408376964,True,6
0.99941598390109154,0.032970996131682778,0.008978002957153888,-0.032582476563326648,0.99865063793569597,-0.040438664315587888,-0.010299191425269916,0.040122521913672285,0.99914168659468605,5.322275544223662,11.878660529913221,-1.8344959932109843,,0.1951243841085376,0.3333333333333333,False,6
0.99876476711038542,0.049156023225010739,-0.0072543338522869233,-0.049688239248372568,0.98846284999767908,-0.14308135117779339,0.00013732929290468385,0.14326506746296808,0.98968434441770248,11.278221736912112,2.5054479539803802,-2.8236384478079386,0.247167275490119,0.2278879181343946,0.9285714285714286,True,4
0.81554875250729186,-0.57335200602830505,-0.078407330442497439,0.57072383915951219,0.81930914577984648,-0.05483450607533201,0.095679316985583587,-2.8719624300082083e-05,0.99541220982885059,8.1709477257389604,0.10818665900820951,-3.0881963867009046,0.6610183409188174,0.4564050881147654,0.538860103626943,True,5
-0.98341857108158526,-0.17978706592285745,-0.023759734398807443,0.1806276820444597,-0.95937337820149893,-0.21674030930467897,0.016172647621746528,-0.21743811102263699,0.97594011770385247,2.5150684304982969,2.5380194744267817,-2.9633252974995523,,0.5901305834800361,0.5895061728395061,False,5
0.78567310445824334,0.59722165319147147,0.16138175203595143,-0.61375218950200217,0.78520802324145345,0.082198601683657557,-0.077627461715850485,-0.16362963422466004,0.98346292252990375,-0.6446766324843014,8.0371665697571011,-2.5021026413979772,,0.4181913241252474,0.5054945054945055,False,5
-0.42545697372177699,0.90018154772646952,0.09305667436719936,-0.88549616554650712,-0.39286942326994456,-0.24809304113975425,-0.18676965576329016,-0.18795424281541731,0.9642563446997604,-1.7983265775009578,-12.512105773579574,-4.7852166365007891,,0.309799670916284,0.323943661971831,False,3
-0.90171683480914766,0.43081856150084952,0.036084856770011144,-0.4259878960584782,-0.87115353324508038,-0.24418401652500638,-0.073763556268965025,-0.23555655070694176,0.96905729922724604,-13.539180249718143,3.0757339293007386,-3.2823956250846824,,0.1128745180202657,0.3888888888888889,False,1
0.54133733608233681,0.83549691503536849,0.094333416823848687,-0.83141954902409732,0.54863178131998636,-0.08800398869497833,-0.12528137157553065,-0.030790802068826811,0.99164333529959892,9.0050137261112724,-4.6582856338790917,-3.6081421613442353,,0.156238577302612,0.3170731707317073,False,5
0.77964258975016876,0.6254875552727448,0.030376807708760022,-0.61989063223791419,0.77773000764971512,-0.10426715333628676,-0.088842761727270236,0.062460814917027783,0.99408531338541173,-18.49009232471666,1.4646637539645015,-3.5746131559146317,,0.2166030281921177,0.8627450980392157,True,2
0.71688678893306501,0.69714805746780084,0.0076103759507390092,-0.68997734511336428,0.71099455105271814,-0.13571297507481664,-0.10002297277902254,0.092039851924132887,0.99071896649566127,-0.85831389191222018,7.0496680213615592,-2.5717755236630886,,0.2371772986355281,0.905829596412556,False,5
0.14289001241148469,0.98585904068690833,0.087546537618190048,-0.97977708344465197,0.15341554230842167,-0.12845442045683947,-0.14006895126949187,-0.067421237559839919,0.98784364431632765,9.1362267834181736,-9.7940676304041858,-4.1736870255241216,,0.1844775025581303,0.8735632183908046,False,6
0.096908409978822149,-0.99351745636399269,-0.059429150889098711,0.98338262820429467,0.10478772490313254,-0.1482502588720834,0.15351666561448932,-0.044074897727029161,0.98716261921172932,1.5497956567077737,-17.97702501967257,-5.3891553232514653,,0.07560550973268551,0.1428571428571428,False,1
-0.27375101224845039,-0.95904385453243157,-0.072768594713151141,0.95075890786869444,-0.25840127292818305,-0.17113235011950187,0.14531993119072728,-0.11603304371028503,0.98255709776381495,-21.221413060054768,-15.265337924896636,-5.6010570497267782,,0.1451338009797127,0.7096774193548387,False,1
0.97386465926169175,-0.22695950194815642,-0.0087755294172343849,0.22350513232674366,0.96448493592507434,-0.14076314928705308,0.040411400182533502,0.13512288055340246,0.99000440700344228,10.303292759167251,-0.75308084850454171,-3.121337554256626,0.1466765026227718,0.1549055207136114,0.9323308270676691,True,5
0.99753000491663124,-0.069295987091175779,-0.011487186952687767,0.067574686433438641,0.991371343954215,-0.11232328405026351,0.019171620809124951,0.1112696030345813,0.99360531620763692,-0.077181772244122329,-14.829492115315315,-5.0051808315532149,,0.2856414084100004,0.9496402877697842,True,4
-0.056049058579819705,0.99299702237670306,0.10399719507428531,-0.98691588748085934,-0.03932954069058095,-0.15636565565026328,-0.15118046854731182,-0.11140063186567171,0.98220892133483784,7.2711635790423097,-11.304303124950989,-4.4109964814182447,,0.2367315406992779,0.9411764705882353,True,3
0.97686332842102364,-0.21230150721041602,-0.025809060858271348,0.20992716946314574,0.9749209438839106,-0.073890031111760818,0.040848758945554557,0.066762438636488633,0.99693237267124502,13.371306603561916,-15.03954623881658,-4.684082475853697,,0.1237750086245561,0.5405405405405406,False,1
0.82362265828263603,-0.5661109350052741,-0.034119291184032716,0.55903620293610135,0.82051870663913606,-0.11927940250532615,0.095520890752927134,0.07916729957940831,0.99227430587870913,-9.3973630349892581,0.24154280488628879,-3.5163192524502689,0.4448848296554942,0.351999673334185,0.9614325068870524,True,5
-0.89661766966286738,-0.44175826485288877,-0.030436653602091957,0.43864771135375069,-0.87670063190296932,-0.19744413727697918,0.060538746042888107,-0.19038287069770493,0.97984152941812752,-10.317758002077028,-25.525361836388718,-6.650463325259631,,0.1688277971417417,0.55,False,1
0.95149201704267938,-0.30708271631313883,-0.019056412196370959,0.30243144400596206,0.94486970595730713,-0.12552474035273015,0.056552304820604159,0.11367253012885646,0.99190745168769745,11.990476826761155,-13.364294764236496,-4.5020446060336532,0.06443491413238628,0.1279095055972816,0.4137931034482759,True,3
-0.90205667676353318,-0.42958217373566437,-0.041867743130885239,0.42594829832807957,-0.87033971600896565,-0.24713726123117924,0.069726602224297621,-0.24076531051207625,0.96807554777314775,6.4909742847444605,3.6479494048153995,-2.7142396605289263,,0.1014731294219956,0.1538461538461539,False,4
0.84235427412970454,-0.53802060639541549,-0.031194614107695431,0.53148400850395117,0.83891720593110397,-0.11722913587210899,0.089241389276449534,0.082169025104710983,0.99261484260177701,12.616756986787047,-1.0545465223394475,-3.1953792979456987,0.1353975752855754,0.1543436642212717,0.8495575221238938,True,5
0.99960919383373925,-0.027316329716512527,-0.0059395061983478189,0.026503741028828489,0.99364990077250603,-0.10935001786129302,0.0088888308870316481,0.10914986406591198,0.99398556119284476,2.8829332941125969,1.5169655333882961,-3.0579021012092151,,0.1483829027122229,0.4437869822485207,False,5
0.77745144380507092,-0.61071615956450487,-0.15031641617665356,0.61416296192401587,0.78868846468811327,-0.027827358276089426,0.13554744086898329,-0.070684355515829952,0.98824623103717479,3.4178474887376278,22.342896744468288,-0.91639585211076902,,0.3826274833742199,0.3235294117647059,False,5
-0.99884309962005291,-0.045744410383645961,-0.01482940524969328,0.047822412082160509,-0.97728360880513421,-0.20646976743208573,-0.0050476969056247982,-0.20694008040848,0.97834059707061261,8.3173418333474327,10.729018015759307,-1.9167069143348547,0.1704256281070416,0.1386356578207719,0.4545454545454545,True,4
0.99789721833135669,0.064474454917961499,-0.0066472783583228882,-0.064789283154422478,0.98926703705472963,-0.13096976057584064,-0.0018682705578471066,0.13112503216391877,0.99136407817972438,4.1607952335204645,8.6377075985338543,-2.2688331603648337,0.3228888459820836,0.2831212722768788,0.88268156424581,True,5
0.83980868211263082,-0.54210803609335301,-0.02898714631097565,0.53561463033327983,0.83609152292072431,-0.11860831789148463,0.08853442958075837,0.084082355480273763,0.99251791534243772,-3.9598081909825802,8.3753749009739114,-2.5096593980948989,0.3109490254821309,0.2709335511786315,0.8592592592592593,True,5
0.51386292218417473,-0.82736111343781782,-0.2267564446168534,0.85137596563027096,0.52430160599427411,0.016333741119217177,0.10537486584316721,-0.20144829094028124,0.97381452224013132,2.6386694692140611,-13.984210601358523,-4.8763026788006618,,0.2621511202569805,0.282051282051282,False,2
0.99666818171858607,0.081378955748305684,-0.0054773270016032789,-0.081407157806813124,0.98836696333652607,-0.12846641756797927,-0.0050408538546321061,0.12848428443295762,0.99169873371209205,-1.8950577407654103,-10.299431250983989,-4.5501195524629683,,0.2865981044628729,0.982532751091703,True,4
0.82006789050789586,-0.57130087507095462,-0.033225970280623116,0.56419163005808315,0.81685189052609886,-0.1201698527765535,0.09579383868668391,0.079801623336226563,0.99219717868101698,-14.564980745172905,-3.1086044014745919,-3.9909991035127681,,0.2663972500405406,0.9682539682539683,True,5
0.92693064452940022,-0.3747466523384595,-0.019092584775998074,0.36950994590828495,0.92046402109462744,-0.12731215866980408,0.065283842619497129,0.11095464132440236,0.99167892357426157,-0.52715448721422953,-4.8410740812290243,-3.8460094889976069,,0.2785604627640046,0.9577142857142857,True,4
0.99998527134073945,0.00014425546479952076,-0.0054255222742428848,-0.00083889006100792778,0.99174174663186732,-0.12824821344189566,0.0053622164310080144,0.12825087593437079,0.99172726062008254,0.97086536151554226,-19.941036411102772,-5.6873115685659767,,0.2648660316213686,0.8452380952380952,True,4
0.74726055479544973,0.65518116187928122,0.11108243950018891,-0.65672713701789498,0.753637213987009,-0.027210608192018343,-0.10154373811849124,-0.052617438292033282,0.99343861130746702,8.3229928470161685,-1.1642220562338406,-3.2354633196238121,,0.2189016750290096,0.2833333333333333,False,5
-0.38424321914182308,0.91340506888969519,0.13434406823578315,-0.91358477774515512,-0.35519989186144019,-0.19797952089536078,-0.1331164994125997,-0.19880698415355716,0.9709561167405576,10.154946035453952,2.5100889913621085,-2.8065160936990998,,0.2696975731647098,0.3582089552238806,False,5
-0.99665755903227182,-0.081413914521682326,-0.0067442231644181134,0.0796521049096241,-0.95010700253117342,-0.30158286742568174,0.018145308134651664,-0.30111203606545911,0.95341611562277151,5.3109397678719743,4.0755772271154749,-2.760762166663707,,0.22423679753968,0.509090909090909,False,5
0.99694136487112484,0.077838586669863666,-0.0070049578255466432,-0.07808334448428339,0.98825432567076354,-0.13136353796687014,-0.0033024722630563726,0.13150871536998132,0.99130951345111651,4.8706672976548839,-7.4690427230657184,-4.0114701701232862,0.3179105772965574,0.2534790648382881,0.9912663755458515,True,4
0.99325763646011855,0.11563430389093231,-0.0082447181467025267,-0.11590362832678361,0.98908156974782846,-0.091016467333434298,-0.0023699270760444745,0.091358393970291038,0.99581525761399325,-14.890116914693635,-20.783080230845876,-6.1305494448872517,,0.1137108170772656,0.2173913043478261,True,3
0.99883040584045257,0.048197247869927004,0.003853007443611329,-0.048174525017100588,0.99882216652113065,-0.0057874696898224665,-0.0041274093536299329,0.0055950838955913032,0.99997582947200681,9.6467286691359835,-25.395425209569908,-6.1996918484222041,,0.3580957196714324,0.3333333333333333,False,5
0.41145153466002754,-0.90607501557497783,-0.098669654791692735,0.89912365885545598,0.42124084074707058,-0.11888145428568134,0.14927920388415061,-0.039802264225852112,0.98799367358815082,8.643041557126379,5.4327501070088875,-2.5150790080664489,0.4341934897695352,0.4453304601466623,0.4846153846153846,True,6
0.99933304408426282,-0.0067532717139051381,0.035886770855566734,0.0076817043525234247,0.99963769827411819,-0.025796581313498643,-0.035699557693649492,0.026055047694864927,0.99902286063437851,-7.534053036326446,-4.2935298888549873,-3.9704018406648296,,0.3761029487058645,0.188034188034188,False,4
0.9581540748269699,-0.28590542074051439,-0.014101747539353025,0.28194283269540754,0.95109781497319845,-0.12617917991847033,0.049487452795265653,0.11692320875000695,0.99190723118215018,3.1054342067592624,-2.1924933686639845,-3.4391695501072359,,0.2564320004162274,0.9286384976525821,False,4
0.81016211227027024,-0.58527353277860528,-0.033049109982367493,0.57810572477796918,0.80703643855925034,-0.1203576246714009,0.097113968205995035,0.078403307751991058,0.99218032560257574,-15.272471188943843,11.428524805981674,-2.4558588405513815,0.3373693271330743,0.2963532277245872,0.9625,True,5
-0.40377416590897613,0.90751669522643896,0.11567139157887811,-0.9019656902724571,-0.37373709155184681,-0.21628333262111718,-0.1530500457884322,-0.19166124877932367,0.96945430485428752,5.5556428869262282,-0.74850520419492206,-3.2643870967856934,,0.4069231347315146,0.25,False,5
0.9632822466828701,0.26842166238852599,0.006092978432876938,-0.26594537754396325,0.95702156899662261,-0.11568393422702374,-0.036883185716557028,0.10981588061762207,0.99326738745192622,9.4693432813937193,2.5578787924620894,-2.8134315175644962,0.2606730590509587,0.2126821122454387,0.9022556390977443,True,5
0.63310964224069533,0.7716845684501985,0.060622666698922897,-0.76388795824057298,0.63552529196469687,-0.11217303833022477,-0.12508944062911859,0.024708907078561479,0.99183773962986321,21.53369821034633,-3.113600733010137,-3.3534538863186381,0.1435653019230698,0.1301814148561165,0.1481481481481481,True,3
0.70290276595994949,-0.7071371691168381,-0.076711965554784073,0.7023181731131185,0.7070643550458775,-0.082517764987974418,0.11259167518473967,0.0041257577465278195,0.99363277562795438,-1.2447306971202972,7.5974940012472256,-2.5308162278575774,,0.1416533841655759,0.2537313432835821,False,5
0.38615219481564522,-0.90738989793568281,-0.1659218357038387,0.91185469094387173,0.40266243170917149,-0.079899866668933422,0.13931082169995551,-0.1204430953368776,0.98289671672203449,6.7793348951425063,4.6815982421636138,-2.607034594833586,,0.2156890725235248,0.3043478260869565,False,5
-0.99872239354180614,0.05038938863137836,-0.0038065931593419698,-0.047009592188079458,-0.95408268065240887,-0.29583160196541419,-0.018538578166496605,-0.29527469920815885,0.95523252306812467,6.4539131365836404,-5.9072408375347036,-3.7776757917174533,,0.41143924977053,0.4166666666666667,False,4
0.25226929991652375,0.96761276307331023,0.0092596467136604656,-0.95610676725754584,0.25072080108182609,-0.15165397953635498,-0.14906391221201926,0.029404432361846266,0.98839027182258621,3.5936792952248164,-11.116704448724978,-4.4845239848223226,,0.2806967652322386,1.0,True,5
0.78897992612740331,-0.61384366024386194,-0.026582643706311436,0.60628216530298573,0.7848202028631055,-0.12837127877153123,0.099662491457526856,0.085165779256302671,0.99136984916838511,14.00580348488217,-0.097290265153511912,-3.0585784855017359,0.1775015061009112,0.1817696201254011,0.95,True,5
-0.97046010955060769,0.24041948828542412,0.020140641092030218,-0.21868644810488905,-0.84132356271607223,-0.49431862218007044,-0.1018990342755558,-0.48412098949674792,0.86904744078928109,12.354723581206533,4.9265725508295892,-2.5525188941047006,,0.6366628024539372,0.1627906976744186,False,4
-0.71848890292418865,-0.6854223930256288,-0.11819407562908847,0.69092090383102123,-0.68379016633927137,-0.23464720980023304,0.080012505423331715,-0.25025417390471349,0.96486830573874149,9.9421344800044817,-3.7027972697257274,-3.4731403711676267,0.6624849636463472,0.376287635017484,0.3552631578947368,True,6
0.84452885666438837,-0.53490151157573451,-0.025522209448548647,0.52787030874965479,0.83955626919701898,-0.12844535021761944,0.090132942932567656,0.095003388181564327,0.99138812219651784,6.0703884952095857,1.1502291706412979,-3.0433670720680932,0.1958229146062714,0.1776194816958793,0.8370927318295739,True,5
-0.7630647513754264,-0.63233865015568547,-0.13371617975265954,0.63973988604389442,-0.70950157666014901,-0.29553407742815219,0.092005779236439614,-0.31105521091287014,0.94592790018639727,0.48205685285294358,-15.503556163201209,-5.091140574941571,,0.2434889607796196,0.2653061224489796,False,4
0.89902704952234591,0.42615039389279047,0.10072837739269866,-0.42616990562376306,0.90436549661073407,-0.022411159734698205,-0.10064579359207718,-0.0227791642744215,0.99466151725457885,7.4987957315265703,-6.6796580078673786,-3.8241045183117595,,0.264290783443677,0.2051282051282051,False,4
-0.79054197001668769,-0.60534856344730914,-0.092717368245723603,0.60613311559721794,-0.75180562434945808,-0.25959766827329178,0.087441636641493473,-0.26142191937326176,0.96125571012746447,0.26298977507159005,19.573707731126174,-1.2375470643703708,,0.1701855608568683,0.4444444444444444,False,1
-0.58744342498628399,0.7945642312608201,0.15355098450119467,-0.80218719880831812,-0.54668731566369189,-0.24005973623348442,-0.10679850424255855,-0.26419814778557488,0.95853712405843905,-5.8737291727987451,-12.053992613456614,-4.8649326542440967,,0.2430848520564856,0.1363636363636364,False,4
0.85584689539720193,0.5150258761432035,0.047691074027510619,-0.51216327979098386,0.85672759058201675,-0.060881937955976281,-0.072214032380930562,0.027680000694702927,0.99700499050347191,8.7143272686798827,7.7318602780179662,-2.2271347422238925,,0.07549936953984229,0.4347826086956522,False,2
0.21484802199105446,0.95801097153114168,0.1898823474483301,-0.95161357453823925,0.24908398840147003,-0.17996880695434397,-0.21970874402509544,-0.14202867720278667,0.96517144728330051,5.0883381836499604,9.825995974999671,-2.0808081670058818,,0.09308284254241887,0.2,False,4
0.86026672830163164,0.50949123623524728,0.018969353618033508,-0.50485851354754263,0.85645494835573555,-0.10771630672994542,-0.07112691105180953,0.083087915104747084,0.99400068455095858,6.9605904838289119,-1.7194545630692346,-3.3247799380378265,,0.1554867689422117,0.2631578947368421,False,1
0.20654636094498308,-0.96630626704480005,-0.1535929654975422,0.96658415736460646,0.22587448215519934,-0.12122617309341596,0.15183434233446427,-0.12342170222884125,0.98066988120712506,10.001533479055263,-5.9890698334037733,-3.7139843387275118,,0.236620274872911,0.1935483870967742,False,1
0.82195366218233024,-0.56464200515296903,-0.074643038803977949,0.56317861684008363,0.82529713111001135,-0.041406411528613504,0.084982485013961537,-0.0080032117565924672,0.99635030277630421,6.2871156113162501,8.3672719026290476,-2.2124018815369753,,0.1789805696784073,0.1428571428571428,False,2
0.0095160563843770703,0.99990776750131893,0.009690261163594404,-0.98766134098394331,0.010913499968240889,-0.15622410519584523,-0.15631545092116989,-0.0080840589416777235,0.987674099991662,15.342978066739963,-3.2185351051986859,-3.4041897074128333,0.1352124469630183,0.1251688169281419,0.7586206896551724,True,4
0.40447076363068957,0.91122549732355096,0.077919794631749403,-0.90423271671866978,0.41121547358454802,-0.11517390459739399,-0.13699122374656109,-0.023873150443191434,0.99028454360569329,8.3625570748328588,-13.553351551016874,-4.6513774733522801,,0.09404288398463054,0.2666666666666667,False,1
-0.3778596879169176,-0.92291620149868414,-0.073808815588453411,0.91537747024565286,-0.3604278394095754,-0.17937630708991198,0.13894654804635698,-0.13534200231186974,0.9810078486924636,-27.644704896220322,-5.1360707564532468,-4.4927015471350318,,0.123284085374978,0.4615384615384616,False,1
0.9624513421012123,0.27144207591334918,0.0025716748293753921,-0.26935488203071045,0.95614102111007049,-0.11507517228670378,-0.033695127448911177,0.11006156083957848,0.99335345734122182,-7.8341623148188884,16.211377222498811,-1.8651159031318731,0.4462342606441594,0.43666370787645,0.9696969696969697,True,1
0.65886155817059222,0.75133680304561901,0.037342409592964462,-0.74214691402065935,0.65731299153022726,-0.13098698093778618,-0.12296099045889215,0.0585887323192174,0.99068055157583268,-16.441119441660387,8.5905028184133911,-2.8078768435955892,0.2276569394526529,0.207681673259008,0.96,True,2
0.5610196182058218,-0.81626216150944064,-0.13774277358950215,0.81674120397994732,0.57291723121487759,-0.068554007165616646,0.13487325053389534,-0.074040055814493924,0.98809274687420257,-15.538209826073356,12.620407890385993,-2.385318989636743,,0.2537394573177776,0.2972972972972973,False,2
0.94587140679397752,0.32316729147272605,0.029835943621153473,-0.32181496143936278,0.94584457024685809,-0.042581445822310618,-0.041981095785648084,0.030674919017321962,0.99864740371159921,-21.196063391177894,9.2428507361676857,-2.90101890432511,,0.2158882978079683,0.4782608695652174,False,1
0.77722861191918824,-0.62479641000694541,-0.074465635407253622,0.62082882649213522,0.78073767401068628,-0.070853740739516474,0.10240728983119972,0.0088391415203799631,0.99470328066545166,-15.363121749143753,1.4662048642689383,-3.4631482189204679,,0.129434954905928,0.4761904761904762,False,2
0.92371734476651979,0.38303246841413263,0.0056916709381101653,-0.38105008017184727,0.92025934682404498,-0.089014442558561974,-0.039333235037556598,0.080055372858788096,0.99601407314250412,-13.634380472832682,17.937615930539664,-1.8849529954915598,0.3029895564272395,0.2678156514780654,0.6056338028169014,True,4
0.060661228215471936,-0.9947514121213189,-0.082400506515631342,0.98626043002671626,0.072441770862192473,-0.14846734993885508,0.15365734461752009,-0.072262147193338636,0.98547836228305941,-30.192612279772366,-6.8571890837625737,-4.7741114975614636,,0.2981079799536129,0.9117647058823529,False,1
-0.98621504347568278,-0.16466718269387526,-0.016266744170842739,0.15892400219019395,-0.91524500341670878,-0.3702293144101374,0.046076561830380544,-0.36771089549320013,0.92879795853860503,11.991649030276383,1.4935432366134209,-2.9070893193050336,,0.2975899638342398,0.1590909090909091,False,6
0.62694478260297692,-0.7786072281536206,-0.026665030167650622,0.76993514944731178,0.62445986432633926,-0.13133827884922047,0.11891217436600775,0.061811504693426521,0.99097892645357644,6.7696498386708051,-19.466394940810442,-5.4567800743838752,,0.2673330538898138,0.9482758620689655,True,3
0.75332307001013177,-0.65250684610605536,-0.082092435554318541,0.64736363540905728,0.75773163621734185,-0.082238014478461324,0.11586490297100535,0.0088081360184246935,0.99322592646356234,5.9132946615577344,-26.253207003529528,-6.402237386088184,,0.2607692313976887,0.782608695652174,False,3
0.99232554701188169,0.11640177293851825,0.041720930051234464,-0.11792496924655933,0.99236546729352015,0.036117598916760363,-0.037198257698020307,-0.040760355495059679,0.99847628066176353,6.3430751880772869,11.756473452490242,-1.8396794414594952,,0.1936792111019465,0.1851851851851852,False,3
0.9429564880209157,0.33286562104164247,-0.0057913752963267666,-0.33065216015791227,0.93437739417755206,-0.13269526831380918,-0.038758362738477381,0.1270407949381982,0.99113996273952332,-8.1380573321224485,22.417629291003855,-1.2741541874389117,0.2537299268438431,0.3067384762842309,0.9827586206896551,True,2
0.85972392120242813,-0.50709093905624281,-0.061102854592730522,0.50397605952420743,0.86164632969178234,-0.05978071557897259,0.082963309593912293,0.020600535326516411,0.99633965453829376,6.2472964959411863,9.9059992067956095,-2.0383587582048777,,0.1685289438883432,0.1304347826086956,False,3
-0.82342085637229789,-0.55363839076441979,-0.12434880603727114,0.56222629174343597,-0.76642263804932043,-0.3106411704168407,0.076679137733386887,-0.3257005866701867,0.94235844437197036,-4.5198744906630992,-14.680025887756587,-5.1415547564024076,,0.2065121872306543,0.2105263157894737,False,3
0.64204981315070309,-0.76266142920538438,-0.078227756170991591,0.75680042055599051,0.64679641476105876,-0.09437966570462103,0.12257716296041234,0.0013936479615197749,0.99245800760835023,17.787199991273685,-8.2463488772741176,-3.9281272117680537,,0.1588654211529794,0.7297297297297297,False,2
-0.95310383284026601,0.29558260435864242,0.064992367442315319,-0.30200093251725285,-0.91490443671374388,-0.26785314715384079,-0.019710925495886752,-0.27491961676473653,0.96126514746662206,-26.909771460017271,-9.8426221822811861,-5.0553130817816312,,0.1608259159598549,0.3684210526315789,False,2
-0.44944622496890974,-0.89246118791378304,-0.038873113185277405,0.88357569383613677,-0.43772308098138835,-0.16641062958281866,0.13149936928816502,-0.10913996721494962,0.98528999966158926,17.226732142962447,1.3787331872199524,-2.8780132501103477,,0.07938150577646151,0.1428571428571428,False,2
-0.43854781331113446,-0.82286050405660172,-0.36135357519158029,0.88861969552950304,-0.33695247983171239,-0.3111560107925147,0.13427900862411185,-0.45756269209691292,0.878979823797993,14.395497498074876,-1.8071665428827517,-3.2642214879282139,,0.3524293812604959,0.3018867924528302,False,1
0.73378149581224517,0.67873095818744222,0.029816150011378502,-0.67225279673123539,0.7317208334485632,-0.11252021678068624,-0.098188052687567098,0.062521262745542788,0.99320199255444863,7.1194317349935767,21.903251909404844,-0.80012285312296216,,0.2413902776907779,0.1875,False,1
0.471124406113549,-0.88046980383662654,-0.05305392064728464,0.87100930488219053,0.47387004237931701,-0.12957613107384897,0.13922853433401849,0.014836019254392157,0.9901491341004568,17.511555415733547,5.5778881786042538,-2.4154534674211594,,0.08780184697288944,0.1904761904761905,False,1
0.84577707274896963,0.5332152361913467,0.018510945561775672,-0.52808279442895789,0.84157578023154578,-0.11348466132375877,-0.076090113945818022,0.086207412796532101,0.99336729186068995,-14.166342585911583,-21.47397315841852,-6.2072181936276909,,0.19533240990707,0.9777777777777777,True,2
0.98261196856277822,-0.18340809078842032,-0.028899679419135696,0.18280307896074011,0.98289507377976804,-0.022367571659395263,0.032507746148505899,0.016695693241411055,0.99933202703982882,-13.96229367648222,23.012511044078646,-1.566383916396481,0.2983982524158255,0.2407545027533339,0.2352941176470588,True,3
-0.96066259051719516,0.27584266487988385,0.032221288192059903,-0.27291935673475165,-0.91621224259853018,-0.29337714844899038,-0.051404395729170077,-0.29063026467409686,0.95545362909729059,4.4009774248551619,-1.0973274052172131,-3.308008660827086,,0.1540472475561605,0.3644859813084112,False,2
0.26867094422262083,-0.95184152832578695,-0.14769437594219986,0.95147877128193603,0.28613421845746395,-0.11320493287641337,0.15001357115388766,-0.11011318714017222,0.98253295847390831,11.743399246607492,-5.2462612623815739,-3.5871171431690545,,0.1851019274848649,0.3529411764705883,False,1
