axis_00,axis_01,axis_02,axis_10,axis_11,axis_12,axis_20,axis_21,axis_22,location_x,location_y,location_z,dbh,dbh_approximation,score,reconstructed,number_clusters
-0.98761331393724039,-0.14148002569269266,0.067847951066313528,0.11151960456768809,-0.93709758389440512,-0.33077408613181147,0.11037807722083386,-0.31911051469555751,0.94126784683201015,-2.9966852773705632,8.6099093331727286,-1.2830724641357369,,0.6555673468329275,0.3047619047619048,False,2
-0.76890600603174797,-0.63720794299405958,0.052436545210227614,0.63465487312573987,-0.77060752805726518,-0.058113937392170967,0.077438658989267384,-0.011405046547444113,0.99693188283211909,6.8240908879013391,7.9138969978427109,-1.8592295787072417,0.3327718132049263,0.318208238734705,0.9467213114754098,True,5
-0.99626835074297304,0.0072560731879767158,0.086004201698333158,-0.010622034804691278,-0.99919269579375092,-0.038744406680512641,0.085653637894048437,-0.039513365767898712,0.99554113337481343,-1.5711970390419003,10.419954241698765,-1.2527534827296041,0.3419362199895265,0.3124077020562328,0.9800995024875622,True,5
-0.15483430476873941,-0.98650344031288728,0.053266315036980288,0.98745740806812943,-0.15621931846349152,-0.022877757542505088,0.030890213954464053,0.049055955699995428,0.99831823978739742,10.313974337349118,-23.745234198259812,-3.7881658252261645,0.2613857249796902,0.2721134903369581,0.9791666666666666,True,2
-0.44077728495347207,-0.89622177048406182,0.050019228097383184,0.89600103316082935,-0.44264206566542413,-0.035357464249735363,0.053828743657740485,0.029232512958324727,0.99812220020514997,12.014287714214586,-5.7082461566176095,-2.8959257492909636,0.2558083755426027,0.2440539066596767,0.9694656488549618,True,5
-0.79366936137759847,-0.60387222521725092,0.073670078197603572,0.60273439889679559,-0.79697201886820423,-0.039329957127577204,0.082463259679651707,0.013188508342659999,0.99650683592773326,11.222188842018781,-19.189781267043781,-3.6693660991198209,0.2988023578570571,0.3008546313764947,0.9696969696969697,True,5
-0.94677940860855059,-0.31521192808799481,0.065193495272854299,0.30882271264425964,-0.94664583709946226,-0.092142233841482776,0.090759482093519694,-0.067105137607386262,0.99360938850073732,0.20763676209899451,-20.732004991256829,-3.1137471243378907,0.3512120441986808,0.2903301715562207,0.8732394366197183,True,5
-0.26553267049662888,0.88442776276374979,0.38377067807694187,-0.96318252261460457,-0.26073605552912826,-0.065544927163561612,0.042093099537739043,-0.38704552936291409,0.92109930472858703,15.896010417129581,15.880322512607474,-2.1217692193464801,,0.3786699348179087,0.6176470588235294,False,4
-0.95751051617660476,-0.27815984374382091,0.076162410279775897,0.27537412036181841,-0.96027737590841455,-0.045127099988856167,0.085689586567835235,-0.022236516068453713,0.9960737081697173,12.815269643556265,-0.039763133142894952,-2.6279543608787823,0.3211648113285829,0.2923874865979078,0.995,True,5
-0.46078565371607194,-0.88744589991699674,0.010786846154672486,0.88651055861128214,-0.4608090629925794,-0.041881224129838419,0.04213799710670961,-0.0097356142288642505,0.99906436580203495,25.149144995406065,13.139180627833225,-2.8494512244747061,0.3030925625654803,0.2620026031134382,0.2666666666666667,True,3
-0.33041575907644732,-0.94239021121643485,0.052212220383520004,0.94273444536286,-0.33219621085141876,-0.029957353393436342,0.045576218363470429,0.039323876963007487,0.998186576257306,9.1011640558308535,-12.341178646758131,-3.0838068284757076,0.2352078464781279,0.2199694420474848,0.9056603773584906,True,5
-0.70283873859997836,-0.71020853616736734,0.040268383108792341,0.70139790708239191,-0.7013308464958472,-0.12718498218680618,0.11856931923407274,-0.061146372814936699,0.99106126835223718,6.2018263193551402,6.7325853958101707,-1.8773809430590267,,0.1835434737270492,0.6582278481012658,False,8
-0.24394396954978881,-0.96962511754367986,0.01784575996410255,0.96908462508360815,-0.24442681784094092,-0.033623208453591652,0.036963889768988303,0.0090918726649752007,0.99927524171500903,12.148189547622659,18.179846568891556,-1.8240383560189026,0.171795907623839,0.1439264119463064,0.4166666666666667,True,3
0.063383792642871792,-0.99729529848246601,0.037209977895389171,0.99790601745260754,0.062852979444673177,-0.015267066083714847,0.012887015251114291,0.038099745402002554,0.99919083974895462,3.3543509465027435,5.1979440991401251,-1.7875556088042797,,0.3006517215219454,0.9354066985645934,False,5
-0.88506116781565436,-0.46088180772115589,0.06522797357322882,0.45752476283083571,-0.88714949769564677,-0.060306385523833259,0.085661079968548062,-0.023531426859437411,0.99604641022824902,3.9522901623024436,7.5337107789068094,-1.7267832642071053,0.248071134961425,0.206997513525076,0.8848484848484849,True,5
-0.33036866944416526,-0.94318521451090698,0.03547102166142159,0.94271953215576465,-0.33157958230252843,-0.03653579466900285,0.046221487878548038,0.021368943073858671,0.99870262958009592,15.669532469825354,18.26637899757413,-1.9939417877291843,,0.2901639098906894,0.9821428571428571,False,2
0.36800973479631721,-0.92820746115963537,0.054769920054055191,0.92971106078181454,0.36823657094506923,-0.0062586962355859962,-0.014358919008638227,0.05322346161421955,0.9984793861561202,13.523186040057626,-11.735969521166318,-3.3290838896107298,0.2031019956532815,0.176348410975868,0.8387096774193549,True,4
-0.29528017199390311,-0.95432060503266247,0.045626777634908251,0.9544904449314825,-0.29675473504679695,-0.029742524469300272,0.041923866254827684,0.034767945544705518,0.9985156881095304,10.992696785825313,-3.1409819079113044,-2.7289624659832699,0.2679812512754618,0.2557092282556347,0.9900990099009901,True,5
-0.0807893258531618,-0.99448029843525643,0.066947896548848751,0.99641888027059322,-0.082262943316605205,-0.019550529332638702,0.024949947264253657,0.065128674030819039,0.99756491315126883,1.5026828354211603,-11.769662368093289,-2.6862987196135117,0.2601704522187428,0.2306422242792418,0.9682539682539683,True,5
-0.89496383812329461,-0.44050950626803592,0.070647741217343116,0.43821666635882645,-0.89768947733391713,-0.046040803743151872,0.083701145613297945,-0.010245836786207385,0.99643822741380805,12.163605170073589,-12.85886703113154,-3.3082906159139611,0.1752136704142638,0.2144312230342736,0.9420289855072463,True,5
-0.71831090780174411,-0.69320224502344074,0.059161535033293765,0.69228927486422021,-0.72061471362825658,-0.03807879213469461,0.069028976821376292,0.013604484441786704,0.9975218886631344,16.677248274400654,-8.8192149837555238,-3.3620814369597962,0.2419779925975234,0.2293546905984543,0.855072463768116,True,5
-0.0025254008844596732,-0.99799622027115786,0.063223149833399231,0.99976469518762445,-0.0038818997235844756,-0.021342097154068287,0.02154475822028239,0.063154375770960697,0.99777119031079031,5.9705398958532916,-5.0908482797367762,-2.547671295876607,0.3074567943847782,0.2686633994891965,0.961038961038961,True,5
-0.94602848971556874,-0.31742947470676119,0.065334716911222737,0.31213906169215183,-0.9466811535566394,-0.079774680611165827,0.087173980134114815,-0.055075603383531666,0.99466948032978109,1.9364919970376149,-28.118015280567235,-3.5112828454712197,,0.2629408879203335,0.603448275862069,False,1
-0.9609695376766364,-0.26512453693552768,0.079034976891714265,0.25811951650307846,-0.96202984068265307,-0.088729368510804998,0.099558338966502014,-0.064865750214046933,0.99291518851883809,19.458870842053077,-5.8460679369723989,-3.3565626159614697,0.2105540933381382,0.2077621773096374,0.6808510638297872,True,4
0.22034747321437023,0.96636253517818438,0.13262896234244947,-0.97537864776180472,0.21956516017407007,0.020679311596081475,-0.0091369873807116975,-0.1339200920016389,0.99095001106003178,2.1960535064408018,-28.247899256542887,-3.552926983473407,,0.1739212565761962,0.8181818181818182,False,2
-0.09214283379362144,-0.99527755157501141,0.030533481808188802,0.99481817875715439,-0.093336988387129921,-0.040311261616558798,0.04297079699957794,0.026660868884391314,0.99872053582348563,1.6587904498954,-28.476543149623719,-3.5255023007680042,,0.2670930580270336,0.9285714285714286,False,5
-0.75482457676862891,-0.65356131468716339,0.05565488523432037,0.65098058283803273,-0.75683151437492935,-0.058569101212198764,0.080399869862543771,-0.0079791474065952286,0.99673075307865799,4.3283492480344474,-23.363026858535353,-3.4117442734987899,0.179824877492603,0.1433141147778815,0.6052631578947368,True,4
-0.68629824714136389,-0.7261809450112483,0.040693378739801243,0.72318270550493491,-0.68728456697067153,-0.068166696138940538,0.077469287006228307,-0.017353936340386421,0.99684369409864859,6.5170427128410768,19.693539098997523,-1.418813523310086,0.2506231511825686,0.2173481597428321,1.0,True,4
-0.51119906708601492,-0.8570456720172186,0.064406753426504204,0.85734790085364709,-0.51376090035911137,-0.031690916112353321,0.060250234125961213,0.039018628099275622,0.99742040080851446,-3.3530154332710036,8.7862876646887713,-1.2490076846744036,,0.1906171220253129,0.8676470588235294,False,6
0.78906194358151494,0.60298701401814625,0.11742193200949205,-0.60880019872228441,0.79311344852104093,0.018258581838933009,-0.082119225684787273,-0.085893647614603968,0.99291425313185466,17.907192211683032,16.201063544991936,-2.2530034933333276,,0.2406997893500721,0.44,False,3
-0.99262446450767694,0.072954502204820609,0.09682103629322103,-0.085320102500703668,-0.98778035686155674,-0.13042410324676804,0.08612289225354558,-0.13772293638497909,0.9867194333869086,4.3040202211042136,-26.552724729881586,-3.5907396873178978,0.2040780120261281,0.2478218986214014,0.7727272727272727,True,3
-0.63465544638054139,-0.77040028225425594,-0.060793663173715179,0.76975018617270063,-0.62321900527110774,-0.13814022714612931,0.068535503694135413,-0.13446738106862377,0.98854509667588619,19.643927712870223,-21.076973507163487,-4.2415254022926963,,0.1072567819628128,0.2307692307692308,False,1
0.55702705482478532,0.77945155624367002,0.2866637955210688,-0.82810980410888635,0.54742877126357736,0.12064780450381409,-0.062888890369972195,-0.30459319076789843,0.95040411173661443,23.469063942102352,2.4767449011097988,-3.2113286497246829,,0.347895985975927,0.1219512195121951,False,1
-0.4808125811003352,-0.87631690315518462,0.029798441236723788,0.87479757520967838,-0.48173343059471091,-0.05159558367453615,0.059568987425495615,0.0012597983789819911,0.9982233961619732,8.5076376729675545,23.291166513854179,-1.4156485166219979,0.2100933355287778,0.176390602677528,0.3809523809523809,True,3
-0.98942753783089965,0.11149858476106232,0.092742724664321291,-0.11880034270863425,-0.98990245013345901,-0.077327988413536289,0.083184289106735324,-0.087528308655275486,0.99268281400946645,-24.758349410513237,18.656566883875104,0.41690878478823923,,0.334513238544938,0.7297297297297297,False,1
-0.50879814158757741,-0.85941087605376332,0.050372584185549713,0.85903676929177974,-0.51066841142912256,-0.03568756888885799,0.056393972388616875,0.025114133251203236,0.9980926811620614,20.123194374711559,0.66912250860323297,-3.0031521785475865,0.1499235837659854,0.1905518743622443,0.9444444444444444,True,3
0.43166644956653538,0.89075335975798131,0.14220593657963046,-0.90074575411781022,0.4340802628023529,0.015212228113499968,-0.048178447021035797,-0.13465800208419954,0.98972019263897648,9.1521558319698801,21.302239173222201,-1.5147872827664766,0.250411649289493,0.2340336817630344,0.3666666666666666,True,3
-0.70962988308758912,-0.70232975633694339,0.056199131601693715,0.70073957827193945,-0.71182952605144689,-0.047568574549137405,0.073413026584927932,0.0056248737818724304,0.997285760613566,17.732062360729952,-11.090921833748927,-3.554824450018911,0.2706549189030809,0.2741976711513314,0.9811320754716981,True,3
0.73739896652998593,-0.6746680039678733,-0.032647336530152032,0.67005208663269755,0.72454047888817674,0.16146608204715371,-0.085281682439286244,-0.14094033799624545,0.98633810418427392,26.143316001203704,-3.7178558401188568,-3.6446803515754769,,0.2495795071695506,0.3461538461538461,False,2
-0.84587569377733296,-0.52879588398807076,0.069779823401816807,0.52731793570649632,-0.84874275417611189,-0.039642551832416349,0.080187937739746265,0.0032634813958608427,0.99677441998188532,-3.0208660651764045,-27.348446563924757,-3.2399645433019231,0.2245750650177087,0.2259758636314043,0.9,True,2
0.39674793882600684,0.86067540097571416,0.31910645119240122,-0.91652380960177982,0.39065204442468232,0.085878324505405959,-0.0507462261686039,-0.32654070855271466,0.94381989075645978,25.905520987183866,-5.6107719475686535,-3.7663888260326863,,0.3131441388572591,0.1944444444444444,False,2
-0.36453024145079105,0.92357551687740069,0.11885271428313675,-0.93107508379291326,-0.36352220933372709,-0.030834909780050913,0.014727233543537561,-0.12190105801742213,0.99243299050685818,19.748187322768697,-7.6366135405662465,-3.4770603095563279,,0.2790278623208124,0.2857142857142857,False,1
-0.98693039791010162,0.13024239867660445,0.094896297440794558,-0.1383569362912998,-0.98676030517374602,-0.084625399931105544,0.0826180843465429,-0.096648940606603784,0.9918836798831443,14.833087635651916,-26.347351874832516,-4.2071960782733528,,0.2645686549740571,0.8148148148148148,False,1
-0.9919228603770841,-0.097762972460027714,0.080817326589806504,0.092130326323352232,-0.99323262263679268,-0.070717468150315876,0.087183955134509938,-0.062700546614986849,0.994217078620804,-7.0872362139382394,29.416761982058858,-0.34699885028828381,,0.2434608418706173,0.84375,False,1
-0.086840663639978832,0.94650041476540125,0.31079842983434069,-0.99616808242776755,-0.079249728198763844,-0.036995028485008311,-0.01038511871634412,-0.31282014869465424,0.9497556021840049,17.018529794561967,2.9171137757789434,-2.7412741863003611,,0.2579032954547086,0.2413793103448276,False,1
