axis_00,axis_01,axis_02,axis_10,axis_11,axis_12,axis_20,axis_21,axis_22,location_x,location_y,location_z,dbh,dbh_approximation,score,reconstructed,number_clusters
-0.24692627399737999,0.96869880638021699,0.025495837450748172,-0.96689585862925354,-0.24454912411690133,-0.07285687654062481,-0.064341384624286693,-0.042642096702676616,0.9970164681756416,6.1156278826143913,4.0445776833543583,-2.4168933580060203,0.1285293059192469,0.1354531014214999,0.4736842105263158,True,5
0.88398428173949384,-0.46511400307423489,-0.04733660086839122,0.4673206863395809,0.88200388877752078,0.060667258883479382,0.013533874412594408,-0.075750276076015741,0.9970349692552376,8.5094025379554594,-12.865067108932449,-3.3166687489664315,,0.2885531530002806,0.4054054054054054,False,5
0.93062029478727293,0.3659738903980238,-0.0029964106837426499,-0.36576138960609494,0.9297306987980386,-0.042654819023530147,-0.012824695063382992,0.04079141158929165,0.99908537569973721,-4.1357013605258066,-21.187309577037613,-3.1792800451913572,,0.2707926843494018,0.9680851063829787,True,4
0.8620056451280329,0.50636491653426352,0.023255946995387442,-0.50643935282617925,0.86227034910070144,-0.0030044917631859153,-0.021574282755273667,-0.0091878378850969653,0.99972502917481876,16.524405756461334,2.9130691061569394,-3.0629124125226759,0.2265511235420779,0.1710401480353143,0.875,True,4
0.56902195956131818,0.82225970358404421,0.010148369271896092,-0.82106101070570725,0.56878917197654821,-0.048349710869421234,-0.04552830148293853,0.019179616891743492,0.99877891250264483,-1.4311339769541176,-13.280267648125278,-2.7226412798848401,0.2967895205963056,0.2979648773860276,0.9868995633187773,True,5
0.58554704497296228,0.81058023363158305,0.0097130308966911858,-0.80929250963975097,0.58522305959273535,-0.050592532669471432,-0.046693596610514046,0.021763624851715405,0.99867214473464139,-2.1414322489069746,2.5142345472132939,-1.7757636622396953,0.3094390580432882,0.2702002902052909,0.9808259587020649,True,5
0.65118627862107048,0.75764341505830701,0.043964601151704766,-0.7568774988952619,0.65259000785149035,-0.035534959102906716,-0.055613687179462128,-0.01013593958045627,0.99840091172190293,7.4302252226532763,5.7342121228229663,-2.3946486356634296,0.1535472614693484,0.116472088803247,0.3636363636363636,True,6
-0.36818863138067837,0.89543368361385811,0.25027115289569596,-0.92732008650903719,-0.33421849717822005,-0.16845015078890468,-0.06719069041835872,-0.29410289762878866,0.95340909201006407,7.4171417670449156,2.259601938842517,-2.7060143656510824,,0.229896886234795,0.2051282051282051,False,3
0.66866909667609364,0.74301904096827687,0.028360957476071428,-0.74234060589816331,0.66927025532943885,-0.031745080973522265,-0.042568344871804463,0.00017346426183567024,0.99909354212957713,9.6754604026574338,-1.3011237265233351,-3.0053651946064313,0.1018605354733646,0.1276543639978598,0.5454545454545454,True,5
0.5530103915650858,-0.81330733284707757,-0.1808609663752912,0.83275958608720146,0.54640379372430004,0.089187252360222374,0.026286471823050432,-0.19993518084835943,0.97945645378354107,9.3455256805050766,1.5778346324305499,-2.8958243228650651,,0.3485019063053801,0.2615384615384616,False,5
-0.46512246751822367,0.8841649030572577,0.04374373568306969,-0.8834163444847728,-0.46041825288627158,-0.087124019112502921,-0.056891585554646996,-0.079167269820957703,0.99523660045346751,11.246970340163303,-2.3932518541479864,-3.0576494308327415,0.2693379613107438,0.1440060987719303,0.6,True,5
0.11758662490861131,-0.99253383175630028,-0.03240337114807329,0.99087429387449744,0.11943003188111405,-0.062486808396604601,0.065890207021373631,-0.024760054604832559,0.99751963404970012,8.6954767655873884,-18.010331742355802,-3.550214870773956,0.3365578691486784,0.3443231135839045,1.0,True,5
0.6205270357041206,0.78290007742225654,0.044873898120000047,-0.78283778869282472,0.62179878745021755,-0.023049176123445161,-0.045947737210745042,-0.020826346238984293,0.9987267237575792,13.012978618443215,19.774941660983465,-1.1855239868223992,0.3338063286755246,0.2111736208240431,1.0,True,3
0.95383130542326477,0.29936227943718841,0.024250081334319017,-0.3002529755856187,0.95240790588915913,0.052605431770951991,-0.0073478872155308857,-0.057457866737264184,0.99832089134880386,9.4436992428363702,4.6950565482769582,-2.7160123012792226,,0.1681094141966591,0.1923076923076923,False,3
0.90927584321051824,-0.41347258723052599,-0.047516950267214149,0.4126224442809806,0.91050339200373209,-0.026949798242060834,0.054407347200456702,0.0048982403568675319,0.99850680909647072,16.265129271154752,-17.251767554687301,-3.8935473227595958,,0.1897045680678329,0.8809523809523809,False,2
0.60541684093719794,0.79279288095184186,0.070355501715940169,-0.79466524487047974,0.60704383107835769,-0.0022216535846027105,-0.044470184444898468,-0.054564045504236089,0.99751950739504203,-9.7080053860783568,-12.652360987131122,-2.4282262319927002,,0.1607212206980131,0.2424242424242424,False,2
0.39817232730101204,0.91516912245533066,0.062644034640469345,-0.91368851636542714,0.40173699442259053,-0.061487253754323568,-0.08143766225549931,-0.03275461214308794,0.99614007175181718,4.2419930430486117,5.476004443241572,-2.1171985318346698,,0.2260301535330827,0.9826839826839827,False,8
0.97363884243342835,0.22809115958213302,-0.0013518229815608221,-0.22809402493087375,0.97359813291092767,-0.0089326022631243396,-0.00072131527740830915,0.0090054712722448527,0.99995918976298082,3.5306784015979167,-16.037752629770328,-3.2185705619905738,0.3636145812387535,0.2466443459308151,0.983739837398374,True,5
-0.14781282179020327,-0.98589636381596979,-0.078483944401819883,0.98642387134815868,-0.14121967765867025,-0.083814966900274374,0.071549393770530351,-0.089807363041298799,0.99338578699045166,17.164682130383245,6.4668476867828053,-2.9244539443932132,,0.1641720629651648,0.125,False,2
0.59113833285873041,0.80654773118288359,0.0060190322098636895,-0.80523039707046662,0.59056990962436606,-0.053208922935972403,-0.046470195380898791,0.026607126301250943,0.9985652616485563,8.7382498377215594,-3.5378431245722473,-3.0266407576444645,0.1863830437241175,0.1755584040993215,0.946078431372549,True,5
0.93728015868164372,-0.3458540236135762,-0.043484462650625083,0.34724722477942649,0.93729696447763133,0.029895907144720027,0.030418235068792522,-0.043120699568989,0.99860669747602904,-4.4367301683138427,-9.6757118673789755,-2.4612875586814926,,0.2497186229333737,0.757847533632287,False,6
-0.18195511059851432,0.98311040580225495,0.019653695082844914,-0.9810687831491427,-0.18015694227614548,-0.071045892773414554,-0.066305206864501975,-0.032208789996467743,0.99727940587862351,-10.722616672219687,-7.7437629356864717,-2.0534688544198572,0.2829984217782789,0.2049882171802603,0.7578947368421053,True,5
0.29882416274086793,-0.91158489130541887,-0.28234217840398385,0.95295366967274098,0.30079881229219613,0.037408260863884366,0.050827386510380927,-0.28023750724571422,0.95858412062438858,8.2125768032213102,1.8260679120117032,-2.80943701152614,,0.4223121546547339,0.62,False,5
0.044948907892572144,-0.9704353029164825,-0.23713902785636168,0.99675428279695932,0.059436304320253874,-0.054297563984675674,0.066786940378975701,-0.23392872543179757,0.96995714132773392,9.186556064621799,5.0664873203470444,-2.6246850839090783,,0.1599017841168794,0.44,False,1
-0.12005301052230728,0.98004721895253566,0.15841314114660782,-0.9910850115806904,-0.10902801587722247,-0.076572786118713571,-0.057773475614999424,-0.16619368332545126,0.98439925088252989,3.6303646388227122,2.498420179850771,-2.2694212774732168,,0.5611347593682262,0.3403508771929825,False,3
-0.94378572557635876,0.31913431559805927,0.086149827661266998,-0.32884297839535515,-0.87993037233476712,-0.3429064528451915,-0.033627366212353675,-0.35195998131969186,0.93541080376007191,-6.002999116920047,6.0417131125248726,-1.2654199611894739,,0.4033841428069621,0.2191780821917808,False,5
0.95245869886116652,-0.30253703452396064,-0.035969010344200934,0.30345376968853116,0.95255775989373193,0.02344192244793622,0.027170510218127237,-0.033242394734479257,0.99907792817517671,-10.981740224802483,4.0511604231225444,-1.2791854502562843,0.3590640360577265,0.1624070128622034,0.1875,True,5
-0.04929454540025005,0.9964486849238321,0.068264676864022072,-0.99620632513505036,-0.044144827078358428,-0.074994613160819068,-0.071714751304747359,-0.071702528238469274,0.99484458177622404,10.235537570140471,-14.278534896034362,-3.5578240127477505,,0.1225218797553819,0.4117647058823529,True,2
-0.76930649549563968,-0.60945121925767987,-0.19166827419670732,0.63602164716860976,-0.70224025466986273,-0.31989856056902533,0.060365390093540472,-0.36800521201001113,0.92786215765722491,3.0854251134648645,14.915574118264283,-0.96952573182784207,,0.4012154502752596,0.4,False,3
0.16819519904801356,0.98538790009524924,0.026852585780052365,-0.98342332294741552,0.16960730458963483,-0.064124333235544562,-0.067741736767397864,-0.015622054145176038,0.99758057745929596,-8.9993599719530941,-12.736865409413875,-2.4637262181600406,0.3346984540397374,0.3044666381523541,0.7971014492753623,True,6
0.071503603835793225,0.99740382660008298,0.008534712766547008,-0.9953570552705524,0.071904387169463721,-0.063985089113949151,-0.064432656018746079,-0.0039199221034884549,0.99791435857445931,-1.2690572298814129,-5.6651712995530312,-2.3640368068884472,0.2913167189999278,0.2518339013201903,0.9950124688279302,True,5
-0.17852599089966384,-0.96986599475038682,-0.16579632927220184,0.9780405835119198,-0.15650213970353938,-0.1376361045361198,0.10754109715339985,-0.18672716057139904,0.97650800300252849,-7.2657568531612231,-6.0212208701368661,-2.0511626610645415,,0.2909665542911181,0.4754901960784313,False,8
-0.97662156877771222,-0.21292134686604114,-0.029577211614934235,0.21414526163440289,-0.95163005916141807,-0.22032257582910481,0.018764815951578775,-0.22150559936306263,0.97497853880642749,4.4759855595656779,-10.705485221530918,-3.0115713491752132,,0.3982356352584653,0.5,False,6
0.39093088640721146,0.91881304685820941,0.054365678290681507,-0.91816967549815021,0.39342204305658274,-0.04672839642878681,-0.064323316522808691,-0.031649343758098643,0.99742710510151467,12.996324100869266,-5.5294622495359773,-3.3108972815288542,,0.09702606743169731,0.2162162162162162,False,5
0.13883673395094848,0.96631714692978743,0.21669225379627785,-0.98969667992183197,0.14312050207986768,-0.004123546545285621,-0.034997757893013966,-0.21388710441231271,0.97623125513813569,4.3127639477093505,2.4049276973431688,-2.3446200562364856,,0.2990269716322656,0.2352941176470588,False,5
0.77439379009259446,0.62590683908887867,0.092492630235033152,-0.63062319458139882,0.77540120916104027,0.032670342629778817,-0.051270306435374217,-0.083627708406750711,0.99517725158117298,-5.2406789830230256,-7.1464783462980543,-2.2686129193390121,,0.1480605007986509,0.1688311688311688,False,5
0.58543195120468594,0.81054613174330403,0.016864128339257174,-0.80936729409131747,0.58552938933960574,-0.04560611225361292,-0.046840300639246782,0.013050001362339241,0.99881714227403506,-14.022282273937329,-1.7479214845263833,-1.545371801637359,0.3549511248986028,0.2906045323768714,0.9727272727272728,True,5
-0.99614314601561904,0.085133238722457483,0.021240628774401089,-0.085895017378910851,-0.8967375717528252,-0.43414717941767694,-0.017913085596387081,-0.43429720131664795,0.90059150689585366,2.2123593844614042,-8.0443208936084716,-2.5939295691874018,,0.4081903988939882,0.2242990654205607,False,1
-0.85509805329590283,0.51844812516325411,0.0043428981411600259,-0.51652702490439972,-0.85114591062856482,-0.093543954180272559,-0.044801247671994886,-0.082232477373468393,0.99560567890709339,16.327605377151883,8.1455483860095033,-2.8432071156275982,,0.1439622329568609,0.391304347826087,True,1
-0.36977358301287078,0.9247646639895809,0.089876657381448344,-0.92676651273483213,-0.36022299789188772,-0.10650456639553396,-0.066116020593674565,-0.12267725146097691,0.99024187136014297,8.3486362551712663,-8.0899457581903835,-3.179333102259712,,0.186507142265048,0.3448275862068966,False,1
0.19450843989037087,0.980771536340596,0.015926717035234524,-0.97911846574510453,0.1951077841126988,-0.057096257456897712,-0.059105810614234366,-0.0044884387863751126,0.99824163260650201,-0.19836334350400242,-23.300730014743802,-3.4118934054470951,0.3707269889192125,0.286114415340203,1.0,True,5
0.99917697629568014,0.039560440664318561,-0.0089633461980748487,-0.039797404344920469,0.99881502533658495,-0.028012707282293662,0.0078445298156426153,0.028346370073106465,0.99956737974768328,9.1311494761951,-9.5841152953233006,-3.2391217706826505,,0.2099462862815861,0.3877551020408163,False,2
0.58501317157846044,0.81082575404264468,0.017921653408352785,-0.80968281227305994,0.58517348047244155,-0.044561656851591379,-0.046619015318867724,0.011558301473282344,0.99884587053146134,5.2222868180309669,-5.7039811672509568,-2.7976554028766305,0.2823897357021484,0.267000713659415,0.9961904761904762,True,6
-0.73897480162941209,0.67275120483242934,0.036360128620338002,-0.67207269618572674,-0.7322928187612866,-0.10984315469021859,-0.047270853582529207,-0.1056079731230834,0.99328365657269058,12.651726355450107,3.0059906936150176,-2.9654115158833139,,0.1714842724472939,0.4193548387096774,False,5
0.26616560241396831,0.9279890649536533,0.26075307748529841,-0.96367998593198523,0.26230394524078204,0.050174944197778168,-0.021834761407871276,-0.26463736629124313,0.9641007766601456,6.6520652308264756,-2.2334013893823759,-2.9303133897485272,0.5552008099930078,0.3095869511600376,0.2038834951456311,True,5
-0.26948189917584664,-0.94884909779147741,-0.16451411987084377,0.96134912726586208,-0.25504854242749064,-0.10372124425968798,0.056456722555814229,-0.18610650344872964,0.98090621766422881,3.6948451078204458,4.0471531023954164,-2.1764239619576533,,0.1126577458438649,0.2278481012658228,False,5
0.41521468998460986,0.90969391639833996,0.0073307359000100809,-0.90807008398384881,0.41493221311747996,-0.056920831784127185,-0.054822292861124673,0.016977543558526927,0.99835178129763891,-7.7692812416668646,-3.935908813335153,-1.9173796599158384,0.2916212097180845,0.2538153630014907,0.9847560975609756,True,5
0.55526803234860245,-0.82632658787355795,-0.094137040663890767,0.82543059953494269,0.56140012560912811,-0.059111964249556254,0.10169433417401942,-0.044880609836528605,0.99380279394737292,-4.6334778459366524,-16.738991796854613,-2.812668381229372,,0.2705574076987537,0.9193548387096774,True,2
0.53747191747989786,0.84265912681887856,0.032396510758541289,-0.84189366316751824,0.53839442996640874,-0.036694654917636474,-0.048363186814561067,-0.0075520705765089735,0.99880126571362937,3.4242626030226355,17.111675699054206,-0.74360274968890827,0.1866685740241003,0.2559618504557162,0.9019607843137255,True,5
0.86332624591678853,0.50458119646576971,0.0080999558268925013,-0.50433572345077571,0.86324688833640228,-0.021219986543389326,-0.017699467862278169,0.014234674239033931,0.99974201816603703,5.7179085384000299,-22.222922278346559,-3.612594245617553,0.2938722798565008,0.2843691244485637,0.9354838709677419,True,4
-0.37128585692700466,0.92843900936853851,0.012158056125351729,-0.9261176867563472,-0.36935302712964829,-0.07670965797888929,-0.066729624029008547,-0.039741001911533909,0.99697934283715972,10.740146125466813,-20.221297170842696,-3.6951438478533474,0.1769176288135214,0.2498277829714832,0.9791666666666666,True,4
0.79522278027687687,0.59565123048095114,0.11322694624179908,-0.60560834324482826,0.78934840392889982,0.1008346756188222,-0.029313210690208369,-0.14875721441808387,0.9884391872227668,-10.919472019309387,0.49144022884960364,-1.4943589709739575,,0.3908238746564108,0.4833333333333333,False,5
-0.85142125564714455,-0.50214550944689718,-0.15143227124545133,0.52447591577562935,-0.81659206008159446,-0.24104443819140997,-0.0026190081241912596,-0.2846529373711324,0.95862706306594081,-7.6521572228379728,3.995768357143187,-1.3957555818240777,,0.3717484967721727,0.3693693693693694,False,6
0.20380979442004402,-0.94186977413398776,-0.26710091027784089,0.97723730621896221,0.21213584478865705,-0.0023729074381355839,0.058896647038406705,-0.26053735227140556,0.96366564379925856,7.3941685345328594,1.0568915918915036,-2.788476694620285,,0.2234556445256969,0.217948717948718,False,3
-0.45958243989614833,-0.87779636705017183,-0.13512038681347713,0.88430428916015791,-0.43815775361174475,-0.16131865088345493,0.082400880529588605,-0.1936267567859106,0.97760870185597171,14.470490556644215,-2.8188058750113303,-3.2121613811797625,,0.2622101913901667,0.4,False,2
0.6537498159925641,0.75656007187845753,0.015100851928096572,-0.75546851079112232,0.65368962125307595,-0.044240346619983766,-0.043341749996218974,0.017513900344465271,0.99890678043648884,17.038035455233999,-5.6390504939870452,-3.5776459042634996,0.1891800482091942,0.1889414058921063,0.8727272727272727,True,5
0.27879860892519454,0.96015999658996876,0.019081839788880436,-0.95848883776741489,0.27943978392409169,-0.056679405746071276,-0.059753523215348117,-0.0024875909649966586,0.99821006223867748,2.6780204587612015,-0.14709469601404496,-2.330989201542629,,0.2364570565896271,0.9012345679012346,False,4
0.18101735193865598,0.9830314626256027,0.029696157752910398,-0.98163126976649151,0.18244520851405374,-0.055801398789718973,-0.060272452362107938,-0.019049655598787612,0.99800017139669128,11.673574151071442,13.965847932280735,-1.7032584563890176,0.2978554077315833,0.2663110491217142,1.0,True,5
0.80929925323091978,0.5873443939081997,0.0078282606296242244,-0.58652922300858668,0.80875645619320813,-0.043548422735469119,-0.031909078282193866,0.030652202374597367,0.99902064704027382,13.771365537981017,1.2628798620130806,-3.0449714369228476,0.1575098753242963,0.2246826750438308,0.875,True,5
0.79704789868085546,0.60336038151075033,0.025901683953678641,-0.60289775721746963,0.79746137176063003,-0.023867444182415092,-0.035056262644199344,0.0034074290686479953,0.99937953144766989,-1.6165690665471184,15.214895619155332,-0.65691605679883214,,0.228332258481708,0.9425287356321839,False,9
0.99973341712160091,0.019623645032945176,0.012165822865244581,-0.020748047528342337,0.99472262969905956,0.10048088618413556,-0.010129818069895775,-0.10070651677130193,0.9948646059970484,-3.7334102995679443,-6.9160039527896462,-2.3295717002229686,,0.3680880234243171,0.4296577946768061,False,5
0.98516729589860219,0.17159651579869217,-0.00018670186220553966,-0.17046573961025613,0.97879884959769259,0.11355282315011839,0.019668012379609925,-0.11183670145342685,0.99353194286698843,-7.6528044762937322,2.5240314254592819,-1.5032771335743196,,0.263802471767486,0.4107142857142857,False,8
0.093640707390545447,0.99387423476568171,0.058697728987851541,-0.99321116534015819,0.097339794780684968,-0.063691015031175552,-0.069014483719328779,-0.052335168108903589,0.9962419541536931,12.318948881122916,-16.18302065573533,-3.6465945608290125,,0.1135070600505563,0.4230769230769231,False,2
0.84576796303648527,-0.51245684505977596,-0.14854135670747182,0.52974727804459754,0.83972279279584827,0.11930403456497932,0.063595393744010728,-0.17959290968889161,0.98168325476399088,-3.2259144235520312,-2.9954196179231172,-2.1032462419060334,,0.7238066007979196,0.7504835589941973,False,5
-0.53273924311576182,0.84627286989342154,-0.0033359446635486149,-0.84396023140804377,-0.53156678560080384,-0.071887970118170968,-0.062610116164461743,-0.035482138159669968,0.99740713413605153,15.062817160291829,1.8772987215509138,-3.057145270314265,,0.07851831070332112,0.1363636363636364,False,1
-0.41204829675708826,0.90780756676953256,0.078112885336324669,-0.91001836010144255,-0.40572214588208233,-0.08518288923910744,-0.045637543950857992,-0.10618362424037596,0.99329867236663227,5.0799313351705218,-14.390050213864754,-3.2066306055440346,,0.1414206560889572,0.1666666666666667,False,2
-0.20119109771578778,0.97775642742414981,0.05928330988296783,-0.97719680578403756,-0.19614515137673721,-0.081323319883482334,-0.067886264924436279,-0.07429298905119136,0.99492311603080597,11.456718717625181,-5.0439808645328092,-3.1924840128838303,,0.07438608504375602,0.2352941176470588,False,4
0.99795184716575869,-0.060795515772327384,-0.019900150763925158,0.061856832811337588,0.99640059099942013,0.057962009027953933,0.016304691748097837,-0.059074254273609461,0.99812042835973269,6.847543066042058,3.9567739726763054,-2.5110124220895389,,0.2398272260094768,0.2380952380952381,False,4
-0.99973527042616361,0.014334431108996064,-0.017997587358002547,-0.010623472562369661,-0.98142464631330928,-0.19155366203629245,-0.020409088579455694,-0.19131175524148805,0.98131711562052093,4.1290419858259959,-13.82864694801348,-3.1785583841632499,,0.2234843923232155,0.3023255813953488,False,2
-0.18542560364581756,0.98218118940067967,0.030617914691427429,-0.97984202887993821,-0.18244711484196888,-0.081379657939122607,-0.074343419029739413,-0.045090591849173044,0.99621277575308209,-6.5268040693661042,8.755753483512752,-1.029086515162251,0.2573136491854349,0.2164147843678148,0.375,True,5
-0.44788283135608753,-0.8933234866963955,-0.037069090804205097,0.89247101611565927,-0.4441906519362086,-0.078677507115879702,0.0538187213703357,-0.068321393787611456,0.99621068674301061,20.952560029402452,1.689969999066834,-3.3030764106457902,,0.08751793176110458,0.44,False,1
0.42487592845487748,0.887480912592291,0.1784883055103649,-0.90270769417418306,0.43013599295369659,0.010091899943412079,-0.067817875949754025,-0.16541057206264947,0.98389027759784875,0.75626862353917523,11.113761225380927,-1.1450670228387654,,0.399808180530591,0.2342342342342342,False,5
0.29479757519519645,0.95532875643478343,0.021008493230170344,-0.95368179448173263,0.29552478672285104,-0.056179491867715523,-0.059878414584337264,-0.0034738395448053851,0.99819963329270067,7.4228461539992923,19.870460977693682,-0.80413692214240073,0.3284898005825767,0.2696688175251108,0.9411764705882353,True,5
-0.23458641262253166,0.97195620404494887,0.016442397374633662,-0.96976165607559472,-0.23281847808797537,-0.073197586478786353,-0.067316754366293113,-0.033116365732563741,0.99718190963447362,10.997496601350544,-11.260937157099141,-3.5043496730808164,,0.08346657440309786,0.5238095238095238,False,1
0.63463885067676706,0.76968767223336554,0.069385995875661105,-0.77273098670667795,0.63328655040998827,0.042836517752298846,-0.01097047833950896,-0.08080242744993886,0.99666976292210319,-5.6358693230260242,3.5096355296315584,-1.5505207589536887,,0.2697254999396699,0.3488372093023256,False,5
0.14274754381190305,0.98965024522051659,0.014680969676480797,-0.98759035432016129,0.14340048064944591,-0.064043689800691694,-0.065486111424088458,-0.0053567046288590424,0.99783910272451848,3.4139188224689256,-10.844784801131953,-2.9135135236828753,0.2621711021672616,0.2547289008777806,0.8244274809160306,True,5
-0.13761654547981336,0.99042244624581988,0.011183218796509554,-0.98822413596770908,-0.1365310660635454,-0.069082017127676615,-0.066893523610879704,-0.020558355284406617,0.99754829984664017,9.3763488531263857,0.78291788174776744,-2.9215785796352201,0.2915286559973866,0.2502914102888792,0.968609865470852,True,5
0.53603222499154857,0.84294702833534985,0.045932136802173076,-0.84335423276090993,0.53713488608931448,-0.015483934579973015,-0.037723889710201242,-0.030437174087339279,0.99882455245088464,11.007259864797923,2.0535783781852266,-2.9379490336035228,0.1233803585434768,0.188905174235255,0.7894736842105263,True,8
-0.19312089456753037,0.96364704524287625,0.18463123320855152,-0.97965015816197976,-0.17888945914138643,-0.091017190801022219,-0.054679865532427228,-0.19845133812291588,0.9785842726625944,5.8756604226341009,-10.500444010598887,-3.088810327980521,,0.3533751363824131,0.1496062992125984,False,6
0.10683453709380773,0.96679800716027997,0.23213787936238087,-0.99318906791376538,0.1146863507322986,-0.020555202073785056,-0.046495774652518279,-0.22836079853297864,0.97246567478386736,2.8617578085656605,14.584781858890796,-1.0208057428946224,,0.3403070304803393,0.1463414634146341,False,4
0.79035434257442649,-0.60684748356355211,-0.08411982445494437,0.61058505976259603,0.79149382107430399,0.026896393734194987,0.050258312431412905,-0.07261998962945386,0.99609258562533454,5.1723461912899751,2.9151950143302896,-2.3982335832367481,,0.1440712460435107,0.2580645161290323,False,1
-0.62682344298843351,0.77914138054170468,0.0055749840980608093,-0.77726911210675909,-0.62478682449833367,-0.074122542441956152,-0.054268763436230688,-0.050795010196432233,0.99723355752514031,7.8011595401492491,14.370501163208965,-1.4432324130044674,0.2892841635229639,0.2699022649018374,0.4324324324324325,True,5
0.8012690464421689,-0.57301663154236471,-0.17210419863995211,0.59329532079175473,0.79812204425527822,0.10488977452728837,0.077256569560570115,-0.18615354535871262,0.97947857557483875,-2.905483597372108,-11.151227680145801,-2.5819414405619532,,0.4891933608223956,0.4068965517241379,False,5
0.19059317639459336,0.9608870985806125,0.20092343042351551,-0.98023711177110318,0.19733739557014607,-0.013898093978633622,-0.053004205667725859,-0.1943037212482705,0.97950835529392444,-7.4053197381654536,1.2835498885891159,-1.6239370158420838,,0.7106738510381206,0.5879120879120879,False,7
0.91824370186053628,0.39597814910042733,0.0054598011373857228,-0.39541696337200899,0.91752595891332989,-0.042326585000859673,-0.021769912060438226,0.03670722211194391,0.99908891034467318,-16.259781411628452,-8.0577315837512344,-1.9031278101328355,0.3552171936838093,0.3182224736821129,0.9904761904761905,True,3
-0.79078845676245324,0.60906561427170314,0.060767542019493852,-0.61026576698191892,-0.77687888813163197,-0.15503188970443982,-0.047215572655940945,-0.15968177944647316,0.98603875127277807,-4.7782372088433354,5.1696737775874535,-1.4530692242212089,0.4120364032131225,0.4272104460199247,0.7409326424870466,True,7
0.14874180432875136,-0.93248815486188463,-0.32915302928471962,0.98657766417886517,0.16261513245347611,-0.014860391667617712,0.06738240266125925,-0.32252466531944252,0.94415965391038592,-5.7755934834748501,5.8384443805174042,-1.3256533877116279,,0.3870040263059252,0.180327868852459,False,1
0.99064971528673218,-0.13436734146197657,-0.023633856028126933,0.13615916252716809,0.98464529435114789,0.10924434434808292,0.0085920930056590898,-0.11144084466919151,0.99373392519184933,2.3718201971185517,-8.4905667191130814,-2.6525645930218138,,0.2393429384187161,0.2596153846153846,False,5
-0.2505796622390255,0.96747712900647642,0.034609792278528409,-0.96572385800532889,-0.24730473109369003,-0.078853028210603845,-0.067729335974011734,-0.053182467299520926,0.99628528154362295,-8.3795679294011283,0.85860637281117935,-1.601122195033766,0.2670224132450861,0.2394093548060894,0.8947368421052632,True,5
0.76964418052483519,0.63829505687140287,0.015075004404291083,-0.63720773430682909,0.76939051634356259,-0.044772052668439304,-0.040176345326749865,0.024852640385291919,0.99888348046309527,-7.4913321342706647,6.5935137145492533,-1.1553674605308717,0.2571755884404141,0.1305379321881585,0.7341772151898734,True,5
-0.87937109260139346,-0.45594419569781403,-0.13719100519533353,0.47599343134036087,-0.84889943608937368,-0.22978250744556994,-0.01169336640415564,-0.2673661119450586,0.96352406683254244,4.7663895198669337,2.682419615913564,-2.372859022081161,0.7659645003499875,0.7595407303570504,0.407942238267148,True,5
-0.62126628555758234,-0.78118797210072233,-0.061429265620279089,0.78119595272506692,-0.61131914601917481,-0.12657719050588406,0.061327692565924241,-0.12662643466334014,0.99005285726015213,5.6246695788748111,-7.9218036356335242,-2.9467032457924662,0.4920331174300847,0.4310577907811464,0.4758064516129032,True,5
0.42676591117407053,0.90423460093458363,0.015186952704160976,-0.90270696798890093,0.42694030810942402,-0.053311380170782526,-0.054689916840757191,0.0090421117059672936,0.99846244456756927,0.34122456559389081,9.4483557345702547,-1.2966229359084955,0.2842630396821377,0.2538972106797038,0.9938650306748467,True,5
0.28698959574675686,-0.93632567061735217,-0.2023146323825305,0.95418668273243912,0.29808068109338698,-0.025993884953302078,0.084644825176593816,-0.18558595340668388,0.97897553977050689,-4.2405350029780777,-8.5419456369292277,-2.3773372661591781,,0.2170052596876753,0.2658227848101266,False,10
0.74677229658121169,0.63891631149703054,0.18470810475410446,-0.66415901626887386,0.73101083238092901,0.15657574540938227,-0.034984827676941103,-0.23960198213865358,0.97024066704485423,6.2141915640591243,-15.56775411685471,-3.3082258406722489,,0.3134942430248351,0.2340425531914894,False,1
0.62891802974907296,0.7773665363364447,0.012782020216891121,-0.77633506286597564,0.62880240050731184,-0.043719689856238246,-0.042023588868961612,0.017572970736991541,0.9989620656852044,-6.7976308887406232,4.0031129202144697,-1.4534321559122687,,0.09840377641156807,0.5853658536585366,False,5
0.12427318600921353,0.99207343327498876,0.018613925676641954,-0.99018706223189523,0.12520170149950643,-0.062081524870100033,-0.063919926687127676,-0.010716199494439386,0.99789749275198947,11.404629880175566,0.41865628914112196,-3.0089538927382975,0.1797633421319087,0.2067837848492695,0.937984496124031,True,5
-0.23336742343896527,0.97060231159841892,0.058913482304695439,-0.97004546950301695,-0.22817392658983687,-0.083357341135907342,-0.06746430740866638,-0.076601644527925464,0.9947767363994231,19.467343130868869,-4.9599197530140104,-3.5459552584108063,0.2724238871738879,0.2766029674182223,0.9285714285714286,True,3
0.47021935076722221,-0.79664045237628356,-0.37981278520050138,0.88020755519507043,0.45465256738953203,0.13610915745688787,0.064252797149766935,-0.39831524274601515,0.91499538001818004,8.3029293294704729,4.3589069480530283,-2.6323779588751153,,0.1076925051467472,0.4444444444444444,False,1
0.14651913970464475,0.98918475383936166,0.0067575492578748645,-0.98724325491278886,0.14665505919285676,-0.061992332125370156,-0.062312898579774512,0.002411718246715976,0.99805374919674805,-1.7767059644507568,12.42707569722395,-0.85847751756408108,0.2856339610922737,0.2783188925025541,1.0,True,5
0.077854510919202438,0.99656446227848361,0.028247967238884175,-0.99478361889535882,0.079526193995735031,-0.063883769816803868,-0.065910748038430236,-0.023126975421572559,0.99755747518670046,6.3332272209596496,0.021782400198545993,-2.7567250647788786,0.1188085194664817,0.09836431260537108,0.639344262295082,True,5
0.51692900207320824,-0.81264076333290236,-0.26907135965263279,0.8482010595708035,0.52865066465340727,0.032915608827397476,0.11549618763649676,-0.24524164518129829,0.96255761703401765,-7.0510098615859675,5.5030395783380062,-1.2847089354183354,,0.3291669783990965,0.3720930232558139,False,8
-0.54450027076750029,0.8379421666797735,0.037045653376976524,-0.83695530204559432,-0.53990177319058497,-0.089509204462064673,-0.055002522777491875,-0.079743342077381499,0.99529680090033568,8.3216827603256007,10.323097770178473,-1.9778177831646908,0.2313985905947849,0.1980522789813378,0.9166666666666666,True,7
0.92367271064555911,0.3826139312686086,0.02086392120064736,-0.38294506875288908,0.92364725925607816,0.015126625088947201,-0.013483246142204253,-0.021961786537463713,0.99966788585287292,7.1549883268012309,-1.9272497432638125,-2.9543506071013481,,0.1265040675373548,0.2378048780487805,False,5
0.55849891103439164,0.81466636886881627,0.15619754737989908,-0.82911076604827194,0.55405381133035048,0.074831221914112678,-0.02557936661149926,-0.1712982241134143,0.98488710744904362,-7.4018930109575516,-7.683471101295968,-2.1546280784447709,,0.30650208529197,0.4,False,4
0.36664272883911697,-0.9191012660475214,-0.144312065120173,0.92789550156526701,0.37253186100225688,-0.015164125861277571,0.067698209461901124,-0.12834669956036376,0.98941602834581865,0.37337624507143818,-31.470843194813472,-3.8765544657034527,,0.1903657257602535,0.391304347826087,False,2
0.52444706636967053,0.85027703487360584,0.04454479254407695,-0.84954816857621773,0.52605171370778336,-0.039211015976354742,-0.056773090853325894,-0.017278844627254597,0.99823757577207362,19.68605317433143,7.9127274884130596,-2.8886177752879019,0.09908872237773929,0.1151309207578351,0.2592592592592592,True,4
-0.99859510620552483,0.051153765960598681,0.013824112645141912,-0.050598885609500474,-0.84306699017630371,-0.53542301300013784,-0.015734250457329655,-0.53537028522613883,0.84447089414581322,-1.0807729522270253,-8.421629051420183,-2.5071905159098939,,0.6297767630308436,0.2699386503067485,False,2
0.90672398763907947,0.39370360930455556,0.15115911570412513,-0.41246750189388282,0.90258445075072113,0.1233364064031346,-0.087875879064204868,-0.17418030107789315,0.98078491658217704,9.7159609328110488,3.8753198385133061,-2.8016502316326419,,0.6060048609561036,0.6388888888888888,False,3
0.58027293801150126,0.81441857775283977,0.0023869693218324713,-0.81307120345620643,0.57947669662991286,-0.055874646962296673,-0.046888543609048101,0.030481769534051927,0.99843493839323161,9.182696399970375,-5.5906470673999111,-3.1554780116552239,0.2004525110904181,0.2139151542447479,0.7682926829268293,True,4
-0.21042533529853821,0.97339948358712391,0.090634560829845556,-0.97528461064317273,-0.20263007449526899,-0.088096430986944488,-0.067387732615762849,-0.10693221339878314,0.99198003771776777,-21.012106978029372,12.25524113813378,-0.38117027762669731,,0.3629634862601048,0.6428571428571429,False,1
0.035402571729884036,0.95493715685606539,0.29468913174829731,-0.99720247524373984,0.053179346499936914,-0.05252790185794938,-0.06583222070285287,-0.29200510879348407,0.95414838214809994,-11.17414211621986,-9.092386263410944,-2.0967204524205956,,0.22716581330949,0.2407407407407407,False,1
-0.862677054429418,-0.46332939946156487,-0.20276628752228357,0.50523175856354052,-0.77125732665721292,-0.387173095935606,0.023003693176874937,-0.43644931397833076,0.89943472605190711,-6.0304450839715056,-14.131515262177661,-2.6487925315286347,,0.3898930269960212,0.2682926829268293,False,1
-0.91028252091196327,0.39451576417774548,0.12547128730275828,-0.41218939247337749,-0.83548160115971914,-0.36341491281456834,-0.038543960027348612,-0.38252817666002298,0.92313951123682758,-8.5045646630089689,-12.089043974963879,-2.4332337943419571,,0.3830167855201916,0.2,False,1
0.95206985963903557,-0.29166015001191603,-0.092181013565352521,0.3007189936471566,0.94761813761091895,0.10764735078327242,0.055955957920051591,-0.13020837978349173,0.98990641406519297,-7.2487303948353601,-11.863367593425405,-2.4772835966550071,,0.2568302107423058,0.4444444444444444,False,4
0.96323099744573171,-0.26583354382584606,-0.038968866248490663,0.26609695843315423,0.96394487136213736,0.00164124564180302,0.037127540617780438,-0.011950395458919134,0.99923907738641304,14.098263930987354,-0.59364319291670486,-3.1133085871444091,,0.1632285996086027,0.2222222222222222,False,4
-0.25961452286729109,0.96491139561636374,0.039322997419709196,-0.96339807674727351,-0.25596026644489528,-0.079677397805860334,-0.0668165042189722,-0.058569109700761596,0.99604478521440809,5.8702726795424462,23.471033767503858,-0.55054558571213841,0.3591247088601983,0.2935771594592413,0.6666666666666666,True,2
0.16357598651830738,0.98585423218038004,0.036528475558081072,-0.9844903129917304,0.16550594140189795,-0.058194561482300025,-0.063417034462423194,-0.02644269753081846,0.99763673924294038,-5.7997234910613038,30.298529681072104,0.21178298848747126,,0.2501686518640714,0.7857142857142857,False,1
0.10695348256502341,0.98549455971871636,0.13176276155282771,-0.9914022407377977,0.11575258396505922,-0.061015869783900792,-0.075382687848651556,-0.12410403728415127,0.98940165671100777,-12.51186853973131,-15.763261113498224,-2.5304438882035805,,0.2313643231132524,0.25,False,2
-0.93970239107693054,-0.3309011987777204,-0.086393361155638726,0.34197532812573056,-0.90658695954304569,-0.24729124476979858,0.00350587472676624,-0.26192457203165431,0.96508197963097209,-3.7087165239273596,-4.4864365884580435,-2.1832566376323084,,0.4639690121396565,0.2101167315175097,False,3
0.22394324904587543,0.97081851011997888,0.085795347281788281,-0.97347352814071941,0.22705089073293025,-0.028234429809079736,-0.046890417102409016,-0.077196589470057642,0.99591263440030431,10.283900033619744,9.2258542081035806,-2.2677404168286204,0.3089344181829041,0.1621308040774993,0.8974358974358975,True,5
-0.047973372185505618,0.93562763969146734,0.34971341896834185,-0.99517668259605718,-0.014778362509380569,-0.096979226737738927,-0.085568253331825175,-0.35267906068679117,0.93182377849828713,-5.2940274448207978,6.4249329929150711,-1.2868186818142187,,0.3549239388093751,0.3255813953488372,False,4
0.9567806359554476,0.29065033078000863,-0.0096540083986791057,-0.29078377498544322,0.9566160523433056,-0.018180335649424069,0.0039510588334368355,0.020201822110448537,0.99978811531119582,18.93841588072122,-7.2667673544569453,-3.6724092961243584,0.2452259482792427,0.1585719643115637,0.9148936170212766,True,2
-0.99898514095332747,0.045040959327793055,1.1717145185601886e-05,-0.043697286615924369,-0.96912004282548336,-0.24268681409655912,-0.010919491602870776,-0.24244103319521679,0.97010469029191349,6.468877132200209,-5.3550636440461137,-2.9192372800887632,0.6490499659199482,0.4002745842678699,0.2051282051282051,True,6
0.34108061693452185,-0.93011820943132439,-0.13617683075998324,0.93684314775016297,0.34826308445880938,-0.032213980145308047,0.07738817264370719,-0.11658876655794578,0.99016065880611737,5.1028194119358545,19.236646854817945,-0.7363619379115186,,0.2162912396951185,0.2083333333333333,False,4
0.66636010954287594,0.74456074868950406,0.039918616220160401,-0.74429238415414856,0.66741615030992396,-0.024177038603089649,-0.044643603126770189,-0.013600507946660477,0.99891039382091373,11.6308027029001,-18.129424215675911,-3.6451586163427794,,0.1710502042287537,0.7083333333333334,True,3
0.70683597447263569,-0.70717772164454951,-0.016809973258279015,0.70536419509390291,0.70641681783248911,-0.058622792179756203,0.053331580427084614,0.029579545179808771,0.99813866423263298,-2.5257689125018756,-1.7393260307411067,-2.0683787235297664,,0.3151778043208726,0.9974597798475868,False,3
0.74371785235169385,-0.64977253833011162,-0.1570967998573698,0.66744568039622565,0.73491031020255859,0.12009621009173191,0.037416838639877936,-0.19417127591387259,0.98025379152348846,-10.635211503460264,4.8986265923563499,-1.2029479594235495,,0.2193437649378343,0.1212121212121212,False,3
-0.58549588241550565,0.8050236836277348,0.095558570902469955,-0.80838522781067579,-0.57091755708456238,-0.14341013377749301,-0.060892488304973534,-0.16121417993163467,0.98503913275412569,19.45715788812506,-1.1603364267914946,-3.3674698485293608,,0.1623360722613054,0.5319148936170213,False,1
0.14284543616950868,0.97782064606978669,0.15317299202277354,-0.98593086989021783,0.15415409451552681,-0.064628437561317212,-0.086807264460192671,-0.14178610391630012,0.98608376904458506,-11.061835529400925,1.7437791421675888,-1.426396399322903,,0.1793544243106624,0.2307692307692308,False,3
-0.57298215957395471,-0.76317952531916022,-0.29874480237083545,0.8181988647559455,-0.51160850986557016,-0.2623115520620739,0.047350422617438374,-0.39473249773327956,0.91757517006030476,5.4067132538778697,-26.196780141051786,-3.7614095143741988,,0.1882403038886366,0.2068965517241379,False,1
0.89814574808096626,0.43874797798699489,0.028886450394707539,-0.43918407621751981,0.89833324016292238,0.010711527218370764,-0.021249997671670316,-0.022306981658436024,0.99952530541664852,-8.8928159757529901,26.355779958889304,0.098121445516397218,0.1536388887477487,0.1898341944966701,0.3333333333333333,True,3
0.2026613808482593,0.95173478507360287,0.23049786027983024,-0.97528887811779286,0.21731773382639272,-0.039807119768935979,-0.087977093225532668,-0.21673463370090279,0.97225826282018379,-5.5078512455355604,8.3394596703280754,-1.0590403000017552,,0.3092792787544172,0.1428571428571428,False,3
0.63834690446557452,0.74639797514756911,0.18815762608735276,-0.76745432935548441,0.63599672011109143,0.08075905126645673,-0.059389240715323435,-0.19595467512550843,0.97881289498234225,12.40348039153775,6.7218381636822295,-2.7681247750983311,,0.2190156294814386,0.28,False,2
