axis_00,axis_01,axis_02,axis_10,axis_11,axis_12,axis_20,axis_21,axis_22,location_x,location_y,location_z,dbh,dbh_approximation,score,reconstructed,number_clusters
0.53513000584799875,-0.84192706283130814,0.069243755771679821,0.84435217391259032,0.53048885161181303,-0.075173031897503559,0.026557169468982109,0.098693460714613129,0.99476344804278427,-4.4330399906685711,-19.11620690448272,-4.2486174253870663,,0.2376734074729693,0.7209302325581395,True,5
0.29555643028341977,-0.94986793939682801,-0.10196712325129972,0.95392358779937303,0.29921671167190589,-0.022341622506487968,0.051731858250917376,-0.090665633854703429,0.99453685586791152,-3.6511790837513796,-11.842506846860259,-3.6171706985467318,,0.5296821360340401,0.2380952380952381,False,4
-0.30246899741945477,-0.9519159938230608,0.048666685770895966,0.9453894183025654,-0.30611811974444586,-0.1119399148010255,0.12145514958866745,0.012150615950575712,0.99252254844432353,11.991848440754696,-18.166350976975227,-5.0866042068859452,0.1935844147886936,0.1902510741672271,0.975609756097561,True,4
-0.99194635345284565,-0.10291713725421783,0.073827465966251754,0.089162137703947375,-0.98138629428170843,-0.17009131252382514,0.089958574197593344,-0.16213884252520031,0.98265886790529877,16.914646215750103,-14.586206047545156,-5.012222627902835,,0.1378087722402219,0.7096774193548387,True,3
0.011636407448667566,-0.99763242325053469,0.067780101069232365,0.99561201397581378,0.0052651793710785221,-0.093429093505261004,0.092851018565834942,0.068569861932609499,0.99331609389248809,-1.5576039191464222,0.51777295723628969,-2.404136735176607,,0.2670301294815243,0.9849557522123894,False,5
-0.59733713635839758,-0.80149218250935494,-0.028259987677620155,0.79646454888896523,-0.58872378452662344,-0.13801640444434876,0.093981742323950679,-0.10495040213853322,0.99002668913555747,7.1209214947745876,-5.7213006984919854,-3.49246589224061,,0.1972110408949467,0.25,False,6
-0.34282407206510113,0.91710130190219041,0.20346217747288922,-0.93749723410122421,-0.32023180596948586,-0.13620031754028755,-0.059754427997062029,-0.23743797610076733,0.96956310565115589,4.4906105739808133,-10.714431145896757,-3.8410279079499858,,0.1127257942238222,0.1904761904761905,False,3
0.58029541192304201,-0.81338236804296105,0.040821051650963135,0.81376628854054633,0.5771243044834492,-0.068643752879907427,0.032274797226469899,0.073052450549715625,0.99680573680766393,-12.939862137009353,4.5227516083462884,-1.4286962022184249,,0.2084651761388183,0.5,False,2
0.25708517408601278,-0.96477825904110259,0.055768487040477099,0.96397917964997815,0.25194417060440227,-0.085254185233422861,0.068200839192193996,0.075677247439895221,0.99479726565436488,-6.7064705357305003,-1.6396435445951409,-2.3657978795754357,0.3007203075299028,0.2619663883585841,0.9912587412587412,True,5
-0.54871401976959577,0.81820885524414888,0.1716018464596199,-0.83517038877812744,-0.52729301866324207,-0.15637293300695232,-0.037461262878909246,-0.22912080147613179,0.97267687960311466,-1.2876365134102199,-13.664588198512783,-3.8383650026813769,0.189402605028297,0.2062083875615029,0.4545454545454545,True,5
-0.14005952182672496,-0.98765347865121322,0.070170766376219218,0.98454443824144133,-0.14644317057686812,-0.096055436697970301,0.10514551570805403,0.055632759230071195,0.99289949976165015,11.238466098515401,-2.3563487901105864,-3.3426306490825382,0.3085142911526267,0.2349861129995188,0.8027210884353742,True,5
0.020735530858414609,-0.99916277231385642,0.035267437986174273,0.99600901798226105,0.01758145786589304,-0.087503876698818123,0.086810563055609039,0.03694112561087895,0.99553969251887175,-6.3366717884560435,3.1043988957315558,-1.9215008748875391,0.2686958619497878,0.2110349155344495,0.5454545454545454,True,5
-0.33258289819236564,0.90155690150071832,0.27673772635184868,-0.94108790757478022,-0.29823759131006711,-0.15939852366346222,-0.061173246166020122,-0.31344775080704201,0.94763302046072539,-8.2672899031493206,1.1432883622288825,-2.0211967579117855,,0.4843230497050935,0.208955223880597,False,5
0.055790015195096923,0.96744862956913125,0.24684129182400028,-0.99264810681615712,0.080340795982888735,-0.090526750384266455,-0.10741140646519007,-0.23997605223364729,0.96481826481235489,-16.263358687119556,-6.8359910901817198,-2.465973079174093,,0.1895441928271084,0.2162162162162162,False,5
-0.77033706569942229,-0.63759216982485756,0.0075518333955397338,0.61118873160667242,-0.7417085518009503,-0.27625487967158779,0.1817392075657604,-0.20819377791703314,0.96105473895611293,6.8796630764331717,-3.2223940936278734,-3.2146476304428684,,0.2001243288210441,0.2666666666666667,False,5
-0.99750859584718243,0.061274650877974922,0.034957379346354331,-0.069447739177615903,-0.94000860428234145,-0.33400723854174474,0.012394060436373013,-0.3356028024837493,0.94192204891432119,-5.6688272097671728,5.2658303534553514,-1.7353538856548991,,0.4812927114664318,0.5257731958762887,False,8
0.92090303502417525,-0.38971841358419335,0.0075603040072602934,0.38699160301155699,0.91643624816500757,0.10189260153607778,-0.046637959666007096,-0.090907431834058638,0.99476667593739165,9.7662894290885589,-5.5710607471911437,-3.6246400517997994,,0.3331424999976698,0.186046511627907,False,1
0.81084742982063696,0.54130107411279649,0.22252998161506365,-0.57361943017151651,0.81048389816355171,0.11864484880228991,-0.11613438286301045,-0.22385039196290565,0.96767959942073867,-5.9214173040882399,8.5696532185629657,-1.4554582457672252,,0.2330685479616446,0.25,False,7
-0.55691035530232791,-0.82790237124075838,0.066547125039070676,0.82067645784318377,-0.56083718544286232,-0.10932430181114629,0.12783195100991487,-0.0062701769081124348,0.99177602168157952,10.326967673937501,3.3459174191291035,-2.7471707902837097,0.3277371979574063,0.2642750747738023,0.9849624060150376,True,5
-0.48960339914126833,-0.87115238477498047,0.037175718556323255,0.86028897273368521,-0.48956714288487169,-0.14222129235934564,0.14209642832293504,-0.037650167441943778,0.98913652745688085,-8.7548252424524335,7.9057482807316042,-1.3775441773340826,,0.1326491092741119,0.6867469879518072,False,6
0.56343274446157476,0.77166156957526244,0.29509653422082044,-0.81748430940759964,0.57237080747129343,0.064117568786089901,-0.11942757780712723,-0.2773627242354339,0.95331368020385643,5.2918632452706422,-6.1018811273656297,-3.4375433223610949,,0.3782738652793713,0.2684563758389262,False,6
-0.50533783743804495,-0.8623075124360805,0.032548794904568613,0.85363809316026373,-0.5050635078397977,-0.12732972533649914,0.1262365872445454,-0.036559636826126257,0.99132624145434223,-8.7015967719909284,0.094005792747058919,-2.115584401633348,,0.1734858827638556,0.2040816326530612,False,1
0.86000882455481886,0.45472165637048689,0.23154489179319071,-0.494274545050572,0.85509019683781673,0.15656765115091437,-0.12679706543484992,-0.24909630767946997,0.96014245489800398,-3.2659775862815614,1.9170661237303082,-2.167883262571535,,0.307511449110495,0.1604938271604938,False,5
-0.9808520211690519,0.15720802150804991,0.11495629840121802,-0.18029507025223515,-0.95616295457501288,-0.23075114721518247,0.073641022611903847,-0.24705878302927367,0.96619819784388283,11.615028710798764,-3.0062267521639408,-3.4404294642372757,,0.2350184911875796,0.171875,False,4
-0.52494405523053977,-0.85030280045219653,-0.037668108809274833,0.84122716118761554,-0.51159028409834761,-0.17496355190838009,0.12950135967757448,-0.12353351269725658,0.98385408932541174,1.9344006746280893,9.3704526097864758,-1.6202982251184153,,0.1803431133760691,0.2195121951219512,False,5
0.96890919028343647,-0.23279244912923586,0.083801292428613852,0.2318382624260652,0.97252592999175791,0.021079268700015738,-0.086406024440178919,-0.00099555114219085708,0.99625950826999099,9.6775812612812775,1.7360344953785962,-2.8719832742134837,,0.4267384353851592,0.3984375,False,4
-0.30104715393994652,-0.95018607491006901,-0.080728149685569559,0.94820577341002543,-0.28926754391129128,-0.13126347287583601,0.10137269048690706,-0.11606339253410958,0.98805509286523074,-3.4267526595667421,5.4885365717425438,-1.7642767594862689,,0.1956361583915633,0.2121212121212121,False,4
-0.94763041246111579,0.2665550290296228,0.17591196058765443,-0.30677458696984916,-0.91288745858877074,-0.26930622113277186,0.088802895044327881,-0.30916808446272709,0.94685222784835521,8.7139001072201587,-1.3506669066555026,-3.1176855906799035,0.7874159637078163,0.3414124856274426,0.3513513513513514,True,5
0.99518548323188549,-0.068056101726877316,0.070528157371786762,0.048209916588290935,0.96644566105458607,0.25230653612483767,-0.085332630963006278,-0.24769164549194003,0.96507367120154408,-13.065798082391034,4.1474359949793724,-1.4609725719187101,,0.1448152241174319,0.4,False,1
-0.10956554908367448,-0.99397832111617312,0.0015772143376854703,0.98840509504724472,-0.10911875728489731,-0.1055862912183526,0.10512258814660157,-0.01000969328569766,0.99440889351497963,13.367347492194089,-17.986002531447951,-5.1689809444086547,,0.1029802365840884,0.32,False,2
-0.79966328766559236,-0.60040634837162199,0.0071304414247714415,0.59056491861935079,-0.78859063649604222,-0.17134142793524176,0.10849748041303608,-0.13280446101627236,0.985185907267355,9.8200813384911232,-0.61161467898515398,-3.0920920930644531,,0.1715716637099477,0.4814814814814815,False,5
0.40207800244273523,-0.91335699468391418,0.064127063036040016,0.91438906715705626,0.39694886460083229,-0.07952504483342622,0.047179591088819611,0.090612356519839315,0.994768056901011,0.69384250418282911,13.880184609571613,-1.1652072995597333,0.2020981734358569,0.175542845430546,0.7666666666666667,True,5
-0.31432139746812948,0.92248142792536048,0.22412066889618143,-0.94190464266296392,-0.27360733988799169,-0.19481957727439109,-0.11839638180129365,-0.27233626033307895,0.95489018116438762,-6.4801633541795107,4.3938366127443773,-1.7945208800242887,,0.2492270839742247,0.3870967741935484,False,5
-0.068075970816941403,-0.9968545019070949,0.040580342838485189,0.99269462942625597,-0.07174094163434086,-0.097008298622777281,0.099614431211540649,0.033679954289995137,0.99445594461163778,2.7863561679415114,-9.7099169202446252,-3.6313331101547304,0.3545883153892148,0.3101373730165952,0.9778270509977827,True,5
-0.2801522259565421,-0.95856152065126965,-0.051715968697507178,0.95320740584276442,-0.2714022244201732,-0.13317835419575613,0.11362381677316979,-0.086606256739966192,0.98974187774156008,16.073136846875148,6.7652536655139262,-2.7205252115670171,0.4051417192629304,0.3587505214707066,0.4067796610169492,True,6
-0.21482461850331425,-0.97656458176834127,-0.013114912143417881,0.9703798835134344,-0.2119061154235227,-0.11601155079803509,0.11051364149894735,-0.037648584060184523,0.9931612755040865,-5.8230933180271105,1.4863228599606659,-2.1247985760797397,,0.1720751429041807,0.2816901408450704,False,4
0.98582755202682582,-0.1443061791210315,0.085555621278127145,0.15013793129240213,0.98644972866953051,-0.066147822300125642,-0.074850779902653472,0.078055489719172491,0.9941351524177513,-11.964699153685633,4.2236797914527129,-1.5274115746601034,0.207791397900273,0.2050695695492681,0.6875,True,5
-0.43544867913764024,0.85231454510830984,0.28973153786583294,-0.89918883184127729,-0.39645754037402281,-0.18515092052836307,-0.042940569735445369,-0.34114708686634887,0.93902863246729584,3.436409720999726,9.2516392259392735,-1.7026913616844814,,0.2950724737124739,0.2647058823529412,False,3
0.077417179813210169,-0.99630185198293353,0.037271973453877831,0.99308168594076107,0.073748480341337214,-0.091377933312147094,0.08829125278771896,0.044088336130102289,0.9951185222366502,-10.426993682957375,-2.1475355099395204,-2.2664558077012043,0.2507792257512984,0.1260343298069158,0.4302325581395349,True,5
0.91706017990320809,0.3803588107549733,0.11969879496869872,-0.38213457883414381,0.92406612961638457,-0.0086574681661039377,-0.11390254648227888,-0.037801629288404623,0.99277250502216985,-5.6840759794003128,9.7009991035554624,-1.3399847704864867,,0.1474997098153802,0.4333333333333333,False,4
-0.30159665444864764,0.91532872133063936,0.26685724635579783,-0.95170600548595519,-0.27216591236737586,-0.14206123773640494,-0.057403285161640234,-0.29681483799239167,0.95320816970911459,2.278818351199464,8.999969140053075,-1.6603248584080454,,0.1570931487377488,0.25,False,3
0.3777912109406113,-0.92463201782693549,0.048264195272647192,0.92436184250241771,0.37366008961937247,-0.077028056909009129,0.053188204158080878,0.073714103365177502,0.99586005337271444,0.85868839561003385,11.806328717580177,-1.3554472359609444,,0.1002201508482192,0.627906976744186,False,2
-0.022321267421846862,-0.99834285774894416,0.053040544891183664,0.99545362549647853,-0.027107762488118265,-0.091308535739020938,0.092595034999716344,0.050761280466109553,0.99440909685040668,-5.2885429802916475,6.9367619767499802,-1.622020807758664,0.2118874496934586,0.1822812749547769,0.8235294117647058,True,5
-0.34080618024435549,-0.93872946475911023,0.051362822160852452,0.9326196725678596,-0.34447094198230982,-0.10751891214683754,0.1186241705837012,0.011258868633023264,0.99287539199560892,7.7250455688201987,19.016271446147801,-0.99033032491881845,0.3759094660828485,0.2771863660581278,0.9565217391304348,True,4
-0.97386892293564697,-0.22578207423077459,0.024531120973459511,0.20864647484688412,-0.93211889423890459,-0.2960084720693183,0.089699328169914758,-0.28315511995881837,0.95487025745227572,2.3454132328446438,5.5707320060329062,-2.00529569839957,,0.3843065473087623,0.4550898203592814,False,5
-0.60444184001876067,-0.79527199765100964,0.046824264937195388,0.78606220039845587,-0.60492850268943554,-0.12715236426687621,0.12944604721455844,-0.040049424291634279,0.99077735363422381,-8.7090338405019061,-23.36945400543831,-4.6541819383737142,0.2728724141464424,0.2925696562035314,0.9285714285714286,True,4
-0.41831922444235392,-0.90536205028638939,0.072997153116902982,0.90024570107596125,-0.42394758750731115,-0.099126791237190578,0.12069260191162658,0.024248730852474913,0.99239371969790557,-5.0201029876805174,2.5270795509809356,-2.039309291206818,0.4229862656289901,0.5760153670586582,0.7357630979498861,True,5
0.27840717542849053,0.91815958516475649,0.28190853275488725,-0.95371843162406966,0.29899900227905435,-0.031949175523880907,-0.11362481177302582,-0.25996648400556083,0.95890918722438556,-2.4917449082767122,8.3452313754852732,-1.5671190095330776,,0.3180738124659403,0.282051282051282,False,5
-0.94418073333096464,0.30830614979649695,0.11606059109043806,-0.32487072839681569,-0.92981748442150136,-0.17291169854869082,0.054605426813864225,-0.20096458310292115,0.9780753977586516,16.37143773657743,-16.154653853270826,-5.1500378619718239,,0.1594946284848728,0.8333333333333334,False,1
-0.87846564327921972,-0.47169897437326896,0.076145854471746946,0.46294067416650792,-0.87970027254473826,-0.10868929426108009,0.11825415756025368,-0.06022879759648879,0.99115510701392995,14.78590814957149,13.988178409171958,-1.958047887895104,0.4515563521912803,0.3406968781731541,0.979381443298969,True,5
-0.96572705789295332,0.17540130029566908,0.19132598753961017,-0.22086488525213555,-0.94251764580559649,-0.25075723281220591,0.13634497466345968,-0.28442023697279784,0.94895478115891074,-2.6817161274728685,5.6950909357719155,-1.8037450813497622,,0.4500826461336068,0.5095541401273885,False,6
0.076112756492117767,-0.99240611776940546,-0.096627872340375148,0.98728065264123743,0.088574868442838947,-0.13202804853751632,0.1395842441662474,-0.085349810159074294,0.98652503702964689,3.870576655811313,-9.7079884845982622,-3.6750263544011106,,0.2663650999484227,0.3108108108108108,False,6
0.87595271043520928,-0.48195195557606074,-0.02071621581326577,0.4805583956629359,0.86806330998863068,0.1246182900277802,-0.042077041710131061,-0.11911508035506521,0.99198846777214633,-8.2256032226625475,0.71136569918479742,-2.0593797837810386,,0.4715912362427418,0.3114754098360656,False,2
0.039222661818044985,-0.99771008685090001,0.055101410107877211,0.99536088541240375,0.034162992116113872,-0.089942191215853021,0.087853802370426795,0.058373560501681965,0.99442155891926121,-8.7269661442578386,5.383196392376969,-1.6519382401819767,0.1439213626411817,0.1504589929678717,0.44,True,5
0.61985327278418456,-0.78434893467964284,-0.024055537525575765,0.78468209442564307,0.61982597463480238,0.0094748010956905437,0.007478696846447655,-0.02474893603624647,0.99966572375897345,-16.86632423289414,-6.2202539043544718,-2.3438191983491961,,0.2644992259355937,0.5882352941176471,False,7
0.10453723125689413,-0.99154223584365586,0.076915289892884361,0.99091743114623698,0.097268724461107597,-0.092851709150942846,0.084584939153993524,0.085923162068635095,0.99270468835824555,-12.645892653599992,-14.927520453459126,-3.5439375705666758,0.2530018081717862,0.2543971168960712,0.9038461538461539,True,5
0.98429740284016554,-0.1727333766877352,0.036356613430801037,0.16036861919909615,0.96113673285740142,0.22471779352862625,-0.073759939928656551,-0.21535868064754671,0.97374540303483215,-6.2860771275448855,2.7677926018503634,-1.9631717826506501,,0.3534450584756614,0.2121212121212121,False,1
-0.078976084150508094,0.98875435766778064,0.12699448147548317,-0.99303766476044575,-0.066861831448466774,-0.096982946245601429,-0.087401227104499296,-0.1337696366457343,0.98715080398705835,-8.665083033624418,2.154246637785143,-1.9191317487240591,,0.07203909038786299,0.1290322580645161,False,2
0.99036753931514554,-0.12774462141100393,0.053417682198143135,0.10660957071061403,0.94967582010112006,0.29453393038521447,-0.088354606579176848,-0.28600200771292328,0.95414690434985661,4.3515495768185772,-2.632129291336808,-3.0228271356342735,,0.5655892182486407,0.3506261180679786,False,3
-0.37078556985281352,0.91485368182147608,0.15987745947009918,-0.92731850046910991,-0.35525071047989754,-0.11780208568293105,-0.050975090746804758,-0.19193663944441888,0.98008258150124128,10.254545609135379,-0.2110566509294699,-3.0661801283112227,,0.09800969497838415,0.56,False,3
-0.19564219439678154,-0.97994768049729231,0.037771355013928753,0.97573639377394783,-0.19837309249070922,-0.092663941426442395,0.098298634968256707,0.018725908887122375,0.99498076297973082,9.3814094383050044,13.131381136278197,-1.6539034792247804,0.2037228902888884,0.1770269263840282,0.7142857142857143,True,5
-0.78084923281330543,0.56603688002040298,0.2643420626227303,-0.62461266826046957,-0.71520529922716225,-0.31359272090710361,0.011553798657049162,-0.40998003660440874,0.91202131516891582,-8.3943550068380191,3.7451053610675777,-1.7987613311303223,,0.3236231008981393,0.2567567567567567,False,1
0.82839744021205175,0.54707300818012328,0.12028634490610454,-0.54847105864521295,0.83582114005176167,-0.024135444291993866,-0.1137417200446646,-0.045979838661346084,0.99244580484677192,-9.3923942260212954,3.2658102134824443,-1.7717866833728251,0.5348828345259912,0.3714772477707015,0.6068376068376068,True,5
0.42220092862231939,-0.89537552387680275,-0.14159465778337976,0.90640768853721809,0.41923154731182855,0.051672157871983843,0.013094962049142799,-0.15015851950812237,0.98857520755279915,-1.7157807344411991,6.7367393388948038,-1.7448884000935871,,0.5168561261182542,0.3571428571428572,False,6
0.16044850347052908,-0.98568817533491726,-0.051721356700976079,0.98487360886922004,0.16334892943859425,-0.057802264697708716,0.065423637066326451,-0.04166471236174768,0.99698736173375169,-3.0685145900460813,12.971950720050872,-1.1238865487407586,,0.1878035637093252,0.2424242424242424,False,3
-0.98377114246436481,0.14613364871828927,0.10411193959694527,-0.16372997810557885,-0.96847650414616382,-0.1877385287743879,0.073395051085921287,-0.20173799252769581,0.97668569603889954,-9.8889733352472913,5.0641950282003751,-1.5927519844469586,,0.2094684732465907,0.3888888888888889,False,1
-0.92516653679897343,0.36131729477788005,0.11626130775880804,-0.37893113886599999,-0.89687950998938504,-0.22807528704117916,0.021864839014037532,-0.25506265319641513,0.96667728418500409,-4.5743993528943703,4.4633808136298718,-1.8408221467275661,0.3114624385088663,0.2606330897923358,0.3103448275862069,True,5
0.09032423345307207,-0.99446058792168102,0.053755668739008396,0.99228324461691653,0.085260107726862142,-0.090025976711872152,0.084944071621494643,0.061472376730259431,0.99448763270112772,1.7903554511010886,-5.9584385536167295,-3.2626714095166935,0.33884726457339,0.2808876739791045,0.9957142857142857,True,5
-0.56428459234484907,-0.82285601845609868,0.067013966699379743,0.81545274493739917,-0.5681984493182366,-0.11039629960471287,0.12891749150627199,-0.0076482078246725496,0.99162582928280074,13.788814346586687,9.8491147420920431,-2.2616117470108907,0.3468144695430496,0.2908622003756386,0.9873417721518988,True,5
0.0984895234990254,0.95153774714747363,0.29133439466435385,-0.98958016876670551,0.12454641269276255,-0.072244589202388576,-0.10502810740269827,-0.28118340427357125,0.953889401249711,-11.984557315893159,5.0428261568416533,-1.4469926259476378,,0.222064760692207,0.3846153846153846,False,3
-0.26783427084127687,-0.96188581260275097,0.055140610048019449,0.9565837611336907,-0.27231341793307168,-0.10388893275479556,0.11494481849236989,0.024921595598081533,0.99305921413307574,-3.7761412104837828,-5.0482748275422304,-2.8909159665202355,0.3198324643149686,0.280654886503322,0.9448094612352168,True,5
0.86638671454758898,-0.49286025608041684,0.080391721164434507,0.4980853501278471,0.86443659079210422,-0.068266862296015793,-0.035847522138272345,0.099187441120685449,0.99442285104500472,-6.5793832787474145,10.551691260324798,-1.1768843192906915,,0.07981709189992611,0.4347826086956522,False,5
-0.94372228838646055,0.31084451029733035,0.11297757662756155,-0.32568167590366265,-0.93290108155412843,-0.15371082595484381,0.057616737005884933,-0.18185505891547665,0.98163590458155348,-8.1765147491617363,3.5098305675771093,-1.8143452715732571,,0.1493265762300761,0.3620689655172414,False,5
-0.45042818624221531,0.85862984068825976,0.24468192764935132,-0.89198177305516457,-0.4209588576123009,-0.1648094558425327,-0.038509292072346109,-0.29248664392994222,0.95549390241209065,6.3483453079091579,-8.276244706731017,-3.6924034006696886,,0.2164319176204138,0.2203389830508475,False,2
0.87754904310359572,-0.47904014758744845,-0.020693330987541253,0.47790206628171905,0.87032761252766144,0.11890946941082935,-0.038952432422477395,-0.11423827673462701,0.99268943992422709,-8.0878996544270407,-0.35331773392236421,-2.1963409978230444,,0.4745601393708164,0.4893617021276596,False,5
-0.019389927185466171,-0.99737689137837626,-0.069737846741557849,0.99521189647266539,-0.012570427672675705,-0.096929177585526924,0.095798287265602508,-0.071283384407116332,0.99284508724394893,-25.474415941325766,-19.841154174197452,-3.6063383816308439,,0.1986420097173645,0.32,False,2
-0.76272483684965098,0.63815948539049683,0.10489658935737596,-0.64663232007674554,-0.75523762910272996,-0.10715766990492387,0.010838167965056329,-0.14956134123971943,0.9886930460571357,-12.070601619434699,6.0871018746925314,-1.3352258993967911,0.2417244893409203,0.2258043310828635,0.8706896551724138,True,5
-0.094934197077776769,-0.99532630792416921,-0.017692907597105317,0.99264889938216083,-0.093308613776450444,-0.07708219736425323,0.075071038227683545,-0.024880581768902968,0.99686774241634402,0.37357121391451242,4.9946268638690903,-1.9629683211020881,0.1951831515644821,0.1957329935867515,0.576271186440678,True,6
-0.15871479242535652,-0.9537306597474271,-0.25535748143164644,0.98480189784050742,-0.13444635763245052,-0.10995180275512378,0.070532522109382156,-0.26892750989273068,0.96057438949192486,7.0553356682072748,-1.5698348645229074,-3.0745275551833546,,0.4798637188351067,0.1868131868131868,False,6
-0.77684089539533163,-0.6274220040397207,0.053477584913320386,0.61612222709253983,-0.77488697598895562,-0.14122172540095157,0.13004470202168747,-0.076758082893423452,0.98853253471325764,-8.1707507438104905,-14.220353537609927,-3.6294856589834978,,0.333312911195161,1.0,True,5
-0.077878154790129051,0.97399672969018547,0.21275658288125829,-0.99495490432961131,-0.062393342231654027,-0.07856086300199866,-0.063243429357837708,-0.21780138061543297,0.97394190137044223,9.7978330597430379,-4.2449950114542085,-3.4824252373461468,,0.3082520603986551,0.5,False,6
0.98987158101953177,-0.11323217525346736,0.085631346931255597,0.11831943436373718,0.99134646285011974,-0.056856855755499078,-0.078452307434123889,0.066412838231206417,0.99470325744733412,2.1022700169929425,3.2987435492310748,-2.2769440229012305,0.2834753571762069,0.2316730295160327,0.9158576051779935,True,5
-0.99520109823223746,-0.02122420331932439,0.095521239893586879,0.0019714639968112912,-0.98034396667445634,-0.1972861382223827,0.097830912328657454,-0.19615106473953126,0.97568123503247195,-2.5327772075708364,3.1092301785639789,-2.0718060145761501,,0.1561064309096627,0.3493975903614458,False,5
-0.64761745690822503,-0.76070185553850411,0.043867031903244418,0.74985105397999863,-0.64648905076497154,-0.14062469230576444,0.13533302018653134,-0.058177265501938746,0.98909068311551107,-16.742807336552843,-9.5233320148541765,-2.7237610725823567,0.2823382765130169,0.2469143795486693,0.981651376146789,True,5
0.67039987543447055,-0.74188932419519749,-0.01281552428267331,0.74192515223239597,0.67047757839451361,-0.0026239960299552362,0.010539236328257269,-0.0077490331927378281,0.99991443483039832,-5.3879608306581925,6.049181320338044,-1.6884059820236768,0.4298157650199763,0.2757607646043806,0.1666666666666667,True,5
-0.93840462030807048,-0.34543171985397886,-0.0085846085052371651,0.33506943576246823,-0.90362330904037591,-0.26682089231681666,0.084411147381652701,-0.25326239807291445,0.96370789968748771,1.0377441306417263,4.9893527411830361,-1.996792199291425,,0.3103949675729284,0.2162921348314607,False,5
0.36904308201398883,-0.92615510873195728,-0.077742640727673409,0.92657416135782311,0.3731587536291443,-0.047041131937802995,0.072577731582507257,-0.054674117822233054,0.99586304968037509,-8.9261326326380921,-20.233824084763782,-4.2702979625711848,,0.2456829103091842,0.5263157894736842,False,3
0.97487205426553736,-0.2049272158386348,0.087345944500684849,0.210672796542936,0.97555506963194227,-0.062524226602132804,-0.072397863289394362,0.0793545356236285,0.99421396442973387,14.0964084036224,18.018542834607015,-1.4325130287143271,,0.2518513497741677,0.9821428571428571,True,3
-0.51445080469279791,-0.82877591483245405,-0.22016096962123688,0.84490188581195813,-0.44600885823017627,-0.29532507806079278,0.14656456905518292,-0.33794464246951011,0.92968394937410059,-7.260149532451214,2.093739699222589,-1.9981799048562066,,0.366485939449187,0.2763157894736842,False,5
0.40042063575311232,-0.91632153055669907,0.0042622882706588039,0.91531434365726794,0.39975275518297593,-0.048963118966060107,0.043162098632229987,0.023507176815781211,0.99879149269495326,-9.302176832160411,-1.5132673451173395,-2.2602609370276099,,0.4566837374031029,0.2727272727272727,False,5
0.77956489354662672,0.60682478908133097,0.15505564196777061,-0.61203416621380025,0.79064487252597382,-0.0171716317036925,-0.13301412006481633,-0.081512949307379012,0.98775648970715313,4.60394490806849,-4.7476287075206374,-3.267504089503976,,0.1140251131392388,0.1882352941176471,False,3
0.34466082665884945,-0.93837117229036604,0.025854546626109851,0.9369601366574114,0.3421923265689365,-0.070782158431782982,0.057572709522501056,0.04862051677781129,0.99715667197612179,-15.504116363296351,1.284329475708764,-1.5466330271379962,0.1847305901905421,0.2084662889636214,0.7564102564102564,True,5
0.43875535053880027,-0.89561555824468198,0.073256495982553224,0.89744088880825434,0.43257669984088959,-0.08647109256749326,0.045755802567822766,0.10368302939648437,0.99355736419521468,11.95849517507015,0.10286600966970746,-3.1194639687009138,0.2880752694286698,0.2603337194026445,0.86,True,5
-0.44052095542003933,-0.89717518763147086,0.031905650506640015,0.88748609642224008,-0.44056991529308193,-0.13515390632853141,0.13531340101050734,-0.031222306722644935,0.99031078509217885,5.0660720683855898,-26.159244988639859,-5.5714753524095038,,0.2536692583113946,0.971830985915493,True,4
-0.76624435535553936,0.60009849647840874,0.22967669104662514,-0.64247912702606857,-0.72082549018525532,-0.26005996238369078,0.0094952209871266569,-0.34683195819234874,0.93787922119794598,5.5764233266111249,6.3609675969701831,-2.1221105803213476,,0.2775268889282632,0.2307692307692308,False,4
-0.038893715847946354,-0.99765621776835844,0.05629698052001382,0.99430432008766678,-0.044234702603187515,-0.096964994408331479,0.099228009768106348,0.052205001999225689,0.99369433924306849,-9.8174707427310768,-7.3991812369193104,-2.8378083643085139,0.3536135179050103,0.2962727159044023,0.8210116731517509,True,5
-0.054248721949579498,-0.99608374255509802,0.06981585768481427,0.99381828980604303,-0.060643218370157251,-0.092992509981722704,0.096862185675466658,0.064339551468272235,0.99321605862120077,2.6578758881017692,13.211933275599694,-1.2657147833358329,0.2919235309456982,0.2355105174443932,0.8555555555555555,True,5
-0.19831139927339764,-0.97533200024954991,-0.09695400047156677,0.97554022214164426,-0.18684173033166121,-0.11580778380792552,0.094835984215167105,-0.11754853081125406,0.98852844117003402,7.1441563107586044,7.7879223208438875,-2.0372257906717457,,0.4211312301517201,0.2446808510638298,False,7
-0.3567017799606475,-0.93286853731243347,0.050200918970355855,0.92640154160778276,-0.3601429106541667,-0.10989662238790367,0.12059860645807832,0.0073058879068366861,0.99267446835418471,17.21385815075956,3.0531084261341874,-3.1447245412651421,,0.2515216347056104,0.9571428571428572,True,5
-0.47614459294792577,0.8520911583489762,0.21731770399567787,-0.87803493061301763,-0.44707948859534596,-0.1708057127285742,-0.048383749646410831,-0.27214075170915275,0.96104028220950721,-14.959933586940215,3.2552250940540013,-1.4012011852928503,,0.2251797737312264,0.1739130434782609,False,4
-0.26523918023036763,-0.93992106778330198,-0.21493385868173759,0.95644373786821102,-0.22830274846860879,-0.18191545106000451,0.12191617433059607,-0.25382324830239206,0.95953645321989456,1.5716776606665679,10.483401542658461,-1.5025113720669572,,0.4400368553225538,0.4269662921348314,False,5
-0.71710992377531879,-0.69414281236219377,0.062602821572692702,0.68538566504373855,-0.7186521127909743,-0.1174122265082381,0.12649050310402718,-0.041290396304398555,0.99110809491069995,2.6259515279870889,15.289395135313669,-1.0842187742178711,0.1247641513805356,0.1368701993648438,0.8478260869565217,True,5
0.44419115113818042,-0.89423645198373647,0.05509436626441469,0.89483095111680666,0.43975782207482544,-0.076750419200141792,0.044404844036767463,0.083392001220412765,0.99552698806136097,-4.7351733134938643,12.119320180382749,-1.158951816333579,0.2308490034351291,0.1781560412712213,0.8596491228070176,True,5
-0.22078756863726909,-0.97411440235170599,0.048517838639227331,0.96906222147362697,-0.22472589120333608,-0.10206216113460254,0.11032343562381684,0.024482748086054523,0.99359414984102656,6.1872436445609171,-3.7975027395434346,-3.2569615292631307,0.3016039564127607,0.2591798001876242,0.9715536105032823,True,5
0.17437389781482066,-0.9843570552678429,0.025197847235201791,0.98367939803395399,0.17298668832269853,-0.049501995381042184,0.044368746257086165,0.03341845908427836,0.9984561186892531,-2.6977339575224923,-11.919576734476845,-3.6727831137342366,0.4668397875111232,0.244449708959062,0.7088607594936709,True,6
0.95416998960870747,-0.29857745229887384,0.020276486599814042,0.29744635791329593,0.95365022106521913,0.045573238050125642,-0.032943817238355239,-0.037453448986331218,0.99875519726547268,1.2189249449725019,4.7577433109841607,-2.0258252367432705,,0.3073065721903447,0.316546762589928,False,3
0.63862688219181585,0.76212500755804935,0.10640102535503559,-0.75841992915995993,0.64676877501915442,-0.080556580818840151,-0.13021104559506758,-0.029251060063944317,0.99105472053271282,2.1832237472195217,-0.44753714438334585,-2.6683573010467336,,0.279045468930761,0.9783923941227312,False,5
-0.60614677059545941,0.77574074658373571,0.17553457376370096,-0.79489354177252991,-0.58335973918858075,-0.16684025875715408,-0.027024983719127031,-0.2406609830935193,0.97023293155377988,-4.4418325542683501,7.4339609669548166,-1.5852603574187745,0.2832136154024887,0.5039490570095795,0.416,True,5
-0.3991750087285188,-0.91679893360797871,-0.011791002580785345,0.91081809856974938,-0.39502966143809976,-0.1198413864317614,0.10521265952523716,-0.058577145025798083,0.99272303003217,7.2769095870705387,10.763892100336676,-1.7585346082959148,,0.1522972624699383,0.2083333333333333,False,2
0.9768103850840969,0.17763894053608653,0.11952354745854205,-0.18927210197627126,0.97739546362787821,0.094202861385034434,-0.10008767659078507,-0.11464080636867825,0.98835213487390039,4.0311180842479954,-5.7245875287313917,-3.3750068683788688,,0.3231555754469122,0.5909090909090909,False,7
-0.99709339138264463,0.017256950568005441,0.074208938263183075,-0.032922066576789401,-0.97597238578714696,-0.21539275687278089,0.068708852365389914,-0.21720980603563195,0.97370375051582969,-0.12076627811003485,3.4874438000681218,-2.0958017840129921,,0.1639440428289093,0.2455089820359281,False,3
-0.67650273414549478,0.72587536387862861,0.1242940336771494,-0.73630062604993618,-0.663386661332101,-0.13333988767475932,-0.014333135460867487,-0.18172257339338499,0.98324537504487819,-3.7011028951606142,7.225255795036877,-1.6241888229557737,,0.1063045041292242,0.4230769230769231,False,5
-0.23049285530278846,-0.96969869848030676,0.080978255229215368,0.96655473766844469,-0.2377713849845941,-0.096107791428130654,0.11244991216116147,0.056117756976807862,0.99207147656146222,14.012041195194387,-15.899539336352669,-4.9660003192697522,0.3245683378276222,0.2219548228471387,0.8,True,2
0.9310841044542324,-0.3638636088377451,-0.026185198036914853,0.3629023660399413,0.91651939121160897,0.16820843693380544,-0.037205687136142057,-0.16611887218697924,0.98540360114424841,11.711223302415096,-3.3413000940427455,-3.4867215860925578,,0.3563611242700602,0.2435897435897436,False,3
0.034989172243760747,-0.99727929013754901,0.064882781139849049,0.9952214475086959,0.028847878382209272,-0.093284888012689485,0.091159356318433901,0.067836696378806433,0.9935231020867189,-17.649745464843356,-1.4857176930750187,-1.7553388369109626,0.313134799763487,0.2592016872706532,0.974025974025974,True,5
-0.55587163702472697,-0.82845970357436149,-0.068273294229376377,0.81987474000819149,-0.53284905443371722,-0.20946908097758241,0.13715733246148371,-0.17241347030488657,0.97542886025044162,-11.445383390640215,-2.7169765639462899,-2.2839610110228761,,0.5071929318073845,0.3944954128440367,False,3
-0.98983818338087637,-0.12024118679530015,0.075910656164365958,0.099084512871974742,-0.96612216152418084,-0.23830700434684765,0.1019932842405338,-0.22836380188178407,0.96821864470786068,-9.5680538414720377,-18.710989712524029,-4.1127919249379854,,0.1915960454893598,0.4615384615384616,False,4
0.1345223368454446,-0.99056341964247874,0.026226943318642545,0.98758690939623528,0.13185818231213181,-0.085355235027103626,0.081091536419235707,0.03738357157280657,0.99600533698250238,17.827827194928542,-13.102062238384658,-4.909508191281132,,0.2389983985796951,0.8536585365853658,True,1
0.47448359507213694,-0.87753874862143855,0.069217502666157074,0.87934462063951835,0.46892663886267466,-0.082830221038550603,0.04022879764249758,0.10016761968257799,0.99415697543565229,-15.672328304483846,-6.3198285422343012,-2.4546032358212995,0.2947127808395674,0.2383340391335466,0.9912280701754386,True,5
-0.76351864826168259,-0.64291262947704342,0.060849195685465818,0.63470276469734277,-0.76445823785092704,-0.11294247680746917,0.11912881365229734,-0.047612534492190474,0.99173654380436504,3.7774995041202732,7.9993211237620088,-1.8249566972854754,0.2713535069935991,0.1646608479212739,0.5,True,6
-0.67537802346437836,-0.73564468303808628,0.051878952756814714,0.72447703956486909,-0.67498144637861957,-0.13976074623423521,0.13783158043305319,-0.056806226440601487,0.98882531726938805,-10.577036007799297,1.0987946820439674,-1.8795002710565982,,0.1803390651592295,0.7333333333333333,False,6
-0.30329009994466016,-0.94190593515933607,-0.14432021544875612,0.94773495083582127,-0.28242182185380954,-0.14844654763583581,0.099063506094734716,-0.18179968056185442,0.97833291772679631,5.2919115577147746,-1.1228685567198304,-2.8897816698066001,,0.3286056798331237,0.3111111111111111,False,2
-0.98761062265167165,0.12195749218556906,0.098750332279873676,-0.13497079510413021,-0.98118006690371573,-0.13808895965927037,0.080050874414571718,-0.14970653429502503,0.98548455649737898,9.229829318200947,-1.9517482132467787,-3.2066018359981223,,0.08225245669663105,0.2127659574468085,False,5
-0.35860959365724476,0.90989743244837029,0.20853254364930454,-0.93108142476907796,-0.33261692350446825,-0.14984446152062408,-0.06698163768503157,-0.24789643930941407,0.96646821757921508,-13.973008089152868,1.3211166556574132,-1.6671036538659936,,0.186655104566043,0.3333333333333333,False,2
0.47223453092210815,0.81541023973106341,0.33481440940692364,-0.87256291888484294,0.4862966138431794,0.04636330393555943,-0.12501400078367225,-0.314040991442818,0.94114279219556907,-9.6627150919574749,3.007052107310979,-1.803902840770335,,0.6028922346310714,0.2888888888888889,False,2
0.82618796381277126,-0.56269931295516284,0.027980915830170844,0.5625335706815412,0.82665203739762261,0.014226416366566075,-0.031135675794542964,0.0039865105226396941,0.99950721729593817,-1.2514560292494092,7.309762631393709,-1.7054849101698397,0.4530313991823419,0.4007073429605543,0.25,True,2
-0.32088308008982641,-0.94451842593475055,0.07013552581828629,0.94040010567852972,-0.32653679077242648,-0.094980869188771133,0.11261301057993238,0.035477702036433897,0.99300535875006113,13.961640931062229,-17.227161602167662,-5.1302569284206836,0.1604805159495493,0.2036471207257037,0.8043478260869565,True,2
-0.36689521717350809,-0.9292449345928474,0.043494265699507664,0.92267167749877743,-0.36946411107498262,-0.11033243480121781,0.11859542637385494,-0.00034951553313246342,0.99294259787869688,5.7330121651904244,13.543909341003635,-1.3150923520099096,0.1530121274077466,0.1066228075975152,0.5757575757575758,True,4
-0.085065955445192465,0.97226698359103703,0.21785475859614298,-0.99298828582931309,-0.064712435707134836,-0.0989270684424291,-0.082085610370878276,-0.22474254889458978,0.97095455057711311,-0.35397284376110871,6.9713983912094015,-1.7608154965881411,,0.140130811898058,0.2142857142857143,False,3
0.9375296147970883,0.31994619085071013,0.13664792840926371,-0.32811885232933696,0.94372110224332262,0.041575232130750386,-0.11565569646368937,-0.083814772807470933,0.98974685841114418,5.0626639509324258,19.627645155997151,-0.84757171636047957,,0.1374186826389716,0.3571428571428572,False,1
-0.78249459786747022,-0.62186817463191624,0.031339714232812253,0.59986124712786693,-0.76638563512409497,-0.22982502576881619,0.16693917605650829,-0.16103736105452507,0.97272723815166584,-0.45761189319773532,11.713341814860975,-1.3266584156868289,,0.2518551020152071,0.3666666666666666,False,6
0.13075026687656441,-0.99116611764628182,0.022228246482873061,0.98806166711845134,0.12843262839097522,-0.085083499785159569,0.081477050037497042,0.03308756858068912,0.99612584703068729,-15.056138641091062,0.13309228181256963,-1.740406483528335,,0.1227826926470554,0.4444444444444444,False,1
0.31370417984766635,0.94365035888566839,0.10542147656456233,-0.94224822321797674,0.32309189497852486,-0.088203816480646582,-0.11729438771172632,-0.071663293073479101,0.99050815192869346,3.88626459153038,17.318512346363711,-0.97790787769731458,,0.09153660417195991,0.4285714285714285,False,1
0.92341318653779458,-0.37454967270127087,0.083789197439094201,0.38086379139894699,0.92121449241638498,-0.079414302006891022,-0.047443222164350513,0.10524448508778636,0.99331401833925137,-13.14847711944064,0.039401996744246104,-1.8348776584289044,,0.1991785951947107,0.4736842105263158,False,1
