axis_00,axis_01,axis_02,axis_10,axis_11,axis_12,axis_20,axis_21,axis_22,location_x,location_y,location_z,dbh,dbh_approximation,score,reconstructed,number_clusters
-0.96086595505478778,0.26622441437478095,0.076558328139097881,-0.27513491978150623,-0.88504452264407618,-0.37549563093935168,-0.032208575464821407,-0.38186483751259753,0.92365678340929347,-0.2511914522265748,-13.175386810615748,-5.0976187574053204,0.4752984851122185,0.2623465148022995,0.2424242424242424,True,6
-0.99187031919749791,-0.12623724891623858,0.016044528073852943,0.12093160390421352,-0.9743221223845866,-0.18992616725756575,0.039608295497376017,-0.18644183762786196,0.9816672675146797,5.0483603224255997,-12.759538233115729,-4.5468084838322902,0.2755935129008823,0.2425312872748894,0.986046511627907,True,5
-0.99571343683686553,-0.092223217803216045,0.0070448421229542257,0.08506610766328003,-0.94301381253358385,-0.32169660659990396,0.036311279646082703,-0.31971835647784547,0.94681659443715327,6.8098900618658593,-11.7940281960283,-4.2603836695581965,,0.2135640632339884,0.2328767123287671,False,5
-0.8339099634557372,-0.55189494025809227,0.0024794690493262356,0.54077225828847886,-0.81798479177036842,-0.1961281343865908,0.11027029298423291,-0.16221237730180343,0.98057514099393084,-1.2412692155037248,13.779837017763651,1.0689205627065177,0.2907991051088644,0.2811459446016195,0.9791666666666666,True,5
0.96491218029901848,0.2469925810473062,0.08910190356095625,-0.25769126220509253,0.95591248971743725,0.14080669510132809,-0.050395413419698512,-0.1588268771644207,0.98601943459368835,-14.510820958998442,10.15891531075793,-0.18383312062472806,,0.2483703366101781,0.2962962962962963,False,3
-0.82521573247135938,-0.56477874840340903,0.0066302514006290024,0.55360365400447742,-0.81110352988208156,-0.18876985481193051,0.11199102265203123,-0.15210532260478291,0.9819989723419501,-1.3174606387413368,-7.0065919671197223,-3.7977455017515589,0.2921119093504529,0.2517989462790772,0.9838129496402878,True,5
0.22251477169579897,0.91426484421036869,0.3385365135670852,-0.96414976199968838,0.25785580254761098,-0.062654780571574406,-0.14457666759581614,-0.3124582847893751,0.93886495698442762,-6.5098491418514266,-9.1067657933029764,-4.522519906286667,,0.4810339932986639,0.2920353982300885,False,2
0.94130001075615644,-0.33742717553329249,0.0098585476660804604,0.33515197821112724,0.93066553916100847,-0.14674742150824166,0.040341557377322229,0.14143746119672174,0.98912486740481742,-11.591568015454154,-11.088093501959577,-5.2458264596828341,0.2280493583908228,0.2382464981271202,0.9724770642201835,True,5
-0.45720870797910834,-0.88935335935907933,-0.0032862660871589358,0.87486525147077643,-0.44908997063806155,-0.18146346751145584,0.15990931529166924,-0.085841717533063785,0.98339219562386404,8.2621856002091558,-3.1353177246588078,-2.4711676854430498,0.24978696729311,0.2155215151138576,0.9162790697674419,True,5
-0.99928229298321591,0.031715040806462459,0.02071364566779511,-0.035469744916180712,-0.97535470188447426,-0.21777305321694446,0.013296470425929612,-0.21835146369670497,0.97577960737848957,17.306540474860228,-16.481674028464333,-5.2086871125067811,0.3008679967505489,0.2795775483176418,0.9,True,5
-0.70683150523495708,-0.70590717025790228,-0.045654027048729111,0.68861566020767717,-0.67187792626865284,-0.27274259790080529,0.16185702247363321,-0.22422113899321855,0.96100321805109157,-5.8781958484648413,-8.5932666119028021,-4.4014574919353011,,0.2678634903674649,0.4606741573033708,False,6
-0.98220071239772777,-0.18751999965811197,0.010863254283026782,0.18134825682246969,-0.96176383003286325,-0.20523923842182185,0.048934346964555925,-0.19961609396223437,0.97865154407399413,4.9556282460008791,2.0503157584327463,-1.3578798363604141,,0.2464589278188107,0.9884169884169884,False,5
-0.98745087708251134,0.15480760716270309,0.031230915989378653,-0.15789852583949568,-0.96405974136902106,-0.21367468406249907,-0.0029699977595240429,-0.21592456978318339,0.97640553013451026,21.829881198619727,5.0251174705912272,-0.65414664750156626,0.2231042618004319,0.2489195706754116,0.9807692307692307,True,5
-0.4827870113199122,-0.86878220555572927,-0.11015525866026041,0.86148609565736667,-0.44855748319617711,-0.237987166161827,0.15734804952655959,-0.20979433638311895,0.9650015169582653,-2.6890855433697167,-18.97977264868058,-6.2591030269196457,,0.0789092480834645,0.2333333333333333,False,1
-0.57326367298440417,0.73230209372916932,0.36756279022270982,-0.80918653206760227,-0.43547038900230178,-0.39443972495501789,-0.1287863251934625,-0.52354482503607824,0.84220834632595809,7.8827511597443864,-2.8815652550411759,-2.3848752061683873,,0.5850534721507188,0.2397959183673469,False,1
-0.98782225707161309,-0.15468836107639525,0.016694291882056431,0.14865805715906763,-0.97004717920317263,-0.19211780802845965,0.045912639606495213,-0.18729650575349091,0.98122986524916633,3.3561462116306524,-16.07336429793282,-5.3339469251430041,0.2670213385079894,0.2597990927681215,1.0,True,5
-0.65894408544504279,-0.72727787482589856,-0.1919885023789718,0.73913697085549868,-0.57871384902551415,-0.3446256218864634,0.1395321847157619,-0.36899481532238182,0.91889803334953735,-8.8238444377556817,-2.8019995958424486,-3.2411759284341897,,0.1823342944391224,0.2419354838709677,False,1
-0.9978317583542422,0.063041509885230163,0.018908993920143315,-0.065448475732693953,-0.98075346456044077,-0.18395417575298229,0.0069483123093718735,-0.1847928834779157,0.98275292478423526,-0.71911250535029225,1.5879193976193837,-1.8218445136806729,,0.07797497258617135,0.4180790960451977,False,3
-0.99776316323673453,-0.064608738493456053,0.017157534732869142,0.060176419145631398,-0.97986743121238207,-0.19036442899884742,0.029111315096276333,-0.18890613584405391,0.98156355024717235,-3.1456204655664002,4.6787657300984016,-1.1306391625022294,0.2932789079157623,0.260532435539475,0.959349593495935,True,5
-0.99983958329756317,0.0034479493497825147,0.017576100723276141,-0.0072177105078301169,-0.97565500996643872,-0.21919216724694288,0.016392447235802621,-0.2192838643691504,0.97552338490727708,-4.6896656542853972,-7.6617903822623541,-4.1894038637079696,0.307720049553512,0.2567255337033776,0.9490616621983914,True,5
-0.99881093442660174,-0.045196660803947179,0.018275095677782953,0.040889575566974479,-0.98077694424114903,-0.19079996922155665,0.02654731398488084,-0.18982583464103939,0.98145880841888689,-5.5019473835021051,0.47780584116709607,-2.2444246395522107,,0.2365746476462542,0.974025974025974,False,5
-0.5604994058654954,-0.82599819295988131,-0.059727725985836755,0.81358881696259666,-0.53573995362957738,-0.22595561289417584,0.15464039878967928,-0.1752417967038423,0.97230481833125759,0.76081146535178035,-13.115232890163233,-4.9747225281675425,,0.186777910736347,0.3235294117647059,False,6
0.30881956314360304,-0.90469690992398033,-0.29351997988858491,0.93825389965510597,0.34036186937187901,-0.06191459972951395,0.15591695610734649,-0.25627582611647354,0.95394580755226244,-11.230757152936416,-11.265215876213345,-5.2452728465128722,,0.1559016955568842,0.2631578947368421,False,1
-0.99383355449624489,0.10853322107344932,0.022702552296648002,-0.11086559748945128,-0.96908904607462099,-0.22039791303796152,-0.0019197006712581045,-0.22155577334297485,0.97514581168547809,-13.454005710539805,-5.1282740029564353,-4.1188048208250514,0.2732970528895489,0.233342992167194,0.8983050847457628,True,3
-0.030055328765950216,0.99832458998428997,0.049443808970075248,-0.98512487991906994,-0.021212352451187199,-0.17052567861739848,-0.16919115868510481,-0.053833531708269496,0.98411193605534808,-8.2952640553093762,2.5124667072173317,-1.9602361913800761,0.3280502308887295,0.3087676359355427,0.976897689768977,True,5
-0.83391683185843857,0.55077932898840742,0.034997832822389045,-0.54567017994786404,-0.81336495712413737,-0.20169655732836753,-0.082624283711569949,-0.18729542781800454,0.97882258375030362,6.6671222976343554,-22.992828142515453,-6.6907406707521684,0.3463910487867624,0.3116901289063814,0.9882352941176471,True,5
-0.85601138220159401,-0.51142933009943869,-0.075395980366031762,0.50590645497779085,-0.79876146534254677,-0.32563596284137786,0.10631637857414222,-0.31689140379294906,0.94248430535951766,-10.738704736839097,-21.824921570544792,-7.3586620672794369,,0.2524125907595436,0.4,False,2
-0.8399496778026464,0.54207917867299893,0.025193308802877484,-0.53735573645408241,-0.82435835998041973,-0.17799468202809646,-0.07571889631473179,-0.16304434482556951,0.98370889513172499,1.7602648649907529,5.7361139288216201,-0.67109696141354536,0.2378937069462501,0.2224529654494633,0.961864406779661,True,5
-0.92822227881793651,0.37022443688050577,0.036568667497600765,-0.36888879982133049,-0.90319872984876148,-0.21943816387757925,-0.048212596615574206,-0.21717716439832557,0.97494083143106036,19.102765985873123,22.294229169534326,2.9996014799179149,0.3105339606579768,0.3340891638992493,0.8688524590163934,True,3
-0.99817079560212441,-0.057825640999006285,0.017642506910161324,0.053408189370682001,-0.98015770413672376,-0.19088855473697439,0.028330692105319473,-0.189597126203114,0.98145315813866163,1.5609062720744866,-2.2489843454534557,-2.5824405263956036,,0.2402105811936408,0.9836512261580381,False,5
0.96339660216036704,0.26488531988301445,0.041264443002821775,-0.26374171384660816,0.96409017738333536,-0.03115185789360761,-0.048034314017313451,0.019128439127194301,0.99866250930604361,-12.948195725081602,-7.4854180015776892,-4.5672165581660211,,0.232511612313913,0.3829787234042553,False,3
-0.97641056417912564,0.17189158205133309,0.13067399962996853,-0.20272568140844852,-0.93812412445348015,-0.28075866009060713,0.074328381234111673,-0.30062669731459762,0.95084114372740269,-7.8310837421752284,-6.3461027649140132,-3.9903280773763501,0.6584944297920088,0.3611424942596577,0.4266666666666667,True,6
-0.94092524097295382,-0.33846530841095412,0.010046188444809701,0.33023684687297278,-0.92380086225313907,-0.1937410433226682,0.074855299527739547,-0.17897821627962721,0.98100126515207797,13.296222645228745,-20.144656271972053,-5.9046076985060374,0.5591779135511582,0.3424886139999641,0.9629629629629629,True,2
-0.10560332329435772,-0.9944040345552474,-0.002924751174564668,0.97967603642804657,-0.10353394236186006,-0.17180100822650446,0.17053680470156521,-0.021008066052275932,0.985127331568322,8.6312238923293432,-10.207672798719914,-3.9372522290896708,0.267003779091773,0.2628019487581107,0.948936170212766,True,5
-0.99724492552174293,0.070770297099197008,0.022228890427224805,-0.073920709514051677,-0.97309690761286127,-0.21821580396301835,0.0061876672561946428,-0.21925777852285794,0.97564734373191875,9.121859480464293,13.841359358442347,1.3270572617634533,0.2832281996756099,0.2447085788926621,0.926829268292683,True,5
-0.98419997813106619,-0.17668684975106771,0.011496093764925979,0.17041220707632454,-0.96287132703397871,-0.2093764247836904,0.04806331996631294,-0.20410919798203153,0.97776753503731506,11.039789083961654,8.1014845362999726,0.034195818287225413,0.2942856336624695,0.2704958840791639,0.9514563106796117,True,5
-0.72379033803858239,-0.68999543190948198,0.0058181187717082708,0.6775550601510093,-0.71228556129442777,-0.18321686504043286,0.13056296192165867,-0.12866850086765375,0.98305530356064585,-2.3926692735764266,9.8251834368422273,0.176608686479863,0.3949012186414862,0.3043233579045567,1.0,True,5
-0.98418015460797137,0.17560774513615651,0.02348069683857075,-0.17663406723792746,-0.96223786114887699,-0.20712002525739254,-0.013777865103762953,-0.20799090946440496,0.97803371721702592,12.869457552523485,16.404871998865218,1.8974643893790302,0.2924685131559163,0.2930247180120142,0.9714285714285714,True,5
-0.99506563464772524,-0.097594635478285341,0.017879313996341,0.091858340218346143,-0.97427763682859314,-0.20577932769844057,0.037502374264167429,-0.20312157320568455,0.97843507624317982,-2.836760584542545,-22.965226312694007,-7.1820121692006955,0.3486332064366021,0.2743298860267775,0.9230769230769231,True,4
-0.94848149440800755,0.31554750506166385,0.028506610021381166,-0.31470512344019902,-0.92788266349009874,-0.19998611970586483,-0.036654331886436201,-0.19865430990511784,0.97938395183404914,0.50775051251250236,1.1061196091993488,-1.9132522138560513,,0.2809781523194017,0.983941605839416,False,1
-0.99648108674065627,0.081308361787516562,0.020356671427098585,-0.083754948783067065,-0.97533216166147207,-0.20423585136578265,0.0032484338543938597,-0.20522213509314868,0.97871003006268542,19.066546231883525,2.6509312273421708,-1.1517049620709812,0.2244402176053402,0.2392905362598404,0.9464285714285714,True,5
0.22487939191112982,0.97015267608614453,0.090736123878932651,-0.95953689793369612,0.23668552632313269,-0.15254148004041979,-0.16946445231216059,-0.052761223564605206,0.98412298656748443,-7.6064290659211897,-6.9339199123921649,-4.0969104141315933,,0.2964676050952941,0.3214285714285715,False,1
-0.61912547652692351,-0.77214358647778836,-0.14310110473552409,0.77312012602681035,-0.56736384562175712,-0.28351990655609899,0.13772768439060493,-0.28616874137911774,0.94822915817321962,-10.532468409112548,-15.547241536357875,-6.1464574442638975,,0.2161029577692181,0.2564102564102564,False,3
-0.99347526189223456,0.11224792049456046,0.020181881795397334,-0.11398953959693049,-0.97164039420472637,-0.20717463457712204,-0.0036453903270293637,-0.20812339775799127,0.978095783875502,10.997270686230195,4.6360318824012685,-0.73903418813398569,0.2829725557900964,0.2342716981360291,0.9285714285714286,True,5
0.88619731590111472,0.46251289195806494,0.027131938048135292,-0.45403474418943318,0.87862731267713678,-0.14787324466105778,-0.092232143846363968,0.11872602996116952,0.9886340887563827,-13.836202417177926,4.3156789863255138,-1.7536911636854378,0.3698594074054837,0.3384367338620273,1.0,True,5
-0.97439731331558899,-0.22435128044443714,0.0147098187039393,0.21765054684517737,-0.9576533483956654,-0.1884895322413549,0.056374775044841688,-0.18046209371918256,0.98196502863856194,4.344186255810266,8.8582054506236219,0.087697118813825234,0.2560623317719979,0.2295855317318167,0.9528301886792453,True,5
-0.88184555047964908,0.42979908159173824,0.19396178634499672,-0.46715426969606322,-0.74035310593700498,-0.48336752769933444,-0.064150708522834929,-0.5168655801969475,0.85365956833136358,0.40204646235291897,-12.3591166493724,-4.8574948796940198,,0.3270533030737269,0.2291666666666667,False,1
0.86181107345353469,0.48005836676176661,0.16378534175832341,-0.49695649573407408,0.8637843551228519,0.083131397153587666,-0.10156729306511432,-0.1530377481114496,0.98298704601454479,13.739115429524308,-33.407482697809755,-8.7241221093543651,,0.3008524574152662,0.2608695652173913,False,1
-0.060771710700567291,0.99608132874482702,0.064255627803846346,-0.98427530904374794,-0.049105734585789457,-0.16967835111653043,-0.16585811763480598,-0.073556871580633967,0.98340249717900807,-16.853091434230439,-8.5226978359828642,-4.9168047085846469,,0.1649588660172816,0.5454545454545454,False,2
-0.99478191312866049,0.09981939754852405,0.021095809658120104,-0.10202418717947889,-0.9734913267896621,-0.20470882222236997,0.00010267642668062085,-0.20579291663794677,0.9785955573776115,16.244224769324621,9.0208716465469063,0.25972321466712622,0.2863072563973311,0.2892592031370448,0.9272727272727272,True,5
-0.95277354836623596,0.30200497227873502,0.03186788748144171,-0.30167671334957979,-0.92921872149267948,-0.21340976606074863,-0.034838572821009904,-0.21294497962250358,0.97644288593719819,9.2415223131868558,-17.36434247334471,-5.4479141118770711,0.268147632429871,0.2398756035670918,0.8736842105263158,True,5
-0.6879975830298648,0.72194894296073198,0.073817677442111512,-0.71761397495909962,-0.66163684280623059,-0.21740945514122711,-0.10811803128279016,-0.20254977659648624,0.97328519936976754,15.269690777427281,-10.537872396220711,-3.9284458518239469,0.3111802483107293,0.3396501605313376,1.0,True,5
0.99673663909975896,-0.078460862453869684,0.018972752544413631,0.080243302473690797,0.98863075980810089,-0.12716223169389906,-0.0087797883933725986,0.12826969176018169,0.99170045956000008,-2.7512576255191639,-19.189681748914193,-6.3650620455336302,,0.2118831869620807,0.575,False,5
-0.95826458768763345,-0.28586470871818254,0.0032168763294142359,0.27830995188293434,-0.93539447419856947,-0.2181301178693591,0.065364750950101386,-0.20813107876588363,0.97591439347156916,9.2122219255351041,17.456339909410339,2.0458199651546578,0.2805923643262428,0.2440341197525684,0.9344262295081968,True,3
-0.79093349239959632,-0.6118722475635312,0.006046756331338797,0.60092916931883145,-0.77857515712793846,-0.18084484555824504,0.11536179637278952,-0.13940257302058359,0.98349304958036377,0.99354639439333492,23.159025367671866,3.2139960963647018,0.3437478353150302,0.2901120833546645,0.4285714285714285,True,5
-0.96513143442124949,0.2574732468383289,0.047210607436354218,-0.25966966745182118,-0.91892512147153949,-0.29689776848938476,-0.03306021925881944,-0.29880453191182466,0.95374151299579768,-4.5026813343792904,2.9941039392478612,-1.5359362798754472,,0.1479553513078642,0.1839080459770115,False,5
-0.97809472018924049,0.19894961446842338,0.061235359399591974,-0.20741301669577308,-0.90655531257710265,-0.36761026338146618,-0.017622679793109945,-0.37225866832230731,0.92796170449852722,-8.6273699950909144,-2.2095874479021558,-3.0451175032174551,,0.242022760087804,0.3191489361702128,False,1
-0.89252104594121406,0.43704067656665885,0.11136260403815856,-0.44767627029313539,-0.82855201931147859,-0.33628486185271528,-0.054700453091635064,-0.34999571186091588,0.93515285494433553,-2.4408788181205479,0.25451656772623943,-2.0814933969300693,,0.2659147955901363,0.4,False,4
-0.97962748158824398,0.19917033100933104,0.025713353781826521,-0.20010194065909467,-0.9572316424462205,-0.20896601648157226,-0.017006194798957541,-0.2098541444559674,0.97758479294285006,-4.4797178009993566,-11.815032615765695,-4.9048646256742439,0.2675893258423303,0.2496697156639215,0.983739837398374,True,5
-0.87208845441714822,-0.48894808338457846,-0.019786344454119347,0.47930681108806744,-0.84534544085707031,-0.23591537988599529,0.09862407676068477,-0.215222808681406,0.9715721456003098,0.019989364490123972,14.354705592306916,1.1830775274433523,,0.1504922168462835,0.1851851851851852,False,5
0.98424996961844058,0.17531605330657546,0.022721768397394187,-0.17052037334711365,0.97541721777131407,-0.13958529130545932,-0.046634746484352188,0.1335122942963492,0.98994932582029949,-5.5123609859130358,17.063998763687557,1.7483112642741396,0.2021053085282615,0.2769709289958814,0.9868421052631579,True,5
-0.47321884773709022,-0.88084990086282577,-0.012937321837645205,0.86625027780644226,-0.46260398548803267,-0.18870084475393875,0.1602322637506024,-0.10050375495740592,0.98194939629943212,1.3849983796342751,15.301589850252084,1.4013672026100252,0.2753198586317673,0.2379179366847429,0.8307692307692308,True,5
-0.25840849922695736,0.95089555231259337,0.17036048872728782,-0.95510590481338031,-0.22502811773608988,-0.19270458432213736,-0.14490603202726554,-0.21250881115916395,0.96635513506258797,-9.3701654274681694,-7.8841368149992324,-4.3355349515350072,,0.2877811312881924,0.2666666666666667,False,4
-0.45261102250148327,-0.89170407892915837,-0.0026641942989500088,0.87733418018171816,-0.44477888682921857,-0.18015681534661179,0.15946158971687721,-0.083878349125755022,0.98363429380685174,12.67312251236503,-7.2089856795333382,-3.2241735115645889,0.2617342644560198,0.2387652231431942,0.9516129032258065,True,5
0.99950425414207977,0.013949832507908147,-0.028224955710949299,-0.015334976383742691,0.99865792233844541,-0.04946910803692145,0.027496989856960613,0.049877412960776732,0.9983767621620333,-1.9079211269404734,2.539727799183404,-1.5388666162942455,,0.1569190669205701,0.3291139240506329,False,6
-0.064184072083927707,-0.98421056491480996,-0.16495444462273698,0.98183347674593335,-0.032703624027157159,-0.18690504786249845,0.17855931460362873,-0.17395412293349294,0.96842993256235177,-5.1662451261417068,5.1764903834246709,-1.0605007629900081,,0.5295770594522329,0.3251028806584362,False,5
-0.83147991202206961,0.55462173392139302,0.032185216572203315,-0.54979728124505078,-0.81316175805100921,-0.19102592698098181,-0.079775343555028175,-0.1765295655277615,0.9810571884733621,-7.6555185984750862,-3.0563484621484363,-3.2345519593502794,0.3037904824689598,0.2964007002110181,0.9632034632034632,True,5
-0.16114351498861057,-0.98377013462524632,-0.078924582967159831,0.97255028059923487,-0.14468500307601254,-0.18224215097293872,0.16786518186766591,-0.10612526609775326,0.98008097043673703,-9.9406079901903066,-1.3705667711384171,-3.062108220930305,0.2123273574856606,0.286220230113822,0.7711864406779662,True,6
-0.82588999470243485,-0.56382325730218807,0.0030085171700405984,0.55295208449518118,-0.81098593426809584,-0.19116957569586665,0.11022571797382774,-0.15622147401831257,0.98155241436853458,5.4099025055232355,-8.6188476037092805,-3.6525267241576223,0.2572284843992766,0.2126817926652247,0.9722222222222222,True,5
-0.67250334082287044,0.73921144422510976,0.036134433836782234,-0.73145188826700291,-0.65641819785641664,-0.18464366946518895,-0.11277141363268366,-0.15060408443850687,0.98214103774240336,15.913372271624132,13.614998190183384,1.2684784851702675,0.2341845354967789,0.241680960970009,0.9827586206896551,True,5
-0.96606411886150978,-0.25817401335144669,0.0081423017839755765,0.25090167012130277,-0.94541033211558356,-0.20796070748928228,0.061387866705687966,-0.19886046052221856,0.9781032905896061,0.5428382873436286,-11.76811578886983,-4.6791126624924422,0.1960730552872525,0.1715903608626301,0.9038461538461539,True,5
-0.82847561195287323,0.55621868765716309,0.065183831586167987,-0.55333512696833687,-0.7950776148161981,-0.2483381236965416,-0.086304099915621532,-0.24181058272773581,0.96647775164181882,-15.372229976332417,10.388009776066445,-0.19883737144396799,,0.261943551505084,0.3720930232558139,True,4
-0.74839068476034498,0.64533963113768478,0.15312786633077943,-0.65512330287350062,-0.68319292815373334,-0.32258468803221524,-0.1035608082049163,-0.34173700912222421,0.9340722539504851,-8.8109353667564392,8.7221337346164844,-0.31458756615553707,,0.2940364381918983,0.7058823529411765,False,6
0.0093407086253396547,-0.993415090810572,-0.11418935376031723,0.98304610722015795,0.030034909632561571,-0.18088188212935277,0.18312045828270995,-0.11056383474349205,0.97685338521455878,-4.2697792472124139,-1.9919999534487891,-2.89901188250409,0.5411610948130534,0.5976714972088604,0.5593869731800766,True,6
0.71359645535397509,0.68190632127649253,0.16057355918520508,-0.68759058186163025,0.72563748415860296,-0.025873409500087319,-0.13416143500062944,-0.09194569368456379,0.9866847007891818,-8.5850792042684816,-14.078010823996538,-5.5683208502144241,,0.1258820076393362,0.3125,False,2
-0.97577825226143622,0.217526059244602,0.023221024161940579,-0.21798885365745613,-0.95792031762249508,-0.18673383401816884,-0.01837558420088212,-0.18727273863413957,0.98213606963075339,16.478697630391348,-4.3084605127352731,-2.6130161064061586,0.1887475370434187,0.2308485964816425,0.9,True,5
-0.98544488730826385,-0.16965352650905532,0.010772883599240203,0.1638338357175439,-0.96472576032512336,-0.2060647510837019,0.045352490031731793,-0.20130049256808208,0.97847905615795749,14.306153865603841,0.089792380496308388,-1.6711362419581153,0.4502628461167518,0.3390117870662528,0.9722222222222222,True,6
-0.47769531735371384,-0.8666625776718907,-0.14388592787847054,0.86317510945211129,-0.43252784673460565,-0.26047723935396166,0.16351120512267689,-0.24862750906172743,0.95469809235018899,-8.4452584592427975,7.7671534018847623,-0.50682092085861408,,0.4550868320809526,0.3563218390804598,False,5
-0.95201788777412433,-0.30577008736701927,0.012907169699856886,0.29824551100620578,-0.93639748918550481,-0.1849577179025797,0.068640778861713478,-0.17223355050235856,0.98266171572856631,7.6057313141840819,-6.3520614777711986,-3.073639582394879,0.2354056086159936,0.2264127469583779,0.9896907216494846,True,5
-0.78632599836318584,-0.61639614982988311,-0.041799650393698422,0.60750645780690227,-0.75913206355583196,-0.23378283470857106,0.11237138435139855,-0.20922307845063537,0.97138991935400976,19.619655537662524,-7.2390310158635369,-3.2535392508101357,,0.2504647876265458,0.8947368421052632,False,2
-0.94866281824548748,0.31499646987205676,0.028567135779940422,-0.30627902784211419,-0.89234112456742187,-0.33154256817162492,-0.078943108518835389,-0.32327162166495449,0.94300765863459013,-7.5274335873773808,5.8998303513421186,-0.96838863031492317,,0.5438095929931858,0.2654320987654321,False,4
0.79315754463789123,0.60503264187687011,0.06954575218866095,-0.59754944807481125,0.79518795058614977,-0.10300864210389109,-0.11762553502313974,0.040145055811323618,0.99224624363331604,-16.293159579145492,10.667821903156886,-0.13870434650899285,,0.2687571621735148,0.1428571428571428,False,1
0.99001293034823268,-0.13252596832472643,-0.048075622335022772,0.13230458021205627,0.99117863563551012,-0.0077724072616803808,0.048681575551924219,0.0013341586575274771,0.99881345817047318,1.6437904943814428,-15.125503181826533,-5.3614574925607057,,0.248871149873487,0.1777777777777778,False,4
-0.13241614703585716,-0.99002248316733266,-0.048181395033423349,0.9771792475763541,-0.12224414722146432,-0.17371553349141608,0.16609239028410833,-0.070084600971151434,0.98361652415787815,21.501410668779911,-2.9648853862380902,-2.3376466145545112,,0.1595192504294272,0.3461538461538461,False,3
0.071457457669586416,0.9954137961821804,0.063601934825752632,-0.9832864646483791,0.081005070071622581,-0.16305185390538468,-0.16745614405775217,-0.050887650691219324,0.98456532887586334,-20.008863966650949,-12.837892131572104,-5.9582082085058277,,0.2703716136143474,0.8913043478260869,False,3
-0.54121187988802988,-0.83847633527864585,-0.063617106549704747,0.82387005482831843,-0.5135974109252941,-0.23969946234403219,0.16830874553999894,-0.18214042568448799,0.96876056459076876,-8.1460527852443327,-1.0876717036728047,-2.6961611826237619,,0.1922422402234325,0.4430379746835443,False,3
0.47238050683476596,-0.85429327853538073,-0.21688626284714241,0.87062891602444203,0.49060594999657725,-0.036209010067397601,0.13733880494832743,-0.17172302139557738,0.97552511837376021,-9.1056268873181896,-0.96975788960726905,-2.8689219603430178,,0.2023540951487967,0.1555555555555556,False,3
-0.99325653313459028,-0.11562253620332237,-0.0085374766392520285,0.10977319137350586,-0.91420246493730228,-0.39010729236741504,0.037300212346982657,-0.38841380282434823,0.92072982570045925,14.750911715061251,-11.152321490827539,-4.0399023142058033,,0.2641200527686673,0.1612903225806452,False,1
0.28604986440605429,0.89431357838512571,0.3440620563056449,-0.94340480981070218,0.32573289721908638,-0.062333333741203839,-0.16781787717436453,-0.30675935712745744,0.93687558240965918,15.772658747372692,-7.389014948884804,-3.2525898827617312,,0.1414106445122703,0.2,False,1
-0.93672575787743417,0.34484931972604294,0.060198016690192688,-0.34842962493520607,-0.90186542110489776,-0.25541252647980661,-0.033788326334090943,-0.26022626481539407,0.96495628921924226,-15.00923368850785,17.087598415734963,1.5201898117607484,,0.2433348539897578,0.7962962962962963,False,2
-0.96515462993056644,0.25719138698194094,0.0482610690504824,-0.26124723168146419,-0.9364236973120833,-0.23422327606610291,-0.015047400518408617,-0.23866975002013113,0.97098420489880555,-9.2245468093681069,-12.990624085875586,-5.3296484737178398,,0.1000293840960454,0.3157894736842105,False,2
-0.98828170471901833,0.15053379248795221,0.025275471051293973,-0.15243316244287936,-0.96467354359061819,-0.21486992642987976,-0.0079626066921232343,-0.21620483716955383,0.97631555620053123,-9.5086714581879939,15.972971746109009,1.2839161405384076,0.3012880291615588,0.247342462891133,0.967741935483871,True,1
-0.96693529212854146,-0.25501276831215097,0.0021514725340209782,0.24772260212291053,-0.94123020066006613,-0.22960666750524725,0.060577662828351891,-0.22148182174432354,0.97328112557629998,14.555656533675576,23.597122319315652,3.3295223626303629,,0.218659938259252,0.9117647058823529,False,1
-0.55447223043187677,0.82693638653005974,0.093470628073780954,-0.82177852395667539,-0.52634146712013141,-0.21827669952016251,-0.13130347765191683,-0.19784052320602818,0.97140029037162501,-19.57962354635923,5.0435830383116844,-1.7366350246166986,,0.3304784656895985,0.525,False,1
-0.95693154923396295,0.28939257427432835,0.023107315628760235,-0.28854560143914204,-0.9393152512638675,-0.18554863145068903,-0.031991342122731053,-0.18422485363809399,0.98236335300702826,-4.3622833186968792,25.604380089875221,3.4143629984830226,,0.3004235260610995,0.9047619047619048,False,1
-0.095909866316888609,-0.99526907866229997,-0.015516397835015395,0.98064190692433439,-0.091803909974291678,-0.17295517482064168,0.17071247150364591,-0.031804137657387932,0.98480746793522433,21.030815434609408,-11.371037365677539,-4.166157702012331,,0.1790981491978543,0.6363636363636364,False,1
-0.6195321148125521,-0.78465908790051486,-0.022137626137838123,0.77157708258071589,-0.60353105036493282,-0.20104496233835803,0.14439101201985374,-0.14163469568058856,0.97933183785035249,21.759250150623167,-17.992380549546418,-5.5104139451394341,,0.2142357558074878,0.6666666666666666,False,1
