axis_00,axis_01,axis_02,axis_10,axis_11,axis_12,axis_20,axis_21,axis_22,location_x,location_y,location_z,dbh,dbh_approximation,score,reconstructed,number_clusters
0.22765340030386905,-0.97275456078467382,0.043846251866080731,0.96514210969497261,0.21944253708177808,-0.14263828733075593,0.12913031179248813,0.074789955152613108,0.98880322874910054,6.9615616415264903,-9.992523141728558,-4.0280636268194092,0.2745236218611634,0.3032855705041863,0.9823529411764705,True,5
0.90395091641587932,-0.42092129020515057,0.075485151936814224,0.42725254562641257,0.8964340713608564,-0.11773367385395636,-0.018110852178811483,0.13867668569529246,0.99017209306156817,4.5972164169917695,10.25948854841843,-1.1464007575959052,,0.2598560404853629,0.6161616161616161,False,5
-0.60150543456314021,-0.79771509111776262,0.042916728603059819,0.78064668133111048,-0.59834512119720318,-0.18048233948569314,0.16965250106536187,-0.075058306285747431,0.98264148067328383,-14.027941082379749,-13.358681733630645,-4.0292134007647959,,0.1101291921520935,0.1923076923076923,False,2
0.67332676854537132,0.68595612995492927,0.27585367595430693,-0.72118033542124993,0.69155341634142231,0.040654595659050635,-0.16288028291337575,-0.22631407407353912,0.96033949898684023,13.193708111654342,-7.3026972577758835,-3.9876928707981634,,0.3493039617963344,0.1692307692307692,False,1
0.4748300937708631,-0.87901077264216376,-0.043317936568823698,0.87994170827568652,0.4750459682847839,0.0058239207789671787,0.015458722017708988,-0.040882631952939633,0.99904436253761064,-2.5734719701246189,5.040060286503973,-1.7250295506807307,,0.3237704649368607,0.1688888888888889,False,5
-0.53409853142377506,0.75256772323763932,0.385201999828509,-0.8393665520013176,-0.41759466981349636,-0.34796333589155115,-0.10100767353219389,-0.50917238110906293,0.85471687487924364,6.9765043220639402,-6.5717317265875463,-3.6247525149308695,,0.5644596127429448,0.2435897435897436,False,4
-0.083821593759719246,0.93626219993652404,0.34115543875131271,-0.98176380234282457,-0.018970587193502163,-0.18915589663262641,-0.17062759691485924,-0.35078940946321896,0.92077848225265713,8.8753677487941882,4.6523340522384888,-2.1980079884235226,,0.214701908246439,0.5454545454545454,False,3
0.18103290881174175,-0.9820037536804701,0.053811835915766638,0.97478614892051385,0.17190634044307812,-0.14226796543207468,0.13045708029797792,0.078210215911569569,0.98836436212926659,-20.491295793335219,-6.8583531018815505,-3.3690498779053715,0.3976185503269937,0.3303999765993195,0.8367346938775511,True,5
-0.97648503063465109,0.191274741950028,0.099453295764364791,-0.20999392825308438,-0.94828438155509198,-0.23803210244736916,0.04878047809608313,-0.25331937310562452,0.96615203781086689,-7.5144364234275143,24.311182856807303,1.383530544631761,,0.3829003970759591,0.55,False,2
0.36554008430000084,-0.92858622982600825,0.064094153769815018,0.92450047866692142,0.35421108862308187,-0.140830996733977,0.1080708643186612,0.1107344502581363,0.98795676515293263,7.7098279617248124,-4.1844781868519858,-3.3841364332205113,0.3156734485608622,0.299636606573887,1.0,True,5
0.31801843972645094,-0.94523498919121951,-0.073451257325043665,0.94145621993817652,0.32399096205418826,-0.093220397161364377,0.11191272462805404,-0.039505337815004732,0.99293246011521274,-3.9561711003481381,6.503165418395576,-1.5045832435172879,,0.3381471706933012,0.2608695652173913,False,6
-0.9971740087351777,0.0041858715584888913,0.075009831237734151,-0.028843926911536664,-0.94325617853694022,-0.330810836479418,0.069368755094346701,-0.33203954603508629,0.94071128178919838,-2.2776714623337879,2.7587156308637599,-2.1643139412890875,,0.3450023212653296,0.5392953929539296,False,5
-0.026419932407675505,-0.99824343341486832,0.053028622607682388,0.98844693157534813,-0.034006926108791302,-0.14770305493086336,0.14924694513072045,0.048513674574550185,0.98760911941335461,-10.231195032490056,-4.8396023217060966,-3.0510477135544813,0.2543234195387885,0.21257620095479,0.8175675675675675,True,5
-0.98859159996033241,-0.12847387170090666,0.078620053281897612,0.10678607439293933,-0.96594193361380987,-0.23569665929359201,0.10622326865435422,-0.22461221065782003,0.96864130204105559,-25.214245340031034,-4.7177475874762251,-3.0779584185826301,,0.2009422413310187,0.4545454545454545,False,5
0.2304098152941958,-0.97015675552477676,-0.075545924613659027,0.96978797643473802,0.23532781334245123,-0.06428142056672545,0.080141111663804054,-0.058452459119344075,0.99506819477068553,7.2281075650911637,-6.8741562325601659,-3.667802690873867,0.6921532085077488,0.4882386717577441,0.1704545454545454,True,3
0.103294430357979,0.97401370395827702,0.20156280698208801,-0.97857389780825021,0.13580397272914252,-0.15475919203507923,-0.17811060379828272,-0.18125833909770922,0.96717218080450951,7.4463784040703134,5.4260302644201497,-2.0118409038272986,,0.2286512816708866,0.2195121951219512,False,3
-0.030070509081959126,-0.99953887101427286,-0.0042201676585226361,0.98583189929122217,-0.028960576998905557,-0.16521728517244599,0.1650188802028868,-0.0091285437724034357,0.98624816292106821,-10.981115263411702,10.961262711855872,-0.81656943706657126,,0.1511745148714253,0.84,False,2
-0.93776584767782378,-0.34128919506324557,0.064163075535513869,0.32346215018920776,-0.9256723051277399,-0.19622186655536816,0.12636238492553348,-0.16325583864774965,0.97845801076150074,4.6768250351109399,5.1670670706444621,-1.9296173120080027,,0.07851162969183786,0.2027027027027027,False,5
-0.60345447719312151,0.70230097203703068,0.37764538740916509,-0.79439695532057741,-0.48844110660396001,-0.36105229919901649,-0.069109849753660413,-0.51787897240121761,0.85265772653022143,-11.032968030428599,-5.6206121601609356,-3.1224325519609222,,0.4379735747619817,0.1612903225806452,False,1
0.89719590032394692,-0.43501661856442342,0.076158111942695159,0.44155365321459927,0.88686085622658439,-0.13604481991568054,-0.0083598908331733793,0.15568674723888176,0.98777110150046032,11.911319989094535,0.42574278253501985,-2.9285166366234936,,0.2416478816064234,0.9919354838709677,True,5
-0.98665596378507048,0.094613271555138059,0.13250787890910107,-0.14169142185208769,-0.89986312390031165,-0.41251654417478645,0.080209414041551533,-0.42578713823929493,0.9012612067592306,7.9038232362616965,9.3625029291937523,-1.4046789069550276,,0.5831913953529216,0.163265306122449,False,3
0.23943702451592108,-0.97022119791530281,0.036616094914075782,0.96298012935083921,0.23250126808396906,-0.13642738293607762,0.12385145040088541,0.067926338449387877,0.98997314649360868,12.07303203023814,-9.7415257971770846,-4.1771828887944427,0.2811932090154587,0.2570673785107426,0.9285714285714286,True,5
0.37545334744463144,-0.9222153878419016,-0.09248547086019189,0.91384864232501906,0.38499205974950912,-0.12908048981371997,0.15464618589975093,-0.036054019990022709,0.98731183768311959,-1.8337655063529763,-11.626390887356374,-4.0148426426542656,,0.3026386297532674,0.3085106382978723,False,2
0.4247248121510282,-0.88703100033980986,-0.1810658399020339,0.89677691775487278,0.43963052942988062,-0.050161313532163923,0.12409671117859139,-0.14107091135084615,0.98219092046571987,8.7077456123342767,-1.8696538235690436,-3.124144079251213,,0.3802981323419191,0.2692307692307692,False,5
-0.36521824559500304,-0.93000691396728696,0.041264670815987614,0.91573986724921475,-0.36688171526365992,-0.16376294616177911,0.16743992539086691,-0.02202151171555887,0.98563630432673455,0.2013776751489133,-20.463039625217199,-5.2162414872146226,0.2948521294509134,0.2237637412843324,0.9696969696969697,True,5
-0.95999396498859535,-0.26993227177656726,0.074485943902302981,0.25294722116388396,-0.95004403213203337,-0.18284977526860002,0.12012198171419232,-0.15669366823152045,0.9803151553685201,13.377218855022189,-7.116929650084967,-3.9672285842130464,,0.146206996670797,0.4230769230769231,False,3
-0.63032411904564833,-0.77440123511616743,0.054719576020667446,0.75837289402493169,-0.62928427876254822,-0.1699171860364615,0.1660182476644575,-0.065605057372537329,0.98393796445180892,-9.8819562102158667,-15.922316025792229,-4.2779483631047235,0.2205257283642006,0.2305105872649875,1.0,True,5
0.35208543482638155,-0.93541480605530802,-0.032171216881368411,0.93003639943424232,0.35351097046499369,-0.10031096394855768,0.10520523898793341,0.0053976266459154626,0.99443588195322241,-10.405936078934596,8.755488939207595,-1.1461421158305949,,0.1493329126200502,0.1666666666666667,False,3
-0.44223731719682086,-0.89531636295952144,0.053242515863667114,0.88128757457400764,-0.44480115926573044,-0.15963752571787518,0.16660842169596829,-0.023675703427702283,0.98573885734873101,-8.1217570024323074,7.9970736902030568,-1.2174718997578975,0.4228045036468069,0.3481482748538526,0.9875,True,5
-0.0596150689979928,0.97712121470028146,0.20415723188516477,-0.98883759634050028,-0.029829005793665517,-0.14598095244553475,-0.13655127832396352,-0.21058101100528956,0.96799245151606617,-14.532772439035963,-10.76711785836452,-3.6782580199316568,,0.2541260650706911,0.2380952380952381,False,5
-0.37019362660428473,-0.92789564747620468,0.044343502526098005,0.91379389164969116,-0.37232570517424812,-0.16234005312987682,0.16714485455819403,-0.019576431268580399,0.98573797782854367,-14.849957696731396,-16.128971795528852,-4.2682758543154051,0.2864715668038984,0.2623662625879999,1.0,True,5
-0.26484889544937684,0.94729873142562038,0.18022257355464255,-0.95850349937924983,-0.2381768857952597,-0.15666145904659376,-0.10548035009887298,-0.21423558180723695,0.97107003415342674,-1.0333099877409015,2.3602759714990942,-2.1919509978042915,,0.173798239502862,0.248,False,3
0.93853933481656648,0.32643080308195743,0.11219112175812185,-0.32066466334630561,0.94484881871554527,-0.066594920623419374,-0.12774228228381529,0.026526224215053532,0.99145260539564628,-16.917657461987712,10.165165717721704,-0.85427657503261134,,0.1499364282555565,0.1578947368421053,False,4
-0.86527608862094962,-0.47826799121331587,-0.15018994321062179,0.49005877043585278,-0.74394416377936234,-0.45430109255594475,0.10554473923285052,-0.46669777132465984,0.87809651990021287,-12.799965372012421,6.6250990725769263,-1.4563375502021885,,0.3565325908599353,0.3448275862068966,False,4
-0.061821349777199289,-0.99643989894312224,0.057320576636545981,0.98654078255916211,-0.06971569409744241,-0.1479087771028772,0.15137835069547412,0.047405166287365685,0.98733851598627831,13.957498342949195,-4.0036533238866383,-3.5779564091925562,0.455618174825483,0.3877912073347882,1.0,True,5
-0.31504757419841722,-0.94760897959094204,0.052747016885378445,0.93443606499941467,-0.31943249868926599,-0.15745513395739685,0.16605501022282529,-0.00031714309953398412,0.98611643987926301,5.6664438889434532,3.2661258766796299,-2.294492934074194,,0.2603052676553314,0.9942028985507246,False,5
0.38956730021781449,-0.91991291587721757,0.044693912373826118,0.91527120159830855,0.38128558510796667,-0.12999973120612549,0.10254728726686291,0.091550695197533172,0.99050619588322475,3.7556711159686578,-19.496203841932211,-5.2066737509988608,0.2549757741533778,0.2486168147982386,0.9444444444444444,True,5
-0.30448759279837084,-0.95145519456978922,0.044947953880237118,0.93811236745757132,-0.30772446132155812,-0.15890513499415118,0.16502270102930075,-0.0062184106107063125,0.98627016558064484,-12.454903304529699,-11.566283199321756,-3.8317407891217683,0.3066367383752135,0.2933297241127948,0.9928571428571429,True,5
-0.1236801727244502,0.87320105761411959,0.471405481360191,-0.98302648266310744,-0.042942696308119921,-0.1783672033104412,-0.13550700815031619,-0.48546455876343003,0.86369092442075535,3.3490889977503278,9.1311411013048929,-1.2137371094568319,,0.3040043925165087,0.2083333333333333,False,3
-0.61134617460471796,0.76663070253631893,0.1962988046954138,-0.77702994038266004,-0.53451623246763358,-0.33244077514277182,-0.14993440747572917,-0.35576644467582558,0.92246946307052646,-12.428033671849548,-9.3518026224508262,-3.5360899972624793,,0.1267422206905717,0.2,False,2
-0.25436451573851787,-0.96686396926302565,0.021743000576185452,0.95193190903835079,-0.25427689258107872,-0.17078905835536284,0.17065852949006172,-0.022744820075289163,0.98506768268583067,-17.231882084797785,-10.578371873525249,-3.6950811460760158,0.3161910030586717,0.2788543345119489,0.9864864864864865,True,5
-0.31083106378989545,-0.94802810107878144,0.068020359806473571,0.93581734770359759,-0.31777180183237619,-0.15253515561079484,0.16622256621844786,0.016241968020077879,0.98595449030601245,-4.0803101251261777,14.549726316988048,-0.33401077927234535,,0.3126436379188701,0.9727272727272728,False,5
0.79019194599512066,-0.61285809015351256,0.0012844523470257468,0.61206895091804137,0.78906458458946926,-0.052427861569353099,0.031117323254595673,0.042214247358398217,0.99862388791447998,-3.5786772172278352,6.739330359999399,-1.4600992506360768,,0.2847741607864391,0.4,False,2
0.99303317424993054,0.068916398952938537,0.095580567033607913,-0.081803405413326161,0.98701636588967478,0.13822769740078336,-0.084813428782767694,-0.14508350499384468,0.98577759097922857,-10.1488000023624,0.5961591916060911,-2.3769322578811058,,0.3716450433892668,0.2083333333333333,False,3
-0.22486792319918206,-0.97402776482260145,0.026539225135154366,0.95441482152285328,-0.22566315932657133,-0.19536756890602708,0.19628236185044118,-0.018602469659648235,0.98037094130179891,-10.318093558150949,1.8570498205786405,-2.1130482770460177,0.362722150547678,0.3515114294116238,0.9836734693877551,True,7
0.92094321105928456,0.34891154931115709,0.17356362741399378,-0.35649004343563406,0.93420070230484076,0.013560853380353843,-0.15741172426180794,-0.074362480932468084,0.98472928792358683,-6.4396323308253596,4.6337991283077118,-1.7542199206888867,,0.236588038913816,0.2068965517241379,False,5
0.15242359944778752,-0.98624742432577428,0.06389886025711583,0.97938177295047391,0.14205635122220209,-0.14363612320660291,0.1325835176172683,0.084474913958004869,0.98756549138172145,-6.0640598691027465,-17.435310715979647,-4.4931736060064758,0.2084268943641942,0.2025937487413736,0.9333333333333333,True,5
-0.66323206807771784,-0.74725021875489517,0.041717315878588554,0.7303933904201102,-0.65841459483019327,-0.18170227446349779,0.16324435397271486,-0.09004072348306183,0.98246829415033898,3.8380101625984397,-23.243583404167232,-5.6809498336212627,0.2561632815163911,0.2923660107035864,0.96875,True,2
-0.60802393521742792,-0.79110677591292466,0.066760492114497638,0.77644456916524551,-0.61008071366791172,-0.15790932152424433,0.16565242291167609,-0.04417682554358425,0.98519423611203827,11.962216032221548,-19.921753111950618,-5.6685961884767906,0.2378521504634187,0.2464737662629349,0.90625,True,5
-0.19020683233648594,-0.98094010678510701,-0.039722384532448293,0.96915488451427467,-0.18115516248780417,-0.16709762693150726,0.15671684898135194,-0.070280253303762377,0.98513984552494682,21.812766289638581,7.7566063824608147,-2.3671118293227433,,0.2711069330416541,0.32,False,2
-0.57798748731767335,0.80392908757538695,0.14010170111175513,-0.8135860832961499,-0.55436997294479284,-0.17536139302600115,-0.063309948436498814,-0.21534148519826607,0.97448442531503421,-16.132142379829229,-7.3864531619210148,-3.431164454980804,0.3101529668875851,0.2885615832806327,0.9452054794520548,True,4
0.98640463546208212,0.13510184770218125,0.093559531242805263,-0.13016022140084368,0.98984894099421938,-0.05707355585125462,-0.10032054577104449,0.044119890753258978,0.99397647021250968,-21.39266019888019,-9.6328503574514741,-3.6139308945510744,,0.1594516985160897,0.25,False,1
-0.51185003520324424,-0.85638879783327415,0.067880545137164239,0.84257754930328999,-0.51586185501964932,-0.15475664750100321,0.16754884324429439,-0.02201757210428136,0.98561788318096832,-3.7281271688685069,3.347031787018683,-1.9989812004894445,0.3391905233216932,0.2800410628974991,0.9782178217821782,True,5
-0.37314406613610895,-0.92629116398472422,0.052423138319218882,0.91284783277923287,-0.37664909177936973,-0.1576207342072542,0.16574782079312236,-0.010960893467268834,0.98610725517903497,-15.974512729285822,-1.5651107975397642,-2.6378956805240312,0.3418854835207145,0.3167263084138323,0.9797979797979798,True,5
-0.53325702975657063,-0.83601703289743157,-0.12927668359211675,0.83289180561624665,-0.49210654375635976,-0.25322399122018385,0.14808166784754218,-0.24270696384229737,0.95873100990316651,5.7029633327472657,7.8397282238928208,-1.5407050914077942,,0.3745445605546583,0.1935483870967742,False,5
0.91574732374167622,-0.39745231219918015,0.058638712362083997,0.40146858679104042,0.91080285767033342,-0.096234756089260923,-0.015159580467893917,0.11166832132292585,0.99362989746331476,-2.4592440490054579,-28.668294114986477,-6.2274866283559449,,0.2240944932111239,0.4545454545454545,False,1
-0.46201703509179054,0.87320720070086555,0.1550788313379679,-0.88328571559863256,-0.4373524930295421,-0.16890571766597026,-0.079665575403704475,-0.21501623539863918,0.97335574925645485,-6.7123366897790184,8.9388312072668974,-1.0815449849715502,,0.21106679021568,0.15,False,4
-0.55498669450143923,-0.83174821517975417,0.013589535373233028,0.81906071608515352,-0.54922968172795128,-0.16578992754413627,0.14535925251748752,-0.080880549295288526,0.98606745431195064,-0.098074828212752249,6.2202108093006645,-1.5613636119136638,,0.2220174201714304,0.5657894736842105,False,5
0.1364198284673499,-0.98901189073094309,0.056965870429094304,0.98134273103618486,0.12705002850570041,-0.14430777698773992,0.13548459190395543,0.075589485045912896,0.98789177297268393,-0.94906169015172859,-5.645029726514859,-3.280816371084184,0.3229168430389345,0.2824003141839352,0.9608404966571156,True,5
-0.38820128415797428,-0.92157343102816214,-0.001474517236552314,0.90419175680522268,-0.38056920183590393,-0.19391840949086778,0.17814889812621512,-0.076612621916784626,0.98101655249004394,2.1191349243483395,8.4448505358197945,-1.2814976732577481,,0.2493653341418045,0.5306122448979592,False,6
0.97045672717012643,0.19158857754568326,0.14665455207482758,-0.21395443141753223,0.96429940290722005,0.15604538708202614,-0.11152238325577105,-0.18281268694158129,0.97680206773232847,7.9910196901770227,3.1894886421259008,-2.3484492432097337,,0.6616305947652626,0.3373493975903614,False,1
-0.99188071997607241,-0.10210907639499141,0.07580484059419218,0.064709419024598244,-0.91838439996595922,-0.39036237650248151,0.10947752476763459,-0.38228762786274928,0.91753519886368673,8.0986247360220833,3.8565511800122927,-2.2910001002948461,,0.3717749034859378,0.1862745098039216,False,7
-0.94811510689206158,0.27632698262763411,0.15722958613111665,-0.31687917952291761,-0.861462501339189,-0.39682482832014265,0.025793985111603211,-0.42605839677013219,0.90432787907579593,-8.0600696104452041,3.5299969689265969,-1.9295351693810898,,0.7457478963116809,0.16,False,3
0.96873951948088699,0.2123119293816341,0.12832532111079548,-0.22112922884580288,0.97347461811113567,0.058728460250887016,-0.11245269025684196,-0.085269059661916918,0.98999170699474648,0.70845807135882999,14.048159054017695,-0.47800496714654683,,0.2147940465171413,0.21875,False,1
0.21556000057218253,-0.97581516950812286,0.036313098341414191,0.96830371827326212,0.20879956948684622,-0.13707898803347454,0.12618159664346615,0.064710854884943977,0.98989429230022563,11.321908660942638,-22.667454383220782,-6.0069305228941348,0.266731816804082,0.2183824026925059,0.9787234042553191,True,3
-0.70665404412405819,0.68839447737364212,0.1635637656835528,-0.70524790433872264,-0.66659843734783064,-0.24139576788185524,-0.057144162859855685,-0.2859362985822208,0.95654324408473346,10.472661139231803,-2.804572316927449,-3.2849442955068571,,0.3896512738913645,0.25,False,3
0.89014392073679993,0.40450626163996262,0.20980582610924015,-0.43433265436484308,0.89243487088918039,0.12212758318006148,-0.1378366632203073,-0.19983664707724436,0.97008575330081903,-2.5046160832609576,10.731034829621457,-0.93377846200706072,,0.5177330706983806,0.3076923076923077,False,1
-0.12822051415303407,0.95677545272686049,0.26103684186268578,-0.98700552325016777,-0.097404500409029565,-0.12779851475557913,-0.096848318643103712,-0.2740311959602057,0.95683191147485525,-16.158002052562683,9.895984462609551,-0.90806332298162762,,0.2046831884412949,0.2777777777777778,False,5
-0.68925253000659292,-0.72404074306767729,0.026380907063955052,0.70670932766373562,-0.67988601868151355,-0.19574710162470368,0.15966488678661403,-0.1162755519419575,0.98029950522685216,1.2659516037194007,-4.009542553187381,-3.0850194112034117,,0.07256995954457783,0.1914893617021277,False,5
-0.55532608836423758,-0.83011672279822035,0.050191255342095724,0.81452463252662866,-0.55508934367823992,-0.16859846838633866,0.16781703903189785,-0.05274511413961637,0.98440611250893972,-2.9268423242635446,-10.649528551319575,-3.8456106927165195,0.2380540682539133,0.2581633838942403,0.985981308411215,True,5
-0.16135107110902913,-0.98641966887879573,0.030693137686061828,0.97385450637749538,-0.16418121194785773,-0.15700933109715928,0.15991632893552121,0.0045570267037973733,0.98712005412077752,-10.652655846873415,-5.5882123981226801,-3.1072119861350411,,0.08231724284574166,0.25,False,2
-0.59819298212909255,-0.80087387589724346,0.02768015601167851,0.78341896176180026,-0.59172392264411999,-0.19004612525047543,0.16858198742323272,-0.091999099321587063,0.98138487824117759,-13.398416500211109,11.501109741631792,-0.6410524271468121,,0.1835598186379466,0.3636363636363636,False,4
0.39869302231277121,0.89125891813037839,0.2161051013099361,-0.90396425792050306,0.42163946185677509,-0.071195397374870961,-0.15457197146101503,-0.16696617938432526,0.97377091791676473,2.5019105547249629,9.4902751739789988,-1.1647546598847396,,0.2339443817501768,0.2195121951219512,False,2
0.81307413945775953,-0.58050801272820085,-0.043827969418857221,0.58214234802856868,0.81133068350762683,0.053411690020378266,0.0045530623551683497,-0.06894178092712154,0.99761029488763209,-2.3859776377255635,10.968696617828254,-0.83199745502993261,,0.2239639517601146,0.2432432432432433,False,5
0.050825599547585011,-0.99732803707239048,0.052474230818189214,0.98826117202964847,0.042644874380187624,-0.14670129702113496,0.14407155961262361,0.059314426225245506,0.98778802612319405,-3.2429259424995815,-2.185946872590772,-2.8056492960903121,0.2977789932317898,0.2803938521422453,0.9343257443082311,True,5
0.031809312246296031,-0.99899778834031205,0.031489467216582627,0.98886608099681017,0.026873235405980567,-0.14636154916106286,0.14536864004464342,0.035794526257255418,0.98872984701666145,-5.5284758231228439,4.9920998512088532,-1.6912559431449461,,0.07986017883781492,0.3013698630136986,False,5
-0.95577886368360976,0.26995502637036944,0.11666639393176627,-0.28963061957839981,-0.93285428234917733,-0.21423583291652004,0.050998705261026976,-0.23855224090369814,0.969789647512039,18.503853076079675,-11.46863678453686,-4.7513608235585245,,0.2901591581267932,0.3611111111111111,False,3
0.32473703835426715,-0.94436833798847275,0.052098926340080287,0.93888707614504641,0.31522271496163573,-0.13829569125616883,0.11417930709504871,0.093824741817418469,0.98901971853658699,-7.1751497983511872,-10.760497354658899,-3.7155795059422156,0.3690050271414135,0.3010152443897187,0.9915254237288136,True,5
0.87818303033149814,0.40784721942662633,0.24991040563321082,-0.44883782582164528,0.88323499882809597,0.13579596075300429,-0.16534561182409785,-0.23142295143546643,0.9586992470005451,7.8519982971704287,7.0118587029962303,-1.7807685912567022,,0.3489800070478384,0.3064516129032258,False,4
0.46200876649032674,0.87785326250090678,0.1261806213433779,-0.87415887091701105,0.47475849998391206,-0.10222834778143861,-0.14964681113603329,-0.063071516626287516,0.98672580573697199,3.0513333969550391,6.9191283237760359,-1.5708506038707444,,0.0924898329867845,0.6875,False,4
-0.93027060736804745,-0.36196924154239729,-0.059790176821162624,0.34395627978053045,-0.8038008440785257,-0.48538467287110276,0.12763492729900283,-0.47210430122576896,0.87225389313978263,-9.1452010376936776,-8.1386982958883145,-3.440655407060258,,0.2256153887082143,0.4782608695652174,False,1
-0.8601355710207429,-0.50518149227437703,0.070416328562727254,0.48943365044333031,-0.85630781907048459,-0.1648988199244204,0.14360188466220211,-0.1073712198970655,0.98379363682597565,-18.094705168872544,14.754909998077238,-0.064196619188015183,,0.2985902818182533,0.9056603773584906,False,1
-0.36409931058868189,-0.92991846030004155,0.051801054256131115,0.91638345600943183,-0.3676240788608085,-0.15841053687792328,0.16635219740375032,-0.010207538143069364,0.98601356612574131,3.6302324744549637,-2.6968814724412864,-2.9850619217884047,0.3989299729944645,0.3244717814853262,0.9945553539019963,True,5
0.47185202571379836,-0.88048984640274852,0.045752554152207033,0.87681216565742115,0.46317166078988986,-0.12912179830020987,0.092499145860541337,0.10104277818231754,0.99057269546069704,-0.61567326893177499,-12.700701182774468,-4.1582127560614408,0.2689102995532608,0.2326586049003999,0.9635416666666666,True,5
-0.66123052616232103,-0.74859472072704492,0.048786631065268454,0.73033712861855926,-0.65723491666602896,-0.18614495125089189,0.17141140519900866,-0.08745403601090565,0.98131030859412949,-17.80207056216765,-18.120471215103013,-4.4235181157452725,0.2348465181922338,0.2285524297785544,0.6037735849056604,True,4
-0.067913919754545096,0.88187000855290754,0.4665758111159094,-0.98353714277835236,0.019315962987896305,-0.17967076097475135,-0.16745861661607392,-0.47109678579751074,0.86604008575370595,-0.79129872080414665,9.923446031903028,-1.0780037975682117,,0.4005519039237653,0.3166666666666667,False,5
-0.33538823601339085,-0.94189138866877831,-0.0188505462898714,0.92734909485701922,-0.32655315031603288,-0.18272026785921139,0.16594694155570805,-0.0787632653606678,0.98298421178472217,-16.538442712251221,-13.626018847792373,-3.947342390488584,,0.262655908441487,0.3548387096774194,False,1
-0.99590800413934633,0.015241719017704696,0.089078264984057187,-0.052316122779426974,-0.90095655908667738,-0.43074389367235799,0.07369036971350118,-0.43364152089033292,0.89806723621976525,17.943004300208049,3.7875907144552716,-2.7032864740275224,,0.3169888130660369,0.4117647058823529,False,5
0.93909518289499361,-0.34361470561676538,-0.0054010690907422415,0.34259914888429593,0.93485610332859626,0.093112240081688002,-0.026945512561006947,-0.089291657802828855,0.99564096902430044,-18.582573861115918,13.823992140365652,-0.23141147171688414,,0.2991036994507467,0.3692307692307693,False,2
-0.025405950170070236,0.89409260093162979,0.44716099858470321,-0.98981393717534916,0.040181154971760669,-0.13657907804114461,-0.14008178850011027,-0.4460761098113733,0.8839644771064965,9.1210818993437321,3.6769173338919825,-2.355034454990895,,0.1872743830975494,0.3809523809523809,False,2
-0.90321104395140128,0.39964200328618193,0.15651223368679548,-0.42900004402669251,-0.85166801498298816,-0.30103248077248412,0.012991239714461991,-0.33903961636414631,0.94068239391748865,0.73584140274606358,9.8120123635003775,-1.1059597410704394,,0.1824356413916957,0.2631578947368421,False,3
-0.29392105966812465,-0.95578206504953644,0.0095422645745122103,0.94123261571984318,-0.29115603906536447,-0.17119966127580305,0.16640785374719691,-0.041337695211649123,0.98519014467555455,1.9681544357308807,-5.2736537898324682,-3.2972840836533872,,0.07406790791467409,0.1481481481481481,False,3
0.88159853015569045,0.39429623453635881,0.2594504019225522,-0.44781615576290085,0.87242325753021732,0.19580181398061855,-0.14914664684485068,-0.2888046730072284,0.94569928549413862,3.1896035664641218,-5.5724758837295507,-3.4132799253028527,,0.5676003991174614,0.33125,False,2
0.45528561877842666,-0.89016809279015419,0.017769972197052029,0.88569667617700276,0.45078133981938845,-0.1110746662369335,0.090864751925893661,0.066309503458976196,0.99365318225650023,2.7875949862394336,-1.6299374969114679,-2.8813994702603516,,0.4202696202056193,0.4159900062460962,False,4
0.60264137347235947,0.73690569848432275,0.30625702689192452,-0.7825490247399397,0.62089516160537384,0.045893596215665328,-0.15633425362958042,-0.26731851757102332,0.95084194864641558,10.546296566349751,1.1974086513599504,-2.7387818206002184,,0.3622775747908603,0.3157894736842105,False,3
-0.97393998257901204,0.2032320902401844,0.10068578762963383,-0.22181141341236987,-0.94614187949583561,-0.23582883781271285,0.047335052698829233,-0.25201639105560891,0.96656460282037326,1.9445166413302144,-26.920374875988482,-6.1889311197655656,,0.2271898316281587,0.5641025641025641,False,2
-0.79528814269927361,0.56001933542466353,0.23215321241037995,-0.60577621042093377,-0.7192719364707405,-0.34012213143764181,-0.023493679362610986,-0.4111279914529663,0.91127483322752734,8.7858636379456367,-6.3735293551473795,-3.6506429133398206,,0.2677449467040442,0.1374045801526718,False,3
-0.55915714553739226,-0.82691929996599378,0.059563058502967378,0.81292083434668516,-0.56096174379749808,-0.15646609562701169,0.16279743142803763,-0.039069084189707837,0.98588569468321863,-30.469239762227659,-8.2832263747630179,-3.3488064853844759,0.2492396430069704,0.2743699181793787,0.6666666666666666,True,2
-0.38294534290384213,-0.90216701362606888,-0.19861405759231107,0.9114464211127048,-0.33399640760187382,-0.24023284777458667,0.15039376911662106,-0.27302212224298994,0.95017926465316704,-0.7161834418106181,10.792669870353658,-0.95429649468840982,,0.2692367065359376,0.5094339622641509,False,2
-0.69185250866914916,-0.70900453971087729,-0.13657477408940361,0.70442421493196961,-0.62126393178693284,-0.34324576104901727,0.15851382168657319,-0.33368201888925336,0.92926297602148622,6.7577877484044659,-7.6917567718407067,-3.7443982880967637,,0.1993865142355262,0.1333333333333333,False,3
0.9160283737309296,0.38513800742887411,0.11207467935972584,-0.38589476265737371,0.92240852748579727,-0.015739776843817749,-0.10944062624765059,-0.028830949606292615,0.99357512331545539,21.85229058336602,-0.29927550855905827,-3.4462554792549609,,0.2010032022474663,0.3076923076923077,False,2
0.45900700644314729,-0.88725926698386948,0.045646042406191842,0.8833883421768024,0.45033089717170799,-0.12971938929337637,0.094538907028918123,0.099865290285323691,0.99049952996152746,8.0336298873335288,-19.943221626787416,-5.4091262616179945,0.2485624556544154,0.1478067393800366,0.7741935483870968,True,3
0.29852626850086622,0.9424083403017105,0.15082634764763406,-0.94210428430726656,0.31626370418356281,-0.11143063719635635,-0.15271406125449868,-0.10882917598635107,0.98225995843732228,-19.613362716998459,8.3465535807618068,-1.1782112437760606,,0.1635610902344793,0.1666666666666667,False,3
-0.43965248076600133,0.88852736891946293,0.13124332682981871,-0.89288796699474315,-0.41655561348808373,-0.17097514225045071,-0.097245948770611587,-0.19235523271443394,0.97649510490072644,4.3995059374439354,11.205386674600705,-0.98195135572063019,,0.08362218105732194,0.2777777777777778,False,1
-0.30362715710995053,-0.95251007369404428,-0.023132422629204952,0.93742551825531117,-0.29429994675470716,-0.18606702841701625,0.17042284820144157,-0.078179926141838357,0.98226470564678525,-17.558991454537189,6.7086892348878475,-1.5317719037866799,,0.1017049990890815,0.3181818181818182,False,2
-0.20272509107634717,-0.97921828160266322,0.0058390430049573422,0.96454723608168658,-0.20070959563475632,-0.17136011084062569,0.16897090523301836,-0.029106961285225122,0.98519115809546054,-4.5852444551749638,11.066218184245917,-0.77933017552635453,,0.1903725796039965,0.58,False,2
0.58625228163423049,0.80318005954133076,0.10587754357673998,-0.79039122378832782,0.59573634428014222,-0.14275826232524247,-0.17773569038617359,7.6757709899094584e-06,0.9840782612699227,-17.044917113698752,3.9993085603129575,-2.0065899773291589,,0.2428854514591341,0.4516129032258064,False,2
-0.96007263671968246,-0.27392968622819591,0.056771993315721379,0.2542531553945972,-0.93905830056403405,-0.23135436264242029,0.11668703952885631,-0.20768253452014676,0.97121166573578632,-11.242545069708809,13.511370589542327,-0.34345257933755535,,0.1025431606523188,0.2727272727272727,False,1
0.011897935677233686,0.93547611555297383,0.35318957566233472,-0.96571248274400801,0.10235969263946973,-0.23858309662496613,-0.25934116487558445,-0.33824093565485669,0.90461883113734853,-18.001413906458517,6.3678871175848197,-1.6162357865067514,,0.3862212302945143,0.2692307692307692,False,2
-0.15703732646295543,-0.9851876909240338,0.06888027111689668,0.97480598881481373,-0.16581359760736128,-0.14919495641367109,0.15840632016475958,0.04371572371897884,0.98640578527885048,-14.486509353198256,4.2565922285444113,-1.8336799217215665,,0.06938817150780069,0.2222222222222222,False,1
0.36615122551173912,-0.9305536844424116,0.0017664730125020733,0.92427172345993192,0.36345787776809596,-0.11670540818967701,0.10795860905300096,0.044364529288208727,0.99316500505826177,13.489062773771908,-15.304952819918487,-5.0487800923381227,,0.1677144579296849,0.6190476190476191,False,1
-0.38803428885697022,0.90264721993287178,0.18616494573018721,-0.9156582075534998,-0.35458160109072157,-0.18931966381718746,-0.10487820369923309,-0.2439259816325407,0.96410615487788687,4.4246482788349741,12.244103407591908,-0.84914215026486906,,0.1089081652645658,0.2,False,1
