axis_00,axis_01,axis_02,axis_10,axis_11,axis_12,axis_20,axis_21,axis_22,location_x,location_y,location_z,dbh,dbh_approximation,score,reconstructed,number_clusters
-0.92233809968910785,-0.386283321653138,0.0088105206715395814,0.38605847276269512,-0.92225743573448582,-0.020001945919985512,0.015851986311518206,-0.015047180635225005,0.99976111991060657,16.255496829745894,9.0060620005531096,-1.512087423378953,0.2647704887390305,0.249716443631364,0.7910447761194029,True,2
-0.99457398418352072,0.10158381863378274,0.022434744863653794,-0.1026040226840355,-0.99344851143850099,-0.050323649009995614,0.017175695455277879,-0.052352487165425274,0.99848095253400893,-6.7431372022235685,6.3635514933429098,-1.4932230105144817,0.2996584268330943,0.2656941055107193,0.8245614035087719,True,5
-0.97969900475256733,0.19816554409772122,0.030336071256572388,-0.19971597765703955,-0.97790267142884602,-0.061805286835514575,0.017418046828582483,-0.066609176130480535,0.99762709932113247,13.388441552507757,-15.479758211176495,-2.5535259339119718,0.2516247154925844,0.2283229410594629,0.9230769230769231,True,5
-0.45786370970816376,0.88813961884761639,0.039608594591178665,-0.88901987854420084,-0.45751382494315274,-0.018020974977509516,0.0021163377642450989,-0.043463978408516658,0.99905275320944431,1.5612687524487017,19.723053952085507,-1.2194370535913204,0.1155741310346299,0.2226341922541277,0.9411764705882353,True,3
-0.97341123142018138,-0.21659909910255437,-0.074534588031394719,0.22552020304600887,-0.96321587723198265,-0.14613627840584506,-0.040139912345878132,-0.15905975014498677,0.98645262598904404,10.25086381038496,-15.801100264747378,-2.6058791430757471,,0.1853244257447666,0.34375,False,3
-0.89328320599330069,0.44571527692536494,0.058163612385037422,-0.44917971907816739,-0.88999344221351606,-0.078417171498321017,0.016813502288054141,-0.096174657432629138,0.9952224582516852,12.822557696309552,-10.881470435450423,-2.2849365715759991,0.2560356060804415,0.2111036107665556,0.9629629629629629,True,5
-0.99833138892900286,0.055200322050396759,0.016951764646231438,-0.055606659522929494,-0.99815174416592178,-0.024515200085468571,0.015567186508478329,-0.025416924756194052,0.99955572262888326,12.967661955505742,4.1476272520770952,-1.8034528806137611,0.2267245595854753,0.2450121553770646,1.0,True,5
-0.99439069623028165,0.10416658439542496,0.01834300809706842,-0.10469887838435168,-0.99402231341275227,-0.030948106608021289,0.015009600784733719,-0.032695001650917363,0.99935266485427054,8.7626873696996732,4.8945444186665688,-1.7022156572618785,,0.09458275378344735,0.5,False,5
-0.99987250027448316,-0.00086485377334553546,0.015944755338482428,-0.0018799596777512228,-0.98521223640940125,-0.17132809162771923,0.015857141812551337,-0.17133622284017125,0.98508499622946222,-8.5022423023052536,-23.53575544487861,-2.7983429700265132,,0.1668657435693364,0.2777777777777778,False,1
-0.95120967429453984,-0.2951742453885895,-0.089846092779550357,0.30607872784322931,-0.93945976791152741,-0.15404920265125971,-0.038935432325134432,-0.17403306965888782,0.98396977736857294,-16.646795095535804,12.581405414167476,-1.2940971574016824,,0.3352549978796169,0.8275862068965517,False,2
-0.99920518536371639,0.036184881217931064,0.016722796222655364,-0.037012200027132201,-0.9979535918332435,-0.052141400022235676,0.014801844189553099,-0.05271890475314759,0.99849968577371906,10.029919289333652,13.32059976871429,-1.2949944926181585,0.2327421811686619,0.1987875755256622,0.8695652173913043,True,5
-0.0037452808287930183,-0.99893101694349373,-0.046073813167042788,0.99999279873933467,-0.0037130751710093821,-0.00078456500560437209,0.00061265078720237421,-0.046076419793778717,0.99893772989010721,12.557457563091456,-8.8353481604948616,-2.2006246951573312,,0.1242830630282747,0.6857142857142857,False,4
-0.80132021772984152,0.5973139587409183,0.033195532088703808,-0.59813337094566532,-0.80097491162441303,-0.025993489751070104,0.011062514116371738,-0.040684464375437296,0.9991108022336207,-25.164026099191879,14.844197624204902,-1.3439149788467004,,0.353239088349083,0.4193548387096774,False,1
-0.7311359509265577,-0.68223002107096775,-0.0015555102782504431,0.68210913096805359,-0.73095936034668874,-0.020628789871615646,0.012936564950778254,-0.016143477663357116,0.99978599380877875,9.1709010742081425,-2.8234894413180887,-1.9809380672830428,0.289603942837005,0.2112701603757539,0.8975903614457831,True,5
-0.73894784531912727,-0.67376242512241913,0.00052572937480180326,0.67362200643918713,-0.73880933283663897,-0.019853517429517898,0.013764967819172146,-0.014316571050249971,0.99980276127559298,-13.661693098470613,9.4376313523068251,-1.3280251893825648,0.3043100304492911,0.2678438740691962,0.9456521739130435,True,4
0.59442272418240594,0.78705425401739082,0.16494613123288787,-0.80196759467764922,0.56509175255210753,0.19369896304455078,0.059241894487888511,-0.24742051740047177,0.96709538594017175,11.091587955835553,-11.260035689313002,-2.3900335745707317,,0.2566532724811109,0.3513513513513514,False,6
-0.7703238618279864,0.63567474085599973,0.050187366299432365,-0.63751227739433181,-0.76941743380419192,-0.039685119751154067,0.013388206373846056,-0.062565456889789817,0.99795106069098494,12.631175615624059,5.5842578628171147,-1.7308656519222918,0.1091523206253118,0.122133949478509,0.3684210526315789,True,3
0.99332306872229381,-0.11302275726177498,-0.02313303882049475,0.11515727782352612,0.95933671800718079,0.25770499189477425,-0.0069341552044846124,-0.25864825115232515,0.96594668572724196,5.391799009936399,9.4488529322756207,-1.5725086366177041,,0.4190644830403575,0.1818181818181818,False,2
0.93518424659432497,0.35180232701579661,0.04081112137732569,-0.35380842851591565,0.93317293913490496,0.063307673922047822,-0.015812047081336704,-0.073643658060913386,0.99715926049678938,-19.242770191991088,-22.471998471558638,-2.7769049914425188,,0.1834108832993037,0.5,False,1
-0.99249873441153702,-0.1217485137584106,0.011115826065456382,0.12131295643309395,-0.9920374141770929,-0.033836895163288132,0.015146907042747145,-0.032234581902782722,0.99936555020502538,-15.274483712064352,-7.79550644903206,-2.2515209580139164,0.2853670977944311,0.2595252853074345,1.0,True,5
0.5470990383281944,-0.83653045780185209,-0.029990589027046242,0.83703039145701807,0.54638419456163634,0.02905917601280579,-0.0079225019833653113,-0.041001281724550837,0.99912768396199891,14.402585704679998,-21.366756177469593,-2.868945238624077,,0.243074272902433,0.8863636363636364,False,3
-0.99251041439348553,-0.12177831677615356,0.0096498126219098958,0.12155007175474458,-0.99235273151473702,-0.021485723438047024,0.012192513148960988,-0.020151868856426884,0.99972258392251256,-28.599648125896078,-5.6919360089003295,-2.1855749089111516,0.3764978725878846,0.377746148564673,0.9242424242424242,True,2
-0.57187206681911962,-0.82034134095343292,-0.0015567641930766055,0.82023861182633007,-0.57176814693114364,-0.017023684211776208,0.013075123756372094,-0.011012287575734556,0.99985387465424458,5.9231211918408517,13.690836494694842,-1.3906147982953134,,0.1276804147119971,0.868421052631579,True,5
-0.98381115263077612,-0.17903952009142463,0.0077760018477771344,0.17859568917272503,-0.98310936189917686,-0.039994529064776421,0.014805261504735098,-0.037958303329130597,0.99916964097201766,-5.6163704427012124,-4.8728481179988439,-2.042785643238564,0.2742386623345907,0.2376787167198227,0.8086303939962477,True,5
0.46480462855102145,-0.86715506342677107,-0.17888195339625643,0.88541326205318005,0.45524550852552914,0.093781034051027265,0.00011250730917201739,-0.2019743125762426,0.97939081290435859,2.6340477912657145,15.408278444262672,-1.3151761963088571,,0.2586054748537133,0.4,False,4
0.90202957129033856,-0.42614019030546579,-0.068899860117346501,0.43166806353547271,0.8913068917485133,0.13868924848429948,0.002309857420678036,-0.15484367254759174,0.98793628419583379,0.85992080675702209,23.670865625110515,-1.1378480551680423,,0.2210170948131912,0.2142857142857143,False,3
-0.63137722845934308,-0.77539284608457626,-0.011345907802332113,0.77539557501098999,-0.63103378035410629,-0.023623511707241307,0.01115785088513537,-0.023712914052605838,0.99965654105335522,11.963802798597692,-9.9339373884076405,-2.2956191184121999,0.2335014323104621,0.1985904042470224,0.8584070796460177,True,5
-0.95698206541061159,-0.29001983998038228,0.0085917926064847782,0.28956177779234843,-0.95651270519998455,-0.035177004317335461,0.018420187951648834,-0.031175907505004801,0.9993441646735447,13.696937355874773,-7.9268997711406826,-2.1693300658915651,0.2923542853831788,0.2229379239364527,0.9514563106796117,True,5
-0.98502564893317346,-0.17206098091781979,0.010931138521634482,0.17169913673067147,-0.98474572653487114,-0.028200363778708843,0.015616574199344256,-0.025901214583626181,0.99954252020280276,8.6213869634278026,10.643458506795104,-1.4839665402562465,0.2915263451378606,0.26507748566845,1.0,True,5
-0.975158429060351,0.22023173825684164,0.023749098865385239,-0.22099075737375484,-0.97459765231167406,-0.036366210469981987,0.015136822253104013,-0.040711148017991389,0.99905629422927633,-11.247825567055408,7.8885627397641409,-1.3967627616638747,0.3092300381701003,0.270621160308426,0.9819819819819819,True,5
-0.77442881368070104,-0.6308280602741958,-0.048124535445017567,0.63252474524464208,-0.77043975674585385,-0.079592888366932846,0.013132371998366293,-0.092078985637800703,0.99566510494724625,17.713105695763943,7.3541671490028344,-1.5819916408365426,0.1772411527374165,0.2578892969557554,0.4285714285714285,True,4
-0.94069706924287666,0.33846325939651872,0.023057449046815053,-0.33895324053974224,-0.94053845299828998,-0.022318583270239983,0.014132397017820299,-0.028810422944965802,0.99948498482181436,-10.23671594802895,-2.3509198990515361,-1.9567271973671458,0.2467802025065667,0.236227138026375,0.9613733905579399,True,5
-0.91093564583739461,0.41146045326029368,0.029942353709113009,-0.41246732550386239,-0.90979402830816314,-0.046319881762541731,0.0081825750530631625,-0.054544673962161214,0.99847780346278181,-7.1901907596794024,-21.771104783858902,-2.72694056719252,0.1824886180906977,0.2248939581674637,0.4571428571428571,True,5
-0.83350001892311532,-0.55241760510646298,-0.010606979947488087,0.55232260478694606,-0.83253718081374484,-0.042680004733660133,0.014746480818471382,-0.04143225954666388,0.99903248654502141,-11.553021090840231,-27.0887346282679,-2.8743147115108663,,0.2814863165778844,0.8636363636363636,True,1
-0.98826738492914179,0.15226352336346671,0.011974779257180004,-0.15273341127863888,-0.98536960238401117,-0.075625734884137027,0.00028454262487362034,-0.076567396132548454,0.99706436747332194,-10.253310959489902,-20.672061169866886,-2.7321504707679698,0.2070561497256767,0.255166324578613,0.7959183673469388,True,5
-0.96949342225475788,-0.24491310495612936,0.010003760568103431,0.24254105739927029,-0.9644060339486511,-0.10533203292007212,0.035444882287852669,-0.099692390402574646,0.99438678974301487,-4.0690931940430399,-15.308463158936325,-2.44747310694967,,0.2420866552385908,0.9924812030075187,False,9
-0.99591989706658501,-0.089583585806185209,0.010878408936495387,0.088978560210537419,-0.99491758435093547,-0.04713614507106581,0.015045745237226217,-0.045975879582740631,0.99882923668004997,-10.029004359362357,-7.0078595897597342,-2.091389471822755,0.2933946228430982,0.2627252805834309,0.9588235294117647,True,5
-0.96540308772231531,-0.26072538501809089,0.0043762796286474278,0.26020750590921371,-0.96430812529932997,-0.049009114970565704,0.016998002374583276,-0.046174810111790407,0.99878874384246741,-4.592297332011797,-11.327552778280467,-2.2775247954168298,0.2305333239141957,0.2181471792058258,0.9103139013452914,True,5
-0.84234299718074768,0.53425632148014413,0.070911621466865388,-0.53850201010282917,-0.83965282077090653,-0.070701666788502066,0.021768330569152318,-0.097741104607859244,0.99497377666663556,21.662393277258264,1.9765554364271241,-1.9011599347269441,0.359712337187904,0.1964616304649211,0.8837209302325582,True,2
-0.86021628280983553,-0.50986996868442036,-0.0077821476841227373,0.50973096276488705,-0.85935580158490066,-0.041011606663906519,0.014222952844282407,-0.039245653467891148,0.99912836327284182,-16.787079612034599,1.8130364193685982,-1.7699528121306647,0.2636379880719097,0.2438195720264035,0.9285714285714286,True,5
-0.97762377347552853,-0.21022394200822508,0.0075928744221887591,0.20982833087186092,-0.97707981080088691,-0.035876383441367642,0.014960919055909998,-0.033480405192077276,0.99932739048280717,-6.0961292044994373,-0.70166679533117937,-1.8826587097461303,0.3279682221806877,0.2497124754751696,0.8942486085343229,True,5
0.67852330701117924,0.73353104475265873,0.039221527592465735,-0.73446751446363112,0.67838239256905086,0.018836126191620582,-0.012790310403957585,-0.041587688519123311,0.99905298764550388,9.6517226823168567,21.927562834542417,-1.1630292793831885,,0.2666721649758709,0.5185185185185185,False,1
-0.97645679252115147,0.21447357898900718,0.023091475807123091,-0.21514848037761808,-0.97604490087244289,-0.032364840059934813,0.015596914134100859,-0.03657096384496307,0.99920933786316479,13.186845702529611,-3.3338692100816711,-2.0285311188661086,0.1526958778055647,0.149304731494063,0.7333333333333333,True,5
-0.81748604571392991,0.57053179454142577,0.078803784682868722,-0.57497609672309069,-0.81637779977053759,-0.054127407465130555,0.033452253438035644,-0.08955869281737891,0.99541960362490389,18.280198013899952,-13.186170729901946,-2.4735557405730515,0.1622503620052397,0.2143982014884341,0.4074074074074074,True,3
0.99747426092214275,-0.049990097579990664,0.050458784584734628,0.037744609753668945,0.97484752867607971,0.21965345494365293,-0.060170119098842539,-0.21719412049612011,0.97427217490265428,10.706453389059392,-22.780973636655499,-2.903054488430802,,0.1637038435743972,0.25,False,2
-0.97862595214375503,0.19342830991075857,0.069833621671778215,-0.1999897888243643,-0.97425744426347838,-0.10405054859625895,0.047909604013347644,-0.11579257844207339,0.99211730587719371,11.740847508036959,18.778123150682074,-1.2129498931771157,,0.3372511285551439,0.3142857142857143,False,7
-0.55103527894942561,0.83308468789785406,0.048270323629174619,-0.83428930775286803,-0.55122847800621966,-0.010417101525300523,0.017929649253972335,-0.046011605330429424,0.99877998570883852,3.2569865360029779,15.902728744358726,-1.304026346513641,0.2068444157373551,0.1803478368698,0.78,True,5
-0.54267600941758343,0.83806139646748956,0.056176904093841462,-0.83994194407050804,-0.54141870776687051,-0.036923075049460234,-0.00052857701699349918,-0.067222605059710686,0.99773786235429796,16.305297841601025,-14.082472465625727,-2.5201054845952755,0.211406379932539,0.1503875607238869,0.6818181818181818,True,3
-0.7817519840270899,-0.62348802697705341,-0.011247919183958507,0.62345877482721446,-0.78109169668585898,-0.034567578152853759,0.0127668148203143,-0.03403588671779121,0.99933906500980751,-13.155624343154813,0.61761512556506148,-1.775385452048261,0.3062027944216286,0.2742293141792456,0.9915254237288136,True,5
-0.82361845100411535,-0.56701827540580718,-0.011955020761371327,0.56706708601587708,-0.82297555062946215,-0.033855029516968269,0.0093577306566478245,-0.034662925755874166,0.99935524937581599,2.3853257787106972,18.890270062073657,-1.2401243481793951,,0.2101780834496667,0.2352941176470588,True,5
0.41435476824824535,0.84365369512893174,0.34140674967733381,-0.91011118580451755,0.38524230054124425,0.15259750767028968,-0.0027848704524993662,-0.37394760671648725,0.92744564904234339,8.9370325155032173,-7.7094212470819734,-2.2804495262207696,,0.2134022657581257,0.2352941176470588,False,5
-0.61394219995691224,-0.77277155555512778,-0.16093196710714783,0.78926927373083999,-0.60391826222059608,-0.11107090573525195,-0.01135731730914322,-0.19520977301704126,0.9806957509147145,5.1372409401223909,10.530012029522325,-1.4975044385950791,,0.4994644229967899,0.1775700934579439,False,4
-0.99628265567302643,0.045146296887703059,0.073366762790987722,-0.052319431422454654,-0.99371213667187031,-0.098989224295662565,0.068436445704995255,-0.10245975457882615,0.9923801950819624,10.017899846052915,-16.940049197252076,-2.6612007950663856,0.484616005492283,0.2399086163985641,0.7704918032786885,True,7
0.41784953841432032,-0.90850002400266661,-0.0054285941176025927,0.90851579370351399,0.41783593201287356,0.0034909182470419589,-0.00090323762858090118,-0.0063906420716165514,0.99997917171094053,-21.970583445216871,-6.8466639266935427,-2.2039508744281946,0.250854494644509,0.2520841383834522,0.9183673469387755,True,4
-0.7800252217071767,-0.62531814858698731,-0.02319195007783147,0.62565610728561472,-0.77873932259045697,-0.046038058903130709,0.010727950264682181,-0.050421032308940926,0.99867043141569967,-15.404155898463639,-11.357832903562288,-2.4021844342874252,0.2708049162708481,0.2565716123166316,0.92,True,5
0.14434787476257177,0.98890343925247837,0.035123765261566249,-0.98951427262903491,0.14443511112046495,5.4213020084174779e-05,-0.0050194934965099311,-0.034763292569025286,0.99938296872360166,-7.2430152750327963,-23.729833253499201,-2.8061157169740669,,0.1138833954016237,0.25,False,1
-0.74493062671382648,0.66574705033210457,0.04311874717392214,-0.66704077967418685,-0.74438584881679115,-0.030762092467168371,0.011617212892915871,-0.05167758755406357,0.9985962483953128,-17.04293097256836,-1.8710807496974686,-2.0192122539625759,0.3037519273089685,0.2775934073843681,0.8875,True,5
0.66327495857230945,-0.7483716026571301,0.0025047289872878985,0.74832436037022898,0.6632648974180323,0.009504079625847775,-0.0087738821161901601,-0.0044294683027891364,0.99995169823505248,-14.910734757390518,5.6776375514210713,-1.5229978425693202,0.2258909314401563,0.2236311218844964,0.9384615384615385,True,5
-0.78313964104123757,-0.62171406506859783,-0.012803277927201154,0.62170666809357777,-0.78236270090016036,-0.037274965971663,0.013157563520035763,-0.037151386731668776,0.99922302464771606,-12.192084053960487,-16.190671362533571,-2.5740446774492627,0.4939795465266414,0.2993090915240518,0.9358974358974359,True,5
-0.96702440900928122,0.25264530914247546,0.032158049514150591,-0.25420393313354805,-0.9652242858987744,-0.061011788128500451,0.015625388305133235,-0.067174591025963043,0.99761887590442544,17.88101846760976,-4.8713977217709798,-2.1471191068372377,0.3190492320648202,0.2551023244395277,0.9803921568627451,True,4
-0.98461876122131908,0.1731634944948309,0.023244337489655591,-0.17397160970354419,-0.98397785316878039,-0.03900594173347801,0.016117508124771099,-0.042449836839455898,0.99896858673541422,-13.325249203550124,13.20482969038582,-1.223920874435636,,0.2264266031758925,1.0,False,5
-0.9747583191567184,0.22180176260145085,0.02549896746262011,-0.22273748239629915,-0.97393125046820794,-0.042964325866838342,0.015304678060269899,-0.047559409881989978,0.99875115487349952,14.659941901948084,-8.7383476825647737,-2.1994726277439836,0.1107191110923486,0.113478950327594,0.7142857142857143,True,5
-0.98919739236652371,0.14493686869885908,0.021950467581312388,-0.14568706667661097,-0.98861358201980731,-0.037662501896844898,0.016241845290277362,-0.040453547900459685,0.99904940464615211,-24.81874023105334,7.9058940025094175,-1.5710453264760036,0.3289031022520758,0.3241193949494734,0.7346938775510204,True,5
-0.78146099569913974,0.62310547247440595,0.032531252256227806,-0.62385356856937102,-0.78120827713067253,-0.022811241215448787,0.011199874292711177,-0.038120833083435918,0.99921037069320584,7.6996571392966047,5.4282402136471228,-1.6974770270885617,,0.1772528505903469,0.8527131782945736,False,5
-0.5475377115566219,-0.83674015412035407,-0.0082685492067294496,0.83670429510693767,-0.54732698842433014,-0.01894967788528646,0.011330356258308033,-0.017293993899618457,0.99978624755597645,15.108406149198817,-1.3831281725602498,-1.9920006897892768,0.1814735421804459,0.1174536612486216,0.7959183673469388,True,5
-0.84231462565503612,-0.53896610676153889,-0.0046483513127455744,0.53879617842762395,-0.84175746853453959,-0.033808908265615278,0.014309071227900748,-0.030982251832853511,0.99941750562613307,9.9000082398867004,-7.1635056170787283,-2.2213701651035529,0.1658865534039943,0.1971990426699934,0.7045454545454546,True,5
0.24682409772121391,0.90508796243190826,0.34625661733021684,-0.96897004466835146,0.23538513176018103,0.075438002900753268,-0.013225631157732533,-0.35413220696104147,0.93510184615012959,8.3571484309630808,4.5947308125370103,-1.7071298779327977,,0.1701121418653469,0.3636363636363636,False,4
0.44234725096011174,-0.89506425566678804,-0.056470238140902185,0.89677755953633931,0.44067125162748233,0.039985706210037018,-0.010904965844944332,-0.068328809566142734,0.9976032555596408,-4.3168910979468249,-8.1889799931142431,-2.1863149614177355,,0.1010873372127842,0.2058823529411765,False,7
-0.93128294240699205,-0.36429358957137548,0.0015039211999059374,0.36400802899432877,-0.93070138554380066,-0.035959501866843713,0.014499517558772254,-0.032941031314303398,0.99935211634664123,-7.4396300371229014,-13.655915886392565,-2.3566493436094977,0.2150604844562866,0.2172582457212749,0.9722222222222222,True,5
-0.68240301982742646,-0.70039859279473138,-0.20920786252330387,0.73096452001686418,-0.65546076664943276,-0.18990011548141258,-0.0041217723038755646,-0.28251193708319378,0.95925492774266052,-18.190162312665681,-19.052817003383918,-2.6410526018560705,,0.2991040296295167,0.3225806451612903,False,2
-0.99592270717983233,0.088429090929157725,0.017839764601476755,-0.088827850378025708,-0.99578241026810987,-0.022956576353025226,0.015734494615730416,-0.024447643609884582,0.9995772798543946,11.389709309894377,6.0989109889521442,-1.6772981068658994,0.2987414053170563,0.1954164738081073,0.9279279279279279,True,5
-0.95935852069435712,-0.28202422847455355,0.0096728136789582149,0.28176030019697379,-0.95922561233562842,-0.022301521747411374,0.015567980088829304,-0.01866974002689694,0.99970449574025722,9.5678369205369886,3.6349326274026907,-1.7616745949138108,0.200155505165196,0.2289031334419342,0.94375,True,5
-0.98140080871254887,-0.19182439623371988,0.0074735311550334811,0.19128993044451439,-0.98045699066411529,-0.045959242469837583,0.016143579804034351,-0.043674826472893419,0.99891535895874317,-5.2000538470042441,-19.46757020576333,-2.6216251320089272,0.1591345308679168,0.1984816833763948,0.5428571428571428,True,5
0.99055713463466022,-0.13694412374589246,0.0065475182963289427,0.13606181321681285,0.98779811537408546,0.075776422768283419,-0.01684476205009193,-0.074170008998746678,0.99710333654872552,8.117312526237173,12.525156556986481,-1.3931883069182907,0.1421635553766932,0.1465289681194734,0.5581395348837209,True,6
-0.7938752129625043,-0.60444734719257065,-0.066374322712946091,0.60784442518397164,-0.78578246484050462,-0.11432879218267125,0.016949956239048495,-0.13110805627819011,0.99122317192570164,9.8600297970122828,-13.708200826713497,-2.4923082391399052,,0.4076996438710103,0.9489795918367347,False,10
-0.40291008711799975,-0.91417761434131029,-0.044076650687141658,0.9150019089794037,-0.40124068358110226,-0.042159463983981502,0.02085589275511042,-0.057316692826787127,0.99813818104548357,14.449542110121838,-13.611513312010498,-2.4422395212924335,0.2212438080414866,0.1648130426097235,0.2727272727272727,True,5
-0.98573116028524599,0.16697653994340284,0.02128179389128302,-0.16766749776546772,-0.98517159785405861,-0.036394133795805146,0.014889252357615249,-0.03944309686382734,0.9991108808705973,9.6688013894324527,0.81772027897507082,-1.8501878631724782,0.3012047829177919,0.2313239339727658,0.8795180722891566,True,5
-0.69808124585604181,-0.71565787870258568,-0.022723882480570064,0.71597290821305126,-0.69732675998184812,-0.033439266112804782,0.0080851029072769223,-0.039613008774043834,0.99918238607715937,15.304659128649506,7.1378675320249618,-1.6362375034366616,,0.1543352544164461,0.625,False,4
-0.59832339819170277,-0.80015891771137593,-0.041890542886119236,0.80116925475547729,-0.59667786368360132,-0.045862318132950552,0.011701983203160595,-0.061001913059630417,0.99806905081370956,16.579518158904026,4.3357298693708257,-1.7556564650782336,,0.09438359895348986,0.2727272727272727,False,1
-0.73847018127431507,-0.67398947453540159,-0.019999489597808714,0.6741689592962482,-0.73746408430375121,-0.040533180031215886,0.012570031427697618,-0.043415579893887293,0.99897801864324498,8.5009877067071251,1.58603684599754,-1.8117676581557041,0.3176705823618506,0.2447592809005564,0.87,True,5
-0.99119790261640117,-0.13108951271959171,0.01850020280392304,0.12886717917201493,-0.98738223643028722,-0.092030263034344778,0.030330973955579536,-0.088836134747426534,0.99558433755360054,-8.6361700771184804,14.938929699362273,-1.2421778243069386,0.2142056106584543,0.2114149410328165,0.3392857142857143,True,5
-0.50522293341755442,0.84559345128627883,0.17239925374177456,-0.86297047398440641,-0.49633284361059404,-0.09452866964339568,0.0056345878367398978,-0.19653351748539247,0.98048091665505066,-19.577328998092881,18.407341900776956,-1.1727597992491035,,0.2210362161547728,0.1904761904761905,False,1
-0.76941043535291231,-0.63824972209894171,-0.025394373602530419,0.638704897257097,-0.76824569205161464,-0.043065193183547491,0.0079772294590431756,-0.04935431981862308,0.99874947555700777,14.59439466625448,0.96440214402926705,-1.9223986576878629,0.1464536605159395,0.1117320586734797,0.5116279069767442,True,4
-0.98278187158659414,-0.18452097857537683,0.0095813019124110568,0.18393539556146163,-0.98195056257732338,-0.044055225725525782,0.017537478165348355,-0.041534336634448971,0.99898315087890088,-24.580392992474074,-9.9593593887778695,-2.4048792571219701,0.2283354939460305,0.1917257137923221,0.5428571428571428,True,3
0.12082869775124694,-0.99266735271335194,-0.0034572614600680562,0.99265849567426678,0.12084522186890212,-0.0050540396869625318,0.0054347737247660306,-0.0028212069263449761,0.99998125183727282,8.7267870694482834,18.799218146656806,-1.1771674748797571,,0.273292668905041,0.717948717948718,True,4
-0.97288496712259498,0.23035762523119374,0.020741389652397656,-0.23119914365422692,-0.97109316058877848,-0.059371958290503853,0.0064650383154242781,-0.062557477215293866,0.9980204233000638,-23.33813361185091,12.826502649014168,-1.4381982093817474,0.2368559911937471,0.2364065434536839,0.8333333333333334,True,4
0.90061820978249318,-0.39386248504903482,-0.1837367221846968,0.43441398143139104,0.80307448124193115,0.40786746660518403,-0.013089421114203812,-0.44715066862188901,0.89436287188472507,17.982734330751494,-7.3583506616828966,-2.2189049697372005,,0.2013346551597181,0.3157894736842105,False,1
-0.69178715570973803,-0.72206393745017017,-0.0073621619778558821,0.7219850457185496,-0.69145659695551198,-0.02500736462498843,0.012966300698927746,-0.022615144497886701,0.9996601573962649,18.33480442208144,9.8639897559933072,-1.4874283319556749,,0.1727507989177224,0.696969696969697,False,1
-0.506703801171555,-0.80819158242113598,-0.30012934541946784,0.8617508929644494,-0.4646153702601602,-0.20375955485078268,0.025232050120274664,-0.36188247238797755,0.93188219203131761,10.837565504837205,-1.8139192532210577,-1.9373225001579126,,0.3605292662340009,0.2771084337349398,False,2
-0.90203831078613328,-0.42690393616314681,-0.063874213596035775,0.43023915085818398,-0.87720028094914193,-0.21310546724937957,0.034945084674798649,-0.21971048311621258,0.97493904664133368,-7.2935655491560567,12.980707135503906,-1.3008754447737167,,0.2424033692935177,0.16,False,4
-0.26689994749515233,0.95095239148716393,0.15637764274962621,-0.96301148015558025,-0.2694075929758713,-0.0053327230855065785,0.037058158557116229,-0.15201676871908593,0.98768294250359734,-29.65149828750398,-10.97181854861353,-2.5328654575980947,,0.3129484130328987,0.7857142857142857,False,3
-0.501467185958266,0.86197643895600984,0.074345679711835255,-0.86515874149756089,-0.50015506696650247,-0.036677799798930592,0.005568969155519481,-0.082713527747582505,0.99655780510219039,19.537438233689439,-4.3130479786767593,-2.1180764669246406,,0.2432405996412061,0.7058823529411765,False,1
-0.51033266038587455,-0.85822133673765499,-0.054924611165738914,0.85997647878341055,-0.50921496861741999,-0.033772350750959655,0.0010157178551757923,-0.064469007315082275,0.99791919282727792,-32.790518966094311,7.1064663524936371,-1.5504356312837733,,0.2935712421091201,0.7878787878787878,False,3
-0.99773577890286258,0.062798854164260121,0.024075286348336312,-0.064286561673152637,-0.99567840087070392,-0.067020594057364491,0.019762426099605278,-0.068416561994988231,0.99746108724072224,-24.739666103681813,-0.17482189868768794,-1.9458372645502104,,0.1842851780195679,0.4782608695652174,False,2
-0.89278956441636759,0.40579021069924992,0.19560444414657191,-0.44943794021537725,-0.83181401059729032,-0.32571611822108015,0.03053410493513968,-0.37870800978419755,0.92501238465282198,5.3409991094015856,4.4529624085532387,-1.7776507136892019,,0.4333523207016003,0.27734375,False,2
-0.17084254047019704,0.97126647963180668,0.16569324642038655,-0.98478928893856998,-0.17372750665613812,0.0029681345838727183,0.031668324198726339,-0.16266585067148945,0.98617287443316237,-11.863919352807624,18.390919194226218,-1.1524358570807782,,0.2734842852569906,0.16,False,2
4.6269673005965126e-05,0.90745183970432652,0.42015610965015243,-0.99999619245150817,0.0012012635760631114,-0.0024843607441657478,-0.0027591559585655396,-0.42015439493483148,0.90744844011951553,8.5325759439609943,-0.34795998410264461,-1.8829003160083215,,0.3786223827187625,0.1481481481481481,False,1
-0.023530924481526584,-0.99785571634745496,-0.061075894964804228,0.99971820664395394,-0.023295523640728771,-0.0045635384188520908,0.0031309579429915058,-0.061166068461291134,0.99812269244384355,22.466156853830917,-11.638510137971856,-2.468946081406894,,0.2139384379059863,0.5714285714285714,False,1
-0.97479508387142921,-0.21988667658115771,-0.037741143625838858,0.22309558172608449,-0.95942543855575979,-0.17242734489166051,0.0017046625451239208,-0.17650121051760825,0.9842989468710337,0.15136663829370675,21.285143804526591,-1.1941622077737379,,0.282852825883733,0.9487179487179487,False,2
-0.9889540296128182,-0.14598017693887488,0.025684922687503085,0.14419419744846362,-0.98764667713455956,-0.061335752765053542,0.03432143258609209,-0.056954623042884921,0.99778665564301883,15.125460168122565,17.140310349519986,-1.2762761030414624,0.2111045342121874,0.1750684458898252,0.9,True,2
-0.78372372769832621,0.58898392899210095,0.19716756840735264,-0.62101706516265898,-0.74855549576847358,-0.23238432505565731,0.010720234111171723,-0.30456953416887106,0.95242977454338285,1.4606759755451075,13.747942215495234,-1.3746535112178082,,0.5815206293002785,0.3229166666666667,False,1
-0.9245893632537826,0.37965554991578598,0.031562204867637576,-0.38074262231140649,-0.92370420655740026,-0.042492285695135079,0.013021709311698104,-0.051304992021296923,0.99859813382576279,2.9283331334735707,20.882799565572444,-1.2144802694855077,,0.1483983693395932,0.1935483870967742,True,2
0.22469676776645275,0.84066866885470715,0.49273476816778705,-0.97440867642387241,0.19709324371080786,0.10808322993614164,-0.0062525087113485724,-0.50441098569480636,0.8634410597401585,7.9114732980213303,3.932654028722752,-1.7233300374398781,,0.193030207843792,0.4047619047619048,False,1
-0.99885043283452357,-0.045351470539097084,0.01552600870237405,0.045196756992071721,-0.99892628575494025,-0.010174909593663604,0.0159707853183364,-0.0094614876093050432,0.99982769228929358,14.935305343688499,15.711745731946241,-1.3025695634547767,,0.1387884909419474,0.4705882352941176,False,1
-0.79084165858009825,-0.61137726303447737,-0.028059103669772132,0.61185526532694279,-0.78873012319718916,-0.059480476234170354,0.01423395046977227,-0.064207748798869993,0.99783503629017023,-21.565662170760632,-13.840749268660893,-2.422213220682413,,0.368536879059061,0.9615384615384616,False,1
-0.48506564167117255,0.87201185098455725,0.065625109619874361,-0.87446178421089593,-0.48414238374308272,-0.030376639351037037,0.0052831074975789472,-0.072121314505855502,0.99738187509555087,14.951104365356029,14.529512938958964,-1.3246614004761126,,0.1231113738034991,0.1052631578947368,False,1
-0.99625466560144527,-0.085413634976988034,0.013459280343701703,0.084966945626244142,-0.99590602433784003,-0.030851399296378906,0.016039308535574615,-0.029592256548218943,0.99943335892598906,13.191576811569769,19.132345937734836,-1.2274548756608272,,0.198864641365432,0.8636363636363636,False,1
-0.69239819333099417,-0.71878635316285722,-0.062697052393357544,0.72139892389504257,-0.68810498922231045,-0.078071226520650516,0.012974377636327793,-0.099285962321992438,0.99497435304169801,12.738474485570071,17.503448866728657,-1.2523698224062787,,0.1286804508662388,0.2258064516129032,False,1
-0.44326078978134581,0.89486289420126752,0.052347615267067375,-0.89638110409026084,-0.44279562360919472,-0.02080749726587533,0.0045594377222091496,-0.056146560841031132,0.99841212694627357,21.829954023748641,4.7691426137993629,-1.7650136049398188,,0.237351859334236,1.0,False,1
-0.90967295336888288,-0.41187674461546109,-0.053410346882465813,0.41503313067029335,-0.89666209167958733,-0.15409280901717393,0.015576211193681426,-0.16234112414837595,0.98661174788013362,18.294267062237523,19.703533496007314,-1.2557261443462437,,0.3329211376140359,0.3448275862068966,False,1
