axis_00,axis_01,axis_02,axis_10,axis_11,axis_12,axis_20,axis_21,axis_22,location_x,location_y,location_z,dbh,dbh_approximation,score,reconstructed,number_clusters
0.93971880243746075,0.31942070674919892,0.12206139621250897,-0.29707082067016993,0.93938424588469438,-0.1711904380799246,-0.1693443233529151,0.12460999431621422,0.97764761006441236,-7.9831487122850087,3.8454005582793855,-0.39601183429776643,,0.0829637348543219,0.4769230769230769,False,5
-0.14233602176657797,0.96348164508979195,0.22681176442753642,-0.95365911693965144,-0.072117711309080984,-0.29211868203424524,-0.26509384297932803,-0.25788011805993905,0.92909800297053891,4.2835037346523048,4.776526885322836,-1.2562900608195395,,0.1546407109059305,0.2222222222222222,False,5
0.26864711003934272,-0.95944312543202614,0.085426104492327001,0.94854794913637497,0.24807750791117852,-0.19675959508434554,0.16758734575344808,0.13388965281082718,0.97672311450764282,10.411982238695845,11.372426960716524,-0.30300613036395846,0.1648690326579688,0.170078902700886,0.5714285714285714,True,3
0.1318935240987005,-0.99066893572254633,0.034338871489650334,0.96814918508883419,0.12130337147645306,-0.21902659080639486,0.21281741872471763,0.062133339382354658,0.97511445196168911,-10.662119949933357,-0.57870421330235211,-0.76061666937855288,,0.1718346315365187,0.2692307692307692,False,3
0.35940377854019268,-0.93028563800757536,0.073468058963551602,0.92093751882841202,0.34087517760365865,-0.18888673777648884,0.1506751817161737,0.13554609920803326,0.97924677410971617,2.8953964894384954,-18.716155727900201,-4.573278391225795,0.3470848475113254,0.2901653386363797,0.990990990990991,True,5
0.70254416082942162,-0.70519408765885339,0.095566734879253282,0.70849401569396908,0.68048910168396259,-0.18700484543237983,0.066842589793619511,0.19908762196669003,0.97769943590519215,-12.038446664103276,-7.7083850269846215,-1.6332498091951904,0.2762250088533051,0.2418574871896154,0.97,True,5
-0.44121335212397789,0.84688796801863098,0.29683589326898663,-0.89375130143670212,-0.38487725204264683,-0.23038687471360594,-0.08086648927537661,-0.36694723120003975,0.92672020611773687,-4.2985312519576899,-6.0001059703000506,-2.2726450736747665,,0.4601762344809143,0.3008849557522124,False,6
0.98993857655899942,-0.099909768907333579,0.1001980674325948,0.096080053381204761,0.99447196449375452,0.042357232891199609,-0.10387607030788398,-0.032304023167674806,0.99406549688869872,-7.9912306718565258,2.027490328512469,-0.71031451147841873,,0.312460334225658,0.3728813559322034,False,4
-0.98425929981912041,-0.13429161895203398,0.11488860604436216,0.10308282569433649,-0.96427796234201379,-0.24401217672158432,0.14355334118872323,-0.22832821205618978,0.96294271159440148,2.4922115140129102,-2.7830498848334826,-2.309875695897996,,0.08228939103702235,0.1726618705035971,False,5
0.95727574996009734,-0.28515970295910659,0.04803209704569017,0.28418623833896878,0.95841243271150978,0.026149393162216594,-0.053491312164493841,-0.011382118971415396,0.99850344360479837,7.778201857740271,-4.9745462043019746,-3.1312991155004224,,0.2524964878453684,0.1891891891891892,False,1
0.25372401918863596,0.93839029395928186,0.2346226295347002,-0.93968469706528956,0.29664703041537349,-0.17027392474203318,-0.22938350461199233,-0.17726871001040448,0.95705747594549795,-2.5533949772977027,-5.6707659511594981,-2.3457057995706205,,0.2371889883901027,0.3230769230769231,False,5
0.38788281270322594,0.8759840154257531,0.28670355478788101,-0.86808460179405345,0.45174409667074528,-0.20580669389306053,-0.30980001248788491,-0.16905406189058508,0.93565200604754772,4.0785191433230592,-0.092024507903116393,-2.1147036728242776,,0.229400588724389,0.1798561151079137,False,4
-0.42465008130461634,-0.90533701177057024,0.0060994726261038718,0.87370300270118595,-0.41155938483847404,-0.25934906173400374,0.23730859975760252,-0.1048034726033,0.96576439187380247,16.788963884250549,6.964129637256983,-1.5187479480002366,,0.196879662534879,0.3636363636363636,False,4
0.74071684716982988,-0.67121667526225026,0.028402942958051694,0.66929705170566811,0.73361963916136064,-0.11765917565092955,0.05813784393050743,0.10616213961034596,0.99264776795017595,-9.1970886068292188,-2.912732082311384,-1.268135593130659,,0.1751972233936585,0.225,False,5
0.3510506861138748,-0.93334790561767189,0.075000685717418553,0.92479055457080783,0.3330499345668268,-0.18395698209540748,0.14671689049184275,0.13393815051783295,0.98006873528353455,-14.721490287386194,9.5707011232600188,1.4804044561166887,,0.1476776913706723,0.7142857142857143,False,4
-0.95474053315171592,-0.28284414661199625,0.092030989805117439,0.25135578746966064,-0.93265617639875698,-0.25879088996863525,0.1590307594859714,-0.22394563034938417,0.96153916830503217,-12.122534185221651,8.6436318179362885,1.0238089376222756,0.1273409105877779,0.1285680456950595,0.3703703703703703,True,5
0.96585946178313753,0.18823768634088608,0.1779945884711559,-0.1935159275426056,0.98101605744665077,0.01261272449366696,-0.17224135935166973,-0.046626907176632343,0.98395063171676911,-2.0102584613731578,10.197086592338545,0.18829653191823661,,0.3825424104048157,0.3555555555555556,False,5
-0.30750302850765299,0.88658568578116148,0.345554205916483,-0.92581598782291796,-0.19488228918523653,-0.32386054105648476,-0.21978772520343054,-0.41950770568592843,0.88074209659810865,-5.0191638538151766,3.8160228271108778,-0.71922154388374349,,0.5122184228772033,0.3125,False,7
-0.16815564848411491,-0.98139618155848296,0.092656422903728899,0.96051999259175302,-0.18425871318456313,-0.2084468048378445,0.22164165157845286,0.053946838999118542,0.97363479644452811,3.5726121844361765,-7.6400352540496357,-3.0639886323837922,0.2512439067534853,0.2510827560355081,0.9227053140096618,True,5
0.97982916870362113,0.15742925482232523,0.12308870737667062,-0.13761073427405418,0.97817969859446163,-0.15565270016998123,-0.14490716328093639,0.13557472841107876,0.9801129562688865,8.0496143619586071,-6.7666193244508284,-3.2829549814682379,0.2268432175099811,0.2072920643473199,0.8776978417266187,True,5
0.7098283277193691,-0.70001639978273034,0.078235447224051166,0.70177625834087931,0.69330219231945323,-0.16383575114764898,0.060446905596549041,0.17119903668030248,0.98338042559506822,7.1748001309555116,-4.3422317646650255,-3.0094083047325499,0.4877790060684957,0.2153631711882698,0.5657894736842105,True,5
-0.23225995753333059,-0.97150686108377271,0.047220027464750063,0.93770201872683734,-0.2365471817410966,-0.2544805589548248,0.25839937345556951,-0.014827328737873027,0.96592438323104246,-16.216338971426069,-5.4896539253694687,-0.87940278986322606,0.456069447411056,0.2262137111710817,0.8727272727272727,True,6
-0.94673382330853495,-0.3091155364970809,0.090236649426520016,0.26125525902554325,-0.9011429724653639,-0.34595813736315617,0.18825715772607216,-0.30395547087099772,0.93390059122611668,-3.0230029655416812,-18.195650272808226,-4.0819314446858579,,0.2423971008813632,0.75,False,7
0.036273615871547128,-0.99674635757594032,0.071978631903498458,0.97862328788317354,0.020838997448984421,-0.20460253321513239,0.20243686720637513,0.077861639106925506,0.9761951034251567,0.54192359946483681,1.8613784588536721,-1.4909204944263097,,0.1676229954927221,0.8080808080808081,False,2
-0.25587340820348281,-0.9665594393547956,0.017077738974424231,0.93497063141566539,-0.25192338635716893,-0.24972890460763841,0.24568011186200678,-0.047931801556809511,0.96816518478769553,-12.620207029361254,-8.0379594299640811,-1.6133045398254597,,0.1512938678745994,0.3421052631578947,False,3
-0.66250369225229699,-0.7476451177097605,-0.045996040229919322,0.69644571613559281,-0.59220079417841742,-0.40529197358303759,0.27577567374309053,-0.30054117411631054,0.9130294521165977,-3.8274751564848293,-17.71624683234516,-3.899651596541911,,0.4285541680997734,0.2615384615384616,False,4
-0.070054428941064742,-0.988296481839116,-0.13550808451958629,0.98000237273968127,-0.042822279934319883,-0.19432344625860762,0.1862464131475732,-0.14641146241211034,0.97153278753936623,-7.0827720321376031,-1.3714486705309981,-1.3075134253087499,,0.2833069589750264,0.2336448598130841,False,8
-0.11985026201640039,-0.99096071426900834,0.060272526660632444,0.96733591487066783,-0.13022147858688038,-0.21749389489356905,0.22337668297279453,0.032237079428867881,0.97419896746710255,8.0479482641423203,12.17156282676013,-0.0088669101907695499,0.2410819735065691,0.2171387949970784,0.58,True,5
-0.98400140250500501,-0.15534978852181727,0.087222033193521328,0.12482680582976544,-0.95047470707614146,-0.28463327239601344,0.12712005512319105,-0.26919189143574107,0.95466026269596405,4.3849029029302216,-2.2951912192999111,-2.391621803664548,,0.6482433504969589,0.5482093663911846,False,3
0.56014560651393075,-0.82577243551951707,0.065854265156522013,0.82141341446234872,0.5433689233582526,-0.17329228393035598,0.10731683020126147,0.15116248828548115,0.98266627096430637,-3.9422668676189891,-3.3900985594669573,-1.9483562081937249,,0.1857974745547138,0.7164179104477612,False,5
0.52716139640450232,-0.84369564900910532,-0.10138300638647202,0.84175154577429667,0.53480658249654023,-0.073730960287749503,0.11642678956081143,-0.046471186357523245,0.99211150155165873,1.2038808217746046,6.2087719452237886,-0.66129420868958333,,0.343189147066519,0.4444444444444444,False,4
-0.38228226124999126,-0.9218421170981721,0.063776044699818429,0.89226269161667426,-0.38619905760892637,-0.23391788527375232,0.24026560694897783,-0.03251767282474069,0.97016237768298463,9.8016248723136918,13.80556011304312,0.16197148431065125,0.1509924081503353,0.1774630374951855,0.525,True,3
0.51495378322516916,-0.85291719119043474,0.085760516054317448,0.84984751998237673,0.49487370936531472,-0.18127108031568542,0.11216859597002651,0.16622959047904637,0.97968664853986842,-3.0007521445027767,3.6602975226428152,-0.89373828881717854,,0.09102842132960746,0.2307692307692308,False,4
0.85409008189398927,-0.5109686436946852,0.097165720144164719,0.51998526087497776,0.83449695515089539,-0.18229141591602144,0.012060699942443742,0.20621803268555439,0.97843173625562663,-14.440592487124913,-10.115161579301013,-1.7514770786023361,0.2501379231528141,0.2368507449302673,0.7551020408163265,True,5
0.55780834224360654,-0.82803016827050513,0.056708850785032058,0.8231653536620116,0.54321104597455783,-0.16528932228587215,0.10605967119473605,0.13888052406707871,0.9846133993506887,-2.5023719399407534,9.3037668238198989,0.075077098903735678,0.132215345577109,0.1330054823657636,0.32,True,5
0.88537068222095006,-0.45137300398009178,0.11127068949906728,0.46482724455155361,0.8633246039409006,-0.19648476010341825,-0.0073748075378256145,0.22568349409798602,0.97417276327431002,3.4929932270825281,3.5603562971753275,-1.4685360044557345,,0.1208865311521257,0.8043478260869565,False,5
0.29972503418450008,-0.95242060103894255,0.055316386358106949,0.93999130422955413,0.28491024678670779,-0.187729857105255,0.16303757804850466,0.10826425999634678,0.9806618164033517,-14.337949700878502,-0.40115344439891765,-0.25688432571222947,,0.1638860564980888,0.6,False,1
-0.20425877251679922,-0.97568638503304905,-0.07946339982075129,0.95370605467387559,-0.18003773264479003,-0.24089660874017138,0.22073313101644401,-0.12498997113874846,0.96729229914561676,-13.030553672849761,-7.0719932150259464,-1.4980138791196234,,0.360589184413272,0.2325581395348837,False,3
-0.96633696100649491,-0.23194916239888064,0.11132144382458091,0.20338258369843512,-0.95368779937982928,-0.22161928156685193,0.15757030951572287,-0.19151806018367099,0.96875818973704853,15.475543466240126,-13.944747862346761,-4.6163391961684432,0.3020405004399483,0.2572192215459103,0.9444444444444444,True,1
0.53993062547218018,-0.84120405882960014,0.02916592336662252,0.83432856212661843,0.53029579375242719,-0.15060618031214218,0.11122396368117105,0.1056508520414802,0.98816351246438938,-8.8023688945640117,-0.13379140413996082,-0.92865718377705675,,0.2392520982463049,0.6060606060606061,False,5
-0.95471162561806677,-0.29263813380424625,0.053746018952825492,0.25430521478323054,-0.89635090264218642,-0.36315825347442376,0.1544492461741539,-0.33304351363764306,0.93017603085659561,-2.432375236634269,-20.454809294814154,-4.4564034366203957,,0.1598690200341126,0.4285714285714285,False,3
-0.74340604090116968,0.64096275316421336,0.19108691061346647,-0.66723742438163547,-0.69094505574172183,-0.2781890534342249,-0.046278265484012315,-0.33430776090635445,0.94132706491504359,-6.6223576900606584,-6.0840217336681688,-2.0347553332614785,,0.4028562695933983,0.5870445344129555,False,9
-0.13222269688072091,-0.98794385616136104,0.080523881566961178,0.96646909318757646,-0.14653561717770688,-0.21086679399927691,0.22012417028298809,0.049942466612788922,0.97419253727682487,11.674823982795148,-3.2083649984215996,-3.1111889847665699,,0.08688081929482587,0.425531914893617,False,3
0.59962661540647222,-0.79546540979694447,0.08765103486416069,0.7968730572914049,0.58338658132632304,-0.1570140990211894,0.073764847042671416,0.16399658089413172,0.98369907430870673,3.8750741595530207,2.3810157076730358,-1.7014649800878014,,0.6726077541225046,0.538255033557047,False,5
-0.99028643996717103,-0.069746810429856101,0.12028362004864694,0.033583457032865277,-0.95945534601123672,-0.27985280135131546,0.13492560257737313,-0.27309489457937297,0.95247795792018886,2.9607266859544303,4.690817245710166,-1.1206179862926173,,0.14994637118935,0.25,False,5
-0.024794015353487419,-0.99903005350930285,0.036389682436775921,0.97893398698995093,-0.03164256533458399,-0.20171018113869402,0.20266599596037124,0.030621891585023743,0.97876901965537555,-16.259135389271016,7.4165739856223958,1.3390157381660104,,0.172065508092919,0.4545454545454545,False,4
-0.50661153030712736,-0.86035490685440719,0.055983851344965155,0.83001586588340093,-0.50425489942272494,-0.23832888786298292,0.23327755944732334,-0.074272677747082641,0.96956956924120674,6.1672367550637341,-5.6346707634051931,-3.033748962820769,,0.2158199208576619,0.323943661971831,False,2
0.82108232684184468,-0.57080926640573915,-0.00077067069655827047,0.5707188593940572,0.82092668636390653,0.018956770492927627,-0.01018803611728665,-0.016004905526648065,0.99982000726088416,-2.4337871901539465,-20.653295280743329,-4.509734641002046,,0.2805915814186479,0.4838709677419355,False,3
0.68902979174660273,-0.71915160190484462,0.089771485246320545,0.72133383901395154,0.66853356458093949,-0.18094299025411051,0.07011019026524834,0.1894303209795099,0.9793879286138728,-1.969364108802341,-7.3602410000351934,-2.6777482988505787,0.3128354589018188,0.2686249134112945,0.9603603603603603,True,5
-0.96964988000845542,0.20919761971251005,0.12655222679276606,-0.24187148555430138,-0.89640240357271916,-0.37143090251728789,0.035739259580229416,-0.39076730515189168,0.91979542211786691,6.0273339768864922,4.9952712830689041,-1.3130064741199305,,0.2803672471536575,0.1111111111111111,False,5
-0.83798671722699747,0.52661054209814406,0.14303705359877461,-0.54457412808755823,-0.79027278347693664,-0.28090558327183668,-0.034889550997333832,-0.31328942632446743,0.9490165723444931,4.545185352142715,-0.55291430788834517,-2.1932974913907435,,0.4018564418548214,0.3113207547169811,False,6
0.66194234780379868,-0.74357187123135571,0.094515609808620921,0.7442315390315023,0.63699402823430362,-0.20089306684063946,0.089172554605084955,0.20332112607236918,0.97504296069345986,1.5582575960036755,3.0818193934443361,-1.3549864348038061,,0.08148058744165236,0.1438848920863309,False,4
-0.091688545031418156,-0.99577227483850717,-0.0055486370367796717,0.97244150579615607,-0.088338022020509638,-0.21576355500966601,0.21436121037847972,-0.025178771384804982,0.97642987508403556,-1.909587484084837,0.048578401755977108,-1.6349945547642792,,0.2163967386123443,0.2784222737819025,False,2
0.78148595407823473,-0.61476611387421998,0.10650037000133025,0.62280270570852569,0.75841070174332958,-0.19217179096664994,0.037369684780183238,0.2165082740062832,0.97556530993380941,-0.018454499163196775,6.9438742291083209,-0.4596597040860313,,0.07899184556468689,0.382716049382716,False,5
-0.98653851768543943,0.089223238414259401,0.13704366767526335,-0.1302821772425154,-0.93533116829955643,-0.32891056520023337,0.09883474801893101,-0.34233728884575138,0.93436442208047243,-6.4656100228780122,-2.1227424080048527,-1.4951991163227816,,0.3028867369571249,0.1153846153846154,False,7
-0.66724674484733326,0.68637850134617395,0.28925133427595179,-0.74205337077796807,-0.5790391805673113,-0.33774313062591366,-0.064331768261831179,-0.43999793210618326,0.89569148892606398,-8.0507437021236825,12.243670113522308,1.1775776013622716,,0.3473437785246743,0.2452830188679245,False,5
0.91686302055230784,0.35287986070352184,0.18664941857278833,-0.36233559051603398,0.93187248800915268,0.01807168882610477,-0.16755632303525289,-0.084198990501629462,0.9822603568348931,-3.5206192520492872,-6.1027159849108283,-2.3512178806341777,,0.2124507078843251,0.2549019607843137,False,3
0.88783162485928935,0.44380183069880474,0.12163445633578988,-0.41745347706618263,0.8879888235632617,-0.19289490328178338,-0.19361714899529939,0.120481468679311,0.97365117743461282,6.5195694676137101,-10.178427953820387,-3.5323164394975883,0.3037316975441994,0.2554335877368918,0.9746835443037974,True,5
-0.81306707951468027,-0.58132228084076309,0.031405891287482363,0.54602661646131689,-0.78019015663108016,-0.305218370370751,0.20193280646114531,-0.23101455645492072,0.95176437019919069,3.8012542368942905,-4.8215094313050253,-2.7393377350841188,,0.1844912234549125,0.2068965517241379,False,5
0.71296310447774269,0.66982322461914279,0.20741373969501947,-0.65859910589313919,0.74121270619572277,-0.12981117783446791,-0.2406882410302128,-0.044051923168317589,0.96960228892827793,8.1566272252025289,2.9586523084669665,-1.8952048186654769,,0.5044430668646372,0.3111111111111111,False,5
0.068433525124624292,-0.99632181184229662,-0.051572278273319561,0.97419614725735182,0.077879263563626816,-0.2118411833797188,0.21507840269992223,-0.03574447585390586,0.97594242306499834,7.6740387400606558,4.2050930078870099,-1.5903351692882117,0.3370974075294629,0.3070716482977318,0.2131147540983606,True,5
-0.66876978430323586,0.7097574683050063,0.22133981067189673,-0.74079338253461702,-0.61090933221706178,-0.27931156833010751,-0.063024915675658627,-0.35076220434273075,0.93434133806051001,1.5920635646860344,4.640708799068312,-1.0813265693987526,,0.2480319679652851,0.40625,False,5
0.63699098395757758,-0.76649877047427539,0.081988543212946241,0.76618114788646097,0.6178097828066158,-0.17685451900312865,0.084905447293696368,0.17547281022958083,0.98081616926414472,-12.01859544145727,2.0922788255822162,-0.14639120467219835,,0.1126760061504885,0.4838709677419355,False,5
0.95621472439755173,0.26498340994759745,0.12424650215542267,-0.2429068942499823,0.95537236459830088,-0.16810676871464431,-0.16324717936657265,0.13056583555583914,0.97790741944954251,-4.0897622078223455,0.1981166764736797,-1.3795833021321968,,0.2320210327685148,0.7994542974079127,False,5
0.81556245498056734,-0.57258916914673297,0.083663166339337319,0.57814063146239003,0.80007937537010154,-0.16008248923494783,0.024724325639717756,0.17892634373742178,0.98355176337517636,5.8143199667991681,9.2739940584733809,-0.41396623864253129,0.16614132671301,0.1618486331387209,0.7741935483870968,True,5
-0.0038641578782287831,-0.99684914029238958,-0.079226635560373709,0.96599244678644158,0.016762630455481393,-0.25802636875280249,0.25854141067812786,-0.077529386161229952,0.96288396665747156,-7.0237614420438064,-3.1808621355244044,-1.5781663094117497,,0.5097026730603591,0.4506172839506173,False,5
0.84453987727974089,-0.53510838347151357,0.020283333622059696,0.53530428390024487,0.84263229495831427,-0.05848195560453473,0.014202792766434116,0.060248098988999507,0.99808238499927726,-9.2344868987963391,1.6361138346174888,-0.58852984690474242,,0.09132871680874226,0.1578947368421053,False,8
-0.35216326373171702,0.90666064473481889,0.23226603489719794,-0.92045587616519053,-0.2905514618935906,-0.2614207872845386,-0.16953470355887523,-0.30585343431215334,0.9368626692363532,-0.77325693549511032,10.406205199637407,0.096266160602283116,0.5143255832587125,0.2421019608746078,0.5423728813559322,True,7
0.59279920776881145,-0.800262419416232,0.090383401898511309,0.79928767648794086,0.57087500732221486,-0.18772569411076909,0.09863219293505629,0.18352598204325105,0.97805414187144168,3.7209060241291794,-14.958429973412244,-4.0102720513213681,0.3165448483544279,0.295677451072649,0.9793103448275862,True,5
0.51489415823639029,0.80472807174118777,0.2954602111380597,-0.82565117718542014,0.5582465956699183,-0.081614165653245155,-0.23061686717663912,-0.20192441401339883,0.9518625907130589,3.8404336255846148,-1.8788939847161128,-2.3260545263166086,,0.5977301880087578,0.2274678111587983,False,4
0.96274849969292464,-0.24561308365659668,0.11309084611815831,0.26283558106947136,0.94826628578989813,-0.17806883095619344,-0.063504201931026988,0.20115979809825255,0.9774978015147523,8.99055396340305,1.9467715376348362,-2.1031125542058589,0.2484179820608733,0.2375647489156961,1.0,True,5
-0.68363370122701683,-0.72182258707267255,0.1077827228194022,0.69346070409813509,-0.68848388854702813,-0.21237275503906441,0.22750211959093694,-0.070442089711177408,0.97122638842792652,0.53543956186932651,2.7321680824959187,-1.3236219996211971,,0.0687461416995565,0.160427807486631,False,3
0.98766785942129121,0.11167252436549449,0.10973352618048378,-0.091135455997307629,0.9799785512049447,-0.17702081187934127,-0.12730486293275572,0.16483715139523719,0.97807064437778546,12.976243150592788,1.8963879969933988,-2.303254037513994,0.2029133458233069,0.2087683765764684,0.7692307692307693,True,5
0.99056773001358711,-0.078026234920908349,0.11263870968630589,0.091284216739175195,0.98883344864853129,-0.11779474779533948,-0.10218984308650229,0.12696581231937826,0.98662906832914476,7.4599933348214691,9.7269487932826735,-0.35983369340887023,,0.1095267724907898,0.1702127659574468,False,5
0.85556672965465641,-0.50935312761343865,0.092547082603635644,0.51769238916737503,0.84192299347237731,-0.1521849639770195,-0.0004016294453549063,0.17811531223597682,0.98400953971029637,7.5847228984319734,15.780030956893251,0.74454880418355895,0.1695535589410388,0.109225615038032,0.6176470588235294,True,5
-0.89597866058031694,0.41944941574976724,0.14589183463059263,-0.44154014729396501,-0.80617700912467471,-0.39385394283467373,-0.047587163314543338,-0.4173018303170663,0.90752115363869179,-1.9752271800457579,2.2758210504127909,-1.2308939950875917,,0.5558459784621101,0.2465753424657534,False,5
-0.044003775682848412,-0.99542009550554156,0.084867550862455426,0.97640836312248414,-0.060827742496994255,-0.2071875820776678,0.21140098426952639,0.07374835053380685,0.97461315640792479,-2.9590154576878023,-0.33374548688284317,-1.5909548509567459,,0.0694005064891631,0.1666666666666667,False,2
-0.41312362777033318,-0.88912798217164701,-0.19692714261181166,0.87986483461367904,-0.33393060828726751,-0.33812456529973889,0.2348760119469866,-0.31295651481998132,0.92026706930304114,-1.9403091880397501,10.455860312454186,0.21812609796607166,,0.4030162938887505,0.2111111111111111,False,1
0.68172571087969414,-0.7277367862921047,0.075161326510477675,0.7279627307594555,0.66449744095432117,-0.16885915311405217,0.072940508298282219,0.1698302706892908,0.98277024853563322,6.0347648141676142,-15.696802252323023,-4.2953069927003424,,0.1444914067507264,0.5,False,1
0.41617130846311351,-0.90849500426902119,0.03792452017272735,0.89870623787274906,0.40462708079410442,-0.16912724055175618,0.13830596523906766,0.10446890784474111,0.98486430906649136,15.470138369782363,-10.357501463606843,-4.0612789793778887,0.2188825144239622,0.2117792910297892,0.5454545454545454,True,3
0.64398859577894252,-0.76113076202555008,0.077192302757926892,0.76004032130810517,0.62500796117304114,-0.17805549263134496,0.087277709024346284,0.17333496926103498,0.9809880681938683,-8.4969636161369717,-0.93006575700072536,-1.0618105554444857,0.2473560568115458,0.2325101717178129,0.8316831683168316,True,5
0.20615408079555306,-0.97683361132724,0.057415945108675169,0.962742310644776,0.19198643643870031,-0.19044277754203748,0.17500782344140414,0.09453731541011029,0.98001783541390264,-5.5736721337710886,-6.1702160101853583,-2.1795384330335676,0.1463136777478406,0.1392439452724068,0.6212121212121212,True,5
-0.97966729148443776,-0.19017172094803209,0.063927416240690663,0.11671579915848289,-0.79938265414185128,-0.58937661514852069,0.16318523285623421,-0.56993165275214763,0.80532508403058167,6.7324437256148455,-1.3523547495657473,-2.4893300965867482,,0.4854278513807619,0.3333333333333333,False,6
-0.010595584103385796,-0.99571149017776484,0.091904090907233241,0.97810774315290971,-0.029422835244216898,-0.20600859096289048,0.20782920002211414,0.087709321592226372,0.9742248706145834,11.528228100033477,3.3489943209660007,-1.9568669315317939,0.1942212371232111,0.1915260968173992,0.9166666666666666,True,5
0.047586853715081909,-0.99469262683370319,0.091225377369282004,0.97845055946282811,0.028048517757928222,-0.20456730759939012,0.20092285594321938,0.098994236065801863,0.97459229793045776,-13.156376993340546,-16.742706327760757,-2.9517968637264933,0.2774318348590919,0.2511885594301646,0.984375,True,4
0.36402036027560813,-0.92908785815201012,0.06545937014153623,0.91797912213767396,0.34600730132772978,-0.19388986241484465,0.15749129697911007,0.13067019270825236,0.97883695890246503,5.0259241778272292,2.6112617287631577,-1.7412138223270619,,0.08504605731953338,0.313953488372093,False,5
0.88008118500054744,-0.46285223477046333,0.1059477067992543,0.47479699060902569,0.86019171614137313,-0.18611294740123008,-0.0049925461085165296,0.21409815564303242,0.97679939303503194,0.096359707455515475,3.4625720355223115,-1.1615289694541582,,0.1854563529649893,0.8883610451306413,False,5
0.096927807622485873,0.93138230400823341,0.35090170117828434,-0.97399583413160307,0.1613043172701133,-0.15910069869207452,-0.20478553465462837,-0.32635551322191308,0.92279735792094741,5.3126703673454534,7.9169782234765576,-0.68294609954054519,,0.261323033249158,0.2191780821917808,False,3
0.99036427291488105,0.031471125741719889,0.1348635428065284,-0.022541979825273929,0.99748269712511173,-0.067231897798373227,-0.13663991393197092,0.063543978318663694,0.98858064756503394,-3.4630648611727834,1.7714151098289068,-1.2255218240705736,,0.3224314783046155,0.1745513866231648,False,5
0.95624590363758177,0.263125331914563,0.12790164768757006,-0.24069342261386209,0.95606667121779387,-0.16734155639574744,-0.16631430511765682,0.12923459247189725,0.97756737467135912,-1.7563876188338274,16.234164197499481,1.4534126419613502,0.1751058676665456,0.1263001245302528,0.8166666666666667,True,5
0.78308150353743122,0.60719302389313079,0.13453620536149596,-0.58514045212749244,0.79261465607341153,-0.17138453332101081,-0.21069886117772174,0.055485482003335231,0.97597507713325748,-3.4163062318929662,9.902037184673695,0.29231439339358711,,0.1144545182613968,0.4418604651162791,False,5
0.63084860276767785,-0.77227525872075198,0.074973096200334238,0.77085195456977185,0.61279604639500596,-0.17397778495719687,0.088415521951925286,0.16754680029903835,0.98189142230061444,-5.2918382174090786,-2.264136849615936,-1.6597010194553128,,0.07861445908780548,0.2928571428571429,False,5
0.38268994089361197,-0.92017529758103855,0.082618586652708284,0.91262427810204183,0.36259969846580103,-0.18878131711384369,0.1437544300450288,0.14764443908985397,0.97853757385614559,-2.1009540074992556,4.4645157055247404,-0.82107431688070975,,0.2226415065037756,0.6935483870967742,False,5
0.93940057511626229,-0.33533459774770791,0.07125494386089995,0.34190030996083409,0.93164260074134742,-0.12307007163638696,-0.025114488247278098,0.13997418346710488,0.98983659784976452,6.3886987098430552,-0.17581751008951457,-2.2553646475275784,,0.2374647838230712,0.4285714285714285,False,5
0.67879206480643783,-0.73000985564951348,0.079542085780988078,0.73090082051431138,0.66118977245697463,-0.16915104306448001,0.070889514932180972,0.17295576154864495,0.98237517335273161,3.1063516138409981,-0.28648573177091458,-2.0664554391313295,,0.2270011029179642,0.9130434782608695,False,5
-0.93757982875610624,-0.32983519968355318,0.11023976487356212,0.28924644901537772,-0.91557889017251082,-0.27937750017219631,0.19308173513220311,-0.23005224823978923,0.95383195932939535,1.2293442151495313,-3.9496925001528997,-2.360621658093907,0.3169505451428156,0.1800759141490206,0.6175548589341693,True,5
-0.10097611432216756,-0.99475277398963791,0.016454269242842837,0.97039329347430703,-0.10212388837448765,-0.21887797377388654,0.21940984553224482,-0.0061343347801211257,0.97561349397203456,2.8805663591573323,-5.4234335136496412,-2.7647765442606556,,0.210367398150828,0.4294871794871795,False,5
0.99343990737003207,0.016802373329573135,0.11311423736699136,-0.0025494554672276038,0.99215508148093756,-0.12498717761584671,-0.11432694661121257,0.1238788704422519,0.98568928914567633,4.1753022133249011,6.4289383293927802,-0.87823876631775988,,0.07984850397515432,0.1578947368421053,False,3
0.80499802829067724,-0.58973277978699234,0.064756643619230114,0.5930432358806158,0.79680542723387471,-0.11576196053492854,0.016670177694603106,0.13159163945839675,0.99116383388432872,-4.8903142020576604,0.88319861040882897,-1.212269740108443,,0.1615406114615848,0.2826086956521739,False,4
-0.78966728768556993,-0.60670910559653213,0.091266839243894823,0.57484292522996028,-0.783625928626702,-0.23555469703871598,0.21443224121474252,-0.13354574186470597,0.96756619864349724,9.0747754246882,9.2689117307836408,-0.52884460392687582,0.09708809677160915,0.09436911041414209,0.4242424242424243,True,5
0.86477287927973323,-0.49315691952749136,0.094679036668077129,0.50214821751703209,0.84778206590914995,-0.1706245479621297,0.0038774871640240016,0.19509439111611854,0.98077680623489649,-4.9100844800960344,10.052205281525112,0.50711532625767419,,0.1783920348708227,0.5,False,5
0.56767440551890225,-0.81813049710634145,0.091696559495390115,0.81619867014061742,0.54475773022668517,-0.19250648357641897,0.10754301548426445,0.18412361353938533,0.97700204439793836,-11.656946359373423,-2.4912248078081891,-0.89832766910656126,0.2493847022232862,0.2406983414295714,0.7801418439716312,True,5
0.88384467258893795,-0.45496412039275891,0.10874853512298853,0.46773552194196899,0.86276992510920847,-0.19196754371696464,-0.0064866208326496283,0.22053504366039889,0.97535748229450681,9.1137517869030766,3.9830302327118896,-1.6823390669403024,0.2354142646923186,0.2329893883457952,0.9770114942528736,True,5
0.94261662334268348,-0.33318491675306461,0.021487499768243323,0.3315488869179668,0.94169009876137721,0.057402904789255305,-0.039360347832484217,-0.046984775651698271,0.99811982941702204,-4.0845419380793633,-6.4217562405805548,-2.3543262321945959,,0.2636654078336203,0.1818181818181818,False,3
-0.89041121462598682,-0.44386764863836065,0.10074412816898676,0.39491628866356387,-0.86344702700598586,-0.31384766448505391,0.22629404282144344,-0.23966798294052311,0.94411348053968047,4.9081742690289696,-2.4975052197494292,-2.5236927620530185,,0.4249484539634711,0.7085714285714285,False,5
-0.40375778826944109,-0.91063497617537692,0.087883949489309388,0.88439239202135111,-0.41309070506086654,-0.2172698007709985,0.23415752250679955,-0.010000477907906549,0.97214723426808736,-0.88391949633527778,-11.718507040138645,-3.1235798283235483,0.2779365502192768,0.2552071372216645,0.99609375,True,5
0.62654402091188477,0.74280901089808871,0.23596051192555739,-0.73735340706501962,0.66301648198168761,-0.12930234997955264,-0.2524926591985911,-0.092972673131571246,0.96312176753596146,3.0608393249386969,7.6653674172521624,-0.55346607226697919,,0.1895464686168865,0.352112676056338,False,8
0.16420976561326009,-0.98403862162696598,0.068579472320355911,0.96828092840971125,0.1475259290181373,-0.20166344226300156,0.18832736539139922,0.099519301714973071,0.97705102836591828,9.9034420955329843,8.7960354599818782,-0.71783914467381327,0.09598585332334193,0.09624952277116039,0.2857142857142857,True,5
-0.95013599079462674,0.2901163107713412,0.1143421410554273,-0.30918071327166358,-0.92417935828560116,-0.22427616962049243,0.04060647162138166,-0.24844524536251655,0.96779443815265898,14.732310614573363,-4.8754856892688574,-3.4298040589542591,0.320385270714894,0.233423606029231,0.673469387755102,True,5
-0.2188410401521228,-0.9726634006858742,0.077682096465840067,0.94900135774695316,-0.23068051271557391,-0.21490212667100433,0.22694717918400623,0.026691010087126155,0.97354125122716417,5.8826996741277773,4.1477849950086965,-1.5053713678596443,0.1800393109879986,0.170255845145128,0.7666666666666667,True,5
0.18198503015774117,-0.98112710006166881,0.065353365047768119,0.96556266636240229,0.1657395059212767,-0.20054713536747507,0.18593059491545577,0.099599345889176891,0.97750180775936868,-8.9267851515840988,-18.11316950406442,-3.590819047607996,0.3455125684941988,0.3442441394527228,0.9690721649484536,True,4
0.0038301005033932363,-0.99738008537646672,0.072237771453486865,0.97853253118221795,-0.011147190644875781,-0.20579073244159699,0.20605682650243862,0.07147520853526132,0.97592616463366999,-7.3010863702945263,-11.208832884283501,-2.6025515221807676,0.3144593808482614,0.2881189615561538,0.9821428571428571,True,5
-0.093890165655585348,-0.99266167688069129,0.07620650920743291,0.97236634757167528,-0.10786556419170293,-0.20704759397715239,0.21374826994221235,0.054660912122113527,0.97535832481334361,-12.124070775047139,6.1037942713758531,0.57718608772696633,0.2438764410823472,0.2678999536507033,0.7733333333333333,True,5
-0.055195458093442888,-0.99698186046617843,0.054595158276647023,0.97561707073483084,-0.065484034530732746,-0.20948310794039182,0.21242596992044796,0.041701452288558774,0.97628694356750567,-7.1178858026990133,0.48521251444309532,-1.049927917980475,,0.55545487087657,0.5358361774744027,False,5
0.90501181688626942,-0.42468306191063426,0.024452161917116993,0.42538641462328569,0.90352858814889814,-0.051792747094590974,-9.772491326694166e-05,0.057274665637317354,0.9983584542267242,6.092600356217944,-2.0604592491002252,-2.5650373715958383,,0.3286096098678667,0.6467065868263473,False,5
0.53658506744088297,-0.84070336733170281,0.072762033757991479,0.83613546779655912,0.51807173340609447,-0.18021975068852505,0.11381539830836758,0.15754214421144858,0.98093145933096026,13.200342790904353,5.4402855487033648,-1.5279418247116689,0.2414823806310578,0.2019894653801096,0.3469387755102041,True,3
0.33338653961768644,-0.94251217413137256,-0.022895781617993063,0.92964947952743271,0.33268333369254488,-0.15834659673510201,0.15686064011127504,0.031505572481211913,0.98711809753773283,21.429076585760601,-6.0922583716940091,-3.6917186325932718,,0.1896179663217794,0.32,False,1
0.15747171095950388,-0.9866526762874992,0.041462713637706775,0.96964446162879192,0.14653102032764309,-0.19575055073830899,0.18706223103581837,0.071029264788929611,0.97977679359303427,9.7783038240322231,1.701132120484802,-2.179886700274281,,0.1907395010532291,0.2972972972972973,False,4
0.072445923415508401,-0.99526688006338138,0.064772105333833999,0.97749803050095097,0.057952460374526032,-0.20282779075684251,0.19811407962897734,0.078008651990929836,0.97706983459081465,10.75395749518537,1.4445721567140448,-2.3074432904713711,0.1253859343399439,0.1165678055058672,0.6875,True,4
-0.27459915227435933,-0.95934859914719439,0.065158045432002501,0.93681370698057376,-0.28219154309221145,-0.20675592233489321,0.21673805384269509,0.0042659490798979544,0.97622047596581829,-11.14899564268444,9.9592901950039856,1.1422334707344182,,0.2083447633873336,0.8888888888888888,False,3
0.78265424872580569,-0.61753366805377008,0.078131272685792952,0.6213240157827794,0.76748245073628441,-0.15788335955188185,0.037533909508688568,0.17211291825974051,0.98436189940748453,-3.0173296448503999,14.176970726339327,1.080817576546597,,0.126549733948643,0.7407407407407407,False,3
-0.013477070066768192,-0.99801811364077664,0.061467173575180931,0.97868621361606301,-0.025764133360198047,-0.20373881493238458,0.20491867621149112,0.057411273083811082,0.97709379378984218,8.5599635144841901,-14.941700454063922,-4.2878405664882235,0.3019980387804683,0.235090701680701,0.7560975609756098,True,4
-0.98894945306057613,0.082781456246785817,0.12298865717149952,-0.11231120611579776,-0.95985473311988112,-0.2570312904845965,0.096773820178816708,-0.26800395856968928,0.9585450985316103,22.001401551341857,-9.882443151735183,-4.3917920529920966,,0.2159449959836662,0.5,False,2
-0.4095070818311442,-0.90983432819411558,0.067122612953494629,0.88020884170230529,-0.4133729064097022,-0.23314209237176381,0.23986734858923359,-0.036391420499340382,0.9701233527726324,-7.7348755430799274,-23.98124420283273,-4.7601396535817528,0.2644819474634642,0.2367982222515729,0.71875,True,2
-0.96236222090406598,0.22026808533933448,0.15918833612277239,-0.26549961715823833,-0.88709149785737251,-0.37759585235803683,0.05804230410159425,-0.40564842537609735,0.91218443635290702,-12.156472197379193,5.3213944169942256,0.48248429983543056,,0.1808875658733057,0.2222222222222222,False,1
0.53403763199346688,0.81228733180446122,0.23450607285270741,-0.81217160573663572,0.56994738635707587,-0.12464854439548392,-0.23490655684758022,-0.12389216026337906,0.96409005916215518,17.941835350646151,6.5209502969669533,-1.6962128931503069,,0.1690796619373826,0.2083333333333333,False,2
-0.30669481977745056,-0.94920264438375812,0.070374906156661005,0.92299709766178772,-0.31465130096576105,-0.22151956236069126,0.2324105101530376,-0.0029830681245731766,0.97261320990153666,13.867210474462892,3.7261926549192794,-1.9482974407754925,,0.1101916396099725,0.6451612903225806,False,2
-0.48896523251428892,0.85448473203407105,0.17541050171785558,-0.86510017190651034,-0.44923317845996047,-0.22313951675597207,-0.11186909295947028,-0.26085512088403395,0.95887429413297065,2.3922603277499626,13.587181745182642,0.64054964481129628,,0.1445386331257613,0.1304347826086956,False,3
0.33164644495269213,0.93099465046835295,0.15251097124321972,-0.91725318588310634,0.35601094403797368,-0.17861355131255569,-0.2205838356215909,-0.080654624941785685,0.97202757313667143,-2.0052959478260397,-3.1475924932210706,-2.0351444911381127,,0.09624117204458733,0.2479338842975207,False,2
0.53904602578711824,-0.84185022263056808,0.026787772210026206,0.831326654434697,0.52665767678314912,-0.17756037033017913,0.13537125141449885,0.11798260101489184,0.98374525673480828,-23.127047398871021,-10.820859286650411,-1.2512385982285839,0.3520212980323181,0.3912224683142186,0.4848484848484849,True,3
0.057717375454580652,-0.998297190213144,0.0084513065958037176,0.98718174509860057,0.05580889414898059,-0.14952447785546499,0.14879820803597243,0.016973136021642798,0.98872190525894299,2.6014060764195261,-0.95492717967003204,-2.1097493982123332,,0.1621730248162617,0.1826923076923077,False,2
-0.12527720181193683,-0.99146893349016507,0.035985783721442587,0.96878174183030286,-0.13007082885033674,-0.2110533491286781,0.2139335396856149,0.0084221972229091419,0.97681190983296406,16.039596607346496,5.0643377440782009,-1.7968891920121797,0.2284809530622897,0.1911582078176231,0.55,True,2
-0.8006950941043689,0.58021318399019384,0.14913090692796738,-0.598359292012977,-0.76242639480860797,-0.24631717390567515,-0.029215132019649842,-0.28645881662659839,0.95764702392790013,1.8760524566133101,-1.5549254835196227,-2.1487632189109429,,0.3466499395003346,0.4613333333333333,False,2
0.85686569228237364,0.44228165519166002,0.26489266292287889,-0.47305226955691521,0.87878325539868807,0.062940768170847011,-0.20494568952895803,-0.17923986027613997,0.96222156327515862,-1.1514031706941235,-3.8963930753359808,-2.1817246098716749,,0.539178375127852,0.3518518518518519,False,3
0.45012638495810781,-0.89128617716497005,0.054728310399638422,0.88298106811595245,0.4351178672014267,-0.17611608385066396,0.13315656541589527,0.12759855812953247,0.98284685330416932,-6.6864603843197745,12.385771650513007,1.0120271946290911,,0.1425814281250687,0.2,False,1
