axis_00,axis_01,axis_02,axis_10,axis_11,axis_12,axis_20,axis_21,axis_22,location_x,location_y,location_z,dbh,dbh_approximation,score,reconstructed,number_clusters
0.80846045608902695,-0.58309032632919322,-0.079983512561267706,0.58571833316626898,0.81042187607094729,0.012264459978917397,0.057669100333288412,-0.056763140566410249,0.99672073357575319,5.0183750476214772,-1.788031627861451,-3.1845889895795789,,0.1199088802623052,0.2380952380952381,False,4
-0.61804054782108853,0.78537690691661721,0.034770610162836779,-0.78029347575794783,-0.6074520774769343,-0.14880882117178784,-0.095749532315250935,-0.11910116561580669,0.98825449121689646,9.0206135209289933,-26.186907020514028,-5.9568972831214566,,0.28282176169065,0.8775510204081632,False,1
0.99383895481943418,-0.10924246287397461,0.018714063926419073,0.11017381817312701,0.99213545298091066,-0.059405157415135412,-0.01207732058730597,0.061100959432651772,0.99805852087131641,-2.4102019259467569,-1.5870627479457737,-3.1995534828058396,,0.3626869924911107,0.9696356275303644,False,6
0.48681791941571539,-0.85782949685404419,-0.16473271582442781,0.86460117837156292,0.50006607181432128,-0.048976792245909492,0.12439097915146005,-0.1185853201173387,0.98512151847292895,-12.610596507593787,-10.034235724715456,-4.3017892939156912,,0.2445476374809358,0.2424242424242424,False,3
0.88632351150379352,-0.46277692435779733,-0.016375324043284102,0.46115143486267568,0.88531868251619783,-0.0595834248082414,0.042071214383238117,0.045258686124561021,0.99808900617660257,9.8025619306387402,-1.2035893443711445,-3.0365911631854261,,0.3446328425241299,0.6071428571428571,False,1
0.71977959593471885,0.68958264642760048,0.079956907281108644,-0.68338510095427341,0.72410174790118043,-0.093066978462679265,-0.12207430962233823,0.012346352998440526,0.99244416996517615,-18.1848876131486,4.0617729339415636,-3.0087225396062607,0.276711787235886,0.2348941196405303,0.4,True,5
0.58471251729546803,-0.81113299608947187,0.013211160922223752,0.80498652150278605,0.57810963781442881,-0.13336396389172558,0.10053841214600866,0.088614385519427241,0.99097907059744328,-17.450769247957428,-5.677447034800446,-3.8806977200511859,0.2353601231146292,0.2519358560102243,0.9868421052631579,True,5
-0.5612467705473817,0.82263106569710209,0.090995561980713985,-0.8213056986646976,-0.53998376121091141,-0.1840502294739445,-0.10226931060210055,-0.17803277051871289,0.9786957242832951,3.3049314858522423,3.5994934387641013,-2.6043197158130647,,0.08794612952732848,0.4074074074074074,False,5
-0.97548174703714485,-0.21960309264183303,0.014485955249874968,0.21232319304789093,-0.9563794682297293,-0.20064190599814125,0.057915653249418886,-0.19264681271892717,0.9795575443320983,5.4806333523917719,-7.3317779536273946,-3.6720272173540467,,0.0728100456156187,0.2,False,1
0.83786246929243247,-0.54452003649572689,-0.03852807295831067,0.54220263879182407,0.83832077765344748,-0.0568732999016495,0.063267535421978299,0.026761980666845119,0.9976377174868728,-15.272437228242676,3.7259117053562392,-2.907112658300806,,0.1823813913965434,0.2093023255813954,False,4
0.056479810394517806,0.90196042640044416,0.42810912186652711,-0.98734563554196453,0.11410099551664425,-0.11013427621928319,-0.14818443573477605,-0.41647130997181586,0.89699109303065327,4.2329924190796904,-2.2332163420000946,-3.256441179130908,,0.4112796375187668,0.3984375,False,5
0.9856205230218742,-0.16781404828615559,0.019764356703420003,0.16894632578073596,0.98080886588768368,-0.097319615706730395,-0.0030534575938816547,0.099259325979618021,0.99505691425304665,-11.519796601028776,-15.979998762690997,-4.8819741605921383,,0.2782622631557652,0.9690721649484536,True,2
0.89649205968813572,0.42140078427084354,0.13683335094940077,-0.42932285602434794,0.90253752746816618,0.033285083847662461,-0.10947087380313035,-0.08858549840446181,0.99003471517983255,5.3116402825006634,1.2256562045442161,-2.8459356495751771,,0.2717093938803503,0.3134328358208955,False,5
0.92675651173462648,0.3392508200897425,0.16134202498389591,-0.35039743758186004,0.93548701483519836,0.045669254546081992,-0.13544003726200535,-0.098858111165273349,0.9858413006986978,-1.6259177400167897,15.12504075709426,-1.5421846904931917,,0.2788695166550398,0.3953488372093023,False,5
-0.9484341772260737,-0.31214989983284752,-0.055091301526136741,0.31473756349818133,-0.90679849490438458,-0.28045811766174827,0.03758826402919925,-0.28333536608317345,0.95828398334407394,-2.9459230238658001,-2.0593798068480167,-3.2790737377475105,,0.4843530398958392,0.683083511777302,False,4
0.97049385591194814,0.22379152418121478,0.089772096677132707,-0.23335726434893719,0.96544855197018653,0.11598914032896096,-0.060712954241578326,-0.13351571893720937,0.98918526575356003,6.516595811742242,2.9557195176512594,-2.6084135026466164,,0.09048351810338433,0.3417721518987342,False,5
-0.38448777601920753,-0.90291744614959357,-0.19211776474470088,0.91551201624507761,-0.3462839875882327,-0.20475631382417953,0.11835074229879987,-0.25461242188606825,0.95977373188613291,7.0251747216189706,7.3282324215887114,-2.1446502607024853,,0.2741764706909064,0.3043478260869565,False,5
0.44722200702378101,-0.89441369792620418,-0.0040759533356169754,0.8868384320522773,0.44401724201523202,-0.12793077904962968,0.11623283472702288,0.053598747701414456,0.99177472360217001,-7.8927363343892472,-10.996291307892454,-4.3200782411631478,0.4293471568742055,0.3420521976600585,0.9929824561403509,True,5
0.87786466014396258,0.47704893150426653,0.042165808671986806,-0.4689853939758159,0.87416651531392053,-0.12603810432272319,-0.096986281028162591,0.0908692492241161,0.99112887196255739,8.656901939888769,12.266321385064403,-1.5843707282184685,,0.1603660363329215,0.8421052631578947,False,3
0.52695784421649949,-0.84835349037942709,-0.051105633542131601,0.84523954222837372,0.5294080621838172,-0.072782002915175698,0.088800600630111109,-0.0048434549465023406,0.9960376470153689,3.1575683492693316,-0.43500211517655163,-3.0572663692762077,,0.1135051832122494,0.1804123711340206,False,5
0.78113683264361744,0.6086641022492123,0.13911599232532015,-0.61446162832689766,0.78894506545078735,-0.0016096629186482664,-0.11073461970565372,-0.084224072176631568,0.99027478492821941,6.5129062023424913,-6.8597299372189076,-3.6316324747193507,,0.2553446995554149,0.2040816326530612,False,2
0.7773785343548848,-0.62902309557956204,0.0035439457890493672,0.62516373771880818,0.77196048306096066,-0.11509697491131934,0.069662869347304882,0.091689464060997358,0.99334793844579294,-5.7005470567604632,-1.4680441001665332,-3.2673832508708451,0.3072321187010936,0.2600457578453061,0.8774193548387097,True,5
0.95358272083172457,0.29571188275141402,0.056872461972202679,-0.29334973336770459,0.95488069198186254,-0.046355129309884155,-0.068014178406140158,0.027519928776315167,0.99730473028853339,6.3096123858262203,2.4427221466838978,-2.6939937023758875,,0.09248852242490387,0.4173913043478261,False,3
0.85172955810240614,-0.52385445118979868,0.011544428236887477,0.52148786247716394,0.84532320717975751,-0.11609946034469384,0.051060445980039074,0.10490562126008927,0.99317049970503857,2.2147029571764318,-12.604304594192563,-4.3658955083950515,0.3155986289418761,0.2825347008682642,0.9956140350877193,True,5
-0.54017419429689639,-0.75911315191393902,-0.36326169961473176,0.83060553937174741,-0.41151954153124232,-0.37516143845401306,0.13530069394007882,-0.50437970768975338,0.85281582577373194,-3.3456896747181606,14.499233064286438,-1.684937958079685,,0.3279115315206772,0.2727272727272727,False,1
0.93009658647112126,-0.35885409322779699,-0.078384179579957747,0.36623284986410037,0.92236386904229672,0.12295687360104668,0.028175157766847574,-0.14306862989132194,0.98931164332875043,-22.348166123618313,-9.5426336218800323,-4.3449940065788164,,0.2953372716590256,0.2295081967213115,False,2
0.9817636773227163,-0.18885220327798211,0.021792824663836401,0.19010538080409731,0.97519379241305537,-0.11338876235487991,0.00016149026636318176,0.11546390152811403,0.99331166376158075,6.2089193101169249,-21.775482079051478,-5.4842852512891884,,0.2841027619900139,0.9873417721518988,True,4
0.70135159149063409,0.69569065426054,0.15530762598178097,-0.70419811045764602,0.71000345619691818,-0.00033677338366770726,-0.11050324131642414,-0.10913114020742601,0.98786609816087501,-3.914149076853715,14.154287343980286,-1.7288687445870932,,0.2984534420473962,0.2,False,7
-0.35684582227717959,0.89331101023223258,0.27323341325905143,-0.92468933995561609,-0.29622920315055484,-0.23916079062679618,-0.13270525119892765,-0.33799955354801187,0.93174332200750132,9.1546355696202628,-7.7589278836879698,-3.6965508168339585,,0.211509276818054,0.1549295774647887,False,6
0.97146306875361166,-0.23553722979234443,-0.027959245869008737,0.23707975855281771,0.96784592827869897,0.084068110475262914,0.0072590724168429301,-0.088297635846560057,0.99606768513568145,-15.824410633761929,-8.8105229619738754,-4.186551834148923,,0.2857071030503458,0.3137254901960784,False,1
-0.29473688531900827,0.95376987186189122,0.058763934185880398,-0.94701226248682235,-0.28332621388862594,-0.15130773682507948,-0.12766339777728286,-0.10024613734248938,0.9867384500544566,8.9312165621083324,3.2611309996025351,-2.5618004499466149,,0.0802337328329077,0.25,False,5
-0.64634767157643136,-0.76161149232583092,-0.046718542410348146,0.75241043967804244,-0.62595993440941777,-0.20506752736026612,0.12693784979753522,-0.1676964378613314,0.97763218391039075,20.005016719379292,1.994098710080376,-2.7751938461361427,,0.09400176994559617,0.2173913043478261,False,1
-0.17652173305566993,-0.98122003399196034,-0.077764533380192458,0.97226884896800392,-0.16150643226717684,-0.16914182706462769,0.15340587695865959,-0.10546524180574413,0.98251906835714908,15.210522463907932,9.1067909862187637,-1.8950791270892515,,0.2060675396417991,0.3939393939393939,False,5
-0.33220723719508183,0.93031161529907191,0.15543053108974769,-0.9323211133806486,-0.29892057878931044,-0.20352844794015937,-0.14288349484764554,-0.21252478917974263,0.96665274058693262,9.5093680910771194,-1.8300706172588856,-3.081412381748533,,0.1707628919573926,0.2105263157894737,False,6
0.69508972435840488,-0.71891781537040633,0.002729438476815612,0.71399990265644486,0.68988131605312941,-0.11944835188226272,0.083990559576320289,0.084976140791660881,0.99283666400783777,-17.367795559272381,-2.6233592419870133,-3.5760345640384252,0.2604423090506698,0.3238724484931392,1.0,True,5
0.11472970130505256,-0.99316744998075135,-0.02134272562695497,0.98362897597848531,0.1165808188134438,-0.13741524769946595,0.13896450357545284,-0.0052277130297119466,0.99028356432009357,7.8209681958953965,7.9218468614114554,-2.0796282797858034,0.3063452917355927,0.245073742930961,0.7432432432432432,True,5
0.3490151820557687,-0.90837271478120152,-0.23032024169753026,0.93102406377659053,0.36409125273183973,-0.025134684264633486,0.10668924670978736,-0.20566130099070573,0.972790231196484,1.9595229423816425,3.6882670596457672,-2.6148964059358937,,0.3802098399848215,0.1968503937007874,False,5
0.3058218188263559,-0.95193444287104056,0.017141517014015398,0.94339740551574292,0.30055377684674167,-0.14024536530425558,0.12835244600670703,0.059061355376940239,0.98996838631601503,10.621645725122038,-1.5332461578283647,-3.0828540152349762,,0.2352360835867493,0.937007874015748,False,5
0.47335561388696745,-0.86650620242478038,-0.15843441533037797,0.87366242110575232,0.4847891630423985,-0.041151444012168276,0.11246526908040555,-0.11893892784129723,0.98651157859126792,2.1710033288024055,3.0796016604210754,-2.6528278668567293,,0.2328578110231226,0.2555555555555555,False,4
-0.83468085890040045,-0.54537500342756928,-0.076641825537171582,0.54231347275083008,-0.7896792240825099,-0.28688468123164296,0.095937276687563577,-0.28102104670082184,0.9548943450732913,8.5552812975091239,-4.8081841153604907,-3.4061355023476034,,0.2940812662355561,0.5472972972972973,False,6
-0.99584237755624549,0.082052284312821341,0.039564904930680073,-0.088526603773774845,-0.97410747430856393,-0.20803285538701022,0.021470898616660197,-0.21067047998056002,0.97732131327284333,11.757097160740589,7.9668197954683029,-2.031553923383246,,0.1273648325981551,0.2272727272727273,False,3
0.99816619026960207,0.039624629050377037,0.045761833172300523,-0.045014130776349692,0.99132557495568452,0.12348008936355642,-0.040472022844418573,-0.12531357951715452,0.99129134070437608,-16.2712109400785,8.0083173060325219,-2.5409574874183161,,0.4319101312213581,0.2363636363636364,False,5
0.47779027291773901,-0.87723201625357983,-0.046695232785283425,0.87048569906190287,0.47992829972429413,-0.10919466494503564,0.1181994197697389,0.011524616411293962,0.99292299821419672,-13.922131735984815,-11.851125566483034,-4.525814657119132,,0.1378699382351723,0.2903225806451613,True,5
0.87265301756097258,-0.48831490444658809,0.0050264338301391331,0.48664360958522018,0.86871677821192195,-0.092245089316271192,0.040678104572328094,0.082944037449465643,0.99572364562662907,2.894037115268032,-18.179961830314703,-5.0245214318106335,,0.2557720442876592,1.0,True,5
0.84307507519789526,-0.53769170902903829,0.010585065965534598,0.53502695265778788,0.83657717386998653,-0.11783374766774872,0.054503004594093955,0.10500599126305875,0.99297692032044627,8.2109285465942143,-13.147952288843117,-4.3237368941466636,0.3132723235215564,0.2548401564009342,0.9886363636363636,True,5
0.16199651104319976,0.98520275953305525,0.055970108256854015,-0.97559359092022191,0.16842086163924067,-0.14089555961804884,-0.14823722800031672,-0.03177948981889471,0.9884410899298115,10.83393772724474,-4.8919084136925326,-3.4037982320534166,0.1506096947129634,0.1773450521867405,0.8759124087591241,True,5
0.46295315569894541,0.88298270821208147,0.077562314475828897,-0.87495813932132993,0.46923715649173203,-0.11943510959056824,-0.14185425641744209,-0.012570917469024185,0.98980772979919829,-22.841490005947513,0.64911552114644711,-3.3406071890982472,0.1893803623802938,0.1625937247833528,0.25,True,3
0.14341743154958131,0.98817434676096771,0.054248509023357545,-0.97949829215780115,0.14956695751927929,-0.13495488460362634,-0.14147273937997087,-0.033781439015563547,0.98936559389861856,16.449775427571666,-5.475502986274039,-3.4961953473279013,0.3047868817621204,0.1121266710881269,0.4516129032258064,True,3
0.89220983221290684,-0.45156798129186765,-0.006926295879113132,0.44973106238481797,0.88977307283648732,-0.077755066595937311,0.041274530025675299,0.066258864517159441,0.99694843198836369,13.350099722503211,-7.7718134960579981,-3.7607679071484861,0.1638124338034576,0.1943457926332775,0.8163265306122449,True,5
-0.28661186915249121,-0.95603293266966483,-0.062085973552455924,0.94467669906026819,-0.27122913317196318,-0.18444698851263941,0.15949787056105652,-0.11151586869063276,0.98087952385431254,-5.3324843837410727,-17.375880262038496,-4.9959674779060022,,0.1945227205996796,0.4814814814814815,False,4
0.2434423333546134,-0.94177413560080503,-0.23194246666839363,0.9608464140123758,0.26679424912173144,-0.074799714672789702,0.13232535286338964,-0.20465167028130773,0.96984931553342424,11.765830670889283,-7.7112929795125593,-3.7380317165488179,,0.3546885471693805,0.3636363636363636,False,1
-0.81601789777330336,-0.57768043365865018,0.020002676860681946,0.56865660798661055,-0.80851473531758866,-0.15143838670394089,0.10365545189135644,-0.11220177958608274,0.9882642905371597,11.345220755859662,9.8496143567026895,-1.8273630320008176,,0.2156088474630247,0.8641975308641975,False,3
0.037358876111348242,0.99399327770498325,0.10286728465844183,-0.98839415681741971,0.051922731143433536,-0.14276211248012644,-0.14724573048098366,-0.096339991010538722,0.9843969224795508,-2.0437769587860979,14.440558837107277,-1.6528011612186435,,0.1926922255935488,0.3529411764705883,False,5
0.99127856482513399,0.12831654478100069,0.030027841309153768,-0.12366573040761669,0.98448345953097716,-0.12449540165270938,-0.045536732875481448,0.11969620814956589,0.99176571009167414,1.6239454407331009,9.3149187413613088,-2.0449073655350394,0.3406710593818522,0.3101828896489322,1.0,True,5
0.87036519216037345,-0.49146488759580093,-0.030441690755963279,0.48903709398969275,0.86997574766502628,-0.063126216240114219,0.057507851444402666,0.040055745344755145,0.99754116921915748,-16.786430108771675,-13.109388559617273,-4.6254604778627204,,0.2624199686104773,0.5135135135135135,False,2
0.73890445216499601,0.67307266161321255,0.031518292460927369,-0.66394735538444183,0.73526583203025742,-0.13622799098150878,-0.11486566000660162,0.079732982120063634,0.99017601047161752,-14.637033103225608,10.195564741787084,-2.2611684681452893,0.3015039896986198,0.2966157457087496,0.9459459459459459,True,5
0.97375483597039902,-0.22627345269098403,0.024532509687438427,0.22755828888259441,0.96585607412333174,-0.1238518035391189,0.0043295017136999597,0.12618386856634184,0.9919974227428946,1.7606617250523315,1.6804868692537198,-2.8224027661012161,,0.2799588029265865,0.9846153846153847,False,5
-0.99958237724937782,-0.00022273586529252595,0.028896738245301611,-0.010693697128015505,-0.92613118777753878,-0.37704995407439046,0.026846153061797086,-0.3772015024022306,0.92574203245357889,5.7292269826685818,-2.2241037436218485,-3.2244965569880013,,0.09647044478507637,0.3043478260869565,False,5
-0.86686497530842244,-0.49472985965472915,-0.061542510101067441,0.49086550858588596,-0.82540645048302652,-0.27884627302822346,0.087155992704159399,-0.27193116310386906,0.95836176648942395,9.2730343712793069,-5.7955522845343461,-3.5214946845541535,,0.2118541106901553,0.2439024390243902,False,4
0.81828504886037656,0.56403368428804512,0.11079522462644584,-0.56487273867098553,0.8247461224940883,-0.026694990865443233,-0.10643480595139442,-0.040741090061750945,0.99348467308895549,3.7536056794770882,2.2000029050007459,-2.7411333333064687,,0.1860971020092855,0.2521008403361344,False,5
-0.86494752556622967,-0.48415441879726062,-0.13213734058146889,0.49524740821152852,-0.78082220082116982,-0.3808499643751434,0.081214424067526006,-0.3948559097492037,0.91514645159095076,10.542646873029208,-7.1835741330091558,-3.6661851568605175,,0.2554318866069313,0.2083333333333333,False,6
0.97556942841144534,-0.21927660289396725,-0.013493026800832999,0.21919458060667177,0.97565383960237195,-0.0073021299505869469,0.014765709655545408,0.0041661363913571047,0.99988230163651648,7.514775073364377,2.0621472640105027,-2.7236011838906147,,0.2225972302574178,0.16,False,5
-0.67418471791813206,-0.73049026616535184,-0.10889874729913113,0.72751946252327226,-0.63144282820815856,-0.26831956014112923,0.12724149392197479,-0.26012290507018621,0.95715499083604494,6.839849448679062,0.38032120399199154,-2.9032614597361102,,0.6826325719464181,0.3638613861386139,False,5
0.77524731717679407,0.62996049739517168,0.046274927680246297,-0.6218545044175503,0.7740214688409095,-0.11911230460772969,-0.11085383415014168,0.063565222370329952,0.99180184006646421,8.8697099499850349,-2.126517065576663,-3.1095068948546509,0.2407671195427856,0.2304075078375291,0.9578947368421052,True,5
0.98964548247688233,-0.14224219606736321,0.01920876547394584,0.14289161579403073,0.98899916417300981,-0.038244468892369821,-0.013557475755847178,0.040593237405042136,0.99908377222738842,8.8221737759554362,-1.1523407606003622,-3.0084342429115454,,0.3332677732685613,0.5176470588235295,False,6
-0.67551898433753843,0.68950175130757929,0.26126889738995163,-0.73157821424763803,-0.58253042777925101,-0.35419149785046966,-0.092018575504171821,-0.43040171427993085,0.89793482286136972,1.7499239406450695,3.9385142811685836,-2.6082409596702401,,0.403136615187227,0.2964824120603015,False,2
0.78127168033793926,-0.61968495972210313,-0.074867297240845579,0.62015885975060603,0.7842323493686002,-0.01956044162678669,0.070834667887707425,-0.031147598591580648,0.99700164339243547,13.887481631855092,-3.8806296575671744,-3.3422169686212415,,0.1986345781831519,0.3636363636363636,False,2
0.96372340068639406,-0.26659179365643515,-0.012884972817069594,0.26662519846766747,0.96379985648794442,0.00091661109239121741,0.012174173956736756,-0.0043188179936678754,0.99991656516911886,5.6297645815053237,-0.49037105895970862,-3.0383030400430853,,0.09214970314299864,0.2,False,4
0.94249254896693901,0.32311335563003885,0.085472536848384212,-0.32615996170718597,0.94500768375816324,0.024086448829127069,-0.072989550765635333,-0.050579017898010843,0.99604934035794823,6.4065780862707769,2.6812777557171557,-2.6649306522960341,,0.09654029698857142,0.3854166666666667,False,3
0.91071669180411574,-0.41280410324907962,0.013706918329491068,0.41168802164429957,0.90457954657295025,-0.11067437262744829,0.033287837177724745,0.10643597259667381,0.99376219672184674,11.340684122252554,9.837634230938912,-1.8278814009215341,0.1765106350756131,0.206219510790704,0.5849056603773585,True,4
0.43271994594748781,-0.90152576857342082,-0.0021764598105107301,0.89384681176305425,0.42934613325760862,-0.12922760911571152,0.11743647423278075,0.053973942368918323,0.99161256953758437,-1.7218445316406357,-7.495843303017919,-3.8725987311845729,0.3368559235314099,0.2991924445305518,0.9971014492753624,True,5
0.70531902158927173,-0.70651387477464223,-0.057993297330592664,0.70586674379104131,0.70750431677799774,-0.034493213105364087,0.06540044185008248,-0.016606820629505421,0.99772090071041131,2.6885220113336503,5.3926830838350543,-2.4306866042843147,0.3108075545303848,0.2170714827478966,0.2244897959183673,True,5
0.65821146448114509,-0.74653449725531373,-0.097179794367674391,0.74438201006844973,0.66466499354035868,-0.064155042268324608,0.11248595962182076,-0.030111306344164389,0.99319696843989969,-11.995728693906482,4.4609548163282247,-2.7443001754808822,0.5023051177757343,0.3711618329838831,0.9191176470588235,True,7
-0.98333844774815138,0.13149334084757569,0.12551891687311573,-0.16457868413980972,-0.93719556945583993,-0.30753588622980732,0.077196851665502567,-0.32306959916570221,0.94322143751499166,10.583138969842407,0.8404147149277863,-2.8526334234623381,,0.2209106630838105,0.1590909090909091,False,2
-0.08819135883071684,-0.9961008429693059,-0.0023226845307809454,0.98535558262484513,-0.08689792087185437,-0.14670762467643156,0.14593375215365192,-0.015227014940122668,0.98917717219837298,-9.7847364690498804,-6.8998740225901543,-3.9523505635078724,0.2835975086073184,0.2686672844819678,0.9957805907172996,True,5
0.87155791072507804,-0.49029185506654038,-0.00083970706014651827,0.4882200049382075,0.86802968990091245,-0.090364175582260758,0.045033709936811793,0.078347650289817938,0.99590843487912617,-0.43476141173658417,-20.200268903327888,-5.2890539348795631,0.4073528631393266,0.3172246325355347,1.0,True,4
0.99880335906149487,-0.041140092849476159,0.026445088160406159,0.043929325509948575,0.99234865717043996,-0.1153878545266607,-0.021495680675804305,0.11641149158206555,0.99296842867229318,4.673685515603637,-8.8479495600103188,-3.8812313759184773,0.3166814403903874,0.2730192114679622,0.9971988795518207,True,5
0.72400767034403779,-0.68978527756118213,-0.003027233529481102,0.68466205230232902,0.7191506547071761,-0.11857575625482086,0.083968847914936529,0.083777125124242374,0.99294039392390288,14.102370119095879,-3.0019438487882395,-3.2561812579200118,0.1483267299850471,0.1753405119433084,0.9367088607594937,True,4
0.9036369275524534,-0.42820539959189718,0.008968774938980217,0.4267812729939916,0.89847517632791674,-0.10295679940706882,0.036028435786061033,0.096863271072492499,0.99464539335983815,1.5160106986254216,5.1265848782265762,-2.4854891146636002,0.2655579584374161,0.2250632657286613,0.9256756756756757,True,5
0.4907208687079691,-0.86693818567081204,-0.087242256047721442,0.86664597225060913,0.49599110243205619,-0.054014674765559365,0.090098766896622107,-0.049102021689880357,0.99472167145874235,-10.938335146776003,3.2928248313449844,-2.8596691690372191,,0.4730327103916043,0.3043478260869565,False,5
-0.34015986944410542,0.84998958144791115,0.40225486280438499,-0.9318556091105572,-0.24725923763373031,-0.2655334125378187,-0.12623940347198292,-0.46516726113817591,0.87617522915010926,-11.507641899533843,3.1800439598566594,-2.8641221698149746,,0.3598303456369256,0.2833333333333333,False,4
-0.37264933347952639,-0.92574175859281582,-0.064301404764929487,0.91598546823278026,-0.35585024670397092,-0.18531385244253917,0.1486711009027539,-0.12795623594886507,0.98057335546003876,-15.605217049122434,-26.970894148041257,-6.1929938788874166,,0.2128584360705739,0.7586206896551724,False,2
0.98548857048868477,-0.16777776118098361,-0.025746850084354171,0.16929167749546792,0.98254173202297079,0.077149677666673883,0.01235335448126805,-0.08038885299839782,0.99668702557355637,3.6439453031405558,-6.134262706317732,-3.60400376798871,,0.283729322565785,0.1764705882352941,False,3
0.52528210835166589,0.85021496902089544,0.034831208684579493,-0.83996073989706399,0.52462807184139582,-0.1386771129911423,-0.13617878717776732,0.043587758473900937,0.98972493412766727,-8.7091514035913526,8.0092033447746473,-2.376078254188672,0.2273335301546659,0.2230640288607969,0.990990990990991,True,5
-0.99690291465150693,0.07292117658520815,0.029446235154262094,-0.077211887766934648,-0.97865589996120705,-0.19044934722541573,0.014929941285801558,-0.1921331087463834,0.98125530081455048,4.9114571875987334,5.1034601379229976,-2.4066071421259863,0.1396010404126569,0.1446271515765589,0.6770186335403726,True,5
-0.94770059347660218,-0.31905043854529869,0.0083906369334666355,0.31106326870351569,-0.92922142090018756,-0.19946727501954159,0.071436881143993894,-0.18642523596415156,0.97986856435346981,-17.99066578991458,-3.3987698453517239,-3.6525189550917725,,0.08690783115898573,0.1111111111111111,False,1
0.72855917958165928,0.68389402707161662,0.03860675566617161,-0.67463914290215887,0.72617459944595586,-0.1324102638912357,-0.11858983392998265,0.070423084675930558,0.99044285066488658,8.3179208534406861,-17.001919243781813,-4.8395087178475071,0.311861547441858,0.2654804295172428,1.0,True,5
0.11501383579603983,0.94505268653781127,0.30601836095755569,-0.97329590671733868,0.16881918190057221,-0.15554794048683815,-0.19866276838591834,-0.27995625281477243,0.93923245310580916,6.4303443123944275,-6.3678933232444939,-3.5971872829247622,,0.3882463097382414,0.1463414634146341,False,3
-0.98251000392025023,0.17171050106768934,0.072038850766195539,-0.1852139034982431,-0.94111898727729759,-0.28282655769410764,0.019232840340797367,-0.2912225190627229,0.95646199205362503,5.5343413239263617,-1.1669286455957493,-3.087434124649294,,0.1912799172536304,0.25,False,5
0.63684719252465183,-0.77085144915639359,0.014618368819989336,0.76535286983655171,0.62978853421915637,-0.13267021820680563,0.093062548892794972,0.095678866525345116,0.9910524287311957,14.248870072320649,-23.680591322163458,-5.7033426559280045,,0.2635622380763172,0.9210526315789473,True,1
0.82682363922964586,0.55497276303394094,0.091476236813276532,-0.55344700187127438,0.83174113374612069,-0.043624563658749449,-0.10029499354774943,-0.014557428522642026,0.99485124292231042,-12.585812783868773,-11.30282760100163,-4.4377943128732014,0.359673380544795,0.1902142449104103,0.3333333333333333,True,5
0.23568820986576094,0.96921035879900175,0.071290589329752255,-0.96084866704437444,0.243393490510486,-0.13239882105279768,-0.14567397423466488,-0.037294626608029249,0.9886294574090162,11.867826863471073,-15.854899180579931,-4.6135264113833214,0.3142836971839128,0.2390351766871161,0.8688524590163934,True,1
0.62734137021130276,-0.77853309895105371,-0.018138882519999757,0.77303873976107274,0.62539048041652323,-0.10629136292758101,0.094095228625142302,0.052658910376680773,0.99416956657701161,13.176780710193784,-4.4047026399265174,-3.411138245220291,0.1495410141082539,0.1581268406811109,0.8309859154929577,True,5
0.95030077298957483,-0.31130879318227472,0.0039084706488462777,0.31078205984454882,0.94779660630591411,-0.071387004095785023,0.018518966877134148,0.069053807732724876,0.99744103560231356,3.5057312435766552,25.719032872777323,-0.36538942857173362,,0.1729354723084409,0.5416666666666666,False,1
0.32395983240273463,0.84852483228225872,0.41839650570954495,-0.93498760023927829,0.35464915351569065,0.0047080048215622367,-0.14438910758221279,-0.39272074927481149,0.90825227701374001,-16.286482350782531,-8.8575986240633675,-4.2003381169387826,,0.195374076980158,0.3076923076923077,False,1
0.98017944422411052,-0.19684422605411028,0.022374266237640363,0.19764639809101803,0.97935692876124991,-0.042378147776651331,-0.013570498965080367,0.045960382466764399,0.99885108239484244,9.2844591655494089,-9.1326336342708192,-3.8348453018438899,0.3962454528603728,0.2421165605006557,0.9072164948453608,True,7
0.91609854025451642,0.39856953392861977,0.043655368140328145,-0.39234581035137051,0.91354214000568257,-0.10726380346400577,-0.082633102587711088,0.081136212986318554,0.9932717076907851,5.0247066646335901,0.40428863635141526,-2.9341309051531401,,0.2216700434161609,0.9320175438596491,False,5
0.91612479750218045,0.39947378105195808,0.033705395022793211,-0.39198996310776296,0.91022801427793876,-0.13352464509002215,-0.084019189619782442,0.10911306189312968,0.99047216795826332,-3.5433880870944221,2.983955532697351,-2.724132042107537,0.3340012624385181,0.2070883476194804,0.8820754716981132,True,5
0.62413188541084652,-0.7773270571257207,-0.078879882566913015,0.77546519974904293,0.62862591299043835,-0.059018518238903854,0.095462629293771986,-0.024333264828330758,0.99513555791716923,9.3714970041292585,-6.1158162954795925,-3.5495368613517253,,0.3658928933667462,0.4166666666666667,False,3
0.98853490769674657,-0.14982011308314741,0.018779509597928123,0.15088504875776743,0.98485273002305407,-0.085433027732280814,-0.0056954654201276846,0.087287077404914135,0.996166917635673,11.422096446061982,-8.004536071402649,-3.7544455271544463,,0.1657121193459014,0.1578947368421053,False,1
0.1256903424011957,-0.99012609856873879,-0.062066470498317955,0.98502746399183538,0.13199476500376292,-0.11089759778018254,0.11799505501877582,-0.047198420997420977,0.99189186711378297,9.1603140766172153,-3.3546302738005234,-3.2491385519469778,,0.1202370387614611,0.1666666666666667,False,5
0.91123446850347711,-0.41169247404018217,0.012690556719864177,0.41042074917024807,0.90495895185847719,-0.11226800123694478,0.034735458277075165,0.10751094023344925,0.99359692313754766,13.351798505504991,-0.6275213914351383,-3.0149414347726577,0.2158414964628104,0.2064383114074947,0.7575757575757576,True,5
-0.94228249328454627,0.31149682055090344,0.12277391268562765,-0.33358457288752241,-0.8419578149355007,-0.42406175328657875,-0.028723432610137909,-0.44054144941845841,0.89727264293712616,-2.72593772095717,-0.60759836797134492,-3.1051750889820102,,0.6968141315857992,0.2972972972972973,False,4
0.26684532552563173,-0.96333605977917058,-0.027878453584472183,0.95474757446596847,0.26818732251988442,-0.12857927162246977,0.13134169671688026,0.0076938916523096867,0.99130729984943267,6.2539467263474311,-4.6445674951356679,-3.4310943364852888,0.1904009647491046,0.1805742167377903,0.8333333333333334,True,5
0.47735360884870998,-0.87870651021857127,0.0028984510713059991,0.87107828385716124,0.4727706336577186,-0.13308099542512425,0.11556883451681732,0.066051471220398894,0.99110092706951169,-2.2200747962882343,18.539312096764348,-1.2273728405210287,,0.2589818763901706,0.8524590163934426,True,5
0.96379181399864,-0.2657651558650202,0.021776620427691122,0.26640084840342698,0.95608336783568693,-0.12220958112154671,0.011658783776380317,0.12358590403444582,0.99226538641879647,6.1862670860279065,-2.8588736493834439,-3.2880786352627651,,0.08190801127120056,0.5586206896551724,False,5
-0.073350386162564174,-0.99634818822257831,-0.043703646019402687,0.98657774537391307,-0.06608117523638106,-0.14932391172315904,0.14589062061260075,-0.05407001114264022,0.98782202886567871,9.7882367169526283,9.6861315292839887,-1.8795147834762622,0.1389122549551276,0.1577070289819482,0.723404255319149,True,3
0.98897282460833524,-0.14806594195485095,-0.0030379300902798959,0.14805350437192027,0.98897135488401244,-0.0039773184526649547,0.0035933312405752593,0.0034836836685960266,0.99998747588091952,-0.32198045621778343,15.153141021861117,-1.5375020030348598,,0.2113847830307185,0.1578947368421053,False,5
0.24179944093063135,-0.94888142863701486,-0.20287204034418296,0.95868737222342282,0.26590495427109417,-0.10105977257759709,0.14983842199176564,-0.17005466674532926,0.97397631265506279,-4.3961009165406573,-14.470567456406787,-4.6595945549953939,,0.3437233463096182,0.1176470588235294,False,2
0.97786083924153022,-0.20468475934521302,0.043500900791170867,0.20552557130465807,0.9785245542678912,-0.015777713228461651,-0.039337242121746774,0.024368955386268362,0.99892879395662526,3.2102661984081022,15.328999007789314,-1.4095884511943169,,0.2368317760269541,0.2666666666666667,False,4
0.85385061539966234,0.51898667830471712,0.0398993022978332,-0.51519341670130336,0.83169348006216715,0.20703067069813269,0.074262170512684231,-0.19732912345702425,0.97752050979323579,-5.9202303213319061,10.167766607264477,-2.132117893760396,,0.4335059663685497,0.3733333333333334,False,2
0.69981855923752945,0.70994694858893082,0.078926005447986197,-0.7088971571828121,0.70384247432628166,-0.045503756684317984,-0.087856728170564863,-0.024106047447158069,0.99584139991850096,4.1362282058896431,-0.28431786619889576,-3.0278916470560997,,0.22021887802075,0.1551724137931035,False,4
0.93297076870615414,0.35759560365394083,0.041120906935789639,-0.35198877626718977,0.93025443228903693,-0.10358857363883477,-0.075295724458793137,0.082171013465672127,0.99376983171368727,-4.5415089347980286,11.093934451527696,-1.9954763866667782,,0.2301558283819251,0.9487179487179487,False,2
-0.84078617380527276,0.53108120922500024,0.10503027728231977,-0.53861159092818489,-0.80106184540377001,-0.26114646073825282,-0.05455423041065556,-0.27613885826956319,0.9595682189911684,12.962656391665655,-13.410148635847232,-4.3240579885550474,,0.154782457169496,0.3809523809523809,False,1
0.8902042031085865,-0.45547789223495461,-0.0087387901342384847,0.45313626312466709,0.887278549733994,-0.086048255202262294,0.046946818946758756,0.072640655745554672,0.99625264432453908,18.507750002174181,-6.7943380992980567,-3.6255901407375166,0.1633325078016006,0.1796564172980607,0.8596491228070176,True,4
-0.70010744645851297,0.71138007951404325,0.06154629057819036,-0.71023475183991025,-0.6849032287890191,-0.16270883342117165,-0.073594569719800482,-0.15762598029820796,0.9847527048161826,7.3455118620498663,16.408048269395767,-1.2515472482258536,,0.2789870260158474,0.7719298245614035,True,4
0.99598678444033095,-0.086130431387290166,0.024328460889434154,0.088239127159499275,0.99045117514137981,-0.10592604070382911,-0.014972697096352716,0.10764765882312008,0.99407635516169579,20.523607803818109,-9.2765286303123027,-3.9690229757159345,,0.1959834179268428,0.8787878787878788,False,1
0.81163992859139744,-0.5825536645494126,-0.043264930789310693,0.57713343046164012,0.81112880467403625,-0.094800135398901919,0.090319597871849205,0.051973937200499191,0.99455571995346137,16.860569344778412,9.0858022216398648,-1.9069264654994766,0.1640316657116798,0.1547274134803446,0.36,True,2
-0.22701730188694741,-0.95802470754935043,-0.17507656716120498,0.96342527896677599,-0.19463537947418605,-0.18419772231145809,0.14238987496223213,-0.2104892604906978,0.96717081982776909,-0.030725983961801134,-21.138073271078277,-5.3882431087086875,,0.2206976101764213,0.2758620689655172,False,2
-0.1763439828006815,-0.98331398925752178,-0.044681072731652324,0.97347966152149856,-0.1674997935719337,-0.15582415652699011,0.14574000251811881,-0.070974767937752606,0.98677375014853386,18.468558639037774,9.0114869884395823,-1.9281958840236315,,0.1168526230548225,0.25,True,3
-0.7074929953814727,-0.70641968941962019,-0.020612711768179616,0.69636589606672061,-0.69185617123570209,-0.19081293750232819,0.12053298420492228,-0.14935280621187341,0.98140997498257265,2.4665073409765981,-4.5966171172495454,-3.4776379318272417,,0.6118308227165745,0.6437718277066357,False,3
0.67303568293380811,-0.73959684477012677,0.0044132418805197474,0.73440706558644864,0.66758264482183471,-0.12239147988886473,0.087574148665714904,0.085614949271477239,0.99247208975704582,4.3565599882624682,12.649541289020247,-1.6564084194404951,,0.1496178225094017,0.3333333333333333,False,1
0.99960222348169059,0.0037132504539890841,0.027957227715340961,-0.00091445149710212763,0.99504070570219993,-0.099464354289002396,-0.028187915654069362,0.09939922417571824,0.99464829746214589,-20.328061282368928,8.6853901984682995,-2.695753117914752,0.3470154606886515,0.2902087248486476,1.0,True,3
-0.064514121276179406,-0.9976836293875968,-0.021570901880922939,0.98653012859927292,-0.060506985706232877,-0.15197766298587889,0.15032043614181703,-0.031085049987730463,0.98814851421504235,6.0357760936913571,11.978311354201466,-1.6981068646116233,0.2634675711136499,0.2241324979063837,0.4736842105263158,True,3
0.52745067860776484,-0.84945689991412132,0.014790430166146619,0.84278005843698456,0.52094713999060094,-0.1354099347779425,0.10731987111975955,0.083887141588592146,0.99067925825613923,-23.065745039462026,-22.592517186080933,-5.7320429940480002,,0.258965283745536,0.8666666666666667,False,1
0.80368725389492846,0.59257227919190614,0.054266857842889836,-0.58482298469665606,0.80341713397338699,-0.1118167492305395,-0.10985842934124626,0.058129190354762106,0.99224599910071509,15.621548065320187,5.2727645536896741,-2.3574223561165089,0.1450708239656509,0.1957640590265985,0.7333333333333333,True,3
0.76897540341457793,-0.63127214958138755,-0.10085783115990883,0.62917990849329286,0.77528133862685567,-0.055421013391326913,0.11317893660817731,-0.020840324849783147,0.99335603343836243,5.5525989552199819,9.697086300062967,-1.9809714653076556,0.3609009150899937,0.112139457940569,0.2790697674418605,True,4
0.5682997053319595,0.78914268626816997,0.2330005700187584,-0.8089613537547643,0.58761377887376098,-0.017075567602836211,-0.15038940471611875,-0.17878441651093865,0.97232667317212695,8.9144924122062879,-11.262395137174005,-4.1045165537160138,,0.3259685346734644,0.3870967741935484,False,3
-0.55839996792886359,-0.82957141223642217,0.00086476419539707403,0.8197963162603833,-0.5519791272940503,-0.15248948448206301,0.12697824877887931,-0.084441192742452459,0.98830471480474191,8.2176939978460837,-7.0212372460965797,-3.6054737527073462,,0.2579380203132429,0.6862745098039216,False,2
0.76115907256837367,-0.63717843836235377,-0.12099795011885391,0.64824162616304948,0.75331512431466707,0.11090138677339584,0.020485613399112569,-0.16284950465042586,0.98643822841512596,4.1877132152146217,-6.5487924453281448,-3.6517234728939436,,0.4109714590538779,0.1949152542372881,False,2
0.99829865742288948,-0.044599371171006201,0.037559109132227299,0.047572419817479762,0.99546429580050011,-0.082387503051879099,-0.033714321294743638,0.084034111392724001,0.99589237001900455,20.108589046591494,8.1967945441804773,-2.0175717115246083,0.1708428619625965,0.1694565190464609,0.2608695652173913,True,2
-0.92980544671062104,-0.36194456379383727,-0.066767986395814091,0.3677351424891212,-0.90607334599888134,-0.2092891699273938,0.015254384476881783,-0.21915114512701184,0.97557166796896655,-12.328860682036245,8.1386296191634919,-2.416042443996842,,0.1460219645946914,0.15,False,2
0.29139201604613085,0.92380493519373752,0.2483447899519261,-0.94554881495771526,0.31750336879390073,-0.071617381525608745,-0.14501079793116034,-0.21395338865327435,0.96602060845882021,-20.639564345211564,-1.327169818507048,-3.4826052760599318,,0.1969937866031994,0.2105263157894737,False,1
0.50722139880070416,-0.86180473885736442,-0.0043640212703521496,0.85481162644590614,0.50373693073624526,-0.12468435308944363,0.1096518850342422,0.059512155862634239,0.99218686113706422,15.402346712464265,3.5406485611775489,-2.549663712715827,,0.1655247020575706,0.6666666666666666,False,2
-0.16949047539362941,-0.98204295370270056,-0.082852977216988408,0.97468243466467441,-0.15459117996042715,-0.16154169317729558,0.14583254200275803,-0.10813511992558258,0.9833817496433902,-4.9861303803804518,9.0728676122165197,-2.1945875732395304,,0.1872257376462966,0.1764705882352941,False,1
