axis_00,axis_01,axis_02,axis_10,axis_11,axis_12,axis_20,axis_21,axis_22,location_x,location_y,location_z,dbh,dbh_approximation,score,reconstructed,number_clusters
0.9102501784081064,-0.41385765240398542,-0.012901792692228943,0.41002899039747426,0.90529032977406909,-0.11102092528521597,0.057626727667282329,0.095766708015988702,0.99373431957145464,7.4179143278158346,4.7893466827815887,-1.3938892532745619,0.2146023795221115,0.2079366018388369,0.9906976744186047,True,5
0.99921515987407417,0.037329064008555408,0.013251613414048471,-0.0366997392183104,0.99831620557314604,-0.044920850741558264,-0.014906153733885461,0.044399264298888061,0.99890265387102695,4.9261218485378073,17.529252868011454,-0.21351287619117421,0.3737814221751576,0.2302877744567853,0.8135593220338984,True,8
0.98535037008353021,-0.17008741036982142,-0.012446726876497439,0.16821923712505493,0.98134176530177297,-0.093116206620890263,0.028052387372819464,0.089658309754800353,0.99557744603551435,5.0088793568625816,-5.6617305125531807,-2.3117247767480569,0.2440782945333244,0.2182371383411325,0.9912663755458515,True,5
0.99631493964378293,0.085720566427409994,-0.0029198517030173286,-0.085691034011125308,0.99335439787386504,-0.0768380564222787,-0.0036861541893672628,0.07680510865829894,0.99703931093577125,-13.929008100507962,-18.319987496837655,-3.3736887744576283,,0.1565415187563106,0.5277777777777778,False,1
0.95033503871275371,0.3112274499149611,0.0008880395594436279,-0.30964446778660548,0.94578122668241826,-0.098072293866563812,-0.031362681071274434,0.092926560651572107,0.99517889676253235,15.825425888953591,-5.3933638643447539,-2.4729046377973938,0.2630378592948088,0.2542358044799958,0.96,True,5
0.92926275107516354,0.36941083356808391,0.002524976584481347,-0.36741090755890615,0.92490048297324245,-0.097817797984843913,-0.038470306353858563,0.089970732121041341,0.99520113690180467,6.1542463985970883,-12.063572518653565,-2.9141253249204317,0.2704816278256233,0.2364997394762761,0.9837837837837838,True,5
0.98211722155244596,-0.17490191891474891,-0.069678417677520407,0.18631271540994654,0.95612606528418354,0.22607635736794254,0.027080162604325761,-0.23501545915986891,0.97161432613419185,10.825845250402599,6.6908395268417573,-1.2601757758184233,,0.429711371265845,0.3380281690140845,False,3
0.17930954031293234,0.98360815732669493,0.019054700027768719,-0.97662435993660635,0.18030350137178769,-0.1170278042667099,-0.11854513204336348,0.0023749175684919226,0.99294582502539575,13.862864053010631,19.835690045847677,-0.19593972461237746,0.3798557654972318,0.3311848203830791,0.9482758620689655,True,5
-0.31666787087185494,-0.9278481887624811,-0.1970258819740951,0.94152521148950907,-0.28226268778303809,-0.18400557386973587,0.11511618342840356,-0.24377348850044991,0.96297598652157468,-10.272343086589286,5.4645838805940983,-1.4316555193134324,,0.2892898281963857,0.42,False,1
0.56649372716433966,0.80636117468088997,0.16990148042530739,-0.81531958922964398,0.57839844882666647,-0.026630843270756821,-0.11974483079390209,-0.12343779956788957,0.98510115477344706,-10.751851958471587,-6.0134283001167601,-2.3386920272075034,0.4862807418761818,0.2046074015819517,0.2077922077922078,True,7
0.99283972580074209,-0.11907276376164763,-0.0095370751317895922,0.1174787655452177,0.98776415664623762,-0.10257051472483589,0.021633735643164963,0.10071567790125242,0.99468001573722786,10.489277319177877,3.7453612143640496,-1.5704830940458065,0.2342914464994898,0.216386754350228,1.0,True,5
0.77340094311812158,0.63361469950930405,0.019580443042343607,-0.62969713061870736,0.77144391615187768,-0.09141010842801385,-0.073024002044303218,0.058366915268748876,0.99562081051344253,-9.70238748022431,9.0787576473858813,-1.1271249920965061,0.3370522879794589,0.2035996332537258,0.898876404494382,True,5
0.18902972685660088,0.98149615543735713,0.030546018172673155,-0.97384096954587518,0.19136853153846167,-0.12252285978853639,-0.12610126247769049,-0.0065865012335253161,0.99199550886232968,15.670137948996924,-22.389846428644059,-3.9139690461148806,0.181508019367803,0.2606579722096835,0.9583333333333334,True,2
0.49111775157348686,-0.8691757813198574,-0.057765173386901257,0.86426310600197953,0.49448232898406436,-0.09239323528433746,0.10886981993745659,-0.0045483501966621679,0.99404561002867209,-20.831109150644373,3.3802644933052166,-1.5357125938585034,,0.1514969154377215,0.8108108108108109,False,3
0.99601781221437391,0.0889537808795927,-0.0059785131024588092,-0.089088001775456005,0.99562380357237668,-0.028223566389245891,0.0034417570145477338,0.02864378863379027,0.99958375721164772,-15.923941083307172,24.143841639365512,0.37855239293389531,0.1730248850704059,0.2436934084521848,0.3548387096774194,True,5
0.74165465599158786,-0.67041070855537965,-0.022312621994602804,0.66514995083497852,0.73932206523888255,-0.10477798793229365,0.086740498904640209,0.062867843172706439,0.9942453017965871,7.4539945382894999,6.7371148287277078,-1.2280998326316692,0.18155368188382,0.1624449409915924,0.8285714285714286,True,5
0.26538613418476464,0.96272153395525206,0.052320625391062962,-0.95697812379182434,0.26962913908838343,-0.10720540069574937,-0.11731611298685742,-0.021618867067980739,0.99285928218471686,21.939570396139409,12.263582579842703,-0.99086281828313438,,0.133165004513082,0.6,False,3
0.97580542521178582,0.21440994091648757,0.042803613906232503,-0.2127169596843379,0.97625888055703491,-0.040866773743179971,-0.050549650739616786,0.030772964915861543,0.99824734281659333,6.0194693012761249,10.986898404840863,-0.79237947641956175,,0.2606522321874105,0.3181818181818182,False,6
0.99811649460873275,0.060772811758106615,-0.0083742785355339321,-0.06088575998477512,0.9980470270635311,-0.013966245047423193,0.0075091558149569587,0.014449813862540755,0.999867398937622,-16.787382616584956,26.372731762440448,0.55526661384956866,0.3049087912675549,0.2093188349343942,0.675,True,5
0.93835667538492396,0.34557159191025433,0.0081868568550871948,-0.34386126074464113,0.93560746479723511,-0.07998815646579692,-0.035301318950697921,0.0722422776516881,0.9967621934042431,-10.31320169274424,13.139133835839068,-0.71891508821307126,0.2109627570295261,0.2244705292115292,0.9206349206349206,True,5
0.87746355577799418,0.47959785589988702,0.0066034004627404828,-0.47681853638579752,0.87370517198719588,-0.096350172816302759,-0.051978761435281344,0.081395141495403972,0.99532559461745906,-11.890289870265523,4.0693431272917566,-1.5507495106863989,0.2492367414179212,0.2128217937537188,0.8823529411764706,True,5
0.97464700512171376,0.22371491830083978,-0.0038536653878922349,-0.22187952577413012,0.96858534948732344,0.11230270166280928,0.028856393563997766,-0.10860044239397681,0.99366657006377734,4.775500120182059,-8.7415045967006844,-2.615164982130691,,0.2631980716956875,0.2083333333333333,False,5
0.99415516684838456,0.1078996761171384,-0.0036282395837323031,-0.10774341960803989,0.98946335070892588,-0.096714182698459022,-0.0068454188934029547,0.096539823377100265,0.99530558259385438,5.4598037222054794,2.4301141438727396,-1.5929581878236359,0.1907228261230199,0.1808866588781488,0.9659090909090909,True,5
0.96263954796885087,0.27076628428614086,-0.0032741380856105414,-0.26946448800376899,0.95667815088086028,-0.11025336880134377,-0.026720598630898894,0.10701651704786122,0.99389812087947516,4.8643185390826984,-1.86528815983553,-1.9581525792263286,,0.237796561116733,0.971875,False,5
0.73608132575888907,0.67679439588427492,0.011559739126628082,-0.67229865538484601,0.73296488791932435,-0.10381228754410504,-0.078732457327102767,0.068642689174096161,0.99452972875936907,-8.5914204049976934,-14.423782504082228,-3.0462951098758113,0.2634862458377578,0.2110504186587857,0.9620253164556962,True,5
0.55195913158075705,0.83360497656420984,0.021067987848847104,-0.82742763520583174,0.55065398096906515,-0.11019846523706577,-0.10346316041133166,0.043392813809466309,0.99368628759150934,-9.8443269605566837,-0.30892222795922009,-1.909838247772133,,0.2788692154033549,0.9645390070921985,False,6
0.89605273973307153,-0.44328712641448348,-0.024207667629203747,0.43972730550913519,0.89371492809078878,-0.088957990632385658,0.061068685973516321,0.069066278768047579,0.99574116352122477,10.550558696492072,-9.8414368500109166,-2.6715360166519151,0.2778511242060554,0.2728057748871717,1.0,True,5
-0.20698976726189106,0.9783196248934668,0.0067784804474248731,-0.97084152161100146,-0.20454136000544698,-0.12501828651505012,-0.12092136355874109,-0.032458336301018992,0.99213128175643484,-14.155936213342468,3.9822866731529625,-1.5271299826860216,0.2635528973177121,0.2233308223630697,0.8901098901098901,True,5
0.52507740606541198,0.8424077180574564,0.12100807492414739,-0.84245166720035525,0.53465451356255811,-0.066481121820609237,-0.12070172356251076,-0.067035719466669308,0.99042279166254332,-11.728909758183137,6.0660999367306925,-1.2895073983233589,0.2944668864742179,0.2288432642771739,0.21,True,5
0.7705183255055621,-0.63657957885660854,-0.032679501875724923,0.6317613996146022,0.769491343488233,-0.09359811031036408,0.084729239446023827,0.051473411383110665,0.99507358718010475,10.80630538138799,-14.534746384682128,-3.1435587341910551,0.2335450190308822,0.2710434626310388,0.9908256880733946,True,5
0.941069981503593,-0.33762165239430719,-0.019972725086119449,0.33495332035139291,0.93855425590816299,-0.083199650854149987,0.046835489731668664,0.071606763306359025,0.99633272973960996,-12.412184792408265,-6.4289707393042255,-2.2916805152546367,0.2681754047786711,0.2159483496890766,0.9156626506024096,True,5
0.55378491347744074,-0.82746043553925319,-0.092905851387162286,0.82581486501378165,0.56008026587996407,-0.06587795150198951,0.10654613238899625,-0.040240817449679611,0.99349312945985113,-14.792702049164244,7.1754906514165571,-1.1867385204576795,,0.2874853316476476,0.2058823529411765,False,2
-0.983173202968875,0.0032820415203823512,0.18264632809717873,-0.073791526361710991,-0.9217697040937971,-0.38065131452819512,0.16710853838488543,-0.38772392345365086,0.90650145922694214,-5.31782698499243,-21.050736764294246,-3.6283439166680784,,0.5165997381780596,0.1812080536912752,False,2
0.96113092486945551,0.24816037562132479,0.12101145908990459,-0.27472090877176536,0.90324153356624881,0.32967128222595554,-0.027491226658697937,-0.35010164240170794,0.93630821444886736,-10.147576279054245,-15.696896907531732,-3.0718853455166668,,0.3721472657642624,0.293103448275862,False,1
0.98575393354910745,0.16819376126807267,-0.00020288657412540802,-0.16776593643422813,0.9831591023488353,-0.07247599630898599,-0.011990540638763515,0.071477535905571529,0.99737013630650651,17.43082717841331,-18.505842245878679,-3.6805698662524513,0.2841666005399996,0.2190673784667891,0.9565217391304348,True,2
0.71770095699632031,0.69114508592980939,0.084992979249129533,-0.69163241425622324,0.72169312896493254,-0.028348388929771318,-0.080931698837194282,-0.038438233568703781,0.99597819369875951,-7.8060401538161903,-18.768628713192797,-3.3658303327372363,0.3800050461247333,0.2492261613556187,0.8275862068965517,True,5
0.92305973214462,-0.3843134254531288,-0.016245673565168761,0.38157000746247138,0.92017538778572316,-0.087644652537873277,0.048631885612148734,0.074702387712023213,0.99601932359363932,-13.181260736088694,-9.4397748983409642,-2.5429986619871698,0.2172802650148721,0.1888425889164758,0.9125,True,5
0.98929796058014596,-0.14541964984390479,-0.011944481204268196,0.1437755773349548,0.9855073869515012,-0.090020962147845621,0.024862191254260792,0.087340229581216039,0.99586824215994374,-17.351436756096437,-12.540800793261585,-2.8628551087273078,0.2595973783313429,0.2818892844156355,1.0,True,1
0.96343117053320237,-0.26741676799047809,-0.016989756989132184,0.2648654218386351,0.96000521635253488,-0.090754024099010067,0.040579403140816088,0.082935256516445358,0.99572840436902565,-15.946032121543755,-3.3301348739434329,-2.1074919620645387,0.2128246953873698,0.193114281270118,0.9347826086956522,True,5
0.98481269689523299,-0.17256232611992528,-0.019136238868177217,0.17144563685128336,0.98394294326512288,-0.0496253766073953,0.027392437616928188,0.045590876311477596,0.99858456144612784,12.050538726378402,-24.749895406125596,-4.0683655412921231,0.3343015023422893,0.3248730401485133,0.9565217391304348,True,2
0.31439658708365115,-0.91177179981710887,-0.2642479348801467,0.94173110929116566,0.3346275073041195,-0.034160637415920882,0.11957133361881866,-0.2381105130264127,0.96384961470289321,-5.0908263676616654,-17.726778294420189,-3.4031555270692446,,0.3015571677349205,0.2807017543859649,False,1
0.12640118011793355,-0.99104945417952239,-0.042938572813545808,0.98472864954191908,0.13058363914733423,-0.11514078321075594,0.11971728545260797,-0.027728911942397631,0.99242071673577492,18.431987585619265,9.6380540162076667,-1.2290916426976275,0.2510355929207489,0.2596100778490821,1.0,True,4
0.66967933400137014,0.7425825197772169,0.010039468750995244,-0.73761571319727348,0.66665001865896933,-0.10724184009273176,-0.086328727871783154,0.064412374147494886,0.99418227544083904,14.329319562282917,6.6791597489389165,-1.3685477767605028,0.2670276981552443,0.2586255185452089,0.9578947368421052,True,5
0.89786256878001713,-0.43433329043200863,-0.07209299831643548,0.43424434584905308,0.90062072330718823,-0.017724583147855494,0.072626824809275847,-0.015391737138528878,0.99724041170922328,-9.0104254325699547,-18.049436605247887,-3.2842362454389855,0.3198473716144527,0.2091881852668369,0.3333333333333333,True,4
-0.36250475919598135,-0.87409571637270311,-0.32333725145605313,0.924760319495738,-0.29424925527830864,-0.24132079739280884,0.11579572982802037,-0.38648939750923578,0.91499578937093717,-9.5187912896404008,-1.2269647967386879,-1.9644872914847258,,0.525249681576534,0.1944444444444444,False,2
0.99808189729295915,0.061880503848778849,-0.0018247025805886771,-0.061849703201338257,0.99544620022294728,-0.072536037082277197,-0.0026721732714610116,0.072509762826231797,0.99736412296858279,11.669238435776609,10.111389099638673,-0.96950883992037418,0.2607180810566657,0.2614190630492802,0.7702702702702703,True,5
0.98850475891190415,0.1511199588024649,0.0045934366283258716,-0.15091773612409609,0.98809243198226304,-0.029953009574216607,-0.0090652375421043634,0.028915461450870501,0.9995407533249393,2.916690125299302,18.760529021061302,-0.11319122259920524,0.1716727140470761,0.1877853027698394,0.6111111111111112,True,5
0.9972691146588154,0.070798403717343014,-0.021021393357736045,-0.070855208135645054,0.99748466806208425,-0.0019688730607563126,0.020829124505820217,0.0034529714958396558,0.99977708743508009,3.8148644389304733,-1.5176500602882352,-1.9217636885785341,,0.1907752388971679,0.3045186640471513,False,4
0.99852423437136484,0.054022890048412701,-0.0055570427294584866,-0.054307864774750685,0.99346217710222562,-0.10041692332925528,9.5899360241681088e-05,0.10057052261037158,0.99492992757539955,6.7303238327522132,-16.226058435683189,-3.2879614436344524,0.2737468534652994,0.2542029186037226,0.9864864864864865,True,5
0.97664458821030098,-0.21436856106016836,-0.014541951331380049,0.21228760109347289,0.97317770925753522,-0.08865168146309535,0.033156036275615156,0.083494108973318812,0.99595653069059265,15.795437650190095,-8.9754086852502137,-2.7795948808714699,0.2289644542612479,0.2946404447135547,1.0,True,5
0.60055408705775215,0.79383060866842092,0.095748385152723908,-0.79402981871772937,0.60618094405812417,-0.045401652479740658,-0.094082067926463689,-0.048760924949448753,0.99436961774420418,-6.4931680569056089,15.559857505176291,-0.47310130023077185,,0.1429127530023063,0.3714285714285714,False,3
0.59891299764050121,0.80072181113274798,0.012157402418286403,-0.79512461609504659,0.59639584918499133,-0.10994924262866601,-0.095289381029437029,0.056183380560484185,0.99386284849159234,-12.089260379432567,-8.4943741482643151,-2.4435113390565379,0.1648978513423033,0.139370371561907,0.9137931034482759,True,5
0.99989561734129162,-0.012051951177953378,-0.0079689958264608819,0.011414760310236978,0.99706734657279172,-0.075673044377458726,0.0088576333598632193,0.075574181246621713,0.99710084016621192,-13.064186103768858,-1.8533048922018602,-1.9865924942058208,,0.2189881568117592,0.9444444444444444,True,5
0.90758282474570262,0.41985638163946654,0.0037463346388116386,-0.41738446569596765,0.9031375959780904,-0.10066126626765298,-0.045646730685809447,0.089794774500137106,0.99491370201146945,-12.248883644028144,-21.432467043798521,-3.6496147192774773,0.2776693026336875,0.2525286495680401,0.8611111111111112,True,1
0.9971355316646684,-0.075298467842954464,-0.0071324772922090321,0.074318111439968429,0.99292528266947799,-0.092607782328133714,0.014055241151142589,0.091812438025804008,0.99567711956233218,9.802698592934501,16.178382176866979,-0.40726572594622462,0.3324471362707713,0.2995205520078371,0.9493670886075949,True,5
0.99795180622144997,-0.063463789358311984,-0.0080336728605198884,0.062233742472163248,0.99223799189384343,-0.10766024679695727,0.014803842651640305,0.10693977222136333,0.99415528533523823,18.695287485210287,2.4743868256920454,-1.8347278842401074,0.3360471403540444,0.2246909189751099,0.967741935483871,True,5
0.99684287706415786,0.07922550815680178,-0.0052533135969664033,-0.079353828657542591,0.99184319950912403,-0.099749874510658407,-0.0026922711306441721,0.09985182244105148,0.99499867599477676,7.8105239564607416,-3.3039710017942898,-2.1177267539179883,0.2295098895422499,0.2122913212875474,0.9814814814814815,True,5
0.7607211915996126,-0.6476148903408806,-0.043568594882483345,0.64341935730226185,0.76123224399103417,-0.08085172451542369,0.085526599955856306,0.033472742898406668,0.99577345625541114,18.525373884137519,-29.014380965716001,-4.6692327690409767,,0.3414604197755702,0.918918918918919,False,1
0.99885101481617433,0.047108543355778583,-0.0087997354276757467,-0.047733763619391655,0.99430089711754488,-0.095326878696276818,0.0042588744321004372,0.095637394015852195,0.99540712819149024,-11.171111450445158,7.87303746250599,-1.1880473060063488,0.1519302750585106,0.1452312427308164,0.5833333333333334,True,5
0.97786104324963419,-0.19717957873345962,-0.070057075483015541,0.20703804524265096,0.96027501585335107,0.18710195549472081,0.030381374505436595,-0.19746419335753471,0.97983920335166164,-10.640487908923506,5.4913853888059148,-1.4086789228027299,,0.4745934415151226,0.2074074074074074,False,5
-0.88536802722291674,-0.4641871209190746,-0.025568987939697505,0.46185419741504813,-0.8719775042902691,-0.16231430110071954,0.05304862582104939,-0.15551703695921462,0.98640777293871951,-6.9381183550245886,-22.600154275340515,-3.6764203667687574,0.3483265410743333,0.2176908984331692,0.71875,True,2
-0.16502683134849797,-0.88015483594183686,-0.44507708287809344,0.97885925513976602,-0.090873150052244694,-0.18323926769883428,0.12083337106237345,-0.46590721755278797,0.87654421512546765,-8.2519165005978188,-9.6079469650846079,-2.7381837989473952,,0.3603001959450717,0.1842105263157895,False,1
-0.04056791178934422,0.9786463002513035,0.20150847013832504,-0.97776095895671977,0.0026483119425062332,-0.2097057309276294,-0.20576139500180327,-0.20553443859434234,0.95677470852788593,8.6613224170313767,6.7899691796486978,-1.2433077324314856,,0.2377636771857187,0.5,False,4
0.62700469699774763,0.77880536993465621,0.018091592072187926,-0.77354951410467232,0.62518366655345958,-0.10376190198332993,-0.092120894324730723,0.051064457656146853,0.99443761091035565,21.578974984514609,8.0630191491763235,-1.4059732937606322,0.2872434513024203,0.2394086273853839,0.9423076923076923,True,2
0.75255122440561939,-0.65817941136041247,-0.021599007080513398,0.6532033906038327,0.75022293462382561,-0.10242499142334151,0.083618091040513723,0.062971508046703165,0.99450621115459337,6.3732416726638101,13.981379224835859,-0.50724567425212352,0.36451276329688,0.2723938773348404,0.8275862068965517,True,5
0.89864598684390373,0.43860483874790807,0.0078221324629703347,-0.43597635838578913,0.89495122557046125,-0.094799360644445066,-0.048579885323171389,0.081780800172481391,0.99546566764762734,-14.097836901414924,-3.7305629939484719,-2.1031050823421191,0.2299938906579487,0.2003613604206012,0.8923076923076924,True,5
0.9870599173728154,0.16033351429652992,-0.002425635854107557,-0.15990206404842727,0.98304630102689416,-0.089729036272516008,-0.012002059365994616,0.08895579930879359,0.99596326053741058,12.509223804340367,-0.66042652954831926,-2.0092189420134079,0.4373990672605671,0.272992309692602,0.9897959183673469,True,5
0.76672192393387673,0.63962053156166165,0.054982424136364422,-0.63768955948461559,0.76868460899394564,-0.049759397304842461,-0.074091275353111843,0.0030899030084444428,0.99724667731507,-18.972065024515629,-13.150765451325865,-2.8900654359588751,,0.212232425988843,0.2916666666666667,False,1
0.97720508772278258,-0.21180482991195496,-0.014454430278533366,0.21008986118199258,0.97459268450351966,-0.07766176369845304,0.030536318658938057,0.072854741356970926,0.99687497706812223,7.5288513030510167,-23.243448645236594,-3.8716718755853865,0.3051428897183954,0.2560236713795634,1.0,True,2
0.81171941922538782,-0.57963269130358508,-0.071676548637351956,0.57757829776528347,0.81487589525213189,-0.048791241914862615,0.086688490602601198,-0.0017940204012346101,0.9962338516070629,-19.947177092258613,6.7638225982307327,-1.2248093671643157,,0.2205660282678041,0.3461538461538461,False,2
-0.42782557549130573,0.90382986885268735,0.0075395706288325058,-0.89653485648043507,-0.42328304921044246,-0.13060134519489436,-0.1148500242539762,-0.062634083539588797,0.99140629587874662,3.9631206460616766,11.139089144031445,-0.77039576744430383,0.1238656788468211,0.09917229226745214,0.7843137254901961,True,5
0.99561149300271812,0.093493770188788072,-0.0040828833912029579,-0.093489684778667315,0.9917264019766977,-0.087968303736860501,-0.0041753851182234018,0.087963961701603824,0.99611490682595194,13.821936121504095,-17.394108238716996,-3.4001557051335221,0.3034274536284611,0.276047418438233,1.0,True,5
-0.089736215865750382,0.99456575138595615,0.052786150950645185,-0.98754791281455778,-0.081976594190182328,-0.1342719550039739,-0.12921505894324581,-0.064177910335776717,0.98953760129023249,22.435106916099478,-9.7379604780556832,-2.9733128223539005,0.2588880092558973,0.2503548627847179,0.9285714285714286,True,3
0.58626245196665783,0.80989517266490174,0.019134960363972359,-0.80432918259343567,0.58472793158866798,-0.10558319965133121,-0.096700069506784406,0.046508658485562938,0.99422635312249474,19.419272206246742,5.7367301320010551,-1.5739575295526853,0.2542256777752185,0.2427432797805243,0.9852941176470589,True,5
0.4405793042259753,0.89711080400951315,0.032895015080711486,-0.89111796104579732,0.44148228733787648,-0.10489122684236597,-0.10862161934594562,0.016899564974324162,0.99393950948452714,-11.565319517656295,-7.3764487983883837,-2.4084557364940475,0.2577749759033698,0.2177690179780852,0.8588235294117647,True,5
0.98748900500241166,-0.15746031223999882,-0.0084684749883860797,0.15573109512114844,0.98226187475552229,-0.10444824275273565,0.02476471303517731,0.10182268642620187,0.99449426821738718,-9.3968237575076916,-10.096404850427847,-2.7270858246912471,0.2170530728200667,0.1841251749482292,0.9207920792079208,True,5
0.94831763925813184,0.31729889434547826,-0.003881587178033336,-0.31593186675799567,0.94294669713966361,-0.10506465590391117,-0.029676769343912956,0.10086098353940495,0.99445781778855347,-11.443813645407465,10.174833399790707,-0.98009875828257054,,0.2385952437829738,0.9506172839506173,True,5
0.99452605307699449,0.10445218357449382,0.0027696746405192277,-0.10384023632785128,0.99095379743752987,-0.085016331745811441,-0.011624761093032527,0.08426335318902349,0.99637570837454237,-12.625483644944637,-13.984339544910689,-2.9314521751645986,0.1432488106384776,0.1502429446012811,0.975609756097561,True,4
0.81465812638467205,0.57782731541360222,0.049474545751583027,-0.57252503875815064,0.81490777749378562,-0.09022413299731305,-0.092451160676294331,0.045176406918305545,0.99469184934207522,-9.4737416703262216,-3.4825827442312844,-2.155459672993453,0.5821806016850606,0.3665079035084321,0.6190476190476191,True,8
0.87165515271455951,-0.44659480257928408,-0.20191675773775614,0.48556909453565456,0.84288279027461066,0.23188630035150962,0.066632943638879491,-0.30016942577160688,0.95155576119004259,-9.4080922992481213,-3.8655644681821077,-2.1686839291191635,,0.5708674827341174,0.304093567251462,False,1
-0.34342540703176538,0.92482124683838762,0.16359905623614204,-0.93167143899792337,-0.31348865778472196,-0.18361152250300647,-0.11852138862080969,-0.21547742999354572,0.96928951175733424,-7.4251576354804163,-15.927724649585215,-3.1926462766193566,,0.5144361611400353,0.3263157894736842,False,1
0.80597292863859138,0.59120056757108985,0.029824942671436476,-0.58782907181897026,0.80527879664292434,-0.077350126061777047,-0.069746832373816486,0.044810139264970149,0.99655779099501995,-15.65983814555004,10.798341027118283,-0.82511835065994965,,0.1240807807046627,0.6666666666666666,False,2
-0.0090376734483840048,0.99007349128467437,0.14025976726779465,-0.9901703865333854,0.010717498617825717,-0.13945515714989626,-0.13957408817887987,-0.14014141814164885,0.98024459030911315,-9.0086595299634649,10.010927715113498,-1.0324251213962685,,0.373706525844669,0.1308411214953271,False,3
-0.61186934954063354,0.73724478983958286,0.28650657749362518,-0.78434855554313798,-0.51881836212850974,-0.34003654294161245,-0.10204529636447987,-0.43277895856046328,0.89570593975768953,-6.2642596462683224,11.263349425501406,-0.90021902806522092,,0.4768466601472071,0.2708333333333333,False,1
0.059511028168637889,0.99751616535575716,0.037682056475989024,-0.98893387848182068,0.064054053410318612,-0.13381652451253143,-0.13589783485109852,-0.029301503300276324,0.99028945283039804,-23.397917113000457,1.8988406797759443,-1.6634624518559042,,0.129227724302411,0.9354838709677419,False,2
-0.68534669271307169,-0.63907684585196034,-0.34911415881221836,0.72309536424029996,-0.54046610605446477,-0.43015053460446867,0.086214876914838659,-0.54724507608769968,0.83252016293680575,-7.261865592871704,-2.4755111828758425,-2.1166861503429208,,0.5580571021354535,0.2849740932642487,False,2
0.70554881780348544,-0.70760288137249516,-0.038717282567957777,0.70258614053651824,0.70559409194563505,-0.092247994760941157,0.092593632729817521,0.037883237516840848,0.9949830548773877,-17.920447145064159,-4.3010458110443794,-2.1792456924728327,0.1815934327469916,0.2076977733353191,0.5483870967741935,True,3
0.89605088051739179,-0.44281169554837124,-0.031790278538960555,0.43923314230048577,0.89466411588270511,-0.081549779010490042,0.064552817357954095,0.059109407351072937,0.99616214128712843,17.638327709441626,-14.820391745586065,-3.3238691843354102,0.2485273313325281,0.2576215204888937,0.9814814814814815,True,3
0.58120159748904521,0.81338474176972364,0.024697468137069262,-0.80800337945806866,0.58042803831624756,-0.10116239973771046,-0.096619055369640355,0.038840110614572772,0.99456332324640118,28.355522502943124,6.4307033471622503,-1.5768512356128119,0.2594502258969463,0.3196099504668175,0.9807692307692307,True,1
0.53864769527587653,0.84200432910041223,0.02978875878836754,-0.83650262621282789,0.53868115529911875,-0.10042892643381485,-0.10060823382322351,0.029177434804514991,0.99449819536548179,-18.421055365665204,8.5557638425492701,-1.0461944693482337,0.2997640913532589,0.301938578430176,0.918918918918919,True,2
-0.30510441868640426,-0.95092673320438015,-0.051474671201245346,0.94526882714874927,-0.29583811218011474,-0.13764685177123756,0.11566390153742198,-0.090654064767945797,0.98914291304249347,3.7954002649242762,17.013113974487375,-0.25657908599491502,,0.06720417768941375,0.3214285714285715,False,1
0.99796231346668662,-0.063280125124830069,-0.0081759809445062781,0.062079845780704759,0.99256275889213408,-0.10471514889584896,0.014741561927523204,0.10399420861096906,0.99446864753360398,17.883608696172445,17.050019149542393,-0.50130237652439791,0.3178506611239634,0.2716416959487743,1.0,True,1
0.24959450692029947,-0.96754952498964708,-0.039376373722332603,0.96070029637389864,0.25251911499813268,-0.11527808598195548,0.12148054437775588,-0.009056116875792268,0.99255249940988821,-19.252659274108773,0.4333908003878762,-1.8127270207833386,,0.2520537201653555,0.9090909090909091,False,1
-0.68716190208952288,0.68983637859797953,0.22789096313705279,-0.72031970502680165,-0.6060824672917059,-0.33734784035428306,-0.09459409530625984,-0.39596693498879759,0.91337951779573356,-15.25664289325686,-14.556005118825658,-3.0345598341443689,,0.1382154247053103,0.2222222222222222,False,1
