axis_00,axis_01,axis_02,axis_10,axis_11,axis_12,axis_20,axis_21,axis_22,location_x,location_y,location_z,dbh,dbh_approximation,score,reconstructed,number_clusters
0.45887899899369372,0.88522235628154677,0.076232829029833082,-0.87874766062589427,0.4648459371275997,-0.10826266060134333,-0.13127304836509138,-0.017309958847721164,0.99119511303154939,-9.1540186933848009,0.49940993777538389,-1.5980014100593387,,0.2553266333755053,0.9044585987261147,False,6
0.82527338708885711,0.56236299190949879,0.051688508331010866,-0.5591057723128855,0.82650901320467951,-0.06544911349927654,-0.079527177299963087,0.025114068209400105,0.99651628769863876,19.075874646788257,5.209678926588297,-2.1308543313716104,0.3152103608198628,0.215992604893102,0.967741935483871,True,5
0.9982929006641994,0.053924094964562429,0.022438281255734313,-0.051932385559816135,0.99532172756313197,-0.081471995009380405,-0.026726612458843117,0.080167640747341173,0.99642302139376493,5.9178017556712668,4.2860528907256779,-1.7038126432886052,0.2103650183576224,0.1829884059756226,0.9804878048780488,True,5
0.93393785514564576,0.35656789822374668,0.024888083137293227,-0.35432948474289344,0.93273461418939274,-0.066758937490035281,-0.047018070651449161,0.05353011721697043,0.9974586846496204,-7.8836406765171141,-9.0997443145220416,-2.3179569339322432,0.2064452518891174,0.2517399354748432,0.9078014184397163,True,6
0.042262079123732608,-0.99906724291819615,-0.0088634528245925062,0.99328961610041488,0.042970274437753059,-0.1073745503452036,0.10765526097330241,-0.0042661039108994186,0.9941791313149716,-12.019046193155589,-17.727937022644131,-2.8116468796665322,0.1328134751030124,0.1102252692382201,0.5609756097560976,True,5
0.9312938781490091,-0.36406607511532657,-0.012149299251403727,0.36400169424479978,0.93137026887383279,-0.007224184715265855,0.013945576685603506,0.0023054734885467575,0.99990009785123013,-3.2798251838777506,-16.378092413413796,-3.0314381257213787,,0.5158896822742131,0.5,False,5
0.59203637771736917,-0.80584678501590945,-0.010192474616985837,0.80210245645626077,0.5904193795755629,-0.089647116899757698,0.078259675479315657,0.044898945434485728,0.9959214366066943,-15.039342307734211,-2.9220396353359854,-1.7128952196993998,0.2275766704546442,0.1645226172365601,0.7777777777777778,True,5
-0.70489905076339843,-0.7092728877900043,0.0070213160366164699,0.70318334945970873,-0.70007657258818856,-0.12420132670707834,0.093008092526852285,-0.082612124771131168,0.9922321963962436,-11.435744159613717,10.847368417613515,-0.73114300652924924,0.2761249183581282,0.2325924713068018,0.7972972972972973,True,5
0.86462547129159761,-0.50240776428212297,-0.0030385494601609178,0.50095554371941009,0.86255566983789733,-0.071001828478476373,0.03829278797075876,0.059867811213834561,0.99747155727363557,-11.275590442680297,-5.8065693358131281,-1.9691696929907572,0.2670255021036557,0.2258252349664411,0.7282608695652174,True,5
-0.97735753703559602,-0.20978666439742752,0.027600728988809095,0.19710165999036128,-0.95008107942868147,-0.24186127871297303,0.076962201298797467,-0.23094479416655286,0.96991820357111058,6.0382372207331754,-6.9487968004462903,-2.5444786481058737,,0.5419054470969071,0.5401069518716578,False,5
0.86484366148393155,0.50086790233780598,0.034304308749683654,-0.49658323035367946,0.8634902251908827,-0.088259426302829402,-0.073827749001118215,0.059295660950242288,0.99550664893304563,-11.505188642910953,4.7232016371151575,-1.2964825979406176,0.2541287764511476,0.2038595012459986,0.9615384615384616,True,5
0.99835765836363577,-0.054192321361418362,0.018578974464147021,0.055471427460209013,0.9954759884591583,-0.077139335859140373,-0.014314563290769307,0.078043248950330393,0.99684720221861078,22.729577478487311,0.1831030701982905,-2.6904180328861487,0.2740669553283435,0.3232345466307519,0.9166666666666666,True,2
0.64031955000239793,0.72302059504035621,0.25929152132727751,-0.74685557016887028,0.66491519434732749,-0.009723252222663889,-0.179436983903699,-0.1874273285130619,0.96575015678693965,-9.853601050768054,-5.2622734644448705,-1.9541721923012176,,0.3494903170660806,0.26,False,8
0.95438919555739155,-0.2984430765880034,0.0085436198419291884,0.29824696664499833,0.95165991885672807,-0.073431231289310658,0.013784422018114049,0.072630082461017306,0.99726368671045751,-7.1350925713468127,-17.193427328134131,-2.8882782266379809,0.2893008672910247,0.2376424111319237,0.925,True,5
0.37617952227910567,-0.91166901309094917,-0.16537405355024382,0.91923904700134573,0.38959233282075578,-0.056722029894384816,0.11614018032499322,-0.1306806212759048,0.98459841241849544,5.8254013905434379,12.870145456569405,-0.97982869841806819,,0.2085755377991241,0.1142857142857143,False,4
0.94705386045384676,0.31556293178965783,0.059236994182526814,-0.31518180265765833,0.94889783410224149,-0.015916397505191922,-0.061232480538794758,-0.0035967369086600254,0.99811705065622192,-4.7883151419780248,-21.618503652215452,-3.2889853899604984,0.2987182788369394,0.2430364551193563,0.6938775510204082,True,4
0.91244042646668067,-0.40901349201034137,0.012666155802313877,0.40831052126190398,0.90794887919842249,-0.094399952273085758,0.02711063216036088,0.091306057388515965,0.99545377467164708,-22.871232364098308,1.7558782970156568,-1.1586411712235682,,0.2094347714401543,0.8809523809523809,False,1
0.88754156657440941,-0.46049531940368765,0.014629709837773043,0.4595292055952187,0.88249768340419954,-0.10015362195770464,0.033209589092139044,0.095613281470282835,0.99486442473274417,7.6906537641460773,6.7645734760222256,-1.5615130425145995,0.1859770588705956,0.1927350937312241,0.9669421487603306,True,5
0.99023871192479296,0.13697937414686931,0.025767119820782045,-0.13474108392393894,0.98807501055376645,-0.074515862889563592,-0.035666983451485723,0.07031660243147575,0.99688687508360985,-20.95124133496903,-5.9107655562006363,-1.8157568690771604,0.1267024244544674,0.2185276683046533,1.0,True,1
0.99045798480304648,0.13539036701366863,0.025737693365801818,-0.13314503511465703,0.98826466530357215,-0.074868891648900357,-0.035572179638091325,0.070727645460047547,0.99686118401885448,13.145563417363185,1.6704395145036381,-2.1369318101205241,0.3955318549435926,0.2507908823345404,0.9591836734693877,True,4
0.90340063415096816,0.42731805246459331,0.035588990622021803,-0.42360054763182986,0.90225511749976728,-0.080611903534734838,-0.066557270539297039,0.057749328856243669,0.99611000635221525,8.6549476104226279,-1.2981140205640165,-2.2162837440163869,0.2382587930579536,0.2372728438373294,0.9831081081081081,True,5
0.76026554849119299,0.64573887080623349,0.070835065520378812,-0.64393427013800375,0.76351226995749022,-0.048966002146360932,-0.08570269260193869,-0.0083859617368187492,0.99628546317133737,-21.541367115897792,0.40317383894527037,-1.2994293438117526,,0.2276943719635893,0.4814814814814815,True,3
0.75027074058605969,0.60659977355036943,0.26292685399001037,-0.65704746783273105,0.72826745713663243,0.19471809338204349,-0.073365120016532406,-0.31884671176661394,0.94496260960980649,-8.5067468348376334,-2.9653471086333569,-1.7985142457302283,,0.5387328574306067,0.1830065359477124,False,2
0.72165282137870013,0.69128242040808574,0.036685428045738613,-0.68610231174913328,0.72128350452821099,-0.094940633598033869,-0.092091385094674016,0.043344219109814841,0.99480674277022429,13.167504019313933,1.6695381553103199,-2.1369930178009837,0.7527955053014912,0.2984685843497854,0.9770992366412213,True,2
0.91732516585819179,0.39677075106296417,0.032977434469223167,-0.39291161963930071,0.91554853820966131,-0.085972863943069341,-0.064303959719927847,0.065907854487028475,0.99575155309005359,9.3146605224967569,18.301044883085449,-0.65205767526476677,0.3886016335975353,0.288096926750584,0.9122807017543859,True,5
0.62052935481807725,0.7828611821890572,0.045515812973210772,-0.77815728847606513,0.62190459710766033,-0.087783292760842971,-0.097028625676333913,0.019053648414674874,0.99509919318701634,-10.844972288406289,-7.8125940484549421,-2.1211705197754225,0.1635292618549082,0.1318688564090658,0.8666666666666667,True,5
0.96622719108689181,-0.25737862820431062,0.012698698673609399,0.25752922262014338,0.96269511191058343,-0.083047101094106998,0.0091495738152367681,0.0835126532157702,0.99646471189493835,6.0244178202381731,-3.836328558062255,-2.3088063759418636,0.2332662405988087,0.2209508464547981,0.9655172413793104,True,5
0.98337717421648585,-0.18073795111227292,0.017410521466508615,0.18154910779373634,0.98031517079309516,-0.077602109328306385,-0.00304215208304855,0.079473007622977099,0.99683237626496701,7.6293051796859173,8.6958985386407672,-1.4011793800757348,0.1716668329941012,0.1719159499938671,0.813953488372093,True,5
-0.5478456251644247,0.74799252188088394,0.37466299283286009,-0.83209621704557624,-0.44090536757367849,-0.33647933431811294,-0.08649310126617972,-0.49609439026761287,0.86394982457221636,-3.3010089014804747,-19.818481064822965,-3.2907428091967152,,0.4112026793861394,0.3157894736842105,False,4
0.9639014883869137,-0.26610716867618744,0.0089941906048328461,0.26604154906192912,0.96119886139922484,-0.07292902726324714,0.010761731190758225,0.072689226326721659,0.99729657650961634,-11.897869560281688,-8.8673155429347439,-2.1656861121744684,0.2622302605270788,0.2465595144046301,0.97,True,5
0.5818614683793677,0.80851267092260826,0.088002798665707163,-0.80898122222819324,0.58650288157628627,-0.03954430407647281,-0.083585965912859786,-0.048183304788108644,0.99533499659266045,16.812584170693587,-23.631005141100935,-4.2300566343096859,0.2871087290310255,0.2288123560908412,0.4166666666666667,True,3
-0.98745235566642664,-0.15595622744454521,-0.024809280724977782,0.15197396287536963,-0.89579440234781904,-0.41767966592865147,0.04291573017881968,-0.41620913474307514,0.90825557871099261,-10.183907805984227,6.4542007985103726,-1.2055286774007012,,0.4239130777038177,0.2718446601941747,False,5
0.9533697127812284,0.27035905497726986,0.13413490277789974,-0.2970808959020978,0.91899567101782376,0.25921014243371709,-0.053189585836383196,-0.28697201613101325,0.95646114919334602,-14.471042327178523,-7.8366867078375373,-2.0436404103470069,,0.1554406522289949,0.2962962962962963,False,1
0.94048510010982456,0.33744089728289489,0.04026682644964967,-0.33504841991357326,0.94052332957027773,-0.056199847397077257,-0.056836016616484603,0.039363782528507897,0.99760721721538137,13.117564859826789,22.224946704218844,-0.58180379120951753,0.3741999449120485,0.3239090396596564,1.0,True,3
0.84908970500537195,-0.52820456857453102,0.0068269019976619216,0.52642773678121446,0.84501995730917734,-0.093888815609775036,0.043823632908516638,0.083313897317263907,0.99555928186748854,-13.721343074914856,4.4921301724978084,-1.2042714519024726,0.2585831415892617,0.2441934478053673,0.956140350877193,True,5
0.97046101480533387,-0.24104446727225173,0.010148080628290881,0.24113705315766554,0.96778436838588422,-0.072431608448058432,0.0076380846708550484,0.072739130496397839,0.99732175277449397,-10.126608125301697,-20.827420561767514,-3.0590335144838745,0.2906237135712107,0.2953486612442064,1.0,True,3
0.99967322339558007,0.0096301443993096082,0.023679247132017335,-0.0081175587975759675,0.99797010926944973,-0.063164596443661541,-0.024239465032434213,0.06295173805043966,0.9977221692492203,-11.027776381290581,-13.369788503455242,-2.4980675708604316,0.2467018992643809,0.1782270414365514,0.78,True,5
0.55616962860146046,0.827498096270052,0.076956123153087364,-0.82423941792946731,0.56107605339501365,-0.076308873913646783,-0.10632368575536906,-0.020989592090260526,0.99411000944124772,-15.770584255174617,11.205323981077422,-0.58623390016806787,0.1621705050386183,0.2185402106633871,0.8043478260869565,True,3
0.70840480572524478,-0.70580171516808443,-0.0025632189077633288,0.7027933348282267,0.70571123194214525,-0.08973954330015442,0.065147215952784596,0.061770510573336324,0.99596196929255842,12.410153827763674,-12.284836036507064,-3.1105882120004518,0.2462829977988627,0.2492600472218622,0.98989898989899,True,5
0.93474528766386789,0.35402887866100957,0.030245665213725646,-0.35202147898153513,0.93427969710372583,-0.056589097142672296,-0.048292085540439511,0.042249268085949712,0.99793931369615652,-20.383416407760855,3.4127961941365501,-1.1258686759835563,0.1592333936005704,0.1400719172190633,0.6956521739130435,True,3
0.99692605814502222,0.075191809617885436,0.022014230802260955,-0.073191431798385803,0.99404396591066513,-0.080744090482822842,-0.027954407572505946,0.07888463477118797,0.99649172876360892,16.971699499554344,-6.3818813361773019,-2.8573423224762404,0.2711084264828694,0.2764798613549138,0.8518518518518519,True,5
0.97693673635080513,-0.21333897936771168,0.0090051679929026088,0.21349455703246048,0.97515343601913718,-0.059125716381143903,0.0038323994769294822,0.059684638747445735,0.99820992612367632,-12.252283660480115,-1.2852098465174941,-1.6026842096141589,0.2233854045357323,0.2101773566319803,0.8854961832061069,True,5
0.97353732384122926,0.22702668517878649,0.026152692113605831,-0.22391382783944669,0.97049436145767631,-0.089461120500155339,-0.045691101872723378,0.08123779044009502,0.99564689755659197,10.847330752877465,5.9365388925991001,-1.7611959193934996,0.2173181912127194,0.2138431666733733,0.9411764705882353,True,5
-0.13557984618585273,-0.99067529613846028,-0.013437370620532324,0.98387731354529973,-0.13302812792920243,-0.11953639224326301,0.11663420252697751,-0.029427449781195221,0.99273888208343597,4.7981821690704756,19.652418258055373,-0.45875498726865832,0.3650048373666742,0.2880676986005902,0.6956521739130435,True,5
-0.98001821942342193,0.19783347916586835,0.020644711653889022,-0.19883011642868231,-0.97144556069186527,-0.1294608335096864,-0.0055564736210003685,-0.13097876596301436,0.99136960235207094,3.845567352910054,12.852798894756857,-0.94466331928949787,0.1438540229789954,0.1063882995171172,0.75,True,5
0.99521396135700391,-0.076394695231133194,0.060934568683488718,0.074097579446455925,0.99648380912197487,0.039109677548355731,-0.063708083005821925,-0.034407393076233792,0.99737526110357344,8.6991187427106365,8.7160780091180303,-1.4006376683198216,,0.2485381363485267,0.1176470588235294,False,5
-0.36197940564114928,0.92090702490551124,0.14457233957904464,-0.93215734599177469,-0.35637062319106294,-0.06389570595887327,-0.0073206697268492528,-0.1578930980318386,0.98742907461177032,3.7523767052293957,18.818174033753984,-0.52536731492777389,,0.2018943626652527,0.375,False,5
0.96706066156094095,-0.2542079892525384,0.013113926242595435,0.25438611506349629,0.96334388432600437,-0.085183713200276984,0.0090211598044007066,0.085713818791760432,0.99627895689104862,11.826201398720777,-7.6236197262723548,-2.7394691944667882,0.2879183842999901,0.2863693412715214,0.9891891891891892,True,5
0.67403954693474422,0.70251523807095673,0.22834848246947778,-0.73547030770212318,0.66708145079655101,0.11868346342989244,-0.06895009540639345,-0.24794087658407041,0.96631837717295499,-10.405025760974375,5.8695866903947183,-1.2335366950232551,,0.3712952476759387,0.4222222222222222,False,4
0.87859335028684338,0.47679386021603337,0.027227553912081384,-0.47226788118879476,0.87589703417523068,-0.098830328950594432,-0.070970227766212562,0.073972970626641169,0.99473173589037711,5.6157401508246423,-0.04466833492116104,-2.0404530803661669,,0.2463259052156571,0.9722222222222222,False,5
0.79873810588955774,0.59999221164936944,0.045019819636024569,-0.59576440228274075,0.79913502721843932,-0.080299347726324716,-0.084155898026523041,0.03731694297075859,0.99575359933804253,19.287507567530767,-15.788961157307428,-3.7375265657869856,0.2432490024947447,0.2390712064459395,0.9047619047619048,True,4
0.9934528800152399,0.11012724661209898,0.030386917301105647,-0.10864413704591251,0.99297972006441448,-0.046773144285442575,-0.035324590230818603,0.043165554490077147,0.99844324236813253,-15.826039002562908,-12.276922286248006,-2.2932464274546613,0.2934512463993798,0.2881318781193858,0.975609756097561,True,5
0.50925572913618156,-0.86051494397784045,-0.013139008059616417,0.85631602648274385,0.50817678467391669,-0.092082671047731768,0.085915453387509333,0.035642484611684302,0.99566467656532065,-12.901684574877851,-8.119111992940411,-2.0801430586591447,,0.1099008808291917,0.5945945945945946,False,1
0.964688372220316,-0.26294876209678208,0.015306633029119651,0.26330710971761695,0.96124905279393402,-0.081667768886634226,0.0067609522312409576,0.082814292332517803,0.99654206258962896,6.0530689198235708,15.875547135840375,-0.70314276183466606,0.3159781235203462,0.2807464955688114,0.8529411764705882,True,5
0.99801589713029459,-0.060039326147025479,0.018961761284836516,0.061334552814191097,0.9951150706727574,-0.077356762800899925,-0.01422468650955875,0.078366290174810477,0.99682314522584226,8.4434481983663634,-14.276843209164403,-3.1782921410202229,0.283682538289251,0.2610637345624265,0.9906542056074766,True,5
0.23611212993294134,-0.97045994432587124,-0.049583853798957335,0.96495201539019748,0.24017525090862268,-0.10575186450070669,0.11453676306289394,-0.02287674168247511,0.99315556918192183,-8.3361006793572709,-22.561339264041479,-3.2719024146466378,0.2926969716733537,0.230437129170962,0.96,True,4
0.88086620524069081,0.46326709659295828,0.097253923721344795,-0.4626099258001839,0.88603465314564367,-0.030572045666399837,-0.10033336940427495,-0.018060748583901342,0.99478993980868913,-11.466330763331769,6.7045762609442967,-1.1064721357343916,,0.2151121593869887,0.7611940298507462,False,5
0.98785628812372106,0.15075913301810837,0.037571769003505041,-0.14985954446936023,0.98837259408307121,-0.025724155903292072,-0.041013058235887176,0.019781280977968715,0.99896277707280512,11.564631126139171,12.422822674949039,-1.2320142652272452,0.2217447884867696,0.2952646929808072,0.5652173913043478,True,5
0.93293149252009566,0.35913877423615403,0.025654845631567849,-0.35519609694109988,0.92967016862726493,-0.097719549130981034,-0.058945423758216292,0.082053143783197613,0.9948832688377357,14.466151371724441,9.1155758936578799,-1.6019816747258671,0.2480007177123854,0.2266280941425617,0.8285714285714286,True,5
0.92855640064815037,0.37008821154235044,0.028595917413802373,-0.36817736161962011,0.92807698675655614,-0.055843863079905853,-0.047206368279799286,0.041325807073259176,0.99802992763923482,-11.038534515571762,8.5555726440532549,-0.97444908795309859,0.1641959193265945,0.1479267479546076,0.5294117647058824,True,5
0.51601197366354445,0.85562516765682484,0.040462519794031211,-0.85037450165449802,0.51737732304284656,-0.095832732074593557,-0.10293128762293986,0.015042542113846147,0.99457471914131979,-6.9579001591683856,-13.507729893622137,-2.6954460890991272,0.1918459459022994,0.2114549269852617,0.956989247311828,True,5
0.998233356409855,-0.057698007934437225,0.014181185814793846,0.053847792155805929,0.97942435034394382,0.19449513421494469,-0.025111380500904563,-0.19338790508649151,0.98080096693243402,-8.3412091303511744,-14.567098212165073,-2.6645536323287238,,0.364529522793973,0.186046511627907,False,5
-0.23832719632791341,0.96634818876889461,0.096805607035710756,-0.96518956812501844,-0.22461778667683246,-0.1339998040709047,-0.107746206769037,-0.12537155965958638,0.98624171832031404,4.5242514589586147,0.28548647816572886,-1.97300423089523,,0.1676518553863676,0.2137404580152672,False,5
0.96962926949273021,0.24293466386621942,0.028316582336187585,-0.24014814297903525,0.96759813764520164,-0.077991752443827611,-0.046345972497250754,0.068822911285017996,0.99655178376015141,-18.615655135901306,0.59008252828831032,-1.4105026654165229,,0.2376295972391436,0.9692307692307692,True,4
0.64233060620390348,0.76337847022820471,0.068298634874876515,-0.75962436628315766,0.64594321735026394,-0.075684754793161516,-0.10189315228530914,-0.0032666728081475922,0.994789985055201,-9.6463432834359768,9.8730007476326342,-0.91436208003807984,0.3800999165675343,0.1940413646315002,0.5714285714285714,True,5
0.590262981853105,0.79486009962684601,0.14066639355254984,-0.79077750401800007,0.60438249601844629,-0.096916137178356912,-0.16205107649424105,-0.054029811472117557,0.98530209990608675,-8.6084324371558463,-2.6586421524430932,-1.7857868917261737,,0.3348162040022469,0.7653061224489796,False,7
0.9377116099202315,0.34557675916256941,0.035688095319051039,-0.34219975519778145,0.9364816249299146,-0.076821180095100819,-0.059968859947347665,0.059823654981294737,0.99640597456121915,16.785939170336245,-2.8445749464067105,-2.6420378109900486,0.2620106493641913,0.2667722641375216,1.0,True,5
0.30505674987882486,0.95025330151719178,0.062920921075932751,-0.94613550553291703,0.30993499652210305,-0.093637081868320732,-0.10848034164464418,-0.030967093607887044,0.99361615052802976,-5.9132275239579934,-17.822455141024037,-3.0154885548957493,0.3495027860256676,0.2374440722178313,0.9759036144578314,True,5
-0.32441574207287988,-0.94580899785414263,-0.014133855576058375,0.940839568155725,-0.32109343061018636,-0.10825855999194844,0.097853631960451853,-0.048418471652083468,0.99402229266502096,19.220938175062685,-12.103394811426003,-3.377911128370128,0.2920802472754921,0.2405971148488686,0.984375,True,2
0.99285943783048802,0.11397777552073639,0.035202320921648933,-0.11202492303752443,0.99228011652293513,-0.053203260911960371,-0.04099455243520618,0.048879822427807834,0.9979630301920317,-19.751037511599446,6.881782570002108,-0.82890880918840171,0.2531669254423812,0.1960374050480182,0.8157894736842105,True,3
0.55057477267522037,0.83240535010507277,0.062998038144694304,-0.8283246884080554,0.55412663890164249,-0.082594664677968194,-0.10366113190259214,-0.0067082915872643048,0.99459005050153848,-10.566387163884755,13.883272168850789,-0.53688269549450474,0.2468771970441222,0.2515498030457003,0.7045454545454546,True,5
0.53189224010390734,0.84553347915709554,0.046516454526802781,-0.84011519302214777,0.53378384963344061,-0.096339318680709801,-0.10628785147234046,0.012162955849676076,0.9942610095615696,-10.406233179071265,-6.6630451581621086,-2.0629659661282176,0.2390440489488034,0.2133427043557087,0.9590163934426229,True,5
0.99978190333592087,0.003409603475106493,0.020603892014492461,-0.0018476337775459228,0.9971548182572334,-0.075358175905520533,-0.020802211695548051,0.075303672091909621,0.99694364181634998,7.6008364457043101,-10.168697581298332,-2.8197870136359819,0.2701454542852356,0.2460327190753981,0.9897959183673469,True,5
0.84461912821036389,0.53328812759969069,0.047141289994874068,-0.52977960626594489,0.84524580669035043,-0.069950661591432733,-0.077149835034595868,0.034107172758740992,0.99643595063633672,-13.759707489794483,-21.330523744555926,-3.0596597870387057,,0.1665804421225345,0.7,False,1
0.97829494499692382,-0.20707334040732975,0.0077221943783324538,0.20720588756094396,0.97717090952000207,-0.046933290401739151,0.002172729515630023,0.047514684892174565,0.99886817647077408,9.6914516734464016,-21.189201359466189,-3.7780972700366298,0.3207445864621054,0.2342381174575461,0.9818181818181818,True,5
0.48195217203944557,0.86872548287295703,0.11418467179796499,-0.86904941195478169,0.4905561192111908,-0.064092226404648081,-0.11169253980239396,-0.068342734153707119,0.99138995720195122,-10.225615207448447,-1.0729229931608144,-1.6156692926990013,,0.2184563959708095,0.4222222222222222,False,3
0.96983172652563177,0.24143066808553257,0.03372913773111582,-0.23919954671282373,0.96915666689957436,-0.059320585436136171,-0.047010627273956183,0.049462991335741925,0.99766898990167474,-17.439035733235261,-12.934854159465015,-2.3278399999230799,0.258706974861846,0.1768968007070281,0.8076923076923077,True,1
0.44586212334198122,0.89244873228807708,0.068863830901152223,-0.88834789412872972,0.45061949731519596,-0.08820480506440434,-0.10974965132532055,-0.021847857487694695,0.99371911783821809,-23.309314527657211,-8.5265881095398299,-1.8590561159331547,,0.2493202068657646,0.9772727272727273,False,2
0.55168273559460279,-0.83372097957727487,-0.023568781461194316,0.83027834186226346,0.55165175701981262,-0.079487194008876258,0.07927190095681301,0.024283063844241309,0.99655722290746074,30.483503929760126,-7.284832639828779,-3.5970609137389187,,0.3130661806797,0.8863636363636364,False,2
-0.96384220829647238,0.26407769398845471,0.03565345767131102,-0.26456172938308659,-0.93232397899192598,-0.24653415492076108,-0.031863597599930099,-0.24705256471933973,0.96847805417241462,-20.99468337674055,9.3160647810577171,-0.62430752034765569,,0.2529255450745918,0.4,False,3
0.87773203596374794,-0.47914547203602881,-0.0024677257353227372,0.47762550195742043,0.87533519321179953,-0.075247454473780145,0.038214564276671442,0.064868452673333715,0.99716183788034685,-13.154414769406273,-3.215242910668147,-1.7025453756263411,0.2456454704665493,0.192541608211359,0.65625,True,4
0.96297024628918382,-0.26940792612837061,0.010376613173936705,0.26960581461459238,0.96239350063824591,-0.033338486097412114,-0.0010047326774705947,0.034901565415833169,0.99939024972418722,2.2867679177676972,20.35674662226166,-0.42673844092419239,0.1874419003390002,0.1696744479446613,0.6,True,4
0.48290460989379264,0.86173967551905539,0.15558878294927658,-0.87156859594494474,0.49017625719442232,-0.00976828774274828,-0.084683648397324424,-0.13088914591814152,0.98777361332186719,-14.824941679334554,7.6907165778231388,-0.88377942636206674,,0.2062599647464052,0.2745098039215687,False,4
0.98099713007265688,0.19277775034816175,0.021940140380357648,-0.18963007262682724,0.97656461220701984,-0.10179387869854654,-0.041049559617031071,0.09569899244846844,0.994563540704963,23.695324443980176,-6.7367841223753526,-3.176345119288559,0.2415452685757467,0.2497425712951707,0.9555555555555556,True,4
0.96343715927644613,-0.26776523305868855,0.0095194585118075388,0.26773556314024899,0.96074587164668379,-0.072698269194169662,0.010320288528209126,0.07258891154219424,0.99730854882820197,-18.2542068395909,8.7990443446018798,-0.71100733183967291,0.3724981626210812,0.2635774305703778,0.8709677419354839,True,3
-0.7652322123682882,0.64097632100285273,0.059741250971030141,-0.64119752513518913,-0.75064096944920533,-0.15938591137508432,-0.0573183645478859,-0.16027317585299636,0.98540708044317926,-10.90651978691197,26.151274748267042,0.47758050431327209,,0.297480770980189,0.896551724137931,False,3
0.92460605785062588,-0.38066622541895756,0.014030773720952801,0.38018727745733144,0.91989908115843566,-0.096142157992465838,0.023691176532778614,0.094227943356254798,0.99526871891230628,-25.992484220765931,5.8136759870097725,-0.7868167032421256,,0.2553661273154127,1.0,False,1
0.37965799814440793,0.9241656458278722,0.042162347142105344,-0.91884351981598333,0.38199026941216574,-0.099045545920018935,-0.1076400972554106,-0.0011371657626410292,0.99418927590115991,19.59758744875742,8.5580538016272705,-1.9517666707465717,0.1837829555570868,0.2405622082489185,1.0,True,3
0.020082064702126083,-0.93689627740271031,-0.3490301936312149,0.99356189859123478,0.05763255948890951,-0.097535848561121907,0.11149647682810623,-0.34482438062831489,0.93202182494790231,-5.602243421550102,-14.993569148020297,-2.8708987130085721,,0.2526784063977214,0.125,False,1
0.99704695867715964,-0.0725691175319194,-0.025121412644684489,0.075948652389110249,0.98022757840519847,0.18271753264029805,0.011365051381500693,-0.18408589765247832,0.98284445254199626,10.908780131803059,8.9806852424136903,-1.490590676009947,,0.2935868764853685,0.425531914893617,False,3
-0.83077920762964375,-0.55655886922284381,0.0069378137514697381,0.55126767937976728,-0.82447472159141011,-0.12784904820925419,0.076875573763755423,-0.10238973848074658,0.99176937218908767,23.288852582163216,18.770365261379759,-1.2777220431205927,,0.2994897279904565,0.9534883720930233,False,2
0.57314516278726324,-0.78720303483956267,-0.22763129027649609,0.81446479632397895,0.57784212038987937,0.05239827718796021,0.090286864617727822,-0.21542949158067659,0.97233657559241782,-8.957110709266118,10.795042110906977,-0.84672064556698745,,0.2446914523119299,0.25,False,3
0.56706072230814553,0.82266853306582122,0.040726182225862426,-0.81674121080565698,0.56800128984319287,-0.10152994291428692,-0.10665801323423177,0.0243108913822376,0.99399851547833173,18.324075716834187,12.390875305383698,-1.5897877732376036,0.2990432950172952,0.2371887161905434,0.7297297297297297,True,2
-0.16811549705889609,0.97206878903302196,0.16376644661381362,-0.98089433309257967,-0.14846156223969781,-0.12571981484321484,-0.097895285665368717,-0.18177302859671765,0.97845545586872418,21.577817899495106,11.055476751844196,-1.8067681477508502,,0.3378790838753146,0.717391304347826,False,2
0.97548392165159015,0.21649733861051959,0.039497100827728344,-0.2155325203078427,0.97611527180181712,-0.027289354060016716,-0.044461795836235662,0.018107416431550567,0.99884697035191061,-20.304014351228329,10.423623693083311,-0.53086814913348224,,0.6867464819517877,0.3709677419354839,False,1
0.74111043877959315,-0.6707344840396614,-0.029505413943344966,0.66869806457690417,0.74135983721751231,-0.056819804574866711,0.059985131182831157,0.02237953710139505,0.99794836557614808,17.779360853065363,-19.819426389927415,-3.907600436739779,,0.1682991943120084,0.4375,False,1
0.17646384442105495,-0.97967900565252541,-0.095339170836650555,0.97852138225913132,0.18508825896396189,-0.090764755579287315,0.10656648663543417,-0.077274719523060337,0.9912982405153411,-24.258932264594392,-1.1688900109396632,-1.3825964027133997,,0.1872722838970008,0.5238095238095238,False,1
0.88602439802285571,-0.46360032071226326,0.0059589213556560522,0.46240853953292899,0.88266510246425722,-0.084146654471738733,0.03375068407099549,0.077311444995220024,0.99643556329423066,-16.990787135173598,-4.0349178819157263,-1.7767463981265073,,0.2073962694615625,0.8372093023255814,False,1
0.90079257971738003,0.43258549456405099,0.037980497875662676,-0.42905497348935867,0.9000941058314702,-0.075778825350435786,-0.066966842916129768,0.051965282066216742,0.99640104948239838,15.591124671797669,-14.951763143552457,-3.4133147119531322,0.3337790341105429,0.2690983607764344,1.0,True,1
