axis_00,axis_01,axis_02,axis_10,axis_11,axis_12,axis_20,axis_21,axis_22,location_x,location_y,location_z,dbh,dbh_approximation,score,reconstructed,number_clusters
-0.87853086617045817,0.46817408842647085,0.09485009284037571,-0.46405827327189686,-0.78938479153742114,-0.40189746191949038,-0.11328475711096465,-0.39709529563502233,0.91075896371698928,6.1192062698922429,-5.2750983027147607,-4.0786946647213975,0.7000360884748761,0.3094463008798483,0.25,True,5
-0.5677813637804594,0.8218750043324311,0.046322782701031677,-0.79155109801280077,-0.52965211087995145,-0.30482044005469977,-0.22598934085113537,-0.20973821467242729,0.95128265995322969,0.77670130230139933,-11.00613752284004,-5.3191677114239528,0.2561282555506278,0.2355120344181659,0.9171974522292994,True,5
-0.92968098544884281,0.3664158718981505,0.037850681843070971,-0.35822003063820734,-0.87534045996048593,-0.32474218821355155,-0.085858458782050132,-0.31546550996469047,0.94504488627698946,-9.7261914811352614,-17.05984397655941,-6.3419238751144267,0.3590184619189956,0.3114547813528885,0.8372093023255814,True,3
-0.91247930382492826,0.40755497094740178,0.035783596063501212,-0.39779418848900555,-0.86337252516996499,-0.31039920487335537,-0.095610165231249974,-0.29746735692794957,0.94993255964134238,10.678234863749417,1.7416844727781937,-2.6506517427388294,0.2247711286979481,0.2282945160852341,0.8958333333333334,True,5
-0.18828949991613098,0.9809574282126815,0.047640195798242871,-0.94098614695072935,-0.16630176915899911,-0.29476904997202041,-0.28123324033291974,-0.10033068129415165,0.95438022764666364,7.358904927049128,0.84422706140403481,-2.6481160215986304,0.133605601869555,0.1636974373330453,0.7688442211055276,True,5
0.6254701243744113,-0.75972037604437037,-0.17779784514458949,0.73507242877893897,0.65016579064064595,-0.19223155081738197,0.26164030263720911,-0.010459201863661227,0.96510877994777644,1.3078567280221549,1.4815463814035696,-1.9354900046408754,,0.7475223253922826,0.5215759849906192,False,3
0.9099780694103744,0.41053558348649555,0.058313359391917632,-0.38350320098255858,0.886727013357403,-0.25814821056593046,-0.15768705726311094,0.21254585028568146,0.96434384609331003,-5.7048443620284504,-8.5376084417587581,-3.988101454616392,0.5000226335180586,0.2654804131533936,0.9214285714285714,True,5
0.61210620112151437,0.78689106343425064,0.078284435463899321,-0.74381051388989616,0.6065329904289859,-0.2808267276242063,-0.26846213508693634,0.1136669952474559,0.9565604508947555,10.02338657053622,-14.311000671989037,-7.0718760330566601,0.1415506280897495,0.1163474035276754,0.2926829268292683,True,5
0.25200931526425829,0.96597163300013322,0.058224644774307381,-0.92231897914659366,0.25796342046440079,-0.28771961074680202,-0.29294881076055634,0.018806327162988318,0.95594315538771124,6.8790576600929478,-6.734169564406562,-4.6216994804132217,0.2021132773632268,0.1856253212964255,0.9714285714285714,True,5
0.66163068312064088,0.74826806543415247,0.048370873516444313,-0.7098987249261135,0.6458624148147597,-0.28090130202248043,-0.24143040301832619,0.1515144989137252,0.95851693627047119,-5.2647590837374088,-13.943746891926072,-5.826534164732089,0.1832090390354904,0.1790914328991131,0.6521739130434783,True,2
0.94004553375698763,0.33521579188031164,0.062807382827148359,-0.31801757429350291,0.92809849884729811,-0.19364400036631269,-0.12320396464406892,0.16206032614877564,0.97905936172661956,7.8238685815108173,16.955628253373636,2.3655560457643103,,0.2122047272201838,0.4042553191489361,False,3
-0.59782999700738226,-0.79677084750168903,-0.088065380539658719,0.76887755578626282,-0.53886019217424652,-0.34417582352349851,0.22677433471691091,-0.27347012608578619,0.93476600882377425,10.218764448128807,2.604892589426635,-2.3566889736973899,0.3476246039109446,0.3205233716557371,0.3552631578947368,True,5
0.99912763849351882,-0.030104547036428599,0.028942671716627254,0.036341921601631064,0.96821207710538437,-0.24747654127528795,-0.020572475122500322,0.2483124845733897,0.96846150324745739,6.8190967902634316,5.2240875595209522,-1.2609506465929816,0.2081769964803197,0.1934529547143076,0.6101694915254238,True,5
0.79268180358406737,-0.59925841458752338,-0.11200406605457447,0.58865530529965271,0.80015717469433356,-0.11503663472022357,0.15855752839043116,0.025255659390110409,0.98702667737984073,3.2762611214913719,-0.16115804151575153,-2.5804492216882338,,0.2440050583329354,0.2181069958847737,False,5
0.95517361022586522,-0.29592675084047937,0.0084102595134244243,0.29163061093570614,0.93565884561795154,-0.19873125416538978,0.050940760627939202,0.19227553862589725,0.98001793664849202,4.7371049483010195,2.9396284049181012,-1.7937871304844628,,0.2482224830027039,0.2583333333333334,False,5
-0.016003985168252809,0.9974210793798266,0.069964725880381523,-0.95621374404949566,0.0051834475107496759,-0.29262332026472143,-0.29223132643435196,-0.071584371762877727,0.95366478889059059,2.3699721550811099,5.8796219608120435,-0.70320129405641851,,0.2606970318006033,0.8907849829351536,False,5
-0.22288147853088558,-0.97465794736327471,-0.019124125326220692,0.93451341962528134,-0.20803468477358672,-0.28880138239180264,0.27750408117385994,-0.082240230865197661,0.95719800948345568,6.9854699851047162,3.0409560839572838,-2.0115424300036957,0.4561010075902053,0.4128293926716624,0.5808823529411765,True,5
-0.013012003312962617,-0.99932739647967683,-0.034284725679731995,0.9555183224576107,-0.0023234300537239364,-0.2949225951340102,0.29464457099627223,-0.036597217352368157,0.95490586994974891,10.180047067172028,6.5286011480093382,-1.1431003262936839,,0.08627363920963427,0.1111111111111111,False,1
0.89907784277688274,0.43582781267011023,0.041390220231990578,-0.40932737541635306,0.87039446161628686,-0.27361392676991592,-0.15527437767521524,0.2290580688185426,0.9609486296086247,-10.716314314757014,-13.103078885665832,-5.0760506673478876,0.2499729626667713,0.2909184406254517,0.9468085106382979,True,5
-0.91889876935682091,-0.37672284584356103,-0.11706813868020721,0.38213792227054777,-0.77633420208391379,-0.50127419147356989,0.097957439928105766,-0.50535641293473366,0.85733262848702441,-5.1826190718595768,-6.3167561473422715,-3.4402988984420086,,0.3453438333023738,0.358974358974359,False,4
-0.95109132706233745,0.29399261112478775,0.09483476256537042,-0.30484204200114795,-0.84358687210466154,-0.4420775029802384,-0.049966158701377453,-0.44936570164700124,0.89194946559091903,5.7837881877843476,-8.1038326421972595,-4.9238491813598495,0.2026835634897363,0.198806133163946,0.6666666666666666,True,5
-0.080822681476325361,-0.94643495941220268,-0.31261567740821616,0.95185893680633948,0.019755272168158158,-0.30589915600319406,0.29568946308734267,-0.32228961637630127,0.89927590015252534,8.5206105522322435,-2.878306808023765,-3.7715348313880228,,0.2448107327251057,0.2142857142857143,False,1
0.93281185666217814,0.32981864162744945,0.1451953983619404,-0.32444380845611492,0.94400314246763795,-0.059952332445993239,-0.15683830917524721,0.0088164985253244236,0.98758494020960097,4.5618674741450178,-0.59388591550299585,-2.7917336851757808,0.6245212930724163,0.4586044223102905,0.7423510466988728,True,8
0.95628422136122848,0.28901503255413963,0.044618369908379245,-0.27021926231719268,0.9316157212129802,-0.24305081415533955,-0.11181251382695771,0.22036891556331337,0.96898684346339226,-13.908282034664129,-1.5911582672938442,-1.5504309352366388,,0.1641705069985279,0.3870967741935484,False,5
0.38440152324409543,0.91844527139452392,0.093240293761113063,-0.87885671283155431,0.39499518852563692,-0.26756247747491052,-0.28257095965179202,0.020906565825979277,0.95901854427681954,5.4845721994479151,7.9622321092639474,-0.30094251681022377,,0.1369520409831538,0.6021505376344086,False,5
-0.26513182505387384,-0.96392612008335465,-0.0234851094238826,0.91676855748577502,-0.24446514709714223,-0.31586738334342723,0.29873153055720958,-0.10527690570976293,0.94851264924360645,5.9958468616318976,2.2176248429203254,-2.2504569681968647,,0.1665774400732609,0.3488372093023256,False,5
0.11814991077426605,0.97889096247981255,0.16677254618005408,-0.94795192289249053,0.16119805538919746,-0.27459486306770298,-0.29568183993688613,-0.12564899726653805,0.94698710604603831,21.949022818211816,3.150511410784929,-2.7312117975013073,,0.1686674402309806,0.2857142857142857,False,1
0.89597350326373604,-0.44250985662330394,-0.03763652800846741,0.42556241951288487,0.87970471244673265,-0.21217032308348921,0.12699649029657709,0.17408229574036471,0.97650767829142893,12.07458707269123,5.5615872211691508,-1.5318052921221157,,0.2285896942968623,0.5428571428571428,False,7
0.3050440160178497,0.92623520781156254,0.22144183909544568,-0.91943876782288458,0.34702342703156019,-0.18495159722372606,-0.24815418698067132,-0.1471838336963088,0.95747397801842082,4.8992648228245601,5.5314760408706825,-1.0070155766046296,,0.4290614873833696,0.5098039215686274,False,4
0.75086596281068574,0.65760535882592841,0.061282117585819376,-0.62455375742034691,0.7371627274349366,-0.25792192107847411,-0.21478573040243412,0.15539081479967137,0.96422029883807447,2.5796776333587883,12.125161988737332,1.2629218689330268,0.3585963962705443,0.2908112876209844,0.97,True,5
0.88464309824998999,-0.45769236924277201,-0.089018446715247224,0.44200949833368786,0.88397042433447481,-0.15239387220203188,0.14843918654270125,0.095467188284068083,0.98430270946476361,-9.0811349041519662,4.3133047165778713,-0.050283818862800679,,0.3184424900190859,0.4482758620689655,False,4
0.59454841464061647,0.80051752350213745,0.075391492983854891,-0.76275499436223482,0.59118724888231733,-0.26211153224233502,-0.25439536399824042,0.098332758147842481,0.96208818070447222,11.147028153938793,-9.6036004642208219,-5.81173543966342,0.1445516800524337,0.139610543956559,0.9090909090909091,True,5
0.83278391226055537,-0.53666697946535158,-0.13586577431987584,0.53602313697329984,0.84303325753292069,-0.044431107601944991,0.13838407462315333,-0.035825686943428706,0.98973045221702927,-5.6888246570212777,12.51493467834986,2.1505913683570901,,0.2872647731417225,0.25,False,1
0.43251751046830378,0.90029211612012316,0.04901743353390399,-0.8573819427305448,0.42750642475485656,-0.28659110431574131,-0.27897097952635996,0.081929008570042483,0.95679821808824073,12.060797729284458,-0.66688893690837769,-3.4522458736752419,0.2800442848544544,0.199231671991595,0.9245283018867925,True,5
0.26375462921406856,0.96295518721277873,0.056132013932787106,-0.92082941540981367,0.2686910812912654,-0.28262747663762389,-0.28723976619571545,0.022856295730760475,0.95758597862609607,9.9503438709372602,0.13579588308444412,-3.055334656431071,,0.1670818536836755,0.6060606060606061,False,2
0.66678094132626164,0.74089029150772112,0.080527959328843796,-0.70261907545276026,0.66097830683879988,-0.26350353450840347,-0.24845444470560893,0.1191186544505807,0.96129138926129487,16.161538392042466,-3.1038669210604342,-4.4128098783303917,0.155243672355274,0.1247541575114135,0.6875,True,2
0.78815408462797465,-0.61547730890783803,-0.00090614778224519868,0.59310354805484178,0.7598949090259115,-0.26605997166289036,0.16444245245372482,0.20915881395739877,0.96395605209726098,8.6324417685362018,2.8400051099289088,-2.1868643254076554,,0.09721004877821181,0.36,False,3
-0.28806284697790524,0.94847693361784646,0.13195189496884496,-0.91760032400689828,-0.23397972525782459,-0.32134581614003732,-0.27391502619136765,-0.21364689223847419,0.93772360739368332,4.0173823854833017,5.3668630776168929,-0.99850171874040661,,0.244430271827465,0.2528735632183908,False,4
0.95623731801849443,0.28590002256554681,0.062220324057473436,-0.28332072448085877,0.95786661127256212,-0.047126660064767678,-0.073072284133168741,0.027435963738105657,0.99694920090510297,-10.635942969980466,7.8020658914354524,1.0031747799738808,,0.3884605514626795,0.3260869565217391,False,3
0.13674491941315936,0.98793361391885082,0.072718646191510874,-0.94537135982729281,0.15207812408348684,-0.28834915674151307,-0.29592873978879214,-0.029315843233397774,0.95476005483185711,-7.185476843252947,5.7053122447001234,0.2309348116081012,,0.2941449881851067,0.8372093023255814,False,2
-0.14966672205406983,0.9862934473031999,0.069462998181466798,-0.94761695531014634,-0.12303821072213036,-0.29476041917296752,-0.28217366694700036,-0.10994014057233754,0.95304311926198637,9.7534486381509531,3.2430928046225418,-2.1691981896038022,0.2292946387215231,0.2103643725004583,0.8854961832061069,True,5
0.18670625371294258,0.98054521452314447,0.060595850519957778,-0.93851238452183405,0.19625583118319845,-0.2840389987761035,-0.29040536999790106,-0.0038380987937528394,0.95689601842312533,8.2903900612990906,13.81696266509339,1.3851863816368581,0.2729811817004685,0.2267408011288668,0.9558823529411765,True,5
-0.036472008506810018,-0.98986798524035624,-0.13722668979347294,0.95734318951397146,0.0047788741365053372,-0.28891379311691034,0.28664230337947794,-0.14191030321362269,0.94746907904961331,6.3569255584736242,-3.2284115294201716,-3.664972820089496,,0.2232824286097661,0.2388059701492537,False,4
0.00095571134280754422,-0.98396543422396676,-0.17835669560817577,0.9547545477269711,0.053939993835538436,-0.29246235767990264,0.29739340983030288,-0.17000735665688205,0.9394970241954167,10.099585780491546,0.8182156638036262,-2.8755073013367025,,0.2862667879265745,0.3333333333333333,False,4
0.99832462537463384,-0.048915607352454538,0.030906402701335298,0.055556899373704269,0.95960780870430873,-0.27580116824570344,-0.016167043717906223,0.2770561618716596,0.96071770560678638,-2.5862568866067019,-7.0121529833103216,-3.9752738956036859,0.1700648889146087,0.152727811018528,0.4220779220779221,True,6
0.83840700042456306,0.54343858262850619,0.041811583918904341,-0.51243239667584861,0.81205607036726157,-0.27924537134342603,-0.18570605934145878,0.21269566401410755,0.95930902947562491,-13.497955353761455,-3.9768637127327615,-2.2822523134118415,0.3017795693456486,0.2682435901196069,0.95,True,5
-0.98394135123998749,-0.17764513677027449,0.017367288271293801,0.1609640111728883,-0.92515606112422333,-0.34376859902010676,0.077136271799731621,-0.33545263145037801,0.93889377867033241,6.571677394774019,-4.5311979754646412,-3.9633446441018272,,0.1973975837113382,0.3770491803278688,False,3
0.6907573585081711,0.71923805647639083,0.074504293721083636,-0.68332394679202157,0.68299539611880844,-0.25804199778541154,-0.23647971457904818,0.12733384073597942,0.96325668313074053,8.5123407997521916,5.603707323944116,-1.3532525689526798,,0.07742223581712936,0.2105263157894737,False,5
-0.54255077123664397,0.8374153537406922,0.066137628849792213,-0.80713280636193852,-0.49787390770263878,-0.31726677248524593,-0.23275586678926732,-0.22551518207928833,0.94602727715796942,-3.2434860559176055,-2.2854827593380351,-2.4890106870592534,0.2584619225398805,0.229217595931709,0.8988621997471555,True,5
0.88357505326462082,0.46307950813323723,0.069659847799871721,-0.4368508919844753,0.8686707275308565,-0.23360750266928662,-0.16869031810033053,0.17597879496715324,0.96983248053523041,12.213806783500667,-12.965917675577421,-6.8085048389174982,0.2578429252036453,0.2194921872778609,0.4655172413793103,True,4
-0.99941236655742771,-0.016443993052619617,0.030075183533400458,0.0057784433046257095,-0.94568152777360481,-0.32504316270421163,0.033786553021247279,-0.32467836872860323,0.94522083436341808,-7.2684068347081761,-20.19738602024465,-7.5496426114955977,0.199813378162281,0.2496488630154833,0.875,True,1
0.99893719700070127,-0.0079607377243899342,0.045399373379611516,0.019274643800255113,0.96686283351801749,-0.25456776949936127,-0.041868419539686327,0.25517227086105998,0.96598868918267089,3.9848560888006008,-3.1052470476570266,-3.4067915151807822,,0.8027010030385465,0.690968443960827,False,5
0.27997936650782868,0.95164036542305042,0.12646014877168849,-0.9101208431624046,0.30502858710328729,-0.28042398594115564,-0.30543674495912954,-0.03658108728912729,0.9515094423501621,2.9771767887184128,1.5057449142997998,-2.0948472419933961,,0.2152793483391647,0.9157894736842105,False,5
-0.40896928488801393,0.8810423032938699,0.23771534200555494,-0.87505432209433121,-0.30472358208373773,-0.37606312223626126,-0.25889004886672651,-0.36181210362381078,0.89558246089854632,4.9415182151600536,0.64975831688584862,-2.5134150102773516,0.2601532418565066,0.3519481155191699,0.2558139534883721,True,4
-0.10825665108671829,0.99170352576494403,0.06931532644996441,-0.95260592135612299,-0.083543578889224521,-0.29251056224285293,-0.28429290545621877,-0.097696404292873226,0.95374679894377767,11.638224532459891,7.3115783700556527,-0.99021194077767116,0.2394996020466063,0.2263235547616036,0.7906976744186046,True,5
0.98238319314819944,-0.18491068989398735,0.027042532848760341,0.18556454192916616,0.9480885652416231,-0.25825156966938073,0.022114759744689714,0.25872013686802581,0.96569913957734499,1.7581474239718735,-12.762224923777715,-5.8632140798201799,0.1636992370005773,0.1269964574909963,0.5192307692307693,True,5
-0.26562573213180912,0.96274368336733118,0.050671200555567238,-0.92475975590907289,-0.23958422683257272,-0.29566669089369679,-0.27251121863224431,-0.12539536829301365,0.95394634929341149,-0.81783110736086506,-2.929575153905247,-3.0847455071158176,0.1310933606258941,0.144166186839318,0.6153846153846154,True,5
0.47115559652737748,0.88062356650408946,0.050145169044965174,-0.83946662110029302,0.46513493649692106,-0.28097203225314443,-0.27075486315002345,0.09028634984105996,0.95840501830540814,1.7761983277453868,-9.0277538185647934,-4.8441783611225553,0.1093050977072882,0.1366298137832343,0.7349397590361446,True,5
0.15576114350078996,0.98489610337787725,0.07561832930181793,-0.93825559955380222,0.17145413905115309,-0.30046615135179738,-0.3088930172102628,-0.024148369578496694,0.95079017672956589,-1.7844472499575699,-12.605517734994764,-5.5848867322170781,0.1321750169225604,0.1215591066222487,0.4418604651162791,True,6
-0.49575426498038028,0.80816560474727417,0.31795607252769292,-0.82900799499993372,-0.3312776089572656,-0.45055620074497615,-0.25879229698728101,-0.48695328431691448,0.83420803515251374,1.6721826247115144,-4.2197292220150686,-3.5110023722735821,,0.6478167605823454,0.516093229744728,False,4
0.93970777750904511,0.33581004104171241,0.064659950700365856,-0.31550129209709443,0.92426279888443597,-0.21493537001473803,-0.13194024243601468,0.18157614087173404,0.97448544242182156,8.2382328143178611,1.6655490954683079,-2.5129108018823363,,0.2186854401679891,0.22,False,5
-0.38905897315255844,0.89493838507736401,0.2184454218439823,-0.89547774537722746,-0.31174573886886142,-0.31770143504747367,-0.21622377978287491,-0.31921760792949111,0.92268488436962048,-0.49327995942231573,-7.4051069719199019,-4.259713835255714,,0.215487231982722,0.2133333333333333,False,6
5.9846231516102414e-05,0.99765032233164885,0.068511537495409849,-0.95530582717921042,0.020310370231408068,-0.29492077820748253,-0.29561930413265064,-0.065431821101200494,0.95306238190976122,-1.7748386066580735,7.4366813414732533,0.34492816962781908,,0.2810581565915016,0.7113821138211383,False,4
0.98958422722965955,-0.14387179037437081,-0.0048954216111541521,0.14176848108212622,0.97989410405789057,-0.14038961002955874,0.0249950993185599,0.13823332726610416,0.99008423492296771,-14.054162104367908,-11.477321118025348,-4.509103624239958,0.324589719415742,0.331304360323012,0.575,True,8
0.0052106278636028722,-0.99996505632550026,0.0065372383468625707,0.956412378168354,0.0030747214628109756,-0.2920032687732747,0.29197296491904562,0.007773816042509353,0.95639497883485203,12.779322769909333,-3.7006032066465493,-4.3669220122781036,0.2388843225279155,0.08863260972129738,0.5,True,5
-0.37468361328333843,0.92458122734335801,0.069005390957450591,-0.88822668712963093,-0.33661763161112662,-0.31263704572432849,-0.26582991217630442,-0.17843240774244107,0.94736283105237618,2.8442549838149662,-10.705014169408987,-5.3320570528644931,0.1814081590426059,0.1738363850767686,0.6847826086956522,True,4
0.99871628889390074,0.040803513134748004,0.030014123573019934,-0.031958141786729892,0.96729897051939495,-0.25161752483811128,-0.03929950981288876,0.25033532501023653,0.96736124254617795,15.820523268629012,-6.4685575237538373,-5.3392636167996237,0.177251432933398,0.1498663331131544,0.8666666666666667,True,4
-0.40566817719290255,0.9124063505309693,0.054295317696325146,-0.87696018259445985,-0.37178881905647748,-0.30448959287384686,-0.25763184616207446,-0.17113656983633613,0.95096693228932705,7.7956470112867002,-4.5634769312897543,-4.1893914004333244,,0.09045875820373524,0.3977272727272727,True,5
0.66772716781343266,0.74162515855830335,0.064284940361039863,-0.70269826376006095,0.6564610290927988,-0.2743611987709243,-0.24567372564531054,0.13802551023558576,0.95947557501572611,4.9992842586004516,-2.0434954342476415,-3.2270923465711614,0.2086446639833826,0.1760798554921332,0.8085106382978723,True,5
0.97033886018176074,0.23849551262474489,0.039527039846423924,-0.2205667103223706,0.94033312250737056,-0.25908289216601227,-0.098958691981695684,0.24267984912925553,0.96504594093124574,8.2911270636884851,-1.1998089169996071,-3.2983060322496898,0.1555511529760705,0.1434274509158652,0.6242038216560509,True,5
0.48721211375294027,0.86739789595315731,0.10121880412466502,-0.82689023398820194,0.49549523843315058,-0.26596430141094468,-0.28085031092617413,0.045884188846600255,0.95865413161711277,-10.073228070022022,1.9263570017350646,-0.72641737052139266,,0.2154923139822991,0.4266666666666667,False,5
0.92973358446975018,0.35963454169149534,0.079110418601961385,-0.34272424223040426,0.92369184409079641,-0.17127016946257431,-0.13466831734533824,0.1321225702992935,0.98204280493310647,-11.855257887958437,-2.4822441967143085,-1.970370448675288,,0.205046458431965,0.4166666666666667,False,7
-0.61851013104596775,0.75793253221475332,0.20732461118745318,-0.75675009904627855,-0.50350413976765518,-0.41690870563023552,-0.21159987095209781,-0.41475517820439883,0.88498793029379219,-11.270189786764067,-1.2706356194207871,-1.6131255056192739,,0.3384810221517707,0.4215686274509804,False,6
0.72249273397717595,0.6888946969603027,0.058552078102804057,-0.65415838121530845,0.70855413064267359,-0.26462776920605041,-0.22378798367193747,0.15288930783143809,0.96257145081020912,-1.287768719648192,1.6791527531061745,-1.5423479687186994,,0.2927402484321527,0.864951768488746,False,5
0.25442509186337664,-0.95488627881741883,-0.15316679521532914,0.93540719326551913,0.28319189362504982,-0.21169727011036799,0.24552241326900467,-0.089412224618789254,0.96525861750687481,6.6212854963046359,-4.1588271604565463,-3.8623936547855338,,0.2590485893462929,0.2597402597402597,False,4
0.8527464342971709,0.52036147405352207,0.045248813402161026,-0.49081284703373834,0.82792182249222335,-0.27138202782754334,-0.17867923208950232,0.20921135763146056,0.96140747857394193,9.8097962134982559,-1.8382746209812082,-3.6234753289478245,0.1600060849597354,0.1637826739518131,0.8461538461538461,True,5
-0.91169037737964609,0.40849086228425013,0.044225232883810958,-0.40079186684128515,-0.86044153587283134,-0.31465257478476144,-0.09047947428690685,-0.30459083829798989,0.94817608383553531,11.467930191909256,-6.4449056479860181,-5.0863377637280909,0.1040764417368845,0.09107703483642589,0.391304347826087,True,5
0.439934193382848,0.89657091205853956,0.051171331261764361,-0.85418511735386715,0.43536246653622618,-0.28430143865737628,-0.2771744771506629,0.081364134494332371,0.95736836527756919,1.5127890259074122,-15.159159949188496,-6.5397226978809497,0.2005029766610266,0.2001553541928842,0.8651685393258427,True,5
-0.8276996641306732,-0.55295534668015256,-0.095674712311050902,0.51461297381239191,-0.67992210151141441,-0.5223786204088634,0.2238006996904533,-0.48160805688249608,0.84732929039655502,4.5455961244929259,-2.8036756078037346,-3.4182174319482423,,0.4978533003182098,0.1454545454545454,False,2
0.4907917024159647,0.84964699532038368,0.19293389588841531,-0.82873283930076735,0.5235877741441074,-0.19763027053391072,-0.2689337946486583,-0.062895358412699345,0.96110290187159997,10.707078172136423,3.2894987217173575,-2.1965657687769635,,0.255145691459455,0.186046511627907,False,2
-0.56969427168053688,-0.81976969667649779,-0.058532736355887502,0.76528766464823528,-0.5031687273532518,-0.40144242694433963,0.29963849410854282,-0.27349383215099049,0.91401197838088166,10.647012136807088,8.1167914791379552,-0.61497103625306382,,0.152507452593899,0.2424242424242424,False,3
0.99907213022817609,0.041864036810375663,0.010113408093822666,-0.041241389482732482,0.99760916911313868,-0.055453525540990423,-0.01241073707989363,0.054984980888704703,0.99841004876844131,6.3401578072880262,8.6924084603713787,-0.0883230787795031,,0.2093699397638204,0.4090909090909091,False,6
0.87978076161245922,0.47302442730105237,0.047262063783880447,-0.44552527439300726,0.85512160102559032,-0.26509295980177611,-0.16581025714242156,0.21216724213681462,0.96306387118945636,1.7006466054810903,19.779444039320722,3.675514551765386,0.2655760793082939,0.2203434045199001,0.76,True,4
0.97922994718091416,0.1917190075010172,0.065973727398775661,-0.18339451378412172,0.97628843663927933,-0.11501017693368201,-0.086459024155658662,0.10052218982521252,0.99117108840744272,8.9560124591691377,-1.8557492342199013,-3.5702210594168098,,0.2853583197365429,0.358974358974359,False,4
-0.98183695153026163,0.18636703995501444,0.035546125360825687,-0.18809576888449597,-0.93164795020007019,-0.31088917416944167,-0.024823020314049815,-0.3119285548108946,0.94978123499892042,-5.0280224390054293,0.87398341360403986,-1.4671081007363402,,0.2876486460210806,0.9136807817589576,False,5
-0.0073277269707356842,-0.96701234323153162,-0.25462410030337623,0.94796509930123607,0.074330993466049461,-0.3095756352123773,0.31828992275006007,-0.24364324626020656,0.91614927475141761,2.0120015421205046,-2.1611751749940105,-2.9927864988236634,,0.3983208247679831,0.4883720930232558,False,5
0.62199328572556578,0.77956878449115741,0.073463342962962974,-0.74230911405117639,0.61691058279863087,-0.26153109189465662,-0.24920178913657992,0.10813807413687765,0.96239525415137772,-10.585575562618619,-6.0331382800366011,-2.9980262133933535,0.3264483806661713,0.2603881061777934,0.6407766990291263,True,5
0.56500597580850298,0.82362216744903971,0.049140335644212968,-0.78243648817285705,0.55374934337628345,-0.28487682721846713,-0.26184229848595275,0.12250791809870695,0.95730372438777911,2.6198105583490445,-16.856004518421589,-7.0850942170823563,0.2566944856797298,0.2220753000004753,0.9428571428571428,True,5
0.99907450018732202,-0.040043891608672479,-0.015704452243977946,0.037468879832096999,0.98951969516985616,-0.13945198426369224,0.02112406493974029,0.1387344932444203,0.99010429464003136,4.9641035042513657,4.1918747620239554,-1.4477799697506979,,0.5056950113684608,0.2615384615384616,False,5
0.85065287643815835,0.52167376066450699,0.065162652199218254,-0.49398579991201336,0.83554563243343416,-0.24050265197435886,-0.17991029234808681,0.17239484782197473,0.96845872557980639,-1.1426473361028842,-18.202183599410276,-7.3266077611201812,0.2914578478276843,0.2321214273882294,0.9104477611940298,True,4
0.54903480801671778,-0.82838033864829996,-0.1111161290136226,0.80357135004071345,0.55974045111345117,-0.20239494257775825,0.22985618325333232,0.021832130638959328,0.97297969819106334,9.8761961398057565,-3.6708006827508259,-4.1362211506899573,,0.2138238434947611,0.1764705882352941,False,1
-0.98421059483976803,-0.17535808163223371,0.024063420609165612,0.1501360020057815,-0.89908098162255889,-0.41123298674393438,0.093747991481795204,-0.40112707673613829,0.91121258902752755,1.5131349438545199,-17.562989185569371,-7.1959182660131908,,0.1281020070661368,0.2592592592592592,False,5
0.97245389890011202,-0.23191097282704942,-0.023467321883464513,0.22642296852232879,0.963733974497194,-0.1412425775939338,0.055371958963965462,0.13203835458779961,0.98969683190269908,-0.45454543896750704,-14.121826856959169,-6.1031617857445095,0.5147312051141303,0.2173204972348568,0.2916666666666667,True,6
0.26094390749009017,0.96111667037324233,0.090349449773939952,-0.91648299449658011,0.2760477028057885,-0.28958001756721263,-0.3032609403506879,-0.0072395929649014153,0.95288005034805801,-3.1603502997382522,-8.9933842149279748,-4.5085042405916198,0.1678876483677573,0.1714501051971426,0.8613138686131386,True,7
0.97868964566065064,-0.20423265256492179,0.021344814427045576,0.20295414443265206,0.94623882760054867,-0.25187635140828346,0.031244083187689242,0.25084079566018536,0.96752400616125578,8.848851037551011,-12.244589029649848,-6.4088003955233788,,0.08102387569356582,0.7692307692307693,False,6
-0.94868227996891574,-0.31508848404735162,-0.026854774132733149,0.28928609998195054,-0.83041251417396855,-0.4761602762311235,0.12773207909609607,-0.45949352936032595,0.8789483559605642,-9.7125546124540012,-0.33578569353001703,-1.3975934506524241,,0.3806781838076614,0.2636363636363636,False,6
-0.10962063828636553,0.98957510334284127,0.093404659978472526,-0.95005042966872189,-0.076687050748556043,-0.30252814304418824,-0.29221139051714989,-0.12190246548570156,0.94855273557169217,4.8075440350485694,-9.1432938152422985,-5.0452201904992018,0.1995187241625187,0.157199793781924,0.4042553191489361,True,5
-0.094255111402857777,0.99050004100433076,0.10012813163568256,-0.95221914529080176,-0.060347025858680875,-0.29939428152799669,-0.29050761318094315,-0.12356336528449453,0.94886111810078966,18.271727649818203,-1.7090735549593541,-4.0533431841925953,0.160258214650636,0.1749957826716887,0.75,True,3
-0.4005281649326819,-0.91623130922169382,0.0098679834595674296,0.87173830458947987,-0.38435106944283837,-0.30388580705522339,0.28222246084802749,-0.11311252547815542,0.95265735664657325,16.55569750348992,-1.7692013514417586,-4.0374670839238593,0.139351994401577,0.1156896803136058,0.7241379310344828,True,4
-0.10015896938245705,0.99046393719120585,0.094601109802890437,-0.95180831652881648,-0.067679235837545607,-0.29913282939695152,-0.28987774912680658,-0.12000295896410396,0.94951049515054631,-7.6083784500692104,19.696459125197038,4.2764379638041694,,0.2831614205640313,0.68,False,1
0.9685046194312561,0.24618033529800196,0.037336907382368625,-0.23031331278837983,0.9426957163103602,-0.24141367898803376,-0.094628643088434022,0.22521107646529909,0.96970376453047835,12.375417159304861,-15.23481752228332,-7.4676857769585814,0.2339982466725233,0.1627850895164084,0.5714285714285714,True,3
0.74513041473473007,-0.65818556019245844,-0.10757524525368173,0.64051200510570905,0.751195826658689,-0.15952805811528509,0.18580913958337464,0.049965972068094423,0.98131461075568271,-11.781557834781948,3.1114219515332096,-0.25887736578228088,,0.1877690154018468,0.3103448275862069,False,3
0.76465062111588911,-0.64233839860398789,-0.052065432927696359,0.61819066918677723,0.753926711398335,-0.22233940354893386,0.18207065704689679,0.1378255981991568,0.9735781326239592,-1.8943453846500276,17.162912233380602,3.2043296980070379,0.4167728850968618,0.2947470794051876,0.7263157894736842,True,4
0.76717752856149279,0.63867018859816038,0.059489745891780701,-0.60932848543538687,0.75461094532363238,-0.24347714068222134,-0.20039320474331462,0.15054139428663085,0.96808049877008673,-1.58885407885233,-3.1279241225858088,-2.9663172792945423,,0.1361557270191761,0.35,False,4
-0.58501023661617857,0.81027248300499832,0.03495034104548661,-0.78019142456015744,-0.5504761780040579,-0.29711499203647629,-0.22150477217674833,-0.20108326816261474,0.95420184194328994,3.2539721874254641,-7.8636416092049242,-4.5690458212981158,,0.08249103329161331,0.28,False,1
-0.67941051958672538,-0.73296196485618847,-0.034177535736948171,0.70078339756292518,-0.63436715714272007,-0.32631417321168543,0.21749477137406817,-0.24565233158433092,0.94464329585940676,-15.499729455325838,-9.8157286332468558,-3.8332896044098361,,0.1640595056796801,0.16,False,3
-0.93412231557816805,0.34812672374986725,0.078887792148493729,-0.34846397549950742,-0.84144656625743586,-0.41296553598653785,-0.077384477241621022,-0.41324987640016725,0.90732363704319241,10.485896472323843,-11.122291335246583,-6.1630951436146661,,0.09775529744229751,0.1851851851851852,False,1
0.54299495174811718,-0.83830924368816018,-0.048929483167554605,0.80321825943127034,0.53549534273391186,-0.26093134274458174,0.24494266694934941,0.10238334755845081,0.96411655936949103,-10.401179203571886,1.1314700897900796,-0.96446497275560028,,0.1902423556064511,0.5921052631578947,False,2
0.87155462672485295,0.48904716653929792,0.03500573573552955,-0.46045485665729863,0.84094474613457126,-0.28424155032184811,-0.16844541434900595,0.23161347726016543,0.95811342728105331,-12.000344780890742,-0.99227455687157962,-1.4733627668429696,,0.0788597169872381,0.2727272727272727,False,2
-0.010154002147603289,-0.89826424170601726,-0.43933842116607347,0.95557573608456303,0.12071289647691708,-0.26889293265275149,0.29457071960198378,-0.42255147461163217,0.85713379495660014,9.0183286912771816,6.1416976786550519,-1.2017429621784192,,0.2742415428668746,0.3157894736842105,False,1
0.15142389239608037,0.97707785385431789,0.14963178913272274,-0.94332172939096814,0.18806900408146215,-0.27344865068717966,-0.2953217223139073,-0.099744259039035818,0.95017691148454053,4.4296371629822007,6.9714034339889759,-0.46958487237806207,,0.1674611902170926,0.25,False,1
-0.99949477551855304,0.023312155575295538,0.021604099461655445,-0.028880257793663402,-0.94994946173273309,-0.31106583043378577,0.013271187621589128,-0.31153260432276181,0.9501427850712697,-16.853587968152894,-8.8272440413966375,-3.4802909471285854,,0.2740424655978222,0.7868852459016393,False,2
0.80446366914031397,-0.59305820172265067,-0.033469006600128547,0.57455860549696902,0.79119334182960344,-0.20951254066017869,0.15073358578194213,0.14931532143085788,0.97723299212793568,2.7353778011942071,-1.6443095727278534,-2.8489151971839544,,0.09599762340577789,0.1538461538461539,False,2
0.27428676892935244,0.95950471079809652,0.064167580183110362,-0.91732334611657784,0.28108581831818313,-0.28197276714229236,-0.28859079517507163,0.018478979859753455,0.95727419282228732,12.242814937666417,10.599593013797056,0.064305232737507156,0.2485747442103299,0.2576566135502759,0.7681159420289855,True,2
0.80266226352877024,0.59520292008619391,0.038298493805081477,-0.5623078454304633,0.77658370568035617,-0.2841260900359473,-0.1988546647031951,0.20652174702106543,0.95802170660854336,-24.845504450220808,8.0117180807048882,1.9563187760044076,,0.1746047471171741,0.7333333333333333,False,1
0.44353761466074376,0.89361623279612146,0.068734364508047319,-0.8524729773183245,0.44430482312083008,-0.27546877698497702,-0.27670238040734085,0.063586575901171061,0.95884959198097153,-9.6771464643590122,8.4751001210570589,1.106881605887889,0.366457322171614,0.2883592184966342,0.953125,True,1
0.48055684306767993,-0.86975579971801187,-0.11220503303196956,0.84233931521662464,0.4933869290696638,-0.21687281125948688,0.24398688206789232,0.009705002838063876,0.96972996978473347,-7.7645265992037755,13.555570872447376,2.5498106297456231,,0.1184448064343901,0.3720930232558139,False,1
0.65814508826374785,-0.72983357235189728,-0.18489997150451723,0.72522114510731606,0.68050961274270572,-0.10469459228635503,0.2022358362989522,-0.065189137383775783,0.97716479822168323,-7.6948529300361326,0.090197442432960795,-1.4603625921199077,,0.2607018903913864,0.3720930232558139,False,1
0.20496120979497837,-0.97855168180634655,-0.020676279001527863,0.93725372801641971,0.20231084812944949,-0.28394677326651446,0.28203962806439342,0.038819154590395623,0.95861708801699608,16.195732632481015,8.2530418775574219,-0.89434261240413393,,0.1057031123928439,0.3461538461538461,False,1
-0.11626282093570893,-0.98921987880573403,-0.089033633215992058,0.94818197325620546,-0.0838568709626413,-0.30646202176505283,0.2956922421370573,-0.12005022518897425,0.94770989304324382,-4.3901832062538304,-10.966729380465527,-4.969578062788373,,0.1708440092441848,0.1052631578947368,False,1
0.1814655747927785,-0.94831763412479886,-0.2603150206443518,0.9414686061233789,0.24400233477578592,-0.23259347434540387,0.28408996611852944,-0.20287071112387858,0.9370893050925635,10.472949503834965,8.8497022622199495,-0.45305991819829533,,0.4128724646351464,0.1904761904761905,False,1
0.37751725706311939,0.91008503630179438,0.17095598064735573,-0.88152652306937263,0.40973566009505336,-0.23457979020302017,-0.28353431846032456,-0.062144312258092319,0.95694638026861634,-13.676183912033242,0.71704119721545212,-0.83736251334271805,,0.2278468664204056,0.2083333333333333,False,1
-0.99891095840412791,-0.043915813974060296,0.015757489112840695,0.024684975990095212,-0.78403117212538964,-0.62023041935723777,0.039592286376439453,-0.61916598939111833,0.78426139038002052,-10.229896951320182,4.2708967790554535,-0.021524634285986947,,0.1947391560499052,0.2142857142857143,False,1
