axis_00,axis_01,axis_02,axis_10,axis_11,axis_12,axis_20,axis_21,axis_22,location_x,location_y,location_z,dbh,dbh_approximation,score,reconstructed,number_clusters
0.99427889214996767,0.10109608302267005,0.034482845336591517,-0.092100419722096982,0.97491731518751568,-0.20261722837552731,-0.054101731137251724,0.1982821488310039,0.97865069976111141,11.008224275064471,-18.421415746870569,-6.1746918437216731,0.2907925529997473,0.2469153414667833,0.9538461538461539,True,3
0.79525380196704898,-0.6060076583769779,0.018058472953333911,0.59604154400979181,0.77603150435168433,-0.20617851989983277,0.1109318181198588,0.17472785193584503,0.97834774466265761,7.2759918246521247,0.54758945139442083,-2.8063031496838282,0.3135073052272065,0.2880428606123999,0.9056047197640118,True,5
-0.21595467423432071,-0.96408084565871843,-0.15463408974194515,0.94640587629399398,-0.16772384542242913,-0.27601563179086652,0.2401655595470478,-0.20595347705412645,0.94863252595342207,7.1941069173089351,3.8183522643210992,-2.3131891116763486,0.4322276484451127,0.2467928510716863,0.282051282051282,True,4
0.9116054670290703,0.38377019909455834,0.14729530464217994,-0.38751552208329887,0.92185642520343614,-0.0035286620196322283,-0.13713931831250284,-0.053862469290438475,0.98908626609346761,3.9996617861251349,1.5461094569681351,-2.2944217352301775,,0.2810255312581438,0.1712328767123288,False,3
0.98626317816457298,-0.16306565585100946,-0.026354037235204616,0.16050499062801013,0.98375991490282033,-0.08034038719035437,0.039026803356369849,0.075006811105884447,0.99641903178708291,7.9351664620321678,-1.3882455365067539,-3.1894393338717877,,0.2613601287836477,0.425,False,3
0.52146105195814241,0.77565273245544197,0.35558572795475651,-0.82785469691802283,0.56086387633133539,-0.0093975005909552878,-0.20672438676043042,-0.2894728845004228,0.93459642469759585,-4.9606488403162112,16.35376661727371,1.233997221328395,,0.168173581513587,0.3333333333333333,False,1
0.87082511492641324,0.47209854477779717,0.13706415735736643,-0.47533924154738227,0.87974425979229676,-0.010131278678567668,-0.12536436757930133,-0.056329400681966423,0.99051036034978035,5.2352429411472938,5.8895879506374103,-1.7566264188678389,,0.3272005463857112,0.3661971830985916,False,3
0.99933400060399413,-0.01956674855397943,0.03080093485336155,0.025409165620844987,0.97895151998688934,-0.2025050513389994,-0.026190256571254563,0.20315280915208542,0.978796713620529,-13.276302655632845,2.3100883409483766,-0.72830109240301899,0.2579054979831806,0.2422354403721854,0.9754098360655737,True,5
-0.40987009754564702,0.90020869842951523,0.14707413916035744,-0.89146862179046471,-0.36120264673015828,-0.2735257654374415,-0.19310670496109536,-0.24322201229939472,0.95055397176178369,2.0960065983404941,-5.8544416648587436,-3.5363158006760234,,0.1488620357971004,0.265625,False,5
0.99592408218278283,-0.086757192850246981,0.024666009347442647,0.089913361936594577,0.97657538134347455,-0.19548941633527783,-0.0071281044915185859,0.19691042136614736,0.98039557122814747,-1.1790206909723457,-9.4801436718298824,-3.606191700504763,0.2167269901711293,0.224484808771579,0.9896907216494846,True,5
-0.39933875595056201,0.80785936727788221,0.43346487827416602,-0.89640749701229916,-0.24488292975548742,-0.36944004928339025,-0.19230745512330572,-0.5360928962556295,0.82196243788159151,9.327535024286135,-10.985542866861767,-4.7881651917069359,,0.5316114905137747,0.1666666666666667,False,1
0.98424039715160616,0.1726735831465728,0.038140192686613734,-0.16319446700493009,0.97000423430314431,-0.18016478949269574,-0.068105848161704924,0.17110119554606909,0.98289672617670309,-1.6893212309432677,8.226562637455741,-0.53768078325598223,0.2118314046595082,0.1721466463487112,0.7307692307692307,True,5
0.93072708638886215,-0.36555656954214455,0.010746400638285584,0.36337295429471306,0.92104878232857357,-0.14010437772669351,0.041318116477298973,0.13430389061985848,0.99007842023505244,-16.037745636711726,5.6869114625792836,0.11379504498892805,,0.2737028734402107,0.978494623655914,False,9
0.091175993600921282,-0.9945442475576306,-0.050682125457712189,0.97133056205308477,0.10003793208171932,-0.21566026840021396,0.21955381438846319,-0.029566058155253663,0.97515228082214767,-21.565413315750433,-2.8518396815741331,-1.2662068428966728,,0.1326644676206958,0.4117647058823529,False,1
0.34676732230377122,-0.9141115075872962,-0.21012514337592281,0.90098839164659572,0.38690622958796456,-0.19627401158611196,0.26071505959639601,-0.12125890153924762,0.95777029422359006,5.7389254631015998,-7.9568904716180731,-4.0839015741091851,,0.4261161611595715,0.3053892215568862,False,3
0.98782857666761825,-0.15289533810265768,0.028595781250050901,0.15554516925177964,0.97023325935092952,-0.18561552405902557,0.00063517026218360556,0.18780425457306735,0.98220627086319912,-10.133994365947133,-12.863543643665494,-3.6973946614779116,0.2755173987935223,0.2581157197271347,0.9849624060150376,True,5
0.98090716932447541,0.19047263437521028,0.039259402975728774,-0.17990876497010738,0.96540683991271303,-0.18873915793146467,-0.073850940784623079,0.17807248244441112,0.98124218699631416,0.5501711332467254,19.870377676142265,1.4391815027774721,0.2984994536822418,0.3605430730230167,0.9682539682539683,True,5
0.97063589060855016,-0.23886332361847479,0.028465426265603128,0.23944485014366199,0.94802673583198471,-0.20955064277503793,0.023067977852987503,0.21021327450398583,0.97738336778363799,-3.4346707741721927,-12.905937461423981,-4.0591314584952469,0.2111672412796781,0.2246224510793657,0.9790209790209791,True,5
0.98747403794143751,0.15370199314678282,0.035647183540072548,-0.14331275465748824,0.96824104180589643,-0.20486761411974194,-0.066003626749716104,0.19719275408934081,0.97814034728690424,0.85180163034360834,16.044934114292868,0.64807003491603077,0.375534531388972,0.2342354628220639,0.9696969696969697,True,5
0.97676121133089988,-0.21341972081339924,0.019737244167410073,0.21385445369796061,0.96431706379116222,-0.15607329404718315,0.014276157499131255,0.15666723731885504,0.98754826113863303,12.825387063220536,3.3437792551858534,-3.0464684236182262,0.2448854105514876,0.2376409387274412,0.71,True,5
0.81288719100670148,0.58052125837923507,0.047005140857383651,-0.56141794419584767,0.80249497242910506,-0.20201908613028854,-0.15499776331335055,0.13782919790740264,0.97825293537615299,-8.1502595966403941,1.9840915590200203,-1.1133581997456674,0.2459542452954013,0.2187145011886303,0.9616858237547893,True,5
-0.81730842383723812,0.55847757980676394,0.14180879090475368,-0.57397062699120049,-0.76747324704554198,-0.28555653454386198,-0.050642469094788985,-0.31478184179293328,0.94781207652225596,8.4382650207850105,5.6208109599186704,-2.1180705706249605,,0.298274455194634,0.4,False,5
0.53466552512509924,0.84405338404529129,0.041311755280955764,-0.81974701053715915,0.52990398852341836,-0.21729381413736359,-0.20529884305103216,0.082314323350583002,0.97523163259465873,15.383171771764948,-12.042268769982124,-5.4739772654631835,,0.1264359874735355,0.3333333333333333,False,1
0.97623768485403917,-0.21501197561986807,0.027015421722904141,0.21606389011229987,0.95620335301617876,-0.19746276375599633,0.016624622111949004,0.19860764844450898,0.97993807147134404,0.87462906419186504,-4.9381806710207643,-3.1858009850742901,,0.07403643162994258,0.2659574468085106,False,5
0.98200755437938914,-0.18714476850042036,0.025258637428333106,0.18873296258485611,0.96808646060753167,-0.16488927685670182,0.0064056206377852559,0.16668965298214164,0.98598860420034207,-14.51420802356324,-18.895324787846832,-4.6350289483625966,0.2046253993922496,0.2212891933946707,0.9555555555555556,True,2
0.25991353931939637,0.96433105362273552,0.050105599460827523,-0.93993995979600431,0.26454715538295054,-0.2157027458273878,-0.22126414995916147,0.0089678089661436033,0.97517267924465367,0.6055560410409625,3.7337393551830518,-1.6148363751732753,0.3036135173216175,0.2703438567792166,0.9585152838427947,True,5
0.86744265290052169,0.46520609767870569,0.17642712549791256,-0.47816372647467703,0.87748083790842213,0.037240163632620782,-0.13748707071123467,-0.1166647581152275,0.98360898714944667,9.1635629357831974,-10.385058799829077,-4.6845407094001006,,0.4106686155029219,0.4137931034482759,False,4
0.93461377312569682,0.32854983447737429,0.13620609879384368,-0.33930843739151978,0.93845777651569362,0.064550646876276097,-0.1066155682753395,-0.10654580217967502,0.98857529437024483,4.9560205899536287,5.7392495276738806,-1.743328721772418,,0.296887164721836,0.2444444444444444,False,4
0.99089467382980623,0.12998352913378142,0.035100249709207262,-0.12173134799388183,0.97630276696774421,-0.17892564412827647,-0.057525857588686273,0.17302366706625286,0.98323628205209768,-20.152725566441074,1.5895166758292167,-0.51770942324707636,,0.146352644363501,0.7931034482758621,True,3
-0.014621111498626641,-0.97881218506281242,-0.20423743405925124,0.97324118643182367,0.032914465094835907,-0.22741642645221705,0.22932033518927297,-0.20209736356539418,0.95213908622038834,6.8515882576061333,14.044035530745294,-0.32103025508508748,,0.3484381430661432,0.2467532467532468,False,4
0.37612028941247766,-0.92657037455640501,-0.00093214091113021785,0.90749167773368855,0.36857845161374747,-0.20151620245059262,0.18706251023754003,0.074948422267694534,0.97948473763668953,-8.8373743377531309,18.744061683184931,2.0040750949408159,0.3420420159955071,0.3097426194427996,0.9866666666666667,True,5
-0.39081612864436266,-0.86430793283083607,-0.31659840624538899,0.90153119890335498,-0.29001036708837102,-0.32114713821727869,0.18575319915229641,-0.41093282203658976,0.89254129583887165,-16.451693005776807,2.2179664238511512,-0.52285099738669827,,0.4471506926650626,0.1666666666666667,False,3
-0.61597419279173971,-0.75541985275808443,-0.22342032108454246,0.7414167451509035,-0.4600804604650463,-0.48849481052321586,0.26622735363671124,-0.4665477638540626,0.84347861870848218,8.5188143678163026,6.1443280686629809,-1.9874910566820825,,0.4664388523780897,0.2424242424242424,False,5
0.4247041755151913,-0.9052476837730532,0.012369087415181262,0.88641684323740166,0.41301368374418568,-0.20900927506954822,0.18409655978589551,0.099731279263732708,0.97783543022914554,14.139534804510475,-6.1157343514846234,-4.6622314655690111,0.356636166588884,0.3238122991911667,0.9887640449438202,True,5
0.99943343987411781,-0.012992812616089609,0.031048125252749012,0.01858406852637353,0.98214273567465793,-0.18721719781714824,-0.028061212703556774,0.18768812850529817,0.98182775208270812,-14.285033994846245,-5.0990837183495117,-2.0705639092252413,0.453924914487782,0.286180791443704,0.9224806201550387,True,5
0.97780649748072357,-0.20799866342621745,0.025119902415962521,0.20893323685903728,0.95918949737793047,-0.1905319150575025,0.015535637099448357,0.19155172704202136,0.9813595568634027,-10.472103332668977,-9.3690971363192936,-3.0955811230836514,0.2828060087153124,0.2398515447967339,0.9115646258503401,True,5
0.74050965499470134,-0.67198280641114994,0.0091955830389011395,0.65989232619835403,0.72445964285174236,-0.19924945094943963,0.12723037642070922,0.15361423686274364,0.9799056574736793,-16.767006893991361,-1.0087864364234982,-1.1471540248176719,0.2174955397074484,0.217507829038728,0.9534883720930233,True,5
0.86915361817156489,0.49289906565648417,0.040280256879061761,-0.47556142165121557,0.85536676984208271,-0.2053996672027425,-0.13569569726543687,0.15936812769461611,0.9778489032661235,-4.8791592568517839,12.191026898241473,0.52096315717582031,,0.237891334288797,0.9176470588235294,False,5
0.71163413977846846,-0.66506755750741164,-0.22641111954337761,0.68951793704420838,0.72295540618321363,0.043594668994779179,0.13469174286517674,-0.18713798284044614,0.97305575882492512,-13.494304739764697,-5.8178696781116779,-2.2586161031719616,,0.5477793045730568,0.2,False,1
-0.099672500266759556,0.97401378696241214,0.20337781466451602,-0.97561250147796563,-0.055492522282468038,-0.21236955273917413,-0.19556492438696627,-0.21958534281201736,0.95579110561442759,9.6011433380784688,-11.177199885828447,-4.8243163486754455,,0.1987432188816394,0.5949367088607594,False,5
0.94322039180199102,0.32655654440871734,0.060795688932147748,-0.31349893775431215,0.93566644769456764,-0.16200837844242946,-0.1097893825277062,0.13375022228940373,0.9849148031792998,-15.287531821379723,-14.330438028902368,-3.7043481902629685,0.2857721226384019,0.2979916608080749,0.9696969696969697,True,5
0.97484512590195449,-0.22104562300700437,0.028562441328564739,0.22225637320111574,0.95448253286623619,-0.19891002746151529,0.01670583959843927,0.2002546553833385,0.97960144340472055,16.246639655204053,-12.123237399969868,-5.5612194593421354,0.1586528788107238,0.2814204257418799,0.9705882352941176,True,5
0.99090067082622502,0.12973833380179448,0.035830507929317496,-0.1213450938962989,0.97629486182306824,-0.17923088730789674,-0.058234257473047037,0.17325215011713913,0.98315434380180244,-18.801743530923339,11.081885724367357,1.2507482043540132,0.2616671559783724,0.3154954601826527,1.0,True,4
0.96473581499661176,0.25898980467262861,0.047000939761418288,-0.24792125168982174,0.95404880617680787,-0.16830308491872342,-0.088429973557470204,0.15071548197925985,0.98461412912286816,-7.4473291583873671,-22.067649274359262,-5.50277279412244,0.2181568521534958,0.2618643294974771,0.9818181818181818,True,5
0.93546106490306025,-0.35309030098811656,0.01548661998478355,0.34976209511628464,0.91856803771851958,-0.18411745409334399,0.050784573152669529,0.1776513423255475,0.98278223818892452,-10.851477609320879,12.83405904448983,1.0556687400408362,0.2714536215546566,0.2387123470022147,0.9135802469135802,True,5
0.97373653604712684,-0.22684164016864219,-0.019494323598003717,0.22698512041480504,0.97388290028895652,0.0054636649830783202,0.017745801678701816,-0.009745091604042723,0.99979503885166887,2.374547743741489,-3.4394102080992282,-3.1180789720095707,,0.2883849838462856,0.2788844621513944,False,5
0.17395823721172962,-0.98471630429201529,0.0085048085024645795,0.9610605554545798,0.16788352411121554,-0.21949426206927267,0.21471176133487233,0.046356470891073503,0.97557672027934483,8.403411318124558,-5.0349729111795689,-3.7503839636080869,0.2886432413859391,0.2908253587699834,1.0,True,5
-0.074937909004617276,-0.99565723476153023,-0.055235682860254424,0.96827248102177355,-0.05941086292039241,-0.24273185176855833,0.23839612473770358,-0.071673009104384927,0.96851962678923953,4.6847775117493784,-5.7966993522480204,-3.6312134442612805,,0.401211931108884,0.348993288590604,False,5
0.57454479524861879,0.81710979924772431,0.047221332319878587,-0.79385771942508332,0.57038023623374512,-0.21084664432506608,-0.19921897390039575,0.083653822908930697,0.9763779177914631,-8.5024796300235845,-1.2733759986692947,-1.7177524947395624,0.2657794885231855,0.2190061986996739,0.9181494661921709,True,5
0.074245102879359468,-0.96405407592246195,-0.25512233025691972,0.96615449059006298,0.1329141192698339,-0.22108671875845443,0.24704891218357725,-0.23007297884804268,0.94129339708344861,8.1627832040869492,-8.4921538475342349,-4.271877326884769,,0.6064745788455054,0.15,False,3
0.93180320527293936,-0.36153968417102522,-0.032122319539423114,0.35924538733779499,0.93127385636936966,-0.060595017282289873,0.051822179803584612,0.044922836202078271,0.99764542822987323,6.8806818304853419,-28.76153457553341,-7.8846275034474305,,0.3976901331899275,0.5555555555555556,False,1
0.98203206942398369,0.18552273124742399,0.034559091616328086,-0.17484515701485875,0.9633808379564951,-0.20328928187853967,-0.071008349447787514,0.19359410437494987,0.97850862901660907,5.4896716960116789,-3.2932595052405591,-3.2114678399711671,0.2641466937456255,0.2422699731916079,0.9885714285714285,True,5
0.96894336186552121,0.2445452463308869,0.036693105533706707,-0.23278199493150215,0.95209249467760515,-0.19832403892187311,-0.083434431336541298,0.18362326670533974,0.97944943289176911,3.577548216060654,-7.7771271218230469,-3.9212240028352423,0.3087031861931661,0.2490386593534729,0.9375,True,5
0.49848114449951819,0.83370330287337568,0.23760334879053174,-0.83327833774499294,0.53639104050878861,-0.13390990817277418,-0.23908944021723813,-0.13123815923702822,0.96208772216294525,6.9036728756620818,4.124841455295635,-2.2390982056901354,,0.242601509462866,0.2547169811320755,False,4
-0.936890430515679,0.34748304764864152,0.038624510417075132,-0.34615467095042546,-0.90639549134553221,-0.24212425951914635,-0.049124993509918113,-0.24021395643322674,0.96947614212385225,10.381143612324275,9.0800566291786353,-1.7387263686083951,0.3554839114825566,0.2404433305115561,0.9727272727272728,True,6
0.99662696827734132,0.074077840876739617,0.035315146797881232,-0.065989864868335912,0.97922376707846892,-0.19174501746671638,-0.048785487975157457,0.18876781367514173,0.98080920095772617,-18.678188001329346,-8.2127013357349909,-2.4115803163246112,0.2212119226249046,0.2230071907020027,0.9558823529411765,True,5
0.98079085912875041,-0.19346948977443995,0.024876639160151388,0.19470616076775885,0.96330355909884402,-0.18475866417188233,0.01178140944734965,0.18605324386829877,0.98246902691001725,3.8890317523177109,4.8261494466045347,-1.7507079386605191,,0.2727273650420974,0.9319526627218935,False,5
0.98931062053277896,0.13326603364090964,0.059200172116873201,-0.12268810997602646,0.98010158460639285,-0.15604009588098836,-0.078817027167725179,0.1471089668567403,0.98597506464351536,-21.200062311355442,-10.820442549115524,-2.8665405964830195,0.2029244698573996,0.1726101481473429,0.28125,True,4
0.66530366948888575,0.74447893299696122,0.055876163865558971,-0.72260011818240788,0.66094829040805958,-0.20247574326184031,-0.18767018028284316,0.094331732361759305,0.97769188791880446,-6.2555829971789976,4.4943625103441587,-0.77635447678630498,0.2677226793264761,0.2395289061878505,0.8137254901960784,True,5
0.99933734055648649,0.013983785036713057,0.033605557956033039,-0.007808128313612845,0.98412295951499973,-0.17731619691296374,-0.035551552733002423,0.17693630015202014,0.98358000833017512,-11.16137438463895,-21.368751322448688,-5.2073370267134429,0.2974225538276515,0.2810527599566274,0.9850746268656716,True,5
0.23176775450817974,-0.97120601968919862,-0.055159543958412008,0.93691970028195237,0.238119064386768,-0.25589213821285539,0.2616585240228434,0.0076274828766856734,0.96513037373774191,1.3389617428290814,-17.959764387921599,-5.361429985099571,,0.2012156107432329,0.6842105263157895,False,3
-0.15741560265285315,0.98613312257372698,0.052552760198026779,-0.96375296067476279,-0.14179947795144121,-0.22599366991871617,-0.21540788943785205,-0.086222807978463753,0.97271016677746347,-9.5506857680723236,5.7158285114510923,-0.30188955231890113,,0.2540346330767722,0.9540816326530612,False,5
0.73423592484690525,0.67661212818511385,0.05562045178727483,-0.6600316242829406,0.73061412042933305,-0.17481779650737744,-0.15892092879993072,0.091646249361786336,0.98302853639519772,0.13285802455105919,-18.990940053683634,-5.4508577779012342,0.2659501154706118,0.2116630711584321,0.9791666666666666,True,5
0.020641330814702624,0.99864938623937505,0.047679543054837036,-0.97437062598180035,0.030778454424624121,-0.22283305402714931,-0.22399959528095828,-0.04185797542824287,0.97368993586614416,7.1559399195694811,-20.013473080663363,-6.180168424812182,0.2791527971140092,0.2693523525918037,0.8928571428571429,True,3
0.95445036967772934,0.26787996192116775,0.13139565374532447,-0.27163532667109619,0.96233503427957734,0.01120406633382845,-0.12344529608832602,-0.046385426582489848,0.99126669018706959,-1.1430570500995985,9.7140313864358916,-0.36779553171078699,0.6099971393189194,0.2711893704502047,0.2972972972972973,True,7
0.78281029283967563,-0.61829032238165482,-0.070179218244789815,0.61338570771216439,0.78570225453150389,-0.080186911641228389,0.10471876144563422,0.019724210334012251,0.99430625892025393,-7.9121830995988027,7.5820209289644511,-0.077986522573349301,,0.2068015205687927,0.1612903225806452,False,5
0.9907673238525333,-0.1327924435966929,0.027318069289553437,0.1355614570985709,0.97301991337875737,-0.18669584761774402,-0.0017892275992801299,0.18867542259662412,0.98203787277914278,3.2712984535683369,8.9186909514474664,-0.85684083286676926,0.2960246201378754,0.2483938108644166,0.9890710382513661,True,5
0.9135106688378134,0.40439164591291338,0.044335703843934988,-0.38900824309160559,0.90021300297556039,-0.1956760999215478,-0.11904135720947814,0.16150525065634894,0.97966586614220508,-15.147693145593774,15.139775174679984,1.8072867195781737,0.5154373675746894,0.3388402400921968,0.9285714285714286,True,5
0.65509184486651129,0.75017914803584484,0.089921747322902548,-0.73172227913626375,0.65957663504110908,-0.17187544537681543,-0.18824765869731774,0.046796456704121817,0.98100607064121514,8.5154829156071976,19.772676136462351,0.475872916961463,0.3232317610998422,0.290950702565789,0.4838709677419355,True,5
0.30805712571246746,-0.92966223314029683,-0.20206172218005108,0.92098885034736955,0.34466001631947052,-0.18162877163734736,0.23849600590702213,-0.13014455587252752,0.96238352528663906,5.0729224927117933,6.9488042930312757,-1.5305919585485435,,0.4212418972802249,0.2058823529411765,False,5
0.93090236904833379,0.36319978136678693,0.038816209440353668,-0.34847515607469454,0.914927026539333,-0.20365068550488907,-0.10947988353536278,0.1760524209518631,0.97827383700989934,-6.2430835207989022,8.7304608785579418,-0.099188445628680649,0.2866146357374532,0.264329808753211,0.9560439560439561,True,5
0.94637460261774342,-0.32239147851790556,0.020948653874348556,0.32029359244212535,0.92777844092851014,-0.19141363375888623,0.042274414964918093,0.1878587211904259,0.98128587817825663,-0.40341240267042294,-4.6227324708932409,-2.9373546330174523,,0.2774352264503371,0.9967320261437909,False,5
0.97362923835407678,0.21138353214886615,0.085808557605456276,-0.1999614682142821,0.97178887432514005,-0.12506716182701599,-0.10982494002569881,0.10461064034860677,0.98843062299496032,9.6975341948051668,-0.89409570246739745,-3.3655814829399313,0.4026269859108695,0.2877425740760771,0.4473684210526316,True,6
0.99173164626667609,-0.1249504945331151,0.029252618842062168,0.1282557888870017,0.97277166058830966,-0.19304338624577608,-0.0043352520297928326,0.19519905294901668,0.98075406464497816,-4.6948141051887955,-6.1226152500666329,-2.7790228223812385,0.2686123191482011,0.2503713938457201,0.9568034557235421,True,5
0.98662270238743899,0.15862485811529697,0.03760049895426034,-0.14934810808419488,0.97196705269621042,-0.1815907241152869,-0.065351248996320777,0.17354596757327567,0.9826550826173327,2.6077684624727753,-17.190168413470357,-5.2845982760185306,0.2854851400944434,0.2678520709494939,1.0,True,5
0.53727313415474864,0.84167601388437319,0.054028390381787993,-0.81874631806755604,0.53586941537780419,-0.20615148874910361,-0.2024649252743671,0.066524110774692752,0.97702737767131309,3.3408023448574298,-13.120120612141305,-4.5869715618167861,0.3779094337899706,0.3507080067961491,1.0,True,5
0.74173858434300699,0.65740726240517644,0.13281401971840856,-0.64651229556485079,0.75353110568766246,-0.11921713150631601,-0.17845370318460069,0.0025620495815851969,0.98394497392976321,8.507347422854961,0.53744254475881226,-3.0115734756525891,,0.1128512637903562,0.1724137931034483,False,2
0.97988614142306907,-0.19821251504546675,0.023128958609453271,0.19875274837911344,0.95896050318608317,-0.20221794762295775,0.017902370199387493,0.20274750851352813,0.97906738937255955,-7.6389098492967946,-18.400924536634271,-4.8232071047833651,0.2913619593176107,0.2592731539243701,0.9583333333333334,True,5
-0.60888757381117642,0.7915051117523374,0.052683778606491975,-0.77772841828374661,-0.58257387095347279,-0.23610631562105117,-0.15618716289183307,-0.18473587348483586,0.97029800947729161,15.844286006837983,7.1986418648712025,-2.5876420460767555,,0.1870753423894012,0.5531914893617021,False,3
-0.71574483070999495,0.67859156269558807,0.16499341911203233,-0.68918739801904449,-0.64817583491850095,-0.32386543106580812,-0.1128276017810274,-0.34551639333910389,0.93160525664590277,-2.2449333994888012,9.440651183570095,-0.2463029303554303,,0.3138162867457836,0.3137254901960784,False,3
0.75453178249474218,-0.64213633549032134,-0.13543528287846501,0.64940108308056288,0.76033571586405102,0.012955017379155359,0.094657395374583592,-0.097726791743942054,0.99070149473811608,4.0501852643585501,-0.953600274812759,-2.7335442597508059,0.7141013287086309,0.5184626181245157,0.4373673036093418,True,5
0.81574868186399907,0.55147461728262959,0.17444149314346821,-0.55790283342490798,0.82978294668657171,-0.014306985867280464,-0.15263851576061904,-0.085650498428931868,0.98456359653669301,8.1387554615894491,-0.24014429468027843,-3.0429098552755853,,0.3718291863887035,0.2769230769230769,False,4
0.88576263969100477,0.46299655301474657,0.032538254779353577,-0.45233956631307404,0.87682822115211934,-0.16297603301992017,-0.1039878015698156,0.12963974115861568,0.98609333971840818,-23.434390262655182,12.206474959519246,1.6392635166602463,0.2234526173088189,0.2676215333599471,0.8235294117647058,True,2
0.86141149430004815,0.49334579672698209,0.12074834300965304,-0.48881325801096043,0.8698319213789506,-0.066738499705287641,-0.13795592151287969,-0.001534080187498392,0.99043718140905346,17.180204169927681,-12.362417932786325,-5.7504875327416647,,0.146394837199756,0.4285714285714285,False,3
0.37341341694108549,-0.90872740569687693,-0.18648571576345008,0.9068218796005223,0.39994598727452862,-0.1331062956466651,0.19554155242852569,-0.11940565061346908,0.9733990917786064,13.479754239852017,12.824417583157084,-1.3371932963184048,,0.3252444895570152,0.2058823529411765,False,1
0.98371821173370744,0.1446888362320824,0.10660028411426554,-0.16548491321152312,0.96060412773357984,0.22328110820349889,-0.070094389239161919,-0.23728643124083945,0.96890759422463779,-18.341537040940356,9.6549248924063011,0.93793173397828178,,0.3077791812262287,0.3235294117647059,False,1
-0.91846758701856879,0.33240198903098073,0.21430401135894594,-0.39099017075893228,-0.68158497422131126,-0.61852130867548505,-0.059531319204165559,-0.65188253589429868,0.75597961707299344,13.2712526127707,13.481574981915974,-1.1872950451655402,,0.2738301493084518,0.2608695652173913,False,1
-0.98510709350106251,0.1350813217189881,0.10638162837887,-0.1717938984363114,-0.74759083178384866,-0.64155654832040154,-0.0071323764583119953,-0.6502776212936936,0.75966317829066365,-5.3794878210373227,-31.623049654932977,-7.5882868030450403,,0.5830091726793425,0.1785714285714286,False,1
-0.54066467166579268,0.83872151374867909,0.065022574446445297,-0.82366296137569717,-0.5120683094404016,-0.24365010265679038,-0.17105858315307046,-0.18528968897910125,0.96768109017779746,1.2743705812930792,-26.845741279602784,-7.0345166870524576,,0.3440370363204464,0.9111111111111111,False,2
0.33363377096541152,-0.9426796378173925,-0.0066035835626754441,0.92095863077336027,0.32742610299649516,-0.21125185793404552,0.20130501055725575,0.064399126709905954,0.97740935395746287,-19.926638343167728,-0.32562941054468292,-0.91431343458370695,0.2835105260174686,0.1819029671358147,0.5172413793103449,True,3
0.19148879397016186,0.95376133126308427,0.23167081121954888,-0.95345780181660467,0.23677654030956299,-0.18669517967554505,-0.23291685627902298,-0.18513830761434771,0.95471123650808376,16.733168516011652,5.1397699687246368,-3.1049580659444205,0.6395180449989346,0.2270740649510379,0.2580645161290323,True,3
0.35090753078031656,0.9267461857324617,0.13418424673558416,-0.91019748662182787,0.37123221280053781,-0.18364961074427838,-0.22001009110713537,-0.057690132687930912,0.97379022813000149,16.327329947580463,6.3174645016837436,-2.7873906946209455,,0.1787552306816785,0.1904761904761905,False,1
-0.58640201793875724,0.80655800798451671,0.074812118760283264,-0.79667886015503064,-0.55758520268036316,-0.2332413675443967,-0.14640856238429306,-0.19637444209455471,0.9695368024745723,9.0217571312670319,13.495581064187936,-0.79279578386064353,0.2127193973311585,0.1556417111954287,0.2903225806451613,True,3
0.86365365186704768,-0.50365302060611017,0.020880719600946548,0.49674406910513635,0.84330085699037838,-0.2051560245475737,0.085718722724872728,0.18755612342345526,0.97850651563532365,-1.7619259992920129,-1.3770963371490703,-2.2995334192201491,,0.2244913918705671,0.961218836565097,False,3
-0.71218118749980308,0.68323556429777965,0.161205210368846,-0.68898045221182092,-0.63628310060904925,-0.34705871599677257,-0.13455070658069435,-0.35823592722956771,0.92388480223489289,16.348776898544848,5.6786915640166402,-2.9615899142890054,,0.2440465551204782,0.1612903225806452,False,1
0.55995374258569619,-0.82157506238555167,-0.10708045120585372,0.8121321145618926,0.56985329394145956,-0.12533416087124025,0.16399156887322341,-0.016782140812362893,0.98631897735380369,7.7537456154743678,11.612687484455986,-0.75431421221066919,0.533208725159753,0.1845913169844442,0.1153846153846154,True,3
0.17327369865981926,-0.97646707215866224,-0.12840670676656663,0.96121994839691982,0.19607130848856177,-0.19393878619658569,0.21455170974981269,-0.089822597254099384,0.97257362953452486,6.6143371560124562,20.884790742966906,0.83346804268912933,,0.1320641219285189,0.25,False,1
0.98789259719827882,0.14843562107127295,0.045111891980109481,-0.14103625629301983,0.98041762999779003,-0.13744106082378146,-0.064629643443927839,0.12941459417972226,0.98948212313391948,-16.743881797925113,-27.826102360333557,-6.3062125214299662,0.3362084427682777,0.2463018231021574,0.75,True,1
0.73388311720748411,0.65286483734707346,0.18757151818334694,-0.6485069444687942,0.755565421913451,-0.092518301889393528,-0.20212449938979338,-0.053743812337123997,0.97788408790709824,-21.779621022339796,-7.1574489500930696,-2.1064176990586025,,0.3455263403366208,1.0,False,2
-0.018863124236265311,0.95910999880356451,0.28240430722471882,-0.97470616116813513,0.045271313730529179,-0.21885704817069299,-0.222692797200368,-0.27938954588197851,0.93399646665655944,11.985395011678106,5.322218549919338,-2.613589592136254,,0.5728979702831933,0.1868131868131868,False,1
0.91411987110253135,0.40387902821598487,0.035589209359050841,-0.38767252787014489,0.89638137056488321,-0.21496615928790369,-0.1187218277751077,0.18270787906254171,0.97597282674171038,-18.869567220794767,1.8070462499026023,-0.55490508636406111,,0.1838806465465269,0.5,False,1
-0.80461036162401334,0.56802510440288345,0.17305966235771453,-0.58579333510900256,-0.7115909014187789,-0.38792339135437554,-0.097202543738034247,-0.41350437698542164,0.90529873285272655,15.99527752808071,2.307091211588459,-3.6842352897406077,,0.1727679879679907,0.2666666666666667,False,2
0.99183238438755694,-0.12672375936475902,0.014477917410911964,0.12750710903003171,0.98798329415714248,-0.087355295278568015,-0.0032339491180491467,0.088487848198862087,0.99607200658096906,7.1169602563060046,16.27130627562493,-0.082137936269652254,,0.2069978553981985,0.1935483870967742,False,1
0.99155748289556533,0.12507962328827191,0.034188389138342573,-0.11551709005888749,0.97186168431682007,-0.20528192434113765,-0.058902971216549527,0.19959948495659405,0.97810555953175382,-21.998813071603319,8.5672496275011092,0.86114545570119949,0.2835576592432753,0.2586009402585568,0.9787234042553191,True,1
-0.76345117517569905,-0.64273823533587016,-0.063481209504660907,0.62367052633695752,-0.7081004087249827,-0.33110253055827554,0.16786118580966039,-0.29237197540264198,0.94145698271229095,-16.957669654046406,28.318796259105458,4.3436501095456945,,0.1989239935632592,0.2727272727272727,False,1
0.98844121924221739,-0.14927779361616242,0.026459335517884267,0.15158570910713581,0.97039399523213532,-0.18803528076374323,0.0023935115300199733,0.18987267931564919,0.98180580399183381,3.3472513790272407,25.408361416426136,1.9687953393138056,,0.3104087222246902,0.9166666666666666,False,1
-0.92295682980769378,-0.384631403844722,-0.014469743873650916,0.36751210251985494,-0.86945868271284277,-0.33011581839815385,0.11439206621425456,-0.31000045521206188,0.94382952536755682,-3.7684431131418106,10.843746663943696,0.14954931955031706,,0.5012161232520748,0.25,False,1
