axis_00,axis_01,axis_02,axis_10,axis_11,axis_12,axis_20,axis_21,axis_22,location_x,location_y,location_z,dbh,dbh_approximation,score,reconstructed,number_clusters
0.2087794437868187,-0.97771639559691792,0.021949798018180283,0.9778426592954359,0.20834949156531293,-0.020352469788857526,0.015325714146407748,0.025712626187300781,0.99955189126951072,-7.9912848052459982,6.1747144973233787,-1.9531009325639797,0.284834868657256,0.2467613077171825,0.7350993377483444,True,5
-0.99853617449177701,0.032422314109113295,0.043293207078460245,-0.034730307240264921,-0.99795467367902035,-0.053668193943878138,0.041464611300785797,-0.055093219455854131,0.99761987910208816,7.9294671180200593,5.8175191542166829,-2.089268010722813,0.250129739265105,0.2080815082837285,1.0,True,5
-0.66089430054234366,-0.7498878237493537,0.02978213060049369,0.7489930023710264,-0.66156218433087821,-0.036673678061959286,0.047203876004857162,-0.0019308173956038774,0.99888340963012445,-6.4755086933533823,4.1237605813920446,-2.2439416280337152,0.2757099329513975,0.2459977477341256,0.9625,True,5
0.3196690896256037,-0.94746523074036282,-0.011014067189261314,0.94750270964897232,0.31972553569959083,-0.0037678945666722724,0.0070914276273353668,-0.009231379080147567,0.99993224435182881,12.813970655852168,-5.9611068666686267,-3.0154380205016116,0.2594509985295005,0.2549089393969345,0.905982905982906,True,5
-0.97828897057389463,0.20176255581055086,0.047355687369794973,-0.20384545911078264,-0.97800255874156539,-0.044249563781652214,0.03738607833653694,-0.052942102033698923,0.99789749723048704,10.59150331896292,3.7684695708917775,-2.2667394284509923,0.1108462324612236,0.1339319286419061,0.7777777777777778,True,5
-0.71516337744954284,-0.69892854769535084,0.0063426155038614276,0.69720137539893445,-0.713980163553527,-0.064362785784270182,0.049513490048631058,-0.041607827010621309,0.99790640995769631,-5.7805332394582472,-7.0443629616061516,-3.1100196437954661,0.3204029760019643,0.2938614797433377,0.8525073746312685,True,5
0.18852575734142013,0.97531348835241616,0.1149853827957501,-0.98166704985120923,0.19049898044668218,-0.0063199434488658765,-0.028068524280165246,-0.1116858893800637,0.99334707935248767,-5.9299262016277412,-22.122249884982942,-4.3982783295576615,0.1983640019697999,0.1569631712692634,0.3846153846153846,True,5
-0.058581728425939256,-0.99317382318572878,-0.10086594089817069,0.99467440538365803,-0.049488408579756282,-0.090408653849671713,0.084799813498003335,-0.10562506499352728,0.99078369853153003,-8.4140236316262769,-2.7964482187281541,-2.7292409722047624,,0.1920601258030286,0.2378048780487805,False,3
-0.16997219598749932,0.97533050881303851,0.14085400658016797,-0.98338439214105333,-0.15862735397317435,-0.088275137297198381,-0.063754136215285209,-0.15351795057897333,0.98608703924424146,-6.4670199836731319,12.215932755745262,-1.6264229543754798,,0.1294358288508332,0.32,False,5
0.79853670393200438,0.59475201539317535,0.092785627438552259,-0.59984996615128527,0.79909820153393019,0.040275084277247283,-0.050191140470321575,-0.087818588527678126,0.99487122027290265,22.958025319336159,0.047186093209581358,-2.8009943088476486,,0.1306685335064103,0.4285714285714285,False,1
-0.99881755730566968,-0.026632716728718329,0.040671680781386277,0.024550806371508738,-0.99840414018637469,-0.050856963782893144,0.041961233590587121,-0.049798305777944599,0.99787743917637639,10.14317355242024,-0.84600688719275285,-2.5476044717124093,0.1178723001519451,0.131172322531549,0.797979797979798,True,5
-0.7251587005824347,-0.67145657894496824,-0.15261363491219612,0.6883395565088265,-0.70099695827719632,-0.18652592160702336,0.018262363341733236,-0.24031089671015129,0.97052416714244494,-9.7697489713704186,1.2165420627223473,-2.3991006549401921,,0.493075830675958,0.4166666666666667,False,7
-0.50951808335821935,-0.8603706703856967,0.012394848568432428,0.85930252600914803,-0.5095268215100508,-0.04451501944471456,0.044614924916053143,-0.012030282703769973,0.99893181988201929,7.0678748508720757,-2.7811590636061045,-2.7062487326412095,0.2065417968285054,0.1874186275047171,0.9757575757575757,True,5
0.71686493918966143,0.69381558361680462,0.068735688627360209,-0.69546170660155993,0.71856315934504444,2.6132642070395007e-05,-0.049372802345523638,-0.047821772892086001,0.99763490537671595,21.039340208387522,-12.802131466485447,-3.8273156956379855,,0.08254754287505559,0.1538461538461539,False,1
-0.99886505427927319,-0.027058821359902507,0.039197238758343918,0.025059268425752106,-0.9984027605993463,-0.050635567475552562,0.040504770158980505,-0.049595844727335948,0.99794770192638416,11.316161135553671,-6.1582113357544062,-2.9840261878755854,0.1310785117148074,0.1166201643532459,0.6122448979591837,True,5
-0.99780092508460039,0.052688263775296562,0.040215180723968895,-0.054617749201923263,-0.99732916638509395,-0.048491600816328737,0.037552834412764663,-0.050581426808257703,0.99801367920966355,9.6846152510483154,-11.838170500436702,-3.3902564015152117,0.1691175886018166,0.1628870789711308,1.0,True,5
-0.66587891592602022,0.73401308457886172,0.13352925144781469,-0.74595297361454682,-0.65200392464145751,-0.1358125303782835,-0.012626578349013009,-0.190041242679483,0.98169490963335171,-5.7173909406785182,1.8171535445105702,-2.4657356252048479,0.4581530955685691,0.3623332063158666,0.5721925133689839,True,6
-0.99842486250900775,0.03508659211176543,0.043780417744157113,-0.039573561311668677,-0.99355373684615922,-0.10623043464160872,0.039770933720267493,-0.10779565414716914,0.9933772545100894,10.534664745721354,-20.370660787623084,-4.4314785771750342,,0.1227033888776939,0.3103448275862069,False,2
0.32783016455627884,-0.90668942427510768,-0.26540849857281945,0.944663756370685,0.31809359242231156,0.080167660933170987,0.011737572433461197,-0.27700316671031655,0.96079731214540087,-4.8969807943379848,-6.2637841490066233,-3.0366471122753458,0.6054680111692657,0.4507338664524794,0.252212389380531,True,6
-0.99883733931410024,0.024518079308825855,0.0415070280667722,-0.027551853352250279,-0.99686488270287299,-0.074170755764274343,0.039558374192903673,-0.075228115892887151,0.99638138562019574,7.059693977148858,9.6585268430874098,-1.8364975692747518,0.367448453163184,0.1835755849188761,0.8947368421052632,True,5
-0.99779812075743246,-0.049887652341206831,0.043705060997791687,0.047361001346641521,-0.99724703778548918,-0.057055071461807799,0.046431086185671218,-0.054859527631501329,0.99741394940298933,6.0673444668801206,11.071478532675005,-1.752685072530314,0.2014748393408906,0.1904080458973406,0.84,True,5
-0.94909624036272278,-0.31293321063216273,0.035904487362889065,0.31082391468005366,-0.94891979681157557,-0.054219122844663542,0.051037443042456665,-0.040299192330921066,0.99788333712171173,-10.691471258432841,13.386528292460094,-1.5188053421492926,0.4690300137567424,0.2948575586549426,0.9538461538461539,True,5
-0.58832304693716897,-0.80845633526341432,0.016563405900242481,0.80726238924599802,-0.58839678031463072,-0.046007214914831854,0.046940679068468272,-0.013696090238706039,0.9988037794085306,-9.3908115839160118,-5.5509565139862458,-2.846220689544646,0.278072374283687,0.2811260631152216,0.9955357142857143,True,5
-0.35609153790528603,-0.93406622021532248,0.026816280221361049,0.93339021445544756,-0.3569078353483488,-0.037409953565477667,0.04451431445123713,0.011708685648617271,0.99894012958200862,12.714054688993516,-14.105352222227411,-3.7390438120350451,0.09498665369437054,0.1721033398583559,0.8333333333333334,True,5
-0.41405591914765194,-0.90872523753512291,-0.052689073682572474,0.90775372852873037,-0.40794225679446039,-0.097807379392510357,0.067385934444668644,-0.088326427461869139,0.99380962867686184,17.583443519725098,-16.304104122962254,-4.1809943390661104,,0.2313530493242678,0.16,False,7
-0.93997316482430449,-0.33999326922356166,0.02924083262932671,0.33772104189815971,-0.9391240753955904,-0.063170158077994643,0.048938198469120245,-0.049503008949478303,0.99757431043283451,5.1642173020083098,11.533887294183058,-1.767604128481455,0.1543988251267871,0.1962665427088447,0.9358974358974359,True,5
-0.87375416042979792,0.48372677967351446,0.050616892025387314,-0.48579880224156852,-0.87302556553455579,-0.042730383379111059,0.023520010039873251,-0.061925475773382546,0.99780361022496011,-17.893584822926382,-22.411063865811258,-4.2923237013091144,0.2045345344191057,0.2884525897217359,0.9583333333333334,True,1
0.95504199531390499,-0.29553820249532964,0.023493787533387503,0.29425116466005358,0.95458984346954556,0.046631350409242003,-0.036208276443880388,-0.037621823595049286,0.9986358490993329,-2.9516686481878347,-28.325032870444094,-5.188625056538358,,0.249319249089953,0.28,False,2
-0.9990133746451143,-0.0012832420115308672,0.044391784939584657,-0.00088519237113917205,-0.99880849392563031,-0.048793533346967795,0.044401505770058858,-0.048784687679182939,0.99782190822480832,16.121939758328107,-5.1204416997456805,-3.0975030870109901,0.2047078450031904,0.1942457380750261,0.859375,True,3
-0.994069568382146,-0.10062123891986105,0.041243902516210337,0.098427306891566188,-0.99377618233491327,-0.052162866887460753,0.046235900278980911,-0.047793992322024567,0.99778653820509866,8.315746516160722,5.0897239662648444,-2.1481572937472584,0.2827711914018398,0.2645544980971657,0.9834254143646409,True,5
-0.96107748419135841,-0.2738641554081106,0.036448508378427488,0.27216826341820932,-0.96117551463845319,-0.04545400364567475,0.0474816361167789,-0.033764692240669233,0.99830127706497851,-13.51549063685505,-9.4373340567575479,-3.1126342821266277,0.3082285168761435,0.2623431390828424,0.9478260869565217,True,5
0.98221013786329048,0.17046137876145592,0.078779206833528279,-0.18433965074866021,0.95523334795621306,0.23140471929981424,-0.035806957989172133,-0.24181019271963572,0.96966266941470658,-8.2299532704917038,-13.415261825961032,-3.4944081693012268,,0.2414728386428022,0.3518518518518519,False,2
0.35947994001091216,-0.93289296965831081,0.022019988461605917,0.93307884169168032,0.35905423556700755,-0.0210696727241809,0.011749379433113591,0.028120510014757502,0.99953548661338032,-13.534921045748659,-1.8491450713935229,-2.4864826103112843,0.3118707177874561,0.2746642872862937,0.9935483870967742,True,5
-0.69885108370407656,-0.71518475794343439,0.010859319086765074,0.71352679337031577,-0.69812873668327369,-0.059125139828079688,0.049866601531600774,-0.033571252916844013,0.99819151119876848,11.315722879947847,-16.671767417195539,-4.022148047625782,0.2115327792674245,0.2237684920027877,0.875,True,5
-0.96688952371683401,-0.25485683855285307,-0.013139283446182183,0.25399065163930712,-0.956052031673709,-0.14646931969669713,0.024766869129428156,-0.14495690592523752,0.98912794805227677,-7.8642577510411531,14.313389257565147,-1.470556810163961,,0.2311313868553143,0.2432432432432433,False,6
0.40503346054821698,-0.91382170153845221,0.029627582312839275,0.91426650786395802,0.40452012866353182,-0.021913879261385886,0.0080404250247687117,0.035963360568886459,0.9993207634498612,16.455100439293698,9.6373642332560117,-1.9562644383626917,,0.2113838726355906,0.825,False,1
-0.84801095912334301,0.52737739017225094,0.052445224204074478,-0.52961303940741311,-0.84694174976076275,-0.046900970158635667,0.019683538715186438,-0.067548211281162951,0.99752182806010081,-8.8507826876184268,-18.478507448726397,-4.108970176810856,0.3346029981272274,0.3463415121979684,0.8958333333333334,True,5
-0.84359651816454728,-0.53629284841591773,0.027108952001023586,0.53464137329088346,-0.8435593879798059,-0.050657288881000906,0.050035152705777367,-0.0282407451933641,0.99834810752794667,-16.60575705752402,-4.264554051531869,-2.8303387472638364,0.3048637849473202,0.2313345637097676,0.9873417721518988,True,5
0.064726445219604398,0.99322898116578862,0.096471126569581206,-0.99720294841067159,0.067998694038700125,-0.031023495774896701,-0.037373345719875432,-0.094193251251890958,0.99485218221015226,12.051616337702184,-15.300919070281452,-3.8984290616149524,0.1994927211996739,0.1649359149966021,0.9347826086956522,True,3
-0.4470169095904673,-0.89445651861971642,0.011109403174139181,0.89365059491813781,-0.44709440460813787,-0.03866791396692397,0.039553719706835015,-0.0073572866460494928,0.9991903590360357,19.391352106356699,-5.5548438214129989,-3.1234873163788563,0.1649551736851593,0.2231717026656893,0.6136363636363636,True,4
-0.90090998091265273,-0.43286390474181718,0.031465000613876623,0.4310524555834428,-0.90086804863454695,-0.051288785176373669,0.05054687752421716,-0.032643512694733902,0.9981880655725659,-11.594910617763579,6.8656194979160077,-2.0310217592286559,0.2892163393049109,0.2563136429329132,0.9611650485436893,True,5
0.11660816968970833,0.98909389127866409,0.089976713636631206,-0.99281774697229142,0.11852640970658564,-0.016260734882868774,-0.026748010364894836,-0.087434343580190255,0.99581111637911657,6.7845808916787931,13.990684521894158,-1.5826543501060975,0.2200863346932508,0.2436353857564835,0.4,True,5
-0.17339544698254097,-0.97558058088957711,-0.13482043300954233,0.98457941033608765,-0.16849317438737602,-0.04704715641892751,0.023181969458321728,-0.14089918515030866,0.98975250235400403,-8.2331477388841989,11.52749384604018,-1.6158197502340421,,0.3159364880526363,0.2857142857142857,False,9
0.73237187198056186,0.63960015009611138,0.23354461913887076,-0.67909758125607644,0.71109267602334258,0.18213643577853447,-0.049577376532390582,-0.29199118839957139,0.95513518919217522,-9.9957125065698342,1.9819027059099679,-2.306034933282608,,0.4785622773170487,0.15,False,1
-0.14787372010211913,-0.97338861518389941,-0.17506560694074297,0.98590223506108521,-0.13106860777587342,-0.10400866770250733,0.078295247650904509,-0.18797772178123887,0.97904761391324513,-8.1481202978616309,-3.3809180941198802,-2.789823233946374,,0.3959962485537849,0.2222222222222222,False,6
-0.97582526555949878,-0.21547554443439423,0.036542315832963988,0.21338430907202824,-0.97548408439729462,-0.053832496964433076,0.047246034093749695,-0.044733553830139938,0.99788111587710648,15.393000223843565,-3.746851558294618,-2.9736422488056582,0.2168259917421536,0.1704499157515318,0.9333333333333333,True,5
-0.080650611436577785,0.98111613492681871,0.17580275498741604,-0.99638509531856578,-0.07463531477697348,-0.040574765743659959,-0.026687463384835818,-0.17843962445152528,0.98358887738916612,-3.8535727295987718,-6.2777763564788645,-2.9930235738065503,0.19718653953627,0.1822963258588405,0.2066115702479339,True,6
-0.38107345924213798,-0.92261290341112367,-0.059736497390860087,0.92337027539901906,-0.37653837959691167,-0.07487444958109854,0.046587049388977481,-0.083691571557891503,0.99540211355984198,-6.732113488168042,-22.935517670960238,-4.4537621248844221,,0.1558010281788372,0.1875,False,4
-0.78993178368407624,0.60661335294167607,0.089599202890150914,-0.61316590508416402,-0.78283354315947384,-0.10582635090893296,0.0059455839083112152,-0.13853477446922949,0.99033972266831138,-11.278296399104798,13.421321774137331,-1.5508975183557028,0.2939926471312256,0.1404694136356568,0.1785714285714286,True,4
-0.96523015681861823,0.25517978658068979,0.056692335359729104,-0.25868246469938871,-0.96365507342103907,-0.066725421894069367,0.037604877675054799,-0.079070702479020052,0.99615947377140324,14.195125242214845,-5.35555604930813,-3.0324239153676875,0.1413435278754167,0.1785915921362776,0.9629629629629629,True,5
-0.63778194117303288,-0.77018818920780052,0.0066594833409040766,0.76864706315237996,-0.63700993611397438,-0.058309807059290397,0.049151681769592462,-0.032070149623601135,0.99827632331050564,11.194004105331333,-18.311640776341743,-4.2312826246094168,0.2237044877226614,0.164488561416494,0.9310344827586207,True,5
-0.95166296153262775,0.2958541523048725,0.082510170348355505,-0.30392789694843914,-0.94585706087183574,-0.11393969394110109,0.044333295652908944,-0.13350932912294258,0.99005546204932104,-7.4015525360955703,-12.74001039950045,-3.4850445478073699,0.3679085313730636,0.3135588545535556,0.2711864406779661,True,5
-0.99031348363740523,0.13016798927159595,0.048326997578338207,-0.13289882442178585,-0.98940756132788366,-0.058400171699385134,0.040213263897057198,-0.064257078646636337,0.99712282154734877,-7.154636068760472,12.142485617101981,-1.6163901208864699,0.3210982904574802,0.277304161881087,0.9912280701754386,True,5
-0.99660435234128786,-0.072950312204258738,0.038183986744514085,0.069800561632983441,-0.99449310118889367,-0.078175144920990786,0.043676612621906842,-0.075244425953016822,0.99620812578139439,6.8562490212589919,1.1574296064809821,-2.4197729479510834,0.2094826815018676,0.1974208259635017,0.9191616766467066,True,5
-0.26624565406471273,-0.92681454001205954,-0.26481703138938562,0.9626765471006643,-0.24180716817438322,-0.12158601515728076,0.048653030265280395,-0.28730489352205457,0.95660272882962538,-5.7106144130111174,4.0630864409096032,-2.2243087451121202,,0.4045650562050589,0.2798165137614679,False,5
-0.80212736382001737,-0.59712881759735625,0.0053728396526599755,0.59533157835327322,-0.80035058339209375,-0.070846704082372966,0.046604763989855733,-0.053629458870273553,0.99747274504857097,15.359720103520855,-7.5242672611060524,-3.2677676454779525,0.1758265419056425,0.1335606308502362,0.5121951219512195,True,4
-0.9752385656252015,0.19158105907328965,0.11048274943020113,-0.21109383642142318,-0.95535776956079854,-0.20671459639972489,0.065947951766414645,-0.22491827392226799,0.97214332159082506,-8.466255252356607,0.1285871932271283,-2.5380540337459174,,0.1412244046723927,0.1948051948051948,False,3
-0.61848160948021325,0.78190705200987465,0.078114408094747498,-0.78576918753756475,-0.61626446181813144,-0.05277212347977403,0.0068762381663802462,-0.094018482849046695,0.9955467051984267,15.661047090053851,6.1986977349350187,-2.2438549304535202,0.1548552844676233,0.2015851897851106,0.6875,True,5
-0.98843190564489669,0.14319639136198287,0.049971605978856914,-0.14653261766198142,-0.98664699154289492,-0.071104894630988569,0.039122370382274479,-0.077604816733642543,0.99621630811556794,12.285149585890512,-12.956931335288406,-3.5677810531880185,0.1565030716719602,0.214023806087949,0.7916666666666666,True,5
0.22521412620055911,0.9722012119194946,0.064057793452363426,-0.97369356180227706,0.22692187060136246,-0.020671534717443773,-0.034633005421340728,-0.057717139439212681,0.9977320716256648,-7.9677729591076876,2.8019323891320829,-2.3370910980136768,,0.0800711101082568,0.3272727272727273,False,5
-0.41922346717604519,0.90577549287068804,0.061825893311442046,-0.90761180371768735,-0.41646068517619089,-0.052927416854628588,-0.022192303197760339,-0.078302325747324458,0.99668262122971685,-19.117609830584243,-0.037538410333459615,-2.5700160215085051,,0.1822155540234227,0.71875,True,2
-0.83900037931602112,-0.54348508738696766,0.026501382898927627,0.54165671506418112,-0.83883357479903697,-0.054463169350960544,0.051830170108303458,-0.031339967738517348,0.99816403455979907,8.7694882231597191,-15.257277202510565,-3.815255492908336,0.2372542314635359,0.2278714163930914,0.8795180722891566,True,5
-0.99739919719330228,-0.058218945838391163,0.04248994920708847,0.055747775404495353,-0.99680540852962962,-0.057194082417030813,0.045683990364288662,-0.054676611741608948,0.99745849094228067,9.2270564032399651,-2.482373826360035,-2.6463724698017246,0.1165684108373903,0.1549691855806041,0.8531468531468531,True,5
0.96268634879067139,0.26476927240448073,0.055966295593763898,-0.27028401682911141,0.95100314744619663,0.15013182139089695,-0.013473830146146471,-0.15965665015222363,0.98708065018181956,-8.6775610579527758,2.7774801732236702,-2.2849601065392005,,0.2701945648281031,0.375,False,4
0.53543435084539293,0.84193439422833238,0.066757259905889099,-0.84321153993798481,0.53738883483899058,-0.014406217609163552,-0.048003696213762083,-0.048576908153585147,0.99766523901760418,15.846898829151352,4.5759034309268189,-2.3711068074981543,0.1569136085492491,0.1630190637174007,0.75,True,5
-0.76583760357519415,-0.64256151422317764,0.024646812966838273,0.64113902831301472,-0.76596002626241966,-0.04739181935648587,0.049330632714859206,-0.020492403648468313,0.99857225580759112,11.798390300936951,9.6627585286666875,-1.8648376121923245,0.2083617091964515,0.1735394208714024,0.7708333333333334,True,4
-0.49521811999901766,0.82884532129043553,0.2603352588482683,-0.86851962581105391,-0.47950016410620366,-0.12551196039880869,0.020800798197832641,-0.28826207866641079,0.95732559811030582,-6.3287899786856103,-1.1388475614888767,-2.6918274617192632,,0.2700834776823028,0.1333333333333333,False,5
-0.97304012590437838,-0.22791237900475605,0.035339225746799457,0.22527860633465055,-0.97204811059057528,-0.066121253959747675,0.049421279909653962,-0.056377461752763709,0.99718559902277326,12.937769308654827,-9.2065825360269731,-3.2922552627270623,0.2344133823034558,0.1665102453698869,0.5774647887323944,True,5
-0.97221125882108272,-0.23158409503696573,0.034264779985247421,0.22984163081723177,-0.97203225159021456,-0.048229934809563522,0.044475757045867953,-0.039014212722661555,0.99824836500784198,9.7343896758185817,1.3737824849121203,-2.3927996426913771,0.1076313317613726,0.1013260503722518,0.6375,True,5
-0.9961458271289293,0.075621910563968012,0.04443892141217641,-0.078161037951766099,-0.99522368650151183,-0.058486459737646782,0.039803809364493729,-0.061734435034233613,0.99729860938992587,5.1735950426316419,7.5473114565020518,-2.0264780681067216,0.1797867501230927,0.1707953698667198,0.9689922480620154,True,5
-0.97274657961289801,0.22668255987823024,0.048776109915212564,-0.22883272002434968,-0.97246154613558622,-0.044205514744689908,0.037412272019565734,-0.05416233317202937,0.9978310295674796,8.8980920202034266,7.176414340514528,-2.0069703201293185,0.1322844868135467,0.1351899605810286,0.875,True,5
-0.1368578085125276,-0.98458104197751506,-0.10895004372472905,0.99004111116419635,-0.13228885601823345,-0.048148279077773928,0.032993006136337891,-0.11445449030885219,0.99288047175590566,17.387127517022673,-7.5538059919810694,-3.3269331370034863,,0.1773369416033427,0.48,False,1
0.96654046766646184,0.23743741951173342,0.097072118441425437,-0.24716880067324604,0.96328110143329315,0.10486707583989438,-0.068608369291553645,-0.1253514716190843,0.98973728848926557,-4.5161942357254699,-22.804947208230029,-4.5356848710084341,,0.2350487587693768,0.3448275862068966,False,4
0.37364307330977514,-0.92754991490469973,0.0064814448937360533,0.92751190846010778,0.37352961485064512,-0.014045871073628181,0.010607234904273271,0.011259759758231434,0.99988034503028045,-16.626403595099575,0.3551293376734368,-2.5597206817649569,0.205481774325443,0.2268609808804313,0.9375,True,5
-0.9678195801507814,-0.250506511189239,0.023911255269488889,0.24737516307540197,-0.96452272383330784,-0.092203274901688087,0.046160469778645116,-0.083321084132251408,0.9954530666831275,-2.6724101741664374,-18.45141557154296,-4.0803755375981758,0.297351050574058,0.2583602672875282,0.9882352941176471,True,5
-0.79106850046136068,-0.61151757067124235,0.016027736526302461,0.60969036807915844,-0.79029988757157921,-0.060858382954605432,0.049882688874144182,-0.03837119316220583,0.99801771972545383,6.6254783632562706,-4.8949829254081507,-2.9108214081735779,0.1809181827977202,0.1702327713284329,0.8805460750853242,True,5
0.43134831710481919,0.90066534743830007,0.052350370148518066,-0.90117988583853215,0.43288046965180571,-0.022120405829964034,-0.042584535818657107,-0.037635500765615802,0.99838375707501914,12.388202260758328,2.117957444787534,-2.4124440220891881,0.1730583353345341,0.1795725178288322,0.8271604938271605,True,5
-0.10175197362703189,-0.89566034037620068,-0.43294236399339892,0.99430687467204382,-0.077727708846913754,-0.072885130563934641,0.031628702833284034,-0.43789377473834706,0.89847018158783976,-5.0158633505643664,0.97874949212099982,-2.480490386303642,,0.380459238916199,0.2173913043478261,False,1
-0.62357797182377184,-0.78164037048977109,0.013742062318492305,0.78041264610364347,-0.62343817419962899,-0.04775923734883962,0.04589787421723425,-0.019057129144943792,0.9987643420602742,12.354477494694367,-0.057734397669432405,-2.5693485001560656,0.2253228551920103,0.210986240072642,1.0,True,5
-0.77279239618636464,-0.63459691049680722,0.0088698131008222922,0.63263664516260454,-0.77136955213622982,-0.068991950505518554,0.050623982399064064,-0.047705085945407261,0.99757778502781436,10.296840287423205,10.828068736342448,-1.8137124994046934,0.1119581425013154,0.1820009403825345,0.875,True,5
-0.95802788118897597,-0.28570455739829964,0.023568723902749084,0.28365960431999188,-0.9566347430364901,-0.066235921466638856,0.041470564760898915,-0.056770364604702472,0.99752559764702875,15.280272979267339,7.419750026365179,-2.0848309580988156,0.1467510829818442,0.1246701485954578,0.4137931034482759,True,5
-0.59839110461491607,-0.80107226198573145,0.014536746362393629,0.79992764805331784,-0.59836316396192901,-0.045577208046971698,0.045208890692295792,-0.015644650540474064,0.9988550450950523,17.495917461334354,-9.5904554821840442,-3.5041359117940289,0.1502236609165195,0.1777555292551152,0.9032258064516129,True,4
-0.88538311559945793,-0.46426409640274113,0.023570901610766696,0.46233348541390906,-0.88471587883615088,-0.05937644314207835,0.048419901656495602,-0.04167328312629328,0.99795733906668183,16.382294320839229,-2.0627834463960513,-2.8562664613697679,0.2228489195171771,0.2005858088137761,0.8620689655172413,True,5
-0.82555870925663266,0.56152866092530496,0.056021250699687955,-0.56396907413361608,-0.82445693833077061,-0.047006810773803413,0.019791437325142248,-0.07040113491760211,0.9973224048475593,7.7966175914837947,-0.23340610333270534,-2.472713566587958,0.2171037355747082,0.2051846644275931,0.9899665551839465,True,5
0.93581998600078697,0.3494992610168397,0.045729862783198343,-0.34916314956196209,0.93693535230950364,-0.01540261603226346,-0.048229128018843381,-0.0015531069987296114,0.99883509102814005,14.087764734201741,3.2984564230913471,-2.4148811947534132,0.1113910018560112,0.1427876367441637,0.9622641509433962,True,5
-0.99788476479226784,0.048370163844852113,0.043431825256403905,-0.050743858807321289,-0.99717813636207742,-0.055324724624682131,0.040633200573217045,-0.05741159822785312,0.99752335882429377,6.1117065412218992,2.7812108698377531,-2.3660598236720847,0.2216921079165666,0.2068084303968822,0.9381443298969072,True,5
-0.90863181047848662,-0.41663536234988047,0.028340921406530443,0.41471637921091448,-0.90824022807348082,-0.05576748984148211,0.048975073259528983,-0.038918670951289099,0.99804147170877056,-18.066913295627959,-9.6689964114252529,-3.1657069366559476,0.2259527818418958,0.3154215379599848,0.9454545454545454,True,2
-0.490398881365049,0.86487810229287165,0.10721382993900086,-0.87149459111488281,-0.48632272990555253,-0.063145704800192687,-0.0024728148759719532,-0.12440285588157228,0.9922287108500224,-5.0435110255996376,-12.626083338360628,-3.5642143990520978,0.2226852122102294,0.1658706647464322,0.7323943661971831,True,5
-0.99848329694848814,0.026020671843368891,0.04851835066959849,-0.029684242199314845,-0.9966364381377415,-0.076384919592603434,0.046367569269165271,-0.077709296824355442,0.99589724053595718,-1.8891566525874868,-24.402145389229212,-4.7009068606984128,0.3202125555917104,0.2654084112534,0.9722222222222222,True,4
-0.99917807048574747,0.010310637483284531,0.039202987323262384,-0.012715760278785038,-0.99801962104382635,-0.06160475186274228,0.038490166288443817,-0.062052612887982923,0.99733042685604589,18.449389392226792,6.0687550961749404,-2.2626997070554538,0.2239669639463545,0.2239706628807176,0.5357142857142857,True,5
-0.98425757870538322,0.17028838364685239,0.047316859109184733,-0.17667692855254016,-0.95514088230576921,-0.2376786861824107,0.0047203472601743297,-0.24229684550794028,0.97019068073170267,-5.9882672976791831,-1.2303263082143818,-2.6784736591489864,,0.6372411269624156,0.457286432160804,False,3
-0.86572947769902386,-0.49996333020077965,0.023433734177906264,0.49819187915760155,-0.86527408184294885,-0.055728043499285777,0.048138581038416423,-0.036570913926054327,0.9981709499230178,-8.4133262151715158,-0.75282142074789615,-2.5985235287480051,0.2988314657475718,0.2738615892327431,0.8103448275862069,True,5
0.21320070676834349,-0.97687705425430083,-0.016021220456620744,0.97677435707675297,0.21347989633203968,-0.018389921678942801,0.021384900999885093,-0.011728373011735582,0.99970252139110038,20.086649068216072,-16.491982984800142,-4.1692146267680243,0.5785280523011889,0.1841229863435537,0.4210526315789473,True,3
-0.8605426857778089,0.50638549363206642,0.055136356366055489,-0.50891406953479223,-0.85932722958510077,-0.050627880887243917,0.021742947910826815,-0.071627120091517699,0.99719446442684534,11.384887321712018,12.799511873449468,-1.6616425497487737,0.1521070817867753,0.1848701640904156,0.7037037037037037,True,5
-0.069421223613942429,-0.99735779112310585,0.02140397621899047,0.99705046695523003,-0.070071765449827905,-0.031309966961061392,0.032727053889732391,0.019167268266094079,0.99928051905904547,6.0405590856912736,-1.9221744103362062,-2.6708622106192257,0.220269721575103,0.1898156189412441,0.9794050343249427,True,5
-0.97791031145981588,0.20309798210488314,0.049422994703770158,-0.20577650731946909,-0.97693787625911588,-0.056994867889372386,0.036707652825600838,-0.065905960240717709,0.99715041625061873,13.243065217058545,0.32601530554017327,-2.5859670318672148,0.1720178903258496,0.1822284707810067,0.978494623655914,True,5
0.94680312519988119,0.31555157486776614,0.06317472366548757,-0.31773497517677485,0.94776905780523601,0.027898003806523797,-0.051071789288729796,-0.04648673644650822,0.99761247770534656,11.133721506568886,1.3855393481647718,-2.4304460954359395,0.1349437392422509,0.1213868041807246,0.3823529411764706,True,5
-0.80970282833748564,-0.58670501597069113,0.012591823422664891,0.58481500731098868,-0.80850390796773119,-0.065672201308883738,0.048710748363423262,-0.045811079835967439,0.9977617992076756,14.16060776771771,8.5331323268997039,-1.9229602610411625,0.1168799022835849,0.1455934989749994,0.5333333333333333,True,3
-0.68216309219252802,-0.73091518298513158,0.020408599465409655,0.72946103909578164,-0.6821994025995789,-0.049905586201137594,0.050399485033381292,-0.019156470828121448,0.99854540284044202,4.8071950289778753,14.04019065711212,-1.6269293188575256,0.1810882204239853,0.1660784251607022,0.7857142857142857,True,5
-0.90791826865413827,-0.41868505941247847,0.019678375665672463,0.41622589939273741,-0.90612947878282013,-0.075401381654973662,0.049400588243223971,-0.06026764227628096,0.99695907296923658,7.3424605898546353,-3.7432508539840343,-2.7843701514746133,0.1574029128331944,0.1596435650884873,0.8209606986899564,True,5
-0.18641263370691688,-0.9820728242822776,0.027987457917468955,0.98182652782182211,-0.18724672344989116,-0.030908474932044204,0.035594933063508374,0.021717098413721318,0.99913030600452402,13.3456763710907,4.5454272555559907,-2.252618021608515,0.1195764853169465,0.1321812708967454,0.7446808510638298,True,4
-0.92409574293752661,-0.38110432221520679,0.028399885098903437,0.37723736494684468,-0.92155819841030584,-0.091773947450864285,0.061147594987080701,-0.074094416332412386,0.99537479830245712,10.329303059109341,-24.219884134731966,-4.8395613253028023,,0.1927823817208721,0.6666666666666666,False,4
-0.99594751019421746,0.054451880162221702,0.071578975158483715,-0.080643150147378578,-0.89302671165121617,-0.44271884375043663,0.039815063383688669,-0.44669708419041115,0.89379890115368699,-8.8757798938533181,-18.061788569705527,-4.0183652657933528,,0.4630452530116063,0.1645569620253164,False,1
-0.66184587731371347,-0.7491831966330077,0.026164337667720278,0.74803595684411106,-0.66230934586743551,-0.042291105979454742,0.049012671332595695,-0.0084183287770738871,0.99876267941360575,18.42645916036658,-0.80596951205553691,-2.7622480325556542,0.2527949012168946,0.2166072798530193,0.9523809523809523,True,2
-0.64526785335822334,-0.76393051402407919,0.0062902436659824298,0.76255782867718858,-0.64456271696861389,-0.055176641952644788,0.046205576996746725,-0.030807038756516372,0.99845679476753157,14.211028385076936,5.7492940629672624,-2.2119117721112977,0.120574262375234,0.1007734997726168,0.6470588235294118,True,4
-0.93582590755461137,-0.35229297411246235,0.010933029798935113,0.3490273080083382,-0.93057917579603766,-0.11046418351311731,0.049089805601987467,-0.099559318829344864,0.99381997012547307,22.523565712172001,-13.192774458159317,-3.9350654364014437,,0.1414361624285815,0.1111111111111111,False,1
-0.51975740829826123,0.84890060009622881,0.096020871040299813,-0.85420032275950886,-0.51456268207876066,-0.074612698714518283,-0.013930007775518212,-0.12080156194427027,0.99257893263719821,-8.7195885325438987,4.1021842043149652,-2.0992810840260798,,0.2112004914997802,0.5660377358490566,False,4
-0.73410661597677929,0.67111895615909867,0.10337709157760154,-0.67856583469390086,-0.73070257971941799,-0.074980984106357007,0.025216747714403666,-0.12519219893950939,0.99181199274832266,-15.333086028802414,-15.629211222003542,-3.7199089479743677,,0.2628477342288109,0.3846153846153846,False,2
0.82484340835088543,-0.56528632005593427,-0.0092047845012892503,0.56503249925881704,0.82369933691181763,0.04751502028166435,-0.019277616072276987,-0.044393453668891775,0.99882811073273203,12.547837319985145,-23.785317670545592,-4.8922582579634382,,0.2238597688185395,0.3478260869565217,False,1
0.47805144557391394,-0.83609526483750829,-0.26909389346655121,0.8783228613586489,0.4564436296440984,0.14215542259117561,0.0039707177494781153,-0.30430892374956309,0.95256512235486357,-7.9722760317800985,-4.6573502384308574,-2.8653754622289265,,0.4432446439962706,0.2204724409448819,False,1
0.32421946959648312,-0.85001128629543954,-0.41516568825584454,0.94590165229869405,0.29701842814274448,0.13057609858704972,0.012320702625133361,-0.43504122392479905,0.90032623741221574,5.9489910241310113,21.890064545132429,-1.1259235513311894,,0.3948116116109416,0.2407407407407407,False,1
-0.46792394843032953,-0.87624347125390534,-0.11508500150009172,0.88267208261945129,-0.45687866103717339,-0.11023558251816606,0.04401332809059115,-0.15316418698176631,0.98722011667945864,5.4615651684596678,21.25413770647847,-1.1530599012380474,,0.3535964781541917,0.3333333333333333,False,1
-0.86109042286793269,0.5043434080971344,0.064505893948483259,-0.50372847753805605,-0.82894530083091755,-0.24311994806583029,-0.069144085519426413,-0.24184171463853629,0.96784899674400438,-10.136286925645548,-1.523747011915155,-2.5794250929870048,,0.2581500916613153,0.2790697674418605,False,2
-0.27185046693608633,-0.96193254154435381,-0.027984087347133219,0.96159258776939094,-0.27037912184612828,-0.047273942258738377,0.037908030463186013,-0.039760734245442138,0.99848989240686148,-24.001928378410721,-3.312677519059346,-2.8599536632442928,,0.1847183279381105,0.6785714285714286,False,1
-0.99847795849213317,0.014560676720506524,0.053195423664273989,-0.017794208375802312,-0.99798969880516863,-0.060827027110041565,0.052202802162903357,-0.06168101630330116,0.99672981277482198,-14.666561634069742,13.531322319571231,-1.5707381445059028,0.3264570447516683,0.2489535044377074,0.2666666666666667,True,4
0.75374963822643726,0.64422507824812203,0.12975180703834413,-0.65472720098341086,0.75315365917603749,0.063967632144490888,-0.056513495432000259,-0.13316761703186647,0.98948098041756771,-6.9530744668124171,-3.104712814782105,-2.8149428450026766,,0.469564745265397,0.4520547945205479,False,4
-0.94802697389188972,-0.31814911522057537,0.0050987506070511446,0.31451690865056847,-0.93939076423633605,-0.13647016611832691,0.04820758183395886,-0.12777375533277091,0.99063105973005161,5.601324350875613,19.64299987384031,-1.2546060157254155,0.1918544221668553,0.2350295952518733,0.75,True,4
-0.92944531015507514,0.36408197991661373,0.059797385651340976,-0.36799311659025663,-0.92647903003833809,-0.078852222805764247,0.026692350457134213,-0.095293854991907068,0.99509125191002223,17.215268648340427,7.8762000421378868,-2.1035597177590577,0.223647123597045,0.1480427416376648,0.7741935483870968,True,4
-0.66222601926120128,-0.74901098060459048,0.020958300198590137,0.7478405628862782,-0.66242128691833024,-0.043960563456335026,0.04681016893153056,-0.013438361924514926,0.99881340525314743,20.262509016722611,-3.747764007438394,-3.0165054752378544,,0.2542581735360255,0.9827586206896551,False,3
0.60269414486631878,-0.77892579602234213,-0.17330427586997424,0.7979646149863916,0.58735078920862915,0.13517219997328833,-0.003498710258825543,-0.21975817324267966,0.97554810456458985,15.064078515751689,19.462311890449588,-1.3876780362495282,,0.2116719035167908,0.3333333333333333,False,1
-0.91824786082577403,-0.39507999540591049,0.027067754228164827,0.39285062089282008,-0.91741209391416956,-0.063430588868027576,0.049892441842589313,-0.047611418484276649,0.99761911422992455,10.591480872177879,9.0029612278826256,-1.9142512739950153,0.1711254057688725,0.1774408478449254,0.75,True,3
-0.10269087324552187,0.98383270079720908,0.146723554326293,-0.99437488866528656,-0.097685660729167276,-0.040940108448857163,-0.025945430117273967,-0.1501023934851623,0.98832995812433755,13.934792277860142,10.107886652075603,-1.82397706632628,,0.1690975995674006,0.2051282051282051,False,2
0.98620781984727657,0.1394499872112672,0.089150642952588233,-0.15791195063951066,0.95410898773005093,0.25444027860769758,-0.049577736105102507,-0.26500894437644079,0.96297056418313132,4.393447700505563,21.597592167562254,-1.1648121709657604,,0.278923280419333,0.32,False,2
0.87190654141714929,-0.48880296748879298,0.029165767744633812,0.48911524229323444,0.87220871162183378,-0.0042711974211128712,-0.023350862733838254,0.01798950652823714,0.99956546302103433,-10.633661846004186,5.3308001227455062,-2.078535377971829,,0.3188812938082746,0.3898305084745763,False,1
0.99254378570063961,0.11325263506151638,0.045063001660629223,-0.11354807744228108,0.99352427603120708,0.0040431480096183858,-0.044313288934636708,-0.0091298186339574053,0.99897596509400888,4.6777629319032501,20.265012056114536,-1.2296442797354303,,0.165810805913256,0.8444444444444444,False,2
-0.81783914856483053,0.51755228043585166,0.25155270638655886,-0.57433594746833994,-0.76128804998706978,-0.30096299505508722,0.035739984896428968,-0.39061508158612335,0.91986004996253046,-9.2798761636750129,13.593116521994929,-1.4545818050045192,,0.2593794861630189,0.375,False,2
0.66354962197362244,-0.74712899766045093,-0.038731899431250646,0.74756546192449758,0.66417261937395089,-0.0045400232991827105,0.02911665015545567,-0.025942099545611958,0.99923932476403798,5.9311711542839962,13.672761558606952,-1.5849970243953724,,0.1676127065667365,0.4333333333333333,False,2
-0.57764055259383451,-0.81608388301934554,0.018398039981382053,0.81511324877402458,-0.57787084601394523,-0.040690011061455013,0.043838153156171969,-0.0085077143342893874,0.99900241997938199,-17.144487658601729,7.2123694796598796,-2.0111339663323413,0.2884662038008902,0.2702024486881147,1.0,True,2
-0.91119436464183734,-0.4105800253643096,0.033895023481356451,0.40890122771825371,-0.91136027587663904,-0.047140571958359072,0.050245555181165281,-0.029094506799384107,0.99831302398528166,13.488137290031398,12.184590664860599,-1.6753562116042429,0.2443970137319846,0.2184268864200292,0.9846153846153847,True,2
-0.88057135371551665,0.47047988305748623,0.05694533039535922,-0.47332044169623122,-0.87910704254417416,-0.056022916933344068,0.023703385583226114,-0.076285564738355988,0.9968042245719283,9.151149023099812,13.755361013115699,-1.6220121261190208,0.2533306081539046,0.2076279285585123,0.9365079365079365,True,2
-0.0045982731899172763,-0.99976047404285429,0.021397439689829018,0.99960641953775065,-0.0051876293557515446,-0.027569811761896081,0.027674210062618332,0.021262244549349135,0.99939084199032724,-17.360913958498362,16.83916445023489,-1.3324993791615396,,0.3051107057713138,1.0,True,1
-0.95798420163860232,-0.28651105741179211,0.013329793382702135,0.28274152475373165,-0.95114882257980926,-0.12398849738978296,0.048202692775235229,-0.11501013557864383,0.99219411867003005,-9.0935352450437321,24.852344993522134,-0.89506565109267588,,0.1934922595186518,0.4782608695652174,True,1
