axis_00,axis_01,axis_02,axis_10,axis_11,axis_12,axis_20,axis_21,axis_22,location_x,location_y,location_z,dbh,dbh_approximation,score,reconstructed,number_clusters
0.96649467556330193,-0.25491994279277724,-0.030064345566071769,0.2560282440401408,0.96576410831162607,0.041823741472674439,0.018373360103995789,-0.048119745048973227,0.99867257385737396,-13.914828754431092,6.5207001392025834,-2.1700506195756613,0.1849632233076373,0.1911155317810401,0.59375,True,5
0.96961776216018924,-0.24379612404251746,-0.020120765524996687,0.24421959481219507,0.96946427513655919,0.022266763206909498,0.014077812800066512,-0.02650413431506031,0.99954957158260815,5.4553548166496348,-11.866972972808654,-2.0135762604445175,0.3449423461402339,0.2742634678026487,0.9891891891891892,True,5
-0.83237282540861079,0.53583955616581969,0.14153250357887329,-0.55315427242452375,-0.78743090184303688,-0.27197964210792885,-0.034290383780036029,-0.30467777219659237,0.95183802440832288,10.678265212418708,1.1455281443426799,-2.3041212816460437,,0.4281096237992044,0.3333333333333333,False,7
0.33395340434556198,-0.89855440410882248,-0.28473690765801685,0.94256519313118536,0.32051691296587564,0.094020025528594689,0.0067808866368544874,-0.29978140596018582,0.95398381968299306,-5.6584450059538147,3.9805684336484606,-2.2114883577330917,,0.530379104515941,0.1962616822429906,False,5
0.95091687750301002,-0.30567620056290362,-0.04815757977051096,0.30869242724685186,0.94789964960677653,0.07870984459263683,0.021588826748403914,-0.089712399838470319,0.99573370329363164,6.5346045683913916,-7.9906502540495667,-2.1017836572601141,0.2723468355177923,0.2095413190020033,0.7851239669421488,True,5
0.14027555332923303,0.99005598530823191,0.010578993029813254,-0.99001723734476454,0.14040226446668,-0.01237230345851178,-0.013734587668312318,-0.0087378537396653137,0.99986749672824471,5.5022140123172107,20.631023128942442,-2.8346421009961542,0.3017483479378322,0.2192237410193006,0.7241379310344828,True,1
-0.79278330098985783,0.59472830855417036,0.13338994218426095,-0.60859157420312282,-0.76043970882240219,-0.22660040832943071,-0.033330668769010176,-0.26082501461783858,0.96481054009013345,-11.149976840487174,1.8527979890594082,-2.0113041465277215,,0.1994996776230112,0.2647058823529412,False,5
0.94317127365361242,-0.3314830876889866,-0.023386131163549859,0.33195443312861295,0.94307552929365879,0.020366648564415526,0.015303688473186784,-0.026972367780022873,0.99951902858097474,-12.003281500948303,-12.824800333240683,-1.9355973983253631,,0.1268505782702608,0.7368421052631579,True,5
0.87439128040572311,0.48520537652958456,0.0039536485965455939,-0.48521796243288812,0.87432486294913669,0.010934484965019073,0.0018486976272853888,-0.011479399625331654,0.99993240056582122,8.7882626384629408,1.2104677476669656,-2.3196346174250859,0.2470228918312059,0.2162733821497907,0.9388646288209607,True,5
0.081559235514908901,0.99439426760573757,0.067291393618156767,-0.99659972621194848,0.08216063857148391,-0.0062141116658881775,-0.011707980888853978,-0.066555766259401336,0.99771401371391555,-7.4272655458214523,-5.7252770900333561,-2.0073938296187919,0.2548057498828019,0.2056401538177504,0.9477911646586346,True,5
0.9428211999481968,0.31967891822934247,0.094305748329368957,-0.3332776548654181,0.90103788570005405,0.2775909459989378,0.0037669212431442468,-0.29314862744501374,0.95605946077189918,9.0153833882412826,0.25677455806481342,-2.2846828266770038,,0.5556197651756836,0.2586206896551724,False,4
0.98601785091109895,0.166518562246531,-0.0063534330882576099,-0.16629766997636236,0.98572007451373556,0.026476775881307112,0.01067158118985421,-0.025050012534613281,0.9996292383813733,-15.542970283439976,-1.9379374091189259,-2.0594293608349745,0.2669324714191873,0.1646804649001622,0.7317073170731707,True,5
0.96217776112354225,0.27241237747968045,-0.0023350792610813435,-0.27233717316222811,0.96205583432184094,0.016764121250835103,0.0068132307530248673,-0.015494135767259486,0.99985674556084858,-6.1878839687812919,-3.5174921478254961,-2.0477338111104242,0.1600008060331381,0.1356246952450178,0.859504132231405,True,5
0.99474834807893586,-0.090463531090114055,-0.047875604820601388,0.093338525578860423,0.99372237715465173,0.061674604051214374,0.041995757368987162,-0.065819348863519006,0.99694742573427086,-14.626153085042954,16.095665348075304,-2.5407678705578927,0.2719937000164325,0.2849756044504407,0.9767441860465116,True,6
0.92951780425186969,-0.36634044840953389,-0.042324076338248411,0.36876493506404173,0.92428245667511999,0.098561467875732167,0.0030123489169239688,-0.10722227446621142,0.99423051130625451,-16.999557593657695,-7.4230227582110233,-1.9668085286151646,,0.1845135576822712,0.15,False,4
0.48152985967203116,0.87609411926938419,0.024250534547436479,-0.87552915751196825,0.47959691044943015,0.058613119979610495,0.039720128280469898,-0.049456017520253713,0.9979861791329675,-8.5910401896202586,14.371026857592405,-2.5716222352364904,,0.2176488322615238,0.15,False,3
0.97497545931837992,-0.22182872371105133,-0.014658480945932278,0.2218970377942141,0.97506488262158242,0.0031905009504441372,0.013585225249120229,-0.0063633336300802949,0.99988746848835208,-7.0284100952028608,-11.767257180538527,-1.9848731865680218,0.1009076906108355,0.1865440051835833,0.9310344827586207,True,5
0.85823744433993177,0.51301576878247113,0.015598400988300331,-0.51323497029583731,0.85755744013077484,0.034425312515393387,0.004284203344001182,-0.037550737101707587,0.99928553864489855,-10.717858200771587,18.621819988547188,-2.6669666554027605,0.1234819546469415,0.2530328583781929,0.5238095238095238,True,3
0.96429776863005556,0.26480936774566277,0.0024108440923695353,-0.26471460608489628,0.96361557449893587,0.037029743563830229,0.0074826960658258704,-0.036345884735788356,0.99931125577687685,3.9866952472750654,9.3795448388584415,-2.5801235053779199,0.2989740529955724,0.269225345844552,0.6754966887417219,True,5
0.9605426577725894,-0.27756324159737861,-0.01778902788598893,0.27770069321386315,0.96065050184770462,0.0057391888186088319,0.015496050713425562,-0.01045276105682511,0.9998252908376436,-7.1857990740741053,-1.6673253061085673,-2.0289900990702523,0.2237647984132154,0.216426571171833,0.9831081081081081,True,5
0.99416224509157636,0.10748601832953732,-0.0093907559940469079,-0.1074719160704193,0.99420611883344534,0.001995126635196012,0.0095507952878337091,-0.00097423703485846288,0.9999539155238959,-13.602536034029425,13.872855299082605,-2.5172763675606391,,0.2275207174444146,0.9838709677419355,True,5
-0.99006313509020638,-0.13860270560801566,-0.023754547638077737,0.14045870400036259,-0.98286849388128394,-0.11933514237673142,-0.0068074228523359393,-0.12148585816330217,0.99256981883413897,-11.9044354149976,6.6970164321285868,-2.194681785830523,0.1893370024740142,0.1199367229830624,0.4375,True,5
0.87285553901855539,-0.46903950833980762,-0.13462966842779858,0.4775138057875189,0.87781689867974455,0.037657106561644373,0.10051752726239899,-0.09715673938861312,0.9901801829487531,-7.7349721853042643,2.5210943070554812,-2.0853892257520861,0.3221004300010483,0.2890226895700799,0.8876404494382022,True,7
-0.50929234758824571,-0.83135292424715768,-0.22242666214677004,0.86042585822089312,-0.48678968485362156,-0.15067562916726449,0.016989620151516428,-0.26811959657177531,0.96323581471065323,7.8682168865110782,-2.1504237610822363,-2.2428988581249478,,0.5188642368464123,0.2014134275618374,False,5
0.99998167656778847,0.0013034133004054262,-0.0059116531058915154,-0.0009773559603413974,0.99849542798069491,0.054826317375654444,0.0059742199493202312,-0.054819534979946065,0.99847840601616422,-17.587657776170737,3.0892459233643073,-2.0525810212246158,0.1755474665168941,0.1505681821395612,0.46875,True,5
-0.9925959493495804,0.11727157188644222,0.031633206636194067,-0.12083159264332567,-0.92683813576345042,-0.35548670342758054,-0.012369622228771766,-0.35667695260811888,0.93414589006434257,9.3549573412833826,0.34254455837253583,-2.286687483053893,,0.3023850441148566,0.4545454545454545,False,6
0.83081095386877923,0.55653254069145286,0.0049689116680550031,-0.55655445200776288,0.83076863899449693,0.0084030002718654163,0.00054852710697829475,-0.0097467745817174586,0.99995234861630544,-8.5403380437276795,-8.125662281116627,-2.0053601656803504,0.1369298340103855,0.1326700501707422,0.8333333333333334,True,5
-0.67135666658818172,-0.7293508244263347,-0.1316343463395164,0.74103597363438956,-0.66348955339492866,-0.10318574666847623,-0.012079404262539074,-0.16682022492619081,0.98591333318311403,8.2172588896490986,-13.379935390877042,-1.993647659871187,,0.2749680927225508,0.4929577464788732,False,6
0.98789865119453713,-0.15451187141721082,-0.013503205514537516,0.15454872865602384,0.98798366344928745,0.0017237250747828472,0.01307461046544791,-0.003789768921460959,0.99990734181358054,3.8427342081200884,0.60324595839610573,-2.2153166081006774,,0.240570182261932,0.9970544918998527,False,5
-0.13997184283770914,0.9901547322616322,-0.0012204066985107332,-0.99001403585423486,-0.13997257370213323,-0.016729836305496952,-0.016735950054404154,-0.0011334862570774673,0.99985930169433324,12.100844704197785,8.205450235277814,-2.5872758402712654,0.2374390616882549,0.2495067350469507,0.9764705882352941,True,5
0.19001620364651908,0.98112648466012709,0.03584220208393607,-0.98153778483911602,0.19065498900154951,-0.015305296532231271,-0.021849926427453058,-0.032272221294483754,0.99924025361663371,-9.3663944593741935,22.037589377745988,-2.7297367094228737,,0.2333900366675742,0.696969696969697,False,2
0.7335181215232498,0.67963156632664889,0.0072179948314912996,-0.67966672303867381,0.73350577644280646,0.0047351366299740651,-0.0020762925786332329,-0.008379139420004289,0.99996273882165554,-7.8067152957816512,-0.67807052927534761,-2.0187625520615966,0.2446923685885719,0.2309670998668961,0.9700374531835206,True,5
0.4836175929883425,0.84967161089119225,0.21017178068838926,-0.87527815819735755,0.46987195063525822,0.11449233943307552,-0.0014729340797368033,-0.23932927871822063,0.97093734443238544,-8.6127037661409087,7.7446573406280041,-2.377888326864793,,0.5782932385142816,0.1612903225806452,False,5
0.59371378900115968,0.80405933277380237,0.031504382698839921,-0.80465596650899673,0.59352187283763158,0.016141933737422128,-0.005719467751418377,-0.034933878150854879,0.99937325952117739,9.9493361765200863,4.8158070554522316,-2.3972408807325949,0.2754040779362806,0.2386852426721326,1.0,True,5
0.96925500072525494,0.24605824062144693,0.00029290163075308944,-0.2460028157543428,0.96900999794109854,0.022410678952848716,0.0052305076256570484,-0.021793717270601125,0.99974880628961371,-11.772473794689139,-7.5920614677690326,-1.9785396603468699,,0.1710842782199118,0.796875,True,5
-0.24791317094145357,-0.96841821660630167,-0.026555930012432741,0.96870425390626402,-0.247452217325309,-0.019479953919289552,0.012293418469379119,-0.030554179515405077,0.99945750984045267,-5.5176840861629426,-10.192642472214571,-2.0114433583461633,0.1995190577569027,0.1734192036155262,0.9758064516129032,True,5
0.82161555926062446,-0.56923975254097736,-0.030232051004470153,0.56974166469547805,0.82174833547348614,0.011140406481759926,0.018501575361989975,-0.02637759036834731,0.99948082244507463,-19.904032737618785,14.159399263739029,-2.4185558699794001,,0.13207080418736,0.8333333333333334,True,1
0.68356101824773707,-0.71193038979003398,-0.16093307436797485,0.72435848110191303,0.6887842852401036,0.029681631727539948,0.089716916954646231,-0.13686244371517897,0.98651890317036661,15.878020817464055,15.028548368187261,-2.8565285848574709,,0.2243600727306929,0.1785714285714286,False,2
0.1979838118907595,0.97968323198059859,0.031987109985968883,-0.9801085380060931,0.19831732753559728,-0.007582303521942944,-0.013771853788239488,-0.029849666249201039,0.9994595206750736,-10.037357264689126,5.2185065131272568,-2.1394251090019916,0.165038997534015,0.1116146285860412,0.4918032786885246,True,5
0.94173449549437394,0.3344226929582842,0.036022249103675359,-0.33631357953908553,0.93447309718148008,0.11684693775045954,0.005414444899083372,-0.1221535635115971,0.99249644367516698,-12.093276941940834,-13.775526245061299,-1.9276267408139136,,0.18480739214471,0.1818181818181818,False,4
0.24466604066364378,0.96847273148228596,0.046894529757925588,-0.96953437906703055,0.24495490555748831,-0.00042667368101783829,-0.011900266933322426,-0.045361466230300733,0.99889975524491637,-19.328100896048252,5.3274240669694972,-2.047104352530154,0.2514686924472707,0.1376493613650288,0.5,True,2
-0.11392807439759045,0.99342912363489322,0.010907345142837909,-0.99335212978658538,-0.11372327933234272,-0.017848304859361078,-0.016490606796350258,-0.012868257531843568,0.99978120998325537,-13.939185500409671,0.89443382517622416,-2.0418132413946788,0.2818571745965354,0.2501341840173,0.9615384615384616,True,5
0.7600958212058937,0.64965334800150132,0.014313281097598494,-0.64980840787759686,0.75997064829447714,0.013915702729480735,-0.0018372906469622222,-0.019878157895356734,0.99980072174497159,7.9895861834408892,6.8750283014851741,-2.514010799479609,0.297511610364781,0.266935058489042,0.9202453987730062,True,5
0.79705852363996532,0.60389669507578025,-0.0025478558492454968,-0.60388141270581297,0.79705906150509687,0.0049083460600612069,0.0049949255560090772,-0.0023736362745332895,0.99998470816784291,-7.7107747965084315,-17.842087786683585,-1.9894385961751297,,0.2550339515217734,0.8939393939393939,True,5
0.73721658405432855,0.65054773929588583,0.18248108694404586,-0.6748574814472369,0.72211159884869569,0.15205991760774171,-0.032849473815577755,-0.23524981977717485,0.97137965511165991,5.7826759324076873,-3.6117459757930606,-2.2091300470037862,0.693888430885553,0.3728017231228772,0.1577287066246057,True,7
0.91618977858254391,0.40074168298900636,-0.001546976408736668,-0.40073462463529508,0.91618731991907099,0.0035433653382690149,0.0028372943590013076,-0.0026264680942310013,0.99999252568510322,-5.9789609666151629,-12.319791158507503,-1.9960731615728433,,0.2356369135070671,0.9933774834437086,True,5
0.93890773972103259,0.34416890908246772,0.00013532526327805165,-0.34413154854418182,0.9387998779773401,0.015108487889774331,0.0050728284542566164,-0.01423204590759963,0.99988585112539652,-10.591240581341006,-10.122982304515387,-2.0119211824615295,0.1454202016946726,0.161478748331955,0.9310344827586207,True,5
0.45802500859194389,-0.8359774863865459,-0.3022494561768202,0.88808912549762664,0.44519156537248211,0.114464733844363,0.038868968049224406,-0.32085216592074434,0.94633138537552308,-9.4733644735885072,14.56450846308833,-2.514222049719562,,0.306855553890183,0.1666666666666667,False,3
0.33141264718243912,0.94293122540730356,0.032347510559683011,-0.94342520372369343,0.33158541034958638,2.4944008611312019e-05,-0.010702442078113633,-0.030525723499648483,0.99947668203834916,-19.815098982689026,3.9904473304879295,-1.9926518487531404,0.2312367288110463,0.2327712319119743,0.5625,True,5
-0.65561281427510476,0.74994756833003473,0.088036824761834026,-0.75484726360521848,-0.64792629916450362,-0.10196626637621237,-0.019427979462404002,-0.13330474712799606,0.99088465423940753,-21.326367487343187,11.924823252203817,-2.3419364718741629,,0.3889356552370824,0.5,False,1
0.89400322247699182,-0.44761865285812324,-0.019894215597339865,0.44797471959865093,0.89381944237364108,0.020135914068726189,0.0087686259621651639,-0.026913677718814453,0.99959930229586669,-21.73167022669158,-3.9530947896712911,-1.9483032115993297,0.356138348695758,0.2812502727394683,0.9830508474576272,True,4
-0.35278339697467609,0.92531078663457522,0.13908207273661083,-0.93461000867831368,-0.34126742263631726,-0.10020318321035275,-0.04525490578191993,-0.16533751656798579,0.98519820296111005,-19.34970470021479,-9.270720181653088,-1.9607686506596891,,0.2434020931294076,0.1176470588235294,False,3
0.91200150435356164,0.41010673152817945,0.0081070840698735675,-0.4101303095619187,0.91136949756792252,0.034623230372665209,0.0068106707075793341,-0.03490139908467231,0.99936755355897311,6.9188944487734867,-11.79514216324929,-2.0217560736616105,,0.1314196800240132,0.6060606060606061,True,5
-0.99992453710904572,0.0055217152684029552,-0.010974094393470957,-0.0041814858312344255,-0.99293333798141215,-0.11859975337805186,-0.011551418246488627,-0.11854491547757851,0.99288149733536135,-11.867464046040805,7.0276677271176693,-2.2091957249459644,,0.1431224534255657,0.7962962962962963,False,4
0.75089916984223826,0.65889090542003803,0.044868825313365598,-0.66031228661599273,0.75025454081652976,0.033253693451077704,-0.011752483745915211,-0.054597607447044449,0.99843927225788831,-19.585105742997975,-0.6983908181675802,-1.9326299076061237,0.1860257932475039,0.2014865181360993,0.8775510204081632,True,5
0.84604141549843825,-0.53115409416823622,-0.04570833085685367,0.53273572514636924,0.84556572288330034,0.034803095230359987,0.020163591301431815,-0.05379532073667681,0.99834838260632597,-10.092305592055897,0.35080585717040591,-2.0042317126500104,,0.1870734982530495,0.6901408450704225,False,5
0.78347559422830482,-0.62084019203988494,-0.026897010920962836,0.62119829207224675,0.78362161128603025,0.0070606127218644892,0.016693566878501251,-0.022240194993829409,0.99961327449744686,9.3858941486471998,17.085181046938818,-2.8131435899088122,0.2212738457135045,0.2654238464477987,0.9591836734693877,True,5
0.46695045932619939,0.88403989273646622,0.020754194408579684,-0.88425472173653286,0.46699592731587325,0.0028967148692911338,-0.0071313127611923174,-0.019704616740377059,0.99978041211928981,-11.306936095235567,-0.46284706933640196,-2.0142899660460767,0.1300219036351346,0.1396681758934124,0.8208955223880597,True,5
0.95797330225961275,-0.28576176703376499,-0.025047248542565521,0.28649890484958052,0.95748573512752133,0.033755659485491862,0.014336306281735867,-0.039513029864207933,0.99911620484963926,-8.7694698282016272,-2.562912413508935,-1.9708430689866319,0.235833999100811,0.2174019205726692,0.8492063492063492,True,5
0.53647800409533364,-0.84313082206988754,-0.036356127374131714,0.84370800768435894,0.53680141946773519,0.0010167726958583874,0.018658748381866382,-0.031219431980440186,0.99933838021745258,-8.9383810578559437,-12.334595330460534,-2.0092135635404396,0.3211478750912499,0.2517919564528672,0.9642857142857143,True,5
0.96492567733792411,0.26250827506157803,0.0028004889118740067,-0.26240692554920048,0.96412589497976897,0.040048271539199432,0.0078129788024114688,-0.039378473226574555,0.99919382164251735,6.180999103963857,-17.879609822872656,-1.9684593859212534,,0.3099171321473185,1.0,True,4
-0.1804902168479641,-0.98293594700134945,-0.035499376258409425,0.98352186555886112,-0.17998116974866984,-0.017073912952765617,0.01039334353290859,-0.037996087015134704,0.99922383667612036,-9.8080700114685921,13.685590700115956,-2.4937034306680603,0.2634440328625865,0.2432289688479776,0.9821428571428571,True,5
0.587197714523502,0.80849684730780014,0.039136836250854387,-0.80943801603619825,0.58668557186698267,0.02470097080069731,-0.0029903601390911675,-0.046183196689506316,0.99892851100055158,14.763490524680366,11.495965942079325,-2.763975023444706,0.2428941143922022,0.2409822092320643,0.7727272727272727,True,3
0.84842749479199453,0.52930398095670061,0.0028428549680390583,-0.52930965979560984,0.84839752416548564,0.0072749595826990471,0.0014387939519758149,-0.0076770263294433736,0.99996949610410668,-11.956210060520203,8.8106802923089269,-2.3019909833782779,0.2522840864895191,0.27898928588407,0.9878048780487805,True,5
-0.9919881496810854,0.12455996348642802,-0.021079050940656485,-0.11766306892071901,-0.97171350768021025,-0.20476391577615013,-0.045988184400530367,-0.20064315210862277,0.97858439207227355,-14.891572673798064,-11.921893725508697,-1.9269954414834494,,0.2023209473963929,0.15,False,4
0.97031951158687835,0.23527025755627293,0.055928090823905853,-0.24089257030768477,0.96067311604445527,0.13812289339567801,-0.021232404582600103,-0.14749600000963312,0.98883472581458165,3.0602795169916517,2.7652975394628214,-2.2590713094924748,0.4944794483264554,0.3165582386375409,0.3373983739837398,True,7
-0.33431786218791482,-0.94218076076127066,-0.0229560683353566,0.94239548372924131,-0.33390982255892016,-0.019874170307235095,0.011059804195060438,-0.028277985253293253,0.99953891183944565,-6.193515512671552,-9.0789135938149652,-2.0199038694740823,0.2557006905060449,0.205070630735936,0.9939024390243902,True,5
-0.9665636508774692,-0.25599173117091584,-0.014931254955150335,0.25629329044996962,-0.96630006229447574,-0.024040359398720849,-0.008273939372846921,-0.027063318011837003,0.99959947916425262,11.138838923240753,-7.0118558493556797,-2.1460849674843168,,0.2236211982560333,0.9327731092436975,True,4
0.99572970117110193,0.09220064787156533,-0.0046263093035476223,-0.091782815911126636,0.99410944323676076,0.05763965276545463,0.009913471094057753,-0.056968898528596768,0.99832673393599258,-7.0082040984007028,-15.795273371807916,-1.9818270286801316,,0.1561125738838067,0.5227272727272727,True,4
0.99976659703504289,0.019976610153931016,-0.0082271805456507405,-0.01981390390854508,0.99961535699707837,0.019404825881960113,0.0086116586599689019,-0.019237284173294986,0.99977785844294575,10.195980104039117,-1.9684160166948137,-2.2308239253827575,,0.1532994301805104,0.6545454545454545,False,5
0.80825228519689873,0.58832637700616852,0.024501379405849684,-0.58883539601697887,0.80747620291303057,0.035426799554632411,0.0010582398221336141,-0.043061071142649822,0.99907188143823211,11.565761468066027,13.511534983983378,-2.7043639423702426,0.2899299102572199,0.2682815070787205,0.9629629629629629,True,5
0.93285316679698216,0.36024827626784628,-0.0024796457181813611,-0.360220849579377,0.93283520469751791,0.0077084632224417981,0.0050900614096557779,-0.0062976442409337485,0.99996721493850027,8.5002827003870554,-10.413595729093739,-2.016893171171168,0.2474027919472967,0.139949619721374,0.7017543859649122,True,2
0.97565361708021392,0.21931609888193662,0.00068428758895932619,-0.21930982384238426,0.9755906733704014,0.011226718082735739,0.0017946154234610564,-0.011103459095953163,0.99993674427515,-16.306027520125859,1.6703824001847576,-2.0625823850421692,,0.2615560870804951,0.8636363636363636,True,5
0.998869767333179,0.046764736282933178,-0.0084998440073735006,-0.046393219732584735,0.99813693688486427,0.039627318720111118,0.010337169371064691,-0.039188195499268337,0.99917837659894648,-19.068706605392059,6.4456859098023305,-2.0914095367392727,0.2444338921341342,0.1889324336133117,0.8214285714285714,True,4
0.93231746737642063,0.35971984307898935,0.037225992532686158,-0.3616403186752265,0.92717900613369608,0.097751575401174462,0.00064802260523811987,-0.10459792101260046,0.99451438148804283,-9.6651678113406447,17.491307334629958,-2.6385658551570654,,0.1763308831589262,0.4137931034482759,False,4
0.23638452398800008,0.9518356957488241,0.19527202850720707,-0.97142828786473989,0.22712189125456403,0.068867467276868169,0.021199961206265178,-0.20597197579113244,0.97832822040128786,-10.213116912336332,-13.007937421417056,-1.9955672531009117,,0.2863052401766452,0.2631578947368421,False,3
-0.053485923767795922,-0.93821147092959145,-0.34190421432740348,0.99778405820183014,-0.03664366803022448,-0.055535707356417705,0.039575613160031879,-0.34411695309796086,0.93809236935047302,4.2929001890917746,-4.9035973439825087,-2.12006716011873,,0.5597746594272172,0.2917771883289125,False,5
-0.4697760971293769,0.88258937631491474,0.01861212996788306,-0.8825761308079132,-0.46910096384359218,-0.031680578421915385,-0.019229973843577868,-0.03130940013899678,0.99932473679425782,22.889506566971235,11.657222346981818,-2.9906021618312137,,0.2738438249946407,0.5833333333333334,False,1
0.97819321568864603,0.20763282064877028,-0.0051618378647784492,-0.2074730038542433,0.97799042335595932,0.022128815958580475,0.0096428964737670774,-0.0205753156346919,0.99974180213399588,-19.03002940020567,12.145568966313066,-2.3823153111249558,0.4045479799200319,0.2716937123113121,0.967741935483871,True,4
0.66657695919906734,-0.74247995826942337,-0.066322462508275198,0.74513778298965105,0.66115028877954873,0.087464164135880845,-0.021091273697761849,-0.10772096924441396,0.99395741908738289,-7.8981731628824479,-16.673517628422687,-1.993336202898554,,0.1655804468803891,0.2682926829268293,False,2
0.89516813384650384,0.44557808963996443,0.01158353048806513,-0.44569450550681478,0.89447571498339695,0.035631489808551631,0.0055154244445762644,-0.037058890130993186,0.99929786287945987,4.9699254570655089,16.398752179490781,-2.7917822188866919,0.2878470923423908,0.2612320964501414,0.9620253164556962,True,4
0.93029688195159932,-0.35381599818301007,-0.096757174725664225,0.36679610488385334,0.89939556447645097,0.23779873011040117,0.0028859787188715755,-0.25671357196269612,0.96648321925266134,-7.4834465623796858,14.264293740641147,-2.6454093017588338,,0.6377240975784202,0.3467741935483871,False,4
0.51457978599333654,-0.83053923216426817,-0.21310144927485222,0.8571520056698112,0.5047342246909402,0.10263431006178073,0.022317773707837441,-0.23547387596424765,0.97162439796204281,-12.205573835518745,-17.141568908404388,-1.9162929668285078,,0.1908717790936653,0.3157894736842105,False,4
0.83172339655123528,0.55517920951764843,0.0034981350226534519,-0.55518905546266828,0.83169216578741867,0.0072975380987948188,0.0011420699399063579,-0.0080116594530995188,0.99996725395837871,-19.968218645703367,-2.5685188507980743,-1.942886484329015,,0.1448720883542264,0.6190476190476191,False,1
0.085077176437993632,-0.99390507675031814,-0.070104011720327819,0.99623925972760907,0.086013453760767578,-0.010441415111503169,0.016407663658331201,-0.068952042624491283,0.99748503968289493,9.4008905233061881,-14.263285658349663,-1.9655328270001617,,0.2107872812674954,0.2452830188679245,False,2
0.95591317126883801,0.2936221611588179,0.0040044314425287083,-0.29359802975135868,0.95540163268438394,0.031747711573173527,0.0054959913457974068,-0.031523748832241523,0.99948789254231996,10.290478157877757,21.699698673873552,-2.8991741676926757,0.2955893160589926,0.3094451864575168,1.0,True,3
-0.96637985715108021,-0.23899547975678764,-0.094821581659885149,0.25683777631957377,-0.91451431657858817,-0.31256666717360548,-0.012013673371454679,-0.32641189535404752,0.94515128218899636,-13.386002182725818,-4.7378089656783002,-1.9791855801534781,,0.1525911237938383,0.25,False,2
0.61104101815656697,-0.78678378051537368,-0.087178878451856179,0.79136350433984703,0.60982930355805109,0.043035154477009951,0.019304873196782441,-0.09528642736423576,0.99526268825422026,8.7206557345798039,-23.666739085986986,-1.9621804537483654,,0.192857000850197,0.25,False,2
0.86694662943411238,0.49837188660446802,0.0053855691560979893,-0.49838828685819625,0.86679679441939372,0.016505535641574403,0.0035577008564790318,-0.016993523076931551,0.99984927010927482,-5.3113370522498791,-20.935044079085717,-1.964494268161165,,0.2706033261862064,0.9565217391304348,True,2
-0.41703811254906697,0.87176584146287195,0.25710606826763599,-0.90882910158470098,-0.40322558785689694,-0.10695227632081744,0.010434404355606018,-0.2782686524853103,0.96044660458026132,5.6421942814983881,-0.77648548189022426,-2.2992901198652946,,0.2755304567164629,0.1610169491525424,False,2
0.9667203434652093,-0.25398322683179064,-0.030729432448715732,0.25569339468940555,0.96319067240528788,0.082973589193538033,0.0085244027777211968,-0.088069569543409082,0.99607785111291514,-7.3665095778470002,15.994580101820349,-2.6689703412523325,,0.1265802726361431,0.1764705882352941,False,2
0.96546040327744131,-0.25814998772263881,-0.035281631795623415,0.26011031316610073,0.9628162035160065,0.072990295462182053,0.015127282901877684,-0.07964635638762857,0.99670839427897961,-10.756929706061571,14.400242071556837,-2.4878959363498594,,0.1437545979000353,0.4761904761904762,False,2
0.77941029930183015,0.6169404242337112,0.10910590400414148,-0.62651356598620456,0.76766158986891864,0.13482000992128143,-0.00058049761587638995,-0.17343643327240479,0.9848448947099564,-19.776121429675371,-8.0214816304826471,-1.9632109794032369,,0.1781949652292047,0.3333333333333333,False,1
-0.066099044760243988,0.95611288659476912,0.28544537895927236,-0.99768029068060027,-0.058661534658350195,-0.034537833443933942,-0.016277403639923763,-0.2870661464522532,0.95777245402642341,-17.667553884736119,13.734194062491015,-2.4761093100957541,,0.3131112466203095,0.1333333333333333,False,1
0.99969237276212719,0.021914881989592693,-0.011614550727925031,-0.022027990004120573,0.99971028046201538,-0.0097016903134382534,0.01139857436733566,0.009954551016581506,0.99988548315117154,15.554168623546824,21.216084874703053,-2.92817628517798,0.2914625218762535,0.2206232463526163,0.6333333333333333,True,1
-0.079513893549804801,-0.92205515048451092,-0.37880316814611836,0.99672752881405458,-0.067993639731520908,-0.043716109848521215,0.01455245810088973,-0.38103958379812219,0.92444419060437399,-8.0777211506415529,-9.1115387557859613,-2.0023739143047163,,0.3969973466451148,0.253968253968254,False,1
-0.035877859754880226,0.90880852974772008,0.41566793890941084,-0.99922894634724713,-0.025985950464081326,-0.029432009109970521,-0.015946534456747066,-0.41640339412193406,0.90904010989755224,-13.368628958342889,-16.107560435658176,-1.9199132320731771,,0.5071058034898078,0.2142857142857143,False,1
-0.79131914704744089,0.60357396322763779,0.097531935435494585,-0.61111455297963313,-0.77591480468818497,-0.15650948534257994,-0.018788577716646451,-0.18345213757102502,0.98284907415533929,-20.287607935312952,-8.3353649335736684,-1.971326760786557,,0.2599943657060232,0.375,False,1
-0.96364564881134407,0.26717946410811722,-0.0014823919400832313,-0.26673581782546907,-0.96233699236322556,-0.052531101437910718,-0.015461792132313315,-0.05022596030143401,0.99861818824606696,-12.223429054421715,-16.166432678656854,-1.9215839229165674,,0.2212214141033495,0.5,False,1
