axis_00,axis_01,axis_02,axis_10,axis_11,axis_12,axis_20,axis_21,axis_22,location_x,location_y,location_z,dbh,dbh_approximation,score,reconstructed,number_clusters
-0.23553300206153588,0.97153301474014786,0.025452037439142823,-0.96873425159188509,-0.23259255823023853,-0.086340324580272396,-0.077962521332972767,-0.044992256287455554,0.99594053142824412,-7.9347679262468436,14.687982102344288,-0.36434947371291387,0.3503454751644238,0.2287120670320551,0.9714285714285714,True,5
-0.54225763149866324,0.84021087955646834,0.001529364706848967,-0.83660284350853731,-0.5397587414706736,-0.093574479637479849,-0.077796807870827295,-0.052020946559451164,0.99561110771433714,13.180625171319297,-9.2754863805006167,-2.9073654571412217,0.1330031469546188,0.1088231133546978,0.7272727272727273,True,5
0.70694443580643629,0.70704099329869707,-0.017961026627441371,-0.70625469660485873,0.70434322795735005,-0.071448728149627938,-0.037866452248641526,0.063195340222301555,0.9972825481117622,6.5816192723573543,-26.027772964711065,-4.7408666554946199,,0.2243178760487315,0.9722222222222222,False,1
-0.97815766611450428,0.20721742377458938,-0.016386564790998721,-0.20475759313776692,-0.97411809028022978,-0.09575110569193418,-0.035803746645511912,-0.090304404505104532,0.99527041865672072,-25.230557227110427,-3.1053940709132823,-2.1565896148711401,0.2676745675525563,0.274328883600602,0.9811320754716981,True,5
-0.073800153478547473,0.99338958355500728,0.087924243704178104,-0.99344603432155931,-0.065514249779983574,-0.093663546625848609,-0.087284100713185125,-0.094260375344970782,0.99171390400786219,-3.3675206813193848,-2.7289094721945242,-2.1243672118577202,,0.2481027097648318,0.9764705882352941,False,7
-0.34118386230320658,0.93999507297917317,0.0016837098169148104,-0.93681154404750822,-0.339879939865808,-0.082859866136388974,-0.077315606724594935,-0.029847767951651741,0.99655978631746633,-8.6856649120024141,-6.4224643996731503,-2.4850331558135128,0.3024683761482453,0.282649047903173,0.9717741935483871,True,5
-0.83167336686455173,0.55508462710905992,-0.014158657965264472,-0.55194157902233187,-0.82921223948132072,-0.088133734975366793,-0.060662213893957165,-0.065483728067126198,0.99600802063232152,0.96970313018246046,-4.6393954391231675,-2.3752238684795772,0.2911656004282165,0.2588094422685531,0.9804639804639804,True,5
0.83304946410498326,0.52748961575053488,0.16668321940061553,-0.5531720537072633,0.79724372379430875,0.24166738271407789,-0.0054101156816840947,-0.2935253824559933,0.95593597092188864,-9.194614279929386,10.961242958898206,-0.7271616745096191,,0.4248889695540686,0.203125,False,4
-0.93805787569919152,0.34626222706758819,-0.01224303658880607,-0.34342117767588642,-0.93388343876753444,-0.099617355513145753,-0.045927296485076485,-0.089242326851775883,0.99495049652515544,2.0848553002763661,13.433612126270457,-0.50692663439819274,0.1243350629833622,0.119586249345434,0.5681818181818182,True,5
-0.50698709661778396,0.86188334285681101,0.011008504396041723,-0.85863058327602737,-0.50387095043350716,-0.094167864860057557,-0.075614848582389885,-0.057194130950666472,0.99549546762336361,5.9356700370103876,-9.7165725974534798,-2.9116137952263248,0.2130072095749325,0.215240226098463,0.9932432432432432,True,5
-0.69264547968604784,0.72122783464852769,0.0085234968575074593,-0.71797896072333767,-0.68830008421552136,-0.10367837782074663,-0.068909008330695951,-0.077932051154204221,0.99457435316510034,9.0569315451735477,-15.849537009122033,-3.551408574395492,,0.2652456552924722,0.9841269841269841,True,5
0.87751371419930257,0.46080255551174665,0.13278059431252959,-0.47877873509931101,0.85755971910863926,0.18804853357315809,-0.027214044330983407,-0.22858769213620198,0.9731428789211769,22.418909277820987,12.731684036115162,-0.84059656899224489,,0.505649883954523,0.423728813559322,False,3
0.36847773590162242,0.92962258642630724,0.0050995049638915216,-0.92779820241329591,0.36808833865280483,-0.060839711919721581,-0.058435038662353583,0.017686767762389734,0.99813452224770205,-13.680359869003848,-17.182744811191995,-3.6616235741634542,0.2184053887881328,0.2349216068608563,1.0,True,5
0.13243042237427369,0.99067616597923702,0.031983079752441669,-0.98873723528284641,0.13430328027351437,-0.066040203459766258,-0.069719888088012313,-0.022877129812400129,0.99730425354379282,8.3340526384894211,16.950269744572672,-0.26857109770369858,0.206320507914171,0.1995531519740687,0.7954545454545454,True,5
0.43141983510454018,0.90211469841940162,0.008123839858310701,-0.90024129650767881,0.43107465886417123,-0.061157555112285045,-0.058673110881775396,0.019071166215272464,0.99809506394864256,18.773841104606479,5.0225426206760311,-1.5091121638394376,,0.2529400438769052,0.7450980392156863,True,5
-0.94343993059454689,-0.30877942508080231,-0.12073261368216623,0.33151073310154472,-0.87345543542490556,-0.35661777320426169,0.0046616733298645175,-0.3764716044716509,0.92641642894991227,6.5258659333760001,-13.420289375719975,-3.2638257645505369,,0.2051899459040775,0.2580645161290323,False,1
-0.12167394266030361,-0.95021607778132144,-0.28685337230609537,0.99005794213296328,-0.095638497201289918,-0.10314334235674616,0.070574236779006289,-0.29655131660298023,0.95240568757441801,9.0088380553550831,7.6357718038586828,-1.2538643466077182,,0.2962707038896097,0.2857142857142857,False,2
-0.64944071685924298,0.76040149771191035,0.0040395003202015698,-0.75707094246329987,-0.6460804738725473,-0.097075276761677889,-0.071206343559293908,-0.066102825643909277,0.99526884462380694,-7.1070017474311502,-19.624557976264683,-3.9262388045852723,0.3493952938076163,0.2671990726273551,0.9864864864864865,True,5
-0.79958857073223288,0.60045621919943792,0.010509347225244658,-0.59731151645909408,-0.7933429990615154,-0.11758332426588917,-0.06226612128374296,-0.10029563631981309,0.99300740957733125,5.572179494718088,9.1001860928119171,-1.012303329182467,0.4074377850593647,0.2609046184629758,0.8058252427184466,True,5
-0.45145738242002542,0.89207126173288498,0.019877018105249011,-0.88859196066877055,-0.44744669185826685,-0.10097418174921027,-0.081182259720263189,-0.063248098274894277,0.99469046379832149,8.6169232462872145,21.345093160554825,0.19004613775462026,0.2335349203891625,0.2281913363672445,0.8055555555555556,True,4
-0.76397833182382957,0.64516520339338146,-0.009948308100126646,-0.64194574252641856,-0.76154170374656627,-0.089218255458073048,-0.065136565428976584,-0.061774539942873553,0.99596241598715107,-4.7952367789083894,12.749986335704888,-0.54861421916072473,0.2380935226117963,0.1964983215130955,0.8955223880597015,True,5
-0.76096822515918572,0.64878823638338701,-0.0010884064559830127,-0.64522525330311131,-0.75696264428915228,-0.1034017777927935,-0.067909740082075662,-0.077983199994028168,0.99463907409706998,5.721711558003638,-21.719849950754156,-4.2209297132546411,0.229964113687004,0.2341543402902622,0.9464285714285714,True,4
0.050334651221998539,0.99867853108614391,0.010373737705512247,-0.99597900711360332,0.050963922832392539,-0.073678327604089572,-0.074109650352443032,-0.0066234520574210247,0.9972281030975223,-6.9110568041760185,-13.032470314412913,-3.1912796359713584,0.2687847145594687,0.2517582345268132,0.971830985915493,True,5
-0.99969106257556517,0.014304786159586349,-0.020326153090660368,-0.011863543460972252,-0.99323404767793788,-0.11552221807881077,-0.021841147934256521,-0.11524538874170716,0.99309690596169198,2.8647523785375433,12.489800620246527,-0.58638226311066999,0.2379101295871721,0.2110613412961024,0.7938144329896907,True,5
0.59089668715818855,0.80665773441876198,0.012016846835519238,-0.80525886159569982,0.59064549000348543,-0.051923703259113191,-0.048982353221090423,0.021004871838054731,0.99857875224340287,-22.288558549650297,-5.7503144726912554,-2.431622496003071,0.2412605170897573,0.2086159850687241,0.8085106382978723,True,3
-0.70594741473931455,0.70824062383003272,0.005785013372933163,-0.70482808659936258,-0.70169546464946142,-0.10411937010498283,-0.069682249989219389,-0.077580240056494706,0.99454798294965008,-1.6059046027726014,-6.6688005884073478,-2.5529459632397873,0.2356900630295589,0.2394547695381162,0.9136276391554703,True,5
-0.20430939666665135,0.97878954598467205,0.015122668575034451,-0.97581019179638029,-0.20241116069363627,-0.082608665483519014,-0.077795501283955265,-0.031634580727052442,0.99646731671550748,1.6665016267055714,14.862993685803163,-0.35633272516235465,0.2543823132360366,0.2452310002514086,0.9134615384615384,True,5
-0.95597826771127614,0.2895445112434355,0.047639559953356378,-0.29314646872117911,-0.9351314805323786,-0.19898306961554815,-0.013065203406459235,-0.20418885896670119,0.97884432385023623,1.7090885810337562,-3.8231635175696796,-2.2974801206184101,,0.1888999573473589,0.2009569377990431,False,5
-0.14524978276547282,0.98878699761269273,0.034681031683897329,-0.9865126104419244,-0.14206391953697409,-0.08130628637966518,-0.075467675501786485,-0.046022995533414324,0.99608559563748744,-19.627657312099181,1.9529548249157576,-1.5804355804053272,0.2941232821951599,0.27393845904701,0.9871794871794872,True,5
-0.78123602290153016,-0.61982793505150258,-0.074051383854669098,0.62377465793237885,-0.77058791513818792,-0.13076483152715715,0.023988594005168278,-0.14834957355103032,0.98864399628222288,1.7677407972214592,-20.963440727463063,-4.0991057459994709,0.1477493927346986,0.235583175029555,1.0,True,3
-0.40262795793518841,0.91536333742995857,-0.00082944440902236582,-0.91208135052682593,-0.40126069546478682,-0.084246449754732625,-0.077448934854531082,-0.033163455251269396,0.99644460344050001,3.6871724254664797,-12.062155258946406,-3.1480099090124289,0.2178580596123604,0.2153431824627525,0.9300699300699301,True,5
-0.98385043782812931,0.17844660354417641,-0.013968738989132449,-0.17538537506314356,-0.97667177632419744,-0.12390404168427113,-0.035753128525479301,-0.11945313313297679,0.9921958792422777,-9.0926460105815039,13.975859710307979,-0.37967524088576859,0.3437164878620494,0.2645679504924091,0.8987341772151899,True,5
-0.99770078105078264,-0.048474720071230624,-0.047364047595977912,0.059069628020765215,-0.96458650389016998,-0.25706741442358466,-0.033225450127073661,-0.25927413682616796,0.96523209200528493,15.161934786782695,7.0115248396376568,-1.3679876462255633,,0.2336576362253958,0.5227272727272727,False,5
-0.43626102538638584,0.89979537124295561,0.0066788935139779062,-0.89655608794208752,-0.43403488481104946,-0.088322703429180596,-0.076573486944236338,-0.044519755803585796,0.99606952189111297,-8.8789444149538763,-1.5325498888960489,-1.9422032075484905,0.2709785294002797,0.2403439260625032,0.9966666666666667,True,5
0.77469014520808011,0.61478845301182272,0.1479538338834559,-0.63188893473703878,0.76149383243965285,0.14437284132848538,-0.023907176210791733,-0.2053346078957452,0.97839978829000496,17.541398914124347,2.9251505091579078,-1.7497017805183785,,0.2662695439203319,0.2962962962962963,False,2
-0.080468490694714595,0.99643502452696531,0.025338979878088953,-0.99392962987416911,-0.078300851736756355,-0.077284328783376516,-0.075024748340218869,-0.031404116183170336,0.99668704648111195,4.0473530188168665,12.860965319874744,-0.56568509185423621,0.2512448029170471,0.2162376756797561,0.7252747252747253,True,5
-0.32989430428681499,0.89779363778656596,0.29178130842993272,-0.94033894303983512,-0.28525735480214065,-0.18544787336071622,-0.083261156620869636,-0.33555152433158569,0.9383350970292571,7.2201715352470197,8.6177268285501647,-1.0768703116377523,,0.3086905584408522,0.2452830188679245,False,2
-0.41464602065219747,0.90590757291698187,0.086024106440942952,-0.90894485427358152,-0.40780441587881011,-0.086688005394758905,-0.043450310089534885,-0.11413600536819085,0.99251450509890149,16.481113806876998,5.7436512077055735,-1.4882137097573982,0.1544299992405484,0.2239388414866358,0.9583333333333334,True,7
-0.6410629721094494,0.7674700864912658,0.005285085740878848,-0.76422566460955121,-0.63768837681243884,-0.096502163863857182,-0.070692286299773185,-0.065902962144398988,0.99531874303576984,-10.103612651846561,-11.495667112630594,-3.0048332794332691,0.276492971125643,0.2714648757742751,0.9562043795620438,True,5
-0.79664174864160098,0.60444772280228953,0.002207876894174384,-0.60133134716473791,-0.79215322257096366,-0.10437376532194187,-0.061339507972388081,-0.084476164505527612,0.99453569186437019,21.018891114258356,2.7776961472741251,-1.7628512155207359,0.4866116254968567,0.2472791301517367,0.8867924528301887,True,5
-0.78217920432445986,0.6230263793780183,-0.0058157477139641747,-0.61976119767266269,-0.77897045259275022,-0.095399642802227166,-0.06396678967793977,-0.071015241931315226,0.99542206386624521,-8.0875522244919082,-24.014573488725848,-4.5694751563353062,0.2588334159626304,0.2651012900715388,0.9818181818181818,True,3
-0.64095749937325541,0.76748654686172335,0.01174241812622065,-0.76374681284089352,-0.6361587940432738,-0.10951161872963346,-0.076578651545715595,-0.079160527712209383,0.99391615389818699,13.209668176676333,16.180111016859332,-0.44725100132596807,0.271576295071466,0.228984741275172,0.9607843137254902,True,5
-0.92319953567526924,-0.37292237732068556,-0.092905962254617336,0.3832960364099306,-0.87578600184297672,-0.29339909244633289,0.028049345828472221,-0.30647639300504526,0.95146489936792333,17.584620589924491,9.5095505914265139,-1.1006104558752103,,0.2304515684375832,0.5833333333333334,False,5
0.27568116950825677,0.9578067742130717,0.081277770946987613,-0.95919266377547041,0.27963416303402594,-0.041882796272193414,-0.06284366744452495,-0.06641474336177923,0.99581110423930919,0.63507339965599618,19.838645259197726,0.14678745395825268,,0.2960314201936737,0.7708333333333334,False,4
-0.94298714071106393,0.33233000511421262,-0.018221420206940422,-0.32837522291234106,-0.93789917790822774,-0.111869768285892,-0.054267535698986104,-0.099508290005689143,0.99355580356077711,-22.809021307709468,-1.5268320204530752,-1.9220708833503011,0.3006321115743989,0.2487841257410004,0.5,True,5
-0.82910073184455113,0.55908127936417307,-0.0044832487491539641,-0.55578964004736076,-0.82503753605785435,-0.10203401448344321,-0.060744155857602546,-0.08210473287272535,0.99477080795982498,8.6215170630706535,8.024715323875343,-1.2175347944920734,,0.1849280395371721,0.9247311827956989,False,5
-0.88138035161746731,0.47240685458471426,-0.00066296609686769927,-0.46928601310018941,-0.87571705891551865,-0.11353532768650348,-0.054215437757135651,-0.099756686320915208,0.99353373865363614,-0.52562154925771287,11.696503428004497,-0.67835678661508059,0.3401571365798049,0.1842335132693364,0.8269230769230769,True,5
-0.9620182890410649,0.27279673081905781,-0.010136824203677779,-0.26992090689732862,-0.95611218328354697,-0.11398331893962579,-0.040786217895575787,-0.10691789668340536,0.99343094767506168,2.938415870765295,-23.830151003862397,-4.4935865719152446,0.2752206424306627,0.2535848813086596,0.9824561403508771,True,3
-0.69557833619106635,0.71796227582883088,0.02647543594265047,-0.71198823606257777,-0.68392244688390402,-0.15913151277114163,-0.096143278133037954,-0.12953863182471362,0.98690233201407229,-1.1640537616357505,-11.973480799629728,-3.0932595004681365,0.3805726510215108,0.2960209280598855,0.9659090909090909,True,6
-0.55980605136518191,0.82859722377837897,0.0066200907612060933,-0.82530202331990987,-0.55682956722405386,-0.093901029648963796,-0.074119870203516292,-0.058029938926696119,0.99555952661263702,4.6348151428882307,-6.9886175786548161,-2.6518171537218236,0.2128354586581248,0.177112094627471,0.8642533936651584,True,5
-0.21479042930675199,0.97609781847636856,0.033137897397013109,-0.97357328696298862,-0.21129276261065585,-0.086662698898886073,-0.077589473450353746,-0.050876489993225846,0.99568642472199331,8.51362866226129,11.523965073020497,-0.78023192216766712,0.2170143101307088,0.2196318996020596,0.971830985915493,True,5
0.14563765866285433,0.98930363821796496,0.0082452281896776974,-0.9869791346095077,0.14586053699542645,-0.067800380477345421,-0.068277816490196333,0.0017364204858652771,0.99766483581372511,14.274973783097048,10.07135854576015,-1.072186001637099,0.2765281384264963,0.2160098230533554,0.9354838709677419,True,4
-0.48929022016973778,0.86268206594760255,0.12796379776572608,-0.86744616625385218,-0.46622841936623916,-0.17368998136551883,-0.090178872790390732,-0.19598651501477454,0.97645125676329592,3.7231310143874303,11.124002260494365,-0.75712130151984069,,0.3091463447314942,0.3076923076923077,False,5
-0.73664067678325096,-0.67009514093659539,-0.091285351516441682,0.67533720335109715,-0.72173558135568006,-0.15171490492070694,0.035779534349046599,-0.17340776423893159,0.98419996556767986,12.185299021496677,-10.987120849127752,-3.0736690927707482,,0.1326136451879655,0.4117647058823529,False,4
-0.13419792333141223,0.99048521710431503,0.030495115532722657,-0.98795492839371413,-0.13133574682129132,-0.081828974510649674,-0.077045290810712624,-0.041109078130157309,0.99617973622192357,18.690829742419648,-13.339938339019696,-3.3140328367286807,0.3565517989149016,0.2843314040043977,0.6595744680851063,True,3
-0.99662066920796399,-0.075691607417834914,-0.031906461320160506,0.079060561847711833,-0.98930326182403361,-0.12259071622538137,-0.022286077891694383,-0.12469898440176734,0.99194429985830035,17.065601944633777,3.9268429679128509,-1.6483548941268025,0.2184177084957401,0.2132240258087887,0.9848484848484849,True,5
0.99964006273930117,-0.0078727459800382593,-0.025646926468877427,0.014571600750689846,0.96200152253374804,0.27265498178891401,0.02252583889955509,-0.27293055987463971,0.96176998085217213,-10.076512545957691,10.933580519863769,-0.76854138548517392,,0.1914302068180194,0.2727272727272727,False,1
-0.76579601119776008,0.64306778524909891,0.0045047539799548111,-0.63987839957799331,-0.7612620440777369,-0.10505110185092291,-0.064125681182402791,-0.083330209536552458,0.99445662207634178,-19.51939352301158,-9.0098279567245125,-2.6799267072241966,0.2758556252523147,0.2594767340048629,0.6666666666666666,True,5
0.99741136299259925,0.062957822699877319,0.034740258118446672,-0.070186004637681029,0.95744376384032492,0.27995600339387561,-0.015636423064272108,-0.28166957884046184,0.95938404751673456,5.2505508834952703,8.6576744710581526,-1.0428512374286922,,0.3721988226460674,0.2058823529411765,False,4
0.070590846187938233,0.99750529337059934,-0.00034947404055692176,-0.99496322049259067,0.070385945170135245,-0.071372323694263884,-0.071169672624531069,0.0053859465408485924,0.997449682579716,-13.075732039187685,-4.69064410170005,-2.2776081460326383,0.2631937584939827,0.2573567402526215,0.9551282051282052,True,5
-0.64852604168582817,0.7605420878316469,0.031459591414885572,-0.75789232566368903,-0.641318313542246,-0.11962459368965341,-0.070803926129818923,-0.10142264713568347,0.9923206390540279,-24.72628379833079,21.072211383243534,0.19592488013885648,,0.22804690829184,0.6206896551724138,False,1
0.92817985132229119,-0.36212822303362946,-0.085704805476915488,0.36934067823444006,0.92460871276015311,0.093199740822262997,0.045493153338209198,-0.11816039256247887,0.99195186104408684,14.22277001521593,6.2069089524624177,-1.4692653781199263,,0.4179649923947307,0.1590909090909091,False,5
-0.93269279338605549,0.36049249782439052,-0.011371551259580788,-0.35766616508035648,-0.92852230060222829,-0.09960547997503405,-0.046465767210159457,-0.088834094224444327,0.99496202750702734,4.7508618559724276,-16.760431895665167,-3.6826044428473086,0.269939658691553,0.2464717446556433,1.0,True,5
0.96295721971486492,0.26961498363385933,0.0045993042009500745,-0.26962481763998847,0.96296401842336388,0.0016604019187574648,-0.0039812952191469082,-0.0028389825717479076,0.99998804466170355,7.5967324381734445,8.0691583836526064,-1.179211607353301,,0.5255533108069245,0.2575757575757576,False,3
-0.91770290160188128,0.39711362555730123,-0.011052275250987845,-0.39388753964383272,-0.91316441832873874,-0.10480148477795803,-0.05171064208474066,-0.09182327316683947,0.99443174526968525,13.436353472689909,8.024495444146849,-1.2890451759804356,0.236245600199289,0.239860131772828,0.5671641791044776,True,5
-0.62957421743245223,0.77693987057091685,-0.00086154603031352852,-0.77333251136702774,-0.62675705243767077,-0.095563717395298217,-0.074787242274877361,-0.05949819103880024,0.9954229420984978,-0.93390770542959134,-18.955830627293196,-3.8734281450401267,,0.2380591925082732,0.9452054794520548,False,5
-0.47613232164585501,0.87807215600515065,0.047825737135908514,-0.87617581287813218,-0.46906481861494387,-0.1108789468973814,-0.074926345242983416,-0.094696804519448258,0.99268250614299292,-2.6956909492887946,16.226542012490196,-0.19415168138119915,0.1592785838935656,0.1893370678369592,0.5609756097560976,True,5
-0.17759353564937155,0.98301934016204939,0.046189966041640114,-0.98217541532146269,-0.17411320097238309,-0.070824055131477243,-0.061579133102629663,-0.057944543440457102,0.99641880765660429,7.7028500309638277,-10.591410763341942,-2.9923954466725196,0.151933861171944,0.1791730171568524,0.8481012658227848,True,5
-0.28600080805925371,0.95822818872081517,0.0015086849508153368,-0.9550675992223584,-0.28492896967532605,-0.081617174389944203,-0.07777800913558662,-0.024783473940995157,0.99666261127541123,-12.882601357945168,-0.30579395814368637,-1.8118479570663903,0.3104093487959257,0.2354041573553442,0.9867549668874173,True,5
-0.56369211563288313,0.82596491373189806,0.0057584769846788769,-0.82268641896964934,-0.56080493523575226,-0.093192707108006284,-0.073744523974457035,-0.057269415040512285,0.99563143747307337,-16.965311584414732,-6.1819197091205735,-2.4148199431919632,0.3113166313391741,0.2813660574096344,1.0,True,5
-0.58715783977717584,0.80947214359948694,0.00072105801076253898,-0.80584024492628992,-0.58443865502441994,-0.095147034480255299,-0.076597459783861802,-0.056447384790630023,0.99546296862563455,-17.429418486509054,-22.804826991585355,-4.2688404640950006,0.3278843622702848,0.3319716710974823,1.0,True,2
-0.99435722040397856,-0.10349555913341565,-0.023289213600599427,0.10542287778145042,-0.9885206874739858,-0.10822600092507698,-0.01182095896067864,-0.11007052137434012,0.99385348278990804,-20.844869343622033,-16.947066415656909,-3.6000815234180426,0.2102646870777794,0.1775970748384522,0.4736842105263158,True,4
0.67643063694067251,-0.73586540738808293,-0.030719629190574537,0.73321515138688809,0.67676061576091529,-0.06626168373659802,0.069549516064012246,0.022297335367192243,0.9973292804539452,-3.6985837891274729,18.740264336602909,0.08147073815305203,,0.1208363819986163,0.5357142857142857,False,1
-0.6280690222940184,0.77757805658767931,0.030027806246284199,-0.77444799424825028,-0.62084588709334898,-0.12157585567922438,-0.07589207758059395,-0.099613003130118963,0.99212783559776241,15.269816245266734,-16.614245396656866,-3.6656033683716389,0.317002376440709,0.2972373456098674,0.3636363636363636,True,4
-0.7516786219082997,0.65767397304352848,0.049438795972183855,-0.65710545214999894,-0.74038764081313879,-0.14155764227303019,-0.056494903493890983,-0.13889235584543289,0.98869471494841188,20.559561049810025,-11.540793243220161,-3.1049942895416867,0.1711293725188253,0.1682295793228476,0.7027027027027027,True,4
-0.70740567297793988,0.70663205762171033,0.015759091976901739,-0.70184034750278923,-0.69962070656590003,-0.13398131795662904,-0.0836501073268444,-0.10583951098497762,0.99085854563538422,-12.940722563204922,14.757071658858779,-0.36035029480994568,,0.2098164281511179,0.1730769230769231,False,4
0.19809229658096456,0.97849357861894604,0.057530501794854708,-0.97773902859558726,0.2014001490430477,-0.058858915436791302,-0.069179722435380897,-0.044590319206379146,0.99660717910159424,21.618947307075473,14.670878266410119,-0.66791708004304096,,0.1303111370891437,0.2173913043478261,False,2
-0.21792869424480091,0.97594920161479581,0.0054990992169416664,-0.97291291723915718,-0.2167985592770558,-0.08024238384161346,-0.077120293658336156,-0.022837262595035226,0.99676021175768081,-11.892269444479542,-20.84931875459845,-4.128261468274097,0.2479233465717069,0.229297681615999,0.9166666666666666,True,4
-0.95309036998886254,0.30263190955985886,-0.0057161132465546128,-0.2994144260870843,-0.94539013123201099,-0.12879635561639047,-0.044381844096836175,-0.12104307946047674,0.99165458947623997,-10.556063775847567,15.723551510633531,-0.24923324544086872,0.2370258909169246,0.2199278421309673,0.3888888888888889,True,4
0.10324219284256671,0.99421400515298775,0.029657403371061934,-0.991751853641065,0.10517188336238179,-0.073260738117505775,-0.075955976832441999,-0.021849185514915138,0.99687175839009778,2.8012938175956608,15.367126236115784,-0.33014221565744406,,0.09896838717232531,0.2727272727272727,True,4
-0.94913314459404385,-0.3102855827040813,-0.053564269798173629,0.31486415348149338,-0.9366797035016079,-0.15327001631279163,-0.0026150880301548129,-0.16233912102179646,0.9867315597975298,20.266293394816184,12.013907670117964,-0.85039466112039042,,0.2437638648748282,0.8478260869565217,False,2
-0.85014470379558182,0.52272032370271271,0.063383324277399136,-0.52415476578670939,-0.82865861434786126,-0.19643493164445616,-0.050157393387239603,-0.20022078826938478,0.97846608108476818,7.7951542872055173,9.685785431530304,-0.97687883195237135,,0.2073042305200266,0.1612903225806452,False,3
-0.999476654322771,0.0070549853361883408,-0.031569679213861293,-0.0040948256247426958,-0.9956701777221828,-0.09286619189877042,-0.032088157735571075,-0.092688318447269658,0.99517798697346305,14.768911522858913,-12.638758937734208,-3.2255355948323858,0.3900488183481927,0.2602324959464623,0.3870967741935484,True,4
0.380937047799843,0.92459847202650058,-0.0021520083177741576,-0.92264169843937305,0.37997735095028767,-0.065950807923098376,-0.060160301814799214,0.027108638679606403,0.99782055490678767,-4.5462888702896747,-24.573019829970157,-4.6122525616009922,0.3044634410205702,0.2370747335329654,0.625,True,2
0.1138799154556499,0.99347055044678589,0.0069014672915574541,-0.99093451009313982,0.11408209886110136,-0.070951190447496607,-0.07127525210257124,0.0012410134601553049,0.997455912972252,-16.266770630400643,-10.722860989895223,-2.8691836183490813,0.2643333829794765,0.2894946024075888,0.9807692307692307,True,3
-0.82343573483227328,-0.55226269865225863,-0.13022865383071142,0.56699699063587272,-0.79212101875778484,-0.22596173183084176,0.021633381869200552,-0.25990421951067638,0.96539204133318191,21.170627026390598,8.5896370711295464,-1.1872972557421571,,0.2035339180857725,0.1276595744680851,False,2
-0.83189611964936783,0.55488394642161232,0.0072561777750221584,-0.55169991309860311,-0.82557205144863166,-0.1185664107320968,-0.059800100328670648,-0.1026381696566922,0.99291961111169802,14.4668145567121,18.854818047024587,-0.18813553730576971,0.1978241949055654,0.257602459008297,0.9423076923076923,True,2
-0.60807181625545381,0.79387639870354021,0.0029882866815531535,-0.79057467331948561,-0.60519103658357032,-0.093463870798787041,-0.07239027684421602,-0.059195209437937359,0.99561818735799346,-28.310997794390033,-13.799945511969007,-3.2892368977190549,0.3588384343683917,0.3437816050977582,0.8636363636363636,True,1
-0.29780922971011914,0.95171733742861919,0.074456513061286783,-0.95190684054884567,-0.29017445624449978,-0.098347098887171344,-0.071993260905307416,-0.10016433787026681,0.99236287506296361,-12.967550609000646,-25.708887400295474,-4.7688509571330533,,0.1547247519335912,0.2,False,3
0.78609890234407609,-0.54030405407481319,-0.30020000813417691,0.61561687937322029,0.72789330403780195,0.30197217714171859,0.055356784265492953,-0.42218818918493339,0.90481642300995513,-12.558080784181998,12.068631426019087,-0.60812052592144461,,0.7261967103781298,0.2281879194630873,False,2
-0.85369158095617426,0.52077507920467447,0.0020003709435965343,-0.5170100199482176,-0.84704584230511004,-0.12334496465915937,-0.062540577849030138,-0.10633276970431391,0.99236183834794744,19.345599398297196,14.166061913715481,-0.67992932682206453,0.259022320496241,0.2363580966624477,1.0,True,2
0.97958717885432578,-0.19274888049856864,-0.057068626151084996,0.19779844236319574,0.97485072866951628,0.10267342894443016,0.035843203301565173,-0.11186565996346651,0.99307670343132171,-5.3492529870944185,-1.784394572569773,-2.0379351980965388,,0.5887058636543305,0.5169230769230769,False,2
0.82797108382400553,0.56059231569623702,0.014147082159650765,-0.56034892265668756,0.8280632620272419,-0.017897456754879394,-0.021747855728578909,0.0068912744201348099,0.99973973668554128,-9.6416603901201867,18.996849314356485,0.13514010789577555,,0.2484046410567805,0.711864406779661,False,2
-0.70963245194558067,0.70147255261430563,0.06601546087451389,-0.70022990194962698,-0.69177042368150554,-0.17644196024508213,-0.078101648902697218,-0.17143494057012246,0.98209479867800908,7.2544541568621259,13.243944834260855,-0.5609654085498732,,0.2220079869847135,0.1730769230769231,False,2
-0.34513414081508459,-0.93268095867146161,-0.10482678176647535,0.93644292924084105,-0.33471761821721646,-0.10506548591153297,0.062905207405000982,-0.13442598478968493,0.98892496656453022,3.7245825262086951,17.818398382925981,-0.06996495195117447,,0.2038840052121224,0.3,False,1
0.64722761056667322,-0.75692385232715054,-0.090347672346228314,0.75899632811454287,0.65090019777700114,-0.015921885645320676,0.070858972817820179,-0.058268467562546354,0.99578300430320488,31.917018724910513,-2.821784780512596,-2.3238753048546319,,0.1819429373851129,0.2666666666666667,False,1
0.99572833279787787,-0.071958858057179151,-0.057853349174145259,0.087997899001320906,0.92930939283578673,0.35866477685791082,0.027954553026513458,-0.36222365347156499,0.93167192070535199,-11.998709548071568,15.048777829485051,-0.32066402528228244,,0.1589827238012659,0.3333333333333333,False,1
-0.83238403926735072,-0.55346643198749368,-0.028490697359016305,0.5536912698094093,-0.82832080005021291,-0.085502221848438392,0.023723172423049426,-0.086945735187005588,0.99593054487899801,16.935683055771623,-21.922444802912054,-4.2025396145343477,,0.3310963738559087,0.9393939393939394,False,1
0.9481659502938552,-0.30146659292639727,-0.10049489565495261,0.31472077867582249,0.93460137682136279,0.16574407353898538,0.043956366695097691,-0.18878071880613898,0.98103500347031625,-6.71600923974629,12.325921481806837,-0.56680551966675219,,0.2904677594176678,0.5,False,1
0.82907838772850118,-0.48774197848178275,-0.27338030182912831,0.55595600687822844,0.77115511685847182,0.31021396512570443,0.059514245500755861,-0.40917911502137172,0.91051112371722465,5.8761932386207816,6.4921546966710908,-1.3512495920476451,,0.3665455434087002,0.28125,False,1
-0.66186423535134409,-0.65556208077420919,-0.36355755007119783,0.74844618305270494,-0.55073205050915675,-0.36948953925086736,0.042000536146806232,-0.51665517203737599,0.85516278460326611,-4.381864920600159,14.970619039334778,-0.30921527455312953,,0.4738096569505588,0.4262295081967213,False,1
-0.75888497634032237,0.65122227601923932,0.001771976656311135,-0.64798087714234975,-0.75483085990641119,-0.10174062999008247,-0.064918221962555353,-0.078357642570905467,0.994809380890606,8.4155824006836983,14.750955275495286,-0.5009919443669929,,0.1521036921396244,0.6428571428571429,False,1
0.76525223571149814,-0.63327021087940172,-0.11557619024398068,0.64049179211492446,0.76701706789419599,0.038145534370402301,0.064492479964467733,-0.10321655667454276,0.99256589829405517,-20.449230899707125,-20.111089769860868,-3.8962315204966615,,0.09676396359357087,0.2,False,1
0.97210234623419411,0.23390973112472832,0.017414537924746669,-0.23453480195434401,0.96830382577032226,0.085913489457674186,0.0032334375224771731,-0.087601019878278591,0.99615039336340849,22.166569934252692,23.103290513991286,0.14494997298750587,,0.0828960475552345,0.5,False,1
0.73502315646560012,-0.67531348987528916,-0.060767177421735166,0.67478108754962918,0.73732363564962833,-0.032005315148503126,0.066418697252253828,-0.017479894303830668,0.99763871714686458,-6.0282531796370122,19.196230528770993,0.11549111848152399,,0.1258866902267769,0.2916666666666667,False,1
