axis_00,axis_01,axis_02,axis_10,axis_11,axis_12,axis_20,axis_21,axis_22,location_x,location_y,location_z,dbh,dbh_approximation,score,reconstructed,number_clusters
-0.2743740619065933,-0.96161665322918999,0.0035051940272187443,0.95239488506856795,-0.27224301338340406,-0.1372141558264047,0.13290168188591939,-0.034309676422478869,0.99053520333993106,-6.0938112489199492,-12.249124333212063,-3.8256797546921057,,0.11602096909349,0.4642857142857143,False,5
-0.94876933785898021,0.29984204264641579,0.09965687633202984,-0.31292044785834577,-0.93536550052260115,-0.16483984270872332,0.043789688863530553,-0.18757966279351643,0.98127281285863921,7.5068714391113582,-8.4150236164299841,-3.7002334615881511,0.2798634466334731,0.2576645054467717,0.9694323144104804,True,5
-0.90299666419679014,0.40704311657811576,0.13752427311513399,-0.42652502935187558,-0.88779138196290253,-0.17292443855274936,0.051705162081296399,-0.21480773579826318,0.97528673366111773,16.69594659592871,13.19540238591869,-0.82565220859981114,0.2856894647857535,0.2820267153370448,0.8157894736842105,True,6
-0.99183986151030457,-0.096367371264782967,0.08346867001895697,0.082311228956293475,-0.98400551529367342,-0.15798103512553424,0.097357848717618503,-0.14982147919155694,0.98390801077434542,6.9809737499222067,-11.923729385624441,-4.2306650679480509,0.2845851383786346,0.2583975833245008,0.9516129032258065,True,5
-0.94241328601348739,0.3189817182831387,0.10053786225296073,-0.33211528360710996,-0.92801078586914731,-0.16880586395352223,0.039454236018809902,-0.19247504958217931,0.98050839799999057,10.119589882694507,14.915328755712846,-0.17557557259593118,,0.1724933080308074,0.5714285714285714,False,5
-0.9114823385109877,0.3728537423250825,0.1737240150834739,-0.40971042943780234,-0.86047831065421299,-0.30284392168832452,0.036569257477198622,-0.34721342676782163,0.93707284971858684,7.9085852613572909,14.552572020544135,-0.145661038522998,,0.3095828905891005,0.4,False,4
-0.78137741788391923,0.59721653777354411,0.18105727776270439,-0.624005108680867,-0.74390013143795153,-0.23922838206780295,-0.0081826133502263323,-0.29990832175246568,0.95393293442588556,-8.3939318257974751,2.5279463336875274,-1.1874857278631155,,0.5577388286544782,0.5445544554455446,False,9
-0.6579676321648299,0.73609356401527537,0.15888631167818279,-0.74824675410832986,-0.61527303172432213,-0.24812474967062392,-0.08488456861971648,-0.2821442210077163,0.95560935981299033,-12.830335658245598,-15.053382253884301,-4.3469223526356657,,0.2022863524898688,0.2307692307692308,False,2
-0.090945593151235696,0.98854002864117629,0.12048863373975932,-0.99030857049983689,-0.077021928831947681,-0.11557057442782503,-0.10496587198199692,-0.12983156108246696,0.98596446764878398,-17.670055243099995,-8.9444846881832891,-3.1106978407734656,0.285928332128339,0.3203044249212091,0.8059701492537313,True,4
-0.8208195648455836,-0.56722452828327741,0.067168269893762553,0.55481418284801576,-0.81971264187551351,-0.14231095270623384,0.13578094298316079,-0.079545705498668406,0.98754038715351977,17.731429539213956,-13.05758198625025,-5.0460898487643995,0.2133024480930812,0.2392273413981805,0.9393939393939394,True,5
-0.28213023412858723,-0.95321745724768836,-0.10853114847268375,0.94896706294759448,-0.26065849324890489,-0.17753496370525629,0.14093986104422215,-0.15308046608062609,0.97811161248263145,-8.4878628429277079,-11.386177050378095,-3.5875156608551677,,0.2729095873292372,0.2830188679245283,False,2
0.9778522389680111,-0.20890090497052957,0.012861207087325549,0.20792594659108973,0.97663400775174136,0.054339816313386802,-0.023912329026018711,-0.050462132389219566,0.99843966954207397,-6.864439638362648,-14.618715208215198,-4.1834675097351761,,0.4239264578339721,0.4054054054054054,False,2
-0.59291595684491416,0.80014657141503642,0.090642883733042398,-0.80378517635028535,-0.58124607966313158,-0.12681634419814153,-0.048785842190340163,-0.14804884035007693,0.98777602849673196,9.4488496456809568,4.7423026287460326,-1.6892192397927515,0.2771637133682516,0.2347827525272993,0.936,True,5
0.87295762113119124,0.4619053209141219,0.15680709875574636,-0.47024110377211392,0.88233829321345403,0.01877340279100842,-0.12968537323906787,-0.090125528239181518,0.98745080542144115,-18.543731648587581,-1.8152513885615695,-1.7085573766232522,,0.1770613546446287,0.25,False,2
-0.90742822438992021,0.40945820621864726,0.094435136155797864,-0.41975730918773052,-0.89366527692867814,-0.15863850161756091,0.019437565794928092,-0.18359289248823552,0.98281017030949103,-12.352290092629858,-11.455599197830672,-3.6886156499937965,0.202055352864342,0.2499057988455562,0.98989898989899,True,3
-0.95830595328179835,0.26985185855124555,0.093966346854085739,-0.28170229123415624,-0.94732139387735259,-0.1524007736715805,0.047890698659451558,-0.17251710390192693,0.98384161827155969,6.4739308808731781,-2.4301862052850627,-2.7309208605759392,0.2983437055879416,0.255723885053497,0.9401709401709402,True,5
0.98713830660168,0.11459486384473019,0.11147188354009234,-0.11413550077285077,0.99340954597758424,-0.010514819253846897,-0.1119421774975758,-0.0023433183774761411,0.99371195914917076,-11.977899963189939,-5.1369776249837722,-2.4898709046372778,,0.2805847731526859,0.4228571428571429,False,5
-0.98372603713168616,-0.16352058915366358,0.074458718710612992,0.14897686088814496,-0.97398570832790443,-0.17075636120772664,0.10044390867096789,-0.15688485234664326,0.98249588513900088,-14.760610217076914,-15.117401818794221,-4.3172249474532416,,0.2686493279068687,0.9864864864864865,False,3
-0.7790571603927563,-0.62254334764602792,0.074227495865416854,0.61118766980395367,-0.78050893958746581,-0.13135991589393625,0.13971246587326133,-0.056969952832394616,0.98855189613590144,1.015587362301007,-6.7884102142368308,-3.22194513788265,0.2515792366397278,0.2268275239602936,0.9980916030534351,True,5
-0.99349245471142411,0.075179719490960722,0.085561394382801512,-0.086788252819300624,-0.9861652193844227,-0.14123016409055875,0.073760027142362031,-0.14773682632889287,0.986272421059326,-8.1696967784421055,8.0755318282789794,-0.22716090777268821,0.349354372232612,0.3278698306677014,0.9742268041237113,True,5
-0.85270128392350042,-0.51818110444085752,0.066248497308752471,0.50555411507516801,-0.85048756532195746,-0.14520997886954407,0.13158859040881302,-0.090328534988578527,0.98718042861527566,-18.227884244213126,-2.6183747169268012,-1.9020562221222814,0.3225907953122545,0.314308091604148,0.9787234042553191,True,5
0.2528847851031506,0.91302768366401243,0.32004645651289704,-0.95783454974206883,0.28289788646872438,-0.050217140021484766,-0.13639010515335068,-0.29385240290774728,0.94607003151014202,-3.1012280251254989,9.5985224080717106,-0.35163284225781904,,0.1890049774622939,0.5555555555555556,False,2
-0.93096437705035795,0.34353543487319788,0.12364761885990103,-0.36380546827129157,-0.90142602892537682,-0.23468424666290189,0.030836827319730239,-0.26346635337801727,0.96417559122731611,-9.5383020591123309,7.6730691621109655,-0.18812506541058546,,0.290766143554411,0.24,False,5
-0.75587544652257443,-0.65329918908590956,-0.043040433129681088,0.63583126193127548,-0.71681056408343335,-0.28618389467136451,0.15611186916816774,-0.24368583208320094,0.95720755301383709,-5.4208943373582468,7.1326280171947296,-0.56103749876337017,,0.5562545791272598,0.4611872146118721,False,4
-0.99371638385228112,-0.07743369889873164,0.080819371059215758,0.063743723523497678,-0.98505271170469721,-0.16002466333219786,0.092002642216984898,-0.1538674021295087,0.98379893087307724,-3.9329432627596099,-14.103712448772374,-4.0766248484209608,0.2878397620547006,0.2813856278518318,0.9943820224719101,True,5
-0.99603655906299404,-0.030462720873392635,0.083565517092518984,0.017072884690026015,-0.98753102986489938,-0.15649594775051479,0.087290833529709122,-0.15444898086734188,0.98413709547538508,12.816300150875694,-8.2341219926467168,-3.9448004936782626,0.2834006733739466,0.3038149156517875,0.9430379746835443,True,5
0.39935947014006123,-0.89507380718361262,-0.19838067774680967,0.91570285605506774,0.39998972361364066,0.03868462764556635,0.044724635516035602,-0.19710682559799236,0.97936132570192957,-8.8598256625736074,-9.2992793268929095,-3.2284036661260442,,0.2832530202934282,0.3909774436090225,False,3
0.16943313375322222,-0.98291677879498285,0.071881980703508389,0.9801460240362122,0.1604350570352148,-0.11650907278025413,0.10298633284358594,0.090195334898232088,0.9905849871717356,-6.9597587986601033,-21.976052051370498,-5.2456199767654272,0.3074323644762977,0.2551466553361821,0.9692307692307692,True,3
-0.59148185722406588,-0.80480625315448562,0.049356939311581388,0.79326692959346057,-0.59178567832117934,-0.14323857492765291,0.1444880306050739,-0.045569790622507739,0.98845667744949106,11.190753001306922,8.2980036345399757,-1.1752090434015892,0.2787031207894151,0.2635383487623469,0.9711538461538461,True,5
-0.99852939685465236,0.031156252984452314,0.044365882354048793,-0.040556123863769764,-0.97235993695688638,-0.22993771725914522,0.035975608879226122,-0.23139887834898601,0.97219355823035591,-6.5061819740373599,5.4253664084708193,-0.77749064795929812,,0.2177272416323915,0.1666666666666667,False,4
-0.4850613608893023,-0.87272314693623798,0.055405640271795648,0.86241471428429195,-0.48789619935762174,-0.13490055314316204,0.14476303657412426,-0.017652406467602938,0.98930887784743005,-5.4837749866941703,-4.9409192022666666,-2.6420635774624799,0.3397119440922916,0.3153306814765753,0.9682080924855492,True,5
-0.98851193989990183,0.12251074572458165,0.088517014507600703,-0.1352937031865625,-0.97830733019316529,-0.15687696315388902,0.067377730396609867,-0.16705054586060827,0.98364340925676608,-1.9937462178530647,-9.5655547923683741,-3.4414600088723022,0.2460909666031941,0.2301863517018083,0.9798657718120806,True,5
-0.97501963909206735,0.18591760622449449,0.12153743077969228,-0.21034960645073769,-0.94861526846374267,-0.23639398364484848,0.071342458962348851,-0.25605412735047833,0.96402621199632854,11.720095913109839,12.385119907042929,-0.53305353675451195,0.36507029231556,0.2132732598658164,0.9245283018867925,True,9
0.8929803573304872,-0.43819550717685696,-0.10281429332506432,0.44995821926094831,0.86346118708850972,0.2279745146090188,-0.011121256288370546,-0.24983889985692476,0.96822354948475087,-4.4651468153801757,6.4187479877491969,-0.74784522963278821,,0.6573387258063889,0.2290502793296089,False,2
-0.68170481216078127,0.69035849128639259,0.24224719314289045,-0.73141167200590784,-0.6350235826014895,-0.24855988331484757,-0.01776274557480665,-0.34662689314123363,0.93783489049027136,-8.675855908446886,-11.343464473480953,-3.5830413667712953,,0.3113268188948092,0.3469387755102041,False,3
-0.47389898820874621,-0.87847925261523829,0.060777888243158183,0.86844447129344793,-0.47767274701257334,-0.13278910738951635,0.14568441664971959,-0.010146402615372557,0.98927908158385525,-0.072425801348923902,7.9719375670610528,-0.66837979836489514,0.3462316204831568,0.3155595379914911,0.9963768115942029,True,5
-0.92351099195978048,-0.37722328491631107,0.069498496720497127,0.36376899313273686,-0.91880125110533906,-0.153220039820048,0.12165347247265962,-0.11621899278607556,0.98574518936240962,-7.0375223282746449,-9.9866756395692331,-3.387704414341381,0.3071281219934864,0.2794324566936523,0.9861111111111112,True,5
0.58607265926766816,-0.76591070368507974,-0.26438538545000995,0.80887995034122184,0.57207848019332785,0.13579189385112461,0.047244724519324398,-0.29343995379007037,0.95480936815930695,-17.863465859525359,-2.8959996833778816,-1.9751510475539726,,0.5283602340191194,0.1704545454545454,False,2
0.15645544738210487,-0.98625072985516626,0.053208935759103571,0.98272981980192498,0.15005484799731153,-0.1082850121881099,0.098811913535467977,0.069231787877063466,0.99269490040535791,-7.4141937598424645,16.802845843490406,0.97733871485786417,,0.2499090697223777,0.9555555555555556,True,3
-0.34200700435209697,-0.93259448011831736,-0.11532018308584112,0.93140740392276777,-0.32016243275316109,-0.17313654891856198,0.12454499946588297,-0.166623984787379,0.97812319817169258,7.9570114312289366,12.836401958999323,-0.43311498710440705,,0.2692556648212134,0.1515151515151515,False,4
-0.88215381432578455,-0.46562579685353189,0.070691337340457641,0.45279330643745086,-0.8798032057008327,-0.14465317446906883,0.12954871483696678,-0.095597785241351221,0.98695399788492599,3.1021028687050074,-19.337684944679388,-5.1930835582807582,0.4011132395449838,0.2515538724957846,0.990909090909091,True,4
-0.80143727028599532,-0.5949083408584942,0.061500957500887812,0.58232312905630812,-0.79963532973740958,-0.14657118680632458,0.13637475999099979,-0.081654181844763418,0.98728644243940644,-16.857317440402969,4.0432562653242918,-0.71699094789962536,0.3669672393566578,0.2641715930584215,1.0,True,5
-0.98094571006170228,-0.17769392272195345,0.078551790171992153,0.16188979079912519,-0.9711368220913259,-0.17517125452931301,0.10741140324265264,-0.15911675777881573,0.9813993314891748,17.442258860333041,-6.5683187639011953,-4.0211129550296727,0.2610048941035094,0.2424678061460477,0.9846153846153847,True,5
-0.49391235960252222,-0.86772270988716549,0.055748361213077274,0.85730180983092263,-0.49668159700663722,-0.13542894098220501,0.14520395274404194,-0.019096856835912418,0.98921742916635635,1.9763729618146877,-22.46834314048861,-5.5813688172964682,0.2289430095839794,0.2428839071871124,0.9833333333333333,True,3
-0.89692346790883815,-0.43587619534951572,0.07443275516878213,0.42377809344094608,-0.89538223301541353,-0.1367581234146264,0.12625537704962048,-0.091118599242768272,0.98780412058165434,-3.7644093745445191,-1.1465124742711263,-1.9640324440047148,,0.2570133246489505,0.99,False,5
0.6814686581611773,-0.72024380112047037,-0.12980498793012785,0.7318406860045904,0.67141181997766597,0.11668495319709712,0.0031109889641046939,-0.17451370989642787,0.98464982953629265,-11.758376292378054,-5.8270001527109052,-2.5940944904537822,,0.4146954047309614,0.1379310344827586,False,5
0.47140048137863316,-0.8798532017871824,0.060331827925533391,0.87959453597121251,0.46409260291001453,-0.10455385317526319,0.063992487415162405,0.10235428290526466,0.99268754516482616,6.8420124640586337,-24.00913689382427,-6.1383151832662399,0.2424703689273197,0.2261502055881061,0.9387755102040817,True,3
-0.32042195336981361,0.93067718167171321,0.17654958316085412,-0.94252842205840737,-0.29459611065081104,-0.15764931081836428,-0.094709795748713577,-0.21691730015149446,0.97158475671668731,-7.9962907588098737,5.3493616006817497,-0.67604201896078897,,0.08069200107813554,0.2105263157894737,False,5
-0.8877355062212422,-0.45693012517707454,0.056040446998376153,0.44367443463259693,-0.88167956669003067,-0.16060553457065377,0.12279522404214371,-0.11771152189545001,0.98542647141504003,14.648008410148369,-14.998345334911955,-5.1438311922737352,0.1691022323442864,0.1985238870200424,0.3333333333333333,True,5
-0.96822499523761896,0.23199752603824011,0.093367588108767136,-0.24455085956792674,-0.95643055223787554,-0.15948503324933139,0.052299480702015309,-0.17725051948608858,0.98277516129591458,9.6004972317523372,-17.011912514637704,-5.1788078040060936,,0.2713416526591915,0.8854166666666666,False,5
-0.81316826297770273,-0.577176921170513,0.074994518159353055,0.565847554235828,-0.81414231096162992,-0.13034125543122949,0.13628617483500599,-0.063553907591781589,0.98862883802702106,-7.4775050354713253,2.7412186328389758,-1.2093432482512969,0.303794904606957,0.2532158157972361,0.9941860465116279,True,5
-0.59294148171879479,-0.80244126551806905,0.067144729136996942,0.79213548662553224,-0.59624176821939612,-0.13044970164450026,0.14471271570132277,-0.024161316693590007,0.98917867986020636,-23.136637386437041,-7.5345698023191101,-2.6033337935835537,,0.2552701610698019,0.9782608695652174,False,2
0.93352089523785942,0.33292507634262319,0.13303996278022837,-0.33919714897115161,0.94032848953885328,0.026974541542386488,-0.11612076594713103,-0.070308074243561003,0.99074353008839477,-6.6762202991780457,12.903223407338823,0.37706044941618166,,0.2566849610618119,0.375,False,5
-0.98594163844587446,0.14190252617327986,0.088219944708133352,-0.15371156976271946,-0.97728467673524877,-0.14590206968909336,0.06551212788289737,-0.15741135182737637,0.98535771545978801,13.172971977516891,-3.6106934199734275,-3.2766347699599909,0.2687362346769759,0.2335064550141164,0.8695652173913043,True,5
0.82703928241488345,0.53706763982963457,0.16602522576554851,-0.54557188140050894,0.83803653719921567,0.0067885598073146869,-0.13548928949472136,-0.096193100412526517,0.98609813906387733,0.16163840345027575,14.777477474466703,0.33103259247613009,,0.1147494000004081,0.3,False,1
0.16052289710204584,-0.98596723709917311,0.045836741518003002,0.98143245778976773,0.1545003678779423,-0.11366603328310244,0.10498919136130558,0.063231666849789175,0.99246109546152761,-0.51034433614049313,-24.479262124101648,-5.7561227752611028,0.2021584991532348,0.256430404706652,0.6923076923076923,True,5
-0.33068047379687993,-0.90631761637678199,-0.26313267089926684,0.94088462815305463,-0.29492206226918999,-0.16660460285411954,0.073393056584134045,-0.30267037422251769,0.95026528075755856,9.7897970717104901,12.018305186363174,-0.57540708029000109,,0.371784967129666,0.2666666666666667,False,5
-0.86458914394583763,-0.49869453804044656,0.061557858146866311,0.48511206647759286,-0.86034887650063152,-0.156416411101715,0.13096524397275594,-0.10537347119995108,0.98577103651833364,13.366126110129839,6.5358647810986348,-1.6486659186077286,0.285960937728973,0.262625630900033,0.9868421052631579,True,5
-0.99536181582742334,0.044842452227162224,0.085111750487170595,-0.056515347188679239,-0.98852087514459142,-0.14011600527960816,0.077851596803654305,-0.14427624157021421,0.98647022002364337,-11.624284867426173,2.1716725452571315,-1.1866864135112132,0.3308488392416936,0.2835764711605122,0.9950980392156863,True,5
-0.96367263824707872,0.24489861925097889,0.1065819524257211,-0.26216212922407928,-0.9436004451418023,-0.20221082544930477,0.051049625802857414,-0.22280679122763764,0.97352507388779241,-10.010073915202323,-13.817222177607274,-3.9545721332325523,0.1358225369300512,0.1749751262931096,0.864406779661017,True,3
-0.99566523910117666,-0.041377855713363769,0.08329828751036826,0.028344088652479831,-0.98797797115754338,-0.15197414630746958,0.088585237393463509,-0.1489543606746303,0.98486814048986004,17.449973059263588,-2.4341912828108847,-3.3846755126079571,0.3308878672298049,0.278208148287958,0.984375,True,5
-0.62915977613091045,-0.76529006196168226,-0.13597461954933859,0.77061524425478556,-0.59129671391724614,-0.23774007115504109,0.10153876806934453,-0.25436060460171739,0.96176429617947889,-2.4679788551672952,8.9189953880555422,-0.49194755686395736,,0.3319052893728793,0.253968253968254,False,6
-0.87524432276496322,-0.47944672504990121,0.063860890274288998,0.46587115707647281,-0.87113457616118817,-0.15520507472597356,0.13004399437086214,-0.10609141367420355,0.98581599270486564,10.5885962772153,-0.41155481921192522,-2.5824203040754909,0.3083126240349457,0.2656270365339659,0.9459459459459459,True,5
-0.97673116309076713,0.18571359474735594,0.1072692676090069,-0.20505117400243789,-0.95522335863228125,-0.21331280121803883,0.0628510229636704,-0.23034494969345312,0.97107721271953495,-22.987708577314891,2.0719719061044892,-0.67599285636886874,,0.3074487216356401,1.0,True,5
-0.982023600814942,0.14995687771190541,0.11464110200688693,-0.17114913604287799,-0.96352649895139575,-0.20572957748035006,0.079609174560682741,-0.22165202603487191,0.97187075204494344,-5.0752656154503004,-13.407588847232507,-3.9703187160396136,0.2992436253661575,0.08834389804521277,0.3255813953488372,True,5
-0.16027970054342799,0.98019763835480567,0.11628846614076836,-0.98139062920553444,-0.14562582198462559,-0.12516210640153538,-0.10574899763721707,-0.13418535588865779,0.98529764018988697,-12.622720359444491,-17.099304550333869,-4.6880055750437721,0.1973762960761877,0.1678125008690188,0.825,True,4
-0.98432489671724155,0.15430292343146002,0.085411389890907505,-0.16546637884167778,-0.97557875068735023,-0.14445407117949749,0.061035851559669063,-0.15632245209122705,0.98581839899474988,7.565050080638529,11.573383108164215,-0.56514865561708216,0.2286049930967922,0.2308564717290002,0.9743589743589743,True,5
-0.99638227006295943,0.0092786480761596554,0.084476497288076186,-0.022060432245561874,-0.98818672761880122,-0.15165859252671357,0.082071366708021481,-0.15297352074108622,0.98481642589812335,0.59235030602075445,-13.729249511855317,-4.2074344685951246,0.2608296357326784,0.2392346425586219,0.9893048128342246,True,5
-0.66303188625933562,-0.74579608277466725,0.064629101195594327,0.73433253663414355,-0.66474462528514477,-0.13736924253623073,0.14541129063402503,-0.043620936171467631,0.98840921205929322,1.8845391635163755,12.657298769978997,-0.087145256041043229,0.2912404268974435,0.2462000639207872,0.9876543209876543,True,5
0.46362625592465301,-0.88320208742267714,0.070744382035002426,0.88354296279361155,0.45486916459098181,-0.11156108641542328,0.066351546441476672,0.11422834970587853,0.99123627678182569,-5.0442746783318038,11.08512009098755,0.00036883661540927214,0.3402992614845832,0.2849030684879829,0.9797297297297297,True,5
0.96503167111832722,0.24179587698782079,0.10123550567987241,-0.23775979496652019,0.97001655136659892,-0.050380253793808227,-0.11038185374438642,0.024548807436225718,0.99358603171411985,-15.624834553741245,4.9731060678192973,-0.54658993871162853,,0.2673346032297198,0.1935483870967742,False,1
-0.99374423713929527,-0.04723167755691967,0.10120059183423064,0.023294839870878763,-0.97389823639845197,-0.22578657084816711,0.10922335642082005,-0.22201665202219276,0.96890601434660639,-18.023806022535371,5.8323714332974674,-0.34339532966552067,,0.1491772487274428,0.5625,False,3
-0.89757819866635846,0.4234163883630403,0.12276782699247052,-0.43889328445974873,-0.88447958401727789,-0.15833050973440407,0.041545903949584941,-0.19599598853604444,0.9797242011621381,-3.4289874545894738,-17.63228142848633,-4.654596503452229,0.4610531572097688,0.297766296499288,1.0,True,3
-0.65811474198320763,-0.75183678152484268,0.040329149888643522,0.73896387762436799,-0.65525516757586,-0.15675794375880395,0.1442822717825466,-0.073362928727637111,0.98681330895857378,7.1699683194263715,1.138556685910757,-2.1348457359681765,0.2639259627603663,0.2378660302662418,0.9246031746031746,True,5
-0.91262683048225379,-0.40212041865225245,0.073562471320990905,0.38904416330430724,-0.90961458700346509,-0.14575987825655526,0.12552652023682484,-0.10440532559908722,0.98658127931954043,-2.5120041261751038,16.755886597082643,0.7610350862562747,,0.3662990522081565,0.9770114942528736,True,4
-0.68554441455224568,0.71606583401869128,0.13144800122989334,-0.72721178613885973,-0.66495725445587128,-0.17027879447317645,-0.034523524978590528,-0.21232421222654974,0.97658924585796425,8.9248142747142865,-27.711581748747541,-6.7644951189220404,0.3596254572186879,0.3446203595920403,0.7636363636363637,True,4
-0.98034745646613153,-0.18839985100508758,0.05851803774604622,0.17405863157153256,-0.9656495038925591,-0.19293685082819301,0.0928571880676579,-0.17895958139567628,0.97946465523307813,-10.387922153728889,-22.201239811236107,-5.4148710145916725,0.294927543414472,0.2437021583338753,0.9512195121951219,True,3
0.54949979016068895,-0.83415211528353073,-0.047331059373007731,0.83485941238153039,0.55040802884264528,-0.0077950845743059716,0.032553681379002726,-0.035231383077678563,0.99884884115421058,-2.123693928729812,18.077463191290352,0.97200702454416965,,0.2173401003879327,0.3043478260869565,False,2
-0.26673147894673815,-0.96247360210624433,0.04998883262805541,0.95214352259727364,-0.27119137047047587,-0.14098919447390051,0.14925491789197451,0.0099902868314694637,0.9887482812395092,-1.5207800996217509,-28.53818524221845,-6.4160192355827173,0.2794148104696003,0.225245956850857,0.78125,True,2
-0.93840130667949107,0.32980999759606167,0.10309390431984702,-0.34246603708978929,-0.9274309826650462,-0.15029566139101214,0.046043469268063762,-0.17634380589811596,0.98325116885723973,17.325058374276953,-16.772748025214504,-5.5848489728749762,0.247277092279843,0.2058564847178733,0.2083333333333333,True,3
-0.36589402149550287,0.89870235293036338,0.24177602418618149,-0.92459546601605247,-0.32142864206741606,-0.20446724011747172,-0.10604145065212639,-0.29835835650459913,0.9485449392872578,17.629532473407874,11.151555738123671,-1.1697309079306166,,0.2631372705379778,0.359375,False,4
-0.95845651960999556,-0.27374385794617107,0.080158594385389512,0.26201361800745449,-0.95600829022940514,-0.13189773686949297,0.11273847611059251,-0.10541560249506123,0.98801699719937264,6.3030740530042246,17.729738939656098,0.39204943963151262,0.298989736377019,0.3024444048376249,0.9661016949152542,True,4
0.97909464357592479,-0.19834485270334606,0.045088782718316046,0.19439247880182564,0.97768635990508912,0.07963005613973162,-0.05987689960421623,-0.069200441195291076,0.99580422565490334,-22.25118223941746,-5.3957498815528195,-2.2598291173744545,,0.1275116935948346,0.2857142857142857,False,1
-0.90123771813431974,-0.43331950668980446,0.0021864432645206933,0.41456616840091592,-0.86368024953086431,-0.28669028338555108,0.12611688003367355,-0.25746967140307719,0.95802082486664319,10.064154390767918,-13.9058783207975,-4.7395373822493942,,0.2132916631198161,0.2549019607843137,False,1
-0.51182076007360799,-0.85907612843378467,0.0052645144974428765,0.84680777912142324,-0.50552517605292158,-0.1654112499079359,0.14476220078845575,-0.080202879822873094,0.98621062825899453,11.053772404933969,-21.596377032527158,-5.9260068845379932,,0.1364633070077927,0.3684210526315789,False,1
-0.7671528526646777,0.62694161150007854,0.13572293991117446,-0.64135963079168634,-0.74583930856995584,-0.1799487420979701,-0.011589850697881314,-0.22509540546527115,0.97426779367852745,-9.7087624779565083,-15.845667846404307,-4.2537546591671074,,0.1949113948154472,0.3,False,1
0.44476433264913762,-0.88455370983209214,-0.1405326397156576,0.89298081665100426,0.45004665455078596,-0.006577980005386036,0.069064820976188129,-0.1225673004921343,0.99005419414979412,-6.676352911793157,6.493290373600539,-0.56816747067914619,,0.197581869890584,0.4,False,1
-0.69206057002303667,0.6318416544818718,0.34903909678000378,-0.7213334214542193,-0.5872486790470085,-0.36717445996514209,-0.027023369748045083,-0.5058805319629871,0.86218015801125092,-8.7811736354348469,-5.6548830499570757,-2.6460603107500726,,0.2095990976010313,0.6,False,3
-0.99400041535978489,0.074943492511340151,0.079665847103874782,-0.0889172360478825,-0.97783482632311081,-0.1895594301617749,0.063693794031918008,-0.1955058192480581,0.97863199173231874,17.629786955140784,4.5569550743516647,-2.2348320059699001,0.3132242386939986,0.2662170931763974,0.9333333333333333,True,3
-0.95274227771558595,0.28280769880343387,0.11091419093525641,-0.30043526720017161,-0.93123205121589347,-0.20626564670492328,0.044953336646768663,-0.22984053664605172,0.97218955211346314,16.193206984544297,-20.930169140026127,-6.2144642626216395,,0.1878986805592402,0.5666666666666667,False,1
-0.72961495094543849,0.6129587077618005,0.3032221066081246,-0.68357071225291632,-0.64084137130887575,-0.34936144344933079,-0.019826868308582324,-0.4621730838094566,0.88656806613769412,6.6502097659167916,13.975740029260889,-0.15547382562139969,,0.2994305556555558,0.2,False,1
-0.5199300406059828,-0.85333246295008569,0.038684112384821945,0.84553618527026297,-0.52056009180435037,-0.11868340330163167,0.12141380594509243,-0.028998249881445087,0.99217830515978334,8.6218124125815532,19.717864669208645,0.63977838014177224,,0.192814535928531,0.3333333333333333,True,2
0.73334358459256066,0.63906262316214157,0.23196152830600217,-0.66552278419657362,0.74449912289855125,0.052919558941175837,-0.13887624221649467,-0.19318390119368209,0.97128439175527514,-2.4683267245189877,11.029753051517504,-0.16604995790828808,,0.2119680643731384,0.32,False,2
0.9745332134379816,-0.21965454992248479,0.045131968764861592,0.21693214205776409,0.97444182883225761,0.058340105967301464,-0.05679314790070971,-0.047063796281181139,0.99727605878770187,-2.3829203899116247,-0.76205142411800886,-2.0612201557017866,,0.2664306969321457,0.1891891891891892,False,1
-0.73821393550779835,0.63498272698654301,0.22767767095352426,-0.67432671142071421,-0.68564628746356837,-0.274176320552944,-0.017990877872209148,-0.35592991573645394,0.93433945833258469,-18.991964293794666,11.482228995052985,0.68377235846982398,,0.1565233137286918,0.2432432432432433,False,1
-0.70693848242146795,0.66625601267889811,0.23736239727650296,-0.70684471368364166,-0.65382864063863133,-0.26996047751130292,-0.024668457777549287,-0.35862380602778771,0.9331561674987856,6.0419068060989618,16.508504680317699,0.24980942465046582,,0.200686562692324,0.2580645161290323,False,2
-0.76920288010446802,-0.63859272202362982,-0.022940458091403784,0.62350182092825479,-0.74219763520292625,-0.24574000406595478,0.13990142436066413,-0.20332733627733457,0.96906428361807972,-9.0243294150834164,-16.869181565829113,-4.4557759629457037,,0.2004901924958168,0.3571428571428572,False,1
0.82311329237644615,-0.56783988839999022,0.0065091516416128786,0.5678738367144357,0.82309376885027874,-0.0059961033238555006,-0.0019528155144602072,0.0086318492648066875,0.99996083807808989,-0.5507994455525167,17.593222489903177,0.792454512501228,,0.1975552186311926,0.1612903225806452,False,1
