axis_00,axis_01,axis_02,axis_10,axis_11,axis_12,axis_20,axis_21,axis_22,location_x,location_y,location_z,dbh,dbh_approximation,score,reconstructed,number_clusters
0.93013406510553465,0.3638431287247913,0.049687006450465809,-0.36357106688426716,0.93145001379671588,-0.014729260766738507,-0.051640103164977337,-0.0043645707525153572,0.99865622226432726,-12.155443211297689,-11.367269790477028,-1.8717904040461848,,0.1033133606225903,0.4,False,1
0.92164043314771149,0.3862705415725966,0.037067245655866742,-0.38447593076719822,0.92191373296175561,-0.047469228319176562,-0.052508767344092079,0.029498096374757754,0.9981846981707696,13.581842023718552,-0.67471500599960443,-2.3475366091111449,0.3238678635649313,0.2676574815021235,1.0,True,5
0.98730767720972201,0.1563379489405084,0.027964195747796277,-0.15485466342667337,0.98671781010933712,-0.049071340190064983,-0.035264482666811023,0.044118124780098494,0.99840372962451041,-10.850852025264242,5.4128598913036194,-1.3358282986957322,0.2471639738318458,0.160061025020005,0.7833333333333333,True,5
0.65065833890782987,0.75749935270847146,0.05327716824261014,-0.75565093379367876,0.65281144528364965,-0.053187246247715973,-0.075069249806069382,-0.0056522166377906864,0.99716230383054216,-9.5203248070796462,6.7515998903151351,-1.3073834580234263,0.240963691595796,0.2054326154537876,0.9428571428571428,True,5
0.96578995211484042,-0.25889326893664477,0.014968089167044289,0.25930680982828563,0.964804837635729,-0.043721889842187986,-0.0031219818531953505,0.046107489348188639,0.99893160559435468,-12.541839931967363,-6.4543667164660548,-1.7660950278110432,0.2025484809310663,0.1960099761862247,0.9615384615384616,True,5
0.55818939172582294,0.82782705783673027,0.055919274656753851,-0.82554099085881805,0.56087008572201769,-0.062504554666169845,-0.083106409960937086,-0.011274274059040183,0.99647690157265822,19.749454969112104,6.4384653917713059,-2.3697098934960179,0.2270755027650393,0.245164014155663,0.9841269841269841,True,4
0.99011511148442866,0.13748856219333097,0.027730151030772771,-0.13621338458979892,0.98972072321131999,-0.043575267120870356,-0.033436205956574323,0.039367312736256432,0.99866522659956336,6.1046033307277012,-2.6497992735872722,-2.1009814165074712,,0.227393537332615,0.9440993788819876,False,5
0.86592683609606236,0.49915965465455725,0.031786061313205868,-0.49665014880297625,0.86562067244343344,-0.063556912547417937,-0.0592397182863445,0.039249084113155509,0.99747188690891608,9.4122068150634099,-16.766651083942588,-2.8807483732018047,0.306336868353327,0.2494777007005762,0.918918918918919,True,5
0.61893141451505163,0.77389967253771941,0.13417600743951544,-0.7744571333649044,0.62977650911341454,-0.059980806506225788,-0.13092002408574996,-0.066789560673303217,0.98914058751951695,-8.6307365467758128,-2.6055976538526071,-1.7791870413308473,0.4774037753202401,0.30440918721437,0.8850574712643678,True,7
0.23895994215638891,0.94784090067609927,0.21094021202733423,-0.96846822084573492,0.24840570858085151,-0.019076403129052143,-0.070480147960346129,-0.19973039565866413,0.97731280447639757,10.946677959634364,6.5704230316864312,-1.8984362082467801,,0.2590294634386757,0.4473684210526316,False,2
0.090285293945754505,0.9652832453985275,0.24510573606102226,-0.98808166932038399,0.11762892695025118,-0.099287714736400384,-0.1246722922311653,-0.23322026433699808,0.96439884272660159,8.8861738021074359,6.2925717872049418,-1.8237281123716282,,0.2823075439133306,0.44,False,5
-0.43058367414583976,0.90106800886307048,0.051712116207036293,-0.90081544562570359,-0.42549872822868384,-0.086500665881466335,-0.055939543091034785,-0.083828847536593046,0.99490878568814145,-11.285790601019725,23.037651958420231,-0.49926998947514006,0.3061376495734481,0.3189809498259455,0.8333333333333334,True,4
-0.73638692324078758,0.67574349786042132,0.033241906974939062,-0.67565970775186435,-0.73198331806392436,-0.087660603447584223,-0.034903561431937673,-0.087012339213999271,0.99559559773227002,24.363498457249491,-8.709504754889231,-3.1271366908307665,0.2696919963309121,0.2066014735985601,0.75,True,1
0.99765014448487488,-0.064340386110931944,0.023547907006890183,0.065568888851532864,0.99628841238431076,-0.055768451328019296,-0.019872343195614522,0.05718141362231717,0.99816600618938622,11.116918245726339,3.5155695669271809,-2.0664682891603534,0.205628702999133,0.2035858271003244,1.0,True,5
0.99824638650921893,-0.054984918872276696,0.021927391953822824,0.05588666042119568,0.99751573449814623,-0.042884036838785534,-0.019514943203949954,0.044034283521291642,0.9988394009381657,2.0753275741344304,17.733836307061875,-1.081411872700468,0.1643804494065899,0.149057582839709,0.6976744186046512,True,5
0.98803015053621712,-0.15325251385233329,0.017609333585371829,0.1537501134069689,0.9876032258036711,-0.031634964983825169,-0.012542896743764392,0.033963736250948812,0.99934435524555398,-11.721915654644745,-4.4791118438752875,-1.7535110026739507,0.2379061445106245,0.2125743683660125,0.9365079365079365,True,5
0.96812498432909511,0.24793167811565522,0.035551338997936055,-0.24674807061081125,0.96846234249844931,-0.034584401285259046,-0.043004701692177086,0.024709798646950921,0.99876925337296785,-4.8031713579258266,-20.843559850939638,-2.519082303227985,0.3711139929739026,0.2508421041543681,0.5853658536585366,True,5
0.89796986439634874,-0.43994960392829824,0.0097194978953155757,0.43995482566315525,0.89706663865063019,-0.041366619341728424,0.0094801904889234741,0.041422117562894212,0.99909675916044316,7.7882584089430962,6.1941779348609813,-1.8085800658268159,0.1706125447535253,0.1603939765146596,0.7833333333333333,True,5
0.80413311701953682,-0.59441906144110779,-0.0059924542483018421,0.59444653316323992,0.80411912931275076,0.005073961323311775,0.0018025877649995234,-0.0076423339875936122,0.99996917222911086,-6.0378832668532869,-20.25291762970701,-2.3478686901983061,0.2898032002149944,0.2549048841498415,0.7538461538461538,True,5
0.94912033454532507,-0.30704521881827906,-0.0699558729014607,0.31491111248939913,0.92628550023365652,0.20694483150727352,0.001257689651348988,-0.2184454294731753,0.97584835530886704,-14.373389211327309,4.1082515349854409,-1.2789235425017762,,0.4759183328871902,0.3333333333333333,False,1
0.78090295372746443,-0.62464537889197824,-0.0029542323232999747,0.62412200138155016,0.78042604750519229,-0.037508822521021265,0.025735272510920355,0.027446948907340684,0.99929192969045255,13.303406685353171,-14.674529689009056,-2.8762479345695646,0.2887193988591862,0.2301696311574624,0.9672131147540983,True,5
0.98500987868310785,-0.17132728382038245,0.020062420477631203,0.17216381789702781,0.98366557176396074,-0.05255152455829968,-0.010731202346904466,0.055217793735467584,0.99841666480041247,17.680351578916433,-8.6370173401309316,-2.8246192850241885,0.3096818616330808,0.2850366175657469,0.972972972972973,True,3
0.88987198090405362,-0.41692876966684289,-0.18519789044691851,0.45600084839485255,0.82517735645075552,0.33338499765904045,0.013823308759877761,-0.38112036343527528,0.92442208147030636,-7.9121206784428297,-6.2212838359577214,-1.8741544074254672,,0.5838549928486945,0.25,False,1
0.90213948247651621,-0.42987893783143405,-0.036721287639767737,0.43087586672801009,0.90204961008476958,0.025543852828071312,0.022143658875409387,-0.038866434809926,0.99899902833625231,-8.989903699256363,-3.8032192961110685,-1.783250778505675,,0.5256056823328986,0.4257425742574257,False,2
0.94376350145946108,0.32482537405590312,0.061635457996369034,-0.32309281500113274,0.94566185139914827,-0.036533487418816027,-0.070153305037064267,0.014564998378976027,0.99742988456061354,-8.0669401878491289,-5.7429774905100706,-1.8448506484413354,0.4743857145795977,0.2913935296369131,0.9277777777777778,True,6
0.83054596169281747,-0.55694498827682903,0.0023844389436487035,0.55646106279391083,0.82962972672645285,-0.045448895762857641,0.023334333288624397,0.039074244267989167,0.99896381932723743,-14.453893004165533,-6.2299143464167921,-1.7332285233784317,0.2183062056022636,0.1805628768782453,0.9285714285714286,True,5
0.67687159894025695,0.72957066022226813,0.097833993534485686,-0.73233313205006767,0.68086318711795568,-0.010653831673155846,-0.074384287654048545,-0.064435798826626561,0.99514572077649832,6.563010544588642,-9.4656833702318224,-2.4542046969520652,,0.1456047426438397,0.3061224489795918,False,4
0.95947385208026681,0.28031193434056018,0.028898903794222351,-0.27797279892853471,0.95829992730837932,-0.066274975492954968,-0.046271483984098541,0.055555996859104347,0.99738281566452758,14.641961629295032,6.8351466553885132,-2.1052461953188799,0.2899113895841005,0.2534016753747789,0.8918918918918919,True,5
0.57561285605179247,-0.81768171049850014,0.0081523164894936676,0.81625976171381776,0.57395874302066752,-0.065508493472501234,0.048886003669758218,0.044361938938486382,0.99781870949527629,4.5929216609137491,17.018560342420944,-1.1661033659198388,0.3186513807301989,0.2622982954926357,0.9722222222222222,True,5
0.48718304716890631,0.86688985612030411,0.10561560446704284,-0.86879493508845729,0.49338064968003592,-0.042082006676850969,-0.088589160261648286,-0.071256661983462102,0.99351620460217549,16.539259123256816,-17.24357023213447,-3.0657253275013558,0.3084086671101047,0.2749277906751574,0.7230769230769231,True,4
0.93692192518596074,-0.349520938018542,0.0035242009690702111,0.34948650744197007,0.93656016004849185,-0.026725413485224784,0.0060404653666537127,0.026271286542171604,0.99963660011104682,-19.504587697630015,3.4698111402577054,-1.1919773526757065,0.2873613104047587,0.2425762681345401,0.6216216216216216,True,3
-0.3904479611868899,0.91959614098379117,0.043512378614840655,-0.91833640572493302,-0.38571150985500169,-0.088796830380299521,-0.064873997296403002,-0.074629542763541182,0.99509888745877528,3.8757289947323335,10.245966003488462,-1.4834515065681548,,0.1062857466836426,0.8571428571428571,False,5
0.9861998909830868,-0.164171027095913,0.021392729774889756,0.16506060886517207,0.98500682052873667,-0.050165315836031128,-0.012836293312602484,0.053004126010557401,0.99851178871350865,5.9851710534882372,13.307105407482146,-1.3654263244309937,0.3760025516370789,0.2565376901003304,0.9191919191919192,True,5
0.96658159354618822,-0.25566783775629037,0.018814349702660122,0.25632258155701376,0.96507728253538771,-0.05407932061388409,-0.0043309585150327727,0.057094618582965599,0.99835937784307227,6.2430847489210741,1.7085248790866485,-1.9297365463668301,0.2013510825689973,0.1653996520032356,0.9513513513513514,True,5
0.828718759909159,-0.5595697925848897,-0.010337514262704003,0.55948938599402109,0.82878002397186745,-0.0097621117196315249,0.014030108148598081,0.0023063156108430131,0.99989891337756953,5.8774631687309826,10.247246831817147,-1.5547647961196394,0.1224117957163171,0.1405228850341945,0.36,True,5
0.85578484931213239,0.51167609233727795,0.07628806078454356,-0.51154715376299753,0.85895505624457158,-0.022709487639818844,-0.077147917436501068,-0.019590504902633685,0.99682717205786109,19.360165870313736,3.0599118590117116,-2.4696621358009119,0.214856652721561,0.2286711186945839,0.9038461538461539,True,6
0.1802629841596321,-0.97450266073317593,-0.13360322139015052,0.98092868184326354,0.18814212316214413,-0.048800231856820003,0.072692349522511884,-0.12225835642606171,0.98983267101308392,26.136168344465034,2.8782729280997819,-2.7929849010497372,,0.185939344426615,0.5,False,1
0.72938039639192753,-0.68398167703727331,-0.013164453518267429,0.68327467711804679,0.72930638024517924,-0.035325901869645411,0.033763189546967741,0.016771082581454572,0.99928913624669324,10.927551574349943,-23.738360129130019,-3.1618972376236196,0.3286442958835162,0.2936841554795578,0.8979591836734694,True,4
0.99942849300318171,-0.024481972492464494,0.023309234141617143,0.025307368687454566,0.99903848305326559,-0.035800090345535079,-0.022410365090907425,0.036369525725659956,0.99908709987417221,-10.627306834895986,-8.960914187952012,-1.8957652104294684,0.259171803692343,0.207910451990993,0.9672131147540983,True,5
0.95098096546988975,0.30457361671377725,0.053573457195182722,-0.30526243377602358,0.95225522751176805,0.0049827905482862991,-0.049497978131371946,-0.021092502895540662,0.99855147913490483,-11.176366063380147,3.5511516755043582,-1.408489926478615,,0.1865430557973301,0.6883116883116883,False,5
0.98741569120380768,0.15117304476496582,0.046443118984378196,-0.14985105480501304,0.98823005968486377,-0.030757283837756305,-0.050546158492337172,0.023410674311966057,0.99844730766822509,9.1419655864209304,15.823786764468229,-1.5334533419420389,0.348707847383086,0.3077099393224538,0.9583333333333334,True,4
-0.5213923699901295,0.85198791363316306,0.047608733853020155,-0.85157189401957223,-0.51594916307652283,-0.092853489091989455,-0.054546364058445054,-0.088955360398615027,0.99454091822526747,-13.405643163284402,1.2325867669185069,-1.4699910589576526,0.2487141452987153,0.218374063980913,0.9724770642201835,True,5
0.74444282069273404,-0.66765288447085103,-0.0066717746363689524,0.66707504985695598,0.74415170376732553,-0.035342886675062662,0.028561592696937588,0.021860183849617108,0.99935297457138494,-11.10268721941485,-12.073054279512009,-1.907731534926183,0.2019291341691272,0.2430669911305653,0.8387096774193549,True,5
0.99895777099708294,0.038065196431805802,0.025187548216287492,-0.036831344542999411,0.99817958523589778,-0.047759477357341297,-0.026959670318730602,0.046782009778327832,0.99854124588692184,6.6322621608777679,-6.4342801528401212,-2.2821725417883698,0.2361357238054916,0.2204796572219255,0.9803921568627451,True,5
0.54919298263146121,-0.81750883305403776,-0.17339658504995159,0.83522740927093042,0.54388436272147844,0.081147857578751648,0.027968600803933048,-0.18939141444552532,0.98150326005744559,-8.8743082473979271,7.6677356896148385,-1.2884347090089519,,0.4807616326085694,0.2553191489361702,False,4
0.46245750036056255,-0.88663960753634397,0.0018074036790710207,0.88492314714425691,0.46143345408864594,-0.06316795941082079,0.055173218218315584,0.030811909963849273,0.99800127364438529,-11.321696774527132,7.6761676630920048,-1.2098859997176468,0.2533557560459675,0.2311790611629692,0.9663865546218487,True,5
0.21962764505330309,0.97263481723033773,0.075797162477560603,-0.9708993835535058,0.22551696792948961,-0.080600770413898792,-0.095488661859745125,-0.055889260929081912,0.99386030505752565,-9.6732182221263479,-9.7840504193747346,-1.9420655585602014,0.2488418739450516,0.2203681740795373,0.4489795918367347,True,6
-0.58624329367797434,0.73331102475218679,0.34434538125913339,-0.8080918230919395,-0.49914351576726002,-0.31279922653268316,-0.057501357110471843,-0.46163913573742504,0.88520218158681518,-1.7659024361078963,-22.928918712027833,-2.7423033388356925,,0.5627272198762185,0.2361111111111111,False,2
-0.90162861157594065,-0.41853807435225787,-0.1090491958023751,0.4288613444013783,-0.83245184588605348,-0.35085876297898644,0.056069546688763419,-0.36311128404169135,0.9300572032599449,-9.8396199228852854,3.3032206359187501,-1.5047972039702397,,0.418017407841562,0.2888888888888889,False,1
0.83323397630670815,0.54148423275586399,0.11187478002171067,-0.53875562514653075,0.84060038340401799,-0.055976528956250715,-0.12435239081370192,-0.013631621246662947,0.992144476274048,-7.1753277111449849,-12.119139884752665,-2.1606283350114426,,0.1907508374160788,0.8490566037735849,False,8
0.99841557253771929,0.05002080095391901,0.025773319268323266,-0.048419169035362038,0.99705863200143152,-0.059411012626951906,-0.028669296888894052,0.058068957484728567,0.99790083054005607,7.9553640005738231,4.2389429777587635,-1.8788617950034947,0.2042214419308844,0.1995803748547055,0.9702970297029703,True,5
0.96784328525056917,0.24911807656207166,0.034922186721349377,-0.24776985025768439,0.96804227838107171,-0.038784643482570387,-0.043468108984307849,0.028884791790823355,0.99863716749604847,-18.074113012867972,5.3912996998320306,-1.1206489855819883,0.3617751362076924,0.2651034698111519,0.971830985915493,True,2
0.90044591916148775,0.42666146012652711,0.084599911986498799,-0.42969751847304766,0.90273385191486855,0.020775832716140794,-0.067506957297217812,-0.055059886030067479,0.99619838369013003,4.919610242408929,-2.4160018056060069,-2.0659411603928661,,0.2273340658572197,0.1885245901639344,False,7
0.9035407680505857,0.42412662694703712,0.061079331897839713,-0.4255646412918303,0.90484562888430076,0.012211632615281388,-0.050088087932297978,-0.037026911881811717,0.99805821034836584,-15.701870236871477,7.7968384223857665,-1.043198784807899,0.1685924329148439,0.1554484939376749,0.7878787878787878,True,3
0.8245165509019905,-0.56577949528630433,-0.0081252693654213469,0.56515651769455777,0.8241433143870337,-0.037227783422026206,0.02775910294024762,0.026102874644963532,0.99927377236632364,20.113911031258137,-14.299615803348665,-3.1328524653085177,0.2814099839556328,0.2477547458129207,0.7142857142857143,True,3
0.94427690535280751,-0.31749864186108634,-0.086808631101351397,0.3291498786284896,0.91181484096338372,0.24546701040622551,0.0012179557362499739,-0.26036187934351129,0.9655103357129533,-7.2598092287839764,-17.75952785368591,-2.2409386425044797,,0.2495174781672914,0.2653061224489796,False,3
0.99171860055426131,-0.12692372510555605,0.019610846999236663,0.12765696835145413,0.99091742231299151,-0.042265359195127583,-0.014068253125888089,0.044418804147641863,0.99891393727992406,8.4355137753381459,-12.695451835311596,-2.6137905829841035,0.2691914442994865,0.2456292493478086,0.9661016949152542,True,5
0.79717981836703444,-0.60372673884155159,0.0042850899695755611,0.60318926953669327,0.79612638208670916,-0.048430247380313797,0.025827162137812207,0.041192336098756402,0.99881737527069225,-3.5430879317744659,-24.569158617041353,-2.6411312574920283,,0.1829896455956169,0.72,False,3
0.98436853869982033,-0.17530983216690868,0.016883209516923386,0.17580572989377524,0.98381421017828963,-0.034669081150026246,-0.01053211063837451,0.037095317721789048,0.99925622942697856,-16.329270207211131,-7.452850098005853,-1.7021069026226339,0.2004212233571199,0.2455698807739204,0.847457627118644,True,5
0.4577943297877437,0.86033218042729409,0.22417156584948406,-0.88536223169129558,0.46412835720766177,0.026806468068866225,-0.080981913467147879,-0.21074488690579452,0.97418094948231482,19.212137172156861,2.47345641588009,-2.4861018879305257,,0.4597077604203956,0.2307692307692308,False,1
0.87184545455636697,-0.48975789680313253,0.0047650696087086358,0.4894945607018536,0.87096146646415606,-0.04267550793966518,0.01675047499933115,0.039538923272909803,0.99907762217643414,12.580595730859502,-10.048419756431908,-2.6107072385951686,0.2920269964505555,0.2923718354659821,0.9494949494949495,True,5
-0.27758640640950549,-0.96052680844088179,-0.018276685778117304,0.95651980692315841,-0.27455543533841625,-0.098433591267505227,0.089530139843196521,-0.044805838821608837,0.99497577401017723,18.41522096892049,10.231858151900067,-2.1568165008002245,,0.2222915476094899,0.7735849056603774,False,2
0.98987322365342501,0.13897209348246295,0.028944055124961364,-0.13746198400868703,0.98929967755831683,-0.048891215319371961,-0.035428858948189423,0.044417397673786489,0.9983846406758855,-11.166853920424733,1.546474427242617,-1.5458994951034626,0.2465380856346081,0.2062468107222099,0.9745762711864406,True,5
0.69546398246852614,0.71751624048599316,0.03873362528690355,-0.71485410383930126,0.69633862574434513,-0.064001004059223668,-0.07289347922228169,0.016821502172095267,0.9971978628895809,-10.0864080172838,-10.983184602579747,-1.9684247242890136,0.1963860697303521,0.1263753561752151,0.8676470588235294,True,5
0.93143005177599958,0.36175264175977401,0.039662133432083656,-0.36027045996566509,0.9319925589771163,-0.039938273465636893,-0.051412589165377866,0.022910613067145827,0.99841466810348956,-7.1173893082970388,-25.690266961219557,-2.5974086184352143,,0.2018259934797126,0.6129032258064516,False,1
-0.57855619265957214,0.81508492565315738,0.030154533792560174,-0.81405314006535068,-0.57472719077032319,-0.08370269612739703,-0.050894175354381357,-0.072974106107848297,0.99603441845789531,-5.9889266485541484,-16.547973989705309,-2.3295809698672576,0.1863370741698408,0.2072190755281188,0.8,True,5
0.99191629172141604,0.12383977280084707,0.027672746344910123,-0.12216262736388721,0.99094259356141512,-0.05575902385559503,-0.034327287879866296,0.051927708772979156,0.99806069473173942,9.1746126132371248,-3.7864535354207765,-2.2706554241547372,0.218708695306895,0.2103703305912221,0.9696969696969697,True,5
0.89750342938544325,-0.44034557816448533,-0.024152971501543486,0.44050896051877486,0.89774672419869395,0.0016355100683165397,0.020963061418548392,-0.012107476264693013,0.99970693659415155,3.3830297460040635,16.157997996690177,-1.1860789030658367,,0.1321418399753809,0.4098360655737705,False,7
0.97061265257820362,-0.24033436392028371,0.012266709996410125,0.24058558334160859,0.97025612465265931,-0.026863165527943718,-0.0054457087033112708,0.029024921929893487,0.99956385397016156,11.664757208915082,10.01709250071127,-1.8499028157217769,0.2863986192997511,0.2968913955444875,0.9166666666666666,True,5
0.11981049291047176,0.95398842397743999,0.27486639064386936,-0.98960942391611995,0.13692478134307406,-0.043872455488094812,-0.079489835104579812,-0.26675398998176159,0.96048096021933482,-10.140184262911289,2.9797790508885993,-1.5228321447448916,,0.4397165529213267,0.2105263157894737,False,3
0.85196418108998528,0.5214062119330749,0.047881064078328359,-0.51862192420542053,0.85290828512106731,-0.059822712286456803,-0.072030090053662621,0.026134638498407275,0.99706000160342378,-9.0695312454828638,-8.3345609223140595,-1.9311537371049512,0.1435821871379083,0.130509495661081,0.4166666666666667,True,5
0.96740581872304154,-0.25322757160706444,-0.0013337461492653468,0.25305053700803137,0.96690152781557959,-0.032662841698873089,0.0095607332746344177,0.031260717936215425,0.99946553712139774,-19.99366699144646,-0.059083447337545697,-1.3186054579513062,0.1572984225690246,0.1790454953614677,0.4594594594594595,True,2
0.92584292297016924,0.37483847251516189,0.048072877057172225,-0.37484102225926524,0.92704242009885662,-0.0093037287624394005,-0.048052991766203888,-0.0094058949471158768,0.99880050016134947,-10.476323882705444,10.6086179809884,-1.07965113750243,0.3460986252167122,0.2057653174454035,0.9797979797979798,True,6
0.88759917866405835,-0.4605361168266438,0.0086129630862331365,0.4604361593274055,0.88657284181287321,-0.044577341146305481,0.012893456430185024,0.043532531032342191,0.99896880708218361,-18.11747506052744,-2.8299599281387491,-1.5221192895187121,0.258282628242921,0.2307841592595361,0.8888888888888888,True,4
-0.52485026163024495,-0.79343152351729707,-0.30821846206170839,0.84745868379524347,-0.453197724573425,-0.2764518071952225,0.079661672884128662,-0.40629821551477602,0.91026137891421677,-1.7008609650838913,-20.212349230354597,-2.6574865397766017,,0.4053510372091114,0.3636363636363636,False,1
0.28866560554800352,-0.95739174977988772,-0.0085560286937310485,0.95491186220268698,0.28854260287116651,-0.069903517457478581,0.069393829683913943,0.01200848790380816,0.99751706382400451,-22.414837553163014,-1.7986365336154984,-1.302597101261521,,0.2124712806430628,0.6956521739130435,False,2
0.82283300484355759,0.53980647634423817,0.17763674799133808,-0.56488705850083665,0.81105262743911999,0.15197449345982772,-0.062035935379365567,-0.22539432916760918,0.97229056310379225,4.7568033930261455,11.415956737634451,-1.4380677141575116,,0.1747915847272515,0.2068965517241379,False,3
-0.9274512362768268,-0.37384478868521559,0.008618486032559533,0.37029643735277445,-0.92137166239261048,-0.11813047119063663,0.052103289842675343,-0.10636885687448849,0.99296068072949695,12.870276268166643,19.958018179639943,-1.4828475385581095,,0.3224757403713375,0.8918918918918919,False,2
-0.30115142713998772,-0.94811322269120768,-0.10192710576505926,0.95003688890686344,-0.28911370274757586,-0.11765702953820942,0.08208366248966624,-0.1322670928148012,0.98780954060517356,-10.990364363680447,25.486732913662571,-0.37899581405493271,,0.323820037346916,0.4166666666666667,False,2
0.73802743719938801,-0.67124629952169768,-0.068876028626299754,0.67005427373966164,0.7410884589301634,-0.042604768321523524,0.07964152298969622,-0.014707189362459717,0.99671506780871866,-10.038224303998327,-16.497094015600119,-2.1193592418976244,,0.1946146368268034,0.24,False,2
0.99422904497832254,-0.10244815080671617,0.031827386285668141,0.10176255795112604,0.99455500871964209,0.022465894816739648,-0.033955675825059262,-0.019097408906902306,0.99924086238119092,17.085062007642907,17.492057321863836,-1.7504816583041454,0.2774324260369228,0.2334785444859648,0.575,True,3
-0.19464330546114889,0.96831005190841557,0.15649161962316274,-0.978151855066835,-0.17973872061217011,-0.1044650216197327,-0.073026927009623474,-0.1734059851499451,0.98213921225338996,7.8149585003644564,15.959472329337029,-1.4054021310640212,,0.1281925254926525,0.1363636363636364,False,2
0.52566535729129582,-0.8471275885915367,-0.077786764882612769,0.84898780672261043,0.52819891172199851,-0.015020442471146957,0.053811115767531656,-0.058144288651467937,0.9968568631037602,-22.982691152466927,4.8967068212590599,-0.9914115908625043,,0.1752472184898631,0.4,False,2
-0.19495454698653808,0.97425959004372864,0.11318558131272785,-0.97815786458107168,-0.18464366145700692,-0.095466801779200181,-0.072110447006467598,-0.12932505361134269,0.98897680151809009,-21.176136106204691,5.2015436900682843,-1.042381799892111,,0.1376556305978614,0.24,False,1
0.9050782196831143,-0.42518329564692264,0.0072513004397754682,0.42508875526530726,0.90415147074781588,-0.042540193835426225,0.011531105854948161,0.041584649179541057,0.99906844137445294,17.392313180992868,-5.0828099455417801,-2.6600697966094229,0.3060211155917137,0.2869151323792202,0.9859154929577465,True,2
-0.32671519341261274,-0.9016589825389778,-0.28331653958096908,0.9415454905901125,-0.28445363671164448,-0.18049437030263554,0.082153950256722563,-0.32572566335536984,0.94188827399480923,-2.1468531627779708,-19.393984187742063,-2.6209595611404506,,0.2568587027281765,0.1304347826086956,False,1
0.79706695959585827,0.60211733072224283,0.046249129338135145,-0.60016784284418512,0.79831744793629589,-0.049877978469834557,-0.066953882160574019,0.011998848461448445,0.99768392053757526,21.725268967622196,8.9372020475833978,-2.3238871344246483,0.3148938184241402,0.2477452801439844,0.8431372549019608,True,1
