axis_00,axis_01,axis_02,axis_10,axis_11,axis_12,axis_20,axis_21,axis_22,location_x,location_y,location_z,dbh,dbh_approximation,score,reconstructed,number_clusters
-0.66319271617344799,0.65251950427108962,0.36659748738950104,-0.74639432392899885,-0.54033774403741364,-0.38849792222755908,-0.055416012316448,-0.53127527602399227,0.84538491036011121,2.9945607604682931,3.109659022470121,-2.7241449547703671,,0.5979621907240282,0.2733812949640288,False,3
0.59512401276285221,-0.80326512474005562,0.024342325471982638,0.79994441648753767,0.58922083174079709,-0.11361224394006152,0.076917748039404321,0.087085881858236319,0.99322691728402135,-7.4926287748026672,-25.169469157231724,-5.811718847919388,,0.1989038419305313,0.9024390243902439,True,2
0.92137044654136135,-0.38496189237652595,0.053673472573119912,0.388584514227099,0.91545537316547754,-0.10461135237318489,-0.0088642846898636385,0.11724248871608436,0.99306375590724116,-22.167784538801126,-13.325806251281358,-3.579973391818942,,0.1841949695580912,0.7073170731707317,False,2
0.36531634845542432,-0.93045264496493008,0.028316797646653673,0.92245070126201412,0.35775426462161197,-0.1452466518934907,0.12501467630808133,0.079181826341756342,0.98899017643491816,-14.311520161407397,5.3984481035028073,-2.1130850714358136,0.1789242019130254,0.1687999279139166,0.45,True,5
0.53513030040419007,-0.84446807123637624,0.022566307886693365,0.84071061733732722,0.52975360530179194,-0.1121016305235745,0.082711664749369737,0.078960713852326142,0.993440479436146,4.4355854775287078,-20.467250763869085,-5.9872775732136683,,0.2091937678344873,0.8461538461538461,True,4
-0.30591581411936708,-0.95109364918098638,0.042853064759476554,0.93356953534571741,-0.30849842434437613,-0.18241887197167594,0.18671753357964649,-0.015798501974307377,0.98228660277400781,-2.2475282427844192,-10.355712131376871,-4.1057564224367793,,0.07974370473494467,0.2465753424657534,False,5
0.17256947259844521,-0.9842831226553731,0.037503487609614639,0.97424694189711425,0.16495231778431763,-0.15373232926650329,0.14512984989731639,0.06306716509699431,0.98740055669186899,0.49470778287441775,-10.30721000796507,-4.2781398898057201,0.3145785964938638,0.2971111676405501,0.4626865671641791,True,5
0.32899450967160732,-0.94284340491596907,0.052999305772820027,0.93581855914599765,0.31799560973681446,-0.1520605686758415,0.1265157577689332,0.099624826195952879,0.98694916639185559,5.1449941659106271,-6.001330069341563,-4.1703921797068526,0.334159180989945,0.2649929861328237,0.977924944812362,True,5
0.51849267306974689,-0.85458642819926545,0.029109873077886428,0.84976536199380703,0.51117969575191136,-0.12881827590259715,0.095205974227057288,0.091527894046597696,0.99124087238313174,-3.7882256457779442,0.82113093102060053,-2.8293990809911524,,0.0841257269977051,0.2857142857142857,False,5
0.46353143704171978,0.78199549791178413,0.4166793108851698,-0.87238277020908095,0.48512366819411346,0.060027733592220217,-0.1551995783382448,-0.39132859313317442,0.90706946982027925,8.9336664332365654,-3.4673079048932198,-3.9739721632015774,,0.5445954920419845,0.2850467289719626,False,5
0.42785284878757796,-0.87302691472461669,-0.23402125106658717,0.89642324663656636,0.44298763795604285,-0.013686325572773689,0.11561705183022082,-0.20392635627731553,0.97213514417571856,7.3868764881465658,-6.9242870528397704,-4.3728651032315478,,0.4675764356966372,0.2653061224489796,False,5
-0.9865357249176524,0.15353595228292777,0.056338040592284554,-0.16297524458917725,-0.95167436267848537,-0.2602978622109639,0.013650388723446372,-0.26597484613601091,0.96388331664710614,5.7285157421188035,0.70799028922949847,-3.2425539892195392,,0.2721017530419213,0.5555555555555556,False,8
0.58303525235963971,-0.80864620160952527,-0.078493408184499486,0.80651514475584207,0.58772431117700152,-0.064136224795212624,0.097995998823393604,-0.025912442455429639,0.99484940043234638,-2.1914186784521523,8.8041617699191335,-1.7624251385352705,,0.3522915767707048,0.5287356321839081,False,7
-0.753990348024417,-0.65658690675997777,0.01980376119284797,0.6385353935883008,-0.73967055070713283,-0.2125088881709202,0.15417881249073287,-0.14758424810247009,0.97695843488399037,-4.9220865493063384,-9.6819317006000407,-4.0125261413505386,0.5963547013939196,0.268704005762992,0.3962264150943396,True,5
-0.53934696621761036,-0.8383808896580538,0.078881771582727037,0.82082573639806222,-0.54433490156834419,-0.17304515422617051,0.18801585172117233,-0.028583190702767949,0.9817499889028829,2.1026041122560581,8.5519952548976228,-1.934719482993662,,0.3086573947720993,1.0,False,5
0.20506657875026851,-0.97769309636530577,0.045430249826291902,0.96942148641235704,0.1965009753511536,-0.14700118492073558,0.13479495525321011,0.074186090378619493,0.98809247746990703,-17.76246649492759,-15.554112679733786,-3.9684458633801833,0.1861221126798066,0.2228609430171305,1.0,True,4
0.40458455648039016,-0.91235085261855575,0.062667841703392693,0.90718842808522093,0.39175769243110459,-0.15341142841823416,0.11541443846344757,0.11891943553200865,0.98617324808925755,-5.2982049222456142,-6.565417510082848,-3.7566665749326988,0.2892677602832909,0.2642526183572209,0.9932126696832579,True,5
0.8806348649192085,-0.46826534738794329,0.072178938232539264,0.47379497039679241,0.87011410366211883,-0.13571946299249493,0.00074880934199646199,0.15371730886246113,0.98811458254630213,-0.14027406948337329,-18.316371758141173,-5.3958154028480187,0.3109248047248381,0.3091651185067171,0.8602150537634409,True,4
-0.28782549985329225,-0.95672102172750795,0.042911166598878767,0.94292893535654154,-0.29094146720402708,-0.16198174442988339,0.16745597780187627,-0.0061602959216514874,0.98586030767679045,6.1988398499090565,5.9833718674498284,-2.406499158135424,,0.2609259837094344,0.712,False,3
-0.92848449908567132,-0.36955234890243138,-0.036709622421445723,0.34590743100634486,-0.82461348475984131,-0.44761663276382058,0.13514652837650062,-0.42830323623914623,0.89347174196773171,3.3660488361343357,-15.961631331786721,-5.2513475456759622,,0.2036153474359344,0.3333333333333333,False,5
0.99190521056177117,-0.10623678971871217,0.069554279312423528,0.086420648789877333,0.96611694204051313,0.24320675517967111,-0.093035072543343367,-0.23522712176224472,0.96747748111483445,7.8244573746808586,-5.2025638960155494,-4.184147735506615,,0.3353353227396745,0.1953125,False,5
-0.77754066052697368,-0.6286581048221096,0.014815818193829086,0.60621626553453933,-0.75562974202180155,-0.24804340824425075,0.16712977182009242,-0.18388224550929461,0.96863561732873749,4.6134993554253461,0.2815496280029669,-3.2487285750062864,,0.1355695710589505,0.2547770700636943,False,5
-0.66864116818585551,-0.74270324344254923,0.036206082182030308,0.71835411636823099,-0.65776315869699742,-0.2265281231056458,0.19205819874161151,-0.12545724068728037,0.97333145898777029,-21.63258389422618,-7.3150593583696448,-3.1248106802971187,0.3428154097779937,0.166537628839431,0.4166666666666667,True,4
-0.56320348375501039,-0.82115568954330975,-0.092223475410934827,0.80571690151517283,-0.52096481524820859,-0.28180833182535486,0.18336332921009377,-0.23302144709028691,0.95502821670196703,6.2617597174060879,7.4002891321730386,-2.2209356714800079,,0.2980953815944647,0.2,False,1
-0.88112167312223333,-0.47242459688466615,0.020966578467587066,0.44788304166390475,-0.84793390667611512,-0.28356457976776772,0.15174115507720987,-0.24046432202583062,0.95872390795707829,-11.047031654254994,-24.205771789700837,-5.4500209419063177,,0.1857591321833003,0.375,False,1
-0.91170729762817082,0.39871650147681459,0.099070454231458646,-0.4106879507177752,-0.89104243756425505,-0.19333592939437061,0.011189753651104993,-0.2169528195475694,0.97611795573259874,-1.7155597485229228,7.7504192352845225,-1.9462650235309553,,0.06931754016298532,0.15,False,3
0.52948616830587725,0.83312775651051751,0.15982033320110733,-0.83441458224152154,0.54545144676118207,-0.078962169225783627,-0.1529598068626791,-0.091547040137222271,0.98398294544501441,6.7441999592485233,-18.904994054899557,-5.9473087854560429,0.4112880716540058,0.2363308493134667,0.3928571428571428,True,5
0.62811745975860933,0.73662013869303467,0.25071742663453822,-0.75806099035722052,0.6519777519975779,-0.016387367049459228,-0.17553344879259042,-0.17976590937115361,0.96792160125856275,-1.8674129532496546,10.147095841692288,-1.5774908495865463,,0.4482309539256661,0.3448275862068966,False,5
-0.023602911937441549,-0.9995079494274306,0.020658208524619401,0.98488513980609405,-0.026794450412302485,-0.17112369449095541,0.17159301832302087,0.016306945099433534,0.98503295356263099,-17.827088265113048,-10.467182608786977,-3.5476710308951556,0.2663410042719044,0.2331690551660945,0.9878048780487805,True,5
-0.54775258143903249,0.78144523046437042,0.29884855915892045,-0.83145271416259325,-0.46872738924618657,-0.29829686334608119,-0.093024156209731979,-0.41187132256924708,0.90648139528979088,-5.1293477213717331,-9.3463097034143612,-4.0024113909302006,,0.293687464116242,0.1666666666666667,False,3
0.20445713138965518,-0.95572092696693323,-0.21164779985008234,0.96995212285903731,0.22692910616688605,-0.087727191540288532,0.1318717588612574,-0.18735178283583376,0.97340081604808304,5.3880724816340697,-12.052898416034978,-4.9360921448868131,,0.3920817053335487,0.2,False,5
-0.42872630703910458,-0.90306776245657139,0.025736551134402319,0.88497604026329579,-0.42552552234063162,-0.18906463973104806,0.18168974052628825,-0.058280753670613777,0.98162731825223559,-19.06730923503261,-4.9979751711383322,-3.1212749479366733,0.3235375448816439,0.3188934666974158,0.9375,True,4
-0.9641778165636411,-0.26411830406818965,0.024549124275881969,0.24544741211775645,-0.92343730979942595,-0.29499000450031398,0.1005818369849428,-0.27839729942393904,0.95518492332228078,-1.7349966734735156,7.3016677456070509,-1.9757340602179958,,0.4192636648539658,0.2323232323232323,False,5
0.33464774130349373,-0.9423177061050434,-0.0069447823147546356,0.92516278795168105,0.32993846860311865,-0.18765506314859237,0.17912203948689082,0.056373288858804986,0.98221043940354191,-1.1504244551582437,-0.34927746347706912,-3.1430138158777208,,0.3276162613252599,0.8619791666666666,False,4
0.97082478003428474,0.21592372418558137,0.10428898218513369,-0.2154921945102076,0.97638216926132626,-0.015523326116566982,-0.10517775704281308,-0.0074030319717937679,0.99442588187409264,10.28196682666773,-1.9751380678255137,-3.8202546997937619,,0.4225609446340728,0.2651162790697674,False,5
-0.73585344252765683,0.66871104717095997,0.10651406720107222,-0.67540092286943987,-0.71355643078750697,-0.18620100286760705,-0.048510869991222699,-0.20895634824841253,0.97672101442499049,7.8986676756912813,1.5796542124220179,-3.2449337038544614,,0.06934215810483228,0.4782608695652174,False,2
-0.65455075722244416,-0.75574235257262168,0.020415747537731524,0.73200359251138292,-0.64028036743851025,-0.23283425783856571,0.18903451211340866,-0.13745743923413409,0.97230211643770459,5.144871326734819,3.7791549230204096,-2.7135048664925532,,0.218978172796931,0.2857142857142857,False,5
0.79804368435231943,-0.60153507206444234,0.035802722547350029,0.60255470212075224,0.79584928039964586,-0.05959659251616907,0.0073558695983522715,0.069133783086077899,0.99758027808225047,-2.2033870994193698,5.792795497179779,-2.2364445216654101,,0.1329000832411463,0.2023809523809524,False,5
0.23401427121595472,0.93980174650195325,0.24901806789698133,-0.95713478150319187,0.26765895497056319,-0.1106873699249581,-0.1706760993932781,-0.21244142980112421,0.96215295457632466,-12.140209584315052,4.4048442435411213,-2.2293915616801465,,0.1734021548607452,0.3571428571428572,False,5
-0.62419480002777306,0.76989050096666412,0.13285130085771849,-0.76846028521917809,-0.57435498682738573,-0.28210838191619458,-0.14088875632621803,-0.27818153358519881,0.95013967010805245,7.4745998386174497,18.679865056288271,-0.64325301130865009,,0.2062358094039556,0.1923076923076923,False,2
0.2381153717976445,-0.96987269860511716,0.051458898298521918,0.96107355216522139,0.22764790052394959,-0.15656966729083238,0.14013813557413099,0.08673743071745936,0.98632546406870225,-12.645983819819078,-5.6167058550921505,-3.2419788079554461,0.283888186319276,0.2098910814581228,0.9545454545454546,True,5
0.14202991420986114,-0.98753782630301434,0.067797825114499471,0.97835532106784184,0.1296359639659948,-0.16129284728358742,0.15049375139114199,0.089238772219949719,0.98457507195992744,8.8599456258562519,-16.34301587472487,-5.6589732491304998,0.4695735825892326,0.3764413675495435,1.0,True,5
0.8212507043801498,-0.56586289266060197,0.073119540923649903,0.5701588606570428,0.80904638499331671,-0.142698355083408,0.021590603728757152,0.15888087877093171,0.98706165571944171,-12.835348303499693,-12.30436981829051,-3.776948059978094,0.3504510976604722,0.2871793761721141,0.9743589743589743,True,5
0.21195771435011046,-0.93127106865240694,-0.29632435610067742,0.96687997534786874,0.24394539572442445,-0.075058358469652475,0.14218664001509368,-0.27060088801749715,0.95213345640480462,7.8901672470488089,-6.9264412859088882,-4.3853615091497948,,0.4156977138838035,0.2533333333333334,False,1
0.12599982898596129,-0.9907420788185286,0.050538859839227304,0.98008710189061343,0.11643988965648076,-0.16084472265027927,0.15347089562248345,0.069798892219913769,0.98568493893419407,-9.0686861874274491,-14.221077088315546,-4.1954867435262191,0.2643437504599201,0.2507374342200392,0.9809523809523809,True,5
-0.88885853606452059,-0.45760634927553484,-0.022954998757452882,0.43780393041605059,-0.83348451278399915,-0.33709239899688886,0.13512298611818535,-0.30967724496956028,0.94119168216180471,1.7322443919768287,-0.26099263336039352,-3.221823515510053,,0.3299626563030769,0.2041612483745124,False,7
0.98823050146577474,0.11353140686458847,0.10252363448518793,-0.10356045856447704,0.9897985725228825,-0.09784690722542444,-0.11258644409794803,0.086077903593273386,0.98990650423076232,7.5781692309331925,0.63981863167382202,-3.3485169632259644,,0.2244422888901822,0.7862595419847328,False,3
-0.8657170070737501,-0.50006881707235951,0.021569465805161787,0.47816457445034322,-0.83899787479918908,-0.25969444703952949,0.1479618309024025,-0.21450814500688745,0.96544992222368198,11.339719082673216,-0.61751944121335445,-3.717731545401588,,0.1983205349395084,0.46875,False,2
0.060670653603894141,-0.99662800530729512,0.055242111006721134,0.98575076096275993,0.051125725786254059,-0.16025478908341209,0.15689011776595888,0.064177715758909418,0.98552864582788891,0.26547537985015773,-8.9246500644964417,-4.1845724172293082,,0.4346682647758519,0.4883040935672515,True,5
0.91144436432410469,0.37290920236961478,0.17380419307337641,-0.39831920478139438,0.90557908951252453,0.14583663373784345,-0.10300962015339828,-0.20215152590501506,0.97392185452947289,5.0648736050925711,-12.093671454009721,-4.8829386603546938,,0.357528609999046,0.2222222222222222,False,3
0.1898599777803287,-0.98125255866058514,0.033115026186136036,0.97644357006208216,0.18519253189520785,-0.11073247317141599,0.10252386708307991,0.053358619287775896,0.99329840150180115,-1.8841184128853132,6.2187661403892065,-2.1636269904618599,,0.215278878927259,0.8091603053435115,False,5
0.5877289466184088,-0.807679921314161,0.047199894202915316,0.80488056619451842,0.57777781020346564,-0.13542553746941377,0.082109435932828434,0.11758378605249425,0.98966261614165962,-9.6940695917260982,0.2115345575455892,-2.7594354979131439,0.3864850974352691,0.3065521101656949,0.9695431472081218,True,5
0.96150251892077998,-0.26450731152769863,0.074490189000873966,0.27174420921853015,0.95551153229418273,-0.1146856416863957,-0.040841043879810829,0.13051281087009672,0.99060507536232389,-0.095625250682579266,5.7819092666485297,-2.2722964226524298,,0.2441873861316097,0.453416149068323,False,5
-0.99180091998986131,-0.10091395500765116,0.078404775313607261,0.07113806188600337,-0.94566228477902714,-0.3172730989189162,0.10616172219009373,-0.30909418763739799,0.9450875472200494,5.1782592651918309,-3.8482060504820752,-3.8013126856653234,0.2159059418588494,0.1584443482870335,0.2772277227722773,True,5
0.14480195653445035,-0.98753169782035033,0.061753859667662572,0.97785793255278919,0.1332951679623493,-0.16132656923605512,0.15108360972448925,0.08374690440814675,0.98496710547848887,-16.157024321738056,0.018523813241000608,-2.7210393567106275,0.3249842772329468,0.2747649672139963,1.0,True,3
0.61831631512803864,0.77811105584757512,0.11058082661228261,-0.76612432769594796,0.62812644555766239,-0.13605397055407203,-0.17532384024688519,-0.00059427171286469127,0.98451063878569423,0.19414830320028964,12.766687570545056,-1.2284758308019259,,0.3159116526674956,0.8114754098360656,False,5
0.89041803520826313,-0.44654715601521622,-0.088041808424059398,0.45514133947766872,0.87298248504682308,0.17535091074741327,-0.0014434937928836378,-0.19620708003585377,0.98056141983532796,-9.3463362675458956,5.5994368898025693,-2.0198330600261873,,0.4066938995886932,0.2127659574468085,False,5
0.99621439548343282,0.013621741626019026,0.085856428918604649,-0.0013483138847180643,0.98994909382774021,-0.14141772759914806,-0.086919849753952685,0.14076661459562262,0.98621990445034124,-22.646248987286363,-2.5186094787077224,-2.7584901350163396,0.3841614706016515,0.2959821874534649,0.8947368421052632,True,3
0.29956655159601403,-0.93882665630556916,-0.16989523411496504,0.94664554940228973,0.31466325372738585,-0.069636488643046307,0.11883637894900274,-0.13996980447153917,0.98299866168499406,-1.1911872415484879,1.4470933278116795,-2.8428702151435417,,0.4616163199358319,0.2588235294117647,False,5
0.74412832222137526,-0.66539699817360731,0.059328533519322636,0.6661986763915636,0.73256516833860463,-0.13974118115702408,0.049521345318252981,0.14350996118243489,0.98840908909180214,-4.6122976143621646,4.7138486685035357,-2.3803938750356188,,0.3307525521441342,0.9785407725321889,False,5
-0.87749488480360205,0.44839348229504705,0.17013527611531631,-0.47957772974806073,-0.81832522295027132,-0.31677915116542132,-0.0028157189507602431,-0.35956517422952705,0.93311572551751598,-4.6371761607815385,0.93971320049702622,-2.7984108784446096,,0.2920643531188,0.2680412371134021,False,5
0.10960465039324165,-0.99305668201953301,0.042722908474631227,0.98177343955052232,0.10144501959163067,-0.16071658717503728,0.15526665451832516,0.059559502150455731,0.98607552028142231,-3.0574106564245227,-1.4782874672040673,-3.2238233109742005,,0.2819095621011903,0.9777777777777777,False,5
0.42494549611752275,-0.90252150599547298,0.069830197945414382,0.89853656549891314,0.41119559436644171,-0.15346082117285062,0.10978782168733218,0.12795747101788135,0.98568429013546621,-4.9482686493415793,-10.739231484002429,-4.0055739296360082,0.2504051197216444,0.2680431398010775,0.9895833333333334,True,5
-0.44523496517329497,0.84765970994867046,0.28851142423978898,-0.88692882705993115,-0.37324344910834573,-0.27211501874722266,-0.12297593877352778,-0.37704421998943627,0.91799486635565009,-10.163918805594969,-0.52267707904950711,-2.8564168378370858,,0.4282829858216276,0.5520833333333334,False,5
-0.88998080220078712,0.39291067502717275,0.23142033869937778,-0.45425906860186827,-0.80820666235196625,-0.37476751396413432,0.039785302650682239,-0.43866068022970345,0.89777165098559863,8.5034540605378321,-6.8612289780464115,-4.4037073381478917,,0.4734824353521174,0.303030303030303,False,4
-0.72432719908189303,-0.67930862717148299,-0.11785541023039994,0.67185291363442456,-0.65706383252553668,-0.34187831523480633,0.15480236145199991,-0.32681326325173804,0.93232468585339723,7.4105257896333852,-1.9202023174320333,-3.6545955070651295,,0.3584065924475925,0.1379310344827586,False,5
-0.62409250440877229,-0.78105014403899997,-0.021661450492654111,0.76256493900551514,-0.60281119240121483,-0.23476239075998129,0.17030343431740652,-0.1630317110640892,0.97181140220066042,6.8552856581954034,4.4042100924993299,-2.708198918227275,,0.4489508725451708,0.4210526315789473,False,3
0.92108953115612335,0.36661084981272674,0.13111277738719443,-0.36482460951769236,0.93028931607789833,-0.038272610070128305,-0.13600397010696769,-0.012580667347447668,0.99062841011361902,5.5485745082605318,5.4952176616978416,-2.4218186503477179,,0.1758636444914766,0.358974358974359,False,3
-0.14418975250780017,-0.98632517635226569,0.079824568682905259,0.9741177574155413,-0.1556694118860408,-0.16389517653296318,0.17408018255808533,0.054126524890544321,0.98324280284364007,3.3178503006030997,-13.549555301103149,-4.9129801857095856,0.338543927159013,0.2902714947460853,0.996031746031746,True,5
-0.13696887182764941,0.9853626252610711,0.10148903826952008,-0.97890475942495714,-0.11896213984532714,-0.16611285699363856,-0.1516080476934821,-0.12210039320998105,0.98087027371234992,9.2256074639376013,-11.465249742588272,-5.1078226426368509,,0.23819284764565,0.9872611464968153,True,5
0.99254890996777012,-0.087719741533638484,0.084568955693351405,0.098285206224085722,0.98660910169116511,-0.13016335389671785,-0.072018605646605727,0.13750537227841303,0.98787934133440325,-15.154528228297803,-18.711166144972392,-4.4756145739374107,0.2320365030366206,0.2552806858027181,0.9387755102040817,True,2
0.48206331398760505,-0.8731269751963624,0.072555127260162222,0.87073014713398023,0.46825763512815338,-0.15021250951976661,0.097180101766382837,0.1355878767760591,0.98598780696925226,3.8419072682139062,18.726395898645901,-0.44444115187225081,,0.3655760632512963,0.9866666666666667,False,5
-0.14829943542502277,0.9769288930361979,0.15367893610931377,-0.97799644885753667,-0.12181973215846477,-0.16936026357705433,-0.14673180798541585,-0.17541348525102313,0.97349878567845283,11.05894586872799,-27.432737913516522,-7.5250401532024034,,0.1376999385670294,0.4583333333333333,False,2
0.094901851319179747,-0.99504108983178796,-0.02978033180743031,0.97944895375755348,0.098679333555653684,-0.17590376946571229,0.17797018177050541,-0.012474721455022153,0.98395680582289458,-8.8075190375870722,0.80507387042551903,-2.6830750549463769,,0.4511270939390926,0.4759358288770054,False,5
0.99528678944631377,-0.070596244980159123,0.066485915413359617,0.058146035963834747,0.98312256266989695,0.17346199950152938,-0.077609569354194261,-0.16877854414610133,0.98259379083148113,4.2968122584695276,1.2852994173827275,-3.0743720786839424,,0.7889028910554682,0.2968299711815562,False,1
-0.89873542875276968,0.38094537485533253,0.2171525972234889,-0.43700963434023227,-0.81882740237492257,-0.37221534709594473,0.036016782177104814,-0.42942089666930311,0.90238599551707366,-0.84089854750678139,-8.0467097712172997,-4.0825382608729122,,0.4293443444288598,0.2872340425531915,True,5
-0.33538313341693715,-0.94104771876888571,0.044128730089509488,0.92416998556515295,-0.3377360820211362,-0.17844936727687455,0.18283323439665305,-0.019066460103757524,0.98295904212696983,4.66446911930956,-1.4762252705272425,-3.4716766681266931,,0.07218076468562125,0.1219512195121951,False,3
0.99129797895158789,0.078578090991544669,0.10561155496736044,-0.087007943998143253,0.99317037762057381,0.077731709734349425,-0.098782258567595191,-0.086244331020268836,0.99136470623033235,-6.8015614908586688,1.1000350618957695,-2.7037785111482155,,0.2745172252639423,0.5135135135135135,False,2
0.40717206815110463,0.88409203946828396,0.22932983379046587,-0.89022940215178592,0.44028976110383627,-0.11677558739565716,-0.2042119449543201,-0.15660840340140503,0.96631842035740823,-4.7849133418869823,11.064443313207127,-1.3251016040916457,,0.2255498259453534,0.2068965517241379,False,2
0.85031481902028561,-0.52522451056325448,0.033225322543037131,0.52627289936847554,0.84846711546618825,-0.056039177035217963,0.0012425557521655028,0.065136529505924079,0.99787558772580809,-2.9191123370731553,4.8710044348598025,-2.3714108865934214,,0.2906044190866352,0.46,False,4
0.26305573219807693,0.95678387718231661,0.12396085721593189,-0.94771597995190282,0.28032003004776118,-0.15249623633987791,-0.18065465148049542,-0.077364676164237173,0.9804991605200204,9.6490354553505906,-18.350811289093823,-6.0874258845201634,,0.09112445331434371,0.5,False,1
-0.98554535286586975,-0.15744083663770847,0.062551901676180757,0.13262847967655239,-0.94676667547030602,-0.29333010175839447,0.10540419262616893,-0.28079395502346943,0.95396263606029297,-6.9813730794777111,2.2131082063264307,-2.5756393123683479,,0.2218463323685241,0.2,False,5
0.26529044936021545,-0.96290395770140846,0.049365430426763432,0.95458859663266127,0.25511043736248928,-0.15388071980467796,0.13557871756710677,0.087946762258107825,0.98685550023859869,-5.7342590345924043,8.6856184428694441,-1.6023817644135583,0.3120033868315871,0.212492492593356,0.8135593220338984,True,4
0.93519689991243127,0.32209838775955368,0.14717128455264411,-0.3234752737122974,0.94611538574684961,-0.015146753772510263,-0.14411976162530071,-0.033441074381468323,0.98899503985271853,5.216060490739765,8.2731969289359419,-2.0683321642111521,,0.2924069151221523,0.358974358974359,False,3
0.82985228478702999,-0.55762497731670113,0.019989249768228877,0.5576341821378672,0.82753418729044248,-0.065048349533104399,0.019730796871389226,0.06512721042772783,0.99768188422799597,-4.6730331616024827,8.5281430123518991,-1.6661575750937401,,0.1621368377025229,0.2173913043478261,False,3
-0.99391052617229114,0.043828988672957779,0.10109839620797358,-0.080387659702196967,-0.91592230329951019,-0.39322278480032591,0.075363718933731227,-0.39895532841463016,0.91386812823188646,7.9165236018667082,-3.4565692954558105,-3.9250322278321166,,0.1151993736574998,0.15,False,2
-0.12591992667786134,-0.99119312505660628,-0.040992205429344813,0.97675812629963621,-0.11664926286616532,-0.1798235584688633,0.17345816433096045,-0.062682839065407905,0.98284440625850544,-2.1623368872763207,-11.795571297166253,-4.2722822255726376,,0.08131095226770199,0.2222222222222222,False,1
-0.48956035172737672,0.78963404331067888,0.36987665465854497,-0.86644119131662778,-0.39283352850959535,-0.30815820753068374,-0.098032260028983742,-0.47133840976895808,0.87648718157773398,0.79920161556647817,14.816272344439191,-0.94558426646589355,,0.4015708112270835,0.1627906976744186,False,3
-0.84458210698597092,0.46608388181614735,0.2635277588231042,-0.53490378039973507,-0.75621835290302208,-0.37684446187613119,0.023643398089288309,-0.45923808405208577,0.88799852020313608,-14.091763952070009,7.9170073856553946,-1.6303881044540887,,0.2734514083790468,0.3636363636363636,False,2
0.6896773526200326,-0.72380575867939245,0.021221992968916997,0.72140639127484163,0.68426732716200023,-0.10654127653817097,0.062593673089490223,0.088788786910971057,0.99408177903432293,8.8158023488655388,-4.690536421299691,-4.151945657312174,,0.161622273684833,0.2758620689655172,False,2
0.99050743607346581,0.088815629661696135,0.1049133118863681,-0.10007758698105301,0.98915877565227595,0.10746810286843783,-0.094231075910336956,-0.1169474261276741,0.98865757664364928,-13.72524307857042,-5.7673764034180968,-3.2266922114783148,,0.327771394021482,0.3181818181818182,False,3
0.032661790180676047,0.96736299890987987,0.25128079075463894,-0.98026744516415232,0.080047142683397021,-0.18074343943714544,-0.19495882491833677,-0.24041897447644822,0.95088893846660849,-5.6589629334052152,10.793051058677513,-1.3077269836479333,,0.2788976514686066,0.12,False,3
0.30902533629757462,-0.95015512046092321,0.041335076969336769,0.94216156883899582,0.29991726235325411,-0.14960352250322492,0.12974944982162551,0.085175599818371792,0.98788167179402986,-7.5390635871209399,10.328292861984814,-1.3238214363187055,0.2637936663015519,0.2795135004835456,0.9027777777777778,True,3
-0.3785527184864711,-0.92419778143076536,-0.050559866741867646,0.90710038497989198,-0.35958005730099957,-0.21879459307931537,0.18402915773277859,-0.12868816258639615,0.97446017153822284,8.0692816828168805,-24.807493822070619,-6.8919990778268421,,0.1628500421661436,0.2105263157894737,False,1
0.56289310887828636,-0.82399802338519712,0.06464213358658645,0.82190569964889248,0.54976829637776681,-0.14908333636779406,0.087306178830611147,0.13704772072229537,0.98670945743051508,6.0036049521457713,2.2363005316438698,-3.0088146028238212,,0.7229362039311427,0.5081967213114754,False,1
0.88418338197209556,-0.46460638148321159,-0.048586596191384002,0.46712965961279773,0.87867765230751893,0.09856705557831949,-0.003102926750638807,-0.10984759269289557,0.99394359911674901,10.229149267284306,-16.834315305316277,-5.8563204359599652,,0.2496136061535776,0.3478260869565217,False,3
-0.92790973459501325,0.33394748296243282,0.16571844516187295,-0.37229649049408231,-0.8532681899278427,-0.36514205348474121,0.019464008055964432,-0.40051526148240557,0.91608333557055743,-8.9037563932766499,17.672978291034063,-0.18723197029361879,,0.2278768277784417,0.1379310344827586,False,1
-0.68823506386835254,0.64732432011678542,0.32757246747470592,-0.72301312601793588,-0.57472886382452726,-0.38332590923748072,-0.05987083152836617,-0.50065752533274732,0.8635725365363307,-0.68175088728563771,-12.918311339729758,-4.545898816298382,,0.2554442663956621,0.2368421052631579,False,1
0.27852041623398283,0.93465003258297374,0.2210332425982458,-0.95464176342361295,0.29463984218964262,-0.042970535508848079,-0.10528761213126488,-0.19903939305350718,0.97431916677472175,-7.5428661058968789,9.4545030286201435,-1.4444633580906678,,0.3842413775032791,0.3333333333333333,False,2
0.43200390904101038,0.83166911891367645,0.34885397979474952,-0.88113388082256361,0.4716890365110909,-0.033354713337204203,-0.19229068266521582,-0.29297769451032918,0.93658334593326886,1.8648207762582627,4.7375208423083173,-2.4151139729813447,,0.3524452712265341,0.1152416356877323,False,2
0.98289491531320838,-0.16703939323509071,0.077559181010981901,0.15108479766825297,0.97216448732716776,0.17907985228229503,-0.10531367131092043,-0.16429866307294852,0.98077264437149625,-0.56311844859832549,9.2617423293199899,-1.7816534282111069,,0.2705808575812832,0.2391304347826087,False,3
0.87991962887205144,-0.46924836266193143,0.074481010094979289,0.47512102493545288,0.8686394521895856,-0.14044754808846549,0.0012076381729655417,0.1589700482445465,0.98728266741150184,3.5463600485107687,6.0904098783042455,-2.2395383724923184,,0.07471357769809017,0.3783783783783784,False,2
0.94568828480525979,-0.32335451006636973,0.033399532958185388,0.3237704818982744,0.94610387526961448,-0.0077544987702642398,-0.02909197541326531,0.018147121522624664,0.99941199659949942,-4.8960805958173497,6.989825142612248,-1.9356788180916067,,0.2023574239914679,0.2727272727272727,False,1
-0.26560666308908881,-0.95881495410648421,-0.10063291859258028,0.94698473907345493,-0.23990052766767417,-0.21369988485432787,0.18075675501806515,-0.15205795147427528,0.97170230776137767,-0.92398493511529478,-3.5041512187806179,-3.4628768185169272,,0.2366307730819301,0.2181818181818182,False,1
0.92511111182932582,-0.37901036255142762,0.022816131322925953,0.37926676985558944,0.92525235019916907,-0.0080502008808678027,-0.018059569574520568,0.016100730714796105,0.99970726636212537,-6.2769980455077503,6.4842197520965454,-1.9677399649276421,,0.2322446408728796,0.2105263157894737,False,1
0.06627243777926356,-0.99755463240238706,-0.022197282791677014,0.98521103034309621,0.068942867230444682,-0.15686333780823819,0.15801009360509161,-0.01147329205526107,0.98737083909153711,-7.9674493762051375,-16.955411413330779,-4.6567377813863251,,0.1072449081863276,0.3181818181818182,False,1
0.77465354577888568,0.56646744757997236,0.28111655028552035,-0.60931679189540067,0.7875645410750266,0.092060527673805959,-0.16924813477996428,-0.24260404875746436,0.9552477921460949,-0.69663962839173088,13.014022396326872,-1.193089868068766,,0.4552022175206019,0.375,False,1
