axis_00,axis_01,axis_02,axis_10,axis_11,axis_12,axis_20,axis_21,axis_22,location_x,location_y,location_z,dbh,dbh_approximation,score,reconstructed,number_clusters
-0.9894978756195234,-0.13471293613926208,0.052405905976221565,0.12988863651494767,-0.98774170060568978,-0.086575256216008742,0.063426305652602433,-0.078859100434374663,0.99486599400619957,10.012801596506035,-0.31453252719660263,-2.5481153599269528,0.3112398555860164,0.2550557223935793,1.0,True,5
-0.72810219462093873,-0.68428150832723311,0.040323833517909968,0.68060093117615805,-0.72867796788394623,-0.076228548475425234,0.081544875193480748,-0.028057734796843828,0.9962746593423677,-8.397506124793134,-17.013806334692418,-3.6038471087028907,0.29669207254529,0.2675776659705412,1.0,True,5
-0.96181436339029225,-0.2689358565880946,0.050858975779649714,0.26401940580177052,-0.96061745743568361,-0.086647872621796518,0.07215873984630905,-0.069911411879826579,0.99493995334028207,-1.5291308302691244,-15.91727769880305,-3.4588311967045042,0.2477464725984774,0.2230435671462408,0.972972972972973,True,4
0.44391915252249747,0.86523148932264726,0.23304560907303301,-0.8916852531201398,0.45223503460824865,0.019516219945177285,-0.088505341035329324,-0.21646695673333027,0.97226995286845674,8.1920957488157331,-14.913755954369558,-3.9181085291539395,,0.2856689353202464,0.296875,False,4
-0.86778579822663671,-0.49369282858632824,-0.056702728316985473,0.48798144852172426,-0.82501247650031451,-0.28500617452514709,0.093925046152767866,-0.27499419015908128,0.95684705208510346,-21.362625335619509,-4.8771114900076906,-1.7951655560017841,,0.3816324176854909,0.25,False,4
-0.94627488989568598,-0.31977633149889761,0.048030517028398174,0.31505502249837308,-0.94518854006836484,-0.085784360590865472,0.072829702398525931,-0.06604333074990254,0.99515532099868831,4.6146950244581575,-11.835816584232866,-3.439755645976184,0.2811218208577516,0.2477017198650158,1.0,True,5
-0.96182033842122117,-0.26904853049942767,0.050145037993665778,0.26449897706536135,-0.96087643839486803,-0.082199521099402761,0.07029884587007991,-0.065797859947661588,0.99535356225596705,3.4253858345620465,-4.3805577325115195,-2.6962180296888367,0.3066489344878015,0.2786026785272829,0.9884393063583815,True,5
-0.80899971515764202,0.58364292735651035,0.069859818362036086,-0.5876950978400699,-0.80545012263224425,-0.076580493119680529,0.011572936083992832,-0.10300986990781966,0.99461300707962286,-14.597662970969838,-6.6798890569518985,-2.306050982162223,0.3215800484083371,0.292169332312225,0.9765625,True,5
-0.88327651748326541,0.44011237118492286,0.16162825988242016,-0.46851260592667582,-0.8416545046988122,-0.26853981605712213,0.017847457814206151,-0.31291979076143822,0.94961185375888624,7.7349018521140769,-10.497029590954874,-3.4256916039725884,,0.3779505799312803,0.2514970059880239,False,3
-0.98146192336245153,0.18000276386170538,0.06581411696455651,-0.1859494377796363,-0.9775092300317697,-0.099491264903679669,0.046425204136485029,-0.10988498625765113,0.99285950175039461,-17.819176749697412,12.376846034301105,0.18243493976563915,0.3495699763346686,0.3189237391791596,1.0,True,5
-0.78180727658393157,-0.62220648201168693,0.040453380860646301,0.6184541028176409,-0.78207500560133425,-0.076636860072034116,0.079321529161025112,-0.034896695492749506,0.99623808181340046,-15.831696794541866,-1.5355525251996918,-1.3964954740592961,0.3618054142730458,0.2883912094965199,1.0,True,5
-0.96881900160666301,0.23982975112974964,0.062220837336958254,-0.24434188422409703,-0.9664264959428609,-0.079478749068056798,0.041070497193091381,-0.09220367895397466,0.99489280620962695,14.796138738176348,-15.473182843767768,-4.4080204604806852,0.3032540352007985,0.2524460516444327,0.9841269841269841,True,2
0.4690698938759198,0.86557384913082591,0.17537202274045724,-0.87929601222180787,0.47627430450295322,0.0011444479258325285,-0.082534583963694716,-0.154740746318073,0.98450157129324389,-12.956361416313623,-13.16941704294816,-3.0814907225314623,,0.1592249051766862,0.3461538461538461,False,2
-0.8060604959946861,-0.59057624991300528,0.038550873342779686,0.58649103845298345,-0.8058204933354316,-0.081741019904217296,0.079339388774687519,-0.043278465307028641,0.99590774463778842,-10.439232363548907,-3.7826655585730538,-1.9116359986528086,0.2414699863400073,0.222965126088112,1.0,True,5
-0.88801791600379221,0.45405031509552785,0.07254303700515724,-0.45916572801002181,-0.88401152057212096,-0.087695300425915793,0.024310801659064653,-0.11118427432607927,0.99350241170581743,8.3937182565270287,3.1416857564848906,-2.1501635359105613,0.2439646590637826,0.2419838782142094,0.9788135593220338,True,5
0.85137920402560463,0.51837957299474113,0.080225116107842318,-0.51932980975171272,0.85451341045222573,-0.010167598563853394,-0.073824112971150421,-0.033006812313449416,0.99672491224255422,-18.413645739476404,-10.665562862253115,-2.6682540368662435,0.284219917440088,0.2473605963223364,0.875,True,5
0.91419742071586385,0.39401004331716977,0.094863911587409047,-0.40018555039053849,0.91460948743410542,0.057801477093107387,-0.063989071059702848,-0.090805127942892597,0.99381076041879901,-16.766759926506168,-7.0127041596737012,-2.2699243494882935,,0.2077434907389424,0.1875,False,3
-0.74018421194655493,-0.67132587602557547,0.038064426483927077,0.66758731114514303,-0.74046716658348588,-0.077688848683848621,0.080339992426281953,-0.032092731113402828,0.99625074264796765,-0.41629985840281608,-12.945263132300251,-3.2622218346206466,0.2268116840575886,0.2193036646317987,0.9548387096774194,True,5
-0.99042413343786118,0.12417858147213866,0.060330057247027863,-0.12922145690843126,-0.98766082731147087,-0.08847545009144861,0.048598878364882803,-0.09542415888017769,0.99424965623513628,-7.5591453424065103,-11.430496836524959,-2.8216430083593553,0.2777983997298445,0.2282520149347732,0.9871794871794872,True,5
-0.82128451742465602,0.56577695721783983,0.073404196881867542,-0.57034410220485976,-0.81739304037530691,-0.08109391238646857,0.014119012666671048,-0.10846682546905573,0.99399979942351269,-2.8207419698194185,1.9756633569465094,-1.6446009227648384,0.283258347900728,0.2731843988079515,0.9799426934097422,True,5
-0.92609891020082347,0.37099799340913836,0.068566007695058481,-0.37598619578088072,-0.92259439772058183,-0.086336306828687315,0.03122801798172857,-0.10573583205795892,0.9939037904706588,6.7438503758903101,-0.14851287646291725,-2.3654137978317307,0.2447630063220678,0.2142598308942048,0.956081081081081,True,5
-0.90812930270555603,0.41355589552576288,0.065365823206046725,-0.41820725494044736,-0.90345352487131736,-0.094204141696463919,0.020096305200101243,-0.11288600300070858,0.99340469540053444,-16.302846527529887,2.6289998668981571,-0.89403630394246647,0.2752860437713481,0.266072352225794,0.5,True,5
-0.99936545120713061,-0.019577872894840455,0.029755702419573871,0.012777811992072563,-0.97684482332613953,-0.21356712916930759,0.033247893982386451,-0.21305139763408715,0.97647513000173214,-0.98795582953572536,-9.4588443587706728,-2.9041007656331761,,0.2825254278093059,0.9242424242424242,False,8
0.57605836434902657,-0.81712727281307007,-0.02144250192024718,0.81684723735226306,0.57643667311122371,-0.021939752105294183,0.030287814274082153,-0.0048766707434756487,0.99952932242579062,-12.570946236599701,-8.0736877348504112,-2.4989793226417834,,0.2236601261235546,0.375,False,4
-0.93022280366188115,0.34960717755757165,0.11162596896626026,-0.36402003419332762,-0.91761686979193824,-0.15958914430227744,0.046636361921964548,-0.18908755028682656,0.98085215403403681,-24.851725383531736,1.5712234039487516,-0.87335655877829288,0.2965796653359508,0.3498762344121304,1.0,True,4
-0.99310207467478628,0.099095104195143238,0.062677185651469194,-0.10586584510786966,-0.98759218498791068,-0.11599180570368273,0.05040527865443812,-0.12182707611757765,0.99127063479577093,2.7267528312185068,12.210844257371374,-0.92307610517143279,0.2564176947141755,0.2550259877070015,1.0,True,5
-0.97209244829885622,-0.22898886939519913,0.050993819757339943,0.22348210121756309,-0.97000728853415452,-0.095611770331903392,0.071358408023992709,-0.081547273919647917,0.99411167366677466,-8.0027673933235413,10.066359698939053,-0.47362356878151457,0.270146010703231,0.2147997322856746,0.7045454545454546,True,4
0.47867124413459616,0.87165320286642722,0.10533059371016773,-0.87553770057194558,0.48285245390731807,-0.016948233916000421,-0.065632118020280392,-0.084108273602421998,0.99429282577910227,5.0634605200968581,-29.021075760771417,-5.258358902607652,,0.338483113128032,0.4150943396226415,False,2
-0.78067910795137518,0.62124735202756987,0.067763249678410561,-0.62487547169058266,-0.7774654322335508,-0.071261115353123045,0.0084128049851165745,-0.097975656571579639,0.99515325223387152,10.238207769047559,-7.4214929016881861,-3.2540190497422143,0.2062387031618598,0.1962618833893389,0.990990990990991,True,5
-0.64172582706726933,-0.76615195879454312,0.034628585159001517,0.76264798288849533,-0.64225553633024202,-0.076654290481768028,0.080969235336264433,-0.022781617335872313,0.99645621120078498,2.0242084867771077,-16.173866639149487,-3.7235237744656882,0.255584787170808,0.2512284571440609,0.9076923076923077,True,5
-0.49163503167474826,0.86623002859635756,0.089109669442328343,-0.87041504873793474,-0.48578947320764038,-0.079913895232180676,-0.025935276376122557,-0.11685086768439126,0.99281077560665987,-9.475764015177484,-22.740214422992175,-4.3631570595297129,0.2137182655681322,0.2474701543492743,0.9811320754716981,True,5
-0.80713735436331346,-0.58901115398502268,0.039939349927408385,0.58501690753909052,-0.80707929609782014,-0.079863807219843361,0.079274895678214552,-0.041095867085151991,0.99600533162414828,-14.470997129256896,5.0506866312393255,-0.67528915357370511,0.2513206616694772,0.2404939263116208,0.9696969696969697,True,5
-0.995863843195813,-0.070655203462547167,0.05712309549500124,0.066803130645852915,-0.99553128312140338,-0.066744333561475869,0.06158366302176322,-0.062652266920826552,0.99613359841865756,-9.2541719564733871,0.13666064639021158,-1.4914142446417085,0.2557195795118967,0.2308485310860306,0.9664804469273743,True,5
-0.63951837325192451,-0.76867122645090447,-0.012680532310428538,0.7644624134948097,-0.63409886156041328,-0.11625769704187455,0.08132323546751255,-0.084042723624663779,0.99313813338268597,17.49106669787734,16.472468027125213,-1.4056199949297468,,0.1876542026334367,0.56,False,4
-0.80855080829024295,0.58348777687062214,0.076076308110818294,-0.58830713242426491,-0.80420487153188702,-0.0845531935713736,0.011845182646608714,-0.11312178767575594,0.99351051972342419,4.8578427821073564,8.5758131802295079,-1.3923325518516068,0.2753948002746116,0.2566910620788441,0.9907407407407407,True,5
-0.14701595305892484,-0.9661073186488135,-0.21218614092201099,0.98595139739589921,-0.12593654171858393,-0.1097261565582115,0.079285254109763462,-0.22533671763199839,0.97104954156190582,-15.129236801763385,3.6936415827248226,-0.81785709915239524,,0.2715369173809682,0.3846153846153846,False,7
-0.76260841433528814,-0.64561917459221752,0.040053561438171473,0.64201569671319902,-0.76300853822426851,-0.075058748795401711,0.079020576806826975,-0.031525418248279445,0.99637437564671849,-24.295200660630922,-11.097991646785735,-2.5247378757084395,0.3826743100706291,0.3159120552014869,1.0,True,2
-0.91917642026508428,0.38783784305089219,0.068531131074118762,-0.39264027213551816,-0.91598849870616572,-0.08245415050422325,0.030794887985065869,-0.10269799285116721,0.99423578548467606,7.0153950659014059,-7.6560704271358482,-3.1520125412676072,0.2180548596078737,0.2031637728596255,0.9257425742574258,True,5
-0.45827946877725878,0.88516296149118501,0.080414302840891586,-0.88843198968458026,-0.45357486418280479,-0.070416207556547039,-0.025855912328318815,-0.10371294126435535,0.99427113888112306,-0.39370385078898029,8.9691815385292113,-1.027485648335497,0.2557484862738072,0.222054536200717,0.9824561403508771,True,5
-0.11029659994156236,0.92982370529727609,0.35108764875537141,-0.99256907376261005,-0.084782077097507014,-0.087284782253650134,-0.051393519546394588,-0.35810595704382869,0.93226542876927376,0.84659222525944589,-18.474540274846429,-3.873189206292877,,0.2829411696989437,0.2394366197183098,False,4
0.043514598106326921,0.97133316546218318,0.23370571543045374,-0.99727825740399256,0.056168508365442273,-0.047761658024590516,-0.059519383908954906,-0.23099129927600442,0.97113359667858401,-15.389741438706105,-8.8000203429657677,-2.5393894831839998,,0.2546220794619703,0.1851851851851852,False,2
-0.51836635595438796,0.82737141562829242,0.21622410045090845,-0.85486484815906161,-0.49472306274793715,-0.15638152885582671,-0.022414557692570943,-0.26590530605186646,0.96373853083547023,7.9426070902532011,-14.70735946519358,-3.8763681959124718,,0.1747612547005841,0.3235294117647059,False,3
-0.97475659810487614,0.21275422105315281,0.067714222103444452,-0.21880977060657958,-0.97060899741609286,-0.10020208791249378,0.044405616064912667,-0.11248917974184583,0.99266022671551746,-4.2466387074420693,10.459817804447736,-0.59921543427293988,0.3092799339400379,0.2570530702856034,1.0,True,5
-0.99272121050314144,-0.10715602988285557,0.054974389281940927,0.10212333573612668,-0.99092648190970856,-0.087381529788479725,0.063839035983512454,-0.081131330013707717,0.99465686785690222,-0.31896974771394354,-19.954649788347449,-4.0996158744086442,0.2685310519352779,0.2304468751392213,0.9833333333333333,True,5
-0.18117465132670874,-0.96065798092970933,-0.21050413153356368,0.98085857837516044,-0.16097785392638292,-0.1095562858676573,0.071359617042871609,-0.22632360509083113,0.97143472803590092,0.80023310557507643,-27.909985447534883,-5.030303805318967,,0.3344176430773208,0.2131147540983606,False,2
-0.80763316748789793,0.58448374724477692,0.078149958286414009,-0.58956155684935496,-0.80305541504770017,-0.086713153834527698,0.012076318099039113,-0.11610663016929537,0.99316333650205857,11.128904895544578,-4.5018120074367411,-2.9985727731180183,0.1806352818455918,0.1729001255705888,0.9615384615384616,True,5
0.7039619974840623,0.67304199097214745,0.22683029887229694,-0.70561055326030764,0.69914517501125006,0.11536798250021711,-0.080939812366540187,-0.24126852809004168,0.96707716554954049,-14.029519217574645,-13.193068793448935,-3.0897489919522223,,0.2300499834043809,0.3243243243243243,False,1
-0.99379004473755761,0.091559837669938179,0.063230871466223582,-0.097298455085546215,-0.99074954695815565,-0.094595696731807011,0.05398479062189139,-0.10016052779445921,0.99350566734842882,12.472402290250567,-18.803668529200714,-4.5261237718410783,0.2923011759333276,0.3036052803722268,0.8513513513513513,True,4
0.9806768187735635,-0.18672514802089987,0.058366910289438335,0.18870817411173418,0.98155963484177189,-0.03049439739857341,-0.051596532282486798,0.040919461700513131,0.99782934187693739,-7.8724858279594612,14.345129660078012,-0.048445976074726893,0.237539177836103,0.2180099033733597,1.0,True,5
-0.74455091689309849,0.65814703431638888,0.1117426211174051,-0.66755932872485035,-0.73476906889281046,-0.12032854204559845,0.0029111485831522996,-0.16418555545155031,0.98642517637933025,8.3381810240269214,-13.995847432997646,-3.8178681728013046,0.3571877295369796,0.3282986147015633,0.9368421052631579,True,5
0.71823504270853888,0.69280446469120771,0.064501140527837744,-0.69193775438207361,0.72092661557648874,-0.038561107532368147,-0.073215896403419967,-0.016934835616515598,0.99717232405261103,17.226829078194768,-18.597030652014269,-4.8065373523067088,0.3508965184889751,0.2743750184265286,0.875,True,2
-0.96753685444429072,0.24448827939546655,0.064014971141839724,-0.24942024339323296,-0.96458564501854693,-0.085814192356589825,0.040767357992720882,-0.098995023422380701,0.99425248697697288,-6.0710173610497149,-6.0814995496724222,-2.245689128431148,0.2899692494916297,0.2449640760148352,0.97953216374269,True,5
-0.63953175076027169,-0.7650745580710635,-0.075233372660461012,0.76459953251783719,-0.62284031600927381,-0.16570303445312212,0.079916798252971613,-0.16349575329602362,0.98330180718391824,19.912786711821624,12.866875892496662,-1.9525744918817776,0.35785663958131,0.2425083071436376,0.3181818181818182,True,6
-0.71859654763637892,0.69134552719571662,0.07523538895728743,-0.6954222461020878,-0.71478246378614896,-0.07398600604256525,0.0026270423301963663,-0.1054864516906327,0.99441727014282888,-6.7755154821448409,6.6438933048718436,-0.963623181454075,0.2744091454337543,0.2616847391044589,0.9464285714285714,True,5
-0.94042206524325322,-0.33817705764700434,-0.0352507714075775,0.33212368027654299,-0.89146213533547503,-0.30820305362322487,0.072802473880902357,-0.30154856813510206,0.95066727136916362,11.562498481143749,28.473238878626276,0.063928224516511534,,0.3206015717492801,0.1578947368421053,False,1
-0.98948115803008119,0.13203082382400025,0.059117674715822292,-0.13673325073036843,-0.9870233283512142,-0.084196006052532371,0.047234056020588958,-0.091393713409882324,0.99469398967772849,-9.7947130729619367,-8.6712914665560934,-2.5399016842351356,0.2946117050033873,0.2735076436428756,0.975,True,5
-0.9935600898679593,-0.10110524145110242,0.051147609647849028,0.096139663905677672,-0.99113765749703109,-0.091669563735208015,0.059962595388106998,-0.086161905981786815,0.99447504398647946,-8.2284771057169355,18.309682075275049,0.31788915890744629,0.3091673605424823,0.2718527344392047,1.0,True,5
-0.67941626419337298,-0.73184489079940962,-0.052882849396776538,0.73123539579098473,-0.66935898520187898,-0.13135198845816709,0.060731671242642407,-0.12791248860182575,0.98992426951144352,-11.128499537894067,-8.6919937475835152,-2.5765765079731993,,0.1424133693516271,0.4,False,5
-0.060059360143585205,0.95401630565946693,0.29367628742376484,-0.99671951118558011,-0.041326704298730275,-0.06958677700385385,-0.054250246830054923,-0.29689222294911666,0.95336872125700178,10.995031808791463,-0.32031739699261585,-2.6003019819958673,,0.2561294760569747,0.4146341463414634,False,1
-0.41023116842402507,0.9074053903897229,0.091246073587491483,-0.91149322716048586,-0.40468030011969963,-0.073579559223968374,-0.029841000218198521,-0.11335480663255904,0.99310633998543862,5.3314010275639401,-22.715340597988121,-4.462121960356825,0.2683620128334326,0.2467167353185467,0.9666666666666667,True,3
-0.89562188712525181,0.43870713064111921,0.073467603927430319,-0.44413354291657964,-0.89111272432071997,-0.093077970594929907,0.024633947279487881,-0.1159920948959015,0.99294461203185513,-11.240026417532674,-18.941251309987127,-3.8636459905230209,0.2826656208092891,0.2705180427384911,0.9516129032258065,True,5
-0.96362885279725619,-0.26714915001309159,0.0071250055386979788,0.2617994070310381,-0.94901495535752667,-0.17558953552518147,0.053670331979975353,-0.16733782045620973,0.98443768178088598,7.371657114640513,6.1191986525841475,-1.8233786051098018,,0.1365914108197638,0.4375,False,8
-0.94356543614272337,-0.32854930250478309,0.041708794521200784,0.32317408607061171,-0.94094156304250776,-0.10093307204056833,0.072407028727991207,-0.081757756590687819,0.99401855688314034,-7.9907969194276838,10.180410522159557,-0.44832841941192564,0.2597729563356056,0.2504508684111384,0.7362637362637363,True,2
0.23956095058475613,-0.96652601851579545,-0.091858622278652755,0.97088109608216844,0.23855148283226602,0.021979247230387564,0.00066949623994079152,-0.094449169242145442,0.99552946023925071,-15.086954813196623,-8.8121834954105918,-2.5643261187416848,,0.209613177327913,0.2264150943396226,False,3
-0.14426826155520686,-0.95116938184600852,-0.27287996582109053,0.98737821911943557,-0.12015913010946744,-0.10317962909347653,0.065352284706579056,-0.28432128040302779,0.95649907913892562,-11.494913916444,-20.280124475295725,-4.0413388149164282,,0.07868615459832418,0.5,False,1
-0.71603079313338047,0.69299546961199554,0.0840070376934621,-0.69806740885780916,-0.71059468714559437,-0.088074305509601575,-0.0013401400395628704,-0.12170648995720711,0.99256522925547319,10.933469329950606,-9.1979845308204151,-3.5048446597945375,0.1696632972100605,0.150650558153656,0.6,True,5
-0.79861451339218614,0.59709223347979645,0.075470018666151439,-0.60174992120693005,-0.79439223105008305,-0.082692294530535684,0.010577869672788717,-0.11145334434362932,0.9937133694923328,1.6998645928626803,4.7897766255251613,-1.5613881485262047,0.2957709891378185,0.2751835635388576,0.9856115107913669,True,5
0.6763544180611849,0.7305786728446233,0.093805671223565645,-0.73088027572749514,0.68146686361313591,-0.037642214995606924,-0.091426056032270817,-0.043101236430794693,0.99487866581634987,22.920459464170545,11.147226996557952,-2.2858238181045492,,0.2187741013139854,0.56,False,3
-0.98836885787600681,-0.14651710834549617,0.040739879024760506,0.13962685074931855,-0.98044647753897662,-0.13866884015971631,0.060260628363015885,-0.13136758216351385,0.98950048763293064,22.698523384029343,6.8560378795278867,-2.6988524257168578,,0.2302703975185584,0.5263157894736842,True,2
0.39519547992252846,-0.91801663452498983,0.032649523491384724,0.91807947560012226,0.39353028584334609,-0.047581410297087977,0.030831949834671715,0.04877881568331275,0.99833362059480235,-23.70615274483664,12.572347952985666,0.39919706820388595,0.3151946838713811,0.3160226098468197,0.9428571428571428,True,3
-0.99038752418020859,0.12516421974205746,0.058876736021615729,-0.12987387645055182,-0.98792737178511714,-0.084452852488584196,0.047595463690396224,-0.091287601426008322,0.9946865062229322,-15.139613968958736,-11.539809911813514,-2.8414658549794893,0.1946231180701737,0.2519152588910035,0.8979591836734694,True,4
0.67234966394489193,-0.73794117079080923,-0.058213038445681022,0.73877211287744937,0.67388339937868325,-0.0098452667012007,0.046494027872169372,-0.036386707651531965,0.99825563503468517,-15.672942170626424,-15.657685473098697,-3.5299749689735931,,0.2115056524991556,0.4642857142857143,False,2
0.92747817276511924,0.36904864700178852,0.059894366934003747,-0.37120393151396824,0.92807666823229995,0.029687356086503594,-0.044630485913208583,-0.049767399258780223,0.99776316112500785,15.930531790076166,-11.876548102516479,-3.9971582446746639,,0.1601453458239624,0.28,False,2
-0.72680308934326698,0.68061922687283716,0.092275334364630229,-0.68676672774042868,-0.72217078751337771,-0.082588227557030713,0.010427415297501071,-0.12339700836458574,0.99230259867486192,-30.255350636636102,0.5199017682503162,-0.70090136288644989,0.3956225035276029,0.2296995652779327,0.72,True,3
-0.96246305412680178,0.26086987780819448,0.074911790081721621,-0.26838380239319942,-0.95587270666393731,-0.11948850684449988,0.040435183366447608,-0.13510838429682215,0.99000541434823763,-5.4147504074183939,17.881952127800496,0.15538839969754492,0.2962936847863532,0.2407577099154678,0.9882352941176471,True,4
-0.92317964859214463,-0.38314545084921664,0.030641473835887455,0.37825154537478467,-0.91976183211047646,-0.10470883732697878,0.068301572799403604,-0.08507488281702684,0.99403076384325151,-4.8003700644760396,-20.786701494367264,-4.1064542269465427,0.212397609603324,0.1801391813022687,0.9111111111111111,True,4
-0.98963727110783917,0.12848876584166735,0.064099209719891526,-0.13507635816366997,-0.98447966231300676,-0.11204540132155852,0.048707793005528001,-0.1195425930141821,0.99163356102744782,-18.51525070914871,17.446096732382792,0.69710662405874446,0.3218372458237854,0.2893816020276336,0.9090909090909091,True,2
-0.88614770037274138,0.45721730241621711,0.075462517154810907,-0.46277620350955706,-0.88160305098904945,-0.092812962198613305,0.024092293153286447,-0.11716825021326151,0.99281980366659672,-13.020895157854174,19.333056625352899,0.60041292585902417,,0.2207220878208762,1.0,False,3
-0.20581405392558336,-0.96997940419636064,-0.12953968751540662,0.97414874972112986,-0.19047796798652067,-0.12145928177164968,0.09313854531543915,-0.15118895180071232,0.9841072666279449,14.08360384633802,-12.561178466285737,-4.0480279874529428,,0.3090485586465474,0.1875,False,3
0.11591193708252093,-0.99170990363320133,-0.055460705707770404,0.99196752481182071,0.11842759049100043,-0.044444746924759214,0.050644373433656707,-0.049863542256062585,0.99747118985622341,-24.735929616233502,8.3609272891467441,-0.023121560353053877,,0.196004374022179,0.3157894736842105,False,2
0.82810566155679555,-0.55422342001044322,-0.084127367779514933,0.55918807511655544,0.80616683701910063,0.19340043313824501,-0.039366355495825067,-0.20719901448256664,0.97750644931500574,-13.042070694196077,20.303595029543732,0.6504071994101166,,0.5462278086868457,0.5,False,2
-0.9839400518143423,-0.17823231436660877,-0.0097578968589811452,0.1659807041530709,-0.89345476954954328,-0.41735953399679604,0.065668716177789133,-0.41227638409772427,0.90868905728575056,22.198570668893385,7.4427524476697204,-2.6213447878114704,,0.2234288717424449,0.2857142857142857,False,1
-0.7714931163489579,-0.63619223368101452,0.0076035011761681551,0.63114303177590869,-0.76677010862770822,-0.1171412564204788,0.080354495001146206,-0.085574776184429061,0.99308615578614168,29.850842296225192,-8.1374856559687423,-4.537634565992561,0.1547730327844838,0.2550112371313277,0.8974358974358975,True,2
-0.87146204119094739,0.48629971188243609,0.063769122515259777,-0.49000467852454094,-0.8688766191623053,-0.070347961570631182,0.021197306134691112,-0.092552746561846547,0.99548212606580244,-21.511955421918447,4.120090491196021,-0.56883083906580068,0.2983075631561473,0.2563761744825402,0.967741935483871,True,2
0.4419634739198065,-0.88268192622860231,-0.15981522089619746,0.89591167603884025,0.44325461950357198,0.029455237667009887,0.04483922900778578,-0.15619846157407502,0.98670739540345997,23.563202860055007,4.3338151535929459,-2.992967892971238,,0.3957729972967999,0.1851851851851852,False,2
0.98658209614451686,-0.15759931700770141,0.042640624359840763,0.15630305608931419,0.98718364217578369,0.032215078421377399,-0.04717120121675563,-0.025117959695422926,0.99857096186325589,2.5524310779810588,33.330025648207858,0.94498741639388939,,0.1526917495559488,0.3,False,1
-0.87021498880707693,0.48023562434129008,0.10999826530009321,-0.49221997733157052,-0.85703330228062369,-0.15235948509258318,0.021103724107524847,-0.1867288512670183,0.98218479367850797,-17.318572136278881,24.100518885583,1.1384635885490972,,0.3448277840914116,0.7058823529411765,False,1
-0.68768509105097353,0.70492004178693723,0.17371514105948582,-0.72600360906308092,-0.66677348312916207,-0.16832077062319639,-0.0028240349848060106,-0.24186950382987174,0.97030467789426689,9.746261586285506,-9.5983581402916407,-3.5044147254896405,,0.194596270878689,0.25,False,1
-0.9980807910595042,-0.027029561909856604,0.055714785299726788,0.021403122390411339,-0.99483548898612584,-0.099218225168950527,0.058108870837200968,-0.09783533429542067,0.99350470884305753,16.532528684248977,19.960840272204024,-1.0092653733707455,,0.1829839909072483,0.6896551724137931,False,1
-0.99257169797211453,0.10487134250380901,0.061671921538108812,-0.11084736581979396,-0.98846933337743181,-0.10315637868396242,0.050142655250461236,-0.10922627199453941,0.99275139669033396,-1.4488225727318758,-1.3083940004612415,-2.0373651173334335,,0.2403664112417861,0.9467455621301775,False,1
-0.47485171799023923,-0.88006497376327686,-0.0012197855382894626,0.87662196947164583,-0.4728705906675984,-0.089035538530007174,0.07778025817243131,-0.043347969234068466,0.99602770292894516,23.838092988366558,13.716567146596473,-2.1277928072761565,,0.358417571152273,0.75,False,1
-0.82592289105556704,0.5376771086993406,0.16957212274171757,-0.56359788757352913,-0.79512869936499331,-0.22389232360398387,0.014449884188815709,-0.28048828536474196,0.95974867680037901,27.295235177321825,-5.7902543792088741,-4.1539889802618202,,0.2426893261954875,0.1818181818181818,False,1
0.42793609025178631,0.86700566257981071,0.25528784482336325,-0.90056626755617752,0.43294295062719701,0.039253015707727101,-0.076492485905151258,-0.24670140363759374,0.96606796709304632,11.252580838875289,21.265067036097811,-0.54569611380594663,,0.2050804025784494,0.2,False,1
-0.81844276578753461,-0.57433071355164367,0.017195074914378529,0.5690530953952343,-0.81433947938818052,-0.11414809210359224,0.079561383542230607,-0.083638769605054231,0.99331492612755978,24.20366704998245,4.0023007226367531,-3.0843544116816619,,0.1591486622915573,0.7058823529411765,False,1
