axis_00,axis_01,axis_02,axis_10,axis_11,axis_12,axis_20,axis_21,axis_22,location_x,location_y,location_z,dbh,dbh_approximation,score,reconstructed,number_clusters
0.83133172524549181,0.55363098726680282,0.048788241804144115,-0.55265523768832792,0.83276203446347885,-0.03285699639202623,-0.058819646853854476,0.00035198612630320779,0.99826856368902828,-10.132538618955653,-8.421969404670012,-3.9821326964602251,,0.4901755454299789,0.3942307692307692,False,5
-0.76525862726969229,0.64271005220486077,-0.036097398578465938,-0.6304974816253065,-0.75966530293699464,-0.15931589116529415,-0.12981586595425781,-0.099158541278452958,0.98656749624041296,6.9516149258803281,4.4637836122743204,-0.98802288216009859,0.2438352740849222,0.2242887644268987,0.9946524064171123,True,5
-0.98493558619785881,0.16590905963279862,-0.048744999464983341,-0.15645269748399077,-0.97505551317565076,-0.15744618025138446,-0.073650828176359442,-0.14744805918535872,0.98632379336169729,-15.934443876876951,2.5908509344713817,-1.66083404251178,0.259822945363742,0.2486560328466803,0.991304347826087,True,5
0.041849036135774495,0.99879264541530122,-0.025727604606964632,-0.98978160615986321,0.03793083799619669,-0.13745407828256223,-0.13631225286858514,0.031217030499583853,0.99017395780977813,18.011482608419108,-7.9580797035863959,-3.3355209422046124,0.2042661637742833,0.2125968768068422,0.5263157894736842,True,5
0.35259163452795617,0.93554269556434566,0.020952423179759178,-0.9295404763439743,0.35273461686139657,-0.10739084181559672,-0.10785936259371777,0.018388987026020504,0.99399607798875922,12.618321920171585,11.070257947755108,0.45576116016473139,0.3697382730086249,0.3146083766971057,0.8888888888888888,True,6
-0.53261367996623643,0.84559076374274766,-0.036040646300828663,-0.83423828946062906,-0.53169099839630363,-0.14612035663160378,-0.14272051117701606,-0.047759213742478462,0.98861009158923363,12.943822918430875,0.78174238195174617,-1.6100021849638333,0.2571812025906349,0.2569948293806757,0.9957081545064378,True,5
0.92480509562056334,0.37843802710694635,-0.038989674962018904,-0.3803959306898595,0.91824436887041405,-0.11011909440406517,-0.0058712033551163341,0.11667021332447358,0.99315335688602802,-4.7599645754049105,-9.1189843648069449,-4.0088786382701107,0.3089699457365649,0.2823214430550747,0.9847094801223242,True,5
0.057773930109616914,0.99794392788500519,-0.027750491835928974,-0.98905217781604504,0.053434157432547091,-0.13755210059032802,-0.13578645940235373,0.035393609831728533,0.99010571648993728,-2.2077201627138225,-6.8656259195622642,-3.55133057098617,0.280802066717289,0.2384256520515942,0.9921259842519685,True,5
-0.30116771772111001,0.95330944861956479,-0.022340567927366894,-0.94197886569842371,-0.30106684639543979,-0.14844046139450659,-0.1482356987374065,-0.023661132140372479,0.98866896808065485,15.950771441601292,-1.477321520984378,-1.9602535506797083,0.3968570475846838,0.2646348246287111,0.9137931034482759,True,5
-0.56308320978928084,0.82608829559701624,0.022703011496651639,-0.81330109846735699,-0.54907674844564347,-0.19249947415031934,-0.14655586677165364,-0.12685760597605439,0.9810344161755149,-6.8553703132659649,15.77326280011874,0.82062809827358807,0.3004628151210209,0.2313243360112582,0.3333333333333333,True,2
0.70153655050478281,0.70532189387284605,0.10182089338379197,-0.71130996078975695,0.70175320982057998,0.039756410650220175,-0.043412071905475219,-0.10031679086841007,0.99400801479803924,6.873671082303729,-9.0065429716517009,-3.8322657769372506,0.3944850631830972,0.2877697083237886,0.2482269503546099,True,7
-0.24128605728539851,0.97012001903099099,-0.025459521499370412,-0.95953250275252266,-0.24241331548292513,-0.14329396581173695,-0.14518407185757962,-0.010145597660330151,0.98935264295748848,-18.566262235742059,-7.8055047874384895,-3.8170744539499766,0.2910373134934345,0.2580472440771217,0.9454545454545454,True,5
-0.87688786498626281,-0.43722672570978199,-0.19975100141160157,0.48002624337837302,-0.77457123523693483,-0.41184245435794525,0.025347147924005713,-0.45702537333132021,0.88909241939378103,7.4205604645116701,-9.5769821859347335,-3.9909446114400895,,0.3868909808235529,0.2612612612612613,False,2
-0.4690289754261367,0.88312165820717325,-0.0103902365768615,-0.87095817049880297,-0.46445550918864986,-0.16035256538543904,-0.14643662606085966,-0.066160538009651979,0.9870051153657653,11.153843225136692,-3.3807345604290804,-2.3986943911797103,0.2160996300569984,0.1730896480743216,0.9793103448275862,True,5
-0.72864249671287895,0.68489293200162671,-0.0013355441728853806,-0.67253529003122547,-0.71586152731597341,-0.18771935800939027,-0.12952372619191402,-0.13588210111363994,0.98222179722825598,-16.665553115877628,10.60003895334215,-0.22820617018896,0.2425777811431801,0.2197801728858169,0.8333333333333334,True,5
-0.43038072657047255,0.90239379813099552,-0.021397740333716626,-0.89048056029308209,-0.42833932406454533,-0.1535245752316152,-0.14770511818075779,-0.047019746433231854,0.98791312447429513,-1.9748522746245416,3.5237557523083356,-1.3306700998909544,,0.2582666742685124,0.9662921348314607,False,5
-0.84806950265305769,0.52841696212087697,-0.039416149136337446,-0.51688960463916067,-0.84135185127475787,-0.15796265056179787,-0.11663299398440641,-0.11358950875622309,0.98665808070210048,-11.118127442336812,-2.0867589842685406,-2.5617770110919964,0.3797558316455291,0.3313521897095742,1.0,True,5
-0.54944523624271102,0.83508349076058297,-0.027303769507346691,-0.82328058411062988,-0.54667610445723946,-0.15282119173045614,-0.1425447726037363,-0.06148821248480274,0.98787660541626987,6.5581575057961343,13.43670150702245,0.60359241778810702,0.1873050562281795,0.2103291527131736,0.9491525423728814,True,5
-0.24898481498190725,0.96831751597527005,-0.019176813184405738,-0.9572311050540131,-0.24905032726911355,-0.14724994398716029,-0.14736069158869949,-0.018306357983816243,0.98891339551644786,-2.4804987378757022,-2.0566039516097501,-2.4385050617546424,,0.07583272495440212,0.4231974921630094,False,5
0.14278412211580141,0.98969128526157679,-0.011128986877117761,-0.98104968851874352,0.1400315485224522,-0.13391293468400817,-0.13097405517467661,0.030038729928132266,0.99093060885987805,-14.926450808723294,13.90689612467731,0.35617386305501508,0.26858084818063,0.2799748072592633,0.88,True,5
0.074175114364005687,0.99699579062057098,-0.022303495106150893,-0.98817816000491565,0.070473272906263609,-0.13615227466032159,-0.13417144442237713,0.032138937299523676,0.99043682898550955,-13.072748843043351,9.7765094865786182,-0.35046156510830234,0.2754769859122494,0.2496996001018354,0.958904109589041,True,5
-0.49375293327687197,0.86926323318169108,-0.024279051031677927,-0.85739205256339968,-0.49129258146088822,-0.15333123492171419,-0.14521332267256432,-0.054891081607219637,0.98787654090902699,-6.0498454952350524,-3.7854097857319351,-2.8662252965011819,0.2826556783822738,0.2509287533666509,0.9363295880149812,True,5
0.2059701147963291,-0.95031100632482368,-0.23342087110771986,0.96761972780506067,0.23335482137423805,-0.096216369209487757,0.14590536033075019,-0.20604494315390803,0.96760379661690854,-4.3780996919853683,-5.4332103290257283,-3.2511457302510021,,0.2965615066521921,0.3071895424836601,False,5
-0.99845120503655782,0.014811144702684034,-0.053626683224323214,-0.0056325134076237252,-0.98586991404613267,-0.16741800193343623,-0.055348585833413073,-0.16685665276298478,0.98442642765976907,11.015001539882675,4.7015091068896275,-0.77389499870967449,0.2809510884424457,0.2553753494206394,0.9375,True,5
0.026755138637440324,0.99930125718822072,-0.026099040950472555,-0.98990173459826813,0.02284962725372176,-0.1399015738785932,-0.13920746530209088,0.029578571912941845,0.98982139282183623,-14.881586953337298,-0.26732720550802302,-2.1696535799412078,0.3029757600972052,0.2681005219927396,0.8376068376068376,True,5
-0.052505192881297173,0.99861504626130426,-0.0033457586628638444,-0.98790528920300102,-0.052431002378028148,-0.14592508199199056,-0.14589840398452528,-0.0043565318967686319,0.98928998597206075,21.857195095712314,-8.7580254598729681,-3.4413648690372689,0.2633931663784269,0.3336357203026024,0.92,True,4
-0.1939924713971726,0.98054922061966809,-0.029835331125686294,-0.96997380980297954,-0.19627039052407019,-0.1436270938918664,-0.14668922706699083,0.0010769148950384271,0.98918204134365428,8.6228749754916123,-23.357497528510642,-6.8328944308665545,0.3195798100102976,0.3061933778907033,0.9444444444444444,True,1
-0.095179921250112695,0.99543831407957484,0.0065837263944268747,-0.98648002703611426,-0.093432881480993393,-0.13463822977515155,-0.13340891593012147,-0.019309570698826127,0.99087294928753489,-13.98421985437848,-14.51703340481075,-5.0756084174926244,,0.2685428577106047,0.9753086419753086,False,3
-0.11416074954339732,0.9934578306312235,0.0029769147103823924,-0.98302889490901058,-0.11252818427257172,-0.14488478014714884,-0.14360193256937459,-0.019466548277014464,0.98944405524542933,-3.4873379528840531,9.8861683911930545,-0.21592520192487058,0.2723434234390344,0.2576814041340875,0.99375,True,5
-0.69651938926239942,-0.70611476435099285,-0.12752521298581035,0.71266283516673867,-0.66009153795041597,-0.23746756599241267,0.08350104043447841,-0.25628324387637363,0.96298830478597386,4.201113885293954,-10.35518647438129,-4.2585765927592103,,0.2253365916536247,0.3015873015873016,False,3
-0.90282293320120965,0.42817496569766789,-0.039710830207447131,-0.41314154617526261,-0.88930887941807557,-0.19607085406066796,-0.11926782512428523,-0.16061106978651055,0.97978531839998284,-18.978135485876042,-3.7017157030549934,-3.0426697071883866,0.3036769578897502,0.2684901708208274,0.9876543209876543,True,4
-0.8860584681087802,-0.44781467697452348,-0.11984325671028272,0.46290909790944784,-0.8408748322042453,-0.28043659468433346,0.024810444683330841,-0.30395975334193054,0.95236175384300792,-6.924385345338373,-5.7170525441805857,-3.3685056014413481,,0.3777118553107482,0.4615384615384616,False,5
0.44376798376816179,0.85884630762845615,0.25583783233780794,-0.89040090292038265,0.45483782971716413,0.0175721579991579,-0.10127294140543167,-0.23559619804051962,0.96655999441728646,14.089313989528424,-12.947964323086474,-4.6421434426453478,,0.211237696457543,0.1935483870967742,False,3
0.24021060944076356,0.97017686312079043,-0.032491804769832155,-0.96283859032036212,0.23386976005312815,-0.13508065858068438,-0.12345327902488511,0.063732170822875467,0.9903017208407795,23.503954510418421,0.36291585494414358,-1.384150273870091,0.3128662157735438,0.3212896864324503,0.8518518518518519,True,4
0.32944274221301806,0.94399027774187061,0.018703880132002887,-0.93720114154272915,0.32934840759248696,-0.11482006230314437,-0.11454911564116012,0.02029733837522598,0.99321020844567898,2.0598324091078273,-15.580369278591874,-5.3358813022866407,0.219465621975166,0.1963803296090249,0.765625,True,5
-0.2158565790078581,0.97630948665462347,-0.015024099547456374,-0.96593935153601773,-0.2157621642470027,-0.14285607314226645,-0.14271337166924297,-0.01632405426470341,0.98962943509131818,1.8412202138225391,12.215561978773604,0.3262875188867882,0.3843457362645098,0.2679949832726512,0.96,True,4
-0.19445970487697833,0.9806421574775771,-0.02294301978557222,-0.9696482986914795,-0.19570858552845521,-0.14656168119658969,-0.1482147092021503,-0.0062536811698375681,0.98893543340702894,19.353919941890751,-16.102977100628095,-5.196638438369054,0.4290581315059749,0.2387847591765071,0.6571428571428571,True,2
0.84735651762639108,0.52897493634946369,0.046609534970378508,-0.53019883439998738,0.84766634306806654,0.018734108745921407,-0.029599460079006247,-0.040586790260998283,0.99873749525054867,12.334478192564793,2.5731674232151835,-1.2058262191611329,,0.270017010320087,0.3628318584070797,False,4
-0.82411608645413303,0.56528698282449352,-0.035823220077278714,-0.55344255944669207,-0.81708215256633976,-0.16148711821892142,-0.12055707959559696,-0.11325803727214218,0.98622442048077663,6.0410645783051171,-4.273133397317304,-2.7292209274954757,0.2781106524513442,0.2416521141534326,1.0,True,5
-0.25468332491832324,0.9669644102067545,-0.010781159587612301,-0.95632190397104766,-0.25350305605813123,-0.14554936122972437,-0.14347410914078024,-0.026758736193883189,0.98929224703500473,18.933012200207205,11.89782327731205,0.67100805160545474,0.3498788325504703,0.2906582073273577,0.8627450980392157,True,5
-0.80720280904587349,0.59027214038712861,0.0015573539255129276,-0.57635236255866185,-0.78759226177259034,-0.21798252996280335,-0.12744245462757017,-0.17685369512321053,0.97595142875030749,5.595951731833571,-12.168942398382764,-4.5352051901109096,0.3371865093839228,0.1313904092863229,0.3333333333333333,True,5
-0.046814405157266405,0.99890069922713387,-0.0024092640609332007,-0.988634655456059,-0.046677959451268305,-0.14290796385347568,-0.14286332454850639,-0.0043082693752532451,0.98973304952089958,-6.9712231501204576,10.562109764001153,-0.11355832325676427,0.2546990724707832,0.2807186359819403,0.9846153846153847,True,5
-0.34157307367845091,0.93679039986570134,0.075839185500089057,-0.92639751308849649,-0.32197783695030557,-0.19523811168993929,-0.15847865181565091,-0.13694531475104882,0.97781925614421794,-15.235701351375043,1.1056704014712335,-1.9154632684846311,,0.1800769450383148,0.4727272727272727,False,5
-0.12147714232717531,0.9925811192723667,-0.0051015248740629258,-0.98228003533413832,-0.12095226661227018,-0.14316592257000063,-0.14272083266288887,-0.012380261118884784,0.98968555261691149,18.328095695075422,3.9355065979043919,-0.91794191972919992,0.2578601526114409,0.2410643026412796,0.926829268292683,True,5
0.1628210094276023,0.98616969312371183,-0.030962158407669572,-0.97822230649222364,0.15725563177890467,-0.13546876154616877,-0.12872621322019789,0.052345034512382427,0.99029771250462195,0.98755097416359949,-9.5888620769554294,-3.9981114346581625,0.2824282930899535,0.2728688018190364,0.9570405727923628,True,5
0.81765814310739171,0.57488685574690546,-0.030663726120754686,-0.57445682682330801,0.81122447805157227,-0.10915218882848508,-0.037874993416074691,0.10686416283951421,0.99355197930170813,-11.54063404173259,16.329604981525563,0.78493216590578974,0.2499899583588825,0.2275346046036988,0.9833333333333333,True,5
0.95420047718743051,0.29915129504626309,0.0031546802413873233,-0.29862732778967982,0.95305690354967187,-0.050042558822549016,-0.01797688606174026,0.046808559777639897,0.99874210399835883,4.1664538700538207,-10.489964585054262,-4.2755033884874969,,0.2786419814132007,0.2352941176470588,False,3
-0.12077734648195583,0.99267111886836579,-0.0041088126515126389,-0.98336655164344555,-0.12020886280068076,-0.1361618684252191,-0.13565786997316881,-0.012404800231956233,0.99067808255030509,6.1255219135319852,18.540596466697437,1.4706516382702237,0.2030793793592792,0.1885170468023794,0.8235294117647058,True,4
0.94742401090818218,0.31734320637875058,-0.041000401460312447,-0.31994619300145655,0.94139829829253241,-0.10678800286455048,0.0047092609322291375,0.11429144034956516,0.99343610238620528,4.8773895876284845,-19.462965292179355,-6.1075465276263463,,0.1457081359575845,0.3043478260869565,False,2
-0.52176592180856385,-0.8355093555033225,-0.17229172848886745,0.84701550032555228,-0.48332015974268339,-0.22128345034041885,0.10161232724189244,-0.26139192805580053,0.95986936345513041,0.40890657329789959,-6.2025505761899487,-3.3864300643809084,,0.7680300771674051,0.4576059850374065,False,5
0.41314244334446942,0.91025105158047581,-0.027501720018952069,-0.90470013803726645,0.40679727547190508,-0.12662399813616121,-0.10407200268426403,0.077194557873427327,0.99156947234775927,8.7595295159612725,9.1858162242790709,-0.074983151113215615,0.2506471717227258,0.2522389116140112,0.9888888888888889,True,5
-0.23893191662555105,0.97099095759908227,-0.0093861322417992978,-0.9597750356308099,-0.23761778949769602,-0.14956492601578875,-0.14745650273053584,-0.02672725902610271,0.98870735479586358,6.162416081664186,-7.6388885485077456,-3.4557807977995219,0.2984572681014949,0.2516197447556752,0.9363057324840764,True,5
-0.90424150792189362,-0.39330105289362738,-0.16631769943065675,0.42697641477054082,-0.82709425199162367,-0.365521872877826,0.0061997242549328459,-0.40153378452526589,0.91582322710443553,-7.9823717576750113,-7.6978872994773182,-3.7902231288494312,,0.474577264307358,0.3140495867768595,False,4
-0.24650935163229823,0.96882538522792461,0.02470855106612686,-0.95672092283373589,-0.23920270559379386,-0.16573213764618269,-0.15465514983339043,-0.064493709573664681,0.98586122048462754,-1.1565993350056401,-11.528401817319414,-4.5266451891109298,0.2604627916046729,0.2270851637407674,0.8787878787878788,True,5
-0.19907220163780687,-0.97737091906145845,-0.071528631386593391,0.97195947951701733,-0.1875933620980729,-0.14178681417449554,0.12516001243243802,-0.097748744594005177,0.98730955339154447,8.375729801849392,-14.905940871331685,-5.1163905515841455,0.2584783330018953,0.2346379559348227,0.9611650485436893,True,4
-0.10031967458815381,0.99492911176154342,-0.0072128676622901164,-0.98430055872143674,-0.10030086077078647,-0.14523135828500461,-0.14521836313357553,-0.0074699329331712992,0.9893714303085468,10.318901144252008,-8.2091841946504314,-3.5964683074753916,0.3057117066494827,0.2439847083661723,0.9084967320261438,True,5
-0.065075327365648389,0.99602941031052306,0.060750436745150613,-0.98895140663304459,-0.056247481004914862,-0.13715442464290145,-0.13319278166168497,-0.069004598955972454,0.98868500961436134,-11.124452793886814,-8.4813918430373221,-3.9672210295125256,0.4017832633042702,0.3319715274669801,0.7213114754098361,True,5
-0.97509931358598723,-0.21416295232167865,-0.057580886559674735,0.22064256388460021,-0.96300837511277892,-0.15469883149227245,-0.02232011753028669,-0.16355151884194422,0.98628226843937894,-7.5719171060479047,-14.177997773526636,-5.0075402451991531,0.3767756310795048,0.3447374936552824,1.0,True,2
-0.32950260410595322,0.9441491283351171,-0.0032337828365665983,-0.9327033810178309,-0.32603610906321973,-0.15415855028127179,-0.14660299084705766,-0.047779483577734531,0.98804083115210528,21.832184464716242,7.2934135128562225,-0.024518441956453134,0.3111288876010816,0.3334635255711512,0.9482758620689655,True,5
-0.87111574071620546,0.48955557926757365,-0.038635489959966865,-0.47813442280844271,-0.8634707030908122,-0.16064189562344991,-0.11200374994656975,-0.12146472620414679,0.98625629543545013,8.8448668111737856,1.9120535217086552,-1.3668388998433205,0.264410094959311,0.2167277657753239,0.9714285714285714,True,5
-0.69956504293187616,0.66505020897506828,0.26137515231930691,-0.70162829654067227,-0.56999791105145914,-0.42757468925371089,-0.1353753456178684,-0.48250450872420986,0.86536865835298882,17.298120712203275,11.921115378251775,0.62588716293918389,,0.09431103758105813,0.1666666666666667,False,1
0.65123535603627736,0.75808537569531731,-0.034627650876064883,-0.75509374844874022,0.64276486085365703,-0.12917726079078706,-0.075669955080832851,0.1102719221228613,0.99101673098358734,-6.2623692920675307,1.1319232109828485,-1.836020560120861,0.2429719095650981,0.2341685301344015,0.9879154078549849,True,5
0.74062590813762519,0.67057361680975203,0.042476918838435969,-0.67020285271394453,0.74177171419444621,-0.024553212317826548,-0.047972913288747629,-0.010283407009432331,0.99879570039666776,2.0057953361309493,19.845857436128114,1.6131771308405045,,0.3026024078187857,0.4090909090909091,False,3
0.4751102284966604,-0.86681964694728975,-0.1513075359789712,0.86756291393284524,0.49018122088963229,-0.08400572037367815,0.14698592159183846,-0.091356829812150223,0.98491069062147585,-28.775813806652817,-8.5155786482718181,-4.1642728263453375,,0.1642982638436512,0.3,False,1
-0.95770383633356126,0.28399693907516232,-0.0463583915587992,-0.27402674282111694,-0.94926628188799356,-0.15428178858632099,-0.087822013702885504,-0.1350528217642393,0.98693871605216088,3.8677096476667727,5.7248302921338405,-0.80367059695520404,0.2392518337500193,0.2182833737850615,0.986784140969163,True,5
-0.12467311047104103,0.99174681008909538,-0.02991454835995476,-0.98150844570427465,-0.12768759553231998,-0.14260802557483956,-0.14525077120846916,0.011581995738175529,0.98932707980630286,-8.9238532767077814,4.2241134859672025,-1.2765439670526757,0.2228387826651101,0.2202641129451125,0.975609756097561,True,5
-0.54316920715449291,-0.83228451677039672,-0.11076865776667015,0.83446999776383279,-0.52052287210719306,-0.18087499121025619,0.092881834775111832,-0.19067884716860645,0.97724845459650789,-3.6818318639271697,-2.9488466746617186,-2.6533118558804318,,0.2140110150656097,0.1549295774647887,False,5
0.74956122835634209,0.65622931334104995,0.086724006231648082,-0.65768033329505704,0.75315467244787415,-0.014649865761815234,-0.074930261856178806,-0.046055701947431193,0.99612465493847491,-1.3904323216794445,-3.9853218197690206,-2.795953461472763,,0.1964737214561842,0.2545454545454545,False,3
-0.82080408637083979,0.57120841153639956,-0.0012658542546171957,-0.55240642423282149,-0.79434639218400804,-0.25270724502981223,-0.14535403077740469,-0.20672387335359407,0.96754196080710042,12.500140131670749,-3.3277951581256477,-2.3627758356236144,,0.1617509958219831,0.3809523809523809,False,5
0.85037197900285144,0.52612154384453613,-0.0079761161862829319,-0.52516114809630021,0.84768086179778479,-0.075119405428571595,-0.032760736514176145,0.068068183789549763,0.99714264601341873,8.1054469899422017,16.170868368010961,1.1448821977402204,,0.1498442628661713,0.1923076923076923,False,3
0.98645693224655007,0.1636731285581689,0.01066901170243004,-0.1614544218382333,0.95750663834404148,0.23898432416368784,0.028899662482583299,-0.23747030238552772,0.9709648114083842,12.41393300509735,-4.6466947699349159,-2.6120054810140947,,0.4641397209664419,0.288135593220339,False,1
0.91683907119502261,-0.37236654645836947,-0.14404607807543646,0.38592659826772674,0.91898843731702118,0.080752169179036049,0.10230727383597138,-0.12962795669255137,0.9862706598920834,-14.73422830515441,-14.812835468320467,-5.1324736490421339,,0.3499312135259047,0.3877551020408163,False,1
-0.43248016996889704,0.90093328253745175,-0.035778806575479799,-0.88965164912530459,-0.43284243782474424,-0.14549009322478954,-0.14656345312628019,-0.031090905973036796,0.9887125516415155,-1.7646200694845553,-0.96492365065861974,-2.2031393629997664,,0.2715526879477083,0.9849802371541502,False,3
-0.70917355738428223,0.70503105253167342,-0.0020200180704399266,-0.68635266578573317,-0.69103493859895793,-0.22669523992433938,-0.16122308667105231,-0.15937982495164518,0.97396364804988667,4.9149714239893534,-10.386682749124416,-4.2522435455647356,,0.1664592157210063,0.16,False,3
-0.89621433700705966,-0.40912890931657309,-0.17150334604441264,0.44360140772327761,-0.82283340072176092,-0.35519429291950932,0.0042015721967451035,-0.39440934347210299,0.91892525080823773,12.705384403762926,-4.1757466521894724,-2.5219551713524404,,0.2974735597647565,0.2380952380952381,False,4
-0.91096333187184786,0.4095734892793777,-0.048942464838400368,-0.39919585684069303,-0.90525931139280857,-0.14542436872080317,-0.10386758814070715,-0.11293863827820221,0.9881580785065206,-23.952132608351739,3.7250463146999468,-1.540243678095494,0.3558941150609753,0.3384724948478723,0.9649122807017544,True,1
0.85882689585496463,0.51161310293833706,-0.025853352934073676,-0.51120137294748835,0.85269805088312689,-0.10760664624790031,-0.033007866527998031,0.10563175148564186,0.99385734078153654,-19.641203760194028,21.050873872004189,1.4791225269688357,0.2829145244109791,0.2790175259496454,0.5882352941176471,True,4
0.85949552281133301,0.51111092682500492,0.0057503693235576858,-0.51027893853537487,0.85864179416682596,-0.048473438058227736,-0.029712811285436704,0.03872841063170783,0.99880791899917265,13.138883488860159,10.434039666017409,0.30791240708703965,0.3363334463682916,0.1638636235773147,0.1538461538461539,True,3
0.87033098714311929,0.49057893528051122,-0.043084580507680922,-0.4924313618571326,0.86587479148170887,-0.088160077903980935,-0.005943624989216769,0.097944646283226647,0.99517411521122301,-1.7350294594127695,20.357389126131046,1.6197124209606881,,0.188995273700494,0.3571428571428572,False,3
-0.40300641935761777,-0.91091209808477425,-0.088458891691838848,0.90876867956880514,-0.38686597352110136,-0.15644233943003535,0.10828348438854293,-0.14343593724853984,0.98371785533978739,13.095680822039665,-14.904135689931797,-5.0929431292664056,,0.160678677024021,0.7575757575757576,False,3
-0.13303923120153019,0.94369335393910836,0.30289175738613833,-0.98045046631350963,-0.080609151003035617,-0.17949665144562471,-0.14497394961484664,-0.32085046128333267,0.93596876840381038,9.2332682047499794,12.326825575988757,0.52573209514611219,,0.6633055818557875,0.1958041958041958,False,1
0.94516946757033615,0.32578042500222887,-0.022842772558860896,-0.32656154468672499,0.94354965634568355,-0.05542204923822025,0.0034978714425739563,0.059842799861894697,0.99820168513184837,-9.2451873456018632,-19.492454341784065,-6.143394433213488,,0.1631432103703418,0.5714285714285714,False,1
-0.99534122941715342,0.083686648514485984,-0.047878824993556016,-0.073470459760489701,-0.97991063999646622,-0.18541097368898965,-0.062433393027553311,-0.18102950721396177,0.98149395767520586,-1.0931047889022893,-9.7126741879815146,-4.1078618721630358,,0.0986667094894487,0.3658536585365854,False,1
-0.87568876948495644,0.48181130061678323,-0.032047614511647879,-0.47028706977695955,-0.86603435865192624,-0.16974852469152277,-0.10954109273932183,-0.13357529798698181,0.98496618661209134,-21.826006187176446,16.962420460206197,0.72886344705417283,0.3067580514137335,0.2710590612695825,0.9666666666666667,True,2
-0.64217654405585545,0.76652415582156852,0.0070714076752603633,-0.75399259351408687,-0.6299607770381932,-0.18613056793373997,-0.13821886698413827,-0.12486047387170773,0.98249957092822904,10.992663104609086,-20.880574015426241,-6.4333969205749808,,0.2141362149003858,0.875,False,2
0.30731111694227786,0.95140599779796453,-0.019659724254175122,-0.94440716734764629,0.30238332965940895,-0.12907139189799124,-0.1168545235157171,0.05823185810318747,0.99144040216029439,0.078616081550747563,17.263460633342806,1.1711957377139344,,0.2355678752994288,0.7974683544303798,False,1
-0.22151219988712104,-0.97012281068446449,-0.098965031656863392,0.96717105744740639,-0.20560167529669335,-0.14935895269872523,0.12454915068853385,-0.1288009445030156,0.98381798405899112,-27.319212392863363,15.754666474469348,0.30937452163114715,,0.1513618535505695,0.391304347826087,False,1
-0.7142599105689853,0.68843172919270623,0.1260735277317396,-0.68691847766798309,-0.65505586732734034,-0.31471386324457756,-0.13407380501904922,-0.31138973155961081,0.9407766206103062,-12.513508734505495,20.573371433105258,1.4832827139410421,,0.2678160242027522,0.2432432432432433,False,1
-0.76233689015065942,0.64618203297876009,0.035933913937380199,-0.63416027324505864,-0.73476629731980381,-0.24074724538548495,-0.12916351556525171,-0.20631836704080167,0.96992242868615186,-8.3709917260924929,20.422761741613794,1.5789962440643048,,0.169056593530437,0.4285714285714285,False,1
-0.24587981555126534,0.96889625722883732,-0.027984978692641879,-0.95797860934060108,-0.2473064031837926,-0.14531526757414309,-0.14771628329444653,-0.0089210802175096436,0.9889895418948722,-24.46105016037529,-4.2027092133778847,-3.2464999008797655,0.4137043539516033,0.4094198221903291,0.9555555555555556,True,1
0.4391645948876261,-0.88986914045150833,-0.12356120535703044,0.88617818236173607,0.45168515102577189,-0.10328965799573706,0.14772504088081342,-0.064136083563939073,0.98694674379210712,20.165048340651342,-3.013193963068872,-2.0549632698801523,,0.2591746706386974,0.1515151515151515,False,1
0.34635635153985461,0.93810298387500335,0.00026342516355025783,-0.93127690740163127,0.3438698870956069,-0.12031966792386153,-0.11296282347947213,0.041428159428952685,0.99273516514621152,-20.714292256096567,-12.905502967255858,-4.8055709098623662,,0.2617127279816831,0.975,False,1
-0.54233841131598792,0.83996287058907804,-0.018205044438476342,-0.82757485605563919,-0.53782544040981595,-0.16082180596074769,-0.14487548183091309,-0.072153805719061381,0.98681554663701865,1.786095696637034,-0.58593488087056667,-2.0300749574167503,,0.2486154173128701,0.8946700507614214,False,1
0.36984661502149913,-0.91301040048610227,-0.17212056809500267,0.91715527213338899,0.38837662075266338,-0.089385721738267226,0.14845769820076049,-0.12480227985477386,0.98101208085730685,-27.334854359719127,-1.0127486345095187,-2.6041950239911302,,0.43582695444104,0.4864864864864865,False,1
0.0053616279488207328,-0.9935567194861169,-0.11320909022567417,0.9901847013546321,0.021086423264154115,-0.13816519083026527,0.13966212854234,-0.11135711884702905,0.98391772111956222,14.865468058903957,-2.9682833410064884,-2.2762741932396331,,0.1230686950514363,0.2777777777777778,False,1
