axis_00,axis_01,axis_02,axis_10,axis_11,axis_12,axis_20,axis_21,axis_22,location_x,location_y,location_z,dbh,dbh_approximation,score,reconstructed,number_clusters
-0.6660138388850575,0.70850634518918054,0.23333307789565289,-0.74481989981373731,-0.61451129943752658,-0.26003688143234033,-0.040851967578604452,-0.34697928135592254,0.9369826546178347,3.4765896017190556,-2.0217246801987772,-3.0820960296590383,,0.5192960610399527,0.6243386243386243,False,3
-0.07992483057713537,-0.98683411524769959,-0.14060743380243548,0.9715922356532658,-0.045602012870179481,-0.23222614848564382,0.22275670377230958,-0.15517372653087264,0.96244509740505069,4.6029526455099008,3.9645650931272742,-2.4038936153533954,,0.4993554730139166,0.4601769911504425,False,3
0.94442385979912868,0.31511662390732748,0.093622040029922138,-0.30218656847644115,0.94432766201647311,-0.13010974053826718,-0.12940962435054609,0.094587420346207193,0.98706958672512102,6.1284465744260146,0.29991116325646516,-2.9659630646530908,,0.1119584862295501,0.125,False,5
0.37662233623516989,-0.92459787836447782,0.057222191260628247,0.91862994844430479,0.3647968713791756,-0.15179677352690274,0.11947649840020944,0.10973607408628425,0.98675395128378041,11.65404359596006,8.0849389665504461,-2.1774080163469747,0.2070466201040098,0.2007166742080635,0.5116279069767442,True,3
0.87919158883500459,-0.47263293020604541,0.06033459543767733,0.47633933075780077,0.86893060008717327,-0.134389189317279,0.011090180115362731,0.14689358569043259,0.98909012854644185,-21.309054299956948,-11.156840329138774,-3.5202039121483657,0.2978170466672492,0.3093446197666637,0.95,True,3
-0.44327532120986002,-0.89630134172198295,0.012283909543297424,0.87832414148649374,-0.43704000176947089,-0.19375948837503121,0.17903544925044418,-0.07509954514318562,0.9809721536470738,-17.774146689292039,9.4386180118886145,-0.82215177773496373,0.2240991552991682,0.180616783411926,0.3888888888888889,True,4
0.49587696950316767,-0.86713151591620086,0.046786378586361421,0.86164623485009639,0.48460707696217908,-0.15073734416801154,0.10803609158520745,0.11506048436819902,0.98746609453284462,1.6123173881617587,-9.8266095221282086,-4.1728632966409229,0.3023691378388776,0.2419017116916426,0.9282511210762332,True,5
0.97148234585935678,-0.22386582094642529,0.078141831918533813,0.23348894897196515,0.96058645182876112,-0.15085283978433461,-0.041291190241604221,0.16479612487863349,0.98546297486684797,-13.291025222464402,-8.7543657920726901,-3.43829243209185,0.2241005372269464,0.2542685058202614,0.8272727272727273,True,5
0.78430670906150923,-0.61503667567681053,-0.081196512816268593,0.61311045177949486,0.78842563261646492,-0.04980557952749845,0.094649670046167145,-0.010719580483588398,0.99545292734232638,5.3083495291882414,0.35884581347132355,-2.9166362471632863,,0.2748878357216809,0.4411764705882353,False,5
0.85294229594618476,0.49723063152559865,0.15890606929474399,-0.49788329241458895,0.86638620237385178,-0.038563914098862756,-0.15684918527190578,-0.046223883532972541,0.98654026054219912,-1.3139972562781346,-13.032864110095534,-4.4484175895008917,,0.1635004539775595,0.1764705882352941,False,2
0.12001718429566566,-0.99095677510097191,0.060004544454760875,0.97977088007456359,0.1084793632267366,-0.16817030151557033,0.16014024488446466,0.078974031398966166,0.98392997938518989,0.99199849996162726,-4.8525942384558753,-3.412647811191404,0.3530664324514653,0.3159278178455966,0.9334516415261757,True,5
0.58839217330309257,-0.80615558017666467,0.06251264628608158,0.80361999989913657,0.57448918415781303,-0.15542545817143957,0.089384261241983815,0.14168753592223784,0.98586768686599591,0.27201508858859558,7.388876477090859,-1.7418461013770277,0.3478631900123527,0.272260974454894,0.9585062240663901,True,5
0.8467582866117791,-0.53193902716320884,0.0064245960918183354,0.53177598026893413,0.84670793046899473,0.017320141163570224,-0.014653015501881674,-0.011249527170980173,0.99982935407755003,-2.3810309103575289,9.4369124702458222,-1.3982366498187726,,0.2925659933183374,0.3235294117647059,False,6
-0.33751651913681524,-0.93970321527465672,0.055140425390438709,0.9213595742116456,-0.34179145003437644,-0.1851354630856325,0.19281891587264186,-0.011682118209861418,0.98116481479710027,-18.617430423964372,7.2588391811298019,-0.99584241085342673,0.2272396756915378,0.2182224725903861,0.9019607843137255,True,5
-0.68634222057241123,-0.72430884952223573,0.065658561996948722,0.70467363263475635,-0.68462741038591646,-0.18633405597906752,0.17991505698264443,-0.08162107235297289,0.98029004525134433,8.5249109059234129,-3.7590336441150476,-3.4665486291280243,,0.08100116147732093,0.2631578947368421,False,1
-0.96560045835701092,0.20613815710661404,0.15850178234145537,-0.25624783156730985,-0.85793121240724413,-0.44529886996767287,0.044190537876120088,-0.47059653097119586,0.88124122770107305,-7.678577680928095,4.5151125655039532,-1.7830614500318993,,0.5810431611712903,0.268,False,3
0.69607571260074652,-0.71539388183162222,-0.060746984824317729,0.71384114937327325,0.69865180160188178,-0.048129757737691542,0.076872724608974458,-0.0098617420533869057,0.99699214152111804,-9.4251837536880938,-12.498379794062481,-4.1036536976166902,,0.1806785437848631,0.21875,False,3
-0.10291263816020897,-0.99405939773941998,-0.035424605472011365,0.97952568474814716,-0.095084344592514691,-0.177449712121731,0.17302722856700675,-0.052961128947121815,0.98349209300078622,2.7628031898417778,-12.665124130244726,-4.5743243948078041,,0.1576005971627581,0.4285714285714285,False,2
0.97672894945228661,0.15295865064399089,0.15034696702961156,-0.16543574767599672,0.98342166833024725,0.074248472371073765,-0.13649751899839613,-0.097393395318798107,0.98584124170961718,1.8534381226499406,-17.238513640172538,-5.207389055520431,,0.3071035666168923,0.26,False,5
0.98724875427087555,-0.13768557048431393,0.079891056264221522,0.14723830091277654,0.98058201602204187,-0.12953683876977384,-0.06050437946894982,0.13964810609011752,0.98835096323650151,0.31571150655968827,-15.938255819443141,-4.9289075613636548,0.280713593157496,0.2713084279517716,0.9868421052631579,True,5
0.13339173698375123,-0.98916724521687416,0.061276467705948086,0.97820269798809201,0.12148055076084498,-0.1684100870959315,0.15914184287381869,0.08240532007644974,0.98381056970832692,-3.3010000179279007,-9.9802141856748765,-3.9868622028057485,0.4281857739979795,0.3951020728312706,0.925,True,5
0.64819239404809992,-0.72850377447880044,-0.22165033469032708,0.75750916366738175,0.64656870241892872,0.090159747183798267,0.077630453161994628,-0.22634302203170265,0.9709492000714659,5.7520341543387792,-12.465583620339592,-4.6624592601769743,,0.5132820743689387,0.25,False,1
0.81193982148855881,-0.57890904019920553,0.074953648722147881,0.58279874112866636,0.79662551629991341,-0.16041637733953296,0.033156501926019169,0.17393133689916965,0.98419943935388343,2.6459163693020833,4.2158460146823353,-2.2750377812837113,0.3287574968038925,0.2862299917830017,0.9803370786516854,True,5
-0.88288201027815749,-0.46907940958951777,0.021996895834361881,0.44409293566015418,-0.84924597258355894,-0.28559191610994511,0.15264606258906416,-0.24237529896784707,0.95809884355754293,2.5018139438866385,-17.063736973774919,-5.2174173974754954,,0.2224847701417973,0.16,False,2
0.96185548083708972,-0.27233040570209754,0.025887914434788727,0.27277017121685865,0.96195821595358733,-0.01525858622932022,-0.020747715006177288,0.02173800564732175,0.99954839374214399,-8.9153703624343947,1.4736622292989678,-2.0708418072329557,,0.2881405066351784,0.3928571428571428,False,5
0.89178194354140861,-0.45196916401726589,0.021185843175145557,0.452450915637789,0.89040022052987788,-0.049755564702563121,0.0036241015485633868,0.053956668335605251,0.99853670129349148,4.7980585376588669,-5.8178419411483357,-3.6289161340300828,0.3726790554070162,0.2702198812133588,0.2265625,True,5
-0.19402990131569378,-0.91753471632615369,-0.34710580768939447,0.9637159552339335,-0.11216292733104948,-0.24222104648456222,0.1833138156903861,-0.38150953077061456,0.90600580732587854,-4.8609034694448869,-9.5747947750697442,-3.893360775375192,,0.51578864437942,0.2111111111111111,False,2
0.98489463902272945,-0.16360544054763287,0.056708110949869925,0.1646403774484802,0.9862535314581089,-0.014054102604984187,-0.05362924703843739,0.023178255103101189,0.99829187733471314,-8.6329419233062623,-11.828630145239314,-4.0646899529659821,,0.08915373008519659,0.1578947368421053,False,1
0.13914922044557121,-0.9877612564516024,-0.070464137705228524,0.9764577644621798,0.14870404802363024,-0.15626048868126474,0.16482635915080945,-0.047061729191960736,0.98519920065667466,6.2742661849287087,-4.5077948976577256,-3.4658296961897759,0.1320222157689095,0.2223210901317296,0.14,True,6
0.88645608655055019,-0.45973674414907983,0.053270373536210031,0.46263517999271775,0.87703890937380002,-0.12950460098977662,0.012817833303233002,0.13944489063289173,0.99014687073473684,5.8516294382231795,-6.3636150763155044,-3.7199304038287315,0.1838567064493656,0.1730882145962046,0.630057803468208,True,5
-0.26872916695315052,-0.96215084700199049,0.045281148859306487,0.94511124033214067,-0.27245836505207693,-0.18036402831771137,0.18587463040046329,-0.0056733523160495472,0.98255708986653278,-12.685499770605785,4.1270445018934856,-1.6805309107238862,0.2877900791114398,0.2513435366670702,0.8878504672897196,True,5
-0.99541512295804768,-0.063059939019755498,0.071917849503719683,0.034283891059043094,-0.93716057416556076,-0.34720984007301425,0.089293604475721683,-0.34315230193093743,0.93502574824398932,-17.453225808029444,-8.9171540543738725,-3.3183420687812064,,0.2679423231032143,0.21875,False,2
-0.078036903906673519,-0.99562255797135246,-0.051438931630066735,0.97760765828363705,-0.066306520398623628,-0.19971657872548193,0.19543159441053878,-0.065872356958051631,0.97850259299347109,-5.3165182650752216,-2.6473058327942018,-2.8015082711576507,,0.4732665862467421,0.45850622406639,False,5
-0.99648423069827463,-0.070934958636543782,0.044580372507404382,0.054223292721472312,-0.95168201625602145,-0.30226011060229974,0.063867147236342431,-0.29878013919620683,0.95218244886459957,-7.9348374603040117,-11.78755002395879,-4.0874750120546022,,0.1635424953448117,0.1290322580645161,False,4
0.4131260026793922,-0.90035223825619615,-0.13672144300439507,0.90418249807987561,0.42342588874478343,-0.056254127908316479,0.10853992848800835,-0.10038109287982123,0.9890109807863966,3.5754887136823839,-6.4037700074037378,-3.7007312291349632,0.655013730680001,0.312822373438959,0.2198581560283688,True,7
-0.98676902585659565,0.10848196937260637,0.12049295386480754,-0.13933425033063035,-0.94740971344089986,-0.2880985969466594,0.082902691722446492,-0.30107556725658313,0.94998981389607551,-4.3636917673106348,5.6879414095916196,-1.7846850716632217,,0.327613660812054,0.3035714285714285,False,5
-0.97483890528562434,0.20514475758597675,0.087205144209013569,-0.21857692842300508,-0.95646895893747763,-0.19336819011983547,0.043740543008615129,-0.20756386733737442,0.97724306386551685,11.366079251509815,-3.6043899076783004,-3.6051345751714958,0.3654901194600837,0.3393806539910152,0.9174311926605505,True,5
0.99503902342143757,-0.061477858286019801,0.078216461241079324,0.072862820811692527,0.98565909734735857,-0.15220759888965732,-0.067737369389993182,0.15715157255641984,0.98524871582315154,-6.0992067213290371,13.751310463743275,-0.68238257473281838,0.4358874903228595,0.3590101641522397,0.7833333333333333,True,5
0.70705920928581878,0.69141150814633434,0.14838261679497117,-0.68311707260673549,0.72206290928835626,-0.10943591797594485,-0.18280683706392287,-0.023985025179168562,0.98285623510757569,2.0680397604930549,4.8219480995544224,-2.1735874506323332,,0.2156426981160084,0.4012738853503185,False,5
0.95281065062024417,0.27112278404087348,0.13654413220110156,-0.26417585413802919,0.96214396659638901,-0.067008250481627257,-0.14954257639571664,0.027774511986561591,0.98836511185332632,10.06725145779162,-4.8285064394249986,-3.6800705587904647,,0.3555390955467189,0.5984251968503937,False,2
-0.33697832351766327,-0.94036931885983177,0.046380530681785936,0.92162725806538048,-0.3395316698560209,-0.18793999668956335,0.19248066570467864,-0.020586143686492545,0.9810848097988295,5.8529113337052188,7.1848573698784435,-2.0178850864558102,,0.08840520902215084,0.2444444444444444,False,5
-0.88976143647782979,-0.4561195016548959,-0.016720836312772325,0.43129897383530813,-0.82822696078278901,-0.35780063806694756,0.14935120128582596,-0.32556888924249811,0.93364828336579031,-5.0491682434686354,-13.122075739350171,-4.3113036724044749,,0.3131231455260849,0.1875,False,1
0.94288278912092705,-0.33237329111715364,-0.022361603956169568,0.33164748686162976,0.93026989247504965,0.15686896319165275,-0.03133672666226979,-0.15532521529491236,0.98736623755103292,-7.5092626082173792,4.1677907361280209,-1.8515426523348901,,0.4247855415117329,0.2132352941176471,False,5
0.0017314443725794388,-0.99899498526129593,0.044788631628654513,0.98507096301589214,-0.0060060542712255093,-0.17204396279740072,0.17214005903137997,0.044417865041824593,0.9840705530305226,-5.9648535504247286,-12.763014910624385,-4.2683916838351195,,0.09218479559715553,0.2692307692307692,False,3
0.61596815148391559,-0.77735043247077351,-0.12770881525951977,0.7841455550588422,0.62055810639761255,0.0048358107562161134,0.075491620985038671,-0.10312100524001563,0.99179991603112194,7.3592100581526516,-2.2168848942402684,-3.2968179682178547,,0.3813422751267239,0.5,False,5
0.83088697192319871,0.54693221594748143,0.10243042051594878,-0.53200956538708077,0.83477714106455703,-0.14182012231250202,-0.16307256735866374,0.063342528484906666,0.98457862147224762,14.088882770173182,12.041928270480808,-1.7698717781408086,,0.1909172777724912,0.4827586206896552,False,2
0.41983052213654914,-0.89778477547063684,-0.13313462966370329,0.90297852849917537,0.42796159419220481,-0.038453230890674789,0.09149923361437215,-0.10407387198334411,0.99035171500754116,1.0682436873885719,8.1478409284398143,-1.6934706674007822,0.633275550641864,0.6648189700733581,0.2482758620689655,True,3
0.77168480872631673,-0.633154711054008,0.060147051890717521,0.63434918241434712,0.75940607880457822,-0.1445805043735314,0.045865790642680676,0.14972481205455285,0.9876633079668149,7.8719484911949991,-12.324758821585382,-4.7300669809574707,0.37328602135814,0.3526725902367617,0.9487179487179487,True,5
0.92660589819447114,-0.3758535267700131,0.011646280340134547,0.37484454900977859,0.92569335922445439,0.050826850831044906,-0.029884335509990492,-0.042730915064957548,0.99863957231267297,-10.173374301889712,3.6824472964828803,-1.7958024057405024,,0.4762877973897076,0.1696428571428572,False,2
0.67938419397109273,-0.73037478687547075,0.070638429193030844,0.73029241814484469,0.6636340898074734,-0.16205794903540191,0.071484970325260896,0.16168631835135688,0.98424968045490357,5.0358243769397282,0.45162662569799433,-2.8540861498345724,,0.07145884271480389,0.3106796116504854,False,4
-0.23898967596931084,0.91882000586289148,0.31409191585617152,-0.9618454989397679,-0.17963943759113418,-0.20635626627570619,-0.13318097067296422,-0.35142491273109461,0.92669485795624762,9.3552341024918171,-8.0837794575032653,-4.1638865744729623,,0.3401454239901245,0.3571428571428572,False,4
-0.86477890919339229,0.4858780948278501,0.1268066054302556,-0.50212960541847873,-0.83428556706111834,-0.22766961140167497,-0.004826756319566472,-0.26055722895357514,0.96544633867629559,0.65198768238678428,8.5084390125779166,-1.6148739123957399,,0.3303536380782364,0.1923076923076923,False,3
0.96507305914355945,0.23606655668171536,0.11360709190772983,-0.22875839203429668,0.97068599170489223,-0.073744854612193683,-0.12768550657445782,0.04518059676818189,0.99078510540202203,-2.1272730864985623,6.0912184371323281,-1.8426572277955069,,0.192514136257308,0.2647058823529412,False,5
0.72107956507709192,-0.69205653931207489,0.033196494146607275,0.69067336407832014,0.71418950637992207,-0.11359424778367343,0.054905054238817967,0.10483842507495419,0.99297247678212852,1.1446172717337935,13.3113926340693,-1.0379507236579424,0.1727158803523253,0.1917660127332325,0.7792207792207793,True,3
-0.12072621116741687,-0.96098327821151841,-0.2488700884698764,0.97609930741788686,-0.06927997707506936,-0.20598647245583851,0.18070784154397473,-0.26778988736380943,0.94637902144447217,-7.1825906441464999,0.62500892923443996,-2.2336235113867149,,0.5118193590985002,0.1666666666666667,False,7
0.99075514286084576,-0.11146568240376359,0.077328187234982249,0.12098501293420298,0.98384958112970711,-0.13191902196503194,-0.061374860815287466,0.14005500118583103,0.98823970933308525,11.621074015130757,0.06532191742862542,-3.2547751172269348,,0.1976932145518091,0.5813953488372093,True,5
-0.8271146613016378,-0.54539490200954521,-0.13574143774793115,0.53797584093653594,-0.69836764766002513,-0.47208539828131663,0.16267554096576342,-0.46349436842727765,0.87103940140942826,5.6277463275764319,-4.088553307847131,-3.3920581017292815,,0.3276975777058552,0.1515151515151515,False,1
0.70194669599450021,-0.70895681222967877,0.068198785733576878,0.70936862629787689,0.6873408805621235,-0.15607263031148377,0.063772941022546409,0.15793274613332803,0.98538838012842322,-9.5842356235586976,-11.697855908564971,-4.0020209548562908,,0.08914168247252582,0.459016393442623,False,5
0.84250684851858604,-0.53587182510088371,0.054987246360659596,0.53823096751077681,0.83320563003405412,-0.12679039274317155,0.022127715916770034,0.1364176130219345,0.99040426041374841,-9.888671970606973,9.1348013329210946,-1.1456427765380142,0.3238340643807173,0.2968029543348908,0.9833333333333333,True,4
0.70777547514950079,0.6736955374570941,0.21257516220691317,-0.68555527649684522,0.72764203817741535,-0.023473967375597704,-0.1704929313614866,-0.12911772569021457,0.97686271976586037,10.237021527496088,-1.1321185976586385,-3.3114136336770152,,0.1926711405499692,0.35,False,6
-0.25492300862016554,-0.96478720862354828,-0.064806648983145559,0.94902526851420121,-0.23678315293442403,-0.20804994161974805,0.18537879975226518,-0.11453986451369122,0.9759689134596421,6.1970314761665843,-3.3266857250236517,-3.3281584279251675,,0.3039427853430279,0.5869565217391305,False,5
-0.72059503890806909,0.64614320171646922,0.25147912990279814,-0.69075778537565646,-0.63763975028058484,-0.3409827426792032,-0.05997059149280428,-0.41942163956775447,0.90580848771597389,1.8104472958074831,0.97497249351744841,-2.592141652866415,,0.9027085742280276,0.5169660678642715,False,1
0.85224546103353993,0.48608175237739026,0.19339649467726761,-0.50316729543183181,0.86281414643887755,0.048728036208800951,-0.14317942224895469,-0.13883903885678606,0.9799098807205584,6.4945529118415868,3.0031852663161462,-2.5977569409525874,,0.2549738507122148,0.28125,False,5
-0.25923646799777639,-0.96546174658165196,0.026078143100028775,0.94804135619482388,-0.25952939388495777,-0.18401652277441405,0.18442895815006363,-0.022980635265677445,0.98257714699583232,8.5096938996865514,4.0684327315296107,-2.5674907803256324,0.2265564663860579,0.1613483552675231,0.4905660377358491,True,5
-0.50376619471481809,-0.86350523558705627,0.024048475550335444,0.84162763658058704,-0.49689483701333531,-0.21156191125357673,0.19463438135727071,-0.0863378773380135,0.97706869181774469,3.0013690851457304,-11.798897301835931,-4.4788293527688268,,0.1051190416423399,0.2647058823529412,False,2
0.59772157586088126,-0.80150207983306754,-0.017981484189356023,0.79841617051410141,0.59714986237291401,-0.077095139468112181,0.072529555437646998,0.031724720507468926,0.99686157800205166,2.596484705840282,-3.8640123175131538,-3.2726120450654239,,0.1567441689649483,0.6307692307692307,False,5
0.21685176079891624,-0.97317638566146758,-0.076831219105864906,0.96403414657350195,0.22587296971808615,-0.14006986039485125,0.15366677610567026,-0.043693522879442254,0.98715621761688477,9.9749052049768157,-5.2564400541302776,-3.7021625463894772,,0.2040346814625635,0.2558139534883721,False,2
0.57041089405046796,-0.82100478109089203,-0.024136308218985894,0.8172104227352156,0.57023432540870744,-0.083665638697175138,0.082453240818514031,0.027999349127654144,0.99620153559756752,-9.000905895765591,-3.4607228277193567,-2.7703929033466919,,0.1930841884494111,0.3396226415094339,False,3
0.55181081202669424,-0.83318749976646189,0.036102880263943704,0.8281939536846088,0.54238980706718831,-0.14109596829773116,0.097977562792184336,0.1077584679852613,0.98933740946492721,-17.018358137247986,10.571384270777754,-0.69148553847808014,0.323423421541964,0.3210010382361385,0.9342105263157895,True,1
0.94569107480737424,0.30567820410711838,0.11058583346668363,-0.30273358967182001,0.95210833051745281,-0.042919699948667719,-0.11840931008197028,0.0071107308426462974,0.99293941043388734,1.1879368800732182,-17.157943919656891,-5.1554854218455066,,0.2191395269060418,0.2673267326732673,False,5
0.28482614373747556,-0.95720821446948445,0.05124940971153831,0.9481400932464501,0.27345262217842792,-0.16203094458268072,0.14108306568207499,0.094742269214348973,0.98545394159334709,4.6248005848127605,18.995837511618625,-0.40247479897911237,0.3326617474413198,0.3022931857064992,0.8529411764705882,True,5
-0.98115662226439138,0.12235003702223275,0.14953979747006818,-0.17851405304865567,-0.87014220866832936,-0.45933132873552573,0.073921684578156802,-0.47737093034082023,0.87558699134618712,-0.22016784385885507,-14.740045563824578,-4.7219126672568406,,0.257935873516047,0.2727272727272727,False,2
0.56027330896083238,-0.82637427806954522,0.056562989764677468,0.82266735394707058,0.54720346611340054,-0.15422967102087265,0.096499968993808694,0.13294329324384727,0.98641463734358459,-9.0140388816392125,0.53567911081563868,-2.2289074824975366,0.169180546622122,0.1905284366752447,0.6887417218543046,True,5
0.97459972749948764,0.19911960794465378,0.10250245309207012,-0.18292476935161697,0.97183106711408385,-0.14860318216498147,-0.12920487574229689,0.12607838325370579,0.98357020154158248,6.9870696938903256,-12.024090520257909,-4.6430003110369453,0.2098672556906453,0.1380108492663371,0.2413793103448276,True,4
0.9620070283726575,-0.26761103993482577,0.054099987676596906,0.27181011387610982,0.95740694883369737,-0.097422771052787974,-0.025724295058622282,0.10842631428739437,0.99377160103002837,5.9660388964442879,2.1852381311238158,-2.7095373847621103,0.3371920190058134,0.3771121267851504,0.6381578947368421,True,5
-0.69116186388774636,0.6865362375965548,0.22575046483669733,-0.7164336898302599,-0.60983750210596099,-0.33885245919332241,-0.094963392859652468,-0.3959371357828545,0.91335411452768656,1.3695565485227887,-14.977469222905937,-4.8385597994756742,,0.1843927213564419,0.2105263157894737,False,2
-0.0035415197775604625,-0.99880507855337386,0.04874292454967475,0.98514140744024148,-0.011854459912408112,-0.17133557460973084,0.17170866310214719,0.047411884967540022,0.98400622364876289,-8.2620648067464888,-8.7590692989528609,-3.6388218221594828,0.3098273273359435,0.2617088136703208,0.96,True,5
-0.38749229321690298,0.85705647597229151,0.33956430862424442,-0.91271337668632158,-0.30487369581771318,-0.27204102928841389,-0.12963030014374305,-0.41533868901464488,0.90038311772946822,-8.2975897965873013,-11.772607173952352,-4.0753910859462241,,0.3802918991992627,0.2222222222222222,False,2
-0.44335159543273267,-0.89622293835044764,0.014960200591612786,0.87399741761226579,-0.43594030705641679,-0.214673153166968,0.19891675855578894,-0.082100508269119535,0.97657136437006542,3.8536356387707631,-3.9599796263724349,-3.3113925876531241,,0.1320943352239333,0.3894736842105263,False,5
0.55070587975584928,-0.83299966229730993,0.053240929883916772,0.82950587138022702,0.53906070115372762,-0.14606015821360072,0.092967969473720408,0.12459985186275145,0.98784200840403324,-2.2862210866472523,5.1733641409286797,-1.9749619596611976,0.223130579589593,0.1697744551209497,0.7918552036199095,True,5
0.59529906629033746,-0.80341611121820034,-0.01189848346961335,0.79668927250198163,0.59210986753503303,-0.12121100547355024,0.10442808412546825,0.062677404243234314,0.99255544844769972,-18.795847539083113,8.9815608569842649,-0.8664194274429502,0.2660623313703736,0.2306714126570493,0.4444444444444444,True,2
-0.21258810107916276,-0.97699103579494018,0.017170185085949911,0.95687039446233402,-0.211706341785797,-0.19894590483137031,0.19800340270069353,-0.025863890349392668,0.97986004699392748,5.443544084491708,-12.105079705604519,-4.614058902344313,,0.1988175871945456,0.4444444444444444,False,4
0.85864695762201837,-0.50907541471749895,0.05972959313989145,0.51219486530130487,0.84773480323867045,-0.13784818945807439,0.019540269328453853,0.14895611940466769,0.98865072314062075,7.4355868896529387,3.2590690905463036,-2.6469809034310501,,0.104290638778114,0.2790697674418605,False,5
-0.51218444601396795,-0.85670321154165041,0.061046708310820937,0.83825994834209272,-0.51410570698387459,-0.18170190161944286,0.18704906379577471,-0.04189187726555528,0.9814569365755641,-16.57912925691269,-11.726676134568866,-3.7677424578868384,,0.3064791174612446,1.0,True,5
0.88327390477580003,-0.46732908538754286,0.037825059060788611,0.46879370815465454,0.87894620879236107,-0.087669956337060331,0.0077245282521369238,0.095168734363635141,0.99543118479526471,5.0548457141185974,-6.8811483987558786,-3.8127803338511312,,0.1379602052109874,0.3861386138613861,False,5
-0.18345059522932761,-0.98222954070933066,-0.039635949186849956,0.96446829720495697,-0.17204234054175377,-0.20050520379153677,0.19012307276229223,-0.075010415402478436,0.97889052236936636,-3.3325950267501137,-8.6212039686680146,-3.7750656864631944,,0.4887590068321065,0.4329501915708812,False,5
-0.93025817480063111,-0.36481124772644796,0.039146925152190676,0.33553867109350838,-0.88903874716477316,-0.31148660683967311,0.14843695098391543,-0.27662765511055287,0.94944384352663846,-9.3857319591290143,-12.244284538365877,-4.0574447082204017,,0.2430631390632629,0.3333333333333333,False,4
-0.80843304213692946,0.52867992414760012,0.25871519898242745,-0.58836496117518733,-0.71376925202673103,-0.37994753232850614,-0.01620767850586835,-0.45938109741748051,0.88809139084497468,-1.148040026578546,-14.461525154014488,-4.6260675636710644,,0.2335783044091676,0.5641025641025641,False,6
-0.62995781176395749,-0.77600030001587017,-0.031252036299198628,0.75180780113152368,-0.59923775175666372,-0.27513477974876738,0.1947772716600944,-0.19681882848167492,0.96089758205531506,3.6904315077281997,-6.765124797878622,-3.7639531464505604,,0.1577590383173507,0.1764705882352941,False,2
0.58668136702615614,-0.8095435411447971,0.02107673065401679,0.80901101519301866,0.58473678175604249,-0.059867130864496979,0.036140709465655146,0.052174237438872832,0.9979838165356143,3.5993346801361348,-11.954670051286557,-4.5311386975864005,,0.3105698330613217,0.1764705882352941,False,5
0.5392702225719781,0.83188318998060973,0.13098849291007927,-0.82208254649954182,0.55376295087154381,-0.13238912713236214,-0.18266886376171973,-0.03628983975887632,0.98250452097803453,9.1506442762712634,-12.898253774906468,-4.8583953931006487,,0.112319089181929,0.2333333333333333,False,2
-0.91809444462471956,0.38133120236351831,0.10811616370007593,-0.39628586502830543,-0.88844557216824871,-0.23156419946399603,0.0077526723131988093,-0.25544271255729167,0.96679310955000985,9.7366213998588105,-4.9082266723610051,-3.6525589325203702,,0.667491049895172,0.9104477611940298,False,1
-0.87127444732285186,-0.49075200416798548,-0.0065808698030500046,0.46856433905925871,-0.82774333039744263,-0.30868825559860569,0.14604210901044651,-0.27203575020143156,0.95114050119218729,7.895367167198641,-4.7942406773407615,-3.5629650675549192,,0.2639074846981166,0.3648648648648649,False,4
0.01583307707038447,-0.99786321949839285,0.063390132061599339,0.98580419715171819,0.0049804979134698852,-0.16782514566831438,0.16715082574890344,0.065147446710041246,0.98377660657215416,-5.3895723438595882,4.7587964529537636,-1.8550974656350354,0.2823928866399947,0.2363505519120429,0.7282051282051282,True,5
-0.79263072608436469,-0.58738540769356395,-0.16344697885136281,0.58605393007598294,-0.66006374297170489,-0.46995387673332101,0.16815862484412511,-0.46828862685618161,0.86742633050172291,6.9108042232604934,3.1038042053079105,-2.6302535584205997,,0.7669010114696191,0.2352941176470588,False,1
0.85222446775773797,-0.51916349995652755,0.064673927265380127,0.52280231796613319,0.84040992048403074,-0.14278971209881303,0.019778596620516585,0.15550056548100549,0.98763777836350986,2.0578135262486295,9.8226271331774289,-1.518798485311978,0.1400303590057965,0.1395931186519492,0.6463414634146342,True,5
0.32399285437831271,-0.9458609774154022,0.01938147864773157,0.93552500215545797,0.31726916938962479,-0.15534878337742863,0.14078920645355977,0.068463753604346367,0.98766953673208913,-13.788280104559808,-4.3485516484929843,-2.7436523234589036,0.3520839530401038,0.2639000824381704,0.8028169014084507,True,5
-0.54726960985863271,-0.83533372724391775,0.052091633243406009,0.81733037003826425,-0.54679975437887751,-0.18160697900773201,0.18018612693072553,-0.056811906674435753,0.98199051264343773,-7.350180826569491,-3.0514628200895388,-2.7762832767130603,,0.07695110967010735,0.2580645161290323,False,5
0.56964508248629719,-0.82001930109884302,0.05543307518570309,0.81644843300491388,0.55683566870132772,-0.1527939603052576,0.094426883052439764,0.13229657549350743,0.98670217384461589,-15.722007453011315,7.5723610052068757,-1.0266681029843976,0.2303562456968437,0.2593892770064155,0.9,True,5
0.69626149879728749,-0.71547287879469323,0.057606293074535027,0.71475363551469862,0.68370960283455651,-0.14720196843226815,0.065933040359719017,0.14366537057011111,0.98742751404236062,-2.5137394759284786,-1.8974207330854533,-2.8309920267484339,,0.2173373594232043,0.7678062678062678,False,5
0.5848002924803658,-0.81009143359819058,0.041958159226882348,0.80588154744963858,0.57430389967609508,-0.14397903422723352,0.092539447777993444,0.11801228761302493,0.98869082658700036,-6.428053273145732,-1.0520398097095578,-2.549502147523774,,0.2290268332650348,0.7539936102236422,False,5
-0.49650981518836046,0.7643695905210659,0.41136010077337165,-0.86009170645881838,-0.36926807773050596,-0.35197065680248829,-0.11713351314793835,-0.52856429680396977,0.84077317050542644,-2.5543803177253563,-11.360609757703894,-4.2156897678211882,,0.5302270200836069,0.4647887323943662,False,3
0.96880166311258198,0.23244866731608307,0.0859706613518465,-0.23062322688329584,0.97255785679700113,-0.030726900337668756,-0.090753869186017772,0.0099414408111741636,0.99582373087929899,-5.0886755976804885,-9.7674351261201675,-3.8872035988435925,,0.221153501936638,0.2173913043478261,False,4
0.59194781745924485,-0.80382566744964856,0.058839423470700807,0.80085092348944364,0.57839403996377481,-0.15523573325909706,0.090750095048671264,0.13901306011850509,0.98612361768956092,3.9144878758470605,-0.49714963732975648,-2.9190427271781059,,0.2458188491715598,0.9119170984455959,False,5
0.78374774163207173,-0.61963588331489639,0.042318430916036515,0.61903889048719962,0.77383894326449554,-0.13403037697352543,0.050302381166341704,0.13124275978451824,0.99007323388380675,16.288133858053843,7.0405539655336797,-2.5571816254617459,0.2897208242455417,0.1835478100580653,0.8125,True,2
0.9961124821012558,-0.00038658330861586487,0.088089576882966619,-0.018976826339687516,0.97556940822258587,0.21887030360993637,-0.086022107996421085,-0.21969110198999389,0.97176952856234045,3.0214937002689481,-3.0033818758995481,-3.1720176915796694,,0.197924052887806,0.7741935483870968,False,3
0.63503890915750549,0.69403261394177684,0.33918183123686113,-0.74981031674661547,0.65939708448073198,0.054589137002256871,-0.18576886917991969,-0.28898826232817065,0.9391356193224486,-18.163735555305497,4.7430644068390864,-1.3654134065460057,,0.3919323654877518,0.3,False,4
-0.41412022674862758,0.8820543228985378,0.22468780397179366,-0.90196679393088064,-0.36449434919342061,-0.23151624576282437,-0.1223124705159417,-0.29853649837510082,0.94652819223424078,-17.72425629469079,-15.129170899316659,-4.124667307149549,,0.3120269075016,0.3076923076923077,False,1
-0.56748295086336153,-0.81461931186234571,-0.11982686351702913,0.80189276326441861,-0.51375299292270682,-0.30500140735267922,0.18689862681027219,-0.26917139336095552,0.94478339543651757,-11.133489777959364,2.2185221560882447,-2.0035129648423808,,0.2822651608769348,0.25,False,1
-0.39192828374609862,-0.91998901370592978,0.0035263380762128246,0.89701116411108617,-0.38298521204469221,-0.22066558140125886,0.20436044592804942,-0.083321917977637466,0.97534315301057839,-10.940365906829589,-15.866034247246812,-4.4998328804676513,0.1464988544582574,0.2131477996790766,0.5576923076923077,True,3
0.97347173306954893,-0.21525519077153435,0.077575690525318361,0.22357365852451266,0.96696647305805217,-0.12243634752652538,-0.048658032518117962,0.13653220436066299,0.98943991886515503,7.6295516957125908,17.402353419368868,-0.77968352939998364,,0.1888796771841081,0.9545454545454546,True,3
0.84523876543655585,-0.53213275622370915,0.049052616209984447,0.5341542560515864,0.83858136400668915,-0.10705384945276544,0.015832250164192686,0.11668772726571471,0.99304245335247321,-18.14393945693493,-0.21856706325151071,-2.1432084021428515,0.2652780283372262,0.2514537729193874,0.6818181818181818,True,3
0.76989084090442894,0.61774186672898646,0.16019700116312396,-0.61476831520346797,0.78526754752332251,-0.073585307151598028,-0.1712542312276113,-0.041831386504547284,0.9843384191373139,-16.443332524871202,4.8315504131868732,-1.38761650848141,,0.1212474286367806,0.2857142857142857,False,1
0.35357160591464726,-0.93334997246167783,0.062007647888971729,0.9264726076968306,0.34028371705066673,-0.16079645237882795,0.12897917149048635,0.11430144712980281,0.98503784318454524,6.216186100859864,12.402491419256197,-1.3383105288173298,0.177475810128281,0.2479077466892747,0.974025974025974,True,3
0.86178093284278989,0.49483272777637466,0.11168793717318873,-0.48135224411987543,0.8671560617009848,-0.12782950260404075,-0.16010509320246413,0.056399788799506037,0.98548740375207244,-0.34326919930805766,24.039931538728222,0.39772911294751279,0.2357317694817593,0.1110546259795675,0.3235294117647059,True,3
0.64931400019608343,-0.7597475586277308,0.034277927425129071,0.75686334798600041,0.64112021112697848,-0.12697538092055513,0.074492963592423939,0.10839059942495145,0.9913134097405909,-10.861456819602562,18.405895761475726,-0.040401226449646568,0.5205402144334577,0.1574845346553302,0.5333333333333333,True,3
-0.99586801994189778,0.043834757666522881,0.079532388857131167,-0.064676364655408422,-0.95713917474350863,-0.28231466137322114,0.063748370269092719,-0.28629200860595655,0.95601936753206107,5.1927155274335366,-13.948577439241591,-4.8310357881903387,0.6095219632614886,0.1930062292722881,0.3125,True,3
0.33889566344552924,-0.92155604292366544,-0.18943122511531774,0.9104793945799794,0.371972597147328,-0.18073090221859051,0.23701687986953299,-0.11122430814505997,0.96511768812646059,-3.1712528507078921,3.7009415458419617,-2.0659775534144749,,0.6687321086603449,0.4344262295081967,False,2
0.99359335097037127,0.068508783480857705,0.089882142238831578,-0.062845847436737684,0.99594381425233358,-0.064391911856005513,-0.093928975121774269,0.058330656077968529,0.99386864433590361,9.4347127464627079,-17.888644325118015,-5.6521476313870638,,0.1298973117422264,0.1739130434782609,False,1
0.91915437578210735,-0.39380915234600716,0.0083417629505559143,0.39378927241719769,0.91919215414040101,0.0039740024990563561,-0.0092326816114243968,-0.00036782502340053716,0.99995731023629875,-14.189467075119016,-1.1722110224623763,-2.4056512135969985,,0.2831549156846158,0.2857142857142857,False,2
0.61389400345551826,0.77407420285992345,0.15473616574069415,-0.76686686149575556,0.63129849584374509,-0.11566082260245004,-0.18721476774284307,-0.047658552351076668,0.98116221550098115,5.3035638925050863,12.019709620642129,-1.3586512493383476,,0.3750311113936775,0.1836734693877551,False,2
-0.11958362235197773,0.9397290739170262,0.32032643490699819,-0.97977311271733725,-0.059558305568940866,-0.19104307324249117,-0.16045063060442843,-0.33669285093806861,0.92784347778374565,-3.5705352218877535,-7.284793389627672,-3.546079305107706,,0.3109216859579,0.1333333333333333,False,1
0.83261829018501066,-0.55224690917435182,0.042072962300793611,0.55346405354944905,0.82681266647377682,-0.10029135549555146,0.020599132942954602,0.10679028919287355,0.99406816157449696,8.0091711189546739,9.2630865711740427,-1.8588185661948866,0.2195681011194503,0.1423411067093492,0.6739130434782609,True,2
0.24165107430519642,-0.96910107693139846,0.049475862575073838,0.95877971295013187,0.23060121039908835,-0.16602573233609627,0.14948652220988401,0.087556749899014158,0.98487948258896862,5.862795526926984,21.410340961230212,-0.20136348618621794,,0.1464843777698596,0.6216216216216216,True,2
0.98154399493243627,0.1705061875540605,0.086596916907325794,-0.1569306650670082,0.97693664177067752,-0.14480181051167315,-0.10928930585240808,0.12853963580005812,0.98566394357036724,17.121936385879707,4.385305003215775,-3.0164541151010762,,0.1298795065824891,0.896551724137931,False,1
0.30307791689567837,-0.95057233884592374,0.067498184502736078,0.94281895888726652,0.28878922543803787,-0.16641272197048995,0.13869458191618622,0.11407458915940613,0.98374325972542542,-15.057679216149483,12.241961308934719,-0.55550745274972646,0.3467062560637676,0.2920879336382819,0.92,True,1
0.97049764269489491,0.21010293409473227,0.1182839068023904,-0.21044418218821964,0.97755735307938185,-0.0097400012096391653,-0.11767570567786451,-0.015439511819256388,0.99293204690351256,13.911378748853902,17.944085841482874,-0.96483811654147633,,0.1982504239175859,0.35,False,1
0.79607447321661273,-0.60519643209977392,-0.0016467138782193108,0.6039684971204784,0.79462676749243399,-0.061565857994152859,0.038567960523256971,0.048016444664608519,0.99810166489333518,-6.9270471022449875,3.5097444046552244,-1.9168257800623354,,0.1344773855466308,0.2619047619047619,False,1
0.99645266632577956,0.012682971681145317,0.083193906036312368,-0.0045730107577450071,0.99527799259585226,-0.096957748669092347,-0.084030776176666683,0.096233360554979053,0.99180540882344526,5.310135428259195,-17.077324142030399,-5.3584508176461005,,0.09361684573104548,0.4210526315789473,False,1
-0.46456142299934833,0.87689669385468705,0.1234296259718015,-0.87817745720092744,-0.43826409239171238,-0.19164795585703701,-0.11396068587426467,-0.19742536216703965,0.97367149924822161,-24.685524288814154,5.1125544565097663,-1.2006676645786794,,0.1015639974763069,0.1904761904761905,False,1
0.97679819738097762,0.19378326470792528,0.091177452873018108,-0.18178877131004023,0.97531569724183231,-0.12534804880517525,-0.11321715514381717,0.10586471098915287,0.98791423653489507,-10.294040619190458,16.080038046233881,-0.4212558185678355,,0.1760619414581073,0.3703703703703703,False,1
0.24095742799069428,-0.97012650033590919,0.028179624591391197,0.95937477358289636,0.23369538959509203,-0.15807121399788546,0.1467636252920885,0.065123254126314048,0.98702553161664663,15.100456115886525,1.818211037145395,-3.1895424157768426,,0.1566833147094131,0.8292682926829268,True,1
