axis_00,axis_01,axis_02,axis_10,axis_11,axis_12,axis_20,axis_21,axis_22,location_x,location_y,location_z,dbh,dbh_approximation,score,reconstructed,number_clusters
-0.9953173373319969,-0.068052178177692366,0.068646187451415097,0.062463401497499772,-0.99479431940899865,-0.0805145051835294,0.073768024778391339,-0.075849608547823397,0.9943868037154534,-2.0061397240551346,3.7903078237473764,-3.0629309635361803,,0.3441399745444549,0.995253164556962,False,5
-0.57123819187641156,0.72872549422207489,0.37768516281760556,-0.82069645562309135,-0.50038057803724789,-0.27581987754838366,-0.012010656495952517,-0.46752372260015074,0.88389892687831328,-11.519261487778126,4.4537607063719049,-2.4292922278229918,,0.4160703789981393,0.1509433962264151,False,1
0.92205054176453394,0.35656337841570596,0.15061658475914191,-0.37810058121984658,0.91298026306649904,0.1533198934653979,-0.082841709983220602,-0.19831690907183053,0.97663076680148242,-3.7349792043890897,-8.9243835323332377,-3.9000859805924946,,0.1868706827230099,0.25,False,4
-0.64004251977918825,0.76219201708391371,0.096999494680448037,-0.76831657603480374,-0.63392760602500409,-0.08846145663261093,-0.005933958616579374,-0.13114541323646167,0.99134538316480514,7.9477723214620841,-19.30165722325993,-5.2000187271671212,,0.2159424523245712,0.8939393939393939,True,5
0.98958060295857009,-0.14242161839323778,-0.021126118015492204,0.14192224024575853,0.94016199988151317,0.30976360616189191,-0.024255060745724116,-0.30953432215676091,0.95057887386327722,11.009471402357804,-1.4393659341996667,-4.4639739285628774,0.6672090808497811,0.5460486548913438,0.5358851674641149,True,6
0.86519661224303623,0.45488721084505296,0.21097973261141201,-0.49082897713329415,0.85435811989347998,0.17076041162507155,-0.10257552032263303,-0.25129629599675335,0.9624595753842623,14.804812743302625,4.257882025491865,-4.4078479576285075,,0.3420355636237259,0.2923076923076923,False,5
-0.9278013289716317,-0.3710520391086865,-0.038795337758048887,0.36354645173676303,-0.87585248992688458,-0.31735846186684147,0.083777511231146226,-0.30854951006631615,0.9475117563649289,1.4030037611591228,5.9969080821424763,-3.1299630160195635,,0.2071024482451151,0.2258064516129032,False,5
0.24787259763523184,-0.96078763751687035,-0.12428310800874423,0.96642049183914414,0.25419446823281727,-0.037637817062391728,0.067754027887272042,-0.11078035888453339,0.99153270434739793,0.80540445923189785,19.481297273058555,-2.088829955754373,,0.173745345955071,0.391304347826087,False,8
0.76874929697392436,0.60928054612541005,0.19442668159288601,-0.63473451784705759,0.7640867049326906,0.11525449751992062,-0.078336519296958645,-0.21201113993898538,0.97412251092263114,-15.444391370170909,2.3858218343807596,-2.4092257440741141,,0.3246420319846889,0.4680851063829787,False,5
-0.94092029124240595,0.32100206480170596,0.1078270834315173,-0.33287436318046126,-0.9352383294360811,-0.12051525003422033,0.062158377275378582,-0.14928811589222274,0.98683807921453948,-3.3918371699829346,-7.1155619273273967,-3.7907154510707399,,0.3205275446929443,0.4665071770334928,False,5
-0.6196008327493312,-0.78487904066373237,-0.0077265505314523392,0.77722847169747855,-0.61212742125212161,-0.14565686710220743,0.10959338866527313,-0.096254411213240423,0.98930499719897069,-8.1282229963440908,-12.603052577660522,-3.9775915556904247,,0.3232410328329361,0.5394736842105263,False,6
-0.96444256270710893,0.19942912866245413,0.17343173262087186,-0.24137785899010197,-0.93191886757193432,-0.27067314874733511,0.10764419365807756,-0.30291128553485241,0.94691999697298823,-6.8823903109630624,-13.02359234662544,-4.0268384859861355,,0.3153677765829753,0.2909090909090909,False,4
0.4169932065531548,-0.90876879674369027,-0.015998117187474487,0.90852914484577318,0.41624486014715695,0.036263057881032942,-0.026295601425474949,-0.029656204512713211,0.99921421671209887,5.4648201960524645,-20.936871258374318,-5.1223791869076711,,0.2304295749089674,0.9166666666666666,False,2
-0.39020510351903082,-0.91984407773469634,0.040334226707690046,0.91695026601755336,-0.39219529445847173,-0.073382972513859668,0.083319786593819098,0.0083500695229238864,0.99648787724734589,-17.644064441804272,3.6787881198220407,-2.1686471209203506,,0.2959577975632133,0.8902439024390244,True,5
-0.99529505355274184,0.065192850456617366,0.071677392689652217,-0.072735113921131966,-0.99146308012847983,-0.10821535909947388,0.064010620808780005,-0.11291967495299154,0.99154010883684685,-16.393304000278704,16.848769640475158,-1.0489723813322775,,0.3029354520899002,0.9761904761904762,False,1
-0.85995613298418927,0.45358651177783843,0.23395453762663718,-0.50962513774843343,-0.78789174369904458,-0.34570047611446991,0.027525775516254472,-0.41651635807503823,0.90871142566721164,-8.2844956229172517,8.5617044431421263,-2.308072593053681,,0.7088815676978548,0.3828571428571428,False,2
-0.87828185366529998,-0.4772494675791929,0.029222101526439906,0.46641260144636021,-0.86858735400595177,-0.16737769765706106,0.10526286493480723,-0.13337523816779723,0.98545967705908688,1.7769044827327827,15.875907638270204,-2.429366630834918,,0.2189232668600266,0.2962962962962963,False,5
0.26752828233310527,0.92840471204174857,0.25786296517836343,-0.95935245105722933,0.28159999562094568,-0.018555783916923148,-0.089841487089131131,-0.24241727068210894,0.96600329920381334,-2.824379650902471,-10.374824354119886,-4.057700885574663,,0.2696201546685309,0.3937007874015748,False,5
-0.88440488948930018,0.41015818093247064,0.22270666371167738,-0.46646704210108797,-0.79252368515666904,-0.39282910673619331,0.015378233997481255,-0.45130530140899122,0.89223709564176901,12.489244994325917,0.36551071964178972,-4.4859698070249134,0.7374625575535652,0.395818442402575,0.2962962962962963,True,6
-0.043263984166870974,-0.99784991272366985,0.049231893639938698,0.99700968915376265,-0.046280839138614555,-0.061885084326876137,0.064030519344509651,0.04640727966592291,0.99686832479845722,-12.744004257901908,-6.7923753620617964,-3.280729567715889,0.3157903000456943,0.3060245273452294,1.0,True,5
0.50644730811781824,0.71613926781923021,0.48026625239293419,-0.85690042800051702,0.48006543851724903,0.1877733507017792,-0.096087359172513959,-0.50663766522888831,0.85678789415973544,9.1184320589276719,-8.2233921370046019,-4.711288146498422,,0.3611659510429649,0.4426229508196721,False,2
0.91338137897287897,-0.40498815453630627,0.041461442701391335,0.40536682180051098,0.91415376384607017,-0.00079738912617993707,-0.037579200749306096,0.017535413634775204,0.99913978648620649,10.531288920682222,-3.7005640866233382,-4.5384449791467665,,0.1063317911523772,0.5277777777777778,False,5
0.48744908174477675,-0.8731320627957998,-0.0058132283738867585,0.87308271359681433,0.48748344216649314,-0.0092988618621936067,0.010952987017192523,-0.0005427075274332116,0.99993986696398018,11.79068806627685,2.3600707794906768,-4.2326763817988473,,0.1636777991886872,0.125,False,5
-0.90931630769922378,0.40546594620515813,0.09349448657652247,-0.41396992566588642,-0.90425321100442679,-0.10466628412418932,0.042104075769838323,-0.13387866467865886,0.99010289866630941,-13.565614903464468,1.4268004576198445,-2.5536813964705192,0.3938649582568203,0.2656621257479871,0.7525773195876289,True,5
-0.9923483500319209,0.087104193837628421,0.087507780253082534,-0.10696798273021646,-0.96047843545455169,-0.25698059400936291,0.061665248394480968,-0.26437479918228546,0.9624465505667178,19.814876533711175,-10.044540551780512,-5.7145693898498582,,0.1243129168573314,0.1428571428571428,False,1
-0.77184035513151139,-0.6346648567979587,-0.038248996537035465,0.63397716969131368,-0.76364150432953859,-0.12216628493783366,0.048326126480971683,-0.11854185931959746,0.99177235951018472,-6.8140460475196365,-8.09756222336501,-3.688518598221787,,0.1697788294439442,0.2058823529411765,False,5
0.3566658488009174,-0.91018595319086659,-0.21059677802178156,0.93206853091207276,0.362013387036552,0.013948522851363741,0.06354310334357692,-0.20126559124787829,0.97747349621210189,-9.4995148465739359,3.5708866198188791,-2.5964151083116738,,0.3541502886608966,0.2272727272727273,False,4
-0.82825687978083307,-0.5592912982006274,0.034406174631541095,0.55349153487905134,-0.82615408199782359,-0.10543506824375708,0.087393717811700258,-0.068283794236925044,0.99383080125927792,-5.4244476807889797,-15.247025086998557,-4.2671428200154837,,0.2048730135812851,0.391304347826087,True,5
-0.20592394481027493,-0.97776694494399907,0.039586996964317556,0.97565435733757211,-0.20826218111221909,-0.068741828071344574,0.075457961554655825,0.024467637672224707,0.99684875018467878,-1.9338238883506911,-2.891771433374501,-3.5689439534554048,,0.306656611783657,0.962166172106825,False,5
0.70234370470370255,0.68092689154687736,0.20748949089384211,-0.70553892254873729,0.70459113159629649,0.075935275364076044,-0.094488884170815135,-0.19972457446232833,0.97528557106316105,-12.00993228013551,5.8723709741942098,-2.2870249141769943,0.6559621856523709,0.3825410351459252,0.2391304347826087,True,7
0.38210425785283536,-0.90439947243059937,-0.18988925824803521,0.9237891514281128,0.37930844358309002,0.052332669818219997,0.02469696002472678,-0.19541417270461459,0.98040979252132621,-12.398618220433564,-5.4646287153354365,-3.1882013097384796,,0.5981804554927305,0.2362204724409449,False,6
-0.17485894624556977,-0.9652291416999258,-0.19431174161926368,0.98270588443200224,-0.15887677408686429,-0.095117376742977933,0.060938441238704247,-0.20758341617040144,0.97631738267349344,-4.9267733949919394,-10.897733202870961,-3.9836720693394487,,0.1336275119291767,0.2424242424242424,False,3
-0.80103731750277807,-0.59751673872789368,0.036234830038720425,0.58831013202636806,-0.79698789160512651,-0.13675338822103161,0.11059115933505032,-0.08822724961595857,0.98994219422253749,15.354038924342763,-7.533272677451647,-5.1729867871974298,,0.211504763607132,0.7808219178082192,True,5
-0.052553784638555194,-0.99615711994949396,-0.070064913431008763,0.99612104449764149,-0.047334592081227353,-0.07417749727129451,0.070575947950370865,-0.073691442966155818,0.99478068276604237,13.015767144608452,-2.7913470373791602,-4.7221553450104183,,0.1755835223791575,0.44,False,2
-0.92322685741474686,0.36367053340682459,0.1240802678901313,-0.37921496059282245,-0.91443788414909655,-0.14141912775684834,0.062033728008843825,-0.17761503079559265,0.98214292107860024,-2.7442718411896525,-9.3396940838630726,-3.9864799386105725,,0.1378856201460923,0.1690140845070423,False,6
0.078053839118281981,0.9903967644644005,0.11411330832704938,-0.99468529002569739,0.085074136603283904,-0.057996250634848583,-0.067147390160688505,-0.10897999917256693,0.99177345587334387,-6.7676324454347689,-10.713708210137064,-3.8715447063306949,,0.1045013822783278,0.2380952380952381,False,3
-0.32488535075090275,0.84360089197183585,0.4275360147774504,-0.9457529693611082,-0.28935835049243835,-0.14772632109729436,-0.00091094023328157012,-0.45233757312942358,0.89184633773048216,-8.0596039839573255,8.2121699433509932,-2.347215740870416,,0.5006235861603732,0.3,False,5
-0.65458663552467911,-0.7506988793536713,-0.089261016852952041,0.75112701676022242,-0.63246246354097624,-0.18920739125247668,0.085583533961675257,-0.1908989909581022,0.97787168583910278,-7.2593610788268679,-7.5546877454363743,-3.6466422274704882,,0.3023502596749062,0.3278688524590164,True,6
0.51487791432694308,0.84888477906994064,0.11956322679534837,-0.85266188853660607,0.52154039624117721,-0.031037379492882745,-0.088704211712445372,-0.085966545539382933,0.99234133032565941,-10.292248954194431,0.31430416750561718,-2.8396828313263631,,0.06963239502418032,0.1627906976744186,False,3
-0.70061080739201043,0.70267336798113056,0.12407511634317032,-0.713256611296465,-0.68472864179497739,-0.14970535577423502,-0.020236180652482283,-0.1933825872090392,0.98091471186690815,-9.7236188196026774,-0.94339343877661819,-2.9801773631878725,0.5585003514185135,0.3990218343087902,0.6666666666666666,True,5
0.54653394142922274,0.82069700093386067,0.16660457233823628,-0.83261305719155787,0.55384662911885607,0.0030673127993518234,-0.089756046369966619,-0.14039353287045692,0.98601902013510134,-7.9603116218492938,-10.744427023885478,-3.8451285928758581,,0.255327320263014,0.1428571428571428,False,1
-0.032045987357384717,-0.99938849981377342,0.013988607302568026,0.99732397639274417,-0.032893673792093792,-0.065290828886022806,0.065711040217416514,0.011858864382159079,0.99776822284993116,-6.3889357638576412,-7.2329724891287404,-3.6383280922247669,0.2714075757937298,0.225983287308761,0.8031496062992126,True,5
-0.86654266299865135,0.49156578434775533,0.086411184818759895,-0.49856408868231739,-0.86057848132051673,-0.10410824638059978,0.02318755441128599,-0.13329575066988894,0.99080501622356276,-11.097675462079817,4.758074967161404,-2.4408103585820098,,0.5383876145216127,0.5652173913043478,False,6
-0.37436475908409439,-0.92183447537159036,-0.10036048611029197,0.92301997068722219,-0.36009086426727505,-0.13553118897068406,0.088798428299539434,-0.14337283385506805,0.98567696008575734,-5.120523840477464,-12.879748675955994,-4.1181300821258802,,0.3244027767445714,0.2711864406779661,False,6
-0.90130760145434818,-0.43045827789830737,0.048479671507064101,0.42382895468853948,-0.89943974495188872,-0.10666378189667136,0.089518851245026926,-0.075589788924855864,0.99311256113396618,5.0293261265652447,15.572139927076888,-2.6692599025324295,,0.2980626060486806,0.9655172413793104,True,5
0.99703300804315009,0.072951094890522303,0.02456254520000839,-0.074313868657862409,0.99542215573467363,0.060101420928609518,-0.0200656372321045,-0.061748438254015284,0.99789002428907969,-1.9219144092791685,8.9199788725078424,-2.6866506119380316,,0.1869499426945181,0.3846153846153846,False,8
-0.22655568213740057,-0.97310609679130267,0.041677899165552049,0.97093639915210539,-0.22902688289857759,-0.069492414775325639,0.077168851830266949,0.024722687907226551,0.99671147129439663,-15.228459920022205,-3.5124780285007922,-2.8799780451279915,0.2755587441332161,0.2337549412435254,0.9701492537313433,True,5
0.98837063026271688,0.1229263555821877,0.089513174099470086,-0.13327613746701858,0.98370312635693891,0.12068815342633367,-0.073218634349138514,-0.13121459636361896,0.98864642885370324,-10.001799923386342,6.5827372346767694,-2.363098989099794,,0.3147425722996661,0.25,False,6
-0.14715149529319446,0.95131366973168086,0.27082972365421487,-0.98910868041066047,-0.14242227115973655,-0.037147207351075143,0.0032335381949621395,-0.27334629768728147,0.96191025868913416,-1.2657942446366908,8.0099363699162538,-2.8022237148321829,,0.4328572669358853,0.2576687116564417,False,7
-0.91507338488117407,0.3797242724433233,0.13583142935087231,-0.40121704869130376,-0.89126898487900508,-0.21133971806593704,0.04081151947125114,-0.24788923637410817,0.96792837873900106,-6.3901309413207281,-8.9922704015039692,-3.765917444857966,,0.2474572259108192,0.2826086956521739,False,3
0.33309043725548182,0.88818352218575569,0.31651349343536561,-0.94090447090863438,0.33490046485636504,0.050402929112655051,-0.061233464977058963,-0.31459769477333716,0.94724798928802556,-12.641323863930644,-5.124425882969514,-3.1471320652110033,,0.2783327762148479,0.3103448275862069,False,2
0.98244617585233807,0.153141041102729,0.10652386156673856,-0.17276499485135002,0.96233933525311555,0.20989345006122831,-0.070368800665709913,-0.22461261174423081,0.97190401096934742,-10.238141523210249,0.014325696049180325,-2.8525583392907832,,0.3698192357720739,0.3409090909090909,True,4
0.82976093452927391,0.5433446371853573,0.12756722451719693,-0.55088367476469147,0.83400802880163827,0.030948098037813072,-0.089576606359350885,-0.095954224171325112,0.99134697177972109,-0.87881652026683521,11.082192525890321,-2.5904715509171652,,0.09399845829935467,0.3448275862068966,False,5
0.34956215840580157,0.82599680178988533,0.44219405337878426,-0.93327498180650048,0.34853531082443084,0.086723384635257764,-0.082487003489972455,-0.44300386063938452,0.8927169056951072,7.1996433949018748,-10.130991120972347,-4.6684195734977516,,0.443941644367078,0.2980132450331126,False,1
-0.75334260565629529,0.64329395599262351,0.13655696498657396,-0.65754568341055808,-0.74011993727606884,-0.14091186136947562,0.010420783613819345,-0.19594735167852781,0.98055904597277832,-9.7419366048374005,5.921162427545112,-2.4115832810982809,,0.1192299009372999,0.2,False,5
0.86505661971877135,-0.50164537450793312,0.0053817204991566531,0.49864940222319787,0.86096754189540292,0.10041745597772234,-0.055007438980405318,-0.084183193319010099,0.99493083760602863,-5.9503901060888165,-11.99026168800205,-3.9964167037553482,,0.2114783787026849,0.2352941176470588,False,2
-0.55038656499383354,0.82347127493549899,0.13773049201390403,-0.8349098860289208,-0.54291186737100394,-0.090400146453996036,0.00033359475836782643,-0.1647475754717902,0.98633570608120202,-10.230484974006441,12.303466618774367,-1.8509941763172617,,0.2617709277733389,0.8596491228070176,True,4
-0.091042588049060721,-0.99565321374615623,0.019644976922386009,0.99243259075008305,-0.092344939638208792,-0.080931853681321303,0.082394174420332936,0.012128069927553747,0.99652602070464025,6.1535754794927078,-21.668347775589655,-5.2046174810973636,,0.1877175439989448,0.3529411764705883,True,4
-0.42100596928377826,-0.90695847011668029,0.013427855787038173,0.90405188165988459,-0.42076898676034713,-0.075124264042277594,0.073784612858301749,-0.01948828530892012,0.99708376661194775,-8.0161325437368749,9.7831261913503429,-2.2235497912170445,,0.2117940100129899,0.5833333333333334,True,5
-0.70733840069822584,0.69706778753505383,0.117340898576171,-0.70686362380203538,-0.69845868309009551,-0.11180020286880661,0.0040254494323916576,-0.16202458948269802,0.98677851018343132,-1.4675749538307228,7.4799285548861114,-2.8315476789938763,,0.07532297546950636,0.1521739130434783,False,5
-0.81462011774551946,-0.57975211648286451,0.016779368221660346,0.57316498292182394,-0.80911705394758515,-0.12965915071219936,0.088746640029379681,-0.096005606319748721,0.99141664169948041,-2.3404911719832331,1.6587577358976049,-3.2246566258921621,,0.3723149855168498,0.5852459016393443,False,5
0.0044852333102200189,0.92338906516102814,0.38383918119858085,-0.99915521102943561,0.019818460740949981,-0.036001290068347687,-0.040850299324225001,-0.38335344390640791,0.92269788668351205,9.595792721309115,-3.800452161716581,-4.5018754836006476,,0.478596432364645,0.3406593406593407,False,4
-0.064506197434754678,-0.99719365432704521,0.0379969243805608,0.99573331523244624,-0.066836078217099484,-0.063624708916899475,0.065985721400245903,0.033730615446970036,0.9972502846090634,-7.01322811873065,1.610643594459269,-2.966394118527746,0.2801350593955964,0.2197008376153513,0.7662835249042146,True,5
-0.82386727538901172,-0.56488236445607642,0.04637485169355765,0.55922285342763289,-0.82347192245639411,-0.09572770304476802,0.092263279517601729,-0.052933044995386792,0.99432669681557573,2.4151412169392046,10.307106620736565,-2.8826515852776566,0.2748829043757003,0.2750314380081964,0.8344827586206897,True,5
-0.34897616744603055,-0.93687625038814804,0.0218752374461475,0.93440320793595499,-0.34964527043901328,-0.068108955788699618,0.071458236429944866,-0.0033281103158505493,0.99743804024513161,-10.296830402461486,5.7589173262204953,-2.4076705318332992,0.3051621875525438,0.2953556821989273,0.9696969696969697,True,5
0.25960534590942497,0.93262339309200237,0.25063653172035572,-0.96270610547991364,0.27039942720497107,-0.0090057891892789399,-0.076170984285001311,-0.2389513683258262,0.96803937147632069,-5.9542321127204456,-10.535809147815403,-3.877919887595275,,0.182367675067716,0.2307692307692308,True,4
-0.66459285573143123,0.72937544307224844,0.16225843322891415,-0.74714586788953086,-0.65142971876544742,-0.13195595327521026,0.0094545336395062615,-0.20892770173514791,0.97788538553417792,11.976352340848763,-4.7910412742980331,-4.7274788275184001,,0.2664560793412834,0.2127659574468085,False,5
0.63849523064532221,0.67233658397454787,0.37454954050514316,-0.73896309577497099,0.67156028546811386,0.054224773532564927,-0.21507529733990655,-0.31140054725613858,0.92561996285880155,11.623677857721725,-0.51754601537358447,-4.459886447525137,,0.4624649788737468,0.4222222222222222,False,2
-0.53708289657276542,-0.84339544380372633,0.015036208967744949,0.83846147378335978,-0.53572228443989134,-0.099919922615754969,0.092327239696864627,-0.041057999532586278,0.99488186307939996,-17.1255202305111,-10.011230341970151,-3.3664661819396859,0.2513604729155069,0.2113154989468859,0.75,True,5
-0.99143669473208562,0.1021253332640866,0.081386096136974881,-0.11047710236528251,-0.98823596801884928,-0.10575670837738257,0.069628228411245469,-0.11384238147345252,0.99105591264507598,-21.420859825150949,-5.6486948659924829,-2.8762964224396113,0.3148182004990011,0.258413643584931,0.8723404255319149,True,4
-0.27963970921333309,-0.96006046852418758,0.0092482327069024345,0.95788649890989963,-0.27963505140058931,-0.065251001787911711,0.065231037376534365,-0.0093880139171315102,0.99782602539594745,-1.7497745469881076,6.2458452209142123,-2.9081112238515598,,0.6364361211585259,0.6505576208178439,False,6
-0.64721323363087835,-0.76008279067344908,0.058216677465520339,0.75683537131811851,-0.64982479539241866,-0.070199401813460058,0.091187997756439668,-0.0013735411401185893,0.99583274823130219,-8.5723104081453769,-2.9468883580363667,-3.2183980828331156,,0.2635448438489118,0.9622641509433962,True,5
-0.70150287258398147,-0.71240154078701945,0.019436163219692146,0.70612026778145931,-0.69848857029844091,-0.11622342530953123,0.096373685125465028,-0.067806797938852817,0.99303290527988908,6.246569330572382,-18.438149309400973,-5.0449558916050812,0.2043064206035973,0.1644536942353595,0.3421052631578947,True,5
-0.27758717587534332,-0.96064067941820441,0.01071656831645329,0.95871775499248513,-0.27771335134043418,-0.061119233874727015,0.06168975645696885,-0.00669175120537642,0.99807294042774475,-4.078731943553028,-6.0545750989217026,-3.6666022836555525,,0.2040727251451843,0.4669260700389105,False,5
-0.84495977286465496,-0.53238366079968047,0.051094226230015291,0.52679768517248771,-0.84495802864916902,-0.092358695953447395,0.09234273732904924,-0.051123062651249128,0.99441402410049351,7.1152449302116816,-19.223747713305418,-5.1335264265634306,,0.2167751900408073,0.975,True,5
0.94973478301635783,0.26319724898783908,0.16950236002518182,-0.30233225466758945,0.9116245484749057,0.27845267175147975,-0.081234535245083977,-0.31570221846410723,0.94537456044699941,8.6007554030354605,-7.1032198884993853,-4.6052962477271375,,0.3619403710945817,0.4102564102564102,False,2
-0.90190819739100825,0.40820890711618457,0.14116335087377352,-0.43117009379079108,-0.87023525664901591,-0.23829172941053206,0.025572518439574518,-0.27578267936190609,0.96087978439793686,11.196454861489395,3.8586122818649686,-4.0712021573280168,,0.2312306223924645,0.2857142857142857,False,3
-0.52151990797419301,0.80050579280378953,0.29530909446572601,-0.85321969686472887,-0.48694198354526924,-0.18682519515060139,-0.0057562547416568979,-0.34939659464364636,0.93695724832180771,-12.348585752999165,-5.8947188487575515,-3.2213833895822122,,0.2727036387420421,0.25,False,5
0.91340022660263787,-0.40201112355346774,0.063930294708607463,0.40066294145495063,0.91562249604995649,0.033236306532404121,-0.071897380946163658,-0.004743549992100117,0.99740075463504418,-13.312411963743351,0.21126022106372591,-2.6664656743293809,,0.1592633185479047,0.2580645161290323,False,5
0.70276482776670202,0.68442956053473047,0.19410763385367663,-0.70589703844742391,0.70478847714148241,0.070587347306343418,-0.08849275656907625,-0.18662630884959802,0.97843735255762798,12.424492694597348,4.4838018708841059,-4.1216907738563506,,0.3106768680380295,0.3448275862068966,False,3
0.16245633547232696,0.94370513841000936,0.2881467522000668,-0.98671067253909395,0.15630945095781118,0.044377970195978986,-0.0031603421255173101,-0.29152695806702261,0.95655739240143711,-2.9757654879948907,4.8291305491966598,-2.93546774965266,,0.335409441683291,0.2682926829268293,False,6
0.17406101342718136,0.94148314585766735,0.28863861430974991,-0.97955874825769251,0.19555494555254738,-0.047147873565655044,-0.10083363683079836,-0.274531873078319,0.95627654386562466,-0.57134265807867424,12.11047508436579,-2.5358825737922412,,0.299173601985228,0.308641975308642,False,3
-0.99723452830099313,0.023223909890450912,0.070597064908500942,-0.030225916942330091,-0.99454913899285413,-0.099791803639213333,0.067894694264649599,-0.1016496932507529,0.99250070546712288,10.047954609895744,-20.555537154743586,-5.4134209008908591,,0.2284676534692903,0.9803921568627451,True,2
0.97026634328330064,0.19946967913901209,0.1370951136832835,-0.22804468637652739,0.94319273904488621,0.24162590512698953,-0.081110074017252204,-0.26570529561374051,0.96063617034532434,17.280719819966677,-3.3406458274866462,-5.1218822006651683,,0.1249286774359452,0.2727272727272727,False,1
0.39551689457608125,-0.91710228305174069,-0.049897780774100717,0.91804087783355559,0.39639164440808483,-0.0086377583927473647,0.027700771315797811,-0.042391823088203801,0.99871697722816877,1.6448013028064101,21.101520140503382,-2.0202062049942682,,0.1011188848597673,0.1785714285714286,False,3
-0.37772295959964047,0.87641943095700703,0.29868770786941606,-0.91556567801848499,-0.30542759033888789,-0.2616361524987203,-0.13807554101230765,-0.37229419563132826,0.91778656389891744,-12.074820497928432,-0.55187784269477458,-2.7862538067314726,,0.1613459192150589,0.6470588235294118,False,6
-0.71940721158034582,-0.69297574172870136,0.047306292411776731,0.68831398570372848,-0.72038688647237736,-0.085244301177749199,0.093151065537867214,-0.028763782334583654,0.99523641604141944,-11.692365973203083,-10.90737656846748,-3.6933191455765031,0.3414275059477189,0.2877767107335493,0.9583333333333334,True,4
-0.98597998759529926,-0.15938311090888654,0.049401295717622661,0.14794184965631668,-0.97191983332497522,-0.18298919834192715,0.077179486794369215,-0.17311516844736322,0.98187293743722237,-19.612315562581429,-2.0871641900040019,-2.6249504097702405,,0.1078266555331799,0.3076923076923077,False,1
-0.093365054124865968,0.96674879257353485,0.23807506951773677,-0.993322982870805,-0.074170705880612045,-0.088363782681707026,-0.067767384256064114,-0.24473552755328778,0.96721874629491444,-0.14515462558401551,13.378500901587554,-2.4883787315964017,,0.19666958922522,0.1666666666666667,False,4
0.6341473134145913,0.75074682981880703,0.18503076070228985,-0.76626356057088441,0.64219891978596666,0.020511049874863511,-0.10342794898037695,-0.15478935668433319,0.98251865856428588,10.379277523759642,-5.1952534367230392,-4.6300832110869861,,0.2301987942037408,0.48,False,5
0.99497751366912335,0.032988809480678949,0.094506538090530376,-0.068661581830929339,0.91193208199808229,0.40455588613085081,-0.072837726991470522,-0.40901297812134368,0.90961697942322151,13.052334119698891,2.1484081845694059,-4.3832469295993679,,0.2500101276124655,0.3055555555555556,False,1
0.97903277480483242,-0.19637374856147902,0.054149577411693947,0.19590475598492096,0.98052455886583822,0.013889421998185471,-0.055822508367508662,-0.0029900396097942948,0.99843623092448575,-3.022017003879188,9.9016468921421819,-2.5495724645859976,,0.1105245705608805,0.25,False,3
-0.98054308506374788,0.1829738560201144,0.071104334233574498,-0.19334520140126885,-0.96283465540216007,-0.18859231016059141,0.03395425494355888,-0.19867056744705897,0.97947798045769918,2.3371848624176321,14.373661087256011,-2.5777603945983372,,0.2861426863376493,0.1764705882352941,False,2
-0.13602271804610008,0.9634921171135008,0.23060954107645765,-0.98792090055965598,-0.11447359974272533,-0.10444179814298346,-0.074230144905884046,-0.24203044275893387,0.96742501020242633,-17.772577044475806,12.00824613543532,-1.3876096080209697,,0.2132829449822232,0.2352941176470588,False,2
-0.32876048204742064,-0.92711726788551019,-0.17991697260807671,0.94213913271677163,-0.30874950011945035,-0.13056646115936416,0.065501145391800658,-0.21243191324397892,0.97497809318356743,8.1280723604278311,-8.4122913303500564,-4.6568977509333855,,0.4292658971083515,0.3727272727272727,False,2
-0.67198924117638215,-0.73833315768588847,-0.057398675984506278,0.73478946995556293,-0.65508886769803543,-0.17590625418252798,0.092276186449225805,-0.16038305296910332,0.98273210069412953,-27.078734647446463,7.4028365516491768,-1.4211014843908001,,0.131255309842385,0.2222222222222222,False,1
0.99206808204849384,-0.11903474192845132,0.04039369746200816,0.11619365392683292,0.99099096186185198,0.066602915065748169,-0.047957849907565915,-0.061381134904389643,0.9969615844705827,7.32678394585131,-9.3353930875923581,-4.6374456867418967,,0.6690645451551528,0.2008733624454148,False,2
0.38269449611900125,0.85799887655544516,0.34261180725395113,-0.92005362409290459,0.38763096684019749,0.056952281254106223,-0.083941952763423588,-0.33701655949838505,0.93774921337750805,13.898566196042296,1.0868953636087664,-4.5803280189852513,,0.1950935488305022,0.25,False,1
-0.87645770820135349,-0.47924169389671412,0.046360377106331278,0.47279319428713851,-0.87485452260750485,-0.10533831073717112,0.091041096051163575,-0.070405703634044248,0.99335520118716825,3.5113195635714094,15.837188198141211,-2.5368517045577406,0.1007457955458109,0.08522343377451591,0.3157894736842105,True,2
-0.93228866430245694,0.346357783083311,0.10427910869755024,-0.36028097899114109,-0.91481360868936601,-0.18252034827362534,0.032178604542869818,-0.20773143106991443,0.97765647850117543,-4.2239237493795612,-6.8671042984072788,-3.714266657474552,,0.2147860123367044,0.4354838709677419,False,2
-0.9565534898066963,0.27521052756412534,0.096252722852434844,-0.28759600742167157,-0.94488953093406047,-0.15643628366311463,0.047895277990066293,-0.17732157186616737,0.98298682722464148,2.3765278492124358,4.3743379240614058,-3.3312612322972845,,0.07583579180994772,0.2105263157894737,False,1
-0.34540764261971885,-0.93733291636495197,-0.045831913757368198,0.93483715402894274,-0.33938343010731903,-0.10439531989345885,0.082298577551229407,-0.078904317165569116,0.99347926644982354,-21.260154080329613,-0.18728288096209739,-2.3892312902210562,,0.1490849345592799,0.2,False,1
0.8852680228198111,-0.46501388758684636,0.0079127823216287446,0.46398274397859701,0.88421795578097184,0.053652772198745348,-0.031945908388920433,-0.043825689109090418,0.99852830100669598,7.0213011688372351,-8.165252211146985,-4.5355867797364189,,0.2874145523032793,0.3076923076923077,False,1
-0.31437111063724871,0.93398377897040374,0.1698384686013959,-0.94855099909652496,-0.30194843643416314,-0.095279293909795643,-0.037706854942938489,-0.19105350652403311,0.98085511199931252,6.4699480746684328,21.497043055322042,-2.3627795139147798,,0.08864545227492629,0.1538461538461539,False,1
-0.99735059116114455,-0.036420749381356601,0.062970845039719892,0.019958538528180247,-0.96942344834606398,-0.24458093657651703,0.06995323473818163,-0.24267613564445822,0.96758195422317483,-1.5902763618489932,10.690725366429428,-2.5731259431938924,,0.2094141287495732,0.3076923076923077,False,1
