axis_00,axis_01,axis_02,axis_10,axis_11,axis_12,axis_20,axis_21,axis_22,location_x,location_y,location_z,dbh,dbh_approximation,score,reconstructed,number_clusters
-0.99753812523466256,-0.0014599585213345319,-0.07011103496904994,0.036902048913889193,-0.86109067484158619,-0.50711052886606456,-0.059631598077464758,-0.50844932709364321,0.85902465289929208,-10.981957827071053,-3.8752345882664412,-2.8030405768564006,,0.2383556457011068,0.2444444444444444,False,5
-0.97887032143683683,0.20376032337930533,-0.017164627188098892,-0.17752247652482461,-0.88847330931757396,-0.42320320055355637,-0.10148233412096218,-0.41121394583190074,0.90587219110353623,-12.511522494482602,5.1963553725679397,-1.793250106656066,,0.4860542049556781,0.3063583815028902,False,4
0.86490758408331492,0.50087516977273105,-0.032541286088617623,-0.50147874878807019,0.85955810162736124,-0.098381575717808784,-0.021305762345321257,0.1014097344040743,0.99461657449440266,10.390615692072199,13.996239451653356,-0.095665372857659983,,0.2475803382863974,0.7777777777777778,False,5
0.062376101064536844,0.99756611940597961,-0.031161826475395824,-0.98880978577991041,0.057528906143587091,-0.13764313460471306,-0.13551542185993259,0.039398761036590096,0.98999156969486724,-13.856767607669626,-19.879254527548326,-4.97333917848764,0.2504456531714933,0.2389904000225977,0.9154929577464789,True,4
0.69631887431549122,0.71621950042369154,-0.046579528602655351,-0.71554354352059213,0.68766696828898566,-0.12292915866559379,-0.05601305738845818,0.1189275743344394,0.99132172853464906,-2.8459023021773016,-12.087268045031781,-3.4609073591284099,0.3246081599576714,0.3047296749589568,0.9855769230769231,True,5
0.42174561768708402,0.90669584403304038,-0.0057689145385831156,-0.89997466001151727,0.4178280410092739,-0.12435971809033584,-0.11034602529722187,0.05764004302189716,0.99222042920993092,6.9983442276949113,17.522147522533558,0.27356233121071277,0.1537572471816789,0.1502313733539217,0.3571428571428572,True,3
0.66381198047681156,0.74650882321178347,-0.045587623785549765,-0.74535697690034031,0.65530339811681282,-0.12255787776616014,-0.061616812327808169,0.11533444101185708,0.99141380621567055,-8.884898514241538,8.9330701751968355,-1.2801063382465618,0.2826613155001161,0.2368748709165774,1.0,True,5
0.39895725796491105,0.91616482005265776,-0.038407405731214914,-0.91112623839135054,0.39134607592409532,-0.12921774867889405,-0.10335416794667288,0.086546353803582748,0.99087216360707042,-4.6912086596934479,2.3189294328594992,-1.9000218046024844,0.2742375794935122,0.2438405278577498,0.9891067538126361,True,5
0.30274365105350176,0.95241592761740979,-0.035357920858911818,-0.94611292499821742,0.29585117954171913,-0.13169059463413541,-0.1149635372547065,0.073321077354625314,0.99066008535594263,-8.4688668375936462,6.485235543384996,-1.5339111354857242,0.2640852276658822,0.2054046012665487,1.0,True,5
-0.10598785542303164,0.99390603346288053,-0.03028813544791395,-0.9829788900518065,-0.10932213970663761,-0.14765219768930821,-0.1500635739123477,0.014123257982741909,0.98857546872689861,-5.2607643072441741,19.050053366291998,0.00214145820496142,0.2237280581611303,0.2391088577117303,0.6521739130434783,True,5
0.68106325820306213,0.73174936260834145,-0.026376289506229479,-0.73031618517235719,0.67624829736743408,-0.096573857657978671,-0.052830937916396377,0.085035937284972829,0.99497627176176484,-11.878199187935664,4.2937854166974123,-1.8568840795686561,0.2510054844833835,0.195690641220193,0.7659574468085106,True,5
-0.43194790215115747,0.90153580865435679,-0.025577246551372657,-0.88842576665032635,-0.43020773750009461,-0.16006548580762278,-0.15530829655557574,-0.04641646592520083,0.98677497166882999,-10.489340598461302,-20.624102536707959,-4.9163293516586277,0.1599765616528087,0.1320959448416395,0.6923076923076923,True,5
0.85479547409446988,0.51624323440348951,-0.053081262232875584,-0.51874127743785425,0.84694258121821364,-0.11660081990095172,-0.015237603149933561,0.12720529490573346,0.99175936012633203,4.6985937990773783,-16.566222915819147,-3.7328065555087298,0.3306542103306849,0.3075051450888379,0.9832402234636871,True,5
0.76114425714332812,0.6465876039018954,-0.050831981056592319,-0.6473762006500704,0.7526134955165833,-0.12032032745214274,-0.03954079728093772,0.12448854102573617,0.9914328663624542,-3.1097499371818018,9.2657099717211722,-1.0636905547528801,0.2256626540695091,0.2098478228741313,0.9863945578231292,True,5
0.53861119742516361,0.84237819477221942,-0.017232381742798134,-0.8385640569262518,0.53395999814019257,-0.10815286781917985,-0.081904215029623528,0.072702801585796534,0.99398491044983095,-2.5953876892517718,22.970114530546425,0.58091409739667232,0.2933107695553443,0.3235371091967039,0.8979591836734694,True,5
-0.7875180326550546,-0.60174143058111362,-0.13312625197649272,0.61538990908285707,-0.75611953342681637,-0.22266232498877903,0.033325786443938264,-0.25727514822191883,0.96576337167304305,-21.600405347411922,10.833740807469651,-1.5144979514037693,,0.1022256814175927,0.6363636363636364,False,1
0.095130274019063904,0.99464787986379533,-0.040321533298197945,-0.9862881415356981,0.088688736856845682,-0.13917618266355419,-0.13485522915749185,0.053008518534260543,0.98944639275287971,6.8261673479902809,-15.387285931003325,-3.5415462354449261,0.5096838377517815,0.2138195396779854,0.9320388349514563,True,5
0.4362500595202834,0.89957518133676995,-0.021222127402000038,-0.89448456588501801,0.43097423867035589,-0.11898977685498091,-0.097894059891498936,0.070892162651625151,0.99266865283060846,-5.4276639605785908,-23.500903634410257,-5.0975715352132527,,0.2789820568621783,0.8113207547169812,False,1
-0.74632240562187357,0.66446894754263919,-0.038521222960311477,-0.64989271109643976,-0.73999870786427224,-0.17332448304532211,-0.14367439204847915,-0.1043212831151251,0.98411114156822488,-16.879232771692013,-15.911471421096659,-4.5966705831937533,0.1970318582241029,0.2028364446666447,0.4090909090909091,True,4
0.21577168500890995,-0.93229661594296187,-0.29028537656884973,0.96314083541860485,0.25211515912659432,-0.093795936413716641,0.160630978013488,-0.25934719285134977,0.95233225423827628,-16.351775949446587,23.198854102541695,0.067710795917340139,,0.2349879672883898,0.4375,False,5
-0.21819348231483518,0.97555624225149795,-0.0261079007096395,-0.96368092955552809,-0.21960430964086888,-0.15196385490685876,-0.15398269476249957,-0.007997836663505023,0.98804117541850667,1.2220411122453696,-10.350641712462069,-3.0971512827911534,0.26281086003247,0.2691675453770756,0.94,True,5
-0.90055044529230766,0.43225562997011341,0.046518446265627976,-0.4170741422444314,-0.82877199660254908,-0.37307658398577825,-0.1227112682474575,-0.35537592491130582,0.92663363668633114,-18.966954586652044,3.627390982365402,-2.1985844434130346,,0.3073929241831009,0.2884615384615384,False,1
0.30811660972703336,-0.9194525085387748,-0.24427697261935277,0.93430615595233213,0.3408355939829979,-0.10441793343979024,0.17926561789673526,-0.19605657962948908,0.9640672465259309,-11.190855870990825,-5.4148036892126461,-3.0434284232054121,,0.2205125717022147,0.2857142857142857,False,3
0.51374414754647246,0.85687901379181408,-0.042723606880951275,-0.85343020085902566,0.50530640098288759,-0.12775888770432547,-0.087885397669200241,0.10209699725697641,0.99088463507496016,-14.095397036887048,-1.8380621910360362,-2.6533020197822057,0.2032687426795688,0.2006678574972968,0.9741379310344828,True,5
0.73659654157900534,0.67472949500254964,-0.046536475021776796,-0.67484199526141275,0.72866597615523387,-0.11676547702696863,-0.044875565349571711,0.11741381421001668,0.99206863667148126,0.034027944537264453,-12.39130424980346,-3.343385526107856,0.2461456618594774,0.2035217973522628,0.9347826086956522,True,5
0.98209699869561673,0.18456089836490092,-0.037719490290875429,-0.18348191017093882,0.98255494757889361,0.030334198988311523,0.042659978821916092,-0.022870281655012245,0.99882785124561635,-11.805170059389683,6.2053600585325812,-1.6791350903562554,,0.2438291915127283,0.3478260869565217,False,3
0.43267259297875954,0.90140634873230441,-0.016156167557126934,-0.89553483852160209,0.42764940311448468,-0.12301764511611882,-0.103979710901344,0.067694774398931526,0.99227296508569285,-16.952311196542798,7.2445494320373358,-1.7090735503605499,,0.1962937943802491,0.4615384615384616,True,5
0.59869919628282164,0.7966114722436185,0.08348313997543988,-0.79729507879400563,0.60268157054410743,-0.033098064253817103,-0.07668004760799868,-0.046744912197411788,0.99595937842990967,-11.913424902778885,4.0285358584118161,-1.8872011421689521,,0.1663606179499516,0.3125,False,3
0.92090091829097553,0.38529279080616613,-0.059084380707897621,-0.38971561124928072,0.91316321408567336,-0.11939299304952734,0.0079524234947317279,0.13297522247968119,0.99108745788000041,-6.787448202850543,-2.9614950273583758,-2.5553489158788163,0.3067644297201868,0.2885159294056822,0.9879518072289156,True,5
0.94756888035597975,-0.30868928393530287,-0.08260837103117985,0.29688650524770854,0.94605813089891833,-0.12973980099355703,0.11820160736097216,0.098412087385419428,0.98810092656252835,-18.569988518438642,4.2674589290830234,-2.1034588162336627,0.4288487804742567,0.2526131012124435,0.9259259259259259,True,6
0.28572198191292147,0.9581654510589932,0.016790397513712418,-0.9509666321888014,0.28565349700048626,-0.11859403068823846,-0.11842893867312028,0.017917813714559014,0.99280085537656981,-21.932731572875824,-12.631909551642961,-4.3521815438570393,,0.2770512326790273,0.3333333333333333,True,3
0.014968736039820466,0.99939889316878816,-0.03126962222943927,-0.98984417233119937,0.010389664564144726,-0.14177647679431271,-0.14136637309959504,0.033074267992598383,0.98940469038377832,-1.8836010945017769,-10.90803522839896,-3.2824103421507793,0.1486806261419156,0.088369738289686,0.5795454545454546,True,5
-0.81678737843237148,0.57684036565769337,0.010656968681297493,-0.56428862801185919,-0.79489502035637305,-0.22298038234144429,-0.12015291394747367,-0.18814116817045068,0.97476467832466651,6.7320264014381177,-15.023418646906535,-3.4989669974551512,,0.4092055360076962,0.282051282051282,False,3
-0.53825699065151833,0.84108052890016771,-0.053506596974459052,-0.8281422646390213,-0.53962243814640953,-0.15161798629278661,-0.15639629641819008,-0.03729836663904252,0.98698988359189088,6.9848335000677269,5.6398302075481102,-1.1518354053715303,0.252483157434323,0.2287239765221964,0.9699570815450643,True,5
-0.36470690290517777,0.92997884670449882,-0.046132631135501867,-0.91740879289175592,-0.3673661422717967,-0.15298112379385395,-0.15921677580646351,-0.013470790418868651,0.98715173915021059,-4.6836449871937234,8.5422437643591902,-1.1746066415118341,,0.1444919131118326,0.7837837837837838,False,5
0.6757491432196191,0.73600024185337165,-0.04082572019851672,-0.73496032491739571,0.6684765478324024,-0.11389655743431712,-0.056536857316847842,0.10697078568399251,0.99265343135199113,-15.668936956864641,-17.34308909462472,-4.7231512621410019,0.197593483063012,0.2399763046684381,0.9482758620689655,True,3
0.22867595842945526,0.97317468145110586,-0.025265498588204611,-0.96562583519124834,0.22345448827314493,-0.13279622766401683,-0.12358823749684483,0.054764322812643505,0.9908212838344248,-0.23940057034037818,8.0331267198632119,-1.0991913145536976,0.2279184649693698,0.2085860090757841,0.875,True,5
-0.076955782553146779,0.99691834541729529,-0.015219070342038218,-0.98612990068381046,-0.078356643354283328,-0.14631491865011126,-0.14705654187750988,0.0037482012609747692,0.98912098576379215,-18.078664854942609,-2.8238473962230617,-2.9140621159856392,0.2478726912642691,0.2054426812241324,0.971830985915493,True,5
0.42540322470596159,0.9045086107385677,-0.029937760596909169,-0.89950772831173864,0.41894805931715939,-0.1239692312706835,-0.099588870448597211,0.079666157772134233,0.99183434110167823,-4.2776930109251943,-0.40577818972128904,-2.1426790164548359,0.2715749057981149,0.2443482110137273,0.9766277128547579,True,5
0.99097657789058757,0.013705973731635058,-0.1333325480005873,-0.008013209951929938,0.99903693159963369,0.043139283330355771,0.13379540552099492,-0.04168159766681382,0.99013202850802451,-8.9215335019442836,5.5971543522173599,-1.660317067563053,,0.3193753789898708,0.1923076923076923,False,4
0.0016755033422645429,0.99923906787085914,-0.038967652343019618,-0.98990757257866113,-0.0038645746250247203,-0.14166179024137199,-0.14170458863414731,0.038811728942988344,0.98914784499410524,1.2448780356378824,19.335319784416235,0.32800404866916993,0.2990274690058274,0.2871765477074325,0.8876404494382022,True,4
0.73090176959466613,-0.67066167724159831,-0.12647338804220465,0.66564652860969231,0.74143133387115601,-0.084819078655141489,0.15065623834828012,-0.02219215702736798,0.98833709128678404,-22.562737462702735,5.4438146585592087,-2.1537283376242575,0.1641408233015385,0.2052449485691751,0.7666666666666667,True,4
-0.97979109697827105,0.19025457223081635,-0.061746287559547058,-0.17260631001681342,-0.9601891578389119,-0.21964481079912124,-0.10107654537278614,-0.20454823126556515,0.97362392794221753,4.9179268929504225,22.83485656156191,0.84661084982612422,,0.1472802022854627,0.2941176470588235,False,4
0.10303192950693545,0.9944675536993719,0.020462310262161811,-0.98557984965211376,0.10484396045679938,-0.1328160529282888,-0.1342266048955825,-0.0064829464690194863,0.99092945760194495,-12.419163471491986,-23.250151208874087,-5.3035265339962328,,0.1949152000407864,0.1904761904761905,False,1
-0.056386545683935786,0.9981210719597059,-0.023976721540743959,-0.98764371885750502,-0.059279545242984982,-0.14507177574257596,-0.14622052546463085,0.015500362118152748,0.98913057616628874,0.90992824368343417,25.696377563202567,1.0657636959915138,0.2729963834535944,0.3138506113615888,0.851063829787234,True,2
0.52339847542174489,-0.78640036952896464,-0.32806782032211268,0.83625436715027524,0.5479515547208047,0.020681564281913062,0.16350128240563369,-0.28517284668032844,0.94442775169303039,-13.585153451576931,-17.565394367934815,-4.6705293825025116,,0.4767837024510282,0.3,False,3
0.90586570669096922,0.42007514376170363,-0.054260437105277247,-0.42355813107035351,0.89911775105778147,-0.1103892174851695,0.0024147557766845129,0.12298025583963781,0.99240617976116863,-17.150447194785343,19.790988265416669,-0.35946428859957064,0.329859362226759,0.2442848963644624,0.9148936170212766,True,2
0.69587018402171219,0.71814607141105458,-0.0055594160178085994,-0.71668608875359341,0.69391690036905429,-0.069572879552902436,-0.046105717396731534,0.052398048618955903,0.99756138022893603,7.7784482779771338,20.530031855853448,0.65586758456623762,0.2791331941207505,0.2011965718850545,0.5909090909090909,True,3
-0.87854330899880206,-0.45005833995541367,-0.16002857510461713,0.47760841034375628,-0.82262682822277999,-0.30850495596836131,0.0072014291878165701,-0.34746595822426618,0.93766494404608447,-11.744875207756932,-26.591482211335588,-5.7058615046499588,,0.2683280159120614,0.24,False,1
0.85230573304756263,0.52279001450664997,-0.016295341248147362,-0.52304314490331449,0.8519442188792673,-0.024837803603487932,0.00089776606484321536,0.029692568941265905,0.99955867529913445,10.431807446418382,21.599752386589611,0.90557587692026398,,0.1918063390550683,0.25,False,5
-0.31659615765346039,0.94786381978930379,-0.036346280325482566,-0.93567441449298683,-0.31836035216363884,-0.15218434950234988,-0.15582125343570649,-0.014172695744891384,0.98768358884465157,-8.1577963584517708,-26.461819994377247,-5.5490566814324982,,0.1987070457052511,0.9354838709677419,True,3
-0.69386850809884948,-0.68963728058478657,-0.20723637397015529,0.71802947623819435,-0.64078442796347512,-0.2717149023013416,0.054590884969767377,-0.33733623894734954,0.93980003041661764,-1.3999847268886938,23.039886590682546,0.64165261712434729,,0.2010170607725169,0.44,False,1
0.34438759532598107,0.93596327855815364,0.073279774673929904,-0.9321385710699801,0.35019159571174435,-0.092106083493327884,-0.11186987310802671,-0.036586711843725785,0.99304911459970591,-0.81917847707797176,15.142252433225313,-0.31719256270639906,,0.1903357689116538,0.4230769230769231,False,2
-0.80898399525420139,0.58743025434611329,-0.021693125671780104,-0.57129420544944676,-0.79438232326240055,-0.206348383342631,-0.13844791888084287,-0.15453938257639246,0.97823808604576001,-10.593829760476451,19.88468591397957,-0.075081124954838416,,0.2209707991264704,0.4827586206896552,False,1
-0.21381412539798228,0.96854108073497613,0.1273251534812409,-0.96476155398398022,-0.1888998223583962,-0.18317205318329438,-0.1533579594762304,-0.16200318528254942,0.97480064845259295,-8.6340487175090512,16.771972365724377,-0.45406162515260423,,0.3576003503374898,0.5609756097560976,False,1
-0.13700192269445041,0.98960313149184131,-0.043773454508027144,-0.97913882248955053,-0.1419827655637293,-0.14535494685992922,-0.15005878671974385,0.022946381510329621,0.98841075677259882,-17.19478954666581,14.317680187859722,-0.96641154976426613,0.3128902804728906,0.2465134532169406,0.9016393442622951,True,1
-0.89793941196551863,0.42602589538648378,0.11048415677899037,-0.42249297159865268,-0.76404576752875497,-0.48757948487517128,-0.12330653425005426,-0.48449561564738852,0.86605975372932498,-0.24296851852615767,16.640171841346771,-0.064682883108511807,,0.2017684325580408,0.15625,False,1
0.66226594120764326,0.74865060368500214,-0.030431837250450518,-0.746787887995361,0.65622593649049443,-0.10805262893888268,-0.060923504986042806,0.094285703472251819,0.99367929064711791,-10.803553684895162,23.436940902741139,0.33704496472240325,,0.2379545772361289,0.8918918918918919,False,1
