axis_00,axis_01,axis_02,axis_10,axis_11,axis_12,axis_20,axis_21,axis_22,location_x,location_y,location_z,dbh,dbh_approximation,score,reconstructed,number_clusters
0.74882465938657727,0.65967039157583374,0.064004718363287555,-0.64214589439664915,0.74603637882443652,-0.17629058902859729,-0.16404353021105408,0.090910373163399477,0.98225507086865538,13.382206604826495,-10.953604588848297,-4.7268410731305064,,0.2460881560870403,0.6346153846153846,True,2
0.99545412628643204,-0.090271274361652665,0.030367408260179064,0.094216201654855558,0.98000957153507773,-0.17522712987823813,-0.013942374440845492,0.17729167133499701,0.98405958837368934,1.376012614918551,-16.212160100930035,-4.9745420645876157,0.348197421338419,0.3390441894741718,0.9867549668874173,True,5
0.91014078578635782,0.41258434075899647,0.037655169746740269,-0.39811754701232871,0.8961262727027467,-0.19611252416092409,-0.1146567434086532,0.16349882303046445,0.97985813568014812,8.5922738086346673,-8.3380409405141052,-3.9394386388049569,,0.2425162512601237,0.9895287958115183,True,5
0.50813926481805616,0.85850160043417612,0.069061491455984475,-0.8441400171768032,0.51234132226865303,-0.15790503759144489,-0.17094478333927846,0.021940181128873963,0.98503629857032193,-14.385689492002731,4.2415956505195966,-0.80003061654400087,,0.2093314111771714,0.6491228070175439,True,4
0.85879841406314372,-0.50843571707612145,-0.062915861306355167,0.50875265374787915,0.86082804086157749,-0.012075651986943547,0.060299430404611769,-0.0216380606272762,0.99794577659568806,-9.5390259256056158,-9.4043345898047335,-3.3004608721212194,,0.3323942696409787,0.4155251141552511,False,7
0.77447900584510554,-0.6322780889703502,-0.020166499775112832,0.62449561641755436,0.7692552060815081,-0.13509867871950321,0.10093311934363386,0.092037199677624554,0.99062690216603011,6.0385438854885409,25.527158116076489,1.3820279810978344,0.1961047226318306,0.15378366779219,1.0,True,4
0.84343591516744376,0.53551240452377735,0.042922274017346669,-0.51829798253283832,0.83213518373808815,-0.19727705717484934,-0.14136144562095954,0.14414402723089662,0.97940769912514591,10.528613575035372,12.870478496783575,-1.002490743132044,0.178438569600558,0.2438730945663249,0.7692307692307693,True,5
0.51778684859432522,0.85337613529654655,0.060381711876093341,-0.8326197463301892,0.51889363894068918,-0.19363302788507006,-0.19657349120318388,0.049985629667132117,0.97921412335758917,0.43888103042859683,3.6436628894079393,-1.6785027012829665,0.289142733219567,0.2490425592106661,0.9836065573770492,True,5
0.17302863510433972,0.98304659081395718,0.06066705632373675,-0.96100044508625981,0.18199807239568486,-0.20821826574118624,-0.21572954359090807,-0.022273345804194041,0.97619908937098865,5.6724594475882997,-12.060566088700766,-4.4776886263552909,,0.2601330207708434,0.9870967741935484,True,5
0.27778887492063176,0.95416844594396377,0.11133695583772311,-0.93306220284608454,0.29556736418369522,-0.20502404456432724,-0.22853504455628235,-0.046930906600921168,0.97240383761854521,-23.343779656896881,-6.8325248160477221,-2.2728885784698423,,0.1427829773289016,0.6666666666666666,False,2
-0.67090789087355474,-0.73977327611922117,-0.051167391016473267,0.72376191629984343,-0.63824294253402414,-0.26232543685180143,0.16140412162512019,-0.21302921453487214,0.96362195039189447,-8.5723240398943297,-19.391185738684491,-4.9274853755384784,,0.144119554365962,0.3076923076923077,False,2
0.328569258981806,0.90907303931980554,0.25618050517944829,-0.92491816497445378,0.36461974048721735,-0.10760498569918822,-0.19122926071193999,-0.20159031233887381,0.96062100529744787,4.7702072978399022,4.5849503522053849,-1.7793838951743428,,0.3887560176174784,0.2613636363636364,False,5
0.97900088586773404,0.20075681579110061,0.035411387767371585,-0.19059882006939663,0.96303860346044934,-0.19033848279604856,-0.072314281150729839,0.17959217454657103,0.98107965812327802,10.7973390811895,-13.255496313560839,-4.9248084859296037,,0.2659232449592569,0.9509803921568627,True,5
0.32875804452327356,0.94227396157491594,0.063544704729417534,-0.92091222545028761,0.33476741909708702,-0.19962827486925633,-0.20937722220297383,0.007110305829621931,0.9778090930102753,4.2543643315878947,16.091860458482774,-0.15399053294564746,0.281194437301479,0.2586608837933997,0.9230769230769231,True,5
0.94295339145125623,0.32268527696700222,0.081933592496018823,-0.32468643552157395,0.945745132367667,0.012035912560293321,-0.073604484502436909,-0.037952030664948899,0.99656511238831658,8.8979770669645823,2.6688471239885883,-2.2985537832771605,,0.2917752342491848,0.3571428571428572,False,5
0.87845651495820998,-0.47762255933608011,0.013814562632599829,0.47225596675107639,0.86345993926882247,-0.17723215042956605,0.072721751873036436,0.16221474683620746,0.98407211255750082,-7.8811428305665006,2.011811493331102,-1.4580117024742532,0.2178779785612214,0.1889859601424087,0.7821782178217822,True,5
0.5714985453612339,0.81791772387636941,0.066332568312202828,-0.79768344967735194,0.57268959456948698,-0.18901783614959722,-0.19258900996898332,0.055111026489586316,0.97973070177392674,10.783217117893166,7.4450843012091559,-1.5551549664686475,0.3655986279030632,0.2948111132638438,0.975,True,5
-0.020936575193078837,0.8909868309639789,0.45354616839738632,-0.97384568608860467,0.084482698555729235,-0.21092001643124267,-0.22624376125276577,-0.44609992231954887,0.86591490332520182,4.0647140433740701,-2.1744850419715664,-2.7938943250576855,,0.4752342757071939,0.2251461988304093,False,8
-0.79666823781508267,-0.60329770837909924,-0.036764030262439795,0.57510074678819201,-0.73791028403119585,-0.35319618311168516,0.18595389186643607,-0.30252320206147254,0.93482664826918493,4.5235790990240607,-11.8382185605599,-4.3643929123030594,,0.1438501351435641,0.175,False,3
-0.37367419752917019,-0.92755478942556058,-0.0031155600836936387,0.9026648523320755,-0.36286998026251066,-0.23134723207464064,0.213456689905103,-0.089260797878965098,0.97286625570875229,10.757060303167014,10.193033371676782,-1.2441849823019966,,0.08111477929602592,0.3478260869565217,False,5
0.96842616332306697,-0.2490775004623268,-0.010543479255102434,0.24698844333238554,0.96433274485914056,-0.095179126139501413,0.033874401125453923,0.089569838427194598,0.99540432437905191,-4.0716229047353218,0.20347663510800945,-2.0523853175053528,,0.2552913838071422,0.275092936802974,False,5
0.93706820187123097,0.34575507652430387,0.048544949268614621,-0.33318874889966132,0.9271078926905516,-0.17162812391203441,-0.10434770073412314,0.14465262655257558,0.9839650273170002,-11.39217334827884,-4.0944220965095841,-2.3521261526695305,0.2682220106625722,0.3028214997862713,0.974025974025974,True,5
0.67698958059756287,0.73464317355790321,0.044547899020141821,-0.71430981077350042,0.67042405995254339,-0.20073134799894712,-0.1773318978499418,0.1040720297751561,0.97863292945997737,4.4964043160598672,-0.76510694479826813,-2.6299040767014041,0.4015957513997708,0.3572428547750982,0.9978046103183315,True,5
0.87027490409916541,0.48995575526531537,0.05064532730255239,-0.47465088883930101,0.86165496879865233,-0.17960303023238236,-0.13163633624212451,0.13226516029169225,0.98243463006642984,2.7896639149188642,8.1750038107658867,-1.2338903847484262,0.3288047088937687,0.2912263201053216,0.991701244813278,True,5
0.81290114009687431,0.58033085936436934,0.049069645389133013,-0.56313500785273707,0.80470633924941104,-0.18795390526006617,-0.14856210606981943,0.12515510873002725,0.98095132366436777,-5.1291271555806848,5.1864449873880041,-1.1586212337687891,0.2400285689713084,0.2150879940341882,0.9575289575289575,True,5
-0.80835657917857739,0.57727987253296087,0.11535852663343726,-0.5692444843387694,-0.71654386634758305,-0.40314464482310269,-0.1500678444857427,-0.39155183101089708,0.90783633199129965,14.074721595876998,-2.4283487561148656,-3.3756470680138579,,0.2927586452360353,0.9016393442622951,False,6
-0.86139323712275007,0.47146226663606894,0.1890106403818832,-0.50407950065405438,-0.74767666697534896,-0.43230019509710088,-0.062494384224091343,-0.46765685368549104,0.88169808843018294,-4.438481366790147,1.6400732434326168,-1.7693603742416413,,0.3965299154674562,0.3127962085308057,False,4
0.93726037788742889,0.34427653187291007,0.054924071625067676,-0.33143307449997916,0.92876978306536251,-0.16594820635430407,-0.10814389104247038,0.13733302467462283,0.98460374728309563,-11.345821343196418,-13.832908630705271,-3.8140567215252053,,0.2418575034528269,0.9821428571428571,True,5
-0.99712342549794686,0.061969343256917886,0.043642580349311753,-0.075349100758590429,-0.87280649663355381,-0.48221502719132814,0.0082089791150677591,-0.48411632892370809,0.8749651380091209,5.1151645900809228,6.7040845148178967,-1.540925946503773,,0.4375110388159406,0.3448275862068966,False,7
0.97843886935795066,0.20335158640163759,0.036131859037043551,-0.19559515487832674,0.96850050569293533,-0.15410809797233885,-0.066331849949016614,0.14371813657456711,0.9873931247997807,-10.473471149750063,10.643077589736373,0.0028512993932724882,0.2631760043755131,0.2283926330508765,0.9811320754716981,True,4
-0.22060056370922951,0.94989517864211281,0.22143744237061316,-0.96572263802876135,-0.18087341219272085,-0.18618430428081578,-0.13680342718638119,-0.25491951348264913,0.95723605445878912,12.746186315092203,-16.324622367026979,-5.5778912621723986,,0.2416752054839194,0.2093023255813954,False,3
-0.58192925780489768,0.72815435666225836,0.36214578802523029,-0.79969758385174605,-0.43144161306076112,-0.4175427030870128,-0.1477907753965782,-0.53258742699513906,0.83337177736852663,-9.7829409695186875,-0.76653961279359706,-1.8169099999439111,,0.2331672680672818,0.2028985507246377,False,3
0.51364353885391767,-0.85794647991155315,0.009907199452917452,0.84271725651002638,0.50228878333664773,-0.19373591229920514,0.16123876883007696,0.10786016753911618,0.98100369198316251,-5.1669803103142948,-13.570857185685915,-4.2001329674230252,,0.3428134487936141,0.928,True,5
0.61885569206195401,-0.77648505980501636,-0.11869534237754084,0.77711485331305752,0.62724182791196159,-0.051577069303011355,0.114499507259841,-0.060321150662623287,0.99159024885281732,-4.9998451923517102,2.4551325114974145,-1.6033956775801177,,0.3342349368658262,0.2155172413793103,False,6
-0.41648821597338137,-0.86900495816148471,-0.26714780299689128,0.88566705172754101,-0.32147982739458036,-0.3350292435931459,0.20525944421525374,-0.37613973901876757,0.9035416190144967,-6.2029050784820292,-19.207233457202257,-5.064713000041829,,0.2193807127044411,0.2340425531914894,False,1
0.50462886625744741,0.86127345789776244,0.059646777453222298,-0.84083535543904586,0.50597298348613218,-0.19232068278225978,-0.19582035742847584,0.046897448789596063,0.97951774711518669,-0.2688141381014002,-22.35199711533885,-5.9863378012566075,,0.2886057430731266,1.0,True,5
0.45479016885324952,0.86295813641807717,0.22015711913148237,-0.8672574486293706,0.48534996262470648,-0.11090505658928215,-0.20255967049565618,-0.14049437202264287,0.96913926311890586,-10.198046791635621,2.0263368149523737,-1.3384010946053286,,0.2806711936230183,0.2037037037037037,False,1
0.61780455284678237,-0.78429426673143743,-0.056568875311284857,0.77500677061466583,0.61949464503766904,-0.12486348654061308,0.13297383194904544,0.033299969096811155,0.99055997903960236,-10.405043660783452,-0.10366169843330048,-1.7019486831834347,,0.378904670509885,0.1403508771929824,False,3
0.92455227827056519,0.37779215725469362,0.04976113605567363,-0.36599574052172562,0.91675843519276623,-0.16000340441022878,-0.10606697254404923,0.12971914823862513,0.98586142023896262,5.9896165610996768,-18.685643061645042,-5.6578496662295521,,0.1694003996883925,0.9180327868852459,True,4
0.28776056101258202,-0.9576318117909407,-0.011626373971508827,0.94107870978982189,0.28499689429798597,-0.18206491210781756,0.17766463211919459,0.041449768232210506,0.98321777608393957,5.6960124178371743,-11.361343328332,-4.3297469217595319,,0.3653804845423652,0.3902439024390244,False,9
0.19347272737705265,0.93575227316462273,0.29484909195811559,-0.97984131281010522,0.1995435272880097,0.0096634583885563674,-0.049792624673265673,-0.29077493699543633,0.9554949662575134,-8.8159786525275994,-7.229382800965948,-2.9589866452515241,,0.3505440645288602,0.3333333333333333,False,2
-0.18308487196248585,0.94803468075095587,0.2602117863431912,-0.95474100506831949,-0.10834999269387741,-0.27700161068913043,-0.23441318840802469,-0.29914966685034294,0.92496482847928552,-7.5578354479819057,-9.1441489561948455,-3.322567210889797,,0.2659382043200124,0.2542372881355932,False,6
-0.52412379267496956,0.84953918886209678,0.059811508420521409,-0.83202842732192517,-0.49580288351677149,-0.24881357845716562,-0.18172216727799384,-0.18017399169687909,0.96670284298526998,4.235814940656474,-21.899354132241498,-6.1486077687123819,,0.2524547418935918,0.8970588235294118,False,3
0.051281243313400823,0.99175022957218339,0.11748070576802336,-0.97070791037952175,0.077147120287112042,-0.22754005044832717,-0.23472619540829529,-0.10237091371540526,0.96665599321279716,-4.3075524437486603,-26.286874346784749,-6.4768929876880312,,0.2660059800532442,1.0,True,4
0.56357763907969016,0.82364096151170962,0.063212429548548513,-0.80310737279945843,0.56422413796911652,-0.19149326329706728,-0.19338767407597468,0.057154953005620977,0.97945623631809675,-8.4387841059202895,8.7294954984991318,-0.35390679706230244,0.2878294289147675,0.2508519780751993,0.941747572815534,True,5
0.96133358934888857,0.26899853008042984,0.05897050791835895,-0.26084003769183184,0.95810802795380523,-0.11828559298322272,-0.088318767691272115,0.098330044162692087,0.99122701622204434,12.116119591901851,7.5206652613613887,-1.6587966459978669,,0.2996877062772712,0.546875,False,5
0.99779497984533261,-0.061132149005356747,0.025846441794561071,0.063394190980075441,0.99312964154266514,-0.098360010366606826,-0.019655908664685952,0.099781638828614988,0.99481519379593386,12.520851415358793,-14.475139516937771,-5.2576838150124621,,0.1801257591265311,0.2903225806451613,False,2
0.92949034314465473,0.36681096959127463,0.038696441546245741,-0.35294144296448715,0.91497718945947526,-0.1955737216677777,-0.10714494779959836,0.16812630774613688,0.97992525470296632,7.4643366076718252,4.6792032941734663,-1.8991361934237472,0.3252949433434458,0.2932613191249202,0.9913793103448276,True,5
0.91334950892709588,-0.40620221720634975,0.028150191460797867,0.40329087801561531,0.8929408917793058,-0.20003257609142888,0.05611721885507321,0.19405237057306124,0.97938477383659006,-3.1165991394735659,-9.5939737605931086,-3.6453898169008876,0.3648704157812365,0.2791275452745685,1.0,True,5
0.95797988436429971,0.28352431602409278,0.043456914023388034,-0.27203905015633145,0.94610641254736427,-0.17571969532980616,-0.090935671457392064,0.15651395579892965,0.98348059731586279,-4.3682886683795212,-1.0775161667975119,-2.2087013465498511,0.3699819652633473,0.3279441577526644,0.9956395348837209,True,5
0.62918622849163375,0.77433600730075891,0.067293667413760666,-0.75588878089249401,0.6297533840047399,-0.17900510119948762,-0.18098851012518477,0.061761016281296308,0.98154405712151727,15.000071242274464,2.77268254561604,-2.6412281922617886,0.3192260134749683,0.2450999487163187,0.5757575757575758,True,5
-0.73722505461447274,0.64473325805957338,0.2020352563306089,-0.66523694731240779,-0.64036470049912964,-0.38391777021274748,-0.11814830840581611,-0.41743511628341373,0.9009932857209848,-13.979854814787663,-0.96564569207081741,-1.694890278214167,,0.2445147210624606,0.2340425531914894,False,4
0.69686776838782449,-0.71669601370831371,-0.026872612764422751,0.70625026607608299,0.69226915231815855,-0.14823623853889509,0.12484340210694184,0.084322266829771911,0.98858680967685064,1.9758132951402574,1.2015306058187964,-2.139400132243412,,0.1077873068584224,0.3525179856115108,False,4
0.98308419363800192,0.17433615779997058,0.056145990975872404,-0.17510027162770855,0.98450990413203332,0.0089522925464227687,-0.053715575907009483,-0.0186320355698937,0.99838243381757275,4.8555735198144498,7.3525855608115922,-1.4312875347871228,0.6017026074414052,0.2912760930813927,0.1379310344827586,True,7
0.81319423960218251,0.57854473639643711,0.063254380605659494,-0.56158788581299368,0.80856226105879025,-0.17563062517564815,-0.15275527874977216,0.10729891881782441,0.98242188841383504,14.664277672962099,13.148072452783389,-1.1864559524084815,0.2800169765880056,0.2563034342451488,0.9696969696969697,True,5
0.4807577734446552,0.87214623502651034,0.090735373485874238,-0.85362715826155922,0.4891698393756268,-0.17897916896532556,-0.20048101643505487,0.0085914477421965979,0.97965991500870386,-23.71681375145365,-8.9413778252680398,-2.6103742902846507,,0.2282973344490108,0.8,False,1
0.84407070230558667,0.53478059702944392,0.039425404882959494,-0.51751229589443593,0.83165679713135365,-0.20131566104823526,-0.14044811535732135,0.14952151960854931,0.97873267140038123,-6.8319499787275308,-2.8830207068340252,-2.3524761380824808,0.3098487056303852,0.247802021344585,0.9711340206185567,True,5
0.99492310979324405,0.085942419138356596,0.052363214110541206,-0.082766180809968684,0.99475654099614352,-0.060076480085954051,-0.057251767775946656,0.05543757514568514,0.99681939705670575,-7.1580976652767232,4.4939430339281206,-1.1443305302801636,,0.3605362334017159,0.2857142857142857,False,5
-0.15448632153817465,0.98675265435658577,0.049529542475545113,-0.96673035275176122,-0.14062635802618415,-0.21367417367746369,-0.20387839887064824,-0.080891449168157492,0.97564859038765428,-6.4575890799239559,12.159044571118386,0.0048927224321521409,0.2362463524040833,0.218458976916391,0.9375,True,5
-0.20748805488562194,-0.97576725846543033,-0.069476358472789532,0.95636815192129643,-0.18740367379303485,-0.22414241240675079,0.20569070244040044,-0.11295184972249089,0.97207675343763011,7.2559796072995484,1.709755201530917,-2.4025298350186559,,0.219363725437431,0.3490566037735849,False,5
0.6208365488047185,0.77373652783555702,0.12607047696119272,-0.76074976766949154,0.63345546189347635,-0.14140003107544505,-0.18926640129473796,-0.0081217787644500897,0.98189218657174415,9.0573178286335523,20.707395610073583,0.292445405719297,0.3860250592150849,0.3431698799842776,0.24,True,5
0.56367338909684372,-0.7845202873812579,-0.25845740289515512,0.81036758686613231,0.58582122402746617,-0.010856686222071754,0.15992712271794748,-0.20332587677467817,0.965961646885097,5.5091669793729849,6.1782231392607798,-1.6176124669701628,,0.424222748005791,0.25,False,2
-0.64065970560099461,0.76538614860416032,0.061148876883687329,-0.75506166751516191,-0.61354883816318273,-0.23117028666727657,-0.13941671301701669,-0.19427266074643129,0.97098975968752232,16.77845945762677,-8.3808856741924771,-4.4267554285439825,,0.3333182360983641,0.9922480620155039,True,5
0.96791847464733827,0.24831488462790985,0.0383867751784321,-0.23761189192015578,0.95425492955528846,-0.18148861737739141,-0.081697094529095182,0.16654503142291807,0.98264354536823029,-9.4796513429921614,5.1039123888433178,-0.8951687192521256,0.2028469048823742,0.2157826552582545,0.8584905660377359,True,5
0.59988111318274728,0.77906912204387335,0.18219207755667277,-0.77767708097225219,0.62127846331468173,-0.096080324478140841,-0.18804522800939458,-0.084049831047636775,0.97855741687637254,-12.995394728910791,-1.344331542356066,-1.7567254846395037,,0.4162125557822924,0.2839506172839506,False,1
-0.97800208775234376,0.18783792326654508,0.090712903905496967,-0.20727047833802598,-0.82615821424060143,-0.52392895878382761,-0.023470516858012797,-0.53120572250841902,0.84691771454653497,-13.511098181669912,-1.906380294481548,-1.8550606503446501,,0.2924412526848346,0.2083333333333333,False,4
0.69137516594601012,0.65494124504934403,0.3050448253066157,-0.69948643703427926,0.71247520929984554,0.055657888373814163,-0.18088422904780252,-0.25185519980011878,0.95071018402845886,-9.3743451842342438,-5.2824169525541533,-2.6113342737388536,,0.5901606449105956,0.3031358885017422,False,4
0.99692326930082498,0.069998044832407375,0.035274195188466174,-0.063286374588642211,0.98431647718983606,-0.16466908490671642,-0.046247485531429544,0.16193006654796882,0.98571792295249927,-2.9404588098361599,19.076939031650348,0.89383280334482762,0.2822013900549193,0.2655426635544376,0.9838709677419355,True,5
0.8642956263206043,0.4996732572029709,0.057616893002386475,-0.48548455843673455,0.85868687319442927,-0.16419987004581676,-0.13152115359349503,0.11394511766525087,0.98474295951668966,-7.9325429294178207,-25.023374706790783,-6.0116535871707262,,0.3489018054090247,0.984375,True,2
-0.27619956646218541,0.95620355246404298,0.096894611518113516,-0.93833518196555343,-0.2464707663818948,-0.24244431856571491,-0.2079444295281152,-0.15788263860940105,0.96531455321773785,-8.2336068282023742,-10.112627386676433,-3.457745746029909,,0.1248084610980033,0.3333333333333333,False,4
0.99569555225435025,0.085418318622900599,0.035973296548163475,-0.078125506246041768,0.9823240649954178,-0.17010536912360674,-0.04986754951574391,0.16656272744679543,0.98476905177345009,3.7212997472338283,-9.4237679247350226,-3.9629190394043663,,0.2855348791647162,1.0,True,5
0.31563596340796729,0.94646072549630023,0.067720260605980021,-0.92652687777899989,0.32281422000158627,-0.19323282360371857,-0.20474834152349769,-0.0017534131814373605,0.97881307826652608,7.1264167461840691,17.064048133870404,-0.2094087503383783,0.2920676515777212,0.2899087272210096,0.9,True,5
0.63642192332729897,0.76900466777419796,0.059991303118686411,-0.74971551264982816,0.63499263650148918,-0.18630888782098798,-0.18136644011665379,0.073594650147845886,0.98065796375139358,-7.2244864838125533,17.368844388726114,0.92261417087934605,0.2915732276670691,0.3057182860252941,0.9418604651162791,True,5
0.56206647242852759,0.8239789143126961,0.07169399793443533,-0.80450294641305564,0.56477791467302829,-0.1838502551270961,-0.19197992026371954,0.045658031775986936,0.98033619455260346,-3.8819056429439818,15.556726711272747,0.42506946296312448,0.249071926947587,0.2222259673169732,0.9661016949152542,True,5
-0.54086103472223845,0.83997727291630031,0.043675188646242778,-0.825903066830458,-0.52053496493645424,-0.21662750166737449,-0.15922771529866753,-0.15323684694844031,0.97527688551409175,9.378767874938438,-1.2621445982520958,-2.9601938103267669,0.3103120428903521,0.2408427037787007,0.9111111111111111,True,5
0.97702995546790306,-0.21014725115613336,-0.035363808475775492,0.21260413500134465,0.97256899303166588,0.094387687617103477,0.01455843050333152,-0.099738090140602323,0.99490721450615049,6.70753082762704,-11.272987774226166,-4.3751063774334087,,0.5120690380487933,0.2952380952380952,False,4
0.98633846016468052,-0.16328324659756754,0.021795031097168023,0.16470348974889037,0.97993807805617128,-0.11222354316325743,-0.0030335564121543659,0.11428011443876097,0.99344393549880783,-8.7302889066753924,3.8967413359538785,-1.1146307694448399,,0.1615772759857409,0.2571428571428571,False,3
0.41468213283177319,0.90818945261897321,0.056838779558891842,-0.88776704503376036,0.41748847440747694,-0.19383768335632046,-0.19977087490953085,0.029921428585046116,0.97938567768234863,-9.5347773879286422,20.789538247204764,1.6335906158892963,0.1722270073087474,0.2652999536628179,0.9411764705882353,True,4
0.1793449435967519,0.92146169923830568,0.34459211837059517,-0.96033793709901905,0.23999820920164466,-0.14195740962840178,-0.21350980720959911,-0.30546554047365143,0.9279570926548607,-8.686396053367055,-5.8304513663966269,-2.7553848751681103,,0.3406130854717806,0.2151898734177215,False,2
0.4139112579493413,0.90910350790665284,0.046992365918433969,-0.88683574411667421,0.4143460756682848,-0.20454753123740246,-0.20542598058623948,0.042990016167828049,0.97772799131970844,25.894356357912844,-8.4986072980238827,-4.8465683865964841,,0.2785900913283826,1.0,False,1
0.72383043332922459,0.68388191082466698,0.091515221866244806,-0.66845606223528831,0.72792571536190864,-0.15261273136846795,-0.17098536968792966,0.049291834634695983,0.98403979512569839,20.819458863441877,8.9625166058886254,-2.1732918473438554,0.5047215186179687,0.2115941515071426,0.96,True,3
0.99135119417198359,-0.12959610631316965,0.020679918816294045,0.13020982461527936,0.99097760027956239,-0.031761569826107117,-0.016377160542689881,0.034179598778016067,0.99928151370869145,8.6545438746412771,8.6291464912195046,-1.3663475681305151,,0.2998542142953239,0.2549019607843137,False,2
-0.38574086607659958,-0.9000739652400942,-0.20265942202485801,0.86989639440324762,-0.28163626189142854,-0.4049213244471731,0.30738290004927926,-0.33248740289640627,0.89160971263916733,-7.9730122125430842,-6.0778500988295274,-2.7968088719388615,,0.7108279384163423,0.3611111111111111,False,2
0.85003028038045592,0.49583472401071654,0.17775389982090614,-0.50957489963133462,0.85953291785171582,0.039199295848670213,-0.13334895613404515,-0.12389951410127804,0.98329393687921662,9.6092058247332677,-7.9578404900773698,-3.9227547616078051,,0.3762240208436313,0.1612903225806452,False,2
0.95050852980167333,0.29554060741202115,0.095860753934002368,-0.29341468864428571,0.9553114368556429,-0.035887032485057702,-0.10218294995760593,0.0059839772175653266,0.99474762465392252,14.048900929292168,0.51128565551077321,-2.8864181847322681,,0.2326611000363323,0.3061224489795918,False,5
0.88828228614918359,-0.45842057956799687,-0.028375206468348957,0.45173291310551045,0.88314933711317667,-0.12643031113528708,0.083017801288572432,0.099487791135887807,0.99156957601779661,-13.807771519604971,19.93555246414293,1.6412618000429824,,0.2529247978889467,0.8648648648648649,False,4
0.73826601519409296,-0.67445558843937303,0.0085410791083393653,0.66396026199344138,0.72443042016892889,-0.18535732202281666,0.11882786416929483,0.14251394863931285,0.98263406878664405,23.422086856408601,-12.07585335307002,-5.3110137211710233,,0.1198467816655571,0.8333333333333334,False,1
0.60459908340626334,-0.74938676051892139,-0.26996190750411847,0.78201015982000277,0.62286447939978218,0.022359567087293225,0.15139371942917276,-0.22463152819894697,0.96261135369182416,-9.6981176071302428,0.68045187665544216,-1.5805652070971967,,0.3297205920753119,0.2166666666666667,False,3
0.83622268703009373,0.54224094646721333,0.081892451853090922,-0.52959802968170822,0.83726986147867588,-0.13603347388319942,-0.14232900144883562,0.070384195909445973,0.98731379019679366,12.539983058796942,-3.4826745936264869,-3.4826432652050432,,0.1739600087436355,0.28,False,1
0.33440032508317385,0.85365910392900224,0.39930258810005431,-0.9199925631334569,0.38759483435584452,-0.058171540806466623,-0.20442628589151818,-0.34790282933572025,0.91497186567500588,13.242615108698647,-2.6733849917375188,-3.3778163413628715,,0.2890075069848198,0.4285714285714285,False,3
0.99013478580936665,-0.13665360394668458,0.030966085619958804,0.13629816234449199,0.99057827898096651,0.013322317839671916,-0.032494874545910428,-0.0089702697556653041,0.99943164718191535,-6.9927586848995107,3.7279112712768354,-1.2609706677016541,,0.2801166580677028,0.3333333333333333,False,2
0.36345090764546645,-0.91833053773664586,-0.15675605631684508,0.91302969734806527,0.38456283778817979,-0.13597130415202607,0.1851491547163728,-0.093704040748653669,0.97823276537600579,-8.3862594167840854,2.6027303166187705,-1.3545467203219479,,0.19843987649672,0.3529411764705883,False,1
-0.88909865463408844,0.453604474535799,0.061209174222139479,-0.45255216650533897,-0.85114320963032164,-0.26599205494059186,-0.068557413305771198,-0.26419352259526874,0.96202997027095027,-5.3980784045013657,-0.99969523637715607,-2.1529566740739359,,0.176639936850476,0.3676470588235294,False,3
0.99941350528130479,0.0054493426613109758,0.033807545398864075,-0.0033839023728810774,0.9981409956182179,-0.060853118827256747,-0.034076306520329475,0.060703027361351858,0.99757403123933641,2.9918253639436259,-27.264397269589804,-7.0493417997079879,,0.1610485176613575,0.2105263157894737,False,1
0.9963350834152116,-0.085236440365930352,0.007151978030505525,0.084201673712126002,0.9920695909447016,0.093316691255580092,-0.015049242508521257,-0.092372484845639008,0.99561078958765925,-5.415932786977244,3.7535897787609676,-1.3766546519950873,,0.3654300359557153,0.4625,False,1
-0.36991907262871676,0.9282219212155004,0.039546740453745843,-0.91057952158683853,-0.35378193986380541,-0.21373645896965615,-0.1844039440255956,-0.11507564469169168,0.97609056005403372,18.956818889571146,-7.087304792354308,-4.3310733457739277,,0.09300110287270358,0.25,False,1
0.82849954993795116,0.55479395943032694,0.076106230574330774,-0.54117854836269585,0.82816942730912602,-0.14581213414019845,-0.14392454462202647,0.07961822812707367,0.98638058740287848,17.039457192459196,2.6396088912916182,-2.780149620098193,,0.1293788831320303,0.3333333333333333,False,2
-0.57930966328143851,-0.81510534728190409,0.0018939010514878243,0.79251819421927305,-0.56379675180580935,-0.23248254662370024,0.19056554216376312,-0.13317843476203201,0.97259872437412043,16.467538505313382,26.800840916647957,0.4744925913653017,,0.1825749941537459,0.7777777777777778,False,1
0.99372200736117844,-0.10869250417240091,0.02650493581963282,0.11150990349302586,0.9814490688476194,-0.15595918274060125,-0.0090616504592874944,0.15793563497473526,0.98740782946869554,-14.591121849029802,12.996481714955408,0.59172277484641134,0.2948425633549648,0.2540492322259852,0.9534883720930233,True,1
0.76589650907417717,0.64052135097628859,0.05599050215438707,-0.62271187055345611,0.76063836646194527,-0.18346444270735449,-0.16010141679512349,0.10564882587901642,0.98143051813695947,-2.6738660139855992,28.621950796522235,2.606550321117719,,0.3013683753987657,1.0,False,1
-0.99832589991635756,0.045446480867785168,0.035777296333405692,-0.053603533034375352,-0.95933110252786702,-0.27714706740086381,0.021726914240796188,-0.27860088495803531,0.96016117818737723,-8.7736758734897737,25.355437293709645,2.4384823014335497,,0.2433873162264549,0.4545454545454545,False,1
0.49210413982115597,-0.83465295553573438,-0.24736200069199235,0.85414551402039152,0.51781605426043098,-0.04797889983108132,0.16813374571965831,-0.18767252799923437,0.9677345017021225,-8.9285751596381271,1.2757833053396412,-1.5043743934839806,,0.3594583173191259,0.3137254901960784,False,1
0.16859693163791581,0.98346857380868857,0.066065414348080151,-0.96227604646097675,0.17874324079309517,-0.20512353418906532,-0.21354129588843238,-0.028989967255675344,0.97650381297197353,11.770583073936066,-16.554150776383349,-5.5692934856304532,,0.2579356763092399,0.9772727272727273,True,1
