axis_00,axis_01,axis_02,axis_10,axis_11,axis_12,axis_20,axis_21,axis_22,location_x,location_y,location_z,dbh,dbh_approximation,score,reconstructed,number_clusters
0.92045408754252611,-0.35873704271200352,-0.15515156110236117,0.37734654391604799,0.91908084056677508,0.11357814181294817,0.10185214048250407,-0.16308937025236853,0.9813398997237478,-10.789519221480887,-8.8765346708752357,-3.7263197507338379,,0.4790913517685572,0.391304347826087,False,7
-0.5915082744079343,0.80625880483111068,-0.0080436894057766689,-0.79276322008925082,-0.5833696865690019,-0.17665300921893981,-0.14712048865018801,-0.098114975537342719,0.98424032298754971,23.380504536755325,-7.9515738564817031,-3.0405284446381708,0.2211344245792314,0.2500816334790203,0.9852941176470589,True,5
-0.6177901445399504,0.75778197256876467,0.210004331762703,-0.7724384714761422,-0.53482325298081501,-0.34249510340240041,-0.14722141519802284,-0.37380552446534515,0.91574848336553627,-11.384209295312008,20.320736845627174,1.0604307699740643,,0.4631994060989477,0.2608695652173913,False,1
0.37711881555808124,0.92542632389395707,-0.036979967498427829,-0.91973130139000747,0.36950244874605526,-0.13252272866988063,-0.10897583308014547,0.083988448103199664,0.99048988303248331,2.8638921383015972,6.201210965582848,-0.9486744881216379,0.250416677735781,0.2346932433801441,0.8326359832635983,True,5
-0.51230741040829075,0.8581066740171156,-0.034555075575611584,-0.84533417123289289,-0.51096278304617537,-0.15597170668972879,-0.15149672005278161,-0.050694874977576798,0.98715691430707109,-3.9211639654216515,-17.961281810271569,-5.4789355930071606,0.2483562664028804,0.2786412890849173,1.0,True,4
-0.60151095871955529,-0.74221374825706443,-0.29547134960682764,0.79505733852687022,-0.52012527505184336,-0.31201526678483793,0.077899903689611985,-0.42259726708823236,0.90296354015802094,-16.136205087345111,-5.8270442724165159,-3.377034064458154,,0.3194490833576783,0.1551724137931035,False,1
-0.1304750241179152,0.97058174304463729,0.20235451106872526,-0.98034979592285532,-0.09584053490028252,-0.17242061797837294,-0.14795453935397102,-0.2208747879194479,0.96401440982284758,18.118162679161721,-4.2459014014611105,-2.3957325144930364,,0.2609665293590302,0.2210526315789474,False,1
-0.4958297451792511,0.86799845880720516,-0.027046983266048659,-0.85551291017510389,-0.49357324026363675,-0.15647081842752006,-0.14916609641336961,-0.054443842663511544,0.98731218146887401,11.044429625494452,-0.17219477970053892,-1.8874157050410836,0.2775415413620849,0.2484144522894572,0.8931034482758621,True,5
-0.46806287323708956,0.88308159572363798,-0.032924792956566022,-0.87107474388355999,-0.46733222245737638,-0.1510939589170899,-0.14881511101104661,-0.042041516947439919,0.98797093762292765,-18.344993271926288,-8.5567728470403157,-3.9013046161428733,0.403656050364705,0.3494512303563834,0.979381443298969,True,5
-0.2499841093079935,0.96819888120428865,0.009943416327092218,-0.95422250505844808,-0.24460776955144453,-0.17212335668075107,-0.16421740447793842,-0.052516335647416597,0.9850252172186752,15.617911696574033,-19.55114388211944,-5.7597267108764223,0.2713250904085901,0.2605800658400472,1.0,True,3
0.048875896377350077,-0.97858724423249299,-0.19994537298663614,0.98837968364004791,0.076234414261708877,-0.13150633083533442,0.14393313628525164,-0.19119445469894958,0.9709417762005409,10.1447390800089,-15.388928560890918,-4.8881111485720661,,0.2327906765621346,0.2666666666666667,False,3
-0.13639316838597665,0.99001700099021439,-0.035542106971549588,-0.97971226069031081,-0.14011754906889093,-0.14328628230227833,-0.14683592840553666,0.015277767941338477,0.98904287062594753,20.57156760135684,8.5860190142043162,-0.13716878522511974,0.1608607746018085,0.1639116021260807,0.8043478260869565,True,5
-0.21599895488178925,0.97637407024585077,-0.0061746612477625654,-0.96468350346262299,-0.21438065048644786,-0.15305775002948041,-0.15076534627378468,-0.027103720197739455,0.98819795522677933,-5.2455548785815189,10.905347925019621,-0.26725158561150297,0.3228287945122053,0.2986893460895584,0.9714285714285714,True,5
-0.69782979319605076,0.70270144468272122,0.13872367991360926,-0.71272474561126553,-0.66200533983144128,-0.23188869534329501,-0.071112704359447887,-0.26069063979259932,0.96279975779141691,-4.1107172710385029,-14.879661520975088,-4.993619388541636,,0.318344875970147,0.4,False,2
-0.12550637129851422,-0.92548044866226498,-0.35739906254405901,0.98312137890577367,-0.067682922932415207,-0.1699746342303326,0.1331183875424056,-0.37269955874298732,0.91835425289530437,-17.949402243287928,7.9442200688689359,-1.0718626342018427,,0.5845085445235321,0.4074074074074074,False,1
-0.46111401813185654,0.88714618340984008,-0.018587940812511708,-0.87390991815039742,-0.45766575242873847,-0.16377885703656628,-0.15380285186127454,-0.059276541019127389,0.98632194259488504,1.8357659459179734,10.491070223139307,-0.23972996051366663,0.3305298933095034,0.2571019116163059,0.9626865671641791,True,5
0.9807373933122232,-0.15819981326089497,-0.11457305286743713,0.17030732181994807,0.97978579515202135,0.10495337894912696,0.095653444755864625,-0.12244433307646517,0.98785515325061535,-12.87553079115102,3.2013299879379331,-1.5950394561771073,,0.3583281303863322,0.32,False,5
-0.26076969366721026,0.96471426741576916,-0.036408091259585065,-0.95349946275655739,-0.26327519135296207,-0.14671383077616987,-0.15112227297015712,-0.0035434252522386772,0.98850872669380907,-18.980752698634838,0.18612354318080607,-2.299854706294818,0.3104720654964646,0.2987041495627207,0.8901098901098901,True,5
-0.97447004948522931,0.21838559512325334,-0.052113860909707641,-0.20677214516858103,-0.96338324694556055,-0.17069856322480093,-0.087483727850595952,-0.15556494253941205,0.98394417830183389,-1.3760435758727201,-7.585556409714231,-3.3453262296859538,0.272727084912759,0.2302326226001026,0.9639278557114228,True,5
0.10040783203013916,0.99420657815992453,-0.038360750912095787,-0.98563146384482303,0.094130355754965034,-0.14025011088963241,-0.13582667170374838,0.051891772652090246,0.98937270994550097,-12.74449819019763,1.1644153437054374,-1.9224725183350884,0.2231203611901785,0.2260521707461883,0.9591836734693877,True,5
0.14474922580189123,0.98946481341920023,0.0026541731405842206,-0.98138288843389543,0.14390810454767375,-0.12719309625384689,-0.12623505027882584,0.015806342106979569,0.99187442331693332,22.513005431027302,6.2795307472860218,-0.4363647585346152,0.2104968607804674,0.2036719811007195,0.8888888888888888,True,5
-0.98199264982539047,-0.15973909869186442,-0.10086553444075289,0.18622269761308519,-0.90834935498068237,-0.3744630238086053,-0.031804757232422876,-0.38650338893118324,0.92173943593734609,27.708326518481343,0.61554291813143225,-1.2731499816111209,,0.1152343011929967,0.2857142857142857,False,1
-0.72205727876163817,0.69035917063363728,-0.045138694147857303,-0.67763654627812442,-0.71888311968873875,-0.15497022738204266,-0.13943456291606066,-0.081309751866691482,0.98688739322973607,16.307616649188841,2.2496366383075466,-1.3382579688344249,0.3131706743400714,0.2858462380754316,0.8737864077669902,True,5
-0.34255625385194888,0.9375075824968151,0.06111256587558455,-0.92105761538043152,-0.32229716389809698,-0.21858043666567556,-0.18522441009929905,-0.13116428974466232,0.9739034074276286,-7.0091803087630824,-13.936788186602927,-4.7952283861095539,,0.1714038595609526,0.196078431372549,False,6
-0.9499285828669346,0.3094387134565682,-0.04339781177388409,-0.28940736080960044,-0.92366252973879337,-0.25117904105588634,-0.11780945191978179,-0.22604250434570206,0.96696727931584303,-0.59535727483655543,-8.9274951328775707,-3.570337056941741,,0.1460002809904131,0.3578947368421053,False,5
0.56563430887481847,0.82375070190040489,-0.038634307840262887,-0.8195970699875923,0.5563655547950459,-0.13681378697102958,-0.091205654931367675,0.10905113734478314,0.98984310774604511,0.7172818233175845,-24.592136233786889,-6.8121805640465709,0.6088767067848839,0.3076008342403623,0.9824561403508771,True,2
-0.25151129609018114,0.96753426388518649,-0.024890081301355657,-0.95579333686281243,-0.25234217463248382,-0.15093880915920807,-0.1523192868539244,-0.014173041660131475,0.98822971000795778,12.818092433975453,-10.970353156345487,-3.8481146480438166,0.3155700499268623,0.2784378039445913,0.9716981132075472,True,5
-0.87913670362379415,0.47383113961784495,-0.05101673715501015,-0.45809542559969096,-0.86971786319716149,-0.18368293192455801,-0.13140486058790701,-0.13811187336437777,0.9816607728995056,20.671423806287486,-14.230036751271829,-4.350267184565876,0.2885422342453318,0.2304484787310925,0.375,True,4
-0.99830310936388778,0.0032764925680063453,-0.058139198746157826,0.0061613585803751173,-0.98686786351275135,-0.16141207397906149,-0.057904572313742887,-0.16149639179322178,0.98517306903047874,21.487812839869019,-5.510972975477288,-2.5566481059347996,0.2129264697827113,0.2342100963932046,0.9736842105263158,True,5
-0.43838230327190641,0.8987872363687287,-0.0015684127909044721,-0.88544893988877449,-0.432174783999558,-0.17089508747995852,-0.15427615184423524,-0.073528632624303744,0.9852879828540162,-2.2724460493226175,0.49316588676732287,-2.0101069190853149,,0.2644271427295407,0.878391959798995,False,4
-0.57706175287792361,0.81611808019372145,-0.030838491311573651,-0.80334193024111655,-0.57401967660399333,-0.15856592946760531,-0.14711042275085956,-0.066728480069330021,0.98686667461501687,16.394459256186519,9.8693141630682231,0.056053198266540816,0.2317210517364753,0.2625853278203915,0.9375,True,5
-0.84791754697381483,0.52828624863409523,-0.044152837259048693,-0.51544703100299027,-0.84103629897743193,-0.16423246339425962,-0.12389589082819291,-0.11649713861919257,0.98543301392303162,18.390223223879847,-4.2661764965299103,-2.3950505274760974,0.576863560070625,0.2316874689352313,0.5555555555555556,True,5
-0.23499884379927444,0.97158732415426075,-0.028171172424435446,-0.96017136747425991,-0.2365495578280967,-0.14871197589280413,-0.15115054910788181,-0.0078979892437912175,0.98847920224468588,6.0606037295308672,10.328584821095735,-0.20644429819612578,0.2782274514621051,0.2410272777375333,0.9814814814814815,True,5
-0.99412565093451266,0.1013550414443123,-0.037965059302628452,-0.081814383686880252,-0.93336772936531731,-0.3494725860512764,-0.070856169639392091,-0.34431357416351238,0.93617710176588909,-14.118447064644602,4.949233554930613,-1.4151867101687277,,0.2589996562910283,0.21875,False,1
-0.46673005329334394,0.88359543259630058,-0.037711654004428385,-0.87138048474113328,-0.46673068130232731,-0.15119035003390302,-0.15119228870911711,-0.037703880781994166,0.98778505212868895,-9.3952264700509005,-6.4884234730492816,-3.2723872917572492,0.3370338171722136,0.2974119279453543,0.9794520547945206,True,5
0.11319376785539118,0.99349853479763883,-0.012158629595711429,-0.98437902956784173,0.11047704831387276,-0.13708664392612957,-0.13485213037165941,0.027486053750950239,0.9904844369213609,23.238061984446919,-0.74463519504039999,-1.6327041033234566,0.2032236502878692,0.2378788230844135,0.9736842105263158,True,4
-0.47619759553779517,0.87862605841799979,-0.035385017632776364,-0.86606895029719344,-0.47559616230667517,-0.15405474264131094,-0.15218548989683692,-0.042714632949519833,0.98742849705527913,-14.061514885578481,-4.372180386617984,-3.0271302153214887,0.2816416132389256,0.2643972319701803,0.9808917197452229,True,5
0.89642195737524488,0.4412916200186407,-0.041102073388791273,-0.44313200227755123,0.89077491937920139,-0.10076741319725194,-0.0078551189056845286,0.10854376585645466,0.99406063597784422,24.356617484414958,5.907567090472436,-0.48259865309598804,,0.1004681694750844,0.2962962962962963,False,2
-0.79587678084850622,-0.5366793396927737,-0.2802774269418537,0.60419859892132322,-0.67414835039159904,-0.42481531837469688,0.039041039531855254,-0.50744387671072877,0.86079992403639161,-13.544113640944408,4.8930984808356781,-1.4265161271894582,,0.4372876749626292,0.2708333333333333,False,1
-0.44090061545358888,0.89641536951627865,-0.045234197103981764,-0.8843438538317594,-0.44247382165999943,-0.14883838663325016,-0.15343596541437207,-0.025620352077798544,0.98782640280404099,5.6058859811287931,-5.8538925232713916,-2.9663314428149512,0.2437554109003512,0.2161078953257692,0.9243902439024391,True,5
0.73094459060841888,0.68131590912323192,-0.039097793235382705,-0.68027585309220651,0.72287757253803608,-0.12113124626284187,-0.054265727305210648,0.11513751385670312,0.99186621262292007,9.9066999373286961,-19.133996292619941,-5.6082884120354848,0.2681930382733339,0.2723028066326963,0.978021978021978,True,5
0.85008101403185699,-0.52250018157077982,-0.065998710904630026,0.51239318484009655,0.84950877964962901,-0.12565053691736511,0.12171891271283011,0.072995846160596817,0.9898768169481017,-27.569824056828079,-1.4121009292560891,-3.0126663158537057,,0.2989086466360945,1.0,True,4
-0.23921360529878943,0.97084409263490423,-0.01544664480930481,-0.9593698550833637,-0.23877797073915991,-0.15031487566776397,-0.14962062757949315,-0.021138317946298155,0.98851749570613079,12.567558276752708,10.365814968765694,-0.015920999162932426,0.2398580080052388,0.2142150417048566,0.8769230769230769,True,5
-0.58549632757670744,0.81012452853247141,0.029871368636685561,-0.79573068937277525,-0.56727021183467041,-0.21217251649394983,-0.15494102227788503,-0.14799579397769419,0.97677557533979875,7.5718623292755591,-15.723636622044584,-5.0172104704206237,,0.300687617545109,0.1621621621621622,False,3
-0.47819510419905698,0.87718958945957826,-0.043218820712614472,-0.86484837972126893,-0.478890736116376,-0.1506683210081381,-0.15286177551483829,-0.034671126397214931,0.98763920060961485,-4.3563447278494047,-13.879566921963475,-4.7848352226072048,0.2872914460608543,0.2629040090507301,0.9727272727272728,True,5
-0.85399634924723211,0.51862580107465028,-0.041442899658179322,-0.50599258433985828,-0.84644558441050322,-0.1658353919555024,-0.12108567242028445,-0.12065301940540321,0.98528224831410027,-9.2779580393559424,4.6285204327542324,-1.3453927602908737,0.260152128881827,0.2518344213629673,0.9555555555555556,True,5
0.31013679542410216,0.94364246302078991,0.11555981182109684,-0.94336564710619664,0.32052624355422521,-0.08558144105427655,-0.11779823421417533,-0.082473202781729177,0.98960686478972437,-10.17420582132125,-8.6591225303284745,-3.7018082832845192,,0.1451009806506144,0.1304347826086956,False,3
-0.35138739541005137,0.93594078853243945,-0.02327528105554864,-0.92361496863252268,-0.35061288445236,-0.15493868133535815,-0.15317404501051687,-0.032946101700665746,0.98764987030720774,12.594053524401957,-6.5219520456238804,-2.9895749037527768,0.2600285508722032,0.2413191423962865,0.8782051282051282,True,5
-0.28226802534505774,0.95893421808834856,-0.02774756290357476,-0.94685141351210345,-0.28312921441640304,-0.15267694218211533,-0.15426328985838578,-0.016822999828701495,0.98788654413289256,8.5676166055732761,-13.871601939792107,-4.5858687871138262,0.3110354641851503,0.3064388804585778,0.9782608695652174,True,5
-0.51588272711143968,-0.84142414940389121,-0.16084281975892159,0.85458542406811178,-0.49242507133171176,-0.16492817253059988,0.059571510291317645,-0.22253752475458097,0.97310240223612365,-9.2748559796184544,-15.767193087746813,-5.085367670330033,,0.1465297401047342,0.3076923076923077,False,5
0.0061357188804111494,0.99971367976824532,-0.023128152499818543,-0.98997746202510539,0.002809390641490475,-0.1411974929188016,-0.14109208920471797,0.023762697836268578,0.98971124907994767,7.5378180454976169,5.6765642740621374,-0.88401801141395797,0.308163443563253,0.2740424596364049,0.9478260869565217,True,5
0.86067097307416984,-0.50471104888632001,-0.067173158624784096,0.49356778822714459,0.85941970175797622,-0.13337396543101884,0.12504524993827063,0.081636593279609954,0.98878670708377403,-5.7427176110615292,2.8245655373938492,-1.6361359757103255,0.2520502482175375,0.2335124031976434,0.9602888086642599,True,5
-0.90219009999642152,0.43075984075924434,0.022337928675664573,-0.41376142582966752,-0.84963115368812148,-0.32699905990383926,-0.12187906286089242,-0.30425788777230461,0.94476062140866568,4.3342856777259025,-18.37624696572351,-5.5888642493769414,,0.2127614157457144,0.4054054054054054,False,3
-0.27993960361006315,0.92371922019644459,0.26148923605057428,-0.94651393923625127,-0.22004197135447487,-0.2359934187088924,-0.16045304971272714,-0.31356711097005796,0.93591158009492337,-15.995546655375493,1.3195472770045005,-1.992018053838952,,0.5390608157750009,0.3111111111111111,False,2
-0.15109878522237119,0.9883854377176553,-0.016229097695258907,-0.9758985432306998,-0.15176465681440277,-0.15681046604804516,-0.15745218456573509,-0.0078559181312616508,0.98749536410344352,-6.0207172591975215,-23.076928981074172,-6.3638710564856762,0.2793896408038946,0.2940845378826495,1.0,True,2
-0.42300909375365364,0.90576344507759488,-0.025610313603663754,-0.89272103541272385,-0.42142848651994175,-0.15952173419676968,-0.15528187123211165,-0.044616278539079533,0.98686216269344118,-0.53937576813431976,3.775802918563246,-1.3898138958373212,,0.2725527414051359,0.9510357815442562,False,5
0.60461819380189208,0.79621425601168105,-0.021902014690494378,-0.79256212658213343,0.59865362977430903,-0.11601339175134461,-0.079259795806853939,0.087502514717060664,0.9930061403067183,-12.728432606675668,-11.246846087084077,-4.2604684886975583,0.2789209207053124,0.2779316294354894,0.8504672897196262,True,5
-0.20567929826424408,0.97787642535577812,-0.038127719561118732,-0.96694660380753328,-0.20907131205744658,-0.14595702059049309,-0.15069934190501272,0.0068471313687573573,0.98855592919238167,16.368254933574708,-10.585955791622274,-3.6977624798733948,0.2507115162516401,0.2471627465573743,0.9893617021276596,True,5
0.18171596159439543,0.9831014623706813,-0.022154547760023301,-0.97468104437894088,0.17708294367147914,-0.13652286544392467,-0.13029263613190289,0.046402001522247702,0.99038915746514888,-13.006511540916971,5.476722554356896,-1.2838540970719399,0.2469906690931664,0.22743825966035,0.983739837398374,True,5
-0.97555978559413803,0.21655150134166343,-0.037263279487876118,-0.19912958283102117,-0.94297339842881112,-0.26673690988905752,-0.092900559594996476,-0.25279758132207519,0.96304873651578282,3.4921619572895,-18.565567597160577,-5.6517613265869535,,0.2553285376339663,0.1176470588235294,False,3
0.016344355192664809,0.99920636001234009,-0.03632509000989044,-0.99014065894153303,0.011119795783633771,-0.13963461480792858,-0.13911986761122339,0.038249186300115132,0.98953658961314572,-14.008322899322279,10.324125749126878,-0.55122749938047921,0.2697081389234373,0.2506587675273356,1.0,True,5
0.065859491975631387,0.99772553709240763,-0.014362449316836348,-0.98837536010051485,0.063252142062865266,-0.13825090983656341,-0.13702800758564004,0.023300625702458402,0.99029309094781826,7.4995702981952661,0.4579021768751223,-1.824091493582751,0.2863758243078204,0.2570245849255829,0.9916142557651991,True,5
-0.010410767606623419,0.99929781915747184,-0.035992840190257697,-0.98975252232978828,-0.015424380645581522,-0.14195785650510001,-0.14241334368542591,0.034146114110111543,0.98921811671214155,12.433638198559093,-16.887469720435078,-5.1293498629572953,0.4331035331967837,0.2574701121841138,0.9682539682539683,True,5
-0.19049610895548272,0.98138375146635792,-0.024436956247407535,-0.97022969055178543,-0.19200648958140187,-0.14760709850956891,-0.14955126226350418,-0.0044091174223317917,0.98874414265721333,14.490915202213236,7.2380346243739151,-0.46271193703840663,0.2421153032738669,0.2100387097031533,0.9789473684210527,True,5
-0.39741941239781492,0.91719009933121198,-0.028637952758152035,-0.90449226372804048,-0.39679912109899479,-0.15634641777537484,-0.15476290093398443,-0.036232294764035132,0.98728702276016544,-0.30676189968481365,-10.37441070340247,-3.9461273574140638,0.2557589825988377,0.26044974356957,0.9203539823008849,True,5
0.64108254134318976,0.76747169901761292,-0.00060530320966978995,-0.76277719403590571,0.63707363945887441,-0.11094201262522281,-0.084759232203152762,0.071584698879318981,0.99382669688567415,-16.279394588006468,21.67661513599278,1.1096710397608827,0.2461864276990534,0.2087465072975105,0.8648648648648649,True,5
-0.76350320388326764,0.64450075488942393,-0.04100773837883185,-0.6313815447601856,-0.75829056027863007,-0.16233536622856362,-0.1357210469906043,-0.098052043014323589,0.98588315446836272,1.3678450704959455,-0.37066731093910166,-2.0152988846103899,,0.2802072073016814,0.8046971569839307,False,1
-0.34023815565479076,0.93973683061651503,-0.033655409958196464,-0.92791978388529728,-0.3413270683043777,-0.14986896649074122,-0.15232488999139498,-0.019761620013718693,0.98813288896966844,-9.7742444346739479,-14.390069461097683,-4.8703668232537272,0.15249094278047,0.3165882802854528,0.9928057553956835,True,5
0.46992632637524595,-0.87524899973954429,-0.1144920793522102,0.86330099217283485,0.48276046152197588,-0.14715207679298309,0.18406695709133875,-0.029690490834879332,0.98246518007567019,9.6880626886452053,11.172022064736963,0.013937650445212682,,0.1447721327436726,0.2105263157894737,False,4
-0.096118110859887987,0.99440269194159248,-0.04387020656483831,-0.98452192497782853,-0.10146746495452234,-0.14290182921731695,-0.14655336230424304,0.029455726353598707,0.98876411351864113,8.3061305328669519,-8.9041006749212332,-3.5382755526068732,0.2128003615847539,0.2156528289075919,0.9894736842105263,True,5
-0.21286756173002011,-0.94222856523724285,-0.25863629291745449,0.96895502082850093,-0.16949964388752828,-0.17998899503370064,0.12575201300319794,-0.28892075310189874,0.94905807496310557,-0.65237249933012453,22.871061690317639,1.5835681685639595,,0.2213178336823018,0.1333333333333333,False,3
-0.28857489041811235,0.95716506789218325,-0.023655135322502359,-0.94521137969492841,-0.28873584165153343,-0.15233864066936581,-0.15264331074562015,-0.021602003442553759,0.98804522828253316,-7.3827698187957518,6.7520829416871235,-0.99826811893347445,0.2942387647182978,0.2512938142341439,0.9803921568627451,True,5
-0.59797597746412712,-0.70365373048736291,-0.38379181589377165,0.79770023390508504,-0.47581285747539415,-0.37050838248125006,0.078096524913684517,-0.52770593348219719,0.84582940393680328,-0.43683486760947321,-8.6118814297531685,-3.5145512149245861,,0.6787542446941602,0.198813056379822,False,2
0.86041485697704834,0.50780123507831287,0.042710414960585932,-0.50903154294896902,0.86037833729735713,0.025219139406957858,-0.023940805670603769,-0.043439870653299566,0.99876915023516166,-16.37403143431677,-5.983746468730172,-3.3991581561230606,,0.2900038838741406,0.1864406779661017,False,3
-0.82693417236656996,0.56070804578989109,-0.042265375414144185,-0.54734726080465035,-0.81988701604729797,-0.16791741126728219,-0.12880547605619666,-0.11572280805243486,0.98489460402339368,3.4962775389840361,-12.167540498822245,-4.3106285556131496,0.3438092344852861,0.2985016266186682,0.939622641509434,True,5
-0.83023195960355289,0.55651230622298398,0.03176391467086323,-0.54275346952486025,-0.79409174827496687,-0.27356345998749787,-0.12701796948293892,-0.24436110235465136,0.96132933331114401,-19.381063602930581,-8.4446172414766174,-3.8842287235043984,,0.1087139116327892,0.2727272727272727,False,1
-0.70184044069596052,0.69141404856576361,0.17136688492704444,-0.70680796337587848,-0.64603563265815656,-0.28820212394154487,-0.088557883399174836,-0.32339538460199857,0.94211088864633252,6.513251624145199,-17.713621009113229,-5.3511087395704413,,0.3669617356781365,0.35,False,4
-0.096207075488261365,0.99283785039043226,0.070832206361953837,-0.98740116284043611,-0.086213869162773127,-0.13268802653344397,-0.12563097646421309,-0.082705329913438347,0.98862363220618921,26.999328032255526,1.1649495344982275,-1.2057631210632227,0.3288394242655536,0.2641279327577122,0.6578947368421053,True,3
-0.56859196177817006,0.81545225962195189,0.10835494118269708,-0.80533808244411675,-0.5249394998307686,-0.2754434506076644,-0.16773119556745003,-0.24387729249537848,0.95519113911229214,-8.6071177290549929,-11.023351406245947,-4.071659411367615,,0.424125670433113,0.2253521126760563,False,4
-0.39610174871284271,-0.9099057865294472,-0.12318629918483538,0.91202411349151291,-0.37433558308171155,-0.16758546371596622,0.10637396804034491,-0.17872977054509664,0.97813099738442399,-18.576399544637169,-13.340478739875648,-4.7938549529300367,,0.2089726358793056,0.5757575757575758,True,2
-0.857234778681082,0.51455494759941811,-0.019538170860022821,-0.50013483625563382,-0.84104063727966649,-0.20619357896831347,-0.12253032189276966,-0.16698458714855038,0.97831613902239256,-15.22128746144355,27.880671564081702,2.1007722636205601,,0.2120834936733448,0.5833333333333334,False,1
-0.96903268000020837,0.24503051083390562,-0.030589440205549247,-0.22974407280202599,-0.94004530753929583,-0.25205650316087513,-0.090516993453997635,-0.23722324619190688,0.96722893120616626,-2.2077843321312391,24.967797528420295,1.9369819138720414,,0.3146385204236534,0.3333333333333333,False,1
0.10724239101393343,-0.96615207036910444,-0.23462575837087138,0.98222932769757165,0.13951467430464015,-0.12554363171601493,0.15402797596667561,-0.21699270166335571,0.96394478578622245,-9.3856756678254385,26.302212131045422,2.0952475274561673,,0.2147963737403811,0.2195121951219512,False,3
0.17655362546303291,0.91857751645321151,0.35361584184324807,-0.97358612244381482,0.21581526144336777,-0.074524057276481731,-0.14477181880696469,-0.33111798379849555,0.93241728924583045,-7.7670006881514997,23.125094956630477,1.5378123292107115,,0.3484165117393669,0.3103448275862069,False,3
0.65111781284166692,-0.72372045735697721,-0.22863572206305266,0.74494387979297327,0.66705214521918377,0.010002575542308823,0.14527288032966879,-0.17683363696280974,0.9734606592355074,-15.666212636292446,6.2611001584211401,-1.3142273957807507,,0.08817581827023861,0.1111111111111111,False,1
0.16874024457409001,-0.98140543013666215,-0.091488313785687225,0.97461254197380232,0.17998692879851746,-0.13317318982828455,0.14716359226533998,-0.066693981437229044,0.98686107935798661,25.592768950742293,-5.2194754902976692,-2.3553095217792008,0.2757010096884962,0.3209430560067628,0.6666666666666666,True,2
-0.75419772997601031,0.65350813470865177,0.064131910689230326,-0.64225600710424746,-0.71380657226225863,-0.27926224007859279,-0.13672236626661213,-0.25180805242252158,0.95807082165027568,2.6066392306640211,26.150199591419927,2.355647894672654,,0.2258630542190527,0.1304347826086956,False,1
-0.70469094085201689,-0.68736247727246735,-0.17590765395216498,0.70704252225147213,-0.65963396307823252,-0.2548997969437804,0.059173892971265005,-0.30399976906497866,0.95083257769129004,-16.117070829285662,0.17020532930303625,-2.1668482143232732,,0.09070633282783305,0.1818181818181818,False,1
-0.68825164231441316,0.72451344688916763,-0.037281927636447228,-0.71130467010274678,-0.68402587633898193,-0.16172280849870879,-0.14267215264912367,-0.08478717931069818,0.98613173110036367,6.1917883456388472,25.09660623437378,2.1663536476518428,,0.2426479505350911,0.9736842105263158,False,1
0.86030135679504338,-0.50491221461544289,-0.07032233662738975,0.49497835470208723,0.86033279760183146,-0.12175346297752981,0.1219754232336239,0.069936634911432358,0.99006609033147008,-17.211498617595677,21.03444591673842,0.92740317456363497,,0.2109250303250486,0.8518518518518519,False,1
-0.4327925902976611,-0.83310084794984818,-0.34443221528870394,0.89566721925908088,-0.35400553234893717,-0.26918453783798713,0.10232695699641382,-0.42499771788985985,0.89939209117062191,-15.039386327052043,8.3989653897622674,-0.90135576865730194,,0.3961242989148493,0.3103448275862069,False,1
-0.49046913378821155,-0.86762663606134427,-0.081633627862025743,0.86629837224091499,-0.47524206106351469,-0.15385744586741007,0.094695084633690391,-0.14618140713844885,0.98471510456235001,-25.788852088509387,-12.905768598139531,-4.9412690906566157,,0.2551790061686443,0.967741935483871,True,1
-0.99825593936813106,-0.0020986030835689643,-0.05899724893032636,0.013481480543439853,-0.98106398187786192,-0.19321416393295415,-0.057474596115206528,-0.19367255697968996,0.97938123908636399,27.488255571998501,-9.0545320143295829,-3.0876603978946764,,0.1616107471493851,0.65,False,1
-0.80066580898035788,0.59708399066678219,-0.049243988661147792,-0.58456060598395831,-0.79658165090364963,-0.15409922574524529,-0.13123703845141013,-0.094595885391735912,0.98682747134717352,21.023742107322192,3.4846858544410595,-0.99747008769167356,0.2952996450189546,0.248311964467186,0.95,True,1
0.69108693185157999,0.72215146242576167,0.029935229083837646,-0.7201201252257724,0.69150524356808152,-0.056986870090093705,-0.061853519453513604,0.017825920289872139,0.99792603869075969,-11.848238708426113,11.17370836538254,-0.33955516819938919,,0.2156772361701819,0.5428571428571428,False,1
