axis_00,axis_01,axis_02,axis_10,axis_11,axis_12,axis_20,axis_21,axis_22,location_x,location_y,location_z,dbh,dbh_approximation,score,reconstructed,number_clusters
0.98079189328521743,-0.19471574537378711,-0.011534321372801946,0.19275585762835523,0.97658127826469487,-0.095572937031639424,0.029873757981844374,0.091513853849714902,0.99535560134939571,18.997863370439497,-6.2292902842176092,-2.4102737071142037,0.2936988559820559,0.2521417461038505,0.9882352941176471,True,5
0.31875344348614287,0.94540474920032058,0.067868272817326755,-0.94043418879635676,0.32438390606537604,-0.10177729623402855,-0.11823611465481342,-0.031383780448666659,0.99248943546824986,-12.169534056534399,13.17969818091561,-0.90497152765768996,,0.1877403449826523,0.3421052631578947,False,5
-0.87586788930529957,-0.46980388163419817,-0.11018054857968998,0.47788637089368935,-0.8128170644456838,-0.33309613666321902,0.066933227906176951,-0.34440199265878696,0.9364332386533053,-7.7010906237703889,19.897547992036277,-0.32565845981245634,,0.3090811463154775,0.3555555555555556,False,3
-0.0053700214992945857,-0.9364955063285193,-0.35063845980666231,0.9944727836827526,0.031766700263150011,-0.10007376913391879,0.10485726194868339,-0.34923780348192879,0.93114870522153637,-9.7913296264912866,-0.61916014081734727,-1.8682474357982826,,0.6893768768300685,0.2552083333333333,False,2
0.71058820213219376,0.70324940213185372,0.022465204021464437,-0.69918954172674719,0.70933839022369249,-0.089291841143527562,-0.078729865556070672,0.047742293158687124,0.99575211860857826,-10.891864060005746,-2.0764172505113945,-1.9938078908429193,0.2426817555166461,0.2157672851167859,0.9202453987730062,True,5
0.99292480508852898,-0.11812943408490838,-0.012073451978926116,0.116824202251412,0.99001543509630008,-0.078876764889326115,0.021270571412855301,0.076908225007889019,0.99681125982700858,-12.241527719831074,-4.292068793291814,-2.1881408354223404,0.269309035119008,0.2203160238177227,0.94375,True,5
0.99703530179712774,0.07645863387130325,-0.00864200652889556,-0.076894338337394202,0.99416263591375842,-0.075682984115740218,0.0028049424175576945,0.076123128282691091,0.99709447979541654,-15.999837875398358,-7.801489134365319,-2.4659066115437831,0.2950340171858971,0.2607626875862505,0.6944444444444444,True,6
0.99921203487181998,0.039211463087617589,-0.006145773331985703,-0.039567774469227997,0.99626734266934502,-0.076718792705027045,0.0031145771578257736,0.076901515544838289,0.99703382907303506,-8.3010098783465676,-4.5273795691179277,-2.2145742471470728,0.4554891341724066,0.3009155682493149,0.9595375722543352,True,6
0.91036280602490738,0.41362872873068329,0.012281537977706009,-0.41275247368776458,0.90975554227911637,-0.044499986034424253,-0.029579669894881505,0.035441896973379218,0.99893388923784154,-19.35650835509005,13.100139319909941,-0.84340703242130377,0.3231143433585824,0.2823089105058185,0.9285714285714286,True,4
0.99515163332387369,0.098301952451722852,-0.0031548117225189062,-0.098215279869940664,0.99155698629851963,-0.084667004923201075,-0.0051947562882701873,0.084566358954228191,0.99640430822047787,-11.161395493598944,-8.7710168996198288,-2.4885294342788171,0.1345881538983062,0.1625719201219235,0.9428571428571428,True,5
-0.96386061667576162,-0.26035729369796268,-0.05645167171743995,0.26479626097973485,-0.91301051586426563,-0.31031393473774227,0.029251526328944712,-0.31404757209623568,0.94895651674240944,-3.8887627002605787,-23.96223294135299,-3.7261232338334276,,0.1691204772120712,0.2162162162162162,False,2
0.58126881455961688,-0.81300894608724916,-0.033808561083851815,0.8076510505411062,0.58150284009521513,-0.097745728914611141,0.09912792633919025,0.029511024097805566,0.99463699593187926,12.18944212258365,-6.6807180042113021,-2.399938387898342,0.2720738003490853,0.2376041981392493,0.972972972972973,True,5
0.87663754178334941,0.48109020353700421,0.0076704886917957904,-0.47860143712337166,0.87351998305948009,-0.088901651161322981,-0.049470038604091986,0.074263418023210959,0.99601087344668093,-12.460697324719957,9.2833249464587837,-1.2827818324968265,0.2474837688065022,0.225510646661043,0.8333333333333334,True,5
-0.90198684730496881,0.41860038659128868,0.10579907199246649,-0.42809405621252894,-0.83517708325001572,-0.34527484508649176,-0.056171223276226173,-0.35672532284605241,0.93251908169003828,-5.938312732459277,-10.105997705215367,-2.655353191571507,,0.4334056352855037,0.2626262626262627,False,1
0.17979572693598034,0.9817110764737027,0.062584813688358457,-0.97821601828353466,0.18514143223624363,-0.093893938265576168,-0.10376376125155529,-0.04433973836590157,0.99361313872783197,-11.915511840562894,18.461187016138716,-0.44997584863538703,,0.2036110530596937,0.4761904761904762,False,5
0.99989148682375184,0.012578620469540232,-0.0076676518225817572,-0.012808337427769829,0.99944703272942559,-0.030685098348963422,0.0072774356558795786,0.030779978483300337,0.9994996907727608,-12.802677523610496,30.608596613269579,0.63840573976543635,0.4561531806252194,0.2520936880651116,0.7941176470588235,True,5
0.94054921488780785,-0.33927207839545998,-0.016175017624549641,0.33661063480905401,0.93741895677947507,-0.08910095400122206,0.045392233998507787,0.078359149380956727,0.99589125350156515,11.398730269829242,-2.0600399494648047,-2.0374923701875503,0.3020219915815821,0.2864964460054156,1.0,True,5
0.91627692585939247,-0.39978502850744224,-0.024668322175720538,0.39703528632762136,0.91465871193066728,-0.075910619152239414,0.052911024828530911,0.059760954398637836,0.99680943604129202,-11.808856293682698,-1.2606318073403979,-1.9178583056314706,0.2740218261599345,0.2319344936075743,0.9290780141843972,True,5
-0.22634039535783712,-0.93370799242888314,-0.27741559131325955,0.96483888856537414,-0.1758435183806378,-0.19535858352131436,0.13362613719326788,-0.31187888982415241,0.94067827313107577,-2.5867127482592975,-15.088027203113837,-3.0785481336940959,,0.4274751098960503,0.3783783783783784,False,6
-0.66076908820397573,-0.68498934004816348,-0.30687752621276576,0.74451421079260582,-0.54622632004867833,-0.38384293299986744,0.09530373550888975,-0.48210622409014692,0.87091376535888532,-3.4974718053442913,-11.298523395600478,-2.7773647397474046,,0.514997932008235,0.3416666666666667,False,3
0.92514300750605738,-0.37901134503475864,-0.021466625202650344,0.37625193771926058,0.92298526884481891,-0.08082495195148405,0.050446952585360888,0.066697779801138182,0.99649712048979355,-7.1002962825961253,-12.407716554923471,-2.8267314488593849,0.2874082708746124,0.2335478068257681,0.8947368421052632,True,5
0.98148672365242606,-0.19086892673292002,-0.015901701225011104,0.18962870843429025,0.98005768283556594,-0.059396054183118788,0.026921445569830126,0.055281019552864408,0.99810783217327104,-12.537885757075632,11.253975841607355,-1.0927318979578351,0.309605996126821,0.2492557040842892,0.7959183673469388,True,5
0.9825046171060593,0.18623759355914321,-0.00048591210869092238,-0.18613578781956727,0.98187432642839745,-0.035724999560140927,-0.0061762333235577879,0.035190422647112606,0.99936154033255287,7.6823741642119359,23.696934878325436,0.063524033786758291,0.3289012796732658,0.2650499347008709,0.5333333333333333,True,3
0.65503992515956089,-0.75470784558966075,-0.036589127515831529,0.74993990236768104,0.65528839175928322,-0.090483514864780581,0.092265049090703169,0.031830668088258532,0.99522558713356302,-13.756651147408643,1.2597286219038442,-1.7432000971826074,0.2342859180411292,0.2141502660664407,0.9302325581395349,True,5
0.91585248151345522,0.40146768535538746,0.0061587109881479918,-0.39944647227787827,0.91258211847082937,-0.087386456799970744,-0.040703168063506441,0.077573027932926766,0.99615544843508874,4.853968019023803,5.2443574470498415,-1.4576284261964378,0.3124476891952735,0.254307676639995,0.9259259259259259,True,5
-0.99209743122852334,0.12153129934901913,0.031190226486932066,-0.12329623263133278,-0.89823637662137723,-0.42186425628751834,-0.023253515189907696,-0.42237608241073471,0.90612235323860912,-11.385399447624737,10.850156571150455,-1.1446773873895899,,0.4340017216455851,0.3366336633663367,False,6
0.99090327317272842,-0.13437054537372509,-0.0074336903043976318,0.13307262638705902,0.98657117559075203,-0.094704760175676819,0.020059394856880693,0.092854036150562161,0.99547764849268539,13.271038479983705,14.793268712044966,-0.74491793178504484,0.2842536252057908,0.2576577405898393,1.0,True,4
0.63492745669110473,0.77254368177005339,0.006586690894271878,-0.76794389354315895,0.63203294991067871,-0.10390633569219869,-0.084435188810942696,0.060914776404227419,0.99456527634242498,18.494446769733717,14.449821961202085,-0.86419263321910234,0.2227643851687655,0.2415537565710192,0.5869565217391305,True,5
0.87285372178848142,0.48774355463863367,0.015251402180371423,-0.48524811283811919,0.87084335307977956,-0.078524667358805783,-0.051581482598323125,0.061139834030175685,0.99679550126779881,-12.582099673215346,-21.39074930767184,-3.5573519147484487,,0.2614354432798092,0.926829268292683,True,1
-0.18519537442904335,0.97117380632724493,0.15008034912652013,-0.9613773630332253,-0.14740849887813051,-0.23243128082463185,-0.20360805273212837,-0.18732904836769942,0.96096388511758524,5.3718827100850053,-1.5160646638491859,-1.9395606675832611,,0.2327488827897295,0.1709401709401709,False,2
0.92502580540774693,0.37962154189908953,0.01465415490249488,-0.37745088562840517,0.92274476954479201,-0.07792893696221298,-0.043105547996528541,0.066555053931958069,0.9968512108273897,17.054372315063393,18.207242950061573,-0.46797461916661309,0.2624933038744885,0.2331488177441099,0.6206896551724138,True,3
0.98597480936470139,-0.16224698914355204,-0.039109970750373306,0.16241799659939019,0.98672129789213348,0.0012143585574899002,0.038393615079638267,-0.0075494900435578048,0.99923417451626462,4.5340395755666476,21.141298300839967,-0.11445612580793064,,0.2904535597724686,0.625,False,4
0.11831420222098032,0.99287050837900259,0.01448803451248902,-0.98565024224876485,0.1191978786245832,-0.11952182096316705,-0.12039663412141219,-0.0001390058316873069,0.99272585902131838,-15.626488038415067,1.4912421523452155,-1.7618196889572511,,0.1385930917484212,0.7435897435897436,False,2
0.91271839107951169,-0.40844628870437638,-0.010805916381788717,0.40592718425114116,0.90946872227547637,-0.089943116960409186,0.046564575281743792,0.077706321790668179,0.99588828082400738,-6.6235747304782482,-15.179341652911711,-3.0411879397542116,0.248215412895961,0.2214514618218377,0.9069767441860465,True,5
0.94977539697418845,0.31288408387851696,0.0054995779860487551,-0.31121275694418343,0.94625011214455068,-0.088075792256593677,-0.032761489858125187,0.081940681727254591,0.99609859424674907,12.342523109303023,7.296440916035972,-1.3364231632957788,,0.275886441762099,0.9574468085106383,False,5
-0.10039851647111357,0.98510368625531097,0.1396096888349726,-0.99036077547883039,-0.085489255272327494,-0.10898220784124829,-0.095423646353352931,-0.14920561168796953,0.98419104505042587,-11.022482970883365,3.524974821735011,-1.5990795444832109,,0.2386481204930897,0.2321428571428572,False,3
0.95899350082218648,-0.28039783306670596,-0.041334254466533722,0.27775898455479242,0.95878650616826355,-0.059819579476507907,0.056404005885212195,0.045885627391933491,0.99735304547534764,26.925835091675541,-6.8469461925716901,-2.692401443662972,0.2333535312458343,0.2219782236965882,0.6,True,4
0.89169274750299743,-0.40265919670629258,-0.2067598011181106,0.4488386047631317,0.84565028474364279,0.28882434590470818,0.058548705577859003,-0.35034435520048041,0.93478921787444613,-8.2104173058316778,-4.9862804861112444,-2.2540337513868911,,0.1567066028188974,0.4047619047619048,False,1
0.8400446870824132,0.54243232037785005,0.0095969533764931406,-0.53924561294654816,0.83678800514700424,-0.094868347513792153,-0.059490273343723067,0.074518536295322707,0.99544356702220471,-12.803684409738135,-10.919049090321684,-2.6809744371761397,0.1582117174596101,0.1059223405568401,0.6666666666666666,True,5
0.95086656637083911,-0.30036061986083834,-0.075075102363857005,0.30287428973602065,0.95271727706297471,0.024432654432377118,0.064186739869163512,-0.045970512532751931,0.9968785153680686,3.762361019381121,5.4189913006984547,-1.4444586662447958,,0.2093477698928636,0.3076923076923077,False,5
0.97282750235764803,-0.23078117352453711,-0.018619898045318561,0.22931918367804105,0.97150256255886946,-0.059962346008031256,0.031927459244629683,0.054063119482577318,0.99802696178910677,-14.169058881263252,-19.864555540409047,-3.3959681323151427,,0.2388064971347692,0.9302325581395349,False,2
0.97468629251221373,-0.22288956481885069,-0.01751779334446683,0.22121200542624525,0.97277775972836156,-0.069055621300295966,0.032432697144933159,0.063432421305940886,0.9974589956901343,3.112314764711769,24.843481106404276,0.17950825193020636,0.2755045529272437,0.2351521590934765,0.967741935483871,True,2
0.026034766668543784,0.99943782644462442,0.021123967339507693,-0.99281874538767323,0.028318923676537457,-0.11622812640944567,-0.11676099404922054,-0.017946298600228262,0.99299788551395762,23.163130881511368,-0.63176286211660981,-2.1015423987045696,0.29662988958412,0.2642702496472086,0.7843137254901961,True,1
0.72483623554075716,-0.68867180100200631,-0.018535969134581602,0.68415651696694635,0.72272149315101042,-0.0979974674633554,0.080884435701570292,0.058350611326944163,0.9950140271468596,6.644026108673291,12.138854121007633,-0.83071470601752417,0.1771644315095053,0.1943674769853631,0.84375,True,5
0.84328137104562395,0.53650375072870082,0.032252979729772889,-0.53317340417294745,0.84260349924886069,-0.075798839939712731,-0.067842835510049521,0.046723318670784664,0.99660136522199527,-9.3925902315458139,-17.462478879724159,-3.1863390225591992,0.2943500357843234,0.1715815044597249,0.1578947368421053,True,4
0.42968963570939028,-0.87547665524167628,-0.22115027264459391,0.88889065683795943,0.45319515577530017,-0.066989185455427341,0.15887170028079881,-0.16779385241613556,0.97293628051442282,-5.4794846962130821,-16.312124926775198,-3.1424565997232281,,0.2553062878097916,0.5555555555555556,False,3
0.72748980577265854,0.68610417491772346,0.0044321165744716298,-0.682261169155161,0.72406880920936556,-0.10121292700620896,-0.072651769144957523,0.070607511573498261,0.99485491391936443,1.2236078218863879,-26.496429934321508,-4.0608689323741816,,0.1968398962426808,0.9302325581395349,False,2
0.90852503086986969,0.41778500920112033,0.0061607117870930983,-0.4155988879088503,0.90509639515221696,-0.089878138895897408,-0.043125777115671747,0.079096153947478737,0.99593371555484933,21.981266676946593,6.2657674074700909,-1.6152478917117954,0.3354919400391941,0.2900868311301456,1.0,True,2
-0.076689586324518749,-0.99668026918488573,-0.02733401483353395,0.99058576123925257,-0.073045465589621508,-0.11577655024592616,0.11339557742445788,-0.035955541636041151,0.99289910970160222,-12.66330270954098,15.414040617960472,-0.69735099822407032,0.2200321888563782,0.2479642561039987,0.967741935483871,True,5
0.93082926181292813,0.36514137582914202,0.015121541270748606,-0.36381213172121657,0.92977107528987202,-0.056271488044848939,-0.034606620251993285,0.046877747513280277,0.99830098598710082,14.531651404229859,-16.67912134304331,-3.2107394843118042,0.2975209013731303,0.282478297908784,0.8873239436619719,True,5
0.94785150103623417,-0.31841015422248342,-0.013874641306135197,0.31587121064283502,0.94431127740936494,-0.092204065227758716,0.042460690884503813,0.08301316188116982,0.9956434626331373,8.3267040654705582,-8.8263441589426428,-2.5627264711571445,0.3175698727702653,0.2588865861702667,0.9594594594594594,True,5
0.99259768163824513,0.12143670520045144,-0.0017230892141293086,-0.12116704791835084,0.98922812131802573,-0.082135683429079481,-0.0082697584688582251,0.081736470584853088,0.99661966690969861,16.493501044872961,-0.58718053178686747,-1.9591488271059889,0.2733333265940584,0.2684801532290529,0.991304347826087,True,5
0.85657612557707319,0.51592998656760247,0.0096741951461259343,-0.51320933900689791,0.85371398487423678,-0.088253081454734497,-0.053791406818140805,0.070630595286367226,0.99605110489473403,15.459369622650447,-9.2300840013237284,-2.5912205238931523,0.3018490748674665,0.2804769830677091,1.0,True,5
0.99493401799759273,0.10047022593097656,-0.0034689382446747921,-0.10038148677857919,0.99099609321544102,-0.088601920655569252,-0.0054641507381051335,0.088501282098692902,0.99606107549868628,5.4112264605939142,1.4765291577550044,-1.7260201824895172,0.2380601292163534,0.2102958776402627,0.9798488664987406,True,5
0.86541313964339861,0.50059317142031345,0.021600334717534801,-0.49800718651170367,0.86409325779419677,-0.073018381365998503,-0.055217206695502785,0.052433944749237182,0.99709665605836895,-9.2990006608886269,2.0252193149148745,-1.7171815921212339,,0.2461328285662233,0.9030612244897959,False,5
0.98040838478616266,-0.19607308114530728,-0.018834699126212093,0.19440452808033193,0.97857659574907907,-0.067784406127131713,0.031721893115838333,0.062794849329624078,0.99752219443720569,9.9118272588957801,-15.708051152982467,-3.0821843515818048,0.3228445551683856,0.2675582851421984,0.8888888888888888,True,5
0.37494345751970148,-0.88297481845616699,-0.28244092061079051,0.92032909547247743,0.39114350199862019,-0.0010568212087168488,0.1114080773103262,-0.25954234879216609,0.9592841130204659,-8.9425825172052136,1.7892437703063495,-1.7266449174441043,,0.4995011745118658,0.3119266055045872,False,5
0.98389288027789246,0.17874737728155854,-0.0020433436908866912,-0.17816669918811009,0.97963867795028059,-0.09254559937804932,-0.014540544655837859,0.091419012129824923,0.99570635067891422,7.3047540834376328,-4.7627274712755581,-2.2178284901438974,0.2725930410390944,0.2422220263107866,0.9972222222222222,True,5
0.98160811178427043,-0.19054428475067919,-0.011763946113984756,0.18884094985427249,0.97818058743589831,-0.086613128460404143,0.02801090033284824,0.082798634725546341,0.99617256313860114,4.9678814632095492,9.5905903426958652,-1.077196605549041,0.1825049871224299,0.1871123957523729,0.8492063492063492,True,5
-0.7100327786692977,0.70411516990716727,0.0086764463784454945,-0.69888276910995795,-0.70314251154417418,-0.13097130792868009,-0.086118106437347949,-0.099057740565554941,0.99134819098926796,17.866028219851671,-13.951207103470564,-3.0604392323628473,0.2306225456509839,0.2427170579275895,0.9827586206896551,True,5
-0.28665576717700109,-0.8871846403714142,-0.36156864498074037,0.9519763114753157,-0.22140557844527131,-0.21147262759791643,0.10756195207422174,-0.40482463329491025,0.90804594748483047,-2.8680298478145487,-12.31858355693571,-2.8655764826764987,,0.1783392856190915,0.1764705882352941,False,4
-0.33472617584268244,0.94218003641808501,0.015973921902589866,-0.93587194010532004,-0.33041055291392174,-0.12236248708906314,-0.1100095401737424,-0.055907472651989344,0.99235691944603743,-5.9689070581095747,-13.035720270244008,-2.9055271148417541,0.332873352300565,0.2845551297892478,0.8682926829268293,True,5
0.78326691352534172,0.62144160216459676,0.017414857897360123,-0.61794350306034307,0.78131561524434334,-0.087702545007919602,-0.068108510496102892,0.057933103442277735,0.99599447103061245,-7.0896328788411926,-8.7313250837584455,-2.5296039190040931,0.2720347128547255,0.201337204879335,0.9659090909090909,True,5
0.99998139135730846,-0.0023563060085244332,-0.0056271450218114694,0.001864419568134947,0.99630444719911759,-0.085871837239780369,0.0058086899363162664,0.08585974792215248,0.99629030046867817,9.8172269030053165,11.456881146809703,-1.0003407798229611,0.2169181557653061,0.2236051007135463,0.9864864864864865,True,5
0.98374533132342712,-0.17898535343122882,-0.014469497450170003,0.17759060175847002,0.98167089424231602,-0.06916526270142595,0.02658385349092381,0.065471357512967704,0.99750027572877575,-17.525690346012752,0.25745945046734076,-1.8606032454144084,0.2016742587988792,0.2113038276649659,0.9259259259259259,True,5
0.57954986230981531,-0.81466852662059674,-0.020908104421497143,0.80894038699725912,0.57820272563087149,-0.10628762090552091,0.09867830248539379,0.04468556597892747,0.99411558322548399,-4.5209502370464003,-16.693198907923307,-3.1777698910751093,,0.1950030561433472,0.7083333333333334,True,5
0.28750510342722824,-0.92583660267926238,-0.24529044140084613,0.94832111699282651,0.31107452525253304,-0.062607497988584893,0.1342679208477526,-0.21461413019238562,0.9674259147619465,-9.632213471628754,3.8540702095197736,-1.6239900845763686,,0.4490112593174075,0.196969696969697,False,5
0.79364452341706349,0.60726466301424065,0.03685104481970649,-0.60466631546833127,0.79403336576675176,-0.062367146696616527,-0.067134323472093443,0.027214758924628043,0.99737271845013875,20.3326907624139,16.958172439145049,-0.66333998992308718,0.3168296744224414,0.2381280092407939,0.8780487804878049,True,3
0.53517747081836864,-0.84373678012286635,-0.041149976869409931,0.84032767681576637,0.5367224665971847,-0.076015718290703055,0.08622337447509143,0.0061024353935662662,0.99625714048954073,-15.417382165445979,-20.738079595296639,-3.4533937388294249,,0.1299932645593103,0.4285714285714285,True,2
0.96426822562901937,-0.26442368953711376,-0.016337118896703268,0.26235520291154479,0.96166001129506373,-0.079873463560949404,0.036831189873626879,0.07273331483962607,0.99667112347300169,6.4715886996564924,14.086909924380835,-0.65622094815309207,0.1667429774960527,0.1764692539293286,0.9090909090909091,True,5
0.98080394048292197,0.1949912334089075,0.0014315120844565696,-0.19418510230431185,0.97736547662593387,-0.083957555602978157,-0.017770097811742283,0.082067923048144836,0.99646830337463665,7.9702168681243748,4.1685352614632842,-1.5465730934383271,0.2428441512858528,0.2132437804350223,0.9015544041450777,True,5
0.92763485556723946,0.37335329113864146,0.010044637011472728,-0.37152192282416119,0.92517312907181171,-0.077628230074578142,-0.03827578343790615,0.068278849136598624,0.99693177457777749,16.131699611284116,2.9166473923639105,-1.7025615068435214,0.2820668148527259,0.2613669266382453,0.9247311827956989,True,5
0.83229331895796299,-0.55336349237713234,-0.032812749383775791,0.54957286654701143,0.83143836182180475,-0.081730746028495851,0.072508589651432878,0.049990957134836783,0.99611415441780726,-14.644084686858031,8.9460659342303792,-1.2307450624271528,0.2481941885449661,0.2535888609508829,0.4126984126984127,True,5
0.2517457314836703,0.96743179155653236,0.026454023615923611,-0.96089308395937378,0.25311570730025129,-0.11232506361867219,-0.11536276643179542,0.0028578669691934969,0.99331931659340578,-1.6385931114795742,-24.605985475996068,-3.8846739730123727,,0.1280083848313981,0.7307692307692307,False,3
0.63464801885336974,-0.76845413175162181,-0.081854380208731981,0.76658442057697262,0.6394092714280436,-0.059195521287737793,0.097827492527212512,-0.025179972313742811,0.99488479267708119,29.356910230859281,-5.0250375457905037,-2.5631026130609174,,0.2445126098659539,0.3529411764705883,False,2
0.98805580109085178,-0.15379127760890438,-0.0096941663972015049,0.15270659585687527,0.98563472084008907,-0.072144942000704329,0.020650169793991695,0.069802865312972168,0.9973470461587477,-10.269216964144301,-0.58169906235128976,-1.8691079112105486,,0.08295108140088774,0.4657534246575342,False,4
0.99847540916568345,-0.054510244939794089,-0.0086885262285988155,0.053483999580835044,0.9943289398732601,-0.09192073280471437,0.01364987473417403,0.09131589416482816,0.99572842100274483,-9.9724244169850866,5.1911587421986516,-1.5698649144679542,,0.1837939686572564,0.8367346938775511,False,5
0.97614281920927892,0.21688400025967491,0.010321188764984564,-0.21641787856816014,0.97568921182583834,-0.034552333679967961,-0.017564120878032004,0.03149432263180417,0.99934959313532823,-12.926259838833207,3.303323779452271,-1.5756047512343681,0.1989092749584409,0.215712127982291,0.4666666666666667,True,4
-0.43674025147367757,-0.8368499346884225,-0.33006081190394559,0.89398290439159755,-0.36285789921265371,-0.26292339499280643,0.10026225310789989,-0.40989795289920933,0.90660418530401943,-10.987722607524471,10.82888199341703,-1.1321658523467781,,0.3111545027789582,0.1944444444444444,False,3
0.9928166855790439,0.10929242689909989,-0.04868464088751405,-0.1056323257807916,0.99177356518747395,0.072298043856435693,0.056185768536009109,-0.066636032428644104,0.99619415707791903,-10.742618759198828,14.37390776010916,-0.77666992432005244,,0.3073991342180177,0.8620689655172413,False,8
-0.58685376969351533,-0.8011692583857124,-0.11717709850563321,0.80456163940874503,-0.56072920718154518,-0.19561013420952716,0.091012204612478997,-0.20907074312596768,0.97365610098244282,-15.827092370674359,-4.3690824261034322,-2.2084863969860491,,0.4442180174508826,0.2727272727272727,False,1
0.98841828474413462,0.14882441543923527,-0.029674698863404389,-0.14866265629248102,0.98885878567711682,0.0075971450718267108,0.030474727357721845,-0.00309763754313413,0.99953073771351553,17.199122737853347,-17.847933580737632,-3.3531092431614899,,0.2501835643622244,0.7333333333333333,False,2
0.65506153820900781,-0.75364671608249845,-0.053953762587203392,0.74958227903580843,0.65718271875430967,-0.078976459316554171,0.094977829595826874,0.011291656599530235,0.9954153456605469,-13.281479672058392,-3.5931491112796325,-2.1349472403279344,0.09317998180552627,0.1050789182516674,0.1818181818181818,True,5
0.65189881076897516,0.75824452596393555,0.0096529458572002375,-0.75348054556797184,0.6491318028830434,-0.10437897267362112,-0.08541081880292925,0.060771221244399647,0.99449074942901139,-11.257967877328749,-3.2290226333184799,-2.069779723205003,0.1744736043230622,0.1297345919317239,0.7205882352941176,True,5
-0.44368032075313141,-0.88923831770019102,-0.11136869986730882,0.89322300308426761,-0.42869060915893992,-0.13556189870336438,0.072804118959867603,-0.15962323124368016,0.98448970756925935,5.6150514057756329,-1.7592669331284174,-1.9579071789461089,,0.389118122792024,0.1645569620253164,False,4
-0.99887441763863749,0.047328967664500642,-0.0031411155480379274,-0.045946357127811303,-0.9818919505649818,-0.18378555351925663,-0.011782616592128196,-0.18343436492519216,0.98296134395546553,-3.8082145043224664,-29.892286340514932,-4.3753147415007652,,0.1452373792923518,0.5,False,1
0.34611176370271912,-0.93198964577610999,-0.10771233537861463,0.93149463363546248,0.35506318743556403,-0.079043535070451768,0.1119124413768612,-0.072975565048990915,0.99103489967349379,-20.685470605697855,11.094493355474684,-1.0106084321348916,,0.1317955210171293,0.35,False,1
-0.93762936112844475,-0.34708974594331915,-0.019490751931801432,0.3458947568926603,-0.92585851733792945,-0.15212765372205836,0.034756269995963401,-0.14938110367048843,0.98816865339989135,-13.572078442362196,-16.795458605845742,-3.1778337401646772,,0.1419186483970577,0.5,False,1
0.29551355418443687,-0.94441117117468065,-0.14408080737471538,0.95019972280836762,0.30618384295524964,-0.05806841730283599,0.098955677291316879,-0.11974553884643431,0.98786070873286269,-14.832049641998521,-3.2243250573922357,-2.1145562742738107,,0.3448005314770185,0.1521739130434783,False,2
-0.99840915999383884,0.055848462852429642,-0.0077523181964289367,-0.053882032766377846,-0.98554785100799858,-0.16059937707998656,-0.016609508883795726,-0.15992617850288776,0.98698923076399492,-4.702551809161811,-21.894511079020571,-3.5269882060979949,,0.1901937143642211,0.1428571428571428,False,4
0.089230814796628588,-0.99233666962285549,-0.085473948151175538,0.98440280791935664,0.10092919548530094,-0.14409860949771994,0.15162115106810223,-0.071282758227427967,0.98586499832800334,2.5565689182193054,18.013659751126433,-0.34471801219071435,,0.1451229404280457,0.2962962962962963,False,4
0.071017550347430292,-0.97674075171504915,-0.20232155466428248,0.96951144058728778,0.11528266920321842,-0.21623476305105188,0.23452947386845316,-0.18079659875258541,0.95514842603989258,-13.598196271406236,-9.7116793848142766,-2.5844958378158718,,0.285536187219945,0.25,False,2
0.98823464996766786,0.15214467945746316,0.015629239139080466,-0.15250047044777285,0.98799029637804081,0.02487530454162222,-0.011656891373291484,-0.026966104197979644,0.99956837990599445,0.6440162016865264,25.572708471430492,0.22479531692612162,,0.1839380673896171,0.4782608695652174,False,1
0.1088575249451226,-0.93226637309054516,-0.34500644757369925,0.98715336087644934,0.14221567700308568,-0.0728213109253463,0.11695418493219469,-0.33264712657582901,0.93577113003537982,2.6695985560975699,-24.240728903708309,-3.8571139785604585,,0.3246514568540109,0.2608695652173913,False,1
0.97866216239075599,-0.19663359681815404,-0.059628856328174204,0.19720721922577225,0.98035432850851911,0.0038344829964121752,0.057703419221815593,-0.015511904363011621,0.99821325188215415,25.491466273665253,2.7935512402465856,-1.9120446632013131,,0.1921122943332116,0.782608695652174,False,2
0.68755609706161203,0.65551853853378761,0.31234925809409353,-0.7216436426144619,0.66460811712684087,0.19371758754239721,-0.080604382433797861,-0.35859656480178809,0.9300061490360283,-6.7143560557551742,-10.472098356764002,-2.6617188764248159,,0.5990422313626984,0.3369565217391304,False,1
-0.38095869403888272,-0.92043375702098307,-0.08759093773004635,0.918524895385738,-0.36592176996958015,-0.14971063695993897,0.10574729307556711,-0.13748802565521701,0.98484239998520684,-18.596836178013906,-17.849937319940349,-3.2139187013853117,,0.2557073283014599,0.4,False,1
-0.81370656526699858,-0.51060703415639885,-0.27778063703467715,0.57786625547263015,-0.65890299350406056,-0.48157806837254324,0.062866655926858139,-0.55238329248936835,0.83121626653427572,-18.263576585185596,-2.0694960985311708,-1.9895438541430481,,0.3032864473297224,0.2982456140350877,False,1
0.9537105177909394,0.30065824201804553,0.0063929462346104526,-0.29922660466468037,0.95086064419152239,-0.079545423429208936,-0.029994788143730432,0.073950367370983969,0.99681074224243338,-9.9282147516953945,-16.116086397512241,-3.0859432493481096,,0.2397405778999768,0.9,True,3
-0.50474829100135921,-0.79816342732361534,-0.32888342313687124,0.8577093027197934,-0.42051963872979176,-0.29580058395900827,0.097795269615314567,-0.43139121076533837,0.89684876568755034,-15.423056901717606,12.403042705449387,-0.9418300992286549,,0.3898188414287693,0.2631578947368421,False,1
0.49176961906321415,-0.83609055183319858,-0.24313623938376677,0.86437887704139793,0.50241915544704807,0.020594881998407574,0.10493711779477513,-0.22028976684161738,0.96977348898275872,-1.27932979693023,-21.575026400219581,-3.5980486649012779,,0.2401091214353743,0.2333333333333333,False,1
-0.901641401539651,-0.40856481930255845,-0.14183642500388416,0.43114812468674374,-0.82338097565551149,-0.36899195588478995,0.033971717776978876,-0.39385093291351553,0.91854633254639673,-7.3110348713424012,3.2852166822373263,-1.7015552751460361,,0.4567650918563473,0.1607142857142857,False,2
0.94302025108640397,0.33273361399708523,0.0010715210567108294,-0.33109694165495379,0.93869111289495166,-0.09609271459779932,-0.032979103500130495,0.090262598502795013,0.99537181095500771,-11.972287942811036,-13.179943909761825,-2.8986234185033597,,0.1183134709323428,0.8285714285714286,False,1
-0.38131434046201768,-0.9192866122072868,-0.097526911026990598,0.9183795422745693,-0.3646326660233834,-0.15369461669242976,0.10572790591688433,-0.14817268130505667,0.98329368269368089,18.161197682572684,11.135895575922566,-1.1869505499860482,,0.153545217835782,0.4,False,1
0.61732236676149088,-0.77631403538023236,-0.12747397368738334,0.78084334761763086,0.62437356926065191,-0.02100743892068134,0.095899749620547786,-0.086568842434065735,0.99161941970815737,-26.937582636185923,-0.57444019223208809,-1.9927573237811671,,0.1836221995787425,0.16,False,1
0.93579014793496051,-0.34657585145063546,-0.064668216452382993,0.34939472582390857,0.93617486859574539,0.038729071460276834,0.047118198122392901,-0.058837017268097674,0.99715499337098701,4.5041406323900484,18.158014597014215,-0.29769365109660656,,0.2458648550038382,0.1935483870967742,False,1
0.35553977690892319,-0.92728649314015743,-0.11718031692815328,0.92797960376171906,0.36517698754797395,-0.074159441527225839,0.11155860360275363,-0.082374312775380099,0.99033789716287657,-21.198392033876885,7.6291228647343043,-1.3161996883883609,,0.1517848480198498,0.2272727272727273,False,1
