axis_00,axis_01,axis_02,axis_10,axis_11,axis_12,axis_20,axis_21,axis_22,location_x,location_y,location_z,dbh,dbh_approximation,score,reconstructed,number_clusters
-0.061355258216859915,0.98515072228894884,0.16035456545638455,-0.99304308944169917,-0.044073388967803585,-0.10919230237054146,-0.1005035064126098,-0.1659385149941271,0.98100125098815028,-10.337384098351794,-17.392978804735822,-2.7076135930902043,,0.2070934930488236,0.1,False,2
0.63373534215985683,0.7721801325606108,0.046014769109570149,-0.77300485324108237,0.63440007525256537,0.00020343370532806271,-0.029034685520293209,-0.035698562971318473,0.99894073880211764,-5.9219808846284954,26.623626910530671,-0.48835667520388493,0.2797924205863699,0.3175052222122616,0.8979591836734694,True,3
0.41937210053456886,0.90645756867076166,0.049615698047227742,-0.90668120997564494,0.42095255391644615,-0.026983899427643773,-0.045345614675766116,-0.033669326555662168,0.99840380191531908,-8.9606017521099126,-16.127934799568113,-2.6377030656494749,,0.1830178698282808,0.8,False,2
0.58772092070472814,0.80897022071123414,0.012300462121539103,-0.80827531991560586,0.58775135755058683,-0.035204387691983155,-0.035708914591621649,0.01074819519078174,0.9993044329526557,-4.9275892920759894,-2.3292749304899751,-1.8837570116924687,0.3039701020667845,0.3029862984157287,0.9471544715447154,True,5
0.39961323450167591,0.91647368891553416,0.019627540260065978,-0.91563469821279131,0.40008847586160412,-0.039272266442222509,-0.043844751565939463,-0.0022779394834967701,0.9990357594960404,-12.938873032473042,-20.398852860178526,-2.9065728712982977,,0.271546554157801,0.9298245614035088,False,3
0.51923147383394053,0.85452502631703886,0.013625563404793099,-0.85357326178731474,0.51931528110672487,-0.041524999347479712,-0.042560114450017741,0.0099306700130262146,0.99904455278585735,-7.3295543911875765,3.4739513056315743,-1.4603962397324701,0.2528837653989286,0.229392570710121,0.953125,True,5
0.4352782296805342,-0.89175823595484371,-0.12369361896591645,0.89845631033553219,0.43904810711636388,-0.0036080542955891498,0.057524961403222261,-0.10956280502179121,0.99231389719751195,15.746551481041143,-24.0660021203662,-3.701164637269212,,0.1584381153951351,0.2777777777777778,False,1
-0.1618157762608752,0.98638546128627846,0.029315120947145654,-0.98536859943412536,-0.15989518014470569,-0.059010631378781382,-0.053519882308546124,-0.038435050794132758,0.997826823185332,6.8890948944275436,16.727404756191802,-1.3357425017616413,0.2386331296871269,0.2218201501439474,0.5,True,5
-0.13167615186234055,0.99102539657711597,0.023022909674857359,-0.98964860403937172,-0.13008518051631915,-0.060609292463783722,-0.057070408739114897,-0.0307653888193773,0.99789601627481395,-10.103421633471383,-23.335567230679843,-3.1681247140119861,0.3038944883917752,0.3292307933270225,0.98,True,3
0.10582081823287064,0.98487804988192729,0.13717573141521516,-0.98717870265383667,0.12062760139042746,-0.10453320433949195,-0.11949963788738263,-0.12435517135835422,0.98501554703528427,-5.7771117653010444,-26.462018154482081,-3.4392521827580897,,0.2793249244537319,0.8333333333333334,False,2
0.40795092529225263,0.91279714710043003,0.019427063558626077,-0.91187851765182326,0.40841198837658604,-0.040953837370835092,-0.045316791571210033,-0.0010079660704670826,0.99897215797343031,-9.2505707766609788,14.968138793090759,-0.88239788667189456,0.331878166343714,0.3116879820412093,0.9367088607594937,True,5
0.21491880613135028,0.97555083834763168,0.04593983642013371,-0.97580631456535727,0.21643317907408818,-0.030963130498371697,-0.040149012758106721,-0.0381738234280668,0.99846422869296281,-5.0311245810902649,18.791954886510869,-0.80331546524441966,0.3068865271718619,0.2199878868828773,0.5,True,3
0.143791891921319,0.98959176841098306,-0.0056589496297041672,-0.98813902189079372,0.14326465190248391,-0.055285738956501594,-0.053899584733039116,0.013541469952848682,0.99845453745131652,-9.7393266169308585,5.0134667550805707,-1.3548649441955172,0.3315829383484796,0.2976971650630243,0.972972972972973,True,5
0.09900801088126851,0.99490980796960837,0.018758672320089046,-0.99385364706379198,0.099805907091049029,-0.047892683446778744,-0.049521126797914088,-0.013901615575563259,0.99867632548541729,-0.78548879310514141,14.474775761145295,-1.191126290060317,0.3135549023540455,0.2754503371175189,0.9801980198019802,True,5
-0.27510937708715411,0.96112544956888646,0.023509590164954419,-0.95957830362971619,-0.27299233962487041,-0.068444588604619772,-0.059365897970419905,-0.041389040785520262,0.99737788097642321,7.5877729751015561,-23.494855258079436,-3.4307594859304791,0.3204033522314612,0.3029575857920604,0.9859154929577465,True,5
-0.23753700654575724,0.96888573245681098,0.069545725698348854,-0.9696008042316191,-0.23216440822865436,-0.077291448331861537,-0.058740539278073919,-0.085791170836327035,0.99458002395576683,9.9841882745055397,-26.389795038473899,-3.7731112111375986,0.3246503914218418,0.2761046504581313,0.1935483870967742,True,5
0.12658728274093684,0.99116393557337523,0.039619599530605724,-0.9912761105657858,0.12787760623635214,-0.031921629733308962,-0.03670602770439934,-0.035233090156270949,0.99870480968512698,-9.3342596346381406,-18.650758906458705,-2.864216857780943,,0.2437567391785264,0.2727272727272727,False,3
-0.29465275598833629,0.95543397163173882,0.018046585285859961,-0.95375566865455874,-0.29285613494248663,-0.067715646167219479,-0.059412775543429122,-0.037164634782949124,0.99754143373780535,-5.871493199899442,16.19295472689646,-0.90810100353172396,0.2803524983020858,0.2672699641446237,0.9125,True,5
-0.76145376729713909,0.64756642924940011,0.029084015853657844,-0.64290549007293596,-0.74871809624523566,-0.16153557870942317,-0.082829288920479652,-0.14170014842649875,0.98643822758084332,-8.404683933831846,5.7257322930119905,-1.3412834954971429,,0.2716263557161036,0.4142857142857143,False,5
-0.14207996105189202,0.98939920899335776,0.030041469851038144,-0.98819209954281895,-0.14001736530987852,-0.062221473888327772,-0.057355549588933838,-0.038527167752094582,0.99761014343096632,-5.3094989903045224,4.7964896279451379,-1.48753234612756,0.2836363134088475,0.2474995660080284,0.9743589743589743,True,5
-0.68013994264283262,0.733041504895662,0.0077337262757173411,-0.72825787692833965,-0.67441801497161746,-0.12165856226986707,-0.08396501124654282,-0.088376994642535664,0.99254188007575861,-2.5244394338056901,-2.1997309864836612,-1.9614766211012944,,0.2544142621872504,0.2553763440860215,False,4
0.16995169692471715,0.9848307190924418,0.034998220587241925,-0.98430122852986279,0.17136220434197674,-0.042262115868257136,-0.047618402188780287,-0.027266273212942033,0.99849338411331745,-17.067280263226671,-4.2593578091224327,-1.7747350897115053,0.3123919764743558,0.197971403759337,0.35,True,3
0.5166795321595804,0.85538223748737041,0.036925449739408721,-0.85493911530300282,0.51777141508064539,-0.0314939811758677,-0.046058334449661717,-0.015296715872585614,0.99882162587282686,13.64829892949094,22.789793608644043,-1.2598923001416757,0.2507005515584586,0.2694209756973626,0.6190476190476191,True,2
-0.23731876003334873,0.97094549468919378,0.03073519934849268,-0.96966241500770534,-0.23485914617220999,-0.067793675078771334,-0.058605520709736389,-0.045891478533800378,0.99722583457325409,-23.643639540911987,5.8368001357116812,-1.0747366610918785,,0.2339405797553218,0.8717948717948718,False,1
-0.38332113823845293,0.9220762633693077,0.053294178954852292,-0.92265843894614463,-0.3796604727538484,-0.067522814439180651,-0.042027491253231422,-0.075055246047291052,0.99629333030977385,-10.704067564436929,23.642053627745927,-0.48344749056412417,,0.2179369374453246,0.3846153846153846,False,2
-0.84855751592353978,0.52834872485154272,0.028244771505921827,-0.52746783897345761,-0.84053489125525538,-0.12360734375913345,-0.041567066511164895,-0.11978614915868493,0.99192915949244642,-20.464866959338352,0.61508696225005322,-1.4290028489042468,0.1606397009515664,0.16206580799128,0.5789473684210527,True,2
-0.61456949085975765,0.7887663407843708,0.012328850311885176,-0.78703292495671107,-0.61200526240333408,-0.077644921435408812,-0.05369837929084062,-0.057421410956721486,0.99690484281363445,1.4766173063736758,22.043615271688704,-0.91086432442928333,0.2717296977890282,0.1850739254564021,0.55,True,2
-0.21571761708705542,0.97580544783228307,0.035631975234630325,-0.97469773746364374,-0.21299706465597018,-0.067798016425229771,-0.058568167647091288,-0.049355632189034319,0.99706258144094662,-23.145981962571405,2.7341102251311336,-1.2466488204952677,0.2950020962636434,0.2548667197138809,0.9622641509433962,True,1
-0.19555846095501295,0.96904820983977435,0.15067333989540699,-0.97880655921806015,-0.183342466859725,-0.091231899451310633,-0.060783287017157066,-0.16532122323561724,0.9843649146364728,-9.8959015357493421,25.408886943557405,-0.431478374710973,,0.2523601019963973,0.3333333333333333,False,2
-0.65371677596643385,0.7518481366659131,0.085899686914718859,-0.75490598800953934,-0.640021349014117,-0.14314196475350072,-0.052643385979568663,-0.15842049172422523,0.98596735327010809,-15.345787669071782,19.16023814612155,-0.54133104828514955,,0.1659413983550936,0.4814814814814815,False,1
-0.14427198962791682,0.95636269961307763,0.25407868820030888,-0.98782245533868196,-0.12408017532492324,-0.093866430740683945,-0.058244224927983611,-0.26452693034948976,0.96261784389362748,-21.084534387619794,-5.6729860773913474,-1.7956604386941954,,0.3059995451051346,0.1666666666666667,False,1
-0.5467847470208097,-0.82878448551422024,-0.11892315584577648,0.83635023111671791,-0.53397706603931816,-0.12404347566500529,0.039303070317752722,-0.16728648933781642,0.98512461097499082,-20.120795646707759,-3.6787075445687076,-1.6909007169912027,,0.1670041167901561,0.5172413793103449,False,1
