axis_00,axis_01,axis_02,axis_10,axis_11,axis_12,axis_20,axis_21,axis_22,location_x,location_y,location_z,dbh,dbh_approximation,score,reconstructed,number_clusters
0.12432015183986356,0.98952864658095119,0.073331831029812555,-0.96829046279483844,0.13712774512911238,-0.20882902378827309,-0.21669812991133836,-0.045044856659521557,0.97519889324252829,-4.1980681312776476,-11.018893396006611,-5.7157309108311125,0.09853600807114407,0.1243427208712761,0.7,True,5
-0.10204389212302509,0.98260907253232765,0.15513366706664311,-0.9716057258636891,-0.064982487662835001,-0.22750734002674314,-0.21346980477172645,-0.17394449365906706,0.96133966711897001,-4.5106671181350606,-2.4127525174408868,-3.8810096442478716,,0.1775747569335094,0.3176470588235294,False,5
-0.51823918834918581,0.81309821677925875,0.2651404034272532,-0.83821707800030332,-0.42136158592909551,-0.34618859607438046,-0.16976534925540626,-0.40165371126594496,0.89991889768938771,12.932810080659474,-5.2902486013032917,-5.2845770272542767,,0.1878563223026455,0.6666666666666666,False,5
-0.97402828324510615,-0.22549835495698642,0.020479144276143897,0.21407435092916932,-0.94658328276815473,-0.24114779919816218,0.073763647637878266,-0.23050071734282132,0.97027230383619545,-8.8572499620578071,-2.5888217941708076,-3.7420316841916019,,0.176459386798841,0.7407407407407407,True,5
-0.20636709392871014,0.97631196082884308,0.065019825330101561,-0.95725764961372206,-0.18768311021103781,-0.22007462915457218,-0.20265836967524911,-0.10765688683985553,0.97331371094653696,2.7512541050224431,-1.4563928554941281,-4.0056668180134114,,0.153149176973572,0.6007067137809188,False,4
0.99432377134139593,0.099594074767270863,0.03743338104787091,-0.091485367991601729,0.97993210528825003,-0.17709742084169278,-0.054320025670695805,0.17266756874581199,0.98348118716859323,2.1483556055813358,0.54946862341780456,-3.5818924693633361,,0.07656020843501823,0.1724137931034483,False,5
0.78773252818252515,-0.61591337967515425,-0.011321341806364335,0.60597196842327938,0.77806147464289521,-0.16558476729983129,0.11079457355115913,0.12357609159401592,0.98613057556185912,-5.0031177081561449,4.7084048511893561,-2.4029639834816643,,0.4794448718588006,0.2413793103448276,False,5
0.11512103515029258,0.99056381131488613,0.074367217100370933,-0.96903713513483913,0.12845068642833357,-0.21087307055609372,-0.21843575255802444,-0.047788668839155848,0.974680493872219,1.3313102088103963,10.691076503698326,-1.4358142162247085,,0.2585829904738511,0.8130081300813008,False,5
-0.96073398578885449,0.27362869825758279,0.046016779984283392,-0.2763447912195181,-0.92865639596486294,-0.2474486908419449,-0.024975286106511771,-0.25044886448816706,0.96780762621529559,-5.6688046885802512,-1.9275417907078345,-3.680598232671112,,0.2042671365605241,0.8593155893536122,False,6
-0.74471008854590837,0.66570390000225699,0.047383557693870398,-0.65644844043807293,-0.71785209379402004,-0.23187025786409296,-0.12034254885270113,-0.20378098281568022,0.97159198328223573,-1.6674932481630771,-11.02030100056618,-5.8173817262722558,0.233821101337208,0.1680324535080909,0.967741935483871,True,5
-0.85197832887256619,0.52059396301437588,0.055810866365756266,-0.51265163316757256,-0.80778504744776147,-0.29098388293931021,-0.10640126945732362,-0.27652349410638605,0.95509870016928888,12.325514661453138,4.6087031072693616,-3.3056169162479816,0.6603789333996153,0.2827994300626056,0.7959183673469388,True,6
-0.55087189406238424,0.83200500380216202,0.065634061129009449,-0.81961117895929392,-0.52447727826040436,-0.23056690984075484,-0.15740924895658998,-0.18080724055392139,0.97084039373431463,-11.903961994064334,0.4597736179240004,-2.9780398860800004,,0.1746174249095868,0.5961538461538461,True,5
0.32788489849628122,0.9198826250200981,0.21519165765479137,-0.92031320394652016,0.36245768890422736,-0.14713269655619451,-0.21334268203942319,-0.14980113464303174,0.96542452842254101,-4.4750243188548975,-2.7423991741088618,-3.9264982408371782,,0.6231779952665157,0.5865384615384616,False,1
0.95317728016056658,0.29996862086456239,0.038365336989501543,-0.28750403813422104,0.93820750239606643,-0.19263465551206571,-0.093778998940178063,0.17258478769679658,0.98052026517223501,0.50901451775788109,-15.154425416497169,-6.757611824520076,,0.1501977692441127,0.7592592592592593,True,2
0.3224188099983864,0.94427255070916161,0.066298272499646829,-0.92220336265254099,0.32913638681568635,-0.20300294772800728,-0.21351128511525971,0.0043114789953999089,0.97693108368876336,4.0631169346877787,-5.2234502901879747,-4.8800384349714205,,0.2755739704537,0.9815573770491803,True,5
0.98772330487368121,0.14569109132777924,0.056362921474451023,-0.14868830352959581,0.98745046170985706,0.053229447324597279,-0.047900536561768008,-0.060956472804058547,0.99699039464800443,14.689224186689566,2.3709080764759536,-3.8543520971968275,,0.2896870667141082,0.2619047619047619,False,5
0.32757025111621479,0.94090476212440588,0.085999762762896434,-0.92061728059889536,0.33832470089546796,-0.19493644971294177,-0.21251247786036992,-0.015317485942756198,0.97703829064066805,4.188717455898189,1.5256682234840282,-3.5177045967471363,,0.2077815291019882,0.8235294117647058,False,5
-0.50853363728593493,-0.85750669687119929,-0.07794744748728584,0.83577769266985102,-0.46981727380232263,-0.28416083064422171,0.20704875798757646,-0.20965207859212653,0.95560285566641279,-3.5758438544364997,1.9833148436507451,-2.9602893010196998,,0.3291982509039413,0.3058823529411765,False,6
-0.75229127976043098,-0.6441625552388851,-0.13824772267391128,0.63160233713103631,-0.64544176076860404,-0.42951533288875321,0.18744684080300089,-0.41043822419949344,0.89241478360061932,-0.7003177071732789,8.4969098216006671,-1.8200252596711457,,0.4524643704077739,0.2291666666666667,False,5
-0.59627149595074314,0.77704753315555231,0.20163688733348095,-0.78770615423863954,-0.51786730881395848,-0.33366519901895952,-0.15485256759652569,-0.35778566443984344,0.92087463893306576,-9.7309475967317116,0.80856995745245819,-2.9563588674870118,,0.2326513576830955,0.3333333333333333,False,4
-0.50904940013932276,-0.8598391243200002,-0.03931142971719509,0.83881820204216062,-0.48532720076895502,-0.2466607632286219,0.19300966851572943,-0.15853765635452191,0.96830422873034216,-7.8464019935810985,-0.6099633389607898,-3.3413046574233971,0.3390237514143649,0.4377265206418395,0.47,True,5
-0.99806169971477421,-0.055175766483189975,-0.028783299940227991,0.061885038917363785,-0.92874093300530902,-0.36552772989012039,-0.0065639561739111035,-0.36660048302398746,0.93035530864607119,0.82815027506507588,-7.4572369823978928,-5.174986181983976,,0.1844695677717555,0.4397163120567376,False,4
-0.75802936283063371,0.65055222764505638,0.046618496250297417,-0.64215965709327172,-0.73192159509374077,-0.22786345349196871,-0.11411599313170662,-0.20266370602919972,0.97257645579670227,7.6656338593104199,-7.7573625890764077,-5.513176316619484,,0.1508518507929926,0.7613636363636364,True,5
0.8027185780033026,0.59532879816390161,0.035021516316111521,-0.57845601329428664,0.79155900330690898,-0.19703549164415052,-0.14502249898562358,0.13790564296103547,0.97977064072540332,-8.5035687584969004,-6.25788624126168,-4.5305087215636792,,0.1685976056940632,0.9328358208955224,True,4
-0.61084897268559069,0.78867897401626363,0.069634822564663579,-0.77588233285671349,-0.57877090894214134,-0.25105943623594695,-0.15770268903789317,-0.20738782728728633,0.96546369738239035,-4.6424719907848777,20.816371420436713,0.94731329386460927,,0.1050325389077276,0.5454545454545454,False,4
0.83299421987860289,0.55187552561419884,0.039421236369366161,-0.53356174339548057,0.82011593879459987,-0.2066923146123906,-0.146398414040635,0.15113983976140674,0.9776115042302248,7.9987502590611355,-0.27409154061604457,-4.0170529281456977,,0.2812299317723967,0.988558352402746,True,5
-0.83476809926857976,0.53855395963283348,0.11455065694843901,-0.5419914515308637,-0.76708539356928385,-0.34325685053633609,-0.096992200258526173,-0.34862534551643459,0.932230058275615,0.6123067905969618,0.72228457954684255,-3.4696193779780993,,0.1758864934378916,0.2493074792243767,False,4
-0.80257530601956606,0.59501055250916812,0.042840641572400175,-0.58737168047405386,-0.77563632147200501,-0.23104719385974584,-0.10424676083546308,-0.21059615194991482,0.97199890619238982,11.223303344966993,9.4829680727390464,-2.2707919787377966,0.2802488034150801,0.2451286748961295,0.9652173913043478,True,5
0.40427537799545477,-0.91198650251521252,-0.069584753909902319,0.89665933222514982,0.41019038153685872,-0.16657098435259887,0.18045348619569418,0.0049467286883175809,0.98357107988955417,2.5313572991060425,-8.7690438337088015,-5.5184063867207431,,0.159206357739098,0.1481481481481481,False,5
0.29447679233564389,0.95237447105910322,0.079159873993104979,-0.93189732964725047,0.30452443640586874,-0.1970589623133451,-0.21178004101433762,-0.015739584066362972,0.9771906056248103,-9.4056051241172156,-4.842500526754721,-4.1788272277656597,0.1778361444053592,0.1294009589132581,0.7272727272727273,True,5
0.97127705809110276,0.23489241819269874,0.038031937913781066,-0.22409424527275548,0.95670196390372664,-0.18575015881119711,-0.080016533676018964,0.17189212936704568,0.9818607081455778,6.7105856251687213,-3.8478942943324492,-4.7259633847179243,,0.08874007236151496,0.3703703703703703,False,5
0.78976951619399827,0.60601022426680018,0.094951142040523379,-0.59109546915961497,0.79324012634592656,-0.14620618418409065,-0.16392149837550873,0.059343997495955508,0.98468676863839644,3.944668921255762,0.37414891132779204,-3.659366306110138,,0.1193463551294108,0.2610837438423645,False,5
-0.98453089477578926,0.16603796985569622,0.055949171559395619,-0.1750846696153362,-0.92018618789333095,-0.35014673792001566,-0.0066539986228036502,-0.35452612340494538,0.93502243402272922,-4.4486119139574782,25.352807182948286,1.9002607905032642,,0.1911509289258174,0.2,False,1
-0.82231493274057377,0.56549811892550816,0.063324788855363107,-0.56150296593401894,-0.78834965099814169,-0.25143437914972355,-0.09226359324871522,-0.2423153013386049,0.96580056124337355,-7.3312291473409461,-9.5088155150305056,-5.2292909527480242,,0.08642199284009863,0.3023255813953488,False,4
-0.99852295403473812,0.053453930908152994,0.009725612382150535,-0.053329075670785396,-0.93004321734361028,-0.36355965612433799,-0.010388452908930035,-0.36354131971979986,0.93152014948821471,9.4697259400412932,13.952859149309493,-1.3127935132106672,,0.2576823148571467,1.0,False,3
0.99101759130430711,0.11567617752025589,0.06710555625066654,-0.11884802675731537,0.9918756775778127,0.045362834627557441,-0.061312969764166579,-0.052930730052181359,0.99671413030760281,-3.5278221013754272,1.0887541438665842,-3.1668350898325999,,0.2974877155838043,0.1557377049180328,False,2
0.48969068434613255,-0.86453024380596277,-0.11309505386805724,0.84942208183686674,0.50229874874263469,-0.16179645824154076,0.19668543553740653,-0.016835217740977071,0.9803220975225817,-10.877111205654058,-1.2910176839552467,-3.345655451957565,,0.2112743595168127,0.4347826086956522,False,6
-0.33579857772803295,0.93951070894027644,0.067519945070837861,-0.92063337811937018,-0.3122027009031802,-0.23444329088561283,-0.19918207321028372,-0.14088683875826813,0.96978214067714941,-6.0213152492005442,-6.5639532023428764,-4.7018210404835283,0.236183903393916,0.2128812168672845,0.7875,True,5
-0.10938882701481033,0.98087185795554832,0.1610108157707251,-0.98075927858353396,-0.080156438357000509,-0.17800613152986122,-0.16169515143203828,-0.17738473344893824,0.9707673945609312,12.722216258358317,-4.4455856720260831,-5.1287768161242884,,0.1584574866756565,0.1612903225806452,False,2
-0.80294243698052914,0.59371908665799811,0.052736031645917253,-0.58644663109488626,-0.7710757279700049,-0.24803743792617827,-0.10660108711089572,-0.23008665296691413,0.96731398230008803,-3.1473135949513207,-11.280905921524313,-5.8131756306680735,,0.1081777031548139,0.6307692307692307,True,5
-0.11016281471366521,0.99190346414945063,0.063179680773821828,-0.96975737665249506,-0.093338747823639004,-0.22551831097005262,-0.21779528158900247,-0.086112693390896208,0.97218816046819456,21.62073143062895,-4.7644893764215697,-5.5507924212406037,,0.2561146390990153,0.7407407407407407,True,5
0.99824874966613508,0.046241762898321027,0.036893538107002313,-0.042041664538719992,0.99331945584559067,-0.10746607409518973,-0.041616489914589327,0.10572680834431041,0.99352398550035692,3.7331779050459555,-8.9232581503833952,-5.6362919505123585,,0.1920263061312594,0.3243243243243243,False,1
-0.12827741381242966,0.93333043659035353,0.33531955093560251,-0.96938670901408797,-0.046622543702086384,-0.24107207802975095,-0.20936645741959214,-0.3559784186615903,0.91073873968046559,13.790565858278523,-0.99296609207537923,-4.413884580472593,,0.3523201496857947,0.2857142857142857,False,1
-0.061393828650473999,0.99621722285993519,0.061498314455558027,-0.97312417936089368,-0.046042044253137904,-0.22563125161240208,-0.22194623075606223,-0.073697863186326915,0.97226976483635752,8.5302809313967174,-5.2928537684722272,-5.04246168100227,,0.2240717331080753,0.9006622516556292,True,5
0.35375391926539834,0.90177857149648166,0.24830137453130213,-0.91096769528947763,0.39237910180593327,-0.12718686490729092,-0.21212265966498392,-0.18120167895395689,0.96029679203927332,-6.5584527294134727,-4.4166924140768948,-4.2392901114540704,,0.1696125071589462,0.3103448275862069,False,1
0.72542471743741543,-0.6844057171146859,-0.073128610759256751,0.67835002156779667,0.72889119928284174,-0.09251414944207445,0.11662001359036098,0.017505256032214943,0.99302232524824463,14.78747181155231,3.0403784124278452,-3.7415971768649716,,0.3122918254650965,0.4390243902439024,False,4
0.41738363049401161,0.90044557220942378,0.12242825035130188,-0.88452085302629824,0.43345074690833468,-0.17246249031669419,-0.20835970233533041,-0.036307320102830581,0.97737813201937473,-11.898180162376587,-20.13776511426213,-7.4925040405763577,,0.1179862972665416,0.1739130434782609,False,1
-0.99787237593817857,0.015815553102622268,0.063250214383460832,-0.039822373961303628,-0.91598987194235515,-0.39922015609324496,0.051622668195102958,-0.40088953937348748,0.91467080272048262,-3.5830115326863448,-4.9650294908062431,-4.4666002879883386,,0.5427965562561495,0.6098360655737705,False,5
-0.64454686924802118,0.74348964714498766,0.17827640878925921,-0.75123495049993716,-0.57250139678467216,-0.32846339191294194,-0.14214563830779292,-0.34563752005217846,0.92753939120786055,0.011239984622476579,-1.8759505975119957,-3.975365574909993,,0.09068642860336446,0.3255208333333333,False,3
-0.6094553567894061,0.79147840177320639,0.046109734408561018,-0.778091473131023,-0.58596206866531797,-0.22632302915579466,-0.15211123404105042,-0.17381137365544155,0.97296031721058174,17.980839185418866,-0.65464639995486429,-4.6555902128064339,,0.2558571116685598,0.935064935064935,True,5
0.91784862851137816,0.39352616571839977,0.051875350936220047,-0.38032694861639482,0.90931578433754923,-0.16880822406129734,-0.11360152858092951,0.13521080300612601,0.98428285134635674,4.8365855889180445,-7.6999420808863226,-5.4328155688191258,,0.173554368077449,0.7522522522522522,True,5
0.9261077083241217,0.36481708007232766,0.096088556395355948,-0.35425793630339908,0.92853734116241415,-0.11099423693638459,-0.12971440609546658,0.068752484715348255,0.98916493503195158,12.753606627960982,-4.1686583977005283,-4.997922249115117,,0.2133423936173336,0.3225806451612903,False,4
-0.36306095559338564,0.92948602556274962,0.065134252181016303,-0.91226492425356487,-0.34036641045854277,-0.22786709856450005,-0.18962977218847854,-0.14214934018534714,0.97151125293771834,-9.8054978598674456,4.5588447659619309,-2.211916139242319,,0.27243537429911,0.967741935483871,False,5
-0.68284857516030539,0.70755798576913864,0.18187776163088129,-0.69613292600501298,-0.55465971329336483,-0.4557977092757497,-0.22162304197271337,-0.43785191471962459,0.87130300587288145,-1.6225142371527674,2.2389870367597147,-3.0730598520619195,,0.5640316950273823,0.2773109243697479,False,4
-0.99967233896265695,-0.0058662314082928955,0.024915899381618187,-0.0069604992684148773,-0.87440872165440497,-0.48514012300019421,0.024632623954117423,-0.48515458858365296,0.87408138008618008,-8.5820460394325071,1.7221803593943741,-2.8561140231432525,,0.2139639228541634,0.5185185185185185,False,5
-0.93477879690438748,-0.35485678336029741,0.016286932220948236,0.3396222139208922,-0.90620787925148583,-0.25188098656706304,0.10414102299026452,-0.22992160160739128,0.96762115750165045,-5.6298008672346036,-3.7414152428698948,-4.1304357979394126,0.2859120053908165,0.2211127986393494,0.8735294117647059,True,5
0.98399568859766295,0.17369682216574664,0.039773091289628137,-0.16464143667372652,0.97160621710901252,-0.16992514883067333,-0.06815924112857652,0.1606573149428191,0.9846540229969819,-2.2167973442838207,-15.533004899242259,-6.7358645827141412,,0.1332667334772958,0.6785714285714286,False,1
0.83496496524216768,0.54818003682285887,0.048292380838322185,-0.53043475762804626,0.82508177949266615,-0.19462534534147849,-0.14653489249397389,0.13688938738303577,0.97968812430470698,1.2784788930052871,-13.727613588370593,-6.4659546980442908,,0.1283960254450476,0.5454545454545454,True,5
-0.30869338525255519,0.93700006220214138,0.16352148890741941,-0.93030499678207279,-0.26162486029053234,-0.25707011775051791,-0.19809342963264384,-0.23148070310749716,0.95245770364107696,3.9233098589428881,-4.1550917263745628,-4.6762050370827639,0.533458795369638,0.4272965166939426,0.6942857142857143,True,4
0.88719419852273318,0.44834194817528983,0.10897683980549069,-0.43782240118424132,0.89257697939267544,-0.10778627407751618,-0.14559532660381369,0.047914855364843259,0.98818326615385221,9.8728910621343342,-4.1055315454062242,-4.9175079657307759,,0.2205220665116825,0.3773584905660378,False,5
-0.11537130743430205,-0.92262973650520663,-0.36802694295015209,0.96927626134969458,-0.023537932396683753,-0.24484585951665394,0.21723947754692224,-0.38496796627099211,0.89699870364472523,-3.8360867993668579,0.92373295220457641,-3.1979891773566944,,0.4099200107050247,0.2090909090909091,False,1
-0.98849027219054042,-0.14864166347827587,0.028153821464984449,0.13491544573313563,-0.95033263055260953,-0.28047408759025522,0.068445630154894438,-0.27344752181244536,0.95944861692918748,19.674151118255917,12.236297427894412,-2.3225770903443279,0.2937611144015312,0.2901626735540526,0.6666666666666666,True,5
0.95440139802572099,-0.28870948714498956,-0.075926302945871299,0.29319652772919913,0.95438282435969612,0.056473185626030598,0.056158414989135375,-0.076159415699494346,0.99551292097401789,-8.2311378309252099,0.38997368684240324,-3.1074629848272841,,0.280167627429094,0.2941176470588235,False,2
-0.99762852391901613,0.06186418275798658,0.030168711521235597,-0.067709885051692356,-0.96081224802766563,-0.26880326543089167,0.012357173198256258,-0.27020852490569247,0.96272252146651172,4.2641631844219043,-18.119952770368858,-7.5263032414272537,,0.1053906807049391,0.44,False,2
0.62884791070945545,-0.76695405461875898,-0.12779586573985149,0.76591643596708225,0.63933161843931452,-0.06802275192352028,0.13387426306738251,-0.055104988590981348,0.98946506857016059,-9.5637401827037198,-7.8058899725123085,-4.8404368620171363,,0.1960695244168192,0.2592592592592592,False,3
0.51761086092009434,-0.83637641438886368,-0.18042585765789954,0.84315229205418696,0.5344630763823206,-0.058680766761505992,0.14551016824033705,-0.12175267322722591,0.9818365839082871,2.0615083475781342,-12.238340625821962,-6.216290450504502,,0.3506394357955394,0.2981366459627329,False,5
0.63436468282112457,0.71932854991843631,0.28310402056752093,-0.74479857713468167,0.66680727071669987,-0.025360268482426701,-0.20701818443655914,-0.19476781302768376,0.95875386326262357,5.037515135689973,-8.777486733872923,-5.6232790070483354,,0.3353654686369325,0.1521739130434783,False,4
-0.45986102191252776,0.8857654359074898,0.062828600789626099,-0.87026656355933862,-0.43548681489293661,-0.23018979648330751,-0.17653313818143895,-0.16053294554707992,0.97111545375294739,-1.5709423456795073,0.37041199274463865,-3.415286469512286,,0.2446459652781968,0.8720812182741117,False,5
0.41166634934984753,0.87332215568635518,0.26045964985062137,-0.88699934847583783,0.4495664252113899,-0.10546177092241359,-0.20919601481961689,-0.18761247749014598,0.95970755216034487,10.667950853169433,-8.1655750622691343,-5.7086624644412254,,0.4017335199397712,0.2093023255813954,False,3
0.1238562211218715,0.98995460757098253,0.068187326083319594,-0.96829460045135796,0.13559760012708441,-0.20980671480322446,-0.21694516179476417,-0.040039552804172845,0.97536230754785991,0.97784730555772192,2.7498143284268752,-3.086689209523966,,0.2907278128436613,0.9302600472813238,False,5
0.41970400423001214,0.90545668118055711,0.063219833428953973,-0.88357574772590664,0.42351358017297819,-0.19982528728784729,-0.2077075994370412,0.02800796162802674,0.97778990955191614,-5.8337307750347245,9.6515221448712953,-1.3581177369450634,,0.3260224323544876,0.8108108108108109,False,5
-0.2674620352415909,0.92691426665917875,0.26323753905570668,-0.92672472397767014,-0.17262803931431914,-0.33373769042618867,-0.26390404633680531,-0.33321089764017708,0.90516581465546442,0.71226511604147935,7.7201599734920947,-2.0045339856000775,,0.4611397703855828,0.7593984962406015,False,6
0.23187901331941885,0.96987202607220258,0.074701915802827118,-0.94797334193073823,0.24252708655838953,-0.2062211319777047,-0.21812534509010947,-0.02299707216363088,0.97564976733519482,-15.224341993515443,3.1984854683152166,-2.325984240614265,,0.2560249163741793,0.9102564102564102,True,4
0.37993615706060663,0.92023459599744828,0.09389784282629815,-0.90532812590766765,0.39076020824929436,-0.16639544491805974,-0.18981438564695011,-0.021788712178147762,0.9815781940442081,-5.0292303452672558,0.67341327841255061,-3.2077931932591346,,0.1205154373174612,0.3333333333333333,False,6
0.017619264012765919,0.99143130230230714,0.12943544472361518,-0.97631791465437923,0.044977709867062579,-0.21161364592114323,-0.21562210243983132,-0.12264166677873356,0.96874461573170101,0.91939430577338488,-12.111931848903785,-6.1691906326782506,,0.1290561633924469,0.2666666666666667,False,1
-0.93758518350367404,0.34480539918074632,0.04520243765758522,-0.34475971981950254,-0.90459655435979203,-0.25069066482493796,-0.045549525402134486,-0.25062783272453515,0.96701133923002269,-9.9670720365833141,-10.928441035615899,-5.4983989092815877,,0.140037621577801,0.5142857142857142,False,1
0.84863151967868744,-0.51459080741244667,-0.12255955586753567,0.52171264435128362,0.8524761678961994,0.03317076865256291,0.08740972790160309,-0.09209062979270545,0.99190667674562516,3.9358914137327594,-11.206062444516743,-6.0826917412668848,,0.3048906472148032,0.1690140845070423,False,1
0.62778811782566335,0.77374296130751608,0.084875844290272284,-0.75349325015532864,0.63144372647993219,-0.18310309188950144,-0.19526904794992517,0.050996569651414692,0.97942296726006883,10.141988386315557,-1.6182372242526974,-4.4230813123206216,,0.09440983846606257,0.3829787234042553,True,5
0.45382948329542544,0.88828465360787801,0.070634087072308893,-0.8660079183346665,0.45834224619927405,-0.19988164180499665,-0.20992638108028266,0.02954250351164317,0.9772707685246701,-6.021717494524311,4.4608467005049892,-2.3892724710260289,,0.1141748537563972,0.4852941176470588,False,5
-0.066424810044012295,0.99616929452107494,0.056872500068128051,-0.97470724854014212,-0.052592992296651299,-0.21720901639800416,-0.21338585767084223,-0.069862105713088402,0.97446691166576338,-0.19661993304835162,7.772842471603008,-2.0017508261641144,,0.251799881477815,0.9772727272727273,False,5
-0.57677620564830023,0.79397802023517339,0.19216688575658181,-0.79876165515568298,-0.49884264552055124,-0.33635670539326196,-0.17119879336870886,-0.3474980840141294,0.92191976589918367,-2.8983137328279023,0.43669497496948517,-3.3535423700020361,,0.5923473979978942,0.4873239436619718,False,5
-0.91829400342948342,0.39354148034675918,0.043141934494556847,-0.39171776872547764,-0.88738841837702886,-0.24310282720496609,-0.057387393477874596,-0.2401393307577829,0.96904065389075322,-0.91204482508295581,-16.249427205057302,-6.9542390889404562,0.1413564765032229,0.1743704721774494,0.8166666666666667,True,5
-0.92975023012545699,0.365351401296231,0.045638395595619385,-0.36245765457068602,-0.88642530619974036,-0.28787953239474301,-0.064722161774611139,-0.28419804731837828,0.95657854443618173,-4.2424079448026584,-12.124298465514375,-5.9926750008720893,,0.2816769951146771,0.5081967213114754,False,4
-0.86217463946744333,-0.50619495230479783,0.020531958511760234,0.48791751524948029,-0.84058644603081722,-0.23526777310557012,0.13635024522148281,-0.19282400527533963,0.97171369940822483,-0.61482257975794574,-4.2648672091652697,-4.4497577227216931,,0.08219257465454283,0.3260869565217391,False,4
-0.066100826091143233,0.88822180270537998,0.45463469949936269,-0.97434249341253587,0.040784814073200643,-0.22134431203818883,-0.21514503554744893,-0.45760094857836753,0.86273633604912403,11.93553476639735,5.1837478901339278,-3.1369489330692248,,0.4837153896323863,0.2127659574468085,False,2
0.70434337796831092,0.6879593365762664,0.1749638737846515,-0.68421017059622002,0.72360602491652837,-0.090833711567847711,-0.18909481316228541,-0.055733938691274944,0.98037588695003941,2.4414000970158392,1.6673057003126146,-3.3830446625975608,,0.7836852421916951,0.5982905982905983,False,5
0.84104958674998964,0.53951273866316873,0.039517052620840515,-0.52151670644364667,0.82806501040452085,-0.20573930942805105,-0.14372166686982929,0.15242815804150958,0.9778086413548559,-1.8388199955312183,16.587743860674188,-0.06706075402303506,,0.2691897225961166,0.9855072463768116,True,4
-0.51659110929901542,0.85392443073331203,0.062822706006685949,-0.83922719121549938,-0.4904166402298562,-0.23492390365861801,-0.16979796028738578,-0.17408212309840859,0.96998147770964893,4.3155100133154658,-9.1426622160947453,-5.6546728018413468,,0.22833865464924,0.9259259259259259,True,5
0.76724818836954223,0.62417286151445706,0.14743967034862118,-0.61856081912321492,0.78090395672615631,-0.087014501176820705,-0.16944831214642772,-0.024438684872304856,0.98523602258161413,-11.757906215271269,-2.1248426153483675,-3.5449410950291198,,0.2868719226458789,0.4313725490196079,False,5
-0.34120233901406288,0.92997509799880185,0.13684765600276733,-0.92078768557237101,-0.30139514970861314,-0.2476105850532225,-0.18902645833218434,-0.21049294723159212,0.95914634817432809,14.07290578326962,-1.0611156539200906,-4.4956128816659682,,0.2228912581905608,0.375,False,3
-0.44238861960168346,0.89436402269050308,0.066372465403806424,-0.87846998750650696,-0.41725082948983067,-0.23279223857415651,-0.18050703669728649,-0.16129085593086473,0.97025897032485831,-3.1511361857929328,-10.064149774750252,-5.5797741290298042,,0.1181851496046117,0.7446808510638298,True,5
0.98395166032790249,0.17326932309870133,0.042624779305958718,-0.16466647813109911,0.9737529801376017,-0.15713078836765021,-0.068731951215313003,0.14759022781355413,0.98665751075845876,-6.5279985569972263,-13.647011208089639,-6.1878575573189396,0.128162877976935,0.1623633665710462,0.5,True,5
0.85680871056414198,-0.5153741090908428,-0.016381733126610051,0.50959850551929986,0.85119849524914759,-0.12558059108827965,0.078665091838167153,0.099250437603095307,0.99194816092459459,-5.4218033959652301,-5.51024831184706,-4.4520174921175037,,0.1384231041573575,0.2307692307692308,False,5
0.33203975727424817,0.9327041261993928,0.1407572824399691,-0.92350626254835344,0.35182765660195031,-0.15281846447321545,-0.19205671720413658,-0.079248425981889081,0.97817887135030823,4.5088356802804892,6.8435632849307035,-2.4089746802934595,,0.3329694411272259,0.8292682926829268,False,6
0.59412805425995807,0.77158669811112268,0.22730117122278354,-0.76951412278384435,0.62750096848537684,-0.11870361993689273,-0.23422183924110213,-0.10438631063452114,0.96656279060112082,-2.18166693807364,-1.26768539263452,-3.7595882146080104,,0.5346698736106593,0.2976190476190476,False,3
0.54829676692347828,0.83397503880731383,0.062099034031136098,-0.81346722252454251,0.54909207543979788,-0.19175236782741931,-0.19401477587922952,0.054621674594930239,0.97947676818032692,-6.6638169210298894,1.3788086831612154,-2.9781246864962285,0.2847646523434539,0.2007399820242967,0.8361581920903954,True,5
-0.95757864303304974,-0.28730496537686978,-0.022338291715787828,0.27853155094111276,-0.90287616546622296,-0.32746725784931313,0.073914258011039055,-0.31979757144607224,0.9445984309535308,-5.4990989023289103,-12.561126866541093,-6.0048268791630761,,0.161393690078137,0.3703703703703703,False,4
-0.90981812316213218,0.40784526049684189,0.076767351497872199,-0.41344323369127489,-0.87470347427392636,-0.25290022658752914,-0.035995489726304647,-0.26183215154633882,0.964441936632775,-12.550102106555409,-3.5814123316791675,-3.8077848493688675,,0.1970082055130453,0.6388888888888888,True,3
0.52859140853204267,0.84498139301423314,0.081225416501464004,-0.82524357887432598,0.5339384444653319,-0.18407273847214539,-0.19890741150797853,0.030268514692115764,0.97955074328261715,18.703496641916395,-2.5443836882865951,-5.0517244959903955,,0.2069741705782963,0.3225806451612903,False,1
-0.44936055460214858,0.890776895855526,0.067761447576340617,-0.87528486324138333,-0.42382813532399338,-0.23290796441577002,-0.17874982558917413,-0.16397022143602358,0.97013517941267291,11.950591494592709,-8.3145657090466134,-5.798742773819197,,0.2504958083383668,0.9482758620689655,True,3
0.747429923521156,-0.66363468233331513,-0.030618912938201251,0.65375758119687333,0.74293544894774011,-0.14369392375612594,0.11810814727515864,0.087383791982140094,0.98914839050874959,-4.1539177782964174,0.79038033808112651,-3.2125665244464683,,0.08301974666886602,0.1666666666666667,False,3
-0.52729328274193377,0.83837147343042229,0.13818489972980891,-0.83322224656342037,-0.47833696906391393,-0.27737056775828683,-0.16644062547059013,-0.26139436980327352,0.95077363322091935,18.15924166251359,4.5146607136397305,-3.7054411670012497,,0.2370303732460378,0.2580645161290323,False,1
0.98465446640021026,0.15862497758790456,0.072757805652411717,-0.16098498286347815,0.98656606613230435,0.0277710721556641,-0.067375196404634324,-0.039057824330934923,0.99696292271476705,3.0223782153925671,-11.973795722791246,-6.1902547200802394,,0.2816993972942875,0.1428571428571428,False,1
0.34083940178865901,0.93641561581718502,0.083392425567743372,-0.9145021257569429,0.35081117463776745,-0.20153754423258805,-0.21797789836215478,-0.0075706144395382771,0.97592434216112567,6.8454041128381524,-12.057578800515367,-6.3408106345001416,,0.1075945189378609,0.56,False,2
-0.99869774273880607,0.034979311862102964,0.037138475871613792,-0.044679714117612165,-0.95107638707233233,-0.30570807823773105,0.024628069245905757,-0.30696930415774804,0.95140070659534726,-4.425038591714209,-21.497348117074605,-7.9679868222203254,,0.202953016997131,0.2777777777777778,False,2
0.2984377987227082,-0.95217503747809673,-0.065555917331159327,0.93945845537660333,0.30518065875749906,-0.15582867560800895,0.1683825730737934,-0.015081893910398006,0.98560633396966579,-10.789941549544475,0.0097058154652812645,-3.1095662901263812,,0.1652958648457495,0.3333333333333333,False,3
-0.71766447971175451,-0.69607258016019902,0.020991848636544519,0.67483769922316417,-0.70257981274760872,-0.22577795823932992,0.17190629501924173,-0.14786673009388437,0.97395259425913472,-11.742680691147319,-7.3109435251567145,-4.6613103092695205,,0.06414643316890428,0.2083333333333333,False,1
-0.99116234261802461,0.12294042464985096,0.049828330925922738,-0.13217489902660373,-0.94717176140737502,-0.29222499971726712,0.011269722412552495,-0.2962284699001162,0.9550506201125567,14.117038740040222,0.87419530685088231,-4.1174459756255066,,0.1278165152614715,0.1428571428571428,False,2
0.014184696554475899,0.99734564124132907,0.071417548827849675,-0.97639469918389521,0.029211436955722158,-0.21400954034007763,-0.2155276914673539,-0.066696055714732638,0.97421735273133425,-17.5831347036968,-7.4083869887280143,-4.4849352666506368,,0.2830948474820442,0.8372093023255814,False,1
0.99534906743270879,0.094727469493373698,0.017519717013062222,-0.092898564529983185,0.99198097834742216,-0.085694779917791203,-0.025496875673391442,0.083668662713539857,0.99616738764658541,-8.7930823110003331,3.15038591597341,-2.5145838665909901,,0.1784558162086329,0.2325581395348837,False,3
0.23855798895860209,0.95423708270095431,0.18033767188915178,-0.94674074355722038,0.2698769198715702,-0.17563716181194441,-0.21626846832755947,-0.12883337346745966,0.96779642047707815,17.238859933497118,-11.04050408763327,-6.5481868913300261,,0.3794795666379983,0.325,False,1
0.82947488522477741,0.55314413992299538,0.077478869701322783,-0.54382910499212489,0.83144526790965145,-0.1137922274767236,-0.12736294337368728,0.052252530460255138,0.99047885071600261,-9.107953958067462,-0.73068496806577476,-3.2841658044796511,,0.1747711571642237,0.3823529411764706,False,4
0.76679400268495401,0.63862833782900508,0.064659133679229694,-0.62158634613710628,0.76389572312659637,-0.17347546940364517,-0.16017918635799089,0.092828714903609236,0.98271331422090513,-6.3761488334469227,16.556051150866629,0.11456449539829236,,0.3630670762507646,0.859375,True,3
0.11746740879411602,-0.97572576565790292,-0.18482596706766505,0.96926333185010338,0.15316052062398902,-0.19253687556680568,0.21617123167071745,-0.15652822478227441,0.96372657608082857,-5.5314675585004496,-2.6997594853117097,-3.8996299327657282,,0.3228514039937085,0.6,False,4
0.93845078061190257,0.3424141713405453,0.045416600864414208,-0.3331461019702433,0.9319942987989559,-0.14282962489719503,-0.091234900728515839,0.11890820943656001,0.98870472367519691,-3.5627920830192732,-15.086841504835588,-6.6358379316034872,,0.1180119256272776,0.12,False,2
0.99032064650975626,0.13488314274580035,0.032734613171933859,-0.12530362030984171,0.97025551949016975,-0.20713094804038581,-0.059699412340048753,0.20102428883564788,0.97776541944598139,8.6898999275578035,-15.518235036946932,-7.0767785497019702,0.3130843177264438,0.3069292078012673,0.9714285714285714,True,1
-0.99471920657031199,-0.096949914231197892,-0.03368106605634523,0.10004306933461508,-0.84264365359784321,-0.52909645371083958,0.022914719248507825,-0.52967196186115095,0.84789299351977232,-7.5439089594729074,2.7347962001840131,-2.6629526910319514,,0.481701375251295,0.5446428571428571,False,2
-0.26215957991989791,0.95847426065721231,0.11224725526191434,-0.94474350706281318,-0.23118688440221963,-0.23240552993216629,-0.19680462524767806,-0.16697220169239374,0.9661201909406073,-12.162206013279754,8.30126653789846,-1.3621986371912256,,0.2387728151433598,0.9365079365079365,True,3
-0.45658628930551604,0.85120986628909401,0.25878702430825762,-0.88393344293821674,-0.40101779696771084,-0.24051277506726021,-0.10094864473389459,-0.33856534088306661,0.9355120956348576,22.060380258157632,-5.9102676878200704,-5.7983115553534033,,0.2917547514469983,0.2666666666666667,False,2
-0.69141831911364204,0.70638381942118067,0.15153417982096146,-0.70381819688482172,-0.61126491869711208,-0.36193251429515411,-0.16303574371242835,-0.35689928387453906,0.91980554871232267,0.32518576741114402,-12.685772226962197,-6.2634514571994071,,0.2069286347156735,0.3333333333333333,False,4
-0.6182981387504608,0.78448673864910601,0.047832713715664735,-0.77091733060773815,-0.59350891927372662,-0.23115715890097807,-0.15295058347830776,-0.17979910908072372,0.97173988257528188,2.3126336541304031,-16.097311480843715,-7.0279539930938748,,0.2473831854207584,0.9782608695652174,True,2
-0.59885497431468726,0.78249664456424628,0.17050431368224095,-0.78181611247471228,-0.52506346457329467,-0.33626169042163734,-0.17359805878374318,-0.3346750056636813,0.92620535226834633,-3.7250643530823244,24.153821944487962,1.6350358232605222,,0.2712676906865812,0.1428571428571428,False,2
-0.23772901454047113,0.97035496135159993,0.043544972453187655,-0.95033769789865197,-0.22308685154860861,-0.21700349448526562,-0.20085610669905976,-0.092970455772043478,0.97519911749100319,15.689446965138973,13.87550630709744,-1.754843040754281,0.2742279028560841,0.2883873294128883,0.8620689655172413,True,3
-0.098445887240263111,0.9869113068673353,0.12772814749649108,-0.97251132519317796,-0.068194139723007891,-0.22264609064263263,-0.21102163314808717,-0.14613566192017233,0.96649585547930139,2.8077611109971263,-14.084445202514607,-6.5732229012290855,,0.1659190030599809,0.3333333333333333,False,1
0.6423152751075164,0.76379883597412646,0.063580071784508821,-0.74321950539946657,0.64097299894322413,-0.19177690533403696,-0.18723208634559996,0.075927286203954947,0.97937694125008612,-6.7088716782227884,-1.7663613218528162,-3.6219015009537778,,0.07181335139430016,0.2857142857142857,False,3
-0.60550761572522493,-0.79580442884952529,0.0074725044149804715,0.77352928536626087,-0.59071477682947238,-0.22958331192851639,0.18711753520050811,-0.13323424281612062,0.9732603272309519,11.562685441409846,-9.7763303169244704,-6.0689926958087614,,0.111187126041955,0.15,False,2
-0.99991089461973071,0.0089822249715852936,0.009875345833396075,-0.011223554624038314,-0.96618070788309962,-0.25762156651979545,0.0072273537598880749,-0.25770944753553754,0.966195428476329,-17.477134906041666,10.047718423909272,-0.74523427693900157,,0.2499854511147103,0.9066666666666666,False,2
0.99750149784862197,0.038334923342667741,0.059339661627507367,-0.031691507400975587,0.99352470050307284,-0.10910691017957001,-0.063138024584312141,0.10695374300411659,0.99225726840824868,10.570431745358905,5.6489405637232828,-2.990576591724337,,0.108449042232953,0.2083333333333333,False,2
0.86928998646732547,0.48647460472408477,0.087620650455142834,-0.47616549495375199,0.87170950883163967,-0.11571064613055032,-0.13267004501048935,0.05886417561680881,0.98941076807656958,-7.6290493138439501,-2.4783056445218925,-3.7737637595164122,,0.1514325236084976,0.3448275862068966,False,2
0.96875646399284776,0.24521297151630961,0.037168697478063402,-0.23938506392310371,0.96367873752133415,-0.11839798148540753,-0.064851404322542383,0.1058011788659694,0.99227032904746515,-13.196901866334025,16.931249141260757,0.50271518918545399,,0.1856722028440711,0.55,False,2
0.65641279670249708,0.66381664741975155,0.35842669952670242,-0.73199199048419017,0.67537873537907744,0.089728978957462069,-0.18251018106450112,-0.32126472325195726,0.92923571358490309,-7.4711779643721714,4.2495719826188481,-2.3595006472921987,,0.550149958546709,0.25,False,1
-0.4508699425719318,0.80847937240138834,0.37825573265535622,-0.87465240497002839,-0.31564750611591269,-0.36789920136220777,-0.17804343673757908,-0.49671697805114567,0.84945440039498843,7.5298583461752226,24.018144997383541,0.93446788386077484,,0.373145071262847,0.2264150943396226,False,1
0.43501610193401474,0.80942981529044278,0.39444184004364458,-0.87627853722937576,0.48133287717099127,-0.021321035280737088,-0.20711570739391527,-0.33636592495848416,0.91867352649216061,1.1242321383379963,28.730908803291808,2.3375877623381074,,0.2330671553792149,0.3181818181818182,False,1
-0.99949666080772626,-0.015860406687634668,0.02747494374711397,-0.0045248506369194186,-0.78592971756591568,-0.61829928414439594,0.03139985288051228,-0.61811238989884498,0.78546236236539002,4.8510066294497793,-10.761965785566066,-6.0166385470820432,,0.2202058443968773,0.2258064516129032,False,1
0.63795861545232413,0.76716017307025419,0.066888517885888524,-0.74744044742017068,0.63777312368869365,-0.18595219885954731,-0.18531482005087488,0.068634623588851459,0.98027940196370955,5.2772908857011043,21.565520228010328,0.5383084030438583,0.3485160136051342,0.331621582938082,0.9493670886075949,True,1
0.3693759138704672,0.92089985824020071,0.12451861445396256,-0.90493831201343256,0.38692454072194232,-0.17713286323376809,-0.21130093635059008,-0.047253051544754759,0.97627816907737508,-12.714856015719251,-1.0230309346713367,-3.2221370082806287,,0.1597146612897676,0.2272727272727273,False,1
