axis_00,axis_01,axis_02,axis_10,axis_11,axis_12,axis_20,axis_21,axis_22,location_x,location_y,location_z,dbh,dbh_approximation,score,reconstructed,number_clusters
-0.53423729865642799,0.84194066042395699,0.075673199014937576,-0.82858326248171188,-0.50381563255218775,-0.24417122175064332,-0.1674523390683027,-0.19314692003992806,0.96677504178564955,-1.5293134761285405,12.350101356415063,1.5559266124889892,0.1998291409626756,0.2383676362328601,0.7045454545454546,True,4
0.71017438690501034,-0.70387446164881806,-0.014597343000651138,0.69088508732054632,0.70075638652797734,-0.17781530546702809,0.13538883374257038,0.11619478894872104,0.98395560607122323,3.1716987890015464,-7.3800593875403004,-3.8453699569421205,,0.3731531244078179,0.15,False,1
-0.96089792174690825,0.27506341378733651,0.031863809849559534,-0.27410170783384513,-0.92853269821629747,-0.25039025960634204,-0.039286610251355367,-0.24933340477926014,0.96762049147180584,13.992544291138218,-2.9997219468078535,-3.3435171200155342,0.203211378037083,0.2262970066021721,0.7538461538461538,True,5
-0.0097768055345328567,0.99715737847075603,0.07470995003925697,-0.97573954438138322,0.0068284273079367826,-0.21882804690192201,-0.21871615304761899,-0.075036891872122258,0.97289912593969408,-6.1185435072987362,-13.164889095281094,-4.6250695939102906,0.1835974722159936,0.1618669291497184,0.6851851851851852,True,4
-0.89988329681871082,-0.43610380805647125,0.0048498149793690729,0.42021276181940864,-0.86996238931546999,-0.2580439419568395,0.11675310236047054,-0.23017147906542285,0.9661210086288583,-1.8284035070712636,4.4765483240035158,-0.50576616717892786,0.2572406729270078,0.2448192398608739,0.9007936507936508,True,5
-0.94280119189493494,0.33177753591922393,0.032397210078316925,-0.3293388875552577,-0.91199096248131739,-0.24455752185583246,-0.051592729190806146,-0.24123878421963726,0.96909341102025659,-8.6677504628985993,-14.373511523883261,-4.6728946663086193,0.164415810556638,0.1299343472616735,0.7592592592592593,True,3
-0.80820762233110954,0.58759956074877762,0.039079347662662897,-0.57883294383224748,-0.78042739497683122,-0.23640115123275524,-0.10841061913110633,-0.21368162620478509,0.97086935283903664,-0.87676831553751988,-6.4731947956140683,-3.2816632229428491,0.2038218702057141,0.1891618058305111,0.9038961038961039,True,5
-0.76670970111909542,0.63319004962372205,0.10595562876683183,-0.63419083747177851,-0.72135047588607748,-0.27830823309017061,-0.099790860687292954,-0.2805777111540344,0.95462973561839737,-12.520911827618415,-12.043971695594676,-3.882801259553514,,0.1556312613911128,0.6470588235294118,False,2
-0.58826828356796179,0.8029309602340734,0.096136879737141745,-0.79477681284941482,-0.55212555938302921,-0.25196663357060511,-0.14923218253758444,-0.22463134192175035,0.96294886464521223,12.607864493025868,-4.2606690271371921,-3.5929804457347192,0.2974097533009029,0.1219952757792794,0.4615384615384616,True,5
-0.68387655986035778,0.72772951856321777,0.052178527051935569,-0.7141902603008875,-0.65310062906986854,-0.25177736276300217,-0.149147990147078,-0.2094500325144141,0.96637754574224133,-3.8442338566649821,-14.177748076404681,-4.9063018748537299,0.2536170349784592,0.2058392324712093,0.6,True,5
-0.91399719107543731,0.40462494015892331,0.029795847153548747,-0.40044949408312613,-0.88788728661017569,-0.22648701720978992,-0.065186941903868423,-0.21894022946321909,0.9735583385333485,1.4748099247642898,-6.0944059093591569,-3.4768596933099043,,0.09269964124351207,0.5465116279069767,False,5
0.55645604890179878,0.83013233292903876,0.03517066201240665,-0.80860962463349517,0.55079180171915831,-0.20683052509008903,-0.19106841861144269,0.086652760975951648,0.97774442387802318,8.5033601283777642,-5.1784864082134314,-3.6336528574794964,0.257356005433846,0.2216278333737981,0.89171974522293,True,5
0.77294516388365397,-0.63041764099470321,-0.07161963104865729,0.6242362017027886,0.77580904588206989,-0.091921101011840325,0.11351184128780484,0.026342404032793986,0.99318736381270278,0.56395711600584997,-7.1559223703821386,-3.5608410517073037,,0.1452686968673386,0.1797752808988764,False,5
-0.988769248652827,0.12882024402857764,0.075767523695453948,-0.1478352067446092,-0.91740065532004178,-0.36948719770126809,0.021911744916873602,-0.37653868638796606,0.92614172408326478,0.15337673782058248,-4.9731643883746912,-3.0211836931587586,,0.2858046231220189,0.3978494623655914,False,5
0.94150600295415865,0.32780160016610926,0.078182845495817554,-0.32057389171815054,0.94272891254919378,-0.092166031662944542,-0.10391740157434723,0.06171149303293226,0.99266956500019843,3.1479753467363767,0.0029143457179877652,-2.0946999059883731,,0.1583151735910628,0.421455938697318,False,5
-0.99737797349870583,0.07224145162410979,0.004283765499328282,-0.070454305817746588,-0.95577212574631176,-0.28554480285607159,-0.016533867404551199,-0.28509790654021783,0.95835578722885117,16.817755339872988,-10.272612237709662,-5.1205064341962441,,0.2601754744507555,0.855072463768116,False,3
-0.77576933690658001,-0.62938795863559716,-0.045307101430580088,0.60423623171145324,-0.72023315464476434,-0.34082661169221196,0.18188048879049162,-0.29177902679076606,0.93903380520744051,3.2657431110004693,2.8054321892034442,-1.2145353424527245,,0.374290203800428,0.5,False,2
-0.82595859203075184,0.56220985398813272,0.04138217405142107,-0.55443030401877669,-0.79686089819281314,-0.24004113588506293,-0.10197765557329999,-0.22120756996537611,0.9698802857846881,7.0546305215984635,-7.6157680416709983,-4.1468331177704512,0.4389115169492311,0.2000280937756171,0.9456521739130435,True,5
-0.15330783450931251,0.98647017024623662,0.058080212572135498,-0.96595548558813682,-0.13720635244145413,-0.21932719099987705,-0.20839075732923082,-0.089727476639380938,0.97392108109213738,-8.8119311060206513,-5.3179059776110158,-2.4800583193017847,0.1666755580292491,0.1117325660680033,0.3676470588235294,True,4
0.57789310352741685,0.8069765299060514,0.12177208660541528,-0.79075560546605417,0.59057462033396313,-0.161019223204587,-0.20185423780407324,-0.0032400614472572475,0.97941021471207557,-4.5930926123087827,-11.286209034398579,-4.1740289444837861,0.1266915714540143,0.1508644294265561,0.4912280701754386,True,4
-0.61094276647464696,0.78819106946361928,0.074187425552458872,-0.77193906595751338,-0.57229765496071061,-0.2767408039576279,-0.17566734056434005,-0.22634096435304868,0.95807659052644889,8.1323662422072829,4.0447208251822664,-1.1839275289415034,0.306275421870726,0.3175782718051463,0.8823529411764706,True,6
0.96533158595270452,0.25697513377306019,0.045811677379823848,-0.25468375214419753,0.96570984445618002,-0.050405185389726465,-0.057193667095127292,0.036990227665391819,0.99767760699610419,-1.3537044636111037,-9.8126154980158855,-4.1165669989693727,,0.3336780426144667,0.2747252747252747,False,2
-0.5436556213176853,0.83190020418011768,0.1112682151144665,-0.82871475271178263,-0.51105892949498277,-0.22814606992295633,-0.13293014724858224,-0.21624250476841955,0.96724803183255403,1.6032066220655781,-10.174690647179814,-4.4565586853753718,0.2149594864671703,0.1434399841796171,0.2244897959183673,True,5
0.95729414923155254,-0.2891155374173896,-0.000343323306204249,0.28634271920548349,0.94827577385048722,-0.13704343795406532,0.039946952387488022,0.13109257321493886,0.99056497931374432,14.259764997254152,-3.8278302883647619,-3.4377785654036677,,0.2491665643195037,0.1621621621621622,False,1
0.33489119751069896,0.9233151558757442,0.18798140535702015,-0.91962158919918668,0.36374138401164957,-0.14828465273268282,-0.20529008380487515,-0.12321253380821307,0.97091433865400689,8.9016966075683541,1.511119897335752,-2.0155496154090233,,0.2260809028385785,0.2702702702702703,False,4
0.09334106825660507,0.97795260550710039,0.18680510260319616,-0.97695690769531518,0.12613484163729755,-0.17217782154372505,-0.19194438122311569,-0.16642927358793791,0.96719111421159576,-2.6586600055970568,-6.3166389823256557,-3.1705316558650893,,0.2484408969993533,0.2105263157894737,False,5
-0.48637424690619191,-0.87142998682298611,-0.063638589017398273,0.84778111907770748,-0.45303971643708041,-0.27572121693108753,0.21144092811417731,-0.18805529345461272,0.95912874032734252,4.7092878846343726,-0.85634745335140461,-2.3544040004099691,,0.2536188782233788,0.3977900552486188,False,5
-0.23984084237221501,0.94531510559213228,0.22103330398273136,-0.95095510765701841,-0.18295110701118825,-0.2494258921291243,-0.19534777590547375,-0.27001526546237525,0.9428313756266643,10.237924846728189,14.425459904535959,1.5750625631267445,,0.2648680844427754,0.119047619047619,False,4
0.94396465625300574,-0.32685540161243837,-0.045785086894272367,0.32768780879996651,0.94471203752626665,0.011826500617078683,0.039388167119340234,-0.026167013389776797,0.99888130411037213,7.1444167290367195,-5.3689812858445309,-3.6220518325438511,,0.3746187188414392,0.2794117647058824,False,6
-0.16446714560476733,0.98346394868764364,0.075823608779369361,-0.96387798977326788,-0.14391265965183622,-0.22411686063877018,-0.20949887552744409,-0.10994456795877326,0.97160815822485469,4.6969960899461958,-4.7076483633349735,-3.377268747645525,0.1591192595121305,0.1342452041373328,0.7409638554216867,True,5
-0.41206781152421768,0.91007117150287475,0.044391232299046735,-0.87823468957266615,-0.38373144168913687,-0.28540149034365675,-0.24270135709724744,-0.15659068764956219,0.95737944818373466,-7.9456334527469119,3.5429839764233297,-0.44103151199012369,,0.3818846509946654,0.8189655172413793,False,3
-0.8556148458907783,-0.51386702606136114,-0.062160397506401385,0.50062606447648084,-0.79103340289759816,-0.35162437211751685,0.13151721962576565,-0.33197414813069392,0.93407515003601826,1.2703914385686985,13.11691380744521,1.6093282128770945,,0.4868108444670856,0.5510204081632653,False,1
0.20848636244245147,0.97278632090786465,0.10109505690218264,-0.95366773155361129,0.22513039707900612,-0.19958497464598313,-0.21691310349746856,-0.054800348225077844,0.9746515415088135,6.6418594602056373,-0.98186952688463713,-2.5226895002050393,,0.206399679716046,0.2857142857142857,False,5
0.74536730621315161,0.65926539676918727,0.0989783584998086,-0.64727319536603789,0.75121677373681783,-0.12927014124339009,-0.15957753409922476,0.032287698574123058,0.98665724298339674,-1.9072061795280664,2.4991599563136639,-0.97187087480868894,,0.1388049191206728,0.2380952380952381,False,2
-0.94287472538870676,0.33151671110617525,0.032922978001919449,-0.32922487053182919,-0.91209133882603255,-0.24433660033207358,-0.050972903061042352,-0.24121786811071844,0.96913141691808213,-4.0676507621806124,-5.9844274173497505,-2.9666688993970469,0.2186619143757433,0.2042984611282281,0.8208955223880597,True,5
-0.29516726438606211,0.95289102445573748,0.069821068070773609,-0.93565325838064273,-0.2734827252192466,-0.22306989731548277,-0.19346644700447288,-0.13117124120152682,0.97229873977348968,-5.5493601970660258,-3.4810978716023007,-2.2635846914372615,,0.1047164755327334,0.5882352941176471,False,6
-0.98522946202893991,-0.17074357570488571,-0.013020695283884061,0.16056456642834119,-0.89471052354474345,-0.41678783459449731,0.059514092094600422,-0.41272231635059575,0.90891053598709826,5.2247206353523996,0.27065972669278221,-2.1140398043703463,,0.3232241407821296,0.2578397212543554,False,1
-0.75999278828908812,0.64860471549821064,0.041507647272095105,-0.63790838023246532,-0.73218350463705806,-0.23870528684256218,-0.1244341600115173,-0.20789237256542789,0.9702045667029956,-5.7289947678704145,-15.596027385357813,-5.1366978897714057,0.1855314925618796,0.172085329680211,0.7571428571428571,True,5
0.72729547136709438,0.66695970637484658,0.16188281996955362,-0.66088639288636419,0.74419982271279306,-0.09693193267390246,-0.18512285927612118,-0.036487997295361549,0.98203775539782956,-3.3269588598007331,2.5838992466565047,-0.87348878254621187,,0.4308490437477378,0.3028846153846154,False,5
-0.81700853453066635,0.56771064630837476,0.10100334931169638,-0.57137736515097648,-0.77347706352485701,-0.27433763648849241,-0.077620622885807733,-0.28184721795521067,0.95631437541936348,17.234057180430625,-1.8187859763437224,-3.030577282943848,,0.2042801766517213,0.3333333333333333,False,5
-0.85328933876996249,0.51912563913433918,0.049049721047986689,-0.5136804444639026,-0.82070272364571539,-0.25015883029761921,-0.089608623005205001,-0.23865374540088286,0.96696157342949385,7.0595734481487975,-12.491157630801526,-5.1961652524188153,0.1467443683770392,0.09617588421809332,0.3333333333333333,True,6
0.20659076439405583,0.96825670028364863,0.14070969555399926,-0.955759568934752,0.23048343710753189,-0.18275949115915729,-0.20938935612092457,-0.096728214988791555,0.97303635593350046,4.498422903448108,-5.5482049797320494,-3.5921227002862492,,0.1617188739997238,0.1428571428571428,False,5
-0.85191323215861969,-0.52246663477085986,-0.035671563243947269,0.50657986616148432,-0.8049101189962069,-0.30902514385940316,0.13274292475633689,-0.28133310485743629,0.95038465898730096,-11.960312823342147,-8.084942123692052,-2.9210888023487507,,0.1554871217330501,0.3181818181818182,False,1
0.68133412640882274,0.72986163283583583,0.055550023446765351,-0.71199266020849339,0.67843563135012686,-0.18108436134517578,-0.16985364288104496,0.083827746174908291,0.98189747375745684,3.7691229678067799,-13.835387531877485,-5.4350574410436776,0.1526833744972585,0.1686502012838191,0.765625,True,5
0.32488347495470976,0.94189065620742718,0.085397420631390622,-0.9248732937542955,0.33528198576015095,-0.17943071232319829,-0.1976363281419509,-0.020687720364315765,0.98005709018643139,4.6704719351126105,-9.7939299158575803,-4.5527551933140984,,0.1092204464292399,0.4347826086956522,False,5
0.9742483412193641,-0.19393759052200274,-0.11501469738185281,0.20368736098993812,0.97575870500594108,0.080040043591225601,0.096703818974608502,-0.10140591988464284,0.99013393579256592,3.6036513712955154,16.036468865319094,2.1796314984854934,,0.1455280448329512,0.25,False,2
0.51374013450448186,0.84593868624042201,0.14303430819613352,-0.83983477402396756,0.52993184062872689,-0.11768515891122913,-0.17535286293479407,-0.059665596533338083,0.98269598047966633,-6.1344674507277839,-9.4670884685150778,-3.623567251868995,,0.2732923400121177,0.1882352941176471,False,3
-0.18441980400671207,-0.97413510958984828,-0.13057612398329332,0.9696510814320588,-0.15863298792449887,-0.18604396098714077,0.16051827362566823,-0.16092347065148779,0.97382622701676869,-0.98350543929829115,-7.2587027492494398,-3.4783860425733191,,0.1943703699295802,0.1940298507462687,False,2
-0.48839125413648138,0.86933311570198923,0.075722630876557812,-0.8536215175188635,-0.45794242679731395,-0.24823182424455587,-0.18111953983982021,-0.18587271903875324,0.96573652960077749,-8.8488030480570377,8.5836298023568531,0.91594367819492939,0.2975679721247487,0.2449943720260432,0.9398496240601504,True,5
0.84371632910672278,-0.53355304162900175,-0.058854972322798856,0.52721405882486749,0.84428698768196231,-0.096045919269522592,0.10093607965482845,0.050006341591434314,0.99363538263517714,1.2689901360840568,-10.529674695281667,-4.5092232769069103,,0.2368016565274917,0.3508771929824561,False,2
0.16883485323254674,0.98418888304183727,0.053544699371691623,-0.96149903889140154,0.17640634937643784,-0.21071401972955919,-0.21682802066350959,-0.01590730638853044,0.97608020523858874,4.8932087764013996,-6.3397274287822087,-3.7824302984558553,0.1561665305617122,0.1670712833923066,0.7906976744186046,True,5
-0.2306744833918058,0.97034677418302895,0.072224791758195739,-0.95036549890635702,-0.20875212758729988,-0.2307118716413355,-0.20879344146882578,-0.12185929205590701,0.97033788534676868,-1.3359733659856292,-11.571272630329938,-4.4897460983307864,0.1491069486872111,0.1340567329235342,0.5384615384615384,True,5
0.099254172169092617,0.99378607260341745,0.050377090095638552,-0.97163617988238293,0.10771391646982831,-0.21052516747957017,-0.2146432930482533,-0.028052702155172533,0.97628955881500412,-6.4122354879473136,-5.1600325465472858,-2.603788061890087,0.1952590798348321,0.1686845437412741,0.7755905511811023,True,5
-0.84339989145276273,0.53600177985599484,0.037131052889381087,-0.52374316473042415,-0.80475622174257766,-0.27939312977374992,-0.11987376900568475,-0.25508727047388546,0.95945857854654415,-7.0789934261839571,-17.341331815400828,-5.532155305285702,0.1083651066032774,0.1416340406013445,0.3488372093023256,True,2
0.62688364838309041,0.76820327686227308,0.12992542787296274,-0.74517795325964931,0.63986354546751278,-0.18784158527201739,-0.22743506626214541,0.020937253874627068,0.97356813938959796,-4.5281250129578989,-3.6794754932450386,-2.4242486748106149,,0.1944906710163383,0.2463768115942029,False,2
0.44381575621115482,-0.88560296656184567,-0.13687571061215531,0.87604541704977201,0.46093109210181182,-0.1417284572692637,0.18860541297856578,-0.05700801654761075,0.9803969013845848,-2.8942946180382787,-5.0313793227191299,-2.798975929566391,,0.3280886207400132,0.4934497816593886,False,3
-0.98553730737424994,0.16628393214997902,0.032647659674972088,-0.16893525671118492,-0.94895786886664024,-0.26634534378511038,-0.013307697525781301,-0.2680086137138577,0.96332460165913814,0.38590071815602411,-15.901697640227045,-5.6915144548125394,,0.2589421888366567,0.2307692307692308,False,1
-0.49740002774141578,0.86575697461398049,0.055299849096428558,-0.84878632961480593,-0.47249231375195272,-0.23730313968498959,-0.17931809463036996,-0.16497234420524901,0.96986037478884568,4.5642554840602738,15.458311700587164,1.9970591014343433,,0.2555722361795343,0.8656716417910447,True,2
0.27869129761856487,0.95947967556371494,0.041592220568623342,-0.93625451775756519,0.28108156337803919,-0.21076202861878759,-0.21391268922209766,0.01979663883354834,0.97665216657757148,-15.236572033117783,4.963009667846392,0.31606219547942849,,0.2752688070651489,0.96875,True,4
-0.9533906882648493,0.29632894395042131,0.056880159169128953,-0.29848667454406808,-0.89860594503087621,-0.32157901155826396,-0.044180319707998947,-0.32356840471899373,0.94517278146278894,0.52013975042189287,-8.8584155559918099,-4.0315529030317547,,0.1334031256937737,0.2758620689655172,False,2
-0.82257699282993912,0.56580300742937673,0.056868687787985428,-0.5564762128609797,-0.78034101152620228,-0.28531058559080091,-0.11705261802606742,-0.26633599552846149,0.95674647744274843,-15.414241407959,8.726938394463863,1.2522105977345039,,0.234340033558137,0.2352941176470588,False,6
-0.25307148503164428,0.96273310472691653,0.09539283268018503,-0.94348409027423596,-0.22379011359058248,-0.24444990582634898,-0.21399204392517737,-0.15186492064326651,0.96495826387193484,7.8415488617002262,-1.4390769288621557,-2.6754190002816722,,0.3536464409007661,0.5785123966942148,False,5
-0.15659232424272843,0.98592344218899075,0.058598721235811252,-0.96513162710808476,-0.14014967386918181,-0.22108598162267737,-0.20976126035081197,-0.09117584689255176,0.97349225913689974,7.5459415255515676,8.2545663301401078,-0.021300320063011954,0.28822151686828,0.2337808457252327,0.9545454545454546,True,5
-0.88224677194190493,-0.46011249450115643,-0.099685133304886292,0.46006289230228231,-0.79766366527402888,-0.38996770664769353,0.099913805475259632,-0.38990918109929967,0.91541687878797962,1.0821552985263307,-2.2299296342697534,-2.4496519985151379,,0.777818382534084,0.5454545454545454,False,3
0.33694887038123028,0.93982960058423304,0.0564427197652001,-0.91760902843470737,0.34122540650541122,-0.20385998354343141,-0.210853336904883,0.01689804192493774,0.97737164195365211,-6.5701417644564897,13.741750117965132,2.1408456572615431,0.2590261787453221,0.2268458342016973,0.65,True,4
0.48988400484068773,0.86614667694137559,0.099013109357604809,-0.85031074340747681,0.49977826977262624,-0.16490397420591066,-0.19231562975242752,-0.0034080913268137378,0.98132720509850058,-11.1256178176034,-4.2581839821557468,-2.1264866055884291,,0.09690447106479073,0.24,False,3
0.90676956775227746,0.41604911245555692,0.068352666541197135,-0.40536751518842123,0.90485555259294304,-0.13005232243864556,-0.11595744317771846,0.090219537610562645,0.98914827321540799,-0.15657448252995088,3.0585513425712665,-0.90348171411947764,,0.1884531591769516,0.2736318407960199,False,5
0.39722049776432444,-0.91743698635848836,0.022918381647001745,0.89808881204926705,0.3834627357398831,-0.21538991613077282,0.18881833022193378,0.10614003184632917,0.97625915197342006,-8.4717924663377246,12.091971663309177,1.8033130581006267,,0.2638699500344588,0.9891304347826086,True,1
-0.66253935752777637,-0.73035052164596459,-0.16622188561723381,0.72783647208301649,-0.57533030507391336,-0.37316097058683173,0.17690582136388278,-0.36821618051767507,0.91275471774871975,-4.3415197040075064,-8.1327494860383425,-3.4236741299453546,,0.1967352329494951,0.2727272727272727,False,2
0.99763669435378122,-0.066279697777277227,-0.018111536141731242,0.065019462590837809,0.99589137726693067,-0.06303042257335098,0.022214760031544309,0.061703860073170053,0.99784725188217649,1.7615112351148987,-9.8508169563419852,-4.3728714003323521,,0.3824432945461062,0.4295302013422819,False,3
-0.54830899773486563,0.83424772044335593,0.058206390869486327,-0.81934868778281678,-0.52197482534871964,-0.23708650221121733,-0.16740660330931731,-0.17768799238338498,0.96974326836085778,-5.3609027902565289,-10.72251672721044,-4.0236327876147904,0.146086171204417,0.0969155596161126,0.4666666666666667,True,5
0.28955824672595698,0.95412512188647536,0.076166091787026907,-0.93116093517535758,0.299220622833688,-0.20834186251057382,-0.2215746703852785,-0.010595784828877915,0.97508583970208307,9.7314249361619964,-0.07291185713992776,-2.4148822737712172,,0.171856366637862,0.8898305084745762,False,5
-0.92587106527442986,0.37605556024377218,0.036674052098647318,-0.35449603909149258,-0.8309796948253384,-0.42872520926163182,-0.13074910613856905,-0.40994507241547556,0.90269026185410639,6.7201727932337549,0.5920344553438428,-2.1240708012914928,,0.367892599527693,0.2162162162162162,False,5
-0.5764423510249429,0.81056816179652647,0.10340924052828038,-0.80029422477544343,-0.53445896488916,-0.27181384924370394,-0.16505565647958853,-0.23944283228237773,0.95677780091967246,11.535302715815806,2.4865835390119342,-1.7695251788900366,,0.1093786772037397,0.5111111111111111,False,5
0.99951988909917033,0.015976671545270483,0.026546887981772439,-0.014171376472318465,0.99766216874461511,-0.066853340564783786,-0.027552919701223116,0.066445037603463639,0.99740959168929777,-4.9754315088512335,-7.6245276585884874,-3.2735848329760695,,0.2013586140080924,0.2926829268292683,False,2
-0.20895756139084251,-0.97787152674327249,0.010198760825389182,0.95312169113642642,-0.20598062938163839,-0.22165518763336536,0.21885104391533206,-0.036595867312106789,0.97507177329304517,0.044566830940790496,7.5457506412340001,0.12193313189866076,0.3460934346556301,0.2806032586715984,0.9745762711864406,True,4
-0.36578666205813914,0.92889562078779253,0.057905470740027498,-0.91045290737657902,-0.34422967036576846,-0.22930642705647597,-0.19306895480604189,-0.1365974367297341,0.9716303407000868,2.6418758285849737,4.796076045812355,-0.64457808007142336,0.2672765126840285,0.2656565941965459,0.9236111111111112,True,5
0.46424913432647774,0.88293032603068622,0.070048416487901166,-0.86291585054692022,0.46871240716242785,-0.18890451092255009,-0.19962208332747494,0.027252866773038426,0.97949390253367574,16.219718371839569,13.593881876139042,1.1742988962577317,0.3806894710648691,0.3368277206103894,0.8947368421052632,True,5
0.96623478833077614,-0.25764268649498301,-0.0032526781319482459,0.25710112209452129,0.96488349483542779,-0.053841010502318903,0.017010198032951028,0.051186790188687013,0.99854422319347513,-3.0195251274537913,3.6861084402429847,-0.67124568425052622,,0.2093782655320482,0.1012658227848101,False,2
-0.74736248119408777,0.66337026877825744,0.037272083446997492,-0.65236520744098336,-0.72201517581667063,-0.23046414474035934,-0.12597205175712584,-0.19655526548908644,0.97236673625984105,8.2753519498962493,-11.94526351855067,-5.1743727427821451,0.1416500191831749,0.09596949008791231,0.7,True,5
-0.98343357264428888,0.17837187242647085,0.032278217471929757,-0.18073397243970851,-0.95119110006114926,-0.25014140475064023,-0.013915437551621557,-0.25183122580715794,0.96767111887573198,9.4057066140194436,-3.5973486935185384,-3.3330414811191811,0.2198925917197383,0.2183631008492157,0.9230769230769231,True,5
0.75680573538601026,-0.60937600617125243,-0.23644441627920409,0.59597783050206887,0.79186811944009439,-0.13324904113897132,0.26843156378653948,-0.040071991679748065,0.96246492457955612,3.4561681248944129,-1.3866250063530938,-2.406740749364809,,0.7512608043819149,0.4057507987220447,False,4
-0.58698477449688524,0.80838179361288964,0.044359331194784933,-0.79244866915175349,-0.56247010360395122,-0.23590779832675154,-0.16575277152571455,-0.17362677877265414,0.97076246344024664,-3.753945722292181,-4.0019321445551075,-2.5003125969502293,0.2146700345823979,0.213652956237637,0.8528138528138528,True,4
-0.83713165464470085,0.54505273315876079,0.046131452047266118,-0.53826135991780788,-0.8058054214768261,-0.24688525905364578,-0.097392511063513099,-0.23150624353290886,0.96794605117951893,2.3504907125758856,-2.388308595742838,-2.5886548300139194,0.2213090318323584,0.221587835596372,0.7410358565737052,True,5
0.46942304053692668,0.88088029438526028,0.060761138705620568,-0.85971748675615633,0.47166527381822737,-0.19600436841982538,-0.20131530487954674,0.039771553121716131,0.97871873977335344,-5.9060967581245238,1.2789731515533178,-1.0646838084396026,,0.08563273519102314,0.6,False,5
-0.58025533985902733,0.81278655679007128,0.051785651163474444,-0.79808031820995129,-0.55477447962449811,-0.23514481164437828,-0.16239318412725176,-0.17777314155605092,0.97057980809941891,3.3485942241567472,11.869529519380176,1.2526076184761656,0.2802990334833863,0.2797967417242309,0.9761904761904762,True,5
-0.9836516483165102,0.17615503576395136,0.037401044627311385,-0.17903107820664493,-0.93418683442688477,-0.30861437331991304,-0.019424412484792077,-0.31026498635598165,0.95045164550393813,8.3692128301864823,-2.8569303903495715,-3.0710371651983133,0.3416392382398235,0.1705724801167754,0.3888888888888889,True,3
-0.71248641306090854,0.70010481107143419,0.047078282872587564,-0.6887132512054539,-0.68489672442045346,-0.23788765098707085,-0.13430252721975583,-0.20191515642161334,0.97015107111708221,4.5376464560728929,1.0896072484834054,-1.8356892056730416,0.2451609483574141,0.1812211511122578,0.8536585365853658,True,5
-0.9615103044991915,-0.2742498918340987,0.016879904349767803,0.26241959195614245,-0.93477184985222439,-0.23945259756666379,0.081448708396412578,-0.22580652238772056,0.97076131069780491,22.115547749539786,0.5972766524471651,-2.5067298482784017,,0.1021967172490497,0.4,False,1
-0.31576034400761799,0.92697841130430803,0.20250044475983719,-0.92033065983155926,-0.24729489861008636,-0.30304572212033221,-0.23083951508829106,-0.28205718940875829,0.93121257518175438,1.0253147591608405,-4.8849565079407862,-3.0564160657753598,,0.3056963041651905,0.2058823529411765,False,5
-0.40789524335058364,-0.89729770214618132,-0.16875516044006286,0.89726203308195751,-0.35974447878924282,-0.25593896532237603,0.16894470823793378,-0.25581388489258983,0.95184922222721835,8.5824479396975839,2.2923929730148274,-1.7694765715164293,,0.2741980083648716,0.2333333333333333,False,2
-0.82598234580751662,-0.56295238053841001,-0.028944458199282465,0.54646959771757342,-0.78708727383886179,-0.28611990865946857,0.13829006900246416,-0.25214725976509522,0.95775655372764101,-6.2667612137647799,-11.333203496473057,-4.1321977458035324,,0.1679267943414342,0.2142857142857143,False,2
-0.50447873684524824,0.86177456186623658,0.053346120676939328,-0.84621766446828839,-0.48120775972734864,-0.22881161753726975,-0.17151346423199088,-0.16057302543840296,0.9720079398280137,-7.7264168350079272,-3.5789418544882126,-2.1947943021220806,0.2376724227958256,0.2492786633865947,0.8967136150234741,True,5
-0.64476513181260287,0.76360184820806631,0.034498437818292281,-0.74957722741483868,-0.62279455468870415,-0.22418947966214298,-0.14970606180031779,-0.17040880277533921,0.97393476937468226,6.075505619819852,-2.8781264216028135,-2.9453291265908481,0.17443988781899,0.1597860821147937,0.7142857142857143,True,5
-0.17521648616983795,0.98203388727732299,0.070061595851691527,-0.96172705975438577,-0.15549724114413108,-0.22561398567630664,-0.21066619451274049,-0.10691142238112189,0.97169424319276809,-8.0176129950383892,0.88345509272428613,-1.0573696853175312,0.1673778066585772,0.1330088627316084,0.375,True,5
0.86810525914379488,0.46006929656439438,0.1863585292001092,-0.4798006335754938,0.87394919918799441,0.077486445648371427,-0.12721875281356651,-0.15668133136212062,0.979421436019834,-15.624026762693171,9.4824743991988427,1.4462405575956563,,0.2823898162655775,0.2068965517241379,False,1
-0.17062599362249781,0.98334525778604365,0.062600912853046004,-0.9630623328657697,-0.15299992861479872,-0.22158963165953371,-0.20832117826922145,-0.098097532250132458,0.97312854281999017,13.884179811355537,7.0889145244575325,-0.54964520225499447,0.3186348437676715,0.290409911217303,0.7878787878787878,True,3
0.22113528231645124,0.97079418435545017,0.093047506879333219,-0.95656659657866283,0.23449364388290087,-0.1731850954569488,-0.18994613242900357,-0.050708801998819539,0.9804841070487107,-1.3138105918241547,1.9329545826965748,-1.1885714348927092,,0.2671250574753648,0.5774647887323944,False,5
0.98171120070779172,-0.18975783391423912,-0.015332412499125862,0.19036541745847846,0.97760715826567857,0.089695328437803146,-0.0020313150239561692,-0.090973669684597067,0.9958512264306314,3.2781241475338176,-5.8262141123000362,-3.5675694181450175,,0.2186342847179377,0.3695652173913043,False,4
0.90607861064681672,-0.42297829608376974,-0.010531494215258272,0.41722572074104231,0.89733858365478847,-0.14389636630761971,0.070315355936331397,0.12598740939669223,0.98953672159908157,2.0512196272304797,2.1479674112429272,-1.3766318667678008,,0.1433081320860511,0.1296296296296296,False,5
0.13785013892522505,-0.98136703582780638,-0.13385096259960522,0.96257681295850173,0.16457787133445781,-0.21531373254317018,0.23333070597962324,-0.099160805046970946,0.9673282361171347,8.9129420777703832,-4.3016137303558617,-3.5127134181973396,0.5039660780381889,0.2157980708996873,0.2714285714285714,True,4
0.31575798200576066,-0.94704359292043205,-0.058355204635128249,0.92517459625953247,0.32094986005228604,-0.20259109992402966,0.21059169792672239,0.0099810039963918878,0.97752315385547939,3.6121653279805011,2.636110710734068,-1.2768591630152415,,0.8081926317256005,0.5734536082474226,False,4
0.88130361546312919,-0.4686715613913825,-0.060422718530209439,0.46618317581995394,0.88321156656831146,-0.051093788882520863,0.077312249702355174,0.01686108605378733,0.99686434374143806,12.487529860470231,-3.8682322062856622,-3.4985084678901468,,0.1695188712633727,0.3333333333333333,False,2
0.31112995711482827,0.94579522867568999,0.093110338846043389,-0.92034670732762203,0.32428258874036286,-0.21863837941005135,-0.2369811977708991,-0.017668844165610334,0.97135355244572086,-17.821497257887753,8.9560761240486997,1.3924398372967479,,0.1686152758291879,0.3076923076923077,False,3
0.98211765339326862,-0.1881438334709338,0.0068419894885938873,0.1878967965542287,0.97725110816857852,-0.098361910452902615,0.011819845090327685,0.097888556584247971,0.99512718873111583,-9.8327805695404784,2.3537461102818225,-0.59453709403387245,,0.125253310126745,0.3529411764705883,False,2
0.78090573864611412,0.62248360294258864,0.051965290504147735,-0.6056446655435298,0.77488737548364117,-0.18095329346198735,-0.15290770565354947,0.10983496430412341,0.98211787183009713,-9.0813693068931514,-10.597826239610578,-3.7047503032337361,,0.0697219550451019,0.375,False,1
0.46255419128282937,-0.88350782107866055,-0.073875234141930896,0.86699126951284489,0.46817926694130862,-0.17068776345949377,0.18539082694457398,0.014903157354609703,0.98255184961694042,-9.4753006883944355,0.64592081740036533,-1.0472054136909594,,0.1612314989167769,0.391304347826087,False,4
0.4375672697754211,0.89789819710422769,0.048101060884985121,-0.87714547589887426,0.43800209858503197,-0.19690092875668416,-0.19786535455056461,0.043965773871106048,0.97924272384148658,-14.469048697088045,12.340725046698873,2.1794159367375991,0.3452173364102165,0.2435845913081076,0.8253968253968254,True,4
0.98473302313464828,0.15368484191073073,0.081742537977293611,-0.16335996003540118,0.97809085637137638,0.1290418542176883,-0.060119852006867917,-0.14042523295184764,0.9882643155275268,-8.2799823125641527,-7.0036086837714748,-2.8877582176530412,,0.2604391209007503,0.2083333333333333,False,1
-0.18968450769248316,0.9799857708837002,0.060395996613519479,-0.95967052105023531,-0.1720501574405098,-0.22233136160214859,-0.20749043006517179,-0.1001330724095475,0.97309870477829441,-5.9386319069185367,-18.543294858677847,-5.8190939716858523,,0.08482440053689674,0.3333333333333333,False,1
-0.039601871578232278,0.99546276841178682,0.086519179801027274,-0.9759640125626019,-0.019964595603489732,-0.21701534762567992,-0.21430337829863255,-0.093033819809413359,0.97232647316704424,-13.352806645740367,-0.077816209049103913,-1.0189096799607897,0.2588244660201883,0.200076059957344,0.4545454545454545,True,4
0.99908215544614853,0.036554225284300718,0.02233014292260831,-0.037592146926161647,0.99814068180815863,0.047979264365219015,-0.020534779243064606,-0.048774664872352408,0.99859869562704207,7.8552914719069964,0.89353182449600399,-2.0780187173297104,,0.384426787417239,0.2530120481927711,False,4
-0.99971944257192502,-0.018539141314502509,-0.014742333024351732,0.023339619530495632,-0.87711214218527456,-0.47971820081307204,-0.0040371157837854194,-0.47992769275223129,0.87729875836323201,-4.2592968620312908,4.1370993070453537,-0.51213337434516049,,0.3579582312977216,0.4346153846153846,False,4
-0.76202578855714631,0.63674965559840979,0.11775641667937445,-0.62817792958286744,-0.68276309363408572,-0.37313140682096912,-0.15719155943892807,-0.35830773654293319,0.92027516514064345,-4.7431997975508304,-0.38270895741627659,-1.58349510621472,,0.4395929262442578,0.3043478260869565,False,7
0.0017360001246767578,-0.98973541668325482,-0.14290133402592503,0.97925681758722183,0.030636668659130666,-0.20029348402385797,0.20261557569079422,-0.13958939607395862,0.9692583396552199,-3.049463646830497,-11.889337048246222,-4.4687814721494741,0.3971762897646405,0.176771651161192,0.1951219512195122,True,4
-0.9333573485325205,0.35511279108480898,0.052335127288474753,-0.35461306773552609,-0.88963808253034649,-0.28773886477660376,-0.055620429084493904,-0.28712190393574355,0.9562778781027883,-6.4981769886695417,-7.88002271271883,-3.1671616687379442,,0.1582446675650172,0.1515151515151515,False,1
0.30011165075350643,0.94606163223857831,0.12206713352939735,-0.93783862860305234,0.3160180301224621,-0.14349672936156563,-0.17433216508135593,-0.07141423278028694,0.98209383644051618,-8.6197700606240755,3.1561229860789219,-0.52173121611867901,,0.2630524039679629,0.8020833333333334,False,4
0.50736314379305236,0.86024539638370701,0.050601366790528832,-0.83835140212703263,0.50633114771469856,-0.2019794430271426,-0.19937293415122553,0.06005519839743672,0.97808169713647941,10.905598552842498,-1.3247708514052694,-2.7638726304323149,,0.07490384305573726,0.3636363636363636,False,3
-0.9930391712215012,0.11030749101123094,0.041297237758995145,-0.11471080608360462,-0.82615357329099282,-0.55164454525189988,-0.026732665175126992,-0.55254188145816874,0.83305632093352677,-0.93804015263851548,-2.0664227124840338,-2.2839783173618904,,0.3285332431963176,0.2554455445544555,False,2
-0.98204845137939312,0.18527258144729813,0.035424704757991837,-0.18807414240865211,-0.94734655126300826,-0.25915753658216295,-0.014455313922106063,-0.26116772843125047,0.96518519545498349,-10.451454288105216,-2.2874628602327505,-1.7406631636436083,0.09748276085769407,0.1147567362376778,0.5483870967741935,True,3
-0.99193657909728372,0.11943460725408296,0.042393367863868076,-0.12667791978644852,-0.92431270139229482,-0.35999824261162272,-0.0038115203471100617,-0.36246572891094347,0.93198930663270063,-6.0994196096959259,0.17322767735007275,-1.3512811407633063,,0.3818366868669022,0.4424778761061947,False,1
-0.77902323642881655,-0.62610364522074513,-0.033421887218808212,0.61299741986591827,-0.74934820223335308,-0.25042251306016472,0.13174581716964906,-0.21557248723094638,0.96755958080490534,-19.869236377926939,-1.6878987513432033,-1.0538204156529678,,0.1998985587007542,0.9148936170212766,False,2
0.88003629097024239,0.4684599040141601,0.077983619474757154,-0.45874048547242485,0.88101982716604132,-0.11559079171302293,-0.12285476614223631,0.065949848152695625,0.99023094476226792,7.2314585305039483,-3.1611693627786739,-3.0991333857933752,,0.1740761286167402,0.36,False,1
-0.58678760760889781,-0.73288485555108107,-0.34432556114889246,0.78746409593429623,-0.41742545588122393,-0.45349342486604594,0.18862820884218218,-0.53724833856069387,0.82206059481206517,-6.1184739602298963,4.0355328355114626,-0.4225848674043069,,0.3476308425115635,0.1308900523560209,False,2
-0.65959400572399918,0.71026814075421807,0.24587581386243407,-0.73801179955268814,-0.5500454986960488,-0.39088173797865916,-0.14238796063562031,-0.43928250317279938,0.88699298253834435,-5.3125236060781491,-1.575651103779109,-1.9026928356074384,,0.4661034213623605,0.25,False,2
0.58661523510044744,0.80661824387123915,0.072453948147254227,-0.78848741689473612,0.58926008475030822,-0.17623888878089999,-0.18485172259601373,0.046255390757595709,0.98167727868131294,20.315242060719015,11.841407650788121,0.45907722861476524,0.2274024792089807,0.2548460448989269,1.0,True,2
0.52852178392332805,0.82299349341650896,0.20819806366197133,-0.82610623846594622,0.55508529737342449,-0.097101984570362343,-0.19548198557961496,-0.12067320512006131,0.9732547307256737,-7.0685179885087406,0.63063796312157949,-1.1714173781736148,,0.6378951792186162,0.3769230769230769,False,1
-0.97911265939589409,0.20155655668492506,0.026708700230761405,-0.20231069884666097,-0.95275380574576451,-0.22656250080085588,-0.020218341743965404,-0.22723366848748169,0.97363036033334815,-18.317592061597438,2.0560260447801331,-0.22260563931717556,,0.3431248840668814,1.0,True,2
-0.11085585940706445,0.991573888620357,0.067023890079773413,-0.97098096431322767,-0.093679980893833253,-0.22004551374905623,-0.2119125889995124,-0.089472255957002783,0.97318434535163412,18.211307020668347,3.1931280838938987,-1.7841078825637491,,0.2329450989809588,0.925,False,1
0.22157755659970615,0.97155708637591809,0.08354767695179055,-0.95110293324471396,0.23422728112836466,-0.20134743889236623,-0.21518967629652944,-0.034848367077250614,0.97595030330823918,-11.007529856919442,-6.4344489127144699,-2.6362542032768879,,0.1745835121615978,0.6296296296296297,False,2
-0.9380607977123917,-0.34623297776428313,0.012832182342419691,0.33280944029483622,-0.91075270246814066,-0.24447370287541503,0.09633180287853825,-0.22506052531587209,0.96957101013732583,7.7678350997645227,-13.051806230401118,-5.3993337456061754,0.1287763516397965,0.09400571521828519,0.3714285714285714,True,2
0.34546680157499871,-0.93813647428321756,-0.023508394862142845,0.91805500154440356,0.34305155142415311,-0.19872253824060107,0.19449345271459911,0.04707004020537485,0.97977380459278385,20.853569396129238,5.2859373777315941,-1.3271969781517503,,0.2012973638950218,0.5862068965517241,False,1
0.41455208517484304,-0.90847410688904973,-0.053116530283265156,0.8906569863165571,0.4170153786990945,-0.18118583458416138,0.18675304924605091,0.027802356745323269,0.98201340497811329,7.9985104089865322,-6.7777716336818115,-4.0002593863137541,,0.1312135052752584,0.2222222222222222,False,1
-0.75313916347867216,-0.65764335013502784,-0.01692998694101637,0.63824856004399899,-0.72420696802341067,-0.26108052985257302,0.15943705979604494,-0.2074355116404028,0.96516855132876977,16.661748819422584,-12.815656958583704,-5.6676122053148124,,0.1934764808713267,0.3333333333333333,False,1
