axis_00,axis_01,axis_02,axis_10,axis_11,axis_12,axis_20,axis_21,axis_22,location_x,location_y,location_z,dbh,dbh_approximation,score,reconstructed,number_clusters
0.98443719949417308,-0.17261919524138958,-0.032954721760118398,0.17247475848392313,0.9849876383637084,-0.0071979133503170117,0.033702491569381078,0.0014020359843064873,0.99943092625609542,-19.547769479131418,7.2032957067663039,-2.15244079215433,0.230281252713107,0.1751795692830623,0.4827586206896552,True,5
0.86466064099520257,0.50230714987869129,-0.0070358435538100655,-0.50219605824295754,0.86394597525627437,-0.037369384845394371,-0.012692320473562982,0.035845209153152598,0.99927675144664796,-12.574692623966786,9.9241695898046398,-2.1044875587658223,0.2928925034850907,0.2785050983999728,0.975609756097561,True,5
-0.59805106333231739,-0.796763152285624,-0.086622195810085956,0.80084489033123674,-0.5898661511979284,-0.1034668318897056,0.03134305788263983,-0.13124939173504371,0.99085377825981347,-10.863550442213704,-16.270036574546001,-2.9644618329106516,,0.2154957609348926,0.4444444444444444,False,2
-0.87599052755515283,-0.47769827398950071,-0.066670493181757162,0.48203419826083083,-0.86222618579359722,-0.15559253272205886,0.016841239285897931,-0.16843504255136107,0.98556887587831155,-12.62488431347044,-12.022559940637786,-2.7747109213971624,,0.4626136950125344,0.4842105263157895,False,3
0.90429334632807468,0.42681887515085126,-0.0088989663296373117,-0.42685212015953067,0.90362277207656616,-0.035540868025087831,-0.0071282046889499483,0.035937913122845083,0.99932860216161568,-7.0443432765113112,-18.143993705207514,-3.0379251127632636,,0.2727675581726202,0.8734177215189873,True,3
0.9629671209356081,0.26927941111387171,-0.013524893609623211,-0.26959965121234403,0.96228491928983195,-0.036383542619476385,0.0032174622247307817,0.038682461885553653,0.9992463735632493,3.6093439440034252,2.5167680821372036,-2.1733818502519124,,0.2329564241085806,0.9869158878504672,False,5
-0.66585616174047835,-0.69713545949669786,-0.26577758179456279,0.74526566711319087,-0.60485436269240778,-0.28058917540470302,0.034851933871277538,-0.384906938160757,0.9222971276444174,7.6153302382274939,-0.083749544919426031,-2.2487917668466078,,0.549085809363042,0.2792792792792793,False,5
0.98064273183726769,0.19578799569627447,-0.0026254972818761935,-0.19440671073975405,0.97514916384703998,0.10625506608048815,0.023363717899578234,-0.10368784398209364,0.99433544022943032,8.8292355855636071,-8.2357004323097271,-2.4058990791758976,,0.2432025849837376,0.2635135135135135,False,5
0.16639212315048363,-0.98548704916909269,-0.033599661805848016,0.98374868320596642,0.16823727626749341,-0.062727563037479006,0.06746991658509828,-0.022616250663806878,0.99746494452783196,-5.1863687655158657,-8.7337157968381067,-2.6152770657200941,0.1871905985826102,0.181083590354871,0.9732142857142857,True,5
0.7410900370568404,0.67121556792136061,0.01597555492293545,-0.67136311422600303,0.74110112925558991,0.0063784851533195894,-0.0075581632592087705,-0.015452430103190643,0.99985203733955208,-11.838677675050301,19.770556095035712,-2.0426512889615505,,0.2399079427096723,0.8076923076923077,True,4
0.76241551392382778,0.64702494887195272,0.0090166327147600343,-0.64656328324054702,0.76228450056779085,-0.029635467928110271,-0.026048126486755998,0.016764716858953921,0.99952010453775753,9.5115505004171528,7.0534016577726675,-2.1017413985135356,0.2658221414841774,0.2423156650234072,0.8536585365853658,True,5
0.90819848241506729,0.41732247562274172,0.03189777232151525,-0.41853910681138223,0.90542284106600524,0.070954174968735975,0.00072980031469915656,-0.07779093916433906,0.99696942639954178,-16.831363257810445,-10.091848571125578,-2.7642819522021149,,0.14651602215618,0.4482758620689655,False,2
0.86073253610968548,0.50901891218549589,-0.006264847937752816,-0.50887565047003991,0.86003107014553115,-0.03731126831167602,-0.01360417733206591,0.0353030511687977,0.99928405417943655,-10.2536653832575,-8.9050843195702356,-2.6709381833830239,,0.1485658221739439,0.7837837837837838,True,5
0.6023525070712773,-0.79001467101853629,-0.11422905409929494,0.79310989713851521,0.6085115706075076,-0.026274693104142023,0.090267094147753718,-0.074769566083113415,0.99310692460674288,14.927271509099246,17.546799454389415,-1.9811344975127112,,0.2324498065282139,0.3333333333333333,False,3
0.85689390502039187,0.51543330628246997,-0.0078321334018187187,-0.51528486759601433,0.85601787314175082,-0.041411424612418535,-0.014640381329058819,0.039520977171543382,0.99911148106602454,-8.3055164307536522,-6.8160349061486629,-2.54739087557286,0.1353211830970083,0.1335121222901148,0.7,True,5
0.93369534626141415,-0.35419384357721201,-0.052533051898565317,0.35488554760946867,0.93490045974828773,0.0041687480572909497,0.047636629474632521,-0.022535561551447918,0.99861048462243562,9.9330090350252558,-12.045835027311822,-2.5245934018893808,,0.1648539584746359,0.3333333333333333,False,4
0.72178268328714235,0.69203996800400291,0.010509081398078072,-0.69161021499799047,0.72175068537669418,-0.027409098283343692,-0.026553128200766055,0.012515224460276668,0.99956905741397528,6.8848579909370029,-15.793228544118502,-2.7337112173272158,,0.3055368283546712,0.991869918699187,True,5
0.89567709174774734,0.44464049866021982,-0.0075745804826730361,-0.44461649911849804,0.89502909253927254,-0.035200741752650103,-0.0088722054703354279,0.034896281456874539,0.99935155651581153,-5.5385734599713352,-10.885513508116013,-2.7026270552455678,0.242740524849562,0.2414467168730722,0.9947643979057592,True,5
0.9691571733606944,-0.24409909319816731,-0.033911738724841753,0.24361148398456059,0.96970773744360628,-0.017898290779927509,0.037253431980822441,0.0090849679050069299,0.99926455214013088,5.8676977552243832,-9.8506878764365098,-2.5166845084446976,0.3510766691961181,0.2853727085718934,0.9352750809061489,True,5
0.99060928937076731,-0.13352172139889412,-0.029414039624297374,0.13340475749505018,0.99104400184502328,-0.0059124516648015393,0.029940048263663813,0.0019329567190788548,0.99954982726640118,-8.839414155752543,-1.2772730389507363,-2.2827726043360874,0.2261650559089084,0.2321201569995956,0.8159203980099502,True,5
0.88574855132548036,-0.44165880979774486,-0.14278305064976227,0.45853433770086033,0.88034574015248523,0.12139867768887072,0.072081654906408055,-0.17299963446034328,0.98228069384598071,3.2411765499445964,4.6241441207622547,-2.1291533652409593,,0.2508628756044747,0.2105263157894737,False,2
0.31482694018499469,-0.88562030695375582,-0.34140982652069191,0.94613657937049789,0.3214582515686093,0.038602664099075021,0.075561702673028294,-0.33517348404906355,0.93912148558084063,-7.505915670154609,3.9760602415577746,-2.1122368159503293,,0.3989281013665408,0.28,False,3
0.93624143001695981,-0.34915959080077336,-0.0392372893002969,0.34889987026134428,0.9370626909572487,-0.013505322934937839,0.041483312927199485,-0.0010456422888333811,0.99913864972824884,-15.629627605253487,-0.97868073043207149,-2.4282457428980688,0.2065845698942364,0.1849165445002807,0.6111111111111112,True,5
-0.30845342348460431,0.89853778691852315,0.31222801126771249,-0.94811011564427017,-0.31700799368751381,-0.02435447702633994,0.07709535753621452,-0.30353875768636307,0.94969496599096692,7.2777205446222428,1.2340231810449009,-2.2115011397229525,,0.6851221339101993,0.2941176470588235,False,2
0.99081658566824204,-0.12964193135984908,-0.038411758590511526,0.12993532545497902,0.99150866639727042,0.0052321752660724266,0.037407282227345136,-0.010175170386503892,0.99924829804406967,-14.433187230239183,7.5383983081097057,-2.1175881394199672,0.2112937580650054,0.1898502476355143,0.8974358974358975,True,5
0.83744059440394203,0.546472000224133,0.0078488098083772887,-0.54627475999710218,0.83740312621629642,-0.018436127393855917,-0.016647445283919642,0.011151554788883272,0.9997992325418692,-7.2387215672108534,-15.297816245360931,-2.9112464018740276,,0.1613286269643149,0.9512195121951219,True,4
0.9273651051049685,0.37400047574289647,-0.010844628981129764,-0.37413541205790302,0.92660420851782588,-0.037780076777540632,-0.004081087834674129,0.039093284604147786,0.9992272313247601,8.5235216981306561,3.386217852567373,-2.1351460864665581,0.2416623762185325,0.2096855427177682,0.9941860465116279,True,5
0.87583105108180626,0.48257067634291501,-0.0067462800771660881,-0.48244262862168946,0.87505094232320157,-0.039178545504790337,-0.013003078463677924,0.03756847978316305,0.99920945215567747,-11.542740206921637,-11.691996819476801,-2.752828231332952,,0.1492670089188218,0.6808510638297872,True,5
0.99803546785724262,-0.030147838146939141,-0.054920968254789086,0.040510008777593857,0.97923866003613314,0.19862171552848984,0.047792720029486292,-0.20045636569015976,0.97853620340101832,2.7637076531698748,4.4202607471944146,-2.1317025138864873,,0.4504719409423797,0.2707423580786026,False,4
0.77946705973149744,0.62644174942943742,-0.0013554944925892719,-0.62602814763985681,0.77887002249805171,-0.038082100998936205,-0.022800463945783136,0.030532321000370427,0.99927369434914426,-7.9469438997042854,0.64985024687492876,-2.2064029180791138,0.2396031391963991,0.2268915383861569,0.9465020576131687,True,5
0.9563337235826751,0.2920491925847854,-0.011535954623302041,-0.29225132338260829,0.9560273257224825,-0.024513597309102419,0.0038695115466994313,0.026814577798161886,0.99963293528069452,3.9586308902948697,18.392322241001128,-2.0317902725666497,0.2659378817669708,0.2558324909158821,0.9846153846153847,True,4
0.88369983505752392,0.46771679986949383,0.017765039801362167,-0.46795745543965278,0.88365192189629871,0.013232566924892671,-0.0095090177068682027,-0.020006900030144929,0.99975462116132963,13.944021731540531,13.952387314784698,-2.0833159648313049,0.2183719778075773,0.2034269764548153,0.3529411764705883,True,6
0.9996884433486587,0.0084796288603208071,-0.023475777506358944,-0.0095466538118652855,0.99890869166196528,-0.045719657951239716,0.023062472463577063,0.045929528808525528,0.9986784270961776,-8.2893593930483593,3.7403333114010775,-2.1229989105117562,0.1971794593694285,0.2017124846045875,0.8974358974358975,True,5
0.9721927791860987,-0.23068926236319381,-0.040294718372718662,0.23047607053410391,0.9730274072567533,-0.0099219775428544023,0.041496759024892721,0.00035910656858711629,0.99913857398906614,6.7446040224045589,-5.9136015368689847,-2.4261349012664835,0.3359176507026208,0.2445740475009358,0.937984496124031,True,5
-0.36454170249465667,-0.93001311709421686,-0.046743439914026214,0.92960271252087145,-0.36053567506306244,-0.076503750762040384,0.054296814051431136,-0.07134163608665621,0.99597300512832376,-10.69989893056438,14.910312954629257,-2.1051143204440765,0.325595015383691,0.2522797142142844,0.6862745098039216,True,5
0.28405295226360155,0.958787522392197,0.0063566670011465307,-0.95717785498832264,0.28395010778586416,-0.056417109181074718,-0.055896996612387138,0.0099409855360297148,0.99838705048507459,-11.458675225705418,0.69201718874652962,-2.2555627310398934,0.115174313444655,0.1491464037637606,0.8627450980392157,True,5
0.96260845155744568,0.27054691552915699,-0.013759923249671395,-0.27089107354772468,0.96167075884383901,-0.042513266833739738,0.0017306826222081746,0.044651070338512483,0.99900114447146038,-7.001428451760451,-16.471772681050293,-2.9692211677851787,,0.2463981890828924,0.4285714285714285,True,5
0.8574267968669238,0.51318203425409004,0.038255558202198954,-0.51446284146548971,0.85656959427614965,0.040205906442308953,-0.012135599110971437,-0.054154684750511897,0.99845881104519862,-11.586386994767768,-12.645564861838663,-2.7954693715036405,,0.1247629890684563,0.2631578947368421,False,4
-0.98224197038990302,0.17747112651615632,0.060866335996565754,-0.18761817125280381,-0.92974697103851833,-0.31681223407635867,0.00036526745538820876,-0.32260590369332431,0.94653330500405497,5.8222377990607601,-1.3112435908664883,-2.3167901358578886,,0.4095662641952915,0.191304347826087,False,5
0.98495232363149998,0.17234387958568007,-0.012903772404433573,-0.17246222975974951,0.98497776337735765,-0.008693961032407483,0.011211577908757629,0.01078855048161239,0.99987894652267872,10.45162490147478,-27.10729827180004,-3.2285793121054507,,0.341586396224181,0.864406779661017,True,2
0.98328877148348226,-0.17988723863863632,-0.027995950590575851,0.17896514535349869,0.98331637251129267,-0.032563603913471358,0.033386653367847088,0.027009126720400206,0.99907749371642673,-6.170947995659561,-2.0998758354763276,-2.3256476440333325,0.1605270052031052,0.1413942932145547,0.7787610619469026,True,5
0.94286691381323429,-0.33150086836171205,-0.03330401044527511,0.33038765658046026,0.9432017528807829,-0.034848956109063446,0.042964860241597083,0.021854693730419875,0.99883752089434996,-11.542940561096465,-6.4430434736590083,-2.546973582111232,0.2296806426088339,0.1472538168578996,0.734375,True,5
0.038133643974775353,-0.98603777335391807,-0.16209668323705143,0.99715479069196877,0.048104391924549489,-0.058036978536322781,0.065024215468249505,-0.15942232276822857,0.98506668525837504,-7.6874682838602322,-21.847262462369738,-3.2247608348585741,,0.1424638451951527,0.2105263157894737,False,1
-0.10973879099408075,0.94586299700391718,0.30545145056117295,-0.98925017435372753,-0.07405151996458767,-0.12609704569121891,-0.096651385361393241,-0.31600563806631921,0.9438214589730527,9.008611625742974,2.4040315713393667,-2.1477662155750563,,0.3453253383983966,0.1285714285714286,False,7
0.99128680897310273,0.13012142630414031,-0.020466479240466059,-0.13089657329136356,0.99047612696169385,-0.042698114941312246,0.014715619473977063,0.045005070109255987,0.99887836807489172,-14.484336943511755,14.899475819576912,-2.1182845634741727,,0.236315514090877,0.7954545454545454,True,5
0.64234193816989893,-0.76132554666693963,-0.088205705373429616,0.76263765548274653,0.64634333854630421,-0.024981896577278041,0.076030526158367306,-0.051222072479585511,0.99578896277423135,11.854835279104581,-21.345456286271766,-2.8964404622583695,,0.1719819279906962,0.8461538461538461,False,2
-0.13049258241178383,0.98647649418448435,0.099175664136888483,-0.98921216842785054,-0.12282906037688657,-0.079826735879659771,-0.066565544914569841,-0.10852257068656393,0.9918628331991306,-18.567591244134746,14.575804011041834,-2.1423546044010271,,0.2229138686207608,0.4137931034482759,False,1
-0.26970249346332031,0.96177740609692874,0.047379174128820652,-0.96100010447904527,-0.26570760312831182,-0.076669869121253134,-0.061150341053262072,-0.066209446163435992,0.99593019084060264,-7.3237366693528907,-4.3377395039471009,-2.429158400579075,0.2501083168714947,0.2093694931041759,0.9129129129129129,True,5
0.88956198264034347,0.45681369481778794,-0.00085280003601344821,-0.45667264350850306,0.88923769261417807,-0.026578613680320551,-0.011383132782155959,0.024032774728128113,0.99964636248371896,7.4436318288980772,9.0073047272545868,-2.1336127913270579,0.3078681514469238,0.2781862167861272,0.946236559139785,True,5
0.61642824147987463,0.78722599790757863,0.01707194553782513,-0.78648467475150352,0.61660967135004663,-0.035133596152535675,-0.038184807018645996,0.0082305173594798674,0.9992367983100624,4.2344520648307373,22.600021861128347,-1.8620590622501163,0.2928956036521641,0.2642653758412294,0.9672131147540983,True,4
-0.98741685392394907,-0.15261045320602079,-0.041448837850828896,0.15715534451146229,-0.97615826559950403,-0.14972387315739683,-0.017611197529269106,-0.15435378218243193,0.98785867189976351,-11.500252805856208,-14.955745892560627,-2.9014459757350926,,0.1461588766894368,0.3,False,2
-0.99643788211898188,0.083450936397916828,-0.012144475803861224,-0.080123298610849464,-0.98177972495025978,-0.17230446510845443,-0.026302169073222647,-0.17071764083100718,0.98496887413315792,-12.418858639464137,7.9140467323330164,-2.1188313977983499,0.1533042248363928,0.1343257176417357,0.3055555555555556,True,9
0.87258951952200337,-0.47889707216917743,-0.096151571428388052,0.48843653388112968,0.85380995426213258,0.18010639736856388,-0.0041572575752395098,-0.20412289501837991,0.97893644376883249,4.2590639630119389,-3.0076249102951813,-2.3164911523814347,,0.546509971801535,0.3633879781420765,False,3
0.231868454021008,-0.93494574591279622,-0.26853951707239204,0.96695709250370565,0.25160724873647222,-0.04108252231842062,0.10597641854058033,-0.25014044971341365,0.96239220390155067,-6.1122449317248124,5.4645422787331723,-2.1571332886912211,,0.526747144387697,0.3568075117370892,False,4
0.95619333720614008,-0.29109494320273072,-0.030952155407740038,0.28967645843037471,0.95614267861754787,-0.043344290942367025,0.042211980690574136,0.032479411445715076,0.99858061092648875,-8.4852222531476809,-11.030647462317379,-2.7389989868517608,,0.2451832058568293,0.9931972789115646,True,5
0.99589041392609379,0.088854619849713157,-0.017525409595131183,-0.089069310866881149,0.99595464746053441,-0.011874260543799791,0.016399430228304566,0.013386438403329199,0.9997759058684409,5.6262590974222251,1.0649490853871417,-2.2367744795830684,,0.3547299010157378,0.5151515151515151,False,1
-0.42548865305969746,-0.90409331890865319,-0.039682197799302113,0.90377682587477581,-0.42227677500971872,-0.069783768163580784,0.046334168052976653,-0.065556052292140413,0.99677256627513111,11.292862095076561,-4.7017592611991486,-2.3407669790869416,0.1454291672999634,0.2227498978850773,0.7407407407407407,True,5
0.80429410268251189,0.59419776015395864,-0.0063259954276866197,-0.59388294038570077,0.80341232749110814,-0.042798191014972328,-0.020348206529482028,0.038179233404282961,0.99906370999436001,12.884118913034285,3.4837325817457314,-2.1009209489855869,,0.1993871543411293,0.8048780487804879,False,1
0.99410375634541481,-0.10508208720888826,-0.026748393741733437,0.10393280474885004,0.99372893120879258,-0.0412405549874258,0.030914296320256305,0.038217355042664609,0.99879113935625696,-20.01394637781446,-1.8440283374685114,-2.4339814034970702,0.1975771502365018,0.1645202841679491,0.9705882352941176,True,3
0.17452619650171144,-0.98268894662363149,-0.062153366106627958,0.98281797764736312,0.17770503229069337,-0.049897337721681354,0.060078528175996238,-0.052377053012765823,0.99681854656196334,-10.287617131340827,1.5748933651405328,-2.2005914991400903,,0.1780367704169568,0.4444444444444444,False,5
0.52338675544516189,0.85206540104833017,-0.0071313786137125364,-0.85114182708703268,0.52238702345519084,-0.051666119542414922,-0.040297573221369495,0.033111177296671124,0.99863895153879056,-4.4263532946477229,-19.405810796418766,-3.0515173023048527,,0.2368170901588829,0.8208955223880597,True,3
0.97026558250134043,0.24173491692173127,-0.012203661507040223,-0.24202460850364452,0.96957637703677468,-0.0366843014230867,0.0029645053537375923,0.038547101487478364,0.99925238687476847,-6.6195241869306383,-10.373769098048431,-2.6780611573782367,,0.1915156302828117,0.8831168831168831,True,5
0.68130002093469533,-0.73098175737063531,-0.038677536965567978,0.72934872613870072,0.68237678338523566,-0.049115793556399376,0.062295402352337916,0.0052531788621795316,0.99804393037461236,-7.2693052418636475,-0.30307243437804443,-2.2594138609127588,0.2622822241261035,0.2141385506628804,0.9694189602446484,True,5
0.84525364906096268,-0.53318344788246708,-0.03552013025443837,0.53187463824406089,0.84586359307630199,-0.040300758067289638,0.051532882142152119,0.015172106386838243,0.99855604211576976,-21.686174874407694,-3.3209317659774968,-2.5243018474071519,0.3832181719276324,0.3037524237008183,0.9333333333333333,True,5
0.88068037857126424,0.47369257078385257,0.0041736295668829242,-0.47356906725619269,0.88059804454999091,-0.016715934698178711,-0.011593504115508397,0.012744893837102922,0.99985156815569731,10.666177999215014,15.818152678040862,-1.9931825635996325,0.2960367542689465,0.2807863400254056,1.0,True,5
0.4058040174556764,0.89663874836951496,0.17709334922346254,-0.91263696185781296,0.40795943571597221,0.025746352387221262,-0.049161725638696835,-0.17206990943408945,0.98385724116843842,5.700659392295699,-1.6168360313460115,-2.3284998960870835,,0.4363009419099966,0.2604373757455268,False,2
0.1654600294460693,0.98621119279030878,0.0032344815385199326,-0.98500206250426647,0.16541810207164501,-0.049069220182886994,-0.048927655963142989,0.0049330236297820251,0.99879014300293401,8.9872528485824894,23.958944592011587,-1.7695416486182343,0.2431411285554867,0.3072169147039194,0.9791666666666666,True,2
-0.1786184944492071,0.9839101401089263,-0.0040335631310438992,-0.98165935753038958,-0.17848453158815591,-0.066993863575551788,-0.066635870323135032,-0.0080067580574218113,0.99774523432171258,-14.154777256292988,1.9079017520421535,-2.2651173095525312,0.2909558784593554,0.2479433486199417,0.9178082191780822,True,5
0.95598403351408412,0.29334732183513962,-0.0064712006841616083,-0.29340502796574036,0.95591983260275637,-0.011435173857111767,0.0028314714490396669,0.012830526445564849,0.99991367645440488,3.3172412544075001,11.30219788408257,-2.1473393958576996,0.2984395483068895,0.2775233645783631,0.9661016949152542,True,5
0.63879848107578474,-0.75783765452105323,-0.13273503669077216,0.76585701166920461,0.64282097846203079,0.015627774193230248,0.073481550421773428,-0.11163905696102779,0.99102834606708723,8.5818987229555432,-11.328058503603136,-2.5243483139386109,,0.2207370826432117,0.3653846153846154,False,5
0.8651856125258417,0.50145069355845562,0.0010284979479829835,-0.5012875035636688,0.86495290272875669,-0.023818371732831554,-0.012833341310419938,0.020091739368273295,0.99971577328757255,7.3031267938093434,-9.7030238983632344,-2.4950565173918422,0.1571974420651575,0.1316128982407482,0.65625,True,5
0.15566877417408972,-0.98738225456846762,-0.029043348815628273,0.98555306385569841,0.15723214839538807,-0.062954029542331091,0.066726239754554675,-0.018823784801698096,0.99759374198816908,-5.9233055455618802,-7.6649961679464793,-2.5699817990569125,0.2484291786255753,0.1893058948115507,0.9736842105263158,True,5
0.43482602106228546,0.89924755796587064,0.047751030350762738,-0.89903076271467197,0.43654153860967626,-0.034280792887151142,-0.051672227548423766,-0.028023464466677486,0.99827083816941664,-15.701796815702567,17.129296286232144,-2.0536699237365301,0.2936017321132696,0.3220150282433027,0.627906976744186,True,4
0.58362250794288895,0.81197750089190601,0.0087923982955148521,-0.81113731214075413,0.58345643482945819,-0.040433272303516281,-0.037960888760992774,0.016465925465421048,0.99914355536281307,-10.467545139089399,6.4208446331340516,-2.0996439651439571,0.1489664740963312,0.1039665309227386,0.5151515151515151,True,5
-0.26337370991023673,0.91116174700511499,0.31688887598447685,-0.962309302629064,-0.22506176702817146,-0.15266960108587832,-0.067787130059345405,-0.34515427248803365,0.93609477788393525,-23.827155917047026,2.8720934662811071,-2.2928151584975902,,0.4060428985959615,0.25,False,1
0.99952003772123243,0.025001514511639969,-0.018292579530254913,-0.024962201330290184,0.9996855760476363,0.002374351922513708,0.018346190299146546,-0.0019165892700698346,0.99982985751930731,-6.3779394392097917,-14.381132678560466,-2.8504240654473469,,0.1167357397224683,0.5,True,4
0.94273712852395763,-0.32247963913274014,-0.085168003658777386,0.3282966623043328,0.9422494965230227,0.066235849975264938,0.058889795569680173,-0.090403366347324779,0.99416257389364338,2.7534219846906653,4.7107291324222986,-2.122629248445568,,0.3191345953441508,0.2697368421052632,False,4
0.87867775599359899,0.47714841835848659,0.015962079440055,-0.476781882101946,0.8787430512122778,-0.022128869050732185,-0.024585321258465603,0.01183371472248333,0.99962769328109757,13.688207581465269,-2.8369415155438933,-2.2147585443150657,,0.2705467715519236,0.9732142857142857,False,3
0.64959941786099551,0.76025019938382776,-0.0063427637121066492,-0.75946378307439988,0.64849661077355103,-0.051642114727611668,-0.035147667248030617,0.038363786988110785,0.9986455133504355,11.472776801487534,10.519765605460382,-2.1035019763540594,0.2395974314912676,0.2398704974421269,1.0,True,5
0.96477924869233467,-0.25672920366111518,-0.057368260215760927,0.26122248293033201,0.96071492540981895,0.093753114649689329,0.031045381369311859,-0.10543693888924814,0.99394126396548133,-15.599085656449104,15.50433612681517,-2.0766169459484072,,0.1789027911675261,0.2368421052631579,False,2
0.92837179806339598,0.37068103051504375,0.026858484261826632,-0.37152880060729998,0.92376875898159216,0.092831192219589853,0.0095997333212234671,-0.096160561281195933,0.99531954244566478,-9.4879813783210167,15.747967174463215,-2.0726618634559926,,0.2831541613634823,0.4166666666666667,False,3
-0.32690224016886982,0.901573153097464,0.28337391373673171,-0.94317379115175748,-0.29231288425074381,-0.15803916408736504,-0.059650021433327649,-0.31893420530715949,0.94589790549937025,-9.0698403766608884,9.2224460573453992,-2.1200093221731331,,0.4042150580635172,0.3636363636363636,False,4
-0.98173466738551818,-0.18941488412652011,-0.017861817510661664,0.18461076314800245,-0.92570262935626524,-0.33014164858861667,0.045999010678049845,-0.32740898532910573,0.94376238923915978,-11.390853195931415,3.0414725088892967,-2.1595425338045313,,0.2513060645418171,0.4516129032258064,False,3
-0.68938609234393844,-0.72141018791810252,-0.065682238472226595,0.72306653172830371,-0.67980123199253195,-0.12265836977490345,0.043836130955594271,-0.13205160260066279,0.99027307742533333,8.3144116953263065,19.332646371340537,-1.9619399755635871,,0.2846649997628148,0.5333333333333333,False,4
0.60636983121470667,-0.79016071417977518,-0.08922821055897151,0.79267298555831256,0.60954672337036786,-0.011060289079401448,0.063128169296436956,-0.064022166437543174,0.99594979614733814,-16.7616145255937,-6.5901473831039432,-2.6184689753469201,,0.09690303270832866,0.2631578947368421,False,2
0.84976000229980575,0.52695982024137999,0.014875696373810861,-0.52679575339297868,0.84988173747813767,-0.013684535368969818,-0.019853782978490754,0.0037921171281206506,0.99979570270587248,-19.727942977196538,0.026104464986696253,-2.3322131859986057,0.1990678714454159,0.214326590306495,0.8837209302325582,True,3
0.87316326458940341,0.48695269374060751,0.021517142708544153,-0.48725033098823933,0.87318567972384331,0.011570811426126114,-0.013154023088958357,-0.020587442385444021,0.99970151990111511,-17.932214732635607,3.94073723308678,-2.2517902601505715,0.1735049969359806,0.1601978512665869,0.32,True,3
0.68841500560346058,0.71094595355443302,0.14366847665569046,-0.72463967125712558,0.68270328734421237,0.093880606569045372,-0.031338903943076597,-0.16873669599107713,0.98516282944783451,-18.069095267374152,-11.226178034747875,-2.8410292248086604,,0.2817427753628299,0.4333333333333333,False,1
0.86125273960912774,-0.49002017173266377,-0.13462521981732123,0.50227858040301565,0.86108735024865035,0.079024065385734255,0.077200687717808442,-0.13567905710480258,0.98774047567113943,-14.565249621134257,-10.952845729466178,-2.7678706799890604,,0.2023939449658691,0.1875,False,3
0.28032716529810048,0.95953287780517971,0.026708365858677807,-0.9583206906010836,0.28135397559970976,-0.049612441787313985,-0.055119273959233904,-0.011687464444759781,0.99841137253792311,-19.767111857597609,6.0719476062696796,-2.1500194368967378,0.1914776820297457,0.1450657245291655,1.0,True,3
-0.77843426950056271,0.60520927481827069,0.16661879168049432,-0.62478050159772491,-0.72130567258626554,-0.29894389359572143,-0.060740537455807056,-0.33680834367458556,0.93961200861885641,10.400205864743389,3.4545495778756297,-2.1254514249683774,,0.3826869009516277,0.3333333333333333,False,3
0.24018340330534843,0.97039668048395478,0.025341966821480287,-0.9684918423418879,0.24131934381108333,-0.061551000152746407,-0.065844393032934406,-0.0097599594419677943,0.99778217016431758,-10.665548594577414,23.26654215590656,-1.8850702759512707,,0.2333900366675742,0.696969696969697,False,2
0.79115247016391765,-0.6101754388698406,-0.041996461202427532,0.60897806619060457,0.79225117278923518,-0.038520048193523823,0.056775732952391689,0.0049003075492364571,0.99837493114242426,-20.789519013535084,14.860376629889593,-2.1219604870065081,,0.13207080418736,0.8333333333333334,False,1
0.061119568463661844,-0.92355372590472729,-0.37856692105665074,0.99574670596787307,0.082614610512968895,-0.040783865485280291,0.068941249661916809,-0.37446407237181933,0.9246749496973341,-10.387573677616784,15.832905746287304,-2.0615630047805209,,0.3109358233329877,0.1666666666666667,False,2
0.2878402658624965,0.95601405364072833,0.056436784012122473,-0.95612290891335172,0.29023075350393435,-0.039938612539869391,-0.054561565220204021,-0.042464561247729821,0.99760703517906313,-20.19917195712166,4.687500260040264,-2.1924498166922324,0.2265940141228621,0.2245480800186677,0.5625,True,2
-0.6159032053065242,0.78354383983144404,0.081989589310754771,-0.78519977222247161,-0.60203619201941028,-0.14496117135477093,-0.064222732695898982,-0.1536602569338103,0.98603446493725933,-22.096365563639985,12.555917924734347,-2.1632074276846147,,0.3889356552370824,0.5,False,1
0.083788032333199772,0.99137117156829335,0.10081054419574156,-0.99398225289635478,0.090312495303020907,-0.061991403591383415,-0.070560942204725544,-0.095009754106895453,0.99297245684849189,-19.044599123823303,-8.5153982696800767,-2.7295286645130905,,0.169939530869957,0.1176470588235294,False,2
0.91670196152780248,-0.39793477330892968,-0.036130733768507096,0.39693587816300541,0.9172933259306939,-0.031856911808423302,0.045819453925637785,0.014861709005923728,0.99883917987200521,10.094743881856539,0.27924306645593422,-2.1882414388081179,,0.1452769439914131,0.6545454545454545,False,2
0.55315975761417346,-0.83220736909721593,-0.038015488639767177,0.83049015382974234,0.55446092879919129,-0.053471327148202519,0.065577335628102529,-0.0019933026437451932,0.99784549896088182,-16.550797747794249,2.5647867979787939,-2.2754037095412025,0.3369663801301114,0.2572088121900884,0.8636363636363636,True,2
0.99959033086397153,-0.016476369817360684,-0.02340298444425876,0.016642350965393682,0.99983759204662803,0.0069153224614543554,0.02328524420317114,-0.0073019701480352122,0.99970219497326152,-10.736895266228563,18.759354201162701,-2.0442047788117006,,0.1682492947653558,0.4137931034482759,False,1
-0.51778962723593436,0.85529686073055622,0.019004787589691235,-0.8529271802766456,-0.51437601242332887,-0.089064824643668009,-0.066401258061908913,-0.0623265422427106,0.99584450345416142,-9.5950479734955927,-11.616395801455171,-2.7823212141460592,,0.06996680073570719,0.2631578947368421,False,1
-0.42379324457173617,0.90571452079697135,0.008971770888416393,-0.90323654076570159,-0.42185358555417818,-0.078761054974484213,-0.067550257445629813,-0.041482034335325171,0.99685315044214684,22.088643760420986,14.563190152460129,-2.2030186664639886,,0.2738438249946407,0.5833333333333334,False,1
0.88881248135579005,0.45819099696314186,-0.0085664046184068688,-0.45816765124624137,0.88805953492009404,-0.037850571845213364,-0.0097353139480235874,0.037566910166120099,0.99924669172477376,-19.802471749532373,12.89459118159445,-2.1601348325666376,,0.2436140599621667,0.967741935483871,False,1
0.98125425421104617,0.18912889385481177,0.037018240125367419,-0.19248736639417749,0.9524436167978555,0.23621975065530335,0.0094181936356005358,-0.23891717880946828,0.97099427356620793,-8.4723621049264572,15.548735739135399,-2.1268568416082987,,0.7264794434244205,0.3467741935483871,False,1
