axis_00,axis_01,axis_02,axis_10,axis_11,axis_12,axis_20,axis_21,axis_22,location_x,location_y,location_z,dbh,dbh_approximation,score,reconstructed,number_clusters
0.9988941134112983,0.0037336135596194591,0.046868009580562794,0.00061646328501471922,0.99571623841224544,-0.092459680592063428,-0.047012446918603679,0.092386323078449142,0.99461278754235305,7.8212904623018975,10.40597503663558,-1.2387235238347278,0.2118122843267499,0.191102976424309,0.625,True,5
0.82827023252184107,0.55725413863813733,0.058619509456175611,-0.54924525429826399,0.82813649593851568,-0.11189099483654544,-0.11089667510367535,0.060479492932268938,0.99198999913588093,5.2293245759450633,3.7906300969434268,-1.7908176041543729,0.3092715994952974,0.2549766655669892,0.9232673267326733,True,5
0.96660856439760989,0.25025710113864724,0.055129543466923718,-0.244645054752546,0.96522638455356302,-0.092123958592650615,-0.0762671647454808,0.075560637181918466,0.99422025210229314,-17.562875536365642,1.4460087251378373,-0.79385873050837608,0.236978769146462,0.2171969160598499,0.6153846153846154,True,5
0.81285185223320522,0.58018615679289531,0.051535325621739514,-0.57149620504896625,0.81150312674328329,-0.12188011692030221,-0.11253423450523364,0.06961823577028034,0.99120600649539858,-13.690032520655084,9.696794928987007,-0.21889778709106761,0.2511986631067065,0.2173654279685728,0.9393939393939394,True,5
0.75249615172041706,0.65433151980865323,0.074831837013812671,-0.64907810836666446,0.75606556827656535,-0.084038477531353017,-0.11156680010252312,0.014666923724257805,0.99364869569851044,-4.8848813638915534,-25.084594108807551,-3.9347423653933462,0.1504870465883496,0.09501329390385062,0.25,True,3
0.99260757413976541,0.11069786420285309,0.049761296418965831,-0.10590426464330951,0.99025904701339651,-0.090395279403736109,-0.059283138334009999,0.084457105497680485,0.9946620063319116,-13.706903976724059,2.0120075659434096,-0.87826956297554926,0.2145949113266568,0.1931013542331087,0.855072463768116,True,5
0.68808182862341216,0.7191593824387017,0.096711838823629437,-0.71667264127076924,0.69440259015248662,-0.064694420497430905,-0.11368255086970011,-0.024795673814279218,0.99320765813995582,-10.607390972642976,3.9574969045990613,-0.85883218504425229,,0.2717916304174476,0.42,False,5
0.70893278091736966,0.69418434485867186,0.12458895414081239,-0.6902707872730186,0.71918330814744214,-0.079382677704825003,-0.14470850831327045,-0.029723132998351734,0.98902779687251985,12.8052148552096,4.9514781298216954,-2.134939020064043,,0.2725177747012179,0.9859154929577465,False,6
-0.50013288148139601,0.86118301496687921,0.09072439359771059,-0.86120657754161445,-0.4837073021623402,-0.15604639256929437,-0.090500451160067219,-0.1561763764702809,0.98357440378063832,-15.588958738715023,2.4442614507836251,-0.81591518477912939,,0.1429110825562988,0.3636363636363636,False,1
-0.23665285160427044,0.9444343088931334,0.22812116081835929,-0.96093797031720662,-0.19283577859098155,-0.19852601768497943,-0.14350486065013279,-0.26619203346598957,0.95317792478058727,-1.6241956011096619,-26.639544082458688,-4.3578720436368101,,0.2779798952378709,0.4482758620689655,False,2
0.92160982440799599,-0.38789004618443512,0.013290734580895323,0.38760412153705259,0.91808950491692376,-0.08291384642439184,0.019959371787530086,0.081565758945985334,0.9964680880215947,7.8911659469617339,12.355228840896274,-1.0524033435388003,0.1612090693051438,0.1523839812845774,0.1428571428571428,True,5
0.66942917281390457,-0.7248724088929962,-0.16255636995010558,0.73715725660710973,0.67527630745867373,0.024517088254072394,0.091998704432021808,-0.13624206182615947,0.98639461625263614,-4.9758944315264841,-11.875016655532265,-2.7130998014531027,0.6617928727348877,0.3851424961544543,0.2790697674418605,True,3
0.61583730541452475,0.78515069515030567,0.065443098679451972,-0.77756076199700386,0.61907152381420849,-0.11022572206609554,-0.12705776112625128,0.016995125987914819,0.99174971188815508,17.86821967300861,-9.2242031245773912,-3.7815768208875524,0.2831853080889991,0.2693201351587927,0.9906542056074766,True,5
-0.29935986297492384,-0.94950854856239286,-0.093899886296912496,0.94670370561784556,-0.28332167922509521,-0.15323485194469355,0.11889392839449237,-0.13476773459552766,0.98371840051048909,5.1344898083697261,-3.1897694717886154,-2.3879553851750717,,0.5717307778063697,0.6750788643533123,False,5
0.99803703189249204,-0.042804980611971452,0.045714511985073446,0.047306976824041738,0.99361488636430373,-0.10242806031074211,-0.041038188495525207,0.10438961265403847,0.99368942625698953,6.9573072330359444,-10.573645999303547,-3.2426773556048416,0.3268810289193472,0.2506451716630882,0.9752475247524752,True,5
0.80072837416456488,-0.59884898829192978,0.014627372611093106,0.59662342499711873,0.79509133673568488,-0.10895069982596813,0.053614919122193835,0.095966949881678421,0.99393952782748662,-6.7682025670407189,-16.881124008860873,-3.0500383886639661,,0.1739012102055085,0.9649122807017544,True,5
-0.11674534788792798,-0.99315833696248446,0.0026535765372117867,0.98301451030383891,-0.11593308196511996,-0.14227435832985622,0.14160860241747386,-0.014001365218469813,0.9898237042490895,15.816012128416823,-16.76027404123991,-4.3321210195136608,0.2287786808213841,0.2000922226629873,0.9803921568627451,True,3
0.98864944751718131,0.1410600930314253,0.051713828691533688,-0.13575427513947058,0.98620083571248773,-0.09475594135117564,-0.064366502975760048,0.086660035737104346,0.99415642204872112,-11.283376717820699,11.764849706802178,-0.24257629308584341,0.272751484509269,0.2486720585370957,0.6986301369863014,True,5
-0.020041562539623317,-0.99121149261038821,-0.13075975178951363,0.9879679418407642,0.00042639615751403556,-0.15465821698584267,0.15335475755871902,-0.13228603517908341,0.9792766326379404,-7.6694514678771046,-16.308261060932583,-2.9408746793258853,,0.1969930063375944,0.1666666666666667,False,4
0.4187955135992833,0.90553894406932733,0.067893582634299066,-0.89840401396143443,0.42405885930528631,-0.11421169617286377,-0.13221401395879193,-0.013164521203116834,0.99113376992936586,-7.6367071672949862,-13.069396524133071,-2.6919873648887016,0.3653430160694794,0.2589908614815293,0.8598130841121495,True,5
-0.87635068816710837,0.47573106499467432,0.075428278172515628,-0.46062925928191706,-0.78194177058094083,-0.41998541988280641,-0.14081958969699426,-0.40279898363796524,0.9043908568411082,-9.3898356471940705,4.417146886923593,-0.96439984388939204,,0.5105574296022155,0.4108527131782946,False,2
0.96255337618209791,0.26552774818615255,0.054644422804501443,-0.25939609470090369,0.96068880783224697,-0.098947867888990848,-0.078769689947122343,0.08106805442989562,0.99359111635349628,16.045167325180376,-3.3436334388678093,-3.1187608040197565,0.2763756660168194,0.2652461135125739,1.0,True,5
0.72534023993175456,-0.68821031325316839,0.015751224324502336,0.68544480018315224,0.71993279012479838,-0.10891374387560933,0.06361573891438789,0.089796115924348621,0.99392640337566118,12.123197970317998,15.784021322157873,-1.0969006154009919,,0.2306025164703619,0.825,True,4
-0.93394941218354433,-0.34414665397686289,-0.096444678642949686,0.353101842811336,-0.8467257925751307,-0.39796296409497156,0.055295425536393439,-0.40573207014549223,0.91231787397277408,-9.9584778250171038,11.326536527640206,-0.37330803185965994,,0.4473103783558665,0.2777777777777778,False,5
0.51358737377910169,0.85475345318537377,0.074996958354088955,-0.84694339873115432,0.51901667339937541,-0.11536278463684711,-0.13753141037743635,-0.0042693092094285498,0.99048820495676171,12.181374461098645,-19.053312325353382,-4.3369344883807557,0.2680879832558992,0.3131461369526815,1.0,True,4
-0.92449492578579662,-0.38109493505403957,-0.0087053243749336887,0.3737892916104314,-0.9018198680407975,-0.21680057906807221,0.074770968120570075,-0.20368499228720052,0.97617709778670614,-7.006297039166113,-24.262630426500063,-3.6659158943758752,,0.111874065762983,0.25,False,2
0.72836620067886371,0.57487053186964543,0.37283582083344413,-0.67417206780331995,0.69845209978028533,0.24011806951228332,-0.12237115960238659,-0.42624938228743625,0.89629055746289432,-15.528201822883647,-2.5712973227810085,-1.1959743718568314,,0.2836667868466296,0.2608695652173913,False,1
0.48763636710306663,0.87107830250826124,0.058594917679356796,-0.86228043408340116,0.49104466437718597,-0.12388539293895634,-0.13668659947290351,0.0098857718982516413,0.99056501302969058,22.718151814035,-4.1729476217550321,-3.6718244672954548,0.2141754216288542,0.2619087506710658,1.0,True,2
0.84410080848737457,-0.53572374315965465,0.022223773891265793,0.53527151985914145,0.83952165075942142,-0.093208357639545131,0.031276590905121283,0.090573003269104127,0.99539856637437907,-8.7728364752696404,-12.343405174581749,-2.5222794972329696,0.3590672091475473,0.2305178575365177,0.8942307692307693,True,5
0.99875773462889639,0.021337011593546468,0.045030206031203876,-0.016621584893144924,0.99458291674640542,-0.10260869666774586,-0.046975636606604684,0.10173275604479792,0.99370203577980776,-10.930663336913305,15.879759526952583,0.23013113845259625,0.208311592884486,0.2460220188780204,0.8823529411764706,True,5
0.90689336162331458,-0.42062196882881975,0.02493170636222098,0.42113054369264691,0.90285762715227158,-0.086586201337775656,0.013910277233051764,0.089023954256916019,0.99593234697732502,-12.020119134890747,-0.737109435525379,-1.1900801726134145,0.2757768815183151,0.2438497083250313,0.9144736842105263,True,5
0.97716808812844191,0.20703947176335566,0.047719856195887339,-0.20504020295399711,0.97778185428955866,-0.043602300336745357,-0.055687006707032728,0.032822287458719276,0.9979086404726577,-10.653730734361208,13.577908978532104,-0.074168358641779578,0.1315254839415158,0.2106328761832319,0.3478260869565217,True,5
0.27227672612108539,0.95825222905224205,0.087281440920697229,-0.95217025697778068,0.28139761321036583,-0.11910997022238327,-0.13869818362059066,-0.050675919290320746,0.98903729204941015,-17.872254615771865,14.385290773947249,0.42981025610591284,0.2907228726178999,0.2767407299547502,0.6739130434782609,True,2
0.9965429545005634,0.067572260700552889,0.048333522725989099,-0.062770935684007392,0.99351862103877497,-0.094765812836509727,-0.054423795059159424,0.091404262663328253,0.9943255559917642,-12.88787635804167,-3.6926286701329913,-1.4436191505677081,0.2476956474192313,0.2228818684357538,0.9008264462809917,True,5
0.97232231942958181,-0.23004808177851019,0.040831203865508287,0.23311426519948455,0.96694720863909123,-0.10329973410214854,-0.01571771292469748,0.10995897314497842,0.9938118422142691,10.834368265867116,-4.2095763392030658,-2.873097843395322,0.2930812690648218,0.2860028515601556,0.9925925925925926,True,5
0.9979909174102275,0.014690758378042564,0.061630433918393859,-0.009085250415542671,0.99587618308393022,-0.090266750196672213,-0.062702368309166909,0.089525468915049644,0.99400885480158629,25.302307153837603,-1.0263222863167469,-3.576005639753868,0.23551158538226,0.2026085128251493,1.0,True,2
0.94012136258587187,0.29782054794050178,0.1657550748366502,-0.32962813503087585,0.91814798079359172,0.21988537459484936,-0.086701304521620601,-0.26135647416712265,0.96134056255063927,-10.146833864858943,10.704622312974527,-0.41206441339716693,,0.1558323628457853,0.2727272727272727,False,1
0.98717389330168059,0.15156104174656523,0.05016926358139321,-0.14590452522013309,0.98404262102960549,-0.10184296498763716,-0.064804119497844495,0.093216793668745551,0.9935346272144866,5.3330201348869268,-0.013292619052729909,-2.1278469381028144,0.2367282614807036,0.2127524924917041,0.9657794676806084,True,5
0.97839914926687777,0.19425960334070408,0.070698735658865808,-0.19127488265410891,0.98041767790966017,-0.046851852768986235,-0.078415712580494429,0.032316920523809731,0.9963968048264461,-16.716585155918661,-18.939262318599191,-2.6271354833836917,0.2905262009892289,0.228809707295263,0.4482758620689655,True,4
-0.16007863572341649,-0.98541608655647306,-0.057705864005802784,0.97757514233567022,-0.15015878961796023,-0.14764545027824003,0.13682715911808158,-0.08004670047038559,0.98735548525922545,18.855755210923483,15.24301817745574,-1.5433785566249818,,0.2317518311849188,0.6,False,3
0.59676108319605214,0.7986486202995382,0.077695501004350589,-0.79149624212894487,0.60179375067342156,-0.10666761620179337,-0.1319466114700617,0.0021593851112538323,0.9912544722610378,-11.245148839018063,-1.6420551546480966,-1.3074329189767131,0.2449406983770636,0.2151631439657572,0.9157303370786517,True,5
0.96890484813755695,-0.24500196199789678,0.034603957471918363,0.24694508367789475,0.96627258374498315,-0.073043956287372092,-0.0155409427916973,0.079317920547471776,0.99672822101973702,-17.053027259431676,-6.7589702635326541,-1.4574124000162876,0.2460061237584162,0.2577942500608307,0.8888888888888888,True,6
0.97458240369553861,0.21819518960982129,0.050793677147469102,-0.21224686883133936,0.9718409534509892,-0.10235442280021446,-0.07169661831857467,0.088972020470522106,0.99345033821277351,-11.698281995078261,-17.120116009393154,-2.7662646548743393,0.2047108609934239,0.1361277131650613,0.3225806451612903,True,4
0.9303653013407347,0.36196220775699994,0.058341805053010398,-0.35547634525057231,0.9295164136212295,-0.09816213514397705,-0.08976064855191801,0.070587512807910591,0.99345882099216021,14.020578185573994,-11.786081681369014,-3.74816577736659,0.2990502097305098,0.2840810697106571,1.0,True,4
0.77810786835617107,-0.6275719842369063,0.026486785444180608,0.62636556500479867,0.77207216206706053,-0.1075674464571519,0.047056606108317162,0.10028948679719615,0.99384490473087395,11.089503811640627,-8.8812187447341255,-3.3182315635016764,0.2515662500623571,0.2478834078983714,0.9911504424778761,True,5
0.25285101552200162,0.96394661441405705,0.082905298438457675,-0.95759556419611447,0.26157366509088087,-0.12078887847334752,-0.13811987323125496,-0.048848155447272557,0.98921016893680447,-9.2736049082328567,14.779268049192387,-0.01451909745261421,0.4332726665916524,0.2194960426715566,0.8333333333333334,True,4
0.83916333167191182,-0.54302043370561037,0.030556690846128727,0.54287453421435183,0.83287592720854031,-0.10772618056008107,0.033047585068289968,0.10698830989731173,0.9937109029624609,-12.329536168565181,-8.2407235689263292,-1.8718303738518076,0.1759590672564543,0.1524825957515167,0.8627450980392157,True,5
0.062670133210315185,-0.99772595333878855,0.024806782088936791,0.9902214806853854,0.05905634503972601,-0.12638737001691638,0.12463496135774048,0.032484921806208211,0.99167073984392617,4.4510447968022415,16.721584524052719,-0.49535719870021766,,0.08193934612261565,0.1481481481481481,False,5
-0.58816480915186575,-0.77033853601922553,-0.24625331916363302,0.80129412310737791,-0.51385152179011839,-0.30640551859840548,0.10949833582720668,-0.37753828081101404,0.91949712396142724,-14.005082183949563,13.114052664313123,0.1358454620842165,,0.4761225337688071,0.2857142857142857,False,4
0.89774228692813196,0.43649276439083495,0.059437806953947667,-0.42958922595927546,0.8973305801817103,-0.10124686074375787,-0.09752888393065115,0.065359746826332069,0.99308419597435904,8.1408060682685885,2.3161589032113832,-2.1062514575471081,0.2326671602610098,0.2161885237249405,0.9333333333333333,True,5
0.34412326665996468,0.9374122271455374,0.053268130634730446,-0.92870270669456301,0.34817730066806368,-0.12760818891314724,-0.13816823050711599,-0.0055573102796796225,0.99039318272138166,-11.740924276847801,-2.7586645291002392,-1.4044110046693647,0.1589037232124801,0.1191830725922386,0.7941176470588235,True,5
0.99064061009708282,-0.13409090470612056,0.025510995699387869,0.13597916335742036,0.98574948730471834,-0.099033405531170529,-0.011867971987501662,0.10157547712700805,0.99475704254221042,10.329036911305979,21.81929209014816,-0.33020398488547242,0.3555093581702246,0.3190880747125207,0.1785714285714286,True,5
-0.36597811085258442,-0.86293483252131664,-0.34843004634816105,0.92153895086975746,-0.28385960452293751,-0.26493336322545169,0.12971501226396653,-0.41805167113825753,0.89911446204132994,-4.5520507697819657,-12.662647221334957,-2.7788873418949387,,0.2609242272830589,0.1754385964912281,False,5
-0.42462942599110176,0.82367984328578969,0.37582092324292543,-0.899612991887488,-0.33713523326884864,-0.27755413763084569,-0.1019132739622797,-0.45595103931612718,0.88415062876007344,-7.3029435529723479,-10.314183171353765,-2.4190505744064388,,0.3317883123630065,0.3181818181818182,False,3
0.81167338749910989,0.57957446581981342,0.072661892319143565,-0.57226466789851305,0.81396112124371922,-0.099902167036922007,-0.11704470043844628,0.039506096660468192,0.99234056977729623,-9.6372822292471216,5.3919054239062048,-0.86990497815472279,,0.1796582572971632,0.7792207792207793,False,6
0.86781512909998693,0.49338872356284491,0.058859741472415836,-0.49139148250891912,0.86974360365973147,-0.045612222163262876,-0.073697439730696243,0.010659800842927107,0.99722367401858736,-9.1773855965176576,2.1883248404241833,-1.149228285582709,,0.3142630818608965,0.946524064171123,False,6
0.76673533053815068,0.59787856508025605,0.23379083455543562,-0.62623642655306544,0.77670516450106863,0.06750574416607262,-0.14122631115553533,-0.19816737585925243,0.96994062714294926,-10.462085730359634,-0.27155993435188736,-1.2180675748248353,,0.2009646780015992,0.2658227848101266,False,4
0.98719496161565934,0.15101649783460419,0.051382148090836501,-0.14547493290474817,0.9844548773236198,-0.098415641084617436,-0.065445791744134785,0.089680610476893102,0.9938180097218382,10.887681733727781,9.3742605261301026,-1.5947668092459157,0.2109525214576833,0.2160088117220582,0.9230769230769231,True,5
0.39933214203888645,0.91220788565082156,0.091709398052174637,-0.90655108164196307,0.40780470255197854,-0.10890574342191028,-0.13674420173601973,-0.039649690199923447,0.98981257082269303,-14.232777390789884,-10.210572101006891,-1.949941941398289,0.1735387141895809,0.1263576955453273,0.7727272727272727,True,4
0.99383473232389685,0.09650444081376916,0.054584042813918564,-0.10444530552677773,0.98008500452388381,0.16889216104022814,-0.037198158289194948,-0.17355194268760582,0.98412195393114332,-10.07161773770409,-0.4174416400072124,-1.2562795266301476,,0.7181380000385994,0.4541832669322709,False,3
0.9870136712665748,0.15252841023559094,0.050389451315553023,-0.14677313332211855,0.98379428672168578,-0.10298761453970173,-0.065281391434978103,0.094254365865851758,0.99340548339917101,5.8652251097790025,8.0814471774535779,-1.3800049092161988,0.183086678570401,0.1794610824154351,0.6880733944954128,True,5
0.93607937691012943,-0.35044494386502145,0.03072037504631266,0.35176630418505267,0.93145474388148608,-0.093018962263963931,0.0039833859382710501,0.097879525030098308,0.99519029899630229,16.141905593171611,0.18412772395428592,-2.8279009546436158,0.2644758764937589,0.2567307308431704,0.8679245283018868,True,5
0.90986142263546177,-0.41419578640005467,0.024372979469374004,0.41474033510142128,0.90622293001523391,-0.082161155995798499,0.011943451751280081,0.084863723952259523,0.99632098357769228,-13.847477057557285,-2.8987157680011264,-1.3091223744400424,0.1313458890898026,0.1237449932437209,0.1935483870967742,True,5
0.97396230021283592,-0.22435389488365426,0.032600116788997845,0.2263596633967413,0.97034199682012923,-0.08483933046670411,-0.012599228192079044,0.09000966091292005,0.99586119534366102,7.6775639885666216,-17.601173653017423,-3.9383557317401441,0.3237137207230232,0.2790751414935095,0.8736842105263158,True,5
0.85117096120264524,0.52189482109524632,0.055980269017975835,-0.51375913889169278,0.85021744189725168,-0.11481223235770263,-0.10751531058705247,0.068964463368126644,0.99180863112886619,-8.3105396027816081,-8.6929286883978705,-2.186734269507427,0.2810141331727191,0.1961173302907642,0.9776119402985075,True,5
0.97102086763001205,0.23314951148517835,0.052533607541084291,-0.22709173309942823,0.96859877793672089,-0.10122130278448367,-0.074483685360997254,0.086358049269959491,0.99347595237193864,6.4236617230851554,-6.420910385855211,-2.7757898884530161,0.2704449077731971,0.2311461147173722,0.9806451612903225,True,5
0.55866787414676611,0.81888816066676196,0.13157654318357623,-0.81856134715113371,0.56994370501103619,-0.071564614638892327,-0.13359463816506026,-0.067722621317394996,0.98871943402334628,-15.659159856558889,-15.954178333399925,-2.4046733589821878,,0.1091621451553158,0.2903225806451613,False,1
0.81363108128803507,0.57695399934027636,0.071613868819689522,-0.57006385249194524,0.81590325839203282,-0.096587147319432798,-0.11415632984685944,0.037761827160831832,0.9927448699264938,22.251295662240445,2.7767149838258796,-3.003611388655381,0.293627278754708,0.2674031003163696,0.9491525423728814,True,2
0.57473798456941239,0.81553084131250841,0.067717766953744929,-0.80740294476512819,0.57859584454836677,-0.11544407068343335,-0.13332941865053261,0.011674568063712941,0.99100301239846711,-11.449963872276399,9.8050047989341369,-0.42538450810842127,0.2430453642053449,0.2199152710155099,0.9523809523809523,True,5
0.28555374332765182,0.95444739766826903,0.086540307116604598,-0.95030326842800938,0.29368182887972583,-0.10331834977826447,-0.12402724574306201,-0.05273659517005394,0.9908764271306798,14.735894762788147,12.269475084289875,-1.587898798426618,0.2722455901846002,0.2306766670358956,0.972972972972973,True,4
0.72936456131336314,0.64433569846133976,0.22991051387116376,-0.67142947795555019,0.73863874152423203,0.05996053411900247,-0.13118609999730341,-0.19810178496882896,0.97136290332689845,-4.6912510424721248,-15.679370770636442,-3.0604958765191039,,0.4706057567153134,0.4642857142857143,False,6
0.89593825804904426,0.43948939081374233,0.06437167953540808,-0.43274618568734524,0.89633181234825787,-0.096540255570102235,-0.10012680229138082,0.058637509621850957,0.99324532011394318,-9.0956878498163114,-4.3892084118172781,-1.7037467757216445,0.4108108256368587,0.1917070737599904,0.8854961832061069,True,5
0.94828868982032155,-0.31474871375132851,0.041009851874175614,0.3173733256666037,0.94217511826101119,-0.10761142451045405,-0.0047679045898043754,0.11506212983311884,0.99334685450958593,-8.6405811389313723,-15.146341186924092,-2.7625132563999761,0.2588790406109404,0.2361070567687195,0.8333333333333334,True,4
-0.49260013914327194,-0.87002209675197728,-0.020165665853687009,0.85956965091043003,-0.48280054100157732,-0.16746239232229509,0.13595998731152822,-0.099825792117457887,0.98567220366528119,-13.927312667073576,-26.08949866966201,-3.5640812857248045,,0.2021728765478185,0.5652173913043478,False,1
0.98037046280347639,-0.1951628326768664,0.028021855827881172,0.19622296117347321,0.97965684407391773,-0.042059688152015759,-0.019243314964183356,0.046732607467084568,0.99872206255219775,25.494948618313863,-10.761285153475049,-4.4916492350440294,,0.1395770470820227,0.4782608695652174,False,1
0.92649882925071003,-0.37441007984370728,0.037643213312517049,0.3762135584528295,0.91953066320627863,-0.11369572489623397,0.0079547365338129145,0.11950084323907256,0.99280223137935553,-12.032678865175425,-15.708916320220425,-2.5730063806932635,0.2331169339729811,0.2707509862532244,0.9,True,4
0.98488830914102843,-0.17080512910128048,0.028646577282818626,0.1711704579004579,0.98518214349591349,-0.010808259755609673,-0.026375990208391521,0.01554837642624036,0.99953116766363737,6.8687085998678281,19.596830307543541,-0.33935017607010431,,0.3048193751402229,0.6458333333333334,False,4
-0.37459210784027458,0.92436821832433913,0.072278279556649783,-0.92130720305852609,-0.36231565344172934,-0.14113966438804765,-0.10427746801806312,-0.11946030396320678,0.98734768214685253,19.818564206374635,11.334019335869961,-1.9933370859717261,0.2383302348239862,0.2352950795573496,0.3333333333333333,True,4
0.34266919711079674,-0.9394395454649942,-0.0055822726524681204,0.9333141900786166,0.34110124640353057,-0.11213635583455182,0.10724944731483345,0.033215660741320208,0.9936771487420748,30.295074412483086,0.036429371953286133,-3.8736152204802585,,0.2668093580324902,0.7777777777777778,False,1
-0.55518011499689901,-0.82806498554647434,-0.077996279551957731,0.82532235006693766,-0.53685725375932303,-0.17500659292148207,0.10304396339435631,-0.16153225311966349,0.98147301175838142,6.3746185400233921,16.659488623360456,-0.55479804467144433,,0.3100626170980459,0.2916666666666667,False,2
0.93625160684837472,-0.3505662874801429,0.023156138629470868,0.35128940727341723,0.93310256687101634,-0.076911325799345204,0.0053554655566718096,0.08014285857836366,0.99676900092627319,-12.657905863702016,3.8883474831645541,-0.76798302956389242,0.2112766617257841,0.2277350927850905,0.392156862745098,True,4
0.98952423828684344,-0.14111599793312329,0.030464027478023504,0.14135905295121604,0.98994040850559628,-0.0059670559331602979,-0.029315524753589603,0.010210912550448658,0.9995180524999584,4.2280593113483924,4.0660634772952342,-1.6944639667639232,,0.1388309033589442,0.2318840579710145,False,4
0.48047889848969938,0.86068539432178592,0.1684062947376872,-0.86635062877529712,0.49565066626733845,-0.061375932167182803,-0.13629606056952734,-0.11640905905424678,0.98380501871221027,21.840727684385126,13.582160190690468,-1.9297666896600012,,0.1659866705477603,0.4285714285714285,False,1
-0.79086428282758559,0.58261373992126231,0.18733637180902257,-0.610006548509332,-0.72582301128756532,-0.31791974940412687,-0.049251364685057232,-0.36570778818670341,0.92942569188518165,-24.22000144181235,-2.4660500002666925,-0.69386427031777398,,0.4245063687462575,0.2954545454545455,False,2
0.58247658583277295,-0.81279206891147726,0.0094910310924169947,0.80877937346193329,0.57835520030122312,-0.10668264782548054,0.081221622854506847,0.069816294653418737,0.99424782271913847,-20.380930352173927,9.158503227364033,0.0923631784632305,0.1520890270968681,0.1422593667498207,0.4090909090909091,True,3
-0.22478226684039562,0.85680671354761473,0.46406377593368525,-0.96734011355841132,-0.13895705485599624,-0.21200009812862924,-0.11715817178026476,-0.4965613683377757,0.86005858536475444,-10.215635176292574,-9.4426592466236521,-2.1343660109657607,,0.4794990706504555,0.2,False,1
0.27119630959413815,0.95810409923889328,0.092136294065627289,-0.95234286450215777,0.28098149867508526,-0.11871169207001782,-0.13962675278879771,-0.055551169420008123,0.98864474786534129,-9.7935825827519576,18.853740863010422,0.4377848165084694,,0.2272729341296481,0.7543859649122807,True,2
0.87010961767038808,-0.49244625331352621,0.020147973470303636,0.49222959864304938,0.86620925999296372,-0.085974066567444454,0.024885245773196167,0.084724291085326003,0.99609362965681858,14.319511195493918,-24.328679647460412,-5.0425772328550273,,0.2257615040869793,0.95,False,2
0.67488550372891198,0.73378998824899666,0.077985960288434367,-0.72715556151948624,0.67930154982496627,-0.098965619063786675,-0.12559596413839247,0.010082536929534432,0.99203023958002978,17.651076716731772,-12.899283368715572,-4.0490742779917968,0.2628551815959176,0.2506650093131376,0.9019607843137255,True,2
0.68323990237551535,-0.73018763532097108,0.0030418787395533678,0.7273456710166909,0.68020125833658907,-0.091074271946592747,0.064432217524910046,0.064438074006682972,0.99583945692221554,-18.002461729127841,-19.76530016296795,-2.59640761672543,,0.1653116579686826,0.375,False,1
0.99895503354680604,-0.0064149291113649726,0.045251404795835289,0.011401284271445284,0.99377606378528094,-0.11081130702412677,-0.0442589162594621,0.11121143705541151,0.99281073956701749,-13.670194963238139,-12.534534515329337,-2.2163850421320843,,0.07785739852099491,0.6363636363636364,False,2
-0.0075514298919930828,-0.99962059030750749,-0.026488702117267254,0.99135193727484827,-0.004013158343130421,-0.13116871205252936,0.13101264201592425,-0.027250137492936956,0.991006113825048,-17.309559310393428,-21.51395071623713,-2.8269395683225182,,0.2645922313497035,0.6470588235294118,False,1
0.96803184464223624,-0.24767176419332723,0.03966163107985031,0.25058747460305164,0.96185276943391962,-0.10975047837874813,-0.010966555093294264,0.116180666006285,0.9931675525890491,-21.667472034308375,-0.10924227508726445,-0.68316727194013649,0.2624083744020312,0.2392011968282545,0.9743589743589743,True,2
0.96678958611039134,0.2497183259651358,0.054393509407558341,-0.24470297833822521,0.96587148558628078,-0.084927767683806082,-0.073745159711685659,0.06879702761400848,0.9949013118950929,-18.838785206321191,6.2061331505981423,-0.31281738827228256,0.2820551081553878,0.2365997132314693,0.7692307692307693,True,2
-0.87563216326300075,0.47936288978091784,0.058987579711715005,-0.48241636168045721,-0.86217397853534705,-0.15469481154687123,-0.023297395613002453,-0.16391232606921052,0.98619976714671387,19.07655721684382,8.0708405244012571,-2.2870882454519541,,0.2236640545697599,0.868421052631579,False,1
