axis_00,axis_01,axis_02,axis_10,axis_11,axis_12,axis_20,axis_21,axis_22,location_x,location_y,location_z,dbh,dbh_approximation,score,reconstructed,number_clusters
-0.025845387934019689,0.99893052313156938,0.038338308239005331,-0.96040330526390871,-0.014169401437774135,-0.27825297716476372,-0.27741216116223039,-0.044011794089586553,0.95974238982151683,-0.21728953692453104,-17.636939734522844,-6.8455894906058417,0.1986746323983468,0.1601710297226566,0.4838709677419355,True,3
0.65520605471947457,0.75483443672576112,0.030495884834571552,-0.72486026109421531,0.63953369523213255,-0.25607470501625057,-0.21279715163828405,0.14567644214366404,0.96617583620115277,22.036911359972599,-5.6587161279677956,-4.1389804689569578,,0.1839721183997106,0.8292682926829268,True,5
-0.16339020098866952,-0.96367426384140442,-0.21127128397065406,0.94853558978153074,-0.094565989635741601,-0.30222095976622265,0.27126348286985863,-0.24977827530419724,0.92953049226336559,15.938446606478593,-3.4860693266928893,-3.5148496255398003,,0.344375216985554,0.2790697674418605,False,5
-0.91915528513174227,0.38658268964617759,0.075547242704889744,-0.38326187494816982,-0.83347466457028352,-0.39803306235872693,-0.090905979042073648,-0.39480857081043691,0.9142550494194831,-1.8102110336168584,-5.4575099698658933,-3.6167241702888884,,0.1850478097075389,0.2692307692307692,False,2
0.91537968912799272,0.40233522135032279,0.014366432853198025,-0.38688944574830963,0.88898600900114089,-0.24499067853448853,-0.11133993668268666,0.21870126991220201,0.9694189873518495,-6.2030152988447762,4.628886690680611,-1.1050004446426496,,0.3097642834285968,0.8333333333333334,False,5
0.90335708684599603,0.42445186760951764,0.061535239724137575,-0.41204710759320018,0.89871569446320454,-0.15009091128245297,-0.11900905330768974,0.11023027083479249,0.98675535601409092,-4.8026722761457394,-7.6971627924406976,-4.2119982704273342,,0.1804329495906288,0.5925925925925926,False,4
-0.51345977382251173,0.84761943570962273,0.13379220034603884,-0.82482890588500513,-0.44450482400337443,-0.34938909177917066,-0.23667770634911806,-0.28975291826835664,0.9273763581590222,14.65115654216747,0.073626173686999974,-2.6086079323453535,,0.4632153239977366,0.46,False,1
0.82301418086292344,0.56762996247698538,0.021068549947919762,-0.54541637574203872,0.80007788538540225,-0.2497926227686546,-0.15864625797966747,0.19409173865881085,0.9680701223637932,-9.2574693420626613,-0.88979880335359707,-2.4735907416089398,,0.2554138905368991,0.9823529411764705,True,5
-0.17774421351314862,0.98181383453487803,0.066697742679259417,-0.94388306773651143,-0.15091979771216446,-0.29378217968220854,-0.27837339851879211,-0.11517295244299264,0.95354257483484162,6.30622888710427,0.25367440768113253,-2.4220247259628316,,0.1307321629189055,0.1346153846153846,False,3
-0.29936125849493411,0.92373107248875608,0.23896389399049617,-0.91700154859254757,-0.20934508712583375,-0.33953320069640708,-0.26361145041746326,-0.32077334710827987,0.90973263269696558,-5.6043907389706238,-10.054368883098043,-4.7694508508330937,,0.4055079297347507,0.3666666666666666,False,1
-0.021155443977133852,-0.98181186566159906,-0.18867407780673304,0.95778240589682584,0.034217164248933882,-0.28545060627935326,0.2867146842151953,-0.18674754648147937,0.93963825153009262,4.9666804876494153,3.6513383524753289,-1.5275203577809617,,0.3183897462649416,0.32,False,5
0.85873674785721388,0.51162298189812139,0.028515298933914125,-0.49278453016557755,0.83981199547379504,-0.22777010139132395,-0.14047990856028883,0.18154265794021349,0.97329731256122154,-18.002937128763801,9.8716733689868512,0.32797021351313732,,0.2611470362436158,0.9104477611940298,True,5
0.48358238239914481,-0.87339801703412401,-0.057653996167019592,0.84197762332180226,0.48216401318370239,-0.24205690697841215,0.23921070473232656,0.06851108108507728,0.96854760879887436,13.526295961539203,-1.0546961166913074,-2.8338315282717819,,0.1368114259086726,0.375,False,2
0.92388878264618801,0.38241011626460841,0.013857138197823977,-0.3699271709551063,0.90182258713337549,-0.22331571714775747,-0.097894869578014673,0.20119275413034701,0.97464766464386998,11.049336478755979,-5.9056142866900014,-4.0555666966573103,0.1361417978396275,0.1334565880029862,0.8020833333333334,True,7
0.81855053538859046,0.57406525621693139,0.020593751956357612,-0.55149301576151433,0.79538490930850114,-0.25143249513652233,-0.16071861927393938,0.19445289313583325,0.96765572274946132,-16.055945677523095,-8.1309220930962844,-4.2530679453699234,,0.2865811005689424,0.9722222222222222,True,5
0.76258795020923853,0.64589114043963058,0.035836474397839733,-0.62104193792846163,0.74650073140110018,-0.23883795626257817,-0.18101527429953124,0.15987899398988495,0.97039794813831393,11.842140105658338,2.4209467990518858,-1.8844455935481528,0.3036627625736593,0.2523206565529797,0.9801980198019802,True,5
0.84081496389598565,0.52423467824773662,0.13493775828537666,-0.51024261212375854,0.85077062796708591,-0.12586427357122768,-0.18078349831141852,0.036977570376931307,0.98282754643289449,4.7911648237204059,0.25512537029777382,-2.3935407180335422,,0.4087608425508323,0.2540250447227191,False,7
0.71068311467356993,-0.7032292276837725,-0.019954043428777584,0.67697753720004628,0.69131912008120533,-0.25254561634823031,0.19139207048473306,0.16597146604592017,0.96737921613715405,14.849686353614324,5.6602357067820712,-1.1208239269098024,,0.2515657476458677,0.6607142857142857,False,4
-0.80269193110334658,-0.59632892212635691,-0.0088022938599919449,0.57294606039088203,-0.76695149633627424,-0.28899518015032377,0.16558525183164255,-0.23701733882390807,0.95729008428620255,10.580892876568189,8.4598926129274279,-0.33978747894029732,0.3052601600105305,0.2657026490748308,0.9493670886075949,True,5
0.069237126642973379,0.99198830637510083,0.10566655246238123,-0.95873058752833573,0.095443756638880203,-0.26781738154240847,-0.2757569234521568,-0.082762849961311197,0.95765778325792572,-3.4304080061089071,-4.3350105795837859,-3.3328667311266664,,0.1117456404932783,0.25,False,2
0.70469591699618994,-0.70902914047613597,-0.026102538661408974,0.68230339007279617,0.68730563105047215,-0.24914464357373217,0.19459123429401562,0.15776136244969452,0.9681144581370259,-0.84435317745004423,8.2794962715052822,-0.29890022819185774,,0.07265391450378618,0.2888888888888889,False,3
0.82826341209706789,-0.54667144704345405,-0.12300426483963084,0.53300010817271837,0.83636648342123565,-0.12807025453814971,0.17288899580133008,0.040514619546678968,0.98410769773119622,-1.0577779041445057,-9.9210969579973369,-4.8525814027744012,,0.189750212684797,0.3235294117647059,False,3
0.34802468177125123,0.93664503379018005,0.039685029346230062,-0.90064491726049789,0.34579890428207977,-0.26317646325259325,-0.2602259669803339,0.055849784901151306,0.96393114258003154,3.8132927136581216,1.8424466697198221,-1.9374819865389175,0.2645776695884657,0.2272284244347267,0.9182692307692307,True,5
0.89775400752065682,-0.43983462111155086,-0.024150529026532218,0.42102550392655336,0.87289965751913967,-0.24654353154435724,0.1295193693004818,0.21116745481875329,0.96883075869905066,16.635963146678186,-5.0159742726966954,-3.9931954136861836,,0.1500225880874697,0.4772727272727273,True,5
0.11947076488918321,0.97314630598749652,0.19675620315426692,-0.95390940850927042,0.16745876281835997,-0.24902691242682692,-0.27528817027668978,-0.15793615766579208,0.94829984361882014,6.47364668057718,1.5427393069992941,-2.150918886022072,,0.08725627298091461,0.3653846153846154,False,5
-0.45088591825944108,-0.88717016825660355,-0.098137562996495606,0.86363086292598268,-0.40584137955504962,-0.29905602692903199,0.2254853017761122,-0.21959477952903303,0.94917570106199622,-1.6424399858748511,8.0738361992969363,-0.3508741858012519,,0.3131764949934391,0.32,False,5
0.19751052439748079,0.98013777202931662,0.017875698409827126,-0.94208097789735779,0.19482052346923795,-0.27299889142472783,-0.27105907812908681,0.037079798766700672,0.96184825450131728,3.6445830530256624,5.233387651226308,-1.0755633494848642,,0.2490772893394953,0.9135338345864662,False,5
0.44207635316064386,0.89645812389600699,0.030517701044405193,-0.86055635479627868,0.43347723320665349,-0.26747008900294761,-0.25300446279843708,0.091979999958439987,0.96308276976162255,-14.211678702393492,-3.698717070619653,-3.0889275806804095,,0.3124558520641778,1.0,True,6
0.67467676419553124,0.73733163847578376,0.033960547069544489,-0.70918838520147265,0.66030520724241548,-0.24708069043103767,-0.20460473638206636,0.14261517517840133,0.96839961465237012,-0.25311021406690087,-8.7819430801158251,-4.5861279272802751,0.2177948915717741,0.2148685719010452,0.957345971563981,True,5
0.98303705081910919,0.18317838968217157,0.0091561056303432579,-0.17595671089708304,0.95601241445281893,-0.23469021986945127,-0.05174352720049042,0.22909810336521216,0.97202709140605459,2.7630914104205808,-7.1970650377572518,-4.2051770820789223,,0.1326160717940563,0.8025751072961373,True,5
0.14103980613472056,0.98349372357108977,0.11334843969704281,-0.9512553802942304,0.16634676407613258,-0.25969589050017744,-0.27426442450081107,-0.071195855059639462,0.959015211389041,6.1991576103188741,1.5091907004359948,-2.1263618848751364,,0.08249947674718625,0.3366336633663367,False,2
-0.34282373820062184,0.93631590888073835,0.076055264794684496,-0.90424609359650521,-0.30697069905226143,-0.29682990438772894,-0.25457982390914974,-0.17053301351997557,0.95189684554482257,15.056270062102799,0.12959558243147484,-2.5687373214595084,0.4633843096229683,0.2008054552549355,0.8243243243243243,True,5
0.3059765914873806,0.95075071822778501,0.049511587038957486,-0.9155403286844247,0.30810990464341109,-0.25856177832975319,-0.26108280681458312,0.033783996950918826,0.96472504348951171,17.599843469654147,-2.920207142696106,-3.5270766677584566,0.2534304115293186,0.2417702334437508,0.5777777777777777,True,3
0.9260780309636587,0.37638335721841776,0.02674039968784013,-0.36016602336467318,0.90285712730194667,-0.23479659983431253,-0.11251629295417717,0.20780898943277093,0.97167664772329487,8.0651518318547613,3.8475251614430777,-1.5195353168222836,0.1076015010382269,0.1383140230529507,0.7938144329896907,True,5
0.66049457574472403,0.75072319730792891,0.012712058667172472,-0.72118320453999885,0.63903375273240492,-0.26745214218278146,-0.20890596186135019,0.16748296597714188,0.96348728855459453,-8.9839232435778626,12.006560238757357,0.67697671334303122,,0.2574390023076366,1.0,False,5
-0.9997253347169246,0.022824888658950864,0.0053178550976252532,-0.02334134863845691,-0.94931525033081898,-0.31345771155464097,-0.0021063164222990469,-0.31349574151340714,0.94958727007268173,8.0440230229194594,-0.42331789120105012,-2.5669973101088415,0.1280412704839616,0.08388330521926239,0.5263157894736842,True,5
-0.67686265437067894,0.68609497924644613,0.26670325564397523,-0.71259725551440023,-0.51988255485591084,-0.47109158407875851,-0.18455920066911233,-0.50891630805988897,0.84079848527400958,-0.13617728600607143,8.241210125016158,-0.29111045479361164,,0.5928139833989823,0.1636363636363636,False,5
-0.58830447273906383,0.8077359320668045,0.03821663778231689,-0.77551644097510808,-0.55018848849590296,-0.30962376669741898,-0.22906788760652588,-0.21179067773338503,0.95009084391584364,-10.992755632387958,19.265198353715391,2.456380657830294,,0.1875847607701027,0.64,False,4
0.21470466367011135,0.97602879159628642,0.035632925411728425,-0.93819009849094204,0.21624738744390254,-0.27025248660695878,-0.27147973495615119,0.024594011441408419,0.96212987070839806,6.2730837895228886,-5.8920727385677862,-3.9050675208174668,0.1954405509248044,0.1973247829813557,0.9398148148148148,True,5
0.65509508589745047,0.75505937623379427,0.027125021556583848,-0.72571791499539573,0.6388147123630471,-0.25543936878103429,-0.21019975330087246,0.14765196114495294,0.96644449508613861,-4.7862281020738866,-1.5319845771407476,-2.6538925519446033,0.306934490217762,0.2540684243131086,0.9852941176470589,True,5
0.99890868271992905,-0.046654972712603431,0.0021810795314959053,0.046382970037952963,0.98543719938075447,-0.16359140004008244,0.0054830353997425731,0.16351403486490743,0.98652577093809546,-0.95254644960238044,-7.1795793642588501,-4.1323469426493178,,0.2467932089275894,0.6115107913669064,False,5
0.97436552961869405,-0.22458238952715986,-0.013212305065796681,0.21653320960429828,0.95213650908564607,-0.21575318585054479,0.061034284048734996,0.2073615643760186,0.97635853956944918,2.0898870126731079,-3.2594997139413198,-3.2239096724814122,,0.07043529442444618,0.189873417721519,False,5
0.5519649360632739,-0.83330032455706493,-0.030745380949915871,0.80243123794046001,0.54082356152569588,-0.2522181271756701,0.22680127366045877,0.11454450834392546,0.96718185356955577,-5.7083577486199877,-10.856125125595568,-4.9942731017148052,0.3100941667425162,0.1004237554868274,0.4905660377358491,True,5
0.57613222069451431,-0.78566645591927342,-0.22538829676994621,0.78113073625282159,0.61043446456967654,-0.13116606781732446,0.24063756389793764,-0.10048872826731509,0.96539918082236098,3.9070790781124831,-11.680911136001658,-5.3012174994379775,,0.279578788731822,0.4444444444444444,False,3
0.70436012254045011,0.70936212079181826,0.026118946390218219,-0.6818459421088422,0.68635324765120842,-0.25299274825248252,-0.19739029612548567,0.16038890555263513,0.96711554116926524,-2.9979180176647291,-5.7290217350188328,-3.7510503025637258,0.168639340679933,0.1616570174534588,0.8855721393034826,True,5
0.7378279450118771,0.67428028328758349,0.030919623690611492,-0.64869201313848712,0.72100011964290445,-0.24363394583936163,-0.18657061839928074,0.15970262065644358,0.96937427101485252,7.6611504497181571,-14.794663236168672,-6.2065048179772928,0.1437507960967177,0.181039207423585,0.875,True,3
-0.14718617754887392,0.98903832156934468,0.011807946724304547,-0.94950735291926858,-0.13793897591382911,-0.28179536134593675,-0.2770776351328168,-0.052688114325118343,0.9594018692487879,4.3372113138090551,-3.8372108944912777,-3.3617192938159972,0.1849673844747081,0.2152095005005573,0.8887015177065767,True,5
-0.78314759893843744,-0.59336409218373964,-0.18600777506310603,0.59371298871236111,-0.62455361626110839,-0.50738315645023957,0.18489111744807105,-0.50779113277226395,0.84140563354821007,6.7320951102464885,-2.9139874853033487,-3.164244097956622,,0.5446131431755045,0.45625,False,5
-0.53829011134340399,-0.83967428594631321,-0.072047550620789672,0.80957433952839231,-0.49144702796608469,-0.32104393387894836,0.23416478131237814,-0.23114262312228764,0.94431983086720961,1.2814832842347199,1.4744727838318215,-2.0156422448408948,,0.3303570348930077,0.4705882352941176,False,1
0.98777387339438594,0.15584052280318861,0.0040628182188949084,-0.14930554428267531,0.95320617731918866,-0.26287989266391854,-0.044840043330766785,0.25905928852864563,0.96482001199245782,1.3462108442506033,-5.4514391395448065,-3.7472320398453411,0.2082966663270548,0.1591657272453559,0.9298642533936652,True,5
0.1229625700869568,0.94926107686532457,0.28945399341880557,-0.95368641825114198,0.19370805891273624,-0.23012910193099922,-0.27452217032676718,-0.24775107640683139,0.92911623715137914,6.8278832277258994,1.5826787553897712,-2.0844724676154645,,0.1098670393364473,0.125,False,5
0.83035729590571949,0.55712968938020102,0.01064285428173729,-0.53498980006970731,0.80241094558358561,-0.26442879614185549,-0.15586107582560957,0.21387656163959806,0.96434648411434953,-0.5475034990633143,-14.886564057547467,-6.1276990776212443,0.2442921813493825,0.2075706607947893,0.9493670886075949,True,2
0.74621240863434313,0.66459041792500628,0.038556680386113748,-0.63956297700915976,0.73177452386031305,-0.23551060415232458,-0.18473288727054679,0.15108150989210187,0.97110665620693293,-8.181930320642806,20.486093772832504,2.6127276662051591,0.2759664092548755,0.2849194577473125,0.9117647058823529,True,5
0.96024693379282622,0.27905835867731721,0.0072290105682147384,-0.26800647076700385,0.92884307305135505,-0.25577935270761892,-0.078091982741436153,0.24367391755548048,0.96670815871941129,4.4143749260985237,-7.5130327939948662,-4.3093429411346866,0.1491866567389019,0.161911859814917,0.8403361344537815,True,5
-0.21632815474690958,0.97569877434005903,0.034842950723267013,-0.93825628161675345,-0.19789367180207529,-0.28374855888162082,-0.26995792166650934,-0.094074419541124166,0.95826547684736085,3.2074407080606497,-2.7390942416481017,-3.0379831281427201,,0.2111864106529153,0.8148535564853556,False,7
-0.11391863476411045,-0.96022948650909568,-0.25491543282421969,0.95494072470344216,-0.035050964271111595,-0.29471959929147973,0.27406341776374732,-0.27700318254876294,0.92095519972554074,-2.8954664029795332,-10.602681025622392,-4.9349186657101356,,0.3250222426978802,0.2894736842105263,False,2
0.34029396682409818,0.93993644957259637,0.026823253120773976,-0.90268536251371234,0.33453105498194441,-0.27064387958377184,-0.26336125843906405,0.067885521413102293,0.9623057744479474,12.631581621165688,-5.5097995310772507,-3.9372061214770451,0.1668376809269285,0.18348831116232,0.839622641509434,True,5
-0.47924751846766583,0.8771277949753512,0.031123099528527438,-0.84367636469883223,-0.45061579429931209,-0.29181432037609728,-0.24193389115861288,-0.16610911236196105,0.95596849064138856,11.897479121187887,-6.7884730310085724,-4.3213038715966627,0.1371518835386549,0.1060401947276155,0.5,True,5
0.60728263154397866,0.79216166291435086,0.060726478852231244,-0.76315378543287848,0.60288043376118639,-0.23266173378403235,-0.22091651184211777,0.094947787739861775,0.97065998804875941,19.130376776222256,-5.809341492598934,-4.2350823109897329,,0.2091995911604711,0.6571428571428571,True,1
-0.92234291952829417,0.38630012632722133,0.0074666723240908832,-0.37140685088348524,-0.88112570040480176,-0.29270198359929217,-0.10649173635937705,-0.27274477535916342,0.95617456439786397,-10.791262125603328,-8.0535141223846249,-4.2389605721168584,0.2959438372767162,0.2681487929567046,0.9636363636363636,True,5
-0.16075598002176344,-0.96276064062041378,-0.21736941771880602,0.9401160905221716,-0.082294403207047007,-0.33077086864188049,0.30056488688559502,-0.25752588233606027,0.91833608700654001,11.031610848285446,2.9948291557953048,-1.7156198100875077,,0.1492414574430269,0.3333333333333333,False,4
-0.43034242819276686,0.90186429030832915,0.038028888542869822,-0.86446058951069271,-0.3996353478590538,-0.30495815766166656,-0.25983318433175151,-0.16411090947351997,0.9516061820479077,-1.1527858963856701,7.570659290186283,-0.48657454677262935,,0.2348459158174962,0.9262672811059908,False,6
0.81779628421651707,-0.57413620257428055,-0.03970967659453925,0.5516066283040818,0.80164291483666905,-0.23043169205465802,0.16413215752149518,0.16654206071066466,0.97227793191123357,-16.763046182559833,3.8514973205513598,-1.2233936746735039,,0.1223783751653597,0.3636363636363636,True,4
0.99243003049217882,-0.12218279391545241,-0.012409651417630497,0.11949292767944107,0.98400242990700093,-0.13213878375296906,0.028356212932774752,0.12965563160978447,0.99115354127399413,5.1386047792004979,5.3175067057549477,-1.1094978557479513,,0.1563901730971829,0.4761904761904762,False,4
0.98525348508549837,0.17076474629561469,0.010722478700070563,-0.16399016135859654,0.96032926654706385,-0.22555470908575564,-0.048813902778415547,0.22047018219199779,0.97417149499447309,14.248360398146678,1.4420902355229737,-2.1582780861761766,0.1477998363431902,0.1411049246876652,0.7,True,5
0.85530499453252951,0.51790383025775044,0.01513238025094992,-0.49731817193134814,0.82880119832330956,-0.25644338463822097,-0.14535474603386758,0.21181170001252464,0.96644079050050069,-7.2976339807110095,-6.4175957232866487,-3.8227267468162909,0.3158874397137358,0.2694898866446763,0.9725490196078431,True,5
0.55464987148389622,0.83128771545825331,0.036390303531242674,-0.80110338114095547,0.54531062608132519,-0.24671784249892245,-0.22493753085562973,0.1076896244351872,0.9684038682293572,6.6931905605576372,6.8439518606034992,-0.71936478977391605,,0.184239602638861,0.4776119402985075,False,5
-0.72639576280485019,0.65550910075752533,0.20653574655061446,-0.66013673837813058,-0.58184573463388833,-0.47505265785156281,-0.19122939738084946,-0.4814180718589724,0.85537591599538632,-2.0469119164194498,-5.0366199747501001,-3.5652084018911703,,0.3427936300733907,0.2133333333333333,False,5
-0.89861995028980257,-0.43204558874184329,-0.076281021164279011,0.41878445314408641,-0.79288027124511062,-0.44267421121529921,0.1307737234537576,-0.42974118341042494,0.89343200554661495,1.8669519800543946,-10.635455512855717,-5.0248160242122442,0.6477295937663736,0.4057077537265122,0.1506849315068493,True,4
-0.40442334829162901,0.91311301294740976,0.051637011364815716,-0.87788740307271296,-0.37175185802755645,-0.30185139320418436,-0.25642828019318586,-0.16740723293562368,0.95195554280544137,7.7635593206549727,-8.7076976384205373,-4.6475972081032975,,0.1172388479833909,0.4177215189873418,True,5
0.87751219205847486,-0.47733331203551849,-0.046100564095592517,0.45989392727187245,0.86488263551535094,-0.20118549262427887,0.1359041149015848,0.15534135317172437,0.97846774885409182,7.7640919366850989,-19.657729578253385,-7.5215495666954011,0.2674745350058289,0.1332622145037947,0.4,True,3
0.65098724349100801,0.75803877770846417,0.039910152871614743,-0.72627476058569074,0.63727616588748248,-0.25768985336630351,-0.2207726906756721,0.13876707059676163,0.96540308636849548,17.187562176198188,-8.2602994954183799,-4.8046057075165844,0.1944863496772896,0.1771940770884063,0.8536585365853658,True,4
0.95634225577108189,0.28886015502643542,0.044376803228511771,-0.27417783967470866,0.9393703377517959,-0.20593659408513681,-0.10117312913016084,0.18477873089233027,0.97755860108324533,0.41398839918957159,-3.4117099867420388,-3.2121239755368483,0.5164572030615173,0.4165649505784478,0.2801724137931034,True,5
-0.68637603741689002,-0.72085899526916486,-0.096178189832303931,0.70305297406949685,-0.62388540169788653,-0.34129682272225026,0.18602271611801699,-0.30187632316529467,0.93502205032837549,-4.9587913409582125,-6.4345596926352773,-3.8150969117787832,,0.3147849137350954,0.2727272727272727,False,7
0.92844483967412073,-0.37052072832441946,-0.026543729286550959,0.35450762995512664,0.90513006609926161,-0.2346569916851946,0.11097080690927226,0.20845611846402629,0.97171576435129281,-11.905284177138872,8.6757066835249059,-0.04110323081403941,0.3630278069233696,0.34559902123578,1.0,True,5
0.53277000527440455,0.84556587133264038,0.034270668470025648,-0.81480314129121068,0.52348394390576602,-0.2491192513934628,-0.22858688156122453,0.10479941655532438,0.96786627168621664,1.3246231508770241,-15.719786958156797,-6.3580724715716403,0.2166017920083744,0.1950761674812143,0.7619047619047619,True,5
-0.30081074336649699,0.94316343290677407,0.1412644169733013,-0.91740419474080226,-0.24570815480706146,-0.31304479892387943,-0.26054258797225144,-0.22376380737022797,0.93917374237353113,3.993569333310083,-2.0543400775756671,-2.9202410792267677,,0.2316144687985431,0.1801801801801802,False,6
-0.91363908912392122,0.40643490953279604,0.0086185345552501954,-0.39116119722232134,-0.87313606106004926,-0.29090606158026922,-0.11070922550723752,-0.26915438541775799,0.95671280131394587,3.141368020454248,-10.618131159173657,-5.0159289214478644,0.127619869187142,0.1195472857639533,0.8362068965517241,True,5
-0.94125965990541871,0.33739611009713455,0.013932606578003935,-0.32471352795684449,-0.89301084381418216,-0.31159710780445632,-0.092689683333986667,-0.29781789355511301,0.95011216436894486,-8.2589284091840067,-10.746781294780458,-4.9110355052888011,0.2473047407329187,0.2223145638800421,0.8636363636363636,True,5
0.92840739581087794,0.36923230433526033,0.041559750227076545,-0.36040121189234031,0.92207551055828996,-0.14102382527502758,-0.090391779881778184,0.11594937802309518,0.98913349345063717,-14.486365965693292,3.4024492990496928,-1.3871717133296475,,0.2838765044792256,0.1956521739130435,True,5
0.87316663533166827,0.48618551261141885,0.034694009142010124,-0.47047140094848905,0.8592717203526441,-0.20077044476659142,-0.12742326252745315,0.15898351464532584,0.9790237761351257,7.4023518086688185,5.9446411061593665,-1.0122281733457796,,0.1158694233833063,0.3,False,3
0.25749512203178349,0.95739096666649137,0.13076237637500437,-0.92348024479008095,0.28365514421352789,-0.25830988491278323,-0.28439497114451506,-0.054242936006488773,0.95717146023118893,13.183616498966636,-20.964570376916647,-7.8629061908561297,,0.1542368989557645,0.1891891891891892,False,2
-0.68059640786925246,0.72413712630215066,0.11141791555371207,-0.70712874400686765,-0.60944604852848916,-0.35853096565329184,-0.19172237478901893,-0.32280169801888425,0.92684496802938166,-1.0377019920254116,-6.0546243430530104,-3.8683719442133402,,0.2571400390340292,0.2247191011235955,False,5
-0.45605518941472889,0.88879330717901084,0.045388559370094304,-0.85554468870154188,-0.42380872518358131,-0.29737089651283982,-0.24506519508587524,-0.17444948143248967,0.95368256174969357,2.7564948046085682,-12.899685021941957,-5.6697900414398505,0.1509845609354473,0.1648503200400773,0.3617021276595745,True,5
-0.2841773962400112,0.95470054930226866,0.088261365433545083,-0.92841531207672523,-0.25103015165276926,-0.27391398515348697,-0.23934956813774416,-0.1597833662279457,0.95769570329470588,-2.3542790186598497,-7.2711886830793828,-4.0946604000246536,,0.1495362321847243,0.4358974358974359,False,5
0.46231850806014063,0.88599849113672191,0.035612789956646268,-0.85177021624525806,0.45490480995996674,-0.25990212117793859,-0.24647331665425962,0.089823647102180909,0.9649780394385723,10.987315462957932,-7.2879020828200964,-4.5293455459776482,0.1064454554102374,0.119321735422577,0.7777777777777778,True,5
-0.40902330858575614,0.91214695525502631,0.026227181559370531,-0.87627715125292693,-0.38459395896893017,-0.2902168859950468,-0.25463363333546146,-0.14168775085938765,0.9566014290344711,7.1787964213681175,-11.667158334507707,-5.3525740308589302,0.1058116716552061,0.1051677900041264,0.6551724137931034,True,5
-0.27712725649838899,0.95237439456030604,0.12721437140341327,-0.92515844225080335,-0.22874567848195931,-0.30291462709465605,-0.25938839688340432,-0.2016393492394716,0.94448887362453293,4.6907612414145934,1.8630915527151752,-1.9393855746017403,,0.1907304999121841,0.4870689655172414,False,5
0.74463056711774323,0.66658515288370956,0.034489889372236723,-0.63954933111386914,0.72731211945841578,-0.24898540913216033,-0.19105489155138189,0.16334416072791849,0.96789292464114096,-0.26491291682420959,-4.4319746747123139,-3.4370424795221575,,0.09413282309847704,0.2835820895522388,False,5
0.63467145532446612,0.76101362842265319,0.13435178134773587,-0.74249285375632323,0.64870600503830356,-0.16698766765253556,-0.21423469820996183,0.0062270685101470675,0.97676236501037161,-0.73491560822399726,-7.9766618811185426,-4.3498333320807285,0.3132824996868062,0.2794206123667753,0.3333333333333333,True,4
0.96029609556745055,-0.27871237564570456,-0.012280899797558392,0.26853444530227694,0.93536975290616864,-0.23015793932526379,0.07563504825217171,0.21772192588295072,0.97307579482058382,11.375445787750653,-10.713319183657134,-5.3820315266146199,,0.08247859274575764,0.2413793103448276,False,1
0.90434034640725325,0.42660456439869621,0.013307272230180326,-0.40971330693578223,0.87642552012866115,-0.25300852512702415,-0.11959742463680018,0.22335365074563926,0.96737252530699902,0.51335320200475965,18.679738343580659,2.197626324624701,0.3979999040072782,0.3458272235764238,0.9855072463768116,True,2
0.74345001518204845,-0.66759266085051328,-0.040026417580680207,0.64023727707302458,0.72773360366453232,-0.24596754083324285,0.19333469417549165,0.15723816736392301,0.96845126606975152,17.223942703165413,-6.4796509632622472,-4.3265531946352045,0.1617168221658423,0.1224488399539527,0.625,True,3
0.92087028729908327,0.38926094783772125,0.021767601112234469,-0.3752314693553051,0.90006911335514239,-0.22153314783468814,-0.10582654853656215,0.19583540454311579,0.9749098604241685,-2.310227465136947,10.563492447634555,0.25680112678017941,,0.2476559439239438,0.7203389830508474,False,5
0.99259568912193585,0.12130976833333855,0.006143129777266566,-0.11600143440552521,0.96173138499410216,-0.24822653027665381,-0.036020343590938447,0.24567597201240005,0.96868253397248405,2.6771951856966143,10.472019714546047,0.1471608195840397,,0.2197682864985287,0.9302325581395349,False,4
0.99784181893180512,-0.062612311337951532,0.019783904058250708,0.062828694394753276,0.997968971213822,-0.010511310816305242,-0.019085584914205003,0.011731622366310215,0.99974902324790371,-13.77702121216841,4.3918724703645253,-1.1302881290434665,,0.2512161259884682,0.3333333333333333,False,3
0.86777942099464433,0.49226069621394741,0.068104944469250278,-0.47935752271023108,0.8653034853286673,-0.14651362973857229,-0.13105434719729969,0.094494895317264113,0.98686142534789023,3.539152844106614,-7.6754219427288897,-4.3044178014767178,,0.1770134257550216,0.2280701754385965,False,5
0.37461745660845475,-0.91246729884588673,-0.16451501372551006,0.88994004137137717,0.40364755535674424,-0.21230961781897045,0.26013166660006165,-0.066873609080237373,0.96325460623890069,6.1081034246597659,4.7293530711554794,-1.3129917950616488,0.4478227420490659,0.2099120796581891,0.2777777777777778,True,3
-0.8486730294141851,-0.50554159891135886,-0.1555049224786631,0.51340236454359933,-0.71668088795128648,-0.47200266622805831,0.12716957665255288,-0.4804125275380538,0.86777399255711052,-1.7871318515864361,-2.2571647993061408,-2.8805733360515404,,0.4760752829925657,0.3305555555555555,False,4
-0.14935943527707773,0.98520013308749899,0.084097900438044437,-0.95002012191471996,-0.11940341049297029,-0.28845206450949296,-0.27414143621651538,-0.12297773508656806,0.95379397650757103,2.721443172307255,2.4281241190902199,-1.7818206590317294,,0.1119782711819745,0.1914893617021277,False,3
0.93540286181058119,0.3532712505446286,0.014863029812540143,-0.3393198524377577,0.90869328938036331,-0.24318417624655075,-0.099415913505799897,0.22243185332530319,0.96986625199976828,12.510839269200442,5.248133116790048,-1.1713407987387141,,0.06550208629502467,0.1428571428571428,False,1
0.93736438707005754,0.34752083747552881,0.02402651396025457,-0.33387779339464985,0.91595517132805182,-0.22260220842417286,-0.099366115606351585,0.20063746319595036,0.97461324813055938,2.2418196484485575,3.12057721076261,-1.5786811350635475,,0.06965851731906829,0.1733333333333333,False,3
-0.14128219332966277,-0.98853467471939649,-0.05327793844900558,0.95122158907387333,-0.1206461761533292,-0.28394011456529877,0.2742568692443908,-0.090794807434104202,0.95736068052498835,17.368831250890729,-2.1433336120886293,-3.3008589340152867,,0.09802693748706393,0.2,False,1
-0.97501570843619523,0.21697500893054505,0.047604766591738568,-0.21386864802672106,-0.85899729123085844,-0.46517078051966054,-0.060038068705501227,-0.46372998518279757,0.88394000426978969,1.2932588167492312,-9.6151321103736898,-4.812678293276706,,0.1776408980760481,0.3720930232558139,False,4
-0.21142590772364045,0.96771388297831662,0.13721853458721389,-0.93930536937166287,-0.16236394306610438,-0.30223066201428017,-0.2701934651556136,-0.19278949837336737,0.94330679034137499,-1.8222051186793937,-3.8916343074433026,-3.3143522501732297,,0.3535770178029057,0.1965811965811966,False,1
0.96753325324671025,-0.25015135161708235,0.03610685732633323,0.25270692663514943,0.95990830002367944,-0.12130649107227337,-0.0043142893336633875,0.12649251689249119,0.99195817960121113,-1.7852099861464956,2.1367668493230152,-1.786164442922187,,0.5134211458335304,0.3496143958868895,False,2
-0.46259639357529703,0.88568912242699138,0.039488670091991723,-0.85178557994029103,-0.43165206092803943,-0.29688015107507243,-0.24589815464315776,-0.17097156696679591,0.95409790945793815,9.4630538583433825,-17.72948280045517,-7.0460944543281707,,0.1188642694010239,0.4642857142857143,False,2
0.95205011051820398,-0.30134778351887592,-0.052821401254962042,0.294251095528823,0.9491904954686684,-0.11159612937746993,0.083766818265732901,0.090702352120583835,0.99234883154938569,-2.5944387204844284,-8.8823045699625638,-4.5202418140198404,,0.1823349058809769,0.2608695652173913,False,2
0.5559872425358886,0.83066697072179052,0.029505421353072506,-0.79846330719108172,0.54362194900572514,-0.25871127464549482,-0.23094270546353884,0.12028117188945295,0.9655039650265973,1.2778315746100291,-0.48177490103906462,-2.5089742948700029,,0.08170091295464245,0.390092879256966,False,3
0.88552357539371218,0.46417693271462623,0.019691941437489244,-0.44668226532450228,0.86227334822411117,-0.23866216035842705,-0.12776130582655795,0.20254492854184669,0.97090298210247072,-14.498944952344663,-16.002233617450546,-6.2895427402178496,,0.263168864811,0.5897435897435898,True,3
0.37519653551423271,0.91176514489465088,0.16706848982783215,-0.89090691053820159,0.40447165117131145,-0.20660968068807825,-0.25595397338856402,-0.071323235722928174,0.9640542306077069,-13.671873321459124,-7.724210224637245,-4.0997878262432312,,0.2906377718956323,0.3529411764705883,False,2
-0.66903848757193418,0.74313055536241801,0.012019976464321161,-0.70845564522958326,-0.63276503030304865,-0.31256841677929836,-0.2246733203782636,-0.21763592100645079,0.94981919595146136,-17.807434027079005,-14.600010192763277,-5.904283494281553,0.149001141398405,0.2159951743424378,0.8947368421052632,True,3
-0.64471743234576684,-0.75971648950169324,-0.084677553157284743,0.73140414613035221,-0.58087030685419982,-0.3572641342738424,0.22223277762925034,-0.29226792878167623,0.9301570030660723,-3.0808461152621658,-1.693711591027788,-2.7282837204204449,,0.1581162859770753,0.2042553191489362,False,3
0.88823103793744229,0.45890561234694616,0.021242932967203761,-0.44055261008706875,0.86399281781966131,-0.24378229735055434,-0.13022680595808994,0.20717637344185072,0.96959730264550459,14.875792310095875,-3.6047856182521278,-3.5163344548861795,,0.1074621264453354,0.6578947368421053,False,2
-0.84557595482283299,0.53280485613644546,0.033470732033754211,-0.5133964939613439,-0.79438136299138873,-0.32462638543430639,-0.14637398885612671,-0.29168002230074774,0.94524992461093671,17.159876209612353,-10.645299939747805,-5.4673887933435115,,0.1146421486236562,0.2121212121212121,False,1
0.47669799483460917,-0.86488774994440765,-0.15725203247259359,0.84447465144855371,0.5002409860841599,-0.19136749698522604,0.24417531566787395,-0.041570853222494819,0.96883965617683465,16.54871113026007,-2.5743156698201775,-3.3840012728342699,,0.127668912104113,0.125,False,2
-0.62265519731835417,0.76860012075985351,0.14681403073405244,-0.75221780901760926,-0.53624462681136231,-0.38289694176460848,-0.21556640055720289,-0.34884889935884966,0.91205020276678317,1.0772913546305156,-19.908607972835664,-7.4031744679427991,,0.1777961858068532,0.3,False,1
0.64448941239662205,-0.76401608989054381,-0.030212773739277304,0.73507421448281385,0.6299841132844608,-0.25057117993030609,0.21047398060361508,0.13928184159306498,0.96762661811843154,-0.27843111446628538,-1.2751220204209919,-2.6767066405901434,,0.1924641389753285,0.7033805888767721,False,3
-0.56911623982917381,0.77747505739006106,0.26765507785025022,-0.79039968230919877,-0.42754225366994553,-0.43872082641737231,-0.22666064450676079,-0.46123763556668429,0.85783727814116051,11.097864112520902,-1.2954741138974106,-2.8518522572008256,,0.646670178128522,0.3005464480874317,False,1
0.46672893997562576,0.88275883845500969,0.053860279601864541,-0.84936157915780131,0.46437801292754727,-0.25087440873877304,-0.24647313127356246,0.071343494721138975,0.96652009876731493,-17.382258526965096,-1.6272603514476018,-2.5731316863567568,,0.3580223108576646,0.9491525423728814,True,3
0.50823251945316383,-0.85820298316975385,-0.072023231313407182,0.82781129134399489,0.50987283345988388,-0.23400461453351176,0.23754614729285164,0.059307110687714285,0.96956407448306292,-29.887642637968977,9.0982827189390019,0.20813283427043908,,0.3830217786487427,0.8055555555555556,False,1
0.88358094209141813,-0.45670547965491815,-0.10346411757712073,0.45039967943285053,0.88931188594244637,-0.07914858361508767,0.12815946137381623,0.02333397468628267,0.99147903562592432,14.965810626026508,-5.7031445040925659,-4.1303145034183322,,0.3458064879264895,0.3513513513513514,False,1
-0.92248507688314063,0.38591804003397345,0.0094100639871035757,-0.37138525323154747,-0.88056779959056808,-0.29440336955674168,-0.1053293720196051,-0.27507747399698207,0.95563492333076361,-10.912818940115175,24.295524166831164,3.6346520286872548,,0.1293946418275746,0.3076923076923077,False,1
0.011588665855486317,-0.94846763939923673,-0.31666202777745378,0.96086853430164632,0.098214658492812801,-0.25900876557781988,0.27676228538710929,-0.30126901246158588,0.91249088736147121,-2.7064117501695533,-11.664037525281426,-5.2023875172875815,,0.3032639583980896,0.3333333333333333,False,1
-0.061250091298719431,0.99717055202353966,0.043581148366773619,-0.95915249409235437,-0.046721026055888834,-0.27900472899343565,-0.27617914365917273,-0.058890032275022319,0.9593002891203215,5.0984652239413037,16.982362562757888,1.7240050727419309,,0.07293509802484782,0.2222222222222222,False,1
-0.70024614233328253,0.71382819715076673,0.010229618753500508,-0.686339783031509,-0.66919941426192242,-0.28479790410001526,-0.19645111955806552,-0.20644962800641245,0.958532998242834,4.692313054909004,23.231095321113489,3.1483201555497176,,0.3197794926368885,1.0,False,1
0.76526266068720239,0.64291063993021047,0.032233045504116424,-0.61820113513066921,0.74796424113922577,-0.24161301806850893,-0.17944474548198719,0.16497091574440895,0.96983719266552959,-2.3100676555276385,1.1465248217310755,-2.0283922685700961,,0.1372021008349436,0.646551724137931,False,1
-0.87054155284783041,-0.49187753024449471,-0.014625320709766586,0.47245120657806344,-0.82710815509217794,-0.30443711531767187,0.13764905436732852,-0.27193490952908039,0.95242015035969851,5.8332230958904381,-4.8150731258331447,-3.6225855943548568,,0.1144718924724988,0.5238095238095238,False,1
