axis_00,axis_01,axis_02,axis_10,axis_11,axis_12,axis_20,axis_21,axis_22,location_x,location_y,location_z,dbh,dbh_approximation,score,reconstructed,number_clusters
-0.31162523288796007,-0.95015371732061893,0.0098806725142360358,0.94850493537950098,-0.31167260293069143,-0.056555955859095355,0.056816386617357988,-0.0082523962711703036,0.99835053772085958,-12.929653375432046,-13.296435573357698,-2.4635013580639153,0.3603017706583133,0.2957288374656328,0.7894736842105263,True,5
-0.12747809114628517,-0.99174271926791002,0.01398981975550425,0.99086756401232368,-0.12796514066415984,-0.042501686591076906,0.043940947486186412,0.00844402474497985,0.99899844423308437,16.019036482745765,-2.0419486693265139,-2.6013744768010811,0.2529265268999094,0.113028124601166,0.7647058823529411,True,5
-0.98311194586635886,0.13961149088960684,0.11831962435049262,-0.17769034788703891,-0.88290167025100275,-0.43463867860071048,0.043784040044787323,-0.44832273228063046,0.89279879343432433,8.647655469840311,-16.019457232287209,-3.4968949687349107,,0.3593036522944801,0.2258064516129032,False,2
-0.99846213201301826,0.025777064608705449,0.049080687405317694,-0.029688794161848227,-0.996294918065599,-0.080715622638236686,0.046818227617406533,-0.082048639091830466,0.99552803797077682,-6.4104325492388554,-17.411252842192241,-2.8925566541742898,0.1651465383779677,0.1751282538500527,0.8823529411764706,True,5
0.38911346556359666,0.83188272322920431,0.39567896799027724,-0.91946894152385727,0.37697610819531313,0.11165070274258625,-0.05628122679975555,-0.40725931375805108,0.91157680689409581,10.145171138389506,4.7738850453141675,-1.9133275632072035,,0.1436862532736111,0.2380952380952381,False,2
0.36964502983282094,-0.92147083711019162,-0.11939031901848736,0.92901292321709639,0.36890308438841823,0.029077531262772363,0.017249359858232578,-0.1216635141862788,0.99242150767722015,9.3707397204251404,-1.0584562435832305,-2.2225427650150298,,0.4880651322646825,0.2,False,1
-0.85891638948154292,0.50815468329196412,0.063572428995854205,-0.51149020854788307,-0.85736578893244508,-0.057460164704667846,0.025306173942977829,-0.081870152172133087,0.99632167282644113,-9.2222228456786635,0.16896807575935227,-1.5480036100548844,0.2501038754665851,0.2237350488054219,0.9494949494949495,True,5
-0.79984996143766818,-0.59960593192645251,0.026697670062604817,0.59670159206090034,-0.79919641563701327,-0.072334633924127645,0.064708957804528677,-0.041926311924148418,0.99702303641806145,-5.1989728991493145,-13.228126613396855,-2.65735701553873,0.3122722645462294,0.2634074513611903,1.0,True,5
-0.99794543605918262,-0.039208651162410048,0.050671375772452031,0.035598230640261873,-0.99689123919974054,-0.07028956666596485,0.053269809685518171,-0.06834134093527014,0.99623882101393668,-15.904500439838117,1.4878471871408603,-1.2773060364978668,0.2793603696249141,0.2780941339279815,0.8765432098765432,True,5
-0.99051524493603482,0.12713185272371774,0.052125248894785522,-0.13060294172207287,-0.98898168840289824,-0.069700011601830453,0.042689825050580929,-0.075846634907485722,0.99620523327794397,-9.6344232209741083,-4.4900595488514137,-1.8533077655768633,0.28876367143321,0.2733595622445938,0.9714285714285714,True,5
0.59675407419165749,-0.79894070749809754,-0.07468815728143588,0.80239010769899055,0.59499603817405233,0.04636625522924756,0.0073952689240824668,-0.087598290277954238,0.99612843024276687,-21.85828130960213,19.120218181981365,0.096513227741942903,,0.2344370871392863,0.3636363636363636,False,2
-0.97288587811259386,-0.22710800729758193,0.043760955090222195,0.22363368916323853,-0.97197292578375716,-0.072502445576704891,0.059000349493261689,-0.060750181602069894,0.9964077349132674,12.589396287210667,-11.240754484133662,-3.0567854705090753,0.2827893120985945,0.2371028477940676,0.9444444444444444,True,5
-0.99608636566093367,0.068922427176974319,0.055332189333400963,-0.073355083409595567,-0.99388446496426863,-0.08253909401405321,0.049305008694491816,-0.086274963545191555,0.99505057498747851,-4.6425176267555495,8.3520388607016205,-1.037912088692458,0.2926673633708237,0.2602402363873957,0.8620689655172413,True,5
-0.44276434347972471,-0.89657782031978295,-0.010389814897132671,0.89471492944313569,-0.44102653578544715,-0.070574710517674916,0.058693536054102144,-0.040543887871245216,0.99745238582187512,9.8777591641142557,1.7129972053208111,-2.0670021891850872,0.3211250985881302,0.2390923635213592,0.9041095890410958,True,5
-0.70834506813618803,-0.70541965473520729,0.025107273057848736,0.7029904895850323,-0.7082202507653208,-0.065026517351800858,0.063652462640003307,-0.028411038685138224,0.9975676302289963,-11.730160798665985,3.4913082102952528,-1.2210501776756526,0.3104244643693488,0.2999739422539645,0.9774774774774775,True,5
-0.7548909073776533,-0.65552940027616491,0.020516416161564247,0.65252838414119285,-0.75384422648856808,-0.076977854477348881,0.065927428651714387,-0.044722338528117078,0.99682169247461161,-5.4003655429096931,17.108046671714146,-0.5066618519373195,0.2359446554754277,0.2358232301311753,0.7301587301587301,True,5
-0.77895079789523503,-0.62675143761022367,-0.020452137098405584,0.62343949343744831,-0.77049871555312088,-0.1328718456011144,0.067519274883784369,-0.1162513001411439,0.99092218803226884,-3.9473307312563035,-6.5171280257049515,-2.2311839201887378,,0.1724423758471928,0.1981981981981982,False,5
-0.99103556324725783,0.12231099209136559,0.05374507970798309,-0.125424534721332,-0.99034871758084786,-0.058975449772841908,0.046013024994330673,-0.065187719699323382,0.99681159841329825,-12.817827998624058,8.7135124205742773,-0.75601373451646003,0.2071116160257472,0.223093057703232,0.96,True,5
-0.998078915568271,-0.037811263142674266,0.049079391577508798,0.021739735354705931,-0.9555401705433737,-0.29405844042408713,0.058016051268337351,-0.29242655634790504,0.95452650405200068,10.04028249283729,-6.831676542928049,-2.631654644638981,,0.3386650250435997,0.2,False,2
0.99337206107885179,-0.10570160776424455,0.045156598454803909,0.10422042068818087,0.99397320169657866,0.033990854955889507,-0.048477336761966937,-0.029059325957557232,0.99840147405508173,10.874419889904749,12.682526648285092,-1.2807434088258116,,0.1300894610063063,0.3103448275862069,False,6
-0.99345235477757732,0.09974974493525568,0.055699256478323286,-0.1040227425686768,-0.99135467291358992,-0.079969878834969324,0.047240743171306859,-0.085240253857789161,0.99523987626445187,18.310255792649578,-18.966380505497266,-4.0356629147017857,,0.2547331920742297,0.9210526315789473,False,1
-0.97836772531299843,-0.20164677574757892,0.046207920278606963,0.19739166599912333,-0.97678778863776983,-0.08319943606915578,0.061912230293852968,-0.072278584648155314,0.99546103989121526,10.502594262318178,-21.503774969438876,-3.9408433577020201,0.2410681967687353,0.2471931253260911,0.6444444444444445,True,5
-0.94241167505875101,0.32799552129044229,0.065415386006431306,-0.33253473613035833,-0.93983292019552034,-0.078324526066069558,0.035789439499274184,-0.09556683593262158,0.99477942072107417,-10.284867239763109,15.973824324465443,-0.35980184301258217,0.4245055863338376,0.2279854810715636,0.6727272727272727,True,5
0.56968424397405359,0.7667554236505395,0.2958817035069794,-0.817552257132101,0.56552471767309831,0.10858222948056005,-0.084072403474132945,-0.30375633985687223,0.9490331485100183,9.144695613920689,-13.384864712527184,-3.2589336947455534,,0.5431780760840054,0.2923076923076923,False,5
-0.82901109956312724,0.55570398589502179,0.062719031095202063,-0.55881807644965786,-0.82748599624824548,-0.054674339924263272,0.021516371307445516,-0.080374162971908747,0.99653250809611116,13.291431901331871,5.8165390964251484,-1.8730268620606105,,0.1980585676136291,0.9733333333333334,True,5
-0.59250407345089684,-0.8049431653920549,0.031708412648908016,0.80313960581512145,-0.59331423049674237,-0.054267830813385834,0.062495571964947316,-0.0066876287784080196,0.99802283496225486,8.8538789551386898,14.016004063874497,-1.221145512281858,,0.1153090349763034,0.5897435897435898,True,5
-0.72572299076724811,-0.67820698344600128,-0.11559164449438641,0.68376226816335517,-0.69242233957185761,-0.23026172998989675,0.076126876383744033,-0.24614343636772221,0.96623915643340796,7.594806789375018,11.163224070933984,-1.3888138261148935,,0.347199968693985,0.2325581395348837,False,5
0.48734017629799048,-0.86270038938657512,-0.13508364341434781,0.87319215116981252,0.48251085244399144,0.068693117626206668,0.0059177446107908128,-0.15143089323524445,0.98845013271924709,5.7362052183917145,16.110531863088976,-0.98182877193422025,,0.2372740468002441,0.4333333333333333,False,5
-0.94782406433290112,-0.31580542887966684,0.043548526514584157,0.31278559193205469,-0.94763906904531015,-0.064384534623258563,0.061601270694491436,-0.047403859643166325,0.99697450195065451,15.810852809449552,0.33848835754246109,-2.4269084987776073,0.140690501301474,0.1271238226437176,0.813953488372093,True,4
-0.78031821398837908,0.61759085197100927,0.098412521966003141,-0.62526728236769158,-0.77347661595603634,-0.10380149406304109,0.012012931303705978,-0.14253232661723111,0.98971724515164972,-19.51304779440493,-15.397395751991754,-2.4863426748612221,,0.2168993617892016,0.8717948717948718,False,5
-0.30931500415807262,-0.95094894337045865,0.0045094684053600328,0.95001979842123041,-0.30921660621939129,-0.042982241051923463,0.042268319228179994,-0.0090109678042519306,0.9990656593281817,8.9994362160649573,-22.690200582284476,-3.9396655572164017,,0.2611521305404128,0.5277777777777778,False,3
-0.91209867493540675,-0.40838263336402159,0.036050408426850526,0.40514962521631781,-0.91132693134715004,-0.073054810850922913,0.062688024120663544,-0.052027386711749876,0.9966761573669719,10.555730500016853,4.9644575487824492,-1.907501810534751,,0.1106763610574999,0.5074626865671642,False,5
-0.5340717346611461,-0.84072683493378542,-0.089139055740197953,0.84259383735410975,-0.52066460164722772,-0.13763719644198844,0.069303733585652408,-0.14861615529192498,0.98646349699182267,11.578102362277084,-1.9420743124322484,-2.3717858601409563,,0.2713653757999261,0.5303030303030303,False,3
-0.8404201946063381,-0.51234067105595027,-0.17663785913496399,0.53811462401486165,-0.75028890797403003,-0.3840562536822979,0.064238212297580227,-0.4178200466146591,0.90625595762330557,9.2362680329155555,-22.177444620942786,-3.9167087753028924,,0.09314854423886795,0.375,False,2
-0.81512980279809333,-0.57924962849425543,0.0057682301973532094,0.57588717560406666,-0.81139363135275755,-0.099971675863503626,0.062588861350191621,-0.078168042635424734,0.99497356323946307,-23.269882017360608,4.1277472361514915,-0.98202953285046302,0.2546032258327797,0.2029878425360356,0.8461538461538461,True,4
-0.80668337754993347,-0.59054681210686344,0.02272424025248853,0.58737577482743486,-0.80540790606484514,-0.079421684659244762,0.065204505446344818,-0.050720484605955074,0.99658206130294902,9.3575478666153167,-13.666322310261314,-3.3062488545751614,,0.2543368068144923,0.9444444444444444,False,5
-0.85006171906901795,-0.52555775129340287,0.034411100372522305,0.52284886627819316,-0.84993956503527801,-0.065052277586958487,0.063436084408123039,-0.037306646097766488,0.99728836218613404,10.134768342378608,-7.1300793154216509,-2.6492695666480923,0.4425180448366828,0.2088284025004642,0.8062015503875969,True,5
-0.88787893126898798,-0.46003151015363464,0.0064817493322675418,0.4543536756477724,-0.87896175590874714,-0.14487570215592072,0.072344597821806605,-0.12568707696329984,0.98942863201467057,-4.212359411656168,-13.651546247504537,-2.7253089529968104,,0.1318969539777925,0.3243243243243243,False,5
-0.94292971862412844,-0.33086724451634669,0.037555455550215978,0.32693078512405571,-0.94128045894667889,-0.084305156089648725,0.063244031130161416,-0.06721580254145193,0.99573200632254344,-8.8879562997200203,10.445927431987986,-0.6822517879272163,0.3072386964274545,0.2864593150623833,0.9636363636363636,True,5
-0.28787738147674308,-0.9576671081696696,0.00056847518409160191,0.95569692284299168,-0.28732309572074904,-0.063943962450577818,0.061400365654688455,-0.01786473048737057,0.99795332881958099,-27.84989405495881,-0.83567432934583874,-1.1550149463205046,0.3225095322172705,0.2960332896628796,0.3461538461538461,True,5
-0.99835919851265442,0.030987496567032272,0.048152734103866328,-0.035012920002478534,-0.99575393204448992,-0.085136374428542008,0.045310111212283705,-0.086682650365831795,0.99520506025013988,12.876735076346725,13.152217536055469,-1.3160744315329314,0.1657226081415997,0.2351415866970173,0.8970588235294118,True,5
-0.99751127530882233,-0.046968850730780172,0.052585004447993119,0.042553542103258631,-0.99571122184719207,-0.082148394640657513,0.056217894715401548,-0.079706271701797032,0.99523186171121247,12.510411992307256,-15.804609098142425,-3.4472022268206581,0.218707274504634,0.2194817294007749,0.9384615384615385,True,5
-0.99838226508679428,-0.051659432890199308,0.023751963153083193,0.042079023470929948,-0.95225781469589355,-0.30238123310538789,0.038238835545755891,-0.30089260101249576,0.95289109247176829,9.3283284065335632,-15.491962446901768,-3.4571116085635718,,0.1491064236797951,0.2222222222222222,False,2
-0.97523019184098836,-0.21619959328440258,0.046731239930543421,0.21297733784518538,-0.97485771211689776,-0.06552171159687277,0.059722077041617236,-0.053946056295756419,0.9967562874263538,13.774584831465155,-8.3425135527731342,-2.9256915328973365,0.2258493957766268,0.2064432835383918,0.8674698795180723,True,5
0.49755866535930682,0.78920121986496106,0.35999556815261313,-0.86735650790371033,0.45806212988365247,0.19460671459004913,-0.01131648014828247,-0.409072756035047,0.91243159609197233,7.2195761159715008,4.7004113186167595,-1.8103744960649177,,0.5247964548704979,0.1991341991341991,False,4
0.99465684490839001,-0.072486438585985385,0.07350834713150628,0.053379257492346704,0.97057731432471883,0.23479849187714261,-0.088365240600881051,-0.22962010613039757,0.96926064147586843,7.0886614166802371,0.53071383404922357,-2.0852704939479745,,0.6287700105358898,0.2461538461538462,False,2
-0.87757474838988048,-0.47814694079086079,0.035186133643502586,0.47515453469819224,-0.8771759313841252,-0.069213824891683109,0.063958808182938309,-0.044021454005213199,0.99698113444692837,11.132975131325395,10.667015750246733,-1.430519725222329,0.2858285620959811,0.2583154436972531,0.9871794871794872,True,5
-0.8691730277065477,-0.49333499627972244,0.034041582705847985,0.49041093668118874,-0.8687699552347975,-0.068817716213248253,0.06352449205552306,-0.043120138300033903,0.99704828999506012,-14.923055131733106,-4.6052897812180129,-1.779174646941234,0.2652130022194444,0.246300948120474,0.9574468085106383,True,5
-0.9981117536991474,-0.036495337459549096,0.049406654119915697,0.032284697153371712,-0.99598529375551781,-0.083492472429849585,0.052255386873760981,-0.08173973921201208,0.99528286912627251,18.331271904367476,-5.8839813946797275,-2.9460724083906906,0.2946053782412981,0.2556592184850216,0.9710144927536232,True,5
-0.48140727762915392,-0.87648316985368091,0.0049280836976721559,0.87442791767766148,-0.48064935254764674,-0.065969816442352419,0.060190114068645238,-0.027449095773311172,0.99780944939884775,7.5469011186353576,-26.162462855856798,-4.1506750552523224,0.1835251572657575,0.2234757492555608,0.8409090909090909,True,2
-0.9727343517314293,-0.22899319803248855,0.036742294654651876,0.22475205295946227,-0.96984483562531221,-0.094273588567626992,0.05722233525593759,-0.083445251906651655,0.99486807883361705,18.513006272298071,8.1243448288681694,-1.8566317273028834,0.2983497500714142,0.2556082812961877,0.9516129032258065,True,3
-0.90096678054267076,0.42881025501898107,0.066186294269506521,-0.43272322132667873,-0.89920238965346233,-0.064696801823301273,0.031772221880685236,-0.086930015714123357,0.99570763695208486,5.2960094542724176,20.555652013431281,-0.7223588722197084,0.1748435712275199,0.2205119750805475,0.96,True,4
-0.90862968033596847,-0.41580503390438117,0.038707593471200223,0.41273406978564309,-0.90828266559572479,-0.068360712521918846,0.063582164564721558,-0.046138629781353524,0.99690949197565726,-4.9589826564177715,-2.9054071492948124,-1.9232386631708311,0.2805068517527304,0.2351041578950514,0.9697452229299363,True,5
-0.27588084833862919,-0.96109401231188041,0.013713388283312932,0.95991947273719469,-0.27622146185542734,-0.047500630210518216,0.049440503434977676,5.9234291260895633e-05,0.99877706877530681,11.8374421342447,-10.14225658215806,-2.9391953844785497,0.2256043628046112,0.2274986624555109,0.989010989010989,True,5
-0.8800593463958708,-0.47419320815986893,0.025225942129563417,0.46923962070057545,-0.87656000579469462,-0.10703613691639541,0.072867861132691267,-0.082361141178690853,0.99393506691216527,9.1407739564320689,-16.889845021047304,-3.5853592568312527,0.4440297346550697,0.1869965837873416,0.6779661016949152,True,5
-0.88142744169185216,0.46849186148882233,0.060008672300700713,-0.47161396404908101,-0.87992019734132254,-0.057625647282425425,0.025805696008181566,-0.079093754681041128,0.99653311235702891,-8.6832677792673021,-19.465063113234425,-2.9613702408154388,0.1901977302155949,0.2225731762860851,1.0,True,5
-0.84180949622146461,-0.5397744239747162,0.00058591307188936292,0.53661603641076949,-0.83700008109669077,-0.10711719614949529,0.058309532138067513,-0.089857862576943892,0.99424622855454825,14.70258810585981,18.244537402249126,-1.1350682553693081,,0.2257936903357277,0.2857142857142857,False,5
-0.95366677464263394,0.29402418949894216,0.063792310917575867,-0.29925035351625251,-0.94891860098695069,-0.10001357218580594,0.031127300928805151,-0.11446949240062916,0.99293898425151406,-13.692348660611989,-24.075143559875514,-3.1615767459334507,,0.225440860839858,0.4705882352941176,True,3
-0.72316827616262713,-0.69030211294616683,0.02259728333302205,0.6877499939463062,-0.72272971032854449,-0.068276728358022565,0.063463297888081471,-0.033834282473206231,0.99741047274965622,13.800615850035863,-14.093990772404233,-3.3624500707435172,0.2382678885070151,0.1608405948822122,0.7727272727272727,True,4
-0.80261864666649751,0.58902660351321079,0.09407958533566535,-0.5962168833802709,-0.79700069896544323,-0.096515873414230319,0.018131078168609222,-0.13355727686010319,0.99087522817060947,17.131727626821679,-9.276314252620411,-3.1462946730579993,,0.1306365653353334,0.2857142857142857,False,1
-0.96966941233084536,0.23742612471995497,0.058052270329572067,-0.24090756746679784,-0.96850740154121095,-0.062904348793404147,0.041288917728411451,-0.074981654158576869,0.9963297530498928,9.5672690658798185,5.6164018980488386,-1.8299939351599119,,0.1845760959415874,0.941747572815534,False,5
-0.048579605666876011,-0.94854016296319399,-0.31290826316831039,0.99860957450443988,-0.039704728068289855,-0.034676393657431387,0.020468014591377193,-0.3141577530712571,0.94915012856971481,7.8374196871902475,2.9454170939198936,-1.913659623324238,,0.4159057914008584,0.308411214953271,False,3
-0.99672828754004728,0.057924848642203791,0.056368721178174763,-0.062171983660559184,-0.99510908309200352,-0.076762993659077294,0.051646541657657773,-0.080016402428315703,0.99545467504916241,23.008798927240129,0.40055409310663181,-2.6653748216005391,,0.236662130529433,0.8064516129032258,True,4
-0.95902056575701389,0.27852097840589107,0.052015565390772567,-0.28307532357754051,-0.94973265959895059,-0.13370204363649224,0.012162057250618575,-0.14294733253519942,0.98965556861187987,-21.927124144227424,-9.7971614712571906,-1.9918123322214356,,0.2596420958067077,0.65625,False,2
-0.86263827377280566,-0.50419432773792383,0.040537494979060708,0.50189239729902124,-0.86315402646256234,-0.055399892914227103,0.062922413778523839,-0.027444607455189327,0.99764099924066629,-4.9084078383071628,1.2738182701825154,-1.6417330166305817,0.3166783546041775,0.2491668165957251,0.9585687382297552,True,5
-0.94704193170356887,-0.31885526523625618,0.037985516006615566,0.31505604053740305,-0.94552505811286913,-0.081988144274337094,0.062058608718424724,-0.065678644259544672,0.9959091548791793,-4.7769916702703039,-9.4261502679587217,-2.4026044022479889,0.2270304974287136,0.220985786950369,0.9402390438247012,True,5
-0.37948672704598158,-0.92508255486794944,0.014563333235099212,0.92354648506139336,-0.37970259334045953,-0.053738538696879584,0.055242320069628016,-0.0069431469462590198,0.99844883633755011,-21.412613161834347,-2.8221107910032295,-1.5568175915075286,0.2673458500071162,0.2302544642800328,0.9672131147540983,True,5
-0.93788949792994392,-0.34484300913683702,0.038034046881319665,0.34139060899928825,-0.9368600789547914,-0.075800029999457771,0.061771690601878884,-0.058107585651744904,0.99639739397988802,-7.8969614258158334,-11.368380026647824,-2.3942847224314368,0.2044170924537825,0.2259279929218918,0.9184782608695652,True,5
-0.96867508555750936,0.24074967886133053,0.060894751402055726,-0.24497308443716365,-0.96659207174735018,-0.075418530458419938,0.040703396928194843,-0.087973626521427456,0.9952908492069914,10.914866986194133,0.80090000823762253,-2.1744113887396841,0.2622386944437898,0.2187605888464847,0.9196428571428571,True,5
-0.84584929036469703,-0.53193940598716838,0.039742248899092947,0.52914201436737862,-0.846149607781992,-0.06355761072927979,0.067436686015638569,-0.032730866294681193,0.99718653409020119,9.9457472680147845,-2.7410687702555689,-2.3450579613448301,0.2953750778034943,0.2166259787404656,0.9779005524861878,True,5
-0.99416056597856051,-0.099077609006746462,0.042759752650067005,0.095855893607908457,-0.99280493846523377,-0.071763513150298483,0.049562250895394164,-0.067245680549385289,0.99650469227878313,-11.580269652603079,-17.970015831105204,-2.8132896063929533,0.2103812644705502,0.2147604347099895,0.7115384615384616,True,5
-0.83564518688203815,-0.54838828801372919,0.031103170421270483,0.54548178571562189,-0.83518962400109409,-0.070056501578416808,0.064395210174201967,-0.041576165410985959,0.99705801204159539,13.890120618570602,-3.7180868362850665,-2.590829982831178,0.1799267891426156,0.1658828578610362,0.7761194029850746,True,5
-0.025741822514090518,0.99662698010480311,0.077923174350335675,-0.9989305027257771,-0.022649656872515155,-0.040309350870278399,-0.038408453466378237,-0.078877471883530115,0.99614413371338151,6.5056146334008984,16.558279009213585,-0.9995457127846431,0.1635851994977278,0.1504111931001924,0.4074074074074074,True,5
-0.70118833232735822,-0.71229160014592952,0.031234579707902568,0.71020766827277071,-0.70165195288749038,-0.057355077680402232,0.062769343907137634,-0.018033673245397844,0.99786511918933474,-15.519717972158421,-8.1176933353063312,-2.0289100311238224,0.2860129732218633,0.2586020591703994,0.978494623655914,True,5
-0.45173803057366901,-0.89154490739116821,0.032869892581168021,0.89034823882031988,-0.45286008987096327,-0.046880194449459664,0.056681261127280086,0.0080880842563464846,0.99835956324867459,-11.071419364376586,12.24513866565206,-0.51356632899792432,0.2850206231243818,0.2616323210625744,1.0,True,5
-0.52596447627240961,-0.85012216045921096,0.025567205472149516,0.84855146595388709,-0.5265553818804154,-0.051959979217478518,0.057634879430781223,-0.0056340135725096718,0.99832183115669937,12.516477692430051,-9.0944490088967971,-2.9152772962242199,0.1387400440029755,0.1057239216275609,0.8448275862068966,True,4
0.30203144442096752,-0.95256177518768759,-0.037457589781837386,0.95313005030253173,0.30248249466732219,-0.0068882240182644716,0.017891724100163861,-0.033621494183242659,0.999274477477339,-22.289673581704548,12.105169371433835,-0.34147952164401413,,0.2541225675925852,0.1818181818181818,False,3
-0.93207172056054954,-0.35951345545690105,0.044636118522297985,0.35697316043503741,-0.93243584890688147,-0.055978124319464848,0.06174520597033388,-0.036241730349738314,0.99743374041634381,11.169130543511882,3.6145359149190295,-2.009060351108658,0.2421814777790503,0.2318711048697155,0.9316239316239316,True,5
-0.14566819594411098,-0.98917667531906628,0.017614814648698723,0.9883875336669784,-0.14628426287243693,-0.041121742759477165,0.043253438962664981,0.011420133124777444,0.99899885914715458,-14.614667514045218,15.614986913895878,-0.30140936480582287,0.2129273511647086,0.2255810120883726,0.8983050847457628,True,5
-0.98541016189906072,-0.16108007537917957,0.054954728112364529,0.15539515632764897,-0.9832227785139136,-0.09552650522909456,0.069420157130127891,-0.085593090417489248,0.99390878085305745,-29.773572348276666,6.9617479142619718,-0.47279048131072449,0.3339305903154081,0.2035046805223497,0.8275862068965517,True,2
-0.94366442641560655,-0.33029209439448171,0.020114241179111404,0.32514679545386094,-0.93682103997850885,-0.12901899263159256,0.061457397632748573,-0.11521055261603695,0.99143810540150112,10.024050580350893,-23.407017505498633,-4.0284946793247629,,0.1949572335038511,0.7575757575757576,False,1
0.31755019588467953,0.93758654991403279,0.14175095948142197,-0.94520542582238387,0.32492951163226014,-0.031741384127790012,-0.075819364871573355,-0.12390429326993829,0.9893933242243701,-15.859625520091262,-20.307808234136694,-2.9001367309301909,,0.3017702943703885,0.3333333333333333,False,3
-0.6778887503355816,-0.72236795127826858,-0.136570074081038,0.73240293190877914,-0.64750050250379121,-0.21054463799575115,0.063661507207163404,-0.24275016420874859,0.96799771191709816,-12.134646724720868,16.027753961899062,-0.30010983202898672,,0.1292842848845547,0.3076923076923077,False,1
-0.59276244032820513,-0.80270201603045133,-0.065590874340873961,0.8003338842881097,-0.57799363914141322,-0.15933934470924954,0.089990905076336752,-0.14694497804523679,0.98504254244719147,17.766893227155361,20.987090114647941,-1.1338888885173952,,0.2769810964417466,0.3157894736842105,False,3
0.074783695123941396,0.98989084493001855,0.12051354308683362,-0.99627937911078035,0.079358227089363492,-0.0336105720253334,-0.042834538660367273,-0.11755163510970712,0.99214253783455264,-26.47747433350002,-10.094604106131689,-1.9998895290056615,,0.2308173910801833,0.5416666666666666,False,1
-0.94459149977747048,-0.32623660389860687,0.036284663769325314,0.32255631249251382,-0.94301978032648548,-0.081676919531894016,0.060863156501954417,-0.065447476572371224,0.99599814457203062,14.622084336816577,3.7020807203077171,-2.112558651425684,0.2853381856006147,0.2582908773439139,0.9565217391304348,True,4
0.80060268249389832,0.59134574814923901,0.096672389695255323,-0.59569747663482209,0.80290949462432537,0.02192851506638295,-0.064651845406611175,-0.07514352658697579,0.99507466518728738,19.606991082666678,6.1432298676018009,-2.0631536087811493,,0.1435639171013951,0.2352941176470588,False,1
0.93946919748717628,0.33640668919698175,0.065024352640584412,-0.33703122153071852,0.94149236393457214,-0.0014437334947646902,-0.06170561308595561,-0.02055889385198837,0.99788263297707991,-20.304794863076662,-22.714320466071317,-2.9196796203869488,,0.2793131626846347,0.7567567567567568,False,1
-0.57249041707292525,0.80778361864427384,0.14050034807654629,-0.81860648324946539,-0.5534605834100591,-0.1535083326511632,-0.046240111825243888,-0.20289654521790104,0.97810778751476535,-6.2018449094541284,-26.171432191979775,-3.584658344083115,,0.2131585825761474,0.2777777777777778,False,3
0.92101084261181509,-0.38948966143024505,-0.006068890378685729,0.3688424343963505,0.86696493435211386,0.33515229552012621,-0.12527683896095579,-0.31091736240163426,0.94214441959667861,10.911577531001727,-11.438377004347116,-3.0331825157848349,,0.3924265366225965,0.1836734693877551,False,3
0.26971590639796866,-0.89137277660672665,-0.3642909592075228,0.96264759734013472,0.25891575183593052,0.07919745441932427,0.023726212744310249,-0.37204462981697461,0.92791155842200945,-7.1778901858713331,18.130547498452742,-0.38730955106801424,,0.2399851169266322,0.3478260869565217,False,1
-0.051668822324991426,0.92748509106856791,0.37027251943005313,-0.99811728582089465,-0.035690094243334469,-0.049880867258221655,-0.033048699597395391,-0.37215268777537058,0.92758296687492525,9.3574398697725076,4.4583481197476784,-1.8841849150501322,,0.3137428400708065,0.3478260869565217,False,3
0.041901359357100015,-0.97423786889284414,-0.2215961436919795,0.99844039291570674,0.04901952939521266,-0.026718299575405516,0.036892517918358417,-0.22013100770450561,0.9747724255274367,-10.091961283102146,18.140965279592184,-0.26616164787207985,,0.172793363019276,0.4736842105263158,False,1
-0.29010150970015591,0.94206003639657643,0.16841615686796005,-0.95699477453663873,-0.28530609098050053,-0.052549366875309651,-0.0014545030972148171,-0.17641803273449513,0.98431425985141163,16.633606166709466,18.458352119500223,-1.203047800051777,,0.1542576289713085,0.2941176470588235,False,3
-0.82700118265445521,-0.56181338780368473,0.020850927381746841,0.55854989743749806,-0.82528580346872815,-0.083218715836864118,0.063961363030293844,-0.057175693065520269,0.99631314563333173,-9.0124059535021139,-21.311016445305913,-3.0936175818756539,0.2397130526865274,0.1654175799676008,0.8571428571428571,True,3
-0.98259379643939326,-0.17840853714439889,0.051767026887918136,0.1747364360515089,-0.98223265226906797,-0.068455786698334714,0.063060360884122937,-0.058218645556784625,0.9963101827215739,14.636398678387531,-9.2772239853243956,-3.0054948932774663,,0.09347901058654373,0.3548387096774194,False,3
-0.73555397645645848,0.66385514580266336,0.13511733090323688,-0.67736863083003207,-0.72405571234756549,-0.13005792318927067,0.011492853716039999,-0.18718886400687079,0.98225670957508726,12.654570823043199,-21.671921988352651,-4.0257091549378776,,0.1562231305984342,0.3333333333333333,False,1
-0.29617977944080021,-0.9550720270161982,0.010722008280665336,0.95354729182806319,-0.29631610258229452,-0.054261677064088465,0.055000913608479148,-0.0058472695859431503,0.99846918276961538,-24.441677578778211,-5.5690615423000489,-1.647790324207135,0.2708218943908512,0.228587014937352,0.868421052631579,True,3
-0.60760361627831561,-0.79401922136237435,-0.018743574701806778,0.79099119356562442,-0.60281691097688272,-0.10461693716563791,0.071768915187168644,-0.078391631870871503,0.99433594668274927,12.279378363085678,18.72023349560228,-1.0102132925708669,,0.2316335684474816,0.9245283018867925,False,3
0.54231966059987347,-0.83989885319135382,-0.021431335345443003,0.84015820660240215,0.54228155276707235,0.0080563892141799626,0.0048552657471457247,-0.022374850533216591,0.99973786187087199,9.2418190392119595,-25.198062794858078,-4.1050586476906101,,0.1411706739902452,0.3181818181818182,False,1
-0.98702670607038645,-0.15841805008753648,0.026115185435007571,0.14979490952630334,-0.96715421442709271,-0.20536360582128221,0.05779071364716562,-0.19878744156101796,0.97833725600826171,4.1323438071221688,22.369818509779215,-0.56433896951278062,,0.22597578146428,0.4137931034482759,False,2
-0.97105737775799084,-0.2351912694330785,0.041624943053780818,0.23158825660191887,-0.96977637546741147,-0.07681576003251292,0.058433282518246449,-0.064952662514679849,0.9961760402290325,-15.176383808512036,5.1156606291857241,-0.92455102247422027,0.2337255436437677,0.2560493153587592,0.5,True,3
0.42574164059623809,-0.90448388334032748,0.025553086702469925,0.90484476199291131,0.42556839490839204,-0.012144873366398447,0.00011025613219148647,0.028292154967324679,0.9995996907817094,5.9920621724278194,19.608432787750171,-0.82613248157846286,,0.2210501010598101,0.4545454545454545,False,3
-0.88211474048189864,-0.47102518009516459,-0.0029773042961303495,0.46689665040522316,-0.87351210387121991,-0.13778288076121706,0.062298494885005197,-0.12293040350862962,0.99045798165710675,-29.486536855264202,-5.8367388761511751,-1.5836764586996845,0.2955981585975491,0.2668801292813824,0.4347826086956522,True,2
-0.99302486237716803,0.095656809585078148,0.068930381406245606,-0.10941323841190254,-0.96547283652567417,-0.23641265869510741,0.043935930182784549,-0.24230554411955432,0.96920465193265537,-4.462464826666575,15.046641583535783,-0.65842778977734961,,0.2752653529897097,0.3448275862068966,False,2
-0.9458246066163517,-0.32269865388784674,0.035796540307629458,0.31880772483049863,-0.94393249820941505,-0.085750063629914816,0.061460947824005401,-0.069692306627812714,0.99567340744315858,17.997568800597517,13.769776173440871,-1.5026442492483827,,0.2405772247356444,0.8529411764705882,True,2
-0.58834972117441231,0.80377958245587766,0.088221246993265903,-0.8086022072539556,-0.58447546973731734,-0.067460326854932307,-0.0026600785745935634,-0.11102615954088531,0.9938139241727193,14.441894678977651,5.1632581130404338,-2.0067716854326978,,0.1370753141813271,0.1428571428571428,False,2
-0.83805980158110038,0.53881317617829161,0.085651212195194101,-0.54546890042826857,-0.83064663308238085,-0.11175799575188522,0.010929210374969248,-0.14037995628138739,0.99003738325126545,5.0420837746489093,24.682584961874685,-0.50511672803076102,0.2649052463240792,0.2638549102319901,0.5,True,2
-0.47492459142309074,-0.87974005481552331,0.022451467987420551,0.87805478543114868,-0.47541312553977777,-0.054791914056351171,0.058876364044237697,-0.0063084084901928114,0.99824534947038479,9.4987936727238278,19.775778253160638,-0.85627846107201888,,0.09180418384203817,0.4166666666666667,False,1
-0.81951713765764789,-0.57241281313837666,-0.02711516993172515,0.5720096541064007,-0.81425016376463677,-0.099003163678435313,0.034592147873359146,-0.096644928290485294,0.9947176187950203,18.450272666431736,16.327986671678822,-1.3952161853312701,0.2348420125319581,0.2303627848379755,0.4444444444444444,True,2
-0.41460201860643364,-0.90955000496177596,-0.028704610108878849,0.90821963837289355,-0.41160993531335199,-0.075593317331281704,0.056940799443633811,-0.057411232571426968,0.99672548664782723,17.350745533629549,6.4173985956217239,-1.9503837321122597,,0.1736169420532247,0.5185185185185185,False,1
-0.86306605734103448,-0.50500000670196221,0.0095903022278078405,0.50099774380506779,-0.858329736849197,-0.11077600616839556,0.064173525444954901,-0.090802291113202788,0.993799125860231,16.13260841627989,17.045721931641491,-1.265308733923175,,0.1857224104014261,0.8205128205128205,False,1
-0.94554472948007706,-0.32271942079554605,0.042395046807787821,0.31966010548296542,-0.94523801603677293,-0.065897723795929605,0.061339885189546778,-0.048757240285442413,0.99692534826068113,-15.828436357447163,21.888752787563533,0.090227203694390301,0.2324194462455753,0.3535195448259807,0.9411764705882353,True,1
-0.58795000935044994,-0.78478127330736558,-0.1960437185193051,0.80652416006016503,-0.55019672024963584,-0.21633850389098572,0.061915795594113733,-0.28531022079942125,0.95643322410052956,-7.727882175967796,21.131866970222998,-0.19633638031454503,,0.2192136586239905,0.3333333333333333,False,1
-0.70905828730409115,-0.70460205569280443,0.027790075906028014,0.70223121216448747,-0.70915686523703014,-0.062990992603569454,0.064091105992823222,-0.025149226641438475,0.99762710795765464,-20.267533282511376,16.82249697726262,-0.11593092295133955,0.2942261832396541,0.1746968490436146,0.5652173913043478,True,1
0.99863820023505234,-0.027634772644373883,0.044250021154669979,0.010104602439608815,0.9345776677865385,0.35561563503902927,-0.051182438793324667,-0.35468422887910916,0.93358419852930175,9.38132958465469,-7.8120551615359251,-2.7448092570039826,,0.4166327693569702,0.1208791208791209,False,1
0.22069916905155265,-0.97065182080118773,-0.095534912755980958,0.97497530525379539,0.22224074812410624,-0.0056748584569305816,0.026740062176869129,-0.091891744180727541,0.99540990372117588,4.559499353522531,14.713971391549292,-1.0005981362659213,,0.2943223476490595,0.1944444444444444,False,1
