axis_00,axis_01,axis_02,axis_10,axis_11,axis_12,axis_20,axis_21,axis_22,location_x,location_y,location_z,dbh,dbh_approximation,score,reconstructed,number_clusters
-0.29997702233505774,-0.92552504538386027,-0.23112156203650872,0.93689684125345574,-0.24023670756601237,-0.25398943518803918,0.17954970041826615,-0.29272805588984074,0.93918698371233045,12.150542255431748,10.040736584818722,-0.46168300630015091,,0.3383965525970452,0.2608695652173913,False,6
0.99341571935921491,0.11436149522556244,-0.0068305885389802097,-0.11428952417825793,0.98512700838245015,-0.12830698351435618,-0.0079443812296863398,0.12824283904070244,0.99171097656608576,-8.6709981360668724,15.301484251445006,-0.71169414625557448,0.2486874746407528,0.2479444327356055,0.9310344827586207,True,5
0.48168464206448203,0.85160455378829991,0.2067597387458299,-0.86681719992450079,0.49769274981999789,-0.030493748402884546,-0.12887143793044756,-0.1645345275121336,0.977916428812861,13.720830381010197,3.1958737281401413,-1.0994242912395189,,0.2173146753046927,0.2,False,3
0.95507848927483696,0.27620393231652768,0.10740794708671568,-0.29179783469856169,0.93976196696674397,0.17804906376622082,-0.05176005206456552,-0.20139223722796268,0.97814214907373764,1.5244300546695611,-6.3845267325049262,-2.6139838714243804,,0.3007245979713968,0.3381294964028777,False,3
0.60013996575202644,-0.75599803678779065,-0.26134075434222276,0.7904523979071636,0.61056283778456955,0.048969661620923616,0.12254398455236697,-0.23596607698874661,0.96400362154950936,9.6764791415263041,3.21557283080617,-1.2109700628558087,,0.4200860958182219,0.3513513513513514,False,9
0.34616795017853352,-0.93744599505910564,-0.036915533543955881,0.92757859813191412,0.34789049154662366,-0.13627233827553173,0.14059052086404961,0.012931057152882276,0.98998338026659993,8.5259637287313694,-3.3027928071329078,-1.9125677758901451,0.3274555196354417,0.2963025282195775,0.9930555555555556,True,5
0.72082724768813411,0.69272336134251933,0.023289990138937133,-0.68647359265070729,0.71815779753494213,-0.11403238326454729,-0.095718783859705198,0.066209685772426308,0.99320400317675728,-21.249223166562427,-17.954780827300112,-4.7152091030178687,,0.1733014501344242,0.7272727272727273,False,1
0.11180242086516581,0.99071405681966496,0.077368445173790698,-0.98381602410824653,0.12132142458042183,-0.13186031490034869,-0.1400223174944995,-0.061374013700413538,0.98824439337937608,4.8495537537500502,17.649137380694825,-0.21299872505798922,,0.09035301045567838,0.2142857142857143,False,3
-0.92813405279207506,-0.33953688701752066,-0.15258401751890485,0.3708898774069142,-0.80853602716392659,-0.45684810562708811,0.031747108291026574,-0.48060815133789214,0.87636061412111155,2.5655209353649302,-6.8394009575647541,-2.5915358348962965,,0.5039774695874852,0.441747572815534,False,3
0.45794571494959047,-0.87437378656478892,-0.16048739367208995,0.88136203140388747,0.47014512159840166,-0.046524555202989828,0.11613221671405609,-0.1201417746064038,0.98594080057349398,5.92283729681591,8.9896124368552375,-0.85414258855692249,,0.1749902652668926,0.3076923076923077,False,5
0.82156195094778761,0.57009876807935267,0.0048327413823716636,-0.56535750408289809,0.81576412224237727,-0.12206469366397177,-0.073531308515628724,0.097551481262600909,0.99251038038473505,-1.8423576493375051,12.931383048837285,-0.86895130402748921,0.2762871698096081,0.2416138197641133,0.759493670886076,True,5
0.61518471482891968,-0.78709392754486407,-0.0450656838721092,0.7788828555872982,0.61562511409698362,-0.11977986544178382,0.12202157150699479,0.0385858538207473,0.99177712615883962,-14.649378177158617,-0.50532970230998475,-2.5863240649431396,0.2869409471812115,0.2640188416858111,0.9818181818181818,True,5
0.87047828528356697,-0.49159263201641784,-0.024581273298038969,0.48534520196394926,0.86558213486731383,-0.12331910934286645,0.081899876558853557,0.095416203790107276,0.99206257780138563,12.889637068749655,4.3955902432231211,-1.0030372140767294,0.4002406270957849,0.3574043213348938,0.8770491803278688,True,5
0.12581843477189092,-0.98374827602858628,-0.12809781763298911,0.97947235766397533,0.14368174633480604,-0.14138407386390089,0.15749165706069626,-0.10767954857336447,0.98163205569872825,-3.6132223440522258,-8.5063620501748645,-2.9044511338815564,,0.5460817358000745,0.6328671328671329,False,10
0.92773989459862871,-0.36921240811136735,-0.054597487732781627,0.3683266426458805,0.92933696412579003,-0.025851333170170354,0.060284096471126147,0.0038736037570127214,0.99817374384753033,16.698567658403938,13.078602488102433,-0.048547881854625184,,0.2128842648863897,0.1304347826086956,False,3
0.67723246785418445,-0.73275572856690008,-0.066522377712486758,0.72570463777284955,0.68013607480143212,-0.1037675212611269,0.12128051450710732,0.021999136485155606,0.9923744629900545,-16.723816309237872,6.6303393920875902,-1.849155971272173,0.2932972264592614,0.2825037582114204,0.9772727272727273,True,5
0.35174873326629075,-0.93543500024421933,-0.035131025656208015,0.9253638665837135,0.35313780236537629,-0.13782382581321628,0.14133132372832019,0.015970374405432433,0.98983352341419062,4.0299749095686144,-4.715863731463469,-2.2316431790206077,,0.1959440586376986,0.804093567251462,False,5
0.99849307241737928,0.054744501113844067,-0.0038241250371124566,-0.054722924525655588,0.99848623243390711,0.0055358080984036218,0.004121391253271673,-0.0053181987307055496,0.9999773651920324,-16.004000397957693,-18.902237852940527,-4.5785198267720952,,0.2664816756420192,0.5263157894736842,False,2
-0.57096759495821703,0.80434402748267109,0.16439796519599664,-0.81443865498837398,-0.52973672792982007,-0.23678825212187948,-0.10337157621104701,-0.26909047648544271,0.95755137339804375,1.6004076574177242,-4.3873919057047353,-2.3709653045838261,,0.4444920155805588,0.205607476635514,False,5
0.6405212075682063,-0.76686754388381417,-0.040580201982892,0.75871053236957486,0.64010680938376596,-0.12091981083350628,0.1187051419562042,0.046663076603891657,0.99183246899615862,-4.8245540376527618,-2.4432095252371941,-2.4147843386047927,0.3171837318226221,0.2626481644192208,0.8801775147928994,True,5
0.99437439759692392,-0.10538468224000738,-0.010659556882243557,0.1038492681716689,0.98977599833294361,-0.097769129198493857,0.02085394216837495,0.096112131769072906,0.99515203422534415,-11.934474238152488,-18.957146763952014,-4.4559849377962211,0.2240277804687917,0.1410991056746652,0.391304347826087,True,4
0.11052144962427671,0.99386639915242636,0.0038196608143570912,-0.98325453369772209,0.10990006443495166,-0.14537020946558296,-0.14489834759521053,0.012310827469416846,0.98936995729160604,-4.06110856250229,1.7600825468976213,-1.9754936013710191,0.2524602938023206,0.2355776976418325,0.9498069498069498,True,5
0.60146259522529044,-0.7975063843991923,-0.04718382548486745,0.78950196095897895,0.60238179289976113,-0.11757052872551299,0.12218592466722913,0.033462552583407489,0.99194297083442107,-8.9150424711360277,-4.7734949637262849,-2.8242061242044567,0.3209040365348815,0.2958990617242919,0.8971428571428571,True,5
0.99815220777859681,0.060696621225850567,-0.0028443414841483293,-0.060761624553802678,0.99737195503383003,-0.039461478603552216,0.00044168800701703537,0.039561388799706117,0.99921704420408231,-1.0583775856912883,-21.910347121520175,-4.3283932548336139,,0.2033676802061939,0.3076923076923077,False,2
0.99547844188731605,0.094985960962495092,-0.0005822006799783945,-0.094730131545735563,0.99230888057567623,-0.079682417809547684,-0.0069909881224351524,0.079377281073863049,0.9968201308833966,15.227747972807945,15.170531371714086,0.061474331815136944,0.2054876365825586,0.2457297580921551,0.3043478260869565,True,5
0.038621490046228169,-0.9976759762276709,-0.056134008985402398,0.9873295240165687,0.0467529320998364,-0.15163961997210595,0.15391163540104996,-0.049566216299332611,0.98684061463335748,-2.4430984198673742,-19.768680245559842,-4.1365327404639416,0.1544212860889802,0.1498846389215615,0.1212121212121212,True,4
-0.80969755141771194,0.56244949913088749,0.16745278784056333,-0.57939459679685457,-0.72084821818623801,-0.38036791076579701,-0.093229697150496338,-0.40500420647832874,0.90954923797675036,-13.5645897247952,-16.29138587525674,-4.272369260095422,,0.2731606605268004,0.3421052631578947,False,1
0.58887584938988036,-0.80768771807262862,-0.029424209079913825,0.79874383561403817,0.58714269435466715,-0.13142199790947598,0.12342414299448598,0.053888835027057908,0.99088973876284803,-1.3083824996056692,-9.0841287628705985,-2.8492998570938206,0.2591795617996734,0.2513631645157416,0.9976133651551312,True,5
0.88847273236765212,-0.45828995933544736,-0.024218113292997417,0.45338500448979263,0.88469396022069957,-0.10843723739014215,0.071121315672231927,0.085363399190339348,0.99380825541737261,6.1185198267287948,20.250807859284457,0.15628886486292293,0.3214109571790191,0.3101219016245386,0.782608695652174,True,5
0.88538204587325109,-0.46410099416647266,-0.02662517716349554,0.45859336466962203,0.88138076122836762,-0.11340229105929898,0.076097034937578231,0.088194222884463838,0.99319233803101514,-8.9659371911022472,3.8367943099284556,-1.8911740415295457,0.2985310074390244,0.2865477815697787,0.9768518518518519,True,5
0.25242580621554683,-0.96742939999884403,-0.019014951335961559,0.95669681378892113,0.25247294125090813,-0.144874498867962,0.14495661020649869,0.018378518819352818,0.98926731028749193,9.6778596004360491,9.738662654854954,-0.59931911174383368,0.2497642323869375,0.2756221501211426,0.9849624060150376,True,5
0.34921386142464245,-0.92824789894593951,-0.12808402356008272,0.92640852562311948,0.36254504357928297,-0.10162841644389843,0.14077259194065175,-0.083168079685327717,0.98654252208395266,4.7821890494984736,-2.1704403203546447,-1.9600199526436188,,0.09305861226966383,0.1470588235294118,False,1
0.24723438207544601,0.96873986495501974,0.020450779122131783,-0.959090504048565,0.24766680453975107,-0.13713700803553522,-0.13791506576020648,0.014290835384909766,0.99034095475263428,15.82173312924934,8.3147808337058091,-0.51236396072319046,,0.2770931711233142,1.0,True,5
0.76728333471486954,-0.63980287754837395,-0.04391539763739969,0.6323861204926069,0.76621537580792398,-0.1140254028005723,0.10660243372991314,0.059718303361223912,0.99250674827253293,-4.5086109826151439,-21.58009104340303,-4.4266719530447309,0.2634862336925459,0.1940816014946569,0.5238095238095238,True,2
-0.5750418359470626,-0.81727023871074789,-0.037366346199615028,0.80995103999180951,-0.56226337978599106,-0.166850845271522,0.11535250203969781,-0.12621112735932738,0.98527384599606116,-21.8293826186645,-14.935793364161443,-4.404083904067492,,0.2150073826389978,0.9166666666666666,False,1
-0.28299294726876267,0.94224857759756098,0.17911619081342736,-0.95121573222256972,-0.25179346743606995,-0.17829380395516053,-0.12289679641235482,-0.22083402765854163,0.9675374461278935,2.8749311811654552,-8.9666984674321473,-2.7815125049975622,,0.2400690313869244,0.1904761904761905,False,5
0.98574483096652521,-0.1678361702233212,-0.01175364571297759,0.16529129526054614,0.97909788315181256,-0.1185163403026446,0.031399298302172439,0.11488409451446988,0.99288253529494774,6.9267366283745195,3.2146108988917534,-1.3093659108710547,0.2904691268117554,0.2570100531554497,0.9701492537313433,True,5
-0.81916108812655075,0.57354960595478299,-0.0039951481121318945,-0.56641060172105995,-0.8100223217046334,-0.15179877666905608,-0.090300287692298226,-0.1220847568263459,0.9884033438800881,8.8429550921740905,-6.3360595485427442,-2.2364805506727374,,0.2165928553888522,0.9920634920634921,True,5
0.96746637385480228,-0.2525204235320424,-0.015564419662723995,0.24910172858278609,0.96151391064017622,-0.11592811765272149,0.044239623385688293,0.10827943177091888,0.9931356505422908,9.0018247431157405,14.02242820569354,-0.28824867585528108,0.3434337688803221,0.3170767964178672,0.8658536585365854,True,5
0.29264800570314087,-0.95564186758282932,-0.033253055209675329,0.94564138995242242,0.29439384508954375,-0.13818330428183317,0.14184324575680854,0.0089936030709067381,0.98984827561448918,-23.411567685317852,9.1570536795665021,-1.7313302896875495,,0.2045344391005449,0.9210526315789473,False,2
0.59181859045994623,-0.80537196382972531,-0.033567184318215461,0.79673402265693138,0.59077579335288799,-0.12727473877077802,0.12233418625595317,0.048579438709361267,0.99129934177713286,0.53471232169611171,-4.4604083777836356,-2.4006093452293347,0.2392217380380884,0.2291681148705876,0.9567567567567568,True,5
0.71019123834853526,0.69236932977649734,0.12748770983047278,-0.70333162761040235,0.70571851452483536,0.085358068510033303,-0.030871128516426333,-0.15028669083356869,0.98816035337510832,5.0371908612865655,-2.6183490381095069,-1.9819857524759039,,0.4901915615919641,0.34375,False,5
0.62648326883061023,-0.77806990023632316,-0.046107962669724112,0.77011899225885538,0.62703015123428807,-0.11726008359758215,0.12014762435237561,0.037952862729247014,0.99203030627755329,-8.2134492631443905,8.3311639592453197,-1.3881085995145679,0.2627732668763201,0.2453161068018758,0.9722222222222222,True,5
-0.9886348871828996,0.14181076458977213,0.049907583505114081,-0.14584709734919882,-0.8241983223555206,-0.5471980899282809,-0.036464832917059306,-0.54825799809287756,0.83551390382657398,3.2969789800324163,-5.068237879124303,-2.3300032224089438,,0.4927627424287403,0.35,False,2
-0.89644318458195782,0.4431302852474519,-0.0050166834730919312,-0.43713091289726075,-0.88605401362523351,-0.15435300427339149,-0.072843543338889621,-0.13617575127432238,0.98800302780847216,2.4566764659065914,-22.418598225153278,-4.3082764926229222,,0.1331146816877638,0.7407407407407407,False,1
0.80156590886071299,-0.59738750730556645,-0.024905016915104369,0.59103243017824658,0.7979608423146981,-0.11806422239617786,0.09040331979466118,0.079916583057961177,0.99269359800617474,-1.1939214037230359,15.870605606758545,-0.55253644141947345,0.2832400608167226,0.2601758471890873,0.9764705882352941,True,5
0.32838459127091807,-0.94354921066764763,-0.043341057489316798,0.93385782518996518,0.33121013335676158,-0.13494224651037159,0.14167964761143989,0.0038385687770812055,0.98990511810094339,-13.12826304993875,3.632475806230429,-2.0757813214674137,0.2571840661917222,0.2438846261867094,0.9856115107913669,True,5
0.19093711619373735,0.9814169503029887,0.019073209420547601,-0.97179075569754636,0.19173334430626868,-0.1373355446413109,-0.1384404016189307,0.0076872842483366836,0.99034093162934267,-10.050678237850883,-24.476695234663179,-4.9901388688926467,0.3868760481038488,0.3294966955148121,0.9444444444444444,True,2
0.47186783964705969,-0.88112203939665668,-0.031059517000311742,0.87162623129461325,0.47150530906091975,-0.1339793135021809,0.13269685311252055,0.036148239470857532,0.9904972740786272,-4.5432938278840673,-19.805960704982521,-4.2009700150124312,0.2196889561190739,0.2327460133896745,0.9866666666666667,True,5
0.9918225985885657,-0.12704260761912872,-0.012169995002319252,0.12448275124832281,0.98402787628976018,-0.12725243937273858,0.02814209606039704,0.12469689063483649,0.99179569866748785,4.2001235504649221,16.615221852349443,-0.33774475315654517,0.2952661698071894,0.2736842793716269,0.9701492537313433,True,5
0.6276225898072143,0.77353794298715128,0.087914364713007329,-0.77083853758725118,0.63327862126545764,-0.069037213287250002,-0.10907719163066647,-0.024438465731869925,0.9937328250886347,-22.698239694190907,-12.826617894425492,-4.2044986203523189,,0.2194163097588657,0.4722222222222222,False,1
0.9929171214193786,0.11874096384315917,-0.0040216287559606441,-0.11849361115588766,0.98724847812886907,-0.10630007783377865,-0.0086518268296642692,0.1060237046033936,0.99432596262728645,-3.3290266253182987,19.483526649279149,-0.30356729510208852,0.3783492059441632,0.2959965864424932,0.9027777777777778,True,3
0.87407039159243327,0.45481960050868581,0.17070466172477441,-0.48270535793440789,0.85271347618276938,0.19968791890776197,-0.054740185995896931,-0.25694135231491472,0.96487546010234793,7.6391930870411038,8.0114165157147035,-0.82037102185437338,,0.7275961895082456,0.3081761006289308,False,2
0.48043770242816025,-0.87659827338751872,-0.027478740501909203,0.86678721989153074,0.47936843780094446,-0.13742567545037995,0.13363955072605432,0.042206254682247889,0.9901308512249456,2.7121007035161511,-0.72531075789962784,-1.8625975063901137,,0.239711774471001,0.8799454297407913,False,2
-0.80489830876882518,0.57297537157213441,0.15439538889765334,-0.58069518278519716,-0.70694455427038183,-0.40376045110624204,-0.12219581511307796,-0.41464276282026691,0.90174251425205876,3.5592785048368292,-11.231968514501053,-2.9248613568946871,,0.4792199262493893,0.3008849557522124,False,4
0.41177545718084885,-0.81619190292397659,-0.4053045157222408,0.90494708508823463,0.41860642636081069,0.076416182839358873,0.10729280522854348,-0.39824544870063283,0.91098233601723622,14.076478179561988,3.3511865744606091,-1.0652821960459609,,0.3582869178643177,0.2142857142857143,False,4
0.77188299711092612,-0.63444812443903575,-0.040892739781583053,0.62778279864484465,0.77077413246299353,-0.1086093663160152,0.10042607478489263,0.058161964561986676,0.99324306661641959,-13.82960530427105,11.029085245121285,-1.2911565362886255,0.2942508838099099,0.2675227474150547,0.8923076923076924,True,5
0.8462594740161834,0.53186616211884907,0.031036885005061476,-0.52701834196844566,0.84423793532038449,-0.097539611414049071,-0.078080534492803499,0.066186812575763296,0.99474757399773406,-23.609152230102502,5.4708900706515422,-2.1668422369275002,0.2096467017030651,0.228441911470902,0.9361702127659575,True,5
-0.21458410817011397,-0.97399794568742626,-0.072675046044097052,0.96798462110921479,-0.20215737574165912,-0.14878900742090201,0.13022839097865077,-0.10227608337202068,0.98619479260093057,-19.301799356875538,-14.781703049072277,-4.3224439872965119,0.254977126046697,0.2571219822373667,0.2105263157894737,True,3
-0.94322344149244264,0.31335488984830473,0.11017373746638384,-0.32895595616559403,-0.83529418151757484,-0.44053559359723338,-0.046016500544203261,-0.45176580584528941,0.89094900995883242,1.8205644770673159,-2.4651058669936416,-2.0933994619970093,,0.6449455656639665,0.3720279720279721,False,5
-0.93841626585276117,-0.34397727825607194,-0.032473743647827624,0.34285410501400004,-0.91546501089713583,-0.21065345118976034,0.042731424713072744,-0.20881438136932171,0.97702127892658452,0.51039062488492504,-23.950191961527182,-4.5716587146202041,,0.1487064522894627,0.3043478260869565,False,1
0.96534984869793095,-0.26009265548871868,-0.021248062963654925,0.25699105890933854,0.96165959871254258,-0.095741380002002052,0.045335033467922468,0.086963364498261878,0.99517943506465401,-5.7044583854609421,-19.87064474652794,-4.2485733462259621,0.2221719954647906,0.2617299483268201,0.8095238095238095,True,4
0.6100845424669521,-0.79088521530542133,-0.047931484998790283,0.78269961797418597,0.61096685274192053,-0.11874684363678026,0.1231996715334715,0.034929658772051175,0.9917669886985121,-18.066079614915203,1.8993731765596096,-2.4130740410104181,0.2681838860889655,0.2442164825450483,1.0,True,5
0.99676169384864155,-0.078931534578772389,-0.015360290525479952,0.077006071039522644,0.99197019595179414,-0.10032544725250744,0.023155791911378933,0.098817727116139023,0.99483610012331058,-5.6520940767564678,5.7109812192984357,-1.6077830121528049,0.2616201013313345,0.2234345043100268,0.8995215311004785,True,5
0.92239091004577078,-0.38582455494393703,-0.018287205014665246,0.38079174903055685,0.91625505660176187,-0.1243958002584989,0.064750698337430301,0.10777793862389393,0.99206414258897602,4.2385027152424506,7.5835320188613933,-1.0947008264531473,0.3557435178713311,0.3032562562665043,0.9757085020242915,True,5
-0.28784120017590759,-0.92863552387756843,-0.23405876884647364,0.94850594714560554,-0.24269423486288105,-0.20355828795148229,0.13222674355330283,-0.28059859614216642,0.95067371696725389,6.2901592315010433,8.9765284876067923,-0.82737560464027948,,0.2188084212570606,0.3055555555555556,False,4
-0.27969582571030827,0.95375275594352815,0.11011778062763113,-0.94955100159697581,-0.25785382370174165,-0.17850574491755861,-0.14185605537448959,-0.15448976060735337,0.97775752281487127,6.1612348810690962,-2.1068232482623528,-1.8598657816747244,,0.3151478593507399,0.1515151515151515,False,3
0.86991119353758251,0.49240130150966677,0.028204142064659134,-0.48590148987169129,0.86542794969742765,-0.12220558916422784,-0.08458284399621438,0.092603575277046227,0.9921039866603798,-6.6127996585126798,23.696402180696388,-0.12801126065547774,0.3045507217316338,0.2828374487086001,0.9787234042553191,True,4
-0.69367372032415675,-0.71565245893463814,-0.081598576902106382,0.71312423046856266,-0.66641300171140894,-0.21759490588846425,0.10134397688201868,-0.20912979025188028,0.97262229523024046,-8.4522835055599703,-18.440962845769977,-4.1905931763212809,,0.1238800210722419,0.5,False,2
0.998473128370995,-0.055228487863250575,-0.001107271139791359,0.055142491858505997,0.99770580700938205,-0.039273760341894226,0.0032737612424902571,0.039152736661652733,0.99922787476092267,5.3934805311799519,-23.765536597191808,-4.363387148005935,0.2456377917504184,0.2280071615216168,0.28125,True,4
-0.65952137162144131,-0.70582818374697986,-0.25853072429212559,0.75027746838700005,-0.59708231257896971,-0.28385988169542814,0.045992182002658311,-0.38118143584622244,0.92335552858086301,3.6045694651280926,-1.7555259376731254,-1.9676030745083917,,0.4152510375169323,0.3375959079283887,False,3
-0.29349443328683561,-0.95376764992599117,-0.064716980648759068,0.94594221623271502,-0.27997690154116472,-0.1637261681960131,0.13803746295255981,-0.10927124305169084,0.98438074659328834,-14.951141330960315,-21.757062997094923,-4.8369529779670311,,0.2306013169771373,0.7027027027027027,False,1
0.83067340951100332,-0.53937566763788236,-0.13804193526444142,0.5532382985354678,0.82748889614537025,0.095861941299432513,0.062522570044298439,-0.15600005101378617,0.98577629932898592,7.0813348274765984,8.7800518906939082,-0.79947145978412015,,0.3950603777899432,0.2714285714285714,False,5
0.28731674063511797,-0.95723786656915333,-0.033834263061991311,0.94682052403254902,0.28917702808506429,-0.14109408810655105,0.14484469552434998,0.0085037188350486591,0.9894178596247557,21.713585785240394,3.7474515454904234,-0.80779859210478888,,0.2096497331931039,0.9772727272727273,True,2
0.70640281968446095,-0.70449341104443586,-0.068440413038043366,0.69923920988142096,0.70958093845406478,-0.086944920191202646,0.10981613591020523,0.013561916443626452,0.993859391823676,-14.100253056045432,19.646558987902726,-0.40712165564651676,0.269550182581099,0.2443871990874946,0.5208333333333334,True,4
-0.96602467075635945,0.25135093921113338,0.060158464472987401,-0.25199425332010927,-0.8643241523458326,-0.43525010736965719,-0.057404109467068282,-0.43562192900419805,0.89829744694447045,-1.6368493035096121,14.547743129046097,-0.6785294477126198,,0.335215991834219,0.2307692307692308,False,5
0.17163553433434461,-0.86035017494082966,-0.47993626642820925,0.97423335174783054,0.22058601815229756,-0.047023238275384252,0.14632368125479001,-0.45949905884016701,0.87604223370169143,-18.2881992492715,-12.481747018289752,-4.0776245463863452,,0.1610299583805648,0.2,False,1
-0.31610326223681406,0.91800277297409194,0.2394778411776789,-0.94733319233046576,-0.29175159926749389,-0.13206372338317898,-0.051366821122326968,-0.26861108155982188,0.96187812978102882,12.125533803432186,7.8899825387140687,-0.66351288763469807,,0.4386119280971946,0.2888888888888889,False,2
-0.95586791351755485,0.29326698505586352,0.017635401436930858,-0.28926816698991681,-0.92893853176159735,-0.23107819407054242,-0.051385401369372752,-0.22598159147340613,0.97277533934678717,5.834844211088253,14.534701752993103,-0.3833859464156103,,0.6095018636050835,0.2909090909090909,False,1
0.74640119297344443,-0.66454896416637177,-0.035495539906050783,0.65547371528827902,0.74333560727085346,-0.13344056178483629,0.11506288582336273,0.076333801088865894,0.99042096257971313,-9.2057936649911056,19.355442369484546,-0.35156641542665362,0.2182347805068211,0.224379293448381,0.24,True,4
0.53193846846205595,0.84205351172492204,0.08937197078485129,-0.83824617964699677,0.53858357484982233,-0.085270599911109135,-0.11993668361871934,-0.029557000756368523,0.99234146120618738,-8.9142564901874621,-15.823984830050181,-3.9141507993907085,,0.5548504945767132,0.3090909090909091,False,1
0.99856055746624173,-0.05265339535137125,-0.010219248048728227,0.051097133221766407,0.99179302798092261,-0.11719928594044753,0.016306319303457089,0.11650841002436652,0.99305583646860895,-2.0884615401419917,-1.6968966052778429,-2.217240511386898,,0.2585520894355726,0.9803240740740741,False,3
0.92304871089705065,-0.37909077190843754,-0.065354907735837076,0.37924194546205853,0.92523728811923223,-0.010559710030287425,0.064471886225299396,-0.015038195624328786,0.99780620791760888,-17.339286814890421,-26.190297170624177,-5.4273371290684596,,0.1557417927394586,0.2380952380952381,False,1
-0.48334947575205972,-0.87433643486762636,-0.043693053832132324,0.86651984711173147,-0.47073319161913707,-0.16599282174094721,0.12456580129261079,-0.11809344169355587,0.98515851525391607,-7.6954175990881035,-21.348843054902964,-4.5211389533230379,,0.1702713850928617,0.6739130434782609,False,1
0.56978730424640112,-0.81594061198812906,-0.09789456383301616,0.81219233891694875,0.5772762578948134,-0.084236136399869349,0.12524389216339341,-0.031512533687378233,0.99162539685930118,-16.323946396262105,13.468854755484578,-1.0455351838672746,0.2310828501810562,0.2105922894793999,0.2962962962962963,True,3
0.62144749975950886,-0.77994079858349086,-0.074130666714947682,0.77415459118309859,0.62585137919626499,-0.094840498249763205,0.12036475394726506,0.0015497945284205401,0.9927285248969806,-22.084870585448183,14.269620085600536,-1.0892839632125302,0.1865488323084711,0.2442784548323925,0.71875,True,3
0.93230595759606083,-0.36142184365173746,-0.013410904603017724,0.35646070471474095,0.92451530776153668,-0.13493410135640943,0.061166718280143417,0.12101940607179731,0.99076381440223549,10.700558526062308,23.437679042506161,0.66767380110727714,,0.3059934738888723,0.9782608695652174,True,1
0.89619360953323401,-0.43934953676372979,-0.061717086591077858,0.43588935611667029,0.89785645358893407,-0.062082670471704543,0.082689077005304951,0.028736271403917449,0.99616100267467433,-11.756732644608046,23.498072267670796,-0.12153132533815716,0.2135791272276936,0.2104224834469602,0.44,True,2
0.65433874551253435,-0.75491691990882825,-0.044059620475544251,0.74665483776738339,0.6542093639683858,-0.12048510835219756,0.11978046318011674,0.045940745873858782,0.99173690488400634,19.975821356146973,-0.73310389909696561,-1.3465440472106818,,0.2513116646374641,0.9166666666666666,True,3
-0.9695497645541038,0.24388759034114604,0.022183266907117111,-0.24284486766406649,-0.94578848981593933,-0.21566293789362256,-0.031616835741501613,-0.21448304317422345,0.97621585722032833,26.942285358480678,3.3132867902205434,-0.7604071855440796,,0.2069910045164778,0.65,False,2
0.85285879258296071,-0.51030583442485056,-0.11054336373519363,0.51532671675718322,0.85674097254297654,0.020815402046958337,0.084084807844199999,-0.074718547349850159,0.99365330159554754,4.1082977319197811,17.659133299399354,-0.30106019119304095,,0.2896352312392004,0.3103448275862069,False,1
0.80684600866074163,-0.56641927489378363,-0.16783540549309295,0.56142142281834073,0.82359895499763802,-0.080565174408231299,0.18386273224571781,-0.029222702742887439,0.9825174447996029,7.600801998681364,-2.3762497505520583,-1.8552503826300988,,0.2101029873125437,0.3820224719101123,False,2
-0.80456240642549226,0.55788207528359612,0.20358517687712066,-0.5863465656206952,-0.69184891202125121,-0.42135826551739364,-0.094218040478650178,-0.4583804893451271,0.88374786440255948,6.5947522028291266,-5.5029365976581079,-2.2199011032349936,,0.4488560896508864,0.1313131313131313,False,1
-0.78814091159733612,-0.61497386776158769,-0.025318875110729749,0.60977349139020698,-0.77455803318591976,-0.16803613428354117,0.083726893315808071,-0.14787493092986484,0.98545563681891357,5.9714996406275374,28.399409619702173,0.70848888035909718,,0.299894377314144,0.6333333333333333,False,1
-0.1928913102306232,-0.97733975586628308,-0.087177657921898674,0.97080061419759733,-0.17717496319314452,-0.1617256933547547,0.14261525132706435,-0.11582760474404188,0.98297754606510535,4.4583603369711504,-24.401130997677541,-4.4872279210709509,,0.1249899207669761,0.3636363636363636,False,1
-0.46235537288080181,-0.83408434387199648,-0.30088339348637494,0.87763878743486523,-0.38210706119019677,-0.2893861651469396,0.12640280043620591,-0.39786618491172776,0.90869402493120455,10.667531494001606,-9.331495137090478,-2.5021758980993862,,0.1879525168517975,0.1739130434782609,False,1
0.93773163975888019,0.34646935463010609,0.024866807139630874,-0.34468756028307873,0.93699212097539908,-0.056888056884749419,-0.043009970718668793,0.044774451780243273,0.99807083460371604,12.461272910768889,2.1696332526760638,-1.23161148856592,,0.1569355620111469,0.4,False,1
0.12661633215709533,-0.98711010282923373,-0.097887431897783442,0.98100874545003092,0.13922585283315131,-0.13504815161059205,0.14693585601084541,-0.078929125139841433,0.985991910424735,-30.61859328015224,21.092837221400426,-0.60128273383182484,,0.3318419690901974,0.9545454545454546,False,1
