axis_00,axis_01,axis_02,axis_10,axis_11,axis_12,axis_20,axis_21,axis_22,location_x,location_y,location_z,dbh,dbh_approximation,score,reconstructed,number_clusters
0.99926423860452751,0.02748581970834146,-0.026749040376698979,-0.02594622056602202,0.99807699132917338,0.056294875589560145,0.028244912541076479,-0.055559419491795131,0.9980557979498349,-3.6680272544871313,10.681146443369423,-0.050787833859560101,,0.4205005766574842,0.2261904761904762,False,5
0.74081008807360871,0.64151161942400781,0.19915635955791069,-0.66770564005752864,0.73562201902239577,0.11414649957305201,-0.073277497526450006,-0.21753870293214883,0.97329713915271543,6.2316736709542404,-11.638560138238503,-5.0196099971145234,,0.4010618849587677,0.3376623376623377,False,6
0.26589136061182239,0.96389632194875385,0.014341021081386109,-0.95247783798615793,0.26497691922763345,-0.15024380327269837,-0.1486194889548704,0.026289024521560234,0.98854495835672396,-12.217285469538238,12.328114092295548,0.37254800992389742,0.11743969481012,0.1662215559459037,0.8421052631578947,True,5
0.06623801623402957,0.99771341273569392,-0.013433958935227789,-0.98526860659171978,0.063272549784861215,-0.15887843563092791,-0.15766514538790452,0.023759850399680947,0.98720675212378584,-14.149692134401008,12.071643987978002,0.32941260151197044,,0.1995895483490517,0.78125,True,5
0.39316037855103636,-0.91564229653390272,-0.083809913111303119,0.90526983616065337,0.40143465904399805,-0.13905660090729488,0.16097030929729711,-0.021199040458175594,0.98673155427825632,-8.2885795078637514,16.413327693783923,1.0057707662932669,,0.111318253612296,0.2142857142857143,False,3
0.58620752428038714,-0.80550428610916913,-0.08673859312218174,0.8008086709854928,0.59233078577556297,-0.088598604373605783,0.12274449458735889,-0.017523848956776902,0.99228358031675234,2.8056759395993951,-16.161612677986113,-6.0219751257130349,,0.1289399559767634,0.3793103448275862,False,2
-0.12563567388650448,0.99207599492116205,0.00094749578888319707,-0.97844057596400047,-0.12375097861748784,-0.16534731506271499,-0.16391984856727565,-0.02170058967862671,0.98623494546344348,-2.0461376361738144,-14.631744013611677,-5.3905645381182188,,0.08320019785860683,0.2592592592592592,False,3
0.67237200515344986,0.73914355514850327,0.039783056297385405,-0.73414980353292825,0.67276548022916016,-0.091709730043166765,-0.094551322880709984,0.032456332116540712,0.99499077073460784,-0.98877216863542861,18.615903144344049,1.2580261148636374,,0.2434507237147143,0.5348837209302325,False,5
-0.50066390382242421,-0.82834459505924962,-0.25135808569731311,0.85678463000582916,-0.43275846957331571,-0.28042860909389289,0.12351418216166173,-0.35576022662558709,0.92637946218396205,-2.2702275847034197,-5.2811614843109416,-3.152486742341758,,0.6715323676402553,0.4035087719298245,False,1
0.07859778536226121,-0.94864972170989381,-0.30640837722864001,0.98829582370552227,0.11445692861642714,-0.10085125848454982,0.13074308005539448,-0.29489543399556867,0.9465426192339117,-7.1135498221917173,8.3926692265962739,-0.43411179914590908,,0.4773882071896078,0.2555555555555555,False,6
-0.99943504458501931,0.023582693086683551,-0.023946779368432102,-0.014408159360156304,-0.9443419185935974,-0.32864988320523758,-0.030364396901526265,-0.32811918166078496,0.9441481907132292,7.2856690818182077,-5.0169432608958173,-3.5387237015936575,,0.2279496455316009,0.3170731707317073,False,4
-0.63631177939504679,0.77131375283360049,-0.01350607614580571,-0.75819956038998193,-0.62853006255080002,-0.1734456315227472,-0.14226997584714315,-0.10012519742619337,0.9847508308261631,-9.3041504787615512,-7.995510101808514,-3.5355568988862673,0.2864974929480843,0.2610891436806252,1.0,True,5
0.70836184942782177,0.70443082138933677,0.044729276228661158,-0.70363573946068714,0.70973587392125081,-0.034230621128605157,-0.055859076512304352,-0.0072254512649735179,0.998412518163314,14.497689705763056,-12.658050560617895,-5.714550896620386,,0.1668713546492155,0.1666666666666667,False,2
0.95646908927024366,0.28963447640844614,0.035759632914166492,-0.29136728074815371,0.95466906423346787,0.060926886552829879,-0.016492088405573931,-0.068693870696009532,0.99750146022390496,-0.86583477360254824,-14.71612890034978,-5.4029380870824406,,0.3923704762803396,0.3246753246753247,False,5
-0.39666413812814966,0.89915496282746465,0.18487269767543232,-0.90616049259433562,-0.351348502575063,-0.23543022618060447,-0.14673351077460761,-0.26091106255005847,0.95414605499093086,3.3998944809902487,-13.437874428877274,-5.3176068914179897,,0.5198843018927589,0.2315789473684211,False,4
0.17981811085550661,0.98360211738016368,0.013868009720776675,-0.97449496852554651,0.18004186689651111,-0.1339570172958964,-0.13425722821044248,0.010573592089626289,0.99089010279827294,-2.4610521524387008,11.494551233257358,0.098946462080907599,0.3357439826831805,0.3164226609193046,0.9649122807017544,True,6
-0.21180232954560801,0.97730928100283887,0.0025184250573510964,-0.96418935276642581,-0.20853672059562331,-0.16386374881310817,-0.15962037843244256,-0.037134962352730713,0.98647976632070189,17.475847153153818,7.5899781847589365,-0.90890393351539112,0.3231404605545693,0.2726469459737469,0.9108910891089109,True,5
0.18451175782384283,0.98126497984670902,0.055447728097682475,-0.97208798047023104,0.19052279784399453,-0.13691611200660553,-0.14491504218011497,-0.028637437527393651,0.98902958890106085,23.2611225134896,9.6374524376617376,-0.59159686375666687,0.1766999103266615,0.1724334860165567,0.4814814814814815,True,4
0.5582852074249095,0.82947547453067016,-0.016972457766765078,-0.82144141350316646,0.54977597438749004,-0.15159281700728983,-0.11641147431608906,0.098573906985595497,0.98829730016283535,3.2017482918100781,-7.5598868379076292,-3.7639379914589073,0.1958184102083642,0.1946162382067898,0.9072164948453608,True,5
0.048128338429452085,0.99883253646232228,0.0041505595121143508,-0.98608795238808156,0.04817533092554184,-0.15909018714331544,-0.15910440972864556,0.0035639296370726381,0.98725532928946069,4.2132013038938485,-3.0455577929424171,-2.9336337627315938,0.2382934874157046,0.2185015769028681,0.9870967741935484,True,5
-0.74883897187174808,-0.66166254314918127,-0.037985170783095712,0.65740227437603571,-0.73430577755841941,-0.16916641123325954,0.084038347504448274,-0.15164993912851674,0.98485524424203519,-7.5910761751722884,2.1214421346730323,-1.5969471004556137,0.2882593122438651,0.2303854435009302,0.9885714285714285,True,5
0.087907953113557702,0.99607495210254282,-0.010338354477478348,-0.98363226984328767,0.085161710661416617,-0.15879244553870764,-0.15728874563148765,0.024128257938330414,0.98725785773856223,7.1012400891477281,-7.0524923497541341,-3.9057541247881522,0.4081299307406219,0.3469499401181067,0.9943019943019943,True,5
0.17371705581514613,0.9732742729993451,0.15019844884855918,-0.96356167449412922,0.1994837621742776,-0.17819968595613606,-0.20339932144672132,-0.113769144087455,0.97246352008115,-1.2566633318370899,-23.253846587591809,-7.3408892645847574,,0.2694146515982233,0.4107142857142857,False,2
0.47594556943917682,0.87810119574617873,0.0491335421107401,-0.86892521077421636,0.47812924256571804,-0.12791170972399477,-0.13581160853255697,0.018185638087866704,0.99056776121330326,8.6429678555802383,-6.8034055863534491,-3.9028806078677025,,0.1572915180934653,0.7083333333333334,False,5
-0.25634176890792143,0.96640532808992552,0.018698645741383621,-0.95203407043922061,-0.24909108883367787,-0.1777210122258544,-0.167092867101164,-0.063359066462952279,0.9839032485264273,-3.9192402661985688,-10.264698564656795,-4.0519396598119801,,0.1652840570980579,0.8376068376068376,True,2
0.37402683596162845,0.92070273853637652,0.111401944472037,-0.91677129690491133,0.3852048317428774,-0.10558232225723076,-0.14012250051944294,-0.06263948318400521,0.9881507880858168,8.1811537324962256,-12.869371366894807,-5.5104652239207113,,0.2106477300602373,0.175,False,5
0.13338647440092463,-0.98130677330853533,-0.13872658399053231,0.97836111698227579,0.15272016796227836,-0.13959253230301066,0.15816944466010213,-0.11710493993151697,0.98044319561081694,-11.871035979237609,11.11185736605275,0.18985087927668431,,0.1796952671118442,0.3461538461538461,False,4
0.38034617986201913,0.9246071919044071,0.020936192180408007,-0.91734531198139224,0.38004246212416393,-0.11851289199224235,-0.11753451429316446,0.02587020798621071,0.99273177157206938,-19.405688705254491,-3.2453184042939309,-2.4090468737024242,0.2582542391749658,0.2199671187561373,0.921875,True,5
0.26778602411489327,0.96339797883410572,0.012449082982236792,-0.95243002133013743,0.26664432122860399,-0.14757323749790002,-0.14549123601719938,0.027661170165013085,0.98897278016500056,-17.803103167062833,-7.407849451781793,-3.283671451873766,0.2860320082440776,0.2761786637393243,0.8596491228070176,True,5
-0.46679984422812526,0.88399432419820256,0.025533119941761776,-0.87058208589322261,-0.45425712687710196,-0.18904310197191929,-0.15551442746704561,-0.11047396737115434,0.98163677874398825,5.5039221567687076,-20.187784165944663,-6.9514153882715188,,0.1650352352053152,0.3181818181818182,False,1
0.40674409025105951,0.91301580394064108,0.031006238089503885,-0.90440969217298361,0.40723311595110567,-0.12729610353943349,-0.12885012126267745,0.023734595580681115,0.99138000545866134,-28.121413965093307,6.7164026200975915,-0.59293428987668073,0.2056609670859477,0.2148051147503216,0.2222222222222222,True,3
0.21104142142363672,0.97747169394537792,-0.0032566822141888354,-0.96589786018407497,0.20802894728802607,-0.15415991950588467,-0.15000947348523089,0.035679750921059843,0.98804054230527161,-4.7595297313002245,-5.4720706086527677,-3.1717535805485806,0.1852967104097422,0.1632781548196207,0.7142857142857143,True,5
0.01019787967549866,0.97178753661532369,0.23563740562407423,-0.98724876598780831,0.047221613065150325,-0.1520197135738473,-0.15885804136295212,-0.23108245917560608,0.95987760665393218,-1.3531477374849734,-3.7605847890388455,-2.9084199915307805,,0.4460296871023889,0.2817764165390506,False,5
0.49788174469389151,0.86107745496394694,0.10324429695328038,-0.85843048624056373,0.50624677455629474,-0.082530621857200087,-0.1233323501493203,-0.047537562034235085,0.99122616571723221,12.73105872412992,-13.366692191943862,-5.8330710027265091,,0.2416313567749962,0.2045454545454546,False,2
-0.019322472498119345,0.99981230491156758,-0.0014131539119986315,-0.9868782480715762,-0.019299090971203397,-0.16030866654944945,-0.16030584998600886,-0.0017029489436832038,0.98706592202606169,-5.1709938221899368,14.509364869148829,0.60338877831719084,,0.2489922987711578,0.8987341772151899,False,5
-0.15964156373796368,0.98710392439963002,-0.01184962286946868,-0.97372323990254517,-0.15942970228966238,-0.16261986994682273,-0.16241189365619024,-0.014422637161092686,0.98661763836672367,-11.19791070416642,5.6428340521077285,-0.87954253541762029,0.2902665585694511,0.2572491273416366,0.9923664122137404,True,5
-0.39208738349976241,0.91988928996966524,-0.0084366995570298899,-0.90601150496716687,-0.3877289087585879,-0.16973345627778988,-0.15940714089224461,-0.058906599901709461,0.98545389335096789,-8.720475542059333,-1.1626009709539775,-2.176564953368048,0.2551268558326285,0.2205952772692117,0.9180327868852459,True,5
-0.2805151462822727,-0.95824779929197224,-0.055429305050007795,0.94866271066089725,-0.26799218258971885,-0.16798586688265565,0.14611746681267609,-0.099706294800732773,0.98422982106282253,-3.5859999768170439,-17.24240836516308,-5.9263439939568041,0.2390570047121389,0.202936346123601,0.9859154929577465,True,4
0.84125428749128295,0.54023661180375782,-0.020871680438556861,-0.53693959650187972,0.83036515361813501,-0.14896167750508482,-0.063143435810320198,0.13652148154604132,0.98862267402206661,5.6387192124791685,2.0908339406527054,-1.7331913510456241,0.3368107915227373,0.2936736059979365,0.9824253075571178,True,5
0.68335418758952537,0.73008672422668397,0.00065529520776698696,-0.72377045209909663,0.67755948347109463,-0.1306502163283807,-0.095829989941190755,0.088806089128692492,0.99142830883606414,-0.46314705026630054,3.7564128055953043,-1.3091607081320003,,0.295506121111709,0.9467140319715808,False,5
0.41770459444844987,0.90858177444108323,-0.0014251070659550835,-0.89850973053235594,0.41284022022504596,-0.14914159950600381,-0.13491899760719309,0.063577603902859492,0.98881482208077887,-4.4682217558411663,-0.96667122349004386,-2.2715897138172871,0.2751284304667012,0.231620935597503,0.967391304347826,True,5
0.51473431744640175,0.85712913366650212,0.019448153205378446,-0.84901866377716106,0.51275599125942417,-0.12747000425829796,-0.11923041139336915,0.049101340589420985,0.99165173692748165,-8.1505167083922121,8.6978844598712683,-0.37195560588981053,0.2954994631168827,0.2790587242076441,0.9245283018867925,True,5
0.51206822739163105,0.8433776816751738,0.16278887108214765,-0.84962473352200851,0.52517544163885066,-0.048255234815428122,-0.12619010533178382,-0.11359947865921523,0.98548019552130328,-7.439957398064224,8.2133965224100169,-0.45085014978121868,0.378457289077761,0.2651239649252496,0.25,True,2
0.44730278582231137,0.89438258926759895,4.2550969680553441e-05,-0.88498848326772184,0.44261143817040527,-0.14453546030031134,-0.12928883277026254,0.06461345692432019,0.98949962046743223,-14.696504560226741,8.8971068631846464,-0.19862952439670922,0.2351614247061782,0.2010124629888867,0.8833333333333333,True,5
-0.87004941846077111,0.49253629319431863,-0.020542865488438672,-0.48201261717144878,-0.85871624507097355,-0.17398346857888536,-0.10333366500616446,-0.14147229530056354,0.98453427738133414,-11.322107889673612,0.60198951401433021,-1.8193053499668161,0.2531648323555022,0.2258868434556293,0.9946808510638298,True,5
0.99798527837869533,-0.061913078093020352,-0.013861994821974446,0.063133837945922255,0.99072762760641953,0.12030331002749975,0.0062851130152858075,-0.12093609328237062,0.99264039747331545,8.2488506658536842,-0.50055421726065852,-2.5691543582077276,,0.1606249370887358,0.2,False,3
0.49630010100229222,0.86782601968146555,0.023753090513414538,-0.85975677877394163,0.49511291901182708,-0.1252257113369408,-0.12043459261096635,0.041727652598868493,0.99184389493065794,-8.2178400257356135,14.406134125241918,0.66228839292440267,0.1257470030788626,0.1432069220786304,0.4137931034482759,True,5
0.28098259517553437,0.95965434015900608,0.010598519821425914,-0.94852559056241226,0.27937155927303792,-0.14916680568269627,-0.14610949748955249,0.03186030890206322,0.98875524547787674,-22.742936984164185,-6.8702097711466061,-3.0585300631445813,0.2150467221888319,0.2489561939355577,0.8571428571428571,True,5
0.99947765788031229,0.0080135727383945036,-0.031308050882351363,-0.012368448124468218,0.98986299837544411,-0.14148592134261206,0.029856873397557528,0.14179924928976859,0.98944506669737886,-14.535868684539503,-5.8851288261356114,-3.0006537371374877,0.233175018422309,0.2503459103433303,0.9915966386554622,True,5
0.38771028004777636,0.92177127455870056,0.0042960614172628774,-0.91283270669894523,0.38459008425301283,-0.13721121191409788,-0.12812957631222335,0.049276612025244769,0.9905324967820901,12.723829364296199,-9.4362050387406669,-4.8149509759779603,0.3853350749645267,0.3196123988616459,0.990990990990991,True,4
-0.96723609034010527,0.25387294509084074,-0.0016950794943664735,-0.24482618830977235,-0.93449409368917402,-0.25842005800200374,-0.067189902971333676,-0.24953820671583338,0.96603115908740267,0.8832252423000525,-15.628833081666803,-5.7116044110558102,,0.2152004520859426,0.4583333333333333,False,5
-0.049593069718612708,0.99871381146198945,0.01054752250297219,-0.98619707029706982,-0.04729571995162335,-0.1586771987770586,-0.15797425731226392,-0.018271225173028423,0.98727417486598701,15.158080809193615,10.564534776710488,-0.25384556611380321,0.3264145326597171,0.2737939630577795,0.9615384615384616,True,5
0.92108913239316537,0.38337109888086585,0.067980958584625037,-0.38929172621740327,0.90986729319776516,0.14350421829217311,-0.0068382809156720559,-0.15864460063881952,0.98731207254964171,-1.0545625791117572,-14.313333809949421,-5.3304208104948456,,0.4872248442485137,0.3698630136986301,False,3
0.42631614093440906,0.90249434352508162,0.061306670795481674,-0.89389235301311465,0.43069793900995201,-0.12432114284086027,-0.13860378495362563,-0.0018014543603024746,0.99034627558178734,3.6712909158477869,-13.697385734857711,-5.3910296585753814,,0.1608719792210852,0.2727272727272727,False,4
-0.97198961947260376,0.23495108192307435,-0.0058454033803794197,-0.2254194226655078,-0.93901780824471803,-0.25967602832074177,-0.066500101673995365,-0.25108473649838275,0.96567809935551807,12.862837657118471,-14.119556071858948,-5.984428144841405,,0.1231486372469509,0.1904761904761905,False,2
0.20751321691030786,0.97821269390714827,0.006179828998820365,-0.96659038141948939,0.20601125826838371,-0.15252014953442186,-0.15047026069911837,0.025676583604452085,0.98828103983610971,-18.768503647246657,6.2755840699662722,-0.62505316926109811,0.3421303710425612,0.2992150153436215,1.0,True,5
0.36969182165969799,0.92915251652766362,-0.0018862736398771677,-0.91887334086889916,0.36529926588457262,-0.14909134711518596,-0.13783954598866985,0.05685109826997832,0.98882162809433727,11.108861554509291,-13.331132411440993,-5.8035189653829864,0.2870568472695109,0.2634487426195037,0.9809523809523809,True,5
0.99632519151211041,-0.068705960406356945,-0.051142973740266842,0.069374796736566907,0.99752532778935921,0.011417442642371101,0.050231965282253668,-0.01492351913497349,0.99862607528569536,7.9806834731429301,-11.478591177937254,-5.0481147413737677,,0.2364535977387616,0.2258064516129032,False,5
0.27449359702065745,0.96157429193492261,0.0053053072025786765,-0.95098358945576278,0.2722792349323982,-0.14660910889321233,-0.1424200750614,0.035198001569417318,0.9891802782632827,1.7564429047943677,8.1048572625937076,-0.50902379724863722,,0.3286668455324578,0.8723404255319149,False,5
-0.86879184856431002,0.49466463384217624,-0.022530510291503925,-0.48398559287025611,-0.85789516711954095,-0.17255094357018955,-0.10468366521208809,-0.13900641085475793,0.9847428841982272,-14.691740631873717,0.74201185130257441,-1.7350649161196818,0.3659832480702466,0.2278184124420857,0.97,True,5
0.3348635932515488,0.94074837625035623,0.05346836912587246,-0.92718377584513456,0.3390847744489211,-0.15922236509512294,-0.16791849131117628,0.0037427689273550023,0.98579377760084097,-22.085093739686318,10.419433281825498,0.021277619728417199,0.2741728787986888,0.1883938007333933,0.5263157894736842,True,4
-0.58940841205457783,0.80775347768576111,0.011491000211431974,-0.79458050074286879,-0.57711276242270682,-0.18863373846701847,-0.14573795538058115,-0.12031283695179995,0.98198027965234458,7.2233985098218367,-14.819549068458006,-5.9176018122649232,,0.2832349973266572,0.7619047619047619,False,4
0.93461798582131672,0.35525612580456467,0.016801953982682024,-0.35459565438819407,0.9271577908716947,0.12099732523873027,0.027406978460114875,-0.11904417627187826,0.99251062544812918,-3.1270777196428785,-4.9774501459457587,-3.0977018150432474,,0.6318326891817895,0.577922077922078,False,5
-0.5431752470644492,0.83942125021620861,0.01823775375235185,-0.82637928268519112,-0.53064143243012396,-0.18845941562366883,-0.14851913050238039,-0.11743779150666574,0.98191162178724278,22.163423448388993,2.715688062427454,-2.0863435248703239,0.2878627625229365,0.2436453997470284,0.9827586206896551,True,4
0.396803978815018,0.91344097102579946,0.090400192743246843,-0.90792150495189961,0.40506553413965485,-0.10770540329080359,-0.13500053052654795,-0.039338346477723427,0.99006431672591344,27.896743365270513,10.531985173105953,-0.59042257631017814,,0.2160676149930744,0.52,False,1
-0.28133326466615166,0.94340689217707674,0.17559906031945308,-0.94715637315611245,-0.24360802792796607,-0.20868620826208592,-0.15409866638632672,-0.22503014136296767,0.96208889220077731,-1.8339062719314521,-6.1437778295311265,-3.2969220539322652,,0.4874289465940231,0.2365591397849462,False,3
0.38824633909383605,0.92028856633440737,0.048308745113026456,-0.91266605885363483,0.39123610398563657,-0.11821580247460055,-0.12769277660387723,0.0018071005233330625,0.99181212393824403,-16.755378931957608,13.579243884929944,0.52211407239010033,,0.1869316852367937,0.972972972972973,False,3
0.6004788521264306,0.79951608891630643,-0.014112820869594069,-0.79205882256345916,0.59226814864131017,-0.14785554336710391,-0.1098543114689213,0.099962311242627944,0.98890827005477178,-0.84571310452510851,-2.1118980025116727,-2.636801615580135,,0.2358751890194872,0.9876651982378855,False,4
-0.3007691857902699,-0.89197857078431642,-0.33750870528124977,0.94282693841764309,-0.2248193799968928,-0.24603579124148922,0.14358015556848752,-0.39221228389659113,0.90860016689826095,8.4438803121404611,-1.914274184849919,-2.8709475379026488,,0.1259303515430454,0.6190476190476191,False,2
-0.088631065514332738,0.97866323377094144,0.1853720828247839,-0.98190249580811007,-0.054573547735883562,-0.18135384366846044,-0.1673679268904267,-0.19809089517825826,0.9657887834800517,0.33767715529376852,-20.08563906885523,-6.7322305332202754,,0.2525362194023055,0.1935483870967742,False,2
-0.27393446083480655,0.96161026421020901,-0.016297574442735541,-0.9481417425624139,-0.27286051345375822,-0.16301649060282519,-0.16120529512969939,-0.02920342382879125,0.98648872921023445,21.628868536621763,5.8487492552718141,-1.5136846543151687,0.3583158724585481,0.332508729056055,1.0,True,2
-0.67837736615120225,0.73457088168227702,-0.014483400093882343,-0.72166050914937396,-0.66989500600371477,-0.17449008701226815,-0.13787769445426457,-0.10791802776091135,0.98455240625178075,3.593919917652642,32.029044466961523,3.5229239765587463,,0.2508772922857794,1.0,False,1
0.43406349562342639,0.90086631634881931,-0.0053630061794002187,-0.89144878927090976,0.42865139023000631,-0.14689125828759103,-0.13003052670277315,0.068540978414314127,0.98913810785117751,27.985706451970497,4.3319859219002979,-1.931874779602778,0.2028242778638498,0.2750903511691711,0.9387755102040817,True,2
-0.24842338392679822,0.91965346611177778,0.30417646948268862,-0.95408260234704112,-0.17805174165222451,-0.24088164146175262,-0.16736848633197784,-0.35005011007454906,0.92165758838070655,6.9477981498602581,0.94193988450978594,-2.0684066940635946,,0.5620249463261964,0.2702702702702703,False,2
-0.41592276004259421,0.90896634978208368,0.028079042761175021,-0.89542931292217232,-0.40394653425915844,-0.18717249536120312,-0.15879106787938557,-0.10299209884184259,0.98192567149345633,-22.944303942482847,2.2904277835339948,-1.3132986508517273,0.2739906994942582,0.2314016700757472,0.2962962962962963,True,3
-0.015850093077879872,0.99613760576721833,0.086363446699265711,-0.9873875952633453,-0.0019857293130729967,-0.15830917092564123,-0.1575262240691728,-0.087783411049295448,0.98360538910431949,25.332300912141076,-0.12933981128657485,-2.7687782115780464,0.2249571689769789,0.2323623450652639,0.5652173913043478,True,3
0.0528017552251622,0.98337984139023871,0.17371258501458722,-0.98746761615908896,0.077324760240145868,-0.13758120689574299,-0.14872686940236235,-0.16427102301109625,0.97513863081956709,13.825609505866082,-11.631055986226226,-5.5336219485064104,,0.3777688343362053,0.4268292682926829,False,2
-0.16309744942993248,0.91724747088752578,0.36339551337336229,-0.97384075438499995,-0.090601087478851844,-0.20838816676218597,-0.15821949022894069,-0.38787693937393114,0.90802977529021978,-1.5950388234261716,16.136810420122803,0.86942967715726849,,0.3452207003495039,0.358974358974359,False,2
0.021658033712543278,0.99923930997425303,0.032430402061715019,-0.98698288099892362,0.026540417571655796,-0.15862029772442821,-0.15936035325880291,-0.028572847903215605,0.98680690622427691,-26.259755796158057,-11.433219106860104,-4.040058791976314,,0.356869395986403,0.8863636363636364,False,1
0.99853403096095872,0.050882578930843532,-0.018459473833403628,-0.052823781873389458,0.99046241260462053,-0.12725508746619041,0.011808347956094997,0.12804363466717772,0.99169823562400616,30.092692537180987,0.44541464881422893,-2.9717940685038373,0.1327712505276204,0.2320922157366306,1.0,True,2
0.98633914375567755,-0.14703922031604483,-0.074260091463486388,0.15367001967803429,0.98370965426958812,0.093278299453620456,0.059334800475507293,-0.10341558773055633,0.99286685797586938,3.5338305756296591,-2.188007213862817,-2.6797890668908826,,0.46497583490184,0.34,False,2
0.81516935379006938,0.57919192497712957,0.005969814299302512,-0.57771942559268752,0.81375261610176985,-0.063615604063630385,-0.041703596179896114,0.04840861316762643,0.99795662041836852,26.188602593026737,-4.3574570247484568,-4.0320567306692743,,0.2085611159162321,0.3043478260869565,False,2
-0.80591603400017342,0.57355692224481458,0.14673719053630521,-0.57998172339090681,-0.71513184147941955,-0.39013798819746964,-0.11882990647957999,-0.39952334881369717,0.90898874969866605,-7.1399427036573275,15.685063434096095,0.85918454586694581,,0.1808618855849476,0.1142857142857143,False,1
-0.065538433424569831,0.99778715564114218,0.011202936303158339,-0.98493351660565431,-0.062885425570362169,-0.16109435470448394,-0.16003337655337049,-0.021592019090252729,0.98687542430670216,-20.874646048939816,-11.461405242774807,-4.0918154331785228,0.293943695784177,0.2455853706868292,0.851063829787234,True,2
-0.86688996776580485,0.49686484636990474,0.040337429625766488,-0.48717364000064817,-0.82726544508447664,-0.27981016396425301,-0.10565807245791292,-0.26221595643857032,0.95920757081743513,-13.626665919074522,-10.200968984696393,-3.9923207625589314,,0.08792095705265,0.375,False,1
-0.10524813428540383,0.99418566226856075,0.022753003517454181,-0.9811723707378136,-0.10009029765125288,-0.16517478989489484,-0.16193705298720437,-0.039708956870047579,0.98600182028945182,-21.119112928565841,13.516558046566042,0.58541869025480653,0.3081673610608028,0.2366527167901145,0.7647058823529411,True,2
0.779605526604083,-0.61106125676815659,-0.13718368476350001,0.61396691795240232,0.78893444144631719,-0.025041380948647537,0.12353075142813025,-0.064703845146236241,0.99022904717792115,5.5186214908264253,-11.335358590937211,-4.8160569349241378,,0.2074818645166648,0.34375,False,1
0.84053329103991703,0.54070697639788334,0.033760218131165864,-0.53826758394716911,0.84055619185881325,-0.061100707029348902,-0.061414938942267842,0.033185147317252389,0.99756050005613639,-8.0532850735180421,-11.142266651985757,-4.19185126176178,,0.2052913623218056,0.5588235294117647,False,1
0.10738003723316598,-0.96780674489908525,-0.22763925876623439,0.98087478042590548,0.14051062477614001,-0.13469012380070899,0.16233974475844001,-0.20882257744998614,0.96438526451771811,15.221723884265614,-19.179974585176577,-7.2939465930708334,,0.2673450197307036,0.1935483870967742,False,1
0.54620007752604693,-0.82814380468621929,-0.12587022710066689,0.82404006740821689,0.55820349523911628,-0.096782360007882096,0.15041091255757247,-0.050859577885262124,0.98731446901224496,1.3109522902508763,-13.469663256434409,-5.2342942064011391,,0.1397815247441779,0.2727272727272727,False,1
0.15414746284016845,-0.98703398554868149,-0.044748978444483001,0.97455115460422836,0.15934610651239045,-0.1576669445346994,0.1627532081389024,-0.019306209136645158,0.98647790828242488,-16.463812364753473,-10.023329844008799,-3.9125536634050024,,0.3786406235677747,0.4745762711864407,False,1
0.68958100833093583,0.7238801233081672,0.021808255974337151,-0.71792566230592225,0.68724651570544615,-0.11079246388327323,-0.095188110349415184,0.060743672345983268,0.99360426222819276,-12.356986259495383,-14.693470679269337,-4.9105363959966883,0.3102718714939797,0.2966950038691956,0.8888888888888888,True,1
