axis_00,axis_01,axis_02,axis_10,axis_11,axis_12,axis_20,axis_21,axis_22,location_x,location_y,location_z,dbh,dbh_approximation,score,reconstructed,number_clusters
0.98968416172370188,0.1342365498981932,-0.050058053344935703,-0.13991300651052263,0.98075588675981229,-0.13616989827109971,0.030815753153882026,0.1417689643659891,0.98942000692332632,-10.768564779384153,18.600415883704166,-0.95452033839135109,,0.2254171043016311,0.8372093023255814,False,2
0.99840228478778714,-0.012535761623630581,-0.055097480986363509,0.0099430401980058845,0.99884155162725219,-0.047081744811394821,0.055623858928952566,0.046458685123235921,0.99737033086736293,4.0702134135955026,-18.700479380719777,-6.336617262173327,,0.1405845904515723,0.2666666666666667,False,2
-0.92673571272917721,0.3709824536002736,0.059438521794070526,-0.3614925978835547,-0.83731480601942443,-0.4101548698919123,-0.10239150564251918,-0.4015917513363213,0.91007694445628251,16.366465937120388,4.0328883854359932,-3.1614069610693556,,0.5168381225257236,0.3295454545454545,False,4
0.65371889195181332,0.75607454182580114,0.031668557090573771,-0.75167771011813589,0.65361037335744454,-0.08817085658594094,-0.087362637419265213,0.033834406193215649,0.99560182931767616,2.6143622500622312,1.7864595969696029,-3.3359720475207228,,0.1958217172110263,0.3,False,5
0.011923343879659822,0.99945246371371832,-0.030864326451533572,-0.98871455967943744,0.0071741821571080317,-0.14963973599373101,-0.14933637650828505,0.03230021496764518,0.9882587428221522,2.9327597631765356,-2.3032256898632726,-3.9223255328823008,,0.2733266805352426,0.9597364568081991,False,5
-0.68590156142266789,-0.70689470611154759,-0.17273946425011372,0.72622865591261399,-0.64989589345783749,-0.22411440604744368,0.04616261874401581,-0.27916876999068041,0.9591318003760414,2.0778445427936725,4.0096674128636627,-2.9930636452398356,,0.2802554588803639,0.3647058823529412,False,6
0.55236451311837143,-0.80705709737268017,-0.20869184513988523,0.81948250637967412,0.57159971590930225,-0.041499235054314576,0.15278045158066816,-0.14809661155067066,0.97710057172330933,1.9897486618447076,3.6979171166141569,-3.0691712513868046,,0.7473552730694355,0.282051282051282,False,1
0.99170862688370609,-0.11099621072173228,-0.064759868513227972,0.10774919859965315,0.99283528961454848,-0.051654601896905988,0.070029347887626964,0.044248490385685943,0.99656307453819548,-7.7728991537138041,1.5668076266699815,-3.4507601918029875,,0.192798571004901,0.6589147286821705,True,5
-0.23152461123805199,0.97275066905961227,0.012348693661589076,-0.96003235040833212,-0.22640861011460231,-0.16455098734261464,-0.15727123246329666,-0.04995274877374422,0.98629127661630711,3.5112973819377897,5.523574539210971,-2.7493673852290259,0.1412802392447128,0.1103303043600233,0.5436893203883495,True,5
-0.94981042177706332,0.30954898940206149,-0.045161774144051745,-0.2982312835860319,-0.93959330985032441,-0.16799557605823789,-0.094436561639567151,-0.14609529508055272,0.98475271036997991,1.7884342178717096,-11.331942557943313,-5.2489863803852215,,0.2434924599687653,0.9629629629629629,True,5
-0.3008505880897312,0.9534111645897142,-0.022272738532765082,-0.94018064883478336,-0.30042825782420984,-0.16063377433565268,-0.15984139389616869,-0.027386367710891733,0.98676274537547026,1.4041058506053388,-16.527577430012098,-5.9816481501757375,,0.2785666575328128,0.808695652173913,True,5
0.96271146452532863,0.26653290269370017,-0.046334089536390101,-0.27038298339676303,0.95362106736174346,-0.13228719580259279,0.0089262736324519885,0.13988234937088503,0.99012789576575355,2.5508105784140911,-11.126703561321015,-5.2391516417569184,,0.07334622445516314,0.3255813953488372,False,5
-0.9933785209962176,-0.099606947141985536,-0.057250066414128595,0.10892108207676675,-0.97502645927031995,-0.1935448309875788,-0.036541919798974164,-0.19849901713569754,0.97941963850719693,13.191092864469789,-13.162368461742485,-5.6624408366896786,0.2420486409762362,0.2215173114146317,0.9666666666666667,True,5
-0.91520833899606768,-0.39834026846881432,-0.06098136394219706,0.40280280241691102,-0.8997687942333199,-0.16782734964539955,0.011983263209184122,-0.17816045419820109,0.98392848010551515,-16.81372951232818,-8.5786466693145744,-5.0153671924819072,,0.289697144536185,0.8968253968253969,True,5
-0.42260472126686371,0.90062577880590633,0.10138272097951392,-0.89412455530961044,-0.3960193681492204,-0.20906922213248536,-0.14814360990385897,-0.17900242065666536,0.97263127866818389,-2.7920910768430041,-19.373870883296991,-6.3629045824188157,,0.3024268925188128,0.2424242424242424,False,4
-0.99710236423721743,0.053451384696800726,-0.054127855181475927,-0.042755217828502105,-0.98229221197377548,-0.18241162694331176,-0.062919524640524402,-0.17956881625065982,0.98173121252680384,-13.884816515076402,-11.12728650887623,-5.3322788252483315,0.2908306371076645,0.2770930657271229,0.9904761904761905,True,3
-0.1773044327071191,0.98380956995600133,-0.026112606254358864,-0.97114729695736002,-0.17919898297092851,-0.15735517822619879,-0.15948688270456798,-0.0025405836284913413,0.98719677860090627,0.43323460438165246,17.929339957646629,-0.86071201691043164,0.2419376127475096,0.2513015332121423,0.9215686274509803,True,5
-0.37981373813051672,0.92487511316620818,0.018642676125435444,-0.91255793862394796,-0.37130085445936517,-0.17138752618600056,-0.15159001610177031,-0.082107859085107926,0.98502729225881169,-6.2924232273942318,-15.443228614586408,-5.7926529910205096,0.1897637651363607,0.1591382880127394,0.4516129032258064,True,5
-0.98858606666480353,-0.12040868045751323,-0.090550198601075632,0.14811609634537828,-0.88669782413904497,-0.43798240908795771,-0.027553780133048381,-0.44639524900872896,0.89441157800132265,10.573115560763323,5.5342108034460065,-2.8103546035400084,,0.2187570798779129,0.1071428571428571,False,4
-0.13647885406210777,0.99022719115436486,-0.028698994624045585,-0.97830101564188843,-0.13928065948852575,-0.15338846334223216,-0.15588664210875758,0.0071419738853094085,0.98774913162253808,12.909329846110321,-8.3341029945444163,-4.9359214243929586,0.3817716995162569,0.3590863002609128,0.9938271604938271,True,5
-0.10559434751134104,0.99384815761242729,-0.033401697322726187,-0.98170577601653231,-0.10953844070253986,-0.15574048717091907,-0.15844116608202935,0.016345324066564651,0.98723311698490279,3.5459581700469109,18.77530929176093,-0.69045902765475842,0.2074119102958362,0.214454142666576,0.75,True,4
0.64825334574316185,-0.67467569671018357,-0.35295935176932947,0.74714845578599298,0.65297143985837813,0.12408659776898842,0.14675416433411032,-0.34415258679531235,0.92737382551627601,12.756944127026452,6.6721167189086446,-2.6342748338877264,,0.2496285197875278,0.2941176470588235,False,1
0.6915513342339078,0.72202244969928309,-0.020984142811800111,-0.718283359536526,0.6843197067939909,-0.12560077350998317,-0.076326715717508653,0.10193194309749391,0.99185891710673546,13.81996641713037,4.3154818315050898,-3.1236772646653854,0.2473678884189794,0.2060542721188522,0.9027777777777778,True,5
-0.96323103485692185,-0.2258852053622544,-0.14547112251892388,0.26861385578065522,-0.82114444759826544,-0.50355574930804736,-0.0057070106985092316,-0.5241160846386913,0.85162771200325293,13.146010162333265,-16.589584196531124,-6.1506483419605509,,0.3367822863914025,0.3478260869565217,False,3
-0.89247744445439714,0.45047179534891618,-0.023646833514734296,-0.43572622607005834,-0.8744567449036782,-0.21323240186990511,-0.11673331595947148,-0.18000156356984373,0.97671529631593179,24.135884012256078,4.5350220843511648,-3.20920132637454,,0.2330945876046855,0.6666666666666666,False,2
-0.97254193808506617,0.2316158964301161,-0.022721249671077109,-0.21997445344437194,-0.94673135027081456,-0.23518288680566979,-0.075983014533456905,-0.22372712606045878,0.97168552246451345,-15.087318951600997,-2.6057708635401742,-4.1507038533357097,,0.2143299141690504,0.5535714285714286,False,2
-0.23152725483637326,0.97268117655289343,-0.016925101110813592,-0.96001602786884643,-0.23125771526134137,-0.1577627819450016,-0.15736694857197572,-0.020278015479393723,0.98733198347129536,-2.5585622300598199,5.079501436391519,-2.8521123176524004,,0.2871554206198321,0.9485294117647058,False,5
0.9935351878759916,0.10702208614720557,-0.037869559396930104,-0.11007371966389279,0.98977830337855743,-0.09067902955159278,0.02777780933717143,0.09426124992680722,0.99515989171120789,12.495536251489879,0.16170803960141167,-3.7191774198026661,,0.101460009087695,0.2058823529411765,False,2
-0.60743635945419261,-0.79074700681417009,-0.07576437439501206,0.78943297424007453,-0.59029515113572018,-0.16836630817395504,0.088411811402700199,-0.16208271271202288,0.98280849907009116,-31.780648831382134,-12.525683274652071,-6.1403152897702666,,0.3248589270899088,0.9347826086956522,False,1
0.31687691738341922,0.94739167617531272,-0.045144558291280695,-0.94007244014143609,0.30739797879690839,-0.14754758526693421,-0.12590800814924169,0.089193579058744782,0.98802412872286871,9.037136431201775,2.384861510356918,-3.2694974848146354,0.2446375676227101,0.2104807583530612,0.992619926199262,True,5
-0.57809290413934911,0.81546260901370871,-0.028798046535978884,-0.80167292720689753,-0.5741873006812005,-0.16622112236403808,-0.15208258272155076,-0.073004637092390218,0.98566790096652268,-8.3128819339736122,-11.493669986843059,-5.3075923710612321,0.2845249453600709,0.2522928728419469,0.9716312056737588,True,5
-0.64127634829898228,0.76730500698755411,0.0027697227574935285,-0.75426308541049658,-0.62970550951863102,-0.18589827667012132,-0.14089656879910883,-0.12130126765088797,0.98256509166921213,-18.894909067307466,-3.7784606788774484,-4.4394085229443672,,0.2461334041249169,0.75,True,4
0.055890958987756867,0.99805612414106915,-0.027571248936816398,-0.98758530350977525,0.051202163934766537,-0.14850456794288414,-0.14680418589036989,0.035529022965799684,0.98852729832421005,1.650105720103848,2.5837696793352358,-3.2368000190257282,,0.105249936739664,0.6488888888888888,False,5
-0.54097514112471246,-0.80951088861977083,-0.22811842952976344,0.83988629493576983,-0.5057891291086164,-0.19689684724396059,0.044010319973405501,-0.29810984230913218,0.9535164464519017,10.99845039614385,1.4426259406427402,-3.4722713113267356,,0.2435675863255907,0.186046511627907,False,5
0.98456570857506431,-0.14533598982790086,-0.097508028176294198,0.15944194298544889,0.97459616985947672,0.15729136184885109,0.072170855025484842,-0.1704105506005589,0.98272662115611176,11.101244571863955,-8.3995865474692497,-4.9342901483220327,,0.5268286508333647,0.4306569343065693,False,6
0.9727409191913321,-0.2166187009969085,-0.08277344084435162,0.21649973409382631,0.97622601090591976,-0.010518591541504585,0.083084109600476366,-0.0076885635281517739,0.99651287835269287,2.0928341304033853,-10.451204824248531,-5.1244358451549363,,0.07217439502246713,0.2666666666666667,False,5
0.2609267135122546,0.96516963481083917,-0.0191004244666329,-0.95640913891462742,0.2557692449976397,-0.14093846995734993,-0.13114423043456871,0.055042432290453185,0.9898340878507248,-2.9863628586559763,-7.756908978489407,-4.8011640992137892,,0.2976661854192163,0.9871244635193133,True,5
-0.97614161615847206,0.20424730175121036,-0.073692502541827604,-0.17147633118804731,-0.93332829160449837,-0.31542696132847731,-0.13320440325234892,-0.29526486383919709,0.94608416493259584,-17.472737023391595,-14.293218849321681,-5.823914515372512,,0.1845605075850512,0.2105263157894737,False,2
0.83033815719502424,0.55642803663203166,-0.030436569382791989,-0.55519657879298778,0.82133325076447727,-0.13102843235427314,-0.047909326884574124,0.12569618625272158,0.99091128016537811,-7.8444470847496204,15.615128596465357,-1.3431126085438616,,0.2628438040329029,0.9607843137254902,True,3
-0.74531095879204734,0.6665095118381229,-0.016632658650570568,-0.65263169016229006,-0.73443901064628792,-0.18620208547923101,-0.13632113445974514,-0.12792345473059011,0.98237067241922449,-4.7553024477869785,-12.699226504440453,-5.4253570034320573,0.1188496558939671,0.1300081703840456,0.6617647058823529,True,3
-0.78736651695833981,0.59475325819122327,0.16224219501663809,-0.60070424176991088,-0.68100124349400082,-0.41879794684222327,-0.13859430685468033,-0.42720705545502086,0.89346838213611235,-17.71734857825161,-5.730434458924762,-4.6599326029461263,,0.3386026518978142,0.3191489361702128,False,2
-0.72003947641257182,0.69293572359768474,0.037191872360275331,-0.67210754885257296,-0.68305442003131345,-0.28584629095210112,-0.172669033653682,-0.23081755184092895,0.95755347766026344,-16.981936987522651,-2.0575107139007227,-4.1273838659662019,,0.4333986178182689,0.3855421686746988,False,3
-0.31281726244182356,0.94978618658311376,-0.0071805357954704795,-0.93680867415019597,-0.30977214322331442,-0.16257529738489379,-0.15663610169866857,-0.04412957125036511,0.98667001200295124,-13.226068678498224,-0.052878931915906535,-3.7444389174762378,,0.336645027365481,0.5607476635514018,True,5
-0.80925207824003986,0.58570976690242038,0.045333683054541767,-0.57319665571371625,-0.77034464283986925,-0.27931116183662785,-0.12867271561130864,-0.25201825370997999,0.95912988278657263,-1.0440956331212348,-20.578052648175532,-6.5415493126190265,,0.07551442550947536,0.3157894736842105,False,1
-0.52797352279985288,0.84879156071533324,-0.028228455160382103,-0.83355764796428322,-0.52428707792903995,-0.17408247308928176,-0.16255954829712421,-0.068380891885505363,0.98432639245444264,21.590307014807788,-5.1689060529960171,-4.8108609199609882,0.3010695386803409,0.2771615608635941,0.9836065573770492,True,5
-0.45256002984127291,0.89116053925827654,0.031973624426482654,-0.8740870065270786,-0.43622097650914149,-0.21373620347040834,-0.17652570467384882,-0.12467619228349354,0.97636802624168961,-6.9744092417459518,18.357833135656954,-0.91970651358909694,,0.2262030834719317,0.8793103448275862,False,5
-0.61889826460401365,0.78492312654209084,-0.029336385079458183,-0.77121011108298432,-0.61432225518139372,-0.16686261220602641,-0.14899631751661721,-0.080646464325700107,0.98554362925151728,-1.738918406172405,-18.053616646885818,-6.1623636418196908,0.168283920852378,0.2061051650632827,0.8850574712643678,True,5
-0.26976045317891234,0.96291515736037325,-0.0048680207842777753,-0.94957130453030381,-0.26685446342303115,-0.16462998804538576,-0.15982376391927958,-0.039788127335354889,0.98634338311250447,4.1666139253317018,-8.9482200254890891,-4.9385958140690631,,0.2514198433211824,0.9782608695652174,True,5
-0.85409315475605296,-0.51659080335168761,-0.060488221095614525,0.5186295075678623,-0.83706848301835235,-0.17418320417672956,0.039348657903043011,-0.18013965868129511,0.98285369536437994,7.1499028741279851,-21.589285423968558,-6.8072425840300017,,0.3171500786479495,1.0,True,5
-0.31241488328551753,0.94994364467895065,0.0020031564515736247,-0.93680633154645743,-0.30774343685598521,-0.16639673748765835,-0.15745106502074516,-0.053861386968209954,0.98605685085480521,0.76592052596523574,19.047537377591045,-0.71329616135620599,,0.1703591726737236,0.8,True,5
0.43547914236391511,-0.88839259937734782,-0.14531519513646934,0.88636270797403516,0.4513557978094469,-0.10314598245561921,0.1572229833037343,-0.083884045892879816,0.98399410585923575,-3.243349045827848,-17.397055512304608,-6.0532782041409829,,0.1546763679026298,0.2105263157894737,False,2
-0.66215886122443079,-0.74192605812002876,-0.10531555813098267,0.74584340120821724,-0.63890121048537973,-0.18847510210761087,0.072548351987641438,-0.20334937305728787,0.97641475260315724,-17.74276986069701,17.813981121950334,-1.2741894888338654,,0.219187180402182,0.2222222222222222,True,5
0.20361347797421198,0.97900767909267872,-0.0092474788354954228,-0.96952164344666236,0.20030793693902649,-0.14108335581391468,-0.13626934532656176,0.03769210363987216,0.98995452968683006,3.1520521593513187,6.9186676487056813,-2.5256724805969055,,0.2537762326538363,0.8308823529411765,True,5
-0.99668055147055612,-0.03677293845521732,-0.072633527504306877,0.067423463970905234,-0.87287111945523888,-0.4832701990885887,-0.045628443174341865,-0.48656321256166607,0.87245302759240784,12.899178664450714,5.5417945419364312,-2.9007799099373432,,0.1940405051491207,0.3421052631578947,False,2
-0.9317128180312938,0.36213233359010022,-0.027774046964259891,-0.35046983142000787,-0.91649942789372996,-0.19287222696618717,-0.09530016778902263,-0.16996756054922207,0.98083072259199255,-11.677242559645403,-14.58549561552833,-5.7771094602232234,0.4256688042812849,0.1642436494378015,0.4285714285714285,True,3
-0.71889577916616343,0.69405649580561635,-0.038398428706172494,-0.68088790135699628,-0.71422392826565229,-0.16209826056576129,-0.13993042729420915,-0.090386729793750731,0.98602723826193128,-14.006583959340359,-3.8458927639904359,-4.3062798726213218,,0.3023726284866346,0.9927536231884058,True,5
0.50423327590528222,0.86344621206427541,-0.014472122915538999,-0.8571316355494405,0.49836294178145052,-0.13022955731814395,-0.10523384821514804,0.078070590690690916,0.99137824267987551,-7.3519482867273034,-0.5317635450674878,-3.766432857915659,,0.1344005474180244,0.5979381443298969,True,5
0.44243775934116386,0.89213683066626948,0.09132745741514281,-0.88623022631947346,0.45053903095022596,-0.10775234358549612,-0.13727641846619393,-0.033263447794477846,0.98997410469866276,-3.5656087256774494,-12.652358604314538,-5.4149037812224314,,0.4531824477106564,0.3043478260869565,False,7
0.6300242975748569,0.77599761325805672,-0.029951438748530814,-0.77163778685244555,0.62121032648859542,-0.13664865958139466,-0.087432890646297001,0.10920363767627686,0.99016668048945211,2.582527281085647,17.894717515738389,-0.84328211727044089,0.1274566356812879,0.1870605106906948,0.4285714285714285,True,5
-0.38205186787915324,0.92292020187455304,0.047483378374824428,-0.91014880869076509,-0.36686317768247401,-0.19245922918764219,-0.16020460757679209,-0.11674634826217992,0.98015548454243462,20.371783297856673,5.9078830818264985,-2.9337047931386389,0.2096567166008099,0.2244189308222108,0.4230769230769231,True,4
-0.48593429948364703,-0.84978836673685576,-0.20427331774865867,0.86748043263069508,-0.44046915858504121,-0.23122417550560784,0.10651551806286012,-0.28956286380351515,0.95121385204259301,-12.387049670473942,-13.238289549775136,-5.5908973062111942,,0.223349651409621,0.3333333333333333,False,1
0.27078582168830889,-0.93362728473783929,-0.23455304723161513,0.94292089258340961,0.30630934966761708,-0.13067047346630006,0.1938433106978236,-0.18578125712582091,0.96328090160578594,18.270016093376974,-7.7638854043714041,-4.9821406269621518,,0.4580433867226036,0.2112676056338028,False,5
0.50423098757995544,0.86341055578000725,-0.016532493211947347,-0.85720671307668084,0.498104904414511,-0.13072167094435899,-0.10463155461148961,0.080085681403551989,0.99128125242723786,-1.3616115998618621,-0.93059092280428035,-3.7401394802601899,,0.3441989955781558,0.9813229571984435,False,5
-0.20347036370264854,0.97881123975594853,-0.022986257245055944,-0.96623167420135037,-0.20453579843986258,-0.1567209587981922,-0.15810174845576103,-0.0096780206649826409,0.98737539621525938,-9.4103627118393831,-7.1565634444857391,-4.6722408559573827,0.3412180954961934,0.2630802548251857,0.981042654028436,True,5
0.99874135886162962,-0.033552586724335969,-0.0372816580013774,0.036418815392068496,0.99620380497140415,0.079067369033853557,0.034487214800041299,-0.080325605410747264,0.99617188734210593,2.9144794646774943,-12.095997777888618,-5.3733020968290983,,0.3674315488193923,0.4234234234234234,False,5
-0.30654387579960829,0.95178660170715557,0.011537634961266488,-0.93953931124941858,-0.3006112421381224,-0.16400842575046151,-0.15263267941932951,-0.061115840098294252,0.98639146349831974,17.391675322079898,2.0749368269865749,-3.525030667513767,0.1496967887987794,0.2068633484980404,0.5652173913043478,True,5
-0.97511563373664534,-0.20260279352448668,-0.090008937880946993,0.22086787164038391,-0.92287736788704156,-0.31545958080066983,-0.019154219363597378,-0.32748965158911775,0.94466059724252871,-13.109355172083722,-13.206863097377575,-5.6084611614764466,,0.2008030333175915,0.2083333333333333,False,2
0.57930249337251971,-0.79554342369403064,-0.17753670659771278,0.79968674706721377,0.59686786746661291,-0.065190914634759956,0.1578281588863048,-0.10420849199099969,0.98195257648194079,-3.2632967255367467,-15.867376546304952,-5.8451569009288171,,0.2478452844637216,0.2903225806451613,False,5
-0.30852369939415075,0.95116302216812199,-0.010101097571650883,-0.93789382765185114,-0.3059564090270086,-0.16354156605541356,-0.15864518575962849,-0.040982691899168644,0.98648473074852538,16.716348034649023,-3.6398332821016868,-4.4137783984734753,0.2760326069043614,0.2575093716159628,1.0,True,5
-0.10428004358064723,0.99389524245782068,-0.036026650281820033,-0.98267081157150327,-0.10854864698824856,-0.15025068160385885,-0.15324408176573046,0.019734190044966453,0.98799130216163744,18.817870720982388,-10.361959247223925,-5.3413508624692954,0.3206015485280937,0.3041710796474706,0.9882352941176471,True,5
0.65300520187586253,0.75674604822997404,-0.030325316344309378,-0.75282653201886129,0.64421004750983157,-0.1350763760834425,-0.082682640327452678,0.11103527896888964,0.99037101523256554,-4.2096164874231441,18.951928849371047,-0.76897333421054448,,0.209962761635694,0.92,True,5
0.78383880620126167,0.62091402594055167,0.0079055855745507608,-0.61890742975869828,0.78221442923010553,-0.071373525159557416,-0.050500685960317065,0.051052513106760622,0.99741832829711985,14.567373236162148,-5.3860115247340925,-4.6170017344477392,,0.3626229193202938,0.2857142857142857,False,5
-0.69193751199681408,-0.71911632019461813,-0.063985916586466407,0.71809166998018092,-0.67636480538946653,-0.16393597389085859,0.074611212272243266,-0.1593812035976036,0.98439361992195262,-25.771186274686638,-8.2904959570164074,-5.2738155498062156,,0.2527195295931305,0.775,False,3
-0.96814018382371791,-0.23844190882510755,-0.076485557993754116,0.24964565905014333,-0.9428923274636577,-0.22052461025378856,-0.019535336782261173,-0.23259302424192549,0.97237793871045741,-18.396310340719626,-11.95239572926058,-5.510645418465276,0.3634681694140335,0.2559234999302621,0.8775510204081632,True,4
0.54866610702625029,0.83398041236023301,0.05867005028219701,-0.82170081328758615,0.55086739944868146,-0.14612625249135464,-0.15418585033387266,0.031965294056261626,0.98752465464550199,5.8235202614932788,-13.437169365633773,-5.5741997051129299,,0.2499905856494792,0.9468085106382979,False,5
-0.91710347753441901,0.38781931296723576,0.092289717649890884,-0.38677076618475481,-0.80951236103342328,-0.44169911903800563,-0.096589781649681503,-0.44077876290006707,0.89240377422843364,14.223771019482857,2.1106811523471092,-3.4338953009366948,,0.5883589463238593,0.5158730158730159,False,5
0.46033362793426835,0.88679481628861578,0.041084118543739855,-0.88098725102087672,0.46203927834265546,-0.10188802092139441,-0.10933624527829224,0.010707897657322937,0.99394714466927614,-1.1724952682966596,-16.130783496129794,-5.8979221138513749,,0.09121361741496159,0.3888888888888889,False,4
0.69701789960778693,-0.70890006812476436,-0.10782736683725291,0.70886752926212138,0.70388272450326173,-0.045342431603112077,0.10804107359780676,-0.044830832677652914,0.99313509798882038,15.562114721112055,5.307208910680723,-2.9625264295672835,,0.1980213438235043,0.4230769230769231,False,5
-0.46472458128237165,0.87928987001822279,0.10430909852578288,-0.86882221461915321,-0.43009368323015296,-0.24529040549885195,-0.17081868438843187,-0.20461854297413526,0.96382167901274529,-14.166691313561925,-3.087742235546016,-4.2103789181245199,,0.3006405034490766,0.3090909090909091,False,3
-0.20620371351217232,0.97837743203504679,-0.016050826093951535,-0.9658177096182412,-0.20613518225399563,-0.15717645633137226,-0.1570865376840605,-0.016908196876671756,0.98744009061654725,11.248912487187379,0.29415060646570462,-3.6488251285082698,0.3377954305626888,0.3116183881977009,0.9911504424778761,True,5
0.69466675496513652,0.71909160459599553,0.018583964748214651,-0.71568243554418143,0.69351095372013671,-0.082711598483735646,-0.072365399188804969,0.044156780563606488,0.99640023471018002,0.39146729635240851,-18.43243240201949,-6.2235486640748245,,0.1198486201355107,0.3571428571428572,False,3
-0.091368450055206787,0.99547568243555806,-0.026076273007660182,-0.9844132470807283,-0.094242726174492947,-0.14848861079280534,-0.15027430021958807,0.012102654364244833,0.98857026075583199,1.677915810121047,22.789032445453696,-0.087606882957329976,,0.1281661305135648,0.4545454545454545,True,4
-0.97030819336074969,0.24003949454802048,-0.029716173275340482,-0.22794587624619742,-0.94860064278517475,-0.21953928580076018,-0.080886880267151462,-0.20624708862111349,0.97515098884017104,-6.2622673808860307,-19.115985629800974,-6.2825516742995866,0.2499273183290916,0.1862869118241162,0.9491525423728814,True,4
0.60530665050744781,-0.78942190766494647,-0.10206326738886899,0.78172168988987811,0.61371836859970108,-0.1107292355208627,0.15005018629501229,-0.012759927192525458,0.98859603774791349,-21.287510874510136,24.643673467245581,-0.40522281011687572,,0.2128876276708087,0.2916666666666667,False,3
-0.79496663044040661,0.60558798972669381,-0.035933872390937448,-0.59255696828089854,-0.78782608316067693,-0.1679473192208101,-0.13001652136546554,-0.11221964796990018,0.98514082992308039,16.664948132780157,6.3219045443925328,-2.7527602959351074,,0.2253408682911789,0.8363636363636363,True,4
-0.97046527253994486,-0.21893208969633363,-0.10132075253948505,0.24121402002737122,-0.88688886151957524,-0.39401008090497747,-0.0035987964941023402,-0.40681308658118226,0.91350433017588162,-10.691831501484511,-15.496232686565683,-5.8690950526332069,,0.2236464311802021,0.2903225806451613,False,2
-0.9705092114706394,0.24038646581819043,-0.018061492243965447,-0.22200909223317183,-0.92047851507826106,-0.32160731684015503,-0.093935261837298611,-0.30811304797226763,0.94670085890570443,-6.0030006475627777,-12.48885734649159,-5.3965467399045783,,0.3200400014630209,0.2857142857142857,False,4
0.82273746656842384,-0.56396674710340522,-0.071025131229562027,0.55642392808403485,0.82459691211047814,-0.10213885055843441,0.11617001919645938,0.044513376635220189,0.9922313671419718,-11.366264953519133,15.822393594082186,-1.4072100888388832,,0.1707571113582709,0.4347826086956522,True,3
-0.44845711111708281,-0.86696716319196676,-0.21738021399243077,0.87167699028213552,-0.3704416839196234,-0.32086162660479139,0.19764980167255181,-0.33337800881532131,0.92184253489255596,-14.082292447842836,0.5685467857731783,-3.6796208050581605,,0.2396711968319683,0.3461538461538461,False,5
-0.99148740512257671,-0.086419166167844452,-0.097388157401985975,0.12621216669430688,-0.82166891278852361,-0.55581533510263514,-0.031987723608096652,-0.56337547468431814,0.82558152841654076,4.3649235951889223,4.5592906882627569,-2.930304178855502,,0.510847441518927,0.3928571428571428,False,1
0.21454486746731957,0.9231147712910549,0.31910753495913169,-0.96724936633762204,0.24617968396250467,-0.061840330881954758,-0.13564351500495178,-0.29538903538957662,0.9456987652570541,-6.6064781919334523,-1.030860856707525,-3.8160670003462891,,0.6343134808362719,0.25,False,1
-0.037568078454989107,0.97823583319492124,0.2040668864236401,-0.98698377600860554,-0.0043682569862936449,-0.16076051824592255,-0.15637028290885613,-0.20745016988265094,0.96566700349481993,-1.7387536706182671,-16.889454487647537,-6.0096041900206911,,0.2377313762880021,0.2105263157894737,False,2
-0.94797676194079938,-0.2513107712618019,-0.19540459326237702,0.31833896267902639,-0.74953463454540925,-0.58039481084630795,-0.00060304284927687954,-0.61240568895518799,0.79054342605238548,4.9557297171367027,3.9779782827320869,-3.0297089599173255,,0.7776915980852519,0.2664907651715039,False,1
-0.30545093409377833,0.95217938003558489,-0.0073590146274917084,-0.93899244884217847,-0.3024858010884901,-0.16369337542253631,-0.15809145416058162,-0.04309023526164342,0.98648381828922527,-3.1438014135683625,18.272156282524701,-0.85308473520475125,,0.1281424073326645,0.7916666666666666,True,3
-0.99454543530801265,-0.074685158889283065,-0.072811428702362707,0.097721834969926299,-0.91124277008197663,-0.40010880638076129,-0.036466698206818755,-0.4050416534321003,0.91357070821413944,13.325622525452657,-22.379907725880191,-7.0417657033215706,,0.3376748194599279,0.36,False,1
0.74015827152362301,-0.66788519523321999,-0.078071115551439363,0.65799173534324595,0.74329721868988263,-0.12064875012973914,0.13860955708444617,0.037929021555638556,0.98962052323538918,-8.3984703803013598,18.843934354207814,-0.88730012186283724,,0.2118220892015489,0.9473684210526315,False,3
0.53326803823913049,0.84508771485871559,0.038104508755074581,-0.84289615095710391,0.53462758426387136,-0.060822897381481444,-0.071772404824489267,0.00031676340287892235,0.99742098512446509,-5.2855439772506756,18.441632422487253,-0.84981024139975858,,0.1790334494550732,0.3611111111111111,False,2
0.32465326577615111,-0.90450387290865408,-0.27653752171111612,0.93251218397203883,0.35499135751900568,-0.066348796752561542,0.15818117386269159,-0.23633425477501074,0.95870998547807051,-7.6275360676750186,21.680673986777197,-0.41302434090831597,,0.4036628255006955,0.175,False,1
-0.98954874600047771,-0.1292452290680727,-0.063944898561376501,0.14085286027798727,-0.96132508873898725,-0.23667392233300452,-0.030882859977552378,-0.24320720491819459,0.96948259625198396,-1.2924809013595993,23.694406720715847,-0.041022418132645157,,0.1525417443269828,0.3333333333333333,False,2
0.70171149991411319,-0.70600154639833868,-0.095722449673215387,0.6981507376388657,0.70817558887238474,-0.10522776658069039,0.1420792680956473,0.0070108350719939282,0.98983045506238088,-14.488576548473437,18.451402336112089,-1.0737332070522603,,0.1927295566115641,0.25,False,1
-0.78869926379224142,0.61459093563290412,0.015213583780583524,-0.60405748285761807,-0.7701055771777443,-0.20506573922391932,-0.11431547881759342,-0.17092507667865967,0.97862995532790609,-18.083162122524204,11.799134385790493,-2.171441730878767,,0.1772593576118544,0.5294117647058824,False,3
-0.69864290403199447,-0.70742830063168194,-0.10697332429681711,0.71184458876267165,-0.67225535037081974,-0.20334705640138839,0.071940072943000893,-0.21821536005326747,0.97324543797635055,12.609877362817711,4.5202957789003122,-3.0441718158450759,,0.4003619254336083,0.1818181818181818,False,1
-0.87638678520269164,0.48096925226685744,-0.024794779610861035,-0.46183058120460324,-0.85388529836088878,-0.23998419011958716,-0.13659691426349774,-0.19886798539985259,0.97046010087828682,6.5823894510303997,20.587520333797443,-0.35058590510270915,0.3802604092640658,0.216810886477992,0.4444444444444444,True,2
-0.50878438126788972,0.85986203140020956,-0.042139534099901031,-0.84688239785734243,-0.5086989217285669,-0.15496971069080642,-0.15468890579886338,-0.043158938685970372,0.98702008512200612,22.116931554555688,-13.133129313931821,-5.8002021817278528,0.340651367093201,0.2962872134961299,0.9090909090909091,True,1
0.9418111822935773,0.33614064911513231,0.0010774596196651068,-0.33613370825758987,0.94180507747738951,-0.0041624765236790429,-0.0024139345011734703,0.0035580964385795721,0.99999075639225721,13.628266140003518,5.2991917311219501,-2.9316888047475569,,0.3945750011577044,0.21875,False,1
-0.99604299681817943,0.076603074819439981,-0.045059043683462169,-0.064492590709357228,-0.97185424762014871,-0.2265833778684371,-0.061147806445171829,-0.22278081225923144,0.97294894802145782,-9.7651414323998438,23.203596920043275,-0.25786202329084063,,0.2706947966827182,0.3666666666666666,False,1
