axis_00,axis_01,axis_02,axis_10,axis_11,axis_12,axis_20,axis_21,axis_22,location_x,location_y,location_z,dbh,dbh_approximation,score,reconstructed,number_clusters
-0.99528400160615904,0.092266347779748112,0.029944569027093231,-0.096084767074589836,-0.8953114125912881,-0.43495424129443205,-0.013321924900464403,-0.43578021473121031,0.89995451594275966,-1.241146490353209,8.9746391406014645,-1.0778318269178258,,0.4423907523493783,0.2337662337662338,False,1
-0.019918171075106832,-0.99867199755896774,-0.047513237656538566,0.98987767366640367,-0.01301904393592726,-0.14132478788870007,0.14051853129681674,-0.049847224462133598,0.98882242924379993,-7.5093755556010251,5.8396996409808164,-1.9428354996228949,0.3031514246265118,0.2906254423058376,0.8910891089108911,True,5
0.99996371043781784,-3.7324018852801302e-05,-0.0085191792062814242,0.0014737995086472181,0.9856709365213937,0.16867315379765077,0.0083908117866766524,-0.16867958828487589,0.98563522196277253,-2.5062528385696945,8.2118443977526194,-1.3391651078713094,0.770246308729108,0.5313558627661413,0.7286821705426356,True,3
0.10677267543645839,-0.97707075833715207,-0.18420729893955198,0.98752097056571808,0.12578162314265373,-0.094769805173080784,0.11576669846326695,-0.17178974498515373,0.97830790400816703,-7.1389462030650588,5.0402292622876148,-2.0041394924645091,,0.1148308544666341,0.3888888888888889,False,5
0.92703674988102736,-0.33748408641979494,-0.16342385316537694,0.37148205819805236,0.88590845261906026,0.27779001784628887,0.051028862489390342,-0.31823058462614651,0.9466389756404181,-7.3970033222428686,5.4353051664194787,-1.9687013426694167,,0.5722813144686483,0.1363636363636364,False,2
-0.28982658668774258,-0.92399160134185399,-0.24947959896282007,0.94905785652310837,-0.24378434462954804,-0.19964563177115824,0.12365166646954504,-0.29463318544125133,0.94757667310674432,-5.6759692284518986,-2.8903882066714917,-3.1342562694575982,,0.4139341956947987,0.3665338645418327,False,5
0.24781525484411868,-0.96694121460430416,-0.060102304166298165,0.95836506303547131,0.25375592346304404,-0.13093638631196,0.14185910411236069,-0.025151914578645032,0.98956726692704777,-3.6175943004215219,-1.905593715429603,-2.7984754764369835,,0.1039143304569941,0.1232876712328767,False,5
-0.78336904437638888,-0.6213164644132172,-0.017285582486112436,0.61629320582515934,-0.77282304501119714,-0.15141738854362274,0.080719420008896384,-0.1292686820103075,0.98831876592764667,13.889583579316502,-1.2900733108042193,-1.7903183577224964,0.3688308347499193,0.2565136109483874,0.9318181818181818,True,5
0.99872496070442163,0.049634248912173794,0.0092138049075522616,-0.049743536760473987,0.99868948316182016,0.012037307528451197,-0.0086042673429776832,-0.012480286731462051,0.99988509791204983,-10.12298167129766,-3.1206099970549737,-3.3800375688452133,0.2604247405614874,0.219346259185243,0.189873417721519,True,5
-0.99948175084675206,0.032164640396865216,0.001290593836551876,-0.031632031846753499,-0.9739157358665661,-0.22469435683329975,-0.0059702835407176996,-0.22461873327847043,0.97442843779049149,-9.4747781342131052,3.9694006492427709,-2.301151577350407,,0.1024266405437373,0.3529411764705883,False,5
-0.5565502017804228,-0.8302574557744552,-0.030404440943684573,0.82257172142278923,-0.5455176306351438,-0.16058106296125491,0.11673746619538425,-0.11438125631914542,0.98655425202526692,-2.4086844377541898,-8.1093551798778734,-3.5588366420561681,0.2713424552750136,0.20191581571002,0.813953488372093,True,5
-0.18985368584638324,-0.9808884447279449,-0.042584468644546514,0.97283584158394742,-0.18208913585803158,-0.14294744465057621,0.13246132756467865,-0.068566796641456304,0.98881372922210864,-7.4133107548388422,-28.347211929015383,-6.3571126304785244,,0.2744629277104,0.8695652173913043,True,2
-0.99638582720844804,0.032369740252683528,0.078533325754817696,-0.061099153683174166,-0.91539926756564938,-0.39788324211943582,0.059009971677152877,-0.40124354307109733,0.9140686201737892,-4.0384021977823599,9.1223477934844652,-1.3010208325857673,,0.3755441503406101,0.1428571428571428,False,2
-0.5112014698664008,-0.85848097553893354,-0.041030133367524951,0.85138314942870408,-0.49928966918915418,-0.16079974847570599,0.11755760322198056,-0.11713343194285136,0.98613384945756577,2.4709039685148535,8.7957312908580469,-0.95947297850249147,0.260843248947293,0.2283023796408249,0.704225352112676,True,5
-0.010890997644967416,-0.99982926362020885,-0.014927484013335345,0.99025375976036711,-0.0087113860579147284,-0.13900216916798996,0.13884839736472962,-0.016295869465022046,0.99017956310339228,-14.568814076539022,2.0333789546940371,-3.0331414654477373,0.3245425254834822,0.2643722379063147,0.6666666666666666,True,3
-0.53021653645778366,-0.84644851658767872,-0.048942141690266713,0.83980065051986141,-0.51635825310869665,-0.16765745385443659,0.11664172432337061,-0.1299963969233513,0.98462969939658895,-12.203050206996782,-6.5789447258802758,-4.0300041023891646,0.2163637934658892,0.2354548387024812,0.6811594202898551,True,5
-0.220293817806158,0.93591427441727615,0.27483650554169453,-0.97282089556198581,-0.19019418095515439,-0.13208209071926597,-0.071345210030959338,-0.29646356348256447,0.95237556485498731,-0.57958578305782193,-13.223093470401583,-4.1663660842704724,,0.3116190202945206,0.4,False,2
0.56656704452716122,-0.73824602447726284,-0.36605271669429607,0.8182994153452755,0.55630767071840925,0.14459544372295483,0.096890922698352422,-0.38146373725870009,0.91929188305743648,-9.784375850424297,-2.5157261987562798,-3.329755336845809,,0.6011717134764332,0.3804347826086957,False,2
0.65012808884942064,-0.72927106034477651,-0.21330070002839963,0.75419941370201393,0.65346185842551763,0.064582071464201696,0.092286036108061409,-0.20285788159860627,0.97484971529604869,-0.067289166726268862,9.694914112496793,-0.91625375781221463,,0.3981197401947547,0.1428571428571428,False,4
-0.68712230276158726,-0.72533612540416836,-0.041838334470694849,0.71976096549178825,-0.67173065033117074,-0.17527716896387469,0.099030770985295821,-0.15055045197318515,0.98362974121806945,-1.0683318959308954,-12.601747225281235,-4.0809835205936151,0.3042262169426443,0.2441092638092313,0.9351851851851852,True,5
0.91314381083497365,-0.39171944119432045,-0.11280186223725246,0.40549765160667889,0.90119641348730917,0.15302509225313315,0.041713730056794754,-0.18547480612746534,0.98176324081558919,-4.7203009898978916,6.3480704009613582,-1.6777624077526816,,0.2336447427297236,0.5,False,4
-0.98169747756743253,0.19015797278937735,0.010488466159328236,-0.18866894573169293,-0.96354814595433314,-0.18968130995029187,-0.025963271254455564,-0.1881885113725108,0.98178968864679261,-10.541979933762439,-3.7986388429085185,-3.5297814539090306,,0.08894510766784591,0.5,False,1
-0.14206244809694815,-0.96366048291268913,-0.22622275418972909,0.98594837960597692,-0.11746500138911189,-0.11877611797413565,0.087886595070304774,-0.23991758401822205,0.96680685728112692,-6.1307862569722635,-5.8152335952539298,-3.5121415736933028,,0.2788097464360739,0.2151898734177215,False,3
0.97209570178682969,-0.23313010045437355,-0.026082615469044716,0.23308249618083735,0.9724446547772625,-0.0048931962193785872,0.026504651321649947,-0.0013227461075923002,0.99964781488334842,-6.5113257453500024,-5.8768198500767852,-3.5433774365608897,,0.7220811813042726,0.55,False,3
-0.91169624740627941,0.4108451691165953,0.0040248576203370627,-0.40528142530747635,-0.8976540890246173,-0.17310142332784065,-0.067504953640812618,-0.15944711810170803,0.98489578015291102,9.9609234457217681,14.89644051067655,0.12708925537264673,0.3553915522232131,0.3376590658374557,1.0,True,3
-0.022123200080796802,-0.99921305255056403,-0.032921719741970369,0.99088239440331183,-0.017537496293379827,-0.13358336979324628,0.13290088216315399,-0.03557684410320143,0.9904906075697596,11.172366826621086,-8.2050823048443711,-2.7635238426496485,0.2913280238665671,0.217027650076001,0.9398496240601504,True,5
0.961975291998308,-0.27194909655920674,-0.025440645931306294,0.27273397649747066,0.96143667233116625,0.035435902142476799,0.014822808392743515,-0.041026990840241917,0.99904808211314178,10.335871892689775,3.3539259932460612,-1.3623165517455369,0.463794613067409,0.3099146417244638,0.2205882352941176,True,5
-0.56264214552790526,-0.82498945826690295,-0.053162108914521458,0.81914642989116981,-0.54767351849501722,-0.17044894700713309,0.11150310521374739,-0.13944931296988122,0.98393137293203614,-6.8632652099611366,-11.302293788735602,-4.2584426498950974,,0.09877456709527056,0.2363636363636364,False,5
-0.75151697860830813,-0.6526535618452135,-0.096257774097457255,0.65366656069956763,-0.71694889338545631,-0.2422897267664664,0.089119348553718572,-0.24500533154224807,0.96541707527329079,-7.0134054306243945,-3.4005782055360019,-3.3125466605778233,,0.3513609445724662,0.2222222222222222,False,1
-0.9025439225929639,-0.40168637305994681,-0.15512100273158713,0.4292387915858778,-0.81068885536732749,-0.39816785352550693,0.034183732803822475,-0.42594792813342741,0.90410167289439236,0.03226806150204993,-13.046524624868512,-4.1151253709219082,,0.1806175325516315,0.36,False,7
-0.29460589028226775,-0.9532300392637203,-0.067526747709921925,0.94794383227909806,-0.28257147638276692,-0.14681911176301662,0.1208712548748056,-0.10726533913688244,0.98685575783132562,-14.537225832674169,-1.6757578074191344,-3.4260620146603094,,0.1045087933933613,0.5555555555555556,False,2
-0.84417468716361377,-0.5293231507122218,-0.084770865704561715,0.53147768891744118,-0.80576454138499376,-0.26129479525931198,0.070004026564118887,-0.26563227583770149,0.96152947448224002,-13.119182082200465,14.564541098848014,-1.0260388341648565,,0.2543823926634556,0.1818181818181818,False,4
-0.64234236989049387,0.76020323404187018,0.097402889052362565,-0.76067807223945849,-0.61683772892762201,-0.20218824541865871,-0.093622381178467134,-0.20396631860112696,0.97449093921840968,-9.4917265138789801,-5.700940581821123,-3.7958219596866551,,0.1616863994020037,0.25,False,5
-0.56782624352726152,-0.82267855999728734,-0.027809064754300762,0.81552382441421845,-0.55765788328005572,-0.15472096505779068,0.11177767654825252,-0.11053357922548797,0.98756674654884791,-5.5799321779833733,-10.377586424140585,-4.0451731051071294,,0.3355688480444315,0.9788135593220338,True,5
0.51914154639673338,-0.83882199666587043,-0.16391983624409096,0.84908382415940575,0.52809078406551857,-0.013295989466899361,0.097717523278306406,-0.13227918088099547,0.98638405499572279,-4.4017105710926101,6.5412181624913464,-1.6606347420974388,,0.2230699124177831,0.2181818181818182,False,6
0.50131059728813576,0.81610191771453555,0.2875158168679966,-0.85252125164284587,0.52268489958173092,0.0028304145548905812,-0.14797026912163472,-0.24653226087450483,0.95777170756092878,6.0602918631462002,5.4784274953546523,-1.2491200221513279,,0.4396373010417833,0.1834862385321101,False,5
-0.4081182365129522,0.91045123645675197,0.067216449325511837,-0.90452187278539742,-0.39329319218957581,-0.16480487441253025,-0.12361102976010852,-0.12805862333987719,0.98403318150860131,18.503605285720365,-15.853357298443642,-3.5755028343825401,,0.167978027595332,0.5,False,1
0.93709196915661896,-0.34203241522488326,-0.069803067823732315,0.34877256652443178,0.90892556383871959,0.2284994884905158,-0.01470843914670323,-0.23847043073701951,0.9710383697269479,-2.315470725640004,9.23153097433614,-1.126354287648478,,0.3716237959551541,0.2608695652173913,False,8
-0.24660080942276691,-0.96595458278544633,-0.078229053348683297,0.96182032017305363,-0.23405833422785086,-0.1418392325158615,0.11870009475245244,-0.11021996268498092,0.98679372076005856,25.349744497577209,-4.5196453314266707,-1.8695757720960062,0.2452455486872412,0.2423816781476205,0.6888888888888889,True,3
-0.16891456076710681,0.98110212958912557,0.094374162123634669,-0.97732527841400096,-0.15431767859675255,-0.14498742788774743,-0.1276838726458859,-0.11672474197098072,0.98492241485203147,11.799812128149883,9.3475031552107932,-0.47080280626974275,0.2050744705124759,0.2326065289888446,0.9285714285714286,True,4
-0.99967717381865528,0.02540635986436519,-0.00025499880579406622,-0.025066826064018471,-0.98785635157098661,-0.15333454565732285,-0.004147574836555562,-0.15327865324076848,0.98817430248093041,7.5443541092215156,-10.399391451685386,-3.1955900745329844,,0.2300838781609381,0.8850574712643678,True,5
-0.9723021661791581,-0.23177074018362145,0.030179821703460747,0.20562390868921265,-0.90961914884601625,-0.36098727432974514,0.11111843149849951,-0.34478301589171206,0.93208227433737201,2.1718702245013919,3.9689507618836006,-1.6328202067620998,,0.7695065267316799,0.3664921465968586,False,4
-0.027200302476833766,0.90220320479910499,0.43045269286577004,-0.98986519943547746,0.035731822724839671,-0.13744134673133257,-0.13938088280582286,-0.42982858687502951,0.89208763886362852,1.7448296515838781,3.8663183520069064,-1.6398726238401911,,0.7108267959737073,0.3630229419703104,False,3
0.27711374917570175,0.9368687200303909,0.21327205969465965,-0.94866446830855033,0.30199774331454249,-0.093984517883416024,-0.15245883571194099,-0.17627922300015944,0.97246179305503733,2.5807155709552774,3.4282228181531167,-1.6800347158472302,,0.6662706818170667,0.203125,False,2
-0.090621990094029159,0.99533784241452794,0.033018697263695419,-0.98058145414820208,-0.083390217898009308,-0.17749953053324125,-0.17391856339101985,-0.048462882874591925,0.98356681638386345,-0.98359220788699497,3.8945164301506345,-1.789951874991321,,0.2522942807010682,0.9065040650406504,False,8
-0.43144649363628385,-0.89974155120699784,-0.065719587343365693,0.89385315459975623,-0.41649774197217937,-0.16600050886711346,0.12198549561739239,-0.13036399795841655,0.98393331425217923,-14.897661963976358,-8.7741083922471077,-4.5681318468738681,,0.2278273975570873,0.5,False,1
-0.9840909195708929,-0.17063402902458596,-0.04948828302690491,0.17565209118202033,-0.89261454249076988,-0.41519347465654621,0.026672174292649346,-0.41728084867727827,0.90838608996707559,-8.6053495081633642,4.1550579916996906,-2.2145791434440341,,0.4795394477969823,0.4390243902439024,False,6
-0.61179320043649477,-0.75810754076835629,-0.22579202051850289,0.78375920370321728,-0.5423785017453866,-0.30256746595582629,0.10691393973739548,-0.36207529254919707,0.92599724190477128,-10.375837843935244,-5.141283936471563,-3.7545207794655893,,0.2727836660667433,0.1071428571428571,False,1
-0.81100220111658017,-0.58476289634946854,-0.018104829108397204,0.57970435966749356,-0.79904548202752934,-0.15959064206242021,0.078856104180746844,-0.13992381035540374,0.98701724510216204,5.6204473148376346,-6.2411681773512582,-2.8779993928105401,0.1789944051130671,0.184227660099242,0.9003021148036254,True,5
-0.99942437505248538,-0.033865348855858173,-0.0020141245794116046,0.033748353515255188,-0.98640715832381687,-0.1608165620902996,0.0034593620741002092,-0.16079196545351657,0.98698225752018276,7.6791875287741043,5.4603842243334189,-1.1525198450153378,0.323732401939501,0.2649500245941416,0.9012345679012346,True,5
0.50012219804341695,0.86538463202139593,0.03142014776247519,-0.85800141569258925,0.50010883974415643,-0.11715254619199514,-0.11709550671881065,0.031632057646449482,0.99261677158675787,0.74195927909783743,-7.4177472533625073,-3.2670986004162046,,0.06599121619923212,0.1061946902654867,False,5
0.38859305453425685,0.88826463390841803,0.24491095956547221,-0.91289622099941825,0.40720187581230033,-0.028409892993906449,-0.12496370534166039,-0.21253840237116733,0.96912924827640734,1.6969486192328684,12.193137553328322,-0.51764716848496495,,0.2310481439368121,0.3166666666666667,False,3
0.67471685745555154,-0.73706627676901537,-0.038606552749074236,0.73192113938821113,0.67491518477886481,-0.093706665032825487,0.095124171386502393,0.034968514477634535,0.99485104162043259,1.0600098576208021,7.2641376341835864,-1.2475848090111725,,0.2437061143758031,0.5816326530612245,False,5
-0.69517382217617674,0.69306074399336071,0.19078826509074412,-0.71423270246385018,-0.63593741901958101,-0.29232729229734922,-0.081271173808133965,-0.33948549928691202,0.93709369439867907,-2.387945289947202,3.805529120612452,-1.8912591004880726,,0.3394840662963713,0.4866310160427808,False,5
-0.9904694303802517,-0.13209273026775764,-0.039010486957102297,0.1375346109212775,-0.96373081692910512,-0.22870754972211418,-0.0073850037883274114,-0.23189312864242004,0.97271323554657008,-18.608777675988588,-3.1873350145376227,-4.3509449892335734,,0.1693080014801404,0.6896551724137931,False,2
-0.98899319420752607,-0.14726872695279689,-0.014296288780564142,0.14518015349670793,-0.94722036888005734,-0.2858256388244424,0.028551442027803756,-0.28475514892698761,0.95817499462139066,15.553158659115743,-17.102795352872239,-3.8423000255358755,,0.3085710258024713,0.8928571428571429,True,3
0.59952082709019505,-0.79989938377337855,-0.027124780626923518,0.79205727136417148,0.59783005233340014,-0.12346864948718081,0.11497850566185285,0.052537647130551243,0.99197769071171848,11.83234491613586,-11.673540820273915,-3.2489548766110969,0.3466783881844132,0.2834835682142233,0.9734513274336283,True,5
0.28481488410158218,-0.95793972181894882,-0.03509944665715084,0.95274001680175713,0.28692565097489597,-0.099800456898853765,0.10567375350005356,-0.0050159918329342572,0.9943882026890416,-4.4304712399685853,0.19410292237233973,-2.638572739249057,,0.2803157240129455,0.9382470119521913,False,6
-0.83979229503441644,-0.5426447899288801,-0.016897726588844537,0.53761438234115067,-0.8268655610616169,-0.16511850238602083,0.075628546864082768,-0.14774970691443337,0.98612897077711281,20.635768901747749,3.4567712861977631,-0.7960404782073135,0.192466042072685,0.2255606108924849,1.0,True,4
-0.9805620167561333,-0.18895107471039357,-0.052873648076636415,0.19154525312862919,-0.8634343790989808,-0.4666813570240903,0.042527018459258208,-0.46773770893070454,0.88284363754020501,3.5751034962395054,-6.5527391464184239,-3.0380860290658465,,0.449169436380544,0.2345679012345679,False,5
0.15390520325319185,0.94357112097784579,0.29323493664330741,-0.96638721527546589,0.20559629354691028,-0.15435645186354249,-0.20593430642737284,-0.25962223274670349,0.94349740736257037,13.384824805733102,3.3710654671141782,-1.1680142523957182,,0.2828429949272065,0.52,False,2
-0.91321060399242504,-0.40701496744635546,-0.019626742736223488,0.40363087309904461,-0.89690554185385707,-0.18067254155832083,0.055933094292151486,-0.1729140401080328,0.98334745827526482,-1.1761524722225807,11.41089663141498,-0.72695476255968317,,0.0859938928887101,0.3488372093023256,False,5
0.87087064385937207,-0.46172874171957012,-0.16849596652153481,0.48831609018089456,0.85181091687464716,0.18964587515582232,0.055961752424383893,-0.2474363169852716,0.96728669550571023,-1.0340129478195645,6.5664113968443818,-1.4692846616064599,,0.4007738751342836,0.3076923076923077,False,5
-0.70157332785375026,-0.70765963738289273,-0.083741884761016988,0.69912760945218666,-0.66080178516737864,-0.27305967556795446,0.137896524052948,-0.25011764899486549,0.95834529806087954,-6.2598691958774557,4.2542358199754,-2.0309286041797829,,0.3163372463967685,0.2327044025157233,False,6
-0.99300243223380025,-0.11680266346796156,-0.017415722337800432,0.11792936581596747,-0.97299451374512025,-0.19842968754735518,0.0062317137290583101,-0.19909498745244048,0.97996038272744046,15.662807151959949,2.864258459398628,-1.1264996072698188,,0.1007479465064304,0.12,False,2
-0.99201438372884476,-0.090486615523743513,-0.087861452788684485,0.11811380718298402,-0.91081646852529496,-0.39555339616270557,-0.044233370070805786,-0.40277230921969764,0.91423075637281548,-9.5350383117872788,-2.0778379543493823,-3.2013046030753238,,0.3633993615861231,0.3833333333333334,False,6
-0.95567047395535931,0.29245982020419908,0.034076366826086876,-0.29129724115688926,-0.92226194311196585,-0.25412364231162293,-0.042893618456870453,-0.25278481333630021,0.96657124705952613,-3.7966711517464922,-9.5845133249127734,-3.8398674355686691,,0.1388391925043392,0.2884615384615384,False,3
-0.10828377755749627,-0.99301130543405525,-0.046937946248563414,0.98571451023450229,-0.10112153622201656,-0.13468978886781052,0.12900204584050062,-0.060852133834844196,0.98977547452779002,17.361785337936141,-7.0886218604530908,-2.3878441696272441,,0.2348777750890372,0.9253731343283582,True,5
0.26826941141205463,-0.90626233254309807,-0.32668043638113992,0.95972102037263674,0.28080667973716678,0.0091198503217995719,0.083469071850198667,-0.31596865861748114,0.94509085320721142,-1.5293878800810856,2.9795793308759069,-1.9626817410140471,,0.4532500207168487,0.1570048309178744,False,2
-0.11817417677016871,0.96157755019835933,0.24779725361516086,-0.98078856132205738,-0.074024909157698451,-0.18048299311570845,-0.15520522518428073,-0.26436514100523528,0.95185209475883392,-1.0195263409418835,10.623133136922489,-0.83665242475911394,,0.4838848416250379,0.25,False,5
0.99996565238621526,0.0081542468615748466,0.0014840168237653557,-0.0079869962817591626,0.99588487591689456,-0.09027470194017842,-0.0022140321153694617,0.090259748382728114,0.99591579758716542,-12.966748169510627,13.689835885306071,-1.1617754276041723,,0.2560409287760178,0.36,False,5
-0.84638921519782029,-0.52465145951499648,-0.091466619187559092,0.52606913414156808,-0.79690013776643376,-0.29698726661488228,0.082925041455271659,-0.29948458467277189,0.95049062122833072,-7.1044566706702676,1.7479217016576873,-2.5111122095670573,,0.2626040683839432,0.3146067415730337,False,13
-0.93100285567459906,-0.36494540011553522,-0.0069668974626348017,0.3617476034572667,-0.91996192271408495,-0.15102560097258066,0.048706817989550233,-0.14312552424608566,0.9885053010432554,11.897562195724861,5.9693219405918896,-0.96133025453940013,0.2159386763452925,0.2490564664667105,0.8762886597938144,True,5
-0.80054183366180576,0.59002684598730581,0.10488609808580768,-0.59437123356635324,-0.75938465538450073,-0.26468430606171983,-0.076521952838419297,-0.27423213921937489,0.9586141687628863,-8.8818637535782603,-5.0108847021119116,-3.6446764064987565,,0.2569871774602419,0.2439024390243902,False,4
-0.89612311085553698,-0.44336282620858869,-0.019818539979744129,0.43975011370365957,-0.88102553933576144,-0.17439563221523011,0.059859900502876567,-0.16499516166986306,0.98447620028994209,2.4989277998829094,-2.3029616192664766,-2.4478234740276004,,0.2498828835912279,0.9448640483383686,False,5
-0.074834508602792241,0.96122939274505237,0.26540130151368435,-0.98802272856938522,-0.035454823285160635,-0.15018003641005753,-0.13494770895605013,-0.2734611673141123,0.95236973167920291,-3.4559179737532322,3.5658618109485274,-1.9969271957381991,,0.6447815318508324,0.3709090909090909,False,1
-0.59419368872139133,-0.80414896882132691,-0.016682212900661866,0.79686500767758894,-0.58574049386898031,-0.14803456819648222,0.10927039774185041,-0.10125467784611124,0.98884147889923091,7.6013835482106336,8.3665977802078082,-0.77812775243424626,0.3043091289436725,0.294189304556547,0.8977272727272727,True,5
0.81520258130401368,0.55206468901738603,0.17512661298446547,-0.57387115151268087,0.81075667919241634,0.11552276228689909,-0.078209033345154402,-0.19467456506956071,0.97774493648302474,7.4026515069914529,8.1037461272271134,-0.83173862369173557,,0.3698956784252508,0.1278195488721804,False,1
0.41982745289267731,-0.90743658261902149,-0.017428663814547628,0.89934165946973554,0.41851408611112062,-0.12661176591769668,0.12218628949219747,0.037480771754155061,0.99179922484787386,14.341286592336242,-8.5498072752404308,-2.706216608124266,,0.2438937988525306,0.9848484848484849,True,5
-0.59827551957249692,0.72492231610895919,0.34140011465651648,-0.79390487299343482,-0.47855291967399427,-0.37510286017141348,-0.10854241252864368,-0.49545407322850749,0.86182585596148342,4.5417812324173532,3.9820942907882881,-1.5376119470627645,,0.5064595715288043,0.2182539682539683,False,1
0.062122330323651824,-0.97727964733532435,-0.20264576723756705,0.99267686327498472,0.081575702225276575,-0.089095734606034996,0.10360241886025205,-0.19562692992171629,0.97519056757933609,-14.93872161098774,-0.39322889492836499,-3.3591625029457433,,0.1922706872971315,0.25,False,5
0.15383895172717679,-0.98712004595039571,-0.04390434846768175,0.97891619552824116,0.15830186779763411,-0.12908757021608933,0.13437506861020332,-0.023119981286077691,0.99066079330986634,-9.5280312647105223,-3.4719323057845939,-3.4381581507003194,0.3234546387137153,0.2931726628549519,0.8702928870292888,True,5
0.16144070382471651,0.97087749783137356,0.17701351178165092,-0.97745695390095855,0.18203626924044519,-0.10696120769550319,-0.13606910898231331,-0.15575519537310009,0.97837902506904095,4.7481164017029514,3.6709211928640686,-1.5633619315351017,,0.3001098065525134,0.2195121951219512,False,6
-0.99824276911473775,0.056853861687128089,-0.016703661915925608,-0.046899191703806228,-0.93032248133594808,-0.36373142088422084,-0.036219328095234746,-0.36230887255515221,0.93135409009685688,-4.746251850398199,-12.234101223967357,-4.2671754376717512,,0.3764732917619907,0.2272727272727273,False,7
0.15273479793129599,-0.97046003880941989,-0.18676025962422005,0.98599611064574633,0.16244238178492273,-0.037737811164699098,0.066960819083605308,-0.17838101265006101,0.98168042816060641,-7.0955338378820825,-5.8395355583734201,-3.5988880183049505,,0.5493058230211847,0.4349775784753363,False,5
-0.44971300033699768,-0.89031589210518491,-0.071385079623432157,0.88476472401302875,-0.43311345322626471,-0.1720584777817375,0.12226855879597123,-0.14053593454831592,0.98249684509955904,-11.729595988337154,-10.784471953880637,-4.7628093592983953,,0.3314542612577366,0.975609756097561,True,5
-0.81079495807527324,-0.58512143004890693,-0.015634834736545842,0.57996478483996095,-0.79946767648880201,-0.15650010413777632,0.079072019736785779,-0.13595714893715335,0.98755418552483831,16.059704712809598,1.5834750784606966,-1.2638615525414421,0.3281100611904519,0.2689494601440993,1.0,True,5
-0.2779456907358156,-0.95949680385803415,-0.045957332250776452,0.95289999451689333,-0.26935868385854689,-0.13938256662759793,0.12135812066399058,-0.082533525407614466,0.98917158457605092,16.69318356885303,-13.060426171504854,-3.2654427186638295,0.2627377427141728,0.2373326853963994,0.8947368421052632,True,5
0.075409702881303969,-0.99705991192323762,-0.013598115567207782,0.98783759657749015,0.076557937887377636,-0.13533574891520719,0.1359788935804416,-0.0032271011849789658,0.9907064783873073,-7.8073244495298537,9.2994288831069447,-1.4957726769727722,0.3161137859303683,0.3076832022654576,0.9578313253012049,True,5
0.66595974178564654,-0.73780614123797972,-0.1101803987663823,0.74438510642741895,0.66691697725300392,0.03335504130948741,0.04887162417841992,-0.10422976255964472,0.99335176093211042,-6.4126158152969692,-0.21861824169181354,-2.8575642978915301,,0.2407130062452324,0.2941176470588235,False,5
-0.70938291587966684,-0.69462980060157387,-0.11943750991325743,0.69973539618861336,-0.6737522413845225,-0.23754640083591386,0.084535519036829113,-0.25208601180063533,0.96400538830217342,1.9812881076847291,-11.500468448558962,-3.7752440003732337,,0.2739851422198243,0.2406417112299465,False,5
0.35525311517454988,0.92485600263811674,0.13578143666578521,-0.92667830449666,0.36751396074127612,-0.078745213412991386,-0.12272955688820798,-0.097851229141520293,0.98760447185172262,10.428558837730593,4.3154403049091021,-1.2307154475640132,,0.2282859298306499,0.2333333333333333,False,3
-0.74669275386847633,-0.66378544285731766,-0.042881431541229281,0.65872237135646861,-0.72896405525672003,-0.18626927717202141,0.092383812406834825,-0.16733287780466585,0.98156249888164859,-1.1698031168785041,21.982204274941726,0.64642563078744275,,0.2332408255605196,0.7906976744186046,True,4
-0.89969461255302674,-0.43600282480681762,-0.021240077766666688,0.43265946721639892,-0.88422497775631648,-0.17593173147520319,0.057925724605569828,-0.167474551715527,0.98417319865794051,5.7062913993222208,0.35694956134959621,-1.9071987435170648,,0.2454144461338942,0.9375,False,5
-0.95258554264357664,0.30401621867886836,0.012446795838521003,-0.30136956467808151,-0.93707687817416985,-0.17624786488662994,-0.041918604845424798,-0.17164225345629419,0.98426712197261701,0.19454490980462535,-17.888629960504556,-4.6312940261244844,,0.3552969144799701,0.9642857142857143,True,2
-0.99572469687905363,-0.053696278466115743,-0.075160080521567946,0.080048674500482406,-0.9076386818969272,-0.41204882336335613,-0.046092708054908671,-0.41630365456394897,0.90805656732434192,-1.8079895398239283,0.50998912381851513,-2.3206991609221381,,0.7771678113872745,0.6688311688311688,False,4
0.96547911289136268,-0.25359536558942142,-0.05949347125589733,0.25615506741743932,0.96580073210112438,0.040168735470515776,0.047272232937272632,-0.054021629228493212,0.99742017202812994,-9.3113169534876867,4.6518875043086272,-2.1883564391026185,0.1413572735279769,0.1502316916810917,0.3043478260869565,True,5
-0.92228743214095332,0.38263028213485273,0.054589007210692042,-0.3827268605712012,-0.88441861888280726,-0.26706526687448412,-0.053907724049139752,-0.26720361855115332,0.96213106358801814,-11.780660484148331,-3.243541021344623,-3.4796868778071341,,0.1475752065028638,0.4444444444444444,False,3
-0.96663927208787914,-0.21086098733910458,-0.14541719869325662,0.25318973769192304,-0.87252822732879287,-0.41783902312011245,-0.038774661635032209,-0.44071775155177567,0.8968078886150791,-5.5789547649534912,-2.3578999580290585,-3.0784993257390902,,0.7478693777202587,0.3068181818181818,False,3
-0.96776651603095165,0.24256940489047274,0.067735177422045961,-0.24578928725314414,-0.85103668786207298,-0.46403036773937922,-0.054914449108640587,-0.46572163330023036,0.88322577156424742,-5.01216905029841,-10.065428711306772,-3.98419249875987,,0.3963360651413703,0.1379310344827586,False,4
-0.87209394345265889,-0.47199048226636448,-0.12913999552096128,0.48451985233909595,-0.7959485691407876,-0.36291374728994708,0.068503039950718839,-0.3790657725681596,0.92283068522064904,-4.6573821227713816,-9.9023538573552816,-3.9332454389015541,0.552380025259762,0.5039830697530487,0.3225806451612903,True,5
0.16366439265715046,-0.98617955522227851,-0.025765314625592461,0.97721877186624284,0.16564388554827908,-0.13268600187171573,0.13512008913702803,-0.0034623752047289111,0.99082317971954192,8.337268846592039,-1.9046149745617429,-2.1739987899522206,0.3059131422831149,0.2679930833459873,0.9770992366412213,True,5
0.92948676486101822,-0.3630237564788783,-0.065330744524800893,0.3648276154751729,0.93090526361141313,0.017782046205845892,0.054361428742262484,-0.040362636342681592,0.99770521330329331,-9.7216299829013995,12.195449999428794,-1.2868664858505039,,0.1905784827812062,0.35,False,4
-0.47454319528324501,-0.82838606250963953,-0.29763280607175335,0.87253012376436667,-0.39805203044786847,-0.28327683311571772,0.11618923760017139,-0.39412068265457345,0.91168467606392611,-5.0299621590746861,9.9097066944490031,-1.2702545320838288,,0.3030254373622743,0.2253521126760563,False,5
0.19919819842745085,-0.97817115973295143,-0.059171445900471444,0.97317662869203403,0.20455040263929095,-0.10529189022765301,0.11509703345814835,-0.036610313393884458,0.99267938320604643,-9.264208380737708,14.557537246975235,-0.87094199184720344,,0.2231654153853444,0.2727272727272727,True,3
-0.96986906239002912,-0.24200119214613866,-0.028096704762889842,0.24141215359285226,-0.93912556356404397,-0.24446543305379009,0.032774592542797798,-0.24388234634832365,0.96925085876840422,-15.171145058631215,-6.5143482345323083,-4.1967735012733733,,0.4852759857360853,0.4583333333333333,False,1
-0.55053948415107423,-0.8036283994232083,-0.22602582160267046,0.83212159968609489,-0.50656231690089304,-0.22576151672030825,0.066932202462820556,-0.31237159719874047,0.94759910591820629,-8.1391837710907335,7.2616912034651335,-1.7790725929379214,,0.3390562524382374,0.3333333333333333,False,6
0.40052999500714925,0.91468545956702718,0.054094668464000482,-0.90786735040730071,0.40414219173952431,-0.11156147596908911,-0.12390559779122617,-0.0044270659166840177,0.99228413467281062,31.662850522586336,2.6196421855379652,-0.78590338424559603,,0.2752636935837493,0.71875,False,1
-0.61821805229910143,-0.77980384904244404,-0.09855149329205147,0.78024747607054035,-0.59369504252375016,-0.19682497953327016,0.09497534362694085,-0.19857530939497486,0.97547297789412535,8.9616655392829667,7.1096960640567799,-0.91014789404381036,,0.185559055658737,0.3571428571428572,False,4
0.60572952073609709,-0.75965483272882905,-0.2366775925611764,0.78654374088621926,0.61660235396625829,0.03391873753520297,0.12016942781561069,-0.20670285966818397,0.97099600226955862,-3.121788261397108,10.400867390152008,-1.0535922317072408,,0.3358970427033182,0.3225806451612903,False,4
-0.75528695249671118,-0.65367118347858011,-0.047493191911510829,0.64975058822374154,-0.7373251840545666,-0.18486683332009909,0.08582419525479304,-0.17048623653718234,0.98161532723376654,19.542724972393792,-1.3293146561173077,-1.4880047542676049,,0.2215650616107773,0.5714285714285714,True,4
-0.51977221656841444,-0.83537616488511202,-0.1788393301972486,0.84653318093992014,-0.47545942855877676,-0.23941575838340878,0.11497137231197443,-0.27583508648539373,0.95430424321193164,-11.40919345248027,-12.24030972174396,-4.876271655296704,,0.1720001980411361,0.1724137931034483,False,2
-0.044489722251310065,-0.96080187467847034,-0.27364287352010425,0.98940598547704317,-0.0044871471333091245,-0.14510569049077998,0.13818994361458903,-0.27719960881094785,0.95082275759410351,3.2809578491178097,0.63482132848205342,-2.0264472536680924,,0.4346681341056114,0.1323741007194245,False,2
-0.15037770910890486,0.98760636191840145,0.044946840839579241,-0.98020472771753364,-0.14301986115194829,-0.13690876917229938,-0.1287836805008854,-0.0646451329519733,0.98956342415343357,0.56607831224712057,6.5736264118829606,-1.3793875740268609,,0.1008683611903602,0.2205882352941176,False,3
0.66346027944935038,0.7394142466180329,0.11439855545974947,-0.74134803794970583,0.67030703552002568,-0.033038837153824663,-0.10111154346122908,-0.062889188503607835,0.99288539406532017,4.0789786421457785,0.60499867916145089,-1.9886114312815788,,0.2645144934839674,0.1965811965811966,False,1
0.95458700005713992,0.29162497048485719,0.060979799209384761,-0.29521784846666588,0.95343099438391699,0.061771845486505161,-0.040125817980738082,-0.076968925793479873,0.99622572903613316,5.9206750508652419,6.9368023720410639,-0.9871585061564333,,0.1851220162771341,0.2307692307692308,False,1
0.38940375645010317,0.87778785738171861,0.27902184842008421,-0.91260657009839952,0.40866289899845598,-0.011995132154871219,-0.12455505881249435,-0.24996622254894629,0.96020983379094105,-4.5394437524418825,-15.791666036025553,-4.7096531996810143,,0.2119869831506989,0.2857142857142857,False,1
-0.15684446894191201,0.9255474111612515,0.34461834288823823,-0.97853590926332412,-0.098407311605343217,-0.18106207583259423,-0.13366857089281994,-0.36562000863644556,0.92111602007573212,-14.128067796708558,-9.4710111051989418,-4.6282868703818263,,0.3693136427566679,0.3103448275862069,False,1
-0.28508283992792938,0.95639198933895431,0.063577803570933275,-0.95034833978461875,-0.27340113309771402,-0.14862655714745229,-0.12476300512269468,-0.10279194107109541,0.98684751071459387,-2.5526669265549042,-16.975794367621422,-4.7535829317623666,,0.1848154568847749,0.3285714285714286,False,3
-0.92141649526287805,-0.38477971602589384,-0.054186828588755259,0.38475644409640797,-0.88393840436511295,-0.2657355377339391,0.054351825946903139,-0.26570183933027358,0.96252190187691145,-6.9782727895034959,11.264963281007468,-1.2096089109373405,,0.177066831629651,0.3333333333333333,False,2
0.37689294797814593,0.91021949096029786,0.17161638628149262,-0.91522888458249241,0.39446321868421541,-0.082187942735993919,-0.14250541951178172,-0.12609221776646082,0.98172957479567979,1.3438148804626036,9.797030889273886,-0.84877089464395949,,0.2539916381780583,0.2333333333333333,False,2
0.049616868572988387,-0.97507504508741594,-0.21625638210417075,0.98958130407745637,0.077294637903526447,-0.12146761532080738,0.13515549923466569,-0.20797642991247112,0.96875115258124522,23.784845911534671,-10.011243246849606,-2.6207876472276417,,0.4316073249032357,0.35,False,1
0.98868789663298473,0.13222086545046319,0.070808797412292346,-0.14863451862555979,0.92697932558640472,0.34440834747189586,-0.020100321499733221,-0.35103699616266171,0.93614582432476967,-10.808258452822445,2.1781462613565217,-2.5937011272947768,,0.2038565771987498,0.2941176470588235,False,1
