axis_00,axis_01,axis_02,axis_10,axis_11,axis_12,axis_20,axis_21,axis_22,location_x,location_y,location_z,dbh,dbh_approximation,score,reconstructed,number_clusters
-0.45882607133921943,0.88827972506809361,0.020922865300182284,-0.88132372633692957,-0.45198846484309363,-0.13774947202937735,-0.11290316937538214,-0.081642866692293189,0.99024608894115729,-13.483495940358356,-8.789724532501042,-3.5492689067269367,,0.2490598853984011,0.6571428571428571,True,5
0.35698233704354865,-0.88776462491532804,-0.29058145465234758,0.92841606722467751,0.37150019422440167,0.0055867531084897171,0.10299134506350344,-0.27177486351791252,0.9568339492314385,-4.7681671074833378,-12.821543201503339,-4.2472453590617816,,0.4260309929050526,0.1578947368421053,False,5
-0.59687367574990302,0.80007581720253362,0.060170606815114672,-0.79677597095467445,-0.58225592697646322,-0.16163566317498188,-0.094286092855926137,-0.14441856607956954,0.98501442145051143,15.932321152922704,0.055715436450194,-3.6136199344396358,0.1958945833155542,0.1751781122761175,0.6944444444444444,True,5
-0.32935024687567888,0.93743930728391978,0.11285371080285565,-0.93568468151105,-0.30801453855201905,-0.17210816606469226,-0.12658037631676633,-0.16227935543263688,0.97859226398529953,12.878969577922874,-3.6215371367236591,-3.867671835255921,,0.1938602499911612,0.3846153846153846,False,5
-0.76808200660257209,-0.60141823001363492,-0.2198775653417904,0.63720207833033038,-0.68382154006257778,-0.355473786259904,0.063431399991443482,-0.41313946065912277,0.90845596675976259,5.4596127555230733,1.5566613186312688,-2.9925610239985327,,0.3492182441652279,0.2408759124087591,False,3
0.88203452006246175,0.47115028667988351,0.0057019978645108521,-0.46778427938618605,0.87705606414194714,-0.10931847195686138,-0.056506401206675688,0.09375536098432008,0.99399042194045817,-3.662387281192403,-0.31643511321461831,-2.8222616771128566,0.2358900572687415,0.201309804649357,0.8084745762711865,True,5
0.98008356193285051,0.1933422372353929,0.045332007785105259,-0.19741347057698502,0.97333907605884729,0.11678597797534832,-0.021543752313969648,-0.12340916626297135,0.9921219906939428,-5.3223062867298507,-6.9108417432426679,-3.5698048087469925,,0.2279281059439905,0.15,False,6
0.68273279064751147,-0.72703088553339257,-0.072815026300833863,0.72508919071871047,0.68643856162097194,-0.055206581334249938,0.090119931633048683,-0.015106045156191995,0.9958163512024657,-15.024998640422494,-5.4555320749692484,-3.053627991853177,,0.1894797361740126,0.25,False,3
-0.86418404520429926,-0.48834587987101208,-0.12126103095117002,0.50026637524870987,-0.80798627776474419,-0.31127436248330842,0.0540323033920483,-0.32966115415207842,0.94255187317901457,-3.8578373916638742,-13.166706630258588,-4.2962260505818737,,0.261311146331312,0.3571428571428572,False,2
0.36345180540537181,0.93046472189086638,0.046240528372098848,-0.92548749166407274,0.36629952888472467,-0.096423845143062473,-0.10665687001276802,-0.0077496100149411148,0.99426568663697623,-4.6933672360162761,-14.646891500360244,-4.4468824706989718,,0.1230712718549675,0.6590909090909091,True,5
0.99160589005713262,0.12929716908843067,-2.9491015372137136e-05,-0.12886252432198075,0.98825377449945495,-0.082151853374997974,-0.010592857469499731,0.081466061972443576,0.99661982326127407,15.306263810251943,-19.23338615443933,-5.7378020870076281,0.233757933070139,0.2622574583671137,0.925,True,5
0.40811904027331969,0.91264991734845036,0.022560525930322341,-0.90586880072742504,0.40790665382634006,-0.11407838372301631,-0.11331621611685569,0.026120683912687823,0.99321555819313112,-9.9799506874510158,-3.2667904206626632,-2.9500831126678047,0.229898070602149,0.2109418509910125,0.8982035928143712,True,5
0.44431050705698655,0.89073517392530577,0.095807219200957749,-0.88974307342325587,0.45122865080458496,-0.068920011523605412,-0.10462044070879994,-0.054621924401569211,0.99301108189212439,-7.2109733297250909,-0.45300674772616806,-2.6984730099522167,,0.2650343091250074,0.21875,False,5
-0.89343355432609273,0.44786405120890771,0.034558293346011799,-0.44319572310855082,-0.86635582044001902,-0.23022845916174045,-0.07317127183897075,-0.2210099183847766,0.9725227919966819,-3.268544697442036,-7.0648473355102457,-3.6630486783698863,,0.2568507318990976,0.3943661971830986,False,5
-0.93274067858745568,-0.35451651745909435,-0.065672409403722418,0.35829854656170951,-0.89110078397010339,-0.2784987331023876,0.040211665471365593,-0.28329742613822684,0.95818870286779967,-7.3563046278014239,1.1332058687061524,-2.5037662827846181,,0.2040305239190609,0.3396226415094339,False,3
-0.36866184994283319,0.85957357665074396,0.35386679233939961,-0.92469327208979812,-0.30020046752033164,-0.23414105119016787,-0.095030484312089686,-0.41353711517156727,0.90551436290485621,-2.4109006971729023,-3.8881290374798789,-3.3215574717499359,,0.3501048187437645,0.248502994011976,False,4
-0.58832229785026846,0.80843244248347523,0.017716088518183237,-0.8019697108364694,-0.58053359825118822,-0.14080242967505516,-0.10354446751541505,-0.097044975355409901,0.98987919263171631,7.0686186131999111,-13.190810483065707,-4.7820678116248398,0.1723272688777181,0.1878761288122187,0.9690721649484536,True,4
-0.1090858016583264,0.96309316474808049,0.24607284265454271,-0.98944903672929096,-0.08145853873497573,-0.11981281309877016,-0.09534616715966418,-0.25654641389559413,0.96181757414037317,-1.5664236579481692,-4.0908489618917434,-3.3820412543820249,,0.7145244706254256,0.5065160729800173,False,5
-0.64074416060130235,0.76731624957052469,0.025936341306285006,-0.76085759408632381,-0.63010788501954407,-0.15511213607376892,-0.102677369349349,-0.11912105767336384,0.98755634342668086,-3.0832517967533333,-23.869219639602377,-5.6811956338748928,,0.1869358298318296,0.8666666666666667,True,5
0.24730488977850795,0.96524197405750767,0.084547164406656633,-0.96413138389409569,0.25381992097372602,-0.077628102561812434,-0.096389657547352681,-0.062316765275947733,0.99339098782073065,10.509787246115103,7.6892061753495957,-2.4645018015486473,0.1996775512817942,0.2350363831917844,0.8378378378378378,True,6
0.28954738496275828,0.95400355742313014,0.077714376309921299,-0.94744518600816485,0.29720191555255293,-0.11840034164581649,-0.13605120863550349,-0.039347602416218611,0.9899201153693733,-6.7652166653018657,-1.3766730056168206,-2.8614677603162852,,0.355263604366936,0.7338709677419355,False,9
0.11263634150660647,0.99342260121810888,0.020605580823044374,-0.98581265496682291,0.11432264637108268,-0.12289728163786712,-0.12444462173702805,-0.0064705421535024149,0.99220545664946291,9.0058409570608724,-4.0853233327576639,-3.8113765597598359,0.3612881520932098,0.3054491252874126,1.0,True,5
-0.19623400461607005,0.98023970224818868,0.024946774715803637,-0.97257471713220933,-0.19133386197601646,-0.13224890493514047,-0.12486246444605088,-0.050214334584096271,0.9909025610900063,3.1814480160844374,-5.6587911642814239,-3.7180691299571982,,0.2810779362245804,0.9904371584699454,True,5
-0.16608287782010694,-0.97818559207876099,-0.12477750255761398,0.9783385003123668,-0.1475927666816482,-0.1451556200420972,0.12357287931233382,-0.1461824978332921,0.9815092566174195,13.473186280505621,-0.17035442089259722,-3.5316872585204688,0.2033042814983408,0.125920369412779,0.3684210526315789,True,4
-0.15262487616452525,-0.96236638245251582,-0.22484793328163327,0.97593560866802653,-0.11091197279309274,-0.18774509853765198,0.15574124344415555,-0.24809167703976431,0.95613554733315198,-4.7351832643109324,-1.5329782878407652,-2.9293329502023568,,0.3917165507582148,0.2485207100591716,False,6
0.61638810394963262,-0.78418838709422256,-0.071514186396396714,0.78133744698306062,0.62036879615637741,-0.068222801888218776,0.097864698698606339,-0.013824988320020735,0.99510369833830992,-4.289584911038169,-9.0645168549838413,-3.8540759065186321,,0.210121518074046,0.3103448275862069,False,2
-0.83545081127686704,-0.54631534847739271,-0.059678153078386559,0.54707612387292404,-0.81642516747556337,-0.18481791201253411,0.05224611588433771,-0.18705476719538719,0.98095915177161053,3.7691862096788302,-17.61787032470038,-5.1275027999124916,0.5324054742006264,0.1984431102075929,0.4736842105263158,True,3
0.81619549296162219,0.5774466689339256,0.019500302721958733,-0.57320512147240532,0.81351425361642449,-0.098134845395082132,-0.072531413793884558,0.068919545123462642,0.99498205527187034,-5.0166811037090371,-8.340764770586361,-3.7667385015263841,,0.1934053761261721,0.9053254437869822,True,5
0.27159196377438966,-0.95548228838737526,-0.11528834195700466,0.95544056443998004,0.2820758183731602,-0.08698597882258742,0.1156336155094284,-0.086526465703486044,0.98951606237447254,14.300680174002911,0.062419664238686001,-3.5281323931550088,,0.155189742733355,0.1666666666666667,False,2
-0.33625641140523188,0.93419571746988717,0.11920565108164335,-0.93436942056977068,-0.31509311588706229,-0.16634336243052575,-0.11783637678147753,-0.16731613724176578,0.97883599163777613,-11.5972138814447,3.8823593997446606,-2.0304181039246276,,0.229779100277405,0.131578947368421,False,3
-0.7151883247828511,-0.69865377072018175,-0.019712147340426509,0.69368416344750417,-0.70608672892920821,-0.14228075278190744,0.085486498796213284,-0.11543153766853309,0.98963004129575749,7.2356681399055747,-22.788248892476116,-5.8469382370071834,0.1447920848896688,0.1067391321989915,0.68,True,2
-0.53416939404876029,-0.84413413143602789,-0.045832593275134892,0.83890976426215869,-0.52260948235455706,-0.1520188684956954,0.10437176767301634,-0.11965323688829059,0.98731435572211002,-19.004432323245808,-6.1055413334041129,-3.01928077043946,,0.1274490203326922,0.391304347826087,False,1
-0.035800698942296177,0.99917167304439747,0.01934625909324842,-0.99110011355130545,-0.033014535763818312,-0.12895970435329246,-0.12821417579125993,-0.023790927135351227,0.99146110206715032,-7.4158200504467402,9.2101664651299551,-1.5451814984310177,0.3498276423305517,0.2670579026020039,0.875,True,5
-0.030611614725113957,0.96802545190989175,0.24897721481808632,-0.98590433034113889,0.011749099952673675,-0.16689700436165167,-0.164485806252431,-0.25057670104172169,0.95402082599728188,-7.6106103052766203,-2.1928416314674344,-2.9264622579567194,,0.3038102430377788,0.2058823529411765,False,4
-0.5854072833138092,-0.74623689931241077,-0.31690503742879506,0.80563313937594028,-0.4916372413798189,-0.33052695446469926,0.090849091258050491,-0.44880208666297655,0.88900119776327968,-4.0490424984909055,-7.7361229383258108,-3.7188623063953794,,0.2464861601115035,0.1779661016949153,False,2
0.21480421626125648,0.97545070077899121,0.048529156454264408,-0.96901649260550016,0.21906371984699655,-0.11409699253411892,-0.12192696885808968,-0.022517037917357013,0.99228362743144494,9.2726122815713321,0.8593612580666623,-3.2683377603696906,0.315278329625172,0.2623913518722865,0.935,True,5
0.070711524743081608,0.99618754257621345,0.051090706439377673,-0.98833882134648043,0.076894897567635789,-0.13142887410121509,-0.13485642175276202,-0.041201392501090117,0.9900081771217919,7.3361349069622719,-14.580852403420469,-4.9485170939993015,0.2373607531382105,0.1600207569083691,0.3230769230769231,True,4
0.96484936961352308,0.26236093654154247,0.015245751323958296,-0.2627865685357858,0.96382133032001871,0.044628047429125031,-0.0029855240032600795,-0.047065722104246525,0.99888733321092416,13.890677459334645,0.30205140020291732,-3.4988594598972269,,0.1984151290686547,0.3548387096774194,False,5
-0.26767371742466628,0.96296678209865449,0.032338175190066258,-0.95547732000540531,-0.26096797488105178,-0.13769098387974182,-0.12415261557997237,-0.067754650475420092,0.98994718817904925,7.4124491533774899,7.9149923132916147,-2.3103772974488166,0.2908422193902908,0.2204662323149743,0.9423076923076923,True,5
0.79277532852060939,-0.60551698450877944,-0.0696883057652848,0.60481352294322133,0.79567491399609536,-0.033196892961790903,0.075550519217610912,-0.015830751994198977,0.99701630194157242,1.2690276382742196,2.7574787625606398,-2.6324492402924453,,0.26297605609608,0.2843373493975904,False,5
0.16337118908129536,0.98115984384375443,0.10312718073651417,-0.97784075240921808,0.17490998104405758,-0.11503895626673223,-0.13090957759436639,-0.08204790892926736,0.98799333152324342,-1.3203487395971867,4.5265772538044153,-2.336378829647149,,0.1187272735088296,0.3604651162790697,False,5
-0.92939776242493488,-0.34564049376778322,-0.12943124919233195,0.36663326817571157,-0.824294911415835,-0.431413891385937,0.042424590349481914,-0.44840890722857341,0.89282115009208596,-6.283600104864739,2.6534855325542304,-2.3737058682449583,,0.542324499195301,0.2260536398467433,False,2
-0.59393090386176606,-0.76640280205259759,-0.24468924464281613,0.79269871922499602,-0.50554493689204127,-0.34066560924442013,0.13738566874676511,-0.39629668404964991,0.90778528090857225,-5.076182221184065,-5.1932818776699028,-3.3647173584572303,,0.5659654822899624,0.2731958762886598,False,5
0.55444300976697891,0.83215927358544672,0.010192757540328804,-0.82577254711272563,0.55162698824808754,-0.11750474999464998,-0.103405267542302,0.056732787892770364,0.99302001058509326,8.8930359333871962,-0.18307391282837454,-3.3929286963328007,0.2327402755736276,0.2132473333921792,0.9666666666666667,True,5
0.99271832357182077,0.12041292922993736,0.0033251344364246503,-0.11987226264502521,0.99022868238881878,-0.071258664195072707,-0.011873107980487622,0.070341190271206763,0.997452327812269,-8.5765818263426841,-22.257028963939913,-5.3661729221955419,,0.1639621977162037,0.5294117647058824,False,1
0.5208228501755563,0.85215609422687522,0.050730166636893934,-0.84664156122818168,0.52323225957821251,-0.097087946408318915,-0.10927774492602249,0.0076153534832466251,0.9939820827636725,14.294463898288171,3.2372444095597119,-3.2226474098452877,,0.1823526560747863,0.5490196078431373,False,4
0.67208077707870439,0.73987568747420707,0.029856258403466628,-0.73494588854676535,0.67143672064669224,-0.095011952276652767,-0.090343621742158861,0.041912972356839953,0.99502830751628624,-10.952208527442076,5.6009886868820473,-1.8661903259502126,,0.2520753292663813,0.7870370370370371,False,5
0.7728014710520118,0.6325751006878445,0.051250642236081508,-0.62785382669890211,0.77381611396244654,-0.083714957275288965,-0.092614570340698671,0.032517130282699473,0.99517092883523628,25.692589465093906,-11.222141159337461,-5.0279112618423341,0.20402994960632,0.2308519412702064,0.5882352941176471,True,2
0.46860292927127672,-0.88330701903632869,-0.013416586731891399,0.87627766582652422,0.46669239766237958,-0.1197316096014667,0.11202119019184467,0.044349927680831305,0.99271563746256586,5.7166287001650105,10.404674539221356,-1.9053060369307668,0.3080669718939407,0.3193763951668484,1.0,True,5
0.99922663713571069,-0.020668504739656968,-0.033450568758809425,0.02479602492318176,0.99145116471614536,0.12810052744235254,0.030516958997744259,-0.12883090038817077,0.9911969099622463,3.9915862949034095,8.0015397147402112,-2.1324279100013563,,0.3179834490770443,0.2181818181818182,False,5
-0.37686659166985775,0.91456463015357869,0.14677571105327072,-0.91628429653012899,-0.34489245580744032,-0.20364744501073229,-0.13562691478991573,-0.21123619765362514,0.96797965308440648,-8.4302816804261873,-0.49137479125054079,-2.6660743994216469,,0.494750179622659,0.2571428571428571,False,4
0.99711726530681366,-0.068639001115359199,-0.032339554000443846,0.066905608396225544,0.99640663822219,-0.051936989438017042,0.035788249359151689,0.049623571341042082,0.99812659636699796,-15.467454087209399,6.9404543661561178,-1.501660304659189,,0.1092325674254367,0.2631578947368421,False,2
0.57551822389777363,0.81692688218010001,0.037539887227503135,-0.81065351378379447,0.5759459955468218,-0.10548502644246732,-0.10779450149028992,0.030276713577955642,0.99371206396187983,0.16363228744861036,-22.80306930610308,-5.6069787211013713,0.2822068875154872,0.2855270219579914,0.7037037037037037,True,4
0.488180802222827,0.87124665460334738,0.051076131250833517,-0.86697558913774431,0.49084050911192945,-0.086191197079529547,-0.10016402637842481,-0.0022048712472376476,0.99496849516074881,-12.110030364532751,8.6029572077398182,-1.4235944445616076,,0.1345436272365119,0.1052631578947368,False,5
0.095593895887433555,0.99475007244041858,0.036525339818328388,-0.9860526427484454,0.099652697981067115,-0.13330238375175538,-0.13624240455111089,-0.023273013661235693,0.99040212743978651,14.91557590751915,-6.1661932863134803,-4.2444628846349177,,0.1558998449262423,0.6153846153846154,True,3
0.44305048337056174,0.89576690583086416,0.036165171136216215,-0.88979497863719403,0.44430390203267917,-0.10420623124636343,-0.10941281998535091,0.013989033445365874,0.99389795339668441,-3.861383706551504,6.4809137308230724,-1.9535038054869283,,0.2715701380372179,0.9672131147540983,False,5
0.50116687900180734,0.8652647282041861,0.012194651176826771,-0.8586006655201911,0.498964958223792,-0.11763871655630562,-0.10787333572238013,0.048486292810091862,0.99298158233154632,3.844441894435398,-11.523987868365602,-4.4693573789749648,0.3453365594784598,0.3494882419682386,1.0,True,5
0.28663451408345308,0.94526111523709511,0.155955376171727,-0.95000650547587229,0.30147656056669203,-0.081237448152915226,-0.12380749125017726,-0.12487316545038696,0.98441779629420378,8.3644463493790493,-10.111167724755283,-4.4942334358096234,,0.1917339935517381,0.3924050632911392,False,5
0.11512412102073984,0.99284230159840381,0.031789949921081112,-0.9855513726068944,0.118164215023786,-0.12134953745472955,-0.1242373885425255,-0.017360369944076873,0.99210064451321511,6.0656143983477122,-0.39420989342668961,-3.2547413393963294,0.2445438057289441,0.2274147508959317,0.9289940828402367,True,5
0.99399121999864049,0.10945027120524795,0.0014466162973976876,-0.10909011512530187,0.99163266897536606,-0.069021711096871052,-0.0089889569785745436,0.068449163281147279,0.99761410911160842,-14.226772951705634,12.463747687715045,-0.94202813564389454,0.3716833230335395,0.317454673141835,0.975,True,5
0.76698613514737402,0.63766098792486514,0.0715592968829383,-0.63537627062528335,0.77030678657374618,-0.054078177527875956,-0.089606156138974491,-0.003989866804129669,0.99596928554292485,12.048850410298845,-7.6103678183765071,-4.3003469646906263,,0.2745349351072778,0.6923076923076923,False,6
0.085385155737245005,0.99266183302934452,0.085626283503072526,-0.98914100134808403,0.094771937130089939,-0.11233147103425613,-0.11962213270058383,-0.075105027657490289,0.98997463613404357,12.261894989612809,5.6127864789457176,-2.7864886493163556,0.2680865019621691,0.1132300165026263,0.2,True,4
0.87933477436617613,-0.47413564160763966,-0.044336756170216568,0.47413096549805051,0.88038192926595249,-0.011290977718724282,0.044386733899574315,-0.011092879665368482,0.99895283465960361,-6.4493974637590119,2.402855072454479,-2.3957873676267196,,0.2231789500396204,0.2527472527472527,False,4
-0.024394342145178678,0.99767772949526101,0.063592956689279917,-0.98733110653217393,-0.01406717464347236,-0.15804872878799947,-0.15678712365898076,-0.066642799061344363,0.9853814160963319,1.2934386124823993,13.763639729023108,-1.2266858653024995,,0.2881261363919963,0.8947368421052632,False,3
-0.086097629357447567,0.99246637081640787,0.087164792304787908,-0.98707862612068498,-0.07310731016941549,-0.14258719106390225,-0.13514060853321797,-0.098314922561644313,0.98593670787072829,18.97373311293045,-5.6385345010845622,-4.3477288785278949,,0.1287726632534003,0.5,False,4
0.21891718442452285,0.97542482020933285,0.024933641595853599,-0.96843180374136595,0.22032820633539396,-0.11659898368027266,-0.11922712722314485,0.0013789897095329295,0.99286604862967154,-9.178298784235988,-11.168165443004684,-3.9977180743978384,0.339794070213157,0.3053064039667258,0.918918918918919,True,5
-0.25945922584775694,0.96405890636485758,0.057195587076966661,-0.95776377688184,-0.24925836551372468,-0.14338345411678516,-0.12397361741724094,-0.091982021504328146,0.98801308184884995,10.554429301629433,-11.369283301275795,-4.7556340827771546,0.133854389581619,0.1480609412943776,0.6491228070175439,True,5
0.31228474780011017,0.94934762671808437,0.034890112297899463,-0.94250243900690267,0.31421647149602883,-0.11382952827198305,-0.11902684049179248,0.0026632095906267556,0.99288746520298854,16.346449454285644,-13.614255503059315,-5.1838468964154618,0.236099792335334,0.2753728157465412,0.9767441860465116,True,4
0.45238685780642529,0.89134433937870572,0.029178751542316549,-0.88499814308586977,0.45272475500020271,-0.10871330619831621,-0.11011093323822015,0.023357330060289942,0.9936448145659813,-5.2229298384775014,-11.693641274257011,-4.112822982763837,0.3183719671469221,0.2774693261926929,0.9740932642487047,True,5
0.98198601636494764,0.17745627209777501,0.064905586484237304,-0.18681417325482061,0.96333700986576987,0.19256757279977441,-0.028353630011344434,-0.20122394717338962,0.97913481949583536,11.151609981568928,-2.867988822226299,-3.723577537479116,,0.3851235188013906,0.4047619047619048,False,7
0.47428201243856266,0.8652295766244561,0.16258644596488189,-0.875556161200164,0.48286582758960145,-0.015556385526248537,-0.091967283648367523,-0.13497545065853064,0.98657166311316025,3.2560006984266407,8.2164371953162014,-2.0650484193750507,,0.8156180666284558,0.5497835497835498,False,4
-0.71757537245437975,-0.68927773669029069,-0.099908891246320214,0.6912644959191897,-0.68731167276178051,-0.22306066701010252,0.08508220453506693,-0.22912631055492935,0.96967115677581106,13.50318825937938,0.14337295076375495,-3.5092537670437385,,0.412797389588747,0.3064516129032258,False,1
0.94734200112614508,-0.31019719012263258,-0.079503686344301674,0.31783602099087882,0.94109936510274284,0.11537871885186704,0.039030714354151515,-0.13457224172627835,0.99013479642610669,-7.3285254932647499,0.75591657056717709,-2.5791054847418402,,0.271212967889204,0.2436974789915966,False,4
-0.99837693285036666,-0.055856876439514279,-0.01111347410648553,0.056763157452875704,-0.960074859016256,-0.27392372851013791,0.0046307567712768789,-0.274109967785443,0.96168720572355992,-12.893662397673298,9.0780367475881185,-1.3719014666333988,,0.184043353380076,0.1935483870967742,False,2
0.45440397584999442,-0.89037766739220336,-0.02728802193153158,0.88427502387898838,0.45456574055743548,-0.10690027902341365,0.10758582097809696,0.024445795562597461,0.99389521288905502,-15.262042674708628,2.9296983348937928,-2.0018814015802056,,0.3396432922999131,0.7313432835820896,True,5
-0.05961599926586391,0.99615092540357497,0.06425936857091516,-0.99053624091805048,-0.051061731137794247,-0.12739958807291216,-0.12362802295381327,-0.071246287137027964,0.98976768916231972,12.629146256524656,-2.0816762376062115,-3.6992973714810824,,0.1163857245001851,0.5,False,4
0.60359336537614394,0.79696651548071151,0.022790841942195713,-0.79117277106668593,0.60225064579433163,-0.10648852502956288,-0.098593588009375122,0.04624427362218575,0.99405270059519213,10.606596615441834,4.4084756685509001,-2.8835070372769933,,0.08043124695324014,0.5121951219512195,False,3
0.735884158805307,0.6769002950095292,0.016747997952524258,-0.67201659474004083,0.73315533072891725,-0.10429265275066463,-0.082874611392181455,0.065492378486228311,0.99440562505790897,-3.1583146404278355,-5.8387212489542692,-3.51946834188122,,0.2629562590331643,0.9464594127806563,True,5
-0.24591456792512209,0.96636341247270741,0.075284661892741633,-0.9591491780380611,-0.23139981133883536,-0.16274821529363215,-0.13985306414630883,-0.11223137861781476,0.98379125738259787,-1.8134978173734277,-11.348903853988801,-4.14761247406393,,0.1540000125678732,0.25,False,5
0.51089093041503542,-0.85229949188875409,-0.11214291482672037,0.85221750546254993,0.51926050132849055,-0.063983241112614858,0.11276427006303823,-0.062881697545933452,0.99163002753592211,12.552266724669703,-5.4892148736101714,-4.0606948311003137,,0.1904259068703593,0.1081081081081081,False,3
0.93605349247858971,-0.34418655516853147,-0.073071707656605145,0.35042137298803516,0.93065354137833478,0.10530359572750538,0.031760361644872254,-0.12417568667489291,0.99175182292093811,11.578518701535554,3.0811631680213698,-3.1035219148318722,,0.1703852773323718,0.1538461538461539,False,3
0.32996357760894474,0.94377929096327307,0.020116843697945638,-0.93680318822782882,0.33000111200468818,-0.11618542336215894,-0.1162919772713526,0.01949143464527146,0.99302379628979109,7.9052186304539163,1.8970788891249062,-3.050470912068727,0.2458343925754785,0.2544972758024188,0.9901960784313726,True,5
0.26195130824758006,0.96433907989351653,0.037837165558594121,-0.95718285940753245,0.26461341372899932,-0.11739128984343612,-0.12321722997942113,-0.0054662843698923755,0.99236466783707433,9.1567078043422683,-1.5464241156236969,-3.574681594982235,0.313381247106859,0.2632247179122452,0.928125,True,5
0.29229703043374966,0.95522973330845873,0.045810507561743624,-0.94846048739536837,0.29569141699245516,-0.11397056535235568,-0.12241384664062038,-0.010136198520491413,0.99242738153992993,-14.573852802303787,-3.7096900623986993,-2.858570024142836,0.3460617460351815,0.2943387763426152,0.9354838709677419,True,4
-0.18745608604736258,-0.9761794377760652,-0.10924248746256214,0.97458085106096703,-0.17094346538655605,-0.14481193454586236,0.12268814347394658,-0.13361151486619513,0.98341018021275128,-8.342107659617465,-11.238238529196254,-4.0074713135661115,,0.1344028069750164,0.2,False,1
0.92250892752605262,0.38576167594847516,0.012853326579351435,-0.38334485559716913,0.91959425890251512,-0.085983258142030006,-0.044988891094550537,0.074393066632295113,0.99621366750066487,1.4776998326503292,-0.2176901162241297,-3.0299214986279259,,0.2624015232071242,0.875,False,5
0.8967309546456097,-0.42979926940138596,-0.105575484855192,0.43453364622552226,0.90028793844984756,0.025732045773241702,0.083988721137581518,-0.068950822357377567,0.99407830618010962,3.1867207860698312,8.7301983007799802,-2.0256300004281802,,0.2296584340113463,0.3684210526315789,False,5
-0.023604258306066994,0.99920892544474182,0.032005660458513177,-0.99187421525618047,-0.019403604855329951,-0.1257340098324822,-0.12501351966790225,-0.034713447396986973,0.99154757650354863,-1.4818759943281437,-16.429033638863956,-4.8202568825204661,,0.2392521636534628,0.7065217391304348,True,5
-0.29046986180526524,0.954607331625972,0.065970461486723836,-0.94900745942368936,-0.27856559628223976,-0.14760098416377027,-0.12252388069688032,-0.10548009752489568,0.98684438878939518,-14.954641710422404,15.742513749842116,-0.52398376265802993,,0.226446870410003,0.7647058823529411,True,3
-0.78721653859727314,0.61659077799265161,0.010292417274146821,-0.608056206986482,-0.77332307093489505,-0.17955243553078329,-0.10275101218061447,-0.14760501500369311,0.98369456084783724,13.317244413017114,10.037009128696639,-2.307455643234853,,0.2244855053448465,0.6111111111111112,False,2
0.25853593451075269,0.96576326659506073,0.021458878402450123,-0.9585901291828548,0.25923551058284622,-0.11790637932720173,-0.11943255335062895,0.009912766944213551,0.99279282947232261,2.1442339156623293,6.7057680029608244,-2.1957539575677321,,0.2523633731975843,0.8374384236453202,False,5
0.69744191663779664,0.67912193846538149,0.22884091769528128,-0.71208326547689516,0.69268187258187741,0.11458292378982265,-0.080698178073347351,-0.24286872192912193,0.96669674043319109,6.1417191588324842,-9.5247900313157032,-4.3514246690410605,0.465445222970613,0.4626620122529937,0.359375,True,5
-0.72861128282190546,-0.67696236254089004,-0.10415161183426541,0.68064273824687604,-0.69865102243217014,-0.22048177186851275,0.07649223108534188,-0.23153554491166375,0.9698145338290447,12.09985328695827,-0.91405627275501233,-3.5814236888380093,,0.2129767943339892,0.3191489361702128,False,4
0.1782550766518283,0.98343008053681813,0.033021271071823677,-0.97628533992550948,0.18095052615632548,-0.1188437719456993,-0.12284975659065543,-0.011053677175354727,0.99236372038004295,8.7934309063196228,6.7310191179215,-2.5202778693526544,0.1493841797799176,0.171027707189914,0.7083333333333334,True,5
0.39703065482787453,0.9139532979916396,0.084000167959088962,-0.91107726506782738,0.40352763255852675,-0.084283253604963748,-0.11092734650877208,-0.043067607919602333,0.99289491132979779,9.5868018449256489,11.618992082181819,-1.9431932086158088,,0.1107049702387593,0.2307692307692308,False,4
-0.96812396022595482,-0.2426653436868931,-0.062044569542674871,0.24887033731323946,-0.90399051253379881,-0.34765602030523429,0.028276365431365559,-0.35201517612483868,0.93556708093850249,-16.087139884767254,6.7624726066058347,-1.5250678967585773,,0.1629117693684581,0.1578947368421053,False,1
0.01135316595495936,0.99291017459277708,0.11832366970703845,-0.99147952046361187,0.02653454948109555,-0.12753147919271204,-0.12976696853993699,-0.11586760925287298,0.98475135491248689,-12.740232254155675,11.911176340662502,-1.0828740728094768,,0.1613286967367107,0.1842105263157895,False,3
-0.98637947879241683,0.16176865608934271,0.029772902516352437,-0.15835573246271825,-0.8849803162566805,-0.4378736139965746,-0.04448579338840853,-0.43662425693641133,0.89854341711535035,-6.5534817637646992,-5.1151304527892076,-3.2954138113993738,,0.5535035967697546,0.2594594594594595,False,4
0.11199516137874579,0.99230039155371497,0.052886829646831959,-0.98588831758146445,0.11762025821711361,-0.11912052767398641,-0.12442390881232671,-0.038799584782363228,0.99147026336475574,7.8500800152416925,13.80155934343543,-1.6194995295948953,,0.1571746865728067,0.6792452830188679,False,3
-0.88147409218858352,0.47092121276223303,0.03516583812253099,-0.46812413478487414,-0.86157812406599943,-0.19632353542768538,-0.062154800556555992,-0.18951608771146697,0.97990838003678382,6.4478004786552496,2.9685172440784169,-2.8651638780423068,,0.7217552075766438,0.2884615384615384,False,1
0.95304355180328848,-0.30136073628118193,-0.029827755434092499,0.3010030657670843,0.9534899686513848,-0.015938446599237335,0.033243687596118496,0.0062117879265515324,0.99942797185478405,2.6684231682227071,14.41083359684229,-1.2014817007239669,,0.1366497870672616,0.1428571428571428,False,3
0.95793922877155124,0.28697094269994644,0.00033470355347794273,-0.28517651148001777,0.95207816759285646,-0.11055098413453564,-0.032043584079376644,0.10580567489001227,0.9938703979294361,-7.2692709882088771,13.616764704453619,-1.0467569442332512,,0.3199714884670016,1.0,False,4
-0.69710145252707223,0.71649705564953681,0.026106208652154829,-0.71082911073745059,-0.68591364130617782,-0.15570630044511341,-0.093656501177707588,-0.12710014128884289,0.98745836057603231,-3.567200330019801,16.56907622762867,-0.79491990300653836,,0.2724931893822434,0.7272727272727273,True,4
-0.78140717683100791,0.61927132538675123,0.076849525377399114,-0.62049484285129286,-0.75800200732137579,-0.20104503697359719,-0.06624933201130434,-0.20478276892966982,0.97656287230139693,-4.6330298191595602,12.341294957232856,-1.2159054791287169,,0.2120884300829086,0.1363636363636364,False,4
-0.020066249503253711,0.99901833166153486,0.039493273288972772,-0.99021116544839893,-0.014401012084056652,-0.13883248421129113,-0.13812745365131696,-0.041892527438186167,0.9895280808004614,1.5829331560583406,18.226184668526944,-0.75607385711140762,,0.2498045339347367,0.2142857142857143,False,4
0.53055201420405718,0.84459539994472355,0.071924756629627343,-0.84108363093090133,0.53508504491589048,-0.079134824745184296,-0.10532277058694313,-0.018509594797625779,0.99426581400363867,12.564860793374203,0.85026314742961007,-3.418381400984488,,0.07296553691659696,0.3125,False,2
0.3446980010183559,0.90852907990419729,0.23613174090406039,-0.92238777443791353,0.37452216778413905,-0.094519518649543666,-0.17431030279768894,-0.18522434183093142,0.96711315859721214,15.383701446019014,-11.549258529552603,-4.9474259351639409,,0.3112116242699395,0.25,False,2
-0.34936607611105192,0.91034759143541166,0.22183464028530686,-0.92896651581630585,-0.30561856544451493,-0.20885043679089899,-0.12232970757293307,-0.27904221046892075,0.95245518919355943,-14.35023880470396,2.0283514658992043,-2.1893096450905243,0.5723548418372247,0.310252379521827,0.3472222222222222,True,4
-0.71188764255198322,0.65615767728342134,0.25034593450624432,-0.69890585129827154,-0.62694353492873478,-0.34419822055336091,-0.068895539788997762,-0.41999869827546776,0.90490579512129043,5.9080298191201051,3.352407027916378,-2.776609322970685,,0.5522195747705232,0.3170731707317073,False,6
0.98986625544332241,0.14122633243619195,-0.01482967839289559,-0.14073354503847313,0.98958604685509099,0.030224578915453909,0.018943749246615706,-0.027831257541378916,0.99943311705593685,7.2900847638335069,3.7515809503872068,-2.8066896418790375,,0.2223892929289199,0.1136363636363636,False,4
-0.20816890953562603,0.97656743436509164,0.054605414020321638,-0.97096465598208848,-0.19960160804871457,-0.13185914794943629,-0.11787002136392601,-0.080468902079932014,0.98976331204067058,8.4882586303940464,9.8761149143866032,-2.0964268512445496,0.1709445682905603,0.1665493271222417,0.5909090909090909,True,4
0.089506475636614,0.98513920377619923,0.14659242818887003,-0.98703256279064133,0.10742686015674513,-0.11927359182904478,-0.13324905556907593,-0.13401574123982549,0.98197987265009135,-3.086580934002924,-0.96476481477345044,-2.906756364445926,,0.1768003999474403,0.1780821917808219,False,2
-0.98301592287033646,0.18343587592248442,0.0055655015885413481,-0.18121285338234522,-0.96541594627030081,-0.18744053045179015,-0.029010293904228743,-0.1852655664487354,0.98226018586524189,1.2552602411770915,12.01478743157714,-1.4706169236831348,,0.1059388893195275,0.3333333333333333,False,4
-0.77108001703429752,0.63639141917627962,0.021013541566996974,-0.62825115988877034,-0.75501753751671019,-0.18774716546626591,-0.1036150926689817,-0.15796986940870617,0.98199258293033687,-2.2580671091568751,24.042592497710309,0.061642111370700248,,0.2306925216093256,0.3333333333333333,False,2
-0.88471405229027933,-0.45102189401806131,-0.11772976172774638,0.46495723672390193,-0.83593363123902908,-0.2915985805548475,0.03310307686884488,-0.31272066653786917,0.94926812388382886,9.0936217824719243,11.388662463462502,-1.9555154916640225,,0.3286279022315167,0.25,False,4
0.025731240389186057,0.99801287320469956,0.057517025181561765,-0.99339825092898049,0.031961775005415353,-0.11017422561446466,-0.11179364167642844,-0.054302392730023338,0.99224665876208351,11.424260796065498,17.984437474533479,-1.3465145557661409,0.1221719171114996,0.1294294675189524,0.3214285714285715,True,3
0.42706097181940322,0.90040243825562438,0.083032376408203157,-0.89776147734046319,0.43317589897031972,-0.079893493819734929,-0.10790392093031535,-0.040423875798614416,0.99333914355233299,-7.3043543361289611,15.213118496143464,-0.84675395181062096,,0.1643601605425302,0.3103448275862069,False,3
-0.078730920383712225,0.99639829349078735,0.031494172543181473,-0.98860594894356069,-0.073971479322903891,-0.1310972843356466,-0.12829543986024491,-0.041456736188794849,0.99086912311144182,19.101415568868376,-14.696262669497097,-5.3183813482546487,,0.08555496542807918,0.303030303030303,True,2
-0.66238652137082743,0.72063581411510402,0.20476357029734338,-0.74271983838339584,-0.59591715427214109,-0.30536860826865386,-0.09803743151468132,-0.35435401600497468,0.92995800623638347,-1.1914842377346035,1.3873999771453871,-2.7146436111525256,,0.4209976663808136,0.3689024390243902,False,2
-0.99884587469368091,-0.046735048826013738,-0.011079432234792359,0.047998798185758813,-0.97963392361096491,-0.19497048772393244,-0.0017418324081417448,-0.19527726678191545,0.98074652948559848,13.992049668352328,9.1561401681712482,-2.4256742638606701,,0.1404877108196058,0.5428571428571428,False,3
0.69832292679103181,0.71527858351328577,0.026863318581948122,-0.71038420441061256,0.69716842021189496,-0.096490807765050618,-0.087746065677663757,0.048298466088254895,0.99497129914968574,0.9031213521679512,13.087394862715303,-1.3165590896703006,0.3097601648375573,0.2489966327707275,0.9801980198019802,True,3
0.144592955053576,0.98863374087089406,0.041184994360778673,-0.98265955101152447,0.14835278709995595,-0.1112279522669751,-0.11607361523922628,-0.02438804976413491,0.99294115579625297,20.38447635087876,18.55149910267459,-1.7044071418086411,,0.1961466306014745,0.5862068965517241,True,2
0.10907198209095237,0.99287572273083513,0.047969802318466384,-0.98621643589360553,0.11412840775575987,-0.11979919914777605,-0.12442043359538854,-0.034241871369082057,0.99163856820369733,-11.328301997176544,-7.9530830726707444,-3.5107879296336475,,0.1928600559218755,0.4473684210526316,False,1
0.2126986443629042,0.94277913279021741,0.25676213401027209,-0.96947686250729537,0.23641713435109746,-0.064973468802472428,-0.12195859850454811,-0.23510517935711495,0.9642881596754499,-12.561707244197686,-8.9329143466000094,-3.5724612146274195,,0.3647084004167631,0.1071428571428571,False,1
0.82577930652643616,-0.56313171583245725,-0.031164202802417232,0.55918469881821875,0.82468794695900072,-0.084866146066173015,0.073491560878071405,0.052654161888116023,0.99590487985327381,7.7706087185639623,6.4601015053329034,-2.5090678630768548,,0.07693512076384343,0.3888888888888889,False,1
0.79749884742926469,-0.60277874888551453,-0.025561068854962305,0.59821324036722268,0.79553887286085334,-0.096222766623237949,0.078335862785453569,0.061446575651510689,0.9950315627870111,1.9540651338264028,15.059159504256188,-1.0983321704686289,,0.2296542775899265,0.3333333333333333,False,1
0.28022059722384129,0.95706352124575911,0.074201301822692606,-0.9523415385643772,0.28687575151359063,-0.10367206527482382,-0.12050730607041475,-0.041613933894562638,0.99183984074520348,15.810080631993781,9.1982266159005288,-2.48367274807751,0.2657748320065366,0.1835525524027081,0.6,True,2
-0.55425712008384576,-0.81399873065259964,-0.1737961775538186,0.82546383663256595,-0.51076396244434619,-0.24026990881089375,0.10681057648101383,-0.27663376721598393,0.95502107808555037,8.8755254369138292,-11.840950180675321,-4.7136290176841884,,0.1602516143723451,0.1904761904761905,False,2
0.08954240519294307,0.98311927030104451,0.15955769500404421,-0.98814212696866099,0.10775240028289726,-0.10938261810325983,-0.1247288843135869,-0.14787129740424623,0.98110997590579618,17.962700487907494,-7.1962497733127542,-4.4893314240481388,,0.1526139055263789,0.4054054054054054,False,1
0.41343091055503389,0.9024177220200772,0.12131420849072115,-0.90350333183585951,0.42310719196412089,-0.068279085155970892,-0.11294517058792505,-0.081379107222498956,0.99026301018897656,-18.632325345946555,-0.69554961127254722,-2.337132327463801,,0.1652860396816853,0.36,False,1
-0.99313966014635258,0.11693391150763977,0.00027528877880009586,-0.11555361260912091,-0.98105040952217548,-0.15552317058674614,-0.017915860497599443,-0.15448803939430533,0.98783220621051593,18.136230407407123,-7.1984097788486308,-4.5272772531143328,,0.2154395851596424,0.6451612903225806,False,1
0.99557941853910181,0.09362348328638935,0.0075009838466572644,-0.093535226171460456,0.99555114637605224,-0.011361180149204037,-0.0085312863273005347,0.010609350906256969,0.99990732511915825,3.679154326723248,13.312496112126802,-1.3928131637132832,,0.1962071482650276,0.1515151515151515,False,1
-0.79762998396976326,0.60293246234699216,0.016088956479153302,-0.59804117213906061,-0.78713268744709719,-0.15089363399046585,-0.078314526742702062,-0.1299791452522418,0.98841906937319024,19.034331716156878,16.809516746580385,-1.867404682243635,,0.2324150322999092,0.7222222222222222,False,1
-0.2575911794442769,-0.90466439459474346,-0.3394541462775692,0.95871736982506794,-0.19549862272532889,-0.2064976835419795,0.12044828379105468,-0.37863256815153445,0.91767618976780896,-10.900170425140352,-8.6998689149509367,-3.6023078917063769,,0.3546306186795875,0.2105263157894737,False,1
-0.44738789473889068,0.87600274831192393,0.18017562707275092,-0.88708007074104478,-0.40903977986101853,-0.21395187913479907,-0.11372343529442561,-0.2555496887910555,0.96008402591837194,11.020369907717383,9.4053294536591654,-2.3180567593434698,,0.1201394905697473,0.1363636363636364,False,1
