axis_00,axis_01,axis_02,axis_10,axis_11,axis_12,axis_20,axis_21,axis_22,location_x,location_y,location_z,dbh,dbh_approximation,score,reconstructed,number_clusters
0.97565485613304181,0.21874878520204791,-0.015702569109607371,-0.21929356186516358,0.97215086010182239,-0.082662197695055506,-0.0028169892622118171,0.084093246910290145,0.996453907812891,16.317601234602297,-16.54639387225604,-3.5007228007732434,0.2385258695598414,0.2143444457956178,1.0,True,5
0.63754894137132223,0.77027394053457521,0.014470794368108497,-0.7649981992022088,0.63518128183544698,-0.10640721039128939,-0.091154278965302413,0.05676967270661365,0.9942173312144077,-7.1861911661495652,-17.867919158935617,-3.7921212504487203,0.1545555835302581,0.1142816229627061,0.6538461538461539,True,4
0.71898305343127322,0.69485352756087915,0.015554552865498342,-0.69171719550914457,0.71756101583342113,-0.081446362675519759,-0.067754633167089295,0.047799202841794827,0.9965563435612067,-11.433831315391119,12.698213713913383,-0.78117443595069325,0.6788418161883497,0.2078415456697885,0.8837209302325582,True,5
0.99638740532527703,0.082867903866427228,-0.018575495092848088,-0.08440743872796018,0.99043842401933235,-0.10911971642872126,0.0093553619141922232,0.11029342108613481,0.99385503896120009,14.02033585765934,3.4951887882585182,-1.4007734175175492,0.2899073284703173,0.2495250069830123,1.0,True,5
0.99668889894708979,0.078080334762642478,-0.022687001542534023,-0.079908135566584243,0.9921895101349536,-0.095784476030471438,0.015030920993394273,0.097280199945894638,0.99514352437855713,-14.45225574172818,-0.89263552606457053,-2.0423952223543553,0.1410471461041169,0.1715761367565655,0.5652173913043478,True,5
0.99548329104979971,-0.093163401541810908,-0.018264661338740149,0.091157842973238215,0.99174107334348383,-0.090221345079646992,0.026519142239634828,0.088148874392550425,0.99575424228983322,12.911639261285639,19.127887238530786,0.15072453291847876,0.2643016700377702,0.2403621445805126,0.9777777777777777,True,5
0.99982743822900033,0.0055267623150791192,-0.017735519804804523,-0.0075890148521213134,0.99293633053960351,-0.11840544897985351,0.016955843181873195,0.11851961184909036,0.9928069303692092,23.361661322667256,5.6589828448390032,-1.307077704429308,0.2316245184994545,0.2400704272938721,0.9642857142857143,True,3
0.96791657684456045,0.25105702647615397,-0.010386035165506669,-0.2507498889269475,0.96241818707306737,-0.1042867508081098,-0.016186212423879652,0.10354517201656956,0.9944930386279367,9.9477898944271494,-12.148064800902869,-2.9459193402426087,0.3120673212147346,0.2785609579819203,0.975609756097561,True,5
0.30524686500498266,0.95187541000956244,0.027523721110297484,-0.94396843448810808,0.30626724566377633,-0.12297954676934972,-0.12549082075873372,0.011557597183302841,0.992027457207031,23.413603169074761,-4.0847515215375445,-2.2816923606828894,0.2595520835828901,0.2235278843785401,0.660377358490566,True,3
0.97806397179839466,0.20792370179461095,-0.012593700884766811,-0.20814428985186101,0.97315027766668949,-0.098257272907960755,-0.0081744523984044956,0.098723205525705432,0.99508135698480227,3.3357681596442803,7.0101388502186692,-1.0784543471677392,0.23691663537287,0.2202122942636688,0.9868421052631579,True,5
0.82402519079881043,-0.56476739163792655,-0.044947505731416149,0.55987944034094039,0.82389302993219238,-0.087950483299781307,0.0867035017314636,0.047308229428323426,0.99511026234074051,-11.310286294226175,-17.485263557163293,-3.6930496003989517,0.2138110896724687,0.1916419010732065,0.9482758620689655,True,4
0.94131117289473698,0.33726283970532944,-0.013676722466710419,-0.33656355261513027,0.93473739143994561,-0.11397799829409072,-0.025656399486613257,0.11189184955993213,0.99338912978119509,-10.428217304375867,-1.4237464376846116,-2.0101219933151917,0.2718916797662861,0.2184540030288226,0.9571428571428572,True,5
0.62347377522663516,0.78135795991479173,0.027571544796045819,-0.77610110373251318,0.62277550606305054,-0.0990845388195567,-0.094591375874444397,0.040378305136597542,0.99469697098386367,-14.096594848900329,-21.625701900325776,-4.2398177442305478,,0.1743485417670186,0.5357142857142857,False,1
0.94781389957957418,0.31877756509333316,-0.0054475459544359416,-0.31822749507546472,0.94485736050691105,-0.077303490696779664,-0.019495464645786127,0.075002881871816751,0.99699272543442674,-11.209682193942598,9.4687196758016761,-0.99176035575069521,,0.2417378175495211,0.7794117647058824,False,5
0.97161377079164279,0.2360444855584112,-0.015801305183722664,-0.23628041785901663,0.96492636749148808,-0.1144057230039183,-0.011757744018844062,0.11489171491950917,0.99330843613574549,12.37315499907581,-13.674098569294092,-3.0925180422826011,0.2931764334613892,0.2594598990206305,1.0,True,5
0.39003008726664806,0.91435056405427106,0.10880982051454514,-0.91348188481857173,0.39908910007547727,-0.079238477454173825,-0.11587655990354953,-0.06849040965406944,0.99089943316682594,2.8535608964037884,3.957651708297798,-1.4052397752768655,,0.27879498615353,0.2842105263157895,False,5
0.84098407105589001,0.54105976857734073,-0.00034504680183951308,-0.5379435594127977,0.83607177439866232,-0.1077066151179257,-0.0579872323580891,0.090765163366268609,0.99418266229226837,11.904388370205316,-4.9036017493874109,-2.2169481793487633,0.3103462218563854,0.3036923851915678,0.9612903225806452,True,5
0.98195818006394875,0.18849455069308044,-0.015097581412609987,-0.18901462824996879,0.97601730148946919,-0.1079985995313808,-0.0056216468247963745,0.10890377198346812,0.99403640050792352,-14.946063128407365,3.6584748075061921,-1.5696169486404816,0.2829697088381984,0.2123311249452745,0.9135802469135802,True,5
-0.92309710844635351,0.38430657503760507,0.01414866639817668,-0.37778129858181148,-0.89931436398159581,-0.22026112952179769,-0.071923701377372348,-0.20866751332980327,0.97533832594691705,-9.3858368718737157,-16.464871640836193,-3.5553321075629936,,0.0911512938304066,0.2564102564102564,False,1
-0.31302521707812686,-0.9401663736359116,-0.13454517218202547,0.94054064255625247,-0.28719047341178011,-0.18139716558256644,0.13190342365936916,-0.18332708983076365,0.97416254545179448,10.337543792889065,22.655463428282818,0.58393958714706207,,0.2818969783666381,0.6176470588235294,False,3
0.99417873688060465,0.10625042657495652,-0.017874170949299523,-0.10750169669184967,0.98930913326462389,-0.098543513472837213,0.007212790226991294,0.099891369456212034,0.9949722056245105,-19.152546631352354,0.66184762261837826,-1.9334714400987045,0.3044326572193001,0.2626513262729401,0.9692307692307692,True,5
0.99798841739992661,-0.055312706019343107,-0.030977787015975165,0.051782888809018997,0.99312043203376787,-0.10502542503438747,0.036573913684238957,0.10321003841622529,0.99398693995843734,20.335841435847446,9.5202229522560362,-0.90932184618821121,0.2462669111448295,0.2495226381557606,0.95,True,5
0.99966762205943582,0.016177436594816526,-0.020073264588829957,-0.018333125250397805,0.99350250726757905,-0.11232392697723137,0.018125725491293109,0.11265459865559802,0.99346887192159172,8.7842235562092252,2.7337903117325948,-1.446137618540974,0.2861188603224383,0.2759880737534529,0.9680851063829787,True,5
0.86642515617646543,0.48780238926479608,0.10656583773490992,-0.49729705162184501,0.86218521273107451,0.096603837377668464,-0.044755906792364027,-0.13669487179637493,0.98960164754903523,-6.3540893783018646,-14.814797102230681,-3.4681020592265481,,0.3968463634874442,0.2,False,4
0.91477532904389192,-0.40288050555861904,-0.029553267390749864,0.39689547709668188,0.90998742985600334,-0.11998690663676832,0.075233487442991812,0.098031503838791112,0.99233550103897239,17.205503395711883,14.849919599710653,-0.36545253583756671,,0.2239969730872773,0.825,False,4
-0.29498579381526135,-0.95404000855272009,-0.052830327728536533,0.94774627753599416,-0.28511373128907114,-0.14313334219212653,0.12149228314524835,-0.092292049013703054,0.9882923670781868,-15.57499293993811,17.056616050832389,-0.39324559959206989,,0.217853892910485,0.8809523809523809,False,4
0.98917330933317882,0.14595659868429992,-0.015258945027616672,-0.14672697473374346,0.98556557156546454,-0.084449387388663949,0.0027127455334068316,0.085773978835935114,0.99631092815763178,-14.645866536175404,11.200520249340375,-0.81474615646563031,0.1856506707295376,0.2445902213290975,0.68,True,5
0.85390117926884868,0.52016006691391192,-0.016919835441936669,-0.51758639109122795,0.84538112211669258,-0.1320419862236179,-0.054379258917588796,0.12150828431359798,0.99109970893081067,7.3609805685418763,-19.134650066388748,-3.8622838096142216,0.2271828392538046,0.2367947187540547,0.7419354838709677,True,5
0.88026730576895806,-0.47380032509634984,-0.02535196901333063,0.46990877068951131,0.87794223106475855,-0.091668894081397306,0.065690316054437023,0.068780017822238831,0.99546677067847922,27.328703728426984,1.3770298701729096,-1.6777038282380718,0.3802792311912915,0.2912627912413414,0.7037037037037037,True,5
0.22067916132236559,-0.97296363950376874,-0.068135629164468359,0.96456061900461199,0.22806595653139231,-0.13269789650503633,0.14464964577729733,-0.03643728413317477,0.98881181440226573,-4.5493358859847195,-20.083625474266384,-4.0779216650429326,,0.1717761529232898,0.574468085106383,True,5
-0.25056751228955143,0.9202993308602323,0.30044144754549895,-0.95797435324350666,-0.19093851410214693,-0.21407387126912469,-0.1396461969145992,-0.34145515877004035,0.92946614475010092,-3.940200035946948,-19.579737309822551,-3.9878946874225973,,0.1723908740286835,0.1666666666666667,False,4
0.97516742037955806,-0.21908716395631708,-0.032393160078263039,0.21407074374870513,0.96994368274176812,-0.11568478283772642,0.05676459196677399,0.10587760338671041,0.99275763114666205,-15.850922022574025,-5.1757338720122856,-2.5533755405470506,0.1409772997044574,0.1336072664485133,0.2592592592592592,True,4
0.67964329150824032,0.72979278474418219,0.07407757854557942,-0.72907466354521655,0.68317939051671173,-0.04142529842551803,-0.080840158858540387,-0.025853659480732455,0.99639171865646281,5.9643634075427681,-17.217564326335317,-3.6546874532294238,,0.2396208160731067,0.3928571428571428,False,3
0.75316978050050298,0.65564247607137427,0.053555814920709918,-0.65274435294068234,0.75497059028083213,-0.062803005621236418,-0.081609383313891282,0.012343070201888781,0.99658795756978569,-9.7992366491630882,-5.8101581084561138,-2.4939998870813835,0.2854161523810305,0.2317733617608869,0.8695652173913043,True,5
0.93626693452029375,0.35114324735970381,-0.010131493357439037,-0.35107877132432652,0.93431784678070262,-0.061594297726901948,-0.012162386664269356,0.061225656556307129,0.99804984611484981,22.087756006584158,-17.045673793411222,-3.5690768273842779,0.2489443851364477,0.2456757494576839,0.9850746268656716,True,2
0.9607503057400214,0.27718538929089948,-0.011274306369226427,-0.27665447076181171,0.95431986398603963,-0.11285344925684859,-0.020522032744263272,0.1115430731391182,0.99354767827554391,4.8213717600761958,-3.5706231994695763,-2.1372383939228139,0.317434464923373,0.2550568209899901,0.9671641791044776,True,5
0.87809343598654055,-0.47746698595961906,-0.031260118297703268,0.47101993426665317,0.87403800983134616,-0.1191544329578019,0.084214839552106263,0.089904586583192281,0.99238350757684191,8.9243362307705354,-1.9558763194711815,-1.9908567236584691,0.2632505210694723,0.2246255091446196,0.9923664122137404,True,5
0.59086082300791265,0.80674120692193541,-0.0072189257199359574,-0.80057666940843086,0.58519203986062818,-0.1289467831419609,-0.099802225592995009,0.081968905921055102,0.99162523880183118,20.698823689715979,2.5422148196823393,-1.6323633656210221,0.2412119495130858,0.2493761301634339,0.9452054794520548,True,5
-0.51790760588117868,0.8554354143957863,0.0014012736833535211,-0.84616994508058652,-0.51205616653960062,-0.14763098032285255,-0.12557123799956468,-0.077644923248586059,0.98904152090848962,-9.9976706442237369,-22.94684902897253,-4.4004550785250878,0.2888021424165577,0.267604577598202,0.8837209302325582,True,4
0.6403127970994682,0.76803865003892147,0.010777472665113988,-0.76200979569484173,0.63692691776580745,-0.11689812954215535,-0.096646744051528233,0.066638828559183197,0.99308543106446734,23.505596108831703,-12.142392856718578,-3.0368905665467518,0.3419550618373594,0.3304204333383928,1.0,True,3
0.81163787157235834,-0.58338669848580582,-0.030065353138153776,0.57602544457829141,0.80783333986444028,-0.12489988871830124,0.097152728360412999,0.084055071431138148,0.99171371490911253,13.647085414867147,-9.9382476476384518,-2.7373999697528588,0.2034177153406956,0.2300974438107329,0.9885057471264368,True,5
0.88013920061143602,0.47455781141165121,-0.012242188335685494,-0.47242640354699755,0.87307389228100973,-0.1206452313559781,-0.046564801929271177,0.11196813049020521,0.99262019774726329,6.2146375895718995,9.3254723111925397,-0.82399567398502938,0.2125894929900309,0.1947850109418002,0.9322033898305084,True,5
0.93659720230726051,0.35001668628532173,-0.016552943908958423,-0.34944107232207339,0.92946362511953473,-0.11827217151151913,-0.026011874300210361,0.11655766341812697,0.9928432371194833,12.039744062726228,-17.428055162604394,-3.5485659129084288,0.2438853754485758,0.2277855638870079,0.803030303030303,True,5
0.99290404620183759,0.11744193332303916,-0.018680132048922053,-0.11879381026727731,0.9867360919473922,-0.11063415155623912,0.0054392718446957151,0.11206818079068456,0.99368563297255375,4.3431568490901045,0.5765343394233341,-1.7344823775710101,0.2851503454726811,0.2435750426396465,0.9476439790575916,True,5
0.57693317649382458,0.7998626235172106,0.16543244349555358,-0.81200895230853753,0.58355316812565894,0.01035187622108448,-0.088258547640077387,-0.14030496595156705,0.9861667938527402,-7.6083909959131484,-6.875996969974846,-2.6361662679106463,,0.4889487819358604,0.4262295081967213,False,3
-0.043490294654149372,-0.99607461025374178,-0.077097114594201849,0.99211287568920647,-0.033978549175891611,-0.1206544656761348,0.11756120177417104,-0.081736338330987993,0.9896961830954254,6.0198058973004427,19.327133357905144,0.2032392754696932,,0.132546987316825,0.5714285714285714,False,2
0.96462511866564515,0.26122008993944956,0.035530902765241526,-0.263443459215007,0.96017105961350402,0.093107894818372727,-0.0097940918985982596,-0.099174598021388602,0.99502184642909985,2.2499898758115124,11.127116890237406,-0.70464775596132589,,0.2602445639738152,0.1956521739130435,False,5
0.9095586612250588,-0.41464553675095395,-0.027787058912207459,0.40885983918197022,0.90482955983636171,-0.11881540114996808,0.074408828068788208,0.096708564764698315,0.99252747055513779,5.9462659568967142,17.393743582476532,0.020267033641909907,0.2464651926231663,0.1944870091818035,0.6097560975609756,True,5
-0.86251249935634866,-0.50480908384113177,-0.035213311766168112,0.50295714691667714,-0.84752289270621417,-0.16952597058954244,0.055734162050757,-0.16392905541839656,0.98489642499611674,-7.0688477819295024,-23.614325153642927,-4.4293469978497324,0.1715860120241157,0.1006861340285334,0.3666666666666666,True,5
-0.9980160027942977,-0.056900149173992276,-0.02695238747252204,0.060853253654490944,-0.98158709354508378,-0.18106258394648,-0.016153627646870609,-0.18234349675733252,0.98310218670500049,-3.6357228829614754,-23.018986534305991,-4.4178661089819187,,0.223966264695369,0.4444444444444444,False,3
0.96511904005106786,0.2616188747315103,-0.01004006549393238,-0.2612868933404886,0.96005051597469881,-0.10016070160092352,-0.016564959987282649,0.099290337701769482,0.99492061539586507,-14.239842571333655,-8.3536795515636513,-2.8644959793978164,0.3063975199227799,0.243105856939256,0.961038961038961,True,3
0.99481842488414363,0.10165393743514969,-0.0016668878074232035,-0.10158694098354294,0.99324255945004203,-0.056118726987842177,-0.0040490656500012552,0.055997277621867313,0.99842271106295533,-8.9820775870654437,-9.6367676589447289,-2.9535936027122829,,0.2039993699771971,0.4642857142857143,False,5
0.82869122214072743,0.55937733214561203,0.019179640991577766,-0.55657747787246459,0.82719324876787248,-0.077284153084439894,-0.05909627291153173,0.053369743062063872,0.99682460897263925,-11.053908995935132,2.8845001769125269,-1.572938941557058,,0.3311807002981825,0.8426966292134831,False,7
0.89020419322377164,0.45555574058247411,-0.002337004314850271,-0.45334151842120146,0.88534820573188211,-0.10315048367747139,-0.044921732406190532,0.092884454187396367,0.99466301636681753,10.949211125265975,11.843929145072959,-0.57062422930190249,0.5350927569326431,0.294326229337564,0.9239130434782609,True,5
0.3961668718016112,0.91765523414480565,0.030994853339993522,-0.90886409373153842,0.39672056987055476,-0.1287588776245415,-0.13045255387486754,0.022839892474005932,0.9911914398839915,-13.343075495544777,17.112057539359338,-0.35485038927110529,0.2496161006362773,0.2115551280162911,0.9166666666666666,True,3
0.63676013632427686,-0.76539566993260866,-0.093305933555701215,0.76104074560616874,0.64331207277955516,-0.083465924443919731,0.12390929067464808,-0.017861843815368365,0.99213277449140858,-15.886195404276462,4.4695713305197424,-1.4586946466091462,0.3325243441689257,0.1303271240191649,0.3461538461538461,True,4
0.47612894401457695,0.87899287931262049,0.025937362804885674,-0.87233414299669876,0.47583607089484903,-0.11230839949695039,-0.11106021625126751,0.030847232502455857,0.99333482603458567,-12.530098522090501,-22.763133091658702,-4.3784018800721025,,0.3111996637117487,0.9782608695652174,False,1
0.95261017310882778,0.30410609721951409,-0.007303404923988779,-0.30338667081242982,0.94806094837612542,-0.095587478978739523,-0.022144662176665175,0.093273360602457625,0.99539424055949011,-9.8936433068371432,-14.8421123775975,-3.3894391017117766,0.2428295967104503,0.2548537622606205,1.0,True,5
0.46265915944203334,0.8865159728928077,-0.0059943298465143305,-0.87934626523683979,0.45803702382709438,-0.13020073201652307,-0.11267940361224842,0.065509652796632123,0.99146953427326834,-13.77752130483587,4.547542609671793,-1.4168158702513107,0.1393444479226368,0.1130804016285484,0.3478260869565217,True,5
0.46510747541593983,0.86371271057548427,0.19410149381847133,-0.87808249422095819,0.47796641932572692,-0.022786736046334785,-0.11245518954193733,-0.15983884254865691,0.98071676581865042,-19.694977080986533,3.3423630195904073,-1.6431601379775058,,0.3836805802013073,0.25,False,3
0.63432471810811286,0.77302634428602435,0.0079008250738470016,-0.76740966917075792,0.6308841810204755,-0.11431338417416742,-0.09335176302722055,0.066448635636166209,0.99341332141349947,-13.236343935886142,5.6630562060052752,-1.2711548082952253,0.2245669674987024,0.2103691705451735,0.6721311475409836,True,5
0.57129389486222293,0.82057596046026815,0.016684687826209653,-0.81437238456621475,0.56926903839081378,-0.1128289908912309,-0.10208283376301203,0.050870964648852365,0.99347432780450173,15.521299979479814,-6.0835714939874244,-2.3195853410686751,0.2329525106304225,0.2431984922825637,0.9552238805970149,True,3
0.85265504446786766,-0.52170773833831341,-0.028291534094480521,0.51488464194927064,0.84823235227312332,-0.12407933769155077,0.088730945155951327,0.091229996794500681,0.99186889610301099,-12.660981555430419,-10.306889676237304,-3.0064608381390401,,0.2006131662431318,0.8333333333333334,True,5
-0.37570261259075399,-0.86762443945010725,-0.32569215366871551,0.91485989040355176,-0.29113538161914621,-0.27977056760901908,0.14791527244771061,-0.40307322118736488,0.90313512307868882,-6.7358457680619166,-8.2480905105454916,-2.8212036406969574,,0.5401922605942308,0.1542857142857143,False,3
0.92417806338512132,0.3818907293726399,-0.0073741424557630143,-0.38055035702865497,0.91893287296613191,-0.10365230700554764,-0.032807513210969579,0.09859942089810797,0.9945862563274579,14.149819195463463,7.0218422990140015,-1.1004148175609145,0.2758191846720387,0.252015154968136,0.9354838709677419,True,5
0.95708341996392066,-0.28783198496499934,-0.03382418751830997,0.28364808302483285,0.95426787571536276,-0.094427678008231652,0.059456641567640883,0.080780999057929154,0.99495695281991958,-14.096276061462055,6.6318259742141361,-1.2144008952338103,0.2867996400902067,0.2347580533823162,1.0,True,5
0.99976685212191629,0.019180504571359162,-0.0099171388324488258,-0.019500514975834646,0.99925690134386413,-0.033247180817859642,0.0092720717162479635,0.033432818622519331,0.9993979564342933,-19.630157851424208,-14.069327750318191,-3.3960276955126547,,0.2337730674785904,0.3333333333333333,False,2
0.99809578634400065,-0.058717243530202787,-0.018896735023935265,0.056474312960963127,0.99308682641415069,-0.10290387348519142,0.024808330414140191,0.10164074239636366,0.99451179290503,9.0074528734843362,16.290437134091047,-0.11202511147145623,0.2240846151640798,0.1958848001839222,0.5348837209302325,True,5
0.82213125687914623,0.56250926672318768,0.087655697549310491,-0.56599555010141922,0.82417579760138859,0.019577842411929516,-0.061230986662852524,-0.065708290943047087,0.99595842622753916,-11.514629882715967,11.235434125719893,-0.87942384169796828,,0.1053323213835502,0.5,False,1
0.95096498096461934,-0.30688353984408606,-0.038575872663136737,0.30300067601705027,0.94936783918332068,-0.083013831724603776,0.062098271410480813,0.067254731410909957,0.99580148914865263,5.4713690249020264,-10.581336742239262,-2.8972618067439377,0.3061513148094539,0.249479619563156,0.9768339768339769,True,5
0.96260818636744006,0.2705381501260169,-0.013949511273879651,-0.27033246323756704,0.95600155511352136,-0.11393588521812578,-0.017488249148979392,0.11344662157561701,0.99339016765558008,3.268892260958526,10.822434007561391,-0.68901837158819801,0.3220699650344196,0.2629389028886747,0.946969696969697,True,5
0.79818931672471216,-0.55788115850160247,-0.22729370351034092,0.58332035746170408,0.80999673797223726,0.060354329132912624,0.15043661534774871,-0.18075922511242462,0.97195417962961017,-10.749081109500501,9.2879813568023621,-1.0154230006379048,,0.4616788616539558,0.6702127659574468,False,6
0.86922232206682415,-0.48770668185750904,-0.081208049430445323,0.48538373365136278,0.87300539174184377,-0.047583790268681932,0.09410199746775938,0.0019438264349905185,0.99556066395341725,-10.871403782767525,-5.0999490142095043,-2.4556032552217508,0.3523843598477154,0.2015788431524087,0.9444444444444444,True,6
0.95555610254105572,-0.28388359271515839,-0.079515034324839251,0.29310658226711517,0.94377504572902104,0.15289602509834732,0.03163963223928401,-0.16940710978680218,0.98503815399478001,-11.845363342757292,-2.4506106132021181,-2.1555202818905936,,0.2922331422046293,0.1935483870967742,False,4
0.3500105962368118,-0.9215699833298947,-0.1679325708351059,0.92681273861909119,0.36672669270624525,-0.080806437801192316,0.13605414383740877,-0.127358936404461,0.98248102844919727,11.00223237588075,23.270894999925659,0.65292726109107646,,0.1453495486446211,0.2,False,1
0.73446939675777001,-0.67775602238798038,-0.034662362053089632,0.66949469306445208,0.73198175560052814,-0.12641030585558399,0.11104756271441041,0.0696382336420939,0.99137225865483858,-10.83078532675764,-7.8471603986174649,-2.7283084082330813,0.2278335418797379,0.2318805978870722,0.9919354838709677,True,5
-0.84503602275201606,0.5346277404175519,-0.0093434162636278108,-0.52719836129805742,-0.83595718699269506,-0.15243841169436728,-0.08930849957364427,-0.12389011538973241,0.9882688051398878,-16.378449661949496,-2.8212615696431822,-2.2796480788014559,0.1787255502654557,0.1293586505544551,0.6190476190476191,True,3
0.56910556855218475,-0.8113760730110634,-0.13337061141060974,0.80475103847812468,0.58290664372403189,-0.11223016871930466,0.1688034890376191,-0.043459324057443099,0.98469115424136722,-16.399472192082264,-21.261261194529599,-4.2481132023103498,,0.2386665158140067,0.9354838709677419,False,2
-0.99933550308499075,0.032400177682563626,-0.016696729021134921,-0.026738850958403983,-0.96297077636426909,-0.26827656945365136,-0.024770670626593067,-0.26765184915209145,0.9631972287762115,-9.3773139704391664,-16.816741497258953,-3.5839264415386767,0.1599400061886899,0.1056170014515958,0.5128205128205128,True,5
0.97517567366997548,-0.21937835787542492,-0.030092217900840934,0.21502497528711637,0.97062746108199538,-0.10791937637094706,0.052883508630617707,0.098769772144119083,0.99370411422390414,15.764594570781192,-2.419249159074266,-1.9866919762275712,0.2972655051656337,0.2620219621326161,0.975,True,5
0.84676433882705038,-0.52950961082007719,-0.051085482673238959,0.52297762217894606,0.84618686000575605,-0.1022849189942163,0.097388711824537177,0.059894657547801759,0.99344253422449547,-15.684912004125573,9.3556254362264841,-1.0074073490961948,,0.1731190350089398,0.3157894736842105,False,5
0.94019783968103521,0.34035213880739762,-0.013727485871208114,-0.33953309683782285,0.9331820424946069,-0.11784969969122147,-0.027300154044106906,0.11546296884639397,0.99293655608721765,-13.912730543278084,-9.789906068766161,-2.9847856314858419,,0.1254059582987384,0.6571428571428571,False,1
0.77981619681542191,-0.62365989266369093,-0.054175986073566329,0.6176104448545392,0.78059625486598183,-0.096056365201791241,0.10219607424411098,0.041446654532245518,0.99390046646390873,-19.560736566499852,8.8994783727421023,-1.1491614902157976,,0.2062183499512927,0.8666666666666667,False,1
0.99667934428808114,-0.044710027511212384,-0.068053641411949112,0.040521025739667163,0.99726952090693433,-0.061737744881538333,0.070628118639000606,0.058775131731024853,0.99576962835161564,-9.9868837217522906,-9.0455280397303568,-2.8606431372542716,,0.1661575272902939,0.7424242424242424,False,7
0.9997448295430027,0.014610355158675006,-0.017228271073122317,-0.01137930027497935,0.98456905011129081,0.17462616381344859,0.019513772758835306,-0.17438555870566491,0.98448407279530348,9.4137982212275073,-20.018751238289425,-3.9501401518667993,,0.6438122398440644,0.3529411764705883,False,1
-0.76269950725591018,-0.64614085304942248,-0.02813289270866038,0.64260626499948437,-0.75217418788673063,-0.14591497270791159,0.073120789212132054,-0.1293676508927272,0.98889704271349355,-1.4301505110209092,-25.364856759758037,-4.6758807426629554,,0.08572720802770531,0.4347826086956522,False,1
0.90535099598848634,0.42462701861589008,-0.0056097347563049994,-0.42281394428833968,0.90009628336209646,-0.10514299402754911,-0.039597254677469218,0.097563188442777796,0.99444129121979152,28.319049930303283,6.6285873968818381,-1.2874216207960063,0.3397580405237078,0.3348756659682368,1.0,True,1
0.97121463583169043,-0.23164520015520507,-0.055521458836839566,0.23060579346343146,0.97273783924702273,-0.024536994887995545,0.059691700992826821,0.01102711848523205,0.99815595148778935,-12.296096693684955,6.867990391765896,-1.160980210309031,,0.2523558782605839,0.3863636363636364,False,4
0.034620379494147646,-0.99853498666840035,-0.041584969914852984,0.98970353566222402,0.040037125616956035,-0.13741884903471313,0.13888247125312245,-0.036399299051906461,0.98963970727086115,-2.837559053489064,-23.869967337523427,-4.5168021212620273,0.1460957125187787,0.2449930247794427,0.9302325581395349,True,3
0.41501063515191861,0.90919099779741985,0.033732806508405683,-0.9023545280494355,0.41606268880307984,-0.11246397065119149,-0.11628619186937783,0.016234793194982382,0.99308305446746714,-12.069153712248253,18.429376102556397,-0.17559711045228332,,0.2647064708485315,0.2222222222222222,False,3
0.91877287551884257,-0.39297151075471959,-0.037812629450894121,0.38706167612383596,0.91550837430588439,-0.10967075932993083,0.077715262896319068,0.08612669917598291,0.99324847324423604,-20.801211034040836,0.081352060582498359,-1.9651731712284242,0.3404359351703964,0.2543934126506083,0.5882352941176471,True,3
0.89347406451221556,0.44908860325996508,0.0048499964983294425,-0.44611399246823252,0.88869875947738086,-0.10581503025287553,-0.051830510011709879,0.09237933386519312,0.99437400252950492,-17.547736614105652,-13.205407857661857,-3.2560491712167177,0.2787934567266724,0.2621232343809474,0.72,True,2
0.83903606549017518,0.53828365373090448,0.079178209962550955,-0.54196082261365264,0.83969619888577085,0.034478403801803059,-0.047926480766889476,-0.071840112074626983,0.99626404669565638,-2.0990891179240827,-27.810580212303059,-4.9853253425418487,,0.2138560088772755,0.1851851851851852,False,2
0.9386269360266144,-0.34363223722912584,-0.029939280255135779,0.33840690843342641,0.93419555767278384,-0.11295762191621579,0.066785022945419298,0.095893407288207985,0.99314863698684952,-18.991475274546701,-11.565917612007935,-3.1324067870224708,,0.2388640796097384,0.696969696969697,False,1
0.99165561982316097,0.1220922248746469,0.041383816864815438,-0.12887958503986646,0.9313650921436839,0.3405130213312535,0.0030305499655646911,-0.34300518037100469,0.93932862300983899,-10.870613952373269,12.158503758320613,-0.84261524664719989,,0.1614696118068533,0.2380952380952381,False,1
-0.90311529740536267,-0.42103782551973734,-0.08432027676682563,0.42735704233088734,-0.86219883326027591,-0.27199104818874942,0.041817675241684532,-0.28167414046417116,0.95859843554595392,10.021439722613827,-24.13285525054922,-4.4554707944240004,,0.1636376145486043,0.4375,False,2
0.91220233872819612,0.4097059361115597,0.005285748173889368,-0.40806319375273514,0.90955950325536838,-0.078650746609062225,-0.03703138024871476,0.069588475718295406,0.99688821887114154,-13.124752106672911,19.072466855687452,-0.10519494610589851,0.3593510392301023,0.2102864015120251,0.6923076923076923,True,3
0.9946259727332506,0.10238471714354679,-0.015379988942475307,-0.10338464852341411,0.990138184827552,-0.09454094031735473,0.0055487669012930299,0.095622929477376967,0.99540216322049369,3.9580560733581933,15.096280819988838,-0.23921768548361413,0.1942349589351144,0.1690676912002527,0.8974358974358975,True,3
0.91590019993510785,0.40080844021140594,0.021895616322186298,-0.39977259983240315,0.91573099124911528,-0.040232077862736727,-0.036175850813353325,0.028095300696232211,0.99895043014992357,-17.557814431839947,9.7157509823204666,-1.003119967405768,,0.1004270639687617,0.3703703703703703,False,1
-0.56172797818337217,0.75381448692753872,0.34091846213455912,-0.81517737425764236,-0.43395822488802821,-0.38362235017064317,-0.1412357144083502,-0.49340042394611228,0.85825899041335962,-7.4045150393283441,-4.3404174112527656,-2.3320375155948097,,0.5800918414909086,0.4163701067615658,False,2
0.99622161592797664,0.086842603785703326,-0.00092418914278393979,-0.086697234457767836,0.99381560896458199,-0.069383895218800021,-0.0051070045258607456,0.069201860857045633,0.9975896054784732,-23.005167214922036,-6.1241380795356957,-2.6565817875513162,,0.2129557684874032,0.9032258064516129,True,3
-0.42212527477027434,-0.80564199320330598,-0.4156335299124978,0.89909619242250105,-0.3134399084945565,-0.30558380280093955,0.11591500839615222,-0.50268917091014254,0.85666055604200164,-9.6709313521511611,-3.7027382539989429,-2.2327489270424228,,0.2719426133659667,0.4081632653061225,False,1
0.7411163180604714,0.67137541606224738,-0.0012860061175986974,-0.66696233104148939,0.73602281750193077,-0.11589504341524817,-0.076862553146464771,0.086749425495294463,0.99326063301635148,-20.818535191964155,13.643993804150853,-0.79023763765840727,0.2695345307821233,0.2634853168544419,0.9545454545454546,True,2
0.63764991413352146,-0.71586583495984946,-0.28449726420960614,0.75993629818810182,0.64503014216613397,0.080205600760180865,0.12609286142235537,-0.26734289224584717,0.95531584738449082,-9.3319629742231118,-3.1868562866585552,-2.1877065341622037,,0.4638026347270725,0.2659574468085106,False,2
0.99407031558210224,0.10747250385406684,-0.016548975612983866,-0.10857989437871167,0.9892858653427351,-0.097590384617466622,0.0058833846729060106,0.09880859045859737,0.99508906547925502,26.125313861119356,-2.6126061823541011,-2.1345239195302468,0.2704940421230506,0.2593517974089583,0.9259259259259259,True,2
0.6774729234290453,0.73510143426490704,0.025618730690241922,-0.73037210940233421,0.67642230827324967,-0.09491808403814718,-0.087103500662643205,0.045593225505165091,0.995155383827243,-11.010134303020887,22.031752329913843,0.26315303287294051,,0.1722510406879722,0.7037037037037037,False,1
-0.092924940273967568,-0.9810358863077927,-0.17009863389034985,0.98634904436794546,-0.067376310179926499,-0.15025310479647097,0.13594306951632559,-0.18173888577522987,0.97390474854970155,-7.5787880255605327,-7.6621914732753513,-2.745241365793659,,0.3084639755131714,0.5698924731182796,False,2
0.17713433950607704,0.90932106852247252,0.37650845954492745,-0.97533929093977756,0.21336907432366897,-0.0564526852448324,-0.1316688775559256,-0.35722378485118966,0.92469155626065547,7.1746192154933155,19.122637611653598,0.22584010991545125,,0.3188493861356531,0.1842105263157895,False,1
-0.44987460754786424,-0.89251879854112215,-0.031984867271366249,0.8858513907693587,-0.44139012709680331,-0.14297576428703085,0.11349075273187673,-0.092655005003397101,0.98920922917862641,-12.780013757460575,23.23012790394294,0.4051776767689737,,0.3202657355442268,0.9090909090909091,True,1
0.99948586455953281,-0.020636115979404408,-0.02453889286351367,0.021221666393862759,0.99949037288446319,0.02384607696756183,0.024034296768368772,-0.024354573052300842,0.99941443223033788,4.1495379492608286,30.400988731298114,1.3556107399431534,,0.2907698469792701,0.4285714285714285,False,1
0.18182247719299882,-0.98192297150782659,-0.052610500973104532,0.97346016827550008,0.18730132447381009,-0.13150480839646611,0.13898160874171864,-0.027303697104900541,0.98991849187494563,24.782221054313322,10.40092689574268,-0.86691909606511497,,0.2506379070103713,0.8648648648648649,False,1
