axis_00,axis_01,axis_02,axis_10,axis_11,axis_12,axis_20,axis_21,axis_22,location_x,location_y,location_z,dbh,dbh_approximation,score,reconstructed,number_clusters
-0.86576102771213315,0.49959944024638536,0.029295771031481448,-0.49637567133010357,-0.84976564439862168,-0.17750927443765957,-0.063788994398875448,-0.16822231987846789,0.98368298515745733,-5.0221473211471057,18.171731475271493,0.13712647305783976,,0.1498531948369759,0.3333333333333333,False,2
-0.016900295308691752,0.9602306010922842,0.27869620152493885,-0.99410532900090254,0.013717893041735669,-0.10754726524883319,-0.10709329983937559,-0.2788709596505986,0.95433852117216111,23.220254662874602,5.7036846583690366,-0.36654254704728545,,0.2947632544981017,0.1568627450980392,False,1
-0.78160040907366291,-0.62362056132145194,-0.014078211285569964,0.61857796238106866,-0.77197695817400303,-0.14633140642015305,0.08038721908592808,-0.12308115836931402,0.98913544242540419,9.6409284662327224,-15.724348518290356,-3.3735022244580222,0.2921209790054873,0.2760170797461831,0.9626168224299065,True,5
-0.62953887845472156,0.76623574096216363,0.12869961066815808,-0.7735611205425581,-0.60262207701819859,-0.19608626947141133,-0.072691081288654452,-0.22300094520525396,0.97210420487654003,-13.419423473156233,17.972613880839816,-0.28817995914864186,,0.2035510259076093,0.3076923076923077,False,1
-0.45696502179046083,-0.88942565440230892,-0.010245689389666321,0.88346604138190288,-0.45250518783582477,-0.12135406341221806,0.10329918966301278,-0.064506280877842243,0.99255640501800979,16.552831613543159,-19.353512373135157,-3.8007079223037312,0.2779268242206348,0.2874635992176399,0.953125,True,2
-0.97861019406177996,0.20467892888168271,0.020703240089721735,-0.20565460151840279,-0.97071569244199307,-0.12416613596778153,-0.0053172316737758567,-0.12576796300612356,0.99204543571784964,10.479314121194191,-23.133945652983488,-4.3733736297649033,0.2491557802392612,0.228829462232377,0.9736842105263158,True,1
-0.63430837810270402,-0.77307605171145555,-0.0025099280756224508,0.76740598186103737,-0.62925681543696133,-0.12297934472923708,0.093492996917498572,-0.079932962514609296,0.99240605652677483,20.29414376101262,3.4236618894927293,-0.65820660793832075,0.2334913859599262,0.2473322539145204,1.0,True,5
-0.86295063296541941,-0.50505707531519028,-0.015282530505483873,0.50061975485607957,-0.85048458224514045,-0.16141820346897359,0.068527849174066929,-0.14694667753092733,0.98676775780839188,18.727743734740539,-1.6638675895491355,-1.3608195212689687,0.3067788902477925,0.2604463734359052,0.9367088607594937,True,4
-0.75602674654632618,-0.65454020759709219,-0.00082167227853342274,0.64953912783526713,-0.75009417349615293,-0.1243288071933636,0.080761871681991823,-0.094529611899549143,0.99224073316738159,4.7823467693796262,21.134028043499843,0.87617173715245367,,0.2919953264454974,0.967741935483871,True,4
-0.89106141929113702,-0.45387953654347629,0.0017068561583762042,0.44944233934768052,-0.88286252425788436,-0.13621801225492669,0.06333348760766877,-0.1206114819081418,0.99067741459032632,9.9182278472800274,-9.9231413888463802,-2.7253012004977375,0.2628445588030106,0.2469493960694134,0.9155844155844156,True,5
-0.074631785009396448,-0.99689385687403376,-0.025154220185197494,0.99130507555766623,-0.071424899546514278,-0.110511225214372,0.10837132388193159,-0.03318315614260537,0.99355650785876015,8.6296859430320687,-20.461919104236294,-4.0367621469763995,0.2417983495371453,0.2042030010047779,0.8421052631578947,True,1
0.36545490749939269,-0.92873181317997067,-0.062449417707889837,0.92639968601897682,0.36943360458443608,-0.072817810648851442,0.090699130803728434,-0.031241494701672781,0.99538818391633221,-5.3449400752291725,16.170423505174927,-0.13309759109977093,,0.1288991736775157,0.2777777777777778,False,2
0.016893089629519804,-0.99985729773571852,-8.7677801872942593e-05,0.99411815334733045,0.016805505821576056,-0.10698912168709425,0.10697532756698575,0.0017202147275561814,0.99426018735199717,0.34293647306828573,-16.693354184589154,-3.8106249918940791,0.249304022973678,0.2348745677679937,1.0,True,5
-0.40047923292732007,-0.91579795758517346,-0.03050385019585234,0.91028532300826137,-0.3938175243146278,-0.12762597015671967,0.10486665203815526,-0.078878757758495177,0.99135317968158376,16.507912033129813,1.3926711874386497,-0.99890315867106561,0.2724808197350461,0.2479589948843592,0.979381443298969,True,5
-0.99073347320842597,0.1339663712811969,0.022365071654645886,-0.13571888705836019,-0.98284453049408382,-0.12488800011812226,0.0052505961574864594,-0.12676608475303058,0.99191874213383979,-5.7099995139331305,-20.283508515934454,-4.4337987237685992,0.2686879969164085,0.2445872043467233,0.9710144927536232,True,5
0.18834274868493431,-0.98202762851255976,-0.012196141020878322,0.97662080578390209,0.188587236809063,-0.10318263333877396,0.10362823325621834,0.0075226957083101217,0.99458765240750635,8.962230680840138,4.4244423194235116,-1.0149667185944644,0.2596381304119834,0.2400445890371822,0.9536082474226805,True,5
0.85086359022997793,-0.51074630669537691,-0.12316395989892306,0.52147500466706354,0.8495480656130916,0.079573260084904354,0.063991955185302929,-0.13193291632525039,0.98919094984814548,-3.4295604050568897,-1.8596297195205524,-2.4471176191277211,,0.2981483978492633,0.2647058823529412,False,5
-0.31375772484826647,-0.94903393725770924,-0.029844195937757528,0.94355329623185757,-0.30812443139993123,-0.12151753760041051,0.10612854125086955,-0.066286655577128969,0.99214052030161692,-1.3284111068858242,-5.2639236187451957,-2.690369630980074,,0.08253159117088457,0.3096234309623431,False,5
-0.51532939712032477,-0.85689165875693885,-0.013126218662863965,0.85104463901198701,-0.50989159186378941,-0.12543359580100011,0.10079005344060646,-0.07581061732629335,0.99201517903107062,-9.1391361758480851,-21.888107533285503,-4.855385996112151,0.3791907770328374,0.2569957888822686,0.9487179487179487,True,4
-0.23735565676954182,-0.9711943667353683,-0.021066424019926408,0.96549442818242059,-0.23345944239676319,-0.11540016423079666,0.10715783381630022,-0.047730396785280967,0.9930956690442867,14.998185583296609,-16.476478503415048,-3.3842505527875288,0.2021760769719321,0.2264457430231183,0.8596491228070176,True,4
-0.99830388463979491,0.049708148859184294,0.030306003532097107,-0.054744021227500529,-0.9786461003239737,-0.19812849986945708,0.019810251208333567,-0.19945152357821599,0.97970742759733687,9.2264674784121432,-24.658285954020869,-4.5680202081959385,0.3280377948243298,0.2063076547834795,0.7692307692307693,True,3
-0.84501115334366483,-0.53426842225753524,-0.022658413520217659,0.53119228349555458,-0.8337587967594956,-0.15060221373186011,0.061570355525917247,-0.13929652473985918,0.98833474567871493,21.990097647732853,10.318424183251292,0.23554212762155333,0.336804162646098,0.2003799343439507,0.975,True,4
0.93239042157764218,0.35651821071071815,0.059521989061978045,-0.35570825207353457,0.93428753453313462,-0.024050825823403371,-0.064185209799898557,0.0012522969395972502,0.99793721776237931,7.2212610677605369,4.5547817363859204,-1.0847099407970107,,0.2148999487775396,0.2463768115942029,False,4
-0.83979292390391147,-0.54289710268964664,0.0032528221756191996,0.53797199816381247,-0.83295053899774651,-0.12953582043202772,0.073034061591519997,-0.10703333814541519,0.99156940774355051,3.2432818909016854,-3.4418927065117724,-2.1541925095903474,0.2436870957420864,0.2123792705225648,0.9229583975346687,True,5
-0.50135568829268373,-0.86523968535161933,0.0016615382032697176,0.85922324850399079,-0.49809377442653596,-0.11678185264748009,0.1018718952745053,-0.057121613861645243,0.9931562002943054,-10.042346824555313,4.8705297554308844,-2.1157887399215913,0.3481218813902049,0.2992250464342448,1.0,True,5
-0.99003472681000682,-0.14034656908487259,0.011579302929885881,0.1371309450144855,-0.97951662019732544,-0.147452686230685,0.032036598284947634,-0.14439539917641347,0.98900132713106881,-7.4662716838397882,10.67594027911862,-1.0486188208006675,0.5141738269713187,0.296726253413076,0.9876543209876543,True,5
0.35881428798291437,-0.93340820404657487,0.0011963936891577331,0.92852435997262128,0.35680533167096323,-0.10262781410809743,0.095366764004796115,0.03793520673094037,0.99471910628756521,-3.4297398185847205,5.4506501967204306,-1.6206460933056748,0.2408979109030168,0.2324739298772627,0.9203539823008849,True,5
-0.94424463547793003,0.32763778773629032,0.032489204644361544,-0.3287697477601505,-0.93298235748930314,-0.14647311552442727,-0.017678272791216552,-0.14898792119153401,0.98868097888557938,19.37973158475781,-5.7392798666993716,-1.9000866118405335,0.2479699185767432,0.2443857491628715,0.9024390243902439,True,6
-0.62600360485435003,-0.77982003962157986,-0.00043876412484341459,0.77401961860458457,-0.62127859907740801,-0.12209231074735249,0.094937435843682472,-0.076769838693408837,0.99251865228942471,4.5699873526070114,10.055788077353304,-0.46967579141328558,0.3118920663960615,0.284859857834647,0.9866666666666667,True,5
-0.10080145557030729,-0.99475005508075409,-0.017646372764492851,0.98903805044803073,-0.098267487880773219,-0.11021449810056945,0.10790181333446475,-0.028562715949961535,0.99375116097376015,-2.9457615234480445,15.782750649726397,0.035260830066314371,0.3246179830857468,0.2619138551257091,0.8769230769230769,True,5
-0.98584380132204519,-0.16731704981273043,0.010816849673758917,0.16254638603348157,-0.96956972638163796,-0.18306615763622514,0.041117779394743148,-0.17871639691477995,0.98304108647169219,3.6603721500326909,-24.837928191468748,-4.730345609027844,0.3595771013644278,0.2968803722975871,0.9285714285714286,True,6
-0.70594349405132173,-0.70819944505486765,-0.0098655577940790756,0.70281025094844796,-0.69870964491935239,-0.13365097552375621,0.087758386313733519,-0.1012836517936113,0.9909793577622894,-5.836438922048969,-3.2254470666683974,-2.9875683073097528,0.2139994945772418,0.2413101926560388,0.9773299748110831,True,5
-0.12146910892079452,-0.99075061852505097,-0.060485266554913132,0.98752745883656623,-0.11447458872156523,-0.10809757897763032,0.10017371722055979,-0.072861378172933616,0.99229856693888174,16.767718123929882,-9.6490942382726956,-2.4540301395303663,0.2929002936850168,0.2359619572123577,0.9333333333333333,True,3
-0.92278128041045193,0.37342602044402012,0.095014292500587183,-0.38399814306736069,-0.87077062364460978,-0.30708947738142117,-0.031939546722890386,-0.31986173302368925,0.94692572945411968,3.5950459730874345,9.8712098179147212,-0.52477200493974574,,0.1376307627112311,0.3,False,2
-0.76838280654024083,-0.63998571135216231,0.002480298049040033,0.63482661841338983,-0.76266854891153035,-0.12382184401390535,0.081135856236105072,-0.09356801679126299,0.99230136504319433,2.8392813429237558,-14.49923594317573,-3.5259131421996059,0.2508158637412624,0.2319359770690176,0.9852941176470589,True,5
-0.26304007931485274,-0.96475308250864278,-0.0078362276707653489,0.95860898166230135,-0.26043009371546094,-0.11508686529627417,0.10898961854416436,-0.03778433640317605,0.99332452248606551,2.5416878304001504,2.3379487702801054,-1.5258814848493296,,0.354093639719679,0.9903730445246691,False,5
-0.53906619699492953,-0.84226043582301091,-0.0022346151025230132,0.8362682638834702,-0.53491131219263788,-0.12052086503870708,0.1003146354165316,-0.066837462067189685,0.99270827919669669,7.242467059944155,-2.5159451970177851,-1.8938661459152653,0.2609274742382728,0.2300671200201364,0.9831932773109243,True,5
-0.87356538318294885,-0.48435486873249867,-0.047789982627635619,0.48123559695792284,-0.84489000380617851,-0.23360903597452393,0.072772395350005917,-0.22707100784450346,0.97115546431634858,-3.1918823752505743,5.0975121898336448,-1.7033867145778894,,0.7870335958477668,0.4135802469135803,False,2
-0.49971197309741877,0.84061740194081347,0.2089266079209669,-0.86248785230364011,-0.46060281110709334,-0.20966581750227575,-0.080016551861092897,-0.284969180709985,0.95519103716154141,3.5011670699342603,10.487823459786297,-0.48601891203838254,,0.4016909010590368,0.3563218390804598,False,5
-0.95083679897212969,-0.309670705921955,0.0036654623492137729,0.30577333249200384,-0.94061546563118992,-0.14746258831363454,0.049112634394521071,-0.13909205480263806,0.98906084212934664,12.107650369534623,-7.1540374692202127,-2.2702132993479038,0.2540248838301293,0.2750512298194572,0.9562043795620438,True,5
-0.99030816583757098,-0.1388871956009603,0.00028909086556155351,0.13668301527329799,-0.97495684740026622,-0.17543346044337049,0.024647312454451835,-0.17369367462701923,0.98449124799732879,-12.262601470148235,10.345001856539868,-1.4983950289847585,,0.2594071022930331,0.4347826086956522,False,5
-0.1285583568354596,-0.98793952401676255,-0.086303219947459126,0.9871335985940255,-0.11913713700726362,-0.10664708675122028,0.095078953583726519,-0.098903182311012625,0.99054437210767021,-14.031487010497894,8.8127180059361336,-1.9481613805171742,0.2850757794401546,0.2831358058525978,0.9411764705882353,True,6
-0.65647213996648723,-0.75430919904342375,-0.0078715745749402977,0.74857416493782847,-0.6501211780385554,-0.13030415746780233,0.093172147315887646,-0.091433506463600114,0.99144281976335746,-0.67254666438288302,-6.4365005228545247,-2.7626750597881435,0.2829119350462919,0.2820841376739113,0.8748370273794003,True,5
0.59132500041784142,-0.80640996703709156,-0.0061407608711529955,0.8028215363044956,0.58937941815462536,-0.090052664043908881,0.076238603912517688,0.04832045652673455,0.99591807331452642,-1.260885683876483,-20.399333933206183,-4.282403850159171,0.2046517601788982,0.2588258598858276,0.979381443298969,True,5
0.8960217474739125,-0.44170761776025963,-0.045159810300228517,0.44328350164116948,0.89573290726553423,0.034092462720932637,0.025392227679740087,-0.050566186866235478,0.99839786434029887,7.4073769404248457,4.389980176147505,-1.0967827209003087,,0.3178122889255489,0.3247863247863248,False,2
0.0059042775284860009,-0.99991179878060854,-0.011896813278887787,0.99436318445312899,0.0071301605253073896,-0.10578760898666123,0.10586310457897027,-0.011205153734306948,0.99431757885430694,-7.2145473138388247,-11.793274611137027,-3.823089460453748,0.2926559897482703,0.2490734944109415,0.96,True,5
0.20998901051007665,-0.97655418224509383,-0.047397727842322199,0.97331516238997418,0.21338877983426296,-0.084396820453279287,0.092532211293027772,-0.028410522354584904,0.99530429120584141,3.7933344132207827,-20.451518056671279,-4.2065790788303623,0.254446765691674,0.2054717589927215,0.9864864864864865,True,2
-0.96173150767759608,-0.27394113964631289,0.0053627557705787357,0.26989336122577462,-0.95053129364974354,-0.1537785204727791,0.04722373033157283,-0.14644627616236169,0.98809078909366743,14.151681183539933,-1.4136448160031869,-1.4670549640818362,0.3017952210800651,0.2597535409014493,0.9444444444444444,True,5
-0.48059337460246887,-0.87683025164649608,-0.014096740252757018,0.87094309599215058,-0.47536599415347697,-0.1244399258521332,0.10241158055522205,-0.07208246249969108,0.99212700133005272,5.9172319276175811,4.8251224425718622,-1.051203817431781,0.2974020980679629,0.2827085210282927,0.9945054945054945,True,5
0.99869758563174138,-0.0051135889072859838,0.050763999663333448,-0.0026089712010301091,0.98854469711307003,0.15090584839197752,-0.050954153143819715,-0.15084174825994809,0.98724386108969042,-5.8959640866450638,15.426192210967816,-0.3015895683395205,,0.3260773147380507,0.4,False,4
0.075486112979686701,0.97795301760669184,0.19470424263786298,-0.99394832192934934,0.0894227275994183,-0.063798974306108772,-0.079803383894727534,-0.1887100186599697,0.97878493489443597,4.0283565438640778,10.265714072755335,-0.4773194114692827,,0.1797878301686777,0.3103448275862069,False,2
-0.71620076905175845,0.69680285614678494,0.039015869532186526,-0.69510309064773645,-0.70722576505988077,-0.12908683359441231,-0.062355046160154193,-0.11957214099090616,0.99086545570890505,-6.7458515940435442,0.052363044816788218,-2.6187447915816779,0.3088335205636302,0.2539427717141666,0.9791666666666666,True,5
-0.71784819399709887,-0.69619814978141026,0.0014514186321319747,0.69065789142776413,-0.71239507389911438,-0.1244384815594913,0.08766782410702216,-0.088325505519174854,0.99222626335484787,0.69197556871189259,11.584341980077076,-0.41829182676624999,0.3040770371638689,0.276565092927117,0.9784172661870504,True,5
-0.90913137336042948,-0.41625227898957057,-0.014635101904944034,0.41225027023541838,-0.89426681648780615,-0.17417398089149017,0.059412630497259734,-0.16438035516676966,0.98460613352377757,-15.707027308653005,-2.9031430384313479,-3.6450394888275697,,0.2449917133639201,0.6,False,3
-0.99981447433266935,-0.014534114135478598,0.012640270613632152,0.012632390117695612,-0.9901657921214595,-0.13932740876223329,0.014540964025927448,-0.13914188312216053,0.99016569155188228,-12.718270673475077,-13.760808363835174,-4.2833161080874635,0.2610148764098035,0.2143731818684508,0.3243243243243243,True,5
-0.73711634702234596,0.65858548684343299,0.15140887514155307,-0.67329277613657901,-0.69659613334670334,-0.24785210228828036,-0.057760960472715894,-0.284638338116319,0.95689324792248864,-8.2660005383032953,-7.7192906460562876,-3.5027093583667757,,0.2221206863410655,0.3709677419354839,False,2
-0.9243383738731964,-0.37738601504491559,-0.056377000931003736,0.37190637881083038,-0.85798467871081341,-0.3543274424840932,0.085347618509661924,-0.34848541826885943,0.93342042899687416,-6.3638680763480311,-5.7506073589392059,-3.2276630397916484,,0.5956078385599634,0.2669902912621359,False,5
0.39203890911001943,-0.91991589952518715,-0.0077608984397700698,0.91507657220781657,0.39081587341777341,-0.099487788602908675,0.094553480846661764,0.031901267772134728,0.99500851673456125,23.54345687134624,5.6915921098204292,-0.34762113814481127,0.2477034849403431,0.2889379085646425,0.9661016949152542,True,5
-0.97368646516704771,0.204012961561925,0.10155480818372428,-0.22779190632118201,-0.88447245522992102,-0.40720918869067624,0.0067464779746486299,-0.41962743887201814,0.90767135989886216,-3.3779295608238211,4.4066833593851893,-1.744894515517813,,0.352560277088561,0.2112676056338028,False,5
-0.77915964504777946,-0.62679784697761542,-0.0058912268029896932,0.6216240279916958,-0.77145165390125603,-0.13581573368500707,0.080584212798773786,-0.10948426698500094,0.99071659919997301,3.4513499478486769,-8.3572456907200632,-2.7645035918405987,0.2918139637573888,0.2549634727569147,0.981675392670157,True,5
-0.05818378906978261,-0.99784575405969089,-0.030306728535565645,0.99218326942639468,-0.054443224685698885,-0.112286665086163,0.11039477596260011,-0.036603092640758395,0.9932135757475824,13.601799468592327,10.964081817329051,0.097748260374928897,0.3328034066563568,0.3171710601041801,1.0,True,5
-0.64613506989599223,0.75618713635152124,0.10339480773707498,-0.75418645143736895,-0.61181373945293749,-0.23850942263340968,-0.11709939333237541,-0.23208826560836446,0.96562040629229207,-3.5253888571305412,-5.3175688487956183,-2.814470203143252,,0.3161937965055445,0.2148760330578512,False,5
0.24962423499650188,-0.96834276989668744,-0.00014591511990128155,0.96322643043143408,0.24832078335858637,-0.10262374126144568,0.099411191627147025,0.02547682360477882,0.99472023526129294,-10.611116694150727,-2.031161509326139,-3.1226318272465323,0.3978918061906755,0.3415015899600899,0.9854014598540146,True,5
-0.79868181529117654,-0.60174802970542107,-0.0025819893172844607,0.59709140195731691,-0.79195354453127387,-0.12763792936661844,0.074761056920277028,-0.10348377674783399,0.99181746925438241,-9.7580017695664001,-4.8094111987806603,-3.2970039990721891,0.3036910307149949,0.2677049047655989,0.9689119170984456,True,5
-0.67249002455429097,-0.73934695595274014,-0.0335148563832042,0.73462815667471948,-0.66132826865624139,-0.15154666771936418,0.08988124551692625,-0.12653457946172739,0.98788175502170861,-10.324211510355759,-10.336252739595379,-3.8037394383210388,0.2662999989594049,0.2814771481319622,0.9622641509433962,True,5
-0.9746709251564919,-0.22341523051503157,0.010110510793244392,0.21993090135644669,-0.96571285100504789,-0.1379459605506474,0.040583078778301716,-0.13222830323956836,0.99038815094853394,-1.9260073752119522,-9.7295316342601534,-3.1807955173606381,0.3072286687807197,0.233368622101666,0.9795918367346939,True,5
-0.34938606922711635,-0.91612299529627594,-0.19659102756586927,0.93110617288272834,-0.31601391666746553,-0.18214417172165351,0.10474096357062834,-0.24668575549039692,0.96341863620568857,-8.8787709182007024,-2.8872386826412146,-3.0734126163232864,,0.2300808656926202,0.2428571428571429,False,6
-0.57549215711349799,-0.81750159297884339,-0.022358948497335829,0.8132702385158157,-0.56920958873993677,-0.12079719877108432,0.086024974543917457,-0.087701707871430445,0.99242536958259631,-8.6963210313545094,-16.752709895354162,-4.4022866141930637,0.2223589701070849,0.1548667762335222,0.6842105263157895,True,3
0.28788884801455283,-0.92024836058309722,-0.26507162434514675,0.94511658311153479,0.31767528776528453,-0.076400627424258835,0.15451425667695026,-0.2285286992641507,0.9611971588057282,-6.6140424146190977,-4.8092608668724832,-3.1771823443998151,0.5291648928083215,0.5527387643737647,0.4779411764705883,True,5
-0.28666525049484037,0.93808401634269045,0.19447728001259568,-0.95547657337538106,-0.26513489861359618,-0.12949132506851133,-0.069911028383018506,-0.222939148243473,0.97232226359931917,-17.220521549042115,0.30001854871248784,-3.3864961269490945,,0.2676523820171219,0.1818181818181818,False,2
0.6454973538836789,0.75400415281349831,0.12170005615925371,-0.75859134497357206,0.65144627898793928,-0.012526648552324271,-0.088726193766856892,-0.084234690791651523,0.9924878736825351,-12.347780619613566,13.042223021223263,-1.0125761674844636,,0.3237715852731473,0.35,False,2
0.55636343073658734,-0.83028893594582165,-0.032863593610114469,0.82702576520267834,0.55714384747593815,-0.0749607691438271,0.080548846235933377,0.014526392038798184,0.9966448049854052,-1.6070342819350854,-3.7197455074571391,-2.5031307941118954,,0.07109521441805833,0.2245989304812834,False,3
0.91361760394213543,0.38748999694635983,0.12310311138854765,-0.40151347751634758,0.90751904410201334,0.12327251098642222,-0.063951553067619543,-0.16205149446604375,0.98470783078107049,-1.3313139762945949,15.984950004026443,0.12592599506229032,,0.3390184711899835,0.40625,False,5
-0.99006213637787077,-0.14035146239987756,0.0088562471228492302,0.13690208223616357,-0.97630474409448309,-0.16759136773118047,0.03216808962757764,-0.16471342890250593,0.98581676814146879,25.975676427908763,8.5787409105613683,-0.021305603252111591,0.2141085881842036,0.2466610857350346,0.9534883720930233,True,4
-0.30063436662330079,0.93480403649228183,0.1891041801831552,-0.94876364286064274,-0.27290102786442461,-0.15928772387206708,-0.097296082093833919,-0.22730253484789179,0.96895151068611951,-10.39339711230517,-17.469413034542626,-4.5915245295632721,,0.1049893187799143,0.3636363636363636,False,1
-0.81388808367694965,-0.58095471459957171,-0.0088208181702417888,0.5759935171258842,-0.80475875652076467,-0.1435089266634888,0.076273556870098458,-0.12188093939448828,0.98960971152000177,17.583544315066955,14.107207008746649,0.58410877834379049,0.3004133209272163,0.271460719669495,0.8809523809523809,True,1
0.036843735849726278,0.97194763505333104,0.23229363711232381,-0.99470751282004477,0.057979583212840927,-0.08482530206150532,-0.095914039994131992,-0.2279389449933944,0.96893979910379513,-5.7789557696340736,-7.118902264912716,-3.2646273713001785,,0.299608744002649,0.2528735632183908,False,2
-0.51154973997122466,-0.85520518286020786,-0.083312416508059817,0.85271490050124543,-0.49332619098745184,-0.17177475876555676,0.10580246688298472,-0.15891307213332889,0.98160708713141631,-15.62532075545267,17.002952599444857,-0.45842425295939837,,0.1951597302959367,0.5185185185185185,False,4
0.34559769353933673,-0.93825123978364733,-0.015711310089850092,0.933480996639518,0.34545331861141998,-0.096308014065545483,0.095788637808370797,0.01861761812922072,0.99522757254911887,-2.8271479202941054,-17.19706696106033,-3.9852693637303269,0.214662966461057,0.2309875964129278,0.7636363636363637,True,3
-0.36050466277589105,-0.93228426946082188,-0.029705707073610456,0.92665861451202114,-0.35432993945075397,-0.12551536224497381,0.1064903764079316,-0.072775922699249901,0.99164684480301279,24.589756531830332,3.0629706384392299,-0.66892582279823032,0.2916738432945242,0.2844701340410385,0.9833333333333333,True,3
-0.68860218397707418,-0.70188680725665731,-0.18215911182550881,0.72489319067510871,-0.67283956968490588,-0.14770502895666779,-0.01889164722471233,-0.23375590530569551,0.97211176435626512,-11.767663383912868,9.2828273060625097,-1.6433246410518028,,0.3062125830459272,0.1724137931034483,False,2
-0.99408740292679998,-0.10645858826932277,-0.021372981213518084,0.10478028124691327,-0.88887310210626791,-0.44601087544341245,0.028483820039951653,-0.44561325982928768,0.89477231442431682,-0.66447568840230375,3.3177106882296155,-1.5812304158990729,,0.1391191369800768,0.1886792452830189,False,2
-0.99960799345391915,0.003554195296833491,0.027770976194925558,-0.013340459729286259,-0.93253306475483955,-0.36083807348055064,0.024614864558604586,-0.3610671001832429,0.93221492028824726,-3.745711779873274,-20.558368968303714,-4.3983662846138216,,0.2565452310306321,0.3541666666666667,False,2
0.67145943832098565,0.73477146769483603,0.096193102409907319,-0.73542814441244653,0.67668210986512611,-0.035309582191632938,-0.09103662502384581,-0.047034162584852046,0.99473620646592009,1.6722305237994368,-30.717829477075671,-5.4810181172137398,,0.1639098180223804,0.2307692307692308,False,1
0.61371820429921009,-0.78951061025156799,0.0047918693585646622,0.78653994086057721,0.61085917421410363,-0.090586923501704553,0.068592179895328217,0.059363840666353085,0.99587702417444446,11.541971065994293,22.346244334590221,1.1936786038988159,,0.2300502891610766,0.9655172413793104,False,2
-0.17940338777658019,0.94281935407896789,0.28090227843220739,-0.97841161930420406,-0.1412203385587944,-0.15088909565593758,-0.10259204484175756,-0.30190806804631587,0.94780081809614913,2.8476434059993281,22.028935451413336,0.94528668514040559,,0.1744009366595685,0.3684210526315789,False,1
-0.9966386034434952,-0.077308916270151101,0.027107666652337777,0.071622073065900724,-0.98286988646805895,-0.16981479595137836,0.039771507086635093,-0.16730247379940399,0.98510309586593925,18.685880376479179,-16.215082875739196,-3.3641813987170552,0.2103415148737274,0.2354978606432506,0.4074074074074074,True,2
0.99122625472981996,0.11417199341614145,0.06659780667318918,-0.12849041076491421,0.95048922770387545,0.28294954030772979,-0.030995584778457184,-0.2890241926522355,0.95681988366983983,-11.764446176415353,4.2117567276814523,-2.3183909465295796,,0.2955768656278238,0.4666666666666667,False,1
0.99974861269601156,0.010448000593587933,0.01983811220851521,-0.012500298539851018,0.99425334235641971,0.1063204295961214,-0.018613273457827106,-0.10654168431503981,0.99413400281576714,23.989099204629085,10.022834327751989,0.15703623937081634,,0.1071310965444685,0.3333333333333333,False,1
-0.38253856312900297,-0.87260279315703582,-0.30369164146175764,0.91786714593960983,-0.32128670431333184,-0.23301235168152035,0.10575514230463004,-0.36788479039777761,0.92383798951445506,-21.153913850480983,14.248323397247608,-1.0814030872461671,,0.180174002893839,0.2608695652173913,False,1
-0.82727727326448353,-0.56179005012087979,0.0020622136794726104,0.55703552247059129,-0.82074157507618717,-0.12686486372267997,0.072963962652776992,-0.103803692259178,0.99191786637168988,-9.2533576912496276,17.167302784556572,-0.16468088947323631,0.3584720400853137,0.3943105582150703,0.9508196721311475,True,2
-0.77078910372162746,-0.63708257017816128,0.003155369898870484,0.63182345943990093,-0.7650430352379326,-0.12453220601646714,0.081751291643657423,-0.09399443073459289,0.9922105488783487,21.64451697964336,-10.461192042703626,-2.5110006512222278,0.2454138631372357,0.2643500263360936,1.0,True,2
-0.98379787209142755,-0.17903456072896781,0.0094006878984575961,0.17529136229368839,-0.97158125416029739,-0.15906855399332306,0.037612300828339634,-0.15484344554707319,0.98722278245465389,27.381362432184456,-0.70874498283161258,-1.2005728963893445,0.3407455797664966,0.3879622791464574,0.9473684210526315,True,2
-0.44222583807044646,-0.89690334934087712,-0.00083071295161606974,0.89086893498054043,-0.43914287960407533,-0.11621562708895328,0.10386938350413547,-0.052133609448775611,0.99322365957336811,-1.3233056040286519,-1.3189121587166954,-2.1928293920970403,,0.2743653763590689,0.9590361445783132,False,1
0.5582627765879058,0.7977012419692675,0.22806885108898348,-0.82378126108023952,0.56562743970681806,0.03807930335180626,-0.098626092741276969,-0.20913710338291686,0.9729000800797537,-9.7943144851990098,-3.8515886967131476,-3.1966869057166605,,0.8234793495133013,0.3793103448275862,False,1
0.32420785255932244,-0.88240943580929621,-0.34094406569640173,0.9410959568262981,0.33745393371821936,0.021523072812558136,0.096060753609721911,-0.32783903094784084,0.93983716749398316,6.3610780172400849,11.564344330514906,-0.16047846187276207,,0.7135858844111544,0.3450292397660819,False,1
-0.88592693479790263,-0.46266516985022416,-0.032778145265656207,0.45926076031063556,-0.86512669496865946,-0.20158213137949949,0.064907782572586503,-0.19364075567934572,0.97892299876008781,-13.826736387621516,9.5691329084147938,-1.8037275962694397,,0.1195928265498086,0.4166666666666667,False,1
-0.99983025468225495,0.0050785180953129509,0.017710744647623216,-0.0085010277798160533,-0.97998222993961692,-0.19890339748044455,0.016346080530345249,-0.1990201940922893,0.97985905516801952,5.415357778393604,12.647915285583975,-0.14706065274264607,,0.07690879604095588,0.4090909090909091,False,1
