axis_00,axis_01,axis_02,axis_10,axis_11,axis_12,axis_20,axis_21,axis_22,location_x,location_y,location_z,dbh,dbh_approximation,score,reconstructed,number_clusters
-0.13192294272743355,-0.98035934271530289,-0.14660114710653599,0.97886990895052461,-0.10553118252002386,-0.17514813977634949,0.15623712277600538,-0.16660950953274936,0.97356624469007291,7.3265475683379577,16.173108895364916,-0.89821520101224461,,0.1878502777262975,0.4222222222222222,False,6
0.13550533701724021,-0.99067250799597706,0.014362643935027959,0.97657619395263462,0.13110361697774336,-0.17061881203530516,0.16714437186106434,0.037145975775491683,0.98523242711497094,-2.692385400581657,12.244723332276839,-1.0737079633545907,0.3605699201494692,0.3141361645745913,1.0,True,5
0.79015025518109117,-0.61252162473113192,0.021905101551725373,0.60750818858916467,0.77794607404588578,-0.16041728919822115,0.081218070860917077,0.1400612905599837,0.98680619163658634,-17.251097423177104,10.446958610898665,-0.0014284848488290225,0.3057274229173632,0.2729342478839933,0.9365079365079365,True,5
-0.15682232098046486,-0.98695567112665861,-0.036404160108807058,0.9706957133480375,-0.14723318408182556,-0.18992688486065559,0.18208951570599965,-0.065122137066092156,0.98112308888023858,8.2806885270991515,3.4668834254239025,-2.267318034154727,,0.2251809666957252,0.6111111111111112,False,6
0.99938288902873207,-0.00095915378206382778,0.035112976812101487,0.0059496505258270146,0.98980558514252404,-0.14230075642555756,-0.034618532250881892,0.1424218510085011,0.98920047188631444,-2.8444208717258905,-0.47976755437280427,-2.3902779388180244,,0.2883229627850811,0.8562691131498471,False,5
0.9668180230924599,-0.25388683427964093,0.028361692527939266,0.25520020170414881,0.95477779330995749,-0.15255235970751047,0.011651921461667492,0.15472828048430626,0.98788834993870689,2.9741264766076365,-9.0787083380226168,-3.5837052416107005,0.2975057291306347,0.2696031913222892,1.0,True,5
-0.27214726918112808,0.93680077332793354,0.21986399198013534,-0.94886481089087282,-0.22327530949267682,-0.22316744122738502,-0.15997323066777022,-0.26935561487211607,0.94966105438023607,-2.1699292019099152,-12.209475333260984,-3.7776275652942806,,0.3204692001662087,0.2169811320754717,False,4
0.71407378179749981,-0.69999012181348319,0.010604881562884104,0.6930219452114933,0.70465900101179724,-0.1522375635260069,0.099091965389207046,0.11605826836810021,0.98828703357815206,-3.1049033380144069,-7.2973931521687598,-3.0977484842806895,0.360205612983738,0.307976832845388,0.841897233201581,True,5
0.94503651021686008,0.32424059304619657,0.042119261368032831,-0.31433008426599474,0.93641252952461174,-0.15597491040116096,-0.090014401528147714,0.1341626340318654,0.98686260195994902,10.038606406937342,-7.7202046206786985,-3.7088438669548118,,0.2857188425788278,0.9361702127659575,True,5
0.83499269244817798,0.54710127024594291,0.05888466399172939,-0.53510788256671515,0.83227631540640024,-0.1448298616602024,-0.12824491246482134,0.089422228270282678,0.98770284373290551,-13.316876090216006,-3.4973656795657129,-1.9820494082147806,0.2259869751110308,0.2436159684750059,0.9368421052631579,True,5
0.89695700906806264,-0.42259206842149083,-0.12993870705421975,0.44142122366074288,0.87248419315663606,0.20956773605129991,0.024807804931689464,-0.24533095279450759,0.96912192030487654,5.0111592153891893,-10.962937971984857,-3.9453411643953733,,0.3678932042647813,0.2857142857142857,False,4
0.236675187321743,-0.9494739709475587,-0.20611655488895736,0.95269437746824104,0.26842437505541533,-0.1425544738565252,0.1906784698035385,-0.16262697614228824,0.96808790292214553,5.9016399712672776,0.68648529250629498,-2.4263204970586361,,0.2830730539505818,0.25,False,4
0.93221020781507413,0.35947093530531726,0.042009226559153436,-0.34849649015272649,0.92289028646480231,-0.16377947215737138,-0.09764386717356327,0.1380368277657705,0.98560210500168699,2.7100861588951535,0.28141852479308133,-2.4694142710265354,,0.2952862726550721,0.9646680942184154,False,5
0.39860583095937774,0.91538782348713077,0.056378401331343211,-0.90172149166755489,0.40238933307301172,-0.15805434538125504,-0.16736709052267204,0.012163767531104777,0.98581960812788949,0.31814681575259879,-15.386745244962517,-4.3378960221904368,,0.2168536294706914,0.96875,True,5
-0.34195437175481946,-0.93961719140943445,-0.013665330058701498,0.91109949464335793,-0.3279444258385506,-0.24970014902286591,0.23014108389938731,-0.097836532896816514,0.96822677835946347,-0.14637201057403532,-25.243961335879902,-5.7436068111805767,,0.3275666040744005,0.9078947368421053,False,3
-0.091931871620885786,-0.98139399853177722,-0.16856556773579548,0.98133298017672876,-0.060575001563552687,-0.1825273984996108,0.16892043392597919,-0.18219903630751086,0.96864307057392052,4.0067956871685109,5.4730829954974958,-1.9081900154564029,,0.2655272747595035,0.3023255813953488,False,3
0.45980840371112336,-0.88343140948073562,-0.090139761590040002,0.87622652883544672,0.46784625687248266,-0.1155290011009838,0.14423349833382179,-0.025861644829511483,0.98920567794827152,-12.333284143640098,-2.1496435077749174,-1.8238189266834983,0.4015348359972501,0.1704685384543147,0.2777777777777778,True,7
-0.71585518735432818,-0.69010523697297543,-0.10633020568197711,0.66900549837145229,-0.63426653948462652,-0.3874759347868717,0.19995748019682327,-0.34851215013636005,0.91572719044520401,9.2800019538006158,-5.5962438596726543,-3.3838144513462312,,0.3641522596490624,0.1637931034482759,False,3
-0.8489822003282318,-0.52734457597409889,-0.033718269773700411,0.51489257033421942,-0.81121395250469408,-0.27715981721081634,0.11880599538935359,-0.25266503804921259,0.96023201050950979,1.8941608599404223,-2.4348024644017006,-2.8013540600089186,,0.1193954674425917,0.2078313253012048,False,4
0.99939933663222058,-0.0034761526229492201,0.034480172592681171,0.0063819490818282582,0.99640082801769003,-0.084526094500929072,-0.034062246916433302,0.08469537347815996,0.99582451116971449,3.2168743541441978,11.007052015438733,-1.2659820912376873,0.2610312093538788,0.1526764411268881,0.2333333333333333,True,5
0.89027128867864458,-0.45502795028002208,-0.019146723438405986,0.44913337153276472,0.88415228889572905,-0.12866213357493692,0.07547348627217812,0.10594477101020633,0.99150363507428363,0.93139216998301588,7.0955799802187229,-1.7739469732230302,,0.2444384666719229,0.968299711815562,False,7
0.77943084016246744,-0.62648722477129348,-0.0011500443431690203,0.62037075435088473,0.77207447071149082,-0.13798963302249909,0.087336662117021763,0.10683992172372836,0.99043300559721015,-6.1856485705778681,21.235389253628096,-0.057767526920662574,0.2505385033247997,0.2156418248790833,0.2727272727272727,True,5
0.92681220659672481,-0.36324536207862207,-0.095246735543433228,0.3739079658799585,0.91615793464660911,0.14438653619908989,0.034813312896386964,-0.1694327173612879,0.98492669145106837,-2.0736429114035353,-12.574758780645171,-3.8203743411575455,,0.323531183722903,0.1290322580645161,False,1
0.98517060662651601,-0.16827225385481956,0.033516032309355175,0.17116165598068186,0.97744310208753638,-0.12372820900443443,-0.011939989995525868,0.12763005431368227,0.99174997145187449,10.651480928267922,10.229524810248375,-1.5608440510129049,0.1402454372613786,0.2695334772823541,0.803921568627451,True,5
0.28172573887846214,-0.95731312899045728,-0.064669785185086537,0.94389400251431088,0.2886195300646327,-0.16050818945706591,0.17232156008723723,-0.015822134109255953,0.98491367134451446,4.8234636378640943,-7.9798150605317968,-3.6480666003647735,0.1326200020974246,0.1201420293291132,0.1149425287356322,True,5
0.046862020308146506,0.95294379249509931,0.29950305407073186,-0.98058560026792085,0.10104004305771609,-0.1680559140467732,-0.19040964156218676,-0.2858129424010602,0.93917790133510271,7.0824291696264652,-11.006422511985809,-4.1166013375540071,,0.4986391769331203,0.1867469879518072,False,4
-0.94450858719545627,-0.32040834904879378,-0.072401785709139591,0.3155826417537399,-0.82391880064083856,-0.470707346633017,0.091165371374093834,-0.46743587775265072,0.87931369558982497,3.281934155270108,-12.288315046184266,-4.0604433038190066,,0.2845587697481085,0.1923076923076923,False,1
0.062132291659720278,0.9842909429012443,0.16526015265541408,-0.98059113209067261,0.091052329371867968,-0.17363900765982773,-0.18595862442555414,-0.15126405071442517,0.97084425989095668,10.420694670306691,-2.0344356818065181,-2.9140291277210522,,0.1865040988125314,0.1,False,4
0.97383120335491835,0.22270477283834872,0.045336205480081687,-0.21437875071870535,0.9663555537897629,-0.14212211263546931,-0.075462166763219193,0.12868382887799579,0.98881036279597101,-9.9154427067653881,-15.978216535580415,-3.8587224295422606,0.2749138815512544,0.2481993447307887,0.9692307692307692,True,5
-0.4594757244772899,-0.86414493830584715,-0.20526954040103818,0.87202539803355628,-0.39500895366742445,-0.28903223298965164,0.16868243477163655,-0.31180354732258947,0.93505335894619523,-4.9018140439245137,-6.7037824436887377,-2.9382758402725608,,0.66921681027861,0.23046875,False,2
-0.41703838601026777,0.89790160525746732,0.14089603213013138,-0.89674136138992311,-0.38123039431992406,-0.22476280212531469,-0.14810103094340382,-0.22008201590029866,0.96417321623801744,2.8805335598059627,-26.371958471780328,-6.1191346859653253,,0.1101921460467164,0.2941176470588235,False,1
0.59774454573138003,-0.79652902128206549,-0.090790838215219424,0.7843611474410237,0.60448118497275227,-0.13921238234776115,0.16576805613081208,0.012000636207023801,0.98609174841757985,9.3957219045930724,3.3938557988246014,-2.3505402798903061,0.2614527824757734,0.1854514301781898,0.2777777777777778,True,5
0.93395876768388975,0.30984697713897974,0.17808950284681482,-0.32053894077968653,0.94662360381407473,0.034037334588502194,-0.15803736175419342,-0.08887408767402083,0.98342543633459256,-7.2916757711386344,-10.724583413034877,-3.3199843379520644,,0.5182229896740376,0.6118721461187214,False,3
0.94724126258342456,-0.31954762423033833,-0.024966103182286932,0.31910153938239,0.94750349594146344,-0.020281339760882366,0.030136323982050385,0.011244599924134175,0.99948254659568603,7.6621636217359681,-8.9061337315254345,-3.8423303418811008,,0.2530520935862274,0.3125,False,5
0.51499418764952998,-0.85701601765101199,-0.017450850317408569,0.85066192570250698,0.51347246879800867,-0.11278436038112824,0.10561853458225541,0.04323851611789796,0.99346623288193292,-4.5992676936788497,-4.9912907424180855,-2.7510068716246687,,0.149557899266162,0.2185430463576159,False,6
0.98744250024838742,0.15233934765620005,0.041833382111617398,-0.14541093710017339,0.97994602048160129,-0.13624043567869981,-0.061749235419255311,0.12844656514658506,0.98979215587272729,4.3018688047579525,2.1077488784147782,-2.3480781282957643,,0.07675906355254251,0.29,False,5
0.6852776387605598,-0.72817934475124702,0.012222916689369773,0.7202861819199855,0.67517844759424039,-0.15912850165624121,0.10762143815188707,0.11785120186860709,0.98718221229327452,-18.26914125456705,1.6660066017642607,-1.004278380909742,0.2432167138134453,0.254241506697975,0.9876543209876543,True,5
0.85932268551309554,-0.50385307970336901,-0.087730246984671495,0.50888977989049855,0.85946255996785714,0.048531432458737284,0.050948150953307313,-0.086349186950008164,0.99496135795693674,10.630951708740753,-0.82709293881381618,-2.8082090673767568,,0.2825952185066773,0.1428571428571428,False,5
0.90133130787869509,-0.42589108422121547,-0.078858467006140437,0.43304412818609928,0.88972230428364896,0.14445415986995777,0.0086403982096982419,-0.16435025293887345,0.98636420143763648,5.6835755721916206,9.3588578050820708,-1.4838421879830888,,0.4002652811432645,0.3551401869158878,False,6
-0.16693038543018957,-0.95730669546268499,-0.23600452801258465,0.96900068641997572,-0.11507247577535001,-0.21862295176066865,0.18213159016970257,-0.26518336324371111,0.94683993775136588,9.1060680047760432,-4.2881789831224033,-3.1727619753414791,,0.2137970550782972,0.2894736842105263,False,1
0.79476632733607955,-0.60650601582991781,0.02229209938162903,0.60174015602940822,0.78267084774429463,-0.15917012506413358,0.079090262070777684,0.13991710707897034,0.98699945977301806,-4.0853049910509371,-17.590707221690284,-4.4483895575605796,0.4009398863896705,0.3876832046939452,0.9923664122137404,True,5
0.74681842065387571,-0.64292247022118598,-0.1700380659050843,0.66046408353501596,0.74694293720481031,0.076573121394552995,0.077778152024235853,-0.16949025294848544,0.98245794476056647,-6.3426993891827346,6.9937778382794979,-1.4396541873510635,,0.286594034106103,0.2903225806451613,False,5
0.96673109548014513,0.2520198726215323,0.043783248344363604,-0.24296524647872028,0.95822026114153958,-0.15093647717292638,-0.079992987413224748,0.13527717819966975,0.98757339323365811,7.2608842597350272,4.8175436997759222,-2.1288314746507995,0.4457646882857977,0.3826103361850099,0.9795081967213115,True,5
0.67049712708679621,-0.73995748558718366,-0.053819346817340047,0.73246707037454428,0.6717554926128102,-0.1106189358177565,0.11800675143941911,0.034748779374435823,0.99240461957142345,7.9235799404449674,7.158167669174782,-1.8831331226611843,,0.1271448782099864,0.28125,False,5
0.077524391070714821,-0.92979572931807231,-0.35981921923514498,0.97819422496667863,0.14068595649209267,-0.15278586285302762,0.19268115380325612,-0.34012845130594332,0.92042740592686989,2.9118935870975893,4.6474515792542483,-2.0743536170154364,,0.594553224759143,0.294478527607362,False,3
0.99917188161971326,0.018705693295371983,0.036133751796084995,-0.013158345579735539,0.9888890077576713,-0.14807224006427699,-0.038502063868393513,0.14747415832744423,0.98831622657097284,-11.348833831179599,-1.1540474834968215,-1.8085007671862816,0.2797511560696266,0.2553086978619444,0.9379310344827586,True,5
0.90775541761831435,-0.41872004205473889,0.025566152746898337,0.41719074668955303,0.89469510239843786,-0.15960123627610981,0.043954324715700696,0.15554484924267697,0.98685045331745191,-6.2245451960965683,-2.8736715850050523,-2.3886687283802992,0.2961483511320192,0.2765588373995951,0.961352657004831,True,5
-0.58182071369946509,-0.75765926978601261,-0.29569762937428395,0.79628436379371359,-0.45663751946604847,-0.39675356053038197,0.16557738096698574,-0.46629883843220182,0.86899339709165424,9.9056940826519622,-2.4761494401090016,-2.9181904533296397,,0.5111507952348435,0.2797202797202797,False,1
0.96939490674606843,0.21799640617826241,0.11292068751182904,-0.23309902879481134,0.96163816339328934,0.14462671081269041,-0.077060739353433494,-0.16652209943110827,0.9830218882870102,8.5745432597966218,12.837926975525317,-1.2526046491250438,,0.3493147056803051,0.2765957446808511,False,1
0.96350404412476975,-0.26641761032448114,0.026107735715823248,0.26732093406807439,0.95242960403385923,-0.14634673747261687,0.0141235676861966,0.14798481769728855,0.98888877967490085,-23.792663826669322,-8.3729006351306339,-2.1184065698732826,,0.2725234584345975,1.0,True,1
0.11187511527334484,0.94312166691569121,0.31305826929941227,-0.97698544650085772,0.16196626349562213,-0.13880333862982569,-0.18161331423685642,-0.2903247335027353,0.93953613725522578,-10.11934949695922,16.715402039676441,-0.24247177640619202,,0.3394011284077741,0.2608695652173913,False,1
0.90112340086147313,-0.43339270359601645,0.012140053113056588,0.43002167347030346,0.88984186990952951,-0.15252149652331348,0.055298976171825991,0.1426611756072646,0.98822558771198632,-4.45923257779652,-11.398571381419499,-3.5683608063892729,0.3586629413600485,0.2607519175612057,0.9782608695652174,True,5
0.90214194560951133,-0.43097391637182503,0.020034804192130506,0.42900219845440302,0.89114926672384087,-0.14768242325628972,0.045793271265271822,0.14182548369278397,0.9888318909107523,-10.325610475390819,-10.924299632586935,-3.1278314749771416,0.2536915449359167,0.3068204882671826,0.7910447761194029,True,5
-0.33135678684503556,0.94046686509289323,0.075662113862096717,-0.93188354649067684,-0.31367312701820604,-0.18221477757465276,-0.14763378878730096,-0.13088638221361182,0.98034331708812117,-11.786115844375505,13.090456610487193,-0.43429864232461618,,0.1970622812461422,0.5925925925925926,False,3
0.80716504641960607,0.58807483371882685,0.051503182280422825,-0.57495360144081009,0.80292892927317705,-0.15726884855709045,-0.13383924696694338,0.097329977308150267,0.98621191003177311,13.935222322184586,-3.7311554382021672,-3.3391571353965754,,0.3032667119102433,0.8153846153846154,False,2
0.97885284465075284,-0.20276285444053085,0.027098586277836741,0.20451777715337682,0.9671333285362167,-0.1510814471161169,0.0044257595247598914,0.15342864691310545,0.98814981807367797,-5.7656756239246505,6.3541774743159154,-1.5348880879088209,0.267490346000658,0.2209025204178738,0.9617224880382775,True,5
0.90617860611042489,-0.41923259286402514,-0.055537076879096189,0.42271970933850495,0.89417493638597967,0.14751010296213535,-0.012181180753026214,-0.15714711648527474,0.98750007727383327,6.0175857209734795,0.13119128404523794,-2.4920095928594019,,0.5016441553632516,0.2936170212765957,False,4
0.40296335183877346,-0.85990017543512853,-0.31335638714009889,0.89283404765710339,0.4446060164397948,-0.071922552024865527,0.20116635011624956,-0.25079309885276252,0.94690808484706412,-6.868954143287497,-10.901228403011189,-3.4024602387688434,,0.390447572463925,0.2873563218390804,False,5
-0.062914859589523725,-0.99801836885627226,0.0010275545220364887,0.98158414858326748,-0.062064863592350951,-0.18066685351033351,0.18037261347802205,-0.010357998490447629,0.98354381304260152,5.7298996779595841,-3.1779267037214312,-2.9738946948068952,0.173805269703341,0.1323474888602746,0.6956521739130435,True,5
0.41911176891353452,-0.88940208844563784,-0.18250821961409378,0.88789760644097959,0.44349389865308059,-0.12227429138568152,0.18969229197452264,-0.11080201679585662,0.97557149786134267,5.4176884670678289,14.381905737829126,-0.96370725410525027,,0.2447016818722214,0.1538461538461539,False,7
-0.55887230106035535,0.82000913088988669,0.1234778375446986,-0.81896878205677615,-0.52240886038277168,-0.23744287020252469,-0.13019940523651752,-0.2338247374654466,0.96352172109676437,-10.480881628047676,8.3873921651570491,-0.95356158105638911,,0.283036261562558,0.4324324324324325,False,5
-0.9888151241057801,-0.14820237205905859,0.016754320509660074,0.13979767230731927,-0.96011389306780259,-0.24215268562550607,0.051973658300406941,-0.23710202288099128,0.97009348497380188,9.159621587133147,13.651370847125504,-1.1654408683164319,,0.1269463930868801,0.303030303030303,False,5
0.93565971794363811,0.3492400402677569,0.05071771378333647,-0.3398199503451943,0.93038761654572932,-0.1374819418169089,-0.095201331739753509,0.11140142392327738,0.98920494801777303,-11.627936760303871,3.0012359569183968,-1.2230535491004715,0.3634166749565236,0.3310502922800691,0.9801324503311258,True,5
0.97253892816402465,-0.23213991482974511,0.016706081180468783,0.23264235990962692,0.97170403492287261,-0.04085095947818089,-0.0067502282368323303,0.043615690496048125,0.99902557823176064,-2.1052281108656667,-6.4312570577455874,-3.0290053805795605,,0.472548629340643,0.4213917525773196,False,5
-0.046363563329060754,-0.99889931070339499,-0.0071124589077843983,0.98291024077918232,-0.044349300150171279,-0.17866336543231381,0.1781512800033799,-0.015274378955386591,0.98388455358374505,-8.5404160574560866,12.104014489661568,-0.69185775361876878,0.3327241486798945,0.3071070116979289,0.98989898989899,True,5
-0.68561799166859305,-0.72790879586488955,0.0087609590144306845,0.71151170617720816,-0.67262048937757257,-0.20330462179270248,0.15388002298259601,-0.13315578159434929,0.97907633836942176,3.4557679004833251,-21.737800411697769,-5.469716719205354,,0.2186908331944085,0.5757575757575758,False,1
0.6014273334078325,-0.79843599342035765,-0.02802011850064233,0.78901930068573212,0.59910951858590855,-0.13607471434898849,0.125434069436266,0.059730638290636476,0.99030224935322186,6.8080167494799895,-6.4305459459195617,-3.469205483987865,,0.2458482171214167,0.1525423728813559,False,3
0.92573895423316976,-0.37767977675978709,0.019114780719564635,0.37648507520240693,0.91569632032892478,-0.14056755346063018,0.035586187841880584,0.13732528959644161,0.98988655313229623,-12.581376524491352,8.2482311691898076,-0.72618645013073657,0.3094302338392688,0.2836052763608788,0.9782608695652174,True,5
0.58574734677369367,-0.80914026223192592,-0.04681967303206945,0.80232933232560366,0.58705732508883379,-0.10784868821406991,0.11475054787464213,0.025607285970891409,0.99306423692915058,3.467762077316999,-11.513337855538611,-3.9196460089802869,,0.1558557087001268,0.2,False,5
-0.96875048452616197,0.21833646094369291,0.11769319671463059,-0.2470308248500851,-0.89199093552613751,-0.3785867701242237,0.022321969093518659,-0.3958299644566951,0.91805248702565967,4.0024520129158976,-12.549063225861882,-4.0777465770523005,0.5204568000872201,0.3989809632950607,0.3333333333333333,True,3
-0.89194089078191019,-0.44664854172221002,-0.070331554288209586,0.43366633656415959,-0.80104020309526036,-0.41263555537074714,0.12796466653804575,-0.39854695231870368,0.90817694912130409,6.529779743197837,-3.2327162746153455,-2.96070398353468,,0.3348653239618278,0.2394736842105263,False,3
0.92065619489301342,-0.39032577465651735,0.0061612047448124157,0.38836608706404591,0.91420684825776033,-0.11574809293105076,0.039546848467101221,0.10895700178236732,0.99325949204571817,8.0186298585196454,-5.3637697370703856,-3.3292189065799045,,0.09514209426277123,0.217948717948718,False,5
0.43542942012044505,-0.90011176109337598,-0.01414346615775193,0.88831916463792227,0.43216519100779488,-0.15531358413925406,0.14591189749488523,0.055064191836244405,0.98776396621200169,-2.7762760746800588,0.64077286317652304,-2.2915560414474192,,0.07137627709431311,0.1979166666666667,False,1
0.50660525977765247,-0.86217468258256691,0.0024346415069377743,0.85107575694574966,0.49962794401396826,-0.16137525677623207,0.13791724585720574,0.083825618244217012,0.98689011496779033,9.9631618857430677,3.2821741060786738,-2.4013564694170686,,0.1165813754945829,0.3428571428571429,True,5
0.99910052695838469,0.029207983346257186,0.030741352285212898,-0.024225016722599503,0.98815326626067712,-0.15154626667505167,-0.034803528503135589,0.15066524512043539,0.98797201292168757,-8.1651089379382888,16.493949066628218,-0.38581218710051207,0.5354315406328082,0.3230812780738292,1.0,True,5
0.95264233596642811,-0.30217615275032633,-0.034090356898071751,0.30186166727536912,0.95324678098608406,-0.014145966541836946,0.036771096722300771,0.0031854746396541241,0.9993186374711317,-5.706305910257977,-5.6000581578534456,-2.7853383269171474,,0.1186716064144366,0.25,False,3
0.78030621792465382,-0.62536433795290114,-0.0064537651686238078,0.62010194654523765,0.77499769593496082,-0.12186938576323675,0.081214420880342045,0.091093447142102477,0.99252516427989834,10.476945824767528,-17.592871390691549,-5.1193068916539852,,0.2920618986242988,0.9431818181818182,True,3
-0.91464176007510634,0.38677363808531084,0.11762909337815289,-0.40180319294801792,-0.83767329846879912,-0.36994275120507703,-0.044549353120904855,-0.38562883439216095,0.92157786281022058,9.5476759700382825,-2.7587821950426044,-2.9619597698405853,,0.3288472114856169,0.3157894736842105,False,5
-0.99701992275341766,0.067131176658469557,0.038008929914161521,-0.075188492309877841,-0.95585363833198655,-0.28406075531771813,0.017261641200584744,-0.28607206645870614,0.95805261261326835,2.0302743967638719,-1.1931150871561167,-2.6181099407336688,,0.2955021483822268,0.1811224489795918,False,5
-0.90696096759971145,0.39853285105228803,0.13635750761410553,-0.41967219580979764,-0.82730093619371214,-0.37342791678875747,-0.036014598634149297,-0.39590999937503868,0.91758281428984867,8.9507398550107293,12.731490302026279,-1.2535944974994699,,0.3289116934159959,0.2711864406779661,False,6
-0.56981811596112464,0.81462644816491536,0.10812522681006241,-0.81169387389797476,-0.5373954014252903,-0.22882140984498833,-0.12829797270031726,-0.21815116886499653,0.96744493265706011,-11.971504902410967,10.385279252274696,-0.67625468936469257,,0.262693464042385,0.4166666666666667,False,5
-0.9905685533865124,0.13264375919442331,0.034344929589757156,-0.13634102517184374,-0.92931982903552968,-0.34318476104930118,-0.013603892709228774,-0.34463065520662428,0.93863978479234,3.9613670705478503,2.9612683033415403,-2.2728944710068277,,0.2140748478327882,0.2666666666666667,False,4
0.99667081393582413,0.072663020903362879,0.03697802106251892,-0.066732000454954268,0.98760758781347691,-0.142049613193865,-0.04684152819649065,0.13910908628283103,0.98916860713923493,10.135599354978208,7.8334566058181077,-1.8360792782277879,0.3262978021464402,0.2263763065455819,0.7575757575757576,True,5
0.90803315282352015,0.35900413541195203,0.21585139362648009,-0.40402467380863527,0.88666095680100421,0.22493645911357371,-0.11063388417299068,-0.29145905105493525,0.95016407279530046,-6.1930606088824591,-7.3493634415360933,-2.8977639180705181,,0.5692270950679892,0.2611940298507462,False,2
-0.075073310475444036,0.96769137412825657,0.24070189548905749,-0.99193169305824735,-0.047741974755294597,-0.11744028334887882,-0.10215436535389814,-0.24757646956896451,0.96346789119041798,9.5565990466997874,-11.508629970172594,-4.2491748145666204,,0.5410243428393317,0.1733333333333333,False,3
-0.89061881132478093,0.45186381716626944,0.051158808140564629,-0.45021330318944663,-0.86028303145224139,-0.23920929627961751,-0.064078971165916515,-0.23607667511058894,0.96961935259309251,14.004910868501295,1.0854385485476901,-2.7178832480626931,,0.2356184336087166,0.9934640522875817,True,4
0.89589075548815467,-0.44363196990403958,-0.023883666174326072,0.44186474261748709,0.89533461430722194,-0.055959607351392035,0.046209343886787282,0.039580344899978553,0.99814733022492907,4.4664289594243325,-0.78055540876270357,-2.6520956695944795,0.4337543513911381,0.4564808782196216,0.1912280701754386,True,7
-0.99730248465836413,-0.072719813447584589,-0.0099791195203463232,0.072273682887584331,-0.94912489428105884,-0.30649380061892562,0.012816741244082689,-0.3063882566093506,0.95182034405436244,12.86811624166157,15.49239416835826,-0.99360783498345673,,0.1513734595857558,0.15,False,2
0.099345070721476553,0.98341631778597582,0.1517329985059872,-0.97837528104529681,0.12433908391051501,-0.16529247306465844,-0.18141765725221393,-0.13203082263080468,0.97450269138291878,-30.690481374428835,6.8517232271633475,0.20120656950583221,,0.2158804022992027,0.35,False,1
0.98845221020947904,0.14610094256338751,0.040208739275012943,-0.13998217737503413,0.98198572407718376,-0.12692134464287064,-0.0580277360349402,0.11982717676178307,0.99109748741481574,-21.153298638460349,7.9591577938336355,-0.01660179244159669,0.2420065197091002,0.2964417405091669,0.8775510204081632,True,4
0.40085708880829923,0.90648582610255291,0.13265384060519483,-0.89873603483875775,0.41718747032804071,-0.13501168202640246,-0.17772769630657889,-0.065100396899429938,0.98192403183194077,-20.062521745489612,-8.2903143224202491,-2.2342478819322555,,0.1501280882875407,0.3478260869565217,False,1
0.9883891310869708,0.15011394821125296,0.023510170173203261,-0.14555831587536922,0.97983321071275131,-0.13689286272069834,-0.043585573630157949,0.13188131686016416,0.99030682923756497,-16.854604413383754,5.5339898558578637,-0.64538408957851146,0.2592758032546724,0.220493329763358,0.4666666666666667,True,4
0.77046707651150403,-0.63706526704068234,0.022985420209361944,0.63165872739129081,0.75807367600544651,-0.16227000295188579,0.085951940770594509,0.13954263605785214,0.98647864477635538,13.723764459744487,14.999588305510272,-1.0430982240711537,0.337807851940557,0.3128783021903043,0.9666666666666667,True,4
-0.7862722610027123,-0.60511266483428305,-0.12495837080738617,0.60141737759278324,-0.70313576556809032,-0.37933788778395949,0.14167946042776711,-0.37341499439113157,0.91678142021791043,-6.7013400015578313,-12.558583037421389,-3.6430613391239457,,0.3671410733423302,0.1702127659574468,False,4
0.6527714974763591,-0.70337075800537097,-0.28135200170857366,0.74904701748819624,0.65478016182521481,0.10095298545453402,0.1132163313065271,-0.27664510923400626,0.95427959522479322,-9.1105341278744234,5.1465716098877365,-1.2700252778018264,,0.1563181946249733,0.1805555555555556,False,3
0.51077062788411443,-0.85956176170522736,-0.01633840583023892,0.84783551280247904,0.50676930361523231,-0.15607631512913864,0.14243703493763585,0.065866916790893376,0.98760986242070148,2.8480302084608202,13.485550764582195,-1.0772794836604322,,0.2230330904231551,0.6060606060606061,False,4
-0.93002303236855721,0.35937067949604518,0.076875704761291838,-0.36504870468710449,-0.87925139874911296,-0.30603336583450585,-0.042386347687218433,-0.3126814553443808,0.94891185313150106,9.8170550393705902,9.9269070116295346,-1.6126679816331311,,0.2762123024007478,0.282051282051282,False,4
-0.061638678247935307,-0.99756475347918483,-0.032637952752274192,0.97951251206247525,-0.054177370719449676,-0.19395889052834228,0.19171831434921821,-0.043924652735559511,0.98046657914747615,-20.142612565551232,-16.26665449303955,-3.4890590526359042,,0.1939040902846162,0.851063829787234,True,2
-0.83439848668342709,0.54825494910512862,0.056530312241672223,-0.54744575680202023,-0.81251241926040574,-0.20031652929068844,-0.06389294781015506,-0.19809108846522344,0.9780989785756824,16.745452202902886,4.8954167322734348,-2.2903020715725737,,0.2985582437143022,0.9411764705882353,True,3
-0.72996666609004091,0.65465246588849824,0.19641490601147621,-0.67842049312628039,-0.659085967712149,-0.32457868332845374,-0.083031927014149867,-0.37018351674682465,0.9252404352519773,1.0525439069614577,-14.048539564424468,-4.2417978215297207,,0.2605124835032747,0.1935483870967742,False,2
0.60275033879500195,-0.79792920222775454,0.0010086201909308787,0.78850393250037509,0.59543588352653454,-0.15400537990738894,0.12228482127375551,0.093622095902379951,0.98806949433979152,-5.1665897340603726,-2.3359726884883512,-2.3560033871286925,,0.07538664200470667,0.2470588235294118,False,2
0.9832388694355596,0.17691389279731307,0.044077206880473029,-0.16973901219840645,0.97648228442227603,-0.13293237358658289,-0.066558195355586644,0.12322265516030084,0.99014452676680176,-24.813968451737853,0.14304047308377438,-0.90089282156431216,0.3266421834151746,0.2351602761054595,0.5652173913043478,True,3
0.95140773075355378,-0.30745420259875184,0.017182641436596716,0.30765037435109305,0.9514448158062927,-0.010198511507172825,-0.01321275989357637,0.014989188760412863,0.99980035366882114,-26.028509356937072,3.4616791755074421,-0.46773239881425049,,0.3454360221752517,0.3461538461538461,False,2
0.95874078867477686,0.278916242931048,0.054971170266748977,-0.27168261812988637,0.95588571366261754,-0.11167388871978556,-0.083693817796523129,0.092131600685852355,0.99222331811830811,9.3752184323302519,-1.9210603830849275,-2.8337124467699231,,0.1664716327445289,0.2580645161290323,False,1
0.80925930765372189,0.58570602142245354,0.045252949575688414,-0.57224237284975243,0.80338022688152144,-0.16467810349612663,-0.13280828171128592,0.1073716327773612,0.98530872968000249,-20.358943946097064,-12.429309837028832,-2.8943306594995031,0.3214063847556279,0.2198995668685351,0.6666666666666666,True,2
-0.54914511822884693,0.83297109759900234,0.067814376721598221,-0.82548776877381902,-0.52796526808762256,-0.19955605552823155,-0.13042079101986481,-0.16556517223703243,0.97753700237478214,16.549782414762472,14.972942064985279,-1.0393144506594478,,0.1542129450532945,0.5789473684210527,False,1
-0.76869668257159884,-0.63905273693769782,-0.026777035232758907,0.6236234421959661,-0.73952016290259703,-0.25338455162888512,0.14212393375879195,-0.21147465113567174,0.96699496347187508,-10.952450131296317,17.259619986554732,-0.080252754546825331,,0.1436591574330119,0.2727272727272727,False,2
-0.09041377406946452,0.95473062236898476,0.28339863826322093,-0.97821621603592079,-0.031742713463676298,-0.20514734905995941,-0.18686461447497682,-0.29577328962043731,0.93680295527086388,10.70151790938611,3.7725637110049459,-2.3239055684634988,,0.2769789999183103,0.2068965517241379,False,2
0.24435121295842735,-0.96958343329655172,-0.014158057868838361,0.9555506677207618,0.24324736529881627,-0.16659423967710141,0.16497092514789563,0.027178762886788985,0.9859238858572158,-23.018122068286072,-15.780267299861851,-3.2398017727237725,0.354124025945404,0.3105067711162233,0.7906976744186046,True,1
-0.320925210199276,-0.93518788763152116,-0.14976856908525041,0.92974457630870644,-0.28094091310319602,-0.23800677757006355,0.18050493700476378,-0.21562888992905246,0.95964688794622288,9.2755569606945478,-10.702135002708305,-4.1313616398116464,,0.229316721939964,0.3461538461538461,False,1
-0.17012039535164414,0.96670611170961362,0.19115005798764592,-0.97128747099271662,-0.131757081953848,-0.19809270568998588,-0.16631205541984201,-0.21936126581118909,0.9613641013080011,3.7095505538899594,8.9203826530349843,-1.4719309460465679,,0.2654359351509742,0.3294117647058823,False,2
-0.85907775991935931,-0.50376917225219509,-0.090565023603341177,0.49730218902333601,-0.77962153544663504,-0.38063209830547562,0.12114427433656806,-0.37203075485256498,0.92028103437987729,10.018673787660735,-3.7529099944417426,-3.1119819192110683,,0.3464132109237827,0.3018867924528302,False,1
-0.78315840235184986,0.56833672987692874,0.25230195857047338,-0.61612428936975239,-0.65443428504197942,-0.43829969953242098,-0.083986766066537613,-0.49870745736793631,0.8626917729359036,-0.51894870223605694,-20.450495918956445,-5.0542240143535233,,0.3686954176637425,0.2363636363636364,False,1
-0.99840815001768557,-0.049881534518770212,0.026324864526054342,0.037114322808131081,-0.93248416659516187,-0.35929904827569503,0.042469907237433699,-0.35775006857215153,0.93285111106535357,-6.2564116849007902,8.379227186989409,-1.2683846683991558,,0.7826706000516631,0.3131313131313131,False,1
0.997164306272875,0.060662502903525518,0.044535458196994511,-0.059214711393019252,0.99769504018472632,-0.033139474127383745,-0.046443129200969338,0.030408346424589609,0.99845799521950096,2.0948054915752348,11.130367077613249,-1.2526014718816052,,0.1461520849174841,0.1290322580645161,False,1
-0.77365103963841175,-0.62963711717788928,-0.070860211249488797,0.61794691841890792,-0.72507627816508302,-0.3039835470199781,0.14002026597239747,-0.27896503636511238,0.95003833270180815,-14.325971619203061,9.8998230663103843,-0.3264952216921404,,0.2133345330004088,0.3157894736842105,False,1
-0.52757908100603257,0.81849645059144405,0.22742883206409434,-0.83892892884533821,-0.45987698623381329,-0.29105224596095935,-0.1336359443834014,-0.34434970292090178,0.92928182833145045,-1.476649395830326,-5.1136920926347127,-2.8336638272396941,,0.5593909107427489,0.2315270935960591,False,1
-0.074053632395689878,0.8709732504594041,0.4857176716089131,-0.98163549328875532,0.022199671372336298,-0.18947013724252726,-0.17580619398856762,-0.49082865806220016,0.85333429005291583,3.8872352192414321,-20.98100452759234,-5.3425684788659753,,0.3242188441024292,0.3214285714285715,False,1
0.30102268479183508,-0.9536070199024218,0.004358306269252178,0.94007642868183416,0.29597788221131283,-0.16927315640264243,0.16013010796699892,0.055052200996211872,0.98555953837804711,-19.379604682740613,13.317502189822193,0.55159306232260596,,0.3035719900846691,0.9333333333333333,False,1
0.32791213489850463,-0.94201612415683933,-0.0712688825142649,0.93146918529255918,0.33498094405297868,-0.14196099454354441,0.15760326340758909,-0.019834035139184844,0.9873033082155539,11.769042641778466,21.537782708483785,-0.27491955170166882,,0.08755874866942309,0.4666666666666667,False,1
0.99934649334068926,0.0023341710070895858,0.036071289045138288,-0.0018788464945430775,0.99991819946656679,-0.012651652516158407,-0.036097869514947749,0.012575612162011598,0.99926913181346366,12.131322464008578,8.7567240106495188,-1.7432254242127203,,0.2760390937620952,0.25,False,1
0.83843595990288733,-0.54478772082430627,-0.015214479313552897,0.54070374064419668,0.83500055297298381,-0.10204676079222448,0.068297920869511822,0.077333147963017254,0.99466324865807354,11.981951193520315,5.0508277438409932,-2.1809757318709964,,0.3631928979312822,0.5510204081632653,False,1
0.10273634204606864,-0.99168670343150112,-0.077477262859215759,0.97930838962520528,0.1144912776636082,-0.1668736808146894,0.17435688123123064,-0.058730141972562905,0.98292952361357133,10.467003749426095,1.5586862013783613,-2.5971506261812913,,0.1862859342026421,0.1842105263157895,False,1
