axis_00,axis_01,axis_02,axis_10,axis_11,axis_12,axis_20,axis_21,axis_22,location_x,location_y,location_z,dbh,dbh_approximation,score,reconstructed,number_clusters
-0.73631341015189966,-0.6765154654918315,0.01301487536824348,0.66789411733695681,-0.72974374560343402,-0.14625838020215454,0.1084435800643257,-0.098999447993618012,0.98916080555175212,12.212091073749455,-16.949062038046321,-3.7539253715938199,,0.1299603983425076,0.4,False,2
-0.26810633637511516,-0.96324095441958235,-0.016907280217862516,0.95508003556957677,-0.26345295990439621,-0.13570063954907546,0.12625814053727025,-0.052530007105123629,0.99060561289627591,-13.688839645981453,0.55946167837052974,-2.1918669375972768,0.2349661539668726,0.2304810013769273,0.9357142857142857,True,5
-0.95820710685748323,0.28338773758340891,0.03912199579736781,-0.28539988359383467,-0.93757088499209396,-0.19876554545435637,-0.019648074013447134,-0.20162397129929557,0.97926591250030914,10.599348044531906,-10.377543605898248,-2.920367926384035,0.2683142361538826,0.1476364432367843,0.3695652173913043,True,4
-0.1527308160256019,-0.98824026874729798,-0.0073803158754108464,0.97923876682526445,-0.15032403417479093,-0.13599309650107477,0.13328441537812344,-0.027997428019075812,0.99068229450294887,6.0968722693480872,11.592605038410383,-0.39836833823566153,0.3197369698161089,0.3018616485023008,0.9230769230769231,True,3
0.91015304754068493,-0.41422271423727086,0.0064010204117685102,0.41289920880040876,0.90577146099469508,-0.095353572662652153,0.033699754070320179,0.089429321016339478,0.99542288657542743,-2.2680938361594714,4.9139033450278813,-1.3528470083974256,0.2677273199389275,0.235280101252441,0.9554140127388535,True,5
-0.93985873000201425,-0.33875215403855086,-0.043732662544620583,0.33264955530647766,-0.87873737533348173,-0.34229358531299559,0.077523164237550957,-0.33625526512794474,0.93857474698626542,-7.2883730118263133,-15.276141177150032,-3.972888386980328,,0.5651099183478641,0.28125,False,3
0.71320284047372651,-0.69074017198484383,-0.11924648064642583,0.69271434234439366,0.7205549455621052,-0.03078003145493656,0.1071846455915397,-0.060651341554340842,0.99238745785961835,1.2635736671783466,6.9957176965853796,-1.0008197075043133,,0.5275501378241066,0.3321428571428571,False,6
-0.66818304773586379,-0.74397382755441366,-0.0058616237041171871,0.73503556732963748,-0.65889524364072427,-0.15993677709654441,0.11512658024457868,-0.11117554507024914,0.98710985644938343,18.840185788111302,-5.7976132948590609,-2.4261372375289705,,0.1697939589895711,0.8823529411764706,True,5
0.70050155509910506,-0.7132704033504278,-0.023300279141111203,0.70922895331271951,0.69941889672714475,-0.088360051402927992,0.079321265034541483,0.045371120829243446,0.99581604642023025,-22.138663943428334,-5.8317631739988354,-3.0738322870902648,0.1566138677074088,0.189744583728267,0.8958333333333334,True,4
0.04976497190773882,-0.99695890473481075,-0.05996990779540036,0.98925970022489185,0.057465114730853667,-0.13439868340101857,0.13743614183314143,-0.052637466304303375,0.98911101705475091,0.076126885132585587,-24.629837546464028,-4.9027944769706302,0.334081480825023,0.259583853164824,0.8857142857142857,True,4
0.99557952892906609,0.077397199417347212,0.053207848102805058,-0.086813944574722454,0.97451612205626748,0.20683729566930559,-0.035843278376242418,-0.2105421605635463,0.9769274579110151,4.4225885896172894,6.149892271467337,-1.0794055688962043,,0.2341337080714047,0.1746031746031746,False,4
-0.46740594496338983,-0.88400833693376213,-0.0078065898114764304,0.87566872553309127,-0.46174783623463045,-0.14139737923981532,0.12139178611476105,-0.072925962209907852,0.98992213749346325,3.7326545931924966,-18.098969362756705,-3.9979371435231448,0.1834172589096134,0.2016263556295316,0.7962962962962963,True,5
0.53732471715543983,-0.83716104936894997,-0.10219357001936448,0.8379331950715958,0.54366708983324719,-0.047896304965545047,0.095656201737949115,-0.059895516123696826,0.99361079815858599,3.5365198502905675,-9.6685668878418287,-2.8885572676030322,,0.5777276301126465,0.2191358024691358,False,5
0.48319361920932302,-0.87549897890436201,-0.0050462156925469518,0.86967880856551927,0.48062979494550417,-0.11248897787206535,0.1009093468785482,0.049965369487901833,0.99364015899342695,-10.989939087850935,3.7162606484792384,-1.7525525126092001,0.2826301990096847,0.2716232390041485,0.7602339181286549,True,5
0.39910775527984393,0.91094877720794465,0.10433276081286683,-0.90851853210701561,0.40824316775601821,-0.089059490222241425,-0.12372177049168945,-0.059243913475412129,0.99054686018507965,2.8924942017308819,-16.266501694450632,-3.7904332476244531,,0.1269339430600881,0.4468085106382979,False,6
-0.98700372937632164,-0.15403969544900162,-0.045775653170783692,0.15995693635056579,-0.9690663884706251,-0.18794710226508149,-0.015408332504659721,-0.192826624101753,0.98111185719414651,8.3539336372561888,-12.544540410312759,-3.2088229638215036,,0.2302264523642738,0.6944444444444444,False,3
0.13537279512772166,-0.99016984831237265,-0.035183488064140366,0.98330190698616404,0.13862323025377798,-0.11790233140773676,0.12162058237272025,-0.018635222753153886,0.99240171423484524,-19.599359242010376,5.0805631674173437,-1.7547610525656039,0.2866395833885378,0.2451273014153353,0.8695652173913043,True,5
0.98728005194522983,0.14916616014621831,0.055023228715304857,-0.153617839390328,0.98417855281618727,0.08828440178016983,-0.040983636393948891,-0.095613978287004714,0.9945744359795603,1.0557348566057358,6.7073610187912012,-1.0338834437021354,,0.6824702944257561,0.1641791044776119,False,1
-0.7660170087642838,-0.64274973252728096,0.0095248947462581463,0.63492079864999185,-0.75883630657819123,-0.14506219100932222,0.10046652042085978,-0.10507255186240289,0.98937669121505334,18.407442170014566,-9.6709031612530953,-2.9025836445390576,,0.1206276166509473,0.7115384615384616,False,2
-0.98634475554888745,-0.16336970657175415,0.020841357342175373,0.15901943770239926,-0.97763656508007057,-0.13762109231964936,0.042858390473956044,-0.13242766173688789,0.99026565767620267,16.886767894346054,-4.9037780505469559,-2.3206163816896281,,0.1711245555355635,0.864406779661017,True,5
-0.20688061156800033,-0.9782698858435056,-0.013727454570485485,0.97002154315746736,-0.20326725689334491,-0.13319394913230997,0.12750928737803999,-0.040871172319735791,0.99099491870824197,16.428503045185028,-11.603375414596387,-3.1253211312907738,0.1421300740222399,0.1883901208962673,0.6607142857142857,True,4
0.57371759564123803,-0.81861625937300342,-0.026749585824622106,0.81404192498136085,0.5735104230074699,-0.091768943954008808,0.090464715907795132,0.030874173542699935,0.99542097656407547,-10.122044435643678,7.3792599323310792,-1.3289304478184656,0.2493941450613023,0.2352831159330727,0.9516129032258065,True,5
0.62824842177112883,-0.77747642753422663,-0.028884687478005197,0.77401541746421487,0.62834826904093266,-0.077965289205906618,0.078765817902073945,0.026624376459928899,0.99653754997407773,-2.7101109973344086,21.300953184533505,0.42347775085244876,0.2981228997747654,0.2407590298922428,0.5625,True,5
-0.99981311493179548,0.0040189254763921215,0.018909877006362909,-0.0065518021993031571,-0.99070707794004165,-0.13585492117492809,0.018188158189376209,-0.1359534256924772,0.99054826078498515,-19.258216491172032,11.790828785933046,-1.1090811760495958,0.2634464333173609,0.2547998849243211,0.8863636363636364,True,2
-0.089779876964449709,-0.99590843917193239,-0.010293419178058042,0.98773729863191706,-0.087708299866892714,-0.12915991261139761,0.12772862867647533,-0.021763155115611353,0.99157035176322339,1.5396285055247421,4.9726336711733454,-1.2557149604833917,,0.2241939558217763,0.960960960960961,False,5
-0.76488980796334305,-0.61303745437880741,-0.19780965902238115,0.63714993073985959,-0.67482614615716163,-0.37235686944229246,0.094781577492629263,-0.41084638490733233,0.9067644129411917,-5.5323339908150961,-14.234588069200958,-3.8360892508015056,,0.4330643243642644,0.4269662921348314,False,5
0.33906302557005885,-0.94076366037090409,-4.1007001225215264e-06,0.93403070251255638,0.33663690365012955,-0.11942462838440639,0.11235173098434115,0.040488645647780527,0.99284326966466907,-3.3331277178787087,-20.088838708696269,-4.4598313484212264,0.1555662369606987,0.2138716714819351,0.9625,True,5
0.16241247451663746,-0.9867011672184347,-0.0065570367668483873,0.97937481049751851,0.16200891101406217,-0.12073977519851582,0.12019637550414324,0.013187849021616103,0.99266253679377403,19.062861282643656,-4.6589607870105993,-2.283339062529103,0.2165477259187391,0.2654169243590316,0.9885057471264368,True,5
0.11635094622673914,-0.99296357175182626,-0.022040927521261574,0.98550796812079533,0.1181784487988146,-0.12168771100619215,0.12343622678356242,-0.0075630293772397869,0.99232368635646062,-18.383485856630603,-0.039564913927638945,-2.323141375442455,0.2797899941113153,0.2962252652865808,0.9876543209876543,True,5
-0.28666457966082209,0.92610868294636117,0.24524707162214709,-0.95307250125629195,-0.2496671146520133,-0.17122832479006411,-0.097345909605681014,-0.28282333572867141,0.95421943736770942,8.7362693911897971,2.6074379736796569,-1.4111662007276282,,0.4132204735342956,0.3009708737864077,False,7
-0.84741814375580526,-0.53092213068212946,0.0020446969002815211,0.52417051644133617,-0.83724171701514682,-0.15579337913773011,0.084426058341539684,-0.13095036632815305,0.98778754913768485,4.0738538294389652,7.320461292718301,-0.94869447521029393,,0.1895816846441453,0.9407407407407408,False,5
-0.36241294538734631,-0.93190006817572157,-0.014802700758730403,0.92483402900847755,-0.35760613603487723,-0.12961431347713936,0.11549405094468547,-0.060663946494512427,0.99145398773321602,-13.841777321323336,7.3546470892427145,-1.4393164613002261,0.2795172017279227,0.2803983608423262,0.9772727272727273,True,5
0.043341861826245061,-0.99837466911036521,-0.037006797918828882,0.9927110569278903,0.047206310045477241,-0.11088878096995403,0.11245550438527604,-0.031930931252636963,0.99314358234990086,8.1347051638730523,-20.477062714458917,-4.226709886177086,,0.168476997683329,0.6341463414634146,True,4
0.10840022390304747,-0.99386492862671638,-0.021952109319623304,0.9864693441814224,0.11027321724467187,-0.12131797290089943,0.12299440819827195,-0.008504187458006341,0.99237092578714525,-4.6424459629586536,-2.114522517020275,-2.2197850579990397,0.2962543179244115,0.2690497357784854,0.8995215311004785,True,5
-0.13352538663217123,-0.99102452150352605,0.0064318662482103113,0.98316925348857676,-0.13327801951172066,-0.1249607478760681,0.12469639176592898,-0.010361819036205967,0.99214083808036901,15.889698990804757,-8.3962260898306873,-2.7173046583263107,0.3072450450489942,0.1256890555975684,0.7346938775510204,True,5
0.11594456393254403,-0.99323613107409714,-0.0062326578159993583,0.98571077164657894,0.11583353169529279,-0.12229827306590017,0.12219301434369359,0.0080362219951111667,0.99247382150948826,3.678547888908076,0.48436590619622122,-1.6732493169733658,,0.2607738442943591,0.9542772861356932,False,5
-0.083104470902851474,-0.99629126598192308,-0.02230157492408762,0.98843078507333759,-0.079558230971099694,-0.12913199062995676,0.12687880057465559,-0.032775008968522312,0.99137660288704144,-5.1408482205713746,-21.839429481086007,-4.7033964703850879,0.3205071286418988,0.2847271588583027,0.9647058823529412,True,4
0.97498897848073018,-0.22185248646883657,0.013340393123749001,0.22205190334016062,0.96979535136816597,-0.10094517664409106,0.0094574871986918933,0.10138269434321368,0.99480254584696182,9.5082105996671942,-13.388643092239109,-3.315617027353551,0.1213505995753925,0.1352013536532412,0.3409090909090909,True,3
-0.98455660569482506,-0.17428925860340955,0.016478607895029192,0.17047667147909462,-0.97589939238508905,-0.1362280456580893,0.039824548510850918,-0.13131500400901439,0.99054044594757429,20.009191136117625,-7.418607129333795,-2.6370229957599784,,0.2669614485258631,0.9324324324324325,True,2
-0.37731224645407058,-0.86522430890928759,-0.33018534787029841,0.91765911997336658,-0.30131880146426704,-0.25905350685494632,0.12464833815775789,-0.40074165637800246,0.90767225177259103,4.7642472107839104,4.7801660543765214,-1.2269701657527781,,0.4180849177560701,0.2700729927007299,False,1
-0.08341045856662864,-0.98953984904527725,-0.11770124278508623,0.98925573580979864,-0.067992317950506503,-0.12942230822825668,0.12006575102466716,-0.12723180361515876,0.98457924189966317,4.6008207911607322,-9.7535092451457821,-2.8915744280387941,,0.1891981864608144,0.3529411764705883,False,2
-0.82986506950491201,0.54515876731575974,0.11885236570791345,-0.55793727467439502,-0.80869077111236509,-0.18634708005921646,-0.0054739331851122938,-0.22095509755705692,0.97526861987815217,-1.8862600280805577,-23.799037336124027,-4.8446829752422866,,0.267833862623959,0.8,False,2
0.26785504613593253,0.96273462176934743,0.037359367046959732,-0.95478092641346324,0.27043552412712324,-0.123523317018033,-0.12902347389745331,-0.002583667300588178,0.99163817385511821,-6.1611358552858304,5.9021679375924911,-1.4088793425777457,0.2657365173038883,0.2363553347445624,0.9264705882352942,True,5
0.96026224823924122,0.27763996458554518,0.028503765917070885,-0.27454283459316103,0.958025080270554,-0.082548031752131393,-0.050225955242983122,0.071442253866573366,0.99617938032384235,3.7203051783693293,-14.059897478861345,-3.436042351009116,0.1107008850711882,0.1039284174327692,0.6666666666666666,True,5
0.59451762473591385,-0.80405595638260585,-0.0065431555094678214,0.79923549237589808,0.59180639673857138,-0.10482278619634731,0.088155666891151702,0.057089471752351295,0.99446939148976055,0.92880588156027044,-16.947871737046029,-3.8980818223530731,,0.2564927762580823,0.9528301886792453,True,4
0.6584356432312034,-0.75259996100226711,-0.0074701018799889843,0.74836598040288416,0.65572279257305166,-0.099879821164380614,0.080067865578777847,0.060174064177059144,0.99497146637583211,-12.842676495542028,15.078375084623653,-0.65403816835158168,0.2710311141671531,0.2264597180784821,0.8793103448275862,True,5
0.19042527239262816,-0.98161483964342333,-0.013058415907381998,0.97457787870148016,0.19062627717753208,-0.11772672082054193,0.1180515733902624,0.0096916996059245586,0.99296016887830518,10.769032630572381,-7.6563504201073895,-2.5931275307034731,0.1508827751835128,0.1314184924568062,0.6732673267326733,True,5
-0.28954190238219502,-0.9564243099201909,-0.037656688099027114,0.94822136961351366,-0.28124860911269206,-0.14756508421862305,0.13054394269046948,-0.078433151574217305,0.98833522640901783,-8.0693022228583384,-17.580041586761062,-4.2834198393482543,0.8090222664119867,0.2324236345842886,0.8,True,5
-0.60518616640145917,-0.79608035340256433,-0.002403106896018129,0.78793876408508312,-0.59856069943919987,-0.14449080641662726,0.11358788689106233,-0.089337338293146856,0.98950322482461817,6.6071783750543576,-22.79572176849631,-4.5479208973770859,0.2255534857276525,0.1408270302206694,0.5925925925925926,True,5
-0.11755464388327055,-0.99203394106843301,-0.045272126852060973,0.98601205527021951,-0.11117404295182622,-0.12417954354700297,0.11815723660984095,-0.059236744863109772,0.99122645015896726,-12.41134099614812,-18.626009449164386,-4.5110581588015322,0.1765550930024996,0.2538398612448662,0.8979591836734694,True,5
0.23429925962692033,-0.97210572253534866,-0.010692107009632641,0.96484799557824286,0.2338686531389626,-0.11989077740850565,0.11904705946358048,0.017774062366156633,0.99272951015877409,-11.696690543282147,-3.3670118563662541,-2.6585227561935834,0.2833608215449488,0.2446320025457428,0.8394160583941606,True,5
-0.51365368644935172,-0.85781012874121998,-0.017935256506789767,0.84984149419761201,-0.50578431967889015,-0.14816091490988464,0.11802256198271194,-0.091345525319718512,0.98880062189862283,9.0830928123072674,-18.786462943848008,-3.9929123367146975,0.2088231473087726,0.2195598939420896,0.9166666666666666,True,4
-0.14788963402990582,-0.98900246347630694,0.0016683477750325058,0.98086117106376269,-0.14688783503166997,-0.12780972975143426,0.12664919757316384,-0.017265316606040759,0.99179730267659449,-3.587735941709822,2.4479004085258853,-1.7145572407655942,0.2955286654880417,0.2464105566459321,0.9655172413793104,True,5
0.84685207974070087,-0.53139426274504309,-0.021487032380064802,0.52927678423399294,0.84605375597988841,-0.063711283641492325,0.052034995049226457,0.042581445653895086,0.99773702937008968,13.281544585073068,-8.1072287515015411,-2.665084960461968,0.2080455803726982,0.2168228399235622,0.9824561403508771,True,6
-0.50105616253808527,-0.86517192948464328,-0.020500107668719611,0.85693202667205104,-0.49269708372677273,-0.15138390056695783,0.12087275808196318,-0.093419035099678055,0.98826244501888583,5.4363085012403083,-22.915159449892474,-4.5746108506299521,0.1824912286131698,0.2003291416094596,0.711864406779661,True,5
0.048108564595363286,-0.99880773640341636,-0.0082868397630490032,0.99109038404687089,0.048765170524940143,-0.12394276418371682,0.12419910089207849,-0.0022502987264349057,0.99225476541725011,5.7166757470584049,-11.235047948796131,-3.0394437993759538,0.1930815009024803,0.1731622588419137,0.8666666666666667,True,5
-0.80580334646706753,-0.59211117195074547,0.0092372546565748954,0.5849026696567563,-0.79823809278671531,-0.14389167541114925,0.092573397101301386,-0.11054549866612713,0.98955033165260609,9.351464630224509,-9.1661585035525821,-2.7513604084316863,0.2302887472255089,0.2232062233226365,0.9506726457399103,True,5
-0.53850766866855049,0.79677078918448407,0.27416382016505647,-0.83831472769548687,-0.47375226380451291,-0.26979104853375246,-0.085075896198658574,-0.37512011681917845,0.92306391427872514,5.0071269760294408,5.1331905686640891,-1.170048434723979,,0.3903713941804926,0.2631578947368421,False,2
0.4299654691983732,-0.90265414888248818,-0.01857909584054266,0.89609691084206577,0.42917262666471867,-0.11323066237115725,0.11018176653297866,0.032036604485108304,0.99339500416336657,-15.771390222147463,-4.2160633244901922,-2.7707286948506384,0.2572546741729983,0.2314685474651547,0.84375,True,5
0.71467625002867252,-0.69944767527949026,-0.0032874292497850933,0.69574662622854277,0.71136227647416916,-0.099500470858630674,0.071933926186158709,0.068823405579830327,0.99503208446152114,8.0138954900835841,-22.814678871078552,-4.5510275518925436,,0.2016471762873514,0.975,True,2
0.54323004371887096,-0.83957373599290497,-0.0041305486452326177,0.8343030250612028,0.54035759445714238,-0.10932580887520403,0.09401905112752737,0.055942934704997969,0.99399738736159304,8.5993873318809815,-10.075366965512456,-2.8975482805942372,0.2451915781619018,0.2294802088011901,0.9794871794871794,True,5
-0.98784163414120274,-0.15413134795821085,0.020308457199491231,0.14996200154983375,-0.97916278594588035,-0.13693661566531526,0.040991510687046977,-0.13222619330256599,0.99037161200041812,16.06119722484048,-5.8931553679738267,-2.3955204783192681,0.2373273715674146,0.2140284924788669,0.8974358974358975,True,5
0.85777864990921893,-0.51394219296494781,0.0089000028256661819,0.51203696830770573,0.85282344750360262,-0.10251980527840732,0.045099122454547683,0.092496430625452403,0.99469114778175216,-4.8206670352003309,15.894576807995643,-0.22224358060408603,0.3625517709792493,0.3284277418942149,1.0,True,5
-0.32744760690315644,-0.94486897609926779,0.00082627992810510587,0.93623578618030312,-0.32457344347147526,-0.13459061062504074,0.12743868097539376,-0.043297780522709592,0.99090094600472645,-5.9523062122858024,-18.50061319740561,-4.3053556877086301,,0.2558068067676391,0.9042553191489362,True,5
0.87851435369096964,0.46853064243794351,0.093228576389560031,-0.47557817014394693,0.8762087636702216,0.077997477844065022,-0.045143487254212182,-0.11285937960217675,0.9925849213011142,5.1905395715959965,-10.67969531311965,-3.0001338477979784,,0.455795838342818,0.6081504702194357,False,5
0.9949017032314027,-0.1001716242457965,0.011672472026602767,0.098680667140945533,0.99083799540212281,0.092207335934401446,-0.020802087392153244,-0.09058538824479706,0.99567141196112852,2.3750125262836108,5.7528462843685793,-1.1755443529152878,,0.5210482305416707,0.4194915254237288,False,6
-0.39736858272819664,-0.91671831296279471,-0.041542076732286187,0.90881206768878908,-0.38686324568762204,-0.15619684618860119,0.12711740669086719,-0.099821660047733934,0.98685196514041684,-23.155363519734244,4.9051316514943117,-1.9191787278273162,0.2490510279449883,0.258093806775774,0.3928571428571428,True,5
-0.99671764403684326,0.077475916252859184,0.023482343716575715,-0.080199792440523221,-0.98451575752140319,-0.1558740404446925,0.011042253309014727,-0.15724568545062401,0.98749777875650013,-4.3633663871543042,-16.44907056210204,-4.0897557162910614,0.2065452127095447,0.2278543751013044,0.9411764705882353,True,5
-0.073063262411859412,-0.99732333006728102,0.0028169112955014701,0.98898528219449477,-0.072816394600532353,-0.12886382067926094,0.12872401208948125,-0.0066293273331852563,0.99165829837232666,0.25092659532949085,9.1242509582010065,-0.80373681890314386,0.2753190748929358,0.2334042511399159,0.956140350877193,True,5
0.76786854812101835,-0.64047524130319899,0.013013765178833608,0.637556163403732,0.76207300637030806,-0.11299058132267184,0.062450230683595974,0.095058919830444066,0.99351083056413436,9.0673850797544269,-16.33799123906519,-3.692507532069552,0.2495283829881426,0.2664475262843521,0.971830985915493,True,5
-0.16426641950631196,-0.98597464342731,-0.029505015522206621,0.97765606465319344,-0.158757338785911,-0.13778507404086712,0.13116845150190692,-0.051479218137077218,0.99002258935369125,10.951187418957272,5.7437980818122911,-1.0542426641623304,,0.2884647259671843,0.7397260273972602,True,4
-0.92755488943894304,0.36222152338041602,0.091855838561746339,-0.37299848874180752,-0.8825253080338944,-0.28639344977846104,-0.022672769443509967,-0.2999077336109407,0.95369874533109811,8.32413134428114,3.750818799675907,-1.2880699169621388,,0.2495113883936861,0.3829787234042553,False,3
0.22312697452161448,-0.95939536176054341,-0.17255402943191078,0.96857834974072632,0.23815500819470303,-0.071681046904422271,0.10986507021962828,-0.15113812194194695,0.98238838268858797,0.78034891936339235,-13.399261947212667,-3.4872694787131211,,0.4638175742252256,0.2238805970149254,False,3
0.35447470865910141,-0.92746020996218748,-0.11901781319592498,0.92856093514728921,0.36413294729704387,-0.071984626213933617,0.11010118364230563,-0.084998562515275031,0.99027924028068981,-18.951586200732415,-5.9589110842281068,-3.0703461857160734,,0.2375530925015422,0.3478260869565217,False,1
-0.48255598871286559,-0.87483958585379273,-0.042372358684804184,0.86916071374164228,-0.47232718082490555,-0.14651514577720709,0.10816363273054462,-0.10753015054933104,0.98830050858904783,-11.468472708466717,22.016149381406674,0.18076218307836744,0.2710486626387526,0.2512275491256872,0.46875,True,2
0.87221021772325336,-0.46396551294505634,-0.15487200811245641,0.48708994334653083,0.85277905490345374,0.18844434353050918,0.044639928201413506,-0.239799679556921,0.96979554056232387,-8.5843291634865455,-15.206234059815339,-4.0092903316431503,,0.2030294174915935,0.2727272727272727,False,3
0.87122514472888646,0.47085219700204028,0.13879825564639972,-0.4842531874770134,0.87070157824769823,0.085893026814290396,-0.080408939866683807,-0.14204566243050071,0.9865887857533131,4.856616106468354,11.342801928848182,-0.44606938040386523,,0.2968740229160266,0.2580645161290323,False,1
0.63012149945587492,0.73662124162329901,0.24563396001536383,-0.76864809716854732,0.63658382531545732,0.062778468171111962,-0.11012265272255103,-0.22836413846330839,0.96732767024481403,7.7471238472285098,2.8541702800175304,-1.3944703583970686,,0.2923158785851897,0.3428571428571429,False,2
0.20596917266144732,-0.97758638708894907,-0.043606830789845404,0.97138559364705357,0.20964195994041432,-0.11162561125164146,0.11826549948366094,-0.019367612416531666,0.99279311400772863,-16.643839664968414,-19.747089535790256,-4.7166336026104076,0.2147053384220096,0.127006549407157,0.2857142857142857,True,3
-0.13380650709458278,-0.99047840616550564,-0.032378165157817204,0.98455367584117837,-0.12914149728601931,-0.11822238817731871,0.11291535788709582,-0.047696966345508622,0.99245912830436711,-6.3181097315679704,23.723595091467093,0.57085972874677382,0.4277845330991155,0.2730959949255247,0.4516129032258064,True,4
-0.34197799326553935,-0.92533478840803862,-0.16372715560934037,0.93127545934234268,-0.31043665000745224,-0.19067014752933664,0.12560681091717574,-0.21768007647463056,0.96790408272577089,24.907617213342892,-4.533549796347538,-2.3102935146721069,,0.2166041211299458,0.3333333333333333,False,1
-0.76782999620426884,0.62166822377701947,0.15480864470331565,-0.64019601615830601,-0.73541175727071784,-0.22207793263408249,-0.024210696478739076,-0.26962597577740888,0.96266072702800853,3.1222861857892976,9.5342214236445901,-0.65180514767672015,,0.2445998168074211,0.2916666666666667,False,4
-0.94917664640835842,-0.3145138660424231,-0.012030044889016512,0.31217517827710706,-0.93586915434209184,-0.16338783314150079,0.040129191128646456,-0.15883939693308841,0.98648856759786829,-27.657609672437768,1.3128194041348693,-2.3250741119426648,,0.2555843026591249,0.9142857142857143,False,3
0.34698137806153945,-0.93766904412336582,-0.019511201174933029,0.93132605012636005,0.34693866182073713,-0.11074905548161275,0.1106151510171559,0.020256569966552684,0.9936568621705596,-1.434030601873133,-26.228284537631804,-5.1294834427722318,0.2096636143062267,0.2319260540409521,0.8043478260869565,True,1
-0.88979080434773206,0.40678393266373647,0.20687957034187696,-0.45496506571345624,-0.75514980248404062,-0.47196987699286863,-0.035764695980327506,-0.51407743379274862,0.85699782881084108,3.4871383905722517,6.6259414368862792,-1.0419411940879446,,0.1819615484279005,0.25,False,2
0.94783815449900188,-0.31762831802192915,-0.02674106330137466,0.31602829809459126,0.94736989175849895,-0.051150786826084482,0.041580616630397929,0.040031734662034579,0.99833286660341192,-14.528536724301725,17.55654135650677,-0.42993935529591881,,0.1910583447954288,0.3548387096774194,False,2
0.93036220185262153,-0.36590385334261205,-0.023249590812953275,0.36570811244382301,0.93064792421417275,-0.012329543731498027,0.026148610990215263,0.0029683774825783392,0.99965365946331775,20.901658042243156,-8.3996589105816799,-2.7791679443947261,,0.1783937020913007,0.2272727272727273,False,1
0.49847069377312048,-0.86659140437216386,-0.023373175172082074,0.86129216873671388,0.49812591430140118,-0.10023159967895079,0.098502626980970703,0.0298313822957306,0.99468956016848475,12.360407698343337,-21.123945085495382,-4.3264378214190948,0.1831722813335193,0.1740058594799078,0.5,True,2
-0.50774661605167304,0.81765633582154451,0.27135123065680034,-0.85596535507909,-0.44313684574960527,-0.26637013128993514,-0.097553497079303997,-0.36751578528000078,0.92488672970133057,6.6503924530369636,4.0157438248167177,-1.2516895170163891,,0.3853987297303945,0.2413793103448276,False,1
0.80489900155185501,-0.59340930524241031,0.0017302463836754416,0.5906274295042091,0.80083673411710565,-0.099094726428302887,0.057418087899885319,0.080783177335194328,0.9950765002961095,-17.115240286027959,-23.605577728085962,-5.1253448880122727,,0.2073134644866129,0.75,False,1
0.4876504169476838,0.86219385670744086,0.13718172001654896,-0.86470653048029822,0.49865378648851849,-0.060224723871412436,-0.12033157106709372,-0.089253317454376313,0.98871338532858599,-0.50320376857296267,28.612059377955127,1.4004468073402261,,0.2357664717789104,0.3333333333333333,False,1
-0.98802326666706608,-0.15401918468413317,-0.0093869736216281377,0.14892128410898864,-0.93585612131304419,-0.31936776816114854,0.040403906542166607,-0.31694070573237854,0.94758435687066522,10.686916475441402,-25.449652162390468,-4.8355415141583045,,0.2220620131769783,0.1935483870967742,False,1
0.39812772989889655,-0.91732460526191306,-0.0031431300683541549,0.91107616318181661,0.39581061488473734,-0.11521363646056106,0.10693238783199167,0.043006112654382395,0.99333576332824514,-24.69522473027725,-3.236737953342153,-2.8130050049853441,0.2656451999264665,0.2914386791876524,0.9302325581395349,True,1
-0.79025350894572044,0.60111460426096519,0.11899842075910043,-0.60981860495055895,-0.75239416623685429,-0.24904675799717491,-0.060171925805402426,-0.26937752533745718,0.96115299936479293,-4.8954636554703521,-17.409282100298995,-4.1756359651473192,,0.2010688274945198,0.1388888888888889,False,1
0.99796000927677719,0.058416111650969466,0.025756121289436537,-0.056903580179813805,0.99680828115067355,-0.055993153082845012,-0.0289448172738088,0.054413312057077508,0.9980988873974187,0.19408650813408243,14.754175591204294,-0.065537269151446406,,0.1832711586276588,0.6046511627906976,False,1
0.31378183922414293,-0.94949213259646525,-0.0023764491431535447,0.942772152654484,0.31185642660051005,-0.11800947998864438,0.11279018375879958,0.034788781602356739,0.99300962488904365,-25.902635074308929,-6.2015948209769709,-3.1916384788234797,,0.1795125841242776,0.8235294117647058,False,1
