axis_00,axis_01,axis_02,axis_10,axis_11,axis_12,axis_20,axis_21,axis_22,location_x,location_y,location_z,dbh,dbh_approximation,score,reconstructed,number_clusters
0.41196877123131859,0.90551057656285849,0.10164805587396161,-0.90903060284488824,0.41611318971048128,-0.022653397988544682,-0.062809988231298408,-0.083068700975563459,0.99456246475352983,-9.6028912703826759,-20.961458302402125,-3.6906220568450103,,0.1907963256791547,0.40625,False,5
-0.9379800727999007,-0.34552126800640776,0.028433015765777423,0.33918951185454671,-0.93156429955180065,-0.13091382985932717,0.071720694908561589,-0.11315038292381886,0.99098593974184424,6.4366507608132322,-18.798469748838375,-3.5838080053735388,0.5799968826318179,0.3029515894174268,0.9076923076923077,True,6
-0.08375652094523614,-0.99647255088108022,0.0052249918377685022,0.99505118641731793,-0.08391605344010547,-0.053209326104801336,0.053460093608596895,0.00074250629081364442,0.99856971067410727,12.629667899550478,13.093501526552648,-0.73299107141652453,0.2527037746704455,0.2818646862170011,0.9859154929577465,True,5
-0.83705753850105524,-0.54709295383460543,-0.0048966420209240989,0.54439392346499071,-0.83196979086080236,-0.10705850358298108,0.054497094720257364,-0.092279829646350953,0.99424066488325258,-17.704660181165735,-10.773718886343177,-2.8490628267602638,0.27943782401046,0.2369622244208014,0.25,True,5
-0.40725103623599179,-0.91331349449382215,0.0022481681864786503,0.91148203279643092,-0.4065878424132377,-0.062344448758769898,0.057854104210485598,-0.023340676451890894,0.99805216068538793,6.8591367753875403,-26.720817888913018,-4.2602598289905842,,0.219857818166299,0.9302325581395349,False,1
-0.92345963217561589,-0.38334544272135967,0.01638838878111655,0.38126036286657555,-0.92156579566037156,-0.073191666026353519,0.043160670163047574,-0.061341305933529912,0.99718323328134939,-23.049362936163245,-4.9021285653002247,-2.3861208399201104,0.2706544853232316,0.2287658762236743,0.2,True,5
-0.91988601628220845,0.38541583647860844,0.072555840839627211,-0.39132307597916965,-0.9142826566106157,-0.10465884591012002,0.025999370274136655,-0.12466698365057167,0.9918579414073464,9.3546612365708643,-4.5201741576818328,-2.3149709031122598,,0.2970249914288786,0.8631578947368421,False,7
-0.16076952134466083,0.98346163815943077,0.083404839640020961,-0.98623269692513349,-0.15675723085898169,-0.052652047341029101,-0.038706957028249278,-0.090721424383619798,0.9951238086968982,-5.1929055982190908,13.226006501625056,-0.74592767650622427,,0.1742230695111018,0.6585365853658537,False,5
0.49525856243492028,-0.86874485496678089,-0.0011546876819756371,0.86815069640101694,0.49496814814466217,-0.03634419707013422,0.032145367836210782,0.016997331878573274,0.99933866433541163,9.9356965464409139,14.441674714405776,-0.75901500889370022,0.2597981285634379,0.1341981503608927,0.4545454545454545,True,5
-0.77255382264126504,0.63358966002072836,0.041529914967247297,-0.63481278601385671,-0.76937768453567368,-0.071208884641253481,-0.01316502319384295,-0.08137641705889806,0.99659648851025073,5.8596363145837271,15.626926487292527,-0.62587835599477692,0.2475884056396239,0.2324584844075554,0.9333333333333333,True,5
-0.90125916580926835,0.42973321468252745,0.055328837358137664,-0.43327995895925703,-0.89406457367939807,-0.11365304771866754,0.00062706383017040179,-0.12640372735840455,0.99197868147498836,9.8882616428460093,-16.60031903814026,-3.3480947349968138,,0.205951541458554,0.84375,False,1
-0.87170111313825827,-0.48990255438398211,0.011517663025599067,0.48770567399781145,-0.86960310763586091,-0.077029934054199001,0.047752957016945374,-0.061529849651232441,0.99696225239375791,16.418535031812272,0.32452163706638693,-2.0246440085131137,,0.2036607211701526,0.9090909090909091,False,1
0.78033096521707268,-0.62531322478472351,0.0081826421602304664,0.62518437854308095,0.7797206239806912,-0.034354641096424172,0.015102236559341176,0.03192365030024287,0.99937620694231777,-11.559974277811447,15.789800922600257,-0.53201051229484075,0.1964919816058369,0.2084221598897259,0.7435897435897436,True,4
0.066420062659766771,-0.99758500829602836,-0.020310748368446815,0.99670327615518084,0.067284401418544651,-0.04533639407008714,0.0465935036008535,-0.017232543305091375,0.99876528017018928,9.3311383541811033,-15.54918880165239,-3.2838815541852244,0.2191769403693453,0.2164519091092476,0.9333333333333333,True,5
-0.83841511145922676,-0.54494360959674415,0.0098266594773526294,0.54257091367887755,-0.83620478780306562,-0.079864613471159612,0.0517388104470951,-0.061628039194031925,0.99675728253101759,11.947641552771394,-9.4151034181076927,-2.775822731609153,0.1585009264593884,0.1340695296615941,0.8181818181818182,True,5
0.99905319712263962,-0.037279893653908366,0.022425852228717551,0.036572985243281002,0.99884547781198618,0.031146881143033406,-0.023561113501397599,-0.03029721082371753,0.99926320504003174,10.562808257491742,6.9557733280465204,-1.2895211783877825,,0.09912588919862099,0.509090909090909,False,3
-0.18743443514018956,0.96781175773487316,0.16795455966961786,-0.98087149459748568,-0.17526598017808412,-0.084693254030717507,-0.052530406525880723,-0.18061627219703269,0.9821498452923948,7.4440972271506789,16.417503334404948,-0.60551192006843779,,0.2226585933571153,0.2413793103448276,False,3
-0.80446406526451986,0.59243317081399494,0.043133581086663361,-0.59392349798159538,-0.80105978433801694,-0.074552669044351774,-0.0096148969515827375,-0.085592990575203379,0.99628379175865622,-20.047006430987064,14.532726209890527,-0.72755330584182898,0.2097431771874771,0.291105558900042,0.9210526315789473,True,3
0.20022591045745683,-0.94930855652764523,-0.24232797874963133,0.97718513058565148,0.211381341539261,-0.02066758358797121,0.070843527183405988,-0.23266111181815824,0.9699742273399603,7.2149465156885251,5.9948335091745104,-1.3866197914331262,,0.5128747590490023,0.3723404255319149,False,4
-0.99879999557837806,-0.046458260067077067,0.015498351659811961,0.044758210212919647,-0.99435243670497631,-0.096228552090383918,0.019881434836737964,-0.095419398920845583,0.99523859795448899,18.293851868018727,14.787340249900646,-0.79664227068189331,0.2901725353821772,0.2702960861341546,0.9459459459459459,True,3
-0.81889088972189295,-0.57394789306930005,-0.0012356260759221957,0.57169297455203216,-0.81547915885796407,-0.090337612964690853,0.050841455312938141,-0.074683047002785677,0.99591043217351838,-6.6873321732156787,-6.6432534406376158,-2.4902515116671613,0.2750438126341236,0.2350781205261915,0.956081081081081,True,5
-0.86487230248183888,-0.50194131739054404,0.0071284146910920113,0.49976460766437536,-0.86228427262724539,-0.08186067496530533,0.047235974911458117,-0.067236501068598464,0.99661828981722833,6.4657200764026328,14.627392815813872,-0.70229006116076542,,0.223407442537663,0.8793103448275862,True,5
0.9921549864135556,0.11709260792083329,0.043792740323225346,-0.11971722502248246,0.99080204884616152,0.063079997108169653,-0.036003735467805345,-0.067827879021449877,0.99704719540241327,10.62956091069805,7.3116365150958043,-1.2761603340266512,0.1383311024131721,0.1353811492640756,0.4130434782608696,True,6
-0.96851777483879142,-0.24841316242704084,0.016254862482160314,0.24641746659011277,-0.96592063941385697,-0.079219634647209658,0.035380107131380706,-0.072720142239432864,0.99672465050888071,-11.497258165068729,-7.7826940440238701,-2.4925757766115932,0.2860027058730661,0.2762499533866951,0.9627659574468085,True,5
-0.084273328647623283,-0.996127630390368,-0.02505494066090707,0.99438254661786118,-0.082456463705499375,-0.066364769079398603,0.064041838359215716,-0.030506975695003942,0.99748081052896365,18.013986370191439,8.7121549760001482,-1.1782769703928535,0.1901444086353029,0.1343491492595983,0.4468085106382979,True,3
-0.95231294481044637,-0.30510545167465963,-0.0032739127748173079,0.30274372745436429,-0.94349525367484288,-0.13476995874482256,0.038030127971028775,-0.12933433284107301,0.99087150514840305,4.8545996312611388,17.478255186128322,-0.5283963925583387,0.1467160236882851,0.1593045314018502,0.5483870967741935,True,5
-0.99966699815778914,-0.003864008009437364,0.025513961595547419,0.0017484849093648142,-0.9965958551561992,-0.082423566326668904,0.025745593695189629,-0.082351508350412564,0.99627074306018626,17.795349481119505,7.6655889063277129,-1.261612415083845,0.1861379277966825,0.2115020019171336,0.9824561403508771,True,5
-0.69185455209200386,0.71782830846039147,0.077844706451148146,-0.72193771040503607,-0.68594045014070604,-0.09105844911867958,-0.011967499517716699,-0.11919823167169066,0.99279834836770098,13.398848284832422,-2.0816203731919027,-2.1836068297843352,0.2687507641325618,0.2237058428966743,0.92,True,4
-0.94338124600192108,0.33026607197571373,0.030921616930516437,-0.33161495723471879,-0.94123969112025685,-0.064026275840948554,0.0079589465433945617,-0.070655258555738246,0.99746904192979524,6.6596453027869744,11.542887627513533,-0.90595483510778108,0.16085652473223,0.1868011362694089,0.9058823529411765,True,5
-0.87167002550275707,-0.49009053201400515,0.0016239058630518298,0.48793377061055065,-0.86813521037861574,-0.090894950347348694,0.045956524431174275,-0.078438045176469837,0.9958591621966939,14.981192988162237,12.357106630742646,-0.85693096968808868,0.3946157278589882,0.2339406606228133,0.9565217391304348,True,4
0.72119064001272637,0.66937761890536862,0.17837506570878492,-0.69136678335627277,0.71167940052591117,0.12459695718066438,-0.043543445311950799,-0.21318075470280809,0.97604197358244127,6.2172970609382832,-0.46792541979919494,-2.0307689374884026,,0.559556644422703,0.3098958333333333,False,4
-0.97025226040800661,-0.23982263787831354,0.033100657610401589,0.21443343864673961,-0.91478370173997314,-0.34232890532504978,0.11237816319591949,-0.32504750636176133,0.93899694730319117,6.2126963706329423,-18.442202012941898,-3.5632464672099129,,0.3644103348993633,0.3106060606060606,False,3
-0.86401054122656518,-0.50347364374552195,-0.00027331847030129947,0.50115217976873305,-0.85997435396716304,-0.096387775323475519,0.048293657579710256,-0.083417028072023169,0.99534382103130881,-10.441300261311135,-14.758666964179122,-3.1088067979490583,0.2171881437704148,0.2052703533623993,0.863013698630137,True,5
-0.98576290215579798,-0.16674248172773326,0.021643602303119545,0.16441633158918109,-0.98285006908331396,-0.083504560412481527,0.035196173657593408,-0.078757136122397875,0.99627232364934404,11.421189977700299,-13.986306952548057,-3.1350011578355437,0.3005757704580282,0.2242493055006581,0.96,True,5
-0.99758132844138259,-0.06584827704519633,0.022259774376797672,0.063275010255350331,-0.99284156696490267,-0.10130101669708189,0.028770926684974489,-0.099647515357163957,0.99460675971000345,14.205125661860585,15.944019683413725,-0.64335339200971375,0.3996269227462987,0.1827729699264586,0.2692307692307692,True,5
-0.63347714853751957,-0.77346035486818832,-0.021581976924013431,0.77176457820004618,-0.62959397024197172,-0.089391657724058049,0.055553020768245351,-0.073283777755562662,0.99576269753460622,-24.223857480097205,-11.763524406694865,-2.9367323277540391,0.2996507480482199,0.2597732117886153,0.9038461538461539,True,2
0.94146366822547245,-0.33697825050598718,0.0095822803842548661,0.33704860278997983,0.94146124531081066,-0.0069973520092026162,-0.0066633901852422798,0.0098174469055036968,0.99992960600609193,6.2026138257941952,-28.633604250625389,-4.4319240171543024,,0.24861860891307,0.6388888888888888,False,1
0.94349545086682407,0.32705413229200342,0.053403452550687014,-0.32885707166167955,0.94392805201379615,0.029203750436288686,-0.040857809678368578,-0.045115708707330802,0.9981458872409994,-6.2926490327777369,-9.8616988758240574,-2.7421068740516135,,0.07553147491434195,0.2222222222222222,False,4
-0.78360473798457442,-0.62108424083636249,-0.014764159063357363,0.61998134957635098,-0.78024772499735562,-0.0826838183318825,0.039833915017425253,-0.073944935060979058,0.99646645994394345,-22.478780684075502,10.081316014684806,-1.06218443224341,0.3795746135886982,0.3836140192871583,0.8596491228070176,True,4
-0.89789044246513205,-0.44021225744658204,0.0024334591745429832,0.43782743997386442,-0.89357431822394007,-0.099156798135847407,0.045824514571374458,-0.087966506150950738,0.99506884568852505,-7.1405063023658437,-13.141095642585835,-2.9976051287366761,0.2379917262953309,0.2216618404162998,0.9083969465648855,True,5
-0.90978190806498982,0.41067323389684357,0.060368656754433744,-0.41495311721669664,-0.90350726806349901,-0.10718454678067353,0.010525695690674814,-0.12256472378763943,0.99240470485235355,16.240373827088856,10.977771969052462,-0.99529981322866401,0.1679550402239301,0.1520383531686411,0.5581395348837209,True,5
-0.99861663778432641,-0.045324310865831087,0.026655535726493554,0.042782704103196519,-0.99509220006223975,-0.089225296888892941,0.030568790783202331,-0.087961470086795779,0.9956547236920158,-10.113210369853388,12.663468689248136,-0.70843562273873717,0.2232180206793059,0.2323344380704974,0.921875,True,5
-0.58554218822776893,-0.81062362489609585,0.005448354407472402,0.80864609757973915,-0.58455870161667456,-0.066201308395576725,0.056849227562866311,-0.03435786845165345,0.99779141217038181,8.1711926968699462,-7.9941955780756819,-2.6379465469050865,0.2742742857767261,0.2192593855256609,0.952054794520548,True,5
0.53135830333520906,-0.84691693301731885,0.019749988487758975,0.84660276116719746,0.53003680930701791,-0.048215615351389865,0.030366400195039764,0.042340162354134687,0.99864167367030143,22.085091965422261,11.739020762058061,-1.0504483460814544,,0.2194550473393168,0.5806451612903226,False,1
-0.62439769781995291,-0.78061157696588612,-0.02780433174842083,0.77905703966253403,-0.61978770814134154,-0.094516272615630864,0.056547713564669887,-0.080676903409442696,0.99513496237790389,18.757952123073441,-0.032935731949125385,-1.9573413613986101,,0.1922867712794468,0.88,False,1
-0.97983001827970584,-0.1989690688447954,0.018559227382259604,0.19713882099840541,-0.97764157877563018,-0.073165761831962425,0.032701995861873827,-0.06803126554848038,0.99714709364994014,-6.2323073577399901,-2.4953602550136842,-2.1307501087478449,0.3123021104112879,0.2547548272209267,0.9203539823008849,True,5
0.98638145271402733,-0.16285269259471377,-0.02303541309411249,0.16302580937343294,0.94951766497177181,0.26802759071537896,-0.021776483184891528,-0.26813281116119536,0.96313580577138391,8.2153004619247856,-16.619287645570459,-3.4024319493987547,,0.4209030471700698,0.203125,False,4
-0.98747600466577212,-0.1576704523996664,0.005582888984219072,0.15414162728029387,-0.9717111335044436,-0.17893527255098071,0.033637760756455706,-0.17583373243947056,0.98384500790912088,-6.0513131016120054,-10.28521695103705,-2.7991662829789932,,0.1730507553514611,0.3125,False,5
-0.99652138424940473,-0.08050384349048971,0.021546737964455651,0.078379745710022361,-0.99321668201173874,-0.085890849547692369,0.028315123098485634,-0.08390324044308925,0.99607153359940304,9.5099626042155201,-0.41641095783985355,-2.0117820859431088,,0.09378967229101975,0.5205479452054794,False,5
-0.86444012351939492,-0.50261674180231086,-0.010940005018398161,0.50107820768408429,-0.85962029894180692,-0.099867769732303185,0.040790962649573353,-0.091811505309672511,0.9949405735313509,16.185726554958983,-11.95450900675853,-3.0480301012572122,0.3823943200166255,0.218417333034985,0.6111111111111112,True,4
-0.97481055263072525,0.21764115140934628,0.048751571184878689,-0.22114889628075124,-0.97155885395132591,-0.084655531317168659,0.028940493319668654,-0.093304461426025262,0.99521692375301485,12.309699763285041,0.1642499421869672,-2.0162144749445687,,0.1554232850759357,0.4285714285714285,False,2
-0.99375793834364612,0.10778817156420234,0.028755348195271629,-0.10967989682642813,-0.99111063931817489,-0.075299540918002464,0.020383331698457068,-0.077983400164162595,0.99674626113555409,-10.606384890568535,-3.1540477286541488,-2.1825507070960541,0.2635555293445326,0.2306025068827817,0.9738562091503268,True,5
-0.72034670160046099,-0.69315946061716494,-0.025111583985420585,0.69205995352021943,-0.71583910117484773,-0.092883808937711476,0.046407437194131707,-0.084287267046137204,0.99536023950475627,-15.658210786325812,-16.178108994558468,-3.2919656983686254,0.3261357175814031,0.3226587620321582,0.9594594594594594,True,5
-0.99091616638412161,-0.1341804351199527,0.0089867696986741623,0.13230773692224823,-0.98468840976137861,-0.11350505905959149,0.024079326176411106,-0.11128497882746062,0.99349677379358559,17.046204666765561,-2.6601559880967929,-2.2943051718796448,0.2202453336687381,0.1301682227711224,0.8205128205128205,True,2
-0.99121739358502847,0.128428049000609,0.031532758908804734,-0.1309244025125284,-0.98661380522855024,-0.097221397640534141,0.018624700836284085,-0.10049594798965074,0.99476313007490447,-5.2621793141300861,4.5107244789276457,-1.4433554125844958,0.2977898023309208,0.2724280062240223,0.9937694704049844,True,5
-0.8413551663730241,-0.54037480595730591,-0.010795976288637019,0.53882349948687902,-0.83704116700568543,-0.095033263326441908,0.042316904637909152,-0.08577385280121072,0.99541555430759776,17.047195840270803,12.408457238964264,-0.92965402433324285,0.1428599600347399,0.1741944145882375,0.7142857142857143,True,4
-0.97677155280752537,0.20814626919630605,0.050916247364019188,-0.21374704740081746,-0.96322233100417076,-0.16283408974266891,0.015150358194042512,-0.16993490422673549,0.98533882242203463,-10.427206920805327,13.635730848809679,-0.62864905864742504,,0.1782312922811718,0.2962962962962963,False,4
-0.25592864819629468,-0.96529411242207042,-0.052036559798918913,0.96481816302821666,-0.25170797234697934,-0.075953992310028071,0.060219924636923022,-0.069644620612518082,0.99575257343200685,5.9695294506949157,-22.017745897769128,-3.8508493256175758,0.457324038125698,0.1997134741552888,0.3548387096774194,True,5
-0.42989029957067143,-0.90254407120776337,-0.024668398058160235,0.90109451972777821,-0.42716152653848904,-0.07457678433583835,0.056771443980268031,-0.054288394459822434,0.99691011298680887,-16.03392582978049,2.3641806714967943,-1.7019909373399622,0.2511652606264899,0.272190984121083,0.8979591836734694,True,5
-0.75421394087859384,0.58912294215166483,0.28999222474912645,-0.65299823849349681,-0.71931159969600045,-0.23703190305773481,0.06895383897051538,-0.36813717765711679,0.92721107980754924,6.0357160551855946,-20.798545133727991,-3.7644800093717077,,0.2285241337591086,0.1724137931034483,False,2
-0.73026849932112126,-0.68315907364246586,0.0012645154196563486,0.6810830274679055,-0.72819103170416144,-0.076575002714869028,0.053233716706904591,-0.055059072327798761,0.99706302206027719,8.5233209525491382,-3.5443609997981422,-2.238225334594226,0.2815384043710178,0.2476736225437907,0.8199052132701422,True,5
-0.14403295753037118,-0.98952968890156312,0.0092467252273614586,0.98799859293619152,-0.1443244074876695,-0.055038584279019455,0.055796841318840808,0.0012083814419089449,0.99844141155759936,-13.365983019242856,5.6791981961599758,-1.3462851489061005,0.2354361899033904,0.2201435987805442,0.9894736842105263,True,5
-0.99277524447704169,-0.11784568760041764,0.022576710733304875,0.11463417409652298,-0.98711228162031528,-0.1116617642863646,0.035444605834436829,-0.10826697274940492,0.99348977978080966,9.4283780114623799,-21.253240266044852,-3.8257015587677765,0.2352834671398225,0.2481344982439063,0.9545454545454546,True,5
-0.6164014428490755,-0.78742536434951671,0.0032491279767209724,0.7854177262362978,-0.61511433498174539,-0.068944544481558179,0.056287268252973699,-0.039945593987277789,0.99761520284808314,8.7382474965257213,8.7708063302760717,-1.1282543484287888,0.1353082945528264,0.1202526633375094,0.7258064516129032,True,5
-0.95858155210757989,0.28192407763851307,0.04049965934050051,-0.28461070492961266,-0.95357662942760402,-0.098429459253613016,0.01086989413434819,-0.10587930041874719,0.99431957596355558,22.202239733770558,-3.4347888698888669,-2.3745199591016681,0.2576321408018658,0.1913743688579836,0.9285714285714286,True,2
0.34336555481320102,-0.93919163052938748,-0.0043791450505434697,0.93842821272443744,0.34326820212125497,-0.038979879107811685,0.038112797465432301,0.0092748345533626743,0.99923039991453799,10.104184920023862,-14.594535750475689,-3.1723914610486093,,0.1221109043805271,0.6923076923076923,False,2
-0.99938662948917789,-0.024040403248176981,0.025464167175206685,0.022014041052509047,-0.9967826382139241,-0.077069800517637121,0.027235028819523471,-0.076461958953161657,0.99670046756196806,8.6134118578840884,0.34217800940785126,-1.9399465717700888,0.2036050268668281,0.198059117352034,0.6229508196721312,True,5
-0.55198346958691613,-0.82971699251144015,-0.0829696428855803,0.83267085752393266,-0.54316323305956937,-0.10785613233671011,0.0444240062708013,-0.12862120583343345,0.99069828559294759,-7.0322103943187519,-17.46478692497416,-3.3984127348868505,,0.1853968963653262,0.4583333333333333,False,5
-0.95763904054997617,0.25248060826277885,0.13849552507492055,-0.28780993147540546,-0.85524343782304479,-0.43095719671997768,0.0096390538251007532,-0.45256182396649008,0.8916809317965031,7.6276000148321428,-15.941225959886726,-3.344379116564641,,0.404813091660576,0.32,False,1
-0.98710785507192877,0.15573332987021762,0.036948781073674566,-0.15970428439980375,-0.9736385549928791,-0.16285731723114327,0.010612445507184425,-0.16665861573561877,0.98595754563847482,-4.4022836776101704,11.116725785831612,-0.91650364282803731,0.5120606904502356,0.2246327051912623,0.2258064516129032,True,5
-0.71363059985308297,-0.70050640171769163,-0.0047061774150587467,0.69836582749098508,-0.71089109269588246,-0.083180678757072815,0.054923018363540493,-0.062646911162383356,0.99652336980908385,-7.9401913688571959,-16.895344653411907,-3.301946911984611,0.3279880716591348,0.2713187358716069,1.0,True,5
-0.97649256755824188,0.21298527689481705,0.033159272150518414,-0.21508609962962488,-0.97288651555470107,-0.08502821648105488,0.014150450509757963,-0.09016151993989549,0.99582662400264255,-17.129592763529569,-1.1866283403371756,-2.0237935372439133,0.3084962945189592,0.2437970724906028,0.9743589743589743,True,5
-0.45244697057869121,-0.89179105078213827,0.00067864501427403537,0.89009343828286658,-0.45163236772961135,-0.061334130341353987,0.055003726600569146,-0.027146383991895479,0.99811705921510796,14.281731103314081,-7.9285737029245418,-2.6753876052414407,0.1573171302603346,0.11032932665272,0.8235294117647058,True,4
-0.9986165371921939,-0.046748564631770649,0.024074537402442715,0.044442092107364245,-0.99506041107806398,-0.088767554625975964,0.028105374848825526,-0.087574825206929455,0.99576138602306918,13.439716034787921,-0.62158714771949442,-2.0719262410241912,,0.1239217126450724,0.5428571428571428,True,2
-0.996482622119918,-0.081010895918892073,0.021438716272904973,0.078641570003987221,-0.99239613979756958,-0.094685823554479076,0.028946282668412718,-0.092666803426579986,0.99527633160965867,12.664534372008912,7.4913222878567787,-1.2403167342377146,0.2134418796994387,0.2178071907452802,0.88,True,5
-0.53573850222385277,-0.8442557255620633,-0.014714859517436184,0.84242961181256226,-0.53323238341074641,-0.077301839715695431,0.057416081164419944,-0.053809805219585137,0.99689914158151016,-12.786293444562945,0.38520308521186153,-1.8208130981941446,0.285191582575225,0.2724972232891377,0.9937888198757764,True,5
0.44549917752297757,0.85597624451807242,0.2623645396144243,-0.89463968852261389,0.43673619556916399,0.094240772492239541,-0.033916228365069648,-0.27670591663445016,0.96035593669898167,5.8975367064499808,11.184947254569449,-0.94242081480082351,,0.345968974014042,0.2037037037037037,False,5
-0.054867106647013789,0.99443540124591789,0.089932382138229752,-0.99756358054110417,-0.050706573869181669,-0.047913945198261067,-0.043087160340384019,-0.092342168673475458,0.99479466247989212,-12.044271271869988,-22.749139165851215,-3.8056645399500439,,0.1971269860670047,0.6,False,4
-0.97011216448895543,-0.2416788766011328,0.021764855050492974,0.2395944313133139,-0.96821298407909595,-0.071820094293328043,0.038430414962685726,-0.06445880906026176,0.9971801066709709,10.006519049806773,-1.8054362736437621,-2.14227404780963,0.2358130835536145,0.2214006903826958,0.9906103286384976,True,5
-0.81508368540835741,-0.57932463394366418,0.0046426594931937674,0.57713524519311299,-0.8126501443926486,-0.080713391543740312,0.050532113917938798,-0.063108726216327071,0.99672653929668076,10.674447563501218,5.2201726927102001,-1.5402463919759837,0.2861711863954292,0.2478352135103041,0.9615384615384616,True,5
-0.27129411814138782,-0.96162185617791562,-0.041023251733962887,0.96132215389084441,-0.26861208355465616,-0.060887314007888681,0.047531230791506549,-0.05595493087626742,0.99730127233954657,10.89389450258426,-19.702438602190913,-3.693175309974134,,0.2007478515061212,0.8695652173913043,False,4
-0.92816346724670384,-0.37191541439760317,0.013838446518169754,0.36964894827244149,-0.92555470810738183,-0.081903219358804735,0.043269309096111874,-0.070904208857569678,0.99654420878184202,-9.2944349299099951,6.9890750556116892,-1.1565357680591741,0.2976888575156261,0.2715446536150655,1.0,True,5
-0.92793802547481119,-0.37212835218652757,0.02124877353754237,0.37023541925519954,-0.92680786181172481,-0.062872264257831503,0.04309008246495391,-0.0504745161732119,0.99779535377262862,12.220701517648958,-15.019708380077356,-3.2220384028098823,,0.1451145401944555,0.6,False,1
-0.88047986672447776,-0.47376253011649383,0.017443318218284532,0.47063252530023819,-0.87791012822342385,-0.08819769210275534,0.05709842749469303,-0.069446899285353664,0.99595024863558512,7.7331617160684356,-12.454005793163867,-3.0656373269041914,0.3630184859369969,0.189401403793952,0.896551724137931,True,6
0.62296392292956171,0.69389194543911314,0.36115082553267441,-0.77865385828412914,0.59427856421463832,0.20132351351550079,-0.074927429606580845,-0.40662876948109461,0.91051574622454534,8.7255610246732846,-1.3141871292704999,-2.057809563693386,,0.3281191015522551,0.34375,False,2
-0.99969839947647987,0.0095248084428586465,0.022635991435987147,-0.01140485984039686,-0.99636380942153613,-0.084433929477580522,0.021749465652841634,-0.084666624469923152,0.9961719346802963,-16.775037285631718,-7.3455448222828092,-2.5568672102358447,0.2855310447605869,0.2329333051379256,0.989010989010989,True,5
-0.41139076198726143,-0.91073295564501289,-0.03637477771256023,0.90856581321319152,-0.40658088119376828,-0.095917412954844142,0.072565859822588341,-0.072508417096201566,0.99472444698942186,-19.187800544258334,-22.83698064647843,-3.845737206367255,0.20635839490549,0.2292848869289129,0.28125,True,5
0.79159355661736264,-0.60368774393055147,-0.094555533682148432,0.60632544450040449,0.79521592272327535,-0.0010447960361521375,0.075822796527573663,-0.056504372179604211,0.99551904022541327,-14.703529686895042,-20.959734066546588,-3.6741725667487164,,0.1673129294799964,0.2272727272727273,False,2
-0.78779821022494134,-0.61592608218765676,0.0030068666987904218,0.61391872930721147,-0.78560652621990967,-0.076981684617224932,0.049777241508536206,-0.058800061578633087,0.9970279730208933,18.50565360589443,10.065731012855643,-1.101625415868978,0.32705952373033,0.2273502970657287,0.7777777777777778,True,4
0.54883142414956543,-0.8146112708026193,-0.18759676262478558,0.83535140515409578,0.52609025101685947,0.15942734298762623,-0.031178482532611615,-0.24420795496125439,0.96922153141611789,4.4868408126799739,9.8113330949722091,-1.0736906486316604,,0.4572088301577502,0.3061224489795918,False,3
0.76596255895875531,0.63523157828444166,0.098905006059410494,-0.64069752445391615,0.76694925124716173,0.035993446209563212,-0.052990946698263902,-0.090937824702785289,0.9944457107385738,-17.429069910133098,-26.864926539994734,-4.1110410028428293,,0.2217250229707648,0.2173913043478261,False,1
0.35801507828180085,-0.93114361798070522,-0.069258691993714941,0.93288811245109282,0.35983485646562913,-0.015448162343745173,0.039306149268463764,-0.059079935394042431,0.99747911650496379,-30.440914176613646,11.040580300385887,-0.87760296103028557,,0.2653502480065251,0.5806451612903226,False,1
0.99721961010461457,0.055964496366552194,0.049203906036392527,-0.063438606852993643,0.98399528147144699,0.16651975619270651,-0.039097217079368807,-0.16917819359588074,0.98480970061646089,-7.4410830592010644,17.319252030110285,-0.42803067052321908,,0.2856110421483579,0.25,False,4
-0.90260660954723215,0.42378831899728164,0.075529921773491271,-0.43036940756302777,-0.88467955869274661,-0.17923239513284589,-0.0091368175805353752,-0.19428211217882704,0.98090314478639284,5.9635217936493801,19.660112508829496,-0.3807612920676206,0.2822786159373397,0.2450712537373176,0.5454545454545454,True,4
0.58937460960764265,-0.80457500356899447,-0.072777971816969017,0.80739350837709689,0.58969990395362504,0.019228778110117542,0.027446168773831048,-0.070093415589754682,0.99716278556241789,3.4569918267918291,-31.044469505620665,-4.7210629806078641,,0.1729687971985386,0.3333333333333333,False,2
-0.96026810990155587,0.27544695334028785,0.044879093146436233,-0.27860627632209195,-0.95552172233932431,-0.096730455036813406,0.016238839245199751,-0.10539076825435918,0.99429828827506517,-14.472222164872473,12.730032535431492,-0.76247604069507058,0.2635541191271937,0.2007142743598701,0.8648648648648649,True,3
0.61419593470597889,0.70873428083654644,0.34707214373635786,-0.78652621930247724,0.58562764901399222,0.19600194657220826,-0.064341744928152506,-0.3933649398172725,0.91712821567224334,-12.615769702867487,12.745831466034872,-0.78731037583432162,,0.5801197592696072,0.2,False,3
-0.68703870530010713,-0.72357491694150833,-0.066461695679871452,0.72529930324558034,-0.67740047366689171,-0.1227579691398802,0.043803403190047288,-0.13254409775226425,0.99020872750143463,-24.211338402173475,2.2417685358601687,-1.7983265049288804,0.2726562927934086,0.1899020935447989,0.3333333333333333,True,3
0.05148931180522346,-0.99867019099597987,-0.0025885103590106394,0.99739293119533479,0.05155433337589084,-0.050492489656844594,0.050558793215458891,1.8061609360173203e-05,0.99872108624098654,-11.284483103756857,9.0343735757206716,-1.0461948867965987,0.2532580021411045,0.2709326109331533,1.0,True,3
0.97225961484720369,-0.23390018497839796,0.001394562382803579,0.2335518891752483,0.97110451133963993,0.049087097270795452,-0.012835746952976772,-0.047399699607394347,0.99879352825160483,9.0616656442405841,-27.201175095982904,-4.3514466831378487,,0.1875904888354232,0.3846153846153846,False,1
-0.98308677109339382,-0.18294213484832283,-0.0085191430498166125,0.182949593519798,-0.9788767715528981,-0.091267257793340925,0.0083574357374642163,-0.091282207528704862,0.99578999385240907,15.44431885045924,-4.591539257322518,-2.4316743490088792,0.09733292171192796,0.1235701685877389,0.3793103448275862,True,2
0.98901759964025671,0.13153345733501728,0.067402798186150525,-0.14408920878937567,0.95961631196505903,0.24160884445945027,-0.032901177977049001,-0.24866741525997399,0.96802997323205198,6.8094898249647571,-12.834970978474535,-3.1060995606272073,,0.4224797224237199,0.2702702702702703,False,1
0.44791535007672117,0.89318312242232334,0.039946826977323241,-0.89219945157863312,0.44942212580985591,-0.044720145743672078,-0.057896267310021537,-0.015609697385215487,0.99820056079883468,-27.083464309872667,13.767599179903907,-0.71740587039431281,,0.2965028365794478,1.0,True,1
-0.55206780575207903,-0.81479357387098983,-0.17701008398005194,0.8318188632263076,-0.52357969784007663,-0.18423267568644619,0.05743271396145231,-0.2489492558499308,0.96681215930437481,5.4601115625372598,-3.9134556525574462,-2.3433057467045497,,0.2280136201156869,0.2,False,1
0.79348595911002817,0.60477566430913832,0.0680178546756596,-0.60637038531202891,0.79517422522279257,0.0035926811537808773,-0.051913278761605383,-0.044094754798861671,0.99767763535495191,7.104280343090231,21.995643797689258,-0.26522478844372294,,0.1385322699071481,0.1379310344827586,False,1
-0.5932542282506218,-0.80327267445469708,-0.052937993323863994,0.80299521036514288,-0.58582912814487209,-0.10955786027327813,0.056992216954591855,-0.10750461893061779,0.99256971750864109,18.675621719866079,16.632404941646406,-0.70339500956924994,,0.189675986429912,0.4545454545454545,False,1
-0.85457743923127394,0.51810345938350433,0.035583784674551366,-0.51929948114682556,-0.85186317063605321,-0.06824358866977169,-0.0050447237344597128,-0.076798072168100723,0.99703390457582097,4.1250184082995336,24.113282006001413,-0.077920151304532309,,0.1588473774162415,0.8529411764705882,False,1
-0.99003873093739414,-0.13956350300423984,0.018583322444051503,0.13697921334527785,-0.98529942920827773,-0.10208687434313514,0.032557738790998915,-0.098524430630314935,0.99460189533993426,21.45940955900878,3.4567741816321127,-1.6746244359714788,,0.167530453630315,0.5294117647058824,False,1
0.17919677998984154,-0.91541436034785095,-0.36042344944551835,0.98271415424942365,0.18386431968544376,0.02160562390786111,0.04649091394145026,-0.35806488352747295,0.93253854295967065,-13.675935609809562,16.179787753142215,-0.5154490848294756,,0.6604638572109305,0.2307692307692308,False,1
