axis_00,axis_01,axis_02,axis_10,axis_11,axis_12,axis_20,axis_21,axis_22,location_x,location_y,location_z,dbh,dbh_approximation,score,reconstructed,number_clusters
-0.044122224239575632,0.99807808111251195,-0.043512909933940011,-0.98645939346249578,-0.050412535553108651,-0.15606550326293159,-0.15795915414358916,0.03603776161019337,0.9867878117206198,8.5962824773317141,-3.8926710157368332,-2.3707784663972067,0.2064761304738392,0.2031694349041571,0.8916666666666667,True,5
-0.54351361369086693,0.83921883485971505,-0.017455628015023719,-0.81860383047608587,-0.53453348933381162,-0.21014689507699302,-0.18568985018728443,-0.099928454392747723,0.97751398125044819,2.504159902048821,-8.0729081037817458,-3.3311470315297487,0.5557624820890799,0.279171081258862,0.8904109589041096,True,6
-0.71248535674388092,0.7004660437748359,-0.041375571826554595,-0.68424988796323827,-0.70663469801944656,-0.18019293653542853,-0.15545644807418108,-0.10007359828343737,0.9827606868809744,-21.338401903472839,-4.4367476061390114,-3.5486060152919139,0.3086110451506525,0.2729063285592478,0.9438202247191011,True,5
-0.3609495264960208,0.93204557996944049,-0.031725008774295078,-0.9172303830409948,-0.36094874535141591,-0.16853613160301723,-0.16853445863908448,-0.031733894949554475,0.98518480305096201,-1.5141832357320044,-0.16895270651483002,-2.0635802014186804,,0.2206092801462112,0.9507978723404256,False,1
0.04310221380270713,0.99839034066466648,-0.03686362479190456,-0.98746724830225885,0.036965392631755585,-0.15343400300437468,-0.15182434816481855,0.043014967337808643,0.98747105268420754,-0.83767040393952641,-17.01856885105633,-5.2130350436682127,0.2645103601037508,0.2646395425098679,1.0,True,5
-0.35234447282603198,0.93572885070347966,-0.016275454835211298,-0.92029261204841084,-0.3495870434086451,-0.17564284013280365,-0.17004376106773567,-0.046908603069687117,0.98431941069959172,13.457693072852136,-8.7045828732263786,-3.1024450874513705,,0.2628993278737821,0.856,True,6
-0.38020484174755542,0.92467655661088355,-0.020433892579640647,-0.90937512341673077,-0.3777619874891171,-0.17416304349395714,-0.16876363121988797,-0.047635558803397648,0.98450479446012162,19.600684420328225,-7.7176039797053688,-2.6768152676615795,0.1890202061006857,0.2736085744070626,0.9871794871794872,True,3
-0.25814294906295293,0.96543709134952449,-0.0359644337596439,-0.9516583414096027,-0.26052012109477646,-0.1627134528251655,-0.16645906125713331,-0.0077774771830656508,0.98601769343864276,-2.6556233168657619,-10.725775482595308,-3.9936756266284035,0.2760928838012994,0.2546929276594055,0.9923076923076923,True,5
-0.25528814274018463,0.96602862835384273,-0.040207628344132426,-0.95253052555815398,-0.25842002261524682,-0.16094933920784454,-0.16587212561540757,-0.0027894645235472491,0.98614332469043176,-14.298955620271455,-7.1994339843768573,-3.674135791847676,0.2919622048914886,0.2759391906043243,0.975609756097561,True,5
-0.3577826179630007,0.93370740766897542,0.013493522431999257,-0.92012855620320988,-0.35004176130424758,-0.17559671239068284,-0.15923265476320375,-0.075241226778285694,0.98436970669051005,21.31001608791631,-2.481839518748671,-1.5978826524088972,,0.1271371547381284,0.6285714285714286,False,2
-0.58231296910191144,0.81211521214869908,-0.037154921778806888,-0.79777612046783053,-0.57962968500833767,-0.16608037171331258,-0.15641249191485093,-0.067069445008945905,0.98541200617770941,4.8361430126425224,-14.561725866435919,-4.4949644156684734,,0.2079744655789889,0.9090909090909091,False,3
0.10455457340269911,0.99410119666901264,-0.028829706238830764,-0.98375358461816775,0.099125532834635002,-0.14967636249974714,-0.1459356910816734,0.044010675085567316,0.98831464349519171,6.4887671871406001,-1.6792268670047057,-2.0643695806299673,0.1947821923689793,0.1642090039247064,0.8631178707224335,True,5
-0.94076316397675708,0.33526995557191069,-0.050583853108010668,-0.31920610711585812,-0.92605931677126074,-0.2012997839072044,-0.1143334180560657,-0.17322874678285038,0.97822271022690055,-1.0650179943533125,16.237241655535328,0.84465146112412282,0.2076801584455834,0.2142946938068473,1.0,True,5
-0.77228743550833434,-0.59973959519593845,-0.20948635972342994,0.63360898483506589,-0.70332607382306156,-0.32229193011447982,0.045954012798010327,-0.38163444791429835,0.92317028595644879,21.304011620076484,7.7989101137539087,0.050639522833329904,,0.2639960868694339,0.2666666666666667,False,2
-0.49853513755378009,0.86657183613317779,0.022714960818960989,-0.85217984881157327,-0.48511540647668949,-0.19609321170922969,-0.1589094770733267,-0.11711658814928629,0.98032213219765318,-8.4451390167950873,14.268989133419707,0.27550462719395941,0.2462825055002279,0.2093783483231134,0.4,True,5
-0.61328175222604919,-0.78472794860242889,-0.089930745959157066,0.78529520255718144,-0.59354063361391851,-0.17612768405297088,0.084834764261014134,-0.17863807805563667,0.98025073315012956,12.012118151714217,-15.224321345500766,-4.4137084777377753,0.2409423045374013,0.2286713192604099,0.8666666666666667,True,5
-0.80756267063458431,0.5870224782107949,-0.056983708836791068,-0.57115635722134162,-0.80249021469249515,-0.1725974244548327,-0.14704743657468736,-0.10683662947721237,0.98334276119711361,-7.8387964454009973,-16.612442352855286,-5.2991760849879608,0.2389740839916373,0.2496217250010372,0.9302325581395349,True,5
0.43936702354384077,0.89671468994594916,0.053473203170998941,-0.88993442386672983,0.44260836999316794,-0.11006612571078726,-0.12236559908412978,0.00077178179025928426,0.99248479308937054,21.748828986299682,-3.6407097537782183,-1.84484782471941,0.4251077807124288,0.2299992458611493,0.3333333333333333,True,4
-0.20020601455637124,0.97832972724967282,-0.052806216632475908,-0.96575262077819968,-0.20613737181807903,-0.15757302878340265,-0.16504371298384576,0.01945067401189355,0.98609443973941469,3.0967326500220635,-20.956084295974104,-5.8531548714882442,0.2415967818530721,0.2392628957729617,1.0,True,2
-0.83751837155008713,0.54446999540418661,-0.045993493242590874,-0.52723895707217261,-0.82736751319241586,-0.19360289320990645,-0.14346448850338955,-0.13789641843921657,0.98000128485635085,-14.743798669458027,-18.52277825298944,-5.8819693449016679,0.2302266787434056,0.2343043485692786,0.5641025641025641,True,5
-0.82245589538695618,0.56798411467234511,0.030989443736744435,-0.55985849367958873,-0.79864662789481577,-0.22073067482128952,-0.10062190217871234,-0.1988909480899328,0.97484235831739774,13.933727418442199,-9.4787063610288325,-3.1854668027367739,,0.2396055447654431,0.2807017543859649,False,5
-0.97215553727494475,0.22643252762611005,-0.060348336998752285,-0.21194470369655324,-0.95946383082878828,-0.18576490493720099,-0.099965263570124002,-0.16780187056227336,0.98073925093021463,-9.7016397372453866,-22.963178669958783,-6.6433679816592681,0.3507936036265409,0.3031603091413537,0.9746835443037974,True,5
-0.90917949047182522,0.41301595370334687,-0.053013923566426632,-0.39725552255644908,-0.89847536124220329,-0.18689589358542436,-0.12482268985963502,-0.14886183939212411,0.98094823964824907,8.0016869522607905,-15.662683325156504,-4.6196121186385222,0.2252221128293674,0.229929766100345,0.9883720930232558,True,5
0.84190658449071099,-0.50256747970205196,-0.19651776341367369,0.52122412407980667,0.8516440908591888,0.055025039589842589,0.13970939649294647,-0.14875574224396529,0.97895506213565453,-12.772101778238691,11.179092318680466,-0.41221452934090791,,0.3826103363942701,0.25,False,1
0.41473031110129849,-0.9051501381494117,-0.093284492076237541,0.89418155107891895,0.42439773499354499,-0.14256898766017734,0.16863606602360975,-0.02428559121063667,0.98537915915429763,2.9281199589387601,22.05912856697546,1.8218939549259412,,0.1124515468925249,0.75,False,1
0.06618479687052993,0.99577975591078161,0.063578694398930644,-0.97818746732515349,0.07732515509718936,-0.19279548531332028,-0.19689807371127269,-0.049431752016912529,0.97917702713111587,0.23472820172703157,15.382091301354627,0.71537660614354481,,0.1580209985754004,0.2727272727272727,False,6
0.91170024416941153,-0.39614921982983659,-0.10894246375792505,0.38939741374370024,0.91772588906696262,-0.078414582227859977,0.13104319498223643,0.029068680129379479,0.99095039880126323,-4.6265430592851233,0.43882389384774073,-2.1021439895805689,,0.2692597891536384,0.4413265306122449,False,6
0.89735035362242843,-0.43288801613691491,-0.085850499933015301,0.42192212042654087,0.89855942862119009,-0.1207173456083739,0.12939886842037707,0.072103527798618811,0.98896765069971815,-16.768094876119125,13.75171879247878,-0.12117411068469033,,0.1491322430551426,0.48,False,5
-0.20567784911811504,0.97806639216509006,-0.032905241213385714,-0.96457808143241242,-0.20828757170138604,-0.16188085833385935,-0.16518397985977026,-0.0015556323168241341,0.9862615438136999,-8.0236241882898494,-0.42272738465231374,-2.3378700698325083,0.2718629281555985,0.2347491730064678,0.9481981981981982,True,5
-0.8113999610610223,0.58281700575025608,-0.044209060140184657,-0.56631249924995353,-0.80262892397524888,-0.18728845023547588,-0.14463836414811931,-0.1269296978907648,0.98130963279176875,5.7891346342008596,13.709105717125574,0.51490022607721886,,0.1886321915878566,0.8888888888888888,False,5
0.61217110778739847,0.7899137741806721,-0.035815696977677398,-0.7868218023438549,0.60402873272374724,-0.12673098042906736,-0.078472836999297219,0.10576161592842269,0.99129031794398748,-4.583191158467514,-24.506846438599023,-6.7995089447860204,0.2799981865290336,0.2733416407318467,0.8596491228070176,True,5
-0.99192560095893711,0.10758283860750789,-0.067153071407075729,-0.095021959775007311,-0.98114960291765363,-0.16827443018785898,-0.083990650210423914,-0.1605346988401033,0.98345014166735911,15.312901304251918,-1.3607958975806176,-1.6599157622018803,,0.08538854034357964,0.5135135135135135,False,5
-0.99749691618586134,-0.0067260210594902378,-0.070389365961098738,0.029987312866232293,-0.94175312853945159,-0.33496538023088251,-0.064036421408139976,-0.33623772174886069,0.9395975368243451,-27.309018423144273,9.9705992973831172,-1.2962370841970183,,0.1683380629131326,0.1111111111111111,False,2
0.34710652436118394,0.93716894656679928,-0.035091684724091597,-0.92989871192538609,0.33907677896079014,-0.14253183338848649,-0.12167763272436986,0.082105441722529413,0.9891679585056028,-6.3644086113471401,-5.0179081612432794,-3.0177486254596735,0.2903620572184118,0.2745747422274045,0.9932546374367622,True,5
-0.27163158557484357,0.96166109435255875,-0.037738856987660621,-0.94760142302818284,-0.27409920824696565,-0.1640767110632988,-0.16813038033936381,-0.0088070225970650583,0.98572542402025687,-12.230255555604984,-0.41058510602822512,-2.4870393285511629,0.2571306852362473,0.2486517486144156,1.0,True,5
-0.38912862905044326,0.9208982812618447,-0.022918674095671852,-0.90567530100787119,-0.38700522135151022,-0.17314504841597755,-0.16831862403675119,-0.046618818256683056,0.98462963929932856,17.880234395040485,-4.0882282714054856,-2.0526327092733174,0.3362011358184123,0.3094380885979734,0.9298245614035088,True,3
-0.45629667593149609,0.88859535324434047,-0.046814973314454722,-0.87378233849451015,-0.45739420623365756,-0.16521187923072433,-0.16821940574420166,-0.034479534458112956,0.98514638162793844,2.3101877386081622,-0.50811563144075012,-1.9555193226637624,,0.2588833098697675,0.9592233009708738,False,3
0.4648844755651883,0.88443360336821542,-0.040738502814856831,-0.87897910390896838,0.4555200886162975,-0.14105737753974204,-0.10619867828682587,0.1013836776809595,0.98916287366136846,-11.050680864257426,-4.657135563315185,-3.12083151783541,0.2536098383886498,0.2430209951344137,0.9861111111111112,True,5
0.043527022417872457,0.98436107647986859,0.17070052557279269,-0.98921108194098717,0.066387664882842423,-0.13059139832525118,-0.13988149872150726,-0.16317459686727284,0.97663054286287165,4.4437723259454653,13.815223045111308,0.52081889940801385,,0.3820740341100633,0.2956521739130435,False,4
-0.96948108247505116,0.23734702306771985,-0.061423296589281404,-0.22344359460455951,-0.95850509958133567,-0.17703370895614065,-0.10089296681730017,-0.15790618961100134,0.98228623350291266,9.5814208430010464,-10.867423146069873,-3.5966392077561617,0.2653050071270411,0.2393090960268926,0.9945652173913043,True,5
-0.99552601949984754,0.07126417780414103,-0.06204322252018972,-0.059471200651454427,-0.98283338960168776,-0.17464737208767822,-0.073424252068812104,-0.17017621821499396,0.98267437839916172,10.573986429212155,17.290361100776714,1.2928012958042436,0.2656086448844233,0.2422026078822997,0.9375,True,5
0.10884460181025601,0.99343772879806369,-0.035133056475522922,-0.98325376687946942,0.10239737060614432,-0.15075413231577431,-0.14616731021025481,0.050953483624708147,0.98794679003092378,-6.1567500706850868,-10.209575158593342,-4.0209872387544596,0.295498270337625,0.2577210121836073,0.9760956175298805,True,5
-0.58248840163496707,0.81190308897687102,-0.038995333958772686,-0.79596615604269882,-0.57946448041524079,-0.175096528725458,-0.16475782347236578,-0.070952731074357539,0.98377871981342369,9.9947481851138829,-18.100865196239315,-5.0078663818447549,0.1952981174917975,0.2202017192720026,0.971830985915493,True,5
0.20692458418603149,0.97833138764914862,-0.0070648708359827596,-0.96887654636358689,0.20391128894407462,-0.1403510746226555,-0.13586925467524313,0.035887075412427465,0.99007659474019305,4.5982413325102751,16.951963648128981,1.0951851855941086,0.2089412072775281,0.187479747743064,0.6428571428571429,True,4
0.0056110483176941509,0.99963309904734632,-0.026498743852776868,-0.98774327637889248,0.0014068441914673517,-0.15608087889844671,-0.15598633307141732,0.027049733426034211,0.98738876630054562,10.527718034593917,-4.1731830481792569,-2.3475275312867248,0.1715667510932646,0.1761347061355222,0.7282608695652174,True,5
-0.60788374890991081,0.79345916092298696,-0.029998462604309752,-0.77603486192859605,-0.60168288954556348,-0.18907034008422896,-0.16806915506034167,-0.091652934352867213,0.98150522094475479,-4.0445253020002268,14.52152639596213,0.47907753094740418,0.2869725414612773,0.198128084289725,0.4098360655737705,True,5
-0.50740652464485092,0.86043583558100878,-0.046784523037470098,-0.84567409969878793,-0.50765578810833634,-0.16468429766904433,-0.16545070518579541,-0.043997427744278207,0.9852361597634387,-12.25539552585529,-11.251698447341916,-4.3718709098609398,0.2723056507903411,0.2651542088849699,0.9457364341085271,True,5
-0.68081692642800196,0.73101112573470051,-0.045946128685828772,-0.71478056641436238,-0.67677797009477347,-0.17623938569673114,-0.15992827944266791,-0.087145356999003762,0.98327444398195585,-22.812840961316745,-17.701504443447146,-6.1465630888538074,0.2972968770790688,0.299989712752365,0.9583333333333334,True,2
-0.54273844405906468,0.83848120914141611,-0.048828713449110661,-0.82298993844663959,-0.54251835383229419,-0.16840842309900844,-0.16769777146981601,-0.05121618564328427,0.98450716593238219,10.369102472297687,15.07719137593442,0.89625826575616085,0.2420322558429133,0.2071086690928394,0.8529411764705882,True,5
-0.15425408424922316,0.98768968468215879,-0.025976224993090786,-0.9746475229922964,-0.15642466879235151,-0.15997977659124366,-0.16207369748794745,0.00064012940972893104,0.9867784486990604,-2.8852205464868264,18.134872446231096,1.0674030757699309,0.2473272976633779,0.2130748663835028,0.868421052631579,True,5
0.097012612300449871,0.99519525283765153,0.01322731204918217,-0.98485529313866371,0.097906479342356287,-0.14308868885954021,-0.14369622344167626,0.00085441921127638043,0.98962147578577331,14.934278576008026,-3.2909104915696017,-2.0411376003307984,0.1561786265278826,0.1562543349101381,0.3529411764705883,True,5
-0.44836884172586711,0.89244560086206437,0.050062273933112383,-0.87455156614117935,-0.42642559655011197,-0.23091290298918349,-0.18472936942840279,-0.1473161909256098,0.97168564873715968,12.274590562831687,14.624126720534635,0.88628177097378691,,0.1725420848830153,0.8529411764705882,False,5
0.37521671406354012,0.92658426329166499,-0.025573824657282244,-0.91917588762402713,0.36837061061229853,-0.13935128577700112,-0.11970006306573397,0.075793774529074362,0.98991272274109821,-12.007337692840764,15.181846489161074,0.27520488743341015,0.3975295800419895,0.209157657674212,0.7647058823529411,True,2
-0.35767636614405907,-0.89941735889013585,-0.25122904216884701,0.93239863882131246,-0.3289856735011733,-0.14967032088943305,0.051965329077640149,-0.28777915344596239,0.95628592137277679,-11.908558619019196,11.447179108932996,-0.32287431456106752,,0.3487823420984796,0.1612903225806452,False,4
0.33557761970695432,0.9412210749721438,-0.038607631112223477,-0.93393595160054721,0.32706560357484499,-0.14419337455723485,-0.12309061483230717,0.084445124113267489,0.9887960970562637,-13.56488880712933,-21.30047120897596,-6.4706836197430446,0.3058061868905346,0.2459517450020227,1.0,True,1
0.62818435225514835,0.77571876120739813,0.060372370275148898,-0.77595028190548121,0.63030489029251946,-0.024837578065090821,-0.057319975511021429,-0.031243379845898128,0.99786686066990993,-22.337410535139799,11.778238392289921,-0.74667375245994194,,0.2315711757834012,0.2916666666666667,False,3
-0.33276958794485639,0.94277632184920779,-0.020909526524777899,-0.927905484731402,-0.33131209409251328,-0.17094943028105231,-0.16809465412199512,-0.037484707128555589,0.98505790895109002,-19.350785487649222,-0.2730899440375037,-2.6540199635406516,0.2803493910515598,0.2791557987961363,1.0,True,5
-0.44046683321839236,0.88738070664051527,0.13617800966654342,-0.88044308474278266,-0.39731180125358689,-0.25877269390962321,-0.1755247656690484,-0.23387777591470799,0.95629087759426823,10.311298738827492,-5.3022225819456876,-2.5572812224299768,,0.3030909932360406,0.1276595744680851,False,4
-0.087835543257375678,0.99598354811502166,-0.017369203346613047,-0.98399111366356429,-0.08946591707111215,-0.1541341555715843,-0.1550690348580985,0.003552684455335707,0.98789724812924784,-19.544222135771754,-8.3167509081493129,-4.1563138754876654,0.2215647732535049,0.2205048210682477,0.9655172413793104,True,5
-0.68647295373695472,0.72603705867107493,-0.040312196962168478,-0.71030148769579982,-0.68139746229923837,-0.17654827937222409,-0.15564922217857732,-0.09256180534331325,0.98346613150976991,-23.120791394132752,-6.6279160380163749,-4.0677845498189482,0.2952437555089687,0.2542964638744645,0.8780487804878049,True,5
-0.48627332990634842,0.87379961165297593,-0.0035337369597246912,-0.85792807295331308,-0.47820039271365228,-0.18783984147971261,-0.16582421493981647,-0.088309813065239981,0.98219331430018209,-14.826660963592097,15.405162151062797,0.17599760976264819,,0.2254794782663139,0.6333333333333333,False,5
-0.40292027028906557,0.87292975434667963,0.27504345068812858,-0.89869515806896916,-0.32047708970817024,-0.29940181668716181,-0.17321162967184964,-0.36781527829663074,0.91362445917236434,11.450589812885424,13.516807983190828,0.62818757633887501,,0.5294697006937743,0.2470588235294118,False,6
0.34850708415580856,0.92431813482910119,0.1554953308600231,-0.93366693432635028,0.35694821116930653,-0.029223796616240721,-0.082515865376613276,-0.13499614871945087,0.98740425955738365,2.4230637422311445,13.593764107925857,0.41478876215922683,,0.4552074997924169,0.65625,False,5
-0.37023873563673876,0.92863716185487344,-0.023586018236120641,-0.91369616512058227,-0.36862743745340315,-0.17109392216112926,-0.16757862774844007,-0.041795143003259566,0.98497236993901838,22.670098452027425,-12.175139881668587,-3.4052645003656732,0.3173923900218023,0.2534407002721956,1.0,True,3
-0.74105451657572674,0.67032333392213383,-0.03879215722581987,-0.65384864711299739,-0.73356851956728397,-0.18536227709101794,-0.15270936491001544,-0.1119993531203631,0.98190426965636579,-15.885679788393237,-10.55555097486031,-4.4387888096878534,0.2498293437703745,0.2286477792130141,0.9523809523809523,True,5
0.51426855919187997,0.85739486963703493,0.020047108190475851,-0.85201926629636504,0.51343424605464805,-0.10221763467278687,-0.097933747434232998,0.035486793295362945,0.99456003771270685,13.994120656621593,22.524373816095167,2.3113424123100521,,0.1709972637243306,0.7241379310344828,False,1
-0.11343707318736355,0.9928203281250082,-0.037945045637547345,-0.98030217213854054,-0.11805824901981067,-0.15833477551957864,-0.16167770943189325,0.01923657714166448,0.98665610643867629,7.1560132423628868,-6.7500369308392125,-2.9774714218309719,0.2246269982799731,0.2173814623012775,0.9838709677419355,True,5
-0.36603773806055473,0.93007230684752917,0.031334938181331012,-0.91550199729902504,-0.35385421913770015,-0.19142435722745466,-0.16695049343146134,-0.09875573721948315,0.98100705252777243,19.365828687437741,-15.685144428695384,-4.1473493508699804,0.2365220806421651,0.2207108990327778,0.9512195121951219,True,5
-0.34876657762797464,0.93622861772231192,-0.042870149141780119,-0.92197951501008923,-0.35095268864231688,-0.16366424238815425,-0.16827254152543594,-0.017555218383643212,0.98558417503330087,14.146557327338298,-19.090863301601122,-5.1132517812971567,0.2484185774852545,0.2425763578446428,0.9830508474576272,True,5
-0.13039702542023915,0.9905329386987296,-0.042908194024154488,-0.97800625909089367,-0.13561265226437977,-0.15847070935935792,-0.16278935143488713,0.02130037320521401,0.98643090034767744,-0.45037732804753122,-21.441927377536899,-6.0088378840264696,0.2918623415879159,0.2521016340760905,0.9876543209876543,True,5
-0.77193668932098491,0.63522057668011056,-0.02466914352678588,-0.61776570190872471,-0.7587470706889784,-0.206563356542527,-0.14993093485127806,-0.14421408281815654,0.97812218719929855,-0.021594641317978835,16.933939920348895,0.93936342651607552,,0.1895130284614904,0.3461538461538461,False,4
-0.35930217667433328,0.93310658041145744,0.014630633271455633,-0.91964434768086101,-0.35136686468186101,-0.17548675215606377,-0.15860712347095601,-0.076507751218268666,0.9843730717506417,19.144130930397676,12.299444775044854,0.76843225403506599,,0.1973107303629619,0.3333333333333333,True,4
-0.92249678992625994,0.38265935879660079,-0.050709838306983598,-0.36664687138981938,-0.90972032726387975,-0.19488201010600459,-0.12070519572828392,-0.16118542517322698,0.97951493834240377,-2.0768732100668488,16.925527159645561,0.89889093252050212,0.2176007589407407,0.1388792671134935,0.5,True,4
-0.98798321190711114,0.14218954429532321,-0.060591306990345165,-0.12774404098988865,-0.97188830974960849,-0.19777404623363495,-0.087009384443768878,-0.18765725902596644,0.97837320085618618,-12.88596451563774,14.128565069927525,0.082436968335698219,0.4975830629073394,0.2303810365914951,0.8571428571428571,True,4
-0.11487978270611826,0.99065020633721257,0.073585353226262085,-0.97340525266296252,-0.097480618571893662,-0.20731556403462612,-0.19820406053749062,-0.09544473629739722,0.97550266667988739,7.7079895849183133,22.700696001355375,2.0582343995731534,,0.1924557028449138,0.2083333333333333,False,2
0.093378757908488944,0.9948873111957206,-0.038466161664732337,-0.98464885493320453,0.086557386745709675,-0.15157325383616518,-0.1474687765264116,0.052029384212223452,0.98769727301856003,0.51231412645312191,-3.2267080603961333,-2.4764199596969099,,0.2339006795995905,0.8701923076923077,False,4
0.07821061040621162,0.98531746355616179,0.15176493808235289,-0.9866106298817966,0.098352266032956492,-0.13010110211073295,-0.14311731350235923,-0.1395576145448007,0.97981687411395046,10.098836374425366,-7.5777699087589987,-2.992033642416553,,0.4960027523189566,0.2119205298013245,False,4
-0.93513051981347972,0.35031136495647258,-0.053036388411211867,-0.33237637563734468,-0.91921608736845373,-0.21111070470540888,-0.12270638056578237,-0.17978802047234593,0.97602223943057831,14.039698700731936,13.871161687318526,0.82318454773250538,0.1269696501736425,0.1585004293984886,0.2380952380952381,True,3
-0.37978768996853901,-0.91179066478042403,-0.15620209399247009,0.91758370953847279,-0.3498599835963897,-0.18878063424924721,0.11747955795786394,-0.21502505783560524,0.96951677549427595,-3.1361823464834861,-26.069749043826487,-7.0980623733036827,,0.2688161672833489,0.2380952380952381,False,1
-0.57026086170105394,0.82113991370517303,-0.023060609970951884,-0.80465062540957444,-0.564019663521378,-0.1855240959800421,-0.16534787763969605,-0.087241396604435167,0.98236908444767124,-7.4920591087156261,18.169493916994337,0.93836394268565282,,0.1471269862009158,0.4482758620689655,False,1
-0.38326526745931178,0.92353001751013442,-0.014143603397720701,-0.90737057894275985,-0.37933210763566033,-0.18106845276239528,-0.17258727423660825,-0.056563759373096628,0.98336878834807417,2.8942041121401569,18.233306444771376,1.2749688474240217,,0.1621419933990751,0.8918918918918919,False,4
-0.84620537322404843,-0.52429816622299064,-0.095120445867119971,0.52745413057083246,-0.79881580095019322,-0.28928438654042443,0.075687558228004284,-0.29496567435468118,0.95250545640535422,-15.618071445462133,11.696259810740163,-0.45624529956745752,,0.5427437339209499,0.1842105263157895,False,5
-0.91610257644296245,0.3979171651536304,-0.049173154369696888,-0.38085532238083691,-0.90196735987082055,-0.20347998707944706,-0.12532075984750662,-0.1676806828581085,0.97784349246056934,-29.984106249118284,16.377912166822579,-0.39447784062132452,,0.2608610781095542,0.6666666666666666,False,2
-0.9160501372053762,0.39827963705904751,-0.047174959778740054,-0.38076461758058006,-0.90059560986427745,-0.20963266322762192,-0.12597798269827593,-0.17407147439286022,0.97664152567765083,15.068652447301364,12.249085326659063,0.58138191767679048,0.1573850061515767,0.1937126465618547,0.36,True,4
0.12413144497537074,0.99160896008860988,-0.036097848139633702,-0.98159306064283103,0.11739367496825757,-0.1506445763221719,-0.14514285261826043,0.054133126174576884,0.98792872059901227,-16.915309873104455,-29.053259013688333,-8.0018846274291953,0.2808335896758289,0.3126241644988013,1.0,True,1
-0.026982737768730211,0.99881611425781092,-0.040475940525599302,-0.98724886783811572,-0.032981053050810637,-0.15573028957790627,-0.15688086185020422,0.035757796892251732,0.98696999708529642,16.378319279344954,13.825670292986677,0.91457411425373381,,0.2634826992061353,0.8478260869565217,False,3
0.92884225825620526,0.36709039609978644,0.049966992793394879,-0.37042548540742082,0.91801623462534432,0.14153145489601077,0.0060843272586116118,-0.14996944373973942,0.98867191064892879,19.103763110262552,7.6369336378312571,-0.089393595334187587,,0.4757976054226677,0.275,False,1
0.97631079820109889,0.2008208697846029,-0.080549385937377954,-0.20738607319001015,0.9746762208575841,-0.083649752788669013,0.061710954965555093,0.098372977761849459,0.99323437077232968,-21.85225293409427,15.237612661333824,-0.1621805413433586,,0.2422325585733021,0.9411764705882353,False,2
-0.94492381431633188,0.32721889354150657,-0.0068396525750654413,-0.29088536911018936,-0.84921376245874269,-0.44070589704279661,-0.1500156231047429,-0.4144439423614964,0.89762549622008703,2.7859481084484901,0.80310799067767458,-1.7769784835242148,,0.3961313520366255,0.2780898876404495,False,2
-0.30857588436790256,0.95046049738105631,0.037493552842058769,-0.93765077809645114,-0.29731485776148914,-0.18004136660607564,-0.15997481652336631,-0.090712282919232431,0.98294422008875693,4.4570456570988544,14.924409371194898,0.75837702069480228,,0.2070806432441128,0.1621621621621622,False,2
0.61853390013592768,-0.77651933508050053,-0.12013965468893524,0.76865662062012552,0.62968316529285906,-0.11254381779384925,0.16304236860242055,-0.022733974419448973,0.98635711202769216,-14.197908532983604,11.66618534604938,-0.36405434044871099,,0.3427240709061642,0.375,False,1
-0.6943683657885853,-0.68943303217124974,-0.20623934334468533,0.71673918661005953,-0.63696062710255286,-0.28384167752230061,0.064323486920724315,-0.34491050095971293,0.93642898041340017,-10.089620487049162,13.645548474286601,0.1123026486412002,,0.4648139647998069,0.2727272727272727,False,1
-0.46224529427172661,0.88671529542092165,-0.0080791577675552936,-0.87064811415366916,-0.45556026340962574,-0.1855713009137247,-0.16822945415207347,-0.078745357124979792,0.98259758776772677,17.524177773530628,17.85760888996802,1.6697358395694064,0.2029445918102231,0.1320493466177258,0.6818181818181818,True,1
0.9461049358480571,0.32375466211189846,-0.0082685624356916045,-0.32353012435557749,0.94598494560340818,0.020993840196127933,0.014618789225074712,-0.017187246798900865,0.99974541236710146,1.7546106442199314,26.131454397586808,2.5690540394344743,,0.1978795929474335,0.34375,False,1
0.97019327310843084,-0.22044412959959508,-0.10064491313635994,0.2200945374448455,0.97536772387352888,-0.014703666641676438,0.10140713684000743,-0.0078859971371406032,0.99481375324583454,16.283001297056973,11.403466460764383,0.46654772765276853,,0.6953416219743745,0.4,False,1
