axis_00,axis_01,axis_02,axis_10,axis_11,axis_12,axis_20,axis_21,axis_22,location_x,location_y,location_z,dbh,dbh_approximation,score,reconstructed,number_clusters
-0.26898679976398049,-0.95677049971209649,-0.11061786670061957,0.95288267378590186,-0.24763982294588588,-0.17518312729814936,0.14021665932178529,-0.15252779737475414,0.97830187543346936,19.776842186608675,-9.9979676620039903,-5.4145360791296886,,0.2127822067769035,0.35,False,5
0.13867147416635903,-0.9891170256091103,-0.049170437284169081,0.98059640108230972,0.14408501527556225,-0.13292932918458358,0.13856738590646517,-0.029782847802528226,0.9899050770350768,14.521040854271769,-15.880219093756686,-6.3588059735576934,0.2461030131804217,0.211181329581361,1.0,True,5
0.2222171813333251,-0.96585078999712404,-0.13323579016992482,0.96633985747530182,0.23634801590860094,-0.10162133255710287,0.12964105898551465,-0.10616904839923848,0.98586070465716158,-7.6655353868511753,-2.217098854159147,-3.4760243160505913,,0.4087882613017128,0.558252427184466,False,5
0.38776204832561451,0.91550326729345566,0.10721175986492036,-0.91553205372200086,0.39602568203650007,-0.070460753438365567,-0.10696566031162072,-0.070833796612453731,0.99173631615040014,-4.8261320395550795,-11.818781631855233,-5.1175583790933796,0.4501499600695447,0.2133380617004091,0.4375,True,4
-0.91232894146977916,0.40932753013552148,-0.01033806702371216,-0.40138388186055451,-0.89904273768192922,-0.17496609729869048,-0.0809128045440618,-0.15547710086870045,0.98452018220363546,-16.543750942814132,0.46979399167450892,-2.9357970130151951,0.1285808631018773,0.09565370589016978,0.7,True,4
0.16813662000599933,0.97889192145392712,0.11619244005182454,-0.97988714590595005,0.1788204837156479,-0.088568707182577366,-0.10747678028881211,-0.09896383539425084,0.98926988278366701,8.0531079545498958,-12.298025956649742,-5.5072203589770297,,0.405219860488623,0.4117647058823529,False,2
0.91611838298493486,0.38699207071470348,0.10471029348166296,-0.39971328486364793,0.90183174595158067,0.16409994484288448,-0.030925689330754007,-0.1921890714839723,0.98087051262720104,11.306384607041764,-23.270084539025817,-7.4456950389879699,,0.3636880940896944,0.2622950819672131,False,1
-0.41146495998530808,0.90599409757883931,0.099354324800653759,-0.90033512889370393,-0.38708204671494351,-0.19890737741704931,-0.14175063451091485,-0.17129560491523238,0.97496901148317461,11.400193483144809,-22.990020032761862,-7.4045113184354401,,0.2285443946248745,0.1052631578947368,False,3
-0.35434283614646284,0.93505509740583237,-0.010635755123636159,-0.92460088285142505,-0.35203666889706403,-0.14554515169604118,-0.13983691180101823,-0.041739053262236835,0.98929444026069724,-7.7681663296292438,-8.6861828415191127,-4.5450036508333893,0.1540523599213605,0.1507312590032877,0.7421875,True,5
0.99831088240796428,-0.052867761101890905,-0.024091116659559614,0.053161664137557255,0.99851706289548603,0.011726575488903213,0.023435433257285358,-0.012987491776504923,0.99964098831800519,-9.02157912539184,-2.2230279504301209,-3.4679022489785956,,0.3526312779627781,0.2413793103448276,False,5
0.70116254014661195,-0.69063439131758209,-0.17718699112672412,0.70159111705301069,0.71257884070213062,-0.0011402876454487954,0.12704722258852139,-0.12351329204987962,0.98417654408116362,-0.88538265543920014,-9.6068410179574126,-4.7689639835011333,,0.3297077664750847,0.3444444444444444,False,4
0.85569052334897955,0.51718842738987403,0.017602807297105606,-0.51498082284152635,0.85439644588874297,-0.06929260680728469,-0.050877110336715908,0.050227918796956268,0.99744106383139874,-2.5025375518457134,-12.391193323794557,-5.3015236289332455,,0.08814997961637488,0.391304347826087,False,2
0.78688997297225483,0.61043752233961368,0.090389168353289723,-0.61366499427860388,0.78949679735005251,0.01049198603948534,-0.064957256967691696,-0.063724707091405083,0.99585125218244808,-7.2949848060284044,-2.5785793866684936,-3.57061896751302,,0.7057693295437919,0.4273127753303965,False,1
-0.76307499610641405,-0.63614827392784079,-0.1141574522132669,0.64213284181908692,-0.72617423787230195,-0.2456346671541374,0.073361868668531394,-0.26074192188677559,0.96261710269257694,-2.3968354774115226,-12.816172917284709,-5.3306817369147881,0.5770736869121894,0.3074062048158709,0.4444444444444444,True,5
-0.95209141490245097,-0.30321079341887353,-0.039813972714957117,0.30538685480462491,-0.93579586833747297,-0.17613904085992799,0.016149507162420387,-0.17985913253658731,0.98355980289029654,-5.124798894173864,-10.810684710952552,-4.9536667578695672,0.3233547946851495,0.2238332606563044,0.9006211180124224,True,5
0.8851738901951739,-0.46295246258798939,-0.046283922699567506,0.45586900334104985,0.88289103126554702,-0.11263604531275792,0.093008794796949651,0.078603080693927754,0.99255776647802407,0.62750742363362011,-16.72207571617604,-6.0080699486784379,0.2180008438534286,0.155619967674198,0.8888888888888888,True,4
-0.99774038767821116,0.057051019836091975,-0.035486616229147894,-0.043195795843370147,-0.94923843036881905,-0.3115774791803777,-0.0514610728336563,-0.30934056223942352,0.94955788372073802,-7.0231662259520746,-5.3994408875921049,-4.0607869496019884,,0.3327325732868704,0.5517241379310345,False,5
-0.79849457127902856,-0.55742480345235423,-0.22734117122515235,0.60067752487807657,-0.71270381817313921,-0.36227031160140077,0.039911536480914438,-0.42582960918368828,0.90392268098449657,-11.712406623052489,-1.047137583974707,-3.1932615217982998,,0.5585944940626204,0.2368421052631579,False,5
0.13213138691043952,0.98986000447539924,0.052138931069660131,-0.98072879698332582,0.13818735475997374,-0.13811329317658028,-0.14391776596641084,-0.032885050165754631,0.98904309820898795,0.26658812572724955,24.323368625341129,0.53374970676139299,,0.1300030974329198,0.1818181818181818,False,2
-0.9247843200528314,-0.37692875716853375,-0.051948757480870203,0.37949916501387815,-0.90387935753409376,-0.19743984090735789,0.027465344312260033,-0.20230377911234895,0.97893760568213473,-17.070364969161179,-5.3145850417790985,-3.930629362546326,0.1134621002775408,0.2242057856822422,0.8378378378378378,True,2
-0.90523779760657319,-0.42138827748241342,-0.054556845444046938,0.42292384583099557,-0.88117296412808477,-0.21135190540244841,0.040987198146755097,-0.21439712425806881,0.97588622425872429,-10.834503518218808,-6.456603417891766,-4.1448695998116705,0.1968378177573554,0.1392440339634574,0.5178571428571429,True,5
-0.64474148522487973,0.76414504844233022,0.019767705255989136,-0.75334357725596068,-0.63082011972856156,-0.18584787099355732,-0.1295448641869337,-0.13471570616195611,0.9823796652395026,13.117809008734714,3.5139653940106754,-2.8867076774894707,,0.1068304678438277,0.3666666666666666,True,5
-0.15802120611154047,-0.98678243012821121,-0.035912866904752601,0.97757352400121944,-0.15121198693722501,-0.14657742042462185,0.13920956716725294,-0.058269808621282795,0.98854707819726417,-12.158202643487982,-0.9110345021114632,-3.1630264793006266,0.1462714453477371,0.1338904268599432,0.7428571428571429,True,5
-0.66785677881782046,0.74427636263698549,-0.0044742604911065824,-0.73398358817809972,-0.65959395707770008,-0.16187619983117243,-0.1234318243901683,-0.10482608361681077,0.98680093074605246,-1.436265337737499,0.94897416847046201,-3.0632344184017537,,0.2893838241041682,0.9810981098109811,False,5
-0.40990100253004264,-0.91118763147049397,-0.04145200091742391,0.90488759754171433,-0.40051071620503381,-0.14411662645273135,0.11471531693741302,-0.096582951187686922,0.98869213084752872,-8.4751424838960752,3.5752335209501709,-2.568377971019939,0.3224734975900858,0.271885414648981,1.0,True,5
-0.58175840517789901,-0.79304598678727944,-0.18065220963347864,0.8117191760889032,-0.55197429709948775,-0.19088309121312766,0.051663693000212382,-0.2576867054819037,0.96484632177537133,-8.2417772066442812,-23.091170435819819,-6.9732064037522274,,0.2741629419982382,0.1951219512195122,False,2
-0.99837619455114701,-0.038392374089386838,-0.042083248037095025,0.047738299433090173,-0.96697233586661402,-0.2503708378304107,-0.031081005788225535,-0.25197326699561962,0.96723494756896977,-9.0544865959700331,-4.6655710584089176,-3.8520238079078259,,0.20659458141939,0.5,False,5
0.33782290675753496,0.93664601086616217,0.092573938008476145,-0.93612272249931405,0.34458003271016135,-0.070276948410828169,-0.09772375397191839,-0.062919403890782044,0.99322264197090604,-8.018814812807106,-6.343568927837393,-4.1576749877411805,0.4119293513450618,0.1618714673555066,0.25,True,5
-0.25177163748653736,0.96777536533932651,0.0046781192460741573,-0.95722394291000212,-0.2483085889609862,-0.14854348780082088,-0.14259511098623337,-0.041877044911704457,0.98889481110595723,8.7546596809379214,2.0335096012712648,-3.106665944215421,,0.3458891080027884,0.9287833827893175,True,5
-0.72289119528088264,0.69071647018922422,-0.018414059702187034,-0.68098446609623731,-0.71671220039337569,-0.15027900300078123,-0.11699776374358489,-0.096095679489896016,0.9884721258904452,-2.7977869194948926,-3.3370313194609733,-3.7810970841830329,,0.261519908343126,0.9911991199119912,True,5
-0.93886299862278422,0.34376507601189454,-0.019022153704835516,-0.33596223106176193,-0.92683066235900058,-0.1676732018277807,-0.075270506289232236,-0.15103143985843726,0.98565909677598462,-0.7287773549996196,-12.246597955331843,-5.2876256365993735,,0.2057352200045153,0.865979381443299,True,4
0.82531051528844779,0.54154101384702025,0.15998713596992484,-0.56175560764748278,0.81618816033973041,0.13515740526458472,-0.057386327909399466,-0.20142049856652938,0.97782237248197945,15.405293758356649,-11.106836554625705,-5.4474418669223814,,0.323539284091873,0.4642857142857143,False,3
0.99863972536361101,-0.038241969135733113,-0.035443627386501066,0.037941098667576729,0.99923833165754972,-0.0091230246154228589,0.035765513523346705,0.0077658446326233123,0.99933003542350973,-9.9329905026790115,8.1194005338264574,-1.8816589025948638,,0.2284864727145701,0.24,False,4
-0.13805489064910614,0.99041697838331111,0.0038802187999562952,-0.98047205452844288,-0.13611256053772916,-0.14194337304938506,-0.14005498012079839,-0.023400422943511169,0.98986717429634352,-15.964019796891058,8.4772199231946654,-1.85119041678909,,0.2702146027368429,0.8076923076923077,True,5
-0.57953822687404877,0.81494504870845508,-0.0001057225508666014,-0.80466383105750139,-0.57224739656837709,-0.15826887283537297,-0.12904093373634729,-0.091637790819556864,0.9873960465356153,-7.6980359550036059,8.7310788673418589,-1.8100049930693807,0.3692234342718898,0.3030922806688629,0.9736842105263158,True,5
-0.91214299919518294,-0.35051591683998073,-0.21244703118905883,0.40859746127575663,-0.73677775771524523,-0.53870831660101792,0.032299592229992902,-0.57818433719526152,0.81526658742024571,8.1924536706495168,-13.023672072682841,-5.6478541849797601,,0.2508745690085658,0.3214285714285715,False,1
-0.99869197436283108,0.050430393171696106,-0.0084330177172872063,-0.046074356784825674,-0.95911989464270586,-0.27922424921097211,-0.022169663735305552,-0.27847047086740578,0.96018888915918543,-7.301798939499017,-4.2514055269215341,-3.8472937041885165,0.4303503912853126,0.301192176203996,0.9411764705882353,True,8
-0.61408824896092629,-0.78650094037072427,-0.065665008064189775,0.78362317705407136,-0.597699755124522,-0.1693803976491095,0.093969882791175879,-0.15547113404118867,0.9833607616781137,22.19657233998764,15.984344032924833,-0.8688728768460342,,0.1854903354083174,0.6296296296296297,False,1
-0.41841185600850278,0.90813448217968196,0.014942591065855746,-0.89762054523420076,-0.41094525655116776,-0.15937801884686489,-0.13859608769722395,-0.08009842941242,0.98710453655156916,20.114103234835472,-3.4609588314342608,-4.2722257374020529,0.3343578928072393,0.3227450015676512,1.0,True,5
-0.87982313448165261,-0.46439280763737412,-0.1012451097365115,0.47460369321270851,-0.8468331161638748,-0.24005209384015003,0.025740754063134176,-0.25925468864199869,0.96546590825228173,6.2916228078061787,-9.4382905210722132,-4.9777799096665136,,0.3823599157513778,0.7150259067357513,False,8
-0.30522394984341983,-0.93404464638630302,-0.1854695096210342,0.94676620763059671,-0.27671583974354508,-0.16450559906520293,0.10233322300581651,-0.22580731297305248,0.96878220920758595,13.734670446990725,2.3584888405750535,-3.1054105653032273,,0.1420580922860374,0.25,False,6
-0.12855618839343122,-0.99080305091627008,-0.042221093315597688,0.98234782367437345,-0.12139426423545355,-0.14232422820080728,0.13588988096239987,-0.059772459425262721,0.98891920466046213,25.933270146912371,-13.449334923555092,-6.6147047141650122,0.3631730327080961,0.2984344972699607,0.9459459459459459,True,1
-0.58465996119252073,0.81097614686351738,-0.022145405771003539,-0.8010614412516337,-0.58140031062455966,-0.14238766149326343,-0.12834834287288202,-0.065508533978922839,0.98956320407426079,-1.3808777940093162,21.641649508690705,0.11183792271552456,,0.2415495609715144,0.9583333333333334,False,2
-0.30296855538536493,0.94102191925857481,0.15062470555195492,-0.94342339810251052,-0.27380307618945676,-0.18704055010051246,-0.13476774970450753,-0.19877027681245163,0.97073581920905994,-1.3832452042385195,9.7560376289918356,-1.7222318452421439,,0.3672261690891048,0.1971830985915493,False,7
-0.098694255507171744,0.99511674304152542,-0.0014531511670737608,-0.98479253228254116,-0.097879921182784657,-0.1435381112798772,-0.14297941212086313,-0.012735334612061151,0.98964372324685324,11.635588236230408,-1.3541410728320675,-3.7067308954221896,,0.2548427954178726,0.9774774774774775,True,5
-0.9287559885604183,0.37046593770674374,-0.012934554968134742,-0.36246220600289331,-0.91489587182169974,-0.17772645538334531,-0.077675368893084087,-0.16037622243548211,0.98399492089372531,-9.789283595040029,-9.7832762617398235,-4.7365020437806784,0.1405690111276115,0.1605504974052529,0.7027027027027027,True,5
-0.7157575369430792,-0.69498815668750158,-0.06842960158650091,0.69217877423076446,-0.69302281057731785,-0.20151409013742266,0.092626631233003354,-0.19160074656333093,0.9770923503450436,0.045755144504729825,-11.286431529370651,-5.1180003115839385,,0.1188645084679012,0.2903225806451613,False,5
-0.73558549357395275,-0.61518872092045096,-0.28364911298261464,0.6732816968949924,-0.61762953727024228,-0.40647941069326787,0.074871478346323184,-0.48997611405415109,0.86851463395076434,6.8448365176604229,-7.628959143038208,-4.6805287419494972,,0.5201490854043856,0.3098591549295774,False,1
-0.77016383716212067,0.63678052479337555,0.036854133711053581,-0.62675686782609941,-0.74478281447499806,-0.22907288773558143,-0.11842082823784114,-0.19952223561942722,0.97271135746062409,-8.5208200547978166,8.9811798155727107,-1.7445188608557021,,0.1479827902389642,0.1666666666666667,False,4
0.67101082778146659,-0.73206334057344991,-0.1175913873907105,0.72956317451243236,0.68018090330470982,-0.07135483988441782,0.13221967854813807,-0.037910475703030806,0.99049520566058125,-12.373319951267105,-0.21208063607648564,-3.0615847662950064,,0.2176543878538545,0.390625,False,4
0.41714057256043841,0.90883020026954731,-0.0046270727208311711,-0.90171995889643053,0.41323022351237887,-0.12705076978802088,-0.11355553025621008,0.057170354677258145,0.99188542286612302,9.1719366937349882,21.413822151741677,0.032232746433624851,,0.1452318210990791,0.8076923076923077,True,5
0.0073131710574622592,0.99961034759182243,0.026938272335850232,-0.99147474722889606,0.01075307088300311,-0.12985452273210163,-0.13009359375649937,-0.02575896841764528,0.99116705575275155,-12.145366457681522,-14.376423701277455,-5.5793659437258656,0.07174949296603902,0.09329117467631937,0.3888888888888889,True,3
-0.23905665076527022,0.96715871719159774,0.086347747423980117,-0.96000502702788282,-0.2220642551550206,-0.17052218232136432,-0.14574726689062242,-0.12365873338648488,0.98156316752981565,0.84993867678650536,-10.929627348938268,-5.0345852478371462,,0.1358942535195731,0.25,False,5
0.99821538659698961,0.056213628322122129,-0.020151177431765095,-0.056388545494515524,0.99837506723241587,-0.0082193105357673268,0.019656395855729085,0.0093409378294008229,0.99976315844425467,4.6059140383978683,7.4111413945467994,-2.133941840837005,,0.1660409696386889,0.631578947368421,False,5
0.3464783065111785,-0.90751496908088081,-0.23742233258746701,0.93211729223143813,0.36151373261977487,-0.021567907883005749,0.10540463291657409,-0.21383264956840875,0.97116706149780241,15.801224782729632,-10.619324555503288,-5.3653317219234191,,0.273823874157455,0.2205882352941176,False,3
0.96561122072990169,0.25997577336656685,0.0027509385607357422,-0.25985972441604321,0.96540746752181228,-0.021478949684283016,-0.0082397831845010677,0.020025456688358492,0.99976551603738362,6.5265600853805044,-7.8343435907406507,-4.6894833998118584,,0.1929065828762634,0.1363636363636364,False,6
0.50464825163636218,0.86220280487618806,0.044005288136741413,-0.85608031770089499,0.5063524824745631,-0.10360334520169864,-0.11160928171750799,0.014611185971094736,0.99364474611352949,16.915857031239177,20.363761435818581,-0.11352333164996453,,0.1674886602476449,0.25,False,5
0.97833721941937024,0.20296166104593771,-0.040778048558622181,-0.20594636548988066,0.97421898680054431,-0.092105701771549753,0.021032822927128797,0.098508527056265852,0.9949139110782006,-13.316364625667909,-9.5961858690598927,-4.6950842536936701,,0.1175516789262216,0.6,False,2
0.8966267247264782,-0.42046209058023798,-0.13882415816839624,0.43377433203836646,0.89702451629770974,0.084775267770317686,0.088883887015235197,-0.13623012715899468,0.98668181653626663,-2.091914234819662,-9.8689080276011278,-4.8387134953475535,,0.1316322776760058,0.3055555555555556,False,5
-0.85234162797613366,0.5228947703004363,-0.0097369610991956401,-0.51398094115287984,-0.8409612598577958,-0.16913826163818685,-0.096629919541480785,-0.13915896884801196,0.98554423545499181,22.622264117144113,-9.6111533877069881,-5.4794500213042916,0.2631854964944266,0.2565964537416202,0.9642857142857143,True,5
-0.97881587931634273,-0.19712721973692415,-0.055320282329055184,0.20259468826890042,-0.8934899142327356,-0.40078818027682295,0.029578145367873031,-0.40350543045065779,0.91449904369191537,-1.4988152649671773,-5.4406706478912668,-4.1339029609776645,,0.3883258428252835,0.2108843537414966,False,5
0.99885296135685153,0.039241090609803998,-0.027438994085063704,-0.030828022512277797,0.96550239289628159,0.25856287888932461,0.036638703806623714,-0.25742040734818644,0.96560464956630321,-7.6976053206257671,6.4507760228203299,-2.1346546601920098,,0.3755949181186917,0.2121212121212121,False,3
0.94511712135093484,0.32657613874769414,-0.010082287933339245,-0.3247082853931576,0.94224565244063951,0.082083249532110686,0.036306422659903789,-0.074304482081244252,0.99657447670321164,15.105025419852629,4.2261707333925207,-2.8250763615795749,,0.2262839335396737,0.25,False,3
-0.95040511999816779,-0.29758742427859836,-0.090398190205878123,0.31068060772275846,-0.89492989241325194,-0.320278078628906,0.014410685836775405,-0.33247889042228773,0.94300059361448929,-0.71937632969910903,10.853429023606257,-1.527372219888085,,0.1472267858399022,0.1333333333333333,False,2
-0.58474883810309697,0.81121437539680175,0.0001829935938333499,-0.80058091590648661,-0.57704747198482675,-0.16151288543720738,-0.1309159784877684,-0.094590973277041746,0.98687058642513681,10.943810692080953,7.732416294333234,-2.186190412373493,0.3147660578639314,0.2608188995012288,0.9467455621301775,True,5
0.99323165887390219,-0.10577915953406639,-0.047975423071226084,0.10423160321186173,0.99398214752943803,-0.033693668316934752,0.051250801969155615,0.028465062814494953,0.99828006866634666,-9.1658531824430813,-6.1254216166311295,-4.1139757733330979,,0.3703758510570919,0.4428571428571428,False,5
-0.99963997542951721,0.01851527699545101,-0.019419166847640095,-0.013344101226968733,-0.97096358473580968,-0.23885487660801719,-0.023277768057079137,-0.23850975165550048,0.97086108371873303,-5.6710797722832407,-9.6734268140316484,-4.7394062136685502,,0.1455232324946719,0.1388888888888889,False,4
-0.2542585234356351,0.95225242814479905,0.16902046134319226,-0.96025922774413863,-0.22776124619016791,-0.16132895048977652,-0.11512957392677924,-0.20332271842132299,0.97231941941997757,-11.248354472068609,-3.7162355295448157,-3.690133031809387,,0.3833186488358322,0.4615384615384616,False,6
-0.39487920711645957,0.91872602481727061,-0.0035920899950581285,-0.90802780912523418,-0.39087014666823078,-0.15068518938098541,-0.13984244578204419,-0.056240730498563749,0.98857527310300697,-2.7097879015410271,-9.4223484690796919,-4.7705002105698737,,0.07992119338720488,0.2277227722772277,False,5
0.93438744889246617,0.35449950440229566,0.035358121142891837,-0.3553519809500415,0.93448385793683375,0.021561282206135485,-0.025398129598654416,-0.032711169866239606,0.99914208918395186,-1.6605638623216634,-10.88761901818328,-5.0186347711300661,,0.2166798928957465,0.1590909090909091,False,5
-0.35486760566381326,0.93451296427420638,0.027468200775958407,-0.92407039786851608,-0.34613697198361726,-0.16212062302228908,-0.14199606414811225,-0.082913908540417608,0.98638856518970086,-23.331460227907488,8.0313778107144103,-1.9522431434961107,0.3233218053218035,0.2964585816225728,0.7450980392156863,True,5
-0.55878549349297868,0.82929350494285081,-0.0055726942685065829,-0.81886683077805833,-0.55279813980458825,-0.15450349536526847,-0.1312093202227152,-0.081771017409524666,0.98797652553008775,-9.0230154951866393,-13.435943623147898,-5.3487048779535531,0.2704481160251601,0.205226328391498,0.9565217391304348,True,5
0.83761919296362963,0.52457655808808001,0.15235984472105024,-0.53814555410677933,0.84031818377344947,0.065304767167489203,-0.09377339800853271,-0.13669229943254249,0.98616518144871612,7.7879090930183903,-13.521709608260505,-5.7383450284123647,,0.3226807776041181,0.2173913043478261,False,3
-0.74539909111386093,0.66652054703166419,-0.01142608205991026,-0.65665204484115458,-0.73709978249937425,-0.15966215157420419,-0.11484026720867101,-0.11150906251953249,0.98710558807224602,-3.5427234354029706,6.1356801371182783,-2.2450477772880855,,0.2866893630711457,0.9969135802469136,False,5
-0.42078976858988304,0.90620727372032761,0.041525265880488327,-0.89887743333759385,-0.41034080244059212,-0.15375235181561142,-0.12229198864395531,-0.10202354095395588,0.9872364795755495,3.8628219028826152,5.2984131669762844,-2.4391586677589463,0.2266997586661077,0.2459289539381591,0.2248062015503876,True,5
-0.91268504497614833,0.40844882541009209,-0.013250120678774863,-0.40037944183096041,-0.90020868992667857,-0.17123264040369673,-0.081867644622368924,-0.15097639418667189,0.98514152138785438,3.7363945321192942,-2.9151836923277408,-3.7799576572425915,,0.3079526391024974,0.9293313069908815,True,5
-0.2301748959094321,0.92985583549198747,0.28703247637607415,-0.96277628767635015,-0.17464003151433899,-0.20630724485780438,-0.14170863481534737,-0.32383481065841302,0.93544090044459893,4.2540808011459941,4.5801081679650011,-2.5421317019507113,,0.683357507532025,0.3564954682779456,False,2
-0.98228243804174686,-0.18436787848083769,-0.033610969924055545,0.18739546799833154,-0.96434865734678044,-0.18685450395199718,0.0020372747598330649,-0.18984244113984539,0.98181245513265747,-11.864515070922002,1.5263847418206273,-2.8343841361712148,0.248779457091765,0.215019014893273,0.9722222222222222,True,6
-0.55443226299058856,0.8319551935342212,0.021340611672857501,-0.82144217123289132,-0.54295101693874104,-0.17446189419291669,-0.13355757213774208,-0.11425738119099348,0.9844326415596184,9.1325486717446545,-7.6144548234492024,-4.7629885521126853,,0.2638251773418077,0.94,True,5
-0.19688591619099732,0.9794880459745875,0.042884773504325999,-0.9702620381349718,-0.18837612307667956,-0.15200662356875,-0.14081020332278313,-0.07153743109369734,0.98744867339660347,16.77600564258929,6.3856700933118544,-2.5118636182478569,0.3569787594438595,0.2968931786943708,0.9076923076923077,True,5
-0.5873918902855203,0.80927145779688792,-0.0071045634702656506,-0.79888639091264269,-0.58121334345485864,-0.15482759380871614,-0.12942681963710451,-0.085268733925890183,0.98791595865908577,-7.3467107617206171,-0.1080915388392763,-3.1781787906430985,0.3101385573816275,0.2612464050900524,1.0,True,5
0.12517993866463392,0.98819617275859883,0.088308023990901235,-0.98331979321094021,0.13541358943306844,-0.12143040836811701,-0.13195517131023637,-0.071634376818057371,0.98866392106841683,-6.5676832016712776,-7.3112283841750791,-4.2988375810147277,,0.1577112941055167,0.1428571428571428,False,3
-0.99933545851477767,0.024927450716341018,-0.026594427157635867,-0.020527715690567508,-0.987779963071858,-0.15449711143670458,-0.030120661406842296,-0.15384851885716253,0.9876352459293215,5.8552578182676758,-8.4162434370026258,-4.7873947706189899,,0.2221783533534717,1.0,True,5
-0.35531197294563927,-0.92566466402737879,-0.12999358312069795,0.92646469504419748,-0.33026885932058286,-0.18051495616636143,0.12416348383538374,-0.18457359056528544,0.97494411067901698,-5.6660665689967855,-11.143199582682129,-4.982477325903603,,0.1823598853081118,0.25,False,4
-0.12719240530942991,0.9917706765942963,0.014595104634612258,-0.9819751968522783,-0.12383479446227486,-0.14279235430308371,-0.13980988805707911,-0.032494133750258475,0.98964505074965625,-10.373881548988679,-11.33009519205438,-4.9697244983295716,0.159850153223729,0.1698014156823283,0.9375,True,4
-0.49003198214370691,0.87136163016558177,0.024445162128514289,-0.86096784286328909,-0.47941821431573928,-0.16997808487461644,-0.13639292515245838,-0.10434119635832989,0.98514460091443856,-0.41015063970584487,-6.2171095607300266,-4.2631713428636884,,0.1223650497458176,0.3221757322175732,True,5
-0.25688986094534905,-0.93360102504112219,-0.24979336537555819,0.95800544930685649,-0.21192006126155921,-0.19317206509551788,0.12740941268936648,-0.28892735017139648,0.94883498453687309,5.9479983382954442,-7.6496725206798173,-4.6675587624020878,,0.2004129222008166,0.2142857142857143,False,3
0.74898394076899943,0.66211531817262026,0.02502722340395341,-0.65974632943760059,0.74873395339618909,-0.064282562373693133,-0.061301201160780736,0.031634988112604623,0.99761785783102463,6.5721646595362824,-8.6710881458593612,-4.8429817039540106,,0.1260286260904927,0.1666666666666667,False,5
-0.27787072295387133,0.95154011632640201,0.13175457618857961,-0.95221714519999989,-0.25473754762646394,-0.1684971519534352,-0.12676896194359619,-0.17227939183429436,0.9768569196340634,-5.0790616091747003,7.8502204110032565,-1.9514489524820979,,0.3401944353895504,0.525,False,8
0.68433533612305131,0.72914105007412844,0.0062029694621812351,-0.72607773854373014,0.68219324530692715,-0.086159698518660621,-0.067054196919911713,0.054458288206672006,0.99626202854521473,-10.622992720341459,-4.4436118138656342,-3.8234889715547706,,0.1948727611808496,0.4444444444444444,False,4
-0.99339778785077848,-0.1042950165603557,-0.047784773870498808,0.1138262761544591,-0.94798925819999147,-0.29725400786909256,-0.014297340661409393,-0.3007306367134962,0.95360194535870524,-4.0730619355720705,-5.8756329566453784,-4.1463582022522658,,0.3027581437917006,0.1265822784810127,False,5
-0.7581084501353369,0.6520527282163493,-0.0099406971090617944,-0.64197081168977477,-0.74889326800609934,-0.16441517592216714,-0.11465188516448416,-0.11826289680521623,0.98634113392247302,2.7556809585427513,-12.610813159778559,-5.4538130259105797,,0.2903728532083044,0.9847715736040609,True,5
0.87756521254989206,0.47905872682765527,0.019545689359257781,-0.47667234242606166,0.87613006856877529,-0.071969305371972075,-0.051602089960718175,0.053840869234613231,0.99721531532149432,0.47616575504776093,-6.7250753288610428,-4.3657430486745161,,0.599763726822442,0.5778546712802768,False,5
-0.84831718104951659,0.52948738938018514,0.0010319028822290671,-0.52038178942881164,-0.83336560356003286,-0.18629161020800192,-0.097779105984201795,-0.15857135709319867,0.98249395476132662,-0.86493567902621882,8.9523639939774373,-1.8262959510706256,0.4256635547397671,0.3315877586106046,0.9963636363636363,True,5
-0.45547893779462661,0.88975852928239751,0.029473662729684665,-0.87801795972191099,-0.44350753647820956,-0.17995979410079838,-0.14704897018085741,-0.10784630107822089,0.98323231014470591,3.9005892751702711,-15.81586907173368,-5.9988801408052286,,0.1792553481899075,0.4821428571428572,True,5
0.054359550729327188,0.99813820295709366,0.027661652916826502,-0.98905770412474858,0.057628696932318965,-0.13580792024534299,-0.13714917847361768,-0.019976513396190932,0.99034894949030228,-3.2391280836813099,-7.7218279048309659,-4.4635967473078901,,0.1742952444441178,0.8421052631578947,True,5
0.6363106375804426,0.77116888552834462,-0.02018223215956353,-0.76601766038001373,0.62853316826903483,-0.1347701761207582,-0.091245364199512111,0.10121564295434329,0.99067132649200995,-6.6410370788921051,-11.876796898438489,-5.0955992855558891,0.2222825503469064,0.2385035720966713,0.9381443298969072,True,5
0.53727076178491051,-0.83194215804272609,-0.1386087089697948,0.83414338160600343,0.54843743072956475,-0.058491054851611227,0.12467937862358119,-0.084194003622378846,0.9886184412097887,-3.234623584017517,-4.9106711607663298,-4.0069556744167913,,0.2061739430892133,0.2802547770700637,False,5
0.8808335095390869,-0.4590194479719078,-0.11590286819841709,0.46405009319843399,0.88559725066938766,0.019365448854750583,0.093754143778178825,-0.070842473067970924,0.99307175195654107,-5.4767995973165249,-8.1554724703740789,-4.4813654541626091,,0.3786041710266072,0.45,False,5
-0.47079275211096766,0.88183917119135768,0.026718171949445358,-0.87131965836833558,-0.45999900911905178,-0.17088874904562051,-0.13840606020210067,-0.1037332529232054,0.98492800484974663,12.03385074856593,19.442528008235548,-0.2525755915539914,0.2776099556774898,0.239764007577544,0.8333333333333334,True,4
0.68823316939712875,0.72499813996453444,0.026698344322228385,-0.71785457249125528,0.68585387964061906,-0.11953772850153975,-0.10497579385258331,0.063104301199490606,0.99247061914957657,-18.087699022755853,3.4742245550291138,-2.4948699027301391,0.4139627365817538,0.1876337041626384,0.4444444444444444,True,4
0.61266064855958813,0.79029020985031473,-0.0093975486851090254,-0.78553295917690402,0.60757631116836375,-0.11742655642493653,-0.087091329954939373,0.079324714445043479,0.99303710400210665,-0.20495300102374153,22.254137624915,0.2166089636763274,,0.1883481526615101,0.5185185185185185,True,3
-0.75210413110879448,0.65903930255034304,0.0025639155685282539,-0.64916033076167889,-0.74014766905301532,-0.17542033223311271,-0.11371121727636514,-0.13359874883151215,0.98449029115384468,-18.244860285248077,-6.9853895692635222,-4.2112611814196654,0.1306522045554251,0.2017964833727075,0.8205128205128205,True,3
-0.96603709428748508,-0.23195254524152376,-0.11388744099579956,0.25823153230541457,-0.85050070474625339,-0.45821940918006121,0.0094238094097075509,-0.47206627498912229,0.88151269068238858,2.8214876937931956,-16.291162288528021,-5.9810490897513606,,0.3251513103191334,0.2432432432432433,False,1
-0.86509285657395973,-0.49825884586901076,-0.057900535558743374,0.50022147238653913,-0.84834058409239432,-0.17348409709601589,0.037320611840521475,-0.17904294427611026,0.98313315275032453,-18.664777460436195,1.0035396217766692,-2.8407481436113482,,0.1653375924436387,0.2916666666666667,True,3
-0.031451632385305961,0.99932844696467804,0.018800263494522865,-0.99016433673352611,-0.028586642793019413,-0.13695762160201172,-0.13632821087858191,-0.022922891200462051,0.9903984854479817,0.76393749410820333,22.20298898604419,0.19101776501687096,,0.2282170767249015,0.5833333333333334,False,4
0.47404814467946588,-0.86501315538984613,-0.16440984620289356,0.86979071930743035,0.4890795099368811,-0.065309551878449154,0.1369031085571833,-0.11204228649221262,0.98422764892324488,-10.639058742671221,-0.51695320530788202,-3.1486320967788033,,0.273642863807521,0.4339622641509434,False,1
-0.93415625768607424,-0.3488217086364806,-0.075335926422082033,0.35604177442379553,-0.89667482454648528,-0.26307511073775691,0.024214481020708375,-0.27257599785831149,0.96182949856013567,21.242786698829917,-4.0395962204360858,-4.3855135576801612,,0.2222979189962645,0.3181818181818182,False,1
0.99745800787326222,0.068405521080265624,-0.019955130048230331,-0.065766338557556175,0.99156230480232677,0.11170937475356371,0.027428292732821605,-0.11011303456374526,0.99354054188891927,-3.9732819214383981,11.139597356186053,-1.4630472372473406,,0.2320608648852653,0.3214285714285715,False,4
-0.71642282697682858,0.69714885137190641,0.026866559462645899,-0.68808519878295915,-0.69969982198952352,-0.19224702422571904,-0.11522626524514286,-0.15621663848214148,0.98097873048246842,-11.559077026335176,12.252295013603119,-1.293820087436776,,0.2358147894702904,0.9473684210526315,True,2
-0.94499693051638278,0.32656204232421704,-0.018385696278689207,-0.32001632054530704,-0.93474745219006394,-0.15439156456499908,-0.067604407395222374,-0.14001583173777635,0.9878386563419761,19.353950000137708,-0.51963248322266675,-3.7461395041396908,0.2533932498455974,0.2267398264861721,0.9516129032258065,True,4
-0.40928288159691745,0.91003786120090235,0.065716162491511076,-0.90149411691235404,-0.39223051271976472,-0.18293053890481389,-0.1406978322652446,-0.13411307196719277,0.98092701253629666,2.7519103742008251,-14.085896280961773,-5.6641703076140066,,0.07778178328509491,0.1304347826086956,False,2
0.67094960574988272,0.7394082830414882,0.055695758489444191,-0.73653637425080298,0.67325189193601265,-0.065161794097918779,-0.085678445069674716,0.0026983280409900515,0.99631918734722014,1.5305299903677025,21.071147753212269,0.048009397222024484,,0.1494104433141402,0.3333333333333333,False,1
-0.99777867238258411,0.062303654151402259,-0.023579135222291846,-0.057671390369252118,-0.985043338842714,-0.16236881269035638,-0.033342640437223986,-0.16064829685054607,0.98644837322978729,-27.391080324866703,6.7274228129188112,-2.1962227810369881,,0.3828005579333985,1.0,True,2
-0.94888474416837432,0.3156128884570103,-0.0024993847928239422,-0.31034618747658893,-0.93443393593917379,-0.17469534419660718,-0.057471612151267788,-0.16499007244391375,0.98461936289699681,-20.433480194475038,-3.1964567809194739,-3.5249250600498923,0.2484350423692922,0.2680531685635772,0.85,True,3
0.52637204362535084,0.84820219297840738,0.059038220809004685,-0.84374815550781213,0.52965695026476034,-0.086905495300345248,-0.10498343567838246,-0.0040687667485445802,0.99446564715444519,-16.079328629047183,3.1479678800846416,-2.5457003959478679,,0.1471215418422503,0.2222222222222222,False,1
-0.98895878711702923,0.14811834307502147,-0.0046339862674223504,-0.14136467178551754,-0.95232418367222216,-0.27036027586169298,-0.044458373283210936,-0.26672008855305229,0.96274807058090994,14.297596152293345,4.5581684313659405,-2.7405494277949045,,0.1601485955240968,0.1818181818181818,False,3
0.90631459427018202,-0.41188225036636283,-0.094587885302594502,0.41409455057381755,0.91022430793234266,0.0041728208871747718,0.084377481580952526,-0.04295021632342761,0.99550776969334998,11.322441855728529,-19.932029151936678,-6.8865621652964375,,0.1214890650528165,0.25,False,1
-0.44267524335849789,-0.89204838743215864,-0.091040119712033102,0.88949370597770883,-0.42402717946023488,-0.17029943659636895,0.11331185261718052,-0.15636695801442321,0.9811777609066461,-6.0310521542654376,7.8818192829605591,-1.9402487677194984,,0.07992081905312991,0.2307692307692308,False,3
-0.9904226246854253,0.13612977447039237,-0.023058816402249535,-0.12991001129682339,-0.97536767016339454,-0.17827309658187429,-0.046759100462816658,-0.17357013712811073,0.98371082845582047,11.189442758986219,23.485036960326607,0.38116453408189682,,0.2339070866251437,0.6,True,3
-0.77424937122286108,0.63144955988076601,0.042536625246868992,-0.6111937337479828,-0.72858360754609564,-0.309205670456281,-0.1642562966470556,-0.26540041473499121,0.95004341420289351,-9.0709243460385185,12.038461559609956,-1.3199039863384605,,0.2774502475015788,0.3658536585365854,False,2
0.99271336084334538,0.047158699470200266,-0.11088841358496733,-0.050903038385782216,0.99821674797462956,-0.031180197979676,0.10922025401090689,0.036597556301419143,0.99334362382136365,24.488700917336423,-1.3749003246429821,-4.0715169437585983,,0.2386688162862802,0.3478260869565217,False,2
-0.94475481445603371,0.32752263537225484,-0.012933053814089934,-0.3197579439026888,-0.92959602422102983,-0.18331963632840709,-0.072063845812377916,-0.16905666230961561,0.98296828385022805,-13.546054082911882,-3.5818611607299013,-3.6595269555511716,,0.07728853814188666,0.3,False,1
0.99923450330227559,-0.0048949073471334292,-0.038812978400501012,0.008776206840787195,0.99490138420414209,0.10046996517452486,0.038123294765044911,-0.10073368647451315,0.99418274919931715,-11.912410943766636,-5.381378827697139,-3.9552785377861088,,0.2650592768560078,0.1666666666666667,False,2
0.61035058171235856,-0.74965177328990995,-0.25591871015359496,0.77680043191806469,0.62969496624545418,0.0080832207099118536,0.15509112281266899,-0.20373136304563061,0.96666451022900202,-13.449472425363778,-2.3884420746354356,-3.4457814413130365,,0.3659203003659475,0.2666666666666667,False,2
0.9963382352583191,-0.080213815482889278,-0.02959501255304758,0.076128314441177236,0.98985458254678471,-0.11996826726878973,0.038917871250664426,0.1172759532760554,0.99233651050463179,-14.031512204656615,11.529299987708058,-1.4158368513259956,,0.2517211970745811,0.6410256410256411,False,1
-0.51935080439759662,0.85454697902784205,-0.00491961441153953,-0.84390939363232298,-0.51377493228352134,-0.1544417504957388,-0.13450530588305512,-0.076057738537587738,0.98798964726248728,-19.272882500590441,14.457520272223285,-0.99404579121151759,,0.2384994431106854,0.9743589743589743,True,1
-0.78774552360025007,0.61599808351826757,0.0018306145392609809,-0.60639796929585843,-0.77493925163847632,-0.17818714629248489,-0.10834432556266638,-0.1414762077941791,0.98399491347595458,-0.83426419429246079,28.010419945992037,1.1183235557827387,,0.1073709280271792,0.25,False,1
-0.94258455229103066,-0.32989221736476176,-0.052014293270986944,0.33332236300809176,-0.91960651887886791,-0.20789433074087046,0.020750038578792051,-0.21329551180850792,0.97676735231135126,20.358804943507931,17.086652918839626,-0.72847041023773418,,0.2054237557933866,0.3809523809523809,False,1
0.69701293469810111,-0.71358903722214095,-0.070453210146303277,0.70693544508654349,0.70029929739038355,-0.099111909248211727,0.12006350546203283,0.019276411256075224,0.99257905207860175,7.9020879333539478,25.29946521117478,0.66235255053951736,,0.2005882152400866,0.1612903225806452,False,1
-0.75606266898008867,0.65368297202964343,0.03267740279149433,-0.64469009937485555,-0.73519105767968929,-0.20944876336674528,-0.11288895580500362,-0.17942318909860111,0.97727345347704198,-7.1858719750645488,26.295374598608596,0.85572043214990845,,0.3861516347092939,0.6181818181818182,False,1
0.26928900774332032,0.96305445995786165,0.0030882784669779492,-0.95451962037438498,0.2673258528227816,-0.13201963010443907,-0.12796767024900638,0.032603612803554415,0.99124229116962004,-5.7561082873899503,23.321425480630452,0.37500445959166001,,0.1617091098300827,0.7142857142857143,False,1
-0.042787962477196934,0.94127221360760371,0.33492657427754585,-0.98898926469686188,0.0076302158801863848,-0.14779043988019941,-0.14166659656182573,-0.33756243821827114,0.93058163302459695,-5.0533313894876635,9.1934931826115474,-1.7585144624556601,,0.4763424866192297,0.3064516129032258,False,1
-0.93732744064356099,0.34786881478088305,-0.020113595390587623,-0.34033185808639849,-0.92635095774711151,-0.16139432905919987,-0.074776302315988419,-0.14443403609936775,0.9866850124675024,12.42904678805929,23.480816337048566,0.37894322532931152,,0.2036065204683992,1.0,False,1
0.51273581770400101,0.8581422502108087,0.026341215737688162,-0.85191188736924217,0.51234094286621523,-0.10841076709411074,-0.10652754292850966,0.0331456884992226,0.99375713629212625,-3.982169404190242,23.423781069678927,0.39963143584688465,,0.1823260330792219,0.7575757575757576,False,1
