axis_00,axis_01,axis_02,axis_10,axis_11,axis_12,axis_20,axis_21,axis_22,location_x,location_y,location_z,dbh,dbh_approximation,score,reconstructed,number_clusters
-0.5611779602925413,-0.82767201077122865,0.0061918872577801896,0.82075033461743618,-0.55742083790441799,-0.12510354789254488,0.10699619202227889,-0.065123360292962118,0.99212436863373332,6.4768364115652712,11.23740050770091,-2.1478195333203125,,0.203446741988892,0.8953488372093024,True,5
-0.79794437301568832,-0.60216211538788433,0.026183284060400248,0.59593353113089187,-0.79470625691884667,-0.11534813257223378,0.090266295185222015,-0.076437896397164098,0.99297998164510348,5.9833156157508833,-0.32698485617175377,-3.5268439382727701,0.3429399950719053,0.2595954505384149,0.9751908396946565,True,5
-0.46239054277277425,0.88083784061041137,0.10158584794688391,-0.88515766485397762,-0.45185632947331705,-0.11100344978943309,-0.051873830633116985,-0.14124643734866132,0.98861445955021199,-5.0277187729483916,10.449492520532003,-1.7697988887887794,,0.1286701862025185,0.2941176470588235,False,5
-0.93603792336818803,0.34698360814910084,0.058612129225955725,-0.3517554801007125,-0.92734484295657016,-0.12766998261522025,0.01005426455223199,-0.14012108305920457,0.99008332671883126,6.2553453235865479,-9.5521701485678996,-4.6960509771388477,0.1475575903265165,0.1529901149567128,0.8,True,5
0.2142090088480629,-0.97007309976469192,-0.1143358283358781,0.9738575552621882,0.22115823966446579,-0.05186998252619384,0.075603985259266676,-0.10023579271615324,0.99208710467956374,11.969656249421282,-2.4529576414538274,-3.9630000677133577,,0.506746674870396,0.4038461538461539,False,2
0.67618256533284482,-0.73577389697376294,0.037602006222213172,0.73581530218017932,0.67191088262158127,-0.084330343840037972,0.036782868531212681,0.084690839804136511,0.99572811662415417,18.000327462978994,7.5070237208044457,-2.9887714143383435,,0.2140289346232014,0.9615384615384616,True,5
-0.18711753653973109,0.90472296158146759,0.38270535703927666,-0.97806764760130294,-0.13529954605239303,-0.15835943152736304,-0.091491552806560364,-0.40394355499905454,0.91019717651713783,8.8218985552547835,-0.85560296941259684,-3.6631902087069559,,0.4087819828583673,0.1111111111111111,False,3
-0.83892249043179112,-0.54407512837125294,0.013831476259849606,0.53710357023676847,-0.83174311980099414,-0.14043908822912032,0.087913650172421018,-0.11038857437033331,0.98999270338818524,5.5680076820058302,10.207285820833825,-2.2386973650451356,,0.181729162840661,0.927710843373494,False,5
0.10437715197331809,0.99103561255922101,0.083389596385331638,-0.98934785062834962,0.11202160524251743,-0.092962306425531271,-0.10147039274095487,-0.072798177163025612,0.99217144929630841,4.9889699583561429,-12.031344050861339,-4.9716974663719231,0.1252491123804595,0.1208315343155413,0.8131868131868132,True,3
-0.99755267848296347,0.050054497249160737,0.048818039253936948,-0.057593383648210761,-0.98413612103399606,-0.16780672643285158,0.039644114461231006,-0.17020764548425441,0.98461043139268578,12.876263874747654,-3.9390140606515995,-4.1850896528601593,,0.1095241931145449,0.4444444444444444,False,1
-0.99242422719408918,-0.11593743082237649,0.040652987744077558,0.10993115686216336,-0.98572497847548546,-0.12752022412327074,0.054857032631740688,-0.12208512990454433,0.99100248588337514,-17.844070150789911,3.1772165266450649,-2.2372878656566906,0.3383466783952617,0.3068910862808564,0.8936170212765957,True,5
-0.2100563699105274,0.97604512051808212,0.05667666338850446,-0.97423063307242541,-0.20408951745445672,-0.096031986590448204,-0.082164439043376336,-0.075388272151901442,0.99376335884285749,4.5587254056707041,-10.845618970878462,-4.8305536295199278,0.1749963850073003,0.1640645560799765,0.8897058823529411,True,5
-0.98094175391632243,-0.19153156374326549,0.032694579269772865,0.18552600183679388,-0.97327986972150404,-0.13530113760551099,0.057735414314110188,-0.12665684065596666,0.9902649477028993,-6.3536921610768777,-20.043013091031987,-5.9609829853081377,0.2124669400357014,0.2204183899954287,0.9746835443037974,True,5
0.46590910071033814,0.87294766719557593,0.14453746992764685,-0.87898160912121659,0.47536585021361644,-0.037664828120702765,-0.10158760112317071,-0.10949739169718641,0.98878222097161106,15.092414070508619,-1.4015765285211326,-3.9927336080525269,,0.1829036628153955,0.2173913043478261,False,1
-0.44129327127579349,0.89445515991739244,0.072181823361995134,-0.89522942005848238,-0.43327406651865852,-0.10410508510221658,-0.061842818406533703,-0.11056016542832467,0.99194350425414823,14.828013010315482,8.4520520915669906,-2.746900387978553,,0.1871884459988525,0.90625,True,5
-0.14597020424142804,-0.98896434206905182,0.025342249103903536,0.98439542373999911,-0.14774527146925109,-0.095587574915496243,0.098276900609777534,0.010993856211803942,0.99509838002688478,5.4776307026697042,13.208844770264482,-1.8919002553076236,,0.2213856094920238,0.9506172839506173,True,5
-0.85741719289589247,-0.51361240288312371,0.032218890905063996,0.50748367424252139,-0.85425684015852443,-0.11271899316301906,0.085417080866996759,-0.080296641567366253,0.99310441125249438,11.377673453466942,-9.2407229283194638,-4.7944430515119976,,0.1623778534458398,0.92,True,5
0.12780640646600852,0.97943106422939863,0.15614196389411877,-0.98836757651731233,0.13886077929708973,-0.062025943461580524,-0.082432130601723733,-0.14639834150519548,0.98578520451921359,14.503398389181729,-1.7175613607924329,-4.0211898123157637,,0.1687660310469456,0.1666666666666667,False,3
-0.53295298551106063,0.80340731139552501,0.26551423169212951,-0.84322734284741685,-0.47825391193152572,-0.24544010266596183,-0.070205153011247565,-0.35469689555789324,0.93234186260848606,-9.3053809568185013,12.998313011148573,-1.2775250169644552,,0.2329730745921219,0.2727272727272727,False,2
-0.99886120987154081,-0.017500207882403473,0.044384976490188494,0.011024682772362873,-0.98978382680513743,-0.1421493319180453,0.046419174742025379,-0.14149812337642687,0.98884960499421692,6.85284045377281,-5.59302540031383,-4.2018480836341823,,0.1199995898011916,0.6729559748427673,True,5
-0.99761948304103398,0.051076941337412606,0.046330477232104469,-0.056366170893464775,-0.99103212836702637,-0.1211535196481341,0.039726840243703723,-0.12347658323721389,0.99155197118270844,-11.918675004320011,-0.6686407074937013,-2.9816077509018606,,0.3279073590557017,0.9844559585492227,True,5
-0.68028870884108694,-0.7329388882722021,-0.0028033340213853772,0.72639626069690544,-0.67369609198154756,-0.13594869655257513,0.097753491338573098,-0.094520694596998842,0.99071191232568756,7.1853412164679904,-13.358639211361268,-5.2098135303432898,,0.1136773007533718,0.5357142857142857,True,3
-0.79754216769894359,-0.5976246429670411,-0.0822877685964718,0.59915507193260786,-0.76881561146842714,-0.2234630961475737,0.070282931921634331,-0.22752437601484632,0.97123270527693495,11.64017285705475,-8.3299379000749418,-4.6816314292762327,,0.2646298547126396,0.293103448275862,False,5
-0.96654525972655703,-0.25613270003630539,0.013649207751164894,0.24992426195365594,-0.95241502764598118,-0.17448059605877597,0.057689896750149697,-0.16523212486141206,0.98456600628233137,6.6060951096613074,-18.823430345534035,-5.8875947943665077,0.1541896922128876,0.1750157155123439,0.8888888888888888,True,4
-0.73551728444619369,-0.67731822426717669,0.015948271268545949,0.67082319333384022,-0.73135860652630147,-0.12292612393342348,0.094924009430100487,-0.079715818602487595,0.99228767033469134,8.2554371528326342,-2.0984138173323883,-3.7853814877346355,,0.220326119550344,0.9184952978056427,True,5
0.048020196113993399,-0.99874493097162353,-0.014234592500714141,0.99482892504120379,0.049099076612869129,-0.088908326815475086,0.089495646075869711,-0.0098915890660389028,0.99593809335681704,11.500241638561514,8.1641503256062702,-2.6841358519679108,,0.2159544056369089,0.9120879120879121,True,5
-0.61070087501796599,-0.79179935810810809,0.0099104869647482496,0.78570383652429721,-0.60746232188636262,-0.11687176202756988,0.098559233577023897,-0.063586979705101701,0.99309756493946355,-5.8197567055166521,-1.6359789958979216,-3.3582332080397879,0.3413700093731665,0.252607221835675,0.9731404958677686,True,5
0.98191792809050482,0.18173327957934449,0.053011296794027801,-0.17794293206812672,0.98160839574797665,-0.069146730393273931,-0.064602596089063935,0.058463428657733359,0.99619703477180344,19.165247727206172,9.1441907327828762,-2.8492217045321802,,0.2375883758596512,0.7647058823529411,True,3
0.89631271939869428,0.4337131666076372,0.092284333206094943,-0.4351218589014042,0.90035585619800296,-0.0053197853479347301,-0.085396000786361059,-0.035386739340287895,0.99571848517970107,-7.3766772195032084,4.3942729217731014,-2.5019239354745295,,0.1975732783858406,0.4308510638297872,False,5
-0.22231398189660828,-0.97474924667320062,0.020985699018686341,0.9700923106785353,-0.22330084243835419,-0.095171647714550625,0.097454616184435836,-0.00079992271484131267,0.99523964848070401,-10.310598397070322,12.094030845326731,-1.3410434015218313,,0.3025275939339113,0.9367088607594937,False,5
0.82264175638580284,-0.56740099962891943,0.036285620713767584,0.56846941957713537,0.81969432061839875,-0.070311732673683694,0.010151830185500886,0.078468633007359775,0.9968648925395257,15.480660023330806,3.837431690627056,-3.3379883778159716,,0.1619784287018246,0.2894736842105263,True,5
-0.31755840353609971,-0.94823598860647706,-0.0022738194961076791,0.94275051821919642,-0.31546191754997538,-0.10819075271542095,0.10187306190078141,-0.036500527217970466,0.99412755256645502,11.979721309677187,14.025101791592622,-2.0171627155521525,,0.1697027972556075,0.303030303030303,True,5
-0.33007316246496821,-0.94315361582234214,-0.038896842823234273,0.93921034202085052,-0.32400861065369058,-0.113588527868535,0.0945285187731746,-0.074024841664848726,0.99276617687904867,5.6326106046982032,-15.529731582390172,-5.4593380284839297,0.1826077774873365,0.1906662690855783,0.8169014084507042,True,6
-0.63311212790166493,-0.77367537697847655,-0.024401732746630919,0.76921799352380948,-0.62531847180180644,-0.13145526715448996,0.086444849141117025,-0.10199617581392867,0.99102172941681943,14.631915251252551,2.2060477873006019,-3.5320478303699017,,0.1546618285107516,0.5333333333333333,False,4
-0.93491621468274555,-0.35328318055489949,0.033506206295254429,0.34695713442221138,-0.9298155958420089,-0.12273428454387618,0.074514551577617896,-0.10312105539599482,0.99187379718248547,-6.0413255663905732,-7.6155716261634323,-4.1575019825085144,0.3118785751656662,0.285656078223257,0.9445843828715366,True,5
0.20761910407880715,0.95987777894251236,0.18849126535174862,-0.97343480009298144,0.22174947378011423,-0.057025089620099417,-0.096534955272436856,-0.17164445919001373,0.98041786093477346,-5.3109973066306129,13.586348280840683,-1.3901906553308878,,0.1509565661864958,0.2894736842105263,False,4
-0.69177331479132276,-0.72192927025626463,0.01636489199119933,0.71561054865952456,-0.68840119279228917,-0.11834416085877902,0.096701724854526883,-0.070156443106899016,0.9928377762256777,-9.644446736462104,-4.7016676615786919,-3.6013610786126979,,0.1221168059683976,0.6354166666666666,False,5
-0.80797557680025045,-0.58877460475502785,0.022802019425081643,0.58250192117868682,-0.80399586733991224,-0.11950797932975037,0.088695992679715924,-0.083277308409323736,0.99257136307000948,9.5327159234087517,-11.699643965050232,-5.0160233892628687,,0.1373290590405351,0.8,True,5
0.23243594745867607,-0.95002097936679497,-0.20840745930014681,0.96394842210619469,0.2535507781842109,-0.080718290375588489,0.12952594276037646,-0.18213220924684315,0.97470553938453586,-5.789919479195186,-14.295304900379332,-5.1234077979348349,,0.4551154033627644,0.4947368421052631,False,6
0.46018947995985754,-0.88773431918895296,0.012386325863688666,0.88648353925524714,0.45868622290548783,-0.061268944386104161,0.048709107605932118,0.039175597644742217,0.99804443557659839,-9.6600795824578416,4.616154412670527,-2.3695927285441387,,0.360933261683664,0.6496350364963503,False,6
-0.86681859995304011,-0.49817181711644432,0.021221578790264456,0.49161958092227037,-0.86097671455373759,-0.13049630128882328,0.083280864724513251,-0.10268367751084916,0.99122165025971143,-7.4835577113577871,-7.4398983797720586,-4.1358326909211156,,0.1101178922015501,0.3908045977011494,False,5
-0.90152395475973235,-0.43194707506941787,0.026005448147394448,0.42538842460309073,-0.89565120727808545,-0.12982142779606615,0.079367797046867861,-0.10597471038074713,0.99119630424636085,-7.7059252368251796,-11.239832844971533,-4.6838838801375147,0.3067660482122549,0.2700710740361038,0.9941520467836257,True,5
-0.31577737865227934,-0.94881675688033862,0.0056043728078736151,0.94341474631742794,-0.31459891680306146,-0.10486247172922256,0.1012583999592948,-0.027825948490844309,0.99447094126890734,15.70145417792533,5.8919591312206121,-3.0988453295118341,,0.207597246609851,0.9340659340659341,True,5
-0.27330945107287397,0.95821466312610615,0.084419211820345577,-0.95807583021459397,-0.26332078355688171,-0.1129285991483448,-0.085980506586446501,-0.11174445989450192,0.99001036770835149,-10.484475921977944,-5.4137997810153795,-3.6722097120572226,,0.1574387656137133,0.3714285714285714,False,4
-0.9605942919366085,0.27292347732993544,0.052643915326855931,-0.27738605494338758,-0.95338442262491785,-0.11880706721022467,0.017764650904223737,-0.12872807859316118,0.99152080107275753,8.2420206064747372,-9.2710900511671284,-4.7092090997306375,,0.2111523879292136,0.896551724137931,True,5
-0.90501159616900007,-0.42410840465133393,0.032955605042812981,0.41809924128786347,-0.90111257451644222,-0.11484403546924497,0.078403030771458965,-0.090156470385928111,0.99283673159961205,7.8875023864417919,-4.8802376853722853,-4.1223314700029077,0.2048960278222903,0.180293644995711,0.9098712446351931,True,5
-0.031132930826026705,-0.99919216456301829,-0.025411786518298438,0.99619524079861932,-0.028948990240064275,-0.08220096212491039,0.081398911714851113,-0.027874257657387123,0.9962917458915771,-8.5571429535095049,16.619539632238364,-0.88333524480031378,,0.264011116660834,0.1764705882352941,True,5
-0.96487964919011182,-0.2616242262743485,0.023664885487064052,0.25130083309682505,-0.94552602542096897,-0.20695029967716372,0.076518977146908515,-0.19373512711425003,0.97806520572936095,9.4388551259261959,-8.8967900934772306,-4.6535053810032476,,0.1505133380636094,0.28,False,5
-0.92289833694415979,-0.37106443804961253,-0.10280973923042826,0.38226672014511676,-0.85096736553883345,-0.36017592570491408,0.046160744526040964,-0.37170650465497918,0.9272019521452588,-5.8608366863811714,-13.431830837711392,-4.9816083432724438,,0.5303247127062531,0.1333333333333333,False,2
-0.55215775692800717,-0.81292081754687961,-0.18515279058967432,0.82764209082854823,-0.50762366515616408,-0.2394301235483354,0.10064979360724108,-0.28544344268582306,0.95309582942875393,12.38835497036167,-1.9858513867293701,-3.9147966659982041,,0.3104895169024548,0.1739130434782609,False,3
-0.87207152602521654,-0.48930441913429989,0.0085111051981666894,0.48214309082406531,-0.8620277660724196,-0.15635271181149971,0.083840881833781508,-0.13224717742106268,0.98766461443016906,-8.3569343461173791,-5.651780695329613,-3.8433704195782097,0.3427504850228726,0.2660781696659289,0.6610878661087866,True,5
-0.81502533800192556,-0.57867479959078238,0.029481769509573177,0.57246001494141618,-0.81205050479339369,-0.11341741029519788,0.089572482985130514,-0.07556092894719707,0.99310992156382971,5.3211682561747313,-8.851710341073419,-4.575896865336504,,0.2435518290046445,0.9853658536585366,True,5
-0.60088147220396293,-0.79926991050178708,0.010443492158485886,0.79313904673345692,-0.59779457694344029,-0.11649934044344366,0.099357480386442598,-0.061719153781297248,0.99313586036744184,-7.0049408631760652,10.072960194436059,-1.713872636351361,,0.3501082895746132,0.9805825242718447,False,5
0.96626878313109299,0.25234203968486307,0.051460020929240603,-0.24817495287449101,0.96575200861277555,-0.075711628077409276,-0.068802845232584842,0.060386694462197611,0.99580099197572003,9.2285777560528093,-0.92931880066200034,-3.6783073526127015,,0.1989115926959688,0.7636363636363637,True,5
-0.966329460858385,-0.25439800987835925,0.038587895084768585,0.24884542570470009,-0.96212408706503771,-0.11132472858765205,0.06544713273314158,-0.097973943776894334,0.99303463139903247,-14.735692887140525,-4.2062539707551601,-3.4018023894665874,,0.2748056844044265,0.9927536231884058,True,5
-0.29687196578814107,-0.92136651121887991,-0.25089995602517506,0.94283660667559666,-0.24115617269592371,-0.23000615966339011,0.15141389976330358,-0.30484004391648406,0.94029058199232463,-9.1634806658533279,-14.783267899927045,-5.1044632561429601,,0.2186018795682391,0.25,False,3
-0.79532995150043651,-0.60598654787275863,0.015184598893945238,0.59825800990340439,-0.78872965169907694,-0.14139621677071468,0.09766074867996527,-0.10337233831112461,0.98983662179137355,4.1775701179255815,-17.502724074870351,-5.7170639009276671,,0.1206366035496021,0.53125,False,3
0.48971864489665051,-0.84044594104938453,-0.232004890065279,0.86996761020914248,0.48864389719626017,0.066207997400947655,0.057723530969453193,-0.23426003053543878,0.97045877401667791,15.38730702282203,-6.0077686938851294,-4.5429478557281122,,0.2482339669940811,0.1621621621621622,False,1
-0.83919824743216942,-0.54248941183751109,0.03809907546080997,0.53665807682755773,-0.8374397360340311,-0.10340598187243237,0.088002329983497385,-0.066331942195641619,0.99390928326584793,4.9030485655948519,-19.460490617092422,-5.9805168820536725,0.1727424435995146,0.1689584028533752,0.75,True,5
-0.74630036874065131,-0.66492073171166388,0.030268468041724245,0.65863811317084164,-0.74428440826273268,-0.11061896535290536,0.096081192209095195,-0.062619007953009453,0.99340186447714063,-17.253250947234037,14.513067924440421,-0.75838302754582188,0.3459508809780907,0.2944262369405542,1.0,True,5
-0.68915724570142278,-0.72406355001746725,0.028182729344942755,0.7181050231498578,-0.68765257352794495,-0.10704725053608644,0.09688893860585944,-0.053534228830683227,0.99385442591927575,-15.619660939506501,-19.139392853789573,-5.6889682401886086,,0.2038595576197424,1.0,True,1
0.71185979331293747,-0.70200290940636634,0.021155374008954803,0.70157949847757883,0.70940056726568013,-0.067357571802140803,0.032277577052980955,0.062791323828441423,0.99750459030094729,5.0747083064036493,-23.620109302851532,-6.5938595682599441,,0.2034318979399863,0.7878787878787878,False,1
-0.54477474587088814,-0.83779483082997286,-0.03633590092300059,0.83318466067860608,-0.5358514124963546,-0.13662571110716243,0.094993670690132481,-0.10470475232881547,0.98995611891061908,18.970519765890728,19.086172710015365,-1.7537220143185253,,0.1897992420039343,0.2631578947368421,True,5
0.75926259837792931,-0.65041316652286019,0.021977705023505309,0.64097551206575087,0.75323343255136321,0.14761364780716885,-0.11256420228670723,-0.097990351058644384,0.98880088565037194,-8.0331526615822586,-15.828815475978846,-5.3053363083574778,,0.2772470865170922,0.5,False,2
-0.23744964490763756,-0.96945865399167575,-0.061380651136039723,0.96624470978186039,-0.22921634318244832,-0.11760539458984678,0.099944119145672194,-0.087234088627746079,0.99116163506739974,10.368274918775802,-2.9471165745062158,-3.9651605802652123,,0.1757608415242229,0.1219512195121951,False,5
-0.86987796088026825,-0.4923150496806516,0.030630459231363903,0.48614372190964483,-0.86617657286426475,-0.11576884843927392,0.083526132573134321,-0.085813964359275519,0.99280378156930915,7.8712002881524601,-3.7105827977837134,-3.978573764423627,,0.1918327873291247,0.9428571428571428,True,5
-0.95577076960267127,0.29005956981791775,0.048658831985176926,-0.29365407073959776,-0.9503649341748942,-0.10282888032460753,0.016417146864806057,-0.11256970217511246,0.99350819797373902,7.399219505946002,2.8905440575393855,-3.1523372107753631,0.1584733014457337,0.1637851716141115,0.8444444444444444,True,5
0.1519439507086551,-0.98836119212004181,0.0074289806901950452,0.98458709615512319,0.15069656611853788,-0.088762576826629996,0.086609964368241518,0.020801415123270283,0.99602510771616659,6.3258436637057418,12.178247770496242,-2.0293331424768768,,0.1729011971583732,0.4516129032258064,True,5
-0.95091033378958345,-0.30876546562501134,0.020818845538449218,0.3013388820057627,-0.93915516364142138,-0.16487103080035864,0.070458606881636049,-0.15050403929139475,0.98609539035190419,13.856097042876012,-7.1204725822003416,-4.6451366503915441,,0.08045310155559161,0.3636363636363636,False,1
0.81524729860622314,-0.56300696546297591,-0.13562816431489441,0.57908320901821397,0.7949079483899939,0.18106349886042561,0.0058718947899365111,-0.22615152094687149,0.97407443782546399,-6.1186193163839819,10.546601935961526,-1.718613287528191,,0.4600589843355605,0.3421052631578947,False,6
-0.83384970676676418,-0.55130862656836799,0.027449313220558283,0.5450694002510259,-0.83022486910491899,-0.11673052569789204,0.087143648276666374,-0.082373933929485291,0.99278422609044947,12.927437338043072,8.5431553661375972,-2.6737244688688477,,0.1749709302949333,0.8,True,4
-0.8102320351200808,0.50124157502988298,0.30377776865125178,-0.58594674742042163,-0.6805157259616601,-0.43995994807061961,-0.013800668556263062,-0.53446723957641773,0.84507651213778456,5.8320256404470943,1.1636412208068345,-3.3595666917002318,,0.3550057936487802,0.3608247422680412,False,2
0.15830219336972509,0.94376124233432657,0.2902673475296576,-0.98397645169866887,0.17521013901921531,-0.033041635664190869,-0.082041197436605123,-0.28038567126805203,0.95637498779021424,-9.6513728876587965,-7.6897664489587854,-4.0296885847585928,,0.2269121948536148,0.3333333333333333,False,6
0.073286850631778699,-0.9969292004564646,0.027589976471723947,0.99332696060122039,0.070495894509294804,-0.091279122476483163,0.089053842517983456,0.034095426886450564,0.99544307471508064,10.05207040104467,0.15963768190737521,-3.586693367178968,,0.1956841811453912,0.9186991869918699,True,5
-0.9984294182827701,0.034327608232351162,0.04427541101531357,-0.03898652972287675,-0.99327026666173068,-0.1090606614041069,0.040233657647496944,-0.11061551735077776,0.9930485688593097,9.8020409003500202,1.3713053351943065,-3.4505743110098086,,0.2027265086498962,0.9197080291970803,True,5
-0.77421302094526645,0.63078396446482465,0.052017193050409818,-0.63258948603591791,-0.7685086341058045,-0.096046975286283795,-0.020609229864748755,-0.10726634830583895,0.99401669511407731,9.9538470821865932,8.1881676013765041,-2.6178461930069696,,0.1170515171197246,0.6545454545454545,False,5
-0.82801487649809546,-0.56057413978539328,0.012165447041103141,0.55431390257060975,-0.8216493696922792,-0.13277202529607113,0.084424295761256762,-0.10319373570205839,0.99107194047509439,13.721888632405102,6.2245718489077397,-2.9775389401367209,,0.1011246005529546,0.303030303030303,False,2
0.9725216539301057,0.1890085598855645,0.13593158914335143,-0.21452737461209223,0.95434705232000394,0.20784539751979869,-0.090441352152071428,-0.23129519670348761,0.96867068387703403,-8.8939097670766269,-9.4513450419736937,-4.3516310060617611,,0.3818396713953554,0.327485380116959,False,4
-0.83616532076597072,-0.54789162992612994,0.025343997420124623,0.5417470748769363,-0.83223913157455709,-0.11784793056440011,0.085660161163902848,-0.084810316193946286,0.99270818826906926,16.637775464893878,4.905203456637472,-3.2704773979160313,,0.2057291283202309,0.9887640449438202,True,4
-0.99765057033565119,0.051989550621123787,0.044614192082367207,-0.056966748519636595,-0.99129390737786449,-0.11870627093218439,0.038054291112162755,-0.12096890435867516,0.99192660772166563,8.5005410053546147,12.161822616082821,-2.0964746247744612,,0.1683141137212631,0.8205128205128205,True,5
-0.82397007510230724,-0.56624506978744982,0.020972274013668302,0.55983500489236471,-0.81924263189734403,-0.12420256591181703,0.087510471562347036,-0.090598184437213125,0.99203522434620062,-19.518279080523623,9.4129019989873175,-1.3092147740873461,0.3708542443747579,0.2322078884965895,0.6363636363636364,True,3
-0.99191864201523861,-0.1188287441419293,0.044465010832078454,0.11252031615295363,-0.98582585478828932,-0.12444501791465137,0.058622402505222174,-0.11843611609889307,0.99122969100402003,-27.693593408856621,2.1193935448141867,-2.0739761996063577,,0.3383154402071466,0.725,True,4
-0.99801653190828787,-0.055830836219531409,0.029084699839971844,0.048593867658423245,-0.97694585630269504,-0.20788321211437435,0.040020470558815878,-0.20605754434143433,0.97772115163589901,12.92027504577686,14.328117514231346,-2.0288505094098102,,0.194548471257819,0.5526315789473685,True,4
-0.04390634070565861,0.93681737448914526,0.34705250337823801,-0.99503920507933274,-0.0099658522944170505,-0.098983140701507238,-0.089270452003600551,-0.34967683458203114,0.93260757972244801,15.153836270259124,-4.188358788535834,-4.3118459753329077,,0.2332451356937988,0.1666666666666667,False,1
0.3525356881662618,0.92231333358499257,0.15829309290199395,-0.93031145865516107,0.36370901199104505,-0.047290004138357759,-0.10118882578648773,-0.13059046400038948,0.98625906953909226,10.921290947999655,4.9175804299758674,-3.0441506750465952,,0.1777735080654601,0.4333333333333333,False,1
-0.8112303456131511,-0.58429736969492407,0.022403350730678687,0.57859607636447341,-0.80766912710172256,-0.11356567061563599,0.084450617357157184,-0.07916542739312378,0.9932778706553671,14.361069228938371,9.9037532876510816,-2.5495632246153255,0.1490065864099063,0.1287955323584032,0.52,True,3
-0.92198559205881514,-0.38605751271616051,-0.030036060183836234,0.3794702598389455,-0.88535610047476088,-0.26860174468883846,0.077103112347807673,-0.2590447301674681,0.9627829131422847,14.347871947345956,-8.6686406519264629,-4.8594221705591263,,0.364180139981774,0.3818181818181818,False,2
0.28798823997241979,0.90714513266835517,0.3068395051385977,-0.95406079771204344,0.29944019732947397,0.010176565842392654,-0.082648459795974349,-0.29567427432801324,0.95170686432007789,-8.8973760519510456,-7.8554960937781395,-4.0924680973793226,,0.3168029067853099,0.5263157894736842,False,4
-0.98429458392468439,0.16861339182739044,0.052284760236567168,-0.17424050653036696,-0.97550427410114926,-0.13428200584751263,0.028362262613790469,-0.14128317418168773,0.9895628563929495,10.306474317110061,-14.346041192428112,-5.4302741723333687,0.1676868938106694,0.1590057087672768,0.5263157894736842,True,3
-0.91434561937142955,-0.40492978383018402,0.0019895988334021411,0.39739149091622822,-0.89824617618996738,-0.1877067124731559,0.077795188049485015,-0.17083816062971166,0.9822231068290963,-12.209947095580951,-16.512210330005217,-5.3920913590797719,,0.1347808585599137,0.4193548387096774,False,2
0.6715699441231241,-0.7191005674062414,-0.17857262977983474,0.73841944299815188,0.66942297559954878,0.081299483034922349,0.06107811680760683,-0.18645979109574234,0.98056219076189588,-8.6028836025147459,13.672308212323252,-1.2078010598822573,,0.4675871324144317,0.3571428571428572,False,4
-0.92190257063512526,0.37954500826857179,0.077725394529431002,-0.38708122792032496,-0.91077542344509022,-0.14372282713649959,0.016241097501073977,-0.16258448495113073,0.98656095199695315,13.195525481127881,-6.2251580883651636,-4.4854053037670063,,0.1227296755960236,0.3214285714285715,False,2
0.56943252647671105,0.81728433673179146,0.088277464413212214,-0.81587609399405492,0.57501996826619561,-0.060813118191289407,-0.1004629137510655,-0.037394505318557987,0.99423782563963359,-9.5893282047546311,11.970999747640427,-1.3816695254326596,,0.1926138871089266,0.4285714285714285,False,1
-0.055182358547150027,-0.998378356378823,-0.013984449202347739,0.99417938203103307,-0.053641525227940856,-0.093434164605955911,0.092532500504236087,-0.01905896863787377,0.99552724325600128,-22.861025639743836,-0.03867027921959143,-2.5676709491904615,0.2167467942197394,0.2474215385981886,0.9411764705882353,True,3
-0.99818711384636183,0.03333773546074284,0.050110688933801759,-0.044150059613123634,-0.97143136667882912,-0.23317776924196765,0.040905476249865839,-0.23496743439645473,0.97114213521292536,7.6030187713394701,26.150281935320162,-0.5317100957238281,,0.3588056551683861,0.5862068965517241,False,1
-0.35457950249753295,-0.93251892757429433,-0.068423871012168652,0.92989635874498844,-0.34403412106311437,-0.13012795832234594,0.097806637818779199,-0.10976781522840943,0.98913340270085304,-21.846407760856621,6.5230392871289604,-1.6490265869675989,,0.1374398390590194,0.4545454545454545,False,3
-0.073769488416707996,0.99184415102814061,0.10393864849036641,-0.99340499926635284,-0.063909801263436983,-0.095194772624787816,-0.087775680067740003,-0.1102756427037936,0.99001753146846372,19.975391415136766,4.0512800748049811,-3.4695966125537123,,0.1986121475852626,0.6060606060606061,False,1
-0.71065047732445041,-0.70354174429288396,-0.0022165549524063854,0.69764204094200233,-0.70427689393448223,-0.13149007331458873,0.090947687099829089,-0.094989845285296359,0.99131500921950488,16.143327307761293,3.4718761770810103,-3.4435581927119423,,0.1146147208782879,0.2894736842105263,True,3
-0.016739778156578768,0.9525889178842718,0.30379949531119921,-0.98044439959968266,0.043947953047335675,-0.19182637127508329,-0.19608304139033916,-0.30106964467880165,0.93322479067590858,2.6090251377019475,-24.760598758656123,-6.8282922188930497,,0.416987753652436,0.296875,False,2
-0.85390517142355193,-0.52037666784936665,-0.0073540311465175728,0.51335194735069378,-0.83988747220171733,-0.17623510487374361,0.085532078002141007,-0.15426327364800413,0.98432063172323891,9.6529211867609668,15.878836459879071,-1.708058269232053,,0.1071844634910811,0.2380952380952381,False,1
0.53215466680076218,-0.83610790481023833,-0.1331727529038963,0.84495394745005947,0.53442222091740776,0.021111998443224839,0.053518569587863704,-0.12375969175599111,0.99086795356683632,-10.206294261804096,-14.050116292527132,-4.9716237442045479,,0.1617525926183738,0.3225806451612903,False,1
-0.93593301482403912,-0.35208187348485914,0.0082308034708806072,0.34446574029139487,-0.92005127348116844,-0.18667888989165687,0.073299014508285187,-0.17188370640951342,0.98238650537506989,5.4323275818910899,-20.350965043822288,-6.1074980559585317,,0.2120697492839023,0.7666666666666667,False,2
-0.15578101817960427,0.98576497700552113,0.063243058783010883,-0.98427626560145298,-0.14951146033738985,-0.09405613324733543,-0.083261679952936471,-0.076900801927461487,0.99355611784857401,7.3663503726567026,14.588927143374681,-1.7702904753521445,,0.1904849545631747,0.3571428571428572,False,2
-0.34006009666709092,-0.93995769123280704,0.028959788449836561,0.93433510616196114,-0.34119824407940619,-0.10296439982074675,0.10666320850267608,-0.0079559367406061843,0.99426337709004142,12.344683885479707,16.148661051613921,-1.804993536909242,,0.159263365616259,0.75,False,2
-0.95353393430623312,-0.30128563791750118,-2.2607965819626541e-05,0.29308400854367544,-0.9275593385379024,-0.23180905380743744,0.069819768421604839,-0.22104442511805866,0.97276130785603299,6.3018257700127522,17.828145344938594,-1.3712463320330579,,0.1534771516699411,0.4242424242424243,False,1
-0.19883018124229859,-0.97934848689333398,0.036648332116104354,0.97485173328112928,-0.20148099968006564,-0.095233948183932299,0.10065116564617201,0.016791306907415846,0.99478007361748466,8.8425514973402652,19.743434735321433,-1.2517751460050168,,0.2616630325584151,1.0,True,2
-0.99095199187266458,0.12550569972865822,0.047565419573657577,-0.13020505137674074,-0.98493775805952166,-0.11377283219056868,0.032569838801850257,-0.11893667257958279,0.99236750930092343,-15.047267489533462,8.9485349906634077,-1.5624383293490411,0.3583043993849856,0.2614793879688718,0.9365079365079365,True,2
-0.88098975682369618,-0.47256217550855822,0.023281723526052171,0.46620255510376946,-0.87542197969655267,-0.12763829785329078,0.080698364211684817,-0.10159403399209607,0.99154749067847048,-21.45540568777222,-3.0638738232231422,-3.0411983467479233,,0.2553181749963451,1.0,True,2
0.6549060139697217,0.74526272786548364,0.12522611277520374,-0.74930197413237021,0.66190939069715926,-0.020555049701907427,-0.09820725241866303,-0.080370547848157337,0.99191527390748613,14.224555611875637,-2.6145998647124111,-4.1271041854386139,,0.2877923845466207,0.3076923076923077,False,1
-0.62454389683798539,0.7764146606054505,0.084410874414063669,-0.77978392412375508,-0.61392311308507386,-0.12261909679201337,-0.043381477621002799,-0.14240325142655416,0.988857604199191,-26.385375772266183,-3.1459386160232574,-2.8827831434239153,,0.1080529448764263,0.625,False,1
-0.28752663023386887,0.94967295289353926,0.12429690039908853,-0.95487012256274395,-0.27413531301389882,-0.11433669225485649,-0.074508294460187904,-0.15156224035437263,0.98563553170297014,18.459935528141489,4.1935264607776901,-3.4024541844250109,,0.1677916086049959,0.4,False,2
0.8218063792112078,0.56379200968993248,0.082297295809471954,-0.56279715880290404,0.82576432905087127,-0.037049033867874948,-0.088846120518249277,-0.015869551882501221,0.99591893454834213,14.193929063353169,16.995957310593973,-1.7682152037203389,,0.1613668258676463,0.6785714285714286,False,2
-0.055219332296679378,-0.99265845275678499,-0.10761050836797949,0.98995163573631217,-0.040377631593213781,-0.13551902364584556,0.13017904686895443,-0.11401246878051893,0.98491348489035446,-5.8590361513659781,21.093179697158646,-0.48304449815988781,,0.2035752024841104,0.3888888888888889,False,2
-0.91086833702786507,-0.41162691778273741,0.029701063226321468,0.4034926305692314,-0.90335868131747743,-0.14538497159152666,0.08667508105800778,-0.12044240717052586,0.98892924766059798,11.170880600902056,-22.914869163959569,-6.6025543343948021,0.4445164771671551,0.2164681041033866,1.0,True,2
0.95590826989091793,-0.29333199309569763,0.013990045770353596,0.29322039852880877,0.95599767555215942,0.0094995908056022954,-0.016160985141927223,-0.0049785706154355843,0.99985700797357457,4.2946434182634139,-23.761315445848751,-6.6158058486080362,,0.2431441528863529,0.3823529411764706,False,1
-0.96362213744332903,0.2578004129732222,0.07050761164573166,-0.26659571630556345,-0.94585129352964403,-0.18518113990312912,0.018949941336922353,-0.19724167307933382,0.98017173093503962,-5.2387953193793217,29.134286135713662,0.3505815990616738,,0.2318766516693347,0.3333333333333333,False,1
0.35777390512729751,-0.93347741513141569,0.024854541829083289,0.93123442056928196,0.35468658052637386,-0.083665306677866286,0.069284101761924552,0.053078668352534566,0.99618390280558367,21.503618490965209,10.688968657246788,-2.7561306161585328,,0.08531996522443203,0.2380952380952381,False,1
-0.93181026557629631,-0.36195104659164212,0.026852724961302303,0.35520929519899674,-0.92464311249972608,-0.13733707114632682,0.074538483824561436,-0.11843375523065279,0.99016032037801927,15.635486621995916,11.48057529895247,-2.4607746466625495,,0.251610809354732,0.8958333333333334,True,1
-0.35986451999853569,-0.92911040108733245,-0.08515509284570455,0.92749331409417179,-0.34634002370319422,-0.14072931568042879,0.10126045406195995,-0.12962426691251935,0.98637917145008602,18.436953489601066,0.14826936382550804,-3.871348288613182,,0.1800557928484192,0.1578947368421053,False,1
0.1496104249119167,-0.98849769648508712,-0.022113905158356512,0.98520374316638526,0.15092852415908284,-0.081204464446881827,0.08360804511899253,-0.0096376677073966438,0.99645211131922573,20.680469584650687,6.3126043310793589,-3.254826355843695,,0.07946804119739855,0.3157894736842105,False,1
0.10249549969955613,-0.99333769893063417,-0.052677209726134808,0.99098630357178008,0.1065583111092174,-0.081187883743151321,0.086260180120832752,-0.043881000635174,0.99530580180604655,-5.1314981155171688,20.837317771584999,-0.53661680910004006,,0.2070210159905537,0.2,False,1
-0.51650269362824985,0.84351865980231444,0.14731340074843663,-0.85451095460439042,-0.49667715730982759,-0.1520619277390709,-0.055099872376040568,-0.20442130997510005,0.97733102482843937,-19.055214721040048,19.024704878854813,-0.075918227949920286,,0.1865331466804895,0.2307692307692308,False,1
-0.97766538426174654,-0.20835958524054943,0.027507810794685006,0.20068017806790647,-0.96438207467026449,-0.17232144435707547,0.062432864318108093,-0.1629524387453638,0.9846566102758737,17.006246767815131,-22.189133915446494,-6.642474430253019,,0.1597824758564674,0.5238095238095238,False,1
