axis_00,axis_01,axis_02,axis_10,axis_11,axis_12,axis_20,axis_21,axis_22,location_x,location_y,location_z,dbh,dbh_approximation,score,reconstructed,number_clusters
0.54158153359336347,-0.84015285930465977,0.028855077072607517,0.8293460010493181,0.52837569342767732,-0.18167095843399644,0.13738505382379196,0.1223204790581968,0.98293593249448774,-10.76554313406734,-5.57904720337251,-3.7418677034158736,0.2315851810950262,0.2185611315108171,0.9837837837837838,True,5
-0.16680680327464734,-0.90805981503713651,-0.38419117987795359,0.96431425192619202,-0.068993197764291844,-0.25561291476426989,0.20560523804933001,-0.41311900340819291,0.88716355600852959,-6.7461797463717845,-10.86655828111668,-4.760127442877697,,0.2861876748482365,0.3714285714285714,False,1
0.72730381725393134,-0.68631088214960789,-0.0025554746895319197,0.67952294162997717,0.72062302357082264,-0.13766273896080225,0.09632096971274845,0.098386131861531223,0.99047586535509424,9.5357406916295631,8.7444809009614595,-1.0951068506148756,,0.1514937644857687,0.3703703703703703,False,2
-0.84397785205379461,-0.53584526191290394,0.023900638655795108,0.51305897783703813,-0.81947979500101142,-0.25538862708804067,0.15643487623761229,-0.20327990769033744,0.96654301954229171,-11.043543635324687,4.6698051193668286,-2.1450841110268737,,0.08891259573770657,0.25,False,1
0.18586761447892,-0.98214588739522868,0.029029050286780669,0.96546791803028431,0.17706297920731043,-0.19110311522447121,0.18255116855879483,0.063546496889037241,0.98114061866327207,-4.8773377014460184,13.595343133881181,-0.3145719746655925,0.2868645316403866,0.2591160871114532,0.5757575757575758,True,5
0.99813724518874913,-0.017851804937684568,0.058338262122569866,0.0092223773687836151,0.98939317597760401,0.14496927634715623,-0.060307441685770076,-0.14416121666182363,0.98771481516068205,-10.535583555816432,-7.8074970183274699,-4.1545215324506186,,0.3789047341186306,0.3265306122448979,False,1
0.96007964968742288,-0.27549677313445153,0.04846229718637822,0.27871373254016435,0.95686822552365391,-0.081986915277650022,-0.023784901715289457,0.092221076635004784,0.99545444470084898,3.0306952019159743,-12.319252305832473,-5.071016468359856,,0.2052114312626319,0.2417582417582418,True,5
-0.1527870352597861,-0.98794109950861098,0.025070017116919956,0.96699713359272632,-0.15468556853621268,-0.20245720167502132,0.20389376027720038,-0.0066902009197369258,0.97897016079739507,11.727601135536958,-2.7380784601394788,-3.3523204329163625,0.3792416469551387,0.3078551078025976,1.0,True,5
0.13443857358687406,-0.99035534419894755,0.033504658609083623,0.97285074527637261,0.12548354308993076,-0.19446158445514261,0.18838178613425904,0.058738170129670225,0.98033776323402178,-4.3765516202391161,-5.8407927220550206,-3.8598818691682184,0.3250050798581158,0.2892024229243257,0.9967793880837359,True,5
-0.50081706841953222,-0.86303379168745198,-0.065991956973907126,0.84971509723830041,-0.47570351009826056,-0.22735528145503997,0.16482268504356992,-0.16993776768503996,0.97157327958793438,-20.360713419731386,8.2789027754889286,-1.4571008123077338,,0.16323134539886,0.7058823529411765,False,3
0.99665118141902831,0.054212046359794978,0.061216636672873456,-0.041785327066559616,0.9811643887459931,-0.18860124256918945,-0.070288043207901302,0.18541169403838861,0.98014391529806422,-2.9830236207162732,-8.5434120657272867,-4.3110930104999001,0.256962580376815,0.2439397192556054,1.0,True,5
-0.089105421859963035,0.9612396387569041,0.26091872427569224,-0.97230052338993211,-0.027114306021658215,-0.23215621168650316,-0.21608312291991386,-0.27437778935522572,0.93702983554298691,0.96201660042941473,-11.11527991575222,-4.8263050616652077,,0.4379053151256914,0.2372881355932203,False,5
-0.26547464057093084,-0.96315689850025787,-0.043034917045335998,0.9417476044369395,-0.24949676921893751,-0.22552785124369357,0.2064816329628871,-0.10039995528224152,0.97328576699153646,-6.9334966782282175,-13.068929882580122,-5.0969697311528002,,0.1361411463626057,0.1454545454545454,False,3
0.98834771171062863,0.1165623956077385,0.097887735118095925,-0.12520177187396392,0.98828230807205286,0.087307478897271279,-0.086563947899719523,-0.09854586486485678,0.99136037617107398,-7.8122999822542871,-6.4878058477938758,-3.8972771812287892,,0.3946562280909597,0.25,False,5
0.51721932968525208,0.84032559815364094,0.16228694983782516,-0.83993402471724521,0.53479209624573243,-0.092240164328703689,-0.1643015493604045,-0.088601934972220464,0.98242287127130234,-4.5063914523226805,-6.8742928229510651,-4.0234975113065019,,0.2277947527368715,0.2978723404255319,False,5
0.98044816734191842,-0.18796916642609002,0.058214977702940672,0.19563753536268291,0.9629330628127114,-0.18570371913169981,-0.021150553493656025,0.19346190585025028,0.98087978115144181,8.3468155367257495,2.0914227433566852,-2.3469149154007609,0.2969671372258336,0.2295624101131853,0.9701492537313433,True,5
0.62749831521811927,-0.74919777580507685,-0.21201074766895112,0.77501576440419273,0.6271565240104483,0.077622543865273785,0.074809286344720519,-0.21301968716496059,0.97417974910010119,-10.030890825665354,-9.4827416048915527,-4.4242224140188711,,0.5198270565805692,0.2,False,2
0.57579580076189651,0.80866881101018118,0.12047385577105978,-0.79190383898521677,0.58826319442162311,-0.163813076063371,-0.20334086068826013,-0.001080827575275372,0.97910741299732296,22.102961544126202,1.2063094870514319,-2.731260517555762,,0.1470999959105611,0.4137931034482759,False,3
-0.02424339922843843,0.99083069836978932,0.13291645782929287,-0.98000246906479482,0.0027122462093911899,-0.19896684233159503,-0.19750295749875926,-0.13508208944392019,0.97095077675992836,25.036783942283588,-6.2133484850220562,-4.4130685231348075,,0.2388453136450673,0.9814814814814815,True,3
-0.30748115538013049,-0.94035968818762539,-0.14553005159682253,0.92368385295032063,-0.25822000936641137,-0.28307342962853899,0.22861207073326859,-0.22146350397861095,0.94799284676655915,-5.4892105800414299,0.66388676244313372,-2.552381191294895,,0.3313482102456669,0.246031746031746,False,6
0.99479297811840095,-0.084302234151380898,0.057271843024375393,0.092266460817636842,0.9836339294634755,-0.15476172981855213,-0.043287768416845382,0.15924015236531514,0.98629039485344339,-5.2158402416880998,-30.969917603914439,-8.4320766519387718,,0.1480855174460831,0.391304347826087,False,1
-0.91134002923335422,-0.41071820411443516,-0.027747214742438533,0.37864770739762255,-0.80991632354351939,-0.44795252264082031,0.16150933347480009,-0.41874348432753361,0.89362667234912097,13.937764875233462,1.961944414322311,-2.410976615601558,,0.2916525418246767,0.1162790697674419,False,2
0.74774225175980558,-0.66379800447755977,0.015929035902563379,0.65672706658307567,0.73581301059700865,-0.16519313984955694,0.097934084722145348,0.13398291938816706,0.98613259370221595,-10.263539774757655,10.515616336181306,-0.96176140145128386,,0.2964531638146143,0.9914529914529915,False,6
0.27366877105868259,-0.96144466863062938,0.027010237114266436,0.94587855916985775,0.26393339497409019,-0.18881979324266968,0.17441087996447904,0.07722248493275452,0.98164022572978649,5.3395492132197333,0.63590773579157278,-2.6635863522434158,0.357256538204016,0.2671179190706646,0.9828897338403042,True,5
-0.5615752305279863,-0.82735825370353988,-0.010563166479273106,0.8052902476758097,-0.54357417473169289,-0.23671656799428392,0.19010754181692155,-0.14144057619151831,0.97152132552555903,17.399041718896498,3.4954104091868756,-2.1474800839139818,0.1105158831598072,0.2024577147170463,0.7333333333333333,True,2
-0.54106885097992818,-0.82895170870095625,-0.14171648859968822,0.82717324250466451,-0.4941683121617626,-0.26754832486770286,0.15175284308236114,-0.26198615210915188,0.95306575361800749,-8.5375390769622648,3.9321099960413615,-2.1695823005980337,,0.5859707698459442,0.5387755102040817,False,4
0.82126058504456323,-0.56915449202822643,0.03992763023713182,0.56710978510598486,0.80662574945661569,-0.16655747341562499,0.062590279511321789,0.15943043786443153,0.98522301657698308,-12.383880557032326,2.6062663401377084,-2.4537992105640636,0.3230335854553583,0.2933550719624418,0.974025974025974,True,5
0.55287609095285861,-0.83291275313342394,0.024173823040363532,0.82280769272474941,0.54112740998263009,-0.17369118273091833,0.13158848295219938,0.11592010970142663,0.9845034277853727,-2.5699121279056412,-13.158479510847926,-5.120786060132323,0.3308710828038733,0.2778143604415881,0.9952153110047847,True,5
0.87209354363002212,0.47202605851098228,0.12901260111097074,-0.46734228811558554,0.88158130689045,-0.066374581582230988,-0.14506562962232195,-0.0024082001399365581,0.98941910415878176,3.2313469661801797,-10.084802952591362,-4.6388858518781904,,0.1866151049229993,0.1594202898550725,False,5
-0.99723185484920729,0.030378150951926475,0.067866012250251545,-0.050196272999105146,-0.94840379441618661,-0.31306640975035782,0.054854004876659937,-0.3156064173646056,0.94730334501007074,7.5292274769684377,2.5074691139027485,-2.2827358699937892,,0.5471699472277712,0.7510204081632653,False,6
-0.99584665258793614,0.053320635963190519,0.073799419441375011,-0.078487491456080319,-0.91356341077446723,-0.39905088419781021,0.046142802410937364,-0.40318581854351382,0.91395406750616426,-5.0817738731049742,-14.815454233237945,-5.382068277661844,,0.243587718340542,0.3658536585365854,False,1
0.8701180305406585,0.48771088198713736,0.070941585261223947,-0.47058790010311574,0.86494084246267555,-0.17442582181689142,-0.14642964592112812,0.1183868009166838,0.98211146218956602,-3.1756523182455028,2.7865089441764215,-2.15539831294458,,0.3726948625200251,0.9564676616915423,False,5
0.27769876061957938,-0.9598703307512535,0.039145197583215809,0.94430494907938067,0.26525317268351223,-0.19475347885344574,0.17655469830774323,0.091047803514474224,0.98007078110749324,-24.278817797882372,-1.2340074972690918,-2.8946782633398063,0.2302070500985456,0.2398628473668792,0.9838709677419355,True,5
0.6265790365364472,-0.77529774022447506,-0.079448882785595878,0.76975227549641023,0.63158819765823981,-0.092616321169188234,0.12198420119489113,-0.0031245130241198526,0.99252712410150579,-11.245083502383265,4.5428290908562374,-2.1734234776788113,0.5236866141913946,0.2081688011051835,0.2,True,4
0.48666760250256369,0.87027137778894836,0.076041920515798472,-0.84972687358320842,0.49178354520137574,-0.19003469414733565,-0.20277792035848388,0.027868865611839516,0.97882809591091968,-1.866519022523174,7.4629570240394516,-1.3502566773917013,0.278510803480001,0.2568789716044662,0.9736842105263158,True,5
0.15203497232717655,0.89603360917035046,0.41714402599897071,-0.95932044779903436,0.23535961709859377,-0.15591705831583555,-0.23788578272804575,-0.37646994817164187,0.89536625606480513,-10.12927572212055,4.9447886891997381,-2.0616764162186607,,0.4812857450770862,0.3793103448275862,False,5
0.66323193822798276,-0.74789933299325162,0.027748582353023826,0.74048391894911803,0.65037029422913617,-0.16941678240972302,0.10865984489271714,0.13290999997199848,0.98515377988176756,-8.2625180448075142,-0.4285642257893737,-2.8460812859439604,0.2729904588902649,0.2452988517386125,0.9659367396593674,True,5
0.85684705420548823,-0.51372328038671367,0.043606385863689812,0.5128748006675875,0.84067443089546445,-0.17385609014001033,0.052655147322568735,0.1713326951498253,0.98380513468528796,17.943546932309445,-0.9953841486007512,-3.1072097413423916,0.2121376503950963,0.2580709616041956,1.0,True,6
-0.98179783122514974,-0.1842940473374122,0.045920830976700397,0.15439943469733997,-0.91525763294817386,-0.37210788744025614,0.11060665968528684,-0.35824456652698039,0.92705285576776142,10.110730946453451,8.3535343931830432,-1.2055118237391445,,0.1313534050715722,0.35,False,4
-0.62816195362640237,-0.7775692271194774,-0.02826052110418259,0.75654957938891887,-0.60188927311901941,-0.25566000240692355,0.18178364597155416,-0.18197637193074481,0.96635361339222603,-5.581154593729857,-5.3749464893019496,-3.7499721482763007,,0.1331998747530459,0.2409638554216867,False,5
0.69492669196069057,-0.71842027220384164,0.030809175372413282,0.71138579636042987,0.6806078768456254,-0.17522319113726342,0.1049149252356759,0.14368448232932671,0.98404655784192696,20.904208386844992,-9.8083337104171999,-4.9941285055283915,,0.2921810117373984,1.0,True,5
0.88058710537883655,-0.47149622225674426,0.047514863339181077,0.47220613529224675,0.86461587311610943,-0.17164136374437583,0.039846149536470254,0.17358198164926983,0.98401299788866126,-11.437269682831536,-9.8374529652341014,-4.5165017923333215,0.3806209122913513,0.2165567655447041,0.9152542372881356,True,5
0.99760146887810452,-0.036596607921254007,0.05875370269954347,0.045348259258153473,0.98682428822311608,-0.15531052622149,-0.052295742412778026,0.15760238723318512,0.98611695191995252,13.87749820791962,7.2795809288859825,-1.4190144019409652,0.2237521763674813,0.2267196348277848,0.9230769230769231,True,5
0.99306814207275229,-0.1121638251505432,0.035141734842916494,0.11614638927569043,0.98231314445368079,-0.14687035947304497,-0.018046646735370726,0.14993386062234251,0.98853131259484561,-27.204011216108579,5.0482673315217852,-1.8039666198218103,,0.2497645753473038,0.5641025641025641,False,2
0.89911094579484863,-0.43618645908013803,0.036618029261881013,0.43617677853543296,0.88577848782235202,-0.15857581271303334,0.036733159656429523,0.15854918298836565,0.98666753851303779,4.0409050579492689,-11.048832010236952,-4.849291545451619,,0.1006847355300293,0.308641975308642,False,5
-0.99494753821095527,-0.098227108515757514,0.020756477557493803,0.086197770100580162,-0.94177772976317653,-0.32499946484849163,0.051471746013212707,-0.32156825539028561,0.94548639148726021,13.502345461625241,-11.080508787933427,-4.9934244215770978,,0.2184152795474319,0.3518518518518519,False,7
0.99761774935577685,-0.067530462509575034,-0.014087682689399573,0.068376349252759511,0.99503911353907393,0.072262281933515193,0.0091378899741123114,-0.073053399377558559,0.99728616745957321,8.069518343921505,1.3616892168176427,-2.538725149706976,,0.6209259055745762,0.2978723404255319,False,2
-0.0030331435119003935,-0.99897172437117965,0.045235980671455567,0.98019881672795584,-0.011926526832547015,-0.19765636251542193,0.19799262543224072,0.043740734614139951,0.97922707704079748,4.3567179531436606,-6.0130596189197343,-3.9559311332596869,0.3384785787585061,0.2580681464780619,0.9980694980694981,True,5
0.21650404085181735,-0.97553196637675343,0.038254187639248781,0.95910279969204937,0.20521273237853083,-0.19496039108652333,0.18233984731184577,0.07889941094103145,0.98006482593522914,-15.688979441765055,10.945377198374169,-1.0249827279136186,,0.2421634328803271,0.9605263157894737,True,4
0.28057637340645852,0.95013072572665291,0.13611944282953564,-0.94159796208025826,0.29997551780240383,-0.15299662259502492,-0.18619929240570252,-0.085242552456642195,0.97880719794977611,11.489833120964292,11.253075026217454,-0.62903740323423696,,0.1199839234057334,0.3793103448275862,False,3
-0.89720184086292165,-0.44148944806078677,-0.01076680097177982,0.42192621775355688,-0.84973595936365054,-0.31611242641900994,0.13041136271185197,-0.28815944651410896,0.94866063998688155,7.7793596567721561,1.3816269481078021,-2.485642375563982,,0.1398370177738692,0.3461538461538461,False,5
0.68992720030368593,-0.72275049713534667,0.040400212520829044,0.71599216488357831,0.67313091276618442,-0.18506753930360562,0.10656302410520271,0.15660936488337385,0.98189501919725686,-17.951187374096545,-5.739717825062602,-3.773289146337933,0.2285454029843465,0.2295472708809582,0.9553571428571429,True,5
0.52852999691380265,-0.84770144956480309,0.045368433607841527,0.8376676469999329,0.51211180709206072,-0.18987998895750346,0.13772783136277647,0.13836093900605537,0.98075853043726868,-8.0785772599636481,6.581293790854879,-1.5711469274496823,0.3267525238941698,0.2946439914463695,0.98989898989899,True,5
0.90145749953569831,0.42313275650118481,0.091285524079971439,-0.40769973913855478,0.90081041990665967,-0.14940384899306267,-0.14544861373419996,0.097464135779764718,0.98455342313127059,14.96164696152859,1.3594586430461311,-2.5752498238230972,,0.1526588675180337,0.5,False,3
0.31314650313012227,-0.94963513270791211,-0.011505750918701148,0.93395937690732889,0.31012908200256911,-0.17759457982471907,0.17221832035021992,0.044867217688093125,0.98403647438124897,9.2214354456928387,17.793816639445335,0.57073839135634963,0.281100787484894,0.2188074006500524,0.225,True,5
-0.99473813125245714,0.080417942619676122,0.063474441605965673,-0.09291895702338715,-0.96913584529455987,-0.22834574835298882,0.043152261331900053,-0.23304220190776395,0.97150873103226709,-13.017771702242269,10.732005094743448,-1.0588149736681718,,0.08016306596505929,0.2105263157894737,False,1
-0.5962982793917041,0.79231860023717693,0.12907206402895305,-0.79321646069878349,-0.55681864148542315,-0.24649674839807428,-0.12343422730745657,-0.24936767274955435,0.96051015367693171,24.77396241151294,-9.0564852598412493,-4.9778457592306475,,0.192807119619779,0.56,False,1
-0.41411311854111615,-0.90064263860446514,-0.13173140316469228,0.88670351181414764,-0.36647621597238195,-0.28187242728408546,0.20558990050245521,-0.23353376769570452,0.9503655992076101,0.092306022630493006,11.538135366330154,-0.63536159724490959,,0.3380341612805767,0.3,False,6
0.86357530166463359,0.47953513838136441,0.15583244017984074,-0.48517256300971545,0.87441586057405962,-0.0021182254628258901,-0.13727812082565016,-0.073776377209057886,0.98778123271728835,-1.7064401048616564,1.9057765694015452,-2.3338845941469542,0.4727183036273247,0.5160062576765306,0.3173076923076923,True,5
-0.97154575237692264,0.18544033465110937,0.14734562539432164,-0.23651453537785808,-0.79277100319739968,-0.5617606350078157,0.012638259110935586,-0.58062554092450402,0.81407263535434726,-5.5372457105537602,1.0397753965698835,-2.5164541737380284,,0.5666899983750423,0.1407942238267148,False,1
0.29252160914873476,-0.95503145700862935,0.048435775053248011,0.94055732709226736,0.27820802018873086,-0.19481327458804323,0.1725775843905703,0.10254371568575403,0.9796436922367614,5.1123093673417257,5.5245818882915767,-1.7124667233563755,,0.2378431563739329,0.9872611464968153,False,5
0.77500946493049128,-0.63087733121101408,0.03679839985952775,0.62684130450136255,0.76005141872556603,-0.17144042657519348,0.080189202759371164,0.15593471023900501,0.98450701262281204,-14.887247675591913,-8.2460896045731165,-4.2047009341356096,0.2544816317337468,0.275041832608182,0.9340659340659341,True,5
0.93809133174238268,-0.34392777101311933,0.041210940728781176,0.34591266431289641,0.92391956858554958,-0.16345353912548438,0.018140616796493359,0.16758973450256476,0.98568991011960938,18.941061806879954,-13.138359746194149,-5.5867076478262314,,0.333849469002732,0.8611111111111112,True,5
-0.21834120852421079,-0.9755901390013445,0.023473332603735061,0.95429137335335434,-0.218481517742485,-0.20394558379212427,0.20409578977420695,-0.022129326430749687,0.97870077220168028,7.9858477799357175,-8.6539453513617577,-4.4367417742935027,0.3937063512427927,0.3354828544924132,0.9674418604651163,True,5
0.67168629035789829,-0.73986164692415501,0.037977239972426829,0.7331312340368531,0.65645315965718953,-0.17772969041692008,0.10656510228422367,0.14722089724889764,0.98334626982990236,17.613414295855097,-5.307025224856746,-3.9510794755723677,,0.2806100333845963,0.984375,True,5
0.15009390715726242,-0.96484702389751165,-0.21573604128745122,0.97164186535307207,0.18428009538727483,-0.14816521837887078,0.182712628264903,-0.18737947304913283,0.96514508160812773,-6.25538273240495,-11.61358431377924,-4.8678665471669369,,0.1621122146169992,0.2456140350877193,False,3
0.76131873356255553,-0.64750667527208428,0.033598979222573933,0.64298796134126535,0.74730784698095398,-0.16762297996066972,0.08342821762995288,0.14921825397310898,0.98527846073295777,-23.304655923294725,-5.6335627975457125,-3.597953595397934,0.299851942839762,0.2819209666814825,0.9866666666666667,True,5
-0.44058468914165622,-0.89735653913470004,0.025226441805064469,0.87390766479361093,-0.43516109606254566,-0.21661074278212145,0.20535463254801103,-0.073389795924488396,0.97593207383774094,-8.0740562105645939,-8.7794800903544719,-4.3632920640384638,0.2225048020875353,0.188389100481478,0.8943089430894309,True,5
-0.60864487609156959,-0.74310323991800498,-0.27811686326226598,0.77074065271757808,-0.47047211595260763,-0.42966828409781177,0.18844166486199343,-0.47587137225771414,0.85909031888946352,13.970232086472576,1.6173653231013212,-2.4965834791524961,,0.5193676104784939,0.2233009708737864,False,2
0.42127963143426062,-0.90600560421039134,0.040955064131020291,0.89358158253140241,0.406935902401593,-0.18951286683830829,0.15503363344541321,0.11643460171256489,0.98102372857375264,10.401719957749592,6.8602833868374651,-1.473333978278011,0.2644954961715922,0.2729005313117611,0.8769230769230769,True,5
0.58751105190245212,-0.80257733189529212,-0.10344269051174433,0.79749867820066767,0.59592862543330893,-0.09415376602853022,0.13721013869485832,-0.027179030832637719,0.9901690149274196,7.6685086214857341,3.2264335598722251,-2.1615954147797587,,0.5784230152965263,0.7704081632653061,False,3
-0.99372943695102645,0.09181047278723721,0.063817264306609542,-0.1031803284058352,-0.97287449346921284,-0.2070483996245483,0.043076977227513039,-0.21233477586963148,0.97624705735245798,6.6005667398025398,13.439885353123561,-0.19826818696046766,0.3889479135778232,0.3160124730938885,0.9541284403669725,True,5
0.54953703146028154,-0.83503585386856827,0.026910477658569878,0.82499532784741358,0.53728176992807786,-0.1752455669421929,0.13187782256224898,0.11850494697244912,0.98415690693064628,7.1698020397994258,-14.699690928588893,-5.5604990689766716,,0.2779035224032308,1.0,True,5
0.96514032636652236,-0.25746585017995721,0.047068953804329704,0.26164747093884905,0.95369157704296459,-0.14836770817333184,-0.0066896466593149677,0.15551113101130287,0.98781148847295674,-20.904375275040657,-2.7367170389541307,-3.1640232350959061,0.2257402587211517,0.227820745017664,0.958904109589041,True,5
-0.098662113782169214,-0.99510407607753171,-0.0058021614867015923,0.97397135306095062,-0.095367872667355746,-0.20563261482441389,0.20407251338839597,-0.025939287515012129,0.97861205931796991,23.180903718199822,-12.264682229712486,-5.5870429194619691,,0.152037521059126,0.3333333333333333,False,2
-0.11772102105516054,-0.97618469566926336,-0.18222294351381396,0.97266223128533491,-0.076357615504058299,-0.21931187470259966,0.20017478620636725,-0.20305899264903926,0.95848688069873622,-5.5612318564288783,-14.073000795249746,-5.2440227448533765,,0.3330357227506747,0.12,False,4
-0.94467579939379975,0.31368792067102336,0.095851564748704349,-0.32788279699240114,-0.91109584653789844,-0.24979437515250441,0.0089724843897963195,-0.26740278017717029,0.96354306996490535,-31.071480771635635,-10.74227411589537,-4.3285976600064906,,0.1605774103606032,0.2307692307692308,False,2
-0.99806571728532645,0.011429108178023305,0.061108096566510339,-0.024169195500851226,-0.9769647385109308,-0.21202770973415358,0.057277167951711311,-0.21309452173278384,0.97535124485433866,-6.570977373029109,-26.495021032216297,-7.5546121757629878,,0.2261232174794654,0.6285714285714286,False,1
0.80897898920627465,-0.58649312025191569,0.039734304070474291,0.58775605078001192,0.80814245240256277,-0.038060496531899524,-0.0097887585666912337,0.054144219654019159,0.99848514444821834,-4.4353226408885815,15.597027398113852,0.0054109087835198053,,0.2318948168412672,0.3571428571428572,False,4
0.67484746997971412,-0.71619729658637521,-0.17788289581729433,0.73033204878834068,0.68274328095355219,0.021833708466584112,0.10581110893759589,-0.14464800266559652,0.98380941474975192,-11.772620823438677,8.147919071713444,-1.5143234021940533,,0.1831621924934459,0.32,False,1
0.97667029535056771,0.19782835785096384,0.083540858325883899,-0.18545080179911586,0.97314637124767656,-0.13636033235345285,-0.10827342375624541,0.11768636691422689,0.98713058140786525,-31.552551340747314,-5.9067540993977756,-3.4540699785067943,,0.2089672570538303,0.5,False,3
-0.49967656759435258,-0.86605199720688564,-0.01665130418588982,0.84147130425198835,-0.48075358569320026,-0.24658068449006468,0.20554652008142674,-0.13722218471185882,0.96897920519757297,13.080113504614705,6.0325279621469345,-1.6604802542975403,,0.1588863050588579,0.5333333333333333,False,2
-0.37429817011542799,-0.92730819724375135,-0.00062223210087915259,0.90512929095125361,-0.36519984578039949,-0.21764659267733621,0.20159823042458486,-0.082027921871260623,0.97602744506656136,-17.109299573860511,-9.8942147877742048,-4.4399880331075519,0.2952718214300587,0.2112846062063298,0.9512195121951219,True,4
0.11355150857088857,-0.99352409345139359,-0.0039913196891636499,0.9745829611237079,0.11216575698307049,-0.19392497221286109,0.19311682160966598,0.018130600982881561,0.98100824385903052,8.5087031667285462,9.7403247269759898,-0.92474067196485699,,0.1702430180671709,0.2051282051282051,False,4
-0.42369149640893927,-0.90506919867874902,0.036541229778987383,0.8823030632991925,-0.42149187521915044,-0.20948962651431166,0.20500443986317773,-0.056518534369278312,0.97712784982781731,-15.252993169188136,15.022908918802674,-0.37111197902990289,,0.2624410377066173,0.6486486486486487,False,1
-0.99162178343726604,-0.11849003481021454,0.051442689114891242,0.089345090225837254,-0.9167482384589325,-0.38934576167589485,0.093293587481853291,-0.38148758686636169,0.91965402603459911,-10.53283293475868,-7.2501916150366652,-4.0343577294796491,,0.1898587001279409,0.2272727272727273,False,3
-0.10506484155942186,-0.99444902556879067,0.005702158659419752,0.97325012385343146,-0.10399982318218293,-0.20486149759619518,0.20431734015343575,-0.015974114165057923,0.97877436224559322,-27.067754992590444,-7.3644046374200496,-3.8559885205387379,0.2234023342456749,0.2041547188894028,0.7878787878787878,True,4
0.6517923724904664,-0.7575590517120756,0.035650895253157441,0.7499458165293208,0.63681784642999317,-0.17900922528863702,0.1129069326189561,0.14341308739919142,0.98320125657426427,23.169339659236364,-2.9418195034152097,-3.6083501451952738,0.3238931477351691,0.3001409080941406,0.8088235294117647,True,4
0.87891192431207332,-0.47550960875321474,0.037475876045986511,0.47499417829070623,0.86537031319150282,-0.15973337671500648,0.04352424487554124,0.15819239245363931,0.98644858308875294,-19.962074019450181,5.3441007329685455,-1.9606496484954421,0.208329365180104,0.2048984424814158,0.9411764705882353,True,4
-0.33163833278502952,-0.93902048904940572,-0.090865490550493186,0.92223353217887327,-0.30239688106859419,-0.24091790810329231,0.19874941094867624,-0.1636968156849801,0.96628257988134758,-5.6421691189010996,7.7348832915897017,-1.3430616661850423,,0.2700753682150761,0.1904761904761905,False,4
0.96377600237751948,-0.26316762704749813,0.043343019223346865,0.26660711000665727,0.95516574526135356,-0.12875965196139766,-0.0075143951922025352,0.13565101972897611,0.99072818407037522,-26.973974830072613,-11.761102415241552,-4.6275569134843551,,0.2269778165864866,0.4,False,3
-0.070250832724338311,-0.99751445552709328,0.0054526613706323817,0.97683673001415194,-0.069900119693648163,-0.20224731435070231,0.20212576133881391,-0.0088816823462348447,0.97931930049494298,-33.740904098296674,0.54987636941561568,-2.341893472766392,,0.2856380432131499,0.9032258064516129,False,1
0.2705891492877725,-0.95898910393522807,-0.084388451942365938,0.94863847743610796,0.28053674275286367,-0.14623328996270901,0.16391019314070646,-0.040484991035234619,0.98564416200039184,-5.8171236192833069,-15.091688696043695,-5.4368894056418862,,0.284885575607116,0.1875,False,4
-0.34749064383268308,-0.84409356990415074,-0.40835805085147325,0.91459608002397308,-0.2090621032806918,-0.34613154634710225,0.20679521960995678,-0.49376014644594429,0.84465179507779986,-0.9116350717665892,-11.056843703660698,-4.8134224712361391,,0.2637437476574028,0.3098591549295774,False,1
0.97060229646462781,-0.22321130527406566,0.090043852069091712,0.23465362096290912,0.96080333747337499,-0.14763002698984148,-0.053561742564894071,0.16441915915693586,0.98493526682495236,4.4288323166914916,22.612506776704169,1.3578204335285793,,0.2326132555088007,0.4,False,3
0.72305906864211411,-0.69045393931382637,0.021422906908669472,0.6839250325030839,0.7111729150440026,-0.16272564279630775,0.097119169941130457,0.13231191402830994,0.98643875848230489,5.7044951307147729,15.781751194361499,0.17088335713250685,,0.1128002426390261,0.6,False,3
0.89343140175046887,-0.44915308109628255,-0.0064683929927604536,0.44783351869011678,0.89174408193778298,-0.065097095684596984,0.035006712268098192,0.055263026253155496,0.99785796986621378,13.775506851946124,8.083336249359613,-1.2313190945261179,,0.3036389907182444,0.3611111111111111,False,1
-0.47968775436286293,-0.87739694567119575,0.0086173105532148658,0.85370437450540937,-0.46895841563643842,-0.22642183055988574,0.20270298287060756,-0.1012551437242491,0.973991219983394,18.511503657197821,6.920041828701029,-1.4834443660739349,,0.144106975992705,0.3571428571428572,False,1
0.92779500027148731,-0.36948904969936208,-0.051713437552468502,0.37271592657677061,0.91170846466305488,0.17283088131973001,-0.016711539344120452,-0.17962604937479865,0.98359300873824451,0.11587081370670888,-10.660486561787387,-4.7607457593956131,,0.62100298931983,0.1948717948717949,False,3
0.067147397945705081,0.99504298812137582,0.073353109951827894,-0.97708456579755598,0.080462302624081161,-0.19705727374708332,-0.20198261863171119,-0.058440308408790977,0.97764398025240373,-30.454625643553349,-0.78274310083474441,-2.6364164085656929,,0.2791868532036949,0.7333333333333333,False,1
-0.9975144874062567,-0.027693683706753562,0.064791259421183536,0.0041455082661913233,-0.94099802864099946,-0.33838664993608691,0.070339620242419215,-0.33727699295460872,0.93877397058485235,0.89632009753488795,10.132172701987253,-0.9396565969461711,,0.2550721185960357,0.1704545454545454,False,3
0.9203678202942116,0.34821116420015502,0.17796645889957841,-0.36815267907546878,0.92499341095732823,0.094078661635265459,-0.13185856155910994,-0.15210580137489998,0.97952904241357863,-5.4978249530653596,-11.106153854457283,-4.7791814714661145,,0.1080119267965248,0.3846153846153846,False,1
-0.27030105450957143,0.94160109208832499,0.20081016734490226,-0.94662112172347179,-0.22187235687358325,-0.23383992208850349,-0.17562970089939156,-0.25329832339246788,0.95131181403814968,-5.1951743344412744,5.8356039040225935,-1.7097286941825083,,0.2777592348103738,0.2660550458715596,False,2
-0.49389227785177253,-0.85783560339699627,-0.14208622531019133,0.84322619874710469,-0.43263467353370166,-0.31905613456395931,0.21222628401047675,-0.27739018872501275,0.93702437939159611,5.147564939656629,19.409973081316771,0.85497052180360644,,0.2604028069833783,0.2131147540983606,False,2
-0.68831057266060613,0.71022726420193771,0.1476678324749818,-0.70873006837617603,-0.61498805424099012,-0.34567525702656499,-0.15469403913250535,-0.34258856712551272,0.92666219731451183,-2.7714152182404344,12.402627125990971,-0.47880840847478989,,0.2304518767142472,0.1785714285714286,False,2
-0.27103728604719596,-0.96209554509768536,0.030181976001542214,0.93869485844432277,-0.27112508465091445,-0.21293931342809058,0.21305105562367574,-0.029382827913965303,0.97659914863848551,11.911935944970644,8.2981033290233075,-1.2078693243294565,,0.1433549924017137,0.5333333333333333,False,2
-0.86145852768263464,0.4927301097587467,0.12290746120557698,-0.50773821448504319,-0.83115039913362621,-0.22669565406410749,-0.0095451890713225997,-0.25769371928152734,0.96617950527241314,11.33649786908965,19.322985898261219,0.86671869085825592,,0.1830163126252719,0.9512195121951219,False,2
0.46618557545464268,-0.88387577769355297,0.03787636261102334,0.87247383317286509,0.45223894678774434,-0.1851198137341333,0.14649375299538275,0.11934632216758807,0.98198576146418681,-10.056999032155929,20.327290520651289,0.67648840980249403,0.5500542082521982,0.2575101534019665,0.9393939393939394,True,2
-0.83894493664709568,-0.5428467587940653,0.038584838226653581,0.51888700392202258,-0.81926345712791482,-0.24405668393970001,0.16409652779698339,-0.18472894814184779,0.96899305739689323,7.4016613237158113,17.667242429567043,0.52569049854403849,,0.1404734595612436,0.32,False,2
0.79240917500105201,0.58706568605202514,0.16565500183941562,-0.58592468299702705,0.80806961271887812,-0.060957090278288717,-0.16964658920528042,-0.048758396821748179,0.98429805115645097,2.1940399099876098,17.628413217056476,0.45498213314224972,,0.3058219659005752,0.1707317073170732,False,2
0.74294213051248437,-0.66918780873498829,0.014988907566446118,0.66353940002797596,0.73335616838938178,-0.14800065843015212,0.088048028484937396,0.11990165522506213,0.98887367128172943,-23.727215042905907,10.873315202313279,-1.0217652170351774,0.3107258620040063,0.2694402402167076,1.0,True,1
-0.037895155261535855,-0.99927374403223479,-0.0039927052865242237,0.98330837450249542,-0.036577559482048931,-0.17823221587467997,0.17795673024914072,-0.010680198038338196,0.98398035322301913,5.4405227536739451,-28.179148771993482,-8.186922114862055,,0.1402854683407525,0.3846153846153846,True,2
0.29977422046663221,-0.88281783970983407,-0.36161869231786903,0.93850207190022117,0.34096247787571554,-0.054391632810988341,0.17131630915536375,-0.32307468265234718,0.93073813269172034,9.6175403101684669,21.112987692726733,1.1221432953121679,,0.2522308429528419,0.2758620689655172,False,1
0.12668609352249213,-0.96366710040658998,-0.23515176652954523,0.97372639252630044,0.16603794888578069,-0.15584707898295758,0.18922881970177721,-0.20922982369575879,0.95938278839601565,-6.4465507350851805,19.630361928614342,0.65617211617923599,,0.370699695979149,0.2258064516129032,False,1
-0.0023690137187754919,-0.99952178597003094,0.030831593297793114,0.98008681944564413,-0.0084425529637996329,-0.19838989300963703,0.19855531753877062,0.029747649835469459,0.97963812870178979,15.227510919146592,26.146137966565629,2.2111648043067413,0.31811147376537,0.279020925857088,0.9111111111111111,True,1
0.62835987989917885,0.70181661059022182,0.33558502116861927,-0.75391698523115136,0.65573181867116848,0.040310809495393729,-0.19176298055949592,-0.27833294286134175,0.94114703006761047,-11.040675643812982,16.973426731138026,-0.0010494412722323843,,0.3551094818185788,0.3181818181818182,False,1
0.29980184230824536,0.9511133416086649,0.074177265806853937,-0.93123051931518985,0.30864668424749692,-0.19377033880082878,-0.20719212157933012,-0.010983429201516102,0.9782386155935735,8.2799731382182067,22.303674909991361,1.2713065703791344,,0.2656841056833985,1.0,False,1
0.078230887085498774,-0.99497503348459082,-0.062486887009626214,0.97805091982053649,0.088740035342491141,-0.18852481100803686,0.19312256870707406,-0.04636689411370213,0.98007845838291452,13.312617270878741,-13.038694420891309,-5.3476009196621259,,0.1781243668916634,0.3888888888888889,False,1
