axis_00,axis_01,axis_02,axis_10,axis_11,axis_12,axis_20,axis_21,axis_22,location_x,location_y,location_z,dbh,dbh_approximation,score,reconstructed,number_clusters
-0.045360406696068403,0.99431085659556273,0.096376106792950847,-0.99368225857976489,-0.034995938959236167,-0.10663420295655249,-0.10265477333365981,-0.10060419828496432,0.98961648773616118,13.36452751375913,-18.929749943841337,-5.1531383852205161,0.3230499215980016,0.2884664375774904,1.0,True,5
0.3255404029772076,0.93935398396627423,0.10787742505326858,-0.93850059318809398,0.33489532777033337,-0.08403425505824931,-0.11506555790083862,-0.07388648214854486,0.99060623112348711,1.6448788090760986,19.301448376932687,-0.46463695149216228,0.248720608492271,0.223017613126565,0.9259259259259259,True,4
0.87310866230478301,0.47910655230993637,0.090211835930986403,-0.47731198658665686,0.8777330415491883,-0.04192821524356382,-0.099269991785293832,-0.0064513026977136637,0.99503962203745977,-4.1742566736306843,-19.113282214379154,-3.3881737751960919,,0.2495595484172155,0.9565217391304348,False,4
-0.082300963051449572,0.99092542981996157,0.10627014640493704,-0.99110402402843178,-0.070189090446029501,-0.1130765454769789,-0.10459141951160292,-0.1146310783273102,0.98788681074608165,-10.425780590597576,15.184524282600709,0.47657548719527143,0.2615517806842454,0.2620458201082774,0.5081967213114754,True,5
0.81538708464891396,0.5736421677111494,0.077965156393080187,-0.56863453847403966,0.8188782710012612,-0.078058560942411384,-0.10862165457292625,0.019314261716086953,0.99389551535973919,-4.4338241344631806,-2.2514445095365114,-1.6192516910045702,0.3119548329054878,0.3000954324099866,0.9660574412532638,True,5
0.84673181622009541,0.52603655497770896,0.079566162580599509,-0.52112357600130033,0.85017522603729756,-0.075048674658831846,-0.10712352653005634,0.02208229742608088,0.99400046388527952,-18.722468733862087,-7.9264791235800631,-0.90834298321736184,0.2863218552560665,0.2525975184839445,1.0,True,1
-0.51127221753686358,0.84739231556130379,0.14327240872753311,-0.85433295464494274,-0.48302469461532055,-0.19183937812508151,-0.093359103372835275,-0.22048448453219463,0.97091228743794988,-9.9587359896828627,4.4544302201346708,-0.48106795735712893,,0.2719676336240945,0.4222222222222222,False,5
-0.39196014765272597,0.91680209162662063,0.076427530649019498,-0.91723292642070797,-0.38302027026870178,-0.10944967452210674,-0.071070397084563391,-0.11300175818253629,0.99104974713981864,-11.047828209698313,3.400326123482023,-0.47430785748499998,0.3340171023751078,0.292554060680386,0.8846153846153846,True,5
0.62238713733036932,0.77423391052769874,0.11487429248833662,-0.77344683268035375,0.63087405540780261,-0.061464812942386218,-0.12005935324845615,-0.050594248707742082,0.99147666321263572,-4.5242968437780293,-16.574928830407451,-3.0315103077742975,,0.1865211900493564,0.935064935064935,False,3
0.99750574292501692,-0.040310928998394085,0.057942401010784482,0.041853020116675917,0.99879444187663646,-0.02565126865184969,-0.056838521609215376,0.028012352268645433,0.99799032589582448,-9.939081299287869,-22.809364958897401,-3.254826789787439,,0.08863676298442444,0.25,False,1
-0.99598448438253384,0.064218403483743788,0.062377107365261447,-0.07171756808910465,-0.98936341728899146,-0.12655678155529004,0.053586353641975781,-0.13052212526712803,0.989996200759937,20.99309675973463,-21.386464384099259,-6.2268292669660479,0.3541643451603408,0.2977190600999007,0.8913043478260869,True,1
0.73592392056712796,0.67176206939750926,0.084567755414716436,-0.66723495374217123,0.74076646642387345,-0.077862434630385668,-0.11494998756759404,0.00087426578587757042,0.99337089549550717,-7.1126505380884524,-21.79001459145211,-3.4287849817651255,0.2497404575560869,0.2773980381272748,0.9629629629629629,True,4
0.83908726996166438,0.53872660016777052,0.075539417921743429,-0.53287980600333562,0.84190606712582283,-0.085048730093853248,-0.10941510746751683,0.03110987638041425,0.99350918961500656,-13.344091319896865,13.063352843717261,0.58713534143824042,0.3210598331731732,0.3149109746185345,0.9878048780487805,True,5
-0.56857287774431442,0.81715203209072362,0.09480210516412102,-0.82099315808204887,-0.55638625294426403,-0.12808033384210363,-0.051914517006439932,-0.1506548837065757,0.98722236043322353,-10.737667878327878,-20.958938912681408,-3.0086734356281446,,0.1221250693211003,0.1363636363636364,False,1
0.11532758962718462,0.98719682436371958,0.11019063951611416,-0.98712673291661512,0.12627589471963896,-0.098159113556123487,-0.11081678677958942,-0.097451672017165439,0.98905147054584841,-6.76268788773484,4.4531381366668725,-0.83948312177788975,0.2833432347680983,0.2526744442668892,0.9453125,True,5
0.86821046854625306,0.49044175078850316,0.075348997274047383,-0.48599125427024936,0.8711319513630893,-0.070296686174863884,-0.10011534887082316,0.024413365147907602,0.99467628127076058,-5.0844728005998601,14.992389497664501,-0.16655038573119915,0.3274182279115718,0.302325628791428,0.8613861386138614,True,5
0.13434575986897329,0.97999343202827216,0.14684716540225368,-0.98414185403329746,0.14927326345830588,-0.095824339060657931,-0.11582757851709097,-0.13164484797346193,0.98450678314418538,16.455932411708421,-21.024745403516235,-5.7126770102211077,0.3150045503826272,0.2686032036777449,0.9230769230769231,True,5
-0.75706456705128256,-0.65225121250467177,0.037704072746045016,0.64322311830841439,-0.75421579036194342,-0.13199455156296405,0.11453061332697635,-0.07567626678750522,0.99053310962130525,-18.837482413051919,-9.9712061630783531,-1.0886861302723874,,0.2221523883061067,0.5918367346938775,False,1
0.93786569046748169,0.34121530824656243,0.063087717205142724,-0.33863358148587713,0.93968259700406565,-0.048206995112138475,-0.075731394639215494,0.02384806713126263,0.99684302954883586,-15.511507342012836,-7.5188157618052518,-1.1713627946923095,0.324945554167994,0.2152843970612704,0.9777777777777777,True,2
0.59727835267391993,0.79661623857428843,0.09306523446958824,-0.79287711974668529,0.60395472969246133,-0.081145286149631263,-0.12084884115839936,-0.025322972216091456,0.99234787482455655,1.490015142487394,-25.628634479532959,-4.6907701882217063,0.3463914970766488,0.319397497108296,0.967741935483871,True,3
0.60255449600236033,0.79249823754946891,0.094205216566419267,-0.78856886957564964,0.60938010341448334,-0.082553179822068862,-0.12283003412652237,-0.024544511474831589,0.99212416041186025,-8.3084558850082164,2.6207751626575808,-0.81146479444702302,0.2631830370962615,0.2210703736860302,0.9605263157894737,True,5
0.63861451133683345,0.76385354972661113,0.093269826203727646,-0.76070651625761776,0.64493901241673113,-0.073343482233467164,-0.11617702885345678,-0.024112752497123746,0.99293578500011581,-10.331826108456706,17.919371776521995,0.70130654343451337,0.2472238369463248,0.2311334798367439,0.6363636363636364,True,5
-0.38220547538423483,-0.86334653864568733,-0.32947189378582781,0.91620282486974503,-0.30759697198718394,-0.25681994962427213,0.12038005767987153,-0.40002107073606036,0.90856578445380876,-17.527552602977245,12.469873364423277,0.89938628392148312,,0.1659759841905391,0.5714285714285714,False,1
0.21209818289126889,0.94665872465863743,0.24259352802971459,-0.96431378359569642,0.24299484609749814,-0.1051305452159637,-0.15847172486464101,-0.21163828528348838,0.96441482185867022,-5.4727394585914801,-18.175348255119587,-3.1519218117449079,,0.2070934930488236,0.1,False,2
0.72815400585222245,0.67826727001147391,0.098718054035433461,-0.67596715384661765,0.73446073696983905,-0.060297867045386228,-0.11340260438748187,-0.022824028586165876,0.99328692382273565,-13.370732919007756,25.146805649655093,1.5636802659284268,0.3035327326685908,0.2893755093860222,0.8979591836734694,True,2
0.17011629004311038,-0.98369018125753338,-0.058430087792918931,0.98099623482297937,0.17466856771319655,-0.084482416609357722,0.093310423453679112,-0.042947860837769233,0.99471033277248777,21.360162281385797,-17.177600767316573,-5.8013863288650773,,0.1584381153951351,0.2777777777777778,False,1
0.14633764738538244,0.98432630900993445,0.098422610962066656,-0.98289088553067938,0.15592740598652355,-0.098041578950110633,-0.11185168795520432,-0.082391513235239827,0.9903034072688931,-3.6160422841328632,-23.782987319657384,-4.0113705347289281,0.3045853231570693,0.3292307933270225,0.98,True,3
-0.50035284493053722,0.85814597124999492,0.11503270229512501,-0.85592690673340122,-0.47022117690144755,-0.21513060015536545,-0.13052264516055298,-0.20610079286800176,0.96978673030696383,-2.1568592695049245,-1.4471786700393234,-1.8214879823813388,,0.2924053398209377,0.2553763440860215,False,2
0.8906527700781729,0.44924864865126485,0.07009489879505687,-0.4431923642968259,0.89220459172749156,-0.086899336760238338,-0.10157840016985184,0.046331611081334288,0.99374806185146392,6.4093139160017758,26.982519161087893,-0.33307035367556481,,0.3022939221587497,0.6190476190476191,False,1
