axis_00,axis_01,axis_02,axis_10,axis_11,axis_12,axis_20,axis_21,axis_22,location_x,location_y,location_z,dbh,dbh_approximation,score,reconstructed,number_clusters
-0.73425904297611411,0.6788491886075686,-0.0052380277440042143,-0.66578543570909177,-0.72159365784288532,-0.18982188113750204,-0.13264015758983413,-0.13589103019614979,0.98180457144320399,-9.8081365221218029,3.1326188308055061,-1.4002797663756157,0.2462139098780616,0.2043019226802898,0.9875,True,5
0.53510791166054827,0.83630106695576856,0.1194154440888186,-0.83822619685457322,0.54320131703676999,-0.048053845592591626,-0.10505410884398918,-0.074383160581960192,0.99168078515056135,-0.24529409498061722,-17.01511941803868,-6.6392670397506048,,0.231901805109692,0.4090909090909091,False,5
0.11791594331084379,0.99298364070866207,0.008906155067471366,-0.97877834498873062,0.117733419796925,-0.16772535063026026,-0.16759708140130777,0.011060341219556553,0.98579353170827422,-8.048213110505511,11.892611530436257,0.44341539722750323,0.2330536228917911,0.2200510020649077,1.0,True,5
-0.79880205223561784,0.55663982684701163,0.22818278750136711,-0.58910324332628317,-0.64687555644867045,-0.48426168873004671,-0.12195347492637913,-0.52125245096493489,0.84464384939241066,14.505905477749693,-22.076730421959354,-8.0712039140699012,,0.5266220795103694,0.375,False,1
-0.94299674995367311,0.3323801675299457,-0.016749740582359039,-0.32352721574730597,-0.92735404210906192,-0.18800165226609522,-0.078020960309440127,-0.17186595013774808,0.98202587793583285,-12.491898216265913,5.0716707158116465,-0.99967683488673142,0.3086573132159338,0.2175643371833484,0.9776119402985075,True,5
-0.9853244038174036,0.17046949250480375,-0.0087161555190947287,-0.16285187391174727,-0.95413788823493872,-0.2511974470371951,-0.051137915535449295,-0.24609153248278734,0.96789662218387906,-2.6941925635567014,-19.484187768626075,-7.2875026339156159,0.2488847591594556,0.2538891963740665,0.7625,True,5
0.91779346163373698,0.39678270898851886,-0.014786603061391339,-0.3945422663111553,0.90715987332541959,-0.14627837954484746,-0.044626918742170306,0.14008728020752395,0.98913294963196896,20.808480515586815,-9.9146659260419785,-4.2608369396304351,0.3155726168905635,0.3188002817918025,0.9833333333333333,True,4
-0.89643176377221878,0.44288752422717453,-0.016147253145782796,-0.43220223547797282,-0.88170261756364199,-0.18921342930475615,-0.098037342620416357,-0.1626380492546165,0.98180321062144693,-12.786289588420468,-5.071610474537418,-3.4531176181772048,0.2947556985735667,0.2710963646887979,0.9728260869565217,True,5
-0.32464853677871292,0.9400785258923311,0.10419065564407672,-0.92727468231439447,-0.29462551964094991,-0.23099235207045121,-0.18645372376592478,-0.17160468621923497,0.96736076029649787,-21.047936402862558,-8.720889134377062,-4.6651965963854636,,0.2587546403301237,0.3333333333333333,False,2
-0.91908624213916312,-0.38926964732500896,-0.061234150455246911,0.39169030416116796,-0.88546648717009402,-0.2500556052656821,0.04311826917496122,-0.25380748958633598,0.9662932127947701,-0.68860682673660401,-18.43198864786341,-6.9109509490304655,,0.1905874872203036,0.1428571428571428,False,5
0.67734970375442294,-0.73048566842200913,-0.087109511844839338,0.72180557687731117,0.68278975519450535,-0.11311436420826283,0.14210590421445421,0.013741849638171457,0.98975606770350988,4.4747140267364607,8.5966912758337806,-0.18354517774524667,,0.1211503088528725,0.15,False,1
0.77310627602282289,0.63185801004941933,0.055336616363049325,-0.62778474758120084,0.77472613756782582,-0.07540372983909116,-0.090515173747449884,0.023555613038656161,0.99561646049864116,3.0836635055644903,-10.683934161772282,-4.947930548132593,,0.4399769748397104,0.7878787878787878,False,1
0.2497213590694807,0.96812817404565754,0.019159369601145719,-0.95504115272494916,0.24951448527772765,-0.16012157330725926,-0.15979874663555041,0.02168779047327072,0.98691134369714062,6.9702536902842427,10.929434722242188,0.31408015266596834,0.4041085955645462,0.2497902562398931,0.8679245283018868,True,5
-0.15469910341190662,0.98697465333429668,0.044149983909379242,-0.97204019073502357,-0.14406357971810485,-0.18542802537541409,-0.17665235633688048,-0.071601108053238022,0.98166553689440372,-23.46894357058607,2.948330441099813,-1.5215533819231748,0.2589765371852989,0.2310634613205766,0.4,True,5
-0.45377768589574102,0.89108497731810243,0.0073058183047431556,-0.8757308940734273,-0.44441194376733612,-0.18866219918757526,-0.16486725857022205,-0.092008626959290074,0.98201486730935217,3.6529976302512353,7.6031969571141298,-0.45293626497474471,0.3500553970091649,0.3002016999108437,0.9691629955947136,True,5
0.99962258491459555,-0.027085683568548836,0.0045884065084153486,0.027077851380421836,0.99963177738285791,0.0017605712163501763,-0.0046344032282282571,-0.0016356625607063114,0.99998792338443043,-3.8870051625440958,-5.6212243997480611,-3.588027112169665,,0.527727734488642,0.4021739130434783,False,6
0.58747252758468516,0.78070478962612022,0.21301657397511775,-0.80202630287039955,0.59677786352529361,0.024697998101540886,-0.10784173050029862,-0.18535429064637668,0.97673637594884299,-1.7760980962945441,-16.28770615377104,-6.4044664221359646,,0.3230715342268104,0.2777777777777778,False,4
-0.49705861472781049,0.86755488487397669,0.016770666539260178,-0.85277464818315396,-0.4848365601566168,-0.19418781978176916,-0.16033755935827271,-0.11082432795555452,0.98082100068882705,-12.910444020943666,11.834805510230634,0.46552893790471772,0.3554385779144006,0.2788686223724534,1.0,True,5
-0.30756067274651777,0.95077802092373798,0.037783429013931898,-0.93624042607273994,-0.29529109941904241,-0.19041279156356175,-0.16988318682802214,-0.093937859951324199,0.98097674860361583,-18.636446902163531,10.752427057978343,0.17532323976569886,0.2971010314892982,0.257646456959333,0.9361702127659575,True,5
-0.59852599296611408,0.80110306538390108,-0.00071720042248554425,-0.78660892916453606,-0.5878660881105241,-0.18883817148090884,-0.15170045584160452,-0.1124603978391885,0.9820079585295135,1.5053724451700501,-12.941981566794578,-5.5499368774832663,0.4256285403433046,0.3189876341831911,0.9846938775510204,True,5
-0.53231304534651036,0.84645147888658245,0.012756004258568251,-0.83222140467229755,-0.52048485756588359,-0.19105770502623795,-0.15508176991250464,-0.11231832858150334,0.98149591833357397,17.992579377996073,-2.5153434945353204,-2.6042541852180263,0.3076712503305636,0.2876293604928145,1.0,True,5
0.7440724180547299,0.65718149924985092,0.12028596648780762,-0.66433525408188876,0.74687403706005584,0.028945516916562719,-0.070816007188630847,-0.10144776887311417,0.99231720901963993,-5.036170198219529,-16.707207757985021,-6.6112135758960227,,0.2264856019590625,0.4,False,5
-0.56451148877850454,0.82536762844453904,-0.0097497155299499268,-0.81071533581308863,-0.55663266050812354,-0.18138557145793127,-0.15513678904292352,-0.094489995086711104,0.98336372594984722,-2.4593035995099406,-4.6369120583504726,-3.2711526866550695,,0.2425184819502351,0.9883177570093458,False,5
-0.58029188286026367,0.81399577172866366,0.025927095756143881,-0.79984367039554194,-0.56363115945946773,-0.2063250324477498,-0.15333438497179563,-0.14046636499260048,0.97813995250735364,-11.408630577761572,-20.317862280261323,-7.4579456812047065,,0.1701105867194155,0.3181818181818182,False,1
-0.82540270183921749,0.56428629673344,0.017069127551929263,-0.55381875425965665,-0.80348519631695048,-0.21839488714207042,-0.10952245078889533,-0.18971693287204419,0.97571118583053185,19.541598313951159,-12.759586427658752,-5.2440830527745073,0.2557806357325585,0.2453970156813873,0.375,True,5
-0.11076318265092211,0.99370906135251902,0.01654746974419441,-0.97860975175787435,-0.10614556953256538,-0.17622732998317825,-0.17336225406192424,-0.035713015197598091,0.98421039895546025,-13.483538753392658,-8.3308235685712582,-4.2629194574087288,0.296992688214229,0.2697093632901078,0.868421052631579,True,5
0.96332261276263464,-0.25720338948007399,-0.07652424570116792,0.25558284551146676,0.96630800672446038,-0.030434277064882193,0.081773790547051833,0.0097597428327612212,0.99660312792977213,-14.390503374126373,20.466202541733228,2.2034285866965675,,0.2445431259844704,0.1724137931034483,False,4
-0.0892959085143024,0.99597272598857445,-0.0080355341759763936,-0.98063810549219976,-0.089327057255974132,-0.17426870889134655,-0.17428467167044354,-0.0076815316751199757,0.98466534786791904,-6.8873359024164795,7.3052280843211017,-0.53157714589067462,0.2918130517390114,0.2701391448677836,0.9866071428571429,True,5
-0.22835860079592002,0.97346416548695669,0.014827945080589617,-0.95810386254624713,-0.2219986211807721,-0.18097955897779638,-0.17288533198768291,-0.055534950316168778,0.98337507151487713,-16.050300477858414,-0.54397045565536184,-2.332173784457968,0.2304491112902484,0.2513784865427372,0.9629629629629629,True,5
-0.48092754739791588,0.87676033082011839,-0.00012827323358022887,-0.86182829529521932,-0.47276378481363818,-0.1837019139726665,-0.1611231938063617,-0.088236761436948988,0.98298198882215404,-19.579200258750831,-0.064383979792042634,-2.3188810710677856,0.3008799962807034,0.2724779000661768,1.0,True,4
-0.25421689992750768,-0.96580382228531769,-0.050958263807942564,0.95384105113887829,-0.2416610724450807,-0.17828958249705767,0.15987813156754491,-0.093930308866551765,0.98265766171271818,5.3613710180628997,-5.8023881556513004,-3.550129498906335,,0.08066558696872121,0.2439024390243902,False,1
-0.47740356724133171,0.87861379263345196,0.011119234664041832,-0.86335528917319126,-0.46668419983651627,-0.19189450820601228,-0.16341199050843266,-0.10121097281032963,0.98135256678772687,1.3787587997396904,-20.326615091307897,-7.4276775333111615,,0.2370200810946138,1.0,True,3
0.3619327731112747,0.9321268434160116,0.012008977112394483,-0.91977184436257031,0.35917312142427565,-0.15815948648190359,-0.15173800468524545,0.046197582508675505,0.98734054981272612,-19.002251902069755,-9.0275667856214277,-4.6889181530125832,0.2848426641761814,0.2826566456775662,0.989247311827957,True,5
-0.27752680897287246,0.96016326087377291,0.032640201739242584,-0.94520069838110465,-0.26680502924652211,-0.18817735291111576,-0.17197241081408066,-0.083075801753616271,0.98159253312247008,-2.6401678957059347,8.2866059192638968,-0.2599273551023657,0.3046329653330126,0.2982496771008371,0.8134328358208955,True,5
-0.98213769374332371,0.18734182969092908,-0.017566712173968678,-0.16277873065000267,-0.8927581437309916,-0.42010234663706714,-0.094385567628329864,-0.40973886275291432,0.90730668958926397,-8.3228399683100012,-16.680874808868609,-6.6221657667680365,,0.3234224763010559,0.3902439024390244,False,2
-0.48825061105832734,0.87270183121977651,0.0016895522538516758,-0.85779339955721323,-0.47955165098035291,-0.18498837184562847,-0.16062946329129282,-0.0917699723638742,0.98273925722700461,-7.579854112464254,-5.3452206232148924,-3.5317374917359161,0.2290212248754808,0.1716119041359206,0.8592233009708737,True,5
-0.46770122143386877,0.88386895622761286,0.0055888895477830859,-0.8695646472968952,-0.45898001324762039,-0.18219404932829147,-0.15847047561199823,-0.090072280177223782,0.98324670998838481,-21.545826383398389,-10.403591052805979,-5.3151152289094208,0.3810398054849861,0.317870009584419,0.9803921568627451,True,2
0.98385563072787485,0.17895845764758053,-0.0014029688008025945,-0.17895668261038,0.98371472715727437,-0.016728458475849917,-0.0016135780565680186,0.016709458707259813,0.99985908524930023,-2.2715243045187847,-15.612429960872273,-6.229785273505021,,0.1956056259765171,0.1904761904761905,False,3
-0.78559162661001625,-0.61797225618050788,-0.030920653152897357,0.61250613578442048,-0.76961950261611889,-0.18033872246235605,0.087647189496674188,-0.16061168009858612,0.98311843558609147,20.71263340421195,-16.796909293686522,-6.3887472406040562,0.1782768294815795,0.2694070658896698,0.851063829787234,True,2
-0.21075027281179046,0.97729243032045421,0.021996093928169206,-0.96145226440303944,-0.20316393659352378,-0.18529424746087222,-0.17661785239330768,-0.060199007518094455,0.98243687517815259,-2.4274090331677005,7.8254054274950979,-0.37122810981189819,,0.7148317846532708,0.7051282051282052,False,4
-0.62228469405687881,0.78276449653282643,0.0064422441936463929,-0.7688530864671933,-0.60963784644964847,-0.19289019572313201,-0.14706016106481823,-0.12498575576420087,0.9811991998996149,5.3540029520495009,2.4993408031858673,-1.5103632664193389,0.3535372473808464,0.3058621277340598,0.996039603960396,True,5
0.095317331750510159,-0.97022696426847932,-0.22265274324457421,0.97904190875989505,0.13181107380685711,-0.15525070600053448,0.17997651835654654,-0.20318828368844088,0.96245673887816974,1.4285517134486605,-6.7336374603843092,-3.8101599306596134,,0.4390687566080693,0.3966942148760331,False,5
-0.50778274585692729,0.86144424194445823,0.0083964891912290968,-0.84674151965284861,-0.49727327070202859,-0.18907166139137024,-0.1586993443779314,-0.10311698340257114,0.98192739335857748,3.0502049356733871,11.534458235004028,0.44423342366596241,,0.2698148170205467,0.6071428571428571,False,5
-0.42614469735243948,0.90455726759176192,0.013298367017274704,-0.8893720137777269,-0.41620964255009674,-0.18917440248953846,-0.16558417203148101,-0.092442863949841719,0.98185345081504039,8.8328223361603939,12.746646308536357,0.64036042713757324,,0.1822762923230261,0.5625,False,4
0.31551347656028916,0.94886973208973968,-0.0098730761563533449,-0.93598219575276287,0.30948216262652184,-0.16780381476549075,-0.15616841979952267,0.062185388476396493,0.98577096838837941,5.3105525869577823,-4.5458032762386855,-3.1685529400838495,0.3290164106017897,0.2668236513194414,0.9869706840390879,True,5
-0.91022256477307739,0.4139797092828304,-0.010755597613562318,-0.40310932686661327,-0.89167292857054647,-0.20596664547341603,-0.094856487237656051,-0.18313980658646864,0.97849990192764158,-2.033363542458765,-11.269899023501424,-5.1015477758090011,0.2016467693541383,0.1850874379377604,0.8830409356725146,True,5
-0.96252085240119845,0.25580637590811828,0.090092767399080537,-0.26227487713049202,-0.79340381736467636,-0.54929251898905784,-0.069032583024653801,-0.5523345730948892,0.83075930439871137,6.2981748121841079,-6.2548868692848227,-3.68211239384642,,0.7124044516377926,0.4658634538152611,False,1
-0.94585379304529527,-0.32014191536315162,-0.053570105557498443,0.32362052885508058,-0.91732322328681504,-0.2319220932171977,0.025106881235765668,-0.23670077745183102,0.97125814615287154,19.07361890544118,-20.777414908981228,-7.4490846948811242,,0.2916078726428206,0.5128205128205128,False,2
-0.77309678418950223,0.63420498763696831,-0.010266252102942375,-0.62157155401106556,-0.76072284852715411,-0.18694799002128942,-0.1263731202436563,-0.13814767962265492,0.98231616758290075,-8.5549946588756018,0.28160291210728039,-2.0540255154852955,0.2459976093693332,0.2235665789422861,0.9432624113475178,True,5
0.078339427328352057,0.99692496322942448,0.0018846261900590656,-0.98272948350819311,0.077541559341084379,-0.16801806098950428,-0.16764753612739303,0.01131036095637513,0.98578211556380502,-5.8316517667116834,14.261553070190116,0.94871908272259575,,0.2139271705749826,0.9240506329113924,False,4
-0.85373034689795657,0.52071298990418324,-0.0015738267190615425,-0.50910200347774803,-0.83532080081517479,-0.20749532471947149,-0.10936016112112618,-0.17634381721665743,0.97823474344812589,1.0934376897538214,0.053650241263655918,-2.0530886137861648,,0.2789973533330224,0.6242350061199511,False,1
-0.97138824602389073,-0.23336235518217027,-0.044123538734571699,0.23270383950682469,-0.89807564839608778,-0.37324127965262577,0.047474188412363373,-0.37282990886163936,0.92668444493948976,-2.1618590752250544,7.5117366891276687,-0.49024317409102247,,0.4024610636623502,0.6,False,4
0.94589853337454111,-0.30976126842871654,-0.096560453299087648,0.31529323043831881,0.94777013280196742,0.048186660065942438,0.076590752703324744,-0.076024548337850315,0.99416000958113626,1.3367870708262823,-7.0333724765553063,-3.9499182517601308,,0.2758649617982186,0.2805755395683453,False,2
0.99459298768339455,0.10228508307104374,-0.017959694656912398,-0.10367023271443418,0.98807940738174249,-0.11380495400939272,0.0061050552786120066,0.1150514949459355,0.99334076822143536,-10.919649998897,19.146468745141487,1.9653533572481414,,0.3042309174901277,0.4406779661016949,False,1
-0.97226405547991124,-0.23245056393781716,-0.025871639815583061,0.23325176145348547,-0.95553755496048076,-0.18039289575532796,0.017211106896501391,-0.18142413396551491,0.98325432183858741,-5.7690811383680609,2.4598910200943171,-1.5572791022644512,0.2837773998910602,0.2296843507521039,0.96875,True,5
-0.40747657116714392,0.91320934018603317,-0.0033977855816118441,-0.89799854090076647,-0.40136031792725518,-0.18030118062128211,-0.16601645849120814,-0.070417300362366805,0.98360558117556185,-4.8714501090635345,-1.7769887346463982,-2.5267652852421802,0.263923994171082,0.239356851940503,0.9782608695652174,True,5
-0.61446827448700503,0.78736064358241986,0.049919501063613654,-0.7763258445730471,-0.5921607746558113,-0.21601805481712449,-0.14052374424597255,-0.1714900402253928,0.97511242603434489,-20.527808603986003,17.237724967180718,1.5651729176216733,0.2627282082852971,0.2954029262215213,0.2702702702702703,True,5
-0.90769019763920422,0.41909833791795609,0.021332797850023743,-0.40868994916973261,-0.87132233138462478,-0.27160618600853759,-0.095241957966773705,-0.25525277272709423,0.96217201760277105,1.2900412893389221,-8.0200630697506057,-4.1752787491274947,,0.1616279375961815,0.5517241379310345,True,5
-0.23455202293823738,0.97031168360273723,0.058996484637642323,-0.95832805456316195,-0.2206211950786858,-0.18147624670803439,-0.16307264753098083,-0.099103607129465449,0.98162405567567612,-24.422726854162498,-1.8565321506394385,-2.7757781321835542,0.3086028481788091,0.1998609807104675,0.8936170212765957,True,4
-0.78386520829351247,0.62082934260016942,-0.011236662921478988,-0.60839903648267646,-0.77153640561454484,-0.18596286515952606,-0.12412069784657258,-0.13893344513842176,0.9824925191511894,18.312694445412294,-6.2444538111857693,-3.4450559698960896,0.3394734293950314,0.2675178024552657,0.989010989010989,True,5
-0.56227549838914559,0.82690261155496614,0.0088507013741288242,-0.81251128540883633,-0.55043514045806863,-0.19195459679879068,-0.1538560203388796,-0.11512266133339077,0.98136389675440938,-18.674410462111599,4.2532078425031026,-1.1619397988103282,0.2536085484746493,0.236823202817708,0.6721311475409836,True,5
0.73713690353616612,0.64875979292227215,0.18905003711336008,-0.66782938298481598,0.74210504438090941,0.057306355027410161,-0.10311692716150982,-0.16849579873652124,0.98029386672615093,6.0144747685786344,-6.9127059492173535,-3.8342187365669602,,0.6065720541718793,0.4195121951219512,False,2
-0.28519118668881593,-0.952836421847157,-0.1037725408599523,0.94107095647414984,-0.25783172226163265,-0.21887955106959706,0.18180055532327993,-0.16007984319428181,0.97021801770892735,-19.937756555831086,-2.9982013175558264,-3.0318894021428022,,0.3548109904609464,0.5405405405405406,False,3
-0.98659926095366657,-0.16029474908035773,-0.030454748446559109,0.16314323241855813,-0.96630325316925769,-0.19910376347656764,0.0024867653090698601,-0.20140411200314112,0.97950507893860506,-28.936097619957671,0.96021254242136411,-2.0421538915650888,,0.3324271218903558,0.9722222222222222,False,3
0.42566393173436023,0.82757365498325819,0.36596729744349804,-0.89571889283943029,0.44276397391015937,0.040592221148751467,-0.12844408211728356,-0.34508246693353667,0.9297420119496127,0.99550510124428049,-12.631935879040501,-5.4637248789529913,,0.4666814897097837,0.1733333333333333,False,2
-0.7977178219949157,0.60301762986598739,0.0040018173992431433,-0.58510718047977117,-0.77238449634472983,-0.24712704659205578,-0.14593102419534484,-0.1994791414587167,0.96897482335723906,0.41581370117873995,13.065003381945292,0.73911069883113567,,0.131681231236589,0.4871794871794872,False,3
-0.99839685456514948,0.055658321158512915,-0.010289415932542295,-0.044902254219742678,-0.88951362764922159,-0.45469692520656907,-0.034460243185482936,-0.45350596193670767,0.89058679202392166,-5.4645257679760952,-6.1558616998723243,-3.7611946853109921,,0.4549570469614628,0.3283582089552239,False,3
-0.83191898656774077,0.55489577142161672,0.0012176397301168524,-0.5429097897192392,-0.81349162094101135,-0.20851940649679965,-0.11471599720664435,-0.17413232186235586,0.97801747145319984,-32.509636720153708,6.5456804561644297,-0.66103195797861081,,0.2222684219128838,0.9354838709677419,False,1
-0.048620453621856456,0.99414766838256519,0.096470020934552425,-0.98283782725739433,-0.030411506070633854,-0.18194764524576509,-0.17794902866149032,-0.10366076281806867,0.97856455558660371,-1.1624767408348284,-5.9240686124945414,-3.6628886060670753,,0.1332059310504974,0.243421052631579,False,3
0.33526865716220527,0.94144678300469886,0.035677476014390599,-0.92947124706124473,0.33671442445472655,-0.15068708388756785,-0.1538769911684926,0.017359468143580171,0.9879375083752544,-4.5446215080080075,12.298584539998112,0.58535371597765051,,0.09845121779458935,0.1851851851851852,False,2
0.97815605463445254,0.20781758953908491,0.0047520795580837504,-0.20731317997565668,0.97694695129134557,-0.050949973218110622,-0.015230830257832537,0.048851856062074428,0.9986899008045228,-0.012761063561252128,-11.804036821816563,-5.2521667093371658,,0.1308548419444553,0.2432432432432433,False,2
-0.056071928397831844,0.99834022831510905,0.013142578646687136,-0.98416734168316744,-0.053049584220011874,-0.16911648405277155,-0.16813858096830694,-0.022417184074272112,0.98550844108416658,-13.428178621943877,17.091577484434158,1.5468096300129419,0.2113873577676517,0.2303021387523144,0.5483870967741935,True,4
-0.25071188921977439,0.96799497175057758,0.011370280095559591,-0.9520678225598308,-0.24442650190795126,-0.18390907104117007,-0.17524385823770108,-0.056933468457860216,0.98287749507215982,-7.1990363491407958,16.924240185104825,1.4870757674138024,,0.1580661862580564,0.9111111111111111,False,4
0.92899349598152459,-0.36339234522029934,-0.070121949910965306,0.363239906547354,0.93156891961967603,-0.015366141028223979,0.070907367145415165,-0.011196045459022301,0.99742006890306001,-6.2047179318846073,-5.6267453997754169,-3.6351655797087572,,0.2890889953154646,0.4,False,5
-0.93088796743823554,-0.35404567249334051,-0.089995854723699906,0.36454701870292261,-0.88446557495569733,-0.29124923669101593,0.02351729647561622,-0.30392813049638351,0.95240465573171784,-20.703835118905186,21.971427450008253,2.4654816048977204,,0.1688912294795132,0.46875,False,2
0.30585413168805059,0.95139715880088027,0.036009670297899962,-0.93932684137827105,0.30771126407123528,-0.15158780633680727,-0.15530078942385159,0.012538907021641229,0.98778764955583132,19.937800194227258,21.550697454081693,2.2688474442743485,0.3800586476927138,0.2859321588802543,0.8444444444444444,True,3
-0.7445518624081916,-0.66592043772451537,-0.046824083603226742,0.66052051193243233,-0.7247182467594423,-0.19620427143779673,0.096722166544229299,-0.17701252338382442,0.97944442877800897,-25.227380526753432,6.5268292631025142,-0.66586055541926992,0.2936000363202404,0.1820430805846344,0.8958333333333334,True,2
0.58807592650678142,0.78460662272967274,0.19636484469458837,-0.8039132278087503,0.59369377280130198,0.035372677182742257,-0.088826948711013445,-0.17866211603385676,0.9798926581401648,-5.2840282247054393,10.080093033865708,0.1773461645622649,,0.3385087048037827,0.3220338983050847,False,3
-0.20801160828521792,0.97784766327573891,0.023347767447332898,-0.9628661701457516,-0.20050800202295277,-0.18079070638065689,-0.17210435557373435,-0.06008734102072813,0.98324442649913302,6.8283615760249594,12.259418395475128,0.54062090006897467,,0.09850963399422749,0.4285714285714285,False,4
-0.37269353627112839,0.92331532068826228,0.092673332755722482,-0.91253227244092627,-0.34653545954272291,-0.21725106911891809,-0.16847664459954173,-0.16553547614286651,0.97170655362750036,-21.881741602148512,12.194265254502065,0.5240921838552709,,0.2338088481765227,0.9555555555555556,False,3
-0.97036930343780536,-0.23689088406943642,-0.047603823275348935,0.24092669383087512,-0.93361037139680159,-0.26519050250725679,0.01837778945775595,-0.26880175495172731,0.96302018327214689,8.9511349731226826,26.984686316475887,3.3167918930815774,,0.2290387475217914,0.6571428571428571,False,1
-0.82693225673992621,0.56222393474448906,-0.0093429097949427366,-0.55017884162665842,-0.81242419074130712,-0.19305485366775871,-0.11613046537993427,-0.15450301452967211,0.98114348263232287,-21.459449400797784,-5.6369133180262549,-3.9218559349200457,0.2480478662293797,0.270318430313115,0.9423076923076923,True,2
-0.72681945662177416,-0.68517956199534624,-0.047565168977880642,0.6796094942688613,-0.70743890730780212,-0.19406475137635257,0.099319750179162183,-0.17337577757867073,0.9798348978135758,1.414483120974257,14.82170717220769,1.0801826450723444,,0.09420489887995662,0.5135135135135135,False,2
-0.94701957528413538,0.31686646986546085,0.052436288042327965,-0.31174283833169703,-0.86759433226785765,-0.38742286634320977,-0.077267889692642505,-0.38324367560560252,0.9204096687512332,-19.354549073310519,-5.8581330441740791,-3.943281856958218,,0.1604959683109526,0.2777777777777778,False,1
-0.63433717105536203,0.75909876145253585,0.14623755939807589,-0.75885237609692058,-0.57534309677559714,-0.30516125619862539,-0.14751076133468227,-0.30454784739658119,0.94100541121535031,-18.3651137932567,-5.5738576670920201,-3.8472066550853068,,0.1937531701401547,0.1666666666666667,False,1
-0.29276280837549346,-0.95329537725656843,-0.074282311039387205,0.9431930720303614,-0.27514940107923996,-0.18622469213202064,0.15708840474721369,-0.12458222500418642,0.97969510680975802,-28.762334859041307,17.311604616597574,1.5175735045991732,,0.2440149887429232,0.6666666666666666,False,1
