axis_00,axis_01,axis_02,axis_10,axis_11,axis_12,axis_20,axis_21,axis_22,location_x,location_y,location_z,dbh,dbh_approximation,score,reconstructed,number_clusters
0.79399079122564686,-0.60253692198106346,-0.080795303690610942,0.60321850630694929,0.79736260493723354,-0.018447490249971325,0.075538447810933815,-0.034090085029164538,0.99655998766006038,-21.192259320517316,9.5164848257987558,-2.6523575844142351,,0.2001852194725626,0.6875,False,4
0.89030627017090103,0.45534238561715473,0.004249371113182761,-0.45521513947319675,0.89021712092178107,-0.017107145060873907,-0.011572471161222793,0.013296220448458329,0.99984463214691965,-7.7841855869552621,-2.2016618050586101,-3.5746014082695763,0.328442300117756,0.1824298966000364,0.6844660194174758,True,5
-0.85147216821202232,-0.50050806298095674,-0.15648266885303266,0.52409987925873514,-0.8021233621913948,-0.28621220866299846,0.017733113694341503,-0.32571427773099404,0.94530193375496696,-14.053355814452546,-2.5726571520726029,-3.5883581863323135,,0.3158058089177295,0.2222222222222222,False,8
-0.2531875540411343,0.960747924791161,0.11339968028238062,-0.9640565693652835,-0.24080661230835337,-0.112281372151464,-0.08056670244157263,-0.13775195271956325,0.98718458556626543,2.3039713841666494,-0.67473786700431904,-3.5063581240327437,,0.1783764094727088,0.3542600896860987,False,5
-0.26257253013841131,0.96490988511710896,0.0021400981288650289,-0.96077701410747596,-0.26124148477421261,-0.093061355006728741,-0.089236738955637898,-0.026491512532373602,0.99565807593988342,3.7416514210867118,2.0115760498257864,-3.2791184206014732,,0.2633079837125331,0.9810924369747899,False,5
-0.69691378818511507,0.71714288971747964,-0.0041530187979452737,-0.71293388893590137,-0.69342765728239286,-0.10432331533547329,-0.07769454192029808,-0.069743529044031943,0.99453476475801483,16.06502498929185,-10.021156835725815,-4.8948753111307415,0.2629163115510476,0.2619480724216847,0.975,True,5
-0.4472339102152581,0.89437925196695822,-0.0082209004735471301,-0.88991624630738808,-0.44588551132444448,-0.096099871743454274,-0.089615311815226154,-0.035663208520324126,0.99533774742360548,-0.53989455475045778,-21.313519493736841,-5.2487510199716612,,0.287145306240418,0.9868421052631579,True,4
-0.022527722456327372,0.99974488322658828,0.0016340695170652139,-0.99623202919753451,-0.022311581090799445,-0.083808933594170285,-0.083751093854910655,-0.0035159367862059436,0.99648050280305134,-15.172221883286804,-14.333495385779178,-4.4712241179882151,0.2703890075667466,0.2574441014340229,0.7857142857142857,True,5
-0.58142436963537292,0.81359658481546859,0.0025098945627979067,-0.80909609414286754,-0.5778784933594856,-0.10686420053192852,-0.085493934503371588,-0.064164196318334782,0.99427045770954925,-13.322484007660234,-3.2981947101947338,-3.6345135405398623,,0.3310695919763208,1.0,True,5
-0.99813173629977114,0.053886220146180476,-0.028797782372342731,-0.050728968293664509,-0.99359770655965529,-0.10094636841044302,-0.034053028750286339,-0.099296892185777266,0.9944749963851186,11.548018132196955,-19.188728726646332,-5.4336688532453854,0.2685042415974029,0.2596338967742255,0.971830985915493,True,5
-0.19156306917585611,0.98146255829094375,0.0059023047127479663,-0.97751706189691057,-0.1902461980534427,-0.090921822609548161,-0.088113473591489314,-0.023186866955373465,0.99584054194054361,7.6926806490366939,1.3034389899649783,-3.4135307420349461,0.3047795062899462,0.2700679024899977,0.8062015503875969,True,5
-0.21294974196123162,0.97690431121527466,-0.017617438169473035,-0.97297048979829182,-0.21367189997248237,-0.087594207250377587,-0.089335510186697165,-0.0015119163865232497,0.99600044213269456,17.446958585972173,-16.91911797988168,-5.4682273841759699,0.3365437035896236,0.2997069701426517,1.0,True,4
0.57730948737912302,0.80392625116097205,0.14288575323075756,-0.81492069594919692,0.57825007486874203,0.039129403624029169,-0.051166542737731815,-0.13903033341167317,0.98896539438734055,13.441532810275325,-11.757435210256691,-4.8645368827267941,,0.2206872492801035,0.4166666666666667,False,1
0.53108837289305533,0.84731611396646966,0.00073701463114868413,-0.84568373724329904,0.53011878787754629,-0.06158804511791971,-0.052575248359019916,0.032085413383667279,0.99810138237955859,12.666595615325605,15.526895956526364,-2.1172636224329864,0.2095978668386529,0.229751946806735,0.8974358974358975,True,5
-0.53035686956323169,0.84776281240602458,0.0044502593763649061,-0.84248035709051128,-0.52645193329047912,-0.11434688387254496,-0.094596188209322432,-0.064393911483498628,0.99343091623933366,10.93972404793462,14.351696556701411,-2.178550037211969,0.2340497446385193,0.1464154057306437,0.5294117647058824,True,5
-0.22849553297021691,0.97348719462978106,-0.01060534320507351,-0.96935063031087421,-0.22850771457935162,-0.090241785740501956,-0.090272625577023952,-0.010339548808458958,0.995863417744557,1.1077571482535931,19.258996986523297,-1.7462595869406818,,0.1818731392120779,0.8055555555555556,True,5
0.72735907748141293,0.67012864971886299,0.14790660982985587,-0.68533157188892813,0.72049639624279493,0.10585641016677544,-0.03562876615375294,-0.17836069025185733,0.98331991497947513,-5.0934510314361798,-17.367299164346093,-4.8074195594350888,,0.2308235206628409,0.1818181818181818,False,1
0.85776517616768733,-0.51082377396451939,-0.057427994102706027,0.50956701682240046,0.85968417598959113,-0.035840939159232373,0.067678341592671817,0.001479697854924016,0.99770609528734566,-6.5001658232774249,15.10606699615246,-2.0866027713604334,,0.1911912710023398,0.3076923076923077,True,5
0.52065740268115057,0.85329839406653618,0.02824393238890225,-0.8521254756695873,0.5214223300026718,-0.044731727995514767,-0.052896528697053212,-0.00077746900608853986,0.99859969597118659,-1.3402377794739115,13.968782530587774,-2.1682905033389286,,0.1267172507868472,0.3823529411764706,True,5
0.69118436259660754,0.72267119369797184,-0.0032438713091478689,-0.72161181685314846,0.68991344872431215,-0.057409224408841025,-0.039250002290699817,0.042021174049222378,0.99834546037516769,1.8932154478420378,16.233313763099126,-1.9937157225800592,,0.2433008713360978,0.9193548387096774,True,5
0.98985900773840163,0.14184324549798119,-0.0077225970856877081,-0.14085738059175074,0.98711341950560194,0.075936126875085622,0.018394105903225811,-0.07407827440321417,0.99708277797255318,-5.010638279263957,-16.912784725481345,-4.7822747960702348,,0.5505207367505838,0.3020833333333333,False,1
0.86660585714768046,-0.47997506180125049,-0.13644862918409861,0.49153107984270056,0.86822457370251804,0.06769997908234314,0.085973751261665912,-0.12573794044745032,0.98833116131488563,0.87320603152914178,-15.280886990696688,-4.7903350502380597,,0.2219420775666752,0.2121212121212121,True,5
0.54917020665711302,-0.77743030206169994,-0.30661736669085943,0.82945569215892156,0.55185344727599328,0.086377239332860067,0.10205556753723703,-0.30176132649141052,0.94790546098690442,1.8514135521233062,-17.114342771552391,-4.9801099425017776,,0.4058955748432865,0.2916666666666667,False,2
-0.089449089531631262,0.99598107846009087,0.0045334017511995577,-0.99218610458541645,-0.088708919074958356,-0.087735178487144627,-0.086980424519433386,-0.012345810059613632,0.99613351852268928,-2.1451724913710239,0.7017355715259046,-3.3411369217328724,,0.2473445171149965,0.9670588235294117,False,5
-0.21498184315141475,0.97660365314285591,0.0053020546253222979,-0.97238748481486736,-0.21354264225066877,-0.09413883001195654,-0.090804110538222349,-0.025393790749556298,0.9955449607630642,-6.3053258849888172,11.835243805858351,-2.359340612248177,,0.2661640667767758,0.9719626168224299,True,5
-0.98987347077039733,-0.133088400840051,-0.049376000514460811,0.14085112693430904,-0.96410645165105935,-0.22507711995255725,-0.017648566692547527,-0.22975253523441386,0.9730890507281732,10.905289720610876,-4.4651906709734277,-4.1600845762135146,,0.17022852480748,0.1979166666666667,False,5
-0.68592903345730294,0.72753789331775165,-0.013783136330301081,-0.72294243195892005,-0.68350712925754997,-0.10085754472237918,-0.08279855755781014,-0.059216704069648983,0.99480539847021099,11.785056681829225,-14.283857155088342,-5.0232098177556148,0.3688232780969298,0.3633811146341098,1.0,True,5
0.91458205774870915,0.38575299146636843,0.12138488052012755,-0.40427742212197071,0.87954536655782767,0.25091774375095793,-0.0099712389677300041,-0.27855803298667486,0.96036763619566234,10.096221487016702,-14.467971112120063,-4.9983732457152961,,0.2951837286678734,0.1318681318681319,False,4
-0.44063048323913762,-0.78332915278833737,-0.43845206765660394,0.89600411794068691,-0.35386854363408426,-0.26824182086249249,0.054967243643621717,-0.5110503812915117,0.85779141398595549,10.384184427659253,-13.864787038392128,-4.9154015661081285,,0.3801963510941062,0.2686567164179104,False,2
0.75755908442616748,0.6524802358013837,-0.01933327421726963,-0.65210845566694287,0.75513364301377006,-0.067288507461742683,-0.029305215424289974,0.063582411697930261,0.99754623014255006,5.3689117503014572,13.823719231855033,-2.1959626961320322,0.2188502898636466,0.2050770718836119,0.921875,True,5
-0.34737416585883657,0.93769978248593056,0.0070927300609198596,-0.93344169884399397,-0.3450547097769659,-0.098101183071219802,-0.08954207811479814,-0.040698466636636885,0.99515116995374664,3.0245791123224328,-14.015610496501829,-4.7491027278906124,0.3379548955077729,0.2584109105934899,0.9941176470588236,True,5
-0.63931512180274175,0.76862636021630437,-0.02212901748792219,-0.76434886800710256,-0.63837249124571627,-0.090837054096874453,-0.083946310285837114,-0.041159212837142849,0.99561987534802687,1.7705601116480305,-2.2032076063849475,-3.6047542900934313,,0.1186300330715071,0.7509363295880149,False,5
0.2523124089830725,0.96753165370984862,0.014864297583313637,-0.96495692659976517,0.25272597337445929,-0.070623736725468761,-0.072087294860432305,0.0034758382325306824,0.99739227010654496,-2.3222235656300336,14.806597235533406,-2.110043947560992,,0.2164426690230773,0.5789473684210527,True,5
-0.999239175219096,-0.038696042572814733,-0.0048669288738243301,0.03897986233441831,-0.98679444472578381,-0.15721734697774645,0.0012810307762704911,-0.15728744434167094,0.98755203347095333,-15.939650986847758,15.080097975277919,-2.1559524348146244,,0.2123970083969764,0.696969696969697,True,5
0.11176747878554175,0.99372478298037537,0.0043687957756341047,-0.99068005878531862,0.11176730043506355,-0.077853013291558151,-0.077852757247516641,0.0043733561556284902,0.99695527579971943,2.6444996455341023,14.398037791566564,-2.1458326134226908,0.1246578754125727,0.1830169484630536,0.8518518518518519,True,5
-0.94657998246731301,0.3224537153729698,-0.0031524965264646755,-0.31802383752927116,-0.93510427029159693,-0.15633567233864482,-0.053358931354903792,-0.14698164893818602,0.98769895176621236,-19.385645127257639,7.9996523766295402,-2.7635642861546348,,0.1811482983552507,0.6129032258064516,True,3
0.94808638027316539,0.3170208350633727,-0.025099913869352779,-0.31799893078773106,0.94582736985149285,-0.065477220906720895,0.0029825422690713871,0.070059807133117755,0.99753833403337633,4.6392207374072862,-26.998179074797026,-5.8465426486038812,,0.3349125443429324,0.9836065573770492,True,3
0.98826911689093178,-0.1491159937880204,-0.032993529611557083,0.14665198908812657,0.98688044071634318,-0.067529177605033325,0.042630349472103458,0.061898433971524343,0.99717161871754001,15.867116126673317,-24.552712773793711,-6.1181791704927271,0.3435124823344937,0.2428897499593524,0.72,True,1
-0.92592561001185947,-0.3745508663288023,-0.048717689359299106,0.37770188641693486,-0.91758498285513668,-0.12401243581119925,0.0017463451131353015,-0.13322705345042282,0.99108400375935002,-19.752581520614722,-14.679544245112357,-4.4979510793510542,0.2800895390703554,0.2732979916150884,1.0,True,5
-0.93484636141860833,0.35504894165525364,-0.00159046278601647,-0.35025116524705613,-0.92292946572167089,-0.15976646251886209,-0.058192798398674098,-0.14880003471839628,0.98715355841041075,-3.8329678709328543,-22.513917762726418,-5.2601494479426956,,0.2652612096899543,0.7931034482758621,True,1
-0.41844832932138926,0.90821663950044962,-0.0065978346939678462,-0.90389313077559086,-0.41714428122307645,-0.094698768627601015,-0.088759246418834301,-0.033662804063142003,0.99548410926431541,-10.281374735246825,-10.793115752615957,-4.2528064257831621,,0.2601123938862268,0.9929078014184397,True,5
-0.99261886658274967,0.11799714735614085,-0.02800819379736974,-0.11445683343673405,-0.98783160148821669,-0.10530128385191441,-0.040092630041113242,-0.10131831185446634,0.99404586448480758,0.40206855231154359,-16.153915859397053,-4.8449987625961928,0.2493612932981185,0.2336082251392134,0.9175257731958762,True,5
-0.79187073473797798,0.61026601416740156,0.022718525871348996,-0.60668481876143487,-0.78188136086312687,-0.14350981924324629,-0.06981597345836571,-0.12742421075705027,0.98938809390602789,-16.473074994835258,8.8389840268527067,-2.6518158008423334,0.14562540419057,0.1474182112218343,0.5652173913043478,True,5
-0.29554233410600239,0.95511253999138246,-0.020365772815848678,-0.95115283632804426,-0.29617460329544598,-0.087114214155340569,-0.08923570303579971,-0.0063749756074724341,0.9959901349861412,4.334958986133973,13.064124460199015,-2.2652261509589677,0.1115069997519662,0.1903651884122567,0.875,True,5
0.31062381325275779,0.95024264365951239,0.023489674567702401,-0.94895613109003396,0.31143664552259082,-0.049894659957455498,-0.054727579034247485,-0.006792201161396315,0.9984782211427714,-9.8004058399562783,12.381694141769309,-2.3221905033301482,,0.1682548067188317,0.1481481481481481,True,5
0.71028328481980174,0.70391580782306684,-0.00043680933231784514,-0.7032169620173585,0.70955019699232458,-0.044993580422451142,-0.03136175436212759,0.032265359829915893,0.99898718055757696,-8.8839531287794866,15.076469100514204,-2.1093985260405947,,0.1792876762451316,0.1739130434782609,True,5
-0.53250690077741869,0.84630565836417304,-0.014252482072020319,-0.84176525879218,-0.53126440282209209,-0.095861271557502944,-0.088699772913823707,-0.039049544361883286,0.99529266217036205,9.077466426737665,-3.1534633507176091,-3.939569288417482,0.2272785275023699,0.2223227373117389,0.9704641350210971,True,4
0.27622987183081676,0.96108080321822842,0.0045549526599845836,-0.95857708379395989,0.27584668034116233,-0.07098297943752091,-0.069476847463003477,0.015241346074568351,0.99746712679488203,-3.9662088205225206,-12.089283510541671,-4.4327435559244517,0.3802733864404184,0.3123212902490672,0.9854368932038835,True,5
-0.47317838063205381,0.88064450322892152,0.02382181846780548,-0.87646458605120481,-0.46785789325748189,-0.11366099205427081,-0.088949702082230075,-0.074660904423644675,0.99323396027830546,-4.7427206221977407,16.663005824651322,-1.9499142905956817,,0.1139048310298249,0.28,False,3
0.97928114551322398,0.20136968163301605,-0.021417034372840562,-0.20146760016975959,0.97949200222623067,-0.0024947257743870299,0.020475451744651603,0.0067578764319325378,0.99976751646669593,-14.190306864182562,-1.5304822303755663,-3.5033181161441442,,0.1073633437655408,0.1428571428571428,False,5
0.51224750192498991,0.85882477162047188,0.0047443042326341025,-0.856966185689921,0.5114878503111161,-0.063159603926727884,-0.056669686391183471,0.028287641032045164,0.99799216229846577,-1.6165582362411233,-5.4008660860224591,-3.9172543538055669,,0.332686584165274,0.9971223021582734,True,5
0.11547497364114109,0.99318602297882652,-0.015717958585001194,-0.990044831330535,0.11379888274492186,-0.082831432691340121,-0.080478335086346359,0.025126441162838305,0.99643961158527827,2.5137481668867547,-7.2325090674381176,-4.1379897346043943,,0.2696660667514574,0.9795918367346939,True,5
-0.63413629928993787,0.77306299341171547,0.015644875844227232,-0.76753516163869084,-0.62689483188990913,-0.13376339334059972,-0.0935998374524874,-0.096832215543388361,0.99088979834380553,-5.129763310771474,14.491848414668929,-2.1379375584342903,,0.2553970293065351,0.9411764705882353,True,5
-0.87012641216244135,0.4924650200226785,-0.018926988967627782,-0.48831349484532582,-0.86670529145664232,-0.10184237091211736,-0.066557926719977414,-0.079373432678196007,0.99462048067371844,-17.813229231262063,-11.468120658366674,-4.2794363666171247,,0.2723094327614393,0.9907407407407407,True,5
-0.0092422113146238116,0.99994767146485497,-0.004385870726660716,-0.99638536569890612,-0.0095795008322388988,-0.08440637526196175,-0.084443972852263516,0.0035899158514194874,0.99642176208325894,20.372775902333892,-20.050220113922393,-5.9945130185069093,0.3523518550314302,0.3119736559431717,1.0,True,1
0.098471612268201072,0.99217216499511873,0.07679672249648628,-0.99140966696751509,0.10448553235879715,-0.078674301846673025,-0.086082598826149118,-0.068389827727521071,0.99393793450231993,2.6571909637178002,-3.0678655433899036,-3.717910090631896,,0.1928553574269981,0.2150943396226415,False,4
-0.96385777433192321,0.24493325964204274,0.10481359253949683,-0.26137776327497175,-0.79321047184393678,-0.54999892020120589,-0.051573789130572666,-0.55751667748888312,0.82856218752515653,14.308113243089478,-3.9679770996224439,-4.205353618746658,,0.4138341309043396,0.2388059701492537,False,1
-0.8105715795375309,0.58559937005098206,-0.0068623787366671575,-0.57940395462488659,-0.80359132071433925,-0.13613245989706596,-0.085233630751452794,-0.1063690136669356,0.99066687696745381,8.591387248210717,15.308282983617849,-2.0815338530761465,0.1911088918255854,0.1920947779465646,0.55,True,5
-0.50572789112790961,0.86262420429634912,-0.010898729164766072,-0.8581636291496938,-0.50432538262419335,-0.095974444752691887,-0.088286384793712896,-0.039184060573795698,0.99532412994813169,2.185274574867258,13.30607976075553,-2.2316304686129982,0.3020932951908952,0.2445004862122016,0.9775280898876404,True,5
-0.66720636829059676,0.74445805238188634,0.02485699813417877,-0.74084602836578406,-0.65976448512515873,-0.12592849726007005,-0.077348719233855931,-0.10243550366598569,0.99172785743951919,-18.631176991843208,9.1028157324870538,-2.6515165963671068,,0.2088637342347905,0.9833333333333333,True,4
-0.16448629762674397,0.98549464982994261,0.041767847078891661,-0.98373768473953449,-0.16080164312993775,-0.080018742742017077,-0.072141704418090619,-0.054250591916325065,0.99591789207764603,4.0881652352866604,0.29080244417333773,-3.4291759962978028,,0.1932436886014112,0.509090909090909,False,6
-0.97526909952119756,-0.21786872291235801,-0.037194127166120278,0.22074924076014638,-0.96851847776067745,-0.11507272022490081,-0.010952452827117671,-0.12043744356585116,0.99266049884358309,13.616070729388172,16.235583768394697,-2.0883738495694999,0.2053779138236046,0.2389463094094081,0.975,True,5
-0.37991973647497629,0.92501908543319555,-0.00082790163755918408,-0.9206176542461626,-0.37819890711540344,-0.097101603215445004,-0.090133947694971794,-0.03612863464139323,0.99527412969084605,-3.4511519621711382,14.499619370534212,-2.1299057386020896,,0.2080512450719775,0.7627118644067796,True,5
-0.55331082675280341,0.83296648699622955,-0.0037363805063526097,-0.82845178734257785,-0.55076761060420709,-0.10160056672194273,-0.086687744502994699,-0.053121282462791734,0.99481825692057479,-14.491140079310378,-7.0182847047875523,-3.9320992788426117,0.3625599530026128,0.2688904988891083,0.9838709677419355,True,5
0.7596610498502504,-0.61868723443106532,-0.20035267727798778,0.64530894639168856,0.75531178619869555,0.11436987949712545,0.080569554096236909,-0.21617171781104502,0.97302535186466643,13.751219709654331,-11.643015592662072,-4.8634332766457895,,0.2966471293841556,0.15,False,4
0.37573710596447613,0.92572418823959834,0.043085432684131689,-0.92561809704739018,0.37715496559261175,-0.031389016346587993,-0.045307456558611084,-0.028086638050410753,0.99857817678097538,-7.521862605536076,-4.42903896226884,-3.7388470053716363,0.3857485735034054,0.1906407155007603,0.193717277486911,True,5
-0.24661456112899555,0.96911363350762381,-0.0001535864703818906,-0.96503188003879947,-0.24559038362232408,-0.091645152523303713,-0.08885228611539954,-0.022452813228873242,0.99579171638961528,11.069638554777883,-5.483096428241411,-4.2401827103004619,0.3322471231055795,0.3102361408922253,0.9911111111111112,True,5
-0.2411941831102325,0.97046087083226162,0.0055735282610308214,-0.9655132948308971,-0.23937651092042167,-0.10238634442322511,-0.098027769221652961,-0.030076306339943671,0.99472909490894712,3.9395111147261881,18.0775219922023,-1.8507130125573419,,0.1338083742257777,0.4782608695652174,True,4
0.64777836489163154,0.75929862583852192,0.06203859103861787,-0.76077564504868112,0.64901489566176984,0.00028828788658555315,-0.040045073093801474,-0.047384195771106273,0.99807370975897269,1.1396496253570361,-16.060362250646811,-4.8567377817554025,,0.1208050474600469,0.2608695652173913,False,5
-0.72233001871006997,0.69149348823562951,-0.0087235198189903503,-0.6869224951461268,-0.71889763407345841,-0.10641276890394247,-0.079855054520864166,-0.07087275535285753,0.99428377378702326,-9.6573204198274549,-15.238781280243936,-4.6157426410497218,0.2146155609827887,0.2520378206927362,1.0,True,5
0.80231885390733582,0.59639795506948445,0.024370799202267302,-0.59634782241133588,0.80266296739082144,-0.010071518486307732,-0.02556817103505616,-0.0064529038656550557,0.99965225386712542,-8.1143905632688433,-19.50329122085844,-4.9445001195306757,0.2020811627984954,0.1792704085566709,0.5666666666666667,True,3
-0.58588066199129263,0.81005504089352276,0.023551658702459448,-0.80553826506382176,-0.578944075672298,-0.12622147504254622,-0.088611248849185753,-0.092922483645998852,0.99172247055839491,-16.64159626008124,16.363572464950433,-2.0720968372077557,,0.1766168968170681,0.3684210526315789,False,2
-0.6679327833445049,0.72808818057513391,0.15412137502777956,-0.73958882037638274,-0.62631430257308029,-0.24645237099014955,-0.082910636880517988,-0.27860006406888477,0.95682173396766013,-6.5515024190562103,-4.9219070639798206,-3.8046744752148687,,0.4008344832773342,0.2515723270440252,False,1
0.75129180608135226,0.63907667183761463,0.16474716880110152,-0.65947130683400512,0.73666139054599333,0.14975844263844854,-0.025655751356570947,-0.22115832155223536,0.97490039451757748,-7.4180717248408579,-16.669559670685036,-4.739243952892858,,0.4258577164283133,0.3,False,3
-0.45517544283265204,0.86115380869934322,0.2263392012107312,-0.88829301570944819,-0.42169678640558028,-0.18195422110250226,-0.061244056723170938,-0.28387662478235004,0.95690293521248415,10.14673891808226,3.7334399179505096,-3.2133213806694929,,0.2575270290199895,0.2653061224489796,False,5
-0.99739537971857506,-0.065296851298885558,-0.03063947986652556,0.067729900479019875,-0.99394139810769921,-0.086563027377828949,-0.024801554329155661,-0.08841277248318781,0.99577510742370667,-1.455231444141847,20.979036077628379,-1.6227054569653494,,0.255983370009683,0.2380952380952381,False,1
0.99333184885598202,0.11304132233214802,0.022660483087433712,-0.11506350255793255,0.98436076633273972,0.1333951726409987,-0.0072269237893526662,-0.13511306802164103,0.99080383044390896,-13.416556508895537,-17.900584767895175,-4.7587873532837026,,0.2836754982095131,0.25,False,2
-0.79201259605275687,-0.59134693193644206,-0.15173942725320008,0.60971722433966546,-0.75354905225100521,-0.24578187930591133,0.030999258657364345,-0.28718048669951202,0.9573747510884778,-5.5960695491292949,18.082116801013061,-1.8703579148876073,,0.2626887588362739,0.1538461538461539,False,4
-0.24805048864255091,0.96873238905692405,0.0053398011439008729,-0.96350861643184849,-0.2461329577615271,-0.10521270439042946,-0.10060865343387396,-0.0312430071476314,0.99443540431673894,-7.7694937331849285,15.669892244239879,-2.0555081643327719,,0.2185116428720317,0.6176470588235294,True,4
0.65705376024735285,-0.75034623492671482,-0.072531950726001562,0.74921712469711332,0.6606350132783767,-0.047276625210258119,0.083390983957537121,-0.023278895205402658,0.99624496828471432,-12.416260258188425,20.705951346486753,-1.6391217736139769,,0.1304495444109185,0.2,False,1
-0.88915800914898147,0.45746218612912698,-0.01124202064490668,-0.44935365644380831,-0.87751356288833682,-0.16748503929485062,-0.086483097809921361,-0.14386902101904264,0.98581051860092384,11.653883371814011,17.031562840793342,-1.9772105429839655,,0.2016876525688893,0.2941176470588235,False,4
-0.96925356359746595,0.21748416646536078,-0.11510068110346575,-0.18121153358506556,-0.94733675540550966,-0.26403683825086233,-0.16646293746465946,-0.23506107545621127,0.95762016543930806,-13.050167799559407,-18.121526861547149,-4.7734333451580344,,0.2328894124928441,0.1818181818181818,False,2
-0.95863559157901312,-0.2827571289400187,-0.032652849669727473,0.28459308705178732,-0.95016427934889258,-0.12725807263876868,0.004957555878654242,-0.13128689303581667,0.99133202024181211,-12.667989671956619,20.038229483207459,-1.7267415580220449,,0.1871870418132702,0.3478260869565217,False,4
-0.73520938949803716,0.67760170265417885,-0.017974597466436398,-0.67317839024877735,-0.73300101838736087,-0.097674776401872984,-0.079359993044276128,-0.059711302139952932,0.9950560546525824,20.707995600382084,-12.064757790611942,-5.3361565244467215,0.3434862916001132,0.2607775150144492,0.7142857142857143,True,1
0.64389679756330276,0.74699737394657983,0.16550479571492149,-0.76382422212319523,0.64014021641635188,0.082420028053400735,-0.044378731230400106,-0.17948656396327045,0.98275892342478377,10.374891059501568,2.8933074466381856,-3.3413806719770398,,0.2872160384776943,0.2234042553191489,False,3
-0.10274834021421125,0.99470665981608264,-0.0011997919637660407,-0.99094040867725541,-0.10246402871300067,-0.086822976627474513,-0.086486328594629985,-0.0077319944020282525,0.99622303287405889,15.981327555658163,4.8078292309566857,-3.3103453490347299,,0.2271488565889995,0.8723404255319149,True,3
0.11062614387164582,0.98386285877952762,0.14062621166150727,-0.99031215215238466,0.12107049712759307,-0.067998353102053821,-0.083926739430315186,-0.13174145072624122,0.9877249073345995,1.2370038571648758,17.347856933402969,-1.9077314542784767,,0.1992747574748156,0.1578947368421053,False,3
0.39192922667155855,0.91524170945002892,0.093402861645793714,-0.91765948498755678,0.39614427419856169,-0.03115740091962918,-0.065517561714442923,-0.073500525866717098,0.99514075477005282,-5.2473945628216407,-20.247885419119324,-5.0683650237127136,,0.156744414254065,0.25,False,1
-0.070622691946810742,0.92715492803378263,0.36796219208616698,-0.99438110173372041,-0.036274242550395658,-0.099450509512154908,-0.078858480184556101,-0.37291811266022795,0.92450712347332153,11.681883097468225,2.354925304193535,-3.4992689125123935,,0.1267448638338974,0.4666666666666667,False,3
-0.13592151867481481,-0.96911220359123851,-0.20578356982924401,0.98754443131672731,-0.11591464531212371,-0.10639450727122805,0.079254885883804319,-0.21768172144831077,0.9727966546050858,-16.995119108528694,-2.575468798980066,-3.5829021556155123,,0.3118443839744737,0.1818181818181818,False,1
0.12370090154360536,0.99038508118397628,0.061931235459255572,-0.98910882591363403,0.12807674973425773,-0.072526386076119026,-0.079761002106625956,-0.052285152249169548,0.99544183426116339,-11.782551391071555,-22.34023436478525,-5.0982435601711176,,0.1434090110772474,0.5833333333333334,False,1
0.32606908532393125,0.94175151032650661,0.082359239880895052,-0.94363675664649882,0.32947848100502425,-0.031521453968662808,-0.056820974135361371,-0.067439034337436476,0.9961040877066728,6.0275512102533977,16.181046761053558,-2.0037908457253137,,0.1286467842887216,0.1739130434782609,False,2
-0.91650049823942148,-0.3896219647988684,-0.090672825439382695,0.39999237513755587,-0.88930329000249664,-0.22168842600043762,0.0057390381343938937,-0.239445991691246,0.97089272347890598,14.590028435783861,22.466190516690148,-1.625084054216317,,0.1925143005289158,0.2352941176470588,False,1
0.44780832311421087,-0.77987379840134363,-0.43733804352777306,0.88969578553281237,0.43729830445677548,0.13119299571388149,0.088933205018102771,-0.44784712959478812,0.8896762521046172,6.2564523361575084,-0.21457654640974183,-3.5052274550551075,,0.08844324769614872,0.2,False,2
0.96971266423293423,0.24350077731130051,-0.019097651035117978,-0.24411769019917123,0.96878502581036396,-0.043152370704700467,0.007993882541554146,0.046507474822945066,0.99888595576647643,4.3436879818382952,-18.78308915812643,-5.1781723883438424,,0.1781836828862323,0.3043478260869565,False,2
0.32259467144705534,-0.94096087375775106,-0.10259294328079792,0.94229970036174782,0.32950305690020582,-0.059152431831506647,0.08946481236848261,-0.077591040400746381,0.99296307977557896,-16.912472166317631,18.18091909446326,-1.9260208393723741,,0.1001465625321696,0.1904761904761905,False,1
0.59507809839353598,-0.80150665692766754,-0.05889936937665486,0.79908475546006408,0.59790912057442902,-0.0629939451474687,0.085706536528216651,-0.0095792710864338777,0.99627437343424141,-24.087149063475859,7.6628271645898947,-2.8519950263403082,,0.2271330957423033,0.4230769230769231,False,1
-0.38889122508441026,0.92113897922601928,0.01632776784482258,-0.91694051133482735,-0.38527823242208853,-0.10383054605816619,-0.089351629673847896,-0.055350380054331468,0.99446097042692905,-14.010458661415782,20.891091142715403,-1.6517875102727146,,0.2763115942902941,0.9565217391304348,False,1
0.36812731688891637,0.82955592493370822,0.41990385324208085,-0.92735354346885845,0.36016703558695362,0.10146483081471076,-0.067064774478999847,-0.4267513021466785,0.90187895093532078,13.16477560404795,0.70308069380795635,-3.7671679638208131,,0.7301336488252701,0.2647058823529412,False,1
-0.86632535586744841,0.49718428717186941,0.047834740205615886,-0.49478771915683756,-0.84114552380171415,-0.2183101480919159,-0.068304397755292817,-0.21279565873800102,0.97470637469421861,-14.759907894694843,19.775885566430851,-1.7509849647442246,,0.2377164352806498,0.3636363636363636,False,1
