axis_00,axis_01,axis_02,axis_10,axis_11,axis_12,axis_20,axis_21,axis_22,location_x,location_y,location_z,dbh,dbh_approximation,score,reconstructed,number_clusters
-0.89521930208940992,-0.44248158955637329,-0.052843581163816926,0.44410411954618351,-0.8760758173985197,-0.18778363392912178,0.036795817271273984,-0.1915755857962656,0.9807878785742401,10.945567754328161,-10.925128669128295,-2.6615265825622569,,0.4122721321398684,0.2857142857142857,False,5
-0.90781358866872686,0.41820789273673198,0.031251346868746734,-0.41923281499681353,-0.90691784580707524,-0.041759643036104299,0.010878191865206135,-0.051011561526357371,0.99863881635573692,-10.3726071918187,3.9099389734673871,-1.4676696235586468,0.2982451011236815,0.2771969977930364,0.9947368421052631,True,5
-0.69953023156396588,0.68611174250866713,0.19977019777680477,-0.7144001823765056,-0.66478926363910362,-0.21837493988686721,-0.017024527848923787,-0.29547573799196741,0.95519854151355488,-4.6768091237966454,2.9649820110917307,-1.6083580112729075,,0.3712479866906978,0.2598425196850394,False,5
-0.92515232809770309,0.37322710571203138,0.069243753344397627,-0.37738911371651607,-0.92398296684562509,-0.061910692351311247,0.040873300131775328,-0.083408659868003526,0.99567683953949704,9.0450782832592722,12.342581120501864,-1.1879696856619637,0.2381880455794378,0.2678807055156971,0.9454545454545454,True,6
-0.69018169423202325,0.7209728964464901,0.062026700190906371,-0.72363505875651501,-0.68778714101965233,-0.057455638421895348,0.0012372087409704864,-0.084539524706325558,0.99641935854185371,-11.277530510699789,-16.169337363982759,-2.6277756319429311,,0.283476069306013,0.7407407407407407,False,1
-0.91158654285162866,-0.41106713911968801,0.0058122308774084148,0.41031759112118465,-0.91061886202382636,-0.049119879305039513,0.025484295327232336,-0.042392160388311818,0.99877597860045064,9.5704011656681818,4.4344193383469763,-1.6360359178071116,0.2347422794087831,0.1903897091304566,0.9622641509433962,True,5
-0.99818268133797428,0.054485296302824823,0.025742710885356089,-0.055627533412381136,-0.99739315143488394,-0.045961712296721802,0.023171366023350303,-0.047310188729126693,0.99861145288797282,-21.703486087643828,-3.261942197981631,-1.9526416315080108,0.3551515174722289,0.2931136982868862,0.9420289855072463,True,5
-0.95557432722015379,-0.29467195259683593,0.0067930486910489953,0.29371539880145481,-0.95389600686467635,-0.061754939839080862,0.024677310725711037,-0.057016212083881614,0.99806822507028692,-17.374884121204012,12.543690775976112,-0.95815890862259967,0.252670534033916,0.2523186503817488,0.9534883720930233,True,5
-0.98816689338591235,-0.15266786030730398,0.014789024485260188,0.15183278684447132,-0.98729684613222157,-0.046816049132861519,0.021748463280825154,-0.044016611029913791,0.99879404398422633,-7.5631698813868651,-2.6159230130498972,-1.8888863373592737,0.2403499262258267,0.2102735428893539,0.9393939393939394,True,5
0.98145383263683916,-0.19150427321680147,-0.0086306281442403814,0.19103938194141329,0.97335605479369591,0.12681460934724675,-0.015884865435447836,-0.12611147424464064,0.99188888849202317,9.3515718188193926,-1.937157588456131,-1.9573054080348418,,0.2375557437467743,0.3222222222222222,False,3
-0.99953622941153719,-0.022309751464615647,0.020726820386950437,0.021355805122324139,-0.99875152876822948,-0.04515875740873404,0.021708424202210988,-0.044695176168247232,0.9987647798886109,-17.524644456494652,8.8347340109087664,-1.1982170141898574,0.2851964780571835,0.2677942477131067,0.9836065573770492,True,5
0.95875733210647851,-0.26878117160859083,-0.092417854989070514,0.2838631150966982,0.88907741891393255,0.3591142924821264,-0.01435653229949118,-0.37053748118922175,0.92870655484619069,9.9732277580600304,-5.7165629362818935,-2.254206711671094,,0.6066040462261318,0.2352941176470588,False,1
-0.98007691212666115,-0.19859799617790141,0.0028429263781651476,0.19647555506070005,-0.97150090788764631,-0.13260219544588581,0.029096435861788533,-0.12940178471567304,0.99116526146376815,-2.3803521694513354,-24.650578014723521,-3.1170298467402051,0.2325076879504912,0.1443533251723153,0.8846153846153846,True,2
-0.016085861507845828,0.9320578931280169,0.36195210859630683,-0.99971701523135137,-0.0086476465074020858,-0.022160949140345235,-0.017525253677717675,-0.36220615962134778,0.93193323978484977,19.06270474699728,1.2898845083486095,-1.9010688632694828,,0.3623853490639523,0.1846153846153846,False,3
-0.4987102177977123,-0.86649765573690851,-0.021677898113081719,0.86670616504420894,-0.49821759161708873,-0.024487851633600753,0.010418355845328072,-0.03100070976139923,0.9994650638495427,7.8729455498444372,13.070160486910103,-1.1781956259348443,0.3664820304479959,0.2842142939427519,0.8441558441558441,True,6
0.73097579437071603,0.67987661546181211,0.058670058737750524,-0.68225025650067395,0.72992704168728106,0.041726506185138013,-0.014455986609867244,-0.070528728627735779,0.99740499441765895,6.9487673829305097,16.883978494992757,-0.91215949733856705,,0.1828348403229269,0.3478260869565217,False,5
-0.85229867672710879,-0.51980871638384507,-0.058188177670368935,0.52305502094424305,-0.84687136860171475,-0.096032963651425468,0.00064086990603882954,-0.11228438633237463,0.99367590585246923,12.093339693224998,-11.687826066196067,-2.6660043322361582,0.2954115834212513,0.2085801887581064,0.308641975308642,True,5
-0.94447882892724799,-0.32772631435229888,-0.023562779744187121,0.32849806462081993,-0.94031024547211461,-0.088913799831905477,0.0069830687087064636,-0.091717529083761906,0.99576057946184016,16.261792033067263,-2.2817548871923439,-2.14471956851717,,0.2323080522571387,0.3111111111111111,False,2
-0.43358817117289672,-0.90110631386161422,-0.0029510909301155054,0.90071072728474488,-0.43329555715432044,-0.031227326246637883,0.026860446257084433,-0.016197878535846862,0.99950795152305272,-13.312251470299287,-25.865114971243909,-3.1240241345404889,0.3796784431692672,0.3297046711214543,0.8863636363636364,True,3
-0.79720322410284028,-0.60148871518350733,-0.051752729270356665,0.60370944535836935,-0.79406952235335315,-0.070629308750747688,0.0013874671625919467,-0.087549524135839871,0.99615920201464858,-12.163014038480041,-5.3189479233631287,-1.9897281280964201,0.3679635660299688,0.2740571099997802,0.9829059829059829,True,6
-0.27593482330218011,0.90018414144235026,0.33693988304279593,-0.96111021738835944,-0.25429532532340032,-0.10770811274164033,-0.011274897821913096,-0.35355678329564577,0.93534511153089384,7.5832500796537792,-2.8117566379023469,-2.1196204172599447,,0.3066455164869624,0.2696629213483146,False,1
0.90856862273942152,-0.41255501318882759,-0.065585203103716627,0.41771627418347618,0.8987706984704944,0.13313281283415168,0.0040214494481975137,-0.14835630308020153,0.98892579867283759,-5.4830716096295191,-16.892214457934838,-2.5924600132411104,,0.2112027021970526,0.1818181818181818,False,2
-0.96139917861528201,0.2724897833869121,0.038222209611910946,-0.27472905483735771,-0.95834445030804138,-0.078101606846159438,0.015348152528405767,-0.085587572190906958,0.99621242799938658,-3.7779049393145976,-23.046723338088661,-3.024248369437943,,0.08662884227078836,0.5,False,2
-0.37507268023134571,-0.92628514985849275,-0.036280927437235141,0.9267328079293583,-0.3737476118394113,-0.038458098649115112,0.02206325568548265,-0.048047307895115285,0.99860135637429925,-14.419035559348817,20.245491400050238,-0.63073718703005632,0.2414516886005941,0.2812349163078172,0.8372093023255814,True,2
0.98351431497446584,-0.17724663641609942,-0.035822089825787093,0.18005988532089007,0.94164973854086997,0.284383908834765,-0.016674229773384765,-0.28614576667337061,0.95804100657350466,-5.8454090807990822,-20.258102120786269,-2.7524564651966159,,0.5189184025106677,0.1224489795918367,False,1
-0.79294024956694398,-0.60929664831028452,-0.001831658965714144,0.60867700240380374,-0.7919908392741658,-0.047569078722666164,0.027533023107408561,-0.038834325842697429,0.9988662712169788,11.588926019027614,-13.55831572652469,-2.7612324858129464,0.1420544211091043,0.1761850699182817,0.9516129032258065,True,5
-0.91021367464476188,-0.41408459129695302,0.0067095260722814937,0.41337205620513934,-0.90939441921674791,-0.04610133887609278,0.025191459632471283,-0.039188538475790832,0.99891423496400156,-15.592975659547992,2.9637851968480531,-1.5176692575257638,0.2765051253841922,0.2819203004398549,0.9651162790697675,True,5
-0.83685337374844337,-0.54739876624002659,-0.0055697005974846212,0.54674584805315352,-0.83526124873801999,-0.058374857543655845,0.027302169922682622,-0.051896407154067022,0.99827919663890274,10.794778881102296,-18.860515423832545,-2.9788620793675964,,0.2662293470614648,0.8181818181818182,False,5
-0.80884525498118487,-0.58798316122514671,0.0067197924153105885,0.58750362303440795,-0.80855958306543785,-0.032724509996167619,0.024674813390700375,-0.022521162241950429,0.99944181963504297,12.281354559922086,2.8428649744223224,-1.7200566999760374,0.1629129484658829,0.13752864827906,0.7246376811594203,True,5
-0.72132741842872528,-0.65244501547509159,-0.23238385745283222,0.6924974136580696,-0.68502732530035604,-0.22624079134569114,-0.011579615703256467,-0.3241189062266312,0.94594547788264038,15.344972424781972,-12.868756390893894,-2.6854988514475182,,0.3128225786314235,0.2272727272727273,False,2
-0.17564761760672579,0.92396848715991287,0.33975012754155304,-0.98438582957697029,-0.16080999547666883,-0.071586897424403079,-0.011508820840542767,-0.34701927913332703,0.93778737832871506,5.131367050561332,11.865383745688298,-1.2373063006065539,,0.4370132069186891,0.2432432432432433,False,5
-0.99938753244798284,-0.029098145040996785,0.019438568432535139,0.028178125425158473,-0.99854230668148281,-0.046035366999177499,0.020749776747167069,-0.045459429411267765,0.9987506630999281,-4.7785152865798226,-0.20152306022104194,-1.7837632502692933,0.2491819985247138,0.211611441107487,0.9915966386554622,True,5
-0.98490190963890345,0.1717465953939746,0.02171025933102837,-0.17263546411775615,-0.98374066452791187,-0.049510619901494309,0.012853984537452337,-0.052511064784116553,0.99853761228946725,12.729068633052082,8.3552181671674628,-1.4069860826640845,0.1534401998604187,0.1541806197279832,0.8285714285714286,True,5
-0.95134791368116534,0.30550570846799668,0.040042592672826047,-0.30771010369977214,-0.94871977020650278,-0.072424372281686036,0.015863140154769691,-0.081222285813613057,0.99656976728759061,12.60214189331357,0.82387335561437747,-1.8458605200601605,0.2463060842769084,0.2324530180828973,0.582089552238806,True,5
-0.62475128059807095,0.77924564132068364,0.049619228871343582,-0.78080878268516807,-0.62308216527272042,-0.045894010510781784,-0.0048458510889328923,-0.067415471531202781,0.99771322128427731,11.854467857146219,-15.848500547558327,-2.847376169405659,0.2018921225041038,0.2365476407928356,0.9875,True,5
-0.94762452251815388,0.31765335838959086,0.033228124022519172,-0.31910968178301929,-0.94599609293727793,-0.057099939927690774,0.01329568781906358,-0.064712719392865992,0.99781535798673637,-7.0593242639559763,-12.688737508251062,-2.3843080600751505,0.1735437185781968,0.1547926049010416,0.8387096774193549,True,5
-0.97113624685390021,-0.23822822457413578,-0.011903909558531073,0.2377764767276295,-0.96292874673464091,-0.12739927718417521,0.018887486903175404,-0.12655252557065136,0.99178007698792481,12.263292196140338,15.832366742774738,-1.0050858353735617,0.2027116151733223,0.2476712784254346,0.8870967741935484,True,5
-0.99929253449793343,0.031507690355854705,0.020535236671005618,-0.03238032203941401,-0.99852216614710543,-0.043646288015301293,0.019129695275107456,-0.044280347348799994,0.99883597532194912,-6.6374081293144673,10.356585987946596,-1.2060054440913166,0.3140400615508394,0.2483527861393408,0.9711538461538461,True,5
-0.77864138622267309,-0.6274450551413524,0.0055040385081436827,0.6268781943793279,-0.77825869729273633,-0.036566781372260007,0.027227211993656422,-0.025022047615618551,0.99931605413911684,12.251659519210628,-9.7373965203410524,-2.5862936735234214,0.2463109398725355,0.2268235695651719,0.9805825242718447,True,5
-0.99939413567624802,-0.028402554289611633,0.020116075306803809,0.027383058270696106,-0.9984104919460296,-0.049261117443971443,0.021483242205658726,-0.048680432228060115,0.99858333944764999,-6.0194949447284394,6.196235673217835,-1.4196526970216929,0.274053560281964,0.2391517212185207,0.9887640449438202,True,5
0.98728756750546465,-0.15479773312239042,0.036068280653669411,0.15263823234704449,0.9866683887615858,0.056454057822142259,-0.044326392534384647,-0.050230990820262493,0.99775348583009349,-3.5192073298877831,-17.019873145464604,-2.6359388785147253,,0.1371236208824213,0.7454545454545455,False,5
-0.76392462042390386,-0.6451211541011197,-0.015423061999303007,0.6447610953215942,-0.76208059411901774,-0.059298381317733968,0.026501023940461534,-0.055243683787785283,0.99812115052816253,9.8588135834931876,-2.2001032161871659,-1.9770645837504621,0.4963416360779028,0.2607730124411244,0.893719806763285,True,5
-0.95863425314492912,0.28233390198563779,0.036165404557785191,-0.28435191374068541,-0.95562266878232682,-0.077001974399056955,0.012820212528419271,-0.084100432215937257,0.99637480872000084,-7.5033000158801295,17.344745155713582,-0.8060428514653748,0.3163744177095054,0.2314842584733651,0.7352941176470589,True,5
-0.24866089598970892,0.9210842690161416,0.29961897165666218,-0.96855077374942156,-0.23926042423188565,-0.068292371944277064,0.0087839327748214062,-0.30717782922499243,0.9516115929083826,10.65437588396497,0.48306348550686234,-1.8273566050325769,,0.5855254995925643,0.4010989010989011,False,5
-0.890549171067201,-0.45479247495063951,0.0092724667588987911,0.45420582304996854,-0.89014597953793628,-0.036567819458506595,0.024884618120915282,-0.02835383291057899,0.9992881546081972,8.6866501848963136,8.7362705667365663,-1.4274935606076549,0.2215240600769068,0.2016490023144624,0.9787234042553191,True,5
-0.65731883592000961,-0.73196441598745865,-0.17933221036083047,0.74997146661650627,-0.65871595501148394,-0.06029999895849307,-0.073991534690457078,-0.17413036593726641,0.98193883131929549,11.067525756473772,0.35604764162010238,-1.8455455267507204,,0.3109622593609204,0.1779661016949153,False,5
-0.77689561123843798,-0.62955571760671947,0.0096336736058179866,0.62907304796030927,-0.77676132443836721,-0.03014871782814927,0.026463362756485108,-0.017362122146888509,0.99949899807162224,-4.5872541661255815,-4.0091161180028321,-1.9989355980897054,0.2812317405628985,0.245181043615075,0.9731285988483686,True,5
-0.89915071011955894,0.43676148784554847,0.027702043723105672,-0.43760617743187269,-0.89805668216758117,-0.044665748483838141,0.0053697267116973469,-0.052283824927983523,0.99861782864414295,-9.3071897722710943,-22.171896539091396,-2.9177342175536807,0.3307530333677665,0.324689332875193,0.7777777777777778,True,5
-0.8661981894557178,0.49826525910963504,0.037847432515900989,-0.49967103879443542,-0.86448293472780424,-0.054754986571940861,0.0054359519614459208,-0.066339936153209822,0.99778227249107909,14.366337533115908,3.0048775493343496,-1.7742092264800378,0.1246713263868331,0.1227397621491481,0.2045454545454546,True,5
-0.47260891938325483,-0.8811108094766924,-0.016868631916095965,0.88093467265906,-0.47181155215636905,-0.036714598715953277,0.024390814387137805,-0.032211809559948679,0.9991834103398668,11.746839639307977,1.7219577410753464,-1.7880591380238027,0.2213266480374372,0.213826278291149,0.9659863945578231,True,5
-0.99911241761620428,0.036416894517970061,0.021170421790085027,-0.037359517338518985,-0.99824347951205705,-0.045980670676860978,0.019458762276567582,-0.046730775783503535,0.99871797378706262,13.38471284694349,3.7963715049199904,-1.7045536208722556,0.2479338262296192,0.2315802204967808,0.9807692307692307,True,5
-0.37239354709817291,0.92745454511436232,0.033928053677637869,-0.92799876693731842,-0.37164579535611103,-0.02641384782534513,-0.011888424725664894,-0.041321538461622717,0.9990751702533236,-5.8885013118444771,-19.929429631027133,-2.7434489386722545,0.3527121656162,0.2774278754539339,0.8588235294117647,True,5
0.75854550065137605,-0.63584367949111431,-0.14251855560857321,0.64983086034587123,0.72195119994467483,0.23771057578616181,-0.048255324925833197,-0.2729272433262111,0.96082367969709048,5.0814130750233222,15.444239402185403,-1.0573889808623607,,0.4354379383397603,0.2148760330578512,False,8
-0.99627162194900221,-0.08478028681322497,0.015973674185119514,0.083403226586040061,-0.99383990979236358,-0.072980377492479404,0.022062572246741616,-0.071376023087409785,0.99720544835760083,17.472705571497503,6.9794768047281854,-1.5489411906648147,0.2981495466018249,0.2486690710468442,0.8253968253968254,True,6
-0.98854637345364882,-0.15016183183156259,0.015082831054830829,0.14918437477030014,-0.98740435796077131,-0.052693986416589317,0.022805478640748542,-0.049840326454254187,0.99849679619060372,-5.1314365692598845,-8.3280133222432688,-2.2174907835320998,0.1996141463472669,0.1846398452877719,0.946236559139785,True,5
0.99630756587132896,0.01721979009924134,0.084111313249093572,-0.037580878097921322,0.9683090859558483,0.24691130321785706,-0.077193988036234104,-0.24916057650497089,0.96538080327235332,10.997341299332021,-11.296262532199252,-2.67037490486319,,0.553927844411943,0.3826086956521739,False,3
-0.59110386492445188,0.77376753989298441,0.2277718487419722,-0.806595138702903,-0.56729442285886877,-0.16607624759148776,0.00070928994205097726,-0.28188797775212593,0.95944706206574859,10.069574648788491,-4.2866541129790088,-2.1387522015198224,,0.4310519884822526,0.2857142857142857,False,3
-0.62375076769421978,-0.78150250177485525,-0.013741161541687814,0.78119871028367116,-0.62273620863002821,-0.043911154758531294,0.025759558458971616,-0.038124194165139673,0.99894093467394673,10.104635108458053,-14.784857026238017,-2.7848626105276741,0.329761223081367,0.2121861540484339,0.9295774647887324,True,5
-0.97592989881478731,0.21488205349123743,0.037236214720999722,-0.2169619424082124,-0.97395095394149311,-0.065932198984343854,0.02209860053973927,-0.072424045757224484,0.99712908364481112,-15.658325922694871,16.451815363054145,-0.74781185329120925,0.2796729392633008,0.1979983821597677,0.9166666666666666,True,3
-0.85207539237444707,-0.52328903402599281,0.011666729536422756,0.52275361610363658,-0.85190427206262154,-0.031428778086768125,0.026385271658719886,-0.020680863366864272,0.99943790168769231,-12.058157221945411,18.740901330201087,-0.69116951570159391,0.3507978305369264,0.2598455844794916,0.875,True,2
-0.90674238178048061,0.42012910446282176,0.036191002560406707,-0.42144682863970762,-0.9057706907333487,-0.044294767613841192,0.014171228337480078,-0.055416526340962231,0.99836275215760506,-10.694350825593322,8.5929528745598329,-1.214920999129907,0.2544253363795826,0.2484212128734439,0.9594594594594594,True,5
-0.99955738149010054,-0.022481265863702728,0.019484193435180631,0.021761332427072816,-0.99910013075287885,-0.036405674565637466,0.020285105857560892,-0.035965558729792971,0.99914713284160594,-7.0377902902436826,-10.710125734136643,-2.3068222655303967,0.1853821166102704,0.1886660941357066,0.9339622641509434,True,5
-0.96330334325872202,0.26651611336102887,0.03187209101235873,-0.26799411298088971,-0.96163580148596417,-0.058615191785352946,0.015027450687159598,-0.065005742972284938,0.99777173196401303,13.322469008851561,-3.7878132887037359,-2.1484152889432688,0.2475184361449882,0.2217712576495809,0.9181818181818182,True,5
-0.92885579079347569,-0.37004105251326291,-0.017220318356621366,0.36960864602910598,-0.9226500714672552,-0.11002860719831024,0.024826773651805516,-0.10856548750107217,0.99377923415298675,-5.5029708290594037,-16.824001273069197,-2.5859347673620388,,0.09783069314875482,0.2571428571428571,False,3
-0.93017595264029074,-0.36440988766403892,-0.044476183541438383,0.36559439389416604,-0.90849060245948854,-0.20244891799156278,0.033368192682351444,-0.20457335851835573,0.97828232361708101,10.184372844995272,9.70707316006221,-1.3406461404552787,,0.1578898368678132,0.2368421052631579,False,2
-0.75709137925029579,0.62838816590951097,0.17872033015235472,-0.65329783629914828,-0.7297981840663561,-0.20148584967759248,0.0038184488653062593,-0.26930080482302898,0.96304854289383202,-10.445821774253917,-12.76816801551478,-2.3996271655463817,,0.4221349731133996,0.2967032967032967,False,1
-0.97571289250976556,0.21729483384118786,0.027700299207008693,-0.21842867115103984,-0.97466317754903664,-0.048172668072327007,0.016530789739699153,-0.053053232851036108,0.99845484999304601,-4.8065696465861709,-23.766100434499798,-3.044069842416123,0.2967270326438646,0.266262331365381,0.927536231884058,True,4
-0.99121025019135667,-0.13126814863338815,0.016459437109171964,0.1304430699601806,-0.99048371974193661,-0.043893125037298864,0.02206457375413115,-0.041360295943564593,0.99890063595159917,-10.144051115737245,-9.695007550660133,-2.2534691975438514,0.2307058643565345,0.2140534021540199,0.967741935483871,True,5
-0.9993570723756694,-0.031920768871706459,0.016325023962337086,0.028501010400901857,-0.98354151146397273,-0.17842025566984412,0.021751650485870473,-0.17784026468098829,0.98381893962219358,-3.5874654188937409,-4.2317632804923111,-2.0228744523770104,,0.1805488211637673,0.2108843537414966,False,5
-0.55068046038307017,-0.8347143285105979,-0.0017379100641718923,0.83434297289841264,-0.55037083287411137,-0.031044321485503842,0.024956644953360883,-0.01854551429748854,0.99951649799896414,10.198920451077669,-5.4001284428352934,-2.2347922452386584,0.2653528438615161,0.1806209016631171,0.8951612903225806,True,5
-0.98754043627228616,-0.1567461457375606,0.01394749165844345,0.15587800350140257,-0.98651364569828515,-0.049928697915083267,0.021585521804201747,-0.047132500967997891,0.99865539231555867,14.326293453879376,-1.9038460842980423,-2.021996407114993,0.214266494061246,0.1851065945470667,0.8333333333333334,True,5
-0.99245391754853585,-0.12127804609565469,0.018079189079846309,0.12041700413553885,-0.99179757560558135,-0.042863902504479058,0.023129346242084327,-0.040363406175793683,0.99891732830314972,-15.609078548663311,-0.59292253720582233,-1.7968928268530953,0.2771705232573139,0.2532609154920717,1.0,True,5
-0.89161608669011516,0.45158585248960259,0.033029862043994364,-0.45278203374806308,-0.88970896535277544,-0.05836426034709144,0.0030304901211407331,-0.066993841523934408,0.99774878668304734,13.985037369466273,12.70075075497982,-1.2238522653977908,,0.1420608673562765,0.7692307692307693,False,2
0.9984798801038639,0.055111130483015268,0.00083206048918554876,-0.054747296256513929,0.98991551755436491,0.1306522164284841,0.006376721757696685,-0.13049916245692159,0.99142791266822161,10.891845121457685,9.6370335949118946,-1.3266855493964334,,0.3314549472209329,0.2068965517241379,False,2
-0.99527067331776053,0.094383990611783222,0.022977144074177822,-0.095560714450382403,-0.99378642012287866,-0.057067512939366252,0.017448114148617841,-0.058993334331490899,0.99810588106528486,22.242677502656043,0.36869772699467851,-2.0984900887894171,0.217012722699598,0.2183879429037586,0.8367346938775511,True,4
-0.99489806546814386,-0.094617210717413178,-0.035006038961879496,0.098255729305871425,-0.98746989432856924,-0.12348692017090263,-0.02288342164789427,-0.12629644187695943,0.99172857061945319,17.494641552667833,21.759441367195191,-0.67537439272246103,,0.2487465918231017,0.8947368421052632,False,2
-0.77571347990619566,-0.63106491988215552,0.0050659634768136196,0.63053214727789031,-0.77534465619055515,-0.035635310660668988,0.026416062177254781,-0.024448538011059243,0.9993520203852938,19.551078923858434,-6.0048582037513709,-2.5021221819593351,0.274179470262685,0.2177482302710466,0.9807692307692307,True,2
-0.92487092646368785,-0.37998315393170656,0.015052312457335784,0.37939675499508768,-0.92469481594298419,-0.031584801208309699,0.025920487676691889,-0.02350106585421546,0.99938772667184517,14.496920336399219,-9.6102839997746141,-2.5487251561092035,0.2646269961027129,0.24298953003082,1.0,True,4
0.56990419950053828,0.81831960531919046,0.074580338842720681,-0.82101118273949991,0.57081397005278756,0.010585339355087764,-0.033909308579470394,-0.067263921553977632,0.99715882568868763,6.9294589078039523,-21.34453415865179,-3.0938483412138966,,0.110261939452811,0.28,False,2
0.57549533657952301,0.79799750581595319,0.17889968777709328,-0.81779281122230862,0.56035088620492224,0.13123186443266716,0.0044761019131675656,-0.22182620458565822,0.97507594548875365,7.922472568712652,16.281013574239079,-0.92407633396213085,,0.2247102003461955,0.1785714285714286,False,4
-0.078299498091227479,0.9560065185972404,0.28270253801168238,-0.9966663769583286,-0.068546022715773453,-0.044244500343072403,-0.022919896147699466,-0.28522443648718721,0.9581866724136513,7.4507216580717923,10.347693684928091,-1.3272587682311998,,0.2650488020265849,0.1714285714285714,False,3
-0.75282096843129143,-0.64398632387109278,-0.13616976227183353,0.65769391412673506,-0.72762976339049312,-0.19491958020924702,0.026444372006655698,-0.23629757107361549,0.97132082912592921,-18.203585176978187,-8.352012617104668,-2.1981955754193305,,0.2221431296023527,0.2647058823529412,False,3
-0.99933574144785475,-0.030920663207359717,0.019287002143494977,0.029698656286147731,-0.99771317988940578,-0.060715735108513524,0.021120267035797776,-0.060102606114768059,0.99796874252581158,18.19342832153685,-1.2823417287905508,-2.0890440795668925,0.2401332363240537,0.2181463462125363,0.9722222222222222,True,4
-0.55992708837065408,-0.8280208498425341,-0.029379039038215114,0.82829234987859102,-0.55853625362109638,-0.044373827009979411,0.02033319555217613,-0.049180541039698933,0.99858291370405439,-13.702771479896199,11.437413873607472,-1.0267735047327411,0.2858725242731011,0.2458779177292767,0.4444444444444444,True,3
-0.79799266510815536,0.6008088049583592,0.047291503656500415,-0.60264178389188683,-0.79621861850327069,-0.053467671132643169,0.0055305281112112362,-0.071166645510747362,0.99744910738621628,-25.048035865291062,-7.7260057367216737,-2.2529955598209641,,0.1988370706628717,0.7333333333333333,False,1
-0.92627253835411305,-0.37480761569079857,-0.039222900341598449,0.3762413497755111,-0.91380954853873098,-0.15295278918196395,0.021485609373013567,-0.15643324525055263,0.98745481333084351,11.370535729964894,-3.8971766632368237,-2.1098975886282454,,0.3262350907934182,0.2456140350877193,False,2
-0.23022439074247164,0.83606361756161918,0.49799031847721287,-0.97305849056980753,-0.19125568409018101,-0.12875728031146072,-0.012405798533948787,-0.51421677402917831,0.85757052507053866,4.563908288346461,12.894995710317163,-1.1803250312967859,,0.4408406007624883,0.1927710843373494,False,1
0.29899059843109366,-0.95397633637786539,-0.023103499321144978,0.95419618981710919,0.29915539875476033,-0.0039596381642042419,0.010688937661316998,-0.020861376439392686,0.99972523704502247,32.858159412964469,0.14625486294796516,-2.1920983594007786,,0.1105262846996644,0.5333333333333333,False,1
-0.86352467551556744,0.50154852933639427,0.052670746114272943,-0.50423366688080307,-0.86045391250138636,-0.073263044196894528,0.0085757774967336383,-0.089822809917953689,0.99592083965482414,20.322393542969049,-12.248994674158538,-2.7494754267433028,0.2820149471475912,0.2241736880699505,0.8913043478260869,True,1
-0.14733570549680725,0.98836792870176615,0.03769651707438397,-0.98897435906401043,-0.14663795246969646,-0.020664656044208144,-0.014896543212721811,-0.040325530489706662,0.99907554498698237,8.8518271186687336,15.198206728012872,-0.9714884954093761,0.2379307993086344,0.2400162804471775,0.7884615384615384,True,2
-0.88693529865897947,-0.46165991926251942,-0.014693363782028051,0.4612738766720238,-0.88364942956119619,-0.079938078136361473,0.023920424174109362,-0.077677568079186993,0.99669153138001221,1.1883660118230621,30.166832502356783,-0.33875038385706863,,0.1488997476727044,0.4782608695652174,False,2
-0.49787253150585115,-0.79606718327826853,-0.344092984641301,0.86688329371254313,-0.44527399418152286,-0.22415268275826156,0.025224937146563136,-0.4098879234779142,0.91178703255360849,14.574892734154632,10.38011568069755,-1.3188611683137301,,0.446736104351773,0.1136363636363636,False,1
-0.8697821555667431,0.49270442211217058,0.026858039555816223,-0.49174366894817462,-0.86101020146316842,-0.12980599764934617,-0.040830943009655798,-0.12611021135287218,0.99117558923001914,11.908250104159398,17.276079448997578,-0.90392390683230173,,0.1931441614970862,0.1666666666666667,False,2
-0.87933734018153953,-0.47566850943915756,-0.022479130107417557,0.47607250843638421,-0.87703350005954439,-0.064553903711509167,0.010991309000530167,-0.067466353845719793,0.99766100566536109,16.805392678148898,19.084093810321662,-0.87905564116527712,,0.1353407238769871,0.1578947368421053,False,2
-0.74213005609347926,0.66856065809660215,0.047640594959847127,-0.67024817224285815,-0.74058593190575528,-0.047956908453241243,0.0032198521391055435,-0.067521284856873615,0.99771263830998946,-27.911643990511777,8.7012809029588034,-1.3581697289712482,0.3429649621489009,0.2893332038574226,0.9534883720930233,True,1
0.061680823301817796,0.99288657124769519,0.10184170399598086,-0.99804107243823048,0.062425254907864214,-0.0041358525160771001,-0.010463926756074295,-0.10138710068683904,0.99479201949511031,-24.859627216899998,0.50615650779473109,-1.7740914588690002,0.1689736296970399,0.2106156071772517,0.2692307692307692,True,2
-0.72688447220298968,-0.64314407224261294,-0.240841579486123,0.6862414177031092,-0.66658397295462535,-0.29109882107087759,0.026677344302020903,-0.37687067986143041,0.92588163928321598,15.897655077003787,2.8986639411039836,-1.817504974637606,,0.2280594350063185,0.2307692307692308,False,1
-0.97390352415942205,0.22570916402044874,0.023818037430670201,-0.22642091691075006,-0.97345992398360104,-0.033306827875638927,0.01566824863071533,-0.037830538920722925,0.99916132646826095,-13.958846040910178,-12.670175198698859,-2.4133664783030921,0.2842428316889779,0.2178064774043793,0.9787234042553191,True,1
-0.25757049413031696,-0.96597870877918324,-0.023293233755020605,0.96600636123248151,-0.25687640474345497,-0.029089907948579595,0.022116749576835643,-0.029994113945546148,0.99930535999602088,-22.260911254109136,3.7207539701178369,-1.5097052282197865,,0.2132852543085781,0.9354838709677419,False,1
0.80591663116877121,-0.58749470311139651,-0.073132464895089788,0.59199987138539334,0.79847853811241687,0.10939916111897924,-0.0058767240242415791,-0.13146101319368728,0.99130392217767038,1.4429979248056173,26.657588307636946,-0.45379466705989563,,0.2669400314902161,0.3225806451612903,False,1
-0.83254605918373692,-0.54861341531309427,-0.076748810258742153,0.55332262262610554,-0.81695191582167537,-0.16255350665384904,0.026478946878574251,-0.17780013434695999,0.98371031182884583,21.075826666391357,16.835000066161513,-1.0733641150764519,,0.1661898310518766,0.2777777777777778,False,1
0.97401597890791125,-0.22355600817321047,-0.036270980710807268,0.22593592320567016,0.94804992718194703,0.22395154425792119,-0.015679012636828304,-0.22632730012078872,0.97392511097248624,15.340893886137559,8.8651686415620325,-1.4069654394988664,,0.4233328716158043,0.25,False,1
