axis_00,axis_01,axis_02,axis_10,axis_11,axis_12,axis_20,axis_21,axis_22,location_x,location_y,location_z,dbh,dbh_approximation,score,reconstructed,number_clusters
-0.99945140700491475,0.031027051074367151,0.011584780426197309,-0.031510842630630073,-0.99852474588522366,-0.044219889773217391,0.010195677152708296,-0.044560677244364702,0.99895465072790945,-4.6415310262612204,-14.588212982453475,-4.7010014845794963,,0.3181303966234912,1.0,True,5
-0.97715690010586465,-0.21217024114222363,-0.012172976182861528,0.21248274942199097,-0.97432523190655607,-0.074440739305217343,0.0039336717668338184,-0.075326829509057766,0.99715113948816425,-16.057755724632052,-13.917983068620826,-3.8248897001677546,,0.1816359035801567,0.7878787878787878,True,2
-0.99421452965048529,0.1042470795374828,0.025884656454547482,-0.10627138784317006,-0.98969746024851846,-0.095944407359255413,0.015616054487314101,-0.098140122200545105,0.99505007675830637,1.8865771292946962,-1.2907906703600791,-4.0223935182971617,,0.4886565477042272,0.5412844036697247,False,3
-0.91756555153194419,0.39676255902777086,0.025552502727024053,-0.39757376057259614,-0.91517071819172569,-0.066314866120694566,-0.0029263537113441663,-0.071007241308026603,0.99747150743055324,15.982067392774994,6.4272176720753986,-4.2425638313422365,0.3356937221002707,0.2830273579591574,0.7543859649122807,True,5
-0.69382369478668715,0.68033018152150593,0.23613454779736381,-0.71993886322930867,-0.64743354817933763,-0.25003566526398735,-0.017225381407728359,-0.34348310701230778,0.93900087403182442,10.220236081516495,-4.0018410415184871,-4.8995240072096049,,0.3674538114104793,0.3888888888888889,False,2
0.22928013468917091,0.96423229063624283,0.13299138893665627,-0.97332629486787203,0.2282670284138732,0.023023628251891463,-0.0081574233491255553,-0.13472287642967476,0.99084973785676433,4.9868821178592517,6.5134194610891765,-3.5551721178860172,,0.3021846732890924,0.1785714285714286,False,5
-0.78132986152067296,0.60302483286928177,0.16088722273400674,-0.62406682001566394,-0.75155004332425701,-0.21380630611571183,-0.0080157127957634217,-0.267457629022399,0.96353628111560685,-4.1120778865485681,-15.365025301563596,-4.8262935068786899,,0.449793200523359,0.1818181818181818,False,4
-0.77094206090735051,0.63322431703484516,0.068376187665600274,-0.63683746685605158,-0.76483821420234954,-0.097265342769809859,-0.0092940589784505229,-0.11853046195605192,0.99290691912998086,-3.4806897955202025,0.23484447200118799,-3.4882143628607492,,0.0963756637580007,0.1968085106382979,False,3
0.50229518164798026,-0.85177130691818725,-0.14894694090214483,0.86385192525552956,0.486693963502347,0.12995705876439406,-0.038202116767776843,-0.19394490609773787,0.98026831616308108,-2.6746266643919423,-15.538878189973925,-4.8997907268454988,,0.3051650233058815,0.3760683760683761,False,7
-0.84033533366601543,0.54126368520337576,0.02949830626472176,-0.54201860636288679,-0.83828898424522358,-0.059054290695469677,-0.0072358378132932194,-0.065614037927657479,0.99781884161302925,9.6753335016145421,5.9129655957388696,-3.8152427153888655,0.2893266423298206,0.274556616934626,0.9252873563218391,True,5
0.9747968247748785,-0.2196972453394043,-0.038784930051377259,0.22069574967318253,0.9750565436329991,0.023624622635268128,0.032627235325792224,-0.031588876345074776,0.99896827097072949,-0.24755498893137909,-12.918754376135224,-4.8234262743865095,,0.2399237094433706,0.2916666666666667,False,8
-0.75690407018491079,0.65019234778862989,0.065925256272721625,-0.64896496849608032,-0.73589031671008998,-0.19315773719218185,-0.077075924920796929,-0.18898505932859264,0.9789504324265712,2.7607505748923744,1.7198675206957155,-3.7714164263947594,,0.2156577056483019,0.1435643564356436,False,2
-0.7331156916284568,0.67806768369675208,0.052588962855833053,-0.67975096744721264,-0.72805038788464671,-0.088776432433363611,-0.021909015101311546,-0.1008307940419903,0.99466232764197615,2.5518164341653464,28.219819890112287,-1.8994230840442132,,0.3312221696812716,0.5609756097560976,True,5
-0.26956557060869013,0.91814134535234915,0.29043221773244876,-0.96287409249567235,-0.25246895029606636,-0.095566265685315996,-0.014418222603546174,-0.30541103302104122,0.9521114513364356,3.0146015273571716,5.8160128630899921,-3.4929138566226579,,0.4907451831336518,0.6176470588235294,False,11
0.99443742289339754,0.10050023247098057,0.031526421021392463,-0.10279905278783733,0.99126445570494381,0.082626470346408534,-0.022947041096024832,-0.08540774045284992,0.9960817994400244,-1.6035053176905889,15.093739716943587,-2.443069743823123,,0.1632257142571376,0.2352941176470588,False,4
-0.24364922726211433,0.88234844623324982,0.40261181488419451,-0.96524584734959096,-0.18014843307231682,-0.18933302996561335,-0.094527817223002894,-0.43475022885716719,0.89557620015255857,5.9740169694958212,-21.398157414544801,-6.2720092459808141,,0.2682845416887297,0.3666666666666666,False,3
-0.99349532163404786,-0.11314000305966528,-0.012899054186959965,0.11016369847056402,-0.92627143633458875,-0.36039587368606746,0.028827164802419352,-0.35947262195933111,0.93271025974368782,-7.0286733561415309,2.6772454479322247,-3.0133237018149459,,0.4012815422043783,0.2727272727272727,False,2
-0.54541681258690822,-0.83797780671454503,-0.017711465253245455,0.83746002501701966,-0.54396992861977023,-0.052511172676819443,0.034368692818170461,-0.043473120560662645,0.99846325958579352,1.868357594252392,-12.050190609915271,-4.9660919312949741,,0.257116745678876,0.9459459459459459,True,5
-0.86733734832162124,-0.48577330924861334,-0.10839841432452106,0.49771099491394744,-0.84786309361649781,-0.18278933236059247,-0.0031128360361616769,-0.21249109747166739,0.9771580444058674,6.5954659982472181,-6.5582721821397092,-4.8431735575067485,,0.2447709295258363,0.208955223880597,False,3
-0.57966988067014591,0.77908936496055203,0.23875215360122148,-0.81337526009481464,-0.53559697036760934,-0.22706072227210397,-0.049025663784901446,-0.3258153568179385,0.94416144676217739,1.6062162146624714,1.223745554542192,-3.7369819746397277,,0.3424510030473793,0.3609467455621302,False,2
0.75984050061719899,-0.63343252844653009,-0.14630668312705955,0.65008881781159544,0.74212184997408881,0.16321669261248872,0.0051906240596173688,-0.21913099209576253,0.97568164158448722,2.2033153412167921,0.39917839260165833,-3.8284100382609658,,0.2854101416310652,0.3149284253578732,False,5
0.40148223073856226,-0.89458892242462362,-0.19627194979501844,0.91563451992267852,0.39688163287069039,0.064018711451107158,0.020626301829302234,-0.20541574760724868,0.97845742181650475,-9.1040283934276545,-3.6818767724253441,-3.2989023515889859,,0.2801753521263744,0.2222222222222222,False,6
0.95226051505277931,0.30412212934952332,0.026639104927290762,-0.30449631951249362,0.95244712537951259,0.011245655145351446,-0.021952286321946589,-0.01882030276628548,0.99958185924366616,-11.459378923209997,-3.0532066992960654,-3.1008318169582081,,0.3137850609596162,0.5252525252525253,False,5
-0.85256442692558831,0.50978515375414579,0.11512165284126456,-0.52257931287074333,-0.82873520058257411,-0.20027188787970679,-0.0066902690965865569,-0.2309048815578002,0.97295332671829293,1.5150239085504875,5.4402031607905057,-3.4059421526179077,,0.2364025330035061,0.4444444444444444,False,6
-0.40418509031181549,0.91437123058023539,0.023657249561546734,-0.91438694190767444,-0.40327010046820522,-0.03563350301467183,-0.023041988593923639,-0.036034410714640856,0.9990848752764141,-7.4100751769067958,8.1365621761456008,-2.6008131633485516,0.3770989504852815,0.1715356093873172,0.9354838709677419,True,5
-0.40768460521594319,-0.91174447912255829,-0.050152442208274826,0.91228023445532336,-0.4043346594772147,-0.06525532137369229,0.039217808353598747,-0.072356671668745307,0.99660748320136594,-6.5791485582171108,0.84440864905609558,-3.1831746845264157,,0.1958522948569784,0.2650602409638554,False,4
-0.74714417570518843,-0.66442288292769058,-0.017827320378342382,0.66411857654572981,-0.74518035195755261,-0.060438062041172712,0.026871862545965349,-0.056995400678260408,0.99801273904937526,-6.7795026677397718,-22.191986677972196,-5.1919807230288608,,0.3097116372430367,1.0,True,3
-0.90338630500585371,0.42830525809601944,0.021161044756214165,-0.42882169503765305,-0.9020123015276944,-0.049857414270569299,-0.0022666700038730505,-0.054114820336163064,0.9985321469172036,1.6751933461715609,-3.032595518238772,-4.166799914424284,,0.2071185023109083,0.9278152069297402,False,5
-0.96487042672419543,0.26069290428219982,0.032623140406488615,-0.26271203159051548,-0.95864126009350836,-0.10949576660270964,0.0027291190252174136,-0.11421971853950058,0.99345176420705228,5.5283743624091377,-4.7278370758628823,-4.6292463459525521,,0.07149836812412932,0.1587301587301587,False,5
-0.9576370337023159,-0.28750430463743992,-0.016510193723060018,0.28783694354610956,-0.95379969645468343,-0.086116392010980009,0.0090114156415393304,-0.087220489897140388,0.99614827236222192,5.768836415277149,9.6294289302713665,-3.3969511935418342,0.2004747355093194,0.2919788529677095,0.9344262295081968,True,5
0.5805027652889726,-0.79634908511902236,-0.16983719887572887,0.81404845843711271,0.5723233641605342,0.098848743806536576,0.018483690324658783,-0.19563767905509999,0.98050204065362201,4.3485458793533516,-0.18367239998746415,-4.0492734172906957,,0.17944818027055,0.2,False,1
-0.042718601615366121,-0.99855980540756917,-0.032456680366709692,0.99859269708378851,-0.041652996152662908,-0.03282762925391438,0.031428433097337768,-0.033813354401853964,0.99893388703013875,-10.758028912750641,-5.4905283659709463,-3.42390930279084,,0.09744389223594334,0.4347826086956522,False,5
-0.91989699682435833,0.37757975265049598,0.10593887682016018,-0.39202324537216326,-0.89252193815236014,-0.22298512283251501,0.010358104141371999,-0.24665384713226218,0.96904829052707764,8.2937367353446021,-0.69136698017061993,-4.3893102725406523,,0.4631242288648971,0.1566265060240964,False,7
-0.63530733928347427,0.77196183838921728,0.021436061282143218,-0.77208629119179695,-0.63433249115408163,-0.03879496900310625,-0.016350645438257143,-0.041197217588038335,0.99901723991969005,3.5616198458412258,2.129516762297829,-3.806181782412954,,0.280016383425835,0.8823529411764706,False,5
0.24584261226191298,-0.95567533220718182,-0.16200638693252961,0.9688023102354113,0.24766512133067903,0.0091690435046841295,0.031360702778628777,-0.15920630354026133,0.98674711007140914,-8.9473157129152234,1.4533112261399248,-2.9470878396198215,,0.5208826665295865,0.3,False,4
-0.96346972470866621,0.26716541016093914,0.01867439914284108,-0.26780679676779323,-0.96170370954853024,-0.058356616125098383,0.0023683696465937746,-0.061225963888985276,0.99812112099237926,-8.5190454128763555,-5.3273400800965014,-3.5079880924722313,0.3042434359669725,0.2522424912198243,0.9917695473251029,True,5
-0.7843303310923383,-0.61611287637540768,-0.072324652042061163,0.61867321900679473,-0.76833466091171776,-0.16402834183593548,0.045490436493331725,-0.17339772895311487,0.98380071548131565,-4.7916172250165072,-0.4605989617261394,-3.4312933129163636,,0.5710878275252859,0.5980769230769231,False,7
0.94063930394339756,-0.33630593033585521,-0.045782322984052902,0.3394028843763553,0.93275974292381336,0.12151108615147929,0.0018390089427666725,-0.12983675597317118,0.99153367811914106,6.494000554682076,-9.1450507904373399,-5.08756309817052,,0.186250982647486,0.2307692307692308,False,3
0.74888548211505523,0.57347365276151541,0.33211218626492189,-0.66202175575391442,0.6700510714865141,0.33579570650661833,-0.029962135868555426,-0.47133802221774918,0.88144355419167664,5.1738392852261281,-1.0810108782722974,-4.2328743039753407,,0.5367192725434053,0.2904109589041096,False,2
0.069747455550573226,0.9969471733917773,0.035094528211196671,-0.99702360675819324,0.070825016893463169,-0.030458899338687246,-0.032851484153755044,-0.032865642366860001,0.99891973128010114,5.2402331410482832,-3.1665879766663978,-4.4620485768312523,,0.08092400998316497,0.42,False,4
-0.1870629202246101,0.97849271185976061,0.086945251246822716,-0.98198505301153538,-0.18385446402497638,-0.043622147127590126,-0.026698680472519613,-0.093539023382867043,0.99525757046385044,3.2993747816444885,22.237621065606756,-2.2857273999292156,,0.1930903097762267,0.3181818181818182,True,4
-0.45700398149928201,-0.87982256718226992,-0.13061244646129325,0.8893686849320942,-0.44984415177366005,-0.08163076244402967,0.013065341785089156,-0.1534682031947876,0.98806720796320435,5.4123265047264768,4.0799556124936824,-3.8105342847949459,,0.2788609877933945,0.2727272727272727,False,5
-0.13158781059634611,-0.99113693096344557,-0.018227237388653405,0.99081863936015857,-0.1309254587821202,-0.033718661586355551,0.031033401343455402,-0.022496851403107816,0.99926513982926601,-14.020817887355809,3.6897121465290676,-2.3977224456079314,0.3677537068629693,0.2792591622582553,0.9907407407407407,True,5
-0.9902103181368298,0.13831530484635476,0.018772381325178358,-0.13941492046931059,-0.98663587467253289,-0.084339378464044726,0.0068560780256472428,-0.086130872829813507,0.99626024056954121,-7.7335231414064403,-11.269026678876601,-4.1979005350406418,,0.200777124104392,0.8645833333333334,False,6
-0.93410699092830629,-0.35138546648933766,-0.063026846969656949,0.3561978624120164,-0.90560735061876174,-0.23021383389878697,0.02381621951477899,-0.23749437981842586,0.97109690929519799,-9.2237656892024997,1.1295599823370033,-2.9458390796554661,,0.3195863178022681,0.3055555555555556,False,2
0.63003353914285309,-0.75511881877982778,-0.18125481808682611,0.77628955801595434,0.61866107568032258,0.12096691925257994,0.020790903552394033,-0.21691943887679513,0.97596808112092015,-4.8132838596959067,10.747290432349148,-2.5480283960089776,,0.3846605870117797,0.2258064516129032,False,4
0.80316843945222416,-0.59384611330515447,-0.047615665281945732,0.59530540182258951,0.8030930162010862,0.025555545188639825,0.023063747066031107,-0.04887127010222924,0.99853876365911343,-0.69719645428610322,-12.9192280467496,-4.8155400875515557,,0.1156348346352433,0.21875,False,3
-0.34683075494056087,0.92252618485152726,0.16927452758949368,-0.93712543773010004,-0.33338048814587695,-0.10321513495018483,-0.038785840026081424,-0.19442964893992465,0.98014936118255402,6.892840239975059,-8.7745632965971385,-5.0970850821766334,,0.1878890992674596,0.1627906976744186,False,5
0.19004786637215398,-0.94651497572718435,-0.26075124009592004,0.98048197092959999,0.19660672732974138,0.00094839374544224142,0.0503677790794834,-0.25584213001938683,0.96540555795880101,7.5099529871288722,-1.652205096325289,-4.432090287330702,,0.4500054318061033,0.4698795180722892,False,4
-0.99981840209514017,0.0033599850139798583,0.018758287038699719,-0.0075967680411415262,-0.9730137210483133,-0.23062217535840696,0.017477183618921879,-0.23072279721002983,0.97286254882194423,-1.9564300319091898,5.1067518111809393,-3.1633377643198508,,0.3985314607337683,0.1504424778761062,False,7
-0.034508931062924644,0.99841592863232753,0.044438352018729851,-0.99895891513794421,-0.033131965396470869,-0.031358551232285148,-0.029836547107785653,-0.045474238005856586,0.99851984163283936,-10.057658479253693,-1.034188345943081,-3.022071543172546,,0.1003496512016981,0.5970149253731343,False,5
-0.99555316788606363,-0.093887546489404505,0.0076823516076485968,0.092667832789836507,-0.99073964415951599,-0.099235226894037465,0.016928162276470603,-0.09808203762604098,0.99503434675244551,-2.8634398194871156,2.0720809637728719,-3.3335670319474304,,0.317296101185131,0.9334637964774951,False,5
-0.038572039087730062,0.99844536625496327,0.040237400569717315,-0.99880174291323354,-0.037309443648030759,-0.031671497725282147,-0.030121025117063428,-0.041410820067558113,0.99868807333783194,-2.0818814773459566,-5.2937850952071486,-4.1950144785628716,,0.2534878867419624,0.9149746192893401,True,5
-0.30113485633985099,0.9472724609107499,0.1095111094696329,-0.95354894524543632,-0.29818238233831473,-0.042798082718310974,-0.0078871616246691569,-0.11731219741842558,0.9930637648300169,-3.1300999601694017,7.8231917635354131,-2.9132805401995516,,0.1657145655338056,0.4444444444444444,False,5
0.98370624905369186,0.17911691869087756,0.015464314126425172,-0.17916090651468777,0.96951689103066452,0.16714774178273614,0.014946074720488828,-0.16719487864440885,0.98581057379474779,-9.4020097923330663,1.6594242078707604,-2.8964389662407797,,0.2120515976701111,0.4358974358974359,False,2
0.99151043219998181,-0.12963659513287831,0.010070553160587048,0.12870494797752019,0.98949700682003394,0.065808129135373317,-0.018495924002597475,-0.063953316540647967,0.99778147612527979,0.63893424299962709,-5.3786596179579664,-4.3745934243045284,,0.2232072749455764,0.1226415094339623,False,5
-0.96923908163435935,0.23747746163995787,0.064653366854526995,-0.24610876065593745,-0.93778481927872637,-0.24492878691318692,0.0024658793527359913,-0.25330631248235635,0.96738298077628426,8.241134185151715,-7.9704436526506566,-5.1352563807067559,,0.2101782200945698,0.3125,False,3
-0.99825241735393322,-0.058710038115366049,-0.0067262672799432719,0.059068671646970848,-0.98800027786015643,-0.14271069678940079,0.0017329965064305361,-0.14285860972565226,0.98974158968407655,-4.4481831797297717,3.2112258404120997,-3.1143129803094638,,0.09950433443896708,0.3269230769230769,False,5
-0.80777571871683973,0.58665375238833228,0.05775606513763764,-0.58942161545424798,-0.80230446700305069,-0.094285213380761207,-0.0089748251681122954,-0.11020397921872213,0.99386846990814715,8.3642686202604288,-20.429891761142596,-6.3060986194489184,,0.2971144719143295,0.9615384615384616,True,1
0.43372582931777959,0.90069415431756872,0.025138523440410059,-0.90045533017535173,0.43428240525884854,-0.02406222852080097,-0.032589926992896139,-0.01219970740423694,0.99939434849204967,-0.42986270812375549,11.224149536366079,-2.7954296116457038,,0.3189039483153116,0.9488636363636364,True,5
-0.86174254288778807,0.50570548723485276,0.040764567431157007,-0.50734580404305674,-0.85898132001850092,-0.068929870006971206,0.00015778844508800363,-0.080081533700559787,0.99678830403600382,11.203541215139321,-2.4444219202163997,-4.7552177038743038,,0.2289468605387929,0.8148148148148148,False,6
-0.96784035282895275,-0.25148049131022093,0.0065279343056529361,0.25085168470447955,-0.9667232982912326,-0.050194589567462443,0.018933666228529628,-0.046942805958864103,0.9987181230216341,3.0269391317675556,-7.5310526158037199,-4.7194811265049701,,0.295568519856479,0.989010989010989,True,5
-0.96639191964853088,0.25642511074142382,0.018243360964362677,-0.25707264013884606,-0.96379810142591804,-0.07075929182686147,-0.00056154258160721806,-0.073071076829645934,0.99732657760679611,-0.72304078138814687,8.6976243406264029,-2.9588443595545302,,0.07799941594138027,0.396551724137931,False,5
0.91261457974581772,-0.40355294941967712,-0.065419002209176416,0.40715498597862126,0.911615164561001,0.056414618098222027,0.036870668940412604,-0.078120475914442322,0.99626188575835206,5.6810196597169353,-2.2856960807396516,-4.3759256391229542,,0.3752001270205523,0.5031055900621118,False,4
-0.98387093304581819,0.17662140909030344,0.02833487177503486,-0.17887977641568989,-0.97154890261782401,-0.15522485436158515,0.00011268107567156613,-0.15778975782051946,0.98747272348653659,3.7116192809624042,-3.1622946602468542,-4.3515751018805071,,0.2911651518847282,0.2486187845303867,False,5
-0.38244301696418265,-0.92315498688551767,-0.03901549645633081,0.92376348892913285,-0.3811006508740778,-0.037726786569101965,0.019958840066749094,-0.050469437204653508,0.99852615419498936,-0.29877061903204011,15.362768420352628,-2.4806580771212769,,0.1278840469834511,0.1296296296296296,True,4
-0.014848987141312385,0.99263643463154672,0.12021820254374857,-0.99942039956318718,-0.011050911026129106,-0.032198482921611385,-0.030632866627820918,-0.12062663887991408,0.99222519695616396,13.314129693840504,-2.7435991475876484,-4.9347341253598591,,0.2978498462026614,0.75,False,1
-0.91009134768395161,-0.41440769169994296,-6.2695561446597312e-05,0.41354059036309809,-0.9081772816358249,-0.06479355865133074,0.026794010393157642,-0.05899398427372253,0.99789868765649903,-3.7920517139597059,15.428493520980895,-2.3043874514383997,0.0970245087326061,0.1694677467791156,0.6052631578947368,True,5
0.64205189321465639,-0.7559534429755369,-0.12768617181554948,0.76665455270391014,0.63238651124795497,0.11103196481198555,-0.0031879833509168218,-0.16917946815460297,0.98558010547955088,-5.6019678004941786,-23.289517393701576,-5.3953048753922488,,0.3549444439128682,0.2692307692307692,False,3
-0.88917027362607892,-0.45368146468929083,-0.059576447503224918,0.45703197080259567,-0.87420252545729638,-0.16398695725081613,0.022315962090397136,-0.17304066886563252,0.98466183268902785,-5.4944886848171119,-5.4097674032110046,-3.7564360283916405,,0.1580599934396845,0.5476190476190477,False,5
-0.96882995885922274,0.24633674751798615,0.026205297920433832,-0.24770199376397903,-0.96479157103728408,-0.088436116721397937,0.0034975851938852682,-0.092170663866931804,0.99573708157331497,9.1058139927515676,-12.438558777006257,-5.737269578587604,0.2080522029580369,0.1946301835669194,0.9111111111111111,True,5
0.70770701213475207,-0.67300755709243099,-0.2149688653544484,0.70306818892727352,0.70085115015284261,0.12042751781864609,0.069612546956884527,-0.23636516965474169,0.9691674777252175,6.7386837076429185,8.9450477939464079,-3.4592120965443032,,0.5416529622654281,0.291970802919708,False,3
-0.069497047788437891,0.99358582691000163,0.08920406331697707,-0.99711247837511163,-0.066442419348486659,-0.036771053557952814,-0.030608263873234964,-0.091501964321469675,0.99533437834125782,-16.8701239759245,-2.5788611020399212,-2.8318936478949301,0.2698083924700324,0.201929079364659,0.59375,True,3
0.99538681813528207,0.074245155480484715,0.060767912340286431,-0.089330238003214907,0.94825701469141088,0.30467809679532487,-0.035002726476762315,-0.30870097339692837,0.95051487003780288,0.37543744117196831,-4.2210293297840353,-4.1660158835454686,,0.5865983524089753,0.2597042513863216,False,5
-0.9380537013235577,0.34560538918378064,0.02474203710896767,-0.34648895185028483,-0.935823866790223,-0.064645932520820876,0.00081220617157458635,-0.069214198781196029,0.99760149108159035,-11.878811058112198,-7.028523514286837,-3.5344962254508863,,0.3142331017064673,0.9904761904761905,True,5
-0.61627398396777988,0.780915126424647,0.10187218465144884,-0.78723830850566889,-0.60733701989036337,-0.10675949555812775,-0.021499355934875106,-0.14599078598278165,0.9890523080719823,-5.7974472025999946,-1.8797968737936022,-3.4267319733928834,,0.4210477227590032,0.7490494296577946,False,5
-0.88511100153295297,0.45065091416280817,0.11615622466987646,-0.46531734578867689,-0.85288786510051606,-0.23677427493810482,-0.0076343089742661142,-0.26362102178792474,0.96459611972989834,6.6664220311668148,6.7243920375806772,-3.6068863538154048,,0.2344585031811517,0.2075471698113208,False,3
0.71275752988297303,0.67665260815233219,0.18471045307662098,-0.70108182128672181,0.69533790487609959,0.15808060571686447,-0.021470525294395922,-0.24217028290680942,0.96999617041533726,4.9265249233931261,0.62776135214291839,-4.0174888304535195,,0.490021442113005,0.2307692307692308,False,6
0.3278206466181382,0.92239014907659045,0.20427931010587314,-0.94463066678716545,0.32331750572748674,0.056024047117215939,-0.014371047842839924,-0.21133434026826381,0.97730817535068071,4.5275016802909507,17.509124432158742,-2.6265662112001245,,0.3118942679000642,0.2352941176470588,False,3
0.8899884532005532,0.45548703598347201,0.021262954185154344,-0.45542449665743262,0.89023866733585055,-0.0079776578276293114,-0.022562823715412253,-0.0025836468570488744,0.99974208861831304,-0.94262954879816629,-2.9713471929828748,-3.9308244910061023,,0.1168025712629689,0.2640949554896143,False,5
0.45615498013601152,-0.85381009282080322,-0.25086043828082488,0.88962270829038181,0.44456004883045047,0.10458393699777507,0.022227707736116289,-0.27087762621006545,0.96235712738442314,5.2079547093175256,6.0050828688003479,-3.5909085489086845,,0.6173986952640316,0.2510822510822511,False,1
-0.82700464819954922,-0.5563186495011303,-0.081073251282889544,0.56157057667368071,-0.81065586485212826,-0.16575752228854579,0.026491494309112559,-0.18261059388241022,0.98282835313760852,8.3798959872011611,4.3387654954638037,-3.9070392192620838,,0.2342689975515648,0.3058823529411765,False,5
-0.54218137157529611,0.76165302940718382,0.3548577505305347,-0.84003003743660987,-0.481412079822233,-0.25018382362870839,-0.0197204594515345,-0.43373617810380116,0.9008240845375578,3.260448883699409,-0.14810442791239273,-4.010653354807423,,0.09872076391059958,0.1666666666666667,False,1
-0.98889940992385539,-0.14851918193369193,0.0044732147274610798,0.14769244067177781,-0.98580100108319457,-0.079895739759919995,0.016275749465521683,-0.078348189903267126,0.99679318873987977,-11.6045898874871,0.19107464411621347,-2.8129413856593328,,0.1064823768135064,0.5416666666666666,False,2
-0.84731401224894942,0.53053407734113511,0.024342502467440047,-0.53101206977407878,-0.84549938904199162,-0.05618687465829636,-0.0092274807415475175,-0.060534088821165885,0.99812347817780289,-2.8710607054168706,-18.853318422632469,-5.2270970717673437,,0.285043327942432,0.9333333333333333,True,5
-0.96331648295771377,0.26754725798768381,0.02097184792173578,-0.26835446130144724,-0.96110568317226852,-0.065282071609110232,0.0026901229694317411,-0.068515184574214974,0.99764644675414471,10.601995228504981,-4.2344412625522372,-4.9639008301466516,,0.1153404680081034,0.5294117647058824,False,1
-0.72547315261337086,0.68683477637164192,0.044121364481790722,-0.6882009494508371,-0.72315983082171831,-0.058474885727731796,-0.0082557865878888151,-0.072786324625038951,0.99731338752440035,7.6142120646825457,-8.1168973245824603,-5.0689001394194948,,0.1022634268403136,0.640625,True,5
0.2099959012887937,-0.96649579250676998,-0.14760624820317658,0.97732353366596836,0.21171029120283494,0.0041788923742682726,0.027210879893383541,-0.14513661035562783,0.98903737661925928,-11.584574505346406,-1.748389088097356,-2.9489233977858853,,0.1213208788190264,0.1111111111111111,False,3
0.91526365674142851,-0.39068159297320598,-0.09828698571136954,0.40224588101279435,0.89967805886538887,0.16963974064011966,0.022151520411691713,-0.19480062450650523,0.98059269160815477,-4.2154251507104803,-11.308628237479711,-4.5062176845051098,,0.2034589036939883,0.1666666666666667,False,2
-0.84181898776412423,0.53885627101859457,0.0312203623252548,-0.53971073410942327,-0.83955200690453891,-0.062167123060572864,-0.0072880262659198386,-0.069183429276784628,0.99757733423863004,10.703114815473453,-8.5901523580688366,-5.3878053677177622,,0.3148665536565117,0.8709677419354839,True,5
0.37792693793072435,0.89981251452813105,0.21796483267919431,-0.92469073485120512,0.3785535756824549,0.040549170378281783,-0.046024715823625668,-0.21687468509853933,0.97511388898772455,-15.552164521457357,-11.634882779540934,-3.737815880641588,,0.2138810374480818,0.3157894736842105,False,5
-0.99782477196546882,-0.064938167655772663,0.011347194964912474,0.064200150066634626,-0.99634146504182119,-0.056409447522016223,0.014968807016010274,-0.055558252490771148,0.9983432352636491,-6.0370632837731302,4.0245368181584267,-2.9587580316489119,,0.2317410752179803,0.5645161290322581,False,5
-0.13926407193664522,0.98931278271580836,0.04319416885099174,-0.98975825404375828,-0.13767986358917977,-0.037720733215507958,-0.031370636268262267,-0.048004928050856391,0.99835435095108183,-4.7777571659658271,8.4888676837169719,-2.7597369739003605,,0.2297901028029137,0.6041666666666666,True,4
-0.98346615876842802,-0.1632937978541929,-0.07829080494941687,0.17967111500550861,-0.93390134350720821,-0.30910608377725179,-0.022640781566697424,-0.31806196908430628,0.94779954570165514,-7.7381333790046529,0.65693337632942805,-3.08527394203738,,0.3974829198393003,0.2413793103448276,False,4
-0.98713504798375185,0.15853804914042727,0.020738467080863285,-0.15975514017276013,-0.98327912080162028,-0.087409757944835104,0.0065339291776334851,-0.089598312318594373,0.99595655035707342,-4.012059755860367,20.1171397839903,-1.9351593811123331,0.2018147174630572,0.2293676744453453,0.9285714285714286,True,4
-0.54757887678653783,0.83317384334945177,0.077322186049657349,-0.83675155218578889,-0.54500761404850118,-0.053042818023119817,-0.002052708422470241,-0.093744585910141773,0.99559416380404164,19.172815428154067,16.920821999001891,-3.4968079368406424,,0.2154961653822509,0.90625,True,3
-0.32594352347479116,0.92382177793538478,0.20078381936088202,-0.94504749780781339,-0.31268249333918641,-0.09547190815303308,-0.025417442672893358,-0.22086869622355879,0.97497229326605761,-10.263691747576583,14.45685668978588,-1.9224101021156155,,0.2325728508135896,0.1818181818181818,False,1
-0.11011274615534947,-0.91740265822626577,-0.38242325480220141,0.99351941972223645,-0.090684332774361859,-0.068523823769984393,0.028184140379274452,-0.38749027661175017,0.9214428575676471,-3.0908080019435022,-3.5335131934727131,-3.8618102460906529,,0.4239621098757799,0.2328767123287671,False,2
0.70308536177598457,-0.70426455417964473,-0.098399246859311687,0.71070797117141415,0.70055840196617136,0.064125698031421874,0.023772962998876365,-0.11501896869973627,0.99307878996054677,3.6168332000733696,-1.8296640653691458,-4.2198813162100572,,0.240310513710208,0.182648401826484,False,3
0.86410787510486742,-0.46820455838780745,-0.18466746244704221,0.50318955461286441,0.81156940168050407,0.29690971419685197,0.010855980391415769,-0.34948476041285009,0.93687915438914238,-7.7885887861900223,-0.7462759778408381,-3.1762788392912924,,0.4035400696613601,0.1176470588235294,False,4
0.21110087759345886,0.96619489845620188,0.14799945160872333,-0.97671813104706584,0.21442275317336887,-0.0066764815195126323,-0.038185232265881386,-0.14314433666325707,0.98896490681825422,-9.3828339267866134,9.8434916348762833,-2.3627601623839465,,0.185437814773742,0.1785714285714286,False,3
-0.97678989678297234,0.21339394886909616,0.018561253426582238,-0.21059576725387102,-0.94091431435923145,-0.26519742805814062,-0.039126977361734087,-0.26295108978658532,0.96401545839399461,6.4072300318335875,0.36640176525652851,-4.1632223619183666,,0.3197073858968874,0.2482758620689655,False,8
-0.77125669775088079,0.62938980997078331,0.095034589909933298,-0.63645133171987389,-0.76026510924446322,-0.13010252118043295,-0.009633718202594295,-0.16082733216231374,0.98693554029791997,-14.910850704858522,-12.711480357457189,-3.8233037581666149,,0.1342926021715733,0.1176470588235294,False,2
-0.9454733272667728,0.32213878482881136,0.048029061370320848,-0.32559655349231875,-0.93854914441205228,-0.11450933532829284,0.0081897363218174507,-0.12390361912559522,0.99226046045711103,-8.3540467541933019,-1.526624750828534,-3.1780358475220494,,0.2886584035098013,0.3431372549019608,False,3
-0.43540426556837519,0.89425457431893518,0.10359479636798793,-0.89976708378009951,-0.42857702863720404,-0.082103139223548172,-0.029022757806933835,-0.12895924485730478,0.99122509688522042,-8.5367250971206179,10.708653798013181,-2.3186266246633349,,0.1430755872731868,0.5223880597014925,False,4
0.27313230006360872,-0.96011654233379429,-0.059791067886108364,0.96197280237562299,0.27243132142714832,0.019735820100699498,-0.0026597277214525776,-0.062907871069176474,0.99801579426679954,-4.392539879399596,19.157130719299616,-1.9646512645605159,,0.1608014420348913,0.2258064516129032,False,3
-0.99953387104974323,-0.028765983858975438,0.010225399598095392,0.027970503574330379,-0.99709198643406149,-0.070888796849543245,0.012234849983303139,-0.070569743953075317,0.9974318120474619,9.5114440577448978,-14.845847384338994,-5.9624323367395036,,0.206557189747946,0.65625,True,1
-0.71094602810526075,0.70140864972429096,0.050809951912012381,-0.70313067776388916,-0.70765946205753916,-0.069464636670237917,-0.012766953773235916,-0.085111643459524558,0.99628962307100777,-10.126919077541865,10.507552451567296,-2.2621392866410321,,0.1882902985729552,0.875,False,4
-0.24859389405469348,-0.96192408302631249,-0.11359196420835055,0.96754420379827566,-0.24111314768888689,-0.07564828952406899,0.045379395490510295,-0.12871094943921599,0.9906433273178451,8.5259502900006172,8.0932346235146753,-3.5750209011735596,,0.1594582102697701,0.3235294117647059,False,2
0.40483858690921132,0.91286483901000959,0.052758925771699744,-0.91396964341020159,0.40572467624589137,-0.0068540506123416153,-0.027662419886605571,-0.045445272409761088,0.99858375599727278,10.628563229770469,27.745741533606502,-2.3608037056100466,,0.221628998977134,0.7241379310344828,True,4
-0.48804331458743139,0.85404701821596174,0.18004836506599445,-0.87265816355125381,-0.47349337302781241,-0.11946445197671948,-0.016776551310280576,-0.21542450272698574,0.97637637771044217,-7.5078686793515814,-12.293662919734263,-4.3168315899402137,,0.283006559361898,0.4814814814814815,False,3
-0.34110915939179876,0.92992826696817155,0.13739708756954905,-0.93959065106147277,-0.33285427806180973,-0.079858863088762888,-0.028529805763424222,-0.15633760862161541,0.98729154879071901,6.6467984488814116,22.240825126391226,-2.4589032030398781,,0.2703274768516115,0.2631578947368421,False,2
0.49540239970196526,-0.85149511938535649,-0.17185029540985564,0.86825649181419318,0.49143968718163189,0.067953648064927166,0.026591855746574768,-0.18287453492966146,0.98277656549299941,-12.173042732506655,-14.438124065895838,-4.1374379687490341,,0.1659692000081052,0.1875,False,3
-0.55421994986711931,0.83018238952201751,0.060311253483925124,-0.83224516334768994,-0.55142396747374878,-0.057442111554925047,-0.014430358750437021,-0.08202931319366516,0.99652544198495552,-17.961323691500652,1.2631685772213128,-2.3829606031009667,0.2703295187962843,0.1815542123735735,0.5555555555555556,True,3
0.00080773836007927197,-0.99856996749364801,-0.053454350416756453,0.99952536850260121,0.0024523749776429126,-0.030708688944816428,0.030795864632806074,-0.053404174712327154,0.99809799561206125,-2.8075499027035451,4.2751827819275103,-3.1442427243669417,,0.1223901739104267,0.2916666666666667,False,1
-0.73839833417526335,-0.66721187110500035,-0.097960293710056809,0.67373381523012843,-0.72360007648776015,-0.14995224413913424,0.029165841367105035,-0.17672364970051971,0.98382829057405996,-5.9712604757686458,5.3668414692805859,-2.8521307169587917,,0.1245001673779605,0.3793103448275862,False,1
-0.52687453500419756,0.84864500632836526,0.046956124180339169,-0.84968727935366672,-0.52455625778829651,-0.053593467136414108,-0.020850699476859923,-0.068135054480546242,0.99745820096997484,-6.6711309110743722,12.530493585164667,-2.2848972658373077,,0.2788197192212278,0.9625,True,3
-0.85759065107812404,0.51195565000076215,0.049393194022013996,-0.51408719672966208,-0.85025155324207413,-0.11307807200371706,-0.015894317916691394,-0.12236710604462821,0.99235762808386041,-10.238156106093387,-17.13734347440505,-4.4570829876093718,,0.2603293900263242,0.9782608695652174,True,2
0.4629653893540614,0.86884170401870287,0.17543415180094879,-0.88577786974332573,0.46077245054678478,0.055554606380439513,-0.032567065161250457,-0.1811155492358035,0.98292245070086537,-11.339367533647561,-14.057597831690583,-4.2014960116860749,,0.1088481582282423,0.3333333333333333,False,1
0.56829691132546312,0.79389894848317599,0.21624772871696851,-0.82240397763884965,0.55643197758343133,0.11847004636781133,-0.026273906099749608,-0.24516915368761324,0.96912422729924674,15.269774932709385,5.1625913693082728,-4.2618096928988445,,0.210198383753797,0.3076923076923077,False,2
-0.94292267038291222,-0.31268658619480211,-0.11455975074954851,0.3323507614590025,-0.86195020612270412,-0.38286396216234447,0.020971624533620368,-0.39908512998966622,0.91667401511418023,6.4771165735501821,-10.475905977707376,-5.2741738640097813,,0.2970227461537758,0.3421052631578947,False,1
-0.59962876930282372,0.79983115377408021,0.0267481677279779,-0.80007951606883654,-0.59839998921322635,-0.042311001839549008,-0.017835554138768174,-0.046771555052546925,0.99874637153109547,20.478778531529152,3.4328724916437645,-4.8325641595162576,0.2800955490895105,0.301882341975921,0.9615384615384616,True,1
0.69914438336315199,-0.71416407305842955,-0.034158570876896263,0.71484193367602511,0.699151261417716,0.013730386605547561,0.014076259093923718,-0.034017501533923328,0.99932210448849279,1.1269837027262641,-2.0906541924069475,-4.0290634517790727,,0.1136415744090901,0.202020202020202,False,1
0.71966565127129078,-0.67801797995189039,-0.1495759647878902,0.69419517453148927,0.70673818553159107,0.13643385492138926,0.01320643924248106,-0.20202167203909963,0.9792920064970726,-10.473009966727382,12.345055814042752,-2.0901722523032329,,0.3370676643224274,0.3571428571428572,False,1
-0.79144337046650792,-0.61124214990954162,0.00065231784824397454,0.61060889424456133,-0.79067110247679429,-0.044676458874495645,0.027823903645028292,-0.034960576112126912,0.99900129554663752,-20.375443312157838,-19.063395552143824,-3.9317223192167208,,0.2138780123501023,0.8780487804878049,False,1
-0.41940173645074091,-0.90296877576466528,-0.093539154668855956,0.90721045169680004,-0.41318290427436949,-0.079051147667092828,0.032731938442299262,-0.11801388735847239,0.99247233845399985,5.7878180380909718,-16.983783628461687,-5.7021797497287405,,0.1875006706043792,0.2916666666666667,False,1
-0.38214240771525415,-0.84585670741520014,-0.37214729711003625,0.92352078466300136,-0.33526621812594543,-0.18629525833729843,0.032810676936376924,-0.41487708240422616,0.90928568996478454,4.359653033852827,16.683003390900879,-2.6798031859300631,,0.3491463098702933,0.2131147540983606,False,1
-0.64332747354385933,0.76542085805972226,0.016145334644817978,-0.76541821626364337,-0.64259097392829034,-0.034810837934087291,-0.016270095127475275,-0.034752701664897308,0.99926349564643502,15.765384437946723,10.768444697793312,-3.9203117618798591,0.258019793177781,0.2732966980545444,1.0,True,1
-0.33139819640389284,-0.93783712899498917,-0.10313464451232315,0.94291958818743948,-0.32540902000126365,-0.070792795638021266,0.032831168615757057,-0.12070828132424735,0.99214496178082268,-11.657476054511019,-21.619415618728006,-4.7608034881291399,,0.1657078132800461,0.25,False,1
