axis_00,axis_01,axis_02,axis_10,axis_11,axis_12,axis_20,axis_21,axis_22,location_x,location_y,location_z,dbh,dbh_approximation,score,reconstructed,number_clusters
0.036039218680383997,0.96582191316702914,0.25668892995859066,-0.98467706180673287,0.078172720485892022,-0.15588492461907033,-0.17062314810296431,-0.24713773046261753,0.95383996745429989,15.677151809860703,-7.8319119428967126,-4.7215227900028856,,0.3377998086572307,0.25,False,3
-0.57557519896509779,0.81255863858370359,0.091987223021923872,-0.81408644378621675,-0.55872629807373619,-0.15839250577072328,-0.077307518261797686,-0.16605234928725215,0.98308197263320096,-1.664775056826316,6.3118924514364778,-0.68970090646636428,0.2418694814913163,0.2262247162100176,0.9583333333333334,True,5
-0.89011170875055778,0.4425958054547961,0.10867427910496202,-0.455680707186565,-0.8603941982766723,-0.22820367365534378,-0.0074992695054211522,-0.25264753425605185,0.96752931965456368,-2.2391116756187031,13.555532435764013,0.77453726910825615,0.316507148507254,0.2952484066191221,0.9210526315789473,True,6
0.67720150850192429,0.71627084249875983,0.1683870454305674,-0.71941111504557942,0.69257682334025605,-0.052773016976452897,-0.15442073834687894,-0.085401545407783497,0.98430727499616089,-15.181522684669499,-19.496083135509771,-4.9473910088214339,,0.2304038530375896,0.2666666666666667,False,1
-0.85065892927702402,-0.52232355328560909,0.059644712459375762,0.50770445830218125,-0.84565168678245684,-0.16464934759079208,0.13643888397870566,-0.1097785512979671,0.98454715509901503,12.153135404032314,-8.3939551053166763,-4.5400366505284895,0.2762118230243574,0.2485961114896821,0.9829059829059829,True,5
-0.27341404532740987,0.94964814535904074,0.15301359362434336,-0.95555473507086064,-0.2499165131381737,-0.15638697114694347,-0.11027197332667538,-0.1889712583357365,0.97577146680032079,0.25409164422684727,-19.855478323143423,-6.0291342132641565,0.3456058723759132,0.2622968207856048,0.1428571428571428,True,4
-0.32696155789583825,-0.93611714402386204,-0.12954085194614579,0.93208228732180043,-0.29681602132825691,-0.20766044193303584,0.1559446995549589,-0.18863971519134193,0.96958563754484428,11.347058568217459,-10.158530644443283,-4.7971447424675064,,0.2156627642354736,0.2307692307692308,False,8
-0.67216940869980024,-0.72529687582007563,-0.14877072270375929,0.71883555333921123,-0.59114622247616966,-0.36581633493826521,0.17738019411329711,-0.3528322343236131,0.91871958788225283,18.872296318238082,-20.52630799269923,-7.7873171965894947,,0.3560896099983795,0.3555555555555556,False,2
-0.98226582953096331,0.1575006782911284,0.10172205500127843,-0.17758129557462238,-0.95558091728576011,-0.23522328537231108,0.060155827630307544,-0.24911572984687166,0.96660365690647632,3.0096266627441306,7.9280015892106448,-0.65265728259454214,,0.3163454552121551,0.5918367346938775,False,6
0.61625910916054127,0.77268206342447021,0.1522732387478444,-0.7693941933750742,0.63196649024168838,-0.093010377981811165,-0.16809903502808576,-0.059839653021251743,0.98395219921951549,12.448779863209619,20.844155977889368,1.0364745097411969,,0.1971938362397062,0.3809523809523809,False,3
-0.90079192891877391,-0.42954735197206251,0.063741455965355034,0.41545928814620731,-0.89518936286328854,-0.16133686655400778,0.12636249715734868,-0.1188489673081263,0.98483878999659158,7.9096746381702188,11.100825844802827,-0.36687948206560655,0.1692359641949423,0.1781325359072468,0.8169014084507042,True,5
-0.89079817116237658,-0.44875488996248192,-0.071397948069449879,0.43592425129588114,-0.79961683963354124,-0.4130168966357135,0.12825235041079197,-0.39903879323849062,0.90792035779845726,-17.764569993726202,-19.557308649656559,-4.8348713154563141,,0.311166936116538,0.28125,False,2
-0.89472690486173634,-0.44254690041214939,0.060133240825160222,0.42787706045525259,-0.88797529577617029,-0.16858557241767594,0.12800385483535179,-0.12510841309369397,0.98385105484543145,9.794307697592366,-4.1648624292702001,-3.4824863721337311,0.275579183937442,0.2468120170614608,0.9826589595375722,True,5
-0.99575335778363183,-0.058432497079048185,0.07113995886791924,0.04488688568014277,-0.98282775966146563,-0.17898257550041644,0.080376725216694506,-0.17502924933830785,0.9812768946222612,17.097035384245601,-9.4733392381642361,-5.1925385674218099,0.3125975744387388,0.2946771546980128,0.8735632183908046,True,5
-0.98242779306589711,-0.17542894630030678,0.063720610571731146,0.1602030242121924,-0.96775895597554606,-0.19436459081424329,0.095763366925655902,-0.18074094148555453,0.97885754307048012,2.0631191975354524,-12.59656879444011,-4.6453742967931637,0.2850555696533521,0.2530632906617401,0.9722222222222222,True,5
-0.87862685432500265,0.47042743841929863,0.081932142906230132,-0.47747933307074275,-0.86363002276602086,-0.16173023918698803,-0.0053232836922988483,-0.18122143625801718,0.9834279097581643,6.4538698934545948,6.8029796761477854,-1.0649979549219677,0.2449794850889603,0.2040757019845646,0.9230769230769231,True,5
-0.93957590487373666,0.3324030020388728,0.081886282222636664,-0.34182421097382454,-0.92405872902666686,-0.17108966684678611,0.01879701499766627,-0.1887424423524478,0.98184671037897342,2.718689115162725,13.377440807032954,0.40193013841931141,0.1482111362962661,0.155761054361916,0.6935483870967742,True,5
-0.90342708141732397,0.38690711133411232,0.18472248309523431,-0.42858377332640779,-0.82667015692486778,-0.36459895898248751,0.011638634072549753,-0.40855763222452229,0.91265831686782872,-9.039572163973963,-19.949042439936239,-5.4153267973444494,,0.3626901374452991,0.1428571428571428,False,2
-0.92412763229440642,-0.37841764920747795,0.052803427902176743,0.36240032275675044,-0.91189420559347378,-0.19265244319979488,0.12105422460921135,-0.15889946687554743,0.97984531132772645,9.2302417777131165,-17.571788909005434,-6.421352089856355,0.2529886021479449,0.2522985228301061,0.7209302325581395,True,5
-0.93587946111056208,-0.34795533544367047,0.055287600849439435,0.33244891852096331,-0.92410977499240166,-0.18841135936491435,0.11665055013006193,-0.15795001835952968,0.98053273318873879,-1.8140474522205126,-14.904128488983373,-4.8531283395526872,0.2832897205352781,0.2657896279812996,0.7647058823529411,True,5
-0.95218901711210313,-0.29833781969364292,0.065807454224654505,0.28442512872746828,-0.94429869976109371,-0.16553643640561624,0.11152767297603587,-0.13890468303822961,0.98400562355638976,7.1644361723116088,-10.532419843620453,-4.6412996709822805,0.2958747972396336,0.256111087791005,0.9797297297297297,True,5
-0.97899593662712292,-0.19251294864755145,0.067124665143344586,0.17878830917800628,-0.96888385520967579,-0.17116896802663886,0.097988247095509018,-0.15557261878961906,0.98295242189746301,13.711891615705033,5.475129952679505,-1.979472530153038,0.2380403499305578,0.2304144698381427,0.9583333333333334,True,5
0.86274014784715169,-0.50508789564083989,0.023783502050429506,0.50552924163967716,0.86260104119848202,-0.018963901774359609,-0.010937236391695845,0.028384175175659193,0.99953725066137966,2.8770874505311199,-14.07560270795099,-5.0742136097349091,,0.2914288149332135,0.1153846153846154,False,2
-0.99453228611969846,-0.068094005951896477,0.079175363712138916,0.050518609515981111,-0.97726476346794933,-0.20591612898582135,0.091396947203384274,-0.2007904092265283,0.97536137385306865,24.788865339723163,-1.1519470363699233,-4.1672116778081785,0.2711131942725143,0.2382822531829573,0.5714285714285714,True,5
-0.99431261049321662,-0.079552403775376479,0.070808528213238728,0.064861355868445478,-0.97966941413882824,-0.18984426121374526,0.084471516673210151,-0.18417180580763537,0.97925752936420307,4.0472321168172085,-17.218511260800661,-5.7716384589649889,0.2084370762036939,0.1892283727550808,0.9285714285714286,True,3
-0.99543771215689314,0.039495413098868316,0.08685547512965941,-0.056142766914856645,-0.97849185386061988,-0.19849856838665189,0.077147591919600661,-0.2024692674767111,0.97624507414298878,31.705836218150868,3.0060106684175794,-4.0498420663652741,0.2888313970792012,0.3337322773829619,0.95,True,3
-0.84293688514401088,0.52864919594116688,0.099937156725967813,-0.53775701995909175,-0.82215033470164745,-0.18677851759419822,-0.01657694629387052,-0.21118440941681044,0.97730565846660444,10.969609550157301,3.5104033253877494,-2.2326050170130767,0.3651979522205974,0.3386723820510179,0.9285714285714286,True,5
-0.61093621623415206,-0.79127461924384945,0.025326204492549076,0.7738147224559706,-0.60360186107714286,-0.19203012423731536,0.16723550760495376,-0.097720367604254552,0.98106218699499514,-19.625016628265435,-17.763330310115187,-4.2786363038944728,0.1657545454264805,0.1269657753198758,0.391304347826087,True,3
-0.97960685818247084,-0.19113020131344968,0.061964905775350562,0.17650713342824093,-0.96596451969141695,-0.18909727270977497,0.095998100245854034,-0.17430373731853846,0.98000131219604825,12.73662797942845,11.872723907748917,-0.6350852563965379,0.2452632406408063,0.2289344406515684,0.8902439024390244,True,5
-0.94678859790911074,-0.32053256487298976,0.029158630373231336,0.3035335128892454,-0.91934909208976534,-0.25032909025288763,0.1070455857212915,-0.22815810686816873,0.96772161329998141,13.32740866982296,16.315595431272346,0.13213569716528492,,0.2800289928039332,0.35,False,4
-0.63512637642211511,-0.7715087634431036,-0.037265451874455985,0.75713573849879001,-0.61229670988266838,-0.22768006622177542,0.15283965277638553,-0.1728206208684408,0.97302264801074456,-8.7793568893718064,-20.256487887003946,-5.4711277764928523,0.4029399286937533,0.2047771544932554,0.3333333333333333,True,6
-0.86882424877927988,-0.49237001708262745,0.052117089434958366,0.47686718131607353,-0.86046276843447345,-0.17944780723581832,0.13319953497209133,-0.13105567677950269,0.98238602059836122,5.061904899561708,1.4658655577143198,-2.0734197479928262,0.2623058258176215,0.2362721193398716,0.9697732997481109,True,5
0.38401179964276744,0.91763258139406856,0.10239816062401227,-0.90944713889100848,0.3950632932417143,-0.12973394272883926,-0.15950184731871142,-0.04330634938515663,0.98624729191255522,6.5054377179502429,20.392013683948313,1.4172200439037046,0.231185891483109,0.2875743171374328,0.9836065573770492,True,4
0.99714681926731175,-0.026742345956669206,0.070590847549935568,0.032901784676504585,0.99561333237730321,-0.087587470323465297,-0.067938894531669874,0.089660132306933343,0.99365253850856705,-13.416266889993526,-19.046930886661475,-5.0384944330882844,,0.0837753197590011,0.2222222222222222,False,1
-0.93468005250295072,-0.35016416918583587,0.061304600736620203,0.33544351674982609,-0.92585069727141978,-0.17400613044527183,0.11768961943855652,-0.14207582827638601,0.98283447868702112,1.4483208973650064,-6.4713861025768233,-3.4888539872258129,0.2164908351698932,0.1884768405908722,0.8826530612244898,True,5
-0.98683159170493584,-0.1477290891367741,0.065875077502206225,0.13340809680689023,-0.97364747529182438,-0.18496722294563192,0.09146414226059324,-0.17374323031610397,0.98053434442647591,-5.6397348433418975,21.727891058276754,2.4285417144129866,,0.2126571634371023,0.7931034482758621,False,1
-0.41158493348049441,-0.88552639080200746,-0.21550140074957314,0.89768135382589476,-0.35307504403552192,-0.2636402857543283,0.15737226415466798,-0.30196195865122721,0.94024089785668696,4.5786361582253772,3.2928233363939126,-1.6605705727429763,,0.2917103742161499,0.3375,False,4
-0.99689568127682826,-0.03278122715956204,0.071584857319973758,0.020139953096237742,-0.98512530736774029,-0.17065318946007435,0.076114275539409471,-0.16868171190003939,0.98272737680883937,16.276743572136269,-4.2144287043161039,-4.0600685256452156,0.3945872912393351,0.3307159445759136,1.0,True,5
-0.74111246092535155,-0.6704201910983888,0.035903866487729662,0.65585368081650808,-0.73437124335982018,-0.17479938868768749,0.14355580664190004,-0.10599832212705722,0.98394922942479179,8.0651978391989392,16.09939598907048,0.53869188744052898,0.2912036010690798,0.2276284254804771,0.25,True,5
-0.61390567218606551,-0.78863592433848717,0.03425207293807743,0.77352538028466922,-0.60966200223114597,-0.17312056229971287,0.15741128203922825,-0.079784847422870286,0.98430486456609401,17.400672617596832,-16.228700848017983,-6.747900648532231,0.3580433976538792,0.3010450389753146,1.0,True,5
-0.96995467057371154,0.22603258131373927,0.089984494313691599,-0.24006524558935255,-0.94922171338418304,-0.20333916666525395,0.039453959146919626,-0.21883192414417954,0.97496460145124719,29.048813866047347,-3.7490747316920023,-5.1176734875148124,0.3175311363414078,0.2724720514421522,0.8333333333333334,True,5
-0.89745951137722835,-0.43692899370411542,0.060493635196248438,0.42235131887886646,-0.8907558023805886,-0.16784952775208237,0.12722338181258119,-0.12508858855236976,0.98395480390826262,2.5793782225162856,3.9889065170413645,-1.411563272296513,0.1638979320134757,0.1334247702849583,0.9047619047619048,True,5
0.83021434175610043,0.51563012039312228,0.21182475229741021,-0.53974456416403149,0.83855061485543714,0.074220426979019288,-0.13935548858177338,-0.1759501215371628,0.97448530134281297,-12.341629592430797,-21.53136784307301,-5.6659291627148196,,0.2898247306155928,0.1904761904761905,False,1
-0.97104499862364346,0.20504157864354311,0.12259511277115474,-0.23146235409150312,-0.93452271514476026,-0.27035619748192308,0.05913365612261863,-0.29090418681385216,0.95492301512097988,-3.8021385179150302,-21.833601620468073,-6.2428514826483363,,0.3219064794456664,0.2173913043478261,False,4
-0.48312711957135479,-0.87458652916187773,-0.041068106156288128,0.86064270156248091,-0.46575971970143559,-0.20582036767743195,0.16087985138580532,-0.13478236721551756,0.97772766499974906,26.069326158327833,7.9689142899242782,-2.5820336991801702,,0.1776869508226406,0.5294117647058824,False,1
-0.99636639449316089,0.033717601850387829,0.078212091457505822,-0.052495523237272898,-0.96624998599713308,-0.25220068318817973,0.067068830053486683,-0.25539007006146186,0.9645090378784732,13.962871453878378,-23.189604501530063,-8.0200352167491111,0.3617021233123289,0.3000746877101099,0.3928571428571428,True,2
-0.55853062622464311,0.81829637153774526,0.13577403248511588,-0.82545002157143299,-0.53219472332063666,-0.18815163660567125,-0.081705577880765809,-0.21716312946223626,0.97270980962738252,25.468591575637433,2.9144820530237867,-3.4648426531495522,,0.2066944500344811,0.7142857142857143,False,2
0.63166847881897492,0.75548674348715916,0.17388131953055919,-0.75919382877947506,0.64823082495067996,-0.058493828109647844,-0.15690654291546269,-0.095060917305312784,0.98302785250031932,-18.168604283409508,-18.252055372690105,-4.4581589274401665,,0.4801714554993688,0.3392857142857143,False,1
-0.38371621799997851,0.89809534473722596,0.21491071589177815,-0.91735612926580057,-0.34402292901638759,-0.20026471583744862,-0.10592259505063781,-0.27399448182820996,0.95588044638721936,-26.092335327783626,-10.950380102619304,-2.6056656941912064,,0.2320824941491354,0.5151515151515151,False,1
-0.35938578143498523,-0.92890605707298479,-0.089305079561497108,0.91929797856568152,-0.33596055299688249,-0.20499203261366208,0.1604153568316225,-0.15576920094533861,0.97468090641472704,2.0549281141310591,-21.593312641260248,-6.5719658444756401,,0.1625474112598061,0.2142857142857143,False,1
-0.96749541145439522,-0.24751760971501577,0.051842662891246449,0.22815083790142057,-0.94274618873988059,-0.24326285943667875,0.10908631435505564,-0.22352775330458347,0.9685739618237913,17.278455233327406,22.942333698759157,0.98041879750141281,,0.3613680452230774,0.7534246575342466,False,2
0.19072487984154096,-0.98113120656313024,0.031710813887490211,0.97341745409490066,0.18485465013709765,-0.13523024212835794,0.12681671921648538,0.056659631402511464,0.99030662216128795,22.074208078230654,-5.2622368552971057,-4.7492642839800192,0.2701862969255862,0.2450619909201233,0.9591836734693877,True,2
-0.12161910420082879,-0.99229440809729652,0.023677017384473038,0.98086055399509775,-0.12380363537774725,-0.15028384305601433,0.1520571179189546,0.0049464660203553668,0.98835933008399912,1.2385477827379334,25.031133852653696,2.5031832034242556,,0.09674976681693168,0.2142857142857143,False,1
0.033224186639064374,-0.97259394405678057,-0.23012425644909512,0.9893096885761975,0.064716060109214602,-0.13068347888393481,0.14199469536373513,-0.22332230418840124,0.96434675036552253,12.604942949214605,15.37989972035961,0.026541912260387667,,0.2239524899991198,0.3529411764705883,False,1
-0.67094834564339589,0.73527277349985698,0.095928442227618343,-0.73911707803018023,-0.65279604705744199,-0.16602188382953043,-0.059449663098442442,-0.18229445821528778,0.98144509172010019,17.514920038891056,6.1222807307469509,-2.1611014678139964,0.3102143411530129,0.2814297550189094,0.9836065573770492,True,2
0.55681721430501563,-0.81231015898540515,-0.17351309882169585,0.82710157935185924,0.56146401403513468,0.025712611248454253,0.07653474562094259,-0.15783018264153187,0.98449584364794462,8.59313509337127,-22.12071020513859,-7.2357958094489057,,0.3088088178753513,0.1785714285714286,False,2
-0.96622049324458492,-0.24899613374276375,0.066474685522740357,0.23542280743493788,-0.95771201338905254,-0.16542007480877383,0.10485256398221118,-0.14418260918517145,0.9839803428092011,7.9517649351440607,30.49773589190664,2.9600688589763759,,0.2056231655461356,0.7058823529411765,False,1
-0.47508647929767872,-0.87993355637265214,0.0031262690083457417,0.8650954250249977,-0.4677191232872977,-0.18124217862346459,0.16094329060061643,-0.083401187525945469,0.9834335255267167,20.000437259395397,13.97796903774171,-0.85308248091603867,,0.1251355276077372,0.391304347826087,False,1
