axis_00,axis_01,axis_02,axis_10,axis_11,axis_12,axis_20,axis_21,axis_22,location_x,location_y,location_z,dbh,dbh_approximation,score,reconstructed,number_clusters
0.077688481147891675,0.99668729689425739,0.024061008011961656,-0.99014644518092698,0.079954054699611213,-0.11496680491631056,-0.11650972917532318,-0.014892325094139529,0.99307789304806471,-3.0427352084111652,-6.3293026205414806,-2.2202949570097696,0.2927108864890073,0.252206791144871,0.9896103896103896,True,5
0.14616013340772596,0.98782989917223685,0.053191218294023332,-0.98250612756477085,0.15122481740948776,-0.10868653963183945,-0.11540764576020125,-0.036375058774299557,0.99265196841554315,3.8301208403851712,-0.84184991243797991,-2.1056449817443621,0.2899437611091884,0.2599507661034201,0.9219457013574661,True,5
0.53664939754767049,0.8375565057060459,0.10250133589958993,-0.84208806691171456,0.53933716699979106,0.0017629116628066349,-0.053806241985610063,-0.087261217285328985,0.99473130456484005,-1.9183297809729369,26.061976878784989,0.83361839541857163,,0.3075048381036401,0.1935483870967742,False,3
-0.23101614999720702,0.97122510062107892,0.05790805094322294,-0.96650544836187724,-0.22224017644750413,-0.12836090627363478,-0.11179783865207089,-0.085621889118129568,0.99003542127368782,-9.4211505264756639,16.158900035276783,0.18521950185152244,0.3500151448165379,0.2621584270463633,0.7659574468085106,True,5
0.99829171575337261,0.058211930340086517,-0.0050021419681292346,-0.056137524734060459,0.97938951599998736,0.19402256122947165,0.016193473219824478,-0.19341030767617401,0.9809843139977763,-8.236888768750239,-9.1169995352671727,-2.2986261215683497,,0.1934540073035416,0.1363636363636364,False,3
0.43381141929276329,0.8995577357517125,0.051024822787061302,-0.89486686995764553,0.43676362234736793,-0.091928359314263602,-0.10498065318621821,-0.0057808514302253068,0.99445746224428189,15.63575360128687,17.227211846345696,-0.72578127369978218,0.1818021548136385,0.1567011738269429,0.6896551724137931,True,5
-0.99256220363975944,0.12157705700841646,0.0062682625148794413,-0.1212986691052602,-0.98329089766365674,-0.13574108974474716,-0.010339476731234455,-0.13549180706216596,0.99072451541281237,-0.34665152016834538,-22.155444238866842,-4.0966642694510682,0.3311700287757581,0.3205892380636013,0.9818181818181818,True,1
-0.94959628766178916,-0.29896076770930274,-0.094283348633866532,0.31091682144559279,-0.85988556404199556,-0.40487966964809513,0.039970246448082988,-0.4137865103200507,0.90949607106135244,-17.236768629649958,3.4533022573718166,-0.70575418419981928,,0.3357978951805201,0.1153846153846154,False,5
0.96704618508455464,0.25430528653631257,0.01226772811455455,-0.25242152237879445,0.9639454516572985,-0.084217226677076026,-0.033242306679600667,0.078345309169662578,0.99637189923127045,-7.3486961918980152,-11.580944227024755,-2.6523112357336913,0.1798985310220295,0.2063834180207472,0.944954128440367,True,5
0.43097316363642746,0.89961849563895269,0.070346958210834698,-0.89519622137035015,0.43605528234280966,-0.092084287395732614,-0.1135158908235173,-0.023288474515092288,0.99326320252252565,-22.466778275393448,3.6038643056546933,-0.58124281022920876,,0.0869306374139857,0.4210526315789473,False,3
-0.45552447569984794,0.88916645379070203,0.043364380448069326,-0.8841035737714541,-0.44615414327862857,-0.13895089521070045,-0.10420327673792512,-0.10163413741740195,0.98934937167236292,-17.798118638984672,7.0594311128810388,-0.33618069613086521,,0.08966061000943373,0.2962962962962963,False,2
-0.46150775516785703,0.88596992563430532,0.045473979279022136,-0.88135730477558016,-0.45205745705824252,-0.13730752651169728,-0.10109348761740487,-0.10344731214284397,0.98948408798311194,11.177097960189608,-9.6839014794231613,-3.5436835257476282,0.2567886025460765,0.245590348606363,0.9379310344827586,True,5
0.66674239023864057,0.74452536907694755,0.033712903459927432,-0.73996459614273247,0.66669918530391792,-0.089244567175902539,-0.088921209585714561,0.03455678104115005,0.99543902242673143,12.172596038863215,12.030139274406602,-1.0870448152108343,0.2105172774839691,0.2198811339535907,0.8775510204081632,True,5
0.51763646982971256,0.85463717153236873,0.040592981380846396,-0.84966258776899883,0.51904499839550022,-0.093090153003976744,-0.10062788901652411,0.013696520571577577,0.9948298514199857,11.969239798256782,2.3268631203124417,-2.1891084443893578,0.2928047298405144,0.2752106853205381,0.9642857142857143,True,5
0.30428042053352372,0.95221642593272671,0.026406511769738378,-0.94550534007812692,0.30527654178796138,-0.11325142346888253,-0.11590115428108194,0.0094926928680081971,0.99321539014376237,-23.599620158738599,6.3998478007207682,-0.28533002176649258,0.1864974966955574,0.2721122171878002,0.9482758620689655,True,5
-0.91092494643778976,-0.40615656881254492,-0.072474709849228588,0.41210996725146221,-0.88744328235714431,-0.20642140269646456,0.019522214252187562,-0.2179019554974152,0.97577539472006247,-8.9958950227911334,-10.187291521460944,-2.411133450342632,,0.3512707994209334,0.303030303030303,False,2
0.41110860571646485,0.91058786794178281,0.04265500044665884,-0.90526049623541138,0.41331149801719363,-0.098371944996539284,-0.10720610179221758,0.0018276662778799295,0.99423513887535453,8.3170187034840044,6.1183263574577644,-1.5339460627344266,0.2953389211045513,0.2747358760186448,0.949438202247191,True,5
-0.68219344786594904,-0.73110094924125701,-0.010173578883695057,0.72598248276239752,-0.67563145693447624,-0.12834161103377034,0.086957083730512932,-0.094939646192362323,0.99167783537293763,-9.9829910956495169,-15.942927346045472,-3.0404520708595366,0.2432891746653677,0.2555279707978055,0.7560975609756098,True,4
0.35800948298323604,0.93247918647860129,0.048080940904714216,-0.92764362926431654,0.36107272345559716,-0.095413759289141489,-0.10633206091957648,-0.010442947886699736,0.99427583580213397,8.6852868277852533,13.013780678069459,-0.88529916909607898,0.2521301794621384,0.2085560263476767,0.5454545454545454,True,5
0.49508532137169692,0.86576305072848614,0.073108580587982974,-0.86285835222335594,0.49979096451783361,-0.075395329992845969,-0.10181349891188496,-0.025755228200102131,0.99447004965442887,12.692228753493202,-10.202142648413444,-3.7271823037296912,,0.08036212902501944,0.3636363636363636,False,2
0.65165019998602192,0.75781782939665654,0.032621378062832163,-0.75315268703414329,0.65154771308320614,-0.090810834096457904,-0.090072453455138549,0.034608019657075537,0.99533373202358011,-6.3389879113584948,-8.2848115326890781,-2.3007831694706158,0.2553213333757732,0.225761011983951,0.9707792207792207,True,5
0.62165177504432079,0.78318212505937157,0.013222313403135883,-0.77808685055817473,0.61937453650625718,-0.10467108729787107,-0.09016608881782949,0.054780859021601493,0.99441899313727378,5.5825484407085932,-20.225521264245721,-4.2346244315963544,0.2596733269430312,0.2835016580006312,1.0,True,5
0.62405055904110418,0.78021532920516534,0.042719314528217471,-0.77564293358391823,0.62515415562271126,-0.086950108044719934,-0.094545964175204666,0.021126329092631152,0.99529630707505967,0.84495707200942693,5.6376371508629601,-1.3333027908599178,0.2897666912416725,0.2684502973751905,0.9765625,True,5
0.12554253488312431,0.99089676865449883,0.048607260827905702,-0.98528694873713563,0.13025931348459088,-0.11064420409035475,-0.11596853272929085,-0.034001545855968457,0.99267073810806983,-20.02351033757979,1.1867937855814716,-0.83482410590059475,0.2371437437195881,0.2170491745335196,0.935064935064935,True,5
0.20136068177180819,-0.95912625283154107,-0.19882330589173647,0.97338170718417605,0.21861719203830374,-0.068808251427468742,0.10946199320134282,-0.17967569249793913,0.97761685622219852,-4.3650940507533829,-10.102587617329297,-2.5543421429028483,,0.2633237021061374,0.3,False,4
0.68632319276004683,-0.72642365837086142,-0.03562504229820132,0.72379752626537486,0.68700040179561883,-0.064401777186511827,0.071257392962261232,0.01841511584953049,0.99728795613727805,19.545685957031218,13.822348106152921,-1.2557746769818323,,0.2139663977258989,0.3928571428571428,False,4
0.062786754232501685,0.97330681167102895,0.22075251719453673,-0.9911580831176402,0.086716245863130662,-0.10042881545637473,-0.11689087972768866,-0.21249504243201023,0.97014554535817243,-5.5074451443057919,-13.113140009296204,-2.8139897803260596,,0.251718104742212,0.3,False,4
0.99996303240985429,0.0064189069544060839,0.0057211403757081759,-0.0074750981205805268,0.97778187047340348,0.20949161482412393,-0.0042493201545165254,-0.20952663650963843,0.97779370619327555,-15.416659897024019,3.2912232878236383,-0.77840333395250938,,0.518180321860173,0.3243243243243243,False,4
0.29443394285805125,0.95344480895328065,0.065204674472809462,-0.94893629372086508,0.29976379887200016,-0.098293312820029677,-0.1132632497872597,-0.03293419447732214,0.99301902050351487,-20.702703293051741,-2.0055224208464972,-1.1450017155324732,0.1753990102758438,0.1374694589132902,0.6666666666666666,True,5
0.36023339433245877,0.9327077433381683,0.016975485994151725,-0.92624202347404183,0.35978180730319775,-0.11239557413153817,-0.11093969334025078,0.024765230680671105,0.9935185291633496,-12.091346494947347,13.29737817519595,-0.0081991751907785678,0.2391281842601367,0.2094831113791967,0.8627450980392157,True,5
-0.93648015114766148,0.34447647295729655,0.065885401154993944,-0.34462068541346802,-0.86892560818812414,-0.35525324857072116,-0.065126873804942059,-0.355393088021982,0.93244530311144569,-6.3818514787667233,-9.4352335718736029,-2.4541591523832804,,0.5666398729027657,0.1807228915662651,False,5
0.99303680822680096,0.065132622687770675,-0.098161290581055882,-0.057086495371286211,0.99494132012359493,0.082661366773968556,0.10304867564869596,-0.076482095764491928,0.99173154607208069,-12.560957657573336,-9.9114788230157114,-2.2907336247670806,,0.3137083132602227,0.2142857142857143,False,2
0.28801103555684177,0.95735110348347952,0.022989303087298619,-0.95102422476600323,0.28875700825448042,-0.11032821077197111,-0.1122611567092483,0.009912358089060009,0.99362929599092253,-0.16600506767695233,-16.180316383298862,-3.3987766538033943,0.2865501344583969,0.2716207854836099,1.0,True,5
0.49018526815736024,0.87118269063939813,0.027552176171674284,-0.86557850856296137,0.49026015104148685,-0.1020726692836891,-0.10243167671875646,0.026185947206020903,0.99439531765465738,-3.1265542141912204,-11.199395687196281,-2.6853377149732749,0.2095274462209586,0.2140700498527605,0.9655172413793104,True,5
0.8602736743550955,0.50950750326573424,0.018201904502029541,-0.50593124005237744,0.85755475018953697,-0.092916256739196776,-0.062950659652197843,0.07072449747632345,0.99550753884944276,4.5749107075977582,3.2413145851492788,-1.740818343192011,0.2523214358590409,0.2353442428617024,0.9339622641509434,True,5
-0.23837556295742618,0.96990641534193911,0.049584639388418832,-0.96477282653786589,-0.23064385743730176,-0.12655751341022003,-0.11131255166811344,-0.078006131201278903,0.99071921316594125,4.9581849176618302,-4.4214279530803795,-2.5877612032472292,0.2557954297102482,0.2227815671448784,0.9561752988047809,True,5
0.33480085857532382,0.94067180911601866,0.055180908216731675,-0.93582719687289107,0.33878064548013409,-0.09723750223597849,-0.11016280084608511,-0.019084595423038697,0.99373031327784611,14.892138263413138,4.269734017406007,-2.1184549643355868,0.2765922680812115,0.2522193936646254,0.97,True,5
0.029342485232921212,0.99898004601825763,0.034320346992947628,-0.99310951291540139,0.033032907269009808,-0.1124380824911731,-0.11345710166089497,-0.030784650310138561,0.99306585450713836,11.734639600088784,15.27893699233586,-0.76005077555317879,0.3209938614769087,0.2591986312790434,0.859375,True,5
0.5611433824535097,0.81409528714945267,0.14955590182163486,-0.82066937520591243,0.57073820608304959,-0.027562233513232601,-0.10779555152124799,-0.1072695835647291,0.98836903811991106,11.414565955872014,16.284959287207357,-0.67348855726492995,,0.2087437477730481,0.3658536585365854,False,5
0.66127877046168382,0.74928340251931858,0.035843694644347446,-0.74481701634751118,0.66151852270776523,-0.08741199158998518,-0.089207622409051085,0.031106700622358274,0.99552718359697034,26.053187215686137,0.41065021769687066,-3.1902787565835302,0.2373913128416182,0.214023924150251,0.90625,True,1
0.39582067702699503,0.91698671310806346,0.049612091481425369,-0.91098384723472514,0.39890052435509399,-0.10481794572805819,-0.11590695283420492,-0.0037067037244512338,0.99325315938696568,-16.868934830026475,11.008127482985117,-0.00062314571447844209,0.2416552730290888,0.2450535430833297,0.4444444444444444,True,5
0.24919421234210767,0.96730372340386861,0.047177867948951895,-0.96183057364873248,0.25288366044779298,-0.1045552575104462,-0.11306720183035845,-0.019322550751322685,0.9933994397535747,20.497872584367389,0.75956413394245748,-2.8434711557727126,0.2435998566773115,0.2424356707212023,0.9508196721311475,True,5
-0.036884426133607928,0.98830100335965054,0.14798873560883347,-0.98841446273091094,-0.014261752455013314,-0.15110741967645328,-0.14722903576794308,-0.15184771705632844,0.97737704180711249,-24.930537163102287,8.5542945904307661,0.025705309619641827,0.2875430619569802,0.3467188499773587,0.7906976744186046,True,3
-0.44199750215479278,0.89505385149101557,0.059302706683782291,-0.8910422667912119,-0.43047608017139927,-0.14399313591920027,-0.10335321417596065,-0.11648582459409385,0.98780016490590428,17.904257026280135,-9.6491415591803253,-3.9015447485549268,0.3528037346943028,0.3060162404862862,1.0,True,5
0.40575264616501744,0.91341717559915536,0.032153591565322,-0.90736670178269729,0.40679138155691147,-0.10586047603808522,-0.10977458096516379,0.013778069947647267,0.99386100947891187,13.918230245588886,-10.97376030523302,-3.8763672698627261,0.2254411623842648,0.2517838765518018,0.7121212121212122,True,5
0.53997462914134486,0.83920385613624893,0.064531292639434315,-0.83578576288479978,0.54367279369483668,-0.076694536670637831,-0.099446259068602577,-0.01252123165269696,0.99496415026630947,-21.971252337803485,0.43938740547953492,-0.89438808334314168,0.1774825148833153,0.1889472361962818,0.3214285714285715,True,5
0.53572223192956847,0.84314871469949637,0.045846865945098389,-0.83838399905297856,0.53759107981395404,-0.09004499451052754,-0.10056818755618561,0.0098018266181681135,0.99488188436950165,-4.5588927515170381,0.98074903532641033,-1.5301572575634679,,0.2896515165851951,0.9448818897637795,False,5
-0.73715141737002954,-0.64233638421081507,-0.20978979333688166,0.67125211650072814,-0.66041073483480939,-0.33656835473383195,0.077642668441059826,-0.38892368253157561,0.91799236663679784,-9.0071392384188282,-9.6274366562546234,-2.3293730712544676,0.7898603091861656,0.65260059422436,0.4120879120879121,True,4
0.027427870963968773,0.99734215057593845,0.067500715395811123,-0.99373607757939475,0.034522235641041482,-0.1062865154357029,-0.10833429748469967,-0.064162683320656097,0.99204174814248136,17.019393399981467,9.6759892529648059,-1.5904366999205248,0.3375461008566608,0.293921675030184,0.9104477611940298,True,5
0.87723651918452983,0.47973818189334061,0.017531863639708455,-0.47652183757261507,0.87461783462042098,-0.089278114229095193,-0.058163800816554444,0.069963706288023897,0.99585242484868952,-6.9104232681169906,-16.268908719092828,-3.1460331631816518,0.2996763164159175,0.2911084342680884,0.8421052631578947,True,4
0.17456740908276863,0.96812467998957896,0.17961298305302423,-0.98212041810424522,0.18425312615012893,-0.038604013348984945,-0.070467751694469297,-0.16966257542245797,0.98297960633583181,-0.77201066889654701,-18.931468915735053,-3.7384188227042663,,0.2235896868053321,0.3636363636363636,False,5
0.02605305829816253,0.97929413836625823,0.20075913108698251,-0.99644731727945457,0.041529418915289593,-0.073266986092891923,-0.080087340072512017,-0.19813706853096941,0.97689698537464209,-9.5709431870045663,-3.2656151085693415,-1.6359839263020999,,0.3294596060901591,0.3664596273291926,False,5
-0.22179626699628846,0.97451342745116309,0.033615408132260653,-0.96865476277220086,-0.2162458030009578,-0.12225262059850889,-0.11186762938957388,-0.059676900069108474,0.99192958474525783,4.6363009891974061,-14.45272909789654,-3.5624285461622227,0.3424589851558276,0.3049441743600948,0.9939393939393939,True,5
0.75459736335911076,0.65590686628256301,0.019209424115915395,-0.6512782909514615,0.75220465587998397,-0.10012364060409104,-0.080121201606195791,0.063042354301387146,0.99478955292932025,-20.224531491856506,0.061424416499908457,-0.95043079255644614,0.1926917507623887,0.2204100295080801,0.8676470588235294,True,5
0.85793060305371627,0.51268736321450448,0.033267821450242666,-0.50975204971264099,0.85752003094376317,-0.069370341962312287,-0.064093120985390092,0.042556599140033735,0.99703611153858729,-6.2078442248808008,19.214428976793062,0.35775037827431422,0.2404187976732534,0.2368467320279735,0.8275862068965517,True,5
-0.10318193184325072,0.99453423087739834,0.015973495365636973,-0.98803479349372536,-0.10063039019957322,-0.11687930276183373,-0.11463304840623177,-0.027842201446418316,0.99301766149032367,0.74528533785064233,-5.1792113848325139,-2.307949695627312,0.2376911418322823,0.2108697801651385,0.9731621936989499,True,5
0.99618123485172572,0.087037220294168036,0.0068898195010256014,-0.08598846064627616,0.99172436532084263,-0.095335029578099278,-0.015130497842969853,0.094378522516712776,0.99542139946988661,-10.425403226452094,-5.4702626901020643,-1.8633343812198426,0.2800187950862346,0.2333798416387174,0.9781420765027322,True,5
-0.95728830905460605,-0.28159349300014552,-0.065606387245072298,0.28675530040396729,-0.89559304955242713,-0.34012422331203396,0.037020143673465428,-0.34440992188576797,0.93808918268416031,8.6429698946964848,-17.490251019692945,-4.18803751473832,,0.2431974553012583,0.2222222222222222,False,1
0.47675986249454155,-0.87836968509098445,-0.03415742711843249,0.87408130178063037,0.47783476424810978,-0.08749751969874596,0.093176774958487835,0.011858937099031082,0.99557895428701049,-25.900344610425098,12.526253598340265,0.47031999070767849,,0.1896965172874552,0.36,True,2
-0.83083158677097957,-0.52290093413994732,-0.19050849718368526,0.55636804384674854,-0.77231588534533291,-0.30656609895648396,0.013170960851758329,-0.36069763836047569,0.93258980236297706,-9.0996594254189098,-3.4621958640186903,-1.6837428939745296,,0.5829378343395236,0.1538461538461539,False,5
0.69421308554796402,0.70498257676773668,0.14514736755414673,-0.71794580881220416,0.69257458923899029,0.069958944742145521,-0.051205541330664489,-0.15277435908674852,0.98693362884373748,-5.134686161981862,-9.6406121284227577,-2.4957368616444304,,0.3375197406583369,0.4186046511627907,False,8
-0.49937577466743804,0.86015408650449054,0.10372455420449379,-0.86149612500895401,-0.4802849880515348,-0.16477486715786849,-0.091914429062319086,-0.17164287844813747,0.98086210040361188,-23.102641863459006,-2.8728331781329381,-1.2200087687053875,,0.2312926844335759,0.3023255813953488,False,4
0.15365006707034781,-0.95062066595861872,-0.269651638863315,0.98806393332205755,0.15085094761889689,0.031203449659086002,0.011014561154392997,-0.27122747105497069,0.96245225252357491,-4.2956718928310167,-11.678766591827021,-2.699973620308211,,0.3684599691760267,0.14,False,2
0.97665890429359459,-0.19291000086971091,-0.094462247636200924,0.20300322498330886,0.9727010853357535,0.11243793502649624,0.070193128655237469,-0.12898965133333301,0.9891585285172918,25.464354948965816,16.431594784113745,-1.2724308091541656,,0.3258746102903663,0.148936170212766,False,3
-0.80360846660556695,0.59473167445209529,0.022531484710466336,-0.58925595195083702,-0.78974994797721476,-0.17050643026144516,-0.083611335896298419,-0.15029722244072047,0.98509892368037966,-3.0805299747349002,22.335336845601081,0.52317443680410725,0.391496030370301,0.16912960702793,0.2592592592592592,True,4
0.60817095027889378,0.79276555592936304,0.040630881960341717,-0.78832419103222551,0.60918434535316413,-0.086251975107960219,-0.093129292224600146,0.020425638512527395,0.99544448776468741,3.95877315368545,8.4264804157771476,-1.1544941395705353,0.2812653747630812,0.2741586058758853,0.907608695652174,True,5
0.85789923438831417,0.51347286615448873,0.018828684474449131,-0.50997005166124276,0.85537895379945872,-0.090870192063032373,-0.062765038393788566,0.068355403005446472,0.99568473365588406,8.1226722360217085,-2.5183474269273947,-2.548475622307484,0.2961887955208211,0.2583398909918221,0.9615384615384616,True,5
0.81928037530269104,0.57249995924379382,0.031991613115570333,-0.56799449062216256,0.8179406821930385,-0.091407324851222799,-0.078497931608114635,0.056717167413765118,0.99529957181433926,15.015659810350087,-3.6028155776407713,-3.0049744450226639,0.2521607903860816,0.2295302665597272,0.9315068493150684,True,5
0.68252104241452527,0.73036060940975689,0.027173643185985662,-0.72582385599921451,0.68170357034865481,-0.09197810737522813,-0.085701556134194473,0.04305371524625691,0.99539018524379297,-9.4553441613440228,17.5817711955482,0.36639729904023233,0.2748551724744961,0.245860580726291,0.7142857142857143,True,3
-0.21135324838064917,-0.96057566401229466,-0.18062169887996607,0.9674480849167606,-0.17927969824849471,-0.17861408899305758,0.13919054346412665,-0.21249278459106818,0.96719843315986298,-1.6021496276200358,-22.945677971802962,-4.1503198460415902,,0.2921040721177252,0.22,False,3
0.1257929242499142,0.99066497890575522,0.052526562597539093,-0.98582920956295927,0.13075116870898199,-0.10509472609843246,-0.11098157406130352,-0.03856204676742573,0.99307404495736418,24.125039701549579,12.344504565931553,-1.6564830247571889,0.2170552200157356,0.26590538823612,0.6111111111111112,True,5
0.69610896658386634,0.71740723691838093,0.027552913796465267,-0.71280615357218213,0.69520545665807543,-0.092718716893987627,-0.085672014515665529,0.044902443697091454,0.99531104509035628,-3.1767530179613352,-3.5027236198652338,-1.9401964629578285,0.3013561926925168,0.2597979643556813,0.9536679536679536,True,5
0.31910271459525524,0.94587744690502928,0.059070406925656418,-0.93987088830691223,0.32384982526968104,-0.10846199327862666,-0.12172169425010064,-0.020908039344245396,0.99234403461685827,13.461873344910751,-16.345469320838646,-4.332863807645297,0.2850344547335799,0.2383760147965039,1.0,True,5
-0.99975582033833732,0.0086032956196850606,0.020353943207653689,-0.011507466854009326,-0.98904328063006786,-0.14717665319988357,0.018864726508061432,-0.14737493798131091,0.98890077851561164,23.030261602480454,6.3808904920029414,-2.2856889240130784,,0.1576832129497696,0.1052631578947368,False,4
-0.35908182963450647,0.93121303102401676,0.062470236732370177,-0.92599841428818586,-0.34711160870789154,-0.14846032411383303,-0.11656404403631455,-0.11115674496530942,0.98694326163494162,27.385650118788938,-10.207252126110808,-4.8311917071428772,,0.2434416962629981,0.9166666666666666,True,2
0.87600731322555447,-0.48091691758785271,-0.036470612184915818,0.48126161223162123,0.86666823751627409,0.13142840892537141,-0.031598224120424984,-0.13268415300341099,0.9906545653123503,-14.958262800063389,8.0996793106519007,-0.43069776543801347,,0.3555400114052994,0.2553191489361702,False,2
-0.66047530079517536,-0.74977509525355468,-0.040120862117436915,0.74552187920790647,-0.64850051142738363,-0.15376675291081032,0.089272082208467191,-0.13147012290229768,0.98729230834754333,-18.33977087241097,9.3288495878994926,-0.091833690294873482,,0.1181142073625884,0.4444444444444444,False,4
0.47366596261060212,0.87695350713588882,0.081197919839347349,-0.871907694763982,0.47993595012047696,-0.097151714309707968,-0.12416733739406577,-0.02477963082897788,0.9919518346272912,23.768293666925324,-2.2943609791345758,-3.4084891640025292,0.2697676691860989,0.254747039650655,0.8,True,4
0.97905420794491071,0.20011071856484527,0.037530763658930127,-0.2011432738370052,0.97921456649151251,0.026080953988850242,-0.031531592022809252,-0.033083728421961597,0.99895506686647662,-4.3673303413038527,-13.379201217420736,-2.8793252803958951,,0.204735880166473,0.1818181818181818,False,4
0.72682057076090423,0.65243856021110191,0.21460611144246533,-0.68263787033094725,0.72067696434914386,0.12095557468149183,-0.075745599930431173,-0.23441125870180582,0.96918211182677771,-9.9833972590301769,11.786999884866313,-0.27696073807357291,,0.4656560197491109,0.1818181818181818,False,3
0.33082874414946217,0.91372108050635426,0.23593670567079938,-0.93721752372328582,0.34735861848488403,-0.031069331989349427,-0.11034335172760264,-0.21084538696061728,0.9712716239687772,-24.795004939546384,-7.4447625667427717,-1.7051154912579816,,0.2982101990270734,0.2083333333333333,False,1
-0.85377902457286159,-0.5176970396337407,-0.055237237022454103,0.51782710011856681,-0.8333756187728999,-0.19323605361754481,0.054004366325416719,-0.1935842276357958,0.97959617967223767,5.8902405659668089,11.419835487109408,-0.9066684785161444,,0.50360813892241,0.4951456310679612,False,4
-0.099521978264211733,-0.97913565926831292,-0.17716866707062659,0.99080898654776495,-0.081122442235064249,-0.10824371363736672,0.091612924953673347,-0.18631293598412157,0.97820987618527355,-9.5765814160322478,12.854988376955623,-0.19670601031654666,,0.2558952760052758,0.28,False,2
-0.45866537758216869,0.86898189368091572,0.18573244159848742,-0.88284941358895408,-0.42186825714554677,-0.20640757384024841,-0.10100982295324154,-0.25864578494092644,0.96067651870920967,-2.439972158030872,-21.355980836954419,-3.9473658275059234,,0.1542399370932954,0.2727272727272727,False,1
0.99428680164822369,0.10621101545092755,0.010629029354964258,-0.10552532530106766,0.9930614320080835,-0.051897957360178042,-0.016067413863150217,0.050479822255410103,0.99859582702753813,11.788346817364294,-18.451964383748038,-4.4057737474106258,,0.08671498173721415,0.2307692307692308,False,1
0.23960418595399613,0.96953293684690001,0.05094819371033979,-0.96513689025529981,0.2435557558656441,-0.095871668667247251,-0.10535946631248028,-0.026200728114655011,0.99408898228710385,-11.689279515224197,15.80833090953012,0.27054393204666211,,0.1901514839918186,0.3333333333333333,False,3
-0.81873228849664814,-0.57331267184174983,-0.031464584515197694,0.57006488899069818,-0.80510401457026626,-0.16380948709663407,0.06858179141042689,-0.15205297112688404,0.98599007695738128,-18.029685730396913,3.6777418593117717,-0.65328038037103275,,0.1003309473692205,0.2758620689655172,False,3
0.90768257241851658,0.4194024306302524,0.014626992484437076,-0.41643268689605439,0.90447307810629618,-0.092261954593718914,-0.051924608927140209,0.077653410500484646,0.99562733129690961,-21.051061906935587,3.4426615299708443,-0.61179749748585721,,0.1689159064509039,0.4722222222222222,False,1
0.73210395346533452,0.68033639211597075,0.034149595649861149,-0.67915257104794613,0.73287055596388939,-0.040651364554482816,-0.052683835845443727,0.0065682390182464634,0.99858964128254768,9.9233390320184292,-20.527338454839033,-4.4806300828214258,,0.3041786029705706,0.5483870967741935,False,2
-0.048414719766771502,-0.99860695720787807,-0.020979988701810327,0.9932785183286168,-0.045924182072584724,-0.10624855070951104,0.10513705311074903,-0.025982965900511842,0.994118245253652,19.103827207262867,-3.9558197903120553,-3.340960653877671,0.2635368612042769,0.2124414335601421,0.625,True,2
-0.084117832250762331,0.99226401860736602,0.091303382602138605,-0.98706990769348346,-0.070428325231758543,-0.1439890562891033,-0.13644481530424482,-0.10223486872006819,0.98535823130188538,-27.554077728249265,-1.3879639962855734,-1.0002692124614427,,0.1232815175990404,0.3636363636363636,False,2
0.37175312134792665,-0.85664357203035901,-0.35771693735010734,0.92226825126087386,0.38477386024757843,0.037018227758581199,0.10592870000279762,-0.34367261597230014,0.93309605269043605,-6.9176966035289338,14.560327774721598,-0.086261383408657008,,0.3072534830138274,0.4814814814814815,False,1
0.99107769624206976,0.13111358966381134,0.023963026039740633,-0.13190605845080147,0.99063764106629459,0.035183175618199378,-0.019125683137744473,-0.038030128951621299,0.99909354794055083,-14.775961812052955,15.659900488131905,0.35249397146230649,,0.1797538430689222,0.2173913043478261,False,1
0.78275713369046884,-0.62149040526536248,-0.032263691973745928,0.61848955029137231,0.78263258668404379,-0.070405329632198477,0.069006853551346434,0.035155517679850853,0.99699656154853644,-21.672018952948097,19.300705301114782,1.1239243465545745,,0.1784519827225816,0.5416666666666666,False,1
0.40999826393388972,0.91109560302369419,0.042499714376526172,-0.90539087408332253,0.41218205762643767,-0.10184947961316382,-0.11031223276605745,0.0032792562763126615,0.99389157244663284,-17.97214905167813,18.439263410441558,0.81656824848366749,0.371935726606723,0.2385265081813949,0.8541666666666666,True,2
-0.48222187781222059,0.87470523956653279,0.0485057154787992,-0.87038378200178768,-0.47208170152662998,-0.1398961726137869,-0.099469254483585373,-0.10967958314370277,0.9889773791416584,-20.061436434756384,18.12681882831934,0.85080376636778077,,0.3095403064377377,0.8918918918918919,False,1
0.99831661173233888,-0.057985885110774217,0.0012569276759864315,0.057924872156572306,0.99569876436001137,-0.072309610962796533,0.0029414154598238831,0.072260693187004163,0.99738144172389054,-24.343903830208156,-6.1641759016616433,-1.5712984637403267,,0.1431027297332486,0.5263157894736842,False,1
0.96763907031410235,0.25222046235599788,0.0077115478722543825,-0.25019691479354916,0.96295221152649835,-0.10062078385708965,-0.032804472704937915,0.095435196259829658,0.99489496424768309,-19.851531030687319,10.623067764614879,0.076721032815803253,,0.2011667482532959,0.8055555555555556,False,1
-0.9996471376318421,0.023744570644531695,0.011907795319553414,-0.026553511967123859,-0.90531908281510876,-0.42390124945914337,0.00071500117296028481,-0.42406786444591371,0.90563013152037164,-11.6621224441759,-9.8126911559463927,-2.308111154641225,,0.3552655869311167,0.5625,False,1
0.61527662524132254,-0.78561254970331507,-0.065173584988902175,0.78329090276203484,0.61858098193398792,-0.061748930677541523,0.088825875069629953,-0.013057202542657225,0.99596158228110121,-13.966418827026054,18.263124310329442,0.59343566365606015,,0.1570552239873487,0.3529411764705883,False,1
-0.97707849118830192,-0.21220909966848103,-0.016879575678434944,0.21099291543454285,-0.9548383668752114,-0.20920249228800164,0.028277406062495826,-0.207968726401284,0.97772664745592608,28.841064996140378,10.689421409157644,-1.985255315821971,,0.1518001092446228,0.3214285714285715,False,1
-0.94669932933606338,-0.31464623881200793,-0.068979157983440204,0.31952501362975938,-0.89017315131805019,-0.32480074867123282,0.040793939495343087,-0.32952921732973561,0.9432636690907279,-13.778371627047854,-9.6806252830794044,-2.2490342897783941,,0.1514808522980509,0.1578947368421053,False,1
