axis_00,axis_01,axis_02,axis_10,axis_11,axis_12,axis_20,axis_21,axis_22,location_x,location_y,location_z,dbh,dbh_approximation,score,reconstructed,number_clusters
-0.54653172762081714,-0.81806733385878105,-0.17907793827545981,0.81637711742650809,-0.47280606991950364,-0.33163658180251715,0.18663191807991725,-0.32744504503879429,0.92625497009913627,-1.5200643010417543,-17.100513584877078,-3.4388102655999191,,0.2578004096466695,0.2181818181818182,False,2
-0.81998299723423629,0.56909598873081835,0.061299591003941764,-0.56968464540995167,-0.80102088381976178,-0.18391560148270558,-0.055563378505056174,-0.18572910190678191,0.98102875170608728,-12.45979763498471,-8.9355719249292118,-2.3745593451372149,,0.1597965616621387,0.4166666666666667,False,4
0.74261666644890811,0.66038798120853126,0.11139210469163618,-0.66358060278884512,0.74802696708010463,-0.010790742482950477,-0.090450374873210879,-0.065904254765996775,0.99371794735177987,2.039002483604635,-4.0516670006691298,-2.5249189404003181,,0.2344998087925225,0.2413793103448276,False,5
-0.03640840996851627,0.99907699852102561,0.022794269231184341,-0.99310794942513614,-0.033629295116037065,-0.11227498073302183,-0.11140479555282348,-0.026724923502561046,0.99341569848257194,22.294264799932392,-6.7408765964441626,-3.6742866756433137,0.3809151767028651,0.1989476899042258,0.9310344827586207,True,2
0.99038435307108341,0.13424977655822348,0.033404051940442603,-0.13791140086202028,0.97714247268818655,0.16178081957108922,-0.010921479032063662,-0.16483199192779691,0.98626119042212557,-3.0888038787021626,1.8712392844705481,-1.8505791269362533,,0.4760837811646648,0.2445141065830721,False,4
0.47519779340240609,0.82924645233432437,0.29417236178203821,-0.87467725442880495,0.48150556414974482,0.055606584841406764,-0.09553406581095894,-0.28373000014763045,0.95413339176755274,-3.51656219478342,-0.84106332428391795,-2.0146780291750068,,0.4742567972435807,0.3708920187793427,False,1
0.84924100201886743,0.52774120502475896,0.016701527145937013,-0.52551150232698229,0.84787757863521729,-0.070294185888449143,-0.05125798876301195,0.050919860238390791,0.9973864779619156,-7.1804753284295932,-19.141445388631546,-3.4838964543803463,0.4092625932043831,0.335444159176313,0.9895833333333334,True,5
0.8231409024225681,0.54707640537552638,0.15213961167412307,-0.5543053851969032,0.83229018328926874,0.0062121447204804697,-0.12322578748246106,-0.089445276463927942,0.98833949016399147,-5.9340185199109419,3.7058062762284965,-1.5311518993113766,,0.2782143559308803,0.2826086956521739,False,2
-0.23506492525576525,0.967860246230276,0.089392531464164607,-0.96481947843574101,-0.22120165803984326,-0.14210278150482941,-0.11776185692101916,-0.11965103529637489,0.98580716918016942,6.8489676564212321,-6.3419572591443316,-2.886440241502934,,0.2820915623102686,0.5822784810126582,False,2
0.54223852825940189,0.83932057342591748,0.038966055677578604,-0.83542547288882829,0.54351091433494658,-0.081609835481206316,-0.089675290462627996,0.011698761591767715,0.99590234524157217,4.1822553863742105,11.381317810157684,-1.4144856961597139,0.2848020408957779,0.2377612694002778,0.7719298245614035,True,5
-0.36885281466097841,0.92937871094148627,0.014241234687215512,-0.92372736773872721,-0.36482069757961594,-0.11676304512989416,-0.10332159119543859,-0.056223396075519301,0.99305769143921296,17.806684316861524,15.238411188805159,-1.6186022559598616,0.2313731811663624,0.245683776107784,0.9666666666666667,True,3
0.96991830259581646,-0.21068370152068586,-0.12194615288393916,0.2407420882074979,0.90441794987423252,0.35223773067458819,0.036079540672573344,-0.37099939334024928,0.92793195703457876,-12.7052377272129,1.1078278496772807,-1.5364624863919019,,0.4531753344827969,0.3068181818181818,False,2
-0.028382450307966937,0.99920147680835614,0.028121971099414302,-0.9931682972451541,-0.025003156510614015,-0.11398059269747515,-0.11318643850602327,-0.031164898660291419,0.9930848801738027,-3.1685877143905032,7.6806819871549088,-1.3821385337631886,0.2752851751420823,0.2457526901143611,0.9574468085106383,True,5
0.89815103983702727,0.43903239020084212,0.023984786724152378,-0.43727605342736159,0.89760087620803797,-0.055698475109780016,-0.04598220023725088,0.039537670456151371,0.99815951123868119,4.8886988745142457,22.418351473799248,-0.32616268653016195,0.3054192637646301,0.2722415263938666,0.3888888888888889,True,5
0.95137915558306108,-0.30566540667761405,-0.038031059447125995,0.30510187121681587,0.95211024410783285,-0.019973263251668899,0.042314896928383069,0.0073987989249348282,0.99907692760488109,-17.476691907054999,-16.977931386913518,-2.9063022341897709,,0.1266545535788573,0.24,False,2
0.38643019179776078,0.9223035252265438,0.0052833911303030879,-0.9166888263827897,0.38469708187812096,-0.10811915084480483,-0.10175117911891227,0.036937278583410199,0.9941239032428314,0.27177167509116046,9.6761168879291439,-1.3837022625602151,0.2517762954476296,0.2104562087342997,0.9590163934426229,True,5
0.20449682739337705,0.97885814100689661,0.004217507624884308,-0.97292404127861898,0.20372740119183036,-0.10915106919175481,-0.10770263454588064,0.018217732793783026,0.99401622558373304,-7.7311580561729656,-11.07113350251027,-2.7564554608117464,,0.2815579758062262,1.0,True,5
0.010538386737651355,0.99964047210790741,0.024654998050045639,-0.99271331895245718,0.013418871531432756,-0.11975057520204244,-0.12003836378160446,-0.023213367069491814,0.99249782408322307,-1.3670410426967672,-17.629521240570927,-3.4759192567066703,,0.2321098228400544,0.9714285714285714,True,5
0.618580217891607,0.78569321927629521,0.0066842513735401021,-0.78121922488733841,0.61592272790937319,-0.1016647230414946,-0.083994265873327562,0.057665920853908453,0.99479626299683732,3.2764870661049725,-7.1239406483698682,-2.8618091756923842,0.3828471183379251,0.3542129459997224,1.0,True,5
-0.090715562782340428,-0.95491349521330438,-0.28268516644598529,0.99139864285449841,-0.059704149581130184,-0.11646521141119151,0.094336724637559446,-0.29081889756737817,0.95211603872760864,-5.2559748887559552,-2.4284856514929816,-2.1360578614684704,,0.3848771908010681,0.1891891891891892,False,5
0.72074500539930908,-0.67074543253948626,-0.17500629108511465,0.67840128146507328,0.7343972168926628,-0.020794930316258148,0.14247223764122247,-0.10373664997352162,0.98434768702617192,12.26993423104442,-10.743320847336467,-3.4882955351901983,,0.1868432324693632,0.25,False,7
-0.036409418269208092,-0.96842377608457997,-0.24663686702393209,0.99352840819149413,-0.0085071212103205451,-0.11326487101121935,0.10759022435971162,-0.24916464195947999,0.96246627204252222,7.5473640405055269,-1.3103657602337626,-2.5800309416360845,0.5005515095700632,0.4029524229304607,0.2631578947368421,True,5
-0.044805502657612843,0.99839194504778628,0.034727381060167956,-0.99255553624162485,-0.040548900577747522,-0.11484465219607949,-0.11325181856244594,-0.039614526699626278,0.99277626626882298,14.142161602891326,-9.2499769466660702,-3.4674872748742973,0.3230199999099441,0.2833780191043845,1.0,True,5
0.2779635628480292,0.96017423214601361,0.028314336503698669,-0.95471840764578542,0.27939852368998308,-0.10222146086881879,-0.10606139651695656,0.0013816232022691496,0.99435862307630296,12.84164323544119,-3.0695249683794179,-2.7384326692492733,0.3564320533038929,0.3020941712933179,0.994475138121547,True,5
-0.42923778090745685,0.86047060802461173,0.27449091090125038,-0.89698590922663735,-0.3705605307573489,-0.24104184635389708,-0.10569392645987732,-0.34967874652398873,0.9308885906159271,9.6519066032011924,-13.195391746144859,-3.4833312077896967,,0.1428264886348161,0.25,False,2
-0.40623520298715227,-0.85959801776187661,-0.30994226512987949,0.90885420198801581,-0.34496635470472675,-0.23448294959433796,0.094641425299470353,-0.37694755866245655,0.92138674759066264,-3.8562161763130498,3.509572333580699,-1.6840017784652541,,0.5259969813167799,0.2038834951456311,False,9
0.2675340714412876,0.96337415466066256,0.018323720962242242,-0.95760703946876213,0.26794492417694621,-0.10580300358535524,-0.10683762716346817,0.010758984137202728,0.99421826863240381,13.756362158744459,14.57614315621981,-1.4515964853255805,0.2566779562855953,0.2317746013903306,0.9454545454545454,True,5
0.59952063147883494,0.79121217181177728,0.12065782862338766,-0.79557862090253917,0.60558147741172308,-0.01804805193503338,-0.087347984487531033,-0.085172609404235558,0.99253007824107808,-13.166790126281073,-7.6795626556313392,-2.2624993386201462,,0.3339958348052772,0.4536082474226804,False,3
-0.6202476165730314,0.77328228315200587,0.13163360018891337,-0.78313731296237754,-0.60092196011120136,-0.15996483020395147,-0.044596448082118531,-0.20230498861702007,0.97830662289444104,-4.482624690459879,2.4661915284395795,-1.7756329134293061,,0.2117223985867267,0.2857142857142857,False,4
0.63556024050633175,0.77193393438343649,0.013460372760176843,-0.76778096691586684,0.63377999056926404,-0.093996331820771828,-0.081089873161023021,0.049405713245866116,0.99548154577038594,-4.5645539898111966,-2.9683645887270633,-2.1874648678250197,,0.3506734785983303,0.9921787709497206,False,5
-0.096764941629738588,0.9939931606557213,0.051128687065495296,-0.98953687523929212,-0.090553399588264,-0.1123247718211122,-0.10702017853213497,-0.061462821222721474,0.99235528063002332,6.2459455423352219,-2.5299992264561846,-2.6538009017365995,,0.4105382957022007,0.3260135135135135,False,2
-0.30276891981117526,0.84282755644302321,0.44494122229420086,-0.94676219228822611,-0.21238074661960016,-0.24194166594221403,-0.10941815411515052,-0.49450594391330061,0.86225955430163226,11.358969716946786,-0.68560925538247386,-2.5671323732705975,,0.7686571489249214,0.1846153846153846,False,1
0.24238107526056216,0.9692081299517008,0.043439788110228805,-0.96439218993622533,0.2455771689869391,-0.098181251073577627,-0.10582588693484302,-0.018095715180348179,0.99422000922661291,14.437236033285995,7.1614650112082394,-2.2495270141593222,0.2811412319703795,0.272318729449886,0.9868421052631579,True,5
0.99955382393744585,-0.025888902177533764,-0.014896905587174204,0.027115365175533337,0.99565654385704361,0.089066287932336993,0.012526373115494236,-0.089430483721662624,0.99591429277718568,10.823278628430179,-1.3999785206874267,-2.599915835745815,,0.1631657904058035,0.56,False,3
0.51128118795769117,0.85938539098826727,0.0069495752758760073,-0.8544599834287353,0.50918459501704105,-0.1030979384677389,-0.092139478832569455,0.046773902480712753,0.99464693157280037,2.4710637134032263,-21.235745559767402,-3.9077125933669099,,0.2644709667768761,0.9876543209876543,True,4
0.26789567827463145,0.96309598982819011,0.02603881599906905,-0.95763595693299464,0.26914648310504868,-0.10243800379356738,-0.1056658864099586,0.0025069920307063485,0.99439852948410723,6.260172699418221,1.5514231410988517,-2.3032507010477858,0.3318347228746502,0.2695246637262746,0.9775910364145658,True,5
0.66317058135077367,0.71643723909864332,0.2166159330787816,-0.73619323346201238,0.67657900873436672,0.016135920945810067,-0.1349974186257818,-0.170172052266922,0.9761235421767267,-3.836632572016899,0.548273263512007,-1.9413007711382628,,0.4953343873920588,0.3766233766233766,False,5
0.55564137210222075,0.82958179682095612,0.055287503033451361,-0.82705740573415543,0.55830583547754087,-0.065350146840021342,-0.085080627810616427,-0.0094146935710944669,0.99632958920043724,-5.885492830198694,4.9438062224458994,-1.4051440906761341,,0.173712756795161,0.8260869565217391,False,5
0.99932221465297622,0.036675845723453539,0.0031612721399808443,-0.036787313202545378,0.99810133495276898,0.04940059466080543,-0.0013434613546373063,-0.049483406369942057,0.99877404231668854,7.7233063393449122,-0.32560059957185172,-2.5055878091456321,,0.2877204659695879,0.1333333333333333,False,8
0.91939386148077917,0.39331135545749646,0.0045940330485662578,-0.39195666341473334,0.91708022603212414,-0.073033095413378338,-0.032937842616870633,0.065345517742666948,0.99731893686758555,-10.546852125917811,6.7248862388135029,-1.105720627372335,0.2404509850127198,0.2515896061744275,0.9811320754716981,True,3
0.57555701197207598,0.81637592573413453,0.047586488119114763,-0.8130949913310408,0.5775106331608334,-0.073198385628022236,-0.087239102712891231,0.0034375089685579827,0.99618147066181706,-2.2170335106853716,20.204808503811531,-0.40929027893926484,0.2901377904007876,0.2318675154557178,0.8205128205128205,True,3
0.16165528664497489,0.98542555117938646,0.052953294350155687,-0.98143906578817186,0.16614776937234721,-0.095772015105845862,-0.10317426251043431,-0.036488379182920465,0.9939937976366009,11.794471600521726,22.259958480434769,-0.62799618668146417,0.2948216006047338,0.3131152240055674,0.85,True,4
0.99965980899126827,0.024331168988957826,0.0093947061248731353,-0.024509452654991729,0.99951226069774668,0.01935271157830426,-0.0089192498616566217,-0.01957638706480587,0.99976857924791529,-0.48065028481786931,-17.183634933392909,-3.4550551006561365,0.6559683845591582,0.2836511304090585,0.3882352941176471,True,4
-0.66560413275130836,0.71833402166730898,0.202403981629936,-0.74026285551580917,-0.60103011032711851,-0.3012867591245168,-0.094773641947335271,-0.35036986142567172,0.93180411943530084,2.0770398150413403,-8.0073666744081571,-2.8699992940032306,,0.2408686165089098,0.4117647058823529,False,5
0.87988605020683508,-0.45614804875561948,-0.13315215457459123,0.47168916009111406,0.87234870093137051,0.12851879331790414,0.057531512268968937,-0.17588832138545024,0.98272754286030584,8.9208685344111593,-6.3658771658109483,-2.8870500611348398,,0.3066465941012857,0.2264150943396226,False,4
-0.90344056792643757,0.42778092608981316,0.028259856660963222,-0.42657403720212667,-0.8904001654009237,-0.15881478595863474,-0.042775355169012187,-0.15553464156820507,0.98690386779180028,-11.218537458854911,-8.5861949254047634,-2.4201350206306937,,0.1210718614785785,0.1724137931034483,False,4
0.91713226986809171,0.39643440828952353,0.041329886168947519,-0.39482116265272665,0.91779178054686084,-0.042124779906527049,-0.054631942013367865,0.022316081303838244,0.99825715295563466,-6.0857327304134552,1.4792285201594986,-1.7572982655699281,0.3705176769705595,0.2232175591029013,0.7510917030567685,True,6
0.75127210778885378,0.6596856152567272,0.020127321775321717,-0.65642772703525643,0.75003205102857884,-0.080960247091959592,-0.068504446847052702,0.047611043395601224,0.99651408886626502,-12.132939318558838,-2.1241422510280388,-1.8522897184534304,0.3177182725135509,0.2902797436165188,0.9921259842519685,True,5
0.72809226445165742,-0.65444612725268847,-0.20391645585782558,0.68050831569714054,0.72584958074179229,0.10025377002390659,0.082401982456127509,-0.21176083835526102,0.97384149666482078,-5.6442119056009847,4.7786060658438654,-1.4415179372585318,,0.3006137944347426,0.186046511627907,False,1
-0.91045566690682056,0.4051519268233662,0.083200930214583899,-0.41058985551912186,-0.86108779214542619,-0.29990629330326479,-0.049864307295349568,-0.3072128421948388,0.95033353116078456,-6.984964291965996,-0.83946883703742459,-1.9565659821533341,,0.7379132534102191,0.4297752808988764,False,2
0.44315041077306833,0.89642692858007111,0.00603946588381253,-0.89096781522548385,0.44117545194909358,-0.1074270581829439,-0.098964971904151045,0.042225375238284582,0.99419462482051146,8.5778808650126166,-3.828720558292134,-2.697338600855653,0.3191505638194938,0.2887905508935697,1.0,True,5
0.64054077604317949,0.76737533483876408,0.02902774030295268,-0.76361986913291713,0.64049187580129563,-0.081577279299839225,-0.081192423854860529,0.030087414538845232,0.99624421594051915,2.2626357677848534,14.633018758910488,-0.99184467278743582,0.320774829030684,0.2855275739402008,0.9885057471264368,True,5
0.23725121590594539,0.97134036112402211,0.014483211059908581,-0.96552039880697849,0.23742178016391519,-0.10677667250580253,-0.1071551213837408,0.011349059663824016,0.99417753887622273,15.321017001933656,1.8122149764392641,-2.6944959171793079,0.262625016891847,0.2681542315763324,0.9390243902439024,True,5
0.48425593445257886,-0.86260984587864953,-0.1462889050498162,0.86852175722396741,0.49413789402803937,-0.03870011516944219,0.10566999184278239,-0.10831433644143569,0.98848462676219673,13.108166660851738,7.5270821578938261,-2.1537032672781522,,0.2684579378749418,0.3478260869565217,False,7
-0.42649137795987913,0.9043086500048868,0.01819258234072612,-0.89840418096795582,-0.42120565368823826,-0.12432105582065257,-0.10476178761925378,-0.069366150443889232,0.99207525169586575,11.505238448150973,7.7523349905202874,-2.0937085685241508,0.2517977563955047,0.2425673857848462,0.8588235294117647,True,5
0.69515379603718641,0.70997450820959662,0.11268272958901937,-0.714082669615419,0.70004021686266504,-0.0054438708462300617,-0.082747451984982859,-0.076680456880586306,0.99361610631197916,11.645519917979552,22.151334749871136,-0.65501873226136376,,0.2097076955918957,0.4615384615384616,False,2
0.74150092077726137,-0.66775031469711876,-0.065466798519372385,0.66889570297616963,0.74333421121004173,-0.005726166672805344,0.052487360635618235,-0.039544502356805476,0.99783831821937097,14.005318371716967,-3.7315977607378001,-2.9356168553388078,,0.2868910785440137,0.3611111111111111,False,4
0.88706358128850771,-0.46133139350030544,-0.017074780311154968,0.45800339396835121,0.88409760188602826,-0.09275948174093103,0.057888633297732701,0.074463250737803216,0.99554212890489013,10.078312030566952,-19.962652929571846,-4.1137276917665417,,0.3107989792498047,0.9879518072289156,True,4
0.81116278770141848,0.58198896395502175,0.05747849757103915,-0.58140479286389857,0.81312769084920944,-0.028139388925845846,-0.063114171810701364,-0.010592648809114546,0.99795009750380614,-16.937596458233024,-10.678260181340692,-2.3957541702803766,,0.1841662143570916,0.5476190476190477,True,4
0.877836781141761,0.47864679007408362,0.017315773920008076,-0.47662371891668476,0.87655037460888252,-0.067002024887741943,-0.0472484522572073,0.050563733295760742,0.99760257248790918,6.7779824307850838,13.978114028563983,-1.2510667752445315,0.2668894804331236,0.2322034357125018,0.9859154929577465,True,5
0.83149624266667621,0.55553034866111028,0.00017363083193619802,-0.55285932523558656,0.82752889022104759,-0.09768573257940126,-0.054411073608711058,0.081129326177329514,0.99521729662559655,3.0362237589762393,-15.817446009014546,-3.4488396771440644,,0.2499622361896774,0.9919354838709677,True,5
0.9512621988472304,0.30824805730091259,0.0091304005687273294,-0.30700606858161084,0.94939385749647998,-0.066321770196645868,-0.029111903036305738,0.060286304565521802,0.99775651267402776,-11.520075665772378,-13.569568444409745,-2.8575972485438137,,0.3530748070082547,0.9705882352941176,True,5
0.85602885124986006,0.51573815484015983,0.03505369409792989,-0.51498396832216453,0.85672202520931329,-0.028616147406799679,-0.044789710860863141,0.0064441573009362168,0.99897565267511901,1.6806162003625507,-24.690104311414004,-4.1850963251604121,,0.2483851174189383,0.6724137931034483,True,3
0.31362494194401769,0.9494375146878643,0.014415321499808452,-0.94371891578492517,0.31334350269671302,-0.10587944704936958,-0.10504286639432799,0.019602423857432896,0.99427447980855699,-2.083576659740741,2.898637105017118,-1.7574244931390717,0.2517950605280872,0.2277220045237349,0.9073569482288828,True,5
-0.88512687213890406,0.46530932760157018,0.0061359485471942391,-0.46122977530456299,-0.87546336628270838,-0.14432944491492142,-0.061786038796005804,-0.13057995230479144,0.98951066768679941,-7.5758157956051884,-25.611309086096782,-4.0621515979573957,,0.305685614175733,0.9152542372881356,True,2
0.62140942793466725,0.72731722137114885,0.29130736751902009,-0.77917857091486642,0.61262280229957344,0.13256717817651825,-0.082043144143654489,-0.30935895267402502,0.94739957826645371,-5.9944959744685455,3.3458699064555315,-1.575221261364645,0.3571982142123164,0.3715338004066494,0.2293577981651376,True,5
0.97112783656708945,0.23774993376007028,0.019639094724751234,-0.23768078095754419,0.97132590086561821,-0.0058172735029928119,-0.020459017765704933,0.0009814808602024278,0.99979021063790396,-3.669608147276278,-2.0731131183223637,-2.1338361336595173,,0.1257918828913803,0.2358974358974359,False,5
0.23386405328498841,0.97212992394232112,0.016462550136993499,-0.96628901593667027,0.2342673690228326,-0.10679109275244622,-0.10767145518315284,0.0090670164341366735,0.99414518404090535,-11.686773252410145,-23.732123714451387,-3.7359992207059842,,0.2996719540697025,0.9782608695652174,True,4
0.78282111170707824,0.6221572979068315,0.010554796396135071,-0.6189556833934573,0.78031093023575693,-0.089491419418543605,-0.06391376268560521,0.06352282122102014,0.99593166538848954,-1.7335066814595632,-14.343483911327274,-3.2199154919302755,,0.2958803106143401,0.991869918699187,True,5
-0.66727317777568107,0.67642591661290752,0.31176030144252037,-0.74020097085560432,-0.5557436128879395,-0.37848587751550233,-0.08275886034476497,-0.48331875203497604,0.87152392678903989,-9.3451079708617311,0.1935688887045432,-1.6780385098196509,,0.2793260750811425,0.17,False,5
-0.69752177142470984,0.71655283487240951,0.0039259680143172038,-0.71126388958566267,-0.69168739124809508,-0.12518878607878603,-0.086988836985043186,-0.090114303108435975,0.99212517084049001,7.2744766345199841,-9.9812049859067287,-3.1729076851229325,0.2941009016673173,0.2572642089352444,0.9947916666666666,True,5
0.50621107063267845,-0.83776874927120037,-0.20467993236633553,0.85998323604163829,0.50815475529440013,0.046984874151601352,0.06464662169263774,-0.19980557403700855,0.97770064277746682,2.4496294460835082,-8.1618905296465893,-2.8900804340243464,,0.3481875260458404,0.4129032258064516,False,3
0.99869195149499823,0.051128938162530072,0.00046658491795263136,-0.05083165059956242,0.99378850794079099,-0.098997700893213747,-0.0055253340566415845,0.098844489817037279,0.99508755268889471,-7.5884037334033883,-3.3341464280033177,-2.1490544698914342,0.2078716684711117,0.2249875506350356,0.9063545150501672,True,5
0.82500959314689348,0.56454343013544783,0.025492875602809665,-0.56241685939406294,0.8246352461437545,-0.060530877135129842,-0.055194632754608591,0.035600931284622335,0.99784073188397715,-6.3664142222137254,14.455735916631379,-0.72657412029370816,0.3211871394702027,0.2899407434889119,0.9193548387096774,True,4
-0.92795266457853143,0.37266496680232375,0.0049673755471433944,-0.36950770689774876,-0.91818731634790252,-0.14281493843784016,-0.048661143068889842,-0.13436098621273759,0.98973694411149926,1.140003579992336,-6.8006304469753802,-2.716657889549603,,0.2044311394073019,0.1223021582733813,False,1
-0.11812699478671188,0.99264155239579377,0.026622576132475363,-0.98659512709671149,-0.11428326135131706,-0.11648773052957562,-0.11258804684194779,-0.040026049420044472,0.99283525676526008,1.9745995644556202,-1.2105755234599724,-2.3106660176870109,,0.2607218194219169,0.9477806788511749,False,4
0.85647578220272136,0.50587496879643201,0.1026632867457829,-0.51357688061071294,0.85509712862781095,0.071047085194563625,-0.051846139705935192,-0.11357559842537956,0.9921756705543181,-17.132614100728222,-25.218283463507909,-3.6823986056907794,,0.215345623439337,0.3333333333333333,False,1
-0.57870757219487567,-0.80311556839314002,-0.14178480062713722,0.80343198537622673,-0.53159600216699354,-0.26814685408276778,0.13998067994808397,-0.26909305878196532,0.95288736740321967,-10.391144686987074,-5.335460268787318,-2.164076332282554,,0.2906226317802231,0.2115384615384615,False,2
0.8568722844348502,0.51529304756451122,0.015587280041093363,-0.51292284100681629,0.8551874069622849,-0.074596636295610128,-0.051769173654763967,0.055924718191528659,0.99709196093153862,-0.29045257728231838,-28.830526539351357,-4.5694322435865278,,0.194246618578471,0.7916666666666666,False,1
0.59339525463751752,0.80185059411935988,0.070126289536128109,-0.80059092172586765,0.59698062890539949,-0.051655636302718945,-0.083284139089028625,-0.025490261319628962,0.99619977853543806,22.149633466348718,12.700533100356592,-2.1897994537925509,0.2497247682581921,0.2515228042975544,0.9772727272727273,True,3
0.42666613058284542,0.90351566303518227,0.040192781236895195,-0.89888077912341591,0.42854533670614348,-0.091445280413473801,-0.09984667213253956,0.0028880854407227693,0.99499864373100722,-4.0074536316261877,10.381873344111208,-1.1073695205060632,0.2909660973907624,0.2677859605584452,0.9021739130434783,True,3
-0.33023644444705735,0.90057749606843096,0.28267306970081424,-0.93391465129213258,-0.26830608023171243,-0.23625255853130811,-0.13692083428339477,-0.34201172624021187,0.92966696416153793,-8.027094210483515,2.3726309176133169,-1.5224649759263609,,0.1970940953003585,0.2916666666666667,False,2
-0.52659844817370904,0.84891137338343681,0.045205691248891205,-0.84104664284579267,-0.51249856316402509,-0.17316398965325516,-0.12383302846520669,-0.12920798309337561,0.98385500871118126,0.12751229101473738,23.699414353020451,-0.12621951929581746,,0.2396289556342907,0.3225806451612903,False,2
0.31772514541416319,-0.93249400111568803,-0.17177214516563324,0.94189946905588751,0.33121854256271105,-0.055853981548948828,0.10897762230745266,-0.14404587792050103,0.98355206414827134,21.985227903967218,17.917227370546261,-1.5195856662572005,,0.2119632510773807,0.1666666666666667,False,1
0.95417263799220642,0.29891969098301213,0.01419842419472259,-0.29806079972362598,0.95352668409082852,-0.044120543909398957,-0.026727075693108775,0.037866622101387901,0.9989253137024432,6.0390625457603102,32.084172070457448,0.52349586939833226,,0.2002309934711721,0.6923076923076923,False,1
-0.18801342975492555,0.98067934885721153,0.054027446328546253,-0.97814465969878062,-0.18198705889328476,-0.10056706766197215,-0.088791750374375131,-0.071754617414953092,0.99346227907509754,18.026633591151946,20.113834044345772,-1.088432872025511,0.1859603248671425,0.2532603956344207,0.6842105263157895,True,2
0.18250427447765166,0.97889673970023583,0.091942170964329564,-0.97757915141691809,0.19065420382010775,-0.089386672836047149,-0.10502948401455468,-0.073567299596824509,0.99174425126524757,18.007195058509513,9.3476887668075541,-2.227789021927101,0.3695711262502524,0.288701494172342,0.4571428571428571,True,3
-0.25497320321966432,-0.95794901654844655,-0.13161438877937862,0.96101757371446817,-0.23599898608328396,-0.14404756707289459,0.10692936290777116,-0.16321201016324643,0.98077925706379609,-14.763738965530397,-5.0247613809029819,-1.984414634675737,,0.221272050025879,0.4761904761904762,False,1
0.89150737161139104,0.45253915081367735,0.020565100130695131,-0.45081690492792148,0.89074197205219785,-0.057817449405622869,-0.044482857302099596,0.04227358756242864,0.99811533361673355,16.503962444167414,1.2424472414942411,-2.8177804496045122,,0.2927600030463248,0.4680851063829787,False,1
0.99996539963579512,-0.0028259031155077356,-0.0078239250256603391,0.0031245423588746957,0.99925661402265753,0.038424686947614181,0.0077095243869508175,-0.038447803624606605,0.99923086903386427,8.9091630373169099,-13.607344253329856,-3.471718014952204,,0.1545985206784745,0.24,False,1
-0.90226696193525913,-0.37480224143119428,-0.21316099366036095,0.42913242963811482,-0.73248051486648358,-0.52850511177643433,0.041948626115858853,-0.56832699668332276,0.82173276532453543,-6.562440553254441,2.4923195148979049,-1.6277351570133489,,0.190903688437236,0.2765957446808511,False,1
-0.97394183215848817,0.21844660431245416,0.060978591621363154,-0.22444626212470906,-0.88973314852406671,-0.39749062861367834,-0.032575803750842153,-0.40081916805687912,0.91557785661743551,-8.1433995563114401,2.573426224710039,-1.504186744666558,,0.2433788478295615,0.1568627450980392,False,1
0.51486708691144245,-0.85710707310763479,-0.016713708271641124,0.85139627452603683,0.51352055524010487,-0.10686918671478984,0.10018116858228109,0.040793437888448587,0.99413260125937442,1.9612847282685955,18.760801739052571,-0.64397902899166048,0.2593556209531064,0.2108650563985761,0.5588235294117647,True,1
