axis_00,axis_01,axis_02,axis_10,axis_11,axis_12,axis_20,axis_21,axis_22,location_x,location_y,location_z,dbh,dbh_approximation,score,reconstructed,number_clusters
0.99164949818281367,-0.12829831853926432,-0.013069591186059085,0.1278485813343761,0.99131430672461773,-0.030833188837310097,0.01691191900881284,0.028904787546136578,0.99943909281774213,-2.4039647062054623,4.0950330370279469,-1.7682266587238167,0.2526108427371251,0.2277250070372512,0.8241042345276873,True,5
0.43120547551580751,0.90215343330957942,0.013454391585028543,-0.90062055354826764,0.43127390466019083,-0.053716270212695302,-0.054262845590670676,0.01104544824303734,0.99846559362930065,-10.938157093069266,12.298157328889681,-1.4698107819886506,0.2789786689889753,0.234280152837523,0.9821428571428571,True,5
0.996794949165832,-0.079128848551618641,-0.011766675162659591,0.07876250265258275,0.99647492709323215,-0.028882310337671205,0.014010620735371388,0.027862968281119661,0.99951356044086603,-14.379905783173808,5.2790379057405294,-1.537122649184923,0.3704020620821162,0.3257521359714594,0.9351851851851852,True,5
-0.2355606429870441,0.97182360681938373,0.0083702272426542101,-0.96980546510426036,-0.23449435133772817,-0.067005664272560522,-0.063154915322872915,-0.023901389483908991,0.99771748518871761,-3.9470399066718369,-17.572050216242289,-2.2477980671339024,0.2581991263099414,0.2303252005239734,0.9239130434782609,True,5
-0.87964164003784906,0.45453419653789595,0.14010442280375029,-0.47394174531110866,-0.8127701998356861,-0.33879761556203253,-0.040122402258375857,-0.36442182486331409,0.93036924196810611,-15.223840327489635,-11.084900564592296,-1.8262540383007231,,0.2291766788171463,0.4230769230769231,False,4
0.72560347327052188,0.68771089456418932,0.023522862824887053,-0.68721148374577234,0.72597858282301431,-0.026371838961720781,-0.035213295581219405,0.0029703164833165675,0.99937540545797865,3.3825932155128906,19.229333391695192,-1.5166937289194891,0.3079858237537405,0.2448706346961046,0.8444444444444444,True,5
0.79959060302794627,-0.59663909678880656,-0.068386078498780742,0.59706499614585506,0.80202760820498076,-0.01628207770363304,0.064562047107836001,-0.027811937365708854,0.99752605891435753,-4.704472397134257,-8.5439095121973097,-1.9751168690751373,0.3346071145506335,0.2411204842971952,0.8909657320872274,True,6
0.72011943290584579,0.68961676947694328,0.076529168344789747,-0.69241189617749976,0.72134016998741302,0.0153011501008107,-0.044651633601023123,-0.064008362099906013,0.99694992913287539,-8.1412011035493972,-1.7380597980234325,-1.7400087916250171,,0.2054297506105319,0.3055555555555556,False,4
0.92701433484868767,0.37502588908962881,-7.4145644722914639e-05,-0.37465943661935669,0.92609973859384931,-0.044379958635275128,-0.016574967182759252,0.041168637200371547,0.99901472150011528,-6.5216456786667401,17.762367491858832,-1.56053057013761,0.3418915638699008,0.308141020949397,0.96,True,5
0.77754577074348674,0.62874163342923106,0.010321472359088792,-0.62813025715623261,0.77735252022215051,-0.034284680968563859,-0.029579628864515862,0.020174679601251154,0.99935880836625657,-20.942781175378979,-11.220555640037404,-1.8647392721040381,0.1547772027699239,0.2064948200330499,0.918918918918919,True,3
0.99974998092607348,0.022221454675988465,-0.0024864815302522553,-0.022272994763335555,0.99948528495013633,-0.023088500869898096,0.0019721416251704585,0.023138109694394692,0.99973033290842073,-14.596028816730692,-18.992312704693042,-2.2298022260220072,0.2114052378840405,0.2214506332076586,0.9423076923076923,True,4
-0.0022981208054571934,0.98695437717165069,0.16098377564985017,-0.99599260859379257,0.012133936958472188,-0.088608640664549626,-0.089406052744179357,-0.16054228401142664,0.98297137942927826,-8.2131393234773622,3.3983801243296536,-1.5939268038958498,,0.220720961856229,0.2142857142857143,False,3
0.92944430571397674,-0.36846779774744098,-0.019098811455521943,0.36764828975081565,0.929257249634456,-0.036272566012156886,0.031112981521593509,0.026691684565737648,0.99915941488627291,-8.46539304951974,-1.7113964029348205,-1.7359845796458793,,0.1280958839392792,0.6627906976744186,False,4
0.51724257812956931,-0.84990885390028492,-0.10057363189116741,0.85369278380786795,0.52068750983503787,-0.0096513199180261328,0.060570176194632272,-0.080866910190085406,0.99488280545602914,-9.6025866791432435,-3.3580952561993493,-1.7799919043857528,,0.0691514583995938,0.25,False,3
0.99768657950487616,0.067647709122376345,-0.0067287834231508749,-0.067831457479095303,0.9971689990000101,-0.032448124900836053,0.0045146929156929293,0.03282948193031561,0.99945077050551345,-17.549973238437005,4.1077882404373627,-1.5086320099374517,0.238673984428766,0.2274012436019618,0.967741935483871,True,5
0.8494258721170308,0.52761863396603947,0.0097090097349239388,-0.52714392645688624,0.84922477693232956,-0.030603252177722407,-0.02439197773530271,0.020877148657003332,0.99948445514981099,-11.472494328555248,-18.786403113043992,-2.2867125654624969,0.1465082231664015,0.2228269876363996,0.9466666666666667,True,3
0.88942524268816858,0.45708066724538232,-3.6050095259096423e-05,-0.45654863649426924,0.88838616356816769,-0.048304936557844465,-0.022047226227281901,0.04298008854283341,0.99883263453119819,-11.046764314660091,0.56917610919564032,-1.6200444858699294,0.2553793701923832,0.228319869547942,0.9595959595959596,True,5
0.52442172302376466,0.851232947233311,0.019604233350860662,-0.85003374706359258,0.52473678770227716,-0.045759507044130662,-0.049239062479015321,0.0073330195952599833,0.99876010210150112,-2.2654022814566397,12.038873504100328,-1.6187417218274895,0.2228280134822202,0.2020018045833093,0.7692307692307693,True,5
0.93220168335852183,0.3619201954918293,0.0037139788225259668,-0.36155548322552056,0.93163664400964719,-0.03648007796048125,-0.016662955713155542,0.032663980675943019,0.99932747899440011,-6.4914759237942601,2.1368839313285655,-1.7221742181314996,0.1406441114409439,0.1240894936557965,0.7338129496402878,True,5
-0.99990949528807493,-0.0072742118448501395,-0.011317556042841225,0.010983583670699135,-0.92717183107058143,-0.37447530834351889,-0.0077693064359286709,-0.3745657238873587,0.92716781456554187,-2.5333988035689501,6.0459132060687519,-1.7434745365457729,,0.4669236099586241,0.1111111111111111,False,1
0.86331017110443098,0.50465612144550742,0.0042127847340156224,-0.50403660951249807,0.86260960362513639,-0.043032174065814353,-0.025350438630989069,0.035026715821814609,0.99906480492506289,-15.31719885903763,-7.9654143185250801,-1.7486295385707853,0.291193603860519,0.2443500441054646,0.9882352941176471,True,5
0.78754249247752794,0.61625257186234739,0.0030968072793262514,-0.61545610609330037,0.78676143103176399,-0.047119339058640318,-0.031473862406053356,0.035202532776679812,0.9988844666283242,-13.706643817240316,-3.1518349314168979,-1.7130523281040135,0.1809698877521552,0.1729801064709091,0.9380530973451328,True,5
0.86053988652917202,-0.50810823257891136,-0.03601565878743463,0.50783891841890427,0.86128526545061879,-0.016950647680056063,0.039632519872895698,-0.0037034447735636738,0.99920745987273929,-10.118549187337585,-3.8417263356884299,-1.7895493602122174,0.2381098031322483,0.2021497441837911,0.8626373626373627,True,5
0.69942180179960678,0.71445905665778275,0.018905013278546358,-0.71363601520584363,0.69957624650844064,-0.036286541889327742,-0.039150746717219922,0.011888300165795142,0.99916259305012589,-8.0991001495569748,5.3709744558000381,-1.5957839093696278,0.2692415802719433,0.2330713003984058,0.9720670391061452,True,5
0.47046062986083248,0.80321363506570831,0.36539656839587142,-0.8808527397570759,0.45214664777860936,0.14022075368866957,-0.052585612228071031,-0.38782891246926943,0.92023012776125834,-10.870518231394405,18.416717429448322,-1.4697668486090525,,0.3684729067742847,0.2264150943396226,False,1
0.099481962867392179,-0.98433800333055865,-0.14554049011618911,0.99293919674013154,0.10770244022920425,-0.049718567414380396,0.064614941314794921,-0.13956675667179641,0.98810223650743834,-25.592913392029743,-12.249353114619675,-1.8484587563918209,,0.5086836501554776,0.4186046511627907,False,1
0.87372587387012124,0.48623796370852518,0.013256695609419809,-0.48564272208252324,0.87354686107293411,-0.032665394500938992,-0.027463499743680241,0.022102582614067109,0.9993784228327216,-8.046869914907683,-1.3879429800612797,-1.7217107273966166,,0.2924604414619975,0.7226890756302521,False,5
0.68439828285825255,0.72899334400350879,0.012949703442778447,-0.72814239498978695,0.68429769442719557,-0.039310533196088432,-0.037518569258586675,0.017474833338413091,0.9991431264641627,-11.934628778315506,17.142790225827046,-1.3906596075165321,0.3205096174387128,0.2571686102956406,0.8431372549019608,True,4
0.96748924058924324,0.24515511222687789,0.062157383254740309,-0.24560542182875206,0.96936980060115985,-0.00040798380973634113,-0.060353509528200115,-0.014871470387797374,0.99806627698571937,-18.534359447142467,-2.3882860257039882,-1.6547532468249677,0.2406678404483809,0.3029315855953528,0.8767123287671232,True,5
0.54293049595881593,-0.83944070741659182,-0.023786031401784331,0.83786158206882866,0.54338666035570338,-0.052143136083247346,0.056696083207172232,0.0083806968330876613,0.99835630817336851,-15.134279539998404,-12.610063011019358,-1.9146023709208309,0.2559948077192826,0.2732379535945565,1.0,True,5
0.32211906895444675,0.9416838684669866,0.097318021378212577,-0.94385680635643776,0.32741040957035589,-0.044008553709447742,-0.073305078340767174,-0.077678282512048211,0.9942798649854232,-20.413677695469552,-6.4583128363871589,-1.7345463983199012,0.3380068148889533,0.258651644235805,0.875,True,5
0.93343986323995043,0.35873039589358102,0.0015889545672940816,-0.3584135008404945,0.93278415048822894,-0.038124677221113068,-0.015158632189062689,0.035017590722202681,0.99927172691424071,-9.4315964573022928,-6.9360734301860871,-1.8412124973891628,0.1615233975542139,0.1457954959810244,0.8243243243243243,True,5
0.86470408399223331,0.50211254285811813,0.013032322575297252,-0.50161716275006285,0.86460359750281646,-0.02899726228050763,-0.025827682082008661,0.018536814444284695,0.99949453092477125,-21.4060085569085,4.6764541197977669,-1.5302055460869637,0.3308954916728573,0.2558620332292781,0.9594594594594594,True,4
-0.99901304281649561,0.04387385813404663,-0.0069299967501698758,-0.043042814311588878,-0.99475179147366166,-0.092823431826647942,-0.010966148761615854,-0.092433532510511757,0.99565846837606087,-6.740721157148065,-25.113676174643778,-2.5631238735785686,0.2480191415877539,0.2754152191534981,1.0,True,4
0.85806904231358994,0.51353428271208645,-0.0002431098940782107,-0.5128702205892105,0.8569351945581315,-0.051246552668359688,-0.026108532241632339,0.044097764195015668,0.99868600257397599,-22.232278548397396,-2.0543064821628958,-1.6365436944105041,0.2554308826645641,0.2315784754883011,1.0,True,2
0.95078451150490917,0.30979503468469893,0.0059874173962991967,-0.30963196699772405,0.95065877691221945,-0.019389040535415333,-0.011698619384000764,0.016580903608361251,0.99979408676989012,-1.0188753988924295,18.157654965520639,-1.5393064426424197,0.2975033268035605,0.2382527662882795,0.9390243902439024,True,2
0.91279814234915302,-0.38113986492981905,-0.14673770710084721,0.40700361840320987,0.87871354392281598,0.24942045291695569,0.033876332898190906,-0.28739330383271672,0.95721339469393452,-0.16378289036006946,32.769569081720761,-1.449846247614879,,0.3362081506416092,0.28125,False,1
0.97988546574631308,-0.1990445194117498,-0.014344103711179081,0.19851416742711253,0.97957709171307328,-0.031950692037541764,0.020410765538112826,0.028460510942410762,0.99938651179963667,-3.1695516706942999,-1.403432644755364,-1.8132230006532086,,0.2158419445054851,0.9529411764705882,False,2
0.59354401759426112,0.80473554809352366,0.010305183777083837,-0.80350464374238484,0.59326560868354472,-0.049154908582627582,-0.045670413425835291,0.020895338905105858,0.99873800275625546,-17.109895497373742,14.385835401992876,-1.342210773496207,0.3939472331110009,0.3643554555063748,0.9230769230769231,True,2
-0.52265810163935034,0.85107139292021106,0.050059893563639726,-0.84822620622474465,-0.51321374159743482,-0.1308585438904909,-0.085678537944625752,-0.11085639173459412,0.99013637876166238,-6.4008701922725066,25.296781007249511,-1.5179136681207528,,0.2313405062126046,0.3157894736842105,False,2
0.91709770588141548,0.39864297367021062,0.00394682282567713,-0.39826467522149656,0.91657978848721089,-0.035591288364667413,-0.017805795061200613,0.031068808797775304,0.99935863571699157,-26.292003802724729,3.6587072148152053,-1.5390323712766332,,0.2802972700107663,0.8958333333333334,False,1
