axis_00,axis_01,axis_02,axis_10,axis_11,axis_12,axis_20,axis_21,axis_22,location_x,location_y,location_z,dbh,dbh_approximation,score,reconstructed,number_clusters
-0.97029264803187898,-0.23554354146323711,0.055239634776500103,0.21792740553327497,-0.9500848132581261,-0.22326328299522863,0.10507056244648323,-0.20459249177628278,0.97319170219230278,14.827687465339352,-16.983724959658137,-7.015980060353411,,0.2848975835611968,0.7916666666666666,True,5
0.096378399460403469,0.98359795328537791,0.15246727652275094,-0.97604562961593022,0.12341251291090639,-0.17917667416451402,-0.19505417971705191,-0.13154625783286064,0.97193078407110711,9.5786027864254439,11.759940748880421,-1.3995066829365981,,0.1772246481173612,0.1739130434782609,False,4
0.1345590244280247,-0.99027711520383221,0.035286031918492791,0.97688154242300296,0.12660065421612232,-0.17226353771272598,0.16612140445539281,0.0576498868656692,0.98441869624979306,13.885094739396827,2.6270754399466432,-3.3118354367810245,0.2942236033704088,0.258425709644552,0.9925925925925926,True,5
0.28739757538029681,-0.95751617860625793,0.023778170089279394,0.94629189587605611,0.28001490433150966,-0.16162704337923914,0.14810226691318912,0.068952310037326964,0.98656540456053388,12.643052022599562,10.377375449502914,-1.7042847724886612,0.1336818936615932,0.1693422700532249,0.8125,True,5
-0.617722115900045,-0.78595297561227562,0.026406583538605567,0.7651361627072909,-0.60843822716603457,-0.21064087029970141,0.18162059367135064,-0.10991289209762034,0.9772067929078283,-5.1195027421270085,10.62913638193104,-1.2490247462918715,,0.1184171618657208,0.2307692307692308,True,4
-0.85590951322097308,0.50072789119774963,0.12919165667523066,-0.51364571288243244,-0.7942581884485671,-0.32453352942322822,-0.059891458617517969,-0.34413007578393107,0.93700987408117042,-3.2855773232638263,12.28866753032545,-0.95573143901357427,0.4991631238176539,0.2321463060106805,0.2142857142857143,True,4
-0.49725793891013997,-0.86744926705657988,0.01631904635210888,0.84057608259142236,-0.48634081408565671,-0.23854656134549401,0.21486365808600247,-0.10490177137447804,0.97099393756933317,0.11448040195500589,9.375580565059483,-1.6078012145443812,0.3006694820534662,0.3263478923304645,0.7806122448979592,True,10
-0.35891627231934842,-0.93328166219758768,-0.012823746336119268,0.90969420623962205,-0.34670422401793038,-0.22858834655815463,0.20889126501232555,-0.093709764986550398,0.97343870857271642,-4.9465026664129592,-4.2344754852054987,-3.9729042917260813,,0.1983921119880378,0.5422222222222223,True,6
0.99601223017419105,-0.044579143674080633,0.077280898627792485,0.052819492009321678,0.99273664313564391,-0.10809282418203965,-0.071900894342912441,0.11174371268692396,0.99113248562824863,-9.1391403113871181,-23.540396559266394,-7.2230048782164449,,0.217937096118552,0.7045454545454546,False,3
0.30533094927456211,-0.95155372311082598,0.036311478199344029,0.94092240038502761,0.29561735060075456,-0.1651527125949481,0.14641737556988788,0.084592517740739823,0.98559933952570711,-8.9179153450367252,3.1260329414083321,-2.558875234807592,,0.3111045742772866,0.9954545454545455,True,5
0.035015159048933271,-0.99719955335273047,-0.066083200814518767,0.98455541040777483,0.045769581680284839,-0.16898458281627085,0.17153595096525764,-0.059145550854868591,0.98340084469178601,2.5349212140338091,8.5763109533449207,-1.8130464742249846,,0.2879607414887244,0.3555555555555556,False,6
0.73152303538166019,-0.67387696784183748,-0.10374912490374499,0.6784731506438948,0.73451006635129024,0.013005625089539868,0.067440585416711205,-0.079904909992526793,0.99451846277368672,7.1198438981724941,1.1702733846684983,-3.3245356873855134,,0.313887037334772,0.15,False,4
0.71763944030938875,-0.69401943577372993,0.057711840039470885,0.69254610042252585,0.70247523228662734,-0.16403794321254689,0.073304382556438924,0.15768820752409954,0.9847643863919211,1.866280596996108,-1.2673036037670986,-3.5992405746502505,,0.2773724737059611,0.9916434540389972,False,5
0.43430343694436829,-0.88809275408629862,-0.15057152718133937,0.88124110622385321,0.4535268011516399,-0.13314485847571941,0.18653320712320232,-0.074864549531622054,0.97959208952694099,10.237636600372369,-0.67584935567964688,-3.789171281908652,,0.4449708167557359,0.5666666666666667,False,6
0.75676231945121197,-0.65179644172375284,0.049721126446177717,0.65087012702313907,0.74425727725737023,-0.14983051424302513,0.060653685854242197,0.14574808336887679,0.98746069622369992,-2.879881278178388,18.374431638495601,0.016323696283300895,0.4292654019148737,0.2292080770134438,0.9666666666666667,True,5
-0.56526486847267476,-0.82383695487361508,0.042051162351808218,0.8040112565577765,-0.56162987446733303,-0.19528897417466351,0.1845034628372984,-0.076580388418812415,0.97984382240776968,-6.4469687392329291,11.854847094634644,-1.023388132755612,,0.08742710410798937,0.4137931034482759,False,3
0.60136359213796153,-0.79753157549317311,0.048012666477762103,0.79224653898102526,0.58743863339225666,-0.16510988301983964,0.10347584995309146,0.13732894119454669,0.98510583714993294,6.0097684249459178,8.947078207462388,-1.7978148699037004,0.1782800468589945,0.1654633385827238,0.8376068376068376,True,5
-0.5950939205719874,0.77817174587779792,0.2007783843339736,-0.79875563743586009,-0.54516179161553358,-0.25453497328849395,-0.088615220829684788,-0.31184508153896112,0.94599153683173332,12.633420813555384,-1.867730763940882,-4.14119529880925,,0.1769517863001666,0.15,False,3
-0.057873750374847689,-0.99810870845544597,0.020727641519232405,0.98117338954816657,-0.060699236304070148,-0.18334225468959212,0.18425365304414035,0.0097267064056973697,0.9828305970625788,-15.846505686454964,-11.183980116795324,-4.9915822842604793,0.2272693247154301,0.2650231323697176,0.9620253164556962,True,5
0.39644857311138665,-0.91665744706090446,0.050672020146530258,0.9082973201015907,0.38360940305370567,-0.1668526421278595,0.13350845356835464,0.11217375199468202,0.98467890308933781,-2.5397312520973561,2.2153874388681034,-2.8204634713894481,0.3218268422892283,0.2640505126029883,0.9964912280701754,True,5
0.85414524937394665,-0.51825543472339164,-0.042979033860559075,0.51910508158969071,0.8546407929244807,0.010910056699036552,0.031077439400300326,-0.031629407978713955,0.99901640292401461,5.3117386129207027,8.9118600007017861,-1.7791429651867585,,0.6560196604845243,0.4029850746268657,False,1
0.58225489536646891,0.808501984691119,0.085462141163816521,-0.7913472905907305,0.58770543848448287,-0.16843925685680261,-0.18641003861512564,0.030444348018694646,0.98200022361363237,7.5381062735107589,-15.779295743279055,-6.5153195571250038,,0.2188140001746315,0.9101123595505618,True,5
0.37615095551577693,-0.92068115704124753,-0.1041953249131562,0.91596967112282834,0.38644601851583837,-0.10797701772319183,0.13967827407190489,-0.054824099102917301,0.98867805574405632,13.339501593752878,8.0175247658851863,-2.1815409903642466,,0.3071625399552103,0.3106796116504854,False,5
0.99589838112674212,-0.058375438598599366,0.06912830561756414,0.067989818921003267,0.98693363600829076,-0.14608005558098533,-0.059697562699187141,0.15018091184926177,0.98685454587993915,-1.6990481552258643,13.591082066210136,-0.77655207958223471,0.1655174562466121,0.1831146142211695,0.9032258064516129,True,5
0.59526633641660065,-0.79996016463763819,-0.075642076399859537,0.79834701005123343,0.59947478939253551,-0.057201647048245569,0.091104556809278467,-0.026338410652490166,0.9954929672543581,-9.6563771792885955,12.132224494252096,-0.92679908707240388,,0.1770519828335487,0.425,False,5
0.79285668797278341,0.60378632639943475,0.082585376368359317,-0.58727960210390351,0.79320539129681833,-0.16102135315026495,-0.16272965706812401,0.079166149778403819,0.98348959294938854,4.9533104048517185,3.2895630365412276,-2.8950152181944548,0.3459141009365675,0.2613016259723682,0.9954128440366973,True,5
-0.20328955309453056,0.93745077753019601,0.28259405038085278,-0.96718068867738882,-0.14733241633561375,-0.20701370617966455,-0.15242989553285499,-0.31540323207719245,0.93663542968601321,-0.86157219626252224,10.487178347558615,-1.4017171620232816,,0.2198112644907479,0.2307692307692308,False,3
-0.090914152926060601,0.99103591273931979,0.09788992010763331,-0.98196614692155837,-0.072850041089725551,-0.17445732375928669,-0.1657621883837328,-0.111985227481875,0.97978681646982135,-16.11161599573844,-9.7877201588366294,-4.7694565861398797,,0.1135876828869423,0.25,False,2
-0.95832733437761652,0.26128503573914102,0.11549394046220308,-0.28426637996415099,-0.91226452510444833,-0.29490008724656536,0.028308044912498456,-0.31544185888171333,0.94852258183897775,3.8394068324739279,10.973226855067036,-1.4273378379895243,0.4129922216836323,0.2122518487302497,0.3409090909090909,True,3
-0.77429042781252877,-0.63241447713675714,0.022940412065478869,0.6159012551192391,-0.76141043204929626,-0.2022864254196286,0.14539593302578316,-0.14249941429475041,0.97905767939647748,-2.5490017296526188,-23.388067816102382,-7.4460081328322874,,0.1997113998436835,0.1891891891891892,True,3
0.59174492217322716,0.80118736388006273,0.089088467497873997,-0.78569909384695591,0.59793850852249941,-0.15857639784647565,-0.18031883154644759,0.023840050016879832,0.98331926199221731,-13.492060499275937,6.9181179567569293,-1.8494549489544119,0.3048895581924695,0.2338691547261704,0.9552238805970149,True,5
-0.71702932816184106,-0.69669069133633443,-0.02215904242243117,0.67619424104505854,-0.68751427053812408,-0.26473661662854353,0.16920487857410105,-0.20480773523412454,0.96406612877695885,-2.0841479397192013,11.723578395291872,-1.1072393172201525,,0.2018506263698514,0.3333333333333333,False,6
0.98302262029348308,-0.17318125366207213,0.060619975019521662,0.17927203905028,0.97690887413621186,-0.11623505344203977,-0.039090459271915776,0.12512915333347369,0.99137007771061891,12.409461958368333,-21.352888994591542,-7.7147502402229762,,0.1390868144839012,0.3103448275862069,False,1
0.67181125811362907,-0.73903910111289617,0.049908320929734185,0.73615963911265037,0.65868871417959529,-0.15555758918794022,0.082089093144675329,0.14124583122582468,0.98656525174364962,11.858302419127014,-2.7513158273498051,-4.2281749038078802,,0.2551082909684682,0.9939759036144579,True,5
0.95945592032971905,-0.28096743384749839,-0.022397277990951564,0.28136524623272757,0.95004741224797129,0.13506854812772126,-0.016671387364251174,-0.13589413378834855,0.9905830854831239,-3.3518536876086635,9.1511648417646558,-1.5457089648136964,,0.3694280700359717,0.2068965517241379,False,5
-0.29252600908840398,-0.95625722926204682,0.00080342447213312129,0.9374775994442982,-0.28694667423717335,-0.19697044622069576,0.18858495312979107,-0.056865786095832122,0.98040909717563096,-10.877946261171195,-3.5541900872831915,-3.8208396532459776,0.3854217930538085,0.3436544261259798,0.9928825622775801,True,5
0.98924777010677578,-0.12992516311256813,0.067143885268475645,0.13709164394941836,0.98370639205094113,-0.1163082774241295,-0.050938497210062599,0.12426256969938675,0.99094100897767234,-28.812646575619127,0.045745172875358509,-3.0761003976379255,0.2425842608158193,0.2459538002850083,0.9574468085106383,True,5
-0.041666921864516412,-0.99819478878816104,-0.04325541883386972,0.98569678748729406,-0.033992370827269087,-0.16506472022442731,0.16329638930350951,-0.049514466186142268,0.98533375405429846,-6.8562767590900053,7.9391050262213971,-1.717752386265841,0.3587089404320077,0.1901760108435988,0.2857142857142857,True,6
0.47506223897101946,-0.87935982759141407,-0.032282545163616887,0.87150790018059465,0.47525693229572014,-0.12085043743269094,0.12161352320631663,0.029276986239372277,0.99214565919026565,20.820327603356272,-18.131925022537331,-7.5524289475209248,,0.154731905724698,0.4761904761904762,False,1
0.35146165582172612,-0.93560998450701294,0.033296567057855511,0.9256616874218947,0.34196284277766131,-0.16190075539870771,0.14008977452441726,0.087723264019348879,0.98624514397967533,6.7661175777559963,-1.5505656085712218,-3.8346467964629474,,0.2819501355301067,0.9692307692307692,True,5
0.28299416121624599,-0.95893216994941677,0.019063004842273527,0.94751664836434224,0.27643234004871275,-0.16061557349023398,0.14874980937775048,0.063515783954039354,0.98683293388434656,0.88920414239755241,-4.9787304575493536,-4.2811988085606636,0.3904816127696134,0.3170425910063815,0.9774494556765163,True,5
0.90176361734632859,0.42255044025239541,0.09095880316368779,-0.40926545085492422,0.9024136745111021,-0.13472694901869378,-0.13901139941378668,0.08426556531512075,0.98669911590876735,6.7370632013027416,6.5791027301375546,-2.3163073172133424,0.2786701022691684,0.2294531261515633,0.9375,True,5
0.49412414822420386,-0.86845223399591065,0.040398557018990297,0.86117083310305553,0.48254827965121022,-0.15978721481472463,0.11927330947992704,0.11374478042164886,0.98632449152017743,4.6932644440971849,-16.767040657247218,-6.5549562929748681,,0.1654582053187277,0.8604651162790697,True,2
-0.90432705991927831,-0.42678611205986466,-0.0067958259673953497,0.40915593027719155,-0.86221497616565601,-0.29862478061049103,0.1215894461569778,-0.27283502236421642,0.95434640312349772,-0.49463339769152587,10.405202876087374,-1.4029706785342599,,0.2700861233833965,0.3962264150943396,False,8
0.78100178676542364,-0.61945326655739497,-0.079459798770112763,0.61771379092572887,0.7849461135967315,-0.0478463295305952,0.092010225352287131,-0.011715344670919853,0.99568914282011778,6.623014274105568,8.2784518011578054,-1.9535693484554155,,0.3613904833310735,0.256,False,5
-0.36696592314885657,0.90744303433479656,0.20465373362038983,-0.92025848233260454,-0.32200281334150882,-0.2223477319314178,-0.13586882255469637,-0.26992837501346817,0.95324620923462877,-3.8798496570639269,8.2617085784701274,-1.708277659208745,,0.1865254467884035,0.3058823529411765,False,5
0.16846149054943191,-0.9857078303431468,0.00089409287546898114,0.97240006958284475,0.1660384563911439,-0.16391868616642022,0.16142747869288809,0.028483402174819258,0.98647344866620945,-15.974850487699168,4.6767805128401463,-2.1681243722847685,0.3219348332792026,0.2884257306295522,0.970873786407767,True,5
0.69972971707963472,-0.71317133408452293,0.04201156121541031,0.71042786440927985,0.68842893553701201,-0.14614325227750566,0.075303203826426773,0.1321069602840004,0.988370972124332,6.8369226070345519,-16.910656286332035,-6.6554408189694776,,0.2072945395589298,0.8103448275862069,True,5
-0.24041249949271762,-0.97012949894372458,0.032412734640292915,0.95231290374613375,-0.24219768871512073,-0.18558128391532591,0.18788816739292374,-0.01374899488150097,0.98209419186424129,14.019089844204055,10.596475685345231,-1.6923543404307511,,0.2318775833079968,0.2758620689655172,False,1
0.074692586543730469,-0.99656606217014176,0.035736553360746125,0.9830175772487616,0.067558632769506577,-0.17062319290850023,0.16762297078677393,0.047873947706587483,0.98468808502774341,-9.5738851009675603,13.412850050911334,-0.70079833366785527,0.1998370994249658,0.2066090517621551,0.5813953488372093,True,5
-0.96559296427646324,-0.25224735831386491,0.063257391374209285,0.2335456645244702,-0.9481080618304123,-0.21574875590372,0.11439689646846565,-0.19355199124745787,0.97439775079919344,9.470699533413665,-17.184968630801041,-6.8365520468924759,,0.2257411940604727,0.9565217391304348,True,5
0.6691369182583381,-0.74170868949207147,0.046086923912167066,0.73817603277833144,0.65623316377923802,-0.15637832134900814,0.085743391905008542,0.13865877068632781,0.98662141475663212,23.000349199172387,9.6797392089224008,-2.5233773012872214,,0.3545385526971695,0.7241379310344828,True,5
0.5366780002412781,-0.84302957953615576,0.035747056999337674,0.8372181510919201,0.52674578157613505,-0.14698520018686473,0.10508326003340757,0.10881180826931353,0.98849253858686881,2.1059824346429465,13.25276361202393,-1.0677069145046965,0.1812454338719025,0.1860402850630297,0.8852459016393442,True,5
-0.73312374783123824,-0.68009089999503014,0.0024368237170821275,0.65568591190610737,-0.70775793570674572,-0.26297279207549551,0.18057008416051307,-0.19119380792294285,0.96480017232491666,3.2272427199661071,12.964645949300124,-1.1305506279053124,0.3517121676430137,0.2434567945532389,0.1666666666666667,True,7
-0.16725272289698323,-0.98097288794825455,-0.098583567565829311,0.97556476294950467,-0.15021742225527876,-0.16033751695176196,0.14247778765415411,-0.12299154101579807,0.98212685578989112,11.841192256299751,-3.6341133320339587,-4.3904503291799113,,0.3059980001514014,0.5526315789473685,False,5
-0.66975416513617791,0.73433258272218482,0.110385761017014,-0.7378298766248943,-0.64128187705862538,-0.21062912266792069,-0.083883439619706568,-0.22251564463814755,0.97131372709791108,11.459223734111788,-20.197413050918865,-7.4645568902806962,,0.1034866548992072,0.6578947368421053,False,4
0.75385956268921683,-0.65699837420562113,-0.0069925698562610036,0.65375629816974867,0.75111652139463891,-0.091796916568069778,0.06556265968835466,0.06463054679630105,0.99575319737141765,9.5820212623475918,-3.6905722961315028,-4.3258244657054794,0.3864928262808155,0.2012633252916375,0.28125,True,6
0.50419815896301368,0.81940208832430739,0.27269843077669437,-0.8402460662724196,0.53839072073446648,-0.064202647459014522,-0.19942608809288834,-0.19676292708939258,0.95995499160699294,-3.5190536033522246,11.953626427514047,-1.0390812972524373,,0.41664766272592,0.5,False,6
-0.34320338852742566,-0.92716310071000796,-0.15026649255604821,0.91580059285742776,-0.29478736168447517,-0.27278138776883365,0.2086161744095536,-0.23123363957891252,0.95026853873092743,8.5968312630714241,0.067423990241827658,-3.6078997094765892,,0.40920618351064,0.2489795918367347,False,5
-0.93951234668592409,-0.34251191954621257,-0.0014612985583914301,0.3228213675585736,-0.88405910453831971,-0.33797317102177937,0.11446796526679534,-0.31800170542258643,0.94115461018687374,1.4015465311686623,10.78808280070767,-1.3955222323672067,,0.2179920330720843,0.4615384615384616,False,6
-0.92014398393016916,0.37835556428113798,0.10090647062808938,-0.39152495404728793,-0.88461473266138368,-0.25330808340180766,-0.0065771722939934468,-0.27258731029879163,0.96210856927307553,1.4104001534598507,8.0225502599102967,-1.91656467623492,0.7388032860936279,0.4906253115044112,0.2079207920792079,True,7
0.72504657278108298,-0.68655615451519114,0.054296537603414782,0.68517373021221284,0.71112140018909831,-0.15761761836856497,0.069601916105004588,0.15148267521538403,0.98600637542771641,-3.3832136369395647,6.5839515250122798,-2.0412352392380892,,0.2743113014664312,0.9365671641791045,False,5
0.26854896569433556,-0.96190152418926278,0.051253397808118856,0.95139516840416749,0.25653621110255476,-0.17040072162509448,0.15076036137430174,0.094523172584928483,0.98404099674900303,2.1587533578091631,5.9470379908111983,-2.3254239234258858,0.3315766062291317,0.2541310804887431,0.9885714285714285,True,5
0.69335056143408624,-0.7169424122220901,-0.072516043164306015,0.71612972707406064,0.6967433917310677,-0.041314163187934044,0.080144949684109595,-0.023285695958211682,0.99651119582464953,-14.97493246875621,-6.2473966265931491,-4.1738786820275484,,0.1897896411564531,0.4117647058823529,False,5
-0.50208041934049441,0.78175015964443895,0.36984042560375552,-0.85682380859854901,-0.39163292525575066,-0.3353753313443022,-0.11733803106218428,-0.48527346903732277,0.86645337249902377,-6.7666079425386627,12.058936367078136,-0.96033976738667393,,0.4366685791555391,0.1515151515151515,False,2
-0.16142706257387932,-0.98561068420628084,0.050128660935594385,0.96955537952264281,-0.16786487410515769,-0.17827997666693762,0.18412949113999386,0.019823299929288576,0.9827020745233217,-15.116603020517921,-1.9858492742206431,-3.4401992245836621,,0.2654650055792847,0.9615384615384616,True,5
-0.088999550151280263,-0.99584228598922497,0.019422191138630661,0.9794316088953573,-0.091044830269278704,-0.18006821590133895,0.18108783385286473,0.002996717703419402,0.98346236131002196,10.730176443625242,-16.112575446721682,-6.6738685083065947,,0.1971073822115933,0.9242424242424242,True,5
0.11692739181919373,-0.99308583312886967,-0.010416961221949739,0.97647754736547865,0.11687257276848859,-0.18119713360197964,0.1811617634421239,0.011014979492182678,0.9833916237660999,20.493725700813709,2.5715855074472191,-3.7464879407645273,0.4047242133602096,0.32141669071285,0.8421052631578947,True,6
0.99697495181901985,0.029588958188607004,0.071870988575188033,-0.021808977815279913,0.99405015425159471,-0.10671766170148293,-0.074601031709451371,0.10482740283767597,0.991688409573386,12.203093726690746,-15.158584053304139,-6.5177005305220268,,0.1398261688232302,0.6111111111111112,False,5
0.28259552327030507,0.87045389557068742,0.40305059969363188,-0.94178967327740071,0.33155370061099931,-0.055716738231862004,-0.18213176970432277,-0.36384359180417841,0.91348008142893022,5.1736786577846496,11.419760110813385,-1.3829377865657613,,0.4642540866770048,0.5412844036697247,False,6
0.38562913387408454,-0.92174198559676312,0.041010768045231558,0.91279297215505761,0.37464953843466386,-0.16262445491078373,0.13453312265706002,0.10014706854835925,0.98583538360585854,-5.298556137562608,-20.328426898342183,-6.8601038087238804,,0.2566331691064386,0.9666666666666667,True,5
0.91434106308923391,-0.40350170622582565,0.034158358006446649,0.40473571549032855,0.90790013948049608,-0.10911616442043315,0.013016180521984874,0.11359449724411251,0.99344193048233864,13.677994078594953,-0.94353287550925447,-3.9916700606408861,,0.1998090630594493,0.8615384615384616,True,5
0.18045066582115271,-0.98348006942129296,0.014300708226952348,0.97005322586306164,0.17554610135291143,-0.16786990585707157,0.1625862730902316,0.044164684430924327,0.98570542478559298,-7.9795862769392043,-23.130274235571605,-7.2137340035914033,0.1835083105648598,0.1759282839303002,0.7272727272727273,True,5
0.92970221927548291,0.31126102429704516,0.19690190001063132,-0.3461859456963583,0.92099608101732733,0.17866591659587239,-0.12573414204805547,-0.23427076963266091,0.96400629252052117,-5.8333870071712743,7.8046710462857121,-1.7583015195616671,,0.3965859825521007,0.3377483443708609,False,4
0.94673093893309068,-0.31990202002912588,0.036921902011584906,0.32104484391203197,0.94656490837376994,-0.030742193039137028,-0.025114487141235903,0.040958171549049183,0.99884517855320865,1.7496876625919686,-5.4890573009485575,-4.4316088072672617,,0.1925040576766001,0.25,False,6
-0.61680443114433625,-0.7784047783000192,-0.11678311025319477,0.76920693459351708,-0.5646289469785557,-0.29919031402626112,0.16695204549198306,-0.27437228969702004,0.94701998983783742,-1.91922828529473,10.115024384923792,-1.4415430191804546,,0.4639197954699363,0.3626373626373626,False,5
0.99819222870607294,0.012630525378649103,0.058760057687717117,-0.0049705819799020319,0.99166829828223524,-0.12872171338511049,-0.0598963092818382,0.12819694228286715,0.98993836986134587,20.436421624653303,-13.936497038212728,-6.7650798989527008,,0.1699507956895175,0.6451612903225806,True,2
-0.30293429415176759,0.93250138842958186,0.19665191075520641,-0.94292471870566208,-0.26333492256967167,-0.20383251313044887,-0.13828878580933421,-0.24717580612213719,0.95905178827175586,8.3034029284809314,-0.11860834627513384,-3.5937278566778983,,0.6047670205913303,0.4181818181818182,False,4
-0.22239531347479327,-0.94288156414770874,-0.24802153240155897,0.97379873494469171,-0.20242902824887271,-0.10362679355424516,0.047501035405194625,-0.26456916772856615,0.96319614156351707,-0.72666077813372421,10.170137833917471,-1.4368619101702764,,0.5576194484818521,0.2409638554216867,False,2
-0.61045740109810875,-0.79082508961937192,-0.044016350065121591,0.77330222162001028,-0.58306822031691596,-0.24906851365441854,0.17130509473480252,-0.18608365883380776,0.96748510915306773,-5.7718487460940784,14.903416178692131,-0.52080108001904069,,0.229447473083838,0.5769230769230769,False,5
-0.99614080604161293,-0.046731284536176129,0.074294559587932227,0.022464020229366968,-0.95402489902374876,-0.29888435863701684,0.084846109715769849,-0.29606195143639324,0.95139290441845004,-14.083612510759091,6.5795875647207431,-1.90234493079001,,0.1259747809059654,0.3529411764705883,False,8
0.0014195573730073625,-0.99912894854079082,0.04170526399197888,0.98413993351630347,-0.0060022079106439594,-0.17729231443783883,0.17738820737408917,0.041295492344483702,0.98327417651265281,20.101915176607566,6.5899230738201977,-2.9471032011858638,0.3174022648157238,0.2976859408148728,1.0,True,5
-0.7762502751269198,0.60465624752228497,0.1783993629407109,-0.62231410521761055,-0.68969559286313853,-0.37019608808355797,-0.10080012307823358,-0.39838525514561141,0.91166250535490367,-3.5566866198077181,9.7591101217309184,-1.4790162567117981,,0.6315646432798703,0.3984962406015037,False,4
-0.51885264485556437,-0.8533950912502829,-0.050087435114079121,0.838969577975204,-0.49708530339450824,-0.22144129782246608,0.16407918868184976,-0.15691723735495466,0.97388654393743168,6.6614270868080592,-3.5999691597295271,-4.2813134197365663,0.3267050893125651,0.1568070280776109,0.3492063492063492,True,5
-0.8075208931189346,-0.58680042313859104,0.059793566382745245,0.56741220733703479,-0.80050326265484328,-0.19297127621452884,0.16110057151143609,-0.12190073782927004,0.97938083296303446,-1.795222312005921,-20.688227548824823,-7.0152968593276901,,0.1743856633300257,1.0,True,5
-0.92226543194589594,-0.38460684298172443,0.038782075360671339,0.36266481937631723,-0.89562096111378597,-0.25756032846764543,0.13379350441778884,-0.22347409323062331,0.96548362380226693,-1.1973271825403315,8.8934567436221386,-1.6440063078658824,,0.1758147500667697,0.2571428571428571,False,5
0.37236562021197089,-0.92808516254908813,-0.0013326441334433614,0.91851812999469684,0.36873203580388869,-0.14269243372710594,0.1329221191344728,0.051909698786950564,0.98976618118455073,-14.600722698810037,-8.4466078867781995,-4.5421223572428326,,0.1852283198353344,0.2285714285714286,True,5
-0.93911118808122562,0.26294842949195241,0.22119742278875165,-0.339750067601925,-0.80683045390037855,-0.48331615969611258,0.05138159189006794,-0.52903945229692118,0.84704025283820916,-23.181048687656745,4.6222124602055743,-2.1734621328397048,,0.291010871200645,0.4444444444444444,False,7
-0.98970556827388845,0.11900266972916013,0.079506306196379009,-0.13447774164156026,-0.963357707072094,-0.23207254302864896,0.048975760643870839,-0.24037531658248684,0.96944369720331058,-4.9088613571542563,-23.51571022995839,-7.415088324903766,,0.1490862559335122,0.3333333333333333,True,5
0.68977620543230134,0.71716768254441976,0.099394675578130046,-0.70296239505147273,0.69624140124914569,-0.14523010132243069,-0.17335702340232043,0.030305549004968544,0.98439266359344335,-4.2413087192469252,15.823175483330184,-0.38812451335261983,0.1963072234036201,0.2080262621271293,0.8524590163934426,True,5
0.19647159282262355,-0.97986221142302632,0.035622462561129803,0.96736529424668638,0.18778100558950211,-0.17012548729340476,0.1600103143574321,0.067884759445499113,0.98477832974444734,-10.055502512646932,-9.5953702480726228,-4.82739301784469,0.3189096884084802,0.2751029086391851,0.9383561643835616,True,5
-0.88038291760857001,-0.47043489561175322,0.060140896017445447,0.44890534025814172,-0.86749295671808391,-0.21433610412676501,0.15300298647655308,-0.16170027530983477,0.97490671712424848,-3.6488903726999293,-23.964019221532538,-7.5353573693769329,0.156124733863907,0.1509415258702226,0.5,True,5
0.56674392992195177,0.81214076505712263,0.13866757237744659,-0.79706874864579635,0.58306776565994178,-0.15720493179461251,-0.20852512517403526,-0.021432647544250595,0.97778214024924681,-4.8786789234917434,14.503943662927078,-0.57126803495697154,,0.1825718770924932,0.7875,False,9
-0.65059031367986941,0.74601802239889015,0.14208924660923125,-0.75428639882385273,-0.61303692748480754,-0.23502713479369014,-0.08822852313891183,-0.2600823634851791,0.96154713452263485,-4.6480402842719855,-6.2959018617616609,-4.3838294631213373,,0.1645289454051881,0.5491803278688525,False,5
0.67756688905570384,-0.73346711335162695,0.054121201825246455,0.73124880249639235,0.66399486820580766,-0.15616018648793448,0.078602160930662565,0.14538503577736522,0.98624788550802289,-23.60316041295016,-4.1470743666088445,-3.7171599118797332,0.3492769914780437,0.3190215972459697,0.9384615384615385,True,4
0.57356208148515586,0.79914243705590104,0.17999417762464104,-0.78745092424131125,0.5984290678853823,-0.14766073486657699,-0.22571570745945146,-0.057043983084876675,0.97252167245768451,5.6868816507143913,0.37634359302889731,-3.4582531050676963,,0.653290408686208,0.2378640776699029,False,4
-0.95207566154976697,0.2933469557619528,0.086599643358207329,-0.30548805535193807,-0.92600694017428531,-0.22178411752501404,0.015132175054003903,-0.23761041705752914,0.97124266122523795,10.277465834113725,-1.3524005198222451,-3.8763863429089387,0.5185825150050599,0.2128634669814779,0.5428571428571428,True,6
-0.10501993894588847,-0.99415477788482154,0.025041765764064881,0.97899333757451157,-0.10777798244025226,-0.17307787693933183,0.17476514929619022,0.0063390937750683884,0.98458974120269538,-12.791637139841916,12.029830760853812,-0.889848856451943,0.3610745917954405,0.2448462648503337,0.9863013698630136,True,5
0.54305115307148555,0.8158349384904825,0.19876820240159535,-0.82468025402787504,0.56275095170166634,-0.056690783866424566,-0.15810731723816887,-0.13313421610202336,0.97840551753281191,-5.9564492492978705,-3.8065370287166589,-3.8372455230906506,,0.5154297046760369,0.1017699115044248,False,2
-0.39756923871727001,-0.91751054676564614,-0.010634707310299439,0.89459815528694375,-0.38501164148355643,-0.22684835569017214,0.20404127274394201,-0.099701717617816654,0.973872027794766,1.9105422323112158,-6.711741244757059,-4.6255349865653237,,0.1184238588290533,0.2025316455696203,False,5
0.94892741017103266,-0.31057379538653013,0.055503944412116972,0.31525291657517651,0.94029514542579762,-0.12829901823289397,-0.012343776445741382,0.13924423545657247,0.99018113195272184,12.352657550217099,1.6275064976668632,-3.4205040503184545,,0.3546128326425071,0.3877551020408163,False,2
0.38587636092253658,0.8949281107461311,0.22406050673320568,-0.90286371786148811,0.4162408840164189,-0.10761335159989202,-0.18956935683414677,-0.16077065363302717,0.96861563887844471,-8.2258730202714698,12.652951953329037,-0.83351055529856333,,0.1715823229927508,0.2,False,1
-0.94225960264825992,0.32316398350833925,0.087817315947176303,-0.33472623399224649,-0.91688958975797819,-0.21742085564824629,0.010256192983374327,-0.23426164849686668,0.97211948367935685,-6.3847300673590519,-22.971132167516942,-7.2758295064382796,,0.1837113420344924,0.5333333333333333,False,2
0.25851915286965138,-0.96556268095681164,-0.029266990672974648,0.95354445954543421,0.25991778057142689,-0.15230138217701661,0.15466354214799238,0.011465447497496548,0.98790066921928843,-13.989480183907878,-6.9416137820352928,-4.2833047598221663,,0.09341497984838948,0.3043478260869565,False,4
-0.70249885487929464,0.69201729535288781,0.16615481282753697,-0.70762998068116512,-0.65430653788764537,-0.26672601095254556,-0.075862832365089894,-0.30495084425191804,0.94934177894770255,-8.1847155177587041,11.192754305904764,-1.1042876783276125,,0.1576917705525224,0.1666666666666667,False,3
0.98669334385619523,-0.15021917579036675,0.062212895887765365,0.15664896780411097,0.98079183955861282,-0.11622593661114694,-0.043558536198839932,0.12442494396259389,0.99127245863290225,7.4276246507087906,-18.94544804269502,-7.051550266436287,,0.1189583297490595,0.45,False,3
-0.25341381370442623,-0.96417076976415461,-0.078461237284248836,0.9573770286770622,-0.23835161345068834,-0.16314942024700241,0.13860253960608993,-0.11646130300597909,0.98347653806122448,11.246096123669904,7.3676304661409713,-2.2434112661714436,,0.5487390193852832,0.2578125,False,2
0.68283689607826548,0.72434654144422717,0.095162289022418092,-0.70900307316997668,0.68844907873721284,-0.15281527483014087,-0.17620560601106974,0.036877552571576558,0.9836623559568608,24.402601456256566,13.513107804554842,-1.9127668953788017,,0.2507300463424966,0.9166666666666666,True,2
0.43771652107745612,-0.89878566718936581,0.024260495271412021,0.89028390846268968,0.42948831731822601,-0.15144090471056698,0.12569331528862271,0.08788691451020525,0.98816854875553972,12.111960211222812,14.846144522637328,-0.97307804829687894,0.2334279524011726,0.2102118607226361,0.8269230769230769,True,4
0.99406797970880034,-0.097767966231627063,0.04764741857222371,0.10039163105177068,0.9933600512555858,-0.056190114648987294,-0.041837448923547023,0.060640195814596586,0.99728250486967729,-30.513557961061515,6.8370814629427272,-1.7781215240191159,,0.2104431536544812,0.2105263157894737,False,2
0.6530496375295739,0.72487261039137663,0.2192849051505471,-0.73605574471498758,0.67565291581709375,-0.041413500454870827,-0.17817999773980842,-0.134360842704457,0.97478154083527413,4.5600196073786368,-3.2631462506530493,-4.1353553036864312,,0.4433232009852343,0.2732558139534884,False,5
-0.89042863044779852,0.42600149987598135,0.1601860673787569,-0.45479354342774042,-0.81946315112659085,-0.34877353225570029,-0.017311468317199798,-0.38340952785382404,0.92341618299421724,4.7106603459741585,-5.4284517722041095,-4.5287422100298134,,0.1854904136716954,0.2586206896551724,False,4
0.87301359901053888,-0.48766788749829809,0.0052237386623054244,0.48626571366484284,0.86958390314686784,-0.085845740149869926,0.037321731694628178,0.077484623576586129,0.99629474627366565,10.489832985714527,9.5800996181021727,-1.8296505002304546,0.3736219063299404,0.1836294680657732,0.1724137931034483,True,6
0.24214361318544053,-0.96993654682204855,0.024280974700805608,0.95800388243322898,0.23505282142053566,-0.16425203921141293,0.15360674411093247,0.06303385028036293,0.98611951703760159,17.941420779435635,11.561583123365031,-1.7180762818396691,0.1905337085399534,0.2273473340386674,0.6956521739130435,True,4
-0.82196877629783904,0.53637803114789762,0.19148352016123096,-0.56784852919516238,-0.74599429838634179,-0.3479088309686309,-0.043765039498696624,-0.39470383134316478,0.91776549664971752,2.8107985279581138,11.534690424920363,-1.3574303233563716,,0.2391203644371513,0.3103448275862069,False,7
-0.4161899854552526,-0.90131020198110345,-0.12010751771450069,0.89403781702204432,-0.38154615588989932,-0.23477417375021956,0.16577779628531131,-0.20509132290378168,0.96460109450920839,4.0813969023021768,-2.0875322422862128,-3.8110336168380812,,0.2740928158807644,0.2145214521452145,False,5
-0.58427298332041366,-0.81057921479776662,0.039829856887773601,0.78968508837956952,-0.57915859210174803,-0.20241735692789165,0.1871431060787867,-0.086813948951525111,0.97848903729915482,5.9474912296949736,-17.295810145069947,-6.7044660078781995,,0.1696395989347388,0.9534883720930233,True,3
0.56252356133748183,0.81657278821920831,0.12952267940443446,-0.80558860056399073,0.57657945886090478,-0.13631997014750594,-0.18599529451453151,-0.027658798953922564,0.98216126031262241,7.5447585268856319,-1.3654000097865764,-3.8080862946009812,,0.1554658046249097,0.4545454545454545,False,4
-0.94209368082667755,-0.33534969880202936,-0.00027578946491611106,0.3187764658337619,-0.8952787615550013,-0.3112193823319464,0.1041204176757719,-0.29328572863664887,0.95033805564182838,0.76880971050756319,12.068463305803114,-1.1918324984095852,0.5135335250631721,0.2644551675925452,0.5531914893617021,True,4
0.98516109626828019,-0.160732190624397,0.060189511516244604,0.16255863865399478,0.9863360208893811,-0.026757109243409377,-0.055066354504738763,0.036144388128536924,0.99782828172405158,-7.9735378560648451,8.0246084088480707,-1.6906155812800101,,0.4328081672064713,0.3243243243243243,False,5
0.97752369811071249,-0.20138538355927976,0.06238066143154495,0.20814314622227456,0.96892216551212385,-0.13366475922990381,-0.033523876754458212,0.14364457688328192,0.98906136575005976,-8.4167788526085818,14.777622858668821,-0.44762627465524424,,0.07875887883276948,0.2307692307692308,False,1
-0.45427598244980555,-0.880782801266913,-0.1336225608259099,0.87059824489939219,-0.40711246189256139,-0.27625737881525686,0.1889233382813319,-0.24182865910430826,0.9517493745143466,0.73511058195537826,8.2882517722332594,-1.8053416817483616,,0.2232190042481076,0.2954545454545455,False,2
-0.79195326706299618,0.60305105807479009,0.095600440078082771,-0.60851668013140425,-0.76667392329220407,-0.20474018986411727,-0.050174423664864382,-0.22031912467740197,0.97413654613266742,-21.468357444847552,-6.3414859074892753,-4.1301544204123886,0.1786248325414366,0.191976211390834,0.8387096774193549,True,2
0.3346355598788377,-0.94198222969040646,0.026239683917042216,0.93150749981672998,0.3264465287042882,-0.16039464355802072,0.14252305024016629,0.078116213710150151,0.98670412855416201,15.257552706053026,17.828305261824138,-0.55474424010107737,,0.135659985208043,0.7222222222222222,False,1
0.38424616131603495,-0.92208813324958205,0.045916903578007755,0.91358608844124045,0.3725914220830473,-0.16289902147270863,0.13309901021617346,0.10454236801619238,0.98557371452826459,19.378704919461079,17.445635450385375,-0.93027421058268889,,0.2756582382320407,0.918918918918919,False,2
-0.22155455356113082,-0.96198117960743079,-0.15970532200720172,0.95542766671952295,-0.18137290179475496,-0.23294171837916586,0.19511933134165999,-0.20419618158928965,0.95928742614564555,1.4696904840184666,-23.386176594233703,-7.5993221276644203,,0.2497769951192995,0.2121212121212121,False,2
0.32956579677423881,0.93261335194274531,0.14703306218221257,-0.92431777575612284,0.35045087939336605,-0.15106564981381518,-0.19241370797792698,-0.086119201752766217,0.97752772240568775,4.8801298777304423,-1.5814597581789414,-3.7781917713080424,,0.09616660849681911,0.1066666666666667,False,3
-0.86202590440907023,-0.50586985057877198,-0.031733805368025357,0.49615360634993905,-0.82935225555267167,-0.25691717559487282,0.10364815017005712,-0.23721410262694695,0.96591227887485631,4.9250688172731447,7.7547094820895559,-2.010472700874204,,0.2044192345820001,0.2586206896551724,False,2
-0.80513598962664179,-0.59146477290413479,0.043880070890884665,0.57110037078272557,-0.79311881399478046,-0.21167643557880272,0.16000126468175854,-0.1453683916846229,0.97635425230766748,-13.243274153620975,-25.146099604757374,-7.4492680959292992,,0.2198486834892262,0.6857142857142857,True,2
0.79449764471656181,-0.60724110398964892,-0.0056333085544102296,0.60461062768130724,0.79185468443347917,-0.086093830415263112,0.05674047439573094,0.064995387268549185,0.99627110677724628,-0.21571946099660239,11.67422235663272,-1.2056690993043711,,0.1607305435402195,0.1481481481481481,False,3
-0.43000199669418093,0.89955384427234275,0.076819034710596618,-0.89358899417509607,-0.41191666929897253,-0.17839105090441582,-0.1288293147080993,-0.14535315204181584,0.98095640517983829,28.483508143305631,8.3058196023933437,-3.1595148967143674,,0.3156463628349964,0.9166666666666666,False,1
-0.748962427612199,-0.66213307138654598,0.025200750017834582,0.64042314923005872,-0.73311760830746819,-0.22890339080011962,0.17003961878190729,-0.15530089557294036,0.97312289042995315,5.1245218623342206,17.544068185680072,-0.41357747343417384,,0.1641119949863541,0.35,False,2
-0.55295995146501409,-0.82785592075588188,-0.094286088821424696,0.81230597486462441,-0.51043824204349808,-0.28215563836077623,0.18545699036445881,-0.23260992138981459,0.95472421630331705,3.3282259027215582,15.960340852446119,-0.60331640311517165,,0.2680114528465669,0.2058823529411765,False,1
-0.34563202763282719,-0.92324682162391958,-0.16779096470236715,0.9225216018068324,-0.30159351269678919,-0.24082202411525366,0.17173350189807701,-0.23802659401953813,0.95595551406186319,8.0960077914406785,8.4925204459917794,-1.935021266399273,,0.3750045607784923,0.3829787234042553,False,2
0.72879066120214986,-0.68250402187298331,0.055248821451093388,0.68123310995113384,0.71454612542881324,-0.15920202429924382,0.069178190572167314,0.15366227501202995,0.98569888058538846,-4.3089496245172985,9.0304672668956005,-1.5677512446575026,,0.2081510839560524,0.2758620689655172,False,1
