axis_00,axis_01,axis_02,axis_10,axis_11,axis_12,axis_20,axis_21,axis_22,location_x,location_y,location_z,dbh,dbh_approximation,score,reconstructed,number_clusters
0.7353412698107249,0.66706565718582012,0.11956849884648313,-0.66654101903855156,0.74377205297332472,-0.050261348518479021,-0.12245932733851207,-0.042738065224066958,0.9915529087893914,-10.272670381894379,6.0398815284846199,-2.0463598146004904,,0.1645557534802995,0.3181818181818182,False,6
0.46381211281293511,0.88571450491604875,0.019701263647803714,-0.87388222176399455,0.46104520584730402,-0.15416608138641236,-0.14563030760396714,0.054287511883821873,0.98784851043094557,1.4291528138060769,-8.2869777508417268,-4.202712531780425,0.3099423840927584,0.2525104004507025,0.9701149425287356,True,5
0.44947292102913217,0.89263477953039772,0.034310984163369126,-0.88091448644056525,0.44928926810153469,-0.14875759190019058,-0.14820175721190293,0.036637466363093535,0.98827826810964436,-12.934086711736223,-8.7216802453092708,-3.7545033960838117,,0.2902325764110207,0.9207920792079208,True,5
0.21799051554801219,0.97504123878373339,0.042127399660981495,-0.96270396950853865,0.22191911249227261,-0.15476748561356987,-0.16025355604047098,-0.0068183708997278936,0.98705233275376969,3.8892917587168521,11.513277731082555,-2.0308051786407182,0.279833631601477,0.2485419895689553,0.8442622950819673,True,5
0.077370066102022433,0.99629376382204982,0.037584691573347477,-0.9839636227643288,0.08238076029043484,-0.15820556061804167,-0.16071546891281996,-0.024741594598265505,0.98669062605705771,17.488407433702104,12.65479200221281,-2.9815835357840181,,0.2567716629227265,0.8936170212765957,True,5
-0.50581714239390141,0.86189677485848237,0.035818541972237064,-0.85176904160101752,-0.49244037408188535,-0.17886301390779411,-0.13652295862071934,-0.12098110374203909,0.98322177269769895,-0.92512310133636166,-19.779881581254472,-5.5712186127626673,0.1401235709292656,0.1886174539421361,0.8048780487804879,True,2
0.87532676430211487,-0.48215213072580215,-0.036501760683003232,0.47965493901023976,0.87537111271889012,-0.060469450968038796,0.061108061493338486,0.035422279060806527,0.9975024145167094,8.9089319184599329,-1.5591792256706172,-3.814088783452767,,0.1403396029285182,0.125,False,2
0.99521794211233161,0.087839843515220173,0.042724812333336963,-0.089437766232003474,0.99530320242360715,0.037046203810151668,-0.039270009792801222,-0.040690258496788208,0.99839980428400477,2.8780388901759122,-8.6941856393984143,-4.2967029777358308,,0.2133342955673345,0.2191780821917808,False,4
0.64463142967365195,0.7636268877480451,0.036390880521629129,-0.75399215235512329,0.64291856060226404,-0.13472772031027277,-0.12627808227793741,0.059411284629681767,0.99021419157415558,-10.166957006801395,12.652859411055859,-1.1958274784429892,0.3365497880142831,0.2745494177002797,0.8076923076923077,True,5
-0.99264396189733295,0.12102491041093576,0.0033069576338046192,-0.11950821583607153,-0.9750994961385393,-0.18681209537405891,-0.019384304383850283,-0.18583310708910966,0.98239009820598366,-17.391080445740151,-14.769406768972871,-4.5065985487106506,0.2969552954223492,0.2648581121376014,0.6060606060606061,True,5
0.25885735712875563,0.96092686219326906,0.098043022065386287,-0.95506383341374457,0.26979949499615807,-0.12272451509320022,-0.14438124104383776,-0.061869200861302258,0.98758607686592281,-5.9214933328445136,-9.7822321800961927,-4.0817631047111371,0.1341916775637137,0.1804204815070224,0.3518518518518519,True,6
-0.91410952962078584,0.40534927451278113,0.0097843501791494703,-0.40050837383498777,-0.89890429842546582,-0.17766289640855054,-0.063220331733707918,-0.16632206084636972,0.98404276417811054,18.381410312279254,-4.2654272700704929,-4.7173767243819071,,0.2991739054515484,0.9682539682539683,True,4
0.61648894844731461,-0.78426290522785103,-0.069807391627932772,0.77621113335053571,0.62023292126773011,-0.1131697832390573,0.13205170542254246,0.015582646093294638,0.99112033993644255,2.3023799126431834,6.1103167388057091,-2.5131003227231687,,0.1122895062224823,0.2698412698412698,False,4
0.99766035589420321,0.06791662717853976,0.0078195926838080382,-0.067890593363761298,0.9976864623546754,-0.0035482625223165754,-0.008042487784622715,0.0030090840636538829,0.9999631312220113,-15.901015375114183,-2.5165882270885094,-2.9069613022624359,,0.198765221456689,0.2857142857142857,False,4
0.38193797473585028,0.9058567161606409,0.183158382940387,-0.91202892538379032,0.40147882602109403,-0.083773453551904936,-0.14942095809479311,-0.13504947998191144,0.97950753710150151,-6.9671279135981452,15.227599619000184,-0.93626982736466824,,0.1860226167637253,0.358974358974359,False,4
0.91990242974084324,0.39167435482577906,0.019254078235632893,-0.38594747419932329,0.91296306784779824,-0.13244992980405906,-0.069455503137309471,0.11440994938267932,0.99100267233050232,-1.6911531341609272,-0.88454012162407147,-3.1991765468522302,,0.2560868083972839,0.9454787234042553,False,4
-0.98472622991538705,-0.17009713194698556,-0.037164738934066029,0.17390772893309975,-0.95063080061960092,-0.25701591921643108,0.0083877251957234292,-0.25955355250264894,0.96569229025051995,-17.628602945536102,-1.1705131591330415,-2.7085702968450738,,0.193364190577761,0.5882352941176471,False,5
0.25730966348067502,-0.9659879285808336,-0.02567214279276013,0.95717229180501739,0.25843011348119344,-0.1305185053807616,0.1327137554294667,0.0090110089450325601,0.99111344498881648,3.7815411425306507,22.524045990499808,-0.83415904943323749,0.2017092466986281,0.2493444223286724,0.3684210526315789,True,5
-0.58492120652984314,0.81055431184375459,0.029476935104759294,-0.8007321779127724,-0.57128058757680056,-0.18018454293577441,-0.12920975739757798,-0.12899689069664888,0.98319104999173779,-3.1433184037841859,-12.677096744475049,-4.5136066553808343,,0.07591689129691825,0.2666666666666667,False,4
0.35340663781972304,0.93484263466501949,0.034249040242373477,-0.92273976601953023,0.35438307880757569,-0.15153863421941596,-0.15380205639451441,0.021951807839635455,0.98785780635746845,14.732519922577149,1.8402864796219662,-3.6575212449390917,0.2714813622849551,0.2631842608949495,0.9090909090909091,True,5
-0.59647243560522301,0.7850094193477497,0.16727475929882732,-0.7853183007610709,-0.52773443915852203,-0.32368430332004516,-0.16581857571730629,-0.32443269450125944,0.93126130956125019,-1.7708957684984221,-3.9579968026269632,-3.5819674791078753,,0.5033884649556755,0.1824480369515012,False,6
-0.3325323401899547,-0.94140665941990043,-0.056353742800793492,0.92747022378381083,-0.31560894454916105,-0.20047438269009543,0.17094217362079595,-0.11893063407058112,0.97807682599955759,-1.7703968930891669,-17.028043511886477,-5.0839195922566862,0.1933905722877323,0.1805159485980554,0.7627118644067796,True,3
-0.97041675853859566,0.23458946441278924,0.057088509649190877,-0.24039896429665808,-0.91695686101806384,-0.31843123747049906,-0.022352912842384574,-0.32273502787646074,0.94622536906861721,7.9398058981159521,5.7401150199715794,-2.8529180079598269,,0.3451875464731055,0.2407407407407407,False,5
-0.68458741551461766,0.7288131470257958,0.013094550063859876,-0.72028899192457374,-0.6736042323063165,-0.16565357325244254,-0.11190995769501771,-0.12283621184885435,0.98609706744687442,7.8049222094827293,2.1266668631137455,-3.3918213234304124,0.2453265734727949,0.2276237039540285,0.9928571428571429,True,5
-0.84547696042434162,-0.52423121257657157,-0.10173664606283347,0.52427243272968049,-0.77863434860465386,-0.34477089124911597,0.10152401524427271,-0.34483356410521393,0.93315737547059885,-0.92234489784201257,12.83346333944144,-1.5422879753711587,,0.2155643176599164,0.3125,False,5
-0.40473783319368978,-0.90945667382341144,-0.095267228466742876,0.90032826138939026,-0.37809896080636057,-0.21552307899783876,0.15998846247537715,-0.17300212216966604,0.97184050008196154,-0.1912923183048687,-13.151068206753713,-4.6803764175501517,,0.1878702158962221,0.3181818181818182,False,3
0.56283987159267723,0.82212971392440248,0.085521999673283097,-0.8119068514543385,0.56929045658062238,-0.12928898099887501,-0.15497917120387394,0.0033330959789406589,0.98791211500019249,-13.327699919119658,10.115923237688381,-1.4299671467540238,,0.2542396970838366,0.821917808219178,True,5
0.90775330055234815,0.4081184181896545,0.097073694020019141,-0.41599711305586945,0.90559203846365621,0.082761475339808294,-0.054132682046061698,-0.11550937886428952,0.9918302456211372,9.7021311694221115,10.232915729919076,-2.4100358421739814,,0.3730592927017455,0.2448979591836735,False,3
0.96339061359716016,0.2661992466650217,0.031882388678732124,-0.26582442888600222,0.96389609597169956,-0.015546355777043108,-0.03486973817391753,0.0065020954691998797,0.9993707140566962,7.0614460657494975,-13.562299050940135,-5.1164608171318857,,0.1999188769338885,0.345679012345679,False,4
0.98067326593590753,-0.19565132124588419,-0.00071131803071870087,0.19389323989428214,0.97233476205829905,-0.13027095615036155,0.026179323938929522,0.1276153242669972,0.99147817525668691,12.025919598424599,-15.140972464385488,-5.5990025829089101,,0.1510921528258841,0.6052631578947368,True,2
0.036382840309058681,0.95759274583284582,0.28581886232254633,-0.98672886695538109,0.079713361502479291,-0.14146350453358364,-0.15824800803799621,-0.27687887807899719,0.94778460360237982,3.5589262807755118,8.6479059552206188,-2.2748813864486626,,0.4232134118192005,0.2891566265060241,False,7
0.96664960490792573,0.25587435886107801,0.010809894022747277,-0.25184216710578294,0.95738866539920953,-0.14135935141540179,-0.046519503423978661,0.13392257405886629,0.98989932819384885,-7.1546845435466295,3.1822205676615152,-2.5158223996987803,0.3195979970350537,0.2567164420858007,0.9241706161137441,True,5
0.017188762809574494,0.9921384273016508,0.12395921710177281,-0.98562946560895104,0.037650405846130691,-0.1646724125742888,-0.16804494326367375,-0.11934734186830435,0.97852803180720382,2.0350862810625285,-10.341097937681171,-4.4612837696453509,,0.1579200674456441,0.3855421686746988,False,5
0.57970945645508898,0.81310493198209766,0.052889655727132473,-0.80291144293326699,0.5810883572476776,-0.13292680646888219,-0.13881700509435246,0.034593216930270829,0.98971366992633314,-0.29829870331904673,23.804691313235448,-0.31577555479026209,0.2096761204030871,0.2452707356372194,0.9583333333333334,True,4
0.77547886351496609,0.63010068451623957,0.040070682720668119,-0.62363261563432293,0.77433466936767048,-0.10718293022842434,-0.098564156561232047,0.058128712246399206,0.99343150737931873,-2.9513894611674658,18.754313739453281,-0.74264591347662312,0.2361431079634307,0.2002012038159516,0.6428571428571429,True,5
0.49254862740888711,0.86910140693386051,0.045371732424571064,-0.8583506637948638,0.4937378706541678,-0.13948854090858598,-0.1436314297100017,0.029760032719638896,0.98918368003722545,4.8946106830597467,-8.0367895669633374,-4.3398103788695872,0.2491249806171735,0.2057448182433894,0.8823529411764706,True,5
0.76863555202612499,0.63822787957577554,0.04318057310530949,-0.63056468992938131,0.76730548461101145,-0.11674958286916347,-0.10764552928829324,0.062509735386336862,0.99222223972564372,-4.7077612272760714,-19.587188757247588,-5.3793248909551474,,0.1248187728993294,0.5333333333333333,True,1
0.90286055516070329,0.42923746492410775,0.024454378757835134,-0.42387083779306961,0.8982063068028926,-0.1164428756434213,-0.07194672197888953,0.094766181336135527,0.99289628867845925,23.44887236798936,5.4078025045204399,-4.1679085701416083,0.3090773258531319,0.2535805551584567,0.825,True,5
0.10519940798925385,0.99048689615237939,0.088706217984628216,-0.98104225451439142,0.11796616306075561,-0.15375330640361429,-0.16275496740815926,-0.070849791271034107,0.98411946818504714,-12.122761235825543,9.3633753167122045,-1.5938112459787552,,0.1212231424466205,0.4324324324324325,False,5
0.69614332461626938,0.71722386845606645,0.031215286465485763,-0.7077297911858409,0.69292356781854869,-0.13775148576207427,-0.1204284611719881,0.073802789097216645,0.98997481486208438,-5.2348313464912772,-17.341526787293002,-4.9971930061656096,0.1242716230594476,0.1359809558085506,0.4516129032258064,True,4
0.94704789095690112,-0.32076565067562446,0.014480662302881472,0.321079470412171,0.94564259511974436,-0.051653228118257719,0.002875050247699934,0.053567524133938366,0.99856009055250849,-0.62044684246395598,-9.6169029359995157,-4.2767121777593644,0.4471451745965136,0.2173381256754706,0.1739130434782609,True,5
0.9207368192075549,0.38887105571498337,0.031984555377047919,-0.38430733882842266,0.91799054285318349,-0.097985879363981163,-0.067465391706926336,0.077927307532283677,0.99467369305848163,-4.9530601785439252,-12.770380402069829,-4.4711643138717019,0.130149934223665,0.2036275057513502,0.6341463414634146,True,5
-0.73724424566092628,-0.65776644045811561,-0.15431860564077488,0.66201055804311559,-0.65766654589502249,-0.3594672939920317,0.1349553380911451,-0.3671757402356145,0.92030920483451295,12.581705325837651,0.94895200682873426,-3.6604092909747146,,0.3782430233855581,0.4142857142857143,False,5
0.58452230447788267,0.81062746595723112,0.034882474161443681,-0.80022610046335785,0.58305891198889792,-0.1402871814797445,-0.1340591798612597,0.054087120334521288,0.98949619489356566,-2.8183504635576826,10.722177148888623,-1.6693611102855486,0.3332612095071517,0.3203456030263488,0.9640718562874252,True,5
-0.87059291569495367,0.46682421654541612,0.15538058433574733,-0.48590884012302082,-0.7662474360338184,-0.42042533922433922,-0.077204755242540141,-0.44152012141957736,0.89392360308338503,-1.5397761473789067,14.091715326527375,-1.3246986803938594,,0.3106775916454089,0.297029702970297,False,4
-0.25567767532846863,-0.9294072132222625,-0.26614123759586461,0.96316044827872926,-0.22114213434054691,-0.15302975949411166,0.083371920993511345,-0.29546300687181759,0.95170937494600527,-3.535218013164326,11.373613072339914,-1.5570761269979825,,0.3532952989678927,0.2307692307692308,False,2
-0.50426252257344473,-0.86240699614012728,-0.044423882500601454,0.84521656068923623,-0.48235903017759041,-0.23008418359981175,0.17699794875795402,-0.15357063200591392,0.97215625653532622,-1.3815231753717576,-12.107099897900657,-4.5083638414479132,,0.2847263863191803,0.2,False,2
0.47460680419127887,0.85840714401653306,0.19464212420933008,-0.86820690376012366,0.49292842814263155,-0.056906387972654043,-0.14479348631275071,-0.14198147706730557,0.97922219464796922,15.963248984356275,18.555172345845559,-2.1941484783559031,,0.3584751981838865,0.3,False,1
0.47412453024888535,0.87974922700461355,0.03531610682197027,-0.86850591865999982,0.47389873256581722,-0.14531847964062905,-0.14458007839541967,0.038226808097185434,0.9887544245533757,-20.577262774613597,-6.0669084445935964,-3.2976835489054426,,0.3316255610728586,0.9027777777777778,True,5
0.98986486078898528,0.14131614714633225,0.014046491765595602,-0.13823533063894278,0.98147252472017932,-0.13267507898072306,-0.032535376720531403,0.12938867715188665,0.99106004837574779,-3.6581235208922211,15.373338495573616,-1.0685549091497506,0.2494057469570207,0.1882853310915581,0.7959183673469388,True,5
0.99985650256207526,0.010565580788567262,-0.013241706345293584,-0.011416494010781719,0.9977593206097114,-0.065924212554637943,0.012515508333124689,0.06606592646022276,0.99773676659333121,9.4819649366980432,-12.104264265264472,-5.0600168592720793,,0.1539925796273958,0.2954545454545455,False,4
0.86041032087441971,0.50956197065894493,-0.006377914310564857,-0.50649362936225384,0.85371517537796637,-0.12097356217298914,-0.056198604504311175,0.1073172744135025,0.99263523988634761,29.028633808087584,9.5462710811469709,-4.4606085984963855,,0.2349280614541499,0.9354838709677419,False,3
0.84898320299326813,0.52646544034596399,0.045405519010581,-0.52119548888049316,0.84843920379174709,-0.092228953370667485,-0.087079178946024308,0.054635680562753849,0.99470204533997486,3.3435705373137492,-9.8487117376715485,-4.4748569891865104,,0.2416900865258647,0.1379310344827586,False,3
0.31740116993131667,-0.94748884755036322,-0.039004885513426971,0.93667046679537691,0.31966582115286912,-0.14304614437303825,0.14800315523515625,0.0088682892570045441,0.98894712673938812,4.8599925103913852,-11.424612587743763,-4.81650363283714,0.06731744317259068,0.1513056038155219,0.6460176991150443,True,5
0.94040090298872947,0.33992348274464129,0.009907953206188376,-0.33475103198318223,0.9304369854070148,-0.1490931345599171,-0.059898983665642121,0.13689062080895359,0.98877351789495371,2.7790824346608405,-3.0075480565389272,-3.6986539238387803,,0.2318760274887423,0.8493683187560739,False,5
0.31027109915932632,0.94673129031828029,0.086207360235358355,-0.93322049691992803,0.32061235914688657,-0.16219500390206784,-0.18119423046826683,-0.030126053418150521,0.98298579427703858,6.4642275030109939,27.139168839834895,-0.26303172359880406,0.2679453169480578,0.2815428156170602,0.375,True,3
0.96613776272014562,-0.25323642547268427,-0.049488748821611493,0.25276347826476947,0.96740077584619977,-0.015695953225782572,0.051850241094968275,0.0026555048461956669,0.99865134095559327,-1.7545446854800366,11.56877423361794,-1.6452619142153606,,0.3337030290419872,0.3928571428571428,False,4
-0.99257516217465647,0.12136965675489084,0.0079971153021243038,-0.12083052047584904,-0.97635515171734599,-0.17925011307258559,-0.013947499972788394,-0.17888550565710812,0.98377103185157411,2.9826778548152961,-15.488412982849271,-5.1948572560554807,,0.07148887966668091,0.5,False,1
0.65524627977971805,-0.75531098824975795,-0.012554834288608756,0.74563869400039873,0.64934192733805252,-0.14959277860339396,0.12114144973633179,0.088658741419435222,0.98866798103595022,9.1170634808460846,-8.0975768572897362,-4.6455844310482819,0.358754272026219,0.2932088567040461,0.9871244635193133,True,5
0.54767621244126585,0.8361514102928177,0.030026411562528485,-0.8249288597176464,0.54562573490577793,-0.14759720123862313,-0.13979679084633545,0.05606582268961105,0.98859166534783394,14.372634988879806,8.163816688173041,-2.9438244671039628,0.3544752585438687,0.3312960201492739,0.9933774834437086,True,5
0.49015106578418782,0.86865548348517796,0.072038765409725952,-0.85916151911066785,0.49541585184023773,-0.12808051305667903,-0.14694698632525757,0.00088586485663962738,0.98914397256081044,3.1426609109485701,-8.4660993117314636,-4.3011192082486787,,0.8492927547518998,0.5144927536231884,False,2
0.72214292641505895,0.6664340841981321,0.18540551568842684,-0.68198510649123056,0.73076815599884726,0.029567155801479061,-0.11578388641274484,-0.14779551277708328,0.98221717458519264,13.8357584439897,-2.9546401737187855,-4.2198031305100479,,0.3991868530956587,0.1857142857142857,False,1
0.37901813598779516,0.89228770635606147,0.24529146270952337,-0.91680903401203551,0.3980842429665003,-0.031466341632097439,-0.12572369604118658,-0.21295911482636443,0.96893857786039028,7.8288334968764852,9.5343478584071626,-2.4041894210574943,,0.5354476494291203,0.2745901639344263,False,4
0.74228096763272378,0.65059908401224875,0.16043627075150385,-0.65873153278271024,0.75237087923924872,-0.0032905608185417046,-0.12284841394160495,-0.10324190987763847,0.98704071609880872,9.8862183746404639,5.5361345834403854,-3.0038605039840243,,0.3218422605052567,0.2571428571428571,False,7
-0.44171173934164665,0.89432917784778965,0.071176266956581566,-0.88649803403541982,-0.42289504558478258,-0.18783241485744973,-0.13788391849346976,-0.14606540339841556,0.9796187640867976,0.1214729716982767,21.035363641039631,-0.71871566690893007,0.2376099967808693,0.2751258662137976,0.5223880597014925,True,5
-0.39456710484041724,0.88757268956244029,0.23776358114889717,-0.90789169838512662,-0.33670254229076718,-0.24972797604254376,-0.14159612911807437,-0.31439802600816558,0.9386716238711742,-3.2970738491416602,17.405703425325427,-0.88965004766962963,,0.226089983338071,0.3,False,4
0.087977891164180755,0.99567890445225748,0.029722212149432138,-0.98305987063394584,0.091601833676100752,-0.15875262144716093,-0.16078924533523123,-0.015251993178868765,0.98687091115738035,4.2986579520133441,5.4947795117837295,-2.7184774682631483,0.383675793067288,0.3682558475841791,0.978891820580475,True,5
-0.33352012598177133,0.91489458774567389,0.22744717821678251,-0.93040442547240532,-0.28052628629094511,-0.23590804937766358,-0.15202608534875484,-0.2902979435226577,0.94478313562428107,2.6287091028321323,-12.972442974813257,-4.8116139349377844,,0.1027223221582083,0.2045454545454546,False,7
0.87571928018498524,-0.48065256851438237,-0.045703946140555361,0.47856723258219724,0.87664416286143765,-0.049683152271040032,0.06394643235481795,0.021636083321544812,0.99771876482683952,-4.8323408321850936,-8.9261626222638171,-4.0459436322837981,,0.4422107070680909,0.5111111111111111,False,6
0.83047279893812254,0.55625732136536499,0.029878464674588281,-0.54859711804014166,0.82599345964129067,-0.1295222247641831,-0.096727102209940463,0.091173444912660426,0.99112626372265322,-7.7889478298465349,-4.8346707155681514,-3.4438750844728898,,0.3137703662964192,0.9856115107913669,True,5
-0.51475913496345871,0.76852889091868271,0.37998207430742148,-0.84656643993644931,-0.38561652667668689,-0.3669130102996267,-0.1354558811753768,-0.51055189567477555,0.84911039687304191,10.136303708476319,-0.39683221924499157,-3.711369950171993,,0.7586590709835289,0.4424778761061947,False,1
0.37143063197114534,-0.90302756454312749,-0.21582516838594612,0.90970397826960536,0.40044655048054911,-0.10991465838859585,0.18568241045927947,-0.15551134326323399,0.97022588326765169,-3.5362642189075513,11.138241430923774,-1.5740924235046174,,0.377303125386427,0.225,False,3
-0.80171806492488706,-0.58191606861660872,-0.13646183883739399,0.58846415057457513,-0.7284930167038155,-0.35072477543269798,0.10468088584663562,-0.3614852883584101,0.92648275668724611,3.6308015161643379,-8.3571018660501508,-4.2949864368065596,,0.3248425622472758,0.282051282051282,False,5
0.055480937271480374,0.99816220047303716,0.024373902976417297,-0.98505505232334789,0.05870644197593481,-0.16192621024026363,-0.16305952744849322,-0.015025818358810311,0.98650180703885337,0.49385171049732995,16.182021835747744,-1.2930688841804736,0.2544714670778868,0.2383314818367739,0.9466666666666667,True,5
-0.20970616009063173,0.95938795875379579,0.18867451078051703,-0.9617127376564969,-0.16756534141336876,-0.21686508844502284,-0.1764424457132942,-0.22692862524425222,0.95779510459986428,9.4556406963854531,10.544265443742118,-2.3860194909348831,,0.2412323728043316,0.1549295774647887,False,2
0.42012016383347472,-0.90479411347556793,-0.069617958606216349,0.8959561206440525,0.42574918527957051,-0.12649213854719879,0.14408913151586483,-0.0092327381498880784,0.9895216413627651,-1.2086379853141596,16.554013534429007,-1.1119535501739473,,0.1979098250242819,0.1428571428571428,False,1
-0.10632371585586356,0.99350775375228206,0.040467402692768419,-0.98124238026563748,-0.098255342297751999,-0.16585921403582043,-0.16080627667236783,-0.057343098486641514,0.98531878620004154,0.13905751253089674,-11.545648329724362,-4.5275557644286906,0.2322953672493656,0.2157375000461491,0.9523809523809523,True,5
0.98572911015451936,-0.15398093720829081,-0.068029349331268557,0.15101550037418954,0.9874228458759442,-0.046802159020547296,0.074380374029125312,0.035860764335242434,0.99658495149213411,16.065698133757408,10.387991467334313,-2.9768566912663004,0.4006534209306433,0.1775255340179452,0.1666666666666667,True,4
-0.30294185129424345,0.95249577483225212,0.031273529719637524,-0.94114934024757013,-0.2938498416440124,-0.16700356258880655,-0.14988046599200697,-0.08002543028623671,0.98546018510212896,-5.8884516400132227,10.783748641117354,-1.554435722118823,0.2863872117961404,0.2451820639455427,0.94,True,5
0.58916492772952256,0.80758116318534123,0.026407438377808443,-0.79692708885740493,0.58616645324646122,-0.14600035662191313,-0.13338629231944374,0.064973486567025784,0.98893202145779269,10.025441955515095,8.0011130086737126,-2.7444207606341986,0.311205640960621,0.294988606802625,1.0,True,5
0.48862690657864499,0.87153779295356237,0.040812027896405791,-0.86095236029040023,0.48921887958533827,-0.13937690327903868,-0.14143825323360076,0.032966093352099476,0.98939802769731022,-16.260821693834018,4.9188588806657867,-1.9674990862763069,,0.2979462796370112,0.9207920792079208,True,5
0.99542160457808582,0.095110579438746984,0.0094766459264966803,-0.093174432812637556,0.98768280944784403,-0.12570279627462005,-0.021315586063574581,0.12424429805846691,0.99202268128845039,-11.25078280945908,1.2854619361413744,-2.5938166708728776,0.4165318570398281,0.33888292325722,0.9896907216494846,True,5
0.32948285163778157,0.944006226948786,0.017125827237060697,-0.93154421771218021,0.32798177310857302,-0.15701377950855042,-0.15383894475599749,0.035779882482681352,0.98744791208746152,9.4225567309174565,-16.209582010783958,-5.5871857408877492,,0.1500379907899766,0.3076923076923077,True,2
-0.99853922687582963,0.053234626281643306,0.0092459155779028405,-0.052057533701003397,-0.90203511596397945,-0.42851215006440468,-0.014471543635315262,-0.42836751059400358,0.90348871066123848,3.0471284587598118,4.6847736226878638,-2.766237233063451,0.5011264199797496,0.5229570825984096,0.2336448598130841,True,4
0.74259802095111072,0.65579623018301048,0.13593926495772357,-0.66513509228303758,0.74589779409727852,0.035096862743692531,-0.078380407584607459,-0.11648083635760245,0.99009531181008248,9.7135906488791104,11.874690172244549,-2.3447810433372829,,0.3005022589135707,0.4210526315789473,False,2
-0.64578191132932994,0.76319365576354825,0.022386755059826142,-0.75409327001823145,-0.63293939827710421,-0.17530276159213407,-0.11962049620800323,-0.13008905377043964,0.98426001390692641,-13.488374402484853,-14.663076187823853,-4.5284299986546861,,0.2683345661395098,1.0,True,5
-0.45224140581369271,0.87262487907463748,0.18440046444526398,-0.87581146984369562,-0.39540327253902335,-0.27678605701092662,-0.1686178524293323,-0.28667415733791707,0.943072609800918,0.53697593516432507,-13.106691935041081,-4.6955962509836517,,0.4813632868122363,0.3943661971830986,False,7
-0.82478271770638023,0.56455369376004783,0.031821304730714504,-0.55841701194492266,-0.8043855447367575,-0.20281601561280999,-0.088903933227857224,-0.18504870245542737,0.9786996824236639,-2.4165278263881955,-15.37501165814265,-4.8537789170684063,0.1982538971649801,0.2173478305065476,0.8333333333333334,True,5
0.31654021213602362,0.94785857746908242,0.03696499992113482,-0.93571836510458417,0.31840657603323397,-0.15181697383625287,-0.1556709199140488,0.013467347811681289,0.98771716358279094,-9.1656275857976492,-11.18347733575167,-4.1664074844913008,0.2368531005836607,0.2872327330267951,0.9692307692307692,True,5
0.48729790568934128,0.87022387622688113,0.072464862902269972,-0.86160466557504478,0.49264804029535797,-0.12221010045188552,-0.14204982002839137,-0.002883337962563938,0.98985531012976657,7.6083194452333798,-14.236742382931507,-5.228277886702819,0.1957589284090595,0.1382437942443721,0.7058823529411765,True,5
-0.39122918954892638,0.8841573345214202,0.25535373319547683,-0.90826118742961015,-0.32623186385210734,-0.26198165282426578,-0.14832847553266484,-0.33442275463783339,0.93067721822692007,1.0092130369064054,-11.852735686532794,-4.5833150207708933,,0.3062535894929992,0.2063492063492063,False,5
-0.59769180840082958,0.80085777544212644,0.037300478340567531,-0.79176202510417548,-0.58231218067513812,-0.18445980548699789,-0.12600554659808283,-0.13978321698707122,0.98213199442603627,16.311328031996887,-21.752320306211708,-6.5254610272053197,,0.2773810598814166,0.9038461538461539,True,1
0.86333574075824149,-0.49407141383250053,-0.10268805560030804,0.49758260250331132,0.86735694999571655,0.010172265242283984,0.084041373236339284,-0.059877870099742568,0.99466159484362737,3.1262750591403341,4.2559636984676015,-2.8194232850290937,,0.495514491659466,0.2087542087542087,False,5
-0.046345293521209342,0.99690527175678412,0.063497975652498317,-0.98763076664485816,-0.036196656152784112,-0.15256235072863469,-0.14979179732189207,-0.069783101298877728,0.98625186247134011,17.419765878125595,18.056858572950528,-2.324317362397311,0.2602745367180743,0.2618825149128114,0.8867924528301887,True,4
-0.27850838118533433,0.89736853973643693,0.34229049870076639,-0.95011585085187056,-0.20532527855407218,-0.2347794708800553,-0.14040281895158149,-0.39060367878194324,0.90978888460590768,-9.8590394283144338,8.8354960764447412,-1.6704586482283459,,0.2603177185772869,0.2727272727272727,False,7
-0.93276259720432175,0.35953510695337421,0.026238218778617123,-0.35826362329212214,-0.91646101554655668,-0.1781751475626584,-0.04001391610738942,-0.1755953127261673,0.98364890721555254,-18.550657157705743,-9.3765309678207771,-3.777362469065825,,0.2862560543453299,0.8181818181818182,True,4
0.67918253565633657,0.71925189717123139,0.14624565523465405,-0.72680676616161644,0.68683722000188585,-0.0025608361475144004,-0.10228884553616847,-0.10455305655821624,0.98924499010265998,5.0828358670279581,-9.2553636746386569,-4.5250435376268561,,0.3003164837712223,0.3629032258064516,False,6
0.98801841365089382,0.15356749759901808,0.015383041570085975,-0.15128512779793268,0.98338482980081776,-0.10033487242619246,-0.030535624996624971,0.096805476078540134,0.99483479804803399,-6.6505535557799265,23.395628279481564,0.035228701462376423,,0.2309942477102914,0.1515151515151515,False,1
0.43485568490760973,0.89976179634023079,0.036458787008540008,-0.8880121410430285,0.43519290187522469,-0.14846405463140636,-0.14944888980420565,0.032184592649615665,0.98824550660869082,-11.448732763134208,5.9228994314785925,-2.0061352329503683,,0.1067740465829853,0.2647058823529412,False,4
0.012237525404776224,0.91659935178951502,0.39961965826396556,-0.9861607204056908,0.077146294176219821,-0.14674972853060256,-0.16533988176146996,-0.39229335655083075,0.90485835681900273,-2.4811478429168496,-3.5594502293150154,-3.5090923244592429,,0.2576382678157174,0.3636363636363636,False,5
0.91557032721437681,0.39972348513698108,0.044182704246172572,-0.39599448067263382,0.9152418284898719,-0.074301861748727119,-0.070138058152261581,0.050532472851243834,0.99625655430023041,4.9719611084475153,-22.071061104074897,-6.1565393447575536,,0.1508503216258587,0.4230769230769231,False,1
-0.90567085815101034,-0.42066989666723542,-0.052887945072495023,0.41635862085312531,-0.85889311682055169,-0.29824170184527021,0.080036213911560822,-0.2921291699167633,0.953024004181661,-2.4505363802571187,-10.88636049337947,-4.3558068111381765,,0.2186659979863784,0.1515151515151515,False,3
0.99239397892753012,-0.12106592382281728,-0.022298714700926536,0.12133510017108151,0.99254911956375735,0.011137267155106517,0.020784226106813568,-0.013758173648358282,0.9996893160392395,14.992964922738951,-5.1333105998861015,-4.6411594229325388,,0.2146658649563372,0.7096774193548387,False,4
0.91274299344920384,-0.40680030108934839,-0.037599773177527891,0.40399480899008022,0.91245209529989435,-0.064956663183239199,0.060732381959337209,0.044098626015415754,0.99717946677872216,8.8869899946884878,-21.72307233762205,-6.2566503323093352,,0.2044503870936552,0.3,False,1
0.49689097330648591,0.86173277876104482,0.10254744587409818,-0.85625528780076166,0.50605967867349477,-0.10358804822041326,-0.1411603441472436,-0.03633482667699852,0.98931973477262858,14.219030147753868,-4.5550065557562478,-4.4719488823177169,,0.1725284631017831,0.2173913043478261,False,4
0.6153758535403191,-0.77301080401829925,-0.15416502765058651,0.77966300854796178,0.62569293412436822,-0.02517827017051745,0.11592304335836152,-0.10470266977408504,0.98772425249191587,13.604128109936802,10.436999052672164,-2.7940067312821375,,0.4303515083609997,0.2054794520547945,False,3
0.19319134276279668,0.97326971451502009,0.12419004746499976,-0.96578961707112354,0.21095250298277293,-0.15082923139403537,-0.17299572433768381,-0.090802556644372506,0.98072798219879775,-12.101687140724081,7.3064310008227977,-1.8477393527217596,,0.2252391840301596,0.16,True,4
0.097091250660400308,0.99228052776787057,0.077153374896488103,-0.98147931153839818,0.10831974962900602,-0.15800377483599559,-0.16514130333539773,-0.060383657168377902,0.98441970920926813,15.396530444592084,7.4548272319190199,-3.070813831826956,0.3817210005089657,0.2529404536295862,0.4705882352941176,True,5
0.72340411442258379,0.68983338072795042,0.028572610484944111,-0.68067273827779551,0.71950626693080988,-0.13782363807670486,-0.11563351850516904,0.080253589830845656,0.99004457006610425,11.735194813176175,-12.501873661190885,-5.2716309081389419,0.2915507413537471,0.2239796559452335,0.8717948717948718,True,2
0.25124230967695377,0.96627213764762521,0.056528380784154349,-0.95419141256199258,0.25705783594047327,-0.15310132976087973,-0.16246861241833305,-0.015473363806538069,0.98659238036352748,-0.48786337373564459,-10.586181670431641,-4.3709115805795804,,0.1287245566390033,0.2666666666666667,False,3
-0.64885031148218131,-0.67840505257306605,-0.34461552189768213,0.756712749341104,-0.52775772615436112,-0.38582068045791179,0.079869194775606694,-0.51111482773219763,0.85579351750184585,10.108587644709232,-1.3214021295718859,-3.8061943154440736,1.113067352450342,0.6474513505835927,0.2452830188679245,True,3
0.8950351136470327,0.43553104824564498,0.096046089732440762,-0.43602476730437251,0.89977601930345519,-0.016897259647512708,-0.09377924949587807,-0.02675483321714732,0.99523345565927979,14.995266829339416,-6.2460672893957661,-4.7664553226943793,,0.2320580651690875,0.2777777777777778,False,3
-0.11173348477692374,-0.96044011893574877,-0.25508901645952642,0.98060090577058889,-0.064960132051374131,-0.18493794863620558,0.16105120918982485,-0.27080428206095924,0.94906667249247689,-4.8606290870436339,15.831549762600691,-0.96688938996662477,,0.1275399541664564,0.4,False,1
0.14051215608561854,0.98139416932296752,0.13085036649186263,-0.97498476418392732,0.16014567695416065,-0.15413653610389397,-0.17222381833353986,-0.10591905669792211,0.97934677710545404,18.261008565223619,-10.691401343825724,-5.3875257436988813,0.5585744156078378,0.3855220481264975,0.5128205128205128,True,3
0.89402076130894381,-0.44556822925604012,-0.046859699382442062,0.44232112889605596,0.89443390422463631,-0.065878751548525891,0.071266382542505766,0.038169936482924355,0.99672672216018854,-4.2226833179174958,9.9757314884750699,-1.7382995696122172,,0.359929849427389,0.2884615384615384,False,3
0.61128295145863398,0.77765642849417693,0.14691369057273851,-0.78045435951244935,0.6231255466920107,-0.051044546993732245,-0.13124079386392762,-0.083456768937359121,0.98783137313232861,-9.5655852772827057,15.628106869909029,-0.81793866253661329,,0.3891701281630452,0.2826086956521739,False,1
-0.6470455078927555,0.7586907567505129,0.075633632314869567,-0.75304690459899148,-0.62038016206998803,-0.21920039686071219,-0.11938370990082579,-0.19878830481532372,0.97274392297200507,-22.894203379320608,16.408119108634892,-0.22911154029463537,,0.2694271577528786,0.6363636363636364,False,1
-0.50071897572511792,0.86448202183060541,0.044173988731563529,-0.85396804331008169,-0.4849994862282086,-0.18845179586176217,-0.14148882766472581,-0.13208456491975554,0.98108846663082283,8.4956651461503458,13.718303924662548,-2.2319158777151444,0.3069787670152396,0.2882194177884839,0.8539325842696629,True,3
0.99917971162466379,-0.025766143016606222,0.031241154775433225,0.021197393170336139,0.99011519743491982,0.13864546992669108,-0.034504701135308576,-0.13786950961854688,0.98984919251222581,-0.63051201910731591,-4.01950400765989,-3.6300604120019466,,0.650579973171519,0.4792576419213974,False,3
-0.62277157579980058,-0.77700679729839983,-0.091738766766932406,0.77262647079458757,-0.59226847549602712,-0.2286184366168072,0.12330409970205587,-0.21325686363091845,0.96918399136127398,1.8672290813771537,-14.021038459038078,-4.87668393977403,,0.243980702239148,0.4571428571428571,False,2
-0.21163928499188001,0.96886406365380151,0.12849606689844389,-0.96501968921420633,-0.18633931484530092,-0.18443063512307711,-0.15474434554142397,-0.16303400229163043,0.9744096169577402,-16.243475252975134,-18.343801718090582,-4.9587513776303078,,0.1564561971445997,0.4705882352941176,False,2
-0.042060702085001282,0.99534942821573202,0.086662639532455718,-0.98602688741206457,-0.027359452680116626,-0.16432418461541395,-0.16118894081354643,-0.092363283287570708,0.98259205637932312,11.620112854983679,-8.4269491312792546,-4.8038745269314154,,0.09151234844599553,0.1785714285714286,False,2
0.042163771595733854,0.99433965888194986,0.097523633747677113,-0.98596807584088997,0.057190648906113424,-0.15683170310977085,-0.16152142206975656,-0.089542573406318535,0.98279853365801173,15.608290714490554,-10.602483922866712,-5.2295750255720233,,0.3272791817028957,0.3947368421052632,False,1
0.095577696514074523,0.99516079999352636,0.02280101062034794,-0.98227772547364567,0.098000993540684894,-0.15976944421058989,-0.16123080960965744,-0.0071265293996736895,0.98689099631688348,23.150333931251197,3.2066524334901945,-4.292273817744646,0.2769917993185288,0.2267508618541598,0.9487179487179487,True,1
