axis_00,axis_01,axis_02,axis_10,axis_11,axis_12,axis_20,axis_21,axis_22,location_x,location_y,location_z,dbh,dbh_approximation,score,reconstructed,number_clusters
-0.033452709617836918,0.99322495213141537,0.11128841216754233,-0.98071632120013996,-0.011168997127639194,-0.19511727456795591,-0.19255236573693144,-0.11566956370070253,0.97444555439613978,0.45310258058824571,-11.964876852174767,-5.2472621327585953,,0.1890822123792675,0.3076923076923077,False,3
0.92921565456381072,0.36550269193751223,0.054461449668377002,-0.35505540037491784,0.92390438890451043,-0.1426055497783667,-0.10243988470393756,0.11317447746473309,0.98828012611426552,-12.673562219558519,-23.831434958293269,-8.6865564395638977,0.2240299757784822,0.2154300060962289,0.4358974358974359,True,5
-0.42135798266903118,0.90056581777140132,0.10695166339431418,-0.88912529799074214,-0.38698871255854456,-0.24432752776785757,-0.1786439333253651,-0.19804278379685139,0.96377663432562766,-13.036984493434737,3.7433558886233618,-1.5889431965919183,,0.2453813818975169,0.6,False,2
-0.4170197072857782,-0.90889522770126119,-0.0020071863781774071,0.8881495181149951,-0.40703000001856304,-0.21334716439875809,0.19309323449408086,-0.090752653662366137,0.97697438996416486,11.059760805603794,-5.9897990696229932,-3.4026611834172318,0.24804235746376,0.2576578435486275,0.9627659574468085,True,5
-0.46117038606776778,-0.88721672306432131,-0.012975412483366817,0.86698339419027204,-0.44744462908661747,-0.2193925661909602,0.18884297501474998,-0.11242682160653161,0.9755503782845002,19.072056254013525,-7.466210523664766,-3.620286008737434,0.272036903655761,0.2469472755742148,0.9767441860465116,True,4
-0.99722611100478786,0.056542083159751767,0.048405334026557584,-0.070796607322963348,-0.92129902868757552,-0.38235577690272748,0.022976595087719622,-0.38472209784633621,0.92274643510928245,12.454825584462826,2.5050065320201953,-1.474918106526959,,0.1830225706760855,0.2142857142857143,False,2
-0.99957595745493721,-0.012097101222738466,0.026487080247762671,-0.0017365449594469267,-0.88323703664708075,-0.46892357746917174,0.029066986249840547,-0.46877072992763658,0.8828414994060152,3.4886042605962735,12.125363683931964,0.55783354946129338,,0.4126580118033549,0.1145833333333333,False,3
-0.65638578371278022,-0.75439479213721539,0.0067970976163310472,0.73563860238888734,-0.64201250510582564,-0.21599951380284518,0.16731272998514657,-0.13677880275828147,0.97636981185456917,-21.108632789675298,0.3890770739646715,-2.5496281146863704,0.3102226630971913,0.2896764036024887,0.9772727272727273,True,5
0.25923085237125865,-0.95435686861220448,-0.14833183242843859,0.94812586526074771,0.28072327378292811,-0.14917032942295749,0.18400192608347676,-0.10196769532211089,0.97762256536368242,5.2910288103963703,4.9301917017254224,-1.0854878338018754,,0.3830244638052465,0.282051282051282,False,1
0.99521619001703165,-0.090595935127886967,0.036566537521166009,0.095610860854397406,0.98010661621806705,-0.173924075769433,-0.020082291071095736,0.176588214170352,0.984079927750516,22.364085550208184,-4.7982798081955798,-3.0502229720517433,0.2489401637654037,0.2334630320138412,0.95,True,2
-0.60374810604497386,0.78048089769580353,0.16228922570232018,-0.78296970177789338,-0.54231006606475007,-0.30472649760511827,-0.1498221296903185,-0.3110455924407195,0.93851157098794369,9.3845810521125141,-6.1812743688269904,-3.4194168677670249,0.353359962469036,0.2892177102380551,0.2602739726027397,True,5
0.1521632702077384,0.97653329713776527,0.15241082238782366,-0.96770843318614375,0.17855764208108904,-0.17792570582931944,-0.2009644932322788,-0.12041548088052308,0.97216942166692655,0.99414426851072091,-17.809389386715107,-6.4814351625867612,,0.1282023809347428,0.4545454545454545,False,1
-0.99950749389172067,-0.0023570281351706955,0.031292396403320932,-0.0058655391330471335,-0.96556927531766124,-0.26007993004690971,0.030827992230621364,-0.26013538586839119,0.96507990131083532,-2.4598034179344745,7.2532477036874461,-0.59065636028073254,,0.1386034097473797,0.4193548387096774,False,5
-0.99666250750538243,-0.074500869929245997,0.033368645655296708,0.065030061987459545,-0.97169189737097983,-0.22712540065235379,0.049345082541124047,-0.2241974062369381,0.97329367914604181,-10.049699217080519,5.7794015361521431,-1.1089369339454456,,0.119169961806574,0.5151515151515151,False,5
-0.84227052591780982,-0.52556322655054077,-0.11984847127903682,0.52316057648015502,-0.74338465725053382,-0.41675203968482155,0.12993603190450656,-0.41371795496726055,0.90108494680058859,-5.3301687785945138,4.7929748976369213,-1.2245660555652953,,0.3948237517207446,0.323943661971831,False,4
-0.24240855057263622,-0.96993965518371794,-0.02133447705861579,0.94921958554599917,-0.23256970128921184,-0.21188089214964376,0.20054992651496015,-0.07161284343145205,0.97706260169474646,-9.7211246868612786,5.2807113371351226,-1.1865836755628696,,0.08558827618754485,0.4137931034482759,False,2
-0.68269929989175671,-0.73063233624885759,0.0099022802849312933,0.71060492008582099,-0.66702010921727029,-0.22388573301933357,0.1701831762458586,-0.14581002409751079,0.97456509448858963,-1.9401455977245732,-16.159061096983859,-6.3683920890071466,0.3325621594954472,0.2398187560564127,0.91,True,3
0.31703235220134374,-0.86984534659552104,-0.37796767145326143,0.9322041850920294,0.35916668999232715,-0.044661460979914053,0.17460196148551105,-0.3381839171310087,0.92474093303981009,-11.335152034405793,-1.6556552818309189,-2.9672470613011277,,0.5801230335918481,0.4722222222222222,False,4
-0.82287838985535533,-0.56806313960577781,0.013244807672558385,0.55101337257069583,-0.80343932693574993,-0.22554270367559101,0.13876389572696574,-0.17829615069948737,0.97414324608263836,-6.861300968647984,-15.824964700674306,-6.7129774812246588,0.3886072235758615,0.3193803149027055,0.986013986013986,True,5
-0.18289995346646684,-0.98296976031598204,0.017834161777454793,0.96238858131797878,-0.18271817181580394,-0.20105294883949776,0.20088759436742643,-0.019609181335040037,0.97941801823156016,10.756021880427749,-13.018934828475016,-4.9626377569381708,0.2174509711415398,0.2227392629380715,0.9306930693069307,True,5
0.088332660733418125,0.95741308441314088,0.27487729415553763,-0.97568974148496512,0.13872849873946982,-0.16965828007643363,-0.20056637157997234,-0.25320858878009656,0.94639238223859079,-23.065869215523829,1.9693207554303183,-2.1149147040242324,,0.2753223395817416,0.2647058823529412,False,1
-0.99500528110903308,0.094118294300422969,0.033260144965298367,-0.099141112441905835,-0.9706058738283535,-0.21930635538825283,0.011641751969316397,-0.22150842956392483,0.97508896273273837,5.6415565981388012,-1.3865083311498303,-2.4905575965316462,0.2351582945345474,0.2663068284695894,0.9006734006734006,True,5
-0.36532164191296967,-0.92363682412838188,-0.11590994376690772,0.90931310316781389,-0.32743160958291118,-0.25678438709014922,0.19922293632343527,-0.19920732456408266,0.9594929199752793,-11.401146676194795,-1.2219007058697775,-2.8619389507748774,,0.4178484474371256,0.1834862385321101,False,3
-0.50829389672836234,0.85956129402591241,0.052836505951823973,-0.84686272570212417,-0.48775725524352825,-0.21193485738233242,-0.15639961114103479,-0.15247046195837355,0.97585445629209178,-3.4654940927331768,-13.171654439554972,-5.7485957444513032,0.3107410536850261,0.2994514148755126,0.9739130434782609,True,5
-0.98597222689045794,-0.16504679269591127,0.024866121962719773,0.15453787599936092,-0.95899056352298562,-0.23760291234636249,0.063061974931634776,-0.23042711492934148,0.9710440422674258,2.0954877067283366,-13.449441657093091,-5.4250394027525513,0.2830721482772007,0.2727730081206637,0.9791666666666666,True,5
-0.44872593205110434,-0.89276001112105896,-0.040306332604130732,0.87792862427697271,-0.43194580944487532,-0.2065530159018597,0.1669921213111869,-0.12807177771132311,0.97760485431172617,-2.7855658098351026,2.7115461325711143,-1.6799859154593169,,0.3167728463984362,0.8963068181818182,False,6
-0.78736853525883999,-0.61639689146824939,0.010279196108108225,0.59896247218800047,-0.76883245028018832,-0.22392101354406493,0.14592719621368877,-0.17015150773484744,0.97455308619939751,7.9761445436295224,-6.1939537487605589,-3.4841586375079538,0.2827377473576385,0.255926450685006,0.9771241830065359,True,5
-0.99278708861588927,-0.11660421044224144,0.027879289530544735,0.10669495133658899,-0.96535416644675143,-0.23813340942249242,0.0546807464915154,-0.23344119480297174,0.97083223294866505,21.480582938117042,-17.999064112454533,-6.0919866737623707,0.2573747176382098,0.2653338628157606,0.9,True,3
0.29728883664119865,-0.89718393774135374,-0.32661954850780145,0.9415323667476535,0.33227864139869973,-0.055746810104213285,0.15854384243824676,-0.29094997221026114,0.94351044705173415,8.466017224694955,1.9918518360628426,-1.6698326760255899,,0.5844437858283305,0.4036697247706422,False,2
-0.23628508835491055,-0.97153434960930329,-0.017040086570792982,0.94955907858641264,-0.22714856927269628,-0.21619686341732622,0.20617204780288492,-0.067264663877812325,0.97620108159035013,5.3009842554927218,3.9447800232981947,-1.3017412801751214,,0.4317789680330429,0.5542635658914729,False,5
0.22029937077072392,0.91033485597880792,0.35036928693603475,-0.95461160235280917,0.27502688663009361,-0.11435427531998406,-0.20046165691080231,-0.30927441151928486,0.92960446561318477,4.3364625561090335,-1.1716072025750184,-2.4146253439855809,,0.4323032434530348,0.2369020501138952,False,1
-0.65695332273457674,-0.75370750338595671,0.018366575285270983,0.73418615824863886,-0.64509693752621067,-0.21170882416756112,0.17141475077748175,-0.12559833014023192,0.97716019294785095,3.7217267594744126,9.3173846082375071,-0.024730935404641691,,0.2842294374546122,0.8928571428571429,False,5
-0.77689475977716727,-0.61652400419483167,-0.12779939155703413,0.61140485407719281,-0.69021941584893698,-0.38701584256461424,0.15039493555842692,-0.37880774838527653,0.91317361608932446,-11.569255706882471,3.4222621714979384,-1.6366277550227413,,0.1234864164847618,0.1923076923076923,False,2
0.14272261406506609,-0.96470447094929324,-0.22130417792006982,0.97104913231391621,0.17975277992647992,-0.15732933846264108,0.19155635741688143,-0.19244277549221275,0.96243022609123652,7.3526539805478368,2.0014403723830081,-1.7237767763987526,,0.38067227953417,0.295,False,2
-0.80368442682835017,0.58518656787521295,0.10792600637481373,-0.58685464488135941,-0.74945419867136831,-0.30646374969159429,-0.098452871236755377,-0.30963702115911035,0.94574412357304793,-2.5566669731276463,10.380929762532308,0.15926095161651663,,0.1435208216310543,0.375,False,5
-0.74384917240594139,-0.66823450242531912,0.012290584989418188,0.64799842139392549,-0.72558257082138011,-0.23157715515831317,0.16366567930380704,-0.1642941955414827,0.97273889751022102,6.7271222756366678,-27.942333361529215,-8.4065714220002832,0.1614886065741822,0.227683800445301,0.7941176470588235,True,2
-0.76218098919689536,-0.64733927228578481,-0.0056574078296837346,0.62938126436112896,-0.73893502822390544,-0.24052910039103709,0.1515234759963871,-0.18688737415953302,0.97062544042577292,-15.524185407695288,1.524238831931862,-2.183169492312405,0.2670638385322098,0.273618298010353,0.9576271186440678,True,5
0.056716489754339697,0.98190007083924358,0.18070830273076818,-0.98299013301702831,0.086587582029724372,-0.16196601195748195,-0.17468153360075395,-0.16844833488086136,0.97010902495273899,-5.5102525628951868,9.5431857787497609,0.031612647379934786,,0.2552667655096516,0.4074074074074074,False,5
-0.96361858763814068,-0.26624243970453165,0.023541046248034991,0.25409921915754413,-0.93985253331171148,-0.22827790618253682,0.082902378625704723,-0.21399107207483101,0.97331136677348151,-13.462707210432395,2.7822745368390054,-1.8345231624151905,0.2909225938329706,0.2148357937051801,0.7037037037037037,True,5
-0.92781020454576402,-0.37183608725570205,-0.030102301492040903,0.36145571077348826,-0.87607335572950928,-0.31913201740043129,0.092292976384881292,-0.30697459112311992,0.94723207658673214,-11.624704746872101,-17.591721989400138,-7.3115519058049063,0.2489246247019838,0.2234749172841685,0.4,True,4
-0.91350654409604981,-0.40651614561175603,0.015824577424149992,0.39220639729782758,-0.89035004232074122,-0.23119460213878815,0.10807375172700343,-0.20499128151317925,0.97277882310997799,3.760191224056348,-18.272959764264197,-6.4236877240067134,0.2266494740720571,0.2720931963629034,0.9263157894736842,True,5
-0.61138272292190177,-0.79127748196122127,0.0095452948467123558,0.77167258093620195,-0.59882038607065957,-0.21432585718351302,0.17530714173661704,-0.1236692838472673,0.97671557491873862,10.585579274125145,5.6836996779106137,-0.79051946429851727,0.348173178774001,0.3025446576427548,1.0,True,5
-0.42119443508954318,-0.8976774999076067,-0.12950040157940323,0.88730933328319095,-0.37827311383623741,-0.26380219562614265,0.18782277529132929,-0.22601893174746035,0.95584415443815796,-11.657530273172654,3.2277644379075854,-1.70256079624527,,0.2202963100380935,0.1714285714285714,False,3
-0.62200165505766281,-0.7732826125455482,-0.12307697688951434,0.76695957974654949,-0.57000570157742381,-0.29473123893511344,0.15775596388259455,-0.27771838488649347,0.94762099731670824,-12.637870900388377,6.0192563828677619,-1.0442877402968693,,0.2429198653698128,0.125,False,3
-0.92864009737864861,-0.37029347474792396,0.02259008852755847,0.35668473032662901,-0.90793650633306433,-0.22006204493171821,0.10199790533336575,-0.19630089920022845,0.97522427383694033,7.0257337650747758,-14.669211952199577,-5.431670928187633,0.2521832541259429,0.2185953503396987,0.9777777777777777,True,5
-0.77523422539699727,-0.63163135485457755,0.0073298934294543996,0.61428021518348397,-0.75654106711839042,-0.22428872240373268,0.14721315500745552,-0.16937368546482273,0.97449517272524877,-6.2022339809300195,-3.0437053617880272,-3.3058023627427078,0.3190092612100933,0.2748626701202284,0.9436152570480929,True,5
-0.51903287212125138,-0.85465601847618122,0.012960236880756159,0.83431749223820939,-0.50986059058019839,-0.20965805569678495,0.18579343315335337,-0.098006470478493979,0.97768887277161831,-1.31068928022011,-7.3220955344363983,-4.2241541589511469,0.2222692268368891,0.2005255512090326,0.9435215946843853,True,5
-0.029268516890418126,-0.99956195763442079,0.0043871139808578756,0.97956467836067196,-0.029556150560585866,-0.19894590941307283,0.19898842887763576,-0.0015253898143454646,0.98000065222362243,5.1505606791896898,-9.2398372760121141,-4.2057075636135766,0.3431606827888521,0.3047553445624216,0.9913793103448276,True,5
0.99950697966910362,-0.0064862303476248577,0.030720130348429828,0.011389387437846727,0.98668632605331064,-0.16223555662434475,-0.029258835358530383,0.16250545466321401,0.98627374382478861,-1.6299015779364645,-24.716530072674448,-8.2185844778426311,,0.3462396312380555,0.7105263157894737,False,1
0.99239334571836413,0.10931996519441907,0.056609121030109726,-0.1085120080731935,0.99394694724703292,-0.017164211669231821,-0.058142854056485449,0.010890880046811536,0.99824886539077573,0.094554408082989344,-14.454701934438676,-5.7872465340306611,,0.2627946003800065,0.3559322033898305,False,5
-0.95005355632061261,-0.31142105905386785,0.020375576073379007,0.29871392980346601,-0.92631046404046502,-0.22960599371642268,0.090378251055907688,-0.21205152248192724,0.97307035899217964,6.6680502254124985,3.8446155694563444,-1.3443367171438734,0.3972383779566768,0.3246488775350701,0.9813664596273292,True,5
0.39729142645920379,0.91676585444404335,0.041229729413301511,-0.89687689730917541,0.39740252858446085,-0.19412125424008406,-0.19434853623085915,0.040144718209994067,0.98011073255258374,-11.324318320018614,10.123807715947382,-0.0059177886641456874,,0.3252747969663674,0.9814814814814815,False,1
-0.92487863430294348,-0.38008397612708922,-0.011648300362884605,0.36347340006272089,-0.87462775200228016,-0.32080115784436125,0.11174345285862172,-0.3009359840877453,0.94707493590759373,-1.2660322048298189,3.3523217038894702,-1.5614390846761126,,0.2665317835179664,0.3864406779661017,False,4
-0.62117793119301734,-0.7816249460037874,-0.056572268677680754,0.75947039314764275,-0.58262492935984633,-0.28940095649565362,0.19324259295229967,-0.22273445057514277,0.95553475331672844,-5.3279661624787122,2.5928345750309116,-1.7590121757955814,,0.2158128081743035,0.4770642201834863,False,6
0.4857833094909349,-0.85146477236236351,-0.19754067339650191,0.85951731675741727,0.50641208305160823,-0.069114284583295466,0.15888536249184324,-0.136215063650243,0.97785525412537189,-4.554357984468715,1.1622511306524526,-2.0979770319414039,,0.4857197232291808,0.2416666666666667,False,1
-0.99952237448072256,0.005826515206141831,0.030349211406091287,-0.01232170530506504,-0.97576499785946735,-0.21847389896893704,0.028340756708213587,-0.21874350429868036,0.97537074019899705,-7.6514824600953153,-9.1174320366011905,-4.9924489191310846,0.3658562798676867,0.31598376377051,0.987012987012987,True,5
-0.99101615806673926,-0.13257603154502123,0.017623005147074648,0.11936976917215074,-0.93622975412471532,-0.33049161214675837,0.060314448173117832,-0.3254188736864374,0.94364438428373154,-11.431982341120266,1.6970261823837962,-2.0837070852162753,,0.1936281782234638,0.1935483870967742,False,5
-0.25572617037456552,0.95976895070385604,0.11596416278479577,-0.94888612301105757,-0.2262360868803989,-0.22007352987147086,-0.18498446243564148,-0.16631534582793181,0.96856592671822428,16.644757240598821,7.641420853758925,-0.22171865686984379,,0.1774800626359195,0.5,False,4
-0.72990527212583389,-0.68346138347287633,0.010900964372709585,0.66551053581788144,-0.71419326568269881,-0.21684950073467818,0.15599365512196178,-0.15102488720348284,0.97614418146443216,14.774601622807131,10.21888817612291,0.24396349982812673,0.4121710718273295,0.3874110291925646,1.0,True,2
0.45493770568067626,-0.8904460254255061,0.011728587038573164,0.87481407839791558,0.44441076576885175,-0.19287145850422863,0.16652931329591189,0.098004831884258639,0.98115393325437472,10.116389402622842,11.790459519304367,0.54086584742282506,,0.2416584087084161,0.6896551724137931,False,5
-0.88124250186571362,0.46846657881250309,0.062854732846189892,-0.46863273674214329,-0.84863441622642466,-0.24536296715193986,-0.06160366027295968,-0.24568006050907676,0.9673914910258562,16.363098774094649,-16.560195931361179,-5.7768707530685992,0.2778141610240136,0.2242806533699997,0.5,True,5
-0.9995570247637956,-0.015784157464409684,0.025231223087456546,0.0077557842874367306,-0.95663147085434586,-0.29119765929886687,0.02873329176124852,-0.29087297802338213,0.95633012532303552,1.6140265226804453,9.8993683207522238,0.0163976351263675,,0.1463158281714332,0.1025641025641026,False,5
-0.98121625859499839,0.18239382525147155,0.062826319158199695,-0.19201551740067699,-0.89207227997158833,-0.40906856195953445,-0.018565962032240178,-0.41344835205431263,0.91033826967638209,-9.1242372669042595,7.3000201768699835,-0.66926587638384327,,0.2059756008930911,0.4054054054054054,False,2
0.68284336581963623,0.71591524297925535,0.14556889305776885,-0.7097394747454715,0.69731217098047249,-0.10012798904663206,-0.1731901144526809,-0.034944256644746673,0.98426829837367658,-3.1264214089423219,7.8980952725739186,-0.3935481465699317,,0.3035898922206671,0.3095238095238095,False,5
-0.13655800255996758,0.97903449386079111,0.15114023874394902,-0.96971479214391887,-0.10092254490791985,-0.22241371771225463,-0.20249724401608402,-0.17693529823089249,0.96316601186183715,-9.0708740082424288,4.5206173417423638,-1.3638275730779188,,0.2099747611220327,0.40625,False,5
-0.6681668077541002,-0.74400207080848657,-0.0037464180732792556,0.71882524394513825,-0.64424077462125418,-0.26123570388179951,0.19194630937558685,-0.17724204621954273,0.96526777184831003,14.802423907454395,-19.631575828654238,-6.5211883072679067,0.2956218962750221,0.2487829402212564,0.7741935483870968,True,5
-0.90289099580383259,-0.42300411371929048,-0.076520385995635459,0.41634544332315004,-0.81621921505847661,-0.40055294880124614,0.10697813571199016,-0.39351456484593006,0.91307281513234473,-14.686067643567716,1.285271848173426,-2.3103414942713552,,0.2759133113790508,0.1666666666666667,False,4
-0.18028835816461855,0.97915833763728555,0.093515013477485504,-0.96510122064937254,-0.15773526618832595,-0.20904358325858641,-0.18993615193374289,-0.12793957806670303,0.97342473902850668,26.609326701166779,-4.2869755785371098,-2.9687137053451425,,0.2893674411171017,0.5,False,1
-0.80373524227098425,-0.59481463457714767,0.014325181480762665,0.57700393384569315,-0.78509144614833537,-0.22516190066552205,0.14517617111012779,-0.17270486871414514,0.97421604773491211,8.1770031991283929,-19.378703266366021,-6.405274240369554,0.2638174005527126,0.25103378392165,0.9848484848484849,True,5
-0.93450213295566509,-0.35385391172643643,-0.038641592322414708,0.34556568428984874,-0.87581967517358039,-0.33693360535887817,0.085382207412323316,-0.32821838116525848,0.94073512367863443,5.963444851417087,1.2364683129588376,-1.8981202379240281,,0.1925583697865257,0.1911764705882353,False,6
-0.21479320547701214,-0.97665822262589008,-0.0016109184173828672,0.95613933090271863,-0.20994364699999177,-0.20425779051298015,0.19915184855233378,-0.045413448025670378,0.97891580841081927,14.32277417500681,1.1929304239291898,-1.6236641680806336,0.3365405172130525,0.2939102281465261,0.97,True,5
0.55227834627967065,-0.76545214736854739,-0.33025995567048749,0.80252288120765469,0.59541131919589874,-0.037978758689093894,0.22571143827630277,-0.24406632512962423,0.94312564145450062,-1.0214808906377413,-8.3224400277813739,-4.5063970933716906,,0.334446330855515,0.2181818181818182,False,4
-0.77355766640470891,-0.63367043844268811,-0.0083852364518024712,0.61772685869771982,-0.75100802149022294,-0.23323910414162505,0.14149934554600746,-0.18560368288692985,0.97238326194400293,21.853318355809385,-9.9753972256855228,-4.1671344910829982,0.2685382652228716,0.2589024875388483,0.9814814814814815,True,5
-0.78690033138308202,-0.61688766891734959,0.015410139743484557,0.59982759388839679,-0.77052516895438872,-0.2156335354666947,0.14489556956391508,-0.1604386734722294,0.97635275693532975,-9.2779590247345336,2.8342228871656108,-1.7838793226857605,,0.3846814729362373,0.984984984984985,False,5
0.16687305667209185,-0.98597491893097644,0.0026157591567309291,0.96716426061916894,0.16317247279474006,-0.19485388654842054,0.19169422510312545,0.035045732423549442,0.98082879275692536,-12.423409282512626,-6.0883421193209371,-4.2692096655455574,0.3052874291387367,0.2305471399278156,0.989247311827957,True,5
-0.9681202314299916,0.23930579915031522,0.073999675600443154,-0.25046226715875219,-0.92888518992144697,-0.27283870083677153,0.003445319381365719,-0.28267479271705237,0.95920961803806659,17.250089659850882,-10.587117046458085,-4.318509637939953,0.2729142009466258,0.2877551781652294,0.1666666666666667,True,4
-0.63440632001126573,0.71554018168161893,0.29245661136106926,-0.75501766037963991,-0.49245679038101109,-0.43293722653808342,-0.16576173757721752,-0.49546801915630134,0.85266317403105463,-5.9575312375821303,-0.090956342692682934,-2.5088476367030643,,0.6287422804924809,0.1206225680933852,False,4
0.99448108862190343,0.097813578131303786,0.037945596668716566,-0.092183890992936404,0.98733465549357802,-0.12912168021978179,-0.050094856171028393,0.12491109636268691,0.99090247925347075,-2.2145629957061246,13.291522944797489,0.83358956536410556,,0.2502140785368631,0.7647058823529411,False,1
-0.78598147344584468,-0.61709804432608351,-0.037724356705202952,0.59971202490287434,-0.74616341375338724,-0.28911182466786989,0.15026180681328341,-0.24986028829090481,0.95655173709966801,-10.806414270873852,-4.1707816613351278,-3.6103880466372553,,0.2293853847310451,0.2826086956521739,False,5
-0.093985970313298209,-0.98538385413695151,-0.14207497102049665,0.98661154605805512,-0.073081735680237181,-0.14579683499616025,0.13328276171058817,-0.15387566382040763,0.9790597456307899,-3.2023892508848664,4.5535950393878704,-1.2676440882531697,,0.5534782060814729,0.5936842105263158,False,4
-0.19338525766093045,-0.94345801739102553,-0.26923802023490445,0.96105599993827584,-0.1269406262713742,-0.24547391385740353,0.19741708918443768,-0.30622385083860887,0.93126443402264458,-6.0839679544257894,0.88878175371027079,-2.2036974831327618,,0.2195692266399992,0.3428571428571429,False,2
-0.99902909902050607,0.029207023083159697,0.032981951320299803,-0.037951398539946474,-0.95075208251397103,-0.30762016992422386,0.022372989499327131,-0.30857321237911439,0.95093744375899703,0.26218876819703518,12.539879398011205,0.62145503815251057,,0.1208985031683315,0.2777777777777778,False,2
-0.42022131980560873,0.88161095845425896,0.2148863893181639,-0.88445413125888417,-0.34499282057701086,-0.31419873241216784,-0.20286678407252129,-0.32209016079924513,0.92471779275430355,-16.084430627240469,-1.1884907079117628,-3.0022454163667063,,0.5213317448616208,0.3506493506493507,False,3
-0.66673397447371485,0.74414806150723867,0.041345735421001707,-0.73426018773501056,-0.64633886609826841,-0.20762477423985914,-0.12778021752145996,-0.1687890183804158,0.97733437639548126,-24.371946664121285,0.91801692775322508,-2.3588825326760374,,0.1038893971206911,0.2105263157894737,False,1
-0.9490599415924228,-0.31489448215689414,-0.011255770596869663,0.30163383223223372,-0.89760392323484695,-0.32144086275131273,0.091116730173358224,-0.30846176764803951,0.94686275636016148,4.6054239081888486,20.468203139021639,2.4053028622867783,,0.2290823474013552,0.3,False,1
-0.97799491684304052,-0.20739502935978038,0.0226548984996509,0.19629225447635537,-0.95151067862191696,-0.23684758664813996,0.070677390032197598,-0.2271887547069931,0.97128264489432814,-13.991263950780489,-28.287336889367023,-9.6287875555418587,0.3092761873593923,0.2960673151836017,1.0,True,1
-0.85961088285230514,0.45961092438757012,0.22321946211180477,-0.50535450927084613,-0.70030054469317937,-0.50417850714013801,-0.075405238820008602,-0.54620229337310455,0.83425242263505439,12.949404437002039,5.2783253763878921,-0.8656986973133306,,0.1201111575120205,0.1304347826086956,False,3
0.94552104964497863,-0.31750689128947779,-0.071967483365407897,0.32262980859682938,0.9434240867605066,0.076557162466209805,0.043588430609872116,-0.095605263996268897,0.99446452033904775,7.0886051871054843,0.37143473368109403,-2.0772555347503703,,0.7389004264130092,0.2867924528301887,False,4
0.13709607483852107,-0.99055685095072654,-0.0013383939821147231,0.97164776811038822,0.13474150457405246,-0.19428160404737899,0.19262731112169063,0.025334797802653238,0.98094488480766651,-18.276169463235473,8.0966730899915706,-0.49759626863889944,,0.2744793629319722,0.9555555555555556,False,1
-0.1616856751304549,0.96626367048203077,0.2004800777239556,-0.97171294344665582,-0.12045015787173546,-0.20313964410452007,-0.17213860112085869,-0.22765385693035869,0.95840598048472447,-5.6414564617478522,1.7605363859515295,-1.9759777296274488,,0.270945334526852,0.2974683544303797,False,3
-0.98813402865878286,0.14620841466944004,0.047055721080568574,-0.15348522517824556,-0.95148457664117259,-0.26668218175564551,0.0057816138358094959,-0.2707400965756957,0.96263511937163149,-5.458418384919633,-18.349321685613525,-7.048816402479031,0.2165881184931052,0.2316919659328767,0.1739130434782609,True,4
0.70431448663898921,-0.70980670715462724,-0.010749064552901873,0.70416898258181337,0.70047836033910027,-0.11608665154245489,0.08992857098915237,0.0741923525368402,0.99318092357077514,8.8102444237240309,-25.377016320495272,-7.9237601612014732,,0.204886404323837,0.3461538461538461,False,3
-0.89085194976996807,-0.45384125755619942,0.020271076213495248,0.43917848447738111,-0.87176811222813311,-0.21712350695939697,0.11621128328693631,-0.18452227898550377,0.9759336382125573,1.5742079294853613,-0.6255559170038818,-2.4649584212929958,,0.2898254847031307,0.9687255668491008,False,3
0.68593700752532771,0.67637018788155201,0.26835385343287627,-0.70551343692101853,0.7084758513963294,0.017684974191069597,-0.17816063547004862,-0.20145802772121257,0.96315806129398518,8.3564549299952855,11.343340490152556,0.36829849517543112,,0.2018143608807096,0.25,False,3
0.98053201824777603,-0.19634632058468532,-0.0022546804206862447,0.19635534635113941,0.98052035424364237,0.0049409384985366067,0.0012406249503745907,-0.0052874669529231174,0.99998525166272023,-0.17547394917636017,3.9406919698780838,-1.3995105178724312,,0.2728658797328363,0.2099447513812155,False,2
-0.25418737961385379,0.96127294043411837,0.1065040376426499,-0.94940905402734943,-0.22700750054206056,-0.21700240281743408,-0.18442132245468834,-0.15627516977047495,0.97034367475512151,-20.817415149698562,14.241825255307518,0.97383922612403695,,0.2781275663852287,0.5185185185185185,False,1
-0.66805063986806068,-0.73728224178601365,-0.10061430573663641,0.71612418076206863,-0.60027902790315202,-0.35613374789186053,0.20217443038062727,-0.30996771542636092,0.92900243007950822,-10.771080087299159,6.421459411337672,-0.91370450830505312,,0.1898865865048625,0.28125,False,2
-0.96115822658095751,0.27292139962624506,0.041094684593022145,-0.2748310096138567,-0.93274825590723642,-0.23334225347466908,-0.025353099029049374,-0.23557292019258047,0.97152592329878829,1.9445013456987101,13.730159726291031,0.88482131621637339,,0.141178702986304,0.1904761904761905,False,1
0.82031163062789725,-0.57021245491446115,-0.044120119186410761,0.56500885714667459,0.81994232571492254,-0.091975941675046635,0.088621780632122865,0.050520676575304825,0.99478331371005824,-9.7487912383371516,-2.4528605361628109,-3.1089114984821666,,0.2216072550221858,0.35,False,1
-0.9416406923681363,-0.33615854008124979,-0.017613699409823522,0.32171755918209999,-0.88332508841914192,-0.34093195843632362,0.099048566826425363,-0.32670204177470008,0.93992295285830363,-14.762331084052027,-4.9201625008270353,-3.9539007744326069,,0.1147881716827666,0.1176470588235294,False,3
-0.97855431351349031,-0.20520888090305514,0.017910072659195263,0.1913764937278683,-0.93785827216586781,-0.28947694032250715,0.076200348769340176,-0.27984134170734842,0.95701741380126515,12.024884200062003,3.7263353600152942,-1.201073283853346,,0.118705557795228,0.2340425531914894,False,2
0.67372179484093564,-0.7379018618559936,-0.039997317732143808,0.73326590160309246,0.6742485404239924,-0.087806738251229033,0.091760888740856528,0.029828644045180611,0.9953342108517691,17.527450458126793,18.335909300015921,2.0018210700796857,,0.2967759952892145,0.3571428571428572,False,2
-0.97023773060152974,-0.24171153583535715,0.01463829092842041,0.22980956531500085,-0.93814666878138964,-0.25897565820769802,0.07633026796050571,-0.24790393562525967,0.96577291787178576,5.1627236616902321,11.38287108380109,0.41668268527337543,,0.09331283810407773,0.3666666666666666,False,2
-0.65199766847043517,0.75633539615446577,0.053439768272180797,-0.7469369802449185,-0.62858301208476186,-0.21672227495356952,-0.13032339717686595,-0.18121855711354679,0.97476953517534859,-15.451831442825787,3.5040918138934725,-1.6720913476654686,,0.07686788108025666,0.2083333333333333,False,2
0.44146167671516456,-0.87471029856045679,-0.19998370329632431,0.88200793820330492,0.46397848114424434,-0.082376974825706134,0.16484412315333044,-0.14002093638937327,0.97633014520419914,-16.758287938554265,-1.8705228155538236,-3.2249196242255849,,0.2201283338168116,0.2258064516129032,False,1
-0.94347889836259968,-0.33089474023487653,0.018874300765581557,0.31776112368167542,-0.91928011240134755,-0.23227557602969237,0.09420953572253199,-0.21314958556905525,0.97246687221246009,25.059900820579504,-1.9416993003566152,-2.4420485283652442,0.3016904441281507,0.1997380904453722,0.8695652173913043,True,1
0.89199622185936378,0.44946725627222067,0.04818636454166457,-0.43672019949478308,0.88436918025572153,-0.16482299708189876,-0.11669707597818058,0.1259775319370266,0.98514539734254336,-5.1335674897079979,-16.390633286355573,-6.6291057957368205,,0.08030444857138241,0.2307692307692308,False,1
-0.33168552612192986,-0.94293224648672969,-0.029385205405242552,0.92249163522520994,-0.31766055498645746,-0.219319298615545,0.19746871828402932,-0.099852643135700525,0.9752105182769909,17.710225965372814,5.0025603922181121,-0.83294160641923676,0.2448794065361611,0.2871865352803,0.96,True,1
0.53327045978919496,-0.84582865487830206,0.014017963581899802,0.83220457186685237,0.52156230258559955,-0.18817097301527913,0.15184915962931803,0.11201183467995812,0.98203624251424648,15.736264485735743,-25.274234664959256,-7.7509142577616688,,0.3102543613936817,0.9534883720930233,False,1
