axis_00,axis_01,axis_02,axis_10,axis_11,axis_12,axis_20,axis_21,axis_22,location_x,location_y,location_z,dbh,dbh_approximation,score,reconstructed,number_clusters
-0.96227614713067233,0.23805673418633549,0.13173309368523889,-0.27160804127723703,-0.81217275932968502,-0.51633756488981808,-0.015927604242018913,-0.5326390901082465,0.84619259693746274,-7.3351191289845312,1.2575601078012759,-2.4323318079105083,0.584526189914994,0.5567558933648639,0.3179487179487179,True,3
0.13958031630022327,-0.99012883514874728,0.012736762089209227,0.98322931931209656,0.13706003342374162,-0.12031065157730926,0.11737734426457058,0.029316156720660062,0.99265458343198543,-10.367797201333456,-2.5572967940889755,-2.8510717318298249,0.2608706344167723,0.2414654483836721,0.9896373056994818,True,5
-0.87823861270350712,-0.47777978984851516,0.020576966951606539,0.46954321526687764,-0.86966099953583609,-0.15237754061269201,0.090697894978115604,-0.12416206465196536,0.98810812846970308,-5.7502028482757899,-1.6104191007729347,-2.9295290634972044,0.3010935297210537,0.2710865062199175,0.9919871794871795,True,5
-0.98673613961523454,0.15536390533965191,0.047051542959142219,-0.16099211889607773,-0.97374992312535968,-0.16091185433866478,0.020816542233894141,-0.16635246956678512,0.98584660441594885,16.232791605990194,-7.7155203876198373,-4.3928222477069321,0.358491840884618,0.1626843352106214,0.8734177215189873,True,5
-0.79581640712269175,-0.60532081026570761,0.01621612819377756,0.59665487614473844,-0.78843092182201757,-0.14959826298319848,0.1033402386635362,-0.10937732020007908,0.98861387654574839,9.7828018394927856,13.307898584399481,-0.99177316536839255,,0.2447735320821601,0.6,False,5
-0.88103883044499898,0.4702709390480509,0.051145118388498612,-0.47233702471731265,-0.86865651045832171,-0.14944431042889977,-0.025851776134456165,-0.1558239735253753,0.98744649219360614,-15.943706436780996,17.22488927542166,0.56197430813023797,,0.2571710991309262,0.9787234042553191,True,2
-0.53336634751157752,-0.84588434778915111,-9.7506317077760557e-05,0.83734625210034286,-0.52796636844556,-0.14178423002547466,0.11988158088575754,-0.07570458345258993,0.98989758187834831,24.112702607050657,-11.991725112240879,-5.2059678594872976,0.2437918060799523,0.2069354821378225,0.85,True,2
-0.25284311868138148,-0.96559483831703352,-0.060802677169483482,0.95968335865733134,-0.24232663410321975,-0.14242771331587872,0.12279335670816501,-0.094363184662811767,0.98793591944449255,12.543156307988877,-18.290240441239824,-6.1991332034560065,0.2097305148168299,0.256250983577817,0.2727272727272727,True,5
0.42927307579151697,-0.88752269417894658,-0.16741593029886837,0.8975404941593873,0.43987478573792876,-0.030516130425312052,0.10072580476031974,-0.13716282364167098,0.98541395974789714,-7.6604037743247266,-4.6455639997448284,-3.3222190628519055,,0.1228962022524118,0.3260869565217391,False,2
-0.9077349744720058,-0.41304682359258549,-0.073549559076753215,0.41403374460273962,-0.85362027339388025,-0.31608303842691854,0.067773700286634347,-0.31737162817592107,0.94587630014628465,7.8864611482280695,-12.064932593614987,-4.980088339648387,,0.3585568341455547,0.3636363636363636,False,5
-0.99917480973782247,0.010308075951473705,0.039286679110920417,-0.024656905391236644,-0.92257415354068617,-0.38503112631995556,0.032275944632394415,-0.38568209031385503,0.92206701958654902,14.164878106553486,6.324471996062945,-2.1418122568472571,,0.3211017397601073,0.2666666666666667,False,4
-0.93883562709651014,-0.34321065906311488,0.02817993612068375,0.3356814718031369,-0.93035237896119294,-0.1475208475074947,0.076847997907449089,-0.12903834494719787,0.98865741829559206,6.2146975877841237,11.058471602801816,-1.1711601269237268,,0.2257618583185589,0.9285714285714286,True,5
-0.8405819542984504,-0.54063892075254005,-0.033638303692771154,0.53277678161593167,-0.81394805191514541,-0.23159764626288809,0.097830869763935208,-0.2125985092870335,0.97222990839109824,11.161634687952079,4.6450718051029147,-2.3033233018712176,,0.0754381387072411,0.12,False,3
-0.99658398909300261,0.07278236461673275,0.03902665863583131,-0.077909363932139902,-0.98531431664251068,-0.15194021334391358,0.027394957477063747,-0.15446172606863345,0.98761889992280449,9.2963147027454021,-1.5787629507722434,-3.1926641596675407,0.1129507310956477,0.118507820397674,0.7426470588235294,True,5
-0.94403717852000812,-0.32856203003346734,0.028996516898943177,0.32119101646070264,-0.93572498159903983,-0.14579125404638868,0.07503423563230624,-0.12831894338625491,0.98889034389628461,-12.919025230178232,-4.287549619604528,-3.0120839768898726,,0.3136921557822109,0.9943820224719101,True,5
-0.57425612624188715,-0.81864229425891599,0.0073956422411182304,0.80987639980980797,-0.56938164074934217,-0.14108424507608897,0.11970847298651978,-0.07502893593863777,0.98996996937642001,-9.3293048573716426,-14.202191134511169,-5.0830632719542992,0.234191216433382,0.2232293014912511,1.0,True,5
-0.91103286130256722,-0.41135221959152618,0.028433731094969588,0.40356318244507267,-0.90367925500884094,-0.14318017265484137,0.08459245475609084,-0.11896703536606246,0.98928810823467794,12.523104515440263,-2.1258876802120423,-3.387181731291542,0.1164832849658359,0.1525834077111666,0.7938144329896907,True,5
-0.52235330447416906,-0.85269122037914247,-0.0080441278734998158,0.84376075697782271,-0.51547200996495457,-0.14952054015051458,0.12334832908932274,-0.084889867658154539,0.98872589734458427,20.285047927947826,-8.9953281837534735,-4.6253761571201171,0.1742200281803102,0.2030433460974114,0.8571428571428571,True,5
-0.99352616702700081,-0.10761603697607322,0.036394285515742829,0.098773388602706111,-0.97656214317705048,-0.19123336062880281,0.056121057871139274,-0.18640056088706222,0.98086964361448825,12.208364932046965,7.6696118555969477,-1.8712316208283399,,0.1372655904526806,0.2068965517241379,False,5
0.60968456224333001,0.7486936720490166,0.26027393260931786,-0.78120945506101946,0.62314478249458405,0.037448195858332506,-0.13415111585605752,-0.22616004395900347,0.96480832947847073,-10.027886024880059,13.775385689905926,-0.21290019206881089,,0.2592065591945695,0.5348837209302325,False,7
0.82270304778575876,0.55018828117278851,0.14301241353167868,-0.55917198118755684,0.82853586695273751,0.029240598962025549,-0.10240307914709321,-0.10402486449406242,0.98928885415139767,-2.4345138202098315,-12.260212838937914,-4.8055867456031596,,0.3274254337051873,0.2954545454545455,False,5
-0.98253049655488678,0.18057960795063846,0.044998094759683069,-0.18558431667852324,-0.96874277786543928,-0.16460829789690973,0.013866677416501789,-0.17008361333751665,0.98533206571768506,7.851607267808113,5.9782605691680137,-2.0526379845701026,0.09753420514100486,0.1179971408763028,0.6714285714285714,True,5
0.93968327148301434,-0.3325877111233182,-0.079879682677956684,0.34201634226995098,0.91055433540548458,0.23219738132580095,-0.0044912042107486012,-0.24551215180521674,0.96938310919920023,-10.890379252071174,-4.3871345175794367,-3.1186564195328601,,0.7127746052520526,0.2076923076923077,False,5
-0.76684875631596228,-0.64167391374547988,0.014056078941869412,0.63248565007205848,-0.75922853491722486,-0.15340773846312228,0.10910952016019106,-0.10875026522267733,0.98806300023045568,11.989560506235078,-9.1586808766291679,-4.4411445943641636,0.1270574517400715,0.1580150860115153,0.8958333333333334,True,2
-0.88049340508204177,0.47121902395860527,0.051807287774331252,-0.47335507439258617,-0.86797041237749339,-0.15020764555785682,-0.025813507197247648,-0.15678008386509037,0.98729614004584954,-11.478878412839309,8.198927077105024,-1.0698141811695412,,0.3662048557698309,0.9811320754716981,False,5
-0.13466796979503914,0.98882026440543858,0.064023609804834736,-0.98412382658186004,-0.12593058026157061,-0.12506711361849795,-0.11560636602350491,-0.079849694151846395,0.99008039798730341,8.7189360723868408,9.6409457603661135,-1.482002140735043,,0.2473945454314015,0.6363636363636364,True,5
-0.56820491335515388,0.82138733560067956,0.049659051077111369,-0.81901327836024962,-0.55865059822077401,-0.13086924381675211,-0.079752280899413469,-0.11503196956667622,0.99015514929174242,6.3205829257925341,0.50556848087959994,-2.8720446197370628,0.2052308924422828,0.1716089024613733,0.9822695035460993,True,5
-0.84011326439441469,-0.54216207871788369,0.016431171256643062,0.53371665786519273,-0.83166973526159782,-0.15320568059675344,0.096727618112774236,-0.11994053464200034,0.98805770886321298,-5.2903131130028331,8.1086646660193544,-1.273052744778014,,0.2899352508686303,0.9873417721518988,False,5
-0.74232744438740605,-0.63612327019113968,-0.21046888233321784,0.6645447093309671,-0.65883975259719618,-0.35257695571022052,0.085617139694596389,-0.40159353271560116,0.91180718349414225,-3.2330603204323149,-4.3472187141249563,-3.3883976738781016,,0.5256396082640004,0.2558139534883721,False,5
-0.32838633185244909,-0.94447595764166004,-0.01129524189035749,0.9335008489723241,-0.32270073563073248,-0.15633425789420988,0.14400896506968675,-0.061882151386750898,0.98763961915230192,10.4060244985259,-23.061623992457207,-7.0534674697260558,,0.2662097790266094,0.71875,False,2
-0.7430413124131573,0.66687128036027077,0.056323205501689712,-0.667007466062431,-0.73105218013247575,-0.14374891352816829,-0.054686819840867734,-0.14437937994813127,0.9880100942710478,9.758682906753176,2.5776771067529349,-2.6106595477020464,,0.2474226473815631,0.9764705882352941,True,5
-0.99767589975179016,-0.057162013113474436,0.037085082058310632,0.051186146376585764,-0.98798497611732705,-0.14582751930126239,0.044975298482293327,-0.14359035908883408,0.98861470315951139,7.9178909637478281,-7.9374044731179305,-4.2136108660655669,0.2346608441640488,0.1998802127080838,0.9052631578947369,True,5
-0.99451058152914662,0.094356096608899195,0.045228644234491584,-0.10124023940077349,-0.97692647135065735,-0.18805606477969938,0.026440823599733407,-0.19160270511421412,0.98111634694376704,9.5054061266455072,-7.070275664850632,-4.0351256731660641,0.1724414931400116,0.2151938155934601,0.7235772357723578,True,5
-0.7748187021835069,-0.63216676178553255,0.0046004391377376559,0.6231730198362796,-0.76497927624109496,-0.16267173777206353,0.10635490630336848,-0.12317423519244902,0.9866695199964155,-6.0878374782434612,2.1473828505663617,-2.2970284394962888,,0.1215404922828583,0.6517857142857143,False,5
-0.98757590932234796,-0.15357667568966182,0.033287054694730353,0.14712752457885481,-0.97806473057071175,-0.14745465175754818,0.055202489413394992,-0.1407252198355142,0.98850852179675708,7.8394549505938214,2.0216586569695036,-2.6351335597324517,0.1866975178602445,0.1781756580647539,0.9661016949152542,True,5
-0.78136228443152922,0.60200276286875576,0.16451642460960375,-0.62221945155239844,-0.73115155094375683,-0.27975053827003138,-0.048124157943547005,-0.32095183914557063,0.94587207505629467,-6.8625754157054084,-7.1307922689964736,-3.8460770446041961,,0.5190797781935287,0.3068181818181818,False,1
-0.77935126724292503,0.61576416915448839,0.11595727761693508,-0.62450592687689543,-0.74827408800495954,-0.22378167153718642,-0.051028908889748183,-0.24682053643453156,0.9677167319271136,16.853782270397179,-11.164317116321136,-4.9487974378908692,,0.2115163842374178,0.2307692307692308,False,2
-0.53582076124561318,-0.84426146399016877,-0.01089459679612113,0.83690565337664125,-0.5293562984830732,-0.13917915290199928,0.11173647195249313,-0.083692829307401573,0.99020728696477145,10.639104991320274,-14.754710762288855,-5.4236853101249336,,0.114427801806953,0.3947368421052632,False,2
-0.41027975751478923,-0.89098374920689571,-0.19446973857860111,0.90301485186553898,-0.36711770621588247,-0.22313396669500571,0.12741545386594452,-0.2671564119238255,0.95519252179030512,-4.9909536956587246,-5.8779752698649412,-3.6578448466083109,,0.4118350425628411,0.1020408163265306,False,3
-0.80014405664127597,0.59776527400640844,0.049458728387247713,-0.59783951811773217,-0.78812762188539853,-0.14643347362547088,-0.048553055500122434,-0.14673625596050568,0.98798333588593101,20.700929527862428,-7.1325283176999399,-4.3510224729573865,,0.1882029299940488,0.7307692307692307,False,3
-0.99393354561077651,-0.10430650256365953,0.034874925555902492,0.098269137320972977,-0.98464486145775298,-0.14428330968977773,0.049389103654391087,-0.13998089272390665,0.98892166834003381,-3.1590982696370711,-10.10517755489751,-4.386317341842858,0.286251082936026,0.2438650669452134,0.9871794871794872,True,5
-0.83382744261287145,-0.5517555557122823,-0.017251164781209253,0.54230687532812683,-0.81290988936784414,-0.21232231333470847,0.10312637353035019,-0.18639559680579704,0.97704740548956392,4.3310297808321172,21.388063323386099,0.3653766260148737,,0.148116774204877,0.3076923076923077,True,3
-0.26048970403859978,-0.96007357028841733,-0.10199928295597814,0.95710710939804833,-0.24290590181030838,-0.15793259323341871,0.12685068084008996,-0.13876405334009168,0.98216772614000769,-9.3841375054246576,3.7302506674527147,-1.8637844315761065,,0.1177022498790693,0.2391304347826087,False,5
0.52957819904921111,-0.84820108831134067,-0.010091822394940598,0.84235677023822886,0.52725609426145803,-0.11151718566199639,0.099909973103859934,0.050556155427496585,0.99371126209919558,10.766054065640574,-9.9575130707159918,-4.5514992500242055,,0.1540088549857782,0.3793103448275862,False,5
-0.98832565290104502,0.1457970557756664,0.044222419030069966,-0.15122702796455403,-0.97404017225395401,-0.16845215596274377,0.01851458427110448,-0.17317321202378796,0.98471734462567118,-4.6484710902343487,2.2143906542403076,-2.2723954857349109,,0.2897239341443372,0.9694915254237289,False,5
-0.99209079430570468,-0.12147409740802034,0.031621187719334393,0.11484404362806611,-0.98009597563677331,-0.16193432058632554,0.050662624261179554,-0.15702204367383191,0.98629477150771816,12.841330756047324,3.2062028858201082,-2.5917674427432087,,0.1519756895523347,0.6071428571428571,False,6
0.81007623247475202,0.56805907509413645,0.14520807409612302,-0.57302135743750249,0.81948944771447807,-0.0091416084526538266,-0.12418945808720208,-0.075801927995360674,0.98935890667249404,12.548863032808923,-16.086301726209022,-5.7940317877034904,,0.2022930565682873,0.3793103448275862,False,5
-0.64555855658280314,-0.76349010203944168,0.018357944071441503,0.75459925196688504,-0.64137439692819265,-0.13863207383579906,0.11761853150649595,-0.075642230617559425,0.99017378979321324,6.8055179101411403,2.5928600618224213,-2.5597615658951689,0.2594783815830012,0.254045876084826,0.9882697947214076,True,5
-0.81857032931822515,-0.57415733354486631,0.016910715434378144,0.56342857207902708,-0.80830643798466328,-0.17084772892121003,0.1117625166361325,-0.13032290147627926,0.98515231371903245,14.61824464324221,-10.506293770205689,-4.757823466240616,0.2642037433768549,0.2606403883809815,0.8928571428571429,True,4
-0.91654455579813376,-0.39941284606271177,0.020382728887111554,0.39138056797162202,-0.90626310863894022,-0.1597135840631414,0.082263772409313929,-0.13840721195143058,0.98695294489089969,-7.3780098042742903,-16.244577555931055,-5.484808525374647,0.2770878603434899,0.2597651081585738,0.9587628865979382,True,5
-0.99804778474778222,-0.052480037053383347,0.033859490116078556,0.046657025494968259,-0.98690978050568134,-0.15437683477189951,0.041517963967506691,-0.15249567486687615,0.98743168260639125,8.7787655279701209,6.8715310973893127,-1.9214614604517699,,0.2007967547470655,0.8611111111111112,True,5
0.48261248834910969,0.86418566109512263,0.14236688255020932,-0.86433534674313695,0.49619536887861632,-0.081942444885628671,-0.14145527370833755,-0.08350628156611159,0.98641629471491343,-8.5350141192553046,4.6105818850445548,-1.7587259798838271,,0.1563168842127711,0.1621621621621622,False,5
-0.9329983149962241,-0.35982885171620971,0.0061107844668581608,0.35240106296861207,-0.91691926268108026,-0.18727668446172438,0.072990650310835806,-0.1725753840991755,0.98228819690059554,-7.1622244043926537,3.8365066802920169,-2.0024254115455049,,0.1666475187296245,0.3333333333333333,False,5
-0.60289830064843886,0.73576908169153543,0.30847608902801221,-0.79392061439834272,-0.51512123557806744,-0.32301729162675213,-0.078763551904302842,-0.43965210233014745,0.89470795894978961,-8.2009157432785837,1.3362426324483798,-2.3408547978497078,,0.1716314675919609,0.4285714285714285,False,2
-0.99522991467771327,-0.096533518072288479,0.014095985924354109,0.089737631392590458,-0.96253190795613197,-0.25588959275120288,0.038269758852650111,-0.25340403717169946,0.96660323789155844,10.485480622329797,17.103154531323167,-0.44218724031043938,0.4802691666474496,0.225677059723739,0.4090909090909091,True,5
-0.79556590678680861,0.57913054836510203,0.17799633678483368,-0.60141421234356851,-0.71931585458079084,-0.3476861322225438,-0.073320073306350167,-0.38365675974631741,0.92056051270479133,-7.6297775109556714,13.92237970069435,-0.26455850283047333,,0.2982122143059484,0.1571428571428571,False,5
0.21920758796734449,0.94475026441987386,0.24371083532768625,-0.96540330499137406,0.24617901599723144,-0.085978781070496751,-0.1412249697796833,-0.21643204467272065,0.9660293359673473,-9.8619272480994482,-4.6255414438280331,-3.2191310782604874,,0.3126752021285889,0.3814432989690721,False,5
-0.85444444575190326,-0.51932087430292839,0.015182840214023415,0.5108968988332252,-0.84517567937732307,-0.15704276408568818,0.094387752840692715,-0.12642745153771784,0.98747508910927051,-8.0981801427620841,-10.654776312185819,-4.4341980914369037,0.2012248374172177,0.2049821484079247,0.9736842105263158,True,5
-0.80368279361232675,-0.59471962910470888,0.020063150526343453,0.58588110173312646,-0.79673717950685108,-0.14816612778717364,0.10410236252584919,-0.1073239467641051,0.98875895372305522,8.4877390552724954,-8.9294558550069656,-4.3975665924511533,0.1991297808406082,0.2302041750314529,0.879746835443038,True,5
-0.94047492892070528,-0.33893786289762634,0.025060589896975197,0.33122259706880169,-0.9305908740160882,-0.15585960473763344,0.076147877597427138,-0.13828141701748273,0.98746126528843869,6.9181320317996597,-6.1103511403804252,-3.9328812534900397,0.119729559112497,0.143134495144727,0.8461538461538461,True,5
-0.94854793957822525,-0.31483067365317152,0.03374097285191268,0.30765355250122328,-0.94159701130769868,-0.13691004320277714,0.074873880327390341,-0.11948520922482181,0.99000868017468402,8.648269026930441,-11.97488328803715,-4.9636922617458543,0.1763359305083354,0.1781520194143195,0.9421487603305785,True,5
-0.91031112975998485,0.41165909438911086,0.043248549592306812,-0.41343689834520619,-0.89919072030679792,-0.14326890660865066,-0.02008925388850457,-0.14829982643577061,0.98873837963200573,7.1573221618232283,14.44576079423655,-0.70502890430453014,,0.1637402417376463,0.8275862068965517,False,5
-0.018473566710367244,0.99429032653732086,0.10509744948049916,-0.99298200123350921,-0.0059643805803435736,-0.11811507689786351,-0.1168138371910323,-0.10654188246225652,0.98742258163468488,10.122565206993061,12.110451909593905,-1.1737665029699755,,0.1593850065645185,0.1739130434782609,False,5
0.99280111994225018,-0.11618508405438779,0.029102619893909883,0.11669316992751691,0.99303244732125617,-0.016409224827053398,-0.026993338690911056,0.019687173754298824,0.99944173159613769,-5.2355929087008226,-6.067587623035033,-3.679010912524816,,0.1923141473230973,0.2054794520547945,False,4
-0.087139088939105769,-0.99618401868253437,-0.0049173265479082115,0.98819397729630276,-0.0858136793965915,-0.12691995770458428,0.12601365963329955,-0.015918961961609419,0.99190077338203919,19.587693158127397,-21.654211908501516,-6.8678283067895514,0.3896088669062265,0.2596061287564141,1.0,True,1
-0.69285797059826837,-0.7210721086560492,0.001687215684798956,0.71195547765959599,-0.68446524918077201,-0.15692903011998746,0.11431198716208568,-0.10752830688810332,0.98760844103765744,-11.487398704918999,-17.499505376411374,-5.6954767961126809,0.2700947183098283,0.2632329900025897,0.9682539682539683,True,1
-0.9716717985444806,-0.23418325151748431,0.031813843245251106,0.22759926107359366,-0.96350070119301401,-0.14094316286831665,0.063659188434104827,-0.12970968934227459,0.9895063942282748,11.37210246800743,0.37730711859264549,-2.969854387091253,0.1464316438740872,0.1441816306014701,0.8623853211009175,True,5
0.78888479056439775,-0.60010298245897176,-0.13242808486123087,0.59918554645150335,0.79897270794951858,-0.051179027691300324,0.13651911272704587,-0.038974637851561633,0.98987045084928149,11.841779519719605,9.282856696097312,-1.6294429966388826,,0.2643401371325912,0.2333333333333333,False,7
-0.45401294663111808,-0.89081685409963141,-0.017820683021877337,0.88308745509472175,-0.44723475375343197,-0.14190708822830364,0.11844319712696896,-0.08016487689221348,0.98971955702976733,-21.768870816321233,-4.1084088465625337,-2.7669152880060421,0.3895898638431026,0.3518697514443525,1.0,True,5
-0.43656162157304818,0.89675645989012276,0.072400291538397055,-0.89466136252416584,-0.42423768819698932,-0.14001225060571207,-0.094841957887389444,-0.12589771863941082,0.98749924934932376,-15.356000529990457,-24.255465110067941,-6.8107095469191785,,0.2636382595962885,0.6341463414634146,False,1
-0.68366768805062195,-0.72978839384848715,-0.0027189188226191853,0.72000600156600991,-0.67388604074613301,-0.16573762939184802,0.11912115691364758,-0.11526709977937209,0.98616613493062466,-3.3905534575266243,-18.71802063230194,-6.0467265384068849,0.2883125774134632,0.2410920473900855,0.8777777777777778,True,3
-0.9264502641406599,0.37413336471456698,0.04140209512885798,-0.37623573167345653,-0.91697037057553388,-0.13271026222077936,-0.011686842423900275,-0.13852640504223718,0.99028978224569875,6.9755180952156861,-0.6037467019158067,-3.0356947128519738,0.2076794790810327,0.1875557044397792,0.9601328903654485,True,5
-0.87622055879507244,-0.48172774245132466,0.01326327627704187,0.47359912576023788,-0.86587220442584412,-0.16114960031556935,0.089114535424863778,-0.13492111678858723,0.98684086448653463,14.539788303873371,-16.034674728370568,-5.7551559864461508,0.1731042165733328,0.1537036540000136,0.8867924528301887,True,4
-0.95464854856199743,0.29411007580390158,0.046318592801325692,-0.29770664733374547,-0.94078762419376971,-0.16214005765739511,-0.0041110657709076161,-0.16857612367849048,0.98568006455632506,8.5677809989328502,7.9924672794050196,-1.7538059041916936,,0.179689204957922,0.5959595959595959,True,5
-0.81939954894400291,0.55949162829138677,0.12471366028714304,-0.57168307855425349,-0.78168735153138669,-0.24928566374859429,-0.041986151110758277,-0.27556124968452794,0.96036615974700246,14.303560969083831,3.2492432802181401,-2.6382872457177236,,0.2271463915909171,0.1935483870967742,False,2
-0.96219259071625352,-0.27058003251559581,0.031174739367049648,0.263609776786493,-0.9539205739515183,-0.14333675095585657,0.068522288004120524,-0.129699593661141,0.98918285036226494,8.0976496523135406,-3.8961548446944079,-3.5854993764155827,0.2100249217850365,0.1727187011892394,0.8697916666666666,True,5
-0.88213803416283132,0.46558894381664612,0.071129628700245182,-0.4705452569273999,-0.86462662037521154,-0.17609079624349072,-0.020485357367202452,-0.18880609824430808,0.98180069637340239,19.344354101867847,2.2228767329422019,-2.9184837720467107,,0.08697696425276936,0.1578947368421053,False,2
-0.58276168792470684,-0.81220509431508325,-0.026677703345178931,0.80607821550764047,-0.57357795270419232,-0.14576090921672119,0.1030860105502418,-0.10644818899490041,0.98896008892600973,14.156004471112011,-23.284069060720164,-7.0981222377607329,,0.1913304089562311,0.3333333333333333,False,2
-0.97268758711932657,0.21924574369032837,0.076224416938793588,-0.23020875401291974,-0.95322231192118678,-0.19588556259063247,0.029711739090859661,-0.20808298327663488,0.9776598000485105,9.4743494315446632,10.929537043281549,-1.322041798617311,,0.1606655190835294,0.2127659574468085,False,4
0.10870259995412228,-0.99395217488216003,0.015582644520034172,0.98697993336545065,0.10604413553350414,-0.12093490998418066,0.11855106873050172,0.028525696590539031,0.99253812457601831,15.236030550381683,-25.560397445820445,-7.4744550667023875,,0.3157840140341963,0.75,True,1
-0.97972388574525193,0.19598922359180609,0.041585236997123416,-0.20007246966317435,-0.96801767812356854,-0.1513696856148361,0.010588417403186223,-0.15662055764214713,0.98760208907269942,-9.486820651360123,-7.5402637990802184,-3.7718286709839148,,0.1875572467327684,0.825,True,4
-0.99879545979500683,-0.045822717721668932,0.017547308439775654,0.041761382321942694,-0.98160738691329175,-0.18628721078973545,0.025760753860104835,-0.1853300204981887,0.9823386213840416,22.494700858998723,-5.7614424453932651,-4.1839467810559938,0.3346235806377661,0.317510677880153,0.5675675675675675,True,4
0.048938457038148434,-0.95543972802639421,-0.29110127710399269,0.98487634882448627,0.094659357260709245,-0.14511438112447375,0.16620350462272127,-0.27959708902604757,0.94562247374905706,-6.886570293064457,-4.9891094794117929,-3.4721841327788421,,0.5375118990590846,0.4274193548387097,False,2
0.20097266280899753,-0.97142240979416394,-0.12628733330449723,0.97301436142078701,0.21287639303321729,-0.089031981658648854,0.1133712541712395,-0.10498639454170884,0.98799029129277038,-17.707210790582138,11.080142231956151,-0.33655505198027919,,0.1858766274873898,0.375,False,1
0.89148305953097884,0.42177268067679191,0.16542599675987882,-0.43543632128011472,0.89849052808047958,0.055767204158918643,-0.12511260799506607,-0.12174800525829919,0.984644229423145,15.274879356540486,2.5566713627256181,-2.8045388570213943,,0.2774614700605564,0.303030303030303,False,3
-0.93367480243905554,-0.35788864634770629,-0.012925946998096453,0.3492437467525516,-0.90194761694918024,-0.25400649919625029,0.079247515069121172,-0.24167377411523511,0.96711613483607428,5.0365510289000195,22.557832176393919,0.54069448442989998,,0.1531479673713877,0.2903225806451613,False,2
-0.94110344453336436,-0.33805295350197756,0.0066713803689565504,0.33138707265550654,-0.92610475773070366,-0.18031246708247661,0.067133559150781175,-0.1674818746525876,0.98358675616267022,8.9337700226777628,20.051299314359017,0.012216884832327782,,0.1162559840090894,0.2380952380952381,False,3
-0.34731485262813722,0.93642772134314611,0.049754556012280765,-0.93209419300832486,-0.33891662423842239,-0.12781211669866091,-0.10282416303600758,-0.090766979210040039,0.99054961863655722,-11.065696960685431,-22.807579070050991,-6.7232638009729166,,0.3278223845643981,0.8947368421052632,False,1
-0.81751447427474222,0.56981129759643001,0.083577326367649571,-0.57445807837590424,-0.79653197548453569,-0.18850657341155616,-0.040841162323755814,-0.2021185225608372,0.97850912223538766,19.704256703696483,-16.078066974675522,-5.8218208294713127,,0.2642148317521117,0.7741935483870968,False,1
-0.57809930022943812,-0.81592438243708398,-0.0082825852786982956,0.80613801501072235,-0.56953587345941459,-0.16053158442311655,0.12626440444087236,-0.099480103475453455,0.98699595195912859,-17.958186873472794,-8.6561774968664409,-3.9491175346904703,0.2200474969445942,0.2232560092723455,0.5384615384615384,True,3
-0.92953816372894527,0.36648058524979943,0.040629826561115502,-0.36813701774427643,-0.91617708211390814,-0.15841303726523578,-0.020831186662604934,-0.16220830695192837,0.986536632273743,14.385929325324447,14.785992155089994,-0.89808672731440875,,0.09733988468814225,0.2857142857142857,False,3
-0.98492245332830441,0.16801240016262009,0.041226136386401074,-0.1722144598107147,-0.97485571385974457,-0.14141611289775982,0.01642987406702354,-0.14638364166328099,0.98909144607136179,-13.738166815454719,4.3086287011426974,-1.6463850637341515,,0.2648160042885843,0.9019607843137255,True,3
0.22602666107338029,0.96599416153193607,0.12556762468976995,-0.96562242094158091,0.23917570128174676,-0.10182496791703451,-0.12839504919949096,-0.098235756232628091,0.98684570604449795,-6.2841118601693102,20.153064668318432,0.60961092210867451,,0.09360485904248944,0.1578947368421053,False,1
-0.98588739105525858,0.16007984137548545,0.04899486241898543,-0.16723080424665532,-0.95524373705688159,-0.24401487849026798,0.0077401724317189557,-0.24876464217971733,0.96853303636578358,6.5135451485767462,-13.545451989746063,-5.2539185016953196,,0.5343996985381816,0.2745098039215687,False,2
0.90275228953122322,-0.42962110966392514,-0.021540795650900012,0.43012597237923128,0.9021838286370103,0.032495957143747395,0.005472808324528268,-0.038601055387192135,0.99923971442894499,18.022304286341129,1.0123191035156172,-3.0533064581097449,,0.2671177752722466,0.1875,False,2
0.52678453059971153,-0.84999599519539293,0.0022060083038538333,0.84569878495977013,0.52385708179890256,-0.10182005188914259,0.085391003263877233,0.055502846782240572,0.99480038729418307,10.46869342167011,20.219191945559995,0.0045535167075276013,,0.2281839435836922,0.9285714285714286,False,1
-0.84269397246054645,0.53139617714652687,0.086515730897459023,-0.53723588502181396,-0.81942633720586366,-0.19979509938487278,-0.035277083545738823,-0.21484548123579356,0.97601073076532685,17.623518791696064,3.2854096687743706,-2.7092189564172409,,0.0904048533395161,0.3333333333333333,False,1
-0.68717369746957202,-0.72649074941740244,-0.001870966845855665,0.71736992500582086,-0.67813512809198151,-0.15972832793469974,0.11477238432279845,-0.11110328104341979,0.98715923778195314,10.888621314794788,3.099121415396497,-2.5528818120165888,,0.06990968797445318,0.5714285714285714,False,1
-0.99544118183745667,0.080336585739529162,0.051409011795249378,-0.091833797939478115,-0.95286865273340993,-0.28915027960219664,0.025756689578824543,-0.29255318085731458,0.95590231159476136,13.055456220875033,6.3569487295298392,-2.0816471775456389,,0.1697020830711831,0.2903225806451613,False,1
0.16031541108896225,0.97888321147715407,0.12683306846225093,-0.97878652717335057,0.17426070095155313,-0.10775037043001377,-0.12757704805845307,-0.10686845368043084,0.98605437497971915,-20.631464034362068,-13.054806798016333,-4.6878682007892936,,0.333214635254875,0.3469387755102041,False,1
0.20480821987003478,0.97090730497396127,0.12406691026162678,-0.97037116849081073,0.21800721077658003,-0.10417605968356722,-0.12819277840598431,-0.099054839344753454,0.98679012478182937,-7.5370624786899434,20.190766454761327,0.67659636731640371,,0.1479207820987902,0.2727272727272727,False,1
0.98497079535463372,-0.17235901846367827,-0.011175913953582861,0.17203279616008155,0.97322027816963341,0.1524696927417549,-0.015402900499721692,-0.15210081825440214,0.98824495533371515,15.063111286791663,5.1173152916830942,-2.4017836490380944,,0.3911505078287463,0.125,False,1
0.40596344487435387,-0.90009485318699012,-0.15818639856839534,0.90864959170843995,0.41605194612332347,-0.035449931101228516,0.097722059504669806,-0.12934463032258761,0.98677270214212931,-11.685474978905892,-4.4000116026328087,-3.0928565973147801,,0.08304210142067966,0.4285714285714285,False,1
-0.71100603578681842,0.68332399733379312,0.16594797902499564,-0.70057971477695768,-0.66806315755610168,-0.25075821174830648,-0.060485372758634116,-0.29455038988929882,0.95371986846154766,-18.991968995001507,22.416377532247971,1.4619023728290559,,0.2662300802353743,0.2647058823529412,False,1
-0.97623288015252219,-0.21538002651418398,0.024099956179695646,0.20759564294818639,-0.96124750282380933,-0.18140365857369642,0.062236747489268322,-0.17208917018145717,0.983113373303515,-8.1456251400243058,19.490163089987938,0.57352620603769278,,0.3239872774267412,0.9746835443037974,False,1
