axis_00,axis_01,axis_02,axis_10,axis_11,axis_12,axis_20,axis_21,axis_22,location_x,location_y,location_z,dbh,dbh_approximation,score,reconstructed,number_clusters
0.94412710594951144,0.29830576351370081,0.14013450419474902,-0.3210981989615404,0.92838704904919978,0.18706531955809849,-0.074296395841622731,-0.22161037568721045,0.97230082122392469,14.3632510738921,-2.5796987015245545,-5.2100326333250218,,0.3476729546990149,0.3541666666666667,False,1
0.96778050850011599,0.23900682302933729,0.07922515959391016,-0.25069549968552157,0.94399122494766474,0.214551470885739,-0.023508590019057703,-0.22750012256530869,0.97349424262708706,-1.5705108832488666,1.4362561437241244,-3.2613502235890146,,0.4759290708494028,0.2164502164502164,False,3
-0.97391394788633778,0.2222794561118345,0.045644994282784908,-0.226660597664715,-0.96249830682058202,-0.14907039556460261,0.010797943263539743,-0.15552765914183858,0.98777252020044481,-1.540139574550186,14.1325564803416,-1.579610146685706,0.1842483312871064,0.2140342134012655,0.9368421052631579,True,5
-0.12142730448819999,0.93843132834279153,0.32342240446436965,-0.98779025420395727,-0.082205831162545956,-0.13233523726716442,-0.097600324919600898,-0.33554261027127291,0.93695535286796328,-6.1457974494586125,-14.104710543052425,-4.9879185265498291,,0.3627714329538572,0.3333333333333333,False,4
-0.75637036665119262,0.65025807851805462,0.071191992344283167,-0.65261689254324018,-0.74269152205980471,-0.15000164874992505,-0.044666094738020759,-0.1599178988809524,0.9861192654026979,-11.529420985095221,-10.121156918458338,-3.9697786991579198,0.2449072745919364,0.1668508602361979,0.7831325301204819,True,5
-0.73143842433168993,0.67846651580912776,0.068417967939700008,-0.67983478570237255,-0.71771853995242729,-0.15068099268841179,-0.053127164051773888,-0.15672678244122451,0.98621205635777809,4.4749998312561265,-10.679336612119055,-5.4389214210377625,0.3348661703986617,0.2856247828210328,0.9850187265917603,True,5
-0.61779832969948145,0.78179914749014701,0.084352337277697517,-0.78295344698320313,-0.60165061856396473,-0.15811525239115776,-0.072863733624153618,-0.16372729205993219,0.98381108458741739,-17.303647273975002,-13.764127929894077,-4.062629957809607,0.0782525971636959,0.1387838753717041,0.75,True,3
0.89833550596684197,0.40549481003160998,0.16901857222425751,-0.4308851456752546,0.88827213331020682,0.15909308099646791,-0.085623069062680218,-0.21574655552745856,0.97268808660450068,-15.721599439770118,-6.6136316553673575,-3.1645573393701536,,0.3584311159717374,0.2195121951219512,False,1
-0.34288699417181812,0.93521447147439318,0.08833120384489658,-0.93448432373978696,-0.33000554202131765,-0.13354920785916566,-0.095747365041602778,-0.12833641174697602,0.98709787129114124,16.687590539119029,-0.23491025698151757,-4.952830086912841,0.3198428413240599,0.2701550468740058,0.9615384615384616,True,5
-0.13007354440285088,0.9747076946357689,0.1817299729387124,-0.98593197841596703,-0.10774660730252136,-0.1277842030595879,-0.10497145794575451,-0.19579473596759908,0.97501046885873055,-11.791315375225654,-9.4757426925223545,-3.8201512001441174,,0.239993803508536,0.1224489795918367,False,3
-0.085637128340147695,0.99265351077867015,0.085470987992620581,-0.98905744739387169,-0.074355309333392919,-0.12742312870376041,-0.120131794310968,-0.095447868036520597,0.98815892268547145,-11.995045165035039,15.095600151681481,-0.8430807776692707,,0.1600769960941004,0.7272727272727273,True,5
-0.31700837776113672,0.94614288554299897,0.065721598927749134,-0.94307056627468477,-0.30711026389834972,-0.12767612476352549,-0.10061607950818741,-0.10245450670738378,0.98963603339801087,10.265687825018873,-14.927245212313188,-6.562609666264791,0.2939092300969013,0.2572200617019037,0.9824561403508771,True,5
0.89213154051985089,0.44620328634677725,0.070738544394230329,-0.44208987294878538,0.89448548838667075,-0.066725222380947788,-0.093047614938833678,0.028254881330417227,0.99526067089742865,-3.8111652217057967,15.414122055184038,-1.2920465077969936,0.2620368414626204,0.1995240447513126,0.3548387096774194,True,5
-0.45339770284038167,0.87682953579948364,0.16000152564500278,-0.88688241795792033,-0.42595041563106706,-0.17890170524853866,-0.088713582816718303,-0.22301616213491063,0.97076963881779799,-4.3426227461717914,-16.508226608684566,-5.4936872230240068,,0.256431074676876,0.2,False,3
0.80709373607666302,0.5822929499116668,0.097645387341056877,-0.5854292733247265,0.81071182592397795,0.0043475558069095144,-0.076630719168611305,-0.060673353213586766,0.99521177499541413,-9.5316741937459319,3.1081535770247015,-2.4632530645022155,,0.3761913954944821,0.4948453608247423,False,5
-0.48873315979627863,0.86909540725996937,0.07624350198655451,-0.86884984709605273,-0.47695080328919409,-0.13273234136019232,-0.078992668752937117,-0.13111485164321054,0.9882150848686071,-16.030801176370296,-1.1103007920696191,-2.5267832772096104,,0.2399283278447799,0.9629629629629629,True,5
0.98281898231716536,0.17171072737082424,0.067692496650913453,-0.17737699579902508,0.98009403913638982,0.089180019122163806,-0.051031846511409532,-0.099654907330745057,0.99371255908664879,-4.4044053241712842,2.6841945710221529,-2.9095647220568326,,0.1616523216432589,0.2375,False,5
0.21851131234223592,0.96557070576703552,0.14115954995331581,-0.96901182137979136,0.23177695016054503,-0.085413906364801118,-0.11519069582519512,-0.1181213678333647,0.98629531381654767,-8.2628933336268986,-11.20325579876932,-4.4015701463149917,,0.2247499776864076,0.5333333333333333,False,3
-0.22569707777773856,0.97113532525634194,0.077181663119214899,-0.96854566978257706,-0.2151607168155002,-0.12500060593796503,-0.10478604214306275,-0.10296623708137861,0.98915005908774678,-1.285158560657615,2.6665632577375091,-3.1578256409894694,,0.07914687628894124,0.2321428571428572,False,5
0.47010625113608179,0.76618951854278372,0.4381252495781966,-0.87412909804595729,0.47282428414998012,0.11106536934355531,-0.122059135635727,-0.43519055365809206,0.89202620444391834,-10.324626278393341,-1.1651714065865517,-2.9366707108868848,,0.5843100428283539,0.3,False,1
-0.42520977375809654,-0.89985341275333108,-0.097265018669465853,0.8960149328211291,-0.40332263499221743,-0.1857096988971822,0.12788232271168673,-0.16611648822172231,0.97777882155359996,-8.0155747187488338,-13.595431772402346,-4.7661749784589587,,0.270525388393506,0.15625,False,3
-0.99591126398964558,-0.083990785017834663,0.033261122810815752,0.078048046328999462,-0.98539074463599241,-0.15137233185081164,0.045489083556108756,-0.14815744469250869,0.98791705869440971,-19.483153767154946,-13.141144551358158,-3.8412641381839836,,0.2556551131768001,0.86,True,2
-0.79583486193304753,-0.60060841364976858,-0.076918177208745525,0.59774812688229362,-0.7589849001548058,-0.25814549801557451,0.096664623005094319,-0.25141888312159033,0.96303919747286271,-11.182618800132214,0.64405106935520562,-2.6422015355473611,,0.2566102949087615,0.1818181818181818,False,4
-0.99903734131784083,-0.0080421194947443465,0.043124412652378964,-0.0023882867526343098,-0.9716230623827028,-0.23652255861216631,0.043802816564321549,-0.23639786158104459,0.97066851411846145,-3.0663207328142525,-14.167322911496688,-5.2726763540216401,0.4910181212321413,0.2789015865184666,0.282051282051282,True,4
0.6967197767543154,0.65213597523326017,0.29883142820992264,-0.71028247680289214,0.68545810102980897,0.16014366949510572,-0.10040097522517555,-0.32382998863473633,0.94077297082487488,-0.432796615699236,-13.98441791177844,-5.437068996283001,,0.6105366786277943,0.3691275167785235,False,3
-0.9516673026638085,-0.30692934502206332,0.011123048364546473,0.30122957451068255,-0.93983481151799986,-0.16115604394201344,0.059917347076668112,-0.15001634652015186,0.98686625603272171,19.34060251061603,10.81303174576821,-3.5112164839207813,0.2876757326031709,0.2338626949253427,0.3809523809523809,True,3
-0.98554517659122565,-0.16787233963491477,0.022794352003772021,0.16003855267331496,-0.9666819900243967,-0.19978386276349921,0.055573074019732223,-0.19324804720352004,0.97957481883520547,-7.2814295641002955,-22.298206495534711,-6.113147837238829,0.1626306463512726,0.1822711003693093,0.775,True,2
-0.61115712364813735,0.78679983298532763,0.086214807477582436,-0.78835859887329951,-0.59539323251080156,-0.15491164663403162,-0.070552744784763852,-0.16264354120160951,0.9841592293469269,23.761489204500919,-15.655543315539134,-8.1321852126040266,0.2914000266567497,0.2468770365359065,0.9130434782608695,True,1
-0.30617933114748302,-0.92939775618232634,-0.20609228025653892,0.9337269936744429,-0.25100533660893198,-0.25524541578160848,0.18549425452495674,-0.2705847959459225,0.94465641888526686,-7.6449285238225784,-2.0413481826645081,-3.2200729321655031,,0.7039560266375346,0.4124513618677043,False,3
-0.68277819859595468,0.72866436059381723,0.053499356280877014,-0.72794141505446419,-0.6721725144572801,-0.13522354475712867,-0.062571780944519526,-0.13127208541263621,0.98936970431727389,4.3270686755330017,-20.477524549365377,-6.7974317705966536,0.295053468568471,0.2861864359849622,1.0,True,5
0.53124125291275859,-0.82855375041152923,-0.17686552485623933,0.84341967601803935,0.53695798270765127,0.017871063542947416,0.080162218714984287,-0.15866570986044873,0.98407276723074288,-7.8920635497925344,-14.906844341870231,-4.9583759273542398,,0.2250442001878599,0.3,False,1
-0.26638276842202407,-0.95562644371389394,-0.12577090586679388,0.95593576557042337,-0.24522669031935013,-0.16140223808332238,0.1233978638028482,-0.16322368219640529,0.97884166072922152,-11.524383606877615,3.7380695116379483,-2.2422024787182719,,0.2406407320421387,0.3428571428571429,False,3
-0.75535390623282128,-0.65490835085032206,-0.023141484942211826,0.6441502060300045,-0.73552789077907976,-0.20992673473757845,0.12046156403733961,-0.17347557140009706,0.97744321457417083,-7.0290745104226744,-10.95119738299986,-4.4781925778762757,,0.3429303003285024,0.4583333333333333,False,5
-0.96932983858191957,-0.24548153815857665,0.011767687030641939,0.23184256595991387,-0.92926125963274075,-0.28761525681871758,0.081539491314791004,-0.27606579970918738,0.95767373650270593,-9.8793206657123953,-0.82030756786363446,-2.9168024406342363,,0.5139000802269346,0.524390243902439,False,6
-0.76817631928709718,0.63662832504280953,0.067893432964579142,-0.63846828267403855,-0.75385314037068596,-0.1551247716276149,-0.047575145883042125,-0.16251097964889244,0.98555912404470469,-1.0876628340600165,0.72431127098486603,-3.3948447434184814,,0.3275087757375103,0.9946409431939979,False,3
-0.80569166473617904,-0.59175228014500547,0.026271283140186806,0.58381711510311984,-0.80081862123011949,-0.13359308366738493,0.10009254461404796,-0.092297209244253858,0.99068799714057687,-8.1831727472495057,-5.3081495632915257,-3.6186852444441717,0.3126814762001472,0.2596814512697676,0.9797297297297297,True,5
-0.98256367149553647,0.18185189431856441,0.038710721899267282,-0.18574027787207201,-0.9693830871644733,-0.16061438134700623,0.0083174895983197591,-0.16500399647349692,0.98625782659229499,9.6837644240419678,16.349261136062697,-2.0896503234281667,,0.2044454254799449,0.9433962264150944,True,5
0.29716909106903905,0.93474410602515934,0.19479216504887537,-0.94804190704695446,0.31312652990108009,-0.05628782066205025,-0.11360930329852532,-0.16794413512634226,0.97922811115729824,-13.103292858396795,2.6142932902655094,-2.2588887205974184,,0.3395205560077884,0.25,False,4
-0.63565764090921351,0.76800139803512979,0.078187058838527668,-0.76889195806808852,-0.62082942806885244,-0.15289204708526133,-0.068880478888824717,-0.15730439872993801,0.98514506838752369,16.345131239889437,-1.660171603824383,-5.2078683381106368,,0.1031275907752521,0.3191489361702128,False,5
-0.9988913326440042,0.017936239738018001,0.043524669702894196,-0.025290484472776809,-0.98427880511132027,-0.17480167391579479,0.039705125158069038,-0.17570863698945463,0.98364118352348906,-18.072222406479419,-8.7879703037141201,-3.3138902877894316,0.1440383579082506,0.115958459396046,0.2,True,3
0.61424230761956045,0.78623661059779737,0.067367497251148642,-0.78607494612523943,0.6171297080832252,-0.035172467574987903,-0.069228365605418285,-0.031351484124354206,0.99710807731098128,3.9905152778275044,-2.3338021306105476,-4.1747869900404586,,0.2241413946760158,0.7333333333333333,False,6
-0.78068376406547357,-0.62468201446371385,-0.017471157091668445,0.61755167033390701,-0.76688723117513258,-0.17468230914532087,0.095722489480616804,-0.14716098486384357,0.98446983170716718,-11.117878642731,-7.6274160380897094,-3.6478020597172804,0.2560703207378368,0.2167275314624262,0.7583892617449665,True,4
0.55984238509343942,-0.82849750654407017,0.012976343982303372,0.8256281673254724,0.55644167352386242,-0.093331630676553534,0.070104444735482455,0.062964637823315794,0.99555051163268871,11.868120370613822,15.511991770927844,-2.3406864571496984,,0.16201513811201,0.4333333333333333,True,4
-0.73711356474202039,0.67066594706548355,0.082890169019432886,-0.67434678086246336,-0.72205439228175761,-0.1545764332848141,-0.043817939405505539,-0.16983710440707639,0.98449750947012349,-8.0872188795786908,-0.028493084671744218,-2.957486483630607,,0.2240085795765706,0.840625,False,7
0.818534277726088,0.57152087584888933,0.058013142100303346,-0.56591862420077466,0.81959231725859061,-0.08946811875409269,-0.098680023156331009,0.040402004400925395,0.99429871319953633,7.865118600838322,14.110239497649975,-2.2555935967984664,0.2195583341789482,0.1884529583239238,0.8275862068965517,True,5
-0.96901621106432567,0.24218486299559944,0.048518809036707425,-0.24675170570319685,-0.95794734215656385,-0.14645984223580666,0.011008107335079849,-0.15389406028491553,0.98802603193535432,19.783460125424529,-6.8763859322813436,-6.3077887201087703,0.2105432212502742,0.2088739960347511,0.8852459016393442,True,5
-0.40864649268615788,0.91053422162381881,0.062733366458441589,-0.90817682995235283,-0.39883381059205719,-0.12706863132305568,-0.090680149718654207,-0.10889914040306387,0.98990812082055224,-27.252354162680231,-3.9082334036306503,-2.2321088294075206,0.4165737050991298,0.3754161023075133,0.9285714285714286,True,2
-0.34936179145168217,0.932331850971854,0.093293399214880918,-0.93185416552575429,-0.33531266090396722,-0.13861180912822829,-0.097949746635560608,-0.13536151262784046,0.98594275089029981,16.288621688098729,12.688698186419805,-3.0692409646405778,0.3090498636928626,0.1477834327851063,0.5294117647058824,True,5
-0.99558542015068618,0.082927084815118748,0.043963277715033153,-0.088145819262824901,-0.98700279275040537,-0.1343718781940153,0.032248809743437454,-0.13765386193989612,0.98995526594041883,-14.392192249779075,2.141120317191421,-2.2431208928511692,,0.2734690755266208,0.855072463768116,True,5
-0.67864119023249303,0.72892929052616018,0.090045679145943622,-0.73257756939065088,-0.66299115852841239,-0.15418439784504637,-0.052690034593945959,-0.17060132803170827,0.98393035684864716,20.812509129475156,-9.7616251700576129,-6.8063539209445896,0.360688894553466,0.3355480625311638,0.5128205128205128,True,4
-0.78501979900682761,0.6177069167768765,0.046712740588474563,-0.61785295730597434,-0.77529437572896764,-0.13105859037580367,-0.044739672725030655,-0.13174519319138728,0.99027348028482631,-2.654350203840528,13.365001392622419,-1.6117545454548756,0.2913754285258449,0.2103283606744402,0.9397590361445783,True,5
-0.59892232527417688,0.79823759042286691,0.064099902683765031,-0.79781435193102934,-0.58785576061506895,-0.1338576279654978,-0.069168693359382916,-0.13131014411527167,0.9889253449636034,13.327177350670969,-3.4655281429872771,-5.2436331589120959,0.2527683147924935,0.1084253821030669,0.6730769230769231,True,5
0.54193519596601836,-0.84035942292991739,0.010113538756011946,0.83717523917283387,0.53874709486814076,-0.094282483458204031,0.073782533767698014,0.059561800376032696,0.99549411331598758,-23.290685519412275,-2.256311512890198,-2.2419585136317206,,0.2612714449611562,0.92,True,3
-0.60995311739407032,-0.79157685331462491,-0.036922620136881801,0.78529062991398357,-0.59755194064900674,-0.16201945807804832,0.10618766948452241,-0.12781926115857012,0.98609655476850899,-6.1297975529913655,-0.80370187933285342,-3.228603525413861,,0.09730314382944023,0.2272727272727273,False,5
0.91201546579497872,0.39481275010986339,0.11113362453126657,-0.38861773527928223,0.91844761875465486,-0.07369007687814938,-0.13116419472238497,0.024017992309774215,0.99106966963389509,-11.159101382170464,1.1866670584909003,-2.5765938694930162,,0.2480739956729573,0.38,True,5
-0.87375536693237743,-0.48549728628594996,0.029050710246825796,0.47786403594884774,-0.86806859930030089,-0.13454690652516696,0.090540167348778886,-0.10367879203478481,0.99048129017092656,20.119075527657234,13.655778304884954,-3.2457839713316692,,0.2162083745446976,0.5757575757575758,True,5
-0.9975925635794396,0.013163529797458294,0.06808669895268038,-0.031456087683541765,-0.96089704967151912,-0.27511338477110647,0.061802844907389451,-0.27659280796116337,0.95899782426526481,13.865891677869277,-4.4215409620730526,-5.4327597249378341,,0.1615454660361203,0.32,False,5
0.31612897986122934,0.91265642940703851,0.25907664880088149,-0.94175866842836231,0.33489477040346616,-0.030595803575805186,-0.11468687166340404,-0.23431545962314662,0.9653720458194639,1.6140040393660602,-14.941184880069976,-5.7631003012880582,,0.3528456768671036,0.2,False,6
-0.14889446357359865,0.98602885731552437,0.074682871250191823,-0.9824449860021397,-0.13892290590189718,-0.1245081350556215,-0.11239345264020745,-0.091910384379650212,0.9894039584754043,9.0517419206500289,-5.2765907950580262,-5.0056275125767424,0.4195347324623555,0.3309330786680468,0.962457337883959,True,5
-0.85686904675885167,0.51230250680317602,0.057633134825027063,-0.51459407605884433,-0.84319704730725209,-0.15560101637674895,-0.031118701639406957,-0.16298736434311284,0.98613728530705302,10.908351320123119,12.39610696378551,-2.6905429433697674,,0.268291214298377,0.7547169811320755,True,5
0.83357363658672978,-0.54386222881285418,-0.09679291533107949,0.55223595659663616,0.82479883540441878,0.12141799437197344,0.013800022803344775,-0.15466336730534891,0.98787084286580584,-5.1097175657320157,0.59721933991242748,-3.1274022327421562,,0.4040677484331149,0.2770700636942675,False,4
-0.85953005465205146,0.50184225927494974,0.09675966078721171,-0.51108286848468387,-0.84455392763754966,-0.15975908379011386,0.0015448920057899301,-0.18676993901001129,0.98240246497598327,14.527076173464929,13.885829044675768,-2.7724551536605242,0.1952939774519359,0.2738086321144727,0.3043478260869565,True,5
-0.99470926373879287,-0.10172753925474541,0.014317415597908112,0.096757303127699701,-0.97456164279862301,-0.20215743537427344,0.034518182508403036,-0.19970255917945398,0.97924837652839325,-17.825956169542746,-6.285026109863618,-2.9724887218979092,0.2117598623686355,0.1882470632635541,0.2307692307692308,True,5
-0.82159620178572057,0.56803191238545503,0.048160437321540392,-0.56891320955263791,-0.81161897267112693,-0.13271172968800601,-0.03629657294835878,-0.13643456201413506,0.98998392364735766,-3.5001409868983497,-2.348861455022162,-3.6030649607843643,,0.2777118173008447,0.9943714821763602,True,5
0.92157995887896416,0.38293678433503769,0.063638027906195826,-0.387791315871725,0.91559633288526765,0.10630734001717704,-0.01755775404557397,-0.12264898862278725,0.99229479030310574,-5.8140553393154164,-14.11557317351112,-5.033258436173389,,0.5519799806430428,0.1818181818181818,False,5
0.2901363913992428,0.93950823685417451,0.18205808762311648,-0.95096606165194342,0.30434981765783514,-0.055088456847461331,-0.10716540473500527,-0.15714789650136415,0.98174340570903729,14.352959042127877,-2.3244559933480429,-5.1938979311317999,,0.1313735246966896,0.1451612903225807,False,5
0.95968175317651772,-0.2740127419164885,-0.062673358673790855,0.28079046755489617,0.92425931138529671,0.25865312417962355,-0.012947816431683037,-0.26582276536253424,0.96393496225869235,-11.988753833873364,-9.4286013164602505,-3.7964078927863261,,0.4774599597613491,0.2898550724637681,False,2
-0.69149459865087282,0.7191883414716258,0.067847988385524249,-0.71989014906120052,-0.67826951551553227,-0.14733851365806816,-0.059944919061687418,-0.1507268848401595,0.98675630875362041,10.743976268701896,0.63200200785013572,-4.3351058403856921,0.3038614604992043,0.2762921723112777,0.943127962085308,True,5
-0.35116015028303793,0.93305814793963104,0.078032310081544404,-0.9317408878603709,-0.34000077795348704,-0.12750838748958246,-0.092441693744565664,-0.11748175839036347,0.9887631514691203,9.4434383388413643,21.172172197517856,-1.4582569917703008,,0.169135845875674,0.9512195121951219,False,5
0.12598311878103066,0.96783266490705788,0.21778013343991642,-0.97974565839326111,0.15583159469842045,-0.12575754034372202,-0.15564928089059824,-0.19752581307932982,0.96786200179859827,-6.8862862523441351,1.7606231964775003,-2.8158505232079172,,0.2243383757409014,0.2419354838709677,False,5
-0.93570381534188829,0.34554452262254853,0.071115067603058885,-0.3527865155738944,-0.91637500468446786,-0.18920498201361102,-0.00021067477981171617,-0.20212826045631438,0.97935903627885146,-2.6748594392517555,19.877116580250576,-0.81819270194048099,,0.1720779909667588,0.5454545454545454,True,4
-0.99851907002563467,0.040070643567208609,0.03679687920535428,-0.045164102310636653,-0.98764518982887328,-0.15005726530349994,0.030329369555235641,-0.15149693901858327,0.98799231110893959,15.681520575517604,13.771169522228357,-2.9065715700084489,,0.1699106844839132,0.5952380952380952,True,5
-0.90640797644314663,0.41902991651909638,0.053277662319589525,-0.42213453363492476,-0.89409793920150005,-0.14963726350229822,-0.015067041948095612,-0.1581227503480469,0.98730450220248911,-11.971049655224343,3.0621974233664568,-2.3131800464500953,,0.2512675443485114,0.9795918367346939,True,5
0.64081462185673166,0.67870181574593857,0.35877634498079947,-0.76047356552907974,0.62515291496711733,0.17568092964122761,-0.1050551119465592,-0.38541883479052175,0.9167419185586605,16.653735723170819,-17.834355016550017,-7.6316292718432033,,0.264374637690254,0.34,False,3
-0.86322938146057782,0.50220680299094722,0.051218766217093807,-0.50394528382510961,-0.85135792081231454,-0.14570120651718524,-0.029566634803762315,-0.15158501805833491,0.98800192125655129,-1.9816021131324497,-11.68048089288623,-5.0025763082881847,0.2606249708079841,0.2707949095460069,1.0,True,5
0.18106683223680706,0.98036590374735377,0.078086471513087452,-0.97584418909389747,0.1889644317955472,-0.10963832417481091,-0.12224124048537344,-0.056348365422807384,0.99089956142828961,6.9965855035803495,23.451003861287951,-0.99208941541210649,,0.2153598941068787,0.6857142857142857,True,4
-0.2544475174429599,-0.96703825662958964,-0.0096680443689144552,0.95942170597218002,-0.2511620548219809,-0.12817024743298647,0.12151728673957168,-0.041888332891211952,0.99170505524124908,-19.80879434360811,4.5609965563826318,-1.6469430063180726,,0.2200465077682089,0.6097560975609756,False,3
-0.77503691370974492,0.62963293091271799,0.053667072749827537,-0.63004126124913584,-0.76340883159429973,-0.14231993875569679,-0.048639402863035676,-0.14411567629542554,0.98836475065384688,10.904396839321388,16.440820126070296,-2.1766268936010782,,0.1633392468235992,0.5957446808510638,True,5
-0.14248879217386054,0.89592295368857067,0.42073626556167076,-0.98488051630167561,-0.086022018263828728,-0.15036815149213456,-0.098525695705122499,-0.43580072674074777,0.89463423467809289,-5.3195232511073414,-0.54986553818153949,-3.2799265890404583,,0.4974060278996739,0.2068965517241379,False,5
-0.65671762499214925,-0.75408784957863984,0.0085718225911441959,0.74504804937161007,-0.65052057467718094,-0.14739873150481758,0.11672773942910908,-0.09041292517960775,0.98904000819392401,-5.00342131581003,-20.530331928508826,-5.9937947144423989,0.1770050497650151,0.1801395790944942,0.2580645161290323,True,3
0.21286001449652348,0.96396297711919188,0.15958067856744082,-0.96915362304020625,0.22906243043360042,-0.090948655360560474,-0.1242250746692543,-0.13529886070236169,0.98298644401439317,-6.3639347480050468,-12.872551020933116,-4.8049129479004851,0.4436755642412011,0.3391575121988094,0.7202797202797203,True,8
-0.73356029761506503,0.67666208458082622,0.063385432503302502,-0.67708892191890535,-0.71958952112104069,-0.15408281184962946,-0.058650503643143906,-0.15594660747680467,0.98602270462646224,-0.94563135954912325,-7.2884825452366417,-4.5274980127959266,,0.2403420646956999,0.9804560260586319,True,5
-0.79817949347046246,0.59870768336599856,0.066772794473165281,-0.60098037297572715,-0.78370845421093993,-0.15691924705483076,-0.041618355339825303,-0.16537886405710558,0.98535158386333832,0.34623357739098204,13.146314007465994,-1.8579272861053981,0.1860244314061831,0.1944444421269345,0.9125,True,5
-0.94775071315039738,-0.31408337926706159,-0.055858898942764634,0.31219051852088897,-0.8771398672076276,-0.36491469345676553,0.065617572864083901,-0.36328677958765548,0.92936378771085026,4.4912399810269594,-3.0669361454257738,-4.3154261401617875,,0.4052832059601289,0.2577777777777778,True,4
0.36491298073088113,0.91617281675717144,0.16572835101253275,-0.92477749953248767,0.37728307364800506,-0.049437422031824635,-0.10781972385673361,-0.13522149301772884,0.98493149760453547,6.1559792625517558,17.876370651824566,-1.6729675718628376,,0.1894890177943418,0.3207547169811321,True,6
-0.81302117320016565,0.57786257638309935,0.071213866234832279,-0.58094526214710662,-0.79699676622066939,-0.16522335495511714,-0.038719172473790642,-0.17570144407398042,0.98368177183134919,12.946350435331311,14.44914109463261,-2.5818651559488193,,0.2307836153283174,0.9111111111111111,True,4
-0.9759524760605085,0.21393593518754117,0.041811243784363822,-0.21774417429731635,-0.96576383898677964,-0.14102369256652633,0.010209751757179239,-0.14673657669766732,0.9891229135087849,-6.4586414538262655,-17.491664211457291,-5.5007279054563467,0.1625868647476423,0.1767342652323209,0.5185185185185185,True,5
-0.23887784353612163,0.96894570425693483,0.063887385840753014,-0.96510333934056936,-0.22963082196973603,-0.125877837585436,-0.10729827706545048,-0.091727355808049249,0.98998645037962507,12.216194033729948,-8.4215768941167273,-5.7883128927203442,0.3169674988396647,0.2667304217102803,1.0,True,5
-0.64181761829668293,0.76221204015612576,0.084279005007235702,-0.76391575920577415,-0.62586588177291747,-0.15724061456784522,-0.067103335841362605,-0.16530185683665086,0.98395753894429638,-0.55542738399222424,14.117613964158396,-1.6542790379363306,0.1556955914770433,0.1670133968167436,0.8382352941176471,True,5
0.24873350416613066,0.95107578418157845,0.18326619068620825,-0.96061390579074746,0.26643888540324773,-0.078938231209725901,-0.12390547972822917,-0.15641346837299913,0.97988890135813189,-0.84635246977207623,-21.160156339169976,-6.4596285643551585,,0.1770917747642765,0.1428571428571428,False,1
-0.94752344915534004,0.3161269793829366,0.047571485229999461,-0.31968072550759935,-0.93608107792732098,-0.1468211472689106,-0.0018833586229564589,-0.15432416678098254,0.98801847376840712,-6.7602644209862293,-8.8816200461120314,-4.2118279689100282,0.2840201260311948,0.2660263802239801,0.9968847352024922,True,5
-0.6495527169649109,0.75595905717233969,0.08128451120976353,-0.75719904449116193,-0.63351053003299296,-0.15910378800955044,-0.068781355796277477,-0.1648948520009767,0.98390996177414647,0.62185512591892178,-14.303619806949811,-5.5643091769635102,0.1190600990818567,0.1294387511163146,0.5116279069767442,True,5
-0.9600172739008771,-0.27993294201472324,-0.0020932718193613642,0.27485835061263436,-0.941143096319359,-0.19672966057234909,0.05310104434406375,-0.18943922567776503,0.98045553640345084,-9.9557987197615603,-15.439386555913508,-4.9074881121647316,,0.1981413812539698,0.7,False,8
0.010323517285913561,0.99709219578620534,0.075502172770670825,-0.99363445366022107,0.018699682001272411,-0.11108957823489324,-0.11217841811240971,-0.073874725009952305,0.99093820569927704,-1.2345946092587505,16.233586942232993,-1.3439843725164047,0.127734826508133,0.1667015333650529,0.3428571428571429,True,5
0.97339935539420719,0.22474130872658615,0.044553777280995882,-0.22276800156298518,0.9738212050511913,-0.045240226262481406,-0.053554760738678736,0.034111651154817638,0.99798210547971045,4.5098926603170515,-0.19453933134703655,-3.9586507370271544,0.2457272347685224,0.2012151598407053,0.5899053627760252,True,5
-0.82412868961740426,0.52970749013900909,0.20055392751111265,-0.56526690526247969,-0.74677956973934023,-0.35041917760719848,-0.035850087370601115,-0.40215699560067114,0.91486858188756415,1.3093976183809106,-19.270008360767015,-6.4051667132461265,,0.2387908959990425,0.125,False,1
0.30656400714335014,0.94921963245100893,0.070714912810405428,-0.94372510808418175,0.31279346695158661,-0.10743913348452652,-0.12410249754018299,-0.033798467450137634,0.99169361886739549,5.6910651187528343,-23.526626437615043,-7.3459934578309598,,0.0970161881572717,0.25,True,1
-0.85854452426686056,0.50952116690972449,0.057353991337507688,-0.51165999322401046,-0.84410800015606857,-0.16026769919895908,-0.033246822184918215,-0.16694269838323381,0.98540589823236258,-2.5906152050712201,17.591214754880205,-1.0881196149052486,,0.1559641630115096,0.90625,False,4
-0.97481985118655401,0.18836075754673279,0.11935863081087209,-0.22257774953530482,-0.85456780194578008,-0.46922597678448852,0.013616282327572921,-0.48397737229541971,0.87497457103712284,-12.394094447078082,-12.841863201201592,-4.2906422377841702,,0.3279127868156354,0.2592592592592592,False,2
-0.65744341543592322,-0.75090168295685389,-0.062568506714747785,0.74529379655431427,-0.63580971157933064,-0.20070667024059111,0.11092931225607294,-0.17858519869791412,0.97765127447798172,26.051500441460689,10.477286291863932,-4.1301318499043562,,0.2350975028886359,0.5882352941176471,False,4
-0.82288963510657631,0.55968704208925835,0.097995221064818908,-0.56718380502511312,-0.79879132757611193,-0.20058650579345388,-0.033987935380076807,-0.22064185891749949,0.97476253023084058,5.2834575122342224,20.727847324599789,-1.241919876988524,,0.1031904304480997,0.1724137931034483,False,2
-0.99746343974753127,0.043870690055260404,0.05605398220553396,-0.064349562709624858,-0.89239188306526429,-0.4466495951171468,0.03042729278301138,-0.44912369075045067,0.89295133700588092,-13.166786568183207,-12.254413635991797,-4.147033699419775,,0.3705238004613676,0.2439024390243902,False,1
-0.34130158433441321,0.93043847606045615,0.13340716171599371,-0.9348095633801129,-0.32116885673749801,-0.15159698438627642,-0.09820544151880746,-0.17645058154686344,0.9793982252015121,20.035412145229905,-2.2375741144403589,-5.6204688978771236,0.1785665417784925,0.2255657150796609,0.3333333333333333,True,3
0.49827333061182072,0.86339177542727508,0.079235914366791296,-0.8586064736881559,0.50407387052253516,-0.093297676269137639,-0.12049320039651049,-0.021544725130960736,0.99248033405062397,-5.4380423361995813,14.939936666416649,-1.2476956234350054,,0.2175097913924029,0.7333333333333333,True,4
0.3920457806023997,-0.91981889320790633,-0.015274475756488173,0.91529215683190934,0.39167678390967231,-0.093965762850972134,0.092414141525225368,0.022858272987176589,0.99545824915071035,-4.3393234308351953,19.042789855070495,-0.80038797001983963,,0.1235874075436339,0.3142857142857143,False,4
0.81710698625075362,0.57164168995406017,0.074578491045864503,-0.56790208453966973,0.82041764182946453,-0.066348438945309451,-0.09911304351955838,0.011860492462274351,0.99500549411691375,0.34264844083789958,23.136333602597126,-0.56667536045047007,,0.2018922067968532,0.8285714285714286,True,3
0.60019120143788751,-0.79073791713268149,-0.1204328365738121,0.79661348853539493,0.60448805315959075,0.001069331939234669,0.071954649606636958,-0.096580225698622679,0.99272090156498172,-9.2321146101069491,-2.5600656924050118,-3.1452228983577499,,0.3284178818493591,0.2173913043478261,False,1
-0.9824064467886422,0.18066666717178534,0.047298294696058313,-0.18612354006893717,-0.96797758372352938,-0.16845600387331056,0.015349304229265587,-0.17429559025344682,0.98457373826335681,4.5582899429226194,25.124266618782002,-0.60152622022064417,,0.2183488447340905,0.7916666666666666,False,1
-0.43081197801658677,0.89759132066236869,0.09343907463701312,-0.89860518729725747,-0.41713760654850474,-0.13603284370123894,-0.083124947879061828,-0.14256941563522751,0.98628809420246655,-23.443525406254619,-7.7533469101344492,-2.8665621534048964,,0.2568882064399408,0.9111111111111111,True,3
-0.67869544277490013,0.72942462156238819,0.085511504577754999,-0.73125326569333804,-0.66037221432546822,-0.17081334830658879,-0.068126040318023329,-0.17846080803763748,0.98158574899248752,-3.6850581507116726,-19.385451256828329,-5.9638288050617332,0.2683048207791346,0.1607465921844582,0.4444444444444444,True,3
0.21858209790727576,0.9740776757463725,0.058262750424259102,-0.9679584706731319,0.22399755839380675,-0.11349666464590615,-0.12360528114359144,-0.031587583734095509,0.99182859357212316,-8.7680518256854558,17.425821525160227,-0.72679463350019669,,0.2758811055281317,1.0,True,2
-0.14228768241226503,-0.98980710504184688,0.0060091798461865617,0.98222650034666437,-0.14194355584606189,-0.12281339084366566,0.1224145312064278,-0.011572457062063328,0.99241158839820909,17.244684690140648,-3.5125759399064318,-5.605181590103907,,0.1257904833919091,0.2,False,1
-0.89063466916048539,0.44294972046348025,0.10278828352841093,-0.45389436644764569,-0.8523951257862693,-0.25961982521159621,-0.02738229713669952,-0.2778814399652022,0.96022503358659794,18.247434356343877,-18.09748212412396,-7.8250279704246717,,0.2830303612326084,0.3928571428571428,False,2
0.89911655428029169,0.43594669862645741,0.039241531262551019,-0.42928500236143785,0.89576543203899239,-0.11540657481936974,-0.085462322497562096,0.086918161052171622,0.99254290824761471,8.4078340260918747,22.764526605590682,-1.1620978282019763,,0.08561471897001957,0.3333333333333333,False,1
0.76787574091268629,-0.63813265292123422,-0.056156600622738563,0.63888945561634425,0.76927825073295908,-0.0055889579968526198,0.046766548087766521,-0.03158623473836282,0.99840632998544665,-8.6544587323555699,3.6186503015036897,-2.4632539013520511,,0.1894036602294358,0.3809523809523809,False,1
-0.12413819814476933,0.97722586418819535,0.17210263833830541,-0.98584727343761258,-0.10177144537742716,-0.13322059285791765,-0.11267147472628426,-0.18620468111039773,0.97602917759438934,11.940177433722468,24.696349271985326,-1.1314624843965324,,0.1402875961008598,0.4,False,1
-0.96614436319156427,-0.25779662061960273,0.010294263950331964,0.24888654637159632,-0.94177939281830991,-0.22606871145294333,0.067974675493051945,-0.21585290746220567,0.97405696231366612,3.1018211888404554,26.511624238039865,-0.3103460885981581,,0.2990068231677821,0.5294117647058824,False,2
-0.99063665064801854,-0.13288180406395364,0.031328142964162198,0.1251575506663529,-0.97559147933742474,-0.1804351766020495,0.054540021122779822,-0.17482474536781828,0.98308783661634358,2.893763169827857,17.276315976844153,-1.5128541308611236,,0.1298093943287308,0.3461538461538461,True,2
-0.055631938224735923,0.98582489743919044,0.15828568804023072,-0.98828586511332961,-0.031804869160879615,-0.14926318740686448,-0.14211311081865946,-0.16473530856094382,0.9760461781323535,7.7992882283828733,-16.110395824635415,-6.515609791152901,,0.1428283646020634,0.2857142857142857,True,2
0.77113879886483949,0.62902085798927954,0.098375368358774126,-0.62807388868237757,0.77689555241622743,-0.044232239275014532,-0.10425038724479635,-0.027677804290019765,0.99416587947333757,-9.9950595310420365,-9.543666595477081,-3.9903578159325632,,0.1500311811005962,0.2702702702702703,False,1
0.28083748999408475,0.95582278285095867,0.086793502042908366,-0.94882251835627218,0.29011169715232515,-0.12478394061520773,-0.1444511435533985,-0.047307620511366721,0.98838042077312971,-7.1437209251543976,14.702893629915451,-1.1863549410088312,,0.1904206640996376,0.7735849056603774,False,2
-0.9942664425566069,-0.10115842561610812,0.034658536216951169,0.09514232510913824,-0.98483706313393049,-0.14506514760811132,0.048807572964227997,-0.14093591453070572,0.98881489107756515,2.9293242354121563,20.212061182908609,-1.1245501600146719,,0.2015473496704823,0.5869565217391305,False,2
-0.65400451957566974,0.75174114565759609,0.084636506898640163,-0.75371104437034053,-0.63792846534222492,-0.15800928675329515,-0.064790045290685494,-0.16713025767801454,0.9838037034895285,-13.545270570367384,17.472748585446194,-0.44470074061329135,,0.1662953829027414,0.59375,False,1
0.60818892932843305,-0.7936047358254823,0.01725541995145749,0.79061650077609502,0.60366999665155829,-0.10250894518660612,0.070935005060247802,0.075987225361072316,0.9945824081688901,1.6845942624257375,21.731956606179974,-0.85465722723885285,,0.08582130361963293,0.2272727272727273,False,1
-0.39705422382179978,-0.91722658755506614,-0.032300625804425241,0.90945124657992604,-0.38846595719755672,-0.14829912404597984,0.12347620596490333,-0.088258637994675537,0.98841491256447478,27.060894176149301,-10.865155063540563,-7.7692474064887795,,0.1773102518155106,0.4166666666666667,False,1
0.15589927994340391,0.98463861118059581,0.078627093838420314,-0.9801245090767976,0.16408784681117938,-0.11149495610043046,-0.12268398925733627,-0.059682358375138529,0.99064961256676787,-9.5976638642063516,17.236978495986275,-0.68644939852933695,,0.1958017621962481,0.8666666666666667,False,1
0.99878582734240717,-0.036442087051341263,0.033148836952228242,0.035760840800530186,0.99914144930392645,0.020917135274415521,-0.033882641059723842,-0.019706307979718899,0.99923151874859617,-4.7315361182151356,20.367817544778877,-0.59552385036669098,,0.1543280259554126,0.4444444444444444,False,1
-0.99535193012781686,-0.09105461030034849,0.031362288403128491,0.083514486457447204,-0.97827780707058365,-0.1897310273648414,0.047956915482318146,-0.18622993888261091,0.98133508248773038,7.9433035995071375,25.234823471705102,-0.82445007060840436,,0.1385674995463761,0.4814814814814815,False,1
-0.77554158017524166,0.6295029559067763,0.047552980179183579,-0.62966369066656058,-0.76592394198060965,-0.12993903092239226,-0.045375038021541768,-0.13071550636981011,0.99038101875946161,16.27990336763925,-22.684811381069014,-8.2777758720606585,,0.2508586218658405,1.0,True,1
-0.86573627070767012,-0.49970230610659599,0.028254466070453701,0.4920355316816965,-0.8600755163447511,-0.1348003773994004,0.09166103394511052,-0.10279937478438521,0.99046985991500702,7.080011331851968,-15.961411073749193,-6.4111541795154237,0.2189794420098006,0.226928723924657,0.7543859649122807,True,1
