axis_00,axis_01,axis_02,axis_10,axis_11,axis_12,axis_20,axis_21,axis_22,location_x,location_y,location_z,dbh,dbh_approximation,score,reconstructed,number_clusters
-0.0099389076609095895,-0.98102858120367897,-0.19360821515629242,0.99813451005959886,0.001930761880519786,-0.061022716972007958,0.060238840813821845,-0.19385354012774189,0.97917929259015157,-7.7491807697853989,10.065766585560887,-1.2785013166551813,,0.312821879245385,0.1308411214953271,False,5
0.95598069850569167,0.28840146729113247,0.054087870626334453,-0.28777343087946816,0.95750542995815724,-0.019230290702539218,-0.057335473874636896,0.0028187346391758752,0.99835098946743395,11.264151514482023,-20.141071322388783,-2.8430248757963943,0.3206206382418685,0.2727556494330786,1.0,True,3
0.52624868438417383,0.8471419574522534,0.073571911133878481,-0.84728721851874755,0.52971255296335262,-0.038845599079078641,-0.071879701715375804,-0.041894094536252126,0.99653308691899289,-9.9543655296506373,-0.10521494632788719,-1.3246984398526311,0.4404796613590274,0.2781487508160201,0.9056603773584906,True,6
0.98250383408917508,-0.18125461333614759,0.042813329051065517,0.18238567169981365,0.98293043489239362,-0.024150091528995676,-0.037705208641234271,0.031536095297526483,0.99879116532671985,7.9504042979135505,12.050858283611046,-1.9474155066864172,0.3004914562153074,0.273783308969612,0.9494949494949495,True,5
0.9983625866079856,0.033926467817441019,0.046055840485693403,-0.033322676031097204,0.99934915695851334,-0.01381527228954523,-0.046494568753113932,0.01225794712583936,0.99884332996157155,-16.38595115673451,-2.3184731320869045,-0.89218078065577444,0.2262906004667239,0.185673249740487,0.8333333333333334,True,5
0.96871282217665056,0.23287621585909055,0.085814545606790693,-0.23937573370808368,0.96800300421480989,0.075295696708513937,-0.065534161032749658,-0.093481826673712951,0.99346183712283609,3.3960457015789181,-3.03604671713014,-2.0363516847061196,,0.2355429593787872,0.1481481481481481,False,6
0.98950752809261644,0.13429773945692072,0.053281976547449351,-0.13341261964421228,0.99086175108290619,-0.019851024169747194,-0.055461020254865698,0.012534249785296613,0.99838217522881045,-10.772979637277084,-9.9029242125951775,-1.337699326674491,0.2130463383525285,0.1816880067337493,0.9166666666666666,True,5
0.99212401084613555,0.082179844462960644,0.094532641276018167,-0.09128882135927352,0.99114241214661425,0.096452423188978759,-0.085768864965157315,-0.10432253835214511,0.99083828639912463,-10.291775694634561,-18.73884125138294,-1.379209254714437,,0.23777247833049,0.234375,False,5
-0.99870721266508478,0.025544468539326147,0.043947508436535963,-0.029059545272932152,-0.99626603150705784,-0.081299060841485832,0.041706668522748569,-0.082471053056333607,0.99572038203931135,16.129346730276389,16.92426575065187,-2.5150348044290891,0.4603754637325769,0.3268071904675872,0.9545454545454546,True,5
0.99987346238560315,0.007206152839560406,0.01418205127189151,-0.0096770663078264187,0.98311731733951158,0.1827202636130873,-0.012625910054312746,-0.18283438327736679,0.98306265043835583,3.4534425140370191,-10.370511834717769,-2.1949659419067244,,0.3361545022034571,0.1836734693877551,False,5
0.9571278161506267,-0.2876563059020919,0.034061609261672648,0.288111936249282,0.95755237242119695,-0.0092177145338616616,-0.029964241045327775,0.01863608717784189,0.99937722633311898,19.325535290073908,6.1415706376892505,-3.0048799707016824,0.21028301602587,0.3097399452194149,0.7884615384615384,True,3
0.83648524382119194,0.54480371921095627,0.059002918599928254,-0.54404799966967543,0.83853152972322276,-0.029608237290589489,-0.065606485386926372,-0.0073335662498292056,0.99781862474160765,14.806423627208011,-8.4559142003871877,-2.9556533857805714,0.2116017022833156,0.2607662252966276,1.0,True,5
0.98773146821372493,-0.15087767856309187,0.040279930632658972,0.15179845297825303,0.98819140411605966,-0.020856138294034796,-0.036657555479989987,0.026714695254544469,0.99897074465856528,14.298381583703369,-12.013145345293763,-2.9611373453230914,0.2856495913211227,0.2870187324670675,0.9897959183673469,True,3
0.99854093119560106,0.028720144829398532,0.045729224878626754,-0.027222954896001659,0.99908343654489684,-0.033033279406826016,-0.046636031711026843,0.031740196953036558,0.99840755227694,10.697147144457277,1.3266398336889158,-2.4381363973879187,0.2226381299753327,0.2086578927722487,0.9433962264150944,True,5
0.68636785028082248,0.72480441042692234,0.05964679980151525,-0.72400531864678963,0.68874344666081322,-0.038062622780654753,-0.068669299341418022,-0.017059639722549459,0.99749360700733003,-10.521797345701689,-14.318630150640752,-1.3480151268627669,0.283942276355543,0.2185983470407028,1.0,True,5
0.99367085529668109,0.085657108445155353,0.07267111604191058,-0.10055936136404021,0.96662154128780486,0.23564933855295345,-0.050060425248077085,-0.24146564080879701,0.96911727780118462,11.443492675766002,4.354540648888034,-2.3869367668163113,,0.3671757024136196,0.4705882352941176,False,1
0.98325583426283736,0.17223669241255596,0.059518788419065501,-0.17422031170225932,0.98425314719661139,0.029883527635348947,-0.053434514861262758,-0.039752534766321998,0.99777977961130926,8.5455787591480288,-27.272743228835608,-2.8306067736838352,0.329696820243117,0.3731616667850857,0.7959183673469388,True,1
0.96780385129699453,0.24625894661318448,0.052079138123342715,-0.24548809560479828,0.96917613314382622,-0.020813886247163533,-0.055599463405997668,0.0073589508318237535,0.99842603407143793,12.135755727096953,-3.3243617764315903,-2.6545046191187227,0.3497614503932248,0.272660975338461,1.0,True,5
0.9163978252753241,0.3963363173379974,0.055969182499054568,-0.39563207390205285,0.91810526478150045,-0.023621703589142447,-0.060747740127669037,-0.00049632594831498095,0.99815302721072585,-11.418942825661155,4.5151312542376401,-1.1589972105369584,0.248631186077649,0.2212460625079129,0.8907563025210085,True,5
0.70341687766088179,0.69280709422555042,0.15881758848617739,-0.70441427459354711,0.70932613267041655,0.025631372567174081,-0.094895869091665558,-0.12990291644755156,0.98697518019844732,-10.109256112662939,-3.3739924330440418,-1.2760662121302002,,0.2885514820285186,0.9290322580645162,False,5
0.73179963170736984,0.67754828196895356,0.0734685281864077,-0.67800946381107452,0.73471503848006259,-0.022293030611810698,-0.069083037104463743,-0.033498325811290926,0.99704834193346081,-8.6908356570488596,13.345925964799285,-1.1375993384184155,0.1982946790587111,0.2337476956614388,0.9113924050632911,True,5
0.97574822852939302,-0.21592802991612317,0.035923257345251682,0.2162966696498608,0.97630492387227308,-0.0066668074168997702,-0.033632502436338668,0.014275206453739425,0.99933231372780718,-13.285387109039986,-5.8515356386152142,-1.0346488744456406,0.2600501773170477,0.2244813777991312,0.9391304347826087,True,5
0.97864237879426919,-0.20032357401504633,0.046147157244321793,0.20179706387864779,0.97897358334310081,-0.029810537169360114,-0.039205094539496631,0.038486215846807982,0.99848974544155533,-14.456800570077029,-13.336445800345563,-1.0928230032741308,0.3659364562098823,0.1469201304743084,0.717948717948718,True,2
0.90785621228036983,0.41375127768700992,0.06787472310298559,-0.41391646365964541,0.91023212337830761,-0.012273658041150737,-0.066859995030164793,-0.016951748658601815,0.9976183535210158,11.634102191257279,13.79181908394899,-2.2443725004381747,0.3515259251402781,0.3183364079960268,0.75,True,5
-0.95893340466562105,-0.28026637274910016,-0.043560139146501316,0.27481128342938449,-0.88008888599568225,-0.38719802588181368,0.070181791914246908,-0.38326793898386746,0.92096699345349164,-9.9800742422419102,5.8013254884595682,-1.2185532191096249,,0.4514310726583202,0.3809523809523809,False,6
0.96258071677871593,0.26622992965290271,0.05059632637636894,-0.26511768640565991,0.96381881960067373,-0.027674814154296366,-0.056133555389657808,0.013225261455831765,0.99833567321755134,4.4141355174370185,-3.5284900160447084,-2.1005383822708725,,0.2278577136009801,0.9222689075630253,False,5
-0.70937910484086486,0.6366876238681195,0.30234112394502433,-0.704810877633122,-0.63787157636882807,-0.31042145356075868,-0.004786688333351316,-0.43329980576260829,0.90123713080458723,-4.9229285555308904,10.963497387301118,-1.4133410664236048,,0.4768466601472071,0.2708333333333333,False,1
0.99319459613819239,0.1064842700601057,0.04717620620247949,-0.10523745021353474,0.99404790507017038,-0.028175192956905834,-0.049895623800551875,0.023018745738452855,0.99848914068715933,7.1451254824157431,-5.3408119522564457,-2.3223557704710105,0.1893808736180913,0.2190485762519486,0.973568281938326,True,5
0.79531501554609796,0.60345973274341047,0.057535875800774315,-0.60236331733852455,0.79737505280590015,-0.036762196448480264,-0.068062177248736769,-0.0054199741733999759,0.99766635901393508,18.648134597344125,-0.99751395000753607,-3.0988652392116069,,0.2203865880779629,1.0,False,5
0.98908115573112576,0.13937345958779215,0.047890564207468643,-0.1382493208311793,0.99005479952944297,-0.026050320889221292,-0.051045006291480212,0.019145043516373174,0.99851283148563408,-10.218438231735682,8.2136094311367707,-1.1308668497998318,0.1749524549094766,0.1617961317422161,0.8709677419354839,True,5
0.92840011355340646,0.35626021532431629,0.10560250059110751,-0.36420685664612318,0.92879270596411034,0.068538127489863293,-0.073665424223127163,-0.10209196013858453,0.99204366685599554,5.2451290033895788,17.270942157954977,-1.7081284858089589,0.1916792508783419,0.1945831468439957,0.4571428571428571,True,6
0.67106123945103546,0.73350812679996269,0.10790106961865711,-0.73820420215442084,0.67455527107544078,0.0054536396923618342,-0.068784946230956975,-0.083312749220925061,0.99414667780426458,23.115861258929609,8.2785111486464071,-3.2187574506680199,,0.1416808836004018,0.4117647058823529,False,1
-0.67878665590937648,-0.71468057035792132,-0.1687612458837674,0.72972746284665024,-0.63076768555396834,-0.26387488858980251,0.082137115403184885,-0.3022644689899327,0.94967872728595826,-9.7663798596844078,-3.3310559796258183,-1.2928775680078057,0.5293620889059953,0.4970831997878014,0.3987138263665595,True,6
0.8591131929145096,0.50874821792475178,0.05567560074777362,-0.50760479043205908,0.86091472869569607,-0.034105815416745226,-0.0652832175268791,0.0010395543298802878,0.99786623393926555,4.399926091606023,-18.06590550232367,-2.3785186027358778,0.2772128779325571,0.2564782963268803,0.9888888888888889,True,5
0.22012793209979806,0.97157608238548943,0.087083923004963787,-0.97333896294726507,0.22466897774358777,-0.046207289991918622,-0.064458953747424955,-0.07459066011317407,0.99512877393112864,-12.552213300751722,-6.8980694922868873,-1.1219711953670339,0.24226369501292,0.2034654786413974,0.8461538461538461,True,5
-0.68919824667043861,0.72238495017692272,0.056265091702397095,-0.72455346701437207,-0.68653123099855085,-0.06080413062505742,-0.0052962462034401789,-0.082673167481963267,0.9965626408583923,5.203726884540715,9.535000032749096,-1.8726873353804576,0.2143064000783545,0.09947537976300888,0.5797101449275363,True,5
0.54087542272992473,0.83744549030627369,0.078350672316262637,-0.83744235410510215,0.54486111354273181,-0.04262241780893844,-0.078384186145105852,-0.042560753220067353,0.99601430795330981,-23.100596204091694,3.8235922779178408,-0.46474233495285716,,0.1605514527047583,0.9354838709677419,False,3
0.54072514496659096,0.83781601832559138,0.075370000914889934,-0.83836218917080385,0.54408652541754787,-0.033446862749689422,-0.069030119292927239,-0.045101799255809136,0.99659453657658192,19.793014839038129,2.1466565613775579,-3.1235786218839103,0.2526199955127031,0.24008975508832,0.9861111111111112,True,4
0.99111062257170202,0.11930873646065031,0.058865603111634641,-0.11896911293054167,0.99285483609910541,-0.0092533563175265215,-0.059549004979541256,0.0021679111564290006,0.99822302927109663,-14.41387552371741,-8.7628693773868971,-0.99584761775921404,0.2008482108044362,0.1636071241992594,0.8421052631578947,True,4
0.99830827720239013,0.034581937155136945,0.046740488784295722,-0.03341163647055094,0.99911396326198199,-0.025592009754921263,-0.047584096267098239,0.023987038948865454,0.99857917850559574,-14.570517423388134,-2.9670960010856322,-0.98432003427440873,0.2088138763649564,0.2084734073572276,0.9418604651162791,True,5
-0.34040859025207837,-0.84511039934130583,-0.41220189787016936,0.93822598241595745,-0.27634397396055449,-0.20824508151526336,0.062080573468701813,-0.45762694520850222,0.88697439727250893,-7.6682690867182668,-2.7175816193888447,-1.4834199583132643,,0.4985433762812439,0.2849740932642487,False,3
0.80147557346507692,-0.59717857463203261,0.031853651898654231,0.59800730115877165,0.80074868710800307,-0.03447909302189036,-0.0049165943120249925,0.046682867256240483,0.99889766092683807,8.0954352721933027,4.6939955270875107,-2.1844194674829063,0.1682099521434942,0.1634065545760613,0.8272727272727273,True,5
0.97017435453200795,0.23690890204566328,0.051340957723035013,-0.23573658763124758,0.97141681406756186,-0.027886100458861786,-0.056479935024532135,0.014951437333742573,0.99829177671724723,5.5532387134389678,0.67640452138375451,-2.0868441978735714,0.202436381607341,0.1727479998887172,0.9517241379310345,True,5
0.99069875367967686,0.12667192181860343,0.049701143651981111,-0.12947162666369091,0.98989366173443127,0.057858762059481192,-0.041869766497928826,-0.063755491377444809,0.99708683672618403,-13.340381301311895,27.347628826706497,-0.51066730307185737,0.3143944154654451,0.1719550608677271,0.9285714285714286,True,4
0.14981847364293113,0.98698695432010675,0.058405281929131379,-0.98703798512940233,0.15274099123532639,-0.049256527568834779,-0.057536430780782848,-0.050268694018930755,0.99707703691070892,-10.172047754749022,10.539962742658558,-1.1062550410467322,,0.2436672386552104,0.8681318681318682,True,5
-0.99604670391562855,0.056420899141483093,0.068612285772148535,-0.064380498368796876,-0.99068963994157699,-0.11995494463428376,0.061205514854445309,-0.12389802037359327,0.99040555607231273,-4.6149733918502029,15.327803514040109,-1.3036794434521852,,0.2203116010810231,0.4242424242424243,False,3
0.85433678433330185,-0.51846102094129976,0.036150085747289354,0.51959530077656757,0.85358575515418622,-0.037577679661786989,-0.01137463607943337,0.050887408681919571,0.99863961932806278,7.7835968868687999,2.7592693297004494,-2.1841776072641599,0.2234297460273237,0.1971494962580564,0.9621848739495799,True,5
0.670758829510955,0.73881555598473403,0.065070476162863572,-0.73823321696272837,0.67351418963190246,-0.037287447450091063,-0.071374435240883688,-0.023026302339932962,0.99718377413323112,-13.219210715582914,-7.9536659013013864,-1.0478759851995529,0.1718162792471265,0.1367698180238118,0.8627450980392157,True,5
0.791409702140358,-0.61103240267236181,0.017609265815217857,0.61127480955385627,0.79124166721148559,-0.016725168856717085,-0.0037135647303824099,0.024000561510722208,0.99970504774366498,-18.460304279427813,-3.0410260024685756,-0.78568707932302828,0.1819130160511294,0.2076977733353191,0.5483870967741935,True,3
0.90990300142749747,-0.41397710981991903,0.026447694386816958,0.41438007261792925,0.91002552536442194,-0.011945652027754085,-0.01912285047767668,0.021828782154647914,0.99957882173406121,8.6435855460081026,-16.911511464768722,-2.6350109384167797,0.2550586795243897,0.2697114699548701,0.9782608695652174,True,5
0.5023733708788366,0.86271272997821624,0.05785967304927301,-0.86209128329909768,0.50490857021321445,-0.043196701088890857,-0.066480188714762495,-0.028179447453442363,0.99738974490901433,-13.660091809752634,4.7199944216617409,-1.0061696581369106,0.2500446891002128,0.2228962107873567,0.9711538461538461,True,5
0.26746034848952938,0.9593951853038748,0.089587054877383721,-0.96146217836058967,0.27186429581968413,-0.040991270297189644,-0.063682348951412809,-0.075171025496604191,0.9951351040727181,-12.828618579196689,25.098687708866585,-0.58947122144551811,0.3322966359203997,0.2512822806175669,0.9583333333333334,True,5
0.71591631871147865,0.66986906482825959,0.19682291682809036,-0.69076998436099746,0.72056357047003305,0.060207720579551913,-0.10149213421990952,-0.17906305285454793,0.978588662203838,-11.563387464275042,-5.6473450892475245,-1.1800573127205185,0.3792815697302229,0.2122943760294454,0.3137254901960784,True,7
0.9030984898584824,0.42588695277787769,0.055076501966813032,-0.42488864479928817,0.90477119871751532,-0.02930388185706833,-0.062311773654350859,0.00306291117114528,0.99805203343272875,4.3764024370778492,-13.851836270576502,-2.3001253386674376,0.2598732810696456,0.2412156596618261,0.9732142857142857,True,5
0.2854599468339028,0.95623044266545543,0.064311424128300876,-0.95634334981620395,0.28859186822363714,-0.046066591555163031,-0.062610031272191405,-0.048353636006154013,0.99686604409473056,14.874656942382858,3.7681839503766517,-2.7380523016202103,0.2413019066730392,0.2634507047225577,0.978494623655914,True,5
0.97029547252211401,0.23447397446920362,0.059570557322423182,-0.23413853007136937,0.9721209551191683,-0.012649006056448166,-0.060875649804395582,-0.0016744894185279514,0.9981439532182127,12.765387644899944,7.6787302536467257,-2.4207030311089084,0.3456569961912913,0.2768267271501978,0.9156626506024096,True,6
-0.51534875328558361,0.8427074021015637,0.15575588891026926,-0.85671172107399285,-0.50205452260112982,-0.11826361786360448,-0.02146367772381037,-0.19438490368077765,0.98069048112010515,20.699710499050212,-13.59845755989859,-3.5322072781135256,,0.1883891028752567,0.4482758620689655,False,1
0.56825272143589567,0.81658961324433332,0.10134223266816936,-0.82011517771294407,0.57208983512657652,-0.011149700880001901,-0.067081591107882893,-0.076776455286224954,0.99478914150091025,-10.990204026669611,6.4848801732385786,-1.0900270575025572,,0.2222189852009565,0.7946428571428571,False,5
0.95773591423050786,-0.28556184262789491,0.034588330807005435,0.28625678190281989,0.95800118317070582,-0.017052502988399616,-0.028266117662225893,0.026232938807716912,0.99925615310280491,9.0243448477308839,-12.214164030203763,-2.5062866457654898,0.2934600715363473,0.2863676387340878,1.0,True,5
0.9108781210510124,0.40946518604494925,0.051374215397928809,-0.40891509850015201,0.91232429656402403,-0.021279570427299711,-0.055583188188414928,-0.0016245972222206327,0.99845273792737799,15.365936246969463,-18.075364374866357,-3.1849365444972784,0.258976157622238,0.2516521422770582,0.9814814814814815,True,5
0.90648423213654461,0.41364994934716143,0.084735212827421358,-0.41622900399190826,0.90914236623817424,0.014614176225727037,-0.070991218638094711,-0.048516773552486278,0.99629632618028552,6.8543510176359357,15.719115833727408,-1.8092326031565624,0.3453136851961398,0.198554118304049,0.9142857142857143,True,10
0.98611443497121032,-0.16572401201843667,-0.010671128427803926,0.1660662622627832,0.98428888115552948,0.059978287501923848,0.00056363062205601333,-0.060917569502631989,0.99814264113222473,7.2030379115378285,9.1500822751686677,-2.0099075931283692,,0.3213593982453739,0.6779661016949152,False,7
0.5909789867801144,0.80279837730315706,0.079111330312210265,-0.80375571064048446,0.59434584316295047,-0.027014372614072021,-0.068706584816593141,-0.047621256958839883,0.99649968443973969,-8.5861084783665476,9.2267433918406603,-1.2553756518000425,0.3690629342771712,0.2041907601303437,0.9438202247191011,True,5
0.90153968696407527,-0.43261420225740105,-0.0084347397061275212,0.43261336751467233,0.90081345043755234,0.037159140980477109,-0.0084774451536200335,-0.037149421475770827,0.99927376299374715,-11.362919812359888,-17.868944760756612,-1.3120529087320483,0.2436253301715256,0.1740252140446055,0.8947368421052632,True,4
0.98278669293731269,0.17645340622374239,0.054722130965263287,-0.17657777691102808,0.9842832770616835,-0.0025921415611519401,-0.054319470602167352,-0.0071151900011704374,0.99849825697631944,-13.337157433434319,-1.2279408601133839,-1.0836531359092976,,0.2174733367683749,0.868421052631579,True,5
0.99472833236950786,0.090789399863450568,0.047674203232058364,-0.089742643918748879,0.99568390583464761,-0.023660463316102973,-0.049616556146610855,0.019257324172752371,0.9985826720016,4.0644797589472521,-7.3280580620416016,-2.1784097104650906,0.2337860803614468,0.2232459132620207,0.976063829787234,True,5
0.85722224508170319,-0.51089936927436685,-0.06443490523107151,0.51457386298441465,0.85462944077889069,0.069442483302775762,0.019589846104037571,-0.092684159536641331,0.99550282998121375,9.2077627389620478,4.5571668240980454,-2.2625292230099179,,0.1279318391317913,0.2105263157894737,False,4
-0.8666914776364546,0.49510469254752199,0.060969057806091201,-0.49867634621024398,-0.86307743812701798,-0.080120144324035247,0.012953158793884707,-0.099843273251266851,0.99491885923613566,12.438330462983108,-25.324273433701933,-3.0815767270906469,0.183004252944151,0.2172220568765384,0.9069767441860465,True,3
0.4692895182148844,0.87947946900992757,0.079266712330313793,-0.88049052995386257,0.47286526776652654,-0.033687760413200679,-0.067110168791381486,-0.053984276693368964,0.99628405744279858,28.726815626748024,1.6912865092837674,-3.7019083009457385,0.2602290394729752,0.3196099504668175,0.9807692307692307,True,1
0.42337547307789758,0.90201494346091537,0.084393427287130035,-0.90351923682055935,0.42722688371538931,-0.033618127937640033,-0.066379194716874063,-0.062017994195547474,0.99586523732114507,-17.301742089544856,9.830605743757177,-0.62998764636123172,,0.301938578430176,0.918918918918919,False,2
-0.40548540969944746,-0.863855060544506,-0.29889131284217718,0.9117256701930615,-0.35864130676624495,-0.20033151372665833,0.065862620900518004,-0.35373838843508232,0.93302265123386297,-9.661302545441032,-0.94078149720283688,-1.3415857202043415,,0.4559392220047379,0.2397260273972603,False,1
0.95072893788203316,0.30424540989201665,0.059575307245043077,-0.30454791331336317,0.95248795225236116,-0.0041556360021032801,-0.058009095581458225,-0.014192652103976341,0.99821516390810161,14.675951679174947,-21.742016572633663,-3.1945462914241807,0.1876208961874941,0.2329088227365946,0.625,True,3
0.66592096019276592,-0.74590623206638096,0.013159321429231728,0.74556928167801562,0.66602766689922255,0.023099635124933422,-0.025994633947635487,-0.0055713453771357793,0.99964655709736538,5.9078852146498297,15.382904413404134,-1.7685292775263675,,0.114652066652884,0.3214285714285715,False,3
0.53110824240681564,-0.8473039031176316,0.00036139890810191894,0.84706197912004444,0.53094630923041564,-0.024125095726935514,0.020249404356102327,0.013119164463777554,0.99970888219871079,-20.321932591913914,4.9808971985378294,-0.55419754931014709,,0.162086408628245,0.9069767441860465,False,1
0.98282773922681177,-0.18274522759540759,0.025569841560290702,0.18211505356234392,0.98295585252281592,0.025137606432014459,-0.029727803018391109,-0.020049283833817107,0.99935693520656199,-14.247374719995527,11.688843879847576,-0.75320890385370154,,0.1606076493179981,0.1764705882352941,False,2
0.94289067891031031,0.32846836741170543,0.055368756839433507,-0.32768616381022347,0.94450861171716638,-0.022918561024897491,-0.059824289978192294,0.0034661220407579373,0.99820290538878165,19.741307825797151,13.60372552472149,-2.8629179814726169,0.2573967966029185,0.2845933519007592,1.0,True,3
0.45703303818328161,-0.88933614187780985,0.014213682100375193,0.88905833178139215,0.45629957636566498,-0.036959157168455582,0.026383417122252468,0.0295283483860233,0.99921568839892949,-19.167632092783688,1.8383323245838779,-0.73447995301527291,0.2126510582904146,0.2399928387651106,0.9090909090909091,True,3
-0.77552678742750392,0.58148376628791387,0.2458349680700388,-0.6313113919682749,-0.7155625063118457,-0.29902546034040017,0.0020318349965764079,-0.38710067050359392,0.92203521762577689,-17.138869112874957,-13.593477949965823,-0.9813832544151696,,0.1382154247053103,0.2222222222222222,False,1
0.99818040451272061,0.036818808486511853,0.047752019731687745,-0.036699687455321789,0.99932065989265617,-0.0033692213326862834,-0.047843630584474175,0.0016106065132403787,0.99885353929350262,4.2635831188173405,-25.114986920933269,-2.5075182332667278,0.2810177850934287,0.250001163802108,0.8604651162790697,True,3
-0.63305115610985152,0.7724066784036534,0.051324038280465237,-0.77398706765077652,-0.63037660924602701,-0.059744034219604322,-0.013793217801945826,-0.077545171822080594,0.99689342131932579,-6.6081215702184606,25.484961428252721,-0.94679295628693605,0.2687466179533087,0.3153191546157664,0.9285714285714286,True,2
0.8777879350176182,0.47397926478549351,0.069512572178765733,-0.47470661910827561,0.88011854126559563,-0.0067066456079452729,-0.064358114580025494,-0.027111065525408609,0.99755853122199345,-15.280339782609946,-7.8700291202771577,-0.95235702042767689,,0.1122422070451723,0.375,False,1
-0.69733548849577609,0.71314984664077785,0.071697368993511951,-0.71668039610859646,-0.69243364338586799,-0.083095483276753354,-0.0096138607219995384,-0.10932952823280179,0.99395906753669205,31.482570244049832,-4.2404719516147145,-4.0707574945324385,,0.1838303915952698,0.1176470588235294,False,2
0.92831063942921876,-0.37057213747903162,0.030259670301183546,0.37133082500917985,0.92816114598964983,-0.025105885229996575,-0.018782308711032418,0.034542408708738981,0.99922672446251248,-28.64535697279014,4.34177848499154,-0.12142879638003921,0.3261872758617004,0.2812770196382439,0.9512195121951219,True,2
0.79666772341122061,0.60041414169466634,0.069450679822732994,-0.60066210871673342,0.79926291361467483,-0.019591479580373602,-0.067272354104416079,-0.02610849235857983,0.9973929902500881,-20.668651669340306,-11.682561403963934,-0.74463363770742796,,0.2191575344248424,0.9459459459459459,False,1
0.13804418508322419,0.95461637091831264,0.26391549279922755,-0.98960689745421027,0.14377843478987773,-0.0024393032663443323,-0.040273955303158984,-0.26083586038756912,0.9645427219465792,-8.1013572885725189,-21.585522015600901,-1.64718617577937,,0.4264780855139012,0.225,False,2
-0.95728852929816433,-0.28910280756494522,0.0042706360443868288,0.28388289785767673,-0.9426013969977699,-0.17582123501380734,0.054855920173535834,-0.16709929094977855,0.98441284783671734,10.45328959040801,14.254237041327226,-2.0791833887573317,,0.1658468117693087,0.2380952380952381,False,2
0.56005694247953242,0.82594253673422824,0.064460431223386475,-0.82563051030477896,0.56287455670037412,-0.038813578464594357,-0.068340922106358726,-0.031482684643860538,0.99716516131143873,23.76807606772428,-10.85866263751875,-3.7114603297752553,,0.2280051395014502,0.8888888888888888,False,1
0.98019622162331899,0.16947408830863075,0.10243974085933741,-0.19048273131328555,0.94833226703491424,0.25373655702687281,-0.054145140010904438,-0.26822461611936221,0.96183359221895592,-12.073268860089913,-15.20398891029412,-1.2188280110455167,,0.2357822005037333,0.3235294117647059,False,1
0.20561563923307766,-0.97843003019644359,-0.019921970599326301,0.97774195536123287,0.20625430581355633,-0.038468559366871428,0.041747785919343812,-0.011568809063839419,0.99906120184284941,21.231056467546498,-6.6470423110010346,-3.3723206050244801,,0.303827032109075,0.4117647058823529,False,1
