axis_00,axis_01,axis_02,axis_10,axis_11,axis_12,axis_20,axis_21,axis_22,location_x,location_y,location_z,dbh,dbh_approximation,score,reconstructed,number_clusters
0.90314257741774417,0.42905272554734047,0.015723980273228952,-0.42574911228793938,0.89971380527262079,-0.096191278127970167,-0.055418212180346302,0.080179968210641731,0.99523866205874212,5.0253828407473025,6.7324122664857278,-2.109994623217744,0.3108639985878148,0.2234329453254301,0.4675324675324675,True,5
-0.99601615722857173,0.084073868858716636,0.029722030797997324,-0.088310448692362722,-0.97622485394713543,-0.19795529593230987,0.012372517584685726,-0.1997914390333633,0.97976032870166541,2.3814402359165041,2.7463819686734197,-2.5728837761353636,0.4203572234488008,0.3385452649380186,0.9719188767550702,True,5
0.47601670353463665,-0.86496044094810287,-0.15890731119392126,0.86844119714181867,0.49081116051041862,-0.07010201013737867,0.13862894742045415,-0.10463192779108992,0.98480159150146462,-4.3532603943610662,-9.0829906286513165,-4.0691916700050221,,0.2874683977418714,0.2588235294117647,False,5
0.95619450414188079,-0.29196764296370353,0.021141563591222573,0.29125793374150494,0.9416560178278427,-0.1686794596897854,0.029340863680052925,0.16744802044463883,0.98544420144809819,10.475071836035907,-13.553070735786939,-5.4207104545461595,,0.2196658015880434,0.9523809523809523,True,5
-0.1130197882214838,0.99138886673507132,0.066141079399425512,-0.97706163152721592,-0.098800533497549081,-0.18865053081816024,-0.18049126202601862,-0.085945153989912842,0.97981443898214959,-15.608813571313238,-8.4088626109414584,-3.4651359630985303,,0.19661257213625,0.4324324324324325,False,2
-0.95884439000006538,-0.28082383613783712,-0.041897599241843372,0.27884223044202883,-0.90353222336748162,-0.32538674198363998,0.053520522115495933,-0.3236780721541741,0.9446523483901581,-8.9260215583627716,11.899315421631158,-0.44832901931908165,,0.2704808137242565,0.6533333333333333,False,5
0.99666169049485642,-0.075883278998501072,0.030119805251209823,0.079622131529032164,0.98499678887575726,-0.1531066362873281,-0.018049677856091483,0.15499372204345013,0.98775055315419047,5.1168300430821585,-11.079620314468123,-4.7636823254699587,,0.2363945762698654,0.9576271186440678,True,5
-0.31177761881152388,-0.95007050251961989,0.012678984593909381,0.93179202632557667,-0.30833564715419415,-0.19155351307162072,0.18589872534337434,-0.04790792143394243,0.98140027255936069,-10.442546487596468,20.509996099891342,0.85143211106046146,0.4047536728057868,0.335681508847853,0.9672131147540983,True,5
0.12414069499112948,-0.99211424018853478,-0.01727490266965832,0.97556241823357603,0.12521344366267712,-0.18055348696824217,0.18129273558909353,0.0055612895321478679,0.98341345124081114,12.926805761885447,-1.608434201964795,-3.7038011242502118,,0.1402066109193948,0.64,False,5
0.94351063318241679,0.32885184315336674,0.040548123586034879,-0.32003112808765355,0.93615418684218765,-0.14558645374067528,-0.085835669314444418,0.12438570541857079,0.98851425592191933,-3.1198999549878716,12.561795340567624,-0.71638011865066042,0.2240672209135489,0.2229972359091074,0.9052631578947369,True,5
0.75856135432977356,0.64915690310182517,0.05639137232439044,-0.63643712235379102,0.75668992709628369,-0.1495598325789616,-0.13975858115838846,0.077560746426714983,0.98714328727207878,-13.55324811019155,0.10392090278786176,-2.1575946089611642,,0.1877626606421848,0.936,True,5
-0.68740102166171257,-0.71439803807530922,-0.13082537449815612,0.7129508677933114,-0.6293999266392194,-0.30912261719147827,0.13849511013460902,-0.30576326715401009,0.94198085380123742,-7.6698790923921578,-3.9440800121488326,-3.113005160638858,,0.2788881310228953,0.2949640287769784,False,5
-0.068594748666297653,-0.9655913279836672,-0.25085483407370279,0.98266527653750968,-0.021984658224881264,-0.18408049622432615,0.17223157301396988,-0.25913329026868143,0.95036110144074215,-10.560758904630765,-4.6244974938741699,-3.0759933335848664,,0.3618144499993866,0.3560975609756097,False,5
0.81851797268994364,0.57307471995522952,0.040170806959544877,-0.5600418297884,0.81157089264433857,-0.1664506987060517,-0.12799014520972402,0.11374555622400188,0.98523117651061343,9.220823487211975,-0.65211190071671443,-3.4330970160214891,,0.1280220073435974,0.6382978723404256,True,5
0.99621835370170142,-0.086015635849883712,0.012259777208837062,0.086048890557140947,0.9962884636423055,-0.0022103500034695578,-0.012024149938990019,0.0032569314688591046,0.99992240309718539,2.8603334973517791,5.7480597569050396,-2.1054237454177023,,0.3493063414456003,0.25,False,5
0.70988831835686572,0.70246975405116441,0.050939376750770649,-0.68829805786363674,0.70726465732812061,-0.16131487233259115,-0.14934643953441221,0.079454069359796084,0.9855874856452681,-21.857937800660459,-3.4925248547053336,-2.4253216661769357,,0.2535521055874687,0.7333333333333333,True,5
0.016240261984990782,0.99624133314883123,0.085085016404166589,-0.98039307837583067,0.032579705448966823,-0.19433984322732126,-0.19638142927328975,-0.080260631188005235,0.97723721036290978,-10.768188260870039,15.404545739708576,0.14445525636020481,,0.2092355665387265,0.4,False,3
0.95896756951378248,0.28004347759083303,0.044236311777326967,-0.27356768436736417,0.95495523723109865,-0.11498355080085858,-0.074444091039560761,0.098163870867687755,0.99238194852867267,-12.288192706901418,3.6557657269523762,-1.6224958432476335,,0.2729332146152061,0.7682926829268293,False,8
0.000524664050292181,0.98339523303746557,0.18147600493404489,-0.98905701917073319,0.027283983169168937,-0.14498895506736464,-0.14753283552055826,-0.17941404599866664,0.97264827277986288,-10.898877120076065,4.4068243842520962,-1.5657687172696777,,0.6276368323813903,0.3789473684210526,False,4
0.70710638963286532,-0.68714422378510753,-0.16683335835238672,0.69804106121245879,0.71599363423640083,0.0095808451785139859,0.11286820013519393,-0.12323121135374902,0.98593855688198384,-7.779752483398096,0.44912160605307422,-2.4415631941025122,,0.5475070640273093,0.4448275862068966,False,5
-0.77267431232854988,-0.63473412874965829,0.0093269967307874728,0.61972881503073907,-0.7574280465800467,-0.20552116697442985,0.1375158277733865,-0.15302071772916206,0.97860822449918827,15.831268038948282,-12.587769268634,-5.5176777789754547,0.2054887358025915,0.111127535059378,0.6538461538461539,True,4
0.86025573773835773,0.47329405201156594,0.18961225176318733,-0.49812747209368985,0.85950543034143789,0.11454010982677026,-0.10876160735196552,-0.19298485832844972,0.97515524775399975,-9.0754339596961735,-5.4516647560345968,-3.3088183149710235,,0.3105589015417007,0.1578947368421053,False,4
0.22898952414343668,0.96883394565609748,0.09447001416852914,-0.9551927130376805,0.24233615060409272,-0.16994137539194934,-0.18753847283232158,-0.051322274451061814,0.98091556484383102,7.459430964169889,7.1657046551185148,-2.1656224698659758,0.1129016201695213,0.1317525770546746,0.5714285714285714,True,5
0.95569767885540957,0.29148746164777051,0.040951267776744196,-0.28319284229403069,0.94847147060208081,-0.14213966204882736,-0.080273038461312757,0.1242454391761164,0.9889991456720898,20.778191788023726,-7.2064871492865938,-4.8947079327419916,0.3577197107813771,0.3134978812142944,0.967741935483871,True,4
-0.29903497880485158,-0.87265936179812353,-0.38606180815676872,0.93647800193304498,-0.19067733920866431,-0.29436559616877017,0.18326765493854466,-0.44956400053651502,0.87424548959370163,6.9228113865594345,2.6513206210473408,-2.8245252326589565,,0.3331033680236461,0.1893939393939394,False,2
0.39306129561903808,-0.9184811927497224,-0.043532935248264154,0.90590488361799426,0.3949250331220534,-0.15287432763748232,0.15760444068410762,0.020652282648449722,0.98728634321460029,12.971017319615326,-7.0552643543632856,-4.50955233499882,0.2088699801883243,0.1391212637682233,0.84375,True,5
-0.99649856543507787,0.076123362074444062,0.034580960546444557,-0.08254689512289301,-0.9614783995077405,-0.26219324435538582,0.013289815326097604,-0.26412974279038703,0.96439559299183952,-1.2072898182362255,-27.704399083585646,-7.3169097810280883,,0.2008352387405788,0.5294117647058824,False,1
0.81127423468894222,0.58190734037067826,0.056727095400655181,-0.56924573624442565,0.80828715617873548,-0.15043658107001165,-0.13339193340458372,0.089753664990440921,0.98699081643314779,7.3804269645244478,13.868210478817474,-1.1575367969475319,0.1815693469429759,0.1233312913559936,0.1290322580645161,True,4
0.99318258096166157,0.11302344912036057,0.028531751142744394,-0.10755175107989638,0.98287443385114737,-0.14963444831132827,-0.044955330206575321,0.14554568777784122,0.98832963683949826,-15.883411206234991,19.422441839252517,1.0099276331763871,0.2533366923945813,0.233028361329051,0.7837837837837838,True,4
-0.97714880869341969,0.20539649441356081,0.054703617354348644,-0.21223953395575593,-0.92878008795275713,-0.30384523766008242,-0.01160111612193029,-0.3085122822596994,0.95114961273168663,-6.5531037976550923,4.7447820354335368,-1.7709633992961109,,0.7571014268079848,0.6432160804020101,False,5
0.21437995109342536,-0.93985570243759597,-0.26591821141981625,0.96470393942796206,0.24636397128591514,-0.093011305250510073,0.15292987223348922,-0.23659258705159442,0.95949799475083986,-9.3205405331647206,0.39324682997785082,-2.3136683724262923,,0.6098530445769589,0.3195876288659794,False,3
-0.92173095300305019,-0.38739223885529317,-0.018420194102418484,0.35183934871261807,-0.81526938446452524,-0.45994010854926842,0.16315980808265196,-0.4304219836735988,0.88775885971186741,-7.8491874930938117,-7.4722863488869269,-3.669649516599681,,0.4391997524308459,0.3216783216783217,False,9
-0.71271309818110018,-0.69889783346068879,-0.059848626258686248,0.68537924661332406,-0.67567749594456894,-0.27150545074791449,0.14931620137429369,-0.23452449735162315,0.96057427206287349,9.5726688847556911,1.3118511416477268,-3.1499841522981296,,0.1097710762240267,0.1521739130434783,False,1
0.99464337299369243,-0.099757023628510161,0.027075760312706688,0.10296277252840513,0.97928697218233729,-0.17434360781862221,-0.0091229399315232163,0.17619750949071469,0.98431255687219354,-0.13101054586937699,-13.329258848584232,-4.9608642583155058,0.2600892081169765,0.2306867734416667,0.9682539682539683,True,2
0.99231291721606174,0.11966889860228709,0.031534568864429971,-0.11348169166623114,0.9815535267089065,-0.1538654602627835,-0.049365777444707382,0.14910408751145388,0.98758847254545079,-6.7766155527268523,9.7864373300962413,-0.96708917183070731,0.2849203570496026,0.2185041083959408,0.7966101694915254,True,5
-0.099015882683392786,0.92181893187441999,0.37476087284338061,-0.98428443174349034,-0.03539006943202893,-0.17300780448578268,-0.14621905622668763,-0.38600181323861682,0.91083620249344355,-7.4521109041987081,4.5139716109275314,-1.7896962620144543,,0.3039537564190808,0.5094339622641509,False,5
0.99789666988213888,0.057816780650457492,0.029316481940274561,-0.052613993193003798,0.98655499369564226,-0.15472883420512457,-0.037868244723304655,0.1528609312067909,0.98752191456806082,-1.108675256434255,14.554837860289771,-0.5521307992476806,0.2156319094631503,0.2256628153510392,0.9,True,5
0.37853602988543189,0.92462732894439925,0.042128098078607477,-0.90766307505136812,0.37973492326975089,-0.17874319633935881,-0.1812683542896262,0.029422620863238675,0.98299343492958713,5.9576928221276297,3.558925089013234,-2.6570250379649143,0.2623300758899256,0.20503102422499,0.9054726368159204,True,5
0.90373807067602641,0.42640638339000747,0.037882658499988106,-0.41517033677807569,0.89460654235725534,-0.16526562204879225,-0.10436039033250043,0.13362907833195997,0.98552127240044829,-16.796404726941621,-3.159529781848132,-2.5438178278053418,,0.3226904391686597,0.951048951048951,True,5
0.94707122556326462,0.31791760690269433,0.044547602981077364,-0.30763781845648697,0.9384537335167864,-0.15704637118933257,-0.091733670838080428,0.13502957183398023,0.98658600657261641,-10.662780071720228,6.3944185997925249,-1.2505735481690607,0.2039999505183,0.2059777049323204,0.9682539682539683,True,5
0.86627369813713084,0.49729232594614198,0.04764685163674081,-0.48567546416726648,0.86067867428716016,-0.15281218254185472,-0.1170009547898125,0.10923626770615585,0.98710597931321442,6.8874439315731726,-8.162315965034777,-4.4202983845054193,,0.2874957109156892,0.9951456310679612,True,5
-0.11019947193192692,-0.99388625582892098,0.0067960915452647853,0.97624815913109553,-0.10952204436995625,-0.18693435636653394,0.18653580937468647,-0.01396539549717556,0.98234889909315659,12.309440818854579,-3.5950244039174732,-3.9795594856007503,,0.1132500642780776,0.6216216216216216,False,1
0.99880979084672872,0.02606833082797208,0.041224311232060294,-0.021351563401609461,0.99359301669116851,-0.11098210631831759,-0.043853306021569463,0.10996981090456909,0.99296703280652387,-6.3700489189018557,-0.19822565559884864,-2.5715479051568777,,0.2075234503748633,0.7576601671309192,False,8
-0.22350777552803419,0.96873658456199385,0.1076740637742961,-0.96058155555979774,-0.20018613037667135,-0.19289527812554508,-0.16530985874056928,-0.14654331419746042,0.97529365201830143,-7.5366446422748075,19.685418217486024,0.64296601500893735,0.3285326115253844,0.2026823918525951,0.7142857142857143,True,5
0.98523939235561508,0.16786903914797682,0.033516047593239125,-0.16076038617343782,0.97462148618047406,-0.15578529106667779,-0.058816987240969329,0.14809775275437986,0.98722217238117027,-6.6591514147159971,2.5533171998429891,-2.0938379692981375,0.3278085171911023,0.2382359607817212,0.9405737704918032,True,5
0.95980615669001068,-0.2797284811473828,0.022893632628487582,0.27956096644759465,0.94562518668105422,-0.16624882662234639,0.0248557361354825,0.16596681339773442,0.98581804063009726,9.2450050504637176,-9.542755715856293,-4.7779196333010985,0.1836662745788986,0.1683398138534359,0.8783783783783784,True,5
0.89013214468483037,0.45307257658028055,0.048887680960441195,-0.44249741919399943,0.88498876898666301,-0.14488241016120673,-0.10890729546469251,0.10733181782852734,0.98824039680443643,-1.4864654489063103,15.590887482981518,-0.37268381004870466,0.3109003770737246,0.2567609843699626,0.8831168831168831,True,5
-0.85716686910361817,0.49269534649548963,0.15005417039452623,-0.51011609113703782,-0.771958813271449,-0.37929034284516749,-0.07103894758630265,-0.40166016251829711,0.91302934332452057,19.93460559373937,-14.716014363743476,-5.9989970714919183,,0.3534724240124693,0.3170731707317073,False,1
0.94074293980079726,0.336790148118287,0.039687748051723391,-0.32853710811803943,0.93413038323516717,-0.13951270804609925,-0.084060036904526139,0.11820669713422707,0.98942462418732424,-4.2812237203844301,-3.2759159613372528,-3.140742208895229,,0.3345340924368558,0.9941176470588236,False,6
0.79375276034986686,0.60616412850885137,0.050215582701685552,-0.59334352537991453,0.789828778988653,-0.15528670506848394,-0.13379094261832475,0.093464159924520104,0.98659233449429473,-1.9328777267310449,6.7409409241695712,-1.721460459655042,0.3514217123636342,0.3032769945754333,0.9699248120300752,True,5
-0.99753753214489405,0.046948984481917325,0.052102445416619986,-0.068920823709440832,-0.79382216832977148,-0.6042319795636707,0.012991998363891918,-0.6063350211923576,0.7951031694404046,6.2074585663163049,4.6418931238881029,-2.4936141294742931,0.4943789579274164,0.4083615984617708,0.1363636363636364,True,2
0.99206391637568558,-0.12362634993546472,0.022928397828268082,0.12527673838470324,0.98742560382564759,-0.096417922240866843,-0.010720291275332427,0.098525136443392933,0.99507681755921917,6.4120150014162958,10.898733859478375,-1.5476371719846238,0.3336050889660238,0.1684147442644924,0.6551724137931034,True,7
0.93098974902958986,0.32502438999880195,0.16618433472420593,-0.35295032098056356,0.91767267743641123,0.18249089842072772,-0.093188830454820543,-0.22855197000374786,0.96906131843442589,-4.6948832430252541,15.355887044859301,-0.21416893263844966,,0.1070814057610889,1.0,False,1
0.62758451088996925,0.77627078756726697,0.059509209881272035,-0.76184588086119209,0.62807184492888812,-0.15848221169095572,-0.16040117052513145,0.054124134887477748,0.98556686354445278,-2.147835072487386,-5.0894129812374649,-3.5602463118893208,,0.1474295843910839,0.8963210702341137,True,5
-0.88146167700451417,-0.46692597665065672,-0.070749164667988029,0.46260048192390968,-0.82355809022719217,-0.32825731697116006,0.095005821380345801,-0.32207484277752679,0.94193507714368274,6.5894637344719147,5.4643593739414618,-2.4205190721794483,,0.4895177722173847,0.3333333333333333,False,6
0.70380547122486781,-0.69787508083286587,-0.13277134565282817,0.70174219796926807,0.7120627404611507,-0.022902865240317066,0.11052486717115795,-0.07705209406289211,0.99088204572356708,5.1666862067045898,-12.781673032240409,-5.0306141224047902,,0.2252947551695215,0.3333333333333333,False,2
0.00018012001295310688,-0.99314519776267596,-0.11688705538986684,0.97469096801841348,0.026305213417766787,-0.22200349684266468,0.22355644571361885,-0.11388876989404448,0.96801439228552422,6.2265291462766656,-1.8914407146676733,-3.462314513319233,,0.2668425569318457,0.7532467532467533,False,7
0.99938643635692381,0.0047591123309047136,0.03470016823634222,-0.0042281696812573296,0.99987311567981507,-0.015358226521494489,-0.03476885685430451,0.015202085072807365,0.99927975222281196,10.790917400497662,0.54367578713928932,-3.3187055213273839,,0.3501849713563673,0.2264150943396226,False,4
0.78949991422008636,0.61250318381535662,0.039111830211940021,-0.59878687227994076,0.78267157975828028,-0.16993963582367427,-0.13470028593763947,0.11074767742363188,0.9846780107799652,-3.0466409369886582,-10.923803641005275,-4.4521379862727564,,0.2215337443507333,0.9651162790697675,True,5
-0.95986728356249129,-0.27383620377792822,-0.060568403040340418,0.26929900949822222,-0.83963114465591671,-0.4716964960724972,0.078312460245101162,-0.46907704529670607,0.87967828445748963,-0.65780865855027915,-16.787794654232574,-5.5155656458172517,,0.3657916033521291,0.1551724137931035,False,1
0.98710110056659184,0.14550991729589488,0.066770361903794359,-0.14614396389878923,0.98925223646429239,0.0046855593416101626,-0.065370934490576071,-0.014383206142450814,0.99775736745207333,5.0400051024922572,12.883746973182594,-1.1351516401380322,,0.2305452923814993,0.3571428571428572,False,3
0.99934755286054155,-0.034996479098545905,0.0089283280826581053,0.034662651218497847,0.99878094287986863,0.03514439856512433,-0.010147374150553404,-0.034811989180519101,0.9993423618596099,-9.7394225167699044,6.1891998097512735,-1.3123598666155396,,0.3057529996216816,0.2685185185185185,False,5
-0.45159425864788894,0.85151126800344645,0.26644171223632529,-0.87104836645539352,-0.35608584919070846,-0.33834540236498101,-0.19322879922944317,-0.38487845934696469,0.9025138240930457,-10.621957318983629,4.7901075972826757,-1.4796355555857161,,0.2048844512713902,0.1842105263157895,False,5
-0.029388954856535521,0.99865898451191104,0.042620675570408766,-0.98305771688986632,-0.021159430263179027,-0.18207087568916561,-0.18092488661243494,-0.047249456764868546,0.98236127480662694,5.3319343194148816,-17.306377487518454,-5.809072021915604,0.3190236956912627,0.2322563946825089,0.9759036144578314,True,3
0.99212167014806241,0.1207201517604124,0.033484870935441842,-0.114199624559922,0.98137695994359109,-0.15445940645441086,-0.05150764383072709,0.14941856461236352,0.98743154455191928,-8.3519459956815094,-11.146543550884992,-4.2417330446674688,,0.2752953525044433,0.9548387096774194,False,5
0.9994394713667919,0.011246275193266698,0.031531957889492063,-0.0060017992568773297,0.98681721361615515,-0.16172744144556006,-0.032935110137170175,0.16144754010242529,0.98633157219827849,13.301676609779562,9.1522338263318819,-2.1116537442109404,0.2415658750951904,0.2790695119962922,0.8529411764705882,True,5
0.87276494749769318,0.4773003660535774,0.10230203802696433,-0.47286534064348018,0.87869615933089629,-0.065509000872075562,-0.1211598780020626,0.0087988716466005472,0.99259400754803695,-5.235211288615643,-8.7145602989671005,-3.9985472657948371,0.6300727911601228,0.192890617991376,0.4257425742574257,True,9
-0.48582009005407917,-0.87402195849767172,-0.0080284596119224796,0.8511526965604217,-0.47097938047626464,-0.23177038271555683,0.19879116488860399,-0.11943215325065452,0.97273739186490793,-7.7833672347710161,-5.2546235702735853,-3.3303992521194554,,0.2396003367388139,0.2765957446808511,True,4
0.85752067600279214,0.49872346195345457,0.12622677499198096,-0.49714800979346285,0.86644706442846475,-0.045971087671435887,-0.13229567863733849,-0.023332231793317379,0.99093564895679753,7.7598332436466935,19.653162648248991,-0.29337995178035925,,0.1268451016304744,0.3333333333333333,False,3
-0.21118154008957607,0.97306629261829281,0.092435638665421468,-0.96379905841553526,-0.1915516761926836,-0.18547056463250303,-0.16276895319046858,-0.12825734099014721,0.97829255458651776,10.331293633517674,15.094037495305667,-1.10240162637199,0.1692425956794054,0.1612919001304681,0.7368421052631579,True,5
0.98507490410728271,-0.17207122465694893,-0.0043505106692828081,0.17135922289734126,0.98275552805910338,-0.069480852019026679,0.016231143707239989,0.067698343512440112,0.99757379890393316,-11.440491676224426,-4.2392365581429932,-2.9702569735240498,,0.1312641369489143,0.4210526315789473,False,4
0.91560649468013466,-0.40055965786966535,-0.034881332928820868,0.40195873416722666,0.91398054633334236,0.055396181735603178,0.0096913841238198441,-0.064741960207733942,0.99785497726985517,-4.7677458229739909,-10.954027489849537,-4.3735166500932019,,0.2790310279704042,0.4077669902912621,False,5
0.98746454937208428,-0.12977014440393278,0.089852508895235453,0.12691047500547681,0.99122892153179976,0.036864026540628342,-0.093848255536638461,-0.024998694771654017,0.99527261099280884,3.3017303122099824,7.5125267432209064,-1.8646920597327239,,0.3874654730845007,0.1794871794871795,False,2
0.50599314215430213,-0.84365851258055102,-0.17947494043233098,0.84644767311159497,0.52568887970620948,-0.084720354326437167,0.16582302848754993,-0.10904822742072898,0.98010775291271657,-5.7066442122861041,1.398893835790489,-2.3578868642432167,,0.5107164185122853,0.4891846921797005,False,6
0.9711246730230505,-0.23785761746416367,0.018455981690046641,0.23800436631282165,0.96057249600283412,-0.14371639272858103,0.016455730366773644,0.14395913912341624,0.98944680261292439,9.4455584890872775,0.23381471454174474,-3.3027030210637043,0.168090500468486,0.1485681637311977,0.8,True,5
-0.65329136840870161,0.7550496157510741,0.055771549349482363,-0.74676271938786365,-0.63048003785943418,-0.21175543155538856,-0.124723008683758,-0.17998610950548879,0.97573007101859355,10.360413549801931,-10.007156961287743,-4.8653820348760757,,0.08593117632678952,0.2083333333333333,True,5
-0.35832239324147092,-0.92574297012220996,-0.12085121336177949,0.91295283185166742,-0.32037853190603216,-0.25273449132984815,0.19524904434010992,-0.20089188525932364,0.95995846843560317,10.86440375304827,-0.15666087228787529,-3.4211817030284331,0.4300044468687471,0.2337213221195031,0.2352941176470588,True,7
0.79121726251510982,0.60846210141224188,0.061230014233996433,-0.59642645990129783,0.78991036138349002,-0.14253806126298571,-0.13509523095839543,0.076259374007421929,0.98789361089557359,-0.027317087267068864,13.683758310548138,-0.81706056498616098,0.3232736809045557,0.2802389926852087,0.9833333333333333,True,5
0.86534228227154764,0.49873571068649281,0.049451242644740434,-0.48782114606069416,0.86079484754129021,-0.14513014815123074,-0.1149489624533467,0.10146389176651098,0.98817600390744853,-12.614218439780064,-6.3164600439417278,-3.2924733826456665,,0.2289707050118838,0.8979591836734694,True,5
0.66624241147305918,0.74447286365735021,0.043372853634352254,-0.72952790909487819,0.66271919930113055,-0.16909255669402704,-0.1546288427371082,0.081014925510626362,0.98464536907370359,-0.73632044386492146,-17.119050646193916,-5.5723764737514889,,0.2529506833413618,0.8469387755102041,True,2
-0.24885297489482114,0.90859165067566905,0.33545999643543389,-0.95493526784024085,-0.17231896619100939,-0.24167086735009977,-0.16177401250165402,-0.38048309583124124,0.91052829866280927,6.6427413575207392,-5.5223993942070848,-4.0133732475988131,,0.6257995280785724,0.386046511627907,False,5
0.9903869162050708,-0.13600068969241161,0.025250121049185812,0.13828107419706895,0.97802908330144367,-0.1560046689539844,-0.0034786101700074526,0.15799659686121695,0.98743352923199823,14.363843488211955,-9.4100062781381801,-4.9357476335176935,0.2477677909291136,0.2662073546823723,0.9193548387096774,True,5
0.52238316519255346,0.85141773538272769,0.046943248706888777,-0.8355063407897021,0.52207005619548341,-0.17138264475799855,-0.17042588777416162,0.050306026475880686,0.98408552498072888,-4.5551786068266047,-14.430871587570817,-4.9551317429213793,,0.2195363834073833,0.99,True,5
0.99818251430899918,0.056764660065998722,0.020234660742261323,-0.05457447020477324,0.99388529675708626,-0.095987728861272464,-0.025559642595918732,0.094708976647773266,0.99517682570119104,-15.184738289712604,11.361412911161214,-0.29332917142697595,0.3883348430721029,0.2384514882564148,0.425,True,5
0.57302953854284766,-0.81935523552808209,-0.01715068424556172,0.80829716047418643,0.56850204100283719,-0.15317026390580704,0.13525105665663811,0.073908236268553903,0.98805097251353069,-20.088501502101714,1.376175683368364,-1.675192732685344,,0.1245878129708417,0.1818181818181818,False,1
0.59614842557281811,0.80185902869759651,0.040362764811101765,-0.78559042636081877,0.59295244532821023,-0.17679106196163313,-0.16569470932192204,0.073685111626719271,0.98342044295778253,6.2553200994401399,-14.752468436208911,-5.4075326796815313,,0.1906331606216197,0.963855421686747,True,5
-0.92788411371709933,-0.36730254499288717,-0.064186540280507381,0.36423885498552894,-0.85605660671133876,-0.36673852078108515,0.079756680160747551,-0.36367007925813172,0.92810718423149841,-0.059391465471205045,-8.1866856536043358,-4.1407650016087372,,0.4594134213282445,0.4081632653061225,False,5
-0.47018570266682513,-0.88242663584072456,-0.015768239170111931,0.86390615360036316,-0.45651584894969943,-0.21274265540591908,0.18053133461848209,-0.11365083376974025,0.9769810260206252,0.21225136490128396,-9.2887323480338555,-4.3091788129722897,,0.2141094874336715,0.9947916666666666,False,5
0.8287674392984079,0.55792504109939023,0.043176151669666693,-0.54521424892483172,0.82244315210744878,-0.16226116085155262,-0.12603949511200729,0.11093651367248644,0.98580278737996219,1.5040660674420576,-4.3645002990588386,-3.5848018491112414,0.2669569722614488,0.2331258525888504,0.9431137724550899,True,5
0.6786054419267008,0.73302408384268014,0.046586979877063284,-0.71853434256664694,0.67566914452610294,-0.16486238408951845,-0.15232548289692943,0.078402166054025876,0.9852157365867914,1.504689135965829,11.673536645525063,-1.1419387270410917,0.3601882103922944,0.302506763953236,0.984,True,5
0.88325146985722047,-0.4675206447244406,-0.035934492503802123,0.46482580023048564,0.88308285268417219,-0.064044131154039896,0.061675087637968889,0.039863793743578055,0.99729988544731185,-7.5396787223276398,0.23852584229483065,-2.4665235288638123,,0.1008491687467246,0.2346938775510204,False,2
-0.94626192471848958,0.28054306686045544,0.16088491994152362,-0.32202458296327729,-0.77151271733492877,-0.54869690627686429,-0.029808351101458051,-0.5710198898698754,0.82039487295911862,-2.7136146922426878,-3.3466170476197137,-3.2355582301318235,,0.6950125998730778,0.4527687296416938,False,2
-0.89557673265177651,0.4414514091913147,0.055344098653528941,-0.44126142771937099,-0.86544706931545412,-0.23725455237013698,-0.056838968497249509,-0.23690087280610492,0.96986973770907758,-4.0915490958152159,-20.984769480485188,-6.083177577305861,,0.1301658725465516,0.5789473684210527,False,2
0.93123600127979311,0.35671919531680485,0.074504534177139592,-0.35232905162073941,0.93354959892928502,-0.06594987280504111,-0.093079263557741737,0.035164783967800844,0.99503753128414529,-0.71190461398652249,16.145240008276357,-0.32844499079736234,,0.2868385599745552,0.5,False,1
-0.7942770606578492,-0.60569410704976467,-0.04752472617401228,0.59371301361864703,-0.75719908506467692,-0.27231306071703543,0.12895273697208179,-0.24450806584324322,0.96103433724555598,7.4275768133757474,-1.5683972346519888,-3.467595885081427,,0.08906038157373615,0.4166666666666667,False,4
-0.82363512982854992,0.56606854331699197,0.034519229123594133,-0.56121807564090254,-0.80479383830668083,-0.1932385815449971,-0.081605419466053125,-0.1785308995400493,0.98054437606015121,-4.9612852321638332,21.70636835747138,0.76532247242080509,,0.2884616409389292,0.6428571428571429,False,1
0.9571064929440628,0.27899166218054944,0.078171693073970455,-0.27362204225699821,0.95907941380444484,-0.072784998506778886,-0.095279269284699625,0.048273496354174897,0.99427940257973635,-9.0150477317124231,8.5161436490359268,-1.0112276952883286,,0.3076632848518382,0.2093023255813954,False,2
-0.66642886694242742,0.72154703292029965,0.18772971152628992,-0.73374625264932758,-0.59006789372986712,-0.33680308417867433,-0.13224599059669498,-0.36220127011526354,0.9226707093530111,-10.839934097921549,-3.5837650187342898,-2.8995602875057802,,0.2590071463795787,0.2777777777777778,False,3
0.51464475943223709,0.85615130503570935,0.046321857417278761,-0.84016357169953637,0.51433967377975276,-0.17198800180598503,-0.17107292122955337,0.04959478663921469,0.98400935603285711,-3.2277298720754435,15.491755299226799,-0.26197991382651448,0.2968063905049046,0.2663327365427203,0.927536231884058,True,4
-0.94807541677160145,-0.31789916807169383,0.0096500286361894429,0.30705438891393799,-0.9227974808566296,-0.23272819247642981,0.082889120890756007,-0.21768079443070554,0.97249394104743647,-11.093043327235815,-17.408283483962133,-5.1998056489878941,,0.1576386353604433,0.2222222222222222,False,2
-0.08281440361495071,0.99337688834750781,0.079650061211051351,-0.97906674585850662,-0.066188395312928014,-0.19247702065424585,-0.18593031411777763,-0.093922595912398765,0.97806362996951379,-5.5736949495425678,-0.65150569786805934,-2.6767933357409217,,0.07323897737781343,0.1182795698924731,False,3
0.36535549406032586,-0.90171378899349619,-0.23114412321953698,0.91673079692169379,0.39164932939184904,-0.078838117444744713,0.16161685845001342,-0.18309299693300149,0.96972003461764222,-10.081903814316799,17.636828163368747,0.47996894220916436,,0.3860277393023009,0.4262295081967213,False,1
-0.98477387461088883,-0.16892970717182881,-0.041026453888901623,0.16376156558306137,-0.82228648907902779,-0.54500190780938662,0.058331513966660149,-0.54342219674294379,0.83743044521048549,13.663203361869625,-0.3943003508889279,-3.6018756426008691,,0.2348325226315298,0.25,False,3
0.43465589480231881,0.89825338956211154,0.064923811146391272,-0.87957941859665023,0.43889107960057155,-0.18361554026885221,-0.19342776298859826,0.022703928893947591,0.98085178906805515,9.4160871379715996,-17.757587572437224,-6.0641362110636132,,0.1813359203753208,0.5185185185185185,True,3
-0.052997233171773052,-0.99819732462394217,-0.028167257405372386,0.97456619185279314,-0.045550919719123922,-0.21942162931280471,0.21774303886388804,-0.039079596036112246,0.97522343808994505,2.2851292872509497,14.103318147804861,-0.82014096330318964,,0.2462108456180814,0.25,False,3
-0.98583524551737078,-0.16331344141131585,-0.038178378044362041,0.1577063329025479,-0.82519149524521218,-0.54239073437642893,0.057075224556161437,-0.54072887478787734,0.8392584242725839,-8.4801339727308367,1.6642918358595606,-2.1829977382225594,,0.6973997803455276,0.2685512367491166,False,2
0.7143758067804884,0.68321290688314085,0.15128559268818031,-0.68370418285392831,0.7275249133378715,-0.0570621662817275,-0.14904964620812505,-0.062670761452293194,0.9868417191344423,-8.7771816514829268,-3.381047846063888,-2.970189394831225,,0.3616288448195903,0.3902439024390244,False,1
0.73409653830210908,-0.66684382786591234,-0.12814671938835498,0.66879155468546037,0.74269169410852198,-0.033569389086168855,0.11755904403432774,-0.0610602713665062,0.99118692204164183,-3.3195236231847831,-3.8297710957022764,-3.2948846181967655,,0.588956719311667,0.4500792393026941,False,3
0.47382958546572806,0.84741260745510727,0.23953579411752426,-0.86289971385877062,0.5010781736258989,-0.065762814250802937,-0.17575439613229712,-0.17553500118742738,0.96865775978841051,4.0081416209996572,14.553618713160715,-0.84873424599412706,,0.2417549118710642,0.2888888888888889,False,1
0.99909600179192903,-0.037207195706368289,0.020562193245085576,0.036350638861106482,0.99851531300387797,0.040568469913899674,-0.022041103823757222,-0.039784347228949003,0.99896516228434873,-7.146328319229533,-4.7313046292453222,-3.2864155476467949,,0.2832866815010212,0.3170731707317073,False,1
0.93231413242895411,-0.35832329754494646,-0.048936417009846127,0.35784119213047072,0.93359754685526231,-0.018582295888252193,0.052345388410912894,-0.00018692873180333781,0.99862902289576916,-15.897108370733088,-4.8118597472842497,-2.854972614983025,,0.2139324852203101,0.21875,False,2
0.28474075055094783,0.95646443212155452,0.064019489704893781,-0.94060630144693902,0.29165141498482039,-0.17377927901698101,-0.18488507417850833,-0.010735093094342792,0.98270151476542633,-19.755741682912532,11.152569610127124,-0.10220005766598861,0.3828816461191295,0.3347053095873265,0.7837837837837838,True,1
0.84813603192975806,0.51805199089047504,0.11084857273262035,-0.51569092403012284,0.85523965307160477,-0.051264087692244373,-0.12135955757747985,-0.013684682984106092,0.99251427558308825,-13.914833906616032,-5.3727335267836258,-3.0603493111738183,,0.2054152416471579,0.2666666666666667,False,1
0.618905968639759,-0.78503314212252762,-0.026045493877316243,0.77501895986799629,0.61572910372655532,-0.14220858859162394,0.12767542374008775,0.067827992697146011,0.98949398663128085,14.514053914793346,-14.624283773587177,-5.7847603934120571,,0.2566086797369024,0.5581395348837209,True,1
-0.62812781052711131,-0.76867489388811205,-0.12080712374903718,0.74400110270167175,-0.5478464992404436,-0.38252656436995963,0.22785480644724601,-0.33015620662966216,0.91601259074468955,-4.7571814555867613,13.552736995521,-0.50252937159177147,,0.5163616616267503,0.1764705882352941,False,2
-0.27458458670693298,-0.96155456425855812,-0.0040155568127954386,0.94356953474632965,-0.26863992591820463,-0.19367272214035788,0.18514815106173094,-0.056968501438913716,0.98105797586188925,-8.8640504431475513,-7.5876861401436759,-3.6625594346634118,,0.3720797657247517,0.4791666666666667,False,1
-0.25077996906844974,0.96608863268876866,0.061499275634541273,-0.95269852559530077,-0.23503906954038956,-0.19267110608009658,-0.1716826329090026,-0.1069083232453571,0.97933430654618603,4.1479236468442924,19.280682242051331,-0.15238598633501371,,0.2003864610231568,0.717948717948718,False,1
-0.28507093533515487,-0.95736490229748805,-0.046765432490907109,0.9405080369332558,-0.26997431281220863,-0.2062971228241661,0.1848761593367122,-0.10279257886879405,0.97737121475845068,-14.271691926561024,4.9986225904401191,-1.3191779191115183,,0.1547562457280569,0.303030303030303,False,1
0.24138601021231049,0.9685676668507498,0.060078854891523426,-0.95246471346682549,0.248320145863373,-0.17648817172533166,-0.18585952672472647,-0.014621213687226964,0.98246753454553015,3.0091857230499328,15.547657632478151,-0.64361350437437015,,0.1008884048282066,0.3333333333333333,False,1
0.89939723953242379,-0.43607553213530315,-0.030376566533561761,0.4336013059360701,0.89879027528881128,-0.064544159587039601,0.055448291335173101,0.044879520041717247,0.99745241273397844,5.4358900544390822,11.245060562632059,-1.44355840499795,,0.1822025786985687,0.2368421052631579,False,1
-0.11890902652189168,0.97476919316346045,0.18890649398861883,-0.97646122375216182,-0.080321359534808331,-0.20017981344508712,-0.17995588881735966,-0.20826305304094642,0.96137525390349932,9.9887511969211289,21.904556781196938,-0.009804472689387304,,0.140173816697187,0.2380952380952381,False,1
-0.28914197033258793,0.91114184746068094,0.29362808925258815,-0.9423177195473269,-0.21687118643544626,-0.25495922011413275,-0.16862454275494346,-0.35041036271779813,0.9212916700375986,5.3917861425057501,15.304481041123264,-0.83143759873045187,,0.1535192796199757,0.1538461538461539,False,1
0.43488103128510758,0.89856329664033274,0.058842931259907624,-0.88265158111120234,0.43829758046489897,-0.16976871714338149,-0.17833865254143691,0.021891388477488203,0.98372561831042715,-2.8281396684430931,19.066591854380064,0.24970133211628096,,0.07169033785650691,0.2580645161290323,False,1
0.93842460185872356,0.33853295882016637,0.068954350252596719,-0.33361677393283923,0.93981928557593586,-0.073753363382153353,-0.08977257252044768,0.046207642787732657,0.99488981247727148,1.0152723567060917,17.599991135788251,-0.28485909841985568,,0.08675669441874417,0.3793103448275862,False,1
0.89413850490085223,0.44511600769673632,0.048867921439206534,-0.43470087679952379,0.88901061931669934,-0.14385849454190811,-0.10747781986714559,0.10738649092999571,0.98839094482008893,-11.721512323125101,-7.5093010876478479,-3.5020832170525638,,0.07963946187841597,0.2727272727272727,False,1
0.90405450099566942,0.42023825182405028,0.078008146583145074,-0.41457530422376027,0.90656572579603079,-0.079157450310709213,-0.10398450056257361,0.039222398139098648,0.9938052259507244,-2.0840021377076137,-0.76527843225333647,-2.858441362509879,,0.1436549848383712,0.2788844621513944,False,1
