axis_00,axis_01,axis_02,axis_10,axis_11,axis_12,axis_20,axis_21,axis_22,location_x,location_y,location_z,dbh,dbh_approximation,score,reconstructed,number_clusters
-0.99674271123406855,-0.051819704694840922,-0.061795516075984068,0.070381028311731167,-0.93304765706415593,-0.35280104946112567,-0.039376115292661849,-0.35600110653258898,0.93365557551595557,11.438705911775752,-3.6859018722122041,-3.8768690822330285,,0.3527799525249482,0.1276595744680851,False,8
0.2061573208537148,0.97851765297498661,0.0015368392055256684,-0.97374375178863781,0.20530600469634366,-0.098349124491344517,-0.09655187678656231,0.0187789044395596,0.99515078648265354,6.6462714152345006,10.340188948954633,-3.073876990487209,0.3708325306159064,0.3477594717352434,0.8947368421052632,True,5
-0.15902969522713409,-0.95138136677568519,-0.26378599467748726,0.98281793601081646,-0.12720021135945808,-0.13374980704862657,0.093693439959265337,-0.28052379788911957,0.95526328209895151,-4.788136278841268,-0.43248906754194194,-3.1631220139058636,,0.7473744938686446,0.3540229885057471,False,8
0.99981527493045075,0.0063334155510962938,-0.018146731474384507,-0.0050076105666931083,0.99737788638615199,0.072196091198233142,0.018556396529461925,-0.072091883005983348,0.99722536096535974,-5.3017787821817191,-6.1033914359811172,-3.5015357465655672,,0.7713534425223609,0.6553191489361702,False,1
0.54191030544358032,0.84042752721277125,-0.0038460833416547376,-0.83684289942795775,0.53916489259856371,-0.094842924175642981,-0.077634931126735598,0.054614925544256954,0.99548482026434804,-15.1198192427203,6.4956850060038001,-2.5424920749061481,,0.2756501217415258,0.991304347826087,True,5
0.95648681506089728,0.29147317938504169,0.01327999675585061,-0.291663839908119,0.95638911393621018,0.015876625408464837,-0.0080732338446931201,-0.019059077718636238,0.99978576427742893,-5.7126536243512458,-6.0295428479920181,-3.4758163673422899,0.4386444056344818,0.1788270247487627,0.2395833333333333,True,5
-0.14058684924496148,0.99004766638682562,0.0063996954126490351,-0.98473286610615174,-0.13915614618463099,-0.10457891465015395,-0.10264755345227226,-0.021004410514027176,0.9944960002479748,10.069277061467623,-2.5361950282371013,-3.7844196842928937,,0.2575712034447903,0.8447653429602888,True,6
-0.89118802931114793,-0.41267931431003918,-0.1883605052900133,0.45303427248192024,-0.83100416031954283,-0.32278790790299017,-0.02332047103491432,-0.37299848400792202,0.92753883291132455,6.1689203700261634,-11.886190549713172,-4.1573737911726401,,0.5240212700295712,0.2475728155339806,False,4
-0.18242586532154242,0.98106404942126835,0.06507022817563192,-0.97808931151253298,-0.17432424441954147,-0.11380842021789997,-0.10031003123628611,-0.084406094215395411,0.99136951178290522,19.570119243432806,-3.6107192957566934,-4.2558768241596967,,0.2779329871079557,0.9841269841269841,True,3
-0.99963184073317868,-0.018269343904795895,-0.020060260857866923,0.021079075756848149,-0.98842843067501729,-0.15021621083811088,-0.01708378054279611,-0.1505837591063891,0.98844963247287143,-5.9238051129632368,-12.738093500045583,-3.8964480642025259,,0.0845542986995158,0.5476190476190477,False,5
0.17865184247102564,0.98171295065565511,0.065751058521344316,-0.97815849947792788,0.1844265828772633,-0.095879014530325213,-0.10625191330417637,-0.047185994142174684,0.99321901556304204,10.562735209913518,-8.8764124787921936,-4.0834806535716375,,0.1011810549289181,0.1818181818181818,False,5
0.43213281876859344,0.90178661859592557,0.0064901051175705353,-0.89772773218233382,0.43084952719664688,-0.091943481471987651,-0.085709659979922651,0.033905448467066404,0.99574307667709794,-3.6292074191395995,14.231761264835022,-2.2629104753226774,0.2975471472428199,0.2543324925701792,0.9716981132075472,True,5
0.94582148552482648,-0.31616052392859817,-0.073920502087086171,0.32221879975489309,0.94200107543969469,0.093856374077504245,0.039959512060695104,-0.1125899506157388,0.99283772108850621,-1.6788226190005195,-11.058519139277449,-3.8597758887477656,,0.4143704013778918,0.4044117647058824,False,5
0.3561738860457101,0.91115015481290451,0.20723310132195993,-0.9300360833043777,0.36713182062131849,-0.015719734066733881,-0.090404903909855561,-0.18713530311434112,0.97816528852610241,-29.02535894295756,-2.1275431740908655,-3.0375768497037217,,0.2620071676675138,0.4827586206896552,False,1
0.89073155164776885,0.45413404709404709,0.018962335540219803,-0.4543219693108676,0.88828790843503802,0.067350871780554669,0.013742310600950358,-0.068606552151289552,0.99754914159717434,-0.45711497955053326,-19.391035385634598,-4.4040349561552956,,0.270283008786992,0.2972972972972973,False,2
0.50454848397376872,0.86280144099886558,0.031693859500764372,-0.85963925692255827,0.50543686701798629,-0.074524636306896902,-0.080319208645281512,0.010356006437096256,0.99671539461035308,0.72842133053041569,-9.591276273762281,-3.9100855600855624,,0.07647902821418148,0.2115384615384615,False,4
-0.71871783757820884,0.66429036733514213,0.20533625547536727,-0.69071291069946972,-0.64825660879639613,-0.32043570984654968,-0.0797517707638494,-0.37213126315527151,0.92474752124160486,-4.7183851679780462,7.2367414367689449,-2.667878894731504,,0.5074352038371001,0.3295454545454545,False,6
-0.33614808221903508,0.93583211939521826,0.1059372980999535,-0.93756902521180896,-0.32184948548064773,-0.13182272815876678,-0.089268078190598413,-0.14363548657659686,0.98559629525077908,-6.6725407502479719,-7.6078108608837844,-3.5489053864038702,,0.1491857515210238,0.1911764705882353,False,5
0.46262820498034657,0.88568708967784426,0.039160223884093293,-0.88254804250222818,0.46428264058886282,-0.074502230324452176,-0.084167075701530356,-9.3945850821889297e-05,0.996451651883838,-14.259675739041997,-6.4806623261939338,-3.4103118127465715,,0.09646502549288484,0.6136363636363636,True,5
0.51664975364533183,0.85611279526422202,0.011996409591961257,-0.85247283761567949,0.51565748848828952,-0.085950076750523213,-0.079768998901132412,0.034179472652896017,0.99622721829082772,-27.164874720773152,-5.5187753540650535,-3.3608357911655324,,0.3336790058256489,1.0,True,3
-0.71810004445369913,-0.6879717085402125,-0.10501073470772378,0.69287586746493413,-0.69260921121113372,-0.20053805830865568,0.065233108467324441,-0.2167657924898484,0.97404169970588939,6.6086980313350354,12.469406047330482,-2.8679942290157028,,0.2756580468017925,0.2272727272727273,False,4
-0.072089572205221442,0.99554434212311849,0.060782863094089382,-0.98904187671390431,-0.063480672791006248,-0.13329054838299026,-0.12883811425779731,-0.069725655598551636,0.98921133903016201,8.33354458591708,-10.388079819800009,-4.098091417127959,,0.1838568622092873,0.2258064516129032,True,4
0.415524063125361,-0.85250767431867369,-0.31712839385895181,0.90419135380776405,0.42504532004313911,0.042124477548205544,0.098882499276034902,-0.30424848584207065,0.94744662657045386,-13.111439257151376,-6.0246396154157216,-3.3736844598890148,,0.3688099218383182,0.2962962962962963,False,4
-0.98636628668553783,-0.16253977794398755,-0.025736531936176549,0.16456199930481205,-0.9751130525038062,-0.14857282127465907,-0.00094703483865197276,-0.15078247717366891,0.98856651152180242,-11.289367394698633,-12.3596606775855,-3.819138155153083,0.1464483356697435,0.1373790501219559,0.2702702702702703,True,5
-0.44049712961649834,0.89626518711157499,0.051681652174455937,-0.8929922227531879,-0.43151263928619488,-0.12791298698171658,-0.092342671078697952,-0.10249661705694312,0.99043792061387459,14.670590690165135,-7.2209353446710152,-4.1943299584392539,,0.1931143069980037,0.3255813953488372,False,3
0.011566550772249469,0.99440258274122373,0.10502246588619794,-0.99567299138999998,0.021138319966514225,-0.09049014115075206,-0.092203628560500461,-0.10352137396005676,0.99034429165502846,9.8871468236188846,-9.8101166621937121,-4.1009186734992653,,0.1678799256810183,0.1428571428571428,False,2
0.97955522991409394,-0.18649879310520245,-0.075430442914322382,0.19681212395377201,0.96606418618959566,0.16728710657621104,0.041671805969420869,-0.17871258582466545,0.98301844960057061,0.62036391258816248,-10.071758397898826,-3.9291917680560431,,0.4310132160846339,0.1739130434782609,False,4
-0.13123963408178932,-0.99094805386970708,-0.028250893400353885,0.98612992522063114,-0.12757467868731806,-0.10617189808126995,0.1016067371311075,-0.041793012450261915,0.99394638440908989,-3.8381782418666655,-8.8143642498539414,-3.7336614415146858,0.08105320157854451,0.1446255121027242,0.6878980891719745,True,5
0.84434259032973635,0.5357959633800673,-0.0028767657007202014,-0.53436918535260036,0.84167728629769345,-0.077646116941858745,-0.039181167681288084,0.067097178451678771,0.99697683260091585,2.9816602180751381,-10.310627521399576,-3.9995474753010853,0.287346060323543,0.2359009005688653,0.9829059829059829,True,5
0.37058350490202313,0.92801464969482195,0.038166423022484151,-0.92568394075409177,0.37239133774786254,-0.066587787171029061,-0.076007287311869481,-0.010653709314430899,0.99705034514478574,-3.5855485264794136,8.1431652790827496,-2.6618804091905575,0.3773967455525282,0.392830607371108,1.0,True,6
0.21437794846045075,0.97583508900721372,0.042284444848789557,-0.97062610190412346,0.21767436641718041,-0.10248336697866585,-0.10921110527914783,-0.01907221191055463,0.99383559264927934,14.947025848563966,-4.9110273931712678,-4.0974737859015313,,0.2123583339361427,0.7023809523809523,True,3
-0.59493939289823183,-0.79113126525966415,-0.14198042085627963,0.79934140010383248,-0.56383856352439565,-0.20770026567818964,0.084264137436560638,-0.23705989836197355,0.96783374591439142,8.9523748069704503,20.824082311474431,-2.4428716498183247,,0.2630199377026933,0.5769230769230769,False,4
0.9121328889094793,0.40987861898207978,0.0036208660551256162,-0.40842770114494314,0.9095798062333762,-0.076494372537519797,-0.034646874420397517,0.068294171008917173,0.99706343845268952,-16.128782996196591,-1.501636568406691,-3.0498646176360547,,0.2673516394665408,0.9538461538461539,True,4
0.75322395106735673,-0.64502112944282952,-0.12884650600918504,0.6521348193538079,0.7578830216781437,0.018262060080414186,0.0858711646878908,-0.097780713969068345,0.99149638176386812,-16.352086195372166,-8.8257287098074464,-3.580334391019337,,0.1960369984385504,0.2666666666666667,False,4
0.45275019224643653,0.8914492326798521,0.018317450022230043,-0.88761824623192287,0.45256263642330796,-0.085562311035579222,-0.084564249993594562,0.022479449906235155,0.99616442516029091,3.7744109000545016,-8.671613064938624,-3.9484408866475347,,0.1141061955107634,0.2967032967032967,False,5
0.78095477939600322,0.62104858047760303,0.066394978916295935,-0.62115418690320934,0.78339191005441078,-0.021554381316005108,-0.065399607270637261,-0.024408522037549438,0.99756058233111311,-13.454819408343774,-5.6904875140990443,-3.3560434011650426,,0.4533952972603021,0.3132530120481928,False,5
-0.065395470999329186,-0.99709806817457824,-0.038972744518427006,0.99283119121404584,-0.061100394575073005,-0.10272763764083843,0.10004827897206872,-0.045411278613281633,0.99394575186447298,-13.470539126273739,14.067796761964908,-2.0548199220515704,0.3201580774247477,0.2835742151324659,0.963855421686747,True,5
-0.14710160447366252,0.98904019478868788,0.012673241638524395,-0.98342842335600267,-0.14487025700362047,-0.10900066408619502,-0.10597006226666462,-0.028497398619157694,0.99396088664249749,1.1218767969050232,16.157576355816609,-2.4413356962641632,0.3286877038312969,0.3091362971131596,0.9629629629629629,True,5
0.88981175888793373,0.45597037337122426,0.018056919794565585,-0.45530032085427191,0.88976682704755583,-0.031884342798950638,-0.030604763922596447,0.020149741770814519,0.99932844267128262,-5.9882205724739874,-19.176837832531596,-4.3222406089549557,,0.1044660974129546,0.3333333333333333,False,1
0.91790963534662762,-0.39671668535149562,-0.0076008487383655019,0.3964978544000885,0.91780098239537744,-0.020755918919814619,0.015210285794403769,0.016038337750589611,0.99975567961790057,0.10302877258537897,8.2359612361351022,-2.7911529161110411,,0.2554035958100044,0.2452830188679245,False,5
0.44370914877991241,0.89584694954062838,0.024092203879130598,-0.89224077219779707,0.44411858602855014,-0.081639977779743814,-0.083836720575659288,0.014728358453998856,0.99637065379323897,-17.671280006933635,16.160402679035951,-1.8169696091874106,0.3258014750071263,0.2959691564425156,0.9333333333333333,True,4
0.81501248031119955,-0.57177793731056914,-0.093939594111630165,0.57723766588505188,0.81530146227259825,0.045609239192741721,0.050510731736576206,-0.091397571198769775,0.99453262890586025,1.6201226291545892,12.738179213382679,-2.6193327507655071,,0.2787119288459926,0.3235294117647059,False,5
0.89412526516895718,0.44781664320724529,0.00051405557709106008,-0.44678202495041952,0.89213633377487611,-0.066922224559000362,-0.030427493615875555,0.0596071809878429,0.9977580626619551,-9.8891177749159969,2.1025935499258073,-2.8924111629295277,0.298997589263089,0.2858862160909899,0.9575757575757575,True,5
0.33621461780272982,0.92786915505100076,0.16130270264538552,-0.93353830552366435,0.35096242179719644,-0.073017878675373932,-0.12436222455299326,-0.12603257353235386,0.98420009526165064,13.093229910329812,-3.9536303828431909,-3.9334283143152615,,0.1793206042257757,0.1794871794871795,False,4
0.2678710936620034,0.95605062269875185,0.11921528432902556,-0.95875062586703441,0.27672728611508657,-0.064955727376022995,-0.095091085701506831,-0.096897966731543633,0.99074137365076287,-10.441256220380941,-0.40122452118995233,-3.0505382886451895,,0.07394610925914605,0.4545454545454545,False,1
-0.88377026183810214,0.46607249508393611,0.041551818454134214,-0.46348391600091243,-0.85973124512768595,-0.21458062764298186,-0.064286731905349254,-0.20889857701150358,0.97582201277871217,-10.14355192958979,-9.0264413374303594,-3.6054235879208503,,0.1926653954828576,0.5,False,4
-0.98647411380764438,0.16306752343643596,-0.016667500944361362,-0.1598612798842077,-0.97955854420999489,-0.12210417543629978,-0.036238018450322831,-0.11778812022230008,0.99237732982635751,-0.68032977593943811,-22.519048683024533,-4.6603512751681881,,0.1251491803198493,0.3478260869565217,False,2
-0.9672558196729566,0.24880192653398905,0.050137617232691278,-0.25343394948789749,-0.93615918392369302,-0.2436744048977858,-0.013689870553157641,-0.24840206059592115,0.96856027367218467,-7.1110289754213776,-11.333809211484956,-3.7907263303647794,,0.2125302565686567,0.3142857142857143,False,5
-0.076271870382076404,-0.97190130318380163,-0.22268915253789692,0.98755824801467695,-0.04283175379246143,-0.15130812154422701,0.1375183935573723,-0.23145906276637548,0.9630760061888729,6.606132147687453,-7.7299735942957026,-3.9216368920328422,,0.4542637841783507,0.6931216931216931,False,6
0.96279306790101815,-0.26698851791332007,-0.04179281881130676,0.2691321273965081,0.96129871467507622,0.058929442276984365,0.024441898550966942,-0.067984648756137467,0.99738692648777438,-7.6411013857503169,-9.187041481845073,-3.616087335980307,,0.2040645863462101,0.2127659574468085,False,4
0.98565477940617163,0.16766495126736555,-0.019316313061279858,-0.16852595728197389,0.98394150211288012,-0.058805800241484574,0.0091464504570714332,0.061217518214634357,0.99808254062861734,16.982141185744148,-8.5748715588267412,-4.3053686323844778,,0.2329323924474808,0.863013698630137,True,5
0.74034924685327597,0.66724880449461732,0.081621232435505092,-0.6709766205308596,0.74089843636530095,0.029323739400665336,-0.04090681342726888,-0.076475747083343287,0.99623194725087516,-3.9793516100593105,11.455313023714876,-2.3822039673566442,0.31909790375156,0.325005718655817,0.3404255319148936,True,9
0.95738342571682811,0.28850624532290664,0.013458178643095786,-0.28878747857746911,0.95693483807297663,0.029622759815947114,-0.0043322487899868679,-0.032246892748363037,0.99947054460273965,1.6770410197769772,-17.207720929483756,-4.2733101038256462,,0.1431059219669609,0.5,False,2
0.48231171466588202,0.87006998669590563,0.10175277955438146,-0.87258550999779527,0.48742513993929099,-0.031800325423638018,-0.077265371531776428,-0.073450331559145307,0.99430131809019895,-8.7512947567348576,-1.1419892394363955,-3.1273088597933456,,0.4214052234373297,0.3043478260869565,False,5
0.83956166729851778,0.54319992719210353,-0.0083693429505947436,-0.54183575502527259,0.83613794897664784,-0.085365946707777876,-0.039372850787357486,0.076204785805199418,0.99631451321420483,2.2991698428704894,10.381127871773504,-2.7245495194187077,0.284540416014781,0.2864432298783852,0.9365853658536586,True,5
0.9990867430733168,0.042148470534243976,-0.0070132907239432891,-0.042354767565695256,0.99857509150629986,-0.03246321437632007,0.0056350225918347912,0.032730613419411678,0.99944832455989474,-13.721040123368267,-9.6238354629691898,-3.6226292677257379,0.1548385516816893,0.2011610943967602,0.3617021276595745,True,4
-0.24253688892696848,-0.95361835793102145,-0.1782915727861758,0.96056274959577237,-0.21028933245858988,-0.1819274601128946,0.13599654995122296,-0.21538436357141053,0.96701319242826356,-4.9594171590481784,-5.6936398521130647,-3.5108246319979455,,0.2667430061466483,0.3466666666666667,False,5
-0.32322049579780299,0.94605515450319544,0.02254230986741166,-0.94058532295128428,-0.31855005808768933,-0.11758023108056294,-0.10405652956374865,-0.059207306392587082,0.99280750073963653,-8.5748356937836991,-8.6909695819474262,-3.5822768324510004,0.2588929992789784,0.2105178480671631,0.75,True,5
-0.71099146274625424,0.70287449252871348,0.021414659802217819,-0.66604443166278948,-0.66334318672094572,-0.34111674201348069,-0.22555698826002535,-0.25679420628862143,0.93977698453604563,13.096987448507242,3.0653279451592379,-3.6576338286093879,,0.2655644855287953,0.2153846153846154,False,2
0.99815716123208831,0.060015399091077601,-0.0089684643634009749,-0.060298098926519876,0.99754737192579446,-0.035544057587564806,0.0068132772544868461,0.036019336971676849,0.99932786742748947,6.4940696981298327,-4.1919625160054501,-3.819909510626279,,0.1724267452867705,0.1707317073170732,False,5
0.27130523177265736,0.96249325383810602,-0.00045555341952006456,-0.95780991358950052,0.26993840789936446,-0.098658123692008909,-0.094834807125105683,0.02720279869590192,0.99512128260863375,7.0627339517552628,-19.849968724805578,-4.5324611798357166,0.3279097083277563,0.2802690224205525,0.9811320754716981,True,5
0.9234702226597965,0.3834613814004017,0.012653728113225194,-0.38307276911337507,0.92337053290366133,-0.025339939404447891,-0.021400967839758811,0.018553380816070282,0.99959880483913,8.1358533282106649,-0.49896752224348317,-3.6988712840074278,,0.1834766968156431,0.2291666666666667,False,3
-0.90830047599688957,0.4182183763862386,-0.0091452149609432317,-0.41400633574373047,-0.90185376792132732,-0.12352544373591032,-0.05990825709259924,-0.10841204240748552,0.9922992642308891,-10.173691575824209,-1.2005389882870865,-3.112936019725967,,0.2475509989237861,0.8280254777070064,True,5
-0.7742168078595747,0.63255362718560437,0.021546302747013815,-0.62772631467801965,-0.76306559951504105,-0.15391739569490792,-0.080919764510793218,-0.13269061598729054,0.98784876987342107,-17.845094306522672,-7.7825643409423408,-3.513180951751306,,0.2429116099286293,0.6571428571428571,True,3
-0.39396488894208714,0.91910849861591271,0.00558874340545501,-0.91325858311451402,-0.39075699310989653,-0.11518564451954343,-0.10368426422808537,-0.050483067534721066,0.99332826056836077,7.3376192845210255,-11.859704089328337,-4.1756712970556968,0.3153323611287054,0.2779232615689595,0.9943181818181818,True,5
0.7801487507870517,0.62556134262046525,-0.006397910931130262,-0.62351433450377292,0.77668134859217086,-0.089420117520405712,-0.050968630683181942,0.073750182155213992,0.99597344809907107,-7.1257176383890402,-5.5151780796554393,-3.4274889840520304,0.2548512500585001,0.2782901304068951,1.0,True,5
0.064250037115389416,0.99662837198695164,0.051027648204773332,-0.99079668294927836,0.069811609677605579,-0.11596668578057058,-0.11913801151345016,-0.04310716071444172,0.99194148361068191,-3.4392620323277616,-6.5859920974433104,-3.6145134374135064,,0.1185399155976866,0.2131147540983606,False,5
0.66089340011033237,0.74777480326800705,0.063661269922122676,-0.75025158210660947,0.660402839613071,0.031474640228623688,-0.018506140525053637,-0.068563350475933066,0.99747510732568201,14.788004132104607,-9.2172666273935242,-4.2732182626325681,,0.2401836523153558,0.3409090909090909,False,3
0.61284360332714727,0.7860488335277761,0.080931756255631621,-0.79008604233082835,0.60775843388470396,0.07996081387792893,0.013666147043216384,-0.11294652430081659,0.9935070805350904,6.4863659342224702,-2.7741685311612398,-3.7492702566334652,,0.6539613709902942,0.2095808383233533,False,6
-0.68510412457969228,0.72838399603362325,-0.0094388985578073639,-0.72318807045092404,-0.68165664692698624,-0.11110009206894189,-0.087357616962478263,-0.069289032482412902,0.99376439699573071,-0.20453662706169898,4.602717193937532,-2.9765675615687162,0.2759827140507649,0.2422005623919892,0.9704797047970479,True,5
0.40054578167872068,0.91504544542611399,0.047485888264905463,-0.91218061295549491,0.40311419139126009,-0.073657844437019893,-0.086542510522403387,-0.013812367787421861,0.99615240418752415,0.4874767776225552,-13.875755788693329,-4.0418599078581199,0.1572131325244061,0.184234212806857,0.7126436781609196,True,5
0.82577389195251338,-0.52530331436184063,-0.20531416729019014,0.55875136999305064,0.811509509636405,0.17102404012468758,0.076774904106018282,-0.2559467594835822,0.96363731269049813,13.091405434031284,2.5135401394481618,-3.6747626759620169,,0.4437020585060901,0.1296296296296296,False,3
-0.12147304940810119,-0.98227800195272208,-0.14273831001964365,0.98735143401771641,-0.10481416336711577,-0.11895855118825796,0.10188937143124774,-0.15538313305316803,0.98258568987744044,10.736454789507556,-4.1759731196738121,-3.8736744908650964,,0.2266025099263686,0.2131147540983606,False,3
0.69700821403668745,0.71019592612493176,0.09900149534698291,-0.71466402929432205,0.69930788328240268,0.014960267774702593,-0.058607804925559372,-0.081180237093993926,0.99497482094129952,5.910937097349696,-2.3586027586957643,-3.7162958088240279,,0.2547261328613406,0.2253521126760563,False,5
-0.44648639490133829,-0.8865810042353951,-0.12092982302544125,0.89041587555955537,-0.42687967317667991,-0.1579028599490247,0.088371192814833174,-0.17817931293371128,0.98002176747404646,-19.325487436264062,9.5096604725754634,-2.2928095379975608,,0.1637980371107654,0.1904761904761905,False,4
-0.86938102636644021,-0.48046121027779087,-0.11547145280300133,0.49290655627057417,-0.82668077760083969,-0.27137062982341026,0.03492503084491827,-0.29284111283027114,0.95552306348764293,-17.478527241750097,20.083920997697707,-1.5319089883135428,,0.2681652886772038,0.24,False,1
0.31319129082489411,0.94958395782430105,0.014195858345787668,-0.94510209768050857,0.31311097290364381,-0.093506917429871425,-0.093237547754859249,0.01586901666993893,0.99551742023863665,9.5656318278941885,-8.8115568291041662,-4.0367098231269241,,0.2971305315715577,0.7175925925925926,True,5
0.34696676647014207,0.93786608334416088,0.0046122313401810626,-0.93360380494125239,0.34585050072589374,-0.093655574029859523,-0.089431528917198799,0.028189374954583058,0.99559397385440218,3.065127577867043,-6.2120178320956816,-3.8159763333537371,,0.08086640464024045,0.4335664335664335,False,5
-0.90050510427377062,0.43429135600931956,0.021944823363854959,-0.43117758427615266,-0.88523088992748367,-0.17450547938668029,-0.05635998575821103,-0.16660519083684081,0.98441163259662501,-10.018418055332139,-16.867999457725332,-4.13359308146988,,0.1511538509053273,0.24,True,3
0.99681393402756757,-0.074794538964332691,-0.02770844401255065,0.075261939124529484,0.99703176089781265,0.01622677664299807,0.0264125244476816,-0.018260468288601627,0.9994843339693632,-9.2314716593113015,-7.6175922178780739,-3.5270121856999102,,0.1989841458275667,0.1470588235294118,False,6
-0.36278571615558708,-0.8901666499835148,-0.27566258253633963,0.92834641333072299,-0.31952810941877197,-0.18993347295105137,0.080990499501239183,-0.32481552079356041,0.94230325078615096,5.7623307077525858,-0.52803748329338618,-3.6106216649465881,,0.2858650778309549,0.2304964539007092,False,6
-0.98429072965420561,0.17603529641700758,-0.013540086121110802,-0.17267109155603388,-0.97579948237587144,-0.13416431841524962,-0.036830064589118923,-0.12971871341621036,0.99086659128865751,-0.5161845928235409,-20.90873341783001,-4.5226545877151034,,0.1390875842729065,0.4444444444444444,False,1
0.59419459241214123,-0.79363820236756066,-0.13065676442862306,0.80208835200430284,0.59677071949233673,0.022781218923070543,0.059892085680762569,-0.11833474595141431,0.99116589225690321,11.656209703743853,-1.0887410086970848,-3.7521184445669151,,0.2143091252589656,0.2786885245901639,False,5
0.41575344549503696,0.90857014735810715,0.040612312033094969,-0.90451483613065975,0.41773091461267631,-0.085754266345082555,-0.094878784659858134,-0.0010818070646349594,0.99548824499084043,-21.503672491137142,-5.1556238935857115,-3.2832771961218965,0.3124997505317754,0.2636146957986135,1.0,True,5
0.73207896535316741,0.67110921177385763,0.11693081013874886,-0.67788629200259842,0.73464454318733408,0.027705058744533911,-0.067309461462713507,-0.099548084046563484,0.99275355217710226,2.0134043387984657,7.8829642517330525,-2.9053305571103274,,0.2289792573219138,0.2521008403361344,False,5
-0.32661825102643643,0.94511977835101479,0.0083140042193974063,-0.93928594210192806,-0.32359817640073618,-0.11413211292099706,-0.10517812066264068,-0.045086858394063907,0.99343079181895111,-4.2643480263129447,-19.510884197110723,-4.3512000160025099,,0.1564826410127532,0.75,True,4
0.95338554190560765,0.30071161927137513,0.025070510974798978,-0.30101731584015418,0.9419617346934126,0.14864947338542872,0.021085161838097562,-0.14926691665792541,0.98857210336004142,10.872814425221813,-14.839607484428202,-4.394183234587933,,0.1886437138528501,0.2142857142857143,False,3
-0.27214905610091439,0.96218499973026261,-0.011615401734659029,-0.95647514274311274,-0.27181569554852053,-0.10616745719860432,-0.10530998327758348,-0.017783530233057773,0.99428041993922756,0.57545484664734026,-5.7644810325940767,-3.628677813778503,0.3557545171698211,0.3151973172409738,0.9776744186046512,True,5
-0.83497049540316925,-0.52051871798962801,-0.17856241493836211,0.55028822190023363,-0.78820548836155691,-0.27552673364774993,0.0026729467006857853,-0.32831748710532177,0.9445636468850479,1.8137426603977524,13.436884536644049,-2.5931148428605519,,0.2409961219592295,0.2745098039215687,False,4
-0.31367971793890881,0.93184951394798388,0.1823774051484168,-0.94521304740945045,-0.28814813540746109,-0.15343711111768227,-0.090428588182627723,-0.22051561263571887,0.97118254464502551,-6.2508541653677687,-10.22162480861293,-3.7416706031191671,,0.1329269002726413,0.25,False,7
0.51834266470267287,0.85467404871578201,0.02920877266685112,-0.85262520342413317,0.51913139068111336,-0.059437880980459573,-0.065963205159287122,0.005905053874848543,0.99780458302407471,4.0319469315986227,-17.302764673350794,-4.2932660332163337,,0.106315477406406,0.53125,False,2
0.82158604763951626,0.5700721009915326,0.0037637740604065332,-0.56844679840350698,0.81970803618449206,-0.070334719729058082,-0.043181057292292699,0.055646519079477673,0.99751634633496411,-1.200505015157016,-11.874998920991549,-3.9307157839304994,0.2517850315825216,0.2381010602407143,0.847682119205298,True,5
0.79764713411997767,0.60312059816238173,0.0021432457720908168,-0.60109132842352919,0.79524485115308297,-0.079213897824499432,-0.049479938603696649,0.061896452133900437,0.9968553379949433,-10.423296689914881,13.830195144829695,-2.1559192439194224,0.3711561882567341,0.3363915862767306,0.9318181818181818,True,4
0.062787642232981181,0.99713177691458876,0.042260282180534396,-0.99306796958986721,0.066635512436604594,-0.09682828231963031,-0.099366592763775824,-0.035887713070999097,0.99440351582898778,-6.5688803798797837,-20.373799492322114,-4.4236951669690896,,0.09280542125566585,0.4782608695652174,False,2
-0.2285278480805493,0.97340189465562021,0.016241124730855525,-0.96937801450016559,-0.22597935141321429,-0.096122826313944115,-0.089895982420746395,-0.037710531893792275,0.99523697084106399,2.6593084929388779,0.30480450305112927,-3.3989895809102584,,0.3227898482202474,0.9404761904761905,False,4
-0.21436224348477079,-0.96735873804642547,-0.13515139841453508,0.97193517368829774,-0.19752499321204869,-0.12777282654805738,0.096906381191723609,-0.15874806764747942,0.9825518837712931,13.975018445238771,-5.1121056904528217,-4.0534939008979105,,0.1529895551189644,0.1666666666666667,False,2
0.56506687629748442,0.81251336803551444,0.14325310494012938,-0.82237800873678402,0.56863494466813991,0.018673790412846114,-0.066286017058838798,-0.12836014360324605,0.98950989761428298,-8.499464623872365,-10.450730362178628,-3.691127698864443,0.4540812482320506,0.3292270570710747,0.1764705882352941,True,6
0.28277166025415884,0.95390021978247597,0.10057116314356883,-0.95464472324991612,0.29007344261877871,-0.067162863685081162,-0.09323969395164923,-0.077017975734460231,0.99266036028722759,15.065184091395107,4.7889810830211186,-3.6704420516135179,,0.1533824633370842,0.4848484848484849,False,2
0.70334972743344171,0.69848904752120344,0.13195533870300663,-0.70760240728457491,0.70568112096988322,0.036235186100852509,-0.067808510707560291,-0.11885792358783363,0.99059315557700645,11.788686712212309,0.33283441733969432,-3.6974629757749815,,0.3700054212688361,0.265625,False,2
0.31162640528878732,-0.9498576786220736,-0.025678276606415425,0.94444185422485238,0.31259508126960794,-0.10155736878420565,0.10449194952297722,0.0073963185933480632,0.99449822873454863,3.1518440677145216,-12.94897621403549,-4.0887785215365193,0.5746090432345672,0.1879974974437697,0.8811881188118812,True,5
0.68253373011760121,0.73060738445630458,0.018988339307866836,-0.72818105464763494,0.6820279042223053,-0.067751675362218947,-0.062450451591729877,0.032415854763482452,0.99752150525988226,-3.6513546621722672,-5.4414756749582063,-3.5453378914963243,,0.2008560981188584,0.8634146341463415,True,5
0.97288595541522271,0.23093034425960024,-0.012809912409933455,-0.23121756398788054,0.96976692487528138,-0.078041972818791369,-0.0055996302840389785,0.078887816030621671,0.9968677728879588,-12.498147150709942,-17.529709160907501,-4.184020511274757,,0.1749789730739723,0.7647058823529411,True,1
0.50124046639978093,0.86497320406346101,0.024069713241285998,-0.86224941974230251,0.50161218399296181,-0.07007963344561001,-0.072690666508088031,0.014372651877740786,0.99725096835280558,10.231051677594431,20.024631610969266,-2.6153488764075674,0.2778297558798283,0.27677910096533,0.4545454545454545,True,5
0.99826167048596559,-0.054674840274819538,-0.022006796211441769,0.053565197591718919,0.99740059052162633,-0.048195763652737228,0.024584687216417475,0.046933185146901653,0.9985954482604239,-9.6565953481897839,-0.64016480897482653,-3.0762729503739652,,0.07343939235259803,0.1707317073170732,False,4
-0.89147745949394963,-0.44423850314579971,-0.088994896128887321,0.45291644238505524,-0.86879247042419983,-0.20016578017103553,0.011603250901230966,-0.21875053292962249,0.97571182677649637,15.754078484110002,-6.2943393847699571,-4.211873013208475,,0.1831922385960861,0.25,False,2
-0.90455961653059269,0.42207857495438544,0.06017953727390609,-0.42171210925924252,-0.86501077923589709,-0.27187358957763041,-0.062696068825302542,-0.27130430953116136,0.96044946487760186,-18.084638992674577,9.6832081697372985,-2.2991069713941599,,0.2552713461270724,0.2758620689655172,False,4
-0.79567070531682882,0.60536296521643795,0.021066775856335464,-0.59943553920277126,-0.78192625100868207,-0.17108001731409017,-0.087092841504352592,-0.14875153218662385,0.98503188711372613,-5.5279572913066319,-20.343596658078276,-4.4334956409305217,,0.1182089049710107,0.7727272727272727,False,3
0.81696493806588621,-0.56008547174310208,-0.13737741558680108,0.57409104150181633,0.81245286930333338,0.10168486233525426,0.054660461380799788,-0.16194011085301371,0.98528555985488342,13.031373152177583,-0.56021821857703225,-3.7791999069255238,,0.2433377605089014,0.1914893617021277,False,2
-0.82102644372769762,-0.55449049905207692,-0.13585236531186801,0.569205761568368,-0.77682189523763323,-0.26935579458550052,0.04382213706820224,-0.29847617918418756,0.95341050485212564,14.579569377423802,-0.44822110968829582,-3.8419770492465926,,0.2000556462349734,0.3235294117647059,False,1
0.98930128865448519,0.14585286158393482,-0.0031469086977266173,-0.14584147273854856,0.98930146446317535,0.003588487211427252,0.0036366325117368732,-0.0030911452235349518,0.99998860979772186,0.67104217781679065,0.80993498073529135,-3.3201944270316575,,0.1376919012726172,0.2222222222222222,False,1
-0.32552573228663301,0.94466485998334027,0.0405129600486877,-0.9386754889778689,-0.31771697978813085,-0.1339561388905563,-0.11367200188001002,-0.081634692790281085,0.99015880187050109,7.4576409801739629,21.168260163047037,-2.3519116533678934,0.2313914633827536,0.2070130140873396,0.2857142857142857,True,4
0.76490247910205778,0.64384641880684601,0.019646537942481331,-0.64165403776285768,0.76426905281144086,-0.064598070693509285,-0.056606477422171654,0.03680494401982088,0.99771794752302145,-24.099130789604146,8.7061380016078882,-2.1952151383774083,,0.2598947115030943,0.4814814814814815,True,3
0.42958877586750227,0.88351197877913412,0.18670850811475848,-0.89541416918007311,0.44355058296945865,-0.038682631490265684,-0.11699123591200777,-0.15056381936319058,0.98165349641232802,2.2676808722218276,14.337149805880836,-2.5687768503520574,,0.3129008814062173,0.4074074074074074,False,2
-0.25288245136561494,-0.95758319126402636,-0.13814810023999621,0.96274290694484099,-0.23492338803654064,-0.13392944739985149,0.095794367886185797,-0.16686951058247795,0.98131442744884267,10.662969430132273,-13.793533000103134,-4.3472022213050332,,0.2910410559277968,0.148936170212766,False,1
0.81018967018788757,0.58576177999796952,0.021813652020063003,-0.58416006136296172,0.80993278362883658,-0.052591907283010837,-0.048473921125304992,0.029866755713584197,0.99837781219029631,-19.297715562429012,4.8029140511725306,-2.571555334483671,,0.2951841630309214,0.9795918367346939,True,3
0.99957526246123685,-0.021972310957681568,-0.019144509049037455,0.020029644329929867,0.9951462097041347,-0.096347468360672317,0.021168562151602222,0.095923088266971351,0.99516363132590435,24.072137676307769,-5.1181102242085599,-4.4871911315195483,,0.2953947574415908,1.0,True,1
0.93435315184401857,0.35609661952861243,-0.013393476003013964,-0.35630631443694755,0.93300498401117882,-0.050472865013382072,-0.005477036745143174,0.051931660579984794,0.99863562158471886,-22.323039181890898,-11.094032192991341,-3.7828699620906852,,0.2540892918899708,0.1875,True,3
-0.021398980230540536,-0.97526740172820581,-0.21998995152371842,0.99443814919789075,0.001933786858636195,-0.1053044533163677,0.10312541425355159,-0.2210198081500851,0.96980172888087446,-5.1129062419732048,-7.0524361703512088,-3.5766071499163568,,0.2956518285789925,0.28,False,3
0.95354827021288613,-0.29056527625927681,-0.079482806986064608,0.2906924961395369,0.95676192705710184,-0.010221918711624076,0.079016258214237731,-0.013357962657230306,0.99678382599812965,-5.9826571784364528,-0.25530682914912722,-3.1340386371240725,,0.1954020381995213,0.4666666666666667,False,2
-0.77339804397364775,0.63265502843681221,0.040038488624718649,-0.63144196061577751,-0.76325582486566357,-0.13682688398972573,-0.056004606519806203,-0.13110362619794791,0.9897854935521686,-19.720376308526387,10.973903136913544,-2.1646119021659422,,0.281703961276992,0.2619047619047619,False,2
0.36250227157426435,-0.91198648026364304,-0.19202281874774438,0.92622600813733647,0.37539871346483566,-0.03436841251673084,0.10342864667717688,-0.1653979012722864,0.98078848346687342,7.6972781538217641,9.6192757813403915,-3.139599261797883,,0.3217295073301285,0.4578313253012048,False,4
0.88167018193603575,0.46122798180146657,0.099631516540823528,-0.47112009792407711,0.87229911108753944,0.1309202586611295,-0.026524396635665075,-0.16236689810190799,0.98637388792682423,4.921774437953518,12.278792174978447,-2.741686398982,,0.2059210802555763,0.1304347826086956,False,2
0.7790790564455411,0.60495420174276193,0.16451819839063886,-0.62489307390454796,0.77045221636174854,0.1261428891749079,-0.050442739755577434,-0.2010815657812664,0.97827487645799427,-16.94726936137404,19.14112962178757,-1.615483685112979,,0.2400655159586873,0.3,False,1
-0.73696069623452265,0.67590489797157238,-0.0064421350161092657,-0.67067595921008094,-0.73237963213648472,-0.11753226012148504,-0.084158718759052314,-0.082296071167856671,0.99304816938916374,5.4939719048643347,-24.29824148966711,-4.843472423394406,,0.2171723319206406,0.7666666666666667,False,1
0.13748135798072525,0.94869891805669171,0.28472660410618206,-0.98495924466974183,0.16131581827113303,-0.061907132990686807,-0.10466213521320597,-0.27193302420555265,0.95660768750780745,7.002202203163737,-8.726444294402711,-3.9666263510568691,,0.1854486982048297,0.3043478260869565,False,2
0.98467942190869062,-0.1683032926152262,-0.045611816061613401,0.17048810251505378,0.98413121182090313,0.049189072167859962,0.036609329007528973,-0.056211739119083434,0.99774746174311302,6.6517597328812998,0.15290403768772101,-3.6359962774623198,,0.1719628976691074,0.2564102564102564,False,1
0.83583715597778863,-0.5447472905096572,-0.068019395537953192,0.54413725478959907,0.83850078534052985,-0.028828474350078535,0.072738549868694324,-0.012915977148521492,0.99726740691616789,13.892183151611157,-2.746280281246539,-3.8955319513646871,,0.1299807230304832,0.2068965517241379,False,2
0.2846305480159908,-0.95562750386617024,-0.075904709937050979,0.95286741065860081,0.29070337591218742,-0.086805788620513621,0.105019754526892,-0.047619545228492925,0.99332936635908486,-9.3861388740352911,-6.7446649642641461,-3.4730236886858452,,0.2140321235649553,0.3478260869565217,False,1
0.52438512437759977,0.85147508646352499,0.0032277644619389204,-0.84784522772388704,0.5224921004571863,-0.090335346269704977,-0.078604778209209039,0.044633867094061114,0.99590617366843881,13.295713072738792,12.097057009650831,-3.3982282203872303,0.3046405230964724,0.2877986379485204,0.9629629629629629,True,1
-0.33604029987542122,-0.94057600465640412,-0.048925415933155532,0.9373868800511167,-0.32894750728865096,-0.1144524991278707,0.091557380738361241,-0.084322695125204933,0.99222322544836239,-11.034691678625107,-7.9574348635776726,-3.5407056986470433,,0.2262319943751649,0.3478260869565217,False,1
-0.82385204217427099,0.56388306436288338,0.057477842078558786,-0.56189443328036959,-0.7991851285882311,-0.213489522206465,-0.074447689378622325,-0.20818025835351589,0.97525305514930205,12.395900262166172,-2.3606979896535449,-3.8303017123405882,,0.115922783798731,0.2173913043478261,False,1
-0.97792934083807348,-0.20312870843495279,-0.048917605599202503,0.20891180431951684,-0.94708454681268295,-0.24369390473415359,0.0031721197920367705,-0.24853488487164699,0.96861775157069152,0.97537529873070838,26.278564656228127,-1.588897603137422,,0.2337745620689889,0.4,False,1
