axis_00,axis_01,axis_02,axis_10,axis_11,axis_12,axis_20,axis_21,axis_22,location_x,location_y,location_z,dbh,dbh_approximation,score,reconstructed,number_clusters
-0.39129616177605009,-0.92023754346719688,-0.0070835988587982443,0.91726603499622261,-0.38938863742758251,-0.083663074797677373,0.074231629523015874,-0.039234584689427358,0.99646892201543769,-8.6961635786242351,11.25802989108877,-1.7016039639588758,,0.3479232274948508,0.9927007299270073,True,5
-0.96884158949436572,-0.24691664140648731,0.019445993483771452,0.24372597585479269,-0.96440220200813753,-0.10259649826131691,0.044086541706735954,-0.094660260713752081,0.99453296168701444,-21.165287262515939,-13.093151331789736,-4.0526668508801249,0.4201567559839682,0.3807287408578325,0.9701492537313433,True,3
0.046402574461149815,-0.97248570126373535,-0.22829446318506502,0.995759028671242,0.063206334396060618,-0.066849952220750686,0.079440278845688356,-0.22422426302653548,0.97129435392527896,12.350709547025318,2.5925325912875095,-3.2481999058818909,,0.423030299445064,0.2473118279569892,False,4
-0.77224507668744813,-0.63531536171571623,-0.0034543740427454978,0.63196701276973388,-0.76759408354023906,-0.10685044541283228,0.06523217229939246,-0.084697780856703792,0.99426910321856699,12.430978972051635,11.43718951520883,-2.431274714923501,,0.1284126850776852,0.4347826086956522,True,5
-0.9820592994440358,-0.18775969135386514,0.017488015273058294,0.18237952892911732,-0.96928618831978719,-0.16499088629403499,0.047929529552069569,-0.15884137822116498,0.98614003912310444,-6.1030667022727059,-24.5232836709548,-5.9637473632768714,,0.1050053785128967,0.1578947368421053,False,1
-0.96881481074770548,0.24343017665760822,0.046255935492997093,-0.24689103935953452,-0.96419800825248336,-0.096783343432184268,0.021039894482992563,-0.10518531254119548,0.99423004021491668,-16.392844111501528,8.6412970829122333,-1.6483587113283049,,0.2859779579624852,0.9344262295081968,True,5
0.27745983051202261,-0.95142171051109203,-0.1334644942311925,0.95718328295529931,0.28569098685914551,-0.046699281133263638,0.082560313003014169,-0.1147928081179127,0.98995272913470411,-9.1177222229887196,-4.5604281536517011,-3.3034768191462569,,0.2298977100865471,0.4251968503937008,False,5
-0.51100840685502957,-0.85907142502323686,-0.029439681248759814,0.85788406558597885,-0.50755588760511572,-0.080137076132425447,0.053901188643252405,-0.066206553043692384,0.99634901224265615,-12.191403757730489,12.593120844347764,-1.4523327360936238,,0.2741733458802842,0.2666666666666667,False,6
-0.99407089616353128,-0.10479347497482361,0.029006568279169968,0.10019561288474743,-0.98643871521677118,-0.12999807798631158,0.042236152278385695,-0.12632097499697473,0.99108986409736333,-7.004154260858992,-4.5067998415993689,-3.4073489828453005,0.3151433812891868,0.2605032641290476,0.3536585365853658,True,5
0.51062351346903978,-0.83650142031206209,-0.19881901646582059,0.85903930756112279,0.50609516464518578,0.076936027891157541,0.036264246268741682,-0.21007869510891689,0.97701169199958648,19.373058457683317,-2.2518784098532003,-3.9265341921334498,,0.3091793438971991,0.1714285714285714,False,1
0.52313677668357816,0.84924441570478204,0.071497099768868796,-0.84911153647851301,0.52656529883764469,-0.041696338917484012,-0.073058274686826574,-0.038896123897703049,0.99656890381223473,9.3650855603963592,3.5259380888725893,-3.0886534102900964,,0.2118542985348288,0.9545454545454546,True,5
-0.93063307997826228,0.36083837307186745,0.060973264378922226,-0.36557504589107298,-0.9242523514273161,-0.11005669767359824,0.016642003242214709,-0.12471270745167015,0.99205331728096213,-20.374535356709014,-4.4284805452993528,-2.9240102464485314,0.3377275695725922,0.2513784163816162,0.8571428571428571,True,5
0.038315842252444346,-0.99908581105740624,-0.018958860098956518,0.99580753145632483,0.039753441751349934,-0.0823833973794727,0.083061763329150898,-0.015722786416155418,0.99642036182525173,8.7164602928610879,-15.538321354600464,-5.0086612239106794,,0.2004960074815634,0.4444444444444444,False,3
-0.12188326693241924,0.99040703056074031,0.065102865203740617,-0.99087654701690431,-0.11761547252768349,-0.065804780935322452,-0.05751641342900872,-0.0725294039541588,0.99570645661676682,6.8128412433494718,6.9164781714390253,-2.6595112067830287,,0.1557418010625112,0.9452054794520548,True,5
-0.97097095426997215,0.23261482337017661,0.055729255445618756,-0.23797849827643852,-0.962929298416489,-0.12701732405157073,0.024117220448314321,-0.13659249686418415,0.99033370612044591,7.5960901251808775,-13.749596744400327,-4.7390465723823292,0.132148575325931,0.1190511904471341,0.4594594594594595,True,5
-0.96514816624860233,0.25424803508687976,0.062023816727288628,-0.2614570128660792,-0.92647011467156404,-0.27072745897600697,-0.011368711893014465,-0.27750867243190702,0.96065586404027847,-6.1805592541294914,-13.475685722144007,-4.4341930167311245,,0.2898353620247843,0.375,False,2
-0.19235152838176661,0.94743706730791222,0.255663632572527,-0.98001851188595557,-0.17201668468296588,-0.099869797994776632,-0.050641938055674823,-0.26976520102055929,0.96159353701462746,-5.0474932590557167,-14.189227331056159,-4.5786320958627726,,0.2264452527734856,0.4677419354838709,False,3
-0.62647640904367496,0.77797070065346008,0.047842427159434292,-0.77901679836662241,-0.62293201751703686,-0.071333928917245271,-0.025693126986775137,-0.081959078062883439,0.99630445785850186,7.4079048550090789,-8.2094968377367863,-4.1806409248998273,0.2148365449958603,0.1887821573974096,0.9842105263157894,True,5
-0.9413282608999437,0.32975148485386513,0.071868375992214323,-0.33722774684041518,-0.92744756720303523,-0.1616120566359715,0.013362334826813625,-0.17636600671853656,0.98423395576566719,15.028669692349009,-1.7283376701627031,-3.7850569401701106,,0.1973998000557892,0.1875,False,4
-0.46253824351184963,-0.88535978299908236,-0.046866063807301364,0.88352853151869382,-0.45589604121391802,-0.107406394585692,0.073727249246074544,-0.091087069627333039,0.99310998306598042,15.329670238039359,9.1544800669533437,-2.7487913313458576,,0.1146656932815789,0.3703703703703703,True,3
-0.61621757794990184,-0.7875757827648765,-0.00053200361554396614,0.78378184189524802,-0.61318260558150262,-0.098453626279433243,0.077213476419907293,-0.0610858298999832,0.99514149769999094,3.627722887659917,13.768906210540067,-1.9473665043560757,,0.1913248543153901,0.6857142857142857,True,5
-0.89251520294433473,-0.45012621961815974,0.028337235671420873,0.44685254189110457,-0.89104518245066799,-0.079757687008306294,0.061150783467526094,-0.058522382416647506,0.9964114172557379,-13.535959105828548,-4.2621082453967585,-3.1277357313051688,,0.2745288734520198,0.9655172413793104,True,5
-0.24813342976460587,-0.96857519625892896,-0.017084795147497167,0.96525906195930911,-0.24571624353764607,-0.088873342275310949,0.081882503251243022,-0.038543700571256709,0.99589639963581811,9.1838867812155289,18.774537302266992,-1.7228465392421382,,0.2006765204103274,0.5869565217391305,True,5
-0.87576972970366762,-0.48267633680876587,0.0071368354076244769,0.47861429875889694,-0.87013598889411414,-0.11743812777284782,0.062894622650065818,-0.099432965942553894,0.9930545562684725,-5.7780189069155616,-6.071253354776867,-3.6082581944227403,0.1449679783963265,0.1076868955942376,0.6832298136645962,True,5
-0.96551032884120502,-0.25919105032944195,0.024694216530792814,0.25513964648151277,-0.96077475651965016,-0.10869971493935363,0.051899573160457957,-0.098650223840236126,0.99376786406184148,-4.3226120934348327,-5.9488636467866156,-3.6300279866764309,,0.2667113734621837,0.9661921708185054,True,5
-0.65600778810967553,0.75324277429048758,0.047739971916843392,-0.75428345407091524,-0.65205244938678231,-0.076707719061043358,-0.026650569493001673,-0.086330332026858525,0.99591004659950677,-8.4482602694928843,-3.7855018010839401,-3.2662232314917388,,0.1056692998666425,0.5961538461538461,False,5
0.91057505330750543,0.40471362100804359,0.084023551844647687,-0.40968579408301231,0.91065719865502459,0.053488472256681269,-0.054869139054702337,-0.08312852403561434,0.99502714840905482,-7.9512867360453496,5.5807734477061048,-2.3095989017788243,,0.246924432105981,0.3027522935779817,False,5
-0.99765315866710114,0.051309026261928826,0.045338271091939893,-0.05728219977594478,-0.98818606770364759,-0.14215148674997652,0.037508993459999307,-0.14441495566752324,0.98880604568801211,10.250323610505554,-14.566629257737668,-4.8890892459899424,0.1993816376172062,0.1910291222093308,0.7222222222222222,True,5
-0.99494392922993535,-0.094223927529893989,0.034762467825782163,0.090477400807810193,-0.99116469825186715,-0.096986498453899186,0.043593779734729984,-0.093350910119433611,0.9946784354495245,-5.3047093795480755,-0.04765024447222288,-3.0106477262897369,,0.2614314992255141,0.9142259414225942,False,5
-0.98227735094399204,-0.18526664747973851,0.028416107299767672,0.18139327218587864,-0.97781238001146786,-0.1047827767431677,0.047198375270271667,-0.097771257677944604,0.99408907777116218,-2.2237815207565741,-18.259694886984729,-5.0946122366877384,0.2553903975864451,0.259930985304632,0.9065420560747663,True,5
0.47124948887453033,-0.88199939774317426,-0.00099076544735020311,0.88103269992151179,0.470784985057701,-0.046291246615661044,0.041295289132120237,0.020941829549927189,0.9989274943010612,9.8261525203489004,12.886742401547135,-2.2506813100134577,,0.2140049512860318,0.875,True,5
0.74652073433319366,0.64533142793452991,0.16203129737988808,-0.66398315771291327,0.73821661071447409,0.11900673064504831,-0.042815411760461074,-0.19642704443435227,0.97958320561888323,-9.2666399633894994,-13.026009717422195,-4.2320912394043786,,0.2819193648198297,0.2,False,3
-0.75612456819080454,0.6506045936181083,0.070634978171482427,-0.65429023939951214,-0.74933716403528638,-0.10197106070882919,-0.013413426288562267,-0.12331860102422031,0.99227647489831727,7.9249868461198334,-1.5188115632932464,-3.5189197369674994,0.1109205417893669,0.1253222190868661,0.7325581395348837,True,5
-0.89686298055830493,-0.44181466369274075,0.020894904884750952,0.43739703556820919,-0.89293433527408572,-0.10654626302582577,0.065731479370353882,-0.08641802956962151,0.99408817354653578,-10.185445792561081,5.5695025468520738,-2.2250547947198291,,0.3098724830370901,0.6312056737588653,False,5
-0.86560899326207708,-0.49717828730925556,-0.059454364112726872,0.49890705746447911,-0.84627604630139552,-0.18683843680734757,0.042577209818733558,-0.1913912330403707,0.98058991281745211,10.911374154738438,1.7215453943023407,-3.2829393359353789,,0.2932787792196135,0.5,False,7
-0.17404384241137008,-0.98473582710465535,-0.0020228037952803035,0.98189632793900883,-0.17338531364121904,-0.076270139592271816,0.074755214524304087,-0.015260531774617413,0.9970851388278632,17.211439360570878,15.353672526635098,-2.2872750290824335,,0.2680014811817641,0.7906976744186046,True,5
-0.80653071313665969,0.58282335137591545,0.099121893939815561,-0.59113583540871484,-0.79272274121840292,-0.14882566865571492,-0.0081628954979549272,-0.17862697625534099,0.9838830065058356,3.6763168448265611,19.744466809692955,-1.4271163641455689,,0.1138319723234257,0.28,False,1
-0.033241316401298418,0.9373521011278414,0.34679396389661848,-0.99835723021635803,-0.014940131569591845,-0.05531395252018028,-0.046667502168320898,-0.3480629698487096,0.93630887706005739,-6.7228602482631166,-7.0665827417467479,-3.6921037180893665,,0.4610410744267267,0.3310104529616725,False,8
0.92631231802927927,0.35686517830486308,0.1208003889921811,-0.36409553182752613,0.93034360502767677,0.04353412784629633,-0.096850055087516165,-0.084309080753765961,0.99172175822253739,11.079819991779059,-4.3643690059494364,-3.8742541377873541,,0.2088015059953635,0.1641791044776119,False,5
0.22681783977145969,-0.97376924621978012,0.018086533055558081,0.97243396491274192,0.2253973195330827,-0.059734681981121598,0.05409114017556578,0.031136850577134851,0.99805042211836414,11.756788438590549,-7.0170555743887579,-4.1507398431927687,0.08695799094192719,0.1432521717717146,0.6785714285714286,True,5
-0.99584524481988013,-0.084256013609503674,0.034542329687890075,0.08060650139749527,-0.99210367789676879,-0.096087898489658569,0.042365555609331793,-0.09290434044940224,0.99477331248057377,8.1194795917302347,-5.5266687142810076,-3.9116675492212489,0.1181739012575475,0.1410786281636021,0.9375,True,5
0.78286101136724418,0.61073554177423195,0.11887276767532715,-0.6182553642380485,0.78504292871857362,0.0383132439222231,-0.069920965896754131,-0.10348767116280573,0.99217002597607507,-7.7211199073971937,14.948579638361547,-1.402132748555998,,0.2056161554256662,0.2666666666666667,False,3
-0.97989794854550105,0.19471495497240748,0.043429215355691671,-0.1981052162423578,-0.9754052952231842,-0.096637639396566458,0.023544293021587476,-0.10329857869625063,0.99437169605004738,-18.011024133697568,2.4272172384060857,-2.2983662549020965,0.3616670058955876,0.2905411560366941,0.972972972972973,True,5
-0.49842788577653208,0.86528107251972086,0.053463148237429814,-0.8661129262452828,-0.49433092070008638,-0.074063080077985732,-0.037656894072259611,-0.083220228183574108,0.99581943742322299,6.6919937488919432,-7.1243818184693941,-4.0715374689698951,,0.1666559575573491,0.9384615384615385,True,5
-0.50112915571054084,-0.86330830962856564,-0.059735515592558415,0.86362443298066216,-0.49453858680781293,-0.097900076184654128,0.054976431820101659,-0.10064963330484412,0.99340185386374724,-22.293336807843929,-1.7059200913699728,-2.5413823713283072,,0.2447031232791608,0.9347826086956522,True,5
-0.64419053308292917,0.76228941773594761,0.06271682943294038,-0.76441929968254296,-0.63884805649861864,-0.086811836639871673,-0.026109219811806673,-0.10386531815638494,0.99424861293596523,8.8036400184007046,-0.62115758608522276,-3.4282900992846894,0.2054196963943994,0.1869459136832407,0.8755364806866953,True,5
-0.33233996398567039,0.93449660838130366,0.12753915971905067,-0.9417743414162667,-0.32147721805592699,-0.098557029789747938,-0.051100275810983684,-0.15286754788005261,0.98692465498495852,-6.9163046930699563,12.054412457052436,-1.690407312473436,,0.1193015217235013,0.25,False,5
-0.53434066280992154,-0.84525545775141719,-0.0048236095710713217,0.84198311593020281,-0.53175196575047901,-0.091127819072811242,0.074461322552847459,-0.052754697060470007,0.99582752190413859,-11.501508020829819,17.337373092501359,-1.0523667131353431,,0.1072758201745201,0.3478260869565217,False,2
-0.088003415686544711,0.9444237057888889,0.31673216251508596,-0.99089451158218733,-0.050471833000442133,-0.12482251795999545,-0.10189929216534878,-0.32483296941283085,0.94026596037432064,-3.9463634220896693,-12.479973930953456,-4.3671597158682296,,0.4090416984216843,0.5531135531135531,False,3
0.64968248706347864,-0.75989335799409696,-0.02178876957217718,0.76001549512423772,0.64989418399465537,-0.0037412272026858817,0.017003328323425531,-0.014129192700835666,0.9997555965032402,15.600528373379783,-17.848132275006343,-5.4700512816921316,0.244981089309375,0.2483711248985341,0.3181818181818182,True,3
-0.97962642298502534,0.16470722021833434,0.11490693189495636,-0.19868002558851483,-0.87830268307411552,-0.43486853684413163,0.029297078723143612,-0.4488384213865364,0.89313255044563844,-3.0100450717063785,-11.557815025541279,-4.2800272478085031,0.73402766094679,0.4485175845100997,0.3597122302158273,True,4
0.8226368868876861,-0.56706248374351076,-0.041336326183841934,0.56853417760249314,0.8211948233905213,0.049070876642539507,0.0061189238917631929,-0.063868627410107348,0.99793955588660566,14.326987424004543,-0.94251844388183281,-3.6854516758744804,,0.2139835152009532,0.2,False,1
-0.79214255244562448,-0.61001923819720172,0.019664832423352756,0.60676281804385768,-0.79057734429312254,-0.08262170011511441,0.065947397556003193,-0.053516275279029912,0.99638694744353784,13.044202560528394,-9.4810794516089789,-4.4530783602115456,0.2627002552089955,0.1806021208307415,0.8285714285714286,True,4
0.79402521582913899,0.5527554226889041,0.25295335403093289,-0.60437636789869609,0.76249052945811913,0.23094890866218831,-0.065216275216144162,-0.33625828640300659,0.93950902192168662,-7.844661528612809,-6.6329051755023274,-3.5976965147549018,,0.3283697737110992,0.291044776119403,False,5
-0.58986615936615039,-0.80746945773701251,-0.0071406481863944965,0.80429160505136044,-0.58671113024452692,-0.094260615800533631,0.071923070558295749,-0.061344310812691358,0.99552194724796605,-9.7593888744156345,-11.023059003106225,-3.9930235576219171,0.2728444925757256,0.2470659871389836,0.87,True,2
-0.85819669322731429,-0.51271784816756694,0.024876573399961549,0.50907124802861281,-0.85631478549641338,-0.08701409409298845,0.065915856698481046,-0.062011259547379238,0.99589643212788659,8.7040377079754823,-11.468608453132401,-4.5506213983821215,0.1773743532531339,0.1630970334338912,0.9347826086956522,True,5
-0.13402971254467516,-0.98217642944951178,-0.1317782136356416,0.98515277804083123,-0.11766219689966877,-0.1250184439959853,0.10728485481942709,-0.14657785935997483,0.98336406842624835,15.521458993463487,-2.1096228581257317,-3.8347959692890825,,0.3321095699940071,0.15,False,4
0.26172281595506736,-0.95068787359099405,-0.16641434618319911,0.96302200845449393,0.26866138320530125,-0.02024036576954745,0.063951378724939181,-0.15496331237181954,0.98584815918980706,-2.6898595310403932,-12.684343788228993,-4.4061566755347243,,0.4448376555585748,0.308641975308642,False,5
-0.75398922928647427,-0.65687013379889769,0.0046764776282876598,0.65317240314914393,-0.75046279337114175,-0.10085339622420592,0.069757106335929756,-0.072987828359270521,0.99489030703240711,8.6352777240414316,2.1751245981200933,-3.1750504792467944,,0.2199594095699711,0.8904761904761904,True,5
0.71550399910725659,-0.69600013535288296,-0.060314499502953249,0.69860830579071176,0.71291610554144957,0.060803466511742718,0.00067995717122969895,-0.085641333761108968,0.99632579993186166,9.9633873460587079,9.6710740333117009,-2.541161931953734,,0.2747316230285441,0.3571428571428572,False,3
-0.86026739265807051,-0.50738163667559277,-0.050038863832847863,0.50585848631425745,-0.83717668658770061,-0.20794803980294649,0.063617646554503582,-0.20420350192500714,0.97685911207728948,11.321141967248932,-2.7800645063191878,-3.720916551474025,,0.1067291170123683,0.2162162162162162,False,2
-0.28055697673875124,0.95707324646546876,0.072791371076936839,-0.95881086435466545,-0.27594343460152004,-0.067356865246063075,-0.044379152748462991,-0.088690595895873928,0.99507008245699147,-8.7043957629078914,-15.979954545372916,-4.6708678977383249,,0.1637919597628947,0.9206349206349206,True,2
-0.9332796467455694,-0.35864485822189329,0.019051683428568496,0.3545703336417273,-0.92852515262020019,-0.11009504735830425,0.057174989913934979,-0.095994305157290877,0.99373845347038348,17.92413422029124,-18.457995357406464,-5.6309836428520317,0.352239781495573,0.2551782377259755,0.9795918367346939,True,1
-0.78694637190369032,-0.61664688964344161,0.021494679357651661,0.61357577245628125,-0.78575325171031152,-0.0782086880170621,0.065116658408560929,-0.048357428795803417,0.99670526229069467,-16.627338044416966,16.17583663807936,-0.95683234547836526,0.3860952185644991,0.3025775916523795,0.9649122807017544,True,4
0.4566360187655118,0.86343013651203759,0.2144106940634897,-0.88659427204784858,0.46162183310579041,0.02925542636837665,-0.073716640848107667,-0.20345437464663677,0.97630536938973023,-11.052978818266748,-16.135802345849889,-4.548743540455976,,0.2525530034896402,0.3061224489795918,False,1
-0.53634240543026157,0.83910863235570832,0.090738785772198696,-0.84330298350385535,-0.52842310480336996,-0.098026018604565029,-0.034306007502718713,-0.12909579937433635,0.99103853226457561,13.552787482224474,1.2255698214390449,-3.455853187345602,,0.07689203086727557,0.131578947368421,False,1
-0.95557287422863424,-0.29361459877543972,0.025902691450189697,0.28979806094302157,-0.95191692599241284,-0.099354163892711053,0.053829043388222184,-0.087433594202070364,0.99471493438714209,-5.2616400247577175,-9.8435583010672616,-4.0508443087346482,0.3167249270360978,0.2774053825578068,0.9741379310344828,True,5
-0.99602978142935528,0.07668227866610558,0.045216176799520016,-0.081985504690633468,-0.98807841175024358,-0.13030513901508067,0.034685033175907876,-0.13349487020740203,0.99044235980792772,-11.515912002059537,-19.081953121272946,-5.1461365035322286,,0.1477359504338802,0.4090909090909091,True,5
-0.74768151954364426,0.661583553666379,0.057267327954697987,-0.66389407799121181,-0.74279970654741312,-0.086563555618251437,-0.014730870344415916,-0.10274141069325966,0.99459901668343365,10.033621553486505,-4.8799973584277883,-3.8820679075228712,0.2377186237307767,0.2359691643508013,0.9585798816568047,True,5
-0.98392041500583249,-0.17654272103223179,0.027079227930020565,0.17386270715840207,-0.98142434946851198,-0.081104903241789941,0.040894693962691457,-0.075092702180997062,0.9963376486336617,9.9633624965452885,4.7518928128372568,-3.0138781378309578,,0.193723409416622,0.9512195121951219,True,5
-0.95839709912613591,-0.28466144344133043,0.021044310502033779,0.28071427372654323,-0.95332827451084834,-0.11119666157015988,0.051715538407593187,-0.10066311954269763,0.99357558315970407,9.7770426585020118,-9.0808154344898622,-4.2903961252497753,,0.1257200286550049,0.7446808510638298,False,5
-0.99946085375902494,-0.014923186826640388,0.029245517574808418,0.01077528543727109,-0.99048817114560173,-0.13717534780122434,0.031014432560125576,-0.13678626142847358,0.99011495476908917,6.1253845091540127,16.268871010126258,-1.8191943112013145,,0.1573156992051047,0.46,True,3
-0.96241861971417364,-0.27012931163041998,0.027938422030232498,0.2665303281227091,-0.95927376365379313,-0.093570457711220009,0.05207671858196438,-0.082607513965507279,0.99522058560812188,8.5620617525889315,0.51661629261979314,-3.3285878067227541,0.239542409943104,0.1850075464327843,0.8578680203045685,True,5
-0.55466172079820364,-0.83175833944813993,0.02298782807594138,0.82876161825607364,-0.55470491050008031,-0.073869089426316356,0.074192692273235342,-0.021920926658587442,0.99700296759221263,8.3196393976512724,12.632172391031387,-2.2334982028706762,,0.1077155165731633,0.7222222222222222,True,5
-0.93152205027035806,-0.36290559725018701,0.023794901651241228,0.35922002621210247,-0.92833526670590938,-0.09567970191343271,0.056812345738260078,-0.080580146900784314,0.99512772913690006,-11.458309894092594,-0.2364311668148964,-2.7666256858594869,0.3844699727082839,0.3461660794403577,1.0,True,5
-0.70283346067659414,0.70937991345633455,0.052964751845411884,-0.71106567721715008,-0.69847683783599523,-0.08071994605018748,-0.020266455957530516,-0.094394096167677327,0.99532860170478832,2.8533034301266813,21.401196734655485,-1.2579103011585211,,0.1907353794881144,0.5416666666666666,False,3
-0.72416421501462558,-0.68938426288170074,0.018317417484627181,0.68599597914470389,-0.7228188845589727,-0.083320926076362781,0.070680310480013248,-0.04777235828361176,0.99635440255687768,13.086099933130253,-4.2544546767369722,-3.9285086962978899,0.1373274872716973,0.1643639241245463,0.8105263157894737,True,5
0.0083201190778885176,-0.99995352164563889,0.0048713619261218054,0.99794080378356997,0.0079933363608911106,-0.063641642951957331,0.063599746558712922,0.0053908368837474185,0.99796092664761249,14.60981180902839,9.3905173320081641,-2.688332726328841,,0.1587529428675957,0.6341463414634146,False,3
-0.084704859110991432,0.96428388335693538,0.25096150928191141,-0.9957318926300639,-0.072654938353343121,-0.056914479108767201,-0.0366481219483,-0.25471131154885862,0.96632244252460697,13.119764911229282,-3.3536735328719676,-3.8502368272385383,,0.1790083020305303,0.2121212121212121,False,5
-0.99470155204300248,0.095568566869391997,0.037887615255799298,-0.098514439881622798,-0.9914527339324658,-0.085535849283492713,0.029389241195563916,-0.08881511923298209,0.99561445705532992,6.0509956066955981,3.4927494045701444,-2.9642398708773436,0.3031885601261165,0.2533318328376741,0.9764705882352941,True,5
0.46239853704886497,-0.87806775057024411,-0.12322588341570087,0.88502676697358484,0.46552430114710702,0.0038401538745799629,0.053992727985833017,-0.11083388674050998,0.99237121828206953,-1.2670822053936688,-20.391644935932558,-5.4349237270415811,,0.2395158389438394,0.4166666666666667,False,5
-0.71810435249825555,-0.69568457293660402,0.018684589935968214,0.69226443370257651,-0.716812913055208,-0.08336187082688,0.071386922846637793,-0.046927845202192016,0.99634415971147572,7.063987495817365,-5.0126328368575566,-3.8470522162145957,0.2265387688469135,0.2361567388040293,0.9895833333333334,True,5
-0.99688552061906743,-0.072296912430119376,0.031502622638817375,0.069139259543024176,-0.99336940191457801,-0.091853111704053705,0.03793443778276457,-0.089388969078665739,0.99527412838733043,9.475690343129946,5.8931127156347172,-2.8906862634566126,,0.1801769250649473,0.5454545454545454,True,5
0.10605146043145437,-0.9942107355344193,-0.017265604202095206,0.99329751705793279,0.10672481108169891,-0.044383074545600074,0.045968797535940055,-0.01244299191044719,0.99886537711816559,-20.879474732472371,8.2142697790906709,-1.5435032376288811,0.2940821083640124,0.2718973281097063,0.4857142857142857,True,3
0.76799944534668718,-0.62859832265307369,-0.12264175759064189,0.64037708664618043,0.75659991074899746,0.13218835785786284,0.0096973628234630349,-0.18005755694319053,0.98360827433583486,-8.1343219852132194,11.989804410737298,-1.6574784827885669,,0.3364547926015813,0.25,False,6
-0.99846192839679837,0.046270738430127148,0.030541714216401134,-0.050029494415214669,-0.98935055735195521,-0.13668403109336916,0.023891990932183943,-0.13800178778735395,0.9901437670039589,4.2926652569393413,14.921301844947513,-1.8666855690793951,,0.1360094742767864,0.1904761904761905,True,4
-0.74332607534470863,0.66416554785334936,0.079689840991765432,-0.66883515952508854,-0.73593066921786743,-0.10519305817206411,-0.011219407100282831,-0.13149211059680443,0.99125372622508512,11.157112910749523,13.540463913910562,-2.1996401755688266,,0.1924575313155654,0.25,True,4
-0.63572130982166963,-0.77169482428296776,0.018588018008894782,0.76847796828954573,-0.63497523751281704,-0.079044670909004466,0.07280129457771975,-0.035965899410690214,0.9966977604005075,16.340491298074017,13.491778730124565,-2.3780984993139636,,0.190849512337486,0.68,True,4
0.30058452460618668,-0.95375447658804113,-0.0011584280487427837,0.95244343210223192,0.30023457422715594,-0.052064470456916416,0.050004521921456935,0.014546436914576997,0.99864305382879259,-19.731990179568861,18.254542023295581,-0.62032026141642538,,0.2135838754273151,0.8214285714285714,False,1
-0.45742226138261816,-0.88924956872459759,0.00028162871000760731,0.88617699368149438,-0.45586801454133141,-0.082913745469460773,0.073859397920927994,-0.037677020068774603,0.99655668754842874,14.41083666286992,11.468079302570127,-2.4849782856287876,,0.2228752416235223,0.8518518518518519,True,4
-0.51624447225671677,0.85223479886000686,0.084779080417434108,-0.855690942527078,-0.50911611169918136,-0.092702727497232643,-0.035842094546821884,-0.12040196186254032,0.99207797669243059,11.651636232066419,-17.363721746853685,-5.4053614670974923,,0.08887188336413321,0.4166666666666667,False,1
-0.039054453902185607,0.99175498121511652,0.12205247586757706,-0.99708532840491759,-0.030666913664299043,-0.069859775879713135,-0.065540807975332252,-0.12442506837976765,0.99006202070811222,15.763482058994825,-3.2874705725015954,-3.96553517254404,,0.1630337914573488,0.5384615384615384,False,4
-0.78422633468766612,-0.61998687486859216,0.024603474816071998,0.61667517029871444,-0.78319246264495967,-0.079506608487439651,0.068562309758351078,-0.04717882413541076,0.99653066597762041,9.6717595753308121,-19.566368589932011,-5.587696361837363,0.19174216262677,0.1779353713632737,0.9074074074074074,True,4
-0.90209116617499407,0.42829849989414776,0.05283864965592712,-0.4315091519866267,-0.89681763118980018,-0.097560177013458635,0.005601755155424458,-0.11080853475945733,0.99382598525277066,13.228341873863702,16.938201620889082,-1.9932841578739247,,0.2303916162894805,0.9722222222222222,False,1
-0.0042701810895556039,0.95359427963964727,0.30106430441353255,-0.99794745639996529,0.015173280217492612,-0.062214514643130839,-0.063895538328597679,-0.30071202404623487,0.95157219314969221,7.1500925434111,-21.23522673817692,-5.803610199670878,,0.2139276264578867,0.1071428571428571,False,2
0.74374232529366158,0.66653073517837635,0.050834364649808006,-0.66478269557541136,0.74547453757858462,-0.04828748787713625,-0.070080819275081363,0.0021196425565680257,0.99753906484165589,-7.1505730291987692,-19.075431914386893,-5.1508433893138701,,0.1552547102145334,0.2857142857142857,False,1
-0.47223925127179101,0.87424452461497215,0.11263481139950124,-0.87736942480798064,-0.45387739449070896,-0.15562198810720806,-0.084929276285464844,-0.17231315083611123,0.98137413664644768,4.9878391279183019,23.788267419351712,-1.1512690502333041,,0.2958089194010345,0.25,False,3
-0.98036457819533163,0.19042338514462528,0.051227221376431313,-0.19585792018382464,-0.97047833604604672,-0.14075323927555627,0.022912200268738685,-0.14802274708759161,0.98871851273428035,10.006658627672728,19.214711555882928,-1.689856311871105,,0.1219432901512657,0.375,True,3
-0.67216738323106962,-0.7315299975651427,-0.11425791693637739,0.73837616227827529,-0.65090074919653629,-0.17643372034448349,0.054695995278485426,-0.20295831433506589,0.97765856552416397,16.26376700985346,-0.24202973336280798,-3.6944988218881707,,0.2099149037136393,0.391304347826087,False,3
-0.99726548912383262,0.062068516104003997,0.040112884603932433,-0.066451184315085121,-0.9906432520275531,-0.11920649024023539,0.032338588493067755,-0.12154606748438949,0.99205885368427371,13.055239010695104,13.819751291836475,-2.2422441132167914,,0.1516653331751646,0.5882352941176471,False,2
0.31024645460747519,-0.95034720644470161,0.024234780920045825,0.9493795025644618,0.30840840600936054,-0.059689322438941525,0.049251370680887765,0.04152640491923585,0.9979227726535439,14.04408295307749,7.6153197260348922,-2.85145545759381,,0.1392231693797874,0.7083333333333334,False,3
-0.48442490226875901,-0.87482122747777757,-0.0045093254680802913,0.87171550676332965,-0.48225755620158317,-0.086831588461963025,0.073787460521785808,-0.045994232690095976,0.99621279916943173,17.450774824779071,1.8938356979092685,-3.4975242147755097,,0.2408703876626909,0.5757575757575758,False,1
-0.89213524262182475,-0.4238576467237371,-0.15633107236219554,0.44746169873785169,-0.78137124706187855,-0.43501379567503506,0.062231318761011532,-0.45804330535308641,0.88674888970129817,-11.021749395049957,-17.69027491370095,-4.7786859773642787,,0.4779281218734232,0.3647058823529412,False,2
-0.95597958308768938,0.28936958990840667,0.048664947916625387,-0.29297024895189533,-0.95056573562415003,-0.10292334762522544,0.016476345121166081,-0.11265000085911711,0.99349811643399166,-22.660532872449561,4.9545551186102088,-1.7927016912709066,,0.1815153202100498,0.5666666666666667,False,1
-0.78079179897349715,-0.62473297805480899,-0.0085365558921481829,0.62058661081249755,-0.77388242498332038,-0.12640510583909745,0.072363147637371353,-0.10399374227666389,0.99194197231053149,3.9990366766021412,15.895614858134842,-1.7743709036895767,,0.1811022145207364,0.5161290322580645,True,2
-0.84464351302492047,0.52552849514961175,0.10196635077664074,-0.53531976017349614,-0.82803513779130344,-0.16670502377171276,-0.0031765189612163701,-0.19539091936096034,0.98072029567994934,14.536537202988484,2.81017921411553,-3.3637555700743067,,0.1427293567801161,0.1578947368421053,False,1
-0.99530982150571323,0.087091400430221372,0.042112316314439395,-0.092154095049421625,-0.9860115027591263,-0.13888462547132888,0.029427571763343222,-0.1421140541881484,0.98941276200700023,9.3758413439818771,-16.370270066381604,-5.1291848597995031,,0.09085752867264607,0.28,False,2
-0.7317901577351037,0.67981284912199924,0.048349304138335561,-0.68140201738691497,-0.72843438725349396,-0.071236466557998687,-0.013208169558035852,-0.085075458478084703,0.99628696198518485,15.517012917022086,10.665000853239118,-2.6034700717648547,,0.2348802184886217,0.9347826086956522,True,2
-0.59664220694409242,0.78657723230706966,0.1591047909681978,-0.80196755255019658,-0.57713454271305342,-0.15415500077533537,-0.02942994307727069,-0.21957225968584046,0.97515224515299337,8.6705133849274123,-19.842576846831239,-5.6139548288073122,,0.2682881955661777,0.2068965517241379,False,1
-0.90505123139965604,-0.42485433112006954,0.019520908546601462,0.42099264948497472,-0.90145326108985335,-0.10073334676307825,0.060394185329284311,-0.082950680521544889,0.99472193450201207,17.056930936660542,-14.999459436441855,-5.1853602460103305,,0.197652230450729,0.9302325581395349,False,1
-0.17450012464479847,-0.98433123377659226,0.025332364887674562,0.98220551988958205,-0.17582238017470331,-0.066021264211911582,0.069440789147206292,0.013360869790345228,0.99749659847092198,12.301634848144937,15.15476473922477,-2.1017336045749277,,0.1228188413610944,0.53125,False,1
-0.99921078274834985,0.0027802663534908789,0.03962425719724906,-0.017305838706283133,-0.92836590402288566,-0.37126440200272737,0.035753595429022331,-0.3716571247356551,0.92768133647666118,15.89179755702189,2.3286778343206831,-3.4578244193479262,,0.1373471707782704,0.25,False,1
