axis_00,axis_01,axis_02,axis_10,axis_11,axis_12,axis_20,axis_21,axis_22,location_x,location_y,location_z,dbh,dbh_approximation,score,reconstructed,number_clusters
0.44261252334459183,-0.83999873401029823,-0.31384117167705944,0.89001385008824863,0.45422247102278285,0.039462557811796528,0.10940521390512201,-0.29678961181121777,0.9486550613849698,10.060186261833657,0.67702620073976016,-2.4361421549677686,,0.5802877318008078,0.2802547770700637,False,1
0.37308848400739048,0.92705404614856302,0.037091489868237848,-0.91887181910302063,0.37473605401055393,-0.12348064578267058,-0.12837275084445815,0.011986882170841174,0.99165354408505457,-13.285247046283539,12.340602890038042,-1.7394931541281808,0.2030147949651426,0.2267759118504672,0.9743589743589743,True,5
0.74923428522159274,-0.6617438856628246,-0.027258313160519687,0.65722649313484605,0.74794620872657669,-0.092896746838698877,0.081861606203168749,0.051686542149844014,0.99530255640706089,15.239724703677487,0.66751993029372025,-2.3981905116392683,,0.1974560738085336,0.717948717948718,True,5
-0.495217846027658,-0.86872880532530039,-0.0083395307903159355,0.8560347863315767,-0.48629915144518332,-0.1752643143767319,0.14820165169787464,-0.093932944709353206,0.98448609555049116,-0.082712670300305893,-10.048040377502508,-3.3972065175029957,,0.3108367892141351,1.0,True,3
0.87969024806895391,-0.47380276294786605,-0.04069409386323438,0.47528523772673775,0.87882034175035828,0.042175226434731122,0.015780058663381336,-0.056442437480594514,0.99828114326567763,-7.8258503064494489,3.9573078899530065,-2.2611356306691666,,0.3840920747356266,0.2275862068965517,False,7
-0.022724161665501234,0.99922090239478178,0.032267641592760785,-0.99131363916027915,-0.01833870684220228,-0.13023425296810565,-0.12954104095384189,-0.034946817433272263,0.99095804081700722,7.1208410948411718,7.5422191431030399,-1.8802964640907496,0.2471613140461565,0.2485877875792143,0.975,True,5
0.76152509989026407,0.60900565453915867,0.22179187310732126,-0.63482749889224688,0.76984599900182082,0.065811735056159656,-0.13066586733855667,-0.19091686819194104,0.97287058777231161,-5.6850057924475754,2.6704250185093774,-2.3394722791300824,,0.3632024780548572,0.3050847457627119,False,5
0.8315873781247517,0.5472887917238729,0.094537881280600103,-0.54632534244429753,0.83670578484422919,-0.038105771365026644,-0.09995525372246665,-0.019960161863718379,0.99479170643489556,10.182544606181212,13.647951558879415,-1.4839755964893002,0.3435943960145141,0.2646385670069202,0.1875,True,4
0.60715642477431031,-0.77062329513339367,-0.19365126607649089,0.7928518703357168,0.60364217296820877,0.083678185445042158,0.052411712054016103,-0.20434251640803883,0.97749534445315756,-0.5769654811498115,6.2246163369774674,-2.0189511307479604,,0.4270002773571187,0.2758620689655172,False,6
0.98594943186587203,-0.16703496147311048,0.0017434015716133663,0.16679688395717174,0.98386934521402392,-0.064652231595705101,0.0090839036510308915,0.064034624960277411,0.99790633302963583,-12.55042206421709,16.556205557720137,-1.4169620332409156,0.2481088758521359,0.2273246628758565,0.28,True,4
0.90024174594338435,0.39195854975543931,0.18956079271416038,-0.43179950067024164,0.85955703904172398,0.2733329249372547,-0.05580313684496694,-0.32791796520995575,0.94305663563267772,-12.886594370728135,-3.9019628038506644,-2.7257157364097702,,0.2761559333752491,0.2564102564102564,False,4
0.98493033149202647,0.15803365417413895,0.070268102688041428,-0.16813733212531073,0.97011719506535588,0.17493560353544554,-0.040522582010422227,-0.18411407329939852,0.98206920752068871,-8.279675068201561,0.14169335361037994,-2.588896905052692,,0.475805230244054,0.2295081967213115,False,1
0.99966087512360469,0.024749866551259367,0.0080980771053531207,-0.024058575937507598,0.99677748278748868,-0.07652342603214364,-0.0099659254948335982,0.076302646831762216,0.99703489729071126,-13.402951235609686,8.3828970897565753,-1.9572059025899844,0.1829537205551951,0.2538566384981057,0.3529411764705883,True,5
0.99098335924477066,-0.13356827528387386,0.010559239444254721,0.13398315012133993,0.9883021908310613,-0.072851184493367027,-0.00070511241110036288,0.073609071697824185,0.99728692329753899,-17.952368564527003,-17.901280679401051,-4.0770232185207025,,0.1690092332053578,0.6486486486486487,False,1
-0.45956897129554897,-0.86375442202610198,-0.20669944134589679,0.87655399489158481,-0.40364525319513223,-0.26215187127434569,0.14300158971827667,-0.30166008685835893,0.94263022301146959,-11.320508669681871,3.9925034433603948,-2.2565652128943481,,0.2621603917864169,0.1379310344827586,False,4
0.9241539717798799,-0.37890341426951857,-0.048699477393251631,0.38058106454438773,0.92421584546053293,0.031354813186075706,0.033128382902503126,-0.04751077408940705,0.99832120912644706,-10.623223924779943,1.643071359642879,-2.404539630657121,,0.9013875635754076,0.5044642857142857,False,1
0.99843551826586441,-0.053345257890556649,0.016757067934566005,0.05469699467808195,0.9940083654363423,-0.094634075341577986,-0.01160838655281286,0.095402583314916564,0.9953710827919805,-5.4742078302658461,-13.123743295935791,-3.6685171819760192,,0.2677945756718333,1.0,True,5
-0.32932389120298267,0.94353161429955468,0.035970369753509576,-0.93706822366131026,-0.32191437869409228,-0.13518238418608403,-0.11596947394536054,-0.078225479271619422,0.99016758960570039,17.076509242287706,4.4723570139105293,-2.0552734720414727,0.4138979661665589,0.3290772644759389,0.95,True,5
0.65009268309990509,0.73877163337036944,0.17775257271624156,-0.75164155234983654,0.65952489426229866,0.0078670597704183637,-0.1114202861291165,-0.13872053768487164,0.98404376542068772,12.533382507265808,-10.96133186675195,-3.3432549925972519,,0.1224492174214349,0.3,False,1
0.99541545257859765,-0.095645025505405434,-0.00032536720312805953,0.095464772183422905,0.99331891697057573,0.064838310128887688,-0.005878268428175893,-0.06457211692730068,0.99789572986149899,-7.480611672267881,-6.1944398882804439,-3.0392987427476412,,0.2303225300907708,0.2,False,1
0.77806280643824388,-0.62818512026915352,-0.0013129774829717857,0.6243544772453441,0.7735453480703196,-0.10866959658735598,0.069280271225902593,0.083732007925254356,0.99407705680579317,-9.8505249383862061,2.6125420917069384,-2.3617637011451555,0.2243769764989152,0.1990952594368637,0.7638888888888888,True,5
0.68333773479856919,-0.72924264072066924,-0.035421902194882116,0.72531379793988504,0.68360398226835384,-0.081274165297874595,0.083483140324131899,0.029845709601069064,0.99606214610335853,18.924196380632601,-9.011476407580048,-3.1749261946954248,,0.2051639111080008,0.3043478260869565,False,2
0.97983188933375798,0.19812936103682185,0.025965841788345451,-0.19536830936987232,0.97714972976315861,-0.083723529056904542,-0.041960604602346997,0.076962081045962027,0.99615066417810427,2.8271912208494632,-21.571093606439746,-4.5712896438035848,,0.3279511150418445,0.9454545454545454,True,5
0.96761741504052934,0.25137940843216167,0.022911375484209979,-0.24742233582784803,0.96251402349025617,-0.11112579501667512,-0.049987256813848475,0.10185846847902694,0.99354221176321,2.6375348090788044,11.981829413890971,-1.5927733232310923,0.3284901141842267,0.3091962449524265,0.993006993006993,True,5
0.2833162440905328,-0.95703470589232564,-0.061777646054411578,0.95142840545729224,0.28858050427888077,-0.10726267682256192,0.12048192861764838,-0.028387748549988864,0.99230954878446809,16.430461718064329,-15.394843859804141,-3.8345477420972394,,0.136942480435006,0.25,False,1
0.74323147915550236,-0.66897022759693447,-0.0092629898645235804,0.66493513910948376,0.74013715362059762,-0.10029085007043907,0.073947475749856564,0.068380029389478431,0.99491504281065035,6.9931862146577126,-9.4905426099660168,-3.2983427920357502,0.4093489604465569,0.3107380826786921,0.9932659932659933,True,5
-0.096829357709031755,-0.99522153186785856,-0.012576883248614395,0.98648512602856131,-0.094285901605452943,-0.13400471962904953,0.13217855957026348,-0.025382499188215644,0.99090088158447542,10.701859655002767,23.116620562625762,-1.2361326659480696,,0.2370621585335542,0.7096774193548387,False,1
-0.42219879212310862,0.8843917137372197,0.1989961723318617,-0.90248989210807185,-0.38944303083449794,-0.18397315124006791,-0.085206658029456137,-0.25726527633433977,0.96257695953106359,-6.3544908936397793,3.9039229622140126,-2.2531242653954551,,0.3409364409761514,0.2613636363636364,False,5
0.98767545274415036,-0.15601692894889027,0.012486710054887711,0.15650794878914856,0.98367802844077679,-0.088785124478593158,0.001569080128991502,0.089645157394155559,0.9959725316208905,-10.052515277151112,-4.4315658351027327,-2.8115454190748408,0.281668621504081,0.2633908799035948,0.8884297520661157,True,5
0.46687138915537962,-0.88310505189685606,-0.046438920125007818,0.8788072352270222,0.46917526948361093,-0.087019594446408166,0.09863543633381712,-0.00018390005905427609,0.99512361889365519,15.425029316242444,-10.206774274464331,-3.2943560254063282,0.199340713748709,0.1590504681632482,0.4594594594594595,True,3
0.70354226480129478,0.70291584166216559,0.10458298704203439,-0.70271161141008431,0.71004515694739212,-0.045080664203133718,-0.10594655646932361,-0.041775526758168632,0.99349390161005513,-11.083092390189586,-1.042013772793847,-2.5210751268918572,,0.3299753066802494,0.52,False,1
0.29273711679633702,0.95550526973562133,0.036258239852824801,-0.94687363043950779,0.29495676172129565,-0.12818282526607155,-0.13317397804403497,0.0031918994884078122,0.99108753566452545,8.9005891181064793,-3.8413355229686958,-2.7648397217280674,,0.2284818245656237,0.9101796407185628,True,5
-0.52909824752177637,-0.81995495021880893,-0.21846950377811614,0.83927636518500015,-0.46768747961004992,-0.2772789286221613,0.12518077852146356,-0.33006408624336903,0.93562143608464332,11.988051036330782,-8.4118349125789802,-3.1242558313929498,,0.3030510092359975,0.55,False,8
0.58613490682876601,0.80779505546560315,0.062554131455543255,-0.80175668638752906,0.58941167024149244,-0.098894382125699731,-0.1167565279961838,0.007812256297489167,0.99312984137111637,-12.690474611338914,4.6598365136019897,-2.1905804676716412,0.3516498988148292,0.2233574100102352,0.5421686746987951,True,5
0.99045645748565991,0.1360522575047366,0.022040622786656867,-0.13387394653635071,0.98769528225166037,-0.0808442691636031,-0.032768464470298173,0.077122063287230688,0.99648302298161651,-16.396269562244061,16.687896564484983,-1.3028251300930904,0.3196984141222843,0.3036974205087563,0.9841269841269841,True,4
-0.074151393832420295,0.93459588453377496,0.34789668495868187,-0.9932725211660054,-0.038101077553070489,-0.10935267068445294,-0.088945317410400057,-0.35366487032475524,0.93113365850931251,-6.4181959151443797,0.91491642382713723,-2.4997787951952217,,0.4044199828782713,0.2758620689655172,False,2
0.994420213233975,-0.10547800444444075,-0.0016822871679632555,0.10435134811730734,0.98121000354661847,0.16228901714578994,-0.015467244673743866,-0.16155902796954597,0.98674183291463768,-12.633106101794196,-1.4632432584113246,-2.4869181075548994,,0.2132769423403477,0.2592592592592592,False,4
0.92659661750380029,0.37525538369271638,0.02453783690851712,-0.37025063045030293,0.92176794917049432,-0.11514477206184638,-0.065826887224522429,0.097607606730487753,0.9930456062168932,2.5546057043045258,5.7498903035755875,-2.0869604344513308,0.406296898325232,0.3618017359808652,0.986046511627907,True,5
-0.16955692880667037,-0.97191868830975958,-0.1631701909292447,0.97835445289316425,-0.14607110139675331,-0.14658034602516368,0.11862972813661446,-0.18449199617050011,0.97564834389817789,-0.48642559263636254,-16.97891463524746,-4.060895794243061,,0.1826024911329033,0.3333333333333333,False,4
0.98900216844980982,0.14642001753525552,0.020877961264198178,-0.1433809457773885,0.98380796480859745,-0.10753507691514609,-0.03628519242825428,0.10335892242153219,0.99398205112884386,6.699648101202385,-21.110161216526119,-4.5060541500222504,,0.2919757329985603,0.9518072289156626,True,5
0.96136234359218053,0.27318591603001746,0.033939646518341117,-0.27059295890611074,0.96043175705804607,-0.065956732975713195,-0.050615164855856848,0.054224490013589928,0.99724511017571793,12.271351505444605,-9.6012315342743957,-3.2062163066140359,,0.1418194557919891,0.5,False,4
-0.68062402428619639,-0.72932259038219005,-0.06956649137821927,0.72207774589858598,-0.65172712628290852,-0.23206783867015873,0.12391394773180474,-0.20818336154754111,0.97020875152324071,7.9430968326821256,-3.888382186861155,-2.7571647292101447,,0.1523233507087417,0.2051282051282051,False,6
-0.73500216687924858,-0.65501774471174701,-0.17528139888631869,0.669429309887978,-0.65985309993120878,-0.34125985051581792,0.10787128323012285,-0.36816523549068259,0.92348153507819275,3.0528698131416574,4.2998562561334381,-2.2150859587554672,,0.5350920456211762,0.2611940298507462,False,4
0.97900833795815467,-0.20353904976919679,0.010701842246254473,0.20379163856513055,0.97664189686061265,-0.068114413654109363,0.003412075519458423,0.068865524869533623,0.9976201166902624,-5.9746688292874977,-8.3558422869871691,-3.2220681803541207,,0.1995508735786166,0.4914529914529914,False,5
0.97523104612163658,0.21984096554002636,0.024379428847441431,-0.21631091090893634,0.97093357906085886,-0.10245767357214867,-0.046195199991391857,0.094646367719526045,0.9944385695332093,-3.1152589673413957,7.8885658658951447,-2.0230810190858248,0.2857160396961119,0.2517039114471705,0.9900497512437811,True,5
0.99812690448218866,0.058155908783796298,0.018988755154938398,-0.055839375148766614,0.99284178814671409,-0.10558005442615449,-0.02499293363730486,0.10432197267673395,0.99422949025113672,8.4272060844075547,-15.7526045190342,-3.9397459226023344,0.338400249189598,0.2963466204666933,0.9914529914529915,True,5
0.75010861179851929,0.66050087482360875,0.03279733011915701,-0.6536103017511109,0.7480056695682159,-0.11524361907986765,-0.10065110009592124,0.065008558290823887,0.99279567051756845,-3.1532861374909968,12.995991752315257,-1.7975212014821591,0.3206272174003347,0.2829176242096671,0.9186991869918699,True,5
0.80311074657220716,-0.59580553682599546,-0.0053750374621944399,0.59252425161552746,0.79957169226161717,-0.097980203007306546,0.06267487525070467,0.075504113936802175,0.99517384852644086,14.009542138199096,-2.5772515739034487,-2.6942543884461534,,0.2498016376869432,0.8181818181818182,True,5
0.37940582512186544,0.92342321371971658,0.057799552136223939,-0.91551307634616874,0.38371795276298731,-0.12081531263278181,-0.13374239007424502,-0.0070782124108684213,0.99099085364411699,12.24160414512083,-13.327745922954486,-3.6087955286645372,0.1746348711698459,0.2589524796903456,0.967032967032967,True,5
0.99240799216379438,-0.12190306457896975,0.016310117586401433,0.12285266038315582,0.98879993815123124,-0.084746127633669385,-0.0057966305909282244,0.086106475705238009,0.99626907706473322,4.3171918534957463,15.969697318059982,-1.3942318613046978,0.3021627318092933,0.3145685863845052,0.9186046511627907,True,5
-0.46261777932451942,0.8816174099457561,0.093464071885345792,-0.87798371492160743,-0.44096411622413562,-0.18626659532810011,-0.1230015714749432,-0.16823017173862048,0.97804356893314848,0.30453645137454766,10.599012233623085,-1.7213896372239872,,0.4416283425901041,0.303370786516854,False,5
0.88271249487625303,0.46907722549710223,0.028021561506843908,-0.46318449770757292,0.87857939577333832,-0.1164403985133115,-0.079238705647709406,0.089804241784541022,0.9928023094678915,-6.5547006613439605,-1.3033018983105664,-2.670404608924787,0.2698494048614141,0.2327065065789155,0.9815837937384899,True,5
0.60813016132725017,-0.79381331868260641,0.0061742988427158441,0.78859905338207059,0.60320699810850509,-0.11938530243638561,0.091045262858614501,0.077470849453405488,0.99282880074863489,-0.10301521488268776,-5.6099613607072429,-2.9924292857387425,0.3399477264711041,0.2835816724527626,0.9776207302709069,True,5
0.97554390325694973,0.21158798571759871,0.05953668716149934,-0.21178774018800225,0.97731106088020725,-0.0030072225166730138,-0.058822155046005305,-0.0096754628403366103,0.99822158837332842,1.4259561890016623,-15.815083123607208,-3.9438940122431791,0.3516648576316136,0.2395869803993657,0.3170731707317073,True,4
-0.013211095350862982,0.99089384786192947,0.1339957060095959,-0.99132424422656029,0.0045466611707012175,-0.13136046087327069,-0.13077350560518619,-0.13456860756349703,0.98223702846622107,16.035864297498222,-8.540354312110777,-3.1516812425632685,,0.1409669643986939,0.1891891891891892,False,1
0.37350882319973183,-0.92633014622782239,-0.049026719056987467,0.92273133448911904,0.37644101147917552,-0.082819377131587976,0.09517375344011883,-0.01430472181052294,0.99535789120800278,8.6785564553957997,-3.0748236889736402,-2.6941119147530488,,0.1697099223088006,0.2692307692307692,False,7
0.9061384254028011,-0.42295662392308658,0.0045659925665641954,0.4211957516954391,0.90126998528849711,-0.10152119173742485,0.038823868460614856,0.093915429497275785,0.99482289847997352,-5.2141122934786015,1.4598563531469524,-2.4323694903094246,,0.29751151303735,0.9817927170868347,False,5
0.86108244038265436,0.50764714984589121,0.028834044426608897,-0.50174349452854361,0.85752204850345881,-0.11361954950058918,-0.082404469314093634,0.083368504747147174,0.99310583315842371,13.656332546957961,-18.714970151179326,-4.2691023467974416,0.301043945045514,0.27942483634797,1.0,True,2
0.95974161148233972,-0.28050623818884257,0.014570158764649208,0.28022714543750515,0.95266037986102037,-0.11794468026581093,0.019203805592382332,0.11727937150326755,0.99291327056826539,12.142842966771834,-22.294835818814274,-4.6383445609876137,,0.28232660166224,0.9782608695652174,True,1
0.6518025543959387,0.72627989406018933,0.21833677099116658,-0.7506975144305752,0.65877354896367613,0.049705663797585856,-0.10773426525801817,-0.19630314992307865,0.97460679323488808,0.8634232905556537,3.9061419084879661,-2.2066505204067903,,0.2213285525899844,0.28125,False,2
0.70257096118783258,-0.71141721538604075,-0.016720949374280411,0.70745092595552339,0.70080609134653182,-0.091564238085995731,0.076858518462676217,0.052501123644819445,0.99565877696917526,-13.370060612003588,20.125352752566428,-1.0920522172274061,0.2600169713029035,0.2614837481763883,0.7708333333333334,True,5
-0.82575212211836246,0.53132208929765246,0.18928885398089118,-0.56139831926482164,-0.74182817548028679,-0.36677361572259015,-0.054455118617581941,-0.40913053600039007,0.91084951807001502,2.6395595585070613,4.2860215785887315,-2.2271986672033157,0.408495261677279,0.3651215058037845,0.2280701754385965,True,4
0.86934632824768521,-0.49420048767678409,0.0016850941507996937,0.49169198487508198,0.86458026589333692,-0.10363375819398214,0.049758954690290187,0.090922174456154942,0.99461409834181125,5.8870629180689251,-2.3353400722475297,-2.6544607162023874,0.340132563452005,0.2621173287953132,0.9978768577494692,True,5
-0.81222592715059427,0.56593176303609294,0.14145770693467735,-0.58103427583101974,-0.76331139486976851,-0.28240907345814947,-0.051847985244172598,-0.31157174783479269,0.94880705750815952,-0.82942632017985629,6.3999174681703108,-2.0129779763020186,,0.3775115258867099,0.3920454545454545,False,2
0.88119523123916543,0.46384940139423197,0.0913164676691334,-0.46259314949279112,0.88584909987664584,-0.035762414488918481,-0.097480985241713863,-0.010728703274387647,0.99517955789011037,-4.1358834297888531,-7.2210202892490791,-3.1525500707595597,,0.1825711381781632,0.1666666666666667,False,5
0.88891167975068131,-0.45807047238659859,-0.002732751422952916,0.45593024948759642,0.8853040670023834,-0.091456637545975855,0.044312901112421886,0.080050929267288143,0.99580531004732198,-8.8312209801766652,6.713916875436877,-2.0997587446530823,0.1839004205477779,0.2315575237453971,0.9548022598870056,True,5
-0.48093217856871706,-0.87554473380546161,-0.046104866583385307,0.86799405838256394,-0.46804970165146792,-0.16587884553654919,0.123654980610221,-0.11979522481925556,0.98506778948496221,-18.237494796707505,-19.06516952893957,-4.2174276112281044,,0.1937291108590352,0.3529411764705883,False,1
0.76855632373132277,0.61493720713330158,0.17655992902040249,-0.63354538707272234,0.76994896865578777,0.076150037326078085,-0.089114643978802893,-0.17038432131209677,0.98133977972950193,-12.641137913493717,-2.5058061109183467,-2.6008876301185357,,0.3838633165121538,0.3134328358208955,False,6
-0.17075564486827979,-0.94146373747683587,-0.29066912591771066,0.96660040133643355,-0.10283722952698028,-0.2347512904319406,0.19111821964915862,-0.32104600174953618,0.92757926393315471,-10.909021176538637,-0.14280655355119648,-2.4866945580505191,,0.3550846414158991,0.2978723404255319,False,3
0.83386255282591226,-0.55183816481583892,0.012160709162719248,0.54893861923672627,0.8267719303761436,-0.12294131710935076,0.057789577824461959,0.10919164342930573,0.99233943270439373,9.7336104624785289,0.83614558308760589,-2.4176286301410004,0.5884147643077698,0.2335657386470077,0.9644970414201184,True,5
0.73882679318941447,-0.67389115150064605,-0.0023844484858887675,0.67019469531420484,0.73513525353880516,-0.102055031121148,0.070526874580888688,0.07380294664559095,0.99477589688747559,-4.4015207925846607,-8.3623675342122681,-3.2255107446665487,,0.1104423804739968,0.7109375,False,5
-0.045579562482706476,0.9950086472131241,0.088771028241167199,-0.98929953513121038,-0.03263122624439406,-0.14220278781711082,-0.13859629602935336,-0.094302677824631295,0.9858489091549717,15.869276823510226,-22.694062904909416,-4.7016418473629225,0.3405146608883351,0.212379991370466,0.5263157894736842,True,3
0.042832117715960238,0.95656088707205844,0.28836899801449251,-0.98720035699098274,0.084903768975078647,-0.13500668565186769,-0.15362572977480657,-0.27889535553275657,0.94795385742841687,-13.679587637397107,-2.9868050690580157,-2.6142887718456347,,0.2499450649971837,0.3939393939393939,False,4
-0.49507250815628673,-0.8154188954337388,-0.29999206095739211,0.8592703676150153,-0.40836783452528369,-0.30804244360783445,0.12867652080546318,-0.41027763367596665,0.90283698212836261,11.463753046584836,8.5442363329584534,-1.8242728903596912,,0.4622258329728259,0.2613636363636364,False,5
0.73690864284653124,0.66904564526962218,0.096662177938630106,-0.66810444521059498,0.74260615898417459,-0.046610545251205678,-0.10296651100201271,-0.03023271712113345,0.99422526643992815,18.449693418027309,6.644230026260769,-1.8915124801415111,,0.1909854852477281,0.48,False,5
-0.074143344022624541,0.96055923855882908,0.26800879417740292,-0.9896927335356912,-0.03785677159275691,-0.13811284527959475,-0.12251962179093683,-0.27548650432254684,0.95346532617203705,-11.712947402692947,1.016856719497746,-2.3808992214976161,,0.366230895968645,0.3396226415094339,False,4
0.9768223356600898,-0.2140416904421947,0.002068648886618835,0.21398556821290934,0.97623481339059293,-0.034289440369212429,0.0053198827211440782,0.033937352237367581,0.99940980331941487,14.986583773140227,-1.1408694538004707,-2.5458615585993334,,0.09491432802089346,0.3571428571428572,False,7
0.99806406886022048,0.058631715395455371,0.020746961222506452,-0.056874271844608193,0.99540524896542193,-0.077030562338805231,-0.025168068108765689,0.075701468161940427,0.99681284906736622,-3.4240858710236326,22.874831417386368,-1.2571374172890672,0.2485694495319899,0.2751755185888257,0.8947368421052632,True,2
0.087014634828199017,0.96444636208761769,0.24954291811565169,-0.98740734543191677,0.11671702051157197,-0.10678891005154259,-0.13211808170273415,-0.23710831233607349,0.9624575111184539,11.028871833225811,7.6575854219633008,-1.9020664783970862,,0.376542840996608,0.1458333333333333,False,1
0.98096317006078115,-0.18708322235981298,-0.052068482748904625,0.19405205722007177,0.95459892569448834,0.22601922518137149,0.0074201127324472031,-0.23182053182235238,0.97273027245616261,16.35495370856318,0.23202515783409894,-2.4110057372414766,,0.4152517262453796,0.2166666666666667,False,1
-0.72813808282176506,-0.68543038377362242,-0.00034834550302126344,0.67762150459010217,-0.71976596758774347,-0.1508842219038346,0.10316990288689283,-0.11010059446898635,0.9885513796641453,18.286073170980998,-0.73147851962857013,-2.4663609403763629,,0.101933123608731,0.5172413793103449,False,2
-0.37145055923996839,-0.90629181972189465,-0.20164230594171351,0.9145530016593405,-0.31971695405185147,-0.24773751522063892,0.16005401961901727,-0.27643481473393172,0.94761094548702418,0.37001921885995265,12.566839407832468,-1.5395305200603497,,0.3494233063035114,0.2807017543859649,False,3
-0.71633940269875473,0.65651507550753652,0.23631719313779426,-0.6947248544664163,-0.63956580027360399,-0.32910934916377155,-0.064924854468904392,-0.39992942221311806,0.91424352364152595,5.2436609961686429,16.73035905467885,-1.3650873545730082,,0.3172422127202549,0.3461538461538461,False,4
-0.45247747629157964,-0.85811703276490425,-0.24269176238092419,0.88080068309786042,-0.38747600053864228,-0.27212590038605328,0.13947863672672298,-0.33689391072759695,0.93115423148451648,5.9754847765729036,-24.197178702716965,-4.8658439048844944,,0.4774395757152928,0.375,False,2
0.91575118482283269,-0.38540671729136922,-0.11340824380206041,0.40106500396592082,0.89344639658435276,0.20223847068312667,0.023380121671900001,-0.23068419689507241,0.97274774284676735,9.3675679182318667,-2.4743140129683838,-2.6474473322369998,,0.4552358521488176,0.134020618556701,False,3
0.034128217785257146,-0.97470910870845107,-0.2208561028171504,0.99088356504122044,0.061817253676892392,-0.11970124343150577,0.13032661003035392,-0.21475749241557168,0.96793294921155137,-9.9993272269269031,5.0499734453244605,-2.1671088633167965,,0.1199693132881579,0.1666666666666667,False,1
-0.18328436721644217,0.9093091577279695,0.37358224851579697,-0.9782755757209588,-0.13126222698587225,-0.16045910916658712,-0.096869699503476583,-0.39487603553363371,0.91361325399719628,-10.094029698581776,-0.76170660265867274,-2.5725601881044793,,0.172786612638551,0.1230769230769231,False,3
0.20235823633840977,0.97855654054186625,0.038447901746959272,-0.97037339287551927,0.2056489390162784,-0.12682268046659778,-0.13200993366130473,-0.011645206920211034,0.99117998697034015,-9.0821219585224675,-8.2215509847369059,-3.2049088580352225,,0.1430396973347031,0.6666666666666666,False,1
-0.96558785186053508,0.25408321236611053,0.055514156150272366,-0.25884321626409229,-0.91809119042543608,-0.30018120437040507,-0.025303946992893338,-0.304220787023051,0.95226541626253403,-6.1267088719265796,-4.6684416275689031,-2.9381533138694849,,0.6457273620972711,0.4317617866004963,False,3
0.27756322581022508,-0.94984897037377114,-0.14403329183805974,0.95416373009052369,0.29002555807180663,-0.073869830410484588,0.11193851820333664,-0.11692779457863184,0.9868118660603028,17.806075902697653,10.523196623226269,-1.7030676429161535,,0.1937302097800043,0.3076923076923077,False,3
-0.84008644586010417,-0.54119738277209672,-0.036880297758695876,0.53552954389368423,-0.81661848798973447,-0.21527274023986642,0.086387910607675797,-0.2005982002760526,0.97585731075134541,12.411254950604505,8.2187353027270635,-1.8147349756323212,,0.380626118692346,0.1851851851851852,False,1
0.67943184264815926,0.7313313716376032,0.059386834015539701,-0.72566732190605643,0.68172537951548695,-0.093045391299929392,-0.10853252560140192,0.020122916864293856,0.9938892086663651,23.185549942044521,11.674172429092662,-1.4922848630632628,,0.2567434188808967,0.9523809523809523,False,1
-0.81633267900405149,-0.57630391061914588,-0.038402601411204336,0.57088753639139378,-0.7949918249380632,-0.2051229364908084,0.087683396279073192,-0.18937212278138268,0.97798252598409929,25.233118426886112,8.5284700802209894,-1.6918664843832201,,0.2116862094952429,0.8,False,3
0.16710944213274551,0.98463570053160099,0.050665289782322397,-0.97767596589109695,0.17212892209579977,-0.12050452230953362,-0.12737401645937607,-0.029396792627465203,0.99141902771442947,-5.4963026115863318,20.720720540829294,-1.3662121206297901,0.2445086370168063,0.1937726101737378,0.4146341463414634,True,3
-0.20437408650243336,-0.95564690209695236,-0.21206185719924961,0.97277081201910232,-0.17408255796978603,-0.15301049079848458,0.10930773097083712,-0.2375589643082221,0.96520337671747325,9.5765002735450864,-24.127907373420463,-4.8464704669966752,,0.2100575296290492,0.2777777777777778,False,2
0.36391750175191268,0.895637531086381,0.25572928034962705,-0.92249897758950128,0.38450880116211744,-0.033891269896465528,-0.12868445230473874,-0.22357637339030842,0.96615418903851258,1.6255978869163707,16.040927272875638,-1.3559153003280362,,0.249011709710925,0.3428571428571429,False,1
-0.88574865818412984,0.45691289935419421,0.081730758767775732,-0.46194785151595558,-0.85055381679828934,-0.25132128284260585,-0.045315527193278665,-0.26036283746649536,0.96444683412907162,-0.39403871470314433,12.53251539028798,-1.599235254522319,,0.2000149899123183,0.1428571428571428,False,2
-0.99272986644757699,-0.11356405555171702,-0.039882546929985774,0.11554481595310419,-0.80633019983119325,-0.58006982712993338,0.033716580036226303,-0.5804608635617341,0.81358980948867976,-8.0663138943626898,-4.3391546855546936,-2.879315180527386,,0.229491114921103,0.25,False,1
0.98988312284438107,0.13644664783311455,0.038906495639705871,-0.13310834448099393,0.98800096004440741,-0.07833435760161879,-0.049128115548894298,0.072363079304540626,0.99616766310505145,-17.538636855904976,-20.009124831254134,-4.312980947426305,,0.2236722862758925,0.8,True,2
-0.27382476201400796,-0.95982030937588914,-0.061359379214132675,0.9528500316018248,-0.26205645166371083,-0.15298115379949703,0.13075479717537014,-0.10035631445503036,0.98632235763194043,22.223346140756362,5.0788538715144611,-2.0232944497172345,,0.2412148400272514,0.6428571428571429,False,2
0.99954000962753631,-0.028622207962652926,0.010026882123948713,0.026303838968258792,0.98273513055053496,0.18313866669099271,-0.015095602317126148,-0.18279067917474703,0.98303595580096537,10.636842907997169,9.4631672572807162,-1.7614205081916037,,0.3042549972649082,0.3513513513513514,False,1
-0.79377086532451124,0.56458083208278531,0.22622178809011101,-0.60467291404725876,-0.69243539719812908,-0.39357831206084792,-0.065562797222004768,-0.44920118516292845,0.89102178136600418,-6.3083890123092523,-6.1309642267622646,-3.0451007273323025,,0.3117841608672747,0.3032258064516129,False,2
-0.99329202940948758,-0.11436913916280961,0.017048293719279784,0.1100298281925846,-0.98017079450313671,-0.16479881829369647,0.035558138583047641,-0.16181753183832215,0.9861798543725484,3.0050106095319356,18.45730911856009,-1.3085316314543263,,0.09961380951644015,0.4210526315789473,False,2
0.89750994593649447,0.43779778472703129,0.052999968237508674,-0.43435799262944758,0.89836766676303814,-0.065335056085177853,-0.076217000623152953,0.035617902841697024,0.99645488297924023,-16.835481121748604,-21.523504024994335,-4.4970324953137881,,0.2730778416061937,0.9047619047619048,False,2
0.05789296443581976,-0.99824395203858596,0.012546588668602506,0.98985532435347567,0.055764016826590913,-0.13067827392661543,0.1297491484284532,0.019984660261057018,0.99134543517198981,1.588010721283865,20.71959056982795,-1.2802045310821362,,0.2629267499404876,0.8983050847457628,True,1
0.99176375738978151,-0.12795887206339146,-0.0055835999469456624,0.12807184262958535,0.99024201679121504,0.054939524085396721,-0.0015008842612480918,-0.055202130769851268,0.99847407182405223,5.9251226015693819,-22.629504650281739,-4.6894507260495608,,0.20197899189858,0.1212121212121212,False,1
0.60611342247431366,0.79419878999805771,0.043298972991230249,-0.78698061319173562,0.60671448103047676,-0.11206718060288123,-0.11527373316082901,0.033849970067048568,0.99275684131091535,16.424033969570573,-5.0731049267116939,-2.8452463311368716,,0.1923706739731216,0.9512195121951219,False,1
