axis_00,axis_01,axis_02,axis_10,axis_11,axis_12,axis_20,axis_21,axis_22,location_x,location_y,location_z,dbh,dbh_approximation,score,reconstructed,number_clusters
-0.93665800982149083,-0.34186821046141191,-0.076143938124823132,0.35019048690177845,-0.91026594024479868,-0.22086770002367684,0.0061964119246884844,-0.23354238310457778,0.97232687907570226,-5.9580257794693541,-8.5652633973090868,-2.504645320741369,,0.4590587026295673,0.2300884955752212,False,3
0.05172571821574657,-0.99865410907324603,0.0037974341583580165,0.99825809750034422,0.051812505657397458,0.028217636904882413,-0.028376413622211195,0.0023312418630491091,0.99959459005204587,-8.1866454256489103,9.3180048422606276,-2.3743341343702915,0.2197776881496526,0.2341534011378209,0.7833333333333333,True,5
-0.76904567479321018,-0.63792560064275783,0.040245224889840184,0.63849215391091962,-0.76962663220611338,0.0016175268997530648,0.029941935075264554,0.026940212390660169,0.99918852349308729,12.584594445966895,-4.5055946664515663,-3.0003193049032233,0.2102061191671361,0.173535898484226,0.9166666666666666,True,5
0.19570806907883592,0.97782561314287064,0.074534703187185677,-0.98060068459199912,0.19427843993823593,0.026041988266381697,0.01098403728756822,-0.078185408209803076,0.99687832400345144,11.657219731905844,-12.056674764471991,-2.9292243049634772,0.1851064652224601,0.2068152948479421,0.9595959595959596,True,5
-0.96484474894590622,-0.25723834285144814,0.053879916467548354,0.25749198450943039,-0.96627769882194503,-0.0022992765728929096,0.05265442379234947,0.011655201688701313,0.99854477512462547,18.378599957321875,-9.3936138950784915,-3.12709792275021,0.2122340965164861,0.2280389442480573,0.8260869565217391,True,3
-0.42735832361330339,0.8699955572279755,0.24591175986928882,-0.90342073334552775,-0.42134860868625179,-0.079349407808678274,0.034580945618291586,-0.25607241234022743,0.96603885938320344,-3.781486220772873,7.0366975599230237,-2.5334372355900006,,0.3020685511026068,0.1746031746031746,False,4
0.45143974736317682,-0.89145376536586829,-0.038888799360324029,0.8916427112677493,0.44900321086956707,0.058046464766744882,-0.034284543802844056,-0.060879395889211659,0.99755614840087892,-8.4680004021481974,-5.3477050753720246,-2.4461765341227939,,0.1821823325309069,0.2564102564102564,False,5
0.62428359820917068,0.75454223818293864,0.20232646837449036,-0.78119047835667976,0.6040971778584916,0.15750567046385575,-0.0033801674328028906,-0.25638371730920928,0.96656917184795332,11.217313657810395,5.3082167180437452,-3.0677558913969043,0.4991877637218413,0.3200029076475865,0.3260869565217391,True,3
-0.026825489645650347,-0.99920458401332124,-0.029505802684151719,0.99940382037657205,-0.027449224375761395,0.020941439727979107,-0.021734693970299628,-0.028926447551230638,0.99934521748497029,14.737641991201043,-16.978516919481315,-3.040052142169734,,0.1714908327145799,0.5384615384615384,False,1
-0.56248686978586115,0.81528075210420792,0.13757113275284671,-0.82455932222807637,-0.56539703850843059,-0.020690891055542591,0.060913425821240666,-0.12507391452374839,0.99027575475744489,-23.267840790215118,7.5380029897023659,-2.2351057891037964,,0.2321906612324236,0.8888888888888888,False,2
-0.39390775965359026,-0.91872781640762546,0.027854555167246338,0.91914997517984331,-0.39372672852733254,0.011940953481894646,-3.403237662086972e-06,0.030306147924800898,0.99954066319803991,-12.555657074385476,4.5412404484688569,-2.3095448629877526,0.2327494519828354,0.2454678642683478,0.9736842105263158,True,5
0.11412035207473671,-0.99331428332535543,-0.017414929921610957,0.99345600984033644,0.11418376092524921,-0.0026879830884289045,0.0046585141897726333,-0.01699421321515026,0.9998447354278277,-11.184324874809091,-15.179992578909516,-2.3597227778157466,0.2867303304654815,0.1757040965083776,0.4782608695652174,True,2
0.38180805807107199,-0.92381210617048914,0.02817444382490553,0.92310703663214611,0.38267213779361875,0.037887120195123893,-0.045782154953814672,0.011542419560361873,0.99888476154082873,-17.132770468006985,-8.0016460637576134,-2.5060550430578465,0.3070559933755409,0.2397537815263705,1.0,True,5
-0.33993276192599942,-0.93928817542699072,0.04672730328616749,0.94044836087679895,-0.33942725112629601,0.018601658984868263,-0.001611798220843421,0.050267929098801109,0.99873446791958365,8.9699683891697681,-19.955993574391169,-2.8706610447631218,0.07024982406900757,0.1149899725424873,0.9090909090909091,True,1
0.31730298456663325,0.92201671461181722,0.22181973303008398,-0.94784093311947826,0.30087682244458397,0.10521740929545378,0.030271793608963562,-0.24363562073736483,0.96939429687801204,11.994888837206886,5.2484054333018477,-3.082620799418387,,0.3231959187407752,0.9577464788732394,False,5
-0.69701702480737138,0.71252492835164516,0.080470451758180239,-0.71469819912812327,-0.69942840770201264,0.0025271846878910237,0.058084002028956479,-0.055750596202305346,0.99675379092902872,14.6172056946812,-6.1025656127934322,-3.0791828850619907,,0.115539485110955,0.4848484848484849,True,2
0.97170063623432235,-0.23370383010418003,0.034356852830981922,0.22754534288261211,0.96512495946936772,0.12944855944229564,-0.063411280339129572,-0.11796750571190195,0.99099075531604452,-11.32244278403517,12.919656182363095,-2.3409562375677058,,0.168978346886468,0.375,False,2
-0.99621745276528362,-0.063325593458293181,0.059503411826601557,0.062160933890017304,-0.99784040246197037,-0.021226151616696297,0.060719067052879439,-0.017447075046811041,0.99800240203545598,14.8334641482767,-4.4902898198220793,-3.0881335848861049,0.130226925024614,0.1420660052856873,0.8863636363636364,True,5
-0.16164669608258594,-0.98608216518261749,0.038888419283200429,0.9867495205951996,-0.16094624649483638,0.020535075952319425,-0.013990327041504101,0.041692556265900529,0.99903253275420767,8.9093057151785775,-12.252839792431336,-2.8155931387817899,0.1537341482374328,0.107962080493392,0.5192307692307693,True,5
-0.56857218442820034,-0.82169262305728452,0.039330704389611851,0.82250545195586877,-0.56867679101700119,0.0095649809972121486,0.014506984435630437,0.037788100929319522,0.99918046759869095,-18.111238752320659,4.2168489842309853,-2.4078613676859599,0.2976439373791831,0.2321962300468191,0.984375,True,5
-0.068267817701885905,-0.96833199119223246,-0.24015132708337777,0.99760024470134312,-0.063470846306048503,-0.027662310840071296,0.011543692565242073,-0.24146346825737286,0.9703412475305162,5.5245263955068564,8.6621439596971594,-2.870591262814584,,0.4622154951316242,0.3027522935779817,False,4
-0.99599318831943873,-0.067728820920504196,0.05839842153686596,0.063963028711481032,-0.99589102965532905,-0.064107628330040356,0.062500398233398938,-0.060115421222566759,0.99623282236227284,-8.6683459776881318,3.6642713244255796,-2.3776678176393902,0.3837386719645786,0.2455600482789863,0.25,True,4
-0.84151114423241857,-0.53830423477934852,0.04568965912836917,0.53892634121436378,-0.84235145430637748,0.0015576178063465319,0.03764827855222036,0.025934113567878891,0.99895446786903341,7.2431667108337647,-1.9924767380140023,-2.8376353067816207,0.20729877380411,0.1932504803677916,0.8535714285714285,True,5
-0.54116164111239629,-0.8401869052700357,0.035071960328724061,0.84082358411257663,-0.54125660544034426,0.0075490043898310214,0.012640355557501565,0.03357456298981748,0.99935627787662606,5.4619915878317462,-15.800343867759253,-2.7633302255995296,0.2212740398913854,0.2031670281675405,0.9555555555555556,True,4
0.28343621267078423,0.92499804456432044,0.25306625792275417,-0.95895534807068139,0.27565750271891887,0.066464889990186141,-0.0082797194083034029,-0.26151779814565829,0.9651631403548141,-6.207559207716514,-8.7626338779616013,-2.4987032903984132,,0.3459670178955386,0.3225806451612903,False,4
0.5667295029528574,-0.80825827479082213,-0.15980059985798384,0.82363085940293135,0.56077637502278876,0.084628982361182742,0.021210325834274874,-0.1795784465030944,0.98351497376986552,11.402468375149128,6.014338014218481,-3.0743147658718675,,0.358466813130796,0.4285714285714285,False,3
-0.94455584116169722,-0.32537895413862483,0.044077195135068366,0.32457724174733765,-0.94554272749169976,-0.024465580460086594,0.049637456290693743,-0.0088026525100866095,0.99872850977719541,6.0581722904938813,-11.916156667243389,-2.7570214577709935,0.2150227934520008,0.211241812825596,0.8618421052631579,True,5
-0.37131745407620442,0.92330745957082383,0.098115663373580603,-0.92746150372175151,-0.37383391715901626,0.007959993450571445,0.044028484104648553,-0.088042816188588779,0.9951431832178872,8.5059296896757353,0.74166214158535249,-2.90772090761233,0.2127847710577585,0.1832093667989405,0.9921259842519685,True,5
0.0404817977298896,-0.99914084089941035,0.0088771673059134804,0.99884452677095803,0.040696898061563402,0.02556117813930495,-0.025900490193408947,0.0078321475335687493,0.99963384400126998,-10.887876607966033,17.832669922761532,-2.3578636763726637,,0.2445390941680764,0.9622641509433962,True,4
-0.85847956596077213,0.50674963608484036,0.078852020618918731,-0.50893883965526387,-0.86075328060431999,-0.0092221157688858191,0.063198831620198612,-0.048047853820778516,0.99684367451725309,6.6564919930805173,-13.40180659226419,-2.7445232420397274,0.1680531139889626,0.1870485348628031,0.9504132231404959,True,5
-0.70493283488880765,-0.7088049607296858,0.025791974345129753,0.70873173907509501,-0.70534971006948899,-0.013457657020495589,0.027731215682382914,0.0087928465173848155,0.99957674319028689,5.5790677764584364,-16.766724892389,-2.7596210676486668,,0.09071528615257271,0.1818181818181818,False,2
-0.89062107762996345,-0.45271215411243015,0.042962793206764882,0.45276249487802717,-0.89158462215232803,-0.0091095978679602077,0.042428991421764331,0.011338741569285285,0.99903514133715932,-4.8752994200293722,14.586059238010794,-2.5018280650705411,,0.3161659793539471,0.9819819819819819,True,5
-0.96140414601727464,-0.27017968917808344,0.052009648878149926,0.27037041319446042,-0.96275013499701623,-0.0034665879886284189,0.051008898143862391,0.010729078192483159,0.99864056556465175,7.6396968892049459,0.62787530656003132,-2.8743398733710945,0.2692497919548454,0.2102149592357373,0.984251968503937,True,5
0.90279094571165197,0.42381520786923893,0.073138074351299445,-0.42764930053078526,0.90266703751546384,0.048044720194703128,-0.04565724582793565,-0.074651784719529463,0.99616390566090962,-14.536782673356393,-10.781287955267969,-2.1934189919135383,0.3005773211228258,0.2548890813770249,0.9433962264150944,True,5
0.38479351292756064,-0.91564251141705044,-0.11633032147614711,0.92278552559620974,0.3789015090955658,0.07000371529589848,-0.020020643321176215,-0.13428491237283205,0.99074049889465343,-4.9874594632614739,1.6227794248335423,-2.5282210479195548,,0.2236544706474556,0.1530612244897959,False,2
-0.98752587812977788,0.14329255401425059,0.065267786756426555,-0.14418029357475431,-0.98950981080067524,-0.009076192698895983,0.063282564492180227,-0.018373303820568402,0.99782650733381917,7.6616691874831204,-15.956633260267548,-2.7574058676428037,0.1733464457990703,0.1652373623321358,0.9,True,5
0.99755627779008593,-0.034898320803686891,0.060527513138009421,0.032537118051984941,0.9986870310405932,0.039567031480723241,-0.061828865349932975,-0.037500949806748951,0.99738200814589162,7.6998130198390422,7.2878861669652721,-2.9165451990483451,0.1772673653752663,0.1525368487079979,0.8987341772151899,True,5
-0.93909247517580474,-0.34017574190324384,0.048844525678508111,0.34019832161010644,-0.94031876984134266,-0.0081063590921352513,0.04868701101779984,0.0090042048311730245,0.99877349747253041,5.6465780386575268,-10.162339042975592,-2.7652042303593038,0.2410292297055333,0.2095092464066658,0.9282051282051282,True,5
-0.74321567776718267,0.64701768620608258,0.17028966515203917,-0.66712471172909493,-0.73597338846611216,-0.1152726787668258,0.050745199984217282,-0.19927690585272348,0.97862844812131089,-7.1229196523137368,-16.732231219928217,-2.5381733381762954,,0.2968187462679006,0.2545454545454545,False,5
-0.59860010302589939,-0.79976197678622574,0.045372867931981892,0.80086781700255105,-0.59870599880837205,0.012722683696439823,0.016989889550926968,0.043953469463286161,0.99888910103934414,-16.267965690385406,-1.169341123064124,-2.4794130591889689,0.2524921270162065,0.250590518907612,1.0,True,5
0.21533753764475591,0.95674474353313776,0.19562525553415194,-0.97613642950364521,0.20512907198070321,0.071272258447510742,0.028060931505682694,-0.20630453109431307,0.97808538715849724,-6.7564879803489735,1.3392622231144236,-2.4734877000024613,,0.4781025260997026,0.803921568627451,False,10
-0.71146492120203297,-0.70236271765808445,0.022456151561087025,0.70214943205024938,-0.7118118548991974,-0.01760847229248896,0.028352089349754507,0.0032397637125877524,0.99959274855342406,-7.9897087106249298,-17.446845867852481,-2.5307575009399748,0.3471719569332448,0.308186602143399,0.9896907216494846,True,5
0.46456780676017451,0.84081712419789167,0.2778548480369345,-0.88551495287295778,0.43885391496980547,0.15254674547192815,0.0063262279791052797,-0.31691292963724532,0.94843353687451093,-4.0471799805377335,7.0703526274891235,-2.524984552169415,,0.323548508394737,0.16,False,4
-0.98877256765438049,-0.13943464505623815,0.053728848975244423,0.13855825896321283,-0.99015786813675766,-0.019723210690813481,0.055950141440812826,-0.0120571939070367,0.99836075931891521,7.9237708193177534,-3.5603812561655652,-2.8195518283594017,0.2538208581606635,0.1670262761147772,0.849802371541502,True,5
0.17805703512546131,-0.98247918874497209,-0.055048487039633713,0.98273219600722062,0.17468419106603478,0.061015279417789767,-0.050330141795510319,-0.064962120305817411,0.99661767983124649,-7.0817926951633661,2.316069192242185,-2.4433045609033921,,0.2356341324831113,0.2933333333333333,False,3
-0.95642625837902229,-0.28910846349627278,0.040805742462653519,0.2880858625919544,-0.95716024379614151,-0.02916853562935336,0.047490504922074649,-0.016141995878318958,0.99874125173205441,-7.8294675806536231,5.8424907411932665,-2.3772854683168854,,0.1053025344757015,0.3333333333333333,False,5
0.25985161384542843,0.92657713237395312,0.27190431505143242,-0.96556646722486161,0.25298796257988582,0.06065054130490885,-0.012591114042310825,-0.27830182994608677,0.96041113867751093,-4.2090475167049588,8.0475238117303434,-2.5122501348173572,,0.1745962902861212,0.1219512195121951,False,6
-0.70898094895613561,-0.70427496135078338,0.036644137752315613,0.70477227359048811,-0.70943299203844556,0.00093390870708724705,0.025338831767705204,0.026487895758851611,0.99932794166025241,6.606601504903356,1.1851281187164431,-2.8667306480170902,0.1967282831907966,0.1616426265108851,0.7272727272727273,True,5
-0.80037859590692684,-0.5980515837541035,0.041574107125296217,0.59853331068250148,-0.80109721342792206,-0.0010633162571474578,0.033940819340447244,0.024032432403471832,0.99913485725164852,13.409784124573907,-18.444742242726328,-2.9872834522295739,0.1910672055508739,0.1627929605460767,0.9736842105263158,True,1
-0.87131221183347674,-0.48907163271191356,0.040298481191700153,0.48903126192283536,-0.87219008994094105,-0.011527006158246717,0.040785467657166292,0.0096635958791907034,0.99912119412144873,6.4395548976961381,-1.3620141713339686,-2.8363860778188812,0.2254972591933463,0.179920137199788,0.9261538461538461,True,5
-0.41274843837768216,-0.91084239130504374,0.0022056333542590581,0.9108429518304173,-0.41275148430024183,-0.0011529565465993596,0.001960540138767921,0.0015331045809227409,0.99999690293155785,17.11346960663904,-5.4791624515350055,-3.1609935045370174,0.1765504758988426,0.1639715330118989,0.4761904761904762,True,5
-0.97867582994244773,-0.19897217022494162,0.051026418279537286,0.19820404234505959,-0.97996183915283241,-0.019747187199087961,0.0539330833954378,-0.0092124524517021803,0.99850205469757825,13.221147730236712,-3.7806780196829535,-3.0243374644314698,0.1479531868185635,0.1407812971289386,0.8405797101449275,True,5
-0.5929331012208473,-0.80437406106533771,0.0375859995462033,0.80507412457840066,-0.59313647653506252,0.0066913479878870658,0.016911280582865389,0.0342270373948695,0.99927099352488968,11.171844199911106,-14.187468215950833,-2.904699665231492,0.2224098088418865,0.2278163361612415,0.9381443298969072,True,5
0.53704058186318293,0.8136313545551398,0.22269133866592522,-0.84347450223522047,0.52161753754803086,0.12831955658189731,-0.011754893070550535,-0.25674727536450404,0.96640708766120009,-7.2451778198362033,3.4390916107401672,-2.4294337701228699,,0.5919827044436099,0.4285714285714285,False,7
-0.96384002380821621,-0.26166238108059736,0.050450042939636161,0.26139074216479907,-0.96515814843086634,-0.012026155995935733,0.051839062645020147,0.0015958836847934591,0.99865417674956536,5.673745281731736,-5.3022163465881347,-2.7858995334185357,0.168186770166789,0.1614306309916859,0.8936170212765957,True,5
-0.015528408074237608,0.98012464837961444,0.19777396740071243,-0.99966014029600103,-0.011075939468977102,-0.023599310758145836,-0.020939733667359194,-0.19807321172641609,0.97996353521461366,-8.3842403149351892,-23.088214614804684,-2.6083505852945588,,0.2580519014945211,0.6875,False,4
-0.558955521942755,-0.82899733199028436,0.01822492915471275,0.82907896613738008,-0.55911235761001765,-0.0046302782143587962,0.014028271393043168,0.012521785845469147,0.99982319060970226,11.316494410746403,-3.0957133273986512,-2.9601607226521605,0.1272270432935549,0.1576064189650591,0.9550561797752809,True,5
-0.84354209934476154,-0.53454167532128993,0.051980034414582356,0.53567218322868637,-0.84436861472603353,0.0098465517137787378,0.038626917402831445,0.03615023942310925,0.99859958013290118,-5.488758918261845,1.6881176251933172,-2.5155517206868576,0.3003906406532003,0.2635174501282463,0.9934497816593887,True,5
0.57780944148985347,-0.79488772496420579,-0.18517492817985504,0.81588595395927455,0.56854756447636168,0.10527951871073185,0.021595357305441584,-0.21191312283392952,0.97704988046344043,-18.004662387071981,1.262678628003816,-2.4674792118006672,,0.2594152052531637,0.3666666666666666,False,3
-0.98877573855910095,-0.13803160273485976,0.057182300437751368,0.13721022063748844,-0.9903771399899467,-0.018068645160819751,0.059126087216381427,-0.010019841904028853,0.99820023471180463,12.146623052362816,-13.947185622091084,-2.9476511404135528,0.1622031578422903,0.2064537349954953,0.8764044943820225,True,5
-0.98994986844146016,-0.13544284179104712,0.040675478857692154,0.12879339362769973,-0.98226691690944856,-0.13624964478143697,0.058408216293579264,-0.12964158496706524,0.98983914840575515,-7.3012709421826578,-11.525819455022852,-2.4903461297953813,,0.1428924194280864,0.3636363636363636,False,3
-0.16808869015847183,-0.98500940000539783,0.038764341111600473,0.9856853993699225,-0.16742307940419374,0.019844544635102643,-0.013057017644424037,0.041545088564405516,0.99905130994679647,4.6409015786844741,-14.757553573495819,-2.7552859217135435,0.236517369718384,0.2200877526859785,0.9666666666666667,True,5
-0.50662873457043134,0.8449781222531374,0.17128718055104233,-0.86068797879708148,-0.50730098216160324,-0.043149932237113178,0.05043340620816962,-0.16928581278841592,0.9842757668086759,20.931595221189841,3.7886566714507208,-3.3909187424264275,,0.1391022509234109,0.2727272727272727,False,1
-0.80708853063868013,-0.58891450075293983,0.042282555675033875,0.58954002466976363,-0.80773376714911205,0.0029530864326091436,0.032413932557946896,0.027310661105503641,0.99910132857789224,14.737982543149204,-2.3715118015811942,-3.0872504213381378,0.1858425169280842,0.2208812162904748,0.9896907216494846,True,5
0.28259846309988662,-0.91971160967329402,-0.27252277645316197,0.95784637992927046,0.25526095694045631,0.13180347612348203,-0.051656762480559004,-0.29828241465765376,0.95307879002526641,5.4093928708714074,11.273606368913654,-2.8893797553622131,,0.3152589561418211,0.5,False,5
0.64350672014138,0.76041664819583588,0.087553539502952984,-0.7648060855171942,0.64340928923165908,0.033107976173094772,-0.031156904351218664,-0.088266684978095616,0.99560948149072359,15.555307716549015,-10.324099052576138,-3.0803415231061169,0.1585709325741591,0.1827328141088695,0.8478260869565217,True,5
-0.86644144107834353,-0.49792578291226264,0.036730694157538851,0.49807058765342277,-0.86711743686295972,-0.0057480781819498235,0.034711941701070642,0.013314105280563919,0.99930866888260317,14.171931492506291,-8.8335250888458337,-3.0413879065432514,0.164613266735102,0.1205331249236147,0.5161290322580645,True,3
-0.88927876180561294,0.45259985868728131,0.065853258975768603,-0.45289761108460946,-0.89149227986289048,0.011192355369627332,0.063773330439380466,-0.019871659747471133,0.99776654557243549,9.2356966753922496,-6.3756214306579562,-2.8533743038765342,0.1389360602434425,0.1337563289210843,0.9473684210526315,True,5
-0.62193645988142388,0.69196626308197984,0.36657568199012125,-0.78131791138350437,-0.57963025615300512,-0.23145428815064101,0.052319797605497612,-0.43036200681328984,0.90113882497102382,-9.0930211721075498,-7.0824292811389187,-2.4079268307519528,,0.555891284467424,0.1949152542372881,False,2
0.84185900003060732,0.53090601055980213,0.097016658461021185,-0.53830638880563764,0.83890926298049029,0.080358448569921775,-0.038725390101333038,-0.11987517022722752,0.99203341058882377,-10.350446735975833,-4.2701413239678576,-2.351153367755705,,0.2795864729701283,0.4845360824742268,False,4
-0.64047907237371871,-0.76796540781816058,-0.0039610915144693698,0.76790738211930931,-0.64048239951914021,0.010027382154492507,-0.010237692023525632,0.0033805770054349538,0.99994187899154452,-6.3856365492113252,-6.3578031853841024,-2.5129345759153701,0.2725051068684976,0.2954565342970872,0.9902597402597403,True,6
-0.75025530448400002,-0.6598641167309236,0.041186472834409148,0.66053984860989279,-0.75078092097191573,0.0038880718849541324,0.028356418886050894,0.030122353086718012,0.99914391223310706,-10.900086442830233,-2.6153982066561898,-2.3290814588353301,0.2998767335108161,0.2581639447538005,0.9900990099009901,True,5
-0.99405235752597998,-0.090877372833926912,0.060010112513184638,0.090210076961679625,-0.99582794019013487,-0.013742472530133013,0.061008626534363772,-0.0082472203485213016,0.99810316643366759,8.0155756999145282,-7.4981182266417932,-2.7748651188064279,0.249812587027032,0.2160149929204012,0.9801980198019802,True,5
0.58808397212861518,0.8002083685938417,0.11757469352634245,-0.80863944622765871,0.5846168922298145,0.065767281562942717,-0.016108622847909003,-0.13375221924116459,0.99088387620245777,10.309380716476422,-12.469184533065924,-2.8722119302054385,0.1488128799684968,0.134378841676582,0.8641975308641975,True,5
-0.99513220214370812,-0.081269304839171691,0.055742267154947803,0.081174234163035514,-0.99669201460911383,-0.0039713627978261029,0.055880622443387803,0.000572804840301918,0.99843729293829753,8.25645416358579,-8.3118961564445826,-2.7932177495198509,0.2828364778611248,0.2506978616036553,0.9592760180995475,True,5
0.50577244219171813,-0.86088061969523133,-0.055486893520732043,0.85752128529225224,0.49469980605257047,0.14117133973393428,-0.094082314970189554,-0.11898176551348105,0.98842898454322259,-8.8109921260370605,-7.2867629425263134,-2.4272049144944279,0.5302362082214561,0.4613371703529224,0.6291666666666667,True,5
-0.91621324247773384,0.39394104407273944,0.073237613992524819,-0.39555754928186132,-0.9184023421465678,-0.0084476710297398984,0.063933711878522245,-0.036709559171677286,0.99727874175220232,12.819318900812723,-1.3730134535076428,-3.0076943828966756,0.1894574997745307,0.1799268077326097,0.875,True,5
-0.45142891397082996,-0.89115341444070928,0.04535997753285842,0.89228427383403053,-0.45119722484826252,0.015806294875831548,0.0063804623337513078,0.047609413143733875,0.99884565047884932,-7.5044257407867772,-3.9771589574184416,-2.5120141251295189,0.2991545033602073,0.2523536756231887,0.9883040935672515,True,5
0.85784521673252023,-0.51143468735798336,0.050360149882401888,0.50980018911500602,0.85925779173207617,0.042187848084733519,-0.064848680074770779,-0.010517029749818302,0.99783968691258318,13.538299802151229,-11.239876576613996,-2.993869145348155,0.1217587224954746,0.1152906626003825,0.4761904761904762,True,3
-0.93514697047552275,-0.35227053382570683,0.037491527157543746,0.35102172618021477,-0.93567189876425128,-0.036081097715622415,0.047790075956370241,-0.02058078864022219,0.99864535235439411,-6.2572071132853804,10.986874927030929,-2.4196400665416102,,0.237928157055576,0.4090909090909091,False,1
0.18509287697039639,0.96793478816423728,0.1698318955799363,-0.98153590274854097,0.17360328639046863,0.080306728049617679,0.048248300596269875,-0.18156030627833172,0.98219547783203021,-8.0592590260338373,-7.233887565054669,-2.4694095718203632,,0.1448177088751463,0.2692307692307692,False,6
-0.58976901958207006,-0.80748564770168185,0.011808145366563404,0.80754594614173447,-0.58980436712753548,0.00059446390685010883,0.0064844746320177546,0.0098862163177405038,0.99993010471515675,15.565004935676017,-7.4323410235875009,-3.0938097672998213,0.1403764585972113,0.1676177415148587,0.8793103448275862,True,3
-0.74294234926523295,-0.66848059192030562,0.034210581610591262,0.66872882492457753,-0.74348774363571046,-0.0052662869722185264,0.028955558762534667,0.018965054425392126,0.99940077162637397,4.6019971109217117,-17.794989315525445,-2.7531855722836718,0.1546839123812475,0.1705607240323826,0.8939393939393939,True,3
-0.89239273153998744,0.44487757819393331,0.075625082577826713,-0.44669711117475841,-0.89464761199550469,-0.0082061695612639929,0.064007058694551561,-0.041104631990124388,0.99710255524004687,17.549512934293645,-7.3640610470495442,-3.1412600740618775,0.2254788870390568,0.1757256890967165,1.0,True,2
-0.87789487791607013,0.46416991264102281,0.11767274759923974,-0.4755257279908921,-0.87398181907753569,-0.10015518928470002,0.056354816541810959,-0.14388214663656959,0.98798889798002887,-5.7764369814627479,3.9954296327606555,-2.4674700478553606,,0.3303948805337075,0.3709677419354839,False,6
0.8817249119194398,-0.46837382922108289,-0.056454723464362137,0.46546255858749147,0.84420282499140009,0.2658311434533715,-0.076849113552751758,-0.2606675015749389,0.96236514243234972,-6.9174471750287854,-11.718417314890299,-2.5049296055988997,,0.2899013981749968,0.1666666666666667,False,2
-0.35418136895073127,0.91888508095874699,0.17379806063251807,-0.93433468515209239,-0.35558270674118519,-0.024075605669510679,0.039676869961320138,-0.1709126872354732,0.98448697265734453,-5.5198250275939067,10.019116735679601,-2.4484041015662794,,0.2239240245026955,0.3928571428571428,False,4
0.64678147764878846,0.75297861547140088,0.12123087400998081,-0.76248732183487011,0.64193037635224648,0.080860843164982377,-0.016935294846520236,-0.14473630007374494,0.98932532527446493,-8.6873262892921677,-5.9867469830012707,-2.4312792523343023,,0.09643755430684825,0.25,False,4
-0.73526944761869351,-0.67713692735195286,0.029401037649348701,0.67721411486557748,-0.73573380372902986,-0.0087642841833510607,0.027565957725689389,0.013466687297567392,0.99952927236169309,11.290787486885776,-4.9130892225219105,-2.9475842378713728,0.1507805285121027,0.1863617851792027,0.8770491803278688,True,5
0.70726016571633665,0.68745595314555086,0.16488593170929644,-0.70585019750579636,0.6997056566958525,0.11039697762554149,-0.039478559648606054,-0.19446415215295723,0.98011485901168915,-6.6832446858924364,6.2207807848169585,-2.4100580435318881,0.4853715780353561,0.2672041522898377,0.282051282051282,True,8
-0.14099087167413266,-0.95761598144617532,-0.25118361049926702,0.98990208713760419,-0.14012395776112402,-0.021427420329435388,-0.014677601479253909,-0.25166825095795864,0.96770225765706397,-9.3481885679945851,3.5865040629038192,-2.3700645820983328,,0.3109949547313901,0.2727272727272727,False,1
-0.61826633805540909,-0.76779816046681737,-0.16802595041042306,0.78112760552279503,-0.57656178328803764,-0.23961672300142633,0.087099937530281168,-0.27939666217671488,0.95621708102644332,-18.203810683804925,0.8714183979473622,-2.4771576477888773,,0.2325051914701058,0.3157894736842105,False,5
-0.99668247354600359,-0.056259006590579627,0.058813018147862405,0.056337821023379413,-0.99841171291005293,-0.00031850643844878387,0.05873752504623718,0.0029959475053455711,0.99826896548474719,10.827091512378463,0.00059589100637427034,-2.9901205881965875,0.211632234451302,0.2053233662130119,0.9777777777777777,True,5
0.28839708185564189,0.95476284929122734,0.072491549786494483,-0.95749734176083867,0.28716242514422619,0.027140046171927369,0.0050954585738516613,-0.0772375763381032,0.9969996956385383,-16.030732408538579,-18.252840779718905,-2.3266139488497051,,0.2486171186648762,0.7666666666666667,False,1
0.50889370991096539,-0.85205641242958297,-0.1225849177129229,0.86076479823421448,0.50192557647286073,0.084585328533967372,-0.010542966084892819,-0.1485617236034103,0.98884693463959228,-5.3830712001575591,-6.5211137321454586,-2.521615196640274,,0.5434154122055862,0.1818181818181818,False,6
-0.75261221944974188,-0.65789206549144641,0.027438609628265109,0.65764802199274286,-0.75310054534752724,-0.018402384798983294,0.032770814819995886,0.0041950876815285559,0.99945408845798334,-9.3159892395086406,-10.741323318443202,-2.4061364746203466,0.2831844544789284,0.2405083605872774,0.8014184397163121,True,5
-0.9369962127827306,0.34358319293526762,0.063156050883722975,-0.34368327559099138,-0.93903640609472405,0.0096142658457124986,0.062609131201985108,-0.012697147754990269,0.99795735336186664,10.209100921982408,-10.067685783983084,-2.8751487458800598,0.07324631313887692,0.1401118438635674,0.8833333333333333,True,2
-0.57343602159283347,-0.81135471428744566,-0.11346654459936804,0.81911338333858774,-0.56528206619743537,-0.097516413342420338,0.014979798910361705,-0.14886138934960697,0.98874460422573685,5.1924533022438784,9.0612082777963909,-2.863899706571948,,0.3882648372418517,0.3404255319148936,False,4
-0.94668386937477034,-0.31973392233907383,0.039495194280849077,0.31906808281087545,-0.94746902275291933,-0.022316125448160515,0.044555695449664,-0.0085246600692838112,0.99897053018279669,8.6074104138820093,6.7029554021208533,-2.9318141357962109,,0.2096467040040183,1.0,False,7
-0.85737361751470442,-0.51442861651374316,-0.016543231289760894,0.51318840941581345,-0.85196589104935472,-0.10388347765524308,0.039346364902206332,-0.097556747589473969,0.99445188147478858,-6.3872991143985596,10.167752843601416,-2.4080553216100875,,0.450500929280962,0.3382352941176471,False,1
0.9529395493896945,-0.29794117913609769,-0.056011329067950567,0.29633347526790937,0.87645547558462289,0.37948948701298191,-0.063974109174023255,-0.37822857254935743,0.92349903100255937,7.3292984928634608,19.098104450831162,-2.9938984901196304,,0.7311194913938033,0.5333333333333333,False,1
0.84134465392651925,0.53572372428859349,0.071688663982709872,-0.53926050858310592,0.84097429779556276,0.044275662953265696,-0.036568800800091478,-0.075909957723741997,0.99644387755980712,17.166816169569636,5.2381441142591694,-3.2548942984552651,0.2383113303845927,0.0973168759368767,0.45,True,3
-0.90752079519753148,-0.41812151287166349,0.039754330052856356,0.41763452748138524,-0.90838936806590576,-0.020252344067387625,0.044580351495251205,-0.0017766425456859393,0.99900422211411322,18.929402806301432,3.6621091515966042,-3.2938734887212271,,0.1711019868428568,0.8461538461538461,False,1
0.80202828771580303,-0.55831319096169874,-0.21221924159185776,0.59407065836109629,0.70884234752543041,0.38029275463654377,-0.061892475940704197,-0.43107877140124062,0.90018909917257184,8.0996055614472731,4.3664253163311386,-2.900093339117519,,0.4769656732535866,0.4385964912280702,False,1
0.091414456339386385,-0.9953812998700925,0.029316634204853465,0.99540676175284259,0.092178324285035987,0.025856047430416782,-0.028438984315471753,0.026818359400408859,0.99923570781381532,13.078938625368624,-9.8639428617831086,-2.984986804597126,0.1071894427867245,0.1441401720245337,0.9508196721311475,True,4
0.46202433781047819,0.86698118290281789,0.186754222879219,-0.88673777533004128,0.4551965589322241,0.080574254814997054,-0.015153516869662915,-0.20282929085488099,0.97909685409452107,-5.3782967237876846,8.3247391202815297,-2.4505000115212838,,0.1752341314087705,0.4583333333333333,False,2
0.052522382486303455,-0.99462225498558443,-0.089263482036909758,0.9986029975024342,0.051793543878134569,0.010463373819998706,-0.0057838323900104675,-0.089688342051433972,0.99595308553312345,-8.9324846929768711,5.5720895726174291,-2.3685216141265983,,0.2599786054567289,0.1891891891891892,False,4
-0.64786469163796312,0.75271300059098689,0.11702341675989476,-0.75965500748225412,-0.64980937696233243,-0.025923796384040455,0.056529734971809735,-0.10569253688476854,0.99279075172509468,16.641805712832184,-4.1097560267072479,-3.1597388336924199,,0.1312605097573481,0.1666666666666667,False,1
-0.98734834943670446,-0.14781283593149422,0.057398627148260391,0.14806678168563556,-0.98897734965814166,0.00017327555080076662,0.056740329800540966,0.0086699133240975296,0.99835132472345556,15.666136405116211,-8.672505600258603,-3.0905216564371951,0.1846518582550701,0.1846560801389267,0.8596491228070176,True,4
0.68709722207670054,0.69283383516577512,0.2188119838216496,-0.72616309526147438,0.66485669740125397,0.17507921350341152,-0.024177809966102359,-0.27918962869380026,0.95993155210934811,5.7464330750085626,7.561048231425695,-2.8697896835058669,,0.1737524897717839,0.2727272727272727,False,1
-0.57398321028951116,-0.81818961409943303,-0.033302097314855249,0.81874674966072392,-0.57272695091864223,-0.040467265924878704,0.014036888036402701,-0.050493515140624112,0.99862574105767832,-18.004020441424615,-12.515282826322274,-2.4735447317644108,,0.2087314067961704,0.8529411764705882,False,3
-0.97978568202414895,-0.19526684914547371,-0.043484191670909958,0.19257825222777394,-0.86178799907560777,-0.4692920853990149,0.054163032313280485,-0.46817977559273033,0.88197169096098071,8.6683911103057643,8.1915606548069633,-2.9447679191833696,,0.7678771356850959,0.411522633744856,False,1
0.90626483670286995,0.38375086127381541,0.17725496390094753,-0.42036771346705293,0.8622643995620215,0.28247316814598333,-0.044441323454673907,-0.3305077634784882,0.94275637735845919,-22.609297348319025,-7.298280000565522,-2.4717534682380995,,0.2829066488051692,0.2857142857142857,False,1
-0.67416372452815498,-0.73819691378498931,0.023845104500608141,0.73831921966560199,-0.67443364203740308,-0.0048981997245938352,0.019697776592905267,0.01430311037791876,0.99970366540831224,8.8702483677433541,-14.462528831834646,-2.8040847194723448,0.1621809033420047,0.1082459225961419,0.4,True,3
0.08232620063812203,0.97167469591041189,0.22151903307820042,-0.99643662551717971,0.076162216511370701,0.03624042085863368,0.018342519358786825,-0.22371321396708843,0.97448240101096162,6.6520882134111696,16.07934745432938,-2.9614053723852196,,0.09306115548727734,0.6,False,1
0.867488657402124,0.47354289717743125,0.15238291837166393,-0.49480907307998556,0.85295445416702165,0.16623080434854437,-0.051258272272736008,-0.21960378787589999,0.97424163628648675,-5.8813394526107059,-17.140535976006873,-2.5626513832725553,,0.1767278048948501,0.2413793103448276,False,2
-0.99662355713867201,-0.051950426333054571,0.063581747066864577,0.050528138957344239,-0.99843954700359627,-0.023777681820590622,0.064717791446928893,-0.020484730485603328,0.99769333128329796,18.188173120311411,-19.368465206732949,-3.049978225627997,,0.252441026381626,1.0,False,2
-0.9763185439136759,0.1980784162732975,0.086988745346418678,-0.20482285294959607,-0.97576995628436336,-0.076945378824212735,0.069639785466857493,-0.092940483210900912,0.9932332892430944,13.85698687161514,-19.884508950508618,-3.0150214927238039,0.2636170958000191,0.1907527955239234,0.4642857142857143,True,3
0.47671281005086535,-0.87905570861510895,-0.0024408778332780101,0.87769017002521599,0.47581370604179807,0.057107640328394382,-0.049039394108366177,-0.029366278176823538,0.99836504322393338,5.8640144153185281,14.716158348817952,-2.9147971386959273,,0.2910069973664148,0.4545454545454545,False,1
0.18748119381814984,-0.98108804068384026,0.048135832720188058,0.98167731526947188,0.18884280276798665,0.025456718721271407,-0.034065387856943033,0.042481199016457791,0.99851634792840593,-14.545809715513817,8.3340482617454139,-2.3427180269756183,0.3409678277543971,0.2775557545780362,0.9811320754716981,True,2
-0.99317378269638901,0.098768973014760328,0.062052617464181968,-0.10009881800128359,-0.9948018855151699,-0.01869318619736101,0.059883754051432717,-0.024776976108331378,0.99789780912457915,16.88245066675135,-2.4525010232697078,-3.1708575489108815,0.1492952850546955,0.1795435414741012,0.7045454545454546,True,2
0.98264938053351991,0.16818221152710719,0.07819807326872745,-0.17722546623507751,0.97574755144397129,0.12848287811554501,-0.054693043934756956,-0.14011231058313903,0.98862389783385518,17.723589697356203,4.2651081880291253,-3.2678964025483239,,0.2390952072616794,0.2972972972972973,False,1
0.92522843842782143,-0.37604090239964366,-0.050453705977629014,0.37395182248317621,0.88134194011362343,0.28878438160375863,-0.064127772344954578,-0.28605877773495436,0.95606380775283917,-5.7488134735948062,5.9769078412785079,-2.4575369460202969,0.4105507441933616,0.4500751369593117,0.3608247422680412,True,1
0.38544641673679303,-0.92229593939075494,0.028306536490552352,0.92153166366623473,0.38632764497082123,0.039119606233193785,-0.047015451559115615,0.011006857618028838,0.9988335178597425,-15.040288668972835,21.128469532651575,-2.2948755051116199,0.3025619430140946,0.2714762310265429,0.9,True,2
-0.38970503073998181,0.91463372521598663,0.10758781396365734,-0.92037909228795645,-0.39087670811726488,-0.010850139658503167,0.03212966690067659,-0.1032499285662665,0.99413637734262283,-6.4588777453990618,21.062150748181175,-2.484126427367181,,0.2847452952304547,0.725,False,2
-0.92049659350874813,-0.38758048900785225,0.049672788116090397,0.38802775717400284,-0.92164742822234413,-0.00069116832451428592,0.046048680777030108,0.018638202477009445,0.99876530596888591,-26.527586042478614,5.2782201173894858,-2.1300446908622628,,0.1680943266873006,1.0,False,1
0.11071655312297254,0.96297175911219846,0.24581951919431871,-0.99371372937029301,0.10313545763733216,0.043544246909572606,0.016579171437432001,-0.24909530009676234,0.9683370604000201,-16.773709753807513,0.090925422311010695,-2.4807593864249493,,0.1545618331153002,0.28,False,1
0.11267498153223172,0.98875019603136927,0.098373768783353438,-0.99358212094268616,0.11112481408284486,0.021115033461664229,0.0099457267077505025,-0.10012155383823515,0.99492550322990148,-6.77929476904339,4.8174691226201265,-2.4176236348589382,,0.1081462933150697,0.4666666666666667,False,2
0.92198016466500132,0.37740293242792461,0.086715641951737643,-0.38446876336621744,0.91887077551861962,0.088658151872589103,-0.046220622669432665,-0.11508051308807656,0.99228026763986199,-6.0561179098643407,-13.972014025093237,-2.5295153964630481,,0.1641778869139652,0.125,False,1
-0.63048964817616893,-0.77417930081898767,-0.055939375453387841,0.7759495001991138,-0.62682689986320284,-0.070642839330199991,0.019625918664791457,-0.087945709339970174,0.99593191309710172,-8.3902185783330623,8.4657846374273245,-2.3742899393951902,,0.1984618989443051,0.1785714285714286,False,1
-0.22284568575640931,0.93311398342553353,0.28220222230784964,-0.97418532166771443,-0.2238759747310736,-0.029025970877536868,0.036093758282112975,-0.28138557509926654,0.95891574120937628,6.2092679594569749,10.469331300700365,-2.9096751202926803,,0.3174458261470309,0.131578947368421,False,1
-0.98231561110656929,0.16476334650354424,0.088933007512856183,-0.17634000133295219,-0.97378813500792027,-0.14366931491341917,0.062930470411583062,-0.1568110575397979,0.98562165567068771,-18.731681494185974,-1.0832277467869047,-2.4839393520134241,,0.09782825233250561,0.125,False,1
0.97210811931385166,-0.23398568722377172,0.016015696628823316,0.22578054563478142,0.95212651478488752,0.20610251103866806,-0.063474007096981339,-0.19673789166808503,0.97839933176850136,-6.7811004332241094,-5.2689138127093447,-2.5134128489909617,,0.3172055774206874,0.3714285714285714,False,1
