axis_00,axis_01,axis_02,axis_10,axis_11,axis_12,axis_20,axis_21,axis_22,location_x,location_y,location_z,dbh,dbh_approximation,score,reconstructed,number_clusters
0.58566098144372902,0.75016392542453958,0.30701026009893267,-0.80904852764087065,0.56410739281051547,0.1649949371910035,-0.049413507632108625,-0.34501729575221157,0.93729470866708908,11.068894028952078,-15.282246919944733,-2.960961772212086,,0.3199357333053359,0.4242424242424243,False,4
-0.89359638827690391,-0.44756898336032991,-0.03416869901346932,0.44820642085899715,-0.88554197884281027,-0.12217367968563218,0.024423332271417009,-0.12448858919981572,0.99192040608095122,9.7580308368299757,0.33018155967091944,-1.7307223424562457,,0.2566734965007109,0.9122807017543859,False,6
-0.84445442975178497,0.53491860797469226,0.027546304924740191,-0.53557759952182182,-0.84255723774790892,-0.057043281892428188,-0.007304174356654947,-0.062923635948929219,0.99799161573428863,14.591456830993593,-5.9707566181674832,-2.1888018566087659,0.240197511060501,0.2079880213662767,0.918918918918919,True,5
-0.99691376977601109,-0.078302024205150714,0.0056328177991737203,0.077813201681694144,-0.99509008772517837,-0.06116226741334746,0.010394290501361552,-0.060535198987645339,0.99811194182240925,-15.32410651257554,-4.9421547239470582,-2.2722929567960843,0.2625105226400918,0.2515777526471855,0.9431818181818182,True,5
-0.043491404534345385,0.99849621875787886,0.033373625182872145,-0.99862564366286088,-0.042470612365413718,-0.030709459523785163,-0.029245880916227266,-0.034663355456788822,0.99897103573522572,8.9769359921586496,11.058029870685752,-1.0963265126972124,0.2570812102078367,0.2417557623784777,0.7804878048780488,True,5
-0.99846045290600904,-0.055085256731674158,0.006506802097109016,0.054551849437159974,-0.99642036965776504,-0.064579738727148311,0.010040901638340699,-0.064125357089741403,0.99789133620469961,12.896216209724479,4.2507035509499156,-1.523985898582813,0.1495183178640074,0.1387115161674354,0.8775510204081632,True,5
0.30083767329843109,0.93261574885140242,0.19931020876695005,-0.95328975566097574,0.30001797758403953,0.035040760240343242,-0.0271170808942429,-0.2005419609974968,0.97930974967221418,1.9415390752277875,22.882937131515526,-0.523532304909063,,0.2450598133664596,0.5714285714285714,False,3
0.16721354555022847,0.97209553421023442,0.16452933645110485,-0.98550994269556114,0.16961672385560672,-0.00056554105356294848,-0.028456686959554368,-0.16205073081294655,0.98637202799464874,-6.6640521289337373,-16.943506105819889,-2.8763593602881947,,0.1742207820533304,0.3636363636363636,False,1
-0.88085443275510911,-0.47332279498101576,-0.0078102526869431145,0.47292216672589138,-0.8791381465664595,-0.058828084032868565,0.02097838208640055,-0.055512620214228189,0.99823757517035361,-4.2948252371856581,-8.2762050845514086,-2.3982036757911303,0.3185402156488244,0.2406141088254664,0.9591836734693877,True,5
-0.85344980894620304,-0.50149579478461059,-0.141863989169347,0.5172209311149174,-0.78152697603409138,-0.34885253925925008,0.064077546974794411,-0.37110315755105094,0.92637817031131098,4.9087214037615796,11.427644942874627,-1.0966420976167139,,0.6627990656737242,0.3130841121495327,False,3
0.15664120139148194,-0.98764717887419184,-0.0040723566252025192,0.98732036113483257,0.15669412360041632,-0.025405828419509013,0.025730109117864296,-4.1121127887029825e-05,0.99966892509162042,22.528541897025384,-3.6337124640190317,-2.0743935730396057,,0.241891241513834,0.9090909090909091,False,1
-0.93891358531606339,0.33780611891173679,0.065789857384901715,-0.34415275169906345,-0.92137338180418726,-0.18063768931393975,-0.00040349336918399327,-0.19224494096986308,0.98134689068881031,11.021919073448295,-35.144844867278167,-4.0371024691360304,,0.2674321568008677,0.2380952380952381,False,3
-0.66109467859062043,0.74989791681996787,0.024636158146857753,-0.75014640693666268,-0.65993104467448105,-0.042087818129044406,-0.015303401555846516,-0.046304758113189834,0.99881012974283556,14.720541022817473,6.2626076598143987,-1.4129077523704245,0.1006847932235889,0.1009421275393774,0.7037037037037037,True,5
-0.53199020530459185,-0.84625782766707514,-0.028880972493684747,0.84609956375037976,-0.52993478114675052,-0.057311918065644278,0.033195627443919379,-0.054925557285735435,0.99793849182976013,10.497205758078898,-18.90731596107122,-3.1393418495216192,0.2460821858544731,0.2041201608539561,0.4838709677419355,True,5
-0.93653043293643956,0.34991625552798766,0.021664770969434539,-0.35058454187069532,-0.93454061750979767,-0.06102715154521119,-0.0011077839142556571,-0.064749118462567062,0.99790095925052658,12.867910516138553,-3.2941150622426831,-1.9762140563836224,0.2611917131071063,0.2356218150646353,0.75,True,5
-0.93840057885058237,0.33386637768509464,0.089093184163122716,-0.34554638858500553,-0.90559809713505324,-0.24594670113914963,-0.0014307161670996786,-0.2615823547504752,0.96518009963656237,15.214629405127464,-17.080053988550581,-3.0236225023589149,,0.5379004076887655,0.4526315789473684,False,1
-0.99599393948118986,-0.089130808627857439,-0.0071952394043126163,0.089320048265772778,-0.98782835048092499,-0.12734629544645942,0.0042428168168274815,-0.12747881761093155,0.991832218455309,-3.1676931965403123,-8.5367844061872624,-2.4335615653063027,,0.2866803649360756,0.2974683544303797,False,5
-0.082222969842308841,-0.99624156917530438,-0.027241862591172856,0.99626232785201785,-0.081437197000073958,-0.028798559818997156,0.026471821493580346,-0.029507944555606024,0.99921395300251592,12.014358664432311,-17.670931555035139,-3.0567367478088454,0.1543723783369725,0.1858276706776609,0.5333333333333333,True,4
0.62533331085073773,0.76741547469748839,0.1415335279546252,-0.77968949573719315,0.6219399129050126,0.072629435993865427,-0.032288396948995705,-0.15576981071611334,0.98726552937491441,11.495221482616861,-8.1017580388550616,-2.3798742168292826,,0.1456191401387116,0.25,False,2
-0.47599466966887516,-0.87337972473208536,-0.10313549764132662,0.87821283813941331,-0.4658325342579055,-0.10836171350607746,0.046597053275225613,-0.14215451612158897,0.98874709009549133,10.440667449863223,-9.5396324585024708,-2.5844352227814782,,0.1896502649596542,0.5428571428571428,False,6
-0.95263379669042925,-0.30407902716620466,-0.0049794217367867639,0.30367606124466784,-0.95023216214854833,-0.069567865034228224,0.016422522038441575,-0.06778483057550766,0.99756479364187034,17.679820434294196,2.9183173180108755,-1.5951799433362188,0.2956498308675256,0.2598677208152649,0.9818181818181818,True,5
-0.99683499786368857,-0.079234102406818677,0.0064764226148837853,0.078748652672744293,-0.99531407422068163,-0.05611188252461443,0.010892049225389618,-0.055424278741490161,0.99840348185974304,-5.8151777458155296,1.9202798595852768,-1.7278935768671184,0.2741911922877139,0.23396057418116,0.9662576687116564,True,5
-0.99162278313308705,0.12839181397639474,0.0141349947025716,-0.12897812982603948,-0.99014624946381746,-0.054543988663407039,0.0069927103449394477,-0.055910167023425897,0.99841131565374619,-10.151970285228254,-0.4113031700668246,-1.8663815101818944,0.3119054448956341,0.2721134985385033,0.995850622406639,True,5
-0.21257298693525656,-0.96420215362742734,-0.15851476955051785,0.97650539862220276,-0.20375054144830343,-0.070163546954354325,0.035354372956056521,-0.16970540297749431,0.98486046956567919,4.3190327062010585,17.482531707379216,-0.78357129611720544,,0.3088402090305359,0.1232876712328767,False,3
-0.2680813939264225,0.96254221166391229,0.040556836607534542,-0.96305011697904919,-0.266619098470668,-0.038062166482329546,-0.025823214693498481,-0.049262024885628787,0.99845200910562604,-6.65550462086859,-15.018988733880265,-2.7639043703006134,0.1880023135626279,0.2084082196324439,0.6666666666666666,True,5
-0.94436342008548901,0.32762709275367929,0.028952010261994267,-0.32890253644010548,-0.94044679911619278,-0.085924033630721236,-0.00092321595723088897,-0.090665903877258355,0.99588093743500106,-8.2998083274367591,19.683293870500517,-0.71958271682034802,,0.1052994627611618,0.125,False,1
-0.99923035862055765,0.038410405777898275,0.0079580863911119654,-0.038801645639101164,-0.99762793131060545,-0.056858974354270647,0.0057552329864934693,-0.057124000182928243,0.99835050252722957,-15.353518072368423,-1.4170999683138776,-2.0308407963630311,0.2839057782165436,0.2617620857650474,0.9230769230769231,True,5
0.97667519431071792,0.20619368606519675,0.059914344233823545,-0.21358871190022782,0.96156422230995442,0.17255175606830195,-0.022032407197661582,-0.18132404749591347,0.98317656747543403,7.9644107279848555,-7.5098287255125244,-2.4008935218471663,,0.7173137497377594,0.2727272727272727,False,3
-0.85385321922386692,-0.52036586880196523,-0.012411390212837964,0.51995756720120234,-0.85159605755844214,-0.066545345901325062,0.024058435760598067,-0.063273354082864219,0.9977062064214387,12.641266146653434,-13.786320239466312,-2.8705544057604975,0.2093618465508699,0.2388285006133029,0.9101123595505618,True,5
-0.95444789638370775,-0.29837382058045209,0.0015087348808553833,0.2964452846794306,-0.94882912343338355,-0.1088277892634508,0.033902894862355488,-0.10342319718932903,0.99405947307145104,10.034816852323772,-6.2297837904739941,-2.2638526125305218,,0.388206817978817,0.9380952380952381,False,8
-0.83504181201503813,0.54934870919696133,0.030350747771275822,-0.5501439138242693,-0.83301950154052051,-0.058482340371257761,-0.0068444334139575423,-0.065532478640878147,0.99782696294218598,-17.325252007045545,4.4234188579371034,-1.607484253770022,0.284604968333318,0.2415788950998454,0.9746835443037974,True,5
-0.46858368575493592,0.88261542080723743,0.037674240504384976,-0.88297035088141329,-0.46656044049724649,-0.051814233829804227,-0.028154731550372212,-0.05754454201988532,0.99794585863915886,12.294855155562441,-19.953757650922203,-3.1656366592995822,0.2373802303418609,0.2553111538558818,0.9090909090909091,True,5
0.71245901134512868,-0.68611968063182038,-0.14711200155939388,0.70132152124777614,0.70324523362062863,0.11659444765756792,0.023458068714780254,-0.18624157763388147,0.98222390205727339,11.330072523014483,-3.7916216827423308,-2.0017276579015468,,0.2376584463466833,0.2222222222222222,False,4
-0.99450255951366973,-0.10435750597124599,0.008612204608718789,0.10354932748038075,-0.99234932470778303,-0.06723358186479117,0.015562644348630545,-0.065972181254450354,0.99770009291440365,14.599402486543841,-1.0635128737429902,-1.8459991994614242,0.2253911468846531,0.1060991950255198,0.4642857142857143,True,5
-0.98963637955601225,0.14264857409978363,0.0164687755029694,-0.14352404438494595,-0.98624555433302097,-0.081978992685572072,0.0045480702123786836,-0.083493058787252245,0.99649798002388956,15.353948671658953,7.18400535329737,-1.3708166410242002,,0.1093467410316675,0.2272727272727273,False,1
0.99993298787970009,0.0062326755349264252,0.009755690936607225,-0.0061342931699478066,0.99993035685516563,-0.010082256037491674,-0.0098178509501521093,0.010021736135856673,0.99990158246076544,-15.566016241964631,12.03674504649163,-1.0537906398253378,0.1723332126821285,0.2416623171552147,0.896551724137931,True,5
-0.9703451948622317,0.2412058058978554,0.01581018687249839,-0.24172275387922015,-0.96841622472932753,-0.061156569050614049,0.00055952195952887031,-0.063164664822689037,0.99800296194601246,-21.389672494617678,-7.7008711787141531,-2.6209824858487702,0.2885959506588913,0.2707461500691388,1.0,True,5
0.17832196424688587,0.95342135952651708,0.24328787118502276,-0.98372953464596613,0.17823348649894105,0.022561625731838217,-0.021851309625834228,-0.24335269772295468,0.96969169573560665,7.8930160368339228,12.197691486713557,-1.0411561551192283,,0.1646691267965647,0.3478260869565217,False,4
-0.88796914733387089,-0.45987451497255999,-0.0051209239314912863,0.45941341142909392,-0.88645516216507647,-0.056005025399256461,0.021215814437383823,-0.052083355783224816,0.99841735425027434,-13.603396439495775,7.0692516131745986,-1.3600069445060203,0.3095158422319533,0.2877864398307051,0.9493670886075949,True,5
-0.24228611722331303,-0.97012830881423495,-0.012186133024222265,0.96983151547236723,-0.24182537336606533,-0.03077857035237044,0.026912246235194004,-0.019275716162989745,0.99945193869889559,12.500927455000596,-1.2631741034338295,-1.848315991635153,0.1391478088263482,0.1222018096006908,0.75,True,5
0.95353645924356167,0.30052899403009681,0.021226036853579648,-0.30071109298402315,0.95369698465000907,0.0059076243816803681,-0.018467794930794812,-0.012016039977407515,0.99975724820261025,11.96539300521624,13.094235428987773,-0.90550967432632745,,0.1006861935679167,0.6923076923076923,False,3
-0.59552348435616254,-0.79303466150792745,-0.12824899698361239,0.80328851439298765,-0.58607928991612113,-0.10601239821701662,0.0089074252510651167,-0.16615381903050744,0.9860596159446825,16.012947937362132,12.097477847045688,-1.0290927569605126,,0.1912627435789056,0.6060606060606061,False,3
-0.82036343151465929,-0.57173923237912894,-0.010866940324453178,0.57144325416378872,-0.81893265609982469,-0.05293309025538584,0.021364632086486746,-0.049634211304392765,0.99853893142130346,8.0486751708423494,8.9810519298334004,-1.2419219800965509,0.3144380686273556,0.2654229157936164,0.9259259259259259,True,5
-0.80053843145242443,-0.59845757854322179,-0.031412520622747582,0.59851567619827672,-0.7957674685426408,-0.092374895692264092,0.030285394377667734,-0.092750540124682535,0.99522868336577208,12.487004466168342,-15.801466951580103,-2.9633838254162073,0.2575945201784257,0.2199522327712231,0.7931034482758621,True,5
-0.98980129232579384,-0.14161156220236407,-0.015477957255233394,0.14245385538480199,-0.9835159593653322,-0.11136990957927981,0.00054844889896134806,-0.11243897511226709,0.9936584806056401,18.44645863337017,-5.3116659645177604,-2.1828423914068553,0.2289099568827903,0.1620222766637947,0.32,True,2
0.55120110759063878,-0.7971674375935941,-0.2463765724075965,0.82555004669233822,0.56388136226630803,0.022470640733420262,0.12101429418515235,-0.21578203291552214,0.96891364675791092,10.254020954009263,-8.4177140406975912,-2.4836465941645138,,0.5527139532219436,0.389344262295082,False,5
0.81072688006945948,-0.57115856841894974,-0.1284516082205846,0.58234470120237158,0.76433214116361803,0.27689533576020892,-0.059971450827535758,-0.29928960507484026,0.95227577800749796,5.487872788292731,7.4546694564654334,-1.358522470644991,,0.5054143531848292,0.2857142857142857,False,5
-0.88897569157667877,-0.45793113705079219,-0.0046144886101378828,0.45742500498089689,-0.8874186292076639,-0.057013519040809722,0.02201328244472206,-0.052794414994000609,0.99836274226427812,8.8628215902166261,4.5976063652262527,-1.5027692549812999,0.2805420176948059,0.2099308178541043,0.9636363636363636,True,5
-0.92496895206217178,0.3792951640717524,0.023824697958008279,-0.38002945152953399,-0.92259445064251611,-0.066310599558412536,-0.0031707556149118336,-0.070389332681997832,0.99751455535917577,9.2160933795692728,8.2470096241905289,-1.2730692279449578,0.2652899014891344,0.222530438747246,0.9259259259259259,True,5
-0.99422240837367504,-0.10718921065803481,0.0056811799968729988,0.1067281308749267,-0.99281419711241059,-0.054120939496508473,0.011441536941948558,-0.053201909087434329,0.99851822622416808,-9.7783671889458699,-14.011393593089833,-2.7805662568619525,0.2381281407598217,0.217354898505154,1.0,True,5
-0.68834962534741395,-0.72532361756752417,-0.0089690067919646656,0.72492086328398941,-0.68742280998410143,-0.044041143140903002,0.02577858141307008,-0.036817524527343409,0.99898945671513872,-25.099911748485415,5.7989242886970036,-1.7327962237234107,0.2693923934672634,0.2565714679518371,0.9285714285714286,True,1
0.96029457017662778,0.27326924361953936,0.056198389486635289,-0.27792233004454536,0.95460705209869012,0.1071660139506046,-0.024362203346528187,-0.11852972865511484,0.99265159369894151,10.942718358684511,-3.6795135716320733,-1.9971407780785055,,0.5823197901589559,0.2733812949640288,False,4
-0.97627706237876932,-0.21651557530970469,-0.0020256162982409268,0.21609881009803183,-0.97372586463313693,-0.071827883295172035,0.013579460493512876,-0.07056164817206069,0.99741498487838431,-4.7697667111263904,-12.617136099108984,-2.6431484128671587,0.1858978501658859,0.1796098265496291,0.8403361344537815,True,5
-0.93688629342324403,-0.34962037516903505,-0.003109093488201241,0.34926342384879322,-0.93544633434572655,-0.054361901370002699,0.016097638245206405,-0.052016812914736942,0.99851645816036494,-6.471497820228203,6.072310723095101,-1.476262879767507,0.313503861707744,0.2545584627708404,0.967032967032967,True,5
-0.041042140558316689,-0.99901401297617276,-0.0169276275844253,0.99873536072923819,-0.04052653718097278,-0.029753638654134704,0.029038283823824184,-0.018127373261585544,0.99941391645864375,-13.525891951093268,-17.039004610940619,-3.0103320279720154,0.2570003963512542,0.2266616575488166,0.75,True,4
-0.97352772341029303,-0.22856194082387579,-0.0017919147286473815,0.22810218372895175,-0.97100896499467515,-0.071491144053326627,0.014600189370525013,-0.070007350376892929,0.99743962492150473,4.8900218852690411,20.967258947771249,-0.5679417966366439,,0.1462269650028241,0.75,False,1
-0.57223971774170868,-0.81938565406256203,-0.033894768849427027,0.81970679649710876,-0.57022869542323207,-0.054037049256652821,0.024949413126092581,-0.058705918205795661,0.99796349730452449,-11.960062464386933,14.456509077848922,-0.92950343820646353,0.2836601466260171,0.307493561709265,0.8690476190476191,True,4
-0.70232204674667642,0.71137724522325863,0.026194610745870754,-0.71175157401402545,-0.70109981650623376,-0.043228973888859955,-0.012387071571503169,-0.049004716849440952,0.99872173210779269,-10.522192524717024,4.2542981930608006,-1.5706293641167235,0.2542733947763876,0.230103781462012,0.883495145631068,True,5
-0.92395544590327461,-0.38248248852530992,-0.0036715061169714279,0.38207232259049378,-0.92242573697325214,-0.056138222982733264,0.018085195492075396,-0.053271997717745267,0.99841625585883487,-4.5135976844956698,-4.4876186588853715,-2.143459579463594,0.240211193611453,0.2120772466298372,0.98635477582846,True,5
-0.86907696412345381,-0.49122107922968283,-0.058370212869118414,0.49467531536432785,-0.8627046369782353,-0.10505732580574473,0.0012501196596872268,-0.12017720522909932,0.99275166912182,13.6879001170051,-7.9053128960932817,-2.3090986178266268,0.2084293378624519,0.2432425511804424,0.5,True,4
-0.31952221449010754,-0.94557168851830697,-0.061642001265171602,0.94730018827372653,-0.3171743415772586,-0.044975441538634621,0.022976243032757793,-0.072764132082161245,0.99708448655990511,-4.3659522534082331,-1.3492904290579193,-1.9332958437667744,,0.0744929150825212,0.1925465838509317,False,8
-0.99760976391478551,-0.068802575316741096,0.0064003571517966124,0.068285110248031855,-0.99579209851375516,-0.061116611947875633,0.010578405376072811,-0.060533479722854541,0.99811011174736797,13.603655438893384,-0.31058149544637648,-1.8009760083134174,0.2691977699321123,0.2034737721407001,0.9714285714285714,True,5
0.99858748662600716,0.053093643975834146,0.0020239869863448567,-0.051471951282546211,0.95723351456874695,0.28470096033826775,0.013178383251397769,-0.28440299498375887,0.95861424288352159,11.332038328052311,-15.564487294158306,-2.9754116568489604,,0.4156461443091134,0.4761904761904762,False,4
-0.37457353614860345,0.91687601799280538,0.13796026111452681,-0.92719373056393228,-0.37081016405605999,-0.053024600287581991,0.0025400826897562026,-0.14777750120493799,0.98901736997767387,-3.072701667780251,-21.241487530377924,-3.1923520473210854,,0.1782402218230629,0.6190476190476191,False,5
-0.99797902216010814,-0.06262440330173881,0.010772903018978427,0.061887659014825978,-0.99635053220015202,-0.058783795778595722,0.014414887790745606,-0.057998285281344097,0.99821260757135555,14.859381282992292,-13.670849845184197,-2.8042499208821692,0.2197698525088166,0.2270933976097826,0.8939393939393939,True,3
-0.99333949661774945,-0.1150031753370197,0.0071354132044692698,0.1142892895117749,-0.99126078413995933,-0.065878798783271741,0.014649326335689671,-0.064624511515645425,0.9978021195353689,-7.4240964911571199,13.055267095195715,-1.0067404639219943,0.3053353650882301,0.2560102289751661,0.967741935483871,True,5
-0.98170247237581576,-0.19038488269070059,0.0037218508913592434,0.18992473990455169,-0.98036620299039057,-0.053016046687695197,0.013742230655819821,-0.051339112546397156,0.99858672463614773,-7.2775549871759564,-6.9304426179352889,-2.2934876337187142,0.232023283116517,0.2125235219115845,0.880184331797235,True,5
-0.5632875573991214,-0.82608046971622995,-0.017268040790570156,0.82582454045188558,-0.56218794833867369,-0.044255385324114584,0.026850625072138166,-0.039188879751354433,0.99887100049859789,12.013561710430771,-2.3898228142729545,-1.9147098621240393,0.2249353302212354,0.2104952550541872,0.8515625,True,5
-0.84549730119455924,0.53168443165894463,0.049456837790358442,-0.53392851776779593,-0.84050005911096237,-0.092086853289457038,-0.007392671168228046,-0.10426560202662365,0.99452201214805935,22.802445732034222,-9.8168608902912968,-2.5326792722056166,,0.1890799138838885,0.6190476190476191,False,1
-0.98225700768207425,0.18687772107290943,0.015744466521728021,-0.18752543091729387,-0.97975314543656733,-0.070128359216774711,0.002320262644870535,-0.071836560146972692,0.99741371807666157,16.504883235639348,-6.3362457109334391,-2.2363294805204936,0.178913083305366,0.2174107240418711,0.9259259259259259,True,4
-0.95678876776156563,0.28851549596017506,0.03624999967114826,-0.2905359353572971,-0.95366236585354169,-0.078211010866027955,0.012005171859018657,-0.085363344273052116,0.99627755936945372,19.273630685252492,3.5554891210210644,-1.5755027340867669,0.2791985294129095,0.19279912635217,0.25,True,4
-0.92560093126258569,-0.36374601719032817,-0.10465061406417091,0.37771173510765949,-0.8698195725438358,-0.3174078706989184,0.024428696399847141,-0.33332078572725315,0.94249694566845776,16.014718578651035,-1.602967563611061,-1.8959089580380035,,0.3139751749360561,0.1071428571428571,False,3
0.97198455480630253,0.23466476174134332,0.013359446652918692,-0.2345805443160606,0.9720671479145403,-0.0075781378762666551,-0.014764601124796288,0.0042319667023207903,0.99988204154863003,-8.7875328487513027,-26.458394602384747,-3.5061236818574675,,0.3286561403713543,0.7307692307692307,False,1
-0.97872429341795286,-0.20423493308683732,-0.019668492076008851,0.20470142010973724,-0.96540341372068916,-0.16153506548578628,0.014003073897750181,-0.16212446108917505,0.98667095479595379,1.1555943959034336,26.033647272190279,-0.39220615231828793,,0.2054205214582452,0.2352941176470588,False,1
-0.30709311848935067,-0.86360411563929018,-0.39985215771252869,0.95124612639349182,-0.265867730639121,-0.15634947018196499,0.028716260164981564,-0.42837166252645975,0.90314622024700608,8.2666783122825507,6.0664706969032114,-1.4371127489175823,,0.3982357798451415,0.3018867924528302,False,1
-0.83471759839361215,-0.54607276312266961,-0.071070868206134119,0.55022883705127523,-0.82184804154785629,-0.14769571246706903,0.022243151961946567,-0.16238945156483095,0.98647600488368292,-17.502246553605314,-19.988928075724857,-3.2743702166201252,,0.2555552638536188,0.5,False,1
-0.32922325813809999,0.94397373980386989,0.022926510018532326,-0.94397227736420275,-0.32843759582710458,-0.032327777763912956,-0.022986645444156524,-0.032285046198007004,0.99921433632790602,7.0607536340095702,12.765170239424538,-1.0236052777688869,0.2594781697887897,0.1997574985246673,0.8703703703703703,True,4
-0.19170362411992592,-0.98109475196128693,-0.026510529479952,0.98103769594560308,-0.19076702551026226,-0.034248811829177037,0.02854399469292266,-0.032573450108764716,0.99906166512131922,19.201461034436637,-18.250967310589203,-3.1030300522231009,,0.2807759432959488,0.9375,False,1
-0.99679691405284876,-0.079720196603525528,0.0063720003306867237,0.079293875818789814,-0.995544616205014,-0.05102350833535086,0.010411214739567524,-0.050354815049888757,0.99867712460481428,-14.286785340744904,19.625857493507635,-0.73317578090887059,0.2670684840066992,0.1948429577993214,0.3157894736842105,True,3
0.99714285433512972,0.074456721987452831,0.012740667143998153,-0.074883164842218908,0.99650093632864134,0.037126749377707012,-0.0099317506817319448,-0.037974734324615587,0.99922934298456811,7.1205453251535262,20.047382703699434,-0.55648353849433274,,0.09617390367565848,0.4210526315789473,False,3
-0.00020987879708391649,-0.99771335877946166,-0.067587052487109667,0.99974893172348844,0.001305010203512277,-0.022368962115222029,0.022406014117509709,-0.06757477829318799,0.99746259071204879,-14.454903710665159,15.847052964700749,-0.84610418641915885,0.3190439421590167,0.2570578325220825,0.5,True,3
-0.99578330675321647,0.088893848424236976,-0.022660311206123294,-0.08262167919313132,-0.97639500141412638,-0.19956567676034895,-0.039865575612762022,-0.19685193655597491,0.97962240223222019,-17.90092380635004,-12.843177554799466,-2.9076824687268452,,0.2053644117462651,0.2,False,2
0.019513492369049357,0.94108552766185138,0.33760517359924741,-0.9991898766538464,0.030243122443964765,-0.026550780352213341,-0.035196789740474625,-0.33681357331653716,0.94091328124419149,4.9383671434321448,8.6671714592474114,-1.2936640799812755,,0.4113478246618463,0.2903225806451613,False,3
-0.90236909634024243,-0.43080927448197998,-0.011549155397933178,0.43050736214271929,-0.89985574013542868,-0.070164507311315433,0.019834946710627136,-0.068286279483010554,0.99746857540644185,19.891361666853726,-10.00562051626228,-2.5818961342783942,0.2614262709358609,0.2302279343510801,0.8409090909090909,True,3
-0.99928513762846904,-0.037776782680138336,-0.0014589054762085777,0.037670212065840439,-0.99172703203302559,-0.12271287242127808,0.0031888615155771013,-0.12268010688495445,0.99244114310972131,14.586667029120811,14.852138461948657,-0.80329400637706871,,0.209572422126515,0.358974358974359,False,3
-0.16452461700402438,0.98605953981846817,0.024864318463809106,-0.98604000207706499,-0.1637618781717835,-0.030119122854290165,-0.025627420930342541,-0.029472549781798384,0.99923701097678441,15.460560218673066,16.74057776050385,-0.72313578171765103,,0.3065624457343595,0.8863636363636364,True,1
-0.2957060016949134,-0.95388859868978437,-0.051521857994916896,0.95485112188885446,-0.29352928602812184,-0.045824592430466882,0.028588382066938298,-0.062746310915156978,0.99761997016766579,-17.24733770944103,8.0858879416178748,-1.3378890446273419,0.2513669210204892,0.224792679128537,0.75,True,3
-0.94441386182786169,-0.32865195897626254,-0.0083873385796489029,0.32840109626228942,-0.94188870852201967,-0.07069922724082095,0.015335500028081341,-0.069523741411028961,0.9974624162438912,-11.90927541798769,-9.6495866315262937,-2.5164334800073949,0.5190522772999103,0.28573574611898,0.9594594594594594,True,3
-0.89098801992312671,0.45201557533071046,0.042688031248974877,-0.45400132390250542,-0.88599505209679907,-0.094316305879544815,-0.0048110547948644463,-0.10341512132390566,0.99462664675410928,-9.7123086365982321,21.605405709706574,-0.62957341883490969,0.2476932463934223,0.2582496730979259,0.7948717948717948,True,1
-0.56646415242381398,0.81570702267601947,0.11721952557399455,-0.82400497278986451,-0.55864961083108466,-0.094479718119031469,-0.011583127226428326,-0.15010884542657832,0.98860162132597929,5.2474882871470578,9.8678649237299361,-1.1923269212343179,,0.2102274839882027,0.2388059701492537,False,2
-0.26267160449188054,-0.96110198471392716,-0.085361602448709495,0.96445843216904881,-0.25889469080021371,-0.052853303524783721,0.028697749244187828,-0.096210779304671271,0.99494719715867663,-29.438119012751866,-5.1635640239988909,-2.5051712807371085,,0.2229567837930529,0.85,False,1
-0.85612830706004484,0.51626211338850481,0.022754167313611764,-0.51672372660135524,-0.85468743350687659,-0.050059777992283769,-0.0063962659191988845,-0.054615211114335836,0.99848698864693652,12.342930973910242,11.708981823274112,-0.98806027434251054,0.1965217346667683,0.233409476943188,0.7954545454545454,True,2
-0.2774209724836918,-0.9597477257257514,-0.043839559651667116,0.96033242820298781,-0.27566928650937556,-0.042048446073158031,0.028270680358955018,-0.053765671572678739,0.99815330545582159,11.265759203316833,-22.963048972581174,-3.3904495628608289,,0.2429217532808798,0.9523809523809523,False,2
-0.61736580151734366,-0.78345835625850258,-0.071080736670161487,0.78621784354992519,-0.61139822196152727,-0.089742502004282326,0.02685087709094814,-0.11128889518280004,0.9934252927162861,-18.629280946304796,-16.192708784495657,-3.0652681545199236,,0.2792353228329221,0.6129032258064516,False,1
-0.74637551867007546,-0.66534880416248654,-0.015315153591280401,0.66506895154321766,-0.74481469337587358,-0.054169753780207545,0.024634829473343504,-0.050616611215608898,0.99841428467638971,14.960947248624826,9.8301404081085835,-1.181339412838238,,0.09011934010632322,0.6428571428571429,False,1
-0.03195890092504601,-0.98946496243140947,-0.14120098006838791,0.99910609920547089,-0.027715216168510387,-0.03191973250454988,0.027670041237634186,-0.14209487996878323,0.98946622676297857,-16.628103239779577,19.056454359800643,-0.7509430940001125,,0.2524078498548333,0.3333333333333333,False,1
-0.99990858413236949,-0.010638435047044171,0.0083454824995830307,0.010220917534663143,-0.99876748582679387,-0.048569971175369979,0.0088519050577060276,-0.048480232620898969,0.99878491719782891,-24.596529438349286,-3.9531065976253186,-2.3946592638177995,0.2349348191497013,0.2656306401905386,0.9795918367346939,True,1
-0.83619031527370324,-0.54837393005412516,-0.0084728672512845368,0.54799011461090663,-0.83478041997158103,-0.053371197483256812,0.022194389633197618,-0.049271525946174025,0.99853879534034407,14.123417880012397,8.601760999353063,-1.260200755855488,,0.1158782086584737,0.8333333333333334,False,1
-0.6254731929950107,0.76618854133005998,0.14743949260337277,-0.78008100438839634,-0.6101930001503334,-0.13834062729337934,-0.016028457100304871,-0.20154310135067741,0.97934849101886789,9.6682328346682134,-19.87738186964469,-3.1983122603414147,,0.1834384712370111,0.4,False,1
-0.97510863814846471,-0.22172253422534924,0.0015038699860308083,0.22125784152182928,-0.97346149737421606,-0.058460933066882791,0.01442606576122547,-0.056673017800698007,0.99828856433398783,10.707531863475166,13.60736431326654,-0.89293605133968212,0.2179681389007881,0.2183418277211561,0.9423076923076923,True,1
-0.96770036232877632,0.250349704032645,0.029682224302157455,-0.25209937830387591,-0.96160102108727297,-0.10848677201721399,0.0013828259311295149,-0.11246555888218734,0.9936546612670637,-27.661002671792016,4.2324851063135283,-1.8790837280439139,,0.2554527638730238,0.3783783783783784,False,1
