axis_00,axis_01,axis_02,axis_10,axis_11,axis_12,axis_20,axis_21,axis_22,location_x,location_y,location_z,dbh,dbh_approximation,score,reconstructed,number_clusters
0.84236132151906851,-0.53703799846167344,-0.044917615886521739,0.53037333822360089,0.84090754138946411,-0.10760403773038213,0.095559018989330044,0.066818373540572337,0.99317862383721811,-5.1557821440081542,7.1041418111586054,-1.91074761360793,,0.1579416111728768,0.2173913043478261,False,5
0.90272514278826188,-0.42727696695752582,-0.05021663156256459,0.42555686170412521,0.90397644347379236,-0.041568583100828643,0.063155950111204812,0.016154972982083942,0.99787290914900595,-2.9654108001938497,3.7116418942923,-2.6220708028356108,,0.2722263621381644,0.2553191489361702,False,5
-0.46579957677600858,-0.88373771797474654,-0.045148644543090713,0.86212068299984779,-0.44172295338448597,-0.24825140562978168,0.19944593808640601,-0.1545589799464083,0.96764292975185784,-15.957982023519095,-12.987631536441219,-5.8802123193872644,0.2701880289708468,0.2043697473670129,0.1176470588235294,True,5
0.011413106506974911,-0.97292027277691551,-0.23085901286185931,0.9792395871791183,0.057603356514400551,-0.19434938698010756,0.20238471261715688,-0.22384815419825679,0.95337947951532043,7.2121956806176293,-12.104160304452922,-5.2717285921547345,,0.3548415057117316,0.4594594594594595,False,6
-0.6234186860270412,-0.78169074639067482,-0.017570398956956446,0.76154571335008225,-0.60195321336671426,-0.24020919090576229,0.17719274361675041,-0.16313156017361002,0.9705621184060772,-17.855091907721562,-7.7027592294966318,-5.2608183962340682,0.3525904770833564,0.3067467053476892,0.821917808219178,True,4
-0.9821993447555204,0.17548939791279342,0.066991927737831969,-0.18705647235331924,-0.88120388962116414,-0.43415386796303218,-0.017155853594545405,-0.43895691831515249,0.89834431069089893,8.8211553359075161,-3.3305881296047719,-3.6839406173063214,,0.1151993736574998,0.15,False,2
-0.24471901066451215,-0.9641546056922925,-0.1025597491305562,0.94648855172783664,-0.21459299941745413,-0.24105863612234057,0.21040919007382936,-0.1560632593641462,0.96507628289639091,-0.25251088309013092,-12.647270363980383,-5.3263775804195665,,0.08131095226770199,0.2222222222222222,False,1
-0.13342854792646167,0.92326358418820087,0.36025154643691709,-0.96589007974676577,-0.039744475980983213,-0.25588421302569697,-0.22193056672080827,-0.38210565389817425,0.89707418467706812,-0.3658307098908764,13.871245455349634,-0.3812613294056344,,0.386130398843013,0.1627906976744186,False,5
-0.75332853083689788,-0.64712327017185367,-0.11716483187888503,0.63719153618954927,-0.67413698791046039,-0.37353215087782521,0.16273620013851742,-0.35604886565343552,0.92018809731020668,-14.371770136349015,5.6021401535865998,-2.7153731694176155,,0.3152476580881259,0.3636363636363636,False,3
0.26398605848402334,0.95582672812163361,0.12925411689521552,-0.94685140959190861,0.28234804088840382,-0.15411681271131739,-0.18380361552451796,-0.081699752844011014,0.97956183128240659,9.4533420191805853,-18.688276639472349,-6.5371906183467194,,0.2553025913559851,0.3043478260869565,False,4
0.4005116420335868,0.91570830982598217,0.03269122070529884,-0.89419973580507683,0.39839355895344908,-0.20417983414268559,-0.19999314258666473,0.052543919724808735,0.97838738719295759,11.088770855978884,-11.09193875264106,-5.0817266127936573,,0.2497563515385885,0.94,True,3
-0.65696057572865074,-0.72696678091029732,-0.19980515857004066,0.74127628055012795,-0.57450006984522206,-0.34707224844634643,0.13752191764241539,-0.37612360893827723,0.91630712807835246,8.1144585193787826,-1.8873244032761378,-3.3254571391314345,,0.3979555856197787,0.6,False,4
-0.34486610828488079,-0.93793415454221851,-0.036699987733205618,0.9160696560608973,-0.32778720112240617,-0.23102366983668834,0.20465520418722052,-0.11329197907846654,0.97225571475593497,2.221448814259201,-10.854897580593695,-4.986114521150868,0.492696243552832,0.2510634550269478,0.7698412698412699,True,5
0.0631422186206375,0.98761441069111722,0.14363438315007118,-0.97469855954608242,0.091946981571771835,-0.20373627708052555,-0.21441963120585772,-0.1271358658092912,0.96843207989949742,-20.131680307383519,-10.309725618498906,-5.5243677441725101,,0.1836526171358184,0.6333333333333333,False,4
-0.89829907303658696,-0.43929993116708432,-0.008622404432770913,0.42488212896658328,-0.86348221700841155,-0.27179705185130532,0.11195513327414278,-0.24781854528431152,0.96231596513137796,2.4687944282779726,-0.41867207312862942,-3.2440654585568338,,0.1858276580665109,0.2897526501766785,False,2
0.60006880680660113,-0.79839806021803861,-0.049779157664379875,0.78386621816419122,0.59928048065259498,-0.16253202001379102,0.15959692703392109,0.058510195255765701,0.98544679102042931,9.8661366117107274,-4.4499895744891083,-3.8765941623677791,,0.161622273684833,0.2758620689655172,False,2
-0.095043608348039821,-0.99532649073289026,-0.017084769753613317,0.9719661900101223,-0.089077949070632892,-0.21759330060131962,0.21505450004450249,-0.037286671006128827,0.97588998671770877,-6.8507659636666549,-15.780231286141273,-5.9368618836606437,0.2787484530778622,0.2470113555960316,0.9354838709677419,True,3
0.27268028244753906,-0.96197770252354742,-0.015632127553467694,0.94156386604099429,0.27016283390588391,-0.20117039877148535,0.19774465790576237,0.04013655470340368,0.97943152248958887,6.3707980529924138,-6.14440982484067,-4.2453219480976641,0.3279689407864533,0.268191358929546,0.9793103448275862,True,5
-0.80757831019929349,-0.5884713194573481,-0.038971516159640396,0.54002412533995192,-0.71129645526412388,-0.44992365661244271,0.23704686656117829,-0.38439414525304555,0.89221629897055066,-8.4174066157919505,-0.90513203463173297,-3.6769798256535529,,0.3451278668055868,0.4818652849740933,False,6
-0.99826906184037822,0.058005671366088592,-0.0097068152192762609,-0.050208655210910245,-0.92649337488022565,-0.37294653402996225,-0.030626314081909793,-0.37181362050417033,0.9278020588969057,6.0947188599622217,0.66214863708680816,-2.9370959348139403,,0.2826354374260743,0.6195652173913043,False,6
-0.99607551200315259,0.080138297193789954,0.03756897271069444,-0.087932673964100053,-0.84773222910693269,-0.52308499556278021,-0.010070711850727854,-0.52433569500489885,0.85145208890844182,5.6479476533853195,-16.102890356577994,-6.0025119875190072,,0.2742465293163582,0.2,False,5
-0.068707252378775244,0.96601365435808839,0.24919256221703712,-0.97462108644462697,-0.011650606980401455,-0.22355760155826529,-0.21305645103599927,-0.25822835427334628,0.94229775852499265,-3.4461281389747933,-10.6472639405906,-5.0401830833396462,,0.2550038846057484,0.2833333333333333,False,3
-0.21857378573944483,-0.97392023824388896,-0.060867641045911774,0.9491935648576898,-0.1977237991872709,-0.24482008836633881,0.22640025755346982,-0.1112864267281433,0.9676560621449154,5.2026888182698592,3.49846864682047,-2.3404841395801061,,0.1999428203797114,0.3481481481481482,False,5
-0.83423036885958768,-0.55101503134971619,-0.021026813811598211,0.53442056238681845,-0.79853573843905956,-0.2770114382723976,0.13584680404982985,-0.24232851599070435,0.96063652656308574,-3.2041872391760489,-10.952680373876859,-5.031058211659178,,0.2866632970088744,0.2857142857142857,False,3
0.94006398207028063,0.33913497670109505,0.035597432380938362,-0.32898298768812345,0.92945230669671886,-0.16699881253453641,-0.089721254036954079,0.14527861905351749,0.98531427444239339,-0.80158245464594835,11.809854224097375,-0.83347314924144,,0.3011963496242404,0.8783783783783784,False,5
0.22863770158545163,-0.97342455613179835,-0.013016717456141486,0.95255644219311675,0.22645551374867071,-0.20335713591909399,0.20090053720712972,0.034095950088486732,0.97901810010716872,-6.2108722798013458,7.1769756584379101,-1.9641501569181929,0.3158130472915284,0.2197344901369271,0.83,True,5
-0.98879334556947174,0.14540346652545638,0.033845999466899285,-0.14797081092427883,-0.92445209199718248,-0.35141566373234678,-0.019808050685116721,-0.35248568981508305,0.93560754571756333,-6.7030663162249873,0.6639988104192962,-3.2759680559159525,,0.2403723841990346,0.1313131313131313,False,4
0.37663135875538922,0.90498525758648529,0.19786486083484445,-0.90263571421476219,0.40654836281434059,-0.14130532940050589,-0.20832087515675329,-0.12537987176617391,0.96999087662195171,-9.4632984366397821,-2.4697380393977224,-3.9843300741870622,,0.3850565826318579,0.3805309734513274,False,5
-0.99883969840303177,-0.048101397137913351,-0.0023478687189135202,0.04293661277473626,-0.86739254981436709,-0.49576870797778549,0.021810643676261832,-0.4952942762842219,0.86845142391645358,2.1099452059717421,-0.94774882060492882,-3.3523735945146198,,0.3845140889832607,0.7342657342657343,False,5
0.79059127323508371,-0.61220136737037056,0.013225901647093233,0.6028312824200116,0.77433528774158933,-0.19235203948488605,0.10751689923158284,0.16004483105679923,0.9812368564376428,2.0972704901952821,18.06906007988476,0.52947284098335057,,0.3664624815450946,0.9545454545454546,False,5
-0.43820015625173736,-0.89813804305528777,-0.036451044947583007,0.87635142888486361,-0.41784589685401796,-0.23961005733006746,0.19997198841940317,-0.13694108988568407,0.97018469465793511,1.8480934289629147,-9.5570807965594806,-4.7789099870444707,,0.4414735595093293,0.5530546623794212,True,5
0.7402166938114757,-0.67235348701822062,0.0044760135441675487,0.6605679842790344,0.72596766837368498,-0.19136583452018885,0.12541604501953235,0.14460889658148457,0.98150857494020105,2.5527543216162067,-18.847426624596327,-6.4966783370765491,0.3375186893946004,0.3062795554977588,0.8,True,2
0.99371656448335055,0.10902206337224518,0.025329413129128543,-0.10404551956667969,0.98320008899985922,-0.14997371385936142,-0.041254324979419603,0.14639595174979436,0.98836547186846091,-0.27315843235896586,4.8706397507785057,-2.2703462925157725,,0.2029327787655502,0.6197183098591549,False,5
0.74115720061259649,-0.65527317306857613,-0.14595572149367841,0.66602744748818887,0.74498862081484407,0.037408475627388332,0.084222581131593657,-0.12493607770791122,0.98858359955771857,-9.607054833340964,4.2400483269372256,-2.7871259395308945,,0.3241145158791875,0.2096774193548387,False,2
0.99936217023272933,-0.021875286884917571,0.02822630920670614,0.020336760001340319,0.99835063970480231,0.05368814015832668,-0.029354197321301664,-0.053079864588323915,0.99815873440796377,-12.442789259056136,-7.8700824106618485,-4.9074993770770003,,0.3090966310799524,0.3181818181818182,False,5
0.76873978075932992,0.58410721844010827,0.26049550254132481,-0.61454243950171117,0.78742739863616307,0.047913275074565803,-0.17713480609237495,-0.1969183821872531,0.96428544074219658,9.8449514643627474,-3.1171909172782457,-3.6210743487311055,,0.4675538506686946,0.3766666666666666,False,4
0.056417661933643309,-0.99741428934811915,-0.044517219433911542,0.98438906849652386,0.063015767655850777,-0.16433859817854374,0.16671895287125021,-0.03455066469591761,0.98539892547261465,-2.0890735776487497,5.1514479192166283,-2.3142498955000033,,0.218600922176923,0.806930693069307,False,5
0.035910464880024889,-0.99934553380389002,0.004352307240916866,0.97639338758002647,0.034156825613602032,-0.21328212291235898,0.21299387597323338,0.011908624195129312,0.97698095860036005,11.286231076659845,-15.92436903044411,-5.9645185883788017,0.5004574014494813,0.3787867331114173,1.0,True,5
0.86575813700673854,0.45418904233461876,0.21017888102705265,-0.48856974053454555,0.85804849001239869,0.15827949147457393,-0.10845486084371087,-0.2397187990346292,0.96476548474163759,3.1723144511593051,2.4251511934495822,-2.6247246493207101,,0.5746712004455714,0.2470449172576832,False,4
-0.51704924124440654,-0.80443951148539539,-0.2924673562805295,0.83567289346453233,-0.40047378251089905,-0.3758610975480563,0.18523200926729655,-0.4387457371673848,0.87931295956573297,8.7384033106000398,-6.7263866663507086,-4.2798067077090804,,0.4114370758491208,0.5,False,5
0.97469620417212355,0.22211719445620981,0.025124917897516457,-0.2130219483846687,0.95703723543241193,-0.19672666189992172,-0.067741856181051441,0.18639657164977252,0.98013639816015286,-21.69746951779193,-5.6767649908043882,-5.1323276021596342,,0.3108565898827712,1.0,False,1
0.78586768514382921,-0.61658706255683449,-0.047248023601142983,0.61472954622817155,0.78723258638553084,-0.04870769884581258,0.067227720776374816,0.0092330504321328274,0.99769493550831068,-2.3193877687482169,4.7297370476315646,-2.3848114240226459,,0.1917793001865196,0.134453781512605,False,5
-0.46018840577336423,0.84913018590230549,0.25923842034175043,-0.8687166297622847,-0.3704138758360403,-0.32882362713555224,-0.18318855959428162,-0.37652554757630868,0.90811368432379314,0.80300853663898442,-8.7097031981096595,-4.740561449827716,0.6629064421609462,0.4436397807516804,0.1296296296296296,True,5
0.14255185521251956,-0.98967010542030398,-0.015233220697989642,0.96787529113945048,0.14259997633504737,-0.20708130661884575,0.20711443546308719,0.01477596652029085,0.97820513259550967,-11.398601487422956,-7.6785279128763655,-4.840511229364159,0.255133621241334,0.2042043038154434,0.9577464788732394,True,5
0.99621944545553909,-0.086681850283811035,0.0057509414562961925,0.086754833325338399,0.99613183253995019,-0.013963205050906174,-0.0045183394019854741,0.014409338360100459,0.99988597128726286,-2.5271113445560069,8.9488391548324291,-1.487888725651678,,0.4865384018591531,0.3928571428571428,False,5
0.37909358008808169,-0.92426593700805648,-0.044950363987639422,0.90434347427846229,0.38034059844476575,-0.19365926186123375,0.19608910746383051,0.032764414557527086,0.98003854774837373,-14.338424319578156,3.0382098417243597,-3.3054474759356736,,0.2113790564563143,0.5714285714285714,True,5
-0.87009826178932237,0.47960709027301895,0.11360481411914669,-0.48455029674633687,-0.79017214829309601,-0.37528520618978317,-0.090222085734227991,-0.3815822519742233,0.91992117065759715,-6.4101834808377447,9.2827927588223158,-1.5122510937171765,,0.3368948129771605,0.12,False,5
-0.59102571062847165,0.79001813004217381,0.16297227856533564,-0.78967586452164695,-0.52542386866195478,-0.31676771810317855,-0.16462271522514718,-0.31591314066523452,0.93439726518592114,-4.2383061888176412,-0.32678556175791673,-3.4182707559255339,,0.2480720096963409,0.2540983606557377,False,4
-0.6607224285481399,-0.73436061001306907,-0.15543605397294766,0.73094988902902847,-0.58234740599768564,-0.35578611335494348,0.17075752440785283,-0.34869183126221825,0.921550798745843,9.8905285290430314,-6.5006583389078667,-4.2218600670066779,,0.4344150174398745,0.3571428571428572,False,2
0.80081889468340495,-0.59888211962979065,0.0054133821015529791,0.58913654687115302,0.7860968768214287,-0.18700221761339619,0.10773684169671034,0.15294413045070862,0.98234457595178559,-10.809827031882564,-14.295802760778464,-5.6879629855649609,0.3373180494390613,0.2917352483514984,0.981651376146789,True,5
-0.74402639127199377,-0.66477659743087458,-0.067058217982593066,0.64575732870584668,-0.68969401369425587,-0.32759676417357131,0.17152901070507254,-0.28704397395265868,0.94243490783395889,5.056104257970218,-0.0021806301599198719,-3.096947244685083,,0.1634590419709396,0.313953488372093,False,5
-0.58466418104451778,0.80665351898947568,0.086474827004388174,-0.77048431722526312,-0.51872992118518735,-0.37050396189127166,-0.25401124446264783,-0.28324789349455826,0.92479669036898715,5.7254819277195637,18.417557593375097,0.64709858526929498,,0.2445434223422085,0.3809523809523809,False,2
0.64251345169369845,-0.76283207220255411,-0.072551319848826637,0.75173505561951437,0.64584710914524057,-0.13332635808969331,0.14856268220981689,0.031124608076131967,0.98841306558884201,-3.9550427662123302,-26.402637641496035,-7.9371402726093718,,0.1667682367715551,0.5882352941176471,False,1
0.35366211834271888,-0.87343721700742805,-0.33470962638630392,0.91577072828494099,0.39619766665801215,-0.066267504489114198,0.19049167768122785,-0.28308097230486046,0.93998834240277973,-9.4694967355149711,3.6667438547151843,-2.8425187285952553,,0.4847966175335129,0.2261904761904762,False,1
-0.35579151991342184,0.91919685983906829,0.16878840961301983,-0.9179715492210605,-0.30984444765682667,-0.24763814947806612,-0.17533005782917585,-0.24305051145437129,0.95403659243416128,-12.119268029911741,2.3250724018532591,-3.3122417370516488,,0.2529112223460542,0.2826086956521739,False,5
-0.34568614383541124,-0.89900383970804221,-0.26887392240676555,0.91098050118202134,-0.25283020732709838,-0.32587023909692719,0.2249791466477627,-0.35758772693303165,0.90637486787780652,-0.83372624078792312,0.63879877448508637,-3.1228143425301198,,0.4523255560915992,0.2109905020352782,False,5
0.49570445084987103,-0.866296706149291,-0.061701817821817426,0.8504934254118478,0.49859370898360567,-0.16752685364798311,0.17589209970561281,0.030566816596764867,0.98393477374483029,7.3890995755660294,-20.460123573811519,-6.8581365913803527,0.2451617990085981,0.2090002603546415,0.9375,True,4
0.37284215259304077,-0.91827090493036123,-0.13329393987786009,0.90423254408142462,0.39180023291274513,-0.16987078534448549,0.20821199646951494,-0.057193729095885631,0.97641007874677554,-2.7192532406783547,7.6838265998307085,-1.7572004133075072,,0.3996568292954345,0.4817518248175183,False,7
-0.98405511564910231,0.16695577573026346,0.061329424545949196,-0.17780952812057818,-0.91490626935381114,-0.36239521244992812,-0.0043932988025609347,-0.36752181873651696,0.93000452239665699,6.148459516184456,-4.0168759120305078,-3.797896816015963,,0.1635075240993418,0.2247191011235955,False,5
-0.96735571008208099,-0.25341043348915088,-0.002466246223640528,0.24544335016805929,-0.93443106453342006,-0.25806229382306245,0.063091140660748876,-0.25024335722208862,0.96612513171759773,-3.3572005682968333,-0.34909080818659566,-3.363921404522197,,0.0905192843449808,0.1953488372093023,False,5
0.14023399726027203,-0.98994554270628043,-0.018499959145189641,0.96677718148579939,0.14093732288892796,-0.2132570101433372,0.21372016135774222,0.01202054461618565,0.97682096575388411,5.3191164774472801,-1.751696832329483,-3.3617290206958006,,0.07340503283704262,0.1518987341772152,False,3
0.25955132791020397,-0.96561870964323748,0.014615600123809058,0.94502208117396092,0.25083969122984767,-0.20979207658381771,0.19891298166204613,0.068263876908977547,0.97763677755885936,-15.514351970997634,-2.4620317673322134,-4.3185725836221325,,0.2849275135994263,0.8095238095238095,True,1
0.67608561475323448,0.71083850694777262,0.19395066012778114,-0.71688537039538613,0.69541319413101987,-0.049757965609154797,-0.17024572604565041,-0.1053997460563984,0.97974858320613856,-6.5023921906734641,-0.47555143034953584,-3.4787444422725975,,0.3696261947605767,0.43,False,1
-0.98799328626431204,0.15448020193097767,0.0022657246105211686,-0.14818931179369826,-0.94340788478888993,-0.29668415998880615,-0.043694326482467342,-0.29345771438065454,0.95497297119014157,-2.075264363336033,6.4019784348359421,-2.0161053835409595,,0.3662423531636774,0.8405797101449275,False,8
0.32569978478082678,-0.94517508153865115,-0.023742692183625423,0.92568728016952284,0.32389381472363127,-0.19543760159223322,0.19241286216382089,0.041675676625308931,0.98042869626084916,-8.1981458630274897,8.5870574872450973,-1.7067936645585116,0.2641831492934631,0.2682867523566466,0.9027777777777778,True,5
-0.48834188358753877,-0.8660515511697009,-0.10713036661344437,0.85057766602899498,-0.44495048399074916,-0.2802440023427204,0.19503804446015965,-0.2279775811630487,0.95393206450994383,11.526029776719543,-24.33118150891346,-7.7046918367125405,,0.1628500421661436,0.2105263157894737,False,1
0.69194685373650078,-0.72193401014941772,0.0045647117913748918,0.7091228754918979,0.67845418120358281,-0.19194965866465646,0.13547803902573974,0.13605590394009581,0.98139415728074497,-3.144864633963337,-11.920830223066423,-5.1171639660149113,0.2299565823877472,0.2624353729469662,0.975,True,5
0.14080630398698635,-0.98612745033505389,-0.087899012811351193,0.96951028440038556,0.15532779185142645,-0.18953386378281648,0.20055770541020759,-0.058531434069614904,0.97793183710642484,6.15511158480885,2.0708269552876315,-2.6712625547470408,,0.3370843068005688,0.5081967213114754,False,3
0.59734752622696408,-0.80193181612424247,-0.0090163849851769978,0.78560554647619685,0.58737277109582364,-0.19446632901623198,0.16124471543701152,0.10908065851876525,0.98086775443010155,-4.6045985492515094,3.375050304943195,-2.7715040730283951,,0.3221330296673832,0.8714859437751004,False,5
0.74422506569890323,-0.66777466055074308,-0.014354592011032534,0.65505144155935469,0.73390777934059781,-0.17968578222654058,0.13052455897828003,0.12432366689288268,0.98361931932726554,-9.1340019645580544,-1.6090522322068601,-3.8190257516882142,0.3279756484189744,0.2751916409774437,0.9635036496350365,True,5
-0.012842426000635213,-0.99983581605110783,-0.012783310832286935,0.97665306955488895,-0.0098009184169297707,-0.2145989835185603,0.21443846162345234,-0.01524083132907593,0.97661858636673882,-15.314032291227743,-18.012518534955237,-6.5702372981012598,0.1683854266746082,0.2558984675460949,0.9183673469387755,True,2
0.20787619038049865,-0.97813470327775276,-0.0063239004289082313,0.95686387923979377,0.20468871836668839,-0.20618934303105227,0.20297538293858469,0.036810743230021606,0.97849167758534861,-3.9419115251802452,-7.8004700003074658,-4.7922082771359982,0.3076978502183542,0.2637679767478156,0.9973190348525469,True,5
-0.55066454678606658,-0.83277557550760606,-0.057038563716780594,0.81024425177638604,-0.51683625052297433,-0.27637753636770063,0.20068086449938938,-0.19840647918687193,0.9593550227316523,-0.47488746751241212,-11.210116936080517,-5.0257637456506767,0.1878489287025215,0.1173927115751514,0.1594202898550725,True,6
0.99950015333546471,-0.007964653951586664,0.030594244063463748,0.0009350943596575876,0.97476896472219332,0.22321422672617042,-0.031600143685145632,-0.22307404533440275,0.97428917740947096,8.8709960762905347,-5.0950728439915389,-4.0031723205152643,,0.3156241533782123,0.1904761904761905,False,4
-0.022065004687360078,-0.99962397089156407,-0.016280429574484064,0.97650993311884626,-0.018057844191762134,-0.21471437954495265,0.21433965122761281,-0.020635674986028515,0.97654118337605089,-2.3259724455779573,-2.5530016456503688,-3.7901528310070605,0.3472219138500093,0.2782490332332259,0.940406976744186,True,5
-0.69382831316905735,-0.7199650253348171,0.015894468837172264,0.69984826760259644,-0.67931587494537327,-0.2207766844140146,0.16974885619238866,-0.14205739805387466,0.97519486333734251,1.5973123971626408,7.8613425065540143,-1.5427630753947976,,0.3078669284544673,0.9710610932475884,False,5
-0.039712544942390411,-0.99918263371940552,0.0075483937199713625,0.9771897720317736,-0.040413468607262651,-0.20848717224716851,0.2086218186352744,-0.00090334305935268859,0.97799597175071662,5.4243247499588056,-13.782084022392995,-5.5203396019977449,0.3264190881295023,0.2850574534400877,1.0,True,5
0.82569563914611332,-0.54618389383871169,-0.14110232317816332,0.55541035081983614,0.83088499550506256,0.033903782189296211,0.098722103387632681,-0.10636389592213921,0.98941430550957088,12.720009052479323,-16.256091133331349,-6.0742496646203952,,0.2496136061535776,0.3478260869565217,False,3
-0.9994057406680894,0.014575542233922881,0.031236502497144179,-0.025951439956890456,-0.91459144080731813,-0.40354556021118204,0.022686742468474342,-0.4041163817151936,0.91442619261785596,-10.42409030172713,15.694458223914472,-0.37147881806515987,,0.2219880555831642,0.1379310344827586,False,2
-0.18715899396925209,-0.96808389641387305,-0.16668857333528067,0.97887978446530777,-0.16958839213725388,-0.11416717924803832,0.082254960589438972,-0.18453548915163931,0.97937774872721883,6.7682759736704252,4.0631231770173155,-2.2125833714593539,,0.4815211648352441,0.5029239766081871,False,2
-0.59869172143748839,0.74489387626104064,0.29445090557004427,-0.78547381364791546,-0.47400933755793784,-0.3979271742182045,-0.15684103658040907,-0.4695191806696371,0.86888010002974292,1.3607186386801267,-13.591781888935984,-5.51879827677545,,0.2554442663956621,0.2368421052631579,False,1
0.34217701595130628,0.91669972068265448,0.20634076634296458,-0.9166540178783501,0.37393018576877118,-0.1411439962535036,-0.20654370303191577,-0.14084686106291017,0.96824679729219254,4.7237156129893192,7.9167225530429564,-1.4099604543460051,,0.3387771798584481,0.4444444444444444,False,4
0.66696963832981537,-0.74374094992144779,-0.044731431411669111,0.73112443467462396,0.66485941540070426,-0.15303273759148522,0.1435568269637699,0.069363947140971161,0.9872082253856671,11.270834438467819,-1.9731566618776031,-3.3211803136822819,,0.1495974502359069,0.2608695652173913,False,1
0.97945233997024683,-0.19639199544896971,-0.045861725331461753,0.198521560935675,0.97893536864346109,0.047694170110738371,0.035528911754649152,-0.055818707817906758,0.99780858298927677,-8.1117370406331464,7.6649550531864223,-1.8993519588738441,,0.3581768323669453,0.3333333333333333,False,4
0.99131529466585511,-0.13150425939666524,0.00078506183452300461,0.13125404132684257,0.98902401610955482,-0.06785184001852021,0.0081463609618622236,0.067365609320052353,0.99769509945875645,5.7217885253933032,5.4409614786264733,-1.8719254031315782,,0.1964883241943006,0.5869565217391305,False,2
0.61137501263657257,0.72661524272339495,0.31344996883976989,-0.77007691700505787,0.63749069101766953,0.024231400326837876,-0.18221453240511881,-0.25619505832048378,0.94929550524193895,1.7476079896893024,4.0528240256875652,-2.3520688731442414,,0.4435964391677902,0.1152416356877323,False,4
0.9830802081537664,-0.18314516815329246,-0.0033394188790426844,0.1831593163781591,0.98258623236493781,0.031256372002552657,-0.0024431864916224892,-0.031339166373386802,0.99950582163926804,-1.1516385983335542,8.3499155133038521,-1.5542965604873313,,0.1905339758199405,0.2391304347826087,False,5
-0.31873841035207623,-0.94568938667319846,-0.063854598110882732,0.91312634035198126,-0.2883006995859716,-0.28824120658510571,0.25417732456226261,-0.15018085947253779,0.95542639545203123,-0.57672564967093065,-1.2292989450994305,-3.4938366746959479,,0.3317780196355151,0.1545454545454545,False,4
-0.31390701664305681,0.94353288099810595,0.10586825481545546,-0.91369260240651862,-0.26988563493552453,-0.30385452500012622,-0.25812441420729493,-0.19211310869085266,0.94681800799270699,10.779440529362381,-1.174550197854453,-3.1665599387630401,,0.4997529037715327,0.6833333333333333,False,2
0.99410040272786715,0.10194839765246008,0.037025849246012529,-0.096030845611231888,0.9859740276363651,-0.13650382235569808,-0.050422871670347306,0.13214288116512407,0.98994736878780365,7.9990989916447983,0.67273644662262733,-2.8968368933584632,,0.2280592253458552,0.4,False,3
0.98073617340097585,-0.19408533515253928,0.022078062902737353,0.1949858928807611,0.9659259717229528,-0.17019846864340879,0.011707252466017896,0.17122470566421061,0.98516244366596772,3.3297595541755673,5.5979664452869997,-1.9351864430628947,,0.09416077063651611,0.3783783783783784,False,4
0.69761751259478633,-0.70969439028328174,-0.098304010709145212,0.7036855466548585,0.70449332834899203,-0.092281101753348443,0.1347458999380528,-0.0047981988495525516,0.99086856834682369,-5.1253874207284644,5.6243441411687645,-2.3107897703070903,,0.170672520677968,0.2727272727272727,False,3
-0.8772731296835502,-0.47699648945216189,-0.053536949722066601,0.46675089635010752,-0.82173352439368219,-0.32695200816619696,0.11196185373420925,-0.31181463073090637,0.94352327971839067,-0.065769695351573065,-4.3494161660209958,-3.9391435431657142,,0.1432247921954511,0.2181818181818182,False,3
-0.96834445027623328,-0.24956955417224291,0.0049054306118533966,0.23398056518593124,-0.91435382940660803,-0.33046962003298147,0.086960455003938272,-0.31886064711679118,0.94380388163313311,-5.5005447002589243,9.6164378682067166,-1.4373144988929512,,0.195841866305398,0.2222222222222222,False,3
0.719820810880621,-0.68682257550946391,-0.10066156164947325,0.68552833254379097,0.72615330716654658,-0.052462174667229383,0.10912793181808815,-0.031242987399291634,0.99353659733070376,-6.5011350756106001,4.9394230406872301,-2.5066673058784565,,0.2582853664885322,0.2105263157894737,False,3
-0.053952021032784056,-0.99476399892487954,-0.086797268790334808,0.97567043512997531,-0.034018346766870169,-0.21658705893135582,0.21250030926980706,-0.096370838567652675,0.97239718224293781,-5.3921768948032733,-18.334475876377596,-6.4516405998214772,,0.1072449081863276,0.3181818181818182,False,1
0.84733143912910192,0.49612812594000166,0.18943683621372787,-0.51483560623805669,0.85490934051455336,0.063830385009522511,-0.13028327142383839,-0.15161432040619746,0.97981598631317979,-1.7409044462936922,11.955365556518393,-0.90810182698947706,,0.4552022175206019,0.375,False,1
-0.99309492031963809,0.10361275863356538,0.055017047209698043,-0.11466019667124827,-0.95645402152884706,-0.26841897101472978,0.024809645999938942,-0.27287378208548768,0.96172988958216299,-11.314852948586736,13.303318970453256,-0.98053405017503759,,0.231212177080175,0.1333333333333333,False,2
0.043616760158227519,-0.99689781389960219,-0.065515852093165378,0.98077316867659281,0.055212547272404489,-0.18717789994485839,0.19021453634613356,-0.056092096287145232,0.98013882021718679,-5.98711008083822,15.927278349690447,-0.14004875612998799,,0.1746673037944211,0.375,False,2
0.33178394412261908,-0.91380041067953921,-0.23428235926835211,0.93710645293877137,0.34779840661330236,-0.029457837968231704,0.10840161568423946,-0.20977387301366743,0.97172218865161897,5.7685140189569637,7.2696182985026807,-1.5079094104961537,,0.3905730249833888,0.3333333333333333,False,2
-0.25211257104137624,-0.96769329204198884,-0.0029906621080647237,0.94422290834644484,-0.24531890611490759,-0.21968553356187445,0.21185455122958144,-0.058209336360439123,0.97556615474492003,6.8621601319168866,9.8210429092045839,-1.0279093831260544,,0.2821863254857215,0.9484536082474226,False,2
-0.88162018361425531,-0.4621555681094377,-0.095697872021326083,0.45684500287851992,-0.7847546356830819,-0.41887086926502654,0.11848415585593039,-0.41300410729114628,0.90298898784633663,-6.9864712744252566,12.663328205504598,-0.89185207784157605,,0.2460029229701339,0.2857142857142857,False,1
-0.99718330618225515,-0.072313715160701633,0.01990428273219931,0.065623707943818319,-0.96970083966073573,-0.23531640511653268,0.036317803170495586,-0.23334739801617801,0.9717149834246398,-11.958033191883089,8.7702384027287277,-1.8879005192538845,,0.201033946651376,0.4444444444444444,False,1
-0.81335113724408992,0.55815888472788255,0.16406884817987957,-0.57206030867996838,-0.7159922176590825,-0.4001276639831452,-0.10586279222052201,-0.41930156647806099,0.90165362838083185,-2.8549835595820152,13.549279457034819,-0.61783171176467144,,0.3957115966046176,0.1595744680851064,False,1
-0.88326280350292663,0.46571437208082195,0.054377785772462564,-0.46192312639518912,-0.84438787996692033,-0.27135978601528837,-0.08046020910639122,-0.26480036216428166,0.96094064486222064,-9.8616714971517503,1.9442408398780797,-3.2496264268884354,,0.2001783343052365,0.2682926829268293,False,1
