axis_00,axis_01,axis_02,axis_10,axis_11,axis_12,axis_20,axis_21,axis_22,location_x,location_y,location_z,dbh,dbh_approximation,score,reconstructed,number_clusters
0.20625020798229229,0.96952015668564884,0.13225550078350734,-0.97462929633621176,0.21555849887427372,-0.060268302500157883,-0.086940131299889326,-0.1164697357398258,0.98938173331947743,-23.836862696137011,8.6554312422957782,-1.6199270054694697,,0.3069966893684377,1.0,False,3
0.9374469539055148,-0.34770173354614625,0.01722536218125828,0.34812657546122711,0.93614565516641435,-0.049388255392166756,0.0010469340520233724,0.052295475923335159,0.99863110662899024,-12.780775017407318,10.238225504699557,-1.5781467811909111,0.2859286517592286,0.2418646942897825,0.8876404494382022,True,5
-0.12490677670120545,-0.99214706903787364,-0.0065184763306470267,0.98942863585185792,-0.12407124461507683,-0.075081960656327607,0.073683591731455042,-0.015827812837653304,0.99715606032873794,3.8822763541517573,-2.6581126479697423,-1.9849910757853144,0.2963435642738749,0.2768842013396727,0.9892215568862276,True,5
0.20794331827969662,-0.97809842948176107,-0.0091125533272663536,0.97563132394457719,0.20806772852029598,-0.069651561982172525,0.070022111657538827,0.0055930844547404813,0.99752975959883139,22.08810748273228,7.8137062211378687,-1.5663574019979825,0.3286355349385052,0.3019547382613139,0.9782608695652174,True,5
-0.056382672600678134,-0.99833248663886598,-0.01237902871242293,0.99577599913154247,-0.055329739580982709,-0.073271955559262997,0.072464845159447691,-0.016458008365500352,0.99723516794016942,17.938538643004243,20.046329624353159,-1.3088214588267875,0.2658781488977309,0.290712420089258,0.918918918918919,True,3
0.9990415649045431,-0.036837722966175157,0.02364177996153434,0.037424826352798202,0.99898940529894253,-0.024890770838372652,-0.022700968383423118,0.025751704159779662,0.99941058417815576,11.433901873566327,-22.972759082899984,-2.9675171836983676,,0.136664467488462,0.5294117647058824,False,1
0.13147085193676164,-0.99130167655049206,-0.0060333373190617498,0.98901782600991828,0.13157764415846795,-0.067313173987874758,0.067521514538970748,0.0028826421718703989,0.99771365403530088,4.4884948670242499,2.6061380290816958,-1.7718078445659151,0.2848092852955845,0.2714769269611984,0.9896373056994818,True,5
0.59675129778161118,-0.80242576193081372,-0.00088610705670115865,0.80128558951904605,0.59596150262243797,-0.052643056722806052,0.042770230594160664,0.030704787603219718,0.99861299981182094,13.492045402058778,12.727300098114178,-1.3631237272029875,0.2610561047049071,0.2866392078288054,1.0,True,5
0.8055078201816982,-0.59250043607187652,0.010019225557184328,0.59213221753913992,0.80411617168123062,-0.052693637119700015,0.023164381673381664,0.048377843020935361,0.99856046172794766,5.0607439601750821,17.236077307550531,-1.5109955485146858,0.3413020170327663,0.2917415004282999,1.0,True,2
0.73945476522657105,-0.67316855671688391,0.0071235125762149961,0.67274009995394557,0.73850766968185777,-0.045024212764090639,0.025048115651106873,0.038085641241527905,0.99896049763419037,18.657319418907409,-5.3252588230466982,-1.9697800011480637,0.2994665761544965,0.2912026976185967,1.0,True,5
0.40192707638049874,-0.91566495009226745,-0.0035106188556382513,0.91402377455235007,0.40143070324952279,-0.05842884597240864,0.05491051652733428,0.020275346140531579,0.99828540283507217,-11.000477719383438,5.4973759615045301,-1.7682111195767369,0.2589145527003311,0.2314877327577457,0.9741379310344828,True,5
0.38599597378899025,-0.92230696518224431,-0.018893654887509239,0.92077358332845227,0.38644518259683758,-0.053255319848621648,0.056419114342317118,0.0031595607314698431,0.99840217383217533,-21.431642031818196,3.7417736135766995,-1.8306524082655493,0.3516610239779575,0.2956688733153891,0.9074074074074074,True,5
0.92225884046133078,-0.3863900594622226,0.011889202652075053,0.38654849020517762,0.92141843655596134,-0.039602140028860533,0.0043469427210107115,0.041119177077707174,0.99914479299320413,9.9175832401696375,14.957746283883086,-1.3359680787026824,0.3646000408135859,0.3084501264226222,0.9893617021276596,True,5
0.80478409369029491,-0.58379146959534811,-0.10728505287687788,0.5934843864245738,0.79444553913071514,0.12896731533824307,0.0099421131223589882,-0.16746284776932022,0.98582825532830598,-16.636171489630264,-18.842094417633447,-3.1162129575633015,,0.3495345439084207,0.196078431372549,False,2
0.96934240024304807,-0.2424796262322918,0.039735902573054864,0.24085753100692073,0.96966988425413114,0.041568802338179119,-0.048610295702633227,-0.030723711247641835,0.99834517714008886,-10.989611054833023,-19.582489978326816,-3.1116310595195982,0.5265772360163562,0.1936617335931986,0.3548387096774194,True,4
0.20094399599414206,-0.97276917463711743,-0.11550603165951392,0.9751251376846376,0.20989099289683502,-0.0712512242442042,0.09355467027050729,-0.098315329306284505,0.99074801018925818,-12.610138578220701,0.11291274176227589,-1.9971060502574256,,0.207694064029252,0.2602739726027397,False,5
-0.26386774756646808,-0.96448886785874866,0.011620480659010203,0.96174959309927166,-0.2639989514285796,-0.073090860016787745,0.073563115537488746,-0.0081103280549047908,0.99725758488529848,-5.7573207966434676,8.5414067072507542,-1.6281703324730483,,0.2067254057546273,0.9770992366412213,False,5
0.46310614503370973,-0.88624529436641608,-0.010098348647210339,0.88478592058696004,0.46294985469176519,-0.053210025107664809,0.051832163403639622,0.015707012900527468,0.99853228119207071,-3.1774287252615752,-3.4943051411775161,-2.0896253730331735,0.2547945289790977,0.2101197904992747,0.9707792207792207,True,5
-0.036476153835083278,-0.99927375940556618,-0.011020161744068007,0.99669991683211301,-0.035577559821342704,-0.072962408293703068,0.072517349567242123,-0.013645182322888296,0.99727380543716138,-9.2082894521215604,1.0172342872949942,-1.9445866947249033,0.2302428584751617,0.2135313606307511,0.990521327014218,True,5
0.26624632695116407,-0.96386210737907818,-0.0090956772027576127,0.96197762785774954,0.26629855871467439,-0.060696961436833424,0.060925666891641174,0.0074105050603847592,0.99811479676866799,4.8680357645810863,-7.4874869457199331,-2.2239427372155953,0.269888709677254,0.244846519625583,0.9919786096256684,True,5
0.57324709411940622,-0.81933182821690698,0.0091172558589944202,0.81817727730227596,0.57176513777252957,-0.060585230330464625,0.044426478477276626,0.042189838808674024,0.99812138816448936,-16.170480297397798,-22.610866953047854,-3.2462928227544969,0.2647265490228745,0.2245304657102766,0.9318181818181818,True,2
-0.095735188622443818,0.99459635275228775,0.040160537238310479,-0.99307821412794106,-0.092675366537742929,-0.072159109345607986,-0.068047294464082225,-0.046790720543069445,0.99658426346555185,17.430507693078251,-1.1962889457319428,-1.7884389215808889,0.2405293163887188,0.2247577040132599,1.0,True,5
0.53918419368500647,-0.84214986511926571,0.0080006224665608236,0.8409917774572091,0.53788801913413986,-0.058389289440063344,0.044869093255980617,0.038211039655498075,0.99826182984166656,-3.0675318363485937,14.714455437809207,-1.4901044297538353,0.2909606430127713,0.2372171123784485,0.90625,True,3
0.1589926022629152,-0.9871991638831783,-0.01261599199505733,0.98503752477381767,0.15947929450551329,-0.065325564762142366,0.066501332416242356,-0.0020409439915499493,0.99778424889075423,-9.355008846713174,-4.1861462421773288,-2.1685993032101742,0.1905299593780381,0.1748176876369626,0.8522727272727273,True,5
0.4680499288726494,0.85041514274565533,0.24025683980106707,-0.87874151596642669,0.47665763280196366,0.024715363817982276,-0.093501936874777036,-0.22269168390516078,0.97039466286668641,10.374700708703269,-20.551624689031623,-2.8533347053892837,,0.740069124985876,0.6764705882352942,False,4
-0.23367281646315496,-0.96984126301518703,-0.069317670180720076,0.96919793263775833,-0.22662679292841292,-0.096414024382745336,0.077797057893412735,-0.089711879258483312,0.99292466809070667,23.359961645296412,15.783890288444013,-1.327781847401768,0.447089067687961,0.2510823982964681,1.0,True,2
0.99574585332126841,-0.091637768573421638,0.0096288610117742889,0.088135439257422857,0.97771188922750951,0.19055604427589179,-0.02687638257655179,-0.18889674701820178,0.98162909442698443,16.253683957420915,-25.150960088761853,-3.0760485570864593,,0.3216930080068263,0.1458333333333333,False,2
0.055211874667493194,-0.99833472805711498,-0.016715850287244049,0.99602997053443942,0.056239776761390095,-0.069002792023154208,0.069827979298148823,-0.012839714364172316,0.99747641327611458,-18.124613829898419,-3.252866114483993,-2.1548241164655888,0.2279024115324761,0.1018876237078202,0.3658536585365854,True,5
0.31276522750012675,-0.94930716508181723,-0.031524891611512174,0.94794262221558923,0.31406315748162938,-0.052622410622300594,0.059855638446405152,-0.013425328189390158,0.99811675825485502,-15.104638009877318,3.9050788418178199,-1.8169010873894047,0.4637275875978383,0.3117411827108375,0.8703703703703703,True,5
-0.66840182024318551,-0.73271642380516411,-0.12792829625132687,0.74061461610700641,-0.63971976264333519,-0.20554468052524658,0.068767703933368604,-0.23213200462177883,0.97025034672810428,-5.4906260441405834,8.153895761269732,-1.6365007307029333,,0.5695409935503958,0.3670886075949367,False,5
-0.33932946807351189,0.88797529794331065,0.31041163370504565,-0.9388478055231223,-0.29918568923932948,-0.17044858878501751,-0.05848341783244243,-0.34926751007913026,0.93519618061760712,-16.050235079726026,18.578812222821618,-1.4589405361177472,,0.4699726044159379,0.4102564102564102,False,1
-0.72520172843984287,-0.6884434971804666,-0.0113138966671086,0.68477183863578883,-0.71942332196019387,-0.11626526923858489,0.071902587430674236,-0.092063212032216735,0.99315375592658672,3.1112801306209912,-22.266785767838382,-2.9881556734156152,,0.2528951510883196,0.9821428571428571,False,5
-0.039307143293747272,-0.99922403526630876,-0.0025051611120546022,0.99662613114421839,-0.039023923459562709,-0.072204488214564613,0.072050698862605261,-0.0053348611917015103,0.99738670336508584,-20.264086330266927,-0.15070716779555601,-2.0693305508187825,0.2204177224589193,0.2711104942506015,0.9863013698630136,True,5
0.69444701000550912,-0.71953084774209897,0.0043254412426558106,0.71880445931895898,0.6934484263447307,-0.049491709034890259,0.032611340935113649,0.037478515813085346,0.99876516824269612,24.552719753178064,-0.26678481050198422,-1.8408437295451852,0.3061807651255844,0.237896258515871,1.0,True,4
-0.53634185784908295,-0.8433818547785481,-0.032318083935930955,0.84105137195414492,-0.53087713342464005,-0.10393295406600796,0.07049823581511952,-0.082924762508750069,0.99405909407329662,7.5185186368586807,-22.735432682270751,-2.97824547073267,,0.2173158337773028,0.3333333333333333,False,5
-0.74709554997918182,0.653812443222343,0.11990633131296628,-0.66410585998455907,-0.7264334312911539,-0.17679897238595482,-0.028489400405648617,-0.21171622278463006,0.9769158587485085,24.023834360874865,-27.258772864064287,-3.3271119892796084,,0.2294107673619203,0.2941176470588235,False,1
-0.37156245394049986,-0.92839440752693547,-0.0050166616811427815,0.9253795884766981,-0.36990896238247539,-0.082704152131653871,0.07492636420118895,-0.035372074039128482,0.99656151657876091,8.4820163071818246,-3.6720672141683752,-2.0284423743811564,0.2544602383111709,0.2266694859597072,0.9716981132075472,True,5
0.99268933575830487,-0.11910864148148541,0.019519584938455466,0.1198320052277647,0.99192964421213603,-0.041423078788001014,-0.014428208302751367,0.043459319571513479,0.99895100698059891,-8.7324946675455273,10.100476096025377,-1.6013872874321557,0.2564533667803837,0.2317363732110195,0.9506172839506173,True,5
0.11992909341332908,0.97655461621886475,0.17876826926130718,-0.98927479421704068,0.13267535063447669,-0.061095276911154101,-0.083381017503319832,-0.1695238416142251,0.98199250152150686,6.2057821820553976,19.036117199020214,-1.4429258057625634,,0.3053701446913421,0.2285714285714286,False,3
0.46189950142658931,-0.88687084972146779,-0.010437743826598098,0.88546962717553435,0.46178142676402884,-0.051975506206267924,0.050915517590300177,0.014765155268378207,0.99859381144608161,1.1001667048376318,3.6058942933913367,-1.7634701971274072,0.2731969789807999,0.2601294842392314,0.9454545454545454,True,5
0.8034586921470982,-0.59527085445006689,-0.010331498224371731,0.59392240184459588,0.80260265883926352,-0.055544150108623097,0.041355901639536764,0.038491321962624413,0.99840277820784795,-4.4997751780888988,-23.213970992168871,-3.1099122523992802,0.2624534822921104,0.2153881286337307,0.8771929824561403,True,4
-0.0066157881887907877,-0.99992932985639515,-0.0098775826789695067,0.99747642214042509,-0.0059006423327949914,-0.070752877637553349,0.0706895934390291,-0.010320741882212232,0.99744496773828273,31.229357126396604,8.9813216308889583,-1.6543996703493447,,0.3538106248381314,0.9791666666666666,True,2
0.1353397071419061,-0.9907763123275618,0.0067425960386373156,0.98840101498300137,0.13453578720347523,-0.070452505577255159,0.068895553204216767,0.01619941024044871,0.99749234676590193,4.7591016594248261,12.167994336079779,-1.4909553903406423,0.2426813174093282,0.2276360534469055,0.9736842105263158,True,5
0.064612109843700152,-0.9979101264936473,-0.00080913718156603014,0.99516258778637423,0.064494302432533721,-0.074107414096482194,0.074004723713234966,0.003983013328353051,0.99724993681271012,10.651210228406004,2.782112258043167,-1.7327143407972549,0.274693432135518,0.2482601899859362,0.9949494949494949,True,5
0.24613595868546792,-0.9590877719007741,-0.13988472265545787,0.96865749660560452,0.24839658028290398,0.0013390942915546683,0.033462577780986012,-0.13582998451802719,0.99016689057657559,-15.546435152468513,4.6180436045811533,-1.7887548723219835,,0.3420860229537027,0.2909090909090909,False,6
0.67671934927233623,-0.73624003187297327,0.0012400758476485566,0.73541709466166061,0.67588135848998709,-0.04843641321496276,0.034822682260657392,0.033689831008953418,0.99882549831627765,-14.311092963539839,14.423919400556553,-1.4740594975810823,0.2553220938069196,0.2445678777225935,1.0,True,5
-0.089139230424381363,-0.9960137324965963,0.0032927613863809775,0.99331781855737111,-0.089140301006305836,-0.073305648301680765,0.0733069501191638,-0.0032636505180222851,0.99730408584820407,-11.086220055141444,-1.6741256220495826,-2.0541500709751688,0.2401302978825103,0.1892935963101052,0.9411764705882353,True,5
0.73805828159227393,-0.67470494602177078,-0.0065733390920376658,0.67408544737877729,0.73773864379083676,-0.036749191689204722,0.029644267661945757,0.022692053045410897,0.99930290108823905,14.155515160150648,1.5742634187550499,-1.7154423592776549,0.2579853756431406,0.2293882302104688,0.9618320610687023,True,5
0.70801666041681433,-0.70619272459827542,0.0020601690916195172,0.70533681989369268,0.70700868939666406,-0.051368118710576893,0.034819234260308522,0.03782259697688331,0.99867766175250472,-4.420725761593034,1.746489834489751,-1.8497719733182314,0.3920054342597055,0.2767358409683035,0.9961240310077519,True,5
0.22190319132008846,-0.97506209905005814,-0.0035884088472112829,0.97300305282662847,0.22167101861004312,-0.064241876517164037,0.063435265208091229,0.010763944652423092,0.99792790552399058,0.227992193797033,10.206130586410156,-1.5474589279745228,0.3017488534289374,0.2546167597274742,0.9811320754716981,True,5
0.2917146309664409,-0.94616087989658137,-0.14029313394973875,0.95457001842893963,0.29730163947659122,-0.020194431933183321,0.060816560217478735,-0.12802860820089046,0.98990404660525355,8.8402684246986958,-27.688428226114755,-3.2307383989586587,,0.2070436560629483,0.2,False,1
-0.42003673877184305,-0.88497413018022852,-0.20097245332050193,0.90301038579038584,-0.38555942544913852,-0.1895156262740017,0.090229602884039473,-0.26108373821262199,0.96108995437696187,-11.978488364843718,2.4178618097590681,-1.873572232291445,,0.4599071303645053,0.125,False,5
0.10401777333507324,-0.99431328125924501,-0.022834218661630868,0.99222106928274389,0.10532297967110001,-0.066365801619575282,0.068393365919664412,-0.015753369946613954,0.99753404895948494,-12.93258213023393,-1.095736170063877,-2.0626575418982762,0.1501672918053437,0.159621024433888,0.8441558441558441,True,5
-0.52784913775990483,-0.8308882910120754,-0.1760679858042232,0.84505764115704285,-0.49299424200874037,-0.20696439420422069,0.085163788597135831,-0.25803357379468778,0.96237508483258338,-5.8647696006066052,-6.7357008995783545,-2.3040526491405804,,0.2504033792612939,0.217948717948718,False,6
0.9992766413896752,-0.037927708200357374,0.0027718087305200431,0.03762551543812561,0.99663585689788614,0.072809953532677829,-0.0055239986409678695,-0.072652995093690928,0.9973419813398664,1.3042593983122555,-7.9144605716087852,-2.2844535814908746,,0.2402445259062863,0.4548872180451128,False,6
0.68065689855286449,-0.73256320386842655,0.0075722381382693363,0.73177872073457495,0.67936538158566451,-0.05442960759581119,0.034728811273425808,0.042589090633534568,0.99848889779834027,-5.3601023634674956,-5.9309765816642459,-2.2608606193988101,0.2855902080845369,0.2492324922796912,0.9874686716791979,True,5
0.23749538497541289,-0.9709130534228223,-0.030393828461580223,0.9693336707726079,0.23891108749112247,-0.057564980502991019,0.063152013601159004,-0.015790344105836532,0.99787899477398456,15.985811124943323,-9.2625867992904425,-2.1654146923066468,0.3042291100304886,0.2654930725744674,1.0,True,5
0.98908539182328503,0.14418195508892384,0.030358713881099168,-0.14280738532756085,0.98879774844575885,-0.043417316412956104,-0.036278621496474317,0.038607984864956951,0.99859565647312043,14.240535173549524,9.7888815418108646,-1.4840825635309054,0.2637350949509402,0.2469686091210213,1.0,True,5
-0.99948706460365944,-0.020647171620475177,0.024480645294496818,0.017750336935955725,-0.99341899833926595,-0.11315307895620515,0.026655829167751846,-0.11266049903441666,0.99327593282465865,6.4671779516241861,-23.715981048945675,-3.0356852171707156,,0.271493742582506,0.6862745098039216,False,1
0.54420806977959024,-0.83875393312018653,-0.018149833668396169,0.83783057738506916,0.54447189730672008,-0.039878272803896928,0.043330132533541371,0.0064955922469173621,0.99903969235260492,9.0509761736314154,-8.1009114396379029,-2.2145986651687419,0.3029232797554154,0.2517923685156044,0.9832635983263598,True,5
0.64476902284918125,-0.76419499973028526,0.016700585658672783,0.76342560008834381,0.64272235791005672,-0.06394782070008162,0.038134765029630133,0.053981228494425319,0.99781349292659327,7.1026397236733745,8.7948138104164002,-1.5815956288172366,0.2566698579174637,0.2376161497093991,0.9805194805194806,True,5
0.65900377819964151,-0.75213959433040212,0.00022574121491067889,0.7511925893245105,0.65815892293951439,-0.050363934507099146,0.037732135674183827,0.033359598252923658,0.99873090627148853,12.097642915689061,-1.5998670556357979,-1.8418351106072537,0.3016579744423476,0.2781046316145555,1.0,True,5
0.84819409060166884,-0.52966167050845336,0.0050298571151738258,0.52965071637171168,0.8479911603400071,-0.01952205501828401,0.0060748099013015538,0.019222559127208359,0.99979677430228819,-1.2993452095790998,-21.936108953172244,-3.0387803702082792,,0.2354273424289393,0.9148936170212766,False,5
0.22599085865208482,-0.97407131310930195,-0.010639961617132919,0.9720456186919787,0.22620802523838615,-0.062906633191405756,0.063682391502061675,0.0038737959768526493,0.99796269805905469,-1.670882363458263,-6.8190171901167504,-2.2497265287966877,0.2424747402310544,0.1956650374695975,0.9908883826879271,True,5
0.99859630207310002,0.047479030481366265,0.023476949343515029,-0.046306481981671803,0.99776413904206285,-0.048191623422855642,-0.025712549706506709,0.047036842009202981,0.99856216645804796,-10.358511992806559,12.843118145835488,-1.5109950536032946,0.2618497488136253,0.2246760845553143,0.9855072463768116,True,5
0.45742775753868076,-0.88924653594320391,-0.00066704283616956942,0.88772731654841464,0.45668984770624976,-0.05809125971944655,0.051962083165358684,0.025980402519087908,0.99831105402978559,0.52022952961036384,14.7278078894534,-1.5262866703430882,0.2690167055603978,0.2462719495538772,0.96875,True,5
0.52208288817438109,-0.85289421790300879,-0.00095443339840602884,0.85131750650582427,0.52118510649131544,-0.060204550395648294,0.051845549396285842,0.030619239690943233,0.99818560456888294,25.909486214374287,12.275921021153332,-1.4338751667060741,,0.2578822260126529,1.0,True,3
0.92570702957183582,-0.37816746494445524,-0.0074742129199501439,0.37813322282829598,0.92573416708359568,-0.0056140615891848711,0.0090421897112795795,0.0023707280580320365,0.99995630827236659,26.458739006285828,5.1703771052357013,-1.694956815870764,,0.19656300211223,0.8529411764705882,False,3
0.5032542722143204,-0.85236453071085216,-0.14216133188776614,0.86233843129862686,0.50597617161298591,0.018987987394378528,0.055745559495421974,-0.13214696570839235,0.98966136231066804,-10.004681851539479,-19.484394422560339,-3.1102514741504184,,0.2707384700179479,0.1724137931034483,False,4
-0.76770991714350456,-0.64012326935693098,-0.029388486645401096,0.63660713640625577,-0.75665072933847433,-0.14903364609436701,0.073163084927713284,-0.13312352842134317,0.9883953101793389,-6.6681913045886079,22.295983419782885,-1.5790342385406648,,0.2264055072948453,0.2962962962962963,False,4
0.82214567842751773,-0.56927492245727784,-0.0015956516588300626,0.56875204726210671,0.82150445289748808,-0.040639175739181826,0.024445698560652589,0.032503792561148,0.99917261336118646,20.751322818835334,-3.368523708261423,-1.9117704557110691,0.3382383190181132,0.2751732212790596,1.0,True,2
0.98782937570509222,-0.15436576954250053,0.019087527017384628,0.15503061973662255,0.98708069038017221,-0.040462545924361909,-0.01259489730670732,0.04292924262264574,0.99899872306709159,-6.9372639571366062,18.906846652706179,-1.4806476887590971,0.2660609333856399,0.2932252586625612,0.8245614035087719,True,3
0.74763157204524144,-0.65085374518554084,-0.13204709333838252,0.66350479044567767,0.74054485900300382,0.10655845747690643,0.028432824987990258,-0.16728034607261999,0.98549929491655464,-1.9462897767553011,19.02612683590392,-1.5052667852741717,,0.3744471057654945,0.4067796610169492,False,1
0.3140861236351814,-0.94878462125714291,-0.034024247321074355,0.94743536427487263,0.31553777101956437,-0.052935296176976308,0.060960130094717353,-0.015609533175113714,0.99801813861917887,-23.964787476071042,-16.436685581358603,-2.9629958351240684,0.1979221392622213,0.237026515166016,0.9574468085106383,True,3
0.97067775978458803,-0.23794954815795771,0.03412768950569809,0.23896525941887273,0.97057713722694638,-0.02959096962276439,-0.02608239732931791,0.03687862827937461,0.99897931676576113,17.891397856306853,15.84998710267895,-1.3037838705690752,0.3156466084170926,0.2567396421147824,0.32,True,3
-0.95391840757160984,-0.30006598913100158,-0.00027177725781655669,0.29660725236736041,-0.94278508626079394,-0.15225117065990809,0.045429170574963942,-0.14531580537250985,0.9883417967332,1.5590658490978515,-26.045873023065251,-3.1928402694152651,,0.2446879392480959,0.3928571428571428,False,1
-0.42851104433446424,-0.90351952274620184,-0.0055458903578713943,0.90029807390165073,-0.42644790939121108,-0.087209854402136688,0.076430772679357203,-0.042363340193377529,0.99617452506842163,-10.808887981957513,23.355848300969758,-1.5648515673516694,0.3410747777655791,0.3002765019752418,0.95,True,2
-0.60122149840728123,0.69077170777816299,0.4017053118719543,-0.79799028622604129,-0.49274541125452848,-0.34700643045408541,-0.041763775473298147,-0.52918466287378951,0.84747824729450716,6.6397326787064799,-19.883943921048694,-2.8953418758613609,,0.4807748904248749,0.2711864406779661,False,1
-0.33892683336103685,-0.93995919771790304,-0.040066298224015737,0.93749197673602691,-0.33384914615307626,-0.098252435941496075,0.078977181409796163,-0.070862220106187077,0.9943546402457154,-10.223936715952663,-23.156118195963888,-3.142817357941154,,0.2560733954562209,0.6285714285714286,False,2
-0.99928229284945524,0.017397434579892609,0.033648602758127436,-0.029909976231960317,-0.90746305937025273,-0.41906585305914001,0.023244193239161364,-0.41977151540858476,0.90733212349846915,8.0039584274073921,-19.566056776762526,-2.8561316532325338,,0.08245247290739234,0.5,False,1
0.9211327900941858,-0.38923062609878395,0.0037286351454814412,0.38924798432044938,0.92107398090748749,-0.010427291004813835,0.00062427218951773434,0.011056283371033211,0.99993868256121166,-2.9754457492453885,-25.412493169441731,-3.2129742019516394,0.2462057213247674,0.2569825034605454,0.9047619047619048,True,3
0.7456501763388248,-0.66541811377656279,-0.034993547746970333,0.66471404572966264,0.74647072314944973,-0.030605504250704806,0.046487115801930365,-0.00043970305584607652,0.99891879285837804,1.6853629805294474,20.621902925864365,-1.5776866473253446,0.395938551428695,0.2431578511098929,0.9661016949152542,True,4
-0.51601727306789957,-0.85656778098250896,0.0042202462334129118,0.85358027567265771,-0.51461688706714537,-0.081056600767065778,0.071602282632326444,-0.03822428714865158,0.996700565362446,24.346132730170268,-4.6153156665544035,-2.0646174004123625,0.2673200579369429,0.2431978746001108,0.94,True,3
0.51446527139206544,-0.85741513421655036,-0.012836360383839732,0.85644483442379671,0.51451423036603183,-0.042158656758080136,0.042751960426211086,0.010695530247028824,0.9990284658168912,9.2746395317795027,-24.364165326970038,-3.0607120266527601,0.4909155868474906,0.2891183494181661,0.95,True,3
0.37923014819843959,0.89791882521416067,0.22344188958969063,-0.92221325650548547,0.38649410673592494,0.012042216737263023,-0.075546040418657159,-0.21062784427615777,0.97464286125361932,-20.133559261262402,-13.098251130955749,-2.7984473891171007,,0.5738676972743528,0.1839080459770115,False,1
0.92040355502107574,-0.38820652994671756,-0.046400280293266538,0.39090296969790428,0.91593510573847559,0.090872164919773651,0.0072224778244568046,-0.10177707100607428,0.99478101290258836,-1.5422111610953904,20.207143053703984,-1.5385585096647394,,0.2138531362835638,0.2666666666666667,False,3
0.53283045697433329,0.82481114427896052,0.18915147473322894,-0.84441767447176752,0.53283058008458639,0.055230100184729854,-0.055231287873952761,-0.18915112793730632,0.98039346980680642,-17.602050386568585,-1.4138262594173281,-2.098971550299884,,0.2925389733213399,0.3043478260869565,False,2
0.36738584245364325,-0.93003823630394866,-0.0075180966518925514,0.92831921223935365,0.36717838371752681,-0.058339306799872565,0.057018268580622512,0.014453841815408522,0.99826850271099044,-7.7168564073674322,-20.286818105576394,-3.1120507552028984,,0.2449078502122412,0.9130434782608695,False,1
-0.9185555700141812,0.39308607556472525,0.041701342820655574,-0.39526126450942844,-0.9120463363026946,-0.10927036750756934,-0.0049191030005841189,-0.11685383020660794,0.99313694161062949,-3.5777443860935811,-23.975171489086954,-3.1337531919993382,,0.1085135271426909,0.2727272727272727,False,1
0.94165061482672618,0.33316096488157837,0.047936323134188677,-0.33319772754994154,0.94282748419853224,-0.0074571707384181868,-0.047680121140833073,-0.0089502245247119923,0.99882255657797081,13.637307741163797,11.318978108490816,-1.4223117980615432,,0.1244583930672746,0.25,False,2
0.90089290114456122,-0.43400074160831809,-0.0059444891088775813,0.43400082183076816,0.90091147239645708,-0.0013437092933082789,0.005938629265525382,-0.0013693749950735225,0.99998142857483563,1.3971022126337196,15.742579540142644,-1.5527837728564722,,0.1624216764998886,0.1333333333333333,False,2
0.22891888733225829,-0.97318982322102887,-0.022309437500375204,0.97098099494688184,0.22990912050524873,-0.065861246271735646,0.06922463777098517,-0.0065851566059780386,0.99757936287693449,10.611953980959321,21.639376956464169,-1.4122117502973448,0.610886246903145,0.1950248029392038,0.5675675675675675,True,2
-0.54250655519986568,0.78181101852021462,0.30734047713498414,-0.83878180061993524,-0.48402332634271311,-0.24933212890623291,-0.046170645587363807,-0.39305591316824146,0.91835468126945707,-0.53985874866213623,20.834382037982781,-1.5854660179955109,,0.3949542577294408,0.1956521739130435,False,1
-0.36124781520894472,-0.93245857768462903,0.004584420260234286,0.92939992012408223,-0.36045275915137065,-0.079306978844947418,0.075602939626135554,-0.024388713014882289,0.99683969934857841,-1.1434816032175572,-30.189856048533294,-3.4324118365727321,,0.2769038519945438,0.9444444444444444,False,1
-0.8747966145359608,-0.48242374043657771,-0.044701430174019681,0.48117158399742505,-0.85431759135467755,-0.19650791295861503,0.056610864238502749,-0.19341351494950712,0.97948273199941926,25.721276813044049,-0.88404903377194932,-1.8873456007883551,,0.3673621705143569,0.3125,False,1
0.36986344116260045,-0.92871964720568667,-0.026093136750961452,0.92734301494405236,0.37074345427554151,-0.050835260856162037,0.056885565179879402,-0.0053951835913255055,0.99836612746435938,-20.040927992008264,11.730636857580672,-1.4987354890852993,0.2905184154386072,0.2368912005035438,1.0,True,1
-0.46530789209646489,0.84266628005834443,0.27092823035884472,-0.88365879829109217,-0.42447688223623053,-0.19739935321512714,-0.051339008127212725,-0.33125959140776551,0.94214191571380224,3.5866974770308451,19.025152905734789,-1.5760081438695996,,0.2987950706534966,0.2222222222222222,False,1
0.91609030566080107,0.39516124116192142,0.068015772859450166,-0.39762652188274511,0.9171483216498999,0.027057442417961007,-0.051688499395216879,-0.051831935890339423,0.99731727622263178,2.6778966099545176,16.563934138654915,-1.551925907956256,,0.1365896107640942,0.5185185185185185,False,1
-0.28976527362639237,0.94648051688137258,0.14216440259147703,-0.95515773147333449,-0.27651739335447001,-0.10588597253254267,-0.060908079980697138,-0.16647150607962596,0.98416332153593589,30.860986948569902,0.13021628745529984,-1.951730644531005,,0.3232762990571491,0.6818181818181818,False,1
