axis_00,axis_01,axis_02,axis_10,axis_11,axis_12,axis_20,axis_21,axis_22,location_x,location_y,location_z,dbh,dbh_approximation,score,reconstructed,number_clusters
-0.90192425114841701,0.42973303581922184,0.043152788043905002,-0.43135970918586303,-0.8913307627255519,-0.13949291275965622,-0.021481305394565019,-0.14442641498244249,0.98928234805532833,19.66810404052692,1.9053210743028126,-3.3022378841263351,0.3091088326380663,0.2718984443170337,0.9178082191780822,True,5
-0.097502725315267505,0.99106294840844211,0.091035437320092352,-0.99138702301819792,-0.088682398428789069,-0.096370134377988928,-0.087435628591608,-0.099647701934778607,0.99117372158058492,-6.1265641950295571,7.5265657701725921,-0.64099539024303387,,0.1976688924342339,0.8888888888888888,False,6
-0.55041567416121151,0.83364722138561298,0.045551025385874917,-0.83177100568002571,-0.54282996846284814,-0.11615773520803652,-0.072108111524960578,-0.10182306032853655,0.99218571076065876,10.620728418195815,14.014409979417676,-0.9652523320366716,0.4194084169982587,0.3468558485444298,0.9741379310344828,True,5
-0.85817266536531789,0.51207540661682371,0.036310526820763037,-0.5125355654309226,-0.85063686791474136,-0.11715038673689381,-0.029102759116464934,-0.11914569602975238,0.99245016627002269,12.26568958508253,3.1124564786133191,-2.3877265699625241,0.2998218819312874,0.2646398617018496,0.9166666666666666,True,5
-0.83965874379988059,0.54184941194479719,0.037046035354448552,-0.54189412436275586,-0.83125128537999748,-0.12398410597823648,-0.036386150408190633,-0.12417936756634794,0.99159242268650538,7.6351202743967406,8.2536481291201707,-1.3851394607748411,0.2689752366137763,0.2617080371259997,0.8951612903225806,True,5
0.88282246388339958,0.46864590463024502,0.031551756466854416,-0.4658038714526318,0.88215088847750123,-0.069545404579278922,-0.060425579042193894,0.04669931510905545,0.99707969759982629,-16.26439290067826,16.092651645792312,1.0456602615122896,0.3225562134357339,0.2840115527159968,0.9402985074626866,True,4
-0.98384444868722287,0.16160673766876099,0.077028326785647,-0.17798473214465188,-0.92928203095351791,-0.32366084420316132,0.0192752668135273,-0.33214179093719415,0.9430324993351511,26.808290747535025,9.1661742381072457,-3.0125747414556594,0.3632280303128719,0.2442304238447403,0.1818181818181818,True,4
-0.52992810590460204,0.84608268996101643,0.057621908339545364,-0.84521160418740859,-0.52139118129397233,-0.11733959355572492,-0.069235444096991533,-0.11088425414460812,0.99141874879562641,15.785508302567782,12.444358198368189,-1.6122656119390388,0.3281287034122522,0.297053603666576,0.9821428571428571,True,5
-0.021076958484026489,0.99861669274082232,0.048171182261243145,-0.99464865026947769,-0.016070149061447849,-0.10205788958356117,-0.10114259408463944,-0.050064471319750531,0.99361145543582829,-3.9141344262864974,10.087531192967756,-0.48138224058692219,0.242934324645335,0.2107391664843301,0.9036144578313253,True,5
0.99656411423074553,-0.077733375738786636,0.02859175621995777,0.07799825942156724,0.99691921789773563,-0.0082670740514721175,-0.02786104367561959,0.010468776548347811,0.99955698535045256,11.016004201742748,-18.596695475583676,-5.2718002601589262,,0.1993950510582391,0.2631578947368421,False,3
-0.48420462732177633,0.86122711401539165,0.15438178961554941,-0.87303812631185251,-0.46389102088144546,-0.15036472575527907,-0.057881852821673033,-0.20758848433930582,0.97650228483278034,13.840920277831318,6.9757447231279004,-2.0499877129773503,,0.2480794186751271,0.2888888888888889,False,6
-0.78571483174114332,0.61672888537997994,0.047934174864632167,-0.6171353694139009,-0.77620267797555254,-0.12904781486699921,-0.042380880127170527,-0.13097665685742185,0.99047916502978417,12.174057734119597,-6.783321496589414,-3.6352974237590279,0.3044611997519118,0.2652900328307003,0.8736842105263158,True,5
-0.17067695212740142,0.98368391349476314,0.056880017089728743,-0.98070674286704485,-0.16400955070108256,-0.10637270220286954,-0.095308249945175422,-0.073937984895831255,0.99269809704760259,-11.58206939564027,9.6257569013772564,0.0088840559671969684,0.1589876386434665,0.1549108744819665,0.9367088607594937,True,5
-0.60330579091757131,0.79480354994591784,0.065646322354657102,-0.79483262692661283,-0.59250076798258144,-0.13108750937061711,-0.065293321390968773,-0.13126369236547797,0.98919493794111035,11.817737834959532,-2.327314174854151,-3.1035871866894236,0.3016692071436826,0.2470682768779301,0.9790209790209791,True,5
-0.83479439405763822,0.54916793270253828,0.039152283983950126,-0.54944406861176598,-0.82646124799445331,-0.12277223232799298,-0.035064727537630992,-0.12400156150093539,0.99166228002684476,5.9754400312248244,-0.1934067426188327,-2.4544210626752845,0.2196415667775767,0.1928762385285605,0.9128787878787878,True,5
-0.86585991877349089,0.49884184340849524,0.037992319307691133,-0.49951383818819617,-0.85780708738491096,-0.12104927216101542,-0.027794361299729523,-0.12378940219998334,0.99191917885627656,12.549196692311822,8.4926339985006365,-1.7588179849758188,0.2986810923730976,0.241813988239013,0.9390243902439024,True,5
-0.87635851144119081,0.48024759360225627,0.036851163669853172,-0.48093440583406816,-0.86827844803563725,-0.12163319432563136,-0.026416977677472697,-0.12431727762490223,0.99189079931932067,-3.0722091304729751,5.3992012430717873,-1.1225539668490594,0.1817974821998334,0.1228924865242761,0.6724890829694323,True,5
0.29631219357217076,0.9487608998278495,0.10978086763319708,-0.95024291296495167,0.30442092177674129,-0.066078050398615557,-0.096111863473408748,-0.08473875938700276,0.99175695226059291,17.640402667772019,-7.0815594679578941,-4.0974260093481609,,0.2321195133766169,0.3428571428571429,False,5
-0.97810126899909666,-0.20670413589886422,0.024316821022890997,0.20225052261771817,-0.97153649618262927,-0.1233351640289113,0.049118567601420443,-0.11571619068860874,0.99206709930795534,-22.958731301372197,5.8374134774444935,0.13923109074762666,0.2474754649055469,0.2283390347424038,0.9230769230769231,True,4
-0.89933924346600591,-0.43714360767518884,0.0097155252411983625,0.43097442621890514,-0.88996105188058228,-0.14909852474418467,0.07382390606895059,-0.12990301152909187,0.98877461460557059,6.7869285930489429,-23.898522430180236,-5.5976602998512481,,0.1519160038017314,0.5,False,5
-0.85237249331145326,0.52122079941740762,0.042308520426676793,-0.52189484036074041,-0.84278745057445992,-0.13166278425978467,-0.032968291597430248,-0.13430633420982024,0.99039128648240127,16.976604913073874,-2.5768821488203955,-3.4749195345961641,0.1673624603838858,0.1879927105962647,0.5555555555555556,True,5
-0.0021079232368415145,0.99729150854809634,0.073520090026411286,-0.99481252520105101,0.0053859636389238658,-0.1015826318756814,-0.10170347271719681,-0.073352834802373035,0.99210673078238909,-13.957697830506151,5.2792624239748518,-0.33299469317008595,0.323632198831373,0.2795469719210341,0.975,True,5
0.45667407090559181,0.85948819046057356,0.2296276190298609,-0.88342441793410564,0.4685634166979038,0.0031019881000170363,-0.10492897960192241,-0.20427524321658491,0.97327361735973483,13.643966082115108,11.805697899403068,-1.4981263587762925,,0.3691986771791007,0.2978723404255319,False,2
-0.245409825244358,0.96504777199834868,0.091960945159113697,-0.96478982188500217,-0.23387659086483195,-0.12034259359242068,-0.094628839476346996,-0.11825623876340643,0.9884638813496891,-6.6046549266994097,7.5780195958954844,-0.57364705930865845,,0.2507554881482164,0.651685393258427,False,3
-0.63323959721377965,0.77240388984274155,0.048988197316640517,-0.77125045089175848,-0.62447308677421887,-0.12331304024287035,-0.06465566115810048,-0.11586886920343514,0.99115793425151366,0.33907893552983215,6.5124163168936464,-1.2353956006441407,0.2610881097445744,0.2460324537385966,0.9022801302931596,True,5
-0.56563911942261658,0.82361974434193441,0.041266249029137572,-0.82170065224102684,-0.558677556118098,-0.11263847653702544,-0.069716746090730419,-0.097621232424291049,0.99277876200817494,0.61514894690569466,15.972259627136546,-0.13199470177726308,0.2443595080566527,0.2199038062814445,0.7432432432432432,True,5
-0.99256789208203422,0.11703607761912228,0.033339708207448707,-0.12108863342241084,-0.977108387593834,-0.17491924350874141,0.01210464636906193,-0.17765628451959742,0.98401815130970582,1.7434106137004255,19.683718671030871,0.21712458217805547,,0.2325647199084813,1.0,False,1
-0.88826286058716086,0.4570905808935275,0.045357373820925126,-0.45868636419631725,-0.87742470856713517,-0.14047312944559984,-0.024411263832025035,-0.14558187268439243,0.98904499824013459,22.124109194607694,9.7695636982282945,-2.5382601500142741,0.3863682242957915,0.3204772876142447,0.9523809523809523,True,5
-0.85284605432505101,0.51416903733290176,0.091015430946354586,-0.52194172615997581,-0.83436811001879196,-0.17721933155503988,-0.015180320001179401,-0.19864555880217302,0.9799538253677238,26.948235046244061,3.6660460577062608,-3.7251604880301432,0.3678090327700145,0.2844640261275839,0.6756756756756757,True,2
-0.84826985630686202,0.52817540223723258,0.03832747516695463,-0.52853385529503039,-0.83988648944210365,-0.12346112205707226,-0.033018399236001278,-0.12498571648055169,0.99160897332957565,-7.1657802163826183,13.258427077551898,0.14540088881439664,0.1779306050221161,0.1651484759415273,0.7391304347826086,True,5
-0.59456145284553452,0.80177039539996731,0.060505469590667209,-0.80110110057014261,-0.58426196585659662,-0.12990374097265622,-0.068801929155461752,-0.12570675524236929,0.9896787894215584,-5.683467357225056,17.906906005495049,0.53863799322407702,0.2649643076888992,0.2390085991386796,0.8717948717948718,True,5
-0.99991235233580944,-0.011974616469248972,0.0056476726784633266,0.0095352436717823872,-0.94727460312688838,-0.32028097882783546,0.0091851387789409142,-0.32019905501298873,0.9473057576064875,-1.5435773383360147,6.9010289301766763,-1.0366766504256169,,0.2402633611109611,0.2396694214876033,False,5
0.98157678208140098,-0.19106343264634415,-0.0013362575043245201,0.19100929957561519,0.98107718074167238,0.031670378962124823,-0.0047400795726265516,-0.031342146278894742,0.99949747449019466,-23.799411007031374,17.705761402133859,1.4911945258957453,,0.1639778017044796,0.1724137931034483,False,1
-0.025167960347333946,-0.97672064079072729,-0.21303371476202101,0.99498963095883564,-0.0038485153862385657,-0.099904070055838817,0.096758503793491379,-0.21448071890655587,0.97192376921288015,13.66497781287203,-2.1716353423665402,-3.2014482315735879,,0.2427404339652849,0.2884615384615384,False,5
0.71620187975079141,0.69541680185901089,0.058739587448481456,-0.69236784604628065,0.71858051963897107,-0.065336073930252897,-0.08764492685070896,0.0061244173250315503,0.99613295212524822,-8.4262610366057853,9.8503222688658614,-0.1818720206169645,0.2586734363247701,0.2067449136692205,0.8769230769230769,True,3
0.27216992722853417,0.96086675041783876,0.051561794517627581,-0.95661355108056378,0.2759780745918925,-0.093416359560763107,-0.10399059862049247,-0.023899587569986579,0.99429108671079647,-7.1076397705667249,2.66576166599457,-1.200570645592467,0.2485154730813893,0.2190503095173728,0.9475524475524476,True,5
0.22190399265490143,0.97271199935542507,0.067749423272712841,-0.96965040988775686,0.22745218974491005,-0.089686030042313403,-0.10264843227404266,-0.04579156789428835,0.99366313792022298,1.1739479233185237,12.663952787800033,-0.54763926023210796,0.3393001597422535,0.3372474398504237,0.9702970297029703,True,5
0.58911896260317664,0.80519981495134552,0.067765078791923491,-0.80234028097799126,0.59284694186033515,-0.069156178661097689,-0.095858861987374575,-0.013629436127981828,0.99530162114271559,8.3135874817087334,25.34450782223513,0.35103770365291193,,0.2369655666982145,0.6521739130434783,False,2
0.37299102267670026,0.91742481001143239,0.13859803381749608,-0.92278867453002345,0.38235851080842015,-0.04757132930125646,-0.096637255557629365,-0.11015301715274892,0.98920551638698129,7.7962187923464867,-22.692839782997183,-5.5396277502114373,,0.3608157956926317,0.3478260869565217,False,2
0.97075643756852392,0.23735706570306911,0.035966126843148254,-0.23527447696755305,0.97042601635241588,-0.054030244067790292,-0.047726925387173422,0.04398829557063557,0.9978913620459281,-4.7559462870416693,21.431305061508894,0.87121112723766414,,0.1961269736110171,0.6206896551724138,False,1
0.10048144574807701,-0.98889462380560889,-0.109502977442343,0.98821920837390465,0.11196639516049363,-0.10433754144897379,0.11543948744354514,-0.097728958672064936,0.98849520756331632,-13.968488119969203,21.543941887346669,1.4674277877878468,,0.1595685783003827,0.1666666666666667,False,2
-0.99436181976466909,-0.096990819683162532,0.042864347556939408,0.079108201625451333,-0.94769022517833346,-0.30923313137020808,0.070614898073145888,-0.3040986977917296,0.95001974620083107,9.3953447182619811,-23.110500650081892,-5.7170706534369016,,0.2884236971562616,0.3,False,4
0.7803383409795519,0.60892283106620637,0.14242562762227223,-0.61728419068835505,0.78649927652302987,0.019470900209650269,-0.10016137740418764,-0.10311097824707213,0.9896139775899635,10.273936374667716,-20.664332772564428,-5.3960061430156196,,0.1758022748405594,0.3888888888888889,False,2
-0.6275563866944317,0.77153268389434826,0.10445237767428941,-0.77599242820424108,-0.60891341853575054,-0.16449984831844489,-0.06331455510950415,-0.18428718460568372,0.98083102556016011,19.210781635714984,-10.582346688471773,-4.7308275158259949,,0.2507776081263596,0.9545454545454546,False,1
-0.36637337461080993,0.87015479609175705,0.32954693325048484,-0.92657626015888084,-0.30883310936124775,-0.21465913600926786,-0.085011672647166442,-0.38399575700881888,0.9194130051902436,12.117848683721846,-18.480240005236567,-5.3562399525387914,,0.4371203202387467,0.3404255319148936,False,1
-0.72845331068545627,0.66807159161532848,0.15177655493508024,-0.68266913687305952,-0.68920764245107824,-0.24280789762283173,-0.057607497015503606,-0.28048738663902462,0.958127445710653,13.723784552244453,-15.419758860613834,-4.9965711907553532,,0.2746559552525338,0.3823529411764706,False,6
-0.55049008689762358,0.82644256448076525,0.11812430673617755,-0.83182785934972214,-0.53097240990279049,-0.16164996854834629,-0.07087366673952572,-0.18724579444270181,0.97975299735515753,26.203510582268681,-5.283945394994868,-4.8185537283430602,,0.1888667786808091,0.1,False,1
-0.20349782087553642,0.97705306950622361,0.062896234127128803,-0.97456379683510586,-0.19598171102108206,-0.10870407004151771,-0.093883133720867123,-0.083417434111314956,0.9920824002516293,-29.970101710558396,9.7499007047383852,0.81232442460351884,,0.3303248979352316,0.8888888888888888,False,1
-0.86706903707736394,0.49449075793728203,0.060581971380475386,-0.49753100093352093,-0.85325598514964263,-0.15625980582479054,-0.025577100144878198,-0.16562944822985087,0.98585632717310978,11.689917684956315,22.93861674109419,-0.14527427566493181,0.2307040625570172,0.2046149596784486,0.5714285714285714,True,2
-0.0098860526959112498,0.99510568323683157,0.098320624244618182,-0.9960429869198838,-0.0011150530163191452,-0.088865768800399925,-0.088321198869857967,-0.09881009992166051,0.99117906050504401,11.051129367158239,30.939250377330293,0.7510118725977325,,0.3534419646559364,0.95,False,2
-0.99515995884205954,0.090325185420230325,0.038704227111141541,-0.097178498122103066,-0.9630709996948007,-0.25109876353655919,0.014594376321111421,-0.25364465384797186,0.9671873622799978,-9.3904385873559946,20.383850749051195,1.0713516207214908,,0.2502600836313136,0.35,False,1
-0.98326135259995384,-0.18219985978954242,0.00056883739449730547,0.17932986653336652,-0.96831572570404589,-0.17379716431338266,0.032216633164178637,-0.17078602532677856,0.98478130673802222,-11.611302546383191,15.58921564992796,0.702125310334625,0.2103678698806949,0.1916069273857141,0.25,True,2
-0.93101945579584511,0.36230638848841318,0.044009701090679386,-0.36468889148830741,-0.91878705810882888,-0.15110378644081768,-0.014310323358942889,-0.15673041412631333,0.987537742029719,16.009785577311124,25.646715356806041,-0.26791293678171962,0.395906662572608,0.2678968714070932,0.8333333333333334,True,2
0.86509039312365366,-0.49043572760314502,-0.10531575767916267,0.50074487718664951,0.85670804193495487,0.12371701117995951,0.029549614151281711,-0.15976272398262584,0.98671307497628769,13.509355736169841,-19.044195161308533,-5.5470842250862695,,0.2898247306155928,0.1904761904761905,False,1
0.97947865126989631,0.18894380355076337,0.070155618493993765,-0.19668080433227247,0.9720854678867773,0.12793163928659196,-0.044025366707327249,-0.13910457297700471,0.98929858226077017,17.076477003092837,-12.16555460424102,-4.8238683966443281,,0.2332422813764577,0.2173913043478261,False,1
-0.99858644468835667,0.04365544691808218,0.030320198532472201,-0.049436595124164345,-0.97237115293477427,-0.22814548867515477,0.019522693133773139,-0.22932191978674477,0.97315482918090901,3.9465112635407822,28.082843136176976,0.95304130303648804,,0.1776869508226406,0.5294117647058824,False,1
