axis_00,axis_01,axis_02,axis_10,axis_11,axis_12,axis_20,axis_21,axis_22,location_x,location_y,location_z,dbh,dbh_approximation,score,reconstructed,number_clusters
0.82335422389558544,-0.56742683160928131,-0.010705735058918045,0.55977788041641796,0.81507311032691299,-0.14934707703371991,0.093469495504159131,0.11697271302259167,0.98872687726102293,-17.565971509732687,14.151523937486068,1.1932665772204529,0.3362322176560578,0.3053903174286303,0.9607843137254902,True,3
-0.23907752787014264,0.95786089778185401,0.15919935982296629,-0.95486357750758544,-0.20215656872066459,-0.2176425281798188,-0.17628807111349637,-0.20404710785411384,0.96295757630305567,-26.520087958904064,0.28518925879613144,-0.66610430186653224,,0.1896810448834776,0.4838709677419355,False,1
0.44682067082797255,0.89076422977366831,0.083008283180446035,-0.87721151501360906,0.4544512019839666,-0.15483559972712349,-0.17564522779845429,-0.0036320753092730154,0.98444683044874404,-18.819188612107563,-9.0260573741918755,-2.6124741302389642,,0.2063944580669721,0.5,False,2
0.94792543820052577,0.28475713431199801,0.14265601309009607,-0.30840825317651455,0.93250306421040796,0.18794250347064242,-0.079509200630831667,-0.22215177176115505,0.97176482613769699,-2.8319359530433545,2.6466621594365414,-1.4832235156069298,,0.4572518181274699,0.319047619047619,False,7
0.45386323718347027,0.88959299990392704,0.051307469780462189,-0.87349648857961948,0.45555285247152155,-0.17168425392019857,-0.17610237469272283,0.033104276566511576,0.98381505401197866,1.5673169209602336,-18.455507908167927,-5.4254285940749787,0.2791158457227775,0.2942831932898189,0.9759036144578314,True,5
0.45451339821440478,0.88602530065693064,0.091524518241782551,-0.88142169878091459,0.46220170562205598,-0.097290144609974774,-0.12850431806659796,-0.036452022109326236,0.99103879355067659,7.6343537800255561,-23.665323690923632,-6.8808969719315636,0.3113441059552074,0.2688342925832927,0.1346153846153846,True,5
0.32101820882336729,0.94613345462108434,0.042175770895251929,-0.92914725825972544,0.32325304361757351,-0.17942363907916245,-0.18339215379146229,0.018410753345449449,0.98286741836779834,-12.816314206543622,5.500887004742566,-0.45883140743214695,0.3390782271350151,0.2984754547970698,0.9906542056074766,True,5
0.62417176739332858,0.77323762645020044,0.11186231640167391,-0.76373176696199263,0.63404152175660289,-0.12126473857508349,-0.16469181194643759,-0.009742778363012107,0.98629695596588363,-6.2055329456789563,-17.613783737824463,-4.8657383165381294,,0.237929594124237,0.4634146341463415,False,5
0.20290573188978947,0.97433467116641037,0.097474163393752047,-0.96119270257369782,0.21718726963525442,-0.17011254635521292,-0.18691669932175678,-0.059174643821710476,0.98059191769218346,-11.984123273033463,6.736109516969238,-0.26603873186940363,,0.09968717833173857,0.5416666666666666,False,1
0.6737987709797677,0.73725477314299692,0.049503693842188751,-0.72321272443872509,0.67173661604641699,-0.16041594020677638,-0.15152086138901724,0.072286362063500059,0.9858073394043857,-2.3499603475037758,-17.465925189141537,-5.0150385744708368,0.2900349946498688,0.2663909697895438,0.7191011235955056,True,5
0.41308625257332671,0.9000664470079085,0.13870882778498811,-0.89156003254355254,0.43074584827093687,-0.13992398853767196,-0.18568913890118968,-0.06586657094392194,0.98039845905949086,-4.7894114531055507,-19.133122902118725,-5.2100118001802569,,0.1866564246816287,0.4,False,4
0.62956266453731535,-0.77680807232063276,-0.014834763165571682,0.76565157252469307,0.62353900981473009,-0.1580404148619306,0.13201712355274597,0.088138084939308303,0.9873212025840884,-20.398967751279248,-9.8807849252123869,-2.6890887474339875,,0.1894756262353399,0.4615384615384616,False,1
-0.41848678404408962,0.90660308300883596,0.054218644941644384,-0.89413769651007546,-0.40078900781568405,-0.19971467370670323,-0.15933170199332844,-0.13205688582195252,0.97835289525146107,13.620012753849803,-21.706524474367672,-6.9969147200698707,0.3067215468524409,0.3023682165525288,0.8653846153846154,True,4
-0.48953365520083802,0.86983248081795994,0.06122300008804802,-0.85238211521444107,-0.4625444265155248,-0.24392085429905463,-0.18385192435289668,-0.17159285769955149,0.9678607136867573,-11.43517345505588,-24.580504180362517,-5.8938671626589931,,0.1989437966593625,1.0,False,2
0.81756809380998141,0.57352575466638311,0.051484179300726921,-0.56421599138150647,0.81573527754979447,-0.12742163093503428,-0.1150770483341387,0.075127662649092083,0.99051153817186155,-15.25465920780251,16.873064204587475,1.5680984926919477,0.2563340450582486,0.2224788651739706,0.3888888888888889,True,2
0.92660341196408902,-0.35388362047531036,-0.1271711449024302,0.37256412406528217,0.90982276304826437,0.18280731193989616,0.05101068903649035,-0.21676928518244434,0.97488921760655156,-23.023468199404995,-1.1048809974671348,-1.0755169297282579,,0.3403489051428658,0.3125,False,1
0.27165860951394533,0.96015682816196102,0.065577932347043011,-0.94432598060295914,0.27908058184177531,-0.1742483032833233,-0.18560722570851235,-0.014590893489424037,0.98251568109214971,-8.9083346330198143,7.6397480857729212,-0.31497170782243294,0.270830514235286,0.2635130577747065,0.9766081871345029,True,5
0.24286076438430351,0.96609627289706823,0.087616440335509888,-0.9513323115997615,0.25486086806634484,-0.17324194305861462,-0.18969839753916484,-0.041278680003886015,0.98097430575332123,27.458026225634228,-2.3631307051738393,-4.132180185407158,0.3177464595854042,0.297507169972513,0.5555555555555556,True,5
0.50288480630216426,0.8629850332114769,0.048617939522586612,-0.84733623540298364,0.50330997297382107,-0.16941185105591702,-0.17066978573706415,0.043998904055427474,0.98434542751941856,7.0085904769790703,-18.896444493804527,-5.9028794568910294,0.3823355048245483,0.334021289272175,0.9210526315789473,True,5
-0.9996154546501872,0.017571838057981182,0.021451651026515625,-0.021339507267119737,-0.98146825626296041,-0.19043289468403288,0.017707858540655395,-0.19081743226290282,0.98146581157496082,30.976699832756822,-7.5556251438136632,-5.3393248176712058,0.2801070040856586,0.2747797371019414,0.8333333333333334,True,2
0.016731061814018056,-0.99969110091927937,-0.018378637418890342,0.98156497587915992,0.019922329510060933,-0.19008760852364254,0.19039503590671822,-0.014859459266477026,0.98159509308695514,-17.179045947273199,-7.2572634661550417,-2.4232472009506525,,0.1998068333874969,0.6666666666666666,False,3
0.11304674946257816,0.99138731879435149,0.066118201500739437,-0.97533597289273377,0.12342082246317065,-0.18299464627113901,-0.18957893452947214,-0.043800510456634911,0.98088803788526679,16.758483285544994,-9.4378191258013953,-4.7444719646127673,0.3164716032595222,0.2811982028787166,0.9902912621359223,True,5
0.68346296285162322,0.72738182264359219,0.061595961700166173,-0.71427495012083908,0.68378052830995373,-0.14918272263916946,-0.15063091993331171,0.057964413150207325,0.98688928090652528,-1.1965002411908752,-11.799193957564304,-4.0910181028478378,,0.1539503246202381,0.6223776223776224,False,5
0.99622881594909896,0.083359229989181632,0.024070418531214145,-0.078976275263815801,0.98608614492021229,-0.14627666506264564,-0.03592901638106849,0.14382403683670592,0.98895083407107964,-4.887747648109066,1.8420712971435125,-1.5385689152384823,0.3370634488808361,0.2919077736405912,0.9198036006546645,True,5
0.025034713649209242,0.99698751187850376,0.073410927461872208,-0.9815720263180614,0.038430807885258281,-0.18718822119765322,-0.18944556015477715,-0.067371909306449998,0.97957715651910049,-23.092015621799021,-3.335591135495497,-1.4292178735126602,0.2825533534816026,0.2709437223349818,0.9183673469387755,True,5
-0.10979646085789424,0.99153484263920422,0.069306514957327703,-0.97699446949748514,-0.094834467626357291,-0.19101892660507133,-0.18282927488345269,-0.08868528391156455,0.97913654648527781,-14.322870186479278,-6.0278561488312956,-2.3564196903591501,0.2836204126492594,0.2576865992310135,0.5294117647058824,True,5
0.04229701008563938,0.99626035132446611,0.075341059965113616,-0.98126687798906209,0.055609497257496393,-0.18445296955150428,-0.18795285871572953,-0.066127877582907599,0.97994940007480269,-16.859355006752665,-9.2728311167472324,-2.8027394166738877,,0.1961773207131084,0.9354838709677419,True,5
0.99072416176958444,0.13355580695638947,0.025069537574181289,-0.12844791165708599,0.9806122682489018,-0.14798889603844853,-0.044348272535569153,0.14339604523128557,0.98867123197508866,-0.16723586242304223,-14.186165860047826,-4.5412737724567016,,0.2927218092364992,0.9261363636363636,False,5
0.71660201342666396,0.69554963034337913,0.051887051198139883,-0.68263543681487782,0.71467228782106884,-0.15248731562054221,-0.14314473359998597,0.073852777536029646,0.98694242612869854,-9.9437906368864031,5.4470166430276858,-0.56777698668284238,0.245137934606694,0.2241523250775542,0.7833333333333333,True,5
0.031733054634125804,0.99654239419533519,0.076787172203544168,-0.98126992298246951,0.045667050750444207,-0.18714662360228482,-0.19000618804019653,-0.069410208522849876,0.97932623341726543,-19.669973535847877,-3.7534235188633192,-1.6701832796988514,0.1636706744991794,0.1585593474441995,0.32,True,5
0.23399933468580894,0.96546040321253535,0.11458848631204714,-0.95525582570440026,0.25024167009664666,-0.15768771038050111,-0.18091605463419363,-0.07256249979106616,0.98081805896897511,23.994701822196348,-5.664682452285712,-4.5593085252933889,0.2276382704923724,0.198058650634245,0.1923076923076923,True,4
0.62855166169183796,-0.77771938082708769,0.0086817780645664436,0.76687970609832889,0.6178525964457624,-0.17364816566774394,0.12968548476591901,0.11580472249076557,0.98476948637225104,24.897397659645691,-9.7540935267269724,-5.5536669699202177,0.2765785321078014,0.3451900906876221,0.9710144927536232,True,4
0.94920189995213322,-0.31215890883186026,-0.039655627143730568,0.31084576388194046,0.94977924583551387,-0.035976315219531665,0.048894418944426837,0.021822003047945987,0.99856553915056689,0.91832273455056035,-17.386640212058328,-5.1623257692878735,,0.2708597942005259,0.1739130434782609,False,2
0.2786862328526557,0.9571428800237014,0.078813011859271601,-0.94061210508967852,0.28859414780549869,-0.17877999220041868,-0.19386297061883473,-0.024308950457645369,0.98072739512592833,20.368709630152352,-10.577467087796617,-5.3463650570174677,0.3440444018113412,0.3036910836228334,0.5652173913043478,True,3
0.99979246613373052,0.0001867982677433034,0.020371297667112674,0.00082910057367653091,0.99875640779274089,-0.04984927767962534,-0.020355275838800854,0.049855822120880085,0.99854897713941859,-1.5229261565054291,-24.042172887034596,-6.2520070587098378,,0.3369615453666003,0.8266666666666667,False,3
-0.89202991528355846,-0.45078386304715901,-0.032810654603159586,0.44016789401564343,-0.84994709976888105,-0.28955509436427007,0.1026394432810363,-0.27273400303363005,0.95659882305604549,-14.933926909507136,-26.966592514713525,-5.997321703695631,,0.1856872742252158,0.4583333333333333,False,1
-0.88890098398709894,-0.42175048747152905,-0.17883390893311046,0.44620328118306668,-0.70873023240127053,-0.54644678564514193,0.1037192003836976,-0.56553336240930119,0.81817745231324823,0.6469525274955068,-12.229377434684798,-4.1993893902983963,,0.2112075635964753,0.2352941176470588,False,1
0.61677191386440355,0.7864151538278038,0.033817334283370942,-0.7714612166146978,0.61245968708072951,-0.17245498821531963,-0.15633297005882038,0.080276631288110578,0.98443672470180699,-10.08127396252155,18.090919481023906,1.4032593687390107,0.3240873649001303,0.2716586667364697,0.8571428571428571,True,2
-0.11399806332777047,0.895013423837552,0.43122547780494286,-0.97501556588805416,-0.017492950180657947,-0.22144670458143179,-0.19065436746509778,-0.44569604871993274,0.87464618236285918,-0.86675748491824023,-10.337243912201441,-3.8019833585269152,,0.5075788785936182,0.2950819672131147,False,2
