axis_00,axis_01,axis_02,axis_10,axis_11,axis_12,axis_20,axis_21,axis_22,location_x,location_y,location_z,dbh,dbh_approximation,score,reconstructed,number_clusters
0.79092990222604509,0.60904017582336534,-0.059160409039689221,-0.61165568059781517,0.78967101199031708,-0.047927249186788284,0.017527639804680709,0.074092894768885975,0.99709729955889714,0.26500850596646736,-14.742813987707031,-2.6059520011170121,0.2922703474447585,0.2729143412921907,0.992,True,5
0.97946477642417773,-0.17683379972891988,-0.096842960599969857,0.18479754141803442,0.97947146968475618,0.080532656478186165,0.080614021300173935,-0.09677524139476977,0.99203625549815422,-25.172230699360693,-13.96124851100392,-3.1797685528181381,,0.2294644098948589,0.5,False,4
0.78529609735453165,0.61672372154599553,-0.054423255711129888,-0.6185690576063595,0.78526844537866658,-0.026940483747563165,0.026122030007678026,0.05482079874490807,0.99815445677172054,-12.464781649479342,19.177371572487282,-1.2223072573182203,0.2858141043974208,0.2059796615062872,0.9347826086956522,True,5
-0.94462394358378754,0.31382063122866871,0.095928184718840598,-0.32523121576121466,-0.85637871314049385,-0.40104881993881164,-0.043706538443286286,-0.41003915800209983,0.91102010263343469,-5.4919325548785256,-15.273375655916889,-2.6255395888158612,,0.4060632329516384,0.1363636363636364,False,5
0.848621597800302,0.52802700330184071,-0.032075965004031176,-0.52847285445374825,0.84892264503491521,-0.006839945352860418,0.023618337205850302,0.022755802139250048,0.99946202910197135,15.371733396023163,1.3856153632434756,-2.240879427007564,0.1909169620885435,0.2332429541250633,0.8695652173913043,True,5
-0.99575609147441158,-0.060216611005720254,-0.069597169846120688,0.071407150985276863,-0.98259353719970277,-0.17149623739762701,-0.058058807081870605,-0.17573815866897871,0.98272339674389975,8.566659427821202,0.74974413901190651,-2.123048975885601,,0.2208511580516528,0.4142857142857143,False,5
0.89996561914704032,0.43208578767790368,-0.057997900307244152,-0.43453803084168519,0.89979446634323468,-0.039327065620556857,0.035193523630265976,0.060595300352903003,0.99754179133990528,-18.830635673414534,-3.0454921769830032,-2.3142028694493724,0.3084127571936833,0.2711759398860651,0.9122807017543859,True,4
0.97894178585506275,0.19516296243855494,-0.059869842150346138,-0.19690460309464658,0.98011242842304203,-0.024661811183012715,0.053866104249702923,0.035931124987871862,0.99790149667693473,11.454693858159915,11.884829542962329,-1.2714152495131645,0.2054946528672885,0.2654457087355938,0.9024390243902439,True,5
0.97587476609294399,-0.19804171121528294,-0.091912575428845178,0.20067442744071234,0.97944863310330721,0.020252142686750622,0.086012877375326882,-0.038208058456098544,0.99556111273725012,-11.361496619538496,20.81548677440923,-1.0878093616347595,0.1498830688947747,0.1835554190490114,0.6206896551724138,True,5
-0.34447136362997738,0.93773222955956359,-0.044696143951724408,-0.93497712238603303,-0.34697118840422198,-0.07368022144438896,-0.084600592513505241,0.016409145700227827,0.9962798199721562,-10.412250902052898,16.674096473431636,-1.2289199425658521,0.242940923277281,0.2182344653358776,0.5897435897435898,True,5
-0.46416583246247273,0.86819584685735107,0.17545954369617012,-0.88050424209953138,-0.43075032292643423,-0.19790512611730005,-0.096241153459170045,-0.24635367015415285,0.96438970835571936,5.5180283673391335,3.7899123039495954,-1.9003643083461053,,0.6013588265856179,0.271356783919598,False,2
0.56297023370563803,0.82593940360217055,-0.029809688671827879,-0.8263804642408934,0.56198633883231786,-0.035590494332810411,-0.01264295386473608,0.044670533275743038,0.99892176829541379,7.1726756675044117,14.515094965327826,-1.1598318279770106,0.1921846304921994,0.1726224520599657,0.8627450980392157,True,5
0.86686262170555817,0.49637697193378982,-0.046466082507660593,-0.49771968201660399,0.86702434515156634,-0.023321729090887887,0.028710855491567967,0.043343819032703935,0.99864758555188216,9.3574812647042318,8.2415358664982836,-1.622533909334132,0.2916989201268704,0.2761703095726346,0.9205298013245033,True,5
-0.10099441696570882,0.9947158533545245,-0.018452610301409086,-0.99217079572562694,-0.10207096857938824,-0.071962695074884536,-0.073465909447388053,0.011040310613594895,0.99723661770445582,1.2475700644156142,0.82473092023861272,-2.0779402816090125,,0.07281573040730872,0.1646341463414634,False,1
0.85221580239075823,0.52080492923164756,-0.049904427093125092,-0.52245387488747497,0.85219538593470778,-0.028372042694452253,0.027752022818834758,0.050251864439160188,0.99835092795562119,-14.30743989903085,-2.9106775170571484,-2.1808127688677748,0.2905174089354495,0.2769069576524971,0.9761904761904762,True,5
0.58028651682878829,-0.81058310571835845,-0.078883376643578973,0.80897646652980804,0.5848754163838189,-0.058973077847445043,0.093939528355527407,-0.029593513374295655,0.99513797484494926,-3.7345483644666904,-13.559202934088104,-2.5474011208829173,0.3026479284536736,0.2924830608998409,0.9951690821256038,True,5
0.62924585359375562,0.77616073863617863,-0.040300912332222272,-0.77718865651533864,0.62803551135330482,-0.039359734032105763,-0.0052390761543108233,0.056088361350077789,0.99841206312930475,-5.5246939201971319,-8.4231777571299311,-2.3402789342626473,0.2997428574039751,0.2712890301058734,0.9854014598540146,True,5
0.31596357882406523,0.9475831733520822,-0.047467319670344663,-0.94794820044507433,0.31321056971329531,-0.057387701581597977,-0.039512354139361154,0.063128983833663457,0.99722289648327633,-4.133042959222994,11.212239989960464,-1.4307181175060066,0.2179744439701901,0.2181066103640387,0.9380530973451328,True,5
0.98178083249593673,-0.13723796456182563,-0.13142350636972031,0.17101852313105098,0.93964093869845733,0.29635716807250551,0.082819452362709156,-0.31343364115041661,0.94599169705951047,-5.167996894093644,21.704572365558548,-0.79823823314426656,,0.4356662526392463,0.2962962962962963,False,1
0.21075712157197202,0.97606043723441782,-0.053735077672353394,-0.97631340123677002,0.20742358987884826,-0.061543455600583358,-0.048924209469204102,0.065432998001988776,0.99665688403797481,7.1437538601408814,19.688081794451087,-0.66384454180860708,0.3432041770769727,0.2550867430646916,0.64,True,4
0.0016160559787420994,0.99897462360583911,-0.045244775992875456,-0.9976759011590588,-0.0014713813476664632,-0.068122179085738227,-0.068118900530860171,0.045249711916228216,0.9966505300063635,-1.8047143980010429,13.621274283125942,-1.1797843157441077,0.2384876591025903,0.2366074163940709,0.9553571428571429,True,5
0.98972571586049585,0.12568828209936087,-0.068157634255760088,-0.12723719453019364,0.99169291378220314,-0.018864280591924684,0.065220423890957072,0.027342649781553825,0.99749620340651368,-16.386000047346727,12.100214642592661,-1.6596850304520576,0.2268108920905527,0.1894752546156249,0.9245283018867925,True,5
0.23991025866532878,0.96986771440764197,-0.042422686581968586,-0.96969009334675393,0.23732390449649424,-0.058124755652843765,-0.046305406296662424,0.05508158407522195,0.99740755383316904,1.2642765497851169,14.394427094467288,-1.0393575411780467,0.2567316099801416,0.2229446188533161,0.8902439024390244,True,5
-0.687517313553484,0.72456472563052754,-0.048227605540367577,-0.71995925564232632,-0.68880024774661508,-0.084928728467742381,-0.094755547484810604,-0.023668060253400798,0.99521917643536895,-23.001252201087173,-10.837903076718074,-2.8744024193465192,0.2797083772683158,0.2526592145205762,0.7959183673469388,True,4
0.99638370997806058,-0.036672984671901755,-0.076645904558634764,0.047855679516323593,0.9875907891933039,0.14958030297662545,0.07020923321321651,-0.15270731906428905,0.98577438507795023,-6.9223762301982115,-8.2814296234597506,-2.3840267544723068,,0.251128669681885,0.2061855670103093,False,5
0.85223874755133244,0.52088677797992222,-0.048642385815569102,-0.52244295920485129,0.85223793326736985,-0.027273787368823174,0.027248331130798824,0.048656650376457222,0.9984438185620309,-10.771877160139081,6.0329240266587014,-1.7672432961605355,0.2831302899403154,0.2503006998064238,0.975609756097561,True,5
-0.13841749291568847,-0.95134879505549197,-0.27527453169772131,0.9898792430430543,-0.12411244352161457,-0.068812684554555137,0.031299869767237337,-0.28201342434281124,0.95889975839135366,6.456517603501382,-20.837031830905911,-2.7340106115186402,,0.2556498131722809,0.2916666666666667,False,4
0.950801734329492,-0.25976591409474276,-0.16881271240801782,0.2865460575309049,0.94452944532726368,0.16048515141054581,0.11776000556014243,-0.2009621774968941,0.97249513330719639,-2.6062886575778319,-13.543047642556242,-2.5876702116659911,,0.3823363493053542,0.125,False,3
-0.74087606958812302,0.66863791008287687,-0.063450726644043276,-0.66460773588879718,-0.74347480093329532,-0.074443117707170464,-0.096949507004529062,-0.01298328067937788,0.99520461590287024,-7.4855234536928146,-1.1714852735691592,-2.0274274725839772,0.2539394710628946,0.2362870564330641,0.9975429975429976,True,5
0.20507807213662527,0.97755823964052424,-0.048196186982423748,-0.97754375319232245,0.20213816317997627,-0.059568226269494068,-0.048489121701609218,0.059330018516303561,0.99706005535246589,-12.641498790462041,-15.291129993688786,-2.6707550751399998,0.3421097538051402,0.288161856994661,1.0,True,5
-0.90268614168990913,-0.39683936814293691,-0.16636179096445011,0.4269915938637146,-0.87394045990052016,-0.23217719810220658,-0.053253247513268605,-0.28061822542518727,0.95834101612552758,17.167541547187234,-1.6249422316014279,-2.5202896282130669,,0.320579397795165,0.3809523809523809,False,6
0.33039186521384839,0.89122403018898888,0.31074256775377795,-0.94329214122523275,0.32304528554425416,0.076430882438628875,-0.032266882452918304,-0.31837316391512716,0.94741615818785907,5.8370463917511435,2.4073806531300188,-2.0361256448102485,,0.3966908938021548,0.2727272727272727,False,2
0.034034541552765925,0.99865799244958375,-0.039036701933711518,-0.99731218503486785,0.031400990393717333,-0.066199572379829805,-0.064884940951438819,0.041184850599001316,0.99704250286478158,14.791775945274463,-10.571413845672033,-2.5073128364002217,0.2533689531636083,0.2363610872284213,0.9130434782608695,True,5
0.63982131966316635,0.76848539844352481,-0.0076727624479087375,-0.76852152464566992,0.63981137943336119,-0.0040081047735096784,0.0018289507319870085,0.0084611539802460292,0.99996253120431666,-16.396840610953173,-18.741608498052226,-3.0083734740931947,0.1860032945069663,0.1607872374343864,0.5,True,3
0.98126823441262012,0.18752358551525861,-0.044131134227907556,-0.18479017919527982,0.98097361228610891,0.059526142755268102,0.054454033879194591,-0.050256112800789524,0.99725076150406589,-3.1945957307416153,-13.827944280381443,-2.607273002398085,,0.1453374771793253,0.15,False,2
-0.15050215130008046,0.98772517178811392,-0.041810135974317139,-0.98573412954785389,-0.15315344885305843,-0.069801482426599143,-0.07534804774235955,0.030708404721782923,0.99668433597647221,-5.6011321451061056,17.112930527720781,-1.0154270988769414,0.267486459961797,0.2580898548532218,1.0,True,5
0.16859705502127428,0.98554152652022986,-0.016820598750604127,-0.98424156208117441,0.1674024326637448,-0.056964664576123224,-0.053325233334353454,0.02615960707724433,0.99823448870864084,-22.494361322090192,5.5625548151150923,-2.1610422734008736,,0.227171587037679,0.9090909090909091,False,1
0.075107196619169578,0.99554986271783863,-0.056915550234543255,-0.995316244144825,0.071361161258677724,-0.065216246482385998,-0.060864465474098524,0.061547181140198512,0.99624668698884378,-0.55551424714559638,17.495486293958198,-0.88607026735868422,,0.2903211272555521,0.96,False,1
0.5383210555498813,0.84214194151131172,-0.031739431299574725,-0.8425696350047035,0.53707358151433005,-0.040353168492836301,-0.016936685617399624,0.048465641303185349,0.99868124559008775,-16.414689211377908,-5.9511590115676709,-2.3793111427014675,0.2575022908839928,0.244115271807798,0.8764044943820225,True,5
0.89651891419606622,0.43994155494481618,-0.052012159361487793,-0.44152879097775172,0.89692897192028209,-0.023890292332904746,0.036140880266428775,0.044382964781142176,0.99836065087262171,-10.998907959302644,11.810073274009495,-1.4264345050104235,,0.2346685030423716,0.6346153846153846,False,5
0.85165455645600641,0.52163652733674448,-0.050792222000848909,-0.52340002559154819,0.85152760708855058,-0.030873088229274863,0.027146448727013453,0.052877856557426176,0.99823193828258328,-4.257575345053402,4.9834047324438222,-1.6930336359228908,0.2935636175995085,0.2702368972616244,0.9755244755244755,True,5
-0.62924070305297686,0.77503929301907193,-0.058053698399780883,-0.77124191177140589,-0.63190338373349975,-0.076707412636202593,-0.096135587315950261,-0.0034939809173313158,0.99536211548801057,10.402621571776336,-6.9630578382557076,-2.4170716325734598,0.3620793513591863,0.3260367155655329,0.9908675799086758,True,5
-0.22551477369669426,0.97324089147834758,-0.044105033714530922,-0.97096868401978886,-0.22823382982924328,-0.071617969633018252,-0.07976779737092321,0.026673696330039645,0.99645652811684915,6.1064374786513422,9.4533976477660371,-1.5150065531039845,0.3084954577998369,0.2597767323010138,0.9612903225806452,True,5
0.85418357270063094,0.5177788646294641,-0.047701902178096112,-0.51925160674083237,0.85422975787408462,-0.025870633147382582,0.02735311728943118,0.046867559200429044,0.99852653388337398,0.74601354782766094,2.2906339770016508,-1.8976742041074035,,0.07534291646201309,0.2753623188405797,False,3
0.53839357021890821,-0.8370292697695203,-0.097541606999483693,0.83729406731715361,0.54443033298710197,-0.050341407996318199,0.095241841553153614,-0.054567518476264579,0.99395743246122337,6.7088792449386867,-2.4375813788260796,-2.2528533653035745,0.316488252666441,0.2750154606018854,0.9978021978021978,True,5
0.84920600348244846,0.52432254875852491,-0.062729805616874829,-0.52734224037848199,0.84824299190636099,-0.048928398648916335,0.027555855311889407,0.074630366105951779,0.9968304686820727,1.0380060429035951,6.8944048137898433,-1.5690577847705398,0.2585700817177913,0.2386360659557668,0.9707112970711297,True,5
0.99466062149581125,-0.071210835023069297,-0.074694477847318613,0.068580972495568299,0.99695159522130117,-0.037204394864921039,0.077116134868965458,0.031883126587900129,0.99651220162216347,4.2614362010671467,-18.680120020377135,-2.5991580938058343,0.3434322886578673,0.2899393749003065,0.9809523809523809,True,5
0.76151489216809187,0.64789865330814445,0.017955613264733564,-0.64814295280555356,0.76132015718697299,0.017387667736106151,-0.0024045238027027988,-0.024878772121954482,0.99968758367951471,3.782409541842247,-8.0784328172641207,-2.2751136997635037,0.3702564960953396,0.3701131891581719,0.96875,True,7
0.77492343383124851,-0.57711910215851159,-0.25773477379456944,0.62241065193516276,0.76773600955232846,0.15227081136682383,0.10999387281494538,-0.27841508860048941,0.95414170141690646,3.8154995791905719,-7.1000585360373876,-2.2380454370497005,,0.4202687292036279,0.282051282051282,False,5
0.98949610122132403,0.12772242304196865,-0.067708554260800885,-0.13139037820814517,0.98992375948790445,-0.052796959340992947,0.060282951007062852,0.061138637976506621,0.99630719798878231,3.8976297163084586,17.745805935361204,-0.82316987648379991,0.2926028903047384,0.2439488299026393,0.8831168831168831,True,5
0.49004443386280072,0.87069505164138516,-0.041792103169038766,-0.87143199232482926,0.48814872516015473,-0.048136315576635003,-0.021511289893096294,0.060007909243033501,0.99796608922117913,0.020311833432807805,3.4426894217663797,-1.7433749307157809,,0.2994746032571863,0.9464285714285714,False,5
-0.97824259906859945,-0.19131985746087737,-0.080237955536407765,0.19922422971263276,-0.97420449189796376,-0.10599676533385284,-0.057888890669290698,-0.11967589609850983,0.99112388540994201,13.467451988823102,5.9771995617907034,-1.7235109587494817,,0.1205894522818924,0.2631578947368421,False,1
0.2897075568788125,0.95652772868997082,-0.033529624729705075,-0.95617232995040846,0.28768990515611492,-0.054488475005936218,-0.042473602678799433,0.047845822372186958,0.99795128656513721,-8.6173095598487173,-8.2993105305120007,-2.3905138184597354,0.2739182631303649,0.2511053666214705,0.9532163742690059,True,5
0.78039828105626996,0.62239901661001518,-0.059983223048654326,-0.62509305046750319,0.77892634007117734,-0.050323304745931878,0.015401337008527284,0.076767316393152069,0.99693007676172718,-3.5936693559596238,0.090629026333378479,-1.88590771829492,,0.227382508510142,0.9660056657223796,False,5
0.43206554922315421,0.90065248345239091,-0.046308371009310123,-0.90139128252176159,0.42965623077860171,-0.053752015282216729,-0.028515205913142074,0.064966355940337936,0.99747995249406662,-2.3582609427383776,-5.6330861498183431,-2.2275173795401173,0.3919840138158434,0.3240613419582872,1.0,True,5
0.96588089444541481,0.25183303963336912,-0.060450127331076187,-0.25343747417876261,0.96713653953053846,-0.020404915750481579,0.053324895004250861,0.035029045860731002,0.99796263533204121,-12.734041350796586,3.0340014039163328,-1.9227164724963155,0.2753948682407584,0.2786487434200021,0.9484536082474226,True,5
0.74941351559651692,0.66207881114950562,0.0055704998093407884,-0.66139090557134006,0.74897176783005837,-0.040041990722737439,-0.030683100703668531,0.026323731125624888,0.99918247007783045,8.2481655806570462,-13.00890306069723,-2.4939093671185435,0.4202394971018372,0.3461300547448229,0.9854014598540146,True,6
0.76936210867849952,0.63707316989808049,-0.047113924966877704,-0.63869787040976211,0.76852830597876465,-0.037805730299064567,0.012123368500868169,0.059177859926009026,0.99817383497603795,3.1980876990782949,-0.88338570276672712,-2.088391558495672,,0.08362053123974353,0.2756756756756757,False,5
0.93063515678975839,0.36594528693463779,0.0015006389392571984,-0.36400779921274701,0.92527062290184436,0.10664237669484021,0.037636778012907768,-0.09979138923352722,0.99429630974657102,5.8227336222717527,3.4239515357674062,-1.9177414313103185,0.6336384308366945,0.7416300860524501,0.3993399339933993,True,4
0.94411696251210797,0.32310891993470875,-0.065144354748028599,-0.32629549507149797,0.94414605652801364,-0.046037743631147751,0.046630580019522028,0.064721324161571642,0.99681329204912605,-19.857607221989163,0.99674658319519926,-2.21691910823019,0.2520564404853393,0.2204718575453575,0.975609756097561,True,5
-0.78953836111986853,-0.60627982770771516,-0.095152229794447374,0.61351667916373864,-0.78355798322520531,-0.098153814556274366,-0.015048611499085408,-0.13587368192093865,0.99061187245721916,2.9638586464271759,2.6614852188266829,-1.8903264366737618,,0.3752772969300992,0.5119305856832972,False,5
-0.12017218676937712,0.9926188041908971,-0.016326515050636509,-0.99027767112799003,-0.12101697108327575,-0.068593197732378264,-0.070062683308516616,0.0079247887329762234,0.99751111178329632,-19.996448187614249,-8.3032899633167805,-2.5928549268445678,0.2398996533796681,0.2551553637956236,0.9285714285714286,True,5
0.89681858404129322,0.43829403640697978,-0.060122915500227879,-0.44101214698349289,0.89646437743647478,-0.043126629829422669,0.034995907349010244,0.065191699145758425,0.99725890762194214,9.280866890143141,2.6923917888308817,-2.0101988184870905,0.3088476236590177,0.2835843289315997,0.9940476190476191,True,5
0.18255065771875231,0.98199834770803274,-0.048523215733754718,-0.98182376429637663,0.17946666784777929,-0.061756060386878933,-0.051936049419876701,0.058914855769223957,0.99691107253372802,10.376057352546548,0.014599554921788105,-2.2635731003699302,0.3645146789313463,0.3368029359645962,0.9664429530201343,True,5
0.69163972675259289,0.71141194632805127,0.12460951408031481,-0.72181077154399031,0.68682635844601903,0.085198376902673026,-0.024973955647189093,-0.14887107162076307,0.9885412007467459,11.08659425819833,8.3790707234835224,-1.5980297266554229,,0.174752781877139,0.25,False,3
0.8467742706296163,0.52860002095292591,-0.059626776269125048,-0.53137095594472405,0.84575753587967051,-0.048364219017152203,0.024864468183985043,0.072637513388847177,0.99704841902016694,5.5068634275765804,0.770586541428808,-2.1229290488597377,,0.2394405036676958,0.9334975369458128,False,5
-0.90213003955716986,-0.37293960207759252,-0.21697337378302223,0.42987648524510097,-0.81999579732942685,-0.37790620502367711,-0.03698106491028174,-0.43419229100052681,0.90006080643133046,-6.72559200979914,-7.82526646942169,-2.3671201968100544,,0.4238745655023831,0.2173913043478261,False,1
0.97762641927809746,-0.17886183669801017,-0.11070242862060078,0.18165185071543288,0.98323964041456946,0.015569670808526004,0.10606219619234271,-0.035330622559503248,0.99373163260933539,-5.9496569891017366,21.427444423603074,-0.84363758607951977,0.4120731665992867,0.2777438236949794,0.935064935064935,True,4
0.51956781082671466,0.85244430547769257,-0.058206494580834475,-0.85421508955162029,0.51670585624619803,-0.057720350858252535,-0.019127747777812072,0.079710502316425597,0.99663451931257696,1.0500436429273319,28.515800754703893,-0.19810034520434325,0.5294373140068891,0.3456515908548389,0.92,True,1
0.91957356929753575,0.38865151888838306,-0.057744675210296088,-0.39089873243296958,0.91979435737451876,-0.034300453703896693,0.039782302996274499,0.054114110985475423,0.99774196632223711,-21.088703494953716,-15.394416316829984,-3.0247236753043878,0.147429153609083,0.2305627555600095,0.967741935483871,True,3
0.85388859146807505,-0.51055164374038053,-0.10105093980098995,0.50977070181076445,0.85958294802883928,-0.035369295065231857,0.1049195164687123,-0.021311370956518392,0.99425234248249417,-24.213460767673389,1.7113484612721546,-2.3443805322947333,,0.2653749278586144,0.9347826086956522,False,3
0.89213515090294782,0.44900487599137523,-0.049894827981910493,-0.4504994592625593,0.89245921248234128,-0.023807378258453048,0.033839469965061236,0.043716992021057652,0.99847068804302663,-18.167860657001118,14.894325078614447,-1.625138463356623,0.2824041795994842,0.2607563053411675,0.96875,True,4
0.71858876383137493,0.69417634174734499,-0.041825770208908181,-0.69541731854984423,0.7177013538949828,-0.036048851275070348,0.0049941522043113751,0.054990664440254786,0.99847437887417967,-17.60262701318327,5.1097589395813481,-1.9622131242417555,0.2892894980711173,0.2772185540316879,0.9555555555555556,True,4
0.72932180337584862,0.6834450561301415,-0.031504957893438705,-0.68404983531822305,0.72928525801178923,-0.014793081078319458,0.012865843218057227,0.032339877828239376,0.99939411764345654,-2.9967683169197499,-24.675325132255587,-3.036210655536276,,0.2368139580614093,1.0,True,4
0.36109288292234104,-0.89895467919862637,-0.24797664133890629,0.92104612205032976,0.38540904377615892,-0.055981336457727217,0.14589712457371815,-0.2081834616928992,0.96714718389637055,2.7532681296523229,-3.2286065737217213,-2.208501763184036,,0.2726792153756268,0.1679389312977099,False,4
0.28664764052612862,0.89844038662652548,0.33262291240860459,-0.95707388387626036,0.28410310812580924,0.057402131974912202,-0.042926809604416402,-0.33479888833691451,0.94131131587034078,7.3098003269930283,5.4062537762839575,-1.8908390827280708,,0.391401174006309,0.2407407407407407,False,1
-0.15363162975056283,-0.96100828960351392,-0.229913874425871,0.98548427752925793,-0.13200574645351401,-0.10674840348167987,0.072236148034228342,-0.24297643963269308,0.96733881794363963,-4.34601860735967,27.537269493893177,-0.52408590344771921,,0.2492215643276833,0.52,False,2
0.32943076063460619,0.94250249517141704,-0.056253182517604208,-0.94337798910123527,0.32611157598846718,-0.060738864704808271,-0.038901717532978095,0.073077264603789591,0.99656729314733861,10.644144933329606,-19.394948303389231,-2.5529224232859562,0.3457185730055308,0.2825112976229842,0.9767441860465116,True,1
0.17363485001463305,0.96918300921785905,0.17474333607840825,-0.98338818915828363,0.18016448540889871,-0.022100398669225901,-0.052901874110355393,-0.16800313342542861,0.98436595779966418,9.3578431300559295,1.4001009271774412,-2.136259443093198,,0.2724345676016556,0.2926829268292683,False,1
-0.91142006753911065,-0.40322321365937291,-0.082003051487192086,0.41016737777034112,-0.90618305851597558,-0.10293195165562058,-0.032805223669496182,-0.127449222927566,0.99130243259822337,14.07121696259723,19.110105712952496,-0.77155797653107594,,0.2120373293734144,0.5384615384615384,False,2
0.99491148362815229,0.089661092726651473,-0.045956807938461096,-0.074868891997065368,0.96316175812130267,0.25829068257258969,0.067422464772222218,-0.25353563091554882,0.96497352041405504,0.92457122104954581,-6.2963159229434282,-2.2652684086450754,,0.0904803687861443,0.3333333333333333,False,2
-0.062647591307939135,0.97151862859053406,0.22853190938002829,-0.9935918270360472,-0.039127150631341027,-0.10603936689098931,-0.094077417856162068,-0.23371054829647811,0.96774419092262021,3.9244321807492493,-4.9916236383766766,-2.2295208351088132,,0.5625941568297537,0.2530120481927711,False,2
0.26614307979421081,0.96214365215230113,-0.05871502108220053,-0.96289161790521038,0.26253040489726925,-0.062590084457216547,-0.044806174189925517,0.073194119487201989,0.9963107083771382,1.1826815600365674,-1.5993680437647868,-2.185981140293892,,0.2843270126338957,0.9609236234458259,False,1
0.70306490184951631,0.70855733776101504,0.060384127818099591,-0.71111576045646074,0.70006720996421434,0.064963657250420942,0.0037575281448378808,-0.088613772281420866,0.99605897433048496,12.472053366659969,-11.424922866975262,-2.4142451001680318,,0.1259499234131185,0.1785714285714286,False,1
0.99356995624252908,0.089117958653065932,-0.069833598630808638,-0.091880034824231557,0.99506800326341471,-0.037386201760253077,0.066157397567592077,0.043562120321109107,0.99685783360528046,13.051754860618214,-12.288277209701743,-2.4522573981458042,,0.2339245638448404,0.46875,False,1
-0.89154376699489879,0.44696198494477979,0.073312315109854115,-0.44299238106271016,-0.82674827119207994,-0.34676367514677253,-0.094379350776187435,-0.34163179022908308,0.93508302201031102,10.199192593561735,2.2133060780564828,-2.0525523111844013,,0.2662927436370602,0.1935483870967742,False,1
