axis_00,axis_01,axis_02,axis_10,axis_11,axis_12,axis_20,axis_21,axis_22,location_x,location_y,location_z,dbh,dbh_approximation,score,reconstructed,number_clusters
-0.68067985258980646,0.73176464669864871,0.034575137314542835,-0.72886751568194685,-0.67172867572500083,-0.13241121852910459,-0.073668737344579932,-0.11533034314844068,0.99059165607596189,6.7329437148995881,1.6752225814841539,-2.3899465130548054,0.2268471429834211,0.1849902201576789,0.8318181818181818,True,5
-0.77245592395973728,-0.63506834606881957,-0.00020337385066828036,0.62726051032414665,-0.76290883917861119,-0.15657060800493977,0.09927788136035394,-0.12107146205675036,0.98766674711060398,-5.5702593018244633,-22.946191296152946,-6.6968169685069947,0.2666247968074552,0.2194375532956787,0.9767441860465116,True,2
-0.89380040592761034,-0.44838390381742516,-0.0085269666989617431,0.4423903559707833,-0.87841527399931107,-0.18076885613611518,0.073563627613670329,-0.16534352482683423,0.98348864329495744,-8.1410956368561038,-13.402281431982614,-4.9571792637314047,0.2673523258604492,0.2575921882540538,0.9770114942528736,True,5
-0.74165449107675085,-0.67076025240709136,0.0054129157079632478,0.66346912697852201,-0.73473330080645149,-0.14133539624742095,0.098779215486075239,-0.10123072891584116,0.98994697136317578,6.6716657123674068,4.8771566882584887,-1.9197979872770121,0.2558575680573967,0.2390312765003083,0.9914163090128756,True,5
0.88615532125575036,0.46108519548346499,0.046143137258880008,-0.4588717448436615,0.88702574713701732,-0.051205914698881597,-0.064540439991147475,0.02420261188363914,0.99762155408940434,11.793337439126105,-13.970707020910101,-4.9684485455359804,0.1756485925780343,0.1270481821897594,0.36,True,4
-0.23736350012370275,0.93952294691466809,0.24689107118282314,-0.96459685616516488,-0.19788439471495581,-0.17434067627658065,-0.11494117576092926,-0.27953246421314376,0.95323141343832252,-7.4936027355456982,2.793958718043688,-2.1098660782135479,,0.7387454382295062,0.3045685279187818,False,1
-0.99693710574300332,0.074521838184330516,0.02372557325738299,-0.077155251248852155,-0.98677023846574197,-0.14258879227691509,0.012785710675964864,-0.14398261044963453,0.98949761671800862,7.4186534652689877,-5.6953869751143591,-3.5319891923717739,0.2101749454526352,0.2073854043199877,0.9549180327868853,True,5
-0.97464481891751786,-0.22327084189569144,0.014751546238586695,0.21865377688890544,-0.9643419529323507,-0.14911446498190142,0.047518447043825268,-0.14210815942024951,0.98870990093997424,-13.276543048154233,-1.2718709005573059,-2.600986120595866,,0.3078188167036117,0.9659090909090909,True,5
-0.99861896970298403,-0.049003112856922423,0.018943291152378795,0.045145398367385514,-0.98481249701455986,-0.16764915368172789,0.026870920259681214,-0.16656242269576074,0.98566470617046975,-16.389786708127243,-21.101573710092257,-6.3712975684461179,0.2479050487275134,0.2453256077483646,0.62,True,5
-0.89739598470093318,-0.44101871572609064,-0.013525495257147926,0.43528667033536911,-0.87988715105663784,-0.1905888665000679,0.072152347647109372,-0.17692115132098399,0.98157676467216137,-7.2791241524491843,6.6388508211461259,-1.3963581109798762,,0.2577731570959177,0.3275862068965517,False,5
-0.88132570644359631,-0.47250924079707562,-0.00012854208193317264,0.46638626008719519,-0.86986138625990617,-0.16070166488208434,0.075821207874676638,-0.14169045858972174,0.98700301842550597,12.726030593960951,5.1301242028933842,-1.91466486644706,,0.1437760246115429,0.6417910447761194,True,5
0.0085665984748735709,-0.99987356920769266,-0.013396230456412235,0.99232553004814517,0.010153027554685688,-0.12323537822453313,0.1233558097749767,-0.012237713485157609,0.99228704645551868,18.410534562566632,-9.4500680313294758,-4.1717449936533875,,0.1361298238802518,0.7777777777777778,False,1
-0.95628380898431598,0.25661789120984363,0.14024455278355885,-0.29202304476234198,-0.81234108229020907,-0.50480145339658411,-0.015614672656793012,-0.52368809795009219,0.85176696229851268,7.0002117484422381,-21.012909080854332,-6.4036521568156433,,0.4493130408282456,0.2878787878787879,False,1
-0.89853434452543357,-0.43883930378108887,0.0074898040815820147,0.43282567329423455,-0.88879322001599892,-0.1506935585583766,0.072787143409010921,-0.13216155836900317,0.98855215049274703,-8.68411012046775,-7.8251956004266603,-3.9630708085068562,0.2341741246424657,0.2189422210873951,0.8551724137931035,True,5
-0.97098956032766448,-0.2390225787898006,0.0068906141498311776,0.23378583521944071,-0.95498118186932046,-0.18263385646211511,0.050234022190512304,-0.17572464000290183,0.98315685112316309,-4.252476380794568,-16.059182050665918,-5.4585513828740773,0.2902269093164949,0.2565406694311096,0.976,True,5
-0.76935383570254245,-0.63881789516004994,0.0025243440867210327,0.63164472603981425,-0.76129373614458185,-0.1464813550357581,0.095496678245229324,-0.11110150372657936,0.98921021037685408,9.0312120431606431,0.62617133736080455,-2.527473185182965,0.1297788238976692,0.1163044123700871,0.6428571428571429,True,5
0.1782772473499368,0.97470497386715882,0.13478663507911592,-0.97658813418568713,0.19202916528587122,-0.096955741693468073,-0.12038620869953676,-0.11434602572119801,0.98611974280850856,17.740828888740964,3.0010017990821343,-2.2807352048477898,,0.1857938373110508,0.1666666666666667,False,3
-0.49339798698749804,-0.86979325375394156,0.0042570131331259699,0.86190562256798964,-0.48956999794373324,-0.13206026994921477,0.11694923780158237,-0.061489127799181129,0.99123254735714006,20.238136627606707,-5.351479488715853,-3.5105766047001126,0.1380380808429518,0.1767467249883248,0.8260869565217391,True,5
-0.98195727007847411,-0.18842535835374236,0.015993875993431314,0.18391996190688503,-0.97128748458187797,-0.15091080116008082,0.043970073370413004,-0.14524636526905316,0.98841799155212084,-3.7181458670965171,-7.4342437753589641,-3.8788911412235549,0.2755536167070006,0.2429843506749687,0.975609756097561,True,5
-0.93672447656058111,0.34815733423533179,0.036520208521495144,-0.34950250313617964,-0.92418485499870551,-0.15404659714699195,-0.019881028993760288,-0.15706312237177247,0.98738843434434675,8.7784842669908514,9.07592796533112,-1.2600450466359743,,0.1748599421838909,0.8860759493670886,True,5
0.31746236619354207,-0.94584658252869225,-0.067763473712547762,0.94110687243790181,0.32302587116579917,-0.099860608889231109,0.11634217077633009,-0.032070685623640599,0.9926912764916801,-7.6161585147197979,22.292064484012265,0.93719119484732261,,0.2936837443244047,0.6944444444444444,True,4
-0.97215773343481326,-0.23423484027797387,0.0065864195766625533,0.22843273431545735,-0.95359277257255137,-0.1961614385921967,0.052228605342776506,-0.18919530569585627,0.98054949344059217,-13.01563431375347,-7.5239676064296104,-3.8141764590602998,,0.1536454352006449,0.1666666666666667,True,3
-0.0952128229838336,-0.99537634378515272,-0.012666987501010181,0.98774367580568456,-0.092886424587684382,-0.12543740683381577,0.12368083620886855,-0.024454986408051681,0.99202066732223759,11.455466228830705,-7.0529375906674199,-3.7343228769892938,0.09882323669405421,0.1365232726286219,0.8709677419354839,True,5
-0.98704974057983563,0.15811280613555195,0.027076745691091655,-0.16041427436004593,-0.97316465127785923,-0.16497824730788821,0.00026495814503519136,-0.16718523271863506,0.9859254676485425,7.8457865956613588,8.2211482317253708,-1.3705354637419858,,0.1167246150987628,0.5714285714285714,True,5
-0.90971087474784318,-0.41524219852388,0.00020231304792973914,0.40895306145031501,-0.89601692278795153,-0.17294816451187442,0.071996651977226253,-0.15725008948380889,0.9849309069479979,-9.9623416288748246,-23.384053164014407,-6.802528012217075,0.195571741582356,0.2397960634648916,1.0,True,3
-0.13296948005373449,-0.99078090666741581,-0.025928986820418422,0.98381844023392229,-0.12877497904528945,-0.12457239432385642,0.12008494505945633,-0.04207374187280194,0.99187166821867079,9.9273246853970321,-12.613044766769383,-4.6050215946992212,,0.12095679155404,0.4523809523809524,False,5
-0.92134396776015592,0.38402103631421336,0.060441184139043744,-0.38771791572334741,-0.89641474745676375,-0.2147450077863734,-0.028286231617438283,-0.22128814746882403,0.97479815597419961,-12.037146041964839,-19.702564556371566,-6.2073433361892656,,0.1798372284961295,0.8666666666666667,False,1
-0.86164662610827836,0.50589155174946221,0.040482460211087049,-0.50569288113040467,-0.84908629451091178,-0.15273236214948119,-0.042892909556844543,-0.15207301648303972,0.9874380972838237,10.011841555347653,15.487319148172482,-0.34750195135222839,,0.2373385929422598,0.9545454545454546,False,5
-0.97827131595419714,0.20554920129527507,0.027106424111596812,-0.20729007580532086,-0.96716631634082406,-0.14703788970311599,-0.004007100431433059,-0.14946184256389947,0.98875937455153196,8.0272217695006454,-9.7564324571715275,-4.2284059480519209,0.1811899402575219,0.1881195767863161,0.9193548387096774,True,5
-0.74564240485282496,-0.66621554434652508,-0.013200475611029843,0.65906702567432829,-0.73443196916615483,-0.1619886981721807,0.09822453743382599,-0.12948564066253132,0.98670431696031591,-15.079545441816791,-17.646731860103362,-5.8324230493746327,,0.1704317961395061,0.6111111111111112,True,1
0.10019422310256121,0.96141234008592835,0.25621754426146098,-0.99142200853478613,0.11819140156020791,-0.055795999767771623,-0.08392567336474395,-0.24842927550458546,0.96500744889484746,7.004183615435454,-10.117127163902358,-4.3058873117218237,,0.3622756213050276,0.2597402597402597,False,2
-0.8783695571602651,-0.47797422013758017,-0.0027506250109780913,0.47163920713128227,-0.86576465973582617,-0.1673559447676852,0.077610433259032011,-0.14829766969302272,0.98589270299204679,-6.2264526728212237,4.8998045828518757,-1.7382158814486866,,0.1167540964846539,0.6355140186915887,False,5
-0.16855124386825679,-0.98045999872515477,-0.10143307690459991,0.97494419198997384,-0.15067259220687229,-0.1636508248151553,0.14516990285690251,-0.1264751392864725,0.98128983406890891,-9.6232057066353054,16.829361643224843,0.18266591293712001,,0.2913014346200781,0.3684210526315789,False,5
-0.86168208385303158,-0.50739050297706534,0.0076722783693541803,0.50096584050575577,-0.85298584112026721,-0.146452659568585,0.080853033419025708,-0.12235208350097934,0.98918792686218671,-6.0188364985502467,1.1370212320808328,-2.4055392181777631,0.3406920491634582,0.2724081320701112,0.972027972027972,True,5
-0.99174782717527499,0.12438730073662287,0.031049101574409935,-0.1278495414575449,-0.97755864712867302,-0.16743233311715738,0.0095258617571626573,-0.17002026596678471,0.98539452358858159,13.760326989519898,-14.031690418924343,-4.9344130961335368,0.2012383714628059,0.1914083100494255,0.5531914893617021,True,5
0.23323970504558239,-0.97241679398338188,-0.0021951695449106516,0.96521285544393476,0.23178493883746776,-0.12099539583751966,0.11816676214577611,0.0261021245723898,0.9926506411707956,14.048845031358351,-8.5254045337429822,-4.0332683098494426,0.3217121130225439,0.283935336862998,0.9876543209876543,True,5
-0.070122167459757703,0.96525115923710925,0.25174010650304007,-0.992442699895416,-0.042030575532479998,-0.11528624438633443,-0.10069939947707145,-0.25792175230450182,0.96090374160637548,-7.4388129282267252,-4.5599225536684944,-3.3369496814269608,,0.3742502164220019,0.2650602409638554,False,5
-0.94809701657515133,-0.31776231626331186,0.01179650474810269,0.31235397303430956,-0.93762607197186054,-0.15261829735749807,0.059557054082442412,-0.14101226727343524,0.98821480346502932,6.3829227358711798,13.378274684312542,-0.60488687077089043,,0.2382352460863339,0.9506172839506173,True,5
-0.8716519505303606,0.48419921023874407,0.075986853736644031,-0.48833194655264933,-0.844711184013618,-0.2190774419661051,-0.041890179191762175,-0.22806608780458426,0.97274409403542195,-6.4638597910452296,-2.4593545393099583,-3.0087065109726558,,0.1996382972642445,0.2857142857142857,False,1
-0.99830693549867477,-0.012494816736812939,0.056807940377726032,-0.00051092150320234189,-0.97473365503195508,-0.22336973990956108,0.058163575323937761,-0.22302058493054147,0.97307698421182343,-7.999495810045345,3.7606414952090752,-1.8971216449154902,,0.1623210420044292,0.4555555555555555,False,4
-0.5604629661421543,-0.82807206787477727,-0.013338440265949025,0.8203462900775923,-0.55288000844919161,-0.14613576089770924,0.11363638475008322,-0.092845821999763684,0.98917461825408703,-10.013280687040195,-11.316895575072138,-4.5933991401057206,0.241749994037874,0.2453445840418727,0.9621621621621622,True,5
-0.98398731664312455,0.16295264445275012,0.072217701094115558,-0.17666750843216647,-0.94534729555471675,-0.27405671356811184,0.023612542214547373,-0.282426851508916,0.95899818633662037,8.9460622206295835,-4.757641081909572,-3.3005688531310744,0.2632672102786041,0.2820660432382505,0.8765432098765432,True,7
-0.75186452497210954,-0.6409527226510674,-0.15452942572418715,0.65371470560209677,-0.69421969538933292,-0.30119113236133854,0.085771905470424237,-0.3274730857028178,0.94095938189288864,7.3246466607660894,-9.7963412263762493,-4.2397938050588708,,0.4095124985408504,0.3209876543209876,False,3
-0.95581252940871675,0.29231629403300136,0.031202449713491766,-0.29358332247230728,-0.94365076526147584,-0.15274837474602823,-0.015206623275153874,-0.15515932928523377,0.98777241363804291,9.6377020627688754,4.7647944542610086,-1.9524271376121354,0.3143235973283752,0.2574960258528421,0.9457831325301205,True,5
-0.43240884340900737,0.90092615149050115,0.03680572920347433,-0.89597859762420917,-0.42473555653671202,-0.12969988285579295,-0.10121731443306123,-0.089060521972222514,0.99086996053215526,6.1252302488905555,2.8100833674799603,-2.208787950775299,0.2211199759893426,0.1702005245529413,0.975,True,5
0.7338676700449891,-0.67924772788317467,0.0077953209224383485,0.67570556032077134,0.72876678944713946,-0.1109998304075375,0.069715411598382071,0.086726528608344941,0.99378985234365058,-10.659069883638502,0.35187708446923333,-2.3534687587435337,0.2593419405093128,0.2225202358749673,0.9705882352941176,True,5
0.93445286426812491,-0.35564878526399868,-0.017657463049380255,0.35601855844646102,0.93409540811179559,0.026768537243618634,0.0069735573993427169,-0.031300320840229406,0.99948569745269378,-3.0920188123796168,-9.6254085784285373,-4.2341990105315137,,0.3157656349737471,0.211340206185567,False,5
-0.97787271207508453,-0.20885819029186939,-0.011967260627453354,0.20476453515953311,-0.94385090239789915,-0.2592623366082587,0.042853752692389696,-0.25597603479755482,0.96573279197172446,12.463235769401447,11.593860468622848,-0.90541695978037462,,0.1430145238550593,0.2,False,5
0.023594474554105824,-0.99755168715891529,-0.065832607550640687,0.99154474601760489,0.031755761979868652,-0.12581966549773291,0.12760218421092615,-0.06230732723748434,0.98986639480140037,-8.5785593120342245,7.4392411737585782,-1.2349085951583163,,0.1403025553844832,0.6071428571428571,False,5
-0.8526964587291862,-0.52238064512828863,0.0052164035559257912,0.51576104668049805,-0.84339481619930745,-0.15058461652895994,0.083061976847065483,-0.12571255149542446,0.98858336138070213,6.4901720699093461,-3.8184144532082032,-3.246480563828491,0.1290905686476282,0.141850259664363,0.7911646586345381,True,5
-0.52285488053232609,0.85159005302079782,0.037645125840706513,-0.84583372549244706,-0.51282783016289613,-0.14687724612745515,-0.10577373361612957,-0.10863700201336438,0.98843812101236461,8.8472685509644116,11.862908868127839,-0.86281673900111511,,0.2402385106927807,0.5588235294117647,False,5
-0.91937503959549516,-0.39268232879328496,0.023454748394810529,0.38132340070890702,-0.90425640142499319,-0.1921271052030829,0.096654025475279057,-0.1676930205327713,0.98108972587833165,23.424421997499529,-10.32948134010226,-4.2842776048771718,0.1772160986214885,0.2431541260498614,0.9111111111111111,True,5
-0.95374375356275276,-0.30022372892229071,0.015445553794711187,0.29521184228972802,-0.94504895574472825,-0.14047220158345677,0.056769892653899978,-0.12941477441850802,0.98996413846677855,11.171487492020054,2.4952846377339402,-2.269899803637788,0.1723613956948888,0.1560068437068929,0.7982456140350878,True,5
-0.61589879371742506,-0.78613480696727767,-0.051582372686242495,0.78019921139487147,-0.59954018178038126,-0.17843979648489014,0.10935202986795617,-0.15014538189790932,0.98259783118959176,7.7022954674641495,-1.7151237434116933,-2.8739254286881395,0.2512144336019829,0.171934210854393,0.8559077809798271,True,6
-0.49728688138162047,-0.86747482095970818,-0.013899374326404293,0.85938497615803977,-0.49032525568691654,-0.14504691099574435,0.11900932887630965,-0.084074839497219736,0.98932714559135015,-5.2072813263662177,10.843677897347924,-0.77740004623876935,,0.2914833079069167,0.9862068965517241,False,5
0.60711027064273215,0.76555697065834249,0.21293107794901436,-0.76731182239398399,0.63445123596716935,-0.093296282852824,-0.20651800525506578,-0.10674340193263482,0.97260277587991528,5.7613133378639478,-11.185013687638403,-4.5152717792636459,,0.5764015491919452,0.3153846153846154,False,2
-0.99838413322042918,-0.052886002668061378,0.020789258175505559,0.048858287377370323,-0.98571285257345875,-0.16119255574016808,0.029017068912009829,-0.15991636249393212,0.98670399143738496,15.767966813583101,-5.7661635104142963,-3.6357188204609163,0.1565191591238586,0.1888620805155865,0.7115384615384616,True,5
0.78703489946571492,0.55543264208224463,0.26845976818236483,-0.59978431127923448,0.79075617333336889,0.12232519886949692,-0.14434281058052945,-0.25729215775982067,0.95549249007462611,-7.3151241338456652,3.9687733183218485,-1.8935368343678232,,0.584963575491584,0.4479638009049774,False,3
-0.92458593048175808,-0.37964126149509114,-0.031833468639090257,0.37766498821871997,-0.90236269818923875,-0.20763120572397092,0.050100038212903139,-0.20399527809989015,0.97768906748721152,11.67681165986777,-16.187330898030034,-5.4229177348406612,0.2913858077162886,0.2713490408381511,0.8493150684931506,True,5
0.89564662556486196,-0.43698785267860912,-0.082817502531844472,0.44405438976940986,0.88910570579954373,0.11093575997491134,0.02515593450442502,-0.13613471462500767,0.99037089942767187,-9.1915886754864573,-6.8080434825635843,-3.6926935113942601,,0.2908306800992323,0.4685714285714286,False,4
-0.84059640065389452,-0.54129958489873187,-0.019810365876946609,0.5368989195530397,-0.82780775836298337,-0.16270791430300172,0.071674551903007547,-0.14740785115628857,0.98647538439992999,9.3803258160456231,-20.866171066223508,-6.3798193144171682,0.3097889630509422,0.2129927686714385,0.9166666666666666,True,6
-0.92243255341451935,0.38448482016416652,0.035911105030315027,-0.38523659698292889,-0.90982195267003574,-0.15432685697796225,-0.026663622150452902,-0.15619038863839421,0.98736701066564181,22.024860029036514,-4.0591523935004288,-3.3722950070020419,0.335652153007997,0.2714724311285348,0.8363636363636363,True,4
-0.97108789757524694,-0.23798989702328599,0.018684327596507393,0.23252822984118546,-0.96070342309594914,-0.15159008931540519,0.054027007226134738,-0.14286266750475199,0.98826683680249805,12.228919449679394,-0.043152088386172627,-2.6671361296591067,0.1403108981877285,0.1553374714298077,0.7105263157894737,True,5
-0.97075852117286754,-0.23962011024184321,0.014494700340222835,0.23488488733674384,-0.96057325128346027,-0.14875523056190904,0.049567966178482824,-0.14100082158061478,0.98876781149191917,7.6936265363420215,4.2840504016727561,-1.9915510055798213,0.2677022020949872,0.1810389545381267,0.8301886792452831,True,5
-0.87658045115150607,-0.48118559211252754,0.0081938148829708863,0.47507163243955181,-0.86791230522584062,-0.14503508020056882,0.076900303707071793,-0.12324226702264912,0.98939258482610271,-12.302546323660295,-14.536165164651786,-5.1607032777260313,0.2393999138024097,0.239435375547895,0.9518072289156626,True,5
-0.90759440729546936,-0.41979005566885397,0.0069786107160935938,0.4135105842440856,-0.896648189148334,-0.15821195155591139,0.072673162612490544,-0.14070655300502299,0.9873805129621227,8.6470029293189441,10.229684341625694,-1.0847733758659726,,0.2067951241277798,0.9893617021276596,True,5
-0.97924512245031792,0.20028300603869958,0.031075837066163473,-0.20264178960856663,-0.96452761538802989,-0.16918269491327315,-0.0039109156853449345,-0.17196859203349468,0.98509466960923031,-4.7826061525248686,4.9262883543141704,-1.7270977830125176,,0.2889291236820413,1.0,False,5
0.95244613208390527,-0.30283819778771409,-0.033695570021860202,0.30398960147007403,0.95195981385455208,0.036916595239450151,0.020897073394959491,-0.045404171247773573,0.99875010566048494,-5.2819452353338425,-3.1462477022916473,-3.0874160635569501,,0.3981556384991153,0.4019370460048426,False,8
-0.82314572952802811,-0.56776052423250978,0.0088935416453394117,0.56084393479667949,-0.81536782454514245,-0.14362935458429735,0.08879858535781969,-0.11324000097028093,0.98959158920167789,7.966804598150941,-6.6922277003106467,-3.6857898093950627,0.2419267755075267,0.2305063762975209,0.944206008583691,True,5
-0.46007250033113017,-0.88737996807700414,-0.029834320751750736,0.87849810202834089,-0.45008113866414817,-0.16021252557583743,0.12874152077580342,-0.099918771381758434,0.98663157255071388,16.318446290800402,-9.3024283331167794,-4.204505755319043,0.3328975075145229,0.1488580247360987,0.3636363636363636,True,3
-0.87157243707243892,-0.49009341476356105,-0.013035786934484726,0.48383706187246334,-0.85554583961237562,-0.184236299030831,0.079140283637548811,-0.16688247699308456,0.98279553030038813,18.226738425772957,4.9230335734840436,-1.9895217802628613,,0.2786622198630223,0.5294117647058824,False,1
-0.8941217861026729,0.41057455626811418,0.17881489133124817,-0.44631405835897769,-0.78422546097680856,-0.43103849905414549,-0.036742249899863688,-0.46520851249837714,0.88443826634273492,-7.3208951085728584,16.687527459747734,0.13718976601457275,,0.3419870655183139,0.22,False,4
-0.41063281665512796,0.91076947805542263,0.043354904319220532,-0.9058840946879817,-0.40209875677899887,-0.13300600282739194,-0.10370485464631085,-0.093891147822553048,0.99016652916736747,7.4250400586918239,16.717259199907801,-0.12043495047117339,,0.1619985054586282,0.5777777777777777,False,4
-0.99845233249157417,-0.05206070727725931,0.019560738736738567,0.04824650940495142,-0.98578029372467502,-0.1609642408559504,0.027662503002681672,-0.15977138436492938,0.98676638099691139,20.830203535188673,-19.540461356114552,-6.012859350311051,0.2974774537756985,0.2018892015996632,0.9230769230769231,True,1
0.024631062298970594,-0.9803592548112432,-0.19567586022800207,0.98752026096572243,0.054317053102411028,-0.14782892790134958,0.15555399368777639,-0.18959269302432055,0.96946251387022153,13.671372140168744,7.172973758254984,-1.5833327455738482,,0.2599224851567152,0.32,False,2
0.55400682122062261,-0.79331170743103963,-0.25245391043489684,0.82760883841023114,0.55767459241796424,0.063738995573567964,0.090222240197695633,-0.24424492589265304,0.96550730890522174,11.229218036336414,11.032115521683863,-1.0328519997104362,,0.3394745823914443,0.1555555555555556,False,2
0.71471477066775391,-0.69941214557611797,0.0023339258666716812,0.69579052153246579,0.71066666239612275,-0.10405981503123704,0.071122055193303946,0.075997010331769102,0.99456830217221093,14.089039677982347,-23.518230289287661,-6.7611803701960813,,0.2177629470984728,0.7142857142857143,False,1
-0.90440782831102029,0.42516465970401807,0.035797936092865135,-0.42533485248013442,-0.89177095406088935,-0.15438532559486562,-0.033715624796890005,-0.15485340691149441,0.98736197972803141,-11.407960309502423,11.165481473815865,-0.64572039615909527,0.407981590797838,0.3738311267216529,0.9367088607594937,True,4
0.58624797292767539,0.79351709437413698,0.16322970064978598,-0.80247224808826845,0.59643662901424099,-0.017367746494285519,-0.11113777614453413,-0.12080549865861225,0.98643521135829892,14.145115340683871,5.207094877584086,-1.9364295480171474,,0.269808862917907,0.3333333333333333,False,3
-0.69492711944137597,0.71796917419693285,0.039957021509202988,-0.71526490756660532,-0.68445554615025173,-0.14112660042634825,-0.073975743785706871,-0.12665255720725316,0.98918487608950856,18.868343820908102,-14.201296180031903,-5.0438160925843532,,0.1292414346564237,0.6086956521739131,True,1
-0.67025445427030195,-0.7412202808525935,-0.036762233115272235,0.73481637426461643,-0.655895268688097,-0.17276079597284846,0.10394163094459645,-0.14280718387171951,0.98427752468051721,19.673912459240018,-7.218355844089646,-3.7806811972076022,0.2168623656772612,0.2400731709387286,0.1555555555555556,True,4
-0.034578814537312257,0.99520821082995026,0.091459951245582816,-0.99183740837546674,-0.022934685447066144,-0.12542948437462065,-0.12273084751696794,-0.0950506038912661,0.98787778685810801,10.794373734533465,5.2294222371848882,-1.8929824008698652,,0.1312030055594355,0.3870967741935484,False,1
-0.032069101986060042,0.98272932397648827,0.18224886417896385,-0.99347211690529069,-0.011369559041775331,-0.1135072070791865,-0.109474771657809,-0.18469923909943531,0.97667879338427399,15.122900699220859,4.5703087807186762,-2.0993309980573533,,0.169403171772583,0.28,False,2
0.30966364590100975,0.93211646967832529,0.18779593542382655,-0.94424920777470389,0.32468264760835913,-0.054540003289982,-0.11181171684639872,-0.16043710698102875,0.9806926504667095,17.331704412832828,-0.48877475437501916,-2.8170822688032122,,0.2914678401443277,0.2564102564102564,False,2
0.12184626877860265,0.99187241155307171,0.036641588183714824,-0.98740062301950016,0.12488681556091513,-0.097176607060321996,-0.10096284685682551,-0.024339320018159333,0.99459242961909677,10.819951774729438,19.160935637570464,0.17676826593878725,,0.1924137118680733,0.3103448275862069,False,3
-0.62143128955351645,-0.78344759141661913,-0.0057466396573142217,0.77541594151730053,-0.61397855129666723,-0.14751425757696809,0.11204137630666473,-0.096126011314021903,0.98904323461826693,13.653203100396224,-21.668522503928145,-6.4642153385046432,,0.1905579087391878,0.9024390243902439,False,2
-0.42625648391105386,-0.90452988420041813,-0.011449825857316694,0.89665573640520269,-0.42080409791805845,-0.13759506367240476,0.11964071336894251,-0.068917340080320494,0.99042238461215326,18.610954456077085,-19.81621458202758,-6.0872254514134889,0.3161163882227447,0.2688516548404771,0.975609756097561,True,2
-0.74066553263809576,-0.67186237028963147,0.0039400698882864861,0.66502711695447569,-0.73394015999000606,-0.13809697776947746,0.095673938338216427,-0.099663418276934951,0.99041087462740085,-22.150610434446463,-0.76145371050871269,-2.4320175814605478,0.3781161733274885,0.3760950570975838,1.0,True,2
0.69473478011099055,-0.71556396269603384,-0.072882100648116177,0.71544892699279361,0.69791642075476112,-0.032334231175698974,0.074002825412234324,-0.029679705719768336,0.99681628041449755,-17.609414260872629,14.225299150459604,-0.058256228723199736,,0.1917734105946322,0.4117647058823529,False,1
-0.74183987092420345,-0.66476089017237139,-0.088128115856393532,0.66333160995548668,-0.70819272615710527,-0.24177311234301971,0.098309618761461964,-0.23781509942685378,0.96632251207532815,-9.5772643349527637,6.6418786143459441,-1.4021193168970414,,0.1770104719511182,0.34375,False,2
0.99795440266777691,0.057731136404422907,0.02746135622022669,-0.057123911317737017,0.99811564564943456,-0.022405728409863129,-0.028703117457230934,0.020791195234212384,0.99937173126368217,-10.241108756785264,-1.7705815234675859,-2.7086819658761816,,0.2468704178092456,0.3333333333333333,False,2
-0.68110204041371669,-0.732151058824694,0.0074052418023205233,0.72425758372192439,-0.67517459313530337,-0.13996507137803135,0.10747540632884986,-0.089967193167603474,0.99012874980377763,-15.562853745455319,20.351019590964963,0.79103582644856019,,0.2880625092379411,0.9803921568627451,False,2
-0.056105610914777344,0.98643062087483113,0.15429449317578636,-0.9900006086870573,-0.034931202141829973,-0.13666969640773033,-0.12942548135175769,-0.16041957897158243,0.97852675152979041,-3.6840878698598996,-1.9820585631993233,-2.8694884151830022,,0.4119150052593504,0.4640234948604993,False,2
0.15788636785014581,-0.96020996901103683,-0.23036646947616224,0.98030658360920753,0.18044281755288244,-0.080245820614042021,0.11862081174706339,-0.21316004551838602,0.96978961533678387,-7.9830947743953464,-1.7739715798175628,-2.8405869264658308,,0.1386819453558205,0.3260869565217391,False,1
-0.72449214826094799,-0.68658246560747804,-0.060956090988449591,0.68190105091471553,-0.70101699437148712,-0.20877291578117327,0.10060856757574252,-0.19282036075768108,0.97606261305698772,11.126606822106682,6.7695055299920712,-1.639405948943558,,0.06674856919234454,0.12,False,1
0.81209622338752818,0.56899172232303274,0.12941462006891705,-0.57663401563294336,0.81650239453232665,0.028584116883387689,-0.089403221277200517,-0.097837925421818142,0.99117849269161118,12.267038544577341,9.7893045989762282,-1.2006277282510696,,0.3464707672268776,0.2068965517241379,False,1
0.11967261129552205,-0.94349879351280064,-0.30901212394597222,0.98552254718684784,0.15054438155880756,-0.077985243267071638,0.12009902202790437,-0.29520571779856547,0.94785537350746474,-11.195583164200453,-0.980095192332332,-2.5609273158038866,,0.6710574354269532,0.2076923076923077,False,1
-0.99679267710518138,0.073339248180458491,0.032026762961784722,-0.079157705543641821,-0.96239821736452225,-0.25985328334784669,0.011765055144423003,-0.2615550150349164,0.96511686214029724,4.8418449454034027,23.794483178895295,0.91874324404391616,,0.1530480042048569,0.3076923076923077,False,1
0.26855223914283355,0.94898756498222236,0.16523406537540383,-0.95515441371033805,0.28455714410232696,-0.081897971342327971,-0.12473869015278173,-0.13583016325338168,0.98284811946176565,10.251488432100281,14.257234730321644,-0.51714793426133687,,0.1831172276459986,0.1739130434782609,False,1
