axis_00,axis_01,axis_02,axis_10,axis_11,axis_12,axis_20,axis_21,axis_22,location_x,location_y,location_z,dbh,dbh_approximation,score,reconstructed,number_clusters
-0.7321447718009505,-0.66335605598313441,-0.1546698940163691,0.66753931195224048,-0.65360810702222705,-0.35663385906718115,0.13548173353948273,-0.36435584999464665,0.92135200355337332,-12.378212173743629,-1.40305840486763,-1.5820703842749737,,0.3698277309975472,0.2765957446808511,False,1
0.29344265542594983,-0.92242746662471431,-0.25103580779020152,0.9408803418784738,0.3251562423806339,-0.094961046263995361,0.16922053729737846,-0.20832903507965034,0.96330858134845276,-13.587146772614725,-5.0341859186950408,-2.3043715862861642,,0.2563860327129855,0.2264150943396226,False,3
-0.53795701443714972,0.84164871625471038,0.047219583275002509,-0.82888346746374475,-0.51793707352859308,-0.21140810114542469,-0.15347458416019824,-0.15286800283719687,0.97625658805737081,-9.9481184439596611,-6.5909942052513593,-2.7971875824704138,,0.1500684170186144,0.5342465753424658,False,9
0.53259962938116479,0.84488652072491388,0.050043999444453757,-0.83013857234858668,0.53299665045169686,-0.16365977302417004,-0.1649472202921205,0.045621680203846111,0.98524670860312014,-7.0620351040145808,14.439984732681562,1.8832007102049138,0.2667661455348377,0.3136919782147116,0.9821428571428571,True,5
-0.99361193709783036,0.11210888405159819,0.012919619708121832,-0.11241456889146154,-0.97320557023828025,-0.2005838546796084,-0.0099137862415943842,-0.20075486587848548,0.9795913437084196,-2.2703935891652769,-12.790609762460457,-4.2002801625283048,0.164961487014928,0.1687649619539778,0.7857142857142857,True,3
-0.36289529495004352,0.92635757520896755,0.10083971318920931,-0.91660743683105195,-0.33538998690825661,-0.21758759943454425,-0.16774329092136334,-0.17139194711141048,0.97081769082368352,13.250501639748299,-1.2603859370915029,-2.3165128117669789,,0.154130075440824,0.2222222222222222,False,5
-0.46696393827678134,0.85995470582887623,0.20596743497895487,-0.86462423724637116,-0.39519534060419376,-0.31023470329875491,-0.18539042239330916,-0.32295285520878558,0.92807965423088745,3.1347279075673282,-6.185774819426074,-3.0675911854672018,,0.3896170800321702,0.2926829268292683,False,4
0.90085787920221272,0.40784786895360758,0.14871179263693998,-0.42392393155972663,0.90027161625112129,0.098992510946725037,-0.093507121280871075,-0.15222067127231501,0.98391325100700311,16.214335611325684,-10.138317688415476,-4.1070766696287997,,0.2554609982651166,0.2631578947368421,False,2
0.64778259844240405,0.76154623827166557,0.020616307367774013,-0.74709177460578136,0.64031848096724575,-0.17845482130831455,-0.14910260048567614,0.1001976541944663,0.98373210002639133,2.725947558388802,-10.731899945661349,-4.018071160457735,,0.2353102194431012,0.84375,True,5
0.016354624102266384,0.99875779643272888,0.047067933195686973,-0.98229501232416527,0.02483582377557491,-0.18568707714985661,-0.18662538689455344,-0.043197753671095872,0.98148098251786309,3.7589014391140019,0.24961855663564789,-1.7315659629503983,,0.2796448172878928,0.8163558106169297,False,5
0.96594269396257304,0.25012147851398903,0.066286936618792841,-0.2484565898258195,0.9681008601909078,-0.032404435957893357,-0.07227748579227368,0.014831401943199613,0.99727428251406725,-10.041358793387637,-5.8383002785072895,-2.6559742749877779,,0.2564025521487596,0.3,False,5
-0.24073629195307247,0.95339362717424014,0.1818973045436108,-0.95750741971446673,-0.20261615669429317,-0.20524676425750848,-0.15882562428156438,-0.22357836368928841,0.96165853418018976,-4.1923007214541652,-7.1126747198730937,-3.0885125973831502,,0.2808046406701843,0.4444444444444444,False,5
0.22894904515532807,0.95754536605928486,0.17518335155160922,-0.95348663914126897,0.25684434216943858,-0.15777900010659446,-0.19607540310184732,-0.13091163368447997,0.9718109798024045,12.061025572330415,-3.2998056898954311,-2.67253155354059,,0.2269166808827701,0.2093023255813954,False,5
-0.5981670577761472,0.80009890465154831,0.045143258265425826,-0.78746645867510234,-0.57640620362883976,-0.21829444537110937,-0.14863629251673152,-0.16612534783584287,0.97483825394436563,-13.890557470298083,-4.1684123133557351,-2.1496927602323312,0.1402036428997206,0.1675020807223784,0.59375,True,5
0.3003723121902383,0.95326304288240193,0.032650346768047483,-0.93630466235499854,0.30121333589965432,-0.1805660697043977,-0.18196168091601408,0.023666375953783354,0.98302077766822005,14.148948988648725,20.002170694759783,1.6238623299313106,0.2340385861773033,0.2926015398978813,0.8648648648648649,True,5
0.51998756490545739,0.84825414165530399,0.10038846302397955,-0.83801380849873386,0.52936736682831176,-0.1322990842852193,-0.16536562251308673,-0.015333039551366417,0.98611313184085325,-0.086796255253957483,5.8808621001779695,-0.44669738325050035,0.3498497288537674,0.1227524709088113,0.2535211267605634,True,4
-0.11326738871065779,-0.96680915663628952,-0.22902085778132994,0.97911383497184035,-0.069444034726359155,-0.19108538459981902,0.16883896712964472,-0.24588123288521163,0.95448196551503439,-3.8059032800891499,0.0053124179629402413,-1.7009518828754073,0.396381277522769,0.4830897370244829,0.4432029795158287,True,6
0.57696063567526468,0.81597927669714054,0.035975615102540742,-0.80088179237680701,0.57383288248823738,-0.17118463019369873,-0.16032710164070002,0.069954577949210506,0.98458193031531938,-5.7512656582500101,-0.63157238219254674,-1.7801075784628555,,0.07619743005348452,0.2727272727272727,False,5
0.55976502716130783,0.82754428880030551,0.04282014060108956,-0.81294443755071844,0.55843453673121579,-0.16514299755405393,-0.16057538984055506,0.057630879394549299,0.98533965002823509,-7.1433713059060198,-14.957907032193258,-4.4953042862413639,,0.07849432923742405,0.4285714285714285,False,2
0.99063301353996658,-0.13620212619800454,-0.0097577304670170006,0.13587361549786059,0.99030733182606745,-0.028805366567257573,0.013586504195842924,0.027209728971038568,0.99953741178259981,3.3722866425441764,-6.5242946598428073,-3.0970063010469637,,0.3128368201311643,0.1296296296296296,False,2
-0.95968899785363437,-0.28035632686514589,-0.019933825156508843,0.27380499002762482,-0.91653400034440458,-0.29154116973191735,0.063465382963147451,-0.28524683381129035,0.95635055757079701,12.783952375804116,-3.6400571027524942,-2.7550020022503525,,0.1350511318941847,0.2954545454545455,False,2
0.86955365909577387,0.49296499910754443,0.029358876137366052,-0.48320462086077676,0.86159538903953359,-0.15545636032214083,-0.10193001683480363,0.12099130233497415,0.98740638869076747,4.7047382772608062,-2.1395918861851637,-2.3248603130808569,,0.1651567844854354,0.7247058823529412,False,5
0.92936924957151745,0.36605347341583372,0.047724758261075736,-0.35981228370772206,0.92715126734641062,-0.10452582432575355,-0.082510111161652772,0.07997113265515314,0.99337641380191011,1.3823056859800671,6.9640054315667248,-0.23211750700805361,,0.1327771692064654,0.2954545454545455,False,5
-0.80176344556523371,-0.53708412545067974,-0.262137405847092,0.5853408501379459,-0.61716100958606424,-0.52582162128092103,0.12062945956585883,-0.57502428682238138,0.80919441610113707,4.4785589581853174,-6.6110827776292105,-3.1704913761473184,,0.4907588595675961,0.2531645569620253,False,1
-0.92352063031237541,0.38260343383615952,0.026912038276812308,-0.37919899874668428,-0.90025953149601634,-0.21387121194795022,-0.057600041119300859,-0.20771949443264223,0.97649108899963954,-5.9861633557629403,2.9699588124920879,-1.0261050642332028,0.2613418648742752,0.2322263666629611,0.8594164456233422,True,5
0.99975872101452301,-0.018200801880729249,0.012297583758817131,0.020081520409956588,0.98419839194646874,-0.17592685362959934,-0.008901252351842439,0.17613136035608309,0.98432642533139669,6.1736909248688523,-13.396877890446319,-4.5628065964603728,0.2089510208261206,0.2157110765009035,0.8260869565217391,True,4
0.17660934526756378,0.9833853905628086,0.041979909382879807,-0.96655901506926356,0.18132862689360876,-0.18133835627691566,-0.18593764963690815,-0.0085500114918509659,0.98252434460983784,8.2308477212018669,0.41490080655026496,-1.8359935532313356,0.2885112833803496,0.2450080262395002,0.9118773946360154,True,5
0.64755088152952278,0.76085260487416317,0.042203903688361785,-0.74707917235611465,0.64479247457728994,-0.16160252151558696,-0.15016845894540784,0.073116197827113538,0.9859530696505111,-7.3236238170686185,-4.725678338222969,-2.5512993665018788,,0.08194780277668672,0.4216867469879518,False,5
-0.27010186730307456,0.96223114686755462,0.034002959832072174,-0.9467175225244906,-0.25898162307755929,-0.1914535229584497,-0.17541640124139171,-0.083903151943548526,0.98091250744878111,7.5227281410060973,-2.089828247207266,-2.3081543129142785,0.1833870783675083,0.1676559972020384,0.9007633587786259,True,5
0.17556948854454729,0.98178573142651648,0.07260945020799274,-0.96895725997784732,0.1853732597164707,-0.16358050898047835,-0.17406086012779706,-0.041635707624475299,0.98385430060664014,6.2253355083982225,1.7028394071467512,-1.4505646898271334,0.4836940041800534,0.2086268058015331,0.3465346534653465,True,6
0.42064817362160811,-0.90514044720438269,-0.061448229131965779,0.88984109371761044,0.42483627372601435,-0.16642406213658081,0.17674258671936144,0.015326818366643014,0.98413776813945297,3.5037503287020377,1.1997799645703149,-1.4960748174988439,,0.4209942569955857,0.6231263383297645,False,4
0.7611630330669642,0.63974964368364395,0.10654215362451794,-0.64190638460374327,0.76659049058622186,-0.01718176788712239,-0.092666231698773471,-0.055311962082596297,0.99415972376340123,10.618791399154325,-2.2787059264317202,-2.4275417159460178,,0.2067647560356234,0.3174603174603174,False,3
-0.44829462922099306,0.89342697416097527,0.028638562344788534,-0.87907108893613151,-0.43482975933599732,-0.19533842681982061,-0.16206772043888404,-0.11274449980980208,0.98031766879638627,-0.49855803496901219,-11.112847260964514,-3.9242666958701009,0.1727785431398693,0.196956588470607,0.930379746835443,True,5
-0.63471365889645182,0.70218264385482243,0.3226113852289334,-0.76403880978066108,-0.50775304293613088,-0.39803460218685882,-0.11568607677343959,-0.49912561751341922,0.85877258315727456,10.535962896555869,10.018724591819808,0.080335441192612128,,0.3569358510484364,0.2636363636363636,False,3
0.85384061357674379,-0.50708010182131658,-0.11758391447716245,0.50092978212488359,0.86185460865874663,-0.079221126689757643,0.14151169558452001,0.0087409307605876875,0.98989799279634472,-3.2026621193846134,-9.9859454701782422,-3.6608156101843652,,0.2414876324088461,0.1379310344827586,False,5
-0.68604009562542145,0.72106249277731993,0.097045704201775093,-0.71757477994960828,-0.64854851811078951,-0.253911903692144,-0.1201475025730129,-0.24383129652703503,0.96234654696705346,9.4167118564496395,1.6461046106147066,-1.6443499773481962,,0.2546197987411186,0.4489795918367347,False,5
0.99958937264782077,-0.02702957360031534,0.0095125307106649036,0.028109487761505843,0.989409176597006,-0.1424055404941125,-0.0055626241399144224,0.14261445724967611,0.98976268559491465,-6.2631877356321164,-8.7858420455635891,-3.3707660495764764,0.1515546891715763,0.1684400727638608,0.6458333333333334,True,5
-0.17141531183346567,-0.96544122184761283,-0.19631616853031678,0.96613764663930746,-0.12572007428835785,-0.22532756304364926,0.19285963448916857,-0.22829303554492797,0.95429945578229591,-9.6370603403582962,-3.1381207392807466,-2.0658797999313236,,0.338523743014593,0.247787610619469,False,4
-0.91942016774760327,-0.39314830234162679,-0.010048258797714274,0.38310126931783112,-0.88956481524152586,-0.24881289542822427,0.088881789957423352,-0.23261309475222319,0.96849944530895693,-2.6592065870697561,-12.897897097351533,-4.2219511001991963,,0.1357374856497139,0.186046511627907,False,5
-0.087908731223535944,0.99541054895129277,0.037813939376289088,-0.97873528944560639,-0.079248663800839184,-0.18920064080125626,-0.18533560955329803,-0.053642225180049366,0.98121008123094589,1.3980772138521025,-6.0763053431570491,-2.9920507105930101,,0.07560148532371341,0.3855421686746988,False,1
0.174432799594398,0.98144702561249597,0.079592300771149926,-0.96741387167525072,0.18588134257666555,-0.17192593571709042,-0.1835309219612907,-0.047009173554540637,0.98188926986995695,1.4497232097927237,5.8786879834527683,-0.47519187410596064,,0.1033845697300071,0.25,False,5
0.99991371008526997,0.010625619103204084,0.0077245454355185372,-0.010395461449013507,0.99951810289035781,-0.029248869648646619,-0.0080316103474856355,0.029166045551892637,0.99954231277224681,9.6198479811901265,11.487225529794653,0.48337627017350826,,0.1782745892553282,0.28125,False,3
-0.76992428547442648,0.63738752576901736,0.030882626681428448,-0.62660659038926758,-0.74597131493770075,-0.22559028829019745,-0.12075088205653293,-0.19303869892891459,0.97373265591660263,-1.3194894980639915,12.913585245509045,1.2623221629166399,,0.2339453087488438,0.8831168831168831,False,5
0.79225695695044951,0.60147613969869529,0.10273931835850109,-0.59768848575930089,0.79885396496635008,-0.06782931997518532,-0.12287142936569076,-0.0076678569820766186,0.99239297448890418,14.81032630292961,25.664656910975371,2.4941517811465883,,0.227495455761103,0.44,False,1
0.64087292658130934,0.76485784146235913,0.065378699349614433,-0.75389930304193209,0.64315493623668829,-0.13411774255209147,-0.14462964028163605,0.03666347430237514,0.9888063798358514,3.4910607840554495,6.9364217575158467,-0.28478156397836946,,0.1949858152807587,0.8226950354609929,False,5
-0.015235589351422276,0.99912542882736965,0.038939110000599096,-0.98196486789241832,-0.0076114752028497157,-0.18891020001646425,-0.18844860053112342,-0.041114996239332555,0.98122203503697369,-12.87994540930894,0.82519678891446402,-1.1210494534158706,0.1919711348314747,0.1926360635160546,0.875,True,5
0.95434620095543499,0.29582908382547857,0.041333786239659422,-0.29365710099011588,0.954526014403976,-0.051435346447170988,-0.054670245655280746,0.036949167636600708,0.99782058670431972,-7.1967683885917708,0.33672662515367674,-1.5216435385468186,,0.7175940580808262,0.8009049773755657,False,5
-0.54995120323219659,0.83470327987575532,0.028707292246343517,-0.82148141326167567,-0.53439692070321954,-0.19896788386198944,-0.15073805667136744,-0.13300513413990717,0.97958545955080711,-1.5773386736949222,-5.8958748522403965,-2.8873831653322619,0.1859310641720648,0.1678223679762586,0.897196261682243,True,5
-0.85733794659658369,0.51431088126185831,0.021353284084799015,-0.50731074392781594,-0.83718487996331636,-0.20434599544942145,-0.087220722428568459,-0.18602632656820298,0.97866580169257988,-17.207247749126505,-14.674529626460435,-4.0792545301283276,,0.1102759661988049,0.5769230769230769,False,2
0.98995167086646385,-0.14116041402090881,0.0083322783284258753,0.14080119576637734,0.9785595058398302,-0.15032071314780832,0.013065703940278513,0.14998343589861185,0.9886021729374217,2.9292746964272807,-15.45248432867241,-4.8184455598364293,,0.08333791292774134,0.1842105263157895,True,2
0.18906249183801374,-0.98195597015085723,-0.0042245550166689766,0.96524337579381503,0.18663182604970868,-0.18295842968147258,0.18044555873215623,0.030512852872832986,0.98311157359854107,-11.908267597083023,-2.8176089028760614,-1.8993100332413686,0.1575224204193681,0.1123748656504191,0.875,True,5
-0.12007233441436027,-0.98147602054582117,-0.14928983757049868,0.97063682368813031,-0.084488001067940272,-0.2252241864812968,0.20843893832224403,-0.17194940758573021,0.96280143862689205,3.2427550744102547,-8.7323260563867908,-3.6035391658439289,,0.3561538973515368,0.4393939393939394,False,5
-0.87239666969017871,-0.47191525439936066,-0.12735793410177584,0.4821707486416299,-0.78808141512141716,-0.38267355839487333,0.080221068727957534,-0.39525140835348205,0.91506333350579239,12.281606429248747,1.7452690257009469,-1.6589813596349954,,0.4218241861352643,0.1590909090909091,False,5
0.57337638920543677,0.8168039324701809,0.063803230349115447,-0.81008275394919849,0.57685321947616142,-0.10491089044550342,-0.12249672671470199,0.0084675309999033485,0.99243279513675275,-5.6700621955825836,5.5755608202730551,-0.41652138300198471,,0.1694616131286223,0.3194444444444444,False,5
0.33256095277591768,0.94090219062913694,0.064080264965632308,-0.92620916504570139,0.33865172985902131,-0.16568520890181393,-0.1775944685909987,-0.0042512977764614449,0.98409457431341274,16.263592227259199,12.557487304793055,0.30810898957484328,0.2514885792445239,0.2193366899562564,0.7142857142857143,True,5
-0.92401524776769062,0.3817600011200708,0.021333622233870392,-0.37708257059559286,-0.90061827732223154,-0.21609130826147654,-0.06328156797862719,-0.20771620085573572,0.97614006323694491,-3.045582850878978,-6.2951274439529126,-2.9286771791754105,0.1321067769151187,0.1081823687453134,0.6829268292682927,True,5
0.81228970590121818,0.58203905480500406,0.037629408294708518,-0.57069511860648414,0.80645934481527271,-0.1546945595644896,-0.12038486319152897,0.10418187866331717,0.98724547143683472,-23.043421425045221,-10.711244113399209,-2.8912678563216634,0.2129752414355881,0.1826596105613491,0.953125,True,5
0.6555320160270256,0.7352772615775004,0.17217759601828764,-0.73770905780615192,0.67225242156022413,-0.06214521491776516,-0.16144076930659129,-0.086278794112503762,0.98310368104904844,11.580771853500158,-3.8490269155246422,-2.7892736018479969,,0.3662811553722384,0.2075471698113208,False,4
-0.66451986279552211,-0.74177777349588769,-0.090438303266387285,0.72864874237661359,-0.61634759347119572,-0.29864134719633806,0.16578408302125611,-0.26435086300170846,0.9500706600285328,12.86979013375989,-6.3413666001760847,-3.2891967544731369,,0.1677003621027014,0.1923076923076923,False,2
-0.5336201863022354,0.8442372848786035,0.050128869841344029,-0.8316131988744434,-0.51301156941820458,-0.21269371664646058,-0.15384727566187811,-0.15518549050691993,0.97583219833511525,-2.7668849567767757,3.6310651178695497,-0.94888493359942894,,0.312732458838684,0.5206073752711496,False,5
0.96557165337472661,0.25960495344713008,0.016632809290970951,-0.25339531818502176,0.95308489723934797,-0.16558982872197264,-0.058840419110572674,0.15567416869851652,0.98605443981502217,-8.7433753199516016,-1.5266925884599289,-1.7649502063362115,0.1869348284465374,0.1837535219747256,0.8053691275167785,True,5
0.054296310057956806,0.99531252197531239,0.080030583611729281,-0.98010565212411715,0.068446718039187407,-0.18630071783013233,-0.19090526810030359,-0.06832298580132283,0.97922783264301838,-7.4215280888422104,6.2314311309870973,-0.18715112256995006,,0.2152549467984912,0.6170212765957447,False,5
0.13241259726647717,0.99020475252111351,0.044288284791207756,-0.97345902756746616,0.13832811236663703,-0.18232623227743922,-0.18666661654551239,-0.018970540679813394,0.98224014011532179,-4.0705646499879835,-6.0436168454049346,-2.8621851230390889,0.1320014635240425,0.1174014525344232,0.7875,True,5
0.27268188338006843,0.95069818735510492,0.14770764041178541,-0.94454804776482182,0.29372740364235089,-0.14681007394994197,-0.18295785290597039,-0.099484515927062964,0.97807425850535268,-9.5914487497453056,6.5471083113134059,0.011818374899874667,,0.2223915169832793,0.3,False,1
0.99922285648075959,0.039416280436924328,0.00019980727817336952,-0.039188546119408536,0.99396886541954876,-0.10242144516467772,-0.004235674618954563,0.10233401884560109,0.99474107568121961,-9.4499593065571794,-1.014403879604806,-1.6290261104895545,,0.1583139816088968,0.196969696969697,False,5
-0.018060412023569426,0.9923036325480884,0.1225043768581654,-0.98503396354149775,0.0033465541452728353,-0.17232785974728321,-0.17141152874665536,-0.12378328403795588,0.97739234005874676,-12.642014987574822,-1.7357564556248957,-1.6771164052542979,,0.214881417811586,0.1481481481481481,False,5
-0.62642060586102177,0.77851461317535886,0.038887293877712149,-0.76707373878644081,-0.60681149832659032,-0.20827310139052771,-0.13854639590007803,-0.16029598426367214,0.97729734145347935,-5.0519004789435584,-14.20616584682444,-4.4144500371973061,0.424113445297015,0.2038341230770427,0.5172413793103449,True,6
0.87027584152557258,0.49188064411217869,0.025949790071315079,-0.48162442350656209,0.86080647349072781,-0.16446923687556095,-0.10323698145010282,0.13063555084373404,0.98604080976236763,0.85990628980484796,-9.8940891223012475,-3.7117592789625156,0.1420464857018055,0.1550610406958102,0.7883211678832117,True,5
-0.0080451129435149607,0.99917554749042592,0.039793233783313307,-0.98226346933977327,-0.00044133745305504452,-0.18750541864661974,-0.18733326708921105,-0.040595942142779139,0.98145719036706924,-12.95876348389382,-12.415450094595016,-3.8633749290921271,0.2359621139863221,0.2529928495741905,0.7926829268292683,True,5
0.97326049236215817,-0.22775786301299414,-0.029839065714656318,0.22787941753356622,0.97368911395731017,0.00069312739834304082,0.028896108241975256,-0.0074743024277827627,0.99955447561985633,-4.4531774168926033,-17.271375946563246,-4.9418001849960635,,0.1922037902091483,0.15,False,2
0.90604037949046712,0.42242245024262653,0.025497142267045435,-0.41406934626080522,0.89734218816813482,-0.1527205743204659,-0.087392260640857117,0.1278134220832827,0.98794044451851504,1.5256595016418473,-8.4354151686447789,-3.4083177545384395,0.119053702012974,0.147871225718181,0.7540983606557377,True,5
-0.0099475773333113516,0.99844201279600442,0.054905307476249408,-0.982616126257707,0.0004190920790113589,-0.18564851946656583,-0.18538229182825511,-0.055797593547508913,0.98108105395569178,-15.489451441037538,-12.525682772649198,-3.722007866367909,0.1652249761556508,0.2118906310230334,0.9666666666666667,True,5
0.22558697276551748,0.97201506198501231,0.065553314124951342,-0.95583742331397925,0.23383880914200256,-0.17802873793729188,-0.18837552365152024,-0.022497346806346057,0.98183936133956884,-9.7236909678552692,-0.16639029945339967,-1.4849471321727039,0.1460594086375335,0.1648791266857812,0.6666666666666666,True,5
0.011566932051986155,-0.98501587526206524,-0.17207536594356782,0.98358428653088603,0.042199245245130718,-0.1754456468262158,0.18007819793754229,-0.16722125816548963,0.96933425269362994,-4.8236285326555706,2.5843041520228169,-1.2471332753173676,0.5057242682195161,0.2957199257953072,0.1827956989247312,True,4
-0.95720528844622987,0.28253720130664295,0.062695818428175121,-0.28682513686917044,-0.89724114370630892,-0.3356928222357094,-0.038592442661106764,-0.33930968143924733,0.9398827392026331,-2.4586640593025337,6.6253524552122691,-0.23367663826099061,,0.1770349599662503,0.2244897959183673,False,4
0.24004747288202211,0.93763608958079192,0.25142747319773434,-0.95202354135274092,0.2780230452753385,-0.12788417809101493,-0.1898114524288303,-0.20866659965473563,0.95939035992414956,3.7070102814032202,-7.6230717770922993,-3.3384239685449288,,0.3096655476728354,0.1413043478260869,False,2
0.67021935262543875,-0.7398510493973729,-0.058535835792657087,0.73426744832654323,0.67249764286563729,-0.092726666435226396,0.10796913306295421,0.019166247566196542,0.99396947702626459,-12.573585620567171,1.8900753486585975,-0.92360656212056669,,0.2230902844599138,0.1621621621621622,False,4
0.26192472724170512,-0.94447988114090742,-0.19837638816002184,0.95227073934866779,0.28631674087571796,-0.10584499456586491,0.15676694881160186,-0.16118460849089844,0.9743939889726001,3.9389649232212482,-7.859775580058562,-3.4090937379136301,,0.4331705555228419,0.4333333333333333,False,5
0.61848214513337973,0.78270524083088078,0.069658754848806154,-0.769459130020131,0.62122089057633767,-0.14838211597158452,-0.15941293354014885,0.038172124481287512,0.98647372267724853,-13.993041276856955,-14.513606382418711,-4.1444078453328421,0.2254341289090047,0.1693900344349519,0.575,True,5
0.43875746062092208,0.89797464742696231,0.033666353053203285,-0.88174131044083814,0.43744526153516194,-0.17656133388289566,-0.17327478815902095,0.047782588239406669,0.98371371447672207,-1.8473785627809554,-10.399485912532866,-3.732401051664286,0.1131317331834232,0.1038705307098336,0.6630434782608695,True,5
-0.51907212522796931,0.85423000214970479,0.029244353961671007,-0.84110271941000037,-0.50441166259711789,-0.19523086343381779,-0.15202086768737372,-0.12593640483723331,0.98032121150378604,7.3622154421488739,5.3793150524424398,-0.77653213182360992,0.3583819825724584,0.268240904577433,0.9158878504672897,True,5
-0.39538282259148883,0.87899189424839841,0.26654394280343141,-0.90394907676877734,-0.32089117075373719,-0.28267458877863416,-0.16293707438290847,-0.35270682780165663,0.92143876813037906,-1.7155587611466094,2.7468236176517995,-1.1415739975387558,,0.350856198534577,0.3206521739130435,False,5
0.12000405038936478,0.99124129041274656,0.055133765253430639,-0.97490295438295971,0.12815172222085403,-0.18204770151585536,-0.1875186855369983,-0.031903609085849369,0.9817427882606391,-2.2482656732369404,5.5257680426928308,-0.55881881867254357,,0.2327073323326792,0.8926014319809069,False,5
0.51742064161908607,0.84626564500404156,0.12692650516100631,-0.83962854824159328,0.53070740190691623,-0.11564408562017023,-0.16522645249537837,-0.046734480280673868,0.98514775934815368,-20.290419488625503,-7.9111615509258755,-2.4496420914107309,,0.1556595242074293,0.3,False,2
0.22745213673952991,-0.96577843039722655,-0.12464970466107372,0.95869936119963484,0.24453263478368825,-0.14525606824212212,0.17076609829832987,-0.086462789136240781,0.9815106345663035,-12.327577975816805,-0.88363341707645726,-1.4804308181532209,,0.2294432421418662,0.3023255813953488,False,6
-0.30621137488223704,0.94445986264877602,0.11929024158826187,-0.93520977808563188,-0.27504517180518662,-0.22300857481199968,-0.17781244294411475,-0.17984916266725037,0.967490058771735,-1.5639720302515152,4.8726191642585688,-0.67376703091727186,,0.2097275081695316,0.328125,False,4
0.8015700160063931,0.59514127904917569,0.057379154849324876,-0.58787676999182237,0.80199289804000728,-0.10586923442328873,-0.10902482627132941,0.051129731713578347,0.99272319293517297,-7.244400001945233,3.0823037326347262,-0.96858300058174962,0.2761868479827863,0.1122424493281718,0.282051282051282,True,5
-0.99988556820050267,-0.0098957787169935054,0.011442205554102532,0.0057537920027018142,-0.9482964558626944,-0.31733377644972283,0.013990867805382216,-0.31723162730383181,0.94824487884523534,4.221670985603259,-6.8335696466097255,-3.2007741590218668,,0.1302741269663744,0.3292682926829268,False,5
0.86861546819909474,0.49312291765359778,0.048342077841901511,-0.48470265065845469,0.86590103930505558,-0.12360716231308902,-0.10281297996818059,0.083935559897038201,0.99115302195717225,9.6689582950856945,4.1640468052513269,-1.0433769465843235,,0.07197667894343866,0.3269230769230769,False,5
-0.8373027944034781,-0.53906230370198971,-0.091300948580117974,0.53980562923407371,-0.78856504066683952,-0.2945760670613109,0.086798117095540361,-0.29593413011278047,0.95125657816545961,3.2867834854503575,5.8282438333503181,-0.46258641004285683,,0.2784257922781256,0.2816901408450704,False,5
-0.45756578009667326,0.88849281737612451,0.03484351238837867,-0.87447441864071829,-0.44255860050693013,-0.19858594174896821,-0.16102188679648496,-0.12133589159182732,0.97946391122088616,-3.1102746683608551,-5.0475506622446078,-2.700840709455099,0.1239346506191299,0.1250151283427611,0.6989247311827957,True,5
0.33658525241970011,-0.94164836968579935,-0.002952240105864215,0.92611454313415009,0.33159674575560161,-0.17987621076651275,0.17035909382533967,0.057809567308281115,0.98368482405628188,4.2798539709513594,-3.6801733561987264,-2.5888968544763942,0.1911640741754956,0.2060176954224877,0.9115281501340483,True,5
-0.078743322243808908,0.99293398117418463,0.08877836578576595,-0.97965239042021546,-0.060582311307437492,-0.19133995270357354,-0.18460954240224059,-0.10203868181347857,0.97750060064830768,-11.980787402389325,-8.9504255348773523,-3.1909282612783718,0.1910263496525713,0.1822663111842549,0.7746478873239436,True,5
-0.27084510624180796,0.96046960668415715,0.064351092149596362,-0.94604106780312713,-0.25322967803443663,-0.20219057394571061,-0.17790229468667379,-0.11564110341291958,0.97722971135074455,2.1635077753346659,3.9387184925118133,-0.90425289945047005,0.1686241564541193,0.1303088521281173,0.7372262773722628,True,5
0.98151897683110734,0.18937662939602043,0.02751345778013229,-0.18554478984283179,0.97696893888350012,-0.10537942597598292,-0.046836194151490901,0.098326927621331842,0.99405140019113358,2.1226258816057961,7.0321571487023888,-0.24664304907710927,,0.1323828834067669,0.3174603174603174,False,5
0.9358588931480265,-0.35234254277553062,-0.0047817011850710966,0.34814670067104414,0.92663988997497171,-0.14188865042362439,0.054424322941275645,0.13112302184454311,0.98987107555213383,-7.1189955590181864,-13.576516998994173,-4.2514340372941879,0.1942989139196341,0.113017523395024,0.3333333333333333,True,5
0.88105028288123288,-0.45016956064903124,-0.14525069948182592,0.46550631690799782,0.879683867214899,0.097263367619019464,0.083989689567542297,-0.15330903569881354,0.98460249421756474,-12.172580510297928,-4.2233648568546318,-2.2165864089964584,,0.3125625790238581,0.2142857142857143,False,6
0.59796395992882545,0.79965415714114796,0.054702208302029681,-0.79339457028760785,0.60021474096178973,-0.10132778775002235,-0.11386025849426182,0.017189930164258793,0.99334804969686619,-6.1556549652415509,-1.7565985270068309,-1.9236820966506771,0.4040128843125427,0.2640512107747269,0.8268398268398268,True,7
0.21059330795137343,0.97657721359513572,0.044129406667877492,-0.95938971449001875,0.21513165750671517,-0.18245477705221647,-0.18767481018202359,-0.0039135438127523292,0.98222342152789621,9.9422763371426406,15.28010454332593,1.1502385856181965,0.231721013019858,0.2041029308743278,0.74,True,5
0.051046752363242097,-0.97619389635258658,-0.21080727168938412,0.9914809777950041,0.074863538946579683,-0.10658762220378443,0.11983196461641016,-0.20357044790526416,0.97169921940681903,-9.2084074973572658,6.3151229154640678,-0.095111335592656707,,0.6602583561662012,0.2869198312236287,False,5
0.96711585526072485,-0.24746162960809867,-0.058733843523307815,0.25254240643810977,0.96171722659341086,0.10640633920930584,0.030153862999039979,-0.11774004393230619,0.99258653355818449,13.975424029336253,-6.3147423388645247,-3.3389351844264361,,0.2894397249216555,0.1176470588235294,False,3
0.66108774165825823,0.73676372349783215,0.14192326647450371,-0.72860163356043817,0.67554242773233053,-0.11305789625925558,-0.17917214460468953,-0.028664334478891912,0.98340007043249555,-2.2393775816688888,7.4581484587882194,-0.063180686705034822,,0.2006078180707676,0.2121212121212121,False,2
0.34988622418300552,0.9340985609229332,0.070989496467170704,-0.91932437711957093,0.35694043884844795,-0.16563880206155659,-0.18006198866132106,-0.0073076395901994565,0.9836281200956728,14.967304650907286,-0.24798704185664272,-2.1251070348798358,0.525303548708989,0.2825507552970435,0.7894736842105263,True,5
0.24377786175559782,0.96917260989943532,0.035732426989864799,-0.95239544678415655,0.24618758703757598,-0.17981819967240001,-0.18307175386354879,0.0098042954531842447,0.98305066437493016,4.7975520397062148,-12.664926183268099,-4.4332167411594865,0.1788827725358814,0.1636243137277046,0.6111111111111112,True,5
-0.055160225385511026,0.97142850440122397,0.23083329563176216,-0.97523743123392659,-0.0028280937615129398,-0.22114238536727457,-0.21417119847372501,-0.23731553409432965,0.94752943754896113,11.212945696666473,10.620387383803077,0.218284919274291,,0.4363104967212431,0.7,False,7
-0.59012081654631854,0.80196565972487377,0.092782016041655813,-0.79423870957954901,-0.55611461783646032,-0.24478848836091127,-0.14471452616831099,-0.2181458513257937,0.96512698307799138,-0.75568271668039544,3.5356759273443021,-0.97234313382905924,,0.08689923760019833,0.2025862068965517,False,5
0.045352558085175,0.98863951006288608,0.14330060927207561,-0.97995046123854113,0.071888110136491601,-0.18582032488232969,-0.19401092493336997,-0.13200007107430251,0.97207805357536892,-15.973034046001475,7.3992889407286224,0.78116447122169541,,0.1768194290996392,0.375,False,3
-0.8489178576226547,-0.52852459289594533,-0.00047509318835933789,0.51716719871066785,-0.83048955393965307,-0.20694247842063979,0.10897962923006622,-0.17592286804532228,0.97835299606613635,-6.0265363524069127,1.1824072627609783,-1.4348241081943136,0.3028070599497954,0.2489496850229983,0.9495327102803738,True,5
0.26170794008007819,0.96334913632487795,0.058884595958148683,-0.94756964636344276,0.26805392680784695,-0.17395073329409652,-0.18335953585702225,-0.010272967682500089,0.98299224144714992,0.16068942038696254,8.0141515573628048,0.018416831261766943,0.3022068205979138,0.300917988612349,0.909433962264151,True,5
0.5490733095600322,0.82990278880169566,0.098893184132992445,-0.81328739109131498,0.55780959702539423,-0.16556591726031672,-0.19256718365463021,0.010479246420230032,0.98122783550701842,-11.468142450803652,3.25810607434118,-0.6959725328200681,,0.1526217863292185,0.575,False,5
0.92030150638346353,0.38535594421587038,0.067423538959499832,-0.38800387494772315,0.92112060090935022,0.03146158937418278,-0.049981300241989261,-0.055114742473253091,0.99722827616761223,2.0676910402291462,-6.8303858994203015,-3.1434899341451126,,0.2768168859860863,0.34,False,3
-0.25759522323592565,-0.96418607022050506,-0.063165836959316574,0.9484475423853983,-0.23981575711446906,-0.20720922272599149,0.18464008315945163,-0.11328558881142503,0.97625530219226819,2.4286455157652656,-3.3515324947724827,-2.4704054125369357,,0.07756980045704522,0.2592592592592592,False,5
-0.73282283086917599,0.65977115461787927,0.16635120105090162,-0.67134879675533632,-0.66132412846907718,-0.33457613513186735,-0.11073161992876786,-0.35686470915293073,0.92756999073339197,12.755244124379427,0.69291253050321611,-1.9165695930658866,,0.1628677611836774,0.2459016393442623,False,4
-0.67219822222389181,0.73946867236797098,0.036546307958389833,-0.72898261691387589,-0.65242675181615906,-0.20718030251935793,-0.12935955425261883,-0.16590785424736793,0.9776199106107637,11.859596897298884,-2.4184108523928476,-2.4604152493925171,0.09058752265019643,0.2673894950152528,0.9596412556053812,True,5
0.35651392168962137,0.93361854695509694,0.035415143977394467,-0.91680326209636254,0.35688927995008257,-0.17916980902534774,-0.17991554199388818,0.031407811737919622,0.9831805262060882,-13.256997917219637,12.661663468722885,1.8784769051291168,,0.2833592276493121,0.8695652173913043,False,3
0.65122435748721463,0.75816408010734071,0.033076636019294683,-0.74541152382216591,0.6472309574794769,-0.15954230734609168,-0.14236746948822052,0.079242130935432725,0.9866368066904514,3.397209566153808,12.352472646272412,0.90715060082652332,0.2091566837063579,0.2451748265232945,0.8947368421052632,True,5
0.83781196439576011,-0.50031086313881157,-0.21854096307240833,0.52757268316978634,0.84491297110260599,0.088256077612816647,0.14049262004941901,-0.18923824002527839,0.97182854054806678,-18.310159161309397,-8.0690534908667395,-2.6655202772268094,,0.4794746131087241,0.1428571428571428,False,2
0.99866525807689333,-0.051210166878475093,-0.0067246649352530538,0.050809089688909057,0.99744311105530947,-0.050256110208513408,0.0092810945042643561,0.049847357167502715,0.99871372388098201,13.964241094583354,8.6276681198207577,-0.24985619167474307,,0.3129599267490494,0.2807017543859649,False,4
-0.97461309125294004,0.22278860575993459,0.022238693800035368,-0.21882138794223535,-0.92678728561397861,-0.30525813241141614,-0.047397495054285706,-0.30237487390293588,0.95200993329626604,-10.352624275461176,-12.102899056594238,-4.0139173708383797,,0.1401934482656998,0.2173913043478261,False,4
0.1447916882444408,0.9529654141163606,0.26625605441633954,-0.96467153614958889,0.19581505763556889,-0.17625348378392383,-0.22010041880495307,-0.23132959754690041,0.94765100271179581,-0.10558815318834347,-13.298407047169102,-4.3732119914369942,,0.3424878202204373,0.1956521739130435,False,4
0.68813603327092987,0.72486291352278787,0.032288640624902311,-0.71147272865616862,0.68281972137571423,-0.16602344557000528,-0.14239155906406242,0.0912742280145179,0.98559304949236437,7.9590783447207736,19.658360678938756,2.0446310180927076,0.3474592102631395,0.3587522360540518,1.0,True,4
0.99959133634438813,0.026792810484785622,0.0099652200962776528,-0.025693227410870604,0.99488876399016513,-0.09765349636001204,-0.012530697125626142,0.097357550259073153,0.99517058288370741,-10.551112238259494,-11.489451273550786,-3.932472977098624,,0.1500570544673191,0.1333333333333333,False,2
-0.36163417786947577,0.91692376079599003,0.16873511277859859,-0.91662074055988696,-0.31659986635897341,-0.24407159317897678,-0.17037352896536562,-0.24293073397414752,0.95496466904209043,0.7023211748031829,-6.911990274408673,-3.1136860114644631,,0.751700728204217,0.2673267326732673,False,1
0.99689528753818046,-0.078451571018834099,0.0067183843925051542,0.078658437500802189,0.98839502900203213,-0.12995428755529503,0.0035547002828692845,0.13007927447809942,0.99149722463411361,-14.543776997488782,2.5132914519009302,-0.7404635384556334,,0.2495180465247795,0.4166666666666667,False,1
-0.76222789329218654,0.64683214271881373,0.02483581754531752,-0.63743489584490731,-0.74337253580095342,-0.20266728047727106,-0.11262944662275548,-0.17030987100766956,0.978932661417936,16.516410638647827,-2.7556007575927688,-2.6310680153465795,,0.07312457135362999,0.4074074074074074,False,1
-0.48731193220080982,-0.86586181153062225,-0.11318305556761674,0.85691142169284085,-0.44923332065391941,-0.25276914168190373,0.16801754702133612,-0.22016527189173501,0.96088363340509175,-5.3926527587821305,-7.6075188828350768,-3.1504886153810507,,0.2822793911318915,0.5,False,3
0.90090186889604096,0.42549721838320409,0.085603386427033468,-0.4243512905191365,0.90492925926417767,-0.032078309842152319,-0.091114240678190961,-0.0074264982152987477,0.99581275462302365,-3.6969125017907305,-16.683392161154828,-4.898009602451415,,0.1291022931076591,0.2380952380952381,False,1
0.84041244285784933,-0.52362625793276607,-0.13972282523993393,0.53736635323193704,0.83858854271962646,0.089479933133526923,0.070315917855842319,-0.15028239425395118,0.98613937842142196,-8.7757759555361829,-4.4148348054941087,-2.3571769191156791,,0.2958975886955251,0.25,False,4
0.6084732579022637,0.79220253895626525,0.046641523228263725,-0.77743352029430401,0.60686048512639135,-0.16527998401187963,-0.15924012038619989,0.064307766742504824,0.98514318512385823,-9.6851885149294592,3.9982341495309774,-0.57476080495224768,,0.1272278644401085,0.56,False,3
0.99819776320747489,-0.05925343501086363,0.0095003140478451091,0.057537639147175738,0.98997490368237639,0.1289926748324845,-0.017048331559531876,-0.12821357384646542,0.99160003724916879,4.8573844937124404,-5.6688337937223077,-2.996043671857489,,0.6302378832565693,0.4036281179138322,False,5
-0.13423503943605486,0.98824211201238521,0.073201654577615682,-0.97374453371041625,-0.11783862895818369,-0.1947707385475006,-0.18385466340749732,-0.097424768773424625,0.97811342755978969,-19.309464012789068,17.757682010113939,3.2202420262383504,,0.2610662077971072,1.0,False,1
-0.058455793476632448,0.96827418571238721,0.24295683051116254,-0.98059792769086584,-0.010077531085205156,-0.19577065044486311,-0.18711126213404511,-0.24968689322877807,0.95007675002199909,-2.3168691569257165,-19.321186104378878,-5.3477072536112411,,0.2658232970245838,0.1739130434782609,False,2
0.20628601285975659,0.95056628370076046,0.23209873155566824,-0.9577177394570201,0.24476189314106883,-0.15122283952940208,-0.20055625751334624,-0.19108991589648516,0.96086514746602958,-17.089291332907585,-7.0700330986780724,-2.5425390533070353,,0.3466656814796025,0.1176470588235294,False,4
-0.21822364390811563,0.97068881170647725,0.10070586908086042,-0.95973440947069322,-0.19475928291148795,-0.20243192682416122,-0.17688500365323095,-0.14082632050746202,0.97410453388480123,-1.78425013256141,-15.472272698963442,-4.7800269465439182,,0.09640944353689686,0.1304347826086956,False,2
0.77346466542265557,0.5791337312112923,0.25759761783818402,-0.62087232518745361,0.77403586511099476,0.1240404584730308,-0.12755378143726442,-0.25587614366165784,0.95825749772485147,3.105649554016142,-4.2961078402047628,-2.6610457809972665,,0.3911881561195806,0.288659793814433,False,3
