axis_00,axis_01,axis_02,axis_10,axis_11,axis_12,axis_20,axis_21,axis_22,location_x,location_y,location_z,dbh,dbh_approximation,score,reconstructed,number_clusters
-0.6609318310074318,-0.74456750947641392,-0.093746139084519037,0.74680395188242255,-0.64027989349814418,-0.17979297938129227,0.073844242930374948,-0.18884089020679687,0.97922732088721076,-18.42168702920635,-0.28102382338692894,-2.8105895854217464,,0.214015199682624,0.3888888888888889,False,1
0.99919721305366049,-0.034324319383143453,-0.020658425029141985,0.032403088357962684,0.99567483612737306,-0.087072731481206964,0.023557786200464174,0.086333433857435984,0.99598773531992857,4.9317967554072055,-2.7049947513011245,-2.807305521139428,0.3643800924142183,0.2628227134689408,0.9802431610942249,True,5
-0.29239744242088705,0.95629679952283153,0.00040851941684462434,-0.94960174722605306,-0.29029984818752419,-0.11824770529498031,-0.11296130899981698,-0.034963257352402438,0.99298404483876679,14.188455046318355,-4.1601113442519368,-2.7980206088962505,,0.2543275950465772,0.9166666666666666,True,4
-0.99904339012366117,-0.038066285185487499,-0.021523535546019726,0.04227939624486448,-0.9665231358800358,-0.25307208550488836,-0.011169480891849229,-0.25373999633640909,0.96720796985746926,-21.403411747197666,-2.4179099496612935,-3.0728951733560224,,0.1586982950646788,0.3,False,2
-0.44179999771209338,0.88479374853103532,0.14816472111131682,-0.89182162841250046,-0.41525010371123211,-0.17950357785706766,-0.097298227719067251,-0.21144118314134358,0.97253569649371652,9.8473673500192511,-3.8726780591715779,-2.8283491065525217,,0.1670577841812493,0.2926829268292683,False,5
-0.51135339072221064,-0.85190388272326112,-0.11303753534968621,0.85471550394925511,-0.49049244145516518,-0.16993696532574698,0.089325903889469857,-0.18351277741995214,0.97895042949985234,-8.4973458776501634,-21.883421845384156,-4.6671903606815519,,0.1694256297187208,0.2692307692307692,False,1
0.34062644566383071,-0.89859908853976012,-0.27657422618519373,0.93000573729607727,0.36522417506998672,-0.041238701977983835,0.13806865361408632,-0.24316862466190231,0.96010732049559611,11.318978320967791,-14.090727272180242,-3.6032002567692607,,0.2503057057808414,0.275,False,6
0.62713654646654493,0.77866110430607771,0.019663080299265567,-0.77498453467211481,0.62630867944584923,-0.084477269545382844,-0.078094321849040652,0.037740199941668058,0.99623137583761245,6.3775536848753198,-2.5293147232453852,-2.851908997326472,0.1338505144335072,0.1121093889419651,0.3636363636363636,True,5
0.96850371342354402,0.2486763204787705,-0.012674569734143708,-0.24879075290349104,0.9643568915331866,-0.090105199750983064,-0.010184220859739659,0.090420536304482685,0.99585159951665991,12.670665022849962,4.4205908960750371,-2.1579999911580385,,0.3095445770026875,0.9765625,True,5
0.89853057534303094,-0.43828611776471338,-0.023411197074380483,0.43488683954869617,0.89623141386329563,-0.087422477612698848,0.059297908572446663,0.068370547601522599,0.99589619251184991,9.0962300495583914,-4.8026495045631856,-2.9153790540496822,,0.1034827903597323,0.3896103896103896,False,5
0.80821568707422908,0.58888630911932616,0.00056400261537779914,-0.58657679585207256,0.8051300061594644,-0.087711662563072224,-0.052106292662680423,0.070559110775855832,0.99614574543661671,6.1693510005507139,16.130332117909855,-1.614138996720283,0.2804773715845803,0.2750181730332021,0.759493670886076,True,5
-0.99068460411073156,0.13612096881620392,0.003885489222876906,-0.13289859506095031,-0.96022222956977088,-0.24558345479873925,-0.029698124667874644,-0.24381212375227951,0.96936766487366122,11.345485747060405,4.3630139958657219,-2.1958473991708658,,0.4253900131924474,0.3125,False,8
-0.95929055283900899,-0.27752371188961567,-0.052366254141753471,0.28213266906262374,-0.93331681355856,-0.22208305333027409,0.012759007854417987,-0.22781640605519818,0.97362050761611685,-14.262108416118732,-7.4745375492217949,-3.4304705640538722,,0.2550638058706051,0.2285714285714286,False,3
0.97551218415484764,0.21954710478947434,-0.013230545869213399,-0.21985072872209815,0.97156178504752044,-0.087939495766336653,-0.006452568930299391,0.08869479473923278,0.99603794994988237,-11.17220620068708,-2.1052840427177326,-2.8429796052045839,0.1677316539866475,0.1430897262773771,0.7261904761904762,True,5
0.72512697387267744,-0.68778796401346387,-0.033742974386794786,0.6828284727301801,0.72450888722943019,-0.093979514547285745,0.089085063794239222,0.045106417323787909,0.99500214197005088,19.581663045826442,13.929792268186567,-1.7442689948185102,0.271795791371498,0.3249772157289593,0.9767441860465116,True,3
0.54195234695083794,0.83928720244944055,0.043412503257357959,-0.83543842122919543,0.54363757975778604,-0.080627701251903369,-0.091270466025696315,0.0074278987397856152,0.99579843761263442,-20.823508185541133,6.6340261675841248,-2.2456888566844277,0.2088344150096006,0.1815092172133415,0.75,True,2
0.98292837282562284,0.18359128702366281,-0.012085248171538115,-0.18397535997648698,0.97994624047991918,-0.076540399076528376,-0.0022092568647990281,0.077457117802479783,0.99699323673023865,-8.0462097173753921,-8.4293320533764629,-3.3967785848996881,,0.178504071237721,0.9285714285714286,True,5
0.80748035490429881,-0.55947822935107627,-0.18697483072812959,0.56903216033051973,0.82230937892755895,-0.0031122077942776771,0.15549236943724876,-0.10388164520240153,0.9823597746430951,10.25076543200573,7.5208875714996184,-2.0089701860486575,,0.3036291734643111,0.8125,False,2
-0.75867631254457901,0.64617336609853737,0.082886873077988601,-0.64564825310777696,-0.72882043607438418,-0.22794539964478638,-0.086882599193606136,-0.22645254007237622,0.97013950597433796,9.2670420786185055,-20.51538311870803,-4.2334026164025635,,0.2347587606505216,0.1428571428571428,False,3
0.77136102075438362,0.63497084059772535,0.042593511845992804,-0.63345340046187903,0.77250133648091435,-0.04448004697035457,-0.061147077641037398,0.0073291695177982036,0.99810185761280956,-11.380755938961128,-9.4635588010293734,-3.5395402979217407,,0.1221840938277571,0.2142857142857143,False,5
-0.08490589695226515,0.99580901642493458,0.033991049844599878,-0.98645005150376552,-0.079203635526609903,-0.14367699888148106,-0.14038263621599539,-0.045729497331314289,0.98904071125655635,9.2634137538348131,23.012334269416204,-1.2385952537406795,0.3140624238896805,0.2874625359998104,0.282051282051282,True,4
0.59723085908437878,0.80204307124287977,0.0064971400341968391,-0.79795789524792693,0.59496904384917193,-0.096306979356125227,-0.081107942698811553,0.052333055829861461,0.99533047421380361,-6.439423017380868,-3.9946358786829776,-2.9651120183426314,0.3385028544489924,0.2550759304967093,0.9160671462829736,True,5
-0.92338138690054128,-0.37627889520390551,-0.076032935953848482,0.38364150173428191,-0.8974805040100885,-0.21759582502627128,0.013638638960640936,-0.23009332442712657,0.97307299293597438,-13.651058465645317,14.535589642213511,-1.8269536033683949,0.1615332937576204,0.1682946463276614,0.7714285714285715,True,5
-0.22481723845671017,0.97438058024722995,0.0063003277509354229,-0.96831950239506503,-0.22268816788681348,-0.11299257128053905,-0.10869475872401593,-0.031503408074125376,0.99357585754971045,-7.793427211863543,-11.234246178675619,-3.6536210035771606,,0.2868404685273041,0.7948717948717948,True,5
0.99688648559454374,0.077177598319612087,-0.016154044588834123,-0.07835230047536336,0.99256575041260353,-0.093135106796984696,0.0088460075276829281,0.094110835855835254,0.99552242502383537,-7.7719396601079342,-9.5619027110411636,-3.4850768047685752,,0.2179033308879987,0.8370786516853933,True,5
0.85388644525090973,0.52009367668037698,0.019506565403809038,-0.51907317595257096,0.85374748507343612,-0.040966690582655778,-0.037960197882483296,0.02485556693923616,0.99897008171859292,-16.373567300822994,-19.570356507110844,-4.5815523175102397,,0.1891374890014423,0.71875,False,2
0.77308802572733382,-0.61242788311852947,-0.16512720083611362,0.62888207332026447,0.77400664623177795,0.073627776317373661,0.082717847732027838,-0.16076628865527892,0.9835201869298813,-15.577861834006926,-8.6785439581795121,-3.5561309146104718,,0.235184134601639,0.2115384615384615,False,5
0.57572821991916889,-0.81509242635433155,-0.064508552057174345,0.81070072841230811,0.5793197238589205,-0.084575330326147946,0.10630778776956008,-0.003604725763825669,0.99432673715017283,-8.9922242633041254,-13.816350308589859,-3.9169588747689397,,0.1761228412763361,0.8831168831168831,True,5
0.98751081619396641,0.15672245909255775,-0.0161387334047122,-0.15751440865883132,0.98430099067515975,-0.07962895717487907,0.0034057252950774877,0.081176539541184992,0.99669392014967828,-9.0311396684804848,7.4640100344660292,-2.0127469619725518,0.2165559809819872,0.2122154010751562,0.5,True,5
0.98675118913336712,-0.14558184549783318,-0.071610173895410009,0.15885225717772636,0.95667623574136895,0.24400110728696767,0.032985620100694182,-0.25214382052544881,0.96712741799485902,3.2802439093324161,3.8686751782056694,-2.2571437057770161,0.919328034109959,0.5678019291163039,0.2639405204460967,True,6
-0.43090155188743456,-0.9014659973684912,-0.041023263758910578,0.89700691352509354,-0.42292180142401337,-0.12851360616080493,0.0985010135439605,-0.092174863540447557,0.99085889250796655,-5.8112154739992263,-15.90081034884968,-4.0487146197005472,,0.1540362341830229,0.6486486486486487,True,5
0.77882942394171606,-0.62651496466933831,-0.0300620599426051,0.62080011042980898,0.77680055715612195,-0.10577389702698953,0.089621154271478945,0.06371729315748384,0.99393568970015933,-6.8649592305093021,-0.79312905085875207,-2.6662017830369598,0.1894514299931142,0.1821671861027554,0.9219858156028369,True,5
-0.91280270000099673,0.39813687251319718,0.0909849526916469,-0.40322773943670243,-0.84324373504472383,-0.35545378526130716,-0.064796767046342546,-0.36114683170870349,0.9302549891976436,-13.272895426181464,-9.5451645812491837,-3.5478713889090332,,0.2394522858919894,0.2666666666666667,False,1
0.93845932714463598,0.34519861103128635,-0.011489570806088301,-0.3446745290567188,0.93385792622105435,-0.095440256986461455,-0.022216217382051907,0.093526961760678068,0.99536884977833739,-5.1555042575985972,-12.455424964541303,-3.7180410429957589,,0.2315659141944975,0.9943181818181818,True,5
0.95678910358442226,-0.2888321117155408,-0.033624730542556935,0.2850397449596655,0.95446912278950657,-0.087983165632748744,0.057506130590112843,0.074596949558089501,0.99555428785234068,-8.3761540789579794,6.5040370781189374,-2.0293063825957964,0.2094669677533206,0.2048834298610061,0.9112903225806451,True,5
0.46334969512603752,0.88248813086101618,0.080757407809053938,-0.88268485012213804,0.46768474598971943,-0.046243202023545024,-0.078578084676752188,-0.049856566848925796,0.99566048799305651,-8.1659365112437285,2.5125081300470247,-2.3421693074418659,0.2286962814406554,0.1491157097952956,0.9008264462809917,True,7
0.34668734044443539,0.9378570588947498,0.015232368721048061,-0.93300084963800467,0.346472428614436,-0.097294762370726345,-0.096526175467205072,0.019519049446743247,0.99513903760146483,-12.403164318009596,-5.7986142508670495,-3.2148808701986304,,0.08327815571194416,0.303030303030303,False,2
0.92598455913275624,0.37071611365501556,0.07156926242625028,-0.3766617393483993,0.92010770125773478,0.10736737026325353,-0.026048615294376302,-0.1263779298878156,0.99164010027757399,1.6604461618314477,11.59582260277627,-1.7899460311918882,,0.3502294288371891,0.5714285714285714,False,9
-0.52847183396444863,0.84889963816630087,0.0093233592323685339,-0.84195843640183021,-0.52268082617024969,-0.13383103274566363,-0.10873597416695982,-0.07857581227775462,0.99096030679682279,-15.323659993926888,8.6387055623031603,-2.0500961159191999,0.2447906369481435,0.2739295777952644,0.9367088607594937,True,5
0.99698212717432411,0.074379511174565621,-0.022233452552264461,-0.075662084931387125,0.99508697974182181,-0.063852577490155354,0.01737489564851211,0.06534210790702584,0.99771164267811918,17.465829076706985,-17.014128755643984,-3.7353298941311461,,0.2857094063220021,0.7446808510638298,True,5
0.050103127778535289,0.99720593401867175,0.055407596453518879,-0.99138365516660343,0.056380119313627179,-0.11823591000489991,-0.12102943796991454,-0.049006196589098758,0.99143848414339708,-1.623438815757017,-25.537478353252329,-4.9184015443731468,,0.1559304410081736,0.4482758620689655,True,2
0.73838592946483295,0.65555007198595794,0.15824134190394404,-0.67114242235814092,0.73728574549825976,0.077314800629136163,-0.06598536261628421,-0.16329063844654867,0.98436888376061371,7.4129730598838401,-1.2447102465129691,-2.755097405477668,,0.7404292047246299,0.3571428571428572,False,2
0.27088591297762976,0.95744396846360358,0.099608580970425839,-0.95676734835547628,0.27918102856841653,-0.081573245664936705,-0.10591063813945735,-0.073205194762031189,0.99167733471565533,20.80191300760827,-3.8451595860559515,-2.5781270051615555,,0.1462163771050785,0.3,False,1
-0.14873273404754131,0.92812099509893353,0.34127700227133667,-0.98248334120549541,-0.099509289535859732,-0.15755756265491228,-0.11227224980569095,-0.35873293653166988,0.92666370500356543,6.7433625124175203,4.6815419304323411,-2.2980609225376418,,0.3417521566427739,0.1791044776119403,False,7
-0.77807299304553168,0.627402837770348,0.031114251571947936,-0.62202072933478469,-0.76259015471464875,-0.17761325460142618,-0.087707638042479802,-0.15754978606777875,0.98360837488250707,-9.998584560641131,-10.763953582821783,-3.6435459744630654,,0.1172528609955612,0.1794871794871795,False,4
0.47060336062886243,-0.86369678167056019,-0.18044485666467847,0.87556997868099207,0.48241427039415813,-0.02556724765473789,0.10913152338984064,-0.1459600666346372,0.98325274957694564,8.9000291475798079,-14.272796118686022,-3.6572035256477564,,0.2321903812225909,0.2521739130434782,False,5
0.8706108703300709,0.49197225195631944,-0.00012557127390167618,-0.49022316993879578,0.86749407484824392,-0.084470549651041074,-0.0414482341997299,0.073602536696897661,0.99642596838576358,-7.2594287470686023,4.7642501151338141,-2.1294215530535401,0.163652093422673,0.1537118176734277,0.6142857142857143,True,5
0.9802588731551144,0.19746913786206602,0.0099237690762177359,-0.19741791449797316,0.98030160549856171,-0.0059101008632758273,-0.010895349280162161,0.0038342990174814848,0.99993329253261076,-12.317240874068625,-8.2184462400203255,-3.4292842615519197,,0.1136483599563369,0.3333333333333333,False,3
0.99600232849436121,0.085770401039690622,-0.024955959995618955,-0.087547191571506006,0.99278103295710385,-0.081983594996621528,0.017744037921350923,0.083840675725560948,0.99632117824129818,-12.523150948660685,0.31928965543972376,-2.6449484106758487,0.1407902776037679,0.1641180573263964,0.7457627118644068,True,5
0.99952923855495523,-0.02333816720650822,-0.019915602556614474,0.021545183258737367,0.99606812115033361,-0.085930804176340414,0.021842764296200905,0.085461265960002059,0.99610203577164469,-7.5109100568237661,-3.5005144078860182,-2.9280031685779115,0.1795439347256102,0.172496123770412,0.9120370370370371,True,5
-0.34537388410816755,-0.93294371543055843,-0.10165089283751047,0.93286492436531587,-0.32947745693030023,-0.14562842532842268,0.10237144653140287,-0.14512280735076452,0.98410337755832411,-8.4135865376446564,-12.550821515773929,-3.7917674277924784,,0.1711956284963499,0.3225806451612903,True,5
0.87114248635405522,-0.48925594108459308,-0.04170602573135207,0.48597734852630059,0.87121600669414612,-0.06934469265381818,0.070262260056317541,0.040140924171412816,0.99672058322201973,-7.1907612299499988,-7.4909739218000011,-3.2938734371591254,,0.1274649711544743,0.6987179487179487,True,5
0.78272593236830112,-0.62116915154589136,-0.038587562321705245,0.61627918944485827,0.78222945229424401,-0.091197832324220462,0.086833607867937965,0.047602196705669994,0.99508489859580951,-9.3879731736677439,-4.2059492510861851,-3.0287693855811262,0.3171013719829098,0.2607749951262296,0.9783783783783784,True,5
0.91621091861702297,0.40049834355277775,0.012594817125734943,-0.39823389211026816,0.91360984862205419,-0.08201714257088881,-0.044354478710238177,0.070129318492818921,0.99655133280031016,-9.2087535013431356,-0.050775942607834412,-2.6095441207261296,,0.1869659239310052,0.5555555555555556,False,6
-0.5150040959779888,0.81707852421145355,0.25913985876034346,-0.84401537744334065,-0.43056761923424181,-0.31976486346397592,-0.14969577069868339,-0.38339824013601453,0.91137092651430185,-11.509909487548438,-11.23995571142494,-3.6863127995653513,,0.3241776632640589,0.1818181818181818,False,4
0.79030945495034755,-0.59820424346742085,-0.13252414313496419,0.61080278096664686,0.7862458098653744,0.093474537883604603,0.048279687027736211,-0.15481992625858509,0.9867623129476476,-8.6013933602696415,10.812487570684,-1.8196905296415435,,0.350201859385283,0.2972972972972973,False,8
0.10492368491672181,-0.97479765731620305,-0.19687698604544732,0.99037483857496245,0.12039241906890556,-0.068288685361160076,0.090270147120268679,-0.18781691276767337,0.97804708875253332,-13.421036129015123,-8.2913211684726633,-3.4687012904376249,,0.4595586244730916,0.5647058823529412,False,5
0.92150244653133939,0.38836468212504466,-0.0024727949107415464,-0.38728199145688036,0.91841939505582748,-0.080737066323239279,-0.029084362292313069,0.075357073080124404,0.99673236699068213,-8.5162268267969807,-14.952882290978375,-4.0254840333230923,,0.1874365520824536,0.6666666666666666,True,5
0.88850817843438967,-0.45787678285009348,-0.03003445657994756,0.45362069684334266,0.88634170911206578,-0.092879696832323486,0.069148248354999081,0.068900119122919087,0.99522424273843157,-9.4576588983213608,10.540526975571883,-1.8421426388040549,0.2564850496514962,0.2012308988202285,0.8064516129032258,True,5
0.58617278973757214,0.81002464304209321,0.016172143822042764,-0.80594065888669764,0.58502582008405368,-0.090578386981972708,-0.082831847284408899,0.040060797539604759,0.99575801155498744,17.342637259782396,9.2823942790177565,-1.9583244407178211,0.274185484172607,0.2503408022855101,0.9420289855072463,True,5
0.41320001032324133,0.91030234609376393,0.024807058774910982,-0.90702374688270115,0.41383168974420426,-0.077789813949655437,-0.081078197190973977,0.0096421605278815218,0.99666110322446888,-17.654901497068906,9.1941561403599579,-2.0694349409624788,0.3688688579659409,0.2505511203366093,0.9782608695652174,True,6
0.97936659538175752,0.18881941193838636,0.072029865511383601,-0.20204678636154258,0.92236078440970537,0.3292835852332871,-0.0042623903292925338,-0.33704274663365213,0.9414796965258071,0.33204074976709352,8.764904315897569,-1.8603913955058995,,0.2993771602573201,0.5,False,1
0.9994405419231106,-0.020742111515104855,-0.026236767528315746,0.021951080532760115,0.99866947212573876,0.046662999341489472,0.025233969641818364,-0.047212818746549368,0.99856607018370214,-14.938802073465739,-4.5829177686342311,-3.1945118658015068,,0.2292969039615633,0.2692307692307692,False,6
-0.72438456542792462,-0.67298833711735628,-0.14951153625661784,0.68627159578617625,-0.68331451088764916,-0.24922394754009791,0.065561407755581808,-0.28313950150833722,0.95683526507895711,-11.929540255886577,-9.4541638586373917,-3.5229045122148439,,0.375404035841909,0.2962962962962963,False,1
0.99951236253650955,-0.023334390581546256,-0.020749538618334062,0.021656115508191239,0.99673960981590304,-0.077724918045236291,0.022495550621884491,0.077237662058290357,0.99675889449855859,6.0955372055356492,-8.620899244613053,-3.2084938950071424,0.383596840795777,0.2716194686563329,0.9708029197080292,True,5
0.67661238557151071,-0.72010986286861145,-0.15374480508485719,0.72710418843102975,0.68636541814031193,-0.014900065339810767,0.11625480143755315,-0.10170692297197101,0.98799824036396455,-10.41443630909391,-4.8194125634872735,-3.0984202024477705,,0.2317595451651902,0.3478260869565217,False,2
-0.42114782636567794,0.87554472722284971,0.23676135448956076,-0.89994802322269052,-0.37091819144107574,-0.22915769844291689,-0.11281872116381242,-0.30958217954260264,0.94415613659215014,3.2763725302863245,3.1087533418499311,-2.2962216614029876,,0.4739114003523509,0.23125,False,2
0.99122253451399989,0.13178774009389038,-0.010482300920496413,-0.13214045293258631,0.99008452818770953,-0.047660547018387477,0.0040972881779994053,0.048627344203299748,0.99880858708028764,-11.83603136306419,-12.256739145868607,-3.7815847483647231,,0.1103512665680532,0.4705882352941176,False,1
0.90639397188222071,-0.41664161195860899,-0.069711799002072639,0.41620897152754938,0.90901912651534011,-0.021314775374597736,0.072249981007285038,-0.0096950922544288328,0.99733943340801801,-18.979649043277345,-4.5623491759483503,-3.208562591308858,,0.1117866774541616,0.2777777777777778,False,5
0.76321462673299545,-0.64545220547080595,-0.02991461170877335,0.63990259581836495,0.76145059366286616,-0.10352613812650083,0.089599673022464854,0.059870225181983372,0.99417677237547941,-6.1226056515571061,-1.8568981635441533,-2.7499832620437492,0.1953950546308191,0.1727513424138497,0.9349112426035503,True,5
0.63463810243379326,-0.76794040959657994,-0.086614122681421019,0.76467712767573304,0.64021981701443098,-0.073399429913321254,0.11181846604575615,-0.019649763628270204,0.99353435644698684,-16.650206031405251,5.6886167327578052,-2.2948368372603833,,0.1612539491323489,0.9032258064516129,False,4
0.94969769428397799,0.31307001289131742,-0.0078394196168273325,-0.31260686368205015,0.94620043925123476,-0.083556433263066957,-0.018741351353904076,0.081804008392031599,0.99647221033023725,2.458281208444594,9.5531663707964327,-1.9187684707749886,0.2809155348890688,0.2644827664677148,0.9662921348314607,True,5
-0.88387675962588796,0.46695146360243212,0.026799336424407932,-0.46383745286491584,-0.86773260424090914,-0.17859155875090793,-0.06013893175829637,-0.17028346419085605,0.98355825994708335,-8.916255492606771,-18.812688501313396,-4.3876730308010208,,0.3109947171637575,0.5333333333333333,False,4
0.93631245452133072,0.35101685273385114,0.010303232748217511,-0.35021286870476398,0.93552624260511019,-0.046277380984079901,-0.025883085245422925,0.039721763480336493,0.99887549144234755,7.5950234044865015,-4.1752030404629661,-2.9510166749360729,,0.1605804363364563,0.6459627329192547,True,5
-0.15708848430531039,0.98758269075583038,-0.0019070967814861263,-0.9806998876475066,-0.15622071815919833,-0.11757047922838815,-0.1164084982586269,-0.016598678781700113,0.99306270969958044,10.271412239982171,2.4958163920072085,-2.3353147307702691,0.259884282990156,0.2466580958552504,1.0,True,5
0.94018581748421393,0.34051425072555147,-0.010033626181875806,-0.34000813262218166,0.9361499329940991,-0.089542016427607035,-0.02109735415445075,0.087597648415703236,0.99593250456028448,5.7455307386601291,1.218578702721653,-2.5467386627642687,0.3438729761944008,0.2672512380036673,0.9691358024691358,True,5
0.70291218827728263,-0.71023679872014189,-0.038446655446298716,0.70488408369646327,0.70280704412368855,-0.095920213101937865,0.095146645356729273,0.040323051396048512,0.99464625239502713,12.277025357889928,-8.2542463056610131,-3.1140457012898133,,0.3692061620925229,1.0,True,5
0.99373904799148216,-0.099812454011231483,-0.050201379674661303,0.097040028947577725,0.993763569085656,-0.054929059158094463,0.055370906429613016,0.049713607617995099,0.99722746649837524,-21.06003421887625,4.7478276945919937,-2.3960448796790712,0.1392237541194664,0.1785830078328191,0.5,True,5
0.94192035131764729,-0.33392154391625767,-0.035811370850930307,0.33133168024120063,0.94139431979426735,-0.063214336409014193,0.054821249914451503,0.047677428282911119,0.99735725464356295,-7.1106545045129135,-21.678407771160384,-4.6510200350075976,,0.1465987425271584,0.36,False,4
0.99373533667871372,0.11064112004451698,-0.015767789678296475,-0.11136882122678249,0.99213981515710481,-0.057057627348006248,0.0093309321399950903,0.058456220672583284,0.99824636436607084,-9.9414094841442946,5.5605740985635483,-2.1421878969191011,0.2232278026824538,0.2343166554683538,0.81,True,5
0.98197722193581194,0.18895566613055209,-0.0040610142065272085,-0.1889801267263814,0.98134485756207068,-0.035338113121124864,-0.002692081296536958,0.035468673130522793,0.99936716272081594,-3.0266488769100621,-23.856505735726632,-4.7803310788130267,,0.1229800989446543,0.4090909090909091,False,1
0.90641962669968812,-0.42101504582361376,-0.033908575961554645,0.41707434938154725,0.90483097189206263,-0.085614831617111517,0.06672666199922847,0.063460566456718645,0.99575112808544419,18.910479898680926,-10.769892705509296,-3.1728016464616871,,0.3302564498994749,0.967741935483871,True,2
0.93143114021240625,0.36387990471594434,-0.0052388917274922113,-0.36301132920479873,0.92799991914668478,-0.083898301131266104,-0.025667214721943696,0.080047267334135974,0.99646055068966743,7.3448271722850382,10.520520932400514,-1.8997860471442567,0.2498828943504698,0.199046620414086,0.851063829787234,True,4
-0.65756416326841127,0.70443856986100606,0.26716225870675414,-0.7467693303838181,-0.56248385403247403,-0.35489080172762866,-0.09972431189644064,-0.43287205412795488,0.89592234394049264,-10.486276602163974,22.335656271735306,-1.3347873447202476,,0.5055412274978406,0.4347826086956522,False,1
-0.73874927454904904,0.67361863652826781,0.022078085855688084,-0.67073615565884392,-0.73158852913097949,-0.12202964203817644,-0.06604936672859868,-0.10495787996033309,0.99228086980903907,-12.113832048800656,21.584850153819787,-1.4277631919459532,0.4150464226608544,0.2899362669414861,0.1914893617021277,True,4
0.68625452353381977,0.72391822196702649,0.070690429574798236,-0.72391859655934232,0.68921781618380407,-0.030342501715930753,-0.070686593388865432,-0.030351437510074776,0.9970367073263402,11.648582935474195,10.666288353270161,-1.8520383990141795,,0.1494767245155533,0.2608695652173913,False,1
0.98637896362263111,0.16422958139595503,-0.009229556720344605,-0.16448423972276388,0.98438384798100753,-0.062716622333555405,-0.0012144980728762073,0.063380473559408332,0.99798869761426479,8.9695189759495211,7.4283895041924835,-2.0367079905954482,,0.161052406010066,0.9042553191489362,False,4
0.86554453642839968,0.50082878610335224,-0.001783947641785898,-0.49889265779596387,0.86187437653683396,-0.090987224743491898,-0.044031482557657375,0.079643493641891772,0.99585046189891779,8.3067157588448701,14.225767016114307,-1.718115285906807,0.2829204598312066,0.2592226508370145,0.896551724137931,True,4
-0.91294239654844811,-0.38972691957563171,-0.12103350256216419,0.40636444303914221,-0.84094897892875342,-0.35731324390816432,0.037471589476082603,-0.37539012106977004,0.92610913880889834,9.5903001721962706,4.6784687881915215,-2.2079316376785769,,0.3745153255255771,0.2993630573248408,False,4
0.85655445837616762,0.49656317947388756,0.14049721928456108,-0.51154828474343206,0.85290706417892481,0.10424918344879626,-0.068064764834406669,-0.1611662144013804,0.98457739112959786,-17.628026423608624,-3.3995166363268083,-3.0758200217496565,,0.3277765216245941,0.2,False,2
0.62733357765162368,0.77837676173028769,0.024128803308190533,-0.77608084712963765,0.62744613900261526,-0.063323466181625307,-0.064429039022468576,0.020999034477375698,0.9977013277938741,-2.3962418885019963,-22.702146354549352,-4.6538643320669655,,0.2356808855389722,0.4242424242424243,True,3
0.79653608912492346,0.5995551906482629,0.077870611197658327,-0.60214181097202157,0.7982831966855366,0.013006820090064583,-0.054364493935896929,-0.0572495524545477,0.99687862377666003,-10.626833389108658,-6.3576071246046792,-3.2625534313435911,,0.08094433095995453,0.2413793103448276,False,1
-0.96640350317248669,-0.24378618635117644,-0.081440557465529112,0.2569266323036184,-0.9252141461136234,-0.27922659157816959,-0.0072783699458074539,-0.29076980444260381,0.95676535585029576,5.0097393977771851,5.7514702364886308,-2.2297029822900587,,0.2525570430332249,0.2439024390243902,False,5
0.99980689751389262,0.0067271226371745834,-0.018463843171701182,-0.0046959742729391768,0.99414807554321527,0.10792382368758978,0.019081810953697695,-0.10781627759641156,0.99398769347310378,-20.41713882072797,-0.66605523409298173,-2.8941099633204592,,0.1474907975578718,0.2857142857142857,False,1
0.77291686668940229,0.63446424470399454,-0.0073918454548142698,-0.63251131048537901,0.76950987262438086,-0.088226968902254149,-0.050288759132698209,0.072867538216963554,0.99607297050923638,-12.526875387902217,7.419328354305569,-2.0387068413335281,,0.1316654014917474,0.2608695652173913,False,3
-0.53745276103916706,0.84166365775030849,0.05241008370294948,-0.83422278669046823,-0.52155257587123593,-0.17903980777601158,-0.12335668533876946,-0.13994712510249419,0.98244487395363866,21.420521227738764,4.9410750356287556,-1.9873647435837463,,0.1901548850777093,0.3,False,3
0.64249760656600086,0.76622703034199957,0.0096417597067159546,-0.76247447256599699,0.64050347183916512,-0.091585922756622612,-0.076351190181729187,0.051492140519282303,0.99575049847970309,-13.876735409112165,16.649025165238452,-1.6825734665661296,0.2337780030998113,0.2803352573773186,1.0,True,3
0.98203745405166265,0.18832178823465479,-0.011719339393973866,-0.18862620871835101,0.97826579752395126,-0.086117261796750083,-0.0047531278407361797,0.08678095108334985,0.99621607812000279,-22.730064770428697,3.2497980635557835,-2.5806059496203257,0.4486343407343769,0.2930703239111984,0.8679245283018868,True,3
-0.39599460867176905,-0.89458979472518185,-0.20711680056540174,0.91625502475209919,-0.37008004813008599,-0.15335412479800695,0.060539239501515657,-0.25049921586621632,0.96622209834539996,-7.278968253552863,12.294576858133535,-1.7597953324844111,,0.5036269087391876,0.4174757281553398,False,3
0.84513023667677911,0.52199297025515945,0.11523116791410357,-0.53263502584447364,0.84056818259445254,0.098717068704034891,-0.045330037484092353,-0.14480493573789621,0.9884213263015097,-13.130910022536158,-11.617786403306035,-3.7332045903398696,,0.2914184621523366,0.1428571428571428,False,1
0.89982671151743476,0.43621506965783025,-0.0053199852570570208,-0.43487296723250513,0.89595750642527339,-0.090253249529337498,-0.034603346805153444,0.083525802502115734,0.99590463835964815,-12.424021004859794,-4.9100569549205266,-3.145346684501396,,0.1652429056653867,0.8723404255319149,True,3
0.7928953293938632,0.60905279807592405,0.019279154060393305,-0.60687193962782193,0.79212025998538282,-0.06520692151186705,-0.05498586652733678,0.040002285891897145,0.99768550736475081,9.8569991387693925,-19.843691692014108,-4.1533684223512468,,0.3320091082140839,1.0,True,1
0.085744797297111458,-0.99042381259643941,-0.10820582783940021,0.98945747129631734,0.097373225506888525,-0.1072024600943564,0.11671221972173559,-0.097873011582955402,0.98833148860658482,5.0923147671491469,3.9491242043983497,-2.334895614566554,,0.4264354202518106,0.14,False,1
-0.76852391861171943,0.6239381200439883,0.14167642315382045,-0.63742967828337871,-0.72751811943509237,-0.25377310956280336,-0.055266551957174753,-0.28533946143076649,0.95683175113766183,-13.890777393883489,-4.9850386483049753,-3.1926859043120133,,0.2471397245743364,0.5263157894736842,False,3
-0.99241841133581377,0.12255429417624507,-0.0092812618033102159,-0.1167859211124008,-0.96384554322941574,-0.23950535991230021,-0.038298113160145468,-0.23660560808179237,0.97085067891649413,-13.035842364289019,-16.729529354835641,-4.2218716178132549,,0.1790551379262891,0.3076923076923077,False,2
0.75854116041614206,0.65144720731584671,0.015226425546289793,-0.64880718764587264,0.75722540683639694,-0.075225770188858204,-0.060535454186668773,0.047182828675666991,0.997050269276618,-19.803958020349981,9.0632554172417521,-2.0450480182358626,,0.2341301551442054,0.8888888888888888,False,1
0.68850280497831129,-0.72324859149227794,-0.053622406151109532,0.7195936341478707,0.69048173551871384,-0.073620476831698201,0.090271198235423025,0.012101562688434944,0.99584369403518336,-11.79933987639215,-22.960162327962568,-4.8257714872856967,,0.1570579975494583,0.4444444444444444,False,2
0.84225674277009321,-0.5382847802777273,-0.0292074404847752,0.533325076392136,0.83993995862579263,-0.10032561385321587,0.07853624736155379,0.068922864312658233,0.99452586523694986,-15.868300940407106,21.578420850048524,-1.3108238605068074,,0.2352050929739977,0.9534883720930233,False,1
-0.98444645832554034,0.17568450878710246,0.00035222511913014787,-0.17124783935285851,-0.95913403268951636,-0.22524671996218629,-0.039234528253536856,-0.22180365350683584,0.97430169407824696,18.845439604460044,6.954287641243492,-1.9088690122172571,,0.169469137095242,0.3333333333333333,False,1
