axis_00,axis_01,axis_02,axis_10,axis_11,axis_12,axis_20,axis_21,axis_22,location_x,location_y,location_z,dbh,dbh_approximation,score,reconstructed,number_clusters
0.52815214900239504,0.84454212735913947,0.088339700134478089,-0.84502452873776546,0.53297656144589822,-0.043238070965561322,-0.083599362052996562,-0.05181293337579361,0.99515152946640573,11.848936613370769,-1.810294762102608,-2.8755595754115202,0.4177408822412508,0.1567405522070744,0.625,True,9
0.28894724861050131,0.95559347233355396,0.05788439473573663,-0.95053112478404134,0.29356685221925527,-0.10153365991070976,-0.11401784218799636,-0.025683047163049245,0.99314667232550036,-3.3936010208459595,6.8574663855027636,-2.1394995126954233,,0.2427697439246134,0.7416666666666667,False,5
0.907978898356815,0.41837224671386053,-0.023216014264727608,-0.41901072624555269,0.90629777775228604,-0.055266168063670157,-0.002081208763675485,0.059908273392444485,0.99820171676330915,5.7910575463770524,-12.159011491488245,-3.8054007390426632,0.1633257526122497,0.1272994457715363,0.7066666666666667,True,5
-0.34261345420896894,0.93932596157438564,-0.01681543657931537,-0.93328633778330738,-0.34235277403383191,-0.10849511426032683,-0.10766908888822303,-0.021478268638190655,0.99395475313229675,-4.7431208070752424,-1.7843363389108715,-2.9826581788644044,,0.07204773327339384,0.2203389830508475,False,5
0.95163344707803854,0.30718603209962692,-0.0055248606549384146,-0.30703995176453103,0.95151515271175835,0.018584460722693222,0.010965875377910415,-0.015989241470624919,0.99981202920068457,-5.9190636421940921,9.7823406452566886,-1.9246499752616451,,0.3132332260959316,0.5625,False,5
-0.080815300443701235,0.99671243392230524,0.005762922771228883,-0.99195304383261385,-0.079861376780061957,-0.098241128505346637,-0.097457919357050601,-0.013655935100380632,0.99514595381337279,2.8789146988878627,13.460718306335584,-1.457186215424821,0.3302977002851576,0.2509087146383294,0.9016393442622951,True,5
0.9148936156574915,-0.3922502408017165,-0.09544328483532756,0.3962727195204867,0.91773984076284587,0.026861058065982879,0.077055848532085802,-0.062396580576036607,0.99507239080351262,12.445376524099405,0.58032149140641354,-2.6569708589199741,,0.223817691851124,0.2325581395348837,False,2
0.86293335040670816,0.50463464211629749,-0.026266151830998834,-0.50520581939594023,0.86048188873456588,-0.065863489189915664,-0.010635450358556967,0.070105614154287926,0.99748287707595273,-14.503206569895694,4.266922253231173,-2.5735991404396916,,0.3085061176748128,0.97,True,5
0.33967447418663199,0.9404520233437782,0.013085999183390564,-0.93543371981698042,0.33924480724711059,-0.099381671274117442,-0.09790305110363523,0.021516332040183564,0.9949633360280844,10.290314407645564,-4.7775263997499717,-3.1305211862624511,,0.1764534544378185,0.6612903225806451,False,7
0.93229025086522366,0.3601938990971626,-0.033094458672722538,-0.36160568600990484,0.93031769897828542,-0.06123974863643708,0.0087301768002507919,0.069060365050663458,0.99757428294443595,-0.4648881004858974,-18.597193645664635,-4.3904801397683508,,0.1676291713387493,0.7288135593220338,True,5
0.88320974703202415,0.4687328008623281,-0.015169184005212326,-0.46892406754588462,0.88215435260299957,-0.043748337794762809,-0.0071247192119765559,0.045752153821860174,0.99892741417823283,6.5464025655895073,-11.735929677229761,-3.7592764650977588,,0.09658067937305405,0.6842105263157895,False,1
0.50543647015946525,0.86211104866268373,0.036034905390005242,-0.86070275259355378,0.50668458606061495,-0.049613525640311303,-0.061030699738889985,-0.0059388569868207546,0.998118221287975,12.809544332087137,6.7575726155543734,-2.1570521324479679,,0.07754623626068889,0.1538461538461539,False,1
-0.82824988047173198,0.55969999673102333,0.027167060162151944,-0.55453425554838853,-0.81170467817105163,-0.18337741098244409,-0.080584706501644371,-0.16694738420988228,0.9826671236911928,1.6449956790112459,9.6407776544875805,-1.8086727571205816,,0.2828946153958667,0.2075471698113208,False,5
0.82839118776172838,0.55920289559489433,-0.03256012280378677,-0.56006631052957279,0.82586207959936886,-0.065403006732085447,-0.0096833800144483801,0.072415102279087262,0.99732757161997942,3.2820739065688205,-22.069473375706657,-4.6118043942639391,0.2927906946065114,0.2322596010285782,0.898876404494382,True,5
0.44054590560702861,0.89769464405149413,-0.0079769100624578308,-0.89538031831643705,0.43873297185339633,-0.076206725295367164,-0.064910635680445236,0.040714929079498668,0.99706013054660492,-2.3475104794797552,-9.4360556317969912,-3.5984352315167221,0.2729448744060365,0.234581305001977,0.9532710280373832,True,5
0.64164165105537818,-0.76242873074814699,-0.083656572728604911,0.76482835678125394,0.64421437446847463,-0.0050422605523593039,0.057737130983571479,-0.060747594668103144,0.99648188816848282,-8.7984347206489666,-3.737832888488648,-3.1847603533126945,,0.2465905414790882,0.2159090909090909,False,5
0.27811128911669192,0.95882700911118957,0.057488063671893984,-0.95720494929798794,0.28163587881203883,-0.06663270071975394,-0.080079934473558934,-0.03649655277779728,0.99612007595974572,12.936651338582037,6.8431585882173209,-2.151077001219309,,0.0788635613081711,0.2580645161290323,False,1
0.52634638886272722,0.84376124133541919,0.1050068881134836,-0.84836260166910926,0.52941326298212243,-0.0015789451671706645,-0.056924292006010527,-0.088252844706179501,0.99447024107354787,-5.5778475668668062,0.31107142205505439,-2.8060724624252171,,0.175262437595375,0.2,False,5
-0.74199627109508748,0.67000801592287806,-0.023038929664203414,-0.66350854146351745,-0.73884692515896422,-0.11773545170465227,-0.095905938741768337,-0.072072739522171664,0.99277770479187755,8.2165089396005211,14.311940516280487,-1.3656933913105946,0.26057834316988,0.2479492383375961,0.7333333333333333,True,5
-0.79932622436454137,-0.53674884882340412,-0.27014488766192885,0.6000966488445163,-0.68984293659267337,-0.40497004195221331,0.031009661215613375,-0.48581621640281469,0.87351073536124679,-2.0173766335116285,3.4705814024466117,-2.480020348674544,,0.4380434103610167,0.2418772563176895,False,2
-0.24238678744769024,0.96813923401058588,0.062889338048539287,-0.95666621429809295,-0.22772642145540972,-0.18146743892959774,-0.16136418342167017,-0.10414941449911427,0.98138397162789881,-6.0556361652676864,21.0760250900363,-0.93699399247961968,0.4380047736772245,0.2927266169220846,0.9607843137254902,True,4
0.28495508225182159,0.9585364040754778,0.0029262879062019048,-0.95526923637735617,0.28423318292116223,-0.081683436249512589,-0.079128295380859803,0.020480717481513512,0.9966540287790755,-3.1347279338685943,13.696736479161553,-1.5108807248042473,0.3563376290290678,0.3004749880076138,0.92,True,5
0.65388826667703781,0.75527771330761395,0.04456131150359436,-0.75197644596660573,0.6552669418994016,-0.071809884871362223,-0.083435959954512404,0.01344658449672898,0.99642241542020782,-9.8233359414671106,-3.4553448099827118,-3.1925598011616172,0.7577698725343425,0.3099713543700541,0.9566666666666667,True,6
-0.29225760847975552,-0.93764337358406502,-0.188176497628124,0.94867655994093036,-0.25938850530280133,-0.18091541652225432,0.12082332102841765,-0.23139253940149429,0.96532855433007481,-0.54759467538449003,8.4604010042130717,-1.9588222678232183,,0.4686638758763211,0.36,False,6
0.7549502324740035,-0.60005610897769457,-0.26454264791522308,0.63963196132090561,0.76276002627792794,0.095226552858259483,0.14464128229596226,-0.24110124095708096,0.9596609250483924,3.9897828740625316,15.263063663627218,-1.2798476951017119,,0.1643471424286309,0.4444444444444444,False,2
0.12356168126606114,0.99204239157703222,-0.02417445421985006,-0.98827524964457014,0.12081756528813545,-0.093354950901444286,-0.089691370056813394,0.035426109467036594,0.99533936368726161,8.9813590884647905,2.1589089353942308,-2.4998482753266638,0.3515339306516002,0.3066687914202844,1.0,True,5
0.76730082115799303,-0.63931747163993891,-0.050225693685459032,0.63449022421842638,0.76820898156491202,-0.085306013939534894,0.093121454142002597,0.03358766289750742,0.99508806830328489,6.7079813862673943,16.908288354197122,-1.1190300082985878,0.4054663253249582,0.3399831142670532,0.9736842105263158,True,5
0.99748043892581029,0.056911301294252238,-0.042354193952516279,-0.059624833856743102,0.99604774903258819,-0.065831305886102184,0.038440254264615489,0.068190801667883535,0.99693147278033278,5.9284643762855787,-16.449456062666659,-4.1390466079021113,0.2221909100894738,0.131617448645117,0.6382978723404256,True,5
-0.37832952552839422,0.92466011724769315,0.043248557027295374,-0.91659578867039881,-0.36768508488604701,-0.15703451386249762,-0.12930170263825136,-0.09905223835847124,0.98664569312951811,6.5552037424434006,-8.1375559549493897,-3.4379922185876959,0.2914417000500277,0.182851438611023,0.198019801980198,True,4
0.65272282555088212,0.7572199790580455,-0.023891762601501981,-0.75623548705820764,0.6493361953134702,-0.080438756639218095,-0.045396047390811975,0.070572011244976127,0.99647317581063444,9.1436223788336957,6.0710353131789248,-2.2056423686396358,0.2441657747952644,0.2181864672511399,0.9824561403508771,True,5
-0.67064498276297024,0.71837392899713348,0.18486266586868338,-0.73514154231918205,-0.61041056365237223,-0.29489973980688339,-0.099006160674120061,-0.33367325622353117,0.93747530006382362,-5.1446875247424666,5.7091202901222822,-2.2801357913903173,,0.4736832486155787,0.2222222222222222,False,3
0.88882111887318438,0.45788197260942459,0.018469374768030535,-0.45809047185289692,0.88670372868676572,0.062526931242275943,0.012253091145101249,-0.064035901588781405,0.99787236912598276,14.475072394681714,1.7413435775877981,-2.5453830142203637,,0.1912404743613488,0.2962962962962963,False,4
0.10839325577478978,0.99405441212451651,0.010330916625449669,-0.9899997692131971,0.10888328728007401,-0.089693292440967243,-0.090284877251713441,-0.00050545708611916124,0.99591585259638127,9.3061460809762444,4.6788479007255184,-2.3234185672241718,0.3111620590194688,0.2777646205048369,0.8975609756097561,True,5
0.18657934859030662,-0.95626096784523229,-0.22528450469421304,0.97758960076336709,0.20346903291234691,-0.054027077702162224,0.097502405913587817,-0.21015545203828132,0.97279389740049682,-11.277261175823755,-1.0918503261156109,-2.9891757312350307,,0.39453668754419,0.2876712328767123,False,4
0.31047926519270974,-0.94316905450843047,-0.11846839453234156,0.94481889613012937,0.31989199289602654,-0.070614208176929219,0.10449822678323921,-0.090006930281417583,0.99044377584014198,3.8772657302352798,-11.585473511142231,-3.7673044109765659,,0.08618071988198125,0.2307692307692308,False,5
0.9924157026948337,-0.099835106662403292,-0.071721855263405077,0.11156599458018288,0.97647907901587161,0.18450375903392541,0.051614938710153213,-0.19110614778708915,0.98021137433715055,-5.3906405709487117,-5.6365886610995961,-3.3460853723778108,,0.5962293933283529,0.3253588516746411,False,5
0.044574159662463204,0.99900279552158022,-0.0025610213689535467,-0.99461834817666228,0.044138235828498233,-0.093734505963786949,-0.093527994529512742,0.0067253756783456839,0.99559393507658145,6.3159607632852612,6.0522536957045183,-2.1972953224810636,0.2917443560485233,0.2245097891170422,0.8936170212765957,True,5
-0.24143860944598455,0.97034758720725589,0.011530735876088768,-0.95865138932644167,-0.23665011051602911,-0.15806403428747659,-0.15064830437569052,-0.049216716609359557,0.98736153621402611,-4.1517345915274175,-16.392448226248064,-4.2359949803373258,,0.266812476085735,0.935064935064935,True,4
0.51519422553188698,0.85706506405877125,-0.0037928812969836474,-0.85491330909387619,0.51357671350980671,-0.073226998263103388,-0.060812366445960594,0.040968711358788955,0.99730808719113595,15.636454087766305,-7.9310070093961329,-3.35599237961463,0.303286414878172,0.2699240262402231,0.9078947368421053,True,3
-0.42156055539966319,-0.8825912687267381,-0.20813301155379885,0.90453384368174561,-0.39306300914719067,-0.16528761742635989,0.064072020144947492,-0.2579420927407583,0.96403353314449791,12.502835640259075,5.1377290693520079,-2.2823216778476727,,0.1937089446513265,0.3793103448275862,False,3
0.67930417406492727,0.73345837766498778,0.024179481611673347,-0.73316707542600867,0.67972541596821368,-0.020961831935935149,-0.031810039441007604,-0.0034881398884192612,0.99948784598457163,-7.9036904366323153,7.2881227073996513,-2.1776519753088728,,0.2369662401567731,0.3720930232558139,False,4
0.18983096693618162,0.98142957285047683,0.027571679792953871,-0.9780536887227872,0.19148514666099178,-0.082124421361542355,-0.085878902926294756,-0.01137682480964607,0.99624062449261086,24.225837598318986,2.0800264978630412,-2.3767300213428268,,0.272012382073709,0.7567567567567568,False,1
0.95529884184648561,0.2847640876634443,0.079457769563259437,-0.29544484670372689,0.90972573252299349,0.29173864012453499,0.010791910070657705,-0.30217297358087447,0.95319202090361521,6.2106242961057756,9.5567240811024554,-1.8623665480244369,,0.2385747900372131,0.6486486486486487,False,5
-0.18900973640053736,0.98197482332089059,0.00087516267343903942,-0.97666043596300833,-0.18789407884372566,-0.10406828508251023,-0.10202799797284183,-0.020524655889280749,0.99456976936275354,-9.1597890646174722,-2.0779673016263041,-3.0564739594729673,,0.1413711190027022,0.1481481481481481,False,1
0.70049570473285905,0.71361958471017828,0.0072702110619948367,-0.71260359937510909,0.69997901424491771,-0.047175096972350963,-0.038754068282599169,0.027865174228493737,0.99886017753075018,13.038197730091952,11.644872935373623,-1.7157705804852419,0.1432009343853646,0.1511750861571756,0.34375,True,4
0.61357794444877889,0.77120970633478414,0.16958093920316197,-0.78864022785341503,0.60927904778321007,0.082617388870008093,-0.039606780951299381,-0.18443055817136281,0.98204718426116111,-4.5960560111773949,5.4461065341078836,-2.302635563516783,,0.4973510110540406,0.5555555555555556,False,6
-0.48013635064287319,-0.82988897044263832,-0.28417139463535029,0.87604148291283868,-0.43704702211545482,-0.20381663493416488,0.04494891552882159,-0.34680570525536275,0.93685932657742832,-6.1796486798097821,-11.135762372422862,-3.8155084493016531,,0.5319411379828184,0.3624161073825503,False,5
0.95479978312840375,-0.29245031278162364,-0.053199517778664593,0.28924149305359992,0.95533895981342942,-0.060554360360903711,0.068532713605082979,0.042429782188037619,0.99674619675692711,-21.434339084717017,-3.5568361736740832,-3.4675014490623974,,0.3423555575463691,0.7941176470588235,True,2
0.43848153440643639,0.89858533389033368,-0.016683575809004314,-0.8962329247485753,0.43579728829111614,-0.08274822121788758,-0.067085680895343364,0.051235936951591107,0.99643082558876184,-5.7486168423046982,-4.3961981692317673,-3.2295828502267057,,0.2854512899187864,0.9979381443298969,True,5
0.82676581604874722,0.56129087404314038,-0.037561151861147016,-0.56224121423103712,0.82227495763066194,-0.088026763393312238,-0.018523024409037442,0.093895946501329486,0.99540968892077897,2.0715631815728859,-25.412009968289528,-4.91310915004488,,0.134153016485094,0.5,False,1
0.028927325858475749,0.9994282399226585,-0.017504372704358256,-0.99514683133603454,0.027146852378488805,-0.094582411091012966,-0.094053144022549232,0.02015543725737716,0.995363131951569,-10.202489804958285,-10.962902259911148,-3.9000521605780567,,0.2078548542828322,0.9875,True,5
-0.58855138242038574,0.80806239670870816,-0.025346267504924934,-0.80186220442980605,-0.58745854455926139,-0.10913048855057203,-0.1030741255506204,-0.043904685965084581,0.99370423325669843,8.3088664508682086,8.2444291265945573,-2.0003024552663566,0.3193135794632873,0.2676564261636267,0.9821428571428571,True,5
0.60463629105938865,-0.77407945520235955,-0.18765913931264841,0.79374738850435533,0.605159764641644,0.061210640426202903,0.066181861385593094,-0.1859641263590589,0.98032510165304354,12.099996122126974,4.6393055448744835,-2.3142634615491811,,0.4245976033570417,0.3125,False,4
0.8850999283730453,0.46437607310212869,0.030870366442175223,-0.46535279668057866,0.88401406842357733,0.044338487240282817,-0.0067001056403426084,-0.053609603238964111,0.99853949297209443,14.8670853336163,-5.9142319792264546,-3.265802507994175,,0.2471533162816701,0.2058823529411765,False,1
0.99799049909171289,-0.04125409117769676,-0.048094320701895579,0.044214553135465247,0.9970832499957154,0.062209853472046286,0.045387630624495315,-0.064211311613177918,0.9969036415056427,5.77078842370745,7.780657219508563,-2.0633295358947676,,0.4525702139587667,0.56,False,5
0.38046411473723157,0.924728163423161,-0.011175024350848392,-0.92194269004906326,0.37831425030411792,-0.083066264403367743,-0.072586043164727485,0.041906464762141063,0.99648136688491484,-3.2907186516029014,1.2991287107815341,-2.697097464113686,,0.2760875403581036,0.967741935483871,False,5
-0.69354476871120141,0.72010077339159273,0.021225690899366545,-0.7163668533822698,-0.68623114106743954,-0.12611642400760031,-0.076250804379438,-0.10267276751947887,0.99178834316671582,17.722663411471956,-1.5690719009967384,-2.8250764232914412,0.1576179433761686,0.1772455376150234,0.3333333333333333,True,5
0.40974047735176533,-0.89357559197730418,-0.18339957099719792,0.90724409789225535,0.42012574043429562,-0.020062628546665739,0.094978355740737666,-0.15816770734553759,0.9828337032753004,-8.5999794617879797,-2.6903639837362086,-3.0901367428064939,,0.2251927045337159,0.4205607476635514,False,5
-0.78461437900401498,0.61998399156782924,0.00035561181741566514,-0.6094437565300409,-0.77116972307587139,-0.18405316035764008,-0.1138357759524446,-0.14462748151960853,0.98291622618746077,-7.1726557121145751,5.4294697569074915,-2.3348043946122625,,0.257121608259112,0.3705583756345178,False,5
-0.99713329687279417,-0.059813112830128419,-0.046341987453743363,0.066279215576976233,-0.98590408925933937,-0.15362354104828418,-0.036500052740965711,-0.1562546585394608,0.98704216112313259,-6.1497906133981832,-24.623070523840163,-5.0202138071052582,,0.165488902906048,0.3125,False,2
0.94440510679724743,0.32800547033800076,-0.022614280524179426,-0.32878012896364295,0.9424957797596516,-0.060044416342374687,0.0016189669327886722,0.064141379495558482,0.99793950837837742,-5.3170697914299545,-1.0728014857778974,-2.9287662749443983,0.249936137574134,0.1905311767163665,0.793010752688172,True,5
0.9621291691449696,0.27150478198605138,-0.024343689924051073,-0.27077432088564279,0.96218944688971841,0.029542096116862815,0.0314440619088973,-0.021831666284682479,0.99926705605553967,-3.4446897599949828,-0.21337884534461446,-2.8391084421179076,,0.4617133330487856,0.3869158878504673,False,5
-0.47366218771382018,0.86365413641592903,0.17246931489924147,-0.87613101842119945,-0.44214178335583365,-0.19210695451012605,-0.089658075433227596,-0.24209951685738468,0.96610002248578353,12.823205987394736,2.3711402621139097,-2.5073527408912089,,0.2952504261214637,0.2181818181818182,False,5
-0.14193882504098457,0.95897083947870154,0.24541454515879416,-0.98298258194795629,-0.10734291375765843,-0.14907294339666219,-0.11661309331680277,-0.26239746167889832,0.95788775885881172,-0.68297676017561804,11.586006766937992,-1.6651268690198198,,0.2108416887390793,0.3023255813953488,False,5
0.67601712427167737,0.73661290211783281,-0.020056922121674203,-0.73560911361901593,0.67299417583537546,-0.077188543530167894,-0.043359885286935199,0.066934831927833741,0.99681475140704867,8.000758568062972,-3.9066713166964444,-3.0845776336280344,0.4969872778876058,0.1464770963699995,0.5445544554455446,True,5
0.14474613195856595,0.98913667564041519,-0.025635798916023321,-0.98539556648845927,0.14175342386477921,-0.094347996096909012,-0.089689100942776115,0.038917910088308486,0.99520915462350745,6.4189489306421583,-6.834239272583793,-3.3095657628812414,0.2584040645408502,0.2010634736006351,0.9791666666666666,True,5
-0.43766285164344837,0.8915481262936269,0.11658973708541913,-0.89358217086594038,-0.41689174975867399,-0.16646973566887224,-0.099810481422734312,-0.1770401295906478,0.97912954215092929,24.596694869301579,-3.098324296728086,-2.7651658263842331,,0.2099891169291872,0.1923076923076923,False,3
0.91173445120349783,-0.33006333778437719,-0.24453728455859935,0.38683701655191377,0.89015103791956685,0.24080750053919203,0.13819339026839073,-0.31414856794414125,0.93926208490749519,-2.9731843401258367,6.446908014614003,-2.172152873783356,,0.3912144905953913,0.25,False,3
-0.049440994964271359,0.99864363526493849,-0.016324146586266703,-0.99401114356790587,-0.050793267348045505,-0.096756862572805219,-0.097454781718321282,0.011442628060764359,0.99517417158168664,-5.4219878079726964,-7.3940882224702262,-3.4964406340615914,,0.1334289530632577,0.7709923664122137,True,5
0.61583619694462577,-0.75779141776484471,-0.21563382316957286,0.7874426000938024,0.60105576937263472,0.13662398640568951,0.026075469128897959,-0.25393725458430977,0.96686914349558783,-5.0228251947142954,-5.8787534351180897,-3.3709053340053736,,0.7845028039941319,0.2660944206008584,False,3
0.70068593793579381,-0.71119136638665759,-0.05697417622148257,0.70702182314585404,0.7028477486983401,-0.078263553108639,0.095704534764819188,0.014556185171768751,0.99530335049104313,15.845746524617176,2.4523454729729135,-2.4745692198050815,,0.1135832199044517,0.5333333333333333,False,4
0.62906124432892274,0.77729595186106637,-0.0096412708574690354,-0.7763311030068506,0.62754715866052302,-0.059114991002892713,-0.039899491068370652,0.044671768237939474,0.99820462017312983,-8.7556386518692939,-21.482567553875576,-4.8126527028341153,,0.2762857590935929,0.9672131147540983,True,4
0.96268732050745964,0.27051660743295997,-0.0073408471670782906,-0.27061618009571708,0.96232525532775481,-0.026400492964620603,-7.7489166966237741e-05,0.027401971851207827,0.99962449246409324,-2.3313206106157693,-4.3119487537294159,-3.1902201213223114,,0.1446268578247521,0.2083333333333333,False,5
0.33251899002458435,0.94297733621465363,0.014995487939601444,-0.94003025813334939,0.33267710418177732,-0.075293148074546984,-0.075988387710091143,0.010940189154820774,0.99704868346258724,11.105085560095569,10.526651327929228,-1.7892044167426409,0.298059322362352,0.08342633376223285,0.1785714285714286,True,4
-0.68441832898833654,0.72895235526200164,0.014142655436359985,-0.71812810619674639,-0.67065070152404027,-0.18579467063289334,-0.125950680963168,-0.1373175163746097,0.98248680686389955,-10.077731338761145,-7.9971772383674393,-3.612037705412952,,0.1248096796178761,0.2619047619047619,False,4
0.31444705476218715,0.94600421164357396,0.07873424479860143,-0.948086511172608,0.31712037422153189,-0.023804108598046908,-0.047487020162755578,-0.067161743621021008,0.99661140025079309,-7.0310238037805819,8.4027491807604999,-2.0705036550038383,,0.1800243049475971,0.2093023255813954,False,6
0.95302511164386883,-0.29803041650023032,-0.054046345083535639,0.29767581628459944,0.95455407707131701,-0.014684084779847298,0.055966462953154925,-0.0020939883532386269,0.99843045338034853,-8.7607070116274759,-1.5830955568007696,-3.0091766548744396,,0.1424116059588879,0.2173913043478261,False,4
-0.35700473758902473,0.89235252635097273,0.27614232934128197,-0.92694767105865172,-0.30191647849213737,-0.22274302488259715,-0.11539338134370714,-0.33548980421160962,0.93494970924222598,-2.0850687782429516,2.9959984832644491,-2.5239620941732297,,0.3978705669144243,0.1913875598086124,False,3
0.99752792263285495,0.063969995245664157,-0.029084072549233279,-0.061109370370324018,0.99402755637958362,0.090414943515852372,0.034694213072526972,-0.088414121419046768,0.99547940948719527,2.8297348170326293,-11.123177050804273,-3.7235002943947118,,0.2987206711958422,0.2704918032786885,False,5
-0.60941242824812325,0.78781765482991284,0.089217907591596951,-0.78542131365934387,-0.58449418981839474,-0.20366615359005841,-0.10830444287450579,-0.19419033139380271,0.97496680089468124,-5.5979503581785544,1.8629159239755084,-2.6558802148407961,,0.5622283357835911,0.3806646525679758,False,4
0.85781005216237705,0.4910992820820097,0.15160280191247402,-0.51118740041469379,0.84584610344687894,0.15241985087578963,-0.053379359929148058,-0.20824472243556449,0.97661905547213657,4.7562434277960426,14.63198585428963,-1.349899754578348,,0.2946969027490735,0.5714285714285714,False,5
0.98442635613396801,0.17265082094284695,-0.033112586376787004,-0.17388750582611825,0.98399165458126747,-0.039032794314425613,0.025843464674280926,0.044182776533188022,0.99868913961825423,7.7416117428113003,-15.474585788941059,-4.0324173926804656,0.1658187798707568,0.1454939533556927,0.5,True,5
0.99546477125484945,0.093582175455651839,-0.017095778061129888,-0.091528094795778642,0.99116012195829473,0.096042805574757931,0.025932548150591532,-0.094042485487163818,0.99523038230844418,5.8024470648514495,-3.0766715676851391,-3.0240324696381804,,0.3586816925298257,0.3848314606741573,False,5
-0.31881257493562654,-0.91976903409861266,-0.22887434538676299,0.94624014589908056,-0.29493634484721154,-0.13282371315790131,0.054663775498963986,-0.25891596397570893,0.96435180056176983,-11.123494614891804,-5.1669172748037875,-3.3639945684084931,,0.4179055646592083,0.2307692307692308,False,5
0.88505854065897649,0.46525780756434798,-0.014371920783977745,-0.46531494075525881,0.88514489396057094,-0.00072291456035084023,0.012384890654938533,0.0073272911739411025,0.99989645728321275,-6.7257486975827465,6.4881516280091853,-2.230419252733614,,0.2666253825587451,0.9072847682119205,False,9
0.78640894864830513,-0.60909042668609648,-0.10280961825245762,0.61165031110076518,0.7910864611281998,-0.0081306795533000603,0.086283616151645356,-0.056489495828959665,0.99466782115678487,-0.6434728213831985,7.1535485121685261,-2.1034796474183395,,0.2163770315109243,0.2432432432432433,False,5
0.49108163972885999,0.87109456346070735,0.0057519240619166405,-0.8689463701044785,0.49031470469233235,-0.0672584288005727,-0.061408704622919322,0.028031265966252966,0.99771900810040914,9.6086200370301853,7.0790430962069895,-2.1287629154689029,0.3165848285668565,0.2561921634583886,0.9918032786885246,True,5
0.97945013740868225,0.1984187472834735,-0.036158388467546598,-0.19902977520883622,0.97989158672869392,-0.014128936217658275,0.032627854824260914,0.021035184448433473,0.99924618793608011,21.905923799884171,-3.3376649058251604,-2.8915652894153259,,0.1501552639102611,0.7142857142857143,False,2
0.75463724742250693,0.65600150600891349,-0.013588558298047714,-0.65546385155468656,0.75275386892968998,-0.061063508877883976,-0.029828913954048498,0.054987607016679943,0.99804138139002119,1.7374738126078326,6.5861217273207737,-2.1660532391839151,0.3017875035696931,0.2296056862451561,0.9364406779661016,True,5
-0.86680976212078342,0.49061326569193836,0.089103646497788333,-0.48753562422215457,-0.79636772337237138,-0.35792103079453208,-0.10464153767231002,-0.35369064547680334,0.92949076159786415,6.0347336354124552,10.134020537736243,-1.8263640493430431,,0.3902800449434075,0.25,False,2
0.96851459352140512,-0.24436097395062981,-0.047615087377505395,0.24016518739978365,0.96744282082016098,-0.079844043013597141,0.065575642561050862,0.065894634481343958,0.99566948946388623,-2.4089805084999512,-22.342686561087046,-4.7444761474569583,,0.2299146224979493,0.6451612903225806,True,4
-0.76903282212107027,0.63851945410694522,-0.029688806433903252,-0.63239015377148367,-0.76677385199569181,-0.11018417903023706,-0.093119342316087442,-0.065960341286688609,0.99346767509766643,3.3163416400328298,-4.9129506796060571,-3.1699304205675287,0.4222554554402674,0.3707890634177758,0.9946140035906643,True,5
-0.75024805965055885,0.64490702345311857,0.14568040393755693,-0.65031240962194625,-0.68006255279339478,-0.33853905857349553,-0.11925442919350607,-0.34872604633002319,0.9296066510781652,8.099920522872452,-5.7535089130542625,-3.2080979195102808,,0.186076546736593,0.4954954954954955,False,5
0.54481348350294256,0.83844720438051357,-0.013585052811549127,-0.83669614325892983,0.54245421909381397,-0.075385569195669869,-0.055837550528506003,0.052437635852737002,0.99706191497677554,-1.1837563165522442,-15.944517931635458,-4.1923990596664975,,0.2909126531990421,0.9485294117647058,True,5
0.98463516284676844,-0.16612232834676807,-0.053823490321292571,0.16465692370903856,0.98587505169333789,-0.030634619686458323,0.058152330653152409,0.021301513404137461,0.99808043361559784,-1.9377034942415727,-28.005933491912771,-5.2098963504182016,,0.1385603529652944,0.5263157894736842,False,1
0.81980012958279458,0.57224255449876549,-0.021591812262036936,-0.57216399303401722,0.81696953617023893,-0.072035699796365649,-0.023582040017787277,0.071408933548335829,0.99716831658355831,-9.8907153417333511,4.3771384402963562,-2.478629365813211,,0.1856574338295954,0.5789473684210527,True,5
-0.5770448686150107,-0.81109156900583357,-0.095653992560369952,0.8149546968135416,-0.56416011663741594,-0.13256019363747662,0.05355428784544522,-0.15444685002715924,0.98654858409003621,10.696392639939615,7.084496499920597,-2.1167590106053811,,0.1461858551058161,0.3333333333333333,False,1
0.20789172654339572,0.97811316248145019,0.0086989318505775563,-0.97453515256082102,0.20787891779375006,-0.084068971446993809,-0.084037292067641559,0.0089998287447242142,0.99642196715272335,14.670171001279208,-0.38025406144367313,-2.7540050965210465,0.1627483977513066,0.1565453751201688,0.9230769230769231,True,5
-0.99391341815727219,-0.080895374400292902,-0.074780048191781495,0.094831571150183064,-0.97371807767614771,-0.20707505479863375,-0.056063270686934494,-0.21290618499072753,0.97546289835778976,-13.966303205543486,-2.3616702830093663,-3.1661694984839159,,0.177491300824824,0.25,False,3
-0.9574776762302557,-0.28025717081849338,-0.068501224262949481,0.28706400125952358,-0.90172396984169012,-0.32324625503447801,0.028822885032233299,-0.32916530864864296,0.94383231608197338,0.52537233734264122,-13.917433727666072,-3.9887647723003172,,0.4076799265409261,0.3578947368421053,False,4
-0.94811256348985029,0.31587516382566405,-0.03613098159216642,-0.30847200709133049,-0.94145371782476828,-0.13605115962375,-0.076990829283427001,-0.11784641730672502,0.99004274358949729,-13.758604258656286,-12.422705963924258,-4.1396149856689473,,0.2075169194606382,0.9824561403508771,True,4
-0.32594288408780558,0.93973693571389705,0.10322658556582542,-0.93959220328800352,-0.30993373011803266,-0.14528446047502236,-0.10453577298187974,-0.14434533103006106,0.98399019180930047,-0.010161636004705328,-19.681858029587591,-4.4630162356506728,,0.189226343558635,0.2068965517241379,False,2
0.060116784161211766,0.99813433721022848,-0.010668511799315036,-0.99385559920838873,0.058857161226686723,-0.093738372582793064,-0.092935570070070528,0.016238209699153051,0.99553970305634598,3.0379422642618015,1.0160347548219513,-2.6559977958759351,,0.3040480261910782,0.9208416833667334,False,5
-0.77148452549872115,0.63549424762110585,-0.030962689749089833,-0.62920662940048289,-0.76926248429176936,-0.11105965865128421,-0.094396209852394844,-0.066198878402438224,0.99333129622687466,-9.8251727702959712,-14.739391479324476,-4.2145186278445408,,0.2644557802590323,0.8918918918918919,True,4
0.85905390288961281,0.50976168173212422,0.046577030473828565,-0.51101357499481392,0.85934121167552346,0.019945126900145313,-0.029858300372648906,-0.040935433962271998,0.99871556118104898,-6.7167773859304019,2.0695089927821178,-2.643067219318453,,0.4338241937896052,0.189873417721519,False,2
0.95892535805783807,0.27234813093144256,0.079301029323690431,-0.28331402623681717,0.90579769327255577,0.31506142480411869,0.013975700738460866,-0.32458748349292071,0.94575242286160821,-11.43295671206573,-10.02933657782407,-3.8228748010531315,,0.2732592359473783,0.1666666666666667,False,1
0.994533657638768,0.10084307531026007,-0.027082798703658192,-0.10038199698731073,0.99478830152253039,0.017879872336199629,0.02874471263542594,-0.015063509414756284,0.99947327737144553,-0.33295112796826726,-25.840632642872595,-5.0135048089047691,,0.1461338831026048,0.1818181818181818,False,3
0.78193173210623579,0.62237153484466823,-0.035163033720568726,-0.62329231463129164,0.77974097830296141,-0.059251137345266325,-0.0094581629774893542,0.068247193130800007,0.99762360827260854,-12.90569168340857,-17.066806346515001,-4.503124142431413,,0.2082765711916383,0.926829268292683,True,3
0.75358864181787122,0.64034948213500764,0.14851498123934731,-0.65590023491489635,0.74746622453094913,0.1053049145293453,-0.043577984828122154,-0.1767675986001857,0.98328743270899399,7.2529054662256423,9.206380218185064,-1.9204289733025985,,0.1839636840201316,0.2413793103448276,False,2
-0.54295239154075037,0.81270736716076331,0.21144605903823069,-0.83336548698300361,-0.49043361570432936,-0.2549055387643796,-0.10346335402334438,-0.31461341985013563,0.94356437534724791,-10.660866108667532,-2.7306532862416093,-3.1409187330949995,,0.2689646173597051,0.25,False,1
-0.027096917029493871,0.99687899820932924,0.074148634624382745,-0.99493244009462334,-0.019710447063964645,-0.098594816922073017,-0.096825599584279248,-0.07644449755019736,0.99236134651619845,14.692220100233641,9.3168101579901013,-1.9359054607441266,,0.1122324979355632,0.3214285714285715,False,1
0.65449159308417515,0.75605587129594798,0.0045026726576375374,-0.75475200118759922,0.65369109751736276,-0.055112301075701864,-0.044611335840246916,0.032672136530526238,0.99847000966933319,8.9135835707394637,20.078630133598395,-0.83482650386752233,,0.1015080835090357,0.1176470588235294,True,2
-0.72575576716619072,-0.66820924641655965,-0.16363058830312513,0.68729119455246124,-0.69382403859401431,-0.21503259604009456,0.030155933340959333,-0.26852300920499333,0.9628011285887812,-13.882604246809116,0.59665746890513249,-2.9014885927001601,,0.3600953366163897,0.3875,False,3
-0.9812672536058864,-0.18561791588872753,-0.051580677602065431,0.19243717566176066,-0.93176660472345441,-0.3078618647144411,0.0090835248713002168,-0.31202080639478763,0.95003184470451385,14.058577832157741,6.4455264351994268,-2.171200681189049,,0.2538237858166905,0.375,False,4
0.28258599269014595,0.9592122410934677,0.0075520375906614375,-0.9565752169064925,0.28237829848282159,-0.072293505560610843,-0.0714773470102259,0.013205040037522865,0.99735480937427012,2.0786103560781233,19.94669954930335,-0.90077303980599976,0.2919710281830635,0.2340544837034702,0.8653846153846154,True,3
0.81154101967014214,-0.58207978391252646,-0.050835996627296459,0.58088867966719671,0.8131313938671042,-0.037224698014084706,0.06300408897242453,0.00067931442286711923,0.99801303764262939,18.890314920981194,-0.20228252412190018,-2.6638990845698536,,0.2119444539730876,0.2857142857142857,False,3
-0.4221444234418098,0.89412418014810346,0.14945245475221094,-0.90229183578040928,-0.3985016883732409,-0.16451701263909896,-0.087541583496068179,-0.20429966920716255,0.97498621340039648,11.242936155102628,3.2899248146416626,-2.4352166490533169,,0.2756339803683965,0.5,False,4
0.52840725421290258,0.84898427922213071,-0.0033863444685710859,-0.84649271333328269,0.52654235263664273,-0.078760632003091538,-0.065083484608904646,0.044484205214308375,0.99688780487957329,15.686072388752949,-12.29069677101038,-3.6788611329954448,0.2409612174164873,0.2290896784015606,0.7090909090909091,True,3
0.27715358113051974,0.96053215715220175,0.02374589528882938,-0.95727197201146319,0.27816777464281472,-0.079076297027302733,-0.082560669012638241,-0.000815001106657786,0.9965857071548756,25.108224686464592,-6.2229011170414532,-2.9542787891515112,0.2275375014997035,0.2472637950653411,0.8461538461538461,True,3
0.74636880239889225,0.66490803062291692,0.028825711071835149,-0.66477066802731133,0.74688664632057977,-0.015501499234564384,-0.031836609998005826,-0.0075926517864969567,0.99946424743593698,-11.891153239023302,16.891702952753224,-1.4110956727603687,,0.2315017564737369,0.3793103448275862,False,1
-0.19791852498409196,0.98015615759407737,-0.011052791436353607,-0.97487201895975972,-0.19800258957984035,-0.10207605580643893,-0.10223895596808169,-0.0094276852987050519,0.9947151927222514,-19.196397692385592,2.2002105254672575,-2.8767724702673312,,0.2189426615779026,0.6818181818181818,False,1
-0.22753625116362083,-0.93114097163847731,-0.28496270868757251,0.97119546409867308,-0.19573610147017478,-0.13589241735807395,0.070757507874211922,-0.3076749413218603,0.94885694683762589,11.639471885754782,9.2581124126396777,-1.9165949340793684,,0.2154670296773627,0.1666666666666667,False,2
0.076001989847858525,-0.87786098133484614,-0.47284648141758129,0.99221402549882776,0.11350935206572713,-0.051253825194131811,0.098666231014353734,-0.46526951806822681,0.87965291474193541,-13.08964699619348,-4.2123177575202577,-3.3124329948473989,,0.5171840046807404,0.28,False,1
0.84789154915354448,-0.51863240960505652,-0.11000156626728327,0.52362756120155041,0.85169941933590165,0.020549361377058969,0.08303070530905568,-0.0750234817249988,0.99371896387547132,9.5375784313859953,-5.5396122434912511,-3.2106301981137682,,0.3296527518020691,0.5901639344262295,False,2
0.17414552696313634,0.98465938441631362,0.010919346116749449,-0.98088465530264468,0.17443432885005988,-0.086243596344545301,-0.08682527529782573,0.0043083174807588224,0.9962142389917652,11.267738086550965,13.849501587160582,-1.4900304156079995,,0.1105305010811872,0.2068965517241379,False,1
0.36752996263181276,0.9299800903540516,-0.0076653840691644441,-0.92709251950885574,0.36571136273621324,-0.082186735160507812,-0.073628709336642992,0.037312607932056846,0.99658746853988123,14.168791966490783,-13.502721073653117,-3.8091456012319296,,0.2793716120000128,0.7402597402597403,False,2
-0.17487581629269924,0.98458088431927804,-0.0043509894310600553,-0.9795323619743167,-0.1744230872841106,-0.10046361762993994,-0.099673470497306196,-0.013306722186421824,0.99493121894112624,16.262621461556009,5.7599050469447395,-2.2036437910342728,0.1873570328202186,0.2018317735011005,0.6274509803921569,True,2
-0.14242539014751318,0.9898051927087369,-0.0008298964685496818,-0.98459164152048262,-0.14176104586386726,-0.10238703689229342,-0.1014608677733934,-0.013765404549171318,0.9947442917394741,-6.5153079669638423,16.679722928620109,-1.3304011346755611,,0.3050092531809571,0.7647058823529411,True,2
-0.98618830757015707,-0.15867530951014377,-0.047484399161924568,0.16346651095997342,-0.9786264098329196,-0.12477599838151346,-0.026670616912283694,-0.13081473972527194,0.99104802207770326,-14.184173391481215,-7.8698576736616666,-3.6815335176901747,,0.1284235574256312,0.4210526315789473,False,1
0.57660897381282228,0.81480384331303679,0.060139739281336792,-0.81526000539040666,0.57863508805090202,-0.023077228758199606,-0.053602378019609813,-0.035722986977971091,0.99792317002463382,-5.962453738910706,22.70836091360821,-0.79066180826084409,,0.09213976004568997,0.1818181818181818,False,1
0.74040946117983109,-0.66428474636881463,-0.10256512827034012,0.66529540501125561,0.74601611749329533,-0.029016831514469273,0.095790677345456862,-0.046751771965873198,0.99430298096292025,-10.199808088813656,13.271536958279688,-1.6989901471409135,,0.1832025601071941,0.3684210526315789,False,1
0.96394020667932057,-0.25300973500382867,-0.082494557034517288,0.25774996080232554,0.96476458599647397,0.052860678329474831,0.066213560948105543,-0.072217502036175135,0.99518862370217387,-5.5741505598096737,-18.126927300876275,-4.4082368042597055,,0.3861873713703382,0.3103448275862069,False,1
0.48795659813616404,0.87282343987346245,-0.0088091510849549106,-0.87061054748142108,0.48594455083284166,-0.07677999824151735,-0.062734623211442547,0.045134646595750644,0.99700914275005259,14.266714831612198,15.963790743162638,-1.2788416795326254,0.3023416607705295,0.2754599522764511,0.9583333333333334,True,1
