axis_00,axis_01,axis_02,axis_10,axis_11,axis_12,axis_20,axis_21,axis_22,location_x,location_y,location_z,dbh,dbh_approximation,score,reconstructed,number_clusters
-0.99763794396702321,0.041894254653113874,0.054437158121189315,-0.057870653668677149,-0.93954602872460036,-0.33749703310072721,0.037007029078424285,-0.3398501601219181,0.9397512162609295,10.926994093590736,-10.844537444954396,-3.7145579806869815,,0.2408316838165085,0.1282051282051282,False,2
-0.41406392667503533,-0.89130499343521974,-0.18473351970850488,0.888005520476014,-0.35094932001284007,-0.29712080099960614,0.19999315045914298,-0.28707139087684558,0.93679920810676331,12.827670712736987,-8.9998240740729312,-3.5841027325329544,,0.4292737060388842,0.2941176470588235,False,5
0.67271259199448952,-0.7383297751991641,0.048238072374503262,0.73504533133505945,0.65941445232040075,-0.15773693592028293,0.084652994362802492,0.14156879290768357,0.98630225966489271,5.3309909379729019,-2.0181155239285884,-2.203325928359817,0.3346320768539061,0.290082668190666,0.9968553459119497,True,5
-0.11989537073915119,-0.99243770344169746,0.026315487126222718,0.97699493947398608,-0.12265574194795521,-0.17446047463370845,0.17636889838501491,0.0047930944665756786,0.98431246965985886,-7.4711305437436586,14.553012704464734,-0.082998366531704157,0.3546852021833628,0.2938589673219478,0.9764705882352941,True,5
-0.97433702582522119,-0.22397962485752307,0.022371583644113999,0.19245503273446848,-0.88047719038134165,-0.4332677897021121,0.11674082611167794,-0.41784332574167354,0.90098753301691192,-6.6374652376114911,15.144964048453835,0.039599449109551252,,0.2850635258974074,0.391304347826087,False,4
0.20637343622010176,-0.9781780842284824,0.024034149824837939,0.96709190707525583,0.20017587886768437,-0.15704413643652654,0.14880607545477351,0.055652969863659474,0.98729909290604645,-13.737089998246736,-22.194112384744916,-5.0181151108141657,0.2201432388732776,0.221598484854738,0.9607843137254902,True,5
0.15538941564958483,-0.98746288830980933,0.027770014672811712,0.97503820393450824,0.14879962467217248,-0.16480040220092734,0.15860211339149097,0.052685063426631991,0.9859359277962656,-17.311323288867175,-0.99899248719222977,-1.8285536193975576,0.273770172229869,0.2732735294430803,1.0,True,5
-0.70765554913168194,0.68221020119256937,0.18388274843478811,-0.70042325895062907,-0.64311869668456167,-0.30952479754573942,-0.092902540891612109,-0.34783269450059578,0.93294240686782892,0.58467878342642088,12.935343975160906,-0.17744357125792021,,0.2564234606017761,0.2954545454545455,False,4
-0.92258332144334132,-0.38372814703814651,-0.039908948435707983,0.36284433183509418,-0.82788896624708053,-0.42771935941863315,0.13108777917760869,-0.40908748298745629,0.9030301353849004,-10.142377914832867,7.6847604029365408,-0.9276821935302012,,0.2846870259963364,0.3191489361702128,False,5
-0.89543636765252455,-0.44252439633165519,0.048640211107253833,0.42394169209770405,-0.88094539409018513,-0.21025854164010696,0.13589390415537198,-0.16765253139333561,0.97643508515969368,13.474914453731367,-11.145611169048752,-3.8319086082879705,0.1905551258457222,0.1754225027573491,0.9512195121951219,True,5
0.33240272733507281,-0.94259656409308035,0.031939696619159789,0.93247441514878737,0.32337804573666779,-0.16099100791180904,0.14142097423342725,0.083296800031288393,0.98643892418710621,-1.8472211274254937,8.5711812477347564,-0.78416235514704613,0.2809310994331755,0.2606254594900713,0.7253886010362695,True,5
0.19931506392474657,0.9035321531291497,0.37934569136142421,-0.97028350933792284,0.23616359385798052,-0.052694102544475083,-0.13719845771567207,-0.35757014024927397,0.92375331014430218,3.4048489979359569,2.3672297149823605,-1.6266168264722003,,0.6003129587781032,0.2890173410404624,False,4
-0.26723796846871728,0.94643349674394206,0.18123880503288581,-0.95233787968308203,-0.23068364460908405,-0.19959363474470429,-0.14709327356968233,-0.2259395767697758,0.96297189809446171,-25.012009294653755,-7.8784249150687673,-2.5296078990763728,,0.1610937380718011,0.1578947368421053,False,1
0.60176539811713115,-0.79343133389021414,-0.091351650396292283,0.78616144574076841,0.60861734424736991,-0.10740162713880949,0.14081401513953068,-0.0071865626327409816,0.99000998300916654,4.0055444585473543,7.2001136802947077,-0.91821869499791497,,0.3503657701505792,0.2727272727272727,False,5
-0.2859457092794227,0.83139639341951888,0.47646100402205466,-0.94721104280916402,-0.16999516757791569,-0.27183245461227068,-0.14500445415594579,-0.52903844851690396,0.83611723356582179,5.4723523317476426,0.77320615219111533,-1.9488081534024944,0.6884561997063192,0.7558618251229311,0.3557312252964427,True,1
0.45674581237091516,-0.88897810168592839,0.033184297559477251,0.88133413935938687,0.44711589362501308,-0.15276620198052598,0.12096858138079312,0.09902177735624236,0.98770506221641341,6.9599107884705935,-13.033360819703127,-3.9092672770238481,0.2532316518416038,0.242827929628431,0.9807692307692307,True,5
-0.10380078661689741,-0.99459806476737955,-0.00029369831036685223,0.97666123120545401,-0.10187298011169076,-0.1890892259844828,0.18803785831039738,-0.019914454151375424,0.98195986596087148,-13.433897525025634,2.9478819103362395,-1.4327124938048477,0.3124707966455189,0.2828658715552355,0.968503937007874,True,6
-0.8250164180291466,0.52432143729647229,0.21079596858981517,-0.56321593107265178,-0.73240105893221819,-0.38259182409054671,-0.046213904491211252,-0.43436818399409433,0.89954908468929606,8.3012962722327082,0.48790209095410764,-2.006828499021216,,0.4641641823170637,0.2692307692307692,False,2
-0.84078523018508589,0.52491914968450437,0.13243897839046528,-0.53987445866228256,-0.79482307422449294,-0.27711342364532754,-0.040196586754606342,-0.30449329545135201,0.95166594319564457,0.040248056466849383,17.06394260159886,0.38399933667418767,,0.1558273018666087,0.4736842105263158,False,5
-0.19614481909116438,-0.97995051093929708,0.034988656068862742,0.96434457937261431,-0.19924059556817744,-0.17419161091250515,0.177670318788339,-0.00042566119009131154,0.98408997385107078,15.871932964657979,-7.0453115144044647,-3.4347233262567496,0.4298418647218637,0.3283033992043828,0.9719626168224299,True,5
0.34169885543368245,-0.93893004300203364,0.04064808167073284,0.92902949407387181,0.33093119634051432,-0.16549544534361504,0.14193692731687862,0.094312871003035204,0.98537251383779112,-12.545767929649941,-2.374613110960766,-2.0578279670546835,0.2265014104179733,0.257322643582647,0.934640522875817,True,5
0.19784479382903719,-0.97994174796547506,0.023908328028403272,0.96805668213704454,0.19149650227793849,-0.16184977536324155,0.15402499058452168,0.055165752144636732,0.98652574323519471,-1.8776459518973236,-13.567220859269439,-3.8535118674248263,0.3147843876765589,0.2632980266864732,0.9883040935672515,True,5
0.1138696561789168,0.95779658846283688,0.26393066614292077,-0.97535456634354667,0.15830894297909864,-0.15369368394840574,-0.1889898709309237,-0.23992493347251584,0.95221786109257667,-7.6273621726092831,13.564517996974891,-0.20903275513519107,,0.3129212279723491,0.3333333333333333,False,5
-0.65800317490118276,-0.75181714099479047,0.042459490415954634,0.73352421968422943,-0.6526977008141458,-0.18954664462493148,0.17021762821930547,-0.093577229379518012,0.98095324107984239,20.242003769025157,-13.203286317509612,-4.490791399151707,,0.3171818043148309,0.9807692307692307,True,3
0.044465312301745011,-0.99822939839526514,0.03950827990859769,0.98496221389657657,0.037196746227109785,-0.16871822446336765,0.16694991224275504,0.046416271387777569,0.9848722031576449,9.8274000275287587,-9.0931567374544642,-3.4457907233938418,0.2200050185194406,0.2256434923419774,0.975,True,5
0.41477352920076094,-0.90914710366708218,0.037609352136174154,0.90082129811460443,0.40444104509803558,-0.15795071985631953,0.1283896737960892,0.099393082927164006,0.98673051373146925,10.266222660198268,-3.3521472847274505,-2.6262181716554323,0.2891314350073561,0.2528492512267843,0.9832402234636871,True,5
-0.028350661776777395,-0.99736520376484894,-0.066774922657532515,0.98452611546623703,-0.016304183728614034,-0.1744777967476219,0.17292937269816153,-0.070688216217728056,0.98239432416223538,-1.2685833707341883,5.6068215503563801,-1.1316367373778438,,0.3658007465473289,0.5147058823529411,False,4
-0.85907418936882551,0.48415377785303798,0.16609231334088248,-0.51152557362837925,-0.80050029313375881,-0.31231533458497318,-0.018251703604109746,-0.35326250874299886,0.93534617935401321,14.485592283959958,-6.9812588836555962,-3.3425048639513513,,0.2433594272293698,0.4782608695652174,False,4
0.48770146155045746,-0.87240719650851895,-0.032449466585670578,0.86502126062600837,0.48792147222436438,-0.11692243414931466,0.11783676449453123,0.028953763530079571,0.9926107880286742,4.9944898860642315,0.18369423064512358,-2.0030069920227627,,0.07171946653458647,0.28,False,1
-0.17451373233847592,-0.98403721403651667,0.034867156702937628,0.96840342124639234,-0.1779327528628204,-0.17474195024933933,0.17815659107532039,0.0032706039061424115,0.9839967135140808,12.529333610754941,-17.889919686769819,-4.9361120704982664,0.2630072807336671,0.2521165863725631,1.0,True,5
0.22957528416699258,-0.97171381510528831,-0.055384568547302199,0.96072781438417831,0.23535819984245254,-0.14699858650858,0.15587576966368097,-0.019462253221206822,0.98758491540287785,-16.784229839173307,0.2380032214954797,-1.6878845264892883,,0.1491327286149613,0.1379310344827586,False,4
0.063192653515349403,-0.99789497571297392,0.014570723677712439,0.98379474888782037,0.059831791927573805,-0.16902085296047448,0.16779326745265982,0.025015477639629032,0.9855047667444442,1.0887135614940986,15.408116864677776,0.14228585204574412,,0.1959889050723643,0.6363636363636364,False,3
-0.21088371283478616,-0.97684714006800066,0.036023944842038046,0.96100887607417262,-0.21392578210775653,-0.17520759074948544,0.17885748451677935,-0.0023290965096842559,0.9838722353749888,10.768652257878641,-13.307444084658657,-4.0852064380161952,0.2254905497426777,0.2307340023098938,0.9591836734693877,True,5
0.835874259367959,-0.54875984184826543,0.013298815764353634,0.54714827945250466,0.830984851792259,-0.10046360726135027,0.044079278785290832,0.09125136747723657,0.99485185083775385,-12.952637054663073,18.75876043399327,0.31785922106607734,0.3464108847925452,0.238160043626809,0.7894736842105263,True,6
-0.88986993229377753,-0.45357201411656128,0.049029905259082393,0.43668766456172925,-0.87795444975641179,-0.1962138317564282,0.13204312636063789,-0.15319403435892381,0.9793345703168792,-4.7886171091729306,-16.55095934015506,-4.2376834276340194,0.2445944550314517,0.2538445561019466,0.9285714285714286,True,5
-0.43880719380486233,0.86525147898286325,0.24246262553859718,-0.89496569808218251,-0.39665011403346451,-0.20421823203012987,-0.080527299230597676,-0.30660816224492093,0.9484233173659421,-9.289081701145486,8.0890284079633261,-0.92042672434756845,,0.3672724885895581,0.4333333333333333,False,8
0.58473449107398467,-0.80961710357967454,0.051046258821854013,0.8047791953395691,0.57102244526335688,-0.16206114202378613,0.10205891287411072,0.13584370650389432,0.98545952007489357,-9.4074581299627482,-4.9827116020018307,-2.5042834036155992,0.2400400555190156,0.2264209474005596,0.9933993399339934,True,5
-0.040948201312310348,-0.99369674838087096,-0.10435524455709069,0.98800301684972625,-0.024704136410590681,-0.15244587347661018,0.14890696258109035,-0.10934568076284779,0.98278697518505154,10.232290026227329,-11.14973088904866,-3.7560552117490693,,0.3785350768750159,0.2142857142857143,False,5
-0.26669269122828509,0.93247667154122893,0.24364372652872965,-0.95148987213017266,-0.21449357690002147,-0.22058904937086804,-0.15343412814339294,-0.29065402543234542,0.9444459782437804,6.5280156955680892,0.99110104402883992,-1.9261057764780618,,0.3658103606168985,0.3023255813953488,False,3
0.20498769800737598,-0.97101367085876289,-0.12293288685713119,0.97236920102453739,0.21637024283115297,-0.087647332623942253,0.11170577677336524,-0.1015695280218398,0.98853702531209264,12.237892090981076,-1.313903526888315,-2.3781773045234464,,0.4425941002485141,0.1428571428571428,False,5
-0.36810419354252638,-0.92891774001257277,0.040138946004351979,0.91189159270819453,-0.36911223260687737,-0.17947111992763348,0.18152968309485604,-0.029461704463598838,0.98294403814539755,4.5082713365479732,5.9441095794912124,-1.0972290931974129,0.3775989342154177,0.3380289436105145,0.922077922077922,True,5
0.24840850932028885,-0.96821315305739453,0.029266068132401561,0.95714073185621207,0.2406988825344219,-0.16107658851749837,0.14891216175661026,0.068024541110829922,0.98650789651560034,5.4314888816832037,-15.418139350444681,-4.2536956884317796,0.2768298472822359,0.2558815286754512,0.9736842105263158,True,5
0.14557822875097171,-0.9880336036200601,0.050956623036545967,0.97641781516207915,0.13518561848264588,-0.168324385605822,0.15942154668627032,0.074259320445473009,0.98441369544472257,3.208538135543245,-11.796757652520171,-3.7035193654825256,0.2367926874004738,0.2199729079537605,0.9878542510121457,True,5
-0.074532668570511967,-0.9969844270322159,0.021608645746602442,0.98188391224583493,-0.077154771221155133,-0.17306393081929275,0.1742092540267938,0.0083182650267439803,0.98467352065462432,-9.4884111816605969,-16.754720349800799,-4.162971773917163,0.261827118171703,0.2717874958642664,0.9615384615384616,True,5
-0.88277004423371097,-0.46702853915896886,0.051003849018012692,0.45017695759407522,-0.87194112312663041,-0.19250814178110409,0.13437914962878375,-0.14697966325893821,0.97996899069987675,-15.722417704144455,7.7144086970982411,-1.0592677904599974,0.3365639934488179,0.2871455690208403,1.0,True,5
0.55321280684920904,-0.80849350517417873,-0.20073326189048196,0.82188208614924585,0.5690270444826212,-0.026796625055017842,0.13588755206046635,-0.15015483588131984,0.97927937712200941,11.203201619552358,-9.3413311880883239,-3.5499377525066187,,0.3888256745778974,0.2657342657342657,False,5
0.077479087070401756,-0.98337377778474966,-0.16423460120232525,0.98330404991433829,0.10257607155238761,-0.15030400848593484,0.16465156084531241,-0.14984713113780052,0.97490291865445422,-29.399253308003292,-15.502688934920773,-3.4388930728319771,,0.231944742742273,0.3333333333333333,False,1
-0.24180395292463175,-0.96132918115016153,-0.13182205361465243,0.95584667515686927,-0.21260666476529827,-0.20286828162365922,0.16699695189308894,-0.17505602407954418,0.97029243349202776,1.9817210666016269,4.0043867556682509,-1.3583170910046274,,0.5538111108396164,0.1666666666666667,False,4
0.8886412832649152,-0.44971114597676842,-0.089869654842693783,0.45185467259459067,0.89208270856062932,0.0039744108450199822,0.078383828253782858,-0.04413984901867482,0.99594560554123057,3.237012162306387,4.4810258157147329,-1.3024772184409574,,0.3442387790177926,0.2033898305084746,False,3
0.75514403210963776,-0.65428595404063317,0.040833578270062065,0.65250369846160949,0.74415859376045235,-0.14306261156007047,0.063217199108468458,0.13467693818024359,0.98887092588430148,-16.073446567076608,-19.411918402732393,-4.5005901042134759,0.2254129019772664,0.2109719377047504,0.8918918918918919,True,5
-0.99765315803793941,-0.031388083277497342,0.060851988341317546,0.014984387816677913,-0.96728015478092499,-0.25326778375614578,0.066810510989561769,-0.25176157450086645,0.96548043233726855,10.461257383461341,-19.074337990481755,-5.0019072605903876,,0.2649091917466876,0.5625,False,1
0.7411423738450591,-0.67026139538621499,0.038179098289988438,0.66793179280351556,0.73044811500033124,-0.14252252963916345,0.067639499211584395,0.13113051951162596,0.98905494538929373,-2.7341688809713749,-2.1808756486972776,-2.2297832310763313,,0.2264588863085196,0.9660421545667447,False,5
0.7446747381301384,-0.66545317004750548,0.051299248186838634,0.66417038680497853,0.7312642663838671,-0.15533920947844898,0.065857662288714952,0.14974862665076399,0.98652831542438491,-0.78493754193859333,4.5851879039852372,-1.2712383494205772,,0.2725688547694597,0.9800995024875622,False,5
-0.069894857840683625,-0.99719332123248094,0.026836336127814747,0.98021937463205799,-0.0736488472979452,-0.18370036714068266,0.1851612444421572,0.013465785570042871,0.98261588943778733,-3.1262585400236258,-20.550337594452532,-4.929785075705106,0.2881600498618654,0.2396751172205069,0.9264705882352942,True,4
0.9136493163671594,-0.4033407209321388,0.050608196369419226,0.40631887401431754,0.90238024273164119,-0.14357879421182709,0.012243337843918456,0.15174373254117476,0.98834403944826466,-13.882095740835304,-11.49236519209903,-3.3709625724174543,0.2768336794181658,0.265181190230024,0.9310344827586207,True,5
-0.37404641249319681,-0.92692260135892679,0.03006280743657877,0.90946730523827757,-0.37296249083614585,-0.1837612612383876,0.18154476583915746,-0.041394100054201466,0.98251108211414473,-4.3621024974570872,-9.7876448950672152,-3.2815747225955949,0.2941604795775701,0.2533665990440698,0.9488636363636364,True,5
0.81935585371960051,0.52574652514487763,0.22857509985453917,-0.55377584032241578,0.82897046806159269,0.078359949954983243,-0.14828453611428358,-0.19078405169151785,0.97036752932563719,13.00238856431838,-7.4072236643894698,-3.3497934467257187,,0.111240901656719,0.2857142857142857,False,1
-0.96728088415095592,0.20071648157086619,0.15517920344543182,-0.25045406817797905,-0.85307710318100949,-0.45774689049888562,0.040502480038224618,-0.48163507975863923,0.8754354339736562,5.8713887863044638,0.45042579684697004,-1.9902846420572651,,0.5147854106425023,0.1839080459770115,False,5
-0.53936172422592332,-0.84178787523815946,0.021956856379388132,0.82331331710562417,-0.53263914997912265,-0.1960885457798415,0.17676004162868425,-0.087685283893843363,0.98034033818459343,22.602843321315763,2.5600851820110013,-2.2136903425891248,,0.3019474023809774,0.9285714285714286,True,1
-0.0091984609418427985,-0.99865498528534591,0.05102556889468679,0.98500174397528684,-0.017841478734338247,-0.17161948025272558,0.17229902112880652,0.048681639262633601,0.98384101628096265,7.8885936379381274,3.2635891672967392,-1.6223504634006372,0.3275725011490824,0.284727837999719,0.9962825278810409,True,5
-0.41012335476704964,-0.90759469177341745,-0.089837126731309114,0.89469520587715412,-0.38125793453613605,-0.232729190119498,0.17697266019094277,-0.1758245228003075,0.9683834027527457,9.5329868590202373,5.084222306215052,-1.4098058405069456,,0.2516607071320504,0.3518518518518519,False,5
0.77960243691472508,-0.62608622662529101,-0.015364803504350967,0.61942060111026098,0.77445791112750317,-0.12858095820232512,0.09240216056362216,0.090724752532756969,0.99157998164598149,-25.982049742832796,-12.877681949779184,-3.1987160538359354,0.2950173266111784,0.2537574836388782,0.9285714285714286,True,2
-0.42376552159947972,-0.90489657457560224,0.039811707133235612,0.88762589802290259,-0.42362848320090835,-0.18071849208073279,0.18039691755281456,-0.04124436376330011,0.98272877977354656,-0.57658295787883962,14.007561812630417,-0.070171610138214269,0.320196489421902,0.2824406911956219,0.9857142857142858,True,5
-0.93788642223348828,-0.34610775036552843,0.024051696966772392,0.3239764116919725,-0.89849876375255644,-0.29620812987209288,0.12413034946080635,-0.27001740068381186,0.95482053793930166,-1.4500423684979797,5.4029809228069903,-1.1916696940516935,,0.5394348698291556,0.2714932126696832,False,4
0.049430508749716891,-0.99857422630081938,0.020152899852495937,0.98449400030039724,0.045313442622538246,-0.16946461368148799,0.16830979822121525,0.028217131062787205,0.98533020116980063,-16.38678297001287,-5.428739112612031,-2.3873728985092622,0.2620219338718047,0.2434186173792735,0.908256880733945,True,5
0.28954686637400695,-0.95634425356302399,0.039601525854151755,0.94587283543514622,0.27955007340303933,-0.16485246630315936,0.14658509937531794,0.085190522579331074,0.98552289851823871,13.866731336099388,1.4876257559925952,-2.0006849358967447,0.3992126421751598,0.3555998463216644,1.0,True,5
0.34833811859863356,-0.93654779649887998,0.03922728647582395,0.9272110423573322,0.33811734292710099,-0.16110973075064861,0.13762353745560207,0.092492633679711805,0.98615661770998464,-4.2526168121390935,0.46047760373365665,-1.8319641002533253,0.2930854903986103,0.2647979744833158,0.9244444444444444,True,5
0.39881513226963233,-0.91681510378709719,0.019913707354677582,0.90662184564176918,0.39093243976402248,-0.15877234187747913,0.1377799668960108,0.081375014642094068,0.98711437418068793,-21.74685992712773,-8.5883096863401782,-2.7033288263969495,0.2946191584482988,0.2535158925038296,0.7407407407407407,True,5
0.0040537014733142869,0.98371017418542062,0.17971605578927421,-0.98539077447175427,0.03452849781717339,-0.16677171350215436,-0.17026035677843643,-0.17641450065847111,0.96947889861878911,-19.718040552841874,9.6136945799957054,-0.93934318418616103,,0.2083953174405838,0.2857142857142857,False,1
-0.1147251425073018,-0.99322066832590294,0.018730875231196577,0.97719636598097148,-0.11622548478280785,-0.17770452723716729,0.17867681436119001,-0.0020834340039084104,0.98390561300995172,-7.2620901401999083,-21.116356849190332,-4.9689402611142359,0.2071190288294411,0.267618908721409,0.9206349206349206,True,5
-0.82373115784683237,-0.56570539396252761,-0.038005089580486796,0.54585272983804223,-0.77312427341847123,-0.32299172617811878,0.15333550443611157,-0.28680353047489654,0.94563838648103793,-3.6009653337863616,-0.75813440049229586,-2.0093756937021818,,0.2416450992976616,0.425,False,5
0.967252106350039,-0.23674400837261914,0.091518507751595285,0.24224127125605988,0.96869097017320527,-0.054378036054490403,-0.075779477839725953,0.074766829574088214,0.99431755085273366,15.041044995903837,-0.3729560363684965,-2.3386012949829875,,0.227582820157238,0.5384615384615384,False,3
0.040407992144865297,-0.99895742679659671,0.021242730962453143,0.98475199861373786,0.036215098228440143,-0.17015277807474594,0.169206073759395,0.027794353891161017,0.98518870197272534,-10.304059233780819,-11.575063917069366,-3.392111768100754,0.2795395284201682,0.2463267802207651,0.9927007299270073,True,5
0.95427978982442319,0.2900049633438076,0.072437586711674842,-0.27808259714802175,0.95019511227611864,-0.14071004857502184,-0.10963645331761561,0.11413312333643867,0.98739732542751169,13.330855039003126,6.3127813209672725,-1.3376148871749678,0.2603372277572076,0.251411542245973,0.8653846153846154,True,5
0.7350274437605917,-0.67661310579085854,0.043924503307600282,0.67452407384002011,0.72309670679312033,-0.14882347407317165,0.068934249317984683,0.13901747263201603,0.9878877525174472,-8.2829911017234803,1.684610866587223,-1.6229765502257429,0.3674884727145946,0.3027242911000967,0.9938080495356038,True,5
0.24352768445054765,-0.96986955034821198,0.0068791142969933522,0.95833408449713298,0.23952731080664927,-0.15563563174535572,0.14929852443073771,0.04449407471890493,0.98779057897801004,3.966195815016837,-19.889595847194528,-4.9353338921962218,0.3391905681248442,0.2952443359607486,0.9354838709677419,True,5
0.57394034975547614,-0.81845955659829717,0.026766193892331588,0.81241015425975427,0.56498362586330186,-0.14416394751116096,0.10286989928159532,0.10448663416570142,0.98919175446549235,-0.68629278769469104,-10.008577295902452,-3.3675128036085518,0.2654731782615048,0.2351423972869887,0.9712460063897763,True,5
-0.53360972346016589,-0.84324260863860712,-0.064827201120534611,0.82699623251324461,-0.50420948692979628,-0.24869665196558438,0.17702512374706764,-0.18631880277188514,0.96640954532536916,24.544257512813903,-8.1987463702880969,-3.9380207664755531,,0.1867337358870234,0.32,False,1
-0.6806078209599582,-0.7255305081943294,-0.10187480418345013,0.71353444035625935,-0.62485834437549626,-0.31689217707257261,0.1662576207986225,-0.28837047550606226,0.94297448129988648,12.141875023751668,-7.9885825464201838,-3.4010931359731025,,0.2267583292565057,0.2153846153846154,False,2
-0.39179085068676089,-0.9188828547572585,-0.04641366772078883,0.90210428495617223,-0.3737418157763201,-0.21569634721972775,0.18085294684316983,-0.12637782389869959,0.97535678458950181,20.55082296606524,7.0525375131404653,-1.5103091754773657,,0.1790795687373912,0.4444444444444444,False,1
0.980782178426434,0.16605728297750544,0.10242703379102758,-0.15480210964660263,0.98185677467626986,-0.109515208401732,-0.11875447498962248,0.091554643751380616,0.98869364409684457,-17.861274464720204,5.0129436763077022,-1.1762751636646362,,0.2326116214310364,0.25,False,4
0.75386564356074282,-0.65525566332014773,0.048234916249749259,0.65397337021982915,0.74126372189163736,-0.15115199519250722,0.063288407327609569,0.14549264687340949,0.98733300724917727,-17.544789471294088,-22.327614025818754,-4.9198010774879419,,0.2190853206557355,0.8979591836734694,False,3
-0.47969288161477969,-0.87729636131107225,-0.015679086659078315,0.86294302072031626,-0.46845959489728684,-0.18940683973596933,0.15882091272312396,-0.10438727115421649,0.9817735050930898,3.8626473634239442,15.638919662055191,0.14927785854375081,,0.1633462163043547,0.3636363636363636,False,5
-0.98216322783796228,0.17126511045118656,0.077612214406361901,-0.18541695778613465,-0.95073630384083163,-0.24843717983508423,0.031240128812969649,-0.25839648314405927,0.96553369275780954,-26.240181391088907,4.3490077187829677,-1.0412635971994699,,0.1926521232640103,0.3333333333333333,False,1
0.98316392322527446,-0.18068434839760827,0.027237222920452123,0.18226913628439079,0.98028197107179182,-0.076323123296580031,-0.012909764770469706,0.080002646429568225,0.99671104866848781,-15.711973781108142,1.3470786637343677,-1.5945903483758959,,0.1668129873480908,0.4444444444444444,False,3
-0.74647218174846663,-0.66346163928942703,0.050969942780727626,0.64627830385517848,-0.7411112987824825,-0.18187467328634768,0.15844126937688308,-0.10282361600492536,0.9819998310335466,-21.88650521450937,-21.675518705937776,-4.7435220585412852,0.1264938183442996,0.1819194576618212,1.0,True,2
-0.37682449702588688,-0.92503272789975477,0.04814302395494293,0.90862527009226723,-0.37924125523220242,-0.17486048404273274,0.18000949139126712,-0.022147745804987382,0.98341550748644169,-20.760038768437667,-1.9904169664025111,-1.8395861393081225,0.2647066089813478,0.2412477360892233,0.9787234042553191,True,4
-0.8693424662039112,-0.49235316063835399,0.042802355822133327,0.46942870863530289,-0.84972881102898146,-0.2399950733166519,0.15453272780706787,-0.18854525429375385,0.96983004857542454,-18.735340791121807,-14.739807730478981,-3.7026716718448291,,0.4380628087387168,0.7962962962962963,False,3
-0.95052946790102411,-0.30477559607061028,0.060046371177611677,0.28301863224943918,-0.92936927082423804,-0.23700888643103674,0.12803977683302933,-0.20828968886487786,0.96965005082303768,18.121884481817553,-9.0297777483902397,-3.756899165814652,,0.1752486589526345,0.5925925925925926,False,2
0.25351254949983743,0.92549232126201009,0.2814166848840855,-0.95038433629801067,0.29251641606765588,-0.10584781363034187,-0.18028033882118732,-0.24062026019433641,0.95372998789936747,15.369875073423382,1.1108404761692345,-2.1243963530153853,,0.363334796414898,0.2545454545454545,False,1
-0.76462366590650321,-0.64444502808046056,0.0064230302876007762,0.6249659415876726,-0.74387212165085825,-0.23679492918152922,0.15737922795316656,-0.17704483164731508,0.97153842239812627,1.8097723421009737,5.4257437642286064,-1.1759970145946503,,0.08174246107581858,0.1641791044776119,False,3
-0.70154964770649053,0.68180845613585328,0.20728077803921829,-0.70999427006977167,-0.64379315100260892,-0.28537434220725666,-0.06112469444497353,-0.34737243394342154,0.93573295542330448,1.5346669359805658,12.220627858958141,-0.30004033753101139,,0.2857990507961614,0.3478260869565217,False,3
-0.53862017787416006,-0.78259803816128848,-0.31213557095100697,0.82379118827423781,-0.41142117765097269,-0.39000088807848421,0.17679474570395998,-0.4671968806043012,0.86629711568553835,-9.4163206443773486,4.7469623956698745,-1.1758993694527995,,0.07687786263299864,0.2,False,1
-0.53568489636540439,-0.83322282567250894,-0.13704530121206501,0.82571870818496351,-0.48291221041328636,-0.29152086029495194,0.1767209856223676,-0.2693241909151004,0.94669645263335889,10.964885014501405,3.7015696766580319,-1.7102177627625907,,0.2375498766549521,0.3877551020408163,False,2
0.051287137578144411,-0.99642363058727046,-0.067153391026246623,0.98399155246232772,0.061909934490318397,-0.16711608149482077,0.17067587469182513,-0.057507464025880868,0.98364761849937565,14.957439055031939,9.8287537302471595,-0.86641982094262038,,0.1441538083760056,0.375,False,2
0.1699317438347846,0.8806329372909939,0.44227687277937727,-0.96921932390499776,0.23048823207214456,-0.086539453692498061,-0.17814910779009796,-0.41395749133756898,0.89269372729906571,-27.134778818216692,-5.7129179783544739,-2.1822374233711992,,0.5754111135806376,0.4,False,1
0.43220787430430191,-0.90085093064350219,0.040791594086196696,0.89293615671467375,0.42121642989692604,-0.15887649044624513,0.12594194464508107,0.10509195946229281,0.98645542556944321,-13.745315396581205,13.192816217531286,-0.40788360997958067,0.3575129674015253,0.2875758242829114,1.0,True,2
0.39544753827903234,-0.91842824743536955,0.01052610003033818,0.90867359567990957,0.38952518393478014,-0.15027450746789975,0.13391617147752322,0.068990473207328831,0.988588273055791,8.32307313987938,10.95754868833802,-0.52684423595633278,,0.2051183945142505,0.8,False,2
-0.72086626764882167,0.68782628683018865,0.085128275628330558,-0.6895455487285328,-0.69938705733097695,-0.18810816108447803,-0.069848123773833121,-0.19430065152570192,0.97845209204230532,-21.476979498823891,7.2317148207553945,-1.0266834675923153,0.301169996428247,0.2872906600029808,0.782608695652174,True,2
0.95317276989769983,0.28902077289874706,0.089043043291197652,-0.28172563669373385,0.95562771138607394,-0.086060111901656522,-0.10996515973278773,0.056944447174647542,0.99230287391547789,-15.179965702234599,3.8970504288428103,-1.3066725935523564,,0.1756103300008468,0.2857142857142857,False,1
-0.015205273479847247,-0.96714236196338443,-0.25378032105403597,0.98516424917645751,0.028900186093940249,-0.16916317976534614,0.17093917574093501,-0.25258747185801217,0.95235464363722622,4.6487051546757341,3.3601780487569473,-1.5374346768474907,,0.3273415628003629,0.303921568627451,False,1
0.84446604117846791,0.51414812660218434,0.15009599997278406,-0.5160574597954144,0.85606344026849601,-0.02898420992835879,-0.14339387534295175,-0.052981979456520806,0.98824648057405118,-19.530801275794001,7.6247902359512549,-1.0513896491687689,,0.2002774341401585,0.2222222222222222,False,1
0.0051533304694854907,-0.9993857391786608,-0.034663922331333724,0.98548506570357763,0.01095761146346114,-0.16940813447479439,0.16968390748767684,-0.033287761675070478,0.98493618903072899,-23.450210779339606,13.144486320368548,-0.5374993076004877,,0.2374365087865568,0.84375,False,1
0.60026437702635649,-0.78345253981303731,-0.16088752448111421,0.79373876004929123,0.60825856134136946,-0.00055077249491786162,0.098292718288659528,-0.12737205508049437,0.98697259390319303,-7.9854875603361615,19.737211444830869,0.71914755355002358,,0.1912623559937762,0.3157894736842105,False,1
0.45075556044633042,-0.8926270567088368,0.0060301208970692972,0.88406284288447978,0.44547584468343698,-0.14136534806871726,0.12350026136703415,0.069052222519605452,0.9899391274252054,-2.9003174842187112,9.0035691804510289,-0.76828421318807227,,0.07469881716375443,0.1555555555555556,False,1
0.77614060419945796,-0.62524634299596338,-0.081687043544702714,0.62785412432329157,0.77828619072495042,0.0083548726548494101,0.058352044378348206,-0.057772103103662251,0.99662300947742866,6.5404942988101515,16.862859316869354,0.2766315851715041,,0.25251956687467,0.2777777777777778,False,1
