axis_00,axis_01,axis_02,axis_10,axis_11,axis_12,axis_20,axis_21,axis_22,location_x,location_y,location_z,dbh,dbh_approximation,score,reconstructed,number_clusters
-0.84280163079781745,0.53376944738638787,0.069105630460688058,-0.52945531828407477,-0.79912566994867629,-0.28473712362420833,-0.096759893888160309,-0.27656525570994794,0.95611149050141786,6.2075293418884474,-3.7534292772008557,-3.6489313135686792,,0.2796094945841413,0.5,False,1
-0.99727706673731054,-0.0001519049469232165,-0.073745705534035422,0.03437686984337876,-0.88565972417005323,-0.46306056170094623,-0.065243260031952396,-0.46433482521550273,0.88325335386427539,11.825457889150526,0.38226770805585142,-3.310356348476394,,0.3037402477493673,0.1724137931034483,False,2
-0.96987854211164626,-0.24147823087952389,-0.031998086859730393,0.23465736499068518,-0.89097461373402365,-0.38871603869294519,0.065356978257992887,-0.38451593165017534,0.92080180478764362,-11.647712757738486,1.4009665579131114,-0.87020302409265393,,0.1106962169080312,0.2692307692307692,False,1
0.89172634970803832,0.45105306979833293,0.037084302095063172,-0.43931793623530796,0.88238203222482614,-0.16852803953270179,-0.10873761142460114,0.13398909445281823,0.9849990124002086,-16.246599589545472,-9.4718660736802551,-2.763925627321846,0.2335401815919938,0.2234874107398685,0.9879518072289156,True,5
-0.44907646581042698,0.86994698267554649,0.20377088896338702,-0.87761743994064256,-0.38667208373147938,-0.28332371728252531,-0.16768409873106366,-0.30606689954398569,0.93712597660948593,-1.0631543391497154,-7.1178381662041792,-3.7521537493715647,,0.333829010489602,0.5016835016835017,False,6
0.56194612996024318,-0.82699164311129514,-0.01735998982678915,0.81609934358103442,0.5577232180134708,-0.15141556556478405,0.13490147674992467,0.070919914782655746,0.98831774104177184,9.9736250256303638,-7.8724190114310924,-4.9355818195200447,0.4250834988677339,0.1918025240534459,0.4324324324324325,True,5
-0.18300805189767647,0.98195876210079247,0.047592462366392058,-0.96337945959880766,-0.1694742799172459,-0.20779433406529657,-0.1959797687612842,-0.083877636948176293,0.97701405939539243,-13.088981921234808,-1.2202579818931008,-1.3385929042951299,0.2317808067992511,0.2338276865983751,0.920863309352518,True,4
-0.4681004011679652,0.87060067984880407,0.15144791406021338,-0.86705375178618693,-0.41941566077486875,-0.26890201749015719,-0.17058665229110587,-0.25718662434811779,0.95118622483535431,-6.3485636167582786,-11.511683556250066,-4.0483649741141701,,0.4877285490141823,0.3529411764705883,False,2
0.87610242396404892,0.48131551269266237,0.027927047207266034,-0.46830746891820524,0.86333307592634567,-0.18800030469916437,-0.11459780660964428,0.15162907786092372,0.98177185000757905,-9.9341229008896619,-0.68566095460323007,-1.3503398770379698,0.2493605351964464,0.2260577398789278,0.9166666666666666,True,4
-0.84617754758154151,-0.5328725493854336,-0.0055139895137151715,0.51728531723382265,-0.81885128813102626,-0.24879402826527536,0.12806037069754217,-0.21337622650526941,0.96854072057873775,-6.1308968848202499,-17.479600276500065,-5.431985117822955,0.2254500864603307,0.2635544363468564,0.9384615384615385,True,2
0.90945913113656485,0.40838535058531517,0.078137661979567383,-0.4037518213927393,0.91228534232936376,-0.06870168042369959,-0.099340603553478624,0.030933147242139213,0.99457256391242055,7.6069833405572611,-1.072022194656173,-3.2778800748329737,,0.5122800252686208,0.4492753623188406,False,6
0.76384922154525103,-0.63952445649158185,-0.086849503705324238,0.63056040117474799,0.76819009784813241,-0.11080412464532693,0.13757887634028293,0.029873786456078931,0.99004020608646059,-6.2309962495609827,-11.337841545865771,-4.0324926939796004,,0.2392530370090263,0.3063063063063063,False,5
-0.98919768486848814,-0.14189576618033514,-0.036790376335639571,0.13927875244384685,-0.8315317381608428,-0.53773264504667373,0.045709620087110069,-0.537048005276346,0.84231233557403717,-2.183620130300171,-15.023152021963853,-5.3085088844640236,,0.4335459741733642,0.103030303030303,False,1
0.46579499770064442,0.88362533903501062,0.047342162311411785,-0.86479829544812514,0.46590230608350264,-0.18724035189053695,-0.18750714201617655,0.046274198008583074,0.98117265060313863,-11.516891514652675,-16.315784154261014,-4.7242580565677841,0.2877968640729498,0.2966009112252613,0.9888888888888889,True,5
-0.99470200690547383,0.10124679822628525,0.017804586688490363,-0.10266342606650949,-0.96942737152011038,-0.22286945123972313,-0.0053045646860460233,-0.22351657029521288,0.97468569518432768,5.0950113396084538,-8.5339156222917882,-4.4245825702411317,0.2468884054315635,0.2321060307725049,0.9541666666666667,True,5
0.88493913011003533,0.44248467968611277,0.14522411729176299,-0.45647642008946915,0.88592505089373907,0.082256197950230259,-0.092260576100498273,-0.13908311343223295,0.98597356640814671,-9.2495536828043079,-12.392629701801102,-4.1112637495144231,,0.4484143905674072,0.3389830508474576,False,5
-0.97713390699189617,-0.21250069341220185,-0.0072651982825611625,0.20243921778659529,-0.91933287862946245,-0.33740987148098756,0.065020696002910994,-0.33116538703523724,0.94132980167478886,6.5336203040816656,-13.269685733222587,-5.8265664990088393,,0.1849451399847185,0.3157894736842105,False,3
0.086808792234549959,0.99368373373450158,0.071111679084661927,-0.97480225166804735,0.099448845775780365,-0.19967598057045,-0.20548674831648978,-0.051986194180053812,0.97727817528121952,11.212256207244454,0.58648367353903985,-3.2701120382024191,0.3213552440532348,0.3123919300747174,0.9768518518518519,True,5
0.81707747348761872,0.56774814990659916,0.10023193401667702,-0.54526808753316292,0.81747627880457441,-0.18551346665337395,-0.18726215591255141,0.096925599660044701,0.9775164004217648,17.35259540018021,-3.0594930151234774,-4.7537345337072452,0.3777472779467396,0.3391449395474496,0.9746835443037974,True,5
0.66138054557606307,-0.74515375365236436,-0.085566683652571807,0.72727276762485604,0.66500961872205933,-0.16981321644213046,0.18343962332274288,0.050080838900035868,0.98175445716853138,14.968418510015916,7.0154002818085779,-2.296622100056307,,0.1953145142939385,0.4285714285714285,False,6
0.2265179245421943,-0.96771190557226383,-0.1105590234887901,0.9506722020828926,0.24435958378741357,-0.19107788463897649,0.21192450082036471,-0.061822824465888646,0.97532863401373571,11.698543217322634,-8.7904899577593749,-5.3729972028001978,0.2639305007510088,0.240551753496126,0.3333333333333333,True,5
0.61507596814328769,0.7873569730262131,0.041839579820976046,-0.77033919298667264,0.61140085564992352,-0.18101525200706831,-0.16810437579444054,0.07910746322275658,0.98258990840595395,-15.602508973283799,-3.4290722327784691,-1.5065278691075163,0.3898867399832773,0.1912195338311334,0.975,True,4
-0.5938668499313432,-0.79736347967701293,-0.10739481286351524,0.78862538462678433,-0.55045653700931707,-0.27398467764816137,0.15934919916610829,-0.24740469304577922,0.9557189705054745,-6.7277732536351316,-11.488711066082828,-3.98085072569351,,0.3292128526521284,0.1746031746031746,False,3
-0.31098369376487472,0.93954388783238008,0.14334024225307321,-0.929292783293307,-0.26897432905606955,-0.25311604695833695,-0.19925878934524441,-0.21192001591556239,0.95675798492775299,1.516877196039095,-9.6011635135880251,-4.4140364235856122,,0.4587377804314477,0.3397435897435898,False,6
0.26587431576111764,0.96329661783464926,0.037019917434865914,-0.94253402802512587,0.26782039746786329,-0.19975445105150466,-0.20233747609696454,0.0182170460965147,0.97914640631431071,-5.591823612171086,-5.8816590799445434,-2.9301248199249033,0.282919931088846,0.2550928176463584,0.9825242718446602,True,5
-0.84308367714319821,-0.53256078747841007,-0.074759086237593322,0.52489542609211581,-0.78464079957013888,-0.32988423320539284,0.11702437781197728,-0.31736071478730554,0.94105657200160442,0.39564043365723134,1.6199296563791237,-2.0397228181023381,,0.2039572709328978,0.175,False,3
0.8128563533824863,0.58160956918226359,0.031541366510482054,-0.5671729870100316,0.80268196896597754,-0.18443551583960183,-0.13258714708389063,0.1320301697814682,0.9823383748462805,3.152925878903047,3.0052602104885868,-1.8760504385127663,0.2671061034802702,0.2164321581550643,0.8830769230769231,True,5
0.99658867583484756,-0.082355442362851847,-0.0053471778505197812,0.082527738398740738,0.99414486766545274,0.06975065941788211,-0.00042847699487168212,-0.069954007802693813,0.99755012565775669,10.137233061859391,-4.8082482501853514,-4.3000876360008462,,0.1579652749744812,0.3571428571428572,False,4
-0.38576421998370863,0.92051997674674757,0.061878421041006895,-0.90530336004643974,-0.3647554794033056,-0.21766778938072379,-0.17779705528772771,-0.13998718746882491,0.9740594409355009,-20.055499052561956,-15.327190812222311,-3.4722644096068707,0.160502533022147,0.1964039593975682,0.9230769230769231,True,3
-0.34905290849749876,-0.92939043794290521,-0.11998116906302732,0.91784083804647054,-0.31323841460937052,-0.24382348456856992,0.18902450392366685,-0.19523091321125868,0.96236927810643913,-3.9083404557136308,-14.533615956435611,-5.0714513532800289,,0.2220520527549213,0.1538461538461539,False,5
0.22160199419989365,0.93946563032298258,0.26133672839551836,-0.95952266035100797,0.25784479456443588,-0.11327985782542963,-0.17380684808014918,-0.22565547048070075,0.95857748158538492,13.895350033643476,7.6341342358540629,-2.0884958844194941,,0.3458293079936849,0.3333333333333333,False,7
0.80365740484347548,0.59387045572245967,0.038113743718599588,-0.57966791553058539,0.7957074176246155,-0.17559844316391543,-0.13461011605624218,0.11902767475323925,0.98372380742673959,0.70271013550257033,6.9107205122035964,-0.97308384468307185,0.2676690600322184,0.2301626059002492,0.9122807017543859,True,5
0.98680914737972369,0.16063904377490468,0.020069984125195776,-0.15429072794564835,0.9707765923097631,-0.18381289153224342,-0.049010997926008451,0.1782916303098008,0.98275633635391468,-3.0805741921110918,-12.653087601389922,-4.7713764104659155,0.3021779660867234,0.268369191451295,0.9779005524861878,True,5
-0.97210943983242937,0.22898909119646285,0.050667870506846742,-0.2276539527748471,-0.86941208589370578,-0.43851602329669037,-0.056364126664646227,-0.43782030676405781,0.89729396755486901,4.3410356365592646,7.7203674154318263,-1.0382257619024893,,0.3307080272055146,0.2586206896551724,False,7
0.98712621567303005,-0.15990680485913625,0.0034129299413248326,0.15801191528313727,0.9716786579425255,-0.17570663142740761,0.024780414839080271,0.17398390574634864,0.98443665696765326,-1.8547502539284713,11.52321091883678,0.45610536682640129,0.3120297969536244,0.292670787719606,0.9191919191919192,True,5
0.91963310727005054,0.39137891948402403,0.03312837750857154,-0.38107346793029351,0.90948538179802141,-0.1661907107370551,-0.095173315863282745,0.14021013401044075,0.98553698980219062,-7.0530258612668684,2.4274945249350104,-1.1153967149637765,,0.2708237522671794,0.8865248226950354,False,1
0.99549013901744698,0.092634938965056687,0.020448745730839425,-0.089310639113132959,0.98784684561042979,-0.12720935248136295,-0.0319842595697949,0.12480936543570817,0.99166507926784841,2.8537824037772324,-14.423936871554297,-5.4058596393972369,0.2477779605669656,0.2079379894873716,0.7777777777777778,True,5
0.99753814236168625,-0.068267731119994277,0.016036565134855383,0.070065065234141258,0.9797912377248541,-0.18734998561871852,-0.0029225275587817165,0.18801235960789026,0.98216231421661759,-10.867483430224532,-8.0003109159416148,-2.9154503989167027,0.201292528775591,0.2456649106019722,0.986013986013986,True,5
0.64032408262652041,0.7648060097550986,0.071111438257065632,-0.74846354947548044,0.6420729986102085,-0.1659655975262927,-0.17259022079790343,0.053047449497395857,0.98356422453582137,-22.688555183675746,-7.9719805237433983,-2.0312122970307245,0.2786963312573915,0.2568455581604512,0.7868852459016393,True,3
0.32530480050987165,0.93996335430221523,0.10317790138474721,-0.91650123231309499,0.34027279218579226,-0.21033287443160834,-0.23281382676681939,-0.026140380008957589,0.972169945328067,7.2451834869940974,-4.1408447263572965,-3.8493663551891735,,0.2601520748347724,0.7901234567901234,False,8
0.73354017372155178,0.66778236625679399,0.12643387541728537,-0.66092557911801086,0.74424461911955631,-0.096318875507915319,-0.15841777805561616,-0.012909617657563047,0.98728777434335635,-0.82760857219975803,-10.232445393387685,-4.3683703266624256,,0.3058921074296994,0.3496503496503496,False,5
-0.92264103596737923,0.36200663030307573,0.13298390265612411,-0.3802803969001613,-0.79658076554535218,-0.4699424472173549,-0.06418986277051171,-0.48415935762906903,0.87262212780659543,10.493604343868164,-5.5530617746077926,-4.4856890924926649,,0.2292585934297588,0.1612903225806452,False,1
0.86545706368161179,0.49994008596810197,0.032310700484654703,-0.4875016575787553,0.85527546895443474,-0.17563031077447019,-0.11543918217645244,0.136248973012562,0.98392581659973399,-2.5024021910343341,-7.2366031115265788,-3.6666621412734286,0.2884366985908666,0.2649892361559312,0.9618717504332756,True,5
0.97324593878663757,0.22729116440646949,0.033631372527273121,-0.22076851638205597,0.96562276741840347,-0.13723677793394271,-0.063667926067862632,0.126140388559635,0.989967169942641,7.5915288316732585,-13.582650717649607,-5.9558137329914436,0.2048211154491363,0.157422506205088,0.3823529411764706,True,4
-0.062493426242383118,-0.90011588000691067,-0.43114495733554881,0.97665172037402148,0.033810889712388291,-0.21215145728304624,0.20553829026960227,-0.43433653576028025,0.87698676440229528,5.802210898743656,-4.738462362189436,-3.8258545610426662,,0.5533497068241088,0.2656826568265683,False,1
0.92201694035114401,0.36815827392399059,0.1197674707373495,-0.37349853732410393,0.92729703528582763,0.024880734853863717,-0.10189997214066743,-0.067673434163055129,0.99249015208530356,4.3770593621865297,-5.6579506518929321,-3.9001379730752173,,0.2520712120099308,0.2077922077922078,False,5
0.93367225865354742,-0.35778143493169412,0.015765729891210351,0.35490038353589504,0.91846138407030675,-0.17456919469864141,0.047977402877390538,0.16858567789072509,0.98451868343026705,-22.414047262465346,-2.2558418852634361,-0.97255314078204058,0.1856427997164535,0.2786587636781602,0.8727272727272727,True,2
0.94518639054281717,-0.32350058141492144,-0.044385368724927758,0.32554371987246933,0.94414536958322248,0.051096061943699089,0.025376634612085065,-0.062744680402141387,0.99770693667880084,4.9887678585670141,-4.9102712618983064,-3.8026414965944526,,0.3447936458242961,0.2676056338028169,False,7
0.21899878982658397,0.9741783956815312,0.054917970117714814,-0.95390171164664517,0.22559862218975588,-0.19793126631152666,-0.20520978186259151,-0.009039637904379845,0.9786762643358965,8.9490663155829999,-3.3895324390533741,-3.927179591189593,0.1759170302933305,0.1434029242203386,0.2222222222222222,True,5
0.83907210678407151,0.54062519557827837,0.060682761332098677,-0.5294881842450484,0.8371716034804273,-0.13706191692403916,-0.12490101025140546,0.082874026280608332,0.98870199423598815,-11.513527070113081,-12.411350918213754,-3.8254644323311173,,0.08051462480971894,0.3,False,1
-0.23581555630782899,-0.91484039717847021,-0.32780797899619218,0.94756834332208129,-0.14160477832568386,-0.28646521863776092,0.21565077819724018,-0.37817341848108893,0.90026640913523581,6.4061836557439582,-8.1535062049786937,-4.5886651733523536,,0.2679917511113051,0.24,False,4
0.20636279554765294,0.96577363878153943,0.15714857698503595,-0.95494905232211014,0.2337933764809105,-0.18279213490398893,-0.21327612168937324,-0.11234738870271743,0.97051087586323292,2.8751126783954755,5.4722653726762083,-1.3577477191270062,,0.4089033416426079,0.4852941176470588,False,2
0.68121857849253775,0.70112308734555073,0.21063633282899996,-0.7141727942054813,0.69970270465279183,-0.01932214062423851,-0.16093001066718793,-0.1372681372082061,0.97737351620250468,9.098404122241412,3.3305727545822248,-2.4575340155266989,,0.1911199370126954,0.2368421052631579,False,1
0.96824888842721435,0.2481087443592116,0.030596421881666329,-0.24010144185374432,0.95704400270671985,-0.16253637901360671,-0.069608818975892203,0.1500294232995554,0.98622805905388133,-24.880118037104925,-10.732901736203447,-2.4813217791553628,0.280743673574435,0.2795239825622769,0.8727272727272727,True,3
-0.056552867434119608,0.99490119509228769,0.083506797261761953,-0.97723355551357072,-0.038028853344387041,-0.20873041055777278,-0.2044904671697049,-0.09340994763540561,0.97440147296659363,12.783437380242011,-12.002435918178392,-6.057392014725866,0.2510255893367599,0.2441762399224729,0.5428571428571428,True,5
0.92642327262393831,0.37564468954454794,0.025119457751560666,-0.36665897339354747,0.91538000028681388,-0.16625478129937279,-0.085446574950327786,0.14481202398935222,0.98576283178935342,-12.129561643742601,-11.298101385449851,-3.4411110356295489,0.2737814716897717,0.2702804687836006,0.48,True,5
0.98722318720843927,0.15692522738266132,0.027655951419363611,-0.15190080237444645,0.9792526346850523,-0.13412838514043884,-0.048130290628766184,0.12821369066243504,0.99057797504825806,9.297345709578325,3.5108000110278268,-2.43236264204391,,0.1404405539980529,0.2142857142857143,False,5
0.8613007041548798,-0.48653800792357865,-0.146430406227886,0.49658296544246178,0.86707121077209393,0.03991082412812258,0.10754745675597759,-0.10709006628054152,0.98841553116558756,5.8435416786226293,-2.5106677450076642,-3.357959984962291,,0.3540452006163826,0.2628571428571428,False,4
0.81598323637766146,0.57711301219642896,0.033345600972257416,-0.56396363257531346,0.80740585402450205,-0.17332284332834078,-0.12695030162663429,0.12262282838251672,0.98430039260196267,-2.2471504927245962,-15.425600564483497,-5.3746731513866468,,0.3098734058948268,0.8402777777777778,False,5
0.90812091673583994,0.38884613063654183,0.15529033220341792,-0.39475028536029394,0.9187544801535058,0.0079004687094069159,-0.1396016217485484,-0.068475483838023571,0.98783728180218233,11.63947876406602,-0.1724003823970387,-3.4449804320140944,,0.5503502354160605,0.1355932203389831,False,5
0.84021066168274239,0.52559291744850234,0.13340962904760778,-0.52819971880074945,0.84893069921584141,-0.017936693890221456,-0.12268292894065391,-0.055396327106354955,0.99089865571089975,5.3782794791852764,5.927982843477718,-1.5581573621872034,,0.3632499678705641,0.3088235294117647,False,11
0.96329901801175455,0.26771374960909988,0.019604850619785029,-0.26391562984617406,0.95790606801596689,-0.11298010967017878,-0.049025934162289592,0.10365960220078289,0.99340381751384899,-16.538634104461014,2.4877423314024174,-0.35891772029126062,,0.3148292920888867,0.9454545454545454,False,2
-0.79006737100938085,0.59334498309511507,0.1540625856662885,-0.61166887208566656,-0.74634765732388375,-0.26234779459450097,-0.040678497855420395,-0.30150772037048651,0.9525955880483693,-0.43075803168727911,7.0689746842176833,-0.7361662954123287,,0.2643795920160972,0.2058823529411765,False,3
0.85936910401381483,-0.50033528909089009,-0.10559044254490693,0.503233764184985,0.86414981412885838,0.00093665643182133662,0.09077731903237099,-0.053941609462414927,0.99440926238541238,-0.83884977237109015,-7.3616404789992247,-3.7879372303146153,,0.224062824292141,0.3424657534246575,False,2
-0.68148375018890961,0.73106906049602327,0.03343541556377326,-0.71856657494845877,-0.65977131814576095,-0.21991790540801015,-0.13871544829362528,-0.17389605095477953,0.9749452230084682,-11.47475761240365,2.4718948537388541,-0.67775520335775763,,0.2602792354855097,0.975,False,2
-0.74855225502051093,0.65121316137832774,0.12486368547881749,-0.66058260097302213,-0.71608156160294556,-0.22551679410634745,-0.057446921548729213,-0.25129388289397714,0.96620455164765351,10.640486222130761,2.5970634841910196,-2.8358153892594471,,0.3477767868421296,0.2397260273972603,False,4
0.31939417634960499,0.94591084984854634,0.056921210921404328,-0.92642291107683272,0.32431958253992504,-0.19119989072448812,-0.1993187144898465,0.0083350176922564953,0.97989926907523806,-21.348269112298574,2.4213963274480514,-0.08290159550122235,0.2474313044329359,0.2083095765277554,0.7209302325581395,True,1
0.24236417467673663,-0.94272862316084793,-0.22917755105270546,0.94642016083059621,0.28169997731494034,-0.15790504093964036,0.21342091276782527,-0.17862772980143163,0.96049135765988769,12.156623830167323,1.2749766079726084,-3.1515372045464232,,0.3653810262208971,0.2857142857142857,False,5
-0.33763519159413419,0.93579256817630696,0.10146303141136696,-0.92389604408184878,-0.30885058398319193,-0.22589248881525764,-0.18005159573606194,-0.17001054708232963,0.96885387791640942,11.262832626716484,-8.1217014761373285,-5.0944942954966841,,0.1451696902380312,0.25,False,4
0.99799143023293091,-0.063116601836107941,0.0054221540268899887,0.063255067912479521,0.99751472907544492,-0.031034845914382408,-0.0034498644925154351,0.031315488982355991,0.99950359608396577,10.215930158451869,1.7567292963996146,-2.9092069611049456,,0.1581794447186928,0.3333333333333333,False,1
0.82264818404914319,-0.56821032552427786,-0.019672093133221519,0.55908745047712216,0.81475777902143487,-0.15359356836486013,0.10330144238895891,0.11535504970157871,0.9879382695840403,-23.146837805793464,5.0358933182493741,0.45566827096357049,,0.1323928487286655,0.6666666666666666,False,1
0.57397736986355008,0.81751722469420618,0.047069801495284197,-0.79987653989431584,0.57204513084623732,-0.18155409442314879,-0.17534965015995857,0.066557911651397281,0.98225380863877865,12.985867483552378,4.3050825856142101,-2.6162028442205263,0.2885748954397221,0.2616913640204266,0.8448275862068966,True,5
0.57294024983506942,0.81687124611112172,0.066789500640375116,-0.80034481164439664,0.5751800681257806,-0.16916285557035465,-0.17660026215388913,0.043465578423448455,0.98332247553866692,11.44520825611264,8.1890579758982209,-1.708486846718166,0.3223741978116346,0.3364185728147357,0.9905660377358491,True,5
-0.54626014400044309,-0.8228437592010861,-0.15661418524654602,0.8168518418924392,-0.48195043955399713,-0.31698082309603098,0.18534541665102858,-0.30108457575494185,0.9354117568049497,-6.0178641259751018,-12.266769661426043,-4.2956705510319919,,0.2648999203069312,0.2142857142857143,False,4
0.99291142530370502,0.11716642809535494,0.0199732227930156,-0.11197112887431336,0.97845450255404443,-0.1734625398474485,-0.039866875974614926,0.16999651337333876,0.98463791194577277,-0.079823756672825374,-3.8184288092466616,-3.1178532699340851,0.2632365078605455,0.235059913276766,0.8991121872477804,True,5
0.95810597750881199,0.2679488892413156,0.10117474297584655,-0.27618840279156903,0.9578826413578897,0.078618137529924165,-0.075847887415045306,-0.10326779817337685,0.9917574601862581,7.7918600338874535,1.8500284827730333,-2.5729765805948284,,0.6828815377958642,0.46,False,8
0.97879960976480151,-0.20384901496383639,0.019922425117076165,0.20453935496915335,0.96773037831775088,-0.14717869122187652,0.010722695233690988,0.14813336551653492,0.98890926268675894,-31.547237357749708,-16.267943699562544,-3.1796699503189441,0.2730313428053689,0.2807733076089367,0.5,True,2
0.6402854588576492,0.7665019844130907,0.050092305459455352,-0.74966504589710803,0.6377732272208515,-0.17676999066693014,-0.16744207994269497,0.075630804115083175,0.98297666876349088,-4.0981661579099598,-0.99039605371163097,-2.0038811226211073,,0.1715425156440944,0.8806941431670282,False,5
-0.76921478918060393,-0.63851003481509261,-0.024769811187576291,0.61824243318025751,-0.73388138083277388,-0.2814150185799188,0.16150821007364827,-0.23178234252723068,0.95926640917494654,15.628976916949348,-16.624393512767128,-7.1239461624740308,,0.2054739531505113,0.9056603773584906,False,5
0.021709477865533233,0.98373015218268745,0.17833588045435902,-0.98272680533727452,0.053788089380308754,-0.17707305699176534,-0.18378445157955819,-0.17141128646457737,0.9679057011042751,9.0628931341249324,-10.377927844662102,-5.4610464939333383,,0.213172828345845,0.4390243902439024,False,4
-0.85578475271414978,-0.51733191734468065,0.00037989269176476326,0.50329444927795075,-0.8327330396213477,-0.23076044299011564,0.11969609161532759,-0.19729007075741731,0.9730105208231552,5.4270871199166901,-9.2113804058222772,-4.584302870755895,,0.2021522107373586,0.1311475409836066,False,1
0.88690778641647927,-0.45571062589711403,-0.075646571887174593,0.45489421978817068,0.89008291192446087,-0.028699454757608572,0.080410367472935132,-0.0089574184078356489,0.99672159475870437,4.6355002347033709,-1.7019004449665638,-3.0937099994317148,,0.1776987361385233,0.2956521739130435,False,1
0.35582887963510629,0.93340587522792517,0.046252356779049202,-0.91350361058817997,0.35783328870071651,-0.19356262795278606,-0.1972231270920935,0.026623478127792595,0.97999705537945137,-7.0119003822807056,-10.275872781964679,-3.7360539397251014,,0.4211702755654325,0.25,False,1
0.8703591093756643,0.44889971519029759,0.20239581623361094,-0.47884371812745152,0.86741015356042972,0.13530823740685274,-0.11482035680434756,-0.21468272217936213,0.9699111374043401,10.500115850268374,-13.40175839156597,-6.1541487951921265,,0.1861661479531341,0.3636363636363636,False,1
0.15753666242878411,0.97624664216721002,0.14874371801204042,-0.96557229091033414,0.18385384212522118,-0.1840323769393914,-0.20700809408563534,-0.11463096611753906,0.97160042743403074,12.411576869238356,-4.4448723150035523,-4.4372717717867518,,0.1956861734352301,0.1851851851851852,False,2
-0.57905500477268879,0.80921256262592356,0.099349534151328092,-0.80331145801744053,-0.5454856518439315,-0.23903159843479649,-0.13923362692106425,-0.2182210625049415,0.96591592026098172,6.9180548966893367,-15.185671380546173,-6.2364076406098707,,0.1682957555996704,0.3548387096774194,False,2
0.7638862138908179,0.6211193767828076,0.17518154015902399,-0.6289716325081226,0.77731333112256606,-0.013366778190978729,-0.14447331147176726,-0.099973521714883551,0.98444540591558716,16.464274515724636,2.8625058935996015,-3.5942177811534792,,0.3033889674544383,0.25,False,1
-0.26618993003322239,-0.94442578165042401,-0.19288043991782328,0.94162416762466439,-0.21198458515465141,-0.26154629150872588,0.20612338075547179,-0.25124187272585607,0.94572230242029232,8.0389623713202401,-1.8769399082871099,-3.4582595692634182,,0.4405629168681774,0.2021276595744681,False,4
-0.99991141597458444,-0.0073972839946431172,0.011065278722371466,0.0026673427286924914,-0.92584126614592865,-0.37790320875069394,0.013040149020193768,-0.37784021767250442,0.92577898249135326,13.249817544005664,1.171388054397573,-3.2207650175014599,,0.2154078664081759,0.3157894736842105,False,2
0.97023859596614792,-0.23945802588635762,-0.036012785732945321,0.24124748570668292,0.96870394795008363,0.058414996928238483,0.020897787869590949,-0.065364478614387489,0.99764260504332303,-1.8936357380798643,4.8561434268111263,-0.93644988712655386,,0.4763342370850054,0.185929648241206,False,4
0.12371922911644699,0.98991134195405517,0.069058579608561807,-0.97109547559210241,0.13509553472044444,-0.19678103003883157,-0.20412527925609411,-0.04271687686754682,0.97801234082157817,20.048147058817232,3.0438177874580017,-4.0241399430424929,0.3178966167813514,0.3009220626980348,0.8666666666666667,True,2
0.75714405547979258,0.65207214380323908,0.039176504788725211,-0.63690095849107864,0.75020084956258248,-0.1776396757166735,-0.14522413134447762,0.10954727103596794,0.98331548705581484,6.9826838456367932,-15.862470488497165,-6.3741292130109573,,0.07581698903068487,0.55,True,3
0.52017576386679942,-0.85372102146326501,-0.024033147886013399,0.83515414073154792,0.51434792118161077,-0.19484295521035641,0.17870292640172786,0.081281200088793942,0.98053996889855766,-16.046236037245457,-14.295525379366968,-3.737346151583278,0.2361326221871566,0.1865798586196268,0.5925925925925926,True,4
0.33602681206834195,0.88674269736345879,0.31744821663346201,-0.92071842490032507,0.38026570215557276,-0.087610375031696261,-0.19840252926878818,-0.26284098698016545,0.94421981124261589,-2.8282256794300249,2.3878813095996443,-1.4112866393060668,,0.346916960595679,0.3529411764705883,False,1
0.72648611015517128,0.68409777467151212,0.065024352677231875,-0.67005734414794926,0.72619674705759441,-0.15382275552194535,-0.15245027814013443,0.068180050252642357,0.98595658801112662,9.6476575015884549,23.323532821290001,1.7280879035369532,,0.2768649058705725,0.9318181818181818,False,1
0.81021829482292418,0.57570265759253347,0.11005800641083402,-0.57082213847337371,0.81765619538453604,-0.074836036626541841,-0.13307291596308177,-0.0021900205886859619,0.99110383050763318,14.088934138673229,5.486509762979134,-2.4989650666026026,,0.2372841011900547,0.3548387096774194,False,1
-0.98613264137702039,0.14653014388747487,0.077918743207888289,-0.16497492983696693,-0.81446715731429831,-0.55626119960109899,-0.018046776334536899,-0.56140196525188768,0.82734644936401913,3.092668939764192,10.91736564002359,-0.34159528680974394,,0.2213995173089124,0.2325581395348837,False,1
0.9119853468497735,-0.40667519461201895,-0.053833198108365891,0.40430983884068833,0.91326759611740038,-0.049757935031119846,0.069399433340011946,0.023613215986411955,0.99730944780587749,-1.1278197237996852,0.52027532413269717,-2.1438351164969944,,0.8922956574406322,0.2800340812269242,False,1
0.48827186452450755,0.87085872621910509,0.056530215653213672,-0.85256971641748736,0.48984177505087334,-0.18215354529301619,-0.18632086560974892,0.040744501261490554,0.981643734078401,-15.354203142584216,-20.068592391368892,-4.9547604207681539,0.3905235668055758,0.3307611612598898,0.9565217391304348,True,2
0.99828504270101037,-0.056670754524356048,0.014676481222765821,0.056413474571216114,0.99825606573503856,0.017388131297105786,-0.015636284924647921,-0.016530360094166655,0.99974109337813688,-3.4904189540739643,4.0926745353681477,-0.9672508345217472,,0.2823892404541288,0.3131313131313131,False,2
0.053612734657103291,-0.94344356756364223,-0.32716954244760427,0.98338905368070084,0.10678237663329182,-0.14677701843790847,0.17341177521599663,-0.31386582939742502,0.93349697233204987,7.186148338351309,5.0206871902288048,-1.9833836349868963,,0.3850747758532389,0.2054794520547945,False,2
0.99940628358829509,0.028409174151315681,0.019493566843239357,-0.026323450532335039,0.99464052352225496,-0.099986523689173823,-0.022229626094546023,0.099414022106613459,0.99479781661013011,4.1093786198002746,4.7612649670917824,-1.6334819850898035,,0.082007836147215,0.1363636363636364,False,1
-0.8461393872702383,0.53254146629493382,0.021159489275205778,-0.52431247149817806,-0.82462795932908539,-0.21233266570224243,-0.095627242673925528,-0.190757215772274,0.97696832860097993,16.523436037992116,0.30302779312096234,-4.0687190936809126,,0.08768761300579633,0.3181818181818182,False,1
0.67716005397254964,-0.72925354472892745,-0.098201470478744571,0.72240808344523055,0.68423513111130896,-0.099743903703827297,0.13993149136946392,-0.0033989488645368021,0.99015535390651399,1.8975069254433696,11.446016832428354,-0.11439405494925102,,0.1463192750618638,0.25,False,1
0.84458459617263193,-0.52929563869496687,-0.080765009542489996,0.52516942176274495,0.84831091968777028,-0.067569682431343148,0.10427817774249507,0.014652999589696906,0.99444022004830845,-8.8037911047139872,13.071570790034754,1.3655146829604696,,0.2913528943442024,0.859375,False,2
0.7218968235808717,0.6777778828489549,0.13957835657663106,-0.67228410591576104,0.73471890563904307,-0.090676406135278428,-0.16400931996959969,-0.028377301093525254,0.98605054218622812,10.955711403303015,-4.3654743982016067,-4.2896143724029532,,0.2218744169357458,0.4,False,2
-0.028532638331712289,-0.99081867179668259,-0.13215236724663082,0.97828071991307464,-0.0005247077250222984,-0.20728376137111787,0.2053112797587773,-0.13519646556349013,0.96931377484432357,13.090896270338156,-6.4558142741958386,-4.9940425225785541,,0.08511339913688537,0.3076923076923077,False,1
-0.33048318729222664,-0.94379584020161711,-0.0055022663780138481,0.92265544163328961,-0.32184215792039761,-0.21242542552533963,0.19871537167932107,-0.075279727704512106,0.97716178990742586,7.0207984620014869,25.139996183611164,2.2524450478064328,,0.2552803906593619,1.0,False,1
-0.88916601409401075,0.44280600606974102,0.11535441200376383,-0.45062932903666181,-0.80358215555132928,-0.38883020341975372,-0.079479602365245428,-0.39771668341678057,0.91405931565726017,8.5045950651931221,11.361003571786362,-0.77112328743809233,,0.2861141672024498,0.2068965517241379,False,1
-0.72005800213664672,0.66698509219394431,0.19143500293837507,-0.68150366329583056,-0.62779477638231262,-0.37606711590013364,-0.13064926510831679,-0.4012537919298918,0.90660143612755173,13.691210316467371,-4.4388502047244884,-4.6805104941134621,,0.3678658134337764,0.1851851851851852,False,1
0.056018246955970477,-0.99748256346752173,-0.04347978364988745,0.97742568843584554,0.063673254047563993,-0.20145654693930251,0.20371789217860301,-0.03121301486968997,0.97853194536972143,1.1372292169765863,8.2163772137712936,-0.72334606177353755,,0.1310393933298697,0.2413793103448276,False,1
0.95526430525313188,-0.29008362772074897,-0.057633289318086471,0.29227635098784194,0.95572916663352736,0.034004333535833348,0.045217715140022909,-0.049327973548020473,0.99775854256586671,13.308671067192687,-4.3324580530767713,-4.5675817818040532,,0.1528287363552083,0.3076923076923077,False,1
0.30242896055237711,0.95228829237197754,0.041033303918562421,-0.93191355042059898,0.30445101190186041,-0.19709570237427304,-0.20018456074753471,0.021367956458157096,0.97952516663693756,23.100663723726619,-5.931130632530639,-5.9153324089267221,,0.3151261474911418,0.9830508474576272,True,1
-0.16905452190713471,-0.96685413583474156,-0.19134693266944436,0.96411620840586731,-0.12190172532307569,-0.23583872890674951,0.20469612920581554,-0.2243502827778745,0.95276778141667007,9.2812883846783372,-13.444969202895086,-6.0707130537717831,,0.1064217094873649,0.3076923076923077,False,1
