axis_00,axis_01,axis_02,axis_10,axis_11,axis_12,axis_20,axis_21,axis_22,location_x,location_y,location_z,dbh,dbh_approximation,score,reconstructed,number_clusters
0.4313418919866282,-0.88443303602242906,-0.17810776796519695,0.89929407081412749,0.43729737376762456,0.0064172497608902257,0.072210431489855745,-0.16293928835025323,0.98399006188881921,-12.25043850454224,14.132705387974543,-1.2100280125838463,,0.294930305335134,0.3050847457627119,False,3
-0.44835123175180147,0.89379469045041315,0.010593597561412087,-0.88450802146978469,-0.44192080788755961,-0.1495043795733598,-0.12894468946897725,-0.076400594753296414,0.98870431180363183,12.844348899296717,-14.670301674024746,-6.3698263776428705,0.3026951800185457,0.3588074008302408,1.0,True,5
0.39047061263198801,0.92025081522399732,0.025906326454518184,-0.91220630910259759,0.39054551267735738,-0.1239106620150022,-0.12414648728101775,0.024751557671150084,0.99195514519994099,2.2228210591116091,15.359172275585031,-1.3370325565216377,,0.2470237268705135,0.9866666666666667,True,5
-0.56971548312082909,0.82146180536600122,0.024995411923625845,-0.81340811896458609,-0.55926212104653139,-0.15997847344261917,-0.11743721852503201,-0.11147368428183589,0.98680399138721553,17.00836520483135,-10.300178581311316,-5.9957574901880033,0.2607823586982417,0.2525201429751039,1.0,True,4
-0.76074203169602428,0.64905258842851676,0.0015161349703560513,-0.6420783766247361,-0.75222202852416209,-0.14797762693711175,-0.094904791670124111,-0.11354627804220488,0.98898954658824079,9.8866162522698833,-3.6850266116444308,-4.5341445143530104,,0.2127041329117565,0.95,True,2
0.97057896962819157,0.21680313277892338,0.10475144549228918,-0.23932936737561006,0.91637383666210237,0.32090566432017154,-0.026418130650555361,-0.33653438620507242,0.9413005307947655,11.04436151399546,-15.026757745528137,-6.2879403061121097,,0.2110678441322595,0.2121212121212121,False,2
-0.077753455687202114,0.99681328351574205,0.017823521965730858,-0.98721315608859772,-0.074484666625321813,-0.14093338455917628,-0.13915669072771272,-0.028553673043572939,0.98985862787644219,16.570223382614206,4.4196190372778048,-3.6289706754055642,,0.219844890760138,0.8518518518518519,True,5
0.65546039901824327,0.75519516711562251,0.0072058923148391324,-0.74851943956906408,0.65087621710772969,-0.12680220262577063,-0.100450554533366,0.077720071852381306,0.99190184823156835,4.7279804771329523,12.258615641359343,-1.8481711720614087,0.1496139647728383,0.1715161865520996,0.9726027397260274,True,5
0.6051911039714466,0.73656094030041053,0.30202931794379895,-0.78890190757796441,0.60572922066225832,0.10356587978548898,-0.10666540157741169,-0.30094865419148881,0.9476562666107694,-14.04821733725171,-7.6697998922760249,-4.1459051343173012,,0.5773203056752305,0.3278688524590164,False,1
-0.09211803949632684,0.99527353917936456,0.03073839632668543,-0.98578977226753617,-0.086798435514413505,-0.143821265760564,-0.14047345547139409,-0.043550129754495841,0.98912617724246632,-1.4401654648320754,-0.1710436932583097,-3.4508219288082844,,0.2597580649388892,0.9441674975074775,False,4
0.10995237723692519,0.99388005169075666,0.010626268918464486,-0.98445800052904375,0.1103705555492045,-0.13660448624447649,-0.13694130105379568,0.0045588725512535483,0.99056867341278065,2.552106705444551,-2.9606252536206132,-3.9864503778127163,,0.130391283433688,0.7631027253668763,True,5
0.26616332182833474,0.96224931293521232,0.056862517258898577,-0.95550438331549914,0.27115955894261529,-0.1161200545078873,-0.12715525776850373,-0.023425485048524215,0.99160616530559531,6.4384261964146106,15.429666369123096,-1.4297194953695327,0.2128924847819784,0.1086016260644756,0.4375,True,5
-0.88715470108825811,0.46143858966991147,0.0055645575248026609,-0.4562128272907337,-0.87516488714226104,-0.1611095171883685,-0.069472243035610559,-0.14546768808473276,0.98692084746999098,-7.4116665933833366,14.515068514870414,-1.2367134271300988,,0.1975803814239741,0.7419354838709677,True,5
0.19616776257686669,0.9801819412447843,0.027596575570048239,-0.97140800694385632,0.19809611144258776,-0.13086028685851134,-0.13373366431438297,-0.0011369647897749614,0.99101665694382568,3.0318769166469628,13.529936737274822,-1.6066065457135101,0.1057775055024879,0.1592444209064145,0.9375,True,5
0.42612278109777779,0.90432988270195525,0.02463409591935219,-0.89625974449432044,0.42571030189073616,-0.12445565179241369,-0.12303595339766159,0.030954839950592759,0.99191932739268807,-0.76030445958023463,-6.2195770540540751,-4.3634536635582064,,0.3320765143756931,0.9968253968253968,True,5
0.24172195176414385,0.96920340934272253,0.047066435532935789,-0.96191032328154313,0.24572035544452717,-0.11979163946041038,-0.12766764664444388,-0.016317421323799135,0.99168276871266225,-13.404725099724214,-2.7477484723390768,-3.4873664166296043,,0.09724409746612014,0.2105263157894737,False,5
-0.44338809658987249,0.89558549101484708,0.036518818246285195,-0.88584158770713928,-0.43162158162558723,-0.17025713425146463,-0.13671750908681973,-0.10783987462308103,0.9847227448121495,3.1373299023962589,-1.4015805891989468,-3.7930667987708073,,0.1269881240697978,0.4658227848101266,False,5
0.53589627969664333,0.83354548817285123,0.13422777862268342,-0.83617619727016301,0.54597948263728591,-0.052113066096052971,-0.11672422424718337,-0.084310875252276651,0.98957927008809621,11.056091384020569,2.2396972033902314,-3.668178578407483,,0.2663680336123945,0.3692307692307693,False,4
-0.95240051750831278,0.30460153846553678,0.012294592889760269,-0.30196376967633864,-0.93708121749284456,-0.17520466210972363,-0.041846577551240959,-0.17057753247879787,0.9844552652917713,-12.060481262583359,-19.284254375249155,-5.7115578462726093,,0.117717800260055,0.45,True,2
-0.25326565366275183,0.96227088164632901,0.099454808885123869,-0.95975201035106816,-0.23703388797215894,-0.15063536961778487,-0.12137786990165754,-0.13360271811755736,0.98357395573985107,-6.6783995421286022,-5.4018560380497043,-4.0589631034699494,0.2334606653576578,0.1733795046925503,0.6027397260273972,True,6
-0.98164225918681081,0.19049714261276096,0.0094505891344744755,-0.18871351600572991,-0.96287513160702065,-0.19302510150112268,-0.02767099303188101,-0.19126505062121762,0.98114830507701223,-15.572281129313369,13.738879324795001,-1.1816006928009486,,0.2495029858220899,0.8958333333333334,True,5
-0.98772046253788626,-0.15584426416781499,-0.010993325699535338,0.15565616487614894,-0.97561034218355858,-0.15477602708600796,0.013395753804577713,-0.15458662798079228,0.98788841891659795,-16.795185799795462,-12.702127614036215,-4.746308546570785,0.3571983106203251,0.268996434426879,0.9692307692307692,True,5
-0.17145084722058418,0.98479907763946573,0.027845711838688714,-0.97549949391333801,-0.16574107492683476,-0.14467423218016628,-0.1378598721969784,-0.051967997484574459,0.98908744955907624,4.4126705542442437,1.2868264586372462,-3.447139053817446,,0.2660581826506028,0.986322188449848,True,5
-0.30432343242084647,0.95241061072861533,0.017357334217605422,-0.94307997418009692,-0.29867644795426401,-0.14626189434672773,-0.13411715319102172,-0.060880276025745986,0.98909361599950041,-8.5537107151136347,-16.270815747898311,-5.4546489671316278,,0.2571801123638552,0.9809523809523809,True,5
-0.45070828268536761,0.89032197102946242,0.064721185256598757,-0.88197851056219689,-0.43294922461778335,-0.18619579965549282,-0.13775322437349699,-0.14100268368039098,0.98037864744680792,8.9806814837386693,14.543049367349019,-1.6301707854193355,0.2451388867701708,0.1861304543653057,0.9423076923076923,True,6
0.95872740740731566,0.28185214318672991,0.037431639919916243,-0.28209765943751464,0.95938476047574917,0.0013386212180401813,-0.035534051639563483,-0.011842750860188276,0.99929829401742742,1.8843330494772925,-15.969851840002294,-5.908866339294498,,0.1261042347833634,0.3846153846153846,False,2
0.041055488924239991,0.99843979669007821,0.037847314497420202,-0.99097980621440829,0.045526508490574658,-0.12604110718297815,-0.12756751351517731,-0.032331245106439532,0.99130278930578153,13.014166897528064,14.954108449240294,-1.7706539297531041,0.1659444381819648,0.2186214721349008,0.9122807017543859,True,5
-0.69324491771753927,0.72065259681380045,0.0084450437731203795,-0.71308664987622516,-0.68417358107593307,-0.15301614531165406,-0.10449360663268245,-0.11209971303826502,0.9881876039040538,-18.866269375437753,6.6090043045132987,-2.1314428584344247,,0.2313212874504909,0.9285714285714286,True,2
-0.95796930182505391,0.28686966437784678,0.00078257303857390617,-0.28308969937721062,-0.94489804612326822,-0.16440165613202068,-0.046422396182657685,-0.15771327810990504,0.98639316858973081,1.5180468007524757,-16.842681468722429,-5.9877744748970461,0.2249105108512205,0.2346421216967409,0.9888888888888889,True,5
-0.99449292520165378,-0.10404206864080551,-0.012612282775144125,0.10449593015127454,-0.97514960046858645,-0.19535571987473757,0.0080263507074027803,-0.19559781353302214,0.98065135141671211,-17.989288440776317,-18.354013501437368,-5.4762923618165251,,0.1487233879288044,0.5,False,1
0.51563544615089785,0.85579970310852549,0.041556646064436861,-0.84912249154232666,0.51689053143184804,-0.10869762128516783,-0.11450362889322149,0.020761663600541533,0.99320585595073008,11.928252050502886,16.392120914335557,-1.5430625285766753,0.237718572519654,0.2247746642431919,0.8208955223880597,True,5
-0.61202824337641692,0.78962251636910263,0.043791676749185222,-0.78224603303980356,-0.59631238005308695,-0.18028502208701364,-0.11624359381518481,-0.1445953907922049,0.98263909949613837,1.6003121350942378,16.363991730669561,-1.181804816642428,,0.1017723533433693,0.2,False,5
-0.21946787635044793,0.97492522705526152,0.0368056096468065,-0.96605553085360751,-0.21189223963215456,-0.14777817866933565,-0.13627385133392625,-0.067988825809232392,0.98833544761265313,-4.7393483617622776,13.403178301325665,-1.4217696652674152,,0.2285118598339642,0.9081632653061225,True,5
-0.49189359392669291,0.87025950233905602,0.026250539850853336,-0.86194697127477837,-0.48249858783152716,-0.15570013311111605,-0.1228336719475526,-0.099214471369662202,0.98745550669724902,-18.463370431513564,-7.7498521987942128,-4.0552259758890763,,0.2664191636287453,0.7846153846153846,True,4
-0.75811328836211622,0.65198052666358253,0.013624788448184027,-0.6445943252647639,-0.74603199317867852,-0.16713593566409926,-0.098804847276053459,-0.13549043510642164,0.98583971524250869,12.732604214810982,-19.508408467476574,-7.0123784220839118,0.1786108690804701,0.2375823745236081,0.9830508474576272,True,3
-0.50846064458623275,0.86053185959184264,0.030865701585409997,-0.85212015177728984,-0.49768451438629252,-0.16186837577220095,-0.12393151270763615,-0.10860498500293184,0.98632952779003424,13.924631526868838,15.65552610526453,-1.7009217980809102,0.2006863490231567,0.2219403522665798,0.7254901960784313,True,5
0.046591213776747409,0.9933448795614348,0.10533379822207881,-0.98740276215021672,0.06175991950773875,-0.1456760022808205,-0.1512119178402728,-0.097219661547846531,0.98370894745935433,4.9081030408416719,-19.130762783100213,-6.4970432697021314,,0.2985427620098065,0.2105263157894737,False,3
-0.33995690364596026,0.93994962734212306,0.030397396646038983,-0.93078055169715124,-0.33166798076543341,-0.15376578005957184,-0.1344502444988476,-0.080567044096114995,0.98763965248455721,4.0993986898178285,-14.646601915674481,-5.8088476404750242,0.2996197495496329,0.2478179361766208,1.0,True,5
-0.52854784414344791,0.84875225677584953,0.016024452228302753,-0.84058043388648584,-0.52063558888403105,-0.14954302977600437,-0.1185820838850553,-0.092510487001646491,0.98862535835178611,-14.083764165423469,-15.477434755659315,-5.1688364900214756,0.3277239259730439,0.2779209541346271,0.9875,True,5
0.59280556157086439,0.8046523948759543,0.033407927068950752,-0.79814736591771496,0.59253520663042802,-0.10891653309782766,-0.10743532216764813,0.037901877576555165,0.99348935536668281,-0.95805633933855017,13.009167420320621,-1.5834864898476788,,0.1166444612179621,0.5652173913043478,True,5
-0.63282538146419465,0.77422951306216037,0.010034823278347236,-0.76637979092300912,-0.62445581362087155,-0.1507214414073248,-0.11042668445399795,-0.1030708394194326,0.98852534080916332,-13.581937227259745,-8.1875923067485488,-4.2219452009259602,,0.2925400738701502,0.9829059829059829,True,5
-0.23796169437070389,0.97115897219596314,0.014982747929030493,-0.96167933557631868,-0.23341989633309709,-0.14383326291695345,-0.13618769231364097,-0.048635406024082672,0.98948850915165198,11.928313509071382,-5.9463050158038655,-4.9894242034581833,0.2654337369672737,0.3236234560816673,0.9900990099009901,True,4
0.59550240713524072,0.8013277238441171,0.057015454877960087,-0.79501630817115621,0.59803450562403193,-0.10150763431843932,-0.11543809093206611,0.015119824133459435,0.99319959629479027,2.2787465127127398,-16.713599230974861,-5.9867769328161726,,0.1115893780016813,0.28,False,3
-0.91028045520146927,0.40394706077193304,0.090643615174612002,-0.41045918803291592,-0.85207042322334814,-0.32480647904151294,-0.053969878984173686,-0.33287049427923415,0.94142683528818816,3.4269353808011362,-3.686617544196849,-4.1660478504924798,,0.1857172221973692,0.2075471698113208,False,5
0.7779565176177341,0.62829196302358958,0.0057328785137063867,-0.62364842056823022,0.77325289248275741,-0.11464123075840481,-0.076461128809614143,0.085610592025837137,0.99339041786910054,-9.348690975043688,11.23135331921922,-1.6321721321540619,,0.1734746081944717,0.9850746268656716,True,5
-0.49487282675541833,0.86885836770617353,0.013638995786517488,-0.86010785744513329,-0.48753281434278772,-0.1500874028696027,-0.12375523786993166,-0.086005184762104364,0.98857865104087317,3.4073434773440803,-7.9273193559093693,-4.7831556528484809,,0.2671912396255475,0.9865771812080537,True,5
-0.62122493029376458,0.77968188954392736,0.0785858581343927,-0.77544764463575466,-0.59718135299561537,-0.20507408920482167,-0.11296254428069716,-0.18833635536331694,0.97558642919943028,2.4854985325825107,-17.413740329934996,-6.1270316794268691,,0.09563478029816075,0.375,False,1
-0.53236583456534781,0.84535475137284644,0.044294046088540956,-0.83780462661305533,-0.51867982068528085,-0.17045424969663822,-0.12111988199011668,-0.12785377563935252,0.98436953744082445,-13.784579468608547,19.540751527135594,-0.40631889154105377,,0.2510045800253828,0.8666666666666667,False,1
-0.4073246435033861,0.91254499675740153,0.036718710324224982,-0.90415697415522334,-0.39725851884320756,-0.15711726605619369,-0.12878975456654662,-0.097197212406199121,0.98689710761515281,-12.505300739622228,-4.470574395007648,-3.7805519196092554,,0.3288031854429719,0.9757575757575757,True,5
-0.8218156851252576,0.5695756496969252,0.014232320767518531,-0.56303208884588329,-0.80804171726540341,-0.17338814863946231,-0.087257358497411064,-0.15050635345760027,0.98475072528886787,1.3711706383735438,18.339239922363955,-0.86893802174737622,,0.1657435260439738,0.8666666666666667,True,5
-0.59829052398819915,0.80060225599492918,0.032931392344622779,-0.79274612116412169,-0.5854370104396357,-0.16975598424427138,-0.11662776807075266,-0.1276696303093712,0.98493574877324019,11.304616143677761,13.716869863677861,-1.8221947228020796,0.142589842099856,0.1204648273786717,0.5714285714285714,True,5
-0.56993401296455959,0.81931927973220853,0.062378992659459238,-0.81477666256802961,-0.55368038099623984,-0.17197972506770276,-0.10636828004916241,-0.1488420423098073,0.98312350975878371,-18.120868604312651,7.714860081258105,-1.9714965260723381,,0.1995961709902084,0.9333333333333333,True,3
-0.80007724498232091,-0.59895724163615705,-0.033565231313166299,0.59475831456988693,-0.78467349041242063,-0.1747857565534944,0.078351447411567327,-0.15980530696943757,0.98403420395478003,-18.620861945054905,-15.942810722735594,-5.0994906006784761,0.3417478302163824,0.2193740084294822,0.8518518518518519,True,3
0.92059955866465037,-0.38526386421612102,-0.063782501642022052,0.3840225345726111,0.92279681429266147,-0.031188659345091685,0.070874152741884619,0.0042183480864824534,0.99747634559048215,-6.8958236165013762,-3.2930461754273161,-3.7617874804527669,,0.1743364104855205,0.5670103092783505,True,5
0.80271615539100594,-0.5942204744333266,-0.050485657750635571,0.58927791326209289,0.80334347570562781,-0.085969767841228256,0.091642320004217986,0.039259238472409329,0.99501778746855141,6.0126084259273238,-27.44566743264712,-7.6847649107985694,,0.1871193703319057,0.5151515151515151,False,2
-0.76107344399950028,-0.63629315138494902,-0.12608821649682886,0.64228671788039715,-0.7120217324010103,-0.28371257396014793,0.09074681742721212,-0.29691089250695379,0.95058347189374059,-5.3786227053748963,16.901011214701626,-0.90932505547554099,,0.2930645295518546,0.5,False,5
0.046569407505755521,0.99878078746225751,0.016377694612998268,-0.98924219724247253,0.048388397195960449,-0.13805230244980296,-0.13867647774387978,-0.0097724926748359239,0.99028951974029944,18.558011909147279,-17.1289428591671,-7.0583413345831412,0.306628881860768,0.3169160728521339,0.9795918367346939,True,2
-0.29787225468450756,0.95419598919552506,0.027966660371628614,-0.94457929882210734,-0.29038215721323035,-0.15312789102226898,-0.13799300027865519,-0.072029278598115809,0.98781056630243202,-3.0746743454040031,13.474164648211238,-1.4612391169771206,0.2009247373772091,0.1768169105678377,0.5121951219512195,True,5
-0.37719673338479281,0.9259394544984243,0.018940721396023458,-0.91685393151339933,-0.37045158031092484,-0.14881026481248349,-0.13077267525085121,-0.073496620659038808,0.98868435517076803,-9.2827290471235866,-11.840949921873158,-4.8499830222345164,0.3205171185096209,0.2577612804050377,1.0,True,5
0.43054930619247722,0.90214239796661944,0.027683726776138486,-0.89379244211897246,0.43042951223482395,-0.12595834791032048,-0.12554825904082559,0.029487773539739921,0.99164918487511966,-5.8611852677143021,10.75966378752571,-1.7791558388812041,,0.2798178473836831,0.975,True,5
0.98251353137597242,0.18618636657858167,0.0013407324055610507,-0.18524574014170844,0.97822386404797568,-0.093606023130991742,-0.018739701771052279,0.091720819377691443,0.99560841442317005,-1.9366157978845626,13.797996590090431,-1.4481260747040137,0.1768872806031209,0.1843171562855996,0.7073170731707317,True,5
-0.023382222496580972,0.9992658856703488,0.030347345956042084,-0.98999029582517017,-0.018917625058546075,-0.13986185196163586,-0.13918507765962074,-0.033313858941881706,0.98970586588101428,-8.5145141329649849,13.949529279205198,-1.2739014925511309,,0.213444214706348,0.5238095238095238,True,5
-0.24015839553487481,-0.96993866060268119,-0.039280271414459861,0.96299237025075102,-0.23294795443741273,-0.13557634514275599,0.12235047974142661,-0.070386399195470142,0.98998793675243402,-6.1435812334013056,14.031509034440841,-1.3026433122248566,,0.2210319142325798,0.9655172413793104,True,4
-0.98063022603902039,-0.18261734287307441,-0.070818541785596975,0.19585833807594838,-0.91061053740769482,-0.36390652724044037,0.001967532665005562,-0.37072814196395698,0.92873934641058753,-13.333879949925281,-3.9383745703973543,-3.669579144563615,,0.3373265289848252,0.1454545454545454,False,5
0.99942465505702316,-0.033227413507709906,-0.0068042527686954235,0.032106249040083482,0.99150803941787502,-0.12601982598900952,0.010933784190699319,0.12572886208548831,0.99200438789451051,5.7721866001161422,13.05547181332614,-1.736188594245331,0.1899108732665966,0.1998287326532637,1.0,True,5
0.53151760079599164,0.80003477860458672,0.27826856284385193,-0.84136001953392925,0.53665163627111911,0.064174284704986595,-0.097991619916904235,-0.26823380530917518,0.95835706712864643,10.241497249595666,2.8213887365842196,-3.5017862275209461,,0.5135778664747422,0.3974358974358974,False,5
0.68733244554080231,0.72526330796598582,0.039588425393504365,-0.72010294896472926,0.68754367125721072,-0.09346359187650996,-0.095004485153082546,0.035732817302776346,0.99483531982354056,-6.8684274936175633,-20.373254113471262,-6.1023962086853354,0.145605634504948,0.1781026681960286,0.6896551724137931,True,3
-0.79210543641009201,0.61038414878879144,-0.00041050817467826184,-0.6037278710817886,-0.78356617455042499,-0.14675390209280814,-0.089897915930406608,-0.11599672843574743,0.98917294933877709,21.728572316868231,-12.149102833982216,-6.7440538197681228,0.3125978441299515,0.2892867841732329,0.9122807017543859,True,3
0.99846580911388316,0.053699230891303386,-0.013506318234080598,-0.052698845850565453,0.99643497498056977,0.065879983921439206,0.016995872339368438,-0.065067144067903079,0.99773614101438191,1.9772708409499122,-16.300204063617787,-5.9474003262248321,0.5682319093654941,0.2373620068825784,0.225,True,3
0.28788662522630304,0.95572708826271824,0.060885333017712741,-0.9486350044938503,0.29330522034610634,-0.1185903704635258,-0.13119801547570881,-0.023617376623785966,0.99107482071569541,-1.6246176635421163,-21.357496518068338,-6.4715380812980925,,0.2267434937823019,0.4285714285714285,False,1
0.99740405245140984,0.07195055958621184,-0.0028763047019445889,-0.071839344144045636,0.99154089860025141,-0.10810067083955421,-0.0049259300097365538,0.10802667901143334,0.99413579144667286,-10.590354686223089,18.277026515195708,-0.63746749794995161,,0.11808087542859,0.44,False,4
-0.62386337716502283,0.78137236322946202,0.015865579518553316,-0.77334641668009052,-0.61427013625182569,-0.15686784092741446,-0.11282644388758113,-0.11013369007878854,0.98749215889004094,2.5882274550075621,12.443712814068547,-1.7408482466774018,0.262746275163864,0.2324361146403215,0.99,True,5
-0.089144425083547904,0.99544283257528476,0.033865004813505135,-0.98616729740508868,-0.083441473211681341,-0.14321865128889039,-0.13974023402466534,-0.046163704603933917,0.98911151007961384,-2.9369416512125714,-12.91635191212047,-5.2239169933670473,0.3446663685392681,0.2792352312004137,1.0,True,5
-0.42582788981454506,-0.82653899082758442,-0.36810855042746676,0.90299653311984607,-0.36251290416826837,-0.23061148168516576,0.057165281680678373,-0.43060154546077423,0.90072994821820096,5.1959245636534961,-1.1333268840442565,-3.818756900208701,,0.5314873708923119,0.401673640167364,False,4
0.9992899464248346,-0.03734018879104669,-0.0050312299987652284,0.036599258359657896,0.9937150758218628,-0.10578677786884567,0.0089497073569194535,0.10552752430242301,0.99437610809634192,16.977370689247373,16.259437738403541,-1.859734325470503,0.180685313349326,0.1853048912677032,0.875,True,2
0.036263515107245452,0.95079981967928207,0.30767622652702847,-0.98467450964847225,0.086551344652598144,-0.15140995603779756,-0.17059035002193768,-0.29747028025783012,0.93936700221091507,10.863316957498517,3.3137374855384882,-3.4084254052872112,,0.3677550703673505,0.3222222222222222,False,4
-0.12765956828114108,0.99134182292245399,0.030731494448823483,-0.98201254774423696,-0.12199058936232583,-0.14411680047761588,-0.13912005857943432,-0.048576601690708821,0.98908337518585199,8.3850194880663196,0.69502174647779702,-3.7282986495972064,0.2945262923685049,0.2803229709675445,0.962457337883959,True,5
-0.16904099400545997,0.98438717242665885,0.049061564462375584,-0.9756644332530674,-0.1600746269075688,-0.14985001670128678,-0.13965692260185075,-0.07319841926061274,0.98749072673475324,-5.0772932209319572,-17.736467202184947,-5.7840862438659144,0.1564504115555735,0.1076622775039784,0.4666666666666667,True,4
-0.33291069423902364,0.94255112895283832,0.027709907452420791,-0.93350070796964768,-0.32527778728306345,-0.15089993147911493,-0.13321748339260378,-0.076103419173941492,0.98816060016000318,0.81440394250670856,19.191031207095904,-0.73958847665610006,,0.0769251204089586,0.375,False,1
-0.75234945088845129,0.64596452078573852,0.12922902783003828,-0.65100503680909516,-0.6990224552672466,-0.29590547321963978,-0.10081044488064912,-0.30675306831098098,0.94643531701049954,14.666706437187328,-11.922750416907901,-6.0230611522538196,,0.2286959286707375,0.3636363636363636,False,2
-0.92347353274285759,0.38146103650248092,0.041037933109258462,-0.37904327845468416,-0.89057416812073764,-0.25140374725604564,-0.059353410868726558,-0.24771985933007021,0.9670119150826112,-5.6750008283600906,-5.8646534264422883,-4.1528947405198817,,0.4430861646723534,0.176056338028169,False,1
0.73935364813228999,-0.66859906894326993,-0.079570522190474197,0.66382563725029453,0.74359614899156379,-0.080001815817858174,0.11265747344367544,0.0063286817827107496,0.99361372850025553,-16.327954221239207,-3.762659739025727,-3.5653774411327523,,0.1473956736629275,0.3157894736842105,False,3
-0.073595111176522468,0.99498821802841275,0.067691990630801696,-0.98792787359770795,-0.063458420724752843,-0.14132071825402434,-0.13631682280492152,-0.077275318334934784,0.98764682401990644,-15.953406937026484,7.5045013920261221,-2.0522800599709323,,0.1689935009881504,0.2857142857142857,True,4
-0.52246492287608726,0.85244321590553485,0.019260530125505833,-0.84394433955290593,-0.51377037685018245,-0.15426584718541186,-0.12160738505820877,-0.096853309328349263,0.98784162717080004,4.2320012033778456,17.24525992087753,-1.142187260187481,0.1508446992953018,0.1556349752000664,0.8723404255319149,True,4
0.014789703948281645,0.96507640326174782,0.26155076089450113,-0.98372271276768497,0.060893602698507361,-0.16906091664067643,-0.17908346948312007,-0.25479306312724986,0.95026817580098111,12.363654665290015,1.9017707799810242,-3.9126213331476865,,0.1649217555736825,0.1666666666666667,False,7
-0.82335053998107877,0.54820495105886147,0.14685101275584816,-0.56124444165489373,-0.74808427593208349,-0.3540827485414364,-0.084252982287593384,-0.37395353687018773,0.92361257420951415,-15.839231696680905,-7.0611426699111304,-3.9991460991931751,,0.2536845169675535,0.2592592592592592,False,1
-0.99090430211520864,0.13344358195343933,0.017363020618772918,-0.13363720249033306,-0.96066834467307338,-0.24342848981509085,-0.015803865354081001,-0.24353468331745645,0.96976342262499138,-4.4815177941002826,15.664327619813275,-1.1146253345248105,,0.2023740167336685,0.3,False,4
-0.78987598798580239,0.61225784154894713,0.035160475896623682,-0.6065687156714139,-0.77151379651526153,-0.19193971698254608,-0.090389804580961963,-0.17293581829231461,0.98077667487526654,-16.725043020441003,16.852369754547496,-0.74592250139739069,,0.1602808595438704,0.3636363636363636,False,1
0.63694669035092788,-0.76682584743829618,-0.0792277309503297,0.76283148439073512,0.6417737629637319,-0.078832503408173493,0.11129708025472625,-0.010225305467835441,0.99373457374434904,11.854172839223814,-4.9419839546516249,-4.8167718634712351,,0.1379142415214175,0.1333333333333333,False,1
0.29047012961675134,0.90818094686489204,0.30138757697028268,-0.94820133810333851,0.31551858287073042,-0.036908620704203823,-0.12861308727912762,-0.27505525193101904,0.95278711272020156,-6.5263837410044001,-17.643187668245357,-5.7144095626574209,,0.4592845315229877,0.2244897959183673,False,3
0.84027726322799579,0.54195538537529242,0.014781108374814417,-0.5376233803216578,0.83645948384488378,-0.10628561905293271,-0.06996586191553622,0.08136271964892311,0.99422577215527241,0.72153507559463559,-22.013644586999245,-6.6640328317380044,,0.2750462443328369,0.8181818181818182,True,2
0.95550257822250484,-0.29441837001046112,-0.018238596725908711,0.29117604396060759,0.95126846107167429,-0.10151269080159608,0.047237002800743888,0.09168499534118596,0.99466704338471534,12.519741380899001,27.186476918661356,0.0023466203629048639,,0.1484900755146331,0.3809523809523809,False,1
-0.63834580440898159,0.76914324871159112,0.03054990924424306,-0.76173295768512717,-0.62548684853259817,-0.16890560526231457,-0.11080403950091566,-0.13109105718598746,0.98515866719840717,4.6314980152595258,-0.122107338354497,-3.6643007765399735,,0.1178802501277295,0.5291479820627802,False,4
0.92978781854660975,-0.36259344038686331,-0.063408276043076028,0.36361958643103443,0.93153376950714351,0.0050628679160938661,0.05723118770443536,-0.027763884026382784,0.99797482828862449,5.9466067127834599,-2.8425416097074718,-4.1546163956024218,,0.0833980549885388,0.3333333333333333,False,1
-0.78087672520156048,0.62261312680981451,0.05083733237094451,-0.61797804327330896,-0.75803696380343566,-0.20852601645780872,-0.091294458049654123,-0.19424946803473139,0.97669466369876601,-15.207137387183566,12.274627059472476,-1.3915916033334677,,0.1583129014507567,0.5454545454545454,False,3
-0.91496224075065846,-0.40327486332149431,-0.014611044232472933,0.40041773327678915,-0.90279397967599107,-0.156935238675907,0.05009727415749634,-0.14944033884402103,0.98750080923924943,-12.397850586093378,18.718201383328523,-0.53584434404557268,,0.1476218589259458,0.44,False,2
0.67349420107655789,-0.73834825051819941,-0.035318862849251363,0.73209897857656259,0.67287276589953138,-0.10617592230760056,0.10215990741677508,0.045651964551701466,0.99371990593384385,-21.384724492110809,12.588844181810074,-1.2607393504443229,,0.2454604274243351,0.6129032258064516,False,2
-0.80422051631356639,0.59414993233731372,0.01467034573235516,-0.58755863125066166,-0.79109847508543063,-0.17011189717464201,-0.089466284058243362,-0.14542716603534744,0.9853155450898653,6.6094638136765855,18.740813636965978,-0.9858741706765114,,0.1942219262558945,0.7,False,2
-0.97170101534109998,-0.23572439741450701,-0.015203461732274354,0.234728232752138,-0.95637826362611578,-0.17390593322988124,0.026453610984802582,-0.1725532535974485,0.98464490103732416,14.819367759515696,21.957431288908925,-0.85262680956986292,0.3192647442928935,0.2382703721440396,0.9714285714285714,True,1
-0.53034238746262863,0.83860455026641401,0.12441607746953932,-0.83906339559614451,-0.49820984193800311,-0.21853963385797903,-0.12128301707621161,-0.22029380760379375,0.96786417853969386,25.219023682906904,5.3944356880719662,-4.1183852464301971,,0.08851751584177528,0.3571428571428572,False,1
0.87222951810182958,-0.47426429384472563,-0.11953680326917486,0.48351641939546081,0.87294213553158784,0.064683074977491456,0.073671839442507436,-0.11421649441965298,0.99072047141241759,5.3335124252365604,-2.096434189381617,-3.9753653561511184,,0.2562870656962777,0.3006993006993007,False,1
-0.99995044734072158,-0.0041299024145397389,-0.0090579671636928961,0.0082909550532320499,-0.84912644257018421,-0.52812455405179781,-0.0055102565636678744,-0.52817348327434199,0.84911860693218411,11.635378612923724,-0.60019203237138963,-4.1268628757926837,,0.2576039137329981,0.1,False,1
0.81332438804605367,0.5816731434147715,0.012640966715114631,-0.5768877049708746,0.80907274948732544,-0.11225801481612993,-0.075524934047975792,0.084009762926697956,0.9935986836092584,-20.752539162264544,8.0996161678890601,-1.8751740646736117,0.3004722474118572,0.2512814868907148,0.9629629629629629,True,1
0.97960192827451342,0.200946788111694,0.00067116946455599361,-0.19979456104280768,0.97433137122628521,-0.10373288977956735,-0.021498732487474467,0.1014828428449954,0.99460496535535714,-21.911531374024271,13.414508467982154,-1.1128287072391025,,0.2282884652376368,0.71875,False,1
