axis_00,axis_01,axis_02,axis_10,axis_11,axis_12,axis_20,axis_21,axis_22,location_x,location_y,location_z,dbh,dbh_approximation,score,reconstructed,number_clusters
0.26920014152269611,-0.96288023196331718,-0.019822782307954073,0.95388090917878754,0.26940982715395151,-0.13239923012286589,0.13282505376776607,0.016733317876207111,0.99099823469289983,0.041856497687741662,11.536883955787141,-1.2612062399778705,0.2859980385649112,0.2693614958442393,0.937984496124031,True,5
0.61733314858202981,-0.78661505157511857,-0.011685217039923869,0.77936640260026047,0.61353313395681919,-0.12714206241465498,0.10718112781514097,0.069381944139643242,0.99181568432228229,13.449030461564849,1.1385326196798458,-2.0883695868937617,0.2757625840270235,0.2758640776944595,0.9444444444444444,True,5
-0.10193227747852332,-0.97235803534138388,-0.21007061173587838,0.9826577474288879,-0.065537106247604171,-0.17346077113478792,0.15489855462859028,-0.22410876558433654,0.96217550320211298,-3.9286079836272942,-18.57251566317208,-3.9739588009064457,,0.2623290609946266,0.2333333333333333,False,5
0.35015765556600259,-0.93667390696135699,-0.0056221229325673049,0.92772094092266044,0.34762691605816615,-0.13597567063803478,0.1293192639249669,0.042397160867644966,0.99069622424246118,-7.4861705901767701,-12.235015855131754,-3.2003148366361418,0.2167934377707189,0.2030784047406605,0.923728813559322,True,5
0.51880478468639379,-0.84828282499448693,-0.1061029886755233,0.84848242483745817,0.52610381256133487,-0.057379030580660614,0.10449483302275271,-0.060258005507995677,0.99269824349786517,11.881864102915467,10.273753705234645,-1.7188534003242555,0.3064396388579876,0.3471391933313823,0.8764044943820225,True,7
0.59707774076066189,-0.80187742133454065,-0.022153388950927076,0.79521882632388263,0.59529933417109226,-0.11509005602362159,0.10547601503758962,0.051100918673949322,0.99310800337247707,-15.797414136981978,-4.1310273970343028,-2.3615275033550338,0.3256686999612661,0.3143244421038706,0.9506172839506173,True,5
0.99938352995972801,-0.031756738188876144,-0.014968955368915446,0.033232327366020685,0.9931915146441731,0.11165226221018137,0.011321327796289669,-0.11208088516074743,0.99363459215071248,-8.2424164882477093,-10.128311889885667,-2.9379080084315223,,0.3866773496388315,0.4444444444444444,False,3
0.020560665989707263,-0.99959853594322279,-0.019494254390101669,0.9892122696689285,0.023167921159121373,-0.14464554250170719,0.14503911386418541,-0.016309946944458302,0.98929148438676162,-6.5478353796444866,-15.115268346183175,-3.582585563430432,0.1772002739726856,0.1752745662102222,0.9024390243902439,True,5
0.46248674936030171,-0.88632727269619571,-0.023021128144906734,0.87849142789393952,0.46159812845771719,-0.12320705710794172,0.11982828457008071,0.036757767604352558,0.99211392931343112,5.708311925918137,-10.703269298972923,-3.0093651261160943,0.2698844417549586,0.261525150606052,0.9537815126050421,True,5
0.99675723778697578,0.079388647891614275,0.013132079242107769,-0.077674848022737747,0.9918865518868093,-0.10063640579205065,-0.021014920983061333,0.099290033598740293,0.99483660081645486,20.202967068101181,-5.6156151033488166,-2.4073084770714037,0.2795694413108029,0.2943177151370952,0.9791666666666666,True,5
0.77663931222118354,-0.62994493696968801,-0.00086896424706628915,0.62526175722237354,0.77103200073331968,-0.12065400449369142,0.076675378497900154,0.093161312954628039,0.99269424099305303,-3.2396119760595923,-17.94163718724144,-3.8873103939998122,0.3052681654696071,0.2577519957728607,0.9803921568627451,True,5
0.35744227423805935,-0.9330802309885059,-0.03995376235052614,0.92496286671506833,0.35959990865953456,-0.12301057227043212,0.12914610247997693,0.0070134321478731859,0.99160077449734796,10.654567286067939,15.405039158504572,-1.496016197515925,0.2565954523741079,0.248492689832393,0.6842105263157895,True,5
-0.85515317445075423,-0.51688645155262503,-0.03926123314585047,0.51034320876424355,-0.82620313784906407,-0.2386172338213976,0.090900261248319902,-0.2240909886847206,0.97031972632493224,9.0504198858761722,6.1059768211293433,-1.7492882886185681,0.4433285181219662,0.2247030606540536,0.25,True,5
0.91527859845403758,0.3808384856960737,0.13125218102848238,-0.3832179732986063,0.92362643313128145,-0.0076286933412599844,-0.1241332838239636,-0.043315815055332677,0.99131965985406101,-3.5385715577837242,8.698811476199797,-1.2956669418445477,,0.2583322003658098,0.3928571428571428,False,4
0.95760690159039608,-0.28805212157913712,-0.0038726322056060226,0.28686189864052725,0.95471174251995627,-0.078966700595006656,0.026443773081649198,0.07450814685836421,0.99686973217012631,-5.1776081784560759,22.455414590127006,-0.62086169207877639,0.3320599627271717,0.3228814919054959,0.9534883720930233,True,5
0.74855807621181647,-0.66306867270176906,-0.00086128948724164232,0.65780266610658766,0.74277526074411249,-0.12482213140938964,0.083405389520891757,0.092870056035474019,0.9921787609553222,12.940647266300472,-7.5032705404571836,-2.6229554025404034,0.2281574937110977,0.2206861759622797,0.9846153846153847,True,5
0.91793047773285763,-0.39554070045566991,-0.030841406131495906,0.39554759128793227,0.91842497882624874,-0.0061368798523083051,0.030752903528685163,-0.0065660148526275938,0.99950545089734877,3.5300513802751325,10.728606195995871,-1.4904379034604041,,0.3979109064867903,0.4173913043478261,False,3
-0.44170043088395383,-0.89713882333578443,-0.0065315404471163602,0.88689046213470635,-0.43553305486060651,-0.15406578561859222,0.13537369586228895,-0.073843684817801652,0.98803900362339592,6.0822219833312561,-22.341561382354115,-4.2801990492807196,0.2771958131392378,0.2627969122582037,0.8108108108108109,True,1
0.53894557473961102,-0.84215496470248119,-0.017682841840414094,0.83509589975899767,0.53693986193368237,-0.11962617971141946,0.11023840380875026,0.049705131461458309,0.99266152047518119,8.6485812065797063,-12.658227994657128,-3.1444440882922966,0.2845512897561142,0.2616173307814773,1.0,True,5
0.99704801649042951,0.073550266921929064,0.022036584313649878,-0.076216702645571163,0.98280545744397219,0.16817980573237978,-0.0092880057243846237,-0.16936289751317252,0.98550999076397305,9.2060172598387542,5.6279305544480804,-1.7564743083794203,,0.3175602309011028,0.2702702702702703,False,3
-0.83286835259941383,-0.53443022648913563,-0.1439258151031633,0.55306062033207526,-0.79360508186585432,-0.25360387275156376,0.021313316875584472,-0.29081834029418141,0.95654086973442953,8.2948213566242917,5.7276327853126361,-1.7025377757863882,,0.3386426149901659,0.4666666666666667,False,5
0.43174063917916405,-0.90197424657779657,-0.0065175909339404911,0.89365654233857161,0.42871733749671814,-0.13258743856487029,0.12238465923732057,0.051418897694722798,0.99114988379317448,8.3589804611911003,0.068123339833232432,-2.0603547143007352,0.3038664807697462,0.268136235506461,1.0,True,5
0.99967778394991036,0.015404563074966474,0.020174927842874377,-0.017334598884050947,0.9949089887282565,0.09927545431397776,-0.018542922060044091,-0.099593190450888741,0.99485544500559886,16.76253358740416,3.7212954797541391,-1.8318596509358094,,0.3880086078607904,0.2075471698113208,False,2
-0.80539473915878212,-0.59269276070343757,-0.0073895564882825509,0.58600474807973502,-0.79430893663612367,-0.16022405689532274,0.089094047855973302,-0.13337392769850739,0.9870530107582417,-0.46165925891648046,-16.223306857475794,-3.6237515455096654,0.2352593289485692,0.1803672559384599,0.75,True,5
0.95608499872068931,0.29212274750703443,0.023786038135906705,-0.28757024553199073,0.95066180358255625,-0.11638508965427519,-0.056611210073023888,0.10443388146623894,0.9929192994881133,17.430142048277215,-2.4431880601830587,-2.1604976140069061,0.3861891580929113,0.3428280295924436,0.9824561403508771,True,5
0.37481211257018759,-0.92675238077321986,-0.02541466115934702,0.9183490185333566,0.37489214630112822,-0.12685014308449424,0.12708642897452205,0.024205440977285685,0.99159625664763451,-9.1286976293293307,-11.165136756586248,-3.076913549779821,,0.1431955983416348,0.8356164383561644,True,5
-0.96710360551509422,0.24879141864973575,0.053041928754112712,-0.25379220171980532,-0.9294499799119571,-0.26779143598680699,-0.017324391646406097,-0.27244369115087702,0.96201574862689598,3.4258829466703333,21.999002014056646,-0.78887579101922389,,0.1557109190175363,0.2666666666666667,False,2
0.21312722110126639,-0.97696349228509527,-0.010914319390762208,0.96736189062259637,0.21257346680226338,-0.13792568209997955,0.13706845077088134,0.018837620703758717,0.9903824432255921,-4.9509756715524036,-10.231868580629341,-2.9777011240499349,0.2012269962638858,0.2179594840316014,0.9427083333333334,True,5
0.089632950456702165,-0.98584082921382843,-0.14171730186331477,0.98591857950152417,0.10799416063800571,-0.12767856461360211,0.14117538307411642,-0.1282775144874741,0.9816386252031819,-4.154277142121729,7.7732537950772196,-1.2802120358348157,,0.6108515462788531,0.2773109243697479,False,1
-0.14918043673893977,-0.98845981115962678,-0.026313475951575172,0.97821598498667794,-0.14364489823708057,-0.14986537267495359,0.14435610139832383,-0.048097244544086912,0.98835619644758832,-19.611861035980681,-6.9491714636894333,-2.6565931911527589,0.2802172176194406,0.269047021119466,0.9423076923076923,True,5
0.37967437890347511,-0.92396968370988786,-0.04612363373922268,0.91159867064916211,0.38215280387571054,-0.15148299627553405,0.15759197211451162,0.015467969323166625,0.98738316384779246,-0.11859515154224791,-10.844036426033943,-2.9721470153677809,0.3652136344893867,0.3134308753663151,0.9725085910652921,True,6
0.99881204113232769,-0.047608284554462525,0.010390270971251567,0.04844577936996456,0.99312442252731592,-0.10656870010009184,-0.00524527885926219,0.10694546564285898,0.99425105201258002,-2.6038681389629237,1.3179316539557182,-1.7947348804732435,,0.227615516843073,0.7256410256410256,False,3
0.87578527495099878,-0.48270067603340633,0.00045775091165273923,0.4795294247575379,0.86992222226968174,-0.11526863403842814,0.055242039885485636,0.10117007738591789,0.99333425012481036,0.5677463108543096,-4.05103000573407,-2.3533748614416647,0.301974868245385,0.2157924377303984,0.9424019607843137,True,5
0.25766853548003793,-0.96603994091926737,-0.019332831460259933,0.95729250805224897,0.25794876911408132,-0.13058899853956046,0.13114106851252733,0.0151415012871497,0.99124807948775562,-15.521029838782159,8.3884517069453075,-0.96949557682103316,0.3511782566368038,0.2898551990354697,1.0,True,5
-0.40538252835926658,0.89179649985886955,0.20090796037120923,-0.90615515663554447,-0.36301586579899353,-0.21703067359481854,-0.12061441789380742,-0.27003422749288286,0.95526628652876777,12.564188727246028,3.2451772771986018,-1.9631007880692373,,0.3001640452885083,0.4081632653061225,False,7
0.54269910448710179,-0.80672643305851788,-0.23381647545367332,0.83499644412035468,0.54830661795508473,0.046268682853741305,0.090876951397267203,-0.22034589833109455,0.97117921353033576,-14.298403074782888,-4.5320170148284076,-2.4050356894129741,,0.3349853371325094,0.3888888888888889,False,5
0.79837522044194253,-0.60203653838206506,-0.012207122397191896,0.59778475117344365,0.79485044968022012,-0.1042408456779601,0.072459634616687627,0.075926076522446803,0.99447716527586694,6.5574065723651724,-17.510354331827731,-3.7160330088486986,0.2562340884313026,0.2879198162196001,0.9733333333333334,True,5
0.46455829514650349,-0.88541578448997849,-0.014982622820099826,0.87746591978196731,0.46253526067748085,-0.12694365778249891,0.11932790969324594,0.045825988325513718,0.99179676787244564,6.7754284000433564,-4.1875762585381233,-2.3160732634154138,0.2550304533750916,0.2390400546490141,0.9863945578231292,True,5
0.42061111234154025,-0.85586126756471426,-0.30097804381272164,0.89944889492974056,0.43676967940566191,0.014964376416793684,0.11865065353583312,-0.27700855191563262,0.95351365201612281,-7.0955326226260294,-8.2174505264435229,-2.7256168485369852,,0.4224807741683801,0.2352941176470588,False,5
0.46249142046906588,-0.88569340013109754,-0.040606489096219882,0.87752321731945826,0.46380908506010082,-0.12179546658648317,0.12670709947675649,0.020696221392512894,0.99172424461755471,26.597820313693429,0.11591153480821856,-2.1738299409592421,0.3136977810019952,0.2645185470863114,0.5217391304347826,True,3
-0.074194674999907881,-0.9784956730148916,-0.19246134181386113,0.98716730621061732,-0.044698256147338022,-0.15330614940784318,0.14140671748729275,-0.20136604427887245,0.96925531025677003,3.5771585162820867,11.075659009913588,-1.4812381157267731,,0.2967662551013234,0.3409090909090909,False,7
-0.49914948478443261,0.83584500560442032,0.2285014626771163,-0.85977399078518024,-0.44490462240757805,-0.25069615419805591,-0.10788177143873895,-0.3215944706715535,0.940711709199329,6.9977643204040163,5.1766413588248206,-1.607915254282406,,0.3236739495276119,0.2790697674418605,False,5
0.52496648015132075,-0.85108816151576883,-0.0076899964396586577,0.8432798097396873,0.5213314392216325,-0.13073902617236638,0.11527947433489776,0.06214878765358435,0.99138699355512017,11.699089387321813,-3.6078691158070391,-2.2649265219057946,0.2430249557317207,0.2474375109087982,0.9909502262443439,True,5
0.94528251603442315,0.29774619962819182,0.13337228155280101,-0.31598806757689729,0.93728251458206469,0.14714968232293554,-0.081194248741206634,-0.18124207145608193,0.98008101986808216,-4.0513809420648155,7.5160957209118697,-1.2918086768045689,,0.4972482641303237,0.3103448275862069,False,5
-0.91793268369121361,0.39428843442381606,0.044002485055521651,-0.39353597999383833,-0.89085185266387956,-0.22696345312763963,-0.050289369271594102,-0.22565373270776828,0.97290871732825768,9.1844665033595287,3.0228942509553427,-1.8773612053598416,,0.3738388714084901,0.3478260869565217,False,6
-0.78144102548400662,0.58380502832537839,0.2202762188537567,-0.61588941050155344,-0.66498947985835533,-0.42245618199970003,-0.10015067509784119,-0.46579038266125511,0.87920939581974922,5.9719261259522423,13.491896465328681,-1.4609777076547963,,0.3403236980277328,0.234375,False,3
0.023581537248880107,-0.99943638889920439,-0.023891748473029845,0.98932019084415534,0.026767977125728367,-0.14327957073037867,0.14383835055041749,-0.020257836624756463,0.98939382905202145,14.614566582844398,-14.258870495559746,-3.3074318180547748,0.2746438121225493,0.2575049733549923,0.9836065573770492,True,3
0.34597842407675217,-0.93816068447613565,-0.01238790444896324,0.92921793754217297,0.34444760748046527,-0.13382776337836341,0.12981893014209769,0.034790455648827538,0.9909271767251665,3.6989940256769427,9.3454255538116229,-1.5491073999273335,0.2397518105880495,0.1705548057640655,0.2380952380952381,True,3
-0.98281397817854843,0.18378739542964001,0.01728807618110019,-0.18409793977082392,-0.96894650147314065,-0.16507763584174023,-0.013587967802157878,-0.16542330719747217,0.986129046609447,14.342312543412751,6.6133838958145672,-1.8001841278497162,0.2898143592520687,0.2972220725930483,0.8846153846153846,True,5
0.88561109462221799,-0.46442741069995391,-0.0004114274847205647,0.4613692889551641,0.87988040580014082,-0.11379301691223376,0.053210603182498019,0.10058653826192568,0.99350439356322884,-2.6404124825581454,7.2348419242095892,-1.3472487703995624,0.199404502916579,0.1722756935015342,0.7904761904761904,True,5
-0.018258663996425364,0.95769300801748436,0.28721198370452572,-0.99615728304941875,0.0071853919214693307,-0.087287098534296781,-0.085657974623888952,-0.28770205514969482,0.95388166920534523,2.7258161910709919,11.590148027753717,-1.3993253831293597,,0.5214568530083035,0.4682080924855491,False,4
-0.41131430820737863,-0.90557624489568345,-0.10369283747934803,0.9006299175435506,-0.38626215347139548,-0.19916651430684235,0.14030784543062036,-0.1753089087190759,0.97446420921157695,1.6862411013198206,16.166479642781937,-1.1450014385277216,,0.1436247267435047,0.2258064516129032,False,3
0.22984382413849341,-0.96945376396347382,-0.085622520649934489,0.96394961962452963,0.23888901142769536,-0.11718861311930076,0.1340632213961756,-0.055600717226971207,0.98941175094736389,-13.490568398585461,-10.125226191244105,-3.0192111269873192,0.3787134769549119,0.1592465895473255,0.3255813953488372,True,5
0.49447996197389221,-0.86918761228514207,-0.0015690303856330003,0.86132470023761609,0.49024744447911051,-0.13333118143285949,0.11665902436965092,0.064578152898285446,0.99107029730557794,10.684208319795736,-19.759406515915671,-3.947887146730491,0.2230363601213426,0.2651137224749689,0.9846153846153847,True,1
0.19719384742789114,-0.980273119681764,-0.013386462040758327,0.97076176980270124,0.19715058915610956,-0.13694243858251992,0.13688014036416649,0.014009140758161547,0.99048855175065276,11.11348690477303,5.4784349821614011,-1.8042345063134362,0.324621588252775,0.2445294374194958,0.9272727272727272,True,5
0.60940339474103633,-0.792672571105418,-0.017253912461455814,0.7858850933510021,0.60677933447165178,-0.11917826692324167,0.10493866078232802,0.059068047836935617,0.99272294382569104,-16.693758239274846,1.2766709927342095,-1.7329130228154062,0.3039487466728856,0.3030801588537465,0.9911504424778761,True,5
0.63614288066857827,0.77071427639654533,0.036355735905519056,-0.76207359082417858,0.63498479432390409,-0.1266418301580142,-0.12069000597822836,0.052856552441285606,0.99128205235492706,-5.6980022394674741,-0.41050991891616634,-1.954441457990155,0.2821337037654738,0.2651773325838822,0.9144981412639405,True,5
-0.42640173111361857,-0.88503311587337341,-0.18680992348046996,0.89395661271652371,-0.38083892926767038,-0.23622718839002307,0.13792439335995077,-0.26772764848204239,0.9535715851233022,8.066843035732207,6.1147230386071501,-1.6743536559491912,,0.3670830331587558,0.2947368421052631,False,5
-0.15269540393268091,-0.9881280168293034,-0.016945087040840825,0.9725375940282166,-0.14719448486067965,-0.1802897995683769,0.17565517874415709,-0.044009157951333477,0.98346756540150904,9.1321454091052381,9.5751477558537381,-1.722740385037097,0.344484608456568,0.2976033300923176,0.9932885906040269,True,6
0.72751305019529422,-0.68355170503752904,-0.059007019377584374,0.67753109571498893,0.72931677298651643,-0.095124439445292891,0.10805728172958178,0.029225180595192302,0.99371500576593519,9.9271582739510311,0.95508258541990565,-2.0734180187889146,,0.132338735493579,0.196969696969697,False,7
0.91529922281068499,-0.4027493785744749,0.0045023083001427839,0.40039731609410883,0.9086274672932706,-0.11865123237813516,0.04369578911965738,0.11040409294084257,0.99292578487776195,-5.9106753788269293,4.0167858818352631,-1.5478934325385556,0.2904221745103965,0.2334646447131841,0.9853479853479854,True,5
0.6025750022719667,-0.79582811534991749,-0.059673926094551473,0.79267414138459269,0.60550540784153861,-0.070928884488981436,0.092580085424125283,-0.0045620053979501494,0.99569479053051746,-9.798476327369924,-5.3034680961029865,-2.5033835288233779,,0.3470704509775112,0.8884120171673819,False,10
0.0060013791766199065,-0.99639291923847895,-0.084647114182363425,0.98673890829365052,0.019631286566605618,-0.16112398780813647,0.16220453232704427,-0.082557634893227469,0.98329747615531038,6.6158335000646993,11.289971318256887,-1.5026854305750903,,0.1514206761431988,0.3333333333333333,False,5
0.95642077790195157,-0.291973967500672,-0.0032400461948735582,0.29014105407565716,0.9515470839428648,-0.1018642026410648,0.032824751899976204,0.09648496951209469,0.9947930369282636,20.095070376227394,-8.6499764327459694,-2.7275730477208207,0.2485324719433446,0.2767969723081395,0.9882352941176471,True,5
0.91676995748913959,0.39858482837463649,0.025748390919094154,-0.39293872886655523,0.91158994803803084,-0.12084255042308527,-0.071637981560738778,0.10066727981614311,0.99233769371737635,2.4333925057689769,6.1486330722064197,-1.4732150604040068,0.3045130109210237,0.2569773457959807,0.9770992366412213,True,5
0.74666858017499782,-0.66353822827090259,-0.046936670126511745,0.65723695237205981,0.74677834323836212,-0.1017924088861957,0.10259444339797555,0.045156679387207285,0.9936977681823489,-15.779667582562801,-8.1487155772469908,-2.7534683708675582,0.2662519525031912,0.2210982011575617,0.4848484848484849,True,3
0.1617475704729377,-0.98090183726306313,-0.10802457637060846,0.97695409601361094,0.1746158784850578,-0.12275988458417604,0.13927820263174989,-0.08567893927237237,0.98653976181238145,-21.665440149708232,-8.4542473655301951,-2.8946387946747585,,0.136997268145633,0.4210526315789473,False,2
0.99248229518257591,0.12090134138871005,0.019019973699704443,-0.11770050147059381,0.98547047004128785,-0.12245221365975698,-0.033548259309502199,0.11929299362081006,0.99229214245114761,-5.3599135647703049,-5.4470828574750509,-2.4691045766696096,0.2549055899292595,0.2438841364583971,0.9772296015180265,True,5
-0.15538310220979848,-0.9878517006017139,-0.0022603464253425892,0.97733495382404045,-0.15339504498971424,-0.14589841742241635,0.14377927382422484,-0.02487926427583368,0.98929699414668837,4.9246319949811364,1.0749348130049141,-1.9082932315116485,0.262879075324922,0.2307606490164467,0.9471458773784355,True,5
-0.14285137694475769,0.96117330950920898,0.23609183211644913,-0.98667546370721759,-0.1195281533828306,-0.11038364854922063,-0.077878196070107361,-0.24871447411842637,0.96544088215740109,6.2119409545159785,7.4713248111914705,-1.6041429121104573,,0.2991012055854221,0.1485148514851485,False,5
0.22344956781596043,-0.97433215611786839,-0.027333865397454568,0.96533614031970927,0.22509330979066827,-0.1321330317525837,0.13489413195357133,0.0031387007165301697,0.99085504576719241,-12.117278113638219,3.1024961425977455,-1.5661104163759219,0.2948222695882943,0.2439139202950026,0.9924242424242424,True,5
0.35702562349990202,0.93249644065216497,0.054617692513953972,-0.92366674381761227,0.361148440354078,-0.12810757352781973,-0.13918495080243057,-0.0047108598853660595,0.99025519805213091,4.4813274899483382,17.092360766323416,-1.1464104114674027,0.1848597905050267,0.1971412737111893,0.8571428571428571,True,5
-0.31915637691425125,0.91323144317884841,0.25327364305123817,-0.93776703548037021,-0.26572778446629775,-0.22356594492227852,-0.13686560649530197,-0.30886417039227848,0.94120706011300359,-8.6895658028589757,-10.021448016491657,-2.9234387107089126,,0.1456570792296609,0.3018867924528302,False,3
0.7883118566050743,0.61056649526812357,0.075980073650009514,-0.60231220746707226,0.79101155106955756,-0.10733466732922423,-0.12563606756024767,0.038849464996740843,0.99131543799007971,-28.442563387736119,8.2756711576713151,-1.0216292472664412,0.3589778491498108,0.3222511643807707,1.0,True,2
0.75255102624270542,-0.65846196151153669,-0.0097364338148218585,0.65334396039117959,0.74839104025106162,-0.1142476270751496,0.082514376452951718,0.079615928772535427,0.99340459107267409,-7.8027718154590078,7.2896458474234391,-1.2398563263842537,0.2828644953774105,0.2388839304950756,0.9805194805194806,True,5
0.54160295031986871,0.76852241889029327,0.34064576302638405,-0.82947761130710418,0.55437209288220757,0.068106350465012275,-0.1365032473792317,-0.31944463416438024,0.93772170133708144,-6.0264952249393202,7.7621349394395596,-1.216425504947118,,0.5426296155443608,0.2769230769230769,False,7
0.37282116120666037,-0.92394546627392737,-0.085610496484798432,0.91648963251586402,0.38109113736048611,-0.12172221866294278,0.14509009355381722,-0.033080513556284184,0.98886528120639305,14.736624982053717,-18.766538581799395,-3.8024949229083713,,0.2397435631626005,0.5769230769230769,False,3
-0.68751495780589444,0.72468201394430232,0.046466778011702556,-0.72017165297310415,-0.67223060180037641,-0.17163568468442292,-0.093144903495285591,-0.15146615684281892,0.98406403769476336,25.316198087251475,-3.8282287638618704,-2.3036333662929027,,0.2568275291519178,0.918918918918919,False,1
0.93663433325448109,0.3451642138147204,0.059814640938471289,-0.34572839283398482,0.93833412445663689,-0.00097430417506860767,-0.056462413669292617,-0.019767052938197041,0.99820902593633931,19.923873977117989,-7.0776881308729047,-2.5382925284172844,,0.1757132455250138,0.2307692307692308,False,4
-0.99823418414967169,0.044705448430794249,0.039114402406802876,-0.056232651134161774,-0.92338620087815781,-0.37973123781725765,0.019141644168236105,-0.38126020892351808,0.92426957677407739,-15.926555804580518,10.878553278818984,-0.80640983498319063,,0.5811153056474316,0.1891891891891892,False,2
0.90614898165650926,-0.42293161471380464,0.0047825012750665336,0.42041331968995205,0.89939963340166618,-0.11972025753490366,0.046332101939651489,0.11049501668638012,0.99279614605281941,-1.8075926290902189,-1.7099251773232842,-2.1080230216331497,,0.2231582788070164,0.901656314699793,False,2
0.24162616399082382,-0.97030609631561682,-0.011084959532236777,0.96090490040827914,0.24084543675067951,-0.13658421566100776,0.13519825903626778,0.022350728156510884,0.99056644184246356,18.945580210098932,10.290981411697132,-1.548616700008536,0.383991146530041,0.3225150107911047,1.0,True,3
0.69076587156396307,-0.72306276559940719,-0.0047694534503505207,0.71756625323342305,0.68629795156933882,-0.11871728556649311,0.089113314959244003,0.078583450391707277,0.99291664223212039,-10.972383660096705,11.402598390866348,-0.987996905670529,0.1927432049380771,0.1906274305402535,0.9272727272727272,True,3
0.6626589163806651,-0.74887639158617791,-0.0082043077750886817,0.74281984555084246,0.65861628730501864,-0.12018012794291813,0.095403551280994314,0.07354411071880089,0.99271820079091733,9.9253237771744462,-24.130617465109498,-4.4559189055323474,0.3088614828914509,0.2629284734116843,0.9824561403508771,True,3
0.56913178557074706,0.82026961359882378,0.056980449800704755,-0.81188943000034397,0.57157640652824626,-0.11889476419916316,-0.1300944430280207,0.021404964533825236,0.99127052986888298,27.019370585438057,-12.748621596551651,-3.230020484910205,0.3352247358378994,0.3131174162421944,0.6521739130434783,True,2
0.97735232532946448,0.21151407207229453,0.0066505254292487503,-0.20943981521798793,0.97130997262546859,-0.1126583369297072,-0.030288545269523515,0.10871400274899522,0.9936115285320255,-10.377288903170788,16.393557293034149,-0.778847547017671,,0.3311196555993659,0.8536585365853658,True,2
0.058275246260703142,0.90828862375816499,0.41426533963723605,-0.98788474631697265,0.11225542047442927,-0.10715618772782713,-0.14383227616743977,-0.40300185672724786,0.90382618893617239,14.783919845625647,2.5687215378456045,-1.983158372140567,,0.07977535274818648,0.1428571428571428,False,1
0.94293652595297062,-0.32904143910349815,-0.051014109581974401,0.33134104237922957,0.94238642574292852,0.046053644921047882,0.032921446790631859,-0.06032873219426417,0.99763551581378895,11.022694692019293,1.143671006454732,-2.050587696090759,,0.1539054313680464,0.3333333333333333,False,2
0.16424872278058428,0.98579538483581008,0.035068736808782759,-0.97588170501702565,0.1675739951342296,-0.13990659015148632,-0.14379587921080897,-0.01124345992877995,0.98954349562352251,-14.657646639414713,-11.731461605578843,-3.22116176885334,,0.07274343750956354,0.2413793103448276,False,1
0.079147599201324595,-0.99654480311254945,-0.02518159903654137,0.98678573276977732,0.081905234927819523,-0.13980504316165734,0.14138449399662134,-0.013783609135105438,0.98985879648388775,24.974455603551259,8.1401134908899024,-1.5524643599291232,,0.2665880714312164,1.0,True,2
-0.41984520561455335,-0.90745118152375126,-0.016197421820220929,0.89726869277173105,-0.41231736524238316,-0.15780774154422628,0.13652434322926993,-0.080788263199105897,0.98733700438861793,-19.583917072063727,-8.1969079660207367,-2.8034120329380285,,0.07541960642642168,0.48,False,1
0.94816811222916819,-0.3169801973225137,-0.022378236238736925,0.31629783247501447,0.94820374616637226,-0.029416609724216392,0.030543610189107895,0.020813703693466135,0.99931670536180739,16.304295050979281,-27.235215011717354,-4.7887430690206383,,0.1992039251583687,0.2272727272727273,False,1
0.98634313948074737,0.1631767382557823,0.022373271809631098,-0.16002693570389551,0.98159454792415535,-0.1042282271498233,-0.038969103768050017,0.099224470660103523,0.99430172149792539,11.210119820162339,8.5919608772942428,-1.7875277650257964,,0.142354110427926,0.3928571428571428,False,1
-0.49215119046650208,0.80516446047874035,0.33090390947280257,-0.86262689674898752,-0.40004528713264065,-0.30957810847696537,-0.11688474120952402,-0.43780584717993787,0.89143928421819074,3.9312951062934913,18.273558553256457,-1.0552093805487937,,0.289725652375994,0.282051282051282,False,1
0.78735673534418693,-0.61583796323394513,-0.028512705027907738,0.61181144908413176,0.78622730943185526,-0.086794980690818355,0.07586911148627927,0.050894213260551907,0.99581808427989038,17.667546367717911,-16.40039415686822,-3.5457961115638055,0.2579691971936783,0.2913609694269865,0.8448275862068966,True,1
