axis_00,axis_01,axis_02,axis_10,axis_11,axis_12,axis_20,axis_21,axis_22,location_x,location_y,location_z,dbh,dbh_approximation,score,reconstructed,number_clusters
-0.84699556708775148,0.52825831146240065,0.059511895488149502,-0.53082619816283749,-0.83440839360548935,-0.14827737529608442,-0.02867153078730162,-0.15718075280262886,0.98715356164616674,16.059825831817896,7.6340687540093466,-2.2165205486702124,,0.2874925752506029,0.88,True,2
0.98811195103376392,0.1477267991464008,0.042562483929004427,-0.14366115165274873,0.98583945103359849,-0.086498845608358979,-0.054737973382777666,0.079355967637801561,0.99534234546221012,-11.311411091923398,-1.1225170210693338,-1.7673857978267054,0.2825083345333992,0.254616776670907,0.9298245614035088,True,5
0.83848177700587279,-0.54434297939273624,0.025279050910043191,0.54380398991270029,0.8328687460242854,-0.10298967157420204,0.035007573239248815,0.10010181158087593,0.99436115025383265,-18.357603548282164,9.9356608539509139,-0.70740230958070538,0.2814945085277667,0.2944369154438679,0.9852941176470589,True,5
0.47659216557319839,-0.87885660475305538,0.021701981388329863,0.87514578524552977,0.47194468094011954,-0.10671491320013871,0.08354497160950726,0.069851889124483868,0.99405279100483701,-4.0235453500930296,13.093640089715851,-1.6318929300641365,0.3480608093922634,0.3261531847013315,0.9369369369369369,True,5
0.84472731417677827,-0.53503675718784383,0.013093247939398837,0.53414323538536534,0.84127747786526141,-0.083325922309442274,0.033567376658608247,0.077381352369811335,0.99643632888894529,-0.91455707639373118,7.8407417322344815,-2.0511575835025067,,0.2994776471712016,0.4406779661016949,False,1
0.4640388459221923,0.84122819935778892,0.27749426314872222,-0.87175360328040163,0.48928164657712347,-0.02547794125152128,-0.15720561263147315,-0.23008386933470912,0.96038940457979438,7.8063740825906969,-9.3862518068347889,-3.2635447410728,,0.3980801855836036,0.2786885245901639,False,4
0.63957432364525646,0.76574466943850772,0.06767411440293597,-0.75895078917940129,0.64298393430070067,-0.10278793623356423,-0.12222268258255262,0.0143792022623483,0.9923985360754124,14.094503594446056,-1.2532674287706682,-2.8437439842954761,,0.2732991699195546,0.5135135135135135,False,4
0.068826171699191474,-0.99203561720808586,-0.1054907212972095,0.98574171448430237,0.083899550925312691,-0.14585656543357883,0.15354553205737514,-0.093947855457711074,0.98366537503366203,5.4827861818117363,-6.4057506974700784,-2.9862122799741431,,0.1500808468022846,0.2111111111111111,False,5
0.86291122711488133,-0.50535552895366609,5.8949548508917954e-05,0.50421139852279828,0.86094972997700636,-0.067353010713726708,0.033986463757986293,0.05814939215915968,0.99772920598364112,9.4495937734163018,12.338686705001351,-1.8837893664218852,0.1672929045291992,0.2130336679637041,0.5416666666666666,True,5
0.62159207768849745,-0.77582810442513217,-0.10823142491441411,0.77648907763680908,0.62848012262131048,-0.045579027859774079,0.10338278998767889,-0.05570895667673207,0.99308031441588618,10.055703559444114,3.592976207790743,-2.4338431286026814,,0.2166031562708649,0.3333333333333333,False,2
-0.6851312561069699,-0.72835305038883258,-0.0098486493779479517,0.71972213155641884,-0.67480562073989436,-0.16320976553421279,0.11222840662315423,-0.11890840259262769,0.98654223251703665,7.7884171065259533,5.3788578327138321,-2.2622097582376308,,0.2161929174887309,0.1666666666666667,False,6
0.74290867823502749,-0.66930824224622065,0.010638264160922003,0.66716808473869649,0.73905153434679471,-0.093217896810362993,0.054529281209117757,0.07634989483242266,0.99558889660838112,-9.3158391917574228,-10.796345716162458,-2.5092015471110938,0.2657658571085813,0.3069069084811378,0.8522727272727273,True,5
0.98581117710458999,-0.16450437985908023,0.033386106434289811,0.16708804686880915,0.98071262281733995,-0.10141171549826364,-0.016059504638343866,0.10555122194419876,0.99428418063291013,-3.4367496955097616,-10.719402868382003,-2.8099034080107304,0.2985833586654051,0.2775011156580451,0.9854545454545455,True,5
0.99462924789346363,-0.10266830978660972,-0.013110202151147037,0.10241922438348773,0.9580229887902354,0.26777276826837793,-0.014931902476509842,-0.26767736384495866,0.9633928934621877,4.5688278907766291,10.9981254185208,-1.8207441511623697,,0.3308135634533603,0.2941176470588235,False,6
-0.50716739217204876,-0.86178303144067903,0.010547181534296467,0.85367418208951995,-0.5040014309909554,-0.13123623125059541,0.11841295178819486,-0.057554880592212213,0.9912950159104118,5.4975010847419652,-20.353523585477241,-4.0308831573622124,,0.2329635295555802,0.8484848484848485,True,3
-0.325130696855016,-0.94537526674497385,-0.023571911026469938,0.93292719270854807,-0.3165722152697395,-0.17154849350593787,0.15471549071608376,-0.077766558018714099,0.98489363861607016,6.1024637749103601,-1.510901551977555,-2.5643283431515891,,0.2112456558355873,0.7268518518518519,False,7
0.96554500694016232,0.20069221739871418,0.16566675420406085,-0.23445619783915939,0.94711049265485292,0.21911642110505325,-0.11292976077069494,-0.2504083636356208,0.96153134143074315,9.9198080132618944,-9.6070803512779275,-3.3682204027523146,,0.5247787839479773,0.2258064516129032,False,4
0.80094967385222882,0.53016446104548132,0.27821801559274056,-0.58438726899794713,0.79333855876424086,0.17060319754037021,-0.13027332723596582,-0.29923164174637679,0.94524562140675328,-5.208712630436704,-6.6869093391247727,-2.4788962993869115,,0.5680899766578551,0.2786069651741294,False,2
0.30446071835644078,0.84455307013509495,0.4404926590798805,-0.94421230151631708,0.32855507947314372,0.022686767457140447,-0.12556592150395768,-0.42282581694804322,0.89746951362098093,4.1449086259644279,0.68798414665552565,-2.4165115369999914,,0.4995401000271904,0.2264150943396226,False,3
0.95749532451771391,-0.28692502862204083,0.029609651753408038,0.2884478545238634,0.95269538463030401,-0.095756667259763964,-0.00073399407172338588,0.10022740171409179,0.99496428538834725,3.7451605714096052,-7.666863188627806,-2.9353193877308095,0.2971742962879746,0.2671001419403559,0.9806949806949807,True,5
0.50142807009393398,0.79013457884925498,0.35250140117250717,-0.85583899118315865,0.5127381158822808,0.068112008427888296,-0.126923251189309,-0.33583771650634653,0.93332926477172906,10.199242736160645,1.2857033239643303,-2.5400974354984478,,0.3800444271317297,0.1769230769230769,False,2
0.58624351386708506,-0.78881182477917933,-0.18464681837852889,0.80404831010977307,0.59441106887612849,0.013483182382378875,0.099120418978083033,-0.15636939050235896,0.98271244840773719,-5.9442923398639937,-10.425597940493306,-2.7037010843713269,,0.5031932571848542,0.3333333333333333,False,6
0.84223766634606734,-0.53300807802874761,-0.080858531671249678,0.53906898664795344,0.83441961008993371,0.11466709175570589,0.006351458279713942,-0.1401652704968781,0.99010774965367165,5.7059848805018634,2.1381861774996413,-2.2708082299409789,,0.3312746540646451,0.3333333333333333,False,7
0.98556932126360819,-0.16650548594951117,0.030480094040335505,0.16842455670605777,0.98260329524774515,-0.078255561250564445,-0.016919860589217833,0.082259876713923985,0.99646727542887814,-0.02719850598736806,8.0390507262521602,-2.0878782579921298,0.3662389056570014,0.2897648075774505,0.9219512195121952,True,5
0.13016524900930682,-0.99080837527489418,-0.036820801667941543,0.98583412947483984,0.13329495128863514,-0.10180140040071091,0.1057737070964741,-0.023048198326226205,0.99412308264167404,-5.1492807662058624,-1.7167739829601993,-2.1890027257267466,0.5245937011792609,0.3998591993389313,0.5398886827458256,True,3
-0.5655604981212492,0.75990111847684916,0.32045532153870848,-0.82132976608002684,-0.48385645356858947,-0.30215947393877163,-0.074556946797547416,-0.43408895687135352,0.89777950478197455,4.6584814610999752,-11.066148135084052,-3.1922653173275197,,0.3364356898297587,0.2741935483870968,False,6
0.82261469954268163,0.56682709300384615,0.04485646813016464,-0.56045662173023081,0.82161049160451138,-0.10413729036291465,-0.095882382401775018,0.060524761232096214,0.99355086534246306,10.646942354428919,-5.6386618334667649,-2.9937628580542222,,0.2862333357075696,0.8652849740932642,True,5
0.98944980907409685,0.13796838335004916,0.044201815788574433,-0.1338936245721748,0.9873681366849546,-0.084715169587310735,-0.055331479486442826,0.07790306704524054,0.9954243012518762,-8.3902869866871406,-15.819650588050973,-2.8794794889855697,0.2506983624286481,0.2434533170540016,0.7272727272727273,True,5
-0.83326814566704666,0.55022112822435609,0.054045420454632953,-0.55182809137131716,-0.82171995181402813,-0.14234492742715324,-0.033910986274232523,-0.14843527493917477,0.98834053552590906,13.722792626125074,3.5547505360819289,-2.4660988110216051,,0.2695114749031016,0.9753086419753086,True,5
0.99855775741792518,0.037402775271102237,0.038515419022810929,-0.034348388832068172,0.99642981143442722,-0.077122104933621566,-0.041262492473484069,0.075687933561241538,0.99627744299873811,3.9613557698163686,3.6563032538706373,-2.30545899560863,,0.07639027780487358,0.3809523809523809,False,5
0.98842674259698271,-0.14858296335904744,-0.030588846309743501,0.15037758582909963,0.93313455083557706,0.32656774445296521,-0.019978893846480671,-0.327388168748245,0.94467869181237563,5.9469792233264345,-9.4190302510493531,-3.160196678274207,,0.3579428763494666,0.2183908045977012,False,3
0.51785974320684935,-0.85546004196372338,0.0030664261221199068,0.85123026306815541,0.51493634798499732,-0.10123041420835258,0.08501956011799211,0.055033391021271603,0.9948582815004583,-20.650329696642412,-5.5860899144809677,-1.6313943355739737,0.3077558380294103,0.2522623959858841,0.9574468085106383,True,2
0.71263348989304232,0.58964226004482201,0.38009934787118049,-0.68554544464515499,0.70033964594282272,0.1988764029415207,-0.1489327110111775,-0.40230136153127283,0.90331205134269332,-5.8557332614466171,-6.9688663506918376,-2.4097805718269507,,0.7062641827527181,0.3430232558139535,False,2
0.53345599466286675,-0.83189121447692094,-0.15291078782859871,0.83939748509308409,0.54292705741961567,-0.025339146415806368,0.10409881736915008,-0.11483561119177602,0.98791508674812423,-7.1227642901281758,-10.146079778751158,-2.6243798335585908,0.5974266251494476,0.178178006628876,0.1714285714285714,True,2
0.99844714498113052,0.040958509330704253,0.037758432070689213,-0.037105943250009071,0.99453123144717925,-0.097625706920284938,-0.041550543372588282,0.096073046113698726,0.9945066727558336,-26.867200499459781,-8.2304090968383132,-1.5682023086900037,,0.1504558825435152,0.625,True,1
0.9882135957993784,0.14810805912512481,0.038702608432146776,-0.14722463390432086,0.98879279141226761,-0.024773429776190861,-0.041938004828582551,0.018783462761847902,0.99894363468499714,-1.544235298851137,-5.4921656282419864,-2.5654563091788409,0.3518408149310711,0.3973784776232317,0.422613531047266,True,5
0.31533833731701855,0.87406566381970185,0.36955506808804822,-0.94057832180413414,0.3395763428887425,-0.00057262765049510833,-0.12599267268479114,-0.34741491430526017,0.92920865458088153,8.8709453745106419,-5.0845854375678758,-2.9051097550216691,,0.3074225844315078,0.1866666666666667,False,1
-0.029733370943794017,-0.99949153352018283,-0.01151525396128485,0.99379399561864468,-0.02832455661037471,-0.10756957639200987,0.10718871640545713,-0.014642196361879117,0.99413086923254301,12.066542326291239,-15.467469823732014,-3.8911989043833963,,0.2942072671717009,0.9811320754716981,True,4
0.71590017580339815,-0.69786793691518878,0.021616681299392496,0.69565807826677928,0.71030831776977355,-0.10734026201404742,0.059554818670142375,0.091882731417880281,0.99398731744441993,-18.489745006940513,1.0644335257051403,-1.1935014141268623,0.2462864719071619,0.256644698603809,0.9605263157894737,True,5
0.73015322567543306,0.65323139829130805,0.20041209375220312,-0.67451253568822966,0.73592426703463165,0.058722332966041194,-0.10912885152513108,-0.1780567703737275,0.97795024428080346,8.9804326167884554,-2.472163532703584,-2.6629977778573717,,0.3831088985872806,0.1339285714285714,False,2
0.96212452026814133,0.24488502591153663,0.11978201694371725,-0.25948721217972026,0.95735402030883654,0.12704198720779483,-0.083563115152534923,-0.15331211264220004,0.98463831019475878,-3.5619735282979001,-18.798950655007047,-3.364733130862732,,0.1764848012443365,0.3225806451612903,False,2
0.9516823560393759,-0.30570874843720364,0.029031953642509371,0.3070724272485259,0.9465564092802542,-0.098678713379182742,0.0026865641702990516,0.10282570291240697,0.99469576112172498,-6.0263972641963033,-2.3440433815169071,-2.1988288469815012,0.2948577157892772,0.2704819332440058,0.9780564263322884,True,5
0.77060265226577662,-0.59986465434521807,-0.21525322015766071,0.6354203376500509,0.74919187073266325,0.18695597163179317,0.049117683390467612,-0.28084504142922667,0.95849544385091878,8.7565460761937981,7.7962333767591767,-2.1485182851338354,,0.201010663556675,0.25,False,2
-0.94749692793276075,0.31055308574330343,0.076199425806845245,-0.3172900902139173,-0.88348953559727561,-0.34463493604414869,-0.039706047524587638,-0.35071786584863696,0.93563903743086341,9.6509730789378203,-0.42451445745238514,-2.5503900531426615,,0.4163940006771262,0.4394904458598726,False,7
0.98950943978943418,-0.13905531364137333,0.03917509815813263,0.14121405830097802,0.98821135919429337,-0.059134586305612712,-0.030490298551638251,0.064046305962695879,0.99748103359751394,-6.8171461109875571,7.1426962708843922,-1.7190596826885136,,0.2229226508196284,0.8775510204081632,False,9
0.41447011977492071,-0.89686125250698434,-0.15444874089925617,0.90627872105982699,0.42221987861947147,-0.019729517295744708,0.082905968228633969,-0.13179631197480984,0.9878037925529094,2.1894636065233941,6.0365417824167906,-2.2218936268454232,,0.8116467741033843,0.6468842729970327,False,2
0.81852238822216394,-0.56477287476452076,-0.10513182158273492,0.57345640589682267,0.81416396540864977,0.091020810620218731,0.034188455873056182,-0.13479108783699992,0.99028405628119354,8.4333591370508856,-7.0274537840591789,-3.0855647405329218,,0.2339918610230471,0.2566371681415929,False,5
0.98267756737092249,-0.18261012874125654,-0.031596510362193242,0.18510276762779124,0.95881788220197672,0.21541874149258566,-0.0090423449667895728,-0.2175357663714618,0.9760104642608517,6.0536611706862029,-19.514408783343484,-3.9689229733951761,,0.330792437087017,0.2105263157894737,False,2
-0.96973336551667411,-0.23988832687603842,-0.045505938429167669,0.24164890330272512,-0.91622586042432719,-0.31958720284500064,0.034971521789799689,-0.32091083390611214,0.94646353830741381,2.0820754254213178,0.12208789034423462,-2.3840684112378554,,0.2812294301734927,0.2566735112936345,False,5
0.99196459301305329,-0.12208758406512073,0.033179331301113599,0.12452498167673448,0.98852270549505139,-0.085535896903892003,-0.02235565134045403,0.088980236782593244,0.99578247740922698,-11.967026734283452,3.043401804797278,-1.4574379421264725,0.3754019775143448,0.3177798643321908,0.9946524064171123,True,5
-0.081587932251255768,-0.99206382279343075,-0.095670166799521478,0.98503507566323845,-0.065641473222663088,-0.15936466580229269,0.15181998888184162,-0.10724070354880276,0.98257321481825199,4.390471638785419,-9.9591885101559825,-3.1021707934647882,,0.2269990881963073,0.2393162393162393,False,6
0.98871499546611308,0.14394246327227764,0.04151174541685515,-0.13994641384933765,0.98633595822352238,-0.086927433908962723,-0.053457076156058908,0.080137037519465354,0.99534938399862893,-2.9023686961846469,0.36926000702836992,-2.2499646100627961,,0.2830682038112768,0.9426751592356688,False,5
0.91789527656652237,0.39432696862373046,0.044435380868033593,-0.38858441972408514,0.9158848635584248,-0.1007822675487232,-0.08043885879699933,0.075240670654812977,0.99391570642326144,-19.146982009551145,-13.269611128715251,-2.2861563694640443,0.3135174207405864,0.2179311640506263,0.8333333333333334,True,2
-0.61885522148482819,-0.77263296266358339,-0.14162104309267753,0.7719234055955988,-0.56480728287381254,-0.29176529798177564,0.14543889003515217,-0.28988107599219937,0.94594740395380761,9.6430515734155478,-3.77289123663114,-2.8080827230787166,,0.3086514675751561,1.0,False,4
-0.85348164569491114,-0.51955243413201069,-0.040427078170569605,0.51303642673492034,-0.82409229756534874,-0.24013644025122483,0.091447828322881314,-0.22569260794489543,0.96989697463909075,2.0068387422916594,-1.1454215226880637,-2.4907193100115568,,0.1383064725192803,0.194078947368421,False,5
0.84607450953338981,-0.53210188915516798,0.032023489430954913,0.53275770598536498,0.84609848787371922,-0.016928541904639563,-0.018087316855869829,0.031383568555965489,0.99934374496148604,-4.2352699741808353,-4.3083326641376916,-2.3959823659624941,0.228992559785261,0.1634137202124889,0.2065217391304348,True,6
0.15998703319602503,0.9856428315414596,0.053966265759898477,-0.9789827658213518,0.16543592645735727,-0.11926314796269963,-0.1264788260299361,-0.033751486902504631,0.99139494839239517,1.7344122334462713,-14.253016102762858,-3.3108423263570068,,0.2341899312754342,0.9735099337748344,True,5
-0.45803081644087251,-0.88892356058270394,0.004761788684454437,0.88084618851981022,-0.4545768609605586,-0.13217363447135932,0.11965685672217438,-0.056345194295635739,0.99121514098562669,-9.8277387373745579,12.390895847747505,-1.310663199935552,0.3429798546902197,0.2852716600324484,0.6129032258064516,True,5
0.8766401184398378,0.47768098940030701,0.057645252253162929,-0.47253417871322362,0.87731401750001603,-0.083854425320320503,-0.090628652696629064,0.046270801414345378,0.99480925822333799,-13.033145658471959,-3.6453030573487255,-1.841057006106724,0.2396942387218935,0.2316109743021117,0.9763779527559056,True,5
-0.9712384501537985,-0.23733636711961381,-0.019165640748728577,0.22619246440301546,-0.89449318755963902,-0.38564090350569108,0.0743830759658132,-0.37888439694959614,0.92244987492979968,-4.4340335333311449,-5.9731550079293401,-2.4868065786940532,,0.4817207466988045,0.2978723404255319,False,3
0.91197629129865365,-0.40978848229231474,0.019303986368486268,0.40991527877546646,0.90835836910063894,-0.082792134356228023,0.01639232550876096,0.083417462592608557,0.99637985658032335,-13.482272917900078,8.1586606305416414,-1.2237284668363366,0.3101235854585092,0.2916065051161869,0.8977272727272727,True,5
0.97691694353071623,-0.21215192925701962,0.024996886908732821,0.2133260268317376,0.97500421580786767,-0.06211912292579596,-0.011193378345625404,0.066017710270879673,0.99775566658967263,-8.3855341390571603,21.711110141426332,-1.2186364247187651,0.2237104170126739,0.2008302698228132,0.5348837209302325,True,5
-0.89914396369834104,0.42895167893606262,0.086836568810427311,-0.43264617502213992,-0.84125899011113259,-0.32419222507010964,-0.066010755059665582,-0.32906499159760144,0.94199724602640011,3.5277259064593736,4.4452489325713342,-2.2903013712399534,,0.1714249551419025,0.3846153846153846,False,4
0.9647307173589128,-0.26228214965914987,-0.022421350412771941,0.26316001936382144,0.95885428631908265,0.10651413904245757,-0.0064379494088008284,-0.10865786477608509,0.99405835906636364,-1.0397858293652373,-11.371759060636752,-2.9772821406580006,,0.3351718508137552,0.1944444444444444,False,6
-0.84518546179855136,-0.53169862521663958,-0.054388483221228148,0.52806269669167727,-0.81500009239442572,-0.23858884667937252,0.082530742920952332,-0.23037235367946082,0.96959643931539996,7.527899250450286,15.170490618418803,-1.7278095402804148,0.4961730085881101,0.2536001465674482,0.3333333333333333,True,12
-0.45471074434292158,-0.86016477650754464,-0.23098635508365264,0.88155692258538176,-0.39773070481762962,-0.2542984048063664,0.12686816472581688,-0.31925983728147955,0.93913663812999326,9.394048837167654,-2.2234099432675265,-2.6583526430251481,,0.2861870780351393,0.2077922077922078,False,2
0.61000736075175177,0.78613604798019976,0.099403892754532014,-0.78512396089768643,0.61659082843734858,-0.058276207076921313,-0.10710455570614094,-0.042495462734471662,0.99333919171347151,1.9935699488144558,12.448768836134709,-1.7258974531866775,0.3619248351268398,0.1559095002417198,0.1666666666666667,True,5
-0.04670618032060158,-0.99889087874932636,0.0059619687400520923,0.99206246470122439,-0.047082827160648828,-0.11659877150936125,0.11675015567780288,0.00046876215545087543,0.99316120615499781,-9.8999169250060035,16.818678203670451,-1.3618827940112435,0.4553324123465336,0.3110501301894267,0.9107142857142857,True,5
-0.2706074676213589,0.9394600758106445,0.21020552900771497,-0.95679770443034173,-0.23834029781863289,-0.1665294425396146,-0.10634731432614863,-0.2461882783431889,0.96336990836440006,-13.125924215707297,10.328151754700581,-1.2089220365506124,,0.2632316793955671,0.3125,False,5
0.78096081769321068,-0.61774901327912557,-0.092121429757785186,0.62283094504628367,0.78128685197460779,0.040895828935982162,0.046709903882425088,-0.08931411716114239,0.99490762051309101,-4.7150640039132696,-7.7815759882838895,-2.5468649603950775,,0.2220142685123383,0.3780487804878049,False,1
0.50925806558294218,-0.86059829240826635,0.0051770399549820999,0.85679723250377882,0.50642454271383341,-0.09712201043507368,0.080961256243869212,0.053895840665682107,0.99525901821905327,2.3136024840363416,-24.238113208027613,-4.1394061456948332,,0.3029676347896293,1.0,True,4
0.66329937047834719,0.69568456249491839,0.27578421751304533,-0.73852962918748655,0.66803908462367867,0.091092086524309959,-0.1208632778606584,-0.26409613954280431,0.95689356625664779,-6.6078240578774796,-10.017298078729356,-2.6459494199090856,,0.2071208822319974,0.1578947368421053,False,2
0.92663365974274614,-0.37404117393006014,-0.037990272923268176,0.37537925318364723,0.92609404547909813,0.037950430925663345,0.020987541805777755,-0.049426906975641054,0.99855721115806362,10.576564475485533,1.3433186694649915,-2.5548522582669007,,0.166333783081091,0.2222222222222222,False,5
0.7822094744833723,-0.62092468822751001,-0.050998721337071368,0.61750407639336624,0.78355203339906032,-0.068810802885697422,0.082686478132900615,0.02233254364750939,0.9963253503892241,4.5986383195188019,0.7982546462567548,-2.4153617545474271,,0.289310943367776,0.7860262008733624,False,5
0.8703545140145269,-0.49169177670204489,0.026874088972880409,0.49184460323407431,0.8653815265104946,-0.095935915297043456,0.023914560503010121,0.096716132563040694,0.99502466476866569,-2.4305739684713208,-16.880302310030942,-3.3821273217576486,0.4027541483432368,0.3835669608122366,1.0,True,5
0.99922381312292408,-0.021392492652352955,0.033077674437640252,0.018391637244744886,0.99590590344365926,0.088505249367068314,-0.034835599141413022,-0.087828200164800405,0.99552633731522688,15.216107857954725,-9.9651461482920958,-3.5027107435272855,,0.5309972998129104,0.3287671232876712,False,1
0.55008931655604576,-0.83501554115088039,0.012279651762423509,0.83124053250049679,0.54607091228372029,-0.10414286286595877,0.080255348352587449,0.067495220528042743,0.99448653800173548,-2.4757683260553254,-6.4709603936101416,-2.612296139993834,0.3627652285360146,0.3088339600095299,0.8571428571428571,True,5
0.12934105520844805,-0.9904578825737983,-0.04758228961485713,0.98498268289173141,0.13386436197276588,-0.10903874080816589,0.1143678531798655,-0.032764545488244715,0.99289802030116692,8.4306513188990468,-3.4554995360669984,-2.7647201667765935,,0.1152419422978992,0.2531645569620253,False,5
0.99238584841748689,0.11611474036265251,0.041081564371612818,-0.11185044905447485,0.98925408872778975,-0.094158509873846871,-0.051573296452887822,0.088846581284058618,0.99470924399400173,6.6368937572780311,6.6430645411133211,-2.1753277360927599,0.4559218406261359,0.3703494974960583,0.9906542056074766,True,5
0.91284351461294022,0.40575244166117941,0.045625364821403558,-0.39986550492267359,0.91097437488814403,-0.10115960789806951,-0.082609296099350818,0.074098882468948996,0.99382345505367453,2.5507797294502819,1.6624130817219587,-2.3534698652093584,,0.2917426021994781,0.9616368286445013,False,5
-0.93851848818703509,-0.34514209374458227,0.0077448341962196646,0.33681675382474774,-0.92034129039316259,-0.19881243306294305,0.075746430107828694,-0.18398055419813794,0.98000695609922328,1.4112018063591449,-19.394540975867375,-3.7726341761087676,,0.09136374052298606,0.3043478260869565,False,1
-0.41259572841966857,0.90343579945239505,0.11648399528541951,-0.90593527363190263,-0.3936198689234604,-0.15602781411712002,-0.095110698027782284,-0.16990336976201567,0.9808602347246923,-11.337424117690999,8.4724532499203775,-1.3372449888093056,,0.238394812199153,0.2647058823529412,False,4
0.16923776405281848,0.97205924712540204,0.16266345408971991,-0.97659066415003848,0.18762973901871707,-0.10519389588162895,-0.13277520067162144,-0.14105283093140694,0.98105802324472435,10.436253509482894,-0.034303178072146001,-2.58541333400286,,0.2588169174902827,0.4193548387096774,False,4
0.36187162889571262,-0.93204015833858023,0.018710089378650069,0.92693374358051495,0.35760811048627078,-0.11362338811288558,0.099210680937971599,0.058460093727537771,0.99334770258414096,0.80002575998234515,7.5454968939751534,-2.1026094225490732,,0.6358182652648385,0.303921568627451,False,1
0.47846366664404799,-0.85514936468558467,-0.19947953223168546,0.86601166734283785,0.49711155441392968,-0.05388779541086354,0.14524569435136361,-0.1469682501290854,0.97841914419454357,3.878295975888276,16.001480172848375,-1.6475454948489794,,0.2466071624915132,0.25,False,5
0.070979068667237077,-0.96521432743640612,-0.25164116102621037,0.99255417659974232,0.093379236360346535,-0.078208213962266737,0.098985748093050302,-0.24421633919180361,0.96465548324063055,-12.071246833884272,-2.1864260528605057,-1.7660537309523785,,0.2601869169112389,0.1702127659574468,False,5
-0.37275930260921464,0.90808090392216667,0.19089152482546795,-0.92270740224146486,-0.34094290777616898,-0.17991382238710529,-0.098293194917552992,-0.24320157394439509,0.96498261241530603,-11.514742904495035,15.729975644978975,-1.2475225105278469,,0.1035348688094893,0.2352941176470588,False,1
-0.97582829738094901,-0.21849632665672303,0.0042999148963720531,0.209654227892525,-0.94152915807316317,-0.26375736809581168,0.061678511309747427,-0.25648040809301376,0.96457947391962162,12.557719260701575,-5.1344539935840361,-2.9835634778264652,,0.08632135344856648,0.1111111111111111,False,1
-0.60254562902127062,0.7835332551987606,0.15170498655283249,-0.79413533532626546,-0.56974591427552468,-0.2115151586827454,-0.079295864542874239,-0.24792182470282884,0.96552935465599277,5.3869715191230236,-25.022415768517956,-4.4182023086711419,,0.1730480321488314,0.4,False,2
0.90261474008771347,-0.43042966079871042,0.0041155900053900466,0.42975521716906973,0.90057528468140369,-0.065380501198528007,0.024435308312996069,0.060782100372659208,0.99785191886468461,7.1013218523240225,-4.5539726410178458,-2.8267936866131715,,0.07722725117476635,0.1076923076923077,False,3
-0.76487552832605188,-0.64416317214696495,0.0043856376391005428,0.6382459602011783,-0.75873615142120865,-0.13023650338291531,0.087221100972286844,-0.096815598826282892,0.99147325701154931,-2.9512374077130903,1.5131247199578883,-2.1830392237777518,,0.06867567351136716,0.15625,False,2
0.92400967662355415,-0.35508135928381845,-0.1418567791654316,0.38217568810764052,0.86943190977422291,0.31309726553548661,0.01215980778983412,-0.34351911526944645,0.93906696061516859,-2.4615442651054757,-5.1159829552002662,-2.4999004532390008,,0.2235338679495423,0.575,False,1
-0.6473607310146956,-0.75698202115728197,-0.088894901905303109,0.75682820952511021,-0.62462300240915802,-0.19250237953953614,0.090195039814466346,-0.19189665058568359,0.97726175116335201,5.5462410897365029,18.019765473834514,-1.5762904615446456,,0.2291595671142445,0.2790697674418605,False,4
-0.30697520133135126,-0.89742197697320614,-0.31685962351343872,0.94333756754559417,-0.24282937807720428,-0.2261595162707058,0.1260176948874154,-0.36833094953878093,0.92111446204427916,4.1558129877690524,16.277179969090287,-1.6447903188206898,,0.2741776938614941,0.2,False,1
-0.34550061325542453,0.9347113525904982,0.083330748097968491,-0.93332929272254994,-0.33303388333387968,-0.13410765786330439,-0.097599987633969265,-0.12410930621833818,0.98745689653971847,-13.171662467608938,13.08429752086194,-1.088304873478241,0.2356230256492519,0.1878224349531186,0.25,True,3
0.1928138501398958,-0.95940844274286008,-0.20581122221090925,0.97357369457682508,0.21321271311763573,-0.081820536499383756,0.12238088258490377,-0.18459625933028889,0.97516518632434968,3.1738704857153146,6.9967875902800545,-2.0733878474193648,,0.238421928506853,0.3023255813953488,False,2
-0.23424500829892647,-0.95895144336087224,-0.15981678686275508,0.95904950417138257,-0.20101345851754873,-0.19954357429754366,0.15922727352957261,-0.20001429641631438,0.96676830553831516,8.8831599769828067,5.4330115564667425,-2.2882993079673533,,0.2643039071715307,0.2777777777777778,False,3
-0.079345626102851549,-0.99237669996417388,-0.094301415612710437,0.99115006317908161,-0.068438947145759432,-0.11374384719043641,0.10642285411718605,-0.10249193081308713,0.98902455997804029,7.0492606530221975,9.0402549207407343,-2.0160989367586826,,0.1376045982999765,0.28125,False,3
0.93225816116177729,-0.3609629808125186,0.02450402885655905,0.36167259629883858,0.92805329571448558,-0.088938256110288563,0.009362373295224484,0.091775850834646192,0.99573567736114477,-22.973949767016872,-9.5284920129315083,-1.7990093934700071,,0.2725234584345975,1.0,True,1
0.21013605991596682,0.92719587785687274,0.31008166732042591,-0.96956914310360243,0.23838476746076315,-0.055752841936742882,-0.12561255138057933,-0.28892993394229699,0.94907374856106963,-11.851851278887477,16.86831289419241,-1.2312952097457519,,0.3394011284077741,0.2608695652173913,False,1
0.50300732043172014,-0.86428101291158155,-0.0014022526987351805,0.85991177728301538,0.50062608421770638,-0.099625594556879596,0.086806514053189968,0.048906589754103724,0.995024007045336,9.4723465498415322,5.3608859463707201,-2.3085684624617118,,0.1157772710259872,0.3428571428571429,True,3
0.99612892854556057,-0.083049897243101287,0.028807503928383531,0.083725096194183141,0.99622156067119394,-0.02308051821615105,-0.026781821856406905,0.025403082918449088,0.99931847646097816,-5.3135876122081562,-5.1846169143633505,-2.381551055841503,,0.0868542747807698,0.25,False,1
0.99593364814724683,-0.0841160070231812,0.032259352916496772,0.086623736988437228,0.99248675375222029,-0.086408169848325778,-0.024748670232419098,0.088851229529225889,0.99573739627116087,9.1862873967799548,9.9467140398236804,-2.0468778767572631,0.2787766605014044,0.2128825315609484,0.7575757575757576,True,3
-0.11486663330090249,0.9848818653703163,0.12966637119469587,-0.98662849462597735,-0.097916201586595697,-0.13029440148728574,-0.11562815464320476,-0.14289901585223663,0.98295981663660514,11.033118713045555,17.857378618554197,-1.5556566427542711,,0.1309753506349933,0.15,False,1
0.19780145008354025,0.96844878902775411,0.15159660080465259,-0.97217866323667979,0.21360981066570284,-0.096122294680815026,-0.12547204107765025,-0.12836585144826909,0.98375757943192976,-31.375818419162687,5.0353529693423651,-0.41660608330473287,,0.2158804022992027,0.35,False,1
0.79133508857134482,-0.61138215698598941,-0.00079731733949668301,0.60957647050150876,0.78909674862235868,-0.075781580377721341,0.046960666591355518,0.059482597730600613,0.99712412284555352,-21.966066603934387,7.0734785536988278,-0.63211723030402744,0.240325065141231,0.3074666982508473,0.8775510204081632,True,2
0.48994135753322232,0.86207996769054585,0.12952063729449015,-0.86302778102731703,0.50062401952468694,-0.067517703234131116,-0.1230468014763863,-0.078700193021452203,0.98927537332373616,-19.257280951041608,-9.0693921732171443,-1.9037688380661602,,0.1501280882875407,0.3478260869565217,False,1
0.99997800666005465,-0.0011700408272310877,-0.0065281850958510655,0.00085069988648275429,0.99881273111714608,-0.048707334848158396,0.0065774239551832196,0.048700710084865324,0.99879175924280805,-17.44203876945906,5.047775647667617,-1.0268245952774475,0.2615038755906804,0.2087786383239684,0.4666666666666667,True,2
0.57537568296436092,-0.81750863846424104,0.024948937645489701,0.81419231327885022,0.56961134355014131,-0.1124001525650143,0.077676897794201727,0.084985547802824482,0.99334976529605301,12.046612947954431,17.455879521728139,-1.5673843562445002,0.3454308552052903,0.3083503824366189,0.9666666666666667,True,2
-0.89292588947143903,-0.44125314022300971,-0.089325372403200806,0.44060438730976259,-0.81575915571584368,-0.37470624994675705,0.09247231907455622,-0.37394206250314432,0.92283053920850844,-5.5498527577504877,-12.051859452935398,-2.874450145060381,,0.3338235141167503,0.1702127659574468,False,2
0.55751938961855618,-0.76685695132854226,-0.3179662661328192,0.82630046649359268,0.54951609592536732,0.12352975103761159,0.07999793292219648,-0.33160590543299567,0.94002013500251125,-9.6658216130597943,5.4081027325497679,-1.5844750365909632,,0.1774505286448487,0.1805555555555556,False,2
-0.58891736524872462,-0.80802443879096653,-0.016517966734536073,0.79933390370975954,-0.57932212459487009,-0.15953427949817817,0.11933837307679783,-0.10715587838018545,0.98705418819837509,1.3737587827860809,14.883855605604996,-1.7392593801164089,,0.1883049486850663,0.6060606060606061,False,2
-0.86047041801887891,0.49829108266816391,0.10628573115806753,-0.50862633809874314,-0.8278818421485018,-0.23645486595345627,-0.029831324252861981,-0.25752213958064379,0.9658118034685268,8.6410629959760019,12.068553223455135,-1.9182740060767471,,0.319503377368978,0.282051282051282,False,2
0.49831698542567276,-0.86698219880397775,0.0046956355576049588,0.86268495212059171,0.49529314154863247,-0.1022710971857597,0.086341504625311635,0.055014278981971934,0.99474548186314049,-18.572799038712684,-17.145994725598573,-2.6542709824459787,,0.2281470729349661,0.851063829787234,False,1
0.26675422821428157,0.92377407487719942,0.27474286217220867,-0.95549230806443786,0.29076125124551999,-0.049923381334136728,-0.12600250378265063,-0.24919741844351828,0.96022081610512344,2.2115624483705258,-12.984861475511964,-3.268031150898651,,0.2232221103383816,0.1935483870967742,False,1
0.85392574321216619,0.5166943822269553,0.061949499228431307,-0.5118571466796209,0.85541857039147917,-0.079128571466913059,-0.093878040417050918,0.035860630285904541,0.99493765067111184,-24.827281384823127,-1.1027385358839261,-1.1452165143252824,,0.213082279221576,0.5652173913043478,False,1
0.58429154156844587,0.78520637986658759,0.20507153744090481,-0.80273888155383633,0.59631789723669915,0.0039055699836835905,-0.11922114952165358,-0.16690088811030754,0.97873919460432646,-26.53972248016575,2.0037170151954125,-0.85588201858256885,,0.5106197210020593,0.3461538461538461,False,1
-0.46329818733712902,0.88332074619424628,0.071409025710826274,-0.88162643179994138,-0.4512290556841041,-0.1383010269597966,-0.089942339094740115,-0.12703069963308325,0.98781252117438545,14.862839448480491,17.704845048305398,-1.5219323307663899,,0.1542129450532945,0.5789473684210527,False,1
-0.87315785574695692,-0.48679138580696424,-0.025089951205827195,0.47894509463139812,-0.84724133364030951,-0.22976883796527037,0.090592247327774503,-0.2126411749297977,0.97292177252263101,-12.776021822776437,17.328955062955295,-1.1012940647748195,,0.1752810975059188,0.2727272727272727,False,1
-0.73441771005062872,0.64080143729582306,0.22361606633602718,-0.67646924246138662,-0.66445538477015009,-0.31762935263238951,-0.054954446296084689,-0.3845420128016705,0.92147026496937567,10.137051049043833,6.0552756328785406,-2.254111056999208,,0.2121556340327941,0.2068965517241379,False,1
