axis_00,axis_01,axis_02,axis_10,axis_11,axis_12,axis_20,axis_21,axis_22,location_x,location_y,location_z,dbh,dbh_approximation,score,reconstructed,number_clusters
-0.97651953246324574,0.20820243556027096,-0.055329454583744803,-0.19767311481509189,-0.96808224672931131,-0.15408472749376323,-0.085644278250581254,-0.13952960042334733,0.98650724691136316,-9.8763219876763966,7.6604776540150787,-1.4185391877932825,0.2467137710879653,0.2166461441985734,0.875,True,5
0.99735464778393079,-0.042011116146843872,-0.059319243622013525,0.049419575780309977,0.99034370614298928,0.12952624920325284,0.053304897274880823,-0.13211513850829262,0.98980006976330814,10.1072862631648,8.5535240777343837,-1.1526853941289663,,0.6208658866559261,0.2953020134228188,False,4
-0.80541016701016988,0.59220578943967872,-0.024632617213286221,-0.58393586994191227,-0.79991877939557399,-0.13837935599458615,-0.10165314885349858,-0.097068271460973021,0.99007292054865648,0.83067202886964198,-20.305235760561832,-4.5221322636349512,0.2986501656019919,0.3065408237724415,0.9891304347826086,True,4
-0.54324498313358371,0.83942360656868453,-0.015902736727194708,-0.83191803521143592,-0.54074667002247068,-0.12452076754322217,-0.11312502371330695,-0.054415508771226084,0.99208955312261615,7.482648574810657,19.965116986311713,0.19438189338328093,0.2778908774683949,0.2829655497333883,0.9444444444444444,True,4
-0.72184486261138814,0.69188450883945984,-0.015356456281517002,-0.68457991556015851,-0.71712484676197452,-0.13069924777236269,-0.10144128120835784,-0.083831859007148748,0.99130312512480911,9.3945396156036001,20.974684573240395,0.37850658084600497,0.2069230430977061,0.177930145272629,0.6470588235294118,True,5
-0.62619706706049649,0.77942578068026025,-0.019305067101656911,-0.77237301366739564,-0.62352887475866159,-0.1210440832942391,-0.10638214588537531,-0.060886737087520938,0.99245939175548037,-22.000218062377506,7.498772884172169,-1.8979522687220514,,0.195431865278363,0.696969696969697,False,1
-0.85782967645465125,0.51377245213374578,-0.012888507368416726,-0.50538110544905301,-0.84784440006243778,-0.1604674781314194,-0.093371218524773189,-0.13114015674553064,0.98695697719807229,8.3068765993377447,-13.594098248796241,-3.7044108984562714,0.2497648669795608,0.2216178364301655,0.9393939393939394,True,5
0.12316309130047423,0.99210283625182394,-0.023723727413654902,-0.98825606882558648,0.12043661897253542,-0.094047664723065444,-0.090447749395487234,0.035028318708591688,0.99528499512337665,-7.6260306571248053,6.5265003386095373,-1.4464065248723623,0.1593949177378938,0.1420842765524954,0.6222222222222222,True,5
-0.73270437591661519,-0.67225719921612426,-0.10589879892961915,0.68024684809127756,-0.71883839899974167,-0.14330241374579317,0.020211956227094156,-0.17703562981948134,0.9839968813974429,22.144336742699494,10.682353764919696,-0.67731627581162845,,0.1723022148299655,0.2222222222222222,False,5
-0.33187420542559454,0.93258843685320636,0.14190954591155533,-0.93638893823891867,-0.30747795396599842,-0.1692130732794436,-0.1141720986796744,-0.18903998326432664,0.97530949785721965,3.6145846017131062,9.3032613832830222,-1.1115520709641165,,0.5559141430114911,0.2116788321167883,False,5
-0.43149956595365063,0.90182904774493977,0.022638313216053221,-0.89479724328286425,-0.42467595598017122,-0.13779777148312788,-0.11465608573119802,-0.079716378842648372,0.99020163651097726,-11.969412601814755,11.949211070843784,-1.0098718138680651,,0.164242265851249,0.4081632653061225,False,5
-0.56920073443620522,0.82210325752884839,-0.012520298628225781,-0.81451493556166998,-0.56589300220901384,-0.12779096133074816,-0.11214251497203127,-0.062540738813388397,0.99172209430082903,-11.50617821781184,-6.2396135592248321,-2.9687286351418529,,0.2422478026024203,0.9174311926605505,True,5
0.42336637479641726,0.90564168814753787,-0.023959244166242462,-0.90373012460353952,0.42032350230416626,-0.081240478179478284,-0.063504130383860227,0.056047177449338098,0.99640651308798278,-3.0745332594716963,-3.2540456435534613,-2.3907802672924001,0.2835064783071501,0.2329535871117453,0.9417989417989417,True,5
-0.45849711672595467,0.88855406130455183,0.01587684141048764,-0.88228566938014497,-0.45297538658027131,-0.12800506536416234,-0.10654760232129175,-0.072697863047280264,0.99164642345341159,23.537675301958114,-4.2391409835581539,-2.3100526846309224,0.1898344242418201,0.2386690922912482,0.6842105263157895,True,5
-0.25877203553626443,0.96590869907866461,-0.0075775107113216569,-0.96037076929888676,-0.25811362101475366,-0.10519193943889757,-0.10356166810496456,-0.019943512499408473,0.99442306751628762,2.0665576877041851,14.657407597629209,-0.39472362417678786,0.1705445390999779,0.1994879940133911,0.922077922077922,True,5
-0.98598097839191234,0.16639873485920922,0.012368156151249688,-0.15331144567011484,-0.87418631347591058,-0.4607536109005943,-0.065856745105315889,-0.45619047597319629,0.88744190725674088,12.810581490716798,8.7209592499577884,-1.116603613544233,,0.2261539751914939,0.3478260869565217,False,5
-0.39806063322402224,0.9173445095517172,0.0051752364786591225,-0.91098047521058267,-0.39462240997601034,-0.11994885297420277,-0.10799215741150686,-0.052461455756062342,0.99276658364268244,16.990437748597831,-4.0204804586559026,-2.4291553888608748,0.2694188120664905,0.2495625948239013,0.9577464788732394,True,5
0.053566770219190062,0.97415162071544714,0.21945209268938834,-0.99374105694876702,0.073578931010819873,-0.08405267780179379,-0.098027102694263304,-0.21357612406065538,0.97199584688855312,-5.5258703868108334,-7.3057584414062502,-2.8768286949096815,,0.4046841890558627,0.4468085106382979,False,5
-0.75094727783144777,0.65940234987487323,-0.035591106993664662,-0.65294926298031841,-0.74949124265238065,-0.10917938065793228,-0.098668363171779364,-0.05874877162023065,0.99338468678660241,12.816288404259458,-3.7133947874542428,-2.4903343239248406,0.2717976379397855,0.2442277511309453,0.9699248120300752,True,5
-0.99166733761170123,0.12790782525410194,0.015345349552382984,-0.12096928690233066,-0.88360530120736624,-0.4523362723733082,-0.044298116669451326,-0.45042342292225901,0.89171543495811134,-3.3013419581220975,-8.549302913431351,-2.9741564422137459,,0.3206927908606942,0.189873417721519,False,8
0.13196240928287806,0.99096548876346136,-0.023944156198395683,-0.98784042406633765,0.12946635560676797,-0.086079959028457192,-0.082202306030288302,0.035012324197300437,0.99600046086214566,-5.3600005041543923,-9.6744353300266042,-3.2048448490320061,0.3568662761956042,0.1856465398916113,0.9345794392523364,True,5
-0.52653274536149364,0.84991603090464352,-0.020149651942044985,-0.8432469840245691,-0.52512298874575847,-0.11480579525524728,-0.1081563312781844,-0.04345787732988067,0.99318357865120999,3.3792610407976804,-7.0889241135452723,-2.9648110910703021,0.2890562322102243,0.2560602422977879,0.9300184162062615,True,5
0.015422264987054396,0.99987295285307298,0.0040288826672235829,-0.99500220730270295,0.015744451343338541,-0.098603852433091416,-0.09865475764208588,-0.0024880524058835292,0.99511861021177139,25.273293062779988,-7.452215248032183,-2.7280781949840591,0.2701069096190209,0.1910263689250415,0.4705882352941176,True,3
-0.85278422520892405,0.52076319354318235,-0.039557066189520103,-0.51339486219061248,-0.84979393443000784,-0.11948215131244815,-0.095837261600580703,-0.081584099288247891,0.99204800994318221,0.93674157341187214,10.733774586064493,-0.87540357964930637,0.1368932130525339,0.1203122158287562,0.543859649122807,True,5
0.91573620503868569,-0.37812348337595553,-0.13583016638795509,0.39502711349991732,0.90905550972323146,0.13255813759162205,0.073353816405620498,-0.17504488441959529,0.98182407082799761,11.999394263395324,8.831435799293363,-1.0836440474833315,,0.5195463425437803,0.1428571428571428,False,5
0.69406482941692815,0.71845352457311829,0.045809885340545295,-0.71929703055509109,0.68943539200608106,0.085385139714413069,0.029762298316475713,-0.092213736926148149,0.99529434456397692,-1.5762624698781533,8.1241345833288268,-1.1812283027478978,,0.759166447451811,0.5533596837944664,False,4
-0.40560368066654878,0.91375178335489049,-0.023309496895173965,-0.90767483029381613,-0.40565058669514054,-0.10758254488987108,-0.10775925334207311,-0.02247843254424467,0.99392286591541579,-2.2605626597692381,-8.148360507060417,-2.9060311320116154,0.2474424863491116,0.2220329831183762,0.9855907780979827,True,5
0.072435045721685257,-0.99454792554975024,-0.075017250922612327,0.99264957479239502,0.079199331642919021,-0.091511133376175308,0.0969535239987417,-0.067837229100279034,0.99297438261629978,-13.180148734587553,6.3347157245198273,-1.6600515308665111,,0.2057012290336871,0.972972972972973,True,5
-0.26047003883824538,0.96532718531317152,-0.017285374249773264,-0.95991659250760508,-0.26084663892690779,-0.10256298742297704,-0.10351567174197961,-0.010122067767368247,0.99457631655289347,11.889208503212854,-14.581536081554695,-3.792878298458612,0.2720079697542581,0.2723115512424962,1.0,True,5
-0.99821749301362783,0.040869937047780185,-0.043491204711982,-0.024248316195470878,-0.94360576424348397,-0.33018204198314005,-0.054533070730278001,-0.32853890170295219,0.94291480753276191,-7.0906467661921173,-13.288843412580231,-3.6642500947520937,,0.2679855029746889,0.2666666666666667,False,1
0.11964475199038453,0.99274838789198872,0.011652109638050499,-0.98856493060960149,0.12020917872249562,-0.091044666618626632,-0.09178513654177968,-0.00062585039816203183,0.99577863856445825,-6.7375434450530616,9.1806863617079433,-1.1393112987418312,0.1419491218708262,0.1877853349140611,0.2631578947368421,True,5
-0.69194077875056959,0.72136467051543463,-0.029171404392227707,-0.71440815639477473,-0.68997602499734678,-0.11642195242084286,-0.10411025299496426,-0.05971680719044193,0.99277135240714176,-4.8018866631632298,11.742936000270854,-0.82776160321767223,,0.1220117638240772,0.6,False,5
-0.22386719009311934,0.97454655054218053,-0.011937421252025076,-0.96923671635591602,-0.22389957393202939,-0.10222117422851915,-0.10229207626895016,-0.011313780066487675,0.9946900670626978,-19.906215670729679,6.8782676362953072,-1.8696256177273376,,0.1145894506925587,0.7857142857142857,False,5
-0.58408687843136664,0.81103666123541374,-0.032589148138835573,-0.80466510135805291,-0.58383537382540407,-0.1079366987015313,-0.10656731722595128,-0.036821059222455613,0.99362347823358121,11.487515477565807,12.394575797356154,-0.60245804312806728,0.3680920200718712,0.2446005788037108,1.0,True,5
0.70426282829770126,0.70960610024146564,0.021749739727657501,-0.70967481909306407,0.70450620165679123,-0.0057151528716685579,-0.019378333864104331,-0.01141027288099155,0.99974711094827973,13.287690397091877,10.833983935167925,-0.74499287092559585,,0.2045741921193349,0.7758620689655172,False,4
-0.43430563894733593,0.90053378211422896,-0.020433287782222788,-0.89425873687261814,-0.43377907398697885,-0.1101681737072514,-0.10807369478989041,-0.02957401295130363,0.99370290039448905,-4.8784935741198749,8.2693398259552033,-1.1877029796469671,0.2558692848504352,0.2458962500298074,0.9717514124293786,True,5
-0.72602831842304605,0.68680049551903644,-0.034466798554677526,-0.67844213484743165,-0.72357206700066445,-0.12712094052532943,-0.11224593761674584,-0.068909674293169271,0.99128820545658958,9.4261319181999319,14.640684157229275,-0.39212550504966021,0.2401819204859431,0.2109271975074326,0.9803921568627451,True,5
-0.13699822589268493,0.94521768411936757,0.29630223713343279,-0.98539901069825131,-0.099515386485490409,-0.13815019930333716,-0.1010953798012804,-0.31090226355024114,0.94505000222325364,27.774595315402305,-3.968019994849628,-2.2124118945023334,,0.3728776286390071,0.2888888888888889,False,1
0.98033405973797882,-0.1891245002072667,-0.056365368259279659,0.18492198278548544,0.98009164274948524,-0.072278849570951015,0.068912927672079391,0.060434222374141033,0.99579049662350938,-24.956679659163463,4.9802237954887651,-2.2470097505133051,,0.2632826618434169,0.8157894736842105,False,1
-0.47827920346871378,0.87801014697155955,-0.018632910248089642,-0.87153533435503272,-0.477148922221448,-0.11293833270228656,-0.10805167513738247,-0.037776816142858105,0.99342727346399884,10.181876168163541,-10.357822324777068,-3.2355412001430603,0.287491220226735,0.2731120067173928,0.9661016949152542,True,5
-0.97588820357401151,-0.21094308496071956,-0.056082341537622371,0.21628337493361632,-0.96913263614206124,-0.11833611152840579,-0.029389043067317683,-0.12761249339932657,0.99138858964383569,-3.5551504190353267,14.427724673128843,-0.41446976868505186,0.2610357932206039,0.252258487734609,0.9629629629629629,True,5
0.9582220949716993,-0.26430185620805796,-0.1093386734555709,0.27112861401189442,0.96108839178134942,0.052899696096761956,0.09110264195970437,-0.080334500609113402,0.99259592818016718,-23.574749923837942,7.4959154572809101,-1.9362505782170296,,0.2164807255766251,0.4642857142857143,False,3
0.10228405843745315,-0.9834885342585703,-0.14929257976032578,0.98981155714037883,0.11556689771670733,-0.083170749085691567,0.099050758406499059,-0.13926447908230455,0.98528896884367489,2.4171801379854387,12.642476295779602,-0.61248923898200336,0.2351358455810342,0.1457217946732992,0.7,True,7
-0.97558939528877442,0.21940449908805823,0.0093272493267447555,-0.20500671376072158,-0.89469858566171201,-0.39684592492296406,-0.078724704592107342,-0.38907082465131138,0.91783784749379083,13.894403355067261,7.9554849404312815,-1.1982056427767926,,0.4040457943678501,0.351063829787234,False,3
-0.67714853406343389,0.73493238919546133,-0.03666396224078932,-0.72828466804657432,-0.67648227997068844,-0.10942196842476622,-0.10522026945429214,-0.047393123943360413,0.99331897530393298,1.4135191226188608,-9.1616057033205482,-3.1256099136569744,0.2618160260253165,0.2355263995546037,0.9501557632398754,True,5
-0.48099380289365912,0.87657862830374311,-0.015964647788938219,-0.87000540224216483,-0.47947868224696166,-0.11485117909785098,-0.10833079731703865,-0.041353375579826365,0.99325441689468918,9.069307745926146,18.68713343620291,0.065133367117637814,0.1913216966898777,0.2026908811088091,0.9210526315789473,True,5
-0.99604344006492818,-0.073769802238062385,-0.049552818097276061,0.084839092798241353,-0.95532572708724717,-0.28311673122299641,-0.026453616705395221,-0.28620057904026008,0.95780448668829299,-0.086582171540472055,6.3613816831302072,-1.3640938865717296,,0.5212748905292515,0.3047619047619048,False,5
0.060894449033933214,0.99772458577718193,-0.028939886188533947,-0.99402321159559159,0.057985611228008827,-0.092496073969120046,-0.090607510097344732,0.034399416074488903,0.99529239888974053,-14.38085489847543,10.654601528460606,-1.2470237297877764,,0.1216867546444173,0.3333333333333333,False,3
0.33597716598297556,-0.90605224267294882,-0.25727160256306492,0.93345510386949571,0.35674426944027687,-0.037350974304724213,0.12562210393890488,-0.22760241599957309,0.96561701892267815,-2.3644434647910693,-10.132741352239957,-3.2119264344522525,,0.5489247797226091,0.3862275449101796,False,6
-0.81339102034907185,0.57974567832840596,-0.047853907625516917,-0.57378667818926266,-0.8131199824193569,-0.098003786268059306,-0.09572824007588604,-0.052257465015827981,0.9940348391289372,15.866524700108192,-20.294659586267105,-4.5416303577336272,0.2252340483578326,0.2326820237577142,0.975,True,2
0.76048043670876331,0.64928106052679946,0.010178891120560581,-0.64686652979859049,0.75883881648836282,-0.075679212580939625,-0.056861217095475668,0.050968176656973598,0.99708026104155012,-1.7609430657826501,8.5282869826208287,-1.1184355194861215,0.1549092430225481,0.2496243577565409,0.13,True,4
0.054198830746540513,0.99726051289083439,0.050338416486987309,-0.9917576413961815,0.059624301139721579,-0.11340953860183996,-0.11610024753630067,-0.043776844819028819,0.99227230152801293,1.7850597176812504,19.720567362899775,0.25211982860740151,0.1890734032654998,0.1765306152559881,0.4230769230769231,True,5
-0.90329029709463415,0.42590956475073793,0.05164960627657534,-0.42103616494909335,-0.856882031664566,-0.29745878977661189,-0.082432924124091228,-0.29043799073854587,0.95333655471512735,15.329112146259792,10.996910241039798,-0.65570756623321624,,0.2458629174541437,0.4262295081967213,False,2
-0.74158153015337547,0.67037915312626051,-0.025468121035807388,-0.66321078558644186,-0.73831194867722194,-0.12266588899223832,-0.10103607285119098,-0.074076025096919865,0.9921211894162163,17.757426640208312,10.78696827163051,-0.70452595028576193,,0.2236569868647104,0.9487179487179487,False,5
-0.6785486017736686,0.73429787923962631,-0.019453009412110728,-0.72721722563430169,-0.67526822838330447,-0.12315813605614494,-0.10357075731957227,-0.069422217483035259,0.99219637872146527,18.299884643427415,-8.7399304982305601,-2.890813969796203,0.2578410668884114,0.2722674174896649,0.8484848484848485,True,5
0.29328575875615226,0.95577230995212015,-0.02197169177867726,-0.95284661542312477,0.29036112592467334,-0.088168838193846008,-0.077889608983000277,0.046794316754763247,0.9958631937831276,13.61891023677785,-8.0537130294602282,-2.887654209878471,0.2349198426579888,0.2314852987590374,0.975,True,5
-0.3068883346363821,0.95133522638070167,-0.027943462764795396,-0.94590408288809269,-0.30812121439086454,-0.10162078142749917,-0.10528540278568838,-0.0047543968574816492,0.9944306811793252,11.63595586793817,15.819004750352718,-0.20648667683996044,0.2796282768512346,0.278098706862568,0.9583333333333334,True,5
-0.50326648470659474,0.86309451414735872,0.042316722696841683,-0.85734930471417081,-0.49259439647585024,-0.14934165616706022,-0.10805098369378409,-0.11143886310137698,0.98787973190742107,10.174050621947702,15.712179993226908,-0.24916735385542135,,0.10932101925986,0.16,False,1
-0.54784116824484264,0.83621597111201307,-0.024756898701580144,-0.83003724723072991,-0.54701149955374684,-0.10870412855818683,-0.10444243670922082,-0.039003448734124993,0.99376582171107408,-2.9017502596617977,16.786932183069723,-0.21682472366729352,0.2680902294978619,0.2256391005079716,0.6,True,5
-0.85965868514618105,-0.45126853288382129,-0.23946535507589436,0.51036941037666783,-0.77934578677598965,-0.36351507477171752,-0.022583401083828954,-0.43471468328479373,0.90028502938352239,-8.5109023301591886,-3.5439629154278323,-2.5809138907133056,,0.4050551230918941,0.3203883495145631,False,5
0.16520980045706726,0.98578597274657276,-0.030524379912281414,-0.98264484626250526,0.16187866437106663,-0.090578165885479553,-0.08434943951606276,0.044959025317869258,0.99542144747629069,9.3715360698353276,10.915881589561746,-0.75692405664351103,0.2618997405489593,0.2156305880560643,0.9866666666666667,True,5
-0.2204019785469713,0.97540887354991546,0.00070516144633470113,-0.96969436793345642,-0.21903248046476825,-0.10824788819919311,-0.10543149743181333,-0.024541839815628099,0.99412368317415578,-15.914444685218822,7.0578479917279315,-1.6647734488010351,,0.1793549873424148,0.847457627118644,True,5
-0.19746539707054647,-0.91292818858419689,-0.35716878285783715,0.97680859938121667,-0.15247006975176053,-0.15032577292267474,0.082779086336330868,-0.37856967696617055,0.92186366809146558,-7.5972430609443222,-4.4093804284908238,-2.6446126205826328,,0.3364456916992364,0.6349206349206349,False,1
-0.11227351760896039,0.99338058659202577,0.024283068706254556,-0.98861544575457438,-0.10920472201005847,-0.10350762825120391,-0.10017064270131265,-0.035627782316446081,0.99433218969719428,8.7909716555331041,-21.726954454185417,-4.8118022280004675,0.27232497635301,0.2111735615668153,0.673469387755102,True,5
-0.58973165486738466,0.80739521645152701,-0.018153228323603901,-0.80041715709297001,-0.58733051521625879,-0.11989679114560556,-0.10746604058299031,-0.056176777648748524,0.99262038049519208,18.067617310457159,-13.988779067865128,-3.5988990030463794,0.2804261589200887,0.2492484222876844,1.0,True,5
-0.57055663504879672,-0.81557950913093757,-0.096411568224629582,0.81951483332164976,-0.55776325165226526,-0.13151271068638076,0.053484242236213862,-0.15404615993925361,0.98661502950258495,-3.6779123583678288,-10.592851539418227,-3.2857795769357141,,0.09995235059359057,0.5,False,3
0.94507731029891784,0.32352968454463632,-0.046448043840529647,-0.32632063992994703,0.94204033891506223,-0.077941258730568272,0.018539620111361555,0.088817470551933356,0.99587536339186711,-14.27465769395668,5.6235995788053081,-1.7932385831372102,,0.1700059410520864,0.8688524590163934,True,5
-0.87690851405147752,0.48033872853373361,-0.017497538530450229,-0.47264616820230376,-0.86834011130115674,-0.15030319620411703,-0.087390260714269336,-0.12353200790115058,0.98848509617302827,-7.2957340049549888,20.319828873182949,0.073110370923111873,,0.1730947094215161,0.5,False,5
-0.55679308526877525,0.83050825432429254,-0.015411025147412175,-0.82332048984764461,-0.55424365163209699,-0.12230022740188556,-0.11011281121609981,-0.055407708170746958,0.99237349555565646,4.4291633128088064,12.778456650550231,-0.57984882897950829,,0.2550240926817582,0.8450704225352113,False,5
-0.64055157584380662,0.76729988009050853,-0.030733901429958316,-0.7605398166194185,-0.63942480060763018,-0.11276130410913354,-0.10617375391553324,-0.048855075283768451,0.99314667375896692,-16.413053510309261,5.9969084123507255,-1.8033282581671826,,0.2381753880009446,0.9253731343283582,True,5
0.85290660781705907,0.51256448428623791,0.099136107399775214,-0.52199024747762568,0.83408891803106489,0.17838682225997926,0.0087464209962571544,-0.20389538068860083,0.97895361169649198,-7.2035755007994275,-5.7582312412224903,-2.7568970734007818,,0.280532438927126,0.4390243902439024,False,5
0.32320822321448961,0.94577819633072757,0.032249771967069699,-0.94272922737680875,0.32476129434038947,-0.076103255829692767,-0.082450277719710752,-0.0058056045120411515,0.99657826920929404,-5.4093750511153287,-8.6171770702168526,-3.0284589065872156,,0.319432445217973,0.3064516129032258,False,3
-0.59240018327952337,0.80471610252182557,-0.038652518578638738,-0.7984149792353632,-0.59282127465638845,-0.10533972302683883,-0.10768260668735459,-0.031542521409355179,0.99368482204376984,4.8548702425037469,-11.089692213487893,-3.4111424816834393,0.2226198998239624,0.2139838666471669,0.9340659340659341,True,5
-0.51219960944820653,0.85877212240615231,-0.012727995094969649,-0.85218496237385011,-0.51000410299714416,-0.11694701719136806,-0.106922167883862,-0.049053610510450152,0.9930565911925181,5.68129873997826,-3.0200061848259558,-2.385983849210684,0.2958938053431456,0.2632759238364503,0.9564315352697096,True,5
0.96959065030380087,0.23916402096879827,-0.051908977234082457,-0.24198980117101859,0.9685761401960622,-0.057456042085305976,0.036536378756838572,0.06827028428924091,0.99699762352294652,21.550327777366981,-14.784389371373534,-3.683834723291608,0.273338430878524,0.22695142846355,0.9122807017543859,True,3
-0.83444958231936261,0.55000964359999061,-0.034398931873730415,-0.54147850363287553,-0.82990943385038662,-0.13435535608837404,-0.10244473959430202,-0.093486488612756158,0.99033597923952754,-0.7313723269873208,20.389578494106043,0.28100391867416008,,0.2301719969937839,0.972972972972973,True,4
0.18440506088251288,0.98224259020599647,-0.034558175680015152,-0.97910407757407891,0.180521549740569,-0.093633195807228467,-0.085732017348994202,0.051102485895280429,0.99500681260813173,-5.831569183992781,7.5919274027402022,-1.2970903832997562,0.2460687194314577,0.2251660510536973,0.9098360655737705,True,5
-0.70467679644555203,0.70603028913093602,0.070369335515695478,-0.70151583571973286,-0.67842116062611524,-0.2182206705359489,-0.10633035683979612,-0.20314024624480817,0.97335907843401759,22.734586732451412,-25.637939012838498,-5.158451285007331,,0.2108609838300967,0.3846153846153846,False,2
0.41340732698951621,0.91036758760135805,-0.01803434047217025,-0.90784312233470721,0.41057422241234426,-0.085145012302941248,-0.070108824130435857,0.05157192390615066,0.99620534501861846,-16.552648560599966,8.9208470660897863,-1.508623937535631,,0.2323087814445545,0.5263157894736842,True,5
0.40937657425931012,0.91227173587359112,-0.013080534159398459,-0.91006826808460595,0.4072870815609243,-0.076765751602325988,-0.064703692886855513,0.04333027947946666,0.99696334887850013,-8.4953789414556109,-13.24530400076187,-3.692889230849747,,0.3005792345212404,0.9905660377358491,True,5
-0.54080932027947914,0.84061576008403671,-0.029839956387100484,-0.8341287022869962,-0.54053308520266097,-0.10978748481636597,-0.10841857368485647,-0.034483730941259866,0.99350706347791562,-2.1733902352505758,-12.477032955594741,-3.4481672419821372,0.2131008568487571,0.2218842072998825,0.9515151515151515,True,5
0.68373770949548207,0.71404262667398366,0.15048545413557296,-0.72894864627967715,0.67785412436892423,0.095643385359704583,-0.03371373163709325,-0.17509115731114658,0.98397483246805917,10.289065541720641,10.468305310924285,-0.79263108743964528,,0.3339159204160259,0.3035714285714285,False,1
-0.23183929793039496,0.97270099641412378,0.010164226980540505,-0.96831628768270306,-0.22977207256001195,-0.097818002841321,-0.092812213331703391,-0.032520243640646623,0.99515241385931552,-3.9303251823569689,10.541651871433242,-0.93230872399364484,,0.1633049652547217,0.3333333333333333,False,3
0.70282485047621379,0.71084957884069633,0.027020470297387706,-0.71069992099393953,0.70330264473346615,-0.016462448484948475,-0.030705892794307185,-0.0076332282106661847,0.99949931564498207,12.585059217847517,24.453957274626667,0.75410659030515215,,0.1343749681280483,0.3333333333333333,False,2
-0.86054964119823696,0.50836840704593178,-0.031872837199842637,-0.50123651076380216,-0.85629001857599596,-0.12461687030434443,-0.090643672205591996,-0.091263173321459001,0.99169287477746004,-3.7321069115479073,-18.033179119719989,-4.1621551916986466,,0.2547910602803049,0.9298245614035088,True,4
0.018477122777481259,0.99964594370220194,0.019146361889400096,-0.99489188364385761,0.020283255959745252,-0.098887458189843055,-0.099240797021398361,-0.017221404338945458,0.99491441211752052,-1.521157147035868,18.14900838561492,0.0054991906857395313,0.1483234528142484,0.164485130128129,0.4117647058823529,True,4
0.99885706467495949,0.01466610761634137,-0.045491423766586436,-0.018365794130710461,0.99646258942916532,-0.082006130710285841,0.044127791185075343,0.082747889130237187,0.99559305184880509,-12.324484436448641,8.6860984449030934,-1.3818488185018751,,0.1179873880712902,0.4864864864864865,False,4
-0.78361333088081442,-0.5394561332004123,-0.30811885372098602,0.6212477843283879,-0.67951925199326713,-0.39026244584584302,0.0011567769638264509,-0.49723301029091982,0.86761627194519941,-4.3571495022590403,-7.0013816335426124,-2.8270073864980119,,0.4728351645408824,0.2950819672131147,False,3
-0.42090467401226472,0.90648064551346241,0.033646615047061783,-0.90048941124833359,-0.41307596519178663,-0.13596715489596256,-0.10935298635271956,-0.087527631582088206,0.990141827257778,-6.4292243631193333,15.896348529549432,-0.3329871191365949,,0.134343415327425,0.2272727272727273,False,3
-0.77366670790087233,0.6331233980775185,-0.024384172994034843,-0.62563395518538178,-0.76946322642808507,-0.12848539720130731,-0.10010983570520195,-0.084149307671888773,0.99141157690104664,28.715715450380539,9.5355448237654876,-0.62843703135009421,,0.3321836717362138,1.0,False,1
-0.92007356647805905,0.39088538004862872,-0.02594709873151655,-0.38264706264181181,-0.91092287353738577,-0.15427489723861371,-0.083939607575549996,-0.13201567380667556,0.98768719954722084,0.099795475479152601,-28.287271046190774,-5.3999536929946403,0.3986932998556516,0.3325608841597026,0.926829268292683,True,2
-0.8022398090214754,0.57790282243980307,0.14979858690019737,-0.59057858914760253,-0.73151080019540171,-0.34074753005401248,-0.087339675186101737,-0.36182907154289345,0.92814411818682196,-4.4216592260007923,-5.2620535568971389,-2.6363939060878181,,0.3791184841104387,0.2619047619047619,False,2
-0.17940956919765882,0.98334323196595952,-0.029125497885047365,-0.97840467706923751,-0.18144116121028286,-0.099012084654880872,-0.10264742748530836,0.010732807899406225,0.99465989788733455,-17.189580945303501,11.992574184419675,-1.1692120455742845,,0.1697689455697465,0.7666666666666667,False,1
-0.36602757587652895,0.93023391447114334,0.026242676419274514,-0.92437520108932458,-0.36017581330189585,-0.12571344845874674,-0.10749093593891558,-0.070272668086622941,0.99171944158162229,-8.7764548595068597,21.998308288328179,0.18510296005883212,,0.2976217593997183,0.7777777777777778,False,3
-0.99435815945200379,-0.0872894771683346,-0.060269377853951804,0.095598900747223756,-0.98365395323311555,-0.15259669218166805,-0.04596412630678496,-0.15749745224778428,0.98644911253866063,-2.6905631913884354,-24.98647222995919,-5.0793964074298072,,0.316902973211812,1.0,True,2
0.85935555131473818,0.51136797966276726,0.0032902583732800882,-0.51117071427308347,0.85917191136200632,-0.022981026872255977,-0.014578658857687207,0.01806698929477378,0.99973048698323419,-0.87653232655490809,-2.3218648353516871,-2.2431117634215312,,0.1277935436151537,0.1698717948717949,False,3
-0.98015442093626648,0.19291622246057297,-0.045614057379663564,-0.18508715167938389,-0.97299270184516562,-0.13794182991122622,-0.070993361677731875,-0.12676171846258497,0.98938941238023537,0.62202130606636818,19.954917694016476,0.26489645715129234,0.2076536611608922,0.1377604980103037,0.8809523809523809,True,3
-0.46739708110773992,0.88403719301000927,-0.0042673114426775745,-0.87693294740964722,-0.46424136907339192,-0.12437265369964695,-0.111931114170253,-0.054389269307896615,0.9922264021203826,-5.4069413380640903,19.962835331587971,0.15095287601452273,0.2492809601963786,0.1954681590010407,0.6,True,3
0.99393994709325406,-0.086770593107421912,-0.067485152026541026,0.091624530560627387,0.99315051586337366,0.072505160091258042,0.060731597803810385,-0.078249070359337369,0.99508228605281446,-11.978940239463689,16.91653749244778,-0.45620144278499319,,0.3525257183578419,0.24,False,1
0.55275425972583558,0.83089354264880866,0.063864302544188206,-0.83179659022102581,0.5547736335312814,-0.018456652870284015,-0.050765744864209941,-0.04292011559876921,0.99778790472994316,-5.1223724645335134,-12.055062505037471,-3.5001720878394451,,0.2013301157388485,0.3428571428571429,False,2
-0.77563254313713259,0.63113749283986686,-0.0077216033588493743,-0.61976530885317194,-0.76385930117911116,-0.18002758106549208,-0.11952037470137351,-0.13484966864611492,0.98363125555122355,-15.448613875220735,-5.2904791021877022,-2.9776328074530451,,0.2367060165036214,0.36,False,2
-0.81254799605153083,0.58253903142558772,-0.020347751187307337,-0.5746988735323324,-0.8064685255675369,-0.13903137066717128,-0.097401020904868615,-0.10127583193764589,0.9900789094774356,-2.5211573186707184,23.85528867157895,0.62278363642863277,0.2925892085725988,0.1908465504022042,0.5,True,2
-0.98846300584399749,-0.14945916399065551,-0.024552889383203522,0.15145026930011113,-0.97325108498347657,-0.17275746440431899,0.0019240599713328393,-0.17448290425626256,0.98465832353945337,22.807286613005548,-21.220764709373967,-4.4617296437445386,,0.229389334537581,0.375,False,2
0.095410074130335837,0.99490643615428453,-0.032528465276214849,-0.99144170216538252,0.092051104346123569,-0.092573999568289711,-0.089108186839675266,0.041082569143630163,0.99517433324554028,5.5522101110363398,-27.998378801194537,-5.7575242452725011,,0.2908642669661617,0.9607843137254902,True,2
0.9520298381759621,-0.23704486918324844,-0.19351722718287379,0.29589459208124541,0.8743343102703891,0.38468936073288612,0.078010112163261591,-0.42349645084451398,0.90253264679033951,-7.1957158864944182,8.1603134079799116,-1.2581671790056772,,0.5712972031698528,0.2830188679245283,False,1
-0.89701780378704865,0.44089173989750935,-0.03120149642576624,-0.43310265151719674,-0.8908678181416374,-0.13702782143905148,-0.088210843652205106,-0.10940294461167815,0.99007567527561258,13.47779107329904,-26.579047037815968,-5.4878150593007069,0.3574125820515778,0.2943821964090609,1.0,True,1
-0.8793290718155341,0.47448811705436028,-0.040514321347384086,-0.4675233712233417,-0.87633052788296617,-0.11604612557221922,-0.090566444227389353,-0.08310133978805366,0.99241719377761572,6.9832451702281819,22.130440565770652,0.48168610085066382,,0.265564319930137,0.813953488372093,False,1
