axis_00,axis_01,axis_02,axis_10,axis_11,axis_12,axis_20,axis_21,axis_22,location_x,location_y,location_z,dbh,dbh_approximation,score,reconstructed,number_clusters
-0.43267569141402973,-0.90002302582771976,-0.052443293558911683,0.9014091865214382,-0.43084899571907137,-0.042785760979866257,0.015913029697383278,-0.065785225300082628,0.99770691067971817,7.5046291501240763,-18.601334363283282,-2.0765536320980642,0.2756489752930779,0.1993026858654413,0.819672131147541,True,5
0.1960875979087468,-0.9785394020219863,-0.063326871364617038,0.98033175972573283,0.19709907029717327,-0.010079551628826164,0.022344905894315988,-0.06010486817590642,0.99794193718980018,-5.4791171803208618,-28.762492058962824,-3.0361914827943304,,0.3848616662244281,0.9701492537313433,False,3
0.42068028772108795,-0.89964471512818334,-0.11690800684654365,0.9068510074326992,0.42062774285184745,0.026335380416045225,0.025482265228984648,-0.11709691919640326,0.99279351613188427,-3.9582084094185479,4.8514954500546992,-2.0918739845306558,,0.5677025463766263,0.348936170212766,False,1
-0.69288406337374953,-0.72084320411619118,-0.017226427435312462,0.72084523757733432,-0.6919225963510891,-0.040314564624262653,0.01714112553940773,-0.040350907527219239,0.99903853082700056,-9.7459441158545932,7.7962439236903993,-2.5840601096766083,0.3471968356272837,0.323529436715412,0.9567901234567902,True,5
-0.12357281347953115,-0.99104031582864915,-0.050683845266540947,0.99184727779292681,-0.12174883407470451,-0.037632418686679138,0.031124545033018397,-0.054920977810849224,0.99800548540215284,23.742488536379529,6.8806964973581213,-0.28475919235940828,0.2654829029804818,0.2574411280013752,0.8888888888888888,True,6
-0.80993997253002137,-0.58625058245218653,-0.017535548823458032,0.58641497621909044,-0.80889691161042265,-0.042464833133825201,0.010710581871750963,-0.044677074228199165,0.99894406373649203,20.469985481279831,4.7955940815033893,-0.44420308303846601,0.2564428324682506,0.2636525567826457,1.0,True,5
-0.73057278207697907,0.65070503348592523,0.20699364600002446,-0.68251861790396195,-0.68664989894108197,-0.25036024544377539,-0.020778505787673388,-0.32418339821817305,0.94576602710022806,-6.4150583925771389,-4.1615683552666649,-2.7228490726093275,,0.5910595755135819,0.2550607287449393,False,1
-0.97731600688231379,-0.21118677579076772,-0.015923831910325349,0.21173937225443962,-0.97275162444643659,-0.094449538771314345,0.0044565602098580077,-0.095678748256434756,0.99540228862665237,7.8865361769323012,-22.826081649672886,-2.2399080788520083,0.1881010456840835,0.1408562171576323,0.5333333333333333,True,4
-0.14321305627408384,-0.98904591411699982,-0.035751926956500001,0.98933449984968658,-0.14209718640739094,-0.032025568258386088,0.026594509204070645,-0.039957094283369229,0.99884741712466962,-7.8201361336807054,-9.0916561872412096,-2.8886320807274601,0.3038438384462885,0.2573008571795045,0.9634146341463414,True,5
-0.86934142387724,-0.49392584939135498,-0.016814994324170485,0.49409947844665553,-0.86791434207169471,-0.050895974546135092,0.010544862722498837,-0.052554258907212936,0.99856239451567474,2.0535356212752505,-12.308965269747409,-2.2424011225284359,0.2650434031946625,0.2255110981110772,0.9583333333333334,True,5
-0.67974735028888944,-0.73279537171671438,-0.030894707731195709,0.73325704996796648,-0.67801181365873064,-0.051323281378667401,0.016662486234317708,-0.057540626775879358,0.99820410629426415,21.030800538520253,-9.2840793830250163,-1.1230459455541453,0.2920200444168985,0.2872662942916382,0.8867924528301887,True,1
-0.75492649067801276,-0.65459236574968371,-0.039935302362836426,0.65563825668351949,-0.75193765852837713,-0.06876215572432734,0.014982324438301622,-0.078093484933720814,0.99683345527993383,-9.5449621347370197,-13.953789490707122,-3.0800453104119914,0.2023149433960705,0.164751985777351,0.9,True,5
-0.50342547628072709,-0.86273379751681167,-0.047467720123714946,0.86385114380332784,-0.50141167443534473,-0.04845135797503617,0.017999755031789182,-0.065396692287638031,0.99769698879801738,16.231311258936888,-8.1623957525928379,-1.2634306124476629,0.2903822023279684,0.2820862560821092,0.98989898989899,True,5
-0.86355280234810894,-0.50390759633935733,-0.018806698493300439,0.50411706710798743,-0.86182706788459673,-0.055857745316815699,0.011939020360461822,-0.057716890187610004,0.9982615991712307,2.6713693617176761,-18.341952858070496,-2.3715985233080548,0.2467228378346737,0.2551905349156576,0.9836065573770492,True,5
-0.60642486761034531,-0.79427092666902332,-0.037182993318265134,0.79496930841141,-0.60465967108545959,-0.049096648019071328,0.016512983608655614,-0.059332766757964367,0.99810167025267815,16.532787590479149,2.9390730556486138,-0.70592376371288623,0.2488969645989731,0.2336846211388304,0.9827586206896551,True,5
-0.909525891738449,-0.41453677418333817,-0.0303630549689906,0.41555264770389405,-0.90533076128020251,-0.087705243093507218,0.0088684408810790968,-0.092387637319502572,0.99568362205414329,2.4271246508530027,-22.722194173912065,-2.4432759912024511,0.5387173096401819,0.3105060197586912,0.56,True,5
-0.80691079498981544,-0.59018320809276814,-0.024057219586466772,0.59043342309681579,-0.80475315369486478,-0.061324827829722997,0.016832760292943585,-0.063687852087324706,0.99782789882695844,14.063737830511107,-14.94015808308276,-1.6617583392200774,0.1993051325705452,0.2201350516302232,0.927710843373494,True,5
-0.89998847641123547,0.42976802980877798,0.072939583774960376,-0.4337498176247922,-0.86624409176363137,-0.24795618402262401,-0.043380157185548079,-0.25479523943528271,0.96602150489710892,-6.7021295746694349,-3.1710352556887917,-2.7591189776459708,0.7878855553066966,0.6155945634229468,0.13,True,6
0.067236037487001576,-0.98644175844056348,-0.14970628733534905,0.99769778165728362,0.067804256681660222,0.0013112024944909595,0.0088572986390070656,-0.14944979083469845,0.9887296436742874,-3.0600454960019223,7.9094288671797548,-1.8703394711386883,,0.3313234013976444,0.4444444444444444,False,7
-0.99322120427823624,0.11067768510677509,0.035525897476287711,-0.11611747152006185,-0.95870861794637208,-0.25960454287848089,0.0053265542218034964,-0.26196991410229342,0.96506134101691166,-3.8729509838999014,-2.7319437399261663,-2.3634261821689031,,0.2626711715865673,0.3082191780821918,False,5
-0.51087531932040375,-0.85919819335522252,-0.028015578601866917,0.85939049238538623,-0.50963885436618017,-0.041427282289949421,0.021316418716080213,-0.045240497957574309,0.99874867090658603,-1.0035445567777299,-4.0426220248442757,-2.1441599535230407,0.302963573816358,0.2851617746051047,0.9720101781170484,True,5
-0.94685576861797305,-0.32147250485394163,-0.010935358146880167,0.32158346389412373,-0.94535384370928399,-0.053760449532534678,0.0069447235168070484,-0.054420022115172391,0.99849398195896011,9.17851344052157,-21.369701853770604,-2.1473433494221807,0.2385526608069318,0.2081592660156468,0.803921568627451,True,5
0.41283941276292829,-0.89997824229240875,-0.1400099377538124,0.91051455379459367,0.41167694235891789,0.038540140869540135,0.022953574836881367,-0.14339197512510288,0.98939975483720899,-2.7106176555156445,2.8452632895449304,-2.0491465935433228,,0.4321907099551271,0.3416666666666667,False,4
-0.26007462727094482,-0.96501558123459219,-0.03325832563946008,0.96523349938327052,-0.25889081664857833,-0.036053248443904888,0.026181671417325879,-0.041478585191559739,0.99879629907819611,-3.7599823717323213,-14.715387448205371,-2.5212247443433258,0.256051653191993,0.2321681002617872,0.8707482993197279,True,4
-0.65261655671223195,-0.7559820520309114,-0.050820929863631487,0.75757698281528474,-0.64990123289789048,-0.06087283947947475,0.012990189127250282,-0.078227389608348324,0.99685090685694022,-13.399416024767557,-10.756809457006241,-3.1816451857925601,0.2447997905259607,0.1923561294424164,0.8470588235294118,True,5
-0.55911668188434083,-0.80920019752591532,-0.18050921406582709,0.8284954080905732,-0.53707645732244103,-0.15856934685748547,0.031367097594100141,-0.23820982203510069,0.9707070546125266,-3.0557951823340241,7.1043274928195075,-1.8788364049418032,,0.385783868114465,0.2602739726027397,False,8
-0.90955818273086197,-0.41517927157993351,-0.018168232651748651,0.41552472211605279,-0.90788434328767165,-0.055544797447562307,0.0065663945746034132,-0.058070574850516227,0.9982908848621338,18.60702017740444,-0.25135224610012252,-0.73964114663551073,0.289105932627904,0.2982824569941922,0.9519230769230769,True,5
-0.55192711570595931,-0.83341244601789943,-0.028286989429073452,0.83365093416788649,-0.55063359092226249,-0.042764103042888628,0.020064369153024533,-0.047184143210558215,0.99868467381850567,-6.8079629672652411,-17.670121734163811,-2.7584563880717408,0.2533464788974383,0.2520149562145123,0.9879518072289156,True,4
-0.011630073801295349,-0.99958190691371551,-0.026471735003884226,0.99958523091324047,-0.010924444970711317,-0.02664625005897436,0.026345920433720121,-0.026770653201245366,0.99929436334029154,-0.59341356221256136,-14.36719446024046,-2.3777155094745939,0.2493661711476117,0.2333952523447557,0.9447852760736196,True,5
0.35610293193966613,-0.93370049280965628,-0.037337535952152445,0.93397816643546816,0.35690533485416021,-0.017417421579573072,0.029588620883953129,-0.028670048476494538,0.99915091044073079,9.1639585707789717,6.3993303450800818,-1.1613190163090645,0.2710009392245583,0.245297081902453,0.9585798816568047,True,5
-0.75079455898845326,-0.66016505406233084,-0.022127620482387707,0.66039199806339544,-0.7495108598037985,-0.0459986948728602,0.013781839034371874,-0.049148473333866044,0.99869639454730208,7.1052277717597088,-0.49837083170248359,-1.5313366854622497,0.2590876111041896,0.2163468231790363,0.9514563106796117,True,5
0.99682459208683294,0.079557017810838473,-0.0033783913280044306,-0.079182524824001704,0.99483154204320778,0.063563595858245087,0.0084178603822793879,-0.063094245957772604,0.99797207163006574,7.5524211486759549,6.499021774097244,-1.2310776763854525,,0.2499185255185753,0.3968253968253968,False,6
-0.57454680254930379,-0.81792011566475253,-0.030044235242833665,0.81824271720682573,-0.57313063170435585,-0.044722865965343805,0.019360460179433721,-0.050278856322726717,0.99854754978845017,23.261650167485811,-5.7149940541485167,-0.8312639079156473,0.2490823268684015,0.2510114950214383,0.9193548387096774,True,4
0.64655838271031973,-0.76253955623968916,-0.022263937585070212,0.76244499561856161,0.64689531041768533,-0.014285867695616867,0.025295976028328577,-0.0077383802816091401,0.9996500543026996,-10.702886795623577,0.86607614944844369,-3.0144798021422399,0.368618903542785,0.3461148405168882,0.9622641509433962,True,5
-0.81217757310501026,-0.58296615493033932,-0.022760754622585498,0.583277420445385,-0.81054175099998693,-0.053004911889857953,0.012451527770980447,-0.056325234945001829,0.99833482728218892,2.9853128728700589,-6.1840090620179167,-1.9621782772896761,0.2955530993450219,0.2366379294683992,0.9455958549222798,True,5
-0.24914677491810394,-0.95993907365099318,-0.12822971350657666,0.96842756824650766,-0.24576796063785811,-0.041787014538759576,0.0085982328452893116,-0.13459228953390837,0.99086375753175937,-3.4746784802608146,0.6657411685909167,-2.2123199087808452,,0.1877154350689091,0.3716814159292036,False,6
-0.62376900769215426,0.78111263013135046,0.027843923790096068,-0.78127340967461878,-0.62206223415957218,-0.051482386966780772,-0.022892889248426074,-0.053866834710100966,0.99828567040711047,-6.8123420081070236,2.7832457951466179,-2.4542157605483834,0.3008303368238642,0.2991519197923893,0.8866666666666667,True,5
-0.25079325161399851,-0.93425005661357596,-0.25353417257325894,0.96700182544086299,-0.22964899968989316,-0.11031231361670191,0.044835416122924639,-0.27283359151497621,0.96101592952568848,1.6187228198773587,-22.759533730739914,-2.5363899939574659,,0.2972886109701592,0.3214285714285715,False,3
-0.89860692896870598,-0.43829507638397158,-0.020075189339051371,0.43865036713861633,-0.89645536694216776,-0.062877901441919778,0.0095625633899772793,-0.065308507088672627,0.99781930041629352,14.049872672043971,0.24635174080008018,-0.9913239291944308,0.2957519628447391,0.2483315370752325,0.9652777777777778,True,5
-0.9998136289691788,0.0091529439207695545,0.016997968851162684,-0.012405196934117273,-0.97922832432575779,-0.20238082895174497,0.014792512177031304,-0.20255397417911342,0.97915936860540775,-12.510764518237403,-7.4393920002036618,-3.1448980445021859,,0.2199337736359708,0.2926829268292683,False,6
-0.81827201048908094,0.57477598555384835,0.0079676395976802303,-0.57446722202028266,-0.8171821372084852,-0.046912316630824728,-0.020453060271157193,-0.042964183431943498,0.99886723405444122,11.692024588937366,18.105098591376663,-0.69773535659524211,0.3462313837645788,0.3114460523700487,0.9583333333333334,True,3
-0.70242380344912958,-0.71059905994472894,-0.040617439034540001,0.71157943244178812,-0.69982065657337189,-0.062496079549332499,0.015984732524506006,-0.072801268113138445,0.99721836309167422,-10.834643659590391,-7.4490172269707893,-2.991535146358665,0.2922423071197058,0.25263503604826,0.888235294117647,True,5
0.8636144696386997,0.49514525435280932,0.094874785494145533,-0.50404366723245853,0.85191636086496825,0.14205103172256484,-0.010489487762668556,-0.17049836123107487,0.98530212598166877,-0.48681809952289035,18.530483829377207,-1.2138459983690317,,0.1761481006464747,0.1428571428571428,False,2
-0.68992696395725284,-0.72346968770625664,-0.024339173670025617,0.72368571892918454,-0.68857585814896982,-0.046284638837954181,0.016726165809216893,-0.049546932746862428,0.99863173233815372,-1.3904679704462022,1.1367390611036019,-1.9790751976856884,0.3044970446082916,0.2782865594196385,0.9546313799621928,True,2
-0.53559506263982193,-0.79493799716769742,-0.28497633153448898,0.84404385548048511,-0.49313836388365251,-0.21072380997835199,0.026979601581254276,-0.35339515379411246,0.93508500489172253,6.3281163096097242,-27.06331856605772,-2.5158754440126003,,0.2746767940823021,0.3076923076923077,False,4
-0.95374373106420707,-0.30061536503664232,0.0018159734609629261,0.29581073441045608,-0.93954242109914299,-0.17249941554308851,0.053562158874257942,-0.16398305174330305,0.98500794609875209,-9.0899325485162752,-0.044412225760093252,-2.891791391731219,,0.2037049102053562,0.25,False,5
0.46944141766038255,-0.88260637300355782,-0.025114651471078799,0.88266460917315259,0.469832747719375,-0.012663999513085882,0.022977012386634937,-0.016222808140566286,0.99960436043357592,-2.3720466370886815,-18.018987274107442,-2.5651051494020551,0.2485253574779782,0.2651464420329172,0.9583333333333334,True,5
-0.73205307899015726,-0.68071097299423666,-0.027034437043676494,0.68107756685344534,-0.73040729933860726,-0.051366574753153836,0.015219640929389197,-0.056015607808184223,0.99831388561506984,6.1538723274229374,6.9466823658499379,-1.2267360532182383,0.3034811967953194,0.2819808105547298,0.9936708860759493,True,5
-0.88155134194474383,-0.47135915440789272,-0.026225542345139977,0.47200982452564999,-0.87903200988777619,-0.067152447043432345,0.0085998294567676999,-0.071577043446430677,0.99739799968958343,8.7809152154181511,-13.898378298192918,-1.838558523214024,0.2657389266662519,0.2769763910209341,0.9883720930232558,True,5
-0.92158047811155963,0.38406977294895656,0.056389997966008132,-0.38803021622929029,-0.91556886393367065,-0.10567027343703861,0.011044168448542491,-0.11926468422020468,0.99280106841256766,22.472517001060499,11.644962329655376,-0.19187629631431402,,0.2219003837871757,0.9459459459459459,False,6
-0.18662576934333697,-0.98190684476427681,-0.032090036180560493,0.98208777346328946,-0.1855975611055104,-0.032513851288412485,0.025969740678840413,-0.03758315469393788,0.99895599455247563,14.179380277845569,12.737385369789811,-0.50415428385872429,0.3083455102456044,0.3376219498358302,0.9574468085106383,True,5
-0.25051395243709873,-0.96753531104971957,-0.033439221077401972,0.96779551410721731,-0.2493978601131156,-0.034242521007435064,0.024791178033501823,-0.040940557432932102,0.99885397744054194,0.016177095439607631,-28.529765056710669,-2.8833330696337351,0.2815923893784229,0.2507511463119854,0.6346153846153846,True,4
-0.71774734871271217,-0.67202402585560839,-0.18227027209255306,0.69446235183882443,-0.70991236157152093,-0.11724538697294462,-0.050604202338951076,-0.21073240747632374,0.97623310082422032,-8.567786954357496,-5.0465879479618554,-2.8281437423559952,,0.2467222516514431,0.3404255319148936,False,5
-0.68701110243259644,-0.725273372878388,-0.044657359169068912,0.72653516110510752,-0.6845291970515277,-0.059719662272709514,0.012743814669241831,-0.073473212653304643,0.99721576512311449,-15.797983455459434,0.21213671302987816,-3.6170559234616011,,0.2497933470861362,0.7058823529411765,True,5
-0.55685813025156328,-0.83027825990942983,-0.023388755727952664,0.83036874817935469,-0.55580195783965347,-0.039647518316526839,0.019918956292543654,-0.041499334734148505,0.99893995835427407,1.3484805032864502,14.010371535385664,-1.3337613196010218,0.3125578398477404,0.2691697649530864,0.9795918367346939,True,5
-0.54440764854820178,-0.82980833840815516,-0.12263129172651982,0.83858336240689657,-0.53492787548410525,-0.10310243607406228,0.019956364813311873,-0.15896631573499753,0.98708229341077758,24.829009126356038,17.580917611238561,-0.055528666860882515,,0.1940454632341549,0.3888888888888889,False,1
-0.77626976538998527,-0.63015395795472284,-0.017642012792587002,0.63024388390847952,-0.77514799131242818,-0.044025428564209393,0.014067627281507501,-0.04529437976509551,0.99887462728030274,-2.4612086370067994,-7.3008875193100344,-2.2636121510909621,0.3536160414648535,0.2344853806283805,0.9244712990936556,True,5
-0.50217810253692619,-0.86419013369313169,-0.031505018010749258,0.86451741649097857,-0.50083115495741926,-0.042163856652117415,0.020658894359933566,-0.048410402306354003,0.99861386082527448,-5.9753163655245682,-0.583856971795085,-2.6130758186490746,0.2545039317178815,0.2403733534678866,0.9547872340425532,True,5
0.091208437578992191,-0.99518784021803097,-0.035807591325997104,0.99545195253128282,0.092107773190104533,-0.024322177526214676,0.027503292822052008,-0.033426348890221121,0.99906268476197924,2.6677137650216709,4.6098473739109247,-1.5333764506114946,0.3822866609521187,0.35335662922439,0.9375,True,5
-0.72874474064396155,-0.68380554796380777,-0.036620698487075609,0.6846118553278977,-0.72631343280897731,-0.061444323299493758,0.015417863933065296,-0.069848191781573671,0.99743847909361594,17.79311807873389,-14.883381859485974,-1.5628335669345192,0.2580196084752072,0.2660156702277403,0.9120879120879121,True,2
-0.95399508092246443,-0.29934971215137601,-0.016826628023139376,0.29977850362352826,-0.95139376150761112,-0.07058866289736225,0.0051219469910519719,-0.072385498542784088,0.99736357726745484,9.3418053368169467,-8.0852970438182226,-1.634153474175517,0.2815294459421657,0.2550808015746201,0.8767772511848341,True,5
-0.62329809928970636,-0.78164378120324007,-0.023075500604339064,0.7817534012191717,-0.62212560259986349,-0.042677327376651066,0.019002607823566137,-0.044640048118908267,0.99882239011740515,15.427979766619785,-17.92742835055499,-1.7574241912863957,0.2919237645709983,0.2867144171854942,0.9622641509433962,True,5
-0.94752771783811263,0.31961528358130087,0.0061069165494601063,-0.31946416793708471,-0.94604265667566068,-0.054276488043391337,-0.0115701915612378,-0.053379417862156706,0.99850727008666984,19.010163608589501,-4.3673671820513436,-0.93022056663884556,0.2367110748618566,0.2529458811587519,0.9010989010989011,True,5
0.36507990720009081,-0.91418792778231639,-0.17600310808575637,0.93095540173780844,0.35975172957917595,0.062455848725212447,0.0062210396211736345,-0.18665241965178181,0.98240631762227937,-10.867695579345519,-1.0791897059111617,-3.0690938983014791,,0.1948790341354788,0.1282051282051282,False,2
-0.6477777277924901,-0.75886934846788556,-0.067091931943604813,0.76162761952101177,-0.64306320435219522,-0.079956765761527937,0.017532385997216141,-0.1028932804619124,0.99453787674327965,27.279161125972962,0.20530742900571841,-0.36680674506244859,0.3571327007638838,0.3768541162277838,0.8717948717948718,True,1
-0.83855015965950996,-0.54397500492500972,-0.030410915011641896,0.54476886425365223,-0.83636051146067969,-0.06105718146963366,0.0077790921575271003,-0.067766428901527495,0.9976708860336353,11.670579216323173,-5.4520208142137498,-1.4114195815046369,0.2984198618096809,0.2669602351625641,0.9673202614379085,True,5
-0.88115595300980643,-0.47259526179570333,-0.014761605726685809,0.4727497730003079,-0.88002526617984311,-0.04542227441744285,0.0084757656607991061,-0.047002653258585561,0.99885880482834832,-9.9843614299466914,-1.9442725952461262,-2.9958018823649311,0.2902959583442507,0.280643149971458,0.7741935483870968,True,5
-0.46978155149174083,-0.88212542852902853,-0.034059098938325559,0.88252645727429413,-0.46836599359840481,-0.042194173193262241,0.021268429394219288,-0.049880100070637062,0.99852873244992169,-1.5936729780433747,-2.8406745415404724,-2.1130141030436258,,0.07469391245380314,0.2875536480686695,False,4
0.10431124768599276,-0.9499213299634619,-0.29456515490912716,0.99383669404293606,0.11073388682720739,-0.0051606086797755316,0.037520516787459463,-0.29221135020492589,0.95561746406782222,13.699581029307284,-36.705145291927579,-2.7690173419492008,,0.3091686300565069,0.3103448275862069,False,2
0.95360680852363744,0.29084460185823652,0.077739773007686114,-0.30102513703943912,0.9248051863847162,0.23263541025887985,-0.004233391991007255,-0.24524433694961109,0.9694520584259938,-6.8424635269776815,-2.4759681889225678,-2.7578138351675623,,0.2687490138420182,0.3240740740740741,False,1
0.38141847761752212,-0.88054399937350558,-0.28135779729597538,0.92440235931417059,0.36316645156207317,0.11657789908128993,-0.0004722566322995711,-0.30455277642327272,0.95249534557736792,-6.020704927825788,-4.6424285486160386,-2.6688426927225675,,0.4183424964311888,0.1891891891891892,False,3
0.79494016488913444,0.60168195075713105,0.07777508842249195,-0.60659002406320617,0.78595192869543418,0.11970007722188017,0.01089389521852465,-0.14233199188172116,0.98975902478024791,-3.9520713045840226,20.93258534113675,-1.4856843250870355,,0.2656486045677075,0.225,False,4
-0.54453728910432908,-0.83656024239243243,-0.060382958052927226,0.83849925019954175,-0.54125786485840199,-0.062920037696497316,0.019953651037160947,-0.084893371809802776,0.99619022642919397,26.505757687124099,13.135642338007949,-0.11243868179987659,,0.1743080968403524,0.4615384615384616,False,1
-0.80779456550431972,-0.58910498011285362,-0.020573340708774462,0.58933701373972835,-0.80640360824120938,-0.048939808457893461,0.012240268707182717,-0.051657942485067873,0.99858982209923575,5.1292497757220801,12.283192757745644,-1.1806936018304974,0.3215755237780231,0.2750383180033445,0.9305555555555556,True,4
-0.97598691229068923,0.21655088443950291,0.023563987051300809,-0.21560426922419024,-0.9449276043841317,-0.24622473792283206,-0.031053922933949742,-0.2453926179030933,0.96892627013053845,4.2877629929282417,12.437549411026515,-1.2337367404296378,,0.3117693007728217,0.3061224489795918,False,6
-0.46518984441672179,-0.88159016632369203,-0.079982418648789716,0.88495023554901164,-0.46095792446952466,-0.066188159594420481,0.021482300931105529,-0.10157051988698376,0.9945963705124774,24.678680908116675,4.1782977581936223,-0.35257258158743998,,0.2172419525338232,0.6666666666666666,False,1
0.38234406895542417,0.91775975184303649,0.10737807425920823,-0.9238365411101046,0.38199400242478004,0.024629807575649788,-0.018413534270370079,-0.10861684956075406,0.99391313591639829,26.322770658796998,9.5741513438700618,-0.20653359854509096,,0.2037288000545603,0.4736842105263158,False,3
-0.98715696479006987,-0.15960704197892572,-0.0068351311028121559,0.15975200472042864,-0.9860704520673772,-0.046307240766875826,0.00065104090451721663,-0.046804441139433342,0.99890385945563609,-2.056165045150451,18.453394703234348,-1.3521292490837391,,0.280534559597727,0.8382352941176471,True,4
-0.46111446162279857,-0.88607368001984999,-0.04740133814984334,0.88703293509957903,-0.45888962907511044,-0.050920333619614601,0.023367184916924931,-0.065526650329365083,0.99757718135774864,-10.293522097375345,-19.108421858649432,-3.2190227297656393,0.3805057185034186,0.2527559477583825,0.9032258064516129,True,4
0.43534085788812621,-0.89724222128027875,-0.073720647075713422,0.89995460132812877,0.43588145500911657,0.0094378348928501332,0.023665438968238139,-0.070453910687535232,0.99723427210825166,-13.519999383137936,11.931736893494731,-2.7955540271262391,0.2394862701384333,0.2226559280098281,0.3095238095238095,True,3
-0.89768571380599371,-0.44024344239085605,-0.018602974506026305,0.44051686775399401,-0.89565927505642173,-0.061150243087126799,0.010259066859753731,-0.063088623675379582,0.99795519794723908,-6.8288289161640936,13.507222507107201,-2.0222529063031622,,0.3022856462581584,0.9012345679012346,False,3
-0.98949561452117007,0.13212770542819774,0.058657465864553615,-0.1443618145591507,-0.88172865938433032,-0.44912608220576666,-0.0076220299501691194,-0.45287618691932918,0.89154083696757702,-0.50399598098225318,5.6954728400583727,-1.7267263827442205,,0.3154475753114363,0.2076923076923077,False,1
0.39876268939510634,0.89544898870250489,0.1978874078309249,-0.9167762154653506,0.39456238242716091,0.061983039054502836,-0.022576277448042463,-0.20613499218973921,0.97826309175575332,-3.3931418364067274,6.1223534372922623,-1.9770669958553171,,0.3025009184057342,0.2419354838709677,False,1
-0.65048593774814767,0.75895051302484573,0.029362622008844597,-0.75918537396545172,-0.64857021258789749,-0.054719715830996288,-0.022485834404093998,-0.057886078836028733,0.99806993198279403,-17.0066866831915,-17.5483207003053,-3.6794821284058745,,0.1757578935433428,0.6666666666666666,False,1
0.9816212112626862,-0.18824019397561148,-0.031391511132809871,0.19063630383778665,0.97481074412364721,0.11576619886723809,0.0088089305959520026,-0.11962291800957683,0.9927803182117535,-1.7191211763187972,-1.4994181853467792,-2.0461139057341886,,0.4191129432328647,0.5642458100558659,False,1
-0.88936468418309655,-0.45710743661436537,-0.0091241393974681416,0.45711877304837734,-0.888659874991793,-0.036415023085491889,0.0085373212805004081,-0.036557050912441671,0.99929509964471386,5.9513411627991468,23.399504590141269,-0.70894857395421118,0.2728131376580001,0.2926476834594118,0.9807692307692307,True,2
0.83436336217000862,-0.53196543915968375,-0.14439720013907337,0.55092998955005246,0.813230215885972,0.18743735642724568,0.017717970615678574,-0.23594361086857157,0.97160521098209529,6.2511000416659259,26.174854153545262,-0.66738687089690008,,0.2334143235050616,0.3333333333333333,False,1
-0.67144129463747249,0.73389973959145005,0.10275096147071415,-0.74072869833378263,-0.66052897793653254,-0.12256616486967262,-0.022081288918328605,-0.15840657036158967,0.98712703090634912,-12.364684911222248,21.163436713222772,-1.9249776751471184,,0.2035510259076093,0.3076923076923077,False,1
0.20886290893653531,-0.97600286355852051,-0.061601100608152444,0.97758515825774528,0.21007991204284804,-0.013917216325393989,0.026524396783851229,-0.057313531400851186,0.99800381537027005,-4.4477137401670968,18.966611537248458,-1.615407855901607,,0.1292086169991818,0.2777777777777778,False,1
-0.93350364986317702,-0.35835960942666539,-0.012219902769465003,0.35852060085110415,-0.93228483708294041,-0.048041245930958675,0.0058236120655886688,-0.049227765303775074,0.9987706006214373,3.0594864126532677,-1.2233880360116729,-1.7072190062071813,,0.2228462312782642,0.9229583975346687,False,1
-0.40127063796422252,0.91352253961252072,0.066771586230035027,-0.91560067583225124,-0.39800583260170952,-0.057155573923665999,-0.025637424272136604,-0.084070963090172313,0.99612990901878884,-11.627235282761976,13.423626297916293,-2.4581214689948201,,0.1907275155178026,0.4347826086956522,False,1
0.82271187702531423,0.53978465237094819,0.17826299802891821,-0.56833669716262458,0.78753919312566489,0.23827592817835264,-0.011771408571739136,-0.2973458396476244,0.95469727431499785,-4.9312314093803051,18.196900672592562,-1.677756264999603,,0.5187109760737725,0.4,False,1
