axis_00,axis_01,axis_02,axis_10,axis_11,axis_12,axis_20,axis_21,axis_22,location_x,location_y,location_z,dbh,dbh_approximation,score,reconstructed,number_clusters
0.95004912240588402,0.3119975937277677,0.0080104009820439331,-0.30960229474303763,0.94537515266538996,-0.10204038324475806,-0.039409188086734499,0.094463338025789781,0.99474800510650463,-15.239174471761254,-11.151007247578397,-2.5991224704604767,0.3026284851767786,0.2547340584264576,0.9821428571428571,True,5
0.99842270393145383,0.056127009864925283,-0.0013649314359480717,-0.055967748978470636,0.99307852738270064,-0.1032601061673305,-0.0044401968971173392,0.1031736265478152,0.99465345092473545,-9.344888705730753,-10.103538860335302,-2.629739501340969,0.1535755510203994,0.1648415589424213,0.75,True,5
0.98724032418924579,-0.15873916822390172,-0.012586451696020486,0.15725835427301887,0.98434325269048417,-0.079612630242063928,0.025027031507034746,0.07661747420988077,0.9967464122532087,-27.828584061394242,18.499609603319922,-0.3199583802302467,,0.2566220242028298,0.6774193548387096,False,1
0.0090927107307786376,0.99973214963622981,0.021282659497574307,-0.99154490591397715,0.011769324190715505,-0.12922918619312271,-0.12944505462785869,-0.01992766900109353,0.99138633531059617,-3.8267192411092119,-20.703687265438759,-3.7702176427919034,0.2708743472206481,0.2319257288854619,0.9855072463768116,True,5
0.96996246937431685,0.24325306941456817,0.00086730944159946373,-0.24156991528789035,0.96365760571056958,-0.11405259744509601,-0.02857943374312567,0.11041722318806474,0.99347433423836284,-10.956485911821902,-2.591327107985157,-2.0079324271347798,0.2377789415900947,0.2146216117412273,0.9528795811518325,True,5
0.94262701578251484,-0.3018401034831627,-0.1426424237252851,0.33040664950802623,0.90465630937109198,0.26912526428404199,0.047809570985635236,-0.30081475004452285,0.95248345449032368,-22.725015824298573,-18.171109073568672,-3.3112758381305825,,0.3667136643848185,0.25,False,1
0.69888866554329643,0.71516043510398419,0.010009257564258894,-0.70946105342051602,0.69495710665539645,-0.11704543386484256,-0.090662268086341549,0.07470054866623968,0.9930761205337687,-17.068575610304553,11.126196052995338,-0.76414059943951496,0.4331726862308122,0.3535254485867572,0.9879518072289156,True,5
0.90552961272989796,0.42372106287161782,0.021830743189117142,-0.42161465749853971,0.90440421061186871,-0.065529416370925506,-0.047510010015069236,0.050134665716162194,0.9976118053841877,3.3974886692139146,15.975528108264182,-0.56153750236262634,0.2418070720299398,0.2762806785690056,0.9770114942528736,True,5
0.76544535486877163,0.64344814593579636,0.0082396724210328526,-0.63830933460265527,0.76083093633686949,-0.11703623230383994,-0.081575744366420497,0.084325380547903436,0.99309346394310538,-6.4121789840831021,-1.0251084187516308,-1.9000237547738341,0.1457338624706733,0.1205063693212078,0.7281553398058253,True,5
0.99970177259560677,0.024115678532280117,-0.0038470661714971998,-0.024369454501208625,0.99534201225599694,-0.093275979359613723,0.0015797330513999397,0.093341912810426586,0.99563285992195705,-2.3354799791328071,0.92233573954898396,-1.7947531782841846,,0.2163500094949297,0.8319148936170213,False,3
0.67461050183548776,0.73792926579803708,0.019001828649905326,-0.73204130228641651,0.6720955422578947,-0.11136926786090322,-0.094953686395411005,0.061220754289994808,0.99359741177404703,-13.637268982199336,-6.3296065121557756,-2.2496217336411402,0.197644745494934,0.1979475145943609,0.9344262295081968,True,5
0.45002544304499753,0.8840456999824623,0.12625490467570882,-0.88418794930867251,0.46093119538839528,-0.075855806733238079,-0.12525482389704221,-0.077496022222715732,0.98909331998056571,-8.1383718699504239,0.24996463018198586,-1.7514452750370977,,0.1698734164703194,0.1527777777777778,False,3
0.98532540756350506,-0.17045584735902319,-0.0088682191520921827,0.16871081371201449,0.98048762450475391,-0.10089935346499848,0.025894063922876305,0.097922532106467883,0.99485711293603118,-3.0961613261311927,-4.5627820826291741,-2.1721468405873074,0.2487886120933252,0.2077275669805613,0.9201277955271565,True,5
0.99982777444209436,-0.018418276849603534,-0.0022778349496925141,0.018200045703346514,0.99710744406901353,-0.073793653646869753,0.0036303981273107886,0.073739487793511513,0.99727093016360713,-4.6711082279966467,-11.717720832077145,-2.8666484869508713,0.3400370957395493,0.2605646947479618,0.9585253456221198,True,5
0.99862069218173077,0.052493666660063387,-0.001062123845704234,-0.05245416117349605,0.99657597655866414,-0.06391309663700194,-0.0022965456813162696,0.063880653618509517,0.99795490277427168,-8.0731698641719909,-4.8804450953519245,-2.2048930691544788,,0.3077440571653314,0.6435331230283912,False,5
0.5100896512194224,0.85987196937070409,0.020706134583572931,-0.85298379540821267,0.50880510604286677,-0.11634435455021366,-0.11057663627478846,0.041684053968538033,0.99299307507902568,-2.2032823128310577,8.8223483076175313,-1.1369607451455113,0.2223616526993909,0.1921220421671705,0.8888888888888888,True,5
0.86243045355177861,-0.50459280617262803,-0.039997659247842661,0.50075837491695108,0.86206240642434473,-0.078034975366196024,0.073856365582176925,0.047270576352538639,0.99614794577627419,-9.8576844317710428,-6.9025369251291693,-2.3434593792556599,0.3477857218964884,0.1733864658384534,0.905511811023622,True,7
0.97596636256476843,-0.21776503271873254,-0.0082492222121380993,0.21576497602630451,0.97092888690936807,-0.10364637806168248,0.030579965050079667,0.099375485357035401,0.9945800011299194,-15.027022555671971,-15.754274091486211,-3.0295412800521406,0.3058196654004992,0.2574216831892091,1.0,True,4
0.62135068408981753,0.78014746478134855,0.072754797617411535,-0.77515029233385024,0.6255935939836057,-0.088174142816490358,-0.11430376929857985,-0.0016088386837670903,0.99344454297269513,-26.146086088391776,0.42441652292144738,-1.7197742300592596,,0.1347549697446861,0.3181818181818182,False,2
0.79942488290646541,0.60010490035734609,0.028177387335996125,-0.59476491410977472,0.79718113760212639,-0.10371562464436827,-0.084702736283873731,0.066153929728163474,0.99420777710071473,-22.133335233227736,-5.2445920139310997,-2.1766167504306728,0.2501941955104237,0.2165064814369801,0.9772727272727273,True,5
0.99132707099724304,0.13128983623248311,-0.0057980350183457719,-0.13129305125092214,0.98749978721923126,-0.087214132657474172,-0.0057247708468517551,0.087218972385717214,0.99617271487163805,-7.9794038416530348,-4.4582042702267666,-2.1453336574169692,,0.1873386071600711,0.6965811965811965,False,6
-0.33190296765652672,-0.94271525472920437,-0.033591197680956635,0.93530186907997814,-0.3242441641095869,-0.14169028102299272,0.12268183955374153,-0.078445334735252309,0.98934094007171436,-14.432869034461735,-22.080945209826805,-3.8398081100623953,,0.2482504048592731,0.9148936170212766,False,1
0.7133743337732964,0.7006869659788274,0.011611874133468177,-0.69511333768447503,0.70960899890854734,-0.11520640798653217,-0.088963518852704593,0.074113725958119853,0.99327370242947133,-10.863929884042776,9.0745969912397424,-0.96167690109229187,0.2777157119415067,0.2380669301273247,0.9166666666666666,True,5
0.67380067466748628,0.73823238768302579,0.031711079979368381,-0.7323551089263165,0.6729102725755528,-0.10415257794129443,-0.098227517769526235,0.046954305852740699,0.99405565634662707,-0.98239573591825979,14.941277225533559,-0.64504282120170053,0.3083775360190967,0.2559029946477789,0.475,True,5
0.78970552126146476,0.61318958547485303,0.019071495859949911,-0.60812491379218858,0.78652686617137568,-0.10751547802934487,-0.080927615276871409,0.073307714845119248,0.99402047264117521,-8.3935488776552454,-4.9091869623244655,-2.1962561882920673,,0.1288397549514122,0.8540145985401459,False,2
-0.20987828626630334,0.97675673287219955,0.043559037440526242,-0.966419483246855,-0.20048875949251585,-0.16074090866370322,-0.14827166740412828,-0.075832328897230253,0.9860349742981841,6.182593979244289,23.643795909575513,-0.035948401367863807,,0.259693765634283,0.391304347826087,False,3
0.99990664588913525,0.012633120983804771,-0.0052061272504570809,-0.012913346698613926,0.99824101798815712,-0.057862902476536776,0.0044659807188119635,0.057924729262866285,0.99831096395664343,-6.6119973456808276,-28.241444043338934,-4.6240054044410428,0.255785548829773,0.2945910017962036,0.5128205128205128,True,3
0.99351213961935292,-0.11318694246544625,-0.011060944096171341,0.11176152323925413,0.98972051811553419,-0.089233726495984045,0.021047335988587969,0.087418602576580948,0.99594929467887117,-14.291059709984204,2.0224097842800872,-1.5771894326035845,0.3674598803893989,0.3297947600183163,0.9831932773109243,True,5
0.99526765965274133,0.097166194332713257,0.0010081310685358192,-0.096712745456587548,0.99152323388805219,-0.086765900712361926,-0.0094302977473279259,0.086257795816236466,0.99622821790256466,-18.441682928381837,-5.6112558466471443,-2.1715561625376636,0.2327248617239037,0.2278368087794379,0.8769230769230769,True,6
0.88002905909101192,0.47482103485444183,0.0096871056124005379,-0.47121558089006815,0.87552600148629034,-0.10681805581391624,-0.059200772645503663,0.089438278053561124,0.99423139305545472,-17.488556921848446,0.92830083997986068,-1.6471053291136404,0.2592682253557825,0.2272623840458519,0.9122807017543859,True,5
0.5525942956982971,0.83327267454074627,0.017210294169860398,-0.82635040798708048,0.55045963164686218,-0.11890835608478417,-0.10855665608928711,0.051486345674471863,0.99275606703147357,-11.8632223142304,13.910214887772023,-0.54196866207594507,0.3008046831360465,0.2443434910801957,0.8292682926829268,True,5
0.49134370601882205,0.87086519671295803,0.013235244984184037,-0.86391576359252487,0.48923983217461642,-0.11955726673899694,-0.11059347165197222,0.047309573744174119,0.99273908367713126,-6.4651755435937712,14.496132232128009,-0.57232212354032663,0.3089598544479261,0.2651088277306535,0.9425287356321839,True,5
0.84034235714828109,0.54032560294635668,0.043277772390997393,-0.53791811837000203,0.84111157427707484,-0.056350843351433824,-0.066849238677395922,0.024074102637426931,0.99747261459673942,-11.349753231060996,-21.905546244169837,-3.899501115104945,0.2029194053362585,0.192018776794996,0.3333333333333333,True,4
0.75663794152230501,0.65366099812334366,0.015044101212156134,-0.6486536258013369,0.75333490285324078,-0.10832819521194088,-0.082143162732311731,0.072206811835802062,0.99400134664940987,-8.0433391832526109,2.1696117762746852,-1.6055801330738435,0.2866248329215456,0.2544112811979283,0.9285714285714286,True,5
0.46625688708722801,0.88448007934323292,0.017306197985588634,-0.87774782602870194,0.4649697224877033,-0.11559373283875127,-0.11028721206747558,0.038705896381516128,0.9931458022061449,-6.3664663698350532,22.007794115876536,-0.13152448902417666,,0.225278820125017,0.5135135135135135,False,3
0.99170719629685911,0.12851385321006367,0.0010130874223984706,-0.12788062674234649,0.98754344703481023,-0.091675981165135367,-0.012782101431607774,0.09078617599451895,0.99578837517380403,-20.329444035082858,-9.6859157626022352,-2.5082678595572276,0.3354851999455575,0.2838014844466058,0.7454545454545455,True,1
-0.60029525821026708,0.79741358005301266,0.061458809924247661,-0.79203833329995788,-0.58206271833225243,-0.18406050774430865,-0.11099946645679172,-0.15916838340168277,0.9809916126917706,2.8238109683104864,21.419758832435814,-0.09680881794230918,,0.1568589614253054,0.35,False,3
-0.64333109798083399,0.76511400349570113,0.026938077614305826,-0.75858007080310674,-0.63229752711118359,-0.1573407556529326,-0.10335073560999944,-0.12165688991529497,0.98717689731122127,-22.289628049551528,13.945263999156603,-0.57443199164764569,,0.3207852537344077,0.8958333333333334,False,1
0.86270757091732753,0.49282959204406862,0.1133783060713171,-0.50086646641244215,0.86363860297312633,0.057106446905241789,-0.069774134931495202,-0.10605355562310943,0.99190937763197795,-10.734702923967063,15.337717776382368,-0.48745925597235173,,0.2475871103950624,0.3333333333333333,False,2
0.076567605931481514,0.9967524132401584,0.024940497626195067,-0.98844610095000895,0.079163779529934156,-0.12925711402960216,-0.13081172439291125,-0.01475542986350631,0.99129741755484091,-9.164356143104504,29.002782060682172,0.44079198354881705,0.3491406774303614,0.3187153194003255,0.90625,True,2
-0.49571901233848881,-0.84173206892551378,-0.21389199365223099,0.86120989110250357,-0.44461996746862253,-0.24623283289483211,0.1121614206105037,-0.30626819728886973,0.94531455455634372,15.19987147399708,18.37620042631378,-0.69196178996342861,,0.4041768667595059,0.2916666666666667,False,1
-0.98615642251152746,-0.16536358672696247,-0.012263544514539121,0.16489359772974202,-0.97017766959464613,-0.17766651583133009,0.017481755261065653,-0.17722915562823333,0.98401433659692972,15.688838036760442,16.559718473825953,-0.81791358923456869,,0.07760971195811571,0.3,False,2
-0.4922493917092029,0.86679067190578163,0.079777612517815982,-0.86348738821845317,-0.47468199913844628,-0.17048909079938881,-0.10990935697015886,-0.15281011351036697,0.98212473874725026,21.280234400191915,13.42737410259215,-1.1871392366901234,,0.1404537117006212,0.5217391304347826,False,2
0.99215667713327116,-0.11356968015394005,-0.052221219533798907,0.12330093708933136,0.95782808466291869,0.25954236483444687,0.020542807324175051,-0.26394561557392099,0.96431877773200358,16.442734951188243,18.118805163053668,-0.70685134656291382,,0.4425821836289518,0.2,False,1
0.76911472506644041,-0.62911950179559517,-0.11256638995026766,0.63312875260008172,0.7740464804336733,-0.00016958569431123338,0.087238307623645789,-0.071138587199251868,0.99364419139562044,25.48395477754751,4.7182654888307303,-1.9284698139491572,,0.2926873111634236,0.3870967741935484,False,1
-0.63190275412784924,0.70807186994819193,0.31517159820280283,-0.76796402243652351,-0.51716711992830444,-0.3778484223973646,-0.104547451278132,-0.48080390706932996,0.87057304884662789,-15.335584977302879,-14.223357903879542,-2.859346846479073,,0.2189767667085896,0.4,False,1
0.98872190933558113,0.14976296270640088,-0.00020248753860071817,-0.1489494691567867,0.98320875513791139,-0.10542580072292507,-0.015589792741201348,0.10426695939538846,0.9944271514498817,-26.079678863697257,10.794099218225837,-0.87061175167639948,,0.2306412380565622,0.8484848484848485,False,1
0.71156854034314465,0.70248750208486166,0.013473002950233823,-0.69689915873081831,0.70808969247461984,-0.11375653814825519,-0.089452640845329834,0.071556249383047443,0.99341729812804591,-21.316711364142556,1.4782996826513906,-1.6198189255211375,0.308143741615214,0.2356611362826783,0.7674418604651163,True,1
0.92250174406377039,0.38598864774367464,0.001815492304993861,-0.3831285647876187,0.91621790628434929,-0.11729130849172553,-0.04693650011536421,0.10750586968594336,0.99309589312411684,-16.251263500647479,16.502881027397883,-0.40563390917730308,0.2933148649301554,0.2886043157936716,0.9710144927536232,True,1
0.94050540910439673,0.33262124836815454,0.069373486141189197,-0.33732220346192282,0.93854404864452612,0.073135489370995163,-0.040783654776940355,-0.092185540557899057,0.99490628685071802,-28.127822341129932,-11.744857081243612,-2.7625989251345633,,0.2040719421341043,0.1764705882352941,False,1
