axis_00,axis_01,axis_02,axis_10,axis_11,axis_12,axis_20,axis_21,axis_22,location_x,location_y,location_z,dbh,dbh_approximation,score,reconstructed,number_clusters
-0.91191669194840486,-0.40999067540937256,0.017764938030971462,0.40940771139422766,-0.91188462490775379,-0.029184871214134898,0.028165098913700622,-0.019341068590213832,0.99941615469681599,7.7531266170641935,2.6534435978055662,-2.4083443311374317,0.2724088911141729,0.2050325791640253,0.9870689655172413,True,5
0.016488775235036911,-0.99241503458114511,-0.12182167060319864,0.999810270191135,0.015101377612172742,0.012303333472890813,-0.010370338064837665,-0.1220014243011957,0.9924757470875053,-6.1420092555278218,-15.365527553498142,-3.1661347485725373,,0.2708937431638822,0.2903225806451613,False,5
0.97604185501957708,-0.21210347806128413,-0.048522281935710829,0.21592278817785776,0.91670815146196427,0.33618970030131434,-0.026826233344287763,-0.33861228512488151,0.94054349902971701,7.9017805767317757,10.502507989506137,-2.2228395172303785,,0.287673479793566,0.3809523809523809,False,3
-0.87119855405376767,-0.49076087719739792,0.012916687929317893,0.49015877189397261,-0.87100234367974994,-0.033155627573216759,0.027521950330877929,-0.022553906908159539,0.9993667312519271,-5.392774634672687,16.039821959630217,-2.062946335710127,,0.3267210527333991,0.9565217391304348,True,5
-0.91152554358083171,0.40323254781231233,0.080775589038160484,-0.41084375816475305,-0.90155841710152973,-0.13564596171817248,0.018127045449617504,-0.15683090555811127,0.98745910157590411,-7.1873479649277154,-21.677357917266239,-3.4683760268479178,,0.2323628775451099,0.2413793103448276,False,5
-0.74865211257190889,-0.66293526030544592,0.0060708306983615536,0.66252129295167284,-0.74845611713161331,-0.029647548193936557,0.024198155451624674,-0.018173644984398888,0.99954197905876851,11.666042520065744,-2.7058491644664087,-2.5136035054433501,0.1714878223156753,0.199529207091872,0.92,True,5
0.39007644235916111,-0.91200986308551668,-0.12680054712483863,0.91972673218204892,0.39250963918547588,0.0062386902646433297,0.044080689946400999,-0.1190554189494365,0.99190861473858816,-4.8571926611860254,3.1268579059797901,-2.4973561021770609,,0.1947555514742649,0.2747252747252747,False,4
-0.79593780108370749,-0.6050682324402078,0.019376555362490791,0.60459711730548216,-0.79612890606272047,-0.025319768507583541,0.030746423400682336,-0.0084379513544025342,0.99949159997721204,8.5366797930092684,-13.894120880027151,-2.7867976170806918,0.1637405864589464,0.1652849470905156,0.5641025641025641,True,5
-0.99479954959161265,-0.097670319834643304,0.028885372694912662,0.095842060932744666,-0.9936432256249832,-0.059054547036984255,0.034469631394745057,-0.055979003143837767,0.99783675805140259,16.182355797723208,-6.2478776913728504,-2.6472767169766951,0.1970334382809243,0.1623452892746089,0.7272727272727273,True,4
-0.82147472725148374,-0.57024430223733769,0.00084157765661549595,0.56977903869241131,-0.82086234062178143,-0.03920286744208297,0.023046031195237834,-0.031724651531289796,0.99923091772190775,14.70679775849907,-6.4886696023614734,-2.6536683344061607,0.1522346243160283,0.1281427104614051,0.6756756756756757,True,5
-0.53557717711306307,-0.84445826984015548,0.0068787974364755127,0.84425592759450641,-0.53560356356374983,-0.018993457277437641,0.019723490490797392,-0.0043649967218012762,0.99979594454392362,6.6827071059625851,3.1575084928988937,-2.4343115664104955,0.1916362233925951,0.1546855074866578,0.9315068493150684,True,5
-0.73069221365974524,-0.68261587305990412,0.011156107909426225,0.68225964951744389,-0.73070737276921871,-0.024259143040125351,0.024711526406846991,-0.010114604657213677,0.999643454055131,11.970073768389858,-11.956287768412613,-2.755501140392262,0.236988292559653,0.2341977379636606,0.9428571428571428,True,5
-0.67907566837245825,-0.73406808492083264,0.00053228296983831754,0.73363742077888672,-0.67870175066054872,-0.033764900165831849,0.025146996985751357,-0.022538419442524889,0.99942966145278633,-5.0391734353676156,-15.599757159354521,-3.1358605535470412,,0.1098086254706813,0.46875,False,3
-0.98610448033635623,-0.16558422371711407,-0.013409650128402397,0.16583498436220595,-0.97638461434522139,-0.13846242389731853,0.0098342169059029462,-0.13876220568272377,0.99027689988806367,-4.4664084960389374,9.5211213752898676,-2.2463094289492087,0.2526776835953217,0.1972429303608558,0.2857142857142857,True,5
-0.92296134175062039,-0.3845228309179527,0.016868732517279397,0.38392164298829523,-0.92285945722068707,-0.030571134481860992,0.027322768510236031,-0.021739703797053082,0.99939023989618481,12.928021892248994,-2.2420976139323319,-2.5216889808195222,0.1879169855480463,0.1816262981479021,0.868421052631579,True,5
-0.9909947383470652,0.12748571320245891,0.040949010948906989,-0.12946320314758822,-0.99032589693822304,-0.049938931549157801,0.034186365691596263,-0.054790608527060775,0.9979124619013614,18.029188571758034,-4.8646217725654077,-2.5563609925567574,0.1690301615886392,0.1804171151061485,0.7428571428571429,True,5
0.54458287551125206,0.81064393241229959,0.21514159649639913,-0.83847549979356573,0.53224287289180205,0.11694597257627681,-0.019706038308758278,-0.24407773167375277,0.96955543057381188,-18.441969825024827,-6.6336482896938218,-2.9858002003187853,,0.2400624209958265,0.3548387096774194,False,1
0.98153981054251527,0.18631315890657879,0.043208878004584818,-0.18927623682810127,0.97869359058019711,0.079582422239047462,-0.027460999478454703,-0.086291729473301396,0.99589137506665404,11.117810011297333,-10.232777615349351,-2.6965430542556041,0.1549286418696469,0.1696982203214184,0.4831460674157304,True,2
-0.99735964714685532,0.066853773878434969,0.028360309612406129,-0.067852067877278377,-0.99705168560351198,-0.035833407875514395,0.025881095955883643,-0.037663100687633989,0.99895528414374768,8.7724544556571207,-6.2418385036321649,-2.5436039714929151,0.2752179332182308,0.2460987833432572,0.9955357142857143,True,5
-0.98399547223996975,-0.1768834317131357,0.02156761916907305,0.17527412190644265,-0.98257817384750956,-0.061798984363963645,0.032123088288070659,-0.057029675291697106,0.99785556236108597,6.7308268397915736,-9.9317171423721806,-2.717197596695172,0.2067935980260008,0.2049534845760261,0.8690476190476191,True,5
0.9927158959700354,0.087321154540929133,0.083007022944127415,-0.091655198728442758,0.9945390077982772,0.049914792533529151,-0.078195104926442688,-0.057159233175881299,0.99529811997626405,7.1716972640348216,9.3895543403004567,-2.2886786864514943,0.7099205496580063,0.2375885986207669,0.9230769230769231,True,6
-0.68494831764108166,-0.72855832685882504,0.0069689687415672007,0.72822110540874319,-0.68487366385172155,-0.025339419874704887,0.023234108502793505,-0.012281242892637054,0.99965461399179867,10.008984059217843,-17.818327274357802,-3.0243171878903539,0.133995455583383,0.1019068175114373,0.5625,True,4
-0.81587635596353814,-0.57816045742391931,-0.0087325397807774003,0.57756787051138203,-0.81413366294222878,-0.060014446737573494,0.027588525379325896,-0.054008002514758839,0.99815931039677275,-7.034934535103945,-16.070870824438551,-3.2128877578109423,0.2960625696222694,0.2967972903448947,0.9767441860465116,True,5
-0.98812252203754403,-0.15175049287518907,0.02420060648621588,0.15077608551799629,-0.98783740854012636,-0.037997714728619458,0.029672436334641693,-0.033897524996153526,0.99898473678084898,6.2535933508120189,-8.1902194828551913,-2.7023244045318164,0.2096815013574466,0.2156503304961913,0.9372549019607843,True,5
-0.82911326733500135,-0.55899893074000417,-0.0095595690598438993,0.55859665333507047,-0.82756303745267246,-0.055760182253691698,0.023258736249778401,-0.051571450179707809,0.99839842583731297,13.536620112487022,-1.4918695582374917,-2.5162831017199028,0.1714858840398642,0.1291655770442088,0.7391304347826086,True,5
-0.5955154531937259,-0.80321527163517026,0.014372627439389623,0.80306869561614913,-0.59568441901248459,-0.015515897239149094,0.021024155841522223,0.0023022505942483437,0.99977631723968796,17.835614798832065,-13.655474834748327,-2.7767862958733853,0.2494656542960835,0.2251077996309124,0.9038461538461539,True,1
0.18446732061154314,0.97779680903772015,0.099424382633487546,-0.9826729974243299,0.18534731158342888,0.00039271093416945804,-0.01804405052865396,-0.097774098433313833,0.99504504315938969,-7.7292286933376051,-5.9916423868719919,-2.7925687108547703,,0.2265336474035707,0.2407407407407407,False,6
-0.85665127158786247,-0.51561240852415857,-0.01710096672162556,0.51271128339331318,-0.84721779456620538,-0.13910121657108587,0.057234069994012531,-0.1279290926501504,0.99013050073494335,18.074561835323085,-18.409998959060534,-2.9362239178934808,,0.199286901231893,0.12,False,2
-0.36563763618803258,-0.92070500346048278,-0.13642366219120647,0.93075722233842895,-0.36163596910305096,-0.053948298543601621,0.00033476511216971785,-0.14670283723817218,0.98918055251738057,4.8655925079744886,13.300434156154756,-2.2109848141329382,,0.2955917317164553,0.169811320754717,False,5
-0.61531494428004985,0.76553971579603075,0.18797995341144982,-0.78785228456164769,-0.58937088487729516,-0.17869173951233991,-0.02600571200007628,-0.25805213348834349,0.96578092720113462,-5.5210686571350385,-7.2209826050836474,-2.8295199705546432,0.4172736216028624,0.3771411883979319,0.4476190476190476,True,6
-0.99083827531013113,0.12993583684393636,0.036826491607404539,-0.1316759334410581,-0.99005142628513088,-0.04959457493722072,0.030016007943601181,-0.053989365753299136,0.99809027029256514,12.914284590450734,-11.672985394190798,-2.7564141565885967,0.169284666146907,0.1998721410166715,0.9230769230769231,True,4
-0.94336202981245454,0.30889619101731491,0.12104224007808302,-0.33075157772501257,-0.90414828490584276,-0.27040575573430076,0.02591282579227603,-0.29512543447967632,0.95510706383244892,-7.5519815212884263,-11.694069196193752,-3.0184739288227074,,0.4769403699720988,0.2763157894736842,False,1
-0.28040648804270596,0.94445908163189263,0.17137457392098232,-0.95981613965991208,-0.27796352517483647,-0.038590889089551272,0.011188365023536043,-0.17530921765674617,0.98444984569691507,-6.504942252973005,-10.291094773360012,-2.9553918709607228,0.6960825699606903,0.3443567282137866,0.4326241134751773,True,9
-0.83293082326142942,-0.55305272205854916,0.018945455514860241,0.55273988273867047,-0.83312647508503568,-0.019465316396691919,0.026549306790897245,-0.0057413531516262595,0.99963101751241701,-10.629001506465123,-1.4129470941406574,-2.6000931702818426,0.2880710106291768,0.2599208988104718,1.0,True,5
-0.49377268737503899,-0.86949693798393546,-0.012790935813797111,0.86944595802681568,-0.49336825537445167,-0.02552431506628481,0.015882672107212191,-0.023724237086372987,0.99959236756860281,15.190158223680109,-2.0940044185857598,-2.5604519588209662,0.1288559876467477,0.1320547353047251,0.3793103448275862,True,5
-0.65796140248840285,0.74971768605880973,0.070782653567933188,-0.7530466000722329,-0.65538837752452794,-0.058197016464912238,0.0027587959591680224,-0.091594027187317129,0.99579261055124568,-6.8239081499215093,6.2222873824438354,-2.3338294557728418,,0.09551679536158326,0.3125,False,3
-0.020663930047159731,-0.99966390804275451,-0.015654806025420791,0.9997728955735784,-0.020579496848349681,-0.0055354842508579406,0.0052114557878600917,-0.015765635609014544,0.99986213322758422,11.166784574886819,-21.167661565657653,-3.2026704161014532,,0.1872921560939279,0.6666666666666666,False,1
-0.70173331848489107,-0.71228866398462443,-0.014669999563139696,0.71222293057476238,-0.70086312112235383,-0.039107321745822154,0.017574040277662829,-0.037891220746141943,0.99912732346717847,16.039154106804219,-4.9994933551098342,-2.618779912204471,0.08361783508146223,0.1533705512428303,0.5769230769230769,True,5
0.80062521427795996,-0.58623312848309128,-0.12381431795756753,0.5988138162242751,0.77580597049877364,0.19886455098225925,-0.020525100762000582,-0.23335769798183845,0.97217431823275724,-22.166993420916064,-6.661469629437117,-3.2758735294387407,,0.6249720393663563,0.5614035087719298,False,1
-0.35752847038123398,-0.9303824967770673,-0.081004953908540234,0.93378646147232158,-0.35477108189615109,-0.04669393773536866,0.014705007237504562,-0.092335741406587277,0.99561934172706812,-18.628261542465371,-2.5246061313862982,-2.8961404960650778,,0.1718070206614359,0.4583333333333333,False,1
-0.95850995133416006,-0.28440760326430814,0.019261059130739534,0.2835699340378891,-0.95822113490088923,-0.037421239143011015,0.029099238875494652,-0.030406772842627775,0.99911393867874931,8.2345130806290303,-1.5032568540133766,-2.4296536464550398,0.2390783905533722,0.166175969315876,0.8855721393034826,True,5
-0.75085250785655033,-0.66038557746809912,0.010554644364212454,0.66002146491794833,-0.75083566471768337,-0.024848952402880698,0.024334693199115874,-0.011691606394355552,0.99963549809259244,-12.61078658575199,5.6752832146322536,-2.4775974142337458,0.3133972610265922,0.2535427850889803,0.9758064516129032,True,5
-0.7709010998543987,-0.63695007417946492,-0.0024692602239212314,0.63636911326127532,-0.77002017103523068,-0.045861616695584584,0.027310179976288457,-0.036926131690835098,0.99894475065842092,-8.6610001229009299,-9.4462657781205941,-2.8983679711211527,0.2896932791149835,0.2420924350443642,0.9121621621621622,True,5
0.90758090299584637,-0.41978545358579877,-0.0087793778259044938,0.41902358181294486,0.90420499285430289,0.082659353868760499,-0.026760837092569462,-0.078698817367962498,0.99653918826255394,-8.1715813742636616,-4.3424317965391523,-2.7289412172072804,,0.09896979913382827,0.5517241379310345,False,9
-0.066472042533719036,-0.99757342903424195,-0.0207055849050388,0.99760499419928372,-0.066047780929432504,-0.020541815473436992,0.019124411364601423,-0.022021451340954148,0.99957456578826365,-10.351108853331183,-14.013361979541179,-3.0717813080108138,0.2635820402555992,0.2308427271963013,0.6904761904761905,True,5
-0.30764690442862153,0.93312750310348724,0.1860818237962478,-0.95148897003274868,-0.30266939722684238,-0.055317048803769656,0.0047034138139665027,-0.19407292169231405,0.98097582995928279,-3.8510375924821991,8.5170533026014823,-2.2820219133274682,,0.3123801727690606,0.1739130434782609,False,5
-0.55031370322196749,-0.83490210397386766,-0.009659442330334396,0.83478577113513219,-0.54992843237192235,-0.026672749751055484,0.016957132907616905,-0.022741944705079703,0.99959754881381357,15.647793915358035,-14.572647793483732,-2.8819144693011198,0.291769224928571,0.1978656197487697,0.8222222222222222,True,4
-0.98372626858009282,-0.17834723741634634,0.021792003382997339,0.17768532465883968,-0.98365192590064909,-0.029271386588728271,0.02665621703036436,-0.024922912709020622,0.99933392543019817,7.4699916952144561,0.028505127937032748,-2.441837255903073,0.2262697036048172,0.1839080683808422,0.9476190476190476,True,5
-0.99088433087146488,-0.13455532330051212,-0.0065656534255001571,0.12831944596992045,-0.9278789186082157,-0.35010688680518803,0.041016613943398464,-0.34775792927544119,0.93668674593306545,-8.4025296701463237,-5.5331923733273447,-2.7589573220391985,,0.3683704298387647,0.2592592592592592,False,3
0.054123095958579774,-0.99830174032980756,-0.021548218913291096,0.99852964218047746,0.054175949538720923,-0.0018762138749050666,0.0030404227970444301,-0.02141498881752486,0.99976604967520255,-16.598286455577263,-7.0499435261822221,-3.0344564987599356,0.2809186776343439,0.243386285579422,0.9830508474576272,True,5
-0.21611076385045214,-0.92451449071078162,-0.31395715346804581,0.97636167269041552,-0.20339851302703926,-0.073122698251383789,0.0037445759636737476,-0.32233833368709552,0.94661712259322628,-9.3240229814462996,4.8716326588627181,-2.3995600710595513,,0.4025610092837645,0.40625,False,4
-0.99924127326445766,-0.026644431652269464,0.028406901745068228,0.02581471043832409,-0.99924061080035065,-0.029185654906615503,0.029162965038073554,-0.028430195026944664,0.99917027852159346,10.972644949579623,2.1870555840502157,-2.4075761923236731,0.2197823570831228,0.2047132664151024,0.9805825242718447,True,5
-0.99952639626871276,0.009371312255668441,0.029311459681981233,-0.01049823123237514,-0.99920222572053208,-0.038531795391954622,0.02892698226696374,-0.03882126507138365,0.99882738202113042,6.057101247642029,-3.3328677887744007,-2.5805383386704772,0.1818197352368674,0.1649573512206089,0.8859060402684564,True,5
0.54865034589309847,0.81226579373516483,0.19800777327965291,-0.83602829576594317,0.53124581295845885,0.13723911575348735,0.0062838388009751611,-0.24083638957161121,0.97054538627929965,-8.4666468903057961,-5.9349989950123767,-2.782406261924105,,0.3610946431857253,0.3333333333333333,False,4
-0.56435120989443255,-0.82552101071247097,-0.0047720816161086754,0.82528713535282017,-0.56403088633873988,-0.027754341589581774,0.020220190697076132,-0.019601533822532033,0.99960338322755704,-5.7011054098829153,-27.903650478629451,-3.7350076729727575,0.3273199585336408,0.2648410688082987,0.8333333333333334,True,1
-0.94094117491313489,-0.33814036909165546,0.017052745926928355,0.33730260340021906,-0.94058296264442687,-0.039123447221161602,0.029268739168674444,-0.031060926798656401,0.99908886478325054,15.050348285944006,-3.7335638520044427,-2.5931013980453956,0.1776302192355888,0.1351606488785354,0.7333333333333333,True,4
-0.99922445198456633,-0.022769540896485158,0.032125419273640293,0.020113516695766186,-0.99653496119431628,-0.080706366313769359,0.033851750357596348,-0.07999761949462296,0.99622007602382789,-6.6111703179748966,12.370821143813934,-2.1241502209789345,,0.2239269442999591,0.4285714285714285,False,4
-0.81943074264518101,-0.57298984642392958,0.014693328521760463,0.57258879782788641,-0.8194813420165703,-0.024339241745292034,0.025987046965412399,-0.01153108762440023,0.99959577200397121,-5.9844622739184983,-4.8961694486401335,-2.7600297953606163,0.2741693495850682,0.2258831378653888,0.9584487534626038,True,5
-0.82295815648549953,0.56691481183683445,0.036707884629797773,-0.56772601649167953,-0.82304529728660081,-0.01684068920502179,0.020665015666026614,-0.034699203656821227,0.99918412837329706,9.6762445160360357,-4.2542307533570405,-2.5129359600781562,0.1307224646799353,0.1343862157891246,0.8958333333333334,True,5
-0.89524057349721686,-0.44532107066886412,0.015279384238602901,0.44482476507945978,-0.89519110032732607,-0.027637334653588565,0.025985456247248691,-0.017945414820717792,0.99950123469185104,14.981163621842208,-0.014464095834028468,-2.5009794439986694,0.2142911094536021,0.2148135393086324,0.9905660377358491,True,5
0.89433273489019449,0.44603831075808498,0.034911096228843641,-0.44664643371264662,0.89463358975241625,0.011734706578344176,-0.025998510641956008,-0.026087648854956541,0.99932152584722234,-13.884647900901507,-9.7209893244716756,-2.8249839586793621,0.2891346131984445,0.2460860113515506,0.9857142857142858,True,5
-0.99797072725507918,-0.062840826481048981,-0.010269277927187067,0.063518495584761997,-0.97121646996962907,-0.22957345050850311,0.0044528935104808532,-0.22975987244710563,0.97323716161708151,-5.7945081665275024,5.4429174786583632,-2.4129855348845695,0.3826568135340581,0.3288699229420174,0.1057692307692308,True,7
-0.80248046317327859,-0.59634385919573007,0.019977683167568407,0.59602817989002421,-0.80271919352555343,-0.019806693885406807,0.027848069990311489,-0.0039872227463072299,0.99960421520349063,-5.4142275644073203,3.1305719627510236,-2.5078215188519182,0.2974650303743295,0.2702220504480605,0.991869918699187,True,5
-0.96289777222166373,0.26711268881472056,0.038453760865835823,-0.26851176874433885,-0.96254749387448468,-0.037466679619834506,0.027005745617245308,-0.046401869683438887,0.99855773803698389,13.033067547881517,0.91595885419041989,-2.4286056141176671,0.1541288899665237,0.1955744350747812,0.8981481481481481,True,5
-0.97951992000198085,-0.19983770273148704,0.024609325190137997,0.19873497058881023,-0.97918728477733485,-0.041190688212924931,0.032328590819533549,-0.035456366105278234,0.9988481908269301,14.405660469913943,-16.088418353690898,-2.9426396611656251,0.1479921023100247,0.1782167351232032,0.5,True,4
-0.41441031275899454,-0.91006001201946818,-0.0074072398446221929,0.91001003429240368,-0.41425210718628569,-0.016641189226080551,0.012076016153036155,-0.013636943016878372,0.99983408804612395,-18.133721998354353,5.0857735493551788,-2.6419023626259537,0.298239254889207,0.2565396995713017,0.9666666666666667,True,5
0.89870302339466546,-0.41000338974063461,-0.15566019447011925,0.4370259823971509,0.86689341752412652,0.23980011126591216,0.036621939477466545,-0.28353663441348809,0.95826186947743008,-4.9689441008716049,-5.1035209758523594,-2.7302550476206688,,0.521283853786352,0.2876106194690266,False,5
-0.88996397663219606,0.45452248340246593,0.037059848605511467,-0.45541010349679545,-0.89005167373985272,-0.020239953209561165,0.023785666483121568,-0.034890258734242181,0.99910805817759873,10.797574496144488,-7.8926400194557358,-2.6272007106347952,0.1248229986365139,0.1355997871509333,0.9016393442622951,True,5
-0.39391829153959856,-0.9189159443642686,0.020539395892973728,0.91900875932952586,-0.3941467432711715,-0.0084406779546891356,0.015851809553780696,0.015550947297632643,0.99975341368360271,7.5291878007928128,-23.199188292510279,-3.3420850287046848,0.2107638112410053,0.1793566193578321,0.8666666666666667,True,2
-0.66584381448739083,-0.74595261450499184,-0.014377469250423177,0.74558083081978721,-0.66455219846079494,-0.049795584492994163,0.02759056764468204,-0.043875647392260887,0.99865594082394238,-8.4655652673239565,10.632085770800611,-2.209732241490499,0.2485636253217685,0.2011316178172814,0.4516129032258064,True,4
0.90602934407933322,-0.41407626769114547,-0.087473837243735517,0.42320831679122434,0.88760181732199572,0.1818178607437356,0.0023554757293136365,-0.20175197253474522,0.97943381262463436,-6.0738843940306975,7.3558201798345948,-2.298457040593636,,0.2863193071894584,0.4745762711864407,False,2
-0.36294382528765462,-0.93170589382376789,0.01399668173598121,0.93168832058127404,-0.36309884805914061,-0.010774963135455382,0.015121275674022789,0.0091298385625912803,0.99984398436446653,-7.1682895552510368,-2.6151364197293927,-2.7203267374950144,0.2965966445538561,0.2552388169504348,0.9875,True,5
-0.29805099315571637,0.93015475856359753,0.21442418380487549,-0.95454041162020942,-0.29143505019016358,-0.062595639661066502,0.0042670906730854791,-0.22333324123863152,0.97473281225935726,-5.436522404989967,-12.393135422765699,-2.9957585338573449,,0.1969235932236479,0.2631578947368421,False,1
-0.98841767731050001,-0.15014374602367281,0.022076021156345597,0.14904704565120813,-0.98780771162630077,-0.044954455110231759,0.028556494230966782,-0.041143412371727535,0.99874508572290199,6.6445522787870974,0.65242353854001967,-2.4744852831749142,0.2213237146817797,0.1842187725451137,0.9509803921568627,True,5
-0.72059449895962857,0.68462386438036915,0.10969837004263507,-0.69312918261768763,-0.71533816372921866,-0.08867495540593695,0.017762439946617442,-0.1399338266231529,0.99000152519768547,19.111520944069923,-16.789554118424334,-2.8376549943273703,,0.1749801289993952,0.4444444444444444,False,1
0.60127181760293524,0.7969112785127167,0.058349083417738687,-0.7987660703277798,0.60138532576045234,0.017562882824617664,-0.021094223132865492,-0.057167334547120162,0.99814173823720986,-19.099027002550883,-7.0898815894369429,-3.0402213412908501,,0.1216747213071977,0.5769230769230769,False,2
-0.99919907628350568,0.025910728985488227,0.03049327922068857,-0.026969647056466518,-0.9990288256425226,-0.034843129494538674,0.02956085404449476,-0.03563761578394585,0.9989274829783179,8.5051408556811321,-5.4365912096312288,-2.5168125205746592,0.2413120856910091,0.213224166356899,0.982532751091703,True,5
-0.63849864208145291,-0.76962149476028385,0.0014962830906464809,0.76930964065859886,-0.63829297654929806,-0.027290160819869087,0.021958161350125308,-0.016273625618882098,0.99962643435402321,5.5453671576963188,-15.886243514636195,-2.9857013899900755,0.1841370596878109,0.1691588296792432,0.8405797101449275,True,5
0.64622496001993435,-0.71192233440713892,-0.27488159418106684,0.76299404225363787,0.59551703711346926,0.25139520678216748,-0.015277189947390159,-0.37219087613734547,0.92803047319979048,-15.731391784101723,-0.46909209937406804,-2.7304713457887084,,0.4839011504610451,0.2527472527472527,False,1
-0.99697148782951039,0.070671077294859511,0.032456914348048524,-0.07194494839723678,-0.99660951707051915,-0.039917350670927096,0.029525867559336737,-0.042131571516510383,0.99867570002800088,9.6515309533950955,-12.371377680574842,-2.7402447188647807,0.1037058526250382,0.1108555849997879,0.6521739130434783,True,3
-0.99975795212198615,-0.013948681787323622,0.017013860386408293,0.0078933799646618251,-0.94925368354315642,-0.31441237067342354,0.020536107751608679,-0.31420197096158525,0.94913402094871169,-7.3409668409874058,4.7156220769659001,-2.4299049100595083,,0.478835466462364,0.5826086956521739,False,6
-0.35215634446924532,-0.93521387901314956,-0.036890507603393199,0.93583294180005661,-0.35124254112094971,-0.029075459562130913,0.014234257687332883,-0.044762459808144223,0.9988962449123604,11.638563732215262,-0.86753629478117689,-2.4711306056613829,0.1340264017826574,0.1688080176068876,0.9444444444444444,True,5
-0.94807182074023644,0.28994889894771236,0.13072665649095755,-0.31355643423701324,-0.92095449727868628,-0.23135508745375399,0.053312149336385645,-0.26033142326882841,0.96404634991890503,8.6415146461936914,7.5712567047159984,-2.2839698225145106,,0.528372030398786,0.1515151515151515,False,2
-0.95944519344559065,-0.28152886483978051,0.014367290495316537,0.28046540614374071,-0.95846491488430419,-0.051808907462415954,0.02835624676819485,-0.045678279278528383,0.99855366309045868,8.3388251707640659,8.6359038285958682,-2.2592593383212467,0.3387121973932254,0.2594326716033226,0.9174311926605505,True,5
-0.28231733886089722,-0.9593019406973381,0.0060586098094490646,0.95923359878381531,-0.28237125122851281,-0.011720897742724747,0.012954657183910367,0.0025026094313579956,0.99991295311306105,5.450611211264099,-12.821546225000485,-2.8692308675455118,0.2351700199461937,0.2027883628860673,0.9917355371900827,True,5
-0.97832781720882334,-0.20634372099159007,0.017232262845140889,0.20512689791584632,-0.97717385666264556,-0.05526490393073713,0.028242482660721782,-0.050532392209319134,0.99832301361371134,18.906803759514933,6.2300574758010248,-2.3443834457529107,0.190130056251534,0.1919214309828821,0.9444444444444444,True,4
-0.4334466135561314,0.89892036505092532,0.063766844781842233,-0.90113547530860716,-0.43303653887257143,-0.020837733600204349,0.0088819106644238352,-0.06649461104460902,0.99774725174513723,8.6379428015503308,2.8047788201297159,-2.4002043032172637,0.2147876477662615,0.1976127662902826,0.9723502304147466,True,5
0.82327338152375396,0.53197099564298611,0.1980600895411628,-0.5643420372068958,0.80463026902816948,0.18462988708447603,-0.061147398273468309,-0.26377450589142543,0.96264427787533235,-6.9587234094379493,2.4183580782740495,-2.5684739447807923,,0.4563065286926077,0.1896551724137931,False,2
-0.69316605091308281,-0.72064524495986448,-0.01382956175365971,0.72039528667019237,-0.69204541287736343,-0.045866953885898745,0.02348311744494188,-0.04175616639655174,0.99885182372708858,17.135110774327082,0.020656357920490725,-2.4904956699718404,,0.1411705285061971,0.3846153846153846,False,1
-0.94588299553814326,-0.32383128285679791,0.020944187621185495,0.32315602712813379,-0.94586375220042096,-0.030198417245003426,0.0295895400868584,-0.021795928901126003,0.99932447013009129,9.6083407184454117,-10.132283540870699,-2.6708411835605341,0.1666904387664074,0.1169384825194532,0.7454545454545455,True,5
0.65375207487960607,0.75177364986105466,0.086282118455673254,-0.75635539976923172,0.65266948203068165,0.044148119617121603,-0.023124312541908235,-0.09412187099920323,0.99529208756478815,-10.00003342175672,-3.0267028585489162,-2.6473107031312479,,0.3153077019944295,0.3366336633663367,False,4
0.78353930961508222,0.61763476982232446,0.067774931902912186,-0.62081638340560052,0.78269154418912057,0.044508030174788812,-0.025557159136152075,-0.076949579345008096,0.99670737624215244,10.945487470977376,-10.378051452860552,-2.7014509923938519,0.1585665678353914,0.1133389413295002,0.4461538461538462,True,4
0.94655313246792105,-0.31707901963193624,-0.059144422597701571,0.32226981890382267,0.9220887332940606,0.21423009068721116,-0.013391461416238457,-0.22184062576859909,0.97499097714785699,-6.6029178743254544,2.8615367497620889,-2.5528361767736194,,0.602142195685197,0.7733812949640287,False,7
-0.015596954294557435,0.99887770605976611,0.044722067858169644,-0.99986794888564268,-0.015377072240950352,-0.005256466542468528,-0.0045628727737011283,-0.044798147127686413,0.99898563863850176,12.34722676931723,-9.8117199982027881,-2.6869391909358646,0.1687523920936373,0.1938887174756459,0.9722222222222222,True,5
-0.86649196008393981,0.49676378703112217,0.04916729608580829,-0.49859517268020365,-0.86606048428975435,-0.036634564714125101,0.024383127155667379,-0.056258132268086493,0.99811847275953003,16.98895770825763,-1.6600926463701384,-2.5417217973512276,0.3059214053725228,0.1286180275490697,0.5,True,4
-0.74673883599413204,-0.66492841469833885,0.01585289074215665,0.66467507689933425,-0.74689934659946566,-0.018665695758672201,0.024251865227084932,-0.0034013785507317727,0.99970009385663361,-16.049785355719756,-0.19800293982957196,-2.7402767918150417,0.2452455359252732,0.2642228642316521,0.9876543209876543,True,5
-0.52441380004137483,-0.85144413503341265,0.0057490210792941771,0.85125421658502021,-0.52442263356502039,-0.018632234191126931,0.018879223299428295,-0.0048771223004443771,0.99980987622931505,6.3311655592133187,-13.832191923546398,-2.8777189545219857,0.2056093690562357,0.2028674070597281,0.9545454545454546,True,5
-0.2939371131973787,0.93432012432180322,0.20161071095673527,-0.95557096564673272,-0.29210809640564483,-0.039458707875951668,0.022025056144323776,-0.20425172043720785,0.97867059402041834,-4.2464914680987942,8.5649566216472337,-2.2785832548604699,,0.3460003141810522,0.7009345794392523,False,5
0.99813665926019957,0.043774897230465445,0.042508444024114495,-0.051779480040149699,0.97621529277788832,0.21052930340775433,-0.032281494507857451,-0.21233808070867716,0.97666291246944326,11.212836788304797,7.8640615652233743,-2.3189916922170077,0.6393379793149412,0.2904410950867819,0.4074074074074074,True,9
-0.9978811263999644,-0.053825283182525198,0.036552653324480974,0.048615921560565906,-0.99020195331039917,-0.13090677534446821,0.043240602974006129,-0.12885235950727145,0.99072060627800296,-8.7224474691755418,4.92366523053881,-2.3865276690905306,,0.2273706524847571,0.6686046511627907,False,6
0.16119502067344663,0.94271942301732736,0.29205522555838925,-0.98614534995344938,0.16559603527176034,0.0097622675367903117,-0.039160108213245254,-0.28958253153142444,0.95635163164840986,-6.9817457272398951,7.7445106729033339,-2.2612369358954796,,0.2964510276755219,0.103448275862069,False,5
-0.93655101472814961,0.34804129896102654,0.041706726426253893,-0.34942782960915125,-0.93640431880345598,-0.032359598589494304,0.027791882021753367,-0.04487990579041503,0.99860573068149971,7.4188297257175586,-11.401231483602608,-2.7314452459178526,0.2140534267887575,0.1977735003454822,0.9852941176470589,True,5
-0.67524379371902321,-0.73749540565213556,-0.012097342102071359,0.73704950319991325,-0.67402356518808459,-0.049500135392803922,0.028352228778413476,-0.04234099919861329,0.99870085156174815,-7.9288907053941493,7.1775424884150825,-2.2810790391005162,,0.120224525590776,0.3939393939393939,False,5
0.043138475965476958,-0.89197766472894746,-0.45001657471260903,0.99906347789973082,0.040025670522151079,0.016435109556860387,0.0033524645068611263,-0.45030410982351182,0.89286895435880453,-5.3608322094070608,5.2633629698464874,-2.4215334663830985,,0.3546922819299686,0.3263157894736842,False,1
-0.22623017225170763,-0.97380720788179398,-0.022791029823795446,0.97402759708304776,-0.2259294279695617,-0.015037742449323757,0.0094946976564941592,-0.025601083078906853,0.99962714812153863,-11.533309955697074,19.022761959377281,-2.0874323476512733,0.1551423279231004,0.2632620530638502,1.0,True,4
-0.953588917871662,0.29815972982304417,0.042058901842542712,-0.29969327687332414,-0.95333426115624753,-0.036574940910403683,0.029191017612963839,-0.04748222843885698,0.99844545292830023,18.933790362485102,-6.8407834716732481,-2.5823835020802797,0.2174048661262923,0.2264325876197199,0.6774193548387096,True,4
-0.41939941189468627,-0.86971826903147076,-0.26018121726076648,0.90777059590496934,-0.39941435043424472,-0.12814336454739952,0.0075285133146328724,-0.289928110365472,0.95701881502255681,5.212686114991417,10.72941021774281,-2.2774755493296621,,0.3407866347018633,0.3125,False,7
0.27652824660878833,-0.96084020145843363,0.017839172872817735,0.96099900482567679,0.27654840342062603,-0.0013759685904473212,-0.0036113088386764006,0.017523921559396211,0.99983992249842291,-27.708348948412432,-5.4361124753716448,-3.3865931691829725,,0.2378708360886901,0.9722222222222222,False,1
0.58939919801705187,-0.80707257489401174,-0.035248322382849487,0.80737350334020197,0.58701077080005859,0.059719185099005187,-0.027506571597060783,-0.063657001332691601,0.99759268977890214,-11.750060670335239,14.128384531223011,-2.2364469583885742,,0.1816421068897087,0.6111111111111112,False,4
-0.42167266206193876,-0.90673696168425388,0.0044998205750614965,0.90659898433325947,-0.42168811777346371,-0.016044093448276946,0.016445293414884848,-0.0026858228316727958,0.99986115970179434,-19.526074874730909,-16.760359346851288,-3.3416680561037979,0.2290377514782284,0.236955738418984,0.875,True,1
-0.59291037102633704,-0.80479642991528322,-0.027568067125299946,0.80499511280907776,-0.59146974736725577,-0.046329324437264868,0.020979997209492951,-0.049661296246957344,0.99854574025037079,17.45980960397107,-3.0007260476052973,-2.528602520374863,0.2017894041194171,0.1502890483508182,0.8536585365853658,True,3
-0.92605225998834162,0.37218788593119218,0.062477110501011096,-0.37582353031318744,-0.92456398037485654,-0.06275444411621256,0.034407642078734257,-0.081594263030387804,0.99607152876041505,-23.440705617260505,8.164594336751243,-2.6310208584483172,0.307216221397506,0.25904174974432,0.9838709677419355,True,4
-0.063240178556815102,-0.98939928671458077,-0.13072769891947841,0.99797754813225859,-0.061848509467189776,-0.014682482780954138,0.0064415246664298476,-0.13139183127335805,0.99130958506140054,12.610703432999635,-4.2958344333378653,-2.5618873166807945,,0.1881663549885229,0.3870967741935484,False,1
-0.66490262262359534,-0.7380000890956393,-0.11515368393192751,0.74656058660817459,-0.65177989959045957,-0.13352997046771778,0.023490273551490543,-0.17475362938914887,0.98433194404316537,-18.049825378589585,1.3390330333137439,-2.7973058052098869,,0.4434659397830282,0.2985074626865671,False,2
-0.90011413973471865,-0.4355222064972038,0.010721151870707109,0.43044354322371081,-0.89287382709878982,-0.13226747513647449,0.067178058520956985,-0.11444097399868436,0.99115607848793819,-7.0949465202800024,3.7352639204801603,-2.4944040640095042,0.4915239267861488,0.2266233998976497,0.2222222222222222,True,3
-0.97119244837263707,0.23388738996307609,0.045628029107365187,-0.23674414629605708,-0.96883329132044127,-0.072898990553722703,0.027155798985000375,-0.081601117917958502,0.99629504672864133,22.166250452987168,6.2135904583328436,-2.3868918514060224,,0.08276261014481474,0.5,False,1
-0.9949757921153537,0.072075509473833357,0.069485926909788887,-0.095282104780771981,-0.89477519740328593,-0.43623235393590076,0.030732614808556987,-0.44066139727232562,0.89714716704731956,-17.979167055755124,2.0331786901828814,-2.8021828607166235,0.505128179118809,0.2297497935649255,0.2195121951219512,True,4
-0.049813875930940235,-0.99767426576013629,-0.046525661786914828,0.99874016661456622,-0.049476491834302527,-0.0083759385432105333,0.006054531810663781,-0.046884285168312931,0.99888197823807534,-18.544691115282333,-0.36106953421910826,-2.8699508315301596,,0.1620302051229946,0.4074074074074074,False,1
0.074670780923859509,0.98949206724909944,0.12381325990104734,-0.99705977753754416,0.076224341577668511,-0.0078517366126020175,-0.017206815306841098,-0.12286292606866497,0.99227447155756354,20.89005726149513,6.4185054925556324,-2.3832012562642069,,0.1654910985656249,0.1538461538461539,False,2
0.37752951936198004,0.92436998459497088,0.054877988212084811,-0.92579214607454074,0.37803054788935375,0.0013442950463478757,-0.019502929959596238,-0.051313121541847737,0.99849216285388176,16.169733644987058,-7.9090604486803668,-2.6928470468466057,0.1608814571766181,0.1877753885741061,0.9444444444444444,True,3
-0.60577535657364856,-0.79559798992981934,0.0077495669363157622,0.79535091745190545,-0.60579037478019848,-0.020855213546703256,0.021286979036049203,-0.0064699492500200628,0.99975247150493263,6.5308653478952925,-14.714729544688998,-2.9134599025696479,,0.09183661625922673,0.1818181818181818,False,1
0.28975894430223931,-0.95705767174685807,0.0089647725757139498,0.95709123953669717,0.28978296916191798,0.0014798600644617133,-0.0040141498426566006,0.008151302606661184,0.99995872058143198,14.198583977767179,-8.8934356910860526,-2.7011650787740424,,0.09668958218801776,0.4761904761904762,False,1
0.60625520380351638,0.78367315573604202,0.13531819108999876,-0.7951462948202741,0.60032446972562614,0.085749057617180394,-0.014035586726086974,-0.15958357066865753,0.98708463987537343,-5.8911039169292794,11.366484273376804,-2.166531018314565,,0.2059988478968049,0.3928571428571428,False,2
0.33145196340201805,0.94255227068404945,0.041651086243812654,-0.94336835591006218,0.33174705926559533,-0.00018367410094054931,-0.013990747817509903,-0.0392314376103109,0.99913220010093506,-15.034815825021292,-17.252131822714425,-3.2528558627896134,,0.2486171186648762,0.7666666666666667,False,1
-0.88065653216775475,-0.47195986514611432,-0.041206286432126121,0.47293921200278938,-0.87070480958017848,-0.13491344011671408,0.027795217222492067,-0.13830047095077841,0.99000020486581097,-6.7012970740282594,11.551633665446499,-2.149440315864751,,0.450500929280962,0.3382352941176471,False,1
0.93992134857285636,-0.32624971417018545,-0.10054343589143629,0.3404171843935484,0.87344197893389641,0.34815980526994694,-0.025768179341038165,-0.36146954704360762,0.93202777184670704,6.6048627536911635,21.097969479041279,-2.0282257152945182,,0.7311194913938033,0.5333333333333333,False,1
0.49725541558371772,0.86490038708668826,0.068442472851006228,-0.86740773126991855,0.49727224490954347,0.018003948894496032,-0.018462919753841789,-0.068320091187874937,0.99749259933808199,17.101367978167726,7.7441618262300338,-2.3108147737274312,,0.1626742580527739,0.45,False,1
0.77560399662321722,-0.57703571004977638,-0.25586760199259795,0.63091389640766815,0.69606398622580823,0.34269896760733209,-0.019649319117615929,-0.42722911465253383,0.90392985781609525,8.0438172448709579,6.4197277398516768,-2.2994062286356103,,0.4769656732535866,0.4385964912280702,False,1
-0.33249274951401664,-0.94306365563041172,0.0089170033987723135,0.94300160654992171,-0.33258169978944385,-0.011721049843373721,0.014019328260510229,0.0045115844410392337,0.99989154613935782,13.685715939810171,-7.5670719404110169,-2.6635519845439393,0.1678520946780892,0.1652223070374442,0.9508196721311475,True,1
0.62161727493494923,0.78168716998357557,0.05056809058601805,-0.78302073338077349,0.62187037732237338,0.012480581106852608,-0.021690887448032894,-0.047354008193575561,0.9986426304287831,-5.4961097809293662,9.7803031681582446,-2.2266644049995872,,0.1241278894550965,0.4583333333333333,False,1
0.99029745708842964,-0.13724397351615844,0.021795371473923051,0.13607746496311476,0.98952731145679496,0.048152086250746337,-0.028175698986938408,-0.044719029669516006,0.99860219225275815,-9.0561443060376217,6.7869995236348988,-2.3461144090195387,,0.1973954909361979,0.1891891891891892,False,1
