axis_00,axis_01,axis_02,axis_10,axis_11,axis_12,axis_20,axis_21,axis_22,location_x,location_y,location_z,dbh,dbh_approximation,score,reconstructed,number_clusters
0.0070494039295919539,-0.99997065131692986,0.0030004014785471773,0.99497571099034088,0.0067144690644749296,-0.0998911930274511,0.099868115249576714,0.0036894999630332978,0.99499384276814484,-16.556776719185166,-12.166260270695917,-1.9316629686697246,0.3180969831641907,0.2713649617935412,0.9454545454545454,True,2
0.99668392815925189,-0.058048806412363055,0.05702178025231968,0.061381794353030039,0.99639553798620928,-0.058550894127890767,-0.053417437892940747,0.061856834345714193,0.99665455869808828,-4.0649655440145356,-13.770790767295388,-2.4238634367360881,0.2678483086499466,0.2500694146902642,0.988950276243094,True,5
0.72502534063430235,-0.67891367859864094,-0.11582086362039726,0.68871984259057906,0.71513647316124485,0.11935159477989109,0.0017982936693502205,-0.16630105762188274,0.98607338691079227,4.3047846301657327,-3.1931919298859839,-2.3128248874084476,,0.2016088806105096,0.3090909090909091,False,5
-0.11576242036932891,-0.91298177056943597,-0.39123311291112922,0.98758573669521676,-0.063690633225986559,-0.14358940042857832,0.10617662033800349,-0.40299849856689351,0.9090207563342152,-16.091309222423082,-12.082385398303785,-1.9368646844031538,,0.541162830399388,0.125,False,1
-0.95230539173518092,-0.29827131551028246,-0.064410117340894302,0.29785033059936517,-0.8627094802125238,-0.40867778666485477,0.066329642196766264,-0.40837063446727073,0.91040309944048758,1.6913314240606023,-13.97375161009912,-2.6695108450068772,,0.4823374399651937,0.2865497076023392,False,7
0.92755543177872135,-0.3712371096830549,0.042707486134892822,0.37335317791579681,0.92547765324735254,-0.064019667915015829,-0.015758347564574973,0.075326766384499921,0.99703437891984903,-7.3605074093068579,-6.1866613377963802,-1.8827619392336277,0.2696116347480897,0.2370172009595311,0.9356435643564357,True,5
0.6922685016945731,-0.72095291695694363,0.031483536853814477,0.72089126800048831,0.68890487403101663,-0.075669374630410263,0.032864894373774101,0.075079731403245878,0.99663580742928204,-19.911636252549251,-9.6936684736634078,-1.6339896606510784,0.2718103788383383,0.2732188524688046,0.9491525423728814,True,5
-0.74650939488079582,-0.66368750518439545,0.047356296485478871,0.65645624925570412,-0.74624950309255489,-0.11034886473021305,0.10857677545331776,-0.051289127466035596,0.99276407531494193,-5.8728758301878479,-10.227762892716752,-2.1808246284563166,0.2710244994176747,0.2225700184465595,0.9907407407407407,True,5
0.30462000813277385,-0.95131118471556553,0.047049765995763063,0.94923817218389117,0.29914621358031801,-0.097254487657609065,0.078444522524992899,0.074287096696707564,0.99414681217122036,8.1008532970828568,-2.5917931743542773,-2.3885106270426788,0.3118923605030757,0.276455200530697,0.9397260273972603,True,5
0.58224886816681776,-0.79952526453473305,-0.14746391724461411,0.81016425566211547,0.58575074231621505,0.023020571744745394,0.06797157027693114,-0.13287369659443354,0.98879949756632668,3.1638983283371536,-13.824129814516528,-2.7575212786123928,,0.218349165600126,0.2413793103448276,False,3
-0.050799811937408665,-0.9987086882499111,0.00057889659319721939,0.99333052074338202,-0.05058630712722794,-0.10361226805214989,0.10350775655381918,-0.0046884480770804093,0.99461759625889523,-11.030434961213727,-16.57054173419273,-2.3305650986493287,0.370900907486227,0.2800780134304006,0.9122807017543859,True,4
0.45258799047248022,-0.89134452480302273,0.025865981206103679,0.88955366569568839,0.44927804941901267,-0.082725510923832277,0.062115913640903485,0.060449751148531829,0.99623663898625747,-3.503263076526125,-21.170404050293612,-2.9446624648396167,0.2000134361380427,0.2633674476139647,1.0,True,5
0.92027776672499206,0.38569898821035298,0.0657656640289703,-0.38062011812469415,0.92144376491648639,-0.077908367812931811,-0.090648539703654912,0.046665603928818515,0.99478900459321207,-4.5543805740281806,7.5513480386516694,-1.3409924715554062,0.3650837758353237,0.3289921827352059,0.971830985915493,True,5
0.94038173428149108,-0.33745068337988088,0.04253504574096785,0.33960773464025201,0.93845840994760954,-0.062947592258321652,-0.01867566336842881,0.073639996503634272,0.99711000923302995,-17.809431834071486,1.9060410766743709,-1.004310010439285,0.2591904413813358,0.2581874977607849,0.7692307692307693,True,5
0.6086612052856869,-0.79321088037534015,0.018655734623746301,0.79194105023708761,0.60591094872380691,-0.075506921311847428,0.048589197663188359,0.060732375803954658,0.99697074600995872,-9.8432901712321161,-3.5032890151016445,-1.6350457268926561,0.2905536268189196,0.2570735584560037,0.8943894389438944,True,5
0.32433198869900215,-0.94566265620643819,-0.023041305586614404,0.94138455340897909,0.32506167046708034,-0.090166695603915437,0.092757122149883312,0.0075532145300206376,0.99566011532085374,-1.4751501101265883,-16.579690168270513,-2.6375895573163799,0.2709643887365619,0.2634335351218038,0.9907407407407407,True,6
-0.82952071076652067,-0.55844315138718748,0.0060528570241257275,0.54656552069158182,-0.81400852016155922,-0.19661195460991068,0.11472367672171122,-0.15978540538214492,0.98046269802900554,9.6173347003258769,9.501054319762936,-1.9408503667049726,,0.3356243351358976,0.25,False,5
0.71717021309606876,0.68154702208888407,0.14546663579499666,-0.68913646217551128,0.72462734821001229,0.0024784524094700472,-0.10371992069009674,-0.10202383499898562,0.98936005333960186,3.5548303806132893,5.2463479480811657,-1.8369725369188601,,0.2681053692270735,0.38,False,3
-0.48351384407752973,-0.85587769129217417,-0.18354220259588142,0.86184470245379741,-0.42880518917806421,-0.27083171635960446,0.15309497522026971,-0.28913575925910961,0.94496689956842528,6.5089763532903495,-4.753721318027762,-2.4701129077663895,,0.3614624277845825,0.2450980392156863,False,3
0.39742672342324953,-0.8937309462938382,-0.20807930013766596,0.9164776584750518,0.39796630342238437,0.041128127314641258,0.046051069750295909,-0.20704544664648764,0.97724688896808987,-1.7569998346720743,13.114515045987183,-1.3974043547710766,,0.309269200169606,0.2195121951219512,False,3
0.70531737956615848,0.6983463111479522,0.12181881541032762,-0.69918550851138583,0.71365109324681475,-0.042915519282667555,-0.11690602537766191,-0.054904888795752491,0.99162413969039886,-24.962577582685203,-2.2511940481531538,-0.96977359426786625,,0.1814702980436159,0.2631578947368421,False,3
0.031981562913312153,-0.99914376629758228,0.026247169415121115,0.99464272489540428,0.029232776401253879,-0.099152884963177174,0.098300709286701607,0.029277620336333608,0.9947259881500905,-5.6733129554791715,17.043957387347501,-1.3693215356475861,0.3282889077616638,0.2759568992164433,0.9642857142857143,True,5
-0.054545179600230163,-0.93217537698402508,-0.35787412581390904,0.99252255557658908,-0.011420978924922713,-0.12152587342666107,0.10919615402611488,-0.3618267925196908,0.92582804675642505,-3.2061043309072925,10.648063957696923,-1.3498662542889148,,0.2108448478513159,0.2941176470588235,False,4
-0.36723336377753413,0.92479536173978816,0.099464543598260888,-0.92768490916048774,-0.35642133002115095,-0.11119597484553981,-0.067382236862050526,-0.13310662797369174,0.98880850509334617,6.7409325037429788,-18.697100004845911,-3.2597126500535878,,0.2300351305086771,0.9259259259259259,True,3
-0.42834473403371554,-0.903227971097458,-0.026457910967358739,0.89488399718431855,-0.4199633150786245,-0.15104120487996023,0.12531328903593478,-0.088374465856055226,0.98817333164564536,13.097139638688446,21.141972010998167,-1.5722049945373215,,0.2368725577252658,0.8780487804878049,False,2
-0.30775690967623714,-0.93199682811853202,-0.19148785058986775,0.94474685748329468,-0.27545729458949431,-0.17769821083194659,0.11286744358747015,-0.23559539731164472,0.96527496028002147,1.0271842915495091,-12.833450005968423,-2.561628110148769,,0.4563554384540736,0.120253164556962,False,1
0.14747217319747466,-0.96516991886160097,-0.21609948139017843,0.98468262940472628,0.16381906757674128,-0.059694492600916749,0.093016544125267664,-0.20398612899650095,0.97454480743371374,5.8760361554382605,-0.28233899841565535,-2.1388378403319552,,0.1509847430454908,0.2410714285714286,False,4
0.73978657838466833,-0.67169479888762551,0.039267233022168599,0.67227719257187557,0.73551626140795789,-0.084019078500884484,0.027553489608074657,0.088554651779411325,0.99569015203457978,7.5853110160561812,1.7081990026330436,-2.0192559616136991,0.3544769232651926,0.3325579181999835,0.9204152249134948,True,5
0.90118289684017427,-0.4307882449845532,0.047863079987402038,0.43336358586554513,0.89757579785339114,-0.080954861210456155,-0.0080863396235925991,0.093697252312843121,0.99556789623838049,-10.054591537195188,3.497438428788409,-1.3777752813001825,0.2632223374892117,0.2380507180506403,0.9906542056074766,True,5
0.85344511312702953,-0.51932547393575257,0.043960106926593107,0.52117230768570799,0.84985337839255215,-0.07828576458283347,0.0032961464083397715,0.089723393583675343,0.99596126835469012,2.5851394645280785,-4.6227346308571802,-2.2453862841169716,,0.2921364117806354,0.9893428063943162,False,5
-0.83942366046656991,0.51326500325075242,0.17868115369817153,-0.54188263690055261,-0.76526267043870377,-0.34747122623136312,-0.041606803225052294,-0.38849978336033664,0.92050898542836757,4.9408228221173616,0.39441872684141399,-2.0617934921313523,0.7128430532608512,0.6644733053692163,0.3097345132743363,True,4
-0.82688688328568838,0.54469341736522614,0.13988267701567453,-0.56236803248843104,-0.80113135213116027,-0.2047699994325077,0.00052752741252569749,-0.24798717247367805,0.96876317229926667,15.214408748659014,0.76654163395787944,-2.4522691429170664,,0.2314928078173616,0.1944444444444444,False,3
0.87219095505758393,-0.48758551950578288,0.039284845475274222,0.48916469323780121,0.86952274332542201,-0.068176988268776995,-0.00091695436540443348,0.078680111896901217,0.99689949302152991,-6.8226629900177436,-14.446328647523416,-2.4078142847874329,0.3005876732782224,0.2818808065401075,0.8319327731092437,True,5
-0.96778863343823285,-0.24958869299383912,0.033024919642360283,0.22312735982205112,-0.91105636244222443,-0.34668499499168154,0.11661621793986497,-0.32814903440840487,0.93740005810231986,-0.030725790765973947,-14.55119142657391,-2.6237819645883951,,0.4302383476555091,0.25,False,4
0.91286146256447964,-0.4062441648911434,0.040615620843923866,0.40814311566551909,0.91052669346624659,-0.066032852583139193,-0.010156145897079385,0.076855832422277587,0.99699048828120529,-15.328773630369559,-0.6463840294220411,-1.251304389368683,0.271903328674991,0.2464553781562254,0.9913793103448276,True,5
0.97353780436615622,-0.22353773914900216,0.047487078727556406,0.22620215320144096,0.97216232395983904,-0.061098295884889478,-0.03250737388588007,0.070223180283708636,0.99700149227264745,5.1325853941712083,-9.0989292770854036,-2.4845316000202775,0.2992019006624079,0.2694969289800361,0.9866666666666667,True,5
0.95612274273233433,-0.28937038982230151,0.0457611005559296,0.29200908150208665,0.95391793595871777,-0.069074364105430622,-0.023664258921595623,0.079406227402837787,0.99656141501632622,-18.411586243902061,-4.9877514217686514,-1.3384627000541365,0.2813992767989276,0.2878567004971015,0.967741935483871,True,5
0.89469050140519124,0.41393028813873245,0.1679006350694156,-0.43638024605562897,0.89022983492572216,0.13062588510915107,-0.095400144380161964,-0.19013825908929127,0.97711117836341277,10.52992907497504,-10.215841447664339,-2.8488291625051376,,0.4100727277067588,0.28,False,3
0.54295617820395181,-0.8342512437306121,-0.096038798847577309,0.83791391858467057,0.54578849754207082,-0.0038962793599546935,0.055667347630728496,-0.078356737328042492,0.99536996545157186,2.9517326485221398,5.4019943170675919,-1.8211360951124558,,0.1769159246914807,0.1710526315789474,False,6
0.099785755478391497,0.94044246793974584,0.32497810310697339,-0.98940606478945237,0.12839404130765791,-0.067754033935528077,-0.10544402288160233,-0.31477441867484612,0.94329137777595318,3.9179782788222113,-14.481428705293807,-2.8579809445194115,,0.5712496919848272,0.1518987341772152,False,1
0.9028742573519144,-0.42700529764324852,0.049845272552485533,0.42974348804276941,0.89962384381992699,-0.07744336069344801,-0.011773270406519695,0.091342298062080898,0.99574995590694071,-0.45261913960706252,19.660548827545533,-1.5504670220728565,0.3531007577263569,0.3246452613586382,1.0,True,5
0.20701577882418032,-0.96371450919906188,-0.16851947091369329,0.97565286379449778,0.21611413519530576,-0.037365357463582681,0.0724289768491473,-0.15668128582571089,0.9849898567927432,5.296789172749973,3.2123642437862623,-1.8571872046222013,,0.2426066296054517,0.1240875912408759,False,5
0.99842446152817277,-0.012430819985371905,0.054718089665742348,0.012629589045065828,0.99991483666672665,-0.003288296565804566,-0.054672553468168072,0.0039741827138677806,0.99849642852091625,4.0483512335114806,23.108514274895338,-1.7189634628796617,0.3217462722818019,0.223196951007978,0.4864864864864865,True,3
0.98308935691517785,-0.17488982614696971,0.054303453208660327,0.1790285882244376,0.98024349002695832,-0.084092002343465394,-0.038523770823573597,0.092391823069205264,0.9949772209008011,2.8469167937156854,4.4120229496590788,-1.8493646263347556,0.3087337628424071,0.2724260471413876,0.9953810623556582,True,5
0.97907573905965772,-0.19607727923815743,0.054446283172934248,0.19943250389329142,0.97774487124109455,-0.065127898419864841,-0.040464473005810561,0.074623503859692936,0.99639046517721386,-12.884858323380868,11.889157881109425,-0.7880062803824216,0.2795609525931615,0.255331354789479,0.56,True,5
0.11086703669336052,-0.99369833530079488,0.016496017557670599,0.98941623165781922,0.10879535423460701,-0.096016099842721636,0.09361634850214029,0.026966447993688053,0.99524308084795532,-14.888650659771843,-8.0825637290745949,-1.7141225177944264,0.2564366550867092,0.2220562398931946,0.9512195121951219,True,5
0.85573336662264465,-0.51620910242141982,0.035335079254844644,0.51741703442624765,0.85375314067293706,-0.058182362247014424,-0.00013316989746152766,0.068071560642954082,0.99768043225143488,-7.7002813973439483,11.840453909381178,-1.1761685578722427,0.3201366966587888,0.272133965760726,0.954954954954955,True,4
0.55333763469871133,-0.8328113494386068,0.015579418226656613,0.83146938614390098,0.5511353861932925,-0.070060302533273555,0.049760646413797419,0.051720811399435046,0.9974210924863498,1.9475778554976859,-16.954394424446537,-2.8685094875240345,0.1167727366318425,0.1752032348054754,0.6862745098039216,True,5
-0.63941238227486275,0.7333704471566056,0.23091035626602963,-0.76879251317223207,-0.60574365371381977,-0.20501877395925167,-0.010482227049050878,-0.30861369577961312,0.95112970182480361,5.609224857988246,-14.74898857147339,-2.9398399262303232,,0.3272907643834334,0.4831460674157304,False,5
-0.83266446739969102,0.52599160315484406,0.17321292717515285,-0.55256854447128723,-0.76849836693863405,-0.32261162978655084,-0.036577156681059368,-0.36433925594595018,0.93054769796388148,-0.18024445435321326,-14.915025837663482,-2.6426417933149944,,0.4655219811639237,0.3154761904761905,False,5
0.7609235486852538,-0.63771813154095058,-0.11962833176199875,0.64847755576428345,0.75363394404525463,0.10729742798769341,0.021730456189887719,-0.15922142785037591,0.98700371032082057,-23.381532690667999,2.7516560019305798,-0.70534668929120692,,0.2690854246123095,0.2564102564102564,False,1
-0.33323467857563721,0.93112108744736344,0.14821663032680218,-0.94012735858530383,-0.31621849175201999,-0.12714721826881628,-0.07152061684585935,-0.18171237157914633,0.98074737592362216,-21.325439172687776,9.4718733456319342,-0.45322726656709728,,0.1727445718441543,0.4285714285714285,False,4
0.13902501169217921,-0.97466126526070929,-0.1752354533888113,0.98490976321300794,0.15450651782194422,-0.077977524186353342,0.10307669208742354,-0.16175028269196332,0.98143366642752972,7.9973835348217266,-9.0264968968118406,-2.6487530669781432,,0.4027492046026961,0.4047619047619048,False,6
0.7212795342438465,0.68449851239819892,0.10591326642887591,-0.68344422404665717,0.72816922275344909,-0.05170663063768513,-0.11251589264741207,-0.035090875727061752,0.99303011250538875,-0.71307360073290715,12.884955836833289,-1.5076509531122915,0.5570162297018583,0.273966270794088,0.6818181818181818,True,7
0.5907630248803849,-0.80616481796985684,0.033126042652353409,0.80555981703646529,0.58700814066221751,-0.080590470729871647,0.045523945461196744,0.074294879123085064,0.9961966880720553,6.5322908896036056,-15.6556028125348,-3.0456555149875575,0.3717265990960283,0.3307733505541552,1.0,True,5
-0.085455614871285321,-0.98708426738320187,-0.13550640933748601,0.99253123760228512,-0.072454091261949016,-0.098143502296798774,0.087057913314340013,-0.14288125749717107,0.98590357844232401,-2.9230398965729614,2.5046645013066096,-1.7329628022344687,,0.1749441557717478,0.4,False,5
0.74134354233879551,-0.67091080192573838,0.016983759652327696,0.6706313728980402,0.73958906219227183,-0.057110251010163988,0.025754881429645354,0.053728157840343654,0.99822340742823013,-8.2789408446960184,-31.864372309298933,-3.6451334774377027,,0.2535205248077775,0.9761904761904762,False,2
0.18229921187221954,-0.98279332271323927,-0.029736882503707183,0.97963293262750029,0.18413608784036917,-0.080082572801379676,0.084180251023694141,-0.014532239507914921,0.99634456858682829,11.677787967683081,10.950390391136098,-1.9941362361717361,0.368033698598745,0.1883029009033779,0.7333333333333333,True,6
0.014495053344790529,-0.99186065479750463,-0.12650033554578505,0.99546411891415154,0.026211817864140743,-0.09145560977177776,0.094027024748219418,-0.12460089112410722,0.9877416345118164,10.603632719178053,-2.4584032117071004,-2.4504834767012924,,0.2203130863596521,0.2692307692307692,False,4
0.031370325379145386,0.8994816416464938,0.43583102118428352,-0.99566297491860534,0.066332218107174101,-0.065232485903999771,-0.08758506186467982,-0.43189444680605826,0.89766143047156111,7.0515590427174901,3.1413818825546631,-1.9232771405401172,,0.4292481234223121,0.3636363636363636,False,2
0.48503026717785136,-0.87332146556307233,0.04533495018359647,0.8724733372145923,0.47973190880273492,-0.092992319715749602,0.059463566753214611,0.084657624956357924,0.99463418942128345,14.183784257926481,-4.1916552093811381,-2.7445514724860267,0.3110420705500623,0.2409788097886993,1.0,True,5
0.7522381115526251,-0.65794121968457409,0.03537195170917104,0.65849972709284821,0.74885622616458558,-0.074782765081134586,0.02271415739986089,0.079546866528546811,0.99657230699990063,-15.33531615261748,8.0674293196464397,-0.80552276518082533,0.2953308197871038,0.2455241153134612,0.9836065573770492,True,5
0.76043186781998429,-0.64845616325663635,0.035326742537263763,0.64897148805106575,0.75676798099474751,-0.078346861059778394,0.024070357300978285,0.082503498565924968,0.99630005049873749,13.846887891723908,2.687794406195477,-2.3753953267757013,0.2541184883529773,0.2439296755304807,0.9263157894736842,True,5
0.92806526901847408,-0.36979126376575522,0.044150624958113185,0.37197492290315592,0.92620361465445822,-0.061494072333893729,-0.018152497703004443,0.073493438098516953,0.99713048362970069,5.021823088294969,16.230844220936834,-1.7168492231288646,0.3611986718752733,0.2986007834864333,0.898989898989899,True,5
0.72375869410822213,-0.688915516568817,0.03960762216392319,0.68948771387085295,0.71965028155056043,-0.081915594884875972,0.027929287923340759,0.086596092838639976,0.99585193255883941,-10.431435618673705,7.5808661194645994,-1.1051991372624252,0.226414951754481,0.2422259357597918,1.0,True,5
0.99015220092589884,0.11884773615465112,0.07398536755679358,-0.11762099079139762,0.9928419915421034,-0.020738427036794016,-0.075920494774792818,0.011831966938126989,0.99704367157689056,11.764352442911285,17.149122078607789,-1.7495393948574856,0.3894502198348929,0.3598000807125848,0.9701492537313433,True,5
0.83185626207267738,-0.55363369447290978,0.038792932278302779,0.55492052274911408,0.8286010965867775,-0.074050227326042301,0.0088528347054573527,0.083126139567920393,0.99649971010442906,0.7871545581414594,-12.898708604218212,-2.5616765413056699,0.2408030791535637,0.2192873860821627,0.9883040935672515,True,5
0.97112050578033249,-0.23348956060223877,0.04906718193174861,0.23640919088437384,0.96941685505389652,-0.065891240713821561,-0.032181636352826608,0.075588267787961128,0.99661966469384322,-3.3438221803252275,0.83187464605917982,-1.8183376741120121,,0.2416202499282489,0.9705882352941176,False,5
0.94751037918299652,0.29437170350217823,0.12477732773913246,-0.30052491754695082,0.95319170563799338,0.033321858236457544,-0.10912770167969049,-0.069071502663239553,0.99162506636629033,8.0288137643947497,2.9087652844410674,-1.9777576499373792,,0.3253143899831845,0.4125,False,6
0.99830557731979364,-0.010519243639638957,0.057230409796227399,0.014960488224380654,0.99686166336494686,-0.077736786049849266,-0.056233069312303915,0.078461261948312974,0.99532993137411285,-2.5631281353185176,3.8290167119866974,-1.6972866334244503,0.3055588984689669,0.2894359512126229,0.9254385964912281,True,5
0.36551838036052031,-0.93018229699755628,0.034017759640692279,0.92793851511015402,0.36128410523064425,-0.091672828487263158,0.072982366320806846,0.065074493160090313,0.99520796045156945,9.612533386126012,11.094634606219971,-1.938270711020246,0.3589642716773342,0.2904622826040159,0.9622641509433962,True,5
0.80870023134101265,0.54083090131299993,0.23131336324121074,-0.57511706440513766,0.80952473962970939,0.11794090960081249,-0.12346780170963106,-0.22841110330371092,0.96570392451753628,5.4839289737493475,-3.4296859276565002,-2.3515559986217194,,0.5766301332892891,0.4123222748815166,False,5
-0.99702752110838377,0.053722596236771836,0.055226848597857571,-0.063639541368218991,-0.97828163195326334,-0.19726899745601359,0.043429608873585775,-0.20019723084108523,0.97879259183784517,-7.2748456345705641,21.154388578071291,-1.327457655980619,,0.2507151502225256,0.1764705882352941,False,3
0.90264209909809934,-0.42807618822445542,0.044587195594682549,0.43026823612930948,0.90001110494801728,-0.069636599202018576,-0.010319201226389338,0.082041380080239618,0.99657549941817247,4.898416327374207,8.0438660452195982,-1.8757921997980469,0.2548592252153766,0.2850212930754387,0.6646341463414634,True,5
0.90082558474917906,-0.43354530571815192,-0.023489013411706519,0.43270143071917805,0.89197816026561405,0.13093675367423863,-0.035815327932011788,-0.12811490740318243,0.99111242187059556,12.086133811040575,-9.3175939359950029,-2.9343294431369116,,0.296024337334854,0.3518518518518519,False,4
-0.89320506836338798,-0.44823231549765319,-0.035672078626946518,0.43939082081586756,-0.85322615198595753,-0.28096412609084653,0.095500850429264622,-0.26663256536073637,0.95905508843675868,3.2585174440218809,4.8256794922157349,-1.828685490887122,,0.09019131589483934,0.1666666666666667,False,1
0.6880805673546706,-0.72501042786062397,0.030083422714664784,0.72485359180927167,0.68482670615192698,-0.074830829090016898,0.033651200128258445,0.073295716344520673,0.99674236124259818,-10.722986656191166,-7.9666328208319896,-1.8458769425356161,0.306215570468196,0.2677913014721507,0.9572649572649573,True,5
-0.49238184774944854,-0.85787422980820871,-0.14700993788792857,0.86650150384488767,-0.4672194264059053,-0.17573033723146736,0.082068628850416006,-0.21391076041169724,0.97339967471676403,4.9912773501009253,-3.1829198637562053,-2.3207360559410128,,0.5827650725613645,0.7514792899408284,False,5
0.83650438477073052,-0.54614662031786232,0.044545295764183465,0.54790267005491755,0.83246991823899386,-0.082440884116166471,0.0079421915133192564,0.093368647535131022,0.99559992831027588,11.113792141360697,-8.0467777930260898,-2.8416417622625763,0.4194101556398449,0.3449455803224065,1.0,True,5
0.82328339851976173,-0.54749922581492805,-0.1498300485677217,0.56754139585674324,0.79863867181583725,0.2001825064015707,0.010060303709675786,-0.24984168909989743,0.96823443477134163,3.0142039538706507,-14.963978565974033,-2.8338434559326453,,0.4319307622036777,0.56,False,3
-0.74642942546740632,-0.65072921582203336,-0.13926449824718681,0.66190079436319404,-0.70436311684824504,-0.25643700599796332,0.068778275769109248,-0.283591409072046,0.95647554149740854,6.2043023497986418,-16.3187545759884,-3.0843535516515361,,0.1655236037133698,0.375,False,2
0.5730684360759507,0.78440633051131992,0.23727468517992034,-0.81144880214463944,0.5836329370701776,0.030388094130238422,-0.1146447079960257,-0.20995071664703721,0.97096719177730273,-1.4567662212040846,-20.225749718593264,-2.957941856807317,,0.2300174344201273,0.2,False,1
-0.93138812462615106,-0.36019025996691634,0.052717529630519164,0.33857504868898453,-0.9103335846033247,-0.23803298332061262,0.13372769986293476,-0.20385225377273744,0.96982532495348972,-5.8307045321697357,12.86412891575028,-1.203315237230026,,0.249317006119864,0.4594594594594595,False,4
0.50348991818733013,-0.86281000007820041,-0.045352023645823004,0.86205098229876165,0.50518569111085465,-0.040688099176390623,0.058017292262354352,-0.018609708807599462,0.99814211039142131,24.335671026287898,-1.8671713460602812,-3.1296619255565736,,0.2554197311765944,0.3809523809523809,False,1
0.58188159465645484,-0.81311188618541241,-0.01621327678361676,0.81182842203041949,0.58192013779598672,-0.0479954832364319,0.048460530162802211,0.014765289414736097,0.99871595723951412,14.53170440917539,-19.244363808108716,-3.7197664750651844,,0.3417384339648281,0.7142857142857143,False,1
-0.83408365348692337,-0.55086683024528471,0.029158091868598836,0.53166363859486554,-0.8168533213656145,-0.22379550212198418,0.14709940306463803,-0.17116187282650255,0.97419986599698827,14.146466797204305,9.2823578890338982,-2.1404308713930265,,0.1847611396164139,0.4285714285714285,False,4
-0.18140381816720696,0.97696756181003952,0.1123700935538695,-0.97943499124149103,-0.16922566577193823,-0.10986251397007082,-0.088316208513152958,-0.12998868110335871,0.98757439724755403,-31.641714601283706,9.9372398024676247,0.093018989358142415,,0.2047596022857361,0.4761904761904762,False,1
-0.34426471268519931,-0.92525595125240234,-0.15932116077843289,0.93186920650139837,-0.31605283386837746,-0.17813025621218892,0.11446217529922001,-0.2097904451489104,0.97102336714931359,10.540904411086219,-4.381583011105068,-2.6096855905922904,,0.1831956193102634,0.1621621621621622,False,3
0.38097016637633391,-0.91658921999955478,-0.12135045987467896,0.92261755475891527,0.38543270020460491,-0.014781111719587472,0.060320643082351029,-0.10632890196740778,0.99249966479819873,4.4206351395229504,2.1403997546301405,-1.9383038751765291,,0.4485613293031896,0.4224137931034483,False,3
0.3441436707066976,-0.93868015897428669,0.021087746691570496,0.93594854070064626,0.34118455720520302,-0.087140272463539267,0.074602031291718732,0.049725818974624456,0.99597283088167199,9.4566030271388577,14.168796804262071,-1.838017466836172,,0.3526211017775212,0.3636363636363636,False,1
0.88940595302773784,-0.45710998329284092,-0.0027411480881584932,0.4570916563641762,0.88927368881705338,0.016109750462540762,-0.0049262968928333387,-0.015581063883130943,0.99986647210874824,-27.4764721807352,9.3716832221796427,-0.19049216152417991,,0.3945987335905341,0.4090909090909091,False,1
-0.99452213112881616,-0.091321829226879134,0.050853261465262728,0.081151691866918202,-0.98121785274283402,-0.17500265245383745,0.065879690361555221,-0.16991718266672914,0.98325379095758725,10.246491897131028,13.494596408211274,-1.8836558261852188,,0.07960745769880037,0.2592592592592592,False,2
-0.37614490231144104,-0.92543115256041419,0.045740510882792199,0.91956686777115093,-0.37890454301391863,-0.10405826723988371,0.11363004955851279,0.0029204715570975946,0.99351883861515833,19.532526453342964,16.630395933192556,-1.8571080783987444,,0.3254350593323227,0.9361702127659575,True,3
-0.99792276857080564,0.011746192765317713,0.063341731295390613,-0.021210166082277427,-0.98832437759355818,-0.15088092493442246,0.060829900729326196,-0.15191099897579705,0.98652053783356908,-28.074560834522671,4.6103358313172587,-0.3634185875878137,,0.1802175021567388,0.4210526315789473,False,2
0.85879141348253851,-0.5121377192689095,0.013865952210409102,0.5122809084092611,0.85804563483170471,-0.03641372578626359,0.0067512227073339773,0.038375057632458701,0.99924059962736678,-16.018105530305444,13.596139847155609,-0.53805565441491565,0.2043024324316722,0.2353463696788971,0.46875,True,3
0.85219330759097101,-0.52321567523125834,0.0034530695706829033,0.52321007341549852,0.85209387381794566,-0.013683905819479383,0.0042172945960937819,0.013468013744651331,0.99990040855680429,-10.089547619135709,20.643530337347752,-0.98272152784211075,0.3115062074057294,0.2405245502729491,0.6333333333333333,True,2
0.86218614328328558,-0.50505883829423004,0.039377965808014406,0.50658873820958628,0.85931110140730238,-0.070372447146512931,0.0017043032340759712,0.080622582810601057,0.99674324401594749,-9.0536310963898181,16.601087105958307,-0.97991215254914488,,0.2393913281056139,0.8947368421052632,False,2
-0.63737983788438035,-0.76697652801960092,-0.074121169212844631,0.76290049032517659,-0.61460590495992651,-0.20060514312946892,0.10830412789956696,-0.18440874994258846,0.97686418136019593,4.4660843620146844,15.680166157460794,-1.745572112446093,,0.1778688777343231,0.3333333333333333,False,2
-0.99836743204038048,-0.0077186390031768245,0.056594109702649845,-0.0099926310721920111,-0.95194368038911437,-0.30611007283570979,0.056237158226140727,-0.3061758513977989,0.95031243812521027,-8.2880724550149765,19.784330943055593,-1.1941229870160579,,0.198921375883354,0.3478260869565217,False,1
-0.84488740203176282,0.52626240570592142,0.09598519796632711,-0.53491621223084451,-0.82929717308771622,-0.16165037767146911,-0.0054702633049181909,-0.1879204061546762,0.98216902678206897,4.4908962930981406,-13.792761880282043,-2.815133371013264,,0.2721713203076127,0.1351351351351351,False,1
-0.98634470945223707,0.13263373892549243,0.097634038297237727,-0.15932320035464403,-0.91859159560414261,-0.3616705660047404,0.041716087596227747,-0.37228721678843552,0.92717959223204649,5.9060177662143163,16.188626861584996,-1.7361739929282995,,0.2988262555314131,0.2258064516129032,False,3
0.61486115048359613,0.76472896678241864,0.19270540467221817,-0.78036574754916843,0.62526409104066383,0.0086090944424737081,-0.11390814579307267,-0.15567409488732181,0.98121889020900777,-10.119541761656775,12.384719910928517,-1.0211946446394318,,0.1476922844971733,0.1428571428571428,False,1
-0.9366764301271292,-0.349029648744479,-0.02855817819126338,0.33899173718968656,-0.88322511280380378,-0.32403395227942966,0.087874156390924829,-0.31319595209710949,0.94561431261829443,-7.8049886359539968,14.201902042360233,-1.1076043699976095,,0.1729657797854097,0.2272727272727273,False,1
-0.03442339685308464,-0.99724885755524195,-0.065648654623380126,0.99417050580658928,-0.02745335656758411,-0.10426561560477753,0.10217649012060058,-0.068855132836542293,0.99238043891881333,12.218472552773592,12.78513968229692,-1.9425914597464708,,0.2020141081895708,0.3103448275862069,False,1
0.9977906687537913,0.013469860586475636,0.065056469345045498,-0.028376379669393978,0.97182177583953178,0.23400260058588435,-0.060071311161987571,-0.23533167840280114,0.9700569255025191,-11.640662583426254,12.227802990434318,-0.86983007264541679,,0.3517749117815836,0.25,False,1
-0.47618308884527261,-0.87920797468451561,-0.015588558269693416,0.87177156604739248,-0.46968532199032004,-0.13931990144313855,0.11516945137080233,-0.079931442862004334,0.99012472038271326,4.445089404798094,9.1182733563988858,-1.8411488637750932,,0.09158574389945352,0.1025641025641026,False,1
-0.16039355748112158,-0.96995420892036721,-0.18292823542639491,0.98111763239279726,-0.1363735819174749,-0.13715114860237049,0.10808375514619141,-0.20147227787629279,0.97351262093556612,12.506802241268076,12.911692444409242,-1.9280478590507477,,0.3447368647691123,0.3888888888888889,False,1
0.90872576427687457,0.39888944298514944,0.12290117011000276,-0.40687511594860515,0.91224083525505628,0.047637154774044912,-0.093113507941756532,-0.093294537718746351,0.99127493858698246,9.7936769924015081,8.4084635579263214,-2.0051688465536208,,0.4078263407564167,0.5252525252525253,False,1
