axis_00,axis_01,axis_02,axis_10,axis_11,axis_12,axis_20,axis_21,axis_22,location_x,location_y,location_z,dbh,dbh_approximation,score,reconstructed,number_clusters
0.21798456840227107,0.90869913625518695,0.35601770701406882,-0.96094654997900864,0.26356547009109454,-0.084350287842445817,-0.17048300801522326,-0.32372692619666354,0.9306645051968746,1.875012102657021,-22.13035115928901,-5.2166490178252651,,0.1372675511842633,0.2666666666666667,False,3
0.70564751942743109,0.70383697615197294,0.081701219863356933,-0.69227293460316464,0.70940859684194513,-0.13227859517951215,-0.15106211418431806,0.036782519326303609,0.98783970558495682,-11.578062051316371,-11.086180385961541,-2.7323393774873206,,0.1607900947335119,0.8142857142857143,True,5
0.52639298423345637,0.84687829552683136,0.075548518948844207,-0.83414418365632426,0.53159261506855915,-0.1470128309940793,-0.16466301048541276,0.014368165162554167,0.98624522752089461,-7.2002726365857859,8.3617551322335864,-0.56694657167968621,,0.209199617636335,0.7319587628865979,False,5
0.49599536517059251,0.8647174062041143,0.079072151462561899,-0.8529975441881088,0.5022500942972552,-0.14191558190506262,-0.16243086941325194,0.0029411198591631632,0.98671554283675267,3.0314659532214856,-22.612754431963964,-5.3645262247926224,0.2581904210099787,0.2657053755633704,0.9846153846153847,True,4
0.99515030335421961,0.083329693371949926,0.052268881148765031,-0.075441296348149486,0.98754587797018012,-0.13806429556340397,-0.063122773539488836,0.13345149345977775,0.98904308013050624,-7.8875967553437762,6.0605506314166071,-0.79229168789272386,0.3376737699402796,0.2861123276993328,0.9878048780487805,True,5
-0.48973073506370629,-0.8060932887850053,-0.3322309692213164,0.8550858615029937,-0.36964668380202692,-0.36357873784346395,0.17027030449154626,-0.46214168707219805,0.87030631646473622,-9.281098057134475,-9.9763679330651325,-2.7600580079348482,,0.351882227233788,0.4782608695652174,False,3
0.087400450178519079,0.94702394560940983,0.30904175729337607,-0.98554975522873445,0.12738807915381078,-0.11164209447195131,-0.14509597264284718,-0.29481845894022352,0.94447299325652379,5.5105707885985344,-9.8195991702854819,-3.8651537122832926,,0.6422949099512475,0.3046594982078853,False,3
0.54866454534712761,0.83204648847681051,0.081644704007301422,-0.82084370601576773,0.55465155956314394,-0.13629841440190338,-0.15869097949578176,0.0077645661554409801,0.98729776893249777,-12.758254539614338,-14.738439348265326,-3.1777094016425314,,0.1609513756807444,0.3529411764705883,True,5
0.99551168049555683,0.075643009329796645,0.056873800087948526,-0.070733079364861853,0.9939621072371202,-0.083881826758284067,-0.062875475986077331,0.079482479303774403,0.99485135070685204,-16.491669672863967,5.3214470813347914,-0.23962167095668413,,0.125169738321238,0.1818181818181818,False,5
0.95595063771350075,0.28747308444712205,0.059309391951099945,-0.27715736962108328,0.95055389617198549,-0.14011096651219052,-0.096654905306836292,0.11750113272099072,0.98835788714888595,6.5898854456592728,-7.1463821838973862,-3.6168949619587969,0.2512579455377431,0.249782452003091,0.9870550161812298,True,5
0.89920490575208289,0.43130953344594242,0.073502543017457803,-0.42272916048750153,0.8997661893782456,-0.10826292682762859,-0.11282993549994516,0.066278886611015886,0.99140128850263454,-14.719546450722676,7.9467244321619486,-0.045383349567904664,0.3023113548089594,0.2905943014900244,0.925,True,5
0.9971040090140928,-0.056750240712609444,0.050626133440020607,0.063108638388644681,0.98891386108017731,-0.13441233248563456,-0.042436952868427982,0.13721802193064278,0.98963140587224996,9.3162475100473721,-17.775864510592545,-5.230517680091908,0.1491301504342237,0.2137231829153359,0.9375,True,3
0.99756873228201326,0.052378638704032282,0.045968495524342338,-0.046380997808295112,0.99131810656705865,-0.12303338829200042,-0.052013723338806925,0.12060219649664625,0.99133732038323863,10.765519525923285,-22.377189218715564,-5.9961563202363841,0.5848963504804644,0.3043673296270389,0.9,True,2
0.77839202068690039,0.62247003820219149,0.081467255210462733,-0.61163724697015098,0.78120338828640878,-0.12498457604284144,-0.14144164962887928,0.047458589005540751,0.98880834446310373,-10.038861950773342,-5.9915160559425313,-2.1778534848745736,0.2778759961488111,0.2448261952707614,0.9728682170542635,True,5
0.74834914505869377,0.65733137474020786,0.088820160279476604,-0.64515756702127036,0.75242789535759502,-0.13275532382144359,-0.15409500577604168,0.042044334575420901,0.98716108266330715,-15.014739524954768,-14.570572270291336,-3.0394979082668887,0.1666389356004558,0.1777627272797313,0.4210526315789473,True,3
0.40252243675402877,-0.9152702104406315,0.016004055409868982,0.90666218712863555,0.39620367395426709,-0.14486658405671421,0.12625120332384643,0.072822322299580577,0.98932175910275899,4.4734147185937774,-3.8097927094138782,-3.0523204094431708,,0.0709172178256848,0.2797619047619048,False,5
0.99584310509419216,-0.076767495830934757,0.049023072325245637,0.081917744552195762,0.9901512495079432,-0.11353407517278889,-0.039824529675064141,0.11707798546997074,0.99232391493627392,5.846124645233993,-10.080394519581496,-3.9337376264835529,,0.09299842796592123,0.4761904761904762,False,4
0.99099661577246756,0.12073435911178819,0.0578698717588257,-0.11355426652214562,0.9869180948970514,-0.11444694193989102,-0.070930501775573682,0.10684516130663599,0.99174239368054862,18.365457607348059,-5.5571135126543236,-4.4925907825427194,0.2629327691181301,0.2385959502217418,0.9821428571428571,True,4
0.99764424767220539,0.042895419835366169,0.053534456602328993,-0.035964048871070874,0.99159031109266771,-0.12431911412146031,-0.05841696907028119,0.12210093326544691,0.99079706288439706,4.169436006847639,-18.438782140013437,-5.022354852734737,0.1320412625877624,0.1837508628272674,0.95,True,5
0.74219832818397458,0.66727636484225372,0.062320899895784043,-0.65410640892257332,0.74150251799945999,-0.14939485133991495,-0.14589875752496353,0.070116108872123814,0.98681167596928221,17.930534206927085,-12.884556764376496,-5.4296193687228618,0.3290884602430895,0.2598585332478918,0.9615384615384616,True,4
-0.58622264669652346,0.80451154544340087,0.095415835941379604,-0.80241777965046701,-0.56035354770579604,-0.20525498404263098,-0.11166340224503141,-0.19688848321269908,0.97404630781973855,17.235183621939719,-19.966422855419008,-6.3362218498904443,0.3150870030795463,0.2322228011700565,0.9117647058823529,True,5
0.73621167920809172,-0.67672803251888369,0.0056154608646815096,0.67349173264226425,0.73182704478625316,-0.10410601606987081,0.066341913298630206,0.080426031373803358,0.99455035268071601,21.721775288898058,-0.24964458225012759,-4.2180904503818724,0.318514051533849,0.2289741072085662,0.3333333333333333,True,4
0.99638184092021342,0.066869502485929058,0.052456617520872509,-0.060496609311280057,0.99153641600278852,-0.11487252065739412,-0.059694114837939585,0.11128344610780812,0.99199425768301974,-14.094842777263253,5.6137654713368956,-0.32275957394657756,0.2635404862094968,0.2289005338993487,0.8771929824561403,True,5
0.88470881823172509,-0.46460459238373736,0.037853397191873722,0.46524646921233015,0.87505194783571305,-0.13352831712556135,0.028914180404859796,0.13574483903583756,0.99032182084747045,-22.368460378758883,15.240396754191842,1.2210826024499961,0.3349830176403518,0.2581634977313828,0.6666666666666666,True,4
-0.976549037759878,0.20265563611477647,0.072681978517184581,-0.21436764287271576,-0.94656004991781273,-0.2409783923690762,0.01996222781788029,-0.25090788160299776,0.96780511695797689,9.0322425859309341,-4.9398637652080328,-3.4964821611768788,,0.08037191998462603,0.15625,False,2
0.99443493960072382,0.090944095546104539,0.053181974263906334,-0.084294725532923026,0.9896482919631423,-0.11614928954481313,-0.063194542079478347,0.11101995180928821,0.99180694701722516,6.7151701441180887,-14.448121797597727,-4.5954357317574752,0.1477494623525681,0.1446944769834069,0.7301587301587301,True,5
0.95379373774090226,0.29190019229836905,0.071216455840025811,-0.28204061660457441,0.95152016052030575,-0.12272927404952459,-0.10358859218828409,0.096972479908410264,0.98988168066131121,-12.338219037573653,-12.80510092881471,-2.9259229243200218,0.2867181747305474,0.2379624355532381,0.9902912621359223,True,4
0.47158680987724971,0.87663866450401295,0.095449110244255828,-0.86579435895129964,0.48083807728836958,-0.13854555726450635,-0.16734995894205465,-0.017303043843363022,0.98574570550210738,-9.9131215265790527,-10.065692256060009,-2.7434332445428478,0.1583248284008478,0.1915746268120653,0.9338235294117647,True,5
0.99688822385267328,0.049370858821652305,0.061452318451576421,-0.05970849140674734,0.98190046784448004,0.17973972098765512,-0.051466155848206241,-0.18284963643934921,0.98179287288928951,-6.8229130254836639,8.0024549250100847,-0.62069128425679809,,0.3773553282361432,0.1666666666666667,False,4
0.99724055520955601,0.053138560488123973,0.051841763420893874,-0.045921021999968593,0.9902315370924244,-0.13165395051442258,-0.058331250490764659,0.12891003194796605,0.98993922484128227,-18.572881636313152,-9.4584974588736817,-2.126376506595911,0.2705542478407684,0.2675964138873568,0.4285714285714285,True,5
-0.66013393941410559,0.73163623808569778,0.17009290741657179,-0.74616860723092093,-0.61269399111782652,-0.26045821705443695,-0.08634576779832201,-0.29885529670380095,0.95038409078403729,-25.666705818716899,11.052574399597564,0.97118038393541217,,0.2044068849406904,0.2222222222222222,False,1
-0.79597284954773917,0.53867894335003663,0.27613804296789818,-0.60533166570891617,-0.707654307832426,-0.36441590949940594,-0.00089290140643383253,-0.457220271420131,0.88935303796050547,-11.484593505641456,-13.38590162434617,-3.0779603131863453,,0.297422520113981,0.2083333333333333,False,3
0.20243339829584461,-0.9789669861956759,0.02538423119482603,0.96807556207615719,0.1961341355837434,-0.15608045031249401,0.14781889380363097,0.056169749846106204,0.98741811500341514,-11.463205054365107,-8.7569550191147894,-2.4391739348555119,0.2829307710464692,0.2504979720690436,0.9802955665024631,True,5
0.68549123998139028,0.72209625666142518,0.09315984126399407,-0.71160387883926846,0.69153817913540183,-0.12407605094859993,-0.15401843892756187,0.018760141621241178,0.98788986104558585,19.74858597406439,12.568237767820671,-2.2590726133220613,0.3324716762694638,0.2900797159419666,0.921875,True,5
0.96326152329749104,-0.26632989896173537,0.034577776875156202,0.26850052218266962,0.95783879747310763,-0.1022365279286421,-0.0058912920679591724,0.10776466477608562,0.99415897607146642,11.376398065718051,-11.606812745942447,-4.6286881554278061,0.3278344890553999,0.302838868474362,0.9834710743801653,True,5
0.97900244540523151,0.19497932608899685,0.059474988763822276,-0.18631797316712864,0.97424839724394041,-0.1269869022478522,-0.082703233101670798,0.11323922847446931,0.99011971618033978,10.275019880914654,-5.41552339789708,-3.6686380508844199,0.2998429923842557,0.2787565247086634,0.9765258215962441,True,5
0.96147599005208884,0.26729740742654845,0.064156188605636433,-0.25809936403270073,0.95813643501776879,-0.1239326033671386,-0.094597245410590947,0.10259955104427559,0.99021446832806959,16.217089764112806,11.178289757819513,-2.0178356099071899,0.318794634929058,0.2981881694013393,0.989010989010989,True,5
0.60475003188959331,0.74862349797402883,0.2717356384625772,-0.78019931339936011,0.62538707490712797,0.0134178206230533,-0.15989506027611383,-0.22012238600431996,0.96227839260738979,7.7032977179065698,-14.691959761212377,-4.6962794527579002,,0.3123656287277312,0.2982456140350877,False,2
-0.83834935668202626,-0.54330983560571544,0.044550855041427195,0.52812498660084395,-0.82973080434666768,-0.18063994809036255,0.13510867728865511,-0.12791096455082024,0.98253978569266465,3.8537930737116954,-9.648819155098689,-3.7575436469312637,,0.1045972988965807,0.7563025210084033,False,5
0.9807291387966115,-0.18982533916636321,0.046224419148656243,0.19434827759891427,0.9720824710725523,-0.13147021118038082,-0.019977570162330024,0.1379203032328952,0.99024183240587926,6.0889679920086222,-3.2382504270660419,-3.1128544269279654,0.3333636106756542,0.254526862221658,0.9948717948717949,True,5
0.76350556929266356,0.64220391384630759,0.068068926093860116,-0.63016060263043894,0.76392097803156656,-0.13900487119427818,-0.14126875291984725,0.063236637827927003,0.98794952658761448,6.4372642797345012,-16.32628963191409,-4.8309794510241968,0.175967787842652,0.1967118604984183,0.9908256880733946,True,5
0.81118705879349184,-0.58120692269331276,-0.064607032584191051,0.58476301958214205,0.80718406520257979,0.080660373246181902,0.0052693998842754455,-0.10321045439492887,0.99464558287284044,-11.171560217934186,-13.487313535464413,-3.1056260194261296,,0.3624572542897614,0.2530120481927711,False,4
0.43809036794337125,0.893064003348082,0.10253543504144316,-0.88287378715431819,0.44891958904406992,-0.13785890804838979,-0.16914699368014979,-0.030131188101364045,0.98513014674842148,-15.70698321334253,-7.6210359356612933,-2.0694735855524664,0.146520745204854,0.1802793438287582,0.3673469387755102,True,5
0.79709289758970325,-0.59125517365400648,-0.12272013787240378,0.60137814704954473,0.79564970401368162,0.072704007827604916,0.054655620601243481,-0.13175305738506099,0.98977466880415854,-9.0490762338611539,-9.128954897684217,-2.6608123771288787,,0.3761268341307716,0.2635658914728682,False,4
0.59573520686500703,0.79329015621159449,0.12565942606621655,-0.78832108896248987,0.60746859284988663,-0.097630780996426733,-0.15378369223848432,-0.040897882081622865,0.9872577876333698,-11.3690544666597,-19.3409931837604,-3.854738039176854,0.4163497191770057,0.2200394689467996,0.4,True,4
0.63127963230109596,0.74466618726198863,0.21669862803092871,-0.76003308704169081,0.64962714555332113,-0.018283280945228575,-0.15438825228517616,-0.1531562643476842,0.97606732669800578,4.9811532390796254,-8.6929787569911916,-3.697467580140315,,0.1160058520251153,0.3181818181818182,False,3
0.97200382345172542,0.22645331433222213,0.062669479199839714,-0.21814037539958686,0.96882466156249725,-0.11744595254345817,-0.08731176218445362,0.10048717120242159,0.99109988629198242,4.9629685172070124,-3.7398135379036934,-3.0740810610032798,,0.07981884934595865,0.2467532467532468,False,5
0.85647057404003513,0.51083045623726442,0.074232073822303082,-0.50247601758896232,0.85797576724785662,-0.1067494007635979,-0.11822016558721338,0.054127883718827763,0.99151105120046501,-11.517538863059235,-22.519002726961144,-4.2405263580945061,0.4496010889556628,0.3027015708740662,0.7659574468085106,True,4
0.99157464293907815,0.11492368639214293,0.059768501623173785,-0.10768346554087804,0.98776606653640642,-0.11279392292273853,-0.071999991176009581,0.10540751446284345,0.99181916555661431,-20.430781392511019,-11.063534319761708,-2.2369588801286957,0.2271157559638641,0.2521800632232914,0.84,True,5
0.61363093199015251,0.78659565006183929,0.068733998928402401,-0.77330028868848755,0.6162802261812943,-0.1490145842937346,-0.15957362820716559,0.038287937026241697,0.98644325283265821,13.499589329415524,-15.310238396792226,-5.3475171364036571,0.2217068347878632,0.25610595103579,0.9885057471264368,True,5
-0.79530850695041433,-0.60406703594631916,0.050866441347231284,0.58984469066601286,-0.79047822173883475,-0.16500733877535428,0.1398843081457605,-0.10122843987554962,0.98497978826722321,-16.3490500985334,3.8423926335731458,-0.42365869678733858,0.3354643628722491,0.2898113597009271,0.9914529914529915,True,5
0.98142600136622737,0.18208005072214312,0.060414062695049425,-0.1738911896475088,0.97733875997646058,-0.12070957878581806,-0.081023811347489982,0.10796204600088555,0.9908477878150761,3.8139024410236462,-2.0122606573695978,-2.7893663164687674,,0.1641820320093174,0.8194070080862533,False,5
0.10968626263084985,-0.98912008493740367,-0.098032552570560844,0.98193979848745871,0.12312684528371631,-0.14364543890040188,0.15415302765915934,-0.08050613357939447,0.98476170037202948,25.929956800816726,15.680613398872216,-2.2539288713634806,,0.2068635063527552,0.1363636363636364,False,2
-0.97059443702521109,0.21058358581006176,0.11662329185497117,-0.24038097656457269,-0.87361116541019912,-0.42310816321183842,0.012783775716737326,-0.4387004502596385,0.89854242527574291,9.7613832913431295,-12.709601918195892,-4.5579040015812353,,0.1680053350292377,0.35,False,1
0.18171688713589484,-0.94378856426231561,-0.2761197546306976,0.97004433840947202,0.21808312299785521,-0.10702211445879185,0.16122330616064445,-0.24840067920836778,0.95514613966630857,10.59654569169453,-6.818876290090472,-3.9024585603301545,,0.4660807140673056,0.3970588235294117,False,3
0.5853635091590067,0.80491420392136603,0.097276340755034246,-0.79536093022911958,0.59337068179981955,-0.12374257410240451,-0.15732308416162361,-0.0049354134632569394,0.98753485451594236,19.902316105360924,23.341603906066926,-0.5993384928178449,0.1966989569656018,0.2650317035139959,0.9523809523809523,True,3
0.98675344366972373,-0.15927585474026393,0.030803303438101712,0.15859610581791297,0.98706637772457717,0.023393186723392287,-0.034130874957065002,-0.018198023586105699,0.99925167766295198,11.893303223834954,-10.957196610408985,-4.6033653182794714,,0.2052864486737633,0.3333333333333333,False,4
0.99198163478417978,-0.11728002193886405,0.047093871203443841,0.12243452266833559,0.98419112494135486,-0.12797506493707067,-0.031340451654113463,0.13271482976928456,0.99065864456402242,-21.674070963826338,-8.9661012086474923,-1.8676759768102664,,0.2479141177056046,0.9038461538461539,True,2
0.85286979546016484,0.51735970805002018,0.070370764370834449,-0.50563733775471376,0.85200507462181652,-0.13571379991363905,-0.13016910025064615,0.080164114821234034,0.98824577916369849,14.777754294749721,-2.2849607999077746,-3.7376422436432413,0.4014038536571994,0.3353625759754557,0.927536231884058,True,4
0.9891268411076739,-0.13987987551885694,0.045406085772558599,0.14476486187596979,0.98047925906109468,-0.13305471550095094,-0.025908048293672825,0.13818119617312863,0.99006804314540775,19.360774823340229,18.613635041561011,-1.3116163346931584,0.197507578544194,0.1616078198340846,0.34375,True,2
0.8014377342481338,0.5740888670916704,0.16768879152948835,-0.58200445803325951,0.81318212246721977,-0.0023762426473656062,-0.13772570185927349,-0.095691213709043654,0.9858371177158326,8.6592616410656404,-2.7868460306090843,-3.2156540983153903,,0.101271456899492,0.3703703703703703,False,2
0.97415952203053857,0.21665112136188583,0.063839777959118202,-0.20875140919329485,0.9715644125781675,-0.11173827174004927,-0.08623267824349215,0.095524257779251887,0.99168495066663009,-14.723364247824346,-20.45881094517771,-3.842396298092881,,0.2489822275969702,1.0,False,1
0.66444714205337418,0.73801203687770545,0.11767849778410608,-0.73111759789656316,0.67454492934477517,-0.10225554430548615,-0.15484525650810935,-0.018093416451099256,0.98777303811050887,-9.9680633599082267,-6.800225393971985,-2.2737038886601271,,0.08709562647322987,0.1346153846153846,False,1
-0.46123049660136645,0.86255362742771668,0.20800881908261837,-0.87930253321308616,-0.41297869819606442,-0.23722489313167361,-0.11871598076883703,-0.29231803681533663,0.94892395968408383,19.633396910982739,-25.518828259933585,-7.3265121979039947,,0.2385981847252582,0.25,False,1
-0.0040206614620647216,0.98737199841865375,0.15836783455033249,-0.98698348368922129,0.02154314943013293,-0.15937219217077792,-0.16077138180066711,-0.1569472186799912,0.9744332369857458,-27.881351436062378,12.668189432521448,1.2712038555191287,,0.2208222170761572,0.2380952380952381,False,1
