axis_00,axis_01,axis_02,axis_10,axis_11,axis_12,axis_20,axis_21,axis_22,location_x,location_y,location_z,dbh,dbh_approximation,score,reconstructed,number_clusters
-0.99550773869436859,-0.08036339270767838,0.050060636353695884,0.071443264330346617,-0.98455910927717272,-0.15980995063251083,0.062130525359518421,-0.15551554729946704,0.9858776355951574,5.3394510734208387,-10.617771214162271,-3.5667675622816746,0.277147321976017,0.2602766027203304,0.9684684684684685,True,5
-0.61378310866306063,-0.7891332043538386,0.023218124518429192,0.78054158945099594,-0.61098718636205318,-0.13209649972158943,0.11842771068134261,-0.062955888426940387,0.99096490021350014,-15.583224961384838,7.1320946674789552,-0.99383752250140101,0.3497111692452501,0.2766239722312497,0.851063829787234,True,5
-0.80601464097032849,-0.59078676260388352,0.036213252732884102,0.58173109521731137,-0.8019788654597132,-0.13571599836872394,0.10922147865113657,-0.088322706525414726,0.99008573775874853,1.2688638276200859,16.2880348307011,0.33044453265849499,,0.367215844175438,0.9770114942528736,True,5
0.079073898724597885,-0.98050984493104509,-0.17985483739335567,0.99309759474709924,0.093160620688575113,-0.071261953807388728,0.086628435562573797,-0.17297844590068973,0.9811085421123209,10.598769282290037,10.015272146955818,-0.68262323657452062,,0.2281712250948653,0.40625,False,4
-0.59140564581581156,-0.80539954845406458,0.039634952342255031,0.79707041459850902,-0.59132049442093049,-0.12255132414441083,0.12213974074372841,-0.040885697105174763,0.99167043089086793,-0.61704382007151892,-7.5309354515207856,-3.1404492442666485,0.2448894380345815,0.2273245493590532,0.9757462686567164,True,5
-0.085246550741133242,0.96307156528043147,0.25539417717527879,-0.98995071668483747,-0.052841374995810625,-0.13116923276335524,-0.11282997882617248,-0.26400937338823871,0.95789793122296374,-11.079067082548946,-9.8715884748229694,-3.5006833368856172,,0.3189271592708367,0.2982456140350877,False,4
-0.39127214747641426,0.91615701926713811,0.086962190961054509,-0.91622416557294895,-0.37895018271526071,-0.13011547732773104,-0.086251869715084001,-0.13058742308362767,0.98767785228941385,-16.224640434858781,-14.507367870030739,-4.4625068979430189,0.1968832927498637,0.1503947695367863,0.9473684210526315,True,3
-0.13011973909906283,-0.9911963310330637,0.024468078048485522,0.98416775587291505,-0.13211367964461099,-0.11815161425403149,0.12034401437904674,0.0087068362426336171,0.99269406626905021,1.672587240993316,7.1292951269847959,-0.8944554202493068,0.3492376419739276,0.3195839501710761,1.0,True,5
-0.86919570779446775,0.48519383235770663,0.095319287626989588,-0.49409715536638871,-0.84478602498837463,-0.20543751615317163,-0.019152613673277523,-0.22566239612833949,0.97401727929390403,2.3531075092833271,-29.74282946426553,-6.182420185071118,0.529124086077072,0.3210730113736898,0.7636363636363637,True,5
-0.91567118345612775,-0.40180292065030365,0.010034776775845765,0.393626785956742,-0.90152741920192025,-0.17973943864520034,0.081266457812683129,-0.16063226756792107,0.98366307110238116,-15.216495076112821,-19.990752409230868,-5.1129512173054064,0.2950016585979839,0.2437021583338753,0.9512195121951219,True,3
0.77835556798369721,-0.62657978914239099,0.039501615499290321,0.62684256998308818,0.77208325962767588,-0.10467011349808023,0.035085641589886057,0.1062318598207752,0.99372218940368129,-24.314909954003557,-2.7599502009842798,-2.7249908619533629,,0.2535987857154387,0.9347826086956522,False,2
-0.98277851577494746,-0.17588532765366927,0.056663396009704277,0.16053277481665881,-0.96451921111715988,-0.20959942651542571,0.091518397827186002,-0.19689348110613725,0.9761441184359263,-8.041217523703196,-12.607814142867509,-3.7935256879709427,0.3375673747866153,0.07456156515461826,0.2888888888888889,True,4
-0.53879914521166072,0.82168041738376063,0.1858407189160487,-0.84033629913823826,-0.50865784403621517,-0.18735554982727473,-0.059417046963261472,-0.25711571206069816,0.96455229259055042,-7.7019633039161466,9.0226457882487185,-0.46561706788446217,,0.3455690433804698,0.5308641975308642,False,6
0.0024462885477228732,-0.99949029052748417,-0.031830407060329448,0.99389922592329683,0.0059399366554287797,-0.11013194750661769,0.11026488281140187,-0.031366802416161015,0.9934071568721321,-8.76599056915631,-11.258075937460347,-3.6680564323714968,,0.125726614956598,0.3235294117647059,False,5
-0.33593523490259763,-0.94169403610149938,0.018969984760273818,0.93373269858984465,-0.33560417913247925,-0.1245515256146702,0.12365583502230537,-0.02412835095242246,0.99203178232617795,-6.531334703049219,-4.2420366040665023,-2.6203022167686707,0.3344157666680198,0.3136139624803042,0.9876325088339223,True,5
0.55385776020692035,0.82267947186502455,0.12821882868930751,-0.82356553174990166,0.56394380523721277,-0.060886775641959934,-0.12239851458279827,-0.071873994646581812,0.98987510955749747,-16.010179746552172,-12.494555125640016,-4.2023332090210053,,0.1945621421354606,0.1666666666666667,False,1
-0.6535976265096336,-0.73999694843110586,-0.15879124325234242,0.75578970767472198,-0.6271005708274805,-0.1884855215681196,0.039900631497904654,-0.24320647684734695,0.96915352201060956,-12.801137249395818,-3.8772409384664548,-2.6293627794511427,,0.151233722080106,0.1836734693877551,False,2
0.51280371995651042,-0.85304528580030181,-0.0966751528193662,0.85639593903067557,0.51617980583276213,-0.012016807488724052,0.060152642589778836,-0.076629944697456071,0.99524344316610913,1.9650258909579383,17.538308094757298,0.51125829207452933,,0.2300921296433016,0.3043478260869565,False,3
-0.39503865636357782,-0.91853448531950965,0.015455072218635152,0.91032539689251646,-0.39365896039036896,-0.12782916207523798,0.12349952125794886,-0.036428315678852484,0.99167577668603979,12.707720276790901,4.8923260999324514,-1.352920477217705,0.2797832959188706,0.2597824008938342,0.9369369369369369,True,5
-0.9735112716140375,0.19256928020924985,0.12325938649900711,-0.22438687043902059,-0.90816968000861975,-0.35338133041747377,0.043890049156982032,-0.37167849632812106,0.9273234381553529,14.03155308025211,9.2833934963409845,-0.71949398067134407,,0.1785742317447518,0.2439024390243902,False,4
-0.82492975546801162,0.55648715099677948,0.099060331712422039,-0.5622064825801566,-0.78969196331740399,-0.24558190897692922,-0.058436029026065817,-0.25828018477496995,0.96430108195743147,-6.6048466490168636,6.4014354456723712,-0.92628605472067105,,0.1748629076217454,0.3,False,5
-0.94715798744618607,-0.31303622504354928,0.070000490193816434,0.29378094902850194,-0.93417826084938693,-0.20249378001392471,0.12878082467822186,-0.17122879070675995,0.97677848073567697,-3.4988184792768848,17.456798243297655,0.55182906568858225,,0.2577021491431647,0.9508196721311475,False,3
-0.92125436766696556,-0.38719617524812139,0.037006917296171095,0.37819704683771066,-0.91392482482079329,-0.14733773562640867,0.090870148111325016,-0.12173962563401039,0.98839368661111826,16.381500671772375,-7.0008721446232993,-3.2679760196866456,0.3258727142850998,0.2667895484715545,0.9733333333333334,True,5
-0.99825707807608688,-0.030062865535154623,0.050784152910233755,0.022993894684333535,-0.99065322149560697,-0.13445250294294658,0.054351512198287322,-0.13305043726419122,0.98961785264089097,-6.2065150269045963,9.0941970829987469,-0.5091561052826713,0.3632612024205367,0.3374499168989112,0.9943502824858758,True,5
-0.76583035335341598,-0.64200202773514692,0.036568651418134118,0.63296192611066937,-0.76263481751850382,-0.13321912476363634,0.1134154750325226,-0.078876685354276665,0.99041173182200781,9.9167772160107805,8.9225227229239756,-0.7791295551427293,0.421468408648824,0.2323037389685477,0.98,True,5
-0.99795819125690033,0.035706425622283905,0.052957527062144252,-0.042901416397477382,-0.98898910611562252,-0.14163338750349103,0.047317195334758373,-0.1436161521344452,0.98850163574561156,11.937654185352956,-7.1872091766294925,-3.2049367310656267,0.2637419503830722,0.2375870524794241,0.9777777777777777,True,5
0.99445388145033298,0.069764731010298675,0.078704256399690808,-0.085295268219706205,0.97278450124676719,0.21544148011329542,-0.061532063899206207,-0.22095971678371537,0.9733399245233727,-2.9177441685205623,6.5749088439166554,-0.95094295406345875,,0.7971943849865815,0.3772893772893773,False,1
0.87396150414367668,-0.46905495522417873,-0.12719566916592367,0.48597198997468305,0.84601313882407114,0.21930114887316682,0.0047449167505769912,-0.25347429439035446,0.9673304853297775,-10.822952406165463,-7.830677204804033,-3.2257373432932028,,0.1894683987676178,0.2978723404255319,False,2
-0.97442637307719504,-0.2223761315474854,0.032281567025134073,0.21470263918116034,-0.96377418154317129,-0.15824697064852333,0.066302490000506697,-0.14726908402229416,0.98687172252069666,-14.688248476102135,-9.0425454983559579,-3.6163738686517259,0.2571185332608082,0.2472731594307763,0.9902912621359223,True,2
0.8331590991881509,0.53903087794817806,0.12365932256973258,-0.54420037340388672,0.83889786721836479,0.0098143753519576993,-0.098447290602937748,-0.075472385644651613,0.99227619641813736,-3.665569163358072,13.48376289044284,0.024800557415186626,,0.2407876802033447,0.2,False,5
0.81859310092284832,-0.5737424121621727,0.026925445360252844,0.57382230670568624,0.8148540632111394,-0.082102472528314638,0.025165362077302231,0.082658938746084251,0.99626010880537119,-8.0025553901301318,-28.21770882529346,-5.9305737119735484,0.3008957807689491,0.2281188692696591,0.78125,True,3
-0.73822379491250401,-0.67420844991211371,0.021647048114848164,0.66486677733392496,-0.73266498766902211,-0.14544478072984865,0.11392013440381449,-0.092978394861694388,0.98912952694091616,10.150731542096894,-3.4635864782908437,-2.5967362194528221,0.3098532829863238,0.260402694908367,0.9878787878787879,True,5
0.99629909975133801,0.048507388287671954,0.070958700073927392,-0.061907938618831863,0.97765430212165461,0.20089667164735939,-0.059628105542935926,-0.2045460799539531,0.97703909348850038,-12.895109908476757,-3.4343536044325798,-2.5633668584845273,,0.8455035676659239,0.5042016806722689,False,2
-0.5971889065902537,-0.80113763912236291,0.039292404189400061,0.79292724226237976,-0.59703780503716053,-0.12170557848589394,0.12096197056808289,-0.041525203646165569,0.99178821284507601,-6.7353414435391405,3.7193945312807051,-1.3521142946868034,0.3031335831035469,0.2548525435569746,1.0,True,5
-0.99175111269777538,0.1115690908642242,0.063103632434714507,-0.11986591795097741,-0.98166127159468053,-0.14823396899794902,0.045408062901808384,-0.15457517852115157,0.98693698988773337,13.014772313117415,-21.001106012358992,-5.2149350377613271,0.2467830168125979,0.2058564847178733,0.2083333333333333,True,3
-0.96134056804664492,-0.27245633653353524,0.03989808153883577,0.26345808888740985,-0.95221690945639426,-0.15450822872943507,0.080088373860056766,-0.13802355606214031,0.98718557036882038,-7.0988283080396588,-13.547638274825268,-3.8857924941267927,0.298336507301815,0.284470127185453,0.9793103448275862,True,5
0.76839975691690388,-0.6046239684267245,-0.20974191372723405,0.63914340128758274,0.7416761322630665,0.20349994452539485,0.032519627313106335,-0.29042446803810795,0.95634517942226216,-18.15447423260353,0.57861745768022432,-2.1149996690927,,0.43565190584262,0.2545454545454545,False,1
-0.96348757140140029,-0.26555119521018389,0.034267513441669249,0.25265353272859858,-0.94404756574112247,-0.21199147628624254,0.0886447525507921,-0.19559334431596689,0.97667054399347208,-22.001224104650902,6.6041596811605681,-1.0235339987205341,,0.3033336773799862,1.0,True,5
-0.4351257592373946,0.87894496155473278,0.19524683916937019,-0.89339496329756196,-0.39454179801296224,-0.21490046341328978,-0.11185264057065729,-0.26794127001686008,0.95692030108004456,19.659108161566991,6.2007040240414195,-1.37011357839979,0.5286212702158631,0.2370583045798351,0.359375,True,5
-0.72273572004122122,-0.68982618631793935,0.042342787420583908,0.68150928771811703,-0.72152602934924337,-0.12225088844445803,0.11488328742877338,-0.059498080990582639,0.99159558723705254,-2.4782831041178337,11.31727537597741,-0.31130016593928916,0.3378316395734151,0.2855732503867704,0.99375,True,5
-0.99616060547893082,-0.071577576365840667,0.050405343500903012,0.06352270911999866,-0.98717881126998241,-0.14643380759115232,0.060240464124273023,-0.14266970645928595,0.9879354439136776,5.6864665506120282,-4.5096726034908245,-2.6974525915723286,0.2919557943799918,0.2613727774578644,0.9675,True,5
-0.81947067372281579,-0.57241876828600602,0.028364918864803124,0.56315766720568106,-0.8134260802609673,-0.14557284712038371,0.10640139461365423,-0.10331875756710833,0.98894083622786011,14.416365678324157,2.6847239642382834,-1.7500104757764572,0.2815543026305718,0.2643365086657518,0.9811320754716981,True,5
0.046756529515333219,0.92374590366986697,0.38014120060948825,-0.99225099747207479,0.086806724319259634,-0.088896291422272788,-0.1151163974564674,-0.37303900341130741,0.92064657549493101,18.868602478417166,8.4050709899544724,-1.0464532465840377,,0.3667780492985625,0.2,False,1
-0.52185032591349667,-0.85294877699797766,-0.012272781332361454,0.83359264421164581,-0.50684798768362971,-0.21960970128227983,0.1810953916040231,-0.12483389443059785,0.97551061395613536,-3.2697417258662052,-22.964605943627184,-5.1875180406555739,0.2021015928035783,0.2912876619602158,0.9787234042553191,True,3
0.48330382004827172,0.84711961434269878,0.22092029450148928,-0.8630266209784484,0.5033907101698204,-0.042223742103769432,-0.14697778406708131,-0.17025319941369907,0.97437743153263223,-12.91645845684085,-2.9496644381030679,-2.5293732317808617,0.4099915411511704,0.234461505434746,0.4315068493150685,True,5
-0.37055077048027646,-0.92845960862179455,0.025590655605844375,0.92037459896319074,-0.37075050081087652,-0.12431678781174035,0.12491086453875264,-0.022512692116839289,0.99191252367022409,4.6319134757200535,11.277538748847199,-0.36988396235913534,0.3014342660669088,0.2491414260451431,1.0,True,5
-0.95497257546017733,-0.29290588276948681,0.047260173063406873,0.28533590621044497,-0.95033957370286826,-0.12425021239947519,0.081306830869366395,-0.10517052102789126,0.99112479575515711,10.072932481087374,15.237908487790147,0.010583811404662332,0.3195588808237654,0.3047994840292574,0.9661016949152542,True,5
-0.99771890324918666,0.042010434945543053,0.052840452826667092,-0.049655930960247952,-0.9869955738271744,-0.15288566239526344,0.045730499884781547,-0.15516075728499681,0.9868302086879156,5.4304754667469775,-19.463077711432032,-4.8556599027873872,,0.2724234443110749,0.9454545454545454,False,4
-0.97384196414704793,0.2185027406503128,0.062356885702570884,-0.2260243415112734,-0.95969051451362919,-0.16705422292466246,0.023341506177120719,-0.17677858660162929,0.98397383370113811,13.150629845632499,11.615457621911569,-0.46319696013571687,0.2737760514443585,0.1653501925205444,0.8,True,4
-0.90329947167060753,-0.42746701578935281,0.036359522710675343,0.41833385091835096,-0.89644026845470282,-0.14625879210729623,0.095114949694703854,-0.11690507048459176,0.9885779437351252,10.805644022414674,-18.649131764025245,-4.7949867125234533,0.212359810415424,0.2079313767592312,0.7959183673469388,True,5
-0.99642001128060664,-0.069251020924813153,0.048491826325956687,0.061095997040227633,-0.98631420644770307,-0.15313903912816643,0.058433212004956242,-0.149628146617903,0.98701417288429794,-4.1768906344944394,-9.5560753184522458,-3.3321993174398026,0.2447220798366277,0.2321914676926725,0.9752650176678446,True,5
-0.42731613478640912,-0.88583231091519687,-0.18083704789075802,0.90084091394437182,-0.40019672208415885,-0.16830992661445304,0.076723977445590799,-0.23482695878398499,0.96900450500149471,-0.52632596147423982,8.6209662517456493,-0.72759299500363939,,0.3624362146841539,0.2333333333333333,False,7
-0.9696787875167282,-0.24076523387586166,0.041894524663609885,0.23212453436530397,-0.96101687717974149,-0.15021571928859154,0.076428068049500558,-0.13593624951571845,0.98776519805155183,-2.5921866236162616,-14.197765871672965,-3.9762397574151653,0.2613529783687377,0.2429687051575575,0.9261744966442953,True,5
-0.68503799082540395,-0.72818085669185062,0.021808050656037633,0.71936935409101455,-0.68086860491033896,-0.1375706191093356,0.11502470830465464,-0.078553057196848269,0.99025185366373247,1.1714542771134304,-25.678774353783382,-5.6424188884024682,0.257573632016238,0.2346566774533778,0.9545454545454546,True,3
-0.99066964632296828,0.10865404143115862,0.082267558217087505,-0.12917808457622923,-0.94101716541484615,-0.31272946273068913,0.043435864438760227,-0.32043875183143034,0.94627286339891048,10.883819483867656,11.718044095862286,-0.45222628242587154,,0.3957694999282979,0.2083333333333333,False,4
-0.93220902879713763,0.34608004313524604,0.10590056832994016,-0.36185714252632423,-0.89672068895518176,-0.25485567367125322,0.0067627680561597181,-0.27589963708430509,0.96116265804751677,-7.6818777416037376,3.7429764420966682,-1.3416997415455008,,0.5639917190655335,0.4206642066420664,False,9
-0.95567232433140314,-0.29201062462657401,0.037685588919539624,0.28162287292105792,-0.94391904930230275,-0.17235250451306991,0.085900907764145149,-0.15409939477310139,0.9843141828582278,15.4372255320147,-11.031807861610243,-3.8410692856585564,0.2723070207470613,0.2426830708068201,0.9850746268656716,True,5
-0.7304385934661195,-0.68218247577526936,0.032962568473342148,0.67321787152046497,-0.72729105121393356,-0.13351188819571588,0.11505285151047281,-0.075331245637213606,0.99049888681918963,-1.4248056238012843,-20.268586154153958,-4.8456541569719311,,0.2595150499572595,0.9891304347826086,True,3
-0.99531948912590784,0.075715025941365463,0.060052888463779958,-0.083196675881033064,-0.98750216217653219,-0.13385735997330739,0.049167343720107073,-0.13822703984161583,0.98917938604084144,-19.291417614988671,-5.3978786360526421,-3.0900725157900304,0.2686213966919802,0.3085586619578011,0.8695652173913043,True,3
-0.95956508409830876,-0.28148501079385757,0.0010188610250086716,0.26120788829868774,-0.89177891619670846,-0.36946015173163826,0.10490609357871769,-0.35425492703053091,0.92924601597458956,-3.7886649775587986,7.5214470441078998,-0.80841354706456847,,0.5436821277574874,0.5726495726495726,False,3
-0.94800923274399074,-0.31556563887657613,0.041192501654641764,0.30667416053088142,-0.94044466118050907,-0.14667923683928977,0.085026195344896222,-0.12642059491038507,0.98832604907878208,10.548756673703535,-11.641865863654521,-3.7781128523711347,0.3004014580694213,0.3009813106041712,0.9848484848484849,True,5
-0.98851200109735016,-0.14367039045450719,0.046934449961217185,0.13489885125184325,-0.97870496502757642,-0.15472198086020073,0.068163946609961418,-0.14661313152995767,0.98684257409453791,4.0306686365886968,-13.895080009170194,-3.9987154321490013,0.2863350429137407,0.2537052179474273,0.8536585365853658,True,5
-0.43003893540966509,-0.89187969390946531,-0.14006114958717564,0.90071521120597176,-0.41328330175275696,-0.13382458964824853,0.061470499704364988,-0.18370499199613222,0.98105751797832785,-5.1811773959505585,6.1222677957875797,-1.0110583672747904,,0.2549574133554127,0.3681318681318682,False,4
-0.7974840652653008,-0.60322179453883085,0.011942874079570516,0.59436658488286398,-0.78887047795343257,-0.1562425415442372,0.10367028707691113,-0.11750249191772066,0.98764651367304246,-18.405677788266082,0.93865606569977589,-2.0465691262431944,0.3319772311087723,0.2874887670866324,0.978021978021978,True,5
-0.98812169389815274,-0.14839583584342061,0.039927358442289257,0.13653619545043993,-0.96701237464892287,-0.21504635455587717,0.070522233230136788,-0.20704043851427983,0.9757873085053167,-12.934848439947563,-11.889127913718134,-3.795793571351596,,0.1579367533279526,0.2894736842105263,False,3
-0.99626686473600612,-0.023235256026492561,0.083141187786027276,0.0018872077041430946,-0.96872897079347198,-0.24811412614460659,0.086306272519264399,-0.24703097786067982,0.96515642426553128,-16.310074191405299,9.1502484941047832,-0.69436796079807184,,0.1783267653890501,0.1818181818181818,False,2
-0.71030556442663773,0.69278266620071061,0.12457199748094115,-0.70347220913556685,-0.69255334640099897,-0.15967690303454904,-0.024348636891664624,-0.20105233100020067,0.97927784825395947,-7.4232286618399757,-17.122575386456585,-4.4081855983640059,0.5292869722102153,0.3282019582654373,0.9259259259259259,True,2
-0.8288988212419196,-0.55872188375063969,0.027506376749676636,0.54947714163616368,-0.82243244614309385,-0.14724042362897724,0.10488858356899433,-0.10693328831204028,0.98871818881199214,-9.1858100598982304,-8.815875561417851,-3.3597101661723565,0.3085273330704207,0.2784354379489958,0.9444444444444444,True,5
-0.99339342717960277,-0.10499132451749758,0.046328399631612775,0.096849241665440081,-0.98357291451436324,-0.15233038509290342,0.061560727945615873,-0.14683713293913278,0.98724319859142251,14.240062324269051,8.3654135404796932,-0.84596368902215313,0.2209886592537725,0.2379239010600876,0.8472222222222222,True,5
-0.98349977887341533,0.17168220803187628,0.057038622013890962,-0.17824985364462445,-0.97347937987251154,-0.14340462558335396,0.0309058996247304,-0.15120554357672059,0.98801908329751187,19.229214334749141,8.4515699736472882,-1.0403564977630657,0.3063874093638368,0.2765701613941,0.9672131147540983,True,5
0.99786449687445378,0.028673363018454322,0.058688023741685538,-0.033842662139572682,0.99545002779145142,0.089072534427310113,-0.055866985750078223,-0.090868478710769363,0.99429462408281677,-22.969163796541011,-0.87095906398916023,-2.4403601516612974,,0.1275116935948346,0.2857142857142857,False,1
-0.77161631863880487,-0.6350242988890451,0.036774945693720189,0.6264076708733054,-0.76865023292219559,-0.12957719436589246,0.11055173757738943,-0.076947769617659256,0.99088715506332425,-3.9973705385443079,-0.91431306954309244,-2.0816908642271268,,0.2539691338704507,0.9832558139534884,False,5
0.055666680288913653,-0.99829222569517961,0.017715891797371167,0.99213977384674246,0.053314582639092389,-0.11320876480800525,0.11207091441112957,0.023878596997807228,0.99341326886068382,-6.1134632684724313,-24.440799120144383,-5.396154753067238,0.198197508307506,0.2461229129970509,0.8541666666666666,True,5
-0.54525940535079509,0.83621691624571659,0.058595647116502503,-0.83552147744268357,-0.53649077272544443,-0.11866554475689756,-0.067794111901351081,-0.11366142602026441,0.99120383303664983,10.204274247062841,1.8218598032390101,-1.8117638081193812,0.2826050048902085,0.2332046626012236,0.9857142857142858,True,5
-0.76400268977398422,-0.64434990089088906,0.033363081992215528,0.63556028253007035,-0.76047687986453549,-0.13318424254317301,0.11118910597902637,-0.080548869721448493,0.990529586785868,14.246823445948875,-17.448180825395713,-4.7094640599985125,0.222682370827732,0.2332225161225904,0.8367346938775511,True,5
-0.45087235106099782,-0.8647872246408016,-0.22103660137359349,0.89145269841912556,-0.42378500702815419,-0.16036943068866921,0.045013437215891947,-0.26934981699679644,0.96198984742761395,12.350493118865835,8.9338383467796714,-0.80925643530281333,,0.323606056724603,0.2950819672131147,False,4
-0.99217021687332763,-0.11499059923930675,0.048738309738044577,0.10743629541092783,-0.98480875318539263,-0.13641540264138297,0.063684402940691026,-0.13011103618071726,0.98945207821605496,-10.899457839596206,4.110033678344827,-1.3738017838052772,0.3283872734298495,0.2888705561358243,0.9955555555555555,True,5
-0.5042966395718913,-0.86352233793942423,0.0037511593045964978,0.85465037400229649,-0.49972737345554857,-0.14087331343073178,0.12352180995367819,-0.067836008865860248,0.99002052421498699,7.1650988254773758,-1.1720177033676848,-2.1974516460794304,0.264328487080278,0.2357338243134005,0.9938650306748467,True,5
-0.78421145066188669,-0.61697230426672456,-0.066011941484763831,0.61062464943302019,-0.74845994694078,-0.25873779262065105,0.11022675789290473,-0.24321365831962211,0.96368935775549869,6.5941950935158049,-16.554841656672377,-4.4663818503346144,,0.2132916631198161,0.2549019607843137,False,1
-0.30701285207846085,-0.95103874678778955,-0.035614754905238855,0.9437011458451513,-0.299374276101673,-0.140723808004006,0.12317165253904098,-0.07681370266371973,0.98940810543167257,5.8050830990447198,-24.269937291997419,-5.4600285511464159,,0.1364633070077927,0.3684210526315789,False,1
-0.89252626821201408,0.4422886466070402,0.088190779756440213,-0.4509711312836181,-0.87321928133906468,-0.18469738884581419,-0.0046796688248190027,-0.20461876693060399,0.97883055781860906,-13.11732337100222,-13.93420568190275,-4.1009701678319761,,0.1949113948154472,0.3,False,1
-0.29323321580378181,-0.94658897900969408,-0.13410289320800428,0.95209988035364435,-0.27641409255888277,-0.13077104903389516,0.086718504253410281,-0.16602576382066148,0.98230104691373343,-5.1743618657233021,7.2897082490601424,-0.84581230312004674,,0.3104063018635899,0.4,False,2
-0.895494024699105,0.38947507155541389,0.21540571107819939,-0.4450590594938858,-0.77970029085567294,-0.44044283397734785,-0.0035896086997517437,-0.4902821892303299,0.87155636056017527,-9.8717667440333621,-4.2118617850325526,-2.7144687855414702,,0.1956570030562585,0.6,False,4
-0.94546521792109273,-0.32492103872061151,0.022843824069966434,0.31610561551204414,-0.93220618086631835,-0.17626365534728047,0.078566923976775713,-0.15943009424619933,0.98407788487775472,18.136234229785,-0.19919737172122051,-2.2598562151964878,0.3172465869572672,0.274193222950599,0.9333333333333333,True,4
-0.99618738292411557,0.065105043071396751,0.058069195529751205,-0.075713069257453788,-0.97588201195539703,-0.20474821094579143,0.043338542273787757,-0.20836418144335148,0.97709065016764163,10.961791122380852,-24.789873645077229,-5.7554565829059028,,0.1878986805592402,0.5666666666666667,True,1
-0.86388667286982923,-0.50331743580079547,0.019271099003669863,0.49313118031253367,-0.85295569347668532,-0.17113802607624842,0.10257414606744011,-0.13834068015092091,0.98505857733127544,-17.852759251452046,-12.070500981197114,-4.1673624008475958,0.3774190443650035,0.2423661094550904,0.9888888888888889,True,2
0.90038049766933337,0.37958648178933152,0.21267125395671643,-0.42457089118926278,0.87337703192227989,0.23864642981906398,-0.095155229869303248,-0.30516661507023946,0.94753301751184027,11.854247154935102,8.3837862378862784,-0.91480859929940161,,0.4231026910933757,0.2708333333333333,False,1
-0.93708156298969125,0.31897136326380693,0.141899308393059,-0.34871039173547969,-0.87465527960791467,-0.3367182866279933,0.016709488337116385,-0.36501426173730755,0.93085196552829086,9.6366779447666548,11.442504272713299,-0.46036236208364939,,0.2489041552313393,0.2,False,2
-0.95540650786817016,-0.29283945877911988,0.037992842814136139,0.28619803273430822,-0.94996881991960125,-0.12509966922247115,0.072726135482091225,-0.10864756123591487,0.99141646983259646,12.780292652369955,16.671567823747797,0.18897148742324102,,0.2143330588747323,0.3333333333333333,True,3
0.27197069411795644,-0.96144599730233105,0.040663691572758891,0.95761501560961182,0.26623620865708691,-0.10996255307560285,0.094896909433350995,0.068846753527146226,0.99310357018227047,-11.823884333337533,-20.551030411996216,-4.9083672999972237,0.3013439375136278,0.2482798386888159,0.8095238095238095,True,2
0.56384290737949694,0.79182525900626821,0.23472097264090583,-0.81723448947513,0.57595153791387144,0.020189482087720784,-0.11920136328985757,-0.20320577052412336,0.97185310094454946,0.019442099559030535,10.673954999528222,-0.44166416222067983,,0.2119680643731384,0.32,False,2
0.99852107025387737,0.0071101659623494413,0.053899144696740474,-0.010793827931226614,0.99760206957741182,0.068363762721613042,-0.053283820599159287,-0.068844435612863963,0.99620343210987961,-2.565902282119934,-0.86360445623936688,-2.1151089112084542,,0.2664306969321457,0.1891891891891892,False,1
-0.87179289000369942,0.46419583921845675,0.15652277722833416,-0.48976912936005529,-0.8192853883793777,-0.29815709334836582,-0.010166457834045822,-0.33659125841341364,0.94159596849964444,-15.978595128222693,14.88447182762998,0.23248688581979429,,0.1565233137286918,0.2432432432432433,False,1
-0.83922056272533341,0.52071163422653,0.15674259497696516,-0.54347623273246104,-0.79332834522919393,-0.27434234290543358,-0.018504906211817877,-0.31541961041927502,0.94877185761859839,9.5538375228100207,14.095120868385182,-0.10167221459532345,,0.1761872588819542,0.2580645161290323,False,3
0.87032540108009349,0.48662166022843345,0.075716946790647457,-0.48219019477560748,0.87327432992564802,-0.069889632673042559,-0.10013147505672992,0.024316753266709616,0.99467702457306695,-10.111166822692553,-13.324992505614205,-3.9778920779060063,,0.3836307329582299,0.5,False,1
0.99230621706829636,0.073497429820739452,0.09963181910089039,-0.08241653650527804,0.99265397685509238,0.088575373237960858,-0.092389859173403144,-0.096105202999189121,0.99107411623874198,-0.90474188433334335,9.2136571164225067,-0.69129546892215632,,0.4903895203079642,0.22,False,2
0.034605891488177581,-0.99235016375954521,-0.11850563176791196,0.99333563325363794,0.04719730329105945,-0.10515100698826219,0.10993976524853183,-0.11407702243859286,0.98737008308366414,-12.702157633345934,-15.070291707870638,-4.1789640218320292,,0.2162964416392868,0.3571428571428572,False,2
0.73021249695757096,-0.68205915215192392,-0.039812337946778506,0.68211054876141897,0.73110746918556169,-0.014389849529411275,0.038921826208253581,-0.016648767728636941,0.99910355318041622,3.3799217138764366,16.685004295052511,0.36251966512058065,,0.185360579932422,0.1612903225806452,False,2
0.58049016072297299,0.79121616670462214,0.19237502657325564,-0.80694567129455175,0.59059621550290109,0.005898628030011871,-0.10894887279271234,-0.15866029049164959,0.98130375284022164,-18.558263079859067,1.8197219406109642,-1.8771966274681673,,0.2925179739856996,0.3103448275862069,False,3
