axis_00,axis_01,axis_02,axis_10,axis_11,axis_12,axis_20,axis_21,axis_22,location_x,location_y,location_z,dbh,dbh_approximation,score,reconstructed,number_clusters
0.91792768292749016,-0.39306612636261928,-0.053923920681413495,0.38900808842407791,0.91838437597824396,-0.072407493394660086,0.077983819193566201,0.045488001333739647,0.99591634471909707,-10.637269696947801,-3.8456000711557188,-2.2765528621163011,0.2345005800329232,0.2088433132862234,0.9485294117647058,True,5
0.9952644635266793,0.091359430868293248,-0.033197922109260078,-0.094371834042537961,0.99000798670940349,-0.10477663475718574,0.023293874310612653,0.10741340997759348,0.99394152482758569,-22.453890070968185,-0.6010891155593503,-2.1454519620729604,0.2848611389037866,0.2185426214386564,1.0,True,4
0.8497156810167813,0.52698391660819621,-0.016468547916353219,-0.52588931401658945,0.84488808575587426,-0.098002816035742985,-0.037731827908921815,0.091935162935954023,0.99504986557387709,-17.101666633599891,4.9705415341506836,-1.6098165222050305,0.2366652425968574,0.2283135543540657,0.9848484848484849,True,5
0.68305476026757639,0.7303379672415935,0.0065305498405866975,-0.72678163245554817,0.68055922764078169,-0.092884855591375715,-0.072281762575713615,0.058699159094481694,0.99565544016017304,0.95602677125328939,16.891295782913776,-0.5736050207325134,0.2825772830181598,0.2347694724325046,0.9390243902439024,True,4
-0.96028247835033331,0.27434395539133799,0.050921075337977795,-0.2697588356066471,-0.86613587169318085,-0.42075981554616004,-0.071328342091249802,-0.41778468845390698,0.90574180741974386,-16.570790405244267,-10.356131312272929,-2.7954742029107131,,0.2492234879322604,0.1428571428571428,False,2
0.75299211455228798,0.65769195411202064,-0.021075315380466416,-0.65553330800682619,0.74696371266350781,-0.1110013245757744,-0.05726218224711619,0.097398693319061494,0.9935967678208486,-11.053108546753602,0.68024045488838258,-1.861157362495242,0.2406334586484256,0.2217459501953301,0.9679144385026738,True,5
0.37081763797579831,-0.92740601399032319,-0.049115828208736806,0.91991170666956568,0.37405305927378418,-0.11767226002847828,0.12750188743048751,-0.001547275832954019,0.99183712102298316,-16.656341429906487,-11.88831804970831,-2.9710024124838155,0.2945247902190116,0.2737118951310819,0.9882352941176471,True,4
0.79111192226223526,0.61137643188784685,-0.018994340910786431,-0.60952292670769093,0.78535251546824281,-0.1081814598967564,-0.05122234153414966,0.097161128954884088,0.99394969024994928,-6.3568995545385638,1.6764175094530986,-1.7680785467038884,0.1363581055973566,0.1235053067900502,0.7294685990338164,True,5
0.95381040434483844,-0.26982179027325348,-0.13206783884531262,0.292647516442328,0.93384779344418445,0.20563494304121688,0.067846471416517701,-0.2347860732095573,0.96967641826702322,3.5467979717059461,31.261867351731389,0.47691403130116861,,0.3362081506416092,0.28125,False,1
0.37433751446461322,0.92726877226611093,0.0066369604907104938,-0.92145551233319367,0.37277345780600041,-0.10936035820227548,-0.10388052779625005,0.034822020841096792,0.99398001127251778,-20.853029355697174,5.9728791711148563,-1.6294699356343332,0.3089798564846935,0.2395985177170352,0.9866666666666667,True,3
0.32070131679016067,0.94709475387313602,0.01273548566176811,-0.94055840874774332,0.32001756598195086,-0.11374813052046434,-0.11180583680188558,0.02450070711166967,0.99342798944264588,-8.2693107969118937,-1.610489996838484,-2.0401980183329838,,0.2070027725196956,0.6086956521739131,False,5
0.9111250058295135,0.41213003459835712,0.00024152458629891904,-0.41112748538017252,0.90894914068113952,-0.069178395615931587,-0.028730028143822493,0.062930868713019533,0.99760427587590006,-8.6238880953734807,-1.9264084741168659,-2.0676444613552025,,0.2104614749614883,0.6864406779661016,False,8
-0.17032403457419307,-0.98201798275991503,-0.081427297526780879,0.97844557618379668,-0.15875370572125699,-0.13206632941868701,0.1167646251770017,-0.10216624910367586,0.98789072262642408,-22.226457974118631,-9.8197415312048335,-2.9144250512933079,,0.1841620258315528,0.5333333333333333,False,1
0.95397507122687519,0.29892296334677521,-0.024013026915810021,-0.29980595323897025,0.94880919149950549,-0.099385655547092472,-0.0069248740168531761,0.10201068625411477,0.99475920001265294,-10.339081525664664,-6.9543960605411907,-2.4999821667577358,0.1549818789373179,0.1486094354491001,0.8559322033898306,True,5
0.62611305747542012,-0.77196372212919717,-0.10979276376526592,0.7703442333612831,0.63419613449551027,-0.066068336727729104,0.12063250551073336,-0.043211974120456201,0.99175628251441605,-10.104953883847605,-3.3780764555183889,-2.2220833602593046,,0.06955395814165871,0.2352941176470588,False,2
0.96674690355422233,0.25367107818552725,0.032425430768382384,-0.25111005835465677,0.96560666942598272,-0.067435143309570816,-0.048416557719894844,0.05705036417283945,0.99719661696493067,-18.843344553786928,-1.3914811890708565,-2.1311860418257984,0.2398206672078728,0.2999858945037845,0.8793103448275862,True,5
0.32436951341259257,0.94587157645492259,-0.010553654492947415,-0.93987378253064491,0.321012038534158,-0.11656991047299187,-0.10687231484353184,0.047730828306481912,0.99312641508982169,-9.579129326890067,12.264129446349207,-0.92851906852423993,0.238112153930012,0.2376790497129561,0.927536231884058,True,5
0.90629162691094522,-0.41452984946172727,-0.082465088954952775,0.41040526212211592,0.90974570179430114,-0.062691936397519882,0.10100993918218117,0.022973070583424841,0.99462014368017859,-5.8297089509567268,-9.1272697906763245,-2.6673558032637201,0.3333992295612009,0.2551100689370818,0.9015544041450777,True,6
-0.15230822112547737,0.98825549020168535,-0.012381109151426676,-0.98005011825112498,-0.15263837106696912,-0.12729215762952023,-0.12768700596986782,-0.0072535346038402858,0.99178798880718555,-6.1406671169473439,-18.135386000375231,-3.5086552749483602,0.269450933234995,0.2293430093736063,0.9629629629629629,True,5
0.5695971900256841,-0.82013792806661567,-0.054155517368445566,0.81436995731475781,0.572048337201297,-0.097786872986054346,0.11117829706379118,0.011596501706555361,0.9937328149005471,-16.859874062105668,-18.255037137012323,-3.6880770810924615,0.2603559841946282,0.2035863334714247,0.6551724137931034,True,3
0.99606476545106837,0.083424021565351461,-0.029923496666857532,-0.085820929806101634,0.9921815477947491,-0.090612053408095694,0.022130319340755981,0.092823536031974033,0.99543660778795739,-2.0621151033350089,3.1340875329502884,-1.6387529371279133,0.2571427488333198,0.2266910123331337,0.8678815489749431,True,5
0.5179210098761976,0.85406878767849093,0.048211341427234919,-0.84878902079162122,0.52009258623155619,-0.095188759475964183,-0.10637210965483931,0.0083790011555806114,0.99429108747248374,-21.201451253833813,-5.1950179720846954,-2.5130181577266262,0.2372269737386391,0.2794283899419677,0.15,True,4
0.99927686035766117,-0.019863031197818012,-0.032422466676196852,0.017993494688930172,0.99821379982221137,-0.056968798419669814,0.033496126680767617,0.05634420854121603,0.9978493571983944,-9.8050119353065099,-25.279468654099976,-4.3233188610875199,0.2554877043136389,0.295981867855199,0.9166666666666666,True,5
0.33132164985183049,0.93978069492314531,0.083894039056613204,-0.93595651804190338,0.33859899631908341,-0.096623579040455237,-0.11921141167832359,-0.046507689057626686,0.99177904504187897,-7.9140273166258304,3.144307880893674,-1.6330036524144389,,0.1531022497197619,0.2625,False,3
0.87584946963314325,0.48217935512919646,-0.019768055810658203,-0.48155128790054058,0.87056197108479738,-0.10114450861160237,-0.031560476306161003,0.098106696958689094,0.99467533011892029,-16.308877361564257,-7.2863106862513991,-2.5372342551752634,0.2880233581928359,0.2473045657416704,0.9722222222222222,True,5
0.83548397020616905,0.54926337252115343,-0.016621766910420058,-0.54805984708351729,0.83069084523119596,-0.097893430136402726,-0.039961725980331736,0.090898114698644741,0.99505808534019891,-9.9724632195616376,17.177986879964557,-0.53404225907664826,0.3004234061522713,0.2460267600725923,0.9682539682539683,True,4
0.44626290670496327,0.89488970318552186,-0.0046730323950175019,-0.88970780398492599,0.44310491224089099,-0.1099002287363947,-0.096277939464640194,0.053202028913565291,0.99393163874178081,-0.98450866608780063,10.978909958331164,-1.0011288597450969,0.2200591503947949,0.1978875153481394,0.8909090909090909,True,5
0.69139375311195761,0.72229333184016042,-0.016340775287669453,-0.71934553006898583,0.68611587315470068,-0.1085680292486403,-0.067206298272796283,0.086817920871232954,0.99395470826796972,-4.5366373629599375,17.139486547884225,-0.57141861322568044,0.3193241087624885,0.2863056374407954,0.9402985074626866,True,5
0.99780881182874281,0.058029552308927361,-0.031782795593499544,-0.060732546207973734,0.99390668289603346,-0.091984039516105787,0.026251340308811509,0.093712735278774467,0.99525312879616767,-13.815221777917099,5.7208662851363075,-1.5306259130903315,0.3738115578455656,0.3304855823990607,0.9711538461538461,True,5
0.69208614978453986,0.72180638049493184,0.0035086112947119441,-0.71910282271532855,0.68989859294780664,-0.083252998813755974,-0.062513131734528618,0.055095195121191001,0.99652226660285859,5.4511074000240498,17.417043800605015,-0.40027664651562866,0.2907326975247582,0.258418011758008,0.8285714285714286,True,5
0.53870344414882831,0.84243594909985264,-0.01001353715828399,-0.8379342718463999,0.5345140125572565,-0.11027659064907694,-0.087548588380585504,0.067797065158981831,0.99385049309661988,-14.148598034569979,-2.6953822220381678,-2.1702060635498501,0.1721607798185371,0.190098905392192,0.9108910891089109,True,5
0.61037806046852627,0.79210873381757441,-0.0015417874689313722,-0.78828639118480726,0.60723933961919041,-0.099322454116291536,-0.077737949365242753,0.061839616984334135,0.99505410556397278,-7.5696852475695318,5.0748115872222899,-1.5116711993095739,0.2643647264023843,0.241159311306849,0.968944099378882,True,5
0.97919607491031013,-0.19922609692575144,-0.038522839770359522,0.19502176723868911,0.97642417899274681,-0.092532875138722381,0.056049595746448008,0.083095035844934453,0.99496414901974617,-3.4654803633438269,-2.2141873963900833,-2.0402112155345375,0.2535320186420116,0.210420676045189,0.9529411764705882,True,4
0.54999751624814364,0.83495945927516957,-0.018585841056798787,-0.83075503575776366,0.54467274749734285,-0.11479402726976587,-0.085725157824227308,0.078576710930221963,0.99321543373801757,-15.467687839070047,15.056360691620984,-0.73618130545102245,0.4012149248258745,0.3701272449123627,0.9230769230769231,True,4
-0.59381652403981278,0.80459965342704765,0.0011547650623005314,-0.79299870973500797,-0.58501066018375392,-0.17004579921297802,-0.13614324124203389,-0.10189173262067391,0.98543548377743617,-3.5324130050699338,24.583313247562387,-0.14641357967174329,,0.2127796454488561,0.3157894736842105,False,3
0.87597385913356718,0.48200623336812293,0.018433369440214911,-0.48115986842425867,0.87585117482584374,-0.037012167920008512,-0.033984983928122811,0.02355229395331998,0.99914478946594154,-13.758453358514323,-18.441142663815633,-3.7221564368039397,0.1846255157535021,0.1903400344342194,0.8,True,3
0.67705995790301166,0.73554462860840386,0.023746846731650999,-0.73142484690571696,0.67613086647060827,-0.088683396048259547,-0.081286571666665017,0.042674942659939395,0.99577675336174121,-25.787047481232772,5.524428665929614,-1.7626020215500564,0.2636592798230161,0.1832690698333795,0.8958333333333334,True,3
0.99862312922088636,-0.039405638228515567,-0.034627178067059207,0.036855001116300488,0.99676360729454916,-0.071442424831993756,0.037330345267650111,0.070067873158537811,0.9968434874508818,-25.260400736432643,23.693820930787513,-0.57032427153902709,,0.2566220242028298,0.6774193548387096,False,1
0.97500814775175726,-0.18635312402205048,-0.12096125406471989,0.21426325986397127,0.93267441264870421,0.29018906847581127,0.05873982712054715,-0.30885425876554945,0.94929377937087045,-24.604911734874271,-13.383898826193931,-3.2683490122115102,,0.3667136643848185,0.25,False,1
-0.96749092383383883,-0.24470641117425007,-0.063875540149286189,0.25290572584733706,-0.93620256056163331,-0.2440562628400928,-7.8312040820576606e-05,-0.25227670904794158,0.96765513275090076,9.1580543439904805,24.787342464163761,0.15856824551556525,,0.3590259972247384,0.391304347826087,False,1
-0.042591391538566406,0.99902232820297943,0.011847409788912546,-0.99119970399619606,-0.04076434103485882,-0.12594211089959667,-0.12533602899669799,-0.017107198832410003,0.99196684601021112,5.4905465953931012,22.842786883656522,-0.033862620331148646,,0.09334368623858627,0.35,False,1
