axis_00,axis_01,axis_02,axis_10,axis_11,axis_12,axis_20,axis_21,axis_22,location_x,location_y,location_z,dbh,dbh_approximation,score,reconstructed,number_clusters
0.60908719209126139,0.78637920210783763,0.10305601837166917,-0.78293637492859924,0.6169206564026809,-0.080122010192876097,-0.12658366894684694,-0.031885015225403462,0.99144335216896229,5.0644425000033593,11.17177599830995,-0.75668883065182846,0.3016574608055627,0.28068952698737,0.2816901408450704,True,5
0.29699123718418169,-0.95410394224197548,-0.038495096234836199,0.94105606064996794,0.29928864857463677,-0.15760645782559282,0.16189408806306657,0.010581693280743029,0.98675140335220146,-23.182896914612755,3.0849489417405138,-2.1861910139954932,0.3599873320882923,0.328700366678949,0.9454545454545454,True,5
-0.17021665833177363,-0.98476268129968914,-0.035619527591080134,0.97141818211651432,-0.16162164552311212,-0.1738538442251093,0.16544789113135083,-0.064194277142506903,0.98412707009935452,3.0608105446431861,13.123364933794557,-0.58789600862821501,,0.256359997616449,0.9285714285714286,False,2
0.69332748335592376,-0.68756252133460649,-0.21576556740903016,0.70905024056914034,0.70434000518770101,0.033954579087869585,0.12862642485969256,-0.17653027034531218,0.97585465438231411,-4.878505890110711,1.3501598326993629,-1.9203105052386413,,0.3401220956975387,0.2668539325842696,False,3
-0.12600872183974202,-0.99160861409235179,-0.028881801851018574,0.97789620985337944,-0.11926404249239037,-0.17174134890226683,0.16685564052411106,-0.049884312426055143,0.98471861493477919,-11.224942982906342,-8.1004947366390727,-3.4325642032758479,0.2338871085571319,0.1944165394411981,0.9074074074074074,True,5
0.3124959243153671,-0.9486073670758598,-0.049903511055728447,0.93363141624506318,0.31640033086012809,-0.16799764650684479,0.17515329253691359,0.0059070941254018711,0.98452345342935899,2.060045112415247,7.7912517754886794,-1.0714274726685278,,0.1871642580252187,0.2804878048780488,False,9
0.68823884939952318,-0.72505335813924832,-0.024998280505229127,0.71455338745846253,0.68342560447853595,-0.14947541475032733,0.12546211638919202,0.085012181445633536,0.98844938482301559,-4.3268332531797675,-5.2284247051054527,-2.8541123159992305,0.3596754115757566,0.283374212683762,0.9765886287625418,True,5
0.98336863280114317,0.17911016789259626,0.030094514122950354,-0.17780350311464813,0.98318593578064795,-0.041609253337338378,-0.03704114338097312,0.03556632453062103,0.99868062475268449,-2.9080522448140136,-28.822055782574097,-6.2738582107143452,,0.2032436015613314,0.7586206896551724,False,2
0.52075001228332185,-0.85276108314541588,-0.040223870768210816,0.84118437302860538,0.5205813892020229,-0.14630060761652555,0.1456992631394986,0.042350351700422076,0.98842206189029291,1.2872114927129212,-3.7979377407818871,-2.3824365242605783,0.2703203827977578,0.2467405283934419,0.8995215311004785,True,5
0.39304872485442671,-0.87934930754096052,-0.26880754308155552,0.90118860185215932,0.42646415041297442,-0.07737850027165169,0.18267951111730951,-0.21183277305406054,0.96008076351844873,-23.333735513707218,10.234406861340593,-1.4191551935427276,,0.3238016345504816,0.125,False,2
0.2649987283107556,-0.96355555367388679,-0.036556380809497822,0.95027797709537132,0.26740169553907006,-0.15958727853546531,0.16354644673978092,0.0075517022608950282,0.98650673163022651,-5.0705685416476234,15.340766710177121,-0.56595854647126176,0.3091132238484147,0.2735821367428647,0.9534883720930233,True,5
0.89797067633880767,-0.43988380511446806,-0.012284235167160901,0.43312468252067809,0.88841854951764732,-0.15203779222391564,0.077792504953801606,0.1312048736555827,0.98829833921849553,-7.9976790634301116,3.3782644182133308,-1.8057061140216195,0.2291274372911474,0.2145336298623431,0.952,True,5
0.80087444387559792,-0.59857893631586423,-0.017417868581458863,0.58982194022395962,0.7935170004796841,-0.149802699508954,0.10349011536082328,0.10969971261901482,0.9885624760600159,6.2706337476096676,9.3753797366992284,-0.85504648261501481,0.3133358466736237,0.2776937803400805,0.9788732394366197,True,5
0.46477846832462494,-0.88471578278916663,-0.035481813166290982,0.87253788844135338,0.46445747747972776,-0.15151529575416614,0.15052776692730174,0.039461820750187747,0.98781787597054516,0.92903685639832556,2.7637631256981039,-1.5647181065773017,0.2857105375408295,0.2713084633446215,0.9449838187702265,True,5
0.047665123204588905,-0.99659353323245636,-0.067300561283994614,0.98443557780335023,0.058280279505092986,-0.16580109220325492,0.16915859181512297,-0.05835013744677546,0.98386006742578325,-19.129651401882892,5.834892410308461,-1.7277644448887237,0.2119921357952883,0.2372309737354308,0.9714285714285714,True,3
0.25557374440566932,-0.96311694521745717,-0.084189138286705489,0.95188836055598569,0.2659088014451948,-0.15231893628835552,0.16908758147333522,-0.041209939929249699,0.98473911806250691,-21.088826504671943,-1.9501087659036525,-2.9319050189003137,0.3107648911898925,0.2475653604722776,0.85,True,5
-0.18239698560089193,-0.98289658862750906,-0.025409362607400593,0.96931665606628137,-0.17542544329983095,-0.17219504672185215,0.16479247530209351,-0.05603757585285167,0.98473510660296137,26.739065106896977,2.868781884969736,-0.87734864714912597,0.2529764732801729,0.3065692254512949,1.0,True,2
0.60967744600926532,-0.79180596756152011,-0.036561202955929434,0.78088283049229246,0.60790575867767882,-0.14377967036010875,0.1360713668262552,0.059109206562775844,0.98893411551505972,11.897467715471215,-9.8150156931746118,-2.8217726832939785,0.2806569080434224,0.2816194535738335,1.0,True,5
-0.40214410060093109,-0.87608237693654856,-0.26600712616972538,0.90046017439245218,-0.32586827251968575,-0.28806482481926049,0.16568523375661368,-0.35537239311213209,0.91992329328524602,5.2927831268525418,11.316361743954468,-0.7135567439235776,,0.2197488408669059,0.1951219512195122,False,4
0.32044852889651693,-0.94655968685592928,-0.0365718409061234,0.93368745795588082,0.32213315434929546,-0.15639041442766732,0.15981386417937196,0.015968409068457368,0.98701800324405353,8.3590674412450667,-15.967831407602869,-3.8983341633327528,0.3155984290676501,0.2530062868633658,0.918918918918919,True,5
0.67857589668209073,-0.7339215469141126,-0.029898418307544396,0.72239539857234358,0.67418058885075216,-0.15370563339825258,0.13296480949334538,0.082702458198346762,0.98766424600891012,10.76509356303267,-5.35357790956893,-2.3203479413510584,0.2983715410931084,0.2363402088970127,0.9846153846153847,True,5
0.61801123984649076,-0.78481565848169321,-0.046113876711364556,0.77398669160030042,0.6176730347947601,-0.1393722472842191,0.13786482020089763,0.050442088471618719,0.98916575307761068,20.404654474427172,-12.207448913842804,-2.9476569902825265,0.3017370429478536,0.2574521131969923,0.5185185185185185,True,5
0.9665589046918468,-0.25638644734110194,-0.0054656546456457455,0.25315433742418642,0.9573437773837199,-0.13930460634161154,0.0409483235825139,0.13326245354366911,0.99023449408274133,-20.275214636111343,-5.9044844363158644,-3.4398084454847684,0.3268836166461567,0.2583330409641781,0.4193548387096774,True,5
-0.031246349866204733,-0.99894676135730609,-0.033601095127809039,0.98526387596900378,-0.025127550231596942,-0.16918540400960741,0.16816289819866403,-0.038392371548367721,0.98501130220739974,5.680337269705082,-30.192001047400872,-6.1107341975636214,,0.177655653032422,0.6153846153846154,False,1
-0.90139068616244955,-0.41814793270577605,-0.1124594917002236,0.42088097235222444,-0.78505051126618519,-0.45448311505769479,0.10175479355506073,-0.45699890714813035,0.88362772752668872,1.0027392904732639,13.194659332721123,-0.60720051937028696,,0.3381166651015665,0.2888888888888889,False,5
0.4489244917212758,-0.89225871537860002,-0.048385799194826773,0.88057888214513758,0.4509486364558003,-0.14569200252131895,0.15181446918133931,0.022797195213058313,0.98814606958566786,-9.1006122162956036,16.62098203264615,-0.44626603369175688,0.3038522070179314,0.2675548423503488,0.9506172839506173,True,5
-0.041235263190987533,-0.99841507899815052,-0.03830121536826888,0.98492381789869354,-0.034172641924711977,-0.16957978499734638,0.16800216071655391,-0.044716446336912165,0.98477190933818104,-10.613557771380544,-1.0021473560129048,-2.4666303660278612,0.2768949440991614,0.2425769164470612,0.9921259842519685,True,5
0.93776941301658445,-0.3468968467841983,-0.015846315083006143,0.34196327877132671,0.93044614184230423,-0.13164760955950897,0.060412283374271562,0.11803624367942897,0.99116991540076294,26.730938943615442,-4.1935390802948085,-1.7493992321583827,0.2084061552292217,0.2583719273130146,0.9310344827586207,True,5
-0.20949620353313136,-0.97595122101249343,-0.060254086246725055,0.96353945667226748,-0.1955573408552059,-0.18261720037650417,0.1664423508032627,-0.096314799703180132,0.98133602971521405,19.338476298092477,11.180177340668862,-0.14701894595954584,0.3062589159042035,0.2822251816609943,0.5625,True,4
0.030458893624280531,-0.99889013422403128,-0.03592708656544244,0.98538790388664144,0.03603459302853923,-0.16646977797533574,0.1675796368091147,-0.030331631264466887,0.98539182941191494,3.628041341910845,-10.223028743988866,-3.1944164408066955,0.2773663919625535,0.2740151095200007,0.9781021897810219,True,5
0.63441602304356015,-0.76941348949272925,-0.074291263902391311,0.76404077145669758,0.63875049965379582,-0.090771684703328998,0.11729454061228661,0.00082545662997381142,0.9930968277886626,-6.5140524203640471,-13.583554933714383,-4.0805781152142391,,0.129726879892674,0.3076923076923077,False,5
0.13879239424396828,-0.97124148840176383,-0.19345966635749601,0.97313451726064615,0.16999270698987137,-0.15527939620614464,0.18370052426685121,-0.16671067985399896,0.96874231176649928,9.3800207811890548,-28.336687545085443,-5.7138204376260582,,0.2626873874950196,0.3333333333333333,False,2
0.87762912920474523,-0.46465424911660308,-0.11774353633726439,0.47549893557707712,0.87495795100417684,0.091374757124914552,0.060562974137549581,-0.1361800747262841,0.98883118549687543,-11.891059677953553,-4.2497406563327935,-2.8681605343639722,,0.442279967619997,0.2325581395348837,False,5
0.55207023534589084,0.82544569084613162,0.11771944065737276,-0.82391745261472227,0.56173426657000969,-0.074930935119744108,-0.12797846116436498,-0.055623962683407788,0.99021587962090118,3.8118245303293863,8.8944168147511924,-0.94924070094602397,,0.2176192775674333,0.28125,False,5
0.58209285343173078,-0.81214084868638237,-0.039939352506878772,0.80098396754983647,0.58116662408073561,-0.14377078556759618,0.13997354647156862,0.051697165778832294,0.98880473772055089,-9.6760471864209308,-10.727804041471538,-3.7563016475030224,0.1755475987582621,0.1672074840209772,0.8349514563106796,True,5
0.99723489491352513,-0.074027789778394221,-0.0065154207336431194,0.072316769207204742,0.98688665605824732,-0.1443087418890569,0.017112838988385292,0.14343853887535399,0.98951126133412992,-5.5584839342594003,11.932246347096282,-0.79622921712665351,0.2923551260951031,0.2553985431713061,0.9702970297029703,True,5
0.43709387230385455,-0.89834580719397594,-0.043860659951992911,0.88626795444259199,0.43849965030837179,-0.14915485110306842,0.15322551916232668,0.026322374065390189,0.98784061108105703,4.5765533158511857,-5.0729326422243401,-2.4627886838798427,0.2820168019948375,0.2338815475504622,0.9982394366197183,True,5
0.52288379125630446,-0.85173648204576646,-0.033726932764998954,0.83992857150982658,0.52157223086116067,-0.14994133104642546,0.14530153338108698,0.050073677184858022,0.98811947215419793,-2.1821735276670524,-13.931154043789167,-3.9730719055689949,0.2399695156602563,0.2327083798130619,0.9238095238095239,True,5
-0.78300873552549977,0.61573637662961689,0.088125107578879328,-0.61370454019057019,-0.74168361300381747,-0.27068829961984819,-0.10131168461850416,-0.26603408183282556,0.95862495787618962,7.6425483641372338,11.07640945425239,-0.68028152959494093,,0.2324059238420824,0.2105263157894737,False,3
0.95651660256539506,0.29167765698927084,0.00036528071831424397,-0.28839869395398732,0.94594947307813682,-0.14834347882138088,-0.043614015435272852,0.14178765389287051,0.98893583151848985,-13.281251727396199,8.0755192575445243,-1.3464279476778764,0.2276318934575973,0.2647141588011376,0.8484848484848485,True,5
0.72211061439839763,-0.69148456613471321,-0.020133439116456289,0.68129191145048629,0.71591200751216511,-0.15268047973478535,0.11998996610263411,0.096535445808205472,0.98807050140022867,-5.1566338985269065,1.58508138695945,-1.9067851770516644,0.4080126522866495,0.2038355598474531,0.9493087557603687,True,5
-0.80466674511314396,-0.59344587350118716,-0.018259916030256829,0.5858938418919607,-0.78869618324968016,-0.18624375576234939,0.096124062243005973,-0.16056252910252877,0.98233387343922052,8.1335505593800317,-11.584199991403638,-3.2712242582930608,0.2460985798695116,0.235039740314306,0.9861111111111112,True,5
-0.99905013260107467,-0.043173370226456724,-0.0059070003439359031,0.043522372567961098,-0.98192155667381609,-0.18421688203127221,0.0021530526769093228,-0.18429898709042694,0.98286786890284072,9.6092058220611012,19.482659718980198,0.21348951067555924,0.3689667315537485,0.3174192176810958,1.0,True,4
-0.31756942408412092,-0.93464759613509685,-0.15994852898906312,0.92419006674223136,-0.26733624276517132,-0.27277106488627334,0.2121847813154136,-0.2344465916644701,0.94868984090430919,11.609586374979187,13.204549193561641,-0.17745322506349179,,0.1960717525386035,0.25,False,5
0.20865354485582965,-0.97670437773476049,-0.050122417468136969,0.96338990577130834,0.21409107629545152,-0.16138432547370835,0.16835553949022578,-0.014614019447402447,0.98561800042336134,-13.040929489985482,-7.3912988167269331,-3.4290750583473573,0.153841770398241,0.1530164729793879,0.8823529411764706,True,5
0.80481112451029524,-0.59300046112113947,-0.02508997757252707,0.58427653383649736,0.7989899182593968,-0.14225344469590381,0.104402997430545,0.099827669661061907,0.98951222857403787,22.553758252244364,-1.2647650241352708,-1.4986848966630248,0.2974262041866532,0.3251450185426563,0.9878048780487805,True,5
0.010560559704205956,-0.9996167849616312,-0.025588235611404605,0.98542889972671877,0.014748188914399305,-0.16944726172804553,0.1697597071219242,-0.023425928940301231,0.98520701768266006,5.5901256742970951,4.3870186616409601,-1.2892213008082682,0.2463827694212357,0.2270332946433495,0.9872881355932204,True,5
-0.01065019216984198,-0.96413280003678048,-0.26520655591440823,0.98507953703643791,0.035443515522697436,-0.168410400271089,0.17176984344995355,-0.26304315444548071,0.94937001205038529,-15.190804337639522,-1.4976168535633949,-2.6961538443546114,,0.3285332403967039,0.2522522522522522,False,7
-0.37734083129317231,0.92118762084518757,0.095011916308218633,-0.9049647907031253,-0.34501271853095555,-0.24900793489270115,-0.19660270757704673,-0.17994330010717796,0.96382974851366332,-15.817120356220856,10.854389003236685,-1.1165888184012713,,0.2811271102164321,0.2105263157894737,False,4
0.96614492323192414,-0.25717625667243815,-0.020600007697358192,0.25359511142546826,0.96130906926961202,-0.10758435202712359,0.047471115157359731,0.098718014282824604,0.99398251839847374,-9.2148550655372183,-26.777681044014535,-6.1352106279188225,,0.2957051709066205,0.9285714285714286,True,1
-0.28831626799613885,-0.95706532439738645,-0.029994906982753457,0.94396002520755895,-0.27883320874753798,-0.1766111902165218,0.1606648698966989,-0.079233872401122118,0.98382355788291587,17.229012293333863,-9.8101066025069681,-2.6444199189464639,0.2144241491663634,0.2359891009209723,0.9838709677419355,True,5
0.80121382054034729,-0.59785819701738674,-0.024939728030979755,0.58923615843258093,0.79554503088499207,-0.14109873645717314,0.10419771288638605,0.098354868172939452,0.98968134090520721,14.856780317912078,1.2405941211746403,-1.3125462777749073,0.2518672177095133,0.2542574011310627,0.8527131782945736,True,5
0.45011522865860448,-0.89282005153552568,-0.016390134402013382,0.87971465973230012,0.44650957890493059,-0.16349713574930752,0.15329187317564563,0.059173909134392508,0.98640764904579825,7.6694524026033823,0.84885062933880295,-1.6184754595961022,0.250442785943266,0.2099912255152467,0.968503937007874,True,5
0.79065707296556065,-0.61109972860825001,-0.037663173849992522,0.60641760658085819,0.79010752468198697,-0.089374413954143875,0.084374637174183684,0.047824900792644558,0.99528573759795125,14.329208449409428,3.7996155576099184,-0.97933203511162081,0.3026383588355757,0.267720506976641,0.9821428571428571,True,7
0.062541385144928852,-0.99479228720800428,-0.080479068431621004,0.98355186127219074,0.075123613394370237,-0.1642625304157424,0.16945297675804694,-0.06888213136976129,0.98312814050142805,-14.792372954940248,-2.2488329351157312,-2.7781496113566004,0.4178203341637816,0.3091639834648011,0.9865771812080537,True,5
0.21882516671176619,-0.97287125563441623,-0.075080399398806327,0.9627827331478791,0.22778320656797721,-0.14547927535533087,0.15863465940919014,-0.040451585456279859,0.98650834465208925,15.275640220112463,-17.651766011476177,-3.8497235202820184,0.3227076072107416,0.2680675348679483,0.9552238805970149,True,5
-0.34476640920421936,0.9027057065784877,0.25740732389553822,-0.92744585747499342,-0.28526551181478493,-0.24180109433483435,-0.14484579571704337,-0.3220962512661123,0.93556063426344194,0.098855363712827105,12.790558657911555,-0.66770176821542815,,0.2984630084376261,0.375,False,7
0.29667142375257138,-0.91457050961127995,-0.27485787104971854,0.9439578263394347,0.32444041487634406,-0.060679809553038797,0.14467096606143767,-0.24145227301524227,0.95956819009105376,-0.64850929597824114,11.883248225743381,-0.79796759054229627,,0.4259131656612004,0.1481481481481481,False,5
-0.9686303147482247,-0.24805936415910201,-0.014895140272492703,0.24563271902570108,-0.94662018146080773,-0.20874577695165003,0.037681304313892813,-0.20585622143644108,0.97785650041359051,5.9478413619906982,14.9658082337553,-0.37125858363746189,0.2945947428640133,0.2721495869632397,0.8985507246376812,True,5
0.7195865401225463,-0.69377103455434364,-0.029613559189320258,0.68403179996542285,0.71553752216978561,-0.14179757051228981,0.11956465995655829,0.08177900696706808,0.98945261943609664,-10.760864151718943,11.908563710795679,-0.94172839362464222,0.1854706860338008,0.1761120685603423,0.8947368421052632,True,5
0.86864636128187012,-0.49525361445544619,-0.013317522313931865,0.48790444637064984,0.85980621642849608,-0.15060717580069852,0.086039236651166612,0.12432669689060805,0.98850398188209354,10.944129355479429,6.749047150401787,-0.7545870047533868,0.3648510435623353,0.2932042493003396,0.98,True,5
0.31546092915848234,-0.94829014575982895,-0.035074230273395249,0.93504174046075073,0.3169311575091403,-0.15890747306545494,0.16180650719485554,0.017333229783298265,0.98667026578015526,-3.4581086567073425,-10.516530563222682,-3.5061976505549426,0.2405791539020686,0.2235605136546607,0.9724409448818898,True,5
0.44520503111367105,-0.89457104595358761,-0.039180658654248503,0.88248692724172095,0.44576263885874279,-0.15004163770485948,0.15168817857216677,0.032222872919643611,0.98790302304541189,4.2372722842274344,-15.072266706355563,-3.9017037168368511,0.2719296703312612,0.2582971644999064,0.991869918699187,True,4
0.74608215876631545,-0.66541706144384194,-0.024115279596889319,0.65599213498634235,0.74076008978698615,-0.14473703124921289,0.11417412669538682,0.092166282979284433,0.98917624570908869,-5.8296542295357296,-12.752638823148693,-3.9139405082611658,0.2751404343377619,0.2565429605701624,0.9935897435897436,True,5
0.055665530029975735,-0.99770229213540007,-0.038619749277406093,0.98400596045397237,0.061374563999990535,-0.16722868379816111,0.16921471140990124,-0.028693190160365742,0.98516144985524257,-9.1774214059220505,-5.5885018465691436,-3.0292085535639863,0.2261694081333857,0.2060266545513267,0.9826589595375722,True,5
0.484364249880746,-0.86720667187215927,-0.11551563399763162,0.86390981111576959,0.49494186964967724,-0.093232955147826618,0.13802576460710866,-0.054636379163470028,0.98892049952285244,-17.565908425249695,-7.324625363561478,-3.5623007033748251,,0.1957098662204739,0.3846153846153846,False,5
0.49418242634517345,-0.86880650362470457,-0.030967543509525609,0.85654227486093559,0.4926821196046417,-0.15362180964281,0.14872478229149169,0.049392188464316131,0.98764434431178438,19.034717048568805,7.1116786153815941,-0.53878317097844641,0.2777516467597009,0.2728466976522177,1.0,True,6
0.97452160862231174,0.22422708161279242,-0.0054635336177883756,-0.22273758451073902,0.96460934336275861,-0.14112683353490885,-0.026374282445291788,0.13874808311713194,0.98997644752631253,-12.027880969888235,3.8108809211366159,-1.9160185192995984,0.2336652838818135,0.2546195693780297,0.7669172932330827,True,5
0.8710157210246271,-0.4903335418237762,-0.030077092454184245,0.48355753347995134,0.86655504500881375,-0.12350897046189037,0.086624047138956856,0.093034250318479145,0.9918875454026751,14.171902517282,-6.8308072339897237,-2.3531527018647505,0.2214539150755734,0.2221788178449422,0.9473684210526315,True,4
0.88832836339201171,-0.45868797998817618,-0.021864487362726975,0.45173506202341612,0.88143476077583038,-0.13787021518353304,0.082511529691121438,0.11259706705958084,0.99020894156617767,-9.4222956413638581,6.1817647091350603,-1.4748051257642789,0.2466831799922314,0.2286950935974067,0.9136690647482014,True,5
0.11499948905694111,-0.98933646598883507,-0.089378266829041764,0.97702274821162161,0.1289024848373638,-0.16973714643460244,0.17944822928535958,-0.067804914773739566,0.98142795280085271,-24.243845918284691,-5.5417226303597982,-3.4752577874403499,0.3902182149887629,0.3518673513602507,0.859375,True,5
0.17278569811241815,-0.98482612473550424,-0.016205140118247089,0.97078344973246555,0.17305714145587869,-0.16622490642696136,0.16650704565674213,0.01298960467326403,0.98595470175718225,-2.0280412931895295,7.5041380591064275,-1.1661996855993375,0.2619759908860163,0.2297458623588885,0.9585253456221198,True,5
0.69770203441529477,-0.71625363051302493,-0.013878326616360528,0.70777467453224052,0.69217901714772956,-0.14122045995954097,0.11075595362570809,0.088707074110888698,0.98988088866244162,0.38077180117475068,16.373491130877152,-0.40057244124434688,0.1897512743611155,0.2458752437278794,0.8620689655172413,True,4
0.99620754686754964,-0.079265517347394246,-0.0358817686825652,0.081071200265538643,0.99534946835604443,0.052027841881481435,0.03159088557866177,-0.054739506784309354,0.99800080277791681,-14.382552495577922,11.975439840084528,-0.97975127735247014,,0.3902298650975403,0.2758620689655172,False,4
-0.89294643781227867,0.44908152175508331,0.03118406670884364,-0.44308310608938134,-0.86455409214075751,-0.23711512575299171,-0.079523709021580305,-0.22554824003039731,0.97098093241970584,-2.1545927867491761,14.328144689406997,-0.63621497259941173,,0.3776637726711159,0.4090909090909091,False,1
0.4430567324271647,0.89046386514255838,0.10380191099560183,-0.8826297950814469,0.45355529766131847,-0.12349994654992791,-0.15705214638917211,-0.036901176657770089,0.9869006669750634,1.5738667265521966,10.237378488545179,-0.94244435144029393,,0.3292516277493779,0.2391304347826087,False,3
-0.90063420873502498,-0.39203566827878739,-0.18752614978567927,0.4289995598876854,-0.7331208839688178,-0.5277244992464839,0.069407490031037633,-0.5557353725344325,0.82845687639225229,-24.423055176506296,-17.122827796105636,-5.2751151805964378,,0.4824813328696855,0.1636363636363636,False,1
-0.26422004134792276,-0.96075289132015773,-0.084508292907017557,0.9562809879463926,-0.24958225624618441,-0.15243152383721095,0.12535725683969115,-0.12108913736178066,0.9846943581490688,-2.6090329132857892,17.708720582092649,-0.38053888922798007,,0.1086584048429374,0.2307692307692308,False,2
0.29059168721634326,0.94865742952694454,0.12492218667670082,-0.94256929231680364,0.30627510023194737,-0.13326174304469351,-0.16468029785665972,-0.079023062337777214,0.98317636012904652,0.4161790812473587,-15.236051244687429,-4.0887764301746747,,0.1884278216908758,0.1290322580645161,False,3
0.59585357320123078,-0.80162739878081424,-0.048497761053787322,0.79186359249951144,0.59651299480411923,-0.13085984068302903,0.13383037837909761,0.039569692363291741,0.99021395125961598,18.154723295698656,-13.995870556732925,-3.259047668544143,0.284153277623977,0.2655494175327556,1.0,True,3
0.50668922926914561,0.85294773015643388,0.12548384184279288,-0.84557575902096838,0.52005341252300274,-0.12060714688314868,-0.16812989234146641,-0.044995752512513462,0.98473738710230752,24.293929336666942,6.5394580075053321,-0.50759973315583484,,0.2683266338481828,0.95,False,3
-0.97492363718544806,-0.22219406201142028,-0.012397599120868158,0.21925234762275259,-0.94949047666254172,-0.22449107507660612,0.038109181557837588,-0.22157985814149248,0.97439727870462933,31.73936832374801,-0.76269966174828796,-1.3189003230372294,0.440155130418991,0.3295157796486376,0.5555555555555556,True,3
0.94799967020960429,0.31813587063009013,0.0092840239614013706,-0.31438300968811966,0.94056527937153478,-0.12845340968688332,-0.049597867917087798,0.11885505062546263,0.99167208715325739,1.4229454217925539,-29.54432559743525,-6.1877828801718113,,0.219994339645637,0.7307692307692307,False,3
0.58527997300143242,-0.78927832916085328,-0.1857069528060101,0.78669349739983818,0.60822993757433386,-0.10568672663647045,0.19636877132643257,-0.084238127682023572,0.97690493063162176,-21.685988243314988,-18.228094926064834,-5.3515643661557286,,0.6243095904007261,0.1983471074380165,False,2
-0.42222041984813868,-0.89393031284479274,-0.15039452397102576,0.89597723147512365,-0.38634104645322609,-0.21901003744942318,0.13767613352151187,-0.227220579179431,0.96406228567241925,2.8963750051268686,17.98052702361263,-0.18737837956001779,,0.198733649867933,0.2258064516129032,False,2
-0.60680567015068876,0.78608273150003161,0.11773197488542875,-0.78306501188530231,-0.56580279897861252,-0.25821769852014337,-0.1363673928549107,-0.2488797539082224,0.95888623009225515,25.972579419969755,0.15013895120500043,-1.2573486288196423,,0.4588678111199765,0.3333333333333333,False,1
-0.88598546106033438,-0.46354128334311473,-0.012619089758211265,0.45760330709660429,-0.8695852932204704,-0.18552797942337451,0.075026502810396425,-0.17014962959491703,0.9825579511788376,-18.317549547078105,-9.132550354032233,-3.8101455919314282,,0.07354011891044447,0.36,False,2
0.57952557163911411,-0.81147127470583902,-0.075262754026404255,0.80288203983319328,0.58433794961763097,-0.11802368724096747,0.13975171530127631,0.0079706313390943626,0.99015449658445076,-19.734150101601873,14.157699647416482,-0.93587946031737013,,0.1721743775207993,0.2,False,2
-0.3093592780606465,-0.94310279965168931,-0.1218767671336142,0.93266786085523334,-0.27590401929737352,-0.23239542478989866,0.18554648583446284,-0.18556422452805968,0.96495513894158869,-12.717043403008786,-6.3149666741785309,-3.2322476185468254,,0.3275671621258534,0.75,False,2
0.04981342218688984,-0.99519634213091812,-0.084278488235549717,0.98446360628813967,0.06315099668095113,-0.16383943210458074,0.16837467405812456,-0.074807701658596126,0.98288034719816086,14.416227224184512,2.8103293428158764,-1.1046923990252056,,0.0978498114524433,0.2121212121212121,False,1
0.50608878504309296,-0.78755560857147811,-0.35161101385083698,0.84980393150224764,0.52497233513235075,0.047300373666688517,0.1473343804308001,-0.32273861057099151,0.93495046370905477,12.45071496314894,13.06849751088701,-0.16048420707621922,,0.4550219285416091,0.293103448275862,False,1
0.72514991288445008,0.66065133913480545,0.19415821368940933,-0.67927058967489684,0.73254496917765477,0.044377180343352057,-0.11291177904183453,-0.16406607276306903,0.97996594528672798,14.130588158477774,2.6757488273373347,-1.154591779202873,,0.321865750917502,0.1333333333333333,False,1
0.75887985527630675,0.65068017038911108,0.026770900586430224,-0.64246661221975454,0.75475569256794695,-0.13259146548382988,-0.10648012696593921,0.083421582331406618,0.99080917545339731,2.4716443733789184,16.18417562358977,-0.3701930900918261,,0.1855459790348007,0.2222222222222222,False,1
-0.17980958432519134,-0.98283367884682582,-0.041309479653187528,0.96978504099632556,-0.17007076406621691,-0.17490828873923958,0.16488022211459422,-0.07151150211223653,0.983717752925652,22.321377237422951,15.84288363385858,0.5117458219044515,,0.2611956841610173,0.9722222222222222,False,1
0.69933442720788019,-0.69381521024584991,-0.17190640754007014,0.70408440073669154,0.71011418828522088,-0.0017309636838539755,0.12327414798358645,-0.11982609743928217,0.98511176564458491,24.433049847965126,-9.4703349040655738,-2.4517429851766335,,0.242741145904229,0.2368421052631579,False,1
