axis_00,axis_01,axis_02,axis_10,axis_11,axis_12,axis_20,axis_21,axis_22,location_x,location_y,location_z,dbh,dbh_approximation,score,reconstructed,number_clusters
0.86295419585915489,0.48373594711305606,0.14597804396454403,-0.49622394102692602,0.86580437992782,0.064378381849107602,-0.095246292320414053,-0.12799339501879814,0.98719088054477933,-15.164735987977728,21.690985735905123,0.26560421075913865,,0.182064514367153,0.25,False,1
0.20131909406092072,-0.97950458594310175,0.0064333881370419203,0.97174156061271799,0.19888856662949,-0.12712858625039913,0.12324350589158174,0.031845002441492465,0.99186538102458843,9.1151518358423989,-0.63105724988487555,-1.9828957032709158,0.2527299513772637,0.2285300763712888,1.0,True,5
0.13008909977090852,-0.99149790116137626,0.002956030003176245,0.98374143286969595,0.12869797320279711,-0.12525823305862685,0.12381284011067561,0.019202699968421839,0.99211976945208102,-10.905922478015832,14.231488796482529,-0.42772485225186846,0.2906067236843335,0.2674859890336895,0.84,True,5
0.97812717730955523,-0.20611922587976075,0.027965867252218668,0.20796757437222516,0.97170182073448619,-0.11200473021714975,-0.0040881558401694648,0.11537086419027855,0.99331407453927345,-8.4823005097443556,9.8037071227138988,-0.86811157942856232,0.2703889514655685,0.2413122485278014,0.9764705882352941,True,5
0.70819138134413129,-0.70599719179906839,0.005738689895734843,0.70249847002770394,0.7038243483106178,-0.10548547925600069,0.070433422454293085,0.078735328137772051,0.99440428453643115,17.029147318635466,9.6161284597348242,-0.75684576498119627,0.2521241139180533,0.261019104654113,0.9178082191780822,True,5
0.28863177676797219,-0.92558806507544222,-0.24490494325281045,0.94886846292085969,0.31068260147051779,-0.05590135255712779,0.12782932963122468,-0.21624767035371806,0.96793419587935881,-3.1447985947260393,-15.138435717430029,-3.8037918698552251,,0.440076127503326,0.2839506172839506,False,2
-0.3059378302976381,-0.95203929865357062,-0.0048184864833509637,0.94224479280369822,-0.30205804840470657,-0.14469169232632301,0.13629671465992538,-0.048806856210541122,0.98946505565368714,7.4853605492556392,3.98670056515919,-1.4333519403644108,0.2948690645384134,0.2838216769900115,1.0,True,5
0.24046523022010582,-0.97059987875630149,-0.010599453450203036,0.96325806676136261,0.23996363399287279,-0.12062898150981689,0.11962595819617348,0.018797066770805365,0.99264107330215812,13.351256659234801,-0.60990998647038852,-1.9824055381247565,0.2665700927892198,0.2505315868046202,1.0,True,5
0.83910616932698556,-0.50944923034014522,-0.19068906183424736,0.54216755705661268,0.81175383208665919,0.21704851109346013,0.044217379757922406,-0.2855121675138505,0.95735449313662613,-15.188747268236201,-10.144022407649359,-3.2321002303698605,,0.5670140828449566,0.2807017543859649,False,1
0.26512528325536466,-0.96419805035088924,0.0055411080397671222,0.95689403909803272,0.26240143988419468,-0.12449611353514452,0.11858491521866038,0.038309320618448509,0.99220462296662271,0.61611375170918659,2.1001767431280522,-1.6310587480786749,,0.2333120113559175,0.9474789915966386,False,3
0.27415041495177644,-0.96167383807297191,0.0049979143416955816,0.95443848782857332,0.27144356656064395,-0.12395790868009206,0.11785042610560871,0.03875331390778633,0.99227489020325887,4.019409668901579,-19.386691817414352,-4.2272314345748407,0.2263191460573666,0.2427133058958436,1.0,True,5
0.9047247222996867,-0.41944142207273211,-0.074445082506225474,0.42568095154692365,0.89686954253566642,0.12008643204779598,0.016398303261620343,-0.1403350174456417,0.9899682714757434,-9.2495085914443411,4.1844425493997273,-1.4779688950455223,,0.3046063062674557,0.2941176470588235,False,5
0.3812435945181874,-0.9239912327506441,-0.029891862417662968,0.92134693957729974,0.38241257701962489,-0.069860130752475227,0.075981172473155334,-0.00090704859519528166,0.99710883994298771,13.15566766766587,-16.349755327587619,-3.8059721826331603,,0.2651234991965821,0.9056603773584906,False,5
-0.94190040723995527,0.2992995747541759,0.15245782168579114,-0.33583059777579671,-0.83043596591057578,-0.44451537219731885,-0.0064368034580894089,-0.46988921148940993,0.88270192958161342,13.039124184684205,-12.410844655264379,-3.3557275169218266,,0.3554387835737222,0.2051282051282051,False,2
-0.92628339831138029,0.34705805069785223,0.14679841776574398,-0.37298292472720285,-0.78889596526620043,-0.48839215170664835,-0.053691748664581734,-0.50714284519503483,0.86018796242032036,-1.2792665162932897,-14.642703965595947,-3.7066171530501761,,0.4590785573852953,0.2533333333333334,False,4
0.743040571819364,-0.66900220558780399,0.018076436291652797,0.66644933914253823,0.73719831125693036,-0.11128309950933435,0.061122720708641803,0.094734886913871164,0.99362433253951143,-8.9157477286111835,17.141841250403978,-0.11842979538608817,0.2473645222170835,0.2298672373334099,0.6730769230769231,True,5
-0.26062949135071573,-0.96540688874394431,-0.0078617685036510149,0.95624148011322829,-0.25701664273759345,-0.1398022784748483,0.13294547735492923,-0.043954345878809642,0.9901482290693836,20.43359371689289,-0.72041395917484996,-1.9390111943195123,0.2421866714903742,0.2861679204556261,0.819672131147541,True,4
0.38434139646954674,-0.92318965580745616,-0.001596987773982342,0.91616423307118766,0.38162846293167257,-0.12248597601967533,0.11368724203234989,0.045613327992162805,0.99246895936777713,22.458627052897729,3.5453312283719671,-1.4878333827542753,0.3334539552001085,0.2788848761234217,0.8909090909090909,True,4
-0.55567722991789226,-0.83133441288946686,0.010291263115083675,0.82229657023310399,-0.55137854259441321,-0.1407481912826421,0.12268319662306007,-0.069748094684992393,0.98999193762078763,15.981297121677249,-16.540947957302134,-3.794494866027819,0.2413464313296761,0.2405358955324801,0.9230769230769231,True,4
0.98606725572409326,-0.15859850176003451,0.050178505639640221,0.16209883640092096,0.98386239126662711,-0.075754618925722245,-0.037354175485780475,0.082833026569034143,0.9958631207566585,-4.7092655662465219,-14.857131257340175,-3.8289702409963864,0.4578087708337527,0.2989433299903346,0.8648648648648649,True,8
0.27127739823267283,-0.9613628005536381,-0.046798920070648592,0.95512533575357739,0.27488802905997406,-0.11032753274292195,0.1189292487562644,-0.014769468209453171,0.99279287698848961,1.1566020705015947,-18.187319089630197,-4.127610728433158,0.2297647084102128,0.1731495361077918,0.7777777777777778,True,5
0.19634285186849615,-0.98049382945532326,0.0090185874826395722,0.9727834116188393,0.19362811265536145,-0.1272815307447854,0.1230525034258093,0.033763951035963913,0.99182562832943744,-1.4083094741534796,7.0838276002625014,-1.1322783901115978,0.350952333892704,0.2587347672176018,0.9447513812154696,True,5
0.98736959896554144,-0.15509858160456386,0.032337362645687699,0.1571722298596257,0.984593747883305,-0.076629248920113274,-0.019954077267046597,0.08074392617008494,0.99653512391037247,-13.957034054396729,-13.582110332053729,-3.6544818077187551,0.4805860489167501,0.2172339271620067,0.8032786885245902,True,5
0.69803915757666057,-0.71605028115032598,0.0036509388116094076,0.7125907295200995,0.69414730742280972,-0.10185267693917816,0.070397348612567689,0.073698781958749612,0.99479279392550812,5.1896975749728016,-15.707286400572359,-3.7791278548792495,0.4513072535689671,0.1716131801872435,0.8831168831168831,True,5
0.52544583331073691,-0.85062737677640166,0.018432095238551844,0.84574682597137651,0.51982200352576069,-0.12040511205844195,0.092838475944659479,0.078855250484428041,0.99255370980885005,8.9326337831377227,15.726160300220904,-0.24655025992251778,0.2593648439333978,0.2299587700550244,0.9701492537313433,True,5
-0.028568923476898395,-0.99957937427398258,-0.0049891018635228584,0.99046759746682733,-0.02763496088005114,-0.13494534932871557,0.13475071420835646,-0.0087967870948161588,0.99084048239721534,-9.2156690266150019,-16.331060923496185,-4.0077921894430517,0.2073908859481181,0.1947710356413986,0.7708333333333334,True,5
0.26954514557780596,-0.90140865582994723,-0.33883307053811546,0.95241954136991269,0.30152461362400412,-0.044496343620807302,0.1422758999696194,-0.31071746422392049,0.93979371444700155,-3.8367531593582562,-14.629605180103121,-3.756671437859421,,0.6156380637157475,0.2582159624413146,False,2
0.2357195657804019,-0.97153954734497316,-0.023392183588178947,0.96439890711158727,0.23682071861853524,-0.11768897652276762,0.11987924870583207,0.005182198155693294,0.99277495463574228,-12.283912421186693,7.6284457521243096,-1.0217688285755648,0.3116941828167604,0.2696391601329345,0.8350515463917526,True,5
-0.48731898387776251,0.85268901412486453,0.1882595366591342,-0.86715878805314028,-0.44718780333776781,-0.21922295693688523,-0.10274163836806606,-0.27008242026594181,0.95733987799983411,16.767685362380139,-12.743114444868112,-3.3915586985635797,,0.356908271935933,0.2708333333333333,False,5
0.063590353381247938,-0.99797559748749642,0.00098680105498593924,0.98948142104600556,0.062920308992096746,-0.13025955673621886,0.129933769134991,0.0092596725543180429,0.99147943705482944,-9.398156524410739,3.0419679705190195,-1.6081730505073322,0.1627410164780209,0.1648151276930773,0.8415841584158416,True,5
0.5393057436348222,-0.84187323841268979,-0.019969109319711444,0.83902518709389395,0.53920690878317723,-0.072750566613241197,0.072014236818482402,0.022480212744139388,0.99715023428289429,-3.7219420765078937,13.537390875340552,-0.52605439183663538,,0.2285811483695852,0.821917808219178,False,6
0.9603227379755247,-0.27769059432364329,0.025849037726267409,0.27888339516675725,0.95685103754560974,-0.081609704374868364,-0.002071431257500536,0.085580522153541741,0.99632910396137353,15.846306800751169,17.732130863627315,-0.017932913791225552,0.2381482704886231,0.2270117622353106,0.6060606060606061,True,5
0.16230891561453067,-0.98670960936450314,-0.0077435585995272302,0.97875931738744792,0.16198728971805801,-0.12565952648746875,0.12524382036368911,0.012816581351793465,0.99204320505871146,15.404190571821815,6.2394002814530953,-1.1273772762474643,0.2894707584504253,0.2718500313418936,1.0,True,5
0.99873844836974079,-0.0021072804936671527,0.050170420736956239,0.0024247676285625349,0.99997741513932248,-0.0062681507022982613,-0.050156078893287437,0.006381894718675377,0.99872100166655664,-11.18542390194475,-15.927347202399652,-3.9472470546645746,,0.2160740152104185,0.6666666666666666,False,4
-0.96570966351321652,0.25593670886579778,0.043603289464610152,-0.25962406802143367,-0.9517100178869603,-0.16383951036793462,-0.00043485766945850542,-0.16954186181750641,0.98552289064752918,17.949758900354361,-14.879797719933309,-3.6382786135668428,,0.2109524228131679,0.6176470588235294,False,4
0.90651534644250331,-0.4219647142204811,0.013255437263869829,0.42143776760029467,0.90263866515231039,-0.087370751468302338,0.024902503976681208,0.08478926892528095,0.99608766942012117,-18.069380984088433,-13.668527074796017,-3.6414957834781143,0.1539975610427576,0.2268546008026313,0.92,True,4
0.95211748340465718,0.30137058865171912,0.051459363490993094,-0.29938566235922087,0.95316819125892427,-0.042879183130292667,-0.061971953082926579,0.025419824309126808,0.9977541328218994,3.2495982717443899,-18.154106236435219,-4.1324166485540585,0.1883141524008044,0.1447108406412504,0.8235294117647058,True,5
0.93916561635093154,-0.34274803943217402,0.022174907656562992,0.34315519922053311,0.93362202261008376,-0.10292923853490013,0.014575812570571424,0.10427703660374622,0.99444147405719674,2.196143045354912,-17.469694672562674,-4.0381105103115411,0.2127790853666862,0.2098800074185962,0.863013698630137,True,5
-0.24899144567225823,-0.96832047499739549,0.018939843791827459,0.95881769495582314,-0.24921273046218564,-0.13624112013333656,0.13664511634757814,-0.015763016094703892,0.99049464385324026,-7.4945226623424954,2.7407933599507754,-1.6377194303736582,0.2017398298344576,0.1948066322320636,0.9386503067484663,True,5
0.065283002258348335,-0.99786609841263918,0.001174416822902832,0.98936432008171138,0.064573392903474622,-0.13034001334274475,0.1299860445024382,0.009670913486891336,0.99146865894335756,3.7662782492529532,9.7438646570559015,-0.85925417873174503,0.2772162438942714,0.2709280682301696,0.9516129032258065,True,5
0.69723280385041886,-0.68672515713796833,-0.20560879307246588,0.71323727709036033,0.69331504692217072,0.10298947654997101,0.0718262055493116,-0.21845549721886431,0.97319997530376412,-1.182049374430783,6.799499138300229,-1.1496115139149268,,0.5284137975418319,0.1201550387596899,False,1
-0.71197485426438867,-0.70210086902515434,0.012090351910749777,0.69252650285945483,-0.70490643718485169,-0.15334261525294579,0.11618455031740083,-0.10080319702014461,0.98809911736528833,12.151353639182817,3.621475388443423,-1.4908501597949182,0.2651014289133896,0.227367785938403,0.993006993006993,True,5
0.71295687403951036,0.70018250261376591,0.037907239326193179,-0.6919306698495471,0.71126009805304868,-0.1238588754959648,-0.11368572417576003,0.062076855196532041,0.99157552418741246,20.606352796837552,7.4208132321819802,-1.022002527271211,0.2334838044342517,0.2189264854138711,0.9523809523809523,True,5
0.66747232890254016,-0.74459121244995685,0.0080384383883145751,0.74072706287768619,0.66282654943409292,-0.10947320990036823,0.076184699710738671,0.079024627222134866,0.9939572424518005,9.5880734741361078,-15.448773758495264,-3.7409692530981751,0.2551756096633704,0.1974073126154742,1.0,True,5
-0.32871116275365903,-0.88678496018880182,-0.32490214813706808,0.93575696973678235,-0.25929598344101179,-0.23900729394809678,0.12770225162529789,-0.38259381510199875,0.91504869136867562,-9.042799588996715,6.4451170732635985,-1.1997286367969517,,0.440946786384814,0.2941176470588235,False,5
0.61526538075499293,-0.74931274650770363,-0.24490593942469907,0.78399964251182575,0.61409679711326648,0.090717607533247369,0.082420093337377917,-0.24782157229811269,0.96529342508790994,-10.292883158472602,-14.98209072759291,-3.8519499741530692,,0.3424231890539066,0.308641975308642,False,5
-0.62401727031318699,-0.77950001157524729,-0.054609324341819095,0.770932575831762,-0.6027383420524961,-0.20583841852582913,0.12753591600911918,-0.17054683513334182,0.97706108670528768,0.98181794360111174,-16.498282765048845,-3.9227934848342638,,0.1387007979841632,0.1578947368421053,False,6
0.1106391760029448,-0.99382741564112032,-0.0081265400681741207,0.98566622308850038,0.11077112246923532,-0.12724722036003247,0.12736196212307016,0.006068471553524574,0.99183774089170673,6.6009113064922458,-23.847247792569803,-4.6938009632618858,0.2776263479300859,0.2771933245783926,1.0,True,3
-0.60342570209775392,-0.79735556536652819,-0.010075933051561771,0.78838345309944813,-0.59464370528894961,-0.15764007941897951,0.11970360448552053,-0.10306777449453237,0.98744522933371925,-20.718779423583225,2.3602250798363622,-1.6078610978951575,0.2292253010407858,0.2341194737519997,0.4814814814814815,True,3
0.9941808318891292,0.095178058330131043,0.050454045593431959,-0.095311241165162375,0.99544749341700578,0.00023485603187244075,-0.050202000077628435,-0.0050423270724548851,0.99872635597840287,-12.864080867241094,8.3224342067579204,-0.97216333851308001,,0.1677647770729651,0.2,False,5
-0.54399897441396505,0.82651319105965959,0.14471026515397256,-0.83175645157630762,-0.50842198841526809,-0.22290869645900918,-0.11066309727160134,-0.2416257989127896,0.96403871924420781,5.7011194293151153,-1.5619869421011863,-2.1098525729737099,,0.3102369631341217,0.2058823529411765,False,6
0.52951596816620028,-0.84827497556842002,0.006511933768644034,0.84290352177882966,0.52526746104149402,-0.11665224963055003,0.095532677288230089,0.06725816080906652,0.99315147252306091,-1.9917542100843717,20.045601756890136,0.10935280538143731,,0.2296574492668518,0.8421052631578947,True,4
-0.33113301097496967,-0.9401383286396382,-0.080565824425235022,0.93070476811056413,-0.31136154141025396,-0.19194432824882168,0.15536912067367625,-0.13854210029192512,0.97809330985739329,-12.88912997487318,-15.11755935679003,-3.8333241572249603,,0.2021423013978209,0.4242424242424243,False,4
-0.64820842298964065,0.73901350629413232,0.18353440516736047,-0.75731632392366011,-0.6005523659586639,-0.25653233959913602,-0.079358842506920213,-0.30528002433225976,0.94895009397736951,-10.51983461317058,6.5516839022741271,-1.1887559623918729,,0.2288824516649866,0.1666666666666667,False,1
0.048725810414493691,-0.99878998278382347,0.0066607574750246357,0.99021165096820929,0.047431919083794863,-0.131267282057801,0.13079251387699817,0.012991664355217253,0.99132463651975156,7.2689695616639494,9.2399535084753737,-0.87907988816909954,0.273286647337974,0.2684044700196055,0.9880239520958084,True,5
0.99744257240997813,0.044551546671782814,0.055888052688547143,-0.04056917694959427,0.99668838324020048,-0.070472750731531517,-0.05884264291989591,0.068025189475576009,0.99594684445055326,-9.4163275126830683,-18.581705217025831,-4.2573973603369657,0.2209718448236304,0.2245310211712654,0.4,True,5
0.98931702918252151,0.14200819432566272,0.032946752705444372,-0.13830399887108488,0.98574319518196951,-0.095824616089541709,-0.046084917985560601,0.090244256863281413,0.99485283054201412,-6.9117736557939331,14.69537184256888,-0.41463324299510806,0.2533995258281627,0.2460055091920669,0.9659090909090909,True,5
0.91259204000971894,-0.40860070219429867,0.014873959702328968,0.40821158723207579,0.90845068746023916,-0.089892427392351801,0.023217850037628291,0.088106836393925414,0.99584040730444623,10.80045934372945,22.191270031967893,0.36552845256562405,0.3620569053957871,0.2986323100750848,0.9534883720930233,True,4
-0.21180572346469217,-0.97716829384278359,-0.016746970352277249,0.96764721260709086,-0.20727649658505465,-0.1438587011520378,0.13710290821614193,-0.046675255455193035,0.98945652410142149,-3.4692017382483309,-18.238497822027668,-4.2231421105942841,0.1816684415534641,0.2309911074761017,0.8507462686567164,True,4
0.81103032537156916,-0.58500025193303451,-0.0021252213941040689,0.58281456615743044,0.80830349496106735,-0.083502344329072775,0.050566716349926877,0.066484323505703366,0.99650531454958946,-1.4112664138990738,-15.091339302064362,-3.7708370978856025,0.4521195832693641,0.273886519144838,0.9084507042253521,True,5
0.9992165302936391,0.01862724343653701,0.03491921233212724,-0.014544095567767475,0.99340418714686107,-0.11373913241800021,-0.036807538250416126,0.11314215289201338,0.9928968014687648,-14.266955169492748,0.15290450154885438,-1.8885625045802954,0.1435878505094134,0.105687151956889,0.5,True,5
0.17864792610595612,-0.98390322665073227,0.0043998959442239204,0.97603198906455557,0.17665033299539679,-0.12710710513304935,0.12428384778694872,0.027001859915468909,0.99187923899050201,-5.3953274571724554,0.52612723116691873,-1.8457381306405314,0.2088243109393703,0.1591549839403863,0.7008928571428571,True,5
0.50831730462095237,-0.86104558654309493,0.01462927604317828,0.85559979934124852,0.50302763282987528,-0.12211545347247173,0.097788042163165639,0.074590203808743191,0.99240808153988014,-6.0568941272507324,5.6465611461430898,-1.3173046620049829,0.2208562389573756,0.2048400352702905,0.8970588235294118,True,5
0.27061762660069383,-0.96264900227639993,0.0085439211875097433,0.95510805928482012,0.26736513532496187,-0.1276106559102671,0.12055992394735128,0.042694060815479197,0.99178753869409553,13.346796551719402,10.33382677605394,-0.73225181366613978,0.2537482409318653,0.2570987066184071,0.96,True,5
-0.40777279227252905,-0.91183349673714675,-0.047760068157129604,0.90460144472997794,-0.39631882459071854,-0.15693188161577998,0.12416753228885032,-0.1071963782183902,0.986453932235134,-15.19103537493177,-15.147043323774943,-3.8288242666801056,,0.2285866028210796,0.9078947368421053,True,3
0.88351858700720476,-0.46813968820747293,0.015496410481209179,0.46713443194383425,0.87822974698602241,-0.10245942612262941,0.034355915142860453,0.097763714300742738,0.99461647244594731,14.036116940833093,-15.278456694093409,-3.673342427386407,0.3773899770925618,0.2555329343545718,1.0,True,4
0.88152866933260954,0.46742748823503866,0.066473666868623077,-0.46318736985457803,0.88348996807657276,-0.070020973395505462,-0.091458545537726144,0.030935732581247061,0.99532824480057047,-3.3503219341216219,-16.170362334316419,-3.9227350190375043,,0.1698042059651608,0.2857142857142857,False,1
0.73042155221108063,-0.68278559379863846,0.016976129317289708,0.67977344920547011,0.72433813705474881,-0.11507528389430718,0.066275288161235235,0.09559338946338268,0.99321170455751695,6.1196535587075376,18.693339510877149,0.0084833059090832878,0.1517182972049155,0.212226939665095,1.0,True,2
0.9967452387807676,0.064948679634536849,0.047755606808006883,-0.064389744432828813,0.99783815124431885,-0.013152366068312923,-0.048506595219059187,0.010034586939690376,0.99877245520949587,-21.930319429668536,-9.6643450967754845,-3.1396450162921115,,0.2275578040142816,0.3888888888888889,False,2
-0.089312405151761115,-0.98826915284025441,-0.12388452619440515,0.98684244454054515,-0.070972485044592221,-0.14527524228110927,0.13477864793522579,-0.13522938996756484,0.98160466999182094,0.71194336601960873,-24.808217136706968,-4.8216542221081449,,0.2030195176358952,0.2692307692307692,False,1
0.97424183495732375,-0.22519264186820981,0.011879438850496433,0.22549066564767647,0.97343344586624525,-0.039765389156089528,-0.0026089700562188234,0.04141980827314002,0.99913842522338303,-14.590496152563501,-22.138772946989761,-4.6777102605853944,,0.1928039211667203,0.391304347826087,False,1
-0.98227938205011411,0.16625752495897497,0.086519656690035154,-0.18725237974585696,-0.89023011727450285,-0.41524316319108556,0.0079851035534341218,-0.42408580934987772,0.90558680667802371,14.104220833409082,-12.177559419556902,-3.335132003198451,,0.2965877008749448,0.2916666666666667,False,1
0.94369312953542206,-0.33013624435194033,0.021291722167003882,0.33071712844920259,0.93981635273522068,-0.085856881388628611,0.0083341597029666214,0.088064086304596181,0.99607994583034465,-6.5843814641532594,-24.025936920868816,-4.8547596246982554,,0.1765417753543761,0.8666666666666667,True,3
0.045621249154714751,-0.99895349309097747,-0.0032588750968411346,0.99046274417501223,0.04565756905295848,-0.12999591835699345,0.13000866904505717,0.0027027818091194637,0.99150917340366784,1.9488797143310814,16.112992011921865,-0.26076610386077587,0.2879127759981577,0.2691597340699167,0.9807692307692307,True,3
0.63211533538303766,-0.77478820094642831,0.011551902344868322,0.77049431499200993,0.62688956872418666,-0.11553345485094629,0.082272190554171717,0.081931143645130933,0.99323641413432784,-13.065534718665827,18.124396200164171,-0.065579867091155111,0.3023346214556953,0.2671827816971142,0.9411764705882353,True,3
-0.15321377724321547,-0.98783425897181798,-0.026627340544324293,0.97971370252843371,-0.14832163121100456,-0.13476555492013675,0.12917662149511416,-0.046735110104757643,0.99051967670642571,8.6528076319948184,-19.359713288096366,-4.1174006119808011,0.1867372136944282,0.1501338098704326,0.5,True,3
0.84044319315473348,-0.54149201162719485,0.021015242654067894,0.54011007210645234,0.83388843487540365,-0.11362740950234143,0.044003966742082387,0.10684792709727153,0.99330114838651939,1.5384220347644639,20.599698791835582,0.13060442186783217,0.3093221895604099,0.2667052939632898,0.9166666666666666,True,2
-0.97103002273088412,0.22910390794693611,0.067912401803366537,-0.23895078938982742,-0.92882997949778678,-0.28315612201773233,-0.001793099338695551,-0.2911808176195409,0.95666635576107661,-18.532319939901601,6.5591517027670481,-1.1251543948959515,,0.3329934414256137,0.3043478260869565,False,2
0.13976050315967503,-0.98960989941918032,-0.033752758822284075,0.98227162556392322,0.14286395172292604,-0.12137687139697791,0.12493780600188034,-0.016190684657243236,0.99203246235280407,-20.193284423441277,1.2453867880272393,-1.7352751717025006,,0.0746686112687115,0.2307692307692308,False,2
0.72799577548932848,-0.68538232139149347,0.016529500709295864,0.68233260016863806,0.72199065613370295,-0.11468092780724434,0.066666135457192369,0.094765848171333711,0.99326484907277934,-16.231766767529237,20.270560900415983,0.12889749814985568,,0.356944850913282,0.9152542372881356,False,1
-0.20884882474529695,-0.97159654808484541,-0.11127585610599029,0.96840834116290408,-0.18961415743561996,-0.16196220567185649,0.13626244225251885,-0.14158608353080729,0.98050289534594792,23.915103580936652,16.988793413344606,-0.19560296385582798,,0.1876589231759477,0.3333333333333333,False,2
-0.91327738523763613,-0.4072976286349399,-0.0057497236334236278,0.39860394429369977,-0.89069820630698204,-0.21856715415411809,0.083900615057408368,-0.20190430156358569,0.97580497016725087,11.220420142271001,-14.663713518337088,-3.6025792211961898,,0.3677541661491985,0.2105263157894737,False,1
-0.98355911262098361,0.17551287730714027,0.04250531589803612,-0.18017526787015259,-0.96962411713495267,-0.16542655263947961,0.012179689164419364,-0.1703651999958691,0.98530571590863414,-23.623455720230769,17.979885524219103,-0.042293840004824092,,0.2492399695927532,0.8888888888888888,False,2
0.61391537604646618,-0.7882974895992011,-0.041170121997889005,0.7830766585344876,0.61476427395115718,-0.094105442625632363,0.099493004337920549,0.025533416631970108,0.99471060450912607,-1.6290527276267424,-1.5777421074547924,-2.09928953435193,,0.1755972644266955,0.3087248322147651,False,2
-0.056732373012898872,-0.99837059390318095,-0.0061314828333575563,0.98947136554845794,-0.055405535597733063,-0.13370356534064276,0.13314598984571974,-0.013652247234019081,0.99100240238531501,2.6087223928624388,-0.93838181422107159,-2.0294106289379013,,0.2292969331361285,0.9841269841269841,False,2
0.98898657226826503,-0.14459532766925307,0.031587198186743062,0.14738517103353671,0.98166864247911434,-0.12084820119731912,-0.013534076713332604,0.12417273287414567,0.99216831292784369,27.953307078034392,5.0640624497596365,-1.477853947195078,,0.2218384642626996,0.9,True,1
0.90185981589071473,-0.43130882346642463,0.024931331323749251,0.43110039975461539,0.8946409781088327,-0.11734549680273942,0.028307557524038213,0.11657709504220609,0.99277815401958958,24.239269315618316,5.7736004057782822,-1.2932752818873388,0.3408154796612726,0.2892099781367452,1.0,True,2
0.35952843149210773,-0.93312163850126395,-0.0048285307849451464,0.92643209442598695,0.35756048120336897,-0.117788270634619,0.11163727588177623,0.037874926301335349,0.99302699288154539,23.040054447856903,-16.322621394369932,-3.8532978672811322,,0.2562763931534757,0.9361702127659575,False,1
-0.013012106280765443,-0.99758889718728905,-0.068169474831380569,0.99032854265551606,-0.0034394820382434906,-0.13869948653513398,0.1381306001287885,-0.069314949123235797,0.98798551362664411,-13.794461604940571,2.0931900478504644,-1.6713814981428923,,0.1323068200051662,0.28,False,2
-0.038952513658937871,-0.99902095031531446,-0.020972422624385645,0.9901271004123694,-0.035760470590974092,-0.13553417935010087,0.13465150095206319,-0.026044760974093511,0.99055067700605759,-18.26702350914368,14.643002999958043,-0.32652707930480113,0.3196939316091971,0.248190010416243,0.8596491228070176,True,2
0.96815068121434,-0.24942539537205694,0.021707846685077845,0.25025932964761766,0.96152800263262994,-0.11328798734919088,0.007384198570918263,0.11511243328502148,0.99332502299834713,-16.773834342830444,2.8726222747108374,-1.5436974853855134,0.3610330957104945,0.2717828729921683,0.7121212121212122,True,2
-0.92281499211260543,0.38252385295235181,0.045694553884459609,-0.38470402800403763,-0.90874314388551669,-0.16182925964897882,-0.020378939365943968,-0.16691734590376031,0.98576026419549101,17.297962710173806,-15.840235265781137,-3.7347695016581053,,0.1030255471118142,0.2592592592592592,False,1
0.34795818606611228,-0.91905330355681636,-0.18511111790187937,0.93072368502070157,0.36235330797340276,-0.049532841047319254,0.11259894711349391,-0.15505194427041244,0.98146847717433006,-15.1439110352536,1.3056081600994522,-1.7532112733272414,,0.1515830051917762,0.3225806451612903,False,1
-0.95924343946955493,-0.2639932966583291,-0.10079465836087582,0.27407389584853981,-0.78230435517556884,-0.55935980860957557,0.068815139678867154,-0.56418741140936923,0.82277399166367249,1.6493202883456539,-15.719056256689349,-3.8299143411035681,,0.5821428175803348,0.35,False,1
-0.47827962945176444,0.84850613661162277,0.22646397546607833,-0.87244509656044245,-0.42957934849048163,-0.23302604326154852,-0.10043978066046708,-0.30902899456670863,0.94573406990441355,-21.638703039206003,11.059689067523474,-0.74265829470463351,,0.281885642915377,0.4117647058823529,False,1
0.95832241603462387,-0.28467830916126613,-0.024008482222845413,0.2856268065412858,0.9564769233425463,0.059742970282743502,0.0059560314462682095,-0.064110493729658019,0.99792503239629771,14.664806026388694,20.322758927448966,0.19007617438742572,,0.2025866952837652,0.3461538461538461,False,1
0.062376737745433557,-0.94394451612113306,-0.32415720425910072,0.98954406982440302,0.10081176846898354,-0.103148054821755,0.13004490172087912,-0.31433380000088285,0.94036300741437651,-14.580608937752251,-12.749415032954378,-3.5250027050782116,,0.4811202212609771,0.24,False,1
-0.49163723458472702,0.81662174341475491,0.30236031113909212,-0.86515224275571589,-0.41857688702346868,-0.27623357237037255,-0.099017303662730774,-0.39739441092193156,0.91229011599565957,-0.5864363644710413,26.494622614884168,0.61314631140616593,,0.2496431299895563,0.2105263157894737,False,1
