axis_00,axis_01,axis_02,axis_10,axis_11,axis_12,axis_20,axis_21,axis_22,location_x,location_y,location_z,dbh,dbh_approximation,score,reconstructed,number_clusters
0.97069715511779053,0.23029161245678098,0.068649881851930467,-0.22776725140826137,0.97277976492404516,-0.042680301548202931,-0.076610131393661657,0.025793452393493968,0.9967274379595813,1.3087858615079413,-22.904858476993041,-9.0245401918022594,,0.2403729749376037,0.3636363636363636,False,1
-0.71965960003604024,0.68267315203831225,0.12667844158356878,-0.67331869002430456,-0.64163038124230598,-0.36735867422834473,-0.1695051672956332,-0.34966815890630959,0.92141205598100939,4.063761423569459,-12.800643274876329,-6.6057394424904068,,0.2544615397566095,0.38,False,1
0.94795319670201872,0.31577868414113353,0.040848004902521731,-0.30281438268052041,0.93373130046191,-0.19091701909343733,-0.098428585808379473,0.16861103516615636,0.98075589843546596,-7.2588140880507765,-3.3351221760592944,-4.196315517420885,0.7794643095805103,0.4020664319553975,0.6890756302521008,True,5
-0.099451269766205094,0.98075124299003791,0.16803703257135305,-0.96293805603497251,-0.05230943083876359,-0.26460163205262593,-0.25071845799916315,-0.18812422177598787,0.94960493469637242,12.449115203158666,-13.710119437125007,-6.9898497150956702,,0.2554292621595017,0.9166666666666666,False,3
0.59843099158068946,0.78084445628062338,0.17933846049180091,-0.77042779982209286,0.62227963375199891,-0.13859676287260955,-0.21982118546000259,-0.055226737304450074,0.97397569472223644,3.7570448943416519,0.36249873335977151,-3.5495247744640959,,0.3848792554465451,0.2879746835443038,False,2
-0.47648523220129546,0.86096789960241771,0.17803398368929224,-0.85144587386117421,-0.40142974503195716,-0.33748197535329177,-0.21909301079418228,-0.31239147820928043,0.92434291091745902,14.242361657362482,-2.7932453998589049,-4.6092945973387298,,0.1629895606328713,0.1538461538461539,False,3
-0.51294442326730161,0.851259264570003,0.11066021472378405,-0.82911237286227468,-0.45789897382420247,-0.32078217365906053,-0.22239759847099211,-0.25629318027306347,0.94066631381157451,-0.91710820706383434,-13.481691264731902,-6.7507901237303294,,0.2794171244387341,0.46875,False,3
-0.99464493109048879,0.10099275080533394,0.021952798016809945,-0.10250533575612533,-0.93687405873082552,-0.33430473257007925,-0.013195347570987101,-0.33476478662189058,0.94220932941702451,-3.73788579970903,0.15565932151297113,-3.3793758911502905,,0.2743761576067563,0.4111111111111111,False,5
0.870987752854677,0.48037969847666184,0.10303242047350769,-0.47085609003447793,0.87604704847155301,-0.10409664423852436,-0.14026716242443121,0.042153459594081046,0.98921595669987383,-10.289250204754532,-3.5355159722578398,-4.1015211921077679,0.3215128415504173,0.1469879881687677,0.4210526315789473,True,4
0.91753297812121104,-0.38994731303025176,-0.077937969697112877,0.3906033617083669,0.92053034310480197,-0.0072733242385138452,0.074580479229781241,-0.02376931811901236,0.99693167851865039,-1.9779031502685709,-14.24522825684844,-6.9462183501232984,,0.4453331602319277,0.2702702702702703,False,2
0.1458427400470598,0.98826248888657831,0.045465901896596807,-0.95466833907391413,0.15264215744270151,-0.25555573587984931,-0.25949616094543576,-0.0061339082926616384,0.9657246593225407,-11.476173947007117,-3.2777548855253866,-4.0606195703640964,0.2007039431588324,0.1818177885273705,0.8809523809523809,True,5
0.98297813625325103,0.17724916559603049,0.048339600159658817,-0.17130810460483417,0.97933883849241998,-0.107466146841769,-0.06638913273107229,0.097355907452133558,0.9930328848227471,6.2344082739999394,-11.611279203685596,-6.4019773709055094,,0.1491322302841659,0.2352941176470588,False,3
0.87151871658837421,-0.48478741345625748,-0.07373120364231936,0.47685424651277164,0.87292475273963066,-0.10301652118564128,0.11430290555751577,0.054621788773771267,0.99194319694842581,6.6054141094687946,-13.839869226244693,-6.8660427352966424,,0.3140003540086667,0.3061224489795918,False,1
0.17271309040817645,0.98255890824996506,0.0689070404261653,-0.95038289441823487,0.18461628847093314,-0.25037807417670266,-0.25873256926578492,-0.022244501564507302,0.96569282888052543,-6.8015609282896694,1.9935430597521444,-2.8842874830678005,,0.1372207970156682,0.6376811594202898,False,5
0.30569369884161768,0.95001860157487628,0.063372069164942729,-0.91823686773108637,0.31175862887271816,-0.24422860615170783,-0.25177850827251641,0.016468575685793456,0.96764475340227385,3.8906075222141006,1.6224902609375149,-3.276150185471133,0.257823593344233,0.1995791354813175,0.7674897119341564,True,5
0.55913436277755668,0.82832034635577445,0.035414236888373696,-0.79870200617842679,0.54961391998076403,-0.24494824818711242,-0.22235977533693549,0.10867356061355775,0.96888915131488595,4.9355675549356866,-13.783210213177568,-6.8835189390447384,,0.1537587420284498,0.8518518518518519,True,5
-0.9992326254714724,0.031676401272557671,0.023038354885054801,-0.038834300573810716,-0.87786744931666405,-0.47732655334602825,0.0051046343975594752,-0.47785494350553254,0.87842392708474948,2.1315623974594331,0.19249686210441264,-3.5646707275735303,,0.2433949707734844,0.1878453038674033,False,4
0.31416536227975389,0.94877204686663774,0.0336411686497513,-0.91539943831055792,0.31212821677971925,-0.25420433637258655,-0.25168232652362699,0.049067090543484994,0.96656527308881279,-0.27641879173922462,-11.301392233983636,-6.2069183765550306,,0.1118135923076754,0.7837837837837838,True,5
0.14897752652923518,0.98762948944076889,0.048925332663123385,-0.95361792366833353,0.1565828066311569,-0.25708885686860533,-0.26156940235380649,-0.00835561215447677,0.96514850230303761,6.7273072339940967,-8.6344844482348453,-5.7153921737291338,,0.2227641181270001,1.0,True,5
0.30097487792227728,-0.94904431348198448,-0.093429191943303708,0.92337562164132025,0.31450657475349719,-0.22014330740526256,0.23830984918415643,-0.02001263311838903,0.97098296086877511,-1.8476089343711977,-6.5705487334659862,-5.0601951501796592,,0.6900968950234518,0.7469879518072289,False,4
0.78599323232717644,-0.6180961397085547,-0.013107280925496442,0.60006860921023975,0.76782753071299725,-0.22440710175854384,0.14876929446752626,0.16851719543288096,0.97440733364803367,7.1055199605246244,-12.724077074165166,-6.6339333852632061,,0.1225316653001052,0.3846153846153846,False,1
0.7020950097918105,0.70434054167272697,0.10472343854938376,-0.68722990876406009,0.70873779422244332,-0.15939194314910191,-0.18648766641678685,0.039939208766252794,0.98164515476700942,7.6312718251371523,-3.0425111391007498,-4.4668178515782762,,0.1411040897464479,0.2771084337349398,True,7
-0.44579097766667636,0.89421727964014208,0.040569212760080207,-0.86720736615206095,-0.42020478523991922,-0.26716908981594123,-0.22185983936394174,-0.15428348989589624,0.96279531387670814,-1.9472943495314932,6.6537608033366418,-1.8548024709407103,,0.2406906969542782,0.9883268482490273,False,6
-0.42196852844646576,0.87612229848002254,0.23313575252801966,-0.87756443327517353,-0.33014399749545376,-0.34768607445243616,-0.22764715340005348,-0.35130422574145564,0.90816414514395394,0.71288180998698536,-2.6651081457022698,-4.1864167116985707,,0.08691297336081123,0.2372881355932203,False,3
0.043151451927134828,0.90479758305183189,0.42364995680413431,-0.96471102183437918,0.14798459639516029,-0.21779165177074808,-0.25975102800152572,-0.39930175673708995,0.87925395109651094,13.929602139224341,-2.9388151813774384,-4.6314795626102265,,0.2968826673569879,0.582089552238806,False,3
-0.49115835889195975,0.87019988364980194,0.038931079954565226,-0.84214720378797836,-0.46295401750625648,-0.27651702447933751,-0.22260178265828562,-0.16859934807314253,0.96022013423311714,1.3957478554036205,-11.870535228735269,-6.3820348108530958,,0.1714982346178062,0.8656716417910447,True,5
0.68893737683163525,-0.72273948489425643,-0.054890142823005195,0.69960089759629496,0.68285916650446021,-0.21038522477420249,0.18953594616009767,0.10654105169190978,0.97607639527732537,3.9497808126299527,0.44382802745752153,-3.5402933587713088,,0.1962806006746214,0.3188405797101449,False,4
0.75723840697802536,0.64672878578972459,0.091279091956098152,-0.62059078287799552,0.75600917745313612,-0.20812785448735119,-0.2036101058500242,0.10095544184232869,0.97383310867836115,10.823047001517189,-2.4447283818033743,-4.3901510441540097,0.2776272305520986,0.1793982380898462,0.3170731707317073,True,5
-0.69444746771838861,0.71621990455166606,0.069077948026272012,-0.69773306847079597,-0.64682984199590887,-0.30786315249778656,-0.17581603948970453,-0.26199275529592492,0.9489196575214387,-11.083904696948512,-7.2845008612460411,-5.0476067109701619,0.177975194291087,0.2085568941571046,0.4,True,5
0.50726526917795278,-0.85663056847607777,-0.09415952335356137,0.83249611032591808,0.51533378084532455,-0.20342399222284224,0.22278279327191114,0.024802489230191523,0.97455254529961099,-9.0680466884981374,0.047274901084024323,-3.3011710848356373,,0.1757726304010422,0.2857142857142857,False,5
-0.99939005509438328,-0.033253283297053758,0.010664751680705097,0.026696545788601402,-0.92437885043605761,-0.38054045160727579,0.022512490342081675,-0.38002363086586899,0.92470277806553569,-10.023436120034841,-4.6251533431317169,-4.3938632957338051,,0.1905551265108837,0.125,False,2
0.57975307113068464,-0.80334059640578059,-0.13612590745681943,0.7799544756165866,0.59549507989062123,-0.19250097607990663,0.23570615706890929,0.0054310213096645937,0.97180919502098728,-5.6866098233588938,2.479747119299696,-2.7891698008635997,,0.5365974171208834,0.6792452830188679,False,6
0.41222882654458948,-0.91083641141003513,-0.021081418722670164,0.88582777089749543,0.40610575847015384,-0.22447109667873941,0.21301773370413485,0.073858950622594149,0.97425268823877731,22.439613575857607,-0.25761859274063381,-4.3363530470748364,,0.281728557891631,0.2173913043478261,True,4
0.60257634017283446,0.79699995968443005,0.041143875934688851,-0.76823356994178449,0.59324658525267626,-0.24057362927083256,-0.2161456367323045,0.11335587037756673,0.96975848043341717,9.8365038835183594,-3.9356683083256714,-4.6611277524603238,,0.2660700981102222,0.9478672985781991,True,5
-0.81346444037615895,0.58107944830952585,0.024945520555804464,-0.5646557786544103,-0.77873682501074115,-0.27337302172009015,-0.13942544916795063,-0.23646486446084997,0.96158458390295964,8.7037200046163505,10.942541218757682,-1.2998698215024937,0.2929767431066301,0.249343241521325,0.9595959595959596,True,5
-0.49437082320781972,0.85380678904911222,0.16313018155591602,-0.83590057298174469,-0.41547210975334176,-0.35868253108549458,-0.23846953945863253,-0.31368279039620667,0.9190948731005063,-9.3781801991024452,-2.3625512200789296,-3.8811245195805544,,0.1578877861619812,0.1538461538461539,False,2
0.94165500169376193,-0.3307021746680357,-0.062625310018822683,0.32693096106984876,0.94292013015851217,-0.063385919854490991,0.080012527013379436,0.039213515676190351,0.99602223655360578,5.3044777383321486,-12.23437903520945,-6.5001478635475802,,0.2883069641019916,0.2592592592592592,False,5
-0.99120626506555554,0.1068957447977285,0.077996409141253442,-0.13227932817428337,-0.8160707419669343,-0.5626106321811708,0.0035099049205321309,-0.56798049601168121,0.82303452948085509,-0.6796243455548785,6.459570592216461,-2.0123420596624748,,0.606259748944322,0.2356020942408377,False,3
-0.78797209716770211,0.60957539755934598,0.086705298428051969,-0.59942277636834695,-0.72730587532316326,-0.33424317329044845,-0.14068514227165219,-0.31534742493125151,0.93849011307164698,13.651493654143591,-1.8076078968393441,-4.3638803509563839,,0.3096456890683364,0.6458333333333334,False,4
-0.21896363568918273,-0.96757425866597735,-0.12591656051830033,0.93981430174193981,-0.17444776576744089,-0.29379764338751541,0.2623051743429482,-0.18266918455429759,0.94753784332193458,-4.4857519489182547,-4.757917135086057,-4.5675814230640963,,0.2035196006501066,0.55,False,5
0.9606210231062885,0.27684432202018872,0.023758605418017237,-0.26498683134295509,0.9384806697786342,-0.22144076333562907,-0.083601609918992459,0.20642493506606158,0.97488436083564523,4.5652708241372038,-15.33437772663234,-7.2347210944369671,,0.1579754415038328,0.6285714285714286,True,3
0.080589167327588751,0.93335332174408625,0.34979560160002837,-0.9655998543241654,0.16015047466109117,-0.20486275111639418,-0.24722926088672503,-0.32125286341931203,0.91415222490912118,13.76167897977899,5.1719769561869064,-2.8509375449373038,,0.3806327011369833,0.3461538461538461,False,5
-0.48167962707072376,0.87502910798850009,0.048049943161853112,-0.85231218763015126,-0.45501090957352203,-0.25793217516661415,-0.20383491281454524,-0.16519422611557882,0.9649674585062239,-6.4871689383500746,-8.9253981157622988,-5.5475425687603224,0.2152009400355354,0.1723740995270651,0.970873786407767,True,2
-0.99836253385021678,0.049675543492425339,0.028365320074124224,-0.057201618525759362,-0.87106661468581681,-0.48782263950930427,0.00047522858591281941,-0.48864638866825083,0.87248179407897586,10.485143089880703,8.1384822983700751,-1.9725545188944911,,0.333901130363849,0.46875,False,1
-0.98386249778709889,-0.17878733389310397,-0.007048027208215138,0.1668820918808411,-0.90271556573815992,-0.39655387374669449,0.064536445963552125,-0.39133067425571239,0.91798439558031919,-8.4831470902541835,-3.6596091656835932,-4.2269909437322335,,0.1955570224114525,0.2,False,2
0.53977358765144312,-0.83836382903704421,-0.07609575701860799,0.81026670539690271,0.54193397345896432,-0.22310408901727191,0.22828127430680387,0.058767836214409008,0.97181994280192541,-1.1879639451426822,6.9075224539272053,-1.8403516583581312,,0.4263526284079696,0.2916666666666667,False,4
0.4744242698981514,0.87491940364430776,0.097147564345663739,-0.84916740755556941,0.48394026447030331,-0.21146284394608408,-0.23202656330032354,0.017828559983962503,0.97254604845834369,-3.7352572116218581,-7.4820759599520281,-5.2174070793023635,,0.1172857275258157,0.2075471698113208,False,2
-0.99221182433116939,0.12317150111296404,0.018560090813184781,-0.12330643513755048,-0.95014285179939906,-0.28639847106466221,-0.017641391982597038,-0.28645652809472888,0.95793081107188127,0.68548612575913803,-5.1140201839226354,-4.7599092966741123,,0.08331813560591039,0.3015075376884422,False,4
-0.013945552433495836,0.99905485664397242,0.04116934519051154,-0.9657863068827659,-0.0027948609952650081,-0.25932411802561722,-0.25896395696133417,-0.043377207933522212,0.96491247625202758,-3.9944017605527433,-8.6306665015486317,-5.5408638561398709,0.228143286668806,0.2105715696524127,0.9121621621621622,True,5
0.55668414202821304,-0.82994193076035627,-0.03604382859912636,0.80461535678017604,0.54947264730684797,-0.22510872372059082,0.20663226671510307,0.09631303871945357,0.97366673195955644,-4.0384867326578844,-1.1174063791080195,-3.7101760862123769,,0.07199064827288093,0.1791044776119403,False,4
0.44673861289142414,-0.87940637400295407,-0.16452671854389569,0.86576669343187551,0.47129758739206179,-0.16830512963798333,0.22554964929230686,-0.067253352937961447,0.97190757905405767,7.7676618717030088,-10.237516420009801,-6.1254637624092512,,0.2763463568576821,0.34375,False,1
0.42580050273386832,-0.90085537544739058,-0.084578510267827034,0.8750901296784479,0.43377172138916598,-0.21461444187760467,0.23002433960548846,0.017369117727149899,0.9730298643610269,-3.3005485509088652,-0.77098336336650841,-3.6299810074418271,,0.4392294796105665,0.2111111111111111,False,2
0.65017003639687077,0.74331839984200077,0.15734255695144644,-0.73568830631362125,0.66764402021772251,-0.11407970117822258,-0.18984635820864967,-0.041583875767474944,0.9809327915566225,2.6625370537663082,6.709854057367334,-2.0275622747908901,,0.3297081622128159,0.8943089430894309,False,2
-0.072603890254853407,0.99488422401347543,0.070242835428005829,-0.96329121103351145,-0.051698844653381981,-0.26343362011538346,-0.25845447929074838,-0.086790611650167382,0.96211676623159303,-13.725986061976853,4.2122191129834734,-2.2834353291205916,,0.2766522740874314,1.0,False,5
0.64955996227869572,0.75894992124495197,0.045462868879790799,-0.73601196098402633,0.64267188011463228,-0.21274220972428637,-0.19067839073410428,0.10472760644741934,0.97605014202900819,-4.4695261830216184,-11.789844754875638,-6.2329740999845678,,0.0971737910662715,0.5714285714285714,False,4
-0.44714554381985439,0.8894727340432913,0.094335136802773056,-0.86140572622496803,-0.39981281677210478,-0.31325690155460223,-0.24091707591800379,-0.2213322546270797,0.94497142580758042,2.1484814523607336,1.3283332924335964,-3.2740542723414348,,0.7562893035732725,0.6485549132947976,False,4
-0.16518073639655464,-0.98624541022558143,-0.0059426536552016421,0.95136229558078733,-0.15774384873635955,-0.26462551035962883,0.26004827796150737,-0.049364653293771849,0.96433294257452351,17.854253071247783,2.8410140173417346,-3.5078864611116658,,0.2787786533134012,0.8636363636363636,True,5
-0.52645058661911959,0.84971353425891927,0.028925586348406123,-0.82305023915503883,-0.50081086825479448,-0.26791188488887585,-0.21316210656497142,-0.16484957972373832,0.96300910296304509,-7.7530414941528205,-5.4865936239816699,-4.6997719749721973,,0.1549359826279736,0.7904761904761904,True,5
-0.25882364242135292,-0.96588935971662659,-0.0082502672652593895,0.93134619330512669,-0.24728420987981414,-0.26729157816916976,0.2561339304734791,-0.07686523486154552,0.96358037824038656,-19.20733914081034,-0.75584954004361893,-3.4650341618469342,,0.313836588351696,0.6904761904761905,True,3
0.092007954787840088,0.9953899235187238,0.027082031185783815,-0.9611786381532742,0.095885076471159389,-0.25873089817015854,-0.26013489157276803,-0.0022253690725189471,0.96556972090000592,8.038333731197314,0.80246895799063345,-3.6536356465138171,0.3557025775095526,0.2829400010818786,0.975,True,5
0.02021844147563941,0.99870076824138132,0.04677595684077962,-0.96583249388163761,0.031601018426348625,-0.25723329760509966,-0.25837725980951259,-0.03997688267601554,0.96521657697370455,11.956269022212325,16.230920267047637,-0.27973199727728099,0.3309167124423661,0.3091665782739662,0.9318181818181818,True,5
0.98490229927072293,0.17085287361111393,0.027870351093376509,-0.16211019639409735,0.96675889656342262,-0.19773092863925185,-0.060726807229678055,0.1902275781644146,0.9798600529613356,-2.6845261238446696,-15.493239881080143,-7.213616128493042,0.153884791248525,0.1445016269822554,0.4363636363636363,True,5
-0.39277850966495387,0.91722905351444228,0.066452281634099955,-0.88828751568526076,-0.35969388279122394,-0.28559691903149209,-0.23805531252859108,-0.17120506438646391,0.95604314447902483,13.905478849432118,-5.9735314352001794,-5.2845247509546107,,0.2317611771959492,0.9765625,True,5
0.30858069669461485,0.95045060592786912,0.037704102148333522,-0.91663090103000289,0.30772175662303719,-0.2551374370368974,-0.2540979041715824,0.044169742948970026,0.96616938934300289,-10.472865390132005,1.1663218477185611,-3.0099359083733495,,0.2761211828557967,0.9723756906077348,True,5
-0.55251430578876837,-0.81067788862975176,-0.1937248120029143,0.81017539374352077,-0.46774025485627413,-0.35331980606742153,0.19581566145558355,-0.35216532321311406,0.91522445982115042,-2.5864445470469062,6.9324862520131836,-1.8355806933280607,,0.295281295055364,0.1666666666666667,False,5
-0.75873590511152256,-0.65138878158187352,-0.0035329200216445908,0.62582757398115629,-0.72743614857143968,-0.2813831860584588,0.18071987699048916,-0.21570652512344415,0.95958898549311722,-4.3262217064095445,-5.8329920646852491,-4.8672078354898636,0.2626837817801478,0.2217004512291494,0.8937007874015748,True,5
0.57367665640197629,0.80491303083595067,0.15169082599132699,-0.7869489617243558,0.59300043901300636,-0.17047525031903726,-0.22717047682391631,-0.021575266414669385,0.97361598299264229,0.59122631271930015,-0.046096912752091379,-3.5639692232031828,,0.2823085877858467,0.3678571428571429,False,3
0.42806973389332253,0.90249933373948288,0.047447397444843754,-0.8714201121560694,0.42610503698525903,-0.24302568914765726,-0.2395480975804288,0.062685325679779663,0.96885874042092257,0.44704066561343447,1.9975287559651491,-3.0348275015488082,,0.2902063768663368,0.8894977168949771,False,5
0.86410109043359518,0.50171297965154493,0.040167045704670536,-0.48377486445623796,0.84992212432566527,-0.20879239234727287,-0.13889271410632426,0.16098592681013291,0.97713476314030623,-6.6180785204420767,-1.1474823797181499,-3.6831650399960592,0.1714533317657848,0.1841176796457601,0.6488095238095238,True,5
-0.059387461307809017,0.99682752971217414,0.052990616597070023,-0.96521624946398377,-0.043801969068704996,-0.2577575979023401,-0.25461877623241719,-0.066454973580826873,0.96475541733450632,-1.2503754540287653,-1.0040143040797287,-3.7430762912823403,,0.2298171056729739,0.8792756539235412,False,5
0.21850670579313547,0.97259104268341112,0.079507755693565191,-0.9415304507576937,0.2315377664773107,-0.24476656836813482,-0.25646682011411642,-0.021375836514483541,0.96631663744026464,14.072532000495634,1.492946529009163,-3.6057825725124548,,0.2625664764893563,0.1363636363636364,False,1
-0.92425321781342129,0.37776962848089818,0.055191459112240368,-0.37039427039788869,-0.85222838839956849,-0.36947917189239221,-0.09254228124457381,-0.36193491376665538,0.92759853620991228,-2.8501009395452708,-1.164475434300329,-3.7524320085715632,,0.3854637538889122,0.5,False,5
0.98845752422489552,0.13857509760486941,0.061226343406990048,-0.13207541701312905,0.98620038517117981,-0.099824268136682159,-0.074214601150971907,0.090585554102279767,0.99311955491974124,-10.845110922218057,-5.5883245427692163,-4.6083250780764402,0.6429631201339552,0.2475384207653491,0.15625,True,6
0.20707605552265701,0.97541679989382624,0.075376214511374773,-0.94220261566006147,0.21958020107083615,-0.25305881992341134,-0.26338894865296802,-0.0186172442262128,0.96451006212735069,-15.395849568599358,-1.4274619088349638,-3.5820936702717838,,0.2542205417850156,0.7142857142857143,True,5
0.69740397364258211,0.70938842385335343,0.10195960793565356,-0.6940993417361444,0.70399115571105142,-0.15040796681715357,-0.17847633274187433,0.034125016973971981,0.9833522674339743,-3.5694258270221484,-4.3262810032439933,-4.4745464810354951,,0.2043666941424162,0.3015873015873016,False,5
-0.25838150610496258,0.95443282299860255,0.14932174552237304,-0.93461682625166465,-0.20786728155260281,-0.28858721618809724,-0.2443980061092885,-0.21412421545179805,0.94573803717887717,-9.4826679943163175,21.410929569661729,1.9058569797796667,,0.1768016099656586,0.2083333333333333,False,2
0.7884032073683882,-0.61511072584520254,0.0076926953291271208,0.59720428436097772,0.76233314527744001,-0.24938969175228284,0.14753787768614349,0.20121374347095183,0.96837265765111058,9.6373426081806155,-6.4843880743120037,-5.3449256072912616,,0.1678353431857261,0.859504132231405,True,5
-0.61143766202784644,-0.78218732853804207,-0.11969531539889686,0.76169867718154471,-0.54081604848123022,-0.35683767582057813,0.2143807608760761,-0.30935575763135248,0.92646635372609532,13.989100869417781,-7.4195460207016657,-5.5942804918141826,,0.1413233319017767,0.119047619047619,False,1
-0.79123402642052643,0.61074623060284927,0.030622822188234755,-0.59317414313381644,-0.75436992983652318,-0.28119467433772855,-0.14863765119182853,-0.24065546069609509,0.95916202900517589,3.4559528882910295,-16.733593826949093,-7.5783088743087124,,0.1823975374566848,0.8392857142857143,True,4
0.81081449117988169,0.58156524550918687,0.0660433653635734,-0.55491452679266196,0.79969337533186335,-0.22926049246393379,-0.18614437635121642,0.14923930670627159,0.97112198023041685,9.9366636728623625,-10.834908031074285,-6.2780137222779224,,0.1334672136348321,0.7708333333333334,False,4
0.3002987425024719,0.90211425783060173,0.30985566167197487,-0.90240425938178259,0.37393439433198566,-0.21410189486594508,-0.30901006116476404,-0.21532053909071078,0.92636377711168916,10.455702729537808,7.0047444941604171,-2.2531112219948946,,0.3564096222675313,0.1764705882352941,False,3
0.79686268266281535,0.60289416039085597,0.039095988873874263,-0.58006916226168947,0.78157519849450907,-0.22947761566499444,-0.16890716968927977,0.16018377091601338,0.97252841992544536,-7.9251480061640152,7.0128144080621988,-1.7668603899576376,,0.3272492876899568,0.9273504273504274,False,5
-0.95656825993787309,0.28148060661335361,0.075801267667554448,-0.28497051800874851,-0.84818398191469124,-0.44651510242002379,-0.061391920846764425,-0.44872330107084613,0.89155954996333664,5.8706964666230155,14.794629674544678,-0.28714899710879416,,0.2309873970182574,0.2105263157894737,False,1
0.21244691222136752,0.97556258318815758,0.056070988673782254,-0.94281659849886912,0.21972141431199452,-0.25063790951841014,-0.25683296338793521,0.00038259114692074797,0.96645573232372384,-1.0659752152259288,-12.444264543090512,-6.5087094026927357,,0.1012122862897143,0.7101449275362319,True,5
0.32051213751621466,0.94610998813359215,0.046345011151591835,-0.91195323657922855,0.3214318308519955,-0.25499582821646982,-0.25615086179331209,0.039464775040383579,0.96583086901048854,-4.8435885422392015,-1.3827785968706241,-3.7138283235641851,,0.07381161756815896,0.2565789473684211,False,5
0.58354614604030464,0.8112699083073982,0.036263360522887943,-0.78189089097100617,0.57335479525021649,-0.244767059426199,-0.21936392150504913,0.11447888293693297,0.96890353250643002,8.9521525486062785,-17.328548129453985,-7.7646880090515875,,0.1690035843117808,0.6666666666666666,False,1
0.50768444722897321,0.85151620855725574,0.13105971389442511,-0.81705025498776163,0.52411652659095742,-0.24027223597133324,-0.27328626541823464,0.01490010464751261,0.96181734441381728,5.3950750830678889,-4.6562820704939449,-4.8705159453303173,,0.3053451537772138,0.1963470319634703,False,6
-0.48248323014285971,0.87442126445838919,0.050964545459611849,-0.84983648470105644,-0.45324076107237271,-0.26898096916601416,-0.21210346980156702,-0.17309033700795912,0.96179615996977652,10.9394116192891,6.3660310800425499,-2.4434444170202632,,0.2309352599645423,0.7864077669902912,False,5
-0.92811829766859344,0.37158778822435684,0.022780280403952042,-0.36263629626572363,-0.88852754966982495,-0.28109377458139317,-0.084210107252220806,-0.26914923206330582,0.95940989609045724,-4.6114578196927027,-4.0772689669075,-4.3679949261988673,0.3026214443977597,0.2109617057294259,0.7056737588652482,True,5
-0.43420465422136151,-0.88738792133839572,-0.15494836338351492,0.85876798050918757,-0.35583020271571619,-0.36864945746259353,0.27199976820703359,-0.29313400331250272,0.91656346326771387,-8.1009613579721016,0.0018255890544778275,-3.3567007905447745,,0.6219202880220477,0.2782608695652174,False,3
0.37576929574050222,0.92337479022154401,0.078590286689944375,-0.89247610753316731,0.38342133665107647,-0.23764359045248631,-0.24956729325200866,0.019159211466617893,0.96816790421643506,-1.2208315696590146,9.7135843237772139,-1.1835706863785995,,0.241301639772865,0.6,False,5
0.058941328936912535,0.99671086761055239,0.055618037813028154,-0.96288253294483073,0.071465352358511119,-0.26028816946227407,-0.26340680988330262,-0.038211906512167167,0.96392774765944345,6.5419701673372366,-15.790607368481785,-7.3580547920947694,,0.2143951383774768,0.925531914893617,True,3
0.6362245403421033,0.77019037655828193,0.045001312464066801,-0.74204714370706581,0.62685490928117704,-0.23752675475884771,-0.21115011433258035,0.11772725498836964,0.97033804555435166,3.2652312507084216,-1.5992893488534798,-4.0405622921122308,,0.1690667662723023,0.754601226993865,False,4
-0.97819149469779421,0.20769633152817268,0.0019061927065251588,-0.19693709941074392,-0.92452381865496724,-0.32629968987928876,-0.066008928006579842,-0.31955898142498917,0.94526444914322549,16.242614877945947,15.625742634494205,-0.65190390342021765,0.299026663120936,0.2973734298073335,0.5263157894736842,True,5
0.71255849095932167,0.69960723750479736,0.053010472481194899,-0.67508267328611526,0.70423525482644633,-0.21980921292885236,-0.19111195983152285,0.1208404695887742,0.97410153460453908,-7.6934127245869659,-7.7732840011857416,-5.1946459922457269,,0.1419484999277736,0.6144578313253012,True,4
0.45214289586417983,0.88780734897427183,0.085819070298088704,-0.86088572964459453,0.45954308852212372,-0.21839393372033175,-0.23332929994719154,0.024864852680489748,0.97207982022431183,10.462829544841181,0.013670137724336229,-3.8562655472421326,,0.1153279233636612,0.2833333333333333,True,5
-0.72842344204931797,0.6840278200007186,0.038797300654670616,-0.66434801713149372,-0.69135708259837958,-0.28401953537478819,-0.16745447502672803,-0.23266139732693597,0.95803323167174181,0.023386587810249909,-12.491140932824486,-6.4801982554658561,0.1083991414489177,0.09775669444840757,0.5441176470588235,True,5
0.29671063159424682,-0.95370836832677508,-0.049021926547457129,0.92342102316859154,0.29961603240534213,-0.23984129564350065,0.24342640585855782,0.025895584742617099,0.96957361949550958,4.8200127279466445,-8.7066495182504831,-5.6774324965771097,,0.09517581131059935,0.3478260869565217,True,5
0.67062682433791332,0.73192390085418124,0.12061121770732498,-0.69682130828185274,0.67733848553737264,-0.23590811841542261,-0.25436140981448407,0.074161845772181823,0.96426152771374785,7.4194041184653088,-7.9143099340772967,-5.582019873798254,,0.1465694712537361,0.25,False,2
0.77794172406819573,-0.60347655204119832,-0.17499350013720322,0.60979596078433629,0.79227152645140142,-0.021324037738514767,0.15151092424281093,-0.090121470864784295,0.98433864108052582,8.0441528724465563,-10.548384689065255,-6.2141959029881093,,0.2407854506126652,0.3571428571428572,False,1
0.89263621623692735,0.4491149115768821,0.03868309270869158,-0.43257449987587504,0.87757008941311321,-0.20676082855462652,-0.12680649636101624,0.16782888418489961,0.97762650235859183,6.8560708971009339,-7.0766111385080377,-5.4017828600923465,0.1559439675685833,0.1627369899032036,0.8145695364238411,True,5
0.91511318026976596,0.38812471435832541,0.10921114137679436,-0.37940705693881338,0.9205923538929941,-0.092520284796272528,-0.13644835082030793,0.043231054324683264,0.98970345230295809,-5.8850986470325717,-4.1629162704484566,-4.3566983625445577,,0.2015544735475118,0.2083333333333333,False,5
-0.88893717320463983,0.45212102525810838,0.073329943505357473,-0.44493669747563425,-0.81438380648918041,-0.37257261167142541,-0.1087291926504465,-0.36382082712201591,0.92510127468176806,-8.3235290006430933,18.083565470757517,1.0519043233653336,,0.1653952346487647,0.32,False,2
-0.12544004342438964,0.9891773093078563,0.076112063801716867,-0.95861084702344301,-0.10108329680246939,-0.26617176987152619,-0.25559741679970882,-0.10635044832069702,0.96091599147235696,0.52307726213175432,-16.258086161108938,-7.3864240320724752,,0.1340868617972937,0.5882352941176471,False,1
-0.99276325967248735,0.11937299597613177,-0.013084268269144113,-0.10147242637020658,-0.89214389379033565,-0.4402074731977646,-0.064221934967731542,-0.43569411357545329,0.8978007476409785,19.138766955102394,1.2033797106926769,-3.954619719285132,,0.2547411042957704,0.3823529411764706,False,2
-0.82790761340805297,0.53078993052655299,0.18119335890864985,-0.5291123588396851,-0.63199953344215554,-0.56623025480099731,-0.18603519931477,-0.56465798442996884,0.80408473759635501,-1.9450254245282461,1.0049753799181953,-3.264021143930508,,0.4426286528577019,0.2706935123042505,False,4
0.97501552067358332,-0.22159215529522691,-0.015545132911535642,0.2156694795753385,0.96107137795542019,-0.17270924136991744,0.053210995342353309,0.16504158017446918,0.98485017479218151,-10.134655957734475,13.485400113641749,-0.12234417307367064,,0.3072819717384215,0.4444444444444444,False,3
0.99462100374326157,-0.02401423416824415,-0.10075899696830698,0.022677766502045574,0.99963927735891145,-0.014388678460222348,0.10106818401072251,0.012026292806417824,0.99480681062310206,3.3568672964503579,6.5261968909085573,-2.072519893841358,,0.2911905382705982,0.6884422110552764,False,2
0.13350717354380193,0.98181961610606516,0.13492989306185843,-0.96144886102381011,0.16133950157888546,-0.22267836191757734,-0.2403995055077357,-0.099999033293408701,0.96550933247277326,23.200231712027534,-1.3514464430747037,-4.5374371402681053,,0.2466763206038387,0.3846153846153846,False,2
-0.73658093025328342,0.67343743904784026,0.062694089640845913,-0.65605920702317988,-0.68887321930295353,-0.30828558936042,-0.16442277843207784,-0.2682083209295934,0.9492257089421906,-5.7933704471470531,14.622638580288633,0.11616480585079964,,0.2213481893987462,0.7230769230769231,False,4
-0.17830553033025368,0.94750701539430626,0.26540081693962514,-0.95141134961718143,-0.09719960640499932,-0.29217919216522947,-0.25104497938269932,-0.30460251524451776,0.91880015565597983,13.876593495321108,6.775951737967131,-2.5118776168539063,,0.158977929055805,0.8,False,3
-0.86912160345093226,-0.47463022351789053,-0.13911789726069587,0.47402402782316222,-0.7190564721528494,-0.50819190361654132,0.1411696123859027,-0.50762578813379411,0.84993364432781349,-14.655494387103465,-8.2152670761846505,-5.219331679110506,,0.1874547802690382,0.1875,False,1
0.47971869729352901,0.8759202535840892,0.051319400115220425,-0.84538103127958886,0.47707092696032793,-0.24027950932585534,-0.23494868252377971,0.071882125806072755,0.96934621089162043,-0.15227254324873679,21.062293375837537,1.4806309065464276,0.2843768094260004,0.2918309359640177,1.0,True,4
0.54550484084571582,0.83644840376504492,0.052711824601303511,-0.80708783004146734,0.54122736416418393,-0.23597070767119657,-0.22590640365612868,0.086180091197434541,0.97032947428610883,-9.6484707119058051,18.020233054879583,1.0542829135644651,,0.1836485299683863,0.6,False,2
0.80565658008870245,-0.58786260276155422,-0.073041325523219319,0.57777187898812188,0.80700522538238129,-0.12215654733197398,0.13075599722503262,0.056215002267588313,0.98981955057967197,9.103945594543454,7.0644877661372965,-2.2075090001118607,,0.1995349410737478,0.1666666666666667,False,4
-0.8064605163622377,0.58587922842416706,0.079793265692389898,-0.5741146044123363,-0.74358755360431528,-0.34273892560550628,-0.14147033805437864,-0.32221589008900992,0.93603582390041451,10.419123624922864,-17.7635761013664,-7.8616230193017262,,0.1919796993576458,0.3636363636363636,False,1
0.59662012631545402,0.8011230105360938,0.047395641834640873,-0.77260731942575389,0.58935160046181978,-0.23609875264990896,-0.21707684087687237,0.10424304783858479,0.9705725280123273,7.2314566282677673,-11.82044244165616,-6.4177544735651129,,0.07609535106553744,0.25,False,1
0.99238782398071324,0.12009922352124826,0.027250382096719112,-0.11407482621691553,0.97983251466742038,-0.16405845672838432,-0.046404103680649615,0.15970103227628757,0.98607415514832497,13.673929407498358,3.2825767928674265,-3.252539301763091,,0.1183352522786712,0.1052631578947368,False,1
-0.94375553110523724,-0.32945041717059065,-0.02806991511201555,0.31525706987187341,-0.87099160592797997,-0.37681109630529663,0.099691912430610985,-0.36446679550971806,0.92586471882603083,-12.580959581314003,-7.7902388496364372,-5.0758246683411858,,0.1057624982800614,0.4444444444444444,False,1
0.32180740417089748,0.86440478910044782,0.38632156968126757,-0.91307691899722643,0.39127064573414044,-0.11488177305961436,-0.25046064484329777,-0.31577150341187954,0.91518185243025896,17.338868096127054,-9.0201501336597829,-6.0079544522954116,,0.131402508130135,0.1666666666666667,False,1
-0.14365407313454756,0.9567575273881741,0.25293979729951888,-0.96270765726206853,-0.07589528686638472,-0.25968032671045588,-0.22925416881887675,-0.28081121633142936,0.93198046484978936,12.52514316850097,-6.1632007479440842,-5.3088062288588445,,0.2654105407498432,0.2307692307692308,False,3
-0.8954819212105799,0.44224583605078838,0.050306553059678155,-0.42425209186217272,-0.81388974164033712,-0.3969806682990924,-0.13461906007537558,-0.37683167190187539,0.91644727055955488,15.932401202391036,-3.9068548663209568,-4.8977431670548306,,0.2055210381043137,0.3076923076923077,False,2
0.51131992806079174,-0.84276182693778179,-0.16823921726041907,0.84200081720437725,0.5304625746734849,-0.098204280446105657,0.17200742715088405,-0.091443752806133205,0.98084223251125535,4.2236201809769067,-18.838465488542507,-8.0600435911754786,,0.1671339496121778,0.2941176470588235,False,2
0.94840899054377181,0.31093547085252576,0.061963857380425577,-0.30209344329263627,0.945561784792181,-0.12104735709722886,-0.096228572551723984,0.096083526716827669,0.99071086484317639,-9.9543658847410654,19.440842130833023,1.4198370339690265,,0.1474823920536402,0.2272727272727273,False,1
-0.13885481264594818,0.98478489920091494,0.10448944114551789,-0.95693661366798555,-0.10626441623850139,-0.27014846152280669,-0.25493461598360367,-0.13750118598519259,0.95713205224042019,-19.423120088994327,4.6314616622201594,-2.0904439342856929,,0.3361562535766365,0.6304347826086957,False,1
0.95024618662416138,0.28898047349753381,0.1162861588641626,-0.28540956906664305,0.95727033510002335,-0.046635645408665632,-0.12479408115545071,0.011126161720505194,0.99212027790683566,-8.6045261533341932,-1.1285051322271129,-3.5712137985438188,,0.2352825343053639,0.2,False,3
-0.8032067839532685,0.5950713686857495,0.027366555901622961,-0.57836479093969706,-0.76800706145985231,-0.27506239682858064,-0.14266404877448396,-0.2367598355259436,0.96103680963270111,-14.931743937941294,-12.155903292609933,-6.175830497650165,,0.2216848225415926,0.6764705882352942,False,1
0.65833927608834508,0.64478851243294544,0.38837761494965445,-0.72425049497896077,0.68317282464273021,0.093467171736406007,-0.20506247360793026,-0.34281579004500623,0.91674790210483414,5.5005932423691544,-9.5186436936190226,-5.9103168624150388,,0.2495767992142739,0.2432432432432433,False,1
-0.36467829088162768,-0.9268768861355684,-0.088932458120127442,0.89776790327640787,-0.3246647037941659,-0.29766696483978533,0.24702739930286763,-0.18839338644941825,0.95051848795054095,-9.3196051374383106,-10.729893589796644,-5.9478275258970603,,0.1318714013742185,0.2580645161290323,False,1
-0.16548980511923944,-0.9815276519259486,-0.096003088004123285,0.95386448107071986,-0.13457466367694379,-0.26838817345017563,0.25051083041114253,-0.13598944224081816,0.95851509922679301,5.1514462424819145,-3.8840799563015027,-4.6632838534610634,,0.4065864823042562,0.443579766536965,False,2
0.73650421119080778,0.67353332637553831,0.062565207261765787,-0.65023904623635254,0.73043897978914707,-0.20892122810817421,-0.18641547588074198,0.11318902361135549,0.97592905238345262,-15.392347123007935,10.686324965384172,-0.62699746661709688,,0.2726318590315743,0.4285714285714285,False,1
-0.50411120870062476,0.74487809236145974,0.43706809170007593,-0.83602393906142303,-0.29393616868384048,-0.46332008596183838,-0.21664686145572418,-0.59896423621065698,0.77091243417262856,-8.0321700551699156,1.4327445747996106,-2.9848528155577343,,0.429511370875867,0.3043478260869565,False,1
0.33246014694343101,0.94289502164710692,0.020475078692263345,-0.90947215060145481,0.32627131535819986,-0.25769640287515694,-0.24966108622434005,0.067052270114681539,0.96600897257621299,-3.1321417009884889,21.691558477596818,1.7553693415427469,,0.1940191861292851,0.975,False,1
-0.26018643809587705,0.96358449206284613,0.061708541442544763,-0.93350717649799086,-0.23470565038162608,-0.27106753606008654,-0.24671313069581191,-0.1281334629787389,0.96058026567661003,-14.421322982055919,17.956001136750711,1.1334834502450217,,0.3055118212228787,0.8333333333333334,False,1
-0.017339576864627584,0.99830494471815656,0.055556965588789552,-0.96566562744226303,-0.0023156892845190339,-0.25977785425181632,-0.25920886375796648,-0.058153890105614059,0.96406892389231602,-20.72570968022341,8.1274974459644937,-1.213025114426211,,0.2831705187119904,0.96875,True,1
-0.4319253949363408,0.87683438606047615,0.21119164905609866,-0.86849901594098755,-0.34121816235899977,-0.35955475937036907,-0.24320755029115096,-0.33872057082246365,0.90891059097310678,1.4925104253283308,24.125725566656413,2.1825906107892341,,0.3440867644639268,0.1951219512195122,False,2
