axis_00,axis_01,axis_02,axis_10,axis_11,axis_12,axis_20,axis_21,axis_22,location_x,location_y,location_z,dbh,dbh_approximation,score,reconstructed,number_clusters
-0.97881474569137805,0.20439488728645921,-0.012017639879710901,-0.20153219276675044,-0.9721425601193302,-0.11968131885661959,-0.036145108877247846,-0.11472389836381156,0.99273962258412041,13.313183770248784,18.670640187743057,0.52812814072186154,0.2721600180804169,0.2777197174925037,1.0,True,5
-0.99094261648256299,0.13341856581402325,-0.015238672344457029,-0.13063348355093213,-0.98404926802780124,-0.1207556668206422,-0.031106652247404547,-0.11767125558129612,0.99256528842987535,1.4137503593459164,-11.415135615928087,-3.4453333936824064,0.2774899003919966,0.2495640438587305,0.9877049180327869,True,5
-0.99701841152387183,0.075396505339635378,-0.01642114688397164,-0.072895070599997294,-0.9900875968161218,-0.12005356851463192,-0.025309993374871755,-0.11849859751679062,0.99263159662682376,9.8563995253371921,25.987250368334337,1.2814618084290053,,0.2729830621158577,0.9354838709677419,False,1
-0.96640399121253739,0.23364054114398666,0.10712340221642691,-0.25532697161525164,-0.92052455435116487,-0.29570708886053665,0.029520557824368243,-0.31312400478170604,0.94925333515095123,-6.7383409169288848,14.811551556446117,-0.28927945533334914,,0.186307452993126,0.3478260869565217,False,2
-0.94178183533439253,-0.33339775228841118,-0.043507624656138458,0.33617264530118079,-0.93144493602683542,-0.13927772148183618,0.0059099226213790799,-0.14579530142978087,0.98929712568854156,19.756045825548274,6.8956038695655888,-0.85204747611626908,,0.2720019535769043,0.8913043478260869,False,5
-0.84633559141577153,0.53264914342619341,-0.00097811566771018391,-0.5291624154287351,-0.8410024277689232,-0.11270339207142305,-0.060853962899252961,-0.094867309934037164,0.99362819439936212,-7.5229951477578192,11.429579917246985,-0.65740554297450327,0.2613376509887203,0.2246770732139224,0.9879518072289156,True,5
-0.99956317336050515,0.023297970864467912,-0.018184251842586145,-0.021029082226722312,-0.99299169693368872,-0.11629818365501295,-0.020766322789024197,-0.11586498338303844,0.99304786665269584,-3.2977869771487653,7.5749139104468952,-1.0354296613280105,0.3053331069839998,0.2624120976976856,0.9906542056074766,True,5
-0.99525412595396678,-0.09464008239880084,-0.022638011731443641,0.097150078103679607,-0.97968700972070177,-0.17542869009645551,-0.0055755803333579351,-0.17679541223701897,0.98423182996481506,17.152462631446923,10.542448965594069,-0.45084261658433228,0.4221172672293912,0.2190727417979597,0.78125,True,5
-0.94677441876842039,0.3218310663017182,-0.006554748570275915,-0.31886109206353985,-0.94043870739978375,-0.11790946353991963,-0.044111267650876744,-0.10954360952298352,0.99300271584669375,-6.148547087119649,7.9021344575871959,-1.0259185634704915,0.2941957413127437,0.2364668949614578,0.9821428571428571,True,5
-0.99743734437177922,0.069341417560680421,-0.017621346805757086,-0.066696215039012005,-0.99032060752090934,-0.12172390570010512,-0.025891291046281847,-0.1202366921122399,0.99240756693903942,-13.593228796453401,-7.943309260438661,-3.3695631750274231,0.2625642973159094,0.2687635199587333,0.8910891089108911,True,5
-0.96363888169405765,0.26706087428052661,-0.0088653886517640352,-0.2639180054643962,-0.95644048915297575,-0.12477530645328778,-0.041801819088660097,-0.11789860108303934,0.99214541665198563,5.0766478116041656,2.1597372961865431,-1.6506180561838215,0.3176433328249971,0.2631115655573181,0.9618834080717489,True,5
-0.97604261382216884,0.21737464105433379,-0.0094382959102140111,-0.21474000743703703,-0.96938353984194703,-0.11908938613259688,-0.035036341263473228,-0.11420953598538507,0.99283867606015097,7.8982575783561018,-21.718856682404077,-4.6158293826358614,0.2366853876693389,0.2550167443415554,1.0,True,5
-0.88635808502756952,-0.45805628501388457,-0.067481737274164233,0.46249860576398544,-0.8691592775874516,-0.17509194684516427,0.021549588688185711,-0.18640437211326127,0.9822367460467113,26.465085971969319,-4.1330024652613622,-2.1653085630543227,,0.3742348274351147,0.4186046511627907,False,1
-0.96317810218909383,0.26865502102157895,-0.010602978039697543,-0.2656504081931354,-0.95700404681130158,-0.11650371244562296,-0.041446400208412747,-0.10939713920705055,0.99313365759251027,-3.0216899760634197,-16.303753672328821,-4.1611201523515362,0.2474084215522447,0.2454851993514257,0.9304347826086956,True,5
-0.81385904776732754,0.57873128534569229,0.051995670294571042,-0.57489090232731543,-0.78897753520394154,-0.21682919398641531,-0.084462422345941146,-0.20636023915870069,0.97482385634832514,-19.334858167912682,-1.6598365178862613,-2.6385946471220261,,0.1645787046234663,0.25,False,3
-0.87458389469012832,0.48486901905032059,0.0022462221231596274,-0.48162155225327824,-0.86817193229949596,-0.1196585825275501,-0.056068632530047659,-0.1057332981257067,0.99281255940568736,11.095491129131602,-6.7014928448730418,-2.6323399923354414,0.2397384835994497,0.2120923737976074,0.967741935483871,True,5
-0.98397221289934944,0.17779781530543376,-0.013660933883540512,-0.1752876208189538,-0.97845907081499617,-0.10905089053961931,-0.032755674769210472,-0.10490845348430319,0.99394229317297111,-6.6267132219302232,-19.007183325563343,-4.7267766524058237,0.2880814505897026,0.2711127111284369,0.9791666666666666,True,5
0.81331848236658988,-0.58125002624971656,-0.025718732970565331,0.57837167976154991,0.81251424922271587,-0.072847751233993729,0.063239594327530069,0.044373435687925997,0.99701141012254202,-5.6278415781825206,4.0009542926637831,-1.6051113027660022,0.2394965617187085,0.2128265053554149,0.9548022598870056,True,5
-0.96418885144278488,0.26508023033833267,-0.0085047185267604093,-0.26231739268134707,-0.95788683361631966,-0.11680068270931079,-0.039108109776655194,-0.11038698051979501,0.99311896079040773,12.853586304798176,-10.071891797858225,-3.0566955171268044,0.2763532867376983,0.2580196577465232,0.9513888888888888,True,5
-0.91798154424235157,-0.39545776576853753,-0.030381572108484162,0.39627577715724616,-0.91127784690157554,-0.11197407818262592,0.016594965165588386,-0.11482961830374928,0.99324657859534948,-1.839859738595677,0.24497450503221213,-1.9789380050172014,,0.2949869948270224,0.9476813317479191,False,2
-0.83804544860017705,0.54559556851496926,0.0023025414991636774,-0.5422075453851759,-0.83235663177345243,-0.11486259299761564,-0.060751986040875186,-0.097508528650475407,0.99337872084744649,-10.962776247277086,8.7987445773859463,-1.1224297837742618,0.1727378516113972,0.2164437626141231,0.8571428571428571,True,5
-0.42280149320726546,0.9062075393233695,0.0051761969815124296,-0.90226115883365654,-0.42041306045061144,-0.095800103667475892,-0.084638635396934142,-0.045174708366910322,0.99538713429605408,-4.0856661170612698,14.996340918655219,-0.10682176079119653,0.3019651317192406,0.245116131773448,0.9868421052631579,True,5
-0.99956440563232951,0.024196847272636591,-0.016897087765403433,-0.021283078370106276,-0.98763956523618079,-0.15529043677953541,-0.020445771396036105,-0.15486317109678358,0.98772433840108886,14.125361350001189,-18.850512457263665,-4.0883694130626012,0.1806025386689107,0.1693262765307423,0.5945945945945946,True,3
0.99759219761432305,0.065536472122523851,0.022688721443898635,-0.0689824235513294,0.97142730899991081,0.22709118998802288,-0.0071576881749741729,-0.22810952227148465,0.97360916868580516,13.618079916682413,11.337512777561386,-0.39896556876653411,,0.4264646699567916,0.3695652173913043,False,5
-0.99369017041498087,0.11062607473558791,-0.018485583822093386,-0.10824887745531867,-0.98906853532216377,-0.10012798292852171,-0.029360275038067297,-0.097495148721703159,0.99480282982379165,-6.4492951739767506,-10.211003248527845,-3.4959817458776961,0.2619461946831382,0.227281478384198,0.9943820224719101,True,5
-0.99946462961551408,-0.02414484270816997,-0.022078965512905419,0.027997761646605855,-0.98033803426603316,-0.19532911691345259,-0.016928658845348176,-0.19584270510286336,0.9804891918668408,-19.131116605498022,3.3581735849164711,-2.0193800050783568,,0.1838091461440361,0.21875,False,1
-0.78050381865498852,0.62514618688259549,-0.0024564387094553296,-0.62147843329636143,-0.77633789159951005,-0.10518571677908119,-0.067663476207497172,-0.080571229933394065,0.99444956176496935,10.131250610680437,-17.47925670908683,-4.0126668746220178,0.2153573785249436,0.2105652247386227,0.891566265060241,True,5
0.028543184279558039,-0.98898520037686688,-0.1452362216071145,0.99648666259629604,0.039597429253202782,-0.073799558699445045,0.078737652358185251,-0.1426194833536614,0.98664079840084462,9.9969768739618949,-3.7763910182450893,-2.2910258970485438,,0.1768854642382429,0.2786885245901639,False,6
-0.90266317483074443,0.42989197380754957,0.019801102502927478,-0.42908111079986205,-0.89552552341032932,-0.11799761554969608,-0.032993835170207493,-0.11500838133156426,0.99281643774881989,-22.334811298331392,7.8552350218386726,-1.5437862525277772,,0.3439755808295517,1.0,True,5
-0.58089948445436757,0.81267971576871867,0.045907173063962914,-0.81171075549104066,-0.57415730440294488,-0.10709360027988862,-0.06067485789694424,-0.099473963321156697,0.99318854818225089,-21.044382289466359,-21.883498503073643,-5.8592538871676414,0.349189358006243,0.3472951406112292,1.0,True,2
-0.73293310445050053,-0.67956267662728764,-0.031680166282850315,0.67888899512549217,-0.72762020222726576,-0.09837974185905278,0.043804071706318573,-0.093613085868967133,0.99464455633961935,6.4256954213886646,-14.335448839645009,-3.69368689339088,0.3125014957553947,0.2840044671055102,0.9102564102564102,True,5
-0.93026750084409304,0.36687628581673182,-0.0020415138023460889,-0.36362271692185871,-0.92272912572109422,-0.12786508626028928,-0.048794432178797295,-0.11820639344513112,0.99178946956349767,1.3643671920003748,8.1773993852875577,-0.86735872729796459,0.316744903501445,0.2947855608013319,0.99581589958159,True,5
-0.45021009619213587,0.88043593405940956,0.14880670449815914,-0.8886078168004935,-0.42540579318058985,-0.17148194963159757,-0.087675636340595234,-0.20943370584824195,0.97388423626576048,-11.152855083258594,10.03988023572413,-0.98939427150044457,,0.3664870433677537,0.2625,False,5
0.20887776552222298,0.97755828227837971,0.027384006635033736,-0.97487294966468552,0.2103572474886175,-0.073297751951128448,-0.077413248753167602,-0.011385656676578775,0.99693407793069466,-17.840882587495745,1.0526824191524264,-2.2312931723780536,,0.1923669064497269,0.46875,False,1
-0.94996902396013094,-0.31071657143607084,-0.031844399056184539,0.31229124808497327,-0.94298301581004518,-0.11513995077001769,0.0057471632799184196,-0.11932411377758306,0.99283872103450344,-12.956399430143607,-12.077200382589192,-3.9125019356276578,0.3449628328421045,0.3020001567051918,1.0,True,5
-0.99833069744482783,-0.053833901886220371,-0.020921987167300198,0.056057712527993186,-0.99036855554616865,-0.12660038329928028,-0.013905085596743208,-0.12756188769809185,0.99173313618203129,-5.5881312565867374,-0.23153594439790662,-2.0986688208140416,0.2684942680303634,0.2355024012355398,0.9317073170731708,True,5
-0.99535818829868816,-0.093366030514485263,-0.023342264944138331,0.095395429407596308,-0.98922244043085394,-0.11107959036729978,-0.012719631869454259,-0.11279072521264782,0.99353734870467347,-18.862413594810967,-6.6073636607550332,-3.3757756724795973,0.2993848379475548,0.2540144344202246,0.9666666666666667,True,5
-0.74215496510540246,-0.66823254459325454,-0.051684370130848686,0.66894347455346648,-0.73375387041747619,-0.1188271244275014,0.041480545099288904,-0.12276206251850497,0.99156887828555229,-11.831291329332789,-5.4593475741468751,-2.9803413516404671,0.2641189496287928,0.2252513855515763,0.8536585365853658,True,5
-0.96690597292048186,0.25504264710048519,-0.0067887915474226807,-0.25190976358669059,-0.95856879157042529,-0.13299376991766446,-0.040426606837510468,-0.12688230762085143,0.99109362296021952,18.54584132759884,10.349392785885717,-0.46212924488884854,0.2237559201130402,0.1743092291139394,0.7575757575757576,True,3
-0.37151810104135097,0.92841407155796241,0.0046489065160981932,-0.92457477075433159,-0.36951687999111327,-0.092837323777716807,-0.084473628329815934,-0.03878900791203823,0.99567043693282176,-4.2172051632173133,-3.6488556699771819,-2.5876427258076378,0.3019699865146645,0.243725802253924,0.964095744680851,True,5
-0.99729971338095025,0.069639220876918678,-0.023316530743869912,-0.060888482414568887,-0.96159253852768267,-0.26764226601405416,-0.041059400866608385,-0.26549984701227741,0.96323618953864709,13.969673806922309,-9.8869654827209175,-2.9865396620680693,,0.1309772108322551,0.2857142857142857,False,5
-0.90624160857695824,0.42270689546440132,-0.0067102466939878095,-0.41932787690888129,-0.90078929968971733,-0.11288387489627758,-0.053761310725619904,-0.099486270868677992,0.99358552896955321,-7.4677665851298949,-14.154688898403601,-4.0668281926951071,0.2534427177345263,0.2408002917886964,0.9821428571428571,True,5
-0.93056590082834134,0.36605905318635151,-0.0069190892354925211,-0.36292114322801006,-0.92475387037488266,-0.11453612104811502,-0.048325438576501248,-0.10407232488508159,0.99339498850125196,9.566286177284594,-9.9914104020325532,-3.1037402225289803,0.221358904523223,0.2098732216095618,0.918918918918919,True,5
-0.28973549386788822,0.95686121273177249,0.021678633781021805,-0.95353038173284455,-0.28662256144980153,-0.092883359006710881,-0.082662897998713347,-0.047582841838582038,0.99544096683681749,17.229109461100705,12.810924842034993,-0.19474334626075968,0.2972374153589455,0.2298986772115114,0.6521739130434783,True,3
-0.64294871272108023,0.76358392344629911,0.059636772755260942,-0.76212306417373477,-0.6300954286336834,-0.14882266584553655,-0.076061737192516632,-0.14113590141877935,0.98706396422215981,-19.098926874927226,7.6900228201243532,-1.3894858757121538,,0.1174763607205044,0.1176470588235294,False,1
-0.59492879650051578,0.73796435895516932,0.31854094243336245,-0.79995586148162046,-0.50501363180813985,-0.3240861789233711,-0.07829653105755581,-0.44762689441077963,0.89078606669868554,-15.265280394141726,-14.373190698518503,-4.4691024386033327,,0.140511842116079,0.2941176470588235,False,1
-0.90454708585015253,0.42585396211214804,0.021046910304938965,-0.42260959533053205,-0.88892380105150148,-0.17667938719249895,-0.056530517550815576,-0.16870945106169374,0.98404340438209403,11.755385979482842,-23.713380567626121,-4.8002639897663917,0.4417232770451289,0.2979887153144075,0.4375,True,5
-0.82575124871583294,0.56403102590516319,-0.0019690252948222353,-0.56063081219631872,-0.82114620815953043,-0.10682694997668643,-0.06187057184428349,-0.087108591089481366,0.99427567892313806,14.136696865154462,-14.204981317924952,-3.5712936321110731,0.1618674831936841,0.1749977929814972,0.98,True,5
-0.82128770556511854,-0.55498123792045606,-0.1322207632857347,0.56977392348162414,-0.80969311986944359,-0.14055151282161363,-0.029054789759013724,-0.19076917254201745,0.98120484201806435,5.4507242801838691,-26.105038985027477,-5.2146596994205021,,0.2520225763191836,0.7142857142857143,False,2
0.9950438880628113,-0.094059171804027591,-0.032257294188820881,0.092626551752914482,0.99475660846733183,-0.043354490205010893,0.036166044008273578,0.040151738568985282,0.99853886011045156,5.7101734049148281,20.282645304262207,0.68945072182121525,,0.1614445634634885,0.4210526315789473,False,3
-0.9489871452425036,-0.3139948223178391,-0.028820994467078372,0.31522583908237933,-0.94257749022699056,-0.11036460162659373,0.0074878928472966819,-0.11381971039752077,0.99347320295301944,-16.378372220606209,6.7022910199513186,-1.3850350208378948,0.2962027826655498,0.2523480462293826,0.88,True,5
-0.71178300572989606,0.70107859414896323,0.04305528516023395,-0.69878671373176271,-0.70058142295183334,-0.1445088181625922,-0.071148306136404632,-0.1329453821721486,0.98856635786022129,13.365895217496417,-17.108365570766207,-3.9259006108139105,0.2520780829461313,0.2149297653127345,0.9565217391304348,True,3
-0.99949080042157978,0.026287636438501721,-0.018085907306725775,-0.023800485352418882,-0.99172432277274913,-0.12616023350454844,-0.021252688526857369,-0.12566553939489555,0.99184499567168827,-0.024667361237044345,-8.1899649533991052,-3.1369195492801802,0.280552792396305,0.2468435997164064,0.9955947136563876,True,5
-0.97394289884646201,0.22649997774540348,-0.011532123303267696,-0.22369381944657413,-0.9677674655266868,-0.11570310198718187,-0.037367163766515478,-0.11010854984688699,0.99321689591078843,7.341612961280811,-1.3838897963817463,-2.0164962201999854,0.2728785076349179,0.237099040810122,0.9736147757255936,True,5
0.70867388654248931,-0.64908215618708587,-0.27653874421550223,0.70491663665502624,0.66781870829435941,0.2389784681075259,0.029561087593821235,-0.36429456127092719,0.93081448996494143,-9.4490479270266121,9.7252571823672902,-0.95280068112919758,,0.4260941180582758,0.2666666666666667,False,2
-0.91070669274730476,0.41304072182286328,-0.0032683178110598935,-0.40982066939812051,-0.90453833038516374,-0.11771757641956768,-0.051578471471560527,-0.10586676050615823,0.99304173643437033,-11.502971613119458,-17.174041498745762,-4.7800355406722499,0.2944022717099682,0.3025721463266591,0.978021978021978,True,3
-0.95927140891698837,0.28225673724642836,-0.011379732572307157,-0.27930595407763825,-0.95373010768030586,-0.11129719547631556,-0.042267576831382346,-0.10358579044981803,0.99372201141249283,4.3291769549857237,-5.2249927644704872,-2.6502148657358449,0.2915217159584886,0.2700894698714024,0.9842995169082126,True,5
-0.86885012355688862,-0.49396241006975339,-0.033175295526330764,0.49451202743469952,-0.86271563245593186,-0.10573359087150964,0.023607573310309299,-0.10827222614429584,0.99384093673392038,-15.481917960385406,1.6937861178323033,-2.0431042861599891,0.3551261372932848,0.2969447921441899,0.9770114942528736,True,5
-0.55583684344260265,0.82025974268842139,0.13497910207321173,-0.82973551509347288,-0.53750432987093644,-0.15042629544919078,-0.050836782592283268,-0.19560943201881326,0.97936335016220843,-12.635160198456555,-6.9027044331558312,-3.2122286322332578,,0.2396703884383875,0.2222222222222222,False,6
-0.45533687524347405,0.89026474786708798,-0.00984930193765691,-0.8864576848914526,-0.45436344538527801,-0.088014955516125218,-0.082831774944129855,-0.031345465425953581,0.99607045878132328,-4.9073756487344973,-27.254774513890592,-5.9560510344479098,0.2867866454725499,0.2551945556938704,0.813953488372093,True,1
0.19439898924158391,0.98086290250561836,0.010816629331932354,-0.97805079164960773,0.194661242020221,-0.074321260812238943,-0.07500454609839606,0.0038687650999825723,0.99717568698859449,-10.666044379890973,12.962270589456818,-0.61197673514841966,0.232502957497461,0.2035841925176773,0.6481481481481481,True,4
-0.99980111103790414,0.0061528501680033583,-0.018970524562675086,-0.0037511711955458766,-0.99225897584128198,-0.12412918100540418,-0.019587421525935084,-0.12403333139612428,0.99208470687776718,16.036078211781717,-28.408443706142705,-5.2704349081704978,,0.2819581051007936,0.9761904761904762,True,1
-0.86929008114629724,0.49408906295931926,0.014517323604845389,-0.49085113255050233,-0.85938397362832919,-0.14326322467637947,-0.058308837190902317,-0.13166314493725051,0.98957814030559488,14.776661381252469,13.624524027198259,-0.1095380839042048,0.1826628633930958,0.1760139183839817,0.4,True,4
-0.68192811053540148,-0.73010116883451759,-0.043890036774744685,0.72985396077008613,-0.67531891094642371,-0.10610167042207254,0.047825181754330849,-0.10438702881396598,0.99338617878726188,-28.596552299480923,-1.2128475070731364,-2.8457546189266756,,0.2783210529894489,0.9555555555555556,True,1
-0.98853807585005615,-0.13921984450429586,-0.058397838066732585,0.15083364075568806,-0.92729684198695206,-0.34259273147194719,-0.0064564240143200492,-0.34747431809736001,0.9376672719316389,-8.0767366815247783,15.733902598402727,-0.24638610768131539,,0.264538546632223,0.3043478260869565,False,1
0.31391618748508449,-0.9329713339720761,-0.17612812728577737,0.94581739980185475,0.32350043929450706,-0.027873141342888777,0.082982368409734955,-0.15783521711781151,0.98397254574021809,-8.2479223484222022,16.654843482199784,-0.12387830974270765,,0.3939570509963591,0.148936170212766,False,2
-0.87819534127936427,-0.47264441392997897,-0.073349850279379375,0.47818746595988931,-0.86424131186266828,-0.15628084421564314,0.010473297192403891,-0.17232008835501761,0.98498532841623521,25.359798669976868,1.7614669533314558,-1.3972277488473197,0.2221266852188141,0.2357708767008703,0.5652173913043478,True,4
-0.40426702743685944,0.89777072184917917,0.17485966235175701,-0.91131159340549017,-0.37906865317721805,-0.16068022872512291,-0.077970188226741108,-0.22430935595470566,0.97139382465561985,-2.0517144608864712,13.696130126913911,-0.16419349710029887,,0.3134533364560401,0.1509433962264151,False,3
-0.98847912607937427,-0.14945032173787579,-0.023950336903724369,0.15135143574057525,-0.9773749515754554,-0.1477529929718624,-0.0013267270341144784,-0.14967566724528761,0.98873425875209542,22.28411289238878,3.3327984032646105,-1.2393068275180754,,0.1839100896386137,0.8611111111111112,False,3
0.74632672288049151,0.66557707268292332,0.0018928901964256027,-0.66430907142573847,0.74507451131590741,-0.059644196774156819,-0.041108154129544057,0.043256593788597267,0.99821790544843947,6.1876018022708639,21.061830033053035,0.75459421727157794,,0.1823241784402299,0.7222222222222222,False,1
-0.94155737868853828,0.33633159810128022,0.018728554557327005,-0.332872156238531,-0.92047010496297443,-0.20477039207502873,-0.051631678631232573,-0.19903728793391681,0.97863084346122653,10.128160587521011,17.267641142065294,0.32091913971678099,,0.6176137423433907,0.186046511627907,False,2
0.99612116017276975,0.087445805786858441,-0.0097910830015254871,-0.087181109702551704,0.9958835506682171,0.02480741057621523,0.011920082511769008,-0.023857589122799009,0.99964430027593376,11.8591777573931,20.350262563381229,0.73303224217035912,,0.1660985107825017,0.4090909090909091,False,1
-0.99589641443081511,-0.08801620632066734,-0.021058944626070879,0.089817676530130494,-0.98978120316570195,-0.1107517712841856,-0.011095796797664087,-0.11218875739027249,0.99362496245245979,1.8977265870113988,-25.990796007171987,-5.2983772063454433,0.1717519817955426,0.264003010973745,1.0,True,2
-0.86103419205255438,0.50831095335450871,0.015494993263458707,-0.50509729439561524,-0.85125326456469352,-0.14228352948314271,-0.059134112918293472,-0.13033746302495491,0.98970465413757891,2.1256021651966863,-19.698022561324368,-4.407426339081268,0.330995790960542,0.1465842713771016,0.696969696969697,True,3
-0.67438613426192018,-0.73564881859120956,-0.063436248475312262,0.73677664035708068,-0.66477809845878133,-0.12341094778689769,0.048616089305875874,-0.12996497803210311,0.99032599700589441,26.592021447039404,1.2876103021162182,-1.4263101807361578,,0.2786688501487465,0.5609756097560976,False,2
-0.46295536878047649,0.88636559418815886,-0.0053254067266490877,-0.88253667401385127,-0.4614978523973966,-0.090270433992306928,-0.082470270630705333,-0.03709131531857425,0.99590305190316397,2.1100837902922263,-1.1093333089567521,-2.0725792832505663,,0.2470628062461913,0.9643888354186718,False,2
-0.2990389939200675,0.95420930529082637,0.0077641362476177193,-0.95039752463059868,-0.29709518119460293,-0.092081477436974202,-0.085558315149982508,-0.034914968242056775,0.99572120581081924,-15.170869517659014,-21.271583936296164,-5.5647615295989885,0.2632333969284205,0.2366195250699512,1.0,True,2
-0.41193948228719657,0.86830120741867567,0.27633109873524192,-0.90770639997149494,-0.36445857089664041,-0.20793999507253685,-0.07984331145277257,-0.33648620075011726,0.93829743808720212,5.3574704777358759,18.44178957623993,0.49954034287434462,,0.5112781049237558,0.4050632911392405,False,2
-0.83894742193552618,0.5434786228748516,0.028252605292059203,-0.54074379068446743,-0.82662398796474035,-0.15584907878284474,-0.061346361456298987,-0.14602660373823448,0.9873767543024039,0.5417192424536047,26.933030774332803,1.2197347581100473,,0.1315635291718323,0.2631578947368421,False,1
-0.98131504655139079,0.19154885216673323,0.018160854755437134,-0.19179401810798885,-0.96628390769918859,-0.17178610054244278,-0.015356888676862752,-0.17205942855651007,0.98496686188672022,-22.006445847395447,-9.2755938102165363,-3.9268952750540311,,0.2117806457534567,0.5,True,2
-0.25724984102014187,-0.9537758852372038,-0.15535147258748561,0.9633893481942305,-0.24056347592832894,-0.11836459705155429,0.075521408097361048,-0.18011322769099705,0.98074244433986013,-14.807601672253794,12.164549170642859,-0.81965243798991194,,0.167832504101999,0.2272727272727273,False,1
