axis_00,axis_01,axis_02,axis_10,axis_11,axis_12,axis_20,axis_21,axis_22,location_x,location_y,location_z,dbh,dbh_approximation,score,reconstructed,number_clusters
0.62075479787460741,-0.78228581030665278,0.051888263687643155,0.78336637430834699,0.61621909342373316,-0.081308993986064726,0.031632333436676312,0.091120469121351799,0.99533735767751363,-17.056671791228304,-10.703816513543574,-2.3919722446271381,0.3514986027043996,0.2066337796091239,0.8163265306122449,True,5
-0.087831758879042252,-0.99451133579397932,0.056857586208791243,0.99030821193007135,-0.09334037908776055,-0.10284560766322924,0.10758823130844512,0.047273423919042587,0.9930709923640364,-8.5631081219215162,-14.169346872577378,-2.998514963969408,0.1511834015818557,0.2183819863725361,0.978021978021978,True,5
-0.98589850907985488,-0.15138464368556653,0.071321942278046918,0.13994676980703161,-0.97954143258532744,-0.14461494898267468,0.091755280037154732,-0.13259438715450206,0.98691422985000299,12.624131342385629,-10.382008329091375,-3.5037469973327964,,0.1618710844883486,0.25,True,5
0.24487506223822239,-0.96917250137937172,0.027218862281125265,0.96649029393588726,0.24177466380645091,-0.086264266466480888,0.077024123633762751,0.047430733826599264,0.99590040157995796,-5.639727716176135,3.6943107790200846,-1.6396819023419114,0.3010925165662381,0.2763158883321414,0.9785992217898832,True,5
0.3655515859525697,-0.92989328875704846,0.040871867245857091,0.92861402567387574,0.36134329409167698,-0.084303114632470172,0.063624125371754381,0.068771326434624289,0.99560156454834026,-8.0113250224999639,-18.233744215609288,-3.3132600949497637,0.2980358014469278,0.1934404312741195,0.8363636363636363,True,5
-0.85824535657194811,0.42599466206296371,0.28625767381251266,-0.51301350138042723,-0.72859382979880127,-0.45383717188052092,0.015233362205500998,-0.53635769694577551,0.84385328440608653,-13.502218088733004,-7.4458119946849379,-2.3052618932222724,,0.5209501526306884,0.2962962962962963,False,1
-0.62518368564610949,0.76874679837198712,0.13480993729976817,-0.77980871623021186,-0.60810937633775453,-0.14866523635839449,-0.032306737584236647,-0.19806904453479851,0.97965551511933868,-27.709889179896308,-9.4894501240201414,-1.7924259454050779,,0.1671076575730904,0.3181818181818182,False,2
-0.45813524450892174,-0.88874571515462852,-0.015593316935070559,0.87347162655855159,-0.4468706679785483,-0.19327163190070884,0.16480113875792146,-0.10216486624418873,0.98102136815127461,-5.8500067484675382,-21.471339981895415,-3.6240740251515891,,0.2236756284182667,0.3181818181818182,False,3
0.43071606936325618,-0.90152914572812892,0.041579646402730881,0.90058258971459693,0.4263586837619105,-0.084671552978317591,0.058606029512462673,0.073915304122492281,0.99554098917184863,-16.939092630522083,4.1713661152902066,-1.1007270237948577,0.2564352151516159,0.2550137466227517,0.9620253164556962,True,5
0.78831417138206061,0.55885071377477613,0.25738423982761699,-0.6031596135816214,0.78452645048164327,0.14393307138647415,-0.12148764440174933,-0.268708258540928,0.95552949930895248,14.448435369962191,-18.993019342479425,-4.3596915483108498,,0.5385279671129616,0.7,False,1
-0.17889154321413472,-0.98385748821258801,0.0047179078500927396,0.9812010702354701,-0.17875731958826671,-0.072734314201655242,0.072403560238652701,-0.0083823374803725509,0.9973401931553405,5.1234123630974642,10.490349153755929,-1.3947161346960308,,0.1670753690165981,0.975609756097561,False,8
-0.46880495919360027,0.83337747522123296,0.29275227416600785,-0.88025378335687787,-0.41327259899716962,-0.2331502429851332,-0.073315667639249238,-0.36699828706958176,0.92732791943659454,3.0161089214372652,9.7818300432431897,-1.3461038170967818,,0.4243644684410031,0.3,False,6
0.33957813308770685,0.92424464186730682,0.17452373336667182,-0.93318643096104048,0.35427508328449314,-0.060433851722028545,-0.11768507381508654,-0.142341165315375,0.98279663006025741,-1.8803891106755779,-11.894505019916213,-2.9083386350027562,,0.1644358277409468,0.5673076923076923,False,2
-0.39242260219579433,-0.91890992892511547,0.040112888311864367,0.91238076538173885,-0.39441573537107999,-0.10953340427979825,0.11647248708305738,-0.0063851557951913676,0.99317339349086353,-13.760865316871202,8.3465202274340058,-0.8973073340232216,0.2645480766750163,0.2351125856946729,0.967741935483871,True,5
0.93255682508322912,-0.35489443116894359,0.066239797070638443,0.35918475263802985,0.93055020026897262,-0.071152218881293916,-0.036387930183573759,0.090145812463177016,0.99526360881542786,-9.5234953262474722,22.268024144461499,-0.13949378035299315,0.2980754463720808,0.2713478903586326,0.8085106382978723,True,1
-0.95259592783341662,-0.30332159411275855,-0.023601034301229493,0.28952268841392914,-0.87995397637300199,-0.37663989746031168,0.093475190124245128,-0.36561866748052985,0.92605905795526811,-11.203640348850804,-8.198988757754222,-2.469106580158555,,0.1931695635116078,0.2653061224489796,False,3
0.91429115847113607,-0.40008192367179329,0.063294011506516354,0.40376010672034934,0.91266445151932196,-0.063414313479752168,-0.032395273770747024,0.083534742975684376,0.99597815887363017,1.8269548284478467,-19.462463074462846,-3.6073702203122728,0.2357125420935132,0.2094979575698749,0.673469387755102,True,5
0.89330947857958232,-0.44813999602099058,-0.034186538961718929,0.4489523495907799,0.88620103079530732,0.1144094437284449,-0.020975301590029791,-0.11755116751287767,0.99284528489567114,2.1241930920385865,11.352542991887928,-1.193734947808607,,0.5017670563357581,0.3896103896103896,False,5
0.64353832908488118,-0.76259821917708026,0.065592492760866455,0.76487648324939739,0.63751012914242311,-0.092438090703154147,0.028677244823601358,0.10965760962539761,0.99355564729942047,-10.730251355212951,-12.017514148417185,-2.6823548139881148,,0.230848897485196,0.9830508474576272,True,5
0.99170842551196781,-0.10465432016727359,0.074577959471282013,0.11058923330207822,0.99060304314419034,-0.080471314088487261,-0.065455482934838272,0.088051599552735255,0.99396302525293767,-5.1424377423898502,11.853793958917798,-0.95356597774364038,0.2316055898384265,0.2311250062713054,0.9905660377358491,True,4
0.15470767918215339,-0.98783559587385872,0.015696162798911707,0.98348615858172284,0.15247733022408466,-0.097496869928736393,0.093917569603548787,0.03052047332977411,0.99511204938312758,-8.6896450004963572,14.229396937476213,-0.68174273902609239,0.2676529634088807,0.2322642865304442,0.7142857142857143,True,7
-0.91694025025553294,-0.3930581341249948,0.068745040981140454,0.38330799032797314,-0.91552969601015943,-0.12198508217924012,0.11088535526412571,-0.085502508277379069,0.99014835204944196,16.830518237262432,-4.2139089284587259,-3.2420424341542442,,0.2450923611745385,0.8695652173913043,True,5
0.49960267397188324,0.84008481380627997,0.2113165250807682,-0.85651174679080155,0.51554394704584383,-0.024537038814012674,-0.12955614909957866,-0.16873631581985857,0.97710964581976523,2.0561955733386204,-7.1651084083046106,-2.6846709082737861,0.4486359036629774,0.7996284065295121,0.5107632093933464,True,4
-0.43849421628971458,-0.89825291357985604,0.0294028149293422,0.88903127227657219,-0.43832237701921184,-0.13227581305184868,0.13170504620085263,-0.031862157013109509,0.99077675777932117,16.353713909433541,-5.2784026175964742,-3.2879309896872124,0.1366375945938674,0.1498740758081595,0.3181818181818182,True,5
-0.94855313072960001,-0.31661759964684028,-0.00050376279005930058,0.29582790451234214,-0.88570009602088418,-0.35780049024621785,0.11283974962269289,-0.33954180229018999,0.93379792000336892,-12.615114914011835,-10.338253351994641,-2.5303579135367475,,0.2374821195482529,0.2413793103448276,False,5
0.26980492492317393,0.94862211656550144,0.16529180999066145,-0.95603238958064163,0.28438750886290787,-0.071594796427378454,-0.11492333340070127,-0.13870769540850275,0.98364261938700759,-1.5773973000115484,-11.87960153012477,-2.9303571546365563,,0.1410536723406466,0.5625,False,5
-0.33966416164203739,-0.92426516718985841,-0.17424740461629684,0.93117946245164718,-0.30437838337898981,-0.20064547949020595,0.13241248432181127,-0.23040768314250326,0.96404316995901718,0.94532926285596708,3.3946649555577735,-1.716198787908106,,0.3836956128642981,0.2457627118644068,False,8
0.98194923942443779,0.16690870627110233,0.088978508442630791,-0.16490276044557114,0.9858688714899807,-0.029489791869429599,-0.092643244714328721,0.014284677034451963,0.99559689493831904,-11.328870744530676,-24.298735009178053,-3.7450100513120725,,0.1781606231484764,0.35,False,2
0.58318992707476947,-0.81145683839426463,0.037779735066654802,0.81172422476350115,0.58031589746826928,-0.065857741213069559,0.031516533607225887,0.069074297454109979,0.99711355899947685,11.397828194385164,7.7548948602356713,-1.898296364327321,0.1361511502640538,0.2271057073340329,0.2857142857142857,True,5
-0.99507741253587945,-0.071335099453813375,0.068791326828411839,0.047023576081385597,-0.95091113278413597,-0.30587056223132858,0.087233745496894471,-0.30113007344518999,0.94958462103883989,8.576368057335344,5.3468092939583425,-1.9237142568663934,,0.4168563149322067,0.2413793103448276,False,3
0.10477572662395597,-0.99374558121881751,0.038623398588125121,0.99094414396694463,0.10104337688806735,-0.088430421941070148,0.083974702429016002,0.047538992365542362,0.99533325753580038,4.6011027721269038,-9.5120631087629999,-2.9553602433729957,,0.1628147930345481,0.3571428571428572,False,5
-0.18634236847054686,0.95859969576526582,0.21532102775049031,-0.97893066713603216,-0.16252972477365785,-0.12360759485404829,-0.083494135443098555,-0.23381768933025471,0.96868881355307823,-33.524329941849224,8.1283275387047151,-0.10848881282198544,,0.249685532446071,0.25,False,1
-0.39420420839647019,-0.91676880120822946,0.064327344214863413,0.91084863476932609,-0.39905457793403776,-0.10540497316892303,0.12230211208873905,0.01704138964733834,0.99234660498110272,13.633174893320184,-4.7405529566891396,-3.0978843164706502,,0.2229058448242884,0.9693877551020408,True,5
-0.39488494861588147,-0.9168505933480352,0.058744079139848297,0.91062927032555196,-0.39907452066955751,-0.10720941646476687,0.12173828232312761,0.011158693011238417,0.99249950840657619,7.3530713077498904,-22.496346480834994,-4.237568844490462,,0.1861017868650136,0.8378378378378378,False,1
0.94101521389619114,-0.33131546326071082,0.068705392948784708,0.33609799032893528,0.93870218527772142,-0.076657343103460562,-0.039096139358730471,0.095227470612062937,0.99468749903076181,5.5088986625829932,-10.551134169449494,-3.103764196660332,0.1655665615715303,0.1169826322334492,0.7910447761194029,True,5
0.73802745570716077,-0.67266722089078412,0.053237999225024459,0.67468747111014926,0.73439704478124435,-0.073876903992832546,0.010596742395949821,0.090442194553448235,0.99584532860025499,-3.4928157746697637,7.9012239226521492,-1.3370989144054384,0.2944922364597639,0.2601596422066187,0.975177304964539,True,5
-0.31805512160335575,-0.94690657851905768,0.046998629546052287,0.94038308345370403,-0.32138851271650998,-0.11130624532331654,0.12050143557642443,0.0087951947790946075,0.99267419054431938,4.0489771532544481,-17.791055489171828,-3.5706751894515625,0.149275908747002,0.1433669408963909,0.7413793103448276,True,5
0.22307351915048038,-0.97034247506266547,-0.093132626630415799,0.96933493983713392,0.23091184729519193,-0.08408027824443387,0.10309209215434427,-0.071520625472530894,0.9920971830759614,-3.0595655422077543,-8.5899851234543334,-2.6687018984931998,,0.4669371202896476,0.2529182879377432,False,5
0.14102241231355278,-0.98891281432409373,0.046520155748512163,0.98602165662666441,0.13608790569208692,-0.096132068465984488,0.088735403805208501,0.059426657233443182,0.99428089618657789,-12.294816818295565,15.015944821891956,-0.48540849386990625,0.2869149846949992,0.2868453071525873,0.9473684210526315,True,5
0.39030249904702524,-0.92049781310547973,-0.018647662204082295,0.91722609540828692,0.39051014313451848,-0.078728127191789718,0.079751170146372771,0.013623662396304484,0.99672169971521984,3.8922319292590526,-15.766688348838931,-3.3854927587406167,0.3454733024518352,0.2840274241145342,0.5079365079365079,True,6
-0.31104899599625441,-0.94966133628393301,0.037307753311313599,0.94277785234875178,-0.3132782125486831,-0.11413449374741276,0.12007682211983367,-0.00032849614587624615,0.99276454856118068,8.094732664622077,14.622867487489572,-1.1949772418664064,,0.2968321808667183,0.9130434782608695,False,4
-0.59503609467060758,-0.80289826871678827,0.035866643706033804,0.79364478003595329,-0.59404367004153724,-0.13130148972979699,0.12672809144319366,-0.049663751118548219,0.99069344535229464,-18.451464843020442,14.139500368839897,-0.25376785904385418,0.2540807730204009,0.256247324905829,1.0,True,5
-0.26637784936942527,-0.96344896540534075,0.02844173737133731,0.9538471165859832,-0.26773751619499409,-0.13598639859317765,0.13863087515386738,-0.0090946952183981883,0.99030236138916616,8.342311350750828,-18.978632513764211,-3.9589919571079206,,0.1765643959529954,0.6428571428571429,False,4
-0.26099065651767689,0.82993796245358442,0.49303839169872532,-0.96234144580672321,-0.18345199176668642,-0.20060984123283077,-0.076044847906337643,-0.52682857287283624,0.84656295448813113,1.8504796152839,-7.4346760489945281,-2.6917887076127749,,0.5168594339061029,0.2450331125827815,False,1
-0.99219457398812783,-0.12268788847126287,0.022307159634991712,0.090311257949142423,-0.83034108641096382,-0.54988867682968712,0.08598723182055279,-0.54358197380001827,0.83494001803932894,-12.239788220094669,-7.6707893577117741,-2.3755635243235043,,0.6648360507198467,0.3605769230769231,False,1
0.091717914293093727,-0.99487295755414951,0.042610122332422992,0.9916793672627322,0.087374388607747919,-0.094539667657598594,0.090331925381404707,0.050926560289122041,0.99460878173983902,-10.421716511594518,10.867506706089104,-0.8034152254271012,0.2925012065501236,0.2691712683854931,0.9915254237288136,True,5
0.42743686818208632,-0.90340741638616573,0.033952374543802538,0.90229616234918664,0.42397393778340975,-0.078152002471846185,0.056208176706062637,0.064040144432239834,0.99636313699999857,-18.439140361614221,8.8384817643084315,-0.61534544138031577,0.2915478512863303,0.2900472838913556,1.0,True,5
0.70228568072960562,0.70272773829464041,0.1138795349193828,-0.70378823923189748,0.70942015703086292,-0.037485398719667315,-0.10713046700645476,-0.053821618608197501,0.99278713549752129,4.3744346341487548,-13.348850709880658,-3.228447706027529,0.2311917629912011,0.2262846037984301,0.84375,True,5
0.28505578231954792,-0.95763673264321914,0.04092785431232096,0.95573045375977705,0.28071966255080388,-0.088180331216737046,0.072955470818309706,0.064252310073512398,0.99526335204703276,-8.2765475143067277,-20.54658325762453,-3.4607972090340118,,0.2366831401849099,0.9285714285714286,False,5
0.33462303797854182,-0.94178535086419457,0.032676832031583045,0.93995517525974182,0.33109956174354221,-0.082809110100670574,0.067169122046087174,0.058424593373365634,0.99602955575259788,7.3107556088912373,-14.690634176551786,-3.4382701627439989,0.2339305769796313,0.1436445323939128,0.4074074074074074,True,4
0.5065900099519568,-0.86036404211453432,0.056038173178792137,0.86091333028523753,0.5012403753082445,-0.087099505727826571,0.046848687858444711,0.092367749767924986,0.99462223947021833,-25.276194313859417,7.2275074412584726,-0.5557259609691656,,0.09010785945731177,0.4117647058823529,False,1
0.36500781127008852,-0.92964454403203134,0.050302280895554552,0.92884808922129203,0.35995522839914845,-0.087598291638996476,0.063328704879962339,0.078697238195457556,0.99488502845234994,3.1315366664263489,4.2998940434387691,-1.7472197169134556,0.2871184201977749,0.2551931440488547,0.9225181598062954,True,5
-0.20246264819464396,-0.94081126785599012,-0.27181433803465122,0.97861166658183885,-0.18404357002290611,-0.091908489070047727,0.036442860973409798,-0.28460871843361968,0.95795083134555747,-9.1736988150837391,-8.0807377654017944,-2.5242083239818571,,0.5182831714896997,0.4117647058823529,False,5
-0.756577212654026,-0.64591586585873928,-0.10190002710804508,0.63846533659267568,-0.69602671178449327,-0.32849479516739277,0.14125485925187226,-0.31359131160544201,0.93899284024070839,0.64154138596241905,-5.5084522395048738,-2.5446296944532589,,0.6499360050954578,0.393018018018018,False,3
-0.63172227128870861,-0.77511944549090162,0.01080819965175682,0.76496318540284292,-0.62558153009465367,-0.15322882947659519,0.12553205541283291,-0.088530189349787181,0.98813162515806585,12.913440908967507,-15.702926818128422,-3.9600246487611779,,0.2804015782983603,0.3333333333333333,False,1
0.34176682442101353,-0.9383667228936583,0.051607471271045285,0.93737787794056093,0.33644945889503541,-0.090135872752683338,0.067217197746010982,0.079181152903032043,0.99459147058082065,2.1125803884779293,9.1764962833100121,-1.3259213493813977,0.3574262521854742,0.2336572435376966,0.9523809523809523,True,5
-0.27777564739051497,-0.96046097664241203,0.018852110329725044,0.95345632167952321,-0.27804008757527782,-0.11668227093472587,0.11731041030587687,-0.014436829577012755,0.99299035523293533,2.542201064949591,-17.188737371331456,-3.4473959374632028,0.1547031493383,0.174398918931981,0.8545454545454545,True,5
-0.99715269683542596,0.018824517294826926,0.073021481376743108,-0.027879923811968903,-0.99175895204615783,-0.12504755449246296,0.070065747994837571,-0.12672733953225501,0.98945993975147917,14.673813068445281,-3.964829985831718,-3.1237641673360268,,0.1621624553329702,0.875,True,5
0.4100181828811344,-0.91141235423694023,0.034822553770951156,0.90989933796056177,0.40610391274205226,-0.084633367146337624,0.06299432105978911,0.06638623803073776,0.99580348609268399,-6.3792751117977531,-19.388875477238926,-3.4703014965676111,0.3075946341766685,0.2475676934439361,0.8387096774193549,True,5
0.26796672278983186,-0.96223174434288727,0.047999017241207122,0.96039819675894,0.26284407462543419,-0.092456995930406585,0.07634879920112303,0.070873567803120457,0.99455909741322213,-1.2216983981179115,-13.859754822595697,-3.0811969447892138,0.2430662495900544,0.1894409094978369,0.7468354430379747,True,5
-0.081150630992625483,-0.99602877182940375,0.036623227295116023,0.99175245819057534,-0.084350419506990543,-0.096499059072856441,0.099205023877073084,0.028490216162846541,0.99465907265783526,8.1066455742375254,-5.2571976239794465,-2.8152682237886166,0.1376212734245698,0.1463506520282027,0.8455284552845529,True,5
-0.011004325118319901,-0.99873607787499363,0.049042344760084455,0.99486387911524921,-0.01587062419131598,-0.099969922074284984,0.10062190050108828,0.047690355824366454,0.99378109415549676,-10.713228003667572,-15.453371595367452,-2.9900132264427342,0.2773057367290122,0.2699491570336173,0.9895833333333334,True,5
0.71756470726678767,-0.6944261285826,0.053602638245813267,0.69632957802324991,0.71360862594886965,-0.076732312237599742,0.01503361749851851,0.09238550163931708,0.99560981786629632,0.45084284581664991,-19.084109199079375,-3.530574485075793,0.2155368852149818,0.1336003262623078,0.8888888888888888,True,5
0.29130446504654267,0.94882796839996275,0.12193110770409195,-0.94838477782990949,0.30313700342303129,-0.093135762928200597,-0.12533164733801444,-0.088506742893998916,0.98815916462776121,10.396348256859868,-6.2306478359870958,-3.0019269238395365,0.2267778902880879,0.1832124401592103,0.2765957446808511,True,5
0.99386196063177101,-0.091321244478604832,0.062440639939472013,0.086618215474973961,0.99346839736300818,0.074282085248778523,-0.06881633495837218,-0.068417642080494931,0.99528053246059334,8.5395248392163516,4.9470706873104264,-1.9631403332006783,,0.526065142842265,0.2752293577981652,False,5
0.64064898273967463,-0.76613224200357422,0.051090788574817511,0.76732840773181377,0.63639437833797441,-0.078799174536170025,0.027856697621559012,0.089686024454200874,0.99558044447207839,5.4141035413958569,-7.1185630467997445,-2.7778135036478506,0.2384044469513076,0.2201353714410634,0.9958333333333333,True,5
0.023765859031347904,-0.99919239107192681,0.032399839019165391,0.99469279970610391,0.02038870129679822,-0.10084907075557162,0.10010703350581542,0.034624651383020053,0.99437403192122298,15.392922354966798,7.0655743541265217,-2.1606248718400978,,0.2789057599189267,0.7901234567901234,True,5
-0.11063792676977202,-0.99334984410014726,0.031864343493941211,0.98780505744220115,-0.11344114618156448,-0.1066408685477689,0.10954641779490627,0.019677235050337659,0.99378689303546253,-0.63962929288157366,-18.943534040209588,-3.5229428759875576,0.1582616614965969,0.1706873400808455,0.9047619047619048,True,5
-0.91585162886098492,-0.3947047999524978,0.073647232175695257,0.38364380379780538,-0.91435326536514328,-0.12952041508446291,0.11846191675062917,-0.090367178834792325,0.98883797827005449,3.7352470354442118,-22.804249220906989,-4.0550180764773787,,0.1991869088352483,0.5263157894736842,False,3
0.548658841386366,-0.83442459631832433,0.052048715907040632,0.83502414961864579,0.54384745853839089,-0.083454247315461888,0.041329714761023123,0.08924984537989164,0.99515140545418412,-3.6582804485793998,-12.082077934051725,-2.8643003262597722,0.3218646550789983,0.2492033810150826,0.9715909090909091,True,5
-0.65650431227471184,-0.75180985788867716,0.061514433640540392,0.74349881887858216,-0.65869416652345281,-0.11546212068955042,0.12732475914315405,-0.03006547138134634,0.99140530215434952,17.088755941806927,-7.1601513541484048,-3.5324190558886288,,0.2372572185895213,0.8064516129032258,True,5
0.034383785797581098,-0.9992756598322815,0.016306775922468382,0.99471220823746231,0.032637697043126433,-0.097377633546278236,0.096774883402555578,0.01956876078040258,0.99511390581377268,7.3456738826225116,-7.9315849097389899,-2.9239599189375554,0.2514651219998975,0.2043198811892579,0.8968253968253969,True,5
0.54769392051512999,-0.83467993011837216,0.057799512873006678,0.83567174061447358,0.54233945511254478,-0.086721723729435971,0.041037925984913404,0.095798380392458887,0.99455445247861574,1.8321410350694549,13.528195674595516,-0.97809049402681902,0.1984038700845453,0.2314370929538063,1.0,True,5
0.25783359865646333,-0.96487161193934223,0.050444106468776589,0.96326569109838744,0.25264432523767161,-0.091049729697278856,0.075106882218633528,0.072066756544034397,0.99456791565212832,2.3346012293179794,-7.5749506239196638,-2.7062622475619658,0.1682324021285594,0.1677352840410675,0.7883211678832117,True,5
-0.32355898646911324,0.88443978091086728,0.3362675366689693,-0.94247596244284682,-0.26971132370172046,-0.19747116772960699,-0.083956193890082201,-0.38081764114783612,0.92083075627288236,6.96394541367928,6.7461980060716007,-1.7258106533457382,,0.4691619154491181,0.3387096774193548,False,4
0.6615784485022963,-0.74855517621434131,0.044487128925245298,0.74937500120068523,0.65780381899583373,-0.075704975331675917,0.027405547846518649,0.083422322415605474,0.99613736606455006,-12.732469099294784,4.0617212352136232,-1.3371129022336044,0.2718335178359004,0.2293667003402685,0.9586206896551724,True,5
-0.56040314436267591,-0.82782300517117657,0.025639576786442117,0.81926519748741922,-0.55861834882733563,-0.12942208675230296,0.12146131883989011,-0.051522931426531242,0.99125805699771807,-8.7950447530519629,-10.398010037829097,-2.6329225868997796,,0.3074397333074788,0.9852941176470589,False,6
-0.20944233717637514,-0.97760680547426626,0.020465612341146862,0.97102381841714314,-0.21040440603933544,-0.11332576929289133,0.11509409830520742,-0.0038626169412684166,0.9933470837152929,-21.477457783651843,-10.774178661494373,-2.2132667739523408,,0.2022079031242237,0.4210526315789473,False,3
0.94321152926465979,-0.32459824604635956,0.07062570159545023,0.32966089099367718,0.94082250657786415,-0.078592035638480814,-0.040935412682387873,0.097411445837603791,0.99440198220254516,-1.6130408455943819,10.043756434799183,-1.1850956966680577,0.282964231610989,0.2418524950526066,0.9742268041237113,True,5
-0.90505447370183689,-0.42105466396754027,0.059911347702038716,0.40811356593421794,-0.89946589229371543,-0.15621915983876211,0.1196650196705346,-0.11693621573941002,0.98590375012766762,9.8757014777020746,-20.607520849348031,-4.2376506487548262,0.2628717910469737,0.2896258877889391,0.7297297297297297,True,5
0.93573587619191079,-0.3460938872427744,0.067951388657947809,0.3503955327292092,0.93419696512582617,-0.067074592753964352,-0.040265874518894768,0.086573965849337561,0.99543136769259333,-0.25989827539719801,-9.8783676077660374,-2.8313685897724858,0.154197091004038,0.1130375790703754,0.8198198198198198,True,5
0.65111405798318323,-0.75896752964038161,-0.0043327183441046122,0.75855481026945371,0.65092981395961691,-0.02974856493298518,0.02539849038320164,0.016083104491228919,0.99954802307652013,1.6077616533367303,-5.9415987695943793,-2.5704103259122553,,0.08693878662060511,0.3235294117647059,False,1
-0.26005459921718799,0.95699050362535065,0.12861096919347945,-0.96258713736994783,-0.24643194793295806,-0.1126822879067378,-0.076142027789630903,-0.15310281189078842,0.98527251082896705,14.980443442684406,-9.0012660719023128,-3.5433776826826944,,0.1211488475411951,0.35,False,1
0.15416487904049669,0.94246809705726386,0.29662615545445281,-0.9812087020094088,0.18129106482930707,-0.06605325816390259,-0.11602876010472675,-0.28086907242043602,0.95270661327936823,7.6763025703452188,5.7831729005862424,-1.8558320832063371,,0.3345597117529142,0.2380952380952381,False,3
-0.023360586460218598,-0.99864594368080861,0.046481847748349285,0.99459185270388117,-0.027921963599754383,-0.10003704555710152,0.10119945422429048,0.043893543017168975,0.9938973927655228,6.3494523382810772,-6.4313790122191383,-2.7726324482454654,0.2318184716270461,0.1993182242178457,0.9735449735449735,True,5
0.43529254700005171,-0.89951644060022251,0.037290368945795904,0.89853681044786293,0.4314894803814604,-0.080302108255746907,0.056142664671248788,0.068461678405097454,0.99607278840131364,-27.247502013129388,4.5001866745557413,-0.75450411095390268,0.3589818974130409,0.2699963865924861,1.0,True,1
-0.96067396435699759,-0.26978629574451823,0.065733468150258295,0.25332565600874385,-0.94845512212085525,-0.19041794382476793,0.11371739626965249,-0.16627758703795387,0.97949993253419154,22.502363081936675,-9.5415742474136955,-4.034796879252692,,0.2702555324941281,0.2666666666666667,False,2
0.090888681424240336,0.98397276926862043,0.15341719892765196,-0.99085610609096231,0.1047780365160738,-0.085004353336126409,-0.099716721823471785,-0.14428843474679492,0.98449856423821236,26.770677510765189,11.307607814869279,-2.5366381038387686,,0.1212618327395169,0.4285714285714285,False,2
0.45895377162210332,-0.88718778910398699,-0.047531698671792091,0.88642764777688321,0.46086474112487219,-0.043008320644339446,0.060062140909127759,-0.022394580877623881,0.99794339617872496,21.226228328973274,8.325135053796016,-2.3950184406724704,,0.2043161800867617,0.2083333333333333,True,3
-0.077766321446576372,0.97617556050905496,0.20256770303654364,-0.99259800211921212,-0.056799168214453341,-0.10734552006998455,-0.093282396182865046,-0.20941616354756332,0.97336697345215273,12.821893625162369,-6.2613313934630277,-3.1561100758710978,,0.2823979978807407,0.2619047619047619,False,1
-0.92226977109272268,-0.38015199030806246,-0.070020951103192286,0.37306312081729232,-0.82794643416559044,-0.41872259317899896,0.10120463040117827,-0.41229742470369857,0.90541065620416616,5.2853755863609777,8.5308700236312394,-1.4650390942681741,,0.5360799760415869,0.3157894736842105,False,4
0.52712571084132975,-0.84838940191722712,0.048722763515146914,0.84863086207884564,0.52255222078227148,-0.082248626023975799,0.044318674363505055,0.084703006263333769,0.99542014035914295,12.884399691088294,-7.1590927953624988,-3.2307184028515499,,0.11818139634093,0.7,True,4
0.71480759081751044,-0.69777526418800706,0.046473527916680045,0.69931244420902472,0.71355064059621831,-0.042515746249181086,-0.0034947795445406868,0.062890094546615621,0.99801433983878796,1.8150960410776793,26.061226613883154,-0.014649804913720671,,0.2282616681686245,1.0,True,2
0.97104264863530909,-0.2303076230033915,0.063518291206961119,0.23318292574667046,0.97151487004640302,-0.042244294513505684,-0.051979781372639693,0.055832392616192786,0.99708617795213894,-10.321672622143684,-20.669771364660747,-3.4419810141560823,,0.1719655550683978,0.48,False,1
0.854347253019625,-0.51900763955613427,-0.026867105169537039,0.5192801205795613,0.85042722433063944,0.084390120797167165,-0.020950599721666026,-0.086050021497114992,0.99607051265040925,4.2044271562911808,8.1214296003535935,-1.4627744651681833,,0.6956710603167683,0.4111675126903553,False,2
-0.96212864358224937,0.25006672761728388,0.10851315559582418,-0.26843371023279283,-0.93843244423424166,-0.21745779089102077,0.047453307674358722,-0.23835095835202577,0.97001907416474686,4.8714057247056557,13.197127084666848,-1.1709753577451669,,0.1654650351451029,0.2857142857142857,False,4
0.90340138384740831,-0.42700186003419738,0.039183557647598552,0.42878686071204419,0.90019654935908722,-0.076078910367469887,-0.0027870671496964747,0.085531187582818441,0.99633159550792871,-10.974817415126791,-19.079268519215166,-3.3459117773141007,,0.1129710318592324,0.3076923076923077,False,2
0.30762632816758673,-0.95029144028052659,0.048085556539263108,0.9489440076982717,0.30269868314535148,-0.088762477858680175,0.06979478828444724,0.07293617587749264,0.99489145225833397,3.1483597846816291,19.205777317769137,-0.5849507966048888,0.2248552547671682,0.2616168855424867,0.9574468085106383,True,3
0.9301223505084536,-0.36566713250796179,-0.034058204415876238,0.36329690369768536,0.90257574946707164,0.23102462257869455,-0.053738001900923184,-0.22725440518801457,0.97235161463039566,-12.129645670275622,-8.2425179441406122,-2.4371034544937302,,0.4559256140877196,0.3076923076923077,False,3
-0.9671687399942055,0.2268259898458912,0.11460627691559633,-0.24635903079452268,-0.94752705575704088,-0.20371476763940821,0.062384744321076588,-0.22526084643991356,0.97229917964439794,-23.545957088837312,4.1131210093485313,-0.86236484573858918,,0.265420601236782,0.2727272727272727,False,4
-0.81282511315968287,-0.581803127271184,0.028643612104965049,0.56999855864333437,-0.80454355867570149,-0.16676721901488714,0.12007072316543478,-0.11922576605293239,0.98558015308123004,-4.6085933245307276,-22.930481245794436,-3.7931706066285571,,0.1342150673867347,0.25,False,1
0.61931299417647756,-0.7830699706785883,0.057033641524997285,0.78459379745421165,0.61452437847982966,-0.082294357342158286,0.029393676880346768,0.095714206236140839,0.99497477479785379,-1.5067348252669699,21.304070200183585,-0.29653338586182909,0.3637032853049219,0.3011462733851418,1.0,True,2
-0.81292661340347805,-0.5800434153343087,0.0519611157276565,0.56985515510847651,-0.81068485447368832,-0.13436952378894923,0.12006424703735241,-0.079622252255795375,0.98956802369976993,-9.6049355283499906,-9.2992032951775947,-2.5486913199620274,,0.1983798654030024,0.4651162790697674,False,1
0.56120375412694945,0.79467861368679249,0.23137901223459376,-0.81814026858215871,0.57493617939430941,0.0097411779466074488,-0.1252870594999001,-0.19476727284713996,0.97281491669770159,4.1737015118913749,6.3025341469601717,-1.5971582894214698,,0.2412268265819206,0.2105263157894737,False,2
-0.989951119210846,0.097369520518382005,0.10254734539330379,-0.12601231489163239,-0.93649249833483417,-0.32726548406184314,0.064169136419662376,-0.33689906060510294,0.93935155553954008,-5.6387987397592951,-23.930334418366169,-3.8281401064393732,,0.2633574655106303,0.2368421052631579,False,1
0.032572769761421094,-0.99873534901004035,-0.0382977454670946,0.99476785670868462,0.036108023163727493,-0.095567368502107869,0.096829365015368207,-0.034984472284152433,0.9946859608789701,25.302230151222211,-2.7586966430544706,-3.6357766490530086,,0.1749334222804186,0.2,False,2
-0.214446615683552,0.9674771624714944,0.13416627414509963,-0.97322522527495636,-0.20001490442716288,-0.11325501708756419,-0.082736388067056507,-0.15486115750277701,0.98446569873536938,24.115029643039986,-5.4039666739737537,-3.8216915123344628,,0.3061180608857014,0.5384615384615384,False,2
0.85413409784959504,-0.51740174326562527,0.052444055491066732,0.51985811454903375,0.85222107936172509,-0.058879305609519414,-0.014229674212068277,0.07755429038568834,0.99688657750748666,-7.7368805589131071,-21.993241058558997,-3.5942646516869106,,0.1244685664945498,0.25,False,1
0.93877859559189525,-0.34036364149627218,0.053360472317120343,0.34235701462509605,0.93895704410574632,-0.03393145828270841,-0.038554156656588345,0.050122458754500387,0.99799865537629995,-20.557008134167884,3.2338986223217479,-1.086646135107775,,0.1004780998895207,0.1,False,1
0.8782130613934892,-0.47753712677745136,0.0264596172877056,0.47783854196597425,0.87842608539310363,-0.006159570827514782,-0.020301394279885331,0.018052840499036639,0.99963090605493432,17.613282862747358,-12.741836230343806,-3.9835378834504587,,0.1336474934860191,0.2941176470588235,False,1
