axis_00,axis_01,axis_02,axis_10,axis_11,axis_12,axis_20,axis_21,axis_22,location_x,location_y,location_z,dbh,dbh_approximation,score,reconstructed,number_clusters
0.84983800392879327,-0.51542255217526756,-0.11006797802930583,0.51058829533083228,0.85692801978648425,-0.070526318321403839,0.13067118943929845,0.0037365243142137503,0.99141872013623511,-24.821095937767904,4.5642328658617739,-1.5966807452790661,,0.1751387813506029,0.3181818181818182,False,1
0.82769764385284372,-0.5418429027053101,-0.14602355682675694,0.53916867814038805,0.83999977911511237,-0.060807134440880845,0.15560766971071757,-0.028401406205480227,0.98741055962185953,-4.7360313763370998,-5.7406090946241974,-3.3152527231654956,,0.2816956050088846,0.2547169811320755,False,3
0.95134584585078108,-0.28190436897922572,-0.1243825081467908,0.28958207555736781,0.95593231243709209,0.048328413532425951,0.10527726771886156,-0.081995980322810941,0.9910566866292525,-1.5564519026113981,1.3550818655617585,-1.7191180591077559,,0.3868098940847359,0.3042505592841163,False,5
0.50062223645971704,0.86561822044909087,0.0090814530015848258,-0.85912785747623166,0.49810081550147162,-0.11745170115868325,-0.10619181169172552,0.050996804050035656,0.99303707136557162,-7.0230095130372865,7.8050348739424251,-0.34571058586536696,,0.1033120395902222,0.25,False,2
-0.60466936088807999,0.79628220491006041,0.017595855954539157,-0.78105556992781511,-0.58849106977815613,-0.20887904987359762,-0.15597166629851772,-0.14004610289091801,0.977783170430505,-14.930770001180861,-10.114908155164517,-4.3040882271891565,,0.1905809464455794,0.3125,False,3
-0.852745396721177,0.52034281816881756,-0.045482303712277863,-0.50608135733796977,-0.84463292940524404,-0.1745762707794937,-0.12925536014340458,-0.12585136528639557,0.98359264216938413,8.7702810941711693,-4.5680789081165605,-2.5950383498744771,0.2916017425207472,0.2471100895886237,0.9961685823754789,True,5
-0.38027939243997722,0.92469447186948694,0.018102966041321368,-0.9118292325123849,-0.37156935613767672,-0.17465298255486186,-0.15477414002784262,-0.082923743725448612,0.9844636195945482,6.1191019474574233,-8.1942194488451587,-3.385660983474438,0.3824187967914248,0.2588277926677447,0.1944444444444444,True,6
-0.56128540041868247,-0.80777852333716893,-0.1801459311560013,0.82260651945716579,-0.5205796634025377,-0.22872544283106963,0.090979192255193547,-0.27656946918798569,0.9566776443973537,8.3850503770475502,-2.429446907794758,-2.1501220222166575,,0.5101245480234923,0.6939890710382514,False,2
-0.99350983732358222,-0.082498014877666337,-0.078308879972285972,0.10414023631833455,-0.93662105285928798,-0.3345083175652297,-0.045749473448674645,-0.34049240943375436,0.93913359262522711,8.6314861000428476,-5.6861962247202316,-2.8042140807195244,,0.1338070924201817,0.3793103448275862,False,2
-0.8397372175015424,-0.53364382806714061,-0.10032781423222331,0.54022391424912364,-0.80243379226153178,-0.2534918766156673,0.054767946977434576,-0.26706604764107533,0.96212067755622632,9.5220196623155946,-5.1896729341969667,-2.7416679255230187,,0.2492568197639671,0.4,False,2
0.59827167791566815,-0.79221889248018396,-0.12025067900615451,0.78577884392722275,0.60943206983584308,-0.10556590686389745,0.15691592602526944,-0.031333347300766604,0.98711479246669243,10.106697908479378,-2.8502124272543727,-2.1976716801345124,,0.282921679884048,0.4375,False,1
0.98600585015153985,0.16155511141544188,-0.041138904245053967,-0.15791389423853572,0.98419412269778805,0.080156913947285607,0.053438426935680905,-0.072538781508074524,0.99593295944253413,7.7302293175016459,-3.0389366096504844,-2.2859453376480485,,0.2205410882443335,0.2948717948717949,False,8
-0.14842308664494858,0.98874893498126959,-0.018604594168973025,-0.97622746994493836,-0.14949652721273612,-0.15694175759254492,-0.15795731789218109,-0.0051314641904399091,0.98743260721913162,3.0975570818963556,3.7629818826350827,-0.86007365438057037,,0.3087184587846307,0.8366013071895425,False,5
0.82779072443259449,0.55947057380475007,-0.041895030611595781,-0.55973799876501629,0.81848963725118251,-0.12949164625938261,-0.038156117227746235,0.13064222425775715,0.99069506911011296,-24.171177387793261,3.2773379779218406,-1.8450857287252078,0.2930822975920628,0.2634274237970796,0.9423076923076923,True,4
-0.87260675469331928,-0.46796290274055774,-0.13988628711287182,0.48613369888982633,-0.80443306532770575,-0.34141099896044202,0.047238527361562976,-0.36592098199762013,0.92944626335609559,5.2337173513535609,-16.671381072643705,-5.1940659151135566,,0.290503565960459,0.3164556962025317,False,5
-0.5496592704154748,-0.76330374093302999,-0.33947324714028854,0.83028335807390208,-0.45430147469874149,-0.32286175894967045,0.092218391613898137,-0.4593229464812229,0.88346941038383175,19.781685290836975,1.6274249427352649,-1.0050719132468338,,0.4525542517055057,0.2037037037037037,False,1
-0.43254533956630836,0.90115048559983058,-0.028850156371436005,-0.88688860305016093,-0.43102304198629227,-0.16627610488767469,-0.16227487482417294,-0.046335079368360774,0.98565710336847201,5.6309209118668306,-10.135757865284479,-3.7910288790742239,0.312407401510327,0.2919458389053096,0.9656862745098039,True,5
-0.70300054671682977,0.69855280729731384,0.13346987200443958,-0.6989710462525095,-0.64400864638591326,-0.31095391922414717,-0.13126198161124994,-0.31189235129644782,0.94100661707889299,-4.9633376901330539,-5.5115550568943714,-3.2701788639994187,,0.3508671265278153,0.267379679144385,False,4
0.1304360253430091,-0.98756526473756079,-0.087757000726713635,0.97892633778489557,0.14230991156662887,-0.14646198913352865,0.15712946408541426,-0.066803719609979759,0.98531598716477797,4.0901162073124304,-3.7438376450297399,-2.5525066091982795,0.2640251011548942,0.2119490202700308,0.9689349112426036,True,5
0.5694546535451479,0.81616547369770631,0.097955689470158938,-0.8219225369330172,0.56718875358816379,0.052347503137194412,-0.012835140722588186,-0.11032151805928041,0.99381307186800849,7.5704041816988275,-10.724460890668064,-3.8037899671072526,,0.2133136824654685,0.22,False,5
-0.22659095980633029,0.97398175094342498,0.0040107060760101107,-0.96073930250467943,-0.22282946800506459,-0.16530886489055605,-0.16011411417133159,-0.041310737318063215,0.98623369108207315,18.453663048481623,0.0061531797531854671,-1.4554374123196125,0.2493558893705799,0.3276179617282263,0.9879518072289156,True,2
-0.88148801315467751,0.47114159509005449,0.031693533104077957,-0.45306827481154915,-0.82494052781068761,-0.33793825461866839,-0.13307148839592478,-0.31224785499891666,0.94063449651002595,-14.717053948429321,-7.6436970462858698,-3.707128772648943,,0.3529325265023398,0.3870967741935484,False,5
0.996027849128165,0.059381896124804712,-0.066349937255015923,-0.066255041345334692,0.99208015845981545,-0.10671095860630259,0.059487757206417191,0.11068310441513167,0.99207381637637226,-2.2494046042898215,2.6887990702690989,-1.280729137188493,,0.2709926919017007,0.3160919540229885,False,5
0.79081851714182005,0.60972234841008965,0.053336017801275247,-0.61185330836581442,0.78976907078831393,0.043592933693098385,-0.015543551313020862,-0.067107918127806032,0.99762464150457464,-3.4332157425130108,2.2194873527161327,-1.4818957006989031,,0.2738758957920038,0.2894736842105263,False,5
-0.76654521822090038,0.64172072767478328,0.024554757079212682,-0.62957091418809885,-0.74338985242347044,-0.2258583434858521,-0.12668422329175211,-0.18858959405640013,0.97385064182481718,10.182621034043283,-5.9347568508749422,-2.8582079625947654,,0.1492951550560769,0.1627906976744186,False,3
0.093876999135322492,-0.90554790377524264,-0.41372708758505267,0.98438062530618997,0.14659302721693662,-0.097494968553090963,0.14893587061262428,-0.39811239410452631,0.9051655252522719,0.74696949346232544,-9.0997013144176417,-3.6715708964101741,,0.414972406906192,0.263681592039801,False,7
0.4626315073486002,0.88540295108081257,-0.045096592174464732,-0.88019650723532039,0.45264177981174053,-0.14272185473711643,-0.10595374962267604,0.10572148970879966,0.98873493392043543,-11.485218154521489,-0.23513022669669931,-2.3504193190583647,0.4354420026408847,0.3501941519118008,0.9738219895287958,True,5
0.55545153078479448,0.82091815916634681,0.13254045759603006,-0.82684710545520745,0.56217576651051138,-0.016800944874164891,-0.088303234081056808,-0.10025858317000028,0.99103519380068983,10.431442858552982,-10.967816067152549,-3.765799208407739,,0.3040737228932371,0.4262295081967213,False,2
-0.26984327758953536,0.96287029644655187,-0.0080868881942787393,-0.94939605362738522,-0.26745018939583254,-0.16467400993745474,-0.16072255254470219,-0.036758514837560367,0.98631489529990013,14.771116746966518,1.4459947567055274,-1.1771759237027462,0.2462282046650909,0.1550146810139461,0.639344262295082,True,5
-0.96594461400018061,0.25051597499018818,-0.064751439819972348,-0.19286278875224838,-0.86390334753194953,-0.46526868671532107,-0.17249622430288056,-0.43693563873619806,0.8827979951288083,8.6071861240378773,-7.6273896609627254,-3.1887727509526216,,0.3495099004346513,0.125,False,4
-0.55871235178971324,0.79257996785386886,0.2442488536602947,-0.8109414542770671,-0.46035152292280779,-0.36117922570054845,-0.17382308734055921,-0.39986681520152695,0.89994003378446552,3.7149441579196649,1.9965777478286488,-1.2752533361527294,,0.5992352509931727,0.3133640552995391,False,4
0.98300735649251714,0.17167925967753833,-0.064982835257982305,-0.17662393951876587,0.98101728305006353,-0.080056694572928883,0.050005210433164443,0.090173844066027437,0.99466987326242629,-3.3895559116599028,11.695057401494102,0.51416605787653713,,0.2242231707041341,0.1764705882352941,False,5
0.18962730409881817,0.97159077676520633,0.14160807902446054,-0.96626725449530348,0.21026363400288117,-0.14871717152370675,-0.17426726149889285,-0.1086304134240773,0.97868807842386185,8.1298597058457762,-10.552011696356985,-3.7552316610050482,,0.2646530459337829,0.2647058823529412,False,3
-0.97676874461611973,0.20737876158743487,-0.054008043692702193,-0.19330320012354643,-0.96143009174372784,-0.1956682179395654,-0.092502391120701244,-0.18068267191989085,0.97918184200119029,3.721198508921796,7.1305597005531922,-0.14537524521496636,,0.262988278296062,0.9142857142857143,False,3
-0.88171141756484395,0.47145810403721577,-0.017670095456097601,-0.45514424733873132,-0.85986824108922522,-0.23123650680760327,-0.12421227898341471,-0.1958414259133055,0.97273708968353334,-2.7847922384210579,16.150905869306243,1.3547854995499848,,0.1922690149646222,0.9310344827586207,False,1
-0.57025965102982934,0.81734914507817957,0.08212372036937457,-0.80789869034412898,-0.53993907027009569,-0.23614721369541347,-0.14867291800317889,-0.20101287380621807,0.96824076965214956,-8.3961729736162098,9.3259611634687385,-0.043215628254799007,,0.247055724468317,0.7093023255813954,False,5
0.72655339274539599,0.67696256016226197,0.11765143275247418,-0.6822398261299002,0.73110020378269835,0.0064274155879769368,-0.081663866748996575,-0.084936353627010908,0.99303415283672369,-0.096258280543071839,-7.5098066606590583,-3.4336413249575481,,0.378914385341613,0.6390977443609023,False,8
0.8516728076738378,-0.48156492716633598,-0.20675746562638087,0.50777441229449505,0.85587892993600745,0.098165184819139051,0.12968644835888909,-0.18859076916667214,0.97345515916100667,4.7005832010688717,-4.7682418093001759,-2.7474167152114544,,0.2531961982284437,0.2527881040892193,False,5
0.39616710806163735,0.91730875302383363,-0.039953399303916441,-0.91110348184475232,0.3873507313721381,-0.14088951797716739,-0.11376320960858927,0.092217474110544456,0.98921881785994303,12.707674057750564,-13.906129647024448,-4.4506669149756943,0.1337053540392482,0.1978525303512652,0.6341463414634146,True,2
0.8950149032534862,-0.43761132980972839,-0.08628236770230141,0.42639619622196212,0.8962142529126752,-0.12241853096495964,0.13089922383878413,0.0727759362587512,0.98872091931953543,6.6864213372011392,-2.2792935038481756,-2.1799584470983677,,0.101483749996605,0.36,False,4
0.44195960803944023,-0.85922283318463144,-0.25769716295644451,0.88230690666976352,0.46822286082253284,-0.047977859956416333,0.16188337562720431,-0.20616371052476562,0.96503383213139393,-2.8480886105454211,5.1905763955775432,-0.7801314354390374,,0.9149100390370084,0.3763066202090593,False,1
-0.72225547885590136,0.65260692589877489,0.22902232103352826,-0.67563584687045342,-0.59495821525948211,-0.43536298018882869,-0.14786218477446858,-0.46917898755613924,0.87063646371463121,9.0080625886701355,-7.1379130813789322,-3.1270093439129063,,0.4284688052463416,0.2738095238095238,False,1
-0.11375905519400298,0.99331780092083299,-0.019458256221160555,-0.98391334648496676,-0.1153541908586706,-0.13641091327344657,-0.13774397979629505,0.0036272613831856426,0.99046122539185588,-2.4072143658268228,-7.7315328197589386,-3.5749497056698454,,0.189110036740169,0.2476190476190476,False,7
-0.44609355857333044,0.89392223539791371,-0.043629967460228194,-0.87957848858891963,-0.44689924521070906,-0.1631647849314663,-0.16535482881069991,-0.034410778708078626,0.98563364334710524,-4.944548987290422,5.9807955308886971,-0.67653488062178324,,0.2623362806854251,0.9584905660377359,False,4
0.23043826730190678,-0.96736553904989109,-0.10536659253107047,0.95975797400701579,0.24380609337639236,-0.13936721336989796,0.16050805678483498,-0.069010888207988549,0.98461904359803099,-2.6587803613269707,0.45186989870464833,-1.9654714209460269,,0.07176825400521566,0.2112676056338028,False,1
0.55247984287182439,0.83278273797182378,-0.035198502190807647,-0.83089850788795594,0.5468963419527515,-0.10252834119533605,-0.066133900609992705,0.085891224783741102,0.99410713944486706,-4.6587920780614098,1.1740466380019869,-1.8503367590356352,0.348547351122549,0.3652075075590377,0.3557168784029038,True,5
-0.69502312453418513,0.71787798203357667,-0.039925671868364314,-0.70309201660783416,-0.69022084177392362,-0.17104620943834903,-0.15034783851146627,-0.090809649775218909,0.98445372413467658,-21.590086324318456,-8.9620167160355404,-4.1985916475042027,,0.2893079891901273,0.8518518518518519,True,1
-0.95883240186149132,0.28115809803975189,-0.039881688118648354,-0.26253669744982244,-0.93119761864359873,-0.25287443034959467,-0.10823542688354978,-0.23199379073406448,0.96667676781237244,0.68324300132517113,1.3116041986893152,-1.6271322657177536,,0.1880211273648413,0.2198067632850242,False,3
0.99210609713553999,-0.10120267572067067,-0.074050728919194175,0.092368953821112709,0.98914267198922434,-0.11430114093923872,0.084814317166857889,0.10655887047541059,0.99068246109766422,-13.959941251872051,5.7061447935760503,-0.86451061002092211,0.4857198804854868,0.168046939555321,0.9,True,3
-0.5129339228065104,0.85790976595963075,0.029826570460202637,-0.82760657754307343,-0.48499174437050585,-0.282578061250154,-0.22796083795636232,-0.16962853935451536,0.95878048321536458,9.3675732108655279,-4.4523950025971804,-2.5572034700127637,,0.2853243019845688,0.25,False,4
0.16155651497026527,-0.96161458167862024,-0.22180371677164346,0.97856036121439782,0.18519256280162058,-0.090129540900397168,0.12774627951768691,-0.20248731067901718,0.97091697744110417,0.26690430411570865,4.7916746258273024,-0.79700893522138683,,0.430658144428002,0.1833333333333333,False,2
-0.90227732865022114,0.42877074027438311,-0.045290997873524703,-0.41449248908192932,-0.89152806197954271,-0.18268467696462401,-0.11870803973821134,-0.14605946387536783,0.98212780956144041,-12.816132419405918,12.231268066523912,0.47416992372973399,,0.3352604356459008,0.8392857142857143,False,5
-0.070492315816058818,0.99726207196458827,-0.022342632606451397,-0.98631825061597878,-0.073029905833148945,-0.14779357684229105,-0.14902060902011446,0.011618634812198929,0.9887658294117857,-11.544674110626929,-13.232685659833617,-4.8538352273634571,0.2571477861167142,0.2428948705780868,0.4318181818181818,True,5
-0.99038995304869459,-0.11849468094766631,-0.071321465824222705,0.13138331084083424,-0.96716276715063709,-0.21756517981980503,-0.043199149675725391,-0.22484481854077523,0.97343651104869733,14.729381817302245,-6.8862817995165182,-2.984842014072687,,0.2596732938839768,0.7843137254901961,False,2
-0.024007731643419041,0.9892344747014743,0.14435644385837862,-0.98804087728348766,-0.0014789324923730682,-0.15418507572252585,-0.1523116989538742,-0.1463317013527235,0.97743960403750951,10.496462015424829,-1.3033933187665543,-1.8948432169011353,,0.1411134987477514,0.1875,False,2
0.1246486875916628,0.99214063627228877,-0.01093903738422667,-0.98217865552639283,0.12181903371637801,-0.14312655816715175,-0.14066909152348692,0.028584626665839982,0.98964393890344771,7.182768307959229,2.4641755762097306,-1.1015143727083385,0.2441357843095242,0.2228594638403305,0.9642857142857143,True,5
-0.24079043153379256,0.97057628126786655,0.0012846485935192539,-0.95741858909561706,-0.23730851069347994,-0.1644211543768031,-0.15927841453231484,-0.040820987159565648,0.98638939251767643,-2.2351080624171908,-3.3174792260680297,-2.7055425825655162,0.2715316015375897,0.236434478935241,0.8291390728476821,True,5
-0.95768879191563283,0.28340369834841056,-0.050145005749520112,-0.26963267449958361,-0.94442499848262373,-0.1880415993425352,-0.1006498816759262,-0.16656460009119586,0.98088013300050225,2.8605246380010989,-12.107527194078157,-4.2570414369391454,0.3118952749339204,0.2835301948424974,0.9788359788359788,True,5
-0.93401168463273365,-0.30495676355175538,-0.18607403186248786,0.35722272532295751,-0.80274083721257083,-0.47749248453153709,-0.0037546614177879842,-0.51245343265051913,0.85870680787003117,6.2438019108448497,-7.7534640427633992,-3.300637824582167,,0.5742515086189868,0.2674418604651163,False,1
0.41612240664263123,-0.90492748422072211,-0.08915374917467149,0.90297585574293415,0.42278461375726201,-0.076731833781289879,0.10712957871317058,-0.048573847614517204,0.99305782041765367,5.2399831431602486,-11.202642265637785,-3.9510391643801426,,0.1125170063683955,0.5,False,5
-0.80832995892305382,0.58785482875565376,-0.032083918341062632,-0.5733738355886594,-0.79844193860574952,-0.18366522626192047,-0.1335856360908762,-0.1300660254799631,0.98246511736857245,17.880724056246908,4.9025451019313406,-0.29601851335397211,0.2069293923898855,0.2021146840166299,0.9642857142857143,True,3
0.9508175107131005,0.30559857025550125,-0.05055269705107289,-0.30951149939828448,0.94376695144727007,-0.11621778304611474,0.012193976446171748,0.12614854423940675,0.99193641516213626,-7.8043253218968376,4.1204845124468346,-1.0587233966902239,0.3153327796297441,0.2906648133073413,0.8935185185185185,True,5
-0.75982656601195009,0.6483717633224868,-0.047724690764604158,-0.63419978348236472,-0.75536216280403246,-0.16498071897932981,-0.14301826531394479,-0.095089744610571958,0.98514147017394749,6.1481261310210913,15.569056228845788,1.4479531469933009,,0.2244608508626322,0.8048780487804879,False,4
-0.77320906191305061,0.6340295837341936,0.012419079087662516,-0.61566062767732399,-0.74582524864139321,-0.25437509708493067,-0.15201887416865068,-0.20433106821736499,0.96702589234086533,19.159128664779058,20.816888161723238,2.7519952100860228,,0.1769895471736584,0.625,False,3
-0.25755400649703647,-0.92890080471783176,-0.26610003519708492,0.9575086503087632,-0.20836324516881582,-0.19940396848260594,0.12978103991422107,-0.30615037654277888,0.94309534439604747,-17.675410202805825,-10.059563069440028,-4.3168211399622551,,0.2718695393714998,0.1891891891891892,False,1
-0.70649583110768066,0.7075821304520501,0.013826398388851906,-0.69183679442806789,-0.68639558317349991,-0.22410478191106997,-0.14908216024382162,-0.16789470529129544,0.97446697092933154,-2.8867887791265008,1.6004737248320251,-1.6102396638797696,,0.08191652936454005,0.2828947368421053,False,2
-0.87693871758863384,0.47916350488156356,-0.037159402358185115,-0.46265933115937319,-0.86260131835469556,-0.20461013871238681,-0.13009546066317329,-0.16223840840675308,0.97813796059271718,10.183604922870675,15.130446109935026,1.4753120963213211,,0.2679103332735152,0.8163265306122449,False,4
-0.49641101958788975,0.86225984630416752,0.10041940590954795,-0.84167136344146753,-0.44975385570189891,-0.29884910112606788,-0.21252156500998851,-0.23287212528078699,0.94900219055222257,6.1449605336289759,-9.422449247219296,-3.6208519414435067,,0.2836689397880838,0.2093023255813954,False,4
0.99794877744563637,0.024166198113986095,-0.05928096206604036,-0.027065037127856382,0.99845182467831728,-0.048594624824217308,0.058014837412747253,0.050099387873049482,0.99705783682528593,-2.2161554274663025,6.3162849922809086,-0.54081917562946735,,0.526920480262698,0.2151898734177215,False,1
0.40537519427105678,0.91299147160290817,0.046016569299115878,-0.90655070601350085,0.40797283637346143,-0.1082773393089119,-0.11762979765402706,0.00217659407107057,0.99305513096812692,-17.997666294020036,-10.139404216206714,-4.3679444028334702,,0.1858973776311602,0.5,False,3
0.99006508484050559,0.13241167894827763,-0.047310411727876978,-0.13444733433528588,0.98999631547962663,-0.042792635194625603,0.041170888621680772,0.048728252737633773,0.99796318334657985,0.16147940008728134,11.331236630944449,0.55804031181561453,,0.1523839997057403,0.5483870967741935,False,1
-0.25710830600224588,0.96618243067045506,-0.019667985366713117,-0.95329395692014951,-0.25691179246440954,-0.15882998014306754,-0.15851167365269528,-0.022087135542072929,0.98711002819309179,-17.859632511501744,0.53788932931674405,-2.1952134431218817,0.3463097048340149,0.2901881065713271,0.847457627118644,True,4
-0.99124905381699979,0.11921978398123993,-0.056674124734051923,-0.10548624525939471,-0.97350546904011259,-0.20287866770576765,-0.079359721319944385,-0.19512494678143782,0.97756242244450242,7.5670932167809388,12.810009946599463,1.0395614354192866,,0.249076173666874,0.7894736842105263,False,4
-0.63678735213358628,-0.76183297388368731,-0.11879557258682841,0.7671667896459512,-0.61060099040895033,-0.19652365602118715,0.077181507027400106,-0.21627979659493324,0.97327594471343715,-2.6044874564432292,-2.1092785756350083,-2.4844696584084751,,0.1715050002836139,0.1560283687943262,False,1
-0.13280218365231788,0.99099197680608719,-0.01727662939178834,-0.97901286433017831,-0.1338757122714738,-0.15365905485791437,-0.15458781159327539,-0.0034922155962566759,0.98797288066881328,8.8601901726076395,7.1082718824076672,0.0058433015809042236,,0.1747686522817435,0.8686868686868687,False,4
0.94699449012543624,0.31880850183089582,-0.039529417304145865,-0.32109218307454085,0.94319090672807515,-0.085385733198807573,0.010062089270685352,0.093552405772444031,0.99556350964350737,3.318462157792089,17.333179403159118,1.6758536865859284,,0.2540501859698038,0.8333333333333334,False,3
-0.86341474113962891,0.50185688075606882,0.051523354127802574,-0.48571946608231309,-0.79933269349478919,-0.35375676018852387,-0.13635096278172279,-0.33046469758229391,0.93391728680881758,3.3728235229157506,-8.0696085084189555,-3.4961297041892645,,0.2237823481326433,0.3461538461538461,False,4
-0.54197263105134719,-0.83465620187516387,-0.098054535145529156,0.8330667026948626,-0.51820047868163466,-0.19356686895032982,0.11074988059763152,-0.18659391352734511,0.97617476682311344,11.402152403289122,10.891301793100425,0.81409705604481442,0.2785165572731338,0.2395995456003489,0.864406779661017,True,4
-0.66328414668887481,0.73911671532470913,0.11730567709545933,-0.73258912718202185,-0.60925527023935599,-0.30351472191683371,-0.15286370231645796,-0.28725336693097681,0.94557823140178243,8.8201057702038099,-8.8964202322314225,-3.4072965698963609,,0.1393504042227733,0.2777777777777778,False,1
0.51113234567329346,0.82069450560647184,0.25535123589648995,-0.85949559203797998,0.4891996173312313,0.14815890682054411,-0.0033245261013380711,-0.29520207125005921,0.95542905788754207,-9.303127237630834,-3.0658136667154801,-2.943914400280577,,0.297324022575129,0.2307692307692308,False,3
-0.3160362136306783,0.94836015483343095,-0.027094803898452688,-0.93510726064367922,-0.3161907833980398,-0.15999312355726272,-0.16029823069971791,-0.025227073124822801,0.9867462044599391,-4.3409577768566869,2.962461352182963,-1.312944716079111,,0.06833552365165559,0.1686746987951807,False,3
-0.99508548056735047,-0.062450817573161441,-0.076842577705912296,0.088871173709258913,-0.90549555483790334,-0.41494543575310816,-0.043666930823956403,-0.41973526841717967,0.90659555679430437,-8.6140006928877959,-2.4775084359505071,-2.8013549665270272,,0.7300379529037375,0.4888888888888889,False,2
0.32424561575896987,0.94565143813833075,0.024660458389776624,-0.94297224062488105,0.32518198246950014,-0.071133899711024365,-0.075287011309912139,-0.00018927258950640624,0.99716188761098823,-3.1660916666028038,22.61738700730886,2.4686484652394718,,0.2215980379732754,1.0,False,2
-0.89986184870783281,-0.4270719206707223,-0.088646645817782824,0.43597429303990221,-0.87451079967284351,-0.21250241660725561,0.01323136608520608,-0.2298704762038534,0.97313128360018053,-10.648359851925182,-22.5636079198283,-6.5245119684318569,0.3714587429917611,0.2488900877538004,0.9736842105263158,True,3
0.76815112591477874,-0.59705422113435447,-0.23123603694387149,0.62412381530244843,0.77883462475641352,0.062338515003587169,0.14287515854120125,-0.19220531810068775,0.97089845234485816,4.3585954157224629,-11.67265534132928,-4.0612642053135346,,0.4378295538212096,0.2098765432098765,False,1
0.087536506148103085,0.99335801749470054,0.074680714849166288,-0.98554503569617014,0.097275685145774365,-0.13870264487044384,-0.14504600203390436,-0.061459662856377252,0.98751423642171499,-12.059511591753134,-10.844361120227488,-4.5258793054640201,,0.2903631422447197,0.2708333333333333,False,2
0.64334690418402218,-0.74636613898337867,-0.17041815471327712,0.7494812668335824,0.65942280626670546,-0.058646340387715296,0.15614926046050687,-0.089995272955789324,0.98362506032697739,3.5803515672115029,6.1063264253831644,-0.38983040302250754,,0.1431768117296424,0.3010752688172043,False,2
0.42833891246048772,0.90333091732246829,0.022782227316836906,-0.89690786059430383,0.42808978576495582,-0.1108847371276343,-0.10991845011787982,0.027062688947400625,0.9935721137343887,-19.848420456886863,-14.318636592488055,-5.1518030321742678,,0.1834426112152915,0.4736842105263158,False,1
-0.36953903421519024,-0.89226514043690874,-0.25942980043242531,0.91973850482708319,-0.31145333097983119,-0.23890982683851575,0.13237063469571417,-0.32689408343173082,0.93574476930816064,-12.868254635249626,5.9356384564685074,-0.70689525219585481,,0.4135412406389614,0.2142857142857143,False,2
0.9137506104988794,-0.39339211898419846,-0.10150104696035242,0.38930930188566243,0.91926994948753893,-0.058146602948724604,0.11618127765790705,0.013616192210034374,0.9931346887665724,11.118010118456702,5.169245766484206,-0.40482939370607796,,0.181613546938205,0.1764705882352941,False,1
-0.99289278031832229,-0.070514793316754476,-0.095872784017401014,0.11015802631912373,-0.84942843431728621,-0.51607804081433206,-0.045045932438202083,-0.52297131747045134,0.8511591302888043,1.7544868341781992,-0.25498807113524452,-1.9658461082015866,,0.68695195837049,0.2958115183246073,False,1
0.27812319616783648,-0.95635528666681036,-0.089621724028437363,0.94686885657607678,0.28865597492981071,-0.14183475097321244,0.16151426005062131,-0.045412485086844201,0.98582495910711099,-3.6103019497383237,8.762388450477383,-0.06452236872708543,,0.4048064384746131,0.4941176470588236,False,1
0.96140545007865585,-0.25255174616651571,-0.10916581913447482,0.25672364555979571,0.96614079943683628,0.025786148879574283,0.098957214843312352,-0.052816391128086025,0.99368903509028417,-6.0072373417970102,-15.21988657560647,-5.1546342069884972,,0.2108656652835465,0.2962962962962963,False,1
-0.97148369328791262,0.23342586534526769,-0.04161488992525169,-0.217823568751525,-0.94795341996942439,-0.2322438512956212,-0.093660699186091489,-0.21655641056335853,0.97176694452522294,-21.060932355358073,7.9256298669706053,-0.7573187479311102,,0.08550313152062466,0.1428571428571428,False,1
-0.42650336271838246,-0.89837738183505511,-0.1049426576617189,0.89775239247572414,-0.40633802250583895,-0.17008836900317273,0.11016135163489491,-0.16675578332770716,0.97982497688757542,-10.677092944190559,6.1757226014835318,-0.61744096921735692,,0.1935163135636906,0.3333333333333333,False,1
0.28180738328471344,-0.87358475956093562,-0.39677987170355078,0.94576835210354249,0.32255794155728829,-0.038452548649943838,0.16157605913492851,-0.36442563329325317,0.91710802794067781,-16.610671583857812,-13.586664654277714,-4.9603792855618893,,0.1692545916735061,0.1111111111111111,False,1
-0.98324185241868656,0.18200319770398565,0.010502174907846017,-0.16089437522436364,-0.83923248772501291,-0.5194245196061209,-0.085723157159735719,-0.51240966771950336,0.85445179662410287,10.062937986959854,5.9449467994947494,-0.23903809647793531,,0.1852202015942085,0.1071428571428571,False,1
0.3699302405727814,0.92840223539662692,0.03494147135297563,-0.92162241634437581,0.37145854488757046,-0.11238625859758745,-0.11731896181487059,0.0093722324211231237,0.99305006039883337,-9.2837101857405102,7.9301644494194132,-0.33186581096985396,,0.2875017396918845,0.15,False,1
0.20051980197243877,-0.85700098861502205,-0.47470107913276272,0.96658801995617927,0.25204087671892894,-0.046722544236667343,0.15968534276547613,-0.4494715808320135,0.87890607537452159,-9.4601142004943526,-1.0892549609933231,-2.5606860350007712,,0.6048794344514319,0.267175572519084,False,1
