axis_00,axis_01,axis_02,axis_10,axis_11,axis_12,axis_20,axis_21,axis_22,location_x,location_y,location_z,dbh,dbh_approximation,score,reconstructed,number_clusters
-0.97138243595809137,0.22905225599753826,0.06285878725017488,-0.23602204588372999,-0.96052109170521593,-0.147284847307109,0.026641264402857644,-0.15790597332545148,0.98709469992456078,16.288576088018647,2.2273710533351814,-3.7957146178164822,,0.1279863100285888,0.3181818181818182,True,4
-0.62624173258921634,0.77675106573617214,0.066925886182988045,-0.77916064589601175,-0.62058037272522426,-0.088253548796251191,-0.02701814669008272,-0.10741407201081121,0.99384718990571697,17.968085607211286,6.3501827117889462,-3.466573906698216,,0.2052747586247345,0.52,True,5
0.13578203477570777,0.96809359851744492,0.2106134457761743,-0.98637677822355718,0.15202054059784603,-0.062853851255549251,-0.092865980926733996,-0.1992097882782965,0.97554670305456548,10.183402003783995,-10.563494485341451,-4.6926431167004008,,0.2396765170208032,0.3333333333333333,False,3
-0.30027131268623142,0.94295886678516494,0.1437557453770989,-0.95289582630825342,-0.28979051952839019,-0.089504184236138581,-0.042739712001819377,-0.16385978866916512,0.98555734824275865,-9.4548597645230998,2.3230168388154953,-2.7471470686342232,,0.3188735331816825,0.4456521739130435,False,5
-0.69055538799212668,-0.72318806957893778,0.011500962295988917,0.71858266879559729,-0.6877935073984216,-0.10285445681726646,0.082293403269284332,-0.062762307153797575,0.99462992543915152,8.1916230211022416,-15.052256523371703,-5.0718266641420708,0.1669535300692897,0.1281565893528073,0.7547169811320755,True,5
-0.52512854074809712,0.83635558735442239,0.15731925245440476,-0.85068262012202955,-0.51064434659526703,-0.12482560279289952,-0.024064403464289914,-0.19937824051618908,0.97962708297319734,15.815883137309241,-5.5644051736731299,-4.4582008625152989,,0.1664784683703865,0.1578947368421053,False,2
-0.5403583320441484,-0.84135265325425612,0.011772249253609729,0.83777569367393323,-0.53925909099694713,-0.085624294836840378,0.078388520075491436,-0.036405296855946123,0.99625794565524284,-7.1235345850409919,7.7446657616134011,-2.2571229800328707,0.3363432412889029,0.3255825072862569,0.9804878048780488,True,5
-0.91080841399324319,0.40926185292343198,0.054155043539756954,-0.41245380771530832,-0.90771014351167256,-0.077098325968613671,0.017603678600144092,-0.092558257911968103,0.99555164576833732,12.842096859798332,7.1326387330370009,-3.1647503394208996,,0.1599587539444804,0.9518072289156626,True,5
0.46060061710349337,0.88516070441526551,0.065860450066426823,-0.88424372580414468,0.46404390175908788,-0.052690517327184938,-0.077201715653770056,-0.033967404953471406,0.99643670672092433,-27.745782997274041,-13.36446689525496,-3.8918249279202479,0.3347222671035011,0.2194575939382964,0.9375,True,1
-0.71019914890286251,-0.70379105587439417,0.01718483543291862,0.69973441250587798,-0.70836815439984968,-0.092662342875657333,0.077388118291535649,-0.053783896319973552,0.9955492813738247,-5.3952781771392946,-3.9313392833597534,-3.5379843237785056,,0.245279330682996,0.9931972789115646,True,5
-0.91468569764236363,-0.4022918922779925,0.038875544187759396,0.39863734441513721,-0.91384569217350975,-0.077293716003086502,0.06662088385896428,-0.055202212847952174,0.99625015610063505,10.092435466916564,-0.18558759682506581,-3.6998607067245541,,0.2033190062844124,0.935064935064935,True,5
-0.96338792009753493,0.26228947369006594,0.055569302690725908,-0.26655799295858257,-0.95928649292241375,-0.09336091733968746,0.028819295620082116,-0.10475522176962726,0.99408037487516998,14.769666877016409,7.1478389362800288,-3.2364339146932926,,0.1805856026180122,0.9113924050632911,True,5
-0.74009904096403056,0.66985892085655996,0.059518364502132375,-0.67246487333358429,-0.73628164936348639,-0.075367943736257229,-0.0066636098752999653,-0.095803752324583463,0.99537793693850829,5.4251614116493299,-12.662024120156401,-4.7858228849919433,0.1194570246633334,0.157529922890781,0.9693877551020408,True,5
-0.86772576674955415,-0.49591352343217726,0.033492849923250356,0.4917658019627783,-0.86635458266358567,-0.087155797958075862,0.072238422870404051,-0.059156693407314408,0.99563150607356177,8.408957714761474,-5.3611367973433426,-4.0954785471413508,0.194408287673141,0.196785813736252,0.896551724137931,True,5
-0.96071975739986359,-0.27523238313173493,0.035562382051455663,0.271734583120819,-0.95896488022958104,-0.080911524657620207,0.0563725471989917,-0.068069771278386329,0.9960866639808037,9.9152345614903936,6.6582943972775412,-3.0912280073492391,,0.1146461936461035,0.6065573770491803,True,5
-0.34549139833377579,-0.93824123882169153,0.018413892899429823,0.93543162193675777,-0.34588939385398276,-0.072994574456551956,0.07485569021885341,-0.0079940598986896483,0.99716233415036137,-10.522983396372151,9.6326179962109748,-1.9520618062763222,,0.2976129683580709,1.0,True,5
-0.85395351741240411,-0.51903114070103029,0.037014390195828979,0.51492362150884363,-0.85315420879207771,-0.083555730100211736,0.074947008687464067,-0.052293125771459593,0.99581543213883283,-9.0668610463100325,-7.1743154034150063,-3.7503673978558068,0.1003625139449133,0.1097451853638387,0.7159090909090909,True,5
-0.54346266148893663,-0.83754342077510435,-0.056297014873794106,0.83618133527692262,-0.53424082913746673,-0.12404640670739767,0.073818087904433546,-0.11448910340661525,0.99067811881523082,6.6582322310319393,-17.299764994629577,-5.3289886688032446,0.2804406818771032,0.1483397255504542,0.7254901960784313,True,7
-0.84878526418072187,-0.52764847281187088,0.033921445266447803,0.52362542426630687,-0.84774669463810071,-0.084510098758117838,0.073348417648879588,-0.053968795330977828,0.99584505760631792,6.0953585543892004,-10.62644849494527,-4.595899407246093,,0.2317496272113662,0.9951690821256038,True,5
-0.79069078809891202,-0.6118060619247937,0.022392414063623554,0.60764594322461052,-0.78872431430569034,-0.093168469482391103,0.074662475837562636,-0.06006079099623466,0.99539852123996608,-15.080127191590591,6.2680256982798364,-2.0818521212886472,0.3352949187204811,0.271455879667568,0.9821428571428571,True,5
-0.9021685593967782,-0.43093493739016919,-0.019671557449123779,0.4288807204012165,-0.89109576380433864,-0.14835655495493688,0.04640278121057903,-0.14227937119095838,0.98873826790988006,7.8556732286744264,-20.592574593940483,-5.694344538240343,,0.2039532533515736,0.7317073170731707,False,5
0.45573674578995921,0.83908614784900282,0.29704958344474897,-0.88184544823850386,0.47100237232698233,0.022480451138408561,-0.12104802335358371,-0.27219699070760417,0.95459738858427345,-5.0851894364069388,-16.008408536018422,-4.8704487589867922,,0.3188683810572395,0.3571428571428572,False,4
-0.94799019810992613,-0.31694956959618753,0.029284033538677649,0.31164621234037976,-0.94295055935056771,-0.11713616416097035,0.064739652620304788,-0.10191767733441758,0.99268402043417603,5.362385096568528,-19.361066522911688,-5.5882159983978585,0.1361224951994723,0.1392929412737134,0.7058823529411765,True,2
0.018708436217253141,-0.99977492213930641,0.010004972546196943,0.99782715086586227,0.018037841755596678,-0.063368866643776237,0.063174135603280029,0.011168765650027578,0.99794002187738418,15.662441501499503,2.5508279630882016,-3.734789332022753,,0.1702035673647303,0.7538461538461538,True,5
-0.69505405996899394,-0.71895570839901923,-0.0015947040734276205,0.71580751711228996,-0.6917997218053491,-0.095040745765064299,0.067226870863933821,-0.067199957369818014,0.99547210586903834,-20.902711245989881,-6.0894505541774837,-3.211681094368775,,0.2378505504952334,0.7301587301587301,True,5
-0.59390489446827521,0.80144217038508381,0.070479953568908502,-0.80416593644643697,-0.58869593216079796,-0.082184220605642899,-0.024374638168694601,-0.10548718872819435,0.99412188891924624,8.251329176875954,10.552736031049109,-2.684819184684208,,0.1510090427196626,0.4411764705882353,True,5
-0.99067852267336665,0.12464018056084836,0.054962624605058692,-0.13011205165326159,-0.98528128794123748,-0.11086765825720712,0.040335080615966225,-0.11698550774611775,0.99231420036654105,7.4667466022017379,-7.3324091672459213,-4.2841658480196818,,0.109578830993722,0.7559055118110236,True,5
-0.53292852488856612,0.83831013477631189,0.11499263146575779,-0.84574456935657705,-0.52346567601596405,-0.10343988320279685,-0.026520006861905043,-0.15238045794809896,0.98796603447262965,-7.1436571205220654,2.1409538402593462,-2.9364244385987694,0.2835978452934509,0.1569572983786473,0.7314814814814815,True,5
-0.27962026207379626,-0.94520637808846331,-0.16851531639192879,0.95742049319363098,-0.26137842942349537,-0.12258595288601745,0.071822755799589771,-0.19561753360319523,0.9780466616150566,-9.7909777128406326,-7.9458787465291643,-3.7945660038155218,,0.2227300109615578,0.2121212121212121,False,2
-0.63435970996940105,0.76850410799629498,0.083601401665019393,-0.77283838135426997,-0.62801874247904155,-0.091177274585034704,-0.017566862931354614,-0.12244956140330483,0.9923192582223167,-5.1985991935924289,8.2756270549934356,-2.3062812088713462,,0.08257516530592793,0.3555555555555556,False,5
-0.93122818853200662,-0.36419156241640077,0.01336288696724542,0.35860924312032938,-0.92225246156916019,-0.14439462551732929,0.064911259670899751,-0.12967229077303358,0.98942994970518849,-7.7082640363005934,-8.0848253966387986,-3.9341653042381468,0.2780309729257276,0.2492383225540313,0.5720524017467249,True,5
-0.18909185536597245,0.91438707266260411,0.3579672493144716,-0.98071593376197619,-0.1575168119100146,-0.115692312757076,-0.049401695311296179,-0.37294065923846392,0.92653911800158273,4.0469392007005682,-26.71182354608495,-6.4449691467871908,,0.3759123494736377,0.3582089552238806,False,5
-0.81999929823150597,-0.57218934648655861,0.01415989643757231,0.5674269727797886,-0.81591921929680655,-0.11091644667971806,0.075018540786946725,-0.082916701269254073,0.99372885597069316,-6.745873553152645,-9.7979100250108075,-4.1743739238387532,0.1630118220706242,0.1009879779722686,0.4845360824742268,True,5
-0.68385763728524662,-0.72920646924105326,0.024426566349760565,0.72552808041754213,-0.68318414106401948,-0.082876015373908693,0.077121569306379575,-0.038953236266283407,0.99626046239530464,5.4506111002175901,8.4727447337272412,-2.7529388540371325,,0.2085966180400257,0.9230769230769231,False,5
-0.78429737856492943,-0.62038389685442297,0.0012010411735747795,0.61612530772553675,-0.77913717368658642,-0.11547670656799344,0.072575665042026782,-0.089828086383929029,0.9933094622222769,18.402853919765207,17.99215102452008,-2.5124283623102714,,0.1750281632572615,0.4736842105263158,True,3
-0.24718780326032341,0.93978088922462644,0.23602980779449451,-0.96658956009434227,-0.22209845352436716,-0.12797225972338891,-0.067844028742120449,-0.25977712984451662,0.96328242513490481,11.004947583098454,3.4426999781038372,-3.4347642912160197,,0.3008251294960879,0.1067961165048544,False,7
-0.013454860667599662,-0.99973877596066529,0.018475566705449344,0.99806071473483482,-0.014550773399874175,-0.060523422709369362,0.060776446320980046,0.017625403091491083,0.99799577591213129,10.434994453242092,-13.295577398621118,-4.9698183360716728,0.1315157644973461,0.1313857241768154,0.5531914893617021,True,5
0.46391785368821759,0.8623502810696716,0.20281079302733362,-0.88336032248652541,0.46756181703877225,0.03256513325481071,-0.066744031087577163,-0.19426255425701594,0.97867629700924119,-5.5946041303878671,11.289935150603212,-2.0049930464971069,,0.2406499633112253,0.32,False,5
-0.31774358551884274,0.9455559103085458,0.070448806535005251,-0.94707938590443641,-0.31292517079508142,-0.071543513177252743,-0.045603186911712473,-0.089453104828428109,0.99494647664085389,5.7953413281989121,16.109011171855297,-2.0816039407049307,,0.1935905222946108,0.6818181818181818,True,5
0.50990223427000769,0.85636638384437203,0.081463661271571619,-0.85587601184520146,0.5145585064826691,-0.052017264002238869,-0.08646365614758518,-0.043199074384066657,0.99531797740116867,5.9020924885744659,-13.819317042284528,-4.9371705297685695,0.1236298283726177,0.08501713834554478,0.3529411764705883,True,2
-0.89683716108545131,0.43775878068459056,0.063642410621611661,-0.44208411993346997,-0.89203980339691491,-0.093950093444569921,0.015644085107109948,-0.11239323417864061,0.99354065015580895,9.035305864724382,-10.916910605322196,-4.684764376618296,0.2209514079831371,0.2022870678517708,0.9734513274336283,True,5
-0.99367414110606167,-0.10339044170899921,0.043841964604126656,0.098977267953967663,-0.99072730075546056,-0.09307478695204463,0.053058474587005723,-0.088146651104951582,0.99469340310141929,-11.518278449316412,-3.2456517765548472,-3.194498092779551,,0.3359984171807775,1.0,True,5
-0.34409505571295512,-0.93863236524541427,0.023830139481278621,0.93581895167607398,-0.34490863666380572,-0.072669952790740844,0.076429590590241819,-0.0027046753065229912,0.99707131260190918,5.2018122187804812,11.467016945584572,-2.4817462380020912,,0.2232424545395174,0.9534883720930233,True,5
-0.99634821282037733,-0.052759577627617293,0.067131704716897889,0.031021486229787607,-0.95619717963949757,-0.29107494059359768,0.079548137638391303,-0.28792947160377097,0.95434203154856279,-5.2624539311113896,-16.703375411658424,-4.9742674702186411,,0.2501895216360727,0.3707865168539326,False,7
-0.44308157643719337,-0.83376868375858948,-0.32940628197622618,0.89441290962616815,-0.38618942317766025,-0.22557321764730487,0.060862662741486689,-0.39457256798867235,0.91684689282062848,-7.9370454935469628,-17.459726678563687,-5.0196026533075884,,0.4455078056770738,0.2205882352941176,False,2
-0.91547874739967483,0.37143486784465063,0.15470876513226287,-0.39818276013743742,-0.89161724545622012,-0.2155671058728465,0.057871863533626909,-0.25894946718286554,0.96415559991987598,12.273133401744614,-9.8362366939917152,-4.7264434212508855,,0.2044113547852156,0.2380952380952381,False,4
0.45246393427943027,0.87489787578712841,0.17271391119290228,-0.8857427026992275,0.46339333438675612,-0.026953334877002702,-0.10361589063192587,-0.14078467455335594,0.98460318028099925,13.143038755096708,-7.6096036359638894,-4.5374690524048145,,0.1950346418049188,0.2,False,2
-0.31127351075398701,-0.9499618113106193,0.02610284571335526,0.94743339851285302,-0.31235019321785845,-0.069334783328080254,0.074018625259274912,0.0031486264011622925,0.99725188857505465,-21.832293679480635,3.4738009358517892,-2.0911205014831689,,0.07934697706581781,0.35,False,1
0.78796632533873201,0.61109961854930051,0.075275004756410649,-0.6101896049679556,0.79137982120912254,-0.037237408235131171,-0.08232688577389724,-0.01659020168410065,0.99646728450403965,9.596438336969106,-2.5212791240666599,-3.8894384555891484,,0.1841715342852562,0.9095477386934674,True,5
-0.92467129036503537,-0.37931901097668114,0.033167645173179182,0.37472168880333789,-0.92199276010172326,-0.097534641335175101,0.067577072406517974,-0.07775884664576363,0.99467929557887425,-6.8131069737682193,-13.644189811341493,-4.6166431872114897,0.2497001818286652,0.2864001245465472,0.9939393939393939,True,5
-0.84124669805632268,-0.5399518737741098,0.027494854376115731,0.5345823186085934,-0.83832545128233993,-0.10692138403202227,0.080782037857410977,-0.075248998266361111,0.99388724240706239,-5.0244827263791887,-22.378810274650441,-5.6963297619538364,0.2536934952795232,0.2215130084768749,1.0,True,5
0.93899388405833561,0.33630300618105913,0.072047024467513487,-0.33756053955057241,0.94128663876357754,0.0056873388761314453,-0.065904232332729629,-0.029660608873521767,0.99738502116378536,15.00506503426832,-10.253896290513582,-4.8716836357863693,,0.09365749238094939,0.1764705882352941,False,1
-0.19159666938941447,0.94088407010226982,0.27933471482554861,-0.97875260414819154,-0.16198523711245566,-0.1257144495702657,-0.073034622967581467,-0.29748604939628454,0.95192856573514728,-8.8142860366473066,-10.162644803209556,-4.0875063615858283,,0.2267893146971669,0.3469387755102041,False,5
-0.21369186049194944,-0.9764532397723874,0.029578020513493668,0.97419721835553075,-0.21525383858773553,-0.067864311103776179,0.072633108895559795,0.014312774407937982,0.99725602328635354,8.470770349105619,-6.5418995082010269,-4.2045526149609689,,0.1778587762475302,0.8554216867469879,True,5
-0.99600505457609756,-0.076425133926083855,0.046185822102073046,0.060496282178075705,-0.95793970528081085,-0.2805204464725215,0.065682045503279135,-0.27660571207206164,0.95873622490631505,-9.1526159109889917,11.470322289064248,-1.8149496219650822,,0.3498533456250713,0.3928571428571428,False,5
0.66045723601191819,0.74812754040009122,0.064042350787641561,-0.74678465483052736,0.66335399227406233,-0.047688156220525781,-0.07815957208907523,-0.016329856979571462,0.99680711126169208,8.2417533582506621,18.165094688825743,-2.0389923343602994,,0.279584166377555,0.8727272727272727,True,1
-0.99323872374527244,0.095509867869699894,0.065990171937771028,-0.10430718291509385,-0.98374853284890018,-0.1461466240114877,0.050959290077288964,-0.15204173524776171,0.98705950251120622,-9.0031306399719391,14.287022753201185,-1.5824097451279575,,0.2154023392758213,0.32,True,5
-0.8868276684925932,-0.46041299646609146,0.039453251844498501,0.45583942986089965,-0.88562467954804736,-0.088765653039379555,0.075809633821042582,-0.060735489300180745,0.99527086753274685,16.727278048319857,3.6698560426576146,-3.6666617011179956,,0.2135665115016917,1.0,True,5
-0.99658306674068242,0.057017924338060161,0.059759077887094281,-0.06301757410964802,-0.99259342245868376,-0.10386088313263961,0.053394535666785016,-0.10727186954619579,0.99279492825305704,-27.398231844804034,-1.1764002236382916,-2.4818848288507156,0.2547479115389724,0.2892603203379179,1.0,True,5
-0.89083983410473566,0.44943316005721223,0.066439631344811831,-0.4540085395423587,-0.88605553997764763,-0.093711397906192401,0.016752193732784231,-0.11364600615906609,0.9933800628607522,20.112288902787945,2.9864655072084618,-3.8534119196484671,,0.1681567831400431,0.90625,False,2
-0.12317918078701992,0.91473048638812349,0.38483116647795801,-0.99200487239487511,-0.10277262221331158,-0.073240161579745514,-0.02744490053663818,-0.39077605529963971,0.92007654683672202,-8.1144523504213382,-10.283917119389006,-4.1469235478232429,,0.4647539227014377,0.1846153846153846,False,5
0.73468957600191642,-0.67782972159701316,0.027894362043984752,0.67833213524730396,0.73339496528244597,-0.044691600879742804,0.0098357106992167098,0.0517560954678426,0.99861131847028761,6.1882391126794252,-21.2841185165688,-5.7365388238725528,0.2273011465256778,0.1605834051534577,0.7894736842105263,True,4
-0.90511659563016589,-0.42375202707372006,0.034614561470191839,0.41971247562732011,-0.90354115134978819,-0.086341332050686073,0.067862995200968473,-0.063620809240482371,0.99566410325668631,6.353354756175877,-2.0598320807289445,-3.7701405156332464,0.2871896233878095,0.2731126852320732,0.9900826446280991,True,5
-0.98333082562785201,0.17382821457027473,0.053331409032183454,-0.17824510960422912,-0.97948993592770484,-0.093958215811698539,0.035904989517111463,-0.10189807277692689,0.99414667654834776,7.062652998784678,-11.303222628661468,-4.6888276109315896,,0.1575251780191372,0.8585858585858586,True,5
0.31452078199037065,0.87518266670806244,0.36760301629601871,-0.94635349968197802,0.31932676611145566,0.049451694455019402,-0.074106216580248185,-0.36343598657613008,0.92866708368801187,9.2496796389487912,-2.6503429188871035,-3.8764711784618626,,0.3450501471258141,0.1237623762376238,False,1
0.75403949697834993,-0.65652271671224238,0.020058899207427851,0.65672629245833403,0.75302960704593325,-0.040706113867307776,0.011619543475019388,0.04386722413173768,0.99896979576782408,11.471239164547415,6.6847469567873814,-3.1561081290422113,,0.2511548700602153,0.9809523809523809,True,5
-0.26535208391256243,-0.9590894719717391,-0.098669429491769295,0.9626337693403586,-0.25780328719938206,-0.082907727231943951,0.054078625064196313,-0.11698226302377526,0.99166055303667444,10.877275588442155,-4.5353985149916767,-4.1482506375497659,,0.1698631252188349,0.1818181818181818,False,5
-0.97485903901925752,-0.22016736983238647,0.034295528914706788,0.21460929030012571,-0.96914080978750416,-0.12128043255734695,0.059939190512774909,-0.11087118681384239,0.992025641490765,6.7301357044873464,-22.243469368341174,-5.8405250217235922,,0.1713666420437863,0.625,False,1
-0.82214012337602838,-0.5691234376116735,0.013569461902441744,0.56269549622934423,-0.81600888827952078,-0.13229993489051406,0.086367795262252717,-0.10113360969476806,0.99111684322871108,-6.254518234638323,8.4093913403736416,-2.2548883793855188,0.4794738272995112,0.3799787401852938,0.3873873873873874,True,5
-0.77478410536979003,-0.63184642725520668,0.021901653617175134,0.628145178253259,-0.77325081340368718,-0.086699565210670376,0.071716281997308312,-0.05341602695229735,0.99599372636634387,-17.550529414181764,11.722266619031501,-1.4341714761653128,0.3470896959815447,0.2575686159761747,0.9459459459459459,True,5
0.96456955373082898,-0.26326845527653547,-0.017184192498221389,0.26338674528643735,0.96467743435255215,0.0049869889106107929,0.015264285863626874,-0.0093363862004505697,0.99983990391951727,-25.821049596303439,-6.4124992706104305,-3.0800001134241257,,0.1493309373206579,0.3809523809523809,False,2
-0.85430652184879108,-0.5184548858895669,0.03694452630440051,0.51481599309545834,-0.8538142660518695,-0.077237894452421463,0.071588127365906307,-0.046965203965730978,0.99632796289008141,-14.16392338208021,-6.9191544104812159,-3.5160729768497183,0.3176468530372965,0.2809828385570488,1.0,True,5
0.8291000761167352,0.51503446355067328,0.21756048616027515,-0.5543620321955065,0.80783433089299783,0.20021596112880768,-0.072634709631783298,-0.28660634184493206,0.95529105709776951,-8.0168140165762054,-11.88815120933698,-4.3316419243908593,,0.2321308262497555,0.4054054054054054,False,2
-0.87623060823456944,-0.48069220235655796,0.033984228496142709,0.4767103403607017,-0.87496462719884405,-0.084759380271280299,0.070478170989746541,-0.058068130195397055,0.99582173086830683,-17.609699445915702,0.34094356941083626,-2.603097377794187,0.3090054916417257,0.2982764796069325,0.9782608695652174,True,5
-0.064685010529584072,-0.99790404783580366,-0.0018332282198326652,0.99564916769030753,-0.064415155448288214,-0.067330696017278271,0.067071486418491269,-0.006180538932104615,0.9977290296709439,11.648707434856163,12.593246244613301,-2.6447004966622893,,0.1912524743381847,0.5517241379310345,True,5
-0.44217297882005074,-0.89678999042956176,0.015835714911186488,0.89361019953373122,-0.44198539474055165,-0.078164711509237345,0.077096485592318034,-0.020411366965104732,0.99681468087499991,-22.496561566636203,-3.1106401870679474,-2.8650023549190529,0.2849790490621666,0.2434187116097262,0.9523809523809523,True,5
-0.95212787162464185,-0.30361331693585292,0.035657675958206667,0.29891586682720234,-0.94908009396377024,-0.099480047249006998,0.064045457563150804,-0.084059080538224931,0.99440044767920155,-5.3172834018930564,-9.9390916134095484,-4.1875983375825259,0.3191889740336885,0.2703869688351673,0.9906542056074766,True,5
-0.85427592308378741,-0.51922307015699509,0.024900816373948666,0.51472582093156072,-0.8516230928955959,-0.098971899614346659,0.072594603833038368,-0.071732217752455085,0.99477862483601887,8.7034948192594914,-3.7405600454765269,-3.9752860180886662,0.2279415652163977,0.2342505299333574,0.9735099337748344,True,5
-0.18565904871216421,-0.98257509502265328,-0.0087692800455876282,0.98011324128773902,-0.18454279640727222,-0.072951974247621981,0.070062485566356095,-0.022139081629728573,0.99729690121891779,19.779205656012827,4.2615952790474543,-3.7344810327985636,,0.1261134488245266,0.4230769230769231,False,1
-0.63396520759483843,-0.77333895487905824,0.0059140870639345505,0.76895549444747213,-0.63115003050472696,-0.10176977229475515,0.082435205575515563,-0.059970825077270661,0.99479039853693529,6.2727960292625546,9.4918468099583997,-2.6975538745670526,,0.144710314358624,0.8395061728395061,True,5
-0.66016467703247095,-0.75045448408664994,0.031633313339793807,0.74652712861222503,-0.66019571462591309,-0.082697428228248243,0.082944833742673391,-0.030978794421670355,0.99607252188361284,11.366825765787311,-15.921164008262133,-5.3269195561624283,0.1508408792938664,0.2063152350623001,0.7692307692307693,True,3
-0.76839622630072957,-0.63926154776268707,0.030197896596481359,0.63543706527393817,-0.76770744995286577,-0.082734559664705914,0.07607217285474932,-0.044384060640298595,0.99611398929953565,12.151795602182586,-10.75055295911856,-4.7968870733796232,,0.1548731123947834,0.9583333333333334,True,5
-0.67260859031826381,0.73729904324039086,0.063149070198082205,-0.73987971777773942,-0.66851897651661385,-0.075235505303758207,-0.013254714301370554,-0.097326763400326755,0.99516421442634562,7.6039941751965552,1.227434175587637,-3.5079685810839965,,0.1667724041606259,0.9326923076923077,True,5
-0.95466086764450286,0.28144117723935907,0.097023149517884544,-0.29641292414064646,-0.92886837718886428,-0.22213265464788956,0.027604459615023915,-0.24082026827626213,0.97017709321376633,13.40420839172346,-5.3196331285642025,-4.3167301049840088,,0.1795701375736758,0.1136363636363636,False,2
-0.20010141676913851,-0.97971239504089669,-0.011092610613137488,0.97785091206062702,-0.19898640026102973,-0.064899971443432986,0.061376027805525965,-0.023833495639297445,0.9978301196578645,15.746291019935731,4.6170353287220003,-3.5330477142750656,,0.1939002634355,0.9135802469135802,True,5
-0.083729094446538838,-0.99631655870668012,-0.018513605538686438,0.99500349592268555,-0.082575954747464722,-0.056118221632369361,0.054382734804325983,-0.023119830112355043,0.99825246887286967,-6.48969549724948,18.856379542897592,-1.2855539259836231,0.735204545196612,0.2151528385523568,0.8983050847457628,True,5
-0.69436902556247149,-0.71951489777418898,0.012246151249421758,0.71535164001873552,-0.69200189302693871,-0.096981499110086661,0.078253993265075622,-0.058580644654467169,0.99521084228917933,6.1093319554512791,10.508109868568459,-2.5919256044617258,,0.2041517247290823,0.8426966292134831,True,5
-0.8896024643522219,0.45355330659893461,0.053822425545768972,-0.45653057255074575,-0.88653838471520208,-0.075030185612538353,0.01368545742550166,-0.091318620772198406,0.99572768252937571,10.376120650393256,-1.3807330188814779,-3.8114266409635045,,0.1851134730990336,0.965034965034965,True,5
-0.9488307630858912,-0.3141011182184637,0.032567937542275646,0.30940211169014192,-0.94532593440832158,-0.10309806504835832,0.063170533506752821,-0.08774602708353986,0.99413787697055789,13.781298321275038,4.8763042141417587,-3.4009255290515052,,0.1168033243926475,0.5416666666666666,True,4
-0.83773172463755352,0.53976023690308406,0.082851941402226292,-0.54599590436826961,-0.83059722670296954,-0.10952953668491613,0.009696904086710742,-0.13699318834038229,0.99052452589497797,12.54363913462632,12.915619557664177,-2.6482826904229904,,0.1734211155381423,0.673469387755102,True,4
0.30345711383700374,0.9506397098107473,0.064791374369247187,-0.95025179017467554,0.30694413532348502,-0.052979553228996806,-0.070251799489705266,-0.045491097167009428,0.99649146747325512,21.3940558144111,9.7146468042625322,-3.328200927699998,,0.1555592986508285,0.4230769230769231,False,3
-0.1791015874739485,-0.97773539356267503,-0.10934405122891838,0.98068590672887945,-0.16854392829747772,-0.099237576438613528,0.078598814925331287,-0.12500577750206393,0.98903780609410352,-10.050308455156571,1.4156193458867912,-2.7810495880681074,,0.3580400479055157,0.3380281690140845,False,3
-0.82325828334667728,0.56359228014061646,0.067893598129604688,-0.56763614910244953,-0.81855103926624917,-0.088110148951674225,0.0059161755573095831,-0.11107627056237335,0.99379427498085882,15.377878716920682,10.174903367443203,-3.0089634031630497,,0.1923327137129625,0.8,True,4
-0.45127777491803572,-0.89224066554352377,-0.015967611451800832,0.89033546209493564,-0.4489584083091111,-0.075756930671363021,0.060424620819852712,-0.048403949828484095,0.99699845678906518,-19.586379459732949,6.5171092529707879,-1.8735226760557775,0.335044104253684,0.2441639290219301,0.4137931034482759,True,3
-0.91233621103903573,0.40420754251324675,0.065260252852234774,-0.40904544845193597,-0.90681289819764299,-0.10184394318341031,0.018012749032020985,-0.11961032663525649,0.99265749915795054,6.5173101433662364,-25.389517962871818,-6.2665069627626435,,0.1936646075804044,0.8372093023255814,False,1
0.31556740801859468,-0.94835229428545897,0.032328577449840676,0.94775837183946665,0.31333070242265842,-0.059815880228623622,0.046596991368835571,0.049515622209844595,0.99768578397837415,19.084028948031929,8.0505377827619018,-3.3644960682674481,,0.2559835049265894,0.7796610169491526,True,4
0.99866506661667387,-0.0019752875659356101,0.051615723946742013,-0.010837093616837355,0.96901594800035518,0.24676030864568421,-0.050503882241411086,-0.24699026450450495,0.96770096988612164,12.258379547371913,-4.1212035546550831,-4.168106880323406,,0.3528130613057702,0.1891891891891892,False,4
-0.57735229276361733,-0.81646232809493668,0.0073209864356345924,0.81273112070190145,-0.57552756899208357,-0.090753197038418568,0.078309996061970505,-0.04644657287528256,0.99584650442973166,18.698044297134221,3.0499801736938519,-3.7798737964154543,,0.2505537263006454,0.851063829787234,True,1
-0.99695481659518992,-0.060860896575461294,0.04875494780721179,0.056173726624149503,-0.99414234008722491,-0.092333742927778434,0.054088872282644772,-0.089313822636413687,0.99453377769750217,14.83139761614107,0.8740336933349786,-3.8609333208498144,,0.1451689876748821,0.9487179487179487,False,4
-0.4555030073783734,-0.79825769385250023,-0.39408332174115879,0.8868872462381977,-0.36855604407434872,-0.27856319720360223,0.077123425295326536,-0.47639384607859375,0.87584295435264026,-6.9156715235622013,-17.661774801075286,-5.0876367474664805,,0.6313060418689673,0.2692307692307692,False,1
0.66769129653439208,0.73879765060095792,0.091467830403527919,-0.74033727672352323,0.67186096663186834,-0.022440102720129231,-0.078032360119509647,-0.052733983189188899,0.99555516059693183,13.712303052938173,15.681491498937392,-2.4571949318884689,,0.1530644911779661,0.76,False,2
-0.98547331136880567,0.162553423029804,0.049180659217774418,-0.16681740902652872,-0.98081934596851361,-0.10082342297092031,0.031848149482773001,-0.10756298264361633,0.9936880295844025,-11.105448159662862,-19.169657488895915,-5.2415457623287125,0.1936404905920711,0.1834417694145589,0.72,True,3
0.88390284175151101,0.46102662952911444,0.078550704698482687,-0.46336582717349978,0.88606195527030873,0.013649968145598754,-0.063307792185653008,-0.048462957891386091,0.99681666577209482,-7.9533673094918544,11.836457141887628,-1.8277057239381598,,0.2313091240582202,0.3043478260869565,False,3
-0.99333246617930093,-0.10566745448697994,0.046097729839883479,0.10172320818376931,-0.9915224485905002,-0.080843199206248842,0.054249429038012768,-0.075614965472066004,0.99566027160156834,-6.2791239894377897,26.929697775137615,-0.67318700302419365,,0.2886437082172995,0.9743589743589743,True,3
-0.5428016380252243,0.82721264591186594,0.14520888471654636,-0.83954374483342897,-0.52967384880843693,-0.1208797518177431,-0.023079910489331196,-0.18752293814876853,0.98198903527476189,7.5198872861131187,22.912979244931819,-1.6437163946574429,,0.2347847513657111,0.4473684210526316,False,2
-0.80437406999553518,-0.59301650378415394,0.036246127495708838,0.58929689760596227,-0.80411410372440806,-0.078292238845739145,0.075574612078426751,-0.04161651632595835,0.996271320262751,-23.026902449400644,-14.550413223758431,-4.2484686432701295,0.4191247573108135,0.3778696955304592,1.0,True,3
-0.98526104753249866,-0.16677753204771359,0.038025294466160757,0.16124467091492217,-0.9797114197276372,-0.11901970490972003,0.057103627876894041,-0.11113410304372047,0.99216348795143938,11.9153577285824,14.737718493792068,-2.4758543929328245,,0.1231476030860952,0.5357142857142857,False,1
-0.72049070253871572,0.68976304157289048,0.071554832369182267,-0.69340004377412545,-0.71517029200783866,-0.087908092479943675,-0.0094618628877968444,-0.11295308720675426,0.99355526934396321,7.0802169796216683,12.97515911657446,-2.4288564274739395,,0.226624149626685,0.9743589743589743,True,3
-0.95958692359026498,0.26553647060234042,0.093184327301449904,-0.27670149770052471,-0.95062929087967185,-0.14049993769357638,0.051275893408675555,-0.16060614590252989,0.98568577581979844,22.224747975201662,11.603983394828536,-3.2012311082078502,,0.2629023183481574,0.9318181818181818,True,3
-0.9888954253169906,-0.14500356781013871,0.032554617329340639,0.13857794163936837,-0.97885467163283557,-0.15046489927411832,0.05368418648098465,-0.14428269870260002,0.9880792027853692,7.9539193881407213,19.002149394851564,-1.9702854953830367,,0.2234632269676118,0.9375,True,3
0.6586771986793315,-0.75039839124861418,-0.05519603564968855,0.7514399479085998,0.65979564836623839,-0.0027761635573755189,0.038501332796029859,-0.039647910518315413,0.99847167739724219,18.892598956112352,-1.0052402500435011,-4.1640199951699577,,0.3835481186364526,0.3023255813953488,False,3
0.92804677133702085,0.36829857380740438,0.055545933625815551,-0.36693846433708033,0.92964761547251906,-0.033338782764294882,-0.063916770888998914,0.010558010119884029,0.9978993811108573,-14.222397039460565,13.710294161995849,-1.3762550227198722,,0.2877157037777604,0.7674418604651163,True,2
0.98027570578453105,0.18816269754550283,0.060451136474348369,-0.19174537802752362,0.97959590525203244,0.060212726383496493,-0.047887896735215478,-0.070616298868260305,0.99635339497611319,-4.5187237135794618,-24.6756915360995,-5.9957965717929316,,0.1926539434323791,0.3333333333333333,False,2
-0.96448047164616002,-0.25569015789229471,-0.066332216684009571,0.25675680430902836,-0.84842232835028386,-0.46287740947004374,0.062075464188488895,-0.46346747017854079,0.88393695523611149,-6.0477603563654005,16.880182677199318,-1.4818387226588681,,0.4991478251417541,0.3125,False,1
-0.87233493613625768,-0.48819107752236413,0.026480767052783256,0.48259531478411283,-0.86848245565089643,-0.11331366367305609,0.078316801164076577,-0.086067973452038052,0.99320631421738592,-6.9084577024808302,13.597176250509538,-1.7344410331909983,,0.132700078322818,0.2413793103448276,False,2
-0.36548505275608428,-0.91162335728983757,-0.18805193605886483,0.92776009951024629,-0.34041253973311347,-0.15290683617546155,0.075378206191314218,-0.23035224599742135,0.97018347171827424,-5.7078658100836233,18.677366994372271,-1.3453316530037984,,0.3284577491103479,0.2647058823529412,False,1
-0.56403901899052866,0.82200085493170882,0.078578492908312328,-0.82539067189224913,-0.55843658711880784,-0.08293863346089024,-0.024294522211062038,-0.11163858051156778,0.99345186271499752,14.197484771667991,8.591286421700131,-3.0789484348520721,,0.1319533097254098,0.4285714285714285,False,2
-0.99765973406200625,0.046537014867898491,0.050093525315283167,-0.052143043786773563,-0.99174511685311939,-0.1171440403206422,0.044228475171302753,-0.11948192099718942,0.99185075114093846,6.3276786985848679,14.47878448153285,-2.2534364328029559,,0.2242530295731187,0.65,False,2
0.62805192674967225,0.76601883362156253,0.13698877268990631,-0.7741862544052418,0.63287077331273112,0.010498941686155977,-0.0786538034427329,-0.11264870537919233,0.99051696016796464,10.528570719668533,14.092657761736055,-2.4723128708467552,0.1006183449557984,0.1321705133939838,0.56,True,2
0.8637188664791734,0.49221092941040417,0.10825026862266601,-0.49793217641766041,0.86660595475679658,0.032521790664627931,-0.077802746583297999,-0.081990976021805925,0.99359157226452366,15.489097116051516,-3.7885098728583007,-4.3027939644883881,,0.101950525812225,0.1052631578947368,False,2
-0.42939304382037702,0.90022739035971455,0.072195980253823733,-0.90240595370842314,-0.42450831235105613,-0.073866010156567394,-0.035848411823449944,-0.096867633350861626,0.99465147311947422,9.3579199278570027,12.115102193088129,-2.5937761944738744,,0.1335090406170526,0.7419354838709677,False,1
0.045171924397667026,-0.91314186863575775,-0.40513136757181412,0.99716926521450844,0.065617079972915784,-0.036713149243638388,0.060107851049335852,-0.40232614451490084,0.91352105595985389,-4.5028030126540415,-16.815552751417634,-4.9803194790838123,,0.4664985735730943,0.2361111111111111,False,1
0.51097286458085545,-0.85886449262170528,-0.035475554621391112,0.85909905364053585,0.51164618719068511,-0.012922660994142382,0.029249746938566044,-0.023873886296425999,0.9992869907374633,-19.505020404726757,16.147838184465229,-0.90296019813895956,,0.1783817664301608,0.4736842105263158,False,1
-0.19165979039259645,0.97931059059958481,0.064940679748210259,-0.98008038929946106,-0.18746177627934602,-0.065578296293900828,-0.052047624895706898,-0.076215809210990082,0.99573198962824905,-8.2461933897926603,17.727313238520292,-1.2900379496613847,,0.08103703385664382,0.36,False,1
0.98346130985317137,0.17433711346961911,0.049096057774188073,-0.1716916411350437,0.98368192979034419,-0.05377584372467327,-0.057670030225764404,0.044457078975415322,0.99734534427285215,17.588004949304466,11.146107689335967,-3.0245492920629489,,0.2199517498022779,0.9655172413793104,True,1
