axis_00,axis_01,axis_02,axis_10,axis_11,axis_12,axis_20,axis_21,axis_22,location_x,location_y,location_z,dbh,dbh_approximation,score,reconstructed,number_clusters
-0.80002494729301921,0.59110543533918458,0.10273484326786958,-0.59976198717706874,-0.79241303502303706,-0.11120764660306201,0.015672984598159426,-0.15058534536285761,0.98847276710880283,22.541971163406664,4.8717886415885738,-1.2135723222652293,0.2031680634411007,0.1920764316826219,0.2307692307692308,True,5
0.052390525181289997,-0.99157726048407635,-0.11844732737432799,0.99712716167412652,0.058440098024303611,-0.048188986237609789,0.054705176381466512,-0.11558240105570747,0.9917903267542334,-2.0623766992958998,2.9748562691312741,-1.8154719734230198,0.9084290934824558,0.2795724481606754,0.1796875,True,5
-0.9166592404525199,0.39593032956445695,0.054543661629836364,-0.39961110895098023,-0.91028581616502613,-0.10812351498050948,0.0068409426234440004,-0.12090867222723642,0.99264006290511453,-11.632852843980238,12.890312699612585,-0.10048325133405681,0.2702497368453712,0.2901586344076826,0.9444444444444444,True,5
-0.27925733569683869,0.95791727932265325,0.066406524036329753,-0.95817338209186287,-0.27348714785601003,-0.084312216245476995,-0.062602797941803151,-0.087173768604262375,0.99422413155042,-1.3458845693877168,1.1359416796730026,-2.048963100445667,,0.3149000763850254,0.9884575026232949,False,1
0.94632126621637658,0.2796340521639547,0.16211371927446672,-0.31717273865603918,0.89997822278336981,0.29906630095869252,-0.062269695358672716,-0.33443085292187691,0.94036082949785005,-1.042183195968279,-10.731739426805587,-3.4401620263860981,,0.4892551593614466,0.1739130434782609,False,1
0.0089835930101991035,-0.9998509780503827,0.014741667080722665,0.99712829767855371,0.0078485774864245281,-0.075323023041482279,0.075196097141375456,0.015376004784447502,0.99705021210146316,16.143603199127636,-2.5832718780678356,-1.9509464397014653,,0.2736086703359389,0.9605263157894737,False,5
0.85835433093646962,-0.51056435045479764,-0.050516201433553863,0.5130215081044821,0.85528761840283518,0.072746285327898647,0.0060642216984242228,-0.088357986913893585,0.99607032450711819,-9.2559446382791428,-12.684469262887049,-3.7309370437616955,,0.2755664949916873,0.1904761904761905,False,6
0.43067672115604705,-0.90247108453913016,0.0079689036285675099,0.90058337819326351,0.4291662823876799,-0.069035360385431482,0.058882431813612066,0.036908584804935592,0.99758238536544486,-3.4480549849880102,-7.6725057748117873,-3.0536711375399022,0.2017201750871283,0.1827511271130018,0.6336633663366337,True,5
0.21050277743306664,0.97478291058875188,0.074073327973616626,-0.97400885472160881,0.21561063536621394,-0.06941761189264628,-0.083638099074915498,-0.057535477238827709,0.99483382393344255,-3.0861427327791873,6.4894131695879382,-1.1103570527049029,0.3248677249315614,0.2893767076712417,0.9479553903345725,True,5
0.16963174909725359,-0.98440500156981758,-0.04660324648062035,0.98309561737956597,0.17233368788445913,-0.061839365368928173,0.068906289896470019,-0.03532552766016217,0.99699750767403361,1.3269270638721209,-4.5427561720696454,-2.6240519109118976,,0.9332786396320479,0.492622020431328,False,1
-0.89707245817831649,-0.44147898810024128,0.018902588285710203,0.43712919364821307,-0.89286657110665035,-0.10820052800571466,0.064645748803577541,-0.088800840459081543,0.99394936384877552,-20.066308809587891,0.1500916429213128,-1.8456281648305288,0.2571354189909674,0.2416935368818975,0.9620253164556962,True,5
-0.95815924918752626,-0.28417287012990566,0.034302085629442897,0.27999619589180824,-0.95540375163726798,-0.093839232965491265,0.05943890546194501,-0.080308475515149302,0.9949962639517399,14.312413846852118,1.04310359728091,-1.5137283129950558,0.231085611195208,0.2158724647621271,0.9587628865979382,True,5
-0.92429749471178124,0.37722505806608841,0.058098165518027239,-0.3815619287764086,-0.91693000835976779,-0.11683259082029458,0.0091997705379347483,-0.13015611908931449,0.99145083029147585,2.5562247850429616,-2.8565867166707211,-2.3844867393857601,0.3124935058478009,0.2788870476594353,0.8404154863078376,True,5
-0.86401428594318375,0.501322313047186,0.046424693075033371,-0.50342016844798965,-0.8589911257863232,-0.09328654683363502,-0.0068882280660151063,-0.10397203595854795,0.99455636745875109,6.0859602788245493,11.856899523760957,-0.093145752881222399,0.2183450985086496,0.2357184760352559,0.8648648648648649,True,4
-0.16777689953121086,0.90618673010470363,0.38817073842040173,-0.98514635010490181,-0.1395094051587841,-0.10011890304649461,-0.036572952556296515,-0.39920262530998979,0.91613300512912854,-0.3212510287961351,-10.055513303792218,-3.3450389927512312,,0.4205866654078835,0.3235294117647059,False,2
-0.76710459420215615,0.63852811716751989,0.061906260914759058,-0.64096303152636402,-0.75883160258654148,-0.11550320832112532,-0.026775618956008766,-0.12828266641461003,0.99137612626443627,-10.372068406104916,-4.3904573467227541,-2.8089806425514912,0.261049373907706,0.1616081618561816,0.2459016393442623,True,7
-0.88722597946805459,0.45651587941762922,0.066507993478233801,-0.4613310912128184,-0.87735029724193991,-0.1320230290891356,-0.0019198013809125503,-0.14781646650163635,0.98901294561478292,18.224955581681545,-9.6020190645411763,-2.761200649810748,0.2646521959027286,0.2279634575446436,0.8461538461538461,True,5
-0.27998688904491509,-0.90012743556934927,-0.33373333920706366,0.9562491669985661,-0.2307810368459525,-0.1797988977909917,0.084822594734532755,-0.36947356166260897,0.92536177501280403,-8.6765943754437806,5.1789084292498293,-1.2188800657665169,,0.5386088233465722,0.3,False,1
0.71995262396726212,-0.69014616168752396,-0.073256363209155767,0.69313795701214431,0.72034712941439483,0.025686293883541211,0.035042713817349948,-0.069269680614383544,0.99698230654104203,-0.65566583240009235,9.8120588764288605,-0.56915356765172342,,0.4185849086057352,0.4603174603174603,False,6
-0.87136561064116336,0.48713522174724799,0.058491438050471425,-0.49062383851008751,-0.86435611339250673,-0.11034834990441743,-0.0031971358400872049,-0.12485105115400473,0.99217034492478184,3.6456054792238839,-6.9417939804403312,-2.7389634904741742,0.2646048478367387,0.2264682222569232,0.8952879581151832,True,5
0.95849396268339271,-0.28430367985881616,-0.021464881043769111,0.28457454324926035,0.9493452977419925,0.13326978273278359,-0.017511505759421848,-0.13384664087643083,0.99084732622747418,-9.9868990099751294,-1.2808256751731142,-2.4337952157649738,,0.3942797778620643,0.3839285714285715,False,9
-0.34034546414618783,0.93799293893439084,0.06583472901395919,-0.93782970294987289,-0.33354589498419168,-0.096034286607175931,-0.068120579123129757,-0.09442659820421398,0.99319847173236764,-3.3962680460762784,21.589168972351921,1.2507348098443201,0.2789391600139915,0.2655075405714679,1.0,True,4
-0.84634629298057729,-0.51831657791084207,-0.12266163793472448,0.52519455209099786,-0.77374243570825296,-0.35425037140163568,0.088705325724963147,-0.36423971261664273,0.92707108516066583,-1.9627795376393409,-4.0040069500866871,-2.5312056030586851,,0.4426631664170483,0.302788844621514,False,8
-0.85931136160438015,0.50207576856977021,0.097487980965358545,-0.51140620313010465,-0.84605312746280392,-0.15052508399087655,0.0069050139520273404,-0.17920387307612765,0.98378772743760068,7.5878004928900218,-17.695966079372912,-4.1239784214455879,0.2880404911550223,0.3858231547995679,0.9895833333333334,True,5
-0.25941732737459966,0.94778706339804597,0.18547865837645064,-0.96421867152257967,-0.24331557852117822,-0.10526102192234345,-0.054635187791857137,-0.20614851855934505,0.97699426024451952,1.5457821325280325,-4.0428130239637978,-2.5884609888272427,0.4654873194589498,0.2274276639923132,0.3956521739130435,True,6
-0.86256505565828767,0.47793715939523457,0.16600480844369112,-0.50541948639914136,-0.79899835297370114,-0.32581094934538057,-0.023079591097771884,-0.36493520467957646,0.93074681243624602,7.9904502634255055,-7.3954098526018566,-2.6469829353650236,,0.353525298512485,0.2553191489361702,False,6
-0.68482133784007493,-0.72870591538346241,0.0027247245877300152,0.72463802890223994,-0.68138368729540644,-0.10303396409141558,0.076938042005273738,-0.068585418077495353,0.99467410648891874,19.460772662727727,1.2246052527673661,-1.6332781840839377,0.2653614683219805,0.2394094747199028,0.675,True,5
-0.83130420306855923,0.55202160904546749,0.064849557495784374,-0.55533576653924765,-0.82005307604659639,-0.13825750926723587,-0.023141053623639586,-0.15094732728129601,0.98827091226233088,1.5006524303725683,9.7528644713020221,-0.48612190995003429,0.2961368005348266,0.245147454274493,0.8673469387755102,True,5
0.72764699236922248,0.65953853990072597,0.18851729067022718,-0.67849978694990265,0.73242747920165996,0.056462614350014262,-0.10083597376413492,-0.16899379306921325,0.9804454111775518,2.9722024994369676,-16.548274441630369,-4.0469834441664485,,0.1796984790684716,0.3181818181818182,False,4
0.98859591768667998,-0.1450978969573217,0.040307714296309055,0.14656985510681717,0.9885330335646505,-0.036327938634550215,-0.034574399592719754,0.041821547676185553,0.99852669921378201,3.1601088259797749,5.4810155904355629,-1.1168526918129793,,0.3859147588240185,0.3738317757009346,False,5
0.7775862540600702,-0.62074902529362541,-0.10015121114515729,0.62764050380193281,0.77584182017802006,0.064318489177784308,0.03777585848242386,-0.11287212968607677,0.99289116566522284,-23.201366530333118,4.277798750284437,-1.0453102240166541,,0.2676831815472045,0.3157894736842105,False,4
0.80943727266168064,0.55188682035797554,0.2005797575559039,-0.57991569498390538,0.80496510422508161,0.12541518126303164,-0.092244719834556038,-0.21783507177465378,0.97161658753212787,9.0651527904473497,-7.0858536673423886,-2.5603554885546105,,0.2948901167676352,0.2321428571428572,False,4
0.21416053351322575,-0.92580834194950246,-0.31147099361263608,0.97548161678640954,0.21925936250302674,0.018998612226629533,0.050703857812813426,-0.30790298136178978,0.95006572029066405,-8.3608781987435989,-5.176506558379776,-2.7336772369169915,,0.4067802702100691,0.2920353982300885,False,4
-0.87575698019568782,-0.47918283552647578,-0.0585962607624037,0.47717326792660392,-0.8408359151337631,-0.25553989159701085,0.073180489304011637,-0.25175141302080739,0.96502116144012706,-3.472510799066391,2.5896268238408204,-1.8540356046454749,,0.7240019719540829,0.4318529862174579,False,3
-0.81784513728023833,0.55537895163918494,0.15061059558752046,-0.57525219072986056,-0.78242256938633092,-0.23853687340825952,-0.014637229504374745,-0.28172529703782706,0.95938345228661526,2.1523339579273069,-11.756362162692749,-3.4747585347375476,,0.1214430889622204,0.3396226415094339,False,3
-0.96613822795868576,-0.25616141734952347,0.030955657614308109,0.25120033792732627,-0.96120082339831125,-0.11397967943280855,0.058951799820261733,-0.10234405385703588,0.9930006948326171,-1.5164760525310186,-12.189429274418675,-3.6246226780305726,0.4013632382038761,0.1934654821553776,0.935251798561151,True,7
-0.97844864621961336,-0.20559389703497591,0.019219682957270876,0.20119156475017941,-0.97015256864959398,-0.13537336449970253,0.046477962351857249,-0.12858904714075248,0.99060822526922976,-8.0791961734491906,-12.459140121259871,-3.623218421875793,0.3621194128139307,0.2569091955707342,1.0,True,5
-0.84991083339013129,0.5240850405079035,0.054648381512349617,-0.5268975702404507,-0.84419369371519237,-0.098569559024106357,-0.005525012289527495,-0.11256943549350626,0.99362850021115623,7.5466394877073073,3.8036890974510125,-1.1164010901410293,0.2375099479810616,0.2225331922854642,0.5416666666666666,True,5
-0.42433485463893028,-0.8945138302081177,-0.14065894463190071,0.89993425073604327,-0.39940033119863272,-0.17492203917911123,0.10029095418188996,-0.20080932001484564,0.97448311504328344,-7.2929798317518717,-12.63650107807581,-3.611801180658806,,0.1756697476421413,0.2592592592592592,False,2
-0.70532454684122392,-0.7086757068623788,0.017205409798390466,0.70407593215828601,-0.70315592751140932,-0.099241238207769894,0.082427940521790144,-0.057883366424890149,0.99491464483776648,5.7511764919495558,-1.5065386960401526,-1.9359724843770707,0.298630728711429,0.2589713078137766,0.9848812095032398,True,5
-0.92463172711514863,-0.37935083199731806,0.03389860579728067,0.37512411520821926,-0.92247826462070481,-0.091190731390988419,0.065864006872552255,-0.071601658956446101,0.9952563162489233,1.1667100089043632,15.018739256962906,0.39241882639595882,0.3852919384465617,0.3165891767394881,0.9821428571428571,True,1
-0.9742494131712981,0.21540984016201789,0.066608420614476582,-0.22182870535171273,-0.96862240996791804,-0.1120832386662947,0.040374576373803234,-0.12397268920740784,0.99146390045897259,-9.0443298791378179,-6.2714861000026403,-2.9355255527735262,0.2694056216625827,0.2490323484410205,0.9,True,6
-0.96949827924321796,0.24009985242923468,0.049245785686691003,-0.2445670707214852,-0.96088882957480004,-0.12992153446247187,0.016125584118156747,-0.13800260164877695,0.99030058440607693,6.8636207077864757,-13.825324520506877,-3.6580140116704354,0.2541578933789874,0.1935260571787628,0.7285714285714285,True,5
-0.87044045243578938,0.48995575014776205,0.047715633292683954,-0.49224385577610519,-0.86522151367381084,-0.095329527045256865,-0.0054226574712896783,-0.10646640396455265,0.99430151343181894,-3.9662809331493971,2.2773403190395833,-1.8893805045938727,,0.3052643603988136,0.9976717112922002,False,5
0.99535812913776511,-0.09623713609714718,0.00077999691508387481,0.090454176247561816,0.93825270335107624,0.33391601736630233,-0.032866955422481102,-0.33229546835642665,0.94260250633606957,-10.412679578895986,-4.7843247941696188,-2.8420320542701463,,0.5187199862287242,0.2747252747252747,False,2
-0.98617157305836334,0.15761517253297933,0.051216070514928734,-0.16289345302824329,-0.978767214802577,-0.12442050549704203,0.030518051250472439,-0.13104272820344953,0.99090688358335099,11.511125360924616,-14.547888965725862,-3.7034690931765994,0.2431577783362695,0.2416152588668917,0.9428571428571428,True,5
-0.99892291932707844,-0.022808955420480136,0.040407335914328019,0.018062056041543283,-0.99329659373225565,-0.11417372294643699,0.042740652482372618,-0.11332090907032182,0.9926387097997218,8.5435646536193328,-5.857594868863667,-2.3967243079025229,0.1988190091944881,0.1644006553873108,0.9285714285714286,True,5
-0.49861572536242871,0.85630849772682505,0.13460354802948812,-0.86585119330970584,-0.48466367464635646,-0.12410815252209972,-0.041037415433441853,-0.17842891917825032,0.98309666428862652,0.61244789850766923,-12.277083610671296,-3.6045945915133797,,0.1681536784622708,0.2272727272727273,False,3
0.90576037545126586,0.39184545952022831,0.16141647411513677,-0.42141022416298674,0.8730920925960477,0.24520118437143676,-0.044850476399730721,-0.29011606935782641,0.95593990452699573,7.6924259380482942,-8.665549853268363,-2.9303890718174506,,0.3963291306918227,0.3888888888888889,False,7
0.91650986178703087,0.39463949568368811,0.065340199675547841,-0.39926858519386582,0.91247415032564538,0.089305777331474406,-0.024377656253320758,-0.10793791471959373,0.99385871050244334,-10.676836130728594,12.854945844815406,-0.12822599683657168,,0.28980271072746,0.6774193548387096,False,2
0.23339157406179578,-0.97095857286467568,-0.052610102998841807,0.97004590215859454,0.23623841444022531,-0.056589391656795288,0.067374482278345471,-0.037826727632189229,0.99701044017320328,1.9617159143420173,2.8012749491966056,-1.4599322088227686,,0.5546741030789282,0.6168521462639109,False,2
-0.36224015206726923,0.92284297952510774,0.13093092595526581,-0.93191651026887123,-0.35591450531520841,-0.069688469595186334,-0.017711299177935992,-0.14726065342599887,0.98893913353349383,-0.62793139826680822,-10.059999152313342,-3.3263614361063798,0.3733142940029009,0.166311983572343,0.2702702702702703,True,5
-0.99324421660360285,-0.10928972929717898,0.039008733043310401,0.10465310782859234,-0.98886594557413332,-0.10579162871225574,0.050136346150392183,-0.10099453823808532,0.99362289126245651,13.144825394437792,-5.8594112405263665,-2.3934704089604457,0.2689745095017411,0.2425580526159641,0.8,True,5
-0.76749847064055809,0.63942531251908119,0.045622004277336592,-0.64072607701201001,-0.76289978934867408,-0.086336583488984389,-0.020400779426429178,-0.095494403614169304,0.99522089360963994,0.062591812014848577,5.1017592070256095,-1.1934869624691988,,0.2689592453400899,0.9937759336099585,False,5
-0.29141769024470354,-0.8555087516083415,-0.42799591789405989,0.95281066898390088,-0.21982825335306957,-0.2093498700696742,0.085015050919780483,-0.46880733243975142,0.87919970778420509,-1.8975815741595212,1.9272370592434453,-1.9750925173351401,,0.1715099915269359,0.1951219512195122,False,1
0.99967291565195748,0.0093678426510131873,0.023797168654682253,-0.013444791260249967,0.98404390217027404,0.17741712484838656,-0.021755442994382833,-0.17767904244892122,0.98384798550108943,-3.135473047741387,10.090272802228657,-0.44317034977807668,,0.698809959595029,0.2359550561797753,False,5
0.75186626913782995,-0.61962018713571199,-0.22531741394456298,0.65899170072873747,0.71696289368848598,0.22736346989892411,0.020665229333504002,-0.31942922967026383,0.94738477691424616,-9.9580524581260832,-8.0498173900301886,-3.1494249247649493,,0.2439911004882186,0.5094339622641509,False,1
-0.9372188907581539,0.34569396648684858,0.04600469911482781,-0.34869594889046229,-0.92677064587811231,-0.13966855467873657,-0.0056467719483005024,-0.14694166010106513,0.98912904238694133,-0.77537502880093789,-9.1279536285185845,-3.2107210177088956,0.3915345580914254,0.1813275429484549,0.2203389830508475,True,5
-0.70842867083835948,-0.7057650536564396,0.0049504920480657397,0.70104044763499318,-0.70446333220878321,-0.11078675170355663,0.081676857884736775,-0.075014016094460484,0.99383187123147554,-0.36747171147983693,-18.245130437041272,-4.3981871501385896,0.3196032795956442,0.2794382020833276,0.5526315789473685,True,5
0.79807437700243389,-0.60052871333702396,-0.049422193698319968,0.60222967486250323,0.79766190904260126,0.032479186835805141,0.019917517093736271,-0.05568431844146178,0.9982497428963002,12.446644314997002,-13.817488762171207,-3.4655206630805888,,0.2590625434735405,0.2272727272727273,False,3
-0.79699842322024184,0.58495996274056239,0.15038402632929029,-0.60385208548583968,-0.76658122232556913,-0.21843966771682985,-0.012496889166949687,-0.26490577866176623,0.96419331889033155,1.7761338661986379,0.37591156304251805,-1.9324648218506635,,0.3291086722254211,0.256544502617801,False,2
-0.9200682381748202,-0.38858331640495464,-0.049773922023577076,0.38737784816956805,-0.88346169791738605,-0.26350300009761601,0.058419515997629706,-0.26172205586204617,0.96337361684133049,-10.003353956339661,-12.19795144960279,-3.7591977043743721,,0.2497661492620922,0.1153846153846154,False,2
0.69895140791086841,-0.70090816393259836,-0.14210796991037652,0.71420596765932542,0.69440056273855633,0.087850408241413158,0.037104785934181192,-0.16289752668782301,0.98594504444201581,-13.97830127560934,-15.767244932765449,-4.134447356753375,,0.245778064679611,0.25,False,4
-0.41980112160223598,0.87964402941058983,0.22359203882027362,-0.90750015162317998,-0.40287320565654589,-0.11889766594817772,-0.014508380523362754,-0.25282318265206721,0.96740371366264144,-18.428095749828842,1.8789158555097076,-1.65665579686112,,0.1918793176229293,0.1794871794871795,False,3
0.99457504023110999,0.09936388110501157,0.030778376842107515,-0.1030724638240948,0.98125210548037245,0.16285076816388386,-0.014019862713890368,-0.16513971243188444,0.9861705323256208,-8.1201854227805228,-7.0986890231999631,-3.0348136826329717,0.7138259218859311,0.3914779036633282,0.2760180995475113,True,3
-0.9237720080804056,-0.38224451474307392,0.023117267051428674,0.3772871364438859,-0.91880554405483494,-0.11597753613554371,0.06557205015147706,-0.09841495395990689,0.99298278085574143,-11.325601777238717,-11.20777622779476,-3.6179762640611011,0.2934036018213416,0.2821267627497394,1.0,True,5
-0.54042683205826736,0.8396154738339161,0.054632364859255746,-0.84027315550084702,-0.53522397769789987,-0.086465703269493974,-0.043357390789985087,-0.092634495712383164,0.99475574231466379,-8.8838427222141245,7.1561439892411007,-0.81763956488871337,0.3547652299403838,0.354808966692346,1.0,True,5
-0.89735527059598597,0.43566942370259898,0.07032546895861673,-0.44128086956525042,-0.88762692920185993,-0.13186974145501337,0.004971165792901279,-0.1493672916214287,0.98876928537669395,-6.5297637126234527,-2.2089336002093423,-2.3427546588458106,0.2534083669904914,0.2355770797440131,0.8042959427207638,True,5
-0.66594109505780275,-0.73972992176941665,-0.096551026676188728,0.74272820261594252,-0.64532405011854965,-0.17863842637428889,0.069837489589082188,-0.19067383978302629,0.9791660798201145,-12.71925727667583,-5.3871579897558792,-2.8751832762399827,,0.1916430366514474,0.2571428571428571,False,3
-0.86422277839333661,-0.50072214770153711,-0.048952222699924171,0.49896629508634455,-0.84057809600387867,-0.21085801119782452,0.064433110074789329,-0.20665380548069989,0.97629021249136594,-7.5346502975144212,-9.390906714173088,-3.3474301092478833,,0.2096707403201442,0.48,False,5
-0.83867473478557042,0.54287589496104938,0.043708716551643746,-0.54438998148706619,-0.83320185444745176,-0.097026892157989014,-0.016255377229209896,-0.10516859044204235,0.99432154270918283,-27.623629347825389,-5.7146754951368788,-2.0510103277991507,0.2605258425273617,0.2621615205889017,1.0,True,3
-0.99105365433974024,-0.1319054875415368,-0.020337073935950398,0.12791416199443706,-0.89526541938927384,-0.42677604900815191,0.038087023789051773,-0.42555936272414097,0.9041286453910834,-9.9059051624259649,3.5867964129326668,-1.5772389870833945,,0.5490846697723439,0.3888888888888889,False,4
-0.91155068813536977,0.40796774469025565,0.051358176099629095,-0.41115967177713469,-0.90580961758675116,-0.10225781628542079,0.0048028391658444525,-0.11432959363039127,0.99343126423334271,30.652656240692547,-7.6537402640127334,-3.0044430532090125,,0.2761884076628813,0.8157894736842105,False,1
-0.6185135996441109,-0.78575202657164767,-0.0058889552412467114,0.78136960027280911,-0.61423697546517464,-0.11033805209856223,0.083081133988380129,-0.072847036384078578,0.99387666964531474,19.631621020986294,8.764439258138772,-0.72209251416517795,0.2940085537011791,0.2531181170305724,0.75,True,3
-0.69548410552763884,0.71495463122688951,0.071705887105888461,-0.71801639546405105,-0.68769224640083526,-0.10738635893345136,-0.027464792066050969,-0.12617150838202357,0.99162817410023885,-25.55990843968123,6.466688265855379,-0.6104497192290097,,0.3626248344335439,0.925,True,1
-0.98223935167802945,0.16751734280413014,0.084520978904451066,-0.18614798682781583,-0.926549790069643,-0.32688593350257572,0.023553832280000821,-0.33681363746401755,0.94127668121715513,-4.095574829111845,-14.097865887415955,-3.8284510851891698,,0.3252642832945012,0.475,False,6
0.759823537190498,0.62319228485305111,0.18520142664394684,-0.65000216419302514,0.733833828962285,0.19744644340918105,-0.012859971839129063,-0.27040578316704877,0.96266054949505009,-18.037071932996817,-7.8398274228407647,-2.9122595797500308,,0.2581439751195547,0.1052631578947368,False,3
-0.99556831598985229,0.084126246958715289,0.042029784317437563,-0.088057557493568986,-0.99081332188763305,-0.1026393089330765,0.03300901036680521,-0.10588548409784022,0.99383030216026813,12.680584532189261,-1.6760006739374695,-1.8042344020766858,0.2593864473613266,0.239951268668519,0.9043478260869565,True,4
-0.99305436805767633,-0.11185878694823956,0.036477854433036382,0.10778450346628794,-0.98921766096306818,-0.099150996219313725,0.047175448001001444,-0.094530582465279261,0.99440356298872956,14.305616391226042,4.378791499306419,-1.1720825934014889,0.2990568708873509,0.2579966424115058,0.8852459016393442,True,4
-0.65767463453994801,-0.75064114211737976,-0.063260974095108363,0.75010039170439202,-0.64483164431702844,-0.14677040863987317,0.069379229223623273,-0.14397925631184955,0.98714563074767414,-23.971623138164201,-4.0935672301728863,-2.1317999138656876,,0.2487657032858192,0.3157894736842105,False,2
-0.96857248186948963,0.24420743197507391,0.047223696734958284,-0.24795535245421818,-0.96297501559510257,-0.10581711831700381,0.019633913376606808,-0.11420091728068557,0.99326364070057871,9.9899437472825632,8.8554913376972735,-0.45147449420080643,0.2641103216987287,0.2668030978684687,0.9327731092436975,True,4
-0.46003708106334557,0.88396166609693594,0.083532370479030296,-0.88125077156053599,-0.44307532963956497,-0.16456406013692892,-0.10845718819274541,-0.14931853580825166,0.98282298161642678,-0.80738973037124839,-2.1052556163290062,-2.3455518403878775,,0.1813975809379622,0.1995708154506438,False,4
-0.89657278933066531,0.43813686421323361,0.064755861890839914,-0.44287740595506414,-0.88825435567907451,-0.1219171969480362,0.0041032580158113438,-0.1379865494696764,0.99042560318234374,22.75727012964359,-1.5996139207410751,-2.0403597216011971,0.3704052942260787,0.2865247199367696,0.95,True,4
0.92237356982131957,-0.38381989263865363,-0.043695396896330313,0.38623283795803715,0.91420166436122141,0.12271720238847451,-0.0071548988781109102,-0.13006770119451502,0.99147929909202781,-10.28422621131541,-6.5558533930492242,-3.0115313596626021,,0.1688743640584137,0.1538461538461539,False,1
0.96932061057099217,-0.24476745188096044,0.022504408945395606,0.2454367550453074,0.96879809230772018,-0.034511673586664592,-0.013354894050856717,0.038976285618622923,0.99915088748610281,-5.7489764879520147,-1.252628772518156,-2.2647526608208302,,0.1093355401888497,0.2,False,3
-0.9429148844574039,0.32163218163652485,0.086395951319551301,-0.33186540315288082,-0.92915034472411029,-0.16292633638931239,0.027872474932387661,-0.18229749486703617,0.98284828356483733,-4.8378123890944087,12.322381932703644,-0.11928332992245663,,0.2787658350493537,0.28125,False,4
-0.97005660232581636,0.22796990586172414,0.083784904997788623,-0.23908826782972586,-0.95700846005045515,-0.16423034913814472,0.042743285674746501,-0.17934472228993076,0.98285730506339208,22.67224815251345,-11.412272048123228,-3.20769353984516,0.2673153555274719,0.2700330827566867,1.0,True,4
-0.32585433937593927,0.93892013407507813,0.11067037245038194,-0.94390837876989842,-0.31647973575512339,-0.094220747950482228,-0.053440827069302976,-0.13516493141641217,0.98938087676958097,15.303550542637117,12.603425441811577,-0.16501658286106174,0.3034213257706583,0.1850421867601054,0.4166666666666667,True,2
-0.9845195534005825,0.16885352233186271,0.047007839431748827,-0.17334881774912558,-0.97767862558910856,-0.118721069954631,0.025912089010698774,-0.12503196816140696,0.99181428230328827,4.5230953445469027,7.1994179961055753,-0.77048354776790007,,0.06702253469613573,0.25,False,2
-0.99295495564878666,0.11048439377987369,0.042821195494859299,-0.11439721815478764,-0.9880371639465142,-0.10342069009136268,0.030882560304499658,-0.1075907123855102,0.9937155056038004,5.8442975123523508,6.9231037461254914,-0.73650402338780674,0.2872613390874775,0.2637514656415951,0.9253731343283582,True,3
0.71403524468850754,-0.6997954554098188,0.02097593693704277,0.69965214861283564,0.71216510976608793,-0.057512845289532856,0.025308897330087482,0.055742057906213199,0.9981243823774244,-0.30309305621486438,-14.105340260007829,-3.877977418413407,,0.46215139580023,0.1864406779661017,False,1
-0.99882054365321404,-0.031094254895192245,0.037291673183297597,0.024626515112571041,-0.98634658178956458,-0.16283106382214393,0.041845624976900239,-0.16172064773724348,0.98594897219163335,14.677171964310183,16.123454706968058,0.31686447030646403,,0.2520008337144988,0.8709677419354839,False,1
-0.24939804144864947,-0.96447289672295577,-0.087135804399845876,0.96472908746823383,-0.23961628566458143,-0.10900377716858489,0.084252030920842116,-0.11124777360082383,0.99021488988732809,25.828893736114505,4.5607921943757157,-1.3395395758292374,,0.1658399607442988,0.2727272727272727,False,1
0.99909777655314935,0.0091134138023049559,0.041479857466261122,-0.011601438669164035,0.99812242904912585,0.060141693107845659,-0.040853879954773048,-0.060568657884590982,0.99732762830210431,1.7686454976788266,-19.167561153502746,-4.4534778941444984,,0.2897511064516892,0.2380952380952381,False,1
0.30156962404136806,-0.93917091305043876,-0.16435862598462281,0.94818361484861524,0.31349949022957113,-0.051632375099466998,0.10001797032614117,-0.14027140017054207,0.9850483947025318,-6.1156232801284256,-6.1628332478519292,-2.8789861020237697,,0.2289855553564494,0.2844036697247707,False,2
0.98838936455722892,-0.13132388585817728,0.076423170787831118,0.12546590826116208,0.98910584589608519,0.076993061235358609,-0.085701632973702563,-0.066510620334638754,0.99409836912065341,28.591879117086073,-1.1759757940345548,-2.2009835502852404,,0.202589105606369,0.1904761904761905,False,2
-0.47993505940732656,-0.87714302230157171,-0.016806462428200566,0.87361092621242842,-0.47607111099792332,-0.10079804995864743,0.080413234942694492,-0.063058827303300813,0.99476494507254509,7.5573181048684201,-10.657600748891639,-3.2036937625333048,,0.0997339551141555,0.2647058823529412,False,2
0.51751120953922303,0.72270300433080736,0.45812936549895428,-0.85131905146534081,0.48882657951779213,0.19053726084177641,-0.086243959866195749,-0.48861942520550666,0.86822407055922934,-10.853666380252923,-5.5792694427685241,-2.935325544232342,,0.3411806500880497,0.3,False,1
0.94822590034315735,-0.31682387811504853,-0.022142090564129392,0.31730980812033427,0.94210180351204109,0.10843743583281924,-0.013495465499412287,-0.10984908773176535,0.99385665482274355,-7.8527063339400769,-2.7010423409831694,-2.407479227935212,,0.1031865857727372,0.4736842105263158,False,1
0.79643947793925418,-0.60328645982986928,-0.041588524448355327,0.60453979208641284,0.79598994879346874,0.030522798100562687,0.014690056635851913,-0.049451479307646914,0.99866849025606119,-8.5907870309620638,-4.1614788690061371,-2.6275936912499307,,0.6801137175684411,0.398876404494382,False,1
-0.81703647424421022,0.57304033349082628,0.063844936739832603,-0.57646716815699095,-0.80959702824561908,-0.11062665091614476,-0.011704861880862776,-0.12719051870554543,0.99180923980358493,-5.7850925780532805,-4.0594782644152545,-2.5285428025366712,,0.2942924274891495,0.4585987261146497,False,1
-0.22954184865289171,0.9614584367353326,0.15135459737802237,-0.97108654891838908,-0.21575525979846008,-0.10217916802886993,-0.065585472680967594,-0.17043280875391725,0.98318421644850706,-5.410185031875641,-4.8176182897994595,-2.6534121634818084,,0.1610407899709828,0.2678571428571428,False,1
-0.94547915617771738,0.30522428032976967,0.1136103161277438,-0.32543254624630147,-0.89907425747314662,-0.29284661069023671,0.012760214618901037,-0.31385286082220837,0.94938588502073018,-9.8012321943816154,-5.5533783398210108,-2.8933616700056812,,0.4640400032107194,0.3025210084033613,False,1
0.99751880483299826,-0.061047816903388182,0.035062773077391501,0.060966764367649563,0.99813408337037135,0.0033771669973497176,-0.035203517538531875,-0.0012311237626320619,0.99937940577500162,-9.6511708045617279,-7.3453757796364156,-3.0861829672296239,,0.1651316657253362,0.1621621621621622,False,1
-0.37166754568111576,0.86238667494065668,0.34373312085420998,-0.92664627540481093,-0.32208810930538051,-0.19387091097551837,-0.056479339282322946,-0.39057454183405838,0.91883709737110009,-11.659677685506805,-2.0542439230407901,-2.599932467250448,,0.5438045365305617,0.3636363636363636,False,1
0.56303127772229189,0.79836160551792423,0.21357557711790187,-0.82196916047292723,0.5677971639066085,0.044419363919829882,-0.085804892272141525,-0.20056202904451609,0.97591618132281821,-4.4266448255242361,11.534809254857777,-0.22228715581991676,,0.5392081645247804,0.2359550561797753,False,1
-0.99556460615568054,-0.086429062025970685,0.037163587116890794,0.081993491737907293,-0.99079355111024936,-0.10772746349453631,0.046132226075809135,-0.10420247749286873,0.99348561207580555,0.53649017141601107,7.8507735674845751,-0.84759064584470845,,0.07210289783766674,0.2954545454545455,False,1
-0.34200755216334572,0.9385137523210445,0.047146272042536956,-0.93787263249364472,-0.33778860429422058,-0.079333372728017285,-0.058529987892331339,-0.071349810884367204,0.99573261722416617,-12.690999516748889,19.660126917565233,0.86613561138070128,,0.3120148073734694,0.9811320754716981,False,1
