axis_00,axis_01,axis_02,axis_10,axis_11,axis_12,axis_20,axis_21,axis_22,location_x,location_y,location_z,dbh,dbh_approximation,score,reconstructed,number_clusters
0.80207393179672404,0.59609775301750068,0.036672561672611986,-0.59676478953510403,0.80235330615669842,0.010047789335911425,-0.023434886457325617,-0.029943963446789124,0.99927682108104077,3.9648497584558102,9.2206590185239605,-1.3713098663202408,,0.1868711834257185,0.21875,False,6
0.94123731151061207,0.33361996908325475,-0.052631166139110445,-0.33673871231760794,0.93899206227735688,-0.070006761150581992,0.026064593742349561,0.08361592676639748,0.9961571230202807,-7.2555207276836891,7.2895492502038106,-1.6982753690991812,0.189338476618454,0.150537759417837,0.7424242424242424,True,5
-0.52599331240345792,-0.79287479304296815,-0.30770212521838186,0.84680339339257982,-0.45459250462073697,-0.27616963569780245,0.079088862968499235,-0.40582658525497761,0.91052168258347055,-10.142396967123258,-15.603993227961908,-4.2165902113943767,,0.363393395425372,0.1929824561403509,False,5
-0.77364372336190734,0.63325084832912815,-0.021650690362292523,-0.62020913895199636,-0.76381913364424914,-0.17866436421226106,-0.12967657175892483,-0.12479460793394788,0.98367184191043322,8.3639674958898347,-1.9658714140354887,-2.3092050468017904,,0.07027617330817569,0.1132075471698113,False,3
-0.65863579034503394,-0.74271197364200781,-0.12073864288357539,0.75111319128199694,-0.63933359568687875,-0.16456465996155634,0.045031872698663183,-0.1990765622439809,0.97894874881495786,-11.320003646252909,2.2884637156340828,-2.3341992697661866,0.1200508425314378,0.1320869270857727,0.6941176470588235,True,5
0.48066037492060004,0.87539756571556016,-0.051426704351527228,-0.87376791208235371,0.47315786951202332,-0.11247784819282064,-0.074129884637926205,0.098998648769133946,0.99232254219354177,-16.982512855089261,-5.594978818558185,-3.4262995654566741,0.1622142300862711,0.1633814228606403,0.7073170731707317,True,4
0.71861446946556118,0.69395037149400784,-0.045012511350278533,-0.69452220150872657,0.71292606391152158,-0.096826334264482172,-0.035102078089513628,0.10084299330619789,0.99428292493376569,-5.5962940343463172,-10.608992579529703,-3.4571339264693766,0.167744663900655,0.1671257520275537,0.8622754491017964,True,5
0.89449573085450429,-0.43962906522104356,-0.081262983553015894,0.43079023569799579,0.89616615739921135,-0.10632963443742832,0.11957073350252342,0.06010410422927364,0.99100471055614336,-10.852456155136574,-0.075676185985268707,-2.5755906771284751,0.1129579439595395,0.1314954252510376,0.8846153846153846,True,5
-0.58251461027912832,0.81190913547974541,-0.038474466024720683,-0.8003865447549382,-0.58120856358192352,-0.14689446754145682,-0.14162664928115118,-0.054773728589254354,0.98840362750741884,10.296953481805744,-16.429519320475993,-3.4813256781716064,,0.2808227167742295,0.7608695652173914,False,2
0.71341583167335332,0.700566815060916,0.015620139347079481,-0.69874349678489889,0.71288737099839183,-0.059574507734541357,-0.052871323216177595,0.031586926194322691,0.99810164275737201,7.3158752163607943,-8.7634419313234542,-2.8413621134330693,,0.5118439223486718,0.3859649122807017,False,2
0.83770833333784711,0.5434224424618157,-0.054192225320257796,-0.54608287223387642,0.83239654987986766,-0.094390043971243356,-0.0061842468520362653,0.1086647724744681,0.99405921469193459,-15.312055295241418,7.6749309225181044,-2.0450687231895945,0.1718719711840289,0.1467071572100318,0.9523809523809523,True,4
-0.033803930993146318,-0.98858882177066687,-0.14679726059941686,0.9933052313270424,-0.016998261147436959,-0.11426187700318959,0.11046271618849092,-0.14967698750324326,0.9825450563430731,13.826709122417427,11.862547775126835,-0.85981048738455679,,0.2565143644350482,0.4102564102564102,False,3
0.49750735524482359,0.83899066520397314,0.22041119567275871,-0.86243927449822799,0.50569204138748969,0.021772851910652133,-0.093192967976509208,-0.20092342565750676,0.97516401068834646,8.6425992962588403,-10.568134712805113,-2.9098886694861297,,0.3564435599367803,0.3269230769230769,False,8
-0.19062741839718442,0.96867420654992664,0.1591586281672891,-0.96696002585955454,-0.1573326737515566,-0.20058598694792826,-0.16926161923162908,-0.19213722006694814,0.96666115724178692,7.5556971515024687,-17.473856357986108,-3.687586490638755,,0.3376998033019992,0.475,False,3
0.98009756072747301,0.18726080579345675,-0.065895083804820648,-0.19282984950451268,0.97692375673325849,-0.091851089651924026,0.04717436375963191,0.10272956801118191,0.99359006399023109,-6.3672297917277838,0.70700330269481149,-2.2551100653814249,0.2187369658092452,0.1882805419034936,0.9056603773584906,True,5
0.99670052685761901,-0.034516713202938948,-0.073461937569125474,0.027924830986547817,0.99564544709795033,-0.088940134289836686,0.076211964783206854,0.086595266514905456,0.99332421506832047,-13.367210598695069,3.5038570723579436,-2.3455092068206289,0.2046996032641445,0.1835415392603086,0.9230769230769231,True,5
0.47895441005954748,-0.85240889611951687,-0.20976593360414131,0.86594374289131848,0.49798259773234799,-0.046419462546610037,0.14402814735975863,-0.15941269137696906,0.97664911129640941,8.162929346737787,-9.8027970338983401,-2.8752371020971434,,0.2729139756839487,0.2580645161290323,False,5
0.36653714953570882,0.92988734698657372,-0.030984511041950758,-0.92690337927222788,0.36206985544097675,-0.098770163889073365,-0.08062656822637107,0.064922582320957545,0.99462777701048399,-12.608912925258586,9.7218830249315911,-1.7079730411286929,0.2565175281956025,0.2581696179170524,0.9682539682539683,True,6
0.99703023412963798,-0.0084348539020278872,-0.076547798603565642,0.0015701991889689071,0.99600366414646635,-0.089298574912037243,0.076995108324539444,0.088913183760706754,0.9930590108586842,-9.209607017079751,15.440691251286751,-1.1656452726557773,0.1794819820808533,0.1743729083750148,0.7608695652173914,True,5
0.42890001344414747,0.90331925855422845,0.0076873657809023166,-0.90082328287174351,0.428320222172136,-0.071128055748676935,-0.067543996800493222,0.023581865987475248,0.99743756902011871,5.7319028981439208,-9.3590475101772252,-2.9877505165008569,,0.141863451570122,0.1764705882352941,False,5
-0.6793646240762371,-0.7185750945089372,-0.14870622416437324,0.72794831746389133,-0.63441883988327852,-0.26000765893074124,0.09249299787142054,-0.28489045114328937,0.95408724768342368,10.315638332742585,-2.6459612954617784,-2.2732063045689235,,0.2259831866209752,0.3636363636363636,False,2
0.94266253409235512,0.32908135937921379,-0.055612999628756841,-0.3325986514381804,0.94009763259233825,-0.07479691341081493,0.027667379349752563,0.089005056617081815,0.99564683297668721,-7.6200691209945992,-6.1198540425595978,-3.0658423602814731,0.2482654889161736,0.1474003393507001,0.8837209302325582,True,5
0.69723030432917299,0.71516561588296768,-0.049071830858297763,-0.71576904886998405,0.69079551894188018,-0.10235340585235957,-0.039301035670936117,0.10648799401132047,0.99353698256614376,-12.480761615086774,3.8256901280696902,-2.2485719204860186,0.2320409694700209,0.2313825059009185,0.9368421052631579,True,5
0.92621906793202791,0.37222158438549302,-0.059743872628726623,-0.37646164222857359,0.92159619838042506,-0.094536125694427528,0.019871339403512864,0.11005243862950291,0.99372712080430259,-6.7039623112569942,-7.5820483871404889,-3.2061915999755293,0.2089418207340685,0.1827242804465713,0.9154929577464789,True,5
-0.62713019814184046,0.77614689012697058,-0.065602740223322617,-0.76598140474139276,-0.62981030617184863,-0.12888547563680466,-0.14135134300380442,-0.030577494762569331,0.9894871472864446,-15.491689033568145,-16.243244697129498,-4.4743355969977054,,0.1425593716173114,0.72,False,1
-0.87314783864000867,0.48592105858451101,0.038646820081206776,-0.47614953170587015,-0.83323497433037341,-0.28107134505129089,-0.10437660338678074,-0.2638185027187625,0.95890840140686451,6.96882363761679,5.8736309302042304,-1.6479833432296613,,0.3035482349313694,0.3809523809523809,False,5
-0.11953758765554882,-0.98669793307184217,-0.11017238315134917,0.98376375553287521,-0.102752578237992,-0.14714204349980886,0.13386425376980335,-0.12597260232765303,0.98296045954323819,7.6616469699577205,-0.014325021953873529,-2.1692822059014891,0.2906730649723451,0.1489886454243891,0.3384615384615385,True,6
0.99065652054865549,-0.11032440219655228,-0.08017596007783484,0.1063890791008614,0.99297368073686132,-0.051813446246685706,0.085328905668008201,0.042799481817668183,0.99543316310721597,14.277052340560148,-24.408223695876753,-4.2382296228767853,,0.213738488930359,0.4117647058823529,False,2
-0.31894106452835863,-0.94352197424287387,-0.089682113480598707,0.94319448723898636,-0.30668441840922522,-0.12778429773246988,0.093063186059271621,-0.12534333498764455,0.98773897957642265,-12.590084117423256,1.6669063241353406,-2.4834292997039809,0.1819193839808955,0.1835304840673878,0.9514563106796117,True,5
0.88432659191718488,0.46675800327442146,-0.010170801709496219,-0.46667481180662418,0.88437730385962088,0.0095605670983284485,0.013457297402921987,-0.0037082067451588083,0.99990257042841268,10.194927439480736,-10.79928032209283,-2.9916303041852585,,0.3341892852685036,0.736,False,10
0.4540796537091954,0.88944387326796315,-0.05197368943438084,-0.8876684474120925,0.44662065460557987,-0.11213705163187172,-0.076527090342851239,0.097054557779465533,0.99233261422664654,-6.0720215110447491,5.3487383701290971,-1.8112652512323937,0.2197572703651375,0.189529610913961,0.9714285714285714,True,5
0.94152195831855223,0.33167068177292075,-0.059421888696709925,-0.33589071599703552,0.93783101744247588,-0.087466620089090771,0.026717576817467201,0.1023110041740196,0.99439359889025158,-8.1272314498258069,18.843405957365448,-1.1121095689631688,0.2363097355601383,0.2287525271599156,0.975609756097561,True,5
0.8769964157551613,0.4759100439050501,-0.066233804532833479,-0.48048429717581742,0.86960072478857997,-0.1137076057906292,0.0034823727631006288,0.13154546574272158,0.99130402174230547,7.5760371708407419,-3.424153216115958,-2.4866854918178962,0.2915690936012121,0.2575896655435189,1.0,True,5
-0.40661866925275736,0.91073872851680937,0.072223446294814933,-0.90158709521921843,-0.38724047989839883,-0.19283547511344348,-0.14765489341463209,-0.14352623142701518,0.97856949336420185,7.0461074362292067,-0.66772721097641696,-2.2692221996070292,,0.1829738344005054,0.2222222222222222,False,3
0.55239545429216796,-0.82764436526036345,-0.099318008085737347,0.82125378516749514,0.56076464353837052,-0.10528644217250757,0.14283375800352657,-0.023405538021019322,0.98946990776098664,10.076954700661362,4.2093961320555957,-1.6038076725764618,,0.1140744468397846,0.24,False,1
0.51258836912134853,0.85854998102385849,-0.012045493989382074,-0.85576020923540141,0.50967530980489983,-0.088913119755529846,-0.070197066398090827,0.055883885505675593,0.99596654723433875,-17.738816547083907,-3.7946715164653271,-3.2699139627509943,0.1465443443871289,0.1198494176945895,0.4827586206896552,True,2
0.39043999618676412,0.92036428183200436,-0.022049900352121364,-0.91492976887526223,0.3852511326103451,-0.12035398974818248,-0.10227476425560242,0.067165121531231164,0.99248613040493228,7.7874571757047928,-22.056007990253583,-4.1793313249066433,0.3441216050701092,0.3063888077530804,0.9873417721518988,True,5
0.45894157744335851,0.88308458099828635,0.097643490806518476,-0.88288457376677254,0.46559562687341738,-0.061119077553687812,-0.099435697304669945,-0.058157845897440469,0.99334294534269651,9.4313272977066767,1.4440894189940789,-1.878529025490697,,0.3317432705577072,0.2727272727272727,False,6
0.97400453750000371,-0.21357298034511071,-0.075509886742801235,0.20637426228854175,0.9740459719741168,-0.092973697064589814,0.093406770601835221,0.074973505637024318,0.99280116269987884,-5.8190521195976661,-8.0850587240232983,-3.2004549184094957,0.2100535476733624,0.1866086583294133,0.8036529680365296,True,5
0.42031849960607981,-0.89613759380375291,-0.14237194899457795,0.89600928120279999,0.43467033972772362,-0.090714187200393967,0.14317725687879551,-0.089437736625018777,0.98564758630052896,7.5183549510160184,-9.0399651566254313,-2.8710788824873332,,0.1271488991586269,0.2127659574468085,False,5
0.98031166979569129,-0.16107906526550608,-0.11420404894561031,0.17612703837358845,0.97479402894542488,0.13695206273032801,0.089265314742787913,-0.15437012620819501,0.98397234093156005,7.0554060663641636,-11.57181476666409,-3.1137737409630724,0.6356708495755903,0.3290878324002264,0.1666666666666667,True,5
0.65582579682713793,-0.74985602592749734,-0.087226513149789728,0.74182713481503781,0.66156163553040948,-0.10967545051852612,0.1399465121686195,0.0072209953988729911,0.99013273400958146,-12.123469006180034,-9.0130844409997746,-3.5163482027940711,0.1556048703202352,0.185061319878214,0.9411764705882353,True,5
0.71823116163705314,0.69563360330832791,0.015423631276728342,-0.69430899162798254,0.71796386839432846,-0.049627692116245473,-0.045596300266827795,0.024935389079029917,0.99864868886583646,7.9711953091854415,-8.6041442744064174,-2.7760643195831927,,0.1468098900242985,0.3166666666666667,False,5
0.11373317974870474,0.94850355075871873,0.29564468204645866,-0.98629061357260206,0.1436034606473493,-0.081294967056301945,-0.11956416437557216,-0.28234563975419935,0.95183262725594964,5.257411324294365,0.88580772420438747,-2.1087062048787462,,0.6791337318958198,0.3453038674033149,False,2
0.92668652971722598,0.37143716616507649,-0.057328066703008426,-0.37535196629777307,0.92239736670143269,-0.091071396709729524,0.019051956252381604,0.10591283913446399,0.99419288544499118,-6.7064596960514775,-10.20352419968715,-3.4410759101938728,0.2104456793649658,0.2129376897469613,0.956989247311828,True,5
0.85530831400092289,-0.50915101310861866,-0.095984029147391292,0.50281021910935952,0.86036912820052081,-0.083347746212326643,0.12501828490304051,0.023026269562042907,0.99188720092052762,-21.924898188046111,10.592237904259022,-2.141428203597306,,0.159620571268614,0.5,False,1
0.84876984424655355,0.52614286499740703,-0.052568404103607649,-0.52874313914128868,0.84368383236080402,-0.092888555936676442,-0.0045215383107717333,0.10663618816004949,0.99428782506173607,-11.150918838684587,-5.2919354864956301,-3.1341444385704662,0.1642240439986704,0.1894113401411275,0.9819819819819819,True,5
0.19108129078999708,-0.96725697010917155,-0.16703860058457706,0.97218265155452011,0.20997675239638977,-0.10378176848313891,0.13545786181115965,-0.14256127534604371,0.98047307481911949,24.75767985974721,-0.9553527719731929,-2.0629600312859604,,0.1511745230215008,0.3529411764705883,False,1
-0.72542250602972125,-0.68360047109095068,-0.080327975636078047,0.68757333159697853,-0.71432542816412947,-0.13031537267247242,0.031703334559495699,-0.149765078046801,0.98821319560884513,-16.184328957335875,-0.63321433705079422,-2.936317068699871,0.152865670158303,0.1258090464173762,0.52,True,2
0.71557696740702426,0.69704603697382861,-0.045567818201524786,-0.69756831675248343,0.70963702641996396,-0.099064293249074745,-0.036715762005905192,0.10267479278241379,0.99403714203615889,-14.59162870937727,-1.8595711491896199,-2.9899458711477562,0.136337880929757,0.113812368211141,0.6571428571428571,True,5
0.87397588577062923,0.48434261075245744,-0.039728912657364633,-0.48570361593336125,0.87327710401189074,-0.03845903116125609,0.016067002231311828,0.052908742359821716,0.99847008789507574,6.0615368873303312,-1.32617076015816,-2.3518899571749259,,0.3158628808039696,0.9330254041570438,False,6
-0.11546173652526627,0.99170150420363867,-0.056539490259559774,-0.98440938743209916,-0.12184501122411376,-0.12685405462717772,-0.13269041161338441,0.041011215539611436,0.99030870685147199,16.420333910985484,-14.503157571274347,-3.2445948557975282,0.3766715902172084,0.3144319583476338,1.0,True,5
0.91477481069881184,0.40063576597002354,-0.051749673782211222,-0.40364283861184252,0.91162453824630585,-0.07754456850471933,0.016109144866402081,0.091824203197314214,0.99564492222822687,-6.5020591396180611,8.3721542480736471,-1.588726444264543,0.1882579170094375,0.1831017952208439,0.7948717948717948,True,5
0.96297272970249204,0.26220672899582803,-0.062698908432595138,-0.26711722083902811,0.95943019035556765,-0.090233586682078065,0.036495372043101881,0.10364044144824269,0.99394504210034085,-15.718826914796873,-3.5166615641753194,-3.1842272333387927,0.1021909840444993,0.1081393670325803,0.7450980392156863,True,3
0.97360742758531893,-0.20495203128174527,-0.10041534655711737,0.20664996920904924,0.97839201555302324,0.0066973224495359002,0.096872943470292086,-0.027271391155946387,0.99492306438629852,8.4417293324223426,-1.3330319775667183,-2.2452680309798096,,0.157169995928182,0.125,False,5
0.80468858766112539,0.59273361055261231,-0.033810409775814128,-0.59363249318196565,0.80245489966189254,-0.060552432215282274,-0.0087601327905281745,0.068796809009481916,0.99759223089577354,-6.6299103804081598,-16.14349023079442,-4.0875563645601805,0.4624897713625037,0.2303799169174229,1.0,True,5
0.82791560422420485,0.55975362637547343,-0.035094587069471925,-0.56047934429317992,0.82346030093482325,-0.088181842830695661,-0.020461107075543238,0.092676914837716784,0.99548597807975481,16.662389669180396,6.5862606912261334,-1.3822769463737798,0.2595733042287246,0.2331731803843218,0.8412698412698413,True,5
0.78072217449049508,-0.6056304464564074,-0.15389817602507455,0.6171135742514362,0.78597633188859195,0.037577149779755736,0.098202457878860255,-0.12430996756481642,0.98737192041833166,5.8773558376916739,-14.835650630352559,-3.5157495837579438,,0.4381617772504834,0.3508771929824561,False,4
0.16814528546970869,0.98503554433007112,-0.037843617436402611,-0.97948486966721626,0.16262578079522533,-0.11900523313595018,-0.11107003676648683,0.057077419590464314,0.99217217009226155,-13.665310477373119,-0.70215788044053085,-2.7863675078119599,0.1222842221528428,0.1222231565896447,0.625,True,5
0.56354371118169377,0.82512890822236074,-0.039758903447398068,-0.82373067189544702,0.55765352092708376,-0.10242231581204768,-0.062339921127959205,0.090470080211096177,0.99394612470714871,-14.660045505034859,-4.6171704423817301,-3.2258105719801931,0.1080709512170365,0.1418069263058319,0.8245614035087719,True,5
0.94412634340941504,0.32440657113374799,-0.05818783623414063,-0.32854088809427706,0.94038889438382589,-0.087918212958340958,0.026197948976788607,0.10212298431209761,0.9944267512213254,-12.886086955479884,-6.7169994138676001,-3.274893265064267,0.1221563240371945,0.1001864572014917,0.396551724137931,True,5
-0.09808493592393272,0.99419253677614827,-0.044278043807340212,-0.98659519227908277,-0.10297353482261865,-0.12659533047444624,-0.13041959943427711,0.031267410265989296,0.99096572954803075,-18.530508802262325,4.9288013768736043,-2.4122595066370112,0.2418826496114025,0.2571921086394176,0.9876543209876543,True,3
-0.79858807348576788,0.59834565114314364,-0.065111985412653062,-0.58746165260080652,-0.79842113526409475,-0.13195642268235233,-0.13094233696486163,-0.067128030819336645,0.98911472128792988,13.475170022108946,4.2791654625146212,-1.3941239444934195,0.271344370244842,0.2460192652628802,0.9915966386554622,True,5
0.99170843948080267,-0.10505544928700068,-0.074011645284094082,0.097057556010755927,0.98978435021731348,-0.10443548671840629,0.084227085214740052,0.096386164152319584,0.99177391852994001,6.4519193395253813,-9.3213680582014309,-2.9623935178707068,0.2633918100488336,0.2853944665760471,0.9969879518072289,True,5
-0.051984957863237397,-0.99095756482853226,-0.12369587246574792,0.99105384742539859,-0.035946216676862236,-0.12853070065138078,0.12292207148951004,-0.12927093337531531,0.98396096981791037,-7.5243660517673625,-10.444623497137856,-3.5032272623257006,0.2509741724366839,0.2212951973461141,0.968,True,5
0.71344483458462515,0.69933576885530746,-0.043885651460041801,-0.69980339758636256,0.70793414924066844,-0.095417215770916566,-0.035660520622949547,0.098786247719235221,0.99446950910043164,8.3118126060663631,3.4880998184384295,-1.7548115496042522,0.3183902107206382,0.2650303073162441,0.845,True,5
0.6303482186874273,0.77522366543604992,-0.041102210956137517,-0.77486959918846865,0.62506753089444633,-0.094168392122952027,-0.047309908593118573,0.091207731960704114,0.99470745557651019,-11.115997948351474,9.8407050472441355,-1.6177454634653095,0.1991084273409396,0.1006595460361704,0.5172413793103449,True,4
0.62985482096344336,0.77596940720493945,-0.033976220965912962,-0.77456886043908002,0.62426695628729478,-0.10165553465455059,-0.05767135291645771,0.090345151335378612,0.99423929146004564,-7.0548870565091741,6.271914361207874,-1.7706371096188065,0.1760518827775041,0.2027410918037112,0.8571428571428571,True,5
-0.48386788991844304,0.87491278829694408,-0.019986945247802514,-0.86379024553304118,-0.48113386744996312,-0.14958814563530198,-0.1404929778595374,-0.055116372042311582,0.98854636143432928,16.443308482576811,1.9853207700899409,-1.8094392371403363,0.2355940433778647,0.2101191351704845,0.7017543859649122,True,5
0.99666844592930093,0.035143053160638614,-0.073600099887307049,-0.042304092794276854,0.99427551598733199,-0.098115044926753006,0.069730715052452,0.10090175480473108,0.99244972832662959,-14.049844596358435,9.2063924196308111,-1.8393375738801587,0.1692947698204351,0.1556842885968827,0.8,True,5
0.86216119603058838,-0.49691421694865762,-0.098764027122262538,0.49047324533537157,0.8674907295093035,-0.083041133335259323,0.12694119768338763,0.023153729931015991,0.99163997353928202,-16.331269065357422,-8.5242069873277266,-3.6346690615080717,0.1828158876088991,0.1878962336510908,0.5,True,4
0.90549979142300341,-0.41584554862510831,-0.084513948088949895,0.40777535822371169,0.90782043040326665,-0.097884234521974325,0.11742821193572889,0.054171448486376339,0.99160277793603779,-7.8898141568734967,3.7527237320116287,-2.0119568528171845,0.2111752398784092,0.1941281834738759,0.9946236559139785,True,5
0.985624760939245,0.14645112787250295,-0.084237151948102579,-0.13628909953610088,0.98387153779611991,0.11585369421100393,0.099845440412142675,-0.10270766407415657,0.98968784157901812,5.1506917915922292,9.151743131779881,-1.3797053701134456,,0.375160461258869,0.22,False,4
-0.77590233640706963,0.62827427563263094,-0.056982444106431447,-0.61479231371326548,-0.77330972604512693,-0.15499186624819916,-0.14144248073736324,-0.085226182492840002,0.9862710187674365,-5.7474140739604307,-16.766105590097336,-4.1394231559709675,0.1643376987957109,0.1427635107039591,0.8653846153846154,True,5
0.71081495381193383,0.70116671391163921,-0.055743526437523207,-0.70242359329679005,0.70348730430983841,-0.10819754273966367,-0.036649652349826735,0.11606399948833845,0.99256533840619643,11.128187343363402,-4.2604817132992974,-2.3566887543163375,0.2574972238702458,0.2429810589173892,0.9941520467836257,True,5
-0.76903156401982642,0.63880380258183778,-0.022806914482351691,-0.62430734611592953,-0.75828274976813992,-0.18774346590428892,-0.13722532975695773,-0.13014212696530825,0.98195327570207802,9.3724343054842798,-12.99857543896921,-3.1495577176574208,,0.1264810338093897,0.2758620689655172,False,2
0.90675030642785759,0.41744518811183229,-0.059526437112114999,-0.42146176153141207,0.90164510449521085,-0.096984994234462704,0.013185801447950257,0.1130292902839639,0.99350415911463497,-8.3218122380542514,-2.2644048027160291,-2.6427610536702351,0.2284539973979534,0.1990259080848614,0.991869918699187,True,5
0.51168688022080921,-0.85527123732191757,-0.081778036291737771,0.84714058985271323,0.51810405600294651,-0.11798732210408819,0.14328069525896853,-0.008904929148130715,0.98964202851484373,-9.3507081167324273,-3.5677219785833079,-2.8516281941216741,0.1411783329924131,0.135275807465398,0.9009009009009009,True,5
0.024203065776021982,0.99317858478351206,0.11406362406333728,-0.99285789919455203,0.03721323648894817,-0.11335063756767602,-0.11682210242082866,-0.11050553722523766,0.98698587762365675,5.4264384456630381,-14.774833144117395,-3.5300315864817451,,0.288125424354099,0.2285714285714286,False,3
0.82219766996942878,0.56672869572688522,-0.053005442518149391,-0.56906944852687813,0.81642415608901542,-0.098038564390003427,-0.012286344051677979,0.11077085715133507,0.99377002518480184,-16.394742577311813,6.0503969240955122,-2.237201419749411,0.2324750690608516,0.2260862940955078,1.0,True,5
0.76807981988569074,0.63813495669381926,-0.053265066692367177,-0.63989187502573064,0.76170555211546065,-0.10170073821037885,-0.024326499140233201,0.11219816808601898,0.99338803723304514,-16.054836367874213,-2.2304754517710648,-3.0745764726434217,0.220554259672546,0.1812308091362757,0.9264705882352942,True,4
-0.71348108311173142,-0.59459265279043594,-0.3706808887565467,0.7005211404157986,-0.59426001532603223,-0.39512677208112984,0.014658644966708309,-0.54158527623296449,0.84051800260042275,-2.9566306742699586,-18.002022269196406,-4.1340888591131781,,0.2300485981178873,0.3571428571428572,False,5
0.068025819957110267,0.9973761813777815,-0.024763695997122276,-0.98928076171998303,0.064217430278360882,-0.13114761202238678,-0.1292132435545732,0.033419671882275008,0.99105351178500367,-12.602572422005384,12.997695954993127,-1.464352182908645,,0.1565403980662168,0.3636363636363636,False,2
-0.99248526905863754,-0.098312133862846957,-0.072854066715167726,0.1073708810728272,-0.98526218976142632,-0.13315371314448629,-0.058689731633815315,-0.13997550414930815,0.98841406993167535,-14.342899709017907,0.57919290423799752,-2.7132116576412444,0.1516290314807077,0.1227272964592192,0.5957446808510638,True,5
0.41202792992603793,0.91078590932203463,-0.026495515494123947,-0.90733100447541593,0.40745100106810123,-0.10360564678740038,-0.083566938908263763,0.066728622861838227,0.99426548648359814,-10.924517913831393,-7.0930925308164356,-3.3309538925957978,0.1562155766172011,0.1601960562487712,0.5648148148148148,True,5
0.74600340329950521,0.66460885739855868,-0.04211874799821564,-0.66531473911005778,0.74106367690240937,-0.090448464325249736,-0.028900176270574847,0.095497086045925328,0.99501009360119863,6.0278259812507136,9.9145924473314455,-1.320009547687033,0.3278296172925327,0.2993490512750014,0.9747899159663865,True,5
-0.8986893591071734,0.43798597589172178,-0.022928601128593198,-0.42238246723976247,-0.87838309101950229,-0.22368772156619587,-0.11811218055725298,-0.19134113601941674,0.97439113423245505,18.205065387100529,-2.0173328925563081,-2.1985148349352004,,0.1547461633113574,0.1666666666666667,False,1
0.70940891011900364,-0.69270521806844976,-0.12999415027034522,0.69543506841615088,0.71793895189079082,-0.03055694642756808,0.11449482023564003,-0.068725120725211045,0.99104379011248267,6.198767347276803,-15.795889971345686,-3.5850680571996203,,0.1319261670778463,0.1379310344827586,False,4
0.76182197357964065,-0.64228361379563625,-0.084255801110909911,0.63391654774271289,0.76594856768325359,-0.1071102336937724,0.13333075815123768,0.02818778305564152,0.99067066062199816,-8.6700643768985444,-1.4993895221029976,-2.575237003111309,0.2742691166416259,0.256918284690501,0.98125,True,5
0.98894475994709352,0.13233805684584529,-0.066894696975564535,-0.13808835336370712,0.98630015653497427,-0.090241940827899533,0.054035807003196955,0.098481673063326697,0.99367071589745604,-10.204487318166787,4.483905053343987,-2.0671129553934482,0.1205926613980607,0.1180339377762852,0.8888888888888888,True,5
0.27520677244735248,0.96047964206074343,-0.041714381045127299,-0.95620818184247469,0.26897024930769275,-0.11541628119493014,-0.099635060980664616,0.071650974691378114,0.9924409264279439,19.972722566321828,-16.61959903158078,-3.3169458699828414,0.3390873019063002,0.245018202288502,0.9210526315789473,True,4
-0.75932535764058695,0.64771626755960021,0.062358944688442615,-0.63804378915358739,-0.72229985920354889,-0.26680149271896336,-0.12776981007471272,-0.24237687623450219,0.9617319405636261,8.29256025784413,-0.026139731928048304,-2.1234777171388575,,0.3622094883739587,0.4736842105263158,False,5
-0.62617408269553876,-0.76878673281949683,-0.12989602611752157,0.77673285119765267,-0.60060662739992232,-0.18962530683865936,0.067765005945290696,-0.21963296329106494,0.97322621491882366,8.6403322549275554,-18.324265605258059,-3.7088639971443729,,0.2213671375024676,0.28125,False,3
0.90927318000281965,-0.40408845340804178,-0.099673496727347238,0.40701253072490101,0.91336697421196877,0.010078206774231283,0.086965993126458141,-0.049732205271528926,0.99496915720958867,6.0612264622471086,4.0957963711921836,-1.8044535521289529,,0.4559431095432235,0.4074074074074074,False,5
0.99715959655361752,-0.021584779099153149,-0.072158411237134276,0.013853858961324123,0.99427278043135847,-0.10597031983142902,0.074032490116882843,0.10466964891761307,0.99174767708452816,-9.9086327445038425,2.2583288457238702,-2.2774113699434273,0.1182068556384581,0.09638912879355777,0.5975609756097561,True,5
0.99717923408400966,-0.019835129655991993,-0.072388830237534854,0.012808098033577213,0.99527216489728365,-0.096277050253095769,0.073956255559559841,0.095078311997031401,0.99271878538254965,13.890559915066456,-11.079599097336121,-2.9711515599754108,0.3043819689796359,0.2774077030867431,1.0,True,5
0.99721037801161727,-0.017353776240096996,-0.072596889989410926,0.011722544852513636,0.99693993332316555,-0.077287458800129744,0.073715967931695714,0.076220835706580878,0.99436227818440626,-7.0387055452627587,2.3725050125547194,-2.1180786469864357,0.219590806920309,0.1960414306530511,0.7863247863247863,True,5
0.93792417164620767,0.34142326255625804,-0.061060658588122187,-0.34594914001957183,0.93351525031251226,-0.094172554142308365,0.024848355307614943,0.10945059716332178,0.99368160193247956,-5.6642096390273799,-4.0876505183322553,-2.7708988576136155,0.158884451757735,0.1504129167288027,0.8910891089108911,True,5
0.99470592885826525,0.075068726532108318,-0.070176929193746074,-0.0818483744136001,0.99168254642189746,-0.099330613247039748,0.062136613200814622,0.10454861748980417,0.99257676170707509,19.317196500706597,-9.9129996781027572,-2.8125978113466803,0.2672187411893073,0.2538190656661382,0.971830985915493,True,4
-0.94971188310335908,0.31204627010614971,-0.025970452539599613,-0.27671161761142887,-0.87519639382232228,-0.39681475894838975,-0.14655381186150726,-0.36967336603174733,0.91753124343295245,-9.4643587644146354,-16.355227716772131,-4.2943617306178794,,0.3323482089020176,0.3088235294117647,False,2
0.95424161171525868,-0.28844258553866525,-0.078891199248301819,0.28003639372854583,0.95449166875938796,-0.10259275050621015,0.10489311063447544,0.075805864658932798,0.99159008981773056,-9.2342299972130455,6.0899064274305701,-1.9033276929364877,0.1559483919067461,0.1619977023323277,0.9117647058823529,True,5
0.99701042741950041,-0.027495915604926362,-0.072209294705273999,0.020759078882381963,0.9955016018182522,-0.092442530370225762,0.074426260558632024,0.090667168271330922,0.99309626740659851,-9.9421880685581634,-10.070296100671634,-3.6370262400133289,0.2432930787399712,0.2063292184909667,0.9595959595959596,True,5
0.99687525297115964,-0.034734712934141793,-0.070945258693376978,0.027919226588300795,0.99509566694055196,-0.094895365655286779,0.073893482800572688,0.092618104890578645,0.99295601103275499,-14.169766163223187,-8.3124755712123566,-3.4725132156131768,0.2161818128708185,0.2212817830149968,0.9661016949152542,True,5
0.77788346217554249,0.62744661020420689,-0.034757310267624193,-0.62761762568371804,0.77294096769650589,-0.093050397030426349,-0.031518807162111515,0.094196665544155539,0.99505454774873459,-12.374444267827178,-5.8888919572492684,-3.2187963187431645,0.1476394360636457,0.1704114117738952,0.9565217391304348,True,4
-0.86206120914521922,-0.49425091998639326,-0.11210040044392207,0.50665506682549022,-0.83509595690528804,-0.21427875774444066,0.012292881970548217,-0.2415176408733874,0.97031856325632215,5.520115701720985,1.1111580057662165,-2.085454168425215,,0.250589960358514,0.1509433962264151,False,5
0.92665893961949086,0.37181369359006122,-0.055297259264776348,-0.37555432167653552,0.92206333758585679,-0.093585003874054218,0.01619138948197784,0.10748850514797167,0.99407447415558192,9.5291259450791852,8.2104455887621306,-1.2421224709915906,0.2021331312912656,0.2677233110389236,0.6103896103896104,True,5
0.63990187675333854,-0.76064851270138156,-0.10926769079984758,0.75658208909048597,0.64851253911844498,-0.083755770390003356,0.13457016978153274,-0.029074503113957109,0.99047743168314839,3.4744275220710055,21.468873571259333,-0.64348958304644377,0.3174018166381343,0.2294754696366849,0.7692307692307693,True,4
0.70416350007420581,-0.62863050684498312,-0.33011732918322023,0.69612307875631174,0.70280489026528759,0.14655355827147284,0.13988003569515123,-0.33299995808260374,0.93249375522354394,-6.4120425486502217,-17.638505285768364,-4.2559925445840454,,0.3555655327185148,0.3695652173913043,False,3
0.98915669198592038,-0.1236024433809928,-0.079318816744326212,0.11854961398460725,0.99078241319695037,-0.065545394374649624,0.086689259562947638,0.055431450367785282,0.99469207626609346,19.159445712810093,-4.4968646489838768,-2.368665810298594,,0.1460851067674296,0.7,False,1
0.98751218423180576,0.15124782694056979,-0.044088329969329598,-0.15371229018391439,0.98633920076858195,-0.05922425916473667,0.034528507644338506,0.065261595697249333,0.99727062840881098,15.900812958739206,17.948148015212464,-0.34366478673676704,0.2817946796564236,0.2690991275573953,1.0,True,4
0.64072724960677119,0.76578959076025199,-0.055089874701147165,-0.76621559642048609,0.63322157672976798,-0.10928904138048372,-0.048808312953235122,0.11223518809674725,0.99248224726669387,16.656478819876458,-4.8762069279716691,-2.4923308733453569,,0.2445055261445374,0.9777777777777777,False,4
0.67744124359204538,0.73548719236402149,-0.011487007832807671,-0.73357194837076867,0.67436015917742798,-0.084324209321566132,-0.05427299553163021,0.0655512439445807,0.99637215756630859,-12.211822409162457,-3.8117612311720896,-3.0117564895766051,,0.1435822354059622,0.4347826086956522,False,3
0.364183043380014,-0.91781144462956843,-0.15809131228962309,0.92038794296329562,0.380623252502787,-0.089509631336477866,0.14232619352130302,-0.11290744776667264,0.983359122028444,5.524520987113493,15.526291831187944,-0.95297591231696932,0.3197885943396821,0.1928204123052326,0.5882352941176471,True,4
0.57531411973467239,0.81689431526385958,-0.041198802452367095,-0.81616826600464731,0.57003792396147379,-0.094478181675243592,-0.053693809707326429,0.087979787083641653,0.9946740832372335,-14.612310037069905,-6.2317247322900524,-3.3334037900627029,0.1455231564120917,0.1451204562994762,0.9166666666666666,True,4
-0.21600225913999296,0.97618892940227187,0.019954903128496598,-0.96640911001829555,-0.21083379703829092,-0.14697803271259413,-0.13927116040324697,-0.051032187282783803,0.98893845093669508,8.5431809651654707,5.3516813754173755,-1.5697160809363853,,0.1306394540134401,0.5714285714285714,False,4
0.42622730490653388,-0.84561926038323643,-0.32133837464738174,0.88747223339045611,0.45970740895627626,-0.032590383729910785,0.17528068779266204,-0.27128797359930129,0.94640346357529592,-3.2508773509198106,-17.456528550402609,-4.0891630874841169,,0.3819520696455549,0.2222222222222222,False,2
-0.064316581676310672,0.97751154564801623,0.20083464702660495,-0.99283420514833842,-0.042367777367926462,-0.11173724772146783,-0.10071553211367798,-0.20658206496627027,0.97323184906030002,4.403295771456853,6.1121983186840607,-1.6416384714050229,,0.3394288147716787,0.19,False,4
-0.98960655551992971,0.12674269045193726,-0.067934937175098228,-0.10936322166609523,-0.97008353625150667,-0.21674320852239864,-0.093373181475157274,-0.20706091642503624,0.97386201582689913,-10.588145110974811,20.440989116660113,-1.3541118090529833,,0.2231312367811284,0.2903225806451613,False,3
-0.39921260801508135,-0.91358197151040632,-0.07744207469428771,0.9128950961885347,-0.38822144833525057,-0.12612156995298596,0.085157718127733539,-0.12104581109496954,0.98898739863541163,-17.363317432527257,-14.792746532835569,-4.436194025441349,,0.110729443035778,0.3809523809523809,False,1
0.9441352689964555,-0.3186610320167273,-0.084046061841266534,0.31140572772793662,0.94610342472294973,-0.088965063175053982,0.10786596578729503,0.057822628801719449,0.99248248197297384,-18.809606635672406,-1.9355299611505439,-3.1299331174508707,0.2092431494209221,0.1933740629672159,0.8620689655172413,True,3
0.68106898029514917,0.7308547358050439,-0.04468108359324123,-0.73102529167043107,0.67520794296858855,-0.098469572408382097,-0.041797930784763779,0.099727573436176165,0.99413648161539936,7.8109460820814194,15.533278611657574,-0.77900223130369117,0.3281551747870035,0.2323880986131309,0.6666666666666666,True,3
-0.81153627723545974,-0.53020717209447987,-0.24553864337489917,0.5841321650639526,-0.72605759645419532,-0.36280846237216741,0.014088451600890249,-0.43785924826447559,0.89893314225294785,18.818612834716063,24.630313998440094,0.26425729969173783,,0.4231039061176962,0.1219512195121951,False,1
0.5970025738183159,0.80215539817648418,-0.011603621444697572,-0.7995200178415125,0.59372680248591903,-0.090863772101720142,-0.065997484232455328,0.063523233436058535,0.99579572749074108,18.258017298637146,11.851760297263937,-0.86208583757474688,0.311914105233208,0.2088917760517479,0.9333333333333333,True,4
0.26140310691406315,0.96310242603078311,0.064047893558607891,-0.95992555511240452,0.26634048959296985,-0.087210505362136925,-0.10105119661744276,-0.038684112720818675,0.99412886241431797,-16.580139288215218,20.359509708193269,-1.3196965163952605,,0.1390858942093144,0.25,False,1
0.16260933657743715,-0.96110133544591736,-0.22325417501565498,0.97757715172994841,0.1876107872842151,-0.095630041880983119,0.13379505249973681,-0.20269784285648426,0.97005797168412644,-19.023535134918621,-15.901468438783736,-4.6951529298588959,,0.1400180596893802,0.2307692307692308,False,2
0.99611941316188191,0.049337291377501764,-0.072883100932659359,-0.056108814873257987,0.99399080710563981,-0.093989766905754779,0.067807931804083135,0.097714415871002061,0.99290179641062304,-15.981587132603012,9.0923324086522701,-1.9928755545531991,0.220780248095114,0.2039210838202579,0.8936170212765957,True,3
0.93986788007350253,-0.28710287422703645,-0.18498731744829219,0.31791565313471748,0.93335711025184265,0.16665575967921373,0.12481188043638569,-0.21544475939995492,0.96850686634067262,8.1894890534997327,6.2069634176860999,-1.4940124782211206,,0.3874675410462584,0.2795698924731183,False,4
-0.25996473456609054,0.96546362473091352,-0.017272119251252133,-0.95693369881246926,-0.25997904946650252,-0.12918509943326212,-0.12921390350527323,-0.017055297122631249,0.99147006206995003,-10.410336089331889,22.068260077306348,-1.2447767268656933,,0.2125448643291374,0.7105263157894737,False,3
0.74899021857553649,0.6607426138052569,-0.04932393719044971,-0.661907612423977,0.7427973960331572,-0.10064959543660135,-0.029865784660052602,0.1080334519866801,0.99369854994282925,-20.168257249570999,7.93395708406588,-2.2476838951478144,0.345195696591266,0.2533332825320725,0.7804878048780488,True,3
0.59293317924955602,-0.76381362996504321,-0.25498820291268154,0.79259746306100543,0.60949955195887429,0.017307735588185297,0.14219531108399086,-0.2123653334269896,0.96678925245586556,-4.0452222117207466,-16.837726899803187,-4.0627873016723672,,0.399345771200179,0.4038461538461539,False,1
0.99542913914835629,-0.059660487590519153,-0.074575164463940954,0.05426493118849629,0.99589869256359409,-0.072395520532915869,0.078588460841716987,0.068017794514271077,0.99458405047132359,-10.544016817083879,23.185122067282339,-1.1645099552584051,,0.1516926541034249,0.8148148148148148,False,2
-0.12392595555150908,0.9922732911896166,-0.006006091272411751,-0.98348138631515836,-0.12362819649445589,-0.13221358403410344,-0.13193453040148406,-0.010477815767389126,0.99120305440635392,-17.121521253605529,11.575173368236999,-1.8385146891413942,,0.2148160661778513,0.6486486486486487,False,2
0.99677395431547577,0.04045604229468111,-0.069318054214913077,-0.045713216836047198,0.99605829086136266,-0.076014360569843981,0.065969582420924794,0.078937886012944908,0.99469433714433964,9.6134920318000461,21.181914884760712,-0.45597922051806228,0.3402390981282042,0.3783197345809421,0.9583333333333334,True,2
