axis_00,axis_01,axis_02,axis_10,axis_11,axis_12,axis_20,axis_21,axis_22,location_x,location_y,location_z,dbh,dbh_approximation,score,reconstructed,number_clusters
0.38864675043417268,-0.92024485258460331,0.045859728177334379,0.9186507044863963,0.38317945018467547,-0.096199751053821836,0.070954820298590196,0.079516792237307149,0.99430503027425332,-3.8678637478221303,-1.0104296403044684,-1.8803308451430998,,0.256549104364205,0.9229957805907173,False,5
-0.47981756109702267,-0.87595861713619638,0.049715280626272097,0.86645107910307251,-0.48199692412638517,-0.13015948929611681,0.13797693859492319,-0.019376950161151207,0.99024587765788064,6.4108186437785477,7.5674045646322003,-1.3677417167944861,0.3313159027778159,0.2990769208966578,0.8469387755102041,True,3
-0.034162748420966553,-0.99764479891287716,-0.059479087269486967,0.99693959089978623,-0.029830457986085353,-0.072260610798050559,0.070316134115099641,-0.061765677996974182,0.99561068812296394,8.4478662275167213,-1.7973582960595409,-2.4391703539549181,,0.5826813088898563,0.6009389671361502,False,3
0.022908180155075855,-0.99885986731492715,0.041882941033184018,0.99382469367966642,0.018203031860668326,-0.10945833848363226,0.10857114494422775,0.044131792380165964,0.99310859999640233,-16.488744418479396,-6.9618774150803233,-2.0414575418552907,0.2704482755514092,0.2617785601427003,0.8561151079136691,True,5
0.67109732430129576,-0.73929788690727749,0.055380644002001961,0.74092977953493921,0.6662538355070956,-0.084432745249639424,0.025523383669652028,0.097695757771352226,0.99488898667114289,-9.671923082316793,-20.818962856360582,-3.7436497290545674,0.3480891038965285,0.2648188511005186,0.84,True,4
-0.98274262560460379,0.16015122926331582,0.092566276716836288,-0.17272981253396733,-0.97357133281338371,-0.14940974461510853,0.066191719132755109,-0.16282028033823162,0.98443293963013545,-5.9060791409391715,-19.864861226075885,-3.8046466104204999,0.1822585641772116,0.2446149756797637,0.8382352941176471,True,5
-0.029354102423272205,-0.99878690639402856,-0.039535456071359616,0.9929783131894262,-0.024603194303375715,-0.11570977644759496,0.11459671115004177,-0.042654407110129917,0.99249594223234849,1.7249075853420215,1.4421469632033306,-1.7788767461308785,,0.3388233376297434,0.960618846694796,False,6
0.74955518214138617,-0.66121869853814585,0.030933180058223153,0.66194158721812579,0.74869339608521712,-0.035937915486748004,0.00060335407681474246,0.047413409093895437,0.99887516967935153,12.219457850184156,-12.469956404636289,-3.7277001022814837,,0.2311989709062128,0.9074074074074074,False,5
0.63527140742703914,-0.77160780340040325,0.032428947520327628,0.77165623639135628,0.63249168717639948,-0.067088885004010168,0.031255267460039565,0.067643649992877086,0.9972198578406094,-10.067235076745744,4.3021812165600135,-1.1924325415087442,0.2593866698589394,0.2318107941018032,0.7264957264957265,True,5
0.54264624769634207,-0.83992468606559678,0.0078467572085991685,0.83920063557561608,0.54173365891380154,-0.047612351856934958,0.035739937193058118,0.032421667715827683,0.99883506764228214,-23.175467728020454,2.5412790947213,-0.8202422185329461,0.2866985701966943,0.2115284920469795,0.3870967741935484,True,4
-0.074338532570420723,-0.99505956912046778,0.065804532344406835,0.99058319653224269,-0.081289641874853477,-0.11016771247431247,0.11497266337369597,0.056995157914051464,0.99173224140950045,-7.5890313254188762,-21.810785980416657,-3.9522268130544012,,0.2344989494414183,0.2727272727272727,False,5
-0.47882553723531679,0.765280844078706,0.43019918012182956,-0.87560518148768629,-0.38081456720104973,-0.29714614511952503,-0.063574138163462801,-0.51896579376068819,0.85242761209566187,8.2618172049398115,-1.5339442476527296,-2.4084757916654587,,0.5545653490165579,0.2342857142857143,False,2
-0.21922034965603468,0.96233201336483032,0.16080899959231038,-0.97483879948840624,-0.20921308053380633,-0.076936349962546641,-0.040394966378131759,-0.17362886564954794,0.98398234928506867,3.9785772703406144,-14.43185865762432,-3.5327034302826372,,0.122172575025934,0.4285714285714285,False,3
-0.0079821257016804443,-0.99949834574018426,0.0306486954358333,0.99379422736837231,-0.011329725101505836,-0.11065564142159834,0.11094737184171428,0.02957522936107522,0.99338612155075789,-5.2652719632931522,-5.4925687464310062,-2.2748364583909151,0.2996826826690504,0.2641883886132547,0.8498098859315589,True,5
-0.35385884426916803,0.91150200807270243,0.20963780100907756,-0.93293566128344929,-0.32806098791175931,-0.14834770006971956,-0.066445242403829485,-0.24807272621107185,0.96646001069475418,-14.088748812095885,-21.530907628885959,-3.5826237437950894,,0.2201745211259953,0.25,False,3
0.71429601840961443,0.69089806055811354,0.11153953559707029,-0.68729683776314776,0.7225671497588243,-0.074295160610817632,-0.13192518669666542,-0.023592032690026597,0.9909788903445943,-25.377105343700581,-5.4305532024487588,-1.4583569716672191,0.2428669446677063,0.2553470600435818,0.5,True,2
0.62848764456844675,-0.7774239787864663,0.024803988240333343,0.77725047826263982,0.62648877275885129,-0.058253855216686662,0.029748523749995859,0.055890739974786698,0.99799361246441232,-22.920800433330704,-8.1785547982923319,-1.8773421197287936,0.174094574043783,0.1977966539076559,0.3333333333333333,True,5
-0.60516375631763419,-0.79596800701536563,0.014551970571635958,0.78391912089616433,-0.59898948664665941,-0.16334750313413443,0.13873586390301473,-0.087444420603935563,0.98646126805482137,1.2953590053989379,-4.7168218918354281,-2.431748200541759,,0.146251282525178,0.2639593908629442,False,5
-0.79229845424964029,-0.6058484269821317,0.072186168459816499,0.59534684818688166,-0.79355627558051645,-0.12581958448797734,0.13351138433698612,-0.056710854428917386,0.98942336198533631,8.2681420426694565,-13.385430449694528,-3.5591252621520062,0.2557007348312288,0.2212601855629665,1.0,True,5
0.89156535833993589,-0.44626241386336146,0.07720796449219644,0.45214987508769772,0.88683031274803215,-0.095354532400967237,-0.025917219495185814,0.11992436935032738,0.99244468025656984,-1.7526979944446526,17.811609941387939,-0.055432560147664983,,0.2808170134906944,1.0,False,5
0.71080030520854609,-0.69293506205219657,-0.12084670410961498,0.70317156221993982,0.70432912294314254,0.09731516150792506,0.017682765637981032,-0.15414761221914072,0.98788958565546703,-17.761693617085722,15.715207083309492,-0.091887292063995832,,0.2761596284792677,0.3,False,2
-0.81876457659300916,-0.57016400685128876,0.06736151280779154,0.55856201959117657,-0.81819889418643599,-0.13623156690840632,0.13278945133818687,-0.073915998561726537,0.98838423033247869,4.5227619676862645,-15.191895687347337,-3.6682625889191649,0.168430532490754,0.1502063336460458,0.8933333333333333,True,5
-0.55494322013982911,-0.82999293338716795,0.056122659846107981,0.82052842788108726,-0.55722916905472908,-0.12739211982523835,0.1370077423353471,-0.024645155344224699,0.99026334621565737,4.095349038739954,3.4393429436920755,-1.6924188277865739,,0.1808245564055699,0.801980198019802,False,5
0.6684366630543126,-0.7435472884305443,0.018161975454243577,0.74249459596157652,0.6656634050217356,-0.074793089137461216,0.04352243619871031,0.063479611549330989,0.99703366867166288,-27.964906722008642,-0.75350702891640919,-0.91329399523178811,,0.2972895750872477,0.8596491228070176,False,5
-0.41549958335469411,-0.90828337093870559,0.048799736764629238,0.89990736562372198,-0.41829164013060138,-0.12328356375861231,0.13238893280122763,-0.0073090268211966694,0.9911708977763013,-13.786710441610946,4.4984615182204273,-1.0371402002094579,0.2842003617909844,0.2570133552298917,0.9903846153846154,True,5
0.37061672351809943,-0.90123220222464462,-0.22455235897675821,0.92036564102824303,0.38884303118569052,-0.041571431452339498,0.12478113264184271,-0.19126320809722477,0.97357488369666667,-0.73496405721240643,-17.158318339898027,-3.7543584990796153,,0.3266541705697091,0.3888888888888889,False,5
0.47150252299714784,-0.87999892770880594,0.057334614664067335,0.87989809146359388,0.46511612010862396,-0.097192301412335633,0.058861867503932366,0.096275033349528874,0.99361280109884753,-26.744623803426663,-8.3585181549166325,-1.6977984171211944,0.2869042298098028,0.2603989970316049,1.0,True,5
-0.25111770733446209,-0.96744145719482322,0.031574102740081725,0.95950233973993992,-0.25309374112830996,-0.12368839167544267,0.12765248566583121,-0.00076491988712643066,0.9918186617526924,9.5498435696120794,-14.693316544543533,-3.7806190875477204,0.215403397762413,0.2422941953163337,0.7738095238095238,True,5
0.61946317782675131,-0.78261984491504355,0.061412943765432111,0.78436605469036991,0.61383936800092032,-0.089281143259340473,0.032175511903413924,0.10347660913165002,0.99411132565541649,-4.2100264422062876,12.493958458218575,-0.53829665213416922,0.357850235635338,0.3091520739793286,1.0,True,5
0.14632572660374821,-0.98862624460055215,0.034740901267773877,0.98438164110184823,0.14204275791848658,-0.10400307488024188,0.097885475917114981,0.049416630904203916,0.99397003485747026,-18.77343452087565,-2.6177144815715443,-1.4574745349187961,0.2712780368204355,0.2548267273445217,0.9649122807017544,True,5
-0.065847400162539482,-0.99599091516641758,0.060549292298084256,0.99099308871578162,-0.072366856496717702,-0.11267535754698432,0.11660539442663737,0.052584550837179674,0.9917852827118695,0.39829939260341746,5.4321827463746057,-1.3132697696685738,0.2488055809247531,0.2109253621207013,0.9635627530364372,True,5
0.39561996815303324,-0.91678634544812376,0.054659286479672824,0.91571535731646481,0.38919883965684943,-0.09994822451920439,0.070357836616629935,0.089593861450636442,0.99349016845512494,7.4755594716260587,-14.231811140142746,-3.6472875682785015,0.2287574891721026,0.2452014235888791,0.9626168224299065,True,5
0.43580221024614618,-0.89842781071899969,0.0538878694256806,0.89789518090253118,0.4298492421897101,-0.094941419311817835,0.062134351663024182,0.08976133864641983,0.99402325145230808,-0.62837430165507147,-20.639492031059916,-4.0141461914657643,,0.2321627601497169,0.8888888888888888,True,4
-0.31431772800503577,-0.94848392995391495,0.039781911479084761,0.94016882026760573,-0.31681897679754151,-0.12533285817206044,0.13147986636124648,-0.0019926264417379908,0.99131683844343799,-3.8896340493070607,-27.420991332496207,-4.6285324898757088,0.2154252742211277,0.1986749609849751,0.8235294117647058,True,4
0.46562922287078901,-0.88345737230051502,0.051889287301083567,0.8830065556375698,0.45987828579113338,-0.093868977617120986,0.059066483811211601,0.089526719953753636,0.99423142019577204,18.272037128601809,-9.4425347054604458,-3.8257916758273773,,0.2732344590470211,0.9625,True,5
0.83586329732789588,-0.54563099021293737,0.060161205933624402,0.54884710097538114,0.83268179677450249,-0.073538323827151725,-0.0099703526045227843,0.094487289301982233,0.99547613945754931,-12.306038254704944,12.209908416477644,-0.47604320866537986,0.2497998310155933,0.2643006533366249,0.819672131147541,True,5
0.11104961079871879,-0.99253145024884049,0.050490634858234323,0.98868451789628875,0.10517806684672414,-0.10696026517623212,0.10085091974611328,0.06179720480183927,0.99298046177406907,-19.698915672713216,2.5750986935132869,-0.91779448235756411,0.2972551654541988,0.2745979687292077,1.0,True,5
0.87409160892389026,0.4432434848735643,0.19874373531254355,-0.46807247200353952,0.87794436045404822,0.10060745946214263,-0.12989234065694388,-0.18096660759396893,0.97487387223916822,7.4828721367659741,-0.49938949013007883,-2.296468546240793,,0.3032441370915452,0.2183908045977012,False,5
0.38256684855542639,-0.9221942689208088,0.056571518947119176,0.92169064373069387,0.37666608990848632,-0.092784772308557736,0.064257012424078871,0.087637817651211175,0.99407778834036165,-10.473202983140325,19.044398921482045,-0.0061643516586260844,0.2515769831446547,0.2903999370044937,0.9245283018867925,True,5
-0.45299991506389409,-0.88957787266496013,0.058670992977694285,0.88047564664245692,-0.45674539752965987,-0.12706800346672881,0.13983459021877329,-0.0059034142965763356,0.99015727896026251,16.055219285362529,-9.5444989750456148,-3.6773657896820944,0.1831441654491808,0.1622581664373482,0.9629629629629629,True,5
0.17454127321281487,-0.97842445874939143,-0.11054828115448098,0.97709367767859545,0.18598906211397859,-0.10342153457805575,0.12175093012279996,-0.089964700271402076,0.98847512043516328,3.4605417659028599,5.7722953895726228,-1.3913996526597698,,0.4354508788436358,0.3508771929824561,False,5
0.8109241600312993,-0.58247496426799183,0.055901007849015118,0.58513876852205149,0.80782242017930217,-0.070961672952052496,-0.0038246895339098808,0.090254381924973093,0.9959114008250497,-2.4177821827832235,1.3474179452029753,-1.6258294050196127,,0.2556716085937825,0.9501246882793017,False,4
0.041364682075068979,-0.99775494382710705,0.052669109973444199,0.99336157544515036,0.03540494551545139,-0.109449852727981,0.10733938469153473,0.056846828421770496,0.99259593722341444,-12.356592395033426,-6.3397989791125351,-2.1657576065888855,0.2913541855002229,0.244587532589828,0.9800995024875622,True,5
-0.27274955537543583,-0.96037438573506628,0.057347356229357702,0.95342516610865369,-0.2777935513469672,-0.11752104262950881,0.12879492487357197,0.02262260051441134,0.99141317586200017,-14.090299000657028,-2.3086915374462564,-1.6780808490514352,0.2464157675897609,0.2288728669120482,0.9454545454545454,True,5
-0.93525670202375699,-0.34541552210916915,0.077349973533914387,0.33119486714019958,-0.93104936474629507,-0.15315691425955119,0.12491941922548576,-0.11762311631466031,0.98517000624704221,7.0231276475762465,-16.670721207848111,-3.9294488266047209,,0.1650601128934329,0.5961538461538461,False,2
0.24226943586238139,-0.96992852825388876,0.023327462917539329,0.96634846066735547,0.23909288955843996,-0.094895957387173865,0.086464865770763455,0.045532847943450173,0.99521383970752864,-11.196344492923751,0.72049427352065076,-1.5043449242016644,0.2937042278205945,0.2627734550981091,0.9428571428571428,True,5
-0.09308916867903437,0.97819796226137634,0.18564254173636108,-0.99048359839597711,-0.071997687231901086,-0.11729694941392575,-0.10137380323930828,-0.19479496826393547,0.97559124245549156,1.4584112599277224,-20.103005635861599,-4.0422663231463609,0.1844694126992605,0.1857118632735317,0.75,True,5
0.038181278389436309,-0.99803652441671564,0.049651645599623678,0.9934398942131939,0.032551675052219176,-0.10962465524220666,0.10779316567494576,0.053511535032149837,0.99273216380465701,2.3506009637113525,-17.87628716090062,-3.9359264021730618,0.1507548929263288,0.1195930676409478,0.8478260869565217,True,2
0.51172851410489861,0.84215174351774658,0.17004225575430665,-0.85081683204048708,0.52423659925608079,-0.035870688828195621,-0.11935093702431793,-0.12631875905992568,0.98478369449386105,2.2169540474181684,3.9103786007473271,-1.5483917088654147,,0.1720254842261594,0.2101449275362319,False,4
-0.076951725920533134,-0.99589634326976073,0.047633027824948639,0.99028070468850982,-0.081894600329449396,-0.11241619259924415,0.11585576291010195,0.038519448319010614,0.99251886344881113,9.7924534702668939,-11.938969892452949,-3.5104315877573504,0.1086931562944126,0.1334268625881939,0.6976744186046512,True,5
0.4099374346825197,-0.91198415315861125,-0.015368930785366247,0.90993293626529825,0.41006374459790645,-0.062207530620941011,0.063034523441740598,0.011516499203896385,0.99794489782781048,15.227009331412418,-16.262149187760347,-4.3390505126128431,0.1752201802598928,0.2177031556878185,0.7142857142857143,True,4
-0.46965476990044325,-0.87252117412096242,-0.13465213633782269,0.87225485184253726,-0.43503101096183533,-0.22342670596568751,0.1363666768199468,-0.22238439741155755,0.96537521681519445,-10.878191805209193,-17.995476855288128,-3.398868384366295,,0.4307922784343077,0.2790697674418605,False,1
0.31558205220359731,-0.94666906158400554,0.065005047239617683,0.94577618645477368,0.30825212741457075,-0.10241108865477841,0.076911465088318628,0.093799327204677541,0.99261589386525473,14.850889231177598,-12.998372497104024,-3.9590209454139362,,0.1630687179020822,0.7659574468085106,True,4
-0.64616322173536456,-0.75961201133264855,0.073909966281567582,0.74647740607522228,-0.64919602801968679,-0.1459999980228415,0.158885408693756,-0.039167709182824369,0.98651980084618063,15.155163693000015,-10.47557589167168,-3.7317329921964415,,0.176491472927033,0.9375,True,5
0.88066918109156112,-0.46767170157447802,0.075531271814736095,0.4732169514067201,0.87588977999812356,-0.094248661508631218,-0.022079637153929129,0.11874456973382373,0.99267931215568295,-6.2214117613179294,2.6009571878556788,-1.5488264642868288,0.2701241757070436,0.2390367091712639,0.9628482972136223,True,5
0.78293751362426334,-0.62209737985127156,0.0019234713512004328,0.62205289453519796,0.78283585166656289,-0.014772465801902682,0.0076841499359329296,0.012762418566610919,0.99988903109899752,17.282557274276424,-14.415872847788656,-4.3041800991692218,,0.1273970362702306,0.3673469387755102,False,5
0.8465910225935811,-0.52713163885921022,0.07359263398981418,0.53182313916331958,0.84329367710535308,-0.077588161497779307,-0.021161028198741313,0.10482370661132104,0.99426565937773226,-17.915619922015289,15.964460685994212,-0.039022714465555927,0.3144468638921488,0.2709970228844287,0.9473684210526315,True,3
0.87127205020708587,-0.48537565771622337,0.072770086055231442,0.49028918764668061,0.86750995028927735,-0.083922575186025875,-0.022394798608163756,0.1087977805179855,0.99381160988874584,-5.0907147226776139,-23.556535844681395,-4.1940723663547708,0.1424319982030907,0.2004590890032384,0.7674418604651163,True,4
0.096170049413643141,-0.99419677560289599,0.048208847492795172,0.99018016297246592,0.090619799648240906,-0.10644856395242917,0.10146214294799399,0.057972608122447145,0.99314883590320091,-2.013381884819045,-28.355670561134897,-4.751541246012553,0.512742320921854,0.3134087186145106,0.9245283018867925,True,1
0.55879176416334952,-0.82930235471071689,0.0030608453851408979,0.82689985881342798,0.55688428369838205,-0.078208171338245688,0.063153683958610651,0.046233094650910592,0.99693235134659763,0.73546145616951242,11.172534933581213,-0.71165717089839897,0.1759418290153242,0.1959769114168036,0.972972972972973,True,5
0.61418114798645629,-0.78690884365338887,0.059632115828015558,0.78837892185491321,0.60844309563218479,-0.090860744837412966,0.035216374499999453,0.10281765975556495,0.99407662471736336,2.0765744246133395,-22.023609695146479,-4.23625547903504,,0.2128011647799445,0.8780487804878049,False,1
0.78334004282426262,-0.62135232104385352,0.017310991927075792,0.62158848739556438,0.78291907378458014,-0.025796826192195671,0.0024758120642471154,0.030968000221392501,0.9995173101637167,6.3370827890454464,-24.561093426288728,-4.6694275459002785,,0.1373762586909386,0.1304347826086956,False,2
-0.080473564475953593,-0.99564405346547713,0.04708422474002219,0.9901121018602892,-0.085293117137104871,-0.11136925032896795,0.11490009212500557,0.037656380174818808,0.9926630676426893,3.240884179551347,-3.3869323119772803,-2.3645452643619684,0.2790402288676549,0.2382198655813476,0.9718969555035128,True,5
0.67589558658442317,-0.73333182180881695,0.073413862166898172,0.73654986766478514,0.6686546788929012,-0.1019569165756725,0.025679728944952455,0.1229852003990429,0.99207620272039654,8.718447468816235,5.5801326027609131,-1.7356856912859744,,0.2088201451722191,0.8275862068965517,False,4
-0.089914636861311834,-0.99387018140787309,0.064322784348786646,0.9889811675537854,-0.096725652437839496,-0.1120731831636184,0.11760785816453799,0.053537002799525349,0.9916159443197724,-5.2045794402853129,20.484266174076577,0.11184418040654692,0.3835024419125015,0.3144528865100782,1.0,True,2
0.12318840191965266,-0.992131796221974,0.022340916674180263,0.98924774208719801,0.12097987182216047,-0.082175272371163663,0.078825899347000614,0.03222374185680689,0.99636745633971979,-11.591071830126335,22.997463458761924,0.39565071671451896,0.3455834063508758,0.3088859232425308,0.9830508474576272,True,4
0.18695420766357554,0.83086125813807898,0.52413518672389547,-0.97454569098994959,0.22406109655212203,-0.0075710755366752425,-0.12372881802476776,-0.50937824328986492,0.85160142370308733,-9.0740245851137882,-18.918484554321175,-3.5492194641465766,,0.2979760248955327,0.3809523809523809,False,1
-0.91437818694535999,-0.39873777732724125,0.070147816577911346,0.38677462875224972,-0.91152658914726759,-0.13973068321277346,0.11965750203006979,-0.10063529306202966,0.98770168573220729,19.015878587546585,-12.264476699961053,-4.1804424063358345,0.2194950340679874,0.2508652198389191,0.9361702127659575,True,4
0.98438161248237954,-0.16997980012718852,0.045822576916965431,0.16286085831859382,0.97809747699402816,0.12962124179950951,-0.066851939645167321,-0.1201340628075028,0.9905042277138657,2.4082956954651951,-13.602654310881329,-3.3889650753686413,,0.6646825900103399,0.2611464968152866,False,2
0.087469849358016494,0.8670559453461979,0.49047223478306928,-0.98928100927095453,0.13339878073456937,-0.059395706868198027,-0.11692779887233191,-0.48001953391330099,0.86943035196186369,-3.4323053363389255,15.550412342749356,-0.21302389134117755,,0.2853906321147173,0.1176470588235294,False,1
-0.32620328632321371,-0.94529882573438784,0.0012434054539139233,0.9361394174258626,-0.32322467496617419,-0.138451437820549,0.1312798809166951,-0.043999313155986042,0.99036844321106055,-3.8894056981197642,14.699474017527729,-0.28413074987194553,,0.0716774886233704,0.3333333333333333,False,1
0.71763652850344473,-0.69602265069584246,0.023458104694514054,0.69631027896324416,0.71652651629702713,-0.041734240778717901,0.012239622855890642,0.046284135095952084,0.99885332780682379,5.1587031925420064,7.4988372100920664,-1.2558714160258999,,0.1990372806098716,0.4782608695652174,False,3
0.15937708944510107,-0.98653640021864941,0.036672529277903092,0.98397446681048872,0.15573518132536573,-0.086837791096801897,0.079957438834823952,0.049924786841666693,0.99554724831812558,-1.4514957740767669,25.595467693503771,0.61182566886324985,0.233715243786663,0.2691353204759821,0.4230769230769231,True,3
-0.61247822020865783,-0.79048523249999558,-0.0018780227533255756,0.78352303165356862,-0.60676571844614324,-0.13389182867873603,0.1046999934977805,-0.083477303010834808,0.99099417316329441,10.657345935931831,-21.328077580603725,-4.6124446279695617,,0.1354190776767891,0.4761904761904762,False,2
-0.98530653861033279,-0.15292974296287662,0.076049448972588599,0.14097522632439977,-0.97957780933858796,-0.14336422501516352,0.096421006707615997,-0.13053662002948704,0.98674372574481994,7.5223688568570335,-20.539815926406654,-4.3341094632156203,0.284706049178552,0.2671380903656632,0.9761904761904762,True,3
-0.53202940673457388,-0.84672210249064062,0.0025281462552132136,0.8340117358290533,-0.52455378035794609,-0.1710782160638768,0.14618185547142365,-0.08891013815093346,0.98525420702726019,-13.829010835493088,14.788400514958974,-0.23041037985218965,0.2574044936783537,0.1779738611321291,0.2083333333333333,True,3
0.95482198459248768,0.22120292309121772,0.19845464105121108,-0.27549742385712656,0.90925694545983282,0.31201438521507646,-0.11142776667846765,-0.35259193687456342,0.92911935662975709,3.4360131039595454,6.8829407336453272,-1.2522485110114832,,0.3633999840409695,0.3150684931506849,False,1
-0.91948147498932808,-0.38949444741284495,0.053365649869666042,0.37456334750800657,-0.90916727497082661,-0.18198122107986089,0.11939897761306678,-0.14733954512174721,0.98185281106094036,2.2822276262126748,13.183644460179829,-0.58452804520160517,,0.2879809366897346,0.1176470588235294,False,1
-0.2722825496325621,-0.96113549295412903,0.045615538464606767,0.95357952252930467,-0.27587275241856768,-0.12074899041312177,0.12864022457371527,0.010620200413754284,0.99163446085984586,8.152473515062896,-17.561581825243529,-4.0940400074851446,,0.07962271229886712,0.3157894736842105,False,1
0.31649179603946126,-0.88426708118360264,-0.34337249769710554,0.94560662222017533,0.32281093958080115,0.040264293118245184,0.075240009656217383,-0.33743862615591746,0.93833582182763342,1.4607646029309842,3.1320814291668011,-1.6010967360883981,,0.7636368328777015,0.3081810961080222,False,2
0.93827069091067716,-0.33844698953295344,0.071426506663009037,0.34340184801288764,0.93619550875775082,-0.074920892701228703,-0.0415124241563124,0.094824072143608745,0.99462812848962279,12.901007420389277,17.275662786003839,-0.8184736736000493,,0.199136665497327,0.7692307692307693,False,1
-0.63283217080677001,-0.75537701942637192,-0.17008527894712661,0.7618955206927519,-0.56834818480364069,-0.31063733899634116,0.13798064770217544,-0.32616851373628608,0.93518738309856952,6.6499016397729616,0.037477212820904215,-2.1898318974432289,,0.4448021599628204,0.2532188841201717,False,1
-0.88130498944741065,0.4587461949690067,0.11337303108128531,-0.47201447778868333,-0.86599535436259101,-0.16508900320823305,0.022446566173395639,-0.19900747429146839,0.97974087229387086,3.6910857371406016,20.981671374492862,0.0170286204565748,,0.1364333139636607,0.4761904761904762,False,1
0.70277128253009635,0.69361932687911032,0.15812891522670278,-0.69812941804874129,0.71515141752091538,-0.034260263757759091,-0.13684969896177884,-0.086317318063037066,0.98682393591586304,6.528970856818324,6.5440365234773159,-1.4985469950129104,,0.1768731314881788,0.25,False,1
-0.4686487328696981,0.8591872869424223,0.20534257019952512,-0.88148779015087553,-0.43960826533121133,-0.1724060580937061,-0.05785880222190326,-0.26180484909375534,0.96338495939911961,15.648498497332717,-12.352074428633289,-3.9508719494631612,,0.1787036532655845,0.4285714285714285,False,1
-0.034031985245745862,-0.96466930245004778,-0.26125650401620992,0.99303316601063429,-0.0031311784948929861,-0.11779357760136659,0.11281380759077937,-0.26344512261906011,0.95805517178558108,4.4612287649248552,-0.8019967592497359,-2.1623228190917345,,0.7469828230126145,0.2761692650334076,False,1
0.76545653457482432,0.58782042915762889,0.26180801504469464,-0.62926575121966877,0.76884936740355503,0.11355731850083597,-0.13453961505314282,-0.25167000875768958,0.95841603631891414,-1.015809952524164,15.115415438572843,-0.32669994695169019,,0.4914809047846919,0.55,False,1
