axis_00,axis_01,axis_02,axis_10,axis_11,axis_12,axis_20,axis_21,axis_22,location_x,location_y,location_z,dbh,dbh_approximation,score,reconstructed,number_clusters
0.99732628084507391,0.032165250948172332,-0.065617727537412129,-0.036189163839295206,0.99747623188798595,-0.061086096938325007,0.063487273971604724,0.063297420563454956,0.99597329411669899,-13.949664440873002,-11.616117832432707,-4.738841386332739,,0.1586373412354312,0.8705882352941177,True,5
0.79230965435912593,0.60827734149709023,-0.047371799950543546,-0.61007309282345612,0.78890384899833488,-0.073766784181194797,-0.0074988680575638622,0.087346395786228812,0.99614977494401458,5.5012597162029993,0.50746347316721685,-2.6959848977076928,,0.2525631019551323,0.9847619047619047,False,5
0.42998816890711911,-0.889844624362778,-0.15259986596510677,0.89467344361695522,0.44264561602396246,-0.060202058946059553,0.12111814020402099,-0.11064087448783336,0.98645273227159058,-21.595720785924051,15.758631691099806,-3.3177530464752776,,0.196082273946211,0.5,False,1
-0.91248424528632099,-0.39317926176886886,-0.11306002927268941,0.40865743250588166,-0.88899575303438327,-0.20660506756740324,-0.019277057917505065,-0.23472669043318822,0.97187024639934771,7.6156937402229357,-5.3917099507136008,-2.9754991917261879,,0.1688435887181656,0.6166666666666667,False,5
0.72302626308623963,0.68933814373417079,-0.045232139908192762,-0.69054033885827959,0.71931742258223008,-0.075739593206916117,-0.019673924291796735,0.08599633226355706,0.99610118338458764,15.772444217721572,-9.2000869498120466,-2.6223067271834442,,0.2700501073202875,0.9298245614035088,True,5
0.86870355436358371,-0.48828301688545478,-0.083269622656259201,0.48264100335445786,0.87220986827171298,-0.07942044806247589,0.11140824259039134,0.028803491293257176,0.99335721790916742,-7.1511130155103304,-5.3217276411436076,-3.8543672040727635,,0.1534509841926428,0.855072463768116,True,5
-0.79793527177926937,-0.57426672835158166,-0.1830765598292502,0.60241822066179418,-0.74985519784818799,-0.27351319835564003,0.01978861958854259,-0.32853448368234456,0.94428465176892207,7.172703004626376,-11.756631263042586,-3.3663787094724515,,0.3692868880846529,0.4244186046511628,False,6
-0.49740369759688779,0.86742875289023325,-0.012526782357681156,-0.85852982381675047,-0.49427154798121664,-0.13646310297450268,-0.12456365133585928,-0.057122635754531782,0.99056594997523117,-10.655712605001314,-10.976435319765283,-4.5100441742883284,,0.204071906824616,0.3333333333333333,True,5
-0.16213445868150866,-0.96306114547497679,-0.21500150554003056,0.97988136747181198,-0.1314366713911127,-0.15018957052737231,0.11638265759822654,-0.23502687397412725,0.96499608575388751,6.5894174621962058,-14.718032126469556,-3.6241540259834526,,0.2201834621214595,0.2105263157894737,False,5
-0.9889934609195612,-0.13704898693281181,-0.055762975521739526,0.14436657943030007,-0.97637084577485411,-0.16080504427564069,-0.032407175161420783,-0.16708544730641828,0.9854096753617102,22.602142521938394,0.60037790387882395,-1.6836295123572476,,0.2523493256828715,0.7045454545454546,True,2
0.91967232492071782,-0.38395384489058576,-0.082354476312204355,0.37990726451711682,0.92302344415206472,-0.060812761101448939,0.099364405810344447,0.024640749570508488,0.99474597175286983,-7.0613355681939636,17.27651416836612,-2.3973203069072664,0.1035777923350643,0.1546505555353888,0.5555555555555556,True,4
-0.78993840957770023,-0.60692590358200271,-0.08739712029022563,0.61314380887648656,-0.78014371941211458,-0.12421934912994539,0.0072096262239357556,-0.15171263831007148,0.98839834918250957,-10.636839323807244,-19.053487842422314,-5.1525747801876545,,0.1786306099372243,0.918918918918919,False,1
0.75112336457326634,0.65829154718700156,-0.049658132206917331,-0.65995065546676546,0.74685307635268727,-0.081704434956209382,-0.016698010094698144,0.094142026984075949,0.99541873360621824,14.064599656456307,3.9540600458100785,-1.9013488949008286,0.2932157795560743,0.2897885989794662,1.0,True,5
0.95165980322427779,0.30112408783302097,-0.060563212050388171,-0.30516062723841481,0.94934971092718001,-0.074914070413622275,0.034937236733696808,0.089774217285427033,0.99534917461170525,-6.0952231784623168,-1.9755353369901194,-3.5060681431237635,0.2854072709057008,0.2558302000202088,0.9861932938856016,True,5
0.93182527085168421,0.35804095819476423,-0.059231215226117954,-0.36180528021706637,0.92924815153054241,-0.074798476482630369,0.02825957907042826,0.091129277030203223,0.99543801969721724,6.3304256212919876,10.322061576684316,-2.084353302115443,0.3409661808640211,0.2922492824190406,0.9154929577464789,True,5
0.94470952626776183,0.32447953424638099,-0.047296330028800668,-0.32639747065001906,0.94435383063675771,-0.040749646807702211,0.031442044020890458,0.053933982023712017,0.99804935922571236,-8.6952100462364683,10.931435359502309,-2.77117122780203,0.2078785817678644,0.1288815679811366,0.375,True,5
0.99715110071514101,-0.0049010100585157356,-0.07527059480958545,0.0017509190361403402,0.9991219802819159,-0.041859321543373129,0.075409658699077439,0.041608275834849814,0.99628416365861194,-10.447383605740082,6.2733470098420874,-3.196509317204554,,0.1175803811077305,0.2702702702702703,False,5
0.86385711353678729,0.50066807201795649,-0.055519087291768854,-0.50365920115831786,0.86039787911922505,-0.077736083614390702,0.0088485298470293849,0.095115567963193162,0.99542690954714741,-8.3406988866905927,1.2300799539036853,-3.3992342871767818,0.2256819205704081,0.1975884224974691,0.9637305699481865,True,5
0.96589963549339453,0.25857187981944152,-0.013359532939819271,-0.25830184439041015,0.96587607097055672,0.019067582725524113,0.017833993894865834,-0.014966579205774159,0.99972893834710908,-8.7069632222869462,16.509940015772528,-2.4966948758701109,0.256248043260416,0.1998935604220324,0.1538461538461539,True,5
0.087449613592671588,-0.91222966792092186,-0.40023692739098465,0.9904853528577402,0.12248122212335448,-0.062746442141739495,0.10626067408392245,-0.39094166213394727,0.91426106006499963,-12.427055306478435,3.0676143743118458,-3.5385482127366221,,0.243140147693611,0.131578947368421,False,2
0.80072649092660941,0.5975423739985638,-0.042192392732800954,-0.59899768698263556,0.79796161137740562,-0.066776026816717099,-0.0062335958973187069,0.078742479286181763,0.99687550087162557,-8.5505170455313682,-0.41601075829152739,-3.5383778115533189,0.2410613353563805,0.2293759905455043,0.958139534883721,True,5
0.90043815782372527,-0.4255795093912294,-0.089962242754035984,0.42120108468150963,0.9047055689845519,-0.064011559201896218,0.10863134997842715,0.019746256218798525,0.99388596688312592,-16.089319246427852,-8.2403239731909039,-4.6334407765212413,,0.1820389555606286,0.7413793103448276,True,5
0.91007698197512166,-0.40613990572615372,-0.082524322813363013,0.40100784233203579,0.91323129444703122,-0.072120130551769163,0.10465465716946565,0.032541970120906774,0.99397606757576962,11.6493114174421,0.13649081875770969,-2.2844954826971913,0.3549221611635922,0.3387042889331099,0.996,True,5
0.99228837983873641,0.10147833793552533,-0.071175263728766383,-0.10528768930159792,0.9930825925271628,-0.051975637572420838,0.065408514113579327,0.059068700251256427,0.99610873650022858,-7.5350347624072462,3.2206730004927135,-3.2259774946409188,0.1121105167198191,0.1163095408582422,0.5063291139240507,True,5
0.88569416440252535,0.46136470088065157,-0.051850360891898137,-0.46406262387295261,0.88309260539498136,-0.069233889251254552,0.013846597685487148,0.085381866212980606,0.99625208087839212,17.932910756505528,-3.1412206557166797,-2.1668972092349676,0.3418830482764462,0.2916400969043094,0.9918032786885246,True,5
0.61184544840706823,0.78983405016725727,0.042512591781031749,-0.79084622698313556,0.61183836681078496,0.014698917131912251,-0.014401129472828955,-0.042614388352976415,0.99898779841157692,-10.74520980632135,0.21406105990977511,-3.6404082259841122,,0.173705500221388,0.5,False,6
0.15677862526893188,0.98154837481569102,0.1094680344002753,-0.98317585125263685,0.1656285499795398,-0.077022262660406682,-0.093732108545777432,-0.09555088345144247,0.99100167532613792,-12.169503720668033,-0.48216255363340799,-3.7854336357637766,,0.2412417514048266,0.1111111111111111,False,3
0.78719117341338618,0.6160476467693573,-0.028554393882464897,-0.61665688035660171,0.78567814827165927,-0.049438236591551207,-0.0080217460020572326,0.056525606926026178,0.99836892347104078,6.5026855172170688,6.4749702277382255,-2.2821740713038023,0.114941734906234,0.107645564504063,0.4647887323943662,True,5
0.53801378008822276,0.84197543565290578,-0.040231060044206242,-0.84156452296696704,0.53380476690076994,-0.082593126332616867,-0.048065851896772219,0.078293272962073168,0.99577097632453793,-13.096665264744326,-9.2915065984294944,-4.5135649917288587,,0.0944216754906034,0.25,True,1
-0.026691441354812079,0.99863845262447681,-0.044819726663528514,-0.99535184252912923,-0.030700359042355262,-0.09128087164646434,-0.092532570115989157,0.042174979483827313,0.99481606067316231,-9.1379133155572703,-10.8771126596712,-4.3898691552833151,,0.1099619320566391,0.8688524590163934,True,5
0.25328417571738487,-0.96259639394650953,-0.096204514927010321,0.9602470807521567,0.26223143289492135,-0.095709035669772624,0.1173570204040917,-0.068138520405514783,0.99074944955766775,-5.9234868546989103,-17.039140471626826,-4.6578200723761736,,0.2163123917137148,0.9736842105263158,True,2
0.50826699990748969,0.8554144393277413,0.099653368205221748,-0.85987846074356578,0.51048520087293414,0.0037272562288829386,-0.047683220888646405,-0.087584226201558812,0.99501523293181726,10.413815736926445,-4.5594913387039329,-2.6684109953264303,,0.3658858840915264,0.4318181818181818,False,3
0.88840113459025427,0.45806496401901858,0.030330064243338506,-0.45884413025391863,0.88396469422256319,0.08982473768142385,0.01433485926944577,-0.093717170818728962,0.99549565730015099,9.7134786752363951,4.713524664408677,-2.1459803464853962,,0.2702602404957625,0.425,False,5
0.13920899881005164,-0.92123659727626006,-0.36324094825495623,0.98325238250606617,0.17215909649983532,-0.059799647060028022,0.11762485683921829,-0.34883287879902775,0.92977417458344991,7.7568210429116364,6.856889340788066,-2.1741412651093843,0.5265357784415134,0.5291667112827834,0.3310810810810811,True,5
0.5714776772354847,0.81939319782211406,-0.044811290813632984,-0.81945568964946325,0.56691217706612329,-0.084279037697817472,-0.04365360377628532,0.084884455920958862,0.99543407216166013,-6.3621025869313046,6.6094104470044277,-2.9210523248725466,0.2454197299577781,0.224282527901376,0.950354609929078,True,5
0.9891922779810377,0.1321683921923025,-0.063483488309843114,-0.13651512388214856,0.98817204752764709,-0.069854315804097039,0.053500076019814269,0.077765806048150768,0.99553514316449676,4.0543586385718484,19.042691366771233,-1.8491323872253675,0.267551450700356,0.2612280502758391,0.7540983606557377,True,5
-0.66095165698671265,-0.74362146592043132,-0.10084652968182681,0.74973956306393996,-0.64859799484234226,-0.13119157237866047,0.032148012430184253,-0.16231992024653535,0.98621435235345645,8.117974042401249,-16.960575465306373,-3.692357841477993,,0.1133437440580276,0.2631578947368421,False,2
0.99675849090123947,0.042373285980720245,-0.068388708508640622,-0.047110810792046112,0.99648868591065864,-0.069216113431520357,0.065215660103994572,0.072213596276914219,0.99525479862694233,-7.365268145579889,7.23858695181874,-2.9396505735394451,0.1438496083352465,0.1550867875108154,0.9493670886075949,True,5
-0.59749765852873926,-0.79659048116379949,-0.091870307346290037,0.80091984725884169,-0.5872817821539581,-0.11673691197280274,0.039037755052629936,-0.14333078409503852,0.98890461623513215,-9.3868634293986304,-1.6966968564252056,-3.7074871570277845,0.1935015852522594,0.1929556059341568,0.6618705035971223,True,5
-0.7192197945147808,-0.68808088298713532,-0.096268300316154326,0.69470473385795994,-0.7101278738709571,-0.114471548896902,0.010402881017203915,-0.14920824782551068,0.98875107021301556,15.393637291731505,-16.723872220915265,-3.1874275030553374,,0.3056820599642075,0.7297297297297297,True,2
0.79834414844548329,-0.59621488971963876,-0.084701982972391177,0.59093492556169569,0.80270009592175218,-0.080426797515525755,0.11594194406792391,0.014154903172011728,0.99315512601100842,-5.741227303078114,-26.976107162705599,-5.4867408818488608,,0.1614737278719358,0.6111111111111112,False,1
0.98720475640001748,-0.14628390144882855,-0.06346486522550783,0.1434139210079762,0.98851444483529716,-0.047661720626546153,0.069708078457955069,0.037950132132502333,0.99684530959864892,27.560380606778835,-1.1094716466404813,-1.442807759541378,,0.2421161468486148,0.6111111111111112,True,4
0.77683652565407746,0.62917386450433355,-0.025792646905389766,-0.62965574711381567,0.77562902519981658,-0.043968800235242383,-0.0076584943850759868,0.050397058369179827,0.99869989685164651,-5.3390518546779182,-13.560475899694051,-4.3425977750219076,,0.167638362905624,0.5681818181818182,True,5
0.84455585320786108,-0.51256093086638232,-0.15494096605394173,0.52451797618863139,0.85011248037275633,0.046793839011800745,0.10773255528076722,-0.1207893325748076,0.98681489331526051,-6.8083700988396529,21.528671845127107,-2.1351260059246311,,0.2349223366874061,0.2916666666666667,False,2
0.49152653512066857,0.86965209904010721,-0.04590089222885417,-0.86927242076268851,0.48676331364936154,-0.086179666896940177,-0.052603457810721982,0.082259972770649753,0.99522167033587383,-6.1578958320100092,15.424834960420517,-2.3723047481891704,0.1192844249980591,0.1394730183401493,0.6,True,4
0.98535026745828347,-0.15366836453850297,-0.073965425436152352,0.14754015728446254,0.98563230119209577,-0.082224502645198566,0.085538017327766669,0.070107065170608648,0.99386530626881175,-10.069725760329511,-2.8653679009193453,-3.8560397843308061,,0.1713072900599915,0.9714285714285714,True,5
-0.084876721751777059,0.99607463922880457,-0.025124792335021455,-0.99017901808333175,-0.087132120053446019,-0.10933208953697414,-0.11109209806372589,0.015598292861668993,0.99368769691870584,-15.065741343729357,-9.1194636165871028,-4.6216785142416219,,0.1893313946110417,0.46875,True,5
0.94092874115537795,0.33408677105538598,-0.055128336393759206,-0.33714219375276711,0.93948006185703137,-0.060929094566404315,0.031436368418265824,0.0759160245198362,0.99661853884110374,-14.40135210554036,-14.684688974656989,-5.0124712430843514,,0.1930077131042001,0.8,True,1
0.89001900297661185,0.45333874979082944,-0.048478369182611399,-0.45564550939086373,0.88814602528998188,-0.059864910703579362,0.015916787127376333,0.075369859358332916,0.99702860550129013,7.9407736419164472,-11.09559686365213,-3.2469233518342331,0.3837328918598042,0.3234689907326802,1.0,True,5
0.96898585588959962,-0.2356913149714133,-0.074269880388661211,0.22949169485838949,0.96974104300991881,-0.083281879740182654,0.091651367021577002,0.063654642792811855,0.9937545538884317,-9.718797194431593,-4.0456555545101347,-3.9088996168961758,,0.2114142096209289,0.9036697247706422,True,5
0.88719581251706092,0.4613519363357374,-0.00616288012681903,-0.4613499337445881,0.88721637620717975,0.001827682593918134,0.0063110130768268824,0.0012217319942493046,0.99997933902900138,-13.924368945007689,3.2117916734962333,-3.6555889376824822,,0.103559119038716,0.1904761904761905,False,3
0.86608744826213802,-0.47198272705969779,-0.16469619704191304,0.48760411545277249,0.8702323805730019,0.070269697564208491,0.11015788013708885,-0.14116624653059506,0.98383806202248847,-18.412570523573063,-3.7867093897535535,-4.4573881529207426,,0.2510596007070343,0.1764705882352941,False,1
-0.89189451885977666,0.44947211981440638,-0.049989806335208324,-0.43960766978271149,-0.88760872908555377,-0.13746214285883479,-0.10615678921341844,-0.10062582949060436,0.98924475158740466,-15.102832086849764,-7.0417250380125225,-4.4919702036537155,,0.1522574312766421,0.9836065573770492,True,5
0.8359949875774052,0.54638788417782014,-0.050721403461863067,-0.54872876634057821,0.8329121542783241,-0.071791951121210021,0.0030202211513249977,0.087850004434424409,0.99612913569731065,-16.925998918619086,-22.638807446260707,-5.8771709810278301,0.2665925249375553,0.2228832374319363,0.9361702127659575,True,4
0.95072659672961479,-0.30060097909956113,-0.075881418247883345,0.29503863178210216,0.95242456136415787,-0.076417672474613452,0.095242553656808851,0.050264363864246639,0.99418426345333666,-7.2528991838627288,-14.699813375558392,-4.565550275468933,,0.1657724896228746,0.9090909090909091,True,5
0.10480130236031464,0.99322481933618956,-0.050211007539929027,-0.99011362141267734,0.099473581080686782,-0.09889400062722209,-0.093229307176739606,0.060078822571493024,0.99383038359760767,-4.1380172212012383,-15.448170711450244,-4.414869314023198,,0.2114613018919883,0.990990990990991,True,5
0.99610899372647177,-0.048445890851038745,-0.073619754664663625,0.046801568823697841,0.99861825501215029,-0.0238996634312897,0.074675871423617812,0.020361149676221338,0.99699996881192854,7.5963997026354058,4.8036408081071764,-2.2938435406859594,0.3147068250435596,0.2696666155587872,0.4433962264150944,True,5
0.89193059315480994,0.45146512295343694,-0.025279631151312515,-0.4507130332990647,0.89214954454558448,0.030445882832695281,0.036298465654412554,-0.015761755097198255,0.99921668744441572,8.9171907223914904,-15.187268559836975,-3.5122567761310375,,0.3029466831310519,0.4354838709677419,False,2
0.3683772924617707,0.92961799951627822,-0.010418511116659597,-0.92713964779321378,0.36652176071708992,-0.077935052516310457,-0.068631216573879966,0.038368918361053793,0.99690399849503697,-20.348002550998046,-14.454563249085092,-5.41193217192163,,0.141474789832537,0.3125,False,1
0.91727430734867887,-0.390566597547225,-0.077881820461416368,0.38440959362692917,0.91940549291082863,-0.083203388951257978,0.10410143805721245,0.046381812014829396,0.99348458372973281,-5.8163605290192484,8.6913440953390584,-2.7280090201885856,0.163681207317437,0.1728526307005523,0.9042553191489362,True,5
0.60768314773604448,0.7933642960850158,-0.035976181775449319,-0.79324223788309778,0.60414259383343005,-0.076016303214710063,-0.03857387711688065,0.074731653358819122,0.99645734278514375,-10.526331966861456,-16.917422905008671,-4.9668951061697859,,0.2070587552294688,0.9821428571428571,True,2
0.37378211307011661,-0.91984622419457962,-0.11903720336018145,0.9197545656099545,0.38415767597729744,-0.080463774627872353,0.11974335467357627,-0.079409091561963768,0.98962403224094242,-19.957313620993421,-10.061282315302998,-5.0578490113383205,,0.1311859350497878,0.2608695652173913,False,1
-0.23255471401233183,-0.96161201845467437,-0.14567302754515155,0.96832811387570406,-0.2149298782504156,-0.12706616903481505,0.09087886920822244,-0.17060912460589403,0.9811389084796539,4.4525718966765,12.591039614403511,-2.028622089225145,,0.2664467126185421,0.25,False,3
-0.8653588737538731,0.49753514723291736,-0.06010654609398737,-0.48871527536373438,-0.86434553658412672,-0.11859246608975071,-0.11095674491250486,-0.073250055665634986,0.99112210655569777,-13.335423904568186,-13.024182850072203,-4.8231627199571623,,0.1652254447206061,0.56,True,3
0.97411983502023225,-0.2107316882089833,-0.081747798776165198,0.20723650080950495,0.9770524583279474,-0.049209007382267952,0.09024178495790415,0.030994342385472207,0.99543747718664122,-11.903256057185635,11.622108808068626,-2.9397139285929881,0.2199605911663686,0.1772613536188704,0.7567567567567568,True,3
-0.1091792129678109,0.99182900448505196,-0.065993373287938376,-0.98811454096686824,-0.11551824564538922,-0.10141592011537483,-0.10821068979341165,0.054136501412663365,0.99265285262735836,-14.478719491765409,-0.43332488542856651,-3.9888816677700545,,0.09850869875022161,0.4,False,1
-0.20995700676029655,-0.88038403217082351,-0.42525523066847565,0.97475369275105683,-0.15468310487461304,-0.16102290375759412,0.075982193837995621,-0.44832699334859505,0.89063438809343864,-8.9512908374619418,-1.6205914290096404,-3.6522673439065132,,0.4034443996821169,0.1477832512315271,False,2
0.72685072210679202,-0.66942928226170739,-0.15346811989273446,0.67220268084438051,0.73923695263803268,-0.04089356575383174,0.14082465564830274,-0.073438163818348751,0.98730707100502779,-15.715998993728038,1.0321051157571914,-3.9347259909399752,,0.2128153529008784,0.25,False,3
-0.3835719371669753,0.92205836310392608,-0.051777833559182217,-0.91568151973498924,-0.38700698020970059,-0.10841103119511963,-0.11999968097372027,0.0058285760762758487,0.99275682030753576,-18.210461676937179,-12.740100813981517,-5.1464422436206689,,0.2618453591479811,0.8518518518518519,True,3
0.45813563308281724,0.88754630114319677,-0.048716578562492591,-0.88694361611505568,0.45283156577360856,-0.090964800179905797,-0.058675067384318866,0.084883074673643505,0.99466180187106501,18.571687414310343,-14.536793175753067,-2.821094699994009,0.2698920611991569,0.2846693147458285,1.0,True,4
0.43501313473676867,0.89963058057023071,-0.037794061826668765,-0.89896037491606828,0.43153089475828371,-0.075175336380197744,-0.051320726195667458,0.066677622722944113,0.99645385125993935,-4.5556115233540977,-12.450414425182199,-4.2011754572094855,,0.1946775462374663,0.7377049180327869,True,5
0.88685662936473975,-0.45520840265975776,-0.079187303905143336,0.44931447630781135,0.88961489255441084,-0.081864792955473054,0.10771174649058017,0.037022332359766118,0.99349259009546387,25.791152203540697,4.0605554177004244,-1.2806788403612295,,0.2131010573697466,0.5862068965517241,False,1
0.9601639537598281,0.27252530828585975,-0.061766805356847039,-0.27575742911678952,0.95983655443043592,-0.051687803841975591,0.045199802955238025,0.066661421548035033,0.99675133944730776,9.8835305214259339,-5.5747781340220746,-2.7821722453086384,,0.2876351315316154,0.3103448275862069,True,5
0.70005733186802477,0.71257498428374422,0.04643946458395036,-0.7140865412952041,0.69860979075928242,0.044997464332165601,-0.00037899719666544679,-0.064662601465556774,0.99790711207648575,4.0361486679104042,13.277853775975784,-1.9799631047560211,,0.3917467771287629,0.36,False,5
0.39303992713628483,0.91880898574342795,-0.036189271805856585,-0.91712964580492762,0.38887707240198804,-0.087451903042690821,-0.066278416263765988,0.067562343633072092,0.99551117585910365,22.425321542806817,12.107710882524412,-1.2606209553918191,0.3663773820776686,0.383058461461937,1.0,True,2
0.79201939932798793,-0.60090442593915583,-0.10779212389996978,0.59863447236353418,0.79906538609655686,-0.055957816615671237,0.11975825477254576,-0.020208404912153512,0.99259739108298095,-7.6446727728499955,18.267797157902177,-2.3668730457883522,,0.1452908055020095,0.92,False,2
0.86895793447033887,0.49205653712793368,-0.052843849128440312,-0.49479588265610119,0.86586974792186455,-0.073801179802881992,0.0094415373543015324,0.090277039735438838,0.9958719362794568,-8.4769618774178674,2.3879643577072085,-3.331646352123264,0.2109632836564016,0.1701887949881537,0.8174603174603174,True,5
0.92718622723575683,-0.36657135957317205,-0.077143621674117022,0.36230656584040338,0.92986121007904399,-0.063969385953510746,0.095182206179813822,0.031361892975583006,0.9949657176484682,-14.377236452583226,-5.342103749844842,-4.3405482144388392,,0.1178444850186442,0.5081967213114754,False,5
0.55075060026530109,0.83436729100150087,-0.022472205370822222,-0.83406950834849614,0.54913398619905462,-0.052724950871817625,-0.031651722713142261,0.047781679626760165,0.998356188712895,10.162527705322859,-17.494892040741505,-3.5887544933766229,,0.1819057163648474,0.7857142857142857,True,4
0.89726869950273702,0.43787198318014281,-0.056364946895719553,-0.44115710150384879,0.89418390579530194,-0.076259782384840477,0.017008606215423064,0.093291312363741469,0.99549356519872179,-10.84775961509914,9.0556118057189856,-3.0378470528891732,0.1402302741900834,0.1505035327660099,0.6862745098039216,True,5
0.40700300637373055,0.91242571640287695,-0.042753536104527576,-0.9112355862375926,0.40234153028917641,-0.088153272082175008,-0.06323178929126709,0.074837190295065942,0.99518899500133395,11.420184814788291,-12.809593345194703,-3.1601963386261045,,0.3113986849337965,1.0,True,5
0.35820333444499752,0.93305969614198359,-0.033014763787061779,-0.93114237834945357,0.35443364714955,-0.085735995999303857,-0.068295259236711536,0.061452365322243657,0.99577073885613521,-5.128872511906998,-14.531512811311645,-4.4103864858729764,,0.2250243621995123,1.0,True,5
-0.47307681870685059,-0.84877016109068715,-0.23619385522129094,0.87857239902385986,-0.43451783931966509,-0.19825434922450405,0.065641932296874442,-0.30130293884238879,0.95126635374603397,10.146692101893411,-14.637251009348924,-3.3679728610160646,,0.2913099189646607,0.2839506172839506,False,3
0.9977583727327054,0.005299963586327827,-0.066709369864863893,-0.010052688398682102,0.99741763634922609,-0.071112601945662005,0.066160207812117788,0.071623802506616263,0.99523507666116307,-12.034859311775064,-11.514992854564751,-4.6136729953738929,,0.1674315938352653,0.918918918918919,True,5
0.93769588942604565,0.34288010283001247,-0.05621080000123066,-0.34611789192388959,0.93596739613315971,-0.06455569894189736,0.030476611420252549,0.079989177136623721,0.99632971836503326,5.0610168035578642,6.5159297798427644,-2.3439647677806623,0.3327929357607172,0.2779012371921873,0.9012875536480687,True,5
0.9429201449682787,0.32966480085513994,-0.047145723985754437,-0.33106978722972552,0.94325454399288955,-0.025761623016228655,0.035977718058047232,0.039899678117835527,0.99855576684000424,-12.498164305078998,5.5140956767617002,-3.3716927249735242,,0.09508049663908608,0.25,False,2
0.6242041323410914,0.7586544235106264,0.18658152871081429,-0.7804233047329755,0.616550136268884,0.10394900142128428,-0.036175497204139477,-0.21049796947851979,0.97692473520095391,-6.9960848637472104,13.446562158620939,-2.508503752178914,,0.08951076051240497,0.1739130434782609,False,4
0.77955240452227514,0.62359077674768548,-0.058588324423538202,-0.62628756426068066,0.77489777266269566,-0.085424403859891182,-0.0078699082563583739,0.10328593843119235,0.99462057060289344,-4.4569266385140001,-20.140743707951728,-4.798574619730025,,0.2192393655156819,0.9,True,4
0.69206384207375293,0.72058664915443082,-0.042456089722281293,-0.72144910254561068,0.68856895006498031,-0.073375700627286239,-0.023639605120438993,0.081410577118708874,0.99640026445347285,-7.4288484101834191,13.213391375244122,-2.5573282003006526,0.192270330108736,0.1706611447305806,0.8947368421052632,True,5
0.79222366666731459,0.60853786181209679,-0.045423922258619326,-0.61019017015404209,0.7891139181411625,-0.07047822673197883,-0.007044020128947906,0.0835517500538695,0.99647854309230322,8.964346746554666,3.9425815728153997,-2.2494058715782526,0.2652558830513265,0.1292520011012526,0.6627906976744186,True,5
0.98649758018147593,-0.14796871722135566,-0.070198169633967494,0.14517769355016411,0.9884554957320395,-0.043349397372775433,0.075802121286593527,0.03257286725166561,0.99659071174051095,-11.404606882013224,-17.285016682114435,-5.0381010751864732,,0.1715660321305635,0.4642857142857143,True,4
0.84573107929324898,0.53254915245389156,0.033620555291643255,-0.53217268938536977,0.84639855536374098,-0.020042807949876756,-0.039130169815876636,-0.00094111572866675819,0.99923367843131017,6.0419268124464676,-11.72451491002586,-3.4295536589547262,,0.1894234748564353,0.2156862745098039,False,5
0.99333331476546283,-0.088292182428246102,-0.074117584277369739,0.082664338944941115,0.99368703526651403,-0.075846443621564355,0.080346330618464468,0.069213918147295633,0.99436105147519027,-9.3250214593801974,6.754324995154386,-3.0912525064704961,,0.2123959277821448,0.883495145631068,True,5
0.99763869020084495,0.014649693234355967,-0.067100151285090476,-0.019057689816582717,0.99766851764021691,-0.065531163337969475,0.06598369702583877,0.066655197829666529,0.99559190250277296,20.890201540214026,3.4755054585488092,-1.6302790209264986,0.3024098644312391,0.2921259813018011,0.98,True,5
0.42519843971220544,0.90437400668510681,-0.036248350288419835,-0.90320619277215708,0.42137877566477422,-0.081599636992333996,-0.058522305186405138,0.06743577278849798,0.9960058013606583,-15.790195720535291,-6.732082124562984,-4.5123486499764649,,0.11743239387369,0.4583333333333333,True,4
0.60620262081375831,0.79380798558027932,-0.048859641295337181,-0.79432493089806,0.60125083853011829,-0.086863878111797396,-0.039576339804514554,0.09146754176104116,0.9950213073758114,-12.412557221302524,6.4363505291922447,-3.3079086809866598,0.2144755803371047,0.1696331074293519,0.9166666666666666,True,5
-0.81807375762801837,0.57342668491346793,-0.044013226529369051,-0.56184037698027023,-0.81319653130201008,-0.1518117000532172,-0.12284428303768655,-0.099464760129054253,0.98742900687463486,8.2321018362840679,-30.229819953201865,-4.8329738022668538,,0.2325812983731601,1.0,False,3
-0.77510924828423045,-0.60401822055955001,-0.18538511929583387,0.63089880251273056,-0.75580541205056762,-0.17528513942452528,-0.034239658471696965,-0.25282438242216154,0.9669061368305587,-10.48375295343857,-7.7771792956644266,-4.2311228860987811,,0.3097864857990464,0.2526315789473684,False,4
-0.78628446018561671,-0.55392490326840194,-0.27372239442491003,0.61765183232584009,-0.69304588247821219,-0.37174402322637312,0.016216093708014245,-0.46136168709493985,0.88706393906288694,7.5958330232420206,8.5794420885657168,-2.097091128340776,,0.2931245048481332,0.3214285714285715,False,3
0.32806377623201033,-0.85282778845765328,-0.40627444167559967,0.94088627639599398,0.33337309732227383,0.059961594970730669,0.084304054552990365,-0.40192927389800875,0.91178159949065929,8.658506811966884,6.9243083204843714,-2.0907124298864339,,0.2396099589332059,0.4358974358974359,False,4
-0.38592267611786785,-0.91692664955537873,-0.10153426708836885,0.92036226033261381,-0.375133821160134,-0.11048948355947648,0.063221814379741392,-0.13608870473682075,0.98867733190843887,-6.3698572389482324,9.836304031358468,-2.6970680287685682,0.1488553809122487,0.1145815314735094,0.2380952380952381,True,4
-0.97290932496405569,0.22156549375787865,-0.066001343727328743,-0.21308465612242117,-0.97015207412654003,-0.11575786104261813,-0.089679288150470243,-0.098558028814501,0.99108220659692281,27.234552290094225,11.156369418304886,-0.88406257963340718,,0.241682153717598,0.9722222222222222,False,1
-0.57071990058345945,0.82114193471931862,-0.0021721241727659102,-0.81514678875708735,-0.56686825676469133,-0.11914735520174097,-0.099068198010339614,-0.066229166671307932,0.99287420634489743,-19.093948675651863,-8.9804322130380267,-4.9016814683837424,,0.1100871897635111,0.3448275862068966,False,2
0.97694095629548172,0.20816353551861602,-0.047479578692934857,-0.20906766028478208,0.97778780256821751,-0.014890485951187832,0.043325296715840018,0.024473570013496967,0.99876121422253783,-17.205903180831765,-10.978210571930278,-4.9169765151187077,,0.2046279829179554,0.2272727272727273,True,3
0.10574427845039447,0.99148686842960743,0.075973267052667381,-0.98999885796532661,0.1121441033446355,-0.085591829705743444,-0.093383129109891716,-0.066162601344552582,0.99342946472357441,-18.896881710732451,-4.5770307985994636,-4.5704589110641027,,0.2104305423075851,0.4090909090909091,False,1
0.94574292317265984,-0.31686611420875727,-0.071876205625197309,0.3106951620225834,0.94667418049625329,-0.085302475213256762,0.095072811910627331,0.058342622909759591,0.99375917544816506,-6.7722631484689595,-22.296193809944739,-5.1600050286307102,,0.259317322442412,1.0,True,3
-0.094329241246075723,0.99553703016374895,-0.0028312221184214267,-0.98973759938690886,-0.094085600942870301,-0.10755177383502069,-0.10733815074697405,-0.0073431102377095187,0.99419545368416307,22.285290703532127,-6.0878022885277305,-2.0227675905671183,,0.1424598940455891,0.5416666666666666,False,1
0.98549599861597303,-0.13220575317582164,-0.10639208400590933,0.14751613572913536,0.97731198168770228,0.15198776315611862,0.083884601754136673,-0.16547788153366827,0.98263952918233455,-17.083852578276527,11.880020981190949,-3.2785218931621665,,0.3082945442963723,0.2962962962962963,False,1
0.10132601752594461,0.99463565786267982,-0.020807361207188992,-0.99042752889559849,0.098882567488912804,-0.096309645688059081,-0.093735522498628196,0.030366856190180112,0.99513391353477376,20.268966358522025,-9.2218160186401139,-2.3410851332267213,,0.2315967605212673,0.9111111111111111,True,1
-0.041889044809017582,0.99851018380444057,-0.034967424323367462,-0.99423914218954434,-0.04511473624284721,-0.097227510057276006,-0.098660205063579198,0.030693214438384207,0.99464772182127503,-7.6728273089514589,21.422978175952572,-2.1968180699288351,0.287837826296635,0.1787386620533667,0.9210526315789473,True,3
0.77680685428153018,-0.62117988937878221,-0.10347297315046308,0.61872440933883122,0.7834436335196383,-0.058276739663953955,0.11726558075388982,-0.018751483378913296,0.9929235446103305,10.566396178040023,13.091127981695845,-1.6224515882168786,,0.3462011330536395,0.2456140350877193,False,1
0.35029629798676754,0.93582289809773733,-0.039089730271765905,-0.9343774963281114,0.3462477332837603,-0.083971432948769173,-0.065047659238264416,0.065939446402071666,0.99570115568669149,-21.19742670680079,-16.455362695826352,-5.6245950143617494,,0.3267928363954855,1.0,True,2
0.23987971979227019,0.97035178362961949,0.029582698308266521,-0.9671342036662165,0.24150887765304274,-0.079529202898564993,-0.084315788149642454,-0.0095329964640529438,0.99639348143548268,-14.76202997137923,-1.4043591013305046,-4.0940629759763523,,0.1705571867275931,0.3333333333333333,False,2
0.39021907475911721,0.88701447918320464,0.2468489161683407,-0.92028074812091187,0.38405273609591761,0.074745170648359824,-0.028502953042648476,-0.25633729657735255,0.96616705183485818,7.2827897072689298,13.846004853575549,-1.8141822927512807,,0.3036029865258528,0.25,False,2
-0.31350006256817975,0.93597938392121083,0.16018833804062482,-0.94640025110062931,-0.29415858988395455,-0.13340647928098717,-0.077744938654631723,-0.19342522294663006,0.97802986030163419,3.2880141898249935,21.239340697392556,-1.8294649591710037,,0.2469011244616694,0.2083333333333333,False,2
0.27072716794364893,0.96203012081926897,-0.034710908568846302,-0.96055947457500412,0.26758338326596182,-0.075661276781021677,-0.063500364891899044,0.053825455282838525,0.99652923891985812,-8.2620459366920755,-16.25224867506428,-4.7460616709093539,,0.09162496037817867,0.3703703703703703,False,2
0.87240746803773672,0.48875121374786729,-0.0052403026603322911,-0.48876899428654214,0.87240856411046686,-0.0028578822291997347,0.0031748915111349182,0.0050545352605738877,0.99998218570992181,-15.907145597257387,2.6816003912109725,-3.8262958851678328,,0.1188909685875154,0.2916666666666667,False,2
-0.91407132259413637,-0.39442764283706827,-0.094342205703487586,0.40491989986020677,-0.90060415637351443,-0.15796211007690913,-0.022660359842801216,-0.18258967136380819,0.98292803398979867,10.266301131608722,16.136828138484805,-1.6031582147603318,,0.1076126995299229,0.3333333333333333,False,1
0.10275740683954794,0.99443617685253693,-0.023186321539255608,-0.99029082365949161,0.10007955243748362,-0.096478846177383309,-0.093621578257460758,0.032875117502802753,0.99506493593823309,-15.213360409589614,5.6854266812401262,-3.5832649962886971,,0.1190442738080245,0.1818181818181818,False,1
0.9458419534684851,0.32049037244337386,-0.051661593374853154,-0.32292252281092831,0.94517255016021939,-0.048681564118811721,0.033227147339886284,0.06272775776907806,0.99747741081435948,-13.375690647516189,0.96927769178166001,-3.7781076316969382,,0.08050875551842812,0.1052631578947368,False,1
-0.095368815035787716,0.97266782153712739,0.2117123002210507,-0.98963126193672268,-0.069696358279547344,-0.12558814848583033,-0.10739997447020047,-0.22149430373891693,0.96922934277446071,-15.201825846793101,0.45015317094982421,-3.9709602375516089,,0.3167918133327612,0.3793103448275862,False,1
-0.59146322549291019,0.80612392967500535,0.0183156461761705,-0.7969788537924628,-0.58100195668453436,-0.16511036592653872,-0.12245799074448277,-0.11225389228917793,0.98610501680538809,18.236100635076092,-19.058027963131316,-3.1776528523240186,,0.2949370816261643,0.7857142857142857,False,1
