axis_00,axis_01,axis_02,axis_10,axis_11,axis_12,axis_20,axis_21,axis_22,location_x,location_y,location_z,dbh,dbh_approximation,score,reconstructed,number_clusters
0.99573079390280639,0.091803889145420967,0.0096037498645410307,-0.091324211136964442,0.99493127360452949,-0.042090964159522827,-0.013419185291831854,0.04103421427836032,0.99906762470047994,-9.6790127134438784,-17.831236705037419,-2.3952803875433535,0.2823705259949677,0.2507217867634928,0.8679245283018868,True,5
-0.074938284075290851,-0.96008321731425528,-0.26948927513234994,0.99393504764782781,-0.050102925944289785,-0.097891868248237812,0.080482138621934873,-0.27519068415069831,0.95801498564454068,-5.1341715844999989,-17.968527995913703,-2.5119081115596047,,0.3316222673546888,0.1707317073170732,False,2
-0.76384005727189452,-0.62125309550777141,-0.17490842812420673,0.64319016787537253,-0.71029639248101084,-0.28598154272069953,0.053430093162174286,-0.33094353921850994,0.942136719905454,-15.631163951880181,10.551893014351233,-1.2751031452446668,,0.5241003330910656,0.2631578947368421,False,4
0.99466624455380703,-0.10313287120576779,0.0016348767788846898,0.10308178490635203,0.99336531734971034,-0.050985212632984632,0.0036342214775918237,0.050881795993897465,0.99869807012464407,5.5043118303256362,-0.024209514275952818,-1.8762550438649948,0.2420504633753666,0.2158616230203903,0.9761904761904762,True,5
0.86846009999261464,0.49526856261134611,0.022047802831774016,-0.49383487751981936,0.86814792164385213,-0.04946008380951436,-0.043636778820192942,0.032066135319843682,0.99853272079579181,12.370192242757225,5.8800332031082796,-1.7682642848655206,0.392314597405614,0.2654367838907153,0.9375,True,5
-0.070258592215472371,-0.90208067019874605,-0.42581004529447092,0.99288209362535451,-0.022086200388120335,-0.11703566939419058,0.096171089096622114,-0.43100193062931313,0.89721148979255294,-8.780940471321486,0.14758703339970003,-1.7506699562046042,,0.5056915542678969,0.1799163179916318,False,4
0.92271612726829022,-0.38514920915126316,-0.015969820573960625,0.38454740651492719,0.92257342829874056,-0.031329882536497995,0.026800011597968805,0.022767434797622582,0.99938151038083722,-13.169291937330266,-5.2951729884847527,-1.9029607649802565,,0.109541716534921,0.5238095238095238,False,5
0.035577764938029298,0.99883334590722384,0.032652254834764458,-0.99577155160455044,0.038199829312902521,-0.083545137832972627,-0.084694980117357627,-0.02954183718466382,0.99596889519636855,-14.654093063397276,7.2498896186341133,-1.4711453017380991,0.2712602528951268,0.2181068276432623,0.8928571428571429,True,5
0.78969068971934475,0.61264168677861552,0.032538872009319111,-0.61106623200527155,0.79016880361508879,-0.04723687009507456,-0.054650477339776959,0.017419110613126083,0.99835359463067108,-19.433537324825142,11.357885731085217,-1.198177920151781,0.2972130854383507,0.2823305480547537,0.9310344827586207,True,2
0.99982591359894646,0.018053022998142619,0.0047149609393843384,-0.0178442962692562,0.99899630457867217,-0.041084845488459795,-0.005451934215156027,0.040993558015670513,0.99914453639827738,6.4225009263405592,12.623951114733803,-1.314801607808407,0.1884852655967499,0.1873320697005278,0.7948717948717948,True,5
-0.99989120789534747,-0.014343614923147573,0.0034399250744764562,0.013842469512823211,-0.99302893578901885,-0.11705519520086685,0.0050949397806164046,-0.1169948434618507,0.99311945313339167,-4.4042145126199097,-23.576187572709632,-2.7114877820522501,,0.2375009263847115,0.4761904761904762,False,5
0.97409376674107373,-0.2260600357399068,-0.0061801162981558362,0.22552062471322684,0.97307222328392551,-0.047653920114023647,0.016786346390522573,0.045025642855487005,0.99884478777250851,19.159766287987171,-7.6188364526928085,-2.3799247866905393,0.2764595437987549,0.2493050751087963,0.8939393939393939,True,5
0.99915574996979328,0.040997902170010279,-0.0026380523039758949,-0.040920136177475031,0.99885507098046011,0.024780831943985678,0.0036509940450690261,-0.024651961266346476,0.99968942729640042,4.4267399792808648,19.681598635999695,-0.96963164322289286,,0.3064891088358137,0.8909090909090909,False,5
0.99354277824052484,-0.11344782048664219,0.0015296512445435485,0.11339776707147597,0.99248417817066903,-0.046001114161446519,0.0037005714832447772,0.045877533801652458,0.99894021726176152,4.9758843296386832,8.0999209001754799,-1.5525432090545523,0.2101298575019759,0.1825202749055169,0.8867924528301887,True,5
0.90971676242670263,0.4148912520391041,0.016752944257733857,-0.41350638909949766,0.90887595768625062,-0.054377934070675586,-0.037787277406194669,0.04254106864342698,0.99837987717346466,4.8944034880704228,3.7447708118176339,-1.739061672303889,0.2928009184863575,0.2614654316835124,0.9883720930232558,True,5
0.96401936446904524,-0.25806361412799333,-0.063795266218569693,0.26258608635933989,0.96180871762876896,0.077282196810061377,0.041415120175913103,-0.091253283538193425,0.99496614317488918,3.8161854427574831,3.9178871278930476,-1.7411898252751656,,0.1798535852879223,0.2439024390243902,False,5
0.98188063561269856,-0.18945690699499576,-0.0040617484770871029,0.18925314551106656,0.98146867506066982,-0.0300414178896104,0.0096780330113461089,0.028728387816593842,0.99954040209012507,-12.858719915378664,1.587551990015623,-1.6596334969726962,0.2144125372563661,0.2052004665398997,0.8051948051948052,True,5
0.99984349428646557,0.016799449118737958,0.0055466604672445019,-0.016505155214394534,0.99864214619279146,-0.049410967393936259,-0.006369205945853787,0.049311685803294369,0.99876313050635668,-10.969318716660281,-10.470804919696484,-2.0873907530062135,0.165008528848428,0.1676748585620592,0.8108108108108109,True,5
0.6089533340539397,0.78997931319949888,0.07147392294704373,-0.79014029127455954,0.61204675291130661,-0.032819085229184912,-0.06967178086675832,-0.036489134925000014,0.99690239541455616,-13.004595673554084,29.024002384755068,-0.40944546912299407,,0.276296389624379,0.6585365853658537,False,5
-0.93066614144863957,-0.35736527779982707,-0.078425706143801954,0.36432649195460876,-0.88553376037243103,-0.28826405690045714,0.033566954302552757,-0.29685015995231379,0.95433392589551003,-15.725887806693972,-9.2838064048964579,-2.0216038162754297,,0.2671775011224597,0.2295081967213115,False,1
0.21295662796347481,0.97640715513168663,0.03575670586158998,-0.97408635426031531,0.21501972857318119,-0.070159039105176957,-0.076192184968488744,-0.019889286864078579,0.99689476235847752,18.422677265815786,13.106565363674932,-1.6373394593118886,0.2415785422004146,0.2624125102649819,0.8392857142857143,True,4
0.60490994143728238,0.79549297571572419,0.035705578517728112,-0.79360622683427584,0.605942836780063,-0.054976679463141442,-0.065369101877009367,0.0049197705100759472,0.99784902484189508,-12.582539149984852,-12.64579089279861,-2.1871470311127648,0.1351092455189045,0.1076854344572967,0.4666666666666667,True,5
0.97927812725601415,-0.20246310757699951,-0.0047999529394105352,0.20211165495049466,0.97853339634001579,-0.040289839667682514,0.012854120394971686,0.0384848323049444,0.99917650556412396,-12.581309186907795,9.5533031148208796,-1.4436867412001322,0.2470124564675527,0.2443829090606661,0.7619047619047619,True,5
0.90776837837193414,0.41911043348825011,0.017407348140397957,-0.41774655567424585,0.90701594952219788,-0.053008325144737453,-0.038005084532123513,0.04084742162777677,0.99844233769210189,-12.464160130075488,7.6061227858594984,-1.5350915835742329,0.2402646823278899,0.2247457394611802,0.9176470588235294,True,5
0.99788536586766796,0.064751884471172014,0.0056559742381585842,-0.064478792724613598,0.99713390234424537,-0.039578606399328906,-0.008202553012752932,0.039130221736768757,0.99920045229718757,-8.1532465953850135,-6.1836698722155576,-1.9869622544453549,,0.2968426551832951,0.9803921568627451,False,6
0.42761004086537735,-0.90382876229963161,-0.015595556771905186,0.9008364511785133,0.4275012249596416,-0.075738965441223077,0.07512217501651236,0.01833769609086669,0.99700571097806001,-4.2712390160013607,-18.341635021903397,-2.5456084063567648,0.3348286266624215,0.2008354739069999,0.8533333333333334,True,5
0.77993462896626575,0.62493163018063913,0.03409445906627688,-0.62358147278127418,0.78058525215061547,-0.042811341124705783,-0.053367793126470393,0.01212937445741584,0.99850125534827516,-6.3830583896157957,-16.843921236843514,-2.4221141313031773,0.1866436324569925,0.189689583799373,0.6842105263157895,True,2
0.80506060200830887,0.592652609717358,0.025304372926942296,-0.59095896832966344,0.80499754780294053,-0.052406543312770122,-0.051428832815458597,0.02723659718941833,0.99830518526589951,-6.8885671942873312,-10.381105655096254,-2.180087504456242,0.2655366193208725,0.1960657080422498,0.9703703703703703,True,5
-0.99979158503287158,-0.017378030931439536,-0.010714034646393431,0.02005717083586624,-0.9339895868480016,-0.35673682394386874,-0.0038074132319801217,-0.3568773678736773,0.93414348357414356,-2.5280427722141003,-16.50900059591277,-2.5055021337637453,,0.4866785368165522,0.2291666666666667,False,5
0.95261856402987699,0.29685979724959166,0.066273163819048381,-0.3022347732924846,0.9483472337321891,0.096393288590775256,-0.034234679471195788,-0.11185609080168765,0.99313453352104752,-10.948613013891626,1.7868907027011145,-1.656498631410289,,0.3077532722078668,0.2328767123287671,False,4
0.98720423860275885,-0.15946082441246773,-0.00019173535109696244,0.15923822121078704,0.98588822921291575,-0.05164870187184073,0.0084249742060879956,0.050957285809959459,0.99866529669980519,8.5105925747732556,-10.321863542883014,-2.3731241243173189,0.2822615595841947,0.2518205320744157,0.9871794871794872,True,5
0.61952220454474816,-0.78451644683988153,-0.026947777528798861,0.78264061050005473,0.61996039714583406,-0.055881846487745433,0.06054678250836952,0.01352961967336043,0.99807366287232391,-13.655526278334118,-0.43402531001678124,-1.7331070523169154,0.260680575374835,0.2077443385749581,0.9734513274336283,True,5
-0.96568787108079901,-0.24783259112095146,-0.077626943941583648,0.25747782240419598,-0.8745693589817658,-0.41089366909240205,0.033942696083660531,-0.41678224903239147,0.90837241827021242,-11.405248445709891,9.3521907402488367,-1.4677324101678078,,0.4124390120179185,0.2364864864864865,False,3
0.82705656211430245,-0.56124715747117793,-0.031290114959739872,0.56025326015555188,0.82756499222727953,-0.035390226404164948,0.045757267715046818,0.011739330065439207,0.99888360712390711,-11.673390572349421,-2.9478849982465132,-1.8139184220053188,0.2617477046499928,0.2340705687608572,0.8106508875739645,True,5
-0.72831121493707296,0.68512202262826394,0.013060945855554382,-0.68340515004129543,-0.72482582995684375,-0.087091429684019533,-0.050201345538929069,-0.072355582625871287,0.9961146995045056,18.149908636452782,-15.396027212625988,-2.7733914030110589,0.2341611552775912,0.2578840560550528,1.0,True,2
0.97378668662618417,-0.22733827666659503,-0.0075363725929236645,0.22684057009557421,0.97303787304353351,-0.041721138306970253,0.016817987641557324,0.038917933978785887,0.9991008706364487,16.617848824806874,-1.9684209209576695,-2.1518440977730644,0.2814332022427125,0.2654343149888932,0.9905660377358491,True,5
-0.22291757642654786,-0.97450325946113758,-0.025517668775418778,0.97171653590480866,-0.2200349472573051,-0.085741447588854505,0.077940541243126382,-0.043909216402627585,0.99599058868326384,2.4559925045132656,16.544890353641751,-1.1124893753227816,0.1067940343182814,0.09677448737183918,0.3548387096774194,True,5
0.79668490404244185,-0.599589620820284,-0.076062147455045248,0.60104371982559635,0.79920280392095888,-0.0046179067862336456,0.063557930497262854,-0.042037659419435956,0.99709238521886212,25.571316200625365,1.4884828242544659,-2.3216656686818227,,0.2243978166997612,0.3333333333333333,False,2
0.89711980348009868,-0.42432152457826605,-0.12299309729982651,0.43963355536552307,0.88490860596560594,0.15381513607144312,0.043570577233933379,-0.19206249729601832,0.98041501515017515,-0.94182438405556435,-23.159969366793174,-2.8318218724283266,,0.2560276336196818,0.2333333333333333,False,3
-0.9640035514823464,0.26579103224017331,0.00723048477811402,-0.26536316683454153,-0.96003001889892003,-0.089021078967184794,-0.016719522031640861,-0.087735340619625818,0.99600349777969732,13.19004205105804,13.391200095528697,-1.4889815924914127,0.2704699387167717,0.2228497522901188,0.9347826086956522,True,1
0.96364276462696474,-0.26719238681975244,-0.000922283938433726,0.26683886796579309,0.96253421546587137,-0.048217243805842469,0.01377101030547007,0.046218096921679747,0.99883644646764036,6.6168775900792687,10.665854679819578,-1.4263744628674586,0.2151407272642785,0.2008620878211677,0.9565217391304348,True,4
-0.26587849745949166,-0.90186431682130641,-0.34051340448376149,0.96246756454733851,-0.22839084349280833,-0.14660767306985734,0.054450085243254231,-0.36671293494105472,0.92873936686452563,-7.0964642548921848,1.4572029714713075,-1.7742989977061574,,0.3750671742042344,0.1607142857142857,False,4
0.9428417533709651,0.33319751433224398,0.0053707116082939259,-0.33321990358284015,0.94247972617805431,0.026390558910012067,0.003731481824688531,-0.026671748839442452,0.99963728114613581,-12.177311404045101,11.420237047853389,-1.3424624595103181,,0.1850409237128539,0.5897435897435898,False,6
0.94668260163608309,0.32176939545445787,0.016015864272986905,-0.32064844513781277,0.945875448982616,-0.05004207872019259,-0.031251022227136868,0.042238503297438085,0.99861868721196678,8.017612840269134,2.6893019594873739,-1.8466407391381507,0.2371831426238864,0.2197858239218854,0.989247311827957,True,5
-0.68084985187536617,-0.71886149164155388,-0.14029125074705215,0.72312009443305825,-0.62932362202215841,-0.28469124993936124,0.11636497853055394,-0.29527941783976724,0.94829808455558506,-7.6606454731976603,18.218433881390389,-1.0462927278918965,,0.5355653755727549,0.2280701754385965,False,2
0.83676138957668023,0.54697593957523527,0.025449920225649379,-0.54595676341979726,0.83696060871122324,-0.037790897606668331,-0.041971292449510464,0.017727407919018251,0.99896153560514545,-10.770323014598787,13.045837604747526,-1.2483224610835786,,0.2434556706732976,0.9365079365079365,False,6
0.97351894967722385,0.22827954007349641,0.012219091749691116,-0.22741521868261835,0.97251140017677118,-0.050038933219557366,-0.023306070687509492,0.045935042288513257,0.99867251837579896,9.7985339065609622,10.01139878513896,-1.5471085198163987,0.20235340712893,0.2233592504560085,0.9714285714285714,True,5
0.75895022477852947,-0.65073905509603147,-0.023091957070434637,0.64938932104452296,0.75902868886794761,-0.046572085939288493,0.047833733096550736,0.020350224768469188,0.99864798719564818,-6.871433122758555,-14.07402728259671,-2.3510137843469079,0.3207321310557427,0.2221805906557574,0.946236559139785,True,5
0.98814816292602081,-0.15350255279767411,-0.0004176009203142525,0.15333557455540478,0.98719303375684397,-0.044024035227625505,0.0071700545113199329,0.043438236457717279,0.99903038488914309,-15.829839905951468,-9.5759357942030068,-2.0239975602319511,0.221973584225699,0.2649213615439928,0.9818181818181818,True,5
0.94682888512647523,-0.32168922816908108,-0.0055769857575466257,0.32103964046787586,0.94577415583902003,-0.049444872284681897,0.02118045179914798,0.045025399798028991,0.99876128370828154,11.514899412808424,-3.521559448313802,-2.1119019198094708,0.285717477454885,0.2855352657219218,0.9851485148514851,True,5
-0.0010995151099179275,0.99944877585606973,0.033180348194770989,-0.99644009885160545,0.0017019963014266236,-0.084286609904489385,-0.084296621920007572,-0.033154903836282043,0.99588896564048823,-11.717841873015319,-14.879434663142913,-2.2954417628115009,,0.1213684590818798,0.8285714285714286,False,2
0.9990799052049264,0.041557656829157949,0.010597366398525356,-0.041195206120110177,0.99862596566687023,-0.032390364132429808,-0.011928872890440003,0.031924001233863436,0.9994191113525811,-10.147565883295611,-2.2501492517618269,-1.7738256756155439,,0.07751873034844944,0.4423076923076923,False,5
0.9961225655117979,0.087369837867196209,0.010312415296772383,-0.08659164754729895,0.99440040399111784,-0.06057823963556902,-0.015547380912474467,0.059450382449232009,0.99811017977646199,-11.139201244314769,-4.9105256688348629,-1.9030737642087099,0.1454817463654791,0.1354933406581197,0.7916666666666666,True,5
0.76976816877426635,-0.58294035005282308,-0.26007213349800851,0.6365161451579906,0.73162845516042452,0.24406351745556598,0.04800170096075268,-0.35341243877354389,0.93423524062465757,-10.673219308491408,12.504137324794494,-1.2887381030430285,,0.4614419652129225,0.2876712328767123,False,2
0.8446060545608759,-0.53496923971923693,-0.021178412436549332,0.53396174731720636,0.8445820483756693,-0.03957291957278599,0.039057201654329424,0.022115065357801288,0.99899222163295798,-17.4185953140924,-1.4733257283462344,-1.7991371003714183,0.2184485088090961,0.2176795751546296,0.9315068493150684,True,5
0.99298844057477043,0.11784475874212202,0.0093042851362118706,-0.11752827934642761,0.99263661671893544,-0.02931980052203783,-0.012690958937484315,0.02802070637573419,0.9995267778181085,14.807941278852958,-18.129736261293584,-2.7825154563284746,0.3306825187000267,0.2987503702637243,1.0,True,2
0.45632035871272891,-0.8898008922168692,-0.0051090541542626947,0.88721194662891922,0.4554165693243048,-0.073828924845246224,0.068019791114138639,0.029156827587121858,0.99725783397366419,-12.7286092756091,13.747786234152363,-1.2052259559654848,0.1910382231475993,0.2434241622952274,0.9661016949152542,True,5
0.57859298174498341,-0.79666615910134031,-0.17479471507504701,0.8116684670268316,0.58347498757475702,0.027408730524220506,0.080152736133971822,-0.15773385754920879,0.98422333292443498,-9.5536666933490828,2.4214886480033955,-1.6998956741176652,,0.7145078339096995,0.2210526315789474,False,5
0.58002062444876845,0.81359917449992025,0.040403693731017251,-0.81148626538142454,0.58142490852466555,-0.058609869854764712,-0.071176655662999619,0.0012078907786235993,0.9974629941448947,15.643594299487198,-10.643258463503894,-2.4602202315390254,0.2846173596694805,0.2680084840107687,0.9655172413793104,True,5
0.98670340593764938,-0.16253097518806717,-0.00026611174271963869,0.16231555893497374,0.98547731346882295,-0.049881098282804556,0.0083694706326539123,0.049174655491295155,0.99875512775586917,-12.091469218926925,-5.9697215965537831,-1.9374053399289655,0.2780253179640412,0.2177230333561916,0.9652173913043478,True,5
0.22333243432137467,0.97414973757045853,0.033984004641824855,-0.97154542746498618,0.22528602246322263,-0.073114228810654963,-0.078880328041694397,-0.016688225612900245,0.99674439901808698,27.05559093155232,-8.1582235086942756,-2.7310338734594755,0.2465628306095582,0.2340361549684252,0.967741935483871,True,1
0.96325961520323444,-0.26835646942056013,-0.010757278403477675,0.26800641727706259,0.96305779246152245,-0.026310619100522341,0.017420505642232558,0.022460937185960012,0.99959593450748796,10.159195151978578,-17.202378662363884,-2.6725185046877682,0.331942656089244,0.2569527713776816,0.9466666666666667,True,5
-0.26787886281173023,-0.9248740027958563,-0.26990552756671177,0.96027479472244193,-0.23356970922313935,-0.15270071890528247,0.078187169532258599,-0.30008877000945716,0.95070158127287507,-2.7527101607326805,-14.007236400203306,-2.3956327739935577,,0.07677494215980087,0.1333333333333333,False,1
0.092942831358087341,-0.99243505931420695,-0.080213983463905209,0.99373274377860266,0.097485330313511476,-0.054697754212707471,0.062103655620183634,-0.074627497731540246,0.9952757771296038,5.6752930716286567,-3.2341435847688547,-2.018934568776575,,0.5392252522085677,0.7476340694006309,False,5
0.90472868667336936,0.42473621834677999,0.032636610344155256,-0.42417871642637411,0.90529184348019343,-0.022783648941853814,-0.039222698035108652,0.0067692653004989937,0.99920756452607862,7.5442652820670695,22.25852535705263,-0.96015137037688691,0.3473978541818996,0.3124233339037931,0.9811320754716981,True,4
0.9981520134357007,-0.060611760797180295,0.0043327274692431909,0.060752401654472918,0.99691339856658856,-0.049727471800077375,-0.0013052844406312089,0.049898799699785064,0.99875342603720252,16.232089774053499,1.5465465627717272,-2.0597253228239598,0.267924109008733,0.2644346233039744,0.9393939393939394,True,5
0.32636638234720194,-0.90756830849757342,-0.26420588540843098,0.9406412468969243,0.33938063480632236,-0.0038508901121699496,0.093161306934791868,-0.24726615241336697,0.96445861536972666,-11.100932920652788,9.0333927520338406,-1.4919404284338078,,0.3099442302994039,0.2857142857142857,False,5
-0.97608488649782765,-0.20917660553848952,-0.05918988127981395,0.21577948791510612,-0.89917256784261124,-0.38069397924634868,0.026410356787021732,-0.38436160179539275,0.92280477465153066,-9.6905240213515818,-2.3349205457055437,-1.7754810079258585,,0.7569205854611424,0.4290220820189274,False,3
0.99930337879885978,0.036405680387802695,0.0082087487892119892,-0.03613392134122255,0.9988621102814027,-0.031125943723676486,-0.0093325692973350895,0.030807646448313797,0.99948176174987147,-9.2211995091287324,0.3675206780476884,-1.7277091527506092,0.5263334383343197,0.2474346754032049,0.883177570093458,True,5
0.99235873246363338,0.12312951727044796,0.0079541234537934234,-0.12255846421984881,0.99110589923097459,-0.051850934009267283,-0.014267759152849026,0.050479881995779942,0.99862315843487659,7.4382418098186562,-6.2685649176601475,-2.1547869830443807,0.2730063751010827,0.2436145957783774,0.9888059701492538,True,5
0.57664288123552787,0.81509618216194779,0.055688430983508411,-0.8154073971018293,0.57843191283712736,-0.022962991164041359,-0.05092901208551779,-0.032167313170328699,0.99818410110129185,-12.007148102078695,16.825115405732475,-1.0785700915867882,,0.2485008699764827,0.5161290322580645,False,5
0.87839774003371196,0.47763105499608349,0.016911108981826913,-0.47606104691971834,0.87754068388590523,-0.057343070468526977,-0.042229017385778757,0.042319303259686018,0.99821129359582239,-9.9494947198996666,3.5273856711665146,-1.6718335325853724,,0.195880383201141,0.9304347826086956,False,5
0.69168393498128822,0.72121547305131095,0.037703786549546453,-0.71951577146296164,0.69267030138512831,-0.050049057884167428,-0.062212448150337177,0.0074896602331554277,0.99803482719028003,-10.751109232651061,-3.7468557047297888,-1.8409924970011715,0.2235519489196258,0.216587084999554,0.949748743718593,True,5
0.20965643365541861,0.97679199826422869,0.043835738317789932,-0.97530277950322197,0.21210217500999917,-0.06162106498038062,-0.069488618637728275,-0.029833864701081035,0.99713653648676281,-5.6549380605561339,-14.662223047953901,-2.4132481407170072,0.359819132081869,0.2644819167212325,0.9447852760736196,True,5
0.65290848864795759,-0.7569917073154504,-0.025962675268140653,0.75523207560478867,0.65323886965726041,-0.053884052804022281,0.057749609774631436,0.015573510347489935,0.99820962144548264,12.365321076684802,-8.1268240963855654,-2.3203701974655417,0.2646672908441154,0.245981928217292,0.9915966386554622,True,5
0.26794153014846644,-0.95193218237831168,-0.14843334050733231,0.96078820208964433,0.27542777871053425,-0.032024513109989654,0.071367829916914149,-0.13403230531124938,0.98840375049162188,18.175726817494287,9.7001716244809888,-1.820734633773323,,0.2513154845776808,0.4,False,5
0.60988465407066583,-0.78373550414893123,-0.11747071237344706,0.790182911741936,0.61269404239337144,0.014730119032270443,0.060429088360986045,-0.10180702309806584,0.99296709680017592,-26.84001878400445,-2.422677618493855,-1.7505399389463627,,0.1836221995787425,0.16,False,1
0.71212528936692809,0.69780058180992732,0.077148689358896516,-0.69953574527283591,0.71457149394653063,-0.0061091017834069422,-0.059391188990000905,-0.049617820032217506,0.99700088194825776,20.153750768971104,15.590871265267872,-1.54012789491099,,0.2569832847605642,0.7105263157894737,False,1
0.78425887600390853,-0.61980432123090157,-0.027939556055661063,0.61873549254009441,0.78464840017571769,-0.038642960197853959,0.045873801676477872,0.013018889552781684,0.99886240435535445,-13.891624088610715,-21.654585237996486,-2.5349764290691499,,0.2781699094806092,0.675,False,1
0.99689027354619508,-0.07879977727600633,0.00061449999525232599,0.078785555249116471,0.99648960420025168,-0.02830733129267482,0.0016182685440908652,0.028267716959043895,0.99959907832332573,-13.37554210782614,-11.499455067645748,-2.112902266783391,,0.3147519786634637,0.2571428571428571,False,1
0.93243410964969164,-0.35709060478893978,-0.055253335946855664,0.36050917380643011,0.92971337742908422,0.075273975787188196,0.02449013603865996,-0.090107357085169357,0.99563090421899492,4.425587458511373,16.685933737767837,-1.1015486889783594,,0.2458648550038382,0.1935483870967742,False,1
0.34671659352392686,-0.931889906122779,-0.10662460617344414,0.93510322084880648,0.35229707927278642,-0.038324069382717027,0.073277350752818521,-0.086417421868172917,0.99356049592579232,-21.180959921368562,5.8614429876941134,-1.4629240065307505,,0.1517848480198498,0.2272727272727273,False,1
-0.025455240140580603,-0.99799203338609244,-0.057999414197711312,0.99473315159833786,-0.019524367317614831,-0.1006218474889234,0.099287400311533353,-0.060255293366966216,0.99323275809884437,2.9683626256456512,23.409276925083997,-0.83482043194523925,0.4341531413164963,0.2219004250484599,0.918918918918919,True,4
0.92936636440511589,0.367576115453432,0.034146157332602962,-0.36725838648994258,0.92999178747912969,-0.015380272239997397,-0.037409066617885497,0.0017534450484437969,0.99929849752976219,-9.1578318188973391,-19.226570466848891,-2.4412990333203859,,0.1406528371131062,0.7575757575757576,False,2
0.97086847340696925,0.23935666282372528,0.011081304359699024,-0.23839191926371406,0.96955023575430554,-0.056050273670466118,-0.024159887710530664,0.051775750218234218,0.99836645151725467,17.473003067791755,-19.280491951705198,-2.8777734146785416,0.2621779726834836,0.292835730806881,0.9782608695652174,True,3
-0.6023561211676457,-0.7588535290934828,-0.24760538094765619,0.79570637536214495,-0.54620112853573943,-0.26175502171748366,0.063391383483122246,-0.35469091977191919,0.93283218422792635,-3.151259469213191,-13.004176567349994,-2.3507023139331471,,0.3284576886154696,0.2653061224489796,False,3
0.99254733957491037,0.12086310947709805,0.01555273192384855,-0.12009996359603929,0.99182593921175699,-0.043096462162755859,-0.020634375372132526,0.040907396326860933,0.99894985233431954,-21.28251115641768,-3.5254051351348799,-1.8474095979512799,0.1876183048428684,0.2002341516539394,0.9137931034482759,True,3
-0.18269572219422972,-0.98270527171552269,-0.030209634795037202,0.97996110012200022,-0.1795332223971462,-0.086278991089229706,0.079363186299488658,-0.045367069535264856,0.99581289088973701,11.242837782018324,26.468550154394215,-0.81907641088409344,,0.2986232070491546,0.6875,False,1
0.8625976273287691,-0.5036257246767587,-0.047816971574823848,0.50340521929598525,0.86387467050157885,-0.01742810521394976,0.050085112681702564,-0.0090378708553048928,0.99870405945808749,-20.789204421905154,9.3294262241657435,-1.2761891371676726,0.2476291693018434,0.2279814395710216,1.0,True,3
0.92989738767348851,-0.36768828649254631,-0.0098067514599486372,0.36696713377251006,0.92922740669242476,-0.043261407541355379,0.025019415037341914,0.036629914384907779,0.99901565465379139,26.255549080751972,6.4076417200629434,-2.0920718896064692,0.3166747934890489,0.2393648695052847,1.0,True,1
0.00015988365251845814,-0.97122949717092644,-0.23814541411147716,0.99680673189734237,0.019171133869855406,-0.077516494182097676,0.079851823281355039,-0.23737255833658055,0.96813116614815653,-5.4926877822045528,-11.972178193454555,-2.2726636808929803,,0.2895758734120696,0.3278688524590164,False,1
0.95542482746020518,-0.29521608161882734,-0.0032960925749626023,0.29461578950683831,0.9540856162707263,-0.054057130876230985,0.019103288876505611,0.050676444024156483,0.9985324042689685,0.44639626921759012,24.045278817574989,-0.79561191424467081,,0.1768014164944461,0.7428571428571429,False,1
0.80063315493164544,0.5985787244338846,0.02626902889913809,-0.59692981324119954,0.80066786320533756,-0.05104675204187966,-0.05158826696087325,0.025188955621513347,0.99835072355694265,-26.988492415506581,7.9425869381739389,-1.2640570324313809,,0.297207909562065,0.9714285714285714,False,1
0.87597611481484039,-0.47957367051218069,-0.051719830098055863,0.48021324872441035,0.87715177193824512,-6.8812377369532884e-05,0.045399141219246486,-0.024776269635882642,0.99866163160476151,-15.47483560333583,-0.24200936654190219,-1.7334730051512843,,0.1041363942531117,0.4102564102564102,True,2
-0.046400566240332702,0.9222136624373829,0.38388663465456269,-0.99603716777863971,-0.01352355105063072,-0.087903776770322323,-0.075874553416031304,-0.38644414134621063,0.9191865848472266,-8.7259310606895273,-11.397445433360872,-2.2047503931311447,,0.5828676598589886,0.2839506172839506,False,2
0.051153308250938521,0.99743190764820111,0.050129119883103826,-0.99548248069010969,0.054944914867787228,-0.077431821425277131,-0.07998730958126328,-0.045941766786245265,0.99573660391215346,23.31870209983121,-1.9699413438685529,-2.3521562465302468,,0.1940119609795946,0.75,False,1
0.68168592369583403,0.72667807765379899,0.085107419725524977,-0.72904613915107941,0.68444893502011772,-0.0046241041003604322,-0.061611917871966682,-0.058895049089084536,0.99636105141104947,-15.831437056659317,-6.0348779812141098,-1.9261204367123625,,0.2805185707289088,0.5526315789473685,False,1
0.83785402786958874,0.54495146356996693,0.032070708374750352,-0.54380985262686099,0.83834222359990029,-0.03812033991882724,-0.047659964001861649,0.01449891314983523,0.99875838386909954,19.446802036145158,-11.293744812161055,-2.5716974228193452,0.2939370036290074,0.2527450660585134,0.9148936170212766,True,2
0.82390111381813369,0.56608460368587743,0.027114131353281293,-0.5646019410115779,0.82400790461434392,-0.047282357587553933,-0.049108073218139758,0.023647295889427451,0.99851349642452025,24.770290730454029,9.6619398459175674,-1.92518288935368,,0.1559182753285737,0.7368421052631579,False,1
0.98384182026349498,-0.17903621531363412,-0.0011429377859899018,0.17874101881507742,0.9825483101292668,-0.051482681117723472,0.010340255971723184,0.050446524838596025,0.99867323346435377,-19.29891475041569,3.0976289455599058,-1.6699636922526073,0.2664243776173694,0.2332806344775967,0.9622641509433962,True,2
0.77513571855689267,0.63030714386878561,0.04333038431935525,-0.62947633807477221,0.77634290741416434,-0.03242267588735169,-0.054075480777001368,-0.0021434774772406823,0.99853455016991755,21.951776461644762,4.8822433563494281,-2.0759801270830898,0.3090259499706847,0.2684095957118564,0.8775510204081632,True,1
0.65491704055795918,-0.75320545661106852,-0.061361307988967752,0.75352677471361695,0.65703129424728124,-0.022522836620553877,0.057280623045658299,-0.031486798996632225,0.99786146919923058,29.481923322107431,-6.3581628248964668,-2.7241063587938652,,0.2992707734025451,0.7333333333333333,False,1
0.93158249279582317,-0.36352935447805146,0.00068377561468828743,0.36269201686542896,0.92930579875437835,-0.069607710087128155,0.024669009270892387,0.065093324037550498,0.99757420733864932,-7.8469692059059941,-19.570174839612644,-2.4540795126949839,,0.2568356437468872,0.925,False,1
