axis_00,axis_01,axis_02,axis_10,axis_11,axis_12,axis_20,axis_21,axis_22,location_x,location_y,location_z,dbh,dbh_approximation,score,reconstructed,number_clusters
0.93118684515597916,-0.36177114877585559,-0.044863073031746928,0.35616796304207177,0.9291065689071123,-0.099525703796123674,0.077688104050204806,0.076698236792315855,0.99402310786119774,14.747021135484701,11.723197755118408,-0.84030803026247347,0.2744895808308669,0.2883248921356402,0.9154929577464789,True,5
-0.48809950601017016,-0.84094337808679642,-0.23360887629667279,0.86298234674165319,-0.42499818554101065,-0.27319958180626158,0.13046203066369752,-0.33494891720800496,0.93316069431598359,6.2937373519672528,-9.4591435115018943,-2.8457138655709513,,0.4570636980331677,0.2840909090909091,False,6
-0.84699453943115,0.52551920085070103,0.080186156604833789,-0.52569167292500041,-0.80556580026749758,-0.27333497115572358,-0.079047550190557453,-0.27366642281548992,0.95857090182846927,-8.3560277330505119,7.2476497014063179,-1.6457585895391671,,0.7286414112839074,0.2872340425531915,False,3
0.91095384583951711,0.41223881552846647,-0.014908042188038434,-0.41179616086150905,0.90666450933967913,-0.091560850823705922,-0.024228343936710025,0.089546783725188858,0.99568788326189805,10.695995691632049,9.5838765089836873,-1.0594258975468116,0.2843197884855115,0.2747863753642902,0.9444444444444444,True,5
0.92172573772617505,0.38766656742229022,-0.011674627024391392,-0.38732640598883272,0.91853042200293877,-0.079247202341016898,-0.019997990821920553,0.077566077367126798,0.99678662912629634,3.5931096265864504,15.622996838767067,-0.64711473127107821,0.2513165631773766,0.2913738495509139,0.9753086419753086,True,5
0.9992177014439646,-0.020749229481259231,-0.033666817446495252,0.017631303336010117,0.99574934453651787,-0.090401216793636441,0.035399466997614461,0.089736906181517612,0.99533620722108573,8.9736586665481042,-12.344706688487395,-3.0526319373742403,,0.2640071090970133,0.7720588235294118,True,2
0.93808835150177383,0.34548553095617113,-0.025099654910346984,-0.34617752436716437,0.93245855862732507,-0.10335452610153902,-0.012303105287168204,0.10564461341017375,0.99432783791750978,-2.70989175761876,-18.473818700454654,-3.9709997981985645,,0.2186452530442911,1.0,True,5
0.22844833098782422,-0.97010638467825738,-0.081883835250658843,0.96470586950071735,0.23688459001330076,-0.11501424418346509,0.13097307135339273,-0.052719004360001723,0.98998321256451005,3.8607271626017003,-2.225038432753971,-2.2177962554673174,,0.08160692448948266,0.2047619047619048,False,5
0.90054952722906612,0.43417640465088914,-0.022391932742212631,-0.43385489006602995,0.89418579742570692,-0.11046127850040592,-0.027937132517448612,0.10919070164889738,0.9936281534357424,-18.881694361866227,-4.5488511463859949,-2.6434251523058139,0.180595274646766,0.2257132493622371,0.9310344827586207,True,5
-0.99060379090463846,-0.13213984980025342,-0.03525889306441346,0.13590416265819741,-0.97995414449653373,-0.14567063278589307,-0.015303202852196284,-0.14909371139935712,0.98870464609186071,-3.42683505834062,-15.345202215491968,-3.6365109098023782,,0.2272265230190721,0.7714285714285715,True,5
0.94651571686177816,-0.31858123585809434,-0.051127232398836958,0.31496130353403984,0.9466679635771833,-0.067964284832316035,0.070052658834435108,0.04822616401663217,0.99637686750268772,-6.9942105485547135,-9.3160436440596559,-3.0890812406773316,0.2533136221663104,0.2240974075270252,0.8074074074074075,True,5
0.61933312456593037,0.78508059162970389,0.0086571046983261457,-0.78105712773875124,0.6172056221690142,-0.094905127213726334,-0.079851387113157188,0.052016195644395927,0.99544867841932982,14.132704685159112,8.0547077867859986,-1.1740802202250715,0.2539986105121268,0.2214580110096149,0.6883116883116883,True,5
-0.31806122092553762,0.92455399452789111,0.20984987716431353,-0.9400664706678743,-0.2788529063470751,-0.19625515878018643,-0.12293124285308127,-0.25969398881050454,0.95783450642910506,8.6408144862303899,-4.8098452617702181,-2.3868705987064009,,0.5258327937782575,0.3225806451612903,False,4
0.52385723679874863,0.85172384771473897,-0.011835653238400809,-0.84669223887719913,0.51914172187511798,-0.11663672334926428,-0.093197897394174681,0.071122147342001424,0.99310411945513921,10.435615652651801,0.76849018915761136,-1.8149179519499421,0.2703401488726572,0.2473246219312468,0.9771689497716894,True,5
0.91150605791066208,0.41079510789053236,-0.020101883627440864,-0.41060304644346268,0.90608668824540861,-0.10203946116976306,-0.023703262296842099,0.10126348165885793,0.99457722809182303,-15.069790199117604,-6.3091734972865128,-2.8109068514757887,0.3684146560873819,0.25920479868109,0.9594594594594594,True,5
0.81370621005702015,0.58127581915897841,0.00079105985779107449,-0.57844472712315975,0.80987573580297201,-0.097483281751319345,-0.057305334638696394,0.078865167334208744,0.99523684819408376,21.691641845914553,1.3988723630529041,-1.6712173643365542,0.3499635803140247,0.3026854882600622,0.828125,True,5
0.27148924353439369,0.93960386202215229,0.20841826483823331,-0.95356148692802023,0.29195052690167084,-0.074063354565269912,-0.13043803621929775,-0.17863222641755894,0.97523148349115585,7.52117157714952,-8.1536402349347288,-2.7137831207929048,,0.3835458814519188,0.14375,False,6
0.91888794667414664,0.3940001530617927,-0.020219318590267342,-0.39384796248982573,0.91313329209160332,-0.10522059359537562,-0.0229939970336509,0.104649272626399,0.99424333331392378,-5.110850508946216,-12.248761196800528,-3.3565350501773699,0.1745110825206275,0.1992070018646461,0.9243697478991597,True,5
0.92560029052693338,-0.36710213234489997,-0.092196131178501617,0.3704446201472798,0.92860339099475642,0.021599204544995532,0.077684526003532456,-0.054145790795467427,0.99550657846080548,-11.620709582473042,19.046987243119361,-0.56816754969668504,,0.1573014697116445,0.3703703703703703,False,1
-0.76426356750778335,0.63261276411771661,0.1253087788449771,-0.63602504935030413,-0.70724385423001979,-0.30867177916487687,-0.10664584370344739,-0.31560611738242628,0.94287827564939219,-14.10115797741936,-18.631111653502092,-4.1647894348664547,,0.2588581487195852,0.2340425531914894,False,1
-0.99793420314869463,0.058482714079672579,-0.026591320761774801,-0.050965105984041525,-0.97266513702217861,-0.22655041203595683,-0.039113733624083262,-0.2247271754272315,0.97363638616604864,-11.502396673592221,-0.59355630247231395,-2.2117505990883179,0.1660978074543061,0.1557001229557763,0.5394736842105263,True,6
0.99945224244228614,-0.0053083806851643364,-0.032665519613023587,0.0016061829228640103,0.99366912928493467,-0.112334686017007,0.033055033709039776,0.11222068704397875,0.99313336573990596,-14.232296884006926,6.1429686752979933,-1.8301309205491014,0.2074473236605817,0.2063650219897101,0.9436619718309859,True,5
-0.077378348083731258,0.94100980982549165,0.32941331038685501,-0.99243524297156038,-0.041111205985642336,-0.11568127441546908,-0.095314635580344628,-0.33587260465033408,0.93707241645968231,-8.4907570898594571,10.275719440428599,-1.3434303585976208,,0.2871976240876715,0.4583333333333333,False,3
-0.091241498386832431,-0.99359323167128755,-0.066689421568464441,0.98810696582547064,-0.08200714823503541,-0.1300747928137585,0.12377242447052142,-0.077764500997355088,0.98925884849483414,-8.7008914610386423,-6.6602689289655732,-2.8233299136800691,,0.1808195102548021,0.625,False,5
0.83673160450835493,0.54761100831212683,0.0015509971793157031,-0.54657098991434816,0.83531044864538995,-0.059300989602930274,-0.033769438860069521,0.048771282115740153,0.99823894285880443,-22.820972408384932,1.6294001272534973,-2.281113628635957,0.2516183458214994,0.1615262005312753,0.5714285714285714,True,4
0.61366483645472425,0.78942083212360625,-0.01517294659150724,-0.78527147690657473,0.60821216006200896,-0.11587353412091533,-0.082244611105909998,0.083022395544679925,0.99314807847674957,-9.7518431130500272,-7.6359237558869069,-2.9306638073878002,0.09710484786344399,0.1161804920559277,0.8571428571428571,True,5
0.59487608227345534,-0.80172751866207437,-0.057926095664550065,0.79457149678653138,0.59740336718575937,-0.10846821363665732,0.12156719637055169,0.018498721444193515,0.99241080912671131,-9.9408577692019637,-5.5273576670327929,-2.6722410720699012,,0.07761405293946358,0.2307692307692308,False,1
0.75341830629511508,0.65754121276421373,-0.00063973116799301635,-0.65424897275473015,0.74954806907788774,-0.10067757342621257,-0.065720144467131869,0.076270870312177746,0.99491889968632252,-19.341870156801793,3.6425994650315987,-2.1090423894403099,0.2261630560502966,0.257592334187452,0.5,True,5
0.87004292993817733,0.49266472510706899,-0.017514813723505076,-0.49170301043799131,0.86469687404509932,-0.10260343826037614,-0.035404090029391252,0.097881482680896567,0.99456813027433255,8.1634441162447811,2.5038427020704774,-1.7403734374395698,0.2932738597570397,0.2508662960868378,0.928,True,5
0.96280827475871644,0.26970535272275215,-0.016101203956259136,-0.2701115360294396,0.95943918677321816,-0.08072301399082818,-0.0063233029313769819,0.082069906766381401,0.99660651525233201,8.1807960171038179,17.404400029938799,-0.35003117699822639,0.2703181278879906,0.2812195059258695,0.5909090909090909,True,5
0.81770712147265545,0.57541092504486269,-0.016041534587416372,-0.57360424248980035,0.81216816621534471,-0.10658819251730305,-0.048303586726099246,0.096359416381685992,0.9941738411283888,14.134195509782623,-2.4432468113318961,-2.0377219740329271,0.1839317355342736,0.2294012572767065,0.8620689655172413,True,5
0.69086708162275512,-0.72104127015683372,-0.05293545372126901,0.71381240170488158,0.69189828655025665,-0.10839103395173746,0.11478035852167975,0.037097813944193175,0.99269795078774903,-10.488124015626921,6.5052612721798289,-1.6747056105428513,0.2495749264392495,0.211822550306193,0.9459459459459459,True,5
-0.99936652663735948,0.0064497188024863171,-0.034999236622388435,0.0090119080159191626,-0.90552496496835966,-0.42419726936057067,-0.034428635620565841,-0.42424396159099415,0.90489321475126927,10.494472333083523,-3.7504617268531222,-2.2124900771846963,,0.4109192576008455,0.3584905660377358,False,5
0.82453164639960064,0.56570774991397255,-0.011059194040953343,-0.56400358688210406,0.82017064303470455,-0.096021197077318071,-0.04524950905464141,0.085409940822544397,0.99531785070850842,-18.25456458527086,5.3947992909941505,-1.9567503307230873,0.1927334790632409,0.2159179088280874,0.8909090909090909,True,5
0.6624207430744844,0.74910868259960606,-0.0059110742282542789,-0.74533555850361555,0.65824983458735942,-0.10574526228544873,-0.075323730488820267,0.074453589031005379,0.99437568288129974,-18.60611720751394,-3.1516259651540226,-2.4879836297878803,0.1918885014613738,0.1393740875728999,0.6833333333333333,True,5
0.11367338221645011,-0.99091226988040804,-0.071911303533809839,0.98420895295787103,0.12219810518104385,-0.12806389033499982,0.13568750529450069,-0.056218293202670612,0.98915539952847398,-18.032850634718404,-11.001033081046321,-3.3882115257070353,0.1408683473708859,0.1726727421538497,0.8775510204081632,True,4
0.90816039819550021,0.41843664569011402,-0.012468548151160089,-0.41793057872941275,0.90454575123850367,-0.084445339002635122,-0.024056652142182621,0.081900900239116933,0.99635009912567052,-21.470480948135023,2.9912035893547255,-2.1309007839101053,0.2619193312030871,0.2272317826343799,0.925,True,5
0.19430000157672644,-0.93613288382655147,-0.29309168054700835,0.97127685623418414,0.22543711178705772,-0.076153641888949131,0.13736367034672883,-0.26987651333099572,0.9530466355961712,12.061721019110221,-3.1654188987683334,-2.1757701753689989,,0.478957186463911,0.2,False,3
-0.24020776065372088,0.97067141785155264,-0.0098605419619766065,-0.96166289532086924,-0.23933839298983955,-0.13387161537878844,-0.13230535697699447,-0.022674483612647615,0.99094962551488586,-12.626557337666837,-6.6846340284440364,-2.7942243055478424,0.3098771401939169,0.264881788081608,0.8865979381443299,True,5
0.84309766399196229,0.53735352054017638,-0.020917048892592164,-0.53620978770805905,0.83707856384534596,-0.10852898929176275,-0.040809221229701848,0.10271646369346979,0.9938731989287839,3.757692928975525,11.471647297918485,-1.0800817784360464,0.2988069579126484,0.2365925228560881,0.9824561403508771,True,5
0.91483518217246484,0.40347147569335107,-0.01695163004856081,-0.40318560144426935,0.9102103506779976,-0.094649291104895089,-0.022758740024357356,0.09342315462703106,0.99536634157079973,-6.2952777624853944,-7.3133530415471446,-2.846694039932224,0.2514637127282242,0.222769445572628,0.9967532467532467,True,5
-0.99785932467931238,-0.065286170930038634,0.0038057897788051874,0.063101623234080875,-0.97648639420812833,-0.20613710745916652,0.017174204370822531,-0.20545568332782049,0.97851571724348296,-5.7781992252318108,-14.723427911002606,-3.6299897389619828,,0.2951441785595603,0.8028169014084507,False,4
0.93332856324811497,-0.35684409694341623,-0.039497892372218756,0.3508370484217766,0.92987022085363724,-0.11070111934530677,0.076230954866809586,0.089463192689763021,0.99306856695489509,5.0102097043769929,-4.3019185850622366,-2.4014251328625722,0.2865047967198439,0.2363205604103765,0.988976377952756,True,5
0.75741248633079383,-0.65143295636666831,-0.04428802219097551,0.64430036062252793,0.7566685746054933,-0.11103924309077298,0.10584597702268123,0.055567720520767708,0.99282871512876836,-5.5453600076406824,-8.1987648657540184,-2.9501046108168421,0.2330651613953922,0.203108133903353,0.9498069498069498,True,5
-0.37246157411937486,0.90706413784694173,0.19623207086636163,-0.91501277805934622,-0.32361256795799492,-0.24088694827189883,-0.15499674768405225,-0.26927598424593213,0.9505085231157846,-5.083760585122989,-2.3427634487217603,-2.3296028453130617,,0.5361905256131976,0.3831168831168831,False,4
0.98102806669442777,0.19386413843468792,-0.00079258234222912005,-0.1937447188891262,0.98055181568537364,0.031322845635251284,0.006849544537153647,-0.030575032053826934,0.99950900503924467,10.387216691937255,-4.0808269211980415,-2.2770563918460169,,0.4817693356499658,0.6075949367088608,False,1
0.99077346729611082,0.13259048882107707,-0.028065971856191863,-0.1343144672109845,0.9882690321323967,-0.072690742367420569,0.018098629778910552,0.075789724912320389,0.99695955645043233,10.135658791985321,-22.112610641465661,-4.1016933162296114,,0.292524037092659,0.6511627906976745,True,4
0.9849669854429044,-0.1678386229790412,-0.040868499165225211,0.16395482568359959,0.98281813854612821,-0.084778073107290894,0.054395337323884775,0.076803015443561551,0.99556137133589051,-15.6493182047091,8.16947562076904,-1.6914084684291963,0.3206450770860558,0.2600368103811835,0.9295774647887324,True,5
-0.99310531285499271,0.11705178063024527,0.006381083801103641,-0.11189380753738035,-0.9303004835948856,-0.34931473781950578,-0.0349515867161342,-0.34762032574982066,0.9369837222233981,-8.6155851114872686,9.2358436035537892,-1.4717279487078851,,0.4487115084696031,0.1666666666666667,False,4
0.99623462949928243,0.081682537740391858,-0.029060729769179793,-0.084098442203553767,0.99192494952765153,-0.0949333793957714,0.021071663564212355,0.097019882152347553,0.99505935876297436,9.8137771979862372,-3.0002448166518065,-2.1776437622359492,0.2489698485541688,0.2311053174353577,0.9532163742690059,True,5
0.86227076405797753,-0.50368821691743837,-0.052794976933462523,0.49796015066295268,0.86220585998389232,-0.092934080730200569,0.092329939903601735,0.053844546130221653,0.99427156604693745,-13.439924423906705,-1.1806910399918107,-2.2754876544363443,0.2441373840878973,0.2082061943895704,0.918918918918919,True,5
0.99665859875938467,-0.07504449927499611,-0.032248420853522197,0.071494842878178408,0.99242931650508437,-0.099862601523674183,0.03949841719367192,0.097223324721059892,0.99447850664022852,-4.273387037604631,-9.8859776748011576,-3.0871339729486791,0.1192530101327142,0.1552799178254608,0.9207317073170732,True,5
-0.5616110897177623,-0.77170752710185087,-0.29843001946917858,0.8216785149136302,-0.47783675808546527,-0.31067096863354271,0.097146291927993206,-0.4196897964410371,0.90245391723229973,9.2490134841602369,-5.7873194281051781,-2.4194334165424003,,0.3784722619262187,0.2898550724637681,False,4
-0.85129090871591717,0.51814904949219498,0.082615684031330239,-0.52005159790238553,-0.81233487343261979,-0.26392875728951226,-0.069642833492076978,-0.26764457012154341,0.96099753372610208,-7.8762084736849589,11.363208044679961,-1.2697485668227706,,0.3503349684905082,0.1886792452830189,False,3
0.28998319435469178,0.95703152185516083,-0.00064278102324102568,-0.95046578666013792,0.28791508849168235,-0.11713108130360531,-0.11191307064134275,0.034576986485543554,0.99311625534234649,-9.4148560338538658,-1.8620499659245446,-2.2762661682064405,0.1275669758968019,0.120300229852913,0.7553191489361702,True,5
0.90959210621953857,0.41549814492607684,0.0018686535510394828,-0.41469863297222831,0.90810307588943451,-0.05808482909602352,-0.025831068775216622,0.052058573963739127,0.99830990216605264,13.453490747265482,17.785622688148468,-0.28687195740447408,0.2987328291911849,0.2429893682163026,0.8620689655172413,True,2
-0.54335297612837308,0.83936253946981521,-0.015429538788437933,-0.83051196964792662,-0.54012493918566185,-0.13606953494889196,-0.12254554909894652,-0.061119370124939419,0.99057912909144696,12.004712706893013,4.4087179005032429,-1.4945134312961672,0.2359786896077191,0.2276780042983148,0.9101123595505618,True,5
0.99967463766319087,-0.024305821942227138,0.0077360088341423237,0.024695298490930263,0.9981794047490361,-0.055027431044020886,-0.0063844377523033166,0.055200570237755354,0.99845487429328272,-6.7990291575151147,-4.1916055633836562,-2.5363247577440617,,0.3750276573162575,0.8787878787878788,False,8
0.63614626860408252,0.7715119765681816,0.0093378237807394161,-0.76750004943294281,0.63398675712467045,-0.094891864303397355,-0.079130266406306396,0.053198325184177525,0.99544379004344874,-17.969589963811831,-9.146584778878097,-3.1256083787516213,0.1578116801028978,0.1912366997181364,0.9272727272727272,True,2
-0.25626316104230995,-0.90873001086825378,-0.32945251500024192,0.96065358801475464,-0.20166508150906251,-0.19098659307479898,0.10711618050966347,-0.36543256867351709,0.92465407673664346,14.115260061407698,-5.7015649311711449,-2.3571015936315165,,0.2984216340597702,0.2142857142857143,False,4
0.80212326954647239,-0.58995006256055049,-0.092505049250726751,0.58842687171605146,0.8072473301158829,-0.045886432234803723,0.10174515759749035,-0.017625881696541085,0.99465433754640675,-12.029662251643401,11.200560242548143,-1.2844800580209419,,0.1426785638051037,0.3703703703703703,False,1
0.97562698783907675,0.21778090660863142,-0.026897161872109797,-0.21936269159854452,0.971107794238391,-0.093966278547627416,0.005655982204156005,0.09757627112249706,0.99521197801229122,-11.835626960008172,1.3741630754256871,-2.038760747478821,0.2792204530899608,0.2510912052468444,0.9454545454545454,True,5
0.92708664430099041,-0.3725311692043648,-0.041603869170517532,0.36700462579609611,0.92466678900309518,-0.10148366350784162,0.076275543937725857,0.078815336616260251,0.99396689286468176,-5.6327589675135208,-18.955419044912624,-4.0966883453232708,,0.2641515845570515,0.9142857142857143,True,3
0.98775527414518505,0.15406991031156625,-0.024535303848880374,-0.15555655679822059,0.98461926343550765,-0.079542841970855094,0.01190277427547424,0.082385489063939055,0.9965294552376478,3.8182862149941128,4.3559192898634969,-1.6615070603307278,0.3054147479015241,0.2671987691910566,0.8592375366568915,True,5
0.99825060477797178,0.046966237296643253,-0.035915214249816127,-0.0440092741689177,0.99589425624811212,0.079106347148288597,0.039483083055149366,-0.07738735637179972,0.99621899360845645,-8.3270237430424121,0.84486401924957644,-2.0916270323648907,,0.6022429344684375,0.3258145363408521,False,5
0.046635848462708816,-0.99779480554850863,-0.047229478703214881,0.99082583497562893,0.052210408714828661,-0.12465246875484855,0.1268434562088688,-0.040982914028222898,0.99107574805094723,-2.5933657041338605,-16.33880900696176,-3.7445240390132044,0.2055023192465026,0.1758386986142633,0.8939393939393939,True,5
0.41843870021182844,0.90822116403217756,-0.0065856942741493625,-0.90233046132327743,0.41487669526447579,-0.11694899013907319,-0.10348329688001541,0.054878455977406954,0.99311608703936494,-11.300525788262265,14.827814252041783,-0.95815814220900997,,0.2269719572899613,0.95,False,5
0.98377926651672276,-0.17530065911895568,-0.038053037779917864,0.1712152077641953,0.98089673664290478,-0.092341456960369883,0.053513618846828113,0.084328352028010742,0.99500001087545575,7.9742990248186452,12.736412836267908,-0.84391909086746575,0.2662531747885859,0.2341457588502404,0.9038461538461539,True,5
0.7938658025605797,-0.60610955477759332,-0.049074383665557067,0.59921490697818847,0.79346378041922483,-0.10656793334747983,0.10353058861982561,0.05519453569095073,0.99309364132990652,-12.199387400586705,8.425667398944805,-1.5202427235458897,,0.2191874895978366,0.7808219178082192,True,5
0.98100779410759764,-0.1902001260658007,-0.038047601037396281,0.18731855729056873,0.97989239224882252,-0.068721595641118946,0.05035341095424678,0.06028939921275607,0.99691008739396358,-3.8267472781251151,-18.112530793253597,-3.9544108280010799,,0.1646943367944642,0.5581395348837209,True,4
0.85317714057706751,-0.51952506578088953,-0.046716943629679021,0.51393274090758367,0.85254393960439245,-0.095089267885697284,0.08922950532169649,0.057118622787860035,0.99437194163495035,8.5174453040987519,-16.338982543004544,-3.5062518868353583,,0.3019893367958866,1.0,True,5
-0.41899649629666647,-0.85142570142206075,-0.31546190110545824,0.90326843918402944,-0.35547643789565941,-0.24029695977074012,0.092455734625630087,-0.38563036324823502,0.91800934639897303,9.3852822304353847,-6.4671598491254061,-2.4611743288782644,,0.4239912879717075,0.5,False,5
-0.41332362934334915,0.87688089173324157,0.24544547080676996,-0.9045608593928709,-0.36444046731001739,-0.22125279081016574,-0.10456208242414002,-0.31346937250706214,0.94382398963957082,11.702910987496105,-2.8541764984038074,-2.1552892068117968,,0.3596619351461065,0.5964912280701754,False,2
0.84040475883915655,-0.54014442303164212,-0.044315274887047215,0.53620092260226537,0.84057913829366893,-0.076910876122644939,0.078793476385925335,0.040874375020151898,0.99605264597095144,11.523511358112689,-5.9053894836649858,-2.427567790528244,,0.1766064496004418,0.937984496124031,True,6
-0.27376685260138439,0.96077924356915889,0.044214879208319485,-0.95270038655003808,-0.26458378123322546,-0.1495238983431606,-0.13196091801794621,-0.083058219551125662,0.98776902577518488,-19.252994157132797,8.3120239228179233,-1.7744293183977853,,0.1539842486521452,0.1904761904761905,False,2
0.95691284497795126,0.2897390144235813,-0.019212252263988289,-0.29026906625011573,0.95267733167636981,-0.090276081484950199,-0.0078534256531226955,0.091963064492454602,0.99573144897340038,-9.1697254991309283,-14.72385313174768,-3.6747330574075288,0.1525353636952305,0.1709090408590751,0.92,True,5
0.16129657532310071,0.95698857040642593,0.24115615459802156,-0.97904804817440461,0.18593589278700354,-0.083022666419410515,-0.12429132775430501,-0.2227121906967949,0.966928614717812,6.9516774695083772,-5.4064661774511,-2.5016438551712676,,0.2874427314584221,0.3855421686746988,False,4
0.96012720223883252,-0.27629021183165042,-0.042655297057395528,0.27164072061279615,0.95806095897682697,-0.091271670245285597,0.066083843910548251,0.076045497765647507,0.99491206035688529,-24.095947502127338,2.5083853920510122,-2.1836829520306424,0.2546984540309539,0.2768038688743308,0.9333333333333333,True,1
0.96695322648088855,0.25452700765025138,-0.014746530941444664,-0.2524977072808875,0.96404396229403344,0.082850145336709161,0.035303903694822919,-0.076388750094680033,0.99645290568238998,-10.008057985169705,7.4233585980350663,-1.6072697814358683,,0.371409771071977,0.2258064516129032,False,3
0.78372030725434261,-0.61769834410028313,-0.065047949183100251,0.61530075586716748,0.78641070529510093,-0.054435121259659686,0.084778887858071708,0.0026378576590771786,0.99639629760478288,-19.575151903574,-12.651712814903135,-3.6262265083102805,0.5598177885580294,0.3019177183113358,0.7619047619047619,True,4
0.78506671302562503,0.61941121331562965,-7.0128470399184045e-05,-0.61709484258414249,0.78212105921357056,-0.086490484972025175,-0.053518327283229625,0.067944076662381586,0.99625267432077869,-18.542462312079987,-1.9850799972462512,-2.3944297735596987,0.1928375677105894,0.1824835806320362,0.9,True,4
-0.94343472179000376,0.33152342435787097,0.0048109066763270605,-0.32387204273834103,-0.91836051740402114,-0.22742220649248837,-0.070977641926958435,-0.2161161242837952,0.97378436790238077,3.1170447257713167,22.195456605626372,-0.089842726745882034,,0.1812486252526731,0.2,False,4
0.99077573223215953,0.1332344112936617,-0.024739443547934153,-0.13501501170859079,0.98617180612874467,-0.096104710655098027,0.011592887179606668,0.098558411330552834,0.99506373892471867,-17.079835143901573,-6.6382457059238131,-2.8317412177570112,0.1578627573637603,0.1445987409120347,0.6470588235294118,True,4
0.99915596423541875,0.0033137171587162284,-0.040943600371519562,-0.0067188609390138867,0.99650091372534111,-0.08331137888813471,0.040524264835686545,0.083516155461995339,0.99568209571949984,28.895705585138948,6.9100033920344863,-1.3110559462068703,0.3391154171080732,0.2644376814719195,0.4230769230769231,True,2
0.99743299670192209,0.065341976069905161,-0.029288961291010607,-0.06771768746679134,0.99370764022358149,-0.089215696855617019,0.023275134680090313,0.090970060594479804,0.9955815969477656,-20.58829126823958,5.5067114647824242,-1.9116227010151512,0.180981469445873,0.2324057401853501,0.9245283018867925,True,3
0.77694356382691565,0.62954832591804344,-0.0052539472513967629,-0.62679509807853429,0.7727091481113828,-0.10024209420049715,-0.059047469485592849,0.081175598296346296,0.9949492040242951,-22.187201481465888,-6.6780290367380264,-3.0274056621384888,0.3872570255046499,0.2377224134238128,0.8918918918918919,True,2
0.77471599363324883,0.63230860007743162,0.00098156862611172707,-0.6299383408807776,0.77194435691670182,-0.085320551526779143,-0.054706634855585502,0.065480868141611998,0.99635306995572603,3.3521296969718235,25.912164335752301,0.24495211295339331,,0.1952501874690486,0.5,False,2
0.99913976746422439,0.027750273677773794,-0.03081634927022469,-0.030124084995012929,0.9963838710751991,-0.079446340157457648,0.028500255696204894,0.080306312155458137,0.99636270085408229,-20.794012115679333,7.5062243295988385,-1.7810520903718667,,0.09502867431597439,0.391304347826087,False,1
0.99442301476890993,0.10099936839004005,-0.030364375223704321,-0.10318792725403618,0.99125983252342176,-0.082196083207496107,0.021797233010835207,0.084870913807092274,0.99615350655540091,15.603922066250133,-8.5928668288175967,-2.6065303687959971,0.09430087449615761,0.2865131071010454,0.9411764705882353,True,3
0.78645308228058208,0.61722758094363561,-0.022839936379937222,-0.61527137855530023,0.7796463178792068,-0.11658794855410493,-0.05415422515401782,0.10574371063974507,0.99291771439435306,26.739289750824462,-1.6157104262936084,-1.7936420917639255,,0.2892856114193531,0.9591836734693877,True,3
0.70207548976755041,0.71209995436358631,0.0019135472383376463,-0.70880059027965947,0.69907600200810249,-0.094310479988037738,-0.068496203448520296,0.064856753015752583,0.99554099448560818,-22.064384566235042,4.7908671737996631,-1.9717853431572514,,0.2002553685643867,0.7428571428571429,False,1
0.98725151843819969,0.15814398004295774,-0.018025562893905854,-0.15901604661257049,0.98491069992412761,-0.068299415039033112,0.0069524284374846632,0.070295054955081371,0.99750201452813347,-16.574169883850139,-5.0689051622993251,-2.6999534045341882,0.1692507113358409,0.1619420225785818,0.3225806451612903,True,3
0.92657025884253463,-0.3741922504381745,-0.03804885202596793,0.37115497253477897,0.92602983431271102,-0.068649343226876422,0.060922424370563458,0.049486419094418865,0.99691501770914548,22.210393596768668,9.4242596518821422,-1.09384045345072,,0.2479378894473728,0.851063829787234,False,2
-0.54618584778400481,0.83731891831595673,-0.02404264358726995,-0.82793686210978745,-0.54398234406719637,-0.13639560734480011,-0.1272853960211712,-0.054591559543165594,0.9903626555895465,11.074704008923066,26.363278766146703,0.52639808138127608,,0.333345034987417,0.7924528301886793,False,2
0.14854798486253645,-0.95759557250550731,-0.24686882288197037,0.98040739454682369,0.17526509438520887,-0.089908216576976924,0.12936319766915327,-0.22867633504145946,0.96486905685736368,-10.734383605199362,10.421470426443546,-1.3715751044602884,,0.2525163303307092,0.1728395061728395,False,2
0.33222573284685997,0.93530392887392455,0.12178925678140598,-0.93678342881564114,0.342239149767044,-0.072864064278220453,-0.10983109728477036,-0.089882840407561587,0.98987787381549852,-10.801770774431894,25.420039535294187,0.089830385431284854,,0.2297031794232856,0.1612903225806452,False,1
0.040513960089293824,0.99243167444788205,0.11592234724355792,-0.99116629587797966,0.05458104153388503,-0.12087300699743142,-0.12628536317961753,-0.11000127934551134,0.9858761208128245,-24.562484776560332,8.3250010189389911,-1.8167871000290663,,0.1778589744590776,0.32,False,1
0.43360152273569302,-0.89754291318816115,-0.080040230303254925,0.89184303238610318,0.44015104199023874,-0.10432193354835623,0.12886320291552972,-0.026149172465237899,0.99131755543505584,19.940083354041178,-3.387963212503887,-2.0172914093671857,,0.2766148033259918,0.9090909090909091,True,1
