axis_00,axis_01,axis_02,axis_10,axis_11,axis_12,axis_20,axis_21,axis_22,location_x,location_y,location_z,dbh,dbh_approximation,score,reconstructed,number_clusters
-0.9312471279935034,0.36291394433574242,-0.032745314329309931,-0.34894894422505662,-0.91406267921168938,-0.20669797482454089,-0.10494484707726205,-0.18106045255389683,0.97785668254244085,1.2333007317898541,-0.42906933153754312,-3.4845845896741543,,0.2339603026670844,0.9751332149200711,False,5
-0.37761741578944924,0.92589109465488661,-0.011435389423770041,-0.90370251322416795,-0.3712033323296296,-0.21337725665988994,-0.20180895640387275,-0.070240778086191683,0.97690295229824409,12.286536424822552,-16.911011614512034,-7.3087543600297717,,0.2517079129378225,0.9726027397260274,True,5
-0.6799361601919951,0.73318405961303301,-0.011311622019720203,-0.71363480258588163,-0.66519526358511516,-0.21963749643933306,-0.16855914867361635,-0.14126710881617408,0.97551597494102771,-8.6704172019218468,6.1594047591787495,-2.097975887068861,0.3564989258759871,0.2850832149891452,1.0,True,5
0.92629747567035647,-0.36210853666715642,-0.10416522567295133,0.35806964173713046,0.93202451494947136,-0.055825040971291928,0.11729926782793319,0.014412189492720901,0.99299202945494858,-1.6479097216470855,-12.847071929930042,-6.0710535794057057,,0.2030490884546952,0.1935483870967742,False,2
-0.44775110497919313,0.89415425524908076,-0.0026675475393491792,-0.87363887906371496,-0.43810950975070412,-0.21169592923411265,-0.19045749388829097,-0.092456612992044759,0.97733193835862742,-8.4703847298600738,-6.143175996462225,-4.4821517558872772,0.2397484377263986,0.2167265087274426,0.9830508474576272,True,5
-0.98582897546075321,-0.15347991931739202,-0.067713702515287466,0.16765886917146824,-0.9149945335507248,-0.36698161692438569,-0.0056333586914472066,-0.37313391421662395,0.92776039327578275,-18.477498087514576,-1.6834791112773293,-3.5272659992207713,,0.1912306381373033,0.375,False,1
-0.98058245184115878,-0.15729669472581015,-0.11711449512983943,0.1906657209418523,-0.90440137574451485,-0.38171289526180929,-0.045876333756149135,-0.39663068638188415,0.91683120617774039,-4.8929924202038846,11.935098538153111,-0.96473602297721339,,0.3616286942796118,0.3461538461538461,False,5
-0.8288670055080235,0.5592433655475364,-0.015044775545915205,-0.54236396005062171,-0.80986293394403353,-0.22352486005312683,-0.13718900108379706,-0.17711263736567992,0.97458211130053229,17.558305519809334,3.5776565413998003,-3.0867028909659364,0.2399937833753024,0.2539523632836095,1.0,True,5
0.92064604885756718,0.39017234711089399,0.013281275274842026,-0.3873002386690334,0.91708875730911443,-0.094587189112130127,-0.049085413819786955,0.081937480844850641,0.99542798402643884,-4.6279253015497339,-7.8049164656129708,-4.9298264720975125,,0.2329422218700149,0.1785714285714286,False,2
0.70399933128863623,0.7100191732486566,-0.01605350941220406,-0.7013178572822224,0.69145258863567938,-0.17333949557469835,-0.11197412469953075,0.13328950179332405,0.98473128522935738,-2.5555437360917064,4.0736106204184761,-2.5880259004452353,,0.2943107577741988,0.9834368530020704,False,5
0.99654646303407457,-0.070710584599304044,-0.04353343818148489,0.062301897920767964,0.98330328846705273,-0.17097694699973812,0.054896452797486922,0.16767425597123051,0.98431281783523916,-16.598003389658906,-7.4513211141709856,-4.7552674071650989,0.1880307248540376,0.1060158909854531,0.4137931034482759,True,4
0.99495994726666437,0.099809557017801864,-0.0096309741473448278,-0.10027312719663874,0.99041485052824274,-0.094993283001092069,5.7422324578230294e-05,0.095480239741158088,0.99543132385998778,-16.319116265412585,9.537917187297138,-1.4250531489843485,,0.1340451321090585,0.1333333333333333,False,2
-0.63844435977621605,0.76953403904041073,-0.014358350465493327,-0.75047701223973362,-0.62655688709069945,-0.21026345697466295,-0.1708012106797287,-0.12346590621448816,0.97753931707782227,-13.958929152918643,3.3362545948384823,-2.5719245849881589,0.2540796620320548,0.2529688299429229,1.0,True,5
-0.41170714991332846,0.91117225483165953,-0.016197059462589539,-0.8906197727537386,-0.4060598310422584,-0.20472379928580153,-0.19311562104170829,-0.069860830505535335,0.97868576227037929,-10.223573651959029,-20.388079761856257,-7.5096552098892442,,0.1086666350393577,0.5789473684210527,False,1
-0.36819511209673905,-0.9248307442997824,-0.095501067145766325,0.91347199239732579,-0.34070008594204976,-0.2224688080265185,0.1732087715265305,-0.16914947779106587,0.97025108896062573,-8.8492881216029353,-6.6791666211958827,-4.6088046857078604,,0.122747051941625,0.21875,False,4
0.9600153607084313,0.27987181687948021,0.0065017936324065842,-0.27984712431685715,0.96003422513608982,-0.0044579792431608534,-0.0074896071622766701,0.0024602203002231206,0.99996892606751953,-3.5744260949497897,-7.0419975025055654,-4.7962366427667904,,0.313785795038008,0.2838709677419355,False,2
-0.76073608330648501,0.64902916247663112,-0.0064620283496725356,-0.63104575531282714,-0.74191356955377097,-0.22659547659573048,-0.1518613389153832,-0.16830151979963026,0.97396752110938623,-10.668536892050211,13.881191631741469,-0.58773112014275197,,0.3325273251766093,1.0,True,5
0.50518760580094957,0.86292814449449373,-0.011853285805894098,-0.85013216708834971,0.49523867589882226,-0.1789244320255044,-0.14852872256493829,0.10046726498354158,0.98379141449799001,1.7702688860682099,-16.108132763730495,-6.7880149276477821,,0.2600729398569831,0.9903846153846154,True,3
-0.68877921410562626,0.72446989624498814,-0.026954844663083344,-0.70550201666594825,-0.67837726115082986,-0.20511264230606957,-0.16688348838730227,-0.12226062730198041,0.97836712961720562,-11.648709914012205,-4.8860573590448624,-4.1582760871727018,0.1566338486544208,0.1673150593755763,0.8518518518518519,True,5
-0.56564723255471638,-0.8032795519890521,-0.18650782734099725,0.81122983402112447,-0.50139327081386564,-0.30085036874937288,0.14815317984184695,-0.32147589231362622,0.93525605369006193,-13.440252351006418,1.1125382773489458,-2.9521778288786185,0.5501954309984511,0.2715951774824427,0.24,True,8
-0.72443707936634083,0.68932295149934741,0.0049786117938191814,-0.67020952127971134,-0.70262356424221173,-0.23903833282047038,-0.16127651913773849,-0.1765049447120341,0.9709973681050923,-5.4354902617809948,-0.25695063023615605,-3.4187403441792759,0.149242757954141,0.1273665320377814,0.3212435233160622,True,4
-0.24153226884257822,0.97037949619744546,0.0050790222828440701,-0.95001363281101292,-0.23538960147114807,-0.20509956848437538,-0.1978288669051598,-0.054363304524717687,0.97872793489313192,4.0923805787611869,1.2998200258464991,-3.2004522869225105,,0.2589821281265032,0.9418604651162791,False,5
-0.96104089016962357,0.2729875016071302,0.043338566984553649,-0.26191951785797057,-0.84931406296013978,-0.45832716330497769,-0.088309532820787601,-0.45182236158078393,0.88772629790298418,-3.581031603564961,-9.0302442587291232,-5.1829721102189161,,0.08829900187977477,0.2321428571428572,False,5
-0.15591759312123463,-0.98021748031983069,-0.12191552579849546,0.96878143769313629,-0.12766641487114577,-0.212517793361329,0.19274913783594774,-0.15124476119651534,0.96952193996531499,-7.8176370972718834,-6.9368604090932919,-4.6745279086082574,,0.2713133420084808,0.6326530612244898,False,6
-0.87983934978670242,0.47386585661192276,0.036522164562937227,-0.4583316393505158,-0.8256381038042383,-0.32901949777606093,-0.12575701545910783,-0.30622356454719707,0.94361660730342567,14.835000493946497,-2.8119832643469933,-4.2900844756397305,,0.2531862187913134,0.4347826086956522,False,1
-0.89305715395884799,-0.41943519222903353,-0.1628589551812169,0.44675133861677579,-0.78356119915219447,-0.4317928769992575,0.053499170152843251,-0.45837317406559758,0.88714816805874541,8.7225023831758364,13.019464728476633,-0.85405196089736612,,0.1711287378709196,0.5789473684210527,False,2
-0.83185020621751748,-0.52814795904897216,-0.17054315514930354,0.5451403043371551,-0.71987548810663449,-0.42965256918867489,0.10415029046079552,-0.45037652578219523,0.88674331236344373,-8.7856935244589582,-1.0072922271527176,-3.4518854060383646,,0.2984838993569209,0.5,False,5
-0.76477762190055043,0.64404758667528794,0.017829614069710498,-0.62473055384350284,-0.73450380978579055,-0.26498280794147344,-0.15756561850393472,-0.21379162637459667,0.96408828245009615,12.708267216935891,-0.051125749095034423,-3.6921803272719163,0.395846058913177,0.3213565634037589,0.98125,True,5
0.53928662478441614,0.83620060754501579,0.099691926804427705,-0.82533541630631879,0.54833906301539082,-0.13470605985581915,-0.16730626682557004,-0.0096341015538591798,0.98585789907478127,-4.4315449955918673,-0.49966135085992924,-3.4923368792571483,,0.6079798184918611,0.6025280898876404,False,5
-0.20951603903730207,-0.96206844287686988,-0.17472075036066831,0.96154297002290112,-0.17026240961788003,-0.21551294316270531,0.17758982568170376,-0.21315492743914818,0.96074285358921807,-12.618322851321141,-2.6931435214186328,-3.7123810608010399,,0.2341543805041991,0.3114754098360656,False,5
-0.25644037505610462,0.96522875596888447,0.050712746837905914,-0.95358196679840113,-0.24407963572781477,-0.17637053047454296,-0.15785995894456223,-0.093587285855175575,0.98301660885678044,4.7935558188500043,-3.7592278770036831,-4.2641993887337,,0.3667783587949823,0.9183673469387755,True,9
-0.98852974829826423,0.14934102738285365,-0.022498761512732769,-0.1314815477747103,-0.92429477837061302,-0.35831796671613975,-0.074307061065148006,-0.35124979746194285,0.93332847404266372,5.2165340243783875,12.181902757340968,-1.0182328276022252,,0.1989865958869962,0.2307692307692308,False,6
-0.75986702257303773,-0.61543782526513302,-0.20937619549249445,0.64035182190963669,-0.65310565239246787,-0.404230814003607,0.11203415632295584,-0.44123609331732322,0.89037018018971792,11.255700983169991,-12.347734212559086,-6.2456505499910593,,0.283960812002618,0.3783783783783784,False,3
0.81515140142575371,0.57090111996231641,0.097980120327569031,-0.57144678267852378,0.82025261972272201,-0.025183613806961685,-0.094745803706528797,-0.035461966439934101,0.99486968072015314,11.014922607847359,0.17852299852221842,-3.6308919713438712,,0.4777008012256673,0.4905660377358491,False,5
0.0097337702457218379,0.99979560163992842,-0.017720289451835763,-0.98094617386219773,0.0061085627971754772,-0.19418364875979607,-0.19403571243953618,0.019272789160012748,0.98080512941974118,4.50285503290739,7.987310924290993,-1.8603024862391813,0.3192940090899511,0.2795777702426123,0.9851485148514851,True,5
-0.31745427019133704,0.93766437649835443,0.14145071008389265,-0.92790228388699181,-0.2764064520737175,-0.25019357467633629,-0.19549971328518465,-0.21067745559971884,0.9578073249915342,8.7502146138144052,-15.265543629711848,-6.7942635901014645,,0.2275523100401649,0.2285714285714286,False,2
-0.23857919863442695,0.97082394805180716,-0.024100370703697561,-0.95050884598012664,-0.23852911742063257,-0.19908991399882858,-0.19902989647910069,-0.024591096592772695,0.97968483619778568,-0.36943449113292209,-5.3558960407490606,-4.4856778023633019,,0.2875827009969085,0.9865470852017937,True,5
0.98821768089279804,-0.12661911838315046,-0.085984963980535067,0.12695379855435832,0.99190736203703045,-0.0015868740841328832,0.08549004739429962,-0.0093479407685979378,0.99629517102107223,1.6166512250931235,0.355511945370521,-3.3448403786727057,,0.4927103906528599,0.4341085271317829,False,5
0.69883808702265371,-0.69416328728674659,-0.17251857497027931,0.69776076709744816,0.71464967712933902,-0.049048454394732127,0.15733798024030507,-0.086099765169188214,0.98378432108451097,11.45254132492979,0.60930925262858893,-3.5356372919883325,,0.2778132844614859,0.3695652173913043,False,4
-0.74181879670702999,0.67026285854409973,-0.021273770432715111,-0.65134431776720669,-0.72770264360491033,-0.21494055504439985,-0.15954764982444586,-0.14559039441774502,0.9763954037626249,-3.8027394179511882,-6.0759582402769894,-4.5988990133215202,,0.2062829691653922,0.8787878787878788,True,5
-0.14262435811451973,0.9888046254322107,0.04386006379711252,-0.96998222530270073,-0.13081669832598339,-0.20499139990718893,-0.1969588156677472,-0.071780249114601291,0.97778055859574364,-24.888968144176189,8.8203284956847838,-1.6856016643258944,,0.2736999347357261,0.3333333333333333,True,5
-0.7061257797021695,0.70786473901977243,-0.017717067829463414,-0.68853202675145586,-0.6922501258979652,-0.21613285574337135,-0.16525746995986845,-0.14041821266033114,0.97620320332179933,-8.6373111598626338,1.7116396944291288,-2.9086574540697301,0.3308824238675523,0.2808645761619114,0.9849397590361446,True,5
-0.50026928983628083,-0.85345869351987147,-0.14607839026378211,0.8528477310073731,-0.45653361433344097,-0.2534320553900411,0.14960409540610478,-0.25136689805740092,0.95626005730592012,-15.885856896558886,-5.5686841879764142,-4.3624146529122774,,0.154631049824596,0.2,False,1
-0.36787260515923748,0.92981188952755134,-0.010936016942276538,-0.91128326669181325,-0.36283210461226767,-0.1947194692631726,-0.18502041568663394,-0.061666149189312576,0.98079800765667779,-12.312949786628288,10.506363297817343,-1.2453186643786807,,0.2720203264675129,1.0,True,6
-0.76178151094661084,0.64761999655444558,0.016651415637090661,-0.62981865313508112,-0.73433335188093019,-0.25314618795950844,-0.15171484351576059,-0.20332945772351393,0.96728472430761059,-15.27319559674457,-3.8592006628085396,-3.9447817270016148,0.1611857232269826,0.177985409220479,0.7619047619047619,True,5
-0.26189817847086216,0.96502677798793168,-0.011517893899347594,-0.94458375689702301,-0.25876109547209902,-0.2020005487031806,-0.19791632150975116,-0.042023960264490616,0.97931767902133704,-9.9320467776791883,-15.790306005223103,-6.5518485923821368,0.1819955867342549,0.1609707435453986,0.8888888888888888,True,1
-0.9826992321637088,0.18508238454045278,-0.0068359372201039978,-0.17056629697616343,-0.91877560082725429,-0.3560316469927316,-0.072175878523897938,-0.34870604562774338,0.93444889443027623,-3.67508458159802,-8.7013602088864026,-5.0995676477930028,,0.08069584786968768,0.2592592592592592,False,5
0.26949239823404397,0.96299506528783241,-0.0037883407115002973,-0.94670592733478109,0.26420916015195162,-0.18423193762481088,-0.17641353248335373,0.053235551308156076,0.98287549650688788,-13.254136418478353,-8.184607042048361,-4.9372202954352646,0.1645354994717439,0.1495943918121974,0.9,True,5
0.95701402354395659,-0.27514905607437279,-0.091745058077190744,0.27026350358595153,0.96077282328323022,-0.062235204424949786,0.10527011622322713,0.034764622560163723,0.99383581322499925,-4.9693016231912424,14.160717542145738,-0.54441892046137119,,0.1758861082902626,0.5789473684210527,False,5
-0.30766252498629193,0.94117472596585017,0.1397637503867383,-0.92945488635313589,-0.26584314514510982,-0.25581445700670608,-0.20361086649130278,-0.20860862250267426,0.95656942124667443,-4.8090155728083079,-5.7164845153956572,-4.5323093006203719,,0.1562675512711113,0.3918918918918919,False,3
-0.33005242710391647,0.9439155900300924,0.0094209479859881165,-0.92348563288632879,-0.32080917824848726,-0.21037052313493265,-0.19554968988814272,-0.078133411865034655,0.97757633396833932,-1.9691517439415962,-13.739676439449624,-6.2061415733456773,,0.2451258482938697,0.97,True,5
0.28131010621829838,0.95958993826352867,-0.0071954515386890641,-0.94274171902084614,0.27495538562190686,-0.18877920207249341,-0.17917219470963827,0.059888949739533667,0.98199319668825913,17.992915482575395,-3.3655423442563515,-4.5137603366393817,0.2909534095042552,0.2826313177941576,0.9382716049382716,True,5
-0.5915068459172822,0.77773241093118772,0.21272505310882261,-0.78438521882903911,-0.4939500936251392,-0.3751708057541755,-0.18670693537067562,-0.38877448732508046,0.90221666925944766,0.90916992950402364,-8.8556271453017938,-5.2746021477427814,,0.3439799617276632,0.1475409836065574,False,4
0.50463611176935153,0.86330557988241285,0.006772772120936188,-0.8504461582268138,0.49843903072297036,-0.16822563600474227,-0.14860594421342871,0.079132852822563521,0.98572524820489338,-7.6341991623986374,-2.6098121557762584,-3.7785049080091184,0.2045074112216825,0.1840693430293596,0.749003984063745,True,5
-0.42202589797571466,-0.89142077462480618,-0.16511554743603671,0.89225974306978917,-0.37616294831945596,-0.24974784725528332,0.16052006832426191,-0.25272601543751816,0.95412937738351278,10.885972628575693,-8.2561536257515655,-5.3457727156417576,,0.1511105617077927,0.28,False,1
0.079893124006449948,0.95450447664999694,0.28729478378767381,-0.97892836917758685,0.12946811857839613,-0.15791533899872176,-0.18792641314035893,-0.26862466440534932,0.94473512315215291,13.564364491341012,16.806311787434861,-0.16568873516443777,,0.3831241324616695,0.3076923076923077,False,3
0.27852166291510871,-0.94071326607031713,-0.19360845623659959,0.94411127503592462,0.305171129006235,-0.12459728075323527,0.17629402609573358,-0.14808488464518132,0.97313477139735405,-6.2771417271432339,-4.1096489103202716,-4.1057180212358224,,0.1143259626215365,0.264957264957265,False,8
0.7445051456487588,0.65614173075091953,0.12324819377868031,-0.65986414081886002,0.75126373505058985,-0.013495038318716651,-0.10144655619540303,-0.071279938026233475,0.99228411590182586,-7.5848079322640913,-18.951310545031873,-7.2549289715272813,,0.4683732555801088,0.2941176470588235,False,2
0.50664673390471171,-0.85474091896296811,-0.11281422106290184,0.84153148874840267,0.51872440147182841,-0.15083019844378273,0.18744023172356994,-0.018519091987313024,0.98210142183146243,13.231817605311809,-22.304559349237312,-8.5003325028657919,,0.1674000286701469,0.3125,False,2
-0.94616630531949542,0.32185387602739018,-0.034342468813418722,-0.3078891109341822,-0.92766039440797798,-0.21130662084987689,-0.099868003115182707,-0.18935753254882712,0.97681631170901617,11.558315328245426,11.132156917714161,-1.352112275636032,0.2453402025945237,0.2199626434009955,0.953125,True,5
-0.77925042086001084,-0.62304606322829803,-0.06769331344540315,0.61984259792629681,-0.75024969655059781,-0.23004466223261316,0.092541533299794865,-0.22122159912960046,0.97082288224632773,-18.543567072365672,3.5756708085462221,-2.5238008883808645,0.304008299976065,0.2292890964267201,0.9642857142857143,True,5
-0.9341348975179502,0.35563187095235033,-0.03029794715915566,-0.34186303169269389,-0.91589350136154835,-0.21040142995132743,-0.10257514709230674,-0.1861855701353195,0.97714547160204224,11.853066949044436,-4.8053381797850587,-4.6839202801707858,0.2484891785025503,0.2275692232327891,0.9844961240310077,True,5
-0.48424032054538979,0.87487301626380809,0.010417167156397969,-0.85346152635553862,-0.46970051346890945,-0.22579825215868424,-0.19265184917091246,-0.11823126938551026,0.97411838703030273,0.87955657740605231,-13.946505498103903,-6.2943897379680127,,0.1123844051451679,0.2558139534883721,False,4
0.44881420274261552,0.88684567541759474,0.1098660976353462,-0.8783473254216434,0.46043102579910339,-0.12848831233318303,-0.16453506416917557,-0.038833213550957792,0.98560651082678508,-8.8508514680638211,-1.5603856228211961,-3.5130397977066963,,0.2045030168546715,0.1320754716981132,False,3
-0.21851524037765932,0.96245910245409882,0.16100796820637858,-0.94804156628363345,-0.17028522633362153,-0.26873803283306219,-0.2312320875682492,-0.21136560220565639,0.94966115213957836,14.920073157885634,2.2999455240915045,-3.2370935560360756,,0.2050578249758492,0.3333333333333333,False,5
0.80106831121493483,-0.58641307987858582,-0.12003857927584867,0.58576263751491842,0.80926618180238319,-0.044388956763580067,0.12317342756787707,-0.034755528168970901,0.99177636592272034,-5.0842308671418905,-5.0638046991230832,-4.3868390847986802,,0.1748094894408903,0.2272727272727273,False,5
-0.30632947228858243,0.95128531561985852,0.034907057931388832,-0.93109707983278911,-0.29179642239182857,-0.21889055668571658,-0.19804161768237485,-0.099554488423959753,0.97512482354844821,6.964087164205119,15.390191505600077,-0.39753946638714555,,0.1113744865536177,0.6190476190476191,False,5
0.95682630711550931,-0.26515421243907927,-0.11906578701502957,0.26428546032778316,0.96416255125915951,-0.023318880949992571,0.12098187248934658,-0.0091552375851093361,0.99261249647268257,-5.2500688864793013,-7.0264541479752252,-4.7247806877199556,0.7557862198165005,0.580011668021355,0.3575129533678756,True,8
-0.93657371495363118,0.34973692195164824,-0.022666316016066449,-0.32720256729713698,-0.89573534428636548,-0.30099281212405704,-0.1255713200221934,-0.27448547943374341,0.95335699775472937,-5.0032115465891991,-8.7841158362265492,-5.1010684680526373,,0.1289225481899462,0.1282051282051282,False,3
0.19218375102854199,0.98014591853774924,0.04877893207515531,-0.96247346254411581,0.19795677153609939,-0.18562852825292356,-0.19159916424384862,-0.011273640796024432,0.98140851090881731,-2.6579825915966664,-4.4014389779821084,-4.2886719521966414,,0.1375845424346002,0.2109704641350211,False,5
0.039311850670011618,0.9812143903518924,0.18887270465385617,-0.98181010426837934,0.073067955177783736,-0.17524266912670375,-0.1857511710687518,-0.17854801620993019,0.966238639443738,-10.942740989284056,-3.1527816948418756,-3.8457004854953638,,0.3090962494492585,0.2533333333333334,False,3
-0.83657132010383661,-0.53649146749031307,-0.11101951040161415,0.54273560538696375,-0.78390911632530302,-0.30153699605077983,0.074742819220106504,-0.31251144403393066,0.94696890567898673,-0.61355226188747158,-7.6674405127818481,-4.9890387103406999,,0.1699467343268002,0.2340425531914894,False,1
0.42555265963164102,0.90482081263069525,-0.01429093806449425,-0.89396815251055861,0.41789259889177216,-0.16182310739921296,-0.14044883829100741,0.081639897242750559,0.98671629711933806,-9.3032082984515352,-7.8778759761892232,-4.9053590735272934,,0.2370598123453723,0.9647887323943662,False,6
0.95813635211988257,-0.26865778261442697,-0.0989834662310001,0.28423345133054606,0.93411338246564013,0.21597114122800384,0.034439452538190238,-0.23506421365086533,0.97136951752130352,10.349482185283584,-8.660352113503718,-5.4283428896451751,,0.6118059613114737,0.2823529411764706,False,2
-0.60344698042630229,0.7973962301883587,0.0033157044157792886,-0.77301866671978192,-0.58396817984534366,-0.24783725674500245,-0.1956882283561015,-0.15211974562663252,0.96879600550030132,6.922976493510534,16.866353159368963,-0.050157249722103968,0.3173774987128294,0.2617666930932879,0.3333333333333333,True,4
-0.97522412449862383,0.21795757772162186,0.037847077953502194,-0.20734288453013358,-0.84093661328321057,-0.49983451328863882,-0.077115726221173603,-0.49529799793002371,0.8652936253179575,-6.7403605128017752,0.17693287210496333,-3.2712700815029012,,0.3465160519594024,0.3703703703703703,False,3
0.6365164530617875,0.77125418867219886,-0.0037123358184377939,-0.76102197577605346,0.62727546864815831,-0.1654419499949894,-0.12526913972544221,0.10813169233772803,0.98621254288547056,-17.094944307827785,11.567175760393996,-1.0468403186790842,,0.3134795649084003,0.9183673469387755,True,3
-0.56038097696339695,0.82817567353531707,-0.0099103189592798565,-0.80803192728395323,-0.54929926244406324,-0.21296648742980762,-0.18181739506254924,-0.11133451415771285,0.97700924295010461,13.196445544707535,8.6057557944627803,-1.8382821611006472,0.3488680281100426,0.3165293670093259,1.0,True,5
-0.0027462391867612334,0.99985502126114534,0.016804601429459873,-0.98098451011173304,0.00056758878343324791,-0.19408521005943571,-0.19406660993373243,-0.017018058110337637,0.98084072948006251,-13.274199987480303,-6.5374540177524132,-4.5646853636865359,0.1578827912470689,0.15273139187742,0.8360655737704918,True,5
0.97222377050370801,0.23192165225601466,-0.031516460499128873,-0.23391443457721023,0.95816021043663491,-0.16496377915302296,-0.0080608537995021899,0.16775386240222173,0.98579595469100978,9.8259606091769456,-14.711170601471066,-6.7515596725049578,,0.2137625658396308,0.5416666666666666,False,1
0.58169633557427303,0.81327965025144189,0.014338189089126589,-0.81136477462235168,0.58139443273532387,-0.06056167176021493,-0.057589718539714826,0.023595000980377104,0.9980614711766268,0.48963393193630872,-7.0015428401128883,-4.8624652261434065,,0.3569283515161187,0.654292343387471,False,9
0.56198281381340776,0.82714691766370263,0.0018148216995041433,-0.81612165198925135,0.55484639434231442,-0.16152686414237233,-0.13461339507159098,0.089294206333721177,0.98686664680823566,-3.8197304769458458,-17.236955885187481,-6.9794003650263061,0.1785887709968254,0.2000764161771973,0.8,True,5
-0.87538281997462697,-0.47236035763374262,-0.10286209714658662,0.47954296908077398,-0.82153030087091861,-0.3084258509855089,0.061183815657957372,-0.31931748666031784,0.94567059984672908,-9.2830651059010982,-5.2278974915659209,-4.27888564058299,,0.2193031741106226,0.2592592592592592,False,5
-0.99808485315302442,0.050080057403319507,-0.036312721696193942,-0.041489751442302686,-0.97735115009556139,-0.20751705937618323,-0.045882746558602541,-0.20561302793685679,0.97755718825594828,3.9885323425363652,-11.52630778992094,-5.8684861550648764,,0.3126963813826364,0.9910714285714286,True,5
0.12396127568852511,0.99182617755702118,0.030239636940654801,-0.97325206980501855,0.12746730882633914,-0.19113475299070753,-0.1934270165977896,-0.0057374814335053557,0.98109789040486661,4.3985070820567467,13.032826555310939,-0.81822353741377207,,0.1692851406914566,0.4358974358974359,False,5
-0.78794152946107221,0.61570350048840272,-0.00757269020060072,-0.59322537349567739,-0.7623564468146079,-0.2586431987142136,-0.16502061202001661,-0.199303405606963,0.96594324373743912,-12.604760160162193,-0.50171481816768815,-3.2740143313915042,0.3387787960421025,0.2457432962300508,0.9135802469135802,True,8
0.65648952631578628,0.74525506726814039,0.11668927349519302,-0.74421526757931511,0.66513976649262208,-0.061096043505208752,-0.12314681213707798,-0.046733026237357811,0.99128748954033274,-1.7790165373209574,-6.9436918059059982,-4.8027273235088819,,0.2439383498566938,0.2262773722627737,False,5
-0.13175762995843945,0.99128194432100625,-0.00018387740964713808,-0.9711338711814318,-0.12911682498277449,-0.20056881549865899,-0.19884398706499143,-0.02624790219302138,0.97967959886820377,0.65967808457509425,10.307071723069704,-1.336487651650609,0.4062636500922447,0.3489475178258618,0.9191919191919192,True,5
-0.96403019858641148,0.26555842630244875,0.011157886592540103,-0.25926957942808587,-0.93029839624315003,-0.25946903308604613,-0.058524024098045385,-0.25302888405711926,0.96568696917592378,10.048321609532834,-9.6108932411729988,-5.6687018431191945,,0.2425717215655752,0.6385542168674698,False,3
-0.34103444199430388,0.94001552695187329,0.0081436148623999505,-0.91931290879413652,-0.33168898722890189,-0.21176919387750975,-0.19636518300884895,-0.079707119132852083,0.9772857770690434,1.7518065087222265,-8.0365200304377691,-5.0963873863348814,0.2167119108690042,0.2185553688874223,0.9785522788203753,True,5
0.27259813026948027,-0.95887959326303784,-0.078994841586622344,0.94146984444174531,0.28276706081852077,-0.18351381779825698,0.19830479414381363,-0.024345737609838672,0.97983799358864099,-5.5245335792769108,-10.567498720787592,-5.4691821425971359,,0.07698264300429004,0.3478260869565217,False,5
-0.93387258337836376,0.35660561411766456,-0.026728898106443195,-0.34161170583939066,-0.91171234170372606,-0.22821491716934347,-0.10575178697177127,-0.20399274978506476,0.97324381199543486,-11.312169568025269,-9.7424317634777946,-5.2387766624102854,0.2155528122972384,0.2095449045934651,0.75,True,5
-0.94308432665000119,-0.32946265436842637,-0.04523618246075739,0.33147951468312187,-0.92037630837337514,-0.20743380228506167,0.026707380488435465,-0.21062243556066607,0.97720259182317837,-16.210014167601866,6.4858432104181896,-2.0057312977009349,0.3044118551274061,0.2977380000119894,1.0,True,5
0.41290285548494704,0.90940217507424015,0.049989157850676258,-0.89523218613563649,0.4153413441210716,-0.16140291438048004,-0.16754272541411006,0.021891821165552286,0.98562172425676042,-2.6087406323179185,-16.226452013204181,-6.724196137722557,,0.1260044492252659,0.5641025641025641,False,5
-0.88040016282208322,-0.46547239782471012,-0.090724859692162207,0.46962461309506176,-0.82914295760595047,-0.30327327384352409,0.065941459478550929,-0.30960846680246046,0.94857488961392344,-4.8039485620977764,-3.6068219092575404,-4.1082103677063211,,0.3864780777464727,0.6479750778816199,False,4
0.18669849507326577,-0.97995145271207074,-0.069561643632685979,0.96154426835526241,0.19679139046843422,-0.19158749601851438,0.20143557761855715,-0.031117502550868564,0.97900735906553615,-1.1010886680493872,-9.8669720178900224,-5.4356892205209624,0.08777959987156152,0.1597961862680172,0.8870967741935484,True,5
-0.74893632872289384,0.65993939788891998,0.05978600700067091,-0.63378096351112934,-0.68705807421260856,-0.35534897347560584,-0.19343232876119457,-0.30402498873163741,0.93281977917320635,-9.6509607136774598,-3.6932493277413325,-3.8985609332332509,0.5610916462943479,0.3139802534311261,0.4782608695652174,True,6
0.99079695734653916,-0.13014700442346944,-0.037190678300313099,0.12701291072648929,0.98891490462924314,-0.076909244638855706,0.046787923886669865,0.071477749277183658,0.99634422843545556,5.1188078577532536,14.24830976619362,-0.5993960597700938,,0.2997024525148427,0.3823529411764706,False,4
-0.69436804838402333,0.70938862690717119,0.12091645627506697,-0.70029994619597236,-0.62744487684386174,-0.34043048024568645,-0.1656290999229309,-0.32106183600227023,0.9324624918577531,18.055033251841632,-0.7206865524573407,-3.9212129981850925,,0.3777138340206607,0.5176470588235295,False,3
-0.91319454052737559,-0.39405948379902533,-0.10388866338075761,0.40509956051589957,-0.85000453136799936,-0.33672933154640972,0.044385551937760365,-0.3495846390817432,0.93585282117289503,-9.6740863445936931,-2.3698325049411277,-3.6812865654401228,,0.2852373719595007,0.5476190476190477,False,1
-0.19004639329548997,0.98177345754963818,0.001801789778595634,-0.9610260492789291,-0.18565428280604629,-0.20484486784663994,-0.20077674417798183,-0.040661595231900091,0.97879279404299246,11.50884914154638,-26.026051906366924,-9.1525816997877047,,0.2575398516502391,0.9375,True,4
0.70357489547287833,0.70187021398463401,0.11117809668048109,-0.70180603667020458,0.71085683568054703,-0.046377214874343126,-0.11158249573113921,-0.045395615288326086,0.99271777699354535,9.6358396209164265,-8.6015843975552517,-5.3976976111551132,,0.7016084722868008,0.125,False,1
0.14630024521139268,0.98922760768542251,0.0049978439415936798,-0.97356833880787175,0.1448764009546617,-0.17656590304276595,-0.17538793550860263,0.020965892287289251,0.98427613170219175,16.645288859457477,11.840506493845645,-1.2594275219725983,,0.1985300709320033,0.9318181818181818,True,4
-0.4524534032992778,0.89134496232336824,0.028108290301162842,-0.87233065236746155,-0.43581356475457833,-0.22159821686120568,-0.18527048006377062,-0.12478259059925124,0.97473286304519347,20.503751234654725,-6.8271796705803887,-5.2992510240723512,0.3461122834834519,0.2925318809158414,0.6,True,4
0.81099208255020916,-0.56714882991535909,-0.14364555950851265,0.55983781534282762,0.82358881172250609,-0.091011481240994369,0.16992193075952416,-0.0066086255113306219,0.98543536749794314,9.8916475541901576,-13.691029863455416,-6.528395667558847,,0.1358933546289665,0.3333333333333333,False,2
0.61596102893949312,0.78728781301230633,-0.027747257704159589,-0.77698116667693273,0.60133202211038661,-0.18627953675588341,-0.1299702945182247,0.13630003179358943,0.98210489453821226,-14.330836426970855,15.219761635781271,-0.35013251637389858,,0.2116456038564744,0.24,False,1
-0.16196535410504734,-0.98522849959304892,-0.055606003805858485,0.96909931065241128,-0.14818387549794063,-0.19720057082937875,0.18604770937221615,-0.085827400240490584,0.97878491365841513,17.063254239933563,-25.152139030583573,-9.2133099199317208,0.2742345998743088,0.2664686508578878,0.9354838709677419,True,1
0.32427929918273374,-0.87857223018107655,-0.35064764718475627,0.9272183004894573,0.36863392583049526,-0.066145687419816745,0.18737438287823191,-0.30367723833281812,0.93416860124902257,7.5156452119955848,14.515727395587717,-0.58259631818645863,,0.2379374072718131,0.2647058823529412,False,2
0.81045810767118232,0.58574555383814431,-0.0077331668087615348,-0.57983017157805317,0.80025424591491667,-0.15293826866717827,-0.08339441131042355,0.12843398325207409,0.98820548678308506,-8.8438153353531703,-19.597049678729316,-7.4004249405347373,,0.1133091473623445,0.2916666666666667,False,2
-0.8382664929594329,0.54525492104554862,0.0025214791503217274,-0.52754521313430902,-0.80985332891060269,-0.2565806573993672,-0.13785983780844019,-0.21641316209516351,0.96651953337291796,15.231185393514815,15.991341325503237,-0.34781908878500195,,0.2295645057153538,0.16,False,1
0.8023251648780183,-0.57453070147375795,-0.16182954880840916,0.57389068927299702,0.8170520352123305,-0.05545672656363837,0.16408475422544935,-0.048378144026629682,0.98525922914292641,13.174817502271274,9.4140869538640857,-1.7423800685210862,,0.2710520563119732,0.303030303030303,False,3
0.95840393335701468,-0.27375514580903654,-0.080746644938812173,0.27370165520833251,0.96174044383595847,-0.011946657542243139,0.080927773119125218,-0.010650766793317317,0.99666306077063604,-8.4982024325830547,-0.01762295957110882,-3.260576780560223,,0.180924860964081,0.2857142857142857,False,3
0.073342815394929123,-0.98887394940505491,-0.12941848252082805,0.97764884456869905,0.096927356192922379,-0.18656855130202823,0.19703697151406013,-0.11284236708567781,0.97388039925191427,-25.312764079947112,3.3624122174415545,-2.6622890693122101,,0.1783391697547002,0.2105263157894737,False,1
-0.10867412403312331,-0.98886011734661794,-0.10171333780220844,0.97647070260912971,-0.087016938417233014,-0.19731451891466006,0.18626567507639621,-0.12076307693051005,0.97504942312613585,3.1259743355007092,-20.430544115569759,-7.7595740768428234,,0.2468732771510681,0.9047619047619048,True,2
-0.97707819337547874,-0.20278337307728184,-0.064785088048962589,0.21284881405764786,-0.92532459704028058,-0.31379893636928813,0.003685971291902148,-0.32039552699069257,0.94727668603211868,5.3217125945928281,-18.217577714297637,-7.3450079888582334,,0.2128059415672308,0.25,False,1
-0.33906837200033668,0.935781656499311,0.096671249440801243,-0.92009625530734973,-0.30844475843244107,-0.24142226899137675,-0.19610079061144273,-0.17080551031789759,0.9655930600240501,-12.118798287684655,-1.4559935309202483,-3.4894705812843778,,0.5875949221752255,0.1975308641975309,False,1
-0.57197438524301703,0.82023416962249074,0.0078236570461815841,-0.80107960420582136,-0.55651537888899916,-0.22036810292208542,-0.17639946244622695,-0.13231228228602696,0.97538540567559517,19.607379162212627,8.9246592941409606,-2.0687102041167078,0.1933604503041306,0.2399608052142264,0.7941176470588235,True,3
-0.99757029832279132,-0.055287394683035354,-0.042388723657830127,0.064387057738349227,-0.96402186663384126,-0.25790724582222013,-0.026604636813459745,-0.26000989335209324,0.96523937376127456,-15.371727898661204,-15.391993491757274,-6.5383173935565884,,0.1316926913323504,0.4,False,1
0.25516314051177807,-0.95175101490799874,-0.17047515169596086,0.94640529412374241,0.28194958899576816,-0.15754824188060651,0.19801209806150555,-0.12113808190124063,0.97268534179074007,-18.181563044287465,1.0665576228978524,-3.0229586258265493,,0.1585098550212852,0.1666666666666667,False,1
-0.74176586258454302,-0.62620068190267963,-0.2401168696464889,0.66273324414579371,-0.62952866149621467,-0.40555925764156464,0.10280103213587699,-0.45996344456859217,0.88196688002010315,16.876608507299508,9.3164781133788921,-1.8016676821560182,,0.2588138892612407,0.3636363636363636,False,2
0.63309409695398522,0.77181337365675262,0.0591268183365245,-0.76429622398462904,0.63537306796759774,-0.11023768187094954,-0.12265050511455776,0.024600421663558695,0.99214498580052268,-14.855335851042705,0.70428330807773531,-3.0238708584514566,,0.1895782685694418,0.2,False,2
-0.32648353957724091,0.94452644378495243,0.035753256859582194,-0.92466181234803235,-0.31131685161443134,-0.2192768813307284,-0.19598222156708073,-0.10464996364944085,0.9750073609659583,21.852575845235204,1.0585054179421667,-3.8885385629828924,0.3267262706485123,0.2795924832495899,0.9433962264150944,True,2
-0.93587862155504398,0.35055477509241617,-0.035249898952142276,-0.33668110450226935,-0.91932252310410167,-0.2036956857290799,-0.10381252134190116,-0.17876646266404009,0.97839946455383109,-0.24797290541420425,-17.768309193713435,-7.1605539239504674,,0.180720861397464,1.0,True,1
0.22113080223754147,0.97524398285769698,-0.00058498003254159672,-0.95760874881580793,0.21701848408628294,-0.18944250250753011,-0.18462570918808993,0.042451754554421968,0.98189164170087873,-1.694607436845073,27.726256873219874,2.1270679800156862,,0.2514298016908388,0.9574468085106383,False,2
-0.91233381868274754,0.40941295860046345,-0.0052945838146043166,-0.39302332484992347,-0.87929046349048079,-0.26903707353932865,-0.11480274130727969,-0.24337072573485463,0.96311526851339191,5.1302644427167587,-13.77560293572178,-6.3459198576122544,,0.1349748273598859,0.5294117647058824,False,2
0.49525432267758551,0.83213607210729723,0.24954501270713775,-0.81427410056822347,0.54475228631975769,-0.20050594927135673,-0.30278844927271803,-0.1038966026741783,0.94737777625390152,-3.5810863456296884,-4.8507978180151552,-4.3204693330479786,,0.1714014680452411,0.25,False,2
0.3740463184550894,0.90625319059215315,0.19696321024936739,-0.91235872434216192,0.39768868511228656,-0.097186767877133984,-0.16640585857155735,-0.14334875051845861,0.97558199345716712,16.367956529559223,9.6732197769608597,-1.7221721580272413,,0.210677184654519,0.1612903225806452,False,1
-0.25176480169910065,0.96732222497036024,0.030036606063337301,-0.947305666748399,-0.23996605275174046,-0.21219865049787542,-0.19805670494023467,-0.081877998297103113,0.9767648309716499,29.920935324226086,7.028654173202705,-2.7156363911674926,,0.2521216620922344,0.9032258064516129,False,1
-0.085370239599089182,-0.93287400364142481,-0.34994001703265415,0.97790556640908632,-0.011185728399160821,-0.20874765307975468,0.19082092489273692,-0.36002912772468898,0.91321760923280559,16.129104598251764,8.2385151135526584,-2.0121958933740092,,0.1596003434778982,0.3076923076923077,False,1
0.81419533285323054,0.58024237892508923,-0.020118192249066639,-0.57477289108563512,0.80065887747220443,-0.16906059741409435,-0.081988314003143214,0.1492117409063472,0.98540031091055524,18.625424374146135,12.530227663849352,-1.1623687459332148,,0.1397272447986998,0.5,False,1
