axis_00,axis_01,axis_02,axis_10,axis_11,axis_12,axis_20,axis_21,axis_22,location_x,location_y,location_z,dbh,dbh_approximation,score,reconstructed,number_clusters
-0.61525421454590112,-0.78776589848056366,-0.029784906825709567,0.77237102099598642,-0.59480595035443351,-0.22282030281950588,0.15781399623963493,-0.16009612929133854,0.97440441910779885,-18.447498321743094,-4.5346517009172036,-4.6785491182341756,0.18601720927131,0.180532017592584,0.4,True,4
-0.92094316426749456,0.38634077290780494,0.051034256906265139,-0.38587129322200026,-0.88574388350235778,-0.257994414484777,-0.05447048059413296,-0.25729084714999428,0.96479758846956198,-4.9895539813864227,-23.573253285529347,-7.5863637549557961,,0.1010027618821058,0.3809523809523809,False,1
-0.19273411764547896,-0.98061976706767817,-0.03519136728731654,0.9645751871396443,-0.18275309971194642,-0.19025249775021338,0.18013402857299954,-0.070612866970599181,0.98110425275209834,6.4392060145872181,-3.7046496111940481,-4.2145211370793811,,0.07700534519927356,0.2,False,5
0.99984158619435903,0.00093898766591800082,0.017774161541738984,0.0016380430735840469,0.9895152732426874,-0.14441897671130216,-0.017723411952489925,0.14442521359379673,0.98935698226027036,-5.6866129688630709,-20.997596075304134,-7.1901578428821065,,0.2102369891143409,0.6904761904761905,True,5
0.28438957276175303,0.95393574047367424,0.095546710834708962,-0.94032794813883991,0.29697029010888365,-0.16610838853485274,-0.18683126305141654,-0.042605748903046851,0.98146769142291379,18.635819020853685,3.5407717280305828,-2.7880488671896977,0.3247229743330125,0.1889724468674933,0.9454545454545454,True,5
0.75785855496960253,-0.65241744018633263,0.0013763720790162127,0.6439804491852722,0.74771647409990338,-0.1618927281465862,0.10459250320420602,0.12357814572294941,0.98680740277581813,-11.719322929573108,-10.256284260604223,-5.4627593181758582,0.1806904570688432,0.1808059778999653,0.9080459770114943,True,5
0.77248169115043608,-0.63503185313841326,-0.0025656065471054623,0.62698761956387328,0.763325091269631,-0.15563203382285151,0.10078969069795687,0.11861429314295109,0.98781176734801457,4.3994019693906665,10.6755505936198,-1.9733759899705929,,0.2851361365946121,0.9432624113475178,True,5
-0.30610593172652045,-0.95195973187358707,-0.0084751078463029417,0.93528478487195177,-0.29905941883113774,-0.18922429863896734,0.17759935176927236,-0.065849319658974476,0.98189731507504585,-2.9631475306437283,-21.15379965862704,-7.1758671521257513,,0.1791556936648238,0.8695652173913043,True,2
0.97966517222252425,-0.19670808341247195,0.039523160986983517,0.19951744937188548,0.97590163623093962,-0.088367323134236911,-0.02118815070618971,0.094455949108383078,0.99530353960371554,19.597465091931298,5.8209697834867313,-2.429663982901884,,0.208284702985989,0.8636363636363636,False,3
0.93069179580183559,0.36500097055888453,0.024229583533893758,-0.35638558534654896,0.919670957922055,-0.16490798559174272,-0.08247481909256521,0.14484343494201243,0.98601129991995873,2.7382080597377318,2.4975542873762895,-3.3244964831446167,,0.2414124619731361,0.3888888888888889,False,5
0.26676505022805741,-0.96324628512039856,-0.031511937080622741,0.94881403006013165,0.2682234869718399,-0.16675760071948159,0.16908088105363323,0.014586131715375865,0.98549424169992395,16.387186528407767,-4.9011603745635384,-4.3213415188411473,,0.09345487047598204,0.55,False,2
0.98881628105163544,-0.14838890149914388,0.014936406498546361,0.1490333464466794,0.97938511794735716,-0.13635927687599708,0.0056057090645583087,0.13706029569178002,0.9905468446119875,7.1016136949351898,20.068703702676491,-0.43334487544238465,,0.2913999106767384,0.8775510204081632,True,4
0.40907970905905666,-0.911481034554804,-0.043082656406738716,0.90085359367003248,0.41092758606640079,-0.14000472056837432,0.14531549954476741,0.018461924508143282,0.98921310289315789,7.2509207232989175,-16.607086534849234,-6.3937725257961402,,0.1983024665103193,0.6875,True,5
0.42659786240062059,-0.90092967366475696,-0.079624034722795958,0.88615043782076175,0.4339633810188594,-0.1625213385520615,0.18097421182393575,-0.0012276176098641291,0.98348707546653091,6.5575793169275327,23.441832423826977,0.029188032732000109,,0.1732507174676362,0.8648648648648649,False,5
0.2921412032846748,-0.95584650058527787,-0.031795985002207552,0.94141198966062722,0.29326949493298876,-0.16654269442088632,0.16851404412274176,0.018720861642241956,0.9855214590625464,-13.117594871638385,-8.6151054213569918,-5.1943666752427191,0.120739137697039,0.09984642945509485,0.5,True,5
0.99782212232579159,-0.062959036483604292,0.01967668473875608,0.06518309594260023,0.98685624171619901,-0.1478713027910292,-0.010108224403424812,0.14883184441118322,0.98881085445527672,8.9774201450536442,-16.809989165879898,-6.4376887083249406,,0.1909124575257532,0.9152542372881356,True,3
-0.39092667376043327,-0.91216641095452733,-0.12299908320365786,0.90407108404430514,-0.35546154339873703,-0.23728161782899015,0.17271887776835179,-0.20395962809076806,0.96362267479108055,10.726607956590138,-1.430933768252868,-3.7456557352038549,,0.8048461096932011,0.2586206896551724,False,1
0.77478749751374298,-0.63222173904046242,-7.9881435070865581e-05,0.62402143807779087,0.7647583038830591,-0.16044307857066056,0.10149669214174518,0.1242594436111744,0.98704509124848172,-12.814306830762709,-9.840828197842022,-5.4113060213798301,,0.1677833625281203,0.8235294117647058,True,5
0.96935428019212522,-0.24545158776106643,0.010285793055311607,0.24413977130663655,0.95782203818383671,-0.15156752698286849,0.027350530882387668,0.14943380218321031,0.9883933868786855,-4.6396498924252851,-19.342271929088287,-6.8931273647871114,,0.1215667653493284,0.8703703703703703,True,5
0.085239221943204851,0.99519712995380216,0.048134681615579378,-0.98029914584510569,0.092406613421812042,-0.17456976385178846,-0.17817929087824563,-0.0323061964277431,0.98346756427169402,-7.5401991210363297,-20.032218729829637,-7.0313416544780889,,0.1511134072181569,0.8888888888888888,False,4
0.14674667688058934,-0.98894484772284286,-0.021295562611639941,0.97361774089529263,0.14820844583752746,-0.17350144436393286,0.1747395417140899,0.0047270228333504433,0.98460334542224759,13.566905515932659,-18.463721782986436,-6.7238201518495808,,0.1630937037505282,0.7352941176470589,True,2
-0.16809724304414414,-0.9820435207307453,-0.085637843689111467,0.96985544077230323,-0.14921061605007155,-0.19265673116276086,0.17641921914950226,-0.11544139400024968,0.97752214484683642,-7.4660446974190373,5.3170760164104482,-3.0145379428606605,,0.1787934107300968,0.2307692307692308,True,5
0.4994548470379413,-0.86573214367715856,-0.032445510852172829,0.85468671424636833,0.49851298082530771,-0.14489799322079322,0.14161735861487221,0.044639257977907444,0.9889144858814275,-9.4486577013467894,5.2383884300552399,-3.1419877260948645,,0.1195126761509298,0.3725490196078431,False,5
-0.29946482027768956,-0.95371317395271049,-0.027422677569810379,0.93882065034152096,-0.28942070979668838,-0.18668540176752929,0.17010763624356703,-0.081650686278976689,0.98203694305346656,5.5724536035261547,-16.664292694433993,-6.4251592843382763,,0.2049713042910609,0.9605263157894737,True,5
0.80586782687312952,-0.58854586807870191,-0.064736440883533294,0.58258600413794026,0.80768802503285675,-0.090739197710313718,0.1056910279700588,0.035409255654572092,0.99376837906054405,-12.920374207599433,20.815448880457819,-1.0856581069462963,,0.2239131809629127,0.4347826086956522,False,4
0.99825302162615315,-0.057433669834487291,0.013866448124829556,0.058875461769359212,0.98664410553750559,-0.15187853373515489,-0.0049583077456137447,0.15242959875771819,0.98830189345506214,4.9987667424298543,-14.354099925992474,-6.0252607419229216,,0.2000097139175268,0.810126582278481,True,4
0.96416978093965189,-0.26520356236870918,0.0066109023385343873,0.26360326775705578,0.95495433341956659,-0.1362921065615805,0.029832042346869918,0.13315138598654316,0.99064663612171866,2.1472356379823299,-13.330596876439611,-5.8565958216441727,,0.1699236167805056,0.7346938775510204,True,5
0.9334313483877571,-0.35865246600872297,0.008621280234122574,0.35539214072055975,0.92112870487020337,-0.15880281917585631,0.049013714010177817,0.15129546486925341,0.98727267669520991,9.9126908544422445,0.49546649861428632,-3.4876204767404615,0.3402920333199937,0.2793075488924573,0.9712643678160919,True,5
0.053823491999496466,-0.99845827327949921,-0.013568648742629478,0.98254288395779488,0.055379094005734243,-0.17760246938317958,0.17808007438475346,-0.0037725941770570945,0.98400876756271627,-7.8455051890961229,-9.7941770861902668,-5.3233008315536834,,0.2789843952308141,0.9680365296803652,True,5
0.2599256072046035,-0.95386998281308266,-0.15023559700512976,0.95247998845643533,0.27885183149069259,-0.12257050079164721,0.15880979286349747,-0.11123718785755035,0.98102280183907886,-9.002357106391754,7.4306819339702743,-2.8180171698104717,,0.262673858670092,0.275,False,4
0.9092567300344252,-0.41622617619918262,0.0028229654110253359,0.41173274641340257,0.89840443353560806,-0.15279273325142367,0.061060170471278902,0.1400901283109231,0.988254224140655,-4.6262539930203417,1.5083214460143273,-3.531073899341044,0.347589936644334,0.2553784175397044,0.8261682242990654,True,5
-0.7992064057740178,-0.59855501662785648,-0.054781502712149752,0.58794828773489582,-0.75959194665349006,-0.27809510159074102,0.12484362987104622,-0.25446407732484966,0.95899014668130589,-4.7481573406735977,-16.302596955040919,-6.4169796070981064,,0.1628156505607555,0.3061224489795918,True,5
0.53211600909132806,-0.84640816322857759,-0.021113362800432366,0.83427606569312029,0.52841413177454011,-0.15735930716855365,0.14434680142048839,0.066119033273210975,0.98731569133620556,-10.137482200536903,3.9526568820270587,-3.3668164372327878,0.2992341014055689,0.2780823804228414,0.9916317991631799,True,5
0.94250452493481496,-0.33418334086937945,-0.0025913631122352902,0.33126366922073602,0.93523842276842462,-0.12487383245518205,0.044154296866943069,0.11683572768211864,0.99216924504097392,2.7724642357031994,-14.542527310031048,-6.0606134215869298,,0.1929707989775643,0.7821782178217822,True,5
0.46962974670669466,0.80808263692848215,0.35559858394391275,-0.86141033523624866,0.50765794336891501,-0.015988961273847913,-0.19344284777778373,-0.29880740357152086,0.93450200653314086,10.603798121438741,-2.827995405863799,-4.024562769720089,,0.2880210560456659,0.1666666666666667,False,5
0.92684446305768753,-0.37467062747435104,-0.024109380068410305,0.37185555238687984,0.92494642971480268,-0.078724521699966674,0.051795650959857983,0.064000180201434914,0.99660483014875489,5.1624994337216075,-21.747357082934041,-7.2553902046236507,,0.1309597921708193,0.2,False,1
-0.24080199453916284,-0.97010427059775628,-0.030201052861708891,0.95349349828019181,-0.23063762132252083,-0.19405266390361933,0.18128581898031193,-0.075524776058485191,0.98052611389903965,-17.071903190294847,-8.5333378569480889,-5.2702294568951595,0.2206516407487174,0.2458929536485733,0.9647058823529412,True,5
0.6971029532526799,-0.71664627405128689,-0.021577545152278006,0.70475271553310925,0.69044520999311298,-0.16312272050905016,0.13179940255972078,0.098506496668864213,0.98636980265969543,3.7484482305452369,-14.746303230292156,-6.0732598201776966,,0.1858028967133045,0.9252336448598131,True,5
0.86992280106398612,-0.49288020667976723,-0.017419014102327362,0.48903255974730581,0.86663024757102802,-0.09899075462878057,0.063886428104762735,0.077595849491371036,0.99493588157515267,-8.1307769874337694,-20.522911843241111,-7.1252734652727137,,0.1413764831910997,0.4,True,5
0.6118860579791725,-0.7908005405175903,-0.015164338686331337,0.78050769852303836,0.60680444376801801,-0.15031999058559872,0.12807491790735981,0.080142823387196055,0.98852108893161683,-0.45140242181034657,-22.975660552274903,-7.5069055376131093,,0.2071955130535865,0.8108108108108109,True,5
0.92182656374545002,-0.38757932625412839,0.0042487920225974217,0.38379126637000111,0.91117383206043057,-0.14988833052116185,0.054222230047890146,0.13980169394076034,0.98869380302494414,13.520285970022714,-2.8046613475536635,-4.0091141837764814,,0.2847693970264279,0.7818181818181819,True,5
0.63817020526450774,0.75682905197839312,0.14123942507014078,-0.75396070351551203,0.65148628138465881,-0.084314190513725767,-0.15582697669868184,-0.052682172023154547,0.98637849838886504,15.398688244264488,9.8735884305594919,-1.823026898819172,,0.2130263891528506,0.4375,False,3
0.60726282778646157,0.79305929493039773,0.047841537530558649,-0.77852718342000471,0.60598775560196694,-0.16332257877159131,-0.1585158751195033,0.061933793562065499,0.98541205723804015,16.675965768076356,-6.9086885196656498,-4.6896710987574517,,0.2378382852041556,0.3181818181818182,True,5
0.96848668360643742,-0.24880456155968336,0.011394464625386366,0.24758501772613908,0.95674198999445792,-0.15279536504420907,0.027114621047562605,0.15080137508835711,0.98819215874085364,-15.576172626046809,-6.0201866925711842,-4.8401837369837502,0.2163628039683924,0.2376344776268721,0.9767441860465116,True,5
0.65113652844972858,0.7545900475972217,0.081333150594694884,-0.74438306076680527,0.6558549600452579,-0.12549155440696713,-0.14803742824664118,0.021169115504826301,0.98875517110499322,-8.4316549401202483,-22.996415574786589,-7.5236812406515163,,0.2958972851287455,0.4285714285714285,False,1
-0.5516153623098855,-0.83409195786573331,-0.0033313491923624336,0.81616694813032176,-0.53892858442784719,-0.20839264302329225,0.17202326831963791,-0.11767152038749487,0.97803957406964093,-6.9848388008027076,-21.450093269392411,-7.2545716258916562,,0.1879587450880709,0.9,True,4
0.78328625851045985,-0.62158807929464366,-0.0095339869665903108,0.61378286682990413,0.77570256221201805,-0.14682005095957695,0.098657131595985326,0.10915033053776943,0.98911727096878965,-12.913865235575102,6.8429220173662983,-3.0658878276735324,0.3172369315715303,0.2720429044312049,0.9583333333333334,True,5
0.71622723093183382,-0.69778658870388111,-0.01060331536448119,0.68861281954193065,0.70911403661858108,-0.15155747369567293,0.11327373232232886,0.10124801082244837,0.98839157314814607,-1.4298107082555072,6.7216980380111462,-2.7289204496488608,,0.3433617871508554,1.0,False,5
-0.45664341771863021,-0.88185407157087292,-0.11751674564981969,0.87277038783712635,-0.4184448106603007,-0.25134794716905806,0.1724779382091608,-0.2173415213099901,0.96073618852720344,9.3848740840255456,-4.7518841614846563,-4.3575070842927435,,0.1716753031988255,0.2448979591836735,False,5
0.81670181266896757,-0.57705969085962494,0.00051221891506776206,0.56996848910537723,0.80652640241545903,-0.15700663563592029,0.090189082544155141,0.12851955256602454,0.98759741494096287,8.7445941803423093,5.9654790290253255,-2.5996930027686771,,0.2581701251254485,0.9652777777777778,True,5
0.19037450480669779,0.98098600561495564,0.037735986898691815,-0.96606215933291573,0.19403736548215117,-0.17050925224681918,-0.17458938176369121,-0.0039946945264603267,0.98463322622741678,-1.993903743721001,-17.988769748599939,-6.6646280896164916,,0.2404260891998479,0.9473684210526315,True,5
-0.69004156040394382,-0.65154208372524536,-0.31517544011273141,0.70933532837475632,-0.52225665835422319,-0.4733829049766744,0.14382641215981562,-0.55021895272667942,0.82254061737131812,-5.4748029245757799,20.986963104050403,-0.70734675711434603,,0.2269808319616937,0.1724137931034483,False,3
-0.10641080493956462,0.99396421533484847,0.026681064931722974,-0.97773023390915947,-0.099715926791170487,-0.18466272943968978,-0.18088761785167068,-0.045736993538653473,0.98243971679181974,3.3088306365945321,16.522399026419166,-1.0922648309018166,0.2414951320931413,0.2524362974452123,0.9655172413793104,True,5
0.99977321034530475,0.011515929042684125,0.017913996040147089,-0.008937385422514767,0.99040765360554484,-0.13788692041440453,-0.019330054776227613,0.1376955448002686,0.9902859616921289,-20.492639775867794,-6.0786159405832612,-4.9327340372932147,,0.1259325235088704,0.56,False,1
0.98437079907970559,0.16715022784590355,0.055452062632917486,-0.17051948518288101,0.98334438235490695,0.062904140277192433,-0.044014032900288463,-0.071376656002575686,0.99647786622972356,10.990235430588925,-1.5780552728834274,-3.8084271428816336,,0.2380558302334569,0.4166666666666667,False,5
0.96543115128465407,-0.26043780560708574,0.010716414500762352,0.25890538532138696,0.95336845462656628,-0.15510187353650995,0.030177700057666856,0.15251471776034323,0.98784035516155699,14.771194859677108,5.9151748735373006,-2.4966181196248445,0.3043884881973692,0.2599903789402725,1.0,True,5
0.99396451868624458,0.10734336294157419,0.022626047494373528,-0.10280684791425757,0.9834306874737242,-0.14931455038573829,-0.038279075416719113,0.14608725258335836,0.9885308427246412,-1.378596301511182,-16.597833118867314,-6.4086743211298236,,0.1099136193674592,0.7450980392156863,True,5
0.85849784847788901,-0.51229313024901768,-0.023177421308214433,0.50411740235742886,0.85136106874284667,-0.14508609605829323,0.09405896448097735,0.11287195988686029,0.98914752786026072,-21.935139017699754,-3.8897189580585567,-4.5628769053169842,0.4203618184478186,0.2472870530502155,0.8108108108108109,True,5
0.95629625207787872,-0.29236798513145856,0.0042941276149343257,0.29014104226121618,0.946985780112231,-0.13797140232962857,0.03627194311554529,0.13318743760355264,0.99042690422222568,6.7598458613830426,-1.7938696058096195,-3.9269191231342049,0.3791209780127195,0.3200789230093823,0.9743589743589743,True,5
0.48469098453904841,-0.87468340627140995,-0.0018942808689251861,0.86212007370424737,0.4780927527135172,-0.16785797067459704,0.14772822351450005,0.079726147506662889,0.98580936969628885,-3.6756292614438633,10.628195552518763,-2.1924932861912079,0.3451332732641879,0.2818306183517615,0.9754601226993865,True,5
-0.28966603655042328,0.95621881324938096,0.041703338680659216,-0.9424941259884726,-0.27737642361045001,-0.18645949185359545,-0.16672855108347104,-0.093316133723066116,0.98157714390698025,-9.6229569289589385,-12.547652283328798,-5.8080462448271142,,0.1740379314283913,0.9099099099099099,True,5
-0.87678181332120786,-0.47997222786842469,-0.029670057367590933,0.47060860884745326,-0.84371549109199562,-0.25820865084279865,0.09889989437729356,-0.24035563352335765,0.96563346064940514,1.608841131278594,0.61020198787253643,-3.589122401216819,,0.1957946040463575,0.5627240143369175,False,5
-0.99947087108201693,-0.026604692855284124,0.018712781103567114,0.022142059256685657,-0.97793446863170475,-0.2077351782291541,0.02382660425716265,-0.2072109200310181,0.97800609791016702,9.8221999517475194,-19.828468067738918,-6.9356028600572657,,0.2426036134807567,1.0,True,4
0.98258505157776277,0.17992215159711344,0.046418054467941956,-0.17733889410557008,0.98262159304485941,-0.054824460958543778,-0.055475517603145369,0.045637969352796889,0.99741648407273398,6.969337520523025,-2.7807788676113301,-4.0574543952083477,,0.2952744450641501,0.2475247524752475,False,5
-0.42739722206856218,-0.90365659607757942,-0.027136155467526624,0.88786167134506933,-0.41389130341519548,-0.20098666998985226,0.17039151130386576,-0.10999429677375154,0.97921804903342713,-13.231133618093708,-17.351357833939812,-6.6588104279015949,,0.1055852172766108,0.24,False,1
0.90062726616476352,-0.43447868833171516,0.0099396592565825816,0.43038510612512143,0.8885002905543824,-0.15917252938383178,0.060325681647643438,0.14763300129148269,0.98720074405533997,-8.919999991868993,-13.69914554963294,-6.0079631307919721,,0.1935020084321454,0.8333333333333334,True,5
0.29217894693445184,0.95585888027177368,0.031068697653159331,-0.93975841890827605,0.29298177082605986,-0.17611302068456308,-0.17744175680850843,0.022259446740988741,0.98387953529458727,15.21820371898716,2.0997561949582861,-3.1146447452197701,,0.2822850874525624,0.972972972972973,True,5
0.99935214591765331,0.032647945189824876,0.015145960671494683,-0.030171775080746359,0.98941293265612962,-0.14195672820008534,-0.019620204847481233,0.14140778043544225,0.98975698390769817,14.441238097754196,-21.162980485529548,-7.2316758745505716,,0.195814069400117,0.9459459459459459,False,2
-0.54551448530794233,-0.83450025132239269,-0.077609772980426206,0.82488829944776909,-0.5182288097876625,-0.22582779753659607,0.14823373352033492,-0.18721172839575365,0.97107081564512909,14.330650003282459,-6.2480207633871396,-4.6110794503893029,,0.2310276772344154,0.4693877551020408,False,3
0.42137772892141745,-0.90047007812545277,-0.10767751840458498,0.89281370337695765,0.43273986795642339,-0.12497958930713333,0.15913673564375674,-0.043472348473466677,0.9862989680045553,12.209341752579755,-4.3841087694192442,-4.2640600049218707,,0.1547661839533813,0.4571428571428571,False,3
0.90144409183874696,0.41427165474728456,0.1256086993880704,-0.4226844051723927,0.90496395677110242,0.048766080109541587,-0.093468940900581748,-0.097052733182205836,0.99088058012496461,-16.728407677338875,6.2089400473345542,-3.1053077515350576,,0.266412987330865,0.1951219512195122,False,1
0.90138901974669794,-0.43109066641657395,-0.040726802091506989,0.43018836439184038,0.90226529674965406,-0.029245605193452068,0.049353887607359259,0.0088414710185690908,0.99874222007896862,-6.3301582930722144,7.2326193994542427,-2.7893519100720812,,0.187131424532821,0.3571428571428572,False,5
-0.95650782492904662,0.28821243151852505,0.04501527704774419,-0.28945687890341121,-0.91863270550026133,-0.26893989596333162,-0.036159315604717822,-0.27027309652174253,0.96210444193525502,5.1564668428056217,-20.280194686622501,-6.9978052757678055,,0.173411608097284,0.8387096774193549,False,1
0.73630015008496208,-0.6766278790286212,0.0060664904263510134,0.66763965562229155,0.72500222970878059,-0.16920123273146101,0.11008805214650504,0.12863312263382015,0.98556285468561688,-6.0584494394735815,6.1557458484584604,-2.8959187427813253,0.2361702559454,0.1104367792480317,0.5529411764705883,True,5
0.51460410444188076,-0.85742442886997849,0.0024422261482082517,0.8450616766768444,0.50669817858553401,-0.17066844591259681,0.14509782322174419,0.089890514488968426,0.98532548789789143,-7.6980061221918135,-13.918838902053018,-6.0130750631284764,,0.1941799940573086,0.8731343283582089,True,5
-0.27079857601051843,-0.96262949115188023,-0.0035488019593014836,0.94660144600276397,-0.2656160222072122,-0.18273979088390435,0.17496809325174315,-0.052844976218073506,0.98315490886856638,-17.154253725598334,-4.5674481353430396,-4.6330481623412876,0.1366390584601041,0.1640801462446976,0.86,True,5
-0.27844488962504182,-0.96045201471332398,0.00060899492260140181,0.94364612365036604,-0.27369067679041759,-0.18607903363259784,0.17888665898086561,-0.051238080283327582,0.98253459092672291,-5.3668594286759284,-12.289939750115696,-5.747633315384526,,0.1660018660057591,0.8470588235294118,True,5
0.99929509511349179,-0.034131628482320611,0.015631532850695684,0.035886107336687539,0.990759244353004,-0.13079872716997293,-0.011022712113508474,0.13126748137375879,0.99128570460359844,-10.36095087568253,-11.198911146530573,-5.6145984162961442,,0.1948404833976007,0.9111111111111111,True,5
0.56898761998017733,0.80589522316985462,0.1636642220563313,-0.80701123741218783,0.58546246674894598,-0.077243528652496438,-0.15806944992547758,-0.088128254834928352,0.98348739681808195,6.9613880969011568,-2.4961414114563518,-4.0405832968107598,,0.6061247357309405,0.3991596638655462,False,1
0.46650230021196337,-0.88431550932912451,-0.019017987719997066,0.87170468866065842,0.4632838699479086,-0.15968403681368273,0.15002179729616458,0.057914901416302574,0.98698496671933555,-16.559372440439976,-6.6067809018672499,-4.9362278117216905,,0.1118440517507358,0.8775510204081632,True,4
0.50868002352233233,0.85957806072883725,0.048684609302855765,-0.846489271973493,0.50965504208627777,-0.15397288887924671,-0.15716407383084052,0.037111933251808317,0.98687494562746292,3.2982205533564635,-20.600248140991578,-7.0716239954721658,,0.1723684327533943,0.9423076923076923,False,2
0.9769821203835789,0.21106583061577316,0.030937866721545106,-0.20500440466549805,0.96906693709888048,-0.13741348365258449,-0.058984154809160826,0.12790811767932533,0.99003049595109993,10.877756343208391,9.8835859699046917,-1.9474361222987169,0.2705106080627835,0.2444689586762768,0.956989247311828,True,5
0.93844578775882415,-0.3451586444062546,-0.013601971524573035,0.34105733164577579,0.93210016716742017,-0.12193922624459183,0.054766777962391926,0.10979430111851482,0.99244436190323215,-11.61139281056578,14.267348457533899,-1.846756430627047,0.3450574542567181,0.3101868546959538,0.7777777777777778,True,5
0.89635127378067947,-0.43150775089285553,-0.10176175564101898,0.43573759442580873,0.89978781382570816,0.022685653941698997,0.081774952129382211,-0.064675737414754214,0.99455010240515018,-9.9543443583698021,20.647579518516544,-0.89806939357625848,,0.3071163719570419,0.28125,False,4
-0.10529889607366121,-0.99437262721719644,-0.011628444729990733,0.97794895723779429,-0.10142478969515441,-0.18256190476877857,0.18035514831348498,-0.030595592435249008,0.98312559228226615,3.2241835170972317,-21.560144000528506,-7.2292938810918708,,0.1829497150544832,0.775,True,2
0.75989599652935991,0.64621521647106062,0.070455435985536052,-0.63686319591639884,0.76181735818579632,-0.11848874399691139,-0.13024340346367766,0.045168648065613437,0.99045264858352677,2.1080153942888775,3.4603353361063527,-3.1561977355183357,,0.3457010489367325,0.2302631578947368,False,1
-0.25104950907867934,0.96068650539839129,0.11855624123926106,-0.95074832797659659,-0.221721880244095,-0.2166033810233122,-0.18180143245052038,-0.16709532060010202,0.96903425790448128,24.70585159073519,0.49082367231859936,-3.242595088295861,,0.1981080571869741,0.4166666666666667,False,4
-0.56717120044998637,-0.80490847767423079,-0.17446825484389036,0.80715974288021131,-0.50112024712514625,-0.31204430357688417,0.1637375303761221,-0.31780629397383531,0.93391069201339783,19.903998343873326,5.1173896127776528,-2.533454598736292,,0.3158196968568399,0.4137931034482759,False,2
0.26123189823216703,0.84410215253401344,0.46824080496413967,-0.94856105080759245,0.31436485718821428,-0.037505592327430601,-0.1788570049978935,-0.43435733290976031,0.88280455317737483,-6.016369868481747,20.409230601875304,-0.84052397991458305,,0.2900910626321974,0.2894736842105263,False,3
0.51549491844952033,0.84804240635372363,0.12283755972221154,-0.83652288630070104,0.52911398066292226,-0.14236522104144897,-0.18572681483260894,-0.02936788199414947,0.98216244978074319,1.7716060818147132,20.74177242801564,-0.46594599054069308,,0.1564522005692151,0.4545454545454545,False,3
-0.026239905186040292,-0.97256699236770561,-0.23113829784928314,0.97924494779053806,0.021477325033323648,-0.20153921885360304,0.20097462427514359,-0.2316293804038021,0.95181775069138974,-9.2849914387046688,6.3915541237311349,-2.9604170322053966,,0.4309283328581062,0.1886792452830189,False,3
0.42874562626510382,-0.90339897808872338,-0.0068901630456792203,0.8887685797165632,0.42314584409380668,-0.17617606629376464,0.16207282211138585,0.069410957451918637,0.98433455660078339,-8.7233636971147597,-18.608332466433087,-6.7931478812951207,,0.1224571270658347,0.9,False,4
0.96882949848710431,-0.24751876031614276,0.010191474514795703,0.24595223450227491,0.95615083270297108,-0.15900655164097049,0.029612517700524733,0.15655685361227226,0.98722492390663508,-11.382595241157468,11.227238338690237,-2.2739297941991876,0.2503252777389499,0.2398637179236593,0.8823529411764706,True,4
0.54547695522648654,0.83748171618985923,0.032852189645887903,-0.82264901880466645,0.54249067421960606,-0.17015422487989273,-0.1603230587799559,0.065789386928632287,0.9848696733025103,19.248921352002153,-6.6890069772361365,-4.6228682777362815,,0.2616375410603892,0.9636363636363636,False,2
0.99588229569274533,-0.09023288727324319,0.0087452375657553708,0.090599421139675951,0.98722441703396957,-0.13107133668767793,0.0031934330904161245,0.13132393714122786,0.99133436615443904,16.815302534314991,7.7508664243226022,-2.1487211188056659,,0.1179282762072113,0.1875,False,2
0.61252683031501276,-0.78708165998829971,-0.072892679017213663,0.77933555658455156,0.61675074225795601,-0.11070055179314953,0.13208698795601032,0.010999201531161526,0.99117710081417121,15.839715342185293,-2.6855055332127198,-3.9664838140262462,,0.1379834017989678,0.2,False,1
-0.22176806794140855,-0.96636858378040269,-0.13019479376608528,0.95840007368714453,-0.19141375733449364,-0.21173113200369836,0.17968923951647955,-0.17173390400660621,0.96861718104555561,13.982055346380704,-0.32798661784806193,-3.545214542054175,,0.1917273555684293,0.3076923076923077,False,1
0.96121215769493384,-0.27567197739245353,0.00872632683221637,0.27389112685100842,0.95032104799502581,-0.14789711413654855,0.032478277844320773,0.14455056768539179,0.98896425357547502,9.0610653067362001,13.135897525906209,-1.443960239184003,,0.1563122077709405,0.7073170731707317,False,3
0.99063565104775975,-0.13637034244726456,0.0066435362569482233,0.13576668835357117,0.97877027977124109,-0.15354525642308597,0.014436523358685673,0.1530093759785417,0.98811928311108854,-19.812346245880232,-8.8137632777948802,-5.3472239862691975,0.1109897723642803,0.1359692144444686,0.9,True,3
0.23309150188970587,-0.93780242453231288,-0.25728382049425119,0.95483725291094723,0.27084578775736717,-0.12218174866799335,0.18426657917343223,-0.21718464907863086,0.95858054226252387,-15.922878806586784,7.1502685414958709,-3.0414667054882401,,0.309603667079604,0.3191489361702128,False,3
0.40329776145954177,-0.90529223683627602,-0.13340495315277703,0.90129765078347623,0.41818157826811353,-0.11307834580226717,0.15815644246729235,-0.074633327147875309,0.98458946073220199,-17.137806585465924,-9.7451102069302618,-5.4535367963613997,,0.1733218628052698,0.2307692307692308,False,1
0.31272889539468063,0.93965823165825235,0.13871930529709217,-0.93145486011982215,0.33198402880108213,-0.14892430352418579,-0.18599054154548933,-0.082637838172881201,0.97907022534531563,-12.298294830848558,-14.30714232773469,-6.1304425205492494,,0.2017061380122551,0.6,False,2
0.43997208632627011,-0.89800071986116814,-0.0043898043844003802,0.88462424875157786,0.4342489031164577,-0.16990535207244145,0.1544813962081393,0.070870284823594948,0.98545060807460383,-0.082870107643347929,16.352087617576196,-1.2035518524411999,0.3244146577363906,0.2376604174955164,0.847457627118644,True,2
0.94425746323546866,-0.32920414697186395,0.0015724950380975942,0.32653461591677718,0.93597157938577535,-0.13165237252013437,0.04186869632792839,0.12482720936808926,0.9912946989009751,10.448068190311837,19.036692278586294,-0.49942098635467475,0.1646835451916838,0.106542633846774,0.75,True,2
-0.52984007199920746,-0.82763601204405413,-0.18517054212722306,0.83180225260954765,-0.46452771575563889,-0.30384044143025346,0.1654524422834476,-0.31501211542203156,0.93455489752062149,-9.6842085355195504,7.3097136404834799,-2.8374307168300379,,0.2888024848747801,0.5,False,2
-0.89921152469145693,-0.4295481333824428,-0.083108573382804557,0.42723858710355572,-0.82117754037395563,-0.37833138499883712,0.094264646351764916,-0.37570713101169628,0.92193184572132947,12.069738430824943,14.150761003070857,-1.1730410984851225,,0.2482078313629037,0.1041666666666667,False,1
-0.3697844047883756,-0.9274237699759228,-0.056077133119956615,0.91269339009137451,-0.35128724126359956,-0.20877751269934219,0.17392604652213889,-0.12838389700058225,0.97635408809105861,-18.150836022175998,-11.373612563773776,-5.7299320713370063,,0.12634667658897,0.4166666666666667,False,1
0.96310968319316415,-0.26903018307896331,0.0065191051581094082,0.26720441473507561,0.95313507907253292,-0.14189898444838236,0.03196152195451047,0.13840621963588226,0.9898596766615233,-6.9755468469373616,21.750357264906189,-0.64806376852929171,,0.3855348648684668,0.9880952380952381,True,1
0.92310152724807359,-0.38442463043432407,0.010063493812198451,0.38081592397228853,0.91016884488517835,-0.1630089134051057,0.053505162754700658,0.15430611561378371,0.98657327160367514,-3.8749407242372089,25.496340342405208,-0.0038676840499875711,0.3265605917498179,0.2279311311771916,0.8913043478260869,True,1
-0.015306544859037881,0.96751763109102074,0.25233973768017093,-0.98352872057021623,0.030888870045941375,-0.17809304736793752,-0.18010265266783754,-0.2509093685682226,0.9511085759610749,-12.076513688930621,13.371460580082381,-1.9800594586016349,,0.687427242914131,0.2871287128712871,False,1
0.12626429904957032,-0.99199091664404182,0.0033686913237437346,0.97611787499273728,0.12363732069693829,-0.17862728529131794,0.17678014850424853,0.025842488784875071,0.98391104520084516,16.222656967572778,17.634765222813193,-0.63805305381725186,,0.2707501647895973,0.9767441860465116,False,1
0.20021964246270921,0.96646206943103863,0.16082028206410445,-0.96304443368608683,0.22431944316197155,-0.14908456045394622,-0.18015968893830883,-0.12502742007486298,0.97565907504162253,9.4067716197981923,18.279711412598264,-0.65760613386770583,,0.2532064194248733,0.2972972972972973,False,1
-0.27725458225009642,-0.95771619607926739,-0.076873821218816252,0.94415313900535081,-0.2567505407955179,-0.20652847238952696,0.17805826778801073,-0.12984162494619036,0.97541601673525202,-25.31160677989126,-1.6226759578190704,-4.3335916634076668,,0.245995525360207,0.6176470588235294,False,1
0.74182221695195427,0.63535077535863382,0.21454414624424067,-0.65714482015850495,0.75249329980109303,0.043755217898079762,-0.133643120942806,-0.1734451671441008,0.97573371891055449,7.9555670030818106,13.821958107878768,-1.3445971474242184,,0.2941403433489655,0.4074074074074074,False,1
0.98875892904941409,0.14696864263661566,0.027495423375648014,-0.14298415149704388,0.98319203559703783,-0.11352952725711055,-0.043718561798459954,0.10832192400480788,0.99315409083090944,-25.460849420480201,-3.5075255635455851,-4.655710441024838,,0.3028955901006964,0.4722222222222222,False,1
