axis_00,axis_01,axis_02,axis_10,axis_11,axis_12,axis_20,axis_21,axis_22,location_x,location_y,location_z,dbh,dbh_approximation,score,reconstructed,number_clusters
0.6716886489504561,0.72727680069377187,0.14107733355766977,-0.73483243266615861,0.67824521596836573,0.0021732275444106552,-0.094104488591384414,-0.10512793248540472,0.98999619344636747,-8.9614317145087554,-4.8592020739905646,-3.7872947831407275,,0.2501488861077805,0.3296703296703297,False,5
-0.99970194912672783,-0.024300873831765969,-0.0023410346505672898,0.024365019055023817,-0.98709163653888643,-0.15829228320241026,0.0015358250782212205,-0.158302143403039,0.9873895242685804,10.200542906072371,4.9730823756231723,-2.8047695835655193,0.274949779492606,0.2384144091311052,0.9940828402366864,True,5
0.43744194389129881,0.85115402214434954,0.29014027006277437,-0.88751082281821947,0.46060000494997988,-0.013121540329065096,-0.14480706165491525,-0.25176271770771858,0.9568941680600288,-4.384172775157662,-0.99778354143707804,-3.3014406908750007,0.5802866223647383,0.576195903522502,0.5012106537530266,True,4
-0.82199459899547145,0.55434222686003787,0.1304974127794466,-0.56342047756920333,-0.75820813015031885,-0.32814295182077047,-0.08295929530779346,-0.34325664872484551,0.93557075009227542,14.916015266443676,8.9768048429976339,-2.2445602750186753,,0.4071507579673169,0.2888888888888889,False,5
-0.70167693951164389,-0.64846160366700278,-0.29520674302459976,0.70514575278578862,-0.57267085958841235,-0.41811189161088474,0.10207320846204523,-0.50154325351647211,0.85908988177394796,-10.074138525195933,-17.493101735160494,-6.1485980459683525,,0.2260787805730057,0.2142857142857143,False,1
-0.51568462286164962,-0.79500539293934869,-0.31943042269231536,0.84784243993787956,-0.41980707452389737,-0.32392162203204511,0.12342028514074425,-0.43786806846016962,0.89052736501397778,13.6005885845174,6.1961647047144206,-2.6524696016504019,,0.1655234176905731,0.4117647058823529,False,2
-0.78263111638517202,0.62210561837919487,0.021751672274570609,-0.61592281681340666,-0.76884605512604509,-0.17179879873199969,-0.090153310501275272,-0.14785243690301189,0.98489189127919152,15.914147144830835,-0.90312528838984973,-4.3003547866173184,0.1990536164660373,0.2155326525978863,0.9646017699115044,True,5
-0.95100788320192953,0.30821120370829164,0.024287033504971564,-0.30723157899564313,-0.9333596662232706,-0.18560304505968828,-0.034536400444017179,-0.18397170265089893,0.98232461522049819,5.3735452667600381,-5.325941824670438,-4.6226273432272444,,0.2781812197649686,0.92,True,5
-0.053466727827505812,0.99269035996413002,0.10819962222533402,-0.98810842059266912,-0.03695196819667889,-0.14925247468719519,-0.14416330382340584,-0.11489299926748024,0.98286140454798743,-13.415641020987561,-2.7429202121947531,-3.1945574077831114,,0.3371392571548448,0.2,False,1
0.70982250524563062,0.67144893537651262,0.2128575538442678,-0.6963415595715009,0.71443926444376316,0.068446839478425725,-0.10611523670212131,-0.19680666808521374,0.97468286736602183,4.0269512067629298,-4.3204391332199243,-4.3762791229129965,,0.4294348592600512,0.4864864864864865,False,5
0.7023977343952319,-0.69459656413897186,-0.15547680149392523,0.70411905206914394,0.71002563522844353,0.0089419143194278961,0.1041814917809111,-0.1157549584457675,0.98779907185901117,4.5612687610370601,-4.1172410004572022,-4.4127138959641892,,0.2876225321797357,0.2583333333333334,False,2
0.73656402004545862,-0.67528860631029486,-0.038193488476071485,0.66874332791206148,0.73555381080190274,-0.10836490570243715,0.10127095214113828,0.05427604998797516,0.9933772217290513,-4.195235647189044,-15.726735822117316,-6.2323053701892785,,0.1596459888510414,0.2105263157894737,False,5
-0.76392361235055173,0.63654139992312875,0.10599887111280168,-0.6356282006153513,-0.71390287634087479,-0.29380175924374063,-0.11134408415257385,-0.29181797294911394,0.94997092881208489,15.535441521816683,9.7761002526102985,-2.1459783971884137,,0.2851483503756899,0.1764705882352941,False,5
-0.98651979991674676,0.16349162298465122,0.0070123880430819213,-0.16208933927812763,-0.97037339006615286,-0.17917178891751306,-0.022488451805362818,-0.17789315069829556,0.98379281175968725,-12.036890202996284,6.8089766899746147,-1.569604744529848,0.2537240817729242,0.2730602008460351,1.0,True,5
-0.51371010651350324,0.8571081281561439,0.038309047424275815,-0.8487300716804107,-0.5011412447490976,-0.16886301618971683,-0.12553562000981508,-0.11926067859942478,0.98489476526619579,-1.3154376243696564,0.13283932917798935,-3.2908527922590918,,0.2715952373563765,0.9784449576597383,False,5
-0.89661406844224323,-0.44250405704935175,-0.016533957974832352,0.4383864807696603,-0.88176633261966275,-0.17408454307279289,0.062454029092137882,-0.16333491406718589,0.98459189520167389,-11.914739680383526,-2.3866434634725482,-3.1669018637268702,0.2394649709080272,0.2112694307182621,0.968,True,5
-0.94905358555178909,0.31481854323517361,0.013659304029783471,-0.31170296996278313,-0.93153439384098125,-0.18730972107100524,-0.046244462021686535,-0.18202460802485096,0.98220593146535518,13.179585088431688,-17.786820872547413,-7.7363198936469288,,0.2313443999074676,0.8840579710144928,True,3
-0.50711091660411878,0.86172888707437412,0.016181577255931865,-0.85279544054236545,-0.49895798494506061,-0.15421045959893789,-0.12481368054456796,-0.092001382821802632,0.98790550697310797,2.4911617435245699,5.7563363775283012,-2.4058371424869196,,0.2560937971256665,0.9947368421052631,False,5
-0.77070042776078662,-0.63639432041528377,-0.031986240674846025,0.63109773198513575,-0.75543086827977146,-0.17618131550561114,0.087957394985059445,-0.15596945916825872,0.98383790558922979,-15.898548227711327,-0.11255807619501929,-2.5388925794585355,0.2398935965151828,0.1910041219503304,0.9,True,4
-0.83802843975027208,0.54543199827856903,0.014569468884370503,-0.53983024880475916,-0.82494843800163975,-0.16746156906600201,-0.079319837651859126,-0.14820259745531697,0.98577094370973462,11.405075199574062,-4.5610300134562527,-4.8687094170737755,0.2744855963863478,0.2411962044467881,0.915,True,5
0.039078303063660662,0.99877705796415706,0.030286543449661519,-0.98874650511852613,0.043030568950515963,-0.14327846576403347,-0.14440649170160302,-0.024346634680350004,0.98921888706907357,-5.6001680363646971,5.8462814909777299,-2.0247346583199164,,0.316276854401234,0.9928571428571429,False,5
-0.95353594386248286,-0.29808826487689227,-0.043733169390845331,0.29945922900994504,-0.92180565087038802,-0.24616765056397966,0.033066205150484702,-0.24782600421687798,0.96824010333741206,-9.2475831034564404,-7.1189928113670229,-4.1990969248976828,,0.2053682355411126,0.1764705882352941,False,5
-0.87080465862602752,-0.47721396967272278,-0.1181781437678243,0.48103312009053817,-0.77741535951671914,-0.40525608713929384,0.10152036195349573,-0.40974648984059742,0.90653264153704882,10.590292838905553,3.3594155602829119,-3.130552230445522,,0.5094668682666869,0.4924242424242424,False,3
-0.54800537522971904,-0.81474314269282522,-0.18942998747388182,0.833738404061109,-0.51371914309424238,-0.20241767613564118,0.067604602749895049,-0.2688610300016297,0.96080349928249797,-4.4476426033748417,0.039520784128489139,-3.1044940980955817,,0.3453459450047703,0.9187817258883249,False,8
-0.90708616139814391,0.42068169717715204,0.014886418646931868,-0.41630186484291659,-0.89128153877541894,-0.17974975929450146,-0.062349443688702919,-0.16924576301423974,0.98359972477295721,8.5840153966047872,-15.021319982920152,-6.7693122479551766,0.3245464345483138,0.2976699477371436,0.9803921568627451,True,5
-0.89491263442895974,0.41933684901431018,0.15260400977093458,-0.44164763456565903,-0.78335709854197544,-0.43737743774279719,-0.063865042252986587,-0.45881179499076336,0.88623529220821318,-4.0095372803369784,0.66449739290719778,-3.0814025290643268,,0.4531192730384396,0.203448275862069,False,3
0.59166671806555127,0.79818158089328139,0.11329897906089471,-0.79783579664754367,0.59990047677819713,-0.059811867961720055,-0.1157088428829797,-0.055005289600121299,0.99175898372270266,-9.2551308096490637,-16.91323757871497,-6.0918914100509589,,0.1005403998552231,0.2222222222222222,False,4
0.93954045852033274,-0.34243530621113499,-0.0013371101259173207,0.34227853170012634,0.93921511723818996,-0.026839714761111633,0.010446699986514612,0.024759333822589429,0.99963885571142774,-3.68456455079775,13.918900163307306,-0.72580112478838499,,0.1983988755755535,0.3023255813953488,False,5
-0.8829946941395419,0.46675961961697005,0.049556307534335792,-0.4674166867552898,-0.86472781705515545,-0.18375919937170992,-0.042918656364378173,-0.18542184312007556,0.98172130924709478,8.2347693356146703,8.5835171608876379,-2.0196398324772158,,0.6172002527779953,0.4761904761904762,False,3
-0.89259189812201489,-0.44954671773544153,-0.034459425129142879,0.44628381172823106,-0.87006882912203209,-0.20931075457208959,0.064112891030279728,-0.20220776731745005,0.97724181042372105,-8.2195550112792066,-13.425760716764723,-5.5547913693927198,,0.1096017304481191,0.303030303030303,False,1
-0.30255635294316707,0.95258564401635837,0.03225281549991163,-0.94312777673327253,-0.29431957110240481,-0.15455091982984928,-0.13773035267465847,-0.077178888823551006,0.9874582366217205,-12.318724411915554,-13.848003840288426,-5.3493819355891823,,0.2416588475772032,0.9833333333333333,True,3
0.99794116769504004,-0.064133161409131334,-0.0006028491764802496,0.063503147877397081,0.98936775052639669,-0.1308388490777791,0.0089875485601311617,0.13053119100815222,0.99140346587293704,-8.0350190831946886,-10.975465100519987,-5.0569852051027269,0.3163352624763514,0.3194182183643658,0.9938271604938271,True,5
-0.72111253680724496,0.69106835717745863,0.049206046045884334,-0.67888112545795565,-0.69064815428857607,-0.24924996384096743,-0.13826469815668954,-0.21314232964343993,0.96718830666928957,-13.472765373358344,-9.4035031192827745,-4.391100359551837,,0.1395237320199606,0.28,False,3
-0.45548663132305434,0.88294880315856794,0.11372484199518079,-0.88149200109358949,-0.42944704608107709,-0.19633411985759491,-0.12451417868658665,-0.18967510541209684,0.97391969571054204,-2.4603431203352106,15.815731554585186,-0.46256027414458523,,0.1831535242896642,0.2666666666666667,False,5
-0.95157365147050288,0.30700037506763939,0.016073441928355713,-0.30426844622724974,-0.93305920645231133,-0.19188858716724,-0.04391239526091318,-0.18748676476731108,0.98128508323500852,23.805902927686727,-7.7273793484708868,-5.9712023977294901,0.2070943343311661,0.2219982792022376,0.8387096774193549,True,5
-0.81265955136292189,0.58222413702297804,0.024484849324914841,-0.57580460762770447,-0.79581788176785317,-0.18741118668113882,-0.08962983550871946,-0.16639997994704311,0.98197634353394869,11.855136056393265,9.3014526876903663,-2.0570560693798932,0.3474119841838229,0.258036612832946,1.0,True,5
-0.99280962435260922,-0.040802070088079782,-0.11253550937086135,0.076713722843628734,-0.93855722049720813,-0.33648974513352697,-0.091891536717494837,-0.34270327534046491,0.93493872021144531,12.459179290652386,0.39743890924029307,-3.8553546268172054,,0.4439845682535552,0.6507936507936508,False,4
-0.76493755123599827,0.64390616561333758,0.015981007296383649,-0.63741386910626663,-0.75319193160073894,-0.16249761119022668,-0.09259644798833698,-0.1344870404785545,0.98657951213435713,-15.790034523042568,10.860198668880427,-0.76491592623477678,0.2949494810391377,0.2627443427816846,1.0,True,5
0.84064997777823036,0.53100995398230189,0.1064708581404961,-0.52942376121333534,0.84716286959468445,-0.045006148944601532,-0.11409687079050482,-0.018533784066189819,0.99329673457834411,-11.057567011851717,-1.6930062217155133,-3.0678245876292207,,0.2145794697250554,0.2285714285714286,False,3
-0.24132744875980758,-0.97037178177416472,-0.011818105242139616,0.96036236613034742,-0.23705192811261236,-0.14666461433696942,0.13951769850309884,-0.046743860714800634,0.98911567740576856,2.1818988234906036,-8.9985650589395316,-5.3119820794921431,,0.2341484419910912,0.9492957746478873,True,5
-0.87865366699912795,0.47656056481542891,0.029287566163592363,-0.47224060305948456,-0.85836787860961639,-0.20048291147437639,-0.070402743490588823,-0.1899858232448616,0.97925933269740773,-7.5301168255965756,18.401748661278315,0.12485693978892223,,0.336431681044648,1.0,True,4
-0.72247412920268739,0.67783420049312337,0.13627886584011203,-0.68575971360776222,-0.67740369791419619,-0.26619136959107531,-0.088117806517291467,-0.28577093395588871,0.95423803397294993,5.1416277463987257,9.0308751724088268,-1.9181001017008623,,0.2015351210866496,0.2716049382716049,False,5
-0.95565560582547571,0.29404441404398252,0.016132130171613787,-0.29154422906884114,-0.93696196344957983,-0.19262461303105252,-0.041524999108945249,-0.18878602071720968,0.98113990482028757,-10.326493521761963,3.53459551360644,-2.2482047633668936,0.1207142886565426,0.1492379468139691,0.7068965517241379,True,5
0.83573147615762999,0.54140481694857856,0.091835308810201743,-0.54232436693815389,0.84000115117443641,-0.016803185732239961,-0.086239090814545671,-0.035761574496906715,0.99563242665402518,7.8866863741575335,-16.157413271626137,-6.9508307084460093,,0.4332180360144151,0.4578313253012048,False,3
0.77394142687568157,-0.61679820923766149,-0.14343861699991389,0.62569305710633361,0.77972678548351571,0.023115758444702567,0.097585173333681177,-0.10763878985178738,0.98938921808592506,8.4859449541367802,-4.472823904240034,-4.6555272751988612,,0.333940685983837,0.2445652173913044,False,6
-0.50477686686331669,-0.81367066751703454,-0.2883407003911132,0.85486999967929,-0.4247395265047525,-0.29798258048558701,0.11998999261598595,-0.39690852780823782,0.90998133070141241,13.790791122982499,0.93178627603992781,-3.7545136680426463,,0.3879296441052337,0.425531914893617,False,4
0.99826610261379034,0.057575894794649696,0.012239473471925227,-0.058734586861645358,0.98802400294604242,0.14268432958342223,-0.0038777156247432332,-0.14315581001508207,0.98969256710377485,-8.5790064498307892,-5.5666784996815757,-3.9102316566828894,,0.359394415133067,0.3272727272727273,False,6
-0.98764734412816135,0.15662051616653586,0.0047683909570571947,-0.15500161794007847,-0.97207408832736342,-0.17620007161884099,-0.022961316873153621,-0.17476264108285461,0.98434282504074666,2.2704682950097443,-15.825999321426432,-6.5042887001205871,0.2088611885932984,0.2622630403927553,0.9672131147540983,True,5
-0.8216275015356117,-0.55080483896701815,-0.14677287927565755,0.56894454138072703,-0.77657521170569366,-0.27061605532069222,0.035076452976655584,-0.30585122189518082,0.95143295744461254,6.4850947118448614,10.853885654298383,-1.6409273863332323,,0.289514947025003,0.3382352941176471,False,6
-0.8865103900922483,0.43244377767484865,0.16459558745239103,-0.46254420703843363,-0.81874695607860914,-0.34015625592836074,-0.0123363201027773,-0.37768479061556082,0.92585204765340534,-11.18860429028229,4.5659467852669282,-2.0057589165638312,,0.4635186357640027,0.5416666666666666,False,4
-0.9989141091061764,0.046474008658835476,0.0032816379741493137,-0.046304657924695465,-0.98255615725960277,-0.18010906830507062,-0.0051459968025473167,-0.18006544463172872,0.98364117154910047,-9.7715284332861341,10.681995862235741,-1.0601738190377088,0.355496267355772,0.2756214397871559,0.8,True,4
-0.79476424352248209,0.60638020103358314,0.025550910210992595,-0.60061213023216731,-0.77975590731908906,-0.17676479858547597,-0.087263200927520573,-0.15583252804038469,0.98392141808603162,-8.1643680067136923,-6.8119760342751974,-4.2287095562722818,0.2079447447506304,0.211586860305217,0.8391608391608392,True,5
-0.98646481842465628,-0.16395184656575276,-0.0026370472292292918,0.16213274499102939,-0.97286466145284356,-0.16506763310206254,0.024497653195422037,-0.16326096442175994,0.98627872454189791,18.410907479558176,2.6119660256649717,-3.5827427056083843,0.3291684603144857,0.2479665013826458,0.9824561403508771,True,5
0.0024107978996001319,0.99970071415317763,0.024344818239536714,-0.99007391546516377,0.0058072911122479011,-0.14042762294299302,-0.14052697238953488,-0.023764626897269006,0.98979160056017168,5.0246484917710816,10.124675298004293,-1.7219114550496766,,0.1088521027798817,0.7887323943661971,False,5
0.70273627657333537,-0.7103344608392359,-0.039833143637894829,0.70443254247730502,0.70255753373830321,-0.10093416114732015,0.099682088094125182,0.042870333936014832,0.99409537559602912,-16.060210515200602,14.670032268821529,-0.15290223434893571,0.3487552166243217,0.2807397773776235,1.0,True,4
0.77604108709852215,0.62630893193360848,0.074144136080520298,-0.62528910659639902,0.77941102408496776,-0.039140627316112703,-0.082302881521979537,-0.01598678563703608,0.99647913092958174,11.187343853542835,0.9747229820494463,-3.6606015733356956,,0.264339284846801,0.2564102564102564,False,5
-0.30778117066020105,-0.95126229200977863,-0.019256240218170913,0.94189062085948938,-0.30176137103448097,-0.14758771387997177,0.13458383752874073,-0.063561991407552948,0.98886149885833075,22.473433765767457,-3.7417786776219546,-5.2169947283406755,0.2419762855777991,0.208930388752893,0.9242424242424242,True,5
0.21486036988919779,0.97600180585241059,0.035432984970381401,-0.96635098488207627,0.21770940262648089,-0.13699777379746803,-0.14142416861526358,-0.0048053075713192402,0.98993742910884375,14.913998221281089,3.076420862212748,-3.294987235909197,0.2701284365180037,0.1914761843980602,0.6944444444444444,True,5
0.82894265179146343,0.55928913214525255,0.0070531344200066258,-0.55368809279230047,0.82229773829843111,-0.13136181138104508,-0.079269009965819356,0.10498617172511239,0.99130940064419015,-13.410265595038489,-18.291284349605021,-6.1553305582707729,,0.2611666266353067,0.9402985074626866,False,2
0.72289050957048828,0.68260355460618394,0.10715268737610846,-0.67941350772716191,0.73044363529903622,-0.069637498296549694,-0.12580380237017275,-0.022460696563786971,0.99180084715585715,-9.5371274453140682,2.7588945361907173,-2.4024344782533129,,0.5618414581243701,0.5061728395061729,False,6
-0.24569458142269271,-0.96884507013010479,-0.031199402944954983,0.95902957440108483,-0.23826992081638573,-0.15326356467937233,0.14105476980096329,-0.067577177499116292,0.98769270372806306,-11.533446733102727,-6.9966703067411604,-4.0832488091938135,,0.1332694662454613,0.6575342465753424,False,5
-0.96010244380089937,0.27938648711736097,0.012103231955207266,-0.27655332926399567,-0.94216468971170753,-0.18932499447627452,-0.041491607350653451,-0.18511857896132991,0.98183988421880508,3.7608511348553333,14.825378386878704,-0.83428633724495149,,0.3045436545122639,0.9886363636363636,False,5
-0.62641007684104477,0.77725010343699485,0.059099004553182934,-0.77371820521922108,-0.61076698846306576,-0.16829683513395124,-0.09471301148386993,-0.15114880916149431,0.98396315121284816,-3.2767657755005142,-4.4012711609046189,-4.107863551014626,,0.2883223878214503,0.9847457627118644,True,6
0.99297436531264127,0.1156678242737843,0.024957248640929484,-0.11487739362916267,0.99289353644340372,-0.031074261405231757,-0.028374183070647808,0.027988921320394239,0.99920544735224148,10.732298002392668,2.7326767989916441,-3.3054827555071733,,0.3167910180410011,0.2777777777777778,False,4
-0.79420658393529819,0.5979542193587768,0.10810482683424061,-0.59751859976728927,-0.73616051128982751,-0.31786667731871276,-0.11048721630108618,-0.31704645269823922,0.94195229277575476,0.92188036197564704,-13.833619492265763,-6.0396653962217579,,0.3130899001052869,0.2983870967741936,False,5
-0.99896030918112722,-0.035772512361405912,-0.02826000778660135,0.044296193398408276,-0.90819498697674872,-0.41619672377460248,-0.010777194957711601,-0.41701581863240528,0.90883533111295089,9.530553302809663,3.5804674199389308,-3.1047020844396052,,0.2495253248063972,0.3533333333333333,False,3
-0.98129646800056036,-0.1849431764685755,-0.053415946751301568,0.1924161971280324,-0.93402717682923209,-0.30094723794578837,0.0057661921933595539,-0.30559655499060545,0.95214363233992272,-10.080044955301299,-20.138042410965166,-6.7111531280804337,,0.3794892984711032,0.5161290322580645,False,5
0.49781751642544358,0.84485020124730481,0.19597412531350086,-0.85828052959736645,0.5123797511923448,-0.028662223956532895,-0.12462845924614115,-0.15393221891618114,0.98019009336223828,-9.6980428209408522,2.4825850344807177,-2.4336037224133742,,0.2223856638763733,0.1470588235294118,False,1
0.90155692639821394,-0.4298802757825031,-0.048969959736210121,0.42799007282035872,0.90267959672654474,-0.044654711070922143,0.063400363016553274,0.019300107428790313,0.99780153328335153,-13.544195630568984,-2.1510129534087992,-3.0098336284672351,,0.1650198054963976,0.3043478260869565,False,1
-0.74978193201343002,0.66152938105122105,0.014350346065415019,-0.65502325342634971,-0.73898892846560027,-0.15760679260750296,-0.093656777101117972,-0.12757053582725572,0.98739767393476219,-8.5935329608552902,-3.4363604539493706,-3.4844703833177348,0.329777581358032,0.2649401542674409,0.9967948717948718,True,5
-0.36467706062078126,0.92923680961757804,0.05941037879639835,-0.92212956698332149,-0.35156270217399166,-0.16149528827576548,-0.12918089313880121,-0.11367769390634982,0.98508358973033117,9.1309652264247809,12.231808406027326,-1.5068070946938461,0.208708335123976,0.2253094594528457,0.2857142857142857,True,5
0.5787422835570194,0.78722004351931896,0.21293654525385633,-0.80972310570226014,0.58575284027025698,0.035243470419530409,-0.096983819862347914,-0.19281652729153587,0.97643019488755034,-12.239182623946286,-3.3385584601379796,-3.317256687600636,,0.3771453555862869,0.2826086956521739,False,2
-0.90704840135538267,0.42079041208755535,0.014093498282208541,-0.41647682111090822,-0.89183646353601409,-0.17656381221793097,-0.061727263636077154,-0.1660215389723925,0.98418829170095345,4.0045510712350518,-23.987678761284169,-8.4205376223895119,0.2104357521531472,0.2385320411610502,0.9803921568627451,True,1
0.020218292089971099,-0.99761543555429577,-0.065989873532065493,0.98935842258035123,0.029475786545556916,-0.14248189245247991,0.14408723862398048,-0.062406896664825087,0.98759518372376753,-19.626110679622858,13.312506384946715,-0.20654233249297549,,0.1867811343096686,0.8888888888888888,False,2
-0.83756094821633154,0.54589732827798187,0.022085402462307405,-0.54062668629137611,-0.82228608680214954,-0.17767492091236381,-0.078831745461879779,-0.16075353318222971,0.98384137820934559,13.79340810522381,-8.9711453970979722,-5.8697650587849104,0.294812910438584,0.2884903632826368,1.0,True,5
-0.96091436866223223,0.27676011626720437,0.0068857927813268677,-0.27382181572548026,-0.9464582658033327,-0.17099229317530248,-0.040806731445496874,-0.16619443172474543,0.98524830450624168,8.2064686587793432,-10.773188686942991,-5.9922149912882752,,0.2878438129995012,1.0,True,5
-0.99872961177231789,0.048000751094683672,0.015332660025673951,-0.049973383188602089,-0.90445352525040779,-0.4236348446891452,-0.0064671123232718196,-0.42386288886437934,0.90570327806723883,14.462653676082985,10.251135504151236,-1.997807649423663,,0.4026916401500202,0.2962962962962963,False,4
-0.13555647188399808,0.98991813739651069,0.041067312838629459,-0.98033694851767694,-0.12801446326838975,-0.15017244942117511,-0.14340122140836919,-0.060616651569755479,0.98780651508838446,0.3827499596240666,9.6558802150431049,-1.6124536951227295,,0.3324955024788246,0.9795221843003413,False,5
-0.99391270308153201,0.10972763127493751,0.0098684136494449678,-0.10962142365794574,-0.97605194736238921,-0.18789821586512021,-0.010985541787748163,-0.18783621318819624,0.982138928505917,27.246385147177847,-6.0723844381947192,-5.7119158548281082,0.3049206275158867,0.3018889316226714,0.8909090909090909,True,5
-0.75258257316994281,0.65816504646172647,0.020934234567832041,-0.65162467783326661,-0.73976965255114746,-0.16770849830299442,-0.09489336014494737,-0.13985575705128417,0.98561433503171669,10.291298645753526,1.9657322617473472,-3.4290921109259864,0.3486937200260508,0.3007373666543569,1.0,True,5
-0.21667715184702821,0.97286863676347091,0.081102573753525781,-0.96717535304252755,-0.20262563673572856,-0.15334499602042184,-0.1327510765851731,-0.11166676739042276,0.98483891308480043,-10.046301535208521,-1.4337913083804033,-3.0914162459207595,,0.1142213841905298,0.2758620689655172,False,4
-0.76036096446455692,-0.64692721936544229,-0.057761376045140755,0.64375367479525336,-0.73884247199378839,-0.19923104117008816,0.086211425612492398,-0.18867160470565578,0.97824874938415174,-5.8432362164346952,-16.575250844590393,-6.2409937831271982,,0.2053803413420471,0.2903225806451613,False,4
-0.98841010849735766,-0.13122795601298048,-0.07631959762011839,0.15097644815787656,-0.7972159888295911,-0.58451071782824382,0.015860943284481233,-0.58925876380000664,0.80778867271274235,8.3378120242534415,8.1591144222187761,-2.132151645363745,,0.6506695426625695,0.2708333333333333,False,2
-0.9090541725595056,0.416586318124054,0.0087379004342943434,-0.41226119970876224,-0.89617527920986129,-0.16404442126394225,-0.060507971101725226,-0.1527275629510737,0.9864142522024818,20.79512593346805,-0.24885076365845626,-4.3172461764269894,0.3034386396960025,0.2922774230632698,0.9402985074626866,True,5
-0.79228679926190793,0.59454558660853896,0.13710278319432345,-0.60302569028441788,-0.72877754117157389,-0.32441225676739815,-0.092960446278634368,-0.3397040490312459,0.93592708823895787,7.7235840747360873,9.1303222703115914,-1.9398114152402168,,0.1826749133815985,0.1666666666666667,False,4
0.27991307046183517,-0.9399625777621553,-0.19524094189321942,0.94993232644857317,0.30059432593072888,-0.085273831778871684,0.13884253005699757,-0.16159642206736669,0.97704111900287838,5.7833261877843549,-10.925939483348927,-5.8240216146058659,,0.317256499618364,0.2702702702702703,False,1
0.46737477473296324,-0.87176250012300616,-0.14693863794998321,0.87007109775714997,0.48303155770481654,-0.098269013981646683,0.15664324048926753,-0.081918603751179861,0.98425212093674319,-10.485091712708574,-4.2293136344444413,-3.5645494602169601,,0.3469683244101802,0.3939393939393939,False,2
-0.085331021339632177,0.98869250676274101,0.12331157232126295,-0.98522779285882467,-0.065286563314408283,-0.15831569988198144,-0.14847495740246269,-0.13499922859705743,0.97965830538128706,14.732375204331522,6.1682627056516308,-2.746567348490097,,0.2523617649187424,0.25,False,4
-0.013978041110923673,0.99563387555100236,0.092291929343764956,-0.98942976933136084,-0.000448796324012294,-0.14501217239511752,-0.14433761092519529,-0.093343368469070806,0.98511606911838367,-13.440617500560162,2.5430399604487901,-2.2084652999786969,0.2230947549847395,0.1905543206435361,0.8181818181818182,True,5
-0.99178743725712482,-0.1148506461213145,-0.056276179547491506,0.12788277822714372,-0.89711207446197938,-0.42288996309611182,-0.0019168546768376024,-0.42661370692939571,0.90443190497024573,-9.9492506084903916,-5.2857589937525677,-3.8164685949321639,,0.3880583517370044,0.28125,False,2
-0.73022296835661427,0.68262634169179837,0.028208050498539632,-0.67557479493599759,-0.71529292621616913,-0.17875884915800758,-0.10184848026181285,-0.14959046538326765,0.9834884746324063,8.4187011591786156,10.996336440996084,-1.6466071916044105,,0.1047936899745893,0.2972972972972973,False,4
0.79193090015471179,0.60145239035197806,0.10535877523984344,-0.60406324908075926,0.79688910774280908,-0.0086799234366590483,-0.089179821092804701,-0.056769464510081961,0.99439639350165299,-12.255126778743595,-11.613381992402566,-4.9026280213675397,,0.2623179274971995,0.2619047619047619,False,5
-0.96203706431746239,0.26888420117761602,0.046754392697531746,-0.26991027109408255,-0.91199983837275722,-0.30887657788505751,-0.04041203332373404,-0.30977020703279462,0.94995225479889356,-1.5917211272868339,-10.689932914646324,-5.284454309532113,,0.7137167304403245,0.8031496062992126,False,1
-0.98729796657345492,0.15855430577749757,0.010161560871116269,-0.15782505375293579,-0.97138026446459114,-0.17751516615935675,-0.018275054249015966,-0.17686411147577952,0.98406560170756852,-10.740448703890891,16.178622462450207,-0.14217387983970067,0.3755679460973814,0.2703984986475319,0.9272727272727272,True,3
0.061920662660044562,-0.99771541947735953,-0.027014316072358564,0.98762366152187619,0.065157235580762432,-0.14266757814442274,0.14410182073056158,-0.017845906774085697,0.98940193494532214,31.448256000046499,-6.1831598134577295,-5.8183458462060429,,0.3185771002265977,0.6486486486486487,False,1
0.89061226576836161,0.43098512521049798,0.14512619994417886,-0.45005303374760575,0.88111460165522792,0.14522164289294398,-0.065284445908062358,-0.19465066297662789,0.97869763488282591,16.796786379312305,2.3529470842368441,-3.5284875184005311,,0.1288601706414203,0.4,False,2
-0.96437227656722779,0.26184050056784325,0.037757972018162902,-0.26317812175694161,-0.9350430267333727,-0.23755381366288919,-0.026895881042114069,-0.23902738424639869,0.97064026351851573,-14.246080754135017,-9.8996436803500725,-4.4878988023543718,0.312622634718515,0.1582180436615978,0.25,True,3
-0.80551158846920601,0.59252397865521933,0.0081495742469182217,-0.58505206966672552,-0.79301824542234822,-0.16981206731543291,-0.094154960679177974,-0.14155351336455627,0.98544276659461705,14.935730216002868,22.020970619555285,0.028739425848947658,0.1723452901040965,0.231762990561637,0.6071428571428571,True,4
-0.55817739654672371,-0.82906715289259647,-0.032949203008336224,0.82188828430617888,-0.54702767547284858,-0.15893511376349892,0.11374375633223185,-0.11579455195014469,0.98673906359994601,-16.689117738121045,6.6598479463568543,-1.4549105980259227,0.2184381555259201,0.1757259130102253,0.3214285714285715,True,3
-0.82613004115733213,0.5620173310747254,0.040566915941766611,-0.55715978089231488,-0.80399264952078231,-0.20777102317835025,-0.084155413690453568,-0.19424813792722326,0.9773359336780747,-14.285683067112849,19.630717411901969,0.52299298521338278,,0.3822874149676494,0.4864864864864865,False,3
0.85130167402460299,0.52356157729397557,0.034186760366456161,-0.51979924506051189,0.85045958453778014,-0.080791335564825276,-0.071373697097955713,0.051007546983470653,0.99614458062737976,-12.782846959368252,5.3106862525031735,-1.8163860477289038,,0.1757461662159275,0.5555555555555556,False,3
-0.98330277109935627,-0.18066567621339105,-0.02180765431414057,0.18103101561058355,-0.95893761189465532,-0.21832642506296823,0.018531911270227269,-0.21862884057720602,0.97563210193829664,23.557829777489996,0.34376153510629603,-4.3996007177758276,,0.1868592822745308,0.2222222222222222,True,3
-0.92799039548531415,-0.37087147058105013,-0.035891199423515402,0.36805588281799451,-0.89739565175424174,-0.24334319660850398,0.058040442883182455,-0.23903011634860497,0.96927597229493678,34.814925749373963,-9.3380279446806078,-6.4237746643278619,,0.2518589931629988,0.1785714285714286,False,3
-0.87919326643553852,0.47546162305928213,0.030910277453309494,-0.47139351941068069,-0.85856176755707092,-0.20164285543229565,-0.069335056876154641,-0.19185394519558541,0.97897125269380036,10.557634081008333,-29.236654951726639,-10.224355356556583,0.2671298720460653,0.2258521952272053,0.5652173913043478,True,3
-0.97613286825524803,0.21061267545223566,0.052980415727275187,-0.21331256752208047,-0.88400875171258253,-0.41596427182235285,-0.040772197008764527,-0.41733778625283113,0.90783632892535526,-0.41429257485342419,-11.386741732756727,-5.464563411441568,,0.5087274782703104,0.282051282051282,False,2
-0.99628280416924264,-0.085866416316395536,-0.0068943937840549238,0.085389452240414596,-0.97384119912472988,-0.21057530798597768,0.011367302351575031,-0.21038126683782202,0.97755332693462826,-14.924260218261082,-14.260334357990148,-5.2729404457564932,,0.1453502337456163,0.5333333333333333,True,1
0.76745455061012546,-0.64083479900069384,-0.018554598824852268,0.63280612092119137,0.76184595191962323,-0.13837325922430985,0.1028101457662878,0.09445372376684745,0.990206325971558,-17.604179441942414,-0.7766001437265373,-2.6789495172801199,0.1479501394090821,0.2449954656088846,0.7692307692307693,True,2
-0.64202736735979282,-0.76471375199653346,-0.054897514228227307,0.76016499203229582,-0.62562008359396537,-0.17535306068734419,0.099749909521730296,-0.15431263237747084,0.98297383843067876,19.496765798587948,-14.545405276643898,-7.3698125553288962,0.2546496188630365,0.2242427634511693,0.5172413793103449,True,2
0.99687639559707864,0.078523171414428036,0.0084595184494879617,-0.077511523255829315,0.99328554904400268,-0.085882372014952649,-0.015146473646955315,0.084958399298562831,0.99626936855686166,-13.178472877849533,0.82545272238641187,-2.5031244768921939,,0.1118197709228226,0.3928571428571428,False,2
-0.11487195923349011,0.99055741167529487,0.074836135369227494,-0.9823013097870924,-0.10204812158363959,-0.15706787600211086,-0.14794786166897836,-0.091554328441601635,0.98474831057036361,-4.8069146667998552,-16.472575216111949,-6.3151304372304979,,0.1538225346470408,0.2962962962962963,False,2
-0.78584140538885927,0.61610406576478549,0.053563660485100015,-0.61183157595147986,-0.76192080539808693,-0.21245895831962133,-0.09008556069199275,-0.19973098520167307,0.97570083801602725,-18.03982427368652,2.5418055109508231,-2.0266555193476736,,0.1056056789920768,0.2380952380952381,False,1
-0.39593294012321095,-0.88377950109687675,-0.24934093199140994,0.90872853025762346,-0.33803398502770354,-0.24483766716358962,0.13209680246398253,-0.32352251607460836,0.93695443665716494,-14.570145295167718,17.218633525851587,0.16357190295951143,,0.2862460478966556,0.21875,False,1
-0.9125990012961932,-0.40620046821501499,-0.046521419315137646,0.40471681436667134,-0.88134410656505957,-0.24379677190629728,0.058028984155208629,-0.24131669118596119,0.96870991093978964,16.004029882275631,22.653765733143093,0.078378021654531921,,0.2060805947391969,0.303030303030303,False,1
-0.9696960154708324,0.24411632801356895,0.0098415434340033241,-0.24160404040499156,-0.9521754266328557,-0.18705465665554105,-0.036292220102591699,-0.18376391189161917,0.98230020841202847,9.9049594135432866,27.357913007755478,1.0577923945288208,,0.2280619551985698,1.0,False,1
