axis_00,axis_01,axis_02,axis_10,axis_11,axis_12,axis_20,axis_21,axis_22,location_x,location_y,location_z,dbh,dbh_approximation,score,reconstructed,number_clusters
-0.37635777289343597,-0.92565479696070108,-0.038961822933947579,0.91653313348136034,-0.36584591567475511,-0.16162852846864512,0.13535819891507286,-0.096539954670299494,0.98608224562595415,-13.147143557167494,-11.399631438391499,-4.6698239414683069,,0.1239383499263067,0.2926829268292683,True,5
0.7168115890171316,-0.69726654045997039,0.0007193091968105904,0.69196808587217939,0.71123691759529395,-0.12378293575424049,0.08579810012540047,0.089226781879269843,0.99230905841393113,9.0254204866920933,-11.202083357812944,-4.1200071238549976,0.290068554786697,0.256312881950483,1.0,True,5
0.66501543416555997,-0.74424805738881639,-0.06204273845152939,0.7379914064571802,0.66761675795949948,-0.098267738790510234,0.11455634559876808,0.019562555165939879,0.99322411877603689,-12.396023574044976,5.0085893476711529,-2.8264389608951124,0.5506489104971912,0.3586735815103566,0.8421052631578947,True,6
0.95590466359046422,0.2926382958308083,0.024679990665363572,-0.28759154042150459,0.94980434286222404,-0.12313738732832342,-0.059475877496580183,0.11060984627644939,0.99208269912478209,0.89354971571495234,10.759104703873506,-1.9106959393128056,0.3507459161205188,0.3161414081912461,0.9817073170731707,True,5
0.99963035742203665,-0.011682103939710961,0.024549479991098664,0.012860909741057917,0.99874418968628875,-0.048421488706063276,-0.023952985636949801,0.048719318708504537,0.99852525379364143,-11.845717034780657,-10.783986839200601,-4.5538078555236581,0.3849953452516666,0.2569565953520029,0.5135135135135135,True,5
0.65609444031334707,-0.7546569343195827,-0.0057442904944979825,0.74856798089395782,0.65172970092730842,-0.12204251271399101,0.095843953227417886,0.075771422136385713,0.99250825095672157,-17.221152152709543,-2.4484150066442623,-3.7803086861102453,0.3655687971214683,0.3261465823805765,0.9862068965517241,True,5
-0.35120844912547916,-0.93463447196894944,-0.055776599665083006,0.92801450597040969,-0.33957705411689543,-0.15322043279467501,0.12426464489697864,-0.10557380415905382,0.98661667830217303,9.7140351706078683,0.8044908668069326,-2.742911683479992,,0.3314678495638864,0.1379310344827586,False,2
0.38524051855774788,0.88602924855300214,0.25795719328981564,-0.91384272132530631,0.40517429025923229,-0.026930933769286361,-0.12837921771889615,-0.22535741661087916,0.96578093335722592,9.6288969855171622,-9.2098975625407888,-3.8467945056379009,,0.2591781901144165,0.3265306122448979,False,3
0.79136967872482122,-0.61132001921292578,-0.0046760778952746164,0.6061824526358407,0.78566432092165084,-0.1235896797759404,0.079226672979314836,0.094970568810715597,0.9923223898252016,-5.3972155337676133,12.140210491639211,-1.939954615574536,,0.2589578293237112,0.8305084745762712,False,3
-0.00049716230092394786,-0.9991252462725515,-0.041815010348673708,0.98950577236792203,0.0055504416448050918,-0.14438669969256124,0.1444924886636284,-0.041447977735479008,0.98863743903487211,8.9951174209592342,11.664183993652435,-1.5644845065695709,0.1545895847524704,0.1562331918316298,0.6111111111111112,True,5
0.92136830337032583,0.32833778171234224,0.20802584129070512,-0.33896987640838794,0.94064974412053737,0.016657784175877002,-0.19021007447601088,-0.085862448056098065,0.97798147609330743,4.7738370372870884,11.380451073201048,-1.7351901175866129,,0.1250977641404716,0.1666666666666667,False,2
0.5419307331289086,0.82492419553103924,0.16065849531796206,-0.8301464940366875,0.55523543994555324,-0.050699158445325895,-0.13102625282347038,-0.10589465452012156,0.98570707779497291,5.172969834682239,-18.711216700267919,-5.1532995704200832,,0.1801076643798054,0.3333333333333333,False,1
-0.49480640054203245,-0.86345510055706154,-0.098040375889899375,0.85784637878699643,-0.46731497997131438,-0.2138137037152846,0.13880279674659035,-0.18989997055398661,0.97194227441701497,-11.14249554467867,3.9742438628317185,-2.9364281518282307,,0.4743538058993634,0.2575757575757576,False,5
0.052951298011663754,-0.98082832006864307,-0.18754190622419353,0.9863606745049911,0.080682118343285703,-0.14346782067662434,0.15584857981046851,-0.17738715379351527,0.97172270624911117,6.4163549543669491,9.0771366383367393,-1.9278780734868564,,0.3474407217002852,0.6363636363636364,False,5
-0.4638550582406531,0.88029882118294456,0.099561389948515808,-0.877558442452679,-0.44117487310757281,-0.18776557570158281,-0.12136583137189012,-0.17446695034429061,0.97715485886985931,13.825680443335985,-11.259151066709757,-4.0415238912767411,,0.131586963548929,0.391304347826087,False,3
-0.78045304459469778,0.59666406406827222,0.18677537266032271,-0.6198626167935235,-0.69943422612468931,-0.35575567406191178,-0.081629538065304486,-0.39342567020327057,0.91572531937276658,8.6804417405634791,1.0676310473287751,-2.7543320745588766,,0.3638594103805721,0.3981481481481481,False,3
0.26792340098433548,-0.96319995426569716,-0.021515094876528373,0.95400707081513059,0.26835131064401191,-0.1336341382670449,0.13448999977590012,0.015278160170651124,0.99079716278463303,7.1720012875439361,9.7754814972541304,-1.8115554980025774,0.2984363321053995,0.2467524611842692,0.7954545454545454,True,5
0.25459057007566238,0.96500751869651891,0.062802312757871501,-0.95634208037191548,0.26087737714860959,-0.13173010059200349,-0.14350424014107227,-0.026523253029187992,0.98929421817287677,12.89044311966585,-13.657066490395664,-4.3394086829457432,0.3220233559318209,0.2465087600436158,0.9,True,3
0.98608677045918847,0.16406973713368894,0.026720824879655672,-0.16027377650060157,0.98103121189187148,-0.10904163360937176,-0.04410439537735672,0.10324186481678589,0.9936779758339972,4.9130543768397024,2.1006881741195409,-2.7120247981293728,0.2168917876846897,0.220024115488963,0.8507462686567164,True,5
-0.0028769656886314565,-0.96439328264918756,-0.2644566494712331,0.98985847003469241,0.034814129716807328,-0.13772503647717627,0.14202792813036688,-0.26217088464050603,0.95451270021818457,1.6385804152901258,5.1414066917981023,-2.4564715345149639,,0.3892681990433052,0.1136363636363636,False,6
0.94781533822460873,-0.31873327792839262,-0.0074284700438530804,0.31881867141671522,0.94761742048636777,0.019387602916372371,0.00085987339240690627,-0.020744202365585985,0.99978444611124284,3.1002593827172933,1.1555120277526956,-2.8655707377213284,,0.2188720698177954,0.2378378378378379,False,5
-0.59042867752034789,0.75329159329633988,0.28973393351596743,-0.8000076078624847,-0.49878405689681082,-0.33347007654016603,-0.10668553849382895,-0.42867964735291658,0.89713541665774255,1.3806429767771331,5.3896019244088151,-2.424524310066221,,0.4202496126309204,0.2517985611510791,False,3
0.46439885672314696,-0.8854174943036025,-0.019224012467860357,0.87734169639343906,0.46290839071303347,-0.12644117041910322,0.12085218096384166,0.041853107275326859,0.99178781388343518,14.191945533906567,-0.6942630712842881,-2.873157988724901,0.1684592345774578,0.1821580430393484,0.8974358974358975,True,5
0.95552262586151038,-0.29301891594191193,-0.03341296704800701,0.28924520016549621,0.95322381442910453,-0.087758610896313094,0.057564968930300942,0.074190797983679668,0.99558123719091807,-2.3144513320985403,-0.40814251182307715,-3.1310047736752469,,0.3211920699488676,0.972139303482587,False,5
0.94610104515811877,-0.32385071149767153,0.0036781806870999478,0.32240219651640417,0.94066725335546764,-0.10583922782257403,0.030816165110425328,0.10132045759437079,0.99437645227587446,0.90292838909806461,-18.823222434895634,-5.2516749958727349,,0.3207585929420302,0.9545454545454546,True,5
-0.90402291139253854,0.42563097991390619,0.039759836705978845,-0.42528775861031115,-0.88606392931512445,-0.18444792095022255,-0.043276992196498623,-0.18365451833311874,0.98203773850206699,4.4748259609785466,6.7825115815862151,-2.1886218744456798,0.1210416910088986,0.1668816227461818,0.7829457364341085,True,5
0.89155182872685823,-0.45139333171101609,-0.037140231294694487,0.45033136611943336,0.8922258711592882,-0.033684648180648938,0.048342500791742786,0.013306198588546874,0.99874218279610216,10.386297834486179,-1.8895055903832283,-2.9930891298144604,,0.2616309131809767,0.1935483870967742,False,2
-0.16345970551540567,0.97379447987983425,0.1581304386523408,-0.97758997034223083,-0.13832735245050218,-0.15869276432878951,-0.13266037297963168,-0.18052660335695525,0.9745826650014392,9.5088763749065652,-7.5181618079367603,-3.6267940570678863,0.6007766881672723,0.3355091109561473,0.4803921568627451,True,4
0.95587277577250507,-0.29367014249685858,-0.0080674619826416813,0.29328782679238086,0.95231809457963845,0.084098141427797521,-0.017014323153419272,-0.082753212276516663,0.99642481837093422,4.6808314395695199,-0.40938936716854502,-2.9988366766453387,,0.2847316521426509,0.2604422604422604,False,9
-0.4033621582937682,0.89219021769777163,0.20321315090562941,-0.90654783392093297,-0.35945257265192193,-0.22128007779096959,-0.12437843088677338,-0.27347845154292466,0.95380267480848824,9.6061547602008375,-5.778665048367535,-3.4370783022953231,,0.2659759791503903,0.1111111111111111,False,5
0.98124059009940356,-0.18585238663913806,-0.05124250893458146,0.18701277950633202,0.98217711863188872,0.018823600539660396,0.046830808691398378,-0.028053484926065977,0.99850882687175702,4.0813782929353293,1.3046906970781653,-2.8333669405366231,,0.2151381447323157,0.1941747572815534,False,4
0.58947540263817577,-0.8039717049220233,-0.078410760545583394,0.80229193131287657,0.59400343972907277,-0.05905565629374878,0.094055338151623341,-0.028096463742008311,0.99517042866555216,9.2840229526957145,-1.3823754145909417,-2.9549568225778797,,0.1465599246078143,0.2962962962962963,False,5
-0.97734902306089744,-0.21123499395868564,0.012987087786896636,0.20595636761855127,-0.96345590324231623,-0.17127374914126761,0.048691495759348828,-0.16471945797266255,0.98513787786578921,-3.5941825317488618,19.695432409111167,-1.1175798272427264,,0.2395939579496582,0.5833333333333334,True,4
0.55100455727916786,-0.83448699044547869,0.0050438710169592249,0.82736337734936871,0.54549204090718351,-0.13382180363439267,0.10892116267573645,0.077909537825374256,0.99099257526845397,-17.080285857959481,-5.4914656327494011,-4.1103425804269582,0.238029401840658,0.2394628562770709,0.9452054794520548,True,5
0.74330812139492131,-0.66893852581104496,0.0037795970816702357,0.66432522376410685,0.73749519483031178,-0.12154355051984843,0.078517728820461166,0.092855189881595926,0.99257890365095425,4.0791137190937787,-16.581141538270117,-4.9140601757702171,,0.2736633449297756,0.9838709677419355,True,5
0.92743245559348908,-0.36107565556087462,-0.097434138129891074,0.3621476076215383,0.93209393692936826,-0.0070712823098915828,0.093371037296510195,-0.028727403307549092,0.99521685360195655,-3.7239625304627939,4.1415450834612395,-2.6581759568569843,0.3995088028519161,0.3582241977236123,0.1718061674008811,True,6
0.22487161452509591,-0.97378489961229986,-0.034288865072213653,0.96498414329672033,0.2274406707692824,-0.13067648780830587,0.13504947303404069,-0.0037027782924041919,0.99083193795221702,-21.795055971057927,-3.6255957326613659,-4.0091607274229375,,0.1151036230748049,0.5806451612903226,True,2
0.86578261926347522,-0.50041489049285537,0.0023224026995130789,0.4977188501658214,0.86061800258512855,-0.10776177344492345,0.051926894485304048,0.094454174070846719,0.99417403236541291,13.275888542585049,1.616989052739616,-2.6462369489545021,0.1796070849383899,0.2055165532479323,0.65625,True,5
0.47231692825759819,-0.88136953270882856,-0.010220865615434383,0.87358541035239634,0.46962604377130518,-0.12767110021907133,0.11732540262339947,0.051372422799923753,0.99176389532737275,-7.1764701026421269,-10.143586777792756,-4.3606808993832162,0.4212567961083438,0.3362012232589792,0.9256505576208178,True,5
0.99909871102886172,-0.02957360975528453,0.030449420791013922,0.029891253887069862,0.99950283282431052,-0.010029960978784516,-0.030137660186630572,0.010931092453151802,0.99948598422201751,8.7981207065025746,0.69724203261657069,-2.7817893364411654,,0.367648346480742,0.4311926605504587,False,4
0.23548902754084136,-0.96499169766779724,-0.11548134628628083,0.96398532693914651,0.24703368700284559,-0.098522316922651662,0.12360100061850662,-0.088121398751967395,0.98841155989198226,2.6743989266293382,-3.1559469012026433,-3.3637452091287594,,0.6292962525363033,0.5785219399538106,False,3
0.034639804373013776,0.98676172778715165,0.15843413940030254,-0.98688078396054624,0.058786954761429443,-0.15036759025566412,-0.15769084374946118,-0.15114690378698734,0.97585255611346844,9.5184187751031182,0.17219774106105543,-2.8122520907683604,,0.14480389268957,0.1578947368421053,False,6
-0.58920249218559062,-0.7572157110416653,-0.28189499845501859,0.79107866717095066,-0.46962834355775018,-0.39197418444871718,0.16442312960566735,-0.45395328600955176,0.87572338587696108,-4.6407059116329892,15.529052231090054,-1.6290512667859642,,0.3910831840512053,0.3043478260869565,False,4
0.93238695214401046,-0.36143902994135158,0.0040495810472432519,0.35997011072769702,0.92746435858332987,-0.10115029876526727,0.032803823775483416,0.095768946912180491,0.99486291415100991,-10.451151155264995,-15.35723007448286,-5.0118387458414988,,0.2743563761793547,0.9716981132075472,True,4
-0.97662876013711419,-0.21478651771827909,0.0079383045731628108,0.2090538641326255,-0.95784532282070578,-0.1970502967308434,0.049927414956701721,-0.19078545373521286,0.98036124152211757,-17.798665483730336,-3.2772352956283557,-3.8852767899980316,,0.0874258440077903,0.2222222222222222,False,3
0.7159564532129401,-0.69814493695113811,6.4126748984070473e-05,0.69297410964721617,0.710642539872955,-0.12154860707373313,0.084812973426218186,0.087067947790264985,0.99258547843810241,3.0098141274384176,-11.066423771239506,-4.2272242604480024,,0.2811625428081831,0.9746376811594203,True,5
-0.93106726377047921,-0.36483381947601795,-0.0031677281280328906,0.35742759726169082,-0.91035547458649635,-0.20856275459949541,0.073206987717616967,-0.19531818670296719,0.97800385627684372,5.935743111080499,-5.5974178670944719,-3.5288008124287429,,0.1148934562696286,0.3548387096774194,False,3
0.61190785589451646,-0.79089179496469986,-0.0076775355480071424,0.7845173914916227,0.60815231419472726,-0.12117435861921357,0.10050491700287886,0.068124381810869397,0.99260154657401756,-1.2719476076615925,-6.235035542447064,-3.843224677736921,,0.2914547005171222,0.986562150055991,True,5
0.053484757996569647,-0.99853024122792777,0.008760023706923933,0.98830493584723478,0.051678433480240309,-0.14346669750510882,0.14280313176552673,0.016330856264319498,0.98961637450662321,10.619970717280646,0.54518731431947021,-2.7557968210775972,,0.2319714777136262,0.9147286821705426,False,5
-0.99939985471478388,-0.032608754389997781,0.011687580297121114,0.025893625092774455,-0.92737122946286299,-0.37324539239499388,0.023009793037393859,-0.37271875711006386,0.9276590308527729,5.7905433099930086,-0.49050809410015417,-2.9620152882818824,,0.07976548182906255,0.2916666666666667,False,5
-0.39860566175098289,0.91602931948862576,0.044763961590381332,-0.90856129356952631,-0.3877605888336989,-0.15542876688248974,-0.12501960745150806,-0.10262558932618757,0.98683234957520649,8.6260569468272212,5.1990058059415851,-2.2805694519793138,0.2264671826871951,0.07773719332852125,0.3,True,5
0.57173339808895818,0.79364555478785692,0.20796070512269335,-0.80666051572577102,0.59003304174509885,-0.034056159766773342,-0.14973220721904304,-0.148282645695649,0.97754412847032757,5.1057338285077529,2.9924940487798501,-2.5928830249256527,,0.3423705112301698,0.5347222222222222,False,5
-0.87105897795600318,0.46575130992875508,0.1559870963313692,-0.48998050041139801,-0.80178541963694439,-0.34213922615538395,-0.034283613269885334,-0.37445408017173182,0.92661144807513729,-2.699123333441384,0.48369265961391428,-3.0433480153693373,,0.6402609509950681,0.2609400324149109,False,5
0.98188746550300399,0.18760408643435367,0.026489844114663482,-0.18334349804528915,0.97608322589074281,-0.11681908174283302,-0.047772029605247887,0.1098464514122017,0.99279987424432259,16.297565926900422,5.4961223447832959,-2.218559568180007,0.125076571802398,0.103002326269861,0.7714285714285715,True,2
-0.10146461227181373,-0.99482422211811494,-0.0054497287655946624,0.98417493837195236,-0.099575511968920852,-0.14657560539425268,0.14527430308590331,-0.020235723441857194,0.98918445820771483,-9.3600733621869079,-6.19854743040759,-3.9870986823915424,0.296638223011459,0.2815563286646804,1.0,True,5
0.97575937993764461,-0.21863429828864467,0.0096268414100569612,0.21866166226450634,0.97218733594516804,-0.083897921807154191,0.0089838699581728278,0.083969205305685621,0.99642785119691735,-18.47798468073999,4.1618710280159288,-3.1904996633303333,0.2131173795167756,0.2400305937619785,0.9803921568627451,True,5
0.93433267273130471,0.35571800250725849,0.022071686818654051,-0.35147647778800567,0.92991160831348185,-0.10829905948607708,-0.059048642901528232,0.093429670962052569,0.99387330900643889,10.764319499706994,-24.161518712068254,-5.7971872754079374,0.3923455308877764,0.2947326906589174,0.8409090909090909,True,3
0.26023419352012045,-0.96470312657054702,-0.040324212428049545,0.95612931810066426,0.26328983384080573,-0.12843360333042947,0.13451725387952931,-0.0051323465481999866,0.99089796014908504,6.4828916097102764,-2.8605624317883622,-3.2084754263921642,0.1830622437221172,0.1778907261064559,0.8547297297297297,True,5
0.9314019615694189,-0.36382769025453465,-0.010945217617186006,0.36232429334256877,0.9295899732902505,-0.067702200939394774,0.034806499945344342,0.059092244518891751,0.99764553534773703,3.409923013978001,-3.7968655782686107,-3.4152899883304757,,0.1071491816920496,0.35,False,3
0.69929120373464249,-0.71466645089433312,-0.015610135984438278,0.70905766382601065,0.69624342684426166,-0.1117243032905539,0.09071406588261241,0.067059335981333512,0.99361662813621843,-5.6588411144994426,-0.5034268123027299,-3.2441310238170891,0.3162177079268227,0.2628491306114936,0.9674952198852772,True,5
0.6534702164273386,-0.75398200496040069,-0.066991137013067581,0.75302615425497543,0.65653212728936594,-0.043785578046472637,0.076995371616552066,-0.021833507111693826,0.99679236088406842,2.2629445895987352,6.8833148111218181,-2.2315864409732193,,0.1919399416111192,0.3018867924528302,False,5
-0.13055700793806571,-0.97634903174876353,-0.17232943997330658,0.98302206828489835,-0.10487452022023641,-0.1505621076946583,0.12892820072871,-0.18906058079840124,0.97346474812652073,6.7663461818875534,2.2134690349742567,-2.6273463431780657,,0.6032521651172394,0.3573573573573574,False,6
-0.95959827663956654,0.27730364783681921,0.04768473934885497,-0.28060692863042674,-0.93063811557569687,-0.23488816369139534,-0.020758108655979147,-0.23877894533251987,0.97085205679903541,8.7486331228709719,-2.9076253879511165,-3.1062466095007464,,0.4475963994353543,0.5108695652173914,False,5
-0.038158719664233225,-0.99709525274762389,-0.065916379313016929,0.98811477432790917,-0.027820811866813767,-0.15117934773630759,0.1489063627535456,-0.070901758618686,0.98630615721300574,-13.800473094491574,-26.645972528301485,-6.447832503356441,,0.2577373835543143,0.8292682926829268,True,4
0.86929543401784004,0.49317574963639244,0.033213376316146521,-0.48659225332383521,0.86563310082889466,-0.11792927437488102,-0.086910456223450602,0.086354008128954871,0.99246640138550624,8.9194345101219863,-0.17297609889642657,-2.8382826292450449,0.2469491830126834,0.2248400872467395,0.8960396039603961,True,5
0.97988539844620359,-0.19897780721196098,0.01524592237431016,0.1993534561040724,0.97252174691139648,-0.12024829031535579,0.0090997500671971144,0.12086887118495034,0.99262677302558677,5.2022591345039428,-7.1488765611409875,-3.7224787207017367,0.317622271726416,0.2726830653913953,0.974025974025974,True,5
0.09445068957345687,-0.98749554077178769,-0.12622053792839733,0.98225861362009659,0.11307254293434711,-0.14960820834261288,0.1620095157952918,-0.1098506121521212,0.9806557804864966,9.6451204242875459,-3.9537308393536779,-3.2321583645962568,,0.2748634244781223,0.1707317073170732,False,7
0.68784607259893316,-0.72550193117101858,-0.022687623880593991,0.72030811230669045,0.68611193846864438,-0.1020128974001456,0.089576803668118377,0.053827091300973171,0.9945243287555523,13.378859921680876,-2.1722088451357271,-3.0354976710961314,0.1602781290660215,0.1580972896721954,0.8533333333333334,True,5
0.99504836425386078,-0.09868136353137312,0.011863443315712116,0.097464932135765653,0.99217057157853417,0.078090613375073906,-0.019476647542293207,-0.076547667404785594,0.99687567670968857,-2.6546671394234513,16.287032695870955,-1.4171230991204067,,0.309708032729213,0.2857142857142857,False,5
0.98200042742278904,0.17322085029557924,0.075297394140410576,-0.18315939042421286,0.97068310009164116,0.15565011049116462,-0.046128063485155489,-0.16663989984201732,0.98493824453097167,6.2226796207242554,4.736339370534024,-2.3542016036125095,,0.09709134498346098,0.4,False,5
0.75563222923058793,-0.65482983825390373,-0.014758627320257442,0.64963698983700824,0.75213588532469389,-0.11074019795155489,0.083616479138521008,0.074091112417111721,0.99373980069094137,10.541766217732636,11.928842944377385,-1.4938866252873813,0.1871796609112627,0.1961037695066066,0.1842105263157895,True,5
0.9896145632576806,-0.14325281258580538,0.011901591261941246,0.14371076090087359,0.9841299563178082,-0.10409344974205063,0.0031989669585812753,0.10472278054064948,0.99449630760814445,21.051208656212641,-6.5061678097704982,-3.4675538256577334,0.2082471941595149,0.1896956928333959,0.3888888888888889,True,3
0.97252670267659613,-0.23276554620165207,-0.0034659893875151424,0.23251957508993501,0.97200287549804454,-0.033838694175888903,0.01124543378371186,0.032103123290107713,0.99942129739866792,9.8506830851377689,-7.0341397509736456,-3.5791579098623814,0.1808020803309825,0.2174081676971319,0.8441558441558441,True,6
-0.43471538485926314,-0.88656502888162958,-0.15819286877345842,0.88437008241681003,-0.38709266574408208,-0.26086169794207831,0.17003555949490795,-0.25330163381086668,0.95232672482504566,11.092232756151583,-5.1971332372003349,-3.3542424871890169,,0.2201392512682962,0.2564102564102564,False,7
0.99186639118794984,-0.1268333137981616,0.010694509935953568,0.12727527578900816,0.9873472233224585,-0.094585753526964314,0.0014374298678628277,0.09517757671010979,0.99545927223918429,7.6372229692548901,-19.942968693365167,-5.2952624231035417,,0.2683513592043948,0.627906976744186,True,5
0.88680717735534742,0.45406154547547423,0.08602989661428781,-0.45490423464334295,0.89047633037917095,-0.010679060726491399,-0.081456537457687606,-0.029665096576102272,0.99623532087079458,3.5154865528300041,3.8075754140965623,-2.5376874083213394,,0.1994608784718193,0.2435897435897436,False,5
0.54440090807309804,-0.81190017390178515,-0.21082162817756081,0.8314728048401725,0.55551133537172703,0.0077544235593359212,0.11081798635782546,-0.17951396572905429,0.97749379026560845,-21.588319936951141,-9.5869997363908013,-4.638306910329419,,0.4530496939174535,0.3611111111111111,False,4
-0.4288558823907313,-0.90333256204832235,0.0085389977210948483,0.89265117123493043,-0.42519902641093804,-0.14959837710382187,0.13876785878500125,-0.056533797700173222,0.98870997319022813,10.55579424731728,11.948276619901323,-1.4929299923740944,0.4534710555631734,0.2211453568342087,0.813953488372093,True,3
-0.60184265203913345,-0.78998558271198505,-0.11708202805601124,0.78501195363784049,-0.55825574311180437,-0.26852701526734468,0.14677075605243764,-0.2535218025927814,0.95613024258094848,5.5634027416920535,0.82212999139940313,-2.8414896591668364,0.3271200571660495,0.229480212461836,0.3653846153846154,True,8
0.55006385082288645,0.83398179980463716,0.043636196127943901,-0.82559395019331971,0.55091549357256941,-0.12201126319272006,-0.12579502940135756,0.031088205742872656,0.99156902636256294,16.739297023086149,-3.0062274697980125,-3.0805452528118207,0.3398049760070139,0.1349348146575018,0.5416666666666666,True,5
-0.89458951680658849,0.44014891423277319,0.077320952654927638,-0.44331098732578755,-0.85219344883521297,-0.27792390015718432,-0.056435493583295318,-0.28290503541304446,0.95748617535813751,11.979297732645284,-0.099239391467201066,-2.8472887703954717,,0.4341664328640191,0.5838926174496645,False,2
0.48461145760660346,-0.86166518081036692,-0.15061491073410044,0.86791532537393812,0.49510511434915572,-0.039923849092502336,0.10897120324863149,-0.11137343455396984,0.98778602689965112,-11.970494296090688,-9.5125051402843681,-4.4157308911923563,,0.2344202968030849,0.2058823529411765,False,5
0.19048923481422145,0.98092037074226879,0.038846849070987288,-0.97097585265528896,0.19409303517363005,-0.1397633258670693,-0.14463659626881781,-0.011095943400164489,0.98942262712141027,11.064961756516857,-2.8057019191799295,-3.0792534975274219,0.1510964245022235,0.1592847662577988,0.7682926829268293,True,5
0.99989517109963033,0.0069516155193664643,0.012701254005511966,-0.0059128966389142097,0.99677226608109692,-0.080063020333315818,-0.013216825071822199,0.079979526212814789,0.99670887972456379,13.776727026777111,-5.5039976164624926,-3.3934665526993846,0.1720986902757732,0.2186157526349653,0.6170212765957447,True,5
0.94380514504091906,0.32962164965130797,0.024112575047879187,-0.32417844959472303,0.93748271827529783,-0.12662734994273603,-0.064344238379601001,0.11169476718409332,0.99165724823198875,-15.872810969417325,14.863114961382289,-1.9867073500832282,0.4099887306250665,0.3782363770702138,0.8723404255319149,True,2
0.95798717880300177,-0.28639305395611059,0.015478497819813416,0.28608295366150316,0.95031984981423845,-0.1226732516621029,0.020423243458761054,0.12194753664890393,0.99232640266793692,1.5660676550726988,3.1434961744637189,-2.6573077452850704,0.3206724354635838,0.2816870774996317,0.9951690821256038,True,5
-0.81377309052562252,0.57893417836832162,0.051074203404191929,-0.57727109083823647,-0.79499003854052286,-0.18641063892323761,-0.067316007151413448,-0.18117962285625083,0.98114346527042451,11.550337890900078,-6.983290561279258,-3.5566085792001978,,0.1075611316806572,0.1,False,1
0.46477313590827057,-0.88075237876832402,-0.090891030536191977,0.87870252424264372,0.47143516553467207,-0.075038380758797596,0.10893946037868082,-0.044990354424421994,0.99302973871942357,14.029182372545003,-1.5791890058927907,-2.9791560400561874,,0.1890447565063648,0.1470588235294118,False,3
0.99531446171762927,-0.093902480989432754,-0.023053120391272185,0.095928612480734074,0.98886974361828239,0.1137292023353402,0.012117078990681112,-0.11540777365646053,0.99324429128809588,4.2794993781241617,-4.8777348846242621,-3.5019003388410161,,0.3015818317216701,0.1559633027522936,False,4
0.9639031651912997,0.26125765991327859,0.05133345177203516,-0.26014611955825795,0.96518110610798857,-0.027375698912368046,-0.056698188798009724,0.013033324548929614,0.99830628959164036,6.058882231849636,4.2787631236021149,-2.4295632580944688,,0.09552997085506486,0.3809523809523809,False,7
0.957940646760154,-0.28682963582856746,-0.0088587411741554642,0.28545468732596441,0.95560462220502151,-0.073044010733499115,0.029416641011088408,0.067443057692033528,0.99728937385333438,-15.927671094416933,-12.849513404879785,-4.8478597034332171,,0.2629919826099077,0.8484848484848485,True,4
0.74222480791729961,0.66955498021517912,0.02825708727341979,-0.66089127349923193,0.73830342069067978,-0.13465059824970721,-0.1110182828397657,0.081266152028329139,0.99049015815898833,9.4155307821667957,-15.047176512110301,-4.6279133638759946,0.3255913642790361,0.2737877720209566,1.0,True,5
0.95380578034181696,-0.30020796421491597,0.011389100424274982,0.29943902163753944,0.94692825451473883,-0.11688949106923316,0.024306495166760311,0.11490021333142431,0.99307962181745646,6.2952545632357539,-1.0917032337088652,-3.0134718208123243,,0.08958713494455592,0.5874125874125874,False,5
-0.98536484315339035,-0.16236349423915378,-0.051905891917446899,0.17031843714437656,-0.92545319486068067,-0.33841987839199877,0.0069105604686199888,-0.34230758078168599,0.93956253878781171,-2.8288637472441938,-0.96448825871218258,-3.2030020696587531,,0.6805263400611967,0.4590690208667737,False,4
0.74693240448458298,0.65921360376796267,0.086772159925491546,-0.65575875303739506,0.75192904770036373,-0.067699077093159379,-0.1098746601620252,-0.0063349689565210853,0.99392526239280177,8.3283759971829188,-20.311236809088911,-5.3390682637864941,,0.2169454696861576,0.2758620689655172,False,1
-0.43783989764328068,-0.88891440821864243,-0.13463802914861034,0.88568597255332715,-0.40073836103359811,-0.23445495093593657,0.15445576083134102,-0.22190074550890115,0.96275826513648033,1.8708542043776701,4.6002946146836798,-2.5043685016441404,,0.1900911146167077,0.1896551724137931,False,4
0.10437417035398637,0.97090827181090078,0.21550675231205096,-0.98849910584559586,0.1251188308668211,-0.084939954703176807,-0.10943285752174693,-0.20416269466210124,0.97280113271055313,-5.052005618698888,15.206242365376536,-1.6686553975567751,,0.2172867891200281,0.1176470588235294,False,4
0.73981751489959402,0.66046816396353503,0.12826476148352578,-0.66231653004949897,0.7484595751756169,-0.033839006355475168,-0.11835057528791261,-0.059917182164816306,0.9911624854737231,6.880253519469818,-4.8426688882414846,-3.4179541791216579,,0.2722883213189425,0.3,False,6
0.98072201110382884,-0.19540407571060178,0.001258623115353514,0.19483507466213473,0.97733273922259267,-0.082825180501246334,0.014954284264432469,0.081473701519871336,0.99656329720835557,-22.901597736014065,0.45566123835041322,-3.6434815920139716,,0.1914173548004732,0.82,False,3
0.70274204526288941,-0.71114700791527219,-0.020580353565613291,0.70508630653013782,0.70002878569059357,-0.11319452084019162,0.09490478472352458,0.065035623605126408,0.9933596778100432,-3.0878435885621882,15.590613114817891,-1.5133962224895925,,0.1364930539889745,0.25,False,5
0.96762254527380132,-0.25192765463778272,0.01546178212745623,0.25185842955162124,0.95970951970989371,-0.12459923451609418,0.016551173421902644,0.12445920860632075,0.99208667164287967,15.799607143827128,-21.30794314244184,-5.4200635705615294,0.2797776118451475,0.2911413556267402,1.0,True,3
0.97844043250395418,0.2002530771677018,0.050527469027656362,-0.1967535053064379,0.97817932961879606,-0.066732730021720421,-0.062788360315458369,0.055352544579167877,0.99649070121978911,-15.632864867788456,10.133421968485381,-2.3956032003420806,0.3073869405039313,0.3158579697598213,0.9846153846153847,True,6
0.65202958017340351,0.75738340926220549,0.035039947963059877,-0.74848889247737416,0.65036665791684733,-0.12956692520880705,-0.12092065339258296,0.058254456004921733,0.9909513680997073,7.6945365151960043,14.193285135532056,-1.3266635182269426,0.1693090814255692,0.1850676242435438,0.9272727272727272,True,3
0.88929514853371416,-0.45732127654987176,-0.0033747309814009486,0.45499561283693146,0.88546976028590718,-0.094457905536620951,0.046185832173365166,0.082465469343330475,0.99552313648274393,1.0801712935339796,6.5557449055217596,-2.2933212502530154,0.2449747838233968,0.2160026114601411,0.6378378378378379,True,5
-0.098775602084949163,0.9865090463723617,0.13054992094309931,-0.9871704284261098,-0.080601668868344634,-0.13783292863698787,-0.1254508894897404,-0.14248955190164445,0.98181403632515962,2.9726943816971261,5.1371248032212371,-2.403805874326352,,0.1415336871968511,0.2159090909090909,False,5
0.039296520176590348,-0.98903020221824656,-0.14239045825526619,0.98573088789852714,0.061712314424209963,-0.15660845089326608,0.16367773258690962,-0.13420450569388997,0.97734269859996736,-15.524572158437611,4.0933346063571303,-3.003069278350595,,0.2355600213244305,0.4090909090909091,False,5
0.38164149278258369,-0.90368420092787372,-0.19417681627844344,0.91582311424452278,0.39810238644829599,-0.052749533833358356,0.12497117428489692,-0.15770020576246233,0.97954726823177452,8.1012881664581577,-17.64470670816366,-4.992752529252849,,0.2669677716582486,0.3333333333333333,False,1
-0.59731010985240796,-0.79832262866705606,-0.076821957969227112,0.79021299796903199,-0.56944880399737752,-0.22647621832490611,0.13705491785739993,-0.1959822445633215,0.9709824454165088,2.0749022262677119,16.884373730243635,-1.1876370680351422,,0.2557031206457539,0.3142857142857143,False,3
0.428858794429685,0.9029337465765005,0.028120877184769431,-0.89268509440139976,0.42835412319429467,-0.1400930668377674,-0.1385404513991538,0.034977055847666146,0.98973892966294286,-9.3245155920853584,8.7525661377438837,-2.3853633003734784,0.249206922454172,0.2348482481196941,0.9803921568627451,True,4
0.99772137900792446,0.066239043986679166,0.012823374058999195,-0.065438291698801526,0.99633260142680002,-0.055128734010937347,-0.016428020272352017,0.054163976828117813,0.99839690692834937,-1.4160042948899221,16.43596816130221,-1.3523178971397514,,0.1776000165507175,0.4,False,4
0.90298459926473673,0.41392562232277458,0.11525793974996673,-0.42231170491228914,0.90442838741088327,0.060515419022139208,-0.079193670105500699,-0.10331926843553033,0.99149054023987959,3.1226688234130831,17.353818385529085,-1.1262264699492031,,0.1207134695787887,0.125,False,1
-0.58372350498646064,-0.8110127004683666,-0.039054697609017079,0.80155728298511886,-0.56791114556208677,-0.18703703601125399,0.12950981360436828,-0.14048249152605702,0.98157622106222397,19.796672809118082,4.74858012143787,-2.3210346181557906,,0.1433362961218541,0.9069767441860465,False,2
0.78722661700188779,-0.58422166244849227,-0.19738111006295045,0.60771744387445981,0.78931513405296327,0.087527867366026524,0.10466022116570933,-0.18885621059650665,0.97641157808819157,-6.3754978308566868,11.129976386415732,-2.056529617113537,,0.4443202707115788,0.28125,False,2
-0.85174778941670126,0.46986810167491494,0.23183975123385472,-0.52067789970445233,-0.70966551400076328,-0.4746255186959436,-0.058482715250952264,-0.52497507109047103,0.84910596909362934,-11.813135930948844,3.9142660967493299,-2.9435330070124848,,0.4401691129007223,0.5263157894736842,False,3
-0.22289201053904989,0.94576330777618089,0.23632798670939301,-0.96771913112271213,-0.18540812310151064,-0.17071470688571683,-0.11763857741812954,-0.26675005820473591,0.95655923577727631,10.440615630284608,2.9096762671677556,-2.5238980846669024,,0.2619440874667872,0.1777777777777778,False,3
0.15616934046868289,-0.98693740196358248,-0.039568948721827805,0.97910383679653801,0.15996411528902338,-0.12556734683068679,0.13025672292774199,-0.019132339772596374,0.99129568732389384,1.6388983543866522,27.254110014541325,-0.067842384648201984,,0.1587761193532186,0.4782608695652174,False,2
-0.32720891486347969,-0.94081316364128731,-0.088345442175230979,0.93349193450309187,-0.30730848150186796,-0.18480883478527768,0.1467212808407157,-0.14294085600796216,0.978795574894049,14.461114001565653,11.475326470323617,-1.507761818950671,,0.2170255049457609,0.2105263157894737,False,4
0.95286619802281791,-0.29904917669649295,-0.051142923094883802,0.30238083766035223,0.94984697311035704,0.079728016963397375,0.02473535286514314,-0.091434772325641123,0.99550381452227243,-15.241125909782291,-8.5071850041122321,-4.3690229933866522,,0.2857071030503458,0.3137254901960784,False,1
-0.98776780148713961,0.1516339721624452,0.036358064188056566,-0.1558876765133729,-0.9658245334767287,-0.20707970167479728,0.0037151926633829965,-0.21021443580472732,0.97764824365554681,11.091868842358105,10.090515646167436,-1.6822183050123052,,0.1273648325981551,0.2272727272727273,False,3
0.80040233732897548,-0.59875475475680717,-0.029134894103613126,0.59531464260543665,0.79963182488904982,-0.078672872860784754,0.070402945235794032,0.045625522251517725,0.99647465448018413,-4.1808149179189558,-16.362248476458237,-5.0545950782702622,,0.1798674053108452,0.4814814814814815,False,3
0.93003411476887143,-0.36540915728368084,-0.038893355979037168,0.3651955577958132,0.93084397064072866,-0.012716402321699988,0.040850335767122915,-0.0023769928550085718,0.99916244924070319,7.285730401992339,3.8822747608277175,-2.4328950397007882,,0.1985312099924393,0.16,False,3
0.38912551882864888,0.82930321160291898,0.40104552587133946,-0.91054361687030538,0.41224824837330665,0.03101134453523624,-0.13961250793921526,-0.37723674918839084,0.91553305930954665,-15.706435618567175,-8.589095268848137,-4.375770471143074,,0.195374076980158,0.3076923076923077,False,1
0.97597070961152521,-0.2177900564361144,0.0069760517436979058,0.21757139512445983,0.97222930389352247,-0.086214086287066824,0.01199424878734771,0.085660212282434631,0.99625221004912023,11.876467767117415,-5.857981836357367,-3.4101474958531712,,0.1657121193459014,0.1578947368421053,False,1
-0.27434026066085943,-0.92132912179548365,-0.27548152517382152,0.95091618421422885,-0.2172642891904929,-0.22035117254510161,0.14316365453558033,-0.32241103885275546,0.93571111463202372,-3.5882408517534645,-13.282900987336292,-4.6573087285526471,,0.1710126898179779,0.1176470588235294,False,1
-0.21483096531544199,-0.96419510945958675,-0.15548455626155111,0.97066131525138388,-0.19318520677342285,-0.14316454504647469,0.10800123803035591,-0.18167902129339519,0.97740905756279173,-16.796558528169459,8.2820449521134876,-2.6531782071291117,,0.4296907082980137,0.2592592592592592,False,2
0.99563593765178937,-0.092224613919916779,0.014272359425367514,0.093218762652230211,0.9900374901042116,-0.10552739207306787,-0.0043979479114416549,0.10639731564037745,0.99431396916602399,18.865197532740563,-4.1688822086841215,-3.2270434484928305,0.1417589246544554,0.2205258846589036,0.8596491228070176,True,2
-0.81611496073620515,-0.57787691683045705,0.0038262066159270151,0.56938176993697565,-0.80521425019404158,-0.16563336423524283,0.098796613939849343,-0.13299729425432968,0.98617997789199108,6.1398584894205452,18.23470465128894,-0.9104231991205407,,0.3081701020875721,0.7719298245614035,True,2
0.85464846991056198,0.51761625294409763,0.04061289903032142,-0.51115405276021197,0.85253792816423757,-0.10908994173726483,-0.091090763671986541,0.072474103854695646,0.99320188131321685,16.086599890551543,11.544827205665854,-1.4805994239764513,,0.1406845099051097,0.36,False,1
0.12538391088735812,-0.97153312068810527,-0.2010031599170117,0.98222240919593173,0.15009016333741682,-0.11274786801837239,0.13970688517010107,-0.183293039353327,0.9730804940808796,1.3777700829974486,-19.7864408358225,-5.3727614302967872,,0.2469437966996501,0.2758620689655172,False,1
-0.51077602755633944,-0.85775633152208719,-0.057982112824012423,0.84933529794984275,-0.49301300432952588,-0.18859408585219864,0.13318183558660357,-0.14557559306334925,0.98034195328672791,17.723029481866345,11.593427881746361,-1.4444725552637945,,0.1189300775211933,0.25,False,1
0.62002481250880015,-0.78456762290526338,-0.004782986745939851,0.7781481666557547,0.6157079405181195,-0.12405306410252021,0.10027294053589664,0.073194105443815369,0.99226405776112048,3.382798038686055,14.258692662134198,-1.4144452841959594,,0.1496178225094017,0.3333333333333333,False,1
0.96984426742049878,-0.24366031002239108,0.0056347379165540556,0.24321089768777987,0.96603654533598382,-0.087303220566149184,0.015828967038319531,0.086040957660347625,0.99616584834423538,-20.971519745169783,8.6093246138148114,-2.9210098250975092,,0.3206458107916265,1.0,True,1
-0.67102396879844584,-0.74006810597107398,-0.045011463232921177,0.73176466287908326,-0.65127652967311378,-0.20089639135237514,0.11936210227473011,-0.16774409206088944,0.97857784980001694,5.0932777646365368,13.693327074493492,-1.434927190396623,,0.1474604894597845,0.4736842105263158,False,1
0.46709913098254036,-0.88418118549766234,0.0064832898519512228,0.87635647655552895,0.46196578596011567,-0.13633392314985854,0.11754883170212521,0.069363130077883542,0.99064172552505814,-21.502956378482761,-22.743913039640542,-6.0596834161791273,,0.258965283745536,0.8666666666666667,False,1
0.73995439168160726,0.67082419244252678,0.04962258623787192,-0.66346040749914992,0.7400060703700605,-0.11050476684977528,-0.11085028602653725,0.048845866245703064,0.99263603371958153,15.154091905213704,7.6733221044003566,-1.9329045431163976,,0.212330078588716,0.7333333333333333,True,1
