axis_00,axis_01,axis_02,axis_10,axis_11,axis_12,axis_20,axis_21,axis_22,location_x,location_y,location_z,dbh,dbh_approximation,score,reconstructed,number_clusters
0.98159127450809858,-0.19079532294571605,-0.0087014108975590875,0.18851239843515313,0.97515296975482402,-0.11636047960787706,0.030686241962715008,0.11257810764260093,0.99316893036070075,-7.4043060177831048,13.575637692598178,-1.3583244271960473,,0.2388417326730678,0.3888888888888889,False,5
0.56680710982643356,-0.82383583276502714,-0.0049214736167168894,0.81259967189293669,0.5600404512736078,-0.16135819215876984,0.13568888491581663,0.087459782698156699,0.98688363697079018,9.8631720351710932,-3.6012195340905189,-3.2181331694395356,,0.1254791812969473,0.84472049689441,False,2
0.97787251477838688,-0.20913249680478418,0.0053799276196225682,0.20778366172304449,0.96793387769184269,-0.1411735043745756,0.024316553249973352,0.1391675508034538,0.98997025108909786,4.0358234972985505,4.9533976729761928,-2.1317780555597783,0.2262186091144236,0.2109726911693702,0.9318181818181818,True,5
0.99688322741222546,-0.078392542257855996,0.0088566484934421586,0.078879317071995247,0.9884780375883303,-0.12918677387325739,0.0013726771076080541,0.12948273446245559,0.99158072653399476,0.12863714873093762,-29.306293719391338,-7.7111843475873512,,0.1549999998901309,0.8636363636363636,False,1
0.42322692174541737,-0.90265711371096069,-0.078032735290366209,0.89458165181216853,0.429973822637087,-0.12184490177214419,0.14353620083766577,-0.018238610524080164,0.98947698918936011,2.3666817119193433,3.8042566687836854,-2.4563309682582886,0.2272412036676403,0.1721241904700566,0.2424242424242424,True,5
0.12063926371576929,-0.99257533999388592,-0.015503628160560551,0.97746033712989722,0.12149894231660854,-0.17265368908267079,0.17325546856600857,0.0056746323201866712,0.98486056940056543,13.47863368913278,11.693451264451546,-0.93438200549408867,0.1643104672442688,0.1613807139507073,0.5714285714285714,True,3
0.99170209589948066,0.12765247500552271,0.015224933942131952,-0.12378655596983472,0.98014378645163269,-0.15490334548157486,-0.034696419839875793,0.15173333023835436,0.98781230754889593,-16.820656401350707,-5.2233852528966072,-4.3945503080847423,0.3758008328586531,0.2280368874353736,0.9878048780487805,True,5
-0.63778612737527285,-0.74591210385274764,-0.19194788108656294,0.75077956882953611,-0.54644869838190879,-0.37111165309762939,0.17192700414940593,-0.38080041145288512,0.90853296686555374,4.6287138829819847,12.159991089729624,-1.0924387274329561,,0.2903131671436583,0.4166666666666667,False,5
-0.79410400379267099,-0.60777379058777992,0.0031385721293706991,0.59583579402366826,-0.77950412898549126,-0.19326929258098952,0.11991054049012996,-0.15160584543193673,0.98114072890194148,9.8304889661445021,4.0882940854013574,-2.0911371345461451,0.1828285921495327,0.1936595551675968,0.7945205479452054,True,7
0.88982925836358095,-0.45629266082565517,0.00094796453695206238,0.45112644751250708,0.8794389116409479,-0.15189512515723097,0.068474953923787454,0.13558837844162516,0.98839616162584643,5.472458040977509,-4.1575797575311197,-3.4425471626595083,0.3421068872662236,0.2719653479235166,1.0,True,5
0.83577632486501463,-0.54903694972616468,-0.0060301434907306124,0.54226663098114491,0.82709410076704648,-0.14785888340140452,0.086167486440585833,0.12030700857281919,0.98899008486878759,10.084307937504001,-3.4330806954791577,-3.1873724799030012,0.1571096171417536,0.1827449961066896,0.950920245398773,True,5
0.60622288162076199,-0.79491458990981001,-0.024588870407951022,0.7843286443786337,0.6026946338253375,-0.14692772361034548,0.13161457140679836,0.069785192603172355,0.98884156035572446,-9.0127973349017072,-14.150911909630455,-5.5588153021955673,,0.2877324480763629,0.9912280701754386,True,5
-0.99990399834701627,0.0027594882160717127,0.013578634483474702,-0.0064239068452852238,-0.96060992048122495,-0.27782605006352096,0.012277113280146247,-0.27788660618648092,0.96053542703622685,6.0567282939502745,-2.5595559647011195,-3.1928993788716094,,0.1740562500616981,0.4714285714285714,False,3
0.82894921464662608,-0.55919236941141648,-0.012128212101936445,0.55268757057259232,0.82225158342267579,-0.13578948005449593,0.085904882697721036,0.1058594707664396,0.99066347645289832,-0.33352100534193191,8.8935625160482665,-1.7212624849142633,,0.218279671298358,0.76,False,5
-0.055770332786187558,-0.99512951569620645,-0.081282943912928798,0.98271330768202025,-0.040315513069416387,-0.18069093588393889,0.17653391992923601,-0.089955024296501276,0.98017542752215281,-21.773868802869256,-3.9446718950971946,-4.4170432658775693,,0.2086005106827176,0.8974358974358975,True,5
0.21250219552038668,-0.97642355646276813,-0.037945425068314831,0.962705814459347,0.21585537484867334,-0.16310724065811508,0.16745247596013862,-0.0018696346002766025,0.98587837625200048,6.1911214509629744,0.21643386084003302,-2.7699228886211875,0.2289869788785094,0.1811872427298902,0.7492163009404389,True,5
-0.44749664246820603,-0.88797445018298005,-0.10605720532767986,0.87705337832643693,-0.41260737572341011,-0.24603358523751501,0.17471155241101682,-0.20311703355670524,0.96344140669438616,11.094449498529485,3.5833989675835376,-2.1485555832991508,,0.2748332464987601,0.3981481481481481,False,7
0.67659912489521634,0.71146937784510933,0.18980239350366537,-0.71193915958958831,0.69788359829454638,-0.078109642646258193,-0.18803259620049262,-0.082278840658755681,0.97871034282158953,5.5897399343214129,5.1725206058802957,-2.0430842047362567,,0.6445290371549285,0.285,False,5
0.049594913741628409,-0.9916819160558582,-0.11877424762439956,0.98449015332628553,0.068576039037316974,-0.1614820883984957,0.16828393427344046,-0.10892338701001789,0.97970210432953486,-5.6396764687801575,17.327508770939279,-0.80630190520403211,,0.1327801926522288,0.5,False,2
0.79632800134689208,0.57018883698566536,0.20185738640881962,-0.59302822202499073,0.8016835314931462,0.074973616789890285,-0.11907662303216258,-0.17941071737667486,0.97654111656276121,-7.4260823188444487,16.693444059778869,-0.97009036745731303,,0.3729724339069779,0.1388888888888889,False,6
-0.91841835410659778,-0.38562950435711124,-0.088304089426360075,0.38517976926018599,-0.82072471153750925,-0.42195674330948196,0.09024562146054449,-0.42154576648445041,0.90230532225308269,-12.285562759583161,4.7765494656960996,-2.8171209424590491,,0.3636415838145101,0.3170731707317073,False,8
0.48821105330852482,-0.87231440243534675,-0.026787137421637023,0.86028372367941364,0.48618853626593955,-0.15340346142074701,0.14683964791453288,0.051848727153598471,0.9878004997431864,-17.343741448104439,-2.2207009475541408,-4.0616027450327774,0.354952576998581,0.3036341812706052,1.0,True,5
-0.092818479561618789,-0.99556867508231894,-0.015091157898115517,0.98111132113849875,-0.088866035953058559,-0.17182375618016205,0.16972125790760406,-0.030754525664138724,0.98501210843594977,5.8046374318969232,1.9487508077217246,-2.4801683444096234,,0.07601330748143152,0.3203125,False,5
0.99758407817582118,0.054108959390941486,0.043568652535142,-0.050017481324642891,0.9946783736494339,-0.090073217751214518,-0.048210564527264216,0.087676413634158942,0.99498170232432726,3.1802041650204638,4.0802480833489883,-2.3835802078708652,,0.1448130353950081,0.1782178217821782,False,5
-0.28290178336772576,0.95714127053511389,0.06202555284548654,-0.94438883884499147,-0.26666409679453634,-0.19240577056253522,-0.16761951566678909,-0.11300817545285044,0.97935328163459434,13.077498885774002,-20.206381696777871,-5.956834843332885,,0.2047773160739894,0.9830508474576272,True,3
0.99995378025484627,-0.00082952377133813733,0.0095785825860394587,0.0020613598949124103,0.99160068930707301,-0.12932062388158855,-0.0093908545632673968,0.12933439162130245,0.9915565677229522,3.004170659273274,9.4955136516506862,-1.5923437125381004,0.1403561973558294,0.161633356975899,0.4803921568627451,True,5
0.93304300825117492,-0.35930660230893169,-0.018152418318498679,0.35532773811080864,0.9282616860319266,-0.10987465938159888,0.05632888497613988,0.09606772497762682,0.99377967826624869,-10.934354701626765,-9.7554842230772092,-4.8504936265522041,0.1652405933554465,0.1679519516191409,0.3541666666666667,True,5
0.62138532052445739,-0.78333660912485992,-0.016249315108125731,0.77248882458884915,0.61598225768606929,-0.15435956109457777,0.13092478497998386,0.083364351018518898,0.98788110906991533,-6.1476958777948676,1.1123644005645876,-3.1154401840368151,0.3263051859364011,0.2661355459628338,0.7876106194690266,True,5
-0.43105773274192594,0.85379649384772549,0.2919259805785055,-0.88236373756305897,-0.33117929645549005,-0.33429703593211368,-0.18874179631745713,-0.40168622168625395,0.89611646209088347,-4.7257753288208209,6.372391835643997,-2.3617749371158672,,0.5197506493656556,0.2238805970149254,False,4
0.12697726049778743,-0.99099565558197789,-0.042478064152256738,0.97707311117402307,0.13234197793477651,-0.16677450733558327,0.1708944432601377,-0.020327604235554707,0.98507963016644029,-25.251651865126863,-3.8719697454180495,-4.6889699097627124,,0.1538826126705639,0.6666666666666666,False,1
0.74247061414886084,-0.66980258625960354,-0.010093689382919723,0.66104581391548123,0.73503628049019964,-0.15079820379550596,0.10842425480597739,0.10529084387105218,0.98851303439392746,-19.416598497278187,4.1928756746025284,-3.3103307894707465,0.2011390102986392,0.2464741970667131,0.9577464788732394,True,5
0.47415905996526025,-0.87941482134197169,-0.042458896087019755,0.86855735234507336,0.47511186502277464,-0.14098525242697121,0.14415724588162987,0.029971448390901111,0.98910080413533918,6.8507932836318126,14.880130631139405,-0.61821824455995622,0.1730986837792549,0.1676171850576397,0.775,True,5
-0.62173411220270891,-0.77131733577639261,-0.13607446951694041,0.77035021760989053,-0.57083597525545116,-0.28408947812714236,0.14144693687706236,-0.28145311667303513,0.94909267575044065,11.638773100301886,-5.6173343739826826,-3.4907985893084703,,0.2238668810625834,0.28,False,3
0.61446195050895147,-0.78832385284735162,-0.031337109130277825,0.77831930868898047,0.61220420058348846,-0.13937385160007773,0.12905644152324749,0.061249651589539905,0.98974386337148756,9.6557920411420728,-16.578691365202964,-5.4052477555737424,,0.2722553417826056,1.0,False,6
0.99485448478188165,0.096616245896606306,0.030493526169063832,-0.09699852733418847,0.99522022603913296,0.011313150649407577,-0.029254739861697406,-0.014212765792201954,0.99947093878919813,4.9480177930476081,7.3855246738329212,-1.7749080391597309,,0.08863200945594558,0.3421052631578947,False,5
0.57670592044710078,-0.80679103630713078,-0.12844650659216036,0.8009162283882707,0.58935275661450592,-0.10581362565942,0.16106978743877115,-0.041851547227681474,0.98605525786797554,-5.1716605520665491,18.21481641782044,-0.65095082941092119,,0.230834990934465,0.2105263157894737,False,5
0.5342861950111002,-0.84497860516532419,-0.023439680744949301,0.8338790759440553,0.53140600603192611,-0.14917554577036488,0.13850613171715573,0.060156575418330444,0.98853287143660018,14.920373991210301,9.6592301844950779,-1.2469243360780551,0.1281249904717329,0.1092200513664374,0.4285714285714285,True,5
0.86674956376355983,-0.49863278567341435,-0.01051374182913392,0.49301480510893492,0.85978920635864065,-0.13303729767466788,0.075376360081113564,0.11012658934494508,0.99105526518967269,2.6750685671063361,-16.222089120656204,-5.4788567139585993,,0.3308985338894522,0.9751552795031055,True,5
-0.35199095048874218,0.93546323103674334,0.031794876196160823,-0.9220956651573291,-0.34072674572562434,-0.18342537732083086,-0.16075433142561119,-0.093881990421609246,0.98251932133794828,14.573030574754029,-7.2325751304276453,-3.6303417832342961,,0.0976487431026734,0.375,False,5
-0.98366355487177015,0.1752935030164581,0.040965822550654701,-0.17840407907548594,-0.91888211762635097,-0.35189151520851086,-0.024041534607018179,-0.35345132862493661,0.93514392630600329,5.2111027901702895,2.4764251137011701,-2.4286991985715241,,0.07428965767015859,0.3333333333333333,False,4
0.9018366160085125,0.42760615424260184,0.061997539307370765,-0.42352406949148447,0.90324571204634652,-0.069098091372073345,-0.08554578065392357,0.036057738749721631,0.99568155496050548,8.0309460284168726,4.1069644429897414,-2.0860562192386172,0.2180082942085475,0.227785471070831,0.2205882352941176,True,5
-0.99826430878275396,0.022319202613212602,0.054499752340738214,-0.041389478441692142,-0.92421007700008961,-0.37963488333636314,0.041896072427091875,-0.38123167072818032,0.92352971384194527,9.5659594442526608,6.5514530146849221,-1.7999556548024549,,0.3359272719178764,0.2156862745098039,False,7
0.99863163377226882,-0.0515165189775404,0.0089949042110497191,0.050471952075612968,0.99446775312513136,0.09212203888283288,-0.013690948944695563,-0.091541991821731034,0.99570709631412413,4.1998230267692573,-1.9542797710187476,-3.1716340420659734,,0.4109101174599256,0.4634551495016611,False,5
-0.95177179820953983,-0.30659625499157944,-0.01136576254010804,0.29948426339810952,-0.92037276996844897,-0.25144212112829689,0.066630474333232007,-0.24271938679418206,0.96780559988273751,10.895797779110433,-1.5710605196657166,-2.894053558181608,,0.1600116983831133,0.2307692307692308,False,6
0.26208106436933976,0.95773560805089553,0.11855809027820943,-0.94820621535620397,0.27840731676584796,-0.15295208115977227,-0.17949509424744381,-0.07233167385470142,0.98109614212801743,-11.338954916447666,-8.5972827135520227,-4.707844179131091,,0.19623961535679,0.2456140350877193,False,5
0.21375772560525441,-0.97679529216163796,-0.013363830099556807,0.96276196323468266,0.21296520120142701,-0.16653896008362828,0.16552050293715684,0.022732802029156569,0.98594431020181594,8.385601011853419,15.355254820027303,-0.49372392512399599,0.1569505763762932,0.2167325947429074,0.71875,True,5
0.3813615781159439,0.91629527235254915,0.12233691430342396,-0.90678645064455987,0.39652355182911492,-0.14320407037603211,-0.17972668044660772,-0.056320926032779259,0.98210298524464956,3.1468681811189851,-17.129557270960735,-5.5863704988056435,,0.1459443563810165,0.1923076923076923,False,2
-0.73694838612275371,-0.6758664650593712,-0.010563976487049639,0.66117741837490629,-0.71750634877667163,-0.21915533508510349,0.14054002142508523,-0.16849083320263894,0.9756327902979266,-3.8726994642410246,1.9948421843921267,-2.9198543780126416,,0.1059484887111028,0.1925925925925926,False,5
0.80591417561543066,-0.59196524793332539,-0.0089155359533794575,0.58376994433242324,0.79708381441302156,-0.15449933622804354,0.098564667281024185,0.11930858326215696,0.98795266502184054,5.4955205901401563,-13.727042856265562,-5.0166305375550131,,0.2646659541327484,1.0,True,6
0.97492631340047431,0.22213210669890276,0.013266899142907974,-0.21997914487216103,0.97104297934625816,-0.093191781202294183,-0.033583615955904492,0.087936678558214146,0.99555978288773628,8.8188548642146838,2.0129613746033508,-2.3670829521230488,,0.1357111448924307,0.1463414634146341,False,5
0.27621742062596977,0.85475150165764313,0.43943578251747006,-0.93983302317945661,0.33586192175865748,-0.062535254488533462,-0.20104184908645367,-0.39572293328361252,0.89609460158474008,5.4717729981604686,5.8492807128384543,-1.9527537968933182,,0.4892920322007526,0.2321428571428572,False,2
0.98765662292215184,-0.15552676989281791,-0.018596210493467068,0.15556312684667503,0.98782581835761418,0.00051589901672197125,0.018289580741397894,-0.0034024157324870829,0.99982694242728221,2.493419574924828,6.3220753316505043,-2.0471858356454717,0.3984885768184701,0.2745129459249719,0.2666666666666667,True,4
0.081115983339673528,-0.99652613577662974,-0.018864197860936058,0.98103922291968781,0.083169188319287921,-0.17505693133220013,0.17601772734578067,-0.0043066028850588071,0.98437757635554557,-9.0762583754901467,-4.9875486981901993,-4.1273508242030887,0.3042484229611294,0.2852955488047571,0.9818181818181818,True,5
-0.879849257148554,-0.47489180623627758,-0.018521799717711115,0.46559274749228746,-0.85349256571336896,-0.23403810321098134,0.0953345591992769,-0.21454186687370957,0.97205098075184471,-23.337832855497886,0.0018903282988979031,-4.0923125681518631,,0.1686327151842452,0.3529411764705883,False,5
0.54371563233297793,-0.83899611693132281,-0.021420245818219129,0.82811835641222109,0.54046333515821809,-0.14872582533903872,0.13635724744168312,0.063126057407530051,0.98864644941774316,2.7914845040737899,16.44345625870027,-0.57937013240093005,0.213212274332281,0.2775941813128989,0.9333333333333333,True,5
-0.20040594377264981,-0.97122845329952734,-0.12865748793599666,0.96159078508706075,-0.16985412183004497,-0.21562175060274941,0.18756497470541642,-0.16692773525915905,0.96796410649620923,20.311060461898382,-11.951907073612009,-4.323152815466373,,0.1896634105617927,0.46875,False,3
0.99914594246375543,0.029911165879494123,0.028508030692137663,-0.027607909055986875,0.99656938743954493,-0.078020890637877066,-0.030743926485906785,0.077167209189529434,0.99654404459117085,-14.271764854445038,-10.973669363351911,-5.1641089616911513,,0.1575705513837023,0.68,False,3
-0.91513844071122474,0.38810752072829363,0.10906047261389107,-0.39881614397831594,-0.83205207002136672,-0.38553214661740776,-0.058883933588842433,-0.39631036464783054,0.91622637881574276,15.848880719931266,-5.919778518599518,-3.4453679667742394,,0.4372225116045312,0.2826086956521739,False,1
0.64811447379310583,-0.76137785661073487,-0.0158552301379952,0.75145306885616492,0.64276672122945622,-0.14889334231787013,0.123555308127726,0.084585468863025939,0.98872614221061494,-1.0649600783066664,-4.0528019468269623,-3.6971906424676599,,0.3006709737894699,0.9807186678352322,False,5
0.90945297014589066,-0.41580671035865036,0.00027333776761739783,0.41157371802449533,0.90010061331960656,-0.14291941972021033,0.059180822267952037,0.13009098939736727,0.98973428997549828,8.330264497260746,3.1860324492526919,-2.1989956418334615,0.2495557084835939,0.2156608809850903,0.9555555555555556,True,5
0.98465896606455228,0.14543933180618243,0.096406023216693185,-0.13953984961761071,0.98805572717916301,-0.065379739653426208,-0.10476330902267757,0.050924264866823048,0.99319251322711477,2.7032582441585511,14.086662538426729,-0.90877198628810596,,0.1174958067005747,0.2,False,3
0.83500884406256604,0.54899219480893446,0.036983785314201365,-0.53963086694208984,0.83019548173779567,-0.13990707467987046,-0.10751166346321013,0.096866052572711067,0.98947370358102749,13.530875836994825,9.91999800518537,-1.2137163169937546,0.3399040318171548,0.1025955122300003,0.7586206896551724,True,5
-0.74928198718537742,0.64468144023138496,0.15153331086173427,-0.65370413231729119,-0.68334694296214549,-0.32512745644683372,-0.10605381214661297,-0.34267009814904725,0.93345047686724847,2.3500147981874187,6.6941722385028726,-1.9801625759508998,,0.2697981676013485,0.1612903225806452,False,2
0.53160742698328511,-0.8469344599621107,-0.009775689484561154,0.83430033464021391,0.52559787723259899,-0.16640259333259452,0.1460701721620061,0.080304993476578337,0.98600943850821654,10.800339693947846,0.81775416641104459,-2.5427523499053124,0.167376737917496,0.1440611083024087,0.7083333333333334,True,5
-0.30155335731919025,0.90681648290113159,0.29453257719367348,-0.94223917812391111,-0.23620145113492622,-0.23747464220445177,-0.14577689768239011,-0.34913140910061008,0.9256653581513794,4.8141924469050776,3.468369434889583,-2.3476878230712104,,0.2733777108103249,0.171875,False,4
0.71322054408994251,-0.69993723277551756,-0.037474333384315273,0.69107624651866806,0.71111596768635255,-0.12933561767422427,0.1171754111821971,0.066347197951797138,0.99089251300947379,12.392728403042762,5.5128996992387913,-1.9006118940373136,0.2030662616388771,0.1769837739144965,0.5789473684210527,True,5
-0.600822688265085,0.78790146167370101,0.13499401452791612,-0.78961585405344015,-0.55864146672258053,-0.25382378668182742,-0.12457487825952104,-0.25909650393336181,0.95778395338204347,8.4689752916520202,0.49545696509580295,-2.6401324439786786,0.627522378675081,0.3942058400502154,0.5116279069767442,True,5
0.79387569064713792,0.60781708589066108,0.017882334828428551,-0.59739353427531727,0.78507569191361282,-0.16363716928744812,-0.11350045376815282,0.11922477957936584,0.98635850426134453,-1.0446764717901005,13.013469620468731,-1.1504694207688346,0.349198796836346,0.3039720598011488,0.9920634920634921,True,5
-0.52008582443235607,-0.84835973486434835,-0.09897724731173814,0.84569935401990959,-0.4952662172254918,-0.1987560733297476,0.11959656280522711,-0.18707521037284533,0.97503821865049567,2.4485463898870505,-0.51424523725024485,-3.0426919139847768,,0.6309488132804659,0.5471698113207547,False,4
-0.65783167622357563,-0.75123750575383486,-0.053848822694997162,0.74023390101154773,-0.63169106357563498,-0.23026109526341834,0.138964950797338,-0.19133376635460791,0.9716378606777597,10.199888675394245,-2.7916562623616996,-3.0780289481978169,,0.1296291733317192,0.3448275862068966,False,1
0.80188492075439211,0.58793655656446175,0.1063540282351657,-0.58280131614884467,0.80890702077756949,-0.077537459540093653,-0.13161762709416025,0.00019285196561891205,0.99130054123168054,8.9814609423552518,4.1891023589044165,-2.0871637292299798,,0.3468927585455333,0.4444444444444444,False,2
-0.20895202911771629,-0.96492383748869048,-0.1589372120483083,0.95608843324789161,-0.16741571976469422,-0.24055536698494695,0.20550902008715383,-0.20222256209871642,0.95753437433914079,4.2098753120333505,5.9118823188945555,-1.9851231274408427,,0.268734137378933,0.3548387096774194,False,5
0.20396435473587787,-0.96130011010743721,-0.18520432042640672,0.96608189492677476,0.22824879692233335,-0.12078186535321085,0.15838028378516883,-0.1542873455956052,0.97524925054941369,5.9316209774572357,5.23143254400307,-2.0210409415724122,,0.5557561621830134,0.6263157894736842,False,3
0.53253369420121643,-0.8456925391747061,-0.034813700243508799,0.83482217265288461,0.53158164897706617,-0.14315338109154802,0.13957007052919318,0.047170749994704338,0.98908802224949366,12.930669307013607,1.7359076699140215,-2.3536425662555791,0.1640290582948622,0.117713757924234,0.2857142857142857,True,5
0.98821311021060698,-0.15308436437142575,-0.00016184214021694107,0.15187852833540114,0.98056035904720273,-0.124234837690146,0.019177107147703279,0.12274591500421012,0.99225283013515675,13.767675441798211,-1.5141111535210874,-2.8152920825461449,0.2030559636880971,0.2049876972897058,0.2619047619047619,True,5
0.99745012799031263,-0.07121931842216625,-0.0045881211396143033,0.071366943522889123,0.99542196493385504,0.063575711552642078,3.9297715166006046e-05,-0.06374104180750495,0.99796647140321526,-18.425203632884184,-1.5782653996262055,-3.9788309967602733,,0.3251668866158917,0.2558139534883721,False,1
-0.98207942349048616,0.17966492881508667,0.056925559377703217,-0.18845637604703072,-0.93943945914995608,-0.28624761469619059,0.0020494593957187711,-0.29184587704113368,0.95646316383344177,1.6868487348736529,7.6742450011594823,-1.8535756541063602,,0.2155833717012242,0.3703703703703703,False,7
0.9936190315313066,-0.11278655223508957,0.000643283538662972,0.11278809503014212,0.99361327208309347,-0.0033928100155211638,-0.00025651171768880168,0.0034437153266818434,0.99999403749546867,3.9692265116314647,2.2696476191082691,-2.5721017308263043,,0.3480776535315642,0.3705882352941177,False,5
0.24856210948719951,-0.96688498808987877,-0.057881754756642374,0.95560715591093048,0.25454640379801918,-0.14839505343952139,0.15821454199629079,-0.018426831521735843,0.98723280465195917,17.774232449885659,-16.848548951340277,-5.3224766299211899,0.2900210746455683,0.2729570893400094,0.6666666666666666,True,5
0.85048886647025779,-0.52596896136142479,-0.005033854837029764,0.51974627791738914,0.84182040005799108,-0.14560982328546432,0.080823849210218485,0.12122320623786639,0.98932928778453544,3.7918050930855745,-8.3001572235467656,-4.1993069860650811,0.3098574699762341,0.2843360396610473,1.0,True,5
-0.5729737982008688,0.79290507347442785,0.20737061275355059,-0.79193395471045902,-0.47047897384186671,-0.38921735129533669,-0.21104889943310143,-0.38723517354602138,0.897500575162412,23.348729952054981,-20.173520250885026,-5.8590190750192956,,0.5148230929848481,0.2638888888888889,False,2
0.7577595961689011,-0.65227112500675433,-0.018514153946843807,0.64404142557242139,0.75215923628890058,-0.13952464087730773,0.10493348636439802,0.093802253425607107,0.99004550435406324,5.3127977291925488,12.787952024320489,-0.98943367065870824,0.2292384780832205,0.2506069900054542,0.8852459016393442,True,5
0.76804046531435033,0.63801093205926518,0.055280143022467691,-0.62826259630346171,0.76739713797556808,-0.12801461913758508,-0.12409655001550428,0.063589961470147893,0.99023045957720135,13.915045702114078,-9.6526610067140908,-4.1005734940358698,0.321840784234031,0.2237667931211552,0.9375,True,5
-0.60350167661742193,-0.79602777344874265,-0.046103256047677031,0.77981461610828284,-0.5771700871886879,-0.24241257178309417,0.16635771945975986,-0.18224838642039962,0.96907720787525931,-17.148639616931209,10.831875278520592,-2.1895200941757422,,0.259353695339637,0.9855072463768116,False,2
-0.65533459442743269,0.75201520205269323,0.070779271176525618,-0.7480662114962584,-0.63319735465961835,-0.19864051265967345,-0.10456343798990303,-0.18312358104217419,0.9775132947955355,2.2918609796762723,-28.876166682668408,-7.6074560594028862,,0.17380425211372,0.3684210526315789,True,3
0.79047385403395232,-0.60292574576972613,-0.10785004022590623,0.60783453679914701,0.79388348337468961,0.01691717172093396,0.075420567240484127,-0.078927561174083921,0.99402322816131183,-17.622154466223673,-3.2451626703684289,-4.1716929514701517,,0.1776921315919849,0.4545454545454545,False,2
0.47838876561246202,-0.8781074268764133,-0.0084578839121440576,0.86552055310070986,0.47311524553390716,-0.16442669066679602,0.1483858520750154,0.071339409220130073,0.9863530440953161,13.600410807883689,3.2861384252384203,-2.140917434062346,0.1787870629196162,0.1829134853308346,0.9315068493150684,True,5
0.44390665694454717,-0.88513216713625509,-0.1395991641128074,0.88243990348394163,0.45888750052202854,-0.10354747029212802,0.15571350827583874,-0.077222461533701311,0.9847791604086209,4.8987221229363334,3.8875723715087283,-2.231436228558155,,0.5915916132691846,0.4742857142857143,False,6
0.089619422857887515,0.99061255101023427,0.10322370283813033,-0.98219612180288562,0.10508411380263918,-0.15571803794578348,-0.16510341414395296,-0.087430559916481479,0.98239338344204075,11.777491050042428,-3.205903422395278,-3.0914395050062802,,0.1610171659850759,0.15,False,4
0.92463944821042909,-0.38082694070503803,0.003568199315444694,0.37698089983948163,0.91388996606397122,-0.150633764753485,0.054104454246650835,0.14062706411226492,0.98858319673654016,0.58650950213354769,5.5814634785733563,-2.3010155682099485,0.3392078441500769,0.2823908588819081,0.994535519125683,True,5
-0.89498352427388617,0.44298935652298527,0.052582518821801927,-0.44072456878236549,-0.85979484411871865,-0.2579044018594211,-0.069038726450389581,-0.25399459843512262,0.96473851287065793,-2.6895106523689472,-14.322219458740197,-5.3546607365228329,,0.1880434085204668,0.5254237288135594,False,4
0.94666594714564956,-0.32215286760724171,-0.0064120517200988245,0.31890221147075865,0.93958952541215934,-0.12439012523031218,0.046097332177574835,0.11571107824311502,0.99221266991402923,3.3008178768319474,-1.10142605623471,-3.0907628968800314,,0.155058404481315,0.8288461538461539,False,5
0.88196671403781546,-0.47131069891668675,0.00096975048454856524,0.4655541706431775,0.87087017066176153,-0.15762125506510072,0.07344405711887983,0.1394681717748481,0.98749916432152007,9.7772980220935697,-7.7041207284855684,-3.8792925992241671,0.2929661655678703,0.2709391556736834,0.9852941176470589,True,5
0.92963122487419136,0.35980508054459037,0.079536719527587438,-0.35535622402441391,0.93247708113967853,-0.064872545782749799,-0.09750763962900498,0.032043675874112346,0.99471878591411644,9.7701148492286247,-2.2711628248338815,-3.0402688490513379,,0.3137016837972782,0.5094339622641509,False,5
0.60304534213790928,0.78841689828070627,0.12138826068118543,-0.78584453051286485,0.61330432978434024,-0.079411415620158507,-0.13705724785208653,-0.0475036164224652,0.98942342666726879,6.9005702902272938,-1.8170052009148887,-3.0427040692975607,,0.21173861209487,0.2857142857142857,False,5
-0.63729212996479367,-0.76972678112340354,-0.037140591087673466,0.75386052110089363,-0.612708527062651,-0.23723948994677879,0.15985323209252736,-0.1791896852112925,0.9707409545823501,20.63262111756972,-22.95562603260371,-6.3394256067166523,,0.1933255157025183,0.2142857142857143,False,2
-0.5792340792949412,-0.81045504334006568,-0.087467160168801031,0.8013298562781892,-0.54643604370055077,-0.24347096661012246,0.14952706383969241,-0.21111672806659026,0.96595620206608701,-16.486718099589744,4.4266600288124778,-3.0724379538135183,,0.133360654870378,0.3571428571428572,False,3
-0.89945176065136323,0.43638142368506627,0.023617436858346375,-0.4321638566579587,-0.88012314452753326,-0.19651374370635433,-0.064968694458812787,-0.18696123536594986,0.98021659096893299,15.545985441588803,6.2631471152239788,-1.7450828521252728,,0.09935196718184237,0.5217391304347826,False,1
-0.3011972148089147,-0.95008900384189654,-0.081308809916674954,0.93838422561687063,-0.28017070182617315,-0.20233492766118519,0.16945584352503185,-0.13724162129960049,0.97593516919838386,13.09201130404562,-7.6154271527122814,-3.7451715654449091,,0.1541349365875026,0.2692307692307692,False,1
-0.44709527766444662,-0.83770531077959087,-0.31361700365544826,0.87973738409966962,-0.34840310967535587,-0.32353888203122294,0.16176510040062131,-0.42055330870201457,0.89273006381109743,9.1555495418283854,3.5016130880304916,-2.1483921203389058,,0.4542941787149547,0.3174603174603174,False,5
0.03413208922224039,0.9926290036802351,0.11628697922858591,-0.99071740107957318,0.048924365106770104,-0.1268283789103864,-0.13158279402513889,-0.11087861629585753,0.98508471755725402,-1.8055004812487399,-12.312968047712795,-5.0403952301214971,,0.2680527883300503,0.2467532467532468,False,5
0.91936419281677439,0.39287231186505728,0.020514081411743542,-0.38532877466352916,0.90977286164631233,-0.15438612511552,-0.079317188444029615,0.13403240944520445,0.98779759912425846,-2.8190135732989821,1.6074309263266162,-2.9466690959635282,,0.2366248220792352,0.9656652360515021,False,5
-0.50941811699996964,0.8525387928550141,0.11692214824198553,-0.85563287462141224,-0.48736892986709096,-0.17425243202694665,-0.091572735785845641,-0.1888097796130333,0.97773478059398822,-4.734457729440722,5.5122909049656421,-2.4844377907681041,,0.5607046681005966,0.391025641025641,False,2
0.92524178797347922,0.36756288105222995,0.09394233476032704,-0.37119750673114915,0.92824222418510383,0.024057935000076108,-0.078358437862272409,-0.057130567233956563,0.9952869201910115,-3.1897037921980149,2.6970860154720251,-2.7774374100070514,,0.5981727524381689,0.5386363636363637,False,7
0.97899568989305452,-0.20360322090154023,0.010638026571706738,0.20365454539749814,0.97411822687329119,-0.098073983360384323,0.0096054833173563718,0.098180489465846871,0.99512226694938655,9.4079343313900328,-0.52716851041025636,-2.7453076033952359,,0.1621881187539472,0.2727272727272727,False,5
-0.8991146473778443,-0.43635285982427074,-0.034482351917962395,0.4289694064342981,-0.86274792817484791,-0.26767753131970728,0.087052278626237073,-0.2554646632181975,0.96289132649162046,2.5642598343979395,-18.151215414926106,-5.7921966683807256,,0.0912253587460681,0.125,False,1
0.23391789514698544,-0.96514380363792651,-0.11738763405623773,0.95180434104762934,0.25195624008230927,-0.17489010677129832,0.19837064977686145,-0.070820134022063899,0.97756513538700074,0.28419172915042906,7.7012843075307398,-1.8952050363141406,0.4556795859244704,0.2465225763076434,0.2571428571428571,True,6
0.99886473724586544,0.040504060857369184,0.025073048095766978,-0.043141373940727888,0.99236195506077174,0.1155706364197723,-0.020200458936776723,-0.11652111912450647,0.9929827643301361,5.0014392865474919,7.7190831124207868,-1.7365470942720329,,0.1034418798187772,0.24,False,5
-0.26471248356098803,-0.9636686166876105,-0.035638437933793704,0.94885714515012465,-0.25369469082812612,-0.18790721631479954,0.17203900471849126,-0.083557172385191766,0.98154000417632636,-6.3861054657165095,-8.5935923978477486,-4.5446732194610631,0.3985216471433671,0.3550414694457418,0.9969135802469136,True,5
-0.4320916777187947,-0.87917442979898131,-0.20087086407389559,0.88879172604406587,-0.37740936765119504,-0.26002199315583963,0.15279414177830183,-0.29088570125869223,0.94447840581003828,-3.9994120383699157,18.38697858903631,-0.61969642055624297,,0.2792059741159348,0.25,False,5
0.21683071893228656,0.97513929691194712,0.045692351059922282,-0.96100415472165268,0.22144837837263126,-0.16562496890220332,-0.17162591277261025,-0.0079979581273832735,0.98512972685365829,-10.934799586603583,9.8099863575156423,-2.0937238332909787,0.2619640041095853,0.2469228339423037,0.8771929824561403,True,5
0.85616109287260334,0.5160512052973536,0.026064085680096535,-0.50598684348207668,0.84755039770201257,-0.16011132870039524,-0.1047162703415048,0.12389300571989649,0.98675479520469311,10.637655207108557,-11.451859296387063,-4.4719980724475157,0.292694607325316,0.2805630639675391,1.0,True,5
-0.25211616942093706,0.93443834001047232,0.25152022947466451,-0.95417456681626411,-0.19674973736526716,-0.22547824038628481,-0.16120897356385011,-0.29684091625847853,0.9412210884151071,10.241660470268737,-5.5998582486176289,-3.535108306284775,,0.3532317746800276,0.1875,False,8
-0.24021266436270367,-0.97023228822021224,-0.03077633465410335,0.95117219937847408,-0.22892639564946698,-0.20703659701719312,0.19382807590565165,-0.079006406511838781,0.97784899893633836,-10.966057911224244,-25.69607035248038,-7.3836689296002342,,0.2511110889465156,0.3043478260869565,True,2
-0.94575880564227877,-0.31980781853518692,-0.057124782309051325,0.32272259801262132,-0.90468719876384074,-0.27819273377430287,0.037288152033529962,-0.2815386857904274,0.95882509464517285,12.026401772458669,-1.8476094862228587,-2.9045686023479247,,0.2592822186456548,0.5714285714285714,False,5
-0.23771202145113482,0.96964556898859,0.057275347213344943,-0.95697505668486904,-0.22368816628344712,-0.18483058498998794,-0.16640834035770982,-0.098747530630102123,0.98109998952902377,7.3746003093974721,8.4662583093392936,-1.5323893199364884,,0.07397634741862899,0.40625,False,2
-0.92593758431259943,0.37168063585871425,0.067030551877556369,-0.37298765410890772,-0.87204446088191556,-0.31688904702987647,-0.059327901022045527,-0.31842104700040075,0.94609102996883321,-3.3979024599760659,1.0112405516306713,-3.0325693943294958,,0.5042033401392365,0.4392405063291139,False,5
0.23726397226817375,-0.96399630556253335,-0.12007052229966478,0.9591894945996059,0.25204558359971424,-0.12817385551520527,0.15382236805250532,-0.08475934550046163,0.98445646548593169,-13.496097533734662,5.7005801642757525,-2.7577698208252142,,0.2612148808932664,0.32,False,4
0.89746356300996499,-0.4395118903264606,-0.03726192870908724,0.43447492414103522,0.89542105367125779,-0.097224878168592405,0.076096605457152008,0.071066411925165357,0.99456466443061542,9.9350191001918642,1.6672541584784795,-2.4078978272089819,,0.2124304401697881,0.2333333333333333,False,3
0.26205013322741399,-0.96337756424368692,-0.056862961472269533,0.94793020668863859,0.26800364841694085,-0.17205338614059643,0.18099185319436636,-0.0088155060609655597,0.9834450853658071,-14.753593750527331,-12.289230628048269,-5.4065883671890207,,0.2474400156152565,0.8852459016393442,True,3
0.34262048437706838,0.92798659219849688,0.1464653146142251,-0.92441923165225337,0.36080578293547066,-0.12356484593839731,-0.16751205281018108,-0.093059506231996034,0.98146810465912571,-18.240439505067908,8.517038668016383,-2.5393898964618229,,0.1604035027420848,0.4,False,1
-0.88250706344915986,0.46929990231367946,0.030641224693387151,-0.46069250476824369,-0.84954228708207546,-0.2569831093860403,-0.094571132026118471,-0.24090559177347182,0.96593001653306709,-22.075147663091194,-8.3194041429148626,-5.0607926808284267,,0.09146926226557073,0.2,False,2
-0.91485742046590401,0.40056575534920547,0.050822985547799335,-0.39901885935902853,-0.87761996327820391,-0.2656447814872025,-0.061804935840847612,-0.26330642927411424,0.96273042655180685,-5.3818443852302753,26.697119773971114,0.54018966448569261,,0.1826395230896859,0.4285714285714285,False,2
-0.52191499827007048,0.85242063201912588,0.031365597218401577,-0.83940422573799733,-0.50671207608999891,-0.19657929127392065,-0.15167491682524828,-0.12892609531308222,0.97998611293904381,-12.128264211027656,-10.600053657331125,-5.0277448369017206,,0.2298860196640369,0.4878048780487805,False,3
0.43427522948646213,-0.88893023867473886,-0.14562985897182851,0.88766906121467415,0.44980783948626246,-0.098572538259710671,0.15312956219078658,-0.086463508524549454,0.98441627316744706,-21.000597572290516,-9.8697018102311755,-5.256635933531328,,0.3841688834602363,0.3272727272727273,False,3
-0.99233930429190842,-0.11061053885221742,-0.055027391836013961,0.12302914338672113,-0.92533148519690878,-0.35864393537436806,-0.011248779266292334,-0.36266644619830274,0.93185112210423027,9.5782246321149245,-14.465272847599241,-5.0558816588880733,,0.2921200467335603,0.2391304347826087,False,2
0.7140161118709436,0.63412266747767276,0.29676494836772921,-0.68787307871032288,0.71434337746943166,0.12862412935039536,-0.13042859952587915,-0.29597631941857455,0.94624859247935045,-20.920910837031471,-1.6287075825251858,-4.1131693609578077,,0.3936301534223988,0.3230769230769231,False,1
-0.38810509829166684,0.92116778464697247,0.028711412514962033,-0.90840480782392341,-0.37710055703785961,-0.18054327737170578,-0.15548356119666215,-0.096151351578253039,0.98314789314084328,29.243038463286023,-15.834604794327754,-5.0721421289443782,,0.2841505024528541,0.9459459459459459,False,1
-0.37613614165220877,-0.92620317121274987,-0.025870612254757237,0.9114834160457026,-0.36485274524475436,-0.18994856293487458,0.16649199745527457,-0.095027153607865386,0.98145313431693781,-6.5822103412723054,21.299962589798273,-0.31019577803645187,,0.2282279650052496,0.75,True,2
0.44452399989222374,-0.88511224229122076,-0.13774880059741029,0.88306755201112319,0.45881171538308024,-0.098404819050274414,0.15030007353590991,-0.077898192363125077,0.98556671997468404,0.75462799374742939,9.36311194850059,-1.6244205804435605,,0.1265105809800288,0.125,False,1
-0.98213008889132147,0.18676679113673897,0.023208925498867682,-0.18706614317962775,-0.95520880631410521,-0.22930851361404564,-0.020657845246424077,-0.22955239503971581,0.97307705314702941,18.37485646429656,9.3260513504143585,-1.2672735690869847,,0.09563962798569481,0.3181818181818182,False,1
