axis_00,axis_01,axis_02,axis_10,axis_11,axis_12,axis_20,axis_21,axis_22,location_x,location_y,location_z,dbh,dbh_approximation,score,reconstructed,number_clusters
-0.93203486669227809,0.31963407012215017,0.17071926806033372,-0.36233305100259955,-0.82863787004699851,-0.42670134810558275,0.0050761620399015911,-0.45955776736023346,0.8881333745771649,10.02372889379558,6.6869321358251925,-2.3676696262813359,,0.2515602225094004,0.2432432432432433,False,3
0.49697298259173212,-0.86758062113807977,-0.017936565990819983,0.86311426693378412,0.49634065280572909,-0.09316500731358647,0.089730801786431655,0.030819185551337537,0.99548910642594068,-4.0115502589919521,1.161761646481962,-2.4238616190947173,,0.07437390958597544,0.2608695652173913,False,5
0.88960113998552082,0.44882786950583514,0.084636607276718831,-0.44354702860532863,0.89315963590274539,-0.074376731640063323,-0.10897635134213476,0.028625309586572726,0.99363209816270914,-12.541671891039652,7.729962808772906,-1.5523893860996605,0.3427598603855872,0.2945791022216344,0.3333333333333333,True,5
0.98965552288491709,-0.13844866710973283,0.037602029186201771,0.14157640469360225,0.98486941609254686,-0.099941757436817449,-0.023196285422777824,0.10423147231553744,0.9942825214804496,-1.0890140641783099,-11.154861395998065,-3.4113805631244758,0.4145029382992168,0.3832800172072763,0.9893048128342246,True,5
0.56417536974572169,0.81549349117246928,0.12913759339408382,-0.81402942439123338,0.57554016897085336,-0.078163995076243248,-0.13806610155123364,-0.0610235999949129,0.988541284846569,-18.74712117632502,5.1369428216738413,-1.4198434244429134,,0.1446942163618894,0.25,False,3
0.99167220629979713,-0.12326345419107058,0.037314288327387035,0.12628546756788003,0.98753077766142461,-0.093994382026720918,-0.025262935966658406,0.097923868552611038,0.99487320801901002,-12.92337973330854,0.95289500977779518,-2.038806934755542,0.2609729227750486,0.2333729197358834,0.9411764705882353,True,5
0.75906012799355493,-0.65092181136073113,0.011336559675389345,0.6488717467580617,0.7550263906978546,-0.094343020986788123,0.052850528375323516,0.078967998864326858,0.99547520150218416,0.74663748035851274,-27.061514097433832,-5.0919430692739693,,0.3680303371593843,0.8518518518518519,True,5
0.55029706486682173,0.77779762168790634,0.30365111574897546,-0.82762663485262367,0.55623188494453768,0.075101554268661039,-0.11048662218333485,-0.29263791597754973,0.94981880190425472,12.005161767922692,2.6277356398346106,-2.7749195558842659,,0.474194137736554,0.3114754098360656,False,3
0.61822177212346219,-0.76840993806504232,-0.16537233007793101,0.78178514887479111,0.62290887672025175,0.028222549529324931,0.081325404833588522,-0.14673342627360786,0.98582730746447722,5.5047607365682572,8.3710733523946939,-2.1092408063274326,0.5099104910264171,0.3736379333569891,0.2739130434782608,True,7
0.89795439592900284,0.43344746797901157,0.07616557840890878,-0.4297666361986664,0.90092445202545346,-0.060297347811658533,-0.094755164726060992,0.021410844103416291,0.99527033237835294,-20.055452693896164,-12.989737300769175,-2.8777090614569256,,0.235200968093924,0.7647058823529411,False,1
0.82211460989343499,0.56409853653763664,0.076944195855582445,-0.55749939307947505,0.82505585956943028,-0.092072011524494582,-0.11542094660754994,0.032797403346088258,0.99277506788696701,15.190740777968639,-17.686031096123042,-4.7593288710556205,,0.2026391282199492,0.8205128205128205,False,3
0.55433175994482831,-0.83223460300803054,0.010092842638958793,0.82731621676241274,0.54965018723208647,-0.11589887470403232,0.090907521132180147,0.072596399578753135,0.99320973886173913,-7.3749408795826632,-17.383068283421661,-3.7553526657616758,0.4209162734012221,0.3052228395596917,0.9897959183673469,True,5
0.95341681961251135,0.2788187569393199,0.11513673983041783,-0.27816003293844027,0.96028099646810483,-0.022077225774787296,-0.11671916790163739,-0.010977640959588544,0.99310428820104935,-12.392372880827706,2.5214051537973008,-1.922996925959034,,0.2130890034944981,0.2857142857142857,False,3
0.082767116011953246,-0.97453656726453997,-0.20839405838773487,0.98982161766923715,0.1046815563911539,-0.096410253324947875,0.11577033169909651,-0.19829334536431739,0.97328155200975075,7.6527366066374443,-13.074414143762594,-4.0027701622331726,,0.5239545780341217,0.4414414414414414,False,2
0.89840816484664221,0.4318336301775581,0.079890457406133486,-0.42742587121943448,0.90158400266080885,-0.066733880139126067,-0.10084589207893746,0.025807014429952271,0.99456729488608098,13.811856506315587,5.978687745340812,-2.5368724228591253,,0.2596885825708967,0.8518518518518519,True,4
0.98428876869234239,-0.17472721173102296,-0.025416949203545293,0.17656489579825801,0.97347863356262887,0.14547916541136857,-0.00067631195728667937,-0.14768124958077908,0.98903477751007174,7.834468380597059,-1.8048882318614148,-2.986427424737478,,0.4462461360077487,0.3490909090909091,False,4
0.60984944011492104,-0.79228412979103546,0.019222852878293631,0.79196148373397746,0.60833419107097031,-0.052216091924871852,0.029676062295992761,0.047067713512465713,0.99845078079558536,-0.53649116301371358,-22.74049638261355,-4.5392904300059485,,0.2703094870754028,0.9861111111111112,True,3
0.033758928384662684,-0.97972375621066454,-0.1974884712351225,0.99569070336637511,0.050046676659879122,-0.078072744188195486,0.086373363857691232,-0.19400178265100582,0.97719135809939472,8.4716432879166153,3.2927366900541144,-2.5658709014556202,0.5155099088814868,0.272523020955048,0.2454545454545455,True,7
0.97904220657035745,-0.20066870049961261,0.034762485435350578,0.20316379007321908,0.97421358145375236,-0.098144648932779743,-0.014171526273875187,0.10315023194763259,0.99456482819986125,-3.2292270010129704,5.9530226603992409,-2.1022151821460819,0.2933705624668936,0.2771859807761838,0.9785932721712538,True,5
0.99589202726051862,-0.082660319526385626,0.036964058418048937,0.085627971868235578,0.99246754123899728,-0.087612955781404933,-0.029443513252833606,0.09041820150178588,0.99546854714979083,-11.465773651444133,3.6539956869085408,-1.8650803576947137,0.2748614522766938,0.2852291679651806,0.8981481481481481,True,5
0.968071590521415,-0.24848484472834942,0.033055673728816015,0.25060067732561525,0.96252422965103612,-0.10366488247532543,-0.006057734665760782,0.10863880188499969,0.99406283230775283,-6.0910587323366245,2.9446093023347415,-2.2248469967908124,0.264648797825588,0.2514181193753203,0.8375,True,5
-0.7474892250080547,-0.63263558349655635,-0.20256376030976256,0.65348098960611989,-0.64557462354888673,-0.39521639851241153,0.11925793357368498,-0.42779156598007723,0.89597540220479799,8.7403010639020771,-2.3934011053336723,-3.0705260580701719,,0.3314242113344645,0.2465753424657534,False,6
0.35864274831474169,-0.90954856869393796,-0.20999233383163823,0.927637404599297,0.37238364287202003,-0.028622859913798329,0.10423159151394508,-0.18453136239721751,0.97728396672732609,-0.70057852878349647,-7.5410550976313617,-3.1839627589108246,,0.2343357963765069,0.25,False,4
-0.37409981380035029,0.88087292588035293,0.29002106434797231,-0.9182863257014956,-0.30814093505987405,-0.24859482731962607,-0.12961309094451587,-0.35932165616813855,0.92416902894675945,8.6797022912618544,4.3013554661610343,-2.5173199927011733,,0.4028309438915906,0.1927710843373494,False,5
-0.95597489294624383,0.2583478497521785,0.13917037251097178,-0.2934444791175152,-0.84408838355338256,-0.44878183834206942,0.0015302718278048383,-0.46986294733535122,0.88273805230627145,-0.40527569883564679,13.674804360974697,-1.6908954710324124,,0.4357589689325436,0.2574257425742574,False,1
-0.2414284398623269,-0.96993859594505283,-0.030519313914011102,0.96007501495252334,-0.23415732992186866,-0.15305655983254488,0.14130914368700637,-0.066253037213401172,0.98774605085034128,5.764547577957897,0.035786983950249651,-2.7930339217976492,,0.1155814218815131,0.1897810218978102,False,5
0.38043599275907325,0.91771570056531893,0.11430812897306983,-0.91305030756042382,0.39236557999332494,-0.11130313338049798,-0.14699520834786914,-0.062025354270712735,0.9871905916034448,7.5719295685500674,-18.525957919677353,-4.5020161163297594,,0.2128353459482715,0.4347826086956522,False,5
0.98693868649814653,0.15385576543531407,0.047753874561416616,-0.14910311610846605,0.98464173713255876,-0.090823511621846098,-0.060994178903065799,0.082516985759853875,0.99472139677451898,5.6217807307970356,13.103382535126842,-1.8471162011209512,0.408073808757017,0.3513541744839604,0.9901960784313726,True,5
-0.55783566218255576,-0.81335296446892569,-0.16515546974581702,0.81971818601555868,-0.50878632299765603,-0.26305621651253264,0.12992870934752296,-0.28212308080009485,0.95053937202366956,0.9663761820015907,11.752944002987061,-1.7780730996018095,,0.2518276390626408,0.2631578947368421,False,5
0.30555824242020185,-0.95211367818117942,0.010663222279600953,0.94582740104939522,0.30221195736453127,-0.11865268749609907,0.10974829344106155,0.046340874465268418,0.99287856026835952,8.5759468335531874,12.129362258665859,-2.0330423323162141,0.168200564691069,0.1254263238742224,0.6060606060606061,True,5
0.33301991197637526,0.9127011737889078,0.23680013849573114,-0.92936755789776115,0.36013956491842719,-0.081089062810704049,-0.15929118165924797,-0.19307009386416188,0.96816850718296188,8.6265135113548617,-0.29801940961934253,-2.8905928998223356,,0.3090060473574383,0.2087912087912088,False,6
-0.77438996201783161,0.6132476197369352,0.15571622784092143,-0.63067031421523689,-0.72841402711257774,-0.26770872207175506,-0.050745851984935184,-0.30551654945783385,0.95083357982020333,6.840892588984496,5.0094114213782586,-2.392622347575891,,0.3846497270326751,0.2376237623762376,False,1
0.63044213238309388,-0.77584936796268933,0.024504610752959576,0.7726476731446329,0.62418279232618112,-0.11580766359821423,0.07455394624326174,0.091943460864751275,0.9929693394580571,2.035476343561379,7.7779955738065771,-2.1655170316168837,0.2632736744443309,0.2497800842048371,0.9279279279279279,True,5
0.77213231749822975,-0.63505282866424995,-0.022794496711872933,0.63317044703587555,0.77189648131156019,-0.057192719285078228,0.053915389966151986,0.029727545212598783,0.99810290240056443,-14.674715318483125,17.557659440976135,-1.1281055582991251,0.1585114552283664,0.2053390325458239,0.6571428571428571,True,4
-0.061427008823276993,0.99626778878738931,0.060640049568838297,-0.99004706631534911,-0.053110594406398759,-0.1303306228104904,-0.12662357232125604,-0.06804232349416886,0.98961442650464593,10.810911797004279,1.3251724876351707,-2.7690991924916668,,0.2754831539905683,0.888235294117647,False,5
-0.98104035966875947,0.16510102664840243,0.10149612653020174,-0.19315384711225311,-0.87579170023279962,-0.44235787451912556,0.01585572599181595,-0.45357529562685145,0.89107690305062182,3.1832390174179599,-13.292746681370573,-3.8008438396873299,,0.4359937810812334,0.2258064516129032,False,1
0.41226191011999092,-0.91105729435107641,0.0038371700395572611,0.90505894140310983,0.40905750597656748,-0.11636266321510916,0.10444342990585359,0.051444758857695519,0.99319937914578593,-12.266368814089569,-13.341780822925918,-3.1916702962358401,0.2697009761432853,0.210950662430343,0.9253731343283582,True,5
-0.90046756125606475,0.43074142194059262,0.06016642377733266,-0.42976088895861869,-0.85997337547299746,-0.27522967100056328,-0.066811297301092448,-0.27369256639919348,0.95949394456180381,9.0606504552698937,4.5708595123465283,-2.5104884380001766,,0.3634468745574302,0.3421052631578947,False,3
-0.96328848244161946,-0.26660545539563496,0.031572626571261753,0.25093108789506685,-0.93592283105674368,-0.2471478169730183,0.095440498338601243,-0.23015209201746639,0.96846328057230102,-5.3531901483545861,3.6256081838558956,-2.242886517817873,0.6374947503430688,0.4402912115169747,0.6666666666666666,True,5
0.83401400113953639,-0.55072415014580167,0.033519492081586076,0.55043708652475554,0.8263248433820013,-0.11919004567434137,0.037942847565280088,0.11785653845203926,0.9923054855550999,-2.6804060693097789,-5.1178608422147072,-2.9057357754458453,0.3184815159638169,0.2859110685123813,0.9962640099626401,True,5
-0.65277235763661712,0.7498757310623253,0.10758548726141914,-0.7540508272170463,-0.62952568811353216,-0.18736263762680588,-0.072770866964892017,-0.20343007636268717,0.97638138294021726,17.913361306856924,-6.323226457895208,-3.6661328266624604,,0.150758765923652,0.2777777777777778,False,2
0.69901236793639743,-0.69715291721390771,-0.15924672521622024,0.71217578641633694,0.69881511575116628,0.066806311378175665,0.064709803849371153,-0.16011009967464271,0.98497583588022786,-10.281546197565648,-15.966049386894316,-3.498947999051818,,0.4011794883437516,0.1521739130434783,False,1
-0.17825746749662966,-0.98201400079117529,-0.062231644135425819,0.97239350932003477,-0.16612656114503499,-0.16386832736802115,0.15058266272700851,-0.089724399871134286,0.98451734050437623,7.9841804097601177,12.183793442695105,-1.9832221081459869,,0.1381460850533887,0.2580645161290323,False,3
0.69953470237994497,-0.71109638647333728,-0.070662078307705767,0.71228567738617643,0.7018026889147907,-0.011049869794983194,0.057448359042868824,-0.042601818934548549,0.99743910644547651,-6.3445359983925673,-4.9212039344348391,-2.6960358485806881,0.4342712978790926,0.1580419854341794,0.1481481481481481,True,6
-0.94484081001022713,0.27602818763096088,0.17630735484484691,-0.32332025747988674,-0.8720636198800652,-0.36738134681121043,0.052343622747756363,-0.40412062866778553,0.91320680168447954,-5.0992200800557477,0.45906427931322136,-2.3889538324427955,,0.5148795468727313,0.2127659574468085,False,3
0.059499920981446769,0.99032354642786768,0.12537556697272922,-0.99429223713691439,0.069938588964381834,-0.080570099558970903,-0.088559056975968442,-0.11986603841039782,0.98883235498406163,9.6407669697593583,3.0958994462764533,-2.6155802686014664,,0.2703049425503524,0.4554455445544555,False,7
0.92675015458401111,-0.37418273855941614,0.033487746157203922,0.37552856940203355,0.92017705213536727,-0.11069094943277744,0.010603987050905109,0.11515845990479054,0.99329053381726307,4.1492553805159407,-1.3710142961305902,-2.858795797085222,,0.2608327388346862,0.9857142857142858,False,5
0.99520428797718918,0.096049264832989326,0.018519284998563507,-0.095500912758862133,0.99502080578149954,-0.028516166014379757,-0.021166030663304553,0.026610802073175805,0.9994217650016346,-0.32313639509565528,-5.4766058067916719,-2.9954695139581826,,0.4053501418907142,0.3457142857142857,False,7
-0.23979066675143115,-0.97082423103651028,-0.0008652001346261054,0.9601778874759398,-0.2370292396977953,-0.14790390099834194,0.14338361322391857,-0.036296721073039273,0.98900135869380912,3.2626839289844285,9.9200174919782267,-1.9523833624178812,,0.07924838305161086,0.425,False,5
-0.46134544445683889,-0.88355938358883701,-0.080518299479300642,0.88210210175048287,-0.44705674902957904,-0.14844576529657955,0.095164399679212683,-0.13951013876855181,0.98563718386355403,9.3756797197007558,12.674299197618721,-2.0184005377148906,,0.1421910500280623,0.1818181818181818,False,5
-0.13370833065414761,0.98113607279268034,0.13962123398193244,-0.98455490965771952,-0.11544366785607089,-0.13162214639192324,-0.11302084844204983,-0.15506374888056074,0.98141811762395437,10.673471740857368,-1.9668050971492621,-3.0659226015587109,,0.2208474151042877,0.16,False,4
0.98568697838163699,-0.16452113511618002,0.036796423045741072,0.16733999647294331,0.98129895650366317,-0.095129824688456877,-0.020457424796704919,0.099925742753831176,0.99478456949521576,4.1630101814481026,7.1395177469463089,-2.186215989790508,0.2808124246475402,0.2268734275612219,0.9663461538461539,True,5
-0.582885870221446,0.76029300846509162,0.28670298843103909,-0.80923009629364273,-0.51128294861500989,-0.28937242043450551,-0.073421478797218914,-0.40067978203877747,0.91327159088443588,5.0111583398168102,-3.6118485099610225,-3.1073517200119971,,0.6738499156308855,0.1676190476190476,False,7
0.9427272007591555,-0.33356386581671582,0.00075655152886260763,0.33241124042584191,0.93927632954807205,-0.08522173425397811,0.02771628018621769,0.080592333209248662,0.99636172329156125,-1.2274285112743812,13.795232432312694,-1.6943059290365643,0.3698238961513781,0.293785433257618,0.95,True,6
0.91163827061591507,-0.41007312996956585,0.027489845859674043,0.41067328635374306,0.90624821910170805,-0.10030761312283612,0.016220833019347618,0.10273360429746269,0.99457663914060057,12.200019396170793,-15.953308776573401,-4.4436051984853986,,0.2858948023533189,0.967391304347826,True,5
0.78088237875882915,0.62142149353996845,0.063702730793171847,-0.61298135828403855,0.78190778660922677,-0.11346394861855927,-0.12031859764893973,0.049553411652629192,0.99149780355448991,-18.069830660385247,-9.1852311244188876,-2.5958195423539059,0.173106440852395,0.2056898520915766,0.85,True,4
0.98927439743059187,-0.14169156611096975,0.035491783293618059,0.14445350421923306,0.98505164376826293,-0.093842656762415863,-0.021664526468964516,0.097963050189677506,0.99495421456990263,-18.569651014860227,-4.9042594591172479,-2.1499653972229891,0.2466317468984289,0.2197581352743113,0.9649122807017544,True,3
-0.68581074297687816,-0.72726838522834913,-0.027282240832698923,0.72042424588076659,-0.67308581011679147,-0.16716578048916839,0.10321109806911549,-0.13429887589542081,0.98555125750444617,-4.3005773219956085,-11.375160816860902,-3.2984774063796261,,0.1558038737406633,0.2608695652173913,False,5
0.81046251054652607,-0.58542235526982833,0.020764993352999937,0.58413458503044824,0.80500010841120062,-0.1037381898302794,0.044014833521547905,0.096205464544814878,0.99438785341625546,-2.1495265093068907,-0.83151803789366885,-2.6059818202267717,,0.3277436824214706,0.9896103896103896,False,4
0.38138320057971548,-0.91070153385797148,-0.15864920593659129,0.92143555744819394,0.38828545364470118,-0.013817378842081174,0.074184687002840949,-0.14091530334448094,0.98723832456890792,-5.5570121686813243,-5.1091796922163297,-2.7573581112627559,,0.7305154542299791,0.6650943396226415,False,6
0.99035907961046377,0.12911944123940294,0.050170343103657936,-0.12376417134436618,0.98744057505547977,-0.098201530668039716,-0.062219959213718076,0.091045486588451824,0.99390109973141449,-8.5547856179869424,-5.8383172116566975,-2.5816452079254444,0.3304594832781023,0.3364294700387433,0.900709219858156,True,5
-0.99917454411683415,0.040491433038448987,-0.0032671454528447955,-0.037968321857233707,-0.95945042181063112,-0.2793086010540109,-0.014444269599489953,-0.27895399609594396,0.96019582957740568,-0.19252995311384113,13.476356313271305,-1.6840747930579625,,0.344222896649384,0.3064516129032258,False,5
0.92283835448368179,-0.38468933036445574,0.019582915962601984,0.38516865796978489,0.92109780342483993,-0.056779762624471028,0.0038047879844545981,0.059941268168791327,0.99819465434288512,-3.3821007949454773,7.0269002671237288,-2.0650677666079069,,0.09669455514343889,0.1923076923076923,False,3
0.47992565385508462,0.86825602283675329,0.12570936949755349,-0.86687011657853352,0.49136034040174836,-0.084268718178204499,-0.1349354206829661,-0.068530976120153492,0.98848163238227638,-22.243551761517839,-5.7984179729760665,-2.0929589912999589,,0.1577236413559257,0.5555555555555556,False,1
0.10254558953529926,-0.99471519666102781,0.0051068188210768514,0.9885444357772406,0.10133519591387567,-0.11185292380154449,0.11074430261063377,0.01651834134257426,0.99371165024798569,-2.0262640324175627,-13.051631207127206,-3.5951873831143661,,0.2104026224732468,0.4242424242424243,False,4
0.99863706657220996,-0.013882575417432827,0.050311861104818306,0.018384492903069104,0.99575826010881041,-0.090152636377266504,-0.04884690050298221,0.090954722388966291,0.99465633199934822,-7.4636980183614341,12.10993169200505,-1.6938613055895582,,0.2396224281219329,0.9545454545454546,False,6
0.98513730759364782,-0.16734686290157177,0.038723541472120621,0.17036044844741466,0.98071678464687717,-0.0957700679580476,-0.021950006650028501,0.10094362678691411,0.99464997934910271,-7.128195548636107,-10.685148163958802,-3.0736084529938461,0.2428966345859304,0.2567754845071752,0.9312977099236641,True,5
0.52389627867311594,0.79669956396669794,0.30133452169928227,-0.84088598656549629,0.54015333207365668,0.033839849992262611,-0.13580665223115473,-0.27111654804714563,0.95291781942870979,6.343213278887446,-2.8882996146718543,-3.0590900782328556,,0.4717859083438242,0.2154255319148936,False,4
-0.8513048367349243,0.48590376891537529,0.19793332793028923,-0.52361125967291478,-0.76283964912602586,-0.37935065370317689,-0.033336521946196511,-0.42658316548490027,0.90383376747575406,3.2289047730029035,6.9916228894124028,-2.2386115020107393,,0.3960701345733729,0.1809523809523809,False,1
-0.58474642893564255,0.76924495026607465,0.25755352907145085,-0.80705255131424292,-0.51952078461838691,-0.28064984191456027,-0.082084062181312908,-0.37196822557799314,0.92460902326127814,-9.0261449091951373,-15.128479177386073,-3.487829455051136,,0.2273483879013777,0.1923076923076923,False,1
0.62372938563525337,-0.78121357639892652,-0.025826373052903397,0.77821745717208979,0.62374771929478712,-0.07291345573458001,0.07307012281142089,0.025379730584664556,0.99700382468061477,12.508428559487337,-12.518018242388008,-4.14791160147879,0.1855393224416594,0.1775920893547498,0.7727272727272727,True,2
0.25618822404813901,-0.96659432712311433,0.0079372937752933762,0.96108739750432381,0.25383364711736534,-0.10899309129235524,0.10333735151157758,0.03555117950942914,0.9940108175558563,4.3401310941648541,-17.957541716777843,-4.33936669669301,,0.2596982084271894,0.375,True,5
-0.41204021103105404,0.90822882488792678,0.073097647952460751,-0.90536163465051778,-0.39905540388847671,-0.14517263905553607,-0.10267996394832163,-0.12599677087172595,0.98670240636854178,7.177677176972062,2.041838832041571,-2.6667066957940899,,0.08321673560749293,0.1666666666666667,False,4
0.71639556040627983,0.65952021788174675,0.22761916271567451,-0.68709815431289478,0.72355621835631645,0.066049414968790215,-0.1211343360488062,-0.20371421423925987,0.97150758697340878,13.055795006575282,-18.454803170377939,-4.738493194053742,,0.3220501417859117,0.2333333333333333,False,1
0.58259028568995685,0.77916296331395207,0.23128691190708306,-0.80218639453659812,0.59699883377983665,0.0094541464917850815,-0.13071169588092491,-0.19104310787185072,0.97283964942563728,-1.247246216690264,1.4562507174190575,-2.5136864373015007,,0.587962956217425,0.2787610619469026,False,1
0.68424919849386978,-0.72393240088860911,-0.087891485959405824,0.71741690103293076,0.68986305785039148,-0.096963660850935676,0.13082822506173702,0.0032924697361079169,0.99139958400749495,9.378410551964274,6.095401774858356,-2.4283848753972812,,0.1936699767613489,0.2894736842105263,False,5
0.96641066485079508,-0.2544926540601386,0.035831772103445944,0.25688287805280008,0.96078362846096932,-0.10443182582281754,-0.0078494474937403427,0.11012859896867662,0.99388635057698727,-7.9248840315359663,-20.413697437534552,-4.0639868079480603,,0.2571440031485889,0.9850746268656716,True,3
-0.96675408284378139,0.24628074470142194,0.068791991497480512,-0.2557041198490661,-0.92963111852969071,-0.26533259610053156,-0.0013951333595126902,-0.27410176623025689,0.96169968043686094,1.7667314961810012,4.9420697577675412,-2.4026192461344409,,0.1619445503001152,0.2375,False,5
0.47708076470061278,-0.87782066051976315,-0.042718051422376689,0.87224120262417648,0.47888232901981864,-0.099332771013820223,0.10765327861894619,0.010129309808688938,0.99413689635049307,7.1431478294666269,-13.608584607940887,-4.033733873665696,0.8196945377583595,0.470567157018833,0.3783783783783784,True,4
0.98082094645867002,0.18809538485805466,0.051092046181574223,-0.18333614558993852,0.97930148096507452,-0.085769849596685571,-0.066167429360257601,0.074757846241805939,0.99500408829167286,-17.156073313101821,-13.046622810405605,-2.9861189359770512,0.2215551378470812,0.2185296298891821,0.8301886792452831,True,3
0.043867218734532393,0.99735105522260148,0.058021890410953042,-0.99020102627840412,0.051113233193265058,-0.12995908952330656,-0.13258052148672739,-0.051752391624879206,0.98982023382198714,2.7947133526204269,-8.1185366198620699,-3.3367608945270946,,0.232786791431549,0.9846547314578005,True,5
0.85086260755581555,-0.5158053493820195,-0.099888260632628539,0.52537656576817426,0.83659302991612883,0.15521458190966342,0.003505310964604727,-0.18454523522606855,0.98281776996063608,-4.4670679079444895,-7.0379848867353632,-2.9179450069709101,,0.3291203403293261,0.1888888888888889,False,2
-0.02865914677073722,-0.9948656329690857,-0.097061968058519785,0.98854542866328032,-0.013814348393706478,-0.15029005039385859,0.14817755827150281,-0.10025734943373019,0.98386578104394784,5.7952533062191005,4.9799487806405622,-2.3680754003091775,0.2700713844220131,0.2473411631837425,0.8,True,7
0.71899423113823835,-0.69445583733641936,0.027899562349716467,0.69230044640763855,0.71206258898778185,-0.11699128714481855,0.061379047676855286,0.10343094001984812,0.99274097988996746,-5.6109691157317725,18.503086058464316,-1.4546531053988339,0.2822718545446508,0.3202124031493837,0.9852941176470589,True,5
0.63832133373630318,0.75856138304007947,0.13088354769577101,-0.76147257691621006,0.64714395499433808,-0.036935296382659258,-0.11271818620655646,-0.076087644690909645,0.99070948356402477,-0.62258194387126786,-12.580907425517315,-3.5853219588897383,,0.1214498532347061,0.2,False,3
-0.864672759898791,0.48074338424085261,0.1456942579433404,-0.50233060833578869,-0.82620964497834393,-0.25503251258174237,-0.002231192059244165,-0.29370635174168763,0.95589309063753791,-0.14951704298717325,-12.369132988086577,-3.5682131747285393,,0.5867397727520149,0.2666666666666667,False,4
0.13272881252255986,-0.98632634200845448,-0.097690375096916693,0.98368573763974887,0.1431628688316107,-0.10893467102832884,0.12143076994937643,-0.081637859159388301,0.98923699286944256,1.7566503200370522,6.1234477405622787,-2.3492575825824442,,0.3255902804271804,0.4935064935064935,False,5
-0.62874992622135639,-0.77757702774129833,0.0068917490992473698,0.76906465076009234,-0.62312807800045344,-0.14230587253770755,0.11494821976827803,-0.08417460624481049,0.98979873834817311,13.918408314771703,-5.9031671511193631,-3.5184079509687427,,0.08051436557668609,0.4285714285714285,False,2
0.95367667174773818,-0.29918576426762544,-0.031443349435994555,0.30083317303281448,0.94829364702776942,0.10118577474023534,-0.00045581483724122657,-0.10595771546409383,0.99437053192784475,9.8150010794209042,1.7904297293950777,-2.706068561661946,,0.8876813138616972,0.6380368098159509,False,1
0.7833570361515958,0.60459206050260361,0.14429204513418223,-0.60095264315641261,0.79597720487616674,-0.072637524743399004,-0.1587692495261924,-0.029811569813453957,0.98686554084644629,17.062237215264688,0.29098539632706433,-3.1071707193492171,,0.2369089221581504,0.961038961038961,False,2
0.97616296565452576,0.216426558141838,0.016291390838095984,-0.21703693537302676,0.97371614824647756,0.069078443294046277,-0.00091278061252223625,-0.070967651609178756,0.99747819989041986,-5.254629320114768,-1.9783051841217372,-2.5511402650400741,,0.5277502413871675,0.1833333333333333,False,2
0.99276346492135814,0.10747724952054222,0.053566253862277632,-0.10625112473391229,0.99401885538635915,-0.025243090721440306,-0.055958924311654251,0.019368943489291975,0.99824518171538956,7.5387375769667875,-3.2855595216605553,-3.1124455525932819,,0.1232547862783192,0.4,False,1
-0.15192322965866639,-0.97863596384483176,-0.13853152189872803,0.98183647436369714,-0.13330970781589721,-0.1350024422412659,0.11365064847657648,-0.15652530808638504,0.98111332578317201,9.4106524788088706,10.481199580221796,-2.1237886491077287,,0.2085459192586758,0.32,False,4
0.15683945306656213,0.98060428483251494,0.11754413013797962,-0.97821153326147403,0.17063304366467288,-0.11826479021233091,-0.13602787271738997,-0.096434438754225554,0.9860004142322355,10.349214454973653,3.7052413605548771,-2.6279009303592176,,0.07710764649669452,0.1,False,1
-0.73349810609596777,0.66071866990087558,0.1594721530488824,-0.67688701195700951,-0.6887896295859649,-0.25960126967859837,-0.061680640378805981,-0.29836166881696941,0.9524577750132619,11.552966293912057,6.6729819532032533,-2.3934970695208486,,0.3847847413438038,0.15625,False,4
0.33866325390931334,-0.92838454250029234,-0.15300111665631019,0.9359387445029973,0.34908068808891712,-0.046490211244094498,0.09657052857734813,-0.12745514681600734,0.98713186482880855,-8.0399378855188441,-16.297716706459489,-3.6404019315376517,,0.1831898870862831,0.2666666666666667,False,3
0.21913349460697421,0.95668388007705052,0.19166759022342847,-0.96602239236515064,0.24032571037298456,-0.095101474135960498,-0.13704469705336145,-0.16431526567681182,0.97684146332714228,6.6405482440421739,-5.8846086492089889,-3.3461523172139263,,0.2826772332224612,0.2363636363636364,False,1
0.99337475935184438,-0.10623724081142212,0.043820499169253908,0.10790919601744056,0.9934444271074081,-0.037732951966484171,-0.039524585988170859,0.042211596913777967,0.99832659395032353,-20.299516029598372,-1.7193029717866921,-1.8479415038838207,,0.2139753206819991,0.78125,False,2
0.97203033932859306,-0.23206925103182871,0.036067743903178844,0.23460221317682153,0.96659206710692747,-0.10325491454886689,-0.010900504450545918,0.10882848217026059,0.99400077488462768,-14.564993423745467,12.688979562205205,-1.1576458847264166,0.3047635226966631,0.2855434111328229,0.88,True,3
-0.66556457416345038,0.71164630629833492,0.22490738616275283,-0.74452512540148075,-0.61207792764476987,-0.26653883044688564,-0.052020527338104583,-0.34484800307094837,0.93721594070600678,-2.069253887012378,13.553526253200474,-1.7607137151148549,,0.3181673317469265,0.2428571428571429,False,3
-0.72426648331219234,0.64905856480711088,0.23272524702129746,-0.68753325788451713,-0.65419701022597665,-0.31515756553523616,-0.052307556368968763,-0.3882644089559687,0.92006231760939994,5.4725349886871593,-4.9122021827127744,-3.2279056654199159,,0.6399159023544994,0.2493368700265252,False,2
0.32791996086311215,0.90180241007448636,0.28146209771723163,-0.93479726332221258,0.35278211320264635,-0.041217194101236476,-0.13646455859613751,-0.24959405799843226,0.95868672174962266,2.8219305865881625,17.487705275073754,-1.6773471045792718,,0.3696477420137098,0.4,False,3
-0.26259888073823495,-0.95689075656661504,-0.1241044230976413,0.9550679485600182,-0.23944391299515305,-0.17467634689026809,0.13743013304361582,-0.16439796995991671,0.97677339542223074,17.635150991585984,-8.5388732436392178,-3.9016101719082954,,0.1829574103209725,0.3,False,1
0.99600755723487977,-0.080477928121321318,0.038629639091094931,0.08330365867208854,0.99345278883210741,-0.078179644496207262,-0.032084986876309826,0.081085507009629187,0.99619059128770104,7.8356701092896044,16.641552172852755,-1.6525350344232783,0.3271451342615425,0.2207423277841071,0.8444444444444444,True,2
0.70169437738222429,0.64785452720630776,0.29649538331728487,-0.70187354693300674,0.70008403047728807,0.13136161686868761,-0.12246846478115356,-0.30027797429876035,0.94595698278789631,5.4546874508797485,-6.191485383822334,-3.3173962694703536,,0.4698699963046457,0.3684210526315789,False,1
0.070252828197338885,-0.99426204773072036,-0.08066920461110999,0.98929462879655983,0.079814179658411866,-0.12217133116951365,0.12790886429232096,-0.071222729291769815,0.9892252752875248,0.573759138857169,18.477661151736804,-1.5967659669433567,,0.1405490158644891,0.3684210526315789,False,1
0.076468613064843954,-0.96832173352511464,-0.23770900613745433,0.98887466394180423,0.10416102478465154,-0.1061950089683848,0.12759094885579972,-0.22694382850989447,0.96551387792788823,-11.582168874776308,-14.623711323167441,-3.3133251889203716,,0.3851397939311788,0.1875,False,1
-0.6845150427349479,-0.72271889323369742,-0.095480666276641243,0.71239667953685948,-0.63537075896088446,-0.29798484800795977,0.1546936561544438,-0.2719952205839819,0.9497833820008863,1.814317851201714,22.449441908833307,-1.3977040329942461,,0.384043679063597,0.25,False,2
-0.95467435229085962,-0.29697607038220952,0.020052299079389692,0.2871866361497134,-0.93672187643734128,-0.20018981547701015,0.078235011951430747,-0.18535733010606337,0.9795519093345243,-10.880447610799692,26.764274934024478,-1.0147338811889166,,0.2151326663412658,0.4074074074074074,False,2
-0.91075652287484854,0.38143690400784569,0.15820380621788452,-0.41274671403995572,-0.82903184672125296,-0.37728814872875194,-0.012755629742802699,-0.40891574362313238,0.9124829908151747,-14.366162103001221,15.022947010115526,-1.1112530147993167,,0.3910029479962145,0.2105263157894737,False,2
0.49499128535599735,-0.86825919295053955,0.033310678145239705,0.86386473171012157,0.48764182604841566,-0.1262662852687424,0.093388183026645116,0.091276630881321513,0.99143694904211532,2.7337225269138745,28.799738416573032,-1.1042909385789133,,0.2652634162249046,0.7352941176470589,False,1
-0.94627884926011874,0.31677236003006126,0.064896928771180279,-0.32333930960527701,-0.92523003965360129,-0.19849701404953035,-0.002833779619033916,-0.20881725418073538,0.97795057341845759,12.612123015125174,1.9871341692109852,-2.8447250703907798,,0.0767752227980455,0.2380952380952381,False,1
-0.99517359620924883,0.083369212221591729,0.051759905926339049,-0.093550220770514392,-0.96527757090004462,-0.24390073249397803,0.029628864334299222,-0.24756571970057198,0.96841795978151879,14.858564701631856,15.030766803818334,-1.8498424171426655,,0.1675075513358658,0.1428571428571428,False,1
-0.9234310188499909,-0.38361679336083582,0.010644683049176026,0.37344891679005954,-0.90465147811441604,-0.2052842168646522,0.088380201255704852,-0.18559056817885999,0.97864451208242564,6.3579339247263906,-4.1268544371608105,-3.1885904040613116,,0.08450575253911022,0.2857142857142857,False,1
-0.89991128849183499,-0.43607146728561941,-0.0011611478518396071,0.42575332395886861,-0.87803587506935454,-0.21860262859620244,0.094306839534264303,-0.19721733572523886,0.97581327235619153,5.7731275628475176,15.588397469413174,-1.7790072506461923,,0.1234892145554061,0.2916666666666667,False,1
0.99099321005175101,0.12247429064971323,0.054152615460155651,-0.12079202365517194,0.99211814689621136,-0.033329710777561875,-0.057807825184954725,0.026488313065899945,0.99797626455658184,15.735901992136592,-2.3355312581517818,-3.2444096425719562,,0.8150943223092262,0.4183673469387755,False,1
-0.58158676070153414,-0.81305392679222743,0.026460383678935981,0.80290565324250607,-0.57894856002448558,-0.14198970679876888,0.13076448970543136,-0.061334141987273154,0.98951441184995603,13.186057003130598,-8.2967113965945494,-3.7680865064158406,,0.2833287617788814,0.9807692307692307,True,1
0.0051720870649010625,-0.99978462226977027,-0.020098721060979936,0.99137793669151952,0.00775815023294234,-0.13080366105820457,0.13093141776006112,-0.019248900692171826,0.9912045417901818,-18.18368964697612,9.1854399695044382,-1.14728432944855,,0.1509916822447281,0.7666666666666667,False,1
