axis_00,axis_01,axis_02,axis_10,axis_11,axis_12,axis_20,axis_21,axis_22,location_x,location_y,location_z,dbh,dbh_approximation,score,reconstructed,number_clusters
-0.61257948187609612,-0.79039954920445454,0.0038640654509411766,0.79003067938202465,-0.61243020156575068,-0.027942330706502951,0.024452075977124892,-0.014064168213216445,0.99960206840166155,12.246169859615176,4.6244440316075766,-1.6843652077945217,0.1612341494541862,0.142635190404697,0.8676470588235294,True,5
-0.3406922700252713,-0.93886755109211495,-0.049563077500509617,0.94009244628005184,-0.34088672653519814,-0.0047362558317743664,-0.012448678332035317,-0.048207480523369553,0.99875976552390922,9.6854442048839768,-3.5405010263034127,-2.1261402218839804,0.3987812983780581,0.245857732981028,0.9653179190751445,True,6
-0.94365564810297342,0.32940615915840271,0.031711198524558212,-0.33061351268878986,-0.94260099206895576,-0.046883632305932364,0.014447249943652218,-0.054726155164851922,0.99839687745401939,-10.323752783868986,6.9072888107060697,-1.380334876041208,0.2995770815217829,0.2851975575389561,0.9916666666666667,True,5
-0.93696406983786396,0.34694569088555072,0.041557423029041425,-0.34905584593115485,-0.93479996406080701,-0.065643305928331397,0.016073215426691181,-0.076011280530342271,0.99697740043492755,-6.7585345166847732,20.208770438320329,-0.67612485066281625,0.3014427576403922,0.2810473964925319,0.9861111111111112,True,5
-0.55873669198064613,-0.82934028232923485,-0.0028293357150081452,0.8290262819555495,-0.55842405854056509,-0.029630974841211452,0.022994191907552142,-0.018901506531157505,0.99955690192673396,-14.84008974232391,-22.663495532890419,-2.9406849835419591,0.3405849979482907,0.3035559493065372,0.425,True,5
-0.13878757010384937,0.9876611789810481,0.072549334376238533,-0.99025421387703072,-0.13926338492520071,0.0015170754628006586,0.011601822419498134,-0.07163173286289766,0.99736367116694491,-7.1110462999356949,-17.184687024333083,-2.5907664739805467,0.3163504223952303,0.3011575883948768,0.8472222222222222,True,7
-0.83869995265326436,-0.54447945303450285,-0.011158612936145982,0.54435171497993029,-0.83754030468700036,-0.046983490964524893,0.016235757383592037,-0.045479261736020446,0.99883333791685514,-18.952564997863515,-5.0522687353125972,-2.1146838113210711,0.2464333752371722,0.2099605620338426,1.0,True,3
0.95563045888257669,-0.29434832704097402,0.011379298047498753,0.29435297271477173,0.95569588855368415,0.0013023269787241498,-0.01125848612606932,0.0021049868793953279,0.99993440560888069,-22.235851176486214,7.3340136719799744,-1.4107324334735776,0.1936167306670065,0.2743040950434535,0.9565217391304348,True,2
-0.83106640455097891,-0.55614870804020067,-0.0052197482622851187,0.55561270895416892,-0.82977108227609775,-0.052673225332812573,0.024962950052349019,-0.046675106465511221,0.9985981602031494,15.050753660244013,-14.821316133258263,-2.756184087069784,0.2025107292839256,0.1739330949139897,0.9354838709677419,True,4
-0.99546124217122089,-0.094306124059688731,0.012777726705816915,0.093199715200775052,-0.99321207606697293,-0.069595869426485019,0.019254309165076811,-0.068089110139379391,0.9974934308851382,17.666257537833129,8.480520037409029,-1.4596905574151069,0.3023421365272735,0.2659776938369169,0.9795918367346939,True,5
0.81199503158354525,-0.58366059677808013,-0.0020919972016618261,0.58359349289089546,0.81183539888085399,0.018491083780259841,-0.0090941596115911988,-0.016235544112201902,0.99982683669140393,5.6870245245616449,-19.260285705775779,-2.9461456933729981,,0.1852631742709358,0.4117647058823529,False,3
-0.72546390456374421,0.68678131244304075,0.045094922709119634,-0.68825320262703438,-0.72360192738122042,-0.05203633119094684,-0.0031068068426130472,-0.068787204981726621,0.99762651738115171,13.777947193957866,-7.8932071162136248,-2.4414942540007067,0.2581174084293705,0.2187987049572319,0.9782608695652174,True,4
-0.77904804459143517,-0.62690750416068008,-0.0084335902965054169,0.62643431310545783,-0.77776622528272277,-0.051572765812581696,0.025771992207734806,-0.045460752704868004,0.9986336287053188,-16.844532007593603,15.907999502312437,-0.92775492771020396,0.2518421868846174,0.257890001659874,0.9534883720930233,True,5
-0.9854496629710483,0.16605378333750462,0.036264345982626137,-0.1678118249012254,-0.9844209884158005,-0.052483416331056444,0.026984313472220078,-0.057805351013202728,0.9979631196695965,12.965899208960455,10.074483517165849,-1.325373653242846,0.1380995867277003,0.1695485450550253,0.2777777777777778,True,5
-0.99469758338470537,-0.097383877347591713,-0.033062033231123202,0.10253710943537087,-0.91430886851283444,-0.39182321797900049,0.0079283540073236715,-0.39313569335730625,0.91944628326575184,10.567013060630101,11.780828758261988,-1.2248310199631984,,0.4880074933669291,0.2647058823529412,False,3
-0.80118350327031107,-0.59836773599145288,0.007813233131849881,0.5978114149972249,-0.80089025134604741,-0.034587821525494417,0.026953778705879068,-0.02304035206602954,0.99937112025020358,-6.2382306829732608,13.128469958205816,-1.0662989363675826,0.3066688544193953,0.239537895803504,0.8833333333333333,True,5
-0.99605355803847972,0.085952388394442858,0.022124566621195066,-0.087011858208152937,-0.99482437216388697,-0.052472898527649636,0.01749988714389774,-0.054190916932817801,0.99837723254886579,12.483273495040798,2.5601803424366474,-1.8119268899242575,0.2751631318259158,0.221503477046627,0.9276315789473685,True,5
-0.70534656885979852,-0.70881569450428294,-0.0081565324813759801,0.70842977874610136,-0.70446715807017268,-0.043049643277076964,0.024768253540740956,-0.03614324867724112,0.99903963844864363,-13.282991791628229,14.618920524675756,-0.9664731735130242,0.3306938495697606,0.2924932602823042,0.9759036144578314,True,1
-0.49175780003151243,-0.87073202886843215,3.2908702688703995e-06,0.87044215098964306,-0.49159418504996399,-0.025799593128278994,0.022466149841254369,-0.012684286646275154,0.99966713509226912,-14.767332003848265,-9.4724863031602222,-2.3035674713123639,0.2843758071241193,0.2442387293128506,0.9846153846153847,True,3
-0.95961116217388642,0.27983636869962031,0.028948647365493348,-0.28122806389190991,-0.9569385008667699,-0.071968615649224688,0.0075626391484382629,-0.077203058954085635,0.9969867071216354,15.886842963291212,-0.6658248079771758,-2.0848302649315928,0.2093380808707749,0.1917299229146783,0.8695652173913043,True,5
-0.85563595077267884,-0.5170768284141336,-0.022774399278867118,0.51725739776739288,-0.85272869749741442,-0.07279115962304282,0.018218238121115518,-0.074062959578610518,0.9970871445456605,12.915059120652499,17.612814662712502,-0.88869703975833059,0.3217772813644265,0.2390171908918501,0.1818181818181818,True,3
-0.86353602329722434,0.50262852432207361,0.040866893762892681,-0.50421219864465872,-0.86196507729949889,-0.052785076053617694,0.0086945503582639087,-0.066187401020748479,0.9977693284222483,12.921970009631961,-2.0266496158265617,-2.0734496694500466,0.2276477796313423,0.2178479975513336,0.916030534351145,True,5
-0.96449030988328577,-0.26411153936524329,0.0018806688611182273,0.26310292520381223,-0.9613820588478097,-0.080755109279503162,0.023136397525130838,-0.077392710894946676,0.99673219844143257,-3.8531205326674933,-22.052127658574204,-2.9248412347612125,0.1583602004292037,0.1622589652483499,0.94,True,5
-0.98029914078866232,-0.19711433208567025,0.012630702887416405,0.1962972818586744,-0.97934392672867432,-0.048506188415055065,0.02193106709456084,-0.045071202181447105,0.9987430175125197,-5.8418179997161115,8.9539221339499857,-1.285108617702275,0.2682268644356062,0.2306826076298384,1.0,True,5
-0.99425033161674226,0.10473074503392467,0.022310291899389992,-0.10568425962265857,-0.99328787026119381,-0.04701110570909374,0.017237034199868686,-0.049098654122288636,0.99864518564672011,-4.9534889863741123,2.5008427754633136,-1.6603147165067411,0.2397594924168268,0.2165011329412565,0.9878419452887538,True,5
-0.78607869262797059,-0.61811533662799134,0.0037040007513899267,0.61761418469860729,-0.78565706212307806,-0.035995827469436428,0.025159647361912466,-0.026007909593043846,0.99934507592884336,11.547054503916559,-7.9232228920767982,-2.4243691190330039,0.2539480314254233,0.215260527310346,1.0,True,5
-0.92757378494802978,-0.35502268668295889,-0.11647216584917983,0.3729400210301701,-0.86063196964252731,-0.3467396048091993,0.022860756575438623,-0.36506369960547586,0.93070182176632765,10.276655124799671,-8.9028948242434129,-2.4920346104347213,,0.3964102827970166,0.3333333333333333,False,5
-0.92182282811457561,-0.3672011719440848,-0.12412079958546028,0.38747968192087379,-0.86463524261699931,-0.3197896079036015,0.010107901134351454,-0.34288364870248822,0.93932349794260195,-11.181835166480068,-9.7123979638310161,-2.2160024861488559,,0.4142910712914467,0.3018867924528302,False,4
0.90714953101400386,0.40361618873323357,0.11905335179460297,-0.42017993220643224,0.88424491578326125,0.20386209427563895,-0.022990279512625181,-0.23495723249968356,0.97173378347365269,10.151413498100963,-9.6758156000415667,-2.5216030996581122,,0.5721697270300048,0.3907563025210084,False,5
-0.99920180787031077,-0.03994065148186924,0.00070107624850907976,0.039793861329971793,-0.99675718325766816,-0.069939732803969937,0.0034922412793711756,-0.06985600892867834,0.997550972265279,-6.2249401037426999,-21.008907204028901,-2.8232984534650307,0.303972009852266,0.2384009928536681,0.4827586206896552,True,4
0.076070388052044011,0.99492239802130167,0.06589930179563816,-0.99695170037060599,0.077041799358817345,-0.012323484885041945,-0.017337911920630906,-0.064760968701038618,0.99775017601759142,7.6783253315550395,18.976133320967993,-0.82297144775191633,0.2931695761186944,0.2025851870131712,0.3571428571428572,True,5
-0.64092721655174334,-0.7637560085095122,-0.076740227709148873,0.7672412494157167,-0.634353546546915,-0.094532762460222117,0.02351952971988068,-0.11946688850459131,0.99255956711564031,14.477109983640325,14.377763175021569,-1.11917388882979,,0.1644189255518908,0.5714285714285714,False,2
-0.070701621199154338,-0.98881704564736772,-0.13130929516611181,0.99597996801361699,-0.062721218665343428,-0.06395273289490945,0.055001673387313814,-0.13530298949522138,0.98927646133841196,-8.9840148363248442,-9.7300679036166393,-2.2485944997152005,,0.2735311021881002,0.6271186440677966,False,4
-0.98068734744733455,-0.1954470955932707,0.0072635652997573184,0.19418506377170153,-0.97744186271204525,-0.083063626371511462,0.023334257320281902,-0.080048971524690829,0.99651777434883149,-5.1609107923408564,-20.37742375883375,-2.8179844308096325,,0.1091871163697781,0.2121212121212121,False,3
-0.96918462978968634,-0.24606857724662953,0.011463362126789525,0.24530119802835465,-0.96832972860567335,-0.046528044707673175,0.022549404100427335,-0.042282289321709826,0.99885120632876723,-5.7347115884049353,-5.5952486328786248,-2.0965308355225312,0.1974697139097217,0.1904303013411054,0.9563318777292577,True,5
-0.99755507123198817,0.065528540815002784,0.024287655259373837,-0.066735546997052239,-0.99637485528272851,-0.052759023183957421,0.020742387190145789,-0.054250881089412957,0.99831187275053279,-15.583869116261855,6.2437102016279011,-1.416521047112357,0.2908211521003722,0.2718982052857066,0.9895833333333334,True,5
-0.97354669482727763,0.22487890473137867,0.040451343583335644,-0.22754733406530814,-0.97027237018963208,-0.082424137280064175,0.020713371300988631,-0.089448341814744203,0.9957760543394979,9.5457851561328049,14.354031188190302,-1.0962272426362374,0.2295338166197788,0.226379297354673,0.3225806451612903,True,5
0.99929659820744088,0.028395376948924373,0.024495129698842738,-0.028861509853168314,0.99940490059439013,0.018890683336269636,-0.023944144587562506,-0.019584362022906043,0.99952145084741661,-18.970918393019158,-12.305824425679862,-2.4942371825790017,,0.2407229926553413,0.5609756097560976,False,3
-0.53745577249884757,-0.82507422835426336,-0.17433820669401293,0.84303505192912398,-0.53078732276519858,-0.086929392098493194,-0.020813308879831443,-0.19369392271666835,0.9808412055353829,14.737410834197497,-28.176691205405039,-3.3476021372764007,,0.2518134460412161,0.4761904761904762,False,2
-0.86725982216466124,-0.49785514364737693,0.00081043369089601851,0.49723204565477913,-0.86625355585722019,-0.048631982672756258,0.02491372378592702,-0.041773591042297747,0.99881643631777872,-4.5912877096913016,-14.35692991053342,-2.5392572799513835,0.09947855121457928,0.1374606531541591,0.746268656716418,True,5
-0.65538117275971342,-0.75529406114174347,0.0025297423019755936,0.75489894172413385,-0.65513987494777859,-0.03032048873602931,0.024558220128604456,-0.017961777679870426,0.99953702701135283,-19.849611466871636,-8.3006967187016212,-2.3045761770292028,0.2982018627622794,0.2636941320546223,1.0,True,1
-0.78177073176035716,-0.62249864768801666,-0.036468569885120573,0.62351103553730491,-0.77958754632918303,-0.058968179314284906,0.0082771689648913436,-0.068838152466740563,0.99759350300555438,-12.606261594838603,-2.193989417843941,-1.907320545784188,,0.2689710630396389,0.9701492537313433,False,6
-0.039918596119561188,0.98486215204565808,0.16868031050433563,-0.99919425574214626,-0.0400489629375241,-0.0026305625877891745,0.0041647299723773616,-0.16864940567824291,0.98566730339837993,-6.5764731855136809,-14.154410902823081,-2.4874848659193138,,0.2018705612405557,0.25,False,7
-0.86131880608457567,-0.5080634364135681,-0.0012078347061479297,0.50753961762758648,-0.86031784161047753,-0.047505241238555963,0.023096554363900887,-0.041530181631268433,0.99887025843709554,17.820226291739864,-12.726529147419068,-2.6840054724105538,0.3210605153130169,0.260657076520083,0.9661016949152542,True,3
-0.93998843791958409,-0.34117538099365863,0.0045930361777159652,0.34044231334162761,-0.93869906699320282,-0.054250280300564981,0.022820338825246058,-0.049430972374824314,0.99851680562020539,-15.77200912194416,2.7139986294112033,-1.6574961062403111,0.2940416719547613,0.2586333594042742,0.88,True,5
-0.86379610236528181,0.50266878581511176,0.034356735958300501,-0.50372177806329932,-0.86306734078872915,-0.037136714564162676,0.010984709522580896,-0.049384785420542143,0.99871941961978083,-10.379078151181549,11.612108207177892,-1.1571557065798792,0.2665676082824278,0.2538737814671178,0.989010989010989,True,5
-0.8444473162107119,0.53417626563401177,0.039553095679445635,-0.53557706991421361,-0.84316451347026689,-0.047231402758691469,0.0081198723285089425,-0.061068162390478277,0.99810056969005845,14.023354624077154,-0.19875755524335126,-1.9921876994659322,0.1974393664686883,0.2270111670015819,0.918918918918919,True,4
-0.43070114789037467,-0.89582866808522044,-0.10948752733792973,0.90240830286299878,-0.42580130428706886,-0.065973511285623176,0.012481030800248462,-0.12721732077076381,0.99179633855246363,11.264296288096606,-9.8832559709997216,-2.5189734797891141,,0.1851576904469661,0.6065573770491803,True,5
-0.34829070846961457,-0.93734894292215032,-0.0083989044798247186,0.93710995225155214,-0.34795629843508341,-0.027410796603691091,0.022771029507414265,-0.017417622744869979,0.99958896884323922,11.701956965707213,3.5187330562522137,-1.7474965232457904,0.1921013828422559,0.2203487363666793,0.84251968503937,True,5
-0.90496167305424047,-0.42549102296681107,0.0013265283732836215,0.42482840217076456,-0.90371777997640224,-0.053056600565407272,0.023773914526296222,-0.047450643084985311,0.9985906255613044,9.6271178503247583,6.372954070727979,-1.6019536338236327,,0.1877428397894942,0.968,False,5
-0.38962807612852707,0.85792522069497223,0.33489442812304898,-0.92091468749760541,-0.35886557850584638,-0.1520908771585294,-0.010300516665160755,-0.36766807348360514,0.92990004145460925,8.2085792184424697,-13.729789840975785,-2.6758016890361054,,0.2772186784983883,0.34,False,2
0.20847756070811391,-0.972175973193107,-0.10682220662029172,0.97719481288157151,0.21155908675056775,-0.018249670972777784,0.040341100115683662,-0.10058145932178224,0.99411064056379339,9.2324121560565295,0.0034687963610060407,-1.9062032016872343,,0.4315979027473096,0.4608433734939759,False,4
-0.50530216712390186,0.86194495555175132,0.041480278431773591,-0.86293247074617063,-0.50448071668062833,-0.029099096709501875,-0.0041558190284945607,-0.050498515783028795,0.99871548955241174,-21.643499323539668,-25.269095961869045,-3.1658013493612587,,0.3257725759326029,1.0,False,1
-0.81132864219325473,0.50289507742894168,0.29806438139198976,-0.5845582037939161,-0.70325277689613985,-0.40463222581141517,0.0061270493780704021,-0.50252569375665579,0.86454056375644528,10.355175067265932,-11.263134664218104,-2.5880533033925013,,0.1919509270776243,0.3333333333333333,False,1
-0.96913808813760882,0.24296864403666066,0.041684579114672493,-0.24607307155654473,-0.96361696374339012,-0.10435703445718425,0.014812480403652723,-0.11139382927683533,0.99366594246926643,15.521362093723623,-30.465438744220215,-3.4759633586928138,,0.1932417045382282,0.375,False,2
-0.60672190365492917,-0.79480123297182947,-0.013398943682174386,0.79454830266509846,-0.60584515357551383,-0.040554218289511418,0.024114857605835798,-0.035251240482026831,0.99908749551134346,9.1431374117322903,-12.850274419073831,-2.6423571753959445,0.2096610794678857,0.2106653308140522,0.9555555555555556,True,5
-0.85007418231571186,-0.5266492515797252,0.0038013643323727333,0.52615424406503297,-0.84954810723743079,-0.037811703765515153,0.023142947362549984,-0.030142649183718898,0.99927765145006631,10.685019544794679,-11.704051020437989,-2.5940173264495625,0.150558720309391,0.1773847943921946,0.9487179487179487,True,5
-0.98072288858912593,-0.19499400553809049,0.012647276450394191,0.19446819219990741,-0.98030686239095988,-0.034359536837574048,0.019098115611269128,-0.031237691230369451,0.99932950953461597,-4.961096992345146,-1.3146550459968351,-1.8878408061268503,0.2425695401727905,0.2419487915010963,0.9144050104384134,True,5
-0.92560593569117022,0.37753244949206749,0.026886825654775674,-0.37837486259047381,-0.92473169177442127,-0.041276647001107607,0.0092798261250370811,-0.048379208432274161,0.99878593152814954,-10.639559135652684,-19.180697152710785,-2.7954178839794777,0.3018330953978789,0.2948983057355583,0.9420289855072463,True,5
-0.51580252732600196,0.82727632536760465,0.22262442428983739,-0.85624516881354062,-0.48927782081957816,-0.1656847154613717,-0.028141849398715876,-0.2760816827323343,0.96072209341312798,-4.6599097755103758,5.5913183353493912,-1.5128140657358096,,0.3726562646110388,0.2894736842105263,False,5
-0.78564039145624087,0.61806358022181407,0.027687291595199025,-0.61867276469848909,-0.78510242221286286,-0.029294997112543374,0.0036311888979383231,-0.040144706237423063,0.99918727825583264,-7.7834861232171306,-7.8748419441554383,-2.1793713853459118,0.1819130595421951,0.2002170351404002,0.9939393939393939,True,5
-0.84802094120544336,-0.52827848386252485,-0.042217612023237053,0.52685121442293559,-0.83174324452853432,-0.17501706500288394,0.057343536149338445,-0.17066053635523881,0.98365984984283628,19.001467756376829,-4.497993661433588,-2.3525452708667247,0.2829353415971505,0.2142313172351271,0.3269230769230769,True,2
-0.90615263432949533,-0.42288421555876737,0.0075062326743567977,0.42233837843253669,-0.90565270928927399,-0.037728825319288312,0.022752964657187916,-0.031017904317405306,0.99925982217392562,8.9796470149603316,10.721555209403162,-1.350220180927302,0.2475061895524869,0.2095207718754924,0.9382716049382716,True,5
-0.82494915228675514,-0.56509560587201391,-0.011218394069834679,0.56466225506950019,-0.82312060903007433,-0.060241187652529331,0.024807939075854026,-0.056030520380432568,0.99812080779067403,8.6976997713583568,24.201051712000005,-0.5742112754669132,0.2984511680182577,0.264541801774383,0.967741935483871,True,2
-0.90572641441097423,0.37010154640623988,0.2066022932736909,-0.42376522947634632,-0.8011225447458471,-0.42264133563436151,0.0090935430442712177,-0.47034828972544074,0.88243401669884292,9.4109973279304331,6.800079781599937,-1.5686638138792706,,0.1816835415727922,0.5116279069767442,False,3
-0.98613056811538502,-0.16592999793267607,0.0037065367244226242,0.16505364769005165,-0.98277842273785598,-0.083089501052180575,0.017429745053663428,-0.081325319470347671,0.99653519576601512,-12.257363566249813,-13.07183167166817,-2.4566388936391119,,0.2759559054304004,1.0,True,5
-0.97408502710598177,-0.22618211339140348,0.00010746969938104853,0.22509316315650646,-0.96944166043395252,-0.097549653588617724,0.022168172413087162,-0.094997466265470717,0.99523065343416972,-25.508021260006362,-3.8724994933458645,-2.0971909032208198,,0.09869409368828522,0.6923076923076923,True,1
-0.96179256262334911,-0.2734606274120423,0.013204231814921221,0.27282907640200627,-0.96135392597562863,-0.036917801679860238,0.022789505304814751,-0.031904768713430447,0.99923106646125859,-10.81360368171277,-6.6917433457388142,-2.1414036969908734,0.2334627946557898,0.20574875682418,0.9770992366412213,True,5
-0.65967506525692365,-0.75123331509061364,-0.021847530209112162,0.75111483762283127,-0.65802348272704436,-0.053212751127877045,0.025599003517702588,-0.051513129178259981,0.99834417338969994,9.5756987972097551,-16.958203873644159,-2.8083758615753625,,0.2261052568244331,0.975609756097561,False,5
-0.99975529349368608,0.011545647588228184,0.018869317770434525,-0.012286383115285239,-0.99913914155835359,-0.039623485409293856,0.018395595160190736,-0.039845624951862987,0.9990364999592849,-7.8589392040900012,0.25151859141282351,-1.8343987692616082,0.2465715734728131,0.2227704825095404,0.9517241379310345,True,5
-0.89255638992165365,-0.45093294115854221,-0.0016041783354914241,0.44996071273894556,-0.89038691363693012,-0.068894854782940496,0.029638620100900584,-0.062214360096436036,0.99762263687042829,9.4939219925830987,-0.25908467872927315,-1.9141680962561414,,0.316780647915719,0.6666666666666666,False,6
-0.9295687650228609,0.36719981298097226,0.032652847358406609,-0.368492991245917,-0.92809854780435908,-0.053347923727879561,0.010715712599214049,-0.061622908972054399,0.99804197837230912,-7.8926626697526938,-9.8219427160896959,-2.2750899928120418,0.1510765462528343,0.1505084417557959,0.6785714285714286,True,5
-0.89474303046125858,-0.44588419991360612,-0.024943730843772105,0.44643451257484945,-0.89162024083391112,-0.075561710656491282,0.011451437597952674,-0.078744056300663431,0.99682909175758849,10.717555717369013,2.2660806504562285,-1.8186928162177025,0.4227580262754619,0.3922194023161776,0.2727272727272727,True,7
-0.9942109150849523,0.090858032186784413,0.057353938950044606,-0.10605064996708141,-0.91555044356461335,-0.38796990209318871,0.017260242394004574,-0.39180633388931352,0.91988579767094758,-14.876608013647534,-22.282959228675864,-2.9262899842563832,,0.3938797951610058,0.1428571428571428,False,1
-0.50649099203346293,0.86168004877458237,0.031214876786415224,-0.86223203377908497,-0.50595077067984706,-0.023869176224814267,-0.0047744019668438144,-0.039003989440842088,0.99922764868350067,10.82783296214175,-14.011658771111403,-2.6768396590909935,,0.2311847208797155,0.9888888888888889,True,5
0.19128275770376812,-0.98146938623167534,-0.011346827541741312,0.98148246517579041,0.1913793193198117,-0.0081318318441342963,0.010152692140379395,-0.0095812330472634794,0.99990255666019745,-11.187209936587218,21.832371608133961,-0.60733083575667668,0.3677695410407301,0.2812783467752437,0.9210526315789473,True,3
-0.99921055289621474,-0.035774362200814494,0.017276168266310052,0.034935613545810686,-0.9983012168111145,-0.046628139783032173,0.018914911763439294,-0.045987775795021356,0.99876291009949325,13.4058595601746,5.5197830557545595,-1.6150760717065324,0.2498418682596842,0.2224960374147856,0.9701492537313433,True,5
-0.74345739916291342,-0.64552435987850876,-0.1748410604902518,0.66845288959664928,-0.70903017319976935,-0.22460398011209301,0.021019753086189551,-0.28385650300062715,0.95863635216094811,5.1369624257190631,24.279121280089544,-0.63078422614780727,,0.3449410382349206,0.3142857142857143,False,2
-0.46404107517550719,-0.88533677902058427,-0.029063177104657539,0.88553568083255474,-0.46282376075078713,-0.040258222227549559,0.02219095586908984,-0.044417949051656622,0.99876654293166112,-22.066010215462065,-10.523513358191872,-2.3986761561211698,0.2574842999095892,0.2078397551636711,0.90625,True,2
-0.85391367793923056,-0.51780990757991785,-0.052003175291241134,0.51983354145131966,-0.8439699064603704,-0.13224177165877543,0.024586984574644068,-0.13995605239270459,0.98985240495145332,17.70516695428115,20.683400473399825,-0.76600347599978957,,0.2481022493836401,0.5454545454545454,False,1
-0.90839726809353816,-0.41717464682226385,-0.027923419721038095,0.41688894793881603,-0.89862980571163464,-0.13663117277231659,0.031906244007481988,-0.13575634915314611,0.99022836015635607,-3.9420616840558163,-1.6417951337562409,-1.8911912113388933,,0.139568523628898,0.2164179104477612,False,3
-0.63729933981792708,-0.74256848914781393,-0.20601356846665583,0.77034819045531167,-0.62094202160040657,-0.14489538044060019,-0.020327737942524876,-0.25104390997499193,0.96776223233530212,14.411776854047966,-11.243768076413666,-2.5598603240414031,,0.4415571543629563,0.2897196261682243,False,3
-0.4833521271353447,0.80271913271781981,0.34930318515938019,-0.87528617376465212,-0.45026923081486292,-0.17644187087487734,0.015647210939104608,-0.39102380202507148,0.92024754878222015,5.4456053234240009,14.032346300828786,-1.1980785841248767,,0.4415553257385402,0.1428571428571428,False,4
-0.69096676065777007,-0.66103361597733412,-0.29257391239486391,0.72246379724983234,-0.61763620199203362,-0.31075968794586073,0.024718360169326579,-0.42609867464800438,0.90433894206417631,-10.637662199887481,-17.472922835137187,-2.6667711419590812,,0.3150837033460578,0.2264150943396226,False,1
0.25498716828782769,0.89269735012959539,0.37158173405073819,-0.96673112206493983,0.24342746628907111,0.078574845129635335,-0.020309644005201924,-0.37925520395596651,0.92506919126771314,19.517410182679786,-14.403042083539333,-2.7843695495449179,,0.500942468207759,0.15,False,1
0.36193585014394264,0.86053862881456189,0.35843508296278032,-0.93208392090658199,0.34021454854685496,0.12439302771647864,-0.01489982442830649,-0.37911387375696715,0.92523006109669437,7.3015476497356948,-0.94327476963353529,-2.0136099839841402,,0.3399826566864774,0.2824858757062147,False,3
-0.92607005502361772,0.37562678724706022,0.036038450174834445,-0.37717241182874373,-0.92434232836507035,-0.057725486121189815,0.011628626051297776,-0.067050553279527692,0.99768181218315666,19.520025233205214,-10.991701183813372,-2.6427324648856994,0.293054082805582,0.25312682358452,0.98,True,1
-0.9139872866928388,0.40445720752782049,0.032273937514021744,-0.40551446279452408,-0.91324682765726473,-0.039220558874268951,0.013611033330721858,-0.048934640621332404,0.99870923732532413,-17.197363800037596,12.22015541205729,-1.1412093418671638,0.1994825374885305,0.2689840503405387,1.0,True,3
-0.99956132264146291,-0.028763136019210916,0.0070600485542479507,0.022366177928707091,-0.88935122553307533,-0.45667729495528614,0.019414333985727603,-0.45631905466368211,0.88960440870464086,5.4568579166340792,-14.178478291313244,-2.6893497857838491,,0.2104630637010743,0.4038461538461539,False,1
-0.58789047081513601,0.79553583029639074,0.14665448182509799,-0.80893871294625541,-0.57776229248304534,-0.10866872632726668,-0.001718435803831634,-0.182519796458813,0.98320067680968382,7.9650103067924904,12.362935299993982,-1.2893866589087193,,0.3583097713311165,0.2650602409638554,False,1
0.3597744743185019,-0.888706215242835,-0.28418935697453496,0.9327857850581287,0.34968651799307571,0.087349976115438072,0.021748720016013388,-0.29651408418932201,0.95478080785855346,6.1180560138687765,17.611895712292419,-0.96980989776114723,,0.3639109867448339,0.2333333333333333,False,2
-0.87449070615487301,-0.48504217571180275,-0.00030435096391244996,0.48442748220187742,-0.87335053856486911,-0.050880755458228968,0.024413507251073913,-0.044642183741513956,0.99870468913212196,22.072270190878381,1.6328497759784653,-1.9783153615308122,,0.2029698573389843,0.8333333333333334,False,1
-0.59952080485281334,-0.79784030392914629,-0.063448041537012417,0.80035748073593027,-0.59779572821631621,-0.045477141031072678,-0.001645472172457748,-0.078045606875545515,0.99694843180014003,21.952841322064085,-4.7145882506363188,-2.3453944974618675,0.2417257139918708,0.1927379254951535,0.8108108108108109,True,2
-0.69368426976345487,-0.7202789244754525,0.00063626977531624357,0.71987100251416647,-0.69332060432002762,-0.033049649991492416,0.024246105295295146,-0.022467990159259835,0.99945350857166571,8.4464953553432931,15.133362099105037,-1.0887968357122353,0.3402723167667303,0.2722534210967082,1.0,True,3
-0.8989609462640723,-0.43793296722314989,0.0091615124913777338,0.43736375969263991,-0.89855185325749165,-0.036297502876157559,0.02412796716511564,-0.028623123984873457,0.99929903330976189,24.692654780825453,3.9743306338273112,-1.7695819548681864,0.4584067911223598,0.2633114998088266,1.0,True,1
-0.84626409742826014,-0.53273051364396706,0.0059394643332469216,0.53214986624565974,-0.84577162521438864,-0.038560054939500467,0.025565548276092823,-0.02947130493965229,0.99923863262310686,-21.990581351082529,0.35767586971839233,-1.8384333308432088,0.2878800222299673,0.2959832490670323,0.8636363636363636,True,2
0.59402194889471038,0.78349918751798819,0.1823922898315104,-0.80408551994624256,0.58510441704870542,0.10535320480590424,-0.024174384048202227,-0.20924111524446276,0.9775652176950359,17.247866433409758,6.248157046268493,-1.5681049186833587,,0.2829885516746721,0.1111111111111111,False,1
-0.90252737408169859,0.4263715657947505,0.0604286928116545,-0.42949141246917361,-0.90143805846963332,-0.054282164269040083,0.031328352149877295,-0.074944743806551486,0.99669544983778402,-14.883939722872256,19.694531290995709,-0.69422567979210348,0.2654479734993382,0.1617166909589473,0.1111111111111111,True,2
-0.83325170111158475,0.52060791334812417,0.18616928627988427,-0.55284650216299203,-0.7801209572163238,-0.29286863464364221,-0.0072351669499975332,-0.34695632674905702,0.93785337856618456,9.6810076982221069,-2.1755475915384039,-2.0027007930328846,,0.370459297930825,0.1933333333333333,False,2
-0.26733085443583254,0.87617619309582329,0.40106046042799809,-0.96354974476057031,-0.23861268047750481,-0.12097883321961649,-0.010300662039271203,-0.41878307913220481,0.9080278789740448,18.828122398053864,2.7643478461665798,-1.7992971541605733,,0.4054551704634219,0.1846153846153846,False,1
-0.086345873349760918,-0.9947498653154242,-0.05492809490972736,0.99611038477830427,-0.085229139152545055,-0.022362807876808694,0.017563925879084796,-0.056645381932343732,0.99823985555248873,-13.469210699950544,23.391162788657507,-0.59323408262608956,,0.2383482154648753,0.8372093023255814,False,1
-0.31651361548250478,-0.94748086485760519,-0.045816393822268209,0.94835128478653496,-0.3149864443401012,-0.037594953460663702,0.021188956036629025,-0.055349350589365097,0.99824219382443158,14.294950366508894,4.7058343744502533,-1.6881385625503129,,0.1175409829126989,0.2045454545454546,False,1
