axis_00,axis_01,axis_02,axis_10,axis_11,axis_12,axis_20,axis_21,axis_22,location_x,location_y,location_z,dbh,dbh_approximation,score,reconstructed,number_clusters
0.8627037673357818,0.47188359571980509,0.18184631399947829,-0.49526224980009648,0.86108243619770741,0.11511881685792347,-0.10226198583831747,-0.1893750515838048,0.97656519295438504,10.565094095640712,2.5747404908335363,-2.2874186145994173,,0.2536708128111682,0.1111111111111111,False,4
-0.17191200091909856,0.95595709563719322,0.23789135175725495,-0.97248797182167535,-0.12614964259477024,-0.19584027250638741,-0.15720498911343808,-0.26501377129144421,0.95134341455844962,-10.612891186407584,2.0224681188359273,-1.5431194040316831,,0.4276152694514746,0.3260869565217391,False,1
0.98530128383454885,-0.17043820422561057,0.011497765623804598,0.17066449238305001,0.97921752269375761,-0.10957497108891932,0.0074169477298132343,0.1099266200237716,0.99391203187028776,-4.6886061357635063,14.479929481316297,-0.87976282668790429,0.3475374962972382,0.2938357244836869,0.8613861386138614,True,6
0.86620571929535217,-0.49794465887164191,-0.041698543874184785,0.49774315852746515,0.86718015032889628,-0.015821978847712359,0.044038619405310078,-0.0070500763654743042,0.99900495315294446,9.4972098841244144,15.379423783042542,-1.0753434977283753,,0.356917812474995,0.1707317073170732,False,3
0.79604350549718628,-0.58722875304252276,-0.14655077262121757,0.60137177375692785,0.7947494018569301,0.082008401865293096,0.068313447316017503,-0.15341375377773978,0.98579789666423301,-5.3597276467514954,0.18066080655515854,-1.8365064767033248,,0.3864438505910197,0.4516129032258064,False,3
0.75907074908385397,-0.65100809767441159,-0.00023376830998209606,0.64467046227890856,0.75173099845542291,-0.13892624311595464,0.090617840133040431,0.10530414390497088,0.99030270338218618,-6.969693119900902,-0.68345893668802127,-1.888784437741357,0.2609192356497869,0.2360397833662607,0.9822784810126582,True,5
0.39845590165919864,-0.91670059614684019,-0.029881624068689765,0.90612649247393817,0.39848614758455336,-0.1419280445158731,0.14201293627635819,0.029475535741512439,0.98942585306980857,-14.699549613390191,-12.251986184184306,-3.2150536300806745,0.2696159215485727,0.2861743392927941,0.9733333333333334,True,5
0.18795100987331603,-0.98042028470918363,-0.058740813906205142,0.97199020186396667,0.19426033085246644,-0.13227989770760809,0.14110090491575741,-0.032233355206262151,0.9894703358080531,11.29420520751483,7.6239871219283746,-2.0084464477361377,,0.2467199190080596,0.8103448275862069,False,6
0.18743146117945436,-0.98218787145636255,-0.013282790525882594,0.96915076259790323,0.18711308906244856,-0.16042285141902635,0.16005076293488113,0.017195262880455281,0.9869590043251214,12.14156348679662,-27.211477308118688,-5.223753437881987,0.1875112636925759,0.2143254870392315,0.8571428571428571,True,4
-0.13131930859529764,-0.99111387575534826,-0.021178396428080924,0.97755527351961058,-0.12591346608818657,-0.16891265870756572,0.16474503453534653,-0.042884546667430398,0.98540346521263888,-18.456353353938759,-15.183459116399282,-3.6653999108897861,0.2997885829810137,0.2761028108280341,0.975,True,1
-0.21986301418799681,-0.97533943171270909,-0.019319625733898622,0.96247982337746862,-0.21365046981597469,-0.16729036534926456,0.15903724275604703,-0.055375713934382099,0.98571836024435078,2.2455172618325614,8.4289537889751376,-1.6091118573594088,,0.07991469737120116,0.25,False,5
0.17822478405174627,-0.95928494559301258,-0.21910800877265654,0.97013730537858311,0.20853618594289058,-0.12388005434763626,0.16452821965392292,-0.19048635728314603,0.96780442891449292,-5.7853575643210737,11.059729894076568,-1.1553587987169531,,0.3086867842028002,0.2,False,8
0.30665404290781784,-0.95140353314760573,-0.028188917725650353,0.93996716584614337,0.30736161563734277,-0.14829215880811733,0.14974987512335261,0.018977732927187657,0.98854176469863209,-11.188260085411979,-4.9627474684447348,-2.3308279572553969,0.2737446877019117,0.2330816103762966,0.9690265486725663,True,5
-0.60557385593922375,-0.79204311736185318,-0.077123311927174601,0.78021381531322631,-0.57184632789725809,-0.25349197159831099,0.1566738886900991,-0.21368078413871852,0.96425816827890209,4.313724275469788,3.1763259293608788,-2.0078694250269931,,0.211868475943246,0.4666666666666667,False,5
0.34758527738725736,-0.93713297442076637,-0.031084774358344051,0.92624408472162645,0.34832378950896603,-0.14402233569939188,0.14579564623752689,0.021267955129711184,0.98908609515187362,-8.5580906406222734,-13.763179078773852,-3.4273725426464297,0.2834454690800581,0.2919136051717587,0.9080459770114943,True,5
-0.9676030214359973,-0.2049501271539228,-0.14744435658077792,0.24808225426380262,-0.88027173752309595,-0.40444636632990016,-0.046899765749081224,-0.42792185442865699,0.90259808246806106,6.2105957501870899,6.5063066300915899,-1.8549914171963464,,0.4645677573867731,0.1774193548387097,False,2
0.92015154112731179,0.38398845348338995,0.07664208342984942,-0.38804319365581219,0.92042647926561083,0.047303024471071875,-0.052379587803183643,-0.073266389689593689,0.99593594920728801,-1.0201600216632807,9.5005680553015175,-1.3827643212417289,,0.2227569148642213,0.2258064516129032,False,4
0.95339013888169721,0.27775947369198695,0.11788518930505713,-0.29508762479979278,0.93985587187103847,0.17202974684497865,-0.06301219543195985,-0.19879792474742061,0.9780127035693168,4.9338627577525118,9.1555308377489748,-1.7321391546003579,,0.2883995535920886,0.1032608695652174,False,3
0.21387513776643358,-0.97685224321176944,-0.0041376777936472141,0.9647754505649655,0.21189143121796308,-0.15591777116022548,0.15318536298406024,0.029355004829469813,0.9877613721233004,9.9642511043849531,-20.193041714740108,-4.3202516480095143,0.2747493506511612,0.2961223357218052,0.9381443298969072,True,5
0.60573564638221167,-0.79566294857183684,0.0021906555857185202,0.78745201555614552,0.5990855559986491,-0.1449683406484126,0.11403354725031072,0.089537527683986221,0.98943386905732678,-4.9987756196687183,-3.8967954345298517,-2.2992446449208837,0.2722420522433293,0.2424755621107795,0.9242685025817556,True,5
0.42315194347312307,-0.90599692342011851,-0.01058335902250245,0.89513930739631276,0.41983175027199127,-0.14988969883753392,0.14024283614134786,0.053952536704374249,0.98864607959279083,4.4540760026681658,1.6775084853934166,-2.0451527302832271,,0.2631806271353221,0.9353348729792148,False,5
-0.36378314138779383,-0.91060048324327225,-0.19613410197909631,0.92224800694345033,-0.32252393619235531,-0.21315938701315193,0.13084509823016494,-0.25842807606780605,0.95712825147366254,8.9887451934859843,12.38518615218471,-1.450192452340666,,0.3529148595876409,0.2826086956521739,False,4
0.99142147658147139,-0.12839973019785078,0.024432868397579393,0.13037118784162977,0.98479305527066718,-0.11483027332296349,-0.0093171430050643534,0.11703054120947709,0.99308461032806228,1.150879048494442,-18.65150639035998,-4.1227579494296167,0.3311496190331253,0.2775770500037818,0.9813084112149533,True,5
0.90239919750540221,-0.4308964338175495,0.0019878795045008835,0.42772044744918414,0.89516938085673703,-0.12540732997092249,0.052258082393789367,0.1140177306381958,0.99210334639322739,18.53504699022092,-9.8074273197278288,-3.0927846951127331,0.3748745772777269,0.3605764947593997,1.0,True,5
-0.68386138548237418,0.71818648370003724,0.12861485169569065,-0.72008083515496912,-0.63595885338443259,-0.27756067380751348,-0.11754657072263078,-0.28242611676779283,0.95206002556499325,-4.4467728093459087,15.223768242127282,-0.84914049626189803,,0.2409590597335622,0.303030303030303,False,5
0.59365546924383272,-0.80469351021556368,-0.006445033268991365,0.79607153877764703,0.58842801216668672,-0.14150116482117819,0.11765750713436571,0.0788722328485464,0.98991710860072069,6.9632142506579457,-18.307933400526778,-4.1222667951005931,0.2721357792970435,0.2617654225545051,0.9065420560747663,True,5
0.16166343441171158,-0.98683036878457797,-0.005545919103674639,0.97390698889623384,0.16044833579339698,-0.16050392057579468,0.15927997662381144,0.020546405661905645,0.98701962202435234,-3.692295721856151,-18.101092833569268,-3.9999245422517933,0.2222064748848281,0.2268530166567882,0.8857142857142857,True,4
0.67421895595720682,-0.73851933003209391,-0.0042424753294276153,0.73060396718332854,0.66781017131620091,-0.14229342297734029,0.10791961158174852,0.09283735377300241,0.98981542884543439,-15.70748211904171,-6.9045934919699592,-2.497187270992606,,0.3073390043187271,0.9793103448275862,False,5
0.78023138027882277,-0.62546890055651039,0.0052581046807636672,0.61917258006860509,0.77113071396166799,-0.14826576838959091,0.088680941128241139,0.11893727936016997,0.98893357423995443,12.789841470242392,-11.08851212370509,-3.2290969782335792,0.2533687942961252,0.2413362834651012,0.9894736842105263,True,5
0.82174480330391619,-0.56985421386014645,-0.0012857639143869452,0.56427988494878134,0.8140171910156887,-0.1377106538112377,0.079521630297668178,0.11243748341528759,0.99047166675177489,-6.467700134115578,6.183642902407092,-1.3442956104270991,0.2050676480344183,0.2139661476000486,0.6129032258064516,True,5
-0.86210103811069672,0.47604625901970998,0.17367141204527164,-0.49988220936535843,-0.74275457649337484,-0.44545865785520006,-0.083063691517216875,-0.4708456205291574,0.87829654717529548,4.7228411269825719,10.607427943705927,-1.6220054022505725,,0.3565647471876059,0.3157894736842105,False,5
0.88992671876390772,0.4528290755961914,0.054555142056482181,-0.44584818977799617,0.88889345597303571,-0.10529869704795194,-0.096176020409393853,0.069384812625034653,0.99294306023819945,-1.3439213910093495,21.158532973981952,-0.43482192794112834,0.4275841996448384,0.2505253352527763,0.7391304347826086,True,3
0.95627741573262048,0.26063981096404071,0.13266647315870628,-0.28091245088222566,0.94479130676055378,0.16869375094835681,-0.081373823180933391,-0.19858568833205023,0.97669955733101688,6.4771681372593406,5.802738805681928,-1.898889015985876,,0.4320041340350478,0.3333333333333333,False,9
0.99908943625683311,0.03682805117101013,0.021540496905802637,-0.033373843101730111,0.98913246525016141,-0.14318922021143868,-0.02657978473623393,0.14233994813503428,0.98946089069163901,-0.77718341657475731,-9.5119597561529812,-2.939976013544412,0.2382991977836647,0.2180057596201438,0.9662921348314607,True,5
0.28132676471281326,0.95914048193891543,0.030079683545645226,-0.94593302609311403,0.28245399738537547,-0.15946927449306997,-0.16144956364928692,0.016409608983979487,0.98674452779351551,-4.6561370946137073,-8.3172097223542352,-2.7447195548214784,,0.2560157142738698,0.9797979797979798,False,5
-0.148565215711876,-0.98890260543338149,-0.00011682274341638828,0.97551858127394042,-0.14653512947515168,-0.16398461336045944,0.16214769276731186,-0.024476372214243342,0.98646288979031937,5.9110317807046879,-6.5854843703780137,-2.6903717492530976,0.2186686857400783,0.2333706532299347,0.9875930521091811,True,5
0.90245316874555215,0.42565854549057569,0.0662803203972199,-0.422551653912904,0.90460114197707031,-0.056097002676156679,-0.08383542208744503,0.022618058816502883,0.99622288942725667,11.96930207091248,-6.2623789262514222,-2.7066906117638125,,0.1438789757118732,0.2068965517241379,False,4
-0.65093514552614051,0.7573244400342779,0.052374887547666928,-0.74845677129765231,-0.62872061301130422,-0.21100438922777165,-0.12686960951132964,-0.17655051203963826,0.97608094893865527,10.122203889227507,-4.572964993130709,-2.5747011807443321,,0.3949406958733061,0.5106382978723404,False,5
0.23200053639367671,-0.93874995131688022,-0.25480243329999902,0.96000400339504932,0.26318365832551921,-0.09553363520705091,0.15674203194588152,-0.22244750143112546,0.96226246135268378,1.4581215437209036,9.0154702715282511,-1.5656868382253797,,0.2766589496667438,0.2368421052631579,False,4
-0.62953885553322497,-0.77683897578135075,-0.014213904491683638,0.76705361226436786,-0.61848758919870628,-0.17059266666347933,0.12373190892450464,-0.11829753891841444,0.98523911158649413,-14.705401907793464,0.26539667476231754,-1.7426011531083592,0.3610273053456745,0.3178864344794309,0.993006993006993,True,2
0.6022244622591989,-0.79827697595584968,-0.0089200176794945463,0.79090987706124427,0.59811172766138987,-0.12932102536275902,0.10856916423914564,0.070825354871622601,0.991562658475864,14.14554428451423,-14.949775451325946,-3.6661904839565191,0.209074305885165,0.1780543647553719,0.9672131147540983,True,3
0.97473197096440578,0.222293901870836,0.021977396817721193,-0.21700231549376917,0.96565620639149341,-0.14289186865574824,-0.052986600666462422,0.1345121267716336,0.98949426875610791,1.6564564832104149,-11.795477500790176,-3.2282725071882861,0.3255013410076972,0.207743667329554,0.9711538461538461,True,5
0.89945089512965981,-0.43698703783292681,0.0055150717546920726,0.43349347768123753,0.89051763161870301,-0.13806430597386141,0.055421043460780958,0.12657281122824779,0.9904079116200043,14.424636829685456,-6.3337328376373563,-2.817347887543538,0.2735277859486683,0.2675099798250412,0.9626865671641791,True,5
-0.95457494211448768,-0.29403617670966015,-0.048263927244766774,0.2836098120621724,-0.84689091837658126,-0.44982357305206949,0.091390121945327946,-0.44307843454318174,0.89181239420271685,7.3052292953940414,3.7637370577646658,-2.0085677788377061,0.6129324607514701,0.3626082353804302,0.2857142857142857,True,7
-0.49501962945893013,-0.84527424142798413,-0.20116416984316274,0.85431397314572166,-0.43127822147062289,-0.29008055945393374,0.1584398994518556,-0.31545293224739862,0.9356207809781717,-5.0418444783684642,-5.7578413505932255,-2.4752782845635686,,0.238553724498462,0.2121212121212121,False,5
0.9547905971596552,-0.29704951713994526,0.011683318982034643,0.29603393791915061,0.94646317366442845,-0.12872982753480369,0.027181301948051483,0.12636868783043176,0.99161087708860163,-1.609034245414557,-6.4733180382310547,-2.6098470662764663,0.2472983448806234,0.2290247501868914,0.9640625,True,5
0.54004802961232046,-0.8405386093709668,-0.042929848224433555,0.83209563851286239,0.54089009526778153,-0.12269781256845413,0.12635257844509315,0.030540972445765133,0.99151514104543303,-7.4940057287294541,12.201823593273829,-0.99933593095344198,0.3863510546948437,0.1258514799548606,0.4,True,4
0.57663031971796241,-0.81697138130582592,-0.0074321268295870855,0.80783146346790391,0.57149142994275981,-0.14424240754120976,0.12208931572117672,0.077170639683951991,0.9895144725356495,9.3793512839462192,-7.5317489134022031,-2.7432207155202524,0.3017778580622275,0.2806236962975263,0.9952380952380953,True,5
0.62378007729258589,-0.78157063597704934,0.0067643293301696203,0.77319621601026811,0.61578445021220873,-0.15158206498214583,0.11430672211317729,0.099784026052667063,0.9884215302311371,-1.7997410688737625,-25.74908548308726,-5.0726461405835979,0.2766138311313251,0.2674698274893687,1.0,True,2
0.12041210050748162,-0.99266023120538516,-0.011251285910808421,0.9797100495901272,0.1206551026901521,-0.16003301199108519,0.16021593174052967,0.0082469132467547744,0.98704753869224249,-14.621499706818375,-16.285711450981122,-3.7972737879377534,0.355418428163867,0.2715843461569799,0.9830508474576272,True,5
0.46747110267555447,0.81089792352097856,0.35201608740605406,-0.87078377138733976,0.49101523783018586,0.025291494756291666,-0.15233644229711646,-0.31835293912249596,0.93565218671273698,13.417933004659448,-4.4040713462913592,-2.6644393081743427,0.8588358893133321,0.3151996339549575,0.2253521126760563,True,4
-0.77859846199717342,-0.6268192250825908,-0.029700068055438022,0.6159857083803304,-0.75439406094079986,-0.22682858701766867,0.11977496419043403,-0.19490320644902176,0.97348173997721765,10.068216282842963,12.55040814346574,-1.437994960889545,,0.1657660428024436,0.4722222222222222,False,3
-0.9631924328745044,0.23498120871628494,0.13055331785721291,-0.26782235469177729,-0.79721357622916922,-0.54103761440702991,-0.023054795176806982,-0.55608843309866818,0.83080330463547358,9.0130041593002286,-6.503394056829773,-2.6478237183057804,,0.3416997875451287,0.3658536585365854,False,1
0.89727211760230874,-0.43145822817200796,-0.093522961438040744,0.43705331124850783,0.89803609833118736,0.050155450559378173,0.062347013562678147,-0.085877607306973372,0.99435299892092954,-8.8435171515510245,-12.894809777950849,-3.3418226781287315,0.520106594784877,0.3256949569685373,0.3478260869565217,True,8
-0.40707925191351846,0.91244092170075142,0.041689891669489172,-0.90266428519936825,-0.39490339371028793,-0.17102192216675452,-0.13958392058917207,-0.10725145240033293,0.98438481046335502,5.0887240753042926,9.4454271962285556,-1.7007553829878852,0.3062425845354396,0.245583978353868,0.9781420765027322,True,5
0.96136016915583333,-0.27492136435710385,0.014313230966359627,0.27495676593003254,0.95631325857156679,-0.099316304550304629,0.013616241403748567,0.099414259038932903,0.99495296525502896,10.454481737884764,-6.7503752164732962,-2.6846960062607375,,0.112655728317963,0.2807017543859649,False,5
0.9222253530009823,-0.38629054832825871,0.01673351590271039,0.38462097625417968,0.91208868021914569,-0.14198923917458781,0.039586650622334608,0.13738213744279049,0.98972675289907919,-4.2180201139808835,-13.323121821906623,-3.4077651099631989,0.2505869508212733,0.2549758272711576,0.9910714285714286,True,5
0.43067923047199569,-0.90246427385834338,-0.0085810750714905744,0.89197905905371111,0.42708485153208775,-0.1482291732469378,0.13743638037181358,0.056185086999553852,0.988915809029842,7.8949188776609347,-11.798012655250051,-3.2314742252161492,0.2636526132114575,0.2583615145785473,0.9615384615384616,True,5
0.89830513388871613,-0.43935686266048962,0.0036651960804218904,0.4363833213258364,0.89119202387753593,-0.12388048048701716,0.05116134573883066,0.11288190204897333,0.9922903773049494,16.199936752835402,-26.209785272918033,-5.1128839963101145,0.2965570486795946,0.2797756112030286,1.0,True,4
0.3647858245595676,-0.93102191442533355,-0.011379677507868034,0.92021630195757709,0.36236072160286176,-0.14797521769193167,0.14189171861640662,0.043507497046372676,0.98892559775184408,4.8743471180869955,16.030130324466302,-0.94358954693963459,0.3340540444541857,0.2911948666604845,0.9615384615384616,True,4
-0.32672601462776979,-0.94510739684257206,-0.0047031690285381511,0.93123670770810762,-0.3210731288390764,-0.17236658653709569,0.16139487470926264,-0.0606964115161885,0.985021644455917,-6.1890587085356188,-20.204033391273949,-4.2606400279488748,0.2245501310501725,0.2200654313621217,1.0,True,1
0.40893874759328919,-0.89258127984074376,-0.18991513787661535,0.90270906859450162,0.42616540382301882,-0.059155608877036789,0.13373645050651592,-0.14724709661730173,0.98001676227689871,13.668370146320251,-4.3674782492659796,-2.6609956248889319,,0.2489163122694265,0.25,False,3
0.3687420511886354,-0.92952254965670289,-0.0041387636922311068,0.91832793367195864,0.36498314251488334,-0.15317020571165846,0.14388573912305946,0.052679553525659041,0.98819115494794263,11.963313339960219,-2.0604001752426715,-2.4897071877211099,0.2771048331540265,0.1831630557795102,0.7737226277372263,True,3
0.72015131410901356,-0.6475908089904725,-0.24901451543660316,0.68680254700951282,0.71628099803089718,0.12346575752453978,0.098409075843172031,-0.2599378309729608,0.96059771903787372,-13.094519298167151,-12.765075673185629,-3.2962496728687678,,0.3439439511353868,0.3333333333333333,False,2
0.38620060145969082,0.90036666712040381,0.2004718438351559,-0.91376457763822905,0.40312849376271748,-0.050216672233731691,-0.12602933026006394,-0.16379036069041703,0.97841163405751741,9.7176553966333667,-1.4211519483067196,-2.3906267642758459,,0.3723043732342997,0.3768115942028986,False,5
0.5918178043155341,-0.8035324688050316,-0.063931667202022147,0.79478484114203773,0.59491882757391246,-0.11995267770627939,0.13442002375377357,0.020178210380794391,0.99071897985244173,21.354764056893412,-12.867308128674575,-3.4097647592715039,0.2965241147959634,0.2665442216064093,0.725,True,4
0.96155908884402364,-0.27354548917745403,0.024020491504536431,0.27406119038405374,0.96146777089159707,-0.021683852564075928,-0.017163408365695229,0.02743339000948428,0.99947627611957923,12.585228564639257,2.7676975848835408,-2.2623575604788551,,0.3477936425016303,0.7959183673469388,False,8
0.1622888301224038,0.94869841066765948,0.27135523067403466,-0.96993233331677831,0.20391919431889427,-0.13284664457562903,-0.18136594058469752,-0.24163668551151338,0.95326707055831872,4.0530394289285443,3.7015480849271216,-1.9622075992231769,,0.6909124757631319,0.4290540540540541,False,5
0.82275829492984387,-0.56807628339686833,-0.018924174120337575,0.56571833659408632,0.82166015978556939,-0.069551027759285247,0.055059529287453696,0.046517932705073532,0.99739888217878525,3.9537363875800011,14.199402731209876,-1.1427906088325865,,0.2313857568725033,0.3392857142857143,False,5
0.99784074035347659,-0.052858624020269029,0.038984904225988611,0.057221365262263506,0.991010726968091,-0.1209274757517855,-0.032242398303294513,0.12289713137766839,0.99189552012840143,0.56536960106183987,11.112452318886767,-1.3958677057090261,0.4714975385691361,0.2641815279905255,0.898989898989899,True,6
0.31634840561357486,-0.94734296863780765,-0.049648625743891388,0.93857078040716191,0.32016695144152679,-0.12875563432538473,0.13787159399833682,-0.0058671097779873053,0.99043273400630949,-8.6132466823379943,15.857140303750549,-0.78225278172497581,0.2677585096195627,0.1945894705472896,0.8076923076923077,True,4
-0.061577769965121334,-0.99808830622620914,-0.0052831070990043685,0.9844866701977677,-0.059865592299535267,-0.16493061286958702,0.16429903970819296,-0.015357207855686911,0.98629102283141723,10.020690346543624,1.7331830624176796,-2.2999545404982173,0.3243430425983058,0.2943195290146209,0.9911894273127754,True,5
0.15884424547847964,-0.94301784782300213,-0.29237962371828197,0.97281941246104653,0.20003343252612613,-0.11665768989123163,0.16849598338629765,-0.26590217103116609,0.94916022831953728,4.01063919435403,9.6621200577608519,-1.6386158309075227,,0.2684569282668073,0.2244897959183673,False,2
-0.48070887926183542,-0.87479794902351482,-0.060394716516280894,0.86334453985504356,-0.46010980695603976,-0.20720803808095734,0.15347696537693711,-0.15174819250036506,0.97643090240505959,11.965478376350726,1.1222152872284348,-2.3596472081435054,,0.2145267293046426,0.2941176470588235,False,5
0.17009722939390723,0.93823163114809482,0.30131103342841781,-0.97158094409307072,0.2107525837347049,-0.10776742329833688,-0.16461288414863895,-0.27441711820207348,0.94741640454972875,1.8315373052603141,11.097391922323068,-1.4591045717747493,,0.3792483711202206,0.2203389830508475,False,1
0.49570226014666979,-0.86844228595392603,-0.0093415872634859259,0.85852805990304049,0.49161124431130604,-0.14576678231273957,0.13118246698626893,0.064236908656997119,0.98927487581641749,-27.55265275834536,-0.20161957896349239,-1.5594038290661865,0.3368825331527034,0.2759468522847036,1.0,True,1
-0.53102069873140789,0.8418812063629747,0.096192785028968858,-0.84109705178859184,-0.50991389181296187,-0.1803983714136517,-0.10282396117319198,-0.17670273712928489,0.97887863175149181,19.648394385417312,2.9678817960380841,-2.1555268816344153,,0.3241909706636353,0.3148148148148148,False,5
0.37919438512872028,-0.92530900944477268,-0.0038542609129817553,0.91431890213393707,0.37532440841997045,-0.15215956639262418,0.1422412158533663,0.054174029613208566,0.98834842592479677,0.77180593940682751,3.7268611319249803,-1.8296425405466024,0.2760486789762177,0.2559898538199913,0.9771784232365145,True,5
0.84941291562610022,-0.51818806029856979,-0.09989410859291914,0.52099899850444931,0.85355385383883664,0.0024211885989423587,0.084010370341578378,-0.054101319400513902,0.99499512808565815,-2.6748176021291981,11.19125111342796,-1.2470165735817309,,0.392436367870469,0.3157894736842105,False,9
-0.76658553409809782,-0.63349692236740485,-0.10501556200183,0.63406067408296773,-0.72088289789564119,-0.27981227475404846,0.10155629223729389,-0.28108628012161807,0.95429388693127692,8.8772953058984232,-1.7804673056016438,-2.3754090734366984,,0.4937249894827469,0.6692307692307692,False,9
0.59042062724646382,0.80171975434599507,0.092999561360744235,-0.7961121943667292,0.59745166293247021,-0.096212704149809314,-0.13269836812291586,-0.017232119736836485,0.99100665847757663,-11.67738540861232,17.588260399151782,-0.73723964109503359,,0.1891138572192716,0.375,False,2
0.99376658268961915,0.10913331490772117,0.022757387957499008,-0.10452995988082504,0.98313752928482612,-0.15004694598371768,-0.038748762776494708,0.14673281190306325,0.9884169238202628,3.2942241923502866,-1.5744229836984682,-2.1938957449119076,,0.26995710679718,0.9873997709049256,False,4
0.54839370489629613,-0.81702686722899787,-0.17813321603811907,0.8268617019112029,0.56159099298986337,-0.030253636230512915,0.12475604331102683,-0.13070063052115941,0.98354119122624872,-1.7586302895344239,8.154988985700923,-1.4019210895791241,,0.1829348180115112,0.3269230769230769,False,3
0.85513133112371997,-0.51838476231983999,0.0052578251375913331,0.51469336826592604,0.84774212905387603,-0.12815623000961482,0.061976956957006307,0.11229657528973969,0.99174005464362758,8.0058912948354308,17.490407688198598,-0.82021009146193113,0.3052080722196372,0.2686685244618219,0.6129032258064516,True,4
0.63969054497431266,-0.76862655871731789,-0.0030364296204856336,0.76057930418829567,0.63355368239390597,-0.14187619097498178,0.11097354960040982,0.088447412395700045,0.98987975357090241,-9.7664762922649153,8.3212887079621964,-1.0573421608195286,0.3655225156398546,0.3504579097356859,0.4395604395604396,True,4
-0.21865393544814232,-0.96206412345449122,-0.16316580179308413,0.97009766565215139,-0.19626067217795901,-0.14280149737485773,0.10536116746356505,-0.18951087282263282,0.97620932871629429,6.2173239539134402,8.78133094262353,-1.776691187523423,,0.317301401886423,0.2244897959183673,False,4
0.93022117003360416,-0.36698103743268917,-0.0036732800247177557,0.36483014646369583,0.92576310238262349,-0.099305802943123772,0.039843933698756551,0.091036236915459132,0.99505018190827044,0.95527121683934224,-24.048239651176953,-4.7893168275444555,,0.2856643681112659,0.8333333333333334,False,1
0.78844423724971546,-0.61431217906580604,-0.031244701937056092,0.60981974454795185,0.78730422587740478,-0.090950179082020854,0.080470888569625726,0.052655508420316501,0.9953651759659935,-12.416651566638976,13.91804123093722,-0.87695585178475888,0.3871794158282063,0.3465816145173897,0.5409836065573771,True,4
0.058780847905388081,0.98829322152813093,0.14078821044771836,-0.9863033639234553,0.079268067363399433,-0.14464524814091559,-0.15411192761366366,-0.13035751523413977,0.97941637314738672,-5.5219761486828469,15.245839401932258,-0.84512472929833538,,0.1797340998357807,0.375,False,4
0.089237687310932526,-0.97480621995777639,-0.20442472623199992,0.9829504158904111,0.11932068212759907,-0.13989658579634137,0.16076415976288017,-0.18845532188886679,0.96883408104148538,-5.3650777451915737,-0.7368047837555588,-1.9371965115255205,,0.5333403157083176,0.1807228915662651,False,1
0.5771803661405186,-0.81552197555932138,-0.042269756584580424,0.81315462288816676,0.57872422089663034,-0.062111475776969238,0.075115805377440364,0.0014776763553699564,0.99717372220445566,8.0124243587773485,-25.057546427923604,-4.9334103585079649,,0.3329426775012141,0.9814814814814815,False,4
0.63510963362553563,-0.76591466995852453,-0.10005234439213748,0.76023639229596118,0.64274146257747355,-0.094467137738963286,0.13666155679217204,-0.0160664441023857,0.99048750030934063,9.6550370307811217,2.962805486505252,-2.2202142537632565,,0.2825746640052868,0.2627118644067797,False,3
-0.7405400400263471,-0.67199328602918584,-0.0050470436370534258,0.66021085040676963,-0.72611337638649842,-0.19204425958036547,0.12538772716238078,-0.14554857664813306,0.9813732876498914,15.198408015484395,-0.80470502041997094,-2.4171490532027127,0.3232145791997877,0.290893376188945,0.8888888888888888,True,4
0.6875450891314101,-0.69557047405419026,-0.20847893427229336,0.71883161253498296,0.69260464232670726,0.059832451461150682,0.10277579107765791,-0.19099875667533492,0.97619496603744016,-11.979696128472312,16.257299846106807,-0.73804575987719112,,0.4262302739619835,0.125,False,5
-0.86651702355539972,-0.49315229716482561,-0.077130147735797266,0.48900567750445728,-0.80772354489115261,-0.32932677145485245,0.10010841751369955,-0.32308433392773062,0.94106047516266311,11.19559230071151,1.6428303490372298,-2.3243373160430383,,0.3513060714496444,0.16,False,1
-0.14542430372427945,-0.97256685277009935,-0.18156400738905473,0.9611592402115281,-0.095368199318073332,-0.2589938638555494,0.23457341461109182,-0.21217592571187813,0.94866047124669473,6.6460279648418803,13.414774499813854,-1.3466937692076801,,0.2918185000886839,0.2222222222222222,False,2
0.98719605674624034,0.13440958888962773,0.085895331416762394,-0.14333545967893191,0.98376947180049723,0.1079470812574429,-0.069992082004348824,-0.11887677976750939,0.99043900351753333,8.0144688694526263,-2.5635782810722425,-2.409094046298387,,0.3643583971572205,0.2615384615384616,False,3
0.080352159852627711,-0.99662159790419136,-0.016997676250394021,0.98443532733708417,0.082020618916039734,-0.15543392282046165,0.15630296445603711,-0.0042436615705356926,0.98770004284637392,15.971174501364139,-21.673418625848473,-4.5726053453905289,0.2669176158794035,0.2774576922735824,0.5777777777777777,True,3
-0.98491863515625644,0.15956594967414015,0.066887889984113852,-0.17288224530548502,-0.89230719213891974,-0.41701271457269901,-0.0068564845271622248,-0.422287322283948,0.90643610147554388,-3.2725153312567987,15.29167596816554,-0.87977937418703289,,0.1427087060623275,0.4210526315789473,False,1
-0.36084539931171628,-0.9291738136688944,-0.080166213504007849,0.91878328091345129,-0.33941907467275662,-0.20157374447631707,0.16008710288302982,-0.14639233497793511,0.97618717659587506,-2.5023105652407822,0.4667556818020146,-1.8354875528528694,,0.716473674743112,0.4031158714703019,False,1
0.53783392683245412,-0.80036196048115293,-0.26486864548819106,0.83339824221187653,0.55216062769089314,0.023790987918848122,0.12720863581588349,-0.2335366640225166,0.96399096963150932,-1.7830046284287875,11.592249393990645,-1.2509466436299144,,0.1501385645937334,0.2580645161290323,False,2
0.96912560149505655,-0.24605626187026208,0.015870870211734237,0.24585004367960134,0.95939452984141282,-0.13827469809445453,0.0187969292593997,0.13790740409712374,0.99026674353206978,25.805132885881712,0.9485410681351385,-2.3156336263312025,0.3228458769031946,0.3202118288589722,0.9454545454545454,True,2
0.59210292376919305,-0.80579547482689773,-0.010381734559620942,0.79702261189195966,0.58746229084501078,-0.14015353355534535,0.11903396068723687,0.074710839800025602,0.99007535401073554,-1.7954022199673991,-0.62879360486484759,-2.0319800703757789,,0.1901873584358603,0.8641552511415526,False,2
-0.081186894751361413,-0.99577494350513918,-0.042906293337538814,0.98186979128119456,-0.072506636911495989,-0.17514137310529176,0.17129039987709146,-0.056347577508887241,0.98360792464214364,-7.8327737915630546,-19.125921180165417,-4.1208584162705337,,0.1536919314695989,0.8709677419354839,True,2
0.78905088137479784,-0.61428864717830767,0.0069400684074428613,0.61030686956446234,0.78254583442643866,-0.12307535083946072,0.070172869145288974,0.10134828547969858,0.99237306163873917,10.127346683916084,23.743399856777572,-0.054594805105750072,,0.297162367584022,0.8983050847457628,False,2
0.8306138260772542,-0.54937017855495907,-0.090956466750842763,0.54869925335511893,0.83530840708341658,-0.03448179843483079,0.09491997311862134,-0.021266686866027687,0.99525771875072788,-11.180845680947536,6.8042368748082573,-1.1755709843851061,,0.1749802732653133,0.3846153846153846,False,2
0.25082019538998834,0.96117462931645359,0.11503287157550246,-0.9541251235629018,0.26553614260802066,-0.13833222890899458,-0.16350681383540447,-0.075059236122085163,0.98368268913413515,-6.0970985744734518,13.317231790014196,-0.93968427470349458,,0.2563048643614813,0.108695652173913,False,1
0.81663665963807197,0.56750794324620535,0.10506807549219299,-0.56622218548575476,0.82304479899109628,-0.044606003154748441,-0.11178999418063831,-0.023064977913872721,0.99346414328596955,-0.44881959044593417,12.645800442593902,-1.1803528753363075,,0.1237571022020516,0.1363636363636364,False,1
-0.10257864231292918,-0.99456356969555959,-0.017914462751132176,0.98099853903533252,-0.098165211466438404,-0.1673483124154303,0.16467995795414558,-0.034740424467398313,0.98573506296369817,-4.6584420955681649,3.4961985587417965,-1.4851570559222387,,0.06877574769054294,0.1358024691358025,False,1
-0.7992157126974101,0.56339454752362395,0.20938201546031149,-0.59556944592319128,-0.69541584942970447,-0.40211171512989519,-0.08093997566291973,-0.44607553192549598,0.89132785222782784,-6.8083154053348114,13.928059508166974,-0.8912917495314191,,0.5869080612061889,0.2844827586206897,False,1
-0.63207945170438462,-0.77192831576557686,-0.067839826447331483,0.76212528705581251,-0.60343634233228027,-0.23458394570544311,0.14014497337821183,-0.19997813898513672,0.96972580163923727,-8.3961309910867374,6.9365311410367747,-1.1917004012288892,,0.0997104965022369,0.131578947368421,False,1
