axis_00,axis_01,axis_02,axis_10,axis_11,axis_12,axis_20,axis_21,axis_22,location_x,location_y,location_z,dbh,dbh_approximation,score,reconstructed,number_clusters
-0.27765790040718991,0.83745959205025844,0.47070959414960534,-0.96066985046158937,-0.2397880051094339,-0.14005410033178434,-0.0044191351618169334,-0.49108364286407785,0.87110121510405936,3.9296355347520806,11.77861247390873,-1.9941465094375412,,0.4716800098488654,0.1724137931034483,False,3
0.019359151867748926,0.98273237060643792,0.18401714866069849,-0.99971627985021916,0.021581240571205064,-0.010080171518726876,-0.013877429207191693,-0.18376979571643406,0.98287134414476685,-5.1813146861223274,-9.8933840463787863,-3.0939422334395479,0.6462126313609011,0.4480922877317029,0.2987012987012987,True,8
-0.88231461375680131,-0.47042963333304338,0.014726928849084091,0.46908479403493497,-0.88148883083866303,-0.054193146355331713,0.038475685262125948,-0.040907226608830533,0.99842186497230945,-7.7396449179562463,16.325870312040113,-1.665333903160469,,0.3234308711121799,0.9848484848484849,True,5
-0.69273117519350835,-0.71737140950697331,-0.074173982884825934,0.7197194014492051,-0.68106914861818835,-0.13471747465749345,0.046124853307277558,-0.14670744910355765,0.98810395317745181,-4.072366243097715,-14.881764039366315,-3.3907936127736549,0.4722861414291482,0.2911492821431512,0.2972972972972973,True,5
0.92504794630592246,0.37132046947638675,0.080046274010926496,-0.37686568173672258,0.92353500049661885,0.071101060377651959,-0.047524256588734812,-0.095938583508132641,0.99425209742305409,-7.6436958637053101,-4.5122794935965258,-2.756354939151441,,0.1271183506124744,0.3478260869565217,False,5
-0.76150798141106701,0.64443151975589574,0.069380188759827446,-0.64795126824643445,-0.75958124815603789,-0.056528589470750068,0.016271085553198648,-0.088001953357992962,0.99598740352481274,-16.096730092144664,8.42838855332921,-2.157025724027601,0.3573073844204214,0.2509223554118871,1.0,True,2
-0.95473860594475868,-0.28772551464412649,-0.075420305895896989,0.29542387194010833,-0.88774192173615751,-0.35304251341744602,0.034625571570338048,-0.3593442758900795,0.93256247038922868,-8.0932763809212407,4.8619298866045693,-2.2161517117351441,,0.5123953414964697,0.3221476510067114,False,5
-0.86040939611099765,-0.50955784472993371,0.0068171810958085367,0.50833784865307807,-0.85913798918365725,-0.058945289618611854,0.035892933993595388,-0.047251649872215945,0.99823793700384111,-7.3892792361065229,-9.3445390600333216,-3.0233452018266664,0.2792471550388582,0.2578417351797104,0.9212121212121213,True,5
-0.53284727195048798,-0.84535534411537694,-0.038054263236794256,0.84560980438176803,-0.53023430052959408,-0.061608808423143674,0.031903659795554318,-0.065007143587950234,0.9973746677022558,11.488399124703291,1.9742386466076853,-2.4061867802406747,0.1486429880160146,0.177539819927839,0.3333333333333333,True,5
-0.93707022855412592,0.34624346781219772,0.044887055538357548,-0.34849696522432339,-0.9353844934322888,-0.060047603414781402,0.02119556526626808,-0.071911824088989926,0.99718575880787585,16.809092461058249,3.6341680519869644,-2.4036852488321148,0.1539431199893091,0.1716003065860649,0.7222222222222222,True,3
-0.010856270156616971,0.97536866687242052,0.22031365160108238,-0.99501223409645434,-0.03238626941438761,0.094349263652665813,0.099160452785715392,-0.21819049758624975,0.97085535038253545,-7.5492379567990495,11.64180768064584,-1.8700010303199532,,0.2972865443368904,0.2173913043478261,False,2
-0.69789186451042107,-0.7161973826235386,0.0028730773327556823,0.7151086018142484,-0.69704139481522664,-0.052468862435861151,0.039580715777234321,-0.034563029919772822,0.99861842757948638,-1.8813252681743651,-27.176572455654942,-4.1930744150866506,0.3161466169226343,0.2739517233703475,0.92,True,3
-0.75177302330488405,-0.6593300514919157,0.011009297466360224,0.65844133867928678,-0.75146060482989585,-0.041975741886428795,0.035948921392213742,-0.024307253821757319,0.99905797252330741,13.381903392147228,-8.9343310904861983,-2.9245598720561081,0.2281303397193786,0.2252536373971856,0.847457627118644,True,5
-0.97535984873873427,0.20943240072874475,0.0693630664932611,-0.21890729506394141,-0.95781115767695335,-0.18621864137975816,0.027436501893326012,-0.19681426715187356,0.98005682621434187,-19.750413750370299,10.407707682340991,-2.0299559934149363,,0.1934181247979522,0.2608695652173913,False,1
-0.9264320187647187,0.37400635181943659,0.042929749664377938,-0.37566064218138484,-0.92586630350429222,-0.040628437715094189,0.024551914862176623,-0.053766502899257607,0.99825165496611445,8.8041517606512691,-9.0312420319897342,-2.920529359883778,0.2104360637667048,0.2004980348800694,0.975,True,5
-0.9990167002539253,0.024788576716461116,0.036758115813118768,-0.0273860997991375,-0.99703340153213871,-0.071933286919508121,0.034865945441794666,-0.072869216364832179,0.99673188127741996,7.9065928679295316,-7.6585620389463536,-2.8596926979553356,0.196170707635422,0.2042698458784706,0.7785234899328859,True,5
-0.87054787824721502,-0.49112490775633866,0.030703691318782204,0.48951655252275522,-0.87068401491767644,-0.047779608339443592,0.050198968968573551,-0.026564471539292457,0.99838589351328944,19.442924098834425,-9.7864521245696654,-3.0299708358004853,0.1699925148530131,0.2411063620536499,0.7142857142857143,True,3
0.95917360321834377,0.26589190336637641,0.096371648389678488,-0.28020027646007417,0.93967719256388926,0.1962003538400075,-0.038390154477891215,-0.21519356286713501,0.97581654348535762,9.6930500052669064,11.147624904534117,-2.0463529746405582,0.6406789182794471,0.3069093836363251,0.3409090909090909,True,4
-0.98886669886499867,0.14360836800836763,0.038978051693412799,-0.14566844919424546,-0.98771931128279067,-0.056491282764632458,0.03038675344923461,-0.061540220644903845,0.99764194301251807,14.277496518486396,-8.5481228534225906,-2.9308011985913627,0.1630985941763661,0.1835313747926894,0.9759036144578314,True,4
-0.98915987695836971,-0.14618029078971376,-0.013930556354241806,0.14639913369333957,-0.97435818387610185,-0.17086082982212297,0.011403134198266995,-0.17104809878598326,0.98519668921091974,-9.7195263148386246,4.8251841345782154,-2.2463553195991519,,0.2874048626163065,0.5769230769230769,False,10
-0.99507225176346825,0.093635825677091375,0.032612051762346148,-0.095181255657153671,-0.99422398186705718,-0.049590346358342259,0.027780250933138052,-0.052450033652822158,0.99823707185613442,9.4186865433866327,-3.7352386331268033,-2.6007712970169004,0.2727445490345653,0.2517040030808612,0.993103448275862,True,5
-0.70934595700993175,-0.70471318288651152,0.014409827883258447,0.70380889673367331,-0.7092559453129641,-0.040112852263860348,0.038488311890659044,-0.018312124512867796,0.99909124505403968,17.558922423584058,0.70841931879848907,-2.5383944383980843,0.1317875091001345,0.1417360001170449,0.8048780487804879,True,3
-0.42658430073411424,-0.9043227793178592,-0.015038124018948339,0.9038086560014158,-0.42559894835732598,-0.044670443181732584,0.033996289563733476,-0.03264729642651068,0.99888858554492366,-8.4196351913810368,-14.118030262855671,-3.2564801943200039,0.2650075731522431,0.2445098727895851,0.7192982456140351,True,5
-0.99862026237706869,-0.017487524306669014,0.049515230622290241,0.0024671082010538428,-0.95750394255910598,-0.28840962771879314,0.052454598912576048,-0.28788953867306849,0.9562259819600849,-7.6248422072097979,4.0765746505263314,-2.2916464496875015,,0.2985465313531743,0.1111111111111111,False,3
-0.98813098668111488,0.14918854839304621,0.036605056877181651,-0.15103291115198889,-0.98703985840479869,-0.054234469382393853,0.028039488396926535,-0.059119328045996442,0.99785704995346303,8.2095381750127672,0.88201452244409884,-2.4262499099369821,0.2478378535452407,0.1649146988052806,0.8534031413612565,True,5
-0.95006108045503768,0.28543187909298828,0.12614509820858058,-0.31039873703169113,-0.90604833623841607,-0.28762655727301895,0.03219576763703122,-0.31241807693704921,0.94939895605020452,-18.185924181271833,0.54725460020176797,-2.7014265909750796,,0.4555077177715328,0.2682926829268293,False,3
-0.32491352343870517,0.94408089050033916,0.056057778039562252,-0.94570024500360483,-0.32375893638545722,-0.028830499660588996,-0.0090691171989178768,-0.062381273653592084,0.99801118621515883,16.97596521165141,-4.3322913198288946,-2.7788881714145215,0.1234563588717984,0.2003633266259394,0.8181818181818182,True,2
-0.99791848008111073,-0.056922166925725048,0.03030798616021459,0.05521646838501975,-0.99699035186945872,-0.054418562074910276,0.033314392260612967,-0.052631788794364878,0.9980581376235621,7.1919110593794846,-6.0107457240346811,-2.810704000762168,0.2114853821611467,0.2096111601577203,0.9873417721518988,True,5
-0.5678922346403894,0.80341938201833729,0.17892933362760102,-0.8230999005176094,-0.55372133348887809,-0.12609218297420099,-0.0022279145059240502,-0.21888348826846454,0.97574845885626815,-5.3981745740918736,9.0469710367941385,-2.0376492067138017,,0.360163194960723,0.5634920634920635,False,8
-0.26149880000333875,0.96258544874193153,0.071046685123992231,-0.96516416352503076,-0.2601116286375868,-0.028285651743054328,-0.0087472877991425259,-0.075968378407045276,0.99707185821201583,8.0105634668126946,5.2103376772974359,-2.2741130681575998,0.2291615184617811,0.2154516564675482,0.9739583333333334,True,5
-0.95151689987689303,0.30464775084715556,0.042489259259676046,-0.30653441262323627,-0.95061036128302256,-0.048750332297207308,0.025539051008093026,-0.059411185185368288,0.99790684332179791,6.3114303034709032,-1.2298479315916828,-2.5819635288780876,0.1751351967520943,0.1624176713179888,0.9218241042345277,True,5
-0.93414711101471637,0.35401508161763018,0.045193992633113717,-0.35613546584398137,-0.93289270564326632,-0.05365379507244649,0.023166893424659558,-0.066215721281644935,0.99753635187104917,12.624638135218577,3.95640228004146,-2.303944767496457,0.1373290678157854,0.2016505042279814,0.8705882352941177,True,5
-0.91549963941321089,-0.40165457519505637,0.023108709595300359,0.40063046326204582,-0.91540926213317853,-0.039001470577768468,0.036819045896379882,-0.02644777921997872,0.99897190793015389,-13.442933969946889,5.0589208347457912,-2.3170047112509491,0.323357283933553,0.2673929188318263,0.9827586206896551,True,5
-0.97933268703421206,-0.19986969708168553,0.03097728675697374,0.19724278241535359,-0.97767912278394342,-0.072379677102531237,0.044752350680137928,-0.064773737431866832,0.99689597754615689,-5.7809273214900401,3.5855878990699299,-2.3593868417206751,0.3010793375270048,0.2411201846457393,0.991304347826087,True,7
-0.29235625459879211,-0.8896714053975312,-0.35073153667006968,0.95590708207858299,-0.26123133946343974,-0.13416347384495739,0.027739337212265347,-0.37449029052849836,0.92681581313166295,3.4897687038789016,13.013059397549734,-1.953343314914936,,0.305954839641221,0.4210526315789473,False,1
-0.9954756372118867,-0.089469215966883148,0.0319924227256983,0.088021534942643448,-0.99514139861508233,-0.04411129275774011,0.035783587074657001,-0.041095695111401542,0.99851423562179698,10.786504561736891,-7.4577640199323296,-2.7944654304236702,0.1096596949972992,0.1079267714701539,0.2564102564102564,True,5
-0.37192920622671471,0.92742919863562601,0.039290546873857496,-0.92824374121530395,-0.37133010120945648,-0.02185206695922115,-0.0056764822012781088,-0.04459862614314089,0.99898885884476352,-12.620523253181579,-17.960114806940723,-3.5225859818449941,0.2597891967655627,0.259585967838749,0.9259259259259259,True,1
0.99197246293945018,0.11976048364275467,0.040596296967779943,-0.12166210399039112,0.9914032208649618,0.048145468231310794,-0.034481375008458839,-0.052698009604105235,0.99801500718240355,-7.1809657406306124,-12.052336904933769,-3.1725132690780216,,0.2359025900146041,0.2,False,1
-0.98089310675435093,0.18889787474501196,0.046543592884697671,-0.19209361333630562,-0.97827347425565658,-0.0779811085018009,0.030801896649403665,-0.085431858721355128,0.99586778272932142,16.400971868045001,-1.4557201619087459,-2.6437504935543856,0.1444472672634522,0.1374330621627132,0.4285714285714285,True,5
-0.74861028781169614,-0.66301028299210985,-4.0363497847063778e-05,0.66220165472147496,-0.74769425046277904,-0.049419392034331808,0.032735385542711555,-0.03702259406936486,0.99877811452882004,-18.81921823230547,3.6977098933000292,-2.4690806586577039,0.2874948464055679,0.2543111418243464,0.7678571428571429,True,5
-0.98615626069639972,-0.16415854644834765,0.023405151511169987,0.16292100614738067,-0.98549486608617598,-0.047503838515594921,0.030863817735664212,-0.043033016926032987,0.9985968076300985,7.2460815820543996,2.2955363179771364,-2.394874874957948,0.2229140905787685,0.1842849952099838,0.934010152284264,True,5
-0.9920429676587651,0.12033093849878095,0.03702992787995428,-0.12296851946903543,-0.98918498635418051,-0.07994877104167733,0.027009138053359645,-0.083866131492299795,0.99611092677981006,8.2895128592170817,-12.601285233210431,-3.1732744339659571,0.1915480896395917,0.1497986485247849,0.8390804597701149,True,2
0.045184498956819689,0.87170244594330104,0.48794795500184995,-0.99876736200309757,0.04946501317680678,0.0041193529578102406,-0.020545501974735481,-0.48753262271142894,0.87286300422272511,-8.7301369897663257,-7.3579840516664472,-2.8627255959593287,,0.1397689621733433,0.2272727272727273,False,1
-0.98231710187367183,0.18364097674366425,0.036456865295100616,-0.1849092682858591,-0.98212756770055454,-0.035128382606978301,0.02935428194489326,-0.041248423281709572,0.99871762461081759,10.031399454528287,-1.6347818603545654,-2.5252111193169133,0.1466175536851595,0.1329481519767854,0.9140625,True,5
0.66906159543995369,0.70413248057630873,0.23781091502452084,-0.74072089526039964,0.65791514882763591,0.13594194447536456,-0.060738264973388648,-0.2671050481375547,0.96175140053314112,-6.9932568400221431,3.1404320501725094,-2.3612286537350178,,0.4258619979031594,0.2875,False,6
-0.81310122324876111,0.58027884293857213,0.046291091899422598,-0.581961180365271,-0.81217287606722954,-0.041187424398051037,0.013696178270925514,-0.060429163642706368,0.99807851939725378,-2.9360144424133301,-14.929399499919647,-3.3569345477716195,,0.09931523761746171,0.4054054054054054,False,5
-0.64263845634594874,-0.76601559471395608,0.015359787769405621,0.76534239372297019,-0.6427469449211447,-0.033576556775966021,0.035592622770611163,-0.0098220898774052101,0.99931811339270216,6.022817118660222,5.2792602930094805,-2.296388723913203,0.1866648721664245,0.158243043916044,0.984251968503937,True,5
-0.89934244393345075,-0.43668981000048107,0.022026765117726495,0.43567551766638807,-0.89924098712247391,-0.039401654598794397,0.037013671068031363,-0.025839058046720008,0.99898064607545101,-5.3864725503459105,-4.4673460618000025,-2.7890355075812572,0.2726378906839909,0.2232349438565814,0.9301075268817204,True,5
-0.78808325961948111,-0.61551405878090892,0.0081987407926938753,0.61442396741152139,-0.78735986577476547,-0.050474053110776448,0.037522848743394704,-0.034740253456121854,0.99869171950706848,15.28791207372586,-0.36536067787360782,-2.6022684552694035,0.127238010628826,0.140820208294308,0.3953488372093023,True,5
0.85958828717008628,0.50665360116831548,0.0664086213015673,-0.50971405695710403,0.85934311595587465,0.041484806852365767,-0.036049364770099387,-0.069509261846356779,0.99692973965934384,12.186230485174592,-7.4592743845522431,-2.8305940713550526,0.09246316655579687,0.1193015201527956,0.4871794871794872,True,6
-0.86657608771984473,0.49542680461346417,0.059984710240699922,-0.49733956809864915,-0.8474247345985968,-0.18580816234478684,-0.04122181698587863,-0.19084968027479146,0.98075336417643411,-4.6185277767870918,-6.7501396000228686,-2.8865856916004611,,0.2493385496882821,0.6226415094339622,False,4
0.15879943606967017,0.98391546942354136,0.081811295876597218,-0.98657051037995125,0.16134302576493129,-0.025437297137463458,-0.03822783217235369,-0.076673183487253882,0.99632316834515733,-6.907788158671238,-5.7732672920729753,-2.8330405711711082,,0.09797873942883303,0.3461538461538461,False,5
-0.81392997881623352,-0.5809252465320246,-0.0066217464397764526,0.57991624680436582,-0.81172682863496348,-0.069258229594486187,0.034858804863963845,-0.060211407689335292,0.9975767890781766,13.468485277008172,1.6487718629715253,-2.462756943647388,0.1316067457282567,0.1334929223906733,0.7741935483870968,True,5
-0.91583008570710522,-0.40109471755249476,0.019449464393740911,0.39968817023519021,-0.91515611449380785,-0.052332138105030575,0.038789440415716928,-0.040153625690377379,0.99844031652180132,11.76578436470357,0.17003349865180492,-2.4937612546246064,0.1623087778561503,0.1846824255333573,0.4411764705882353,True,5
-0.71807875119811038,0.68770428517925919,0.10689117467708877,-0.6959528355448642,-0.7103316012546137,-0.10525524669165297,0.003543695080913286,-0.14997277221263244,0.98868377645232597,-4.2218876320889205,-21.234903316360008,-3.8260447584938122,0.5295816460292042,0.1910859682590577,0.6060606060606061,True,5
-0.9206174580352533,0.38575471387126953,0.060471453486778182,-0.38927950119227922,-0.91880974215043654,-0.065193003312762607,0.030413252246325337,-0.083558114241184492,0.99603869183493976,18.375497365844147,-1.0621862500949675,-2.6086248772512457,0.1623298412383677,0.1774417981326558,0.9111111111111111,True,5
-0.48884381381849135,-0.87202467988123233,-0.024590310478463797,0.87051914488914039,-0.48577623770240708,-0.078853441682496778,0.056816758732550446,-0.059953353215056446,0.99658288735327905,20.343891523989203,-14.498280016472734,-3.3041523100950227,0.1623333692828329,0.2075312709146366,0.84375,True,4
0.97307595704500038,0.22743359023061585,0.03737838754907425,-0.2283320703012299,0.9733395143574648,0.021786589047589365,-0.031426859418508778,-0.029734690601830979,0.99906366197650431,15.137861357467385,-5.6122845844579343,-2.8185197717935329,0.1275420563279917,0.097684871439539,0.3333333333333333,True,2
0.97055508190433815,-0.2407334355556191,-0.0083812884004953979,0.23939992867914772,0.96016001913720261,0.14415412515382953,-0.026655339766781982,-0.14191599859084122,0.98951975331767983,-8.2637980838688048,4.3420712494430651,-2.2436701886793204,,0.5883777687641453,0.1875,False,3
0.77930249242605931,-0.62582804946805393,-0.032044934038667913,0.62651171417845475,0.77704754594577674,0.060664514642579555,-0.013065117515950589,-0.067352534018080751,0.9976436933422862,-7.635308782615577,-3.8966873942916362,-2.7236765092305881,,0.07648737337107855,0.2407407407407407,False,4
-0.56231041171013652,-0.82681359159293832,0.013648649734091389,0.8262329850295328,-0.56243817342131097,-0.031659998857993997,0.033853438991715945,-0.0065257823811601806,0.99940550270285633,7.0561432397154729,-10.704544422734271,-3.0905961230115087,0.2197841092201397,0.206971715526163,0.9649122807017544,True,5
-0.78951959422845941,-0.61372533326448919,0.0001601209526318377,0.61220433911685201,-0.78758123285054216,-0.070154464064073122,0.043181680094993923,-0.055290297259197346,0.9975361274325667,-10.034291627243883,10.505453551979315,-1.9651097295349438,0.1871106170168357,0.1459851538198919,0.2307692307692308,True,4
-0.076002849044232171,0.98192538616383296,0.17333811740112706,-0.99441380790678335,-0.061873592435106449,-0.085515128506625598,-0.0732444235521722,-0.178869210783135,0.98114273164118571,-6.5783757141125427,5.7843171731290521,-2.2041508089725164,,0.4239390529989145,0.6643835616438356,False,8
-0.96093698043125242,0.2742368149527285,0.037340178953110675,-0.27561558758482951,-0.96048428862568513,-0.038806947618706886,0.025222361505942727,-0.047582566427158246,0.99854881295421349,14.674114583502243,3.3009212527492187,-2.4024251289543086,0.1709380063446891,0.2125582286173488,0.9152542372881356,True,5
-0.96102134316747378,-0.27546984711435019,0.023544453856098664,0.27419160947595078,-0.96054520240825092,-0.046603384249222078,0.035453339328942512,-0.038331155230301332,0.99863596133382782,7.1544524362120425,4.9199983014593789,-2.2905722218898283,0.2504681118686968,0.2043475225239572,0.943502824858757,True,5
0.94676586182808065,-0.32190810127014291,-0.0030947073500329006,0.31747264122555363,0.93204148459975478,0.17467052716000786,-0.053343462113006668,-0.16635457709884513,0.98462207456874606,-7.3756984181015097,2.6587443348733757,-2.4084670885305828,,0.322882217813952,0.2560975609756098,False,4
-0.70628603024538927,-0.70787912486184323,-0.0081968326223373737,0.70601109022999164,-0.70347657470044977,-0.081664247501459522,0.0520421363172794,-0.063465371916912011,0.99662619001056785,-8.9965037554441221,7.2147730861947812,-2.0411539575463902,,0.1278389565168991,0.2432432432432433,False,5
-0.61561167102317982,-0.78785451783948213,0.017536511054522037,0.78729033580396379,-0.61584284707445902,-0.030191304326011997,0.03458609040828485,-0.0047797936295610292,0.99939029208969621,8.0595850284971036,-11.585482537482898,-3.1113224625217937,0.2066810638899604,0.2022099207184319,0.8859649122807017,True,5
0.13485427514697407,0.98977769267504034,0.046415983857457953,-0.99056793232788731,0.13581362202539135,-0.018161264162935075,-0.024279537026805267,-0.043529061042201438,0.9987570900507019,13.445438448604449,-6.7579274800437927,-2.8256922032629719,0.1818899132007802,0.1796382413750002,0.7313432835820896,True,5
0.9803900110997178,-0.19483916199182555,0.029548724003213411,0.19498430620096435,0.98080414621715839,-0.002084969678168673,-0.028575277272905451,0.007805620894812711,0.99956116661824279,5.9808847362762672,11.487562995518374,-2.0044272637504887,0.1835067306199142,0.1444413599999368,0.7358490566037735,True,5
-0.89108478497090848,-0.45357688380747602,0.015359572547712563,0.45246881490453145,-0.89051558861068125,-0.047475867346048126,0.035211894755012359,-0.035355295457257012,0.99875428687485035,12.261028933197688,-15.010683155327156,-3.2800153080699168,0.1341308553759929,0.1020435803731845,0.6829268292682927,True,5
-0.99706154504043765,-0.070187872514829538,0.030691007696364143,0.068604308787484816,-0.99639425363899803,-0.049919336243345859,0.034084075715320343,-0.04766711515318308,0.99828158448185678,9.0336671136369002,-2.9787497758100425,-2.5765538826518899,0.2431483520286841,0.202994175179401,0.9644444444444444,True,5
-0.71607139995018887,0.6962212300249484,0.050177176444322666,-0.69797938494457901,-0.71501011867672482,-0.039815931262287184,0.0081564922462997215,-0.063533684392170414,0.99794636257756464,11.643895403548917,-5.0803474259698493,-2.7105852094990324,0.1151413964852116,0.1365877739245779,0.2839506172839506,True,5
-0.84728870998648087,-0.53112713663675071,-0.0024097007055925643,0.52977049968870316,-0.84478240513905745,-0.075404944314348785,0.038013939404197963,-0.065166346341609047,0.99715008284383089,-4.8579025373946347,-15.669623756915785,-3.4600078671733803,0.3193447492299105,0.302972895607785,0.9831932773109243,True,5
-0.99549537227155249,-0.090865281834761447,0.027064078462282128,0.089074717113945864,-0.99413676654056982,-0.061300768211589016,0.03247550703212685,-0.058613905938350551,0.99775234977105243,6.3450134479833222,2.7886373211938866,-2.3951571217824998,0.2071739073236268,0.1874987580839628,0.9590163934426229,True,5
0.64261809331297493,-0.75114968579221864,-0.15105010983460948,0.76526831013213525,0.63890066323212868,0.078551613790241115,0.037501995337606536,-0.16607255057894699,0.98540017672512137,10.86244700632971,10.479829990976308,-2.0784484447518023,,0.5787743912465084,0.4883720930232558,False,2
0.96590281460712057,0.24390906963851813,0.086833855621621714,-0.25753851378017206,0.93956694809226138,0.22558338585209439,-0.026564386948399927,-0.24025468944573641,0.97034633896634537,10.100856901865059,10.19955492645536,-2.1037637722339189,,0.263273290505775,0.2,False,4
-0.054192956990960557,-0.99730235714801208,-0.04950890666936715,0.99836741514749239,-0.05322143648934595,-0.020736033124150705,0.018045159580654058,-0.050551826129534738,0.99855840344502589,-15.552629287713692,-8.0977597654005002,-3.0902074850014882,0.2915537744987394,0.2205047863713115,0.8888888888888888,True,5
0.33639782270088714,-0.94127768669275569,0.028858645436624135,0.94169331736897599,0.33599975220622713,-0.017828699895582188,0.007085259678739915,0.033173529382451036,0.99942449241730924,14.426793157952371,-4.332646256529336,-2.7427011795039986,,0.1329218384674027,0.6511627906976745,False,1
-0.99260075773472423,0.11421928081442682,0.041203053705856918,-0.11684004594017165,-0.99081398269656318,-0.068088584635566135,0.033047532572813856,-0.072398947390215476,0.99682809601637867,16.74849210083319,-2.6937085831412411,-2.6958067621365074,0.1937031110596326,0.1593536507883407,0.86,True,5
-0.7418040302424519,0.66572508342152181,0.080851060719470569,-0.67048095354851445,-0.73381824345211444,-0.1093895630557486,-0.013493392632329921,-0.1353547150278146,0.99070531919184157,-5.9151757853751183,9.9909874065617643,-1.9887331038930749,0.3577496387836133,0.1807720737330701,0.2333333333333333,True,5
-0.97592918649258431,-0.21665090613620291,0.02499215521486705,0.21514857597751855,-0.97518465308021185,-0.052210943792190372,0.035683514495741364,-0.045577157296034662,0.9983232991000679,11.153717731986386,-9.6818051084580325,-2.9263024999525804,0.1201119835174468,0.1161445028653647,0.2702702702702703,True,5
-0.98363417294445654,-0.17875679467239264,0.022579242111460472,0.17687583666806145,-0.98187844739701291,-0.068041553040808334,0.034332961113908544,-0.062934274411356558,0.99742695215512778,6.8930376741719925,10.924293852397335,-2.0137125747681965,0.3377271577013949,0.2547335977904447,0.9354838709677419,True,5
-0.99946331356404006,0.0049368011853575767,0.03238383599337695,-0.0063676637600644593,-0.9990010266416065,-0.044231229095004404,0.032133124619750951,-0.044413700173170173,0.99849631223109647,10.405308178507322,4.9200445457149744,-2.3037069180601959,0.215008076600466,0.2026765901061456,0.9655172413793104,True,5
-0.62352612215887249,-0.78144717464361224,0.023568797742667069,0.78084186134477029,-0.62397092018121592,-0.030761637470078609,0.038744839103460944,-0.00077718062393260928,0.99924883459182701,10.250204156708294,-11.337525567652355,-3.0036093492713309,0.1651887420381988,0.1582833675364796,0.7272727272727273,True,5
-0.83664886617573464,-0.54732307229095756,0.021357182980107824,0.54647359563871301,-0.83672983308517923,-0.035352449631460128,0.037219403495417323,-0.017906450324842421,0.99914667343699348,-10.478074780795781,-1.6808677017487248,-2.5847931606416026,0.2887426544658868,0.258740798190872,0.9940828402366864,True,5
-0.64300511033567853,-0.76585225058387574,0.0038416608144729546,0.765037764952468,-0.64253775248210221,-0.043156167945956073,0.035519660453516205,-0.024810620928544712,0.99906095250009952,7.5562638700888209,-13.738284640195342,-3.2781867435528222,0.1839380260969312,0.1664844351341878,0.7272727272727273,True,5
-0.97954571772090604,-0.19242558764218365,-0.058843692229454958,0.2003420043884975,-0.90531574934953329,-0.37452166193331443,0.018795429557042956,-0.37864995338736401,0.92534909338449822,-4.4445384047933052,-6.4897807214630987,-2.8772085431571424,,0.5512548875715082,0.3089887640449438,False,2
-0.99539865132026817,0.089365732394732805,0.034572978224948668,-0.090935449695127457,-0.99475361349032998,-0.04686141735665094,0.030203790135257858,-0.049789700957952147,0.99830291832688822,12.962017236451736,0.81552590979056871,-2.4914633587955515,0.1596262329537717,0.1779026453807145,0.8860759493670886,True,5
-0.1635198030418393,-0.98634932528098862,0.019398003270887632,0.98618830480976016,-0.16395491963519823,-0.023482158841719177,0.026342009597032402,0.015290285973615746,0.9995360452155968,-6.8781978406364361,-2.3802350419153475,-2.7064125284146394,0.2889163534304273,0.2518673626996395,0.9946236559139785,True,5
0.9242837640661461,-0.37955663960756586,0.040450968017227952,0.37550875357658886,0.92317576309808924,0.082095593155896748,-0.068503280732202784,-0.060689931274259402,0.99580320986169346,13.673432181376656,-14.870763010948137,-3.3026463739487935,,0.203993300947071,0.8301886792452831,False,2
-0.88546806804512357,0.44868543030412328,0.12094496725883304,-0.46428509812747215,-0.86518735727467522,-0.18944704924813896,0.019637925786594203,-0.22390225868639027,0.97441373678018983,-5.9906807945752423,-11.548011815655601,-3.1850167108381999,,0.4212989543203246,0.3763440860215054,False,2
0.99544033328169923,-0.090386521801453248,0.03047654102184329,0.090479542401888297,0.99589689011226468,-0.0016842421042124259,-0.030199259639361258,0.0044340660071930729,0.9995340633394536,-12.533330616904779,-10.349940965648464,-2.9799666530423687,0.2483873861434034,0.2445902855020875,1.0,True,5
-0.99349863310505149,-0.11071260178581513,0.026517651181978092,0.10903134407725253,-0.99233669915656186,-0.058138124460340515,0.032751061465261092,-0.054868892032496883,0.99795629797102037,15.298086837025453,-3.1358277492053417,-2.7164571458452249,0.1797526866820091,0.117589552214493,0.4347826086956522,True,5
-0.51877349672511419,0.80844834721594072,0.27800239024046697,-0.85489775920143196,-0.48871201893699528,-0.17409877615565589,-0.0048867584316289198,-0.32798145135104956,0.94467152342054361,-4.3546677330172159,-7.6037953937986584,-2.93154689042681,,0.2667244322070043,0.2692307692307692,False,2
0.8505607490918361,-0.4884382891163182,-0.19487034107184906,0.51741525820738088,0.84350290122781379,0.14416763227038937,0.093956706405258758,-0.22345221714134988,0.97017588301095736,3.4131883931644604,12.625703700965186,-1.9645727850644454,,0.4243663966603218,0.3416666666666667,False,2
-0.78112955525231687,0.62237301025814651,0.049884406516772561,-0.62423165594458729,-0.78013677657274105,-0.041490354968003303,0.013094182983123922,-0.063548768209195083,0.9978928281289019,16.913614940619592,1.9599746980042125,-2.4953337975411487,0.2211754066281154,0.1273992153352825,0.5238095238095238,True,4
-0.64056568216686449,-0.76000806014120037,-0.1098333071090473,0.76756367672693415,-0.62944517998360572,-0.12101556744831464,0.022838760901831241,-0.16182247654703869,0.9865555620869273,2.8130816269872372,15.121120232523975,-1.8623467065464923,,0.3093176172210977,0.2133333333333333,False,4
-0.73271593682461444,0.67669748874037494,0.072165536481753154,-0.68053386052289488,-0.72874121295983418,-0.076222760482915222,0.0010102499859621326,-0.10496072249323063,0.99447585497520552,-7.7832637614455065,6.4182996883893422,-2.1147767271743243,,0.09647518282788639,0.2272727272727273,False,4
-0.7846201528939637,-0.61993748766029433,-0.006980477497598496,0.61781919992744871,-0.78090150900716715,-0.092153510141150613,0.051678350144517174,-0.076618174239342918,0.99572034402364662,13.861403520917845,-18.0736919789856,-3.5541879595109132,0.117548539312481,0.1646570713354049,0.2941176470588235,True,2
0.98665800738977105,-0.16160261274139498,-0.019762894747521707,0.15774353194283844,0.91886785507262148,0.36166122690224756,-0.040285910487980477,-0.35995341430440003,0.93210009384548387,6.1481098708379252,12.710644196314307,-1.9525007594136605,,0.2688040036591823,0.1333333333333333,False,4
-0.9111235969675201,0.38493269245015482,0.14724338128432585,-0.41030540077523564,-0.8808266717465868,-0.23620722350195508,0.038772014954603404,-0.27562872967617857,0.96048192811393107,7.331689440122017,9.9967591136764256,-2.0423368637105765,,0.4828918405460619,0.3050847457627119,False,3
-0.66271358228500654,-0.74719316257855184,-0.050130685720798832,0.74885571911423832,-0.66166604620585201,-0.037591957227763061,-0.0050813192059391936,-0.06245335134465424,0.99803494883743937,-15.938612575062676,-1.2808676742879652,-2.6944540076261791,,0.3053592943160304,1.0,False,5
0.95557117974323225,0.27715824558936375,0.1003345770208499,-0.29106948562441903,0.94095553085822381,0.17286192028799569,-0.046500268627859859,-0.19438620282608307,0.97982229468837512,-7.6930202382498676,-5.6506871997718022,-2.8032966287291234,,0.2734987425435468,0.4137931034482759,False,6
0.33816353452051345,0.93654569206705529,0.092344954335542781,-0.94073697493873731,0.33908368956567253,0.0060162657557543825,-0.025678160052987085,-0.088906794685054982,0.99570890020885217,-9.5658007722627705,-3.264250250595262,-2.6563072046471059,,0.2529933121609977,0.1785714285714286,False,3
-0.76817543065348848,-0.63977908894501523,0.024273959071685794,0.63902115937234771,-0.76850026250339765,-0.032546956948837566,0.039477406383247204,-0.0094901992020882779,0.99917539526569443,10.564652667566364,-20.679151445628335,-3.7473520353203624,0.1771102511941721,0.1876045256980196,0.9428571428571428,True,3
0.083764956376950445,-0.9699842704466729,-0.22828479399470009,0.99633476191194148,0.07753981741625772,0.036119508868854705,-0.017334194213791121,-0.2304736249575827,0.97292416657716396,-4.4020787487241924,-4.5849356405868651,-2.7740124964782642,0.8673871516557192,0.4586230634871322,0.342756183745583,True,4
0.65695103927011433,0.72707447398229752,0.19944433129392861,-0.75308830618554312,0.64535789292899348,0.12794996334833134,-0.035683821102939633,-0.23425605502871227,0.97151982254294666,-17.46855223794309,-7.9482208265567236,-3.1046520172715915,,0.2400624209958265,0.3548387096774194,False,1
-0.3204132265031755,-0.94701888124772771,-0.022149556251233566,0.94685107269597402,-0.31947948018455474,-0.037495438062374209,0.028432559088260451,-0.032986365384935636,0.99905129462024289,15.181714937713119,1.2774791663432452,-2.5213030719703204,0.1822536169684039,0.1216715956540814,0.3793103448275862,True,3
0.70846236881528324,-0.69013065388786532,-0.14765077899200149,0.70568485137987058,0.68991012673305274,0.1613471647230057,-0.0094848566466354048,-0.21850331255038313,0.97579011057650189,-21.165904915486056,-8.4791293410205046,-3.3318311376203296,,0.6249720393663563,0.5614035087719298,False,1
-0.48516294171697649,-0.87156189685724106,-0.070687905126245953,0.87382250463700128,-0.48024523751974268,-0.076149472943173743,0.032421449295904646,-0.098713584608266486,0.99458759183861689,-18.243205337054626,-3.8929095643172742,-2.8809072535211619,,0.1718070206614359,0.4583333333333333,False,1
-0.78047050402674012,-0.62502685696430227,0.0143951525720645,0.62401418846092238,-0.78020592577233794,-0.043416655665606076,0.038367759169696772,-0.024902639680462985,0.99895333904704564,17.384695503549288,-10.999686148030278,-3.1105641841893377,0.1886833363364366,0.206657215426833,0.8222222222222222,True,3
-0.95094877934831878,0.30275028292205797,0.063550651031734406,-0.30777434991041686,-0.94662798785000146,-0.09576221674688884,0.031166786699364325,-0.11062422343081883,0.99337350105444477,-8.4312660049781751,12.517240193138898,-1.8132861107727265,,0.2192598733814201,0.4285714285714285,False,3
-0.99317172989152591,0.10958652453884098,0.040008856316737208,-0.11180033535922879,-0.99203215662895461,-0.05807654627877322,0.033325665152240849,-0.062152987487364843,0.99751010330149414,16.377999532073183,-12.675339703996624,-3.1905649546536918,0.1038047244203709,0.1833579933155788,0.5,True,3
0.38402060659281256,-0.88956843453353329,-0.24737860455918095,0.92330993440570874,0.37148129998930457,0.097470040453375734,0.0051902543111550098,-0.26583762720844439,0.96400384709832476,-6.8755560045847135,7.7520754640046672,-2.059356302349749,,0.2929474668647694,0.4745762711864407,False,1
-0.16093480418750711,0.96121410071149993,0.22398089515517133,-0.98687083132641695,-0.15358538805111838,-0.04997490224397122,-0.013636388020140063,-0.22908291330994218,0.9733113930039009,-3.7831080433600786,-11.821319236708646,-3.1861020956290815,,0.1969235932236479,0.2631578947368421,False,1
-0.61598000572787359,0.7779404654500256,0.12400509972934887,-0.78774642813112561,-0.60927145085400769,-0.090795727547639191,0.0049190964761121302,-0.15361292715669991,0.98811885474380479,21.123973189528293,-12.705946136989507,-3.165351185766712,,0.1749801289993952,0.4444444444444444,False,1
0.70749255228171148,0.70431532663662921,0.058259841491791031,-0.70578581630452708,0.7083907053650933,0.0069992896566767673,-0.036341023228061708,-0.046070915088417333,0.99827691589741452,-18.069393538660869,-8.4736023369563043,-3.1586230315013619,,0.1216747213071977,0.5769230769230769,False,2
-0.9992837344093134,0.020642754042001984,0.031715845417364295,-0.02290011111144663,-0.99710233304489937,-0.072543244671724808,0.030126451102978132,-0.073217580825780795,0.99686086431455401,17.694391775413759,10.037689345303246,-2.1493005070298974,0.1930825240271062,0.1988612456962238,0.9444444444444444,True,3
0.69623439665461928,0.67281426084102025,0.25015722121084372,-0.71277416696648821,0.68923113775902167,0.13005162685885246,-0.084915556997574082,-0.26885202091923527,0.95943104964736026,-8.1562087868549735,7.8642704170384077,-2.0154147692736761,,0.2326152732921091,0.103448275862069,False,3
-0.28659397374817858,-0.95792958455296684,-0.01532335633630472,0.95769343285013131,-0.28601238944508106,-0.03194059735895443,0.026214173398371867,-0.02382906045349481,0.99937229949150808,-14.240026354078136,18.426513273337925,-1.6501217484041102,0.2993743019123273,0.2961358406251214,1.0,True,2
-0.93215910309262529,0.35844192660291013,0.050978346135847896,-0.36105714619795448,-0.93075918211569675,-0.057663524750987724,0.026779538848554045,-0.072157675686740877,0.99703366349313693,19.559889290958154,-2.8830603798939585,-2.6715985172776491,0.1642341571642264,0.2334580775274522,0.6774193548387096,True,2
0.1387200432766586,-0.99011278725442753,0.020818696130920345,0.99022663804051669,0.13836857436860317,-0.01747406484411133,0.014420641743619071,0.023039230509502625,0.99963055122841893,-26.818908401556957,-8.0505299641959738,-3.3953951632778896,,0.2378708360886901,0.9722222222222222,False,1
-0.79191008472741642,-0.61063284018950237,-0.0024397108675825105,0.60993567694254092,-0.79080180111013765,-0.051097762706466966,0.029272644220506953,-0.041952900293822704,0.99869067606405326,-13.772074597331441,13.592502353926363,-1.8960194951650748,,0.1943058668929493,0.6111111111111112,False,2
-0.54484438853104056,-0.83848137813767665,0.0096732002243849168,0.83786095570117469,-0.54483197556143881,-0.03386941566273699,0.033669143109862479,-0.010348764281975606,0.99937945340100187,-17.134589713428063,-18.09991455366486,-3.6657119608889501,0.2262928222846101,0.236955738418984,0.875,True,1
-0.99864551541472391,-0.042248793143708809,0.030367318287288808,0.040079346834721759,-0.99682439010543089,-0.06880974675319293,0.033178012287710792,-0.067499442729822307,0.99716751086856037,-24.506905714506232,5.9986360176755706,-2.3708408941448496,0.3477659658237848,0.2858928382562164,0.9838709677419355,True,2
-0.2028419235181024,-0.97127376309279057,-0.12442841793998213,0.97888520906595844,-0.19785052112176069,-0.051370407471062848,0.025276501644247506,-0.1322212101722649,0.99089790091876306,12.949672748932466,-1.2790536485881059,-2.5765981136340192,,0.1881663549885229,0.3870967741935484,False,1
-0.92819919875425139,0.36747639413379685,0.058372486553068453,-0.37137242777959445,-0.92464892645636443,-0.084302329079226884,0.022994941118768302,-0.099927286351200378,0.99472899330693565,20.919193050373348,10.482547333520253,-2.2154968441080043,,0.08276261014481474,0.5,False,1
-0.18965724297606693,-0.98095480178519479,-0.041926209479124933,0.98153458163156815,-0.18834041091234313,-0.033432838328697159,0.024899703774548209,-0.04749280442277562,0.99856118404432304,-18.46444155391092,-1.7400768168110496,-2.8038879444313602,,0.1620302051229946,0.4074074074074074,False,1
0.70194507965122499,0.70838788060569169,0.073889889460014124,-0.71130317668025156,0.70254174549236692,0.021974682821877957,-0.03634413292430394,-0.067983133581174179,0.99702427129456872,19.637953211499873,10.484199203412603,-2.2107135422092226,,0.1918799462078389,0.1538461538461539,False,1
