axis_00,axis_01,axis_02,axis_10,axis_11,axis_12,axis_20,axis_21,axis_22,location_x,location_y,location_z,dbh,dbh_approximation,score,reconstructed,number_clusters
0.3170261118044635,-0.94535629590835157,0.076130928147399538,0.94486189803603926,0.30787502272081713,-0.1115749256078119,0.082039247155713424,0.10730537810891418,0.99083556544717655,-20.207806443228868,0.36914282723501907,-1.8768167390087935,0.3063064236626994,0.2790019477754464,0.9052631578947369,True,4
0.036274693710218894,-0.99620929941945835,0.079064393670107036,0.9919360706478606,0.026279005162606919,-0.12398486050863705,0.12143713741649349,0.082924336824936565,0.98912920087227818,-9.7884532569657363,-19.808536010839109,-4.610408553564973,,0.1190865277504558,0.8205128205128205,False,5
-0.75267984017164169,-0.64942256856382197,0.10827458445618279,0.63480417443703341,-0.75945948298385035,-0.14228476314496113,0.17463309628047963,-0.038361714584589292,0.98388599976705726,2.4701596800139773,-12.196568319152469,-4.7816633238873321,,0.2056442269048226,0.9367816091954023,True,5
0.88942350436513784,-0.44434212312435467,0.10717232618627948,0.45411020742968233,0.88570675354460959,-0.096475210461746563,-0.052055253250832177,0.13447536704842378,0.98954869827926262,-3.382998473192508,14.419401038669211,-1.5892889707393383,0.4922292183707429,0.2672694559655291,0.978021978021978,True,5
-0.1431116684048267,-0.98970604819296992,0.00099425179990968171,0.97958930564442526,-0.14179191758155574,-0.14247752235218758,0.14115184247277723,-0.019416237503698294,0.98979753843285556,-13.589800196121013,-22.333362259273287,-4.6605495448358836,,0.2548711782869146,0.3714285714285714,False,3
-0.95392644384737335,0.21661271896116879,0.20761326959747467,-0.28805718558233351,-0.85477867659791507,-0.43171341404675134,0.083948779402019946,-0.47162733595262096,0.87779283342890457,7.4502004045747263,3.4210604955523163,-3.4130934161619053,,0.5190390208049935,0.1818181818181818,False,3
-0.53113469211281739,-0.84097331525104968,0.10324641335117557,0.82994198896939342,-0.54091466597062177,-0.13640974702497549,0.17056445637866649,0.013236584663333148,0.98525761049925442,2.0058804854111663,-16.710453489116748,-5.2008209233194087,,0.1492029990892867,0.5666666666666667,False,1
-0.56091937799135472,0.81717515605516411,0.13264318949727916,-0.82705622440309112,-0.54602408344631781,-0.13355037241697754,-0.036707670450420754,-0.18461436732504816,0.98212528849799863,6.4275531591526756,-18.309502281490833,-5.6510586175824438,,0.1137706310142315,0.8,True,2
-0.99230994470514511,-0.038429870279790834,0.11766103309741478,0.01382315060895725,-0.97904166173857798,-0.2031904158355077,0.12300363468822609,-0.200001424121037,0.97204399910860151,-8.0654663714230406,2.1346315960425692,-2.4936496558900689,0.1430422249174923,0.1732864274817605,0.685823754789272,True,5
0.37284864815807001,-0.92246979796793482,0.10016664816044028,0.92524047211315308,0.36145515284949448,-0.11523992902799675,0.070099602927041801,0.1356452885858784,0.98827445649167966,-3.7568330492083515,9.93128550777657,-1.9541010084225772,0.3153995532950064,0.270403987544261,0.94,True,5
0.76961484896903476,-0.62968876731289325,0.10575935214598896,0.63839125211297709,0.76201778857574831,-0.10856103868217014,-0.01223084101750728,0.15106603262843504,0.98844800587279735,6.0639301472100122,-15.479469586619176,-5.3111137291667321,,0.1179374383078378,0.9375,True,5
0.93357981318632577,0.33411219700763889,0.12960621984192727,-0.32293198764631253,0.94112577258723862,-0.099986056662291711,-0.15538231484241385,0.051490969915141141,0.98651153883338383,0.41888923818700829,-22.66593865485396,-5.7482628758296848,,0.198432277605775,0.98,True,1
-0.65044691424264345,-0.75768904323290165,0.053161315982904689,0.74295720105291685,-0.64922612864959228,-0.1628497199330694,0.15790316385633224,-0.066428515288795079,0.98521766285460355,16.692641310029519,-13.001415086420399,-5.9935932693054355,0.2671954796475418,0.2075516497814667,0.5,True,2
0.79588296212366627,-0.60392084050713546,-0.043010800997118875,0.60545040970281416,0.79383278866895179,0.057090323389950834,-0.00033465198805507357,-0.071478122773543956,0.99744211158984886,7.8540390595167642,3.509116734747364,-3.4353289706397394,,0.3164402644373113,0.3095238095238095,False,4
-0.43794348371928715,-0.89657422970157485,0.066031475092126216,0.88346946689700423,-0.44280885239583739,-0.1529771920928219,0.16639472987008036,-0.0086585723366614659,0.98602120818801531,14.899737361693973,-17.408230105356267,-6.2311555485391033,0.1703384048977138,0.153554810841076,0.926829268292683,True,4
0.16752906519868901,-0.98161221456698078,0.09149575141262177,0.98043579564781735,0.15615862154564455,-0.11983378292198991,0.1033424546161154,0.10978135146677236,0.98856886049685211,5.6716351470775122,-10.974816945086497,-4.8939254374774901,,0.2051111793875358,0.9483870967741935,True,5
0.61851135358419684,-0.7805099713613225,0.090817895224420339,0.78541857497292134,0.61060208106166303,-0.10140394810200089,0.023693196807346578,0.13404955504855443,0.99069134911754153,12.407144879467067,-12.787796201569703,-5.636931745997801,,0.2223985105182228,0.9827586206896551,True,5
0.92467438697988202,-0.36575440609552601,0.10583474138999746,0.37203474226688327,0.92704424184398937,-0.04668109050049718,-0.081039673060744069,0.082539009478009628,0.9932874122350468,2.8889382315345826,14.838816283257476,-2.0133244296605528,0.212526235099663,0.144045934693143,0.44,True,5
0.99177005354691483,0.037809739966565892,0.12232164342916496,-0.026572957747996419,0.9953836932218969,-0.092223539210231922,-0.12524391723382938,0.08821409655830896,0.98819645534900025,8.6869948029069199,1.26728789394651,-3.8283365763246091,0.2088168274423925,0.2327845986924577,0.6052631578947368,True,5
0.077041358694720549,-0.99310393935674424,0.088369647982711519,0.99087178189369784,0.066430131109975823,-0.1173036637429541,0.11062432326247264,0.09660022419657395,0.98915653755504862,-21.495080671988163,-13.932127202857867,-3.1721484623808003,0.2465859710134318,0.1966159119329789,0.9333333333333333,True,4
0.92580542309770886,0.32178347746713343,0.19834241148083273,-0.34381461176545913,0.93489707293951774,0.088085048366275703,-0.1570854267570351,-0.14974263467122936,0.97616664154348132,16.632878569520241,0.14758444792532943,-4.6740982847006611,,0.3366895135995359,0.2333333333333333,False,1
-0.21634251335368901,0.95650362300054914,0.19569551886190956,-0.96977145876571891,-0.18735847019344065,-0.15633336627279051,-0.11286821819811703,-0.22360148218112663,0.96812351613168934,1.75262861664893,14.58550221939203,-1.9623788036243459,,0.09009139069710329,0.2142857142857143,False,2
0.20523115984311033,0.96822325753557315,0.14291219191046994,-0.96854602309584292,0.22191531503616177,-0.11257084035232076,-0.14070810983976131,-0.11531399099677518,0.98331272304680228,3.7282210214029372,8.978828257784663,-2.6411243617882985,0.3199002007547402,0.2501270178473156,0.762589928057554,True,5
0.96544410839316686,-0.23381290345819411,0.11510516819574995,0.24565868308257557,0.96392897164868119,-0.1024341204992272,-0.087002787283266908,0.12717100216938096,0.98805771653895669,-0.48335710873250848,5.3632858159451882,-2.7108018650149792,0.2873166747382054,0.2744208539669005,0.9850107066381156,True,5
0.52464793017544187,-0.84589218741950811,0.095973728828596616,0.85017670682080437,0.51476479916647355,-0.11052949252770507,0.044092136962918436,0.13958369819481159,0.98922812063563126,4.1282480025785944,3.7873274848873759,-3.1292398989780441,0.2962935430462285,0.2488380949285605,0.9642857142857143,True,5
0.58523294709738916,-0.80910399310113812,0.053414660716871981,0.81047576692544343,0.58163994782500283,-0.069455038123542534,0.025128248214298404,0.083938664761371462,0.99615404014628128,-7.8558950364948483,4.2531039445190224,-2.3272008219522369,0.3465066387219016,0.2319313757655119,0.3108108108108108,True,5
-0.16281820160022833,-0.98366876627638711,0.076720215588584481,0.97544097684231346,-0.17217080910481977,-0.13737581005805005,0.14834127518860413,0.052468759700255455,0.98754336377241503,-7.0898726102612404,-16.158329174940441,-4.502716997467644,,0.1554927316215386,0.5409836065573771,True,5
0.25088630482277918,-0.96434825049676776,0.084193312182123975,0.96371022792846739,0.24062889516159244,-0.11558689977404119,0.091206680887062241,0.11013712624331737,0.98972276662933767,-9.621783806181945,12.490287603334849,-1.2715512504143103,0.3529409312787811,0.2922522279044233,1.0,True,5
-0.77218786018651442,-0.63119757174904956,0.072907708774007915,0.61472690192490875,-0.77116390303406324,-0.16558100950010299,0.16073812438365614,-0.083041315472318036,0.98349753192077249,7.6320958187840571,2.9657762773750793,-3.5031008334376859,0.2471644416280932,0.1195262776439032,0.5604395604395604,True,5
-0.53772775999635447,-0.83488769680503172,-0.11752186967918633,0.83083626660977783,-0.50101561737448996,-0.24226937328681039,0.14338742697750184,-0.22791639886249321,0.96306498270590413,3.4455290520664992,1.7246767947393087,-3.3227267357340069,0.6783342252024014,0.3053428350113743,0.1707317073170732,True,5
-0.98336561514086152,-0.13896843952505311,0.11696084718659792,0.12161555225990371,-0.98203058494695705,-0.14431073306326042,0.13491376655906423,-0.12768595476679745,0.98259583377304083,-13.043666662105252,-14.586695207333554,-3.8330805490525819,,0.1726454367565733,0.8875,True,5
0.5974962296379458,-0.79578671368817533,0.098598995359045288,0.80129014039204705,0.58784979973269713,-0.11120577262319201,0.03053467666330454,0.14545143269009614,0.98889408646703192,16.712979415466108,0.93541973774277687,-4.5517107502432532,,0.2507233446353526,0.9069767441860465,True,5
-0.21925878839743218,-0.97092177845278649,0.096106627433119388,0.96427272388395902,-0.23065444879785912,-0.1302944328172391,0.14867312360981824,0.064104799943796378,0.98680640296882227,0.034726578916024931,-13.367865513560764,-4.6961465861459093,,0.1520273672514148,0.9351851851851852,True,3
0.90395229720193049,-0.42461642215969986,0.050706394228413151,0.42153315061987245,0.90472782225392756,0.061460317019589039,-0.071972545542280206,-0.034182768640940095,0.99682069150685437,1.3072732136372314,3.872859599625488,-2.9683063441533428,,0.3703855695594773,0.3246445497630332,False,5
-0.32517415803662131,-0.94178186774226991,0.085490821361448074,0.93286534278161404,-0.33428065079559821,-0.13423374665340801,0.15499683603904443,0.036102078825905937,0.9872550940472945,-13.362853269221773,6.4894204827897335,-1.7175911332764153,,0.3471292835653594,0.9152542372881356,True,5
-0.054052498312575976,-0.99588149368916512,0.072789957779943001,0.9900929665076641,-0.062913441542265594,-0.12553014197936874,0.12959261205107916,0.065283607442794184,0.98941589106959105,3.9555583904815803,-11.487220636148651,-4.8017055808718831,0.2294890535653801,0.1822112280943307,0.6869565217391305,True,5
-0.54233962861346041,-0.83606480053069843,0.082845498061011671,0.82272061242455641,-0.5484806794494651,-0.14933096853103076,0.17028952148378529,-0.012829403112234655,0.98531055271351231,-1.9439358483323108,0.014251043297833665,-3.1536098987359589,,0.07080259131236474,0.2052980132450331,False,4
0.25222588090527492,-0.96362859429388403,0.088329141628065058,0.9639345253520526,0.24219267698227176,-0.11033103847274067,0.084925472244024247,0.11297185257998396,0.9899621329570012,14.461128226991626,-11.128363931777054,-5.6132307133121309,0.2347033923522911,0.19796612411012,0.7058823529411765,True,4
-0.075932986913770956,-0.99309461732535775,0.089427414911510433,0.98839018299643955,-0.086802453955071412,-0.1247003614415101,0.13160177679126767,0.078920308075805606,0.98815614015124253,10.510698319786888,-10.649252876402139,-5.247574554731659,0.136777632506966,0.1659221421550505,0.7333333333333333,True,5
0.70772640504337714,-0.70040557781549362,0.092495200790757293,0.70648063289525032,0.70109003645652179,-0.096736115930500993,0.002907051479483766,0.1338087715597803,0.99100290701155791,-7.7768470451495517,-25.065113536061851,-5.3912904455043655,,0.08843639533149583,0.4,False,3
0.30595618868758384,-0.94757382576640181,0.092166454451660329,0.94793616162846728,0.29421957569354112,-0.12186826804299121,0.088362005867077043,0.12465426587620249,0.98825779527308,-11.953867119482238,-15.337617336435898,-4.0261954925541144,0.1588727596736149,0.1635435124708997,0.8666666666666667,True,5
0.5906230473457964,-0.80212892623573395,0.088054537872124708,0.80640119042211356,0.5826836635688305,-0.1009795439472949,0.029690672437027804,0.13064813012789056,0.99098412200414321,-1.9968804223072594,-10.510024701371044,-4.1999640720989397,0.1587104696288885,0.1740625822305725,0.7945205479452054,True,5
0.22321121887263992,0.93486208908685253,0.27606091023097906,-0.96568221233330864,0.25065880832181353,-0.06802960086414539,-0.13279539356633205,-0.25140214040229364,0.95872954854260573,6.2504690093675928,4.8240601924188864,-3.1622582836502175,,0.2504179660638559,0.2666666666666667,False,6
-0.24142979629090511,-0.95560268146547578,-0.16892355856696148,0.95998276487592837,-0.20972752730302191,-0.18560025709176428,0.14193218311609554,-0.20697313706699652,0.96799657846944176,6.6365469672637349,0.73304880959668306,-3.6973534973865889,1.062589302545944,0.6775431093209622,0.5130434782608696,True,3
0.76306135850233514,-0.63802012888580306,0.10328445331759376,0.6462198554326799,0.75602822830173033,-0.10402507608991553,-0.011715869798569832,0.14612198037081855,0.98919720240575548,1.7666793913324295,12.329455644125657,-2.1794771327252942,0.3067118872849385,0.2500703125296617,0.9568965517241379,True,5
0.41819396972962924,-0.90442710671810367,0.084412157390352807,0.90608867502803803,0.40877994449583932,-0.10909752501277188,0.064164761884604737,0.1221088269188516,0.99044046652022111,-12.551722620910407,-11.333241006193157,-3.4776439930543623,0.2647241169187715,0.2605816353941394,0.9692307692307692,True,5
-0.70564678080701215,-0.70855407459856612,-0.0037073044751270851,0.68722191997777182,-0.68310896041023006,-0.24716023326846087,0.17259389745517173,-0.17695556384873851,0.96896753040760297,-8.3490385999747971,5.2945623467328558,-2.1740624686129375,,0.3285226914381905,0.4065040650406504,False,5
0.94130607002606015,-0.3207018623616229,0.10532425176511469,0.33007386924809828,0.93981659670536277,-0.088294990779427721,-0.070669111864264084,0.11787739407934257,0.99051037177476342,17.005113107444707,-11.111573307548976,-5.8401115007078044,,0.1667162898511026,0.5588235294117647,True,3
-0.76771269563669164,0.56933656136242217,0.29406308312036983,-0.63946195542498796,-0.71026008637649696,-0.29431108926525651,0.041299207284102801,-0.41398851384605356,0.9093447563390028,6.1564463940632752,0.93240903383093365,-3.652537781128776,,0.340022305548683,0.6291390728476821,False,6
0.78405315704363066,-0.61927281051233718,0.041974195526141345,0.62052497184436106,0.78362230716554027,-0.029746243966433605,-0.014470875836333399,0.049368672989120913,0.99867578717010186,1.5103201981305674,2.6432626193772153,-3.0946598021863609,,0.5569024827578983,0.3580858085808581,False,5
-0.87226587780263742,-0.47779863483303797,0.1042146965301871,0.46023653001363302,-0.87409425280353092,-0.15537558899919376,0.16533171160489463,-0.087565414220006466,0.98234297644472124,-1.7422880908715308,1.2693226154319954,-3.0220732646549719,,0.0795272475490355,0.2898550724637681,False,1
0.99270208862965725,-0.036246449238335296,0.11501633861294625,0.014836102330919622,0.9832227441379281,0.18180463546760139,-0.1196764525624887,-0.17877144718185217,0.97658502772393729,8.5446573197548208,0.087935456987767668,-3.9623054871060019,,0.5828432143273408,0.2727272727272727,False,1
0.030971784982044632,-0.99915638707427024,0.026967808656191777,0.99254613717791884,0.027562784504632214,-0.11871166111019826,0.1178682065198981,0.030443506352622843,0.99256248106239642,-17.301779224419455,4.0430546885108898,-1.7187636650243432,,0.1183475224203044,0.4482758620689655,False,3
0.59105664798712654,-0.80268003536272325,0.079729540951394215,0.80608488641422993,0.58413137125151471,-0.094961555454736696,0.029651218605315534,0.12039643661638361,0.99228297540837473,-14.272051070817044,-13.663522443657216,-3.6227154953310579,0.1962517072989499,0.2213644872997841,0.9230769230769231,True,5
0.90749824959215131,-0.40684066953407999,0.10453514528733049,0.41551819592135408,0.90593316603140317,-0.081423138864707117,-0.061575610800420212,0.11732761097618855,0.99118246345321082,-8.1223442936794434,-20.65611169653398,-4.8180695144084815,0.1555573667180042,0.1492118288625779,0.7142857142857143,True,5
0.78933756653710785,-0.60741653030792064,0.089394433618454866,0.61330143701518014,0.78682802637605243,-0.069014522126007949,-0.028417484202374915,0.10930148955002097,0.9936023505274908,-17.068726218037444,-13.406488470110325,-3.4206549903167454,0.1577882616999541,0.1638912464982433,0.3541666666666667,True,5
-0.39589206377157998,-0.91339831033061392,0.094725923209321425,0.90461372545346197,-0.40565363561520296,-0.13084011477133378,0.15793505489246773,0.033891807230469091,0.98686770331122142,-7.0235866579461357,-21.72398697958246,-5.0292605893776043,,0.1872674765175416,0.5416666666666666,True,5
0.82747701020099684,-0.550276718363928,0.11170197319405559,0.56067015288969735,0.82054902214104442,-0.11112282358731952,-0.030508642176643605,0.15457954421592002,0.98750918338136773,0.03326258696569695,-11.208009361330237,-4.4853200192505085,0.2081166120693277,0.1942334262410325,0.9739583333333334,True,5
0.36999234304391015,-0.92887904691450374,0.017011240168794364,0.92404576524177784,0.36604865806131093,-0.11021707522090329,0.096151390149151,0.056498638343914179,0.99376195038734982,-25.615322173604632,9.2896438831125963,-0.91933165130054528,0.2751788439245427,0.2023150151456495,0.4375,True,2
0.33758250186981581,-0.93728430607577395,0.086811197522959349,0.93806433887892804,0.32735425308634386,-0.11346580590609966,0.077931704427367646,0.11973855924611901,0.98974205067517895,-15.901378974524528,-13.35378350204731,-3.4861655890762036,,0.1992833399771239,0.9387755102040817,True,1
0.12038252771589275,-0.98862045725957326,0.090208860477255459,0.98677937643108926,0.10923361633631609,-0.11972668588230939,0.10851041088763322,0.10342924417186436,0.98870009718773377,13.90110176341066,-11.959042286477096,-5.6650844697935696,,0.1870660230733542,1.0,True,4
0.84815964646992958,0.50803394353462394,0.15008906128250496,-0.50255023590170422,0.86125981547115282,-0.075331206347286905,-0.16753648705624136,-0.011534403810120095,0.98579839877816788,6.280744563775043,11.704141282842427,-2.5115165552296626,0.2398383714246375,0.2548318201792631,0.96875,True,5
0.028319407399002485,-0.99526947898752127,0.092933714875049478,0.99183666994458186,0.016414039085725241,-0.12645394210594554,0.1243303314473619,0.095756166990956529,0.9876096015963941,-9.2623077936399234,-12.632961164339251,-3.8483591989079677,0.1784294591932319,0.1533606427654293,0.9857142857142858,True,5
0.028429602202959311,-0.99672899577909135,0.075650953013072939,0.99204239214946233,0.018847567758879569,-0.12448558698880534,0.12265255764538492,0.078588028113569047,0.98933324615129914,-17.822263803760027,-12.406558876638806,-3.2489088176784149,,0.09411015885026665,0.4857142857142857,False,1
0.092671509189771267,-0.99188702852944433,0.087017894823535669,0.98919414023720609,0.081742408533692398,-0.12170920904962636,0.11360873340049549,0.097356567740141217,0.98874402876224499,1.5689869805985306,-14.482012373560552,-4.8921223330140622,,0.1194661058430698,0.7714285714285715,True,3
-0.21675142570979042,-0.97053664127328798,0.10524945319922945,0.96495256493633363,-0.22933726781131317,-0.12755769289082919,0.14793703686218099,0.073912418028404286,0.98623100112784468,22.761253919429635,10.429854958165206,-4.1554729461167126,0.6587681123480453,0.3037960194404361,1.0,True,3
-0.2491580830092158,-0.96376110312788721,0.095314142543959174,0.95685931657444712,-0.26016700327492309,-0.12935756140105395,0.14946738090919393,0.058971743273058722,0.98700650227821785,-3.4779963897774375,-17.8881911718269,-4.9652578910857281,,0.1482749083237422,0.8809523809523809,True,5
0.98702658099448104,-0.10881674623105439,0.11805695299317071,0.11798035441150742,0.99028383195579994,-0.073610924052560006,-0.10889979055664203,0.08658433984631965,0.9902747031556931,-5.7729040791759765,-18.816535504069336,-4.857066219693424,0.1578275525450515,0.1082276777797278,0.8378378378378378,True,5
0.82007954072480305,-0.56399092170419007,0.096869949519195836,0.57157037426445578,0.81552994585896288,-0.090654369285016426,-0.027872103397181852,0.12971178682961887,0.9911599256475625,-2.4532485069757723,1.9828585195184862,-2.9046275448134926,,0.3040351872848469,0.9781287970838396,False,5
0.5620278328270043,0.81671200058907822,0.13079076122405375,-0.81001917186339301,0.5754708781047384,-0.11270408008188842,-0.16731304892782409,-0.042600194214905893,0.98498302884431899,12.081066244612124,5.9618320370667002,-3.502415500265502,0.2003356437272207,0.2009316910704174,0.4090909090909091,True,5
0.52099488827887341,-0.85129246356961907,0.062172886830617863,0.85245936409459899,0.51524357131148923,-0.088527367461218864,0.043328500490041361,0.099122165491634495,0.99413149902491937,5.0186866060607249,3.7253610915572128,-3.1883836807529304,,0.1934601810162135,0.1325301204819277,False,5
0.87523493671073249,-0.47188932504406245,0.10622744687894201,0.48096630924590444,0.87235265488580427,-0.087591408734310428,-0.051334344559293463,0.12775488414595826,0.99047638772740043,-6.0630008426477593,-20.769567026224689,-4.9800206344401197,0.2205314204254891,0.1922318638722616,0.9016393442622951,True,5
0.93622284281241852,-0.34412723220554953,0.071156423819510248,0.3470262555319979,0.93727225848862905,-0.033067982083359107,-0.055313348910317375,0.05565214750728506,0.99691688315032223,16.518228318867958,-12.163049642614915,-5.9196555036455143,,0.1878909624465142,0.2068965517241379,True,3
0.4434399407831458,-0.89105065155343866,0.096900749658771115,0.89450641805458153,0.43311288658289826,-0.11077678247263943,0.056738760802481775,0.1358011923438858,0.98911007940500573,-2.0475670832552533,-19.291698542615276,-5.1721522316158648,0.1349384276761527,0.1545728432217678,0.8222222222222222,True,5
0.94136590032310896,-0.31727876850647541,0.1147363271325926,0.32847507928446668,0.93952293548079691,-0.096957598952376642,-0.077034823280943618,0.12896060158265782,0.98865302267353283,-10.738241914767281,-15.068778053199342,-4.06433955807353,,0.1620665949624643,0.9864864864864865,True,5
0.25988775047718116,-0.96352261450497145,0.063894667143792189,0.96151500810885915,0.25210213927389646,-0.10924010506652938,0.089147329367356559,0.0898258465645074,0.99195971236519431,-0.95548573883756316,-11.353555070592607,-4.3980366669281992,0.1699327000303802,0.1640815967101387,0.53,True,5
0.32215895129931954,-0.94331084969932288,0.079863952677436414,0.94322297538028754,0.31262760368044323,-0.11222477503555332,0.080895171750107908,0.11148373090529803,0.99046824731081373,-16.024882520421649,15.891593692445461,-0.56469173881002477,0.3213492089810362,0.2629136644054003,1.0,True,5
0.30986840721485881,-0.94831888889713001,0.068358285313781963,0.94613808820902767,0.30046230268145235,-0.12060316209588545,0.093831168863515862,0.10204748712375634,0.99034439571364974,-21.124536762201572,-10.949101446339004,-2.8860443095036343,0.1418186506075055,0.2147325987603609,0.9148936170212766,True,5
-0.99128673449792948,-0.049243402456917752,0.12217077114799647,0.0026694835703851682,-0.9348113639295943,-0.3551346050803228,0.13169466149353798,-0.35171409011092442,0.92679755877513237,8.3838765805159312,0.54287110045472176,-3.8555498893403684,,0.3819693419875404,0.1666666666666667,False,5
0.39392786440255029,-0.91564302062445313,0.080116767464579394,0.91660656824975861,0.38487731757396187,-0.10817508705091082,0.068214636909144949,0.1160487363084973,0.99089830664531586,-14.188664375511966,0.39291808931457922,-2.2541553626383628,,0.2632786391320416,0.9934640522875817,True,5
0.93462155222568177,-0.33719252276147799,0.11306527631863467,0.34890387996209804,0.93093880917791505,-0.10779154008455742,-0.068910352361984742,0.14019321010718411,0.98772325434667774,-3.8847468013143143,-14.978751596163441,-4.6014751437450023,,0.1186247131888734,0.5573770491803278,True,5
0.47970206511338681,-0.87139723131430125,0.10272679292046046,0.87579442216861758,0.46836597277709252,-0.11669381150217621,0.053572929958046869,0.14594581461055608,0.98784095904825286,7.6624730414510704,-13.430805275392396,-5.2843865863175346,,0.2626082825784275,0.9305555555555556,True,5
0.95982588809698677,-0.25423220905249622,0.11874446689896924,0.26725772612314658,0.95722826523304561,-0.11084834715240681,-0.08548433988934874,0.1381304894627656,0.98671799188747966,10.946048685020328,2.5135194708959685,-3.8411964184614669,0.3216541938086774,0.2659190262487646,0.8571428571428571,True,5
0.96218363967464882,0.24240313265689728,0.12427133547431933,-0.22962596116161305,0.96719044362868833,-0.10869481916792693,-0.14654201275761675,0.076048451867645764,0.98627687363411454,1.0221347836538814,-10.31162219327047,-4.4435599525109613,0.2103234534985689,0.1995496865626497,0.9841269841269841,True,5
0.17606678822759825,-0.98033897092875788,0.089084163360064472,0.97856882056205152,0.1644921114022124,-0.12387658661037476,0.1067874033161853,0.10898553741110202,0.9882907482761335,13.083042506428889,-16.100503226765927,-5.8986664586744437,,0.1486459840643757,0.696969696969697,True,5
-0.108350562302923,-0.98893450896671697,0.10133455789314186,0.98453570257952172,-0.12086296696104029,-0.12681322314183749,0.13765756788091021,0.086027206116045529,0.98673690202250963,3.7976675539965394,-14.358457748384861,-5.0440606085915176,0.1795283542398361,0.09728433696112196,0.4680851063829787,True,5
0.4567438836815732,-0.88957618869315624,-0.0062633241678459461,0.88832983530766441,0.45645718667084351,-0.050169118377702056,0.047488192445394442,0.017350540242211117,0.9987210973698174,-18.237543994777187,2.6877933275017187,-1.8005711625410985,,0.1704789185523226,0.2285714285714286,True,4
0.91141172410105398,-0.39904821033069571,0.10044498495700986,0.40712157402846672,0.90994337275171921,-0.079089078549508418,-0.059838893135892066,0.11297603381733468,0.99179419369704735,-3.5112224334669224,-19.815404746883576,-5.0938033478397493,,0.1529545955626522,0.4666666666666667,True,2
0.88194411582045618,0.45017982790855771,0.13968786315888493,-0.44196028867188236,0.89281316811036326,-0.086923817712996065,-0.16384651295264241,0.014925461230967642,0.98637292683867905,-6.4851783674748367,-24.741957043057926,-5.4407579873822591,,0.1237522634799454,0.7857142857142857,True,2
0.9434762376630923,0.3024613187604086,0.13553501252005429,-0.29417085048488212,0.95256519317141652,-0.077993996456798581,-0.15269610240637377,0.033715032433865325,0.9876979279607131,-3.9050740948064186,-16.502468118362046,-4.7839239642579772,,0.2226160705619376,0.9523809523809523,True,5
0.19481316580684574,-0.97626874460941915,0.094589474716072361,0.97573964931517443,0.18307453619034064,-0.12006602747235001,0.099899785698538343,0.1156851438061073,0.98824945247642071,8.4686814406618591,-13.141089320756722,-5.3416503806785247,0.2676628103689882,0.2257429538754894,0.9213483146067416,True,5
0.70059834027176859,-0.70577840552554127,0.10506573134123437,0.71350472351388095,0.69114969869389853,-0.11499175413356238,0.0085425483214224968,0.15552792768232418,0.98779455788084713,7.7959109238385285,-20.781917848087435,-6.0621279042654717,0.2087793317788489,0.1200917174621959,0.8333333333333334,True,2
0.69281845153607813,0.70585244049984519,0.14756329303577811,-0.69984869902284152,0.70748724448507627,-0.098354447621597701,-0.17382287446474548,-0.035130202551734033,0.98415012939159174,-27.846299834359762,-11.590712267374993,-2.5660226174590899,,0.2011721565991945,0.5714285714285714,False,1
0.08861183545571806,-0.99089340709542273,0.10138144994028558,0.98845353562831584,0.074918234405685111,-0.13170750190257738,0.12291277606925714,0.11188169612747521,0.98609073393404767,9.6555230354999502,-14.243471890653259,-5.4957364322100597,0.105869348039515,0.09379761009325058,0.8,True,2
-0.084289048711820039,-0.99295051373251142,0.083334467932536266,0.98680686912395787,-0.094783390743362492,-0.13125666416972087,0.13823009555457982,0.071171526030664373,0.98783958949084372,-0.47775642376213784,-20.462290429342634,-5.3973075353530104,,0.2042121130254694,0.8571428571428571,True,4
0.50571194332943914,-0.86168521523864505,0.041881024499069351,0.8608373590494004,0.50083324976641741,-0.090139321016204435,0.056696310627897623,0.081637281725563032,0.9950481810413232,-20.067132719191566,1.819373588031961,-1.727962963557937,,0.1306410320669829,0.2941176470588235,False,3
-0.91099201927599582,-0.39597703605128171,0.11530710184323212,0.3805215994491109,-0.91482523652049696,-0.13527046602236173,0.15904984491703827,-0.079353472168888092,0.98407630460579998,-16.993148605502341,9.1442149995525419,-1.1241856484141173,0.2806692382479342,0.2595725535154013,0.9354838709677419,True,2
0.080812346954500333,-0.99411699581500568,0.072116317234409477,0.98995939462717286,0.071634562018643141,-0.12185600729467042,0.11597310709430471,0.08123969569210418,0.98992441644539086,18.383494315857227,13.616155861597575,-3.3227481209499903,,0.135972964106923,0.6086956521739131,False,1
-0.77959913951281345,0.61186724499067491,0.13358014889346936,-0.6260469563996035,-0.76718101561360941,-0.13963702111138909,0.017040834887778647,-0.192488347152734,0.98115128606995916,4.1637557783642904,-17.059207031236678,-5.336440186156195,,0.1760016786559599,0.8055555555555556,True,4
0.92905219601541533,-0.36974613690027641,0.012239743716930498,0.36373467160522288,0.91898541312992155,0.15219362380424276,-0.067521150398780455,-0.13694380125346595,0.98827490585720945,24.172208743008071,-12.751291743907821,-6.6698355050079972,,0.522004555061576,0.3529411764705883,False,1
0.92868734226866489,-0.35391759410229501,0.11082489293840114,0.36467904391665767,0.92581919379180977,-0.099337884690165357,-0.067446387879539632,0.13266935211844277,0.98886289634634206,10.834546744333045,13.908575105086001,-2.6789241905765198,,0.1067992632581681,0.3333333333333333,True,3
0.81430179801917391,-0.57878087826880764,0.043877975034486719,0.57985955938022193,0.81454225006892444,-0.016846787469039254,-0.025989866065720485,0.039161432596879459,0.99889484384435812,9.1021870484371696,-20.611017792910872,-6.1672331961232976,,0.1163318461285049,0.1538461538461539,False,1
0.97479122417352582,-0.19158808131936683,0.11435067280362629,0.20252793328475668,0.97483246523241418,-0.093188523801476353,-0.09361893779403524,0.11399856062800481,0.98906007029960463,5.1083699709606263,-18.902934753157325,-5.6308538858282482,,0.1082245317364665,0.44,False,1
0.89532818174189566,-0.43446254991314132,0.098131237135388377,0.44261149931432076,0.89249242150171382,-0.086904189983771682,-0.049824769477436179,0.12124178440198601,0.99137173757452957,-2.8507266472159962,22.344885942891445,-0.7783420212825346,0.2101058267751484,0.2253696049841021,0.9032258064516129,True,4
0.92498165850184377,-0.37163631385890766,0.079343441169026349,0.37429270979461565,0.92706837674505282,-0.021194155654251381,-0.065680277327237954,0.049301876847200214,0.99662200763858377,11.112478838668139,-22.063801633832959,-6.4695407937215954,,0.2395912269397207,0.6666666666666666,False,1
-0.21423703720472079,0.90359609678501629,0.37096709525863325,-0.97191938146185486,-0.15935144434206527,-0.17314685421602194,-0.097340679207357853,-0.3976445788150299,0.91236154078877574,-2.633381566495812,17.44270690387734,-1.2734225625810718,,0.1512977875566771,0.3571428571428572,False,1
0.15468911393040383,-0.98721125555194578,0.038538486516420459,0.98183430725845022,0.14927423446530327,-0.11712641040822228,0.10987570760520358,0.055956588855535602,0.9923689782746673,-23.874114692994706,1.8895430849057071,-1.5014051378744449,0.2739182894397723,0.243288756289709,0.3,True,3
0.9610461944527281,0.23102157990354452,0.15172093377908757,-0.22657729035271115,0.97289702514634868,-0.046196427976705937,-0.15828121690317948,0.010020383238873998,0.98734322719882661,13.166275235261764,11.349935975314771,-3.0249323461895417,,0.2183285263617485,0.2962962962962963,True,4
-0.95692876343524458,-0.27426315111485527,0.09522114077684618,0.24057580542398105,-0.93268938093587406,-0.26872625575864079,0.16251345653482577,-0.23424398098991928,0.95849837444572517,4.7042790461894288,16.669916151307536,-1.963937296301923,,0.178200850539914,0.2424242424242424,False,4
-0.0078407561361762013,-0.95700847583934212,-0.28995396137123663,0.99186260283225991,0.029404006918320989,-0.1238708257821909,0.12707123846892962,-0.28856573176454409,0.94899036813087079,5.5715032398752244,6.4771996661497244,-2.9236485553442315,,0.3833322538584017,0.2653061224489796,False,1
-0.83687653229879144,0.52290885203211646,0.16187650278531737,-0.54640198195446354,-0.81577565962987042,-0.18961789807843743,0.032902033429330221,-0.24713641095942288,0.96842193829668666,3.6461603403396818,-15.734944596200727,-5.1362519370816395,,0.1013483281876498,0.3939393939393939,True,3
-0.00047671052933097855,-0.99282178405742871,-0.11960216489718525,0.9910156644127357,0.015527158931192827,-0.1328414853278419,0.13374500228290026,-0.11859094584557352,0.98389453801095828,0.6992386622001503,16.317455076614618,-1.6901438046720874,,0.3733975439566377,0.4897959183673469,False,4
0.8767932820739277,-0.47035131283289755,0.10001591386575004,0.47825741852679243,0.87460475191242615,-0.079601316297490343,-0.050033809910097565,0.11762725215091296,0.99179657562289791,3.6870832329617542,19.498173582023629,-1.5988796760693926,0.2036494295225108,0.1835906407825339,0.44,True,3
0.88160700317882301,-0.46504512368414225,0.080635754375192756,0.47141017934495422,0.87601259157114097,-0.10185471132339441,-0.02327089933830602,0.12780834224108711,0.9915258407613855,13.735611371709412,18.428267105700058,-2.479578610554344,0.2534943392389024,0.2284904473049483,0.3636363636363636,True,3
0.86625621465390867,-0.48830534026457739,0.10563174353657201,0.49633586188595319,0.86527024256099083,-0.070413915843185043,-0.057016513216862276,0.11342531466801685,0.99190917689728642,7.258756538091796,-23.540390573589754,-6.3656706370232152,0.1318227096773983,0.1985800131933643,0.2666666666666667,True,3
-0.85368117995883397,0.46588174876302896,0.23277164593995286,-0.52021260085420096,-0.78396036510503664,-0.33879934453432042,0.024643313425768566,-0.41031736755087428,0.91160976573834474,-3.3054081503858481,16.167672583841956,-1.4048945837480007,,0.3044836000998144,0.3055555555555556,False,2
-0.9635077956497331,0.20073844211452646,0.17707852941456781,-0.25357486532051654,-0.89638748052221329,-0.36357842680874336,0.085746809852465578,-0.39521331280774408,0.91457854882981693,3.8935703854195669,17.214702637480304,-1.8175120040523238,,0.1171969006410694,0.5789473684210527,False,1
0.51537395880529679,-0.85607221396206434,-0.039115816077959192,0.85574632745056078,0.51653821266323596,-0.029774114823874848,0.045693606119808175,-0.018128412527241317,0.99879099666497217,6.8084643425363236,13.436616937016924,-2.4028826401224395,,0.2196619166314414,0.3,False,1
0.313615464727033,0.92762384573558421,0.20287765058470825,-0.93519787572521129,0.33874999327851524,-0.10321518925457146,-0.16446967356658271,-0.15736086831397977,0.97374908657229087,-13.433664094020909,-20.427318874399774,-4.4349186366026974,,0.1717711822305637,0.4615384615384616,False,2
0.95257707874712494,-0.28671881169220709,0.1019275824661942,0.29604651986813263,0.9506843106159284,-0.092497565495986089,-0.0703801614061908,0.11828636679907617,0.99048218979944969,13.001062156811996,13.904323964951706,-2.8408652922517934,0.2391798580396289,0.1475808424755343,0.75,True,3
0.22270658268290541,-0.97466580169779493,-0.020696691293478675,0.97016123989300462,0.22366490006766543,-0.093601181012792384,0.095858993521580907,0.0007664714714790688,0.99539462821662505,-12.786182956881802,-24.395489574027852,-4.9373195503327612,,0.1740409116488023,0.1666666666666667,False,2
0.54555832267698079,-0.8323824751400285,0.097496316020871776,0.83781727535268469,0.53881596496430195,-0.087974820376025803,0.020696127137345172,0.1296794932876843,0.99133995145064469,-2.7036619645737447,-24.129086662760407,-5.6584059552079031,,0.2426605003966581,0.825,True,2
-0.31400673207698909,0.93901653052490319,0.1401703521123637,-0.94565220667302197,-0.29619164281821675,-0.13421033767594115,-0.084508438778469003,-0.17469535232976269,0.98098922402318256,6.1315347872522015,-20.804758725538612,-5.9545247191326292,,0.1796158331258257,0.7714285714285715,True,2
0.82722966399596698,-0.55381462743119192,0.094765191121896658,0.56029184722984449,0.82570544246946587,-0.065448974049039696,-0.042001534887286515,0.10723749679824462,0.99334585635998818,5.1756462122779192,-28.376387061302459,-6.7347181354037442,,0.271337704106556,0.6428571428571429,True,2
-0.55906155536894631,-0.82713900473022095,-0.057369366061990279,0.81117462501616378,-0.5313260819519976,-0.24431193660446732,0.1715980915929447,-0.18312198527604295,0.96799815778245168,5.0092924427483805,13.437344583639279,-2.2692772495887787,,0.1914360973480604,0.2142857142857143,False,1
0.80148956043143837,-0.58955276890307284,0.10020986577249158,0.59724071609834384,0.79763168834695808,-0.084185609097511799,-0.030298705479904722,0.12732329882429941,0.99139838915682166,12.824089904163197,20.279709524821644,-2.2432016023661778,0.1496632950294875,0.1828723575268037,0.9285714285714286,True,2
0.97197906749952723,-0.22582917906721359,0.065252388650359858,0.21632553415172187,0.96794623293736382,0.12760624364167364,-0.091978017029730658,-0.10991483987248654,0.98967609466889894,-7.3745527656243697,16.918871999171792,-1.0098316319103005,,0.3644499565693068,0.2368421052631579,False,2
-0.94158327884246917,-0.32565219253329725,0.085857897147094589,0.29315618606294935,-0.91802219061966261,-0.2670106891173103,0.16577207116185219,-0.22624302647403702,0.95986129903990702,5.4856543222467957,0.39530497116955943,-3.6500382440646773,,0.5437715066260098,0.2479338842975207,False,2
0.95348835898110429,-0.28201372192127355,0.10643406379364909,0.29067413753321464,0.9537215035606762,-0.076966482414645543,-0.079802851182409512,0.10432427471146255,0.99133644674705923,-4.0402276139766293,18.790502292777731,-1.0402022656927383,,0.1764186965663903,0.8125,False,1
-0.42024130668813453,-0.90541066498071054,0.060239288609987549,0.89230083516743064,-0.42439621561706947,-0.15390604838477254,0.16491350373015343,-0.010926111343840292,0.98624751273620315,0.13610321749723342,17.607726742243607,-1.4837861024298806,,0.0939294949662699,0.3181818181818182,False,1
-0.99267067106895124,0.0016619451973786652,0.12083946680484794,-0.02311102731781995,-0.98406189703147751,-0.17631807402284572,0.11862048396391753,-0.17781850508024083,0.97688779296047878,0.18002526337799496,20.881188964759627,-1.1829782587501478,,0.1940446075978292,0.59375,False,1
0.16923444234052332,-0.98471925988648157,0.041081415923891182,0.98008500688753908,0.16375156766899795,-0.11233344720161169,0.10388976272926892,0.059273968102070113,0.99282098784498451,-26.504843989892311,-16.162705465497979,-3.0973408177724511,,0.1524011582564195,0.3461538461538461,False,1
-0.36873491076589232,-0.92773895303603415,-0.057749464084722077,0.91538996145773066,-0.3516254651980999,-0.19601211872390389,0.16154189563355806,-0.12513979080941062,0.97889950899532752,18.486759691546304,4.2609325477565969,-4.3210949683813711,,0.2118863474759848,0.391304347826087,False,1
0.40986393017127842,-0.90808392756497736,-0.085994995451589118,0.90979292727846406,0.41375392795548793,-0.032931999263456913,0.065485786386336203,-0.064739999996681383,0.99575114570950551,5.5834387565285422,14.281193884530174,-2.2648598509700948,,0.2012016424248363,0.125,False,1
0.85793162571265358,0.4715160435385799,0.20402437669986234,-0.48591886480503677,0.87366898459593145,0.024194259271536248,-0.16684178861612525,-0.11989631370829484,0.97866679290273995,4.3803367312959827,18.65365435597489,-1.7228808763229351,,0.5640474561912712,0.4042553191489361,False,1
