axis_00,axis_01,axis_02,axis_10,axis_11,axis_12,axis_20,axis_21,axis_22,location_x,location_y,location_z,dbh,dbh_approximation,score,reconstructed,number_clusters
0.71392056536872184,0.69709031048271275,0.066200644821046803,-0.68481122041412335,0.71480480051112927,-0.14173104656767027,-0.14611987797191339,0.0558497645237888,0.98768911356970668,-13.668011436936707,10.07575742703823,-1.4593136257884625,0.2589222356682945,0.2065041955236817,0.8095238095238095,True,5
0.99918373718106268,-0.040209521994315947,0.003879909003266264,0.040296095218574093,0.99885795329789873,-0.02567126494095423,-0.0028432486737194063,0.025806655624502926,0.99966290941619784,10.50471335670071,-6.9678915355399633,-4.0117507516677495,,0.2077258925316664,0.3809523809523809,False,5
0.96062685388334368,-0.27739079402370098,0.015823874022825625,0.27648915527233936,0.94878570017439923,-0.15283796047240344,0.02738237781818495,0.15119537868425872,0.98812456848797448,-14.317229723173041,-4.2103980069601459,-3.0921138951249487,0.201432961894722,0.2056911182413153,0.6382978723404256,True,5
0.93359547509839724,0.34856077925914353,0.083095559677133765,-0.33808395369957572,0.93368064132823092,-0.11806650778170188,-0.1187380694076703,0.082133082075142236,0.98952282828754212,26.553913922713576,2.1415794777076336,-2.9556002079110204,,0.2350251317370169,1.0,False,2
0.22616281802825539,-0.9326960619795609,-0.28094205044695225,0.95940969517706032,0.26317149632404396,-0.10135975691971902,0.16847378591869683,-0.24661471872210608,0.95435725175001307,6.5789881395601171,12.155099575486668,-1.3823341550526793,,0.1737213704947722,0.1764705882352941,False,1
0.99591237019782108,-0.083927039485539298,0.033388664695531575,0.08679587098427316,0.99153382418066582,-0.096577183049339835,-0.025000553334662313,0.099080409510947418,0.9947653214623553,-0.77442912152497401,21.764107789361155,-0.51059363536583358,0.3759655909868034,0.2693165915102992,0.9833333333333333,True,4
0.74092016226580493,-0.62089533402997399,-0.25598104876693928,0.65721645892975444,0.7487688101100346,0.086091783105240682,0.13821663886757526,-0.23202209633181958,0.96284054108348582,5.2667743472829587,16.023720727536332,-1.012993102935589,,0.3254272980998083,0.1836734693877551,False,6
0.92722169543032651,-0.37434355304398964,0.0112619633153298,0.37208699929255473,0.91738183827430297,-0.14128633253760389,0.04255810710988623,0.13519418293279364,0.98990471279833847,-19.160446333975855,-3.4130881767771188,-2.9940978180347342,0.2449702565099824,0.2635910463079939,0.9047619047619048,True,5
0.8234814216809736,0.543264268830288,0.1635306771177083,-0.55568112843895945,0.83046484039698942,0.039327247058610237,-0.1144413895541652,-0.12325616851377835,0.9857540693703557,-6.5835776658924923,2.5700212109205132,-2.3606452851757185,,0.5520444885502719,0.3417085427135678,False,6
0.97713791010146145,0.21065935751920337,0.028707833985607549,-0.20368570136723674,0.9662680701777312,-0.15760124242384951,-0.060939639817492022,0.14815077335134144,0.98708546167711042,-6.6766101198339687,11.40283242774062,-1.4774046690287099,0.2358693389323043,0.2526774135225477,0.8905109489051095,True,5
0.5095900691576849,-0.86030305420356079,-0.014021995003977472,0.84888537441398504,0.50535261029480338,-0.15495922164962592,0.14039794343898038,0.067062613998071438,0.98782135190622944,4.2234806961502009,-17.068152920901017,-5.3676429022593277,,0.3330472900369941,0.9821428571428571,True,5
0.43028497751032685,-0.87603931582298977,-0.21773827238528318,0.89009457583670859,0.45191059707193948,-0.059232240546472872,0.15028800416204061,-0.16832091191077078,0.97420818433152101,-2.277316826948482,0.46822278047174487,-2.728575547714422,,0.215639279819238,0.2901960784313726,False,2
-0.39413010976195884,-0.91344328229970284,-0.10140427308832414,0.907354378799195,-0.36918702957303584,-0.20101982108480149,0.14618306281150883,-0.17123757536412237,0.97432448646765646,11.633986133708573,-5.6543610508494488,-3.7670504912248997,,0.1772958648405662,0.2916666666666667,False,5
0.68797125920729318,0.72330389746143553,0.059388706180801568,-0.71101808024960211,0.6881547132015281,-0.14455580326190301,-0.14542639396926221,0.05722379413863192,0.9877128131807732,12.468954212998245,0.76063349869479713,-2.9509527033910716,,0.09724937655900816,0.2040816326530612,False,4
0.96617919095536087,-0.25739370191440059,0.015692456138109628,0.25703089000413981,0.95633449756732636,-0.13913824185439042,0.020806069992326377,0.13846591991335544,0.99014862342681853,1.8795641744093166,15.407133101058214,-0.96810408976412543,0.2387605930967603,0.2406595581514031,0.8695652173913043,True,5
0.9996784763331501,-0.0064523377742787234,0.024521649485284909,0.010032266255951987,0.98881615439991066,-0.14880176891268174,-0.023287283869147177,0.14899993333897862,0.9885629581746318,-2.956937248841208,-3.0442009754980495,-3.1425832214880827,,0.3561879468375734,0.9993455497382199,False,5
-0.51207770857201362,-0.847504807752821,-0.13968543667644873,0.83085538805516601,-0.44749598276907404,-0.33079702166924152,0.21784339449094153,-0.28545217855429794,0.93330665337565721,0.058084914168155199,21.397609327077308,-0.49448433947404252,0.5873492184681862,0.2927362597435556,0.3725490196078431,True,7
0.46315319122138393,-0.85293703489125317,-0.24080601315657518,0.86153402755932051,0.49703981655761259,-0.10349173935049172,0.20796211390266112,-0.15953004503005508,0.96503985612711563,-4.7718644258336775,9.3781315570154486,-1.7086266497872937,,0.3291701654534805,0.2380952380952381,False,6
-0.62167751189774922,0.77220753285810295,0.13119678882437202,-0.77329525970614665,-0.57843671001740815,-0.25966404029099099,-0.12462548903265476,-0.26288114938397528,0.95674551934249075,1.2819592018216013,13.829551690090659,-1.1182210185039561,,0.1890981169584502,0.1304347826086956,False,3
-0.99938794291297273,0.0061793743624489195,0.034431887730210782,-0.015790456582885984,-0.95798200968945635,-0.28639331450342032,0.031215397499969821,-0.28676172067387184,0.95749324515376044,4.7904193183848989,-10.93125725595845,-4.4099026955921987,,0.2346415477501015,0.1728395061728395,True,8
0.86102534597581237,0.50691296784112239,0.04092183551283024,-0.49583730946070609,0.85464679786890974,-0.15402666470188939,-0.11305182941466274,0.1123302894455694,0.98721891692728092,17.219238585527219,-4.4359525187918738,-3.7263182522897811,,0.2755587866482365,0.6153846153846154,True,3
0.52482498334108463,0.81746516059779306,0.2372961189523688,-0.83342114504380604,0.55018089824713867,-0.052059333436430766,-0.17311248324399989,-0.17044556436821134,0.97004143093596773,-2.5920198314170215,-4.4657319016972101,-3.3545172179006673,,0.2009817117160683,0.1970802919708029,False,5
-0.72094249035636504,0.6264872853142367,0.29623572866614478,-0.68445223143907452,-0.57680529354943044,-0.44589325652159029,-0.1084761193850307,-0.52422260030730727,0.8446440651837972,3.2973118329989615,4.145695909535057,-2.4185980116066665,,0.5726924400171693,0.3729508196721312,False,2
-0.984623410121516,0.16860013089101503,0.045724567840612726,-0.17449756757776871,-0.93695167413038938,-0.3027741059828345,-0.0082060435119653552,-0.30609729859604329,0.95196486523510193,-8.7238594016506372,-18.230894507363498,-5.2675032761064449,,0.2868962757088961,0.3214285714285715,False,3
0.49720522857200394,0.86253359098688043,0.093929575214296179,-0.8494320381713043,0.50597229064169713,-0.14985744436276008,-0.1767828419525071,-0.0052768856412419253,0.98423573460280533,12.609728014583094,-16.183610766786241,-5.3863131456107745,,0.1906874595268394,0.8936170212765957,False,2
0.83095970018290755,-0.55627883789280264,0.0077350620273381535,0.55065929308280515,0.82042576055885252,-0.15386979675353957,0.079248467578111881,0.13211898396545177,0.98806085564729196,-9.8099824779442937,-8.6609717969558542,-3.8428048863572295,0.3417509100064227,0.3161414471003249,1.0,True,5
-0.47252984452301966,-0.86923312463874136,-0.14542806147996609,0.87190671918678708,-0.4370305718982998,-0.22086863123399486,0.12842982158355667,-0.23116672393970344,0.96440019010315448,-2.0769885216538304,-4.329748306570588,-3.3465122208713707,,0.6218457690316858,0.3246753246753247,False,4
-0.89311204057452154,-0.4498128040803494,-0.0043959374641561475,0.41161556120908122,-0.81325078169448484,-0.41133416566563574,0.18144837489310542,-0.3691769323220026,0.91147401492854863,4.7994713441973005,-6.2309649803333862,-3.8172447634910842,,0.3296202353683739,0.9280575539568345,False,8
-0.87567885386639854,0.48190742417768345,0.030850922411851545,-0.47802470847738465,-0.85602836717513919,-0.19674301176046391,-0.068402653284380638,-0.18703119823681008,0.97996959540067397,11.53711653937591,-1.5766137810080725,-3.1891410690571949,,0.3281572517150012,0.9867256637168141,True,5
-0.70812229199925669,0.68300867210657301,0.17905857533482142,-0.68676673521932086,-0.60730896600180972,-0.39940865189678687,-0.16405569471955328,-0.40580164322120399,0.89911665282601416,5.4411982428900343,1.4017946383923965,-2.7275930067691059,,0.4542831045218418,0.2486772486772487,False,3
0.72692781469073031,-0.67565819266416816,-0.12272717268294639,0.67862701857280228,0.73414846359593877,-0.022167612923205543,0.10507769455003038,-0.067171720876521512,0.99219284316232492,6.1650147638509987,11.41430307135029,-1.4641245520277495,,0.1164859160255776,0.3333333333333333,False,1
0.42048813847308442,0.90457111568959658,0.070290981381104567,-0.89074955745412743,0.42630719194953837,-0.15756714120455417,-0.17249623560737976,0.0036434533313934488,0.98500343854684336,6.7448308055486716,-22.917157780813813,-6.2997523249259988,,0.3042161346422044,0.6,False,4
0.98089884415876094,-0.19370594747828565,0.017761290480923599,0.19432567234029183,0.9717678404819069,-0.13380880865857261,0.008659711167330459,0.13470438046579133,0.99084798999938783,3.9497343977471675,14.588475762382286,-1.0984643671549086,0.4741095525664258,0.2278985300477433,0.9012345679012346,True,5
0.68669753246182841,0.65710908281203118,0.31089250907149391,-0.71133211268794017,0.69555452096692527,0.10104718611314487,-0.14984366643188299,-0.29053667866278771,0.94505836538377241,-6.1754464394065129,8.2896844052187681,-1.7733580292492643,,0.4822505773020812,0.4320987654320987,False,2
0.70297104890938666,-0.71106874659740882,0.014592532598167342,0.70278677986760041,0.69134093548580566,-0.16774520250946787,0.10918995575861162,0.128175459952377,0.98572237725813583,-3.4834838075307362,-14.594368601212157,-4.8203220758764393,,0.2836127172428555,0.9679144385026738,True,5
-0.48529418441613636,-0.8740687104174879,-0.022213600360785443,0.85758470540400689,-0.47088329083118236,-0.20692365614670832,0.17040548004392955,-0.1194688908674883,0.97810488010534513,-13.476642506793953,-15.264899215330811,-4.7395858617694673,0.3438600094826644,0.2733661240020489,0.9176470588235294,True,3
0.49010198716995806,-0.86782821357657391,-0.081695984555857984,0.86040397773591559,0.49665757162535346,-0.11417640580882535,0.13966043558672164,-0.014333466702083308,0.99009570974932892,10.706373839728355,-7.7320062762019264,-4.1115941025667411,0.439407097976593,0.1825984531959985,0.2040816326530612,True,4
0.64996719781557843,0.74558855081579356,0.147106609831684,-0.74570375649604259,0.66303045789461057,-0.065700224137787588,-0.14652149777919107,-0.066994960978191131,0.98693623192791669,-10.401466787928571,-7.5583658759955794,-3.6586064984626785,,0.187037679253336,0.25,False,5
0.41227790516779766,-0.90575292064267765,-0.098176247930510427,0.89796114334468091,0.42219122888768351,-0.12417870708548634,0.1539243773856748,-0.036962318617322062,0.98739104363411434,5.1505959366620155,-0.27862905471032362,-2.9344594470255783,,0.1677614405235134,0.2061855670103093,False,4
0.31112148678094104,-0.9258179012948633,-0.21462673203773039,0.93785263326597379,0.33562475176883194,-0.088252276323012246,0.15373958091298418,-0.17383106638943757,0.97270082842496586,7.9152183621934125,10.33750086198927,-1.6497295696701688,,0.2062854022119353,0.2093023255813954,False,5
0.70813011316429042,-0.701053389968055,-0.084118293160447652,0.69832797207920549,0.71297303046900529,-0.063304827901095539,0.10435413859389192,-0.013914102132050686,0.99444286488474798,-1.6379479818594167,2.3722124602765096,-2.475863419502728,,0.2129029157875354,0.2185792349726776,False,5
0.72561627058833345,-0.68809937022072876,0.00053344101400218304,0.67998906390709568,0.71694466251606681,-0.15363991622126,0.10533708190485851,0.11184635707773567,0.98812675886457457,1.8270982575343593,-10.312521073203595,-4.30479494920215,,0.2884082837659146,0.9651162790697675,True,5
0.75760762241135204,-0.65268842935292626,-0.0053389749042073425,0.64522756910679235,0.75013234124049277,-0.14485459844131987,0.098549858085931266,0.10629809412151567,0.98943854819658972,10.435236395994194,-5.6390170555421744,-3.804725592563996,0.3623987854959127,0.2137130518728907,0.9815950920245399,True,5
0.86284334628334758,-0.5053739997146558,0.0099237184042078701,0.50057499103688585,0.8515943827943504,-0.15560104608109554,0.070185740168331401,0.13922689253704082,0.98777013230381805,-11.959041480850507,12.618015725670965,-1.1746877680869783,0.3089445754176555,0.2590625999422493,0.9625,True,5
0.39201611121272967,0.9093902173172016,0.13904244387028811,-0.90345986557648716,0.40905864174452361,-0.12818462819949339,-0.17344636012948114,-0.075368828184461722,0.98195514148862006,-4.1031128292628525,-4.9138559033158993,-3.4589240364197664,,0.1557817055171434,0.2368421052631579,False,3
-0.26133303978357952,-0.96349484780479833,-0.058161160331303335,0.94857717094280636,-0.24520224795803763,-0.200192927853279,0.1786236072965085,-0.1074873753048908,0.97802866576928571,15.028089908402638,0.99107291796179553,-2.9863030420880015,,0.1943681495707387,0.2105263157894737,False,1
0.77846268765848703,-0.626818546544473,-0.033081016178445263,0.61997388659772212,0.77606222335521213,-0.11558462448733911,0.098123513290336598,0.069468951257658174,0.99274661467603176,-19.802378608786331,4.6680592660578508,-1.8669853486558907,0.2248947741645529,0.2229917341253149,0.9178082191780822,True,5
-0.81833091939633695,-0.57403265995500974,-0.028653301117357654,0.55554241679027583,-0.77722345306072216,-0.29545951864711822,0.14733339576201077,-0.25770178369065183,0.95492547414753293,4.1738940973327177,-11.314774512225922,-4.4713492141917683,,0.2117031729746722,0.4304635761589404,False,4
0.99731820040386998,0.068222066066111239,0.026498242297521287,-0.06387173671644554,0.98809204206774859,-0.13998041881353501,-0.035732455723222679,0.13791253062741887,0.98979963907041801,-9.89558740672277,2.97690785189707,-2.2867624194729093,0.2945110838052331,0.2969295388658685,0.9823943661971831,True,5
0.9884849163443481,-0.15049065346507803,0.015815605564189456,0.15126825684368453,0.98002053460515848,-0.12914203894818177,0.003935051611003158,0.13004735665085412,0.99149997498585196,13.666921152562198,-6.478863946069648,-3.9481707545587308,,0.08792095057507489,0.4545454545454545,False,2
0.99670627962381531,-0.080117005368629354,-0.012564139812018291,0.078656883411307388,0.99276643950850196,-0.090707724465076772,0.019740487594609127,0.089420702504371549,0.99579829840844358,-2.020281692189462,8.2797925860482913,-1.8288546862912072,0.499114634427774,0.3648316744326053,0.5502958579881657,True,7
0.956804086443235,-0.29028484173583996,0.016144684076379007,0.28932519587780264,0.94524124725332004,-0.15102951870829925,0.028580958622811417,0.14917672455643924,0.98839740674225496,-3.0957666469003224,7.3218323251257482,-1.9088124130215758,0.4020054706975778,0.3258316779477365,0.9665551839464883,True,5
0.72799577572391816,0.68477527776080982,0.033241081446563243,-0.67138911310433436,0.72190132040162491,-0.1676160565320837,-0.1387761122567811,0.099706080907821334,0.98529177815350555,-10.627907756895812,-11.583041212067538,-4.2977765432403396,0.2655240601005743,0.245750438680873,0.937984496124031,True,5
0.35118271777797566,-0.92188819089188101,-0.16368525354524549,0.92090658291842431,0.37166424528460179,-0.11745958587761449,0.1691205613507358,-0.10948905091891158,0.97949496346703546,-7.6575785364360645,3.6692116733831028,-2.2406642539448192,0.4716409093330272,0.1874247456075746,0.2173913043478261,True,5
0.15179921403064578,-0.94557205955701773,-0.28783759102101009,0.97950826758571863,0.18291026009678329,-0.084305340771220746,0.13236522334398396,-0.26914181565937895,0.95396128365498678,5.124400570191427,-9.9771755052239772,-4.3056421940231075,,0.5124361700824092,0.4304932735426009,False,7
0.16266615262880094,-0.98666264121089098,-0.0060460919357050993,0.97116171088153369,0.1611871301707466,-0.17568050655941828,0.17431194481904749,0.022705539105472954,0.98442866901941317,5.2578310150360847,12.282939142705505,-1.3482900826370168,0.183128259534539,0.1465745280015448,0.7692307692307693,True,5
-0.74593563809770169,-0.64417008163646094,-0.16918903552018774,0.65647030155153707,-0.66826404419988983,-0.34995701223213616,0.1123688880278276,-0.37211298439329471,0.92136049397036035,15.792487031911771,-2.31720584956232,-3.4285761314033651,,0.377308872761454,0.3055555555555556,False,2
0.97005615767780118,-0.24256663589157626,0.012348202445116765,0.24215318747541867,0.96196744152308855,-0.12641390447660047,0.018785226825269938,0.12561874303529635,0.99190072419136588,-22.01701798841404,-3.1695480607482902,-2.894797059602658,0.2414068037364519,0.2943066703689202,0.6571428571428571,True,4
-0.51736872022613711,0.84307890853165657,0.14679087614916836,-0.84299586378087965,-0.47257780318491321,-0.25695951740546824,-0.14726703969286062,-0.25668691810451316,0.95520900597414216,1.1456279820868112,12.765329322417706,-1.2528043196922012,,0.3876513156900583,0.2222222222222222,False,4
0.21409095447140278,-0.97498198364064503,-0.059792932606421552,0.96166983294303721,0.22111341385327621,-0.16217271848698972,0.17133649821574595,-0.022781347420689952,0.98494914314844839,-7.172154286818234,-18.17226144401868,-5.2710349118014435,,0.1689212970717957,0.2631578947368421,False,3
0.21375272381901048,0.97578621587552872,0.046379240693102806,-0.96005222329994921,0.21860824618641034,-0.17467158680256312,-0.18058101117442371,-0.0071899656895402153,0.98353383408838779,9.8052542685521633,-9.0154706629698271,-4.3047929338839417,,0.2717807957708296,0.6417910447761194,True,5
0.70557487035038724,-0.70218665842250283,-0.095383431808009664,0.69923992024381576,0.7117300712158604,-0.067110652392065179,0.11501146146126628,-0.019344313389352896,0.99317579575422499,-6.1762132911706518,-2.9831560798575754,-3.1232017172170119,,0.2025446656767839,0.3490566037735849,False,5
0.98569772420460788,-0.16740779020084803,0.019355316528699644,0.16840918089061263,0.97429347088218488,-0.14963482344728027,0.0061922766096331409,0.15075431793621924,0.98855186577841003,-8.9321673827491228,-2.0148213973938343,-2.9245653039303847,0.2942608785676075,0.2483260908968065,0.9255952380952381,True,5
0.68787623392104991,-0.71139147352408894,-0.14404325115679456,0.71865728566728537,0.6953607479622097,-0.0022662636138158776,0.1017742234749235,-0.101958823015289,0.98956879793444075,-5.6080034053025534,6.215420518397937,-1.9851277176680782,,0.2720016526257484,0.297029702970297,False,7
0.62530797830573881,-0.78034086974664252,-0.0076196633943654626,0.77128850106093638,0.6194810738516493,-0.14614118950789295,0.11876018018832771,0.08550629300034733,0.9892343976323178,-2.5992206683384009,-18.976453496473503,-5.4613280016372228,,0.3345346995502648,0.9912280701754386,True,5
0.9996142186457081,0.011854374195576696,0.02511747785432927,-0.0080322432860732394,0.98908289350950229,-0.14714113236843407,-0.026587533716477121,0.14688261837025832,0.98879654098887948,3.1414617878567714,6.1497747287724644,-2.1637634488761543,0.3327125630791964,0.2698181925584596,0.9304635761589404,True,5
0.97989660920727428,-0.19893278012226445,0.015112387531937371,0.19894571610615683,0.96866450319893194,-0.1486932489569632,0.014941128039646855,0.1487105552245562,0.98876788654249348,-21.275418168691264,8.0698913988659662,-1.4153533691513207,,0.2629046625509873,0.9148936170212766,False,3
-0.98642057181788967,-0.16249329575728907,0.023882720288983444,0.13220521960535683,-0.87186488970381459,-0.47156483542653538,0.097448629562282965,-0.46200383433007364,0.88150792489956842,18.624740107149862,2.9306999513749217,-2.7274836450133964,,0.3796298550059218,0.351063829787234,False,3
0.93460548579071168,-0.35527703411382233,0.017053297663294407,0.35332626247180543,0.92182345868938875,-0.1593802473885553,0.040904011754495533,0.15498303146221562,0.98706996802717528,-4.0058198832976624,3.0695616831032781,-2.3585662660218647,0.3193333804061502,0.2778286380681005,1.0,True,5
-0.59870384591320469,0.78612220217047679,0.15351087304610242,-0.79036798059460422,-0.5487462459439606,-0.2723894506276211,-0.12989287947976322,-0.28441069040570444,0.94986230530714577,8.9873089642306514,10.194630940595957,-1.7107361516414055,,0.2975334689222765,0.3207547169811321,False,5
0.8202394518262407,-0.5688771363688,-0.059883598627856499,0.55865999363068664,0.81917361521211163,-0.12982141447727655,0.12290749848707243,0.073030075018127624,0.98972741447253887,19.519953013119704,-3.1807009670085664,-3.6300948534088886,,0.1515612397907594,0.2,False,2
0.8036391126956538,0.54578292381022642,0.23724497175473166,-0.57324198616899402,0.81701939305868532,0.062232922629789467,-0.15986807635913358,-0.18601158953995042,0.96945442735491794,-6.8917680083021358,3.2311925978271998,-2.2969628912292865,,0.6482015094426672,0.3615023474178404,False,5
-0.13352857783583563,0.99042120086199659,0.035156276597789707,-0.97549502368012875,-0.12509134226159138,-0.18100169851827275,-0.17487017377599146,-0.05846367226128163,0.98285422181994031,1.1644407630188662,-0.39830968822362267,-2.9252650917366938,,0.2562124295188294,0.7398543184183143,False,3
0.87923758316392031,0.46406870599508648,0.10761741712248662,-0.46203057349082077,0.88573771990649275,-0.044681547585018036,-0.11605611363393437,-0.010436841040028453,0.99318782253775806,4.8243663010399658,7.3950844589933311,-1.9771884610134298,,0.1949762251222427,0.3333333333333333,False,5
0.99791359667441748,0.017497501862812827,0.062147333015101704,-0.015018150550597489,0.99908118640473453,-0.040140230768508839,-0.06279258496326362,0.039123144054004966,0.99725948021212685,-7.1166572607114178,-16.869250804599879,-5.0803500359554992,,0.18799675946184,0.4166666666666667,False,4
0.9812281396164988,0.18806448787419636,0.042697616155484466,-0.18142651911525437,0.97526358048576023,-0.12627496481812181,-0.065389266599856652,0.11615806893501572,0.99107595411997629,-23.599911447678281,4.125912814778534,-1.8630281499670664,0.3089353656970431,0.2771866102166108,0.95,True,5
-0.77235770657138214,0.62130773139888384,0.13206163713875377,-0.62491139368104176,-0.7060102004827512,-0.33321966757969801,-0.11379509280902055,-0.33989159995251239,0.93355469959414161,-12.966267227575047,11.528687186723239,-1.2901322893604681,,0.3038941010276227,0.2,False,5
0.69826054593701625,-0.71580243297425628,-0.0076868027082979597,0.70636267980835521,0.69071455682285809,-0.15480686537412669,0.11612051740196477,0.10266585577074439,0.98791484830280862,16.50015591863707,-0.083443554310014156,-3.1577147180524543,,0.2555351777155513,0.9738562091503268,True,5
0.36545409821765756,-0.91104477905110481,-0.19089450662510765,0.91163681998836044,0.39174181517419909,-0.12432481122259907,0.18804683070296582,-0.12859144920152457,0.9737056170397822,3.8155717987308306,3.8698423320774511,-2.4540736875105775,,0.325732349670962,0.3043478260869565,False,6
0.85649581389841667,-0.51597868598653451,0.01345051605327019,0.51115423075141642,0.84429299970381655,-0.16090582039211754,0.071667797227330271,0.14469044978415796,0.98687810826962896,18.833622437974846,3.8806739228829303,-2.6024177371751991,0.2830250834188149,0.3090188536765419,0.9365079365079365,True,2
-0.21446300515772879,-0.97672117233620492,0.0046228702022647981,0.96005736928328511,-0.21167016397600269,-0.18299068109396077,0.17970939625844704,-0.034806510778345977,0.98310377870490506,-19.72659218309742,0.46350693444286151,-2.4213102140389817,0.2212082010048552,0.2213650492749629,0.9493670886075949,True,5
0.63821248322095014,-0.76986026389195039,-1.8470661838088272e-05,0.7601208153675183,0.63014230547708261,-0.15854658902999733,0.12207035801523666,0.10117237235650929,0.98735149706970515,-18.185199625964625,18.686562047061049,-0.22608141718657046,,0.2407137279215559,0.9736842105263158,False,1
-0.13045159283241287,0.9636431915310274,0.23318272093657127,-0.9760883613202348,-0.083579643493245481,-0.2006637836998042,-0.17387896026450739,-0.25378385017458943,0.95150400134098023,2.692377521489465,18.183797508435241,-0.79209077557347873,,0.1164845502258352,0.3076923076923077,False,1
-0.96571255107734755,-0.25150498674645233,-0.064377871457114752,0.25435708442251304,-0.86695873052290684,-0.42858491944326427,0.051978286772080461,-0.43026480359399316,0.9012050024786048,-1.6853804746488996,21.582814369362271,-0.57628382895829233,,0.3920594021498618,0.2363636363636364,False,2
-0.94627589598480366,-0.31721466953116956,-0.062743781463889134,0.31308865130203062,-0.85028582482216841,-0.42307152176950014,0.080854344991676153,-0.41998674924420631,0.90392129378350816,-11.465948113948619,-6.6133892255832523,-3.489146284577481,,0.2739916548573073,0.2564102564102564,False,2
0.32571010343727025,0.83472562071569911,0.44401133616122246,-0.92882271165764085,0.37023366565625959,-0.014676618264331531,-0.17663889387060458,-0.40762749040701396,0.89590096006012265,1.9462185049702097,8.9365214860882247,-1.7438720281006685,,0.1908478266799138,0.5806451612903226,False,1
-0.96949975502849783,0.23384988836474122,0.073378843759502252,-0.24425610334325343,-0.8971630692856597,-0.36801818309630502,-0.020228222345357875,-0.37471676880242977,0.92691863839228827,18.45637497485669,-0.4775716087694924,-3.1822447517451029,,0.2942398390243206,0.1621621621621622,False,1
0.9431757994303388,0.28979162188290641,0.16260451179292867,-0.32204845708505198,0.91775206039805302,0.2324133105574353,-0.081879195514364997,-0.27157314212124123,0.95892847794833858,4.1613388252311418,1.9230830353039061,-2.6694555904233246,,0.6318226511158789,0.2752808988764045,False,1
-0.99241335171177658,-0.12211901044034253,0.014236805585125484,0.11706342089553634,-0.97396251887028873,-0.19414728255650798,0.037575189053837721,-0.19100774624321798,0.98086907691223191,19.120581160787221,-0.39206951701818671,-3.213226149814183,,0.2061751446072587,0.6727272727272727,True,2
-0.006314361376996128,0.9721088598133143,0.23444507568481557,-0.98733061446395609,0.031112238438772095,-0.15559654996675382,-0.15855089587456839,-0.23245729347944147,0.95959638396858538,16.218906042936396,-4.6679398200826778,-3.7116381753369536,,0.241802113734095,0.1538461538461539,False,2
-0.033722022399406561,0.9872501607971591,0.1555633157633142,-0.98581157665106989,-0.0072481392160515107,-0.16769913481779122,-0.16443345324484585,-0.1590112715623877,0.9734870594774675,3.1220280030357821,14.322000504076859,-1.0853006206983946,,0.2553186287439283,0.3076923076923077,False,4
-0.010975300305286952,0.99376707577849288,0.11093485422477289,-0.98392049523881175,0.0090458719868774674,-0.17837777678009123,-0.17826946410482028,-0.11110882637603488,0.97768851219042119,-27.602880987639349,5.4308773472282246,-1.6371000798770308,,0.241652203340235,0.4090909090909091,False,1
0.45290085132401992,-0.86251888167265778,-0.22570333986923641,0.87914484814053939,0.4741479834823642,-0.047833312111522031,0.14827391833336215,-0.17676218067719626,0.97302105661918525,4.3827965521683687,1.4134669560078006,-2.7086171646545858,,0.579402874610701,0.2622549019607843,False,1
-0.22245997060121436,0.96961317905826538,0.1017931455287204,-0.96023265980306693,-0.19983792050456001,-0.19498216476370683,-0.16871514611212274,-0.14112082952185917,0.9755101798276774,-1.7314344026661446,-25.720117759349218,-6.4980915261990999,,0.08841852827452346,0.3888888888888889,False,1
-0.57110975108679818,-0.7996755434452415,-0.1853447529042388,0.80096415317467029,-0.49344065302014467,-0.33907631482637829,0.17969440042126883,-0.34210429281523363,0.92232021299255373,-6.4039789952827073,6.4052375639289547,-2.0001913244843075,,0.3737492789137591,0.2150537634408602,False,3
0.91492687073081835,0.40092125449200089,0.046593657414646134,-0.39217260628513562,0.91033327120413754,-0.13226481852064431,-0.09544353353809322,0.10273988045221417,0.99011870443418459,5.8867660765441849,20.358636153032094,-0.53529255652753194,0.314532184515798,0.2703043455949963,0.3947368421052632,True,2
0.88041857707395499,-0.47069928900393343,-0.057491812236735176,0.4699406600624253,0.88228746396520852,-0.02691852428966493,0.063394835461293417,-0.0033181713386788193,0.99798300815985974,10.10918836461483,-19.90732470080394,-5.9356961601048912,,0.235921308740343,0.2222222222222222,False,1
0.99571564874209662,-0.09123503841132001,0.015050402525905853,0.092378216689451578,0.98865733300090164,-0.11841850777991914,-0.0040757737159399874,0.11930149064295477,0.9928497078606543,-12.63510785792783,16.774239263801135,-0.68675130454456224,0.4058652326052171,0.3436021206137356,0.813953488372093,True,2
-0.71938725865138742,-0.69460456280935379,0.0025442905628715834,0.66958734182723767,-0.69444242816322355,-0.26344355302702066,0.18475595729170979,-0.18781431066666052,0.96467145752013994,-0.031781306788794601,-24.126258520177981,-6.3062704070503166,,0.2999321060697255,0.5151515151515151,False,2
0.99590230536520763,0.086485324034776129,0.026436469031729928,-0.081999711773433195,0.98684317083462059,-0.13934347292265606,-0.038139814332790546,0.13660470308035835,0.98989116051159287,12.702598342706739,-11.000590291663974,-4.66042827701233,0.2985221346774253,0.2407621801389364,0.375,True,3
0.67752623575729243,-0.73179033329513687,-0.073763866197120637,0.7264549601693483,0.68150043829933471,-0.088432705732471917,0.11498430634614755,0.0063293517525877087,0.9933471440541255,-1.3463611663551924,7.6675700481910543,-1.9137248938647253,,0.1811546984243476,0.2083333333333333,False,1
-0.77419097122767422,0.5881894045342988,0.2337981275868953,-0.6324703773410626,-0.7333004330330688,-0.24950289918068819,0.024689306503120734,-0.34103328181733478,0.93972694908536791,-5.7708314695029284,12.09478320760077,-1.4571115356156719,,0.1804309459267374,0.2857142857142857,False,2
-0.64312806486333529,0.72796807276103626,0.23758951413251414,-0.7582366386158419,-0.56200250185105716,-0.33050020843216066,-0.10706769842343067,-0.39270303405211299,0.91341164597380409,-12.830836949203695,-6.7745695401865431,-3.5212908454396974,,0.4339706844785226,0.3111111111111111,False,3
-0.025435177468804811,-0.99931342149949876,-0.026939512952069911,0.98330321659995334,-0.020152171588934984,-0.18085539583997765,0.18018833472596191,-0.031089798828787246,0.9831406758127087,-14.564505039882324,-8.3597963089524843,-3.7902256037417743,0.6579588151383836,0.2084072486686318,0.7777777777777778,True,2
-0.31874909601377188,-0.92516188092355545,-0.20609344452551487,0.93154922489363345,-0.26563726695513173,-0.24829998792726177,0.17497158452295486,-0.27113158519544767,0.94650547178499134,-4.7424265169184334,7.8459171643670347,-1.840279825487654,,0.2707569940445278,0.2385321100917431,False,2
0.98324689450935665,-0.18225143005084665,-0.0031560548362132602,0.182075609834738,0.98282107796257856,-0.030186106336940105,0.008603298263810389,0.029105754704150142,0.99953931303480359,5.3889481458722459,4.4037319787002271,-2.3164214706388915,,0.5207782461876946,0.2994350282485876,False,1
-0.61414245164455028,-0.78059934371300932,-0.11616244523442436,0.77369237013290637,-0.56648927686678774,-0.28370762343136047,0.15565720505697062,-0.26411089297824014,0.95184886968682647,-15.222955515021827,-11.408905637529491,-4.1951104472100829,,0.2300383051776412,0.282051282051282,False,1
-0.99882593650729645,0.038335320457191388,0.029616748061978102,-0.045523957084063718,-0.95180851164377922,-0.303295444235258,0.016562544844635315,-0.30428762769442119,0.95243620350151048,7.8122121668349696,6.8050361230880485,-2.1229279577396496,,0.1867711402496321,0.175,False,1
0.95206169244443839,-0.30544645212614641,0.016763014746241853,0.304274499335283,0.93990877524010907,-0.1548822884674122,0.031552540850077346,0.15255805160721481,0.98779070559289817,-7.3655501188853743,-22.935018977619439,-5.9846679061250985,,0.303960648678867,0.9591836734693877,True,1
0.92799975894753939,0.36816821124459703,0.057171807932433483,-0.36186190868357093,0.92716969317150466,-0.097017107296301364,-0.088726582472178933,0.069343552643434378,0.9936393034042057,2.3528397999773363,-29.643048838940739,-7.1860036226971165,,0.300997478388164,1.0,False,1
-0.75524581163471405,0.64679765090904617,0.10609694994089955,-0.6479512652815026,-0.71236649536289676,-0.26961664285515552,-0.098807498846606598,-0.27237249322008278,0.95710516825934755,-1.0403818577837256,6.2503344946052701,-2.0606993117386376,,0.2161272387639476,0.6274509803921569,False,1
0.92906785056181918,-0.36710688061710905,-0.045447411983721507,0.36733479650835282,0.93008207333779469,-0.0035332888132318108,0.043566917800201506,-0.013411750789748031,0.99896048401032622,-3.4929063891706358,14.004433564760861,-1.1907220515448842,,0.1673764878132144,0.4,False,1
0.92121874435324058,-0.37973872796566677,-0.084584416621840186,0.38617357248592682,0.9189122918073187,0.080437378617647909,0.047180472292001868,-0.10676468727270982,0.993164288819259,-6.1479058996236535,1.1518526923476671,-2.534672157568703,,0.6294380137197344,0.43,False,1
-0.30656668389601244,-0.95160043606117628,-0.021759559121986589,0.93518724380509166,-0.29686298036419184,-0.19312480398314258,0.17731804011222374,-0.079554892856883955,0.98093288846551119,-21.081328839778866,-10.523216880052775,-3.9505422415173337,,0.2316564888438687,0.8666666666666667,False,1
-0.97713922555479105,-0.21166875070814001,0.019881495311910163,0.20359280041507793,-0.95857076096503435,-0.19922868227757876,0.061228306373184577,-0.19062643100202389,0.9797513247258719,10.065776370188674,8.2426906319695874,-1.9237255699126206,,0.2763711586884766,0.74,True,1
-0.13591692073781492,-0.99060894418964196,-0.014849590857431198,0.9742023271279624,-0.13091021078090359,-0.18382693636070346,0.1801566442727365,-0.039451697109020641,0.98284645144580163,13.459804680558275,12.574321440797908,-1.3842613741183407,,0.1741981706779697,0.4705882352941176,False,1
0.40289368170675877,0.90002799241830145,0.1662115943737256,-0.89872928973361199,0.42338993146024273,-0.11413426178413587,-0.17309634604950999,-0.103395255217896,0.97946264665005744,-30.514698342879591,2.1223757121970555,-2.0776727786802827,,0.2087472034503562,0.1666666666666667,False,1
