axis_00,axis_01,axis_02,axis_10,axis_11,axis_12,axis_20,axis_21,axis_22,location_x,location_y,location_z,dbh,dbh_approximation,score,reconstructed,number_clusters
-0.86779981182572452,-0.49520920444216471,-0.041125787907296672,0.49501540712784065,-0.85429067339550679,-0.1585786620435112,0.043396236026824804,-0.1579724317253178,0.98648947156748423,17.111089546941372,1.5323250150854661,-1.3708478806026712,0.144037188848526,0.1642530129505953,0.5606060606060606,True,5
-0.98533608484067026,-0.17018870953475759,-0.012190285384449351,0.17033590833782181,-0.97699915056243325,-0.12829005468473959,0.0099236203872186592,-0.12848526354091422,0.99166176633529279,-9.3498976208835494,1.7819218188511379,-2.0217385666388101,0.2270206679108697,0.2216355338414593,0.9862385321100917,True,5
-0.051257023482421386,0.99850977785532402,0.018733421231425806,-0.99338740836230599,-0.049046511351930756,-0.1038070162918943,-0.10273351182035574,-0.023930383438559202,0.9944210186322191,-26.360684965263609,1.9610432048348683,-2.6300443087210401,,0.3170695656890157,0.7450980392156863,True,4
-0.92065928385435158,-0.39000685407278951,-0.016767135385631189,0.38905277557346973,-0.91319100653804097,-0.12132651563702285,0.032006575439644219,-0.11822368355912111,0.99247102717124236,19.347877052213878,0.77225905998813538,-1.3671379880817207,0.2307831878890677,0.2119290860850245,0.90625,True,5
-0.10482404618893003,-0.93549813023014727,-0.33742431399719669,0.98760380084049859,-0.058061773303026289,-0.14583402568093609,0.11683600432221665,-0.34852844764352542,0.92998777910100117,-6.4109887463931843,6.7934203776219295,-1.2774434781648167,,0.6343813125345442,0.3824884792626728,False,3
-0.99415343118829003,0.10752284569513007,-0.0098890297891351085,-0.10552973495554026,-0.98692789337475573,-0.12180643792131685,-0.022856734166598516,-0.12005070150768578,0.99250460894181702,7.3280365517789816,12.073017756682663,-0.29122023874336639,,0.1245713595247338,0.4,False,5
-0.61130928818807462,-0.78972054178836781,-0.051404475023840608,0.78775418571452083,-0.60099376073880095,-0.13509197771253964,0.075791141067027182,-0.12307707109985982,0.98949873042123615,22.594879091586755,6.185045405635563,-0.71609088012494271,,0.1917576274673695,0.7435897435897436,False,1
-0.91725966343829757,-0.39597937578213277,-0.042837411035845367,0.39709527647894466,-0.90088070046689539,-0.17529776075120596,0.030822901018107477,-0.17780409860705956,0.98358306781448779,-13.141339398085643,-27.105322147454956,-6.3176936700199926,0.218169688590712,0.2500896212659603,0.5714285714285714,True,4
-0.99305534004436224,-0.11705739982325487,-0.011775260336600269,0.11760402369970127,-0.98495634700813928,-0.12661077402030896,0.003222610590219447,-0.12711632324371352,0.99188258133006002,-14.796376093181401,-18.398412120970242,-5.2429648499940882,0.2719814380551508,0.2683418270927816,0.987012987012987,True,3
-0.9318782079050586,-0.36196896006454116,-0.024113846260025357,0.36178520062447206,-0.92239206393431505,-0.13529356599670955,0.02672965096607275,-0.13480115852910934,0.99051207636173866,17.750872078214574,3.0302308110426028,-1.1130026842530161,0.1103898037824867,0.1470223570858916,0.6111111111111112,True,4
-0.83015280253963686,-0.55691210196234098,-0.026367311646696173,0.55528780414783485,-0.8216375504785588,-0.1287135976044097,0.050017786838910505,-0.12149340036183538,0.99133121340360109,-4.5619791945422117,-13.012286435375177,-4.2065703727006127,0.2821380614001693,0.2342386128563684,0.9649122807017544,True,5
-0.98752007942088194,-0.15504963321985404,-0.027635194570784189,0.15746235314482324,-0.96853853468954854,-0.19271407360003079,0.003114495572540843,-0.19466052003375467,0.98086573079984685,18.800740902104387,5.3761810213669259,-0.82541167113499991,0.1742804534048715,0.17689397924466,0.1818181818181818,True,4
0.2191579869353221,0.92726693565875384,0.30355527799147647,-0.97079022752517707,0.23837426116046734,-0.027277202162558009,-0.097653012775197917,-0.28871048067263955,0.95242330265785757,-8.5978411005638371,4.6094493540769985,-1.5911214991085219,,0.4233629204104949,0.2531645569620253,False,1
0.99918246334036909,-0.038581719320303638,-0.012077081077914675,0.038527670176153411,0.99924659043584962,-0.0046765514140064135,0.012248411483565714,0.0042074263653242442,0.99991613347295794,11.672740865344927,-2.3515173839525607,-2.0940910442213507,0.12877094871321,0.1318950898698973,0.6617647058823529,True,5
0.99253701750649881,-0.12034599015114843,-0.019675150160663995,0.12056038117998538,0.99265465920833895,0.010095644690337274,0.018315659121133983,-0.012392344673895791,0.99975545331067939,11.648551596546474,-2.7052793825785324,-2.1146296415462928,,0.1638911340240921,0.5487804878048781,False,3
-0.90394124998558101,-0.42682816598282547,-0.026607015959040581,0.42625742138723338,-0.8942094854718895,-0.13672602826238625,0.03456627383467422,-0.13493373490657479,0.99025151345370344,10.592603715008799,11.754055465337251,-0.26627396399270392,0.119862056729221,0.1657325986682281,0.4878048780487805,True,5
-0.25638869466689851,-0.96302743677739899,-0.082722386697662381,0.96302105988406006,-0.24717805985326188,-0.10720748549872769,0.082796590912830398,-0.10715018777926107,0.99078936297887421,-7.6507742068459574,10.968177692468517,-0.78430612099633601,,0.2306879891518707,0.2692307692307692,False,5
0.25192246977431904,-0.95254489544335352,-0.17086044418653323,0.96384011638864775,0.2628132243707636,-0.044061765009607901,0.086875193598210179,-0.15358200174712797,0.98430953946236843,-6.7160941760187356,6.6676007671676789,-1.2855490747257377,,0.3807829038613352,0.4367816091954023,False,4
-0.89114582315079971,0.45358786304883275,0.010824618962234975,-0.45067036813075895,-0.8821498378421706,-0.1367767629530649,-0.052491343760378568,-0.12676637602229643,0.99054275260606706,13.636293743783035,-2.0630882201942566,-2.003743914901805,0.2385729752104341,0.1946616648391147,0.958904109589041,True,5
-0.99989748920337806,-0.010468235512612056,-0.0097686810795199388,0.011687680753963417,-0.99084141568966011,-0.13452392750995501,-0.0082709856349965655,-0.13462431058082597,0.99086219314154012,-9.5033477270784896,-18.539875304845275,-5.0955926753937417,0.2576947767129891,0.2774803112361094,1.0,True,5
-0.049821760917581615,-0.99725143414670625,-0.054839486060783392,0.99374986387642628,-0.044005328510533168,-0.10259015112702866,0.099894945741303032,-0.059607953789905979,0.99321089989001043,10.133091398496628,-22.043115654932549,-5.0574035317724917,,0.179852722338689,0.3461538461538461,False,5
-0.92029593979746105,0.39122263632743709,-0.00048168176087225699,-0.38838923276004284,-0.913777293843412,-0.11901622213915655,-0.047001990046956273,-0.10934306599515875,0.9928921929647776,-4.4512959773166356,2.6692987603326199,-1.7594984033014871,,0.2345917940864481,0.910025706940874,False,5
-0.51071993965415174,0.80910400967899254,0.29071608961500139,-0.85153265635781039,-0.42941251727642088,-0.3008272347420361,-0.11856339399608962,-0.40119271120959499,0.90828802154185861,9.4803865017618705,-10.230177699103436,-3.3371623094469682,,0.4778609553220426,0.1650485436893204,False,4
-0.99915219342833661,0.04015889578159549,-0.0090640750741090518,-0.038441974711180139,-0.98887230554142302,-0.14371422307307685,-0.014734617322859397,-0.14324394026553466,0.98957772035831282,18.787748436809849,-1.6900985115007123,-1.74069816734438,0.233202576761558,0.1914746605123311,0.8958333333333334,True,5
0.93555419132290996,-0.35083564244081761,-0.04065350035700141,0.35297581410328599,0.93273391168262898,0.073590248371277422,0.012100816346860652,-0.083197367688903179,0.9964596169706923,7.9366197720914036,-11.946215888723597,-3.7153847443505348,,0.3619772767341618,0.2560975609756098,False,5
-0.99932116349465216,0.03628482614044027,-0.0063736632835835576,-0.035087177760027628,-0.99014810801411257,-0.13555668243546395,-0.011229521295704958,-0.13524102775426927,0.99074909147747281,-14.630897257382076,7.8944981498763385,-1.4431072162916461,,0.3041925810924835,1.0,False,4
-0.2128503099148851,0.96590861719427945,0.14736108305442214,-0.97185135114574617,-0.19369985937466466,-0.13410934253221266,-0.10099354853318362,-0.17175828279320371,0.97994866980194684,-19.352523766763017,3.105002900250323,-2.2525406337167015,,0.1935316447247815,0.2857142857142857,False,2
-0.95548643451528614,-0.29440679113629326,-0.019243564900962434,0.29411438106732346,-0.94532785200731428,-0.14089706550749476,0.023289575063791496,-0.14028504393579824,0.98983720991953006,-4.7792309064434884,-17.173781646397828,-4.7407374825127961,0.2584658675537697,0.2580923726114738,0.9912280701754386,True,5
-0.76750480246849528,-0.6385689419422319,-0.056267971125459768,0.63906821035767292,-0.75530215118432364,-0.14529446970402918,0.050281216155122363,-0.1474732748775604,0.98778713926576833,19.111886752626781,-7.3098302669713862,-2.7580769618986123,0.3921337291349059,0.2394572118310408,0.8666666666666667,True,5
0.23263823672100314,-0.90765727405087127,-0.34933898104546945,0.96243409332856877,0.26655729718428151,-0.051650975950401246,0.14000023862179942,-0.32419975351680175,0.93557172520629683,-8.1131184989340053,3.6940470717553926,-1.7290164115746336,,0.49663787291322,0.2209302325581395,False,4
-0.25963009263348291,-0.96550696642106004,-0.019710727828553133,0.96071368586615546,-0.25616038014159581,-0.10682262604513669,0.098088882084541529,-0.046670734278724625,0.99408269966501761,-12.193912045856813,-5.298175566005396,-3.3024367146188531,0.2636476869230425,0.2363485101501678,1.0,True,5
-0.9997669628185929,0.020694186638222475,-0.0061457868387767966,-0.019421335563034672,-0.98652299363540275,-0.16246598029615267,-0.0094250613490455201,-0.16230876029353522,0.9866950058404782,7.9426687642810663,6.5871076322519642,-0.87289493214555258,0.2353755426767236,0.225027300642183,0.9130434782608695,True,5
-0.69956314585079948,-0.7137916619358684,-0.033359681026159403,0.71163213579110396,-0.69169702855955018,-0.12302407890849347,0.064738769502734009,-0.10980293271457826,0.99184283416807151,-21.565312131178441,-1.4533769246378041,-3.0092764675327874,0.3545681220958428,0.3083419170738516,0.9824561403508771,True,5
-0.82035215159306962,-0.5714802250124148,-0.020801437363320307,0.56952031541936798,-0.81317085572984771,-0.11999904048037034,0.051661956033853942,-0.11028831221551014,0.9925560591157605,11.817550338848447,-4.4629242330524317,-2.3991946440813994,0.2992376966654549,0.2400455989954361,0.9727891156462585,True,5
-0.94500677602589234,-0.32645228326588777,-0.019776248775718194,0.32611333889375926,-0.93599885455327392,-0.13249994139819382,0.024744362200603859,-0.13166264096336974,0.99098570399064678,7.0918422029273831,4.6607163757694163,-1.1440178497287596,0.2568784130913406,0.2383366332120163,1.0,True,5
-0.61573595926251024,0.7663246033548109,0.18334620466257059,-0.78367094490521838,-0.5713568759362273,-0.24374406748012931,-0.082030961121027826,-0.29376508065712553,0.95235130010100477,15.449558771650844,3.0380555425065205,-1.243888423086398,,0.3061685405529516,0.2528735632183908,False,2
-0.5660383405891658,-0.80642542954358165,-0.17110997507017098,0.82159774334136793,-0.53480780878719936,-0.19737719168284673,0.067659035756035046,-0.25230662743115834,0.96527903770613344,6.301399279013018,9.626461003323687,-0.56881770694193035,,0.1797083734495503,0.71875,False,5
-0.60793074115574763,-0.79286408324886648,-0.042270077498867097,0.79060755867427279,-0.59957356157737152,-0.12430298638622513,0.073211352432063351,-0.10898664941800215,0.99134353688502341,15.733827079375581,2.8747023442487802,-1.2891210880008896,0.3432311549646457,0.2593200435822321,0.9642857142857143,True,6
-0.50470920588141344,-0.86259171946230528,-0.0347007638765649,0.8593270537488259,-0.49813986085456741,-0.11581750179983787,0.082617384332331553,-0.088273464545447516,0.99266417446346245,-10.302171162114318,-1.8558573946144259,-2.6519557656241219,0.269192950692883,0.2426962596195595,0.9952153110047847,True,5
-0.96100157681093012,-0.27567691280199186,-0.021867992931882824,0.27578272710642593,-0.949499782840033,-0.14964641598271763,0.020490407430028133,-0.14984125645059473,0.9884977193037211,-4.0209260319315998,-6.0126040775628811,-2.9807194212770001,0.2872356597216906,0.2702774012992603,0.9969325153374233,True,5
-0.97545741793112728,-0.21974373958868373,-0.013982657641513407,0.21967591287553484,-0.96689472555448597,-0.12983482967684964,0.01501063307923731,-0.12972000079593296,0.99143703899343216,-11.317446256186743,-10.548047420801442,-3.9577928298598639,0.283666390452719,0.2614849642593754,0.9739130434782609,True,5
-0.031159292178098742,-0.9981875344477561,-0.05148538223680206,0.99206686164942159,-0.024609639765536054,-0.12327898299255306,0.12178850737252479,-0.054918227426968919,0.99103559359301119,4.5102047213179386,16.05802216154823,0.12820383648334374,,0.2055873992067254,0.2173913043478261,False,4
-0.92177041973955243,0.38772747661860935,0.0025878887409433605,-0.38297658455213096,-0.9093926871955037,-0.16227715846700674,-0.060565906068961242,-0.15057338526548203,0.98674182371668984,9.4382055740223709,3.7784594750399054,-1.2465984076454262,,0.2018235348630862,0.5346534653465347,False,5
-0.30379295977693271,0.95260237792042235,0.016079402051369155,-0.94690326531884816,-0.30002448097485457,-0.11558337659141912,-0.10528078513420938,-0.050339054382535046,0.99316762728423569,5.5645248368880198,15.570014271027876,0.090655157796405123,,0.1418444099850216,0.4,False,5
-0.80079382072130334,0.58843099166095925,0.1117059745379677,-0.59682652725280838,-0.76831199949509787,-0.23128935945952472,-0.050272786494581778,-0.25188417871066154,0.96645072686264033,10.058875379312283,-13.229314418302119,-3.8073688595844857,,0.2247678580593268,0.9571428571428572,False,4
0.99450945270389501,0.1046466759125024,0.00014731960130134024,-0.1045857459427893,0.99397650882137556,-0.032749376434706864,-0.0035735456050817686,0.032554156904080041,0.99946358444921568,7.0024125244131943,1.3556045128741816,-1.6279241393397985,,0.8022914423446524,0.5601173020527859,False,5
-0.98286977186646729,0.18382943853586653,-0.01318139138133826,-0.18033233407014501,-0.97400314451560899,-0.13710624990320749,-0.038042881593979228,-0.13238055748974351,0.99046864016925462,7.4739574716411488,1.588363266474063,-1.5502903745045735,,0.1689036337367178,0.9043478260869565,False,4
0.40460642032743555,0.88815803291177087,0.2178737092999383,-0.90899014003543865,0.41668413313701513,-0.010547914969772504,-0.10015273310386451,-0.19377729940875335,0.97591997022587773,8.3103958022034217,-3.8148765306366155,-2.4738133919881875,,0.5291492137418674,0.3210332103321033,False,5
-0.99311186516199568,-0.11550963606851912,-0.019655717991992318,0.11716779087978331,-0.98006375546008573,-0.16045791976036883,-0.00072942087566450937,-0.16165568102851147,0.98684695304611147,20.782037950881037,8.7913843271889451,-0.44513929712680556,0.3667891066318983,0.3144914664300932,0.9811320754716981,True,5
-0.98113352828517442,0.18928268246615115,0.039358173142391858,-0.19326709006074522,-0.96551529016666748,-0.17443639629914204,0.0049831289507762007,-0.17875203655566488,0.98388153649362975,5.1993588567518065,7.3786655141641919,-0.89636464416297468,,0.2153763487087537,0.8977272727272727,False,6
-0.72721853577020301,-0.68596304820771237,-0.024655582041933223,0.68334577773865768,-0.72012109700417926,-0.12026701000792912,0.064743719996553012,-0.10430868680547067,0.99243536241809049,10.121073863476441,-17.664235204548419,-4.4788132659962967,0.1593376346812825,0.2047091638101347,0.8709677419354839,True,5
-0.30556622057098842,-0.95157764614753615,-0.033604585970924916,0.94756651555654237,-0.3004326318323014,-0.10889413357178911,0.09352530909863864,-0.065116949273073543,0.99348517828670835,13.318887142098085,3.4694169481504398,-1.2408097696462739,0.2988155602072859,0.2678096353903628,0.9765625,True,5
-0.51601875695277499,-0.7969044413832459,-0.31411455518102221,0.85192723310001961,-0.43930600053985153,-0.28500917071600784,0.089132665030612943,-0.41467282186482696,0.90559473211321384,7.8606798618828027,-12.815831263774148,-3.85032336272279,,0.2915344540782512,0.2105263157894737,False,5
-0.99738597860513289,-0.071524494954793988,-0.010269191951862155,0.072253202037252301,-0.98882465778355422,-0.13040425972567743,-0.00082733140068086582,-0.13080536220162986,0.99140772275691647,-8.1949677464972499,-3.7679717599285603,-2.9052679602909084,0.2923889785585073,0.2550293691401951,0.9839142091152815,True,5
-0.99873286075651602,0.049904292194437705,-0.0064988049424061934,-0.048287729452837831,-0.98664167823578286,-0.1555843628144194,-0.014176319317678845,-0.155073403227799,0.98780123080605275,14.714902547462168,6.3669021081399899,-0.84190511430090642,0.2063740715464813,0.1456356068977834,0.2962962962962963,True,5
-0.49118929874529071,0.87084668554173195,0.018950542976152923,-0.86627867070417919,-0.48610680515559801,-0.11515831999651319,-0.091073253379416033,-0.072980985622277242,0.99316636987792284,10.027038674597243,-9.3984656860876594,-3.2180999474109369,0.2937861937778479,0.2268132066909151,0.9705882352941176,True,5
0.16671997119557766,0.98597861372819706,0.0071150878539077474,-0.98133125813190469,0.16662722081143713,-0.096043381333175332,-0.095882287299578636,0.0090300916539985433,0.99535171895512475,4.9292811524369,12.874573790282332,-0.26664676412358718,,0.1916047980796018,0.9263157894736842,False,5
-0.29127757061136911,-0.95578212570196019,-0.040471039613321012,0.95175146030482005,-0.28525930151609002,-0.113120682044427,0.096573985453551947,-0.071467888503834245,0.9927566702099877,10.578954649998673,4.6539169780314094,-1.145933859204967,0.08562557203056974,0.1011267334596561,0.4150943396226415,True,5
-0.9435999932102539,0.33106110924090004,0.0041946110420737863,-0.32843531217323507,-0.9343651823572745,-0.13817362887370066,-0.041824616331522665,-0.13175829365410882,0.99039913849017414,-15.517879526522336,-12.308456506750847,-4.4804277413782296,0.2897980001194068,0.2485253853459279,0.9080459770114943,True,5
-0.7527662233664798,-0.65682168962773524,-0.043912196405252249,0.65565197398298714,-0.74211832872527439,-0.13921521174863605,0.058851524795700327,-0.13358762743821784,0.98928804896483424,20.229249469206639,-9.212514041478066,-2.9349801147086376,0.216317971992777,0.2249214261477181,0.873015873015873,True,5
-0.52006828097841273,-0.8297972981838414,-0.20239917748586503,0.8514285637319281,-0.48484721553347893,-0.19998144526634734,0.067811385338626781,-0.27633244745456159,0.95866677970096936,-9.794422133328311,2.7486366190137073,-1.9078701263631384,,0.3973754463025817,0.4504504504504505,False,8
-0.96125635409749521,0.27565534893295018,-0.00059187147807254759,-0.27332713300380357,-0.95341159256461516,-0.12766602338652114,-0.035756119351996359,-0.12255800164844441,0.99181703764395368,-8.8719841982448457,-13.935426054244054,-4.4196783879336285,0.2279355372236095,0.2263730717539845,0.9829059829059829,True,5
-0.29481684081333298,0.93046539992087685,0.21752510182259263,-0.94786103846615011,-0.25593773586791801,-0.18988240338871792,-0.12100612435210793,-0.26216409919912237,0.9574066549593202,7.6819548472345733,-9.9416722336785242,-3.463470863274746,,0.5141341259636248,0.271356783919598,False,6
-0.91986500812297312,-0.37474563227416541,-0.11581916042849026,0.39166521552720435,-0.86166067928885359,-0.32270610888779516,0.021135888364414823,-0.34220839390480884,0.93938633658582649,-3.5850221863741947,0.54829512489310406,-1.9842814288601818,,0.3821569513564028,0.3333333333333333,False,5
0.90918756773700149,-0.41630888734250843,-0.0080546255108085545,0.41513165920793665,0.90777817571822983,-0.060037398452545979,0.032305915801013538,0.051241526219726968,0.99816363077149428,-22.814113787543373,-9.3654706514995976,-4.3302731566156565,0.2211358862771546,0.263177343452333,0.7096774193548387,True,4
0.63904228979500666,0.76915610851436034,0.0048818632304968145,-0.7657611359996499,0.63679301899006635,-0.090025182910357909,-0.07235215578046901,0.053791557893069254,0.99592752439791321,4.1886871184039141,13.933024592808442,-0.15084362780900762,,0.1625573580791841,0.9523809523809523,False,5
-0.10753351548265011,0.99394405489428694,0.022622086292993268,-0.98878146901711783,-0.10454689727636127,-0.10668248590203597,-0.10367135369182157,-0.033840242466492046,0.99403575811613365,7.4601033800883911,16.276385687886588,0.1662462314964126,,0.2590888097799119,0.7361111111111112,False,5
0.66071566338712806,-0.72555340622611075,-0.19242418472893733,0.74926421358210016,0.65296257316599859,0.11064816442054128,0.045364638211985782,-0.21728353080278992,0.97505380202415959,-5.1359679546694226,7.98296092050452,-1.085887517659609,,0.4778439666506518,0.2702702702702703,False,8
-0.71438951422970887,-0.69912825974058768,-0.029449930233184433,0.6966623906576348,-0.70666073512910577,-0.12366130708504855,0.065644005071533396,-0.10885899989844942,0.99188738410127952,-5.4235232500215824,-27.38992795567486,-6.2060881284836649,,0.2246209864394565,0.7073170731707317,False,1
-0.99770102510395586,-0.067101229770077042,-0.009491547284801484,0.067761849728719001,-0.98982276053531748,-0.12513686286457085,-0.00099811214741151941,-0.1254923411590812,0.99209408630560547,6.4116138726121727,5.5970937409430181,-1.0773024905014499,0.2324987800965527,0.2112980158169198,0.9622641509433962,True,5
-0.88197866173748474,-0.47103067933379417,-0.015612154435021853,0.46936298437682833,-0.8748995123396881,-0.11937014787900795,0.042567935545852004,-0.11260969067590672,0.9927270664332889,13.820408790418687,-9.3500601482495291,-3.1489657941358606,0.187238767922395,0.2186743672358536,0.9782608695652174,True,5
-0.99672298065399112,0.080745901816167559,-0.0048372694900876492,-0.079237065165224052,-0.98662987970792082,-0.14241828524293385,-0.016272287492172841,-0.14156828672915933,0.98979474278879886,15.048898725850087,-11.494857570209353,-3.421895028175709,0.2795936625970641,0.2714331561942109,0.9875,True,5
-0.64718824398977359,-0.73168178446880427,-0.2139839786478894,0.75945226742813776,-0.59445622656721331,-0.26429916419415894,0.066178775598332226,-0.33356192974021631,0.94040247165152058,7.1527267960765437,-13.736430313129084,-4.0018333524383243,,0.2321425407411571,0.3846153846153846,False,3
0.091837760119678272,0.98215452780367218,0.16412894117414775,-0.98725635726509176,0.11131919282183891,-0.11372300712325786,-0.12996426761176613,-0.15159327433709144,0.97986160671795752,-8.4278053637713253,5.3103906471983784,-1.4739383013439871,,0.5035192521352206,0.1900826446280992,False,3
0.21150280984984871,-0.96091433109050117,-0.17863429046662654,0.97246133764462261,0.22520261763931698,-0.060022727319181873,0.097905608685365519,-0.16101996557351533,0.98208302219041199,-11.461681425000194,1.9875778204787715,-2.1656382633097628,,0.4979781587557761,0.4422110552763819,False,6
-0.97560197631750911,0.21952758394792946,-0.0029023596187745752,-0.21767713212146916,-0.96893090855607045,-0.11742895978455294,-0.028591081769397168,-0.11393214792451906,0.99307704419776144,11.593951152854824,-11.438591532054501,-3.4868861934572339,,0.2316950802244896,0.9905660377358491,True,5
-0.93365184503236187,-0.35728880949196873,-0.025277240345432665,0.35705056477916863,-0.92277812328576714,-0.14489799645294077,0.028445148242641053,-0.1443095346711761,0.98912366857963963,17.901642373235664,-8.9131841200266066,-3.0480615053294171,0.2342031890805336,0.2216260724917398,0.8870967741935484,True,5
-0.30358488386890614,-0.95197519886238524,-0.0397421569271946,0.94814453366237494,-0.29771706230634498,-0.11129462744372827,0.094117806882976107,-0.07146867539420923,0.99299248076958602,-13.695699863812667,1.6390084308029818,-2.2839901095620947,0.2671184590092864,0.2321481261965336,0.9821428571428571,True,5
-0.52322219400343528,-0.84993143131092197,-0.062089433658225703,0.84822348606978382,-0.51237200028450991,-0.13413370569723929,0.082191565150295062,-0.12284744765039936,0.98901620372162125,-14.661302753642222,-8.7554971833658914,-3.9318263409380609,0.2634116574985508,0.2553438458808396,0.9661016949152542,True,5
-0.99441665680574831,-0.10523893687745066,-0.0077639443702186371,0.10392643099044425,-0.9639411027998066,-0.24498336122006853,0.018297803389159567,-0.24442241406630058,0.96949619591473113,5.3583615178805566,-0.093116105019575707,-1.899278846969062,,0.5942388039106563,0.3154952076677316,False,5
-0.98997217639075707,-0.14029448693806129,-0.016508994728181597,0.14110968306958063,-0.97669059308438055,-0.16175148445836474,0.0065686616712614682,-0.16245904811757406,0.98669342268436211,15.90097189968902,11.901554610062753,-0.13781068603165184,,0.2874986773382245,0.1923076923076923,False,1
-0.65804716154660869,-0.75231146581463948,-0.031644771831710529,0.74959047889314945,-0.65052786722737033,-0.12217859024128679,0.071330548387009224,-0.10411989418184123,0.99200352847274242,9.6658083946011768,-1.0344088890260243,-1.8953192411237463,0.138487141905995,0.1092090180886779,0.7456140350877193,True,5
-0.7579691713796618,0.65188473768992139,0.023000521841312203,-0.64752704995724597,-0.74771265885704652,-0.14708670694047515,-0.078685798030498813,-0.12638064943601707,0.98885614557246637,-10.819610668793793,4.8380834284294156,-1.7057379557630439,0.1981081250528226,0.1809717776528559,0.9325842696629213,True,6
-0.73818095393077632,-0.67350314343271189,-0.038501883591675709,0.67166440955505236,-0.72844655702062933,-0.13502790267887435,0.06289515236418286,-0.1255353709161236,0.99009346551628108,20.270644689240534,-11.250915611626771,-3.2850435658217112,,0.1450248623889857,0.5909090909090909,False,1
-0.97863079443285383,-0.2047786354381016,-0.018640779378333784,0.20519983795189142,-0.96675586909778144,-0.15256512075016421,0.01322099437410674,-0.15313001023020842,0.98811760700569296,9.0969778398012,-28.508520426081006,-5.9063405030033316,,0.2601341712988617,0.8333333333333334,False,1
-0.93978468108366298,-0.34041118849020779,-0.030413417288473195,0.34063739764219242,-0.9257325891566387,-0.16427214219368311,0.027765383628424511,-0.1647403900809721,0.98594608744491508,23.883029258720036,-12.330596520690746,-3.3361765822708329,0.1916633039147488,0.2109325413254221,0.9183673469387755,True,2
-0.92112054514404551,-0.38649552782156804,-0.046455874628136828,0.38900474924691375,-0.90943091983446922,-0.14700580639001393,0.014568677938762388,-0.15348162438207399,0.98804410053405911,19.113803065893624,7.2834941163764721,-0.60951350538136906,0.199766473349002,0.154439305758731,0.1666666666666667,True,4
-0.79503301434873652,-0.60593418777471408,-0.027681513350245164,0.6039231048673307,-0.7864883486459322,-0.12927861714760927,0.056563146155120161,-0.11949827417160652,0.99122185860030487,18.977268538162082,-0.56708547297642642,-1.5681260473563337,0.1791238591537862,0.1389092629176428,0.8703703703703703,True,4
-0.87897804073417651,0.4768508157896133,0.0033020278450405071,-0.47308759245620607,-0.87112995787351444,-0.13160823059094909,-0.05988099674437429,-0.11724289307275769,0.99129630799919288,-6.8709760243997717,14.932826244054427,-0.26640727388674768,0.3360263589282014,0.2934028469894224,0.9866666666666667,True,4
-0.86069971265957157,-0.50714971053086433,-0.044667390075902765,0.50726980183804848,-0.84681781722056693,-0.15992789806967003,0.043282245446827107,-0.16030831402724013,0.98611758511996206,-8.0306603042134732,-25.406524129059729,-6.0650575441154455,0.1755120362405591,0.2147889122947406,0.9393939393939394,True,2
-0.4945756035220541,0.86405219307090708,0.093855101353906997,-0.86362099676594006,-0.47642009607694641,-0.16487166524008029,-0.097743267521603838,-0.16259673952262826,0.98183937278498401,18.646444088580399,-11.911514473826779,-3.4815775825391073,,0.224981921652982,0.4827586206896552,False,3
0.69443563584171208,0.70103641797577354,0.16219460023321952,-0.71575321266234582,0.69612930967110132,0.055689521279743581,-0.073868032575994322,-0.15476409431303093,0.98518606814896614,-13.295391007597745,4.8654426171865106,-1.8363485451371764,,0.2049818338316231,0.3793103448275862,False,2
-0.58811519659856093,0.80217267603201581,0.10314801674037889,-0.80234228712977651,-0.56261561078551625,-0.19927500792573566,-0.10182028193438547,-0.19995667612779966,0.97449985010708295,-13.380431459736615,4.5253785001276787,-1.8715456063797611,,0.2193562054483353,0.3870967741935484,False,3
-0.9749649608142712,-0.22191084528783755,-0.014103259483725148,0.22182983226398192,-0.96631707574062964,-0.13047158560319871,0.015324839384525677,-0.13033374803064851,0.991351735471383,21.327829719970161,-6.8229109499960909,-2.6074949219673313,0.1936565911754138,0.2697720921182356,0.8918918918918919,True,3
-0.8082485190906783,-0.57640063036150313,-0.1204020128842888,0.58883898176285843,-0.79056871902275339,-0.16813611765234696,0.0017276991076553509,-0.2067931667671486,0.97838315665909148,23.922264001656682,-6.6451653576230054,-2.4514763453703283,,0.2386293065163883,0.4,False,2
0.97968426930181007,-0.17035253973595732,0.10582412148507928,0.15651375971587564,0.97939271111302362,0.12764544816907383,-0.12538809952376187,-0.10848930649696183,0.98615814901750343,22.674893255526804,2.6466163319387261,-1.0997395404959838,,0.3156205317293546,0.8,False,2
-0.39078417907221935,-0.91022944034791464,-0.13700398282814485,0.91600506769968149,-0.36988944902349424,-0.15529491765540232,0.090677678264025535,-0.18618313947567502,0.97832172481225588,12.962415082394585,16.719669338982005,0.3866780751065661,,0.1781830718856189,0.2727272727272727,False,1
0.9423472470805434,-0.33385383864482648,-0.022875321677243609,0.33205351527263738,0.94136304766895507,-0.059800296642262468,0.041498541116616376,0.048756813939514733,0.9979482171834676,8.5843651934938112,16.845527348920172,0.30413366862154328,,0.07190394969940539,0.1176470588235294,False,1
-0.95336376558903968,-0.30110141313970373,-0.020867905193403972,0.30003171174213827,-0.93791282955577038,-0.1740703768703098,0.032840560454563975,-0.1722134232862314,0.98451207937184193,-7.9728775795317244,20.816205124483609,0.39155447768887425,,0.254137533111121,0.6923076923076923,False,2
-0.97578534867775846,0.21811333978269173,0.016417195700431628,-0.21667003376255231,-0.95359007869173651,-0.20909342000652037,-0.029950789224334973,-0.20758741009398635,0.97775785212664557,5.7135573401367958,0.87162058005672571,-1.7780045634465189,,0.1077611104787922,0.4651162790697674,False,1
-0.85661895984071434,0.513813331057558,0.046902222430806592,-0.51253103820519064,-0.83697288469827125,-0.19180282885339262,-0.059294961992752207,-0.18834078450349181,0.98031212191571282,10.522705695625772,2.5559108633043532,-1.3959188627759023,,0.0817081696270564,0.1081081081081081,False,1
-0.99013185302525364,-0.13977718365212213,-0.010062432859895484,0.13999026860805067,-0.98322243272206267,-0.11694602381935135,0.0064527761331740676,-0.11720062594709697,0.99308729473183033,3.2754184474041743,24.543116307899815,1.0688487954595631,,0.2348391797330112,0.9285714285714286,False,1
