axis_00,axis_01,axis_02,axis_10,axis_11,axis_12,axis_20,axis_21,axis_22,location_x,location_y,location_z,dbh,dbh_approximation,score,reconstructed,number_clusters
-0.73708923468462761,-0.67476735445214198,-0.037262279555707198,0.6580182409100287,-0.70404414437540919,-0.26708395197085566,0.153985241960722,-0.22138396540028796,0.96295258716197585,-6.8293684972747624,-20.148588023060658,-5.8235623303838269,,0.1077011281934541,0.3333333333333333,False,1
0.227802661397978,0.93502592019831898,0.27172132050555831,-0.95109155918959187,0.27346717714184782,-0.14366819085789342,-0.20864034484803984,-0.22570385814902552,0.95159181108200752,9.5532437208986956,-21.656211979154172,-5.9280921486829783,,0.3083638489500998,0.1764705882352941,False,2
0.89386977797355294,-0.44832668796026248,-2.9800849930351758e-05,0.44130584902081288,0.87988340523569086,-0.17622241858192433,0.079031434540496895,0.15750674288240732,0.98435037374963419,16.233049359285957,-3.9767006319552376,-2.649073904951186,0.2777718508953069,0.292125584702644,1.0,True,5
-0.81048173550659541,-0.58576388255298972,-0.00017408809520647051,0.57018973017361074,-0.78886469159837602,-0.22929494096892972,0.13417536292018284,-0.18593862494341268,0.97335697446486247,-4.4793741601702841,13.922245668372096,0.35601115160596941,0.2726480775349356,0.2501309050745453,0.8484848484848485,True,5
0.19675875002767726,-0.97994680663695477,-0.031468245098554178,0.96003907981831937,0.19907820236471835,-0.19670494290899035,0.19902502231916194,0.0084926736231252641,0.97995760876968052,17.948037410433447,-12.258771042524042,-4.1319198517878073,0.2835684025503944,0.2753338865183118,0.8831168831168831,True,5
0.43323021717353039,-0.90111418877255456,-0.01745845699240894,0.88314201690488803,0.42829731987577124,-0.19136766645490899,0.17992152985382739,0.067487958777928708,0.98136314303882732,-7.7191339219167876,3.1968322215202569,-1.4745450073074033,0.1804009843082949,0.1629881216289945,0.6794871794871795,True,5
0.74103659691388435,-0.67114787381027075,-0.020622645665423937,0.65897165891863541,0.7328030681659965,-0.16957598895045195,0.12892290245069271,0.11207227474471379,0.98530131962625223,19.093235549134281,-1.5093435539375983,-2.2536251479096641,0.256600292977974,0.2385894367887882,0.8055555555555556,True,5
0.51573171300637277,-0.85665460800887083,-0.012793856989945281,0.83908955096426485,0.5080607698142956,-0.19442988360407318,0.17305931255526344,0.089538465213964191,0.98083298149329501,-15.572824736117598,-14.361090074105539,-4.9138870752126023,0.2102518463952768,0.2092678063373145,0.9591836734693877,True,5
0.84350246369461457,-0.53712528686383731,0.00014125351686782549,0.52725439756178449,0.82795095997856583,-0.19104975300254007,0.10250070240186354,0.16122541388382977,0.9815803441008345,1.9628071635215825,-21.148827290800771,-5.9482811408013614,0.2260758972744562,0.2151970352771401,0.86,True,5
-0.11009361237895507,0.99194486561162087,0.06264806541382921,-0.96827129583319727,-0.092812042885186102,-0.23202720176948927,-0.22434369654361422,-0.086205036292675064,0.97068975349435149,-5.6062230938769169,-19.936781646300833,-5.7950960996624898,,0.1753697500030737,0.391304347826087,False,2
0.61393529677998904,-0.78927892086480378,-0.01105605925086685,0.77412989452028813,0.60477139158993476,-0.18701462596380769,0.15429309050529649,0.10625605391160527,0.98229491153597015,-14.518744537875493,6.0475394992386313,-0.9868962342555645,0.4646010971638459,0.2652594193640601,0.9629629629629629,True,5
0.77699583506122138,-0.62929829468466791,-0.016159474140095255,0.61868146548007608,0.76812372534405138,-0.16498238340805516,0.11623560800779197,0.11819305762415087,0.98616412658366037,-8.5879401760797673,8.5092669630288871,-0.52474112906869275,0.3670845789827692,0.2374977839113836,0.9305555555555556,True,6
0.99497225307606574,0.092636506918388775,0.038061702467124231,-0.085861684361911245,0.98464808922638258,-0.1519733908990937,-0.051555666684391876,0.14794126526697177,0.98765145434203383,-4.9485416083384557,-21.020355981973186,-5.9956335325001495,0.1276886825312576,0.1382459670750976,0.1153846153846154,True,5
0.67651972389921367,-0.72306743268852103,-0.13962288838354087,0.72966744603925848,0.6837791228889879,-0.0056150949869456235,0.099531308470637694,-0.098079553865206365,0.99018883034890104,-12.094963577577749,4.0091249559424309,-1.3830228745967974,,0.4336779278714181,0.3050847457627119,False,5
0.97927092993798903,-0.20238230724432002,0.0083574812505758222,0.20088672797450316,0.96509513434254757,-0.16803542540797722,0.025941632602557465,0.16623111436433174,0.98574552918849623,21.533013225958314,-9.2674440141420362,-3.571254654615303,0.2578382164121774,0.2864437324922183,1.0,True,3
0.94873404000201245,-0.31601743757625561,0.0060580928679843521,0.31122336880192403,0.93065277859026374,-0.19241990649047633,0.055170064827235556,0.1844407353324081,0.98129398199367313,16.024634085938672,0.59606664065941173,-1.881682413443909,0.2857236021350258,0.252350127952904,0.9743589743589743,True,5
-0.73294561586942075,-0.67894650056221129,-0.042689267411414031,0.66162377693233265,-0.69683464950262308,-0.27690332076440072,0.15825517993288885,-0.23119930931316551,0.95994904937581194,-20.383533395991883,5.6310228757732217,-1.0794195201305734,,0.1563486525291173,0.5862068965517241,False,4
0.28272636048916133,-0.95919071598187322,0.0043560829577408335,0.93915746667193023,0.27589222263900715,-0.20461362193576463,0.19506167711499933,0.061940712471608594,0.97883312687076229,1.8105753810590777,10.438243009642573,-0.25486943880602442,0.4222459442426822,0.2051576036047233,0.923728813559322,True,5
-0.67001857013389865,-0.72522659147927515,-0.15849765514694353,0.7283240289835724,-0.60090623289159895,-0.32932629423895876,0.1435939569789193,-0.33609238355455318,0.93081828797878496,-7.0027010484962506,4.2955131285904278,-1.2646126648267275,,0.1116988859991512,0.53125,False,3
0.88304951373197094,-0.46927767826195299,-0.001420205196215156,0.46197529879384203,0.86983239844287186,-0.17311967514832205,0.082476539707173002,0.15221714523729263,0.9848997721056385,-4.8318049559487939,18.282269248528952,1.0741252205683685,0.2481450725298694,0.2289224858353335,0.8135593220338984,True,5
0.96818244131631137,-0.24995609635055677,0.01202955626688444,0.24730332479970252,0.9483440408588073,-0.19870743748184577,0.03825997738890892,0.19536000118954741,0.97998502236790319,-13.304344104318334,2.5441035317632914,-1.6438045462061988,0.228266115816767,0.08703126553553373,0.4693877551020408,True,5
0.60351770569039442,-0.79728482234360343,-0.010163216947986504,0.78174626186198293,0.5941686644773686,-0.18930499258603284,0.15696866242349122,0.10630385794367883,0.98186573868491378,8.0389892200509507,-2.782125777053615,-2.4838912936524928,0.2858606576342608,0.2783418560119034,1.0,True,5
0.70834072421469285,-0.70583362567017238,-0.0072326545821151588,0.69280269550794238,0.69715301448176203,-0.18439658211561963,0.13519557506048233,0.12560480592832482,0.98282530961090631,21.470359740307888,9.2937761029929629,-0.45095948138680181,0.3115533411290534,0.305422363898649,1.0,True,5
0.68699927514506731,-0.72662317028186563,-0.0071249112051710601,0.71286395246306777,0.67582698256411733,-0.18730423091060286,0.14091480131229703,0.12359877850452192,0.9822761122634025,-1.7463003205266214,-3.4011298568322386,-2.7368946853107987,0.2923816890275514,0.2610594301349935,0.948502994011976,True,5
-0.80451984684552236,-0.57109325265301913,-0.1630960232680497,0.58907967381435289,-0.73227124644688191,-0.34170741801416338,0.075716272560349018,-0.37098695179389435,0.92554617803124328,9.9880346042287478,-23.997737739102135,-6.3956933359992663,,0.296606647198025,0.3888888888888889,False,2
0.53857896139753736,-0.84257281263479977,-0.001938491328975547,0.82583033883993273,0.52833064056795542,-0.19715726131333847,0.16714351256172691,0.10458388807907454,0.98036995902709678,-6.1074602413606689,2.1619534406650205,-1.663897179032406,0.2210521164747857,0.197954384741326,0.8730569948186528,True,5
0.91189615008283387,-0.41037397577867613,0.0062138126546993303,0.40417857386848888,0.89529285266228309,-0.18732428672616366,0.071309830246185729,0.17333178581966391,0.98227847382238109,12.891893729862332,11.081224129410616,-0.15279812980941845,0.2344557792443329,0.2307551447259829,0.9761904761904762,True,5
0.41830771536151068,-0.90823450084575041,-0.011346662174536705,0.88995181073443075,0.41232181325985545,-0.1948755933425538,0.18167121356874594,0.071419981682821709,0.98076233429760307,11.517273511788007,-9.2916913156279684,-3.5970464614205069,0.2704405577422168,0.2602283800449647,0.9370629370629371,True,5
0.90559326023034081,-0.4241266023182067,0.0041799798322365387,0.41801339810312904,0.89078373924458953,-0.17823896572776821,0.071872428869902943,0.16315929364716919,0.98397835284364854,14.566894760238169,15.821768265364877,0.53184829213686102,0.3050101864912397,0.3090437293788958,0.9830508474576272,True,5
-0.1391182176807087,-0.9887422838893174,-0.055089178235652542,0.96615581120932303,-0.12331632830495848,-0.22657456088413555,0.21723045361044124,-0.084745378769112006,0.97243465117275718,-4.2231602697441053,-27.494437579220953,-7.1147012829277543,0.3661528726787207,0.2633189491487551,0.7575757575757576,True,3
0.54222212573940365,-0.8402336661474441,0.0015976955493173291,0.82379763662575667,0.53123937960375889,-0.19784381579425853,0.16538627587699437,0.10859147218193291,0.98023225407089121,-3.5987329715321748,4.2012617883679884,-1.306950626622539,0.2251535302274629,0.1993769854336401,0.8653198653198653,True,5
0.9943591000675378,0.10495387838624597,0.015318731166845534,-0.10082999015251372,0.98017911383144285,-0.1705350928532082,-0.032913419736043517,0.16802853394674797,0.98523252005858308,-15.575290590582636,15.363447729414,0.62853803285609688,0.3829929069979106,0.3089260564444318,0.8888888888888888,True,2
0.94725235614877645,-0.32044652986764077,0.0051956969098041345,0.31624588786982577,0.93196021011587205,-0.17730963077680095,0.051976073110779099,0.16960008330353785,0.98414140222196522,-2.153360401835108,-19.605397887705418,-5.7057118141557979,0.4149730824191207,0.189281768694156,0.8301886792452831,True,5
0.99197599940841386,-0.12562906916152539,0.014175809651879005,0.12602895166752465,0.97373907256242664,-0.189602009237374,0.010015984188404072,0.18986720503255219,0.98175868955352963,1.2250558740219561,3.6084672898346519,-1.3486680600958389,,0.2938800532692695,0.9302788844621513,False,4
0.44859728166073387,-0.88840483585419283,-0.097454227807138388,0.87373715081143122,0.4588823246671398,-0.16127741131356654,0.18799965472979882,-0.012800771030191149,0.98208567349417641,-32.657566253842965,-1.6305302095737757,-2.5221031552761639,,0.2441426938949401,0.8461538461538461,False,4
0.93886890955109048,-0.3355651675999724,-0.07694926232232345,0.3397024628070513,0.93926960769944046,0.048732338492674471,0.055923228100417194,-0.071893131422570908,0.99584334622122528,6.1015093520797015,-22.756277594506976,-6.2234883492225563,,0.2917573291832491,0.1730769230769231,False,1
-0.53941316489384938,-0.8420140740361427,-0.0067628887508672953,0.82095995533450872,-0.52410558460819179,-0.22657909859399156,0.18723832213615035,-0.12777180951822495,0.97396928874378585,6.0518147973121392,15.602283235619529,0.52503572999374715,0.2162157642925271,0.2293170528690304,0.8939393939393939,True,3
-0.68663216540064131,0.65612595651867933,0.31310541135482445,-0.71332210322661316,-0.5248621394519386,-0.46442578698678494,-0.14038463764097234,-0.54223469434589056,0.82841637463417572,-7.746624533621099,-15.814451664899053,-5.0801640344887993,,0.3232243369363907,0.2333333333333333,False,1
0.98357873988801947,0.17945509417494088,0.019202385658015637,-0.17217424686148247,0.96489485540985109,-0.1983278768133328,-0.054119230944067898,0.19176492687211161,0.97994761169348066,14.232278977032779,7.2505876368779036,-0.79105323647862125,0.2434817258501646,0.2265233256721522,0.972972972972973,True,5
-0.31004894226922669,0.94822129482058359,0.068891432315695569,-0.93028886868003491,-0.28764623669804146,-0.22764503799440394,-0.19604151144018711,-0.13467003587371859,0.97130412705291069,21.402242745319629,-4.9500759738593345,-2.8509205816846199,,0.2102073357035788,0.1176470588235294,False,3
0.49080043432413889,-0.87122305312670423,-0.0092371731509598605,0.85377741195120227,0.48303233203634832,-0.19427788615649053,0.1737212264207916,0.0874651811186095,0.98090304188678346,-4.711919515496664,-22.46606512937948,-6.2264556757427858,0.1643892892228695,0.2452942778533183,0.9333333333333333,True,3
0.12131096708147757,-0.99252467581513715,-0.013357288789803483,0.97114871776872336,0.12146020343870173,-0.20522569760338094,0.20531394799652997,0.011924213965152822,0.97862352101274974,12.186868017828592,-4.9677611983689092,-2.8026695969053792,0.2463378189234973,0.2290930287900841,0.9461077844311377,True,5
0.20899065032185363,-0.97770201560555503,-0.020534769511332394,0.95702331293457021,0.2087977400925029,-0.20127066908023111,0.20107035230930728,0.022411434873708981,0.97932039752530042,-11.09805504865408,-18.40611097995059,-5.5841083613027678,,0.2227042379828095,0.9318181818181818,False,1
0.98838111669038642,0.14909876081942525,0.029535194124583761,-0.14318812910239109,0.97854522534417665,-0.1481431795266738,-0.050989487681501494,0.14219283202126315,0.98852479517094138,12.105958389872871,20.017879212248495,1.1630867811357735,0.2346816111564247,0.2001288977548282,0.5714285714285714,True,4
0.50641034088093406,0.85883372131288416,0.077157020320377051,-0.84152108177835305,0.51175055685959814,-0.17307118904220234,-0.18812452145174061,0.022715780632732264,0.98188245617222392,-34.277149265576618,-10.138944483478548,-4.1525148233496374,,0.3910317915757654,0.7297297297297297,False,2
0.97701022331120024,-0.21230227557476258,0.019461945719193043,0.21269563355964635,0.96443481035243073,-0.15692693855782727,0.014546168226028442,0.15745869415897296,0.98741843644105176,21.350446675449692,6.2911682543788654,-0.9600095677874364,0.2008376770646667,0.2180663855430749,0.9545454545454546,True,5
0.39379972277688208,-0.91915478550357477,-0.0087326185493432611,0.90027282770472494,0.38759297209543475,-0.19819314740617638,0.18555488147011812,0.070186667310145973,0.98012408280508323,10.035761952842627,2.0579784514007078,-1.6331046203502237,0.2768500854371205,0.2683245242016645,0.99581589958159,True,5
0.95907403028139082,-0.28287260586262197,0.012652797805187433,0.28002984419322074,0.94091883667861609,-0.19040753436899627,0.041955819631248059,0.18615808238121076,0.98162359260727838,-4.0858949460198186,8.9455738011118253,-0.52249352443109498,0.2703979045286123,0.2371282921196023,0.972972972972973,True,5
0.9997579356612013,0.012440697759334858,0.018146600830836322,-0.0092583366117230184,0.98608960414769842,-0.1659565479124574,-0.019958789683667121,0.16574836841156723,0.98596608718721479,-22.541648130698523,-8.3639808144497341,-3.769359780586226,,0.2441965810910499,0.9014084507042254,True,5
-0.20797882510212776,-0.97132384489960999,-0.11521630370123606,0.95719854312382779,-0.17787075414838055,-0.22832639764229448,0.2012852636204632,-0.15777193396838129,0.96674311970715154,-2.5133041636310161,-4.0239342981133541,-2.8109861818057156,,0.1440860599442622,0.2537313432835821,False,5
0.48290462807503326,-0.87538502652538619,-0.022453853096154677,0.85806496464942383,0.47815508854561722,-0.18732919617378743,0.17472159747695221,0.07119527114270241,0.98204052703644584,7.6716272208646608,-7.6225719214045373,-3.3114069294374624,0.2722320225696794,0.2373178040677143,0.9796610169491525,True,5
0.97191262994317074,0.23356533595738385,0.028863014327396772,-0.22597845472697048,0.96044837635291114,-0.16270419281711132,-0.065723494704402599,0.1516118405671919,0.98625264108324129,-0.53018183574530753,-24.292040156914116,-6.5463788683725008,,0.09913981240094522,0.4705882352941176,False,1
0.70628309121792887,-0.70792031997545379,-0.003607717491453259,0.69513136900854822,0.69447034400493401,-0.18575069614397427,0.13400214505726771,0.12868473826961835,0.98259028249648961,8.0077569014231447,10.413931516625036,-0.22841286717144246,0.2873545627668577,0.2570137558160673,0.9813084112149533,True,5
0.38444474549812446,-0.92305915575617425,-0.012807522538776832,0.90434639302856445,0.37936435982852884,-0.1955512309041203,0.18536407169435051,0.063596206385204621,0.98060985282542545,1.5781113764400638,-5.2357583552189819,-3.0250093690649194,0.2265366181485704,0.2232969438933562,0.9487776484284052,True,5
0.74562894650805567,-0.66523171214052379,-0.038784575437584401,0.65178224176067978,0.74018756025454924,-0.16523403090719799,0.13862677755292974,0.097924178868168663,0.98549148740021342,-1.4789645736344459,15.711770222314929,0.61908804938187389,0.2574687764198412,0.2452947526209266,0.8363636363636363,True,3
0.39776081045018585,-0.91744052703695189,-0.0094454761749807777,0.89861074838185284,0.39163343642704829,-0.19779275609826805,0.18516225469198377,0.07018640055240058,0.98019835166913005,-5.1102172723615507,-0.67810511922351546,-2.1967506596094455,0.1977241809823088,0.1617553132560221,0.7263922518159807,True,5
0.21024812113111713,-0.95321612972409875,-0.21719746221962583,0.96331818211636255,0.239887527250702,-0.12029985151101348,0.16677472100070584,-0.18393744671315429,0.96868633113706293,-5.9768807448182146,6.1379329828384375,-0.92886779827859756,,0.3805266211560945,0.2164179104477612,False,5
0.97836486853597393,0.20531760546521127,0.025433538892948773,-0.19683691343859827,0.96162805471879775,-0.1911196323921428,-0.063697829810387366,0.18197847472647377,0.98123718906983648,28.385425883648278,2.322455260884519,-1.6385797114812359,0.3244574151173349,0.3051203740320148,1.0,True,5
-0.063414896398463205,-0.99629383026608409,-0.05811329184023608,0.9718146399593921,-0.048398729134607979,-0.2307246596676521,0.2270569454462277,-0.0711067281759689,0.97128213034768562,-7.8226917385189729,-16.339520910212467,-5.1702238836365604,0.4181953831794143,0.3737507009055688,0.6966292134831461,True,4
0.95406861424453315,0.29845912452210283,0.025985193919145021,-0.28841928134746858,0.93850101900233329,-0.18981610963928117,-0.081039480875222225,0.17360296172900297,0.98147573287289802,-0.62371370460779541,12.729392301882456,0.17532654999552688,0.2513155542895817,0.2285186101382649,0.6714285714285714,True,5
0.99578826348751348,-0.088930600313304436,-0.02229534992855025,0.085264326352956915,0.98766361899423016,-0.13134142669697274,0.033700577919342362,0.12888725322208985,0.99108644779593591,-18.671442085102608,-9.9474579652854143,-4.0672521508229691,0.3661788046639848,0.250447896696652,0.8064516129032258,True,6
0.79931827002598244,-0.58298600062440165,-0.14566271409882503,0.58782063912940352,0.80890466895129953,-0.01183776846744547,0.12472850282181155,-0.076161405086528342,0.9892634840926231,-9.6376024217171317,-15.645641812729179,-5.0570717144181971,,0.1933856543068734,0.1935483870967742,False,3
0.6699874582575418,-0.74218129516220077,-0.016844313252718155,0.72828258779094723,0.6615018914409091,-0.17894054862054101,0.14394887320892422,0.10762050330423552,0.98371568512981589,-11.061250773395356,17.296335502279597,0.945704687557271,0.3662034842515757,0.2684782260538013,0.8888888888888888,True,5
-0.28068727960187811,-0.95475927644618053,-0.098231232862377241,0.94107465745881058,-0.25364881751990331,-0.22369793575162297,0.18866144322165948,-0.15523208885639714,0.96969575560110599,4.0705843239426676,-7.0518033902357367,-3.2643740223957387,,0.2652241448404303,0.5856573705179283,False,4
-0.96760368058392388,-0.24925035809048918,-0.040216617364039753,0.24123658045798638,-0.86573785566578165,-0.43852351991216049,0.074485096290332786,-0.4340186911401126,0.89781943962672273,-8.695724887248808,9.4090775527487782,-0.37641896293986332,,0.3861609279523653,0.2063492063492063,False,6
0.13609484061622479,-0.99005250378272869,-0.035696415943246851,0.96993823537751667,0.14049399202715884,-0.19869891231967352,0.20173748761792643,-0.0075814218865315041,0.97941028590258561,-18.291264150208782,7.1563812404942535,-0.75369140882402907,,0.204951490880379,0.8833333333333333,False,3
0.24607945163965375,-0.9689353021146645,-0.024683674699952522,0.94865889329123076,0.24599503813302456,-0.19882843205485329,0.19872394838113216,0.02551120400721275,0.97972341546475106,7.0513288104226231,3.9191153883871133,-1.3322993294656802,0.2637039413512942,0.255505867242983,0.9825783972125436,True,5
0.90894339392547863,-0.38022497567222685,-0.17102887041165488,0.4102911494682111,0.88862308246864286,0.20496387479744357,0.074047817707791536,-0.25647219182395287,0.96371102282464916,1.3862770643161817,3.1649210493461077,-1.4367037584636253,,0.5136706145550963,0.1397306397306397,False,4
-0.80897019929701042,-0.58780311613562086,-0.0073968446387425143,0.57171068463486197,-0.78377005966915902,-0.24259304738706222,0.13679952384308072,-0.2004794010053339,0.97009994332999006,6.3923745159314738,-20.052300662727223,-5.7127827158277436,,0.2129799755732477,0.4042553191489361,False,1
0.8121393942415519,0.5559027240217066,0.17720543373782888,-0.54827773817214243,0.83098818744852898,-0.094075257883512953,-0.19955231430831821,-0.02075557145095628,0.97966733134668693,-10.985209380813462,-14.726153263727245,-4.9403625993267131,,0.235598833722271,0.8823529411764706,False,7
0.78897190243155713,-0.61433729409857296,-0.010631380586482402,0.60353810816301567,0.77811423174911676,-0.17401147762286273,0.115174168842407,0.13087372321870963,0.98468623398640809,-14.577920024483097,10.054922662830958,-0.22323870590667608,0.3079225376061078,0.2574322421200368,0.391304347826087,True,5
0.23727998406537015,0.96929485112298508,0.064542240032459869,-0.94542744886524366,0.2456881863547325,-0.21401928421962144,-0.22330505613195265,-0.010237512988623024,0.97469484723872069,7.2929486342619807,-24.630204640786285,-6.5736136291330567,,0.1115615119515854,0.3076923076923077,False,2
-0.64185656188124751,0.76552395521282868,0.044645581699559393,-0.75170950136874826,-0.61663446332149952,-0.23386911766232638,-0.15150240764401451,-0.18367093575063517,0.97124250722389271,-16.669289121419979,-16.288776470740018,-5.2800189524855563,0.2369778833997784,0.2153331799651098,0.7058823529411765,True,4
0.0059265055999608547,-0.99748939213847521,-0.070567620780265808,0.97786387304674216,0.020541278863626097,-0.20823136567931044,0.20915812755281016,-0.067771442613098601,0.97553057832378598,-20.449924476324089,-10.855251579736699,-4.2433048053132456,,0.122934847207253,0.35,False,1
0.92046778038101174,-0.37745688290130847,-0.10131814660208172,0.38520694030523428,0.92000751631527455,0.072123387774558595,0.065989987279380879,-0.10541570790839203,0.99223628743613257,-19.093655704056459,-9.0258619773869473,-3.8776729902831359,,0.4420419215395902,0.2580645161290323,False,1
0.19954844388940246,0.91380978433778393,0.35374015405357984,-0.9574570582973978,0.25863162234309056,-0.12800650546231629,-0.20846198708112484,-0.31314750832908339,0.92654316573458939,9.9474866043489367,20.71910368872868,1.228153019636824,,0.5407191142717551,0.3194444444444444,False,1
0.93072222011925954,-0.363679651603456,-0.038642722288499833,0.36137158330160013,0.93074847907152758,-0.055837688778583638,0.056273686198542144,0.038004995929852431,0.99769178232859101,-24.214577147070216,-3.1695553573895356,-2.7939821897563042,,0.2660579112750378,0.2244897959183673,False,4
0.26304387665843226,-0.96476202663284849,-0.006492373971335611,0.94438521100371209,0.25885291497822599,-0.20280961921159243,0.19734358917882111,0.047216526498202904,0.97919666433023878,9.5010610664617055,14.659682547279338,0.36543060195960853,0.3050716502002809,0.2586985079920052,0.9666666666666667,True,4
-0.71079847993603396,0.698645196225127,0.08161133936026628,-0.68752322179206815,-0.66555783022959147,-0.29042140781411541,-0.14858445550352067,-0.26254078618689253,0.95341229023496965,-6.4314038439758532,-18.619623496744211,-5.580343332906927,,0.1759613237416269,0.1428571428571428,False,2
-0.99699078090227899,-0.077375836651008084,0.0047289214860065081,0.070220852928318811,-0.92727344263247402,-0.367740389952667,0.032839223649223495,-0.3663017096480396,0.92991647092577068,-18.308741101298075,5.9132340253268962,-1.0229177081460512,,0.2569464528063371,0.1935483870967742,False,1
0.8618558752347093,-0.50692961258823088,-0.01506048487130442,0.49770896523320862,0.85113744516294798,-0.16688569551635693,0.097417843590901596,0.13633567883219574,0.98586122067330673,18.621219193960414,12.353655007603368,0.029249433375871742,0.3571152824207516,0.3070945470162144,0.9830508474576272,True,4
0.8032359228632272,0.5898917460356673,0.082702963556642792,-0.57937456232627871,0.80595189621082164,-0.12151813660278946,-0.13833715607635097,0.049691739285045201,0.98913778731556634,-12.374012486116253,-28.014158826563342,-7.3176377233734344,,0.1529148829326215,0.3333333333333333,False,1
0.99982909986378399,-0.0070237356391917444,0.017100824636451351,0.0095768427085331648,0.98800439875423141,-0.1541284922589802,-0.015813132179044367,0.15426592358638783,0.98790281387934464,4.5915821548794522,23.800350857556204,1.7532344052096227,,0.2965991071150444,0.8636363636363636,False,1
0.95612780590612967,0.28798888986719112,0.053684430575299591,-0.27915945223173189,0.95125293279571421,-0.13110247166713951,-0.088823527304486005,0.11036420235119956,0.98991420023988608,26.496269753926839,11.03672694768321,-0.21223718431052593,0.3239204350911834,0.1896991123418109,0.358974358974359,True,3
0.61679186047690571,-0.78707786749038844,-0.0087310569933112935,0.77206125379195234,0.60710947569101703,-0.18798804461820945,0.15326193670522581,0.10920858497829598,0.98213250823114639,1.0143606551101965,-1.6709520019339572,-2.3622109846910972,,0.2095139331460582,0.9753694581280788,False,3
-0.90387210471801793,-0.41271874716653584,-0.11259864142121918,0.41548245313940319,-0.78417824992437446,-0.4609108411382925,0.10192913933651659,-0.46338721182487275,0.88027424276261002,-16.157327154759617,-12.433828076910009,-4.548515944655616,,0.4770177766314103,0.2638888888888889,False,2
0.86634014738550091,0.49749096112743674,0.044243560260988787,-0.4840336525262755,0.85813318155865603,-0.17122752678845754,-0.12315101400370811,0.12692590872047435,0.98423759400123534,-18.464742376593172,-11.81454029747036,-4.4477370089878452,0.1191454058187426,0.1316256584012056,0.3846153846153846,True,3
0.59737037596529241,-0.79177569003728288,-0.12743582928310249,0.78241697586951309,0.61027505157439554,-0.12404852799238238,0.17598951613744879,-0.025605040360358038,0.98405897796720154,-22.355193946179096,-3.6510747155318342,-2.8778270394771011,,0.2447113698147467,0.6727272727272727,False,3
0.51923238043607556,0.84496786067607543,0.12816805191303746,-0.83947184535317709,0.53237598448839973,-0.10891662866311691,-0.16026464353068801,-0.051040430684937022,0.98575357897878213,-17.17568897644399,-13.153212445775138,-4.6949764869288826,,0.1473602935362074,0.2857142857142857,False,2
-0.33327013469454836,-0.88338392294518353,-0.32949030638647786,0.92072055404568909,-0.22969403319624104,-0.31545889188901177,0.20298935607188051,-0.40850152483928576,0.88989989635098909,10.196391197315664,17.4745513681777,0.77092390547050638,,0.4925600705097845,0.2222222222222222,False,1
0.35452565936621799,-0.929968202957694,-0.097317513010687001,0.91688778025117246,0.3661644519263621,-0.15887225236505104,0.18338035684616269,-0.032904948459217466,0.98249117506971517,0.93213134612345516,25.844805781959739,2.132764567433981,0.3606692867586035,0.280713828422684,0.5476190476190477,True,2
0.18635081921230157,-0.93473477357532841,-0.3025628451214456,0.96414046442659151,0.23321379753592336,-0.12666684449432805,0.18896173431195276,-0.26810861177506606,0.94467520093303303,21.257604116027405,7.6799223720958469,-0.76077282585802797,,0.5276472264290049,0.1967213114754098,False,2
0.99918868324571242,-0.03996326980970831,0.0049912262838694068,0.039143467467722924,0.99281456469594209,0.11307974656060943,-0.0094743985721338058,-0.11279262916398751,0.99357337855740302,-13.243424528188575,9.4646047150308181,-0.3151742625695616,,0.2220077809019924,0.25,False,1
