axis_00,axis_01,axis_02,axis_10,axis_11,axis_12,axis_20,axis_21,axis_22,location_x,location_y,location_z,dbh,dbh_approximation,score,reconstructed,number_clusters
-0.079107706700333486,-0.99611147047121307,-0.03878026735713877,0.9798545755708421,-0.070542696966034102,-0.18683880388624349,0.18337661103177225,-0.052779411709827084,0.98162485310125791,8.1710471966964153,-12.702263372472515,-4.4730774622815757,,0.1791250450404863,0.9811320754716981,False,6
-0.020943089736274994,-0.99919621095059585,0.034180681887172701,0.98473993751749545,-0.026523867912171487,-0.1719992438617628,0.17276759664456412,0.030056886947111505,0.98450390608504501,-11.52602053855389,1.2284612766741163,-1.5685934831027999,0.2241000877204892,0.2015563597132811,0.9801324503311258,True,5
0.16822038430993749,-0.98486308258489452,-0.041792473772161526,0.9737436129670809,0.17261894179606149,-0.14841184972577037,0.15337952441063848,-0.015729256008718717,0.98804216104221954,-19.149611364980792,10.136540473644915,-0.064317818560471571,0.221308652907401,0.1893895310106754,1.0,True,2
-0.57900908449437671,-0.81452879926746136,0.035934874939140334,0.79650151863087959,-0.57450953804529514,-0.18847843779510814,0.17416604402605732,-0.080508545253839867,0.98141966724201335,8.6252601395406927,4.24132309580098,-1.446826396611415,0.2801707120207323,0.2392395100358854,0.9662162162162162,True,5
-0.68333390178302678,-0.728503356143541,0.048349134031353783,0.71167607769482943,-0.67940776105035294,-0.17866800122419713,0.16300901542825141,-0.087680980332929787,0.98272076734796265,18.108727875851727,-8.7287887623269,-3.9074660632320146,0.2720666815926224,0.234158154905206,0.8793103448275862,True,5
-0.18994441333474732,-0.98178618831298092,0.0041231396758955804,0.96485323354838093,-0.18744192993785419,-0.18418404005886743,0.18160219589573404,-0.031006504785945705,0.98288312586329774,-13.64951610339134,-21.144551072013211,-5.5104637854910354,0.2389604708011716,0.2213779366652907,0.7142857142857143,True,2
-0.16034591798128187,-0.98454039421402928,-0.070493962490579029,0.97113252555888241,-0.14457712493893898,-0.18973421606557125,0.17660918545864607,-0.098882086877622052,0.97930155136523711,-4.2864994489013464,-3.2337415817312789,-2.5372421158714702,,0.1470711636673851,0.3470588235294118,False,5
-0.19218564218661577,-0.98081801816328174,0.032568300286808807,0.96462998526582022,-0.19490705785372739,-0.17748304235861073,0.18042635745196087,-0.0026933334471267167,0.98358480848961927,-8.6564260058689335,-3.02846740556225,-2.3712952365688023,0.1986004027590714,0.1700948560301331,0.9,True,5
-0.20533438863041314,-0.97837990893871196,0.024709160869047349,0.96206580901110295,-0.20641571504003542,-0.1783870278812984,0.17963064320317584,-0.012857152468137345,0.98365010326478641,-4.5680298932353764,9.1935437751161491,-0.40532983103843107,0.2753014287032305,0.2520349941795832,0.9716312056737588,True,5
-0.53724974708428919,-0.8072210063101567,-0.24445235983619718,0.82258125786976877,-0.43744923492424526,-0.36331562182981014,0.18634050407588901,-0.39627315558312914,0.89902436157477561,-6.5201642724818374,-23.499732021704805,-6.0702715031798835,,0.5020751995730177,0.2393162393162393,False,2
-0.75987153818360442,-0.64984046159058484,-0.017395974770551031,0.63416156829640502,-0.7351224456503701,-0.23965411575197682,0.14294876968454856,-0.19313820021102363,0.97070246979438546,2.2676897343302458,0.038643370317088921,-2.0654259633392402,,0.5873880909389326,0.585820895522388,False,2
0.9434131780995616,0.32213803526055379,0.078731579601541729,-0.30964301746839362,0.94069621681547733,-0.13860674371081488,-0.11871300316794202,0.10638474471237699,0.98721300081154184,-19.713600018094507,6.6919064062148497,-0.54702909262496013,0.2586900935359785,0.2487970413267434,0.9012345679012346,True,5
-0.43756990346174202,-0.89876501994647218,0.027459397391388793,0.88148495265653659,-0.43478603545851269,-0.18424272471490194,0.17752987868126305,-0.056414025657502601,0.98249712461896277,-14.321896226389814,15.820136500343107,0.80154495383612123,0.2465419233557402,0.2377597108813498,0.9545454545454546,True,5
0.31866411162563946,-0.94673006800722137,0.046425879559614552,0.93692820622019501,0.30718845111048271,-0.1667356947187674,0.14359220156697014,0.096630398091824332,0.98490803926750747,-16.331918673838597,8.8946112305401943,-0.2324878464229021,0.2575142223193976,0.244953615345702,1.0,True,2
-0.29572206659788247,-0.95463180300754902,0.035022564349767797,0.93779845127794093,-0.29709759582701212,-0.17963040759989546,0.18188601955008202,-0.020276568752266768,0.98311054142037446,-11.508694052975107,-1.9869267955933023,-2.1387996869205836,0.2077313546699785,0.1895117937786128,0.9615384615384616,True,5
-0.08189812920713084,-0.99619983146673541,0.02964105629056998,0.98097246261290749,-0.085827822615930791,-0.17414537737240315,0.17602762291055488,0.014814879366938628,0.98427374003465296,-3.9588892288740962,1.0107397967976506,-1.7657767940487954,,0.2171570494647395,0.8962472406181016,False,5
0.082993644128619024,-0.99606221973629527,0.031178669764059946,0.98259143904824042,0.076572912813036423,-0.16926503753709737,0.16621106745147873,0.044683816279848736,0.98507727494816799,8.2460056331260514,-17.68358628237403,-5.372071261870107,,0.09100766774301153,0.2083333333333333,False,2
-0.043216602192125232,-0.99874972595546441,0.025125887026202789,0.98499711402462242,-0.046800243115830406,-0.16610365019308015,0.16707187273186822,0.017570490835064182,0.9857881451882462,-1.0568217615058912,-16.304562431178876,-4.9745845958097101,0.4778506571331275,0.1882759578081377,0.9753086419753086,True,6
0.024683335519513704,0.96301916578453395,0.2682998682058777,-0.97398233267633005,0.083644478518158677,-0.21062292574124059,-0.22527571680499872,-0.25612045514774007,0.94002827823045254,1.8438954661384039,-14.584156294876285,-4.681152523888171,,0.3195913507443732,0.2678571428571428,False,3
0.98113230988811151,0.18477152417824416,0.056911109165674711,-0.17521813453060942,0.97420511656864417,-0.14220758131368411,-0.081719005287827939,0.12955259435581892,0.98819943810470023,15.304342478615579,-15.570840672955317,-5.1309562383555223,0.2523685398198221,0.1126597647738097,0.3888888888888889,True,2
-0.99348346753876682,0.092169537344488933,0.067047566047185134,-0.10388944634450294,-0.97425255028640001,-0.20009735430204692,0.046878381642090003,-0.20575894791271926,0.97747924412156717,21.044550153742435,-9.5474366774987196,-4.1616330133879078,0.2105669584829766,0.2075364992062803,0.3181818181818182,True,5
-0.71574002548736293,-0.6970978720945461,0.042080549385730567,0.67940207821339571,-0.70898514142132141,-0.18908433399704994,0.16164477113308706,-0.10674561332928276,0.98105878621022891,5.6742745128208405,7.4792372736857171,-0.81077636796803021,0.2567180967072688,0.2481992276204953,0.9873417721518988,True,5
0.77342566085163389,-0.63355008976355021,0.02066472590701688,0.62935620435551454,0.76359853531696209,-0.14431924646772248,0.075653917118908898,0.12462568203379522,0.98931538156554399,-9.9835165410349944,-19.2838742218824,-5.255793298339829,0.380201367424959,0.2151418076424554,0.7037037037037037,True,4
-0.016753363892630324,-0.99975172951340863,0.014690273422572519,0.98593087187784778,-0.018962046956127823,-0.16607455149245842,0.16631187773718606,0.011701286689182369,0.98600377241334602,-8.3372137913985345,-20.280801948621946,-5.4392986938687837,0.1539074115871929,0.1599638439737973,0.72,True,4
0.49723584041702856,-0.86755622283731271,0.010135049137872033,0.85931706890307635,0.49083462329780037,-0.14372038012728966,0.11971087710228205,0.080172144715992516,0.98956643693844093,-9.9861648618230348,-19.806496616153542,-5.2975257260437782,,0.09580169456036206,0.6923076923076923,False,1
-0.72403630391634988,-0.68660817755151582,-0.065883542182678168,0.6756349094937345,-0.68673243315658283,-0.26817165085861011,0.13888448323892677,-0.23867923196253435,0.96111566657985059,4.5891702501695608,-15.295649370318637,-4.9263160801131205,,0.1880679706450775,0.1666666666666667,False,6
0.17045385134783853,-0.97979033744345334,-0.10467272430358213,0.9716449953154036,0.18479473184077114,-0.14750223782176131,0.1638642353877714,-0.076562404196460598,0.98350735158637204,-18.727834404124611,0.56403160983114153,-1.4036441379825348,,0.213211133771338,0.28125,False,3
-0.40360586083253075,-0.91459191865445344,0.024978619529442025,0.89685223696050564,-0.40088312937993226,-0.18694593239086152,0.18099274615455732,-0.053050343170588293,0.98205258867787415,4.8914232784748082,2.3639544474699759,-1.6953369749100624,0.2727541678375521,0.2413293527230775,0.9900793650793651,True,5
-0.78515426048722392,-0.61871709766701599,0.026868946634822675,0.60024069824347115,-0.77095461690541922,-0.21293210853323355,0.15245947465130222,-0.15105671692024375,0.97669748482440888,5.3988910031983641,-22.521464731644532,-6.265043770025037,0.1809926506663498,0.2027639894179497,0.9259259259259259,True,5
0.24691103934297165,-0.96902858546799908,-0.0043057167188361722,0.95757243245429668,0.24466865712098984,-0.15229013371250882,0.14862696677970588,0.033479079564720599,0.98832645212873071,5.6034268995389835,-16.725868519097361,-5.1808073939147059,0.2339568255387386,0.20146229304782,0.6470588235294118,True,5
0.24934501244098714,-0.96738522208760092,0.044641873362654155,0.95705472900419064,0.23911803957608746,-0.16391707915895834,0.14789628278465791,0.083596622155515096,0.98546349212067164,-12.986687583598091,9.3005013370584688,-0.24878745251401713,0.2983143334057172,0.2102492453139629,0.88,True,5
-0.098682756276514141,-0.99498752058551598,0.016172430020208909,0.97927190779809536,-0.099987220549353675,-0.17615074886100976,0.17688483318574758,-0.0015458350181553025,0.98423034203531246,8.7152703595716048,-16.516292006896379,-5.146009924370218,0.2174814139553016,0.2535784792302085,0.93,True,5
-0.17037926105799114,-0.984898842550053,0.030743736677542884,0.96893423311583404,-0.17313052411837576,-0.17661334466774062,0.17926895798649173,-0.00030259223669978561,0.98380005546878035,-1.1987290312444727,10.284474682703221,-0.2015238142542925,0.2903680044790971,0.2609309634474519,0.9917355371900827,True,5
0.36699122362856884,-0.92958877614220525,0.034382394478040472,0.91993091261954429,0.35719890130867599,-0.16166651140804536,0.13800202095106709,0.090959618371629469,0.98624631306743538,15.561092161869425,14.686421677865662,0.19735430385464581,0.2292384844204687,0.2776518143693744,0.9272727272727272,True,5
-0.95731185288751453,-0.28427053413488501,0.052385873513204589,0.26943606197010384,-0.94318584280880802,-0.19443424193048281,0.10468154006851726,-0.17201956094498791,0.97951572004801313,3.7745659795643456,13.929892653585043,0.30243651567609431,0.2749588058145094,0.257344394049395,0.9555555555555556,True,5
0.93514224939116863,-0.35257832140241058,-0.034604922781063016,0.35262932835313449,0.93575067101958065,-0.0048206297951097488,0.034081229274222725,-0.0076947360879174248,0.99938944403455388,-6.2884423557498765,-19.024673680697319,-5.2641053511019598,,0.3093151898796381,0.2323232323232323,False,4
-0.38896314515635982,-0.9211213340943768,0.015593575159950055,0.9022771497286699,-0.38431443889287742,-0.19544399999990086,0.18602047410858014,-0.061950786392501497,0.98059088476171896,3.583204582843043,-19.135891852324828,-5.5645846584956846,0.1827830783965556,0.1696500840831627,0.2571428571428571,True,5
-0.99664614528648243,-0.058452325334656573,0.057269422457076113,0.023257336100092639,-0.87331108738167462,-0.48660748141984433,0.078457360413940302,-0.48364353641830921,0.87174157425103282,14.637644389811468,-5.8584522982080776,-3.3147417949560554,,0.269317465478384,0.3333333333333333,False,5
-0.55689648867251706,-0.83005273605015695,0.02964382363785073,0.81198407742438239,-0.55159036011454787,-0.19086626898952208,0.1747803161500121,-0.082222442218377545,0.98116833982867091,24.378319858608855,-5.4257992694829031,-3.5652006510646719,0.180218505195771,0.2941040993919776,0.9591836734693877,True,4
-0.58701196571799097,-0.79179893931919954,-0.16873467870266373,0.78960484445386703,-0.5139451068438039,-0.33523814933013762,0.17872084858483892,-0.33002252475293548,0.92690020575939769,-13.741935773871692,-1.3648630619845077,-1.9343660353010685,,0.2824377347365155,0.24,False,4
-0.31363135010137366,-0.94905840273351993,0.030389544822034001,0.93225734595037202,-0.31384281195248498,-0.17999702860693723,0.18036523266738275,-0.028121834695799968,0.98319761251651938,-9.0294665023558665,14.044020371623535,0.52047655774587842,0.2860589801298355,0.256289297840626,0.9259259259259259,True,5
0.16685860518474122,-0.98570409231850531,0.023359115187738921,0.97271025208626183,0.16069271604309737,-0.16736970005641308,0.16122335861184581,0.050648725524379157,0.98561743858389217,7.4431978644769616,11.191352572312052,-0.11844148374410049,0.2965507073026067,0.2657934710653432,0.9906542056074766,True,5
-0.7323830949286404,-0.67969722123987919,0.040332241464283471,0.66186002958117762,-0.72456832845264929,-0.19220311820086758,0.15986339013529424,-0.11407201603426081,0.98052601783549365,1.3316545357156955,-25.299073872961014,-6.6476247890842046,,0.2100915660854826,0.9,False,1
-0.94224718977198529,-0.33024329986084977,0.055763754032637128,0.30857595620241135,-0.92074405822426342,-0.23877030489255027,0.13019643858632701,-0.20777329506394868,0.96947364339506703,15.468527349957336,-9.7671061787287705,-4.0610823218953929,0.2932780353331902,0.2408092261293406,0.8309859154929577,True,6
-0.24288911759363307,-0.96972586144121609,0.025231531992290182,0.95299877862629834,-0.24339394107351126,-0.1804237162500773,0.18110274567595769,-0.019777338061422393,0.98326530113079547,14.937605990826782,11.94124773646427,-0.29265996420852863,0.3220069254392379,0.2588363250330822,0.9342105263157895,True,5
-0.099856024378248379,-0.99442844189274782,0.033776446677129354,0.97929301416950465,-0.10423108213027837,-0.17355423912067924,0.17610782718033124,0.01574660194179868,0.98424492771520544,-6.4340953002512586,18.194253039995541,1.0720345049837057,0.2068164047647216,0.2273649406842886,0.8979591836734694,True,5
0.36739111325839779,-0.92996403354364865,0.013808193726299229,0.91972659866993023,0.36105898345487963,-0.15407593636116773,0.13829950686028042,0.069305892835724123,0.9879625193399022,7.3384865680636056,14.937134100744963,0.49745559673066808,0.240002480391123,0.2403639434558379,0.9285714285714286,True,5
-0.98817958437697928,0.091148718936009621,0.12325996940152867,-0.13579840843998259,-0.89354885009100726,-0.42793602882464499,0.071132983107058928,-0.43961615477296095,0.89536458226631221,-0.08409547407784726,-15.900368662096081,-4.9144512292316138,,0.4120687617344882,0.4086021505376344,False,3
-0.59677465853347289,-0.80218407202367081,0.018992670264601892,0.78344872096762108,-0.58762522208216417,-0.20224910379798161,0.17340158172997294,-0.10581735663117922,0.97914992646128218,15.036075558180894,7.2576411287757479,-1.0194741631143516,0.3062986947721766,0.2645267594916586,0.9634146341463414,True,5
0.59266818639457675,-0.80477231850023756,-0.032953546266182486,0.80059423086718307,0.59308859078758047,-0.085409607069623514,0.088279659820078626,0.024237137895306692,0.99580081482628702,12.993998784540265,-19.34041297346554,-5.7430720330388167,0.2944207934019776,0.2494973207542167,0.1428571428571428,True,4
0.2054061659363558,-0.97752506084776192,0.047466434560693521,0.96623811200954501,0.19484877927005201,-0.16857598914792093,0.15553847721884023,0.080490425713552333,0.98454510992279809,7.4200875563247717,-15.765041208343625,-5.0671047439323802,0.2108528761743723,0.1336533452074468,0.8666666666666667,True,3
0.98227364321861821,-0.1789846966623907,0.055704292462018287,0.18526356027853058,0.97222977787797982,-0.14299186074828327,-0.028564017065975798,0.15077711155213561,0.98815502810087885,-2.6241855752157157,16.780332521558336,0.82361575382924346,0.2775673282185614,0.2599140321267441,1.0,True,5
-0.30092574456249682,-0.9531588571284233,0.030526862549985039,0.93611400074233075,-0.3013516579277068,-0.18132224319815363,0.1820282227394833,-0.02598790760836877,0.98294982312651391,12.821252251160137,-14.460864067139578,-4.8503814898340663,0.1302185590282895,0.1511395843946494,0.6388888888888888,True,5
-0.45437097568828966,-0.86926248172906151,-0.19475562715953687,0.88886004257192486,-0.42794004068902669,-0.16369223040239186,0.058947783428279318,-0.24748749348867502,0.96709622033983034,-14.486427589369166,0.4299209308575131,-1.5999222101119386,,0.3565929053959293,0.189873417721519,False,4
-0.99563291707419832,-0.073131208776325327,0.058025173340868333,0.06077120836435404,-0.97954887025176662,-0.1918094654140545,0.070865751052681045,-0.18744555767316179,0.97971537103198414,19.180967250775453,-6.4014400509927132,-3.556757508592169,,0.2352639468878254,0.9583333333333334,True,5
-0.31859740668204811,-0.94787177427408997,0.0058984735282881957,0.92981357108569296,-0.31372507520981835,-0.19241439709508901,0.18423467502168653,-0.055818247187493029,0.98129603474210125,16.902865623172147,19.350446716957229,0.83181433994660914,0.2151550943397654,0.2041293814362188,0.6551724137931034,True,5
-0.70026095473186523,-0.71256385149152035,0.043443674172263649,0.694970059859494,-0.69435802965624915,-0.18677136437575542,0.1632519867471956,-0.1005966410943252,0.98144235929759616,11.608358594621311,14.569305874584709,0.28349423647479149,0.2247045225705407,0.2048360632071701,0.9298245614035088,True,5
0.22376726159330237,-0.97407814488711641,0.033165950797610165,0.96207306003726867,0.2153060434012834,-0.16750741722506574,0.15602448458354909,0.069390743821921994,0.98531278530336741,-4.3688301423850451,-2.1648897910573699,-2.3219988073795665,0.2819561285983285,0.2283498889631523,0.9807445442875481,True,5
-0.36908111318121362,-0.92934888796503323,0.0094750372597854193,0.91156210187840903,-0.36396729339771899,-0.19126511379694389,0.18120062447998181,-0.06195525623300123,0.9814926795005503,-13.37128690118467,-2.5904321773529588,-2.1676815474458357,0.1607811895237198,0.1592559281279141,0.8131868131868132,True,5
0.10951527871010192,-0.99390053313637206,0.012966647997243454,0.98028140308693801,0.10583755308290468,-0.16687355428385661,0.1644833562733708,0.030986167698814127,0.98589303827564811,1.9197246150282548,-15.083693266513944,-4.7899603712531169,0.56008644714439,0.268710957626669,0.9230769230769231,True,5
0.24031791041503528,-0.96975893011239389,0.042601870862856904,0.95838609310228839,0.23007529258037185,-0.16900134997149308,0.15408893043266242,0.081443091857571009,0.98469468583251574,-3.6931042676901553,-21.733705353440644,-5.8762661686281987,0.2202709320895377,0.2202410837099901,0.9318181818181818,True,5
-0.48041761523672605,-0.86837735191179377,-0.12296214725238164,0.85686871554806365,-0.43483662374253085,-0.27693521799729082,0.18701582629624536,-0.23840697418250165,0.95298855993966447,-11.192578144645591,-18.869376813870439,-5.2089487304801505,,0.2525891047982118,0.2181818181818182,False,3
0.85204163034824099,-0.5219114374184991,0.040416724821131615,0.52200278135469191,0.84132612380377636,-0.1402977179546335,0.039219337213631411,0.14063713911008155,0.98928410413361789,6.2042746688030821,-15.634638837393815,-5.0152902587552193,0.2198045775508178,0.214377366863103,0.9807692307692307,True,5
-0.5472949016898474,-0.83605904038227508,0.038387127782236713,0.8181089798796829,-0.54409264271864899,-0.18617436230496773,0.17653891249388898,-0.070487425364430645,0.9817665380532018,1.3306032580643632,5.6971423008505022,-1.0468554090051898,0.2989239818179941,0.2767180351216664,0.9971264367816092,True,5
-0.70724205120395534,-0.70615560067677863,0.033955097432337877,0.68660427614710207,-0.69751979765832173,-0.20503828874434105,0.1684732886404719,-0.12169798481286197,0.97816478750114111,11.90522305247425,-10.573127736744269,-4.0978614772583741,0.2497441412968713,0.2148100179801988,0.9423076923076923,True,5
-0.99413509804442235,-0.088010198172174078,0.06284593744947202,0.071084135883440688,-0.96973618999518629,-0.23357818271261122,0.081501242088159953,-0.2277409204146591,0.97030491120408779,-10.425654098797922,-21.260832659871127,-5.5323980716412651,,0.2250402130410086,0.3333333333333333,True,3
-0.75507821643987649,-0.65554211605652457,0.011019125832406771,0.63625470321077626,-0.73671137443335011,-0.2289897452347863,0.15823033748350263,-0.16589419777876388,0.9733664651318118,-25.39902753437595,-24.733037670152342,-5.7466016249872958,0.2870115330395693,0.3170391449756634,0.9148936170212766,True,2
-0.90340339935924285,-0.4283213752898718,0.020077288062825899,0.41052871016351067,-0.87749681335934371,-0.24792240857913941,0.1238082233038218,-0.21573164351571247,0.96857182584894619,-3.783911255395064,23.434299729931158,1.8745652519075788,,0.3321166390022235,0.6956521739130435,False,2
-0.11314381424638631,-0.9928444339612128,0.038189098575631401,0.97752720661642645,-0.11811462444816756,-0.17461241598510574,0.1778736563476068,0.017574568094504802,0.98389638526311618,-8.0060775074011978,4.5688759320421299,-1.0816315171305684,0.3936430423682519,0.2801737165807643,0.9787234042553191,True,5
-0.090480434141435279,-0.99589716850795684,0.0014562950979922808,0.98010987082959489,-0.089305265067459838,-0.17722643914954189,0.17662936375351906,-0.014608195955208191,0.98416902434031217,-17.989736443360872,0.21951430415922948,-1.5056366641040042,,0.2830472933633476,0.9880952380952381,True,5
0.68768951294544811,-0.72598365264879017,-0.0055560661959768304,0.72112266315391671,0.68393096081717275,-0.11054657625409443,0.084054972908543718,0.072015115930062767,0.99385541433697699,3.8071359881077114,-21.068035220823035,-5.8860919324940122,,0.1589324375964735,0.2962962962962963,False,1
0.3447611668282225,-0.93856933707435797,0.015077710404559413,0.9272136254510146,0.33799797548076732,-0.16134516214900524,0.14633738628672019,0.069605804892291817,0.98678285417819656,15.812685224256443,-8.4472513084015937,-3.8071611682723914,,0.2373645037865164,0.6621621621621622,False,5
0.95217441577431605,-0.30515435815884073,-0.015642878299873614,0.30551357740150364,0.94995342713082831,0.065191566216255076,-0.0050334846949354889,-0.066852853185626032,0.99775014911187376,-6.4586897786672699,-20.182829277925592,-5.4708376002444732,0.2742259310342781,0.2398255267495097,0.2542372881355932,True,5
-0.019871028916641761,-0.99920139327244006,0.034665802921719259,0.98501500277380516,-0.025506651585445236,-0.17057214026744855,0.17132012876575076,0.030756892029465556,0.98473520657706415,-15.561773217333185,3.8430075199952727,-1.0597306337360355,0.281305659640718,0.2506270059706097,0.9879518072289156,True,5
-0.42320887821063646,-0.90563502124277662,0.026822634141515825,0.88782508562730011,-0.42042767782559415,-0.18710207120460995,0.1807231660152375,-0.055369450211948612,0.98197421618322267,-4.5186316148613637,-19.675007260018521,-5.4836757015236532,0.2051003846787484,0.2242813853464436,1.0,True,3
0.067409834027223281,-0.99770879696083814,-0.0057507167708627689,0.9844790618946041,0.067449860592710201,-0.16202312488389942,0.16203978205225386,0.0052604917051951791,0.98677020438371432,-23.318508094094341,9.1908960506224897,-0.16060370061541548,0.2603947008676906,0.1719655577072713,0.7333333333333333,True,5
-0.66225305383225208,-0.74896973361585584,0.021569209935731033,0.73026813382709732,-0.65162521946151286,-0.20516585017596212,0.16771805331134301,-0.12012040413322994,0.97848952120312704,1.4716967441746911,-18.821032565344673,-5.448240754352196,0.2037135984388387,0.2340656718521089,0.9078947368421053,True,5
-0.37915292940969825,-0.92509435498754577,0.021059213903210184,0.90826810872921482,-0.37641456068181761,-0.18265027011250057,0.17689572856770602,-0.050124972587434535,0.98295238355558678,0.40109620014759667,23.589581205894778,1.9210288563447731,0.3183780234368114,0.2583684554125135,0.9795918367346939,True,4
-0.99630562863505223,0.069294410089700775,0.050728483916175196,-0.083586788582330304,-0.91800534486939678,-0.3876589165306441,0.019706423435166539,-0.39046699159025017,0.92040598941654739,13.613087119960523,-6.4018676628644879,-3.4193335208965867,,0.6714121440160659,0.3488372093023256,False,4
0.75662810344935982,-0.65310908512440136,0.031023152621761661,0.65100448282319134,0.74807379416596675,-0.12875854078951313,0.060885765288240717,0.11761854194855124,0.99119059830850031,2.7158347501036091,21.582313744777966,1.4865858027075853,0.28112653794355,0.2306172437642975,0.926829268292683,True,4
0.69989516781452532,-0.71403276725014864,0.017434487746251164,0.70852731756653231,0.69100234230259472,-0.14319498313245357,0.090198638192898667,0.11257428758568454,0.98954092156045981,10.260421116018003,24.470677919457131,1.8038320575512974,0.2587915931946113,0.3118521851905012,0.9473684210526315,True,4
0.76936092953090285,0.63430775258810324,0.075745858751314649,-0.61978277235621571,0.76990126819163252,-0.15205706931069746,-0.15476781061250339,0.070040789855231003,0.98546497276903111,15.7386480732174,-5.6681524965982906,-3.3222664118296579,,0.1308518226617821,0.2,False,1
0.94760324349330616,-0.31696077258475142,0.039799014603929553,0.31942361658061569,0.93855238479823599,-0.13072097827091161,0.0040799621966447173,0.13658436818326575,0.99062004031639317,26.278986523365852,-1.9062335920372782,-3.0291240760320486,,0.1270639788541204,0.625,False,4
-0.73785558727241674,0.65816012256627632,0.14964753721468779,-0.67128664458835041,-0.69248198037122421,-0.26427816341586247,-0.070309125497270891,-0.29545551259824504,0.95276579858174881,18.900582058999021,-7.4425156756682336,-3.6864968354647871,,0.1867141451170967,0.3461538461538461,False,2
0.97539675163589756,0.18591540095567993,0.11847632922076159,-0.19928087426453647,0.97338260541559563,0.11319645147577329,-0.094277834354102363,-0.13402151753294619,0.98648361506294924,17.102783485059337,-5.1678580785366828,-3.2188412058094631,,0.5214449915881417,0.3650793650793651,False,6
0.15144748338009023,-0.9881418371431453,0.025285756172329477,0.97623424081412968,0.14551281212885403,-0.16060114746916376,0.15501731142003652,0.049007460592464872,0.98669544539659304,-9.0603087614449134,22.468687578454457,1.6726904605529178,0.2492825881958017,0.2511322728244832,0.8888888888888888,True,4
-0.36924764261024839,-0.91541139353004952,-0.16024406080148029,0.91143177899767225,-0.32303280892985731,-0.25483703927809653,0.18151664017360516,-0.24014950541331659,0.95361413810294726,-7.5532019198448754,-29.225491723710274,-7.1172259684605228,,0.3105072857335441,0.1724137931034483,False,2
0.63153697663746966,0.76231433289619321,0.14155530721465595,-0.7559574197232074,0.64596867094481292,-0.10607947833215334,-0.17230620042538769,-0.040016671760949168,0.9842302775652364,-19.861172535961046,17.0262026478918,0.89114129880044024,,0.2020843833095619,0.7142857142857143,False,3
-0.93898897527813685,0.33348200298272274,0.084198919189887991,-0.34386879080428051,-0.91543905874995679,-0.20910663410278135,0.0073456801533839447,-0.22530220460888514,0.97426123682586296,-26.517115404808951,3.8157362581899466,-0.90053639570616051,,0.2480133559667702,1.0,False,2
0.060449931926581491,0.90428758002241771,0.42262250099500293,-0.9819037231638158,0.12999966204584629,-0.13771407446228023,-0.17947390943284319,-0.40664980079321977,0.895781812355959,6.9549635950474222,-12.187576732188312,-4.3933887000773248,,0.295665290321258,0.2413793103448276,False,2
-0.08046557355256051,-0.99510230138622446,-0.057416907341800272,0.98196142135336018,-0.069251139738977646,-0.17594330512565939,0.17110540157033544,-0.070538566902737743,0.98272440293948238,19.73466121101734,-11.657010145224659,-4.5380399982744919,,0.1445382915540524,0.2380952380952381,False,2
-0.47104394037138686,0.87787361893874172,0.086345326513910095,-0.87361342324533109,-0.45071358386810845,-0.18345803891445883,-0.1221359609818941,-0.16184923382012684,0.97922807994198524,-16.383409642760395,-7.2530664546127017,-2.9422975446305712,,0.1158889241289723,0.375,False,3
-0.56812303647869045,-0.82289304285358611,-0.0091244421966018979,0.809342265725572,-0.55669142691915907,-0.18724249545685023,0.14900104809171855,-0.11376157179767292,0.98227134359589907,17.34413498277485,-14.268683366057113,-4.9121709208416382,,0.1139297540984604,0.4117647058823529,False,2
-0.82718152255454436,0.52975855884279099,0.18742091152578183,-0.55992545427851659,-0.74884867637486341,-0.35455485547741683,-0.047478567747378214,-0.39822296421028336,0.91605909000469665,13.389175883448118,-12.365222982257208,-4.4585169095726531,,0.1813239166899025,0.35,False,1
-0.78613293219398162,-0.61596626193570192,0.050799380675861101,0.59903292845934897,-0.7795925923359881,-0.18274282638798819,0.15216623653593128,-0.11322965217562254,0.98184748424929957,15.35627534321325,24.909636203960531,1.6779667226727302,,0.24662098976549,0.9666666666666667,False,1
0.74785943789627785,-0.6615743462016056,-0.055005868753991639,0.66219950946837502,0.74927857709276013,-0.0085687554342651906,0.04688358784592743,-0.030016634684234829,0.99844926302387871,17.943363736586196,17.644389475630064,0.59771715144253612,,0.3601678764066615,0.3703703703703703,False,2
-0.62975445476430769,-0.73252916786921185,-0.25847697175057815,0.7578776525368135,-0.50642040268287547,-0.41129045640739437,0.17038424366647897,-0.45490591770975447,0.87408799073253918,-12.745811285521784,-16.1391628398016,-4.6796107959653614,,0.4441538795560966,0.4464285714285715,False,1
0.35017888356493948,0.9281573601577674,0.12608990558398486,-0.91892742711680253,0.36649997604673512,-0.14577431615424319,-0.1815134518367916,-0.064820385240356312,0.98124980736792289,20.995148905965156,18.593395447227525,0.60839683013696533,,0.1482133784466382,0.3214285714285715,False,1
0.81569716572801454,-0.57781706710688197,0.027668949804549686,0.57503280009576252,0.80469627805487498,-0.14765222280297627,0.063050873406419267,0.13635005333564829,0.98865223932283441,19.156737805314066,15.677722914743509,0.1967695982908326,,0.1486416373546833,0.2857142857142857,False,2
-0.71477267767760888,-0.69923401334165869,-0.013107777527042851,0.68033125171584741,-0.69086353645427112,-0.24465682483153131,0.16201668798099014,-0.18379164448912122,0.96952113140026774,-15.585871070494012,22.174439097077968,1.7419556464639578,,0.1477207252349176,0.1428571428571428,False,1
-0.66479466842382196,-0.74234893320080875,-0.083463226698248322,0.72804961528882839,-0.6188274629744922,-0.29495140065160474,0.16730752079046105,-0.25684748868574925,0.95186005328660284,16.941674972099403,30.558701110223655,2.5484794719161967,,0.2474732433131176,0.35,False,1
-0.97560488397768608,-0.21730094401623068,0.031231555973748236,0.20026277761255121,-0.9391984631491137,-0.2789284258035547,0.089944039612373433,-0.26586941634569083,0.95980389829913182,29.957199056492463,3.2209915870446753,-2.3044432482969626,,0.2241776317693271,0.5,False,2
0.41853828858760883,0.89190891704133468,0.17124305734338277,-0.89005638316496205,0.44031975088506076,-0.11797521675260693,-0.18062484816176891,-0.10303883094577324,0.97813989978114413,-11.358014264707505,19.241507136748869,1.1075950592716526,,0.09812425494967345,0.1875,False,1
-0.28532698246500882,-0.9583079702191688,0.015308405920561208,0.94109817810807506,-0.2831552745868377,-0.18481696252052743,0.1814462240970422,-0.038326553302751698,0.98265372490662095,23.285203806401551,-2.156878062932357,-2.9559461850397044,,0.6238613020602642,0.1153846153846154,False,1
0.8346116148470778,-0.54877818395954547,0.047602071093763201,0.54898781395656726,0.8216165905468763,-0.1534879743345221,0.045120200459900589,0.15423580306851256,0.98700328498048517,-19.874612730248845,-5.9921336799059954,-2.571785912116749,0.3253799057957449,0.2342782998731877,0.7166666666666667,True,1
0.33036785205237235,-0.94300843097928289,0.039902148216519301,0.93300480654956242,0.31988807458253327,-0.1648443226055831,0.14268536465144441,0.091688160859900419,0.98551213481743261,-23.102446479852368,-3.4939587243199788,-2.02365366545295,,0.2806220187770633,0.8363636363636363,True,1
