axis_00,axis_01,axis_02,axis_10,axis_11,axis_12,axis_20,axis_21,axis_22,location_x,location_y,location_z,dbh,dbh_approximation,score,reconstructed,number_clusters
0.63318093112708207,0.77322822037091488,0.03464141566203531,-0.76306964415300671,0.63110695752664314,-0.13938696615418544,-0.12964037422518468,0.06182335629430051,0.98963187397499619,2.5006506341155283,-11.401053658492577,-4.0220007067896164,,0.07073324605415064,0.3043478260869565,False,2
-0.23438960522532584,0.96736768470007872,0.096235521302302285,-0.94490300456123633,-0.2034330796672475,-0.25646304620402499,-0.22851657474560658,-0.15104550537870823,0.96175123102152926,2.4845778764061115,-2.3500745987306972,-2.6477049052054475,,0.4018893929035741,0.9737742303306728,False,8
0.4409765861275361,0.89741605782302336,0.013567227008037653,-0.88445325984496437,0.43707744803101373,-0.16341889600750636,-0.15258467038637749,0.060064328715805436,0.9864634786848423,8.3300517817949515,9.5166793214631316,-0.99048226985852217,0.4277855782186487,0.3129435047472462,0.9862068965517241,True,5
0.99725004708208731,0.074042293205685186,0.0031752813449301611,-0.074059026545213236,0.99723856507364461,0.0055231256580820787,-0.0027575681227357245,-0.0057430955679752841,0.99997970612975307,-3.1683189911069198,-13.723835706921705,-4.2480670728298637,,0.3893966425539685,0.4520547945205479,False,6
0.45111817579994057,-0.88285265818331904,-0.13062762112808574,0.87564779968636497,0.4661307580241042,-0.12634495371126872,0.17243353028736202,-0.057387283979316847,0.98334804482955873,-11.947823909447052,-1.8301701163317101,-1.7291202316273384,,0.3335479129972867,0.5918367346938775,False,1
-0.6288748355590007,0.77413415096574656,0.072337801384769598,-0.76029210821625504,-0.59281441734195106,-0.26556915629569022,-0.16270326175194386,-0.22200761901355001,0.96137415490287259,0.047663505449628454,-6.6116699218902895,-3.1631934240762787,,0.152784684489318,0.1884816753926702,False,5
0.58284178335157366,-0.79664966611527765,-0.16013982970509388,0.79001372961811145,0.60166607389224891,-0.11779746407275063,0.19019401303522018,-0.057855380091275499,0.98004030141625043,7.3154731557891193,-2.8633579454654408,-3.1108294384010176,,0.2508606403452436,0.5303030303030303,False,5
-0.83521464949899848,0.54757048999957925,0.050823692741531819,-0.53740296219151618,-0.79309530569839626,-0.28670174800121284,-0.11668138450519357,-0.26677030299639393,0.95667082110262103,4.5390781090375025,14.247527659527062,0.4685778695974091,,0.2481090089047421,0.3214285714285715,False,1
-0.55749472882474393,0.79093407610916477,0.25223583128089933,-0.81624947008800808,-0.4667991105836623,-0.3403459900444652,-0.15144777949402366,-0.3956284590466706,0.90583756406912497,6.8738130162498754,-1.8466923292065067,-2.9620204488680386,,0.3045163978767723,0.25,False,4
-0.404949539893104,0.88241835022036619,0.23948637818199753,-0.89189274167767685,-0.32353811908455665,-0.31599117525953796,-0.20135343921333979,-0.34155664346282977,0.91803913414590643,-3.7904431228819426,-7.6946506899595395,-3.2615908216531007,0.6168714539544407,0.4036683544379802,0.2949640287769784,True,2
0.83562955738342792,0.54920310632122893,0.009959459537972273,-0.54715152477879558,0.83383395100541546,-0.073117378802418351,-0.048460827060780191,0.055649709413527031,0.99727361244684209,0.30128126689292128,4.4649175147849167,-1.1961350156743011,,0.3194773651085677,0.2044198895027624,False,7
0.61233236697695159,0.79031996642408364,0.02105761201656748,-0.77958133792702111,0.60801510487101007,-0.15023504852267675,-0.13153710468274871,0.075577661515363978,0.98842602513873012,-16.440025938140323,-4.117154390968766,-2.0942367844332668,0.3308369552413161,0.2907084406749914,0.9487179487179487,True,5
0.49922749928086746,-0.8265035895286823,-0.26012251047914814,0.85887209703722955,0.51169538817670601,0.022506680109717458,0.11450163707407175,-0.23464791969010348,0.96531328018030693,5.1417771061755966,12.989161527064022,0.088267595282223887,,0.2518080297059778,0.2857142857142857,False,3
0.61677674238576075,-0.74979285838175325,-0.23957695960114928,0.77320898022328277,0.63412295609921621,0.0059957860255240858,0.14742565229322019,-0.18894111799106411,0.9708588625429585,-11.699536907750929,-14.951372598132567,-4.2768019784145013,,0.3208288720008218,0.28,False,2
-0.61492439464908932,0.7876580781368846,0.038245794685960233,-0.77291757652214343,-0.59237724936394998,-0.22734910234953012,-0.15641741836696926,-0.16936335607713451,0.97306199435066965,-9.5720120368386397,-4.3378415179394318,-2.3936576111117032,,0.8928106443715211,0.3853658536585366,False,1
-0.073832932805799487,0.9970531159691286,0.020827433100274382,-0.97976816361022345,-0.068625784866344922,-0.18800225325066866,-0.18601893346953871,-0.034286813612966156,0.98194774341770641,-12.163522570868595,6.8649825173064025,-0.011578118721660596,0.2803866658730841,0.2505490412196399,0.9775280898876404,True,5
0.12514548108939963,0.97961371632277194,0.15714825915418287,-0.97108784409537141,0.15339894782713182,-0.18291298984963339,-0.20329045135742602,-0.12971403007314336,0.97048815695456969,-0.63322638258222408,-7.1721583270974767,-3.2336018082923661,,0.2278360700983855,0.3,False,6
0.99666986714761863,0.080959940675553246,-0.0097295388256510608,-0.080908880943042966,0.99670614842152772,0.005532330726617074,0.010145388336256837,-0.0047267012318388535,0.99993736273377254,-1.442004419261887,-9.1837966686104942,-3.5581515727708726,,0.3188135660887308,0.3066666666666666,False,6
0.18152029825966526,0.9833289874392338,0.010699709409780956,-0.96724046082457726,0.18049285263297848,-0.17851672496511264,-0.17747189147462769,0.022055217299800249,0.98387869939656536,-18.077331750814551,1.4308474969253164,-0.93893905640961672,0.3443280074925992,0.2947351682791718,0.9866666666666667,True,5
0.98134587727127731,-0.19060893256128797,-0.025069981861071983,0.18468682405181819,0.97090457703490718,-0.15243057211176908,0.053395188775027615,0.14495701818302861,0.98799616228767073,4.1408173177301171,8.2511430309276452,-0.87875666152273191,0.3397428811908204,0.3177032415018191,0.9898477157360406,True,5
-0.040681926274519942,0.99915313328948419,0.0061641797832916491,-0.98210660440790698,-0.038850986809152784,-0.18427484473559036,-0.18387930403654848,-0.013550537323710336,0.98285542399951853,6.866460715080474,-10.474945874229437,-4.1479606219976404,0.2418370848950008,0.2349241532444519,0.816793893129771,True,5
0.4277175498769954,-0.88148446271226921,-0.20010707015016277,0.88801799747735255,0.45110319787568426,-0.089050216297569387,0.16876532132974667,-0.13961033938499481,0.97571882192221449,-4.4241860602074805,-6.5163932326180127,-3.020563775853109,,0.2882859711220699,0.25,False,5
0.11348699656993692,0.99353935124547066,0.00050905428601889617,-0.97657756101539794,0.11164377824646812,-0.18393459190720934,-0.18280308785891278,0.02037705340780142,0.98293835349103342,-9.0643617768009133,13.281574374667541,1.1289350049709377,0.2676615757294035,0.2271182609693299,0.9710144927536232,True,5
0.99985799443099144,0.0098027693485486737,-0.013707541192222308,-0.011393371791483031,0.99255748167699376,-0.12124288286842735,0.012417006549823507,0.12138184081700733,0.9925282195828079,1.9450124981648873,-16.536496337883502,-4.9122213310933533,,0.2934478238378164,0.9256198347107438,True,5
-0.88445255770767284,0.46312301388033544,0.057102952452124767,-0.4583814471954788,-0.8393805416827137,-0.29210743761741487,-0.087350569725292496,-0.28453010431029674,0.9546792643133285,6.1500074178540283,-11.1557365014182,-4.2190394544100593,,0.1620727214106999,0.2962962962962963,False,5
0.73509985038682035,0.67747117103113796,0.02571035555907103,-0.66885653785639254,0.73090209795614158,-0.13569471238803454,-0.11072100852157857,0.082552623368429653,0.99041704480837545,16.211100570853159,-13.54740333281118,-4.8228779004938334,,0.5705011837596249,0.5,False,1
0.99626902396197292,-0.084390073207474922,-0.018065088925731186,0.081152839145946551,0.98729531579108587,-0.13660957548990332,0.029364069752158824,0.13463385518143836,0.99046023466193389,-5.0439446416741394,-10.47121092982165,-3.6979251870029874,0.1632308564165698,0.1186622626422739,0.7163120567375887,True,5
-0.98987547810341514,-0.13393667316522745,-0.046984097639184062,0.14193655905109426,-0.93232696410859017,-0.33259652012731067,0.00074233029886155988,-0.33589790052557988,0.94189810986551858,6.8801538683295176,-5.4315678964451362,-3.4082587733773537,,0.3680832490779966,0.2781954887218045,False,4
0.80771306975443891,0.58948495088870867,0.010348411646202047,-0.58348001757946455,0.80175628366125773,-0.1293751548604212,-0.084561610872370227,0.098459912073021155,0.99154171857831797,-10.85222501666404,-4.5101444888429389,-2.3856966920503657,0.3529916649787557,0.4562054668505969,0.6296296296296297,True,5
0.98407889283554517,0.17247961043887508,0.042889586829691871,-0.17709332996558419,0.97200566230819285,0.1544116087686177,-0.01505606712486819,-0.15954866475049478,0.98707524455791429,-2.5573124039172952,6.1506199531069639,-0.68794495598478267,,0.1805642266889414,0.4022988505747127,False,4
0.59487836605731792,0.80381566584699038,-0.0003239381668613886,-0.79237169534925034,0.58634119170581089,-0.16837785875335423,-0.13515482235692139,0.10042102492988948,0.98572247196951945,-4.9642639899140804,13.427776976169277,0.93107191922999477,0.2433170093854616,0.2380459032821912,0.9841269841269841,True,5
-0.97206091750243762,-0.23409558133869868,-0.017228797462866801,0.2329468149552758,-0.95305273498385523,-0.19345869259866852,0.028867872566441792,-0.19206702772076806,0.98095713606456736,9.5176096825952499,-1.6844134914518114,-3.0231722483193515,0.4375735942365249,0.2415180312930571,0.9513888888888888,True,5
0.83142730930309028,-0.51624058062029698,-0.2054855037851652,0.54375628871928072,0.83202550633405903,0.10983012013008081,0.11427041534561126,-0.20304979618402139,0.97247779020724678,4.7611900439428512,-10.595125172253182,-4.038388257414379,,0.48579995062261,0.2888888888888889,False,3
0.26214316879713273,-0.94514803471971198,-0.19487470723124778,0.94653286507530121,0.2911686119912833,-0.13891139162578206,0.18803322681201826,-0.1480406425835015,0.97094153982519704,-9.8357714781988879,-11.382565132033278,-3.663314031342138,,0.2135393412197883,0.1875,False,3
0.89907540164500199,0.43764302357303231,0.011489389658887961,-0.43588359973179425,0.89729309389550405,-0.069789620519731449,-0.040852290532264385,0.057738094576192389,0.99749556529990613,-10.532184503951077,6.4456333509596178,-0.16546868549592755,0.3059912743272907,0.1333378263427774,0.2765957446808511,True,4
-0.34671634251667133,0.93006981616697981,0.12148215871881655,-0.92048226935263333,-0.31249323109424049,-0.23464946692398153,-0.18027803426732092,-0.19317897808872245,0.96445928518797952,9.1225103594040888,-17.359320680414289,-5.2485775557233856,,0.4259368213778546,0.4571428571428571,False,2
0.7888988649356069,0.61397614893670871,0.025920444443710142,-0.60831162910956404,0.78621189518739887,-0.1087557711383934,-0.087152411288381873,0.070029596619477941,0.99373050310631705,1.036369257201895,-13.027849356019265,-4.2545051290537508,,0.1373260232743095,0.3448275862068966,False,5
0.27670751887998124,0.96093654525203009,0.0058227995310020254,-0.94564197312630149,0.27337075057535776,-0.17615246632295722,-0.17086312550424698,0.043236428263199247,0.98434567282736674,-5.4211429914604361,7.6673071540730175,-0.22119699026602985,0.3540472624755612,0.290247594314675,0.9953488372093023,True,5
0.96401040206322863,0.26547453811517002,-0.014394941001278945,-0.26409551254377106,0.9499558425086827,-0.16684560988489527,-0.030618702914003686,0.16464254278939253,0.98587794788995475,14.866496239649765,-11.150707281601136,-4.4611316006651416,,0.2972461362438518,0.9444444444444444,True,1
0.16747187240574019,0.97578773033870347,0.14068218534469248,-0.96594089683631379,0.1909578372332747,-0.17462327513321063,-0.19725961515721963,-0.10664618942856328,0.97453334191724506,-10.379787243978448,-1.663460976849187,-1.7461367168183524,,0.2882083874441373,0.3714285714285714,False,6
0.35295032956769323,0.93563622964309623,0.0033031253848886128,-0.92054617895552071,0.34788518275584351,-0.17768126527387298,-0.1673941374972488,0.059671981684748007,0.98408254599569422,-9.0461836241300979,0.58590082893438411,-1.410567252511175,0.2630736346690811,0.2526909619247513,0.9295774647887324,True,5
-0.55292621849311385,0.82139809527405372,0.13992057026421414,-0.81416835234103158,-0.49689119325184311,-0.30038148430795464,-0.17720747994708322,-0.28000769837437861,0.9435005023326104,1.2660643760845272,10.712916469400584,-0.086977064120488806,,0.2896186912856042,0.1481481481481481,False,5
0.7612266765870126,0.64846581697070638,0.0051020655431465931,-0.63984600138610637,0.75234148765308617,-0.15677812496057092,-0.10550375046652659,0.11607915478868658,0.98762067032896872,-12.107461351111439,-3.8883714673246867,-2.1245786009060814,0.4095569410761348,0.3259044998967498,0.968421052631579,True,5
0.58464195767995275,0.81102892999270271,0.020636279583400877,-0.79988838889752367,0.58048778204435125,-0.15235649052191291,-0.13554462965044586,0.072567276455172941,0.98811013746484877,-4.1729493227087167,18.212484655132748,1.8161278243388856,0.3061295112576845,0.2869434336414202,0.8409090909090909,True,5
0.47727856428360815,0.85622218023660024,0.19770875080851133,-0.86393196241475168,0.49834499672329852,-0.072621130251828953,-0.16070698924930205,-0.13614640028932043,0.97756709298885791,4.9970672286836795,-10.277086678554681,-4.0016341921878062,,0.1720010349228452,0.3636363636363636,False,5
-0.11793752139379585,-0.98370476107037008,-0.13570439968908066,0.97409717465423551,-0.088052650661037471,-0.20828208046349386,0.19293894209859247,-0.15675354464589022,0.96860873982368401,-5.8277303640176559,-6.6455334332616518,-2.943936298573901,,0.1723505530056619,0.1791044776119403,False,5
0.30520397369816327,0.95213216377701793,0.017171987076211061,-0.93698384390483669,0.30347030083376725,-0.17310994417762404,-0.17003473380509126,0.036743968391525675,0.98475279643506231,-9.2694377278921163,5.9035888563770129,-0.29642096497757559,0.2876081529806102,0.2554614011011048,0.9759036144578314,True,5
0.94782073732226491,0.31866822406170853,-0.0092958525823768866,-0.31615159070513221,0.9357826515345482,-0.15607370304309245,-0.041036832193665863,0.15086879087579916,0.98770166869514886,-2.8954753873077737,-6.4387448750874192,-3.0560219254255285,0.332413392159044,0.2833086516069691,0.9933628318584071,True,5
0.92577247295414533,-0.36418833198190681,-0.10154893977095003,0.36667077260423725,0.93032951355134486,0.0062881422639084472,0.092183907696405012,-0.043056417216901344,0.99481067148390911,-8.1573253805361574,-0.069284836471943168,-1.5947999238379664,,0.3927754479394804,0.2783505154639175,False,4
0.94064977843551134,0.33935786089241193,0.0037731392434309716,-0.3373259595885128,0.9361230720866125,-0.099422285705029367,-0.037271856901864159,0.092248773204036558,0.99503817641607983,3.3041973747930791,-12.699248148685887,-4.2841957859250677,0.6112303815683887,0.277216708032269,0.46875,True,6
0.50354873681049761,-0.86088221009653043,-0.072941689011590649,0.84997030127162465,0.50875764215557329,-0.13680697535039379,0.15488433301265067,0.0068907102401128423,0.98790857952525735,2.1288254021909587,-10.409851095487978,-3.9077459980224107,,0.242301571007968,0.5918367346938775,False,5
-0.84424240687163565,-0.53241970240966618,-0.061514379827743208,0.53164344458963486,-0.81736663318523461,-0.2219617867568735,0.067897026919132158,-0.220093269868568,0.97311301825333019,16.926972406152778,14.799400651680406,-0.4054327813078441,0.3011491706120257,0.2373808978887061,0.3428571428571429,True,5
-0.56495873965642718,-0.79159517965101123,-0.23280612972837564,0.80492427877125516,-0.46669790549577961,-0.3664559597692848,0.18143463817693911,-0.39442380323598131,0.90083923954858214,8.7140571334827541,1.8462535678526757,-2.5060074335688647,0.6838992999059716,0.4809343999035787,0.2407407407407407,True,3
0.79852228761413602,0.60065637754509016,0.039674579996488726,-0.59211939165153915,0.795625386228481,-0.12796433416773523,-0.10842869644932035,0.078690284681088421,0.99098489235866305,9.0698468968763137,-9.9224021497478976,-4.0583276659560363,,0.2689669337992973,0.9602649006622517,False,7
-0.45810388181877881,-0.87516439324607698,-0.15565384112444183,0.8798963971071242,-0.42159981696154109,-0.21917099419379626,0.12618701922332762,-0.23736233722354014,0.963190509217834,15.926825376961315,-13.636691474100719,-4.859760623212301,,0.3301077094637605,0.3541666666666667,False,2
0.75280700673219003,0.65824092875269724,-0.00070023546574293598,-0.64941185259924417,0.7425350074123902,-0.16403051079204647,-0.10745164642079015,0.12393805905317654,0.98645501732192187,-11.58432002206135,-10.092794038681742,-3.4421944165711036,,0.2823271071500217,0.987012987012987,True,5
-0.92121261802182153,0.38854863521905486,0.019931644859147873,-0.38287112516095601,-0.89626833058427879,-0.22385884192868771,-0.069115945449402555,-0.21385284113399008,0.97441774841366446,8.0676212370522542,12.334191678660456,-0.33032479898800698,,0.219405494859159,0.3333333333333333,False,5
0.89505730642927928,0.44594163964344075,-0.0029107111988997073,-0.44184886511329419,0.88592157400876415,-0.14111181773305972,-0.060348973526132846,0.12758925792539819,0.98998938512308765,-12.830679062751521,18.781847785740663,2.1452015574135941,0.3050300801279009,0.3066085282417808,0.7659574468085106,True,2
-0.33432403519779347,-0.94090613142085811,-0.054065620718704424,0.92826285431409739,-0.31882700967187028,-0.19151347525523482,0.16295862293756921,-0.11421466525069088,0.97999974359790709,6.5054468456087129,-17.636890111120437,-5.2031069056674601,,0.3107110985866086,0.7936507936507936,True,2
0.63452152649301008,0.77288026215436945,0.0062074784876404131,-0.76200835531504463,0.62689938632577247,-0.16229733779218797,-0.12932787343431462,0.098251004048630353,0.98672237298867171,3.9257138893555266,11.569252650781358,-0.064643310473636806,0.3323440298321273,0.2452237116982524,0.9693877551020408,True,5
0.60167628380409677,0.79851740130484228,0.018857606450873324,-0.78828521436366461,0.59744271954418859,-0.14720264154993218,-0.12881021047776367,0.073703165990397349,0.98892657614186319,9.7866525708685899,17.558370170347565,0.8317051069137118,0.223537890656026,0.2489688131241427,0.6944444444444444,True,4
-0.12153032541348083,0.99186557574895773,0.037855774316234721,-0.9732101215163983,-0.11157190289365516,-0.20103176331795197,-0.19517284489121361,-0.061273078336876716,0.97885298716824332,-23.065818846106854,10.101929903509644,0.75915520677920001,0.271670715019828,0.2193548580959148,0.2857142857142857,True,5
0.93496407848800711,-0.35059508006702506,-0.054085689141108402,0.34362582253091206,0.9329458740562121,-0.10739315700474156,0.088110533008411929,0.081823504656591467,0.99274440217947679,-22.09852999471352,-6.7193893966166849,-2.4365684139341126,,0.385151774853954,0.875,False,2
-0.52829815987820394,0.84905151214443675,0.0035473926407650121,-0.83322591634812226,-0.51763899131030511,-0.19438221883979068,-0.16320424809156803,-0.10564754800985185,0.98091945082375176,-18.468995367633621,-9.9488177764992951,-3.2078153027039713,,0.2504132278546727,0.8088235294117647,True,4
0.60766687511671158,0.79419177344018133,0.00062919458999120305,-0.78273619524701643,0.59903546945044439,-0.16876182918690932,-0.13440616628755145,0.10205848000154966,0.98565665884407117,6.3267463864145546,2.9347518420306953,-2.058557170399776,0.363721975922908,0.2984328653391888,0.9966777408637874,True,5
0.52278539044093641,0.85055101020708435,0.057082524271697056,-0.84048565244554196,0.52546848308201544,-0.13216179977845316,-0.14240541975189058,0.02111521544281969,0.98958316684455283,13.462423025585533,9.4292847015940247,-1.4369473151340615,0.2750507424244639,0.2709411248151248,0.6666666666666666,True,5
0.54965506378192974,0.83529359522330693,0.012803149526859103,-0.82298941712225437,0.54406229512453452,-0.16335433366947311,-0.14341453958248732,0.07925168012570992,0.98648438458679988,-5.6085522730206421,-1.6402645031202603,-1.9784613668506363,0.3079637409110054,0.2797003325563998,0.9872340425531915,True,5
0.56700408844144479,0.82228174091505335,0.04857059036491148,-0.80833239188416006,0.56678962743104755,-0.15921137668963084,-0.1584459148148662,0.051012320024516958,0.98604900247614313,-3.0948096247449608,-8.4364441968086776,-3.3699830145606717,0.4193534652248119,0.3967808970605924,0.8770053475935828,True,7
0.39817465998899226,0.9172573693693935,0.0097907344050721622,-0.90315980673661533,0.39387780547102147,-0.1707707171994419,-0.16049705180510418,0.059153974463869559,0.98526214971803217,2.9830996693105689,-8.9375481338354525,-3.7712487087583026,,0.3709557487027629,0.9951100244498777,True,5
0.90970867204729078,0.41427745223413454,0.028360616572092101,-0.41388685985676127,0.91013506170163028,-0.018757310555597068,-0.033582722341474518,0.0053256015400859093,0.99942175217891449,5.4801898105642337,-8.7027647190830262,-3.8182568293857382,,0.2751203581528592,0.282051282051282,False,4
0.53958692804503539,0.84184700610948926,0.011813779556626989,-0.82997901025550669,0.53423114889081069,-0.16041172678484228,-0.1413534209639524,0.076750881814446531,0.9869794894132774,-0.90868993379951624,10.502980128320543,-0.041918773777789582,0.2627725054124374,0.2494363845365243,0.9212598425196851,True,5
0.98334786936088359,0.18128081382073977,-0.01281539558116431,-0.18118997015212557,0.97251913284309299,-0.14620783484612257,-0.014041457890238305,0.14609518402264143,0.98917088243928197,2.5198734344433737,-11.998049978065161,-4.129509299367764,0.1198117692590884,0.1173627681063222,0.375,True,5
0.45694486256005701,0.88945734883861449,0.0081864019541450003,-0.87600118942476202,0.45159085900056728,-0.16937417806009453,-0.15434801166964729,0.070223362665952263,0.98551781852461362,-0.28289909294245585,3.5502622839930527,-1.361782827420428,0.3126460948275199,0.2363449984258222,0.8991097922848664,True,5
-0.98805708822688521,0.15370687562106972,0.010834518513505247,-0.1478598020382843,-0.925982705249773,-0.34740971275931892,-0.043366684745433814,-0.34486261897329806,0.93765084369879881,10.73446007532025,14.368930904311235,-0.053945941032573885,,0.2048945311488823,0.375,False,5
-0.71526075961385072,-0.68552195922108861,-0.13587379873360136,0.69336420640472984,-0.67176728415949649,-0.26071975991419444,0.087453547860324943,-0.28069264215268691,0.95580516717999986,-3.051530847155103,-7.8729109691182,-3.3132765832643267,,0.2034574144906727,0.1467889908256881,False,2
-0.54249331216111119,-0.83788765288831335,-0.060376215497340957,0.82760244686313711,-0.52073472521682007,-0.20954602334454284,0.1441360336855993,-0.1636448199323059,0.97593297756695774,8.6895762457607226,-11.656329215690802,-4.3535364623628379,,0.08938929271217541,0.2083333333333333,False,1
-0.7170272911385307,-0.67157596665593899,-0.18670186065672284,0.6940830414949487,-0.66322594283901659,-0.27996442676600675,0.064191862970803135,-0.33032872983656558,0.94168059073812249,6.7555397216478381,10.705140851389524,-0.52716079590919429,,0.2735519182834302,0.2692307692307692,False,5
0.32666009318665618,0.94495221926017925,0.018933748560408151,-0.92972057781514184,0.32486972128404684,-0.17343388186829664,-0.17003773318403656,0.039050832361032017,0.98466349672644349,-16.090502300230185,13.554985879861166,1.3095039064663627,0.2980203960238914,0.2927958709296227,0.921875,True,4
0.092983374120239506,-0.97170675261873185,-0.21711766176977448,0.97839132908688164,0.12961682334898322,-0.16108968394196879,0.18467403527518556,-0.19744737531827844,0.96276167075507435,6.5914736459439984,-6.1338523852258131,-3.5094428533380277,,0.5209391505732563,0.3862068965517241,False,1
0.14120605081547707,-0.96873685741629467,-0.20398468642596296,0.97262225781714828,0.17416909265068847,-0.15385405670279995,0.184571923140464,-0.1766749225228002,0.96680875923824428,14.796466204009365,11.022180707597391,-1.1465076690972893,,0.1921068591980767,0.2173913043478261,False,2
0.77961925308535374,-0.60836776804814119,-0.14860174635164694,0.61268210790700928,0.79007229154014236,-0.020159583109103985,0.12967056284777925,-0.075328832067357937,0.98869161632437685,-22.676075437692486,-3.7895747288196389,-1.8959449105707393,,0.2862450850048154,0.2121212121212121,False,1
0.25605799747430852,0.96350203858433414,0.07809048324398668,-0.94857921769632036,0.26599900500686363,-0.17158670429259712,-0.18609613022329027,-0.030138861610729779,0.98206918256135367,-26.68137926195725,8.5336684596070818,0.40103807514118889,0.2802539475967375,0.1871786267427239,0.3793103448275862,True,3
-0.5522100800238926,-0.76088290430131433,-0.3407656576916217,0.8183206818060581,-0.4165171176378073,-0.39606155133155901,0.15942173392757472,-0.49756476629348489,0.85265116788451989,-10.729821708180371,-0.62840290414501876,-1.4709189220324215,,0.5255694359957794,0.3505154639175257,False,3
-0.085835340870702131,0.99464770723738161,0.057517238677029486,-0.9747600795311846,-0.071896751652109098,-0.21136140720158392,-0.20609483644664459,-0.074207786581294635,0.97571416039777559,-16.92526658529296,22.05948325297426,2.8063203370762739,0.3160079026062847,0.2516051837685938,0.9821428571428571,True,2
0.67064412112532801,-0.70369133100048153,-0.23463796256106328,0.71074118969023636,0.70013156155826695,-0.068284389048230365,0.2123285757446314,-0.12097234057731278,0.96968152954333575,11.215493157888313,-3.7993248339628005,-3.3355332918324674,,0.1099733332495912,0.4,False,2
-0.7830585782400894,0.6066205944720966,0.13722506114748431,-0.60853980026492527,-0.70172857598191352,-0.37048119674812252,-0.12844677706402463,-0.3736153904923038,0.91864735641547934,-11.355720895039797,-5.1942394609832778,-2.4890223137395187,,0.1406136590543512,0.3,False,2
-0.92167983919624386,0.38021045705158818,0.077112141507082704,-0.37773255759730806,-0.83417582247864541,-0.40183182069501605,-0.08845557613956348,-0.39948805431539219,0.91246090629085064,11.133053618542277,-3.2941487042443489,-3.233353366929709,,0.3119951899687198,0.3214285714285715,False,2
0.99944732743025422,-0.013930147884239595,-0.030182622027361321,0.0099762338966600337,0.99180144166562789,-0.12739848926585504,0.031709847835687741,0.12702697071845118,0.99139227062769308,-10.009931418356173,21.031089295776106,2.5047699216542574,0.2561900782119153,0.2674687196152344,0.918918918918919,True,4
-0.99993539270906329,-0.0091904544771209511,-0.006689241681597873,0.011102058668878704,-0.91594503652272463,-0.40115013942749267,-0.0024402256214613952,-0.40119848655732493,0.91598789276006698,-17.006442348820851,-10.102965356735464,-3.260524225498135,,0.2830481610838869,0.3181818181818182,False,3
0.032674952599142798,-0.93512629741248099,-0.35280469860854741,0.98915230969370571,0.080836392223593317,-0.12265066620234899,0.14321332235602388,-0.34496997779502142,0.92762366222507064,-0.31893562227749683,-13.991735936708029,-4.358708514031524,,0.3510939936217884,0.3333333333333333,False,2
-0.19055297685447881,-0.97715838058951432,-0.094080084266407793,0.96798728551165081,-0.17108172433826682,-0.18366180518886185,0.16337128909230866,-0.12606562910295241,0.97847702019985849,-4.6817202197118455,-11.35880677982202,-3.846017985209965,,0.1191925262024834,0.3636363636363636,False,2
-0.13790174666574564,0.98674843932878675,0.085502197332825908,-0.97240767484121104,-0.11848432808628362,-0.20095964248538151,-0.18816594318964031,-0.11085567861028545,0.97586095133651463,1.4192809823729833,18.509384914558364,1.5442539806962674,,0.2354825486529173,0.4193548387096774,False,3
0.39050108073422385,0.87758890157615066,0.27811261347837113,-0.90198570182396387,0.4251744291157088,-0.075156493606760799,-0.18420287633621629,-0.22150490887675039,0.95760371537132638,-12.363150333492387,-12.933366615325381,-3.9059137817018437,,0.3544297432145096,0.3,False,3
-0.9508089151799175,0.30502496478035601,0.054057170432159365,-0.30064224073546175,-0.86654323039315795,-0.39839311357671764,-0.074676970345277718,-0.39504759298157155,0.91562041773844138,7.3283619066526047,9.9808803274270801,-0.82456131184065318,,0.1660522106443757,0.15,False,1
-0.88365050777976473,0.43013380754199521,0.18478822394836406,-0.45677626268891919,-0.70570914541360563,-0.54159952725564908,-0.10255352721631897,-0.56299157159679147,0.82007515775474349,0.62743097205368437,-9.2631472482352883,-3.7339237528539733,,0.4873164885051327,0.3271889400921659,False,1
0.75099701328644564,0.66027267418040136,-0.006594070480291995,-0.65154934366899542,0.73938021758628336,-0.16970664868107269,-0.10717713748434821,0.13174554858787912,0.98547256259519456,-27.198149546459,11.307239873180732,0.94407366501149326,,0.2822738921235632,0.9534883720930233,False,1
0.93486489104712123,-0.33143285975347492,-0.12720021604969461,0.34431982089182211,0.93376872808894718,0.097569582269141253,0.086437818276949061,-0.13501193250518573,0.9870665031560627,16.234118649085751,13.753477796558588,-0.67781653619328641,,0.3311876006520118,0.1,False,2
0.99694485519279019,0.075251310069537378,-0.020933132528221508,-0.077604134697366323,0.98468230331884177,-0.15613570958807677,0.0088630684584281218,0.15728319002206673,0.98751376909589605,-29.731517473828848,6.250708531434376,0.0029236654270313306,0.2149358208486644,0.2323473095067628,0.7567567567567568,True,2
0.96677137698961868,0.25530164658916482,-0.013197495310093833,-0.25396846767660264,0.9532614588281807,-0.16368447861287705,-0.029208253278778299,0.16159721644147246,0.98642446116201576,-4.5128600607134475,-1.3140460728023897,-1.9122014073738702,,0.06621588923550593,0.1076923076923077,False,2
-0.66775229910579392,0.74268649672269671,0.050235790276407982,-0.72926053357277876,-0.63916043694365721,-0.24423965693380001,-0.14928476550563835,-0.19972657167177874,0.96841280214388203,-0.13318128840681354,-18.813216027758326,-5.2093667462045081,,0.2022966528425472,0.2222222222222222,False,1
0.38130023685956749,0.92030984853106146,0.087406590527104339,-0.91002576503764876,0.39030663128670956,-0.13969194873457447,-0.16267524808181591,-0.026277676273892828,0.98632968493864415,12.250606657038285,9.8364578591737093,-1.3078100437359861,,0.3558375005125146,0.6666666666666666,False,1
0.99320325635886642,0.11623099796651294,-0.0061356882135401034,-0.11637467554966641,0.99073645627099027,-0.069987206733165511,-0.0020558328860180945,0.070225560355965819,0.99752901923895765,11.923832766683187,-7.4266787106753123,-3.8452372181744381,,0.1657481377250429,0.2708333333333333,False,2
0.77064986713308259,0.63520293967680774,0.051146922817550483,-0.62430590687226206,0.76865001260071342,-0.13935312258190019,-0.12783159598536339,0.075461139368985103,0.98892097738543816,17.861864456350435,-3.3198738650540012,-3.6257088141549372,,0.2178337283867658,0.25,True,2
-0.99394955680350183,-0.10579712588145479,-0.029516888137909751,0.10983091274165678,-0.95438425999410659,-0.27764699688964056,0.0012038008377133966,-0.27920897627176161,0.96022960714238448,7.3230217541387725,27.998075111197799,3.2513117394089255,,0.1895695899346205,0.3333333333333333,False,1
-0.085756690635286695,0.99380753997419435,0.070656659287888238,-0.9790543465970587,-0.070914782095097356,-0.19084988889127502,-0.18465745698641819,-0.085543364271262329,0.97907300872226288,-20.57599466807924,14.689391188157018,1.5891649663810892,,0.2813832750616618,0.6304347826086957,False,1
0.77736623656369863,0.6290452406396374,-0.0019543488465865143,-0.6208975436679548,0.76679149352640052,-0.16284055306542644,-0.10093549681798709,0.1278001982947376,0.9866504623208433,11.107449284977772,-7.3203598794343003,-3.7388209601200986,,0.4008374308284187,0.6226415094339622,False,1
0.3169467867542668,0.91151678100597699,0.26207230359320494,-0.93339270082706072,0.34880361325869391,-0.084345156472948865,-0.16829379195000696,-0.21788344894044379,0.96135529450297741,5.0543473640307743,-13.279941736097166,-4.5129950670693999,,0.2602157491336767,0.2,False,1
-0.99313492463155884,-0.093492859241371101,-0.070300119117550589,0.11694665868882008,-0.78048399498933541,-0.61414022225140785,0.0025496075363231809,-0.61814546737508413,0.78605959103941381,15.790273144858483,-7.9992866812147403,-4.111038290677846,,0.4727942117649004,0.3333333333333333,False,1
0.0017978571489884175,-0.95910321806402543,-0.28305085198406138,0.98297005438416829,0.053707718059477431,-0.17574229202109962,0.18375701318223911,-0.27791455183216812,0.94286630122529469,7.7960799066782114,11.299327483532785,-0.54336280377469026,,0.1546596658773101,0.2631578947368421,False,1
0.37610762114118579,-0.90519137582461062,-0.19791824183805659,0.90945580815120131,0.40150973316355343,-0.10807435956311701,0.17729407869289918,-0.13935030429705342,0.97424242483724532,22.310748988495032,0.36149533494486574,-3.22312745532391,,0.1651434452066654,0.2666666666666667,False,1
-0.96675450081131498,-0.25416633296502106,-0.028021605025043056,0.25409113397029087,-0.94256456425842516,-0.21681729138151556,0.028695483943596892,-0.21672913369327929,0.97580994656224096,15.733437180767513,-2.4552078548004044,-3.5080556811862724,,0.3566574984950399,0.2068965517241379,False,1
0.96814654387847499,-0.21160231093537063,-0.13385339585896142,0.2420500336740555,0.92773634873966571,0.2841074592924,0.064062865800349367,-0.30745687377907999,0.94940308615015701,9.3673116635764355,2.4326563806527881,-2.4048701102290742,,0.2809815891771215,0.2837837837837838,False,1
0.35706251715217308,-0.93283829496057769,-0.048156767956298648,0.91690234196239817,0.35987175287871837,-0.17257582908353147,0.17831560265109644,0.017465306611718946,0.98381833125640394,-26.139642089175084,3.7647628417162555,-0.43972541501341189,,0.187030791143526,0.5862068965517241,False,1
0.070292854865162208,0.99706882099333949,0.030210606711173472,-0.98079237668552688,0.074606019750696556,-0.18022279448647546,-0.18194842233572936,-0.016961958021131762,0.98316176877949679,19.879504395549663,18.446151340152294,0.18949085445925654,0.2862415384422601,0.2965383601602686,0.9787234042553191,True,1
