axis_00,axis_01,axis_02,axis_10,axis_11,axis_12,axis_20,axis_21,axis_22,location_x,location_y,location_z,dbh,dbh_approximation,score,reconstructed,number_clusters
0.99823243995320876,-0.056866195308406059,0.017269384940084627,0.058463787700116641,0.99182116385593799,-0.11345820576409281,-0.010676204982028734,0.1142672952274523,0.9933926735629689,11.432567209811758,16.576677209972509,-0.11561691588684905,,0.2346041564136183,0.2777777777777778,True,5
0.67335991896463609,-0.73921086498500521,-0.012398250685423697,0.73351680201090053,0.6700813189147371,-0.11377226027985471,0.0924095271042948,0.067515354769164995,0.9934294922996566,-15.724426032318789,5.4104209867611583,-1.5630634541200525,0.3057423094967086,0.2741743598446759,0.989010989010989,True,5
-0.33182113348745151,-0.94226558627316548,-0.045058853695929907,0.93158294864739521,-0.31979234505784626,-0.17287586827498075,0.14848550488356735,-0.099339926352357402,0.98391241168702648,-11.833880551703436,19.471298254196402,-0.39121216252957769,,0.2679153174495492,0.8703703703703703,False,5
0.98466594678851582,-0.1735844058051077,0.01736166168211329,0.17436752775347078,0.97624257879333842,-0.12863278204282072,0.0053794516652771671,0.12968763014343704,0.99154030683959637,-11.757308916904563,10.821719981243504,-0.97930096169736713,0.2654125254219132,0.2358937029689336,0.9540229885057471,True,5
0.98232687620447068,-0.17958788742567797,-0.052745606227881839,0.18693085870982987,0.95563776055654848,0.2276254042510828,0.0095269275409426233,-0.23346233376809475,0.97231917412091728,3.3595848607431371,-8.0256365796307101,-2.6862382665724933,,0.3078074207245083,0.4852941176470588,False,4
0.14400020473871558,-0.98945126446813703,-0.015815697190179695,0.97991895387704531,0.14480402847170254,-0.13707894503125442,0.1379231121593596,0.0042412947044307807,0.99043385773685333,-13.19411833843043,-1.5989725151533847,-2.252992634607915,0.2659438445208983,0.2339206476145242,0.9626865671641791,True,5
-0.2720827124352776,0.84395342881929314,0.46229169101123013,-0.95327574107047264,-0.17085096533721705,-0.24914917043788087,-0.13128731500188875,-0.50848063643318964,0.85100592435781275,-4.9330256164557378,11.768531929706247,-0.85194110821364466,,0.5700396669186449,0.2830188679245283,False,2
0.56974621237505596,-0.82049089021496169,-0.046732778202623032,0.81509870719273814,0.57142987944323587,-0.095299477502314045,0.10489685894726675,0.016204689251782284,0.9943510733283536,-18.126275696848268,13.693188496350537,-0.65259040133926594,0.2547423362797821,0.2588552578713996,0.8125,True,6
0.93813288471959233,0.34271201715113375,0.049549610572606886,-0.3382216803234176,0.93756586566815225,-0.08109465144590107,-0.074248135107218852,0.059318806749034926,0.99547400448176993,-23.792735580377606,-2.3819022718454872,-2.4676870242154481,,0.179647355870892,0.4772727272727273,False,3
0.30500207305942945,-0.95216847143395267,-0.01867986714567867,0.94355027097694344,0.30478567930372846,-0.12968645199365023,0.1291767067577857,0.021929242998667088,0.99137908326367186,-9.6017154828283005,4.168263492858248,-1.6338206694831634,0.2716063278791645,0.2328624795617508,0.875,True,5
0.90872658572273746,-0.41729113517249694,0.0091706546738295515,0.41545296675027327,0.90217158243198048,-0.11612608781223181,0.040184882967281177,0.10933683898223286,0.99319214194549532,6.3281574687625186,2.9427379923959505,-1.5021691592866764,0.299190231770347,0.2463514299115248,0.9665738161559888,True,5
0.99918546963888699,-0.035689867018576765,0.018831639724488106,0.037664275579723426,0.99232801152656003,-0.11775618830786698,-0.014484460900263601,0.11836955238548244,0.9928639632197801,-4.548702027866093,10.204955433825994,-1.031968287265268,0.2832075104566027,0.2453938142227287,0.808,True,5
0.47486832288133191,-0.87916102893581916,-0.039698376848232547,0.87137562850831818,0.47602573526361508,-0.11876031916624945,0.12330689342289802,0.021803315510439864,0.99212903670195418,-17.42950741107909,0.40959260765978378,-2.0521603039986207,0.2861752920287772,0.2797843600054012,0.4042553191489361,True,5
0.98785820593452001,0.15144022977784136,0.034670185645131933,-0.15467941231756696,0.97957641903922565,0.12846913507680241,-0.014506700966291988,-0.13227205323545935,0.99110728963112382,5.0247384154349737,8.330535446386417,-0.96159832072699647,,0.5814022700268161,0.25,False,6
-0.99422150059461678,0.079561871733558581,0.072066055266279183,-0.10137891842074741,-0.9166442380994696,-0.38663374873241885,0.035297629597879104,-0.39170556458301242,0.91941330641854169,-4.6518875324925073,11.867620262474668,-0.84239973072185903,,0.2292202209199803,0.2295081967213115,False,4
0.76527181841519254,-0.63967921987928733,-0.0718995103886787,0.63721636272356896,0.7686367164092226,-0.056150736994223766,0.091183063212696827,-0.0028449678865564692,0.99583008346849755,-24.518872251887483,6.508767391528246,-1.4591643754785568,0.4647999324835924,0.2983260314085148,0.7674418604651163,True,6
0.91438757993720132,-0.38392479509135996,-0.12844105796297178,0.40374881483880021,0.88808808831164809,0.21974176188250699,0.029702662723305177,-0.25278706278807361,0.96706589884770833,8.9838738350840828,3.4693657924719523,-1.4442877133902676,,0.4493825230337778,0.3170731707317073,False,5
-0.62537904175040371,-0.76953023333702231,-0.12932236511762901,0.77075876306716196,-0.58330731625139243,-0.25628793175407072,0.12178663019612586,-0.25995344734753684,0.95791034127292207,4.1754537189448024,8.3108289329110754,-0.97809069249087255,0.5139114242195719,0.3198558540779019,0.1176470588235294,True,8
-0.28770274523988193,-0.95694407613367993,-0.038537845478080354,0.94853211673452864,-0.27915160441816578,-0.14953663522320396,0.13234029584578258,-0.079576484613362364,0.98800487306087192,0.834183214219268,16.382272546367147,-0.48267402564364797,,0.1076861349284074,0.391304347826087,False,4
-0.048767965395959081,0.9289884814663264,0.36688157061104298,-0.98991111510716623,0.0039688419351913695,-0.14163415012269562,-0.13303258900894679,-0.3700873540079162,0.91942247126388754,2.8182207014199685,-4.0224978047057451,-2.3204032028954842,,0.6454671276739692,0.2922465208747515,False,6
0.54219160253323484,-0.84025211456638704,-0.0021564111761327078,0.83320296204067623,0.53797123256330215,-0.12790534383272492,0.10863282279812514,0.067552475165898032,0.99178403541793037,-13.280994460719539,14.612936257366041,-0.67954758963768203,0.2442870222191791,0.2367127947920081,0.84375,True,5
0.045362396788050562,0.99373157130587353,0.10217542340309732,-0.9796002218371983,0.064293585065525238,-0.19039364562908312,-0.19576940091381562,-0.091454355333033976,0.97637617881453043,-7.611802002236761,16.22270572659351,-0.58856872659274762,0.3306571516676338,0.2648377750180266,0.8876404494382022,True,2
0.8802403126191003,-0.44950339242735571,-0.15206476329685584,0.47092940612319739,0.86688775470381785,0.16349652960545458,0.058330836516227294,-0.21552800500369612,0.9747539138523349,6.000968310052917,-3.1082058541908166,-2.0405539341055317,,0.4593871677043191,0.208092485549133,False,5
-0.87991601886385973,0.47041774807450637,0.066745352222361651,-0.47366359973065031,-0.85747768502587507,-0.20093485007053902,-0.037290669570004153,-0.20842063712400907,0.97732811480272297,25.711161158082962,7.9485310294805016,-0.77565004807551452,,0.2069910045164778,0.65,False,2
0.32044817767400779,-0.94686481872477557,-0.027567743591100854,0.93851148638612603,0.32129962127669859,-0.12634375049345992,0.12848795798327209,0.014613980592133103,0.99160338655358615,-17.577284467002634,-4.4786566598904214,-2.6408929619438779,0.2855458671186594,0.2415722990143429,0.8225806451612904,True,5
0.64277364377377466,-0.76600179643114641,-0.0091263757341957154,0.76051101739643467,0.63950644296533143,-0.1124922300626566,0.092005626395481335,0.065366331318856191,0.99361069209297914,0.88936891059287437,-22.193618725279588,-4.4258007492042974,0.2185261024516811,0.2093145015951112,0.8636363636363636,True,4
-0.75051567038029976,-0.66077670854910819,0.010018480554296277,0.65187395203136067,-0.74272418300566201,-0.15303966362217394,0.10856601299037053,-0.10832787922589293,0.98816926252833637,-14.649066358539262,-20.963434065794221,-4.5589636769881521,0.2104303377009814,0.257885597973704,1.0,True,1
0.26615400006986895,-0.96391367672299333,-0.0056984272540257308,0.9548756458552804,0.26445761088181419,-0.1351838488841936,0.13181255326891197,0.03053843272082165,0.99080414559472163,1.3790598417892246,-11.023410461201122,-2.9432665353327256,0.2674050257330517,0.2438360538374216,0.9830508474576272,True,5
0.086631159966287202,-0.98039542802054869,-0.17697414172500117,0.986302129931663,0.10943216929718082,-0.12342086053491176,0.14036791162926285,-0.1638578806140199,0.97644633459577346,-0.00090802483759055627,16.219703665457136,-0.51610860445718598,,0.2368111126882608,0.3103448275862069,False,2
0.15429107158038832,-0.98795869857843499,0.011483689902680288,0.97868646036165186,0.15122808141915151,-0.13893480375724399,0.13552519151566217,0.032675331574261141,0.99023494443043947,10.553486143174617,-5.8724422176441378,-2.2780610221734605,0.2050938344224211,0.2143200654763194,0.9016393442622951,True,5
0.99655932813697712,-0.080790863315564954,0.018502483830638773,0.082328508130113581,0.99068472807440255,-0.10847020931673867,-0.0095667263077380618,0.10962028081004437,0.99392749825270454,2.6327915399035162,6.4657164621502385,-1.2296736796915761,0.349404060311104,0.31799146772529,0.9743589743589743,True,5
0.28697891500884121,-0.95792174233946892,-0.0053886819969928687,0.94904943166562306,0.28507639695683173,-0.13430049945279154,0.13018555448092781,0.033427286031434737,0.99092600024071753,9.492144166258031,-2.9978307151300836,-2.0626523723728472,0.3181502313432057,0.3048554090583244,0.9488372093023256,True,5
0.47667489279848918,-0.87907622433970189,-0.0024573107667927255,0.87212466472171579,0.47325267746206084,-0.12421945282051111,0.11036129647473954,0.057069213028097907,0.99225172671291939,-4.6490479140823853,13.195990494053074,-0.70869760549176142,0.2403105478178629,0.2530652611557297,0.8958333333333334,True,5
0.87818882853677138,-0.47819741466257776,-0.010564754764784808,0.47510864090952187,0.8746435918157901,-0.09628274315099572,0.055282553905551493,0.079535023138240457,0.99529795505068708,-6.4735729893963709,2.2079069763475001,-1.7727743265451461,0.2643086446961696,0.2436534415047461,0.9744525547445255,True,5
0.78958756163324617,-0.61360485811039522,0.0063687218016792741,0.60963409990089679,0.78320982620228441,-0.12218278265865266,0.069983903521371849,0.10035659541609636,0.99248718228720811,11.801143385862249,5.5296854526675387,-1.1600132440866284,0.4187516591387961,0.331750013958733,0.8125,True,5
0.58393654329019518,-0.81072937037638604,-0.04166535034544213,0.80451120071460291,0.58479336567867579,-0.10381930159154418,0.10853497747292087,0.027103643063562274,0.99372307570954466,-18.764662411424577,7.1504725020327582,-1.4034092262184947,0.2891167397707557,0.2375226855947881,0.4545454545454545,True,5
-0.77289182993968075,0.62601368412734582,0.10365850904677691,-0.63010671445504418,-0.73791228441637458,-0.24176639325199445,-0.074858183327959002,-0.25217519265922334,0.96478180154692106,5.2390804179230885,-9.7384874608754739,-2.7788784378862164,,0.1411812341766198,0.2916666666666667,False,1
0.69413051181536911,-0.71982908309014404,-0.0053780762858281024,0.71443088343283256,0.68980151760843711,-0.11731316679077058,0.088155234469179666,0.077588384715105999,0.99308040822130028,5.68719661722041,13.920928531092539,-0.47756494970015351,0.3549476163321246,0.3193376519291267,1.0,True,5
-0.46325283455658151,0.84613075816521954,0.26355180014950175,-0.88256111907229595,-0.41344675420325633,-0.22393671548151284,-0.080515106515164719,-0.33633988988156399,0.93829248963066325,4.0219214781431756,-2.7995514737545721,-2.0681313129713672,,0.3881912378798663,0.2942238267148015,False,3
-0.9590317209657474,0.27308876103205953,0.075370330896513293,-0.28163268897288918,-0.89022169269726614,-0.3580340296020933,-0.030678766001504244,-0.36459274053275864,0.93066156408623435,-0.89538037876993504,-11.185476732694292,-2.9907712463632601,,0.3160908428831572,0.2452830188679245,False,6
0.73605637956579717,-0.67670282175560748,-0.017155090454129825,0.67512434484331219,0.73571263560902644,-0.054166749995806923,0.049276009379612198,0.028287962691187156,0.99838452815856593,11.532356986523897,-23.626966075182125,-4.4991051050917532,0.2172233353421015,0.2523082841179118,0.9302325581395349,True,3
0.92125429436479933,0.388119444671012,0.025569939043361169,-0.38179387808964194,0.91488481788042064,-0.13122196715939408,-0.074323346047440758,0.1111263545707078,0.99102319526443861,-3.9380058140547018,-1.1861572350191674,-2.0867940843476296,,0.2238692760318788,0.9682337992376112,False,5
-0.88721237672637809,0.4356739816372166,0.15179716831319642,-0.45486113067757666,-0.7709755481942524,-0.44575560107001211,-0.077172212500661086,-0.46452651787701577,0.88219020840565154,9.6896451380772959,10.853041868559496,-0.60830846461408017,,0.3592069218989168,0.2463768115942029,False,3
0.87204427557513164,-0.4893500072334665,-0.0086805447554147985,0.48678227237050486,0.86903690730464733,-0.088418736974591489,0.05081142334605554,0.072879518130821011,0.99604556878416362,-0.21586876311700948,-22.537264750461503,-4.4638688542523317,0.2132449010928472,0.2374696942402669,0.7627118644067796,True,4
0.99804239939491657,0.062468868042114239,-0.0030015888417622254,-0.062530160320897032,0.99582947617852624,-0.066435182126982475,-0.0011610599816489139,0.066492818405744628,0.99778622812713758,8.3311285420419079,-2.3590501017499053,-1.9747115749103319,,0.1750697984269983,0.3820224719101123,False,5
0.30146500380325192,-0.95344585963564321,-0.0077359049602071829,0.94478066777860914,0.2997988456788695,-0.13232589286085347,0.12848479004812211,0.032582892340389517,0.9911760761101045,2.0178657707919689,-6.0719419103825034,-2.6009419023040841,0.2372597733575387,0.2199181700629986,0.924031007751938,True,5
0.16652395171309647,-0.9859608216891631,-0.012289491441244823,0.97640896952111844,0.16662257032564681,-0.13734061051554475,0.13746016784713302,0.010870931519653293,0.99044763874893127,5.4695318515334295,-5.4724499420468646,-2.3360396360416109,0.225978560464816,0.1898192648358776,0.880184331797235,True,5
0.18239963592393973,-0.9829317786967241,-0.02398939855244011,0.97282469775686253,0.18395591889863819,-0.14061410788546849,0.14262706702825639,0.0023104826879325833,0.98977380315942154,1.3509252074230997,19.283108950912574,-0.22679565608718991,0.2757429512054154,0.297458364738508,0.9876543209876543,True,5
-0.82224896132778758,-0.560611083982826,-0.09809107049561426,0.56048963404346164,-0.76773558645821005,-0.31053733980874998,0.09878266915406235,-0.31031803331625707,0.94548648984188566,-1.0069721590477285,-10.848239637281806,-2.9813383568551641,,0.6956598876008488,0.6915887850467289,False,4
0.39566224796980726,-0.91805621211588673,-0.024983533115034907,0.91028206519484445,0.39562955630858415,-0.12191725045982242,0.12181111327005043,0.025495991263413568,0.99222578434215669,-13.658055406631171,-5.9957773066921005,-2.7735084390635789,0.3059555030159675,0.2597754501928763,0.8992805755395683,True,5
0.70987784416175592,-0.70426362518320906,-0.0092839976337546499,0.69754041545610901,0.7048040223034755,-0.12918459254168907,0.097523408336551806,0.085229316485866277,0.99157710161024581,0.43395773684848882,15.33757817364037,-0.54263187974601024,0.4378577367930097,0.2518087183062682,0.9880952380952381,True,6
0.68070951416671799,-0.73248508852890537,-0.010007617384343904,0.72689647388239476,0.67708434712250587,-0.11479679063035705,0.090862938430641638,0.070868765789245086,0.99333858500274597,-9.220908349407841,-0.40045793161417492,-2.0679017659147241,0.3068700139450242,0.2984150063584311,0.9612068965517241,True,5
-0.30094269701513565,-0.95360149776466541,0.0088134314681676349,0.94288704526354328,-0.29892004184964366,-0.1470062191024353,0.14281986202010644,-0.035930377699031485,0.98909630217232314,7.4038445334904033,9.9324018762701858,-0.73806419331532958,0.28361434741271,0.2780417751826747,0.987012987012987,True,5
0.46848824297493885,-0.88312345580710638,-0.024733135619389918,0.87578019405676588,0.46791420573672265,-0.11859741889123947,0.11630914792975992,0.03390070608533801,0.99263433561144132,-7.0835940793265388,-8.7074091376342526,-2.9451382520958291,0.3199524896561566,0.2919113578787392,0.9657534246575342,True,5
-0.98025147207033758,-0.18658001166467314,-0.065535873772677319,0.19750691523700711,-0.94029323991559133,-0.2771996417793563,-0.0099030266837744352,-0.28466914517778746,0.95857467515381911,8.9906581968089334,3.8363228183412819,-1.4008261250384222,,0.2975059962573829,0.3684210526315789,False,4
0.93083232561479001,-0.36532877529180241,0.0092772589891642176,0.36393346065541543,0.92437186350495093,-0.11440757918842823,0.033220743608976581,0.10987057797324606,0.99339057690814148,-1.1891436380014448,-4.0312548661918273,-2.4139935806332411,0.264381542877248,0.2433428047180501,0.9651282051282051,True,5
0.49447142392963545,-0.86903587432991813,-0.016572870742047802,0.86168431810041501,0.49261118011356048,-0.12179639225751673,0.1140094156498504,0.045944252684738965,0.99241673645118444,-3.6666751024678477,-5.4385123821823322,-2.6027783940062377,0.3156880466561083,0.2578860693117632,0.9588688946015425,True,5
-0.53549701482124656,-0.84438101388227982,-0.016237318518394588,0.8344046694378523,-0.52600523554543732,-0.16458231921776484,0.13042927101629881,-0.10168183502436862,0.98622969418297024,2.9562679468320465,-21.622123606564752,-4.3119821373216922,,0.1081459399623158,0.4347826086956522,False,1
-0.74634724715762168,0.66479713918085492,0.031789155339375916,-0.661255402218352,-0.73525600223675469,-0.14879483933211957,-0.075545216243555299,-0.13207336942690875,0.98835699288816581,13.694209028217143,10.058449764444985,-0.6149644042088418,0.3055558474642346,0.2571796722404381,0.9743589743589743,True,5
-0.96641590290022616,0.24558384963674251,0.075689334910132938,-0.25693676576836982,-0.91778985065767693,-0.30272972834898282,-0.0048786287038787169,-0.31201019667209096,0.95006622724661294,3.0230890011857543,-5.7725516007202682,-2.5289539971359107,,0.3685280552605614,0.4866412213740458,False,6
0.6014688992763092,-0.79876492712679537,-0.014482900105647147,0.79279018708060567,0.59901082300990549,-0.11255999815961941,0.098584392639214549,0.056219437111383955,0.9935393763806426,19.941593069145455,2.3127552261228033,-1.4882410975131286,,0.2378911939264946,0.8852459016393442,True,5
-0.63511944467927361,0.71433954946943157,0.29384060143911434,-0.76627939945837509,-0.53485309962464533,-0.35601691503020044,-0.097155406210889805,-0.45127726497766124,0.88707928459539542,8.1443696138393555,-5.6065586828859244,-2.2426528591110957,,0.4488560896508864,0.1313131313131313,False,1
-0.97777035256349132,-0.20922096278788246,0.013846529456058358,0.20381898551680919,-0.96387362160737378,-0.17148021084773599,0.049223559306136568,-0.1648460806315902,0.98509025520996729,-0.81265001543239845,27.122483695272752,0.45576605877487725,0.6318078985534201,0.2942088816454511,0.6333333333333333,True,2
-0.99527273240073322,-0.095871203223124257,0.015520970721209988,0.0898542558470148,-0.96963305282207579,-0.22745978893228672,0.0368564898729851,-0.22498990036775343,0.9736637735310637,10.678075127750589,-24.420720014041688,-4.6054929882028333,,0.1308506935505314,0.3636363636363636,False,2
0.77634922152060826,0.58050238112881936,0.2455582858470001,-0.62304099003522984,0.76573987900420715,0.15956930293306215,-0.09540341178525398,-0.27687438163613776,0.95615833720850874,6.7905458957354545,-2.3273491884251682,-1.9944804434984928,,0.4532412901557241,0.4537037037037037,False,3
0.62005638306203703,-0.78357352323612939,-0.039276144252503552,0.77919349953390982,0.62088894725667354,-0.085757830304869304,0.091583689094310722,0.02257097378977832,0.99554155063164385,-16.823972571660054,18.021021519906117,-0.48472631314689535,0.2876861748181068,0.2220688079628024,0.8235294117647058,True,4
-0.66474868562901546,-0.71149829442901391,-0.22777041506548157,0.73750801209848305,-0.57638161862501891,-0.35194624845528355,0.11912647499628953,-0.40193831210250208,0.90788461613750859,13.046606935539977,-8.3147048295048922,-2.5672563762283707,,0.1879525168517975,0.1739130434782609,False,1
0.99756392086352419,-0.067981415960881919,0.015644515823338138,0.069019041254869365,0.99441473489556054,-0.079848024188777164,-0.010128955309002383,0.080733277565985445,0.99668427405964555,-6.4812234565031082,-23.236286362151045,-4.6869870810646184,,0.1762492003184501,0.7567567567567568,False,1
0.80050187646381155,-0.55976159005311799,-0.21415813801749925,0.59420828484585086,0.78787842427381849,0.16175321568474982,0.078187339118741775,-0.25673829255685704,0.96331313140459218,13.118869298563306,4.6339120456612193,-1.256154786984836,,0.2808160945318611,0.2413793103448276,False,4
0.28037023004861528,0.95583863337601227,0.088119470313683571,-0.94936118914641898,0.28968433413857853,-0.12164012124782526,-0.14179515733967735,-0.049552936346556997,0.98865496501785211,6.6025157593585666,-12.076969336825186,-3.0279938138481266,,0.2177607115291315,0.5384615384615384,False,1
0.81926756091309327,0.56233872618200098,0.11214196659376439,-0.56215492160019953,0.82623561640156629,-0.036284298397497819,-0.11305975303433922,-0.033314609791048895,0.99302952071843542,11.941296262074774,3.3353047452101219,-1.4251136269220279,,0.2318057506945651,0.4,False,3
0.97889754382054583,-0.20430493033455785,0.0043696845530335968,0.20407970548284324,0.97626851339072762,-0.072465602680813285,0.010539094464778766,0.071828164412359702,0.99736133987888886,4.7913494960401684,-23.395947481576911,-4.5559896873240273,0.2874705542909575,0.2348837169875421,0.875,True,4
-0.11939259160293103,-0.99041009402972036,-0.069521613289505332,0.98244995766923027,-0.10774516242178223,-0.15225984582427013,0.14330907070406404,-0.086480203623393509,0.98589232912889302,-34.460229754290268,11.038538866002781,-1.0708761049301423,,0.3318419690901974,0.9545454545454546,False,1
-0.12767106740433853,-0.98856319647589919,-0.080267709081481342,0.98211754047728772,-0.11471749412830613,-0.1492817243595651,0.13836630816307838,-0.097891282115796813,0.98553136005458775,3.0996191427572808,14.713626312232581,-0.50910018180277594,,0.108040146660059,0.2571428571428571,False,3
-0.13066378629197634,-0.97073212891567839,-0.20150957506450978,0.97915376657861142,-0.094470570922453395,-0.17981438380870476,0.15551487500159969,-0.22080408764427414,0.96283990285655319,4.2856629843462972,-3.9207072159980885,-2.1849621219008069,,0.5334879623366712,0.1767441860465116,False,3
0.43451330736348048,-0.88727019650977457,-0.15475717789348417,0.89209021453810877,0.4476296206317103,-0.061666618672198067,0.12398884969786889,-0.11126239759513117,0.98602608689221938,-22.444527678772914,-18.424034738124217,-4.3358107942335753,,0.159932222054641,0.1538461538461539,False,2
-0.17326275641941041,-0.98461607270377904,-0.022609878622747773,0.97307401737486787,-0.16759816631046384,-0.15823340784836351,0.15200978240851623,-0.049417041825239552,0.98714283770352051,25.854459776092149,-1.8373400858835145,-1.9055649794071592,,0.2888268467121675,1.0,True,3
-0.28384651320869131,-0.95753100318287454,-0.050651109394213009,0.94833910851320158,-0.27253006836231441,-0.16242012530107647,0.14171835521079612,-0.094136814169741956,0.98542080758136885,-29.32197968770145,6.9091655271160439,-1.4544850191874581,,0.09578012129895686,0.3157894736842105,False,1
-0.16888197614423042,0.96368129142673631,0.20687495423012967,-0.97612271008565432,-0.13443466187333428,-0.17062173525679808,-0.13661380965575282,-0.23075027679528551,0.9633747852057587,4.9500601042472736,-7.680019929417794,-2.656567895963065,,0.3537019866046469,0.3783783783783784,False,1
0.44365307872956866,-0.89619176058462147,0.0035034260391362971,0.88828248520013076,0.43921249281830888,-0.13433768138168323,0.11885357470625298,0.062711357923134453,0.99092941896331932,3.2066525321080173,-1.9187528566570564,-2.0134174005246375,,0.2203886069306362,0.8748043818466353,False,3
-0.94057308270567086,-0.32781650584274946,-0.088648827327837992,0.33298771916831488,-0.83907432982118868,-0.43020163634998587,0.066644241856545591,-0.43415505010557287,0.89836959960541463,20.666525409499059,6.8542161967446562,-0.93801713306530254,,0.1665247553627696,0.2222222222222222,False,1
-0.28560458389018828,-0.95277744629498318,-0.10317538220197983,0.95271018659949147,-0.27061415718693183,-0.1382435469726169,0.103794614554302,-0.13777922833873985,0.98500942240564737,-5.3404668585546817,22.233066629073416,-0.21815292497806033,0.5983757225482556,0.3189624985522547,0.2051282051282051,True,3
-0.090783939725358434,-0.99558170890935127,-0.023986187130901303,0.985524730755726,-0.086351963928018124,-0.14589154668666821,0.14317570099984323,-0.036883589994879777,0.98900976710662125,6.8302409246339693,-24.991285847781075,-4.728125925908401,,0.08491037324995537,0.375,False,1
0.32289430598927987,-0.94486336148525241,-0.054520595030602775,0.93358045143580259,0.32744192351380974,-0.14563422476361748,0.15545677166538838,-0.003874899787883631,0.98783509620533805,23.127503026467725,3.4310034426951237,-1.3224337992570627,,0.248197879976175,0.9459459459459459,False,2
-0.63824862730460152,0.76653561635742584,0.071146599351862239,-0.76372940797373967,-0.61886850995274956,-0.18362777236830496,-0.096726837743587382,-0.17153692385141495,0.98041776943082848,9.4865826762525955,-22.59430981577027,-4.3952268560331715,,0.1018636117096387,0.24,False,1
-0.28250598681556632,0.87197551845677435,0.39981128376448188,-0.94947488600590446,-0.19478196518573576,-0.24608418657536268,-0.13670335861798777,-0.44913102904433455,0.88294592727535659,14.848021186198739,13.660071020315687,-0.33515269552298665,,0.4531956223070877,0.2153846153846154,False,2
-0.97251608894964392,-0.23277993187490481,-0.0050951006274324142,0.22615169196293738,-0.9391663460844708,-0.25849949053072702,0.055388346756241824,-0.25254717915403335,0.9659979572157239,13.866393043255096,-12.418782113962139,-2.9871836865475991,,0.2377935232864495,0.55,False,2
0.86962765563998423,-0.49370020325314012,-0.0028017590747794197,0.49120338207862785,0.86577268508363725,-0.095691667336222877,0.049668682090654309,0.081839886796579581,0.99540708001726641,5.0369569576398341,23.446453839000252,0.40977076634556525,0.3818247685053708,0.3008075071942994,0.8541666666666666,True,2
0.68859974865738771,0.70826576478416459,0.15553132348078796,-0.71572519316456051,0.69829351775706094,-0.01111804515291942,-0.11648104574794806,-0.10366180344356497,0.98776839212858636,-3.4393399721252735,-21.11045503694562,-4.3547950822243102,,0.2017036301089318,0.2068965517241379,False,1
0.8285646580407322,-0.54179561763462658,-0.14120239430603929,0.55631984576574856,0.8251132331754506,0.098470206894917478,0.063157237534729668,-0.16014262752517777,0.98507131832995409,2.5336101731978302,13.335947116643142,-0.54191520850445685,,0.5571667791038581,0.3577235772357724,False,1
0.74607463166108889,-0.66586130701790547,-0.0011678219800274631,0.66085399890925567,0.740676543540006,-0.12112080735891335,0.081514637442706761,0.089593401911279708,0.99263708686334495,-24.554264771566128,1.2050144948697541,-2.0109644526149366,0.2184058182505129,0.2452602811193539,0.9318181818181818,True,2
0.9739585506818228,0.22630327415231688,0.013840869253968702,-0.22478524186248294,0.97179066885138843,-0.071375702968147145,-0.029602982866413774,0.066405753073912444,0.99735346761521737,18.136550867763596,-4.2451353734598687,-2.1262348287965853,,0.2772955182989807,0.5384615384615384,True,2
0.87266026864536261,-0.47583573563016957,-0.10974701920826514,0.48553844521859302,0.8694660683313018,0.091000957331337784,0.052119801827283332,-0.13269931694550643,0.98978503602533885,6.6787288359206105,7.2019585712073653,-1.0620491298185519,,0.7088890096447968,0.288961038961039,False,1
0.96947156501064136,0.24404804850566342,0.02377886995621882,-0.23923393251651451,0.96267878348979996,-0.12655704386276678,-0.05377741318156877,0.11700474280633187,0.99167428119938783,-27.223740340879864,-0.70161666937987266,-2.2948264459095733,,0.2779365864191881,0.9347826086956522,False,1
0.2311083672118934,-0.91372118065402963,-0.33421927925968004,0.96371368210724884,0.2621546078360209,-0.05030805611064483,0.13358466051138648,-0.31046507954124158,0.94115172680153414,-23.996131111900457,13.348153647910115,-0.71536388118274963,,0.384494536652878,0.1428571428571428,False,1
