axis_00,axis_01,axis_02,axis_10,axis_11,axis_12,axis_20,axis_21,axis_22,location_x,location_y,location_z,dbh,dbh_approximation,score,reconstructed,number_clusters
-0.90370868315376962,0.42783523293459669,-0.016359384226746456,-0.40818494353716012,-0.87247431275588472,-0.26865149441369618,-0.12921171720105129,-0.2361050339169965,0.96309851266472701,-4.5663761207272877,-13.37031213461672,-5.9169987930707721,,0.2449109377828121,0.5352112676056338,True,5
0.97974732235355178,-0.19547048083565449,-0.043433575295194607,0.18640790201279756,0.96957714861242672,-0.15865764071037936,0.073125087406666289,0.14734803700923405,0.98637785740622375,-8.8250114229003938,-6.9035940026473623,-4.6042002539653426,,0.2439963789630841,0.25,False,3
-0.99880295700913124,0.014138248575079967,-0.046826947338510332,0.012248956570673125,-0.85452337829832337,-0.51926848450926588,-0.047356268146298584,-0.51922047905379198,0.85332729828501652,4.3725110810289154,8.5122623565750128,-1.1087975818431037,,0.4760163633307783,0.3117647058823529,False,5
-0.46525340027679268,-0.87775584370611492,-0.11438510554546936,0.86025085628516018,-0.41791046684248889,-0.29209468664140598,0.20858508525666619,-0.23429793115445691,0.94952448186721861,-7.7005246324410601,1.1024962472404705,-2.8488327332969501,,0.2497702678786691,0.3846153846153846,False,4
0.31456046595919762,0.86816006677155766,0.38386170910724748,-0.92242702522252185,0.37499851511264737,-0.092219828683635263,-0.22400914355146717,-0.32507570214722964,0.91877401545691517,4.2121033372885588,-4.2469774730985677,-3.9262219566535927,,0.4733628271539679,0.1826697892271663,False,1
0.80722348442108538,0.58531822011148449,0.076110626095205511,-0.57701113932815706,0.80968868176326214,-0.10706252246090681,-0.12429155759866745,0.042506703353630153,0.99133485204531302,-14.184450561818609,1.6546922754445204,-2.9458597920829686,,0.2414581782484028,0.4838709677419355,False,1
-0.22876703758419772,0.9679309884905638,0.10380387292692758,-0.94916179176291793,-0.19809470257691059,-0.24464337691499563,-0.2162349083112102,-0.15449301062069068,0.96404064960819857,-4.8460301917900743,1.8299851584219005,-2.6314904939724468,0.4912032895152488,0.2057043371991867,0.2952380952380952,True,5
-0.10483269573518075,0.9944896335289598,0.00068899080446405614,-0.96395423066909536,-0.10144343970659637,-0.24597046512873355,-0.24454518412769119,-0.026449902531536694,0.96927707884589143,-19.171128236285725,-7.297870318586936,-5.1968285492037714,0.2318463690508801,0.2586401327772134,0.9777777777777777,True,4
0.57735769399443926,-0.81008639000720606,-0.10206926036038211,0.78747842082640462,0.58550219116484592,-0.19252252043310511,0.21572164916432165,0.030777018475742098,0.9759697460554646,-1.2580806584212325,-6.7632067470878887,-4.507259915401824,,0.09148411008142279,0.2692307692307692,False,5
-0.036438483171295159,0.9984796431528945,0.041359873711624133,-0.96777767959330985,-0.024938797752601497,-0.25056819280914694,-0.24915577421597568,-0.049157487485845947,0.96721504413388582,3.9778427619425214,0.85403563628204926,-2.7368218720969599,,0.1374472698135157,0.2588235294117647,False,5
-0.98434372848777241,0.17607266934439561,0.0081141417740276424,-0.16589061365082747,-0.90989845011037773,-0.38021719423151312,-0.059562811294815443,-0.3756104705631505,0.92486163609157579,-7.1102585480681126,4.8411249326819625,-1.9640708792522561,,0.2309864492449289,0.2127659574468085,False,4
-0.16876872808523036,-0.97838336616689836,-0.11951194596533461,0.95622543030992824,-0.13311327093821859,-0.26060273123802835,0.23906075137731256,-0.15826195344445826,0.95802041274852678,-10.493684033691586,0.88282585178896711,-2.9278638637913734,0.2316489040781641,0.1415054173738504,0.2564102564102564,True,5
0.21986367925878078,-0.927318252772806,-0.30288747187228204,0.93751335109840617,0.28668545176055416,-0.1971805473698772,0.26968255237413735,-0.24060820813770559,0.93240496090579295,-4.5780333739764565,-9.3803943631718685,-5.0693171006933877,,0.5041803976460589,0.5652173913043478,False,2
-0.16333134770153704,0.98635362082158451,0.020722102937407991,-0.95553779015205409,-0.15293199850900194,-0.25210976859965439,-0.245500310487234,-0.060978180722218417,0.96747674857149879,-21.029557704447949,-8.6000121965289811,-5.6014338344957357,0.2248912273031622,0.1430529338356137,0.3703703703703703,True,3
0.78213255638900525,0.62269822612337977,0.022706462058074924,-0.61167442330684352,0.77421598097391675,-0.16261615749007197,-0.11884049860480753,0.11329842888315539,0.98642810275456416,-7.1691624826955573,14.794375386808603,0.018943575162829157,,0.2070657479896161,0.2758620689655172,False,5
0.12170301160617379,-0.96327868099958203,-0.2393377523452834,0.96326879158867973,0.17277899553969622,-0.20557396199805464,0.23937755140629099,-0.20552761720021551,0.94892401510907554,-10.035327237457913,-6.8756611688724671,-4.6046045821712447,,0.1559388938788562,0.2142857142857143,False,2
0.47688783849803867,-0.81344177384398397,-0.33300220728731145,0.83760234373636266,0.5354210088173228,-0.10838199612663194,0.26645882094616685,-0.22723737342830164,0.93667650384611734,-2.0493250719294234,-4.9688321108474733,-4.0955965272834556,,0.3432359747184857,0.2753623188405797,False,4
-0.939263617758747,0.3428027735238322,-0.016435170188286299,-0.32584378311190104,-0.90578415030041504,-0.27088909552043489,-0.10774824992580703,-0.24908097383967936,0.96247025050595836,3.4004999151310065,9.3099551432006695,-0.9729476506810989,,0.2348024882754048,1.0,True,5
-0.025198796144544199,0.9995736326746093,0.014750374047827914,-0.97005025745799456,-0.020883339483481214,-0.24200492585419955,-0.24159370579248257,-0.020406836935272728,0.970162894738689,0.15020413981087974,-7.8191645989705307,-4.706281628909478,0.2524140795360015,0.2172110428081259,0.8694029850746269,True,6
-0.39458260490203667,0.91879747058708872,0.010759923396106146,-0.88882062494146097,-0.37868679279725614,-0.25805853917202259,-0.23302889217303804,-0.11138905244096034,0.96606936314578906,18.633472240365261,0.6572660751422601,-2.8878202844905543,0.21745487554388,0.2242456017834227,0.9565217391304348,True,2
-0.88696965230868985,0.46119710144641096,0.02412611657167172,-0.44221703734747136,-0.83308488117968749,-0.332285528769236,-0.13315001976352125,-0.30539615971268291,0.94287022323844694,-0.61969685060123414,0.62562102568143663,-2.8035548053749193,,0.09253908816800376,0.2652173913043478,False,3
-0.57925950567101137,0.81504228122704458,-0.01282594643639825,-0.78734572997886121,-0.56351073055626766,-0.25008470171522873,-0.21105716423241555,-0.13476548653181011,0.96813900709867817,14.435151627321456,6.0370583742931556,-1.6517855794142873,,0.2372086368629253,1.0,True,5
0.34741134905470605,0.92578195198441648,0.14910778627527055,-0.91050253504393497,0.37106628260328972,-0.18246903187539293,-0.2242554084666786,-0.072371204873886721,0.97183945200765787,12.144866248532201,2.8612148398864088,-2.310415842869288,0.5873431612817812,0.2497632180963525,0.1428571428571428,True,4
0.79974246224180023,0.59981801280306801,0.025106684456504186,-0.58686764182524465,0.7899181603937232,-0.17780796061670079,-0.12648464359714331,0.12746627552875442,0.9837448772608316,-0.20795387180771063,4.8607390579897016,-1.8778348717388536,,0.33542122085928,0.3736263736263736,False,4
-0.082477289561687553,0.98685709172376779,0.13896250293177323,-0.95946619336133221,-0.040924206379531175,-0.27883657064474093,-0.26948491702370209,-0.15632750828536576,0.95023133480748578,8.0973444866206865,-14.831946109098844,-6.2465910266001643,,0.1964421260635085,0.2727272727272727,False,3
0.9604916481904987,0.27236279734950974,0.057221502743697146,-0.27476947777923894,0.96070287172688951,0.039391957765897767,-0.044243958200204297,-0.053558368866646562,0.99758406828052371,-7.9082057232295835,-1.5545973846970271,-3.3047665489827001,,0.4103202354884989,0.2882882882882883,False,1
0.46781849703012074,0.88355114190351469,0.021982572130484459,-0.86011677983625567,0.46085098523798607,-0.21866754320036932,-0.20333464751632155,0.08338914225587539,0.97555177826358375,1.3160458716732872,-6.7933582748949277,-4.5583621020203333,0.1550040935605763,0.1754362929266507,0.8108882521489972,True,5
-0.64571849896244293,0.76357141754616908,0.0025120517955255039,-0.73637699040659066,-0.621844403201262,-0.26656793919561855,-0.20198155385436029,-0.17397766670984113,0.9638128570364568,-6.6669418162559584,10.434819490951956,-0.85154388670251624,,0.2601387503952036,0.9306930693069307,False,5
-0.33344238059314757,0.94268800546095199,0.01247009159653948,-0.91264894665927132,-0.31944386776083511,-0.25500493232822108,-0.23640659674826542,-0.096410267658842974,0.96685933894432274,-10.463344053571971,-3.3616391516733448,-3.8017434880202203,0.07849353069014253,0.1009001175307093,0.4339622641509434,True,5
0.28229754155482961,0.94415141565644778,0.16995941381995924,-0.93033247698358479,0.31266238134983143,-0.19163433293186324,-0.23407174178376774,-0.10402086138163599,0.96663854676695748,3.2455412192747768,2.5891472070908521,-2.3969923846948142,,0.681345463642122,0.5625,False,5
-0.73181156590383745,-0.66283211825957888,-0.1584468838850803,0.66514671655669944,-0.64403480061048457,-0.37788757727193778,0.14843071603685862,-0.38193292422378589,0.91219272302000542,17.150644254491159,-9.4742856293879036,-5.1629671153074046,,0.3913222186152782,0.5106382978723404,False,1
0.24057077059622295,0.96982477683065826,0.039567746715004168,-0.94291007202890587,0.24317871152800818,-0.22756254157049061,-0.23031782475783985,0.017436069079381826,0.9729592402017031,1.578945446031117,19.840264060344367,1.3708111954172704,,0.3632554436501189,0.9104477611940298,True,4
0.10435958799712841,0.99437210639288653,0.018253504344153924,-0.96506748939909659,0.10568493068383371,-0.23974035190446574,-0.24032023905196459,0.007403340740888489,0.97066542806874467,-0.89594818669344023,13.388510622700998,-0.097663670675611672,,0.3119172123810243,0.9375,True,5
0.99437965915101278,-0.096755112608575208,-0.042983039106344482,0.086642059379352682,0.97700108980177758,-0.19483845634946995,0.06084609283446489,0.19001925878773851,0.97989307287914751,-15.939949478633242,0.31158741259830447,-3.3238337339238768,,0.177117904119012,0.9830508474576272,True,2
-0.035458518697695285,0.99902926678097304,0.026138430841101963,-0.96949050048481789,-0.028038683836783703,-0.24352002315702342,-0.24255074298270357,-0.033975819692404291,0.96954359404555213,-10.338374576106398,1.7647935151490268,-2.7681831949795024,0.1473709188332688,0.1081131061926176,0.3157894736842105,True,5
-0.96881625462921461,-0.24484377492990433,-0.038034072149780697,0.24457721359879436,-0.92035756678561476,-0.30516214681495574,0.039712105893166746,-0.30494831552008478,0.95154057901226297,-5.6751850250789726,2.5165364185458832,-2.4832171541931127,,0.2490026039674105,0.9238754325259516,False,7
-0.5634253500289923,0.82578441349632736,0.025139160113893538,-0.79810933957610719,-0.5361760190910474,-0.27483951432256803,-0.21347917234731775,-0.17491534803498893,0.96116141412132261,8.7204640083873546,-3.5459321480481591,-3.7237180829575856,,0.07941952737441757,0.2613636363636364,False,5
-0.96939934538726213,0.24467355102357849,0.019994063925582138,-0.22479789608434469,-0.85201633335320981,-0.4727939018382164,-0.098644893830345401,-0.46282072244970307,0.88094617530944275,13.615650126381661,-3.8198769155843415,-3.7990859927149931,,0.3740458571686447,0.2077922077922078,False,4
0.89608384077360603,0.44382322024390181,0.0073959094610192679,-0.44149293359732866,0.89285888463982022,-0.088808792939446018,-0.046018907940621641,0.076314882507081239,0.9960212341209812,-10.19426394263213,5.6148062269679615,-1.8989306901652929,,0.1883532569698991,0.2352941176470588,False,3
0.99790847576214547,0.060032589366818739,-0.023974198964429431,-0.056457041155502985,0.99002467347885403,0.1290881420079118,0.031484543922962863,-0.12746463869247751,0.9913432752467527,-2.0076993270569994,-9.9169755913824904,-5.0807810007002221,,0.3503671648704967,0.1,False,7
-0.53478782624910981,0.83982323522991364,0.09326797126404289,-0.81629942327568195,-0.4849586131284267,-0.31379992847727045,-0.21830536515518484,-0.243950972780417,0.94489718510743126,-13.688108817889363,1.8409223421647249,-2.8731634264939054,,0.4303778801716799,0.5303030303030303,False,2
0.33093242261497985,0.94365280671103746,-0.0017640999295114694,-0.91718009572032644,0.32120779696529089,-0.23580971816945431,-0.22195585974835935,0.079655078652182715,0.97179764599852847,5.6797883478280236,-6.1934238047407923,-4.3482424094829799,,0.2484090246360543,0.9195046439628483,True,5
-0.88361803547546125,0.46810839805583926,-0.0096796204512735184,-0.44860542827562705,-0.85236107018641261,-0.26876341966925776,-0.13406094548423136,-0.23314187461772762,0.96315758274313767,14.2571602291393,19.466290108895187,1.4623584257900935,,0.3099428665737191,0.9230769230769231,True,4
0.15146192112254145,0.97892300578894598,0.13700012841966613,-0.96354754747655036,0.17714176612468702,-0.20049169171352924,-0.22053437419548727,-0.10163928094670224,0.97006909360459614,-0.7605616125997442,4.285547122102713,-2.0086013487564425,,0.2770220865871962,0.1475409836065574,False,4
-0.94427356003247753,0.3286406480379272,-0.018514002290170174,-0.31191514535011511,-0.91134891305084031,-0.26861143084810613,-0.10514935056768393,-0.24786787435700833,0.96307067805895241,14.787364639946059,10.82649455223123,-0.61525043329115148,0.3753160618817118,0.3560890363807435,1.0,True,5
-0.67979661341303288,0.73215005203033701,0.042811980848200246,-0.71424904428581526,-0.6476627097688622,-0.26529477399989276,-0.16650785906067997,-0.21092490532611266,0.9632163916712585,-0.99961895069058515,3.0780285625767938,-2.2575411108908177,,0.2993827396807854,0.9170731707317074,False,5
-0.5470538679218212,0.83702036671330393,-0.011356553125822908,-0.80819022521543393,-0.53164847028247852,-0.2533346875430329,-0.21808398716549521,-0.12940946547075241,0.96731203072667993,3.8350317934365949,-8.0579811868558195,-4.6949674690125693,0.1588834009601726,0.1593799265219425,0.8895348837209303,True,5
-0.23500278805324945,0.96998905680077918,0.062409288522895845,-0.94224473716208712,-0.2115760932809343,-0.25963515178482044,-0.23863894254196824,-0.11981980820679032,0.96368805568178484,-2.2879894203148723,3.71586395233015,-2.145636157455284,,0.4829334208175162,0.363036303630363,False,4
-0.89682337751133201,-0.43815426131646601,-0.061062859738043325,0.43180510891050056,-0.83697717574525554,-0.33617488781925081,0.096188239759113503,-0.32785675312812618,0.93981794617911263,-11.199224048528631,5.2235983442281544,-2.0407527128920382,,0.1863473736482201,0.5272727272727272,False,2
-0.6667080080351836,0.74531490753123253,-0.0024739914037948041,-0.71760796268578242,-0.64281289654844864,-0.26801192496035109,-0.20134359664940116,-0.17691034068901157,0.96341241814997358,1.2660503919262613,-11.605508962627876,-5.4410354452670529,,0.1001272109582376,0.7209302325581395,False,5
0.89368794129479523,0.44339372516649816,0.06873040133191359,-0.4400588599671767,0.89605335638551853,-0.0586223700871569,-0.087578897850218607,0.02214468318180457,0.99591141657183457,3.0426100853389406,2.3320944800456056,-2.4246758219621296,,0.8308323400338441,0.6949152542372882,False,1
0.96408903250692557,-0.25174750934014323,-0.084590359621497691,0.25055177692068731,0.96778955795068433,-0.02464099436925285,0.08806897570510254,0.002561847507935448,0.99611108439551055,-11.578693586572639,-2.3684155518106316,-3.6357647538777216,,0.2542836129985009,0.3076923076923077,False,1
0.58544821750528819,-0.80477881253346228,-0.097884868683114412,0.7984000265462734,0.5933013612570871,-0.10271753667897773,0.14074012303103312,-0.018015482999835439,0.98988264968201756,11.159324977972396,-10.159947691752231,-5.2532993497963814,,0.2266280800585021,0.4761904761904762,False,3
-0.14824152631095558,-0.98755415512413869,-0.052547507781502266,0.95975371713002677,-0.1308457940142061,-0.24849986045044214,0.23853144935646436,-0.087270664520448793,0.96720555146362974,-13.545258723104697,0.53821232456413814,-3.1506133462501604,0.2833950339148286,0.1539818699972245,0.6712328767123288,True,5
-0.72080867882569144,0.69308952240024846,0.0078589101378040323,-0.66774234905479235,-0.69131773732635693,-0.27604336857956191,-0.18588976251624673,-0.20422218292085548,0.96111305068378483,6.0358928148566298,11.308636361588727,-0.52378693054648484,,0.225990499675048,0.75,True,5
-0.77333307946182706,0.633627368903529,0.021732592723318938,-0.61119973110656423,-0.73597387355136346,-0.29116549614448595,-0.16849580678862608,-0.23845086459518722,0.95642581953252204,-10.32937725948857,7.6510593686078794,-1.5513777294552544,0.496267950060561,0.184058068295171,0.25,True,5
-0.96780617089935195,-0.24939913325985166,-0.033930633627563579,0.24900651400747301,-0.92906528835282043,-0.27355702506010693,0.036701111031947953,-0.2731991257437047,0.96125712800576668,-7.4688342182457754,-6.7299951664757458,-4.5363695802884383,0.1282378695502017,0.1128445833435577,0.6206896551724138,True,5
0.86449354384944521,-0.49884151786628894,-0.061709421448282648,0.48181763635585106,0.85737904843292823,-0.1809777130055118,0.14318756209631442,0.12672137689080432,0.9815492930565487,-3.188273123234501,4.6718936324582305,-1.9280062308363655,,0.0975056888083083,0.3061224489795918,False,4
0.76403966285202141,0.6451640993167217,-0.0025842874862284939,-0.63034753714593283,0.7456274157550119,-0.21610585204607236,-0.13749682179245254,0.16674244158985119,0.97636652040595318,-5.8003935358499614,-11.752988272814891,-5.5278715267970773,0.09483822164519726,0.1582211592488301,0.8048780487804879,True,5
0.61970120088012504,-0.76227086520140674,-0.18685167832489116,0.75714558054610193,0.6433295871545508,-0.11339141127554972,0.20664218225530909,-0.071205128724362771,0.97582213448768906,13.824067509937599,0.81733794926463688,-2.8494325738692949,,0.2570066811320757,0.3333333333333333,False,1
-0.78982066904398485,0.60348320646417319,0.10950493261324426,-0.56898091075384405,-0.65426534450100682,-0.49819432170861233,-0.22900662424619353,-0.45579038877613265,0.86012271656471417,1.8999601714710546,-3.4603664665518226,-3.7150662970705506,,0.4986342689787298,0.1566579634464752,False,5
0.89590319060422596,-0.4380844689225139,-0.073752770483868982,0.42858539966469672,0.89601606662430711,-0.11605931046390316,0.11692744869969381,0.072368545929729647,0.99050026012141767,-11.797338450445263,-0.85209657344410383,-3.3747052573833489,,0.1862101616082163,0.2058823529411765,False,3
0.14953214077954238,0.95439439147168781,0.25840178869596342,-0.95976302845038586,0.20292644246971434,-0.19410251973204695,-0.23768691191067104,-0.2189799179695982,0.9463364768582031,16.888456118496876,-9.8388719877406245,-5.2016494296136724,,0.2443297176484321,0.375,False,1
0.39928473946441989,0.91682588029231005,0.0014149406556272681,-0.89200118269549977,0.38882917566632208,-0.23053364661254269,-0.21190938370128534,0.090786438287208365,0.9730633256486767,-4.5145236708172378,-10.808830827543286,-5.3291732529943703,0.1435613727255038,0.1660581156030665,0.8794326241134752,True,5
-0.98944839408879981,0.14320634403628565,-0.02199587376883879,-0.13228485853870744,-0.95484829734935073,-0.26601775363768299,-0.059098152564084919,-0.26030111808596951,0.9637171453734259,-5.9967691192504571,-7.0823343460806889,-4.6071182742299612,0.2027683937707066,0.1775792095318206,0.9792746113989638,True,5
0.39504916972689458,0.916921998513752,0.056481874434535007,-0.89285145051508619,0.39769551173132983,-0.21131627306448314,-0.21622312737355071,0.033050394707220251,0.97578441809576921,4.111861788824716,9.3036263918198934,-0.96667249618563178,,0.1012242460390292,0.1111111111111111,False,3
-0.033445733725548793,0.995233383277769,0.091607290676252076,-0.96754455441325782,-0.009270804966762497,-0.25253036926381189,-0.25047738045741502,-0.097080198726372191,0.96324270923502864,1.0499221936644869,2.5180067709865828,-2.3811389143243069,,0.1588168531521391,0.2083333333333333,False,5
-0.81497485598600217,0.57947421097494012,-0.005061909280429623,-0.55692704399082738,-0.78561869202165091,-0.26950981135726337,-0.16015071583427867,-0.21682460552520116,0.96298433977744791,-8.2507342822013392,-6.0188809760023494,-4.4149748789982111,0.1562553853471334,0.1174962368230727,0.5555555555555556,True,5
-0.21162150561681695,0.97708526752415736,0.022819253881678929,-0.94691101911597519,-0.19919268639390733,-0.25235252240451944,-0.24202450338181966,-0.075011023686012757,0.96736626263704251,4.7120382403158292,1.7842019719198383,-2.5474545529219177,,0.1998282461382208,0.6731517509727627,False,5
-0.81198937696303064,-0.58165889623739753,-0.048437383569724074,0.57046175118157716,-0.77331768379310517,-0.27668239982282039,0.12347729401811891,-0.25229484410260672,0.9597398967955868,-13.497331491191714,-3.5223449064347099,-3.9501799249114273,0.0887054941998075,0.1344633564334425,0.7704918032786885,True,5
0.14925053784863399,0.95549619860444202,0.25446275052422529,-0.95980258560679499,0.20185925413680716,-0.19501753301137539,-0.23770417248000597,-0.21512753420190672,0.94721532420764953,9.539174142901766,-18.159791807757525,-6.9251876636949827,,0.1916609931495299,0.4166666666666667,False,1
-0.68912784940801186,-0.69648673013463258,-0.20002260351433984,0.70675289740591873,-0.58505395507203273,-0.39775898690401673,0.16000984088057324,-0.41547334980830958,0.89542098837386785,-2.0121966805061504,3.8171431321209797,-2.1038213008994671,,0.7612773846245917,0.4673202614379085,False,1
-0.3935319205077471,0.90466878344341373,0.16342282522493221,-0.88961339742784995,-0.32993516322739025,-0.3158018226403948,-0.23177711418162941,-0.26966123252913105,0.93464548841392636,-3.2828793322528753,-9.7095000836106919,-5.0488196023276766,,0.1626613736994593,0.2040816326530612,False,5
-0.15715205290801695,0.98728967888195474,0.023713334644507256,-0.9505524317924896,-0.14470426445080994,-0.27479219469107014,-0.26786807700840487,-0.065724925431046619,0.96121117736785766,-3.7055367721070342,-15.981610483274002,-6.5704129690256448,,0.1209551636857624,0.3529411764705883,False,2
-0.83479819754851547,0.54962689124497277,0.031972641275544222,-0.5285127592081722,-0.78375372849867186,-0.32619680626669745,-0.15422785975274542,-0.28920645477723261,0.94476102469951106,11.335863742736484,-14.862764601677567,-6.2763947876549189,,0.1110920299859831,0.2307692307692308,False,2
0.035926995542857103,0.99773031680997393,0.056951434657363367,-0.96934543946531948,0.048652098727789056,-0.24083685821976691,-0.24306104167276615,-0.046553068724305049,0.96889325615018085,-18.781627450330987,2.9254701076746819,-2.7974803359235692,,0.1603193538071522,0.2380952380952381,True,2
0.80798064290720939,0.58885879782436701,0.020312481682304689,-0.5855123312030398,0.8062897714413706,-0.084095864810373455,-0.065898336067269511,0.056054622412997988,0.99625061536226989,-0.24354870532640613,-9.857275187211572,-5.0711386491223314,,0.3447955670152193,0.225,False,7
-0.36663340526729482,0.9302808798085267,0.012547143291688052,-0.89896361971024275,-0.35075225576393843,-0.26236856807546127,-0.23967552353039037,-0.10747250689912938,0.96488616099581959,17.767349351763308,-11.222501369375919,-5.4571669737161379,0.3393293277218452,0.3020850198474746,0.864406779661017,True,4
-0.6637064340588158,0.74798760624131844,-0.0028827588023319735,-0.72068914672953799,-0.6405061784022299,-0.26525268936397517,-0.20025214899016885,-0.17397234360079517,0.96417462136630916,-4.0003542826341185,4.9446281558587595,-1.866643749573575,,0.07626955704996893,0.4084507042253521,False,5
-0.98874640985810924,-0.13911818258649533,-0.055015163968937228,0.14907586400050435,-0.94702570709868139,-0.28446211850920444,-0.012526921617127887,-0.28946233151840683,0.95710743120442077,-8.003742781131356,0.89512282899344631,-2.8854835643059911,,0.5392694528980734,0.664179104477612,False,3
-0.62708426466798983,0.7789382469427123,-0.0045312752753920984,-0.75138828014430059,-0.60641845549905316,-0.26013901916462701,-0.20538008050343551,-0.15972433840826494,0.96556054095662214,7.4885066800539919,-10.358389461271575,-5.2850818526404595,,0.2736648891727479,0.9555555555555556,True,5
0.99334381794873039,-0.11040478560891751,-0.032845740327923985,0.10456696678616015,0.98391266318493986,-0.14485033890696375,0.048309510452731019,0.14045160924307395,0.98890825492603163,-7.0307999830329342,-0.48507820503134624,-3.0927292320382729,,0.145407587697738,0.2068965517241379,False,6
-0.56903502574077658,0.82224779744070742,-0.01037781692352396,-0.79355447857594896,-0.5523988138005973,-0.25519960823587967,-0.21557000953807803,-0.13698215254403623,0.9668326953884806,-7.5863847949047285,-12.172993212034664,-5.6865974877566776,0.1750175126308585,0.2049688807443949,0.9411764705882353,True,5
0.99900317879931544,-0.031259914265739291,-0.031866385250904357,0.027652950950514413,0.99377210740525712,-0.10794587924992988,0.035042303756871694,0.10695707692065382,0.99364592317585554,-2.1090070675389465,-11.351657030929246,-5.3387626823250605,0.5520941930003839,0.2782026584696835,0.1186440677966102,True,4
-0.97324912547968145,0.22948057370827157,-0.011171662524364211,-0.21067619246969202,-0.91078445456952095,-0.35508762192024468,-0.091660687753851361,-0.34323511417834845,0.93476626742489355,-13.93603333408117,-3.9112059046536505,-4.0805863622082086,,0.2065701958466286,0.3636363636363636,False,3
-0.27466478783372916,0.96153674279138712,-0.0025192432159419145,-0.93274512873541204,-0.26707495901959039,-0.24219308636920733,-0.23355037817269894,-0.06417210084462488,0.97022479989359955,-9.9473777140182733,-12.789081444560836,-5.9256274992172893,0.1582263727812517,0.1424739946902832,0.8095238095238095,True,2
-0.7291155965392554,0.68439030881663943,-0.00059336419639086893,-0.65936016538462283,-0.70268152196012912,-0.26736277040709805,-0.18339743506158276,-0.19454712512309383,0.96359576427004423,-16.532179555711,-4.7647252038084993,-4.3953625353676538,,0.09684989354378432,0.4230769230769231,False,2
-0.54858709878057932,0.80074071408053404,0.24055457564823599,-0.80801865218922797,-0.43381804109185629,-0.39863236815081649,-0.21484425234529872,-0.41305715831712769,0.88500041310564859,14.571313330794252,-1.5137517090711743,-3.2800859833570861,,0.3805256214735157,0.423728813559322,False,5
0.99724310453576559,-0.038355936768407498,-0.06352174879901179,0.029608171871541855,0.99062812196296113,-0.1333389670522489,0.068040771705588893,0.13109060260275482,0.98903271295491202,-2.515300581536164,4.914710098110648,-1.8774092677492529,,0.1936387954980574,0.1818181818181818,False,6
0.99964298796012041,0.019890944231480731,-0.017839477563599052,-0.014899178671931773,0.96921025941700689,0.24578341586795463,0.022179068895332017,-0.24542987466565303,0.96916059841727864,7.2676946895949088,6.035655613724848,-1.6229864665068305,,0.569690898665167,0.2903225806451613,False,1
-0.97028618063110539,0.24134249632922808,-0.017277938010023346,-0.217107624667673,-0.89992527071028761,-0.37815180344430027,-0.10681295327563287,-0.36316429698222324,0.92558234988030363,-1.8672810415447345,0.38560546469090712,-2.8223243222662506,,0.184474192672996,0.48,False,2
-0.063524450670538801,0.99790032710030796,0.012632550815410135,-0.96699719357694158,-0.058417756362594692,-0.24799958337843844,-0.24674090009831123,-0.027969678486857528,0.96867777165784907,4.6457566628221958,-4.1038296096187246,-3.9064620073222729,,0.08117222523065097,0.4160583941605839,False,5
-0.48018588922304578,0.87713402655656325,0.0075770210335417212,-0.84712324174587095,-0.46148054443000858,-0.26347280771751319,-0.22760431692970903,-0.13293459508063715,0.96463706560846374,-5.1910715566206669,6.2172788483893049,-1.6462917923898248,0.196051711437067,0.1450824272153209,0.3648648648648649,True,5
0.60386156008576497,-0.79605694268125049,-0.040553178170967298,0.77034372833066511,0.5959124827136546,-0.2268454389395107,0.2047480316691635,0.1057433541884724,0.97308611467463391,16.184204197878625,-5.9504102888053172,-4.3071203639154403,0.2011597210246768,0.2043898168076004,0.5918367346938775,True,5
0.71734919439978895,-0.68996150936607703,-0.096763882142341079,0.67180203255684545,0.72180298103448548,-0.16638054460248655,0.18464063026989308,0.054346776933076137,0.98130233133857447,-5.0806216761661487,-0.90925666537601446,-3.1276956061924839,,0.5881488547047224,0.6544502617801047,False,7
0.98573750772822744,0.16711062700177529,-0.019889801427287544,-0.16775745073528292,0.98512658247465779,-0.037189437003016412,0.013379221970746251,0.039995685328242048,0.99911027498198746,10.032637946624195,-7.0478088757999373,-4.503766456899311,0.4380404962735982,0.2610431902668041,0.2602739726027397,True,5
0.77406839415045559,0.63281743911529664,0.018979197266804186,-0.61556660816555075,0.75929699913216175,-0.21105880228138529,-0.14797253829306981,0.15169098806603892,0.97728909338570547,7.3592668330358091,-5.6246864869372297,-4.2274094255257255,,0.2529816480347203,0.3421052631578947,False,5
-0.78628268661030554,0.61785239953189819,-0.0042366413056269779,-0.5941314281477138,-0.75794195652621565,-0.26931735299524978,-0.16960950098398131,-0.20924245011441964,0.96304216639048401,-6.94210734955979,-5.6071998782344874,-4.2453202517326734,0.1305802151324856,0.1343941142043177,0.923728813559322,True,5
-0.9778243601594806,0.20789443710904731,-0.025286828543984348,-0.18679362534069471,-0.92036588662703767,-0.34356189582854729,-0.094697741318263098,-0.33121977258662827,0.93878953979945889,2.3992247796813007,1.7622239085407458,-2.5037476641055885,,0.1190661365675997,0.1818181818181818,False,4
-0.63717541360123775,-0.76806203198340695,-0.063939090763096867,0.75372224698115586,-0.60364937493059878,-0.25982726291052471,0.16096666334297027,-0.21374785886978456,0.96353598070897872,-8.896881874982979,3.5765069667799469,-2.3119603630593755,,0.1734302581960518,0.5875,False,5
-0.3237347604148878,-0.94481262196949423,-0.050248525015602029,0.91949725235241375,-0.30165572828869852,-0.25204885341333244,0.22298118264884118,-0.12780035585922001,0.96640905481415051,-2.1364560572755606,-1.4287739622744358,-3.2334254028671996,,0.08391718268860268,0.5316455696202531,False,5
-0.36615698394069235,-0.92170890355038881,-0.12799125058922622,0.905172777869651,-0.32088074463625971,-0.27874323296793735,0.21585019183497126,-0.21791797731627841,0.95179853427455252,-11.55713392974755,0.71665453638733312,-3.001005611963425,,0.1540833353525217,0.1818181818181818,False,4
-0.83367413007020197,0.53301051893427243,0.14452415561803969,-0.52207720246799216,-0.67532349152306015,-0.52093529008917883,-0.18006343192021249,-0.50974304164207984,0.84127236492267699,1.159343141362027,-7.6052000592387206,-4.678634798023241,,0.3673042815401555,0.2795698924731183,False,3
-0.99680052382243944,-0.069061607657158117,-0.040239409229250921,0.078799509825033295,-0.93344368662477872,-0.3499621710294939,-0.013392272348068938,-0.35201332112315148,0.93589917661744104,-21.149891874771544,-11.398185862611552,-6.1422855164741419,,0.1323967100511571,0.375,False,4
-0.96822303739880455,0.23996551440699251,0.070432249329553706,-0.23542715745043591,-0.77955890062888722,-0.58039811680008835,-0.084369445802616377,-0.57853649180122491,0.81128128554114343,-5.9902838285022746,7.8586601003662233,-1.3201238493436542,,0.2474209061444459,0.1428571428571428,False,1
-0.96386302829004755,-0.26377658203664672,-0.037282401540146136,0.25550894765581927,-0.87576189345744404,-0.40958061921390571,0.07538726923925837,-0.40430560314803293,0.91151178758135154,12.537491997818632,-4.602936157551083,-3.9729162038118293,,0.230457619371509,0.2641509433962264,False,6
-0.98550974708341066,0.16794872078053841,-0.023743748477742754,-0.15520904515952438,-0.94936989449272957,-0.27314273874942097,-0.068415573550634518,-0.26549958685287339,0.96168044519824414,-8.0210738325070015,-1.226275573010766,-3.2724374758636787,0.2496089281491447,0.1867387879820868,0.2763157894736842,True,5
0.78728508656674989,0.61654270366006203,0.0075688197973487695,-0.60338616227842512,0.77289560464778106,-0.19636069740926809,-0.12691466282702754,0.15002492752766389,0.98050251885439832,-11.528623405550452,-7.4125808681429621,-4.8027919428141868,0.1423746412191449,0.1896443872380612,0.7288135593220338,True,5
0.062407841773919281,0.99803485228000921,0.0056298241128229223,-0.96819636290692213,0.061909437109485793,-0.24241085877203292,-0.24228302486746642,0.0096775632886840733,0.97015734838729328,1.695436536394477,-4.2449240799335151,-3.9252801303663709,0.3256950303727133,0.2719039503673915,0.9474431818181818,True,4
0.44405785195949465,0.89381928643905373,0.062447636486105573,-0.87117912423179744,0.44699808905228977,-0.20307545860177276,-0.20942673567584139,0.035774174668081429,0.97716971443602318,13.376039227505805,-2.9971422434632746,-3.5827693957609505,,0.1443193586354065,0.3793103448275862,False,3
-0.71948061963370558,0.6924479994176167,0.053510803339502491,-0.66259245824523427,-0.6612827892751284,-0.35167642355586437,-0.20813186264490166,-0.28848022585793714,0.93459097312188766,13.304125513456851,1.3897435429166025,-2.700914250849622,,0.285293633035289,1.0,False,8
-0.018273521151232052,0.99983286729804199,0.00056204565035684623,-0.96935694066322564,-0.01757878632970962,-0.24502674927282542,-0.24497591720977216,-0.0050223243375975904,0.96951615574237882,2.317637899771142,4.2516928931562958,-2.0213181830352966,0.4007375154795379,0.2752370164512828,0.9905660377358491,True,5
-0.35479273354234575,-0.93331701577330162,-0.055149472287308036,0.90842837012984279,-0.33018121955427882,-0.25639473199909368,0.22108824611179131,-0.14106633305529573,0.96499755290339695,-6.4579399719048327,1.1665395678622894,-2.7818103311524056,0.3100356838731363,0.2319816046092007,0.9703703703703703,True,5
-0.99853191003187725,0.047078365040585129,-0.026789031210465525,-0.038828962303526691,-0.96695104457981407,-0.25198807327418726,-0.037766868211716785,-0.2505779418287078,0.9673594775130735,7.3591457749503437,-1.4214853347336085,-3.2232246452412658,0.3660910408403153,0.2905958345080172,0.9545454545454546,True,5
0.9361006667264028,-0.34775190297478553,-0.052765099562108585,0.33363415687398473,0.92538705643251784,-0.17985284305271809,0.11137230859315658,0.15075612678951258,0.98227735345677958,-6.3925789103611672,8.7519317129308742,-1.1697982703023537,,0.2362478067607834,0.2894736842105263,False,2
-0.62552118001568424,0.78018057374732253,-0.0064440436904267219,-0.75284498352633933,-0.60573146068886008,-0.25751471474648896,-0.20481133789663883,-0.15622954227366384,0.96625288925309283,7.2555277944668086,6.5751953974462989,-1.5199138012071689,,0.2279770061616274,0.9064748201438849,True,5
0.39832848698590978,0.91724214836306617,-0.0011214819759451503,-0.89110618828958033,0.38668811531983655,-0.23749118438882699,-0.21740326043445343,0.095598863678913168,0.97138904647714119,-10.164424616577282,0.1306788748610066,-3.0843230597209157,0.2302544019367336,0.1796664710781045,0.9090909090909091,True,5
-0.047100178709900888,0.9988817972233337,0.0040900295080769488,-0.9690888980929443,-0.044701889521362274,-0.24262821077983068,-0.24217407119363013,-0.015391434276943467,0.97011072718138713,-8.4242994745718924,-10.906528497793651,-5.439885842788037,0.1291447701912949,0.1013563574965963,0.6744186046511628,True,5
-0.38828948365402516,-0.91109776247629815,-0.13831899397542469,0.89811324290960493,-0.34050620015902816,-0.27829504229082719,0.2064555152910281,-0.23228515850984305,0.95048394270601599,-3.2023212864266357,-11.830244141705506,-5.4807050609483179,,0.2365157756429559,0.4390243902439024,False,4
-0.81698233304723866,0.57615308479767802,0.024238200568729953,-0.5543596394086463,-0.77311415833131858,-0.3081880730696322,-0.15882461296476152,-0.26522089108095659,0.95101662511799279,-12.672016311451497,4.3105507516083836,-2.2715923537000813,0.2279149407678453,0.2158624805510525,0.9565217391304348,True,5
0.97907229733529511,-0.17174862817156059,-0.10917804409207918,0.17435399969845583,0.984573145321746,0.0147106866050975,0.10496723002792747,-0.033438454396540702,0.99391335154923477,6.6106968648890945,-9.717223813357279,-5.092591690372319,,0.4836352430133514,0.3684210526315789,False,5
0.4504182555477742,-0.88316819839370486,-0.13090961926197842,0.86297930758036456,0.46824955554088182,-0.18976055550055743,0.22888885896306352,-0.027500674205973553,0.97306402829454275,-8.3852989132755216,5.4022792544803391,-1.8722068135817491,,0.3421004446509677,0.2564102564102564,False,1
-0.77715307365029429,0.62929037844356128,-0.0051691115540198635,-0.60499125204099946,-0.74935545209083554,-0.26916907581593025,-0.17325901151098103,-0.20605830733095343,0.9630790668009237,11.451270446519889,-19.031263522307341,-7.1079983834657812,,0.2395374529855729,0.9574468085106383,True,2
-0.84915689360880053,-0.52089829993359438,-0.087163817969048193,0.51696147348525068,-0.78600768884007333,-0.33903207520269096,0.10808980048371195,-0.33295175958474199,0.93672820007770319,6.5133346136893611,-11.310173899545648,-5.4835958979075423,,0.2365831410651373,0.1428571428571428,False,1
-0.93799503157124853,0.3455380584078685,-0.027726718871366129,-0.32481374829582044,-0.90403467141042693,-0.27788008529914565,-0.12108406032864454,-0.25164411989864066,0.96021554208144688,-1.3793868742447044,-10.752793922587658,-5.2318152571242447,,0.09561599197615482,0.5555555555555556,False,2
-0.99959326911695456,0.022131492169836644,-0.017985922006281966,-0.010339055273166765,-0.86900543401937136,-0.4946945113712729,-0.026578191664182085,-0.49430734639406321,0.86888080139264279,16.173355767601084,-7.7506421153629379,-4.717245727425146,,0.2458810953544875,0.2,False,3
0.080658044977997098,0.98350293981172054,0.16191432043531692,-0.96347352276888687,0.11854892993588849,-0.24013521635605209,-0.25536846066740421,-0.13663132361489758,0.95714096699681694,9.5189667429197726,-7.997579704886693,-4.7390208616144145,,0.2838151149806554,0.4415584415584415,False,3
-0.33249264437071274,-0.91927058809348794,-0.21068988420335505,0.91658699909439889,-0.26237231077663686,-0.30171019808560023,0.22207411945225625,-0.29343203029659248,0.92982833311613189,-6.5723067387956444,-2.4905380690031582,-3.5167069209111137,,0.2596622976326566,0.2272727272727273,False,1
0.64485948745360244,-0.73415300586354915,-0.21254553729163811,0.74865886946305982,0.66271963141648693,-0.017680138842429555,0.15383802720838827,-0.14772289638613875,0.97699120122338867,-2.2604296779431694,8.5013222251171907,-1.2036628178420339,,0.3907263966524782,0.4242424242424243,False,4
0.62238359105704821,0.78270311656100122,0.0038074806145243162,-0.76270855151781092,0.60756285269621724,-0.22168230751514445,-0.17582471676228367,0.13506743260065238,0.97511151035465271,-6.5178739660283833,3.4715622466737948,-2.2758570852302626,,0.07019689227757106,0.2424242424242424,False,1
0.96881845214631312,0.2469738387222255,-0.019867807318091825,-0.24506093996246739,0.94330477256997525,-0.22387773840071382,-0.036550546993617837,0.22176570752376168,0.97441471072688124,20.371607746392339,8.1259678695130759,-1.38081782067428,0.3677398558063883,0.2638694132342627,0.9777777777777777,True,1
-0.85904491944974493,0.487228365196885,0.15700428820625265,-0.49070115961599731,-0.69643124118984001,-0.52363718187910879,-0.14578819677565427,-0.52687004701572293,0.83734924329012983,12.393813776183736,1.1813607852080046,-2.7230270884763459,,0.4685470610187201,0.2692307692307692,False,1
-0.98636699025126107,0.11643250577152137,0.11629115246841552,-0.1588011528580813,-0.85878708784912761,-0.48710053540779252,0.043155004270790512,-0.49892705813914157,0.86556885125506255,-2.3929573208151287,1.8960263229618552,-2.5353975394898809,,0.311309091018533,0.2822580645161291,False,2
-0.74551680817769694,0.66647442707257987,-0.0040653146022119595,-0.64116867528116606,-0.71884839452435034,-0.2686256047512196,-0.18195444089863091,-0.19765835107083146,0.96323608616435574,1.4441083533784123,-15.458733104223231,-6.3743003683342625,0.3115062091364246,0.2739522931122568,0.9642857142857143,True,3
0.94508838476764545,-0.32130113492121354,-0.059778973524328996,0.31028832803383938,0.9395886037258846,-0.14454898558761078,0.10261139538690037,0.11806284956235358,0.98769026779146185,-16.799255246136021,-8.2978641004918234,-5.2641416721246257,,0.1853128512195289,0.1363636363636364,False,1
