axis_00,axis_01,axis_02,axis_10,axis_11,axis_12,axis_20,axis_21,axis_22,location_x,location_y,location_z,dbh,dbh_approximation,score,reconstructed,number_clusters
-0.79484230100259257,0.60346986612405107,0.063638331350882177,-0.59208009735562517,-0.74829248314570662,-0.29916470042935583,-0.13291679672734419,-0.2754677482898002,0.95207701621239138,-3.9335116125433758,-26.9199731110537,-6.30612601946655,,0.177192259246264,0.36,False,1
0.8872901749297194,0.46088558987949813,-0.017338353861154544,-0.45859703920899381,0.8776393639517982,-0.1394198783209438,-0.049039791006201101,0.13165720596955371,0.99008155169882761,4.7238609146402606,8.1639202022677377,-0.70850796328677323,0.2559128583335117,0.2382467646814299,0.9802955665024631,True,5
0.053673509821079594,0.99850952460683384,0.0098936147550360756,-0.98375695902610416,0.054574921181589874,-0.17100825578238918,-0.17129331543057436,-0.0005542990689683155,0.98521992105384482,-2.4108717847870729,0.78141548757799684,-1.7194660332789919,,0.2909634515376053,0.9484412470023981,False,5
0.38109094663179133,0.92450248119603873,-0.0080531147796051757,-0.9127916009614091,0.37485098248242149,-0.16216730295059859,-0.14690535595951931,0.069151306526569867,0.98673041566381026,12.335329223464409,-14.825486184397112,-4.4906138711216039,0.2925409292395811,0.3323436171360392,0.9897959183673469,True,4
0.9946956162517292,-0.095940601697217909,-0.037094904711695492,0.088989654893008752,0.98350842794180082,-0.15745479824213757,0.051589459501115244,0.15331853480067176,0.98682924285560158,7.9866997924607732,-14.977575265736156,-4.3388643558547386,0.2645056933168067,0.284816741092655,0.9461538461538461,True,5
-0.77213200466048104,0.63545790797953539,0.00232692184196104,-0.62032718972629408,-0.75294244654323039,-0.21970855668310108,-0.13786350157044555,-0.17108746119972021,0.97556277888968745,18.62713487660595,20.005402118350737,1.1770296038311179,,0.2408347573956373,0.7058823529411765,False,2
0.53939833218948041,0.84204824040688564,0.002049404517261203,-0.83243013257929377,0.533600869924301,-0.14943288122113207,-0.12692325872442267,0.078897860830935002,0.98876974769208859,8.1535580856385721,11.326486155523645,-0.13208263808418966,0.305693254179474,0.2773725632358809,0.9905660377358491,True,5
0.66516390811752357,0.68458825655734412,0.2981541452363165,-0.73911743328277912,0.66039612681080295,0.13259855018349964,-0.10612443241449554,-0.30857069640046159,0.94526278365734651,-5.6353973040341421,-5.6497423279994941,-2.6297892736371402,,0.7355118185205648,0.3629807692307692,False,1
0.32261551408732025,0.93889265404240374,0.1199992260616173,-0.9334429025198443,0.33659687633650259,-0.12404390583917901,-0.15685527662627083,-0.071993937423385071,0.98499405844338761,-3.9444984028031636,-11.362838106993642,-3.5540177682426122,,0.2691171773065135,0.1956521739130435,False,3
-0.96836097696469703,0.2463671087593455,-0.039752559836296296,-0.23442165899958475,-0.95265377615577029,-0.19364211465493,-0.0855774741614867,-0.17819660630245301,0.98026652774560685,-7.9522320564285582,-12.156912604989703,-3.7621073804401819,0.1149313625259384,0.227369848481444,0.9873417721518988,True,2
-0.5175971478178838,0.85413548677204165,0.050455552791345212,-0.83786887244698371,-0.49402321860650528,-0.23219993984083995,-0.17340399405784368,-0.1624611637110765,0.97135854612518391,-10.487528864785167,19.654132373053013,1.2078780763725143,0.3310410351616273,0.2476800395179789,0.5,True,4
-0.87391299668180189,0.48028192679437814,0.074868852170401679,-0.47660637935948041,-0.81638650849534333,-0.32612793180074306,-0.095511430648278176,-0.3206904107413609,0.94235621029102246,-10.165766194993394,-6.2845814994379259,-2.821094860989751,,0.2169608583709466,0.2786885245901639,False,6
0.88016595018810184,0.47413467425075606,-0.022454638777014275,-0.47178650556984536,0.86864406617902112,-0.15124476670011192,-0.052205299459642307,0.14371428935602243,0.98824127101797543,8.8113862852561162,2.778806504667787,-1.6153446425569944,0.2846379096989564,0.2518947787008669,0.8757763975155279,True,5
0.5874586013870543,0.80903829302664698,-0.018693102281204257,-0.80043512665652516,0.57750065068983991,-0.16061322008839682,-0.1191469666870225,0.10931623332945983,0.98684039310313043,-1.5697835562431366,-6.8432336832364378,-2.7946497881186625,0.2247820471696589,0.2086886521223372,0.9579158316633266,True,5
0.85387627153443035,0.51955562479418937,-0.030939710004770842,-0.51698196104680894,0.83976762920929049,-0.16589147321186595,-0.060207681093490145,0.15764606457798794,0.9856585379635372,0.76739186971549334,-25.92810461790436,-6.0480362828837908,,0.2725436159879462,1.0,True,1
0.77231372079918381,-0.61749000086259909,-0.14912282018533776,0.61975677316781153,0.78394774136915812,-0.036434611495364214,0.13940250635459547,-0.064280927473891386,0.9881472074469243,-8.5784410578027046,0.33019822800386828,-1.7106233871953367,0.3648496329766847,0.4063310484244503,0.3061224489795918,True,8
-0.21352851041267962,-0.97291625005929838,-0.088541208550002179,0.96361284829110427,-0.19483214549037026,-0.18300468215847362,0.16079755548280869,-0.12439616334184908,0.97911681667540629,19.889827027111632,2.3920272299449894,-1.9336804656261088,,0.1918616843911397,0.44,False,3
0.81038352369353694,0.55548164873026795,0.18632949967718607,-0.58218496256717589,0.79919483244541212,0.1494934418401207,-0.065872709726433512,-0.2296252549621951,0.97104738730756324,-5.0473490872947888,-5.5280523715622083,-2.6372394615063999,,0.4117172874007478,0.2727272727272727,False,8
-0.99166859191804202,-0.11159346449868983,-0.064345182294160155,0.12813501821629578,-0.90582202516347665,-0.40381663640252419,-0.013221985856843806,-0.40869714631976406,0.91257428282857278,-2.708468872824489,-7.0609227485150683,-2.874284239788139,,0.3233957977670216,0.19921875,False,1
-0.25195688071019801,0.96445884443575569,0.079604444928875195,-0.94839924756243699,-0.22972232063198395,-0.2185555367096868,-0.19250090255837865,-0.13056336696448653,0.97257216170375083,-7.5845349077510571,22.953912008128722,1.6755668269601636,0.2440663805918717,0.2231538640496801,0.2258064516129032,True,5
0.87289313110065514,-0.45039060864137759,-0.18763230352193092,0.47339057607320195,0.87490809750002196,0.10216253429695221,0.11814797570156914,-0.1780003386978333,0.97691193833481249,-3.4709599148897867,-5.7085158543279508,-2.6531417107364397,,0.6781012179207148,0.1971014492753623,False,6
-0.14573853249079005,0.98922207968137643,-0.01414062298076944,-0.97331173234579926,-0.14592632451152193,-0.17711515884468521,-0.17726971491332361,-0.012049269082036055,0.98408854443547866,6.4924609878772852,-9.3416421195138053,-3.4711565586841919,0.3439268395991,0.3008580431623696,0.9805194805194806,True,5
0.97093495054383483,-0.23267157916623649,-0.056118250692001694,0.22554892522481867,0.96791886692525042,-0.11072826820675785,0.080081234645638419,0.094852534486055004,0.99226508179981898,18.897420961809399,-12.729403399244614,-4.4595589980555888,,0.251640418131313,0.5625,False,2
0.84829298902717687,0.52932430877226766,-0.014655405490779618,-0.52591311096105264,0.8389526175369737,-0.13990677341403995,-0.061760865332389635,0.12638940489859546,0.99005621751634565,0.80118243362245389,10.182560286152164,-0.38988845922953264,0.2796046701693892,0.2541495404696635,0.9431818181818182,True,5
0.94667689277795908,-0.31866631171397786,-0.047483075499391431,0.30930463126819402,0.94016177849094584,-0.14292122075042082,0.090185950991923447,0.12061348201322188,0.98859439721269471,-17.934895614310385,6.4264928005120927,-0.73760675185973812,,0.1618796721096169,0.8421052631578947,False,3
0.99870306019371657,0.038782467913299652,-0.032986629749934014,-0.038055912300349451,0.99902506093608923,0.02237577173262939,0.03382225744526008,-0.021091415414725544,0.99920528776478668,7.6279181976393176,-11.465736359780173,-3.7425244900067707,,0.1325640456702472,0.1428571428571428,False,4
-0.66653017789814561,0.74536486085265208,-0.012990233145445737,-0.72903672139835451,-0.65537054313872634,-0.19747128915057191,-0.15570157611213928,-0.12215021650475084,0.98022259910901788,7.870534410679765,18.214992506191464,0.84569177855818112,0.2060981168750051,0.2352161909171861,0.6190476190476191,True,5
0.15372526021911467,-0.97174922397551999,-0.17908654353004935,0.972185391563963,0.18115352054487263,-0.14845526741689744,0.17670344875012939,-0.15128399683103691,0.97256827189798722,0.26331472815951196,-26.108194486839913,-6.1287018543845591,,0.2503824882600149,0.2916666666666667,False,1
0.62528611614170093,0.78034245868567687,0.0091060492432119104,-0.77173976803824074,0.6200416914381488,-0.1413012077329884,-0.11590946203269589,0.081326183058790802,0.98992476914176619,14.910922432581993,10.112832104901619,-0.44876854196752064,0.2964301478318723,0.2555663340054049,0.6363636363636364,True,4
0.67938897459824255,0.73376871866689808,0.0037534917460604819,-0.72628827426852849,0.67317432286426104,-0.13907434593154419,-0.1045751588781569,0.0917594602326256,0.99027482932942734,-4.1626785472481469,5.0997512349499283,-1.1162710640748659,,0.2962698501127489,0.9347826086956522,False,5
0.82257318075971186,0.56827841547609381,-0.020808767354929449,-0.56446816979445213,0.8115293483009125,-0.15098278754612568,-0.068913333860384757,0.1359402786162999,0.98831735442921942,2.2645370568476566,-17.458825589842093,-4.6577222922334327,0.375875201839066,0.3520573965291717,0.8768115942028986,True,5
0.94644095117342852,0.31998886278262956,-0.043088903873441275,-0.32287688381432272,0.93806151497807511,-0.12566269142187794,0.00020938072397376365,0.13284472820596679,0.99113683936558172,-23.636257581614149,8.6378138456057272,-0.51197246020030285,,0.2100081384737566,0.45,False,2
0.37592494235504892,0.92664616897983887,0.0027046682497119888,-0.91438686775382805,0.37142166565142687,-0.16106707411529805,-0.15025675956407522,0.058076017422922441,0.98693975621898833,15.406146043978236,-5.0242983555635359,-3.0990307910597381,0.2627818701256411,0.2347979221955484,0.9421487603305785,True,3
0.11071169186475456,0.99310421238492153,0.038560920992239976,-0.9784827563771944,0.11571464357564887,-0.17082627647598475,-0.17411035798289737,-0.0188187301773176,0.98454631106798751,-19.63278777537899,3.8473245378588583,-1.1537140531659584,0.1829133191369917,0.2416551733486527,0.5294117647058824,True,5
0.31543440846842874,0.94891501719768845,-0.0078373522878215605,-0.93624738337540181,0.30985557511557166,-0.1656211329888527,-0.15473193295789145,0.059580304686273858,0.98615831194418568,-9.4087309316832162,-1.8445620134902714,-1.995981689470864,0.2769702187500536,0.2572839772441206,0.9475524475524476,True,5
-0.98977567178880321,0.1425430365548146,-0.0050598680570881904,-0.13114472982219655,-0.9234316468387519,-0.36065919294610049,-0.0560818988166897,-0.35630811995575157,0.93268394661788379,7.3461483015548774,-12.20172128643607,-3.8306791570455117,,0.4658593135625292,0.2628571428571428,False,9
0.31458277626579506,0.91955240382166203,0.2355017059443659,-0.93560698856904312,0.34225551212863498,-0.086606739681915568,-0.1602411926368186,-0.19309205328901463,0.96800734456870807,-3.8219327597615309,-7.0393587250986984,-2.8429037707385674,,0.3990215575048376,0.1911764705882353,False,4
-0.041097186849765897,-0.99031441004211063,-0.13262122943172783,0.98410016377011234,-0.017164818045231834,-0.17678302149559708,0.17279435436574331,-0.13777785846942775,0.97527399884079014,-18.417909478271412,12.28403257213038,0.078824840137508678,,0.1356317637480489,0.3529411764705883,False,3
0.99940695889410036,0.0025773388216981494,-0.034337848485966417,-0.0072723080220252713,0.99050058079336811,-0.13731610606201342,0.033657748737546386,0.13748438737762003,0.98993191643532841,-5.7395075684089907,-7.6198305960754942,-2.9784888100751035,0.1979524510158842,0.1967861577806995,0.8016528925619835,True,5
0.5494215630131486,0.81858114512079372,0.16751374555217155,-0.82605037543430315,0.56228818917672996,-0.03837667986159278,-0.1256054271957788,-0.1172898169709662,0.98512251801178641,-7.760194642534044,-6.4750560617039117,-2.8076189482480478,,0.3167011167436543,0.3818181818181818,False,1
0.71498362529233506,0.69889670588763475,-0.018488105993922258,-0.69248510841704392,0.70428878715613685,-0.15633834752475842,-0.09624339034169628,0.12458209656909179,0.98753051144255055,1.8510302837144128,-11.523002761153313,-3.5037868977215636,0.2887768940256479,0.2486781709025189,0.9803149606299213,True,5
-0.26761208494438804,0.96352660249606847,-0.0005082067505761006,-0.94724173990390936,-0.26318557972890116,-0.18293834154320138,-0.17639971138165864,-0.048475116349998022,0.98312425711062701,12.548750738751689,-4.0057619504862325,-2.7856489581366519,0.2786074940437637,0.2611322182440448,0.9647058823529412,True,5
0.29041855829684537,0.95689158891200965,0.0039431036294937756,-0.94429359895224263,0.28725684329324253,-0.16060231928282875,-0.15481169198288625,0.042918446507912392,0.98701132059097729,4.3836060077013945,4.0538638623156151,-1.3581293609363996,0.2925223562410426,0.2755138774714675,0.9410187667560321,True,5
-0.087435970074826605,-0.94608253927114849,-0.31190187563291394,0.98066035664731332,-0.026711848950465814,-0.19388589950280427,0.17510058834121037,-0.3228224063039975,0.93012121680491677,-7.3579621390275145,-5.7080786430556767,-2.6686923948315031,,0.297891392199471,0.282051282051282,False,4
0.6244025705088122,0.78107011447215802,-0.0071348595247490154,-0.7727848268408426,0.61639811589559002,-0.1511852311733374,-0.11368835185082328,0.099914158149967777,0.98847970118491901,3.6417469320836959,13.23246157041952,0.13148308831580249,0.2563289067924781,0.2307117681668678,0.9904761904761905,True,5
-0.2157939867005457,0.97320160157569258,0.079445566234959381,-0.96361130303493481,-0.19910807184879872,-0.17835142945311658,-0.15775364327710825,-0.11504181159544652,0.98075438801854908,-22.231014614110585,-0.44693935149896075,-1.8970006835012156,,0.2161599174703188,0.2142857142857143,False,5
-0.21385510496197785,0.97641230500261422,-0.029749028911621012,-0.96141437545806641,-0.21576993515037496,-0.17066263137482701,-0.17305603931755331,-0.007895930894200872,0.98488032853288154,-12.876082225182783,16.555330163120082,0.69827682993507478,0.2921787001506654,0.2304508369047676,0.9024390243902439,True,2
0.49596436456024057,0.86824998187390723,0.012701104767533116,-0.85759233667576362,0.49206615723736613,-0.1496872772704966,-0.13621575959249244,0.063347185238261994,0.98865180976976386,27.058844924558528,-13.568566325858797,-4.8398724530467705,0.3249889783228336,0.3085111750085979,0.95,True,3
0.58746405582258721,0.80923946989490292,-0.0041789329611483829,-0.80110152709238758,0.58080986238461108,-0.14455534250595689,-0.11455272326191747,0.088268817376165279,0.98948789253446301,-3.7413617599421829,-23.768439755609037,-5.6409275512861647,,0.2579720430995965,0.7428571428571429,True,4
0.71072491801769189,0.70346668551083014,0.0021710101688662471,-0.69679888679193369,0.70440562783570004,-0.13521842640304679,-0.096650930022779274,0.094590347550906687,0.99081343545388612,12.166830423522105,7.9158735613998479,-0.82103879622789466,0.2906564269162897,0.2647462099936629,0.6181818181818182,True,5
0.88285009376223422,0.45778582100362814,0.10491832076453575,-0.46216686266645784,0.88655095364268699,0.02071708590238755,-0.083531449149761239,-0.066779852375381754,0.99426502921487925,1.4888305855588384,-14.251759693692751,-4.0280506126460551,0.6975248215110724,0.4476640153409273,0.4017857142857143,True,8
0.67565821698220985,0.72555069965330743,0.1306221882262687,-0.72282459233352747,0.68682526189337445,-0.076129287025221162,-0.14495027610284919,-0.042979551622778271,0.98850502052342371,-3.846064474823355,-8.9004971229579297,-3.1683065218892699,,0.3415434593621713,0.1625615763546798,False,6
0.96652175398878803,-0.24209596801222685,-0.085001419627314723,0.25196809931219089,0.95809598393286144,0.13625036697463688,0.048453854288776327,-0.15310658981227454,0.98702107179158916,-15.19888928002651,6.5175449853029246,-0.69471453674941497,,0.6000546979393439,0.3068181818181818,False,4
0.7241671178752902,-0.58713071964210006,-0.36174508074159889,0.67424450236355793,0.71295402227113958,0.19259001313651158,0.14483209734279945,-0.38337198669171629,0.91216751937313212,-5.6315978544984029,-6.9357274704580476,-2.8486818526155782,,0.09850274123677275,0.2,False,1
-0.99695037930682517,0.068684688613031689,-0.037045306721772586,-0.058186265831283529,-0.97058086770321839,-0.23363890454519834,-0.052002881348926659,-0.23077086644245184,0.97161746975484731,-17.037726636966806,6.2137712331899042,-0.76438338906631442,,0.1227838144815161,0.3846153846153846,False,2
-0.89804173299497103,-0.42889601745130496,-0.097822553707207494,0.43763892100344715,-0.84846856832387907,-0.2976126062339518,0.044645499463305108,-0.31007949751771186,0.94966177378940342,-7.1430758518390345,-5.0394074583698085,-2.5337750742727749,,0.8628869610320651,0.5446808510638298,False,1
0.75152736241088325,0.63640792652862488,0.17375722891229131,-0.65646168351432499,0.74750308982537161,0.10147506481427535,-0.065304529898621164,-0.19032625082489257,0.97954644434128868,-2.7566272124047848,-7.6654525586635103,-2.9669167614394736,,0.404155216096183,0.243161094224924,False,3
-0.3436313058371544,0.93910461423009561,0.00022176653582501823,-0.92267026806401031,-0.33757374815265806,-0.18634253671358508,-0.17492027349435538,-0.064237746612954394,0.98248481404587151,19.271200619923565,-3.3674418955055443,-2.7997985192132746,0.3535149047566254,0.2939630988278546,1.0,True,5
0.68940275819458996,0.72435852163871972,-0.0053450091731939691,-0.71720582262023636,0.68152227922845554,-0.14540698372114752,-0.10168404492998354,0.10407744733908814,0.98935748845503668,-5.0441008362804514,-4.2454667821834073,-2.3844317965080997,0.2390422060739979,0.2230233780784354,0.9672131147540983,True,5
0.43648573868700397,0.89970511409878462,-0.0033026636755745463,-0.88922374393015957,0.43083611791168913,-0.15382253649454272,-0.13697201595103445,0.070078150427065611,0.98809297117175754,-4.8805873989967612,-12.231111689231337,-3.7412145058387489,0.3550752801562262,0.3069391371899658,0.9444444444444444,True,3
0.90537117009177037,0.42453430568441686,0.0085829868757295556,-0.42074243173732512,0.89964374066729202,-0.11669167071357098,-0.057261247824520037,0.10203804768424525,0.99313110228326196,20.821993568340861,7.1398586545070568,-1.0100747958195384,0.1757573939757399,0.2401983977879383,0.6818181818181818,True,3
0.26894812106095528,0.96247380291078077,0.03620893381805694,-0.95055992474409612,0.27130335211143303,-0.15109705689918987,-0.15525056408360979,0.0062185081457211567,0.98785555245094525,11.451391097303878,17.541659981723011,0.82309449017919756,0.208949262832629,0.1998012617561411,0.3636363636363636,True,5
-0.2395816304437503,0.97002134743681545,0.04073362088962091,-0.95707836983171712,-0.22892057653776882,-0.17775365998447948,-0.16310008079144739,-0.081571779154807192,0.98323161487583521,16.467030478652443,15.64432915807425,0.43953049118231147,,0.2841151479008514,0.675,False,5
0.86449393081139148,-0.49727056304406808,-0.073295502727688755,0.48877833700690992,0.86567517502129798,-0.10817683959427066,0.1172432550854368,0.057692967350279227,0.99142601370717065,-17.935741202070517,9.8210404775447397,-0.27516028157441974,,0.1525823016224795,0.1666666666666667,False,1
-0.72580253432050179,0.67723460943661129,0.12068125353666091,-0.6766354048632256,-0.67121968800949672,-0.30270226182507254,-0.12399681471520924,-0.30135927762336556,0.94541386478663836,1.0143506142569385,-18.385719623738726,-4.7845591948683923,,0.3839463446790565,0.3291139240506329,False,3
0.29277080550036905,0.95605990749357528,-0.015320206592662467,-0.94331295911893187,0.28617328898261746,-0.16812349577365937,-0.15635189990834578,0.063673400696429933,0.9856468847608677,15.492913765730144,-10.382967735368974,-3.9232632652683246,0.2801085184600957,0.2798930443232426,1.0,True,5
0.13969601254269268,0.99016300665889134,-0.0078895072022660342,-0.97612784680879883,0.1363689056882498,-0.1690501353025364,-0.16631130678365932,0.031316797499297507,0.98557587603912988,15.798800401467593,2.3388817197686667,-1.7165194473198935,0.2490320366185694,0.2377350166576931,0.9732142857142857,True,5
0.54490169634128927,-0.74458132657800036,-0.38559147998332577,0.82023463248911643,0.56878855166633635,0.060784300265417646,0.17406116450785475,-0.34939695420060202,0.92066523742645645,-5.9447961536489586,-6.8844180810192697,-2.8134501524077993,,0.3068766173311915,0.6363636363636364,False,2
-0.35912092598026091,0.92228297202815213,0.14292053746750158,-0.91685660224078469,-0.32002439179279435,-0.23865950554112841,-0.17437353999550456,-0.21674526099680155,0.96052868795516211,7.470787851327632,-11.112384715542932,-3.6955131418246885,,0.2443912482343566,0.3023255813953488,False,1
-0.72255272109156143,0.69103736251182979,-0.01961960386636331,-0.67522580554909528,-0.71153874598765154,-0.1943777880286067,-0.1482824223020186,-0.12720053683460925,0.98073051684202839,5.8181366937890848,-20.775242752888037,-5.2416967001486219,0.2109032840501712,0.2567165074493493,0.7777777777777778,True,5
0.10506594376581772,0.99427801717415421,0.019296943406480395,-0.98036183089995188,0.10681279353854067,-0.16577607683555867,-0.16688866940297056,-0.0015005668022272083,0.98597460429981676,5.7886316940300633,0.60537425999396688,-1.8993409347386478,0.2563041127011299,0.2284363195564161,0.8679927667269439,True,5
0.40242149894683077,-0.86167662434613657,-0.30914451675686,0.89942122319434914,0.43507239463950387,-0.041874511223750285,0.17058253267250489,-0.26119993583095363,0.95009272866859662,-12.266310271902958,-6.5690581208574166,-2.8080348530888073,,0.3418090664993064,0.2666666666666667,False,5
0.92933791070135385,0.36790857280788142,-0.031214256161410697,-0.36787893221009416,0.91539545130429578,-0.16345109044410031,-0.03156166930317842,0.16338436212157031,0.98605750909616041,-19.936934285079854,0.63461898319676124,-1.6429191875132292,0.215673895098441,0.1278122827341937,0.6060606060606061,True,3
0.040781741413587272,0.9991600922610564,-0.003994946827272472,-0.98471163598637768,0.039513694082654899,-0.16965158983332179,-0.16935124304328736,0.010852557892948572,0.98549600631705947,10.68833219658138,20.713404078521858,1.2538109856554636,0.2452447752668207,0.2607544236363321,0.8157894736842105,True,4
0.97993874248635637,0.19928391158057163,-0.0024461315186115706,-0.19929874061100422,0.97988066430762555,-0.010672193163282301,0.00027012057871865546,0.010945606479026423,0.99994005857035262,-2.6563593167900383,-9.0844708547523609,-3.2012467304596739,,0.1868791549291722,0.2307692307692308,False,1
0.37093773441662053,0.92261366903197917,0.10577908536764395,-0.91678536315408521,0.38196763006670259,-0.11664187707534522,-0.1480195767197636,-0.053709843572451905,0.98752491493183414,5.860869424857774,-17.140878097109717,-4.5991402592258872,,0.185312355501025,0.25,False,1
-0.85189402502133815,0.52267018890191286,-0.033052137089478913,-0.50967078915224906,-0.84191479910986877,-0.17724321630096951,-0.12046682870345085,-0.13414672814879752,0.98361191458273112,-23.332914536536357,-5.0812809326342947,-2.682135711537796,,0.135125588434983,0.6538461538461539,False,1
0.25426524571267117,0.96711168783553969,0.0066459066024720757,-0.95401994120381572,0.25193924208969187,-0.16239633641415413,-0.1587297596802264,0.034951416955046062,0.98670322886098449,-24.944448062885986,-6.5085512190049846,-2.9819846384966158,,0.2280843455000909,0.8958333333333334,True,3
0.40417546142689587,0.91459906449160022,0.012277931888025291,-0.90239233017463594,0.40090223300223682,-0.15800468985385299,-0.14943319183617798,0.052782106863133935,0.98736202599286871,-19.711603516767706,2.7067416231982069,-1.3337908254187685,0.2435156638488971,0.2065833303927579,1.0,True,3
-0.99914645890735099,-0.020276652519539379,-0.035989040213708599,0.033789868991442852,-0.90233714184726554,-0.42970446494823533,-0.023761279562414191,-0.4305537594836561,0.90225210544949552,-15.40148022573994,11.14219934882729,-0.085257610486715901,,0.5185510847194611,0.234375,False,3
0.83510283592281387,0.54990101585029505,0.014564552876300036,-0.54622317252722852,0.83207135991283998,-0.096423533471270223,-0.065142146326031838,0.072568069973022925,0.99523382980705977,14.376070408538274,22.934657869449214,1.6824558505930169,0.2613031664044966,0.1763782601566733,0.9705882352941176,True,2
-0.52079997961996283,-0.81097385576577574,-0.26662480472048794,0.84179840132740846,-0.43593754084367498,-0.31832987922246536,0.14192544786072178,-0.39023052897942423,0.90971275768891668,10.898639084415647,-12.18369441386726,-4.0892648045049489,,0.4323406947362641,0.2631578947368421,False,2
0.4898291784432971,0.8715607487185828,-0.021195217353603104,-0.86141332779035151,0.48009517063083207,-0.16575797369086798,-0.13429242216415246,0.099450934787230674,0.98593866792982088,23.874413713542491,-0.62024907654592476,-2.6879092362635522,0.2741541647427774,0.3103209523471664,0.7619047619047619,True,2
0.16906524307901938,0.97596105961229807,0.13753891704922466,-0.97246763912532619,0.18788793757180439,-0.13785794779057398,-0.16038589226190364,-0.11044515849712543,0.9808558673566159,22.70767990788914,12.910521023802268,-0.049811057187280017,,0.1697253941662312,0.3888888888888889,False,2
0.096920324635503,0.99505101022740305,0.021907480867799992,-0.97991803653256704,0.099253927512024762,-0.17294305291510248,-0.17426156303300766,-0.0047058388053626415,0.98468815506759855,-10.687749626961088,21.021982147508478,1.423227772297019,,0.2332559868438192,0.5161290322580645,False,2
-0.29651832646752285,0.95501190893588117,0.0053977643097726843,-0.93863438356845208,-0.29038131449494092,-0.18612948765647597,-0.17618846742046293,-0.060257331361706981,0.98251039585604116,-17.409808171759778,13.865113397290257,0.32160835641774832,0.3154984995455184,0.2191683090680643,0.7352941176470589,True,2
0.56451042361346448,0.82511445939832861,-0.022674005458906903,-0.81615978414980328,0.55385821422926496,-0.16469452106040242,-0.12333364653772577,0.11147738525177735,0.98608397421778149,-1.9504708142415625,-2.0197100408203692,-2.133091874580697,,0.2505150298598186,0.9962825278810409,False,2
0.51508818868725104,0.83428373225910368,0.19660827033140479,-0.84680140253224356,0.53082306407494673,-0.033974392055040922,-0.13270848708470526,-0.14898835100069058,0.97989332517462502,10.25206038634483,21.633321731792531,1.4456565908088375,,0.3045254076374804,0.2666666666666667,False,2
0.99266367318534898,0.12086883478976979,0.0030913936556283194,-0.12001291598066058,0.98188392261714608,0.14663172407015107,0.014687815902632117,-0.14592699298803299,0.98918632258108041,-10.639650848095599,15.394914744427517,0.4579409919570484,,0.4006641439836686,0.1621621621621622,False,1
-0.22390807186455836,-0.97173505770739321,-0.074807439311242771,0.96119614093953276,-0.20748385701956004,-0.18180326652520978,0.16114327164621398,-0.11261184084587297,0.98048529785227201,-24.59339771810378,-1.6970439036049076,-2.1583541995311673,,0.2406205986005257,0.7241379310344828,False,1
0.45056202981949917,0.89243233116745868,-0.023630310449683865,-0.88185800475143017,0.44079025969333313,-0.16742283719764872,-0.13899754221121727,0.096272951790727243,0.98560194907109511,28.792767991849683,-3.0609102531835677,-3.2796840267249499,,0.2567897509705936,1.0,True,1
-0.93769671409675082,0.34594139330664025,-0.032394826272357971,-0.33483764465318994,-0.92460672175733605,-0.18162092887180029,-0.092782671309140155,-0.15945834088630123,0.98283488614646153,1.7153342191143013,-0.51122830848638401,-2.0255654938938972,,0.222288533794869,0.9638418079096045,False,1
0.3694382300755219,0.92165978912784075,0.11856908224107619,-0.91736542640761642,0.38207617468045013,-0.11161752180337436,-0.14817580298631217,-0.067535396988389951,0.98665237118398663,24.275487854233873,4.3731520864714266,-1.6316431132850593,,0.1901426268225475,0.3461538461538461,False,1
