axis_00,axis_01,axis_02,axis_10,axis_11,axis_12,axis_20,axis_21,axis_22,location_x,location_y,location_z,dbh,dbh_approximation,score,reconstructed,number_clusters
-0.45700987248260255,0.88924881483236218,-0.01945563601315415,-0.87798976731865463,-0.45450936590321728,-0.1501839032319767,-0.14239362674351586,-0.051553677128759502,0.98846662737663227,-11.03506967275162,-23.680281501391242,-4.9336794559721548,,0.2672258344967244,1.0,True,2
0.029376733384776331,0.99900442489374697,-0.033573301570655231,-0.98934499872832171,0.024268330276114778,-0.14355320141629319,-0.14259551545156393,0.037432702124263001,0.98907295574430676,-13.393126649492713,3.963620823829904,-1.8465293498968793,0.1426204319867203,0.1132458327029424,0.625,True,5
0.79963122041915125,0.59962536993506255,-0.032238595832015611,-0.59863812490732826,0.79179901940133901,-0.12118873001446305,-0.047141348500216743,0.11620554464103505,0.9921058233153679,3.9559532431445286,9.3094285209056853,-0.69175524616037731,0.3109200007731437,0.270253119028906,0.9733333333333334,True,5
-0.93270138838951189,0.35924587391969509,-0.031788711328892001,-0.34900583862522261,-0.92129198076887586,-0.17151096401241256,-0.090901290979733429,-0.14887406840224574,0.98466921707524802,-4.6979723758033414,-24.097772602133915,-4.8227094180178165,,0.2100255122443185,0.8723404255319149,True,4
0.99779630884011217,-0.04225989805763089,-0.051152977246759317,0.036808292721195408,0.99398064031320033,-0.10318738425560049,0.055205757417135612,0.10107713736904507,0.9933457286611147,-20.628640841901884,-0.1179718834405851,-2.5597569504994331,0.3028483506810116,0.25168282554243,0.5882352941176471,True,5
0.71810519250079918,-0.68785404154028074,-0.10574379433373352,0.68096822351236863,0.72584547646229136,-0.097111394108212734,0.14355211969804429,-0.0022719674148007386,0.98964015030427477,-15.510221878047439,4.011596658597961,-1.9466785051266007,0.1191249977609905,0.125051383890365,0.3076923076923077,True,5
0.86905792517673841,0.49424216703097545,-0.021517504874582705,-0.49330605348014672,0.86249598506964131,-0.11291507135272651,-0.037248627992784743,0.10874445304140411,0.99337162413941593,-18.069749669254211,-13.553264507315234,-3.8891185330212954,0.2787552191125914,0.2621232343809474,0.72,True,2
0.80947188286479288,0.58406472531665476,0.060196906001123457,-0.58610045980723002,0.80990772214687812,0.023145898569927104,-0.035235236129207981,-0.05401738838222743,0.99791813285824371,-3.391094881850083,-28.958728332320657,-5.3932236802019382,,0.2138560088772755,0.1851851851851852,False,2
0.66721219925037034,-0.74164098551872082,-0.069256983548983991,0.73152832600534046,0.669942554750657,-0.12666207635273957,0.1403359876272238,0.03384703728516205,0.98952523396005865,6.9741570101644195,15.713084159097718,0.13332374103738656,0.1840236030831622,0.1905028595676647,0.9230769230769231,True,5
0.96753821011536356,0.24930650782293912,-0.041425561238066969,-0.25235459747275413,0.9619222491776861,-0.10498925502786077,0.013673664509641435,0.11203504672231721,0.99361017466851942,-18.939493236704742,0.3543163326825729,-2.4733578898104822,0.2923674514434182,0.2487264273844576,1.0,True,5
-0.51042967458982014,0.85944829390388555,-0.02846361543848306,-0.84672428654602683,-0.50809823227952644,-0.15777886083864895,-0.150065085450453,-0.056434178120354103,0.98706415884106913,13.241196963591186,-11.942045386993941,-2.637775796132289,0.2107364851128732,0.2269249084395354,0.9875,True,5
0.9538858604949827,-0.29478353028736681,-0.056607732855716852,0.28678097768996247,0.95068115054975844,-0.1181609953604723,0.088647819955915419,0.096478081763193058,0.99137961637122596,-19.397986113577097,-11.840082960084407,-3.7720755112676367,,0.2388640796097384,0.696969696969697,False,1
0.91444351697725046,0.40337449364730804,-0.0328948648432279,-0.40450157640544865,0.908310317628651,-0.10654032839655422,-0.013096905885874109,0.11073113728358618,0.99376409992115333,14.632394249419411,4.9150744569820723,-0.89946272086057066,0.2807363816792523,0.2587448859588862,0.9615384615384616,True,5
0.96018020198127529,0.27720635162102997,-0.034793941198965804,-0.2791772850122104,0.95676875846466725,-0.081569518566631541,0.010678167277687341,0.088035114851625337,0.9960601363856767,-10.56984987252731,8.7339871068431538,-1.2938037007712879,0.4953089614507399,0.2497120703350147,0.9690721649484536,True,5
0.73381214626751956,0.67916385781938393,0.016005880861377088,-0.67506115726500648,0.73161843076265931,-0.095010029578011981,-0.07623757565851115,0.058914565264254433,0.99534763075894117,2.9696799130813125,9.7248870561971508,-0.69620224787860108,,0.1125247993489778,0.2542372881355932,False,5
0.937924104802076,0.34440886345514188,-0.040998882969708182,-0.34682847407375744,0.93032910277244818,-0.11915439608458747,-0.0028953761232953651,0.12597736029998105,0.99202889145879003,-10.342841983616417,-2.1804322951997368,-2.3973577185787098,0.2786420253174692,0.216989189799752,0.9408284023668639,True,5
-0.99871259570101256,0.018469397139739864,-0.047244391809409834,-0.010755914427695044,-0.98728587101305132,-0.1585904133383392,-0.049572789844536336,-0.15787808672293868,0.98621349019354543,-16.350350444044032,-3.2516547788933088,-2.8176833970757356,0.2515023780364679,0.1315607634286033,0.7058823529411765,True,2
0.9788717703618649,0.20132506911418302,-0.035752954210795988,-0.20372984420660337,0.97519402910422515,-0.086549154698486425,0.017441552917758098,0.092004468074321555,0.99560583068108821,-10.372351922670399,-9.9041324420633998,-3.2942610946875055,,0.1295497633829669,0.5,True,5
0.86073746911150995,0.50874610237035767,0.017561679603091344,-0.50524783285100194,0.85800961162052214,-0.092434483642019616,-0.062093773173146523,0.070688822947975724,0.99556388727361511,27.485865526699943,-1.4224613189640634,-1.2774386789881793,0.3633145228778497,0.2785894472372816,0.92,True,5
0.84368784591750845,0.53447449366816513,0.050277572228913013,-0.53105424058412432,0.84464201198727773,-0.067537138995540355,-0.07856342793370269,0.030280145380139949,0.99644914601150836,17.971491811250509,12.544297353162632,-0.039601604044221625,,0.2649658119477151,0.96875,False,4
0.91423303916798093,0.40327541694557134,0.039330499374576479,-0.40415685860904565,0.91452171364317636,0.017529087666429854,-0.028899545549124613,-0.031921362165875933,0.99907249131608578,-10.475414792166552,2.1043578937640457,-1.9159051678214061,,0.6901905182360769,0.6532663316582915,False,2
0.4118542501920931,0.91120482183632501,-0.009047058137342516,-0.90451197225788937,0.4075837693729758,-0.12543350025356251,-0.1106081761934995,0.059843492594840175,0.99206077825564687,22.956222512583214,-14.698492764340802,-2.8301886949359001,0.3777569475851676,0.359596347896939,0.8840579710144928,True,1
0.65278631820178712,0.75700577241978506,-0.028500584058549817,-0.7536761696249259,0.64519915446106257,-0.12526085750236893,-0.0764346394513227,0.10324878500909127,0.99171439148884577,-12.310323121107769,16.475191470720404,-0.63351232631938392,0.2326229656428612,0.2138008165304738,0.9615384615384616,True,3
0.98100331434523458,0.18929697261432951,-0.042416428453065626,-0.19290093184402343,0.97503367222347526,-0.10999349309896267,0.020536010746288101,0.1160861498605838,0.99302682646199147,-14.33253181825782,-1.4550810734195947,-2.4992254035154158,0.1420771246471001,0.1514751449223423,0.9322033898305084,True,5
0.94955982300600839,0.31129062536835034,-0.037872009328540311,-0.3135815101904984,0.94323815054449578,-0.1094003099814948,0.0016670331268253819,0.11575810086202289,0.99327603569469736,3.8323515935443102,5.4916062307857638,-1.1393974146513888,0.2263919595305795,0.2212483961323614,0.9264069264069265,True,5
0.98275078826416506,-0.17494470626009517,-0.059960302848893171,0.16986434921904969,0.98210200038741247,-0.081374220115655801,0.073123122407010785,0.06978546114063805,0.99487838371473203,5.0504902442077739,-12.187594749188275,-3.0123008538570915,0.308660570448947,0.253637175594752,0.971830985915493,True,5
0.95965190205539341,-0.26541122062602834,-0.092871474884747035,0.27297969925998972,0.95858121726574419,0.08126582121194062,0.067455990641248048,-0.10333892718200219,0.99235616361036516,-11.777268577088158,-3.0946526420500531,-2.6037786561272536,,0.3377638733401198,0.1590909090909091,False,5
0.96150440656869418,0.27477064031077808,-0.0032204614869594389,-0.27456905747055638,0.961136399752332,0.028786346604884674,0.011004945647949373,-0.026793960034515663,0.9995803994061484,5.2913089577582486,-18.89398938252576,-3.8252013074093987,,0.2384347715394374,0.1538461538461539,False,3
0.94469980144316357,0.3255282009133072,-0.039669579823759848,-0.32793048372315176,0.93701858340925193,-0.1202404765077851,-0.0019705325036383642,0.12660001878303567,0.99195189008630247,6.8049613570242649,7.6403501920467338,-0.75552498431298554,0.2182846927696209,0.2074862032604365,0.8805970149253731,True,5
0.99777669870770525,0.048154031354842745,-0.046074383123725124,-0.053503971423160622,0.99096646566318614,-0.1229747493307676,0.039736438666601689,0.12516650188965234,0.99133968055697486,4.7737898058180193,-5.1383313116229576,-2.2702785914109187,0.3118650123880294,0.2433564632047073,0.9571428571428572,True,5
0.78658468475843435,0.61694453453674525,-0.025767712523892775,-0.615309934188083,0.77963704396764255,-0.11644640210351995,-0.05175150812229902,0.10745008598710501,0.99286265939878715,9.4381112174504231,-13.98376320422987,-3.0208256764546313,0.3030450900958545,0.2855790808586309,0.9802631578947368,True,5
0.98300635458664343,0.1791345032640495,0.040116537520345337,-0.18222626549480364,0.9258087955133566,0.33116712142651789,0.022183214512247175,-0.33284967160934836,0.94271894067290984,-10.062015398056962,11.392880898756312,-1.0820592221845144,,0.1614696118068533,0.2380952380952381,False,1
0.86950877279534089,0.4928397870906791,-0.032610401597603526,-0.49308342571392599,0.86231103865478798,-0.11527535686486778,-0.028691973061504207,0.11631258261476926,0.9927981435353932,11.676939832662915,9.8969544510725118,-0.38051184576004948,0.4072341763354313,0.2844401043786001,0.8478260869565217,True,5
0.63007904341593057,0.74408038333991422,0.22213685461173271,-0.77290204363781223,0.62855065364904517,0.086870632194393879,-0.074985531861562219,-0.22642539373066439,0.97113784350387378,-7.7833973478994531,-7.865255436449373,-3.0155350829556191,,0.3527952438926961,0.3798449612403101,False,2
0.98392421065116253,0.17389039868396988,-0.040685094813920721,-0.17696443992589336,0.97998451665735675,-0.091180777105500502,0.024015301293189122,0.096914789157166475,0.99500290901404942,-13.897935638219499,10.647592287195106,-1.1662058399750856,0.2019824507447825,0.2358652362984673,0.7575757575757576,True,5
-0.87948433205746224,-0.46087812564825337,-0.11873779080138028,0.47516764464873196,-0.83621750772266612,-0.27378091470566279,0.026889015311384677,-0.29720638128587668,0.95443456966862783,8.8921258483841168,-25.941134356291844,-4.6120296788769037,,0.1636376145486043,0.4375,False,2
0.23467636512778842,0.97192352035657747,-0.017078472650865758,-0.9636699683187635,0.23030648349982244,-0.13527422451620069,-0.12754291752552305,0.048203674503335001,0.99066099648338557,-12.786974360286418,5.049457439964268,-1.6732953674623636,0.218727932548174,0.2156375072090986,0.8505747126436781,True,5
0.56283731166160778,-0.72956030042022457,-0.38853047326083123,0.80457785914438396,0.59126793975367775,0.055287358356871832,0.189390150684173,-0.3437208045350077,0.91977572231149551,-10.019615744375155,8.5299961989810651,-1.2920176430272845,,0.4142652912966573,0.2631578947368421,False,6
0.73658670000865767,0.66613545196556001,0.11706234665764972,-0.67420909545010166,0.73691926488050763,0.048909024324033656,-0.053685463420857692,-0.11495023567880332,0.99191951000808343,-6.9289083767901722,-15.75063248301227,-3.8726735353087172,,0.3388577272815057,0.412280701754386,False,4
0.94618431854437968,0.32148924063293782,-0.037147052345579537,-0.32362823597315316,0.93993586576032528,-0.10856027421803006,1.4886685628413832e-05,0.11473986410418005,0.9933955724502409,-10.496257949581269,-15.59700704889271,-3.86701826027365,0.2582480515974829,0.252752094232871,0.9550561797752809,True,5
0.84589091803596494,0.53288026322492177,0.022520653845091422,-0.532175949906456,0.84607391547741917,-0.030784539786563453,-0.035458611442550129,0.014055412268844852,0.9992723013576027,-11.923800322248022,6.3053087664847949,-1.5104229931077313,,0.1427741196402882,0.4545454545454545,False,5
0.9738195455286911,0.22483357077101321,-0.033546358977530909,-0.2263430364297325,0.97269173930424302,-0.051377136442736573,0.021078961218769031,0.057625044413367452,0.99811574060842001,-11.982176882162069,18.417527470837605,-0.39265708536415994,0.2582327337180246,0.2410361035770283,0.6923076923076923,True,5
-0.61570926949466709,-0.78498877021023061,-0.068518071354753296,0.78301674547160893,-0.59978087664668978,-0.16476551920829874,0.088243253393078119,-0.15509845470784145,0.98394999749877876,-8.1329280320572188,-24.502129014156363,-4.9306104873201848,,0.0943985258114572,0.3809523809523809,False,3
0.90537308613556722,0.42266619411191042,-0.040655420995382892,-0.42431096424764181,0.89692977751875269,-0.12440731417162634,-0.016117708292286023,0.12988557485384719,0.9913979810975464,-15.971150443096066,-5.6364886459563701,-3.0664797700624313,0.1220875991843641,0.145814942492164,0.8461538461538461,True,4
0.78691489658398595,0.61606127315923331,-0.035120553065681653,-0.61503912308086894,0.77846006897702891,-0.1254065312820497,-0.049918159162080832,0.12028478175440248,0.99148360988175976,11.778633213976184,-15.634900831395163,-3.0973820788376045,0.2802622431479776,0.2631157366711461,0.9782608695652174,True,5
0.99617584485233979,-0.069681563726474299,-0.052708308731736583,0.063268964297779479,0.99136718771769461,-0.11483961543559351,0.060255491778036845,0.1110656508257256,0.9919847261511866,15.737711306849564,-4.5937229303331657,-1.8188365816467689,0.2898901909316367,0.2595664048867307,0.989010989010989,True,5
0.97696371068407706,0.20991420093187291,-0.038443936498928494,-0.21274342630870985,0.97217844820980825,-0.098027034020221518,0.016797100012528359,0.10394754967532635,0.99444093054724303,4.8596261999247359,13.519723987073768,-0.17144768110036682,0.160552985563782,0.1667469372010355,0.8974358974358975,True,5
0.88121937820964091,-0.46559749689139562,-0.081678506085023389,0.45651058068562322,0.88306812295608295,-0.10857614812147369,0.1226804678418261,0.058392303493594672,0.99072692589977751,20.937271817418591,7.0793262865873707,-0.55963494656040991,0.2224344842323319,0.2534269910142901,0.9795918367346939,True,3
0.99880666475478375,0.0032700210774657991,-0.048729389526014119,-0.0066253632354775329,0.997604668712196,-0.068855134344705721,0.048387508754047952,0.069095816991931028,0.99643585697765535,7.1398297996673703,17.624523083823011,0.34240383729835872,,0.1443546752962825,0.3928571428571428,False,1
0.85179008011735369,0.52317722708225212,0.027189124226382602,-0.52359347663193978,0.85189758180840791,0.010971842938414425,-0.017422130815442097,-0.023581755055816403,0.999570092683018,-10.624456199334276,11.867009739641443,-1.0307504475101663,,0.1773548469047276,0.8,False,6
0.99404159974985074,0.098207982008181816,-0.047291545086162116,-0.10326950112069215,0.98735445578285053,-0.12027713325496613,0.034881343222978374,0.12444424822236733,0.99161329205458371,4.5109670178809571,-0.97791867724722825,-1.7761359713392468,,0.2362189910718427,0.897125567322239,False,5
-0.70354291954890114,0.71047448289818138,-0.015917584715357789,-0.69832573332930736,-0.69531955093571673,-0.16991731005591726,-0.13178972085369153,-0.10842846137945225,0.98532976116637794,-7.9645175516945459,-18.742991995812915,-4.2325397541197134,,0.1127567369795875,0.7058823529411765,False,3
0.93291884647285372,0.35946680484011218,-0.021119709131526779,-0.35989361289999572,0.92889301419113701,-0.08737479946009527,-0.011790389711442029,0.089114445545851254,0.99595160640741343,14.004810817323669,17.060315575495839,0.38863705905820656,0.2525907310357819,0.2342511068987386,0.9836065573770492,True,3
-0.94072254327281701,0.33876114501735383,-0.016792355548128746,-0.32372987303360956,-0.91154892500090245,-0.25353012964013366,-0.10119321066141947,-0.2330653212218225,0.96718172550963921,-10.114249548997423,-17.657802347774272,-4.0804394730292382,0.1532052798685469,0.1300667285000947,0.3055555555555556,True,5
0.95194846672617706,-0.29716254659499669,-0.074084665072187306,0.29406585499090043,0.95447943160885429,-0.049942842971847541,0.085553431410741898,0.02575724241482925,0.99600058977745221,-16.827075332837722,9.3439459017201365,-1.4267856191048918,,0.122482565235024,0.3703703703703703,False,2
-0.21330773820046126,-0.96826640670360775,-0.13023046676215683,0.9664605439712769,-0.18961383255894435,-0.17320684584927468,0.14301687232822999,-0.16280896827753194,0.97623737588655091,-5.4183343697668676,-21.076545651358117,-4.4755328134921735,,0.1620608370254063,0.9791666666666666,False,4
0.9970776591779491,-0.063404257715239581,-0.042615040441163918,0.05864123017996601,0.99274258815989713,-0.10499218912171594,0.048962717359260187,0.10218636776581019,0.9935595596397977,-13.046847611766536,-10.938756403689013,-3.4889984792366917,,0.2010617928825595,0.8904109589041096,True,5
0.90327278428347835,-0.42510112358734259,-0.05820061767327743,0.41591552567230677,0.90082033488548319,-0.12464750202685362,0.10541609306695482,0.088384155715742527,0.99049264931190384,8.9533407395312938,-3.7541079181097086,-1.9581315594803015,0.2551672841087574,0.2325374516922369,0.9847328244274809,True,5
0.98733277499687011,-0.14978135918572469,-0.052340575631682554,0.14262179588761645,0.98237099555912599,-0.12085632139843581,0.069519887476678227,0.11186050028784915,0.99128916755938645,9.0483481025765151,0.93182406792329453,-1.4009773835391774,0.2968296489575339,0.2733770611565625,0.9959016393442623,True,5
0.98273899390991759,-0.17513370125481698,-0.059600809841083797,0.16799510440665455,0.97975128653451182,-0.1089268627537216,0.077470734760435284,0.097034031240381957,0.9922613980382996,-15.041216654700499,8.8696520133998131,-1.4228282409720503,0.1889035788012143,0.2066471915726314,0.8723404255319149,True,5
0.9988753622341191,0.021753378348578985,-0.042128390095993409,-0.025095517425991098,0.99643853700188256,-0.080501285596374456,0.040227176470371342,0.081467984558173806,0.99586381687721237,-14.506394392664482,-8.8918600941172148,-3.3920065146786387,0.2840076221064375,0.2388846771088518,0.8461538461538461,True,3
-0.65787130408554639,-0.68104755027674901,-0.32152695302699014,0.74994296111775405,-0.55315196770110531,-0.36277879720062056,0.069216344390007706,-0.47978863564118862,0.87464962286555059,-10.065694006797617,-9.6341080338511063,-3.258770406823293,,0.2055007367439596,0.1333333333333333,False,3
0.38605263459796341,0.92171227805268052,0.037547833584770478,-0.91562411700354474,0.38781936001265038,-0.1059651846639143,-0.11223118854155664,0.0065284367437123195,0.9936606764042909,-10.93176199110956,17.714152323958889,-0.42153370518877809,,0.2422108156769479,0.1904761904761905,False,3
0.99440851007958053,-0.09227905722347865,-0.051344821347974516,0.085916643701184375,0.9896758926080641,-0.11471685981387336,0.061400695569620446,0.10966404692686699,0.99207043671061457,14.322554083905336,1.4082524803976535,-1.2262350777686128,0.2865850254315914,0.2531654475817231,0.981651376146789,True,5
-0.97674796062622671,0.20767187351797919,0.053252364849274592,-0.20910678642339869,-0.86801100234078865,-0.45036790703492546,-0.047305108436477838,-0.45103136561094354,0.89125357443936293,-7.2467422248773836,-5.3238725110017509,-2.6644207303611021,,0.6312266774837256,0.4163701067615658,False,4
0.28982452978022893,0.95700727055945334,-0.011782446011567627,-0.94904129465487697,0.28577630126278414,-0.13286281148748363,-0.12378353273947761,0.049688929681658459,0.9910644011816927,23.343227750379505,-6.6699680143488127,-1.9720916853667096,0.2655624947815701,0.217133568598551,0.7027027027027027,True,2
0.3026269275715549,-0.94804384724332169,-0.098131577041660145,0.94046887850748484,0.3137390350913547,-0.13071383407589485,0.1547101524382799,-0.052732168209054867,0.98655161404180858,-14.508973653889967,16.528338631417274,-0.72069978516954891,,0.1959779174884322,0.3684210526315789,False,2
0.41093518888632402,0.91101274085784922,-0.034468195914958547,-0.90502995207110293,0.40309995749650063,-0.13576159295065021,-0.1097864125888986,0.086983965539575936,0.99014177436863637,6.4947313109964426,-20.813704714722022,-4.026435642702376,0.1740311235197447,0.2389586662595145,0.921875,True,5
0.94047588890803802,-0.3344104631528636,-0.060619671036090915,0.32648353881908937,0.93852057049741566,-0.11219464173199438,0.094411870349023513,0.085725030691704229,0.99183547922531312,-11.029383125659395,-5.7658392667429812,-2.8857527816712638,0.3424827639405154,0.2184932785791342,0.7978723404255319,True,5
0.93361157158755126,0.35602779815683444,-0.040170142362466375,-0.35823189732099464,0.92562021184151255,-0.12205380441541229,-0.0062722515594343109,0.12834107047267335,0.99171025430329485,9.9737550723605093,14.451423783292189,0.024430599367850726,0.2334920057581076,0.201667852224267,0.953125,True,5
0.8082543330888613,0.58803301333245528,-0.03069378233833624,-0.58711758427265848,0.8008267257262337,-0.11819262921366179,-0.044920766700031617,0.113550564039782,0.99251619338191632,-10.850534304277991,2.1676686628958439,-1.9311390508008743,,0.1843307025074724,0.8666666666666667,False,5
0.99868525094805993,0.015942327606150455,-0.048719726285252021,-0.022432296419391724,0.99049385280548197,-0.13571558360006331,0.046092967100895658,0.13663004700669396,0.98954922497002917,23.758184973166223,3.0519314324562221,-0.93588432718353942,0.2769353924421304,0.2262591066008193,0.9545454545454546,True,1
0.98768947159535692,-0.14720931550919805,-0.05290486865118757,0.14040981251416496,0.98339358392574783,-0.11498758038767372,0.068953551390940587,0.10614365982473027,0.99195712166887051,-14.585085013095913,3.1355826542036151,-1.9933021308933652,0.2347107836342402,0.2002864269205356,0.9078947368421053,True,5
0.98604045142973573,-0.16099985414775519,-0.042464986855588416,0.15780217076722108,0.98497226047341757,-0.070200576913868135,0.053129116738343911,0.062519541443365106,0.99662861884069709,-9.3291989508308735,-10.458598133262798,-3.3505150263874297,,0.2191166805607151,0.2857142857142857,False,5
0.51335677516148315,0.85759013984510712,0.0316855398604967,-0.85288358268955344,0.51393734717628825,-0.091967372236192974,-0.095154693916976035,0.020187996875574668,0.99525777013179728,-9.931972721629668,-6.5939212989112574,-2.9258549459735357,0.3332217589211141,0.2296363468420563,0.8680555555555556,True,5
0.85645559091036716,-0.51298688139134152,-0.057691249932387938,0.50323632461863743,0.8545908343187486,-0.12817061864059195,0.11505225935504702,0.08074011034654531,0.99007273076200242,-11.079903689230768,-8.5819743567289795,-3.1337274163184783,0.2325825146128998,0.2318504851878582,1.0,True,5
0.98892512123620457,-0.14086763159780269,-0.046727025969818536,0.13690452217273114,0.98740552407372162,-0.079293649413783876,0.057308432159801297,0.072018340696836533,0.99575554339740457,-23.145457297046903,-6.2013147016112109,-3.3143496644888191,0.2172314033759938,0.2348380847193627,0.9032258064516129,True,4
0.47172817483744262,-0.87580591727295043,-0.10215930860289385,0.87319809777459545,0.48010185896506974,-0.083828915423693806,0.12246473413748032,-0.049660852670593343,0.99122963464813063,-12.055252020199317,-18.13709117783095,-4.2436642949903458,0.2088226510569721,0.1528448157423765,0.4516129032258064,True,2
-0.33361967031803119,0.91377919061018387,0.23174448512248844,-0.93116124718957327,-0.28106363760927461,-0.23225409220550342,-0.14709400840703274,-0.29327601746757537,0.94464412890204963,-4.778786350307918,-20.648763189647561,-4.3903642405118299,,0.1430358627006726,0.3333333333333333,False,2
0.98632193664820322,-0.15531542606300397,-0.055191989576441391,0.14920126395437949,0.98357891915361573,-0.10154551999483673,0.070057263156321159,0.091921859334294184,0.99329872226615357,-13.585248900978762,6.0586690665446072,-1.5991295912239472,0.2728915810793543,0.2278044122280535,0.8390804597701149,True,5
0.69171221260782534,0.72159868638145952,-0.028801922535441549,-0.718876000228441,0.68419945629062218,-0.12283484972585954,-0.06893120646517055,0.10567137656039172,0.99200909721185859,15.559445263773052,-18.714729013703135,-3.3808245429773192,0.2378473584888872,0.220576010518347,0.7428571428571429,True,4
0.5714883572580316,0.82010251512046783,-0.028860391743715443,-0.81517196183594343,0.56330767060826281,-0.13483004439083218,-0.094317178472731453,0.10057998273502251,0.99044835146410692,20.940061989485507,0.10607076695750046,-1.3219835723374653,0.2357239085964896,0.2574307014467326,1.0,True,5
0.86193989707496832,0.50613765234258201,-0.029737025936237289,-0.50602750894028448,0.85513744823479476,-0.11258820907259287,-0.031555887344252097,0.11209202249769253,0.99319665951225056,11.770261986702726,-6.8611458079322416,-2.1539639698181094,0.3076172720083818,0.2985849633936964,0.9534883720930233,True,5
-0.11481309136620588,0.98681786549731088,0.11405461142043312,-0.98080987512087059,-0.094397551009970784,-0.17059041951030529,-0.15757519765596764,-0.13145190260567055,0.97871878207431573,3.2167841333722116,2.4951134868649723,-1.4723839143252555,,0.3217556485304301,0.2109375,False,5
0.96946295095514334,-0.23852399995321766,-0.056990246285332419,0.23127836533460261,0.9665346985681208,-0.11099997383777216,0.081559208269204653,0.094429751191822217,0.99218502187664137,11.265610452379571,-19.36903054669849,-3.6358251236064167,0.237122488803178,0.2312625715471205,0.9245283018867925,True,5
-0.0096977615624717992,-0.9956513095201226,-0.092652162800143711,0.99289093893835645,0.001404690943632764,-0.11901936908530353,0.1186319383420345,-0.093147714380009169,0.98855954120679745,-3.9297803121809594,-24.984688430354019,-4.9122763763665738,0.1469923933571879,0.2391187845968251,0.7837837837837838,True,4
-0.37545067456857789,-0.81071973503528705,-0.4491884929406732,0.91972896710977403,-0.26596128044100775,-0.28872690273919344,0.11460985134441003,-0.52153437904944788,0.84549776667021337,-9.6865454558476003,-4.4940010500457213,-2.6563124259400577,,0.2719426133659667,0.4081632653061225,False,1
0.51443312918787565,0.85751711842485068,-0.004790323821197158,-0.85142912753605815,0.5100997537535501,-0.12192900394801783,-0.10211266511632405,0.066802940271436712,0.99252726450910833,-19.955800864712092,13.417697458154402,-1.2712286474665351,0.1762835483002269,0.2537569514698825,0.9545454545454546,True,4
0.41471112211145733,-0.86938405351718551,-0.26867462233542516,0.89881458539645198,0.43742853987057145,-0.028082264604264481,0.14194022078205992,-0.22984264181549802,0.96282154822563704,-9.3318827888601277,-3.8434406021220928,-2.5512184031471357,,0.4440927396219926,0.2659574468085106,False,4
0.95526485641215697,0.29326600197442199,-0.038263640571699925,-0.29570628845514679,0.94935741266795848,-0.1061993125235861,0.0051812230161814958,0.1127632701651524,0.99360837347000985,26.075181665784442,-5.3377708357888354,-1.7918415236395273,0.2414970344013218,0.2604629613823543,0.9259259259259259,True,4
0.97922325227951634,0.19985870510537879,-0.034326668768327642,-0.20176704758797656,0.97718760557469631,-0.066290587709153442,0.020294844240851841,0.071839275502993558,0.99720972608195446,-9.6980304466258183,21.242339040697409,0.053096448355079789,,0.179364050854219,0.7037037037037037,False,3
-0.042519620159981925,-0.97925091933904451,-0.19814065427137401,0.98894576431193315,-0.013054721821539213,-0.14770189398802627,0.1420505443528422,-0.20223058920895112,0.96898113069205993,-7.8018331814568072,-8.5597223787448495,-3.1050627699828826,,0.3084639755131714,0.5698924731182796,False,2
-0.9294510504740392,-0.33133579480413544,-0.16228781794767211,0.36886951332156731,-0.82560862681831282,-0.4269726893667673,0.0074851128658791205,-0.45671324308004441,0.88958247885212605,-19.332929952032046,3.3708529274942851,-2.1506391427778535,,0.3539218640230286,0.3076923076923077,False,1
0.81070620014707218,0.58494216086010442,-0.024456604249301198,-0.5838187526450761,0.8046179048194515,-0.10837754058799846,-0.043716371110176289,0.10214056829814264,0.99380892690933798,15.29815540797089,-8.2428449889420765,-2.2020291381335912,0.221116624938635,0.2415963745446422,0.9423076923076923,True,4
-0.21500983887328395,0.89986063336700894,0.37950179143715768,-0.9639646669022649,-0.13321168937608935,-0.23027541505244467,-0.15666170607934751,-0.41533779785843677,0.89607567957087997,8.2963380780542,17.537464076902907,0.40575854724479771,,0.2801465634566065,0.1842105263157895,False,2
-0.24676648547519314,-0.95257238575256997,-0.17807905982421726,0.95698555082876868,-0.21060238227933489,-0.19956275224406445,0.15259409277943323,-0.21966448615997242,0.9635676189914727,11.636757616043777,20.706579942339577,0.79232088360161468,,0.2900889052646373,0.4090909090909091,False,2
-0.53042077319316172,-0.84366095139856756,-0.083006038638357843,0.84278717502832912,-0.51422837211835848,-0.15899358136815447,0.09145261599832645,-0.15428992317636031,0.98378404064779168,-11.435813286852577,22.498724483716941,0.14695545566703669,0.2033638175501209,0.261281101995591,0.9090909090909091,True,3
0.99829796514395108,0.037054976316057989,-0.045034448144321497,-0.038398109375378311,0.99883185337128122,-0.029334516994286339,0.043894851473079206,0.0310138262893822,0.99855464777499714,5.8379934264349531,28.808097083301902,1.5176010111984368,,0.2781612175357338,0.4285714285714285,False,2
0.2310136068549426,-0.96964176227932264,-0.080172104199154576,0.96122740751186475,0.24020693698449341,-0.13543448036799077,0.15058082379868346,-0.045776416071789984,0.98753730827535446,25.410952268075622,7.7171861906014794,-0.42143047976089826,,0.2506379070103713,0.8648648648648649,False,1
-0.8723853483347046,0.46323103032697971,0.15607951996703823,-0.47292635723571091,-0.71908507905891939,-0.50917316279099867,-0.12363035485954549,-0.5180093258012185,0.84639345090818752,-7.2672406457945087,-9.2386185993619883,-3.1779232613844797,,0.694698394127106,0.3190661478599222,False,2
0.59870873995566376,-0.6869565459400232,-0.41187200522838896,0.78797751623861001,0.59739255362419597,0.14904217784504339,0.14366376927789576,-0.41377873418593558,0.89897045587291291,-6.7102616649522977,-9.7875002321806974,-3.2333771263324951,,0.3175537554858739,0.1441441441441441,False,1
-0.15890690715977546,-0.95262142472970601,-0.25934728840468035,0.97670829396863867,-0.11331958952418025,-0.18220751664775958,0.14418565583922272,-0.28226068053488651,0.94844051203762747,-6.8303211197535934,-6.4861457049824045,-2.828932918403936,,0.248279055098952,0.1764705882352941,False,2
0.96796093261728777,0.24926007380780552,0.030348781392326524,-0.25083707248421139,0.95431729279107769,0.16235537486470958,0.011506345824038158,-0.16476625954738811,0.98626552394400469,-10.706085733916431,10.582042316626392,-1.0844216024274558,,0.2295565255740978,0.2222222222222222,False,1
0.34342305090399095,0.91686039857876911,0.20353775479201786,-0.93174707211286478,0.35982083145785632,-0.048747952347572912,-0.11793219118162365,-0.17290453657136295,0.97785275963007001,-17.022111503645277,-11.784335648826355,-3.649415396727389,,0.2778143754305161,0.1764705882352941,False,1
0.7698049680436766,-0.62977828628785348,-0.10382495507155071,0.62520016888224828,0.77674893407819168,-0.076064724005300732,0.12854983471355996,-0.0063563770127736847,0.99168267932156062,-5.3032409663461131,-26.074039303823287,-5.0980669841188835,,0.1076102179897421,0.3529411764705883,False,1
-0.99614272667435266,-0.070027686516862489,-0.052875241984142507,0.079214111384910801,-0.97687786884357564,-0.1985818569787608,-0.037746425675612399,-0.20200433778691515,0.97865696485744436,-5.6579127363474058,25.90869445842139,0.67164289613927808,,0.2186076125006733,0.391304347826087,False,1
0.58888091259149655,0.80817903731562846,-0.0081187701648906367,-0.80349794754012938,0.58432669305153973,-0.11381284675401053,-0.087237142801711326,0.073545628225177531,0.99346903398382702,-11.341601796854807,20.160395931983423,-0.1560898018791779,,0.1275125956816925,0.75,False,1
