axis_00,axis_01,axis_02,axis_10,axis_11,axis_12,axis_20,axis_21,axis_22,location_x,location_y,location_z,dbh,dbh_approximation,score,reconstructed,number_clusters
-0.88369643587326885,0.46475571096940987,0.055522413007740246,-0.46788782097234682,-0.87391171913733467,-0.13175467407336788,-0.012712049820263555,-0.14240939672559749,0.98972620835947367,-7.3492859937878672,-19.982997862706725,-5.1559716301857899,,0.1655455327908959,0.3846153846153846,False,2
-0.76997716473920419,0.63486537976054347,0.063883607926285182,-0.6375061185229437,-0.7612159666127376,-0.11889575694551829,-0.026853577526817357,-0.1322732087587592,0.99084947576242588,15.648660583288633,-10.298936925810819,-3.8809890771943452,0.3040914980988708,0.2774025090825555,0.905982905982906,True,5
-0.80279359977869669,0.59362504727106691,0.055961946059674306,-0.59571985193195987,-0.79454684418426613,-0.11752944486803134,-0.025304034629402984,-0.12768952834609221,0.99149134649891257,11.886952223705627,7.2124232255655292,-1.5795448666767775,0.1457247797992301,0.1657816480937358,0.7741935483870968,True,5
-0.2309054854572527,0.97099974370576869,0.061985115221995686,-0.97032734036113699,-0.2251114354912272,-0.08825924404142263,-0.071746145077173612,-0.080525395586812432,0.99416706409544375,9.5471218919872438,6.0484799141988335,-1.58375681112254,0.3158925746516957,0.2588345504451044,0.9064748201438849,True,5
-0.99361289748678983,-0.109353279387515,0.027843674956832702,0.10620170608735539,-0.98962234109282454,-0.096792663121188588,0.038139317928361387,-0.09321739267514953,0.99491502658810305,-10.807913610374206,6.4004800284649797,-0.78913409376055066,0.3977744480899329,0.2135682290682131,0.9649122807017544,True,5
-0.57363788893296397,0.81548886140987742,0.076925218861918693,-0.81764511456302291,-0.56446977486080574,-0.11327109030909764,-0.048949351494715958,-0.12787411851118502,0.99058173352996648,-14.784253214170377,13.748893062076881,0.29650203174978235,0.2774995959518386,0.2530143363594957,0.6938775510204082,True,4
-0.11329796782712435,0.98266382865952651,0.14674934524707134,-0.99350071416574104,-0.11042073431471922,-0.027633175451989803,-0.010949951525286902,-0.14892636192964112,0.98878766036191756,-21.515767685433943,-5.5695316967631134,-2.6492284017947387,,0.2311460484631191,0.8888888888888888,False,5
-0.60899937239765145,0.7692711528206273,0.19323989716746218,-0.79120823302669008,-0.57206029849423423,-0.21618637070239277,-0.055761065359723548,-0.28455036166680991,0.95703803229821427,-19.889242807380651,-2.1766391965116325,-1.9161766742561488,,0.2303297618600663,0.1666666666666667,False,3
-0.44056383131247839,-0.89325333064469625,-0.089453886620028233,0.8962118687117504,-0.4318581128925893,-0.10150298867051089,0.052036496033691648,-0.12488818046961167,0.99080530148941315,-8.2905600996792259,-5.9361944382779228,-2.6834274399810782,,0.3062769189243486,0.12,False,6
-0.9968848707615704,-0.0696032002078045,0.0370937861039006,0.063405092218657824,-0.98696030691851921,-0.14794981192299028,0.046907874897858505,-0.14513699420939163,0.98829899533715615,-22.32094718228668,23.223260229863531,1.6857332886585985,,0.2405809103453785,0.6666666666666666,False,3
-0.32287251722018778,-0.94567588696616789,-0.038084832081165969,0.94254721969708499,-0.31763616047513799,-0.10349883187701597,0.085779229800657469,-0.069313680968214469,0.9939001646872998,-0.27817017765486618,5.6058888339976569,-1.3220910158291848,,0.4825577913454525,0.1769911504424779,False,1
-0.73982326145344235,0.66273524144561202,0.11594628738523555,-0.67231328474350693,-0.721663517251799,-0.16491396249305454,-0.025620089183870091,-0.19995941491660443,0.97946916409676799,-3.609626671473674,-15.098155768313667,-4.3765060092674677,0.6351063889616771,0.3374744207564451,0.9878048780487805,True,6
-0.91238309511156868,0.40700535509656127,0.043631739334545699,-0.40931567611679603,-0.90603955087081045,-0.10748492704966391,-0.0042148593909923648,-0.11592658530528481,0.9932488418215103,-9.0065909569188243,13.049702882106841,0.013280668631760424,0.3654088378334952,0.2993326141006321,0.9528301886792453,True,5
-0.86331185685098666,-0.50425873770152052,0.020390273960188443,0.49971258591863932,-0.8597817114470292,-0.10517956139728359,0.070568897504558359,-0.080613485924425923,0.99424418358474898,14.773632718181032,-14.013660287097562,-4.2805898257063184,0.3218252316727086,0.2926863569592502,0.9117647058823529,True,5
-0.79519717303557547,0.60452350229230356,0.04704031433225548,-0.605818966863097,-0.7888560707543022,-0.1033899367589242,-0.025393609140094253,-0.11071330006070575,0.99352792099895659,-9.5389628736102239,-5.1969806347295204,-2.5334565454929332,0.2457138723097281,0.1781715811749877,0.9306930693069307,True,5
0.40226200080185026,0.86671869301329363,0.29493048315191284,-0.90355674961257315,0.42775712073348826,-0.024678855146822609,-0.14754823936751726,-0.25655906306954829,0.9551999603310406,-6.1201192916515739,-6.6976360859559607,-2.823024865284387,0.7256135368436414,0.3880864567743896,0.4335664335664335,True,7
-0.56700163133408998,0.80332974240440236,0.18212763390808828,-0.82314177439466907,-0.54432317097613736,-0.16170932188615453,-0.030769616683963393,-0.24160631305278532,0.96988639550318589,4.0836142998380369,10.09615770736918,-0.88944701515810976,,0.2922484781266116,0.2222222222222222,False,5
0.70636493477729201,0.64711871912390395,0.28685526363745195,-0.70201433776615441,0.69236137277990129,0.16676809962663783,-0.090688745100049206,-0.31917564575288404,0.94334641498783967,-2.3490687435006885,8.9132548363059012,-0.6948709223754107,,0.3756626864399459,0.34,False,5
-0.99941884473725751,0.016445190639107946,0.029858474322864634,-0.020070888460078214,-0.99188986246107247,-0.12550561813472005,0.027552354172899116,-0.12603196599195962,0.99164349003446428,-9.533326741446702,-20.375897755249657,-5.1878242574238298,,0.2684387219628904,0.9166666666666666,True,1
-0.99036728753431047,0.13410549725787699,0.034472472889962566,-0.13686685734384488,-0.98583083545992545,-0.096979519576062614,0.020978540052903567,-0.10076348277824577,0.99468920844434905,-21.874512968325693,7.7322366987545674,-0.35259001627660358,0.1980834904385106,0.2619417372510329,0.9411764705882353,True,4
-0.85642634575610577,0.50746951927184447,0.094913651836005614,-0.51575502294548081,-0.83278696443639599,-0.20115324549039668,-0.023036288792902877,-0.22122513165283966,0.97495065030176464,-5.2097997428327627,-0.58412138373737266,-1.9195018516695153,,0.2137501881171426,0.3571428571428572,False,5
-0.73725143253924164,0.65261766369183605,0.17478704258681843,-0.67548952844639554,-0.70696219819190398,-0.20956704723533676,-0.013199324910883034,-0.27257042276278082,0.96204529127105864,3.1154943405988003,-10.429318215490209,-3.5471595262162787,,0.3933088053703924,0.4985915492957746,False,4
-0.65469676318913228,0.75408749097953254,0.052193909777534915,-0.75473720469951922,-0.64832196148195942,-0.10025161396476097,-0.041760030076951407,-0.10502709273505109,0.99359217472743488,-16.933781342594983,7.5215139252254302,-0.48477954551134222,0.2417360467634675,0.2354655160072563,0.9560439560439561,True,5
-0.43123969743047597,0.90082569025916615,0.050451948715277847,-0.90040305906146567,-0.42612562286880062,-0.087699970167796001,-0.057503518090870523,-0.083246797558670441,0.99486849186382365,-5.3071385338155164,1.8276553330790175,-1.6631189815993963,0.2910491091060508,0.2652004821562757,0.9744136460554371,True,5
-0.90616330778542487,0.41778142189175144,0.065777983744445712,-0.42287081463240839,-0.89245875014263587,-0.1571548708311907,-0.0069522482335987318,-0.1702235671578739,0.98538094330494719,13.770081055393547,-20.673246658734392,-5.5537391045390931,0.3281844375376622,0.2380720504603681,0.9423076923076923,True,4
0.24757805687881448,0.93794733172915623,0.24281661527635762,-0.96654537383622718,0.25644512945438924,-0.005092729612816746,-0.067045850489781691,-0.23343242808418399,0.97005884123120278,3.9315555259752268,4.3711793120440641,-1.5995569809236667,,0.4089453448737376,0.1615384615384615,False,5
-0.6929932448561269,0.70398576842170946,0.15544902844171088,-0.71993727311768207,-0.66435614701376011,-0.20080147584345004,-0.038087863679297021,-0.25106761596176985,0.96721991649036076,-17.433422315310526,16.177843935522649,0.73005917530303965,,0.2257954591611841,0.4615384615384616,False,1
0.42585618090675842,0.89061986060374621,0.15950792168941305,-0.90081589714021471,0.43385160684431523,-0.017421328826408469,-0.084718549580256888,-0.13626829101728447,0.98704291711163594,-10.767611234332806,-16.931122267893361,-4.5591613308208228,,0.3444424444943779,0.3684210526315789,False,4
-0.57728630702702011,0.81368733959374762,0.068216076579894508,-0.81520798633829739,-0.5695553809777496,-0.1050838094548744,-0.046652531864443868,-0.11627373471313041,0.99212094015119789,-16.115030175213182,-6.2388322788224642,-2.6645256649806459,0.3113666648797991,0.2592103877925764,0.9130434782608695,True,5
0.6648391605037175,0.72830747260973583,0.16600336141636435,-0.74291477956073027,0.66785277635446405,0.0452802321754944,-0.077887874351175973,-0.1534304221999476,0.98508506463787271,-6.6289628512708827,-18.537024131000756,-4.8879625121968466,,0.3073022995294704,0.1739130434782609,False,5
0.84800186305786074,0.52885950342492705,0.034647740006191557,-0.52576291050926383,0.84767703497261637,-0.070830828830820716,-0.066829650479594438,0.041848178182244844,0.99688641669931566,-4.7637903545962743,6.8096155167825927,-0.98444451666315769,0.2804027410257961,0.276041071556987,0.981651376146789,True,5
-0.98693464685887844,0.15792267807709245,0.031944179101999828,-0.16042250728243582,-0.98159117672811247,-0.10365028184591224,0.014987394261793699,-0.10742061961504056,0.99410069333783435,-4.4380891944413134,-6.0805909972741672,-2.7145828086845323,0.3369716753274539,0.2514255416150382,0.9899598393574297,True,5
0.094894474184777589,0.99245263065134437,0.077671195963647785,-0.99200955789514422,0.10079085968794174,-0.07588306562105035,-0.083138894711666564,-0.069849685157446717,0.99408699099703046,25.256966911372896,12.276472093196785,-1.7385298447445439,0.3583167948025444,0.2954891936759557,0.9811320754716981,True,2
-0.91043394970860192,-0.41335839866390678,0.015647922290422583,0.40953164186210517,-0.9060421975657289,-0.10663662852882538,0.058256823906945338,-0.090677287587780014,0.99417492021474718,-14.334447640901727,-3.3022564615437435,-2.0662597204627322,0.30400435815,0.2817443965355863,0.9913793103448276,True,5
-0.99208563610237122,0.11895553409925154,0.040195416983997145,-0.12552708381931055,-0.94727536742464202,-0.29480897119716509,0.0030069697662929648,-0.29752135919572714,0.95471042675522988,-1.5806785143662363,-9.2650599002847649,-3.2949403567477886,0.629851049778987,0.386077425935144,0.3819444444444444,True,5
-0.54466255261357088,0.83694052945311748,0.053602741900067183,-0.83705838095269547,-0.53857151123250446,-0.096301579247636673,-0.051729785011363286,-0.097320488323231286,0.99390781861056199,6.0155069934660022,7.8355901459420707,-1.2226888362344717,0.3601094542548851,0.2593019485967087,0.9700598802395209,True,5
-0.43936616499680875,0.89629674086315869,0.060079325679284645,-0.89633446189418275,-0.43298837549264396,-0.095423262934714759,-0.059513909944346077,-0.095776923140814652,0.99362209894748976,-15.99014140359318,2.0626556849052937,-1.2272724258754075,0.226482877852117,0.2456393961378971,0.9871794871794872,True,5
0.13583429648552869,0.98268727594767113,0.12599508557411543,-0.98718836595499948,0.14499546724379958,-0.066599133641900621,-0.083714837522275543,-0.11533443618147796,0.98979280347420218,-0.44241973789552014,5.9338937682294217,-1.2236312300320848,,0.6884430134646891,0.7107231920199502,False,5
-0.85121133615951372,0.52331595820201016,0.039745051071147744,-0.52455049317758251,-0.84588564693918844,-0.096562168624293454,-0.016912755561737276,-0.10304309871788382,0.99453309573182413,-8.6225430308701299,0.57103938364133278,-1.6347105726528195,0.245532639968516,0.2333794575194439,0.9676375404530745,True,5
-0.25001474519388622,0.96640220825926881,0.059660699436452989,-0.96566985998224586,-0.24438839518335773,-0.088068347444325873,-0.070529062857149563,-0.079630924717182083,0.99432618748637047,-4.3763975283591208,11.59420543774401,-0.36995914239423344,0.2328455430687812,0.2053323773592023,0.9705882352941176,True,5
-0.99800089470100262,-0.061962663315280726,0.012443573878684097,0.059413493276227039,-0.98697111246528968,-0.14952611803876506,0.021546484462965816,-0.14848788339088187,0.98867947156466307,9.8071122122733438,7.2580227472078436,-1.4516722687204096,,0.1245495255164331,0.2765957446808511,False,5
0.21452985263579846,-0.97671219526752284,0.0031984283266482672,0.97383666626097165,0.21364464091453483,-0.077447497404486337,0.074960588136573914,0.019729546984093661,0.99699130146758175,5.5290374659418209,11.501823258639856,-0.82352953678173679,,0.09977395603777436,0.5666666666666667,False,5
-0.89376654198752414,0.44652883037489272,0.042348223902483557,-0.4484277398287968,-0.88752617786729937,-0.10587655903126499,-0.0096917787687091639,-0.11361904437326609,0.99347711708926889,5.2989355266755629,-1.5938272755866545,-2.3867993531632958,0.3445929749238099,0.3036147961517497,0.9898550724637681,True,5
-0.40197805628931432,0.91309055725818722,0.068405237429614865,-0.91380156591924588,-0.3953022057074097,-0.093289143454071605,-0.058140694744751253,-0.10000900163882243,0.99328639334574931,-1.9795748662855244,16.156712351546595,0.022950714627206097,,0.1136225934304571,0.2857142857142857,False,3
-0.99492851633638568,0.095598455358090334,0.031275912677770509,-0.098232194970768391,-0.99034773415167487,-0.097784463652823519,0.021625985570726397,-0.10036085289490429,0.9947160479022662,-8.8848292976953385,3.7130968024650683,-1.2760988725836346,0.2341012116363216,0.202656610618376,0.971830985915493,True,5
-0.78790727963403007,0.61438904964636376,0.041571797824279277,-0.61522823752348643,-0.78249475686022418,-0.095896669598089498,-0.026388149867869699,-0.10113382797510802,0.99452280737329191,-5.7853099248787183,-2.5613749336969942,-2.1496847892397892,0.2725494922185372,0.2311336615396799,0.9806678383128296,True,5
-0.80472544998303674,0.58997609908339699,0.06591777195823148,-0.59201063603122905,-0.789305181203801,-0.16285188899959147,-0.044049483260298589,-0.17007508175853783,0.9844460927797557,-20.488876314347738,0.88601483421209171,-1.3419288226126942,,0.3124461612067807,0.6052631578947368,False,2
-0.74411094895931329,0.65064182101152535,0.15153915794169381,-0.66359793852070426,-0.6937159962079934,-0.27999266525433153,-0.077049799674906022,-0.3089066806593192,0.94796623938518998,-0.42858370050292982,6.4644630482253795,-1.1552669600325607,,0.400229226103814,0.8,False,5
0.99484898542368272,-0.10003042023058711,-0.016413751245919837,0.10066073470961134,0.95577373099636209,0.2763403546806299,-0.011954609537413931,-0.27656914174540026,0.96091966217005997,-7.8222120178243859,-6.7436047303565871,-2.8097409598420806,,0.4187845176066863,0.4130434782608696,False,6
-0.81983685470319889,0.5689282687122138,0.064715969671245502,-0.57140862744967125,-0.80561449481702585,-0.15645276033612027,-0.036874274859981404,-0.1652450023475191,0.98556297467626042,-2.0012258450344818,-10.521266539698724,-3.5823708930227878,0.3685683581504383,0.1917996274415164,0.2727272727272727,True,5
-0.68603675956588406,0.72437451972862921,0.068081713346977227,-0.72650141022373071,-0.67696408233638394,-0.11796326618650821,-0.039360709689647104,-0.13038859763942659,0.99068135550153136,-7.8239067579453438,18.290194709149826,0.56959425876209324,0.2308722098100537,0.2418895381658098,0.8867924528301887,True,5
-0.40492440669986984,0.9127868733904867,0.053444818502609112,-0.91222329330467034,-0.39930734738626661,-0.091664090437440782,-0.062328869804757089,-0.085870635780584431,0.99435473846082623,-6.2341760461584226,-12.646890646619402,-3.9031535685968772,0.1489349017966601,0.1868734910371638,0.9304347826086956,True,5
-0.19830908147691409,0.97885092360504788,0.050243184227596965,-0.97704534509024477,-0.19335317798487908,-0.089425623848161495,-0.07781967515524478,-0.066823782597914133,0.99472542957242194,-14.521513945245957,20.604832873490093,1.1199272988866766,0.3134049349242023,0.3218388490770945,0.9464285714285714,True,3
-0.69921737582110177,0.71239314749588134,0.059925493329349704,-0.71395719349778985,-0.69150462076588204,-0.10993855243814854,-0.036880715863633222,-0.11965518317376568,0.99213025855330128,-22.849596942460852,-1.1324323577621702,-1.7425914269402443,0.3773890413426968,0.2558002540581877,0.8387096774193549,True,6
-0.78334128439144901,0.61918108873216871,0.05469196946904873,-0.62095817083381655,-0.77553574623801946,-0.1138211596398544,-0.028060332191157299,-0.12312223870400699,0.99199472382358822,5.3189275775119134,3.8783776062928266,-1.7379376267348259,0.3417076308837102,0.3053860533798208,0.9702517162471396,True,5
0.051344897402618939,0.99683824459890924,0.060640049601576457,-0.99428541604960341,0.056715255358492964,-0.090442751178243699,-0.093596009219321347,-0.055649743167314469,0.99405376773272691,2.9714989712334017,-8.38592977928678,-3.2073464922597905,0.2980860986127368,0.2713639207657086,0.9943820224719101,True,5
0.44579849963469043,-0.86277137961035699,-0.23851466254446668,0.89316447170165647,0.44639949037605237,0.05463260456817022,0.059337376192078711,-0.23738795571225307,0.96960096651632799,1.5789575726946072,-13.143926437606181,-4.1148881096023118,,0.1104439169554695,0.4,False,1
0.73048072321415425,0.68159157743304954,0.042788252883866361,-0.67910427932583683,0.73158332031877849,-0.060026854262802617,-0.0722169704007459,0.014790774275852972,0.99727926990510452,-0.095327961153638674,11.822019281292279,-0.51627839831309763,,0.1155110359977957,0.625,False,4
-0.91047058381076085,0.41140690447245504,0.042280905473807709,-0.41355538699906974,-0.90469418154876202,-0.10247136066172478,-0.0039061361141536077,-0.11078265579145519,0.99383698123809494,-19.218667694679159,3.6130364927493708,-0.93928418250036017,0.2647795133867635,0.3270529662466583,1.0,True,4
-0.48523326428944868,0.86810645074053872,0.10459383064823542,-0.87110261588579596,-0.46958617144661635,-0.1437673821944099,-0.075689575398007025,-0.16087267564373597,0.98406863094364283,-1.8384534869030826,-21.250411790381161,-5.4353945763282931,0.2686273682381167,0.3380879586066742,0.8813559322033898,True,4
0.35563510247204683,-0.91355579381081031,-0.19733090352095461,0.92957059544345289,0.3676660785420548,-0.026835848717928268,0.097067924550803722,-0.17388923567664347,0.97996956674133051,-15.92503129843981,-7.690862044651702,-3.0146105074675358,,0.292231758871224,0.3666666666666666,False,3
-0.95889230942167336,0.28104313773142192,0.039246575214241144,-0.28371487146301311,-0.95222347182615308,-0.1130324352302176,0.0056045198452669004,-0.11952076989973093,0.99281588168193557,-27.751660307093687,7.4848106354038961,-0.14089856828286967,0.424799532624501,0.2994996149024731,1.0,True,2
0.025432870932729525,0.99849669141881192,0.048554364395029782,-0.99631155035195273,0.029299148270236813,-0.080652678479562784,-0.081954034137485726,-0.046324044904616127,0.99555894810516721,-1.5238646924857335,13.192053644640666,-0.31510760466180698,,0.1890409308876111,0.9135802469135802,False,4
0.68365881290766617,0.69057804037477433,0.23603516196918184,-0.72554231852173234,0.67803144502413337,0.11773573625962207,-0.078733547918218683,-0.25174457235583603,0.96458576535297624,-1.0326557200765993,10.771306867808228,-0.57213287294413784,,0.3031416006370493,0.375,False,1
-0.81444607135476732,-0.56304391075661431,-0.14021109590429509,0.57720978591887628,-0.76152321358122033,-0.29480715428295945,0.059215368733722504,-0.32103574526340417,0.94521404473743409,-20.912688243795788,-2.1206526169134414,-1.9025720627134761,0.8449080813578517,0.3727651128057697,0.2564102564102564,True,4
-0.2638559742807739,0.95039089495584805,0.16473363840262373,-0.96200228398822862,-0.24685531588528528,-0.11667929816641902,-0.070225568262391125,-0.18926066628911237,0.97941246150844219,-3.6419802875999046,-7.7030296987756506,-3.0091382872544847,,0.1855643359830237,0.2878787878787879,False,1
-0.9587785813128159,0.28204830889469518,0.034530905945664686,-0.28410739337988661,-0.95372250444700446,-0.098470165726585096,0.0051595583795596006,-0.10422157147624184,0.99454071962708079,-4.7739454676293418,19.479865792896323,0.55157614433349378,0.2810481153576535,0.2469579881117225,0.8409090909090909,True,3
0.99640801982953597,0.077137967559604892,0.034939833716794752,-0.074983322823220525,0.99542188455901448,-0.059268651405016963,-0.039351738433932158,0.056435854753463882,0.99763041001188091,15.928714807845894,-18.304008872214101,-5.205411531203767,0.3997300690712245,0.3319475002327649,0.9772727272727273,True,3
0.42251448776790729,0.87642202388780688,0.23101070033793511,-0.90237135946687297,0.43063787188982361,0.016641902178274812,-0.084896626788879589,-0.21548888448967435,0.97280887301733887,-1.3426767399702584,7.9479730728224807,-0.90133693504834411,,0.3291664635544753,0.3142857142857143,False,2
-0.39719854385584735,0.91526762732333355,0.067219693042376585,-0.91575459548627358,-0.39047132269721446,-0.094475748194234405,-0.060223231435776049,-0.099082372423174608,0.99325517661396023,-5.9502741455267927,-22.480887424280201,-5.6317682846107511,,0.2651526196576412,0.7111111111111111,True,3
-0.22679535312733992,0.97226384733093196,0.057156617929167521,-0.97109309541363709,-0.22125635053714046,-0.089575819208913027,-0.074445065919824402,-0.075819776577366021,0.99433862121510319,0.52879481899070346,-2.669876603075966,-2.3224792838908797,,0.2501529110899661,0.9136546184738956,False,3
-0.22140698658224264,0.94564097858729934,0.2382059737055835,-0.96689416492716462,-0.18109780639367354,-0.1797755777329057,-0.12686457394549175,-0.27012353495364666,0.95443106390235133,-6.0668965831516495,-5.969769323411291,-2.7347458882142703,,0.539409203106302,0.4358974358974359,False,3
0.81101188895932719,-0.58229832075921262,-0.056465756061750763,0.58422508705361353,0.81117554244057943,0.02598628491011383,0.030671870236778316,-0.054063897262711151,0.99806629608906483,-13.180791894551176,25.263538747756616,1.5601016677066646,,0.2286888065950912,0.2413793103448276,False,3
0.056236563226239378,-0.99365987297728331,-0.097352482203948626,0.99528843082677121,0.063506814038107512,-0.073265435459788503,0.078983469276073137,-0.092773602956326834,0.9925495807140402,-23.347395509710378,-4.2756478286601691,-2.4192880850780178,,0.103605359239095,0.2,False,1
0.78940944478300634,0.6109532827830414,0.059739557614800154,-0.60970796936603022,0.79164852847959755,-0.039354789386314384,-0.071336670646582612,-0.0053566419251421873,0.99743791075352028,-3.905770051459124,19.90252072818544,0.56939279445731539,,0.2167321591092591,0.303030303030303,False,2
0.70232446824454986,0.69978543911336688,0.13053995752229761,-0.70759008547963143,0.70632431914304716,0.020548165807182148,-0.07782423938554589,-0.10680025932563995,0.99123009052996269,-4.0097899323213264,-13.19404287580018,-4.0421172970070618,,0.2474785469629115,0.2333333333333333,False,1
0.97367283446787189,-0.22710031203438105,0.01966366428693421,0.22524268212906504,0.97177782068411156,0.070097085344155957,-0.035027782781779378,-0.063822531290506079,0.99734634853348048,7.510609549158584,3.4407975904965316,-1.8443945852873338,,0.2112005950496953,0.2093023255813954,False,2
0.89001119656726513,-0.44834885304149608,-0.082845494514069751,0.45580741198754965,0.87930328468223296,0.13807728533053354,0.010939522938317292,-0.16065192038507459,0.98695049891799058,-8.7072902346911736,-6.8743798262070346,-2.8480724559166357,,0.2245045738900621,0.2285714285714286,False,1
-0.76941037971134763,0.63386498277904313,0.078885050541679991,-0.63808580176764063,-0.75707006726056181,-0.14032613028454829,-0.029226309636822455,-0.15830381190802703,0.98695781366804147,-18.923962604479151,-1.4278837513235265,-1.7800819557036356,,0.12903886560391,0.2857142857142857,False,1
-0.72499613001173202,-0.61991451643086826,-0.30014430493730021,0.6844785710673702,-0.60001148277077521,-0.41409576946980153,0.076613949236307155,-0.50566017527732843,0.85932420536193332,-0.25111754503677386,-9.0738435545809093,-3.3342842272902176,,0.3671345689891175,0.3285714285714286,False,1
0.037970396686024047,0.98733514674623268,0.15403751807628657,-0.99592639008220152,0.050006928655045947,-0.075032876956204711,-0.081785539756987602,-0.15056100121241717,0.9852119114183373,-12.844976281350856,-8.8830450673520129,-3.2143498172884342,,0.1330113028178976,0.3333333333333333,False,1
0.78638000508296413,0.61628729538609395,0.04238463343490638,-0.61345584097532802,0.78715157600929386,-0.063752078862878259,-0.072652727264506944,0.02413225915199823,0.99706530141673788,-22.467785405473673,11.748330074137716,0.39212120901315844,,0.2044479421004098,0.8571428571428571,False,1
0.45204322099293787,-0.79441973736693339,-0.4056528161324458,0.89004909924516062,0.43174563664308241,0.14631577554227942,0.058902693378225186,-0.4271919780631574,0.90224025990380097,11.510707347480352,5.3700315514317856,-1.7736753122335651,,0.1574980007048293,0.3,False,1
-0.81225558165178458,0.57930465805422249,0.068168784881365449,-0.58282815528936605,-0.80132658854970362,-0.13485933369733405,-0.0234991803583912,-0.14927093367422395,0.98851705947975876,-7.7010251767676268,21.889805247611484,0.96213531540946517,0.2487913231474697,0.1791455519610438,0.59375,True,1
-0.80368348513675203,-0.57636530682529186,-0.14797259478238356,0.59076756320472767,-0.74302305749057218,-0.31450027393073893,0.071319997080708533,-0.34017608546978872,0.93765328820991101,-7.2202609555695618,-5.7712203742137484,-2.6642096528708352,,0.5683265742387306,0.2265625,False,1
-0.94944452342743624,0.31117682315616696,0.041522062377561758,-0.31392651603422755,-0.94204264306750163,-0.11834610755326609,0.0022889876064485712,-0.12539794006614649,0.99210388425955998,26.78085564100213,10.443867474161541,-1.9999751953249136,,0.1806991997635363,0.8461538461538461,False,1
