axis_00,axis_01,axis_02,axis_10,axis_11,axis_12,axis_20,axis_21,axis_22,location_x,location_y,location_z,dbh,dbh_approximation,score,reconstructed,number_clusters
-0.18296193800756883,-0.98290830881061531,0.020400630175827113,0.96943987942466758,-0.18382684486239945,-0.16246233806338431,0.16343576542972649,-0.0099472397674765373,0.98650382817270788,15.350288549978911,13.967300059841937,-1.3746250952833765,0.3366105812714761,0.2291663668364544,0.3333333333333333,True,5
0.67484557545160895,-0.7367274034570872,0.042616690260568114,0.73366426873058654,0.66357719364633927,-0.14629439107656236,0.07949962315256838,0.12999246542714307,0.98832270481395512,7.417652562654621,8.5518993058295134,-1.9037542426752254,,0.2425859732238128,0.967948717948718,False,5
0.23132182553537023,-0.97266937781123686,0.020112048609866352,0.96473714707226843,0.22666867873067348,-0.13380413723555609,0.12558841542851218,0.050354657687175286,0.9908036931498404,-6.6950689678941142,-6.4506152311446963,-3.516335474929456,,0.1145689267939713,0.2,False,5
0.68281987313265791,-0.72974153133136332,0.035132866453745096,0.72645952257406421,0.67307266313469072,-0.13867138205930182,0.077547294708213838,0.1202101808955089,0.9897150749041389,-8.7847040655328232,5.8973982376763132,-2.0299210198369741,0.3287787311930775,0.2787722174360157,0.9530201342281879,True,5
0.44648718348080629,-0.87158437213987427,-0.20245956936860071,0.8886248824721833,0.45842650248969496,-0.013818830137379001,0.10485710867021239,-0.17374068048850355,0.97919311818696719,9.2534465529923313,-1.7282287314915601,-3.2033860419108335,,0.3314797838354104,0.125,False,3
0.49117351243652008,-0.87041662463319436,0.03351835680533588,0.86407461602057845,0.48200866669516385,-0.14506103260228725,0.11010739588993583,0.10021249818714525,0.98885480055336195,1.311518868910557,3.7507674943244464,-2.3745726134083678,0.3547886099787679,0.2857524377215369,0.9960474308300395,True,5
0.99842715939990789,-8.9189295817324456e-05,0.056064243666526625,0.0068269353656578886,0.99275053528066781,-0.11999903188551168,-0.055647105280897474,0.12019303950402636,0.99118970582257315,-5.7729142408651182,13.8355248934655,-1.1491089487050918,0.2425388799842132,0.1821989548669344,0.4666666666666667,True,5
0.69126069073671581,-0.72229132951647201,0.021304758800000736,0.72025848531833259,0.68634165270907976,-0.10081096211975438,0.058192540493951256,0.085031588612095241,0.99467746388915612,-12.723942145783168,-11.912387757005806,-4.0629569882611145,,0.1676223060772388,0.40625,True,4
0.91875847498502428,0.38885088543818819,0.068394835602766685,-0.37764386556320118,0.91604193050408456,-0.13510104500274026,-0.11518669821500796,0.098296339974012312,0.98846843859682121,-15.859378163551694,7.5501871807543823,-1.7719517776426081,0.3242069397915296,0.2661519821735849,0.6666666666666666,True,5
-0.96235246284559073,-0.26969610636582969,-0.033789753863240332,0.26179659380947118,-0.88630403426988624,-0.38200484592042072,0.073077224391639745,-0.3764693467575238,0.92354239221985812,-3.2736836737259885,2.2301951473682236,-2.4419094095266423,,0.3943564517083235,0.3609756097560975,False,5
0.99233001228578233,0.08128153208783627,0.093136777152502112,-0.096180207716652671,0.98097210966395698,0.16865078625677626,-0.077656386475822792,-0.17631515137078071,0.98126574027457913,7.2864674645341685,-0.94134804198698085,-3.0829955863720993,,0.2292338124828864,0.3,False,4
0.7620857709141986,0.60480629920605988,0.23115929185473358,-0.63163979893959488,0.77292947950056667,0.060093128679838487,-0.14232512837043207,-0.19180552692676381,0.97105828747541523,-9.3652667734792843,-15.285949805576001,-4.5193284613119848,,0.4705556529388686,0.3870967741935484,False,1
0.81948568352046935,-0.57305735492806176,-0.0069629352893666417,0.56898393280137438,0.81499394908776368,-0.1097367174842323,0.068560183188725574,0.08596587063007341,0.99393630096095353,5.4242625071507664,-9.6560928414778751,-3.9720800835248937,0.1844314490728243,0.1675787184600813,0.2727272727272727,True,5
-0.9044230769286038,-0.42535640937845798,-0.033027608446012727,0.40038373015394685,-0.8194857519018337,-0.41004386479729005,0.14734913147694109,-0.38407685094334004,0.91146761106604279,2.4024195887100404,-2.7697940946064077,-3.150683547323565,,0.7151910659496398,0.8255659121171771,False,2
-0.15040895136087304,-0.98851260693384146,0.014831496329886342,0.97500058984404658,-0.15080156508716497,-0.16319539751789236,0.16355732069914772,-0.010085330937678008,0.98648228009711025,-11.72125815713723,0.94971144583398392,-2.5803994986870218,0.2624036181664233,0.2271692929091081,0.96875,True,5
-0.32473984051166288,-0.94126643856060022,-0.092528523299056656,0.92977295012844086,-0.29976895695575229,-0.21368395741168011,0.17339635865241285,-0.15542221232856193,0.97251099670953844,3.3113540673612905,-7.5524481427543524,-3.7628120639219627,,0.172300822363664,0.2195945945945946,False,5
0.79026360267373341,-0.61145176217111785,0.040127058538681426,0.61045971090523277,0.77992059647617351,-0.13806811563047294,0.053126073171575569,0.13360615902751194,0.98960952633818344,9.1042939731650101,5.4164394453671525,-2.2515580955329244,0.198831474381716,0.1956002142672778,0.9017857142857143,True,5
0.93062177343061703,-0.36317014560130662,0.045283111209135418,0.36593198974114272,0.92129008993529093,-0.13159919859600908,0.0060740185167137244,0.13903961856589431,0.99026819133409971,-4.8517635194650026,10.319307599607214,-1.5802276456809237,0.4194255727971467,0.3396888397265563,0.9880239520958084,True,5
0.12523766538936112,-0.99204795189753558,0.012505530925464288,0.98082641173187224,0.12190434645445701,-0.15204894068914765,0.14931536162432404,0.031308009381259397,0.98829384867638459,-7.7198265061256892,-12.147354590531668,-4.1299734835551964,0.3038662532638856,0.2640354928576175,0.9754098360655737,True,5
0.33045271109589103,-0.91170528728089517,-0.24411979615229068,0.93596429080840982,0.34985736724351169,-0.039631665583834769,0.12153950823039361,-0.21539102054054829,0.96893490813862981,-6.5210758530819586,0.94373433801461071,-2.5599180827384789,,0.345282617348931,0.2105263157894737,False,9
0.39482204790185627,-0.91874235317544628,0.0052951838709712068,0.91032914932344189,0.39041466743171033,-0.13739442254416592,0.12416275763143363,0.05906670750795303,0.99050226333993141,8.3709837410293808,-0.62850471524160423,-3.0272106676127444,0.167671278896687,0.1154836739460865,0.5520833333333334,True,5
-0.93856683321135059,-0.34344686893742199,0.033712724788997783,0.32495815944834022,-0.91245048600799883,-0.24866906762143653,0.11616580479454533,-0.22243731431764971,0.96800162551288471,4.1256256412525056,-10.007853524907068,-3.9994598479542356,,0.09996902630105457,0.1346153846153846,False,3
-0.059007566565676489,0.97505360145968767,0.21398266604678587,-0.99043961274764991,-0.030409962968411156,-0.13455336358688799,-0.12468953680354528,-0.21987657545257727,0.96752612935205251,-8.1202469449095815,-1.8943210703396871,-2.932125783838357,,0.2456661795767136,0.3181818181818182,False,5
0.0061284467763819562,-0.99891958908901379,0.046066220534618008,0.98767062576257802,-0.0011596632302912568,-0.15654197579866433,0.1564262674420967,0.04645761202889491,0.98659642870765807,11.488968507537891,8.4005243644228713,-2.0075726047298419,0.2598835931943408,0.2497375910789605,0.9897959183673469,True,5
-0.2608761646786823,-0.96523714749043354,0.01615165028944579,0.95074222678314868,-0.25978842578249878,-0.16911295645476634,0.16743011949455711,-0.028761483514982034,0.98546432312491972,-2.7847686379058256,-13.506992220088623,-4.3421990492171219,0.4115887876340745,0.3586314986934439,0.863013698630137,True,5
0.7948957872153849,-0.60639009596380511,0.020778329678796992,0.60455901972605341,0.78866110179805726,-0.11190200256719048,0.05146920569725727,0.10151215704378319,0.99350198934738509,-1.30954182894867,1.5972253036227571,-2.5493854209412738,,0.1843633212711132,0.6434599156118144,False,5
0.9634850773417184,-0.26601200672044684,0.030563344391355253,0.26741096534320802,0.9617761177876144,-0.058975205532488889,-0.013706981944875355,0.064994703891523065,0.99779146474201552,-8.9608688652777548,12.784649542189827,-1.2282443790145186,,0.1816600284850788,0.1904761904761905,False,6
0.83015283530718931,-0.55724779244602318,-0.017921156365301935,0.55695569547277179,0.83032646004873223,-0.018929422161897039,0.025428789036776901,0.0057330233713125799,0.99966019683247753,8.1245619894507666,-6.1784186608222686,-3.590510061650682,,0.2120452752910552,0.1538461538461539,False,3
0.6540038783619867,-0.75500073527869527,-0.047463847464253792,0.75306057413632244,0.65572384089865599,-0.054092662705650801,0.071963176479037244,-0.00036634102172733093,0.99740722226445855,6.8429451196987063,-1.6546168112967803,-3.1341388609480592,,0.4102711859040657,0.3804347826086957,True,6
0.37339660675531688,-0.9221029175219444,-0.1014947464706154,0.91807991110855303,0.38300998230187,-0.10214024807113806,0.13305732179225468,-0.055041465774818346,0.98957879229641577,2.2159266758150102,-20.931781950959113,-5.286468039084407,,0.2295157396958812,0.3103448275862069,False,4
0.67267267149597654,-0.73923785461527836,-0.032231526899418272,0.73482811681444793,0.67250276195993652,-0.088134408122993016,0.086828081640673446,0.035600975549256661,0.99558699006091023,7.5100483882842433,-15.963237124959148,-4.6645457184617394,,0.1389121161232785,0.1666666666666667,False,4
0.44818838344455419,-0.89365464482870727,0.022551024842257641,0.8857920859123527,0.44056438644227047,-0.14586089926293022,0.12041409170193602,0.085348679982906267,0.98904805209088542,-14.659769819639122,4.4931325491273331,-2.1370056778659676,0.2473335140452229,0.2343398341683548,0.7619047619047619,True,3
0.59540935000607065,-0.80077362842793331,-0.065186669954156382,0.79788965872506767,0.5988651504158653,-0.068794070362057425,0.094126502245356417,-0.011051137124600964,0.9954989070527952,-13.137659444857418,14.010958551228727,-1.0806930229058203,0.2143803098184463,0.1832833195330254,0.1627906976744186,True,5
-0.56402892755350753,0.79694956668394556,0.21620073322056921,-0.81796031085367638,-0.50332546672472001,-0.27857567089482133,-0.11319142525384758,-0.33396835584919443,0.93576323850661525,-0.71166058187062264,-18.259499737359093,-4.9614404883334267,,0.1584618392580263,0.3571428571428572,False,2
-0.76011753079076871,0.6287166371366496,0.16412412854948472,-0.64727104662980706,-0.71042545523341871,-0.27628945827002549,-0.057109820340281253,-0.3162452572671608,0.94695691859594544,1.8161389386513049,-18.795712268200003,-5.0059783937128683,,0.1676116481009341,0.2142857142857143,False,4
0.57128521208888883,-0.82016420108210175,0.03104657327163677,0.81497120418813462,0.56237425652442286,-0.13984681599072843,0.097237558549643763,0.10519448113832007,0.98968630299976557,-1.7602265825431787,-5.430447781821127,-3.4705216501496654,0.2020264371086506,0.2150751971427713,0.9176090468497576,True,5
-0.38393773690175015,-0.90164424568883428,-0.19907151579012361,0.90439734199633204,-0.32374214878090024,-0.27795047920933125,0.18616460988258174,-0.28675542770615592,0.93974148716991701,1.5620154547427221,-20.810942072660268,-5.2664334132046351,,0.3716084667667714,0.1851851851851852,False,3
0.85554763241403131,0.50235362599967104,0.12521614558725877,-0.50192894241920927,0.8641067740784717,-0.03724002891557085,-0.12690778318401599,-0.03098898895867578,0.99143032893423177,-1.8008897068725225,-15.204811398531421,-4.5730120709681072,,0.2572065114843461,0.3421052631578947,False,1
0.95552730315049683,-0.29488087743615876,0.0035834419793958315,0.29129282224867847,0.94565668496569621,0.14450579879745315,-0.046000702607008365,-0.13703540528699604,0.9894974649070557,3.703589495409731,-6.862355872793036,-3.713646604712546,,0.4211614865837061,0.2692307692307692,False,4
0.59075271131309737,-0.80643994164118127,0.025804158618146476,0.80108507359405801,0.58241272678107692,-0.13805115192649245,0.096301292520012405,0.10222541860612247,0.99008889744798978,-13.144319036439503,-7.5119966582731355,-3.5308850459470738,0.3166650780164156,0.2781096644637729,0.9294117647058824,True,5
-0.70921568109674349,-0.70460240014024267,-0.023421686597938727,0.68799161758007099,-0.6844799811106399,-0.24115283452270747,0.153885190405186,-0.1871432958334015,0.97020448102375412,4.5427624437056915,-7.7403165499974875,-3.7758579744222387,,0.1280056115858142,0.2307692307692308,False,5
0.9375011519603712,-0.3468507496064025,-0.02803832324611711,0.34797908909482073,0.93410570555290273,0.079731326379614637,-0.0014641126035475106,-0.08450496051114699,0.99642198290849326,-4.5380978757781776,-13.203669623182485,-4.2845293062485954,,0.4230423542669903,0.2410714285714286,False,6
0.80614578399199743,-0.59145342646061638,0.017658405361904599,0.59011722635029262,0.8014152943031162,-0.09744324102619295,0.043481422660335015,0.088973987125717746,0.99508441626747779,4.8222394539586011,-4.6798018366596636,-3.3850376507631554,,0.3349840459477627,0.9223107569721115,False,6
0.57761684570157035,-0.81553639297863378,0.035484803637166336,0.8105527105148943,0.56784945487925154,-0.1433572463124746,0.096763025163162902,0.1115678641936686,0.98903464481308079,-8.1891206699678509,-2.7896683887571325,-3.0432650234251777,0.1631249223934687,0.1780547803409435,0.6428571428571429,True,5
-0.99416798246784055,-0.080610075608329612,0.071638246392856153,0.05658604697603517,-0.95541578784557146,-0.28979077214958482,0.091804367670880058,-0.28404698211008333,0.95440519174546845,1.9074389883111478,4.5699666882297691,-2.3212268317079845,,0.6089951417570566,0.3415233415233415,False,2
-0.061856358474714303,-0.98128526703424757,-0.18235409405268044,0.98521918034289757,-0.030790071108998854,-0.16850857012500117,0.15974028170977189,-0.19008207759446699,0.96868562814602255,4.0639741278274313,-10.650852866969466,-4.1066468486897474,,0.6553195405559005,0.5846153846153846,False,1
0.73780281964702088,-0.67397016563685386,0.037566143697998579,0.67197433245853344,0.72806213687295329,-0.13555818444084569,0.064011685166186633,0.12525869504119075,0.99005694961389157,-13.87146301347156,9.1459445744207706,-1.6338184757115453,0.3683371275830082,0.2788533186624177,0.44,True,3
0.97596835121398007,-0.21220872665579943,0.049530129818031482,0.21352498749735921,0.97666829202082628,-0.02293746008991554,-0.043506978094547365,0.032962155455129143,0.99850920835254886,6.0022502284691193,-3.4808032551215611,-3.2555062966381634,,0.4073695579422309,0.7896995708154506,True,5
-0.22072112549642819,-0.97463458569596018,0.037008230501534047,0.96112916194940079,-0.22380216783399776,-0.16168897217573602,0.16587018662204767,-0.0001184823518194239,0.98614758892971977,1.6388275320135173,-8.528762074055626,-3.8219980927112069,0.3470749577120254,0.3179705490984241,0.9981412639405205,True,5
0.39238455130904776,-0.91961363449942102,-0.018577597712357376,0.91090040679107764,0.39131122470048801,-0.13090444733183437,0.1276511370957818,0.034442541517273398,0.99122091308243909,-2.8335688281858809,-12.189654087813668,-4.2038575256289379,0.4848298471363945,0.458119601813438,0.6582278481012658,True,5
0.16509596537520135,0.92314370737254792,0.34720169607203571,-0.9726397192923204,0.21073068938727152,-0.09779853273603592,-0.16344815285522968,-0.32155601703098824,0.93267702300388022,2.5992128114287514,4.8114450616830018,-2.2800903747667256,,0.1419704110946763,0.3571428571428572,False,1
0.28818310084826726,-0.95729213211959752,0.023286780958155742,0.94804750283975059,0.2818093257081376,-0.14761245307642132,0.13474580789320043,0.064616388987938256,0.98877110067465501,-4.4194954228583407,1.3094910328710125,-2.5477682394042578,0.3055712087381383,0.2522299532684494,0.8682634730538922,True,5
0.67808365802327963,-0.73414879249170117,0.035044303456425098,0.73082450612271221,0.66841274120756011,-0.13827490242950735,0.078090293713511894,0.1193731874181687,0.98977368532072263,3.1767636499044527,6.10837252628692,-2.0934026214367085,0.1339762477792554,0.126454604933047,0.6949152542372882,True,5
-0.76731347300395103,-0.6407087029031272,0.026877354237501924,0.62219791821719417,-0.7539822817328371,-0.21066672589456459,0.1552410535676885,-0.14492438323876985,0.97718838430983046,-1.5860970429636874,17.263151670041964,-0.80280692062123926,,0.1454066439730626,0.5,False,5
0.099369160528623171,-0.98486733707575624,-0.141993303705306,0.98588626350950925,0.11676894135409137,-0.11997203740166024,0.13473694875236464,-0.12806772698988336,0.98257041068034856,-8.9743439046550613,-15.740091761172163,-4.5658750311775069,,0.2807289899606297,0.3265306122448979,False,5
0.25026638866553286,-0.96815224678568101,0.0069254420906050412,0.9575139834765356,0.24644504679842197,-0.14977252870743782,0.14329586927475993,0.044114237524426649,0.98869622629826448,6.0389245893584453,15.186674815650402,-1.0700954292776077,0.364871514406324,0.2651644095838663,0.2777777777777778,True,5
0.95765455896120866,-0.28413502583990202,0.04652991287089836,0.28778593534117469,0.94955267332411442,-0.12461531207213358,-0.0087750282404364909,0.1327290762191472,0.99111351075716503,0.63276231699077723,-19.639271267950843,-5.1135491763051828,0.2863336856690167,0.2892632161951462,0.9621212121212122,True,5
0.36592924332489879,-0.93064259783379311,0.00037944279953506382,0.92395712506123506,0.36325166728953379,-0.11979756783822307,0.11135088651756175,0.044188022229387731,0.99279826690179651,-17.334111229724424,-3.2177716618529288,-3.0463817560275799,0.2665528401509413,0.2303439744741199,1.0,True,3
0.17498457000092982,-0.98453110750634099,0.008882489174122557,0.97225370815856937,0.17136581372650306,-0.15923719684095666,0.15525181877679181,0.036500085454587224,0.98720039329829412,12.740064644038636,14.802832856226113,-1.2494662598270687,,0.1996710920956563,0.9166666666666666,True,4
0.57627441000430657,-0.81668025414927126,0.030678442869071954,0.81149285787080461,0.56735689817849555,-0.13994817510046784,0.096887285021633893,0.10554388931605087,0.98968345516593259,2.3502702556265866,9.6982109435074317,-1.732995247408706,0.2220764723411222,0.2209298416858416,0.825,True,5
-0.076145978642646731,-0.99707042560365056,-0.0072357669329066211,0.98405761003136338,-0.073978487572557955,-0.16173374266317053,0.1607246405375149,-0.019435785629365161,0.98680790438719856,9.4846895994930023,0.14810763027693374,-2.9557401257656739,0.2461125219969015,0.2044286868742041,0.8181818181818182,True,5
-0.73751740922979003,-0.67419946676474674,-0.039027555612802634,0.65931212096011327,-0.70631192474196436,-0.25774210389918695,0.14620396108880312,-0.21582062918412939,0.96542522122664198,-13.363287432013911,-4.2589613084996989,-3.2070320424647396,,0.1282262313538602,0.1081081081081081,False,2
0.27910555480660154,-0.95961914861965658,-0.035088158666219268,0.94848450906704496,0.28120368273692925,-0.14595076181725425,0.14992406523286228,0.0074550934048553674,0.98866940695380001,16.008240327969176,-2.344721688314543,-3.4696254279444605,,0.2099214774427376,0.8823529411764706,False,2
0.59528353352455921,-0.80291757678343534,0.030998058112258812,0.79788759310681689,0.58611587182554492,-0.14086721960907692,0.094936312761374625,0.10858890222484681,0.98954310003803103,1.2648643333501337,20.449523818218683,-0.43110498708921013,,0.132121958815866,0.3076923076923077,False,3
0.90301575397273937,-0.42534692955165054,-0.060353438990894875,0.42809689802339779,0.90268721320483214,0.043460798649328863,0.035994360388664187,-0.065082905877627675,0.99723047555855104,-8.0178818675831405,10.593624966948012,-1.5291320631748513,,0.2425994828042709,0.1428571428571428,False,5
0.81318151347152978,-0.58090809787968967,-0.0357995525943135,0.57944256650657067,0.81383247260348468,-0.043852236617723153,0.054608957767300306,0.014916043506875795,0.99839640092383641,10.909952945721683,-4.977855478485024,-3.5034058171983458,,0.1899952043096111,0.5294117647058824,False,4
0.57107865246798106,-0.82086813425752458,-0.0066842244072065869,0.81620979068666366,0.56866893922706963,-0.10206475956760261,0.08758281956290262,0.052831275954026202,0.99475529955787712,-1.1970055592922115,2.5092961600195856,-2.45744239960267,,0.1264121367354383,0.2238805970149254,False,5
0.31080759388313955,-0.95026006081219228,0.020111101655110541,0.94127371040609531,0.30479382374449726,-0.14527397256752636,0.1319183144332709,0.064082305142818194,0.98918704827988291,2.1205492409092401,-13.556787893090352,-4.3725927331688563,0.239222963201606,0.2451266773181551,0.900709219858156,True,5
0.21410416055797793,-0.97622208182298864,0.033909517734042216,0.96648242483607039,0.2066777746678341,-0.15230239637426335,0.14167261878978196,0.06538152965129887,0.98775205627004536,3.5800380117470536,0.48875333007738109,-2.7919856757155808,,0.2978788609385193,0.9807135969141755,False,5
-0.46512458033914933,-0.88449986482679843,-0.036319607455303743,0.87278769061456474,-0.45133430214271275,-0.18584669709480192,0.14798909377392233,-0.11814117330857871,0.98190727224786711,7.1315764001604167,3.2134356688426156,-2.5268255222721079,0.1203871597927249,0.1461393037045843,0.4677419354838709,True,7
0.74514227194614746,-0.65697620732862072,-0.11465276953930878,0.66348379777029376,0.74767463891558605,0.027782807971029,0.06747032425622862,-0.096772399611399051,0.99301704820119274,4.5257043276046831,-6.5362879175164483,-3.6695606286226159,,0.6390950523951412,0.4406779661016949,False,3
0.34573536576862335,0.93480626853107796,0.081266827007327513,-0.92491244186485477,0.35410532052344645,-0.13837050574663387,-0.15812663197712204,-0.027325121994054145,0.98704068100944153,11.381917003028452,18.902897156943723,-0.68471695474554717,,0.171826626528256,0.4285714285714285,True,4
0.94276599029127328,0.28319779431656633,0.17604345158041912,-0.30373764493338085,0.94718372577800225,0.10289039154180585,-0.13760716042575338,-0.15047258526234752,0.97899043431691768,2.9401498423415684,-2.7472461360633322,-3.1615378842335571,,0.3047618785790033,0.3091397849462366,False,4
0.20185621380685467,-0.97919591048090038,0.020722882160640929,0.96912933450162742,0.19663322342268691,-0.14874040626150739,0.14157119041668031,0.050107328245338804,0.98865911905981008,9.0334340426515762,13.529671140036077,-1.307857546086306,0.2160410100239355,0.2317639654521978,0.7361111111111112,True,5
0.98981232524999496,-0.13463235491177375,0.046321591014444621,0.13857532108611026,0.98565513066724675,-0.096337136013146085,-0.032687018357151432,0.10177471395314325,0.99427031859081261,-9.1318334797631824,-15.050710822257619,-4.4692393511789836,,0.1059175531791308,0.4583333333333333,False,3
-0.048923096090108184,-0.99875127847283152,0.010120000881649448,0.98657913614144532,-0.049902191279174737,-0.15547147466959416,0.1557823443120549,0.0023780358330369906,0.98778854323494736,12.081774289452875,-7.6621843230569331,-3.8731583593839973,0.3715182527537389,0.324115152014698,0.6794871794871795,True,5
0.97108092783180333,0.22382537490896454,0.083090511781947249,-0.21773908038405781,0.97301653414003242,-0.076344725840259448,-0.097936328677510009,0.056044855579981873,0.99361333006768271,6.9383324025381858,-7.1740747437437351,-3.7334175820331241,,0.2384189330477084,0.1886792452830189,False,5
0.54978538267910138,-0.8253036429885241,-0.12887951684525265,0.83087884492174857,0.55618711709450763,-0.017211503118623808,0.085885843151802657,-0.097620631261901347,0.99151088460900538,5.7642152477093447,0.46155633768760373,-2.8533848753277078,,0.5334152868962434,0.3453237410071943,False,2
-0.94242888946764869,0.29444398972650343,0.15852610261629965,-0.33050788025979655,-0.89230781671060033,-0.30749195326599699,0.050914922988755211,-0.34218342617827174,0.93825272366561696,6.4605076468761551,8.1701994533904507,-1.9439998339980475,,0.3281942698253446,0.4,False,5
0.29370757658239233,0.92168732535444975,0.25343309519291257,-0.94209474237046509,0.32399707581590803,-0.08650659663094229,-0.16184361543176767,-0.21335034366905178,0.96347717928359478,-1.224765095768269,5.9734453084761325,-2.1060468570208717,,0.2806461014072097,0.2254901960784314,False,5
0.83455720675416123,-0.54969579803181123,0.036725989174769665,0.54962465206485545,0.82616998634697458,-0.12391890695946813,0.03777579247721595,0.12360292587804274,0.99161247784460038,8.302979796280562,-16.25090043559284,-4.6878184935605196,0.3507530214736787,0.3244559804543929,0.9175257731958762,True,5
-0.39601089554935653,-0.91597653679733548,-0.064516312998781633,0.90438013950810114,-0.37690332747268995,-0.20010108696187059,0.15897148759920632,-0.13758948279855648,0.97764881238291368,5.621629718627732,-10.717568625750022,-4.104014455518449,,0.2195718374554413,0.3653846153846154,False,6
0.54585052918622912,-0.83772767201017828,0.016110472852215334,0.83223497446414219,0.53984241570902258,-0.12631355224249149,0.097119241480683849,0.08235601829772507,0.99185953601523758,6.4667065098777483,-10.216668949128355,-4.0413250626037787,0.1878086507977657,0.1932582243314939,0.85,True,5
-0.97399772221694136,-0.22573899805393813,0.019244268596552497,0.21404154361107991,-0.94470538978234153,-0.24843096450479446,0.074260721278467903,-0.23785212059975508,0.96845842141075056,2.2392946735963597,4.6090191681914208,-2.2952323866197251,,0.3886842456053827,0.3346774193548387,False,5
0.56197721451810367,0.82149673979891735,0.096564573536180337,-0.81166221743275646,0.57016966988037421,-0.12692908390375723,-0.15933001962786275,-0.0070465628682564417,0.98720022832104826,6.9311165037601183,-3.5495891578934615,-3.2809732079561096,,0.08639987321851568,0.1458333333333333,False,5
-0.99833712496704052,-0.034993645029709239,0.045808620586946625,0.010083632416652706,-0.88842271241038095,-0.45891546545160988,0.056756543850290567,-0.45769042909035867,0.88729823951659759,0.62575463959728439,-19.285394763878514,-5.0308012054011293,,0.4413250676748111,0.1496062992125984,False,1
0.62737587941931272,-0.76169896889763544,-0.16190795750401946,0.77329293907178731,0.63388787515638889,0.014289580519942446,0.091747132405113924,-0.13416721846262511,0.98670239747628119,-6.4848438903146501,-2.8205504300481317,-3.052472078895458,,0.3398030408107827,0.2307692307692308,False,8
0.76018977457342296,-0.64921941658940019,0.025013111708240918,0.64683181839171866,0.75265720395187152,-0.12294605343570474,0.060992666363036949,0.10964160917585698,0.99209808597096749,12.456606526782725,-3.9921858213709749,-3.4749265843282542,,0.2125316663134168,0.782051282051282,True,5
0.99238142137328478,0.10678830398208961,0.061444061110637598,-0.10066337045639959,0.9903387225058744,-0.09537347930001383,-0.071035205085201128,0.088461702663137534,0.99354341968554238,15.694346970376698,18.008356000903536,-0.84604257736791999,,0.191543557586426,0.4,False,2
0.60085316351903062,-0.79927851279728213,0.011372548955201173,0.79704750845304784,0.5979734780891468,-0.084516204190423883,0.060751503339112681,0.059846290465939943,0.9963572031954725,3.0294669996547618,1.1073571659931531,-2.6897529479006441,,0.2662501577628067,0.5010438413361169,False,5
0.98798645421607556,0.13545628185751743,0.07439329264715093,-0.13204134123853353,0.99002883828356125,-0.049071209184538153,-0.080298508637937777,0.038658699826046646,0.99602091064308673,-10.633743206926315,-19.183024032916862,-4.9719770709179221,,0.239275621238862,0.6,False,3
-0.8883493379448133,-0.4512588526478864,-0.084858126775960691,0.45727881214573507,-0.85270656038194537,-0.25256209106708261,0.041611798033698175,-0.26316718980242404,0.96385242048557274,3.9752406616773253,-15.736032896137528,-4.5899266785102517,,0.1989867198207442,0.3888888888888889,False,4
0.051295662343394985,-0.99750979297598252,-0.04840421409098708,0.98759998372385371,0.057867663173487287,-0.14593699225173984,0.1483746176857651,-0.040318066370468822,0.98810901541821283,3.4327835727227241,-15.58649768157424,-4.558762553414736,,0.1482229621885026,0.1842105263157895,False,4
0.84975591478325951,0.50920143512293314,0.13648730255819333,-0.50653099029247806,0.8603833717964956,-0.056274411675428529,-0.14608641676825371,-0.02131553435500718,0.98904216635640618,-15.197999017952865,12.612048781547337,-1.2077717671350729,,0.2448211520021269,0.5263157894736842,False,4
-0.89654201357629293,0.4335507278072096,0.090808503513743893,-0.43772442345763835,-0.83570894198562651,-0.33164422713797281,-0.06789511765395867,-0.337082083034836,0.93902391998055701,3.9617522616569247,-5.3308321534250469,-3.476215968239238,,0.5077861873804341,0.4798850574712644,False,5
-0.22019468600214326,-0.97316745189434928,-0.066778820219271909,0.96144826164221697,-0.20496340982002667,-0.18332277769035649,0.1647165457432179,-0.10457108208490577,0.98078200857785669,-13.719221049073861,-1.334780389558061,-2.8870313014201803,,0.1923585803149502,0.2916666666666667,False,1
-0.92178293468596684,0.35877811896735756,0.14695061303707635,-0.3868179253630129,-0.87669513226121287,-0.28596772140811655,0.026231925960220531,-0.3204432967308572,0.94690441948523929,-7.5848523881307894,-16.14503943382034,-4.6305669789209292,,0.3586543884017577,0.3043478260869565,False,2
-0.49202908391490979,0.85497757700995891,0.16407535888132965,-0.86318062662478412,-0.45458750813497578,-0.21970298875363742,-0.11325452044621549,-0.24972693138269211,0.96167035586040828,5.426510010563204,-17.845257603270994,-4.9059378491989918,,0.1434753878857466,0.1818181818181818,False,3
-0.70578135125001285,-0.70808604941290754,0.022064243801399937,0.69127198988092964,-0.69516672451907446,-0.19719599673289745,0.15497006237904748,-0.12392486331742576,0.98011576255970456,-2.5024384918078981,17.446576579160151,-0.75481079792194627,0.2467244448360004,0.1435885595438202,0.3333333333333333,True,4
0.84769997921853368,-0.52711541711356391,-0.059616124279342389,0.52946840083126345,0.84765319317093257,0.033871472189808099,0.032679622918278597,-0.060277700257342665,0.99764655118814694,-4.8676598058316047,-6.0304736026762509,-3.4665100257756563,,0.4014633400122463,0.2264150943396226,False,5
0.020254113488209449,-0.99952670018741629,0.023154837491593246,0.98753707824410164,0.016384985998559483,-0.15653131101134468,0.15607783308308082,0.026036663501346993,0.9874015404959664,15.327241001163854,7.9350825053470375,-2.1240201113950694,,0.229945151235894,0.9137931034482759,True,4
0.48918489016128081,-0.87123732310430724,-0.04054220107414637,0.8651641808918229,0.49060939769947332,-0.10389109197010996,0.11040418171281989,0.015746292230268345,0.99376202933163116,10.113185964673665,-2.7255969998317084,-3.2959508419706078,,0.1426477875168717,0.4117647058823529,False,2
0.72382065591834255,-0.68958418089221984,0.023607531195492415,0.68625442907871981,0.71592779458220379,-0.1284610894960109,0.071683447432309408,0.10918356290150825,0.9914335242245701,-4.1142770913612887,-4.4353143293801489,-3.2958903277222822,,0.08246781683424916,0.4893617021276596,False,3
0.64295041406451059,-0.76454904662614975,0.045601758270061007,0.7610452645310356,0.63103668286052028,-0.15034231014347993,0.086167687616423849,0.13136765274388432,0.98758172797161525,12.719206615040706,4.0491536879788406,-2.5450900661912694,,0.2108696582449572,0.9428571428571428,True,3
0.35225492202571462,-0.93554652849876074,0.02586818359636903,0.9272236491010859,0.34509871168054196,-0.14547571530704712,0.12717222360375929,0.075230128341961078,0.98902358583267747,-16.716834033918431,6.4115998264408782,-1.8771995222099072,0.2662550178637242,0.2263712171154884,0.9512195121951219,True,3
-0.89852526312327952,-0.42697470536326487,-0.1017101396577198,0.42341701451066749,-0.7821452559170986,-0.45712889918407906,0.11563037383020477,-0.45380766809996492,0.88356562689002172,-2.2697526961820906,0.23447488608734557,-2.7149210691810475,,0.4675000162401131,0.4968814968814969,False,4
-0.64235854423201633,-0.70714859589270762,-0.29549342459536393,0.75065059846410576,-0.50273861529140262,-0.42869285475776536,0.15459359520240251,-0.49718683411958353,0.8537599617577184,-5.3153204945714618,-4.1317587849064834,-3.2256151684729235,,0.5182606584922208,0.121580547112462,False,1
0.54150978270670702,0.81815884353994295,0.19334751606968498,-0.82247528509488899,0.5631939040991607,-0.07966826089243749,-0.17407343462175626,-0.11588241075731776,0.9778904367238983,-9.4206405292593463,15.191742421215233,-0.9910972144683321,,0.2507003053558391,0.6363636363636364,False,2
0.087050617579341544,-0.91708189696150666,-0.38907966310839159,0.98462898983397618,0.13856984203072839,-0.10632098221001474,0.15141975550626977,-0.37384380848833532,0.91504801212688169,-7.6719349744624123,-15.153992420242979,-4.4870205622225958,,0.1369838757320431,0.1428571428571428,False,1
0.75671573946533965,0.62673040663871382,0.18598464194630598,-0.63320447406107105,0.77340665143287424,-0.029903938677539571,-0.1625834667931082,-0.095137526317746773,0.98209748366018801,3.1295499662316035,14.869441509158648,-1.0798717608969297,,0.1844957058414481,0.125,False,2
0.3374346594576173,-0.94061244962907753,0.037229963732318155,0.93240602418649787,0.32852888571264088,-0.15062462386057776,0.12944827792385583,0.085539411122583953,0.98788974713140487,20.084793054716272,16.262818557207833,-1.2151145876223128,0.2589580594402862,0.2349318269668363,0.9230769230769231,True,2
-0.96052017481768781,0.23274984162628079,0.15240900561036699,-0.27805644280451203,-0.82134236168251629,-0.49807764406836091,0.0092524798352006804,-0.52079193170471538,0.85363350185437958,-2.4291551842498253,-0.89705132984041613,-2.8489446270847045,,0.4677146216136884,0.2,False,2
-0.55200587733068041,-0.83381224498467899,0.0068301907730811129,0.81828052303267074,-0.54326214583647603,-0.18783829888105294,0.16033245777997032,-0.098098832891928417,0.98217621737011973,-1.9634969110159268,18.731260387982161,-0.58382010929423445,,0.1544245503063936,0.24,False,1
0.56226593618172527,0.81344126527146854,0.14889702805375452,-0.81136928011493703,0.57744581490488156,-0.090753634277677908,-0.1598027167962337,-0.069782797324195789,0.98467936553080726,17.825958609017643,-7.461196446994129,-4.0783853885322463,,0.1712945755655396,0.5384615384615384,False,1
0.2997620394981752,-0.95400266386448507,0.0046515605296772768,0.94465191804044513,0.29613544124438279,-0.14119686321410796,0.13332469170563738,0.046719565264046747,0.98997061007038767,-11.668648481486729,20.95592101353186,-0.26827474525328271,,0.2486463682739382,1.0,True,1
0.96592587224303739,-0.2535512898314361,0.051951446142941012,0.25852422732726749,0.95476486207757549,-0.14693291675736986,-0.012346384748869517,0.15535701325271406,0.98778123348078906,-16.417143805966468,9.9172066141179531,-1.5564514002986094,,0.06510108492913112,0.5,False,1
0.57191747240078894,-0.82020217930605288,0.013371231218388336,0.81409246960686565,0.56550313015179809,-0.13213500943320824,0.10081594959176114,0.086455739254956976,0.99114153855934817,-17.763834057527799,6.0202929767674531,-1.9225306389105294,0.2587059602364365,0.2608766521112357,0.8235294117647058,True,2
-0.076651895981067267,-0.99585651665902808,-0.048931432333984115,0.9840751813199079,-0.06766883251423414,-0.16436838691290892,0.16037619634066289,-0.060751356642532284,0.98518462651088567,-8.3366213617907672,-6.6454364492981925,-3.5016624786702519,,0.1606658225587342,0.1875,False,1
0.0081592954007537119,0.99784161013578199,0.065157861998330346,-0.98754227956026785,0.01828052462130671,-0.15628841447938419,-0.15714220305020934,-0.063070940227651778,0.98555993451404389,7.0684309865356907,22.683314362760644,-0.23177946555602424,0.2817420647902613,0.274395696680867,0.8936170212765957,True,1
0.79745273621724067,0.5765818873819295,0.17782705261778459,-0.5875560587773675,0.80910259640443383,0.011439680310700945,-0.13728441751940754,-0.11360596654532,0.98399526069573151,4.24639297318949,-3.9589539998668775,-3.3075410718129974,,0.9034019471729337,0.5165394402035624,False,1
-0.29837697545893094,0.91033818401626065,0.28680232083781571,-0.94507014931356481,-0.23977144980950554,-0.22215324605479866,-0.13346757431082887,-0.33733372582388588,0.93187572348964998,7.9649170147851986,2.8101714540261264,-2.5990723876436275,,0.4169719675681625,0.5384615384615384,False,1
-0.9217670158573682,-0.38774267975647353,-0.001087553526163576,0.37183614916694452,-0.88315086520491626,-0.28597627079970667,0.10992473174905314,-0.26400788545624565,0.9582360824801065,5.0531321694189115,-5.5416295513315212,-3.4865350984598278,,0.5181020567249309,0.4391304347826087,False,1
