axis_00,axis_01,axis_02,axis_10,axis_11,axis_12,axis_20,axis_21,axis_22,location_x,location_y,location_z,dbh,dbh_approximation,score,reconstructed,number_clusters
-0.97594449611452427,0.21400131456941265,0.041662667537407237,-0.21569537328735833,-0.9755749584377601,-0.041581322869662783,0.031746597395569245,-0.049567507822436505,0.99826610466452192,13.395756269373109,3.9399579748117213,-2.1086644104077972,0.2132391081511881,0.1731537567485928,0.5535714285714286,True,5
0.71674875599365184,-0.68674277028491493,-0.1210602669869556,0.69529958300071559,0.6905651648099993,0.19919398341809655,-0.053195024772841604,-0.22694519297032636,0.97245368461797599,19.126591209455054,-9.8712524910784953,-3.042878563336989,,0.4358531672180578,0.2857142857142857,False,2
-0.4062055606394725,-0.91364086833248237,-0.016043884138210465,0.91355158821977045,-0.40564662886619085,-0.029568702214176779,0.020507027251840226,-0.02666788709596743,0.99943398262773209,7.3727253144670746,-19.628093937556027,-3.2356121491771686,,0.1526898641443152,0.3548387096774194,False,3
-0.77961312143437755,-0.62583818660436941,0.023020535942980827,0.62464084357045624,-0.77971290708124885,-0.043261981860489004,0.045024409279149503,-0.01934804172682569,0.99879850613144272,14.758228043496668,-8.3801225407278288,-2.8255141447835337,0.2989313430636004,0.2649350087777668,1.0,True,5
-0.86829268367965962,-0.49576685150900812,0.01682392383543025,0.49381538482179838,-0.867097226696673,-0.065488664425518692,0.047055086671626986,-0.04855541576162465,0.99771147653945635,15.06799534682251,17.940475835946426,-1.2856206562091519,,0.276055433880337,0.9545454545454546,False,1
-0.98999854746589155,0.13042045660149459,0.053790152586539353,-0.13355989634858401,-0.98924676426735014,-0.05960363641535274,0.045438200919281316,-0.066191720678917029,0.9967718023754405,-9.8752600800665764,16.960350300072598,-0.56008685819584347,0.5614735770651981,0.2529819297854982,0.8846153846153846,True,5
-0.19051780270619115,-0.96385920673539482,-0.18622136408967638,0.98025061235814437,-0.17653907538021343,-0.089121780925776523,0.053025501633531071,-0.19952289205831564,0.97845741436262712,14.355826670508684,-5.2647282577538022,-2.6961103199700021,,0.288049970914279,0.2637362637362637,False,5
-0.73079790901623398,-0.68219779889003418,0.023250362730327954,0.68115209871941562,-0.73104383739455669,-0.040083989541654146,0.044342243827241959,-0.013456262372318895,0.998925770222859,7.8745289453343839,11.027076829411399,-1.3870699775607374,0.2907076111142329,0.2613118924444336,0.8598130841121495,True,5
-0.73682024292694581,-0.67561106486597444,0.025409026816079847,0.67469173812749172,-0.73719304321112356,-0.03657151273363881,0.04343947646531221,-0.009803370429936703,0.9990079608354645,13.795448166102741,-13.395038284184464,-3.0168421824213234,0.1444837759842695,0.1866306869005647,0.7804878048780488,True,5
-0.90541878411841781,-0.42382395390722111,0.02429159237217466,0.42178269974046156,-0.90459475608017825,-0.061706413539360003,0.048126703244392083,-0.045624372507385005,0.9977986956636764,-2.3999620086728379,16.017660332780803,-0.94767970517816313,0.319108722234842,0.2664899225928551,0.9772727272727273,True,5
-0.92817882178420585,-0.37083058309660788,0.031124804120089413,0.36889566834798032,-0.92788744234745313,-0.054229882979767191,0.048990414015203099,-0.038853223471575306,0.99804326878171334,9.0392229655735736,-10.197512561884311,-2.7085379487967605,0.1850821675471951,0.1676861705993634,0.7123287671232876,True,5
-0.93721928021954082,-0.34707093629854141,0.034084981467226549,0.34500579973975698,-0.93700875927904648,-0.054640490300454113,0.050902052323045191,-0.039450604700019098,0.99792416087501656,8.3699662963948409,-15.918740044295019,-2.9836278465139445,,0.2054663960696756,0.8461538461538461,True,5
-0.82423335113851759,0.558267134573881,0.094748030721692064,-0.56543608354785913,-0.8204144281409369,-0.084865785333307256,0.030354872640629364,-0.12352316605741963,0.99187731557593539,4.1748635178290554,-9.2337672434000133,-2.58195313539564,0.2846129276275068,0.2600859514555472,0.8040201005025126,True,6
-0.89686555109955024,-0.44230299146115498,-0.00049698633173939424,0.43962049416443061,-0.89130150902718408,-0.11097495715920161,0.048641590861343162,-0.099748101487588559,0.993823078766085,16.800573343100631,11.631226184464378,-1.671541910298191,0.3166347760164583,0.228598177651656,0.6829268292682927,True,6
-0.96919756514528232,0.23770955128672172,0.064422425781111597,-0.24287117985505571,-0.96588654523721662,-0.089870861381920214,0.040861592140671414,-0.10274897058744956,0.9938676870343206,8.6625128127151498,-15.535298648116918,-2.9878826102142759,,0.2165542232938687,0.7931034482758621,False,7
-0.96684325760960343,-0.25252618916072628,0.038008407001752058,0.24936641321974135,-0.96568024857370327,-0.072650185633291064,0.055050042441136753,-0.060763322017410547,0.99663298737531147,3.588679967256835,-22.106553569629607,-3.475754230648779,0.2833202662313542,0.2381832315491115,0.4047619047619048,True,5
-0.85063672010232072,-0.52524532995139661,0.023119554014225677,0.52382976593646002,-0.85046247998448943,-0.048124281372166483,0.044939367291071126,-0.028825570295873709,0.99857375279174954,17.040477323565163,6.0416778354138136,-2.0490907187644285,0.2770839325532251,0.258130490570042,0.9069767441860465,True,5
-0.98487513015703065,0.16463253904648761,0.054010231301856212,-0.16788785407410467,-0.98381749065304358,-0.062584451260210394,0.042832773113183037,-0.070705531412020683,0.99657718284896502,3.6136900173994877,-16.563497863347543,-2.936408244860524,0.246776611218311,0.2314231197081773,0.9871794871794872,True,4
-0.73371748825601557,-0.67867523534798324,0.032535708884910725,0.67802990627745885,-0.73443842725785979,-0.029591261554416128,0.043978331262840495,0.00034855754387369542,0.99903242434216044,13.939458143638179,-3.8261458332745928,-2.6602184183275255,0.3238657754232869,0.2835567965446968,0.9916666666666667,True,4
-0.86972957472201429,0.48715934198279659,0.079033172609681596,-0.49201437559316713,-0.86840600514739996,-0.061586235747925634,0.038630571617941672,-0.092448827698472624,0.99496778500293559,12.488031969009064,2.4031337229116874,-2.2082098123997986,0.2051079186546457,0.2114348905259818,0.9743589743589743,True,5
0.20345766994395459,-0.97884844922089553,-0.021463690242512819,0.97905012481255638,0.20358345720321136,-0.0038247951197476274,0.0081135470354622014,-0.020235844707793344,0.99976231222399414,15.61020144172103,-21.586638828998129,-3.5341109703564952,,0.2700330988804882,0.35,False,3
0.48927977839788445,-0.87150936498048559,0.032813491161832874,0.87207003537031536,0.48933104952365108,-0.0069983841920045614,-0.0099575027056913561,0.032039830264730368,0.99943699021822963,3.9203503141052307,7.3866044651056519,-1.5649447282590707,0.30179326953486,0.2594096708087003,0.9825174825174825,True,5
0.82309738478129646,0.56571531726919466,0.049768212477502807,-0.56603006819744972,0.82433674398870838,-0.008882252331787896,-0.0460505924237853,-0.020859346037443886,0.9987212977704587,-39.171831035412218,6.8440773920833857,-0.084373818759052047,,0.2443809331367617,0.96,False,1
-0.99067513050302836,-0.13061991711712947,0.03874561981854667,0.12807545413255428,-0.9898146715066789,-0.062157816233087804,0.046470031757565103,-0.05661583985458981,0.99731398407222382,19.982129323366387,-9.1749659706251094,-3.0296741792964732,0.2811405752220154,0.3015555293142821,0.8813559322033898,True,4
0.16859999497619785,-0.98551497363870388,0.018283282744934147,0.98560304788525088,0.168318514878249,-0.0159846660423234,0.012675712734597396,0.020715073813186827,0.99970506251773295,-2.544508919864116,18.339859294473882,-0.83823089856450905,,0.1462802261060888,0.6129032258064516,False,2
-0.47906647285717413,-0.87737569600780008,0.026593281839868817,0.87708817802092476,-0.47967131677905628,-0.025134753537288577,0.034808656396369521,0.011283435393284268,0.99933029651142102,11.664188301813823,-17.44571987822717,-3.1346798859596703,0.2263437255812351,0.2356020484690316,0.9305555555555556,True,5
-0.29397367771881983,0.88089123947475334,0.3709583548393322,-0.95581330250074292,-0.27067100694373536,-0.11470892189663073,-0.0006384129497821675,-0.38828833386633804,0.92153771610944313,26.679766415906506,-4.670810899451677,-3.0429667902376361,,0.3862688093962091,0.1636363636363636,False,1
-0.91519734832255772,-0.40184295557991623,0.030594977923772432,0.40018474459520637,-0.91513508133691412,-0.048784762987522282,0.047602350956944248,-0.032404042298404018,0.99834062034262361,9.7702092163381931,9.0195079757837036,-1.5726428663535312,0.2586483375135732,0.2399195343422307,0.9923664122137404,True,5
-0.98082026061368754,0.18808204108078141,0.051154297889679949,-0.19049048206024749,-0.98055608553137641,-0.047150178916304061,0.041291556208907995,-0.055990257637129948,0.99757711402957505,8.4510512294711653,14.567509359868328,-1.2497994108969306,0.308511941515653,0.2915234509331081,0.9900990099009901,True,5
-0.28536441837102317,-0.95832702065536346,-0.013284209031135568,0.95838661556634774,-0.28521324139771004,-0.012186141091154866,0.0078894759679974339,-0.016208899198490553,0.99983750067484667,9.3972245287551317,-22.605865920313992,-3.5237146021799455,,0.2502805688991047,0.8604651162790697,False,5
-0.89177325631946636,0.44790073274423448,0.064229221702836931,-0.45116293379341565,-0.89100185489031181,-0.05067249503369755,0.034532108019817084,-0.074166220000752126,0.99664783415532809,-8.8021565048156614,19.09864096403572,-0.46206955120765147,0.3697662006501804,0.3229544111822931,1.0,True,5
-0.87924141463549677,-0.47562570383118397,0.026734334569281214,0.47412299351506293,-0.87915529039583695,-0.047889063358228956,0.046280901137369657,-0.029430685077037312,0.99849482370506593,9.4496368124846306,1.7766868431892247,-2.1036166285117539,0.2172098542979901,0.2037628310703107,0.9573170731707317,True,5
0.88037903784823135,-0.47402246607629561,0.015344424797619572,0.47114151483230204,0.87782290091383142,0.086328602634060086,-0.054391384602218269,-0.068772496582375275,0.99614854363939165,18.639528562900352,-13.49796214643729,-3.2390626606068222,,0.2259329226117768,0.55,False,5
-0.84537298794217408,0.52759122286346127,0.083618256470468152,-0.53326387648097995,-0.84267116324275948,-0.074397235698480141,0.031211364888478456,-0.10748400902708483,0.99371677982474782,10.111511155995107,-13.15438393553036,-2.873165035509559,0.2239638147646192,0.1974695292592357,0.7605633802816901,True,5
0.84422384881369295,-0.53109658459141462,-0.072266942162588596,0.53241123383415145,0.81537239135570716,0.2273898447646098,-0.061841500478181703,-0.23044366177053197,0.97111860633415792,24.607417875559122,-4.2391183749597561,-2.9353260538599839,,0.3676625101338172,0.2424242424242424,False,2
-0.97658137224292363,-0.21193659773938253,0.037036494526114107,0.20976584683382871,-0.97620025780814279,-0.055057662113476853,0.047823769092517253,-0.045999295581239677,0.99779604725405435,29.015478890740269,-12.146708162524311,-3.524594501642174,,0.2132620506352464,0.2777777777777778,False,1
-0.85847611743979257,-0.51228634599919176,0.024113388154672351,0.51089047593306325,-0.85835422552937202,-0.047105680302504324,0.044829425452368933,-0.028119801184754753,0.99859881804203132,15.28027491805941,7.8233586160933761,-1.8879545202597798,0.2370745805709247,0.2337935271407661,0.9692307692307692,True,4
-0.65352961002266474,-0.7442856350224295,-0.13761519655504661,0.75590923248806363,-0.63249108044561941,-0.16898599171540976,0.038733461798961075,-0.21446194687168418,0.97596403226813477,-0.16624831212192928,18.294751943806144,-0.84866808535818739,0.590114656320153,0.2520173321100803,0.3333333333333333,True,2
-0.21459352095518075,-0.97219952736376547,-0.093689379108475523,0.9767021878678217,-0.21344973573720957,-0.022182121808516576,0.0015674751260779576,-0.096266761176371951,0.99535433575905152,24.757219666974283,-1.9187554583475668,-2.8077393400831729,,0.2386593303232692,0.4736842105263158,False,3
-0.096514312487195705,0.96149840371088247,0.25730489141590235,-0.9952868221801543,-0.090777405773472,-0.034111643108594984,-0.0094408198613088884,-0.25938442949117774,0.96572800966829309,17.614352912928776,11.758988480448531,-1.7025875797320973,,0.2621732759785214,0.169811320754717,False,3
0.93042385947363881,-0.36589313207837582,-0.020824447653057736,0.36621299320697837,0.9260406421466697,0.091305929155610532,-0.01412392751908533,-0.092579398304698052,0.99560512738784956,24.048907752805288,-3.7204459694059615,-2.9020285152715193,,0.1902080322818763,0.3333333333333333,False,2
-0.67475822568356258,-0.70849550936702499,-0.206725542880243,0.73794782780395252,-0.64326925281469749,-0.20405311029888662,0.01159052681284875,-0.29023917997055715,0.95688394181228664,17.842400398413858,9.9960235483064181,-1.8084203674428838,,0.3291116913490388,0.2941176470588235,False,3
-0.28042488155962331,-0.95985354551022084,0.0065617812924755672,0.95949613520051513,-0.28049965913995822,-0.026212740368806768,0.027000969196428408,-0.0010547008231144572,0.9996348509674059,19.909194780949768,-4.3925132090999428,-2.8065365173872934,,0.2341735493171077,0.8653846153846154,False,1
0.60522183518002737,-0.79214372752741635,-0.078834289241998701,0.79589652296990554,0.60013794163439849,0.07989477914884377,-0.015976700089040865,-0.11109800155627678,0.9936810248286253,22.398773627430458,-13.286172153538891,-3.3972211702104289,,0.190826510466841,0.391304347826087,False,1
-0.99855639058525292,0.0072782632010418612,0.053218058083042974,-0.013677936868837207,-0.99257059481006948,-0.12089883523590494,0.051942746022576439,-0.1214522177778683,0.99123726217917829,26.843970787072305,6.4744002574505091,-2.397992313965486,,0.1595559842769979,0.2857142857142857,False,2
-0.91432577458705155,0.38323303841717088,0.13092293989722159,-0.40338286425640119,-0.89049577283774062,-0.21047456706789247,0.03592551669899835,-0.245254392057835,0.96879287798076419,22.636355984544597,-2.7349382904019892,-2.8095101857131213,,0.2357484226847022,0.2105263157894737,False,1
-0.99879786633684475,-0.018781996045257449,0.045277575305246287,0.016945869181364013,-0.99903173187900007,-0.040600938616414492,0.04599630114100927,-0.039784862993375948,0.9981490394514958,30.104469027326495,1.9821287604458175,-2.7611909504453243,0.2703222572823166,0.2849618533923294,0.9565217391304348,True,1
