axis_00,axis_01,axis_02,axis_10,axis_11,axis_12,axis_20,axis_21,axis_22,location_x,location_y,location_z,dbh,dbh_approximation,score,reconstructed,number_clusters
0.52580398880839907,0.85050476035205513,0.013107935446535898,-0.84564517963320041,0.52433736009780596,-0.099772556190549588,-0.091730014260924406,0.041376145593294882,0.99492392626749782,-3.0376932823339469,22.029185537711296,-0.29004155446860114,0.2627477474511039,0.233143698394969,0.5135135135135135,True,4
0.54579817831115862,-0.83273180820702242,-0.093070318321595583,0.83018729513515999,0.55246928533741513,-0.074610614224336527,0.11354912394372603,-0.036543458498454251,0.99286009693842769,-10.478679858177051,-5.6812819580873333,-2.1673445860499103,,0.07607397410977758,0.3611111111111111,False,2
0.86942354911130204,0.4940664848533336,0.0010003976104618574,-0.49166924641009846,0.86540077333941445,-0.096658438007607636,-0.048621439563573128,0.083545257484882729,0.99531710804474349,-17.240687325342726,2.8538985862230986,-1.5108366120292671,0.2757119093587492,0.2359410894466844,0.95,True,5
0.4020991678025107,0.91550583662774709,0.012857774031948892,-0.90949656843128823,0.40099932568349433,-0.10961538584110227,-0.10550948423833395,0.032382154065335907,0.9938909119384528,-0.93412710037483115,8.360365651551712,-1.215075147520799,0.2215812889525245,0.1910421938848375,0.8740740740740741,True,5
0.95967216547571199,0.28103388375046934,-0.0070207546093915734,-0.28076696248374783,0.95690871704877112,-0.074132449128065006,-0.014115508804407055,0.073114043932770892,0.9972236905484092,-8.6507103934064276,-3.9094049646962565,-2.0554979632735972,,0.1854237699835302,0.7176470588235294,False,6
0.65728920261071888,0.75361461685577769,0.0059927783778244122,-0.74929936232952077,0.65433625429576725,-0.10195357731222635,-0.080754998259799649,0.062522600517777541,0.99477110667758906,-15.262223496392101,12.868174648323114,-0.70575342680029496,0.4189318444494466,0.3472590346857243,0.9852941176470589,True,5
0.95135676297283323,0.30806772585917586,0.0038191399304581567,-0.30699478833327654,0.94894266175903552,-0.072539814101528308,-0.025971320375744376,0.067838786675714899,0.99735820523035157,-19.174214496911972,-3.4737087744576449,-1.9539741696060207,0.2494476592336285,0.2376952777688472,0.9333333333333333,True,6
0.99939895387073163,0.03262485791365221,-0.011719626623804869,-0.033451865955632119,0.99630160218231312,-0.079146005287965338,0.0090941556053222416,0.079490478266709533,0.99679414133448663,-2.2564276067644342,0.56343912420990583,-1.8071107189102984,,0.2186223435278456,0.9076305220883534,False,2
0.91885867375631514,-0.39061435314342335,-0.055849483266469852,0.38777780159407166,0.92009263304074773,-0.055298491977755673,0.072987082786309221,0.029154309158168232,0.9969066716618239,-21.604417102294576,-7.2218653103403101,-2.2413193436711607,,0.2502207648456047,0.7454545454545455,False,2
0.94138660083575365,0.33730131469328251,-0.0043693103677554914,-0.33596608287763613,0.93633931401116666,-0.10195822768642453,-0.030299487169981949,0.097450049478092438,0.99477908549283189,-11.314121965338439,-1.6171427993075396,-1.8689620169742545,0.2254108490986957,0.2126423934174432,0.9404761904761905,True,5
0.63616727171193233,0.77154363496715117,0.0034090679476826142,-0.76676471135024327,0.63270592425943117,-0.10842089667124848,-0.085808390210834681,0.066359873031031247,0.9940992341918039,-6.5812759460722612,-0.742461497338885,-1.8574655312621728,0.1463185250231722,0.1206722265818611,0.7759336099585062,True,5
0.72300727818015731,0.68992002357858495,0.035648797509111492,-0.68679646704623309,0.72339262015717465,-0.070807697003580528,-0.074639725021824296,0.026711012101059722,0.99685276409367696,-14.627755062970429,-20.658712414263771,-3.6202838801008244,0.2110042124537916,0.2007622619909102,0.525,True,3
-0.16345811180108,0.98023066815029758,0.11148669384302062,-0.97898518002576229,-0.14719769662985785,-0.14114126043362085,-0.12194040747985255,-0.13221450497009063,0.98369195467847681,-25.925606727290383,3.691943975399,-1.4913226928545873,,0.1721288156181464,0.35,False,1
0.96879092359826935,0.24787927493709272,0.00010681888609585192,-0.24729680134272977,0.96654377761947285,-0.068098590225750336,-0.016983474299085366,0.065946880151690229,0.99767859082922694,-10.913028890933115,-27.611282477840025,-4.3362016362939881,0.2342451743770547,0.2569045155831307,0.6875,True,2
0.92801795997486913,0.37230610864473274,0.013070096782340033,-0.3709608178390737,0.92674884620735465,-0.059368743304063706,-0.034216042907516078,0.050246766255696157,0.99815055221574567,-8.8079138862610833,-4.3104786725383404,-2.0788811761000368,,0.2980280822453069,0.9117647058823529,False,5
0.99790430561310639,0.063522260243302001,-0.012325554446217041,-0.064309423935401552,0.99469743382467468,-0.080257791744505383,0.0071620410443711943,0.080882245246962595,0.99669793195927192,-13.910492847889991,3.4581296243038118,-1.4890688467082893,0.3672242307032778,0.328342912734492,0.9618320610687023,True,5
0.16613691374413722,0.98609143122773257,0.0047132951121215015,-0.97931279320343101,0.16555101496255617,-0.11635856011897372,-0.11552046987294681,0.014715661864434171,0.99319608856268859,-4.2768238971430934,14.61464686720649,-0.67232265771363486,0.3074395969400406,0.2678889381942826,0.9625,True,5
0.6030959199823438,0.79756267930275948,0.013003225909593387,-0.79256810010980272,0.60100043222821231,-0.10312268009435419,-0.09006174542496112,0.051886925568084476,0.9945836460379307,-14.515352120176113,-4.9075683657547087,-2.0582284261729145,0.1574137958428179,0.1773034902392265,0.7948717948717948,True,5
0.66878797826841219,0.74343536226632989,0.005148034147151947,-0.73890320266115028,0.66544393392523649,-0.10586041705567172,-0.082126105598310337,0.066994275382574103,0.99436767337098142,-7.707159275626557,2.6622400547306917,-1.5791983798492404,0.2862475159897864,0.2528090997423688,0.9827586206896551,True,5
0.66797842042548861,0.74415074196117381,0.0066710632212843395,-0.73968481299366329,0.66490015084389142,-0.10379868416458218,-0.081677458777788536,0.064400796939197244,0.99457595490801887,-9.4461394293886478,9.9110051554634069,-0.94911804321591786,0.2756176898139235,0.2366683775560323,0.9642857142857143,True,5
0.37187773081566033,0.928178128528795,0.013867769978615913,-0.9221130548892762,0.37108467717137728,-0.10956129047881248,-0.10683851050142544,0.027955752349012906,0.99388329726605151,-9.7048259590967145,14.846776463180724,-0.56186423608876712,0.2773290295852027,0.2469627479610081,0.8333333333333334,True,5
0.97525073224476333,-0.2196990699392582,-0.024866200431071763,0.21755267843387116,0.97357800852532639,-0.069402402135007715,0.039456829095886034,0.062275034995458674,0.99727878682643856,-11.05897198743277,-6.1582449128992103,-2.2125220947266526,0.2331772180696024,0.2072728076623875,0.9008264462809917,True,5
0.056011444433279912,0.99798375591760069,0.029851985144989091,-0.99112825044555486,0.059186341614107518,-0.1190032274145202,-0.12053011765210983,-0.022921603149370334,0.99244500646022282,-9.131386888598815,-4.2952313772888138,-2.0606649662567054,,0.1125025411962361,0.323943661971831,False,1
-0.16294847935355333,0.9865664453394164,0.011594912967081674,-0.979309644777271,-0.16029819211764451,-0.12351967151037749,-0.12000171966510083,-0.03148235274188254,0.99227438178321203,-7.0124805205254219,-20.604468516852474,-3.5823292001642302,0.2446369920915502,0.2315239150165052,1.0,True,5
0.93093499760911935,0.36518427513590385,0.00068950705098912591,-0.36366344863418754,0.92722694435779329,-0.089437630695360593,-0.03330054585135972,0.083009872005530547,0.99599218611173213,-10.86101352481354,-9.2887146912331584,-2.4772788422259784,0.1435184058855384,0.1679597781831203,0.8939393939393939,True,5
0.94627247613319165,0.32335299908027854,-0.0033524466509965104,-0.32260961138295963,0.94328481106006767,-0.078337755052775335,-0.022168436031756944,0.075210392959765282,0.996921239233443,-16.822447501519743,-9.4388751455748281,-2.3837599640528118,0.3014269133746459,0.2338964290429182,0.9636363636363636,True,5
0.70178772592016925,0.7122094119735205,0.015866355729348205,-0.70816032216584623,0.69987404813584231,-0.093194822044545253,-0.077478680020784702,0.054167058645283137,0.99552146330451163,1.2142376387969189,14.223427048485792,-0.7855839874937065,0.2995471611138155,0.2589518889593376,0.9647058823529412,True,5
0.99860099809945901,0.052512952487727346,-0.0061997109437974133,-0.052811037959886009,0.99634764073703064,-0.067099724793426407,0.0026534627120873124,0.067333265320907859,0.99772701202125436,-6.4878142333646922,-11.578475086653652,-2.7558752355808962,0.3417738989696056,0.2605511956251632,0.9788359788359788,True,5
0.78910549374232286,0.61392282820860911,0.020280057939455694,-0.61129421747465851,0.78810952509637422,-0.072130133331452059,-0.060265242285500495,0.044521202327774789,0.9971890307838126,5.7087372224656008,14.595747025145178,-0.78546559064645594,0.2338213065538013,0.261900864310762,0.86,True,5
-0.92564411841170269,0.37771771394605119,0.022633926331751451,-0.37491458714730597,-0.90739298997361639,-0.18993950113366842,-0.051205648067252134,-0.18430217122462425,0.98153486503939458,5.9645418124195455,20.020368033514014,-0.34551430446459436,,0.1805068021271531,0.35,False,4
0.99415497159753552,0.10757284461900384,-0.0091638173529946833,-0.10796044093857696,0.99002984973602104,-0.090473420538964136,-0.00066003049279410309,0.090933930588355708,0.99585670888311095,-3.8493330427132633,-4.7454835983775894,-2.1580756791839155,0.2485744818377122,0.2072274847128128,0.9522058823529411,True,5
0.47093277269430139,0.88142975344573504,0.036109740279431486,-0.87537238514738192,0.4719841421250478,-0.10466210825254085,-0.10929552106029369,0.01767934735994179,0.99385206633235179,-22.761310306869024,-2.5416178229813133,-1.9126707869174226,0.2076159260355277,0.2254252265045308,0.8536585365853658,True,5
0.87210438226335363,0.48931982985113887,0.00022483662264313233,-0.48705388652755338,0.86810982526539726,-0.095727962978886194,-0.047036773438020721,0.083375268468138683,0.99540750778382525,-17.35642608471785,-14.033087556449669,-2.7666853469950365,0.331197799354585,0.2599871048211764,0.7222222222222222,True,4
-0.75137904136418532,0.65972802395185559,0.013728459899702838,-0.65371816658273185,-0.74137758591100167,-0.15169651870918982,-0.089900472069671805,-0.12295612844163353,0.98833177405175798,-20.006772133602571,16.453306201151438,-0.48527284760361111,,0.3207852537344077,0.8958333333333334,False,1
0.77657304813598849,0.61614233506697447,0.13154057870861222,-0.62575178241395846,0.77858693269337076,0.047297939118778873,-0.073273513048949315,-0.11904205633869815,0.99018179194939782,-8.3705517764463,16.093322490317096,-0.54702438616487203,,0.2475871103950624,0.3333333333333333,False,2
-0.074679085333671125,0.99707876234324733,0.016030467796829897,-0.98970639008172501,-0.072139728997307251,-0.12360065101607273,-0.12208315053736206,-0.025095839979048445,0.99220255148362668,-4.7538152424837534,29.370489448179551,0.21121072655248777,0.3489956983581771,0.3187153194003255,0.90625,True,2
0.051114373910352402,0.97937346545005177,0.19548640861223404,-0.98985420838949156,0.07566634436665369,-0.12026325483621841,-0.13257438256830359,-0.18735586327239304,0.97330458417912025,-8.0648976328408715,0.80008313780005058,-1.6850192112396878,,0.2705513556170235,0.2016129032258064,False,3
-0.35903720879870238,-0.90241782643298707,-0.23818973368724242,0.9269738558131666,-0.31506889285208595,-0.20359534227440304,0.10868189056557423,-0.29389395926579259,0.94963918799203362,17.717311831186795,15.184006620387974,-1.0632464966747026,,0.4041768667595059,0.2916666666666667,False,1
-0.83261809966652822,-0.55160135228266205,-0.049830194336750754,0.551350663118786,-0.81696932948323853,-0.16903715852493378,0.052531384773057452,-0.16821730839496549,0.98434922195843622,17.764689492705436,13.45519184601236,-1.1905504377175573,,0.1423484517127893,0.3,False,3
-0.61791027110916896,0.78364563558976563,0.06392507081658641,-0.7802536334091873,-0.60114774487401901,-0.1727010607513555,-0.096908020357219862,-0.1565915280402923,0.98289772048593704,22.978508383685149,9.37045426459105,-1.5565967180769891,,0.1404537117006212,0.5217391304347826,False,2
0.99957264485394248,0.029166661141061069,-0.0019579421790882883,-0.027533085267879356,0.96185817288858488,0.27215948350749242,0.0098212461187885871,-0.27198926656270062,0.96225016601679969,18.906584729754091,14.742427359810227,-1.0937466456564733,,0.4425821836289518,0.2,False,1
0.85663999852148065,-0.5060467706981141,-0.10042200356061468,0.51061185311692048,0.85945482849918697,0.024757488280082895,0.073779728853000506,-0.072484920055445254,0.99463686236482018,25.816689614989084,0.12465043150322089,-2.2272269664022533,,0.2926873111634236,0.3870967741935484,False,1
0.41080442219208785,0.91038547160200656,0.049376308118536133,-0.906842937346514,0.41360186118649611,-0.081051757586207029,-0.094210475490635076,-0.011480135846684834,0.9954861087874457,9.5529238164470271,21.671946248501747,-0.3478852740279812,0.3157634195916742,0.1961610406953724,0.5483870967741935,True,3
-0.74150891081118608,0.61675629074724247,0.26415187489645231,-0.66472715120205672,-0.62184167939952695,-0.41406610609463645,-0.091117230216938544,-0.48262263061866367,0.87107579852290384,-17.398864307495764,-12.453628893153043,-2.6094062624943399,,0.2189767667085896,0.4,False,1
0.95475993799352932,0.29733219259085802,-0.0051988509985118623,-0.29643401654116414,0.9501932919035283,-0.096226721126772455,-0.023671388634060375,0.093414534579205871,0.99534586455637897,-24.232327891301914,13.906708207230619,-0.71749916577157902,,0.2306412380565622,0.8484848484848485,False,1
0.42851313863186169,0.90315023886645196,0.02638439037269788,-0.89730732718272987,0.42880060722011043,-0.10473585743119618,-0.10590585726981293,0.021205784190469836,0.99415002092883897,-20.96288602574699,3.9774308898448969,-1.4217998846657725,0.3443030225560532,0.2547101793301451,0.7674418604651163,True,2
0.48003655729633282,0.87716964841839418,0.011760593209331555,-0.87114968112712055,0.47823448000095653,-0.11131044519869385,-0.10326246525820068,0.043187845880128181,0.99371609287413354,-13.665596414070109,18.081588276182703,-0.41608605759528211,0.2364903523909358,0.2930979481324726,0.9710144927536232,True,2
0.87843764718723372,0.46921111480539907,0.090488837694116753,-0.47557958646234272,0.87689895422416797,0.069801726489167354,-0.046597821241607676,-0.10435110839677701,0.99344828211231007,-29.6721703585699,-8.0736203961430721,-2.4266779255616049,,0.2040719421341043,0.1764705882352941,False,1
-0.99820509180473482,0.058792788619731487,-0.011401872715337387,-0.056423077075548181,-0.98706878520299768,-0.15003882714552919,-0.020075633699286825,-0.14912619248205466,0.98861435739492354,-22.842306795370042,-11.764232768309064,-2.6232005161476581,,0.1472740796166091,0.35,False,1
0.48200601103652213,-0.8421568164266694,-0.24174801316816821,0.86889290202251868,0.49493083197021392,0.0082822931702478536,0.11267355563549948,-0.21404524781309395,0.97030371623996414,11.143146523860413,19.494449669058501,-0.6112548441643697,,0.2315464144843962,0.3478260869565217,False,1
0.22311354261500826,0.9734734538314751,0.050693015171724524,-0.96792729657072729,0.22740349456373912,-0.10679138173787324,-0.11548634401982577,-0.025240549629897552,0.9929883277256164,-10.312888266141206,29.287851561486512,0.22502094960512539,,0.2041495184017358,0.4166666666666667,False,1
0.21754053362555995,0.94086843556886601,0.25969732994411443,-0.96916815706204673,0.23976298944226759,-0.056804860977420588,-0.11571170885810839,-0.23933302288631761,0.96401789640505875,10.705076363076172,20.0234252283113,-0.5568536549040618,,0.3400093299851944,0.2068965517241379,False,1
-0.93327386284255076,0.34621231345322306,0.095587294910518331,-0.35481575876538435,-0.84742623024987773,-0.3949361487838583,-0.055728576750962058,-0.40249946372367801,0.91372233607122855,0.98371481652497506,16.139957317215035,-0.63342421679307426,,0.1828937410718368,0.3428571428571429,False,1
