axis_00,axis_01,axis_02,axis_10,axis_11,axis_12,axis_20,axis_21,axis_22,location_x,location_y,location_z,dbh,dbh_approximation,score,reconstructed,number_clusters
-0.64014073377675762,0.76822493612518983,-0.00709143675166524,-0.76249005652226642,-0.63643681959699128,-0.11643491042611975,-0.093961453077451046,-0.069127578987806013,0.99317300766727401,-4.5484814570052858,-11.326738986033076,-3.3992392028634435,0.1882863382212643,0.2197543618629512,0.9423076923076923,True,5
-0.88838051476840041,-0.44375210662693138,-0.11774603536422515,0.45811258352725004,-0.83992681799653457,-0.29095669991290107,0.03021459570838865,-0.312421203304734,0.94946304295206863,14.950080372241194,5.8807706720084099,-1.6806742193668696,,0.3948479773242917,0.275,False,3
-0.86208099955379403,0.5067213215029156,-0.0070606333051393957,-0.50160053315224584,-0.85518845719979408,-0.13057414680409857,-0.072202876325764193,-0.10902387356251073,0.99141340501513875,19.239426615537827,8.0476903163378832,-1.3083748100521206,,0.2156395371616903,0.975,False,5
0.91491361909811131,0.3914344796569168,0.098550077242556683,-0.40363584043185946,0.88921837704961093,0.21533412696579737,-0.0033433378025066541,-0.236790468670034,0.97155498868533574,-8.3129293361973708,-3.9874229592415107,-2.4509379313398822,,0.2776870072931085,0.2413793103448276,False,5
-0.99538131276120456,0.089242537308284256,-0.035380951662748947,-0.082487636174285908,-0.98360865259535668,-0.1603427841155543,-0.049110407086084419,-0.1566837198764699,0.98642707781240069,-8.5168039406688045,9.8130024710453743,-0.82637048165514138,0.2086141427292823,0.2200561211552912,0.8860759493670886,True,5
-0.804250973378145,-0.55908402850351746,-0.20150786806619833,0.59211962711734789,-0.72489338008704141,-0.35202831517989769,0.050741689001443088,-0.40243587884067011,0.91404083301514372,-4.7862885070448593,-7.3158483309296258,-2.8317638236747769,,0.3675940643483361,0.1769230769230769,False,5
-0.63286347192647174,0.77351269392936173,0.034087215071273734,-0.76901136212241084,-0.62284195318851654,-0.14383819477089579,-0.090029721913422581,-0.11724339503126487,0.98901397133394231,22.225900607946038,-7.7170883134580688,-3.3519034317187804,0.1935595195624991,0.2430705161382158,0.5,True,5
-0.34743142199420751,0.93756418062148494,-0.016273113612522434,-0.93222611278790446,-0.34722258695006269,-0.10193600810341356,-0.10122194251957434,-0.020245550801824316,0.99465784872251117,-7.3213962600791795,-23.545893889130348,-5.1364822390788323,,0.3056021661687764,0.847457627118644,True,2
0.61875019343960458,0.77091726213271083,0.15111178995782323,-0.78406061602243926,0.61800315160199304,0.057628595441132538,-0.048960683420121623,-0.15413850769943768,0.98683543305012378,13.234845502682168,7.1854134486062415,-1.4031584573383062,,0.4662605526196374,0.7058823529411765,False,5
0.044578625656654242,0.99885943774158992,0.017104670973734231,-0.99417140492813683,0.046038782176762022,-0.097486656312013101,-0.098162944932289914,-0.012659153614538725,0.99508983618163072,-10.915080593119708,-10.974844338880601,-3.3589019435546268,,0.2958722881744281,0.9534883720930233,True,5
-0.88541523101258568,0.46460672683458426,-0.013433468315540965,-0.46003473634455488,-0.88009823376234719,-0.11745271510184273,-0.066392093259112106,-0.097814560820220622,0.99298761404371094,11.765619616866999,-5.3334049529802181,-3.0505800933049425,0.2739793874037151,0.2429792841327219,0.9281045751633987,True,5
-0.74864254045078471,0.66297383311817282,-0.00020791342589157981,-0.6565039210752569,-0.741380226989378,-0.13913288842682753,-0.092395607256018517,-0.10402430307277373,0.99027369758568018,-3.0123497046432823,-19.552923088530559,-4.6658721231055704,0.3470938028340831,0.30965939169081,0.9120879120879121,True,5
-0.91273642444273739,-0.40689853332448123,-0.0366851887533894,0.40820203863815679,-0.90457802163155399,-0.12292151330339271,0.016831968011455124,-0.12716991137658826,0.99173811991539929,-1.0715424276740477,15.344556011564743,-0.078210779158991134,0.2541407131104691,0.248645896950399,0.782608695652174,True,5
0.016874897699676109,-0.97087868086793738,-0.23897661991031716,0.99375143973023317,0.042660198922183395,-0.10314156999973305,0.11033274156711391,-0.23574285665541264,0.96553197340856123,-4.3509453310579964,-9.0159029342765713,-3.0610264356083565,,0.6034155688063552,0.4065934065934066,False,6
-0.48176015665185296,0.87623290746604898,0.011092490088993061,-0.87008623263366014,-0.47679887048691716,-0.12495112998193475,-0.10419740516991978,-0.069847898865981195,0.99210088790397755,10.773769330027093,18.867126834259011,0.098151842628106611,0.2906127895884677,0.2842708260470265,0.8983050847457628,True,5
-0.66417465385534058,0.74756041765520576,-0.0050449114276334391,-0.74146340348335005,-0.65958903218467257,-0.12318413013279791,-0.095415148016577772,-0.078075159794017149,0.99237100872209738,-15.237268049344346,9.304528879114299,-0.96631907393488004,,0.2231281638257297,0.4117647058823529,True,5
-0.5734504163221199,0.7582242634687244,0.31024278606810268,-0.81313984351074986,-0.48065985041897202,-0.32828296192541867,-0.099790855870172515,-0.44052477170134574,0.89217695027509902,-5.2900796677012094,-7.2515573384006515,-2.7973134011312171,,0.2619623860648848,0.3097345132743363,False,3
-0.59719835363540286,0.80209353584487275,-0.00029354903361287067,-0.7964392869671435,-0.5930317850805612,-0.11831214671128344,-0.095071491996462726,-0.070422025248028139,0.99297640947281984,-3.8528555315891109,-7.0571930624642727,-2.8080299549839904,0.240559101648912,0.2228724623006878,0.9684813753581661,True,5
0.32571423760405221,0.94299975811776282,0.068276581723551708,-0.94308821796666786,0.32916682249898543,-0.047263263729636851,-0.067043631721937377,-0.048996521874141961,0.99654628206108431,14.858572641969289,8.903903443393947,-1.1580641414152293,,0.2158317543170479,0.9014084507042254,True,5
-0.64216043882281504,0.76655632654432282,0.0046226665209975707,-0.76051674881846243,-0.63632143614047487,-0.12926447568733224,-0.096146999836119587,-0.08652414774499935,0.9915993779140424,6.4879761281983681,12.339065899321668,-0.66396019856569732,,0.2584607329039774,0.963855421686747,False,5
0.98826382640085575,-0.14904394825343201,-0.033474033467271021,0.14692428287869733,0.98740195940940434,-0.058742026310392159,0.041807469764627188,0.053134471329811597,0.9977118138161849,-23.825417275818385,9.7785175319149502,-1.0335775007621399,,0.1989682034064664,0.2380952380952381,False,2
0.35606465273058352,0.9344279815763662,0.0078936888061241495,-0.93068983711084952,0.35537310012560541,-0.086754750911392425,-0.083871271448751922,0.023543724306817775,0.99619842545114223,-3.7804821592589808,-2.1146108291351582,-2.238380745565467,0.2708690519083637,0.23522854348434,0.8911174785100286,True,5
-0.40950101447891318,0.88377493319969092,0.22638636573041171,-0.90809560044243032,-0.37103728866693636,-0.19414868239519856,-0.087585955482851169,-0.28508454512051584,0.95449227473855724,-0.23916153683343055,8.7514141547877884,-0.96983958087773703,,0.669010961392779,0.2666666666666667,False,4
-0.18702333943409671,0.98221822244306634,0.016420536157622182,-0.97705501072360057,-0.18425415430402067,-0.10683591456817099,-0.10191063009728681,-0.036024576645607959,0.99414106310456807,4.5022633894803867,14.594436092873629,-0.32769539518020402,0.2137526025163071,0.1988073447132095,0.8970588235294118,True,5
-0.23527133617520313,0.97114319513026737,0.039093387247866783,-0.9664542333940046,-0.22949309356045505,-0.11532187460694929,-0.10302239139693488,-0.064913901132418184,0.9925585989303749,29.353873687156025,4.5252728484405838,-1.8262025500032313,,0.1310694717406967,0.1538461538461539,False,1
-0.55016388437967167,0.81376667153309412,0.18735929287393646,-0.83070818778316724,-0.51047776598745842,-0.22211789028005202,-0.085109382997873906,-0.27784213995433432,0.95684906761271293,5.0652296040173868,9.0780168771301053,-1.081363272461729,,0.6006378455371717,0.4297872340425532,False,5
-0.49117566407663643,0.8709999921852587,0.010270376436816126,-0.86568754457575825,-0.48680441947803821,-0.1166470417243602,-0.096599907791206113,-0.066185125140993839,0.99312032857292809,-12.637596541263616,-3.5838235721630975,-2.4590017664588855,0.3252915978095019,0.2579713892590778,0.9345794392523364,True,5
0.21791734057655693,0.97592759206462742,-0.008795892392474719,-0.97143564271512406,0.21602921697987829,-0.098204732440527312,-0.093940538313849201,0.029945157505008774,0.99512736009181513,-4.5341009017540328,9.0512574428059569,-0.88428190647563898,0.248867856344722,0.217273154048975,1.0,True,5
0.015141509288157605,0.99849306130403115,0.0527479025571614,-0.99622320120615282,0.019575969345276768,-0.084593822485790005,-0.085498936104732928,-0.051267806193516216,0.99501836363609997,-2.1232647922979067,11.596952999125753,-0.60455147627191064,,0.1419368057277524,0.2222222222222222,False,4
-0.46049443681886498,0.88737960594128973,0.022412242599940364,-0.88194562231477169,-0.45452182152673876,-0.12482721272153392,-0.10058226950456023,-0.077248616269145406,0.99192532901716701,15.816039928080727,-6.3618207123750272,-3.1979550124908629,0.2590792296954809,0.2628003341487952,0.9577464788732394,True,5
0.23296696744469195,-0.97143906012838821,-0.045083750248830233,0.96715362697256901,0.23628829507205973,-0.0937107434915848,0.10168703906314822,-0.021771404842459669,0.99457817793160741,-12.011692397048215,9.0882884602581768,-0.94589275284136831,,0.1898824436180984,0.875,True,5
-0.84906978210752659,0.52822827480612689,-0.0074427687872141261,-0.52205164372304214,-0.84113210167395669,-0.14127586071095993,-0.080886255927363801,-0.11606755459169238,0.98994228941547746,0.0043469628163241422,17.55085050124524,0.1695431213472397,0.356373456276196,0.2081923373449869,0.4166666666666667,True,5
-0.96216520411312556,0.26769687084780636,0.050759288137644236,-0.26307555126505167,-0.86424944321759356,-0.42879383650499114,-0.070918081760131563,-0.42592403693190722,0.90197524380832683,13.994241043268532,6.8631127807139913,-1.5118918275443731,,0.2370067062035324,0.3098591549295774,False,5
-0.82312873592855806,0.56773459197126874,0.011684056139580894,-0.56182588630982211,-0.81122684338507489,-0.16205765037070083,-0.082527314028986068,-0.13995871409350083,0.98671211646987311,-1.8992567956552175,21.128398266531217,0.57007340377244342,0.241454590969166,0.1916886810927027,0.6,True,3
0.18161385605623281,0.98289585217513198,0.030531149099030805,-0.9788077842231413,0.18367133804793989,-0.090554741034712491,-0.094613576364972252,-0.013438130695920989,0.99542337113955126,5.1238156049826076,19.619729422661724,0.37517932143916277,0.1984806665391503,0.1505732773211024,0.8604651162790697,True,5
0.12303856395888378,0.96967107340488912,0.21118598717894946,-0.98917779776054116,0.13696936618405933,-0.05259921239662213,-0.079929945555739873,-0.20242875815691017,0.97602961106439234,-7.0763186861537797,-5.5955610502490174,-2.638567871849717,,0.469224858331361,0.4402985074626866,False,4
0.86717775898970528,0.4977156705601008,-0.016788257577964025,-0.49736273295133482,0.86387481016892598,-0.079690803903485818,-0.025160409074066234,0.077455946411579935,0.99667824807242278,-13.22185606258375,8.5796908714830522,-1.019619414813248,,0.1707701454354877,0.8135593220338984,True,5
0.090895667609474942,0.99584750314701365,-0.00507228604159675,-0.99106505697736158,0.089957565775778348,-0.098476846000253193,-0.097611630701924551,0.013978084116089015,0.99512641544487002,11.012491621273025,9.6466093605892453,-1.0819422936149707,0.3922800154255019,0.2112186518866092,0.9634146341463414,True,5
-0.89662111483335294,0.44243349747084953,-0.017977117419366487,-0.43626654043756874,-0.8896138119497069,-0.13512502093598253,-0.0757765275638385,-0.11331313208991371,0.99066545915679483,11.739308270678187,13.307798608808055,-0.65088966525165448,0.2427597241615389,0.2171150242057164,0.9821428571428571,True,5
0.97049193382541676,0.2405508263528216,-0.016754292607498181,-0.24113093130009045,0.96846188042677273,-0.062749184302199612,0.0011315255870184375,0.06493755539912946,0.99788868795503993,10.629547268920055,7.2028952575774143,-1.4217984337753995,,0.3029690077229734,0.4583333333333333,False,1
-0.68983981724017529,0.72396196193587814,-0.00032283122092348425,-0.71831118341328704,-0.68451084437309084,-0.12439432350008164,-0.090277739966429682,-0.085580264112667198,0.99223280940561565,-3.4721415356988379,9.5353520969834964,-0.85192174244543806,0.2913949236311887,0.2386642087071475,0.9791666666666666,True,5
-0.10270740542627295,0.99460910545094194,0.014279923833185873,-0.9891968273157774,-0.10061787812898866,-0.10660994057414047,-0.10459840199068511,-0.025075285739117516,0.9941983727335798,-14.575110403976348,10.275084220000325,-0.85379872197805873,,0.1986368556049802,0.8867924528301887,True,5
-0.1888939625095056,0.98198181929992956,0.0055477465570132811,-0.97667759844609026,-0.18728038933491037,-0.10500916371510327,-0.10207810549299226,-0.025253956818046524,0.9944557798333703,8.9029091088841099,-15.852856010809354,-4.35684229640448,0.2752434500910473,0.2736533596216889,0.9523809523809523,True,5
0.99643151127279017,-0.057441000461128815,-0.061844763793290278,0.077369277166486741,0.91445714218914864,0.39721798807454634,0.033737787321616489,-0.40058540483307631,0.91563808087112741,-5.5927163296712532,-6.5467951626171041,-2.7528146649848639,,0.5987276470896942,0.2421875,False,1
-0.622306634946036,0.78092957720674716,0.053697742464951674,-0.77823366349702483,-0.6098624317026361,-0.14973369493119376,-0.084183235279603849,-0.13496966267068658,0.98726712345566348,29.706842822380622,4.918897190194679,-1.7649633397235338,,0.248972564476119,0.4375,False,2
-0.27027694689507853,0.96260745665600378,0.018364541032488028,-0.9588200009997272,-0.26738676463935418,-0.09575240873514039,-0.087261547430455999,-0.043487957941913097,0.99523576094013211,4.569176973445404,-22.350287049368607,-5.3428322075449772,0.265217676315578,0.2203306130293413,0.88,True,5
-0.66169038485001652,0.74977713684566516,-0.00028224201245651427,-0.74409334955238604,-0.65672052116596036,-0.12265090391603344,-0.092146197691211712,-0.080946909409969375,0.99244983556249622,-2.7712413101528024,12.936089618520107,-0.39370145432596554,0.1424196844841699,0.1254892918696482,0.4680851063829787,True,5
-0.34804163950722017,0.93747895007828075,0.00048510746374983961,-0.93194161443035439,-0.34592963621513878,-0.10870839011321713,-0.10174401437957868,-0.038287138156133785,0.99407356397287905,14.127698896809962,14.074759963100606,-0.56343759344049271,0.2693583680615094,0.2859029613904229,0.9482758620689655,True,5
-0.59889100959537511,0.80068933870549697,0.015038002167427443,-0.79547343232249401,-0.5926115075092363,-0.12662392995284183,-0.092474737603865653,-0.087796264447788055,0.99183680051413237,12.106428520308379,17.349010759442088,-0.15442632196173842,0.2427930468106633,0.2132335670583857,0.7142857142857143,True,5
-0.24085962897928598,0.9700419448746801,0.031705903420504715,-0.96469483122709254,-0.23569038572984027,-0.11753265366804322,-0.10653882734333892,-0.058895392504582061,0.99256274915495324,23.34759119411498,-11.18278141536795,-3.8469204510557162,0.2497246210698416,0.1874369744778386,0.46875,True,4
0.45225809967185521,0.89188515650769618,-0.0018651762505418421,-0.88836065415039778,0.45028313662385216,-0.089779981230028325,-0.079233575198151482,0.042260672893704533,0.99595987674599185,-6.495248206305499,8.2962497208167072,-1.0011288944785202,0.1660689042510103,0.1419708664967125,0.5,True,5
-0.85409457222503005,0.51974889345720332,-0.019584418443149287,-0.5147665904938602,-0.85009527130915175,-0.11114579168437749,-0.074416523750240951,-0.084847613094495636,0.9936111228972313,2.6199099157936439,-11.19727611706708,-3.6556356808559114,0.2417586677152395,0.2157490026695433,0.9308176100628931,True,5
0.17609644227058921,0.9843550579383048,0.0059298339706189999,-0.98040880349901227,0.17592418578766722,-0.088596043233224009,-0.088253164483081931,0.0097877865845396855,0.99604998779805165,18.361867950216453,-17.733578349661595,-4.719408117554921,0.2543967381031064,0.2382113869515979,0.9545454545454546,True,4
0.46122561580513677,0.88721412942032585,0.011046261001150654,-0.88373736145451487,0.46045882657698561,-0.083581965738776243,-0.079241449346820855,0.028788150066976138,0.99643967961996371,-14.866033468009045,12.206017574729634,-0.63737930675779952,,0.2399249553159245,0.6197183098591549,True,5
-0.82131687407484932,0.57029496037801941,-0.014221481194028596,-0.56507501311829267,-0.81671464263684601,-0.11690775017906861,-0.078286792687402976,-0.087982104259918745,0.99304094951855693,-0.42922687531961212,-8.693531644339096,-3.2364429320847039,0.2446801380061883,0.2331882421251711,0.956989247311828,True,5
-0.8372768015928963,0.54677296678482012,0.0026230340630285002,-0.54013205989706803,-0.82634275027715087,-0.15942087986128028,-0.084999502267485011,-0.13489618918902185,0.98720722381704595,12.825347255786193,19.546328224150699,0.17037795987803009,0.2277596944855107,0.1772979304658435,0.2413793103448276,True,5
-0.91454732436507502,0.4041675192619662,-0.015868455196112553,-0.3990942634327963,-0.90805785307359688,-0.12710115800575775,-0.065779635083486818,-0.10990701453955948,0.99176281830046675,2.6829327386222506,10.945710198426957,-0.73771676930759278,0.1261123591679146,0.1245665031332979,0.625,True,5
0.9982381538885241,0.058920146044488808,0.0070003222303595698,-0.059209787458695887,0.98153541438179326,0.1818857646531446,0.003845671635594751,-0.18197979751735946,0.98329474935301731,11.25976724979741,7.201526773629519,-1.406171880441655,,0.4893686762171844,0.4375,False,4
-0.88375402093076505,0.46788486949915775,-0.0079107131451014948,-0.46309613542147587,-0.87688791774129327,-0.12887803954528607,-0.067236893491610078,-0.11023306497189615,0.99162889809671373,16.269131527288188,-11.234208439215683,-3.7246445383918161,0.2607045141298726,0.275256275110676,0.7857142857142857,True,5
-0.13044703329209376,0.98898326144722126,0.069969136642588997,-0.97686362643217617,-0.11614359475141059,-0.17957761762535557,-0.16947279091072315,-0.091775672023897553,0.98125236262925386,-0.3725323833131452,9.2528545909729587,-0.93035851924103208,,0.238738927882004,0.3529411764705883,False,4
-0.87912268425148898,-0.46304142686325483,-0.11285363548817606,0.47614730112015391,-0.843050316272415,-0.25009980381634717,0.020665276926542801,-0.27360336482109049,0.9616205827082358,0.8968509681955843,6.8239398511512155,-1.2157181133363699,,0.5038402396063595,0.3822393822393823,False,5
0.16651394487959079,0.98602562269635541,0.0051553415893623288,-0.98191444809741613,0.16629285871844568,-0.090502495859486387,-0.090095076325989454,0.010007823215539523,0.99588288503031452,-7.1846693477260688,-8.0251441516459874,-2.9235037195093101,0.1892829197634314,0.1831938620977273,0.8620689655172413,True,5
-0.5929787563001967,0.80273334285554743,0.063208977563555591,-0.79952780938445167,-0.57765556865644219,-0.16452758437752216,-0.095558759920648495,-0.14809869772607931,0.98434511180493356,12.655933469140825,14.209447368960838,-0.54480574437154272,,0.1132235459594763,0.2727272727272727,False,2
0.82224948020080657,-0.50273798815505311,-0.26675889408848902,0.56376274650714675,0.78369036860287278,0.26076995956170451,0.077957411194976636,-0.36480669048813236,0.92781394719786014,-8.9630789869367362,-1.8618843421387701,-2.2277391518562122,,0.6850914109453006,0.3591549295774648,False,1
0.21713684078936357,0.97612997633283261,0.0046756471722674492,-0.9715747164302897,0.21658135393814118,-0.095577651779722217,-0.094308868964794637,0.016210688781990921,0.99541099592268723,11.782300231443074,-9.7339915844412364,-3.5125415383242933,0.2364067963574596,0.2282706738490135,0.9675324675324676,True,5
0.25772456293770934,-0.95811808570303969,-0.12485104527920211,0.96073015744004198,0.26786517536381155,-0.072427980867526026,0.10283780551819907,-0.10128169467409767,0.98952837457050402,4.5261657902234766,12.556154865557662,-0.57517688479573736,0.2273645302385523,0.1649413745988526,0.5362318840579711,True,6
-0.66113453158087576,0.75026076043054413,0.0031500015109972761,-0.74468993493266933,-0.65570292963950616,-0.12446111389565603,-0.091312824736257583,-0.084631314655700896,0.99221948611097877,15.084838448451,-16.346044694091052,-4.5157991732841785,0.2817059937797615,0.2571213866900672,1.0,True,5
-0.84097136373947246,-0.53944258586235427,-0.042057840271588036,0.54011949522727176,-0.83231068959929388,-0.12461880618184029,0.032219501014309052,-0.12751710684016643,0.99131291286732681,-19.214604999748598,11.787223355657478,-0.74189039424546466,,0.09014197299909481,0.2727272727272727,False,1
0.98347031797355333,-0.17907221024850303,-0.026819343424412848,0.17600439081448579,0.98020342994283605,-0.090684565072149143,0.042527497916318185,0.084465255845341522,0.99551847420123818,11.78287675050735,-22.158647847551538,-5.3796001171025081,0.2093303938740736,0.2324566464582885,0.9090909090909091,True,3
-0.6738988880285226,0.73880316246521105,0.0054932545293201827,-0.73328025069471647,-0.66791510990637804,-0.12723788704566463,-0.090334725632033722,-0.08977356565356194,0.99185701804989546,4.8729797101029462,-3.4009411844468955,-2.6347704529093177,0.3067340950460525,0.2670380517277114,0.9117174959871589,True,5
-0.61584306219586937,0.78786685181175153,0.0017738549700354986,-0.78216457667363382,-0.61111229327242322,-0.12149213969749555,-0.094635605044668225,-0.076207537865752212,0.99259080865695604,1.8739429891452439,-6.997646310936652,-3.1183815517603457,0.2923387547460085,0.253448015883392,0.9330855018587361,True,5
-0.8114503049597247,-0.54265114720675245,-0.21697496403033584,0.5837965204924489,-0.73548366591292025,-0.34386828850041118,0.027018979286415199,-0.40570125660452139,0.91360629657847281,-9.1558325761978843,-1.3513732833850094,-2.1651421629440528,0.7104421412108937,0.4212957270690875,0.261437908496732,True,5
-0.95063100772614206,0.31029681324899705,-0.0040712205905369184,-0.30534883183908196,-0.93765093329784133,-0.16605064944225789,-0.055342371146237294,-0.1566097537613943,0.9861088210652551,5.5568114706503504,-14.264542117913722,-4.1350707480248392,0.253204732100031,0.2212176046764366,0.8571428571428571,True,5
-0.48977725986240245,0.87178800706366277,-0.010193451900398892,-0.86613954224183942,-0.48787308662601575,-0.10854558816968642,-0.099601852828025347,-0.044334208981026101,0.9940392088983474,0.23562105057324001,-27.899551710507314,-6.171990673529181,0.2376164459863579,0.2578253663862335,0.9545454545454546,True,2
0.99460284572012803,-0.075364403650618986,-0.071311892050418435,0.078866767530473614,0.99574618738064091,0.047639933839301596,0.067418189420350036,-0.053006952178986454,0.99631573848653876,-7.0497784100864829,-6.910173256588056,-2.7837661320452671,,0.3639274143559088,0.1568627450980392,False,3
-0.61446707660864164,0.78892889753385964,0.0046267050954386943,-0.78326552198131671,-0.60933285268861037,-0.12332313939280827,-0.094473984987230045,-0.079401947522531255,0.99235578140617653,7.9801417289826553,-11.400541289532333,-3.7253190888969465,0.2860552769115553,0.2694066107167027,0.9786096256684492,True,5
-0.73196403936473176,0.6812437298919447,-0.011645838732202853,-0.67579808575146927,-0.72807706959833296,-0.11489442118638669,-0.08675017216994714,-0.076228349109867435,0.99330944142319966,13.360891465545478,10.727906167094945,-0.97290856474906207,0.3501160864050504,0.2411736182270458,0.9753086419753086,True,5
-0.75564123775273595,0.65498387775957612,0.0015619483162538444,-0.64947138191801834,-0.74896853373463579,-0.13127474831394831,-0.084812993562388264,-0.10021105403307265,0.99134479409162546,-20.49290976167088,11.768997098988086,-0.75605089530437342,,0.195431865278363,0.696969696969697,False,1
-0.33771332834431089,-0.93604896540760929,-0.098803047614700559,0.93802521613969347,-0.32601689153957719,-0.11756564258725558,0.077835735653299806,-0.13238323455111956,0.98813778263210539,23.549343242359637,7.1899259604458932,-1.5086569899654867,,0.1735245864660943,0.2222222222222222,False,4
-0.62005130925389262,0.7837748517057519,0.035119164656350378,-0.77778484135393278,-0.6082090947897516,-0.15853213420334988,-0.10289370463041581,-0.12561321128232303,0.98672904421567076,-9.8089670171081913,14.393025326082247,-0.28115907923621675,,0.1757936463238746,0.4081632653061225,False,4
-0.98844619383694021,-0.1387900650559003,-0.060921586741045107,0.15119998946239124,-0.93101714640008737,-0.33218313668157962,-0.010615322691303764,-0.33755650038300111,0.94124541113003146,-9.5316858438528644,-11.258981280090889,-3.3943252835471629,,0.2679855029746889,0.2666666666666667,False,1
0.12807138802886564,0.99135745850275381,0.028427258737354247,-0.98706416052013113,0.13019943012141194,-0.093554537104027405,-0.096447201022367646,-0.016077868858164319,0.99520823928860758,-5.1502828208369147,10.748830057363049,-0.68404078946451619,0.1362080773053102,0.1962101306825595,0.2631578947368421,True,4
-0.48043854871209823,0.87702438084286849,0.0026526060009481327,-0.87134512866763747,-0.47697929327936872,-0.11510178334801319,-0.099681832139020404,-0.057610669063094477,0.99335016139904586,-18.537719827337007,10.797576011134408,-0.84676353015233463,,0.11671706633859,0.7857142857142857,False,4
-0.31150227897616911,0.89927878130676808,0.30702443499511223,-0.94466565238085021,-0.25810121269049963,-0.20246127832145527,-0.10282575263287473,-0.35310258778308107,0.92991689257501664,26.451542807326675,-8.1931605758819419,-3.4432111147250493,,0.3728776286390071,0.2888888888888889,False,1
0.99385779600267976,-0.095127057482558189,-0.056546655598785849,0.09827092659287906,0.99360027277877028,0.055689522538197769,0.050887192016013383,-0.060904358371675793,0.996845601294434,-22.04532660859104,12.04218718768043,-0.77079711428140096,,0.2164807255766251,0.4642857142857143,False,3
-0.1179114216315907,0.99302017191162406,-0.002799075816639505,-0.98785893609260889,-0.11758476596213542,-0.10153100607996735,-0.10115146578669906,-0.0092065732083065743,0.99482843745992888,-12.417837574443398,13.535666988005879,-0.39674206492965569,,0.1216867546444173,0.3333333333333333,False,3
-0.96569966707344845,0.25674168680441134,0.038831163658297106,-0.255581697492063,-0.91343176152494943,-0.3167339781970121,-0.045849197608110584,-0.31579443201908292,0.94771922412940346,16.89900588827556,8.6916020398881617,-1.1933446210490455,,0.2458629174541437,0.4262295081967213,False,2
-0.019770758891011188,-0.94062318727136807,-0.33887628518432361,0.99486900157959901,0.015128109053111103,-0.10003404426739067,0.099220898952219708,-0.3391152604704345,0.93549775698671978,-8.4382430393489756,-2.4499284225970084,-2.3068893145732909,,0.3364456916992364,0.6349206349206349,False,1
-0.41553201806321211,-0.9063673802361818,-0.07636304085167446,0.90558277217258665,-0.40438533862175946,-0.12803257652635991,0.085164456838093719,-0.12235468912781881,0.98882574063376116,-5.6864174830182534,-9.2092955083809294,-3.1176264575466415,,0.09995235059359057,0.5,False,3
-0.93464590106118095,0.355565903044468,0.0031509080763201702,-0.3511754394513818,-0.92164217466249154,-0.16508032169075576,-0.0557929238852235,-0.15539816754249866,0.98627509304897876,-3.7009717408302296,21.796766894364019,0.61435244006817546,0.1916302219324312,0.171103054411423,0.5,True,4
-0.98473602485512401,0.17262311290346333,-0.022276046418664153,-0.16733987032053155,-0.97416667172168703,-0.15164650839303431,-0.047878274338534609,-0.14560410913916244,0.98818374518515251,2.7821160379057206,20.724837320614377,0.54682724651607817,,0.2340734437715526,0.972972972972973,True,3
-0.82043324823868302,0.56719609119030867,0.071957482744735457,-0.56601395002215216,-0.78798370244549465,-0.24230124444709555,-0.080730995069085654,-0.23952093607600422,0.96752892856825212,17.582257257766788,-28.598007138502702,-6.3008553601730206,,0.2108609838300967,0.3846153846153846,False,2
0.54354866446537498,0.81366838975169631,0.20615188788072986,-0.83648003317810637,0.54547117069711304,0.052558120520770052,-0.069685030331211081,-0.20100983423007684,0.97710748799225533,11.843058537761618,9.055378288996069,-1.1333398184055454,,0.3339159204160259,0.3035714285714285,False,1
0.56564482601334676,0.82202497610724168,0.065733320775837822,-0.82189190692828729,0.56847249561731461,-0.036506370025053955,-0.067376732854261157,-0.033376045039981574,0.99716920103228945,16.615045393620246,22.395837051867336,0.43926070794756511,,0.1343749681280483,0.3333333333333333,False,2
-0.83660800904636812,0.54779524170953864,-0.0027225649415816393,-0.54283803605504044,-0.82968430391181835,-0.13019532424119273,-0.073579248510566769,-0.10744453919465008,0.99148462680258953,-7.0932651953937231,-16.52079262016564,-4.1291436172270188,,0.2632745151987785,0.9298245614035088,True,3
-0.18378725337328969,0.98220897093006931,0.038571789198834583,-0.97676060920279695,-0.17808408204431184,-0.11926764872428297,-0.11027673284644565,-0.059595277891221737,0.99211261711853271,1.6079290399553194,18.658118847672633,0.33897720866137176,,0.1727125413753491,0.4117647058823529,False,3
0.92631042046533474,0.37659248375902815,-0.01127413471357051,-0.37608379659248414,0.92243725158894907,-0.087581361154117465,-0.022582800488796035,0.085367546861971635,0.99609356943253624,-10.743431378838324,11.246632052456544,-0.7007962737632073,,0.1168213921014683,0.4864864864864865,False,3
-0.6620143739264901,-0.67050184182700157,-0.33490931432451465,0.7483848238645423,-0.56709998678008455,-0.34397348793659455,0.040707789475185156,-0.47835644147500206,0.87722174549848997,-5.7091916333046377,-5.5613150663030373,-2.644085121624153,,0.4728351645408824,0.2950819672131147,False,3
-0.5203454249576942,0.85113331810070492,0.06937372373227467,-0.84775257200146592,-0.50508400876339754,-0.16188181107337885,-0.10274344451349461,-0.14304621249925337,0.98436861271533926,-3.622386691126342,17.293670368461601,0.14132341927689532,,0.1443847162050034,0.2272727272727273,False,2
-0.99782287149195392,0.062015829950642601,-0.022440008090154819,-0.057772604561550082,-0.98604528458201335,-0.15613142834084751,-0.031809484273216289,-0.15449509244345408,0.98748135330301912,-5.1605384405702184,-27.249230191567509,-5.6026634117122764,0.4051636983244193,0.3013384229184216,0.926829268292683,True,1
-0.8961843603967522,0.42519489375561864,0.12673947492558266,-0.44006116332220824,-0.81541528916173378,-0.37609051933914972,-0.056566462818254962,-0.39281956229983578,0.91787418895990114,-5.4585478248613413,-3.838282607875982,-2.4299277924033214,,0.3791184841104387,0.2619047619047619,False,2
-0.35206162541455366,0.93596762703900194,-0.0041488607403700464,-0.93035311684735933,-0.35042804845249659,-0.10790394260720632,-0.10244847428276856,-0.034128931901762825,0.99415266741299768,-14.945158282373241,15.342930985204788,-0.24512349579195142,,0.1697689455697465,0.7666666666666667,False,1
-0.54622493061504718,0.83532914635988653,0.062157400333754415,-0.8319728572537598,-0.53241840734244605,-0.15605064663739499,-0.09725990935427907,-0.13695202358708372,0.98579138425317991,-4.8708681602916357,23.707368731380896,0.81844253458931826,,0.3041779481409184,0.7777777777777778,False,2
0.87261799216008795,0.48572159553798328,0.051111362597107024,-0.48578576253780781,0.87399558785384268,-0.01199605466714164,-0.050497848212154334,-0.014361199116098247,0.99862091069929526,-1.4449922560547088,-1.5692519345471372,-2.2058515448849243,,0.1535194461733503,0.1698717948717949,False,2
-0.98442073762337168,-0.17203707980180283,-0.036318790044873733,0.17553377443188747,-0.97353763548659644,-0.14632964950706895,-0.010183583394403053,-0.15042511580329429,0.98856895518967891,4.0408529554032189,20.055829020143481,0.44647293809681415,0.2086923237359946,0.1425660885047632,0.8809523809523809,True,2
0.99629319738402433,0.085203678838707594,-0.011840521891715626,-0.084216300046564094,0.99414856060514811,0.067648017363256721,0.017535097740957069,-0.066400094571188367,0.99763898670217976,-8.9240411031849156,19.275153162513423,0.24964439075344461,,0.3525257183578419,0.24,False,1
-0.28871710770193243,0.95132071577542021,0.10784863215068637,-0.95186294989521414,-0.27310295930439288,-0.13918224827888698,-0.10295317545861962,-0.14284141330764843,0.98437643932962005,-7.4073665683622743,-10.305807921941369,-3.2918991032903429,,0.2455386747100891,0.3428571428571429,False,1
-0.88066813702884428,-0.4655729766492322,-0.087552474757249837,0.47310152815336437,-0.85479774556353716,-0.21329734700283209,0.024465822714487058,-0.22926538681944275,0.97305642484155808,-16.282100927970422,-1.8835547955876277,-2.3030857680215311,,0.1994807223462152,0.36,False,1
-0.88442977722148952,0.46666456528109562,-0.0028552889438504436,-0.46149521040204655,-0.87550890877510767,-0.14320028432720258,-0.069326329341151405,-0.1253328933936608,0.98968961088497609,1.6328996983013209,24.417453009071412,0.9620850407792183,0.2792174965001015,0.1747396718191798,0.5,True,1
-0.43759585791231087,0.89562958299547213,0.0797340278761028,-0.89348329490378986,-0.42315577958611883,-0.15042203273036003,-0.10098250772216989,-0.13706508040424639,0.98540128722664111,18.370854241376339,-24.232072942594556,-5.6207640375644434,,0.1350243705010557,0.375,False,1
