axis_00,axis_01,axis_02,axis_10,axis_11,axis_12,axis_20,axis_21,axis_22,location_x,location_y,location_z,dbh,dbh_approximation,score,reconstructed,number_clusters
0.26687302949675412,0.96312532143441532,0.034181886125233728,-0.95535029648227721,0.26905317573301735,-0.12213189443876855,-0.1268250651032716,-6.1966377013562834e-05,0.99192509748555036,-13.454489762030558,8.7100461977013577,-1.3208635951418028,,0.3493467417243786,0.8939393939393939,True,5
-0.10705779852634176,0.99386208897673922,0.027870699120857073,-0.98576046139357854,-0.10244569742738252,-0.1333461354210789,-0.12967243549734367,-0.041749576924913802,0.9906775622263676,-12.645218691771026,-7.0331695114136998,-3.436863822514395,0.1856585161033755,0.20185255443252,0.9693877551020408,True,5
0.4245478850091014,0.90440679204259655,0.042514089917552858,-0.89785296186430619,0.42659441199435544,-0.10898287262997844,-0.11670112341271935,0.0080970465238333553,0.99313407233454609,3.5218646938958611,-11.375492634774202,-4.5485183824161224,,0.1310977582288883,0.7674418604651163,True,3
0.94529132415160333,-0.31680460214058798,-0.077840584184943759,0.31934992649518601,0.94737098991889945,0.022446200293261026,0.066632851741681057,-0.046076583235192883,0.99671310393018464,7.2094900525825789,7.8495858251770771,-2.0934022139197759,,0.3874578134813598,0.3189655172413793,False,6
-0.69458029921142816,0.71908250729670264,0.021875914775192493,-0.71306256703360082,-0.68409655990817686,-0.15347205679618264,-0.095393833358427244,-0.12219756307589283,0.98791081183247453,-5.2816077869022511,0.70671538163474312,-2.6098638052177119,,0.07368018939106348,0.1428571428571428,False,5
0.18663037801028196,0.98128084907675039,0.047507865022040893,-0.97256324139334482,0.19137620704148423,-0.13227202602548382,-0.13888788101994565,-0.021518424980191707,0.99007429715762363,8.5443831354666333,-5.6111336273058354,-3.9399362611985884,,0.1577546450092569,0.6517857142857143,False,6
0.60834045062545072,-0.79003932897000684,-0.075893048518576853,0.78861907197533532,0.61247172805718686,-0.054390639336221999,0.089453090777139282,-0.02676267944849544,0.99563140947800177,-9.2253793572166707,0.66300946611990941,-2.4993426101892138,,0.1697351891651026,0.3636363636363636,False,5
-0.97570531089654133,0.21905523854264852,0.0037348032486991846,-0.21714093565593373,-0.96463051098554542,-0.14945832642656856,-0.029136924181333828,-0.14663826152402523,0.98876097207892599,1.8864999900198991,-4.0735943495130353,-3.4682481836222676,0.3840545385601462,0.3626108096734374,0.9991423670668954,True,5
-0.29605979609830346,0.95504415185132474,0.015468197982099186,-0.94680907801742231,-0.29129205434801925,-0.13675346012992809,-0.12609982917525364,-0.055132631791826328,0.99048433909561495,4.4790080415649083,-6.6102811029438904,-3.920991159959974,0.2554062224475847,0.2035621005630142,0.9418604651162791,True,5
-0.12511492107049094,0.99170484749184251,0.029457630364746006,-0.9835524050536204,-0.12007846270647626,-0.13492897875285484,-0.13027249532715568,-0.045854751719211884,0.99041729523772226,2.9445586758260682,1.7371854563703741,-2.7349059160823712,,0.3056707935194459,0.9709302325581395,False,5
-0.082169131720246355,0.99629657007789396,0.025325446558050371,-0.98801155513901395,-0.078100780048674698,-0.13316694435022206,-0.13069583277261523,-0.03596404602950546,0.9907699968655993,8.9806191298700959,1.5730212889423594,-2.9888111156783208,0.3545570804181563,0.3025389253964164,0.984,True,5
0.36443880016795566,0.93022391561756279,0.043218372774442404,-0.92324395142005178,0.36698916880818072,-0.11375216984202938,-0.12167566354218133,0.0015546030395097131,0.99256869591527985,-4.9658126544684302,-13.82466903197669,-4.5188784110913769,,0.2928250270678425,0.9731182795698925,True,5
0.15156299551760119,0.98681511901162122,0.056785379102479619,-0.98022270616915042,0.15744933103459094,-0.11988809143191639,-0.12724820116669372,-0.037491719710364371,0.99116207870004802,12.945624639375851,9.2341610209792915,-2.0982451824949977,,0.09077791181518943,0.3125,True,5
0.018478330881425926,0.99869724684398398,0.04756427686913163,-0.99140869336085824,0.024463106879283186,-0.1284926423198183,-0.12948881811319668,-0.044781308020865572,0.99056916993998367,5.5702186370312248,13.853964982298447,-1.140991386525807,,0.2548802568921945,0.9072164948453608,True,5
0.82550611377571492,0.56372569839612119,0.027440719500802117,-0.56244272025750264,0.82571898129914367,-0.042969179089723128,-0.046881153444180049,0.020037487120635796,0.99869948260807329,6.6852169538192436,-4.1341910683574996,-3.6823175561230737,0.3883790409045951,0.1993534197564533,0.4767932489451477,True,5
0.59308397570940163,0.80439742506284317,0.034585839717970031,-0.79834857219580146,0.59310584374895448,-0.10423538450912778,-0.10435973854727049,0.034208780497237495,0.99395110760400929,2.9226684012394895,7.4425187073726446,-1.987782947593286,0.3097709485921945,0.2300735273506974,0.9710982658959537,True,5
-0.95277949362452163,-0.30322533491345582,-0.016298245157759572,0.30127915105810188,-0.93722517246175652,-0.1756127821137739,0.037975119042727656,-0.17223057908122158,0.98432439671230199,-11.742950604168271,-21.184793572415302,-5.2911097817711381,,0.1673943626894341,0.4375,True,4
0.99891698933453343,0.013485127950445593,0.044530885270693203,-0.017603815854682153,0.99546980531004781,0.093434321227962205,-0.043069177913978948,-0.094117044365702868,0.99462909060296334,-6.6686800689729475,-2.9553833384764152,-3.0560218454706423,,0.6591869665444906,0.2966507177033493,False,7
0.95980595473077557,-0.26748011225471291,-0.085011286377462206,0.27799087451306148,0.94771319309592905,0.15671878419443502,0.038647159673227495,-0.17405198413153708,0.98397779643092953,3.7786823964432905,-13.016486392696875,-4.7660395475731416,,0.4049113889001539,0.1690140845070423,False,1
-0.9978653178966308,0.0075263546135352251,-0.064870342416905036,0.019172997454027212,-0.9157984967451418,-0.40118014597929136,-0.06242758611129421,-0.40156751281144359,0.91369925530600438,6.3608394243656488,-5.8817485797873585,-3.894343818674403,,0.2444911765677737,0.3211678832116788,False,5
0.90208527141546013,0.42665670165725805,0.064855393193212374,-0.42202548033687182,0.90355292795791464,-0.074071589189870224,-0.09020342034385026,0.039448261173716387,0.99514178771099837,1.933163733086146,-15.954500528541493,-5.0070973449754437,,0.1533984619759797,0.8333333333333334,False,6
-0.0202707843184829,0.99815960078572707,0.057153360901979075,-0.99120332552428525,-0.012585784195187317,-0.13174811386046634,-0.13078632486889361,-0.059321238991363753,0.98963423941970508,9.8641807233860028,3.9434491030189487,-2.7677337157105582,0.3111236942420175,0.2764645929184851,0.9405405405405406,True,5
0.29595316556578805,0.95380720523596896,0.051609485867815816,-0.94706700065152039,0.30004056643436067,-0.11419174563287074,-0.12440184913627064,-0.015082232384467983,0.99211728449703884,10.694193491990735,6.2148414135638879,-2.4576119229153606,0.3149774557190763,0.2572659778946831,0.9465648854961832,True,5
-0.60120863993128781,0.79026243192975454,0.11846290538578498,-0.79560517756681071,-0.57813705036746643,-0.18102472875629305,-0.074569247688674317,-0.20308333184403901,0.97631787222516264,11.51930212220676,2.2126808939462319,-3.0070812279235084,,0.1975829197140351,0.2068965517241379,False,2
0.09641718102762066,0.9948822904151674,0.030215152174965582,-0.98660591392348862,0.099539903111495798,-0.12923071732274144,-0.13157696536203931,-0.017350386359483182,0.99115410823912342,-8.3773261346398051,-13.936486003024241,-4.4123134283581438,0.2373208317799424,0.2366617903133993,0.9772727272727273,True,5
0.800534505526037,0.59911257159906017,0.014444099630775819,-0.59421664930073126,0.79665984138089585,-0.11063304580809977,-0.077788682698671022,0.079982646136061028,0.99375635704184484,-8.9018572653506585,7.7962763871676,-1.5542685562655985,,0.1816558230552792,0.6086956521739131,False,5
0.47883318530352431,0.87768557841826944,0.019667386421905263,-0.87041948223305432,0.47755017946136541,-0.11964844773568686,-0.11440588097306129,0.040172771039669042,0.99262150030400431,-2.0151971586038653,8.8171548821754531,-1.5732440614114716,,0.2101222921925673,0.7345132743362832,False,5
0.21442446533059459,0.97597222198167721,0.038734617435017396,-0.96865903115049934,0.21757391225195188,-0.11983853336033616,-0.12538672193763201,-0.01182432355479647,0.99203747677908161,-4.6517283411679875,-7.2453599374582218,-3.664229054257214,0.2756523808116695,0.2296426290838828,0.9538461538461539,True,5
-0.60248063372189709,0.76242665048276403,0.23605653692218725,-0.79591317312419507,-0.55188012254982477,-0.24889867653679243,-0.059492073736235662,-0.3378371397108747,0.93932250063252432,-3.8773476495258352,7.9176753166160392,-1.6585515326931997,,0.5635847995374842,0.2395833333333333,False,4
0.20190071837009496,0.95915985641753609,0.19811226554338005,-0.96988868325603117,0.22393643311465999,-0.095751846017533046,-0.13620588097993994,-0.17281447786853532,0.97549121688793483,-3.4896860029979369,7.8141829366319389,-1.6986457435656319,,0.3199224778459205,0.392156862745098,False,5
0.96962496880051496,0.24159872556537668,0.038176899871326844,-0.24291913601162371,0.96942120556923073,0.034825558890914099,-0.0285956856530107,-0.043041630985408072,0.99866395988047429,-3.6387795029719312,1.9185059257675112,-2.5241244339917457,,0.4879237070533151,0.3405275779376499,False,5
0.44856099107527042,0.88857359399046798,0.096072916831088512,-0.88405267076056848,0.4569157850904596,-0.098381099080434173,-0.13131607901044104,-0.040803595405687849,0.99050045633270234,10.92903448584787,-2.7823848720015816,-3.6617241273900114,0.1637128636310254,0.1586862104060792,0.6181818181818182,True,8
-0.91555285394399943,-0.40202594407339359,-0.01175210308386055,0.39944177647508761,-0.90547639744036046,-0.14338326570716564,0.047002540797527734,-0.13596923905914193,0.98959745714520397,-9.5459426834751877,-8.8590934792600731,-3.7429205644712424,,0.2477231274826226,0.9607843137254902,True,2
0.16448286857476885,0.98575343730136533,0.035150345573825882,-0.97778548830262324,0.16764010579083602,-0.12582660209684898,-0.12992661317150062,-0.013673177355003539,0.9914293315263587,-3.1666271436080411,3.3929926618922108,-2.3818066558515434,0.3440695963108465,0.2749510673024368,0.9253187613843351,True,5
0.31178703089391424,0.91702855277562367,0.24869153737230931,-0.94057309185484761,0.33495617382583381,-0.05591619170303596,-0.13457751017525255,-0.21647862483442384,0.96696737212008699,-0.019930583896749898,-9.9601832615448611,-4.1358382408391536,,0.3464942552568081,0.1828571428571429,False,5
0.60867021042804414,0.77993961936335565,0.14565289246981225,-0.78645039981990905,0.61735235694397406,-0.01928304952084775,-0.10495877076540062,-0.10281175770826129,0.98914781449303724,12.894292886587499,-7.4761879269352951,-4.3759010629704829,,0.2818006626023681,0.3777777777777778,False,3
0.66683411270828941,0.74492406395872146,0.020503781694395012,-0.73804898928339024,0.66398376749156052,-0.12003851850751861,-0.10303375925547384,0.064912983623743231,0.99255747894555157,-3.9061034898426437,-23.726154985262941,-5.784331790558519,0.2168977056266593,0.1413508847159856,0.6382978723404256,True,3
0.18023114196203696,0.97443847138276818,0.13411338843036713,-0.96667206634562231,0.2006752842951133,-0.15897970442846066,-0.18182918251519836,-0.10099057264066739,0.97813038631031457,-10.68366210969913,0.30992639481240025,-2.5306961460114583,,0.3015048639490238,0.9809523809523809,False,7
-0.86227407697384129,-0.4948712153083869,-0.10763780208695937,0.50502810181421298,-0.82435141968835002,-0.25571733073011688,0.037815771271311055,-0.27485854019295691,0.96074073002353444,-5.8153099821029928,8.2996359857232207,-1.5734200775555349,,0.3070594887918213,0.2962962962962963,False,6
-0.39564952670712011,0.91348645040156395,0.09488918246662581,-0.90326901761524803,-0.36836930493144676,-0.22002076493074163,-0.16603172538047578,-0.1727615701395295,0.9708691498086176,-9.233921004162374,1.7423237796803495,-2.3896238424674712,,0.1761775114788817,0.25,False,5
0.89409003247127117,0.44779771609749441,0.0089565223937046433,-0.44426915467604761,0.88922672193586361,-0.10909058253867929,-0.056814892756664938,0.093557695851629388,0.99399146148645701,-4.8541651119288307,-16.546287362569217,-4.8875687183370262,0.1378601406881395,0.1667160528301955,0.8591549295774648,True,5
0.070252195601477954,-0.97998379617912668,-0.18626966537662504,0.99067045739924886,0.090401735710405218,-0.10197828698752331,0.11677616987012078,-0.17736765603371496,0.97719191602446787,-12.199955736530679,-1.1949771439534658,-2.6889434501357408,,0.4221301806974707,0.6296296296296297,False,4
-0.91864195572086049,0.3950019555055474,0.0083912058814817787,-0.39080276377736978,-0.90534534736539396,-0.16620169020741801,-0.05805305343667265,-0.1559591521861631,0.98605607641556126,-10.903879586580366,-16.91332754204447,-4.7661978363595523,0.1437112076352409,0.2289416411579778,0.6129032258064516,True,2
0.9994214033495521,0.031016104106673367,0.01395921963640482,-0.031672888249089454,0.99826748367495854,0.049586885234189568,-0.012397043065750606,-0.050000323232075185,0.99867225905194501,4.7240119379025414,-2.8264970159056908,-3.4195112450720719,,0.3673638442623825,0.4622356495468278,False,5
-0.3592356392840873,0.90469987937303287,0.22905869058076136,-0.92368906163233244,-0.30964305910938383,-0.22565392388824926,-0.13322264405473386,-0.29264193856623227,0.9468962049260008,1.7069171127656579,12.773012018410592,-1.170939539049588,,0.2543629352564914,0.25,False,4
-0.096749284773324659,0.99373246888311051,0.055994251341791312,-0.98684438730807478,-0.088453173261183432,-0.13532993526406931,-0.12952888146818942,-0.068350687103383448,0.98921709065204433,13.956955758232969,-2.1113355497747159,-3.6871162820987142,0.1675590591607595,0.1509356981479099,0.3770491803278688,True,5
-0.38638087628293805,-0.90066947013014864,-0.19875694709445335,0.91115080779815871,-0.33926305788471633,-0.23389053637006291,0.14322717581378572,-0.27146838329755812,0.9517304728641498,-2.6151756557077883,-12.262850113923058,-4.3880501685215441,,0.4970631109143113,0.32,False,4
0.66591856480954126,-0.7458866951633677,-0.014335376530535418,0.74017942295273775,0.66297986183058633,-0.11221463649832218,0.093203470318195855,0.0641150589594051,0.99358058170199715,2.6732214940933718,-11.636783249729454,-4.5538353980752984,0.1325187460079843,0.1109664721564811,0.7073170731707317,True,5
0.063110745487572298,-0.99046401778899995,-0.12246658021384625,0.98643066412201919,0.080543015612798752,-0.14306420766840572,0.15156377761125889,-0.11177590125455489,0.98210720861570744,0.73426886072012731,8.6166467278728103,-1.6947154267190694,,0.2383332368225968,0.4035087719298245,False,5
-0.97307652192906502,0.21713418281762012,0.077297018846511814,-0.22641968973209944,-0.83787303233357291,-0.49669196267884502,-0.04308371585707868,-0.50082085453809488,0.86447803042511073,-1.5322642958010086,4.9737530170957545,-2.1863165259809381,,0.3659083908483949,0.3209876543209876,False,6
0.36091511681643113,0.91833612086801686,0.1624778371423769,-0.92459616676286427,0.3751202792024248,-0.066383013930614715,-0.12191065113762274,-0.12626775217836805,0.98447663654300255,-5.6519755615220237,2.8432887157339679,-2.3703184644079642,,0.1400997559017517,0.2456140350877193,False,4
-0.50004967354234853,0.86345868722898633,0.06625269382437296,-0.85272307968586591,-0.47759858426515978,-0.21157254471922188,-0.15104195894268171,-0.16229198303277492,0.97511416710149712,-1.437461565613162,23.179508123908377,0.27896151277316833,,0.2909481459141001,0.6944444444444444,False,3
0.27301993540128766,0.96146551493039967,0.032313750526640712,-0.95370934951348596,0.27491451652376336,-0.12190359000074125,-0.12608961703502794,0.0024641842720838636,0.99201579436611464,-6.839623930940439,-1.619811725987623,-2.8382375303915324,,0.2909800284394194,0.9736346516007532,False,5
-0.30854916710497976,0.93572000571628833,0.17095462082416343,-0.94275264286988381,-0.27691628649251326,-0.18583547733693428,-0.1265498551586422,-0.21850730234366639,0.96759479793032221,-5.51341776776089,3.1586652642440876,-2.3423474405179285,,0.206052503431791,0.2608695652173913,False,3
-0.78999465298689131,0.61302858516715841,0.01021773067136026,-0.60760861119327658,-0.78056434862462221,-0.14673470366616068,-0.081976971497476625,-0.12212801244665514,0.98912310898084421,17.220833953664762,13.881046166653988,-1.6663700602767182,0.3030621528439537,0.2876069765031378,0.9393939393939394,True,2
0.96877513512586411,0.24766008955611971,0.011799050932971077,-0.24566025696918953,0.96521602040087495,-0.089493419352095205,-0.033552581237452847,0.083800441541515419,0.99591752183087523,3.8369775227539029,-15.277023458455343,-5.0034649901091512,0.1394496576045234,0.1460591030056769,0.8679245283018868,True,5
0.84901242172177438,0.52397075016965211,0.068062917427782949,-0.52820514774209704,0.8449172128400404,0.08434586738761217,-0.01331276308204702,-0.1075618724886804,0.99410925653363247,-1.6818578457242379,8.1371733251291989,-1.669858496919352,,0.2330742599888041,0.2941176470588235,False,4
0.091539339445125684,0.99473406379111273,0.046094377830375913,-0.98739279025644067,0.096671806691820475,-0.12533969658707689,-0.12913569252360582,-0.034039743309236009,0.99104251613737071,7.2534507163089295,5.9199133922214759,-2.3680947721558483,0.2571669876483297,0.2266692671869424,0.9438202247191011,True,5
-0.012265990190992148,0.99896957145933218,0.043696004199374763,-0.99129920029727558,-0.0064211186086879871,-0.13147115548968955,-0.13105510663310854,-0.04492843792266156,0.99035649868681785,-0.24457476910119877,15.386868979992423,-0.80856697271635969,0.364908361775726,0.295806689240644,0.9868421052631579,True,5
-0.27929391313985114,0.91654025712401443,0.28626712552103345,-0.95056043560285686,-0.22176457669117447,-0.2173829128323839,-0.13575628290998901,-0.33282792790874677,0.93316440247923804,-1.7564691354655815,4.7027236425517343,-2.2516723178760483,0.5595129159035905,0.6570880462228588,0.1522842639593909,True,2
0.93485786266185855,-0.3458291585936149,-0.080268111263035208,0.34795385925501843,0.93741087691490288,0.013746260261342,0.070490342947396034,-0.040780398576596065,0.99667851920420825,1.1408708573764677,9.7527791669720685,-1.5502038496128043,,0.4852055138860319,0.6039603960396039,False,5
0.95095473637643502,0.30653575933455801,0.041483944031533992,-0.30601097801600791,0.95184596970925017,-0.018615350706988221,-0.045192595598305491,0.0050078136390678141,0.99896574070667954,-3.8186534856948637,12.26018068405434,-1.0830106437554443,,0.2841402111058106,0.3846153846153846,False,5
-0.67330093255352408,-0.66994417974365406,-0.312794901253452,0.73313433672222972,-0.55011379812457717,-0.3998610426533295,0.095811787069288598,-0.49854749537085613,0.86155121514512123,-4.6363153397240753,1.9569317035445031,-2.5096551676589547,,0.3589021110220876,0.2527173913043478,False,1
0.30681514807045462,0.9439060593095403,0.12208937756103003,-0.94360624380769875,0.31843496018693701,-0.090589363491912669,-0.12438537519190535,-0.087410109995804036,0.98837632059296665,-11.520906760196837,3.6335325950960335,-2.0434348373750253,,0.1177577154090465,0.2758620689655172,False,1
-0.18474565090398612,-0.93428613171803665,-0.30492370939533137,0.97459758655330386,-0.13419637847824789,-0.17930665433217174,0.12660406295430082,-0.33030403582558421,0.93534520641354291,-8.7051646869821653,-8.0581570036952286,-3.6612544417013106,,0.5275714592030244,0.2857142857142857,False,5
-0.23730801856110445,-0.96745263298681239,-0.087865278998519675,0.96308416792514528,-0.22246992568289425,-0.15157842082097173,0.12709756023832466,-0.12059243381544596,0.98453221130033841,29.203606366231678,-0.40906653502066226,-3.685324364362272,,0.216581627050853,0.4545454545454545,False,1
-0.073021960586189483,0.99287019339510829,0.094215563150200687,-0.98678915756553187,-0.058228554046969881,-0.15118397403398126,-0.14462002552640285,-0.10401064638372154,0.98400550489089411,3.4849164859774922,10.427827638245988,-1.5460714879673192,,0.333192899970724,0.3676470588235294,False,5
-0.34733638298859687,0.93740935277393012,0.024922728268801871,-0.9295715135584508,-0.34068848910387706,-0.14081248017405457,-0.12350804926420776,-0.072076755782145729,0.98972253841310054,-7.1850111902286278,-4.5958722049456382,-3.2721082691468228,,0.1286044129535513,0.8131313131313131,True,5
0.4388772940440841,-0.89583016332288135,-0.069821481318030884,0.8905272952290566,0.44400368177190341,-0.099105332979697966,0.11978254140134514,-0.018682854543564394,0.99262434673019229,0.9458606555809731,-10.673048631217059,-4.2986122210584261,,0.0827686238100573,0.2253521126760563,False,5
0.78489037903411074,0.61518306521251243,0.074141008729505992,-0.61608742279665341,0.78757532217971171,-0.012704304990910575,-0.066207102122572498,-0.035705856232024685,0.99716684233846753,11.96769028977436,-0.73282506123158186,-3.4375315832775244,,0.2070913896557565,0.1730769230769231,False,4
0.99383233236341251,0.11018783013461232,0.012487483306349089,-0.11048715406093927,0.99352276993918509,0.026553613687867225,-0.0094807139295944691,-0.027769546315992006,0.99956939146854129,-5.3531758056020937,10.969747360512036,-1.2189338654496982,,0.2232426269945832,0.3333333333333333,False,6
-0.31128282624990278,0.88527180216312829,0.34553847597151971,-0.94594465430883623,-0.25380222101642624,-0.20192360830686862,-0.091058843976900408,-0.38971562568362161,0.91642240153305632,7.9352383652057448,9.7282772820409829,-1.8793333973237258,,0.2027414816680027,0.2857142857142857,False,6
0.15869503370732199,0.98659486221911863,0.038032408804463992,-0.97846961481446493,0.16230290403187042,-0.12749502040336094,-0.1319587024847694,-0.016980729832943076,0.99110975963960524,15.731523675757636,0.38332042364664942,-3.4531953683470924,,0.1146572289505268,0.5,True,5
0.97549105221100285,-0.2199676513177441,-0.0056070874815207228,0.21851331816286337,0.97140795374915179,-0.092835969205584346,0.02586767948087533,0.089335433992567173,0.99566562830682981,-3.4371610160445352,-2.2525490268994988,-3.0811581290857424,,0.1307171326983546,0.3966480446927375,False,5
-0.30408630362445738,0.94612430146536641,0.11126691388138713,-0.94484188106494682,-0.2846133818161633,-0.16207727378266426,-0.1216771947970047,-0.15441511929808072,0.98048489595632848,16.667654429437246,-3.9454214036817645,-4.0448089489240067,,0.1793747869373938,0.4594594594594595,False,5
0.57228007481596399,0.81987014799613656,0.017562926676042062,-0.81306555627953936,0.57006093522796442,-0.11813099220298638,-0.10686401246667759,0.053324202308256199,0.99284269261938496,10.017934188563498,5.3357098969004433,-2.5939469914687021,0.229427053884756,0.2175965336083404,0.9727272727272728,True,5
0.17847308429638256,0.98201976441949113,0.061518618898862856,-0.97561451637954089,0.18473434640665504,-0.11853074152818006,-0.12776413272609249,-0.038863910600879778,0.99104284611794469,15.047301513976532,9.9107350237038947,-2.0901062057976807,0.2313701138530143,0.1425850241500332,0.5526315789473685,True,5
0.45004829079820319,0.89136090080568375,0.054150535218928209,-0.88486885919335712,0.45329413688143899,-0.107384950057065,-0.12026486593957079,0.00041229090674979596,0.99274175495782691,-5.7005165515636378,1.5256636977776219,-2.5098146379071737,,0.2012869992098803,0.834319526627219,False,5
0.24918795451659667,0.96440146567282292,0.088516531404840948,-0.95934109869042994,0.25831948774726399,-0.11373521272424114,-0.13255195089953167,-0.056576101474922473,0.98956006642074335,-5.2812907070619008,9.0942607620750859,-1.4911476540167765,,0.2927342954277972,0.8137931034482758,False,7
-0.81543612357401252,0.57876721793058328,0.009614354865578472,-0.57352171829801168,-0.80557489587779618,-0.14873441354298167,-0.078337519817037807,-0.12679745494437644,0.98883043966523643,9.6973755136210471,7.6200768262885292,-2.1711952603770244,0.3369833888200066,0.2757419055710973,0.937984496124031,True,5
-0.8454695594724233,0.52806161389327311,0.079574844881649523,-0.53022819183951919,-0.81235459684170075,-0.24277164902177525,-0.063555397757396589,-0.24744886526834126,0.96681423784163922,-4.6569781111443076,-17.71693404509595,-5.0497046974755726,,0.1660054614474137,0.1666666666666667,False,3
0.97384730285184329,-0.22716294227933104,-0.0042928292753439817,0.22507776475088614,0.96714221750606122,-0.1182198415334877,0.031006943463274438,0.11416185340320775,0.99297816727489518,10.065999294029508,16.383164670814939,-0.96794862465648934,0.3976720642941662,0.3371771739057564,0.963855421686747,True,5
-0.31339771333208866,0.93964253501839645,0.13730906620620897,-0.94018395911308905,-0.28668712973183014,-0.18402340251327576,-0.1335514743634692,-0.18676829503512588,0.97328392962435017,4.4436134242371423,-7.9674248990399787,-4.0847994017070928,,0.1977201585540708,0.4285714285714285,False,4
0.25036587748330191,0.967641937283233,0.031400773919895535,-0.95987765238822731,0.25232685796826071,-0.12233580503487441,-0.1263005140040287,0.000487810021779677,0.99199190631965395,-2.8613183030929732,19.015176819857437,-0.23711810263935459,,0.3293161191510389,0.9629629629629629,True,2
0.72260746789760888,0.69113957629316791,0.012827058115856278,-0.68657831861988583,0.71974702401963675,-0.10283206608820025,-0.080303547491364202,0.065500438900649743,0.99461602277669203,-1.9824228297871596,-20.738449282085792,-5.5025634872570368,0.2801906587341124,0.2376150690664871,0.9772727272727273,True,5
0.96517666950309611,0.22896985224900654,0.12651799637988387,-0.24990647787164588,0.95000631952768044,0.18717570669095951,-0.077335302189237509,-0.2122752920585429,0.97414498480296075,7.7519276230357113,14.605840020422505,-1.1006239423779129,,0.3387642882138666,0.25,False,3
0.44380858545608665,0.89584777034256569,0.022152016786777355,-0.88853707643346158,0.4431272178114003,-0.118912289683636,-0.11634347114705065,0.033091406845010767,0.99265762250358691,-15.680701787949994,-2.7282605279260053,-2.825926656925895,,0.2266102539710197,0.8125,True,2
0.77020475220015827,-0.63652687900866267,-0.040226508520941423,0.63198078310293915,0.77016004788575576,-0.086335337082838581,0.085935612390265037,0.041073506547443205,0.99545368429827452,11.715711281167932,5.9538317655897792,-2.5815994774603226,,0.1954492025261356,0.423728813559322,False,3
-0.43180006848984936,0.87213022160140341,0.23008167554511802,-0.89476627491178895,-0.38200734336354547,-0.23122219378080427,-0.11376297346959165,-0.30571108286389248,0.94530350664828489,12.751672841431946,0.96485290032659177,-3.2443740272796275,,0.3033495344760587,0.1818181818181818,False,4
-0.98911020489648849,0.14717169923202555,-0.0012220944261115002,-0.1417136390141166,-0.95460342529501996,-0.26201058171835911,-0.039727158053462344,-0.25898415272015102,0.96506422664650759,-10.595410821065546,3.5340376959953756,-2.0810309475100155,,0.1479518446311578,0.1333333333333333,False,2
0.25863604335882479,-0.96463128170784584,-0.05093022114983102,0.95754870207481291,0.2629721368519824,-0.11809376949841048,0.12731017331907774,-0.018224861870005892,0.99169550476912272,-0.69633244008395634,-18.205525140971293,-5.207096717277194,,0.1028202980489024,0.3571428571428572,False,1
-0.46499666734471257,0.883767413547346,0.052280571057936848,-0.87450764065371067,-0.4493221091834862,-0.18260895004676614,-0.13789302301635775,-0.13063231204696843,0.9817946390425405,-11.853341434677091,-4.1746784737620031,-3.0644026297858078,,0.1152205628226822,0.2826086956521739,False,6
0.35025136466040008,0.93579308688352481,0.040190547328114459,-0.92858775131839089,0.35253434922642191,-0.11594964733434851,-0.12267342684943647,0.0032910722430785216,0.99244163515468709,13.221528626232363,-9.6658714165182626,-4.6200384647044306,0.300112945980745,0.2710148379361892,0.961038961038961,True,5
0.5575182446561352,-0.82743829869880936,-0.06722550648348434,0.82643221034180125,0.56085916507908651,-0.049465125657923326,0.078633380857660667,-0.027979613885992495,0.99651087932931481,-9.6764635935647103,-0.38015518771661388,-2.6396680191855011,,0.2806888274949396,0.2631578947368421,False,4
-0.24945194390300138,0.96815329022081564,0.021282253584219039,-0.9601529747622114,-0.24441125627787605,-0.13553377018273602,-0.12601584320350448,-0.05424338152511779,0.99054412462162944,-16.692970783538083,-12.36318665897149,-4.0666021376599097,,0.2496997602784833,0.6590909090909091,True,3
-0.71932734324466352,0.69433738186648242,0.021535398844061929,-0.68863079451521547,-0.70865041477938462,-0.15363013531969902,-0.091410076610389274,-0.12534029589802564,0.98789372308881396,10.958757283130538,13.540835979492035,-1.4427586979289215,0.3328728689335216,0.2528905904110088,0.9433962264150944,True,4
-0.99688151736233588,0.07819553116995738,-0.010615990128808213,-0.074825562409887469,-0.9793894934699644,-0.18760958208655071,-0.025067420118767163,-0.18623017743022852,0.9821863089367997,-16.428541903668258,-7.671751860515875,-3.46334484252213,,0.1952800384083873,0.2727272727272727,True,4
-0.28135927163235164,0.9281934816776346,0.24350322551798836,-0.95261419432921302,-0.23959942138063509,-0.18739881012581261,-0.11559912209449562,-0.28469102171515087,0.95162380441315486,-5.2292402727963152,4.4953599087759235,-2.13610974515418,,0.5354402755756369,0.1810699588477366,False,4
0.98247238549611926,0.18352598955557151,0.032653068695195429,-0.17959185760176918,0.97884777757409824,-0.097998943981015413,-0.049947736892783284,0.090417031005760415,0.99465068445328719,23.848732699012661,-1.8044344899790679,-3.8924752006432728,0.3100244588506121,0.2765868860218066,0.9019607843137255,True,2
0.91920098897202285,0.39007823613412079,0.053930618087949411,-0.38986534459459704,0.92075216308139884,-0.014848140121264453,-0.055448669569171341,-0.007377253921196647,0.99843428485183283,-6.3535741860208761,4.9215025947929458,-2.0107815428438771,,0.2023843008234937,0.25,False,2
0.99017828665247642,0.13900406437844887,0.014994356546323076,-0.13966608794672974,0.97857839990241069,0.15125375738173844,0.0063517335919064007,-0.15186238945410252,0.98838123725092419,6.9911553747557962,15.418239352508023,-0.98025984804863708,,0.2334050028501435,0.360655737704918,False,3
-0.39143270666858537,-0.87895013660374599,-0.27244649660871212,0.91028611740472032,-0.32649495321162691,-0.25451960629306464,0.13475763655668774,-0.34763156198997996,0.92789691049063283,-11.391294318910342,2.8814156587749515,-2.1317198869083844,,0.3052672290995871,0.1267605633802817,False,3
0.2222937491350645,-0.95869680173599636,-0.17744275537944099,0.96783132306609532,0.23897686482413863,-0.078692999504125088,0.11784744030995242,-0.15424169481692215,0.98097985728168524,12.932814073602033,3.6796215123017193,-2.911276299910607,,0.2439947821677736,0.2857142857142857,False,4
0.82885465548159309,0.55872956229984516,0.028657220708107455,-0.55376545178411685,0.82662747922618574,-0.10015405632571547,-0.079647878168992381,0.067143777078632672,0.9945591629977536,-7.5930071219589079,-19.766263253543507,-5.2019447053627141,,0.2054865684816937,0.4666666666666667,True,4
0.74867608405396957,-0.65092349154183893,-0.12562933305799567,0.65753965809805104,0.75325641218528272,0.015696354037012389,0.084413975110246717,-0.094357753580395679,0.99195307103982977,14.359406892977621,-0.099706306734105021,-3.4493109064199943,,0.2095114730550441,0.2173913043478261,False,3
0.30091875748916191,0.94984557482758902,0.085095742382481326,-0.94546916317718888,0.30881001261334956,-0.1035588605130833,-0.12464334267101614,-0.049292596707715852,0.99097642607561842,13.739750916598108,5.2193181252516103,-2.761468314691427,,0.07754623626068889,0.1538461538461539,False,1
0.057293453309101364,0.99311680034504612,0.10215909690447286,-0.98972945507876786,0.069923982308209121,-0.12468457181082192,-0.13096971389372647,-0.093966257617194265,0.98692313605063298,13.88217907444292,5.2709206463417573,-2.7617304011934611,,0.0788635613081711,0.2580645161290323,False,1
0.99725190153822418,-0.073961026292662102,-0.0042908586707049168,0.073221285626079408,0.99278592886637351,-0.09494599926376876,0.011282207658960791,0.094370896120931413,0.99547317681375624,-21.942997070303296,2.5881236995962804,-1.9765858041522435,,0.3423555575463691,0.7941176470588235,True,2
-0.71739886248047524,0.69021754904769861,0.094544207111322012,-0.69058851462739446,-0.68668306224786835,-0.22705478520969302,-0.091795291689986638,-0.228179988185815,0.9692819597078407,23.09280328143716,-6.927623790307555,-4.4651661124923763,,0.1581804671093481,0.1923076923076923,False,2
-0.089069557760163634,0.99484562564096812,0.048464368596314082,-0.99003628107873332,-0.08310116594743773,-0.11367655152214737,-0.10906317448249837,-0.058106603421701875,0.99233504755732216,-13.592997793123036,-17.574666864942529,-4.7799025672388744,0.327861059550629,0.2842848204693738,0.9672131147540983,True,2
0.91260765707073765,0.40821228258978454,0.022583104275033784,-0.40663018033328124,0.91202779178250315,-0.053452815252843802,-0.042416514448766485,0.039598476727890478,0.99831498032577326,20.355841638878577,-6.5551891510850435,-4.412783527607588,,0.1501552639102611,0.7142857142857143,False,2
0.99851461678434639,0.054457758920358049,0.0017066228003035262,-0.054228260790759458,0.99636532238644049,-0.065692009235325449,-0.0052778593785477515,0.065501884241118427,0.99783848761272154,-8.3904817611401636,-25.375539533971768,-5.9261833570176154,,0.1385603529652944,0.5263157894736842,False,1
-0.95084356336761344,-0.30408495706701788,-0.058556441899514686,0.3092259883723848,-0.92220525651457719,-0.23219981260114514,0.01660741152326594,-0.23889287084891225,0.97090390365888635,-14.390256005604311,2.131877932115414,-2.1741547009137863,,0.177491300824824,0.25,False,3
-0.97630192961933948,0.21640894621509188,0.0013077536570191527,-0.2140865250096341,-0.96490568741124871,-0.15206569044569121,-0.031646516883431758,-0.14874199944702537,0.98836952379646326,-13.114785557977816,-10.772788781967972,-3.8950531748806472,,0.2573786977867712,0.8918918918918919,True,2
0.87310129516702406,0.44300739438799974,0.20356467496896599,-0.48353246854330006,0.84025116326167204,0.24530457497125907,-0.062373714352184653,-0.3126058719137611,0.94783283790072903,-13.634834772960955,-5.8574388780585132,-3.2792376948509525,,0.2732592359473783,0.1666666666666667,False,1
0.9729503335158558,0.22967067748425507,0.024880281656534105,-0.22866975295314176,0.97277915882453481,-0.037561313089131382,-0.032829751685539768,0.030855924237559611,0.99898454409650983,-6.3400407134382597,-23.608929837204172,-5.7365423677214773,,0.1264911450717527,0.1818181818181818,False,2
-0.50559472319809384,0.86071936194699883,0.059465585373339847,-0.85517663397867771,-0.49082760478347676,-0.16661688713757,-0.11422302995080062,-0.13509419806959222,0.98422693372859504,-6.2211685797416596,10.323169893508277,-1.27302593569393,,0.1544627378502575,0.25,False,1
0.96518852287243184,0.25439256072314564,0.060790956268635898,-0.25952431853589114,0.9603751481280256,0.10162038647119784,-0.032530653295251843,-0.11385956221062388,0.99296412658735589,8.8058939455710874,8.7333985960098524,-2.0302066875370945,,0.2010170896189313,0.2413793103448276,False,1
-0.2492364749981035,0.96203858632510675,0.1111887492155115,-0.95999749571604254,-0.23029993542341251,-0.15926941942161663,-0.12761656534105026,-0.14643666947032835,0.98095377775152659,16.144779129241268,7.2956610606918622,-2.5948229836399928,,0.1122324979355632,0.3214285714285715,False,1
0.46276927637801601,0.88192175322176392,0.089769805808065997,-0.87891951435744053,0.4696608648406545,-0.083181484230624672,-0.11552092504065489,-0.040406598859331566,0.992482857608318,12.816857465362462,18.995343096221141,-0.77685382584847185,,0.09153796031920328,0.1176470588235294,False,1
0.18140596670577366,-0.96340108144546033,-0.19735813009161945,0.97485047596052643,0.2025870297388119,-0.092871119844331856,0.12945433466314751,-0.17554729178008599,0.97592249875981385,-13.506115210204289,4.8891075948471068,-1.8504863297847691,,0.5584613593304528,0.3875,False,1
-0.99892538260362029,0.044909290860348547,0.011455810081877606,-0.045660100412993225,-0.91116806951945561,-0.40949713590996489,-0.0079520576259743056,-0.40958015660259905,0.91223947519108406,14.916101423676469,4.7740158223674456,-2.8212591372065314,,0.08477856252683524,0.375,False,1
-0.016214026623416762,0.99914588793201553,0.038007893511750886,-0.99120929791638923,-0.011070017585958927,-0.13183922949845642,-0.13130587597192761,-0.039811422220162179,0.99054218365300029,6.2312546779130731,20.341765220909053,-0.33099873446867206,,0.233792564678879,0.8653846153846154,False,1
0.80260829580165061,-0.59581968123278217,-0.028615222627759916,0.59114173974257556,0.80089353270328945,-0.095503888968806849,0.079820843421323229,0.059736561080389008,0.99501767633836435,18.146468440446554,-2.8585887754596664,-3.9444202512469597,,0.1999792029995095,0.2857142857142857,False,1
-0.45256594871151884,0.88916267275688021,0.067629900507719443,-0.88389905993148832,-0.43726965843686888,-0.16588459139635359,-0.11792588316003486,-0.13485172296394671,0.98382340838921922,12.282477457231849,-13.895533578575046,-5.089208216253521,,0.2388269787349562,0.7090909090909091,False,1
-0.52469693685739649,0.84880347276977886,0.065006069458378279,-0.84378923007414097,-0.50844185690668631,-0.17177489151842956,-0.11275131778987224,-0.14498118070716276,0.98298911366169428,22.855007712726213,-10.047465660129472,-4.8083892087295537,,0.2911189555630845,0.8461538461538461,False,1
