axis_00,axis_01,axis_02,axis_10,axis_11,axis_12,axis_20,axis_21,axis_22,location_x,location_y,location_z,dbh,dbh_approximation,score,reconstructed,number_clusters
0.14180394620871195,0.98926602065743341,-0.035275787903940446,-0.97597221842640181,0.13376498845001605,-0.17200336253926768,-0.16543841663738332,0.05881894454658388,0.98446455602166882,15.037177358125593,-10.147511203025038,-3.9669706178810031,0.2835951747867995,0.2412885162013951,0.9583333333333334,True,5
-0.39364115452554155,0.9187077257861308,-0.031980557291494766,-0.90075207740808927,-0.39242711715219386,-0.18613611355303897,-0.18355472347180324,-0.044464281220933238,0.98200335599563793,10.480525445559396,-15.973089520913632,-5.5657751204921748,0.2160799403366255,0.2461655533873549,0.9767441860465116,True,5
-0.87327116665301319,-0.45914642516123705,-0.16303996367192478,0.48586289605838895,-0.79552153887389643,-0.36205348696216605,0.036533761457605299,-0.39538593987313808,0.9177882341937027,27.382765213854551,-0.17293651922552944,-1.332246054292439,,0.1691113116107881,0.1304347826086956,False,3
0.61743588924263115,0.7715569074541947,0.15320855470528152,-0.77749056813309725,0.62817141374448549,-0.030151142902517247,-0.11950455698104169,-0.10050180851096274,0.98773379376570436,-11.328820277572129,-5.7553433261282079,-3.4254537077701945,0.6955331580160806,0.3682377728840339,0.2083333333333333,True,6
-0.91503041857268475,0.40069231919528214,-0.046529543567536816,-0.38445852972907946,-0.90119467807175713,-0.20009945310693794,-0.12211049097129875,-0.16520840642366638,0.97867012340302939,2.056391412200282,-10.486726642810609,-4.262485308352244,0.3222594348440638,0.3002454408390356,0.9925187032418953,True,5
-0.95823969419627897,0.28153132843507062,-0.050167714480604461,-0.26642419729781797,-0.94264991177770319,-0.20107036310630738,-0.10389819806347148,-0.17930771019416145,0.97829132138851727,-2.3417077379622064,-5.4663410561751231,-3.2749023026357187,0.2594619649303229,0.2213745547101942,0.9210526315789473,True,5
-0.45586256547842507,0.88958466886723631,-0.028782604326180367,-0.87158212238328292,-0.45272362934943045,-0.18811145464997697,-0.18037163118761096,-0.060666566946286353,0.98172584885887115,14.908721790336575,7.6304440778459597,-0.030633137470592302,0.2327370554270916,0.2105984357340188,0.9886363636363636,True,5
-0.74279224899766372,0.6679703830204432,-0.045554826709302644,-0.64998630892217912,-0.7357639198819057,-0.19018215587623563,-0.16055364537348027,-0.11165581761616422,0.98069134050921014,-5.9398410852479735,-11.434114195997262,-4.6409138226866622,0.2977864881253738,0.2623582962631041,1.0,True,5
0.748714252695583,0.64883099941803357,0.13581348241132646,-0.65476350126988758,0.75583269347682891,-0.001302642069305443,-0.10349746477713208,-0.0879504045798465,0.99073356717078498,1.3380202131461458,-16.826753029224768,-5.9323151792114333,0.7077075894865962,0.3143703592428422,0.3962264150943396,True,4
-0.70412556448223595,0.70944475725635781,0.029921995990257022,-0.68062104138704071,-0.66230760348476225,-0.31321500025939197,-0.2023911743722866,-0.24090822893321551,0.94921074465498345,10.537345114135803,11.991921187891631,0.73659264076245567,,0.1574590102834805,0.1052631578947368,False,3
0.87761052270901274,0.47723639360196035,-0.045223832789906465,-0.47822004618011854,0.86504977456962384,-0.15163929223169192,-0.033246922592923452,0.15470718192391084,0.98740079501652345,14.058429012236346,-14.534501085461995,-5.0594325165817766,,0.1321633277580077,0.5,False,1
-0.53692790221242503,-0.82678261091846561,-0.16774666049912682,0.83555252893020349,-0.4937228917191081,-0.24101800262814857,0.11644912719340188,-0.26957043694620231,0.95591389795343384,15.129659993132202,-10.545045249736795,-4.0035565188888,,0.08326844399177732,0.3636363636363636,False,1
-0.40922363906017356,0.91192927065920515,-0.030348287419864783,-0.89430373312155731,-0.40746784471766567,-0.18490751322211244,-0.18098852493789289,-0.04852793871688893,0.98228722530871537,16.214590172447185,2.5041368009962675,-1.0016197390911858,,0.2834751325451271,0.9705882352941176,True,5
-0.56130064096756427,0.82719424325498681,-0.026292097200725499,-0.80855441371320547,-0.55487695404456749,-0.19583494564330953,-0.17658241847448108,-0.088663689276014479,0.98028434634531947,24.652590442615267,-5.7338779569811669,-2.4844285437270921,0.3175798375935436,0.211054931007773,0.9298245614035088,True,2
-0.42574926787775286,0.90441504127048344,-0.027766779166255126,-0.88634047712079234,-0.42302152768097401,-0.18829058854796923,-0.18203878575414467,-0.055553759928242796,0.98172076490160465,13.42118343883269,-18.954361643467823,-6.1519851393440623,0.3027546085459788,0.2790802601735327,1.0,True,5
-0.74808144270426113,0.66248518751522789,-0.038568528678498679,-0.64451910569211723,-0.7391749591865785,-0.19548785668003002,-0.15801670000143533,-0.12138268424463398,0.97994743047074873,1.1274610321769583,1.3909741179324517,-1.6262782209024578,,0.2901608812757309,0.8929695697796433,False,4
-0.058405784690350085,0.99822263082388585,-0.011846671504858434,-0.98313104606559532,-0.059575050542863259,-0.17292819207631224,-0.17332660089170135,0.0015468237956663931,0.9848631868231611,21.07839913409336,8.3822483277654118,0.2697468588498752,0.1731026282075303,0.1932535209998875,0.575,True,5
-0.12324050622702927,0.99215123469371347,-0.021159043471912865,-0.97595321400005763,-0.12503636335033325,-0.17855316273614785,-0.17979739071483616,-0.0013547456824596696,0.98370273098953676,6.8124388286308433,11.494533513327536,0.55915956650372833,0.2733711905639167,0.2433001247655647,0.9186991869918699,True,5
-0.70941520593497243,0.70345950570368143,-0.043298838591499557,-0.68576550244525036,-0.70313925419708379,-0.18793846030863703,-0.1626522094662517,-0.10363355172095785,0.98122594019595999,-11.393388359742566,-11.431224277140474,-4.6708118921096897,0.2317232616965849,0.3282350838797782,1.0,True,5
0.98757078262348508,-0.14536872604366124,-0.059765230668679586,0.13433611356011371,0.97806619329772482,-0.1591864633744394,0.081595085035814072,0.14917927140370568,0.98543786566249725,-27.849682450332988,3.0797545082493247,-1.8989448522795167,,0.3175277974111288,1.0,True,5
-0.67337190449452855,0.73841227224644712,-0.03629868362971031,-0.7205898171052062,-0.66651234373809976,-0.19108011704264066,-0.16528942410721945,-0.10251152052614766,0.98090305047834359,22.848781121669973,-1.0889695613631611,-1.6099137492785587,0.2910650377012035,0.2445785745381161,0.9857142857142858,True,5
-0.62177085702159018,0.78318334504874343,-0.004984916940074427,-0.76413843196162701,-0.60802213495316726,-0.2154101673696463,-0.17173659527853746,-0.13012659776254165,0.97651093716193604,-2.4181473830683271,2.5944126577639444,-1.4930335761783169,,0.2563322426397631,0.8938053097345132,False,5
0.10651814243099209,0.99430581072458935,-0.0031368921512829884,-0.98107219451399152,0.10458630425364238,-0.16296948829172098,-0.16171343322232609,0.020436724832576365,0.98662612259840665,22.826176000883354,5.9265005600898064,-0.1773153733269863,0.1966576223104554,0.2197542381530552,0.9661016949152542,True,5
-0.98702928395399514,-0.14304281854220374,-0.072883089127498524,0.15560132180040948,-0.96413807661940076,-0.21500232060749516,-0.039514823436656146,-0.22355429156279893,0.97389016703765208,18.972746505734275,-14.15521311377147,-4.7737341543076468,0.2780240963600014,0.2692733320624641,0.8867924528301887,True,5
-0.94738084424725255,-0.27628459928897375,-0.16166742451433122,0.31739214310981334,-0.87639765165188177,-0.36220075051168565,-0.041614461975681069,-0.39445402314439643,0.91797290819483157,4.6841006961799589,-16.087528476907959,-5.6720006324708754,,0.3429738264096995,0.3258426966292135,False,3
-0.13059107018677654,0.99136323692611727,-0.012037643409105191,-0.97509546856158824,-0.13062453026093171,-0.17923743829001981,-0.17926181851730211,-0.011668957343451233,0.98373219722462468,7.3002025356064566,1.6052103019091193,-1.4862444931746936,0.2774715913588085,0.237963511702986,0.9312039312039312,True,5
-0.64447655748822164,0.76435002409303965,-0.020469673106848104,-0.74538603883493038,-0.63400368154764364,-0.20600724476096796,-0.17043949060620503,-0.11750903136782261,0.97833634686077853,2.6454000976387948,12.064887527265572,0.57315949109868258,0.3154287769256062,0.2521364862304583,0.9764705882352941,True,5
-0.99555828814136871,-0.012384969160852964,-0.093329027916897553,0.05170035424407747,-0.90038355292492378,-0.43201450322104734,-0.078681435447411741,-0.4349207630835486,0.89702461591349836,-13.485251165474949,8.0329728662703648,-0.57786906313781394,,0.4559047948291377,0.360655737704918,False,4
0.29875060616450533,0.95364441830039504,-0.036199430393885811,-0.94257365995346098,0.28892170837354914,-0.16756832037245709,-0.14934179213561519,0.084181766879835113,0.98519564516227498,11.151362789260368,-20.713114427554977,-6.9222310570153747,0.4685909626434412,0.335235861621806,0.9863013698630136,True,1
0.33181491815308989,-0.94065852825726215,-0.071136441490561517,0.92536257443456083,0.33921659544078592,-0.16922236026425053,0.18331111784859103,-0.009676497013064566,0.98300732422431947,-5.6231592631603373,5.2035627878720536,-0.99677725834959741,0.2293637709964493,0.2516717713502472,0.9811320754716981,True,5
-0.77358884058014366,0.62252432404085201,0.11842200685409114,-0.61462119790095304,-0.69159796949248176,-0.37938507045569697,-0.15427601505310945,-0.36627273249773501,0.91762911713173967,-10.145464145992525,-8.7519674990620615,-4.0484145442345865,,0.5901381905861183,0.3830845771144278,False,2
0.70382523247003792,-0.69645199688357251,-0.13994519704292241,0.68853613316569973,0.71729101384371718,-0.10682506627322319,0.17477996299268278,-0.021171147723667284,0.98437987943696803,-2.8410575886043259,-22.692148013946479,-7.3395793642942273,,0.144029343754137,0.28,False,3
-0.084082093654517423,0.98569119712641107,0.14609266043910177,-0.984605795493535,-0.059637926470540947,-0.16430077664708717,-0.15323716588091366,-0.15765843343695904,0.97553174697648259,10.595942761989765,-11.18098375414927,-4.3379727914527928,,0.1052852615906488,0.28125,False,2
0.0049266981886637229,0.98055236921923306,0.19619576668090441,-0.98809413042500338,0.034943562523861944,-0.14982969284423481,-0.15377163933773552,-0.19312171979529119,0.96905019698604633,-5.9382460335574043,-12.490978758172439,-4.9436033668056121,,0.3375722048900672,0.2941176470588235,False,3
-0.81710856503788831,0.57507764892820568,-0.040240410595968876,-0.55696303186849594,-0.80552515527359514,-0.20229039856924563,-0.1487473498035424,-0.14288079620669469,0.97849849463438865,-14.656150964793948,-1.0906004054013323,-2.375343193689603,0.2869307508793149,0.2771282025102689,0.9786096256684492,True,5
-0.42550249965471937,0.90472100095464358,-0.020676876437605862,-0.88679930640217663,-0.42141004084146705,-0.18973815547383571,-0.18037353728362165,-0.062397819750560371,0.98161698189170121,13.326924130339444,10.914891503098387,0.60192645239191545,0.2207014347011564,0.2228278381393709,0.8255813953488372,True,5
0.1299379564296293,-0.89102292962017771,-0.43496467255395416,0.97501149269009901,0.1945458977771285,-0.10725895198218358,0.1801907783464988,-0.41015854562494214,0.89403649301900168,1.7631076344619816,-16.751828294180051,-5.9229586481438661,,0.6930077346021621,0.1864406779661017,False,1
0.37997453822851623,0.92420138473833968,-0.038355582980350404,-0.91472058152850722,0.36926626591746081,-0.16409961177140328,-0.13749766552991344,0.097438315374968776,0.98569780697266096,-14.021503670446419,-8.0210072931027856,-4.013659941647127,0.3117297442531078,0.2972216136061739,0.9925925925925926,True,5
0.78492829925775032,0.61657684217388053,0.060996415626019651,-0.61636236906202746,0.7870808470929983,-0.024518771250074733,-0.0631268170319189,-0.018350417822334587,0.99783679383813317,17.542330600757012,10.768043732154283,0.653499509300694,,0.2617768150980067,0.3448275862068966,False,1
0.80716818640529686,0.5899313434671174,0.02145993593343495,-0.58539130983485099,0.80458634789082906,-0.099788892956761119,-0.076134967163731998,0.067983959746255679,0.99477718509835045,-8.6253534237434781,-11.579822151072101,-4.7055736348977284,,0.1600396181459945,0.2571428571428571,False,5
0.025421709658686422,0.99088061448297682,0.13232287980492294,-0.97885995019835892,0.05154502775520052,-0.19793005838270664,-0.20294564438710058,-0.12449384705901823,0.97124371167526768,-1.6615589734727583,-6.7997634689594824,-3.5228447695035112,0.5046346728805154,0.3925621576534206,0.2134831460674157,True,7
-0.60735672741160129,0.79429232862880095,-0.014747960852557892,-0.77574162001946367,-0.59697035129275144,-0.20457599724060441,-0.17129724060080187,-0.11281000114727123,0.97873957670245715,22.290581373650717,-8.2750130687969925,-3.1622732182829192,0.2128804261616337,0.2624090585674749,0.9565217391304348,True,5
-0.2568301748544744,0.96606962075041047,-0.027345002237670547,-0.9489159129674013,-0.25743404290631799,-0.18244534433673726,-0.18329443909039564,-0.020909361923934208,0.98283566641757114,11.451387347579487,-10.192268730579006,-4.0307330144091678,0.2879564044544315,0.269291565375077,1.0,True,5
-0.41401941511499524,0.9102680013880774,-0.0002992604087986156,-0.89181044119420705,-0.40569014378751694,-0.20022398510332604,-0.18237889374823621,-0.082629733647269929,0.97975010397169671,-4.3928837051229497,13.155035018892807,0.66489423143890136,0.3339816153233083,0.305466702556897,0.99,True,5
-0.38833283245066769,-0.88720075414720279,-0.24914339863114537,0.91104946905291451,-0.32898463536679934,-0.24851151810525313,0.13851525612453419,-0.3234871427633717,0.93603931129389339,-5.7077007670521018,-12.223860630571703,-4.8761840876059814,,0.6426757877255631,0.492063492063492,False,1
-0.93856940695756574,0.33096403975163424,0.097725496747801538,-0.32530183793889267,-0.7540128285358465,-0.57065170519061126,-0.11517891541816272,-0.56738651622562608,0.81535658374017272,-13.188443500172568,6.6994312898714137,-0.77884857917472594,,0.6752453189960468,0.2467532467532468,False,2
-0.028357405896360825,0.99959501655056704,0.0023791633197313457,-0.98349346719862329,-0.027474947595793855,-0.17884554015194062,-0.17870774328064262,-0.0074114871571968298,0.98387428686273726,26.854893738132816,0.47004666846658805,-1.165775400378199,0.4307956733696671,0.3178644444956886,0.8448275862068966,True,4
-0.91439449770554238,0.40247272539959672,-0.043570722684523208,-0.38740008166574513,-0.90119121097251964,-0.19435940417499456,-0.11748991144436503,-0.16084186822872265,0.9799622513819044,-8.9919442347676846,7.3247662982133841,-0.58564334013659025,0.268110851051359,0.2429768374496313,0.9537037037037037,True,5
0.32837566555299608,0.94449624122220599,-0.009811859647919606,-0.93387506447141988,0.3230907997435935,-0.15326349558699423,-0.14158667391787405,0.059491053429643406,0.98813664456425443,-8.4869145184204644,-20.365382820793972,-6.6485441091114819,0.2152185153399619,0.2780824368242013,0.5384615384615384,True,5
-0.17970550359992324,0.98341244936533923,-0.024614759985862426,-0.96676943316110864,-0.18117871307853572,-0.18036390168920544,-0.1818317768742464,-0.0086155882253767593,0.98329190811187117,7.8397531502370752,6.7637916680395982,-0.41629422194332,0.3076044314329835,0.276669386168691,0.9680851063829787,True,5
-0.78819168813866425,0.61348169923954232,-0.048929208529137069,-0.59605658282545648,-0.78075476595451598,-0.18745278208058017,-0.15320056403148,-0.1185841479181499,0.98105422227467332,-13.151461378352373,13.412320202723869,0.58987355583176093,0.1958557102452157,0.2705489005865081,0.8913043478260869,True,4
-0.60335121039553707,0.79689696762375062,-0.030373342033960114,-0.77848976446609086,-0.59682088464154159,-0.19431551218885759,-0.17297688728778476,-0.093595163591710315,0.98046873576696492,6.9307811028744952,-12.637891473295431,-4.7688353316478507,0.3070985878673843,0.3025418697141579,0.9738562091503268,True,5
0.77288888664206767,-0.6303841125921209,-0.072516477414648353,0.61642448238205561,0.77301614727073964,-0.14988960463860102,0.15054443339160545,0.071147077593853372,0.98603978972689255,-19.110331498367099,3.8517176146258629,-1.4356340100698934,0.3093170020590882,0.3011799841825112,0.6607142857142857,True,5
-0.097147550498724894,-0.98733434217897564,-0.12543225337252728,0.98019726427363585,-0.073063109940580434,-0.18405190864615537,0.17255629963168476,-0.14082854369701772,0.97488032328978713,-20.088001690264413,-9.5758122913791155,-4.4763682451397466,,0.262266497687024,0.9772727272727273,True,3
-0.2749248569790943,0.96086209822440272,-0.03406392829407081,-0.94394337079138535,-0.27647813708116614,-0.1803628355707608,-0.18272174406463521,-0.017431807477334024,0.98301012015851175,7.1655032963957517,-7.7279867207707627,-3.5543636569463333,0.2393348962013065,0.2171790949423771,0.972,True,5
-0.3920581733748747,0.91953492741538723,-0.02731127886305168,-0.90122785612109579,-0.3898714966277777,-0.1891786654688879,-0.18460427958563017,-0.049555356727555178,0.98156279808185221,-0.345168691401395,5.6443746193656663,-0.80633627439240219,0.2984193576205256,0.2536697987436255,0.9953917050691244,True,5
-0.94378275651476795,0.33011903260196007,-0.017191068010258416,-0.29341384873779058,-0.86053031397805124,-0.41640832375651915,-0.15225774815839152,-0.38795489820181833,0.90901516768806079,2.3166688635810755,-16.655622294940599,-5.8416208267729077,,0.2272246138824,0.2903225806451613,False,6
-0.47310548270096631,0.86753298947741808,0.15348522536929102,-0.87148117471997266,-0.4352857557337152,-0.22593555046523031,-0.12919661120549567,-0.24065083216915051,0.96197474635736335,-8.390883581577345,-10.086863159221737,-4.33084122572824,,0.4593324141872537,0.1862745098039216,False,3
-0.96101287603681318,0.2720347686731886,-0.049510975797065981,-0.25785512101680325,-0.94635949468007297,-0.1947163151723201,-0.099824789791226456,-0.17435822739922938,0.97960921794424527,20.610906695719166,-5.6438348629184869,-2.6533356060115176,0.2188534838893668,0.2278304284590878,0.8382352941176471,True,5
-0.3364467295977982,0.94053345079459316,-0.046908699399600379,-0.92355048167700615,-0.33928508338428998,-0.17871804605882907,-0.18400572256621944,-0.016806550191258849,0.98278147822064332,4.7643235528979551,-4.4579649849500607,-2.8349116516958555,0.2441222759089326,0.2141814597760009,0.9968847352024922,True,5
-0.7112794390546282,0.70210875124858052,-0.033538947483386303,-0.68445975739705356,-0.70268153739691719,-0.19430259263703065,-0.15998874986104752,-0.11524737923989593,0.98036811529967416,10.74671581016579,0.63509933764967963,-1.5866474369295391,0.2777060804944297,0.2456127309748323,0.8879310344827587,True,5
-0.99776055345499026,-0.052587683506190724,-0.041332959156660173,0.060755819848739484,-0.97100279127790434,-0.23121918104912254,-0.027975137599320771,-0.23321259587331925,0.97202329025714629,17.614440470274236,-4.1004654241792355,-2.427800757576835,0.4770728179642953,0.2382404287587156,0.9636363636363636,True,6
-0.6102100680696475,0.79134596444001248,-0.037619641026235398,-0.77302863875375372,-0.605135146922687,-0.19036327803800854,-0.17340817885253981,-0.087080528956618802,0.98099265286936821,-5.9045167107381982,-15.501993530627393,-5.5877856187629629,0.3121988926859957,0.2841074077633839,1.0,True,5
-0.097732792229582865,0.99470845417984144,-0.031676371417199978,-0.97915090139788741,-0.10180202699991607,-0.17578355893090011,-0.17807811099265977,0.01383612958379535,0.98391907589162364,3.2470313178642063,7.7338869481489345,-0.29483698951020465,0.24845584184531,0.2397343665173927,0.9823008849557522,True,5
0.99536825451684974,-0.067698610105286189,-0.06825639962591605,0.068550473038609033,0.99759536617004008,0.010213620427969111,0.067400820071147838,-0.01484532201995417,0.99761553008554393,-12.795775010767947,6.3710230459253685,-0.82423085484809511,,0.4095051525041133,0.4736842105263158,False,6
-0.019006749965488012,-0.97533009169223028,-0.21993170688960342,0.98426368357597893,0.020399010582666622,-0.17552458961835463,0.17568080330301591,-0.21980694394598471,0.95959426985780438,-12.057987730436961,-5.9094658600480239,-3.4653880703132125,,0.1745823490464145,0.3095238095238095,False,3
-0.39774760578352492,0.91729348751483419,-0.019222379050132434,-0.89927123661636876,-0.39391678040689981,-0.19010737257752344,-0.1819562724611076,-0.058328619705385276,0.98157510514240531,-6.924492211688519,9.2471884185125592,-0.15579888092886718,0.27484417192931,0.2595508188239286,0.9861111111111112,True,5
-0.71899106490392717,0.69501831050135121,-0.0011818020839144683,-0.67474528539131595,-0.69842446218444509,-0.23858346645264608,-0.16664527725234021,-0.17074196522887133,0.97112127609237087,-1.9550546392666697,-22.439160188176427,-7.2401938387921296,,0.2499526625977233,0.9365079365079365,False,4
-0.023691406743927234,0.99898217978040516,-0.038383873276210789,-0.9839894760090252,-0.030085570186059434,-0.17566892033044151,-0.17664492166483906,0.033607483508440471,0.98370072110487572,-12.781723085664861,4.2548963954863979,-1.2021092611733104,0.231408691519225,0.2337681612287617,0.9883720930232558,True,5
-0.53687476333623252,0.84347800653850968,-0.017616497338806027,-0.82465532419107102,-0.52907256036738104,-0.20006454495893283,-0.17807044891274179,-0.092882066902753774,0.97962433456498454,17.051904846048043,10.048955217835379,0.51863184029736142,0.2865262691079826,0.2463893477410219,0.7931034482758621,True,5
-0.41609462941256814,0.90873789400861005,-0.032568379861668856,-0.89085663674481508,-0.41456494834126312,-0.18576963254127937,-0.18231761336122695,-0.04828398906057868,0.98205343248657495,-1.5477185930768269,-8.3595498474326266,-3.8432498295931592,0.2767391675636394,0.2574264638766047,0.9718004338394793,True,5
-0.053353756121716625,0.99844081002089247,-0.01641114232862817,-0.9827044681622914,-0.055417135389916654,-0.17669428219114838,-0.17732824073331896,0.0066999992538619192,0.98412895752966545,-12.640952021936593,8.5299258414571817,-0.37697815521417,0.2478478248611934,0.2368515947066814,0.9663865546218487,True,5
-0.032527744484500506,0.99334872250852657,0.1104547931482919,-0.98718941534178928,-0.014659738257806792,-0.15887778419700757,-0.15620180561020849,-0.11420773863838425,0.98110019282396399,9.2326594197102061,-12.057584634312169,-4.5974050436713245,,0.2403759726074294,0.2608695652173913,False,3
0.43075007713076768,0.90183990921241541,-0.033751284473050598,-0.89277711017727857,0.42035805484696775,-0.16201276884486948,-0.1319219564566308,0.099919386892718093,0.98621129253707029,7.7411576231747929,-17.963820133271479,-6.1124119297147388,0.2935160843393525,0.2660528303603444,0.989010989010989,True,4
-0.40079609150825884,0.91599318882551028,-0.01785976083198073,-0.89775889900984329,-0.39655649241998592,-0.19176002599131517,-0.18273328180803772,-0.0608229097037431,0.98127932892466108,11.656244080652998,-5.7748767421911795,-2.9925206609429864,0.2419529918185922,0.238806660197949,0.9539170506912442,True,5
-0.50111224515279484,0.8412603231897311,0.20289797038076771,-0.84962834319195712,-0.43374198279300336,-0.29999928467862053,-0.16437212720779418,-0.32272118150115831,0.93211203339924842,-15.926415400733726,4.769090407477611,-1.1646782784258014,,0.5703055388843407,0.3734939759036144,False,5
-0.78516455377911465,0.61742482405422972,-0.047991771486882037,-0.60027050506735136,-0.77782236469803712,-0.18619261457356895,-0.15228901547725712,-0.1173837962291152,0.98134046087370241,-10.217475213268129,-3.6383669781088681,-2.886186984917062,0.343146440613992,0.3022455393733107,1.0,True,5
0.65729519726621644,0.71714076310236985,0.23167250494548913,-0.7477654488878045,0.65888365467223886,0.081970501129216444,-0.093860839013866257,-0.22711551136526473,0.9693341464102605,-16.261551632610914,-9.4336375263012915,-4.3446319794620205,,0.3876187314963421,0.1818181818181818,False,1
0.045030347222780369,0.99868996464544491,-0.02430272300542069,-0.98427669396202377,0.040194926837106008,-0.17199929528852664,-0.17079712395759455,0.031665791842966175,0.98479724820633718,-19.348587166601085,-4.835654831638303,-3.3451201405036617,0.4035041921819308,0.3445167063069144,1.0,True,5
0.93293037666348244,-0.3536210297451392,-0.067772262914271325,0.34118726867237997,0.92837125413009292,-0.14737049297874996,0.1150311261981508,0.11436337624828155,0.98675673708299538,-15.75219597682365,7.1898940805746312,-0.77224239257074179,,0.1513087268157031,0.5,False,1
0.37018401681062668,0.92229154644904443,0.11109499109581931,-0.91761095468829623,0.38167307487433716,-0.11097657298728439,-0.14475472197473621,-0.060860227280211933,0.98759409840349777,-17.082059602120541,-2.4593729108220015,-2.8358385011494773,0.4326545593870777,0.2459983567885572,0.1538461538461539,True,6
-0.57434762892337221,-0.81285655558380554,-0.096896961740461335,0.80904780019188649,-0.54560651249119041,-0.21852961019475053,0.12476561286977113,-0.20390623720630144,0.97100761494109711,-12.649986859379895,30.876999581280277,3.8916613019170216,,0.2633107980916221,0.7741935483870968,False,2
0.95000019290678361,0.31097199228230454,-0.028214419948849805,-0.31105938928158655,0.950389519270047,0.0013483328285207596,0.027233982757615332,0.0074954437910261405,0.99960098464614111,-11.041213391063367,-12.84458916317163,-5.0412354996442135,,0.1642445027371502,0.2307692307692308,False,4
-0.67516309779517258,0.69650581798823474,0.24297003289329219,-0.71858270969036508,-0.54655502386317334,-0.43001918006523776,-0.16671436863593891,-0.46492714633420473,0.86951082103206401,-9.9507225470752552,-10.088268552668849,-4.3020218436166964,,0.1936382151798559,0.1851851851851852,False,2
-0.20741665097561204,0.97518210659381643,0.077447994662926831,-0.95843083137474339,-0.18671942595120358,-0.21574567769197975,-0.19593027935564167,-0.11897779184242988,0.97337331516737213,5.7912904596160493,-14.467192664959194,-5.2644105129836962,,0.310053289216323,0.1764705882352941,False,2
-0.91491217014009008,0.39114503681214613,0.099705973275304532,-0.38486754611384999,-0.77082566615304593,-0.50764629846775777,-0.12170740683234636,-0.50282536986207982,0.8557768135122662,-16.181815084062571,3.704091535228629,-1.4159396950020708,,0.4384816020159953,0.1578947368421053,False,1
0.27312789673615329,-0.95431160516224356,-0.12120442350486972,0.94438088695052569,0.28998374377668806,-0.15509406406369675,0.18315537771799956,-0.072102625457876324,0.98043629013570199,-27.125340353560173,-8.4242217633157814,-4.4065496528292574,,0.1638559509845196,0.4666666666666667,False,1
-0.054237567767899571,0.99849304545607909,0.0083620821849194615,-0.98283538707963458,-0.051904457709436511,-0.17703256529213435,-0.1763317559223154,-0.017820366038164261,0.98416947036962044,-14.342788985495979,24.866389007946182,2.7314203293270611,0.1567951023822384,0.2785221713430534,0.7857142857142857,True,3
-0.74450466765664169,-0.62941368483581883,-0.22260101791966608,0.66709010199611563,-0.68809959527841857,-0.28549911172627007,0.026525377589898452,-0.36105035704050209,0.9321689997123056,-17.321069528168202,11.432222157733468,0.071595256915391065,,0.3965556390970666,0.2608695652173913,False,2
-0.69092722929479289,0.6975995375676215,0.18966931487318425,-0.70383171392996513,-0.58921612933681755,-0.39679373910855409,-0.16504690934831093,-0.40765087773090947,0.8980981458614592,-9.5424802120036922,23.048814962526869,2.5119999904231505,,0.4631994060989477,0.2608695652173913,False,1
-0.72773204154629223,-0.67602892991443142,-0.11571932261129317,0.68141287200521727,-0.69346089814474976,-0.23406939272335492,0.077990855697760972,-0.24919243299712723,0.96530852983100934,8.2810875897680809,-14.272555146156503,-5.1244299898426462,,0.1001843530884471,0.2666666666666667,False,1
0.27931822647369325,0.95998707027452546,-0.020153244535925628,-0.94817598669849379,0.27244917720903933,-0.16350456900788812,-0.15147153728647592,0.064778628758656254,0.98633670855759004,24.629490123883262,5.377005162383079,-0.24193858476103514,,0.09769789084461743,0.2962962962962963,False,1
0.091937124700574385,-0.96467950737181096,-0.24686233645226785,0.98049605303468124,0.13094927707941706,-0.14655980627645085,0.17370968621583482,-0.22857325934863787,0.95790354943780098,1.3736118380091644,24.522071610044325,2.9636628662140487,,0.1877331921090326,0.1333333333333333,False,2
-0.88010805764196864,0.47437174877228649,0.019525645710270084,-0.45598036760800598,-0.833099000594269,-0.31309417044221105,-0.13225623323589625,-0.28446001331567056,0.94952134762452789,-20.375368267999445,-4.6366713701431657,-3.3338373429055079,,0.1087139116327892,0.2727272727272727,False,1
-0.53742736110290124,0.84274463152602086,0.030875841236220655,-0.82443885176811904,-0.51734669901181218,-0.22946235577289681,-0.17740465392215099,-0.14877459143164737,0.97282768757427374,-9.7539341832792257,-8.0764018832560165,-3.9190753864506549,,0.4582731800213703,0.2253521126760563,False,1
