axis_00,axis_01,axis_02,axis_10,axis_11,axis_12,axis_20,axis_21,axis_22,location_x,location_y,location_z,dbh,dbh_approximation,score,reconstructed,number_clusters
-0.99184749995216959,-0.10894369984945747,-0.066104516500311045,0.12728283007723062,-0.87194165802803314,-0.47277566155932055,-0.0061333519513753539,-0.47733532789689226,0.87869981605517866,-5.4186211738088046,-11.129646267999904,-3.9436839824825998,,0.4857968811448261,0.3846153846153846,False,5
0.24219978943330686,0.97020553115326313,0.0063631217241695891,-0.96251835530025465,0.24109550200811858,-0.12422308409287966,-0.1220560433102562,0.023962183353528399,0.9922339119685325,7.8335697222035048,-15.488254502783056,-4.9663086846527147,0.4008341078771693,0.3183327092845804,0.7818181818181819,True,4
0.35298130911808173,0.93544846227629319,0.01844911483522732,-0.9290528161293149,0.35276568049840257,-0.11143266803181225,-0.11074773250714559,0.022193446947628655,0.99360071993588461,4.9495414013728309,17.929973647020145,-0.43549868847761064,0.256078364825629,0.2356025042937626,1.0,True,5
-0.53071060286844662,0.8346676491335937,0.14722829718777014,-0.84046383882392406,-0.49585001359319708,-0.21852528377508074,-0.109392831722939,-0.23971374493221417,0.9646608361793334,3.132509196024063,-2.0402661611573163,-3.1608922386144251,,0.2736408742055853,0.3441860465116279,False,8
0.95364787868867051,0.30028873516514015,0.019555025070761019,-0.29970581574144034,0.95362048978373848,-0.028006882643023617,-0.027058223950504508,0.020847949480525305,0.99941643748694742,-3.9185114937894321,2.2978655236845658,-2.3489553360830011,,0.1988236432983174,0.5170068027210885,False,5
-0.69101757445242984,-0.71798182789110376,-0.083646916356968179,0.71751187715108877,-0.66729594031850625,-0.19973190576760963,0.08758663108603551,-0.19803591303748322,0.97627371121136364,2.5447084503854271,10.079208871262516,-1.5559656589268538,0.381670227615009,0.2451072030116445,0.5571428571428572,True,4
-0.29087202145884444,-0.91924163524961167,-0.26530790255110304,0.94974115080849708,-0.24388279429606333,-0.19624711235403228,0.11569448385034424,-0.30905662696335146,0.94398028990897831,-16.020355884284129,-2.4199090136334034,-2.6342894213000529,,0.1020327498118279,0.2580645161290323,False,3
-0.022036197910922373,0.99918686760836539,0.033764027908610515,-0.99142896779922118,-0.01749008963109653,-0.12947084062933834,-0.12877502782062206,-0.036327680405979397,0.99100821986808929,11.153482744368045,7.3392870582433209,-2.3472126484353399,0.1489747319030468,0.1525679525767785,0.7230769230769231,True,5
-0.56332254157014661,0.81014501273248041,0.16227375790200696,-0.81781816481945668,-0.51875725063107103,-0.24912720487539763,-0.11764847406696907,-0.27304939711045184,0.95477896043394894,-7.986572124529828,-14.97440008988152,-4.4305968820507609,,0.3104698998107323,0.1935483870967742,False,1
0.24141494681403833,0.97016830715035374,0.022187367031524456,-0.96407479162465914,0.24238395531820306,-0.10867296976789284,-0.1108089328919158,0.0048449979690226748,0.99382991823854594,-10.94808095099196,-12.58720624168773,-4.0634858127582572,,0.1596567276938546,0.8571428571428571,True,4
-0.95409268317710894,-0.28090768061433846,-0.10391355484139456,0.29883075455720487,-0.86941769228564836,-0.3934629035518693,0.020182468597135409,-0.40645264338243486,0.91344891299336228,2.5005761343832442,10.354345855244832,-1.5315515139051088,,0.3272659864447382,0.3333333333333333,False,4
0.96996471571355636,0.24295861297405175,-0.011813663802766973,-0.24300470154424439,0.96569919747121047,-0.091508333122472058,-0.01082429203747654,0.091630630169095506,0.99573423277333484,-13.466467650573707,3.5120725916020819,-1.8992359293049581,0.2805881949416112,0.3047912306844642,0.9466666666666667,True,5
0.46307014271878894,0.88612524345692101,0.018657326464775359,-0.87976656475359849,0.46209892824300458,-0.11169320506780828,-0.10759569909644796,0.035307696400067139,0.99356757802922868,-15.57366813654556,-5.8664271559026133,-3.1704533477366237,,0.3571922085369044,0.7831325301204819,True,3
0.19201138513089824,0.97991914643812372,0.053759598436856751,-0.97248749034015392,0.19734614899908123,-0.12378440373140984,-0.131907956970086,-0.028512522147482941,0.99085181887543949,8.5437183235634997,2.4369008462478896,-2.8194846025612499,,0.1387959142728626,0.717741935483871,False,9
0.041296514246733591,0.99782799118003307,0.051321515261032145,-0.99095438627139809,0.047468125942025471,-0.12552362864826791,-0.12768712636967594,-0.045673592339239427,0.9907622927434625,10.632239642732529,-3.8679065851555383,-3.642214043347114,0.160326870394238,0.2193181738518827,0.627906976744186,True,5
-0.4680236036572889,0.8835629299143648,0.016445525251209028,-0.87448113867047095,-0.46036925062105238,-0.15278380539902681,-0.12742309260586163,-0.085887728831037721,0.9881227927272016,9.8171659734141965,11.076952304721573,-1.7125754626840808,0.1339765212368245,0.2063973023007672,0.3783783783783784,True,5
-0.85835173506954543,0.50165795994281259,0.10757132577558223,-0.51134206739008503,-0.81930852184981651,-0.25935079745684786,-0.041971288047126576,-0.27761995110273413,0.95977370964690456,2.9803127922450545,4.3151453209197621,-2.3329926070248526,,0.4414001962302965,0.4409448818897638,False,2
-0.2508632280026713,-0.95632482585513356,-0.15003489023966129,0.96068782365704175,-0.22691044888649087,-0.15997047747390036,0.11893925471927348,-0.18426740254119467,0.97565310333516819,-18.458087113587887,7.1823465571698932,-1.164438937933957,,0.2239692615027987,0.2083333333333333,False,1
-0.2345275329449106,0.93272916038004539,0.27388528559875069,-0.96588842575980038,-0.19176329196761163,-0.174029850419401,-0.10980157227484687,-0.3053574188233848,0.94588607215430098,-3.3112171605235541,-14.141661624449718,-4.4306545592215292,,0.1805791473727639,0.3043478260869565,False,5
0.17365860750812342,0.93520006515846343,0.30861549890753304,-0.97713280598647367,0.20266945815100787,-0.064316173687322675,-0.12269542576371986,-0.29038927125564207,0.94900995971395219,7.0354776388803861,4.2313361313741877,-2.5438575707006215,,0.3739340059086239,0.25,False,1
-0.10039225456831638,0.99494585656041024,0.0020341425620610861,-0.98645636423393568,-0.099268690515985566,-0.13057399643729667,-0.12971213006136342,-0.015115210766439787,0.99143647992114503,-0.28465953873134159,13.654001337490481,-0.79097129709328273,0.3297096287062762,0.2488460022380112,0.9782608695652174,True,5
-0.95849060566665312,-0.27884055957239545,-0.059528994499539356,0.28448501506394391,-0.92129520346654425,-0.26511021156041314,0.019079702640249815,-0.27104075414389789,0.96237875835882181,-7.5009122723385504,-11.411444666331207,-3.9545363704262795,,0.2200788693188208,0.2432432432432433,False,5
-0.053773078450817836,0.99773878716048936,0.040320821289228204,-0.99039655622039979,-0.048139782245711402,-0.12960410021333454,-0.12737000220104724,-0.04690281399714908,0.99074568309857092,-11.620289696249019,20.665841191241693,0.39646954979888183,0.3622123522421888,0.3345590919725391,0.8518518518518519,True,4
0.99094337893580398,0.13372454529725278,0.012205151712914785,-0.13418290525518053,0.98266260756880031,0.12794196974943878,0.005115435521192915,-0.12842097052713042,0.99170655269000774,4.6360074022002493,-20.598814894972847,-5.5087833353616134,,0.3612455936827773,0.2558139534883721,False,4
0.32210831060475659,0.94670185287177322,0.0013557317213957702,-0.93955788835919285,0.31985258273244194,-0.12216914398243323,-0.11609138926450875,0.038077908142874685,0.99250836885645377,8.1306286348707157,-11.589801540566878,-4.490218945827567,0.26396231264041,0.2092286857839731,0.9649122807017544,True,3
-0.27491836751237431,0.96141636417748899,0.0099229983406624016,-0.95275327149962508,-0.27102573288577503,-0.13713590252187932,-0.12915531290308144,-0.047155347580802622,0.9905025382821796,8.7803288100453383,-4.7045789624306469,-3.6750557611756545,0.1261561911695983,0.1334365303590567,0.925,True,5
-0.38674754407548889,0.92218534879218372,0.00072084992673969624,-0.91346986795526919,-0.38298498269851849,-0.13746018829173717,-0.12648769698813425,-0.053820864917378079,0.99050703026792508,2.1822498987251793,-3.9815520647024654,-3.3436060220310688,0.2951334367332216,0.2656312354650464,0.9936034115138592,True,5
-0.99893402536536113,-0.039781583244259171,-0.023414495551613481,0.043424938079388957,-0.98189365589837874,-0.18438851173356258,-0.015655277709376286,-0.18520873127662468,0.98257449495636007,1.8612768608649914,1.3776856757176348,-2.6704151931567024,,0.06845202089217485,0.2362637362637363,False,5
0.99115972368028449,-0.11762384718650477,-0.061376157643377519,0.11793008156538287,0.99302094427530774,0.0013784384482389278,0.060785672785625314,-0.0086043479485201826,0.99811375462938956,-11.92641744272265,2.6704290347911348,-1.9897427929276301,,0.17793995897417,0.293103448275862,False,4
0.96162665743005449,-0.26898928471334033,-0.054027182318770829,0.26321316939872641,0.96005196453500941,-0.094968694039383808,0.077414463603241002,0.077103761917783731,0.99401308377865327,-19.29374083543247,-9.0880381929985266,-3.5304131775682741,,0.3301585757208061,0.9850746268656716,False,2
0.9457531292918715,0.32456059797099823,-0.014540862400126777,-0.32418430405611492,0.93982397424051711,-0.10786767099743505,-0.021343744710894799,0.10673010675281117,0.99405891619875753,-6.4251624497606281,3.8729337863479198,-2.0528403528489023,,0.2851528790345116,0.9805825242718447,False,5
0.78698468418023249,-0.61589703230646387,-0.036413630165503794,0.60954661393247311,0.7852865849078926,-0.10852605681197226,0.095436011595183973,0.063212539577123791,0.99342646558817516,-12.554726084533504,-1.0557905056555819,-2.5543013874423455,,0.164857000545544,0.1052631578947368,False,1
0.57376803377296293,0.8185570133114789,0.027471064393298359,-0.81289908947764489,0.57325338417532357,-0.10283787171055216,-0.099926541753055043,0.036673880216465712,0.99431871789841342,-13.73013888388946,6.7441170700522903,-1.3331205516031488,,0.16335102534274,0.4838709677419355,True,5
0.050512831206004576,-0.95969274088867107,-0.27647476732812987,0.98977281834657949,0.085082600929203195,-0.11450204837203169,0.13340997693509593,-0.26786338701791979,0.95417555195543824,-7.6614728583413942,-8.5967257121799214,-3.6129444139617291,,0.3249522870791235,0.2625,False,2
0.010176699256986291,0.99913905574772888,0.040219175423776926,-0.99196222052737359,0.015160403261558273,-0.12562290881582472,-0.12612449341279805,-0.038617475998343281,0.99126247921974819,17.318873844213925,4.7084037444824443,-2.8557841640630524,0.2454308915707225,0.1603934517214194,0.3548387096774194,True,5
0.87407872748240856,0.48575940763447439,-0.0049169154291666215,-0.48379202727113246,0.86953369013508131,-0.09927958535850355,-0.04395056895673756,0.089156938118539211,0.99504742996186157,0.76103983450854917,-10.790612749889043,-4.1066687357491807,0.2568820548980267,0.2186627010812758,0.8552036199095022,True,5
0.55321835807515374,0.78776586707679197,0.27087706982574339,-0.82710071706738086,0.55817457623888722,0.06592075748323048,-0.099266570985679883,-0.2605111919079266,0.96035413612659382,3.8328779701446263,-2.9713069007549429,-3.3441668723378628,,0.3370157778394623,0.2174840085287847,False,5
-0.22117594246574121,0.97358229329743695,0.056733769944317301,-0.9665756471440079,-0.21110636472288902,-0.14548409233187423,-0.12966387632079263,-0.087015061634122953,0.98773258437001876,10.508545542099245,-3.8588897049662125,-3.642282973251505,0.2355562120436068,0.2149545181034742,0.72,True,1
0.34984075790061114,0.93673216880454824,0.012011995598284787,-0.93008238753864603,0.34883398691553524,-0.11515902901216316,-0.11206335931935105,0.029115176443557218,0.99327443841001095,1.638270198382956,2.4880750376399128,-2.5170254911500818,0.3020354459660401,0.2476577831252831,0.9906716417910447,True,5
-0.7010776136008271,-0.70623134035437407,-0.098627955514818233,0.71084372904336068,-0.68119969194466334,-0.17512330677047108,0.056492234753973872,-0.19288409368260365,0.9795939739589774,8.4618126228303527,10.970262554841304,-1.6583431451249846,,0.1396885026484347,0.3125,False,5
-0.66391445537589588,0.74598577587551429,0.052180629876753336,-0.73737670452477633,-0.6414427938436319,-0.21172325769800826,-0.12447164965207498,-0.17904291222353103,0.97593567616693289,-6.5582140823693633,-18.102106346620854,-4.9121860691116233,,0.1403944501583106,0.48,True,4
0.33177022874624112,0.9433479509047773,0.0048123633930358652,-0.93617662508054167,0.32986789259197979,-0.1214927985097678,-0.11619742669472387,0.035802471432653173,0.99258064713595962,13.637653415571599,-1.9117994480553691,-3.5295547134139857,0.2437279995730691,0.2481922386989774,0.9473684210526315,True,5
-0.9667676359841294,-0.25326006891990499,-0.03492385294239192,0.25530335211790045,-0.94920181180519969,-0.18394596723790702,0.013436383852074183,-0.18674918462047083,0.98231573622362789,3.5678945257503805,3.6655559211109296,-2.4697379181045878,,0.1126966497008741,0.1756756756756757,False,3
-0.99712035767166518,0.066550536668693455,-0.036359570759822907,-0.054125210081250708,-0.96035835900894784,-0.27346349649505541,-0.053117360160216572,-0.27070805002945442,0.96119493220618868,-14.505870738458329,-6.8914757537461666,-3.2669120341299767,,0.2175054238994754,0.5254237288135594,False,5
0.80134495634572278,-0.57137894093602559,-0.1771224627033432,0.58743546643015743,0.80756018482044478,0.052593922393678508,0.11298598903959264,-0.14619389093800914,0.98278253572860674,-12.930616371598518,-1.3986307230605126,-2.5798314774861697,,0.3234717462369107,0.2962962962962963,False,7
-0.076209667445363519,0.99571624757268795,0.05235686113233777,-0.98837498829049919,-0.068511110730175434,-0.13572439069036729,-0.1315559542917801,-0.062091722687339139,0.98936224350037494,15.627468703681087,6.8776011139984501,-2.5278024665592129,0.160585309752819,0.1528926470539526,0.4,True,4
-0.60827008150321893,-0.73644195562667802,-0.296075588221693,0.78659144837923189,-0.50937598625472835,-0.34901289082738129,0.10621394110346327,-0.44518462531827974,0.88911711719856867,-7.8612193428026229,-9.9936160044416251,-3.7808797712653499,,0.5347513705321874,0.247787610619469,False,3
0.7185181606035751,0.69549284168148162,0.0046216937016135473,-0.69111574411107735,0.7147102656089297,-0.10746285160465495,-0.078042815970760224,0.074019885186547563,0.99419835821244606,-10.990961434185429,-3.6818546873893476,-2.9382176468903882,0.3626917119487707,0.2908034598520035,0.8387096774193549,True,5
0.88257587216788658,-0.45300504690682386,-0.12588191825691161,0.46193573766783402,0.88535050793312609,0.052629386922414451,0.087608242376887302,-0.10459878383375953,0.99064821722351593,4.4924170177859724,2.2436587398426791,-2.6469494967677512,,0.4466616518995601,0.4398340248962656,False,7
0.18697699441153615,0.9573794474714874,0.22014585419675503,-0.97474602353793627,0.2086632760439964,-0.079560208820548317,-0.12210566390553154,-0.1997103672566288,0.9722170416385495,13.835472152798369,-9.4124000684939411,-4.3813789408007464,,0.2271806884761379,0.1785714285714286,False,1
0.74920947983031227,0.66233306355078014,0.00026126582465614036,-0.65833282953555683,0.74472771859922371,-0.10944638278948793,-0.07268452990905705,0.081826267649414683,0.99399266648927831,13.915076014610312,-8.5897363500381498,-4.3182957274354594,0.2211006717598673,0.1558982233151118,0.7192982456140351,True,3
0.33866160489643371,0.94086729056117768,0.0087783210831828551,-0.93426965605451617,0.3373638480077315,-0.11543761879557142,-0.11157296780469339,0.030892970227609624,0.99327594214587123,-4.4702537517493832,-15.885155346806256,-4.6839959196381713,0.3103682855274596,0.261021044742364,0.9824561403508771,True,4
-0.2792620545478251,0.96019759408529803,-0.0057693329365921565,-0.95191056122194917,-0.27763037216697811,-0.1295672021946136,-0.1260118578699726,-0.030691314133333536,0.99155385880592872,7.4024321280697993,-9.4064154790420016,-4.1988273574409298,0.2824460278546721,0.2537249872252901,0.5116279069767442,True,5
-0.7564780973939963,-0.62613656971982556,-0.18892825152064494,0.64938224678824119,-0.68475592915254824,-0.33077487063966221,0.077740502438651618,-0.37291059726148751,0.92460483490552092,10.991907209017507,-8.4038120893642212,-4.1449251527175406,,0.560112310203816,0.3018867924528302,False,4
0.041667144581448615,0.99676756863119564,0.0686896148444818,-0.99099165601702255,0.049987701085028785,-0.12424478840125722,-0.12727681158431026,-0.06289390960409777,0.98987118827029374,10.792099029355258,1.6458466322536842,-3.0525453067421036,,0.07537611971345307,0.3255813953488372,True,5
0.38047690750041141,0.8876671290946736,0.25939234912337494,-0.91155869914051046,0.40725609269998497,-0.056596934369286103,-0.15587835282739995,-0.21491752577107509,0.9641122321785236,-6.5292281741784928,8.1063140285194368,-1.4397623301775133,,0.3108195444855708,0.2173913043478261,False,6
0.38578559292948833,-0.91908838756708444,-0.080287060771841251,0.91384864668227805,0.39263129909334027,-0.10354377783936004,0.12668909678821572,-0.033424524104528189,0.99137917768297601,9.8068743438604695,1.0722023960004154,-3.0611497709786257,,0.1269104155127976,0.4782608695652174,False,4
-0.17712597470091285,0.97163093424593516,0.15671540033648509,-0.97866063488528399,-0.15703137893782856,-0.13253115767554127,-0.10416213713334932,-0.17684590367112654,0.97871128303629862,8.939259209600694,7.0227312850055075,-2.31892184550719,,0.1895853784245183,0.16,False,11
0.16896998018439144,0.98558036203751309,0.0089719430722575138,-0.97792691224415629,0.16877916153221523,-0.12317690100458618,-0.12291501171580931,0.012039293936436551,0.99234417179545908,-2.4077697953480244,6.4047364178071309,-1.8669397066578541,0.3537356520387419,0.29666044033639,0.9483282674772037,True,5
-0.14060475845689588,0.8936287604691846,0.4262134915292875,-0.98148370001284357,-0.069250360910240852,-0.17858928893665421,-0.13007708679231839,-0.44343209849548509,0.8868189925320239,-12.972367351510551,0.039677564512688168,-2.3622523932810058,,0.4984456863760706,0.3692307692307693,False,2
-0.88363322113298992,-0.43189381503663304,-0.18072095352570289,0.46719651910479215,-0.78843136780609102,-0.400129217623235,0.030327265727431232,-0.43799966985434957,0.89846343618478897,-1.5529635938197557,-8.8155516075156566,-3.7537267060833774,,0.5121076679910211,0.44921875,False,6
0.55126005821989865,-0.81288678309182982,-0.18795591527273328,0.82588439234527378,0.56362978170219069,-0.015376594513075617,0.11843698194344765,-0.14675335448621921,0.98205709317491829,14.730216899026342,-7.2721055031059754,-4.1509072650409999,,0.2017601755691131,0.3,False,1
-0.56460237809392044,-0.80718429810636783,-0.17227206256737704,0.82201833401570512,-0.53115772477983025,-0.20532250229518856,0.074229463104168392,-0.25753636694114268,0.96341320652668183,-1.7506748017158167,16.468620291785822,-0.48014416419198092,,0.1900772819893489,0.1111111111111111,False,4
-0.080558104327953642,0.99608312073390282,0.036452824528362099,-0.98827319757077225,-0.075060142083357317,-0.13297391486177967,-0.12971691790328729,-0.046737475963462352,0.99044895353078988,12.238866142850069,-6.15665169605938,-3.9382623615156063,0.1159940410567364,0.1030309638075356,0.4242424242424243,True,2
-0.99478424511228647,-0.096100582722510791,-0.03419040328473591,0.10180350089834971,-0.95629052197745712,-0.27412494374084806,-0.0063523917715088696,-0.2761758779772,0.96108612077290168,-7.2115363276776048,6.0048541738734187,-1.7054183795140587,,0.185666210247338,0.2708333333333333,False,5
-0.91459400776308364,-0.38389960993529504,-0.12703893283315609,0.40428259751132273,-0.86143725769765322,-0.30737832129127668,0.0085663477256566582,-0.33248600052013261,0.94306928544236235,6.9575957574736353,-7.5771802634499252,-3.9704850839859347,,0.2702265237354513,0.3008130081300813,False,5
-0.84041069294407411,0.54005785717161781,0.045247962301785488,-0.53457072071261647,-0.81234217293496058,-0.2330972728886006,-0.089129185691653817,-0.22008567645012525,0.97140016639870708,0.67278934024966686,-7.6142800091015959,-3.6716851479216341,0.3892996645480987,0.4370146303707161,0.4565826330532213,True,3
0.83036275667205972,0.55642766388911391,0.02976486504051154,-0.55456535845589849,0.83043326299325204,-0.053271558218809009,-0.054359502689570655,0.027728154884203687,0.99813636037069553,-18.211013612949188,-3.1519204280951496,-2.659247279218921,0.3969910787131871,0.1558062473934727,0.3636363636363636,True,2
0.32050073071330581,0.94610256525610326,0.046574860472770568,-0.94060442123207588,0.32368109505072395,-0.1024395991081397,-0.11199376933967886,-0.010976553310818144,0.99364828330073918,15.235738207910169,-12.137908666082694,-4.7222860664989872,0.2605452342605667,0.1656282806746685,0.6842105263157895,True,2
0.59871553299940417,0.79726111945086264,0.076905253118347658,-0.79805413792465396,0.60195979979995251,-0.027458921430743188,-0.068185801209472804,-0.044934472699243999,0.99666021776564551,9.8416932560090107,-0.038741994552202452,-3.2343706693964274,0.4107086458889894,0.4374782078084486,0.2941176470588235,True,6
0.26847099948372383,0.95176544176940503,0.14854583901846657,-0.9581288130783796,0.27977730522701355,-0.060941258839368975,-0.099561538684507983,-0.12596508775609361,0.98702598581869838,-12.503489105170653,-0.080632540689865528,-2.3925039722301755,,0.2701626346810685,0.3157894736842105,False,6
-0.19607103620796365,0.98006561052688967,0.032055386799886371,-0.9720826329617801,-0.18996948967597341,-0.13772054199117797,-0.1288856215969377,-0.058163494176374446,0.98995227384493933,10.118593407570623,5.1743364472354871,-2.5729332973510526,0.1219640223381039,0.1215265493983736,0.8695652173913043,True,5
-0.22605653459276218,0.97399153740496536,0.015457303497811666,-0.9654691888111594,-0.22191277644072696,-0.13646964903849529,-0.12949011014063372,-0.045773406207972843,0.99052365275135501,7.5320150360091001,-3.3471000847309162,-3.5662391926700416,0.2820284114485719,0.2418745525624479,0.8876404494382022,True,5
0.8809654826528861,0.45529651034433472,0.12886002499781354,-0.46825617412388726,0.87803380630564609,0.098958528582827193,-0.068087985496899636,-0.14751855019857452,0.98671287798339968,-8.6557318630244726,-10.217909451832123,-3.7745372238973278,,0.338821913475657,0.1375,False,4
-0.92771871002735073,0.36569807224313194,0.074852622017163833,-0.36556151659733083,-0.84951404683687815,-0.38038225748566279,-0.075516704431845494,-0.38025097525777196,0.92179521758754301,-3.6753024030138786,8.5745935212913338,-1.3899694996824379,,0.3299760381062933,0.3291139240506329,False,6
0.74872410482737717,0.64264759007191363,0.16253088883409816,-0.65602272153935093,0.75353934409067369,0.042575177410071025,-0.095112584207054374,-0.13850101762137706,0.98578449188618145,5.3667695275662046,6.9517901998847389,-2.0709180370273241,,0.3277720296443566,0.358974358974359,False,6
0.74677948803363292,-0.65525537059777084,-0.11384548983162678,0.66325943431697665,0.74638056303083489,0.05479943356731154,0.049064437648354185,-0.11643218812919397,0.99198600117426006,-13.86586780170661,1.5229957844967363,-2.140790899635495,,0.1895866987889184,0.1904761904761905,False,9
0.99227187125550553,0.12334686943406518,0.013493825103073103,-0.12387935955782961,0.99099429856203458,0.050835071486940608,-0.0071019568175676329,-0.052113817921508022,0.99861589822664265,-6.7380264343694272,-7.3233503682399821,-3.4695091971444332,,0.3228628817526366,0.3850574712643678,False,5
-0.84389194449531313,0.52072641827008248,0.1291912664677137,-0.51830897802710607,-0.72907556499152226,-0.4469951049271022,-0.13857196438103089,-0.44417656156972679,0.88515817390999596,3.4379749615197359,4.005703601144381,-2.4050154379293507,,0.5804363909630683,0.3647798742138365,False,3
-0.9465295020761908,0.32091041193675557,0.0331422571648353,-0.31543550248351243,-0.89900744098296581,-0.30378621566857433,-0.067693023808752362,-0.29799685999661363,0.95216360251785859,3.9766652804015004,7.2928186662713701,-1.9459784370658684,0.6117301588433184,0.3765281737832448,0.2727272727272727,True,6
0.8714322460308902,0.47990551052388702,0.10147187564230024,-0.48884672617386865,0.86673244348847389,0.099013886468473228,-0.040431656986202623,-0.13588808767992944,0.98989883762940278,5.6349814631101989,-7.7115897057832807,-3.9483129878156911,,0.5255995016870688,0.6149425287356322,False,8
-0.14863421795284254,0.98875817583884529,0.016283088324560289,-0.98055957020936135,-0.14522874172899342,-0.13195280158695361,-0.12810463896510343,-0.035579239559775364,0.99112225239269469,12.668132668293801,6.2150108306632195,-2.5041234024884855,0.1313773339058219,0.1424147780789934,0.8260869565217391,True,5
-0.35141297396624982,0.93559424956962012,0.034239186620821579,-0.92771617950892993,-0.34306971226712762,-0.14712533025385396,-0.12590318504927128,-0.083465997251635393,0.98852507064678896,9.0836196298931569,8.3997223662730462,-2.1101722878573956,0.1989029167833481,0.1030081386277056,0.3658536585365854,True,6
0.23398221617342205,0.97213371493912326,0.0144347772144957,-0.96492056586191222,0.23401338009891698,-0.11902117253415828,-0.11908242561898071,0.013920424323199784,0.99278678360228012,2.8835850057640231,7.5038307806268545,-1.8841811951194609,0.3361257148896525,0.2745419588883622,0.9303482587064676,True,5
-0.82246011919830908,-0.5442450437816776,-0.16539856301486466,0.56845528133819745,-0.77596429023314428,-0.27338254041120291,0.020443714119829967,-0.31886792344488313,0.94757865211861669,7.353860999195728,4.1681205297418931,-2.5776821774144727,,0.3141559664976077,0.2589285714285715,False,7
-0.0044014936332101486,0.98635414531356791,0.16457863432577563,-0.98493187422747752,0.024177920145079908,-0.1712443613909857,-0.17288675479788843,-0.16285247373067041,0.97138521803415134,-1.4268002194267895,-5.7389119045428076,-3.3949470640311619,,0.2509976392236669,0.3372093023255814,False,5
0.56498707759040689,0.82457509047504318,0.029419760772723888,-0.81997056566101123,0.5650874005760177,-0.091238704286059902,-0.091857898982130454,0.027425351015294301,0.99539438240140543,18.835143460043756,7.0119429924794758,-2.6452262930838395,0.1900095374647504,0.2027676591621063,0.575,True,5
-0.16504213057982739,0.9626713730298142,0.21453419933093182,-0.97762517867724785,-0.13091214684856162,-0.1646542432607801,-0.13042279382819061,-0.23690892207005093,0.96273779270040927,-9.4404010102767622,7.3778971380299563,-1.4343191148343217,,0.4300656198209657,0.2105263157894737,False,6
0.19275502452318413,0.98113048402325409,0.015115351182216881,-0.97384719131498565,0.19316695590811897,-0.11961678441215773,-0.12027945996295659,0.0083366939182083453,0.99270506750269671,-7.411118256255512,-10.755057420191685,-3.8939325997148391,0.3467424725529368,0.2539396490262427,0.994413407821229,True,5
0.94782231403028883,-0.31544485992258248,-0.046123761497641663,0.31334418148064169,0.94845215802772298,-0.047475550178828041,0.058722099404702195,0.030545773537071018,0.99780693060357462,-9.5963908567686271,8.7284683921234159,-1.2269389880795982,,0.1717923356773751,0.358974358974359,False,5
-0.21363063508513172,-0.94007947382501222,-0.26573019144615762,0.97123517073952337,-0.17509260291439743,-0.16138408695788509,0.10518647665784973,-0.29256309284930221,0.95044339222846852,11.274673988705612,1.4388494653882951,-3.0668160923537093,0.6744834553798834,0.4170178214272657,0.6198347107438017,True,12
0.66968177768049442,-0.72819177268000168,-0.14581858195665406,0.73459563945203676,0.67836199721605628,-0.01393726053056113,0.10906678293938143,-0.097784165048335175,0.98921316910211732,0.87427560504160784,-7.7836830599857958,-3.7273005908260135,,0.2917362689463128,0.3888888888888889,False,3
0.48816938694476814,0.86403293566019124,0.12303550603139322,-0.86701469069468384,0.49625245087324621,-0.04493363018829373,-0.099880807813969769,-0.084738368504050005,0.99138450317407167,12.894306916271026,-11.545351015519444,-4.6187874579907211,0.3412115506766319,0.29744022010669,0.34,True,5
0.14030298036152355,0.99005316335370774,0.010478904283954062,-0.98229105131922034,0.14051474284141544,-0.12393505372732039,-0.12417473253386481,0.0070951235034498773,0.99223499989801589,5.3046362170987953,-11.494091566370246,-4.377312631261189,,0.2151828571178094,0.9315789473684211,False,5
0.96131851769850307,0.27524511131011364,0.010336161271775605,-0.27541243556457434,0.96107067010157721,0.022162071358410057,-0.0038337796418351101,-0.024151516937643128,0.99970095846871565,-6.2183378480969953,5.4099336210284816,-1.8559326403003529,,0.2300654578772855,0.4545454545454545,False,6
0.91923435025059719,-0.38214345123814036,-0.094734323215862434,0.38375721478752073,0.92343314086865846,-0.0012784537423011083,0.087969366360621748,-0.035179781426970529,0.99550176974270788,15.438990157418679,4.9601133246130118,-2.7666975583751388,,0.1629739343845693,0.3461538461538461,False,4
0.98779563134872883,-0.14226294434694717,-0.063411713067097975,0.14933523387285302,0.9807203824490156,0.12604173663194873,0.044258090927048091,-0.13397307981379941,0.98999617942328388,-5.6764017529111817,-11.491260830674459,-4.0144282707098231,,0.3412595814814838,0.3202614379084967,False,5
0.49347853700908889,0.8697344714000711,0.0063939635444558787,-0.86388842134760591,0.49098767844167346,-0.11237390746965012,-0.10087481832900977,0.049930440383543565,0.9936454207362877,-3.8206450504767306,-3.5692766899103709,-3.0864196189968625,0.3444048674211404,0.2985404995658275,0.9898373983739838,True,5
-0.63202519572488114,0.77241798488277047,0.062566833055263768,-0.76813613462996422,-0.61374338106929349,-0.18244435006151563,-0.10252331756562708,-0.16336927135563678,0.9812234457716883,6.5266413732651669,-21.368137253879553,-5.6438092296838844,,0.2308925658482697,0.3548387096774194,False,5
0.60053346490651749,0.79910035895845588,0.028251970547909143,-0.79398376708017082,0.60012360016232946,-0.09716708363116866,-0.094600925685504503,0.035920479404820169,0.99486701825860824,10.328643964574493,-7.2138634668219952,-3.9624701414043342,,0.09441620618493995,0.4782608695652174,False,3
0.31533431601917872,0.94895808968001094,-0.006543177483538682,-0.94197431136841825,0.31216246241727952,-0.12344631942498463,-0.11510284906426711,0.045090365805180277,0.99232967961703322,-7.0530259317679187,-0.49627518315600511,-2.628932486168162,0.337216710544317,0.2585806558546089,0.9954022988505747,True,5
0.96409058895548183,0.26557108056661999,-0.0011564835274572183,-0.26522971905521436,0.96261156755654009,-0.055065108156000478,-0.013510455853287966,0.0533944863540953,0.99848209618881911,-4.2874774001442617,10.820673016140841,-1.0816001213505428,,0.2462041947564549,0.6717557251908397,False,7
-0.93323986991508268,0.3586326790253237,0.021117450982518909,-0.3515314488898163,-0.89947791097763785,-0.25954793026478107,-0.07408768887140757,-0.24964392481777778,0.96549931390926924,-3.8930698937727071,-11.005139878396289,-3.9714682205075609,,0.2047532269111985,0.575,False,5
0.43789618688933435,0.89888938697239262,0.015646069671896794,-0.89261358636747201,0.4367820389315637,-0.11163528070903946,-0.10718169125359579,0.034918769382421715,0.99362606880296611,12.337490786238886,3.0825196804390047,-2.9673985105990068,0.1466947734341935,0.1076423320353774,0.5084745762711864,True,5
-0.63265194567943661,-0.76294640057844443,-0.13290713100665066,0.76962696944276077,-0.60029882352916952,-0.21752160898597372,0.086173334241950852,-0.23990438160627844,0.96696434481925675,-14.915817983345505,-17.633181447102746,-4.7085577453273677,,0.2141664422154259,0.1785714285714286,False,1
-0.18112875219759397,0.98320977717406755,0.022156470762804303,-0.97587398002391235,-0.17689334371215487,-0.12797937358270856,-0.1219112391850386,-0.044802667550646977,0.99152930906792403,1.8571618922279269,-16.414342357367143,-4.8964697687344083,0.3067576489807134,0.2643734891443965,1.0,True,5
-0.99277060394834127,0.1172374110173743,-0.025727755323557464,-0.10854299583642779,-0.96841135460911421,-0.22449469107084419,-0.051234226752229182,-0.22007916239863276,0.97413562520165387,19.886858244154109,9.0868777421996469,-2.3954661483636905,,0.1969824464813772,0.2727272727272727,False,4
-0.30141002336369282,0.95314375129630191,0.025864786500391337,-0.94504883967605824,-0.2950277978913447,-0.14085911081048039,-0.12662815027802257,-0.066899834351039716,0.98969173166242497,8.8332259693276551,-1.5233775422127709,-3.3951002491983395,0.1836967549212017,0.1496968278523759,0.4923076923076923,True,5
0.92965471932877441,0.36817930462077353,-0.013641938231080701,-0.36721848653097333,0.92295472511369647,-0.11534798888668191,-0.029877850987618151,0.1122433741441534,0.99323146294360654,-4.3680528856749898,-10.35057044431505,-3.8867373559920595,0.2288914956831468,0.2073034389860128,0.8779342723004695,True,5
-0.12404939644020226,0.99206472736614093,0.020477401172185661,-0.98357856959349477,-0.12020953110143634,-0.13462119472352221,-0.13109136004801078,-0.036840810907442401,0.9906855252664416,8.2403515850698241,-12.987580423542353,-4.6900219361637063,0.2447102845857419,0.2852354414160734,0.9847328244274809,True,5
-0.25668262571134726,0.96439004048317523,0.063764249190188471,-0.95938902052073238,-0.2462541297332648,-0.13759219052541782,-0.11699032849855152,-0.096492245316254943,0.98843437295129977,-11.828043110533457,-0.5655766355080496,-2.4918762227979356,,0.1002261620100172,0.4642857142857143,False,5
0.37526747077981082,-0.90700002352604381,-0.1911158881366973,0.92358722844063557,0.38334501629537687,-0.0057645418588012781,0.078491762853617336,-0.17434894839158616,0.98155055262522195,-7.8349559633230168,-8.7331976401979556,-3.6214181600115589,,0.1900409746610924,0.1833333333333333,False,5
0.91551830691044656,-0.40159459410274523,-0.023409649704342714,0.39595436874171502,0.90987972254355787,-0.12385083115751723,0.071037789845820071,0.1041185501796341,0.99202467707326292,6.1279741245540142,-0.705245725083398,-3.1396358195325087,0.4050555195775615,0.3202781193123638,0.9617391304347827,True,5
-0.90366795223149832,0.42757358861049938,0.023770957752496623,-0.40057161805205832,-0.82436420101710495,-0.39995755136337607,-0.15141535893325855,-0.37095079242963092,0.91622535365211466,-3.2044946488520862,8.7662383260939443,-1.361895317531302,,0.2159102465623651,0.1805555555555556,False,2
0.75255408042292837,0.65793294235369504,0.02804637952768109,-0.6549707408500125,0.75222928625857544,-0.071863965415925657,-0.068378978269548807,0.0357119624317212,0.99702004547054557,-7.1633259991842273,-21.529598578210766,-5.3437060851817044,,0.3425676653291292,0.48,True,2
0.98459113956354993,-0.17478681624880441,0.0054641338339754767,0.17289883239214407,0.97768594780069529,0.1193154693679267,-0.026196977886431778,-0.11653221159259805,0.99284135792731509,8.4071482035025085,8.8999877765603053,-1.9679432134643378,,0.3275423358630865,0.6865671641791045,False,6
0.80913674208369535,0.58447525053689231,0.060715847354867555,-0.58678619835221424,0.8091671138701686,0.030504741506477417,-0.031300000535758425,-0.060309728409752433,0.99768885261167617,-15.146018733296518,-2.0240389407981763,-2.5966596337191432,,0.1659123531487673,0.2666666666666667,False,5
-0.42862791353470364,0.87083516278374296,0.2406745333397336,-0.89963832921190068,-0.38683991436225756,-0.20249878337664551,-0.083240545118992176,-0.30331666606965935,0.94924707623077775,-6.882892194407475,7.2733870894881205,-1.5293483316204837,,0.3071299542278088,0.2222222222222222,False,3
0.086339170589628547,0.99525132729503729,0.044948227321683756,-0.98659426131194716,0.091685221206377024,-0.13500216205184121,-0.13848216913461778,-0.032689688432355452,0.98982527402666742,5.9541919004155455,11.93904045225495,-1.4828139499962458,0.3479780832018436,0.2567708513630808,0.1842105263157895,True,4
0.94209924998619787,0.33526700266423154,-0.0067111921434747316,-0.33528815039098181,0.94211284600700285,-0.002289453205672809,0.0055551222163828778,0.0044070753486469428,0.9999748588359777,-7.9721624413793393,9.1546181406902729,-1.2265904473597102,,0.4638046268818123,0.4835164835164835,False,7
-0.48220518085126551,-0.79545385075993413,-0.36705767240501957,0.87012061678191444,-0.38617167591346829,-0.30620507666144947,0.10182473084304759,-0.46703812267669947,0.87835477806827311,5.1242915048056918,-9.1302877212091929,-4.0939012113179691,,0.4893521600564149,0.244,False,2
-0.58815947748667241,-0.79130833485781549,-0.1670315785327886,0.8039667582753478,-0.54966118965504474,-0.22695820799263655,0.087783145482674435,-0.267775457746881,0.95947403487411531,11.918406433787114,6.955354731814082,-2.3854277133048982,,0.1996506156592218,0.2333333333333333,False,2
0.94684438427398021,-0.31297869197262573,-0.074364308239442276,0.31556161708862052,0.9485576319445379,0.025676539879528559,0.062502622258921281,-0.047778208954233597,0.99690052912007387,4.6028371087476385,-9.685802989222223,-4.1626344535648974,,0.2007898478160018,0.1111111111111111,False,2
-0.23187377498870049,0.97208291642494682,0.035907604588154694,-0.96427453970861143,-0.22483674400275711,-0.14008229943852396,-0.12809826127717394,-0.067106200466189758,0.98948855138235747,13.300931056043183,1.6674248330513923,-3.1425866273539844,,0.1191767701001668,0.4166666666666667,False,4
-0.74726721014314479,-0.66157884974555525,-0.062491137085427438,0.66085945375679089,-0.72999162351910785,-0.17429002258366338,0.069688586046480525,-0.1715390776507961,0.98270944119488202,17.413491387645472,9.0881669170975652,-2.3153928931280627,,0.1503894718990777,0.3076923076923077,False,1
-0.66434592385579327,0.74741505199622682,-0.0039030123838617904,-0.7398004719871687,-0.65830369998267402,-0.13903776550521241,-0.10648828622789201,-0.089481722371652847,0.99027938797979997,-15.561753769175784,-12.51258964287425,-4.0149900693451173,0.1793476275749381,0.3083692242712475,0.9571428571428572,True,4
-0.2177032259283023,0.97568014120044289,0.02556496601787351,-0.9673599586025915,-0.21221812660705161,-0.13848529608513258,-0.12969200404344122,-0.054879220170096207,0.99003447176384662,-6.5536289313662506,13.306749633888764,-0.8038541251218938,,0.1213773999681727,0.1904761904761905,False,1
-0.63178240930150187,-0.75965074019887613,-0.15421329453872876,0.77292593046596869,-0.60233433901551059,-0.19944635884383624,0.058621611292301493,-0.24520215528834011,0.96769799510562526,-7.9450655383798177,7.8325449098352147,-1.4325308975430524,,0.2277906596724012,0.125,False,3
-0.99185331936674948,0.12657309808474254,-0.014361187360075783,-0.12289169870673695,-0.98044483814125083,-0.15370604981961355,-0.033535402936801968,-0.15068898501020925,0.98801225020060324,14.201096721898638,-2.9370091106586673,-3.6351640177207809,0.1649880642073219,0.119310869462081,0.46875,True,4
0.39855624442555854,-0.91336360701242403,-0.083185584175674523,0.9086694111233562,0.40554745699417222,-0.09925301715460913,0.12438979587621929,-0.036030286021816002,0.99157904232141703,-11.67608510455144,-5.3594357313447958,-3.1389530041625893,,0.1870103221774334,0.475,False,2
0.23119118002028002,0.96873718314404844,0.089993934656536143,-0.96548265212086692,0.23984965741023545,-0.10156470988414373,-0.1199745253563772,-0.063406717580451896,0.99075007011414584,13.194893383768058,7.9477959861661205,-2.3246846944851138,,0.0900121864418561,0.1785714285714286,False,1
-0.30538470694665876,0.94670237504961852,0.10244410104303499,-0.94009012915149526,-0.28261839079263396,-0.19067615020685652,-0.15156097728316831,-0.15453626843299353,0.97629289247836759,-7.0962781652894318,6.7545120795435505,-1.6072020447032729,,0.3682925986118169,0.5357142857142857,False,4
-0.20002366083190354,0.96371010687130698,0.17678621275851347,-0.9711539703744414,-0.17110147600601225,-0.16608507077556162,-0.12980947936635048,-0.20490757629394457,0.97013524018251129,11.23502801007692,-2.27603603436325,-3.5188581934360288,,0.0887427708910073,0.4166666666666667,False,1
0.023639086285120292,0.99966593977477325,0.010449997790676444,-0.99108194387367188,0.024804721850147413,-0.13092481163447298,-0.13114028415094292,-0.007261861204768745,0.9913372237763769,20.077160796233052,4.1383117495490254,-2.9627965295095806,0.2244568633699762,0.2229491887619711,0.4090909090909091,True,3
