axis_00,axis_01,axis_02,axis_10,axis_11,axis_12,axis_20,axis_21,axis_22,location_x,location_y,location_z,dbh,dbh_approximation,score,reconstructed,number_clusters
0.33518174999267336,0.92923292972897031,0.15549712788075143,-0.93403847154181407,0.3493530542617807,-0.0743274993377048,-0.12339095652307876,-0.12032707835428801,0.98503607348311883,-3.4301122768895342,9.620692127431278,-1.4576836173940548,,0.1365704365098013,0.3333333333333333,False,2
-0.90922828125991428,-0.41578297514000367,0.02069903719666789,0.40739697777283518,-0.89891425798170088,-0.16118579124342269,0.085624967496064186,-0.13812195473904657,0.98670699326616851,-14.833454562546521,-7.9994387870886765,-4.1703687689059343,,0.2882579172883987,0.9111111111111111,True,5
-0.49608711319678522,0.86661493888725516,0.053629505102304173,-0.86127589355700451,-0.48332444947455827,-0.15684805296113177,-0.11000641480233203,-0.12400009773203134,0.98616558673722909,-9.8105407129522995,-12.856813491349788,-5.2060090900055993,,0.2427279569771256,0.8674698795180723,True,5
-0.57902075664612485,-0.81490769474433578,-0.025698490605924662,0.80302442578409627,-0.5645585949306553,-0.1908543017174307,0.14102033529627178,-0.13114511785193508,0.98128192844693263,-3.392182110227977,-14.478114564182231,-5.7409620729264894,0.2643221892852639,0.232833863785893,0.9649122807017544,True,4
-0.50176434658269908,-0.86398968852691915,-0.041885064373760418,0.85890847790331659,-0.49190536554183845,-0.14249679974286497,0.10251227772440265,-0.10747525050125334,0.98890864261844114,-8.8995594659555177,-7.5869078311856271,-4.2799681472358451,,0.3311468307195702,0.9416058394160584,True,5
-0.1576741772294511,0.98640310980510515,0.046343918714693171,-0.977691724939735,-0.14934225457205211,-0.14770166547369235,-0.13877227684008717,-0.068598804407619271,0.98794557502651126,18.240746407720021,4.6229952946054595,-3.622820142687722,,0.2178658781831501,0.9642857142857143,False,1
-0.82993697285881407,0.53727481899675733,0.15013457281368761,-0.55507008957977011,-0.76845425874202089,-0.31839479875644372,-0.055693956008285,-0.34758282623462849,0.93599378319030213,16.590927840296079,6.901072033260272,-3.1247823955892615,,0.2499696149998271,0.40625,False,2
-0.99132082771305674,-0.13010397301755591,0.018867240056449446,0.12453442349301506,-0.97532222150906944,-0.18231220912455798,0.042121181222313675,-0.17838026918821842,0.98305965518719973,-18.379284139930601,-5.379530293782083,-3.5857911595891823,,0.2431941812958353,0.9420289855072463,True,4
-0.79631033660776895,0.5773802551290339,0.18033826215962723,-0.60122682365876812,-0.72274253011011325,-0.34083653220161331,-0.066454152050952758,-0.37983585422806615,0.92266384426725279,13.784165064752251,-11.914814597049199,-5.9361611769798293,,0.5930238339168822,0.2714285714285714,False,5
-0.5261517793975059,-0.85009000379256972,-0.0226117334316932,0.8385532381895161,-0.51422317194619027,-0.1800083224616979,0.14139579823571199,-0.11367284145980691,0.98340516235971553,16.850738489077482,4.3373125340228231,-3.5873025943488521,,0.1949683135858261,0.5806451612903226,True,5
-0.9762734285721768,-0.20181765176950495,-0.078484572357690949,0.21565667079885298,-0.87344294396639699,-0.43656571552890977,0.019554871615073018,-0.44313322948020556,0.8962424604573036,13.974721941538737,-4.1488730052963643,-4.7783275808934693,,0.3190230108893897,0.4210526315789473,False,2
0.17836751410298407,-0.98148783624550628,-0.069761430710926858,0.97798430856824781,0.1846418049881266,-0.097232175975921625,0.10831307449706926,-0.050882523058908502,0.99281380265392749,14.139074782664899,-6.7484543289384424,-5.1906819897689012,,0.1964371942779682,0.1875,False,3
0.18031166422065115,-0.98327027384656041,-0.025831614655095463,0.97676124353443561,0.18208811804338126,-0.11305481146984825,0.1158670655321971,-0.0048462188487331127,0.99325290701201974,-13.624591808191024,8.8005802726865827,-1.1106538495808009,,0.2838676128786315,0.975,False,4
-0.88006581645803683,0.46681906810012874,0.086971928575705196,-0.4712227375984514,-0.83596599086071588,-0.28126498839081254,-0.058594285320935781,-0.28851485192688126,0.95568085151128768,-9.1442555976488205,-8.8249223081543509,-4.4854639684328488,0.4885723632540659,0.2498990929830342,0.3387096774193548,True,10
-0.025704074455530586,0.99547146345042037,0.091519757496742196,-0.9890462069871504,-0.012012842993088807,-0.14711659337937949,-0.14535095803163742,-0.094298764886404304,0.98487605410030354,-9.7293631063531834,3.9828382991962208,-2.1695200772324825,,0.09112252153587028,0.1794871794871795,False,2
-0.61424292238112033,0.78752068918027662,0.050167683001370027,-0.78371020072167541,-0.60137090845652463,-0.15540705179292361,-0.092216883429745183,-0.13477460656666443,0.98657582163527002,-5.3011522212757924,9.3018100158730963,-1.4196195679532235,,0.2079053799902018,0.4,False,5
0.45595205042435105,0.8376927786438173,0.30063023188267507,-0.87936850484893603,0.47608892347476001,0.0070971560777205178,-0.13718148706577563,-0.26760072038887511,0.9537143671214029,-1.917121034978001,-4.7655309397814234,-4.0625467550952328,,0.3397767450670883,0.330188679245283,False,3
-0.88039102600022467,-0.47315568432920363,-0.03217669537470555,0.46513047836828575,-0.84823433489851952,-0.25328274949581103,0.092548794866076978,-0.23795422140872213,0.96685702618464098,2.0150586030868389,-15.138470041691255,-6.0114215379459761,,0.3039967432921509,0.3428571428571429,False,4
0.42674394514890374,0.8412437910877848,0.33196157794991754,-0.88320458083897768,0.46661660226872148,-0.047102174814309158,-0.19452319569602294,-0.27308941840255113,0.94211617961521144,13.116395054620778,-4.2666617467443713,-4.7496368099273649,,0.3035800685763622,0.3137254901960784,False,5
-0.9778623611810372,-0.20717465542724769,0.029391575902779767,0.20011741589271628,-0.96695857526023499,-0.15793711909212038,0.06114100458668717,-0.14855899797487251,0.98701165225078935,-0.50987868012347282,-5.6513950783225697,-4.2964109784149889,,0.3321349527472875,0.9763779527559056,True,5
-0.78625588815770209,0.6149992363761756,0.059813189131358177,-0.61380741038536857,-0.7662548140982951,-0.18998426994673767,-0.071008036822253859,-0.18609002963057408,0.97996344808300961,-5.0330707201138596,11.321536515331303,-1.0818982300317905,,0.1160676165254488,0.5614035087719298,False,6
0.74345755456556628,0.66239027402656758,0.092249603979624811,-0.66157004262840591,0.74861309289339639,-0.043629300306481336,-0.097958885538975485,-0.02859304152399058,0.99477962118268692,-3.1526227433431733,3.5801126910744268,-2.5386436550237286,0.77867087663394,0.2903176922953598,0.1931818181818182,True,4
0.12017453145637114,-0.98733371491997335,-0.10358676253058215,0.98588993517371148,0.13094011103027398,-0.10428673475833278,0.11652947143283958,-0.089592537109432824,0.98913803868918038,-6.0470097741138167,0.7478780538105142,-2.9464867482682497,,0.1637450640111992,0.1458333333333333,False,6
-0.90270146543598495,-0.43006281306264166,0.013268048853228555,0.42045374076036551,-0.88824129869929336,-0.18505687548861044,0.091371309393812272,-0.1614725119196421,0.98263824051072868,2.5122730739635228,-11.495259152086637,-5.3888258759658285,0.3471992841184051,0.3005963939046127,0.9964539007092199,True,5
-0.20156360244177021,0.97220296792133964,0.11913649036141094,-0.97323619888017754,-0.18508560712798786,-0.13621534136553079,-0.11037850950234802,-0.14340399994073638,0.98348964277263107,4.667842219180975,-17.60138069485641,-6.5031237044692274,,0.1058811542784194,0.375,False,6
-0.26368290121426669,0.96302435026986855,0.055275929612495577,-0.95479843851024981,-0.25241995434754894,-0.15698442109193689,-0.13722707249524943,-0.094171478880177281,0.98605297177175255,-5.466983977494662,-19.69879096132242,-6.6099927907856362,0.269571648512873,0.2644608594444775,1.0,True,2
-0.20202738815340485,-0.93576071909616609,-0.28902735343309677,0.96818693835400427,-0.14633431621707865,-0.20297862029775568,0.14764479955831139,-0.32083974893068778,0.93555484535620892,-12.302028700416008,6.6040321953202126,-1.558020485665744,,0.4179993086945616,0.2560975609756098,False,2
-0.97493217887096673,-0.22109283839784777,0.025004067890891372,0.2134537206838579,-0.96108149975766988,-0.17538489088221212,0.062807290405865579,-0.16565116248529929,0.98418236960389716,0.52076206112420376,2.0218380432929313,-2.9498693856666698,,0.2615942298688944,0.9702823179791976,False,5
-0.77941170891453559,0.62410286131187076,0.054890859979221399,-0.62311879267775638,-0.76310302778978412,-0.17145477301573905,-0.065118032976571164,-0.16783738403704726,0.98366165641487846,-11.700273924033299,-1.7795567001145005,-3.1063894959273761,0.3585823513971571,0.2944623789559744,0.967391304347826,True,5
-0.99860678434833494,0.041167759931255613,0.033010692142402431,-0.046330039354351309,-0.98347054023390057,-0.17504063512643006,0.02525901238968413,-0.17632615243996641,0.9840076576220409,0.53542575114209734,7.8368885307285581,-1.9816354245320222,,0.3041502426383402,0.9961240310077519,False,5
-0.88134649055768965,0.46840740629347266,0.061829324038563116,-0.4704910285210735,-0.85814002441404658,-0.2055088576676003,-0.043203653350458608,-0.21021465274352558,0.97670018127831448,-13.082362862009909,-2.6885501822038647,-3.2161347253659756,,0.113182065574904,0.375,False,2
-0.72171486458895007,-0.64085357861055048,-0.26159958909258002,0.68702321591548432,-0.61710752926508594,-0.38363706561995448,0.084420110308514457,-0.45660156384576067,0.88565696342833911,-8.5040881717710093,-7.35061465173776,-4.267601527418905,,0.3546216009627279,0.1949685534591195,False,4
0.33474020980428854,-0.94217044403383365,0.016243347231114796,0.93416404671015096,0.32953529098874557,-0.13690882304321647,0.1236386904423401,0.061002839131080795,0.99045046713283547,-0.76764568760703578,13.820550611803688,-0.92236741784081744,,0.2977053391574264,0.9252336448598131,True,5
-0.28307067171124473,0.94915532533696778,0.13775036552190958,-0.94605520880333804,-0.25271936570694487,-0.20276208741466456,-0.15764053004547182,-0.18771545109860946,0.96949078010357015,-4.0205533336284969,9.5384131635499738,-1.4370873864853986,,0.3673371243632632,0.3137254901960784,False,5
-0.34484633708301066,0.90710114187638902,0.24134730619375319,-0.93020386667152322,-0.29581724701983758,-0.2172853487811619,-0.12570509229851154,-0.29943225406117346,0.94580048371634229,-8.2992899624692544,-4.2721647179500062,-3.7041594448406356,,0.641907435674742,0.525691699604743,False,1
-0.8538450586534595,-0.52020597183900585,-0.018285586567105543,0.51158434299309674,-0.83217392070976337,-0.21393462948961503,0.096073283577636934,-0.19202164605474276,0.97667682046265214,-14.455677992532658,-12.592458234859947,-5.1135770890324546,0.3801010950482584,0.1599557588248036,0.2727272727272727,True,2
-0.56789730790067106,-0.82293807663415219,-0.016296309547020202,0.81148465518155311,-0.55645964870886344,-0.17845255325627538,0.13778716226138712,-0.1145669297157355,0.9838135578103524,0.48071741145924285,-17.299638575898378,-6.3075554794983484,,0.2367457727541592,0.8795180722891566,True,5
-0.32892806074788261,-0.94411255381502002,-0.021396648838512902,0.93193518238439643,-0.32085625314660032,-0.16896177275019061,0.15265368219207665,-0.07551655808897903,0.98539033015734168,-4.091500340535756,-9.787695648458703,-4.8696663541459708,,0.193147623163043,0.2816901408450704,True,4
-0.22275981756104371,-0.96300219298449452,-0.15167346500698403,0.97002958411823603,-0.20346381499775915,-0.13283479183542166,0.097060134017899785,-0.17671800217751432,0.97946417907487326,-12.795877264160097,0.19712731297019265,-2.7070891383180991,,0.3418285770723166,0.3333333333333333,False,3
-0.74357811034137911,0.66318639696162041,0.085295936047433546,-0.66330366145914654,-0.71550958801744813,-0.21925848250407884,-0.084379182954290768,-0.2196129147845492,0.97193123272369453,-6.0592663497530941,4.9484703072141087,-2.1659102626447915,,0.09657747830941307,0.125,False,4
0.36458463167756561,-0.88163047438688891,-0.29967608008795654,0.92287892022338769,0.38496607817892836,-0.0097784077870188835,0.12398606757151291,-0.27299968000692743,0.95399089605942655,16.798083479651776,6.6282784068239682,-3.2198974457297225,,0.3700305878966579,0.1612903225806452,False,1
-0.44542734473910994,0.87854215653140633,0.17250553543528185,-0.88930654343599846,-0.41185620163019859,-0.19876705205003864,-0.10357775997087235,-0.24194658165779565,0.96474530279422721,-8.9544363354030558,1.4693158050972741,-2.6996361597473117,0.43188176156216,0.1707322328744626,0.2926829268292683,True,5
-0.65095029221111367,0.72108344285286696,0.23728123717167507,-0.75379008660171976,-0.57701539972824001,-0.31441013631470299,-0.089801015647019755,-0.38352561442479244,0.91915389389853963,17.901495825095537,-21.932540367600794,-7.5502844506877356,,0.4105942942817938,0.2894736842105263,False,1
-0.7800436705441387,0.62456171440638519,0.038138391966410466,-0.62220787963991242,-0.76776351577634006,-0.15295927025439668,-0.066251238162248163,-0.14304491861128862,0.98749629098111491,-10.35078200895893,4.0754922255978663,-2.1303828962432898,,0.2487398154555684,0.9621212121212122,True,5
0.75393235968910477,-0.65695200241195584,-0.00025207248844405852,0.65200422556589022,0.74830107680369384,-0.12221288106683012,0.08047662305192356,0.091975893479504772,0.99250387815907526,-4.1483432919580263,-0.65450640875856236,-3.2306854812186003,,0.06943376239928403,0.1764705882352941,False,2
0.27184252844328588,-0.91085329324316644,-0.31056065094863644,0.95331961891984995,0.29897193922765164,-0.042396742056089509,0.13146613218648578,-0.28453832385556943,0.94960760229970265,-4.9246281525729048,9.2006086638934281,-1.4326670842750857,,0.4052409861067234,0.2714285714285714,False,2
0.87887006584590965,0.41965336985301344,0.22688864345977569,-0.46668473700650931,0.85494873739841948,0.22642440828235488,-0.098958393303310632,-0.30488310151902326,0.94723467567597497,-7.9654515750974664,-4.3962011180551821,-3.7704003328943343,0.4564731562687845,0.4810594629398025,0.3192771084337349,True,5
-0.69887883089076175,-0.70355469760036526,-0.12876011500934631,0.70655097947856815,-0.65113328280289851,-0.27714826613961668,0.11114896819420925,-0.28466864160068378,0.95216052814563978,13.68983039422389,-0.039353307091190337,-4.1304882250257053,,0.599962819455267,0.2796610169491525,False,2
0.68066445710060319,0.67413358626638553,0.28677483276529575,-0.71505196735568288,0.69650090623743566,0.05989300118710586,-0.15936304722459704,-0.24582594549406889,0.95612395833450314,-1.3121075133872961,5.5597666493901139,-2.2281900615515422,,0.5300969685965933,0.3291139240506329,False,7
0.48037396153748724,0.83874359590400815,0.25641770104030215,-0.86541464886519404,0.50077570017516948,-0.016768531348959198,-0.14247225205741976,-0.21385246887534839,0.966420601472053,-9.0969979596094035,-6.5984876548063305,-4.093284269269196,,0.3899741836630908,0.2878787878787879,False,3
0.30149246889211967,0.88330522752854512,0.35899048207728262,-0.93958225695523889,0.33926285525685612,-0.045671626398291754,-0.16213412230691587,-0.32353143597448303,0.93222311509641054,15.287029817030799,-10.654401073085682,-5.8192384660912788,,0.3278651723531636,0.2307692307692308,False,3
0.73858904012971827,-0.66395535725794064,-0.11683113184738868,0.66937057662048749,0.74286204446578441,0.0099505802278489208,0.080182672411297506,-0.085552711591131425,0.99310194470879343,14.016241475708133,-2.1064181403238487,-4.4633080886904128,,0.3743527488679773,0.3709677419354839,False,3
-0.99694378838575881,-0.072328444745123802,0.029524208368784041,0.05805778254369641,-0.9388188140626863,-0.33948273630339587,0.052272140621565051,-0.3367310951526214,0.94014881421621577,-7.4196971320037779,-9.2090137656986659,-4.6576119610367739,,0.2683199092622696,0.3947368421052632,False,4
-0.99943475963301076,-0.012709123800006807,0.031122972376418846,0.0062709729410261334,-0.98001688457005753,-0.19881544420887665,0.033027808520701904,-0.19850789437661195,0.97954263803802089,-0.99418112291634508,7.317474705631394,-1.9354807242708179,,0.08940906674575456,0.4770642201834863,False,5
-0.17423065730073983,-0.97022369861221325,-0.16825472566257857,0.97460895731503738,-0.14550327503986207,-0.17019452774390301,0.14064515056640978,-0.1936356671791426,0.97093983851639365,-3.8234781267688884,6.2891448232218226,-1.9971466201060417,,0.2331569374967664,0.1511627906976744,False,5
-0.13371930911382562,0.9869585683533928,0.08962103951607836,-0.98141188869083473,-0.11931866967465209,-0.15031220776557105,-0.13765845817242786,-0.10805479823169636,0.98456808270058094,12.447817444981686,-0.79636379889335418,-4.1196840305324498,,0.1349068343618766,0.4347826086956522,False,2
-0.55246301201057268,-0.83308642539860445,-0.027415838064573858,0.82253680936506413,-0.53955093811564925,-0.17977202902026995,0.13497339589618323,-0.12186793259549417,0.9833261866772155,-8.654256049904129,-3.0533011617422581,-3.4915803229512083,,0.1835753520323513,0.7989949748743719,True,5
0.6794861846047342,0.69676371917348567,0.22982350744611352,-0.72236900969248774,0.69014527316698304,0.043387967930819366,-0.1283804454237345,-0.19549890426496813,0.97226469629623047,14.131576563674212,1.9711770563413982,-3.8277555880062302,,0.2227850867282959,0.3043478260869565,False,1
-0.97592936396937058,0.21343379180625724,0.044809519720063445,-0.21768627569846424,-0.9409051588872871,-0.25944203081193518,-0.013212188118237831,-0.26295151358091134,0.96471858051487536,-0.01624017639326869,-7.4837803355601258,-4.6115813895999613,,0.1731063131735473,0.4294871794871795,True,6
-0.96706463918297347,-0.25453016381961857,-0.00061591222150004718,0.24541127805567772,-0.93177085899659706,-0.26753760656741948,0.067522501767820306,-0.25887731076844617,0.96354722236344659,-12.574248433718383,10.183244999308805,-0.83144940456519612,,0.2198503547219371,0.2380952380952381,False,1
0.51566287112659914,-0.84805982717345985,-0.12200956059257775,0.85335419292965597,0.52110299009104522,-0.015436810795886241,0.076670885940155406,-0.096157179933136425,0.99240887339667538,3.0996418673662598,-15.96107176625376,-6.1774462098255416,,0.335133335884112,0.2923076923076923,False,4
0.17293518253074291,-0.95752643996781939,-0.23073044750446947,0.97556459104414128,0.19875776547256341,-0.093643362633081109,0.13552546382114261,-0.20889822265138513,0.96850110027255842,-5.6650048343032982,13.644608730652967,-0.66312184509853789,,0.09801493721829735,0.3684210526315789,False,2
0.65209552070439947,0.75289714319645284,0.0889793439168821,-0.74574037161925721,0.65813713927892359,-0.10357028550181405,-0.13653838293472903,0.0011822302547953717,0.99063407589139318,-2.5971110116661982,6.6043294756740352,-2.0032554103031259,,0.1562527001867919,0.4942528735632184,False,5
0.16082537748954873,-0.98083836626840204,-0.1099604347539395,0.98084811805426231,0.17123325446340246,-0.092823175313513098,0.10987341473147937,-0.092926163279255736,0.98959211845762052,-10.527916220627912,-8.3660037857473259,-4.3741491119212048,,0.4270424423024023,0.3488372093023256,False,5
0.96637504374104199,-0.25315110594959761,-0.045097587418781435,0.25705575543053155,0.95549683382981287,0.14473471988863448,0.0064508475828958523,-0.15146061566525601,0.98844224336466091,10.145660909991653,12.378982577500528,-1.8113354982766081,,0.311155444520841,0.2,False,1
-0.94497529821979442,0.32268147055019825,0.053836366128970456,-0.32667902030381774,-0.92202413573690278,-0.20773134287332695,-0.017392626246453137,-0.21388819902505016,0.97670329930336164,16.784608493769866,-21.607261815041152,-7.5126026379915496,,0.148950658453181,0.75,False,1
-0.66095606381661776,0.70019580100371381,0.26993132823147642,-0.74857004024490414,-0.58991844630750134,-0.30271954273532586,-0.052725482945006771,-0.4021468226443044,0.9140557731808846,-1.8126269506605146,8.4462379697968988,-1.6894660910181405,,0.3222091916088426,0.2195121951219512,False,2
-0.25114778299332119,0.92801073277578539,0.27517425560995079,-0.96016190968107118,-0.20286091997124686,-0.19218885073286393,-0.1225312135545034,-0.31247964253911054,0.94198862769329217,-3.0923642183088145,-0.83495210921420626,-3.2975741160341805,,0.6305092122681266,0.5231560891938251,False,3
0.99886050686011296,0.018386608169321188,0.044041122546852343,-0.020716384748486177,0.99837740221776805,0.053041437988188445,-0.042994409382054635,-0.053893370472907064,0.99762066206597755,13.387421998147243,-14.573085535095371,-6.3178167197540231,0.4729545600075741,0.3731748832087987,0.2432432432432433,True,3
-0.014167557546756339,-0.99806650864769664,-0.060518795666783483,0.98917680588035717,-0.0051498165306680683,-0.14663807860864769,0.14604289445739849,-0.061941292410628665,0.98733720140234138,-10.106213446850635,-6.9525322963521488,-4.1300036838910277,,0.07795977463854548,0.25,False,1
-0.65936238723737839,-0.75173467550351558,-0.011671329926317461,0.74043288573353638,-0.64660058171519885,-0.18348522951418711,0.13038552074878873,-0.12962509545296419,0.9829531782378429,-15.058531649674592,5.7590789378142464,-1.5587758967545484,,0.2813574642800806,0.1428571428571428,False,1
0.98963890295660484,0.12931042352878269,0.062399167635909761,-0.13998758450718202,0.9655919136199097,0.21917055581369707,-0.031911094288539804,-0.22563481716846617,0.9736891759399714,14.702872716154754,-1.3742604723334702,-4.3568705208882292,,0.3334561767315217,0.3225806451612903,False,3
-0.70435948050489605,0.69223681015592464,0.15711753844820245,-0.70470932564689936,-0.65534766380009124,-0.27185328009434501,-0.085220235678884079,-0.30220462970793849,0.94942607569727222,-6.7502115342083213,12.887448821111702,-0.71885616055606816,,0.2543598629565761,0.2571428571428571,False,4
0.66586254070136108,-0.74128006724863138,-0.084444886112736747,0.74409927401387077,0.6680626955214285,0.0029163786917679457,0.054252624846718708,-0.064777285776019267,0.99642388366835788,-2.9093471428194437,0.62191680181719489,-3.0629701405440199,,0.8079415118750894,0.5029126213592233,False,2
-0.1882217468618137,0.95787202880592226,0.21691876460904466,-0.97328976935390232,-0.15236003921838739,-0.17173655208021332,-0.13145188807816968,-0.24344936820743301,0.96096451872068944,-5.6342191834405115,-0.87707318679362267,-3.2374508810894436,,0.1435880713325966,0.1463414634146341,False,4
-0.53342795532223342,-0.80068408721392503,-0.27268958352519795,0.83447508100534828,-0.44547626866783674,-0.32434893746534699,0.13822429475985618,-0.40056945282458317,0.90578041367759499,13.589374003400204,-13.06918670643414,-6.0986558237459461,,0.2998057716891646,0.4545454545454545,False,2
-0.018908215656129733,-0.95362135965920225,-0.30041435016063472,0.98907697338207312,0.026090220302813577,-0.14507253747663454,0.14618214701549628,-0.29987597904181296,0.94271160865221926,-11.32477815728495,6.275890512151463,-1.6511404449133587,,0.2518453687379414,0.1714285714285714,False,1
-0.99314830698795464,0.1111312766548176,0.0361424912814578,-0.11586829998729803,-0.97665692856862107,-0.18087504232746285,0.015197940156921622,-0.18382351108598255,0.98284176721739347,18.769268101126634,-11.12846558172339,-6.0430569211033056,,0.1581854087492363,0.3043478260869565,True,1
0.95482653780719629,0.29457188859546451,0.039162292430649802,-0.2879593905897998,0.94972770088961578,-0.12286856202493561,-0.073387138316422115,0.10604101382118857,0.99164995402485701,1.3094080000624229,-22.868187687535837,-7.3074249245247858,,0.2367088037235419,0.627906976744186,False,1
-0.74073408313730893,0.66642124634617328,0.084827710667823561,-0.66768662989562777,-0.71635895769426228,-0.20254482958054021,-0.074213087372444336,-0.20667018689110439,0.97559205178857766,-4.001410355157061,3.8172084418921686,-2.4441914890896941,,0.2638894662155542,0.6041666666666666,False,1
-0.58718309249982403,0.80468591457727479,0.087730238591249218,-0.80335668923181835,-0.56604916181960485,-0.18494965874479033,-0.099166757276995934,-0.17907798659873664,0.97882430955044619,-11.889340300116977,-12.746065527392993,-5.1338212775382654,,0.5001221959155857,0.4358974358974359,False,1
0.89258388278863776,0.43269198942119003,0.12677402918852124,-0.44302142533838035,0.89391422147314847,0.068186372092998243,-0.083821410612738192,-0.11702566786302723,0.98958524856836005,15.793528160209265,-7.0250159218630737,-5.2960903223548508,,0.2190869325928277,0.36,False,3
-0.99918468573736641,-0.025549505753239367,0.031259983104352171,0.019374920510751813,-0.98274856821021073,-0.18392896491847593,0.035419997785449443,-0.18317334532225232,0.98244233892902477,20.179478051927038,-7.9235702069752927,-5.7669284331889399,0.2864705562110851,0.2612030313099886,0.9636363636363636,True,2
-0.35799096404067737,-0.93360859120699735,0.014746799304006806,0.92195201236531643,-0.35593317146565773,-0.15269598667267775,0.14780716004568378,-0.041067942179817782,0.98816317861188552,-1.4394988615962547,-3.3815868390039712,-3.8252277298970547,,0.6807177562186663,0.7530064754856615,False,3
-0.18440667085146903,0.96973625503362926,0.16001804716603271,-0.97322026812695095,-0.15742856245722919,-0.16750688770781103,-0.13724609084554967,-0.18662219427496562,0.97279785523592377,13.643804606629491,-4.9560437492007399,-4.916027682309549,,0.1304330708382833,0.3157894736842105,False,1
-0.56924276706688004,-0.82216639054260054,-0.0022579646129906109,0.81051370905756503,-0.56070977169816461,-0.16932831822214806,0.13794998938669983,-0.098219031680952501,0.98555711262405554,-18.943013681982364,4.5244633524784739,-1.7076388992874647,,0.3605566965897808,0.8,True,2
0.68008021490191317,-0.73221141597950423,-0.036842144457893057,0.72279760332924969,0.67805150748842113,-0.13345327951823277,0.1226968863519344,0.06412952129844976,0.99037007152759393,-14.12890289621744,7.4321845308379535,-1.3288459617203963,,0.1812669852706323,0.2424242424242424,False,2
-0.75659382820380938,0.62525725999887594,0.19136127597453689,-0.64966889755173873,-0.68562414870679933,-0.32840500949892004,-0.074135704473710845,-0.37279067253456771,0.92494919416874566,0.93460931227871902,8.8204459635859624,-1.8187657685087957,,0.2125349835811346,0.3023255813953488,False,2
0.085909110015714635,-0.98980265870755946,-0.11362359628067933,0.9860829569206766,0.10076627334145735,-0.13223675823102304,0.14233772123679367,-0.10068194958542312,0.98468427332866204,-16.807396327506186,5.2692019543849549,-1.6613479778905356,,0.1936472340758598,0.2272727272727273,False,1
0.089343231891940336,0.92371124012994521,0.37252561223720038,-0.98496395934862535,0.13746690949646354,-0.10463674105097898,-0.14786407846188165,-0.35757571736778937,0.92210401834583111,-15.326407164945142,2.1099222666295825,-2.2985893589972131,,0.2680447865549094,0.2432432432432433,False,1
-0.99678865215687484,0.072547835514899184,0.033899771288083254,-0.077275801409110029,-0.98246619366184074,-0.16967212154091355,0.020996034098395937,-0.17174687733323676,0.98491734509979145,16.797262590775755,-7.0517991562003512,-5.3153879297119735,,0.09387313137313039,0.1818181818181818,False,1
0.28455988432458129,-0.95371264212878371,-0.097251573133371128,0.94972938190688183,0.29426857709625337,-0.1068648945001059,0.13053648293083905,-0.061953214424119794,0.98950595038461808,-12.513862724908453,-8.3445702557142045,-4.2875888393092527,,0.1348400753349399,0.2631578947368421,False,1
0.01615781090875839,-0.95628288949940909,-0.29199650750873235,0.98928877694044692,0.057662266409737144,-0.13409988386335933,0.14507460482906981,-0.28670210721784534,0.9469716261591663,-1.8357843563356346,14.043457262202571,-0.80788603313165108,,0.1654696894783572,0.3,False,1
0.57911565181984559,-0.8066615800176502,-0.11799219101577504,0.809055922365567,0.58646831399997057,-0.038515336675579145,0.10026752366781849,-0.073157446630263301,0.99226730859182466,-2.1915375053632395,-3.6148393975120907,-3.8324551136628031,,0.1786445133180793,0.1363636363636364,False,1
0.12353810203246876,-0.93153635524754297,-0.34202098795006519,0.98233400261990556,0.16362018843605131,-0.090820378951566305,0.14056402328821685,-0.32475906883145611,0.93529316396986184,-14.5466292886586,3.3531515801437028,-2.1041740842703249,,0.2171276830093601,0.2307692307692308,False,1
-0.99822121566258926,0.035564583492592151,0.047849399182223619,-0.054392420139792362,-0.87188367760497654,-0.48668297418068412,0.024410432860513712,-0.48841991475268343,0.87226722834263515,-9.2306685844363869,-17.603286273187472,-6.1808154140978644,,0.4062935778857789,0.1707317073170732,False,1
-0.85061262906615731,-0.5255836514658645,0.014831742479164795,0.51550700267691651,-0.83919284236455405,-0.17322789473743055,0.10349244158015256,-0.13970396786029121,0.98477008276037181,-2.6627707838604833,-22.887044119129115,-7.3045009845597093,0.2708254504678911,0.2925289389269561,0.9642857142857143,True,1
0.5967355265741755,0.77410564195424947,0.21134608209957617,-0.79086785574627649,0.61193031074347504,-0.0083264362533517766,-0.13577461497470164,-0.16217814244833814,0.97737582538165846,-12.827991173952263,-0.76295999259815872,-2.8851450316433382,,0.1338771606578785,0.15625,False,1
