axis_00,axis_01,axis_02,axis_10,axis_11,axis_12,axis_20,axis_21,axis_22,location_x,location_y,location_z,dbh,dbh_approximation,score,reconstructed,number_clusters
-0.93760958498807589,-0.34036783537263843,-0.070978889694284425,0.34764891417420851,-0.91462168182675196,-0.20641562829858098,0.0053384091246891892,-0.21821300551559425,0.97588656390579986,29.34259470296535,12.770843473137054,-0.1494903510390127,,0.1854132408960035,0.3809523809523809,False,1
-0.50988861801103746,0.85984285777934211,-0.026150662489672787,-0.84845426451744954,-0.50768509491089198,-0.14960349403497375,-0.14191179741285878,-0.05409347771379585,0.98840019092667042,10.428996232122786,-8.4450157630984481,-3.9103217734038367,0.2629573886555782,0.2474289849844782,0.7652173913043478,True,5
-0.026308593804802834,0.99943710177127953,-0.020816759955360982,-0.98965146327165154,-0.028978145468471547,-0.1405355767394392,-0.14105970061038905,0.016904043546836115,0.98985676447427173,10.869816152681784,-12.551147783032242,-4.5098164367735931,0.2956923996017309,0.2770196324202722,0.9666666666666667,True,4
-0.56236347536745224,0.82683345025804522,-0.0096833417278265263,-0.81525545703746349,-0.55637031477262977,-0.160656816258885,-0.13822395357996842,-0.082453128346847565,0.98696282619080478,5.4167605136873878,-1.0142921802706806,-2.560065898005512,0.3214614857705388,0.3049354275298596,0.9614147909967846,True,5
-0.61834979899558817,0.78579322026461673,-0.013135488886191395,-0.77381849301785288,-0.61167639584050559,-0.16448989827691016,-0.13728971536752099,-0.091547811321366732,0.98629130194713388,7.4576113656466276,12.224791937923142,-0.37669706614478021,0.3134027919950104,0.2667196424126531,0.9545454545454546,True,5
0.801309356749074,0.54967087929775438,0.23614664773910915,-0.59647180046553727,0.7644659644164008,0.24456733326080643,-0.04609453368660376,-0.33682890864790066,0.94043690924127288,-5.3386201280418373,14.540312708277646,-0.066719814896801136,,0.3778853861484215,0.3548387096774194,False,1
0.61440961127590188,0.7889657474243903,-0.0058205637929593596,-0.7851717770663823,0.61069712776219109,-0.10273411624883233,-0.077499097221927299,0.067690970846064541,0.9946918228253927,-14.649843061067205,-4.7735255610064922,-3.1566111784824731,,0.1545008215270774,0.2222222222222222,False,6
0.36089136839466629,0.8957115217922712,0.25972733769628548,-0.93027926129760763,0.3654161355513118,0.032427517301260811,-0.06586285916814949,-0.25332176694338826,0.96513738202127319,-0.40781177881480607,5.7830388666717285,-1.4401846888001402,,0.3072516221177258,0.2197802197802198,False,2
-0.99574687858299071,0.091941105834045092,0.0059149683213649933,-0.08912305932430295,-0.94497654755091098,-0.31476404635128941,-0.023350248155139683,-0.31395247671705473,0.94915152018754068,-12.570476031206793,8.3237031200522971,-1.0851893392822987,,0.1712603900540032,0.2571428571428571,False,5
0.91602216819243432,0.39997881136076752,-0.030337070433049441,-0.40089318295181153,0.91027932736038142,-0.10332570852937353,-0.013712886012707141,0.10681056428443464,0.9941848219091074,-16.746762949753514,-21.08510878330366,-5.7614226129494988,,0.09938511483087081,0.3636363636363636,False,1
-0.03392540700474498,0.99605504417063373,0.081996437372602607,-0.98669475424840958,-0.020327535517083554,-0.16130794536684026,-0.15900480715447635,-0.086377892322274469,0.98349190694165267,-3.4756023756768641,-15.75212177610763,-4.8363972929294388,,0.2321618708635422,0.2727272727272727,False,2
-0.50187720570864192,0.86012617657186874,0.091116577887586134,-0.85289110379365352,-0.47461142312920873,-0.21753335860256098,-0.14386116730976731,-0.18688755285231295,0.97179061897568508,-2.8262451797702512,5.4787478748109981,-1.4836610707055375,,0.3317851314750608,0.3741496598639456,False,5
0.75218741804565714,-0.61468082862402273,-0.23744803022112515,0.64554697219095469,0.75969051937036169,0.078354460459375719,0.1322240327205986,-0.21222109626725214,0.96823499806102176,-1.567230495235544,-0.59589399590132819,-2.3789206355233903,,0.3323897716947367,0.2231139646869984,False,4
0.88891188263806109,0.44028722392180758,0.1264231994377823,-0.45748473704195436,0.86732532458250278,0.19609818130596987,-0.023310518623812261,-0.23215068767738609,0.97240047199310042,5.1273757251887133,-10.608608534586915,-4.1194928786760521,,0.5478329788694941,0.3907284768211921,True,3
-0.79255054047252516,0.59759447032031265,0.12142689092327841,-0.59803735628950527,-0.72275803073087697,-0.34636996044155455,-0.11922651248345668,-0.34713351618161276,0.93020608505020119,1.2175290137312862,-19.41784492979815,-5.5913086307914801,,0.2500952386221065,0.2857142857142857,False,1
-0.88415925135389728,0.46533733432580698,0.041516063491960763,-0.45175484783810432,-0.82892337192801013,-0.32985390845989526,-0.11907970314074288,-0.31039846770570567,0.94311866461536131,-4.4126288388812887,-1.0837054557599954,-2.4581820487326347,,0.1934674654628385,0.1652173913043478,False,5
0.34964826241533026,0.93292605118108107,0.085994625515882203,-0.92992781305365246,0.35675031193035317,-0.089238318265463856,-0.11393136135056452,-0.048766771117966477,0.99229100919817692,4.7048488804101192,-3.1121828330914934,-2.9063669142639168,,0.1527381953531406,0.1222222222222222,False,5
-0.19999071188118131,0.97940144183173095,-0.027866304010139752,-0.96928591245615592,-0.20191996685183963,-0.14040351455924949,-0.14313816777958205,-0.0010689829180751415,0.9897021381204677,-3.5346488716030984,-3.1300583889727518,-2.847309449112962,0.4128458609479959,0.3523857242509462,0.9991889699918897,True,5
0.020008458821883096,-0.94062608581592744,-0.33885428764910441,0.98270017281266153,0.08091700180815288,-0.166591744010157,0.18411961310392574,-0.32965892298099297,0.92597244158207737,3.7555816730872746,-3.6406574339707038,-2.9981467695424082,,0.5071702318924344,0.3992932862190813,False,5
-0.48621966738953437,0.87373160799621663,-0.013546668666350303,-0.86224777012200726,-0.48223014040137563,-0.15486405202013512,-0.14184222912530742,-0.063617363013683426,0.98784290915101902,4.9919001598595507,-8.9569177690578883,-3.850509321391137,0.3650328029104264,0.302973216744453,0.9973684210526316,True,5
-0.61125982228489584,0.79122142778868865,-0.018168155334685011,-0.77958542821341692,-0.60590974156051314,-0.15849272916879895,-0.13641110577053336,-0.082716608308729928,0.98719297654124294,0.43341343566894996,-13.348381206123864,-4.4823078545748372,0.3010131026818286,0.2709437298656669,0.9303482587064676,True,5
-0.017629120211751313,0.99977982251157138,-0.011380712600341117,-0.9901567161024033,-0.019037859434661415,-0.13866231451065369,-0.13884844859725654,0.0088241944039110266,0.99027432659604864,-4.1766809826791436,5.6315748263029706,-1.4671552717706224,0.4026058027247612,0.3131978975858765,0.9936305732484076,True,5
-0.16942248100064641,0.98543199541270543,0.014825833822037544,-0.97605837578620835,-0.16569085814188858,-0.14091340101563343,-0.13640406881458397,-0.038344777286321824,0.9899109091558127,16.720632084951163,15.980104980062887,0.25123524671455805,0.2594838750052841,0.295345045798626,0.9591836734693877,True,5
0.21488092456212765,0.96120840631876681,0.17292943035082631,-0.96994430505988516,0.23073430149950441,-0.077264009690355753,-0.11416756694096972,-0.15112935430839319,0.98189901971898641,14.003907552562996,-3.5838966444278459,-3.1290631517182055,,0.1909843739475162,0.2972972972972973,False,5
-0.70630550430802175,0.70788560537765155,-0.0055230682872690401,-0.69607601748858472,-0.69590043793805834,-0.17663736398295904,-0.12888255297526191,-0.1209154670699038,0.98426050279478561,6.8932346955057904,-18.831127589478378,-5.5873724019400957,0.1783607548089103,0.2704640972752765,0.98,True,1
-0.015667383614602428,0.9998711143792951,-0.0035053845123112527,-0.99039236171942091,-0.016000408527590663,-0.13735704122751571,-0.13739542546424216,0.0013196805888043917,0.99051539892353146,-12.330443742389132,-2.7439696492824841,-2.7617824135571043,,0.2732075711341724,0.9090909090909091,True,5
-0.73722725361201757,0.67545472135414864,-0.016027973423707535,-0.66353839041222684,-0.72828422289912031,-0.17122761204132594,-0.12732941914904269,-0.11559848648063392,0.98510111610055207,0.77561308836296394,1.1207401194149031,-2.1165870038744674,,0.257461837864407,0.9234527687296417,False,2
0.64113313815126072,0.76647371207831505,0.038292921763746865,-0.7623996048377002,0.64184108123631223,-0.082382455539510471,-0.087721956816036117,0.023623613827891469,0.9958648418144278,-1.2172130416577132,9.1971235655983978,-0.94608221548773141,,0.1457912661171712,0.3225806451612903,False,6
0.76222337492720871,0.64072772524265487,0.092105965170286838,-0.64489622209648712,0.7639365547240603,0.022578819322812083,-0.055896238158352873,-0.076608892836974113,0.99549318837350087,-13.472004503542232,9.0625703989304416,-0.97100051054306413,,0.1775325696606162,0.2608695652173913,False,2
-0.20416527142467428,0.97865676491185916,-0.023398257121954428,-0.96837007798547925,-0.20540618066568836,-0.14166048498693165,-0.14344313858280974,-0.0062639792935965683,0.9896387363866288,-12.77461572546858,4.0208878476639676,-1.7546544349500244,,0.2739703875250574,0.9846153846153847,True,5
0.77767393049995392,-0.54117406701355919,-0.31992794034400479,0.60878708791617309,0.77523927574727158,0.16847061145906675,0.15684877878803818,-0.32578320173214881,0.93234315896125453,-3.7816259996813213,-11.739305876721982,-4.2256271122135161,,0.5498354970188534,0.2330508474576271,False,4
0.44764087717826828,-0.86754174402115647,-0.21676938773683285,0.87726651743887119,0.47302947080973712,-0.081526542464003704,0.17326598760214132,-0.15366991288534973,0.97281265175472698,6.4881983895147775,-9.8685609040570217,-4.0155037930167126,,0.2218019879356689,0.148936170212766,False,2
0.90704388320292018,0.42037010998067331,-0.023672021016489034,-0.42089443682147992,0.90384611229314749,-0.076877033926219029,-0.010920943040677342,0.079694265335721701,0.9967595282091376,7.7423315722845523,-8.8194038091539539,-3.8914357333201597,,0.1009321882356966,0.3555555555555556,False,4
0.074651412280141161,0.99429066371872921,0.076244623983268089,-0.99175870903319074,0.082009419001807346,-0.098433318809258541,-0.10412410720577395,-0.068268083587834455,0.99221854400219966,-1.9110838616911241,-12.573100103815104,-4.343652952064601,,0.1937221205606755,0.2745098039215687,False,6
-0.38017180733171502,0.92475566314761692,-0.017215120869412008,-0.91356928908506496,-0.37834940929982142,-0.14914046574650569,-0.14443182111552141,-0.040971794674960586,0.98866615249555623,15.491741690908304,-19.131862202944404,-6.0294907227471972,0.3379453521008415,0.266668194897399,0.8852459016393442,True,3
-0.10071181068753991,0.98451760116957887,0.14346506255996092,-0.98337634833088006,-0.07660517997535736,-0.16462868505933259,-0.15108967116073457,-0.15766020229670985,0.97586636988898201,-12.77554722861235,10.392118262530349,-0.73806415180145557,,0.3110290265285514,0.4042553191489361,False,6
-0.6000624380541788,0.79995268449794033,-0.00087920476255228669,-0.78848732741241634,-0.59164671917447254,-0.16805324810936689,-0.134954825576933,-0.10014919996995734,0.98577752703075849,12.630814542871391,5.9474713458827146,-1.3898853047596862,0.2519671833669525,0.2470719943932063,0.9572649572649573,True,5
-0.39461221397634738,0.91884472831879893,-0.002359199321397761,-0.90690152928979273,-0.38989313312668178,-0.15972777126252793,-0.14768485620577482,-0.06089096797893865,0.9871582817694774,-13.498378507749118,-12.335709563304871,-4.371961954514398,,0.1894118511894623,0.9027777777777778,True,5
-0.040803426232376851,0.99913897160751519,-0.0075097152260196268,-0.98958626879017364,-0.041449368537094786,-0.13784399323081711,-0.13803657859292381,0.0018070038608236057,0.99042548316741408,16.252084290568369,5.1137096054703708,-1.5145522550952462,0.2697650348859741,0.251652064865236,0.9790209790209791,True,5
0.17416499057417439,0.9846942417897937,-0.0066186285830931568,-0.97565546628587041,0.17164877613273699,-0.13650314559977578,-0.1332777819623279,0.030231570223140838,0.99061752709965967,23.137781429363102,-3.4399786591832222,-3.0075252284632494,0.2249869377114276,0.2244009547654159,0.8596491228070176,True,5
-0.97125889015818867,-0.22935877696368953,-0.06364526469742425,0.23696630658258666,-0.95692712550858439,-0.16774220104221374,-0.022430734122899681,-0.17800288732377187,0.98377428014311752,-25.60538117314935,0.62046788982785406,-2.4188165240122195,,0.3051704933534169,0.9298245614035088,True,3
-0.98179187331279449,-0.17603422241909622,-0.071390966054943175,0.18751349501758841,-0.95822184745474204,-0.21598513894874632,-0.030387607395823447,-0.22543922373385819,0.97378321495034625,25.871990827505545,5.3107525180541604,-1.4588290371965265,,0.2148123420631017,0.5714285714285714,False,5
0.37724475154884574,0.92595837392191072,0.016955447288216179,-0.91896668813768834,0.376540888183444,-0.1171203894259002,-0.11483302452735981,0.028601560969932566,0.99297297404712104,-19.318171663709247,-0.73641131163122231,-2.5501091579058444,,0.3429408243669801,1.0,True,5
0.17507049182729467,0.94844609396828861,0.26419752029049526,-0.97558966097812372,0.20324613513637063,-0.08316142101190005,-0.13257124983924484,-0.24318925837385502,0.96087660411086917,0.44644712760345179,10.057860924850804,-0.76857501348241408,,0.2745305093373206,0.2558139534883721,False,4
-0.98279418838968224,-0.17960831298735708,-0.043086391973575895,0.18440141393770645,-0.96746245721410318,-0.17324119723386547,-0.010568907476161203,-0.17820563343251536,0.98393650730505733,-6.1360979203193695,7.964754030096592,-1.1344064641319409,,0.200198311197455,0.905982905982906,False,5
-0.99401350539471045,-0.089498206028545427,-0.062667553092431494,0.10556518105758089,-0.93458050485138011,-0.33972823329835278,-0.02816280598947556,-0.34430996365108557,0.93843353802461027,-4.8837688306267593,-2.6533299735546692,-2.7504159202252367,,0.2713948878357429,0.1901408450704225,False,6
0.76275164902170944,0.6463652977129577,-0.020538350155336747,-0.64438295232320308,0.75696424178567456,-0.10851611591405018,-0.054594254916575664,0.096005409067816322,0.9938825024920328,4.2269385258753491,-18.538641998887627,-5.4934420026314452,0.1203903868784486,0.1284157071413035,0.5909090909090909,True,3
-0.18483640158917247,0.98248608990583275,0.023592112858186309,-0.97230032295395441,-0.17932013124941931,-0.14992122102066083,-0.14306497346031616,-0.050649517966494653,0.98841643030585002,-7.4901692720388633,12.438914856037348,-0.38099869827285887,,0.2649480801331796,0.4,False,4
-0.42903294453011281,-0.89621473737708801,-0.11282675664902815,0.89718353824098407,-0.4082979423915456,-0.16838791212025583,0.10484479585182137,-0.1734702704988608,0.97924237757352106,-8.3806783449892173,10.447884786545822,-0.72385579161604685,,0.3069905547058616,0.1333333333333333,False,1
-0.95473456194559891,0.29411427571158949,-0.044482682576407466,-0.28469231792019323,-0.94682360899357221,-0.14991776935912099,-0.086210210206064564,-0.130467797846956,0.98769729845798004,9.1630428124028693,8.2807374139595815,-1.0282710947797842,0.2308763797179982,0.2178826094700979,0.9716312056737588,True,5
0.26315193679592408,-0.94267718437363224,-0.20520912314504003,0.95457703684307282,0.28523206662923378,-0.086170464187654588,0.13976315284241972,-0.17321199215937236,0.97491736412873931,-1.6415896736159039,-12.463715350622012,-4.3232874342301635,,0.1806937159116623,0.1428571428571428,False,2
0.94606826547412826,0.32361580127368333,0.01508808234229107,-0.32369716727165648,0.94615520080288718,0.0032372664323766231,-0.013228037007850958,-0.0079466445523173022,0.99988092784955107,-4.2236791391485351,6.6200390320899682,-1.3186050089970227,,0.1956215952799807,0.21875,False,4
-0.75832040492480834,0.65113791518017106,-0.031138061749175997,-0.64011444562676378,-0.75281645916443052,-0.15336516981071732,-0.1233031223230614,-0.096368014537759381,0.98767886774975311,20.458444202146328,-0.3862851352904223,-2.4615780506696794,0.2256050072920259,0.2177382967836952,0.9577464788732394,True,5
-0.78350844983819012,0.62112567596102586,-0.017815827067972721,-0.60975067890708123,-0.77404865682640933,-0.17044877951333573,-0.11966043040416834,-0.12268484636331754,0.98520546581324797,13.437149741527961,-2.0948302115119466,-2.8709492999867532,0.2513936203216324,0.2473784960278188,0.9171597633136095,True,5
0.24582073284000977,-0.8995620263312879,-0.36105446692811827,0.95852516864133241,0.28101484806098231,-0.047541100643209488,0.1442278349941693,-0.33439320560084645,0.93133211888181122,-5.2596547926463195,-2.1523483345950729,-2.6435270927161829,,0.2555866704331001,0.1842105263157895,False,1
-0.038538470249526072,0.99891633792473866,0.026094753071391228,-0.98916741889977466,-0.034434705154872805,-0.14269571986592636,-0.14164252079790285,-0.03131135429724273,0.98942255654199052,22.351928266302011,5.9524577754615544,-1.3224450173831692,0.2424541599331717,0.2294109112822281,0.8771929824561403,True,4
-0.68720209616754957,0.72617550983190415,-0.020552565370306183,-0.71476361252621545,-0.68091888316743632,-0.15956958593192366,-0.12987015527595508,-0.094966328066244568,0.98697271456824676,14.371908599595752,9.267468365358619,-0.82648189586429011,0.3125707614911449,0.2891380605861195,0.984251968503937,True,5
-0.50828409925912599,0.86118747397721862,0.0018463762010933913,-0.84969707240793302,-0.50115091808790857,-0.16389826857240911,-0.14022182277279913,-0.084875744264090017,0.98647551842602244,14.523112729315072,-4.9002201836330874,-3.3363429000632694,0.2853028022003137,0.2864665034196864,0.8925619834710744,True,5
-0.67496621390193101,0.72216411550277904,0.15132613908701631,-0.72752557185048516,-0.61718907314728966,-0.29964010127353652,-0.12299248917929306,-0.31234058056499758,0.94197463306492646,-5.2425611884483247,-11.996624690600559,-4.288215678158191,,0.4400603055612755,0.2,False,4
-0.64535513107266018,0.76387225509828938,0.0039915772874140644,-0.75274038985129155,-0.63504380786198689,-0.17349716880304134,-0.12999484714677303,-0.11497190955707191,0.98482627895892638,18.314233212807888,-6.7136098204591548,-3.598067087311704,0.3450852479639283,0.3430378398069962,0.97,True,5
-0.28262324681310025,0.95914501976310751,-0.012842563001537396,-0.94814622862420961,-0.28136173562439026,-0.1478320089565083,-0.14540574096818823,-0.0296041346784152,0.98892910044321825,2.128351917726679,6.6587111101135257,-1.2570317592322846,0.2913348276755554,0.2164719913879528,0.9738562091503268,True,5
-0.98466574649771588,-0.16603619780499032,-0.053528951909761147,0.17282189046423782,-0.97025506664759009,-0.16952197444888001,-0.023789952720894191,-0.17617345618208738,0.98407161908389307,-10.795704235672995,-15.576181746847704,-4.8141260556883587,,0.2926272137071943,0.9887640449438202,True,5
-0.09435353313696522,0.98579527306550818,0.13894275938771658,-0.98679533499750116,-0.074153052123562449,-0.14400101280175187,-0.13165248805754373,-0.15069507112862557,0.97977477918437827,0.14694210102579333,-7.3283394108058806,-3.6117077193704241,,0.2483282457701104,0.145985401459854,False,5
-0.80428243258846421,0.59411361246715633,0.012600956741759251,-0.58242525353424912,-0.78389612305402767,-0.21514574666125602,-0.11794317561922588,-0.18037705991086966,0.97650065211589199,5.2043542568748551,-10.259760269432755,-4.0937790211351519,0.441409272391085,0.3492786865702379,0.3904109589041096,True,4
-0.65866853684666504,0.7515266270458717,-0.036925430387865027,-0.74051192450442249,-0.6561528485758521,-0.14527742072514629,-0.13340857631738015,-0.068345944626217389,0.98870166562928363,2.0837590089425881,-5.7885449758862357,-3.3467445420226252,0.3225960151596948,0.2865043928881613,0.986409966024915,True,5
-0.91303166061114838,0.4068613135434036,-0.02893195920407967,-0.39625664960191298,-0.90157856310799722,-0.17359943027091637,-0.096715326437524785,-0.14703729488077602,0.98439127360324974,5.6033734324802609,10.11881639641242,-0.76561485567951371,0.2855030174937436,0.2553903145737838,0.9664429530201343,True,5
-0.85959178701383232,-0.50814834810098786,-0.053732820702100441,0.50990996135719135,-0.84622753047322719,-0.15456648400572218,0.033072511351186336,-0.1602629807267445,0.98652013968367847,-3.8233944154955433,-7.9581160563940374,-3.6900885679865012,0.2841923523287187,0.2572489614752491,0.9712793733681462,True,5
-0.52239612783943756,0.80948278677393959,0.26802966913209303,-0.84103476975060809,-0.43731022796830821,-0.31846550925468814,-0.1405802322124409,-0.39178741994990496,0.90925233894672652,-11.802273944122399,-7.0389299980041331,-3.5501376606362562,,0.4455420691007403,0.2325581395348837,False,1
-0.24900471692010548,0.93274372255226778,0.26074086559432191,-0.9579782324980729,-0.19762472337626513,-0.20789943427129004,-0.14238805080274783,-0.30155201334063875,0.94275767100501562,-1.1834194691885542,6.9886461817125474,-1.2598389423805281,,0.6037573983728637,0.2549668874172186,False,2
0.58945816073620361,0.80757553921646885,-0.018995399461979253,-0.80407311930225356,0.5843212939876542,-0.10970434908487262,-0.077495132473171677,0.079939813934117476,0.99378273812294726,8.7496785112204059,-17.61263953762581,-5.4632311360441843,,0.202392430895882,0.9583333333333334,False,2
0.30028521215222459,0.9511140601169763,0.072186120622281136,-0.94657388252211117,0.3064695676279357,-0.10037075791764552,-0.11758688825591845,-0.038189642126462309,0.99232800773964991,30.998948999638273,7.6852272366969476,-0.96228676542902769,,0.1635563899631878,0.2173913043478261,False,1
0.0074295670275131972,0.99969805561752234,0.023422193072568039,-0.99010200475548915,0.010637082388943779,-0.13994596334804241,-0.1401528512480017,-0.022150622401995543,0.98988207793365934,27.379533557256643,-1.0301406197112351,-2.5815672466613422,0.2836612399632046,0.2005460046902311,0.8,True,2
-0.94745358473645669,-0.27115561116716752,-0.16972430380649858,0.31923724312507518,-0.8354180870436263,-0.44739714174575596,-0.020476507806321955,-0.47807034458636988,0.87808283109005714,-3.9869217213371795,11.299142936972865,-0.57420205517347123,,0.4213799059879852,0.1428571428571428,False,4
-0.75152143175013386,0.65475641350261204,0.08068194715935359,-0.64484063729358243,-0.70325146384181114,-0.2993625412424793,-0.13926984639553047,-0.27700436383123117,0.95072208994186047,-0.84387474308678156,7.001520271135333,-1.2352542644735334,,0.5024914956412029,0.1777777777777778,False,3
0.94574219139968285,0.32372870129530606,0.027774725276418978,-0.32484026979284242,0.94392477671346675,0.059032321886788419,-0.0071067944559651723,-0.064851706716836752,0.9978696055139038,-6.0543480821845437,-11.248780919770102,-4.1611254026642248,,0.2906764191926525,0.4871794871794872,False,4
0.50586359258961511,0.83859268487867389,0.20214928780558297,-0.85342543425606443,0.52065153646131246,-0.024228201446269623,-0.12556692979114548,-0.16026317870443899,0.97905498297816418,0.74844545401325913,7.0258044654096539,-1.2267091877740919,,0.3878901188608768,0.2714285714285714,False,4
-0.31697209650284403,-0.89406686027698734,-0.31650140504118157,0.94565098052780494,-0.27237525125965772,-0.17763993224508853,0.072614826760056511,-0.35560676576197003,0.93181055750561115,-1.3486252520712989,5.4433827740515941,-1.5287967232244049,,0.5964949980987132,0.3421686746987952,False,2
0.77321208455596513,0.61994138484617944,0.1334756593975911,-0.63198658213648706,0.77067614345951696,0.08155514638456729,-0.052307096039270029,-0.14741425052337553,0.98769074433578197,12.617302742084238,-19.416009276669726,-5.8570407307181913,,0.1859716810278954,0.2962962962962963,False,1
0.18828797256886665,0.98206434275167476,0.0098623567988113219,-0.97998170035579113,0.18853107120712806,-0.063967977592424355,-0.064680030563364813,0.002379471624993656,0.99790321763240541,-10.896614293552618,-7.7652672350525256,-3.6767536800023133,,0.2501712570846112,0.989010989010989,False,5
-0.81271885711853709,-0.54198321552038708,-0.21387438691465949,0.58040809009139305,-0.7208567597434874,-0.37880335385075681,0.051132262226513819,-0.43199505324286075,0.90042532490667826,-3.0663596647762188,-12.44017628399796,-4.3493656578534319,,0.2197318051994344,0.3928571428571428,False,2
0.33166419201662656,0.94023500262500903,0.077181627170644473,-0.93639404580908792,0.33804875160761327,-0.094282726465784505,-0.11473907227813046,-0.041002211834049382,0.99254912418351837,27.423166381552711,15.864280937024175,0.25464784195313966,,0.2602552560560241,0.6341463414634146,False,1
-0.1189895657748912,0.93545402005690148,0.3328171564028603,-0.98425325481263459,-0.067000170522393432,-0.16357416526061033,-0.13071730423872005,-0.34703998834335104,0.92869598516587171,-2.3512454090582193,-14.277371646310264,-4.6073387690895409,,0.2241656222125421,0.2592592592592592,False,2
0.79867846842676093,0.60136844071454187,-0.021649540042361703,-0.59994344558230805,0.79296277192393794,-0.10619747852719756,-0.046696532786847322,0.097806139149172508,0.99410934658639094,-14.209622358107206,-13.335269960836932,-4.5089511320452829,,0.07963730469498043,0.2857142857142857,False,1
-0.019767697431450144,0.97463175419028403,0.22293986153720396,-0.992411196719444,0.0079399894474092604,-0.12270685878733686,-0.12136414117909389,-0.22367364684187546,0.9670785102277456,24.697371037536247,-10.015638858845284,-4.3705160062815418,,0.2557774620176911,0.2222222222222222,False,2
0.77076640641580541,-0.60250897351721755,-0.20712818150144383,0.62532496263955129,0.77766682520704589,0.064830548912052977,0.12201572784157774,-0.17949163156989567,0.97616336560827099,-3.2129315497628985,11.681031770249868,-0.52445143212073064,,0.3063989090647906,0.3888888888888889,False,1
-0.81444962740697124,0.55846449415181554,0.15744590559427954,-0.56849424975438612,-0.71372317904321181,-0.4091619626659454,-0.11612963623831454,-0.42274890002010407,0.89877543086076206,-0.82173165741918752,10.363261494120405,-0.75758922468751533,,0.1089118536095347,0.6,False,1
0.60975852606898495,0.77637784218974881,0.15947409207444707,-0.78838761798761037,0.61480878485582169,0.021333585444780812,-0.081483149730486606,-0.13873573519788651,0.98697157613028608,-0.99166850442411714,-5.7523162466629918,-3.3711074426331624,,0.2054869279127209,0.178343949044586,False,1
0.99390779818281316,-0.10173266164528544,-0.042399932381528921,0.096645055000425126,0.98939490032375299,-0.10843184291210567,0.05298133685890867,0.10367351044464844,0.99319926559413352,-16.864345101255779,5.8676773676486729,-1.5690867572960012,,0.3384581360191581,0.984375,True,3
0.99022476824259409,-0.12199513785928411,-0.067617266268286,0.12464748586111159,0.99152995768631025,0.036487631864627168,0.062593231482373557,-0.044559279048014662,0.99704390977695445,-3.0765278899957011,12.108077028510539,-0.49718488215061596,,0.3851929327789432,0.3478260869565217,False,1
-0.34780680313843965,0.93725415534116885,0.024188344017964426,-0.92608304213518811,-0.3394071029526331,-0.16484240211467452,-0.14628953059003952,-0.079733724113535048,0.98602327887263019,24.67986128728926,-13.636664352207674,-5.2849970575328822,,0.2580788767606625,0.78125,False,2
0.63945363196470728,0.76881112426199749,0.0053392675666006119,-0.76629034656034856,0.63789021648585009,-0.076780052618212455,-0.062435225118237972,0.045005854315168459,0.99703375857680776,-17.311567962788306,11.900649983049879,-0.54051703520703553,,0.1807894534677455,0.7575757575757576,False,2
-0.95869215186459089,0.28184138311971868,-0.038403030015942946,-0.27036757002316608,-0.94484839471939919,-0.18483205370266217,-0.088378362923340975,-0.16681410539081948,0.98201951060539105,0.86124673784463135,15.831064271105289,0.20012179555664888,,0.2674601257924711,0.8983050847457628,False,2
0.082810347198431708,-0.96927861146923844,-0.2316061738061842,0.98904285042594087,0.10843633576679529,-0.10017884560525087,0.12221573719535887,-0.22077258533100541,0.96763773135820774,1.6046462842531355,8.7410206817295801,-0.97482641093332112,,0.4967032395423306,0.25,False,2
-0.7013487277630398,0.71268895665944809,-0.013579879264339206,-0.70185196568713859,-0.69376236871231178,-0.16154749772058644,-0.12455432680668441,-0.10377006704416528,0.98677149982120183,-25.047980075183155,-3.7886244388267887,-3.1370152989996445,,0.3023018766005424,0.9137931034482759,True,2
-0.064829644412123327,-0.96278734646414454,-0.26236928687239713,0.98873052958355601,-0.026420436972449668,-0.14735637203598231,0.13494093920978781,-0.26896558515675828,0.9536500704799763,1.8572645742307832,8.3587781486701971,-1.0000542257819509,,0.5839687749458098,0.4178082191780822,False,2
-0.99823947487850095,-0.036676976902180976,-0.046612768203705052,0.044217110333146306,-0.98398247011042606,-0.1726943706933467,-0.039532239350709875,-0.1744514198299961,0.98387189418705157,20.936245777831154,15.832232397943608,0.24895331879215463,,0.2381232270013978,0.75,False,1
-0.90271448347059191,0.42911490579811667,-0.031095963633504475,-0.41860677322803663,-0.89270233029828361,-0.16688594574626567,-0.099372686086438497,-0.13763337931580369,0.98548572904841114,22.421975055442832,11.206383840873134,-0.43416746139301365,0.314276577158909,0.3001320701506098,0.8809523809523809,True,1
-0.43182308938206138,0.90137397350627402,-0.032461967932384345,-0.89050211812858371,-0.4317801240249094,-0.14342908389005157,-0.14329967580227801,-0.033028538910230471,0.9891280597235208,-12.455143554096663,-20.425091296365768,-5.6511737044004686,,0.2259005175485569,0.9487179487179487,True,1
-0.55448634071716685,0.83187678424844713,0.022932810262796859,-0.82046915169191681,-0.54185801856558391,-0.18226425551414738,-0.13919507563140657,-0.11987870346580684,0.98298210938720787,27.187609928000217,-11.343436066589613,-4.83703834395721,,0.2105031974926989,0.75,True,1
-0.39133292810303205,0.92018192849470426,-0.011124650739417666,-0.90891258660146879,-0.38837549772032731,-0.15179717615263855,-0.14400156006007139,-0.049291898342981713,0.98834905749841773,-29.814250902078772,4.4343311466650581,-1.86775985030817,,0.3360508365031398,0.9777777777777777,True,1
-0.99109431997666719,0.12665928698896706,-0.041103210694964268,-0.11799933054294238,-0.97840447806734732,-0.16970808846127219,-0.061710670887664,-0.16334657118289331,0.98463683192402784,17.725069726656397,11.741038455223221,-0.40179778488061718,,0.2093969578329382,0.5161290322580645,False,1
-0.8759162841007192,0.48245580201960908,0.0026575072538012512,-0.47081177070334923,-0.85354696650686968,-0.22314536189241568,-0.10538946728380925,-0.19670784189893406,0.97478155764309493,-13.720389161981032,-5.7689988153114626,-3.2911551930336196,,0.07391808607744108,0.2352941176470588,False,1
-0.81294161880957616,-0.56432605973669192,-0.14374290490081748,0.58072736110108913,-0.76721235677856381,-0.27228832452906765,0.043378064454641194,-0.30482994916566408,0.95141843876174048,6.1170489999951796,-6.3078207187660871,-3.5288275950539978,,0.7406123775245179,0.4794007490636704,False,1
