axis_00,axis_01,axis_02,axis_10,axis_11,axis_12,axis_20,axis_21,axis_22,location_x,location_y,location_z,dbh,dbh_approximation,score,reconstructed,number_clusters
-0.57418933408952166,-0.81608797695715085,-0.06562790933601817,0.81099166467401118,-0.55594755947550922,-0.18224936472454734,0.11224583933094243,-0.1578693288109187,0.98105970591686331,18.264743274934247,3.8623546726414926,-3.7764467432257183,,0.2633016733179189,0.1666666666666667,False,2
0.26936736134902389,0.96092641249996691,0.063731110141019898,-0.94910777254037859,0.27610412737955176,-0.15152870007828986,-0.16320435270943098,-0.019670805878732333,0.98639616719286582,-8.1506263242038699,-16.647090850588118,-5.4480262511432018,,0.2175225076175745,0.9846153846153847,True,5
-0.10047264176696141,0.98637828411872364,0.13024257704518927,-0.98297553625051937,-0.07817044910607604,-0.16627830892681039,-0.153832192305035,-0.14473168798006394,0.97743971430726606,-25.482322158376448,-9.9188361517746806,-3.9636493089274163,,0.1966580090005588,0.2,False,1
0.99560681154136121,0.083936592426973475,0.041493677400214236,-0.077131708391976153,0.98645516934375588,-0.14476497654998327,-0.053082731400899814,0.14092851850044466,0.98859565864932375,-1.619078382217882,5.7830259809293203,-2.9479452140724507,,0.1001608763803577,0.421875,False,5
-0.17496309415185621,-0.97724366450601252,-0.11992804454200068,0.97501460868175871,-0.15504064767226022,-0.15908774442590679,0.13687376864090969,-0.14476607942548378,0.97995324057110444,-16.496345392556325,-11.434474840188097,-4.465453383233867,,0.2454911991520035,0.2758620689655172,False,5
0.87789225253714165,0.47342608826769433,0.071923097005158559,-0.46557790906552032,0.87899017786724798,-0.10302173461499402,-0.11199287265465674,0.056956177544262382,0.99207539547864254,-7.0206172749874431,-21.180342403848755,-6.1046804932955192,,0.1696393963489441,0.85,True,4
-0.22175606774028067,-0.93539902788524987,-0.27541406110018823,0.95936520881455789,-0.15875464841671236,-0.2332709963160573,0.17447820074888432,-0.31595192709875375,0.93259409028044804,17.481666030158696,-5.2259271638035036,-4.8177561392855273,,0.3585356111438884,0.2571428571428571,False,5
0.16147427103291989,-0.98655953091577087,-0.025027020470711848,0.97808901134519566,0.16336169604257469,-0.12905364059905838,0.13140755564336726,-0.0036398111692371657,0.9913217470097625,16.647309744688322,-12.121002001278047,-5.5184770216764507,,0.1156438891587047,0.9,False,5
0.8229517820469201,0.55861147281571955,0.1034581406388618,-0.55468499835550578,0.82942430471914874,-0.066180626625235009,-0.12277995367791364,-0.0029232139519117482,0.99242961352180559,16.458565194667443,-19.525557936943141,-6.596963493361744,,0.09770963661612975,0.1428571428571428,False,1
0.99918347978642019,0.0013289609120370359,0.040380782369768338,0.0036492476973082697,0.99240517976928522,-0.12295788774347309,-0.040237503813532027,0.12300484961978984,0.99159001117239431,-3.8414944976261101,1.4473195444321405,-3.2999075164571519,,0.2465313334467895,0.9294605809128631,False,5
0.63692823296925727,0.7671173903074302,0.07650709466825846,-0.75654905862155719,0.64104155748627456,-0.12922555271465311,-0.14817539588439016,0.024426032495878325,0.98865940595890522,19.397454972924816,3.7926711691808164,-3.803287344468155,0.2133364898867612,0.2257923257419877,0.953125,True,5
0.48755072769548274,0.86572489899848581,0.11320197514914516,-0.85714269848637714,0.49927393052573182,-0.1266172844791702,-0.166134530893182,-0.035297897266680686,0.98547114422161253,-20.136457874772738,9.4505646688176821,-1.6862137413649132,0.3529704363056222,0.2355462863853176,0.696969696969697,True,3
0.83831119386674691,-0.54488470928587995,0.01830289114184638,0.54242371870547779,0.83020556455865846,-0.12858938510452,0.054871227646454246,0.11772584322178295,0.9915290082565863,-10.926093942558268,18.538926293280266,-1.3098773555716829,,0.2434035613831821,0.972972972972973,True,2
-0.49732120644074052,-0.86737182320794903,0.018377647543833878,0.85460601295190297,-0.49342967493077688,-0.16178911744663271,0.14939939842843708,-0.064755510982670822,0.98665421680880427,-22.711975657122711,1.43110319919148,-2.5785120962048067,,0.1436568303309113,0.6904761904761905,True,3
-0.98974304615323583,0.1313254477502819,0.056234592240922143,-0.14265499504105586,-0.92956840924099748,-0.33992958819584834,0.0076324950803213776,-0.34446509157583827,0.93876810006758293,-20.328606458149366,-4.8091980170517337,-3.4640296452395556,,0.3084882733190737,0.1884057971014493,False,4
0.83080893191603455,-0.55081634917364786,-0.079736241017196008,0.55637601417713756,0.82563074324126129,0.093699555299075837,0.014221444965260541,-0.12220975942164772,0.99240240084615061,5.6305727196945625,19.035441981788534,-1.914290656890024,,0.4076541998087437,0.2765957446808511,False,7
0.51595088303542613,-0.84154629641276346,-0.15998286561043282,0.84308561152745087,0.53193104790006007,-0.079094955056113372,0.1516619198426182,-0.09407014018223675,0.98394586781781124,1.6457174782051796,-9.6476855923072335,-4.8129878063168281,,0.2845946058398313,0.3197674418604651,False,6
0.95551126274202758,-0.29300184212095393,0.033884322139656517,0.2948493233273084,0.94577701476847298,-0.13627074106008422,0.0078805651170945831,0.14019899731939517,0.99009198453682656,9.8649454049573393,9.0836996430976491,-2.9605184430820848,0.3091970632962475,0.2645157253070597,0.9523809523809523,True,5
0.98424493184175721,0.16651162031878144,0.059462546553517029,-0.1651154908948399,0.9858851165335305,-0.027702196018065797,-0.063235977183651232,0.017447558467626918,0.99784607725497831,12.920750713701155,7.6643869475641653,-3.2832097629081014,,0.1839305576462689,0.25,False,4
0.075854701690713663,-0.99548179359222433,-0.057114471527120812,0.98281137080033432,0.084312024951120806,-0.16423547690499404,0.16830886386932237,-0.043674718946445854,0.98476628966875623,-18.094302583198282,-19.104538834614033,-5.4190406609535398,,0.1881811373346133,0.3703703703703703,False,3
-0.046030052866327678,0.94948907256903781,0.31040575913650764,-0.98969875375536642,-0.0011774494869967594,-0.14316071537883465,-0.13556404777151357,-0.31379788827315913,0.93976234988804952,8.6034149325093825,16.010086445067337,-2.3006242502204963,,0.3560929351986366,0.4333333333333333,False,7
0.89073794562399977,0.4500417992262698,0.063626183090916152,-0.44100725531330276,0.88962853860922475,-0.11863247469829917,-0.10999324064034213,0.077610838426067488,0.99089759550229972,-9.4726142570155467,-13.967147765066102,-5.0344817937440052,,0.1980654405516797,0.5681818181818182,True,5
0.98311605209153463,0.17688776997638941,0.046835296014176971,-0.16985163508305831,0.97737825989212335,-0.12602443870082225,-0.068067982044183406,0.11594159703499696,0.99092093322192354,9.0794328937366053,1.8751193198065508,-3.7448771856972067,0.3544855141845022,0.2893763815660993,0.9908256880733946,True,5
0.92416835658900587,0.37839173012516986,0.052273772127675366,-0.36934962512678426,0.92009737529551794,-0.13039046895000478,-0.09743563566929471,0.10119544726507593,0.99008372290152358,8.8911825813402352,-4.5284094779237627,-4.427757648653575,,0.2621106909780931,0.9872881355932204,True,5
0.8203794222905989,0.5681389838708244,0.064774211599750359,-0.55815797430319647,0.82023838156063944,-0.12517457064649432,-0.12424684786301167,0.066536399218841538,0.99001799396530965,-9.8698502269833863,-15.232824553302404,-5.1910482842080139,,0.1715280626244745,0.8356164383561644,True,5
0.70672499364430985,0.70206277436472442,0.087450810229269593,-0.69345627685281375,0.71189190116049794,-0.11103293725523246,-0.14020761552741356,0.017826438606661957,0.98996163695100781,14.156181006381036,0.45003259551943153,-4.056070874031465,0.1167482579307391,0.1394109030899787,0.6571428571428571,True,5
-0.064858688546019921,0.99135872145919657,0.11402296219129757,-0.98590408789805828,-0.04599978053209007,-0.16086376116732265,-0.154228661363536,-0.12284911712253868,0.98036810149873044,14.291360736855079,-13.104209047917287,-5.6201125874533924,0.2895671466343515,0.1939582776445581,0.9354838709677419,True,4
-0.93261073194006361,0.357027165297232,0.052619634263670959,-0.36053982864634726,-0.91539818261286388,-0.17904524352444962,-0.01575609818076884,-0.18595098953458117,0.982432682101542,-18.080204877850598,6.5599629995724253,-2.0770711540852771,0.1058446782618371,0.1847451390348018,0.9615384615384616,True,5
0.98594008945033951,-0.1625020003402832,0.038926082516259633,0.16650577120239782,0.97502516127365979,-0.14697538242701785,-0.014070116237999315,0.15139033908634986,0.98837391561107535,3.2321161971499204,7.3910004895096444,-2.9286675335203043,0.3230951204341025,0.2730977442644322,1.0,True,5
0.77358167988695747,0.62917671606648262,0.075551601591694273,-0.6199794401375146,0.77611041465363351,-0.1152307167075667,-0.13113686876712993,0.042299931748906366,0.99046142651997859,-9.3639221758565245,-16.083282299323979,-5.3275452265660324,,0.1943069422843341,0.974025974025974,True,5
0.8679848868216693,-0.49584363686199945,0.027227266345323884,0.49454544588047578,0.85813897797215499,-0.13792134150952196,0.045022641060415342,0.13317876057528988,0.99006887615133854,-17.144469976284331,5.6438824486985908,-2.2120487956522421,0.3551355324824332,0.1761535407266693,0.9682539682539683,True,5
-0.34567003593272461,0.93616414403562775,0.064100871135348292,-0.9292806928155104,-0.3320493500397646,-0.16180427404273318,-0.13019070711304628,-0.11549859116115413,0.98473877511815011,-15.743195404677596,-14.479798479183652,-4.8947717009413392,,0.2477049829265428,0.8524590163934426,True,5
-0.3665012154607139,-0.93010012620857163,-0.024302557326767088,0.91293936114727248,-0.35445461057692057,-0.20224651272339861,0.1794953535159938,-0.09631035389595996,0.9790330606259452,-21.746073367963525,-13.535739491891015,-4.5707080673770024,,0.2107196249789129,0.1176470588235294,False,3
-0.47116480518667875,0.86030134295175664,0.19464153120237013,-0.87645884087671333,-0.43184284257811811,-0.21291232834925022,-0.099114209891656299,-0.27091208653261467,0.95748786664275709,5.2308249674342635,-11.414822511723589,-5.1669745360108914,,0.3816621740406181,0.7066666666666667,False,5
0.37024523726029479,-0.92891272469637487,-0.0062939799193008628,0.91942308447156862,0.36741311769088897,-0.14024547297309545,0.13258829521060411,0.046138387984600238,0.9900967594772383,-11.298566157264842,-16.912512199403228,-5.3792283765265765,,0.1698439114675217,0.358974358974359,False,1
0.91963735474739861,-0.39221672854828737,0.020812822972571324,0.39189149094133835,0.91275534765166644,-0.11532013987617855,0.026233472530023731,0.11420907661024782,0.99311031196884292,-17.105065629798613,-0.061261477424431721,-2.9663291649367509,,0.1288087596714454,0.5476190476190477,True,5
0.94696832713143908,0.31435339207475782,0.066580269607265707,-0.30754858972187482,0.94671766127684631,-0.095600914151399569,-0.093085188778712691,0.070054369725170429,0.99319058237200353,19.634583119378789,9.6565038673516597,-3.3014239527944373,,0.2061445556330351,0.3684210526315789,True,5
0.91068610990785004,0.40817342869414863,0.063602368894336916,-0.40041526823784823,0.91005848439988068,-0.10705684440429285,-0.10157963468589848,0.07202782156816688,0.99221649388489053,3.6864557111393279,21.162216880861937,-1.7491016185576276,0.2756476998433439,0.2614377865726397,1.0,True,5
0.91103415125588105,0.38539586335569448,0.14658377725313126,-0.39803697672455524,0.91479501022974463,0.068677903424154918,-0.10762592812818159,-0.12091367899076033,0.98681130001002104,-9.0625537197414197,13.171629873712902,-1.744670983969163,0.5001182465567509,0.2278821259458671,0.1764705882352941,True,5
0.99916609694139891,-0.0024239945080509477,0.040758250373569525,0.007169136207062451,0.99314336570199357,-0.11668272643437623,-0.040195947668070053,0.11687762580040643,0.99233255835849943,-16.941019180912257,-3.8099255489028443,-3.500345688531862,,0.224861392574782,0.7596899224806202,True,5
0.94059847438886646,-0.33819727025954227,0.029951900880100971,0.3391477372460554,0.93176570820191473,-0.12958193292224399,0.015916101853717217,0.13204268782472747,0.99111624257389896,2.0997528911518795,3.0278162316368444,-3.3805221240090422,,0.3431594576742499,0.9984350547730829,False,5
0.73856669863692892,0.66965211965811966,0.078008142536120706,-0.66007844357593504,0.74180318222650221,-0.11842502761243623,-0.13717025913411213,0.035973288368211925,0.98989405621665305,-20.505408493389687,-14.126071913663122,-4.6662960227784058,,0.2156359850707821,0.6904761904761905,True,2
0.98177413103058853,0.18382577002326475,0.048245641404060291,-0.17717472100389753,0.97712455399321041,-0.11762960605546194,-0.068765353749737274,0.10693779621315298,0.99188488942253306,0.070678442909329009,15.479298745939586,-1.9966827213394265,0.3277300118326115,0.3266194308719329,0.9369369369369369,True,5
0.89277720097399216,-0.44996263316095064,0.021965841206504348,0.44926455831675266,0.88566657003499982,-0.11728633067367,0.033320054944412328,0.11457903595904519,0.99285518503818004,-17.742614845934732,-1.140471779649894,-3.1097816681026482,0.1894632626548247,0.1814259731120738,0.4583333333333333,True,5
0.96460422906645238,-0.26241576465659772,0.026012453302370453,0.26368571188645429,0.95874855013372728,-0.10616526250808071,0.0029200366519574958,0.10926657346219341,0.99400819378402638,22.345509569114448,12.758601346767291,-3.0864225873036562,,0.1234506226990686,0.6190476190476191,False,1
0.74094455455423347,0.65344630163621653,0.1549486945875253,-0.65008941395720465,0.75577994580657393,-0.078615694218070423,-0.16847825063552119,-0.042480635524458264,0.98478955856986605,-1.0764614846418503,6.768824407712974,-2.8281467321444969,,0.1443386583761192,0.3636363636363636,False,6
0.9880379288979122,-0.14962490501971568,0.03732879393933853,0.15327320494623795,0.97947985395472414,-0.13086840849624864,-0.016981628444676728,0.13502445517265954,0.99069673503080335,-17.021861619302086,3.5215828382675967,-2.5141448634392494,0.2437433980944635,0.257401667118313,0.9753086419753086,True,5
-0.045058456141202595,-0.95147760242712098,-0.30440122800295849,0.98402111667943515,0.010268765237768721,-0.1777554342051168,0.17225613910432722,-0.30754662173405423,0.93581135812771687,-2.4620006998335109,9.2610638276135155,-2.5016113129375981,,0.3896539776472766,0.1477272727272727,False,5
0.98217666993299069,-0.18495987150509161,0.033448990600059278,0.18776001916833038,0.9736789497639895,-0.12921098246048807,-0.0086697313251927408,0.13318839558804058,0.99105281748221385,13.202629830818671,-8.7103291458233496,-5.0568260280015753,0.2893159041844899,0.2630657019515945,0.9900990099009901,True,5
0.80751004912491042,0.57107454129391277,0.14765293376100885,-0.56075209889906175,0.82088552091270761,-0.10818523529655338,-0.18298798906644839,0.0045639721538199701,0.98310455497652838,-22.296867935039124,12.17954104978458,-1.3261931600847374,,0.1685964801453753,0.5555555555555556,False,2
-0.89133968911561468,-0.45315079065258457,-0.012958377144405529,0.44283742125431341,-0.86422569237484836,-0.23876551462898399,0.09699781927501705,-0.21855963389919772,0.9709907875390682,-17.310729789731969,-5.2563090052235006,-3.6740346536813049,,0.1340575455844133,0.3809523809523809,False,3
0.95658712608099428,0.28661828522479488,0.052830188253531737,-0.27915100655919206,0.95314786772703675,-0.11654980816970345,-0.083760287446350806,0.096742445814662764,0.99177876233800411,1.9876111281903013,-8.7855722634625462,-4.7265147396673068,,0.3174020966016531,0.9703703703703703,True,5
0.97438632723494156,0.21836529140345112,0.05373904360785646,-0.20990570101500949,0.96889555604488409,-0.1310763066227936,-0.080690036429528794,0.11643882937732165,0.9899147018982194,17.658977469110628,6.8263529443295186,-3.4508610919421829,0.2430565468959205,0.2929784581932205,1.0,True,5
0.82698033659058579,0.55881105235023165,0.061917127386124142,-0.54883170178790031,0.82626091590902206,-0.12679377726758795,-0.1220134664908761,0.070873878209196869,0.98999475118935321,6.1117950392873075,-14.153756892032359,-5.5348273874260983,,0.2673766477106551,0.8899082568807339,True,5
-0.57887067366229172,-0.8146926078401715,-0.034419440790714816,0.80216803976185469,-0.56137705357213041,-0.20342625127376612,0.14640757889668257,-0.14536766646422655,0.97848508541947521,-20.962233837694626,-10.277157551340409,-4.1546722783679026,,0.1477103251164884,0.4038461538461539,False,4
0.98125877946012807,0.18192804355257883,0.063509012758433167,-0.17821237437455453,0.98216135355902956,-0.059995209766103452,-0.073290909069294183,0.047552734350676779,0.99617627963306299,13.542833888393382,18.271921418797504,-2.2411363593722378,,0.2147435306831071,0.9206349206349206,False,5
0.65740761222172828,-0.7533487741813325,0.016758753903856623,0.74774687368544834,0.64944506022531534,-0.13818728828142995,0.093219334295866277,0.10337668106696304,0.99026431700077688,-19.872611033051761,2.7247317152459516,-2.5013716546542142,0.2247087841964322,0.2327324428786289,0.9240506329113924,True,5
0.95782556229316951,-0.27695692759716861,-0.076583630585849743,0.28726536288864751,0.92938790435147245,0.23176870912535169,0.0069859503452909463,-0.24399381857152633,0.96975162438464535,-3.1196871238152273,5.7668546128981069,-2.8851940530090179,,0.4316327289662487,0.2832618025751073,False,1
0.58059939896728929,0.81119408996991471,0.069774539172278757,-0.79977189726970377,0.58427615875181182,-0.13779072048525473,-0.15254261783659198,0.024197493922076006,0.98800062299142821,13.182328398105145,-3.1516496588614551,-4.4366768444378257,0.241665054173906,0.2534334008346585,0.984251968503937,True,5
-0.29620315847308026,-0.95446449180768667,-0.03551369860864239,0.94084297413627338,-0.28516629449962766,-0.18301552529707113,0.16455451050938269,-0.087622590464136757,0.98246836830066497,-0.039591776435869544,-3.5131673066869844,-4.0257349922376937,,0.1660174353016213,0.5460869565217391,False,5
0.99783856663481374,0.050233808128969819,0.04236460146209016,-0.045072252571793321,0.99233670663754558,-0.11504934901099548,-0.047819316016483926,0.11289120949219748,0.9924559878579523,-6.083634902103725,11.006077965296841,-2.1806303525140081,0.2622362990072545,0.2839503191063006,0.9741379310344828,True,5
0.8596489054656592,0.5081316318481206,0.052971728752779557,-0.49769636786621108,0.8563501808481262,-0.13770509494626643,-0.1153346641061275,0.092014197147750165,0.98905576323015276,-1.9055397023612493,13.12378066545277,-2.1378355378319478,0.2139547086878328,0.2310802879393074,0.9102564102564102,True,5
0.95255669968270462,0.29978788009608798,0.052563873878234579,-0.29116408807318556,0.94786490324356709,-0.12952065092321441,-0.08865217259663577,0.10807105138082269,0.99018252870232948,-14.159513096555452,-4.5267372743043408,-3.635453793911017,0.2793033224260708,0.2817269300280387,0.9617224880382775,True,5
-0.2229127462258324,0.97231251162909293,0.070130501920228794,-0.96421404843952885,-0.20931978602598264,-0.16271599789169833,-0.14353109893647428,-0.10389228512051515,0.98417743152874937,-17.656702804957153,-6.610766442561248,-3.8057298189603519,,0.1640927839065904,0.922077922077922,True,5
0.96003163155446247,0.26929696021685812,0.076278526682381304,-0.26192224488296489,0.96046590014483624,-0.094350369869099726,-0.098671191592800134,0.070600296578184424,0.99261250952863178,-3.2328350920031323,6.2202888277486856,-2.8534475304490163,,0.2458857615650754,0.3655913978494624,False,7
0.9946267992827964,-0.097032487603482737,0.036086375516813041,0.10070743468747818,0.98764506383102901,-0.12006348524372708,-0.023990472007190389,0.12305252634417273,0.99211014157360067,-6.1202309263777392,6.9933463599900412,-2.5661753688866686,0.3288115636820831,0.2760616745649075,0.9529914529914529,True,5
0.8972053697413398,0.43833588213507835,0.053704552322577856,-0.42885289227120305,0.89383626004193817,-0.13092722033582033,-0.10539317481663515,0.094437252538937866,0.98993630301902114,5.8552450471326791,-9.300012937630914,-4.9264755466349666,,0.2901630695986219,0.99581589958159,True,5
-0.25727956058929863,0.96415661901134664,0.064878669218684848,-0.95544644293554504,-0.24375475996566182,-0.1664503279537122,-0.14466970099088883,-0.10481236096325991,0.98391312960266752,10.815183206555675,-11.775185229131418,-5.3425955741444309,0.3467727522357489,0.2758204432864472,0.8469387755102041,True,5
0.64761869648624881,-0.7617308778677685,0.018870444198593579,0.75578252801103551,0.63901902659866505,-0.14299459429693154,0.096864824960877297,0.10686792478426295,0.9895435575747058,-16.938584730739318,-7.6070250372200707,-3.9615438640413636,0.1555258428599859,0.1996184133807046,0.735632183908046,True,5
0.70549117399374872,0.70449641832379728,0.077246359046000232,-0.6945485636291977,0.70895294395028252,-0.12242555298975019,-0.14101239724769163,0.032718799384588014,0.98946702016251686,-14.331185929600112,-13.916510067990522,-4.8607583920376243,,0.1353383183501885,0.4285714285714285,True,4
0.88895661597276632,0.45419795527135726,0.058824759630328058,-0.44505786682983212,0.88700579450853823,-0.12306183681855408,-0.10807233730759759,0.083216211975763163,0.99065404252608691,-17.27099963609426,-2.1994384298162997,-3.2493317239570332,,0.2132668681327846,0.8045977011494253,True,5
-0.85548979168357187,0.44393463902772012,0.26656941421800062,-0.51649549156410202,-0.69475676559452981,-0.50054514666969407,-0.03700842497536129,-0.56589316388515998,0.82364756027617048,13.985209355268237,-0.4141525693501556,-4.1577334421273422,,0.3858270896668405,0.2564102564102564,False,2
0.99209589909410301,0.11556504881562303,0.048892192555726632,-0.11116866083317414,0.9901859927784562,-0.084694914569302351,-0.058200136161544055,0.078590197846712423,0.99520667449188271,-4.716691145784309,7.4309951033078949,-2.6384484229104777,0.1532431306573597,0.1248195179488638,0.8181818181818182,True,5
-0.98850848967627103,-0.14745121758465488,0.033303217122991176,0.13283521036992124,-0.95245402433403492,-0.27420090885312814,0.072151041045275727,-0.26662608642573871,0.96109560258768134,1.792972981476447,-12.631226507244223,-5.2133001154546212,,0.1949565514701577,0.2448979591836735,False,4
0.31390302243767293,-0.94932416653897789,0.015764495855269976,0.93935713462277026,0.3081065639147807,-0.1505938873458279,0.13810527194062661,0.062080368053872681,0.98847001055393868,-14.121650083613954,-8.0274640188608064,-4.1445764703290893,0.2244820567343478,0.1886406625178749,0.84375,True,5
0.99795194031881096,-0.062115033027984101,0.015285531912647986,0.063574985095078362,0.98953856318485434,-0.1295054178025549,-0.0070813899822493309,0.1302119604413749,0.99146089144954841,2.1428134241184664,-2.8628905098819559,-4.0224632033907319,,0.2334362953450272,0.7099358974358975,False,5
0.99804750626956118,-0.061462563090092355,0.011114340624040521,0.057111846269430083,0.97007450794852024,0.23599509750020989,-0.02528660208109745,-0.23489955803882009,0.97169068400821856,5.2097276068538623,-11.848007308193948,-5.2209390993216953,,0.4514194421067249,0.2268041237113402,False,2
0.91807667305253127,-0.39636598580720539,0.0054062641332215215,0.39526140683496624,0.91431367752547255,-0.088311490513351687,0.030060649754108489,0.083213606969826631,0.99607823636069492,-22.012126640358552,4.3783096375987309,-2.2483807043586523,,0.1400079087259166,0.28125,True,2
0.99892958514194441,-0.023573465090899415,0.039799191847969609,0.028757343273620912,0.99040640551748116,-0.13515978365544365,-0.036231190098953064,0.13615962563679201,0.99002417001326937,-18.564618310623043,-13.635441367562864,-4.6808738995282697,,0.1171522740427567,0.65625,False,1
0.9989036349475493,-0.017659224723070247,0.043355275004948596,0.023314218715032087,0.99076000887535476,-0.1336078291830825,-0.040595261968390639,0.13447214059234799,0.99008548525378914,8.6877028887979506,17.705813464617304,-2.1712553615693282,0.443507705028625,0.3531463079147147,0.9594594594594594,True,4
0.2033291442814856,0.97722923915536697,0.060665255505780821,-0.96547565239478084,0.21041662611920989,-0.15356304270716115,-0.16283127377328843,-0.027346985070231502,0.98627486974419942,12.39331242391914,6.8585354117915234,-3.3105265548384835,0.2652201151898501,0.233357763055614,0.9550561797752809,True,5
-0.91961651771950736,-0.3920435578266957,0.024643642263967265,0.38021543788075374,-0.904124168964621,-0.19492487755846083,0.098699955089122812,-0.16988624388284204,0.9805085328566937,-21.13868452077066,-12.125172401691909,-4.3847654136580072,,0.1468238088945725,0.4615384615384616,False,1
-0.49050186322303635,-0.87143048065234929,0.0041036038729347149,0.85753466212292184,-0.48350749590495767,-0.17565535762237436,0.15505555595481446,-0.082640297638220006,0.98444317041351392,0.38610063798185845,-9.9393602471301037,-4.8233737143668707,,0.08243854807290055,0.2549019607843137,False,4
0.8913028502514394,0.44856331048407572,0.066107379476312927,-0.44190527451343348,0.89204099245831681,-0.094776558975234959,-0.10148377944708947,0.055261417476806823,0.9933011719753414,-9.3705014153829964,-18.656221387918627,-5.6550027552364623,,0.1310961141616631,0.4285714285714285,True,3
0.074060577240359721,0.96169535686254504,0.26392626145923109,-0.98414590764717114,0.11324949355635981,-0.13649683025826292,-0.16115788333230774,-0.24963291609531332,0.95483587272452231,-8.5864577924279963,12.386284456623656,-1.8493347291381479,,0.6122485866131895,0.3406593406593407,False,1
0.99843570500823919,0.031112460872955251,0.046455976398403917,-0.028715011338506263,0.99826464100351575,-0.051411619756152716,-0.047974900609899021,0.049997212927828327,0.99759645529187779,7.8628048205063674,23.062595705374257,-1.7526680512975299,,0.2424589559928689,0.4776119402985075,False,4
0.99173266945464222,-0.12810000634227536,0.0075299874819741083,0.12672183233874315,0.98692049325970799,0.099646962787264592,-0.020196275524986363,-0.097868934596857818,0.9949943628462401,14.380725933714112,10.903608438649382,-3.0026098470593325,,0.4469638248011186,0.2333333333333333,False,1
0.9958371916152795,0.062843700497236393,0.06602239849936338,-0.070946250101772579,0.98915948843850887,0.12856957660568863,-0.057226893959849187,-0.13271840769042922,0.98950033191900821,-8.2028906231280061,13.236120591808799,-1.7934925122348055,,0.2819222830783522,0.4166666666666667,False,3
0.77083250283210836,0.60641679466594078,0.19513052996564909,-0.62537318622072902,0.77869284149515816,0.050456283655564815,-0.12134920903624424,-0.16092274466738327,0.97947855500515968,13.934860936398836,1.5858585088458022,-3.9214297032703556,,0.1939259002031826,0.3333333333333333,False,5
-0.9802997305210942,0.19268108528687788,0.043433140721573629,-0.19713843829701738,-0.94089455460555438,-0.27541581882569388,-0.012201413282163488,-0.27855239450826003,0.96034352657141997,14.281225743432726,11.149845398950001,-2.9622071596576713,,0.1553974080920648,0.2352941176470588,False,4
0.60194237903337755,-0.79846871423257093,0.010634129744565703,0.79139417267275436,0.59472578045290025,-0.14140901500363079,0.10658628327906911,0.093535867219347299,0.98989413866346365,-18.641406365359238,-16.078292860310043,-4.9988080447169532,0.1670620789419028,0.1531775656300546,0.6388888888888888,True,3
0.60685732269341086,-0.79471778215840128,-0.012158808108420925,0.78774747112515831,0.60342884837847666,-0.12380446954994427,0.10572658903654836,0.065553578589252412,0.99223213851640557,17.058108657435149,-0.88313252776448781,-4.2945327727366838,0.1754872812983576,0.135049229469823,0.2692307692307692,True,4
0.51517965277200128,-0.8569658106531165,0.014125322699621672,0.8493018190693874,0.50821802792188864,-0.14283156591110036,0.11522302502169804,0.085580578794692608,0.98964620902523348,25.160403815365317,-2.1949882300788195,-4.7715039676873579,,0.1819523322051242,0.5,False,2
0.86818254886508184,0.41631765674264032,0.27007160259910168,-0.47644511319646266,0.85148531882223444,0.21902695254558935,-0.13877721699666667,-0.31882967320266004,0.93759720750871778,-3.6960586896990657,8.5799936728983788,-2.5493668500736919,,0.4110679212646271,0.3153153153153153,False,4
0.32026827393594004,0.9445596864664646,0.072354899021889019,-0.93318417167150425,0.32771379674378931,-0.14754988704007413,-0.16308137371221137,-0.020264898868349375,0.98640448063763053,22.467175130021435,-1.2175404796707476,-4.5324073303396739,,0.2585308022816908,0.9074074074074074,False,2
-0.9282519952578242,-0.37056905315486927,0.032043878413403587,0.3594263420838118,-0.91582671438171737,-0.17909252871362272,0.095712788675912985,-0.15472558310988133,0.98331025420016249,18.16170046904157,0.52933221964588728,-4.1743780888513262,,0.06042123189127277,0.125,False,1
-0.73338318439534445,-0.67900099079211296,-0.033267992868119572,0.66622350001336994,-0.70812229318229214,-0.23389969202242947,0.13526031522985468,-0.19370201961151806,0.97169139891343059,-22.366054876547459,-18.489081995537742,-5.2196349375863349,,0.3155738326239138,0.3157894736842105,False,3
0.48807292390857276,0.87008006418821326,0.068887610276256145,-0.85913476455767068,0.49284421668690098,-0.13781159024811029,-0.15385797761498934,0.0080783649652534442,0.9880599489624684,20.727413880407237,-0.57930214070456953,-4.389528732580998,0.2761450158302954,0.210196945286369,0.7777777777777778,True,3
0.98819940170973009,0.13285682913200786,0.076229950895431831,-0.13102781300126257,0.99096793292101848,-0.028535384040698275,-0.079332557507228063,0.018210405685553342,0.99668185818952781,-19.270852665608189,-3.9025371254310142,-3.4001034006522595,,0.1736688302908089,0.1666666666666667,False,2
0.64367682056979481,-0.73017089014638703,-0.2291955973486246,0.76029300530530175,0.64430999700757696,0.08257828915598063,0.087376751742053921,-0.22740954012294451,0.969871230791015,3.9686474404792231,-12.262315393939593,-5.2471967111473061,,0.3689352919516424,0.1363636363636364,False,3
-0.94537649820148595,-0.32589222582489608,-0.0075851035054910546,0.31143504344714812,-0.89607559460464969,-0.3163174710113158,0.096288578561359112,-0.30140137010441181,0.94862306726002343,16.564505061113373,-6.2448420159537754,-4.8626131818544271,,0.2455984168904285,0.5,False,4
-0.99611662875907625,-0.070759589092044661,0.052390289760394046,0.049556715757410968,-0.94244980758317909,-0.33065464174840825,0.072772205085404953,-0.32677429632386024,0.94229653794814205,7.9260345425075016,-15.556532003125245,-5.778436442541798,,0.2289278217616251,0.3636363636363636,False,3
0.63080158963609079,-0.77555248915173258,0.024651391099354783,0.76974261877655914,0.62143559815128169,-0.14599348680459737,0.097906360118157371,0.11106814989415813,0.98897836716861665,20.523976618447481,-4.0082909911302647,-4.7721399738676906,,0.1678510073111015,0.9393939393939394,False,2
0.99892330149067121,-0.040119947667988078,-0.0232943670893834,0.041892846053853183,0.99580026173731961,0.081405332585729101,0.019930559161378585,-0.082293550919880235,0.99640882387126195,-1.0526132928633052,14.936915109908167,-1.9993841708884081,,0.3279363710234796,0.32,False,2
-0.038046558907811751,0.98153108147122126,0.18748118695274296,-0.98686389481517212,-0.0074276741694895183,-0.16138303122280484,-0.15700991199762929,-0.19115848336489499,0.9689201833856752,22.565645421615059,-4.9627646822302101,-4.9580406906221901,,0.2479020353293232,0.4074074074074074,False,1
0.81125317071294378,-0.58402186148928636,-0.028049212302362292,0.58158048722366795,0.81094766749953584,-0.064249649475636217,0.06026964317859522,0.035809857297257108,0.99753958529547782,-20.93120284117845,13.348441978078336,-1.2384400629434946,,0.1840574026766255,0.3793103448275862,False,1
0.79789247900323923,0.59968237317063788,0.061226164819434006,-0.58920445800011378,0.79731367228756322,-0.13087786159664946,-0.12730160495004361,0.068351732178133257,0.98950611018092827,4.960646753309593,26.15314553147806,-1.4820218308721538,0.368314662891137,0.3217739234174252,1.0,True,1
0.1893637188781746,0.98027903042736264,0.056519062952399682,-0.96822997276470224,0.19599023935703191,-0.15530146785152041,-0.16331595700571064,-0.025314987283485239,0.98624897952096546,12.115139158593266,7.6076875141311442,-3.2310834599830462,,0.07753371033980264,0.2758620689655172,False,1
0.5027350372261421,-0.86165390698814748,-0.069354357594102328,0.85647842976936217,0.50736297992013779,-0.095013188275973465,0.11705631843278361,-0.011634052544963643,0.99305713185916145,18.904378814812617,7.6992284834401392,-3.4312848316077957,,0.07890428341999756,0.1333333333333333,False,1
-0.33501755934401911,-0.93512513158469102,-0.11534393443042831,0.92803804965139847,-0.30634201221141405,-0.21189608291209699,0.16281465944565648,-0.17803246847970214,0.97046165655146766,-1.284235687022184,18.533688881720547,-1.6617339433358789,,0.3379713370045567,0.1463414634146341,False,1
0.79479739565466911,0.60485333114926032,0.049492905129909059,-0.59326001405102691,0.79155625037443567,-0.14656486011776049,-0.12782666227642134,0.087127207523290978,0.98796214204819754,-23.856655198562159,6.5290819987497049,-1.9317890500998669,,0.2048307524084917,0.5,False,1
0.1919762672054344,-0.97016331411808487,-0.14808192586971153,0.97017082931435761,0.21036670405316016,-0.12047577255740036,0.14803268145027967,-0.12053627572322462,0.98160956161674362,19.24064708138868,8.2474081572259763,-3.4091584809405866,,0.2702164467194993,0.3571428571428572,False,1
-0.38028486583994614,-0.922048460368039,-0.072180728356146001,0.9105952508096905,-0.35961497883900806,-0.20369918064994108,0.16186324479612951,-0.14319114402626065,0.97636908300935044,11.490974000799568,7.0952334234314005,-3.2536153005412647,,0.07546551091057796,0.2777777777777778,False,1
0.96344842899322158,0.26251776467579152,0.053399886705112511,-0.25552623594775992,0.96039421161771943,-0.1111274090112272,-0.080457861100471831,0.093420455580159822,0.99237047067430051,-2.0850583041272275,21.491990199312571,-1.4498835801642291,0.2451258591742979,0.2563054021791473,0.9818181818181818,True,1
-0.98900196126646522,-0.14474642746526098,0.030390662169956183,0.13427077931405793,-0.96485386872756695,-0.22589459892578601,0.062019984146080259,-0.21932962348367371,0.9736775841257872,-27.65462953957859,20.000532740648428,-0.45795221756333199,,0.1138611919053079,0.2941176470588235,False,1
