axis_00,axis_01,axis_02,axis_10,axis_11,axis_12,axis_20,axis_21,axis_22,location_x,location_y,location_z,dbh,dbh_approximation,score,reconstructed,number_clusters
0.88468210648979595,-0.4415230285882199,-0.14964954287622598,0.42863339101984393,0.89659199476262341,-0.11133827298107989,0.18333299364709851,0.034354186846231372,0.98245040754560575,1.5344971920004751,-16.10832914302873,-6.4270219646304323,,0.2239826607741206,0.2,False,2
-0.66850522115744004,0.72158219190901118,0.18005529596495887,-0.73741278623866535,-0.61169460148043475,-0.2864473724987196,-0.096556470404475903,-0.32426664157677204,0.94102496947931735,0.33873821708616803,4.4638819249698196,-1.567189537215099,,0.191164563124576,0.1521739130434783,False,3
0.77570602378091069,-0.63107355411264376,0.0051316634384483001,0.62601468641406344,0.76840724398992399,-0.13287558006538097,0.07991105720681721,0.10628488454830146,0.99111944096190674,20.81573693319941,-1.7695160722110512,-4.2180890944085192,,0.1720990901742285,0.4090909090909091,True,3
-0.84656435835247223,0.51333311583069485,0.14077606102891055,-0.5297785958152601,-0.78693169677081065,-0.31634339574807346,-0.051608396441629421,-0.34238518777680993,0.93814122423426216,-4.5301418798114703,6.9918395470235861,-0.8064225642790499,,0.1262496812740678,0.2916666666666667,False,2
-0.52876595247405422,0.82521266349384714,0.1985714670177901,-0.83825364288256943,-0.47101339003171794,-0.27473117152032661,-0.13318182195145287,-0.31172174518345669,0.94079336513469958,-10.163349734772707,6.7089466522972074,-0.72820956836267636,,0.2063526422952822,0.35,False,2
-0.77523343058867544,-0.62239873790751377,-0.10785610390166635,0.62323322978967366,-0.72581991430460158,-0.29114565647591584,0.10292458104672891,-0.29292535405798242,0.95057943779905119,-0.17328394134187666,9.5522949043975611,-0.35491869942519005,,0.535292976164535,0.9504950495049505,False,8
-0.31347874027207961,0.91733609681537509,0.24540897472782297,-0.93215319112057249,-0.24796189424631032,-0.26382821548407848,-0.18116707118337455,-0.31146329556034796,0.93282855222035488,-6.404322946835908,0.93170574344283907,-2.1977084536397467,,0.2283837336611477,0.1967213114754098,False,5
-0.6870585244465236,0.72092748130989981,0.090631951747323802,-0.72033510938669942,-0.65946598526972167,-0.21499289396881521,-0.095225596192497597,-0.21299807737254076,0.9724011028713323,-18.711538206348038,-2.523544358791094,-2.5589252848252193,0.2916232419598322,0.2461319981816239,0.8833333333333333,True,4
-0.96940245265028557,0.22670694246933229,0.094142695052867223,-0.24540021860520669,-0.9045815890727269,-0.34858410953337537,0.0061333110248054656,-0.36102092868262692,0.93253754431068636,1.6483284033298224,2.7943033254139227,-2.0039126690001008,,0.2075653972627008,0.3135135135135135,False,5
-0.44518139766242509,-0.89406802051895695,0.049557016260524403,0.87149039564532504,-0.4453246004678989,-0.20540323881590319,0.20571342560291611,-0.048253237232566436,0.97742192098565761,2.3585366509255974,6.4947199181907944,-1.1799896006520831,0.2872826082846059,0.2302584062634893,0.8935185185185185,True,5
0.39359033469584276,-0.89671706173278687,-0.20244791831809714,0.9028036516532354,0.41855897347620213,-0.098762099431567121,0.17329805248645308,-0.14389891215663939,0.97430020429256659,3.6046724203868656,3.2668830237937723,-2.033105998007656,,0.3944643932926258,0.3591549295774648,False,5
-0.62133183379919521,-0.7833870031928325,0.015860502396923937,0.76209607548083946,-0.60890160927217918,-0.2201099769716347,0.18208878066600448,-0.12467410899743425,0.97534611420831707,-4.8288147961837016,7.533532891835514,-0.6669998085982799,,0.2122763790839792,0.8596491228070176,False,5
-0.47875881354448757,-0.87758649034943093,-0.025138623861385379,0.84647837559627237,-0.45381211381084174,-0.27844016414022094,0.23294711438730481,-0.15458498411781565,0.96012453597641378,-8.7168321341102413,-7.4963233850676225,-4.0097330127381206,,0.2598554089604887,0.2982456140350877,False,5
-0.45398310484622961,-0.87160172407901715,-0.1849588470353962,0.86763517427963877,-0.3852073227290187,-0.3143636793089864,0.20275242259198462,-0.30319260066569503,0.93110993015575461,-2.6840192963481022,-21.515504870028266,-7.3980922145844454,,0.3375103929216376,0.3125,False,1
0.90489747450851998,-0.42265404493670095,0.050240610334149206,0.4248805413943762,0.88999010391112665,-0.16551175331281942,0.025240566010380681,0.17111742529300469,0.98492727680198211,-17.310774228633214,8.5924216374726097,-0.16195873856716092,0.2459470619015278,0.2573405504115627,1.0,True,1
-0.32888040231909649,0.90649279162328444,0.26478009688315685,-0.92957483467752478,-0.2613046329743054,-0.26002022136829195,-0.1665181903116931,-0.33164846980076401,0.92859085973001576,-10.420598163848897,0.85148703283339755,-2.0806762901033204,,0.2463423834049665,0.2857142857142857,False,6
0.84000549952713388,0.5029051480090454,0.20365945318145551,-0.52710582641583303,0.84538154705225621,0.086541826084352319,-0.12864761374643122,-0.18004569422658445,0.9752093823727368,3.3884908247371115,-15.743818231179949,-6.4376492344516869,,0.4272869256473304,0.2857142857142857,False,3
0.97998860417652123,-0.19531695565405846,-0.038387791264725392,0.1974753052543764,0.92973043256462462,0.31081316989131391,-0.02501678434260542,-0.3121740053195115,0.94969550430858041,4.3207506890785474,13.532625222045754,0.3177724841052052,,0.247216584027693,0.1333333333333333,False,1
0.43986409373351931,-0.88370729898736133,-0.15994057884243143,0.8665799455042601,0.4644012512380773,-0.18267642403534531,0.23570909421111241,-0.058248498392406756,0.97007645850273372,-4.8964032550618439,-0.69859135516304416,-2.5483290995160695,,0.2075590200428046,0.4404761904761905,False,2
0.89739861583831004,-0.43975529842201222,-0.035930513512232816,0.44048973753098475,0.89762191926297463,0.015610291109990793,0.025387308273426244,-0.02983567610129563,0.99923236387249237,1.885014023814519,2.4915024797510279,-2.1016177494890065,,0.6276295320688327,0.4403940886699507,False,3
-0.72613152295681904,0.66700481612070117,0.16684599677607082,-0.68077156541679362,-0.66347149631388214,-0.31041206371368224,-0.096348778343991262,-0.33898399497735615,0.93584548086786845,3.8772642851380765,-15.525295372746639,-6.4548498408107449,,0.2426188218506124,0.4375,False,3
-0.0069466336971855495,-0.99965448749097074,0.025350540811627093,0.98259256378739279,-0.011530077822693389,-0.18541550877723692,0.18564373910799178,0.023621239268240772,0.98233316099245904,-6.2469407612967771,4.9471171018806981,-1.2645739082312748,,0.08985867450260317,0.2291666666666667,False,5
-0.18306435228267243,0.97058995683401772,0.15634122494168154,-0.97218355714628035,-0.15509337730805783,-0.17551403228683937,-0.14610466843236369,-0.18412273082952094,0.97198366542558134,-4.782215859241167,-1.1173303495746072,-2.6946360717554572,,0.6773000899972954,0.3394886363636364,False,5
-0.68039598545464308,-0.73168199179149995,0.041264583667220328,0.70887762897020934,-0.67138249036274844,-0.21618986743112872,0.18588655175342897,-0.1178431776656495,0.97547894664871293,4.3973012734622001,0.9630110683818377,-2.5739384185722187,0.3496125039471318,0.2935649387691368,0.979108635097493,True,5
-0.95354385040477918,-0.30038636144252884,0.022850803367646399,0.27647140943900894,-0.90270703114006223,-0.32967192129919554,0.11965652977600647,-0.3080390393921093,0.9438189789850332,-5.8330541640815605,-3.79051030829444,-3.2765805842500644,0.6152965174862115,0.4865590026790497,0.7650375939849624,True,8
0.21928319827203249,-0.97555310890554325,0.014526205985009637,0.96029897451324031,0.21317488908639637,-0.17995095501781147,0.17245509126844691,0.053409721659385158,0.9835683215353469,-9.8816961727888302,2.1559838208455635,-1.7824064512611746,0.2271164844096068,0.1749049690485573,0.7453416149068323,True,5
0.73920652265668085,-0.67229334573113309,0.039942134988735285,0.67041711960849848,0.72890208502035347,-0.13871782938334601,0.064145168155236659,0.12931901537910767,0.98952614400212557,-2.6724970250863231,13.030072286521552,0.47501905163706909,0.3476917294055653,0.2910523191164551,0.8617021276595744,True,6
0.33219105589900061,0.86188434595467656,0.38315072305685077,-0.92212719472247984,0.3821738973501152,-0.060204226907036834,-0.19831928583462965,-0.33331439570247173,0.92172174460817569,1.5874649753196945,1.0227358376395534,-2.4471874021916245,,0.577815836901901,0.3916913946587537,False,2
0.97772490295746983,0.1964250439815354,0.073967670192173332,-0.18404181505870801,0.97174278588762708,-0.1477990811380423,-0.10090899091113018,0.1308936979850642,0.98624754264894976,-16.543646015703285,-13.33802312721261,-4.9656897776072988,,0.1337654939917433,0.5882352941176471,False,1
0.28125225864908943,-0.95922642457529905,0.027961283970381119,0.94518337998592916,0.27186196256579997,-0.18088518874757259,0.16590824332491488,0.077302908783292892,0.983106665164305,10.636774536322303,-14.059016202391398,-6.5276220181796045,0.2615261719551187,0.2109572784565222,0.9019607843137255,True,5
0.62781595253951705,-0.77823786325591271,0.013890929838225964,0.76627028844885736,0.61483121255226247,-0.18658088088552835,0.1366637288288447,0.12778266027277041,0.98234139531845521,5.2544322811363413,1.2873584035747303,-2.5334137622527599,,0.153898327399983,0.2439024390243902,False,2
-0.99245049099412352,-0.10922628700149047,0.055782086312633289,0.09431934625248424,-0.97044465919223299,-0.22212839613109736,0.07839568768769116,-0.21519010589043769,0.9734204304815236,4.1595075317411547,7.4115333170203677,-1.0718189715513586,,0.09847252453334297,0.4393939393939394,False,6
0.31867716193996282,-0.94757985342256212,0.023179470346992092,0.93308228253406011,0.30931205302302944,-0.1835306728470962,0.16674027851398104,0.080115387051146333,0.9827406597260161,-12.924920677392182,-5.3630370716533342,-3.3822703559794491,0.1737934489797824,0.2260121526153668,0.9456521739130435,True,5
-0.69816808771330297,-0.71471252203055835,0.041801102275756008,0.69191492690263856,-0.68859081204951444,-0.21701711335815591,0.1838887033726268,-0.12259161640874539,0.97527239290273404,-10.507873897827208,5.3053018410005146,-1.0583443353107689,0.3187913258512899,0.3029241929994399,0.9135135135135135,True,5
-0.31701196995460179,-0.89785169191199554,-0.30555809633565595,0.9391962754005363,-0.25236298112783667,-0.23285893160888516,0.13196123362284434,-0.36079809462778289,0.92326105069676723,-13.287478387517661,-0.38145149739335193,-2.2270357709749713,,0.3101320365752119,0.2692307692307692,False,3
-0.053007587924702511,-0.99846574259720255,0.016011136193996987,0.97835244390969545,-0.055138359727734378,-0.19946492619621686,0.20004172344371618,0.0050913796119276475,0.9797741508813731,12.78360063745429,8.875597803732223,-1.2480696014553303,,0.2749210269360725,0.7884615384615384,True,5
0.99544770846037112,0.046414922053516772,0.083243706859810723,-0.047226813235521165,0.99885366132109654,0.0078096976290574771,-0.082785794872147739,-0.011705480605514329,0.99649861710449961,-7.5812560670491154,-4.2442999751989374,-3.2758934641548541,,0.3422289552137741,0.32,False,7
-0.97571792859404805,-0.21889990368826739,0.0075733734496791424,0.19649973448561503,-0.89009959845473674,-0.41123054261302089,0.096759382838171287,-0.39975684734096067,0.91149990940032044,5.0830738369092021,-14.231779744418978,-6.2222998892071564,,0.5119461747796621,0.3357142857142857,False,6
-0.36870287324507112,-0.91401121586788714,-0.16923855508877192,0.92043023874462182,-0.33354762496579915,-0.2038483688534023,0.12987057736588034,-0.23093176296772375,0.96426352932550097,6.9338247969368112,8.593927049723014,-0.90330050383527716,,0.1983648857073071,0.2352941176470588,False,4
-0.99035778208810998,-0.13589903684943028,0.026887083161186588,0.11856813857024376,-0.93188636492600607,-0.34282561074251983,0.071645376497767574,-0.33633206009595845,0.93901420935899638,-1.400977046920564,2.035002384286444,-2.0563238573314706,,0.407976392985876,0.6354679802955665,False,5
-0.50776558345004397,0.74044914002674078,0.44035120449170678,-0.85066205567961561,-0.35012692252860339,-0.39215456792899983,-0.13619170052014104,-0.57371265382097836,0.80765438868065498,3.8550860569583558,13.383616812529342,0.3089983238041023,,0.2456114521702872,0.3488372093023256,False,1
0.69281318242158774,0.66863528958489726,0.27006803547364366,-0.69746880666833122,0.71644855587384837,0.015450906476078802,-0.18315883267679697,-0.19906862210805307,0.96271726155942328,7.7109438853140562,-15.012832989906851,-6.5907917180367281,,0.2252163494510592,0.3125,False,2
-0.99050607083222264,0.11691849254827355,0.07230345596685421,-0.1328540190271521,-0.94928953157389129,-0.28495472425028323,0.035320437042096343,-0.29185518899697693,0.95581013563505046,-2.0327454752267031,4.8359044865156529,-1.3826649522712093,,0.1143912217483238,0.1851851851851852,False,5
-0.98578948356313767,0.15653025126735171,0.060970275827669486,-0.16675964782399103,-0.95563025337951002,-0.24282100132285028,0.020256207787758697,-0.24953777121709034,0.96815318353144186,-5.1203972713016732,2.2202283481555409,-1.9337966558888247,,0.1692211807669068,0.4904458598726115,False,4
-0.25665131897644028,-0.96613120337285097,0.026843962765990891,0.94435407584146136,-0.25658481508115377,-0.20581450899144832,0.20573157246585747,-0.027472359547343707,0.97822277092267085,8.6488017398918249,5.4700561254765843,-1.7479424746660437,0.3576877700310384,0.2686646805691119,0.8571428571428571,True,5
-0.043041100317320835,-0.99817145724411305,0.042440612938990867,0.9793344810849538,-0.050555087555123064,-0.19582685536043712,0.19761436648568353,0.033134952323139941,0.97971967270898686,-0.4580665552703308,-2.3448558950469005,-3.146299614406578,,0.2490393458819206,0.9631849315068494,False,4
-0.17113943701399895,-0.98485166512317579,0.027901448038428291,0.96401679806758678,-0.17323176737563728,-0.20164912054217379,0.20342788929262018,-0.0076126523645008715,0.97906033592518071,-10.597897877480349,-11.644243090867072,-4.8159084223226634,0.3472002735858902,0.2800911622366956,0.8976377952755905,True,5
-0.83915402578017395,-0.54095573450251422,0.05645719020438543,0.51987054691804802,-0.82826560158755203,-0.20907105891046193,0.15985973684470536,-0.14609239040982783,0.97626936754170734,-17.481809520330451,4.2753568863188569,-1.1763417323900325,0.285655720234138,0.2874201770301137,0.9666666666666667,True,2
-0.88722947519588669,-0.45931361603476112,0.043068091073352133,0.43581643340377119,-0.86511956514939514,-0.24825828157573515,0.15128745724231979,-0.20149228303037514,0.96773599972325064,17.799269765747475,-4.1653698176544278,-4.6144721091609577,0.2875386170239501,0.1511682424926503,0.34375,True,4
-0.97290134027037045,0.22235659587948922,0.063407620748638135,-0.23103457659134344,-0.92385246093478357,-0.30515513242284398,-0.0092739699900496048,-0.31153519013689329,0.9501893594368408,3.1244096665485399,5.697526507522614,-1.4025380126519109,,0.1565985328932713,0.2641509433962264,False,5
-0.95241288518566047,-0.30313761234820646,0.03189489163105208,0.27500587641331459,-0.89969525536305939,-0.33899884279352033,0.13145898246400908,-0.31409558331347137,0.94024597870583804,7.7569503749710336,-13.150811996330823,-6.2287831881896416,,0.4937502735298134,0.3522727272727273,False,4
0.7111929282684496,0.68921164315295869,0.13853494044228154,-0.68144256089555133,0.72429250034742898,-0.1050543199520224,-0.17274447887287231,-0.019689715154571581,0.9847698513541483,8.0696577464847987,6.6794904993118589,-1.4354480805083412,,0.1988342545262536,0.2916666666666667,False,7
-0.73350499763805665,-0.67762099692657718,0.052916944018207145,0.65599628325705084,-0.72616749942980185,-0.20579027947112469,0.17787437924819074,-0.11623487986013706,0.9771643453948623,-13.790175974680798,-0.24914737893900007,-2.2061594628328276,,0.2560467322107445,0.8539325842696629,False,5
-0.98184290054994783,0.16876962718994271,0.086610227905443676,-0.18775354856263318,-0.92975625647563764,-0.31670476558862715,0.027076256052196272,-0.32721570329459443,0.94456167605700547,-14.703817363309431,-0.70726875150879254,-2.2647077824417727,,0.3607314829784326,0.3260869565217391,False,1
-0.90157694028780955,-0.42898501785354831,0.055954224134219251,0.40752038162920623,-0.88555154317698503,-0.22299238312921593,0.14521074098722073,-0.17824230371618238,0.97321298895354358,-9.3732838965015368,14.722584913606472,1.05559727917908,0.4391890066613071,0.3697764531029009,0.9298245614035088,True,2
0.31973474040825589,-0.94747732384070504,-0.0075110973711801018,0.93528929640069269,0.31687087398751479,-0.15756516511172225,0.15166946895918476,0.043354008188892394,0.98748002620791997,1.8703489093747561,15.857520238403053,0.91322992794007518,,0.1480105909571562,0.4583333333333333,False,5
-0.60479018812454211,-0.79504976308353681,0.046094496082439575,0.77251618685837398,-0.59974455322714748,-0.2086269683338389,0.19351374470584831,-0.090566799077710841,0.97690843251286252,-7.4264211691714772,-5.8789444325954285,-3.7186832063883166,0.4387681068495249,0.3166362087110404,0.9423558897243107,True,5
-0.98082956575982871,-0.19395172937576713,0.018870336603690124,0.14600524525804975,-0.79556977993566969,-0.58800611698369942,0.12905747281162783,-0.57397861626132085,0.80863633160167625,13.713602416322049,-4.6344412643527573,-4.421673615996613,,0.392521552937817,0.275,False,3
0.65119185902849153,-0.75795664804093699,0.038090450582318074,0.7513313185186038,0.63679678508151605,-0.17317939924523748,0.10700660048853691,0.14139156339892431,0.98415345005313759,6.5741036033225626,13.47529363692985,0.22611478266482948,,0.2107748591374909,0.6875,False,4
0.94473156300687955,0.30004849632240238,0.13211046027186513,-0.30808028542433802,0.95030612852557494,0.044774991006051534,-0.11211071131447309,-0.083000975544862785,0.99022322052513179,5.2842621320996477,10.116756052320071,-0.47861706805090498,,0.2428968718594787,0.2545454545454545,False,4
0.28342314405063107,-0.95890769713763657,-0.01293637455588742,0.94389472688374265,0.28131940961460355,-0.17298015589990684,0.16951125619710466,0.036816003915224757,0.984840350451886,12.742049132874062,-7.6550547665173925,-5.1450982920492097,,0.1724147075687179,0.5555555555555556,True,1
-0.46096768040126246,0.84559135596675694,0.26922863209506509,-0.8714924633986898,-0.37414304543356192,-0.31704552952688358,-0.16736093888587644,-0.38077846612958544,0.90939434563188093,3.252231065519442,10.457995363710683,-0.3238796184415158,,0.2886544869114361,0.125,False,4
0.63240807942085464,-0.77443504397279239,0.017617711261277143,0.76611329306466802,0.62192459098252229,-0.16211176798996665,0.11458814630159897,0.1160179546366935,0.98661511793053391,6.6396546952761737,10.39694896358368,-0.49641211217861331,,0.1381275984496617,0.5111111111111111,False,4
0.2524091228777674,0.95949537145955521,0.12513299659069249,-0.94911075170418302,0.27067526761913335,-0.16100832431533224,-0.18835714928719008,-0.078125102540736929,0.97898828014711292,-14.486701606715588,-16.844488559406194,-5.776962797460242,,0.1109027832888449,0.1153846153846154,False,3
0.38732562287123956,0.91308999266148139,0.12745794274529168,-0.90027875498252441,0.40438631235932238,-0.16115171020980329,-0.19868826134052864,-0.052329491473587474,0.97866470209545886,-5.2825519485382362,-0.096339698807159868,-2.4430524837191236,,0.111854983188796,0.1587301587301587,False,4
-0.98352685080435742,-0.17711832611205852,0.036111387430090361,0.1446596035351648,-0.89101728421993009,-0.43030430897957495,0.10839064928264114,-0.41799198290948492,0.90196129039526096,-6.220498334273838,12.323214035910883,0.48828428811870844,,0.3239718044137661,0.5,False,5
-0.065302970919017808,-0.99769108193086842,0.018655482431777372,0.97778585311114741,-0.067709326396136846,-0.19836903128937738,0.19917416359772791,0.0052869797232314719,0.97994984585975131,27.371361093118693,3.1009664039167326,-3.5153243372614522,,0.1602689816041085,0.625,False,1
-0.58561980033087901,0.7794157199924544,0.22262206739015064,-0.80146284413649271,-0.51567356103312589,-0.30288296076217097,-0.12127142668025842,-0.35579757430322406,0.92666138755797722,-3.7540852633202126,-0.56574715489716876,-2.5670995124722187,,0.09828770395096606,0.1666666666666667,False,1
-0.10263129561376841,-0.99465985296092274,0.010890090375903896,0.97211581878529119,-0.10261374521271513,-0.21085837465185817,0.21084983288597284,-0.011054239059115983,0.97745595899292625,11.662886415867913,-14.972357878222041,-6.8488279851966496,0.176182129039536,0.1718655767549186,0.131578947368421,True,4
0.94381850127782452,0.29501914393022022,0.1488970831156933,-0.29604349696765003,0.95504460065951191,-0.015749877913138782,-0.14684987078253314,-0.029214987006565267,0.98872726268944355,-3.7087548036054407,9.4313405068552534,-0.27709268885152216,,0.2948120284418662,0.2631578947368421,False,5
0.63334217068613163,-0.77386612446225478,0.0029860074262952271,0.77105411670480761,0.63070241938267491,-0.087692686681446599,0.065979117477794835,0.057841849854682326,0.99614310039383414,0.72820967173680362,3.5701810001930308,-1.7852900461172425,,0.1213579439917263,0.2635135135135135,False,3
0.62142862638598717,-0.7818329950735311,0.050632303151028055,0.77517946202446841,0.60418977669313678,-0.18453052700015135,0.11368053467274662,0.15392167343766003,0.98152170352095069,3.1294714168194129,1.8808503836398618,-2.2711606697636779,,0.08254159423346825,0.3209876543209876,False,1
-0.9972932660811743,-0.046404796495184836,0.057032765068733324,0.022503815581894574,-0.93109620192655373,-0.36407889398069071,0.069997997924232849,-0.36180997446199215,0.92962025723755193,11.769743062790388,-8.4781992189216719,-5.2962785438349389,0.9781835095831357,0.3353414664653618,0.2954545454545455,True,1
-0.95093607048129669,0.29021231104779416,0.10722595009552811,-0.3093792719849851,-0.88945684567486927,-0.33637922906765871,-0.0022485381097412244,-0.3530486286595802,0.93560227120179573,10.749792233640841,6.0904476167432797,-1.7668417217345571,,0.1038822582568542,0.3684210526315789,False,3
0.93605414797908726,0.33698214801987814,0.10122086725103879,-0.32175573885163516,0.93621380312873348,-0.14133987175340862,-0.14239338666940149,0.099733378300049261,0.98477275382987506,3.7706052929742389,5.1533645150230711,-1.580739908929043,,0.1433244137835067,0.119047619047619,False,2
0.29551529423701517,-0.91594427515828225,-0.27150837128305766,0.92980607239437751,0.34102290476447389,-0.13843426658360852,0.21938864740581138,-0.21154068930295383,0.95242803306007262,6.857233178441267,-13.92967548299988,-6.3186673378838476,,0.4489449501508451,0.1521739130434783,False,2
-0.82103732010654285,0.51690059998882476,0.24230453714996447,-0.56901910883954332,-0.70680268131569568,-0.4202942105958567,-0.045988833076274334,-0.48295314412076817,0.87443769807582394,4.4836677715487907,-14.835946225336436,-6.3320782755584206,,0.2449041174170297,0.1,False,2
0.75151116347695113,-0.65385608507776949,-0.087767825404830663,0.65568832118486164,0.75496489882684248,-0.010041264918030757,0.072827169595542335,-0.05000221541240979,0.99609034822276721,-0.99914254006664005,12.922295441632906,0.34568893183537475,,0.3515168438432862,0.2142857142857143,False,2
-0.98855750456655922,-0.14758066620861451,0.031209087243273745,0.1363696838100337,-0.96279659464263223,-0.23329386336143104,0.064477666696990232,-0.22636842603590324,0.97190532779244454,19.496823063393855,-5.3613889037273745,-4.9839345782253419,,0.1895985622826969,0.5454545454545454,True,2
-0.99737479799442252,-0.055536394658840124,0.046467420779327966,0.020186490933930087,-0.82951177611488325,-0.55812428622172183,0.069541483370431034,-0.55572108305788581,0.82845522506385982,-4.9043702636865483,-20.534516447163874,-7.0607825447075241,,0.4178887255854192,0.282051282051282,False,1
0.41131465944304063,0.90269063754129775,0.12637192656021737,-0.88902041550627331,0.42789582778258961,-0.16293514470274839,-0.20115404977357237,-0.045329609104179179,0.9785102323420809,-16.469161649223363,-8.5944742897022444,-4.0210263235753407,,0.1946278255530518,0.45,False,2
-0.90087405481334404,-0.43383763685771598,0.014520406670499628,0.4184564380394773,-0.87685623285251546,-0.23667986050994791,0.11541294046803045,-0.20714258797603149,0.97147918218514329,-2.1913224087315708,14.50201891118731,0.76739935098612577,,0.1234526894597365,0.1538461538461539,False,2
0.94671008814361179,-0.31520252176254593,-0.066237295247062331,0.32208072033459945,0.92773667150758066,0.18859660105309667,0.0020046435743936025,-0.19988006057275212,0.97981832131756563,-8.8795677456644881,10.152956721527897,-0.01323557477769015,,0.09662604379960962,0.2857142857142857,False,1
-0.77075225488396426,-0.63564632644064756,0.043528258336320298,0.61348598931141418,-0.75885043188678536,-0.21858857002101906,0.17197645917357135,-0.14177365660710159,0.97484579692501694,-1.9873050018894112,16.374183549363877,1.1663143453678202,,0.07731000936908927,0.2962962962962963,False,2
-0.78625978965296883,-0.61699830249695065,0.033296214360653206,0.59403628492105509,-0.76963029335175615,-0.23407285992289006,0.17004833245892217,-0.16426291812570293,0.97164873197919011,-16.624717450164724,-6.2146207395480655,-3.4861894235485256,,0.112478205184682,0.3125,False,1
0.84984024790564405,-0.52701566368937791,0.0051032603028667439,0.52484536674992244,0.84537838055883419,-0.099361635880570467,0.04805095254845352,0.087119939794332774,0.99503830180019637,-4.1431755680980711,12.454183707308824,0.40141364864775464,,0.3624285204804693,0.1777777777777778,False,2
-0.65902484981613518,0.71243928346851626,0.24107367068115659,-0.74473565495510541,-0.57331691404826612,-0.3415794494766376,-0.10514300529949738,-0.4046455034187818,0.90840902956738012,4.244561966582638,9.7715176155331491,-0.50494739317273307,,0.3604101594547404,0.175,False,1
-0.99766943495760219,0.0093540171102420126,0.067588467324540796,-0.035026728417964892,-0.92029151048584956,-0.38966224351867618,0.058556185392436129,-0.39112151320475241,0.91847435187963278,-3.0324752938463768,18.206555254422309,1.610642160274343,,0.2192852003501061,0.2,False,1
-0.45725246755679533,-0.88924969721416736,-0.012456199971670703,0.86594521657381818,-0.44199072174847398,-0.23405786417291535,0.20263036003063756,-0.11780992272629393,0.97214286979902254,-3.9070139613996888,10.748660877203305,0.00025076615429353474,,0.4714831532522822,0.3829787234042553,False,1
