axis_00,axis_01,axis_02,axis_10,axis_11,axis_12,axis_20,axis_21,axis_22,location_x,location_y,location_z,dbh,dbh_approximation,score,reconstructed,number_clusters
-0.23173709097784859,-0.9605981904205495,-0.1534569556126068,0.95598759057629135,-0.19570227982879013,-0.21860545357778885,0.17996012705391484,-0.19736193713727881,0.96367142659734351,19.664359598486353,2.8396469670638695,-2.0762980478596709,,0.1487422103730385,0.3953488372093023,False,1
0.81256290125460784,0.58262841764463369,0.016901433596160101,-0.57364713906634501,0.80450334205119645,-0.1539588661605874,-0.10329807038707212,0.11540580393275965,0.98793269460674382,6.0214233026846609,-2.5127648763567101,-3.2263570674583639,,0.08013581460780754,0.2785714285714286,False,5
0.48305626880342584,-0.84225090704391969,-0.23931161850901958,0.83249459239234602,0.52648340164419527,-0.1725340007959536,0.27131051363191494,-0.11588199763919821,0.95549043313679216,-5.2675280050299289,11.018576919083863,-1.7634084817588167,,0.3039555402347223,0.9423076923076923,False,5
0.88823079931639237,-0.45283645285814689,-0.077364036274058204,0.45187568739331296,0.89155897468823897,-0.030511601001531385,0.082791366026799623,-0.0078575833248482833,0.99653592413706271,-15.892030262379778,-9.3373634644510801,-5.1546575388325513,,0.3770143741849312,0.32,False,1
0.88460141848781115,-0.4659255911928496,-0.019841216720378745,0.45777606138451482,0.87567542419976097,-0.15373232931250561,0.089002292288640122,0.12690900253394627,0.98791330441653902,-17.51329317078676,-3.1382750707992977,-4.234096466697169,0.352559635449422,0.2918413349014087,1.0,True,5
0.39642638168261368,-0.91604361738362894,-0.06091153385646475,0.90259212195000915,0.40101599665205412,-0.15656829763058758,0.16784988918617555,0.007089533121164001,0.98578707296267254,6.1644795639602528,-4.2817730138431296,-3.5163892563531722,0.1505169612497462,0.1742677473618663,0.946236559139785,True,5
0.98446278903630713,-0.16043806818018894,-0.071362758365009715,0.16359727375085942,0.98568141577694235,0.040842118128802285,0.063788314165998561,-0.051882298239087993,0.99661390623715884,1.6193656624025077,3.4975042231120042,-2.5532933726610176,,0.5637490795018698,0.171875,False,5
0.62807727766444588,-0.77792868581089614,-0.018598200831044048,0.7654067063661476,0.62192225144101887,-0.16542456592737831,0.14025515010631839,0.089664223384064767,0.98604706779828133,-3.2578763906455288,18.474764520595052,-0.67040543348115889,,0.2674655199055789,0.8888888888888888,True,3
-0.65664797987818657,-0.75317803998431732,-0.039195288074952928,0.73979331551866834,-0.63312841576075596,-0.22771530354846875,0.14669451535688813,-0.17852520618012885,0.97293857458862731,1.5392778527164788,3.9800724873645477,-2.4809036082580294,,0.1092680758123417,0.2272727272727273,False,2
-0.44693777286475089,-0.8909627119010417,-0.080200206911442168,0.87636622903746419,-0.41809043134944501,-0.23912888536663793,0.17952398109821341,-0.17716048435240039,0.96767003828509246,-14.754297284733694,-27.262674323264775,-7.9323426989145123,,0.2511883877382074,0.375,False,4
-0.63681619432866765,-0.7615591945994894,-0.12038574567500787,0.76098900362769306,-0.59572679091179515,-0.25691501892194546,0.12393898094821351,-0.25521987326795231,0.95890664054985419,2.9368511862483069,3.8442669178499758,-2.4275200578639047,0.2665812941515412,0.1896757759995447,0.1604938271604938,True,6
0.32544515032555937,-0.94517970063802204,-0.026847488362851557,0.92945113774951793,0.32499028806794911,-0.17464791781649919,0.17379883965579659,0.031884889263267185,0.98426486129037893,-12.297951763470399,-11.49133821621966,-5.3055750767508227,0.08222003902074607,0.1021217227924958,0.6428571428571429,True,4
0.77872723192637883,0.62164425198976969,0.084512260793076541,-0.61865604626904924,0.78328540476915542,-0.061062845416555461,-0.10415658726660305,-0.0047327205387208745,0.99454965018609021,-12.613981905332912,-10.390716844190418,-5.1791527645577311,,0.1518021414620477,0.1333333333333333,False,4
0.24144954833114557,-0.9698385806207318,-0.033395256403411872,0.95380401741993404,0.24351617786841712,-0.17594819541544393,0.17877363330278795,0.010630082592396017,0.98383280560255693,13.767342557923028,-3.2447485852762026,-3.0664463074583841,,0.0939516732428328,0.125,False,2
0.6084981894314696,-0.79018580707728647,-0.073050282355641996,0.77956033779991785,0.61244082032594327,-0.1311560952749142,0.14837665984884482,0.022861143718142976,0.98866664499213142,9.0636715965694492,-2.8804548525021212,-3.1515011662149983,,0.1707596807974184,0.6086956521739131,False,5
0.42809952717043409,-0.85545280816596136,-0.29142973053108401,0.8883977893286078,0.45750548515853395,-0.037922275325934188,0.16577141717585761,-0.24267102021218756,0.95584026552383883,-4.9921908679231013,10.467340421520591,-1.810325070002871,,0.5307033736078032,0.2291666666666667,False,1
0.9776582826650958,-0.21005101844536889,-0.0079279244698264063,0.20636398839137221,0.96630419776015752,-0.15385090733013079,0.039977326468156757,0.14877757573358349,0.9880622684463245,4.7688699645865738,-8.4850222220817777,-4.1942981475259353,0.2811551028915013,0.2583288499685571,0.9877675840978594,True,5
0.19524875212553811,0.94262621333163965,0.27080204344405606,-0.96694828388066389,0.23118239563581283,-0.10754402004912958,-0.16397847753184311,-0.24085373546645036,0.95660887358324143,4.1772909936188523,-1.8417031353732303,-3.1933473856347678,,0.512432470521434,0.229038854805726,False,4
0.99413312724231107,0.10798574391174336,0.0061971308885300468,-0.10578590581553779,0.98263087225824575,-0.15246609792273383,-0.022553657136001919,0.15091602962185924,0.98828927169779857,4.7344962210442816,0.69883115139015739,-2.7916296069353201,,0.2147764086919354,0.8690476190476191,False,5
-0.94769747741242105,-0.31843724697549597,-0.021615065227725827,0.3125021104596265,-0.9119979150059121,-0.265710808931716,0.064899324067445002,-0.25856821684718817,0.96381043518528708,0.48008842818837127,-20.894016106632797,-6.3593944762953196,,0.1668245284310304,0.2083333333333333,False,3
-0.64769744606030333,-0.75887183414629256,-0.067834782423183179,0.7477720714854128,-0.61609968465802989,-0.24750375284162773,0.14603063881724759,-0.21103250437720902,0.96650935568307272,11.147131094851705,8.5049563881718448,-1.3392371054755865,,0.1281426441309599,0.1944444444444444,False,5
0.85109486056186379,-0.52365318029471575,-0.037747650157479468,0.51679365421295609,0.84827574413716278,-0.11555336807623762,0.092530304713652936,0.078839131627463102,0.99258376675917204,-2.9230318910952997,14.323491290454593,-1.1389803460172112,,0.1180031326293977,0.1428571428571428,False,4
-0.61603401532490043,-0.76606551934327327,-0.18342767521832765,0.77446223108085754,-0.54647494801461993,-0.31870579508643698,0.14391089115122402,-0.33839141724597388,0.92993596776462029,5.7010692409410337,-6.9266049781795971,-3.8938563735688843,,0.2636567312228998,0.2535211267605634,False,4
-0.94517107909610987,0.30252172306998293,0.12301316316176636,-0.32135434042748001,-0.79446960842886394,-0.51531488351425114,-0.058163726915614333,-0.5265915384371983,0.84812636588991275,-3.6898789306793383,3.1971866712733714,-2.7681566554676582,,0.6170340631296795,0.4487179487179487,False,1
0.9992205628931603,-0.039091691179268272,0.0054869273932564508,0.039129329261117229,0.99921013344976162,-0.006928549839849224,-0.0052117447221853713,0.0071378492596099645,0.99996094364974908,8.628643506279472,-0.6719346162836316,-2.7698754198989586,,0.2558908268031966,0.6333333333333333,False,6
0.95537554862738039,-0.29520136261214081,-0.010663798425821278,0.29072744391877314,0.94606157788537726,-0.14298616786768692,0.052298321554213607,0.13350522971391407,0.98966723660109435,6.8556371930019662,-21.285915952840377,-6.2538838582540333,,0.2866353416949444,0.9824561403508771,True,4
0.48600685937490273,-0.84336943985156387,-0.2291840320899427,0.85942168693508714,0.50882407089356352,-0.049924231641078412,0.1587189234659617,-0.17270220845073792,0.97210197537606369,-12.303188489411225,-10.327242831645314,-5.1409259024946516,,0.2430885813573641,0.2682926829268293,False,2
0.64791887056822517,-0.76113586197410055,-0.029552271969114679,0.74875834690376109,0.64354700286554056,-0.15877088223199098,0.13986448835762608,0.080743140388027684,0.98687307703510518,-5.8968595957750454,-1.5556739797152277,-3.5386019484896623,0.3067556591641576,0.2614514388376165,0.8251748251748252,True,5
0.95585192414666509,0.29307390691501539,0.021325669759423981,-0.29007115179437404,0.95267523624465611,-0.090931958864170034,-0.046966221923892514,0.080731526256839672,0.99562874339104834,2.1998261709798221,5.5285422392006831,-2.1549682489330513,,0.2136771136983354,0.3902439024390244,False,5
0.79971778192197085,0.5966578952247561,0.066714506246891528,-0.58522042556946174,0.79951242042596093,-0.13526619341475968,-0.13404671862489043,0.069132088429217545,0.98856068684492715,13.320899359117647,-7.1074617536448033,-3.6849655104412591,0.23684916296228,0.2261148974482844,0.4814814814814815,True,6
0.8828931192850642,0.45436480732548234,0.11854265807365036,-0.46120516940559164,0.88651984468941547,0.037045332842529949,-0.088258323305218545,-0.087379556166941735,0.99225766892043699,3.3293203859724967,15.863193645665987,-0.636354181521674,,0.1357002283217524,0.25,False,4
0.97899724523733112,0.20385235122300666,0.0029347433564234846,-0.20143205240524908,0.96939441628010958,-0.14035524197105559,-0.031456669905205792,0.13681624386671545,0.9900968605811642,-18.575395715273974,3.4983866552965948,-3.4207931821874538,0.1915198997435146,0.2452216841513618,0.8833333333333333,True,4
0.94325326648830543,-0.33037188090816455,-0.033581178721778945,0.32675790699809182,0.94141698127706597,-0.083446615134489255,0.059182307097383688,0.067738376629342081,0.9959462670537268,2.8375521674134099,3.5866450943370198,-2.499149939775184,,0.436145052619788,0.5416666666666666,False,1
0.76283025018232087,0.63895520366625058,0.099127479109466454,-0.63468092366153284,0.76921717027308323,-0.074061259084718709,-0.12357238585914343,-0.0064181512050217968,0.99231480528519189,-15.79892756436019,3.2182826200855437,-3.2803304944714835,,0.2112711906196446,0.2068965517241379,False,3
0.99101404586200204,0.13364209124973178,0.005563483676961356,-0.13096939540171071,0.97796332730227664,-0.16258766226245577,-0.027169438204272717,0.16039801089246214,0.98667841758569219,-2.5417284013285211,-1.5580201225926467,-3.4227936045313125,,0.244067961492303,0.9733036707452726,False,5
-0.094192339435612338,-0.98334536248057147,-0.15543391290062591,0.97874035943952342,-0.06289313413720686,-0.19522234114616968,0.18219525788515603,-0.17051789280410512,0.9683638449662445,-16.895857124224968,7.5276054787447242,-2.8381483592941623,,0.4945621047563732,0.4468085106382979,False,3
-0.98099732180292676,-0.19152893858626774,-0.030998714481424536,0.19027420617413646,-0.91844536177726466,-0.34677636005735768,0.037947082632073047,-0.3460849362712074,0.93743545687469454,10.539654058340806,1.3506300327330794,-2.4275521048167037,,0.5902446307184908,0.4054054054054054,False,1
0.4409108061723464,-0.89316568166243326,-0.08861560867551832,0.89048270234163185,0.44766756027455273,-0.081451287946692236,0.11241982845920424,-0.042997913650672154,0.99273005474342968,9.6859165831301972,-0.78327157890649091,-2.7908126255351271,,0.2638146032255697,0.4,False,3
0.79316541071759394,-0.57262097959980152,-0.20734957189093717,0.59593030752123688,0.79993926712275953,0.070457345200819727,0.12552171054775926,-0.17945022328564242,0.97572635382257578,-2.3814640821879705,15.137692563064455,-1.0205890706327649,,0.3511736473974451,0.3333333333333333,False,5
0.21171436708772509,0.97652355930896473,0.039733674423539783,-0.96063526843300351,0.2154081814142568,-0.17544000804393295,-0.17988025964873558,-0.0010263987308000155,0.98368797832155597,8.5015339476611693,3.6618613525921599,-2.1258624953479597,,0.08464802715080053,0.5,False,5
0.97483317175075079,-0.22034564276424795,-0.033883402562043939,0.21950152046041685,0.97524031923562937,-0.026933292645963947,0.038979094011229579,0.018818008715015218,0.99906281723326351,-22.28336357747094,-10.164258716729778,-5.4573036001969237,,0.2869634633275256,0.2272727272727273,False,1
0.98149131494959152,0.18327291865076228,0.055550301239076699,-0.18782018214930668,0.97785234585514513,0.092349168285320776,-0.037394890772969994,-0.10107337431203296,0.99417593772393087,6.1194869194570831,3.298695529691674,-2.2607506068476062,,0.09728753529224227,0.3333333333333333,False,4
0.88130190012170284,0.46793937571238753,0.065876410799135504,-0.4636211736248555,0.88317706531932794,-0.071089230271895829,-0.091445985196656088,0.032109374827922775,0.99529222836289266,9.1423717503788531,-5.5669495068604231,-3.5958598076036075,,0.2686772941432715,0.2682926829268293,False,5
0.99823233989369309,-0.059431616191421878,0.00028033415334648148,0.058734040971008823,0.98577278847631988,-0.15748752944546388,0.0090833926248885706,0.15722561018007056,0.9875209362246079,9.3499943707470745,-8.5046398096809792,-3.9753039509476236,0.1623734722519093,0.1587491394301422,0.7415730337078652,True,6
0.90529562333745417,-0.42475374180341224,-0.0049084814404375936,0.41866105004671655,0.89414545612659191,-0.15882955789760919,0.071852345402440149,0.14173271362733991,0.98729381561316354,-17.436693964438795,-6.1796870055344186,-4.6870217508781433,0.2490370493037629,0.2139775795923052,1.0,True,5
0.051624429232829533,0.99061878680892157,0.12652801084188256,-0.98168493380525823,0.073602836482609707,-0.17571941611978661,-0.1833837753078201,-0.11513922738551455,0.97627524257809406,9.3306898182223321,-1.3655087863193063,-2.8764891851094787,0.4932223143789702,0.3301276362125768,0.6491228070175439,True,6
-0.11462375484610253,0.95789882820747907,0.26323227337034416,-0.96700624073241448,-0.046903864547692894,-0.25039759957926128,-0.22750895632819598,-0.28324876417952943,0.9316704419381483,6.3089104637473365,0.8781565200179402,-2.6659478662361371,0.616514200887143,0.5868167085661707,0.4104166666666667,True,3
-0.088141592449468384,-0.98624479001094667,-0.13982944559975408,0.97842962810679657,-0.059390757625411322,-0.1978590426325639,0.18683287324040937,-0.15425288355470856,0.97020591906656084,6.6513688177385788,0.79593885861453539,-2.674189974105794,,0.4709708473401181,0.3542857142857143,False,5
0.990087361203007,0.1393836684316698,0.01729769234887522,-0.13742134032489664,0.98679232451945886,-0.085768779242750878,-0.029023997129529713,0.08254151224694832,0.99616489917413364,5.930658052264751,2.7900175111230818,-2.3773165163321486,,0.09332884023947781,0.2916666666666667,False,6
0.22780959389222286,-0.96082899429913371,-0.15783039201869675,0.95703488513051627,0.25081409131594895,-0.14552154562323197,0.17940740668623495,-0.11789798688472078,0.97668472247427418,10.630018335537986,-6.811096529244784,-3.7019691719669132,0.4333299368947026,0.3057399933240229,0.3658536585365854,True,4
0.71065080544930093,-0.6976288960881345,-0.091045900825409212,0.67891185745273885,0.71394631721941904,-0.17134569133450769,0.18453759108737625,0.059954811914298752,0.9809950550354416,-3.9152499561335992,2.9574100413554469,-2.8194273823442719,,0.2605908103150147,0.2388059701492537,False,5
-0.86365869189412026,-0.50320848592638934,-0.029578431456172845,0.49794726294813657,-0.84256310737724371,-0.20527039097069635,0.078372107526824303,-0.1920120563362466,0.97825823941499723,16.437978392728194,-4.7327574619945478,-3.2446765470804384,,0.1237610492163834,0.8360655737704918,False,3
0.19082761794691736,-0.98154713786654368,-0.012248933614812961,0.96535338769694645,0.18991256553268682,-0.17895824740654098,0.17798218194733192,0.022325626503810612,0.98378041722250098,10.648635311263316,10.313280754838052,-1.0990016009638115,0.1791629939097789,0.2280308452779286,0.8681318681318682,True,5
0.91266512582691728,-0.4038021403642636,-0.06313635669386318,0.40206451060494619,0.91479217245357325,-0.038722222685107888,0.07339276130069107,0.0099555338837044698,0.99725342312460807,5.0665149661174018,1.5887175577874422,-2.6319339082413653,,0.223624375150999,0.3333333333333333,False,6
0.92063090416831161,-0.38917407131055692,-0.031341354626142522,0.38722391867803052,0.92038753869380718,-0.054262467883287646,0.049963737789182519,0.037819582714782363,0.99803472087368394,3.0192369976764319,-0.15788538674367325,-2.9911406449667983,,0.3968192261422507,0.2119565217391304,False,7
0.30044695799451965,-0.95363205019434427,-0.017819603642352251,0.93727341145997201,0.29865267820279157,-0.17979190741656029,0.17677719763030686,0.037316090958605809,0.98354325362616546,-9.7516647137805652,-7.1208374699305406,-4.524029250183105,,0.2629777544717579,0.9837837837837838,True,5
0.80424109068383554,-0.5938686619829715,-0.022721803850692633,0.58444079838770913,0.79725285877268004,-0.15105241593144444,0.10782031921493899,0.10820301055582551,0.98826458363691483,1.0408437332836786,5.2667625711106494,-2.312632796667212,0.2794053089379718,0.2231307413325596,0.8375,True,5
-0.69196857272128376,0.71285230968387425,0.11410994235576652,-0.70999819089698901,-0.64336340687414018,-0.28633214213270453,-0.13069836758381198,-0.27915069635174911,0.95131110864809176,-3.0677739705944025,-0.69026747016272749,-3.305582910152403,,0.7958286425588775,0.5583717357910907,False,4
0.96792748516489668,-0.25121672798176076,-0.0025571555477275128,0.24743734689293795,0.95502880086839392,-0.16338527741035891,0.043487271987802854,0.15751236489245557,0.98655902615152391,1.4137781012689019,1.8444793797051735,-2.7426543614403958,,0.2801510771501956,1.0,False,5
-0.82901089782039927,-0.55427766350647212,-0.074277877142660792,0.54897560672157519,-0.7812741052411738,-0.29704638645215092,0.1066147950318927,-0.28703143419738592,0.95196966404549777,6.4074999070861294,7.6932019537696856,-1.6316707251181151,,0.3548462196754804,0.4827586206896552,False,6
-0.23630157218156067,0.97158938878901258,0.013252417783730125,-0.95487294233175279,-0.22966704186216619,-0.18833670349929726,-0.17994229904950895,-0.057158634298536445,0.98201510148159254,3.3629898045652755,-17.8029654534533,-5.7567241056392247,,0.2186845243359242,0.8333333333333334,True,3
-0.82226364271963437,0.56853389376168617,0.025528680060139815,-0.55893959481919087,-0.79831969382932133,-0.22421461992389569,-0.10709356285415148,-0.19863252021870409,0.97420536372305488,3.7844629573059629,0.024834550359077057,-2.9412827491404951,,0.1368529178101177,0.1886792452830189,False,3
0.38820076074699172,-0.9164562240618801,-0.096995663478821131,0.90591842004448708,0.39880433039221347,-0.14236194113778153,0.16915077764987074,-0.032605144358795211,0.98505071898952745,-3.6055274877935481,-15.414399110545423,-5.6268473721180943,,0.2648111070630014,0.4714285714285714,False,1
0.96905152833694364,-0.24613642032586533,-0.018867909714712462,0.24301231947052854,0.9646021322250119,-0.10240966308173613,0.043406773819157113,0.094655106022495036,0.99456335287928388,3.076618486240879,-5.1312109495002263,-3.7486087508176902,0.1276872778614594,0.1142205839919894,0.3636363636363636,True,3
0.61051625319533676,-0.7918347014151691,-0.016361852556423792,0.77896162110853362,0.60406825780614637,-0.16828646039124207,0.14313873488435477,0.089996364069875837,0.98560233209439463,-15.2963526793017,9.723584755497189,-2.4646849052119055,0.2916400697983541,0.2865983703494238,0.9436619718309859,True,5
0.67587193532731904,0.69156169541241119,0.25483239290799309,-0.72073047304380655,0.69246041385780366,0.032344403935275962,-0.15409319343486017,-0.2055261459722067,0.96644414792519517,-11.650817609605967,2.8594279193029934,-3.1969059433274958,,0.4080121525664403,0.3888888888888889,False,7
0.96454482601627456,-0.25778331876113886,-0.05657772683420486,0.25667977064243563,0.96614403316990416,-0.026099856573093272,0.061390340837785558,0.010652123670069907,0.99805699151558291,-1.1316042736225722,15.121052054339454,-0.95603699014963228,,0.2651964606080522,0.2653061224489796,False,5
0.97215117688524944,0.23428808013777364,0.005584333978203293,-0.2300917324525045,0.95872104343698128,-0.16706811643192318,-0.044495886749552981,0.16113055692965783,0.9859295409337876,-9.2903059961764587,7.7638058533391607,-2.4019169171785397,0.2302304918351946,0.2321239954751448,0.9595959595959596,True,5
0.99867499532920445,0.051253360045469126,0.0046202584627017783,-0.050008300142555383,0.98774358796346884,-0.14785727697311651,-0.012141812923313421,0.14743031411857713,0.98899791650833746,13.062924218209833,-0.028132924137664606,-2.612925391475255,0.1765405616783604,0.1817099478480201,0.5223880597014925,True,5
0.6460938562345937,-0.76226195419427345,-0.038980022111832387,0.74995988831894456,0.64350038061725801,-0.15319081584115857,0.14185518971312988,0.069742191916877791,0.98742753243875114,13.036264798557427,-3.7725522459081007,-3.1555185809261559,0.1508014178791274,0.1421132324264974,0.875,True,5
-0.04104713617074264,-0.99856541599304671,-0.034383754809683142,0.98176676505296367,-0.033916255746920497,-0.18703931841606686,0.1856048265795312,-0.041434256102184111,0.98175050332130687,-7.6737980708909115,-11.075784677558266,-5.0805360995984703,0.3819181918774202,0.3180460539535722,0.9652509652509652,True,5
-0.95604696909859133,-0.237075796339942,-0.17253770505944366,0.29006991431425105,-0.85065300846921033,-0.43846197553722377,-0.042820995867917565,-0.46923824009991394,0.88203278643189664,-11.253171111189948,3.2672570785953248,-3.1099925718041246,,0.5761287164515179,0.2777777777777778,False,2
0.86618556606847186,-0.49909131409603325,-0.025108272113731574,0.49153336159011918,0.85997377568694766,-0.13725909650968146,0.090097278419272148,0.10655029481250342,0.99021690305549226,-11.091849274489809,-16.183053446800667,-6.0055331186261975,,0.275408413882102,0.9587628865979382,True,2
0.97259126719419797,-0.22877145011534339,-0.041591472559970963,0.23247196446212551,0.96039237303325331,0.15363357562289692,0.0047971571481625723,-0.15909152532953802,0.98725218351321786,4.0129114646496848,-6.2129932079733514,-3.8531968649577446,,0.3114397236563879,0.2592592592592592,False,4
-0.49416415567687172,-0.86916625860893681,-0.01875638930888927,0.85468901438215894,-0.48175896278044772,-0.19342954912618859,0.15908637885946614,-0.11161682971868367,0.98093486398686669,7.8645449444759361,12.62012820961329,-0.82242440975707787,0.3066072205737734,0.1692730776164126,0.6170212765957447,True,5
-0.99757772049719629,0.065323538020071348,-0.023906629795044897,-0.047701196648685176,-0.89256151972773723,-0.44839550548549789,-0.050628918672044776,-0.4461689913943504,0.893515497186393,7.2171411743918856,-19.207310508316009,-5.9178821595194373,,0.161867880302957,0.2631578947368421,False,2
0.99746505032518318,0.071101442544367677,0.0028387053195543001,-0.070811217228456499,0.99574677957879776,-0.058941687056610639,-0.007017470655843086,0.058591260667142736,0.99825739129696955,8.4786443351020324,-4.4894201468381532,-3.455612902883066,0.6332550497029668,0.4351865411963202,0.1621621621621622,True,5
-0.56045009891412301,0.82780079115912963,0.025328576420102503,-0.81438361166409878,-0.54528982862067765,-0.19859087556020916,-0.15058226881040196,-0.13192745339447473,0.97975513642989409,4.4207615836914567,5.3581519325400615,-2.1046751065743052,,0.1579922660229872,0.8092783505154639,False,5
-0.2382846629802173,-0.95567033328505291,-0.17295847324499308,0.95725358735435329,-0.20104250129205875,-0.20796028989076992,0.16396947546913937,-0.21511886656699217,0.96272419953032606,-3.3488191591939036,-1.9483858951079793,-3.5414815738001555,,0.1771471839460394,0.2406417112299465,False,2
0.57632330755929284,-0.79700647522979273,-0.18064363704736328,0.80213163961065459,0.5939708144891811,-0.061510196476540172,0.15632107311376961,-0.10945021688805187,0.98162333515647382,5.4269855507262728,-0.39666888493907698,-2.9223003012875473,,0.5292349275813831,0.6683046683046683,False,3
0.99037939336799596,-0.11873942098948939,-0.071060587494895869,0.12260916758685807,0.99104874033629886,0.052814640976645427,0.064153325835039313,-0.061019211572381021,0.99607279181964758,3.4186037309719972,2.5080557642059875,-2.5888227515736992,,0.3609309941244195,0.3814814814814815,False,5
-0.8617713197526411,-0.50569867834063187,-0.040237285896652472,0.49297710674893408,-0.8160945111631942,-0.30160126171943724,0.11968193127302418,-0.27974737813578265,0.95258471526311728,5.2882420299900001,-0.90608747188375671,-3.012139862203969,,0.2545088597031588,0.2068965517241379,False,6
0.54652747149783631,-0.83678108136096807,-0.033243717820847202,0.82313103491186934,0.54407223200805732,-0.16260598304701748,0.15415259408488077,0.061504700910914353,0.98613089876687399,-12.531151831905735,4.1415543216047981,-3.0505127277389903,0.3699752428460814,0.342963460352319,0.8503937007874016,True,5
0.95563139067471681,0.29437501988144593,0.01058266634192016,-0.28920120670709903,0.94444873070295821,-0.15613858303676428,-0.055958084279787684,0.14615041136914092,0.98767846491677991,8.6951390266534112,-1.6828743038504399,-2.9413029100498318,0.2371705873937872,0.210994870479209,0.8809523809523809,True,5
0.54077307677057007,-0.83565840689510562,-0.096122351332173589,0.82706906231117905,0.54906055069770598,-0.12037141618855782,0.15336637704463951,-0.014406201895929345,0.98806437833733063,-13.625845123725878,-12.182406269104597,-5.495709668587911,0.3460481842966807,0.221237067158861,0.3846153846153846,True,5
0.70387544059938423,-0.70986289153774684,-0.025574192825792048,0.69842157381571446,0.6981960889074218,-0.15725624522784074,0.12948617435773635,0.092827240894294991,0.98722663760564588,16.223520382319176,3.6925739842768737,-2.0068368426411007,,0.08821704900036627,0.4814814814814815,False,1
0.40343949240202381,-0.91452846889259543,-0.029567812826812295,0.89973112910981135,0.40237717981356913,-0.16904585317617776,0.1664946584163606,0.041596691578088818,0.98516457709794669,13.937344262548351,-2.3681453756114683,-2.9574125220862912,0.162871009607807,0.1751410591647345,0.7222222222222222,True,5
0.80566588435445996,0.57188058575064726,0.15445089326009745,-0.58813945423944369,0.80334970012713047,0.093387588428969298,-0.070671530012267392,-0.16607785808814429,0.98357698219233414,-6.4981530143600139,9.9950377235440211,-1.9842413821257971,,0.6007090089116037,0.589041095890411,False,2
-0.44705283533555795,0.89447926512671505,0.0071138369963119584,-0.87952464471862568,-0.43810135789748983,-0.18575144559585663,-0.16303423490486116,-0.089297505378073835,0.98257101208118247,0.94417374044024127,9.440688107345947,-1.5890418012599039,0.3622298143673137,0.3093761624961864,1.0,True,5
-0.062532109107010417,-0.9716266183606338,-0.22810403289663403,0.97876203823623131,-0.014993451331478551,-0.20445065156371894,0.19522962848473477,-0.23604429861839571,0.95192882152578107,-4.6207730831486753,14.136865095790373,-1.2716541629256863,,0.3647883520218101,0.3636363636363636,False,7
-0.62509674123420189,-0.77023835701631904,-0.12643946171659781,0.76715725855410322,-0.57638343892404009,-0.28151709003513609,0.14395764914076117,-0.27297436640626049,0.95118935577463581,2.2637801022969861,-4.3355720634293586,-3.6270228115163219,,0.4728390960590039,0.6243093922651933,False,4
0.3489080082762902,-0.93609779967408424,-0.044543363209479131,0.92185343738090464,0.35137704041173634,-0.1634638047412974,0.16866962307921429,0.015971378050385995,0.98554323767833185,9.0646945844905513,10.066355664844298,-1.1687581227645376,0.1404335112649836,0.1385840532717905,0.4117647058823529,True,4
0.88868737413510968,-0.4584199275071188,-0.0092693644448208039,0.45100057226628615,0.87759165394330563,-0.16257728237529073,0.082663382874918742,0.14029988949896044,0.9866522721497446,8.4743429775436034,-12.640851784515004,-4.7495882169023007,0.3067590079646583,0.2626611816643709,0.9883720930232558,True,5
-0.99909352638667992,0.042413835195295312,0.0036320952980854956,-0.042291797305472362,-0.97924401223655388,-0.19822353134663021,-0.0048507126178426799,-0.19819745478406614,0.98015011069948732,10.391984939030912,-1.0286124314509548,-2.8059162620548395,0.2082372301356095,0.2202662564661225,0.9461538461538461,True,5
0.70998129020633249,-0.70393641864946865,-0.020002151282036713,0.69252673657568742,0.70306475436959381,-0.1615755869277577,0.12780174758108037,0.10086361912097282,0.98665761217001702,-1.6829811042016729,-7.3972043361782962,-4.3023920109309488,0.3428346376412549,0.2878502070978421,0.995049504950495,True,5
0.91014951219520623,-0.39014141787257411,-0.13934683172287854,0.40754081350271454,0.90359836231720359,0.13198668473453143,0.074420096616253428,-0.17691713788676411,0.98140815950428206,-17.91948674443465,12.810386509057833,-2.2226911860983871,,0.1709676445945301,0.2352941176470588,False,1
0.93555934261158036,-0.35308046624741302,-0.0079310028809773756,0.34738037952541101,0.92404098384767341,-0.15960931078920843,0.06368350157591901,0.14656890708582809,0.98714840176272212,2.4655957261838011,-12.321764913762959,-4.9221011106339354,0.3134370784021022,0.276489167841374,0.9578059071729957,True,5
0.98663537434349025,0.15675876068467837,0.044467168143303794,-0.15903307507575687,0.98583415939799368,0.053286876395603339,-0.035484068622830697,-0.059646467729911758,0.99758868265498846,6.6387026217497125,-6.4366051366734283,-3.764992131438579,0.5503019307737055,0.3614149870812253,0.3421052631578947,True,4
0.90798557670493463,-0.41864757561154869,-0.017216269351350209,0.41224628465560703,0.89994096544357183,-0.14198330713199511,0.074934593369510402,0.12182145193299421,0.9897193241346165,0.15051001140161363,-19.978048172822248,-6.2684191354277337,,0.3259586788597459,0.9883720930232558,True,5
0.24752885598481061,-0.96812820011588685,-0.038173991083238198,0.95335697970646793,0.25039846226760615,-0.16855586414888762,0.17274239404330077,0.0053289993798476699,0.9849526217365977,7.2068494713288569,8.249472851600343,-1.5117263545936597,0.2368934292617512,0.2495291988545874,0.6545454545454545,True,5
-0.99219188575335726,0.11993234380083993,0.034227105569019117,-0.12361363429401924,-0.90914535608851632,-0.39771144177570295,-0.016581051288146253,-0.39883700231187313,0.91687191816799463,5.6348471118391874,-1.9435982834259065,-3.177326736365075,,0.1816828461796076,0.4634146341463415,False,4
-0.49584098563890877,-0.81657389412779013,-0.29554829112957376,0.85330400799340866,-0.39492099816970894,-0.34045510004554935,0.16128852067961766,-0.42100413374884671,0.89260379366399922,-13.410352307212959,-11.987270299338235,-5.446020960648867,,0.3362862890930089,0.3090909090909091,False,1
-0.34143340060571531,0.93959209090491491,0.024288591143709726,-0.92322167069618577,-0.33041320963344195,-0.19618577332892867,-0.17630932961065829,-0.089408129432710481,0.98026588570835382,8.7237220180845334,-16.435692129116731,-5.4222553613365339,,0.2605603101507937,0.9213483146067416,True,4
0.82879798858426301,-0.55952433523462797,-0.0051392994587525932,0.55045786120988549,0.81694827774760259,-0.1720222500651119,0.10044917695490382,0.13974272705752183,0.98507965824272747,10.792939317443127,-4.3832455311404166,-3.3625783658216801,0.1312762899444773,0.1715431502782396,0.8712121212121212,True,5
-0.076479555630680748,-0.98075041681469111,-0.17966495898850868,0.9860226885899056,-0.047643489930816782,-0.15965386137874937,0.1480207254287938,-0.18936398228021364,0.97068591576189645,14.525344393030972,9.6021544992362671,-1.1092800344081044,,0.2645983926123743,0.2272727272727273,False,2
-0.367538146623613,0.9017233664599229,0.2276195974793577,-0.91404426436080088,-0.30508881351816675,-0.26728991498970117,-0.17157736903683979,-0.30629362749861877,0.93634684822886827,10.348160374709925,-6.7047805553126025,-3.6877381964853324,,0.321566267954187,0.4,False,2
-0.1371868263683918,0.98487057218517293,0.10587601576664175,-0.97664856012509016,-0.1166459728592564,-0.18041980772992983,-0.16534014841095301,-0.12815487918673663,0.97787471705943829,6.4633430151263012,-5.9104320156560135,-3.7134782740169037,,0.3543918043217563,0.2368421052631579,False,4
0.77456843550878729,-0.63227277052397546,-0.016579576816234912,0.6253952699611357,0.76953191838689072,-0.12923383030007818,0.09446954548269576,0.089731656831509063,0.99147553410992684,-16.487438858754359,-13.507947418004903,-5.7853667052103379,0.3238358459838683,0.2560062334824201,0.8888888888888888,True,4
-0.72504681684721362,-0.68535817609646266,-0.067759012961023657,0.6778690463264132,-0.69280231628174738,-0.24600509463660311,0.12165800184221791,-0.22429694829037489,0.96689720734697704,7.111485895990743,2.4302661902358369,-2.3691067311710206,,0.2442885428295407,0.6153846153846154,False,4
0.59966196125271021,-0.79981813628058485,-0.026390928426357027,0.78676575422087081,0.59526362923233578,-0.16328153508101562,0.14630509291141491,0.077150246855083163,0.98622647459819401,11.633652418070263,-7.0251836051626917,-3.7363476736086594,,0.06297039557794278,0.3,False,1
-0.65038306051292627,0.75943014319503221,0.016362524396065652,-0.74683700126271901,-0.63536830232262931,-0.19632018222426592,-0.13869523475140821,-0.13990345960851922,0.98040331182978913,13.301264603028391,-12.836144737745414,-4.5611010807373278,,0.1060937135444814,0.3125,False,1
0.51454330217720723,-0.84338575489939061,-0.15474384839908398,0.85207390248946324,0.52311734815113997,-0.017841097491309188,0.095996119093172405,-0.12267317757400178,0.98779351922501768,9.3635550077993202,-10.732588010141056,-4.373295089004464,,0.4246158926567132,0.4626865671641791,False,3
0.44727238533664865,0.89237324676554031,0.060144839948176924,-0.87855877159408957,0.45095647126893773,-0.15739360176243455,-0.16757654421293117,0.017557034994417235,0.98570272006921833,-1.2454534165855216,23.585065609002214,0.19405401447270637,,0.2434902902054914,0.3333333333333333,True,4
-0.17270970988943998,-0.98453437351624418,-0.029384068385481223,0.96743115317884409,-0.16395328318484645,-0.19286338375119713,0.18506301621058008,-0.061736442219217091,0.98078554828930686,16.177454557825993,9.7516768147909829,-1.024721034377432,,0.14519670938352,0.5142857142857142,True,4
-0.93749399927180199,0.34049815328027944,0.071874953510127584,-0.34240979795321425,-0.86566628086787967,-0.36520873542949883,-0.062133176282906544,-0.3669916862560974,0.92814684755371812,6.0551776148056451,1.8411113506249224,-2.5028921402012569,,0.5506787317206332,0.3333333333333333,False,1
0.22361719103168262,0.96575308668694781,0.13159151731678259,-0.95898489462330871,0.24213147847295952,-0.14737814972654817,-0.17419335165103764,-0.093237989506058563,0.98028738314508923,-1.9023437209442631,20.010878113086974,-0.37123136563235931,,0.1956118039945628,0.1304347826086956,False,4
-0.97763681814934944,0.20975502149588984,0.015135480041091696,-0.20708360451077598,-0.94764636528000956,-0.24306942858864578,-0.036641950570896378,-0.24076793251769438,0.9698908031987491,11.157053470513342,-8.4166259490612969,-3.8929519683018179,,0.08514986732595597,0.2631578947368421,False,1
-0.10129145098741321,-0.98780611410269936,-0.11823334089075246,0.97561675525228031,-0.075368681251576558,-0.20613468596383813,0.19471001214081515,-0.13623010984258463,0.97135439894221953,-5.6178058139491158,9.0455742011479803,-2.0809983409410928,,0.1735576490398996,0.1666666666666667,False,4
-0.56765624457273345,-0.81206788365012028,-0.13532235713878188,0.80890127785503041,-0.51959394391078773,-0.27513788567867636,0.15311796329000757,-0.26564616653595496,0.95183349569274556,7.7228768114191562,-21.78775639707009,-6.3322614464978377,,0.3529470699639502,0.2162162162162162,False,1
0.68578505044214932,-0.72754041017073312,-0.019591226573674177,0.71573043678044179,0.67904680364181313,-0.16317285414527735,0.13201820501786024,0.097879466858168049,0.98640296203500122,5.2639131944841635,12.232201882141524,-1.056617323620483,0.2517987263520002,0.250811827854959,0.9487179487179487,True,4
0.40822377056517933,0.91207052355571483,0.03848003646504574,-0.89707697286608523,0.40860930027890718,-0.16820031057938684,-0.16913384610706447,0.03414381036711172,0.98500149355960154,12.28773205189224,-15.181150215447579,-5.0431445089452804,0.2322533078873546,0.2167665509528942,0.59375,True,4
0.85424366806074836,0.51876019729052825,0.03399431254207734,-0.50953146573690566,0.84843667443876258,-0.14329303853045966,-0.10317674642145265,0.10508599894554695,0.98909630058124154,18.450455327717908,-5.9345687392398032,-3.396233921839896,0.1431338477834418,0.1636314420838453,0.48,True,4
0.086086869343604919,0.98970562957619745,0.11433205023875948,-0.97915208887393268,0.10523963596629303,-0.17374062816593905,-0.18398434112834183,-0.096991679059923813,0.97813208536102392,8.076666887107395,-6.5215355165934286,-3.7423549812158092,,0.1929003986727789,0.2051282051282051,False,2
-0.97667430733058724,-0.21342156894713579,-0.023633266986581587,0.2067402045275529,-0.90490080105370907,-0.37203901419644136,0.058015387891676429,-0.36824689294072432,0.92791618188674763,9.3325406608668455,-7.136752928745266,-3.7938282724532328,,0.3448249294920467,0.4845360824742268,False,2
-0.84781388834599924,-0.5227093620151424,-0.089367407869755042,0.52083949407228969,-0.78910840393002846,-0.32562885047477463,0.099688676097927434,-0.32261873738009211,0.94126474392123949,10.808730105899613,6.402963492580529,-1.649667135261073,,0.0996747356053015,0.1176470588235294,False,1
0.55635962356834423,-0.82861412106527688,-0.062149880403017235,0.8158563612586589,0.55891632234635358,-0.14829343346422433,0.15761461561883042,0.031799103541546664,0.98698857640667914,17.790255221799764,9.7200200348310695,-1.006754439877223,,0.1031570566997105,0.3478260869565217,True,3
0.37294619208417107,-0.91383600505540341,-0.16067013933614482,0.90133527160928884,0.39791753297594074,-0.17104492130241669,0.22024047303555588,-0.081027111602973462,0.97207445250986457,5.0242149223832815,9.9793546406727476,-1.368991519434785,,0.2003272650480458,0.25,False,4
0.98792110683869006,-0.15495605019790545,-0.00071356126714182053,0.15265249271767914,0.97400549022644711,-0.16736344127621577,0.02662899039950057,0.1652329492437952,0.9858950092958686,15.13533385569148,5.9286898274208006,-1.6507115290324474,0.1594493166411828,0.1999656079990587,1.0,True,3
0.89700120424350316,-0.44193084947361716,-0.0092716702504159424,0.43477542846624267,0.88587342207965536,-0.16185983706551829,0.079744381543155843,0.14115737436070475,0.98677020084510658,16.0307954818214,4.7488632140377245,-1.8149325077748057,,0.1109375728105489,0.5666666666666667,False,2
-0.56722111178143941,0.82003974613656694,0.076125062270602048,-0.80966454635054552,-0.53834825403931941,-0.23371880488266733,-0.15067691506131123,-0.19420600435900989,0.96931960422685937,-4.4538272146334865,19.789407067457301,-0.53053590016515306,,0.1298550805070056,0.2777777777777778,False,1
-0.93714019955442418,-0.33899347210727265,-0.082774828587858451,0.34060088817328921,-0.83701473403436999,-0.42824919145859386,0.075889929204474058,-0.42952271287794391,0.89986163256764695,3.6171834714635329,12.950198514078085,-1.0222919179095173,,0.3571697987656726,0.1219512195121951,False,2
0.41490531021840837,-0.90966099745720985,-0.019247162329034138,0.89542107670014193,0.41198182992057608,-0.16879593364904275,0.16147655852700307,0.052800014398175818,0.98546307872280425,6.4005755988343189,16.66657861230507,-0.30118141820577288,,0.2566004707941742,0.9836065573770492,False,2
0.93975740124466367,-0.3417286152935835,-0.0088079677228253932,0.33615703880710662,0.92850135790074306,-0.15774559783687797,0.062084394708444117,0.14528173273335673,0.98744050254568749,-20.932228729283846,8.024146338951466,-3.0291389184184481,0.3402589265197023,0.3055020351347676,1.0,True,2
-0.39815490826110439,0.8755181868847175,0.27375275973346341,-0.90173892316186566,-0.31879147527120549,-0.29195703408085039,-0.16834364699171117,-0.36309764489528745,0.91641721764108353,2.2345817423590399,15.439917441363031,-0.74769756960061939,,0.348247740086448,0.2962962962962963,False,1
-0.97327054993234752,0.22686324413676545,0.035742203263481598,-0.22611174022731331,-0.91929403933082321,-0.32213653965701411,-0.040223346028912685,-0.32160773888474981,0.94601825813441742,-20.721933631505863,-1.8540571524423854,-4.1538533970152027,,0.3217609186461472,0.2765957446808511,False,1
