axis_00,axis_01,axis_02,axis_10,axis_11,axis_12,axis_20,axis_21,axis_22,location_x,location_y,location_z,dbh,dbh_approximation,score,reconstructed,number_clusters
-0.74030995213709261,-0.67161040919217796,0.029675461773851754,0.66966150830271964,-0.74060499998776419,-0.055296458212537369,0.059115472293660765,-0.021064003841617003,0.99802889170487352,9.6102415161755097,-1.0626548926794905,-2.3307424313096332,0.2251616662378099,0.2051058417702233,0.8666666666666667,True,5
-0.731316693923315,-0.68134492492266818,0.030740632251096151,0.67906119657905573,-0.73159128840205923,-0.060415875685430789,0.063653629037900381,-0.02330836794672515,0.99769982233834587,4.3729076128609288,-24.850464575028152,-3.7389954739325089,0.1610354382909658,0.2411616825314369,0.8157894736842105,True,4
-0.78787041121268342,-0.61530036865687321,0.025800609804283621,0.61267798190277845,-0.78737628592530495,-0.068295496586603249,0.062337032549646079,-0.038000535432911993,0.9973314663038142,17.573980167426861,-14.014748297254142,-3.4033582143705727,0.2948350930603647,0.3162092054903266,0.9315068493150684,True,3
0.8177234060283961,-0.57078100462705206,-0.074414219005857596,0.57557332242487191,0.80932166725695387,0.11710588978022669,-0.0066167776230578387,-0.13859106632592649,0.99032758953213529,12.859860823562387,-9.0768697706080914,-2.9924123837211787,,0.3090248888064609,0.1914893617021277,False,5
0.49662095619895874,-0.86680478429627728,0.044912044989258298,0.86795294345208529,0.49624728364308068,-0.019907823329691064,-0.0050312838216740111,0.048868183902710305,0.99879256444226583,5.3865292190983087,5.5793599789164032,-1.7080485589121153,0.2953842551691207,0.2657356243927428,0.9852941176470589,True,5
-0.76462227282324624,-0.6439559489387906,0.025952181583759254,0.64158887516538032,-0.76438544365680805,-0.063863986640425863,0.060963063953813512,-0.032181195626144063,0.99762110817756688,6.6704491402799349,-12.691851720913107,-2.8815321399313776,0.1659382169774863,0.1649457591653634,0.8194444444444444,True,5
-0.86765467824468756,-0.49496525708076805,0.046741347895396003,0.49291154042645774,-0.86869231206624664,-0.049110897684899991,0.064912037670418143,-0.019571950336371047,0.99769903584473119,10.624918535311854,-16.811926916020823,-3.2793836157948464,0.2291017211645995,0.1855672192652605,0.9166666666666666,True,5
-0.74851343765972855,-0.66222027866147981,0.034524428631456071,0.66036246472472504,-0.74913306349123143,-0.052163860736430097,0.060407357378904417,-0.016246713937147422,0.99804158002597387,12.629522942569801,-12.113479527230082,-3.1266789298500255,0.298741066405573,0.2682407614588668,1.0,True,5
-0.98336917053425543,-0.17495320780019077,0.048748841249761671,0.1700034334253121,-0.98115036954510249,-0.091884628557310749,0.063905454120729704,-0.082069040581285835,0.99457567108374967,-6.0289941322595269,17.863986426097668,-0.43883303754252401,,0.2498174333776751,0.5866666666666667,True,4
-0.90374515213346096,0.42361372570031453,0.061612591193430225,-0.42644570564411738,-0.90346974960945459,-0.043433531727487922,0.037266072142914081,-0.065527268666796867,0.99715466048557932,13.90594225029975,0.22669815759947609,-2.3546215693573784,0.2144080258008075,0.1657559719198076,0.7926829268292683,True,5
0.17444498790433999,-0.97239391347555137,-0.15498071889998966,0.98451769332145722,0.17498468354528607,0.010260217422367227,0.017142279079889924,-0.15437110338485965,0.98786421369927624,23.376128874056924,-10.061971756862977,-3.4003997780028223,,0.356298472069597,0.5526315789473685,False,1
-0.9336790018350527,0.34788407188806864,0.084971725055317401,-0.35539945169083548,-0.92929119586405817,-0.10054403526515865,0.043985807599186952,-0.12407475898072591,0.9912974845694511,7.0417582537467984,-15.753377157799076,-3.0803172654322437,0.2319995408768877,0.178092538564436,0.7384615384615385,True,4
-0.88213792240939048,-0.46953806931542563,0.036968734232956581,0.46694654244844869,-0.88212881380911534,-0.06172262424072715,0.061592307496014957,-0.037185444884595839,0.99740845712579107,-1.1748188599874136,-23.191073513638415,-3.5245268488839336,0.2532057197782597,0.2588389484164815,0.8888888888888888,True,5
-0.99798546295803459,0.01465076979665865,0.061728199947879966,-0.023526502979474746,-0.9890614570943862,-0.14561571943952034,0.058919600999980448,-0.14677461985880819,0.98741363753156053,5.1372192614780525,-17.817087027342811,-3.1675603064176925,,0.2252035645750343,0.7377049180327869,False,8
-0.72399798911323732,-0.6897571312108709,-0.0078747510269735407,0.68890415750645217,-0.72242613887786888,-0.05925821155197019,0.035184848021732829,-0.048327774723883526,0.99821162719131051,23.756347411136158,-7.9113951371788414,-3.2787167287624652,0.2948596433588932,0.257060556023935,0.2571428571428571,True,4
-0.82522329534278183,-0.5641178922325113,0.027883982619948205,0.56123999301210414,-0.82455167297462795,-0.071583579391621605,0.063373362443333928,-0.043422831067216228,0.9970447706471034,1.0656635788856887,15.358782519590521,-0.88363750783103023,0.3225380919752865,0.2567037053504344,0.9506172839506173,True,5
-0.99771571113121515,-0.03854757826076103,0.055474714710083445,0.034176743492281211,-0.99639162538917203,-0.077689632890030808,0.058269288361858879,-0.075616222231446081,0.99543300978481108,0.012553687803413066,-17.738397694100996,-3.0380117061835441,0.2419661000790225,0.2212323064557816,1.0,True,4
-0.9808679494765935,0.18276590600171091,0.067042443966172247,-0.18774198567395911,-0.97915919567518428,-0.077461063379776401,0.051487984081555041,-0.088565755956242026,0.99473870657932961,-4.5241644526847082,19.716093028185885,-0.35770090120366177,0.3686649215026673,0.318848223362754,1.0,True,5
-0.19840343758827098,0.9629304392286997,0.18275952823308408,-0.98004178510249296,-0.1972703297352229,-0.024546210690750775,0.012416738954949429,-0.18398202687485224,0.98285117814486278,15.301276708127583,-17.905209245715195,-3.5573263427024244,,0.2650325920654082,0.2962962962962963,False,5
-0.60046890995676427,-0.79927185286508262,0.024527400860135419,0.79763706875618368,-0.60085094529423122,-0.052471402545314225,0.056676227127245793,-0.011943481764001083,0.99832117002594623,3.0251231907238938,-21.526567649797688,-3.3988918107912345,,0.1585046036724763,0.8181818181818182,False,2
-0.97511927511472773,-0.21694057856352655,0.04559807750608065,0.21360144573965278,-0.97451430849779297,-0.068529445576328257,0.059302796541633299,-0.057084568016155822,0.99660650731206391,12.727393289319854,-1.0993870193470499,-2.4982253450889385,0.2085518214944473,0.1870987360836446,0.3333333333333333,True,5
-0.82526845055882436,-0.56331688763812304,0.040075785880443388,0.56134727719286803,-0.8260091720676751,-0.050971384601825036,0.061816008447572318,-0.019568642307834797,0.9978957106520886,16.587117562289428,3.615101098075955,-2.1650795378558354,0.2614433608730135,0.2279864173368251,0.8059701492537313,True,5
-0.96878562624330211,0.23822287026887651,0.068587713660905658,-0.24345588235973561,-0.96643176571571043,-0.082090654523253953,0.04672947387693234,-0.096226328499385838,0.99426196244989307,2.1357713759705907,-10.714615748409246,-2.6871664085407843,0.316398675590394,0.2664805276069929,0.9389671361502347,True,5
-0.98268296377560238,-0.17798293755970923,0.051538981778989447,0.17462334033101293,-0.98257392703592705,-0.063680192531397242,0.061974847453120693,-0.053577531175048071,0.99663863382689966,17.918822932916353,1.4994826656867497,-2.356973555640884,0.2775580842297193,0.2584118525458898,0.9090909090909091,True,5
-0.72849183571697818,0.65490009883808831,0.20101120823369661,-0.68467674444006066,-0.70578423536870294,-0.1818965880053178,0.022746448440765107,-0.27013787895605923,0.96255292084978583,19.70690502361736,7.0652210275420169,-2.0586079346232222,,0.2185926840995467,0.1714285714285714,False,2
-0.59259800674893592,-0.80497937752698134,0.028910277644148261,0.80377332346085095,-0.59329559077119742,-0.044145061605508851,0.052688204466337055,-0.0029229655710205256,0.99860673409625278,7.6896959542681147,-20.325708763071123,-3.3903979482859712,0.2110084937660837,0.220235213914814,0.9285714285714286,True,5
-0.060856330239469382,-0.99799672228108283,0.017293044439856131,0.99738027833833232,-0.061479218077903089,-0.038116743385021128,0.039103547812629022,0.014928096353648918,0.99912364824766331,10.66515007803188,-25.211604745546261,-3.8346612202214723,0.3030027514967246,0.3340217119028212,0.6857142857142857,True,2
-0.99747824686705655,0.037691857958500982,0.060137100617345771,-0.040658049230706358,-0.99797643564384253,-0.048887185768525285,0.058172760462075715,-0.051208961552144681,0.99699226285712672,12.787711881201448,-7.4924274795350705,-2.922823567703384,0.3041559808565011,0.2963471180198689,0.953125,True,4
-0.42317855880879079,-0.90583240443292645,0.019686605694705102,0.90429418387391203,-0.42361111762508391,-0.052968387140290993,0.056319946522802242,-0.0046126027025135685,0.99840211714518046,4.7995776703978725,-18.125508318854806,-3.188095271385623,0.1643209532962013,0.2154417177173852,0.9152542372881356,True,5
-0.95663480001538959,-0.29038490657655913,0.022944834539372336,0.28566045074326224,-0.95064297931848374,-0.1211446769512935,0.05699093156522738,-0.10933678203148288,0.99236963970807157,18.869773566997772,7.0202403399974429,-2.0123834099049729,0.2686148116717652,0.2455607703724602,0.7945205479452054,True,8
-0.66252926252352273,-0.7487404174313852,0.021041948690933402,0.74675705779025259,-0.66244251839546886,-0.05936165818366225,0.058385554210624635,-0.023615611923980314,0.99801474434648185,10.046345531543615,8.3011676615300853,-1.6177311741622735,0.2923186293927565,0.2585261429111742,0.875,True,5
-0.86558541277970547,-0.49950275361429763,0.035480872519148027,0.49713366438035739,-0.86566827131247837,-0.058962392951968159,0.060166543217505697,-0.033398251070952185,0.99762946222666082,11.468856571386386,5.9353467525903172,-1.8094586992853019,0.2686066263369729,0.245402303035757,0.9922480620155039,True,5
-0.9981531867692881,-0.025920234641160958,0.054939577523521875,0.022592633841702375,-0.99792172775865529,-0.060347312809073482,0.05638961463257823,-0.058994632834932989,0.99666435907895379,11.352550850288576,11.638772873507641,-1.4494172992086931,0.2761723803131925,0.2834430705639098,0.989247311827957,True,5
-0.51970391877871636,-0.83411924450125019,-0.18480509397391467,0.854161252937224,-0.50278603705101077,-0.1327205896884483,0.017787377174704723,-0.22682876118164935,0.97377221274487047,19.557946077476355,5.2102425930193883,-2.1800651738792438,,0.3440645264155212,0.2941176470588235,False,6
-0.070352417736299855,-0.99738411554143913,0.016597089632792317,0.99702331066578587,-0.070833649814916327,-0.030448514626071788,0.031544497264871157,0.01440555863268014,0.99939853140415769,18.514929652306225,-9.3069214185680078,-3.1539429602909821,,0.2341735493171077,0.8653846153846154,False,1
0.75975238879878115,-0.64869018320083738,-0.04446744801999053,0.64970421915292098,0.7546774507747287,0.091358485687159832,-0.025704772503170568,-0.098300516331409918,0.99482474494733941,19.056577636403091,-18.549613403206468,-3.7792611273052996,,0.190826510466841,0.391304347826087,False,1
-0.81574388432645062,0.56921817325224999,0.10272578266125963,-0.57767379382569539,-0.81072721735866782,-0.094944020142934377,0.029238726220968337,-0.13679199637860959,0.99016819107449228,27.592741005683148,-0.15373075706880746,-2.9257746175590515,,0.1610415373171115,0.2857142857142857,False,3
-0.5910099914889021,-0.80602717855563522,0.032052728275949488,0.80487160947632996,-0.59187844894651498,-0.043146192551043516,0.05374832294380881,0.00029850010320018119,0.99855446956008254,1.4285510899932119,17.654136880145629,-0.76617124058536468,0.1370349352482694,0.1220511306373958,0.4,True,3
0.16603827641637728,0.97450161736585483,0.15092345250494332,-0.98611380149656547,0.16459271712767831,0.022109001934068784,-0.0032956429829839031,-0.15249864005905511,0.9882981855277625,22.754433500952889,-9.5761156507501681,-3.3506135268105188,,0.3719321719359405,0.5517241379310345,False,3
-0.94463193805508716,-0.32795882369566759,0.010654180702590364,0.31966064262544835,-0.92708986233552393,-0.19575867978453496,0.074078169271215244,-0.18151417882593276,0.98059422174647326,21.525025911552227,-8.2862936146231139,-3.2248768102258309,,0.1567953256550463,0.2105263157894737,False,2
-0.88261855375445664,0.46317838995729604,0.080313558288490017,-0.46836166758792958,-0.88108106815858855,-0.065829322241496541,0.040272036236643452,-0.095717973281343322,0.99459350122965628,29.809918083537617,-5.2624863902875836,-3.3316575514382567,,0.3050186894223136,0.9565217391304348,False,3
-0.49751622808353169,-0.86675526361511601,-0.034826940563683455,0.86557450883480103,-0.49339568966434888,-0.085682338180251644,0.057082155258265627,-0.072773665677445462,0.99571362405811181,3.7407070159768931,17.066821926244863,-0.84048629085276794,,0.1191400826952432,0.1621621621621622,False,3
-0.32577325570366283,-0.88652894519503955,-0.3285395184747289,0.9443878190476952,-0.28867772240632422,-0.15747006007693923,0.04475972634605329,-0.36156825347044486,0.93127061855282367,16.666407127940602,4.4730454294072697,-2.1066912339528816,,0.4889276209555025,0.2571428571428571,False,1
-0.99256010224715174,0.11183629022521263,0.048136136278129495,-0.11422635171602591,-0.99218832425984838,-0.05014648318757383,0.042151915742601728,-0.055271813712749508,0.99758119599766548,18.488798465005058,13.497141012180103,-1.574957668230774,0.2441257978037456,0.1962664675498779,0.9487179487179487,True,2
-0.47103648585469116,-0.8797736739677573,-0.064209902561341847,0.88061831432371307,-0.46475382799660758,-0.092278187239242387,0.051342121803880106,-0.10001080919467267,0.99366081968290443,24.888286963715149,9.8922718938109817,-2.0958663708648211,,0.1964702454799627,0.3529411764705883,False,1
