axis_00,axis_01,axis_02,axis_10,axis_11,axis_12,axis_20,axis_21,axis_22,location_x,location_y,location_z,dbh,dbh_approximation,score,reconstructed,number_clusters
0.9543383486325655,0.27747535942745039,0.11066047731632042,-0.27184279145744555,0.96025091973688259,-0.063400850760030325,-0.12385399897416464,0.030423610158545156,0.99183395328201451,-8.1701987582183175,-17.85879326289486,-2.3002031871566233,0.3964291267867361,0.3725223739864956,0.9922480620155039,True,5
-0.41589816494802295,0.89996022827998712,0.13076813031889595,-0.90556575807799955,-0.39662604437826504,-0.15046075474178783,-0.083542648925473389,-0.18099549285847777,0.97992921038993008,13.505935453588002,-3.4808251987327452,-3.9188942304765835,,0.2289515552894625,0.813953488372093,True,3
-0.44049719804455956,-0.8916711635254102,-0.10433002756700464,0.88396278284966823,-0.4105000014083196,-0.22382928177617656,0.15675463964923494,-0.19082003296564404,0.96902822351437645,8.3541119271930313,-6.3358541359073293,-3.4121841926297738,,0.3223654274321515,0.5031847133757962,True,5
0.78862866870035075,-0.60963022821961976,0.080098737473237647,0.61477848762860909,0.78403691390252195,-0.085636025055403631,-0.010594057437658767,0.11677800511699088,0.99310153734041906,-0.20626478379614183,11.130446010559194,-1.9082227846990518,0.3703083316000428,0.3096839713986655,0.9884393063583815,True,5
0.98501703601475266,-0.14220190237873712,0.097570783129884903,0.15071178355227616,0.98481153119596843,-0.086210244878108785,-0.083829571507927914,0.099623626632038026,0.99148763782382943,-14.635202372856261,12.637572444391331,0.51932086775767883,0.3120761354065663,0.2588788677209205,0.9066666666666666,True,4
0.96971809073231774,0.22303506177897142,0.099509726779439089,-0.21413244469136633,0.97239147506698898,-0.092747589443311074,-0.11744837434791136,0.068630754289141269,0.99070464767696376,-15.371460103844168,7.7280295920427431,0.39446665191357072,0.2230063574612367,0.2450972275733742,0.7755102040816326,True,5
0.98918309415389005,-0.12022746703919315,0.084036673003367812,0.1244749693323247,0.9910966457419601,-0.047259081759507354,-0.077606625038408109,0.057208347016625999,0.99534135691318104,6.3400636302005804,-8.5295060786846655,-3.4056961110342976,,0.1288575812856259,0.4375,False,5
0.95218715935730092,-0.29195104871562988,0.090023323138603062,0.29967008969419251,0.9498664704086458,-0.089171327993339614,-0.05947647348110098,0.11188509081761069,0.99193965318208088,16.338706055678571,10.24267272402794,-3.4705490109193624,0.3303521534813254,0.3036175954423354,0.9459459459459459,True,5
-0.67289393017303356,-0.73293529527720835,-0.10009801033586993,0.72400212505737882,-0.62475931875085822,-0.29239821570311164,0.1517718078191346,-0.2692241567372346,0.95104346471674828,-9.5837111472581782,-12.321704218730327,-1.7340613293045968,,0.3738425731652245,0.2564102564102564,False,3
0.92364018759360367,0.36792598948390909,0.10732786275864512,-0.36061415288174403,0.92912705733755541,-0.081733371792905393,-0.12979305298602992,0.036788280546140015,0.99085840855847007,-11.520883513182778,-0.083235072765963578,-0.54152179115417143,0.2913546864472435,0.2633381959150352,0.9779005524861878,True,5
-0.80597017670375515,-0.59076297520095444,0.037565694401074899,0.57593610895489911,-0.79724149656575494,-0.18084135189576306,0.13678330550914847,-0.1241172964792302,0.9827945991145246,0.9962898977785426,-4.2626823825513771,-2.6587756229147916,,0.1118352425087012,0.2258953168044077,False,4
0.99440817853405716,-0.039115846868138709,0.098093450282713324,0.023323598524821746,0.98728328659983078,0.15725050636640159,-0.10299701071599976,-0.15408329735706294,0.98267489703316602,9.7983440766330077,-4.5320041589290421,-3.4622922386674606,,0.3638331189488389,0.3333333333333333,False,2
0.71229626950868452,-0.69226112074728741,-0.11579535891269456,0.70184210849692241,0.70418862561912021,0.10740593228145086,0.0071888235897387548,-0.15777490374062336,0.98744893567466641,5.6780013011011237,-2.4180811289432893,-2.9382368029933117,0.6283390475365807,0.3962237907054347,0.2904411764705883,True,8
-0.98777180764303762,-0.14198332201579639,0.064401803507082703,0.11979540804289229,-0.95557115909120904,-0.26931917890287888,0.099779337728024692,-0.25831085184800617,0.96089520114324378,11.415711086320909,6.1018879964263695,-3.2084772474183163,,0.2648241708655094,0.26,False,5
0.16537570903102347,-0.98587651447996438,0.026426748935910988,0.98054855689083187,0.16149164763963503,-0.11155704962906599,0.1057137760265528,0.044361536712239746,0.99340658927688597,-23.410867704040168,-12.999035695284384,-0.12372466376013372,,0.1939040902846162,0.851063829787234,False,2
0.84494505419040689,-0.53443030944889658,-0.021262637219444144,0.53448680511476265,0.84222782716355848,0.070541777051363427,-0.019791678993535775,-0.070968524669086847,0.99728218571721672,8.2128406543156505,11.222309355256581,-2.6082440418888297,,0.1568924664183885,0.1153846153846154,False,3
0.97069026527212621,0.20671035069768032,0.12260195683744482,-0.20255674410897276,0.97820993164938319,-0.045564185919215336,-0.12934904066865288,0.019394858518449964,0.9914094336555147,-12.758659459777135,-0.80596797693407252,-0.45542546975184056,,0.1364226538433277,0.24,False,5
0.91950235741512742,0.36327515636814323,0.15015517131862532,-0.37048583116847134,0.92857248846452389,0.022212216688356295,-0.131360814596407,-0.076054549058584359,0.98841289042386815,5.0621991949943821,-11.907683543361491,-3.5678290922656735,,0.2612348518226843,0.1842105263157895,False,5
0.47434403823832438,-0.88030264549568293,0.008061372157433036,0.87940203646591419,0.47339652141549693,-0.050475655234079923,0.040617627298524035,0.031032013228415103,0.99869275681143788,1.488143217100919,-3.0984670078372805,-2.633872823935862,,0.3329534633183527,0.3826666666666667,False,5
-0.74299963576679595,0.65661306768693783,0.12965654859341169,-0.66927720622825726,-0.73018887217757122,-0.13744901662559822,0.0044229485307727759,-0.18890074190112077,0.98198622558338322,17.008449473460157,-0.34663797498410548,-4.0685536512124791,,0.2917548449936767,0.9411764705882353,True,4
0.99555335619792673,-0.00063344014339667353,0.094197206522423027,0.0058983818040429905,0.99843431693036822,-0.055624849374019951,-0.094014488538400415,0.055933116571253258,0.99399837143502845,9.5716972199560875,-0.20405091690636046,-3.3618862729934609,,0.06776797436293727,0.3666666666666666,False,4
0.37753439338427358,0.87395181001022526,0.30606537796983696,-0.91767858807175628,0.39731539890232609,-0.0025461323047524104,-0.12382968467454086,-0.27990839139785773,0.95200709115975968,11.09667268983489,8.8116605109011736,-3.0621616396300091,,0.4557307879701108,0.2637362637362637,False,2
0.40951684543263883,-0.91035823671447247,0.059530111313673015,0.9101411749673749,0.40318691459738271,-0.095306628974332397,0.062761412794075058,0.093210475503352472,0.99366634859017533,-5.8833852248847718,12.293337420664759,-0.949761876933089,0.3511215865278662,0.3092530043321399,0.8938053097345132,True,5
0.81259621396991821,0.57157861634424278,0.11395296564705111,-0.56517932874305576,0.82053193516105205,-0.085438104744958693,-0.14233664111291355,0.0050228198118378933,0.98980556266260389,7.8017562536263245,1.6598182313329235,-3.0408775059152351,0.4611017324752995,0.3786625230865601,0.9495268138801262,True,5
0.99311309915218104,0.063865354018323689,0.098222140317063639,-0.05649989044406277,0.99550380828102669,-0.076025851378216033,-0.10263593265596443,0.069952728710807752,0.99225625776497528,-3.1504397619122342,-1.3145818108680976,-1.9018070766027533,,0.2872852193522339,0.9398814563928873,False,5
0.84787081145331633,-0.51718460122954313,-0.11676975351747677,0.52923766609646294,0.8388300691829077,0.12756021252477756,0.031977802774153227,-0.16995353272478936,0.98493310272530721,-9.4091142386427418,-10.693007668676344,-1.6480362394046186,,0.3514095503296116,0.3,False,4
0.13400154001339035,0.96828136415801835,0.21089046232185649,-0.98323625334795972,0.15646282115328125,-0.093626148585868652,-0.12365297156278368,-0.19480909994413237,0.9730155996707609,8.327835089257718,0.010209040388737572,-3.1544327969623818,,0.07660267079774657,0.1481481481481481,False,1
0.39036232369087309,-0.91822571647673445,0.066923761426346068,0.91866190964706729,0.38369605161411657,-0.094008700338543943,0.060642823204952012,0.098177765184004728,0.99331947248466257,-17.578655266720986,4.2530556869693976,0.50074391171047572,0.2609927878390472,0.2663245561476381,0.9714285714285714,True,5
0.85352952070994392,-0.52101752970400539,-0.0053000960170418859,0.52038263097404491,0.85188868056499767,0.059055849039353681,-0.026254040778231125,-0.053163988435441609,0.99824061011183662,11.150037466274041,9.2200715892814582,-3.0677489294395537,0.4215720743035269,0.2482887976592184,0.4444444444444444,True,4
0.89905056103630066,0.42491331796008641,0.1056255694444546,-0.41975427642648977,0.90507564845257238,-0.068149966983351212,-0.12455695934787797,0.016933481576694269,0.9920679518458928,-7.1530927386643883,-11.676786991113556,-2.0011602456951025,0.3140172956689695,0.2588532982664678,0.9393939393939394,True,4
-0.1598638280197118,0.84584178514299446,0.50891574056713662,-0.98254767534173848,-0.086677941669840691,-0.16458128723650955,-0.095097960921519092,-0.52634457243709942,0.84493654725936496,-6.2384767425953971,-5.2511419947881244,-1.7538779251294969,0.5548347678059021,0.525030790942509,0.2474226804123711,True,1
0.88902967617317763,0.44026625568619548,0.12566566351820782,-0.43720444675335202,0.89782911426959311,-0.05248955428437721,-0.1359356708980734,-0.0082768154464566632,0.99068309145940048,-13.45630036926269,-14.966203908846452,-1.47128931808464,0.2721063824091663,0.2313988515832721,0.8421052631578947,True,4
-0.86086775092447965,0.46064914313223954,0.21612284087934569,-0.5072197741820601,-0.81064146635762246,-0.29255514642586894,0.040432859123804565,-0.3614730694714271,0.93150545030610399,-2.4085491858168138,-15.495236056701225,-2.8646996603931303,,0.2605124835032747,0.1935483870967742,False,2
0.99338133924642291,-0.068005956185404795,0.092567298547007654,0.074672697068157545,0.99470798873724531,-0.070569153706633497,-0.087278308585519757,0.077014330261400671,0.99320254217598436,-10.619530668262337,9.4225753184815719,-0.24011007280193114,0.3050727542501585,0.2866076108940881,0.9338235294117647,True,5
0.86726167632228124,-0.49122822622157508,0.08094451523031411,0.49708241910347289,0.86343834603244785,-0.085926079969875252,-0.027681282501085702,0.11475649159831894,0.99300790240316772,4.0650986445953015,-3.2385866179919094,-2.843017280290475,,0.2322597569143448,0.9119170984455959,False,2
0.96987971279612561,0.21349918778517463,0.11726653197556254,-0.20957693168436481,0.97675784440452207,-0.044962463233220187,-0.12414045437435775,0.019031820966537081,0.99208212229554149,12.295992670673392,6.2274004037529123,-3.2845586945942218,0.3397811793324338,0.2845021662889586,0.9305555555555556,True,5
0.87054755997986999,-0.49105689748093151,0.031781586642236175,0.49174215085981354,0.8657179967795875,-0.093391686566335966,0.018346740333382919,0.096930250635919257,0.99512206468895015,-6.8936761700814806,-2.8034556785230889,-1.5020260202330129,,0.3232840880703469,0.8589743589743589,False,5
-0.75718322232373703,0.62933217764704363,0.17497022035041054,-0.65272025959166047,-0.71868285636201856,-0.23968983017626194,-0.025096425044952145,-0.29569572561902152,0.9549524633721842,4.2843224206649912,0.071733072124182395,-2.7429983720579991,,0.1718506596506702,0.2931937172774869,False,9
-0.9045974012163831,-0.42586381978768401,0.018535066992316329,0.40490958664896254,-0.87205235657797575,-0.27490528191827485,0.13323576228750678,-0.24117357728955879,0.96129263872403869,9.2286217385408289,-5.8691692067387775,-3.4476978947253389,,0.1957100572368027,0.4324324324324325,False,1
0.93497141459904987,0.33771798645305151,0.10851274353156307,-0.33077434259393201,0.94054819518778854,-0.077184368952169541,-0.12812801475166324,0.036271947219428238,0.99109412150446519,-12.729864873347749,-9.9111035508589111,-1.1178692177915011,0.2984686457276622,0.3132853019597385,0.9368421052631579,True,5
0.56996418343586475,-0.79864306858091727,-0.19315816992285129,0.82116715009150099,0.56187209446953634,0.099921274346458533,0.028728752337883585,-0.21556669145318771,0.97606642208665062,-12.497051190866255,-0.99508197665284892,-0.48277191659118657,,0.2548977152270083,0.2941176470588235,False,3
-0.95141641751948391,0.25993828673120062,0.16504207816687189,-0.30236315349211884,-0.8899909163446883,-0.34131025802668846,0.058166346667924529,-0.37463082616783067,0.92534772934293008,7.1333307663741179,6.9076977523957925,-2.7213058879776124,,0.301417694441752,0.25,False,1
0.64818919481971526,-0.7573660460167474,-0.079040749363394835,0.76140956864595066,0.64322382616766915,0.080737712530213432,-0.010307108874761925,-0.11251569575477982,0.99359648837717884,7.4528899785393801,6.3399018305719546,-2.8105005738945428,,0.4708419658202012,0.4183673469387755,False,7
0.82689144067472709,-0.55764680917053344,0.072667610121680964,0.56212317261418565,0.82337350255365727,-0.077933395298072097,-0.016373275452296249,0.10529060506258583,0.99430669530910742,-5.8155374163146734,-2.6179151453662852,-1.6390048131581623,,0.07567291183550458,0.2470588235294118,False,3
0.97320280439241846,-0.2127011773689893,0.087375686941952718,0.21899426988094664,0.97320575267760001,-0.070086180624557001,-0.0701271080399265,0.08734284230017153,0.99370690679741391,-4.9291556805409726,-7.9453841675578758,-2.069561802644734,0.362122525265227,0.311810513095981,0.9011494252873563,True,5
-0.93296753629409057,0.32948350477664939,0.14495584259156241,-0.35992107865996381,-0.85984299358098792,-0.36211440668100042,0.0053285417876105107,-0.39001364908138858,0.92079365776086719,4.299089451808074,-13.832315722834528,-3.5535748833176015,,0.4615304623267204,0.2717391304347826,False,4
0.92805335003875544,-0.36944540145036836,0.047191893679098901,0.3718313547694071,0.92633497884241245,-0.060373426135800747,-0.021410817177086414,0.073577186139480388,0.99705966450739847,2.1877191851841165,5.3048037601716089,-2.4210202496323965,,0.2319478863792323,0.9624060150375939,False,7
0.99513064549081276,0.023755035611747053,0.095659273926385721,-0.016404766931767612,0.99690352576235153,-0.076904121765401678,-0.097189927600307757,0.074960380239683738,0.99243894490662221,-4.5721398795086063,16.503984600827888,-1.1202612337659092,0.5657778033138237,0.3201590698479533,0.926829268292683,True,5
0.92476822872284326,0.36458267455361743,0.10901007549830136,-0.35776736789425845,0.9306032166568371,-0.077331517623555474,-0.12963885842921,0.032513482792203077,0.99102807216642075,11.259223620379865,3.9875094015064723,-3.3017153982667895,0.3072016141053208,0.2376097745728799,0.7901234567901234,True,5
0.9236192330045685,0.36867813489045337,0.10489969150454434,-0.36365641489172157,0.92931574253152716,-0.064235991400273015,-0.12116734020416567,0.021182151372618037,0.99240606211926941,-24.210004365376875,4.2348280817401163,1.2909946022196237,0.2778801331519313,0.224895150838223,0.5652173913043478,True,5
0.68500091184494827,0.71665598278111797,0.13106469057537726,-0.71340918809015597,0.69630521338517459,-0.078780582386596645,-0.14771960303268517,-0.039537983720172663,0.98823866890706613,-13.932510196942548,-1.9363217331929519,-0.39304745820683351,0.2358262169150193,0.2484791815922197,0.8214285714285714,True,5
-0.096019254348512384,-0.99470067001942231,0.036754317532333859,0.98681770189537144,-0.099961086090052539,-0.12727373842877096,0.13027327439000597,0.024049081699912281,0.9911864182125868,4.8773549320978242,-5.9294219085110891,-3.0901722815536128,,0.1745559740276829,0.8,False,8
0.094658627433252693,-0.98509921370699516,-0.14359416215958148,0.98689691430347704,0.11179119492929668,-0.11634951342638128,0.13066837716421054,-0.13069915030381604,0.98277337536134546,8.0039214158636085,11.544158412868326,-2.5990877271270989,,0.2539992294488004,0.2083333333333333,False,5
0.83649296521388339,0.53558420225099157,0.11588391366732098,-0.52917777231235308,0.84444303243976748,-0.082987048715248452,-0.14230391575154117,0.0080948911728571868,0.98978991119261239,-18.9311915401729,11.099254621878924,1.1395841852522841,0.2677695607777228,0.2843642455058358,0.9464285714285714,True,5
-0.82460044578297709,0.54148187648478718,0.16380318144966038,-0.56568223873691204,-0.79237339387602668,-0.228359386614572,0.0061408136359846349,-0.28096580239577557,0.95969813394212,-8.5597358316589958,9.0973924870867258,-0.58248119772787377,,0.3127914699259222,0.4805194805194805,False,4
-0.99355828103321797,0.033141525074835615,0.10836780659417045,-0.055042879411378622,-0.97703351124113447,-0.20585383002976931,0.09905666871251996,-0.21049265361892031,0.97256394090879383,-9.5760028259718286,11.408635431045719,-0.44346035989849292,,0.3063733860498201,0.4571428571428571,False,3
0.61847637949227618,-0.7855560060819089,0.019716219687492688,0.78576379088920245,0.6185024025938638,-0.0054811415825321147,-0.0078887855564392789,0.018882248125097617,0.99979059195822917,-5.7920194725246592,-5.3550002016568685,-1.8159550113163403,,0.1484132766933966,0.1454545454545454,False,5
0.98464698934834927,-0.15017142399364805,0.088987919309037378,0.15711381463371632,0.98457953651802022,-0.076931043936780741,-0.076062839931690759,0.089731152258736929,0.99305728167908103,-3.4175077907364173,-16.666281517474602,-2.8388930506095025,,0.2282347497588592,0.9908256880733946,True,5
0.77136475458435894,-0.63474479557932562,0.045776193266489837,0.63639319627662772,0.769404878186282,-0.054953008616177745,-0.00033929018349066614,0.071520471951128289,0.99743907431685186,8.9793781979872982,3.8240980742606783,-3.1248968998813931,,0.1417935013634536,0.1904761904761905,False,5
-0.52849413078173624,0.8113962970548031,0.24965977420283395,-0.84693039495660349,-0.48372195570353277,-0.22073054992229948,-0.058334036615926899,-0.32809925128854311,0.94284040085053045,-5.1533439123210689,-12.955285697274446,-2.3052448632744014,,0.3082437718340511,0.4693877551020408,False,2
0.2017426422439425,-0.97840012750790928,-0.045089874616583078,0.97779301075735214,0.20385764360195138,-0.048609559339009699,0.056751514645034445,-0.034281943316654712,0.9977995860632175,5.2777684532089806,8.639334597458177,-2.4426745478441765,,0.2377633947218392,0.1621621621621622,False,5
0.83587845922133897,-0.54658386593176411,0.050529980336905395,0.54738845633141897,0.83687482135004043,-0.0025320476782540874,-0.040903291858565088,0.029776012047049591,0.99871933485925246,-24.647389649053519,7.7305572404546581,1.5246584675548656,,0.3140395434126401,0.3461538461538461,False,3
0.8667241190306052,0.48151955960821313,0.13010847476369031,-0.47933412264499486,0.87622332163593875,-0.04971407737689279,-0.13794238057527647,-0.019277041681625216,0.99025264216018682,8.3656884764283213,-5.4137164756070772,-3.3709634153094221,,0.1664716327445289,0.2580645161290323,False,1
0.99334527601602296,-0.066347789905062474,0.094144215920912711,0.075354255441727178,0.99256550250958819,-0.095579597272173675,-0.087102805944887257,0.10203770872869332,0.99095984136287019,2.3988891670718204,-1.7798989634194899,-2.6041938542543099,,0.2973965397396231,0.9899497487437185,False,5
0.65320882253367907,0.74931803576749789,0.10881505152185372,-0.74282429146530016,0.66202376030113053,-0.099682560188967179,-0.14673208978693109,-0.015716935779303276,0.98905139995678182,-22.753466226305836,-9.1692823141697328,0.13218507396613299,0.3117185901549563,0.2198995668685351,0.6666666666666666,True,2
-0.72074026928286339,0.68227112121683986,0.12263597101821919,-0.69315702645437904,-0.70723669338861206,-0.13910282600172114,-0.0081731824271982223,-0.18526299327782206,0.98265498645799043,19.073504591219702,9.6036700392167091,-3.776952454298192,,0.1542129450532945,0.5789473684210527,False,1
0.96607221546348343,-0.24259416909924528,0.088614579096915211,0.2501013569785201,0.96434046671638274,-0.086583921664085031,-0.064449870030742165,0.10580894750575821,0.99229566202858333,-4.4768880755713329,6.051360546986885,-1.5031672219971601,0.279882561224288,0.2267562368494722,0.8988095238095238,True,5
0.016351549846046191,-0.99901142543459798,-0.041337618082875588,0.9925543174944863,0.021208889117231081,-0.11994211039275707,0.12070026363139227,-0.039068591906369202,0.99191990174901057,2.5847298139782624,-10.380061722794418,-3.140134763934217,,0.147181013975415,0.2307692307692308,False,5
-0.15275948672975787,-0.97327091194885029,-0.17148839951528866,0.98516011723049601,-0.13622890433819729,-0.1044089509630791,0.078256518146779905,-0.18489298952926417,0.97963794321702113,4.9636219311674594,2.9845266622557398,-2.7317179172307569,,0.3480561386299644,0.1392405063291139,False,2
-0.60202068484040316,-0.79827142845222387,0.018270783812906956,0.78466370142654018,-0.59568681628846887,-0.17163942601777094,0.14789851482653121,-0.088994063942232512,0.98499039888475681,-7.0814512659079067,17.872333023992933,-0.58679817725534167,,0.1436591574330119,0.2727272727272727,False,2
0.85800500863610485,0.45682993739687328,0.23480590591662509,-0.49027402791173691,0.8647034052584216,0.10917599777282647,-0.15316260219309275,-0.2087927901831374,0.9658917061746527,-3.8083899110601434,-7.3100617085469199,-2.1648651470039892,,0.4360363345352132,0.2474226804123711,False,5
0.44389546864061219,0.88362799340738807,0.1488569185062123,-0.88360187991255934,0.45925768501252329,-0.091269362723371175,-0.14901184763408437,-0.091016196491458951,0.98463776143356685,7.6734013926683993,-11.250782688003785,-3.7429695959724287,,0.2450013772991032,0.796875,True,5
0.10346864585895155,-0.99443575268209983,0.019793259249064173,0.98919745581454688,0.10080529144276251,-0.10642690743965039,0.10383945653817282,0.030591289687188578,0.99412350352515666,8.5360746570562007,0.13227159291900326,-3.1813422701242704,,0.2531624503708352,0.2571428571428571,False,5
-0.98402127993854727,-0.15473425147258082,0.088087638459228956,0.13502663590821318,-0.9710029039179241,-0.19728448539677548,0.11606001991820687,-0.18223795434590406,0.97638076577347976,11.600624398576194,9.8900080979659872,-3.0997637780860963,,0.1696657954144316,0.3684210526315789,False,5
0.18507823041490964,0.96908158481233453,0.16317760448082219,-0.97758682195200985,0.19851055703967016,-0.07012534698359478,-0.10034965955226384,-0.14654160065119379,0.98410136932448733,10.300869287751439,12.795198659472454,-2.9259989253368008,,0.1650237083442149,0.1333333333333333,False,6
0.73044207212183543,-0.65914367492821146,-0.17884069748379944,0.68295849044416512,0.7067397076138926,0.1846257999632151,0.0046988939748505848,-0.25699922467579955,0.96640018569506236,-7.938200117896514,5.6162309818626959,-0.77488730320358779,,0.1720232916607686,0.3333333333333333,False,4
0.60436994040489767,0.76561351725193982,0.22039264356165267,-0.77469916691660856,0.62931021536995557,-0.061724011614060527,-0.18595207961647797,-0.13343386014102038,0.97345633135450571,10.906377161267777,-0.18198235055220466,-3.5102462317624572,,0.2700279942254908,0.2068965517241379,False,4
0.87237808025573738,-0.48526076389170869,0.058978607278817097,0.48768783336323801,0.87222792108846459,-0.037135304807765737,-0.033422481637127785,0.06115917511649796,0.99756828990314506,-1.6033210742263453,20.720805382550751,-1.4207173099559487,0.2561274707883163,0.2491332468261199,0.375,True,5
0.87862145657214075,-0.47030089012786552,0.082712809140948584,0.47653932696419565,0.8746545832507534,-0.08882358839273917,-0.030571324923219095,0.11745821701093839,0.99260715358547091,10.079572464984789,-0.45135756629522938,-3.4267779110082093,,0.1348559774558773,0.72,True,5
0.97510245950842622,-0.20242950705493046,0.090539980859925651,0.21013214747299305,0.97391804668489901,-0.085604432945142597,-0.070849658143184877,0.10249845371989257,0.99220682971143925,0.55915644996080005,-11.040144660410105,-2.8634190126856423,,0.2774085181300366,0.978494623655914,True,5
0.19571717610652717,-0.98016423086415094,-0.031190824153487604,0.97643510533282252,0.19772464335193282,-0.086483816318607756,0.090935537885725851,-0.013529447358934688,0.99576487285081272,7.4039632406939129,-9.0966857860587478,-3.5499667869653124,,0.1503251429094914,0.1290322580645161,False,1
0.987237278110905,0.069312523562684525,0.14338176587538523,-0.072036406153888052,0.9973053099414142,0.013887942651522558,-0.1420327881040275,-0.024039401823510394,0.98957000473102674,3.5954083140763649,-3.183796770299689,-2.8038835064039773,,0.681879429095992,0.1430948419301165,False,5
0.69625230990908893,-0.70237375451251149,-0.14799942539840066,0.71745273054293501,0.67457864389887734,0.17379652652466687,-0.022232867173297366,-0.22718882491784337,0.97359690706662816,-4.8189590350304936,6.9725790644528383,-1.4069791940581484,,0.3416416834361102,0.28125,False,5
0.95193916097639064,-0.29788679681985153,0.071241070177074525,0.30202047869442311,0.95162200857894985,-0.056561322804174627,-0.05094569902119235,0.075359200291503795,0.99585416938559257,5.4426767079051599,11.128155142155471,-2.4919000506903526,0.3555937064522919,0.2174694878604648,0.4545454545454545,True,5
0.75553895106579139,0.64369417587258215,0.12173208849814693,-0.6388687149425053,0.76509473878026657,-0.080478604352137356,-0.14494018935449071,-0.01696610263062575,0.98929494735968981,-10.82844078347572,4.0864858455600448,-0.44564261617505541,0.363771241782142,0.3104345561843304,0.983957219251337,True,5
0.9800711671588983,-0.18096559861399628,0.081926548945208191,0.16732724369925686,0.97434568568336211,0.15050607398450019,-0.10706120128133796,-0.13379811997369875,0.98520858820439627,0.38570375834464088,-13.606161036260763,-3.0779216657095358,,0.2944470902165757,0.4857142857142857,False,5
0.95593990523652794,0.26293867015430855,0.1305455986001087,-0.28322205193990058,0.94304584236590938,0.17449873492757306,-0.07722801869353621,-0.20378369643780378,0.97596518288042156,9.7338793082509021,-5.2311302790383198,-3.4640288887822877,,0.2754462375103337,0.3058823529411765,False,2
0.45518836756301129,-0.88895043642469307,0.050701791049919162,0.88863812559079325,0.44997748435692697,-0.088558146538272792,0.055909138625126281,0.085366182719858519,0.99477976611209629,-26.08404826977959,-11.873754335822349,0.24441214376574541,0.3542425237070621,0.3105067711162233,0.7906976744186046,True,1
-0.025662606641156251,-0.94007734228441475,-0.3399941486906099,0.9924441837611333,0.016862144921227895,-0.12153275355785315,0.11998321857276395,-0.34054406262938536,0.93254156404355193,3.5788065062436423,2.5143533905053093,-2.646749927385549,,0.5329367811678617,0.2507204610951009,False,2
-0.098356163217940731,-0.99023097708333629,-0.098836618627036604,0.98780287091783026,-0.085099792126382592,-0.13039752139722049,0.12071268932277962,-0.11045649552935738,0.98652309107888325,6.2900573187587288,-14.033820009623813,-3.8551449566238909,,0.229316721939964,0.3461538461538461,False,1
0.99058693712340917,0.040923962898458933,0.13062445889322105,-0.070043320810471849,0.97141163242156381,0.22683336087514178,-0.11760719880306036,-0.23384753506666803,0.96513412390866127,-7.0029940123266714,-6.053355542570019,-1.5887725802864108,,0.3805078954559832,0.3846153846153846,False,4
-0.38644925413673037,0.89020085702647744,0.24124553493586071,-0.92022610387129355,-0.35457614389836556,-0.16570961327582992,-0.061974928245414007,-0.28603879514410374,0.95621175266856318,5.2755494947517629,6.4934935730542458,-2.5420971486391815,,0.2654359351509742,0.3294117647058823,False,2
0.80574675263835349,0.58155992977580051,0.11207238148586955,-0.57479278465736539,0.81347269783959641,-0.088743588925627337,-0.14277753786425906,0.0070864623568515986,0.98972943612518938,5.9125367509513236,-21.08374599783528,-4.2851119816865779,,0.3401065375046799,0.9591836734693877,True,1
-0.7185883758747057,-0.69135469946086925,-0.075229153864199483,0.67990253656836552,-0.67567990022435809,-0.28493720922460097,0.14616185147176769,-0.25590105893913823,0.95558953594530971,8.5806386064599582,-7.3477638198463158,-3.5069168657350303,,0.3464132109237827,0.3018867924528302,False,1
0.77982046378120151,0.54014177636944061,0.31642835790829094,-0.6053573035624582,0.77941587423112746,0.16141074939457445,-0.15944459630750252,-0.31742362296620769,0.9347832178057891,2.2171431282802461,-13.32569519653955,-3.2364844515312736,,0.3523296768675066,0.1428571428571428,False,3
-0.12097750836072045,0.97748534208386284,0.17287813187915507,-0.9876617578815402,-0.10108276799900105,-0.11960989102915971,-0.099441915152410326,-0.18521522622304792,0.9776536326767099,7.4359741485125692,-15.201251587769635,-4.0650784254761234,,0.1165901745614888,0.1875,False,1
0.33297763823947707,-0.94292730500724697,0.0037403080393826199,0.94006262008526065,0.3316514400877914,-0.079306951814633098,0.073540211795278393,0.029923565286636533,0.99684322613420095,5.1568516762452736,-9.5875179026002701,-3.4060855054124932,,0.5728723918250054,0.1333333333333333,False,1
-0.97701165208503304,0.15888128469110113,0.14214418407018731,-0.20062436590071772,-0.91072803072108677,-0.3610045953527829,0.072097818947656059,-0.38122328291146756,0.9216673548896015,-6.1396174924597453,-26.089244626427625,-3.3015660309390218,,0.3393725219402485,0.3023255813953488,False,1
-0.94230046201670048,0.23762360462997315,0.23580683155025622,-0.31520875440954288,-0.86702413972519754,-0.38589193082696843,0.11275318366546105,-0.43795452236098609,0.89189828787640557,-5.3640252660594214,-21.46520782891972,-2.9674556425799423,,0.3040806158650303,0.2363636363636364,False,3
-0.95878140198390527,-0.28068729656671237,0.044191229399591331,0.25671273626462954,-0.92234789425888741,-0.28874371507571006,0.12180638016665468,-0.26549765253626367,0.95638601111080124,-4.5027310613340932,8.1518394974887123,-1.3840583943758431,,0.7826706000516631,0.3131313131313131,False,1
0.97292685426024794,0.18125847688708896,0.14338305623688613,-0.20102308179360129,0.9698097700740036,0.13805336089791784,-0.11403094687610232,-0.16313912598019015,0.97999110645401211,4.2064584872056239,8.8895978013610772,-2.349582461282838,,0.1651829672710662,0.1290322580645161,False,3
-0.99303798038032753,-0.074519276903177556,0.091227445935904164,0.049630355037094002,-0.9670515033634054,-0.24969625087588093,0.10682882280102494,-0.24343021014739816,0.96401728999356728,1.2788462687322939,-14.534774860404788,-3.2475839590773115,,0.3803776945025981,0.2142857142857143,False,2
0.8234812980691294,-0.56636867530638635,0.033242673810494686,0.56724891796436883,0.82086017882510942,-0.066462259120965705,0.010354554487503692,0.073587298162785253,0.99723502382861928,-12.038450984124115,11.365024840089356,0.051778021653733942,,0.143131549637672,0.3157894736842105,False,3
-0.53067523079006096,0.77745888649032957,0.33755218743645055,-0.84677205647816478,-0.46897955583941053,-0.25106823887622559,-0.036890158493230317,-0.4190654555339613,0.90720629417153986,-2.8915728909568372,-6.291955389333646,-2.1937003551275778,,0.5303775095138484,0.2315270935960591,False,2
-0.14751322930145216,0.85906087930441399,0.49015737557419625,-0.9839453529720027,-0.077127454679784144,-0.1609437730992363,-0.10045590846663929,-0.50602940762701176,0.85664628001923726,-1.1790775634647064,-22.900458579284699,-3.6467910100423819,,0.2017178766638396,0.3214285714285715,False,2
0.50655444959065299,-0.85951380038808889,0.06810738977771727,0.86088155461626625,0.49981485048016194,-0.095226383744070692,0.047807306150736875,0.10686974399668334,0.99312301317444662,-16.045878174742096,15.931937392080316,1.0345158126923344,,0.3035719900846691,0.9333333333333333,False,1
0.36990191454361493,-0.92906960851891851,-0.0014953740236122587,0.92659692391476245,0.36903385799665411,-0.072333617660149688,0.067754809487354059,0.025370734687974072,0.99737937196070159,15.876666734833702,17.111460555203589,-3.2005576469665868,,0.112246161658971,0.4666666666666667,False,2
0.7916862956658145,-0.61085628999230868,0.0093489160748218281,0.61060994100652943,0.79068810693443448,-0.044360089004022073,0.019705562639635757,0.040827815631921997,0.99897186160160822,15.642043233258354,10.893704329394696,-3.391505407059288,,0.1772103926121733,0.1590909090909091,False,2
-0.089306991629695631,0.97244612222626736,0.21534344803858621,-0.99420239509094444,-0.074038040394627594,-0.07797413782756113,-0.059882041059749112,-0.22105860748140371,0.97342037846805929,13.360067854025235,4.4625509264926784,-3.4507801877412758,,0.1919427312470773,0.25,False,2
0.89394596037595642,-0.44241516947529108,0.071620093169857652,0.44657352993576049,0.89280122471949031,-0.058975041331854869,-0.037851053990928044,0.084704137782808053,0.9956869521864028,-8.7972677042393403,13.982813078417427,-0.5554519051745459,0.32146686962778,0.227672407644748,0.6060606060606061,True,3
0.84088999659947827,0.51919328475989746,0.15278202341623043,-0.52346901609351748,0.85192995393856574,-0.013983660905456441,-0.13741980501010256,-0.068217934903233329,0.98816097400601899,12.347436218177888,0.85895253743973798,-3.5536361150190814,,0.2511542792245107,0.5510204081632653,False,3
0.56263943071107503,0.81157751248925658,0.15741287187160949,-0.81280445335940188,0.57782756486406595,-0.073920402341896618,-0.15094963268667277,-0.0863553501817588,0.98476238854189824,10.084672134160874,-2.2380377265270397,-3.4399704573807117,,0.1587373850794032,0.1842105263157895,False,3
0.74283384064410007,-0.66696680987751766,-0.057906473867291086,0.6688057530092778,0.7354402334782395,0.10874984010639414,-0.029945783269589622,-0.11951124425459027,0.99238113271116324,10.145362849331597,2.4771565387502155,-3.2798666059836639,,0.1577766300882029,0.1785714285714286,False,3
0.73950783437968293,0.65938129284387303,0.13544177176415409,-0.65722908504374755,0.75075209539873111,-0.066492262910599467,-0.14552694823856122,-0.039844722385237195,0.98855162001506736,-29.321157479315882,2.7221054290346682,1.7136659992772478,,0.3052744528140339,0.9318181818181818,False,2
0.53068811022897522,0.83194725839575878,0.16196878992379724,-0.8350136706016934,0.5459609846914586,-0.068401557752870754,-0.14533512847858035,-0.098946260376595457,0.98442233720471906,18.224433734196932,1.9985435867396595,-4.0205533256100301,,0.2628530168919722,0.8108108108108109,False,2
0.91767989236611003,-0.38897184727399464,0.081021708049018926,0.39482175056194574,0.91558124341001568,-0.076333295480873489,-0.044490453247017024,0.10203866298627103,0.99378504256496469,-21.723986960589592,-1.3970090539992779,0.57363114795032266,0.3021419748238763,0.2726086021921603,0.9772727272727273,True,1
