axis_00,axis_01,axis_02,axis_10,axis_11,axis_12,axis_20,axis_21,axis_22,location_x,location_y,location_z,dbh,dbh_approximation,score,reconstructed,number_clusters
-0.53889720352904047,0.84216620190475577,0.0185981826504137,-0.83210127780793941,-0.52876006406277698,-0.16739252708147512,-0.13113835250976089,-0.10568293628418082,0.98571489259287293,-0.26881895556167479,-4.5451792470170291,-2.5875157105877906,0.2974896334142638,0.2855409332753739,0.960822722820764,True,5
0.44790972049419986,0.83263652935831112,0.32571965286877386,-0.88050032472269446,0.47404451280679039,-0.00098895955575914463,-0.15522905800795775,-0.28635329552131839,0.94546587970906859,-4.6850836481697851,14.066297208632891,0.4627669939360492,,0.5255436770805041,0.5405405405405406,False,5
0.028279502938408096,-0.99834428753667681,-0.05008945254684162,0.98813315460182294,0.035488231694480871,-0.14944381615794505,0.15097396626639778,-0.045268851919223363,0.98750067977480815,-26.956202079190653,5.723780028380669,-0.37111364751000159,,0.1211920415177734,0.45,False,1
-0.33775577758536074,0.94112656011108942,0.014206778705153432,-0.9300604458827616,-0.33138947774210864,-0.15864608739635605,-0.14459806953091725,-0.066796795546504042,0.98723329886742128,-6.8694431425074969,-16.436619069196123,-4.4449929735447533,0.3373278425218891,0.3040532518096165,0.9894736842105263,True,5
-0.81839608091664662,-0.56571409102169834,-0.10097238216347686,0.5711290825390879,-0.78128740239480321,-0.25179667578671694,0.063556477390849783,-0.26373767663850134,0.96249831797411034,6.147978895608964,18.698283184865854,0.86491298116584026,,0.2058255939283497,0.7837837837837838,False,5
0.39752462770936742,-0.91524942373892526,-0.065518415045662678,0.90706879713735344,0.40274539836147127,-0.12256566141646862,0.13856539114918065,-0.010706841001281031,0.99029540841682662,-24.142002643236495,7.817319430907741,-0.076289278380127626,,0.1796303564403685,0.4166666666666667,False,5
-0.019432967657910138,0.9994200868061841,0.02796157821595148,-0.98833178694570811,-0.014976536135577543,-0.15157830411402667,-0.15107163426901571,-0.030580932845482255,0.9880496788449401,-7.6627288369191655,-3.0866172211114051,-2.1351127340261296,0.3108284281388587,0.2562098314227719,0.9779951100244498,True,5
-0.21997107421055778,0.97486782178808939,0.03529102651949613,-0.96385497075272908,-0.21162675218130186,-0.16185707620135212,-0.15032072999393575,-0.06961930625437425,0.98618295986634774,-11.570933378539223,16.315417877567125,1.0566327170491894,0.2746418975914762,0.2563568527530757,0.9166666666666666,True,5
-0.48014699921955484,0.87709649874149453,0.012672451849183679,-0.86666113685275914,-0.47210396117472453,-0.16129576470639023,-0.1354892357700111,-0.088428398936921962,0.98682474900658645,-4.6250452953266867,17.680321814124639,1.080407665973071,0.2627881322938831,0.2324841145379349,0.9361702127659575,True,5
0.10130639094146365,0.99461014459382791,0.022083374412910899,-0.98353108479121643,0.10346824722813984,-0.14819219636995246,-0.14967838990258195,-0.0067068686122522918,0.98871198916043779,10.938390137994064,-15.095518606966083,-5.0183940695147298,0.2177802593750446,0.224921525060763,0.9852941176470589,True,5
-0.020339645072672087,-0.99402904173927886,-0.10720337222871579,0.98862248379806772,-0.004012607851214052,-0.15036450215117966,0.14903651689185929,-0.10904202472956577,0.98280107523120852,-13.621189234178555,15.64018134119878,1.0377403131159171,0.1610489899353996,0.1329247733990993,0.52,True,5
0.065433961833204796,0.9976820535742229,0.018679309803441204,-0.98649453850852475,0.067494422842879417,-0.14924151023746823,-0.15015632564652229,-0.0086615738193951616,0.98862432450719484,2.4275166274506805,-8.1681646046409977,-3.4246533955138831,0.3002511981647677,0.2668015584039643,0.9830188679245283,True,5
0.42814972952807112,0.90240443558088868,0.048518488733442992,-0.89338283225348214,0.43074008156145099,-0.12778926860726941,-0.13621646060511916,0.011367355909450443,0.99061387991479377,-14.288897156363342,17.515968705794759,1.3491444969673967,0.2227519533572555,0.1699886043568502,0.775,True,5
0.0092786932350823123,0.98276214349610314,0.18464147736301204,-0.99353013712349358,0.029961733673999291,-0.10954524701064045,-0.11318910053191134,-0.18243043558078459,0.97668181292301326,15.264490355617678,5.9742162654337054,-1.508064787900719,,0.2922961289594266,0.4285714285714285,False,5
0.72848323121944314,0.68495543523463842,0.012175121133203917,-0.6777196197438744,0.7231552527935482,-0.13320134147717852,-0.10004148562621261,0.088783625177328782,0.99101421233707532,-14.858546405218249,-0.98705262339131572,-1.5279641379545248,0.2897003531460905,0.245782813388342,0.9901960784313726,True,5
-0.16786689140222372,0.98497946850710494,0.040449392954856347,-0.97454260800332904,-0.15962271117165056,-0.15743981473656232,-0.14861834327237453,-0.065848589185145828,0.98669982839022619,11.753965769506854,-5.9587140672565182,-3.3692472492004004,0.2735792949847443,0.2561344491180371,0.9575471698113207,True,5
-0.045971706734847531,0.9989254142540499,0.0058837859632116934,-0.98749065584460904,-0.044554575572810409,-0.15125175838684227,-0.15082707581687765,-0.012763485139351141,0.9884777623435077,7.6713831183994401,-12.67616980392231,-4.439296673884451,0.2420785381528335,0.2250999820567411,0.983739837398374,True,5
-0.4097483775816736,0.91210675060856061,0.012943823371777156,-0.90133772889877151,-0.40264592358825596,-0.1595824510444859,-0.14034445316004321,-0.077055406767169404,0.98709974103692022,-11.734080348507163,-9.6141597591171575,-3.1062429366074711,0.2294581874225228,0.2363344560916654,0.9738562091503268,True,5
-0.99733251689677216,-0.072857193781855525,-0.0044362207546941625,0.070712010864822025,-0.94931978685847995,-0.30625439392509157,0.018101443583441679,-0.30575115959421145,0.95193937104575732,2.2720260902395988,-16.944835419120608,-5.0336585166008065,,0.264821122717949,0.1951219512195122,False,5
-0.20629538291655958,0.97798293307689532,0.031489642703978526,-0.96737257353717798,-0.1990085373234978,-0.15679893507425505,-0.14707997469189518,-0.062809113054366095,0.98712840925684864,11.134697107864694,4.6701451978890365,-1.5535094418771007,0.2269457176293723,0.2237193103292073,0.949685534591195,True,5
0.70266969122699652,0.71071487100481712,0.03375910489874219,-0.70395292898974871,0.70131713974810217,-0.11226995707799925,-0.1034677669504486,0.055123875300524115,0.99310411315941138,-15.502821234809039,-7.7611223462054264,-2.770652064673218,0.1512808007791541,0.2112989461772152,0.9555555555555556,True,5
0.88216929870399274,0.47090535946893464,0.0050468651200495703,-0.46641264037230751,0.87513372054911098,-0.12884184125820503,-0.065088995421952928,0.11130639506023662,0.9916523126044009,12.24047944564485,-19.92171880303324,-6.0724956411196835,0.3253659967475742,0.3005696818695999,0.8679245283018868,True,1
0.59187344359245997,0.80537191996643509,0.032586765712203772,-0.79811331668310381,0.59123306287660027,-0.116011202453257,-0.11269853815866276,0.042656018228769035,0.99271320309834099,8.7794346366455134,20.861110068621336,1.1423748319336531,,0.1754408846271168,0.4642857142857143,False,3
0.76583363353693479,-0.60378358279291688,-0.22123343077700813,0.6362416924519565,0.76137217058686957,0.12453484107553911,0.093248884869935003,-0.23613090226734115,0.96723670446531629,-1.9044480278887179,13.795854748449178,0.29880766544216608,,0.363361095335564,0.4,False,4
-0.065322205022382923,0.99745453012640306,0.028591429858119639,-0.98635695940807511,-0.060203561910495099,-0.15321710009182316,-0.15110578466184654,-0.038209834645117152,0.9877788468974833,13.603011825878507,2.0122772685630954,-2.0606044073199286,0.2195298774160804,0.1998378994681364,0.9915966386554622,True,5
-0.97857100602361557,-0.20258221725353268,-0.036867755865695781,0.20442674872941763,-0.93437441862563897,-0.29181184044161057,0.024667601704454079,-0.29309536173512363,0.95576493886075808,-16.019839098395444,10.021840359441699,0.20199555020300211,,0.2118269620544852,0.3823529411764706,False,4
-0.0015860789296264987,0.99974627236855018,0.022469428982900788,-0.9882765061918326,0.0018632448364266567,-0.15266327530858248,-0.15266640646485891,-0.022448144775641408,0.98802279788132341,15.780994853788902,-16.176300323561399,-5.3500053338506044,0.3017051958143777,0.2918079798482858,1.0,True,5
-0.28625797762862509,0.95732245057349286,0.039876006218429155,-0.94687259129936774,-0.2762756947309517,-0.16463303540587357,-0.14659012957901124,-0.084885017104860877,0.98554851112520947,8.2528917617342437,-6.0661624690864508,-3.2061965640929189,0.2848245630878393,0.2445800781237347,0.9924242424242424,True,5
-0.88792501254091416,0.45971568573829985,0.01583225790538079,-0.45258488608868908,-0.86696623593997435,-0.20865393987212749,-0.082195456007654197,-0.19243449281830338,0.97786137718260269,6.9094780326451986,-19.2359222172391,-5.5842667236837071,0.3278340134712837,0.2742199615674891,0.9333333333333333,True,5
-0.81680701874639638,0.57681799233096698,0.010358467545823806,-0.56891139563551052,-0.80237142633420899,-0.18038824273899945,-0.095739845637441492,-0.15323543299668313,0.98354094171602191,-11.85204404570837,-15.328020188671045,-4.0819896870054979,0.2958065601401184,0.2518587667421662,0.9605263157894737,True,5
0.8060201238674255,-0.56969872257316267,-0.16054571130755263,0.58454702757971544,0.80876859878735841,0.064792948406860007,0.092931870036391973,-0.1460709386361338,0.98489946107077331,7.9657262357544623,4.6652722451598585,-1.4409630306457724,,0.6409564872754671,0.5581395348837209,False,5
-0.043217883004315706,0.99801173541567478,0.045877996482173972,-0.98710393438695421,-0.035570689986400041,-0.15607866199992565,-0.15413642433383778,-0.0520317401831277,0.98667860051137957,-21.717879150259819,7.32942803681917,-0.15221402755978683,,0.1502661709809857,0.7647058823529411,False,2
0.17376692754375545,0.98473610102292386,0.0099933094705432404,-0.97395509417012993,0.17334774452525889,-0.14615756568874583,-0.14565894902839896,0.015664316460553763,0.98921084696730188,20.790950462460884,-0.32617748837854921,-2.6146400034796984,0.2004135267362743,0.1944811987407951,0.8269230769230769,True,5
0.29151509684320964,0.95579737650651486,0.03834479594101449,-0.94590211620266762,0.29400243774714119,-0.13722883502403635,-0.14243642397859416,0.0037338535057477376,0.98979691021046756,-12.905868838283446,-5.4851170211092821,-2.411436499023687,0.2645136817797128,0.2315612162045919,0.9259259259259259,True,5
-0.60395357025287599,0.79677032829273697,0.01992809401549453,-0.78739818963670671,-0.59260305260787505,-0.16978136822592466,-0.12346730715312113,-0.1182314086531758,0.98528024341922349,-19.453085193402984,9.6690217441073543,0.17009113399081799,0.4914642109952704,0.2528991194327051,0.4838709677419355,True,5
0.017939223358407797,0.99879622858965844,0.045653893813933116,-0.98844451367855901,0.024590221861653015,-0.14957527993473091,-0.15051786486678448,-0.042443076512800146,0.98769578191469176,-6.4270542992614752,1.4180385845116286,-1.4127326902995347,0.2985228008212216,0.2702657663027365,0.985655737704918,True,5
0.18949786328628615,0.98139104174095926,0.031019074785123182,-0.97088358919475326,0.19199689291044153,-0.14325588764532071,-0.14654561079146752,-0.0029692260489123101,0.98919945797317577,4.7078416850707727,3.2503873628625826,-1.5379371204458363,0.272765453755987,0.2466615873504811,0.9570707070707071,True,5
-0.066440328111805377,0.97044871678565214,0.23198053989392597,-0.98833027018394226,-0.03206783201661749,-0.14891249506972334,-0.13707282676932006,-0.23916718470316062,0.96125443974144165,-12.851608391611375,0.32564417503346521,-1.3481823094747474,0.8034048166540987,0.5024654334508016,0.4358974358974359,True,8
0.40860457280892343,0.91229346600944783,0.027621277235208817,-0.90282475478159874,0.40843560666096695,-0.13449095644329589,-0.13397673392489345,0.030016446957544532,0.99052978131849312,-15.209111566725962,-20.363679979058652,-4.9379233688924469,,0.3735823746224655,0.9777777777777777,True,4
-0.29124658611289289,0.956577709183562,0.01159794683188552,-0.94549329006453098,-0.28598344955000493,-0.15574307376711763,-0.14566353188267561,-0.056325419453474398,0.98772950882458499,-9.0483129053092046,-5.5717743154692325,-2.4800476345662648,0.276055141260396,0.2477476482549522,1.0,True,5
-0.82637195160916743,0.5613695357610784,0.044425689786957628,-0.55777699500411393,-0.8051266532885184,-0.20163307270537495,-0.077422357480489035,-0.19140354355084807,0.97845309651425894,21.664522696696757,2.7476242972658094,-2.1332086065765448,,0.1296357822502312,0.1666666666666667,False,2
-0.77302567948427481,0.63408101212749324,0.01930204438001671,-0.62618569278182179,-0.75782037473153374,-0.18330236713448883,-0.10160106797285312,-0.15378410093742054,0.98286706796272505,12.751031217409222,19.173955455748821,0.76884667652728644,,0.251189538407316,0.8947368421052632,False,5
-0.75687312371716209,0.65342684752933855,0.013282677534933368,-0.64521786046192875,-0.74381867011559633,-0.17443537063450648,-0.10410085079170886,-0.14059566463919521,0.98457903286079895,23.116280168754137,-8.9746009652198833,-4.3110063463187291,,0.2291397379761518,1.0,True,4
-0.67389815232513317,0.71760271767973605,0.17580563094346341,-0.73225944095708972,-0.61707510355332318,-0.28812224437531186,-0.098272027668013878,-0.32290038116006209,0.94131713700787611,-1.3427450597868662,13.986966705546303,0.31140177501497945,,0.2673670052115742,0.3170731707317073,False,2
-0.74836254088327148,0.66292637755203154,0.021957352947839896,-0.65492337286267288,-0.73327663459065007,-0.18270400335403514,-0.10501848923363355,-0.1511092158313069,0.98292274457860285,-1.2681262578741059,-8.136962472319766,-3.2289353098287781,0.2749925034446141,0.2387096069684807,0.9838187702265372,True,5
-0.73168555498062471,-0.68130597742863963,-0.02141059907383569,0.67452794527098403,-0.71916533531044602,-0.16677311394921376,0.09822575874585443,-0.13646752583607269,0.9857628085452308,-5.1891136273682683,-6.5453616068058125,-2.80609403662777,0.217705290537265,0.2117987340345778,0.9884259259259259,True,5
0.065002811700010973,0.99751929805150885,0.027016374403643212,-0.98633702032332848,0.068333927409107542,-0.14989915511618085,-0.1513734349573628,-0.016903383675221047,0.98833210957123985,16.450903766202558,-2.5252465980894101,-2.9000509011235951,,0.2948112611173347,0.9292929292929293,True,5
-0.24251881221556487,0.90177896074088404,0.35774199038782611,-0.96016033919693544,-0.17033462915430034,-0.22153608542197789,-0.13884073161280325,-0.39721633913518573,0.90716174476730638,-11.618439897562192,12.863743755902668,0.53448747432419985,,0.4292822527754424,0.34375,False,3
-0.40224172300859823,0.91542554918945584,0.01405916648514806,-0.90474309142550524,-0.39510335126740548,-0.15916431866183342,-0.14014826002806605,-0.076742463528664207,0.98715199412383159,14.951833170913444,4.9855639439653086,-1.6419779107044885,0.2996142119757169,0.2572204573540982,0.9279279279279279,True,5
-0.99069942557050117,0.13591203274803443,0.0065243795550307473,-0.13460907236530054,-0.97194186695165685,-0.19289739475556159,-0.019875759387610596,-0.19198157885804273,0.98119724192842106,-14.431095614724105,13.452448072571187,0.7160180274850747,,0.1045634100930773,0.3846153846153846,False,5
0.91382257441676695,0.40408941829782286,0.040497462958051039,-0.39935473425401879,0.91225221099777354,-0.091168523946453944,-0.073784135931876216,0.067139001700950787,0.99501168623056158,-20.230070374639425,8.8267604548062764,0.049527827362691949,,0.2133548324587437,0.1,False,5
-0.10287090064999199,-0.99259684806912274,-0.064568374632660491,0.98419974997478565,-0.092166206720714558,-0.15118281148426102,0.14411255999749145,-0.079100490149926553,0.98639479039024336,26.941654747356843,-7.8311061765518453,-4.2469619564876453,,0.2423840806821329,0.8125,False,5
0.67284495327592364,0.73844149159901606,0.044540232780499081,-0.73080787946084591,0.67282588844472424,-0.11500072676513803,-0.11488912989949356,0.044827305557977537,0.99236636405480272,27.239141694609369,-1.2187148417238498,-2.9711147747953546,0.4510078314263033,0.2954541334879222,0.6071428571428571,True,3
0.31018834806241657,0.95042560059639658,0.021779955401482032,-0.94000764356653177,0.31004965602721951,-0.14231950264774637,-0.14201696646108228,0.023672526869437844,0.98958111982232677,-6.3066828207130765,15.751431691612787,0.77893500803597426,,0.2120665580878718,0.8367346938775511,False,5
0.065298130715151781,0.99771380789997732,0.01741584482110187,-0.98603619961951294,0.067193648223807037,-0.15237331353712283,-0.15319519302188966,-0.0072229608957146193,0.98816955107455307,-0.41386301367613393,-22.653194482051767,-5.8635872366191739,0.2931538209932921,0.2678008142778288,1.0,True,3
0.97912738267690991,0.19803746010827949,-0.045724532650728095,-0.19647057143190219,0.97982702600203198,0.036582969770600687,0.052046931259083364,-0.026835862383691459,0.99828400439786535,-1.7747462006160573,17.833329489288548,0.96097958781865311,,0.298575778701881,0.8775510204081632,False,5
0.98824232936356093,0.15255347032913522,0.010224340791516073,-0.15077182521689847,0.98344055901717409,-0.10056104415107084,-0.025395967688757917,0.09783713799230967,0.99487835399843005,-16.505749407187146,10.714373315955813,0.27654743945859139,0.1704140576883462,0.1677456905698173,0.2325581395348837,True,5
0.14699553438727814,0.98815313578222197,0.044110011493565165,-0.97795462963090396,0.15187573535630686,-0.14331260723839004,-0.14831404267190126,-0.022071276667763165,0.98869398880167914,19.261133868522812,4.5821623921389794,-1.7885148752956468,0.1754952839982208,0.1874494278219294,0.9591836734693877,True,5
-0.85877088327553852,0.51206440820425825,0.017395743403914438,-0.50528582856978832,-0.84080342936797259,-0.19425710954711703,-0.084845751129297653,-0.17561217216776503,0.98079639248002204,1.1804659697159261,-15.766851213702889,-4.7919927614904898,0.2683489256285553,0.2329852782185438,1.0,True,4
0.15773388096508667,0.98691586747631965,0.033422945997547471,-0.9755242597260616,0.16098589051320678,-0.14978638703697075,-0.15320718482372578,-0.0089785065090416949,0.9881533003230093,2.8219117450898659,-18.328625037701464,-5.2773037591619989,0.2732895066829327,0.2471370169423864,0.9523809523809523,True,5
-0.38509520603296832,0.92146583932026305,0.05101361834087273,-0.91193935915895374,-0.37146440067010672,-0.17430090146512428,-0.14166258329983342,-0.1136437679795991,0.98337012690655612,0.53745885721945086,2.5643661447667561,-1.5781734200871211,,0.2780096509431327,0.8594771241830066,False,5
-0.98909769555322335,0.14725473665447969,0.0013383512709137443,-0.14440658573763904,-0.9681061148142619,-0.20473712036373595,-0.028852844693417399,-0.2026982806835243,0.97881608096773842,-5.7402157257104935,24.558830164279339,2.2570508977921948,,0.09903110193612832,0.3,False,1
-0.042989921192673933,0.99881363439097137,0.022873356346376182,-0.98759167731348363,-0.039023337198019106,-0.15211790839697856,-0.1510448462443838,-0.029129073253887153,0.98809764270257305,7.1675651262688946,-0.97591526969552966,-2.2858576946847604,0.2922321980899959,0.2655382929124863,0.9944903581267218,True,5
-0.10977559360111654,0.99366830625387381,0.023929400244921503,-0.982345615341778,-0.10479275969310785,-0.1549695761583138,-0.15148072837264598,-0.040518818621249439,0.9876293911529932,14.630628983613216,-11.847001022326657,-4.5577460835854593,0.2785893723371699,0.2367600701262534,0.9523809523809523,True,4
-0.14193933189717256,-0.98919545148304999,-0.036682214025740095,0.97916363195785805,-0.13487002684580066,-0.15181784384488742,0.14523018939491159,-0.057466813239111708,0.98772757249378229,-19.657528902176583,15.929357584990262,1.2156471976367211,0.206984280466959,0.2506388951217944,0.8518518518518519,True,5
-0.022763253518991753,-0.99855274209641687,-0.048726333136791207,0.98815019546076632,-0.015072467589840587,-0.15274819780149071,0.15179270568798831,-0.051625981564331055,0.98706318568136231,23.891809969469069,-3.9577028081311725,-3.4484316059528424,0.2040090008682363,0.2680288972990307,0.7105263157894737,True,3
-0.083807584972116933,0.99487284234665629,0.05660668036748194,-0.98593379799190894,-0.07454299472975183,-0.1495924059368319,-0.1446057906115488,-0.068347417638159949,0.98712602833873442,-2.5047798568809703,16.760021772201871,0.76229754551398143,,0.2734899301566275,0.7407407407407407,False,5
-0.7345246067475566,-0.66917917016397155,-0.11257371052339887,0.66944043401893194,-0.68744949810963241,-0.2815363082257053,0.11100949230985606,-0.28215673971655075,0.9529241663687803,-12.866982183177214,-9.157719451933783,-3.0341913438804862,,0.4207700607922054,0.2290076335877863,False,5
0.84996306142852285,-0.51622249188682667,-0.10524795996695965,0.52372691078747402,0.84959822324120571,0.062393765573129673,0.057209414645327014,-0.10815358494077039,0.9924867177652289,-14.29368724824584,9.3489150876583071,0.076563952809043129,,0.3835543349814339,0.125,False,2
0.99521297557868948,-0.096430138123873965,-0.0158858962989449,0.094558397719665066,0.99118416433995071,-0.092804427601289166,0.024694992619960193,0.090858025639587114,0.99555762089211897,-21.542675088227224,10.042037506382027,0.25833226471588067,0.2120258320060468,0.2344610718178131,0.25,True,4
0.99875514938294174,-0.043734256036542206,-0.023988881382621913,0.041713578045083834,0.99599394575680411,-0.07909511629974636,0.027351946690062717,0.077995992619646015,0.9965783943812655,-10.349550835685902,23.894264425843563,2.291694610781688,,0.2128463563671713,0.8478260869565217,False,3
-0.96403573563385858,0.26460524783652239,0.024882990942766432,-0.26166040070960939,-0.92854431998121989,-0.26332352825203659,-0.046571827550267716,-0.26036418464909294,0.96438662176050605,-16.302462792978918,-11.885431203629357,-3.4133232599999053,,0.1477876851755614,0.2142857142857143,False,1
0.97717186097181952,-0.21171985185826914,-0.017602796765945103,0.20891183104598193,0.97265161944364686,-0.10151194039454642,0.038613481763312696,0.09551717920229548,0.99467857496949785,-22.817129964602458,20.726276870764121,2.0459038946782724,,0.1791663267728711,0.3076923076923077,False,1
0.99372733130360735,-0.10914640200892252,-0.024352699002761328,0.11162113690537674,0.98137509428888658,0.1563446388765285,0.0068346774732663748,-0.15808221670380129,0.98740229893688736,-12.41492449660754,-7.6348158763153524,-2.7843023377294704,,0.3938881031584766,0.3108108108108108,False,3
0.53959113051951568,0.84190476753547994,0.0061460772612365495,-0.83270387588799122,0.53474326824109852,-0.14371462052256914,-0.12428059762403915,0.072429272203017522,0.989600087703287,2.4948860571348161,-1.4268272398470443,-2.2540204441117755,,0.2411106658646015,0.9820742637644047,False,3
-0.17590469905601283,0.97688844632232508,0.12143516909020752,-0.97296170012298544,-0.15377521432866342,-0.17233314699141192,-0.14967654106039313,-0.14846597893163038,0.97752482636302851,-13.98480693586521,-10.678563257297775,-3.2484778875766596,,0.1775855712912722,0.1304347826086956,False,1
-0.99484574270108694,-0.10097113294749878,-0.0093155000307360847,0.097641523207134234,-0.92914011961002385,-0.35660169808466008,0.027351072653824741,-0.35567326079193923,0.93421006758775393,-18.189988479892097,-4.0785301035119526,-1.9930506019340215,,0.1675475602669786,0.1724137931034483,False,2
-0.16370065606143766,-0.97041523136258001,-0.17747217794506859,0.98134033391171804,-0.14179284333948294,-0.12986892860012159,0.10086250166981539,-0.19542023517848925,0.97551918865786091,-5.5885966329591747,-24.245130355948803,-5.9143925594124553,,0.2255365351125561,0.3235294117647059,False,2
0.90991983869545323,0.38833094230812737,0.14575653122424284,-0.41092748996205247,0.89177640314552131,0.18940286372260945,-0.056431242604864373,-0.2322367887284871,0.97102090029986077,-0.73333517592702768,14.550724314539078,0.39654852006452906,,0.2746320672018784,0.6666666666666666,False,1
-0.76094513823434151,0.64864036047677742,0.015105606842372088,-0.63996698473678149,-0.74653100809201589,-0.18202668047303439,-0.10679304773454243,-0.14817940719842354,0.98317755682170294,1.849381885936773,17.684299558339685,0.8318404676391028,0.2800239805283304,0.1953293576239701,0.45,True,3
-0.083236422565884677,0.99595654453157667,0.033797327751689449,-0.98480789046156514,-0.07702343624440379,-0.15563036064260244,-0.15239788989049596,-0.046237989508908062,0.98723701889824733,19.820545555037619,-8.4470507719736538,-4.1293327822768155,,0.2442798975210641,0.8793103448275862,False,2
0.23926191590767351,0.96674859383640543,0.090282290132248547,-0.95984572134512136,0.24952512969108165,-0.1281928268980532,-0.14645793529766379,-0.055985408527428622,0.98763136200728419,-22.879425218520467,16.572208348998082,1.3472621352577849,,0.09818209751117776,0.1666666666666667,False,2
-0.63595311178978819,0.77090220383326602,0.035685175211834633,-0.76223158172650329,-0.62022412742107669,-0.18527020155296869,-0.12069240002418853,-0.14502352874543578,0.98203947002481695,0.80173178980979876,-26.509793151372175,-6.7365749622284961,0.4199109021579257,0.3214683519917308,0.9384615384615385,True,1
-0.71101358872971421,-0.69780900263082535,-0.086731035327989259,0.69584655865913858,-0.68046295194885364,-0.22971229359197412,0.10127805015859095,-0.2236800547040888,0.96938639854479525,14.094503577662275,-21.098135685583216,-6.4164578029609434,,0.1880272878911547,0.3809523809523809,False,1
0.84620880331846726,0.53225539220061258,0.025196401721281566,-0.52759330114589087,0.84354777031637795,-0.10036168482169661,-0.074672416408669215,0.071633488450864091,0.99463192868520511,-5.2814839424707145,20.903469164252638,1.5651251813481943,,0.1141650438351224,0.4117647058823529,False,1
