axis_00,axis_01,axis_02,axis_10,axis_11,axis_12,axis_20,axis_21,axis_22,location_x,location_y,location_z,dbh,dbh_approximation,score,reconstructed,number_clusters
0.71449856171806736,0.69940499398562428,-0.018012764662386903,-0.69635171428216547,0.70841580407291616,-0.1150710152732379,-0.067720715583217614,0.094761294459780571,0.99319393964784342,-11.286271268052767,-2.8234195065329284,-3.066926214147137,0.1620520644566083,0.1848633589191016,0.8896551724137931,True,5
0.96370800856604122,0.265119099042118,-0.031284781424380854,-0.26676081136493301,0.96086852114932864,-0.074634808127478774,0.010273448573786276,0.080271715986383607,0.9967200749794316,12.826669419177401,15.514873995786788,-0.64883667101974762,0.2040099575769467,0.2363530463043075,0.9285714285714286,True,5
0.98194117281164051,0.18415418011332418,-0.043344793044703324,-0.18801672993522225,0.97535043720227066,-0.11550425928858109,0.021005770677707893,0.12156793407855336,0.99236081895755368,-6.581986428080465,-7.4866453916821847,-3.5266721802151642,0.2071138469454993,0.2165801407348811,0.9919354838709677,True,5
0.99698206152858326,-0.037782620152814209,-0.067817716008465104,0.033983482117541354,0.99783394127199276,-0.056325381390348886,0.069798939342825383,0.053850712715707585,0.99610652482885953,-6.3022672904374444,-13.231723336970706,-4.2662387710030556,,0.3294411286949294,0.4827586206896552,False,7
0.97344040596837844,-0.2211949482207359,-0.059047192225738357,0.21396027105667992,0.97072925608790472,-0.10911330709117684,0.081454149295596689,0.093581548697632744,0.99227401220926958,-6.7761276028641433,3.3739278301639652,-2.1742684601094187,0.2237617523465794,0.2037553868183422,0.8792270531400966,True,5
0.80849243192822817,0.58800616279506757,-0.024263965665154437,-0.587151372554642,0.80314835350494906,-0.10102468990048298,-0.03991557618247521,0.095924317966350758,0.994587991080081,8.4821810936975641,-18.600952791208016,-4.5853258683500817,,0.2888921945263456,0.4390243902439024,True,5
-0.62271481415046626,-0.77208845025168327,-0.12690817635402246,0.78048304350176068,-0.60143556011828458,-0.17065018555932807,0.055429947174592265,-0.20531607831136525,0.97712477654753105,3.1437817922748197,12.428068719405466,-1.1190731861354328,,0.1678433640494622,0.1290322580645161,False,4
0.88858987006220458,-0.4550258225350971,-0.057961570450528438,0.44451143967784296,0.88538450228151644,-0.13602890544013613,0.11321494079124314,0.095109326282801443,0.98900788330309364,-9.5409741211689223,-1.0011211657979362,-2.726236622149353,0.1423968021157422,0.1216000230267023,0.8085106382978723,True,5
0.78963068831705163,0.61329562596678311,-0.018757698098429355,-0.61154896889940513,0.78415916450700052,-0.10536727840158533,-0.049912270094777625,0.094672487501359023,0.99425644851028816,5.1201873604916512,13.19574718137733,-1.0651566339046927,0.345330706035611,0.295139464548571,0.9550561797752809,True,5
0.37931272085047585,0.92269241359906917,0.068996881724700976,-0.91679451083107733,0.38486150662291019,-0.10662760257057269,-0.12493872382497528,-0.022810756380859817,0.9919022052008547,8.4170644610197662,-8.7509102779153025,-3.3387172988448288,,0.1880000675703722,0.2142857142857143,False,2
0.22329614942806769,0.97474519921149094,-0.0032597952005059203,-0.96493217809661214,0.22057222715295827,-0.14231579069980843,-0.13800261346918752,0.034924049349051078,0.98981593715838867,-9.445225713578516,21.422140564168402,-0.42796609226987326,0.285485328710132,0.2291423712426247,0.5769230769230769,True,2
0.77681085967849084,0.62916898277294031,-0.026669821934705053,-0.62746135108678558,0.76971822961393943,-0.11758443728797444,-0.053452232674703254,0.10807515031887698,0.99270469964921748,-5.4579824592571606,-7.8282900668746223,-3.588192877321736,0.1864366197475429,0.1590070583318613,0.9411764705882353,True,5
0.99700221532746736,0.059182116060177821,-0.049840342803420631,-0.064823993541646446,0.99059907218262866,-0.12046297378127513,0.042242543643055047,0.12333270178486831,0.99146589057668011,14.029765743528724,-7.3196031909450561,-3.1790704937376648,0.3357237126146515,0.2727346436651915,0.9609375,True,5
-0.99830979894201377,0.044621294386474969,-0.037235539792378668,-0.021513581265084205,-0.8789270776023792,-0.47647073160739872,-0.053988064954255371,-0.47486433046146431,0.87840147796886048,4.2045761833548543,4.2515700414266808,-1.9571454805517583,,0.2432083198621247,0.3,False,1
0.96712803537692749,-0.24672517423306775,-0.061563394867640252,0.23928076607597215,0.96491599362596669,-0.10808256210374964,0.086070193296300765,0.089798739659737503,0.99223389791997241,-13.905246610424339,5.8201322015593711,-2.0792932255164112,0.1818194443832755,0.1888307149962923,0.75,True,5
-0.9558626651364297,-0.28639494673807459,-0.065608687543478428,0.29379317239404107,-0.9343091158063106,-0.20187136492300181,-0.0034838560428942858,-0.21223668534003715,0.97721208145568217,-11.817897876251752,4.7416874856517541,-2.1102141450416387,0.1201169403205616,0.1204126745889305,0.4117647058823529,True,5
0.91485507819975842,0.40352464461994453,-0.014423837092210377,-0.40294077826847779,0.91006052802140636,-0.097100795804119205,-0.026055999318939267,0.09464510828218918,0.99517002988320813,-16.439297730755754,-4.650317801140277,-3.4443825520652083,0.1438103465894823,0.1623792390166757,0.64,True,4
0.57329661602342874,0.81884382240606379,0.028736467484899254,-0.81429361695487046,0.57329920804715784,-0.090851105876894628,-0.090867460857220111,0.028684709514425297,0.99544979381053322,8.6835929112454551,11.661707128753953,-1.0616665614993246,0.2438119944231192,0.2211564007965077,0.4,True,5
0.92689691097649263,-0.34965762166282083,-0.13638791748294996,0.35649978603784699,0.93385574444958441,0.028659223881357998,0.11734572415391079,-0.075186409487433617,0.99024087213727063,5.4657781447741618,7.3369616304869512,-1.6746283555000714,,0.4877449143738994,0.2121212121212121,False,6
0.4305876314355111,0.90254787455130914,0.0012750677122733284,-0.89559778227674613,0.42744602383548369,-0.12326600946006526,-0.11179849746633576,0.051934871234552128,0.99237284581659135,-17.066344242790088,-3.4044701502611385,-3.3283695088151211,0.1742749598228083,0.1364498454608034,0.1666666666666667,True,5
0.84190802937393394,0.5381309796958712,-0.040073916295537554,-0.53832597063925902,0.83242631238781317,-0.131421397723989,-0.03736334314537873,0.13221755986248326,0.99051627823726951,16.482034552780974,-0.99770579114266367,-2.5932202403017679,0.279853075235182,0.238125089567188,1.0,True,4
0.90218070267145944,0.43040514196194607,-0.02865996336267887,-0.4309947503388814,0.89670129191088221,-0.10084799584365219,-0.017706069794232157,0.10333540950745375,0.99448895832702433,-7.2785926800042562,11.059772866369137,-1.34858119058978,0.191526847822213,0.1772403276779053,0.9491525423728814,True,5
-0.92460000402987741,-0.35862169050133108,-0.12847301525969917,0.37695161600048405,-0.81264849823537133,-0.44442085629549338,0.05497555586417454,-0.45933963623637314,0.88655783051060011,8.3191407181573602,-6.3943492580354473,-3.0999423991955095,,0.4635525250560821,0.3591549295774648,False,5
-0.90485559962729667,-0.41157624694052214,-0.10881790651120124,0.42538906237586316,-0.8640633719945493,-0.2691442638965087,0.016747818786638335,-0.28982664151482684,0.95693261436431687,15.941739836267491,1.3186177352125417,-2.3092394983496938,,0.3744836337704259,0.3972602739726027,False,1
0.96748043638853232,0.24972997669962843,-0.040206267459903113,-0.25272543113243712,0.96098220952709923,-0.11244131549985113,0.010557540640601808,0.11894591926592678,0.99284460346300163,-7.6972703517878811,-3.4883853258927124,-3.0154063196676177,0.2448999894099722,0.161068384436075,0.819672131147541,True,5
0.8175980950935956,0.57559113823136843,-0.015106173865026339,-0.57417811902573845,0.81306828521580887,-0.096122064107504873,-0.043044657408178505,0.087262851006257136,0.99525491825103329,-14.656038007595811,-3.9455446124139737,-3.3004452999132217,,0.1224106717239534,0.5111111111111111,False,3
0.7350157084869916,0.67737356771535917,-0.030281314996747979,-0.67504157112806185,0.72682202109908423,-0.12668317526175601,-0.063802707829091421,0.11355527026962978,0.99148092017328704,-14.811942261227449,-2.3072489864205346,-3.1240979628035674,0.1471727664435148,0.1591431671023978,0.9242424242424242,True,5
-0.56713964675302475,0.82325399131659216,-0.024606642642876972,-0.81231079274742568,-0.56403570638703671,-0.14837418207533437,-0.13602866266674232,-0.064160639817386136,0.98862511359530048,-10.372484280077794,17.950430696787695,-0.70507460704113534,0.1550517925570965,0.1837626058638252,0.4285714285714285,True,4
0.41854312847689856,0.90759419740210623,-0.033082056266178952,-0.90135707293269673,0.41065318289818853,-0.13754777515390759,-0.11125231089273271,0.087388421530631283,0.9899425170702657,-6.7100121534587736,8.0571756597078572,-1.6278240943205069,0.2358323279429723,0.195992202397835,0.9345794392523364,True,5
0.61482671587112869,0.78819749617963819,-0.027070583061180587,-0.78411159835314737,0.60723691706293836,-0.1281886417900242,-0.084599709096398107,0.10004015979619506,0.99138027802087991,10.933160346773763,-0.67409008713129337,-2.4157055012397946,0.2969304295735321,0.2566661443909004,0.9911111111111112,True,5
0.83119867923215396,0.55486936113301544,-0.035053497950443685,-0.55460126295233247,0.82306432170160249,-0.12240327394950667,-0.039066542903101797,0.1211821538747346,0.99186122557940526,-16.312999257626789,-0.0092432950035385986,-2.8638975408716947,0.1771796614449684,0.1842249501275476,0.95,True,5
0.90723906383971231,0.41992188452892665,-0.024143155073813219,-0.42002225324835474,0.90141894638876086,-0.10500090412730684,-0.022329080129242639,0.10540158435740868,0.9941790171772541,-14.923630575243171,0.41612918149086209,-2.7860002348800768,0.1000728829900664,0.1412854884143835,0.9347826086956522,True,5
0.69328329940300715,0.72065574942916766,-0.0036820624067461644,-0.71704728826020758,0.68928257759931533,-0.10359881571103247,-0.07212110070960473,0.074463541634350802,0.99461235051637398,-10.946739529833225,-4.5955777085025336,-3.2888290739537207,0.1534562861851743,0.1782656511491971,0.8472222222222222,True,5
0.56330319022011244,0.82618890641929432,-0.010070094216791128,-0.82105096474796091,0.55835182527575944,-0.1188215152978231,-0.09254636229634769,0.075200599205850857,0.99286456312268223,27.828921784145294,-5.2917100472840302,-2.7400257108944421,,0.2013587226330956,0.8214285714285714,False,1
-0.99816551433123402,-0.011528036799766278,-0.059436607973580212,0.021695314952220542,-0.98461691112964556,-0.1733748875317237,-0.05652361726734919,-0.17434632971490144,0.98306074990610592,-5.2225556016885051,-13.911854884985328,-4.3463381235420195,0.1976854823748043,0.1528226494275284,0.9420289855072463,True,6
-0.45028916965215232,-0.88923469087710605,-0.080630814423972852,0.88618784105123805,-0.4340490851436079,-0.16208794544611535,0.10913649282857217,-0.14444049372213816,0.98347657303383917,7.3146393265759713,3.3239580253247083,-2.0715131963614954,,0.1419840973647082,0.52,False,5
0.62264931198943796,0.78204040853503509,-0.026844621387431846,-0.7782325481219361,0.61530992174620192,-0.12549024362204589,-0.081620679504138788,0.09902777195836357,0.99173159930408805,-7.7445938839321844,8.9044657564871521,-1.5455536075344891,0.1905340485486537,0.1919717434549618,0.9803921568627451,True,5
0.11836213546499265,0.99216245458475427,-0.040050825216513125,-0.98313237407543885,0.11143037445654153,-0.14503105423759199,-0.13943148831221425,0.056541448167091522,0.98861616652076378,7.3383489541318241,-0.005085443118846289,-2.5014450728713538,0.2948018372960708,0.2549515111470005,0.9978947368421053,True,5
0.25226829976454018,0.96758857497325479,0.011534925883310614,-0.9589205073380237,0.25157108672588474,-0.13108565493654764,-0.129738835899257,0.022007678314233378,0.99130393752608592,10.69720485111328,-12.831955837747223,-3.7938876307282183,0.2820660998044869,0.2235804958192162,0.7432432432432432,True,5
-0.97985582485806333,-0.19273951778329362,-0.052288055771733358,0.19878586375126603,-0.96642320457602882,-0.16282005413849507,-0.019150531699865341,-0.16993430478176796,0.98526929780337202,-16.512867075513086,1.6148179419082751,-2.6995807524097235,0.1747719696227474,0.1447197837546665,0.5263157894736842,True,5
-0.23998266454508635,0.97017328916727053,0.034236087746705279,-0.95984390409532383,-0.23185429355191364,-0.15793437349921444,-0.14528592667181148,-0.070762811899348035,0.98685592867612149,-13.580445694086661,15.319640325168875,-1.0434046421261591,,0.1722597064603456,0.3043478260869565,False,4
0.25607018038125007,0.96531064041745052,0.051023820087923603,-0.96002457730732715,0.26013155605747207,-0.10336529644423589,-0.1130525262229931,-0.022515351206877095,0.993333874019521,7.6305010342574207,-5.3851686471516134,-3.0201310645259731,,0.3038153544766717,0.5654761904761905,False,9
0.96763116245446368,-0.24522050348982358,-0.059639233020064589,0.23784944738263664,0.96513112543757251,-0.10931400226585609,0.084365714759009502,0.091590476468913523,0.99221651407008904,7.778083075555827,5.9320018531720846,-1.733711808760692,,0.1988267821336669,0.36,False,1
0.94938456597326859,-0.30904435484774967,-0.05621861460839879,0.30015039469366434,0.94529989083117649,-0.12774136745707831,0.092621198745141395,0.1044016433362282,0.99021291165673497,-9.9126038581940783,8.6370188040812224,-1.6095965478349537,0.1490294353536846,0.1589284817126387,0.8787878787878788,True,5
0.97609816597648236,0.21336326720624652,-0.041333843088007222,-0.21687008664718774,0.96862139912596368,-0.12140819854071612,0.014132795016886773,0.12747039406205904,0.99174168145877284,6.2537381875752764,-5.9429470775859121,-3.1509580742131096,0.3545875538900955,0.2134750634797938,1.0,True,8
-0.063867455826591063,0.9977349675208379,-0.021115934088542107,-0.98659836488932184,-0.066309814319991639,-0.14908613256290759,-0.1501486412990643,0.011311194059047545,0.98859872668591064,-11.990639035784589,12.295226590550813,-1.2434793311130659,0.1536251249521029,0.1085610599298865,0.4230769230769231,True,5
0.83814749374054731,0.54463221080552604,-0.029741111101031045,-0.54409021180499995,0.83098513530765206,-0.11588591940228346,-0.038400783252806464,0.11331134034511897,0.99281716342676263,-13.040254807310514,6.1994244291420939,-1.9892050902896843,0.1984664278560375,0.2279465174023586,0.956989247311828,True,5
0.96705927449400586,0.25177667176712759,-0.037481557718334994,-0.25429798968672096,0.96213366835012526,-0.098139373690794257,0.011353063745840022,0.10443807629881517,0.99446658876132366,-12.922179223574872,-4.2874817210967286,-3.2693890639444385,0.1186111999567985,0.1143029243580794,0.82,True,5
-0.27890567643031605,-0.95028478157933416,-0.13845742144668038,0.95175813202415682,-0.25432325867624278,-0.17168616199968734,0.12793780434583749,-0.17966222194722173,0.97537346909999145,4.381607623385892,18.764673215122002,-0.53185918115388153,0.2866569155205566,0.1357397402700342,0.5,True,2
-0.64593624201908639,0.76335913721269266,-0.0070141913399319675,-0.74976925691710805,-0.63611126530128448,-0.18223204860497388,-0.14357030552390382,-0.11245125962252117,0.98323053328356347,14.488034313255067,-15.765033305140925,-4.1937415672222258,,0.2090071004976637,0.6333333333333333,False,1
0.84010415017745832,0.54112344834086235,-0.037555698772702401,-0.54117952377655321,0.83147412882619354,-0.12560054194830081,-0.036738806453054003,0.12584191173221215,0.9913697964695054,-10.398880713773359,4.7694347987925862,-2.0482897347760964,0.3298727721344494,0.0980872045613546,0.8367346938775511,True,5
0.65190372872697577,-0.71335604296981781,-0.25718608910730439,0.75094305767101799,0.65444815715851568,0.088216402825810725,0.10538525801822939,-0.25064071008171684,0.96232696202598689,8.8155312286771998,-7.3372106692339401,-3.1804698629437365,,0.5031178735317384,0.1823899371069182,False,6
-0.7986796576586761,0.6017399684934881,0.0044513772786486105,-0.5893298633374916,-0.78066957738003084,-0.2079550988360184,-0.12165983980276419,-0.16871283671001691,0.97812824420339972,8.062406543279117,1.4828437102958287,-2.2644022590014479,,0.07544376701019792,0.28125,False,5
0.97314783075179523,-0.219237162975677,-0.070131062115520837,0.21498638151167662,0.97455753986444249,-0.063391302699032634,0.0822444847244507,0.046611885434307609,0.9955215602229156,9.1462494457455801,-14.838980182541642,-4.0530221148307009,,0.2218549024295127,0.1923076923076923,False,5
0.99553863775851115,0.07798738783247372,-0.053111091769939563,-0.083057140174604874,0.99140293833445514,-0.10110254857234736,0.044769768772505811,0.10506274887359059,0.99345734010232223,19.399561213872335,-5.888897772852288,-3.0702025505273913,0.2568492668031297,0.2518500012871604,0.967741935483871,True,5
0.76012423653051453,-0.64583532300257795,-0.071469438231013496,0.63580565920641785,0.76195329746416618,-0.12320039044002588,0.1340235380819102,0.048206929435904128,0.98980492178730228,-8.4257603208540548,6.3541780512559347,-1.787657382615307,0.2335556419809358,0.1980634634326771,0.8921568627450981,True,5
0.50460437015326887,0.86312670813917136,-0.019665078669061441,-0.8573276310376815,0.49826821326463067,-0.12929857195417593,-0.10180256716576205,0.082104039772170165,0.99141069389610192,-19.117197904336876,6.985461685187488,-2.0546040553396856,0.2389558489062426,0.2403163011060526,0.7073170731707317,True,5
-0.15704796008300684,0.94304990653055465,0.29324531032307499,-0.98063369378145171,-0.11372543021946298,-0.15944931841165666,-0.11701921574814192,-0.31260742203938185,0.94264686008684051,5.0114378985445791,2.0420702700350395,-2.2252737552500959,,0.4409525433744945,0.3303834808259587,False,5
0.29662032448571823,0.95476885576017656,-0.020804210448627011,-0.94660928794665089,0.2910651524004772,-0.13860711753449553,-0.12628237832382538,0.060807147018179235,0.99012890665629372,-14.004042447800611,1.6417376495217579,-2.594900653215976,0.1770105249841682,0.1339435648561145,0.7619047619047619,True,5
0.98562875659783422,-0.15987777492173735,-0.054544030411035435,0.15280901369699357,0.98147584505086882,-0.115561978672196,0.07200944035581533,0.10556638985849297,0.99180158188615786,-9.8128329858489955,-7.5076608045283617,-3.6665231850529412,0.1857717377774998,0.1971677979044451,0.9908256880733946,True,5
0.38424710600073358,0.92308691311175262,-0.016269983770031853,-0.91529009965035846,0.37857694900008948,-0.13756281171821341,-0.12082299041199923,0.067749867362229474,0.99035940973986936,9.6303279920729725,-9.5052180361885856,-3.4118222205732969,,0.1090632780176205,0.4090909090909091,False,5
0.98134303861094385,0.1876329291785912,-0.041949069807339243,-0.1909373066408212,0.97668370701060747,-0.098142148910475541,0.022556274129124844,0.10432075703271494,0.99428788293407888,-7.5340377142381847,5.0146950142931983,-1.9813063215586901,0.2161099449653109,0.1934066980851114,0.7286821705426356,True,5
-0.68896558943726594,-0.69231041939153704,-0.21455232409198624,0.722411118479795,-0.63193990614795137,-0.28066729576936356,0.058724717693062083,-0.34836509328523474,0.93551759433601134,7.7296774144406166,-12.463041045730229,-3.7897790809249376,,0.2361787664053421,0.3181818181818182,False,2
0.92701926224828679,0.37337672031423585,-0.035001602078000231,-0.3749246830651628,0.9207198665644647,-0.10819616140141256,-0.0081712574998502527,0.1134228902863012,0.99351319996765652,-10.796550794419588,6.9867259092886247,-1.7993194332240481,0.3057772799020983,0.1044874794787445,0.64,True,5
0.92352640242070427,0.38156881181640051,-0.038784350979377491,-0.38340091623357525,0.91579919269487009,-0.11964771661288995,-0.010135159748417381,0.12536778098237208,0.99205856582584373,-8.5825885605895849,0.35868618086226084,-2.5010841944695836,0.2394092114583354,0.1961475354138565,0.9473684210526315,True,5
0.99653142390899507,0.068464376613283598,-0.04730486546714803,-0.073533413510525045,0.99059655231417676,-0.11537464037107897,0.038960983809455119,0.11845294288543515,0.99219501211323302,-5.8018942873539459,-5.3206120860596533,-3.2620913787457493,0.2257787898200951,0.1927309715059059,0.9380530973451328,True,5
0.95970912799602437,0.2748831062392243,0.058289514883775609,-0.28054177716935974,0.94909964088918275,0.14319980072151425,-0.015959351608628269,-0.1537827999754833,0.98797578387728346,-9.3705351278621247,-12.946085352309629,-4.3593217081411302,,0.3198586659249159,0.2325581395348837,False,2
0.40771387457613245,-0.91082239632684148,-0.064590702330504762,0.89964524474211227,0.41279843773430902,-0.14225288544356063,0.15623005501830575,-0.00011024311236303846,0.98772068812768798,-13.045226697312684,4.0536107133920867,-2.2557515797393441,0.1811868918867622,0.1802527956424573,0.9327731092436975,True,5
0.93124100075437199,-0.35966933001984186,-0.05855058972437422,0.35055313120850873,0.92808325146801673,-0.1255945084168181,0.099512314383215505,0.096433663145347084,0.99035238571857032,-14.120916326102304,-5.9567695773737546,-3.5166489948418782,0.2375875539035004,0.2208388305304549,1.0,True,5
0.18848759538618712,0.9805932051257048,0.053938784254286942,-0.97734120225868926,0.19268229185200375,-0.087622535766768414,-0.096315111758603911,-0.036200835183138484,0.99469236388894167,-12.60053334527165,-0.9170914365554057,-2.8548680366302621,,0.07162819604826196,0.4444444444444444,False,2
0.987888428563092,-0.12420402495012184,-0.093004370313083368,0.13093049515509694,0.98891136796089729,0.070082178591610506,0.083268590414301888,-0.081410481535824114,0.9931961917700447,8.0882953251094349,3.1308000593795269,-2.0496191162061272,0.5576990037502844,0.3761251712662618,0.3363636363636364,True,6
0.9593451290984597,0.27830236756637938,-0.046954397898462966,-0.28157752358228255,0.95512422956438858,-0.091933695195513102,0.019261918085392023,0.10141744576738437,0.9946574687829427,8.2440370392423112,7.1342541442847045,-1.5840327300261747,0.2639580638092384,0.2095809954492052,0.8468468468468469,True,7
-0.99915239147030954,0.014018970550261356,-0.038703579729433654,0.005823049883414224,-0.88263294017110827,-0.47002679180548856,-0.04075034612389189,-0.46985376596300238,0.88180317979760492,-10.002076761336035,-12.634650306447007,-4.358513300687874,,0.3221336907332257,0.2711864406779661,False,2
0.91813719832177354,0.39401514945800564,-0.042144359710750021,-0.39608895815830186,0.90938101395588467,-0.12704215316829945,-0.011731252401790994,0.13333504210878788,0.99100158640787894,5.8142974696171787,2.0453447788127139,-2.2810882998202415,0.2721609939573015,0.2251482976351972,0.9738903394255874,True,5
0.37537028042064491,0.88751792169922461,0.26722479533085219,-0.92092740039027454,0.38973340305660065,-0.00077314444474217703,-0.10483260841616743,-0.24580442063683619,0.96363390922489445,7.6664722932263185,-10.180497194098304,-3.5342880084379122,,0.3267094010235687,0.4074074074074074,False,2
0.21695286737714611,-0.97239937567488344,-0.085853989563267202,0.96404795772641494,0.22724973048442715,-0.1377283383994804,0.1534372462616593,-0.052886805366275561,0.98674211285309332,-7.406844938152596,-7.7698001861851429,-3.6093301984213011,0.237656473031842,0.2216315525947428,0.9819277108433735,True,5
-0.75475727802331349,-0.63108143091812963,-0.17910242550330016,0.65110385008588434,-0.68735042815687997,-0.32188998946207126,0.080032666294316518,-0.35956309107426498,0.92968228759234861,-6.1493465590641696,-14.67378592504074,-4.4855236408807215,,0.2496131664673518,0.3956043956043956,False,3
0.62772142904275019,-0.74060628895243419,-0.2397251181762769,0.7681783499384256,0.63917704524395802,0.036806623304496994,0.12596757601225778,-0.20725595189838367,0.97014284525336258,4.3805664637635875,12.427960719145934,-1.168322389073664,,0.4068633306736016,0.4626865671641791,False,6
0.6161161141106446,0.78757764868210933,0.011062605007850508,-0.78201946074712092,0.61332445197542174,-0.11080920368737826,-0.094055818246302741,0.059620163580864714,0.99378012615900602,10.237125333849741,-7.1967190214049825,-3.1600930603088715,,0.217810661942326,0.6052631578947368,False,8
0.98768260537688135,-0.14711214825551169,-0.053301846793366192,0.13930522307781837,0.98186340615486312,-0.12860134710495205,0.071253953288041461,0.11959208790558619,0.99026289774544585,-11.241228357122649,2.4061280490478265,-2.383794415239151,0.1196608794511556,0.1367786129511462,0.9156626506024096,True,5
0.64529700222499664,-0.76008908363995542,-0.076526883190184913,0.75024869083502699,0.64942596158028665,-0.12398718613569326,0.14393985139550391,0.022594365600554334,0.98932846609371727,-12.031301439981828,-6.5833785135531517,-3.532214939414918,0.1292389073337939,0.2018355653255284,0.984375,True,5
0.61038596855401117,-0.73790124399568091,-0.28797694960189069,0.78461255454487544,0.61312346981466836,0.091993206341485959,0.10868352516802116,-0.28210169243031696,0.95320854301931468,7.2219920846972778,-8.1911262945534045,-3.3356223694638927,,0.3607449509856326,0.4125874125874126,False,6
-0.07946565842495458,0.97180367451050687,0.22199735885583133,-0.98471432449690388,-0.041901086219146948,-0.16906211315448866,-0.15499325231020214,-0.23203861140235227,0.96027869629434837,-2.7592846055572329,-14.973192427640255,-4.3962530970301952,,0.4156543700670557,0.3809523809523809,False,5
0.97328091596120603,-0.22297326487507346,-0.054837776912148223,0.21511636004374346,0.96895562529757318,-0.12186036207774882,0.080306975209173653,0.10680786186016344,0.99103121564238028,-8.967232351440197,1.0775793518089638,-2.4480857401763032,0.2702735890880577,0.2451801004669166,0.924901185770751,True,5
0.93739171609842897,0.3461112784264847,-0.038778261126898694,-0.34825180951663093,0.9301606328893709,-0.11628359381802771,-0.0041770514042382689,0.12250787717052465,0.99245875091750635,-6.7124817407717066,-4.8799116147558079,-3.2307457958318375,0.2183250170249174,0.1947297394223933,0.9395604395604396,True,5
0.98408495917370231,0.17191412209323242,-0.044970298564773963,-0.17617172976754109,0.97697440441187811,-0.12035171272054102,0.02324467162177566,0.12635880558539783,0.99171222514004853,-12.441707019772089,-3.465538923271831,-3.1808659761184934,0.160091460541679,0.1689718133037877,0.84375,True,5
0.9953338754509341,0.084853236680313027,-0.04593914022593952,-0.089153520006066439,0.99083450622416169,-0.10148217156746504,0.036906994599285078,0.10510427917261644,0.99377611374456576,-15.930964729897566,-1.2632850684655814,-3.014228184897108,0.09433387116007502,0.1350236797516046,0.7659574468085106,True,5
0.17272124669947478,-0.95745741777313931,-0.23117669452124945,0.97419902907100564,0.20067639021155514,-0.10327263998159686,0.14527085976095858,-0.20737473221887837,0.96741516307191477,6.0216684962179921,-11.487114255549123,-3.7501742685032333,,0.269839640860445,0.3877551020408163,False,7
0.70837441980859939,0.7057647955394587,-0.010086363961992108,-0.70240747032463124,0.70345378291662175,-0.10851967993154012,-0.069494078833953768,0.083957302704636139,0.99404313001477951,15.032309814537905,-20.56351254886572,-4.7873358531949988,0.2080123301588601,0.2222278863710222,0.8444444444444444,True,4
0.98952299064047422,-0.13299009919442598,-0.056195057702513533,0.12688874708711331,0.98676959144250775,-0.1009208564522151,0.068873048840563944,0.092732987230233904,0.99330614425904096,-17.887824547019637,-1.6674444605763192,-3.0905041226319852,0.1519958446849411,0.1660649532167145,0.9285714285714286,True,5
0.98927870652972805,0.13867337123420606,-0.045796691118553147,-0.14302905940416813,0.98335939465128441,-0.11201334347754377,0.029501338492126217,0.11736267320404457,0.9926508318465127,-5.8347989391843731,-1.3468229638402824,-2.7460434537681024,0.1778033093486695,0.1610568616083265,0.9163763066202091,True,5
-0.27854392634312408,0.95957085018855337,-0.040460654539601647,-0.94777400889501084,-0.28144610664829478,-0.15004171791737228,-0.15536315251833657,-0.0034456524684579881,0.98785141510180097,-14.741764030876849,2.879171773294706,-2.468771915758516,0.1381805741024141,0.1148468125350628,0.3636363636363636,True,5
0.6614072274354067,0.75001519366447933,0.004205801783560871,-0.74649308482971166,0.65882423132531487,-0.093266856492697836,-0.07272244356200909,0.058547771016858555,0.99563226379588998,18.432193902336305,6.2293697164979873,-1.8156082322414684,0.4294376847697819,0.1959778492462144,0.9761904761904762,True,4
0.79972594590811974,-0.59423085145366006,-0.085604360998851714,0.59033642907934603,0.80428521905256101,-0.068030779176930331,0.10927631007317916,0.0038706064424556888,0.99400387648266164,8.0815711688755876,2.1342637463347942,-2.1782514950696097,,0.130560969797808,0.2238805970149254,False,5
0.58717703637362439,-0.80426714681132216,-0.091528599440082972,0.80019933966914358,0.59379152534932511,-0.084217820064336452,0.12208253252842745,-0.023790354837571682,0.99223478787439634,6.6197572681908561,-12.353496163845737,-3.8348554305013294,0.2902091556869419,0.1324792553171719,0.2580645161290323,True,5
0.61759464370278705,0.78582967669802362,-0.032381712281893314,-0.78224630944859597,0.60946174377038009,-0.12902361890142028,-0.081655173894118693,0.10501477087080419,0.99111267294655958,-17.048311267363342,8.2321301836240011,-1.8946029103803586,0.1865204956993469,0.2032231413546218,0.8636363636363636,True,3
0.085588862800184323,0.99633049974421939,-0.00028608391095145264,-0.98637524442197921,0.084693169151709963,-0.14103525903304953,-0.14049350076089201,0.012353233522958064,0.99000453224491625,15.954493452168613,5.8113727472430705,-1.8759524725333081,0.2811137818988914,0.2254792594125868,0.9361702127659575,True,5
-0.35567455261686559,0.93199444772252105,0.069871038601013707,-0.91597418326051461,-0.33275239834122333,-0.22420333850858598,-0.18570651098177562,-0.14374348963537656,0.97203441346817487,8.276392646176749,-14.015913836118063,-3.9882896815354698,,0.2522716909410787,0.2352941176470588,False,6
-0.98382801023361544,-0.14912220278098551,-0.09922204854522855,0.17906468389524954,-0.83207412112250989,-0.52496523307710263,-0.0042761268993550192,-0.5342426654582626,0.84532034705358383,-9.0167744922647,-13.536565913875096,-4.4345252085380853,,0.3220338387912276,0.2954545454545455,False,3
-0.96361873658685215,-0.26489552430217833,-0.035627120335956011,0.26250910376856512,-0.91289659384622279,-0.31258403571294002,0.050278235225426376,-0.31056427700016942,0.94922174907340717,4.9910435146366714,4.3213911102512403,-1.9789644930519386,,0.3796077766875409,0.1962616822429906,False,6
0.93983996011787374,-0.33489492442571495,-0.067425803365834494,0.32797853165150792,0.93978236651502667,-0.096120686447488418,0.095555911074900274,0.068223846133960472,0.9930833674356524,-16.241316482169935,-6.2823271059875481,-3.6222442524526439,0.143704661916778,0.138366650491273,0.32,True,4
0.22937751313774032,-0.96387601067552586,-0.13538460957944592,0.96114546324612316,0.24624895245748452,-0.1247431436792682,0.15357524197650108,-0.10151103121249774,0.98290902712002515,-12.926396570406753,19.147953805749633,-0.87151798389944501,,0.2594653403915035,0.625,False,1
0.93845318242301534,0.34359003935318855,-0.035376676743137991,-0.34539774105462245,0.93276664388203712,-0.10318327643278166,-0.0024545619727338319,0.10905169837427715,0.99403304885059374,1.9860709804037133,24.636298319479529,-0.044351162516687151,0.3277499466552408,0.2882864659032442,0.84,True,3
-0.065529217716886454,-0.97937790272334302,-0.19111474376049092,0.98762688788203834,-0.036310685079278003,-0.15256036340253082,0.14247474147318767,-0.19874722087691868,0.96963936091510272,17.821131723881361,5.5794686818558974,-1.8978167402327415,,0.1444169748224331,0.3333333333333333,False,1
-0.44925629572088094,0.89275265612576693,-0.034080430389611331,-0.88003485633680756,-0.44878628173235657,-0.15533681135230176,-0.15397218056326664,-0.039794073795410216,0.98727351797936846,12.862784202109548,7.9842816391060873,-1.3730896458711139,0.2962944196854135,0.2572279734531519,0.9830508474576272,True,4
-0.31512851237089501,0.94623625243256171,0.073013528015618029,-0.93642332846149368,-0.29750735799041578,-0.18601269272460746,-0.15428989145113658,-0.12698947406751157,0.97983075215674487,-20.090543303085568,11.733625034878067,-1.5249620812300804,,0.2006142945700935,0.44,False,1
0.6558209023084669,0.75474505897001265,-0.016088506943223242,-0.75044759613616219,0.64947506388338128,-0.12251753689629619,-0.082020421534917592,0.092423142956901627,0.99233593762253947,-16.083884173167444,9.9187853773759596,-1.7116369635746089,0.1922927715030119,0.1791292306149886,0.9215686274509803,True,3
-0.21666434106257665,0.93962657303724406,0.26487443544858341,-0.9622265386015969,-0.15972615275246055,-0.22047141433230849,-0.16485342496505909,-0.30263750489518643,0.9387405865882793,-7.5352333067780215,-12.277351810134194,-4.2022936209522568,,0.4463498500150575,0.3555555555555556,False,2
-0.71993895760043014,-0.66405573466359147,-0.20178671559249078,0.68692432758753608,-0.64025969687145534,-0.34380588815563423,0.099110370282923604,-0.38613145666012627,0.9171039377736373,8.8048560502247213,-10.155372322689278,-3.4939396687792761,0.6230321679846839,0.2786641148530664,0.18,True,3
0.35056328019545735,0.92201512520563222,0.16429697340682764,-0.92890973883389483,0.36466184812627983,-0.064408335024835103,-0.1192982970462977,-0.1300378614603015,0.98430588279695086,-2.4489425940725784,-17.484103126693089,-4.722342862418528,,0.4408630758474992,0.2432432432432433,False,1
0.21147811268043074,-0.93866586205244951,-0.2723663108287363,0.9652893244252706,0.24428953697535741,-0.092407479540189963,0.15327598640272472,-0.24337013280535919,0.957746026068798,-2.3430229368598128,-25.300599858503535,-5.7516898016180882,,0.1009116198663202,0.2307692307692308,False,1
0.44940501906861868,-0.85875051629683885,-0.24613549032158641,0.88488622529629279,0.46571655489513009,-0.0091901456729561459,0.12252141493148719,-0.21367180735072241,0.96919186007036939,6.3402329692768715,9.1853319828332722,-1.4763727959661617,,0.3179821551796781,0.6744186046511628,False,3
0.9229730207198058,-0.37928308594250471,-0.065308067964731889,0.37116396156166853,0.92208090452333125,-0.10956331115515866,0.10177483314259866,0.076883979029212277,0.99183201052770542,25.101537841925325,-8.0843399376840175,-3.124463838259643,0.4278955929696248,0.295661609644949,1.0,True,1
0.26988126362575982,-0.87424584536828642,-0.40355706585321277,0.95093820168503107,0.30783143052397627,-0.030924859863903628,0.15126347913426719,-0.37541179022222171,0.91443170747866365,-3.722929452516039,-14.027867354399184,-4.313772957576818,,0.2191444556520238,0.125,False,2
-0.50161910005596877,0.82292109827566984,0.26679419872217125,-0.85191221833485753,-0.4162790903945045,-0.31773777105044609,-0.15041226914990036,-0.38666857244038999,0.90987008104239198,-11.796320224325424,-12.769713731679513,-4.3261596617189921,,0.1910560468772036,0.4782608695652174,False,2
-0.053023640092504411,0.99857257707222968,-0.0064266562586739948,-0.98748836203299628,-0.053390016589977926,-0.14837870796685132,-0.14851002808137517,-0.0015213309463980654,0.98890973152832362,-13.467549609900423,12.068925347864685,-1.3289471572944889,0.2479385766242025,0.2198665355705083,0.9545454545454546,True,3
0.65200354940635052,-0.73964531177723924,-0.1667818465165509,0.73274740556349949,0.67120243361778231,-0.1121094676890666,0.19486562344723651,-0.049113194474764477,0.97959955233095286,7.5477493347303595,9.6689547572147969,-1.3337616972800235,,0.1800082718851089,0.2941176470588235,False,2
0.99796705657723017,0.051290759794524542,-0.037828718538676552,-0.053483179222294397,0.99679915426600152,-0.059422181000520893,0.034659825834154945,0.061324579201843081,0.99751591088005287,10.04516538186167,0.82289706267166296,-2.2625792948752306,,0.2686079019766465,0.4337349397590362,False,3
0.99697217972533458,0.061724604366932473,-0.047292135386978157,-0.065889291722871099,0.99355260774610599,-0.092259508329332801,0.041292542788898268,0.095096208424192752,0.99461129948003768,-7.9761133232096721,9.9176752292077399,-1.4579838845275421,0.1315703501223288,0.1334266027900162,0.6666666666666666,True,3
0.34072810027027478,0.93929105150426406,-0.040455929728819014,-0.93226898075747866,0.33199050858595547,-0.1437249099016922,-0.12156853706292781,0.086686923886202305,0.98879040651875583,16.725861159290734,-10.61626177646397,-3.5733730106298442,0.3043497007554921,0.3011236258625074,1.0,True,2
0.41766501773620213,0.90664244299761243,0.059627288339630734,-0.90839463089245764,0.41806887637402951,0.0061326318257099999,-0.019368209136913065,-0.056726494362651841,0.9982018720239666,-15.382102710400313,-13.768435953883602,-4.5624513682586647,,0.3433841094483815,0.3720930232558139,False,2
0.66845723953913994,-0.7409135480336525,-0.064900179105277789,0.73010537596778391,0.67032865670843311,-0.13268621623366816,0.14181346512462509,0.041311092162415887,0.98903100799403398,8.1409872117776132,24.567617453885322,0.083006858247638898,,0.2816343969861521,0.9459459459459459,False,1
-0.60994655877120751,0.78983202941299924,0.064269438744284479,-0.77881461415769537,-0.5825058951138169,-0.23266860323655864,-0.14633178813081699,-0.19196939201600391,0.9704301934252888,8.9756454020492296,5.0057743593432127,-1.7802249445644869,,0.2504155999225052,0.3265306122448979,False,2
0.99538393958471227,0.09143677654170021,-0.029156966791501537,-0.092747617594393553,0.99456457205084969,-0.04732009564523082,0.024671689187845715,0.049805902431065911,0.9984541450841119,-14.872079057870467,11.488000489723097,-1.4174377938268337,,0.1940873506769147,0.2413793103448276,False,2
0.94428430378069361,0.32639308109074117,-0.042364020695679162,-0.3291304803235599,0.93622106317401788,-0.12313913996489741,-0.00052967479997204775,0.13022164752991267,0.99148476637778038,-11.989351848123571,22.809230191295747,-0.49141686040304611,,0.2066419055433537,0.75,False,1
-0.6642787000147482,0.74746260568263723,-0.0057846186423793425,-0.73384359565038138,-0.65360798854199997,-0.18512205281111066,-0.14215268491883973,-0.11872763124143638,0.98269851111628415,-16.823742390159097,11.27726010126355,-1.5340274013602087,,0.1521036240877387,0.4615384615384616,False,1
-0.198123871286359,-0.94914953220082576,-0.24466731933272295,0.97107303605887896,-0.15612825237235889,-0.18066855689506239,0.13328199528029883,-0.273384590520584,0.95262625168530579,4.112625153606599,9.4201264042297606,-1.4396322818341192,,0.1919827845121393,0.2285714285714286,False,1
-0.37070809544478589,0.9269074994548725,0.058463624810773378,-0.91587834448948524,-0.35440200832214253,-0.18858969906235987,-0.1540855803341086,-0.12345729606445829,0.98031419962252586,6.6720486224922393,2.7540419019706111,-2.1649870235180488,,0.1034213795152177,0.2222222222222222,False,1
0.51180762706310778,-0.85549582810333891,-0.07861196459707917,0.84574132351467957,0.5178094068138791,-0.12882170591439659,0.15091244673540882,-0.00055345536415405544,0.98854697769377187,9.468779368570754,7.7034209663501318,-1.4808823168678968,,0.1140744468397846,0.24,False,1
0.83029759171313711,-0.5520633380176313,-0.076367401502189458,0.54368441825981551,0.83246812096285727,-0.10678989147881043,0.12252821118767641,0.047147623454431888,0.99134451078610819,-22.822721168194956,12.481666635267672,-1.5395354691327905,,0.159620571268614,0.5,False,1
0.14317834192341317,-0.97880134734579893,-0.14645096393711834,0.97800513907463205,0.16260742503089501,-0.13063220609188103,0.15167699346859453,-0.12452609268290216,0.98055460933772431,24.374755026672577,3.3162072799964402,-2.1004274525653424,,0.1511745230215008,0.3529411764705883,False,1
0.47608145094157334,-0.87756004364994478,-0.056875494358051837,0.86614665228868948,0.47911075300185402,-0.14227741594185564,0.15210663627357518,0.018473119582325552,0.98819143644054863,15.947916140437048,10.446391968942581,-1.312275176106376,0.2887430731850657,0.2371003420653556,0.8412698412698413,True,1
-0.87762318048845422,0.47933846589975293,0.0034911571436507735,-0.46573745998515148,-0.85095239843791726,-0.24283458147334661,-0.11342914720612925,-0.21474322038571406,0.97006142994269318,17.890524423491055,1.9254673198977317,-2.3141047802375998,,0.1547461633113574,0.1666666666666667,False,1
