axis_00,axis_01,axis_02,axis_10,axis_11,axis_12,axis_20,axis_21,axis_22,location_x,location_y,location_z,dbh,dbh_approximation,score,reconstructed,number_clusters
-0.91593356656346969,0.40126922076328508,0.0069795494374862814,-0.39872576553979494,-0.9078746713395659,-0.12954283088917723,-0.045644994654714,-0.1214355533116369,0.99154926294908297,-9.5475818369785355,-0.75469789812238341,-2.3471384104349191,0.2427508501524211,0.2286977160429728,0.9625,True,5
-0.5058205489555222,-0.86245696834636421,-0.017707343254471118,0.8573085389506061,-0.50031082916635194,-0.1212895018592029,0.095747800479751233,-0.076531378987151399,0.99245922169810763,-8.8998310238324283,10.826422973741412,-0.4780330396643595,0.2730310370907552,0.2301336594234415,1.0,True,5
-0.38985501935037969,0.89888958943470809,0.20002642298760273,-0.91402083232056053,-0.3512589682255905,-0.20293608679858155,-0.11215606078738244,-0.26194396967098466,0.95854388255398171,7.7762084874997219,-10.677584145829162,-3.5651106373414678,,0.3628548154207987,0.3369565217391304,False,4
-0.54668069297432009,-0.83036779850675368,-0.10784034093123428,0.8320506211813713,-0.52424805918452333,-0.18126151338040619,0.093978634384693477,-0.1888207924046188,0.9775043348419894,-16.224889421800818,-8.9611784242988719,-4.2118799063704575,,0.204557527299627,0.1904761904761905,False,1
-0.59718455960298134,-0.80097010251351553,-0.042632108219994157,0.7970612162452716,-0.58664092412157376,-0.14333821438609504,0.089799884907506539,-0.11957976846136648,0.98875510600215089,-11.44786017788827,-6.0140171573758732,-3.2166526998752971,0.3109798527111128,0.2679415376648955,0.9761904761904762,True,5
-0.95765161549398736,-0.28786065557228419,-0.0062949436258510436,0.28607216937640279,-0.94876756665659623,-0.13417458167925098,0.032651144697187023,-0.13029331308251388,0.99093771515466456,-11.190464016392619,2.3983771647639784,-1.9556629321526904,0.2892265451037235,0.2709435675545082,1.0,True,5
-0.97989425979202804,-0.19948178155612961,-0.0037760367881482654,0.19828134036049125,-0.97154506192045631,-0.12955579000115414,0.022175429905186599,-0.12769969258055694,0.99156494432959397,-15.483427048971741,5.3231788593339768,-1.7386256380781153,0.2862617973673465,0.2676149101856682,1.0,True,5
-0.84620579749259739,-0.52318937388698084,-0.10103775206162202,0.53204363531224497,-0.81911958056385625,-0.2144124130283106,0.029416295036047802,-0.23519351986957646,0.97150331435240667,14.229903395184733,-11.936847162003811,-3.6252939361510164,0.3604432422416742,0.2055054619264178,0.1891891891891892,True,4
0.33933832483475551,0.92320230022864491,0.1804079104443054,-0.92812956346315412,0.35980621678522845,-0.095472508024015523,-0.15305232675146277,-0.13504443422533086,0.97894738676842252,-8.6667236563021746,-12.376054102728956,-4.1424907377093012,,0.3481528104006095,0.3,False,3
-0.95246149397253532,-0.30448862439658941,-0.010187252459730116,0.30299495353698014,-0.94323934147332555,-0.13599118658240275,0.031798752030997399,-0.13261305482507854,0.99065766895493801,-16.99591285549981,0.70538427632135237,-2.6588594558834311,0.2801339172475422,0.2551584651794715,1.0,True,5
0.97442136947694002,-0.22043522592374803,-0.043718484404583827,0.22334470779682283,0.97147562611674809,0.079700999744212825,0.024902534124854176,-0.087426649444098656,0.99585965113621422,-16.067056154066261,-1.2404693547017271,-2.8731854755005761,,0.3029040297177187,0.4821428571428572,False,3
-0.99940535680288745,0.03446616070940689,0.0010082458264892499,-0.034256379831423905,-0.98914160882318858,-0.14291738220216368,-0.0039285155642446602,-0.1428669362050837,0.98973410838711307,5.2782269658600898,-16.371176372902038,-4.4274789862361406,,0.3200011282312994,0.9932432432432432,False,5
-0.034645167189018673,-0.98327145238869196,-0.17882103709541008,0.99001588237382876,-0.0093040055257709621,-0.14064845583491767,0.13663185952776646,-0.18190845609429351,0.97377669337655448,-7.0328187644308384,-13.575674778606443,-4.2215535680224274,,0.2588215348890102,0.375,False,5
-0.99621553041728139,0.086911933899438826,0.00096576460560626222,-0.08606413602562149,-0.98482296358664989,-0.15072058546386669,-0.012148310400100034,-0.15023330568907478,0.98857593153796519,5.234415157035972,20.07551387658588,1.2242229871173833,0.3183641737747596,0.2434569723809868,0.7391304347826086,True,5
-0.95804581930200128,0.28655554140801659,0.0058420720910822288,-0.28465028349058469,-0.94889797106139018,-0.13626025328139171,-0.033502600297420346,-0.13220651347016801,0.99065585021710523,6.723764281618708,7.3121250553732109,-0.73314638054246184,0.2331031826328576,0.2276118460533424,0.9629629629629629,True,5
-0.91869511487880828,0.39482852046254824,0.010474985783701655,-0.39240951649769074,-0.90941083342851303,-0.13779226177440607,-0.044878249295868908,-0.13069956186695134,0.99040575890284754,-7.043085575832845,4.156092986101223,-1.4280821086965254,0.2803885704473739,0.2457408433385505,1.0,True,5
-0.83028677600660372,0.55690594668290416,0.021900596744797336,-0.55376651157869405,-0.81989095351846919,-0.14533229163726696,-0.062980316310132706,-0.13279529693401596,0.98914047984585196,11.507103150604003,-9.2522394759861992,-3.2422811043703832,0.2869875188675485,0.265355349955429,0.9485294117647058,True,5
0.41841337549675628,0.89933119853180643,0.12701827645168137,-0.90046657043439615,0.42902523453551211,-0.071395403646637531,-0.11870215977617173,-0.084502919944190513,0.98932757658188153,5.717452083435397,-4.4735819262281211,-2.5796386948608263,,0.6059381554444117,0.2662116040955632,False,2
0.33099742012931593,0.94232312275163466,0.049677360994174163,-0.93765273041468544,0.33436098164462558,-0.094921499669614384,-0.10605689517246579,-0.01516134167053532,0.99424447129723925,27.531482309494614,3.947207333464926,-1.3183996928572115,,0.395975894327782,0.8148148148148148,False,1
0.049673664617792802,-0.98886711568368624,-0.14026530063727694,0.9926309176479714,0.064420847175463342,-0.10263437912581556,0.11052777195250563,-0.13413344835879773,0.9847800920299884,-16.455297985719046,3.4413366768631759,-2.1384842982107424,,0.1905804380040598,0.2424242424242424,False,2
-0.67365632069827719,0.73859208469231186,0.025862985386936356,-0.73423879723857255,-0.66488115798157521,-0.13720945445097615,-0.084146005329514495,-0.11142162353396538,0.99020435850189081,-5.1709118204461282,16.660001384845842,0.56406631931205586,0.2740907503245045,0.2487594774221113,1.0,True,5
-0.26513544979246512,-0.94334434966896807,-0.19951098017647578,0.96230047876696256,-0.24586373506983647,-0.1163134228813802,0.060671095492174851,-0.22282832343564471,0.97296791131395399,-8.1259533504379267,-11.71165901857972,-3.956248937574645,,0.1004222516840645,0.3846153846153846,False,5
-0.9947348980504761,-0.10207264365713915,-0.0091464756792318733,0.10215330429177599,-0.98045274281461836,-0.16815802546879247,0.0081966470449740935,-0.16820699903432665,0.98571761699438309,-5.980525774254815,-19.173256325539448,-5.27360243054388,0.1973595552140104,0.2075932643615501,0.6829268292682927,True,5
-0.71069597166643217,-0.68555741264136083,-0.15786788726523793,0.69884676213154939,-0.66222485135491427,-0.2703173122576748,0.080773999005601796,-0.30243888675308633,0.9497401122750363,-15.821616795247335,-0.81361048678082293,-2.7308564583810071,,0.2377612986069399,0.4576271186440678,False,3
0.96701494022694456,-0.24603911165635817,-0.065930728141209233,0.25239938791034044,0.96040852168251378,0.11794074979452746,0.034302395840020088,-0.13069134254020015,0.99082951037233225,7.8065665464261063,-2.9253417067097756,-2.2843583475756333,,0.5832971309036127,0.4608695652173913,False,3
-0.98520204455553084,0.17130917352017691,0.0054862073817748894,-0.17001233946541303,-0.97268171227365874,-0.15806989288881468,-0.021742489119212522,-0.15666350460850198,0.98741268499583468,-23.711008021768393,-6.3205142585210456,-4.5105907704583972,0.2476351901561399,0.2083646643301421,0.7017543859649122,True,5
0.6480954499062036,-0.75574320976501108,-0.093938749751921236,0.7550710074637621,0.65373382035370686,-0.049998658116059136,0.099197084123148233,-0.038526523588635633,0.9943217012022012,-15.090057959061726,-4.178073091897792,-3.3136093322549423,,0.2440429827155441,0.3181818181818182,False,3
-0.9032057183262161,0.42839873280723367,0.026343046748244281,-0.42656408806383156,-0.88914804061148212,-0.16570709294123223,-0.047565840233256315,-0.16090459162472243,0.9858231095064599,5.5142581366640533,-6.5234509619365184,-2.9164596056105574,0.366537719572722,0.3073330955544786,0.9760765550239234,True,5
-0.63111449632597227,0.77534801461187031,0.023020616078772996,-0.77074059246635518,-0.62346450626038574,-0.13134286641499135,-0.08748389367093351,-0.10063531025900069,0.99106967599520879,10.130419662160147,2.1656386901545166,-1.4526559399355874,0.2112529230238526,0.178898940735609,0.8513513513513513,True,5
-0.99999877481242205,-0.0012696557314783611,-0.00091561344372540973,0.0013974132710233842,-0.98765292871472465,-0.15665165060533848,-0.00070541463322935059,-0.1566527381680595,0.98765349288839388,-1.9307568710556777,19.896396019329554,1.206150419061778,0.3224839777863812,0.2953581702099249,0.9516129032258065,True,5
-0.96294918873768731,0.26955606904599827,0.0082695556046880649,-0.26765372568309342,-0.95149975378634988,-0.15168949097572609,-0.033020342781221915,-0.1482826496424465,0.98839360215332539,-13.682120462534149,-11.344219717251413,-4.4818503253090478,0.2812700983584914,0.252377294193255,0.9701492537313433,True,5
0.15866196130798363,-0.98406039949751634,-0.080321305857738265,0.9795225123274216,0.16709750753416852,-0.1123123805270124,0.12394365606064657,-0.060856824733606658,0.99042133307278035,-1.6213134888177565,27.300338753311955,2.1864069933474144,,0.2607580247622794,0.71875,False,4
-0.93632380548676797,0.35089717184004288,0.012996386937713785,-0.34878106236066925,-0.92512131452840229,-0.15000774627932523,-0.040614059355576423,-0.14498871749173767,0.98859939812987985,-1.5649732875089792,7.8600550981982353,-0.79358406356893707,0.2816460485927859,0.2584578667787458,0.9609756097560975,True,5
-0.71709133318033258,-0.69687459296215892,-0.012075659877641674,0.6925848361183915,-0.71052070529716005,-0.12444505664303818,0.078142591821079382,-0.09760189049323606,0.99215301557553726,-4.5980429281778354,-6.3420755979994663,-3.1155527087877246,0.2382181006415512,0.2119336790464969,0.9461538461538461,True,5
-0.015659549529047162,-0.99979412448225446,-0.012902990324330059,0.99350079876484387,-0.014103311039933534,-0.1129480388113418,0.11274281068948387,-0.014587846601651907,0.99351711277127097,-2.7967811051619083,-0.41026920202008282,-2.0543703044048676,,0.2206249433583776,0.8848396501457726,False,4
-0.18512539023015132,0.96442029871439217,0.18873811835391305,-0.97640539362946766,-0.15878388901183488,-0.14635635921120935,-0.11118047123221518,-0.21137919485587706,0.97106011080605226,5.0711102046810748,-7.2911138910256037,-3.106490550342218,,0.326771470981173,0.3478260869565217,False,6
-0.85145849449862221,-0.52361585788593812,-0.029066570429142104,0.52113850639046611,-0.83863408725202804,-0.15845354163309838,0.058592570375889705,-0.15006432310622916,0.98693850346787837,-19.04038144162795,-16.277355585418704,-5.6904395625459268,0.1764011054222136,0.2731566927861584,1.0,True,1
-0.88468995750766188,0.46604369227762699,0.011267474132541287,-0.46299793924540439,-0.87557564121594,-0.13784123027528489,-0.05437451001710053,-0.12716356945891316,0.99039024594493463,-0.68144725038295328,-20.395772290698837,-5.2403495874057571,0.2875727175146474,0.2964727173612333,0.987012987012987,True,5
-0.98099365198966237,0.19388643206672881,0.0077140272504301229,-0.19247741289239975,-0.96729059474594992,-0.16523120420270687,-0.024574382641996878,-0.16357553844160724,0.98622469191422324,8.9883500191618708,10.134445167741104,-0.26695648537530847,0.2260193976698137,0.2160665999664742,0.9315068493150684,True,3
-0.99452073126610518,0.10448902812166568,0.0032493205629646783,-0.10381224480090338,-0.98346452600591916,-0.14839320711322979,-0.012309870483821071,-0.14791744011489102,0.98892310014405493,2.6400960431163907,3.8599356812294312,-1.3164766484164443,,0.2982340492145855,0.9974937343358395,False,5
-0.7939148070410339,0.60777951873269709,0.017416537257717073,-0.6040513669389177,-0.78512639980784971,-0.13674239439175595,-0.069435043459507406,-0.11908229479572645,0.99045352329423342,2.7446407394301802,13.148844222054334,0.17663102140818823,0.2764584441621605,0.2868917330450557,0.9921259842519685,True,5
-0.89563572127010316,0.42600959629458024,0.12787681044626453,-0.44237120715756079,-0.82322883523076884,-0.35581174787034975,-0.046307341350412499,-0.37524673044480961,0.92576753098579556,-5.0849845035330681,-18.354360781484278,-4.9735389199003261,,0.2687131444889604,0.2608695652173913,False,3
-0.73317365019480973,-0.67995712204992254,-0.010710314356114964,0.67541189925472844,-0.72625744090238586,-0.12794098592335129,0.079215939085139381,-0.10103683341982493,0.99172395014306036,-4.1656215785073893,-10.52908525945829,-3.7110592066028505,0.2845836573590354,0.228084865175502,0.9551724137931035,True,5
-0.88670648596150703,0.44037083402065808,0.14080176240994602,-0.46196936961390372,-0.83184898830864484,-0.30758992536885532,-0.018327828358247117,-0.33778808326202908,0.94104372986266493,7.6970442813856375,-2.5061937385808766,-2.2325361060382902,,0.288093415841126,0.1746031746031746,False,4
-0.15404106126591371,0.94731384713876976,0.28083416185217819,-0.98094825068131686,-0.11257347309492219,-0.15832795912476061,-0.11837179110470557,-0.29987278665209222,0.94660679846289575,-2.2330515520549872,-22.244835905746225,-5.516721384341392,,0.4712840707323157,0.2673267326732673,False,4
-0.28577122888853373,0.94101162534844895,0.18119582141596965,-0.9426362236492053,-0.2419854946733106,-0.22995645290376021,-0.17254493502825122,-0.23651668297772108,0.95618413711445394,5.6238131540508647,-3.0755159285168863,-2.3300273570007941,,0.414269095527904,0.2119205298013245,False,4
-0.88535738804629349,-0.46461462545379567,-0.016599555604661545,0.46163300578896449,-0.87432174352824976,-0.1498547855757883,0.055111372674691975,-0.1403379442921584,0.988568661244003,-5.7298291157537813,20.259867486075535,1.1400288520048572,0.2714720511432159,0.2354135708876771,0.7804878048780488,True,4
-0.86255056398295926,-0.50583016171694151,-0.011931976788898953,0.50295660391145969,-0.85460326843498036,-0.12918168663591395,0.055146887079228282,-0.11742700318777252,0.99154915146341038,-15.713241553919568,10.551541058832546,-0.58675895371767417,0.3731741023907966,0.292842572690048,1.0,True,4
0.80083557656672355,0.58614139049931535,0.12288470062856752,-0.59396263510417946,0.80360619807177192,0.037755350888740824,-0.076620933204594927,-0.10322474879679588,0.99170251781000118,-13.859930417189041,0.96721980579348821,-2.4530191339343119,,0.2287881768497427,0.45,False,4
-0.81322908838422536,0.58151342423157282,0.022373807101908581,-0.57838021038876986,-0.80340359334612677,-0.1414885098839293,-0.064302270849520005,-0.12800313916854988,0.98968702847243195,13.276975785520191,-12.791123365121546,-3.7537019656969757,0.3416633698962475,0.2784250402239513,0.9245283018867925,True,5
0.15919264605351291,0.98695552097718009,0.024010436379655352,-0.98123511555787724,0.16085637116834497,-0.10631498413050182,-0.10879039221639994,-0.0066353196767143692,0.99404256603738417,-20.086861948511014,2.2485054104451914,-2.5268633195289416,0.3296293209743169,0.3210654275681315,1.0,True,5
-0.72088366484594169,-0.69296180146862574,-0.011431686823975157,0.68864230449875918,-0.714336611412828,-0.12447884177593171,0.078093010013206565,-0.097607106813982103,0.99215640626187651,-1.1720693962613076,-7.3024616515797618,-3.171756958188614,0.2690106349783864,0.223903107050515,0.9777777777777777,True,5
-0.94717733702207341,0.3195285608875969,0.027506199462570498,-0.31978914275339715,-0.93448100957686053,-0.15646132722580022,-0.024289841679617966,-0.15699280721521205,0.98730099872018084,-15.335593698690998,14.711593784905618,0.013678525688402483,0.3053093275399198,0.2689585177920937,0.5,True,5
-0.93447196349543871,-0.35575162752927686,-0.014245313308322566,0.35393128768571036,-0.92385723943263143,-0.14567238840993446,0.038662553435031326,-0.1411686249072025,0.98923032014980972,-8.7501999019840291,-10.387417284239072,-3.8296732844128636,0.1665875360396306,0.1647094935894448,0.9080459770114943,True,5
-0.55245655114120307,0.77393195861584352,0.30954980622544792,-0.82821031457877825,-0.46773222029334172,-0.3086976594093046,-0.094124566009567173,-0.42691438665440401,0.89938016018867428,-12.539515013588291,2.5762689287131644,-2.037781006153236,,0.2037935024523841,0.2666666666666667,False,1
0.99963533647925196,0.017495978337302681,0.020569025354499941,-0.018412163876951743,0.99880688825389019,0.045230434421416138,-0.019753133507919584,-0.045592660797571204,0.99876479863780576,10.916840024097107,6.1437960097745279,-0.87321671447316518,,0.2086838570226355,0.3170731707317073,False,5
0.76703376889496655,-0.6403148032622672,-0.040695824085359066,0.63748267958877647,0.76774895403039711,-0.064632629604126232,0.072629405884228573,0.023632526492837206,0.99707897033909432,9.9259753216386013,-12.025312145183062,-3.6627555740760642,,0.07179572870545922,0.1923076923076923,False,1
-0.94011084760544306,0.3408157957504811,0.0060156114853380308,-0.33852021555063189,-0.93141974914253667,-0.13364622916793809,-0.03994568660230944,-0.12767867587902701,0.99101084648335169,-18.439917977667658,-3.2078527478772543,-3.459999042143834,0.3529351949849157,0.3141038576210084,1.0,True,5
-0.78781036148052097,-0.61574572947778172,-0.014561283384531625,0.61207830603416302,-0.78004471673888143,-0.12996302231830137,0.068665723809478163,-0.11129886125936959,0.99141191331155942,2.2810845117398943,-3.6273055097174685,-2.5898394295655285,0.2642602558537712,0.2441804645166462,0.9146341463414634,True,5
-0.66598128946026425,0.73553386092789175,0.1243336700872065,-0.74098128449986589,-0.63303465385314528,-0.22408449978068401,-0.08611421549183583,-0.24136500667979879,0.96660606010964367,-15.286372528693962,-1.8460958138751495,-2.928156156022049,,0.2490451250452445,0.3571428571428572,False,3
-0.91425932430215762,0.40508063120504656,0.0062904808308024713,-0.40229410344860533,-0.90591748274769512,-0.13218535767081688,-0.04784707156184613,-0.12338231913284842,0.99120505500544898,-5.2173609843174589,-14.151451537146754,-4.2291326146654065,0.3266349124342824,0.2405226855366178,1.0,True,5
-0.99620155935151622,-0.086666338706127541,-0.0084497858483323363,0.086859295938051487,-0.98215616080916579,-0.16680748932151235,0.0061575851397992296,-0.16690782342321545,0.98595327608633221,-14.63892048997676,-7.2953728366244883,-3.7963228322848233,0.2562242965764842,0.2338004462449273,0.6153846153846154,True,5
-0.04764093029440486,-0.99846794719456267,-0.028144274475632967,0.9931162576217174,-0.04432948236612435,-0.10842045858871263,0.10700673160189005,-0.033115788050831284,0.99370664885249393,13.320214715597489,-5.9988187021811479,-2.6765578298071588,,0.1097338677054531,0.4642857142857143,False,5
-0.89745398000278098,0.43708278046825749,0.059455839034585178,-0.43998364512459409,-0.87737940447763618,-0.19136293429330975,-0.031476114754601756,-0.19789902378891924,0.9797169134925402,-18.010828633180925,-6.4757293942970726,-3.9096416151981503,0.4485391530377903,0.1509893635021557,0.3333333333333333,True,3
0.18725843921493809,0.94007577119623187,0.28494178590125357,-0.97607739042200903,0.21069621017624945,-0.053665956847217852,-0.11048622018037837,-0.268075831486496,0.95704134901428228,-15.913019110308623,-8.4685705621751186,-4.1206334266121969,,0.2958055543898466,0.3469387755102041,False,1
-0.71480180449383324,-0.69814874060069287,-0.040579752217402509,0.69586924211538992,-0.70430569537283738,-0.14042608498116144,0.069457743773548616,-0.12861502036329281,0.98925921697340657,15.822935613713454,-13.268618733188191,-3.8047182907388235,,0.1111476004635611,0.1666666666666667,False,2
-0.20103734334524903,-0.97171346249369739,-0.12392309465630075,0.97641639392531154,-0.18861280847877393,-0.10505348233942721,0.078708400152559463,-0.14212021420705573,0.98671517291423338,11.284091188692894,-6.3238243304760964,-2.7827389160387579,0.5165254912265175,0.2057050796366138,0.2686567164179104,True,6
-0.99978458072451026,-0.020610861490885153,-0.002446330746172164,0.020752158440385998,-0.99052914747016452,-0.13572529584456816,0.00037425336502584089,-0.13574682464291379,0.99074348826211633,9.8916552944556759,6.4646551971467119,-0.83916234199138229,0.2828804829657895,0.2601421296743732,1.0,True,5
-0.34995036424026182,0.93570875068885639,0.044540728018384657,-0.93130257544306838,-0.3423863088466188,-0.12428647749250889,-0.10104580912247822,-0.084974992784273423,0.99124618287290089,1.5662826182439398,17.608089071934067,0.85242791174818044,0.2441587034698814,0.1905063119660688,1.0,True,5
-0.57416570771177422,0.81843506437470059,0.022311106871153636,-0.81356858108684826,-0.56727010636946307,-0.12771370438566779,-0.091868949902395788,-0.091480445022730839,0.99156009612240503,5.4537163671568463,-0.062203772424017784,-1.8887826831197694,0.2250197690145074,0.214483351656151,0.9196428571428571,True,5
-0.99624857526495547,0.086044890196682863,0.0092224266647741894,-0.086103622958511691,-0.97494505896002615,-0.20510557799058074,-0.0086569276284838969,-0.20513022420031748,0.97869640273353564,3.0905749936923637,26.794701921910058,2.186297810823731,0.2881546059986593,0.2720546140026245,0.8,True,3
-0.97407247701746968,0.22598760551839117,0.010602436942253764,-0.22470942778703465,-0.96100056774507236,-0.16119423642696354,-0.026238951592507727,-0.15939733669579403,0.98686574896163737,0.80654393582019657,-14.37257385265146,-4.2192603993085074,0.2761356590707356,0.2525586215750703,0.9467455621301775,True,5
-0.98352926705694899,0.18071846538553701,0.003319203386121742,-0.17955714469421574,-0.97477411385027235,-0.13256944880581736,-0.020722273805798164,-0.13098191950080057,0.99116816137939223,8.6950420873053318,-0.49483620162367803,-1.895967390824514,0.2219353155261579,0.2042651544178204,0.927536231884058,True,5
-0.96781666834648117,0.25133427704346839,0.012727044187697644,-0.25004633121371783,-0.9546830861266955,-0.16142192326375587,-0.028420568560080267,-0.15940917867753812,0.9868034176248458,8.5549864549033074,-12.004338463134502,-3.7094078716325738,0.3000450999777158,0.2673757298394142,0.9775784753363229,True,5
0.96882089524514059,0.24748143301868467,0.011790387925055199,-0.24776073819481031,0.96755836313568566,0.049451294577146643,0.00083038880508020871,-0.050830642699177142,0.99870694210925637,-15.602162396864264,-8.4828967989001747,-4.0882558577708075,,0.2909472386883575,0.3478260869565217,False,5
-0.50986721292699932,-0.85999896211507909,-0.020909575391238493,0.8547326528516036,-0.50369636726794964,-0.12538764592387988,0.097301168190907519,-0.081803146406839888,0.99188745727861027,-2.8979812248344827,-3.6825459208974625,-2.6195689560089246,0.2482576631525357,0.2187054118913495,0.9203539823008849,True,5
-0.87041305726550544,0.49186787929618436,0.021144717032648683,-0.48915903076615475,-0.85916198451712145,-0.15021360451210203,-0.055718510044979921,-0.14109101203576527,0.98842742473137168,9.0217387809479064,-2.4016856376700693,-2.2180901124859069,0.1333961380245361,0.148664872701448,0.7521367521367521,True,5
0.79046956121145895,-0.55883934637666,-0.25071190187039594,0.60856089078184339,0.76293129850484742,0.21815012255902355,0.069365084941728106,-0.32501448998931554,0.94316173919853852,-5.2559776994022922,-16.228820255147284,-4.527377177135004,,0.212297032558246,0.3636363636363636,False,1
-0.47678505836142671,0.8779224323075383,0.043911399140851654,-0.87340392486749496,-0.46750960289934612,-0.13638311927416708,-0.099204799023771592,-0.10337782183869011,0.98968249140951348,-21.129220225899136,-1.9750967676405888,-3.4477133319189575,,0.3094704434434534,0.8837209302325582,True,1
-0.99131252223639343,0.13144850557184856,0.0045578109051018344,-0.13065517407066637,-0.98016202850206735,-0.14903564463334057,-0.015123119581716273,-0.14833640236179096,0.98882132005154344,6.6069831869547198,16.155232684846442,0.67029282760064191,0.2848600112782868,0.2612068138302573,0.9875,True,4
0.41119742695941697,-0.88701098311338955,-0.21006711284295176,0.9057274461435264,0.4235727379820251,-0.015618224634606409,0.10283223893449608,-0.18384137585056626,0.9775622124249127,8.8003867644404536,13.080387793919922,0.21064360665547277,,0.2610747726814655,0.148936170212766,False,1
-0.81515900701632427,0.57882429706025029,0.021868388437825053,-0.57569514543235922,-0.80542779823420341,-0.14092963264416342,-0.063960087599809451,-0.12746958446747664,0.98977806210782115,-10.859407330349816,7.2779445877408611,-1.0829751572153283,0.2525338877608383,0.2272162718307738,0.9655172413793104,True,4
-0.85367994535829117,0.51590590148156168,0.071215529974597402,-0.51743671113900847,-0.82469207941033118,-0.22834671909951082,-0.059074536466330499,-0.23178454429569251,0.97097174220825133,-20.78255954427566,-11.791009797552297,-5.1878364609386391,,0.1301244823029598,0.4375,False,1
-0.21012885669297218,-0.9772568370106669,-0.028547120709638218,0.97149003041046633,-0.20543193668331383,-0.11834204748783889,0.10978608471921827,-0.052600322303662683,0.99256245228981688,-14.836810590123422,24.488664891086362,1.3844039066699401,0.392387616654626,0.276857009269009,1.0,True,2
-0.92473734348498526,-0.37430635300539067,-0.068960856028153134,0.37313038633160722,-0.85583548483306904,-0.35821688639226718,0.075063708677077984,-0.35698792276539115,0.93108810680799325,24.238151729465439,8.1778627895260474,-0.6700188669988133,,0.1580924125780312,0.3043478260869565,False,2
0.66259831756384935,0.74026826928623435,0.11386992161901423,-0.74438033872503895,0.66769263008649293,-0.0091903779997702939,-0.082833452669518623,-0.078673001824931865,0.99345315838377679,-14.096218891771908,15.507087100140183,0.14651081773808811,,0.1928218877339232,0.5789473684210527,False,4
0.62068676145148416,0.75072482769753313,0.22618615615766177,-0.77824925807518441,0.62494758277479767,0.061389014402932568,-0.095268234287690726,-0.21413255675503259,0.97214773140364796,-21.881676374087757,8.2412729250901577,-1.3684047139859539,,0.1746394744238079,0.2916666666666667,False,3
-0.58792661193010798,-0.80856775990778829,-0.023674387470156176,0.80383167945390377,-0.58070660552594655,-0.12897468513181548,0.090536899056143927,-0.094857872294478757,0.99136524751126087,-13.051199554792559,16.700110929792597,0.33838044950115781,0.2901521576237451,0.2342056402709502,0.8333333333333334,True,2
0.9993431897892856,0.024089949796155988,0.02707144880855876,-0.023830804045331482,0.9996674315294779,-0.009854903236948015,-0.027299849822457752,0.0092032960440964259,0.9995849226261847,-13.804793458103685,3.427901208188965,-2.0062605401716347,,0.2825188548955404,0.1627906976744186,False,2
-0.72671948841422274,-0.68239657385091967,-0.078827033151680492,0.68269988635052326,-0.70474708976439948,-0.19300882012382625,0.076155435367098803,-0.19407847759382099,0.97802550794900633,27.5450147260261,9.9653487921758543,-0.39776682387978135,,0.3185103810676592,0.6333333333333333,False,2
-0.87703799188490805,0.47673695219687684,0.059382145469164739,-0.47731500111352815,-0.85065317049960809,-0.2203623680008856,-0.054541273385214799,-0.22161015754923791,0.9736088473142186,-20.198825295192073,17.32701656866886,0.2657461678427851,,0.4351318179062024,0.3953488372093023,False,1
-0.32459903879395335,0.92491943743879912,0.19788758996444367,-0.93968478279988121,-0.29149394141794438,-0.17895192396554874,-0.10783307928637241,-0.24403957950407595,0.96375137387559262,-2.6731207977490876,-9.2751759746880804,-3.5182459115983771,,0.3323628771843519,0.2631578947368421,False,2
-0.99333025842775091,-0.11499417287540015,0.008446176446186492,0.11057644590275396,-0.97080426368109618,-0.21286599359719321,0.03267793297277017,-0.21051228425749305,0.97704489706119413,-10.608745034046366,-18.255766292655402,-5.3242752188508788,,0.1281638279603038,0.6666666666666666,True,2
-0.99938754515782369,-0.034871123380519904,-0.0029222145023673884,0.034714332804039197,-0.97743168302761141,-0.20837998971057553,0.0044101792920123103,-0.20835380910362475,0.97804357804272757,-9.9763589346848089,-22.091238645446122,-6.115832734868266,0.368466776255935,0.296696103919378,0.7333333333333333,True,2
-0.95498280765999854,-0.26077933637775869,-0.14142833800975818,0.29483137827943517,-0.78143036563163137,-0.54994639925238542,0.032898259158735801,-0.56688686824373624,0.82313849573272524,10.053851254456051,-1.6661697651887273,-2.0568541581396995,,0.1902347216759822,0.1111111111111111,False,1
-0.59616985533842248,-0.79720026154501278,-0.095148550058993767,0.79778990888785406,-0.57493569451275173,-0.18160453863230142,0.090070887985383152,-0.18417570460759594,0.97875765384993108,27.726002469912714,1.9791145960651286,-1.5965065316572682,,0.2384174765360262,0.7333333333333333,False,1
