axis_00,axis_01,axis_02,axis_10,axis_11,axis_12,axis_20,axis_21,axis_22,location_x,location_y,location_z,dbh,dbh_approximation,score,reconstructed,number_clusters
-0.20230418331315159,-0.97877630178180053,0.032710372733137066,0.97910297289647341,-0.20285349105214384,-0.014416297487411939,0.020745743642649035,0.029110345897975926,0.99936089671470241,12.16453507379293,-17.709780477653528,-3.1717338895206848,0.2503933201157068,0.2594648364634211,0.9152542372881356,True,4
-0.54625966961039685,-0.83711524215786481,0.028955909657938796,0.83663292663254518,-0.54696677449436393,-0.029541389159836662,0.040567467648369396,0.0080881979581443782,0.99914406449840243,10.111642796909274,2.7929469199264281,-2.0379482989318962,0.2790895171597741,0.240711710630409,0.9883720930232558,True,5
-0.96292589510870019,0.25957379144733522,0.073451802719629145,-0.26415623418812262,-0.96251559409167009,-0.061524101536782894,0.054728461230494442,-0.078645902143811411,0.99539922523946534,1.7108416699146376,-16.003048898483371,-2.693286050083723,0.3086348044124698,0.2574067209479539,0.9411764705882353,True,5
-0.54340857383431784,0.83544855325554723,0.082053864909371915,-0.83908758185190213,-0.54350484356874018,-0.023119580429723528,0.025281452989890939,-0.08141375731737141,0.99635969822860049,5.1716032313598257,26.853260859926603,-0.98254724767221024,0.2061112540458116,0.2359697571063268,0.9318181818181818,True,5
-0.52227324805082831,-0.84693771820144026,-0.099635113580384099,0.85111149122189667,-0.5103814200713126,-0.12296355377114634,0.053290560894751801,-0.14902116471739307,0.9873969863159372,19.578697223133794,-0.53190817214656494,-2.6096673909468788,,0.288267323210332,0.3472222222222222,False,3
-0.98797918593632594,-0.14348279640899059,0.057530994179213785,0.14126983502823254,-0.98912727322002325,-0.040866503195347292,0.062769115556048208,-0.032247860502295785,0.99750694916142524,-4.1353897531034054,14.649245241287341,-0.94809509610567766,0.3387819709912016,0.3340480989518276,1.0,True,5
0.72062905329553761,-0.68888090601984342,-0.078338144397573112,0.69301471456931152,0.71234091410100531,0.11090999724171796,-0.020600313997389211,-0.13421445309288366,0.99073816300987672,16.599509018636986,-1.2101395330151501,-2.5517261001722793,,0.2094119237850307,0.1428571428571428,False,4
-0.88416628568006805,0.45129519072559765,0.12075856116507505,-0.4648888715353533,-0.87546854049294409,-0.13203473682989683,0.046133679555163801,-0.17287997407189984,0.98386187962315164,25.133081941976464,4.3268657792805616,-2.6284092680318767,0.5083509717123704,0.214979765646995,0.5517241379310345,True,4
-0.44779714167003032,-0.89367049566521595,0.028822995847731941,0.89348766316093231,-0.44846688314971378,-0.023606153799322661,0.034022282277459494,0.015182223008127455,0.99930575121589527,1.3717647310712475,10.084743614709245,-1.379359730026757,0.3221854185252042,0.2588267797376907,0.9315068493150684,True,5
-0.65960982380387878,-0.75069364850667153,0.037066513636423409,0.75016272053347965,-0.66059728984939758,-0.029446788711849494,0.0465915557072904,0.0083825255963776123,0.99887885161384904,11.501389717616757,0.39451408984868613,-2.2433134715295062,0.2693213516304094,0.2651851600682991,1.0,True,5
-0.60649302736495558,-0.79467184571918226,0.02574617212243812,0.79383696163256734,-0.60703695320173423,-0.03645566888054691,0.044599171558043868,-0.0016718459326319282,0.99900356297037929,17.055936523626706,-19.736992608748889,-3.4341337775360268,0.3030040122109057,0.3024008433405352,0.9272727272727272,True,4
-0.91897892985430663,-0.39102436691511305,0.050770768779570284,0.38980477423384957,-0.92032569314773449,-0.032447750563623465,0.059413504090661776,-0.010028111027338775,0.99818308567160774,12.563652838280097,-6.6895676730560023,-2.6584280954502191,0.2122905348243519,0.2192298840257868,0.9682539682539683,True,5
-0.99226647435324511,0.10620716090901115,0.064243932368967235,-0.10817626222551337,-0.99373787712509298,-0.027980848054167853,0.060869862538845951,-0.034714125922466553,0.99754187345491485,11.513680184446924,6.1037899077488191,-1.9983596358799416,0.3176801907994346,0.291371197512887,0.9747899159663865,True,5
-0.59796846385291735,-0.80111291713027466,0.025530574697850496,0.80032804529791168,-0.59851273832257423,-0.035461556300252169,0.043689084987034055,-0.0007720574034325231,0.9990448777609342,4.17862201985929,-23.508701233441446,-3.1130909330808016,0.1907414823583328,0.2282625310840702,0.7555555555555555,True,5
-0.94566441934866408,0.31534161190461724,0.079236820855911022,-0.32006001414106189,-0.94574008708253909,-0.05601138306750305,0.057274718034899433,-0.078328510049081548,0.99528099107112156,4.6090812907113463,-23.194331282245262,-3.1073965234027554,,0.1778581506312622,0.8571428571428571,False,5
-0.97753290948869132,-0.20303315049691303,0.056629944957343858,0.20096438432671723,-0.97877486039347616,-0.040163277927911807,0.063582443321701529,-0.02788032390466607,0.9975870691023484,12.488842780219642,-13.073320113657047,-2.9947887686974664,0.2918746280107719,0.2897594234124323,1.0,True,5
-0.44166667412950245,-0.89617492133761967,0.042438889345678035,0.89652469944317537,-0.4426569437295686,-0.017271174144260763,0.034263862183176425,0.030419410472729065,0.99894977211808988,5.4258730891820175,0.20591721531079421,-1.9932724520646159,,0.2602310986079709,0.9554730983302412,False,5
-0.83433078797470095,-0.54952742170786795,0.04372355233301569,0.54835435671577137,-0.83545082339625576,-0.036461228138274314,0.056565322489555481,-0.0064447247902325797,0.99837809962660495,-0.60850938819495914,-22.999494786842643,-2.9631704314778822,0.2310565051464349,0.2312325375840743,1.0,True,4
-0.63980387427067564,-0.76799947378979727,0.028771700103181485,0.76738887586608218,-0.64044587188971613,-0.03071479084108544,0.042015659761848824,0.0024276404213965479,0.99911400295299668,13.803136882118119,-5.3992490534366899,-2.6373525572232941,0.2065031457744412,0.1755299431248332,0.918918918918919,True,5
0.8419238663664097,-0.53925138018184404,0.019291247098444805,0.53616943088764402,0.84006494901109208,0.082542248725196041,-0.060716922058490372,-0.059150912207408771,0.99640083548779479,10.040857733699617,-22.349970167235213,-3.2553451201409929,,0.1673419731198734,0.3333333333333333,False,3
-0.41824826210515581,-0.90821531386287635,0.014605988873578155,0.90767258148281638,-0.4185031989122619,-0.031393587315322234,0.034624789823736353,0.00012714229010999528,0.99940037410664451,4.0937941880375597,11.758556751021253,-1.4137538278263519,0.1370274567626683,0.08531587629122345,0.2222222222222222,True,5
-0.79229134937653656,-0.61013312251004548,0.0034627329162756487,0.60728202552362875,-0.78911259039059245,-0.092248908735920149,0.059016600876584197,-0.070985156921651929,0.99572995752753324,1.8407769310880335,12.425264575972903,-1.2895563121377112,,0.10652782400629,0.4146341463414634,False,4
-0.71504586556767502,-0.6987565257904792,0.021183196165681508,0.69728960493192149,-0.71505537078837289,-0.049829946423684005,0.049966158432073401,-0.02085987468615056,0.99853304834623224,27.506497354760985,-6.1877039866712762,-3.3304265453875339,,0.2678184484102554,0.9459459459459459,True,1
-0.99786824955908704,0.026868779988411733,0.059472894530348347,-0.029551246180304594,-0.99856356545439184,-0.044693731061565115,0.058186599583363204,-0.046355953327990217,0.99722888306545676,4.5088258578161824,13.228352825370157,-1.350961731692653,0.2738588731636156,0.3427312141233457,0.91,True,5
-0.20326957740969906,-0.97844914697755458,0.036314538115984243,0.97890539215280259,-0.20386617969718318,-0.013520872377267582,0.020632792197103324,0.032800115160937823,0.99924893811881499,1.8433365689830212,-6.9721675318980356,-2.2748537625115479,0.2593131044244382,0.220418963310686,0.9902200488997555,True,5
-0.64445954391841931,-0.76385963464933759,0.034501518891846328,0.7632476337480173,-0.64535237271787782,-0.031198791730747272,0.046097134732173077,0.0062268435653110785,0.99891755445016484,16.551944705662848,-2.0692960942084637,-2.5962377047113652,0.2550276965619799,0.2387520403014678,1.0,True,5
-0.79611402941412879,-0.60389452371688945,0.038908307528735864,0.60266664436328743,-0.79702587853725304,-0.039276770664279398,0.054729954703930828,-0.0078200490197160508,0.99847056986745231,9.4431777000670518,-6.5661334631270218,-2.5183573303958506,0.24249069647352,0.2112460881777489,0.9493670886075949,True,5
-0.99526195494484093,-0.076850432874380745,0.059562169255270192,0.074640788136909608,-0.99646784991863502,-0.038478264316798169,0.062308858003289704,-0.033850185310463493,0.99748271722810977,18.089356761546515,-15.046136605616367,-3.2795173966307054,0.2011238711567523,0.2292975553461605,0.8780487804878049,True,3
-0.97143296737116769,-0.23163926831432596,0.051587200730903823,0.22897687397927283,-0.9720042462200591,-0.052700441296573246,0.062350469822825397,-0.039382670109796569,0.99727700475238834,18.965918239886268,1.219584037087371,-2.5074452773921205,0.2620513940955488,0.2486009371271463,0.8695652173913043,True,1
-0.52797844407349981,-0.84898984100368236,0.021331021219516702,0.84840834694919465,-0.52840706472060295,-0.031452357308963244,0.03797419414102543,0.0014912497771581504,0.9992776074512234,18.733771120005908,7.7666219309668554,-2.2007757604353975,0.1603941993551411,0.202381322208791,0.8604651162790697,True,5
-0.99772339586553171,0.022009770881546275,0.063746335802879667,-0.026191795579970475,-0.99750682406472224,-0.065529579493601497,0.062145113941875545,-0.067050025578317574,0.99581237132458789,6.1823739728123179,-18.125398370047492,-2.8812659002345749,0.1600336271203597,0.1730436672007875,0.4666666666666667,True,5
-0.84205713393295012,-0.53799994114241689,0.038676175138967116,0.53644905375826801,-0.842788252353039,-0.043936026419868157,0.056233405680990951,-0.016248846927228607,0.99828541963661432,17.826200976975816,-4.2292834668587345,-2.7056931413271879,0.2921813436672893,0.2545492436405439,0.9642857142857143,True,5
-0.997326341609448,-0.042554062222279337,0.059408081270960318,0.037877285503568996,-0.99625357289287286,-0.077744001318856323,0.062493836294435959,-0.075285923561895687,0.99520176353272038,-1.9864318325187715,-28.328001450129499,-3.1386840910446092,,0.240372925853756,0.8695652173913043,True,1
0.46022995432141667,-0.88731072368655761,0.029463006909399094,0.88749175927783419,0.46069095102119717,0.011055535315769992,-0.023383035714813347,0.021060087322261962,0.99950473053544753,14.761950734257704,-23.621740736402824,-3.4886388745710692,0.2526267862983667,0.2599977746702181,0.868421052631579,True,2
-0.60471410277723436,-0.79544945446300819,0.039762033358825707,0.79304840668501142,-0.60599035520381228,-0.062047675656089998,0.073451198470075044,-0.0059878873120123056,0.99728083639908061,21.98762197915136,10.187501695966242,-2.2800479650381633,0.2455341058073877,0.227240297814007,0.8461538461538461,True,3
-0.96153281704229676,-0.26014848371296212,0.088189614879258083,0.25566049805340207,-0.96496171588881763,-0.059047409799205301,0.10046069622390402,-0.034229421420111969,0.99435204793043663,-5.6992118618027003,12.677882342286065,-0.98409467659525374,0.4485549805803103,0.3018181453902285,0.9506172839506173,True,4
-0.43901116271995827,0.87892335947177025,0.18644818900200694,-0.89824853966576235,-0.4340696292301956,-0.06879765961343548,0.02046362615950657,-0.19767975403368496,0.98005303675341282,24.706503194752699,0.33099626973518553,-2.8000415281716062,,0.3635148859737908,0.3214285714285715,False,1
-0.83060098981576147,0.55096954393438125,0.08083660911875451,-0.5547183016829671,-0.83137343425679622,-0.033253850754852321,0.048883550352270211,-0.072462227876331289,0.99617248709054229,23.397975513033227,-13.82472836962474,-3.446753815485478,0.316046251527956,0.2990011066547758,0.9565217391304348,True,2
-0.9976316401315839,-0.030811832463948537,0.061495866434914018,0.02884342978835874,-0.99905076474643384,-0.032643927729529607,0.062443311622712883,-0.030792863455357776,0.99757337193502205,6.5235006857148763,-21.247059549271125,-3.074606740557603,,0.2105056976282744,0.6571428571428571,False,1
0.36249011742421217,-0.89356022570436422,-0.26486041193229898,0.93185983921685933,0.34279067835119181,0.1188772092970688,-0.015432265695944853,-0.28990459443530037,0.95693112150289827,13.137286842273241,22.42054911007731,-1.5102021633483118,,0.6882047367174086,0.3636363636363636,False,1
