axis_00,axis_01,axis_02,axis_10,axis_11,axis_12,axis_20,axis_21,axis_22,location_x,location_y,location_z,dbh,dbh_approximation,score,reconstructed,number_clusters
-0.93183338081162714,-0.36190951702479712,0.026609244484793165,0.35680054983597015,-0.92711227453367206,-0.11470047099184448,0.066180949237094333,-0.097387534602122433,0.99304367983598685,-3.7373182794962898,-11.953484740378778,-3.026371044785928,0.3237607495190191,0.2561399324881616,0.9703389830508474,True,5
-0.98902478663277349,0.14027734705077846,0.046392211958402159,-0.14433468770278696,-0.9844202650445758,-0.10042031515239991,0.031582738192512609,-0.10601418619205563,0.99386292967103884,13.329504051882493,-6.5842829549527533,-2.965541096481128,0.2778394930244318,0.2130467842413276,0.775,True,5
-0.99648269021853408,0.07022630206598468,0.045722145542069749,-0.07467672130911554,-0.99174071977247058,-0.10427718849155307,0.038021512191834472,-0.10732479323678792,0.99349673042608799,13.182769879277551,0.96769294377971526,-2.1434575565004228,0.183587346978524,0.1716543323493926,0.8771929824561403,True,5
-0.88373422358781195,-0.46693165345114479,0.031442853958044581,0.46265686929420835,-0.88180425990293809,-0.091486985478335558,0.070444611962369758,-0.066302927706182388,0.99530973994182315,9.1287813705731455,1.2034044640774948,-1.9580728005118233,0.2826330708710672,0.212447194619792,0.9621621621621622,True,5
-0.72267558445995217,0.6892524246929338,0.051682634224434837,-0.69088301281836595,-0.71811632031675632,-0.083603905971777914,-0.02051005179131999,-0.09612515565465668,0.99515792325936081,7.1298227713015114,9.299094082705718,-1.1312045153643657,,0.187967827618517,0.9175257731958762,False,5
-0.76101251595622588,0.64522206871518961,0.067442068480022266,-0.64861520422921337,-0.75473071028934735,-0.098386339442177242,-0.012580437220886462,-0.11861718673542494,0.9928603605796249,15.084214298573185,-9.1757392564791722,-3.3524729644459579,0.186080471499861,0.1988529312585467,0.8987341772151899,True,5
-0.99245371449400399,-0.11559184375814363,0.040916381116188089,0.11083012131850023,-0.98838300535190726,-0.10399864874149482,0.052462451292126976,-0.098679077762832704,0.99373544307139228,-9.094519540781139,-17.814219680128087,-3.5312624888794786,0.1883584927440218,0.214150887726182,0.9302325581395349,True,5
-0.83095338585468037,-0.55605987792926526,0.017716734855253154,0.55125288009919282,-0.82723208997894437,-0.10866154559645752,0.075078177381885408,-0.080526278110667121,0.9939209152717613,20.454062381030749,-13.053210653723717,-4.056500012975933,0.2320943074145425,0.2343526926205366,0.6190476190476191,True,4
-0.64920216577905543,-0.76055742627036849,0.0094312932716714912,0.75557544583846459,-0.6462755731623997,-0.10692814961279726,0.087420212730174196,-0.062291932692798369,0.99422201822711931,14.959647278754019,3.030613767359124,-1.9781182811659965,0.1040400898244257,0.1309584185573595,0.5517241379310345,True,3
-0.46563595397206115,-0.88455249556068949,-0.027386875796366512,0.8809692123097187,-0.46036394537828429,-0.10935394258157666,0.084121372616733622,-0.075046121772527521,0.99362552014125527,-3.7925202674490888,-5.2105446075977504,-2.3094656374711149,,0.1007661891648219,0.2248062015503876,False,5
-0.99651979196851248,0.067379324007607946,0.049074748204238211,-0.073261692266823386,-0.98879686466849903,-0.13005185453482138,0.039762151114254796,-0.13319454612717024,0.99029196917916251,13.240902951058802,-19.016111991507355,-4.4510380692572014,0.257514371693116,0.2699266828900373,0.9333333333333333,True,4
-0.99878586999670105,0.016408580794162301,0.046449374282706492,-0.023612480897970616,-0.98698456940348978,-0.15907202929884057,0.043234669430637203,-0.15997568013835622,0.98617368912554859,-17.351355865079743,-16.866209272638557,-3.254495645573833,,0.2404703963097234,0.7666666666666667,False,5
-0.93973362649229375,-0.34079753971696952,0.027527225841028541,0.33590823611141418,-0.9352634561261437,-0.11157026730943936,0.0637680809822668,-0.09559971003011361,0.9933752197885739,-9.7546408872371497,-4.2700394241188278,-2.0014159915430727,0.299334801437463,0.2698195122101401,0.9951219512195122,True,5
0.67812186365194371,0.72799890774557974,0.10083812948710211,-0.73043427524538285,0.68276737011511812,-0.017160648380467255,-0.081341917754422538,-0.062018615167773246,0.99475483602177295,4.9391487649008683,8.0597508248065708,-1.2224701632783948,,0.5506459116086448,0.2929936305732484,False,1
0.7323276208358962,-0.68094938834696261,-0.0020460378133359269,0.68074474368252469,0.73217513528265643,-0.022498115975294691,0.016818136325108604,0.01508316225867351,0.99974479168777297,7.1448285664733646,16.180544492450434,-0.37308325258708291,,0.2042678779617876,0.5625,False,2
-0.99251587609867353,-0.1085606362318641,0.05591801098943941,0.087619640141266691,-0.95204939366011576,-0.2931292388911777,0.085059005129363818,-0.28603590734790452,0.95443618191792357,10.460431337561308,-9.4369145527430121,-3.3232192518935459,0.5873056824052048,0.4407857224941139,0.9424460431654677,True,10
-0.97903740772526437,0.19866844794845909,0.04490659266015444,-0.20196345456657189,-0.97546317003636818,-0.087649112500561038,0.026391614087259818,-0.094881250478427992,0.99513869938492439,9.102907784846094,7.6420750203453398,-1.3477049891677477,0.2053788090379271,0.2338363761054286,0.9523809523809523,True,5
-0.51781078789880319,0.75043972378612123,0.4107459176905246,-0.85405031599503611,-0.42556338856469123,-0.29915524408259631,-0.049699554167019863,-0.50570349343973142,0.8612745967683314,8.0901803635560974,3.1252386087564563,-1.7250323912684604,,0.5153124080350729,0.2564102564102564,False,3
-0.44100011515817644,-0.89742780897470253,0.011925858851277948,0.8937576140601392,-0.44033234149224298,-0.085467867327358962,0.081952582265621493,-0.027032512181152893,0.99626955064639655,12.894419175118756,-4.5311088734092815,-2.7141779490999811,0.1376012715076641,0.1233284454643168,0.8450704225352113,True,5
-0.97184948839710572,-0.23352805848699706,0.031196438924615235,0.2282984853040049,-0.96614302000087615,-0.120197614416775,0.058209737245418801,-0.10969189032412682,0.99225970173485267,12.130218780181387,-26.135929015753756,-5.1916286883368308,,0.2300406899433819,0.96875,False,1
-0.99731890624826069,-0.060504034115233328,0.04116140298333449,0.056141639111340555,-0.99340743096285244,-0.09994894929751974,0.046937358230579838,-0.097370108162458377,0.99414080815484385,-4.0452715080172039,-8.1738021774264116,-2.6245028752331954,0.2301018628413084,0.2244305276449847,0.981651376146789,True,5
0.33493362397625187,0.85145016582281174,0.4035493559038868,-0.93815067294370469,0.34121334970668471,0.058709154628717342,-0.087708508056001805,-0.39825376972760829,0.91307236981103546,5.1228952722952235,4.8753326808683806,-1.563327277758195,,0.5187436743297983,0.2192513368983957,False,4
-0.95642695375574349,-0.28975877680149903,0.035879428590878247,0.28406422884815841,-0.95187714221473185,-0.11505398740598463,0.067490710608275883,-0.099848672477977157,0.99271105896226208,-25.443415965318167,9.5517526724062769,-0.083965163623550096,0.3595530863256516,0.3510781744196899,0.9491525423728814,True,2
-0.98826433309849349,0.14374096410791209,0.051692776697699422,-0.14864120052263194,-0.98291436091945439,-0.10855944272835936,0.035205133611179232,-0.1149691016561805,0.99274503485627696,-14.348838539317216,15.621150865476706,0.32391988461377913,,0.2532383264110279,0.98,False,5
-0.8959950051441965,-0.4433767400252312,0.024698525487389291,0.43825003853801953,-0.89186584964399174,-0.11185799014923588,0.071623002436906794,-0.089400070712503388,0.99341721994262,-11.322105542013187,-13.497154602580466,-2.9966908470019589,0.3409747603977422,0.2863239418950975,1.0,True,5
-0.96976503318802398,-0.24168097461460225,0.033853905464028916,0.23670117434042617,-0.96527084622887904,-0.11056558002582963,0.059399785114886958,-0.099209374203856324,0.99329208473559549,-4.1223515013804333,-16.28162158650095,-3.485884169222889,0.1470125996258599,0.1861282763381059,0.9661016949152542,True,5
-0.63972500175849689,0.73176416286839652,0.23510238634817304,-0.7685719636368209,-0.61182472158167889,-0.18699638171082852,0.0070042013486157247,-0.30031936335011022,0.9538129906645495,11.254205578003626,-6.7288034022971352,-2.9678719592149188,,0.5079472376611446,0.4016393442622951,False,2
-0.74499191360882566,-0.66686496567593145,0.016678315607388198,0.66242529127700722,-0.74251590246039922,-0.099311973447273244,0.078611590328864056,-0.062938479068518974,0.99491656218926661,8.1927278610918677,5.5361992795200905,-1.5010931495768707,0.3538968435181041,0.2516422085845746,0.881578947368421,True,5
-0.99717723007038339,0.044850146502291265,0.060216577351093335,-0.064507241856617839,-0.92215970942752079,-0.3813925616167701,0.038423789209407769,-0.3842003834814236,0.9224498239771729,-11.347347357415391,-13.189480594165683,-2.9630610565776325,,0.3221854033381397,0.1808510638297872,False,1
-0.99796848172778951,-0.048652736475720028,0.041131748216610128,0.044183149298562235,-0.99366305830329815,-0.10335170962009721,0.045899442218739789,-0.10132441856117444,0.99379404476342481,-5.4657414945654486,-1.8185025330970745,-1.9044830472288017,0.2775296395604976,0.2434557429147485,0.9914529914529915,True,5
-0.89622706100070704,-0.44264572543534436,0.029014080785945109,0.43809959562234119,-0.89349179586797645,-0.098697289892683018,0.06961177662994178,-0.075744124989577569,0.99469443955618198,-5.9363228245667248,-18.701668008227685,-3.6336818111188958,0.2449820605346986,0.1776771121998629,1.0,True,2
0.99905161179516444,0.0037254342144030185,0.043382002136818816,-0.0038957612800588925,0.99998502964460712,0.0038423340203930928,-0.043367038330206414,-0.0040076959203052013,0.99905116903984315,-4.1490759904248389,-4.8199554128685405,-2.2460275495091904,,0.07376842300478426,0.2222222222222222,False,4
-0.96901507497531469,0.24232499972099975,0.047837004304220457,-0.24577023382586594,-0.9652433104597461,-0.088895127976110155,0.024632836535073761,-0.09789763083408784,0.99489159069785493,-6.2453861391966967,2.2671448215088987,-1.4502445747716883,0.3184996484755332,0.2444782824540056,0.9746835443037974,True,5
-0.99128055325226772,-0.12630105098776873,0.03756207213752167,0.12164156277777956,-0.98672091182671173,-0.1076344385819135,0.050657624785010194,-0.10212681667049656,0.99348070860379223,-14.945790283112775,-5.3911102563110562,-2.016129813580072,0.2462720862117456,0.2613071168381353,0.9102564102564102,True,5
-0.99891910041470522,-0.00011928965853703986,0.046482433204957062,-0.0056766888581292257,-0.99219837673108058,-0.12453977844775597,0.046134651080114608,-0.1246690297635524,0.99112523274686637,13.274640691577192,-17.028634829597195,-4.2744322324876372,0.2316042229397471,0.2441966221080919,0.9850746268656716,True,3
-0.99896653051772699,0.010343931381306071,0.044259168416867362,-0.015242446885439943,-0.99361213535295145,-0.11181499135756011,0.042819840241625572,-0.11237405200011936,0.99274293435851479,17.964963815841365,-0.25023799211435316,-2.4350977030192822,0.320941360568178,0.2602927286393311,0.9803921568627451,True,5
-0.60267759803152676,-0.79784822944858358,0.014761964527492129,0.79377364581667387,-0.60129253884674716,-0.091491430932846798,0.081872535308590511,-0.043422177432671565,0.99569644092421572,12.408813015441412,-5.6798818521007908,-2.8086258435779499,0.2531544427156406,0.2068771219119369,0.9747899159663865,True,5
0.92652066060500893,0.37314343298618768,-0.048202115009005002,-0.35104158859554191,0.9034349032531942,0.24612025243813399,0.13538562903195217,-0.21111455185082509,0.96803996686523686,10.698126711222224,2.1646603989522433,-1.9386425186900464,,0.509643584234681,0.4636363636363636,False,2
-0.91479588239967591,0.4000556152795316,0.055713537205198817,-0.40380897902498836,-0.90899233788334155,-0.10330168502098877,0.0093167592754201389,-0.11699758267885078,0.99308849738777605,9.3801629489796863,4.8595918444980901,-1.625410543381256,0.3012367178938495,0.2365013530055245,0.9513513513513514,True,5
-0.82963343823320601,0.55558020415490983,0.05512707970261696,-0.55829836157733315,-0.82496988032066143,-0.087906973692532239,-0.0033611940460418696,-0.1037079231057256,0.9946021159537527,-10.241685553457515,0.37078146932089684,-1.4928965983931943,0.2635980703925697,0.2358199963899007,1.0,True,5
-0.75876569883282974,-0.65107739892270056,0.019308932823414667,0.64658608601390222,-0.75645314987291679,-0.098514290438321037,0.078746731030254064,-0.062264377130055906,0.99494828995915963,-13.375634237929832,3.1025256657474736,-1.0456379654170862,0.3141261002930096,0.2940744063473801,0.8449612403100775,True,5
-0.99961433075240358,0.0011455776863061456,0.027746664775931431,-0.012786252051376611,-0.90592716854939548,-0.42324044825908702,0.024651602643680961,-0.42343199328326486,0.90559242794496586,5.4998544736499557,7.7115037596927021,-1.2312903567547286,,0.4682768945381721,0.3543307086614173,False,8
-0.88695707873676621,0.45848164199778585,0.055693127311700646,-0.46184507951602599,-0.88112527646748673,-0.10157445395832804,0.0025025997640184053,-0.11581377776892923,0.99326779162183232,14.981212808125433,-4.2949053212205852,-2.7630346550454075,0.104042715343512,0.09192874287582689,0.6,True,4
-0.23650439533186546,-0.97134840583181004,-0.023408235232708352,0.968479083095519,-0.23373013422543304,-0.086130656339214018,0.078191665765421609,-0.043040664992100124,0.99600881751210713,-16.959327127195376,4.0479137507448035,-0.84281568574638788,0.2619899084030232,0.210749762955391,0.855072463768116,True,2
-0.98607591602131783,0.15902426310373793,0.048637142052481729,-0.16346923761378268,-0.98062603409425231,-0.10793697054553919,0.030530250517949685,-0.11438472363429095,0.99296728989550254,-14.848721964053453,-8.9218658717772339,-2.4396589432416094,0.26403055996678,0.2571511430304912,0.7590361445783133,True,5
-0.97282091920448477,-0.23131935406723059,0.010526898501476069,0.22765330831209188,-0.96373877318961232,-0.13921762914782435,0.042348912296550099,-0.13303733868692894,0.99020585543734208,11.074993338599963,-12.798758390154108,-3.742722837587813,0.7130853850419606,0.2344207156814472,0.2173913043478261,True,5
-0.89162514249933356,0.44078558335430618,0.10350205200886656,-0.4527743425397518,-0.86801673146527925,-0.20381940200586457,8.5887260480033145e-07,-0.22859357690743781,0.97352194458878261,11.606421048291208,-7.075357817863698,-3.0288002687956932,,0.2953645752922105,0.3207547169811321,False,5
-0.9712850139593886,-0.23542510567781494,0.034357550472904876,0.23088891506111722,-0.96755041510631457,-0.10264747015634099,0.057408453731212235,-0.091767171930851071,0.99412426567104928,-11.912759522052486,10.454472926009045,-0.23186547810561667,0.3092424063148255,0.2728431636411428,0.978021978021978,True,5
-0.98213251870813056,-0.18513165835287901,0.033793265180168584,0.18081787488124273,-0.97808658359807699,-0.10320625518288239,0.05215948446309232,-0.095251792954021905,0.99408575290041723,14.295812854636923,5.3393140521247044,-1.7677850075669992,0.1373654580469683,0.1265012498216555,0.8,True,5
-0.82798956745469132,-0.56009446201668978,0.026971648159330532,0.55570855411767783,-0.82603650393599071,-0.094083457874638329,0.074975189673890358,-0.062911745989471107,0.99519889125235805,-14.430600724923439,11.828665601489146,-0.019926744980739156,0.297761746232674,0.2697367733214281,1.0,True,5
-0.72202527676011152,0.68537185214114282,0.094577608407618724,-0.69173469034209112,-0.71244086881644864,-0.11803019366838585,-0.013513618938573696,-0.15064339591460546,0.98849580139244864,21.319104490880111,6.7843968599894255,-1.8365572041295541,0.3656662552974266,0.2221832864243674,0.96,True,5
-0.96742645510698833,0.24592867920904712,0.060042807243009179,-0.25178622234226561,-0.95935637091286941,-0.12743253833892496,0.026263133814126149,-0.13839956044505355,0.99002818620021038,-7.3465425623110585,9.253212479392289,-0.53663076730869985,0.2919910401075821,0.277665954393763,0.9647887323943662,True,5
-0.71550780299273087,0.69510585106656586,0.069831509145524245,-0.69843283138391687,-0.70953167824073671,-0.093575518261612992,-0.015497222382126273,-0.11572663213759321,0.99316019992372317,12.431202263746242,8.3798171892948474,-1.3075002602510168,0.2676898139647018,0.2039445009384591,0.9746835443037974,True,4
-0.90688173834652108,0.4169699423015194,0.060840610373817265,-0.42119368189392475,-0.90132439304940903,-0.10104563734646398,0.012704132643761079,-0.11726212394111529,0.99301973761984563,-17.060667967115805,0.38124586721140075,-1.2999369067460822,0.2985835598810164,0.2600592359709412,0.9846153846153847,True,5
0.36078301662202594,-0.88361418372755396,-0.29843188373999135,0.93126316546134258,0.35874817093517236,0.063629132522679779,0.050838288445139851,-0.30087493110287072,0.95230758910228774,-9.0709247184838748,-21.015021348223357,-3.8778506982171694,,0.2238198041646112,0.4615384615384616,False,1
-0.82720300122738499,0.5582707558447515,0.063788383965555001,-0.56190244503884279,-0.82166960614369888,-0.095523298723555333,-0.00091488784966262809,-0.11486000830658688,0.99338126692223927,-21.65385431945829,-4.8524145458626915,-1.8583754407918853,0.2478108812775315,0.1952982149816139,0.8620689655172413,True,5
-0.94388472915556187,-0.32865902461339463,0.032632247962758251,0.32411526816032787,-0.94074165287851252,-0.099771917315258793,0.063489455914267912,-0.083596579353320502,0.99447508812847263,-6.7615569207774815,-10.680181887130512,-2.7653026317014029,0.2325571131574741,0.2081569184480023,0.9507042253521126,True,5
-0.91723837531128227,-0.3948919945771095,-0.05228838757537986,0.39261955209178245,-0.87408242244423007,-0.28605909544930797,0.067258086291310124,-0.28291382326238507,0.95678425908638975,10.96069555911796,-11.721323050421864,-3.5986944401438143,,0.3511984511306514,0.5128205128205128,False,5
-0.77652970456485393,0.6262975467396692,0.068942010967857112,-0.62997719158218968,-0.7697578723709867,-0.10296385778081697,-0.011417355851382947,-0.12338638851495461,0.99229302280858511,27.587218222126015,-0.71283227081842504,-2.8399070719029109,0.2833310403834597,0.3282615971513737,1.0,True,1
-0.99906508551593176,-0.011536025921478128,0.041663833344819302,0.00757228411495014,-0.99553675074579107,-0.094070390813461593,0.042563075738583173,-0.093666952659163139,0.99469336308393019,10.768624578807634,10.226954341581891,-1.0817055106414812,0.2060423981230841,0.1994791520560258,0.9318181818181818,True,5
-0.97700425780548927,0.20372326875126109,0.062924637458193031,-0.209911303090005,-0.97079169591063907,-0.1161926330969401,0.037415572493276747,-0.12672928990665699,0.99123143716023943,19.611634420230768,0.42760825650469592,-2.4109311189357956,0.2537310006751907,0.2911692640406797,1.0,True,5
0.43045655392751958,-0.88252066781104155,-0.18937905392940743,0.90200050708178348,0.42830785842916541,0.054290548275251135,0.033200006100143661,-0.1941897249963942,0.98040201463520815,5.6605116129474347,6.3101769495336715,-1.3826727416453013,,0.2812018959982429,0.2962962962962963,False,5
0.83507522871577267,-0.5439977096428702,-0.081950315976266674,0.55002599309730094,0.82856892989089148,0.10461804498646228,0.010989508752725544,-0.13243874177435069,0.99113026912439672,4.1200716657347654,14.13578618183206,-0.57264572100824773,,0.426220170040472,0.1666666666666667,False,5
-0.099678505765245395,0.9683407076329883,0.22886779902217308,-0.9948746903111908,-0.093065025929833345,-0.039537975756156779,-0.016986643771590343,-0.23163586701874417,0.97265424434577685,8.0625301281717352,8.7486195704643315,-1.2024020429271987,,0.1006592285444906,0.5370370370370371,False,9
-0.9791688445338258,0.19547955350375146,0.054919195699388981,-0.20026046733530684,-0.97439393856240908,-0.1022359903139908,0.033527885661614527,-0.11110444030196052,0.99324301368207524,12.048648418031171,9.7720417900598058,-1.1618187184954876,,0.1450283516547092,0.3333333333333333,False,3
-0.99795998351757564,-0.047375828491277361,0.042794884885511648,0.041637554827842614,-0.99112459073977721,-0.12624721644007467,0.04839612924147476,-0.12420779567190511,0.99107529389485227,14.168216414569111,-11.083029537871775,-3.5490383630146827,0.254179952223849,0.2425298403006854,0.7808219178082192,True,5
-0.76456512025714518,-0.6445066105235725,0.0071697892292737278,0.64110158106754611,-0.7615802410380903,-0.094785543270354156,0.066550279029233994,-0.06787315707832875,0.99547189558990101,10.090588100424178,-3.1063567885389842,-2.4722778934683856,0.3491496542671016,0.2786560966974237,0.9245283018867925,True,6
-0.99897988970733931,0.0071135118114770638,0.044593473850092866,-0.011707390972151184,-0.99454818975022452,-0.10361870131002171,0.043613265836625094,-0.10403507203947272,0.99361692156927595,13.966465293474759,-3.5494380212263237,-2.6686542205044383,0.2798009585222009,0.206291812671124,0.9420289855072463,True,5
-0.99835589503467337,-0.044737032562629217,0.035834407585523052,0.039350453638084093,-0.98950687666967108,-0.139024036849419,0.041677915590779525,-0.13738536654579284,0.98964044602627521,-9.9752959266050052,-24.257163737267099,-4.1929011052971186,,0.281145685297968,0.9772727272727273,True,5
0.98780005588265551,0.1401582619479885,0.067872757465275935,-0.14437627307123643,0.98758976233420637,0.061821946804712424,-0.058365583799709631,-0.070866938274373931,0.99577674992306076,7.0233413490730943,16.501678523210764,-0.33368448293858072,0.1719347871044192,0.1407197833529023,0.3076923076923077,True,6
-0.69043031215388084,-0.72302151536166503,0.023363911984427596,0.71884451740125899,-0.68934402065033007,-0.08981860050005408,0.081046553666678872,-0.045218464345425702,0.9956840596399017,11.264227269523619,-22.160742790933405,-4.7334037636976625,0.2175404888084949,0.2367577340718386,0.9782608695652174,True,1
-0.68992514039548847,-0.71747506171777786,-0.09608764990016104,0.71926841414283915,-0.66450232205693005,-0.20270572857566949,0.081585838640725217,-0.20896458980893973,0.97451400766703755,-2.5836692174500877,-12.187878140479979,-3.1123587310468817,,0.1859943622774873,0.3428571428571429,False,7
-0.01247421090315631,-0.99992215745960633,-0.00027033991521101947,0.99735146571326039,-0.012422765908171679,-0.071663998819503485,0.071655061942298301,-0.0011635757461145313,0.99742879354344283,22.898609460145323,-6.6508847733916401,-3.3493692385142286,,0.109637012212731,0.5294117647058824,False,1
-0.92561060993374145,0.37528717779182691,0.049036037392241154,-0.37834860122666558,-0.92087443290004034,-0.094035178421990356,0.0098658364021055669,-0.10559267501145959,0.99436052428483501,16.095278159907942,8.8279935230954258,-1.3883340615517838,,0.136867971543164,0.2,False,2
-0.53292074264225442,-0.84571305185491563,0.027657114525430983,0.84211801227340444,-0.53328140170435956,-0.080300684934338867,0.082660362123079603,-0.019503346340515718,0.99638691481532582,-18.533520759140515,14.4341949517235,0.26907696041538443,0.2589636916882793,0.2106703381599366,0.9743589743589743,True,3
0.98546915522394185,-0.1664080801085375,0.034042546567517998,0.16641000748880375,0.98605268031122362,0.0027966155668797538,-0.034033123714806858,0.002909042049059448,0.99941647172966386,7.3038255675190218,22.557802868070436,0.29241204424412648,,0.2536267883488799,0.8974358974358975,True,4
0.25959091861862443,0.94966868663716897,0.17533379763061493,-0.96313277832505362,0.26787062305719189,-0.024911455573995198,-0.07062440291147265,-0.16240294000967639,0.98419382175952075,-5.9013912768462982,-20.669370571359138,-3.8799389790910235,,0.194035059827984,0.4333333333333333,False,4
-0.88090572808336531,0.47059496820377522,0.050452692011452978,-0.47328467112093414,-0.87645701223269856,-0.0884574801250822,0.0025919706526054756,-0.10180118667981171,0.99480138725210732,-15.443856494043596,8.0220265633814556,-0.43896656246261917,0.2122835270052798,0.2266188648486712,0.96,True,3
0.96624123149180063,-0.25368624374501109,-0.044957449880476077,0.25623380139809743,0.9280268716278296,0.27038928336334744,-0.026872320076409866,-0.27278089242322506,0.96170081789634543,12.073270800363483,-18.583628679904351,-4.3691668301003972,,0.4488721507722709,0.2280701754385965,False,2
-0.98853538306105737,0.13748236887925014,0.06242110767744595,-0.14639338703079466,-0.97393045766016939,-0.17328716015765899,0.036969888693116654,-0.18043852662112941,0.98289122767517634,-24.001935323270882,-16.244412267500266,-3.0639224943808667,,0.2001873456002669,0.2,False,2
0.89184168888042281,0.44681784767845767,0.070513920405165881,-0.45020810695082902,0.89191604079597131,0.042407978100715879,-0.043943855209420762,-0.069567141430637525,0.99660892551818103,-0.91815518298817267,26.93473704121006,0.82460176568527677,,0.1653742029283116,0.2727272727272727,True,3
-0.55387410021249761,-0.8324608629764717,-0.015244432631768751,0.82845599827038718,-0.5492001170332842,-0.10972643428292005,0.082970717989017312,-0.073403971711995725,0.99384491591660906,-2.1660961548630251,-24.779107427905203,-4.4994579486821626,,0.1033539614033895,0.2142857142857143,False,1
-0.51523889021989566,-0.85501317994230308,-0.059002950179815161,0.85300950298729639,-0.50492088128791823,-0.13202155677312055,0.083088349474139664,-0.1183527176045539,0.98948924219381007,21.28702718057221,9.6048161748594509,-1.5061829786174483,,0.172791120458831,0.2631578947368421,False,2
-0.9746352193774509,0.219696805075595,0.0426556325547265,-0.22331972115468054,-0.9671903815426609,-0.12112418418613752,0.014645521242467159,-0.12757773979396897,0.99172043894264772,15.441292538330208,13.451561935345898,-0.84498630122798646,0.2847429934334005,0.25134724411443,0.8292682926829268,True,2
0.92182971458872343,-0.37173817493605266,-0.10973015354261667,0.38740468778757969,0.87480884365578815,0.29090736488069829,-0.012148464161418564,-0.31067702901379213,0.95043789826673208,5.7249112197763523,3.7659313205771006,-1.6807422773725287,,0.6682534490025722,0.4890282131661442,False,1
0.91282312634154339,0.40457099708999905,0.055463937199362275,-0.40263714167948605,0.91435058478475817,-0.042969061473865464,-0.0680975194572052,0.016891311890294101,0.99753566925017789,0.077400186582500835,23.096248216754255,0.4623738216062267,,0.2606361702173752,0.7419354838709677,False,2
-0.58148906652668297,-0.81354421788450193,0.0040337397811397863,0.80947595772128778,-0.57906284560663179,-0.097133386171569261,0.081358093519526026,-0.053216786680945004,0.99526319847275768,-25.20110324676828,-12.989585610643912,-2.7618700611174147,0.3273273803299029,0.3588123704656511,1.0,True,2
0.10994968843476587,0.98845289431579209,0.10426860376849587,-0.99109144660781445,0.11696253682139515,-0.063698582724685121,-0.075158568865617059,-0.096336082020380298,0.99250720341317189,14.564153985500331,11.506189187832481,-1.0597037675758783,,0.181149646768297,0.4827586206896552,False,2
-0.99870083221646944,0.02636651723495766,0.043605670491715195,-0.030321495995343613,-0.9952344470142197,-0.092676870668504302,0.040954299050743354,-0.093878657027042081,0.99474094273034885,7.6825682847309054,14.534462943432805,-0.5446659067630194,0.1873004648743689,0.2517523929758175,0.9824561403508771,True,3
-0.22984479714078437,-0.97161445549341963,-0.056006420199253393,0.96977595525863425,-0.223807983529479,-0.097183245009982891,0.081889961713958639,-0.076650742884150108,0.99368943729205061,1.5672285581559688,19.116883382908568,0.065197068802124739,,0.2739762484128407,0.2333333333333333,False,5
-0.62070587780404218,-0.78369188890929498,0.023478426635835183,0.78011583487081604,-0.62031310137057749,-0.081430586709327846,0.07838046595500181,-0.032228551407043761,0.99640244029753344,15.52523449082239,-16.824759654579083,-4.3462960699457414,,0.2564936570699947,0.9298245614035088,True,2
-0.95247785762162196,-0.3044999209400307,-0.0081073354464281169,0.2966313067357258,-0.92115649458129012,-0.25195352816534689,0.069251704706683556,-0.24238504623475732,0.96770537394239664,17.816754894350726,-3.2736250785101784,-2.7450054000765802,,0.4228214535460998,0.2912621359223301,False,2
-0.61936149094577886,0.76021790630171582,0.19611241284441097,-0.78456195722602085,-0.59001496664861108,-0.19064331722961814,-0.029221204750940352,-0.27193946765571392,0.96187059791015017,-10.640797085870959,-24.87299555569632,-4.2633163109189756,,0.1808392724114234,0.2592592592592592,False,1
-0.74276845954109649,-0.66820938811717134,-0.042322915105447875,0.66478548850669139,-0.72848363530319404,-0.16544439357791502,0.079719945947469895,-0.15102253715098107,0.98531057209928186,-24.758393347986857,1.6234395716747771,-1.051798474239346,0.3032040481239111,0.1691726612059084,0.3888888888888889,True,2
-0.9946988355176436,0.087995311161264647,0.053207629466810215,-0.096307745727583993,-0.97855175601436817,-0.18210238580004673,0.036042263146425176,-0.18626133794974808,0.98183892225377534,-9.7902095532404605,17.673276915140178,0.31006507758895274,,0.1785980605567164,0.3928571428571428,False,2
-0.94462741076218004,-0.32810430430518855,-0.005159489620933197,0.32541640811683259,-0.93463383660315924,-0.14340067226062281,0.042228144229641003,-0.13713918831926819,0.98965126527583125,4.8052363722214215,17.376913178707063,-0.24916671815060731,,0.1203883028820122,0.1153846153846154,False,2
-0.75628962010228096,0.64658708960767253,0.099755431321947446,-0.65423533344217888,-0.74710373330801527,-0.11752506180822631,-0.001462532512164591,-0.15414651222102319,0.98804691880939799,-20.845364275868945,-11.821322988826211,-2.5578510496390834,0.249755764673103,0.2439660966522645,0.5555555555555556,True,2
-0.013141319737411603,0.96083171338302786,0.27682074393548128,-0.99742133439658587,0.0069382083397124018,-0.071432086316784008,-0.070554853880458512,-0.27704562769058261,0.95826287247886088,17.754723211156257,-2.3109614618341277,-2.6416448716411693,,0.28813552849295,0.40625,False,1
-0.97938052722998703,0.19135911898900582,0.064772451416196128,-0.20007596564690711,-0.96315110006807936,-0.17974862004506648,0.027989120264302059,-0.18900170903301264,0.98157779270388468,0.96949236931868743,22.326861358916705,0.36643827758009601,,0.155070447149399,0.5416666666666666,False,1
0.095999976422010525,-0.9949349608978697,0.029806511203560142,0.99314573287201313,0.093735573144683018,-0.069822600963798442,0.06667501634859524,0.036305177459865709,0.99711402371269553,-28.405149230894072,-4.1855181365082474,-1.5324562675920004,0.3714939392115301,0.3245822775613958,0.8833333333333333,True,1
0.75055213243053009,0.65540070157305408,0.084388487849544558,-0.65605236212160301,0.75434449960125693,-0.023657431728629205,-0.079163088991331662,-0.037607130957811569,0.99615205116612215,8.8659429051150358,17.187226351177095,-0.2399472797242615,,0.117126078558466,0.5,False,1
0.2444086800574225,-0.96958184037784412,-0.01324582659182845,0.96790773917442807,0.24476486993692589,-0.056962855362127342,0.058472263158144369,0.0011014782213662269,0.99828842585041133,-24.304841644156703,14.512956660018901,0.36778672370203952,,0.2362347164092067,0.8125,False,1
0.81077935429411119,0.58053673467634703,0.074926219321062387,-0.58034941676385898,0.81393663099438063,-0.026489907273636634,-0.076363558797847841,-0.022005917768669548,0.99683717149336171,18.865669895979721,-8.4476543056539128,-3.4369847561477567,,0.09904687519654465,0.3571428571428572,False,1
-0.51248489365580097,0.84314716115127197,0.1626717505197296,-0.85780762421363133,-0.49406805638819895,-0.1416433390518359,-0.039055263608993737,-0.21213113939103445,0.97646047850647477,-20.90756832658634,20.338451532682683,0.87807243979022198,,0.2217673082290723,0.32,False,1
-0.40750979551673316,-0.91041933890657456,-0.071220740678731131,0.90947270995730101,-0.39756997146811218,-0.12164500659611417,0.082432738646939174,-0.11434485179386589,0.99001520112945995,0.6562919903071901,16.885575364995042,-0.1253070988005037,,0.6591703097088614,0.7176470588235294,False,1
