axis_00,axis_01,axis_02,axis_10,axis_11,axis_12,axis_20,axis_21,axis_22,location_x,location_y,location_z,dbh,dbh_approximation,score,reconstructed,number_clusters
0.99759863565105045,0.062692743743168217,0.02943776535533936,-0.058743948835491458,0.99104991043190882,-0.11987169602586956,-0.036689380239733428,0.1178545498267196,0.99235285783977356,12.805098531004452,6.7024360823361091,-1.6162247984606639,,0.2399394126712918,0.6363636363636364,False,1
0.99668447344144817,-0.078286506988367713,0.022164909751707255,0.080762378875918764,0.98496096871766969,-0.15273941292623147,-0.0098741358631327381,0.15402309218525503,0.98801790900501729,3.3272610356062784,12.096057539641695,-0.94577069697290683,0.3866543067738678,0.3726444985464257,0.9805194805194806,True,5
0.96591845432638301,-0.25825821195323162,0.017442349338630113,0.25769623742478587,0.95309443013273376,-0.15875659503487427,0.02437598836641218,0.15784075268661898,0.987163668285296,-16.394526143585828,7.8109988221810145,-1.3717902442598013,0.3187467762349715,0.2875227851897144,0.9444444444444444,True,5
-0.89021586907143868,0.45280154475748186,0.04986449156083142,-0.45200556169512185,-0.86439589481617285,-0.22025146814862243,-0.056627543210521228,-0.21861037964878161,0.97416775930008837,6.9822968281332587,1.5726408240400065,-2.323976202746143,,0.09947386248614816,0.2,False,4
0.90911922527054978,-0.41641639953715442,0.0099808035742355895,0.41251781001064092,0.89677053107474047,-0.16009894134550501,0.057717334202985388,0.14966628475525084,0.987050511645711,-3.9607255081817874,3.406351627211464,-2.0496970278340805,0.2974875746058072,0.2678818198368308,0.9698630136986301,True,5
0.9886629060578882,-0.14860922146909544,0.0214699203426626,0.15014551037104662,0.97711949513900231,-0.15064467443198395,0.0014085100599053992,0.15216041375354453,0.98835480703326417,-6.8941786472152389,-9.0596350646921433,-3.5689811577378614,0.3309320034949667,0.3031881027349817,0.9205020920502092,True,5
0.57444140447856218,-0.81836361905442156,-0.017264409310660693,0.80677244134490544,0.56961755665943303,-0.15701613621446031,0.13833040413111472,0.076268120164892358,0.98744512411548002,6.4551881830249833,-27.932177239481017,-6.9474770476198504,,0.372386725591919,0.864406779661017,True,3
-0.056751143464356515,-0.98604718511501932,-0.15649363067625452,0.97904706041673062,-0.024260053763852811,-0.20218383535964041,0.19556625783822534,-0.16468879293419711,0.96676338381065652,11.297123388259356,-1.7188480500813856,-2.8472155798809982,,0.4335453953472552,0.25,False,5
0.9123266575581267,-0.3893797329590013,-0.12666291276294275,0.40266053397048829,0.90931766226084143,0.10490892947255781,0.074327412785708771,-0.14671336906108395,0.98638259465956102,7.3016112072794837,-3.2673847867585417,-3.1151590837931131,,0.3942356803415464,0.1755102040816326,False,5
0.40537792401810252,-0.8707119691118953,-0.27844102708483692,0.9044087893887619,0.42634728928048859,-0.016514557200618535,0.13309199974125699,-0.24512987530789607,0.96031133693006465,3.9993424019038186,7.5562937072018403,-1.5141402394212917,,0.3302483049520627,0.265625,False,8
0.099881007080667772,-0.99064583780243332,-0.092976386621903162,0.97909988777324908,0.11449301144970198,-0.16809152296171323,0.17716431408994693,-0.074244019111928572,0.98137690590269389,8.4045909393826577,5.9323384284217351,-1.7732515598089087,,0.1910535557761649,0.26,False,4
-0.98542526793875007,0.13641836962494353,0.10162219116273527,-0.16532018119316261,-0.9087613868723825,-0.38317356304949324,0.040078410623465295,-0.39438911009136202,0.91806914273557894,10.483251789926186,6.9370863813422234,-1.5934892571960593,,0.466207554084431,0.4382022471910113,False,2
-0.61998878095132703,-0.78405096993912116,-0.029630862829350027,0.7652391128764795,-0.59591034007373911,-0.2435158448997104,0.17327149684384618,-0.17365178700700026,0.96944419398476434,1.6638264561691054,8.5230079605603422,-1.4160398080829784,,0.086964478856437,0.4032258064516129,False,5
-0.051274207448911542,-0.99838242561621082,-0.024565990132257839,0.98001480062765978,-0.045566341851476323,-0.1936354798093651,0.19220287771314623,-0.034003539682900603,0.98076593185521055,-9.0409178446962954,-17.12592092217357,-4.8243954637786972,0.2174770918533847,0.1975977687111854,0.5555555555555556,True,2
0.70707947578735875,-0.70703280110083633,0.011968002664625393,0.69792404013288523,0.69504750685402594,-0.17265861525158444,0.113756973961449,0.13043611993427801,0.98490901584442125,-4.5234688179934635,-13.517548945011407,-4.2846434008779601,0.2082754341263759,0.2652372396427806,0.9621212121212122,True,5
0.20540439028840549,0.96778439522869442,0.14561044194039716,-0.96593739079662522,0.22440243827697154,-0.1288739801370184,-0.1573975651376317,-0.11417928904656645,0.98091237959440847,-1.6258632543488061,-13.632439692976602,-4.4357343849150759,0.5136256737660957,0.2399588690742138,0.2857142857142857,True,5
0.95330826570513805,0.2996741346152082,0.037400047872778182,-0.29988132033585713,0.95397651350952661,-7.3388207074365219e-05,-0.0357007598222083,-0.011145614152303753,0.99930037077611633,8.4122258498058056,-1.9210195090414657,-2.8716622770847113,,0.309355724792677,0.2413793103448276,False,2
-0.66827739940174224,-0.73861256239625139,-0.088638592719470902,0.72715928027106558,-0.62342982743104447,-0.28735801952436252,0.15698630056317103,-0.25648924527110661,0.95371304305632087,-4.9817132316579125,-7.6232366058948102,-3.4694674965524519,,0.209781456396165,0.2222222222222222,False,2
-0.45795983433882287,-0.88848785886414383,-0.029361791215235952,0.86975157338729359,-0.44098221307331098,-0.22151047005343061,0.18386133558387135,-0.12698036227690454,0.97471585442801778,-5.6141875708708007,0.74020789644736551,-2.4448509892281489,0.5855649279871704,0.56326739716488,0.5408805031446541,True,4
0.37902512594328192,-0.92529950179245912,-0.012680137471862097,0.90692670621969995,0.37415269384215821,-0.19363292911109137,0.18391276043049359,0.061891790031329094,0.98099210133290704,-3.7829403721002022,-19.799312555539874,-5.316354312994358,,0.3277279152668141,0.9879518072289156,False,3
0.99066461059820077,-0.11954056392552967,0.065526199986577369,0.12393793706342043,0.98997508738066731,-0.067740048140690651,-0.05677162200235434,0.075228850463142302,0.99554889533021718,2.8945498796473714,5.895206490165541,-1.7622271036571096,,0.3381433344389846,0.8884297520661157,False,7
-0.88815694857472793,-0.43493072789145898,-0.14836608990680089,0.45555831906387872,-0.790900221409925,-0.40858714823819819,0.060364332433321385,-0.4304789213301109,0.90057983858197843,10.182269424747519,-13.243455017449026,-4.6345419032424848,,0.4639329527299185,0.4171122994652406,False,5
0.85359952108975801,-0.52091910530228924,0.0033381621291122343,0.51546197966398721,0.84369655013280243,-0.14991690636780233,0.075278184862686628,0.12968969513832559,0.98869296440235155,4.8236993260959373,15.967673615640431,-0.48402331530631171,,0.2312202803705267,0.8444444444444444,True,5
-0.33693757468424734,-0.91876170349920183,-0.20579116343793794,0.92307263906163206,-0.27928337137615417,-0.26445737177957584,0.1854992554747566,-0.27906581778500189,0.94218485211889147,1.1531539139993128,-9.1730950933732416,-3.836003148632694,,0.2369174548209069,0.3380281690140845,False,4
0.68518671568908174,-0.70715945010792536,-0.17448403011813413,0.72158997464189423,0.69164963873971541,0.03047434539954591,0.099131595061915295,-0.14678654350544951,0.98418831404675944,9.2912200691323577,2.8614386559064715,-2.1236352109707588,,0.5485068119124865,0.2258064516129032,False,3
-0.55435614553334545,-0.80154728772787887,-0.22407857872963385,0.81504166400506028,-0.46831650985078677,-0.34115499781923087,0.16851216527382817,-0.37175474729619562,0.91290857045898477,8.2175822662279749,3.1320374260277881,-2.0787493712728073,,0.2606275704410986,0.2307692307692308,False,2
-0.083401962020839535,-0.99573694577656879,-0.039396034656100032,0.97995875909883068,-0.074775434043505673,-0.18463332561887311,0.18090036814930463,-0.054005270846052882,0.98201755968225446,-3.8024818098541897,-1.4071245183078376,-2.7064992166746684,,0.07399573572736909,0.3283582089552239,False,5
0.90723690300208448,-0.42041191649999826,0.013229599237554748,0.41675998443159057,0.89421511466592929,-0.16337210312529049,0.056853471378344407,0.15373076844860509,0.98647581502256543,1.5024355819903428,-12.821723633597339,-4.3726088278476967,0.4246019895837191,0.3847318268025811,0.9741100323624595,True,5
0.57104580742427391,-0.82091051907844725,0.0035504210333439012,0.80884533857455543,0.5619034377129295,-0.17330246666624502,0.14027082408459823,0.10183538850884141,0.98486224902667563,0.8805564428273801,6.2226917901377732,-1.8395914657715047,0.3018276668139692,0.2504016046739707,0.9427609427609428,True,5
-0.89278554862044035,-0.44274553461786298,-0.083128549550935141,0.435471777877391,-0.80097809458613567,-0.41085085209290678,0.11531823293306141,-0.40300184065225569,0.90790485271535482,-3.9060631620834734,-7.7568590421129278,-3.5371385470540457,,0.5160185480498873,0.4401709401709402,False,6
0.76328902270095622,0.6415964938703711,0.07578790719807961,-0.63264437937490214,0.76606116523521706,-0.11362825512963179,-0.13096166259467923,0.038784406295659851,0.99062849381527962,0.99804512519474686,-7.1132337647717137,-3.5473537052795403,,0.6034731365609224,0.4766355140186916,False,3
0.99782945261068268,0.060728593189757298,0.025464121266155451,-0.056082629343562417,0.98636587138361131,-0.15471621264612262,-0.034512638099355765,0.15295229890014925,0.9876307366989856,-13.461637164402791,3.3306944381520518,-1.8460470085683021,0.3385857930900209,0.3203551837550663,0.8869565217391304,True,5
0.82823999893428535,0.51279104126379571,0.22597312266047603,-0.54597879165569918,0.82925679154340526,0.11933286530256029,-0.12619692241697858,-0.22221278468784961,0.96679667722523421,6.9709981817456566,-6.7383706771435223,-3.5602045750363298,,0.4698699963046457,0.3684210526315789,False,1
0.41669471225804333,-0.90126519224938029,-0.11868685696349546,0.89381938817031792,0.43000463927466254,-0.12721207306346646,0.1656877126012187,-0.053076015694039171,0.98474896214772478,1.2465497805821661,-7.2324653929958185,-3.5562804300826802,,0.1868626445007158,0.1283783783783784,False,5
0.27714131535958841,0.93157135931209167,0.23530298304564493,-0.94612627107493508,0.3072687090704937,-0.10213236317637205,-0.16744482823484069,-0.19432123645030189,0.96654099062679733,8.3264275919125534,4.241201339877076,-1.9647936819412322,,0.4524265344414212,0.2946428571428572,False,5
-0.22633925528286739,-0.95971737352509467,-0.16647253368676468,0.95762694474876664,-0.18799896268273472,-0.21819034057757447,0.17810439693937727,-0.20880362301528596,0.96160276143870915,7.5771046267202848,10.234061954348117,-1.1628587599969502,,0.236060901920736,0.1212121212121212,False,4
0.74495433518521215,0.66387730539782064,0.065650299820232239,-0.65179465356271982,0.74528222142699108,-0.14042129472377873,-0.1421505120490662,0.061816937829182413,0.98791290006842725,-2.7230959651946436,16.369541002934959,-0.63461940997381072,,0.1231909873663325,0.3684210526315789,False,3
-0.39784664160358935,0.85776422044920952,0.32551281369848628,-0.91744348581729929,-0.37348259556277041,-0.13714299523890933,0.0039370161478783864,-0.35320149055299344,0.93553899276032082,-4.7165058332838417,-2.5997550563433385,-2.8048061786505034,,0.4241910771622511,0.293103448275862,False,2
0.98352111425667132,-0.17914367415244509,0.024367228452950911,0.1799127154542155,0.983086685837253,-0.034234236480701064,-0.017822250957894272,0.038054068648289092,0.99911673753876507,4.3356797660955699,-24.000192656479097,-6.179647544455265,,0.2705706681050683,0.3,False,2
-0.94433884809449831,0.31144495751018614,0.10595366166882486,-0.32697504924471554,-0.85313203811294591,-0.40651327495748968,-0.036214046321407893,-0.41853048155030037,0.9074804564630039,9.2386947731292661,-2.5489851087606703,-2.9572561373082982,,0.3616330454387288,0.2647058823529412,False,5
-0.15343221734110946,-0.97160838337200817,-0.18009915058939735,0.96956818278893264,-0.11283683215078896,-0.21726801014769925,0.19077760247250369,-0.20795431871304454,0.95935338000313342,6.4006358018436229,-4.3078320199018556,-3.238460978791724,,0.558131795160193,0.4177215189873418,False,4
-0.59946350605433329,0.79805067747471237,0.061307594074460056,-0.78833467509183819,-0.57544057564509254,-0.21770756520867529,-0.13846279268053047,-0.17883864258989671,0.97408664653597998,9.2055784161938856,3.1781370662310042,-2.0930595895752906,,0.2030003823552662,0.2608695652173913,False,5
0.57690547626201993,-0.81679826647638432,-0.0045456946733869212,0.80376510663980205,0.5686732257374737,-0.17484969453116481,0.14540194224011344,0.097218075533863607,0.98458464388913391,-4.3708451171064304,4.4529920861713208,-1.9393486127712654,,0.0688852100188012,0.1090909090909091,False,3
0.94632696369188707,-0.32256949321341521,0.020351900101301064,0.3211210280607531,0.93119326965866656,-0.17251197025019915,0.036695546417757421,0.16978815209089573,0.98479714676813523,-1.2651466623152712,-7.2720929061743753,-3.5571019250219233,0.3420414436958919,0.2864250630075896,0.9573170731707317,True,5
0.69910219586971378,-0.71501644592538116,0.0027571337259715886,0.70509792991112663,0.68875397884058676,-0.16868570142814676,0.11871406388962488,0.11987259356291093,0.98566603489585303,-6.1820733679895685,-0.09565297207716178,-2.4872897144383979,0.2764963814488525,0.2678273301990182,0.9420289855072463,True,5
0.33367521332176109,-0.94251174619989597,-0.018233493628525787,0.92952478413688377,0.332175382274216,-0.16013491526290968,0.15698575632826739,0.036484567781496807,0.98692671897352158,8.189365754299935,-18.396236748970452,-5.3893541767225912,,0.2588298497663714,0.8205128205128205,True,5
-0.11275106094400697,-0.99092162567133346,-0.073222469453598546,0.97732712808874733,-0.097308605194743769,-0.18804978079448717,0.17921741812056666,-0.092765118077517861,0.97942623505308579,6.0271489031424679,-0.61831515012794624,-2.6577968244537962,,0.1642972409759703,0.1388888888888889,False,5
0.71615906947195418,-0.69789860553429628,0.0073296388963663287,0.68852114115489016,0.70473908498642479,-0.17111826400260755,0.11425771481976318,0.12759450805494291,0.98522323161727388,4.7224082237095049,-2.31106623927099,-2.9379922905381513,,0.258976455053082,0.9781771501925546,False,5
0.99055593612877113,0.13451274356026571,0.026556717040045908,-0.13054184100816615,0.98447675920297095,-0.11732151693280662,-0.041925709847938676,0.11274676229988313,0.99273883899273385,11.47692540122763,-18.328211825373867,-5.4702003645665842,,0.2047009857720185,0.5384615384615384,False,2
0.48473124017117714,0.87380102977815044,0.038825058412831452,-0.85640832252456645,0.48316821454226427,-0.18197049641824276,-0.17776504131232831,0.054956681256128161,0.98253720197890837,4.733680544328549,-9.1231920136218996,-3.8777085361599446,,0.2382533654291618,0.9716981132075472,True,5
-0.34780403032185842,-0.92157522651306811,-0.1724281252268865,0.91790508177212715,-0.2972352369459052,-0.26287159370045243,0.19100423385039386,-0.24970045213234737,0.94929819701510287,0.85359527906818333,4.5877675684920085,-2.0699116943704001,,0.3638343287471865,0.4078212290502793,False,6
-0.12084130883115995,-0.95994114686724941,-0.25280500911010834,0.9741914731537078,-0.065769253908165848,-0.2159291061320161,0.19065243694896869,-0.27237364004534825,0.94311412273057738,-8.1392008119754529,-18.241058573790998,-5.0025874717256427,,0.3851397939311788,0.1875,False,1
0.85057477029235806,-0.52582160771491082,0.0058478202955597608,0.51984260394725046,0.83912236366441872,-0.16011660101182817,0.079285731777191545,0.13923108725548822,0.98708078548729228,15.50821797216391,-14.93626019983893,-5.0065863305905109,,0.2877062543195642,1.0,True,4
0.99950444350060097,-0.01892272927372534,0.02515547136085124,0.022464906201451119,0.98858914571079182,-0.14895243862443527,-0.022049839271824852,0.14944373957994847,0.98852434127260957,-12.512919620542807,-3.3080287572704083,-2.8140486401495806,0.2486010791252609,0.2254152344639399,0.9213483146067416,True,5
0.93553303197974058,-0.35311464041661722,0.0093806608635727939,0.35033942924881833,0.92413013326439253,-0.15246567189485014,0.04516890953306632,0.14592308767353823,0.98826424709963823,-11.624566183405088,-0.45489450542828908,-2.3853753785210148,0.3056006735200374,0.2886082225784983,0.9708029197080292,True,5
0.82993941174377794,-0.55375355512185409,-0.067509799468663034,0.5439528349296241,0.83015821608431128,-0.12228102730897455,0.12375736829141211,0.064763697065725476,0.99019683767216815,-12.198539473001269,-1.716509051631617,-2.6261703877968801,0.3702224747633262,0.1812529063669319,0.3181818181818182,True,5
0.73388128988193657,0.64388855848906357,0.2163926445332677,-0.66090483510133868,0.75042166281248335,0.0084927569975723483,-0.1569173390702806,-0.1492476205124342,0.97626947943202624,-0.14825636070197573,15.818385126426907,-0.64927695332639468,,0.3676176117147861,0.396551724137931,False,5
-0.99774906016714526,-0.057454434949684177,-0.034580353384421364,0.066977162849977456,-0.87917756518113865,-0.47176357271278629,-0.0032973613915614859,-0.4730177552553152,0.88104672442559839,-1.0405371182868064,9.9606748891298071,-1.2127304799484755,,0.4981522308670487,0.2307692307692308,False,4
-0.23935296922615606,0.94359811677442917,0.22876352450155452,-0.95554079303809303,-0.187140529936005,-0.22786007744974324,-0.17219741276440417,-0.27313186572610254,0.94643913431462856,-4.3010541900778518,11.016068329358635,-1.2540838540597308,,0.3191428082745974,0.3181818181818182,False,4
0.69778827959726664,0.70306556055469671,0.13707784072780202,-0.69695740293944519,0.71056975547408152,-0.096648854589213198,-0.16535384889560395,-0.028096977905342407,0.9858339943864769,2.3280030643523384,-13.962590335690001,-4.5702571437536763,,0.2656956009626519,0.1791907514450867,False,4
0.4226859642278597,-0.90627540512092908,0.0012106682704480249,0.8920439341747276,0.41581186081485888,-0.17708222922630784,0.15998185880542481,0.075930142095091732,0.98419531515577774,-8.7469649693712324,15.191924349602433,-0.81964306080890503,0.3492965892596617,0.3012050730296981,0.8913043478260869,True,5
-0.96667506387527191,0.24378655601080526,0.078150086309161079,-0.2555034859996958,-0.89959757447517874,-0.35417816510956457,-0.016040246997539909,-0.36234281986368266,0.93190685766845405,7.1279142342084612,12.334599340030682,-0.93267662358544856,,0.1369673803036898,0.2857142857142857,False,4
-0.85965714828123974,-0.48444939494628059,-0.16216772534986157,0.50534948707967686,-0.75983906718938377,-0.40898225863852961,0.074909834583135868,-0.43353589898524958,0.89801733890486646,-2.4210523657084222,11.411515866858382,-1.0930482995082813,,0.4262182801248321,0.4123711340206185,False,4
-0.48569499159874635,-0.85924206498073885,-0.16063451965106657,0.85297626366762025,-0.4256896727626302,-0.30202615138903122,0.19113311789305168,-0.28371002144950697,0.93966842820944063,-2.1819626757888635,20.406713121949728,-0.21027296502595319,,0.3356713821575336,0.25,False,3
-0.96678429287658363,-0.24065689250850814,0.086095244556673375,0.18232896012882846,-0.8854181385564367,-0.4275404895604572,0.17912085681311674,-0.39764177346375945,0.89988706994329681,-4.6104019608237685,-7.7970484109441163,-3.494060714721885,,0.2586614550176021,0.2666666666666667,False,4
-0.32308999578119207,-0.94631176192678601,-0.010339432534255757,0.92772090670490903,-0.31454675217061429,-0.20098323303583995,0.1869405624489503,-0.074527779639133901,0.97954011463202972,6.4294148377450959,11.713059054200563,-1.0265276550222493,,0.1157677304890353,0.5185185185185185,False,3
0.72857541606629872,0.67044428555365121,0.14029370289600762,-0.66938298997043588,0.74034586753720133,-0.061760903157474734,-0.14527310777311267,-0.04891274260396597,0.98818179894637748,0.8924691408063441,-14.903814571852813,-4.6848694053919431,,0.2027642722873222,0.2222222222222222,False,5
0.93262724283668952,-0.36064197670569892,0.011991270017849331,0.35786956632983097,0.92017961503378687,-0.15874145511230042,0.046214709928048235,0.15233791620630047,0.98724736508748845,-3.4596202672934333,11.507903895291923,-1.1366914395212306,0.3302143905469341,0.3071232816170816,0.9447852760736196,True,5
-0.74207530983956527,-0.67021136298116979,0.011872803267796673,0.65446911233347005,-0.72824639279645098,-0.20329134851339972,0.14489449792160047,-0.14308710742019937,0.97904630338006371,-15.546786281435331,-14.165993183369121,-4.2024837728136761,,0.1673136122788405,0.918918918918919,False,1
0.4694794181217038,0.88180780093210054,0.044766931717473882,-0.8644621880622807,0.46938075877717844,-0.17996340933737445,-0.17970587461370782,0.045789796953586426,0.98265410655238672,10.741943077713605,1.599823993173366,-2.3202268478980934,,0.2702139484444167,0.9710743801652892,True,5
-0.89334624839337695,0.44231840775246234,0.079290016047456113,-0.44511175770794192,-0.84676869985851144,-0.29130446630642742,-0.06170902390757485,-0.29552867052665582,0.95333876521681526,1.121011639969886,3.3741703169736095,-2.1729855606280388,,0.1470387832600321,0.1914893617021277,False,4
0.94812050614023324,-0.3177173706894259,0.011098567411356175,0.3156375973385524,0.93659842138084137,-0.15217195606700895,0.037952773057211883,0.1477804771582224,0.98829171684688033,-9.3252901692296266,8.577706644382797,-1.474929197891846,0.4371857959181346,0.2149385898858614,0.9175257731958762,True,5
-0.37295369082346252,0.83326428698400168,0.40813744319554884,-0.91443554079523426,-0.25556492037849243,-0.31383787725904189,-0.15720428184907626,-0.4902623782312665,0.85728035919373446,7.969827817265676,3.9175259396227986,-1.9907234443632422,,0.2498428183610611,0.2037037037037037,False,4
-0.76524992969889238,-0.64326987774464384,-0.02442149631433941,0.62851758607990915,-0.73842451551079735,-0.24432535456011914,0.13913370937383981,-0.20231930031273615,0.96938573934055827,-15.475051126487996,22.222999656500356,-0.095264072051116477,,0.1697551784868531,0.4074074074074074,False,4
0.29584174660567603,-0.9506293025386926,-0.093710138833018902,0.94580180983051421,0.30526087856942319,-0.11079139197766752,0.13392758299405083,-0.055854499996190757,0.98941582630537539,7.9458462364544467,2.9991876916932783,-2.1030100638191453,,0.1939764032545096,0.2328042328042328,False,5
-0.81552697402800067,-0.54095266741606352,-0.2056355179636504,0.57232537323869181,-0.70121229961886244,-0.42514112716887137,0.085787072335665543,-0.46440448154456115,0.88145848214275124,5.5375775989161609,4.380221934442126,-1.8980898087947828,,0.4520775618469544,0.2850678733031674,False,3
0.96761152340781353,-0.25223514555287607,0.01026504341582697,0.25132179716589276,0.95868394721424433,-0.13327581784787795,0.023775912973327516,0.13153904630045904,0.99102582471934086,18.818167143989683,-16.066770693714361,-5.2822618598775621,,0.2403509822150589,0.9302325581395349,False,1
0.56754432009854827,-0.82330441447152169,-0.00795523950502754,0.81186068854124416,0.56121136095697488,-0.16100941194277335,0.13702433041330417,0.084921431008466164,0.98692080909780233,-1.5644380602694963,-2.9699673397791786,-2.9233828131287161,,0.2956547636056496,0.9604685212298683,False,3
-0.20230497400003947,-0.97929322800951635,-0.0075809675861942772,0.9610862859253142,-0.19704491742390495,-0.19361418213470372,0.18811126627910166,-0.046455076063935841,0.98104845823576181,5.0185180972158365,4.1427379349165356,-1.934301256743213,,0.1476952642582952,0.7989690721649485,False,5
-0.45669161016429838,0.84312883897239976,0.28384244590722219,-0.87625479468262579,-0.3712097558039324,-0.30721466760507088,-0.15365646098114424,-0.38902066537529684,0.9083240687715548,-16.688995447917634,10.065633475232383,-1.1253456627636722,,0.4070575074489312,0.2105263157894737,False,4
-0.97705545696774598,0.20136808847468701,0.069379586000501453,-0.2129045730281168,-0.9144599440427249,-0.34414336187858241,-0.0058546386110166311,-0.35101838083699866,0.93635026540355482,8.9421764199928546,-0.32857898167732735,-2.6155055763924695,,0.2323184933172227,0.4615384615384616,False,6
-0.97934476129971004,-0.19956872856351299,0.032498632192067722,0.18223718609856218,-0.94082306872051369,-0.28572987482269285,0.087598210699137036,-0.27390559677169185,0.9577589871880352,-2.5296330225032517,26.881782577332462,0.56449491487925563,,0.2262836396578568,0.7352941176470589,False,3
-0.86975700654985644,0.48898880058150768,0.066428175221751748,-0.48820945470741939,-0.83301392009352315,-0.26026781834238666,-0.071932453675078542,-0.25880062178495639,0.96324864924483677,12.387452437852511,2.5957749246750002,-2.2101563591444213,,0.08613247631859164,0.2380952380952381,False,2
-0.63399023511309049,0.77019242106581542,0.069713817238949594,-0.76222728194030387,-0.60710694923137365,-0.22456785803153129,-0.13063671936765717,-0.19551160253998134,0.97196155316200883,6.8341898590949679,-5.504429135614493,-3.4149553042416696,,0.6272451814865393,0.2658959537572254,False,1
-0.54491240976195798,0.83329665384623985,0.093204894592914686,-0.82125564944684859,-0.50797973884237924,-0.25979942874699169,-0.1691437966318925,-0.21811297901383253,0.96115404823923045,12.059934485605321,15.736039042094266,-0.34919506590625754,,0.2288262641773947,0.1428571428571428,True,4
-0.75068595902444768,-0.64082396022010257,-0.16067122620858301,0.65271172910736674,-0.68177947676563511,-0.33036970767134122,0.10216647987092578,-0.35287589471229242,0.9300755954876907,7.5406418898645553,-4.6248155509015616,-3.3387003261345529,,0.3285758112697907,0.2857142857142857,False,2
0.99752867079042795,0.053999277055693878,0.044951407414500252,-0.047835559456385533,0.99056597460593065,-0.12841654568044145,-0.051461735324186027,0.12594891039808456,0.9907010456070785,-19.244770240679543,-7.3869119087548034,-3.2276973352312606,0.2824831488177549,0.227646621394793,0.3428571428571429,True,4
-0.29288370202519065,-0.95580176302619801,-0.025731826286371225,0.93412432290543124,-0.2802909737326314,-0.22101746401694988,0.20403648312125394,-0.088769137880380308,0.97493033274972285,3.0345427364525901,14.553422438461244,-0.69902836105680644,,0.09842417486200669,0.2916666666666667,False,4
0.91730562535618265,-0.39818353397834538,0.00051279471252304188,0.39381178603144551,0.90704249400895531,-0.14895029790079425,0.058844429410304142,0.13683489076448405,0.98884455087584233,-17.516640382967907,12.552642468231376,-0.97871742700969044,,0.2468519734749451,0.8936170212765957,False,4
-0.033568504841798089,-0.96979703172589471,-0.24159236895715661,0.93457646016763507,0.05520340828148923,-0.3514533024665451,0.3541750917035526,-0.23758430286900681,0.90449638111328501,16.374596222021523,-0.9322003796221735,-2.7503399796380297,,0.571982130496228,0.4183673469387755,False,2
0.34791275332316107,0.89794485036699512,0.26953990757305918,-0.92438257078140329,0.3765259417933185,-0.061197042348626635,-0.15644033658447026,-0.22786676119182139,0.96104274630907482,5.7522322508133357,-4.2601008173946093,-3.2361619784508657,,0.4824250174946278,0.3576923076923077,False,4
-0.71007250882163675,-0.70403455572814944,0.011505501137062021,0.68834894079342168,-0.69750689263288335,-0.19914786074219976,0.14823214200814216,-0.13348962158268152,0.97990190988965387,14.979888650499127,-7.2982444030135865,-3.8381317880691581,,0.3076176600925242,0.9807692307692307,True,4
0.31856782506739023,-0.94773750871056373,-0.017554356010072752,0.93203405093283997,0.31655605137837622,-0.176365513174918,0.17270514970189565,0.039823120405442357,0.98416820226403423,-19.2863833539556,3.6619900044626297,-1.687469558931507,0.2778144407652411,0.1803710804397812,0.7666666666666667,True,4
-0.66345358681382594,0.73520317907504051,0.13894467827816454,-0.73767498771414275,-0.61166462968959667,-0.28583560535319469,-0.12515970056215378,-0.29213467145246874,0.94815208858629307,-7.9654979079859496,-24.351085842704254,-6.0015272412964427,,0.1488064763484821,0.4761904761904762,False,1
0.86524111128542347,-0.50019533470274369,-0.034094669424652592,0.49594186626827585,0.86388314071572836,-0.088020363947606164,0.07348118550966358,0.059249863533512068,0.99553501648478193,-24.597900663977082,9.7253423525952396,-0.73736227104296859,,0.1793576525749349,0.25,False,1
0.18568258618523001,0.96288834517603694,0.19587754315315767,-0.9596136763261861,0.22057203484180143,-0.17461262741705688,-0.21133757213355464,-0.15554424505554568,0.96495721067557916,8.4329573932108577,8.3190774739831994,-1.432643319369427,,0.320824394452861,0.1958762886597938,False,4
0.8741560966941424,-0.48558494344578901,0.0076407664020417014,0.48202983146172984,0.86562518223473506,-0.13542631008063816,0.059146937312398173,0.12206681195079588,0.99075795895199947,-15.453791251005494,17.021772813359405,-0.58029616783533544,0.7541024806279839,0.2878947299865695,0.2333333333333333,True,3
-0.48457045268191629,-0.87433744953343551,-0.026935120772131154,0.85660311646924692,-0.46805192601445317,-0.21716006863448351,0.17726414539555224,-0.12830206115853085,0.97576431778358075,5.978629206059952,-14.173506490828904,-4.6570707833635359,,0.1238050213480447,0.4074074074074074,False,1
0.78392972741108791,-0.62083920038134033,0.0035874435238547791,0.61305284479840028,0.77315923002594444,-0.16245311480632951,0.09808359682315447,0.12955111846506071,0.98670974239574938,-21.587220307018288,8.0688395721989483,-1.1678541529996154,0.3072054512417262,0.2963712888224636,0.9491525423728814,True,3
-0.42771772025559096,-0.90380913033951749,0.01366044268261099,0.8854666600669191,-0.42197910620029222,-0.19463408704627555,0.18167648634122877,-0.071152581438254092,0.98078079327920042,11.034469611405182,11.23121502489947,-1.0449371890011399,,0.2833754597929311,0.8142857142857143,False,3
0.84244228828649159,-0.538733146117785,0.0075886876766226843,0.53298167618410164,0.83122113874760983,-0.15812005360204107,0.078876636329178115,0.13725165125841016,0.98739073343243133,-0.91834520401957187,-1.7564960031057804,-2.8018798172961232,,0.4202846084534547,0.4067894131185271,False,2
0.19156710597817062,-0.98115486744671354,-0.02524222638297581,0.96638161463666894,0.19305155992380887,-0.1698165778220953,0.17148941308247592,0.0081376468714910964,0.98515235365095777,4.3755061879110517,18.415022481619523,-0.15732439706352627,0.1097016109725918,0.2858883846367538,0.961038961038961,True,2
0.2108473948883226,-0.93013226895719769,-0.30066150121580804,0.95418172213331498,0.26264355684725676,-0.14337225391728475,0.21232196592794714,-0.2566560427715609,0.94289291995079394,-2.5185505535518553,-9.3907047595183126,-3.754614837596348,,0.1733370120478159,0.4947368421052631,False,2
-0.72466648990681237,0.58686933288109577,0.36116874799716236,-0.67985948845534128,-0.5233411760332759,-0.51371693511636296,-0.11247023767816031,-0.61781744843586728,0.77823649750240642,-4.1183110520060069,-4.1398203070493746,-3.0706386355437685,,0.5642130334757471,0.2527472527472527,False,1
-0.46275226086141003,0.88063823629743054,0.1016692767683731,-0.87260947541710032,-0.43228799535226553,-0.22733189940395965,-0.15624675510213326,-0.19391592468198696,0.96849551660024935,11.35419849740404,3.089689957095676,-2.1332011445283645,,0.1540532500242207,0.125,False,1
0.12447949467586185,-0.99045537956848495,-0.059186117367930793,0.97490834721742414,0.13318428700786428,-0.178369448673243,0.18454964083148989,-0.035497701024928566,0.98218192983322228,12.270999767577891,4.8731670575934753,-1.9160793482115122,,0.1193909059631365,0.4,False,1
-0.59821433961626702,-0.77360176579789319,-0.20899739671071477,0.77812233685251375,-0.49845862772114163,-0.38218402025927245,0.19148167737059696,-0.39125350401592379,0.90014191260412102,0.8937707034080794,9.0160641349963946,-1.317451945099972,,0.322288993931586,0.1388888888888889,False,3
0.92295697447669389,-0.38486400996722425,-0.00548790458884507,0.38164114620020284,0.91689435774569128,-0.11685363606286113,0.050004587707762123,0.1057564681996548,0.99313398423481225,11.541388744335721,2.0526170002946604,-2.2689301166460818,,0.1967022473345959,0.1891891891891892,False,1
-0.61706963643299428,-0.77758539837302187,-0.12077256323156235,0.76965204521884178,-0.56442168078638044,-0.29843574777283488,0.16389262668865259,-0.27710848867428584,0.94675767354785545,9.1796731735748196,5.3895531950051048,-1.8536366613673227,,0.1042289990133234,0.2916666666666667,False,1
0.63428335206666575,-0.76828882999745762,-0.086121443277575663,0.76199241334128653,0.64009468323315455,-0.098215877061551576,0.13058403922913539,-0.003327190674746087,0.99143166103409186,12.892682665597112,-1.6383104653615073,-2.8532452869051692,,0.1822361538180419,0.4411764705882353,False,1
0.73257020396938954,0.67988964869749025,0.03302971162833563,-0.66471198633626072,0.72498244712911586,-0.18043953717403943,-0.14662493470467516,0.11022938332714342,0.98303133804277476,17.184149445902882,1.8118343443858818,-2.3994012603972785,,0.2816285565994576,1.0,False,1
-0.50309736822277962,-0.85889788154822089,-0.095851276252804679,0.84617541785532302,-0.4669966130950069,-0.25671253490073603,0.17572763102222225,-0.21025839443354175,0.96172304083116722,4.8184581307152774,14.096651975966687,-0.78080713568134308,,0.1561767016314045,0.1764705882352941,False,1
0.93833340341089688,0.34402156271130435,0.034345136962834318,-0.33428255775769067,0.92812523089465582,-0.16382529522548803,-0.088236022248852339,0.14224176660325263,0.98589131460383927,-19.116982667527036,-0.43100812378914383,-2.2311300302850672,,0.2231792286843494,0.9047619047619048,False,1
0.89496529709710837,-0.44612150869251727,0.0035660165165117639,0.44176536965605934,0.88505374567396677,-0.14670795970609657,0.062293460046210863,0.1328738753494938,0.98917342164307964,-16.788743507272471,-10.077414149185396,-3.6086812881792167,,0.07153047270048683,0.1764705882352941,False,1
0.087996928522035361,0.98939412259105441,0.11556734293460511,-0.97773542801769764,0.1079768181497109,-0.17992898471706237,-0.19049927393493238,-0.097161087501844504,0.97686731427851647,18.722475377016831,0.75492765866885159,-2.5733560784484344,,0.1747626265513525,0.2727272727272727,False,1
0.49488471432971293,0.83079483861332692,0.25469404322884032,-0.85086119383222469,0.52280313246269139,-0.052077956158036287,-0.17642094080125356,-0.19093669322750215,0.96561836707166404,8.9682149645492846,1.6971847371228144,-2.2746609187863038,,0.2622143270051227,0.2658227848101266,False,1
-0.024694536533527992,-0.99915698822365095,-0.032794706116042321,0.98154643943289732,-0.018010763500247478,-0.19037384178174147,0.18962269669529444,-0.036890720811356879,0.98116375168267556,20.441862085897295,-0.052564511922365553,-2.6887633398580428,,0.2555303095796268,0.5652173913043478,True,1
-0.58400445863825268,0.78548956813576609,0.20480461576959058,-0.79973830696986725,-0.51350567992193374,-0.31101536465725083,-0.13913099099629769,-0.34542445634002311,0.92807570397386674,7.782712696611604,6.9110977840610603,-1.6168087164328648,,0.4182365676568599,0.2307692307692308,False,1
