axis_00,axis_01,axis_02,axis_10,axis_11,axis_12,axis_20,axis_21,axis_22,location_x,location_y,location_z,dbh,dbh_approximation,score,reconstructed,number_clusters
-0.77828824020982701,-0.61533367182613263,-0.12502754683693337,0.61656150936455234,-0.71124120625194986,-0.33762086976278255,0.11882474624924275,-0.33985352557571386,0.93294172424249644,6.2596308760539854,11.681734526749743,-1.2282316021381006,,0.1824150245782792,0.28125,False,5
0.95950623571646299,-0.28136378305632492,-0.013498340840894909,0.2760332304408929,0.94871939418475704,-0.15406870801714517,0.056155492283377455,0.1441038954433253,0.98796792863152727,11.985096245046886,-16.04295075899519,-5.0140418348181655,,0.2780204160930128,1.0,True,2
0.96459230120626116,0.26370485195051935,0.00463071391525026,-0.26016468118809266,0.95423288804041873,-0.14749214909391067,-0.043313174853711812,0.14106504329491784,0.98905238609706381,-9.3139489442708907,-6.9991654845807574,-3.7175044635596,0.334690588277234,0.2906223474481009,0.8732394366197183,True,5
-0.070985048463792277,-0.9930821499090654,-0.093535909823885502,0.97753970048923455,-0.050604670637603509,-0.2045856819943114,0.1984370350060968,-0.10595758982559325,0.9743694023810171,-17.483521896803524,-14.556899307633518,-4.8951086253275005,,0.2323207412706246,0.9821428571428571,False,4
0.99966209163913344,0.025591336373066379,-0.0045591712309155513,-0.025984761054291997,0.98855163691327552,-0.14862857514298558,0.00070337232215579321,0.14869682127982201,0.98888258181072874,-14.043897829702672,6.2349880334025052,-2.2408687014219257,0.3370376394347259,0.3268636121693655,1.0,True,5
0.40544743194905891,0.88983109468201238,0.20931555810050287,-0.90117155290336792,0.42748697577342698,-0.071726688072306075,-0.15330431228000635,-0.15954782505913762,0.9752139659352983,-0.54651369482610423,-13.129318884056882,-4.6289233065551061,1.271155937795833,0.6871657030769717,0.3504672897196262,True,3
-0.41413605501433892,0.88928151277996892,0.19408688509255442,-0.89678289015934998,-0.362143560817903,-0.25422920618129774,-0.15579401739028223,-0.27933927827267624,0.94746915082207106,-8.3216965117343147,-17.415244200951317,-5.2846932622702028,,0.2661614687401338,0.25,False,5
-0.75133053558006746,-0.62226971998099379,-0.21973352475155869,0.65415501655313735,-0.65832459117838271,-0.37241099200772654,0.08708410086423729,-0.42354353760220464,0.90168022665026681,7.6323454141016969,-2.9458021068893534,-3.099550149529942,,0.4130559313077593,0.2348484848484849,False,5
0.94231445498444455,0.33235208354786094,0.039819097036021003,-0.32757213091885068,0.94008638278145285,-0.094520325613943981,-0.068847418053633216,0.076024242648501952,0.99472626765209593,12.378791504612355,5.7668883876127959,-1.7966261983052849,,0.2821577228549693,0.8446601941747572,False,5
0.8224754572498354,0.56785175892438466,0.032840555844209945,-0.56629721178551673,0.82290055513318916,-0.046283304608019354,-0.053306567565579673,0.01946936691245145,0.99838837814069359,8.6360997436922009,6.3154136194271926,-1.8819905045350578,,0.2941615013646363,0.3783783783783784,False,4
0.89394536049976103,-0.44768467024250475,-0.020979239042730774,0.44002430998361114,0.88561102964034999,-0.14856551013881292,0.085089946905607769,0.12357807333511316,0.98868000926810595,-2.959719830952722,12.916410427435833,-1.3456013593209954,0.3835414323219087,0.2743159362857981,0.978494623655914,True,5
0.62172921996449049,-0.77674570662787901,-0.10059266512774456,0.76404978670613266,0.6297295146692633,-0.14024500628801995,0.17228087670040171,0.010336614028311021,0.98499363141787399,-19.295135579845624,-6.6244116533945405,-3.8370761391764221,,0.1954463506563179,0.9534883720930233,False,2
0.0029884804666845182,0.96439246316421123,0.26445840122137576,-0.98796636930295068,0.043743617731959908,-0.14835413386241142,-0.15463997578519714,-0.26083265305514591,0.95291804736260932,-3.8153285366254841,12.332033429296605,-1.5311505576813877,,0.3864370034264115,0.3571428571428572,False,4
0.17383670412558663,-0.98028949420010403,-0.093879219530504918,0.9663906941035878,0.18814872319537013,-0.17518300234308368,0.18939331204859955,-0.060270768377841233,0.98004979864821451,4.4135382442424413,4.3793201691680945,-2.1411548325870466,0.2732028878663321,0.2122644054033125,0.7714285714285715,True,6
0.97418578781448395,0.22538936058708758,0.012715618522815593,-0.22331541730521506,0.97040561768733091,-0.091886677786651771,-0.033049587199714486,0.086675101932528406,0.99568828028199408,-12.583394424764327,-22.128329027344488,-5.9988137719359917,,0.2620478051060972,0.1666666666666667,False,2
0.73619104475981867,-0.67232193176375443,-0.077498165687332296,0.66639322188290218,0.74010998668074024,-0.090317669610993398,0.11807971647989682,0.014846807228792933,0.99289312258225415,1.1745131907670407,-27.624565348301974,-6.8132777081379849,,0.3074809904056433,0.5,False,5
0.98739611629327351,-0.15791949167386413,-0.010504459930313074,0.15466647013994247,0.97687589174140044,-0.14762037511431911,0.033573688260444844,0.14413509733548691,0.98898831194947845,-12.7493783550849,2.2415777404821497,-2.6504784979623772,0.2646676968043328,0.28169875379183,0.9779411764705882,True,5
0.99280096510100146,0.11977578001712731,7.8840414067399452e-05,-0.1197128966655825,0.99230063679518354,-0.031753245311470557,-0.003881503118340842,0.031515214375974342,0.99949573545682557,1.5948995577678275,9.1403142904676038,-1.6465262486708458,,0.1349511106879506,0.5405405405405406,False,6
0.88083504416482949,0.45542812976400193,0.12928589865413159,-0.46477262871002939,0.883837010075186,0.053089954071601331,-0.090089003619265015,-0.106852039011987,0.99018514086299503,7.8597194797803391,5.4916616996510017,-2.0130916905730243,,0.3960018076297157,0.24,False,8
0.82032820563717779,-0.56736418805947775,-0.071829751104244305,0.55501035382923136,0.82009987277289098,-0.13928282672404249,0.13793165763681439,0.07439137574677547,0.98764405583998882,-9.1772816151771544,10.822750133752125,-1.7176310095502161,0.4386943095749719,0.2572448420702735,0.3518518518518519,True,5
0.38311434749534906,-0.88750635930952859,-0.25603878403155822,0.90804819262449898,0.41267710212514125,-0.071736247831737987,0.16932771956946008,-0.20501236930180983,0.96400106422071163,-1.3771868743933975,-8.3414199740692823,-3.9865152931295444,,0.2251165312751655,0.2558139534883721,False,4
0.97407416431850979,-0.22596465456439324,-0.010931481820451732,0.22270383237897168,0.96627296012408626,-0.12930417463003496,0.039780968451200376,0.12351737295065029,0.99154472069012323,3.8328474351963382,12.460817828110569,-1.1838933955493571,0.3751612856529149,0.36096007311218,0.7407407407407407,True,5
-0.071919078021852809,0.98416709088520693,0.16199624512634639,-0.97610628236442776,-0.036058888085253746,-0.21428084869803549,-0.20504675502231648,-0.1735364336633774,0.96324500229495813,15.910217337934354,0.351074953375907,-2.5023579699738763,,0.2699910309403578,0.2409638554216867,False,4
-0.86582159812450199,-0.48287167984049728,-0.13110263547751891,0.49316390509085861,-0.77930991657766946,-0.38660757447215355,0.084512265007330944,-0.39938827565631374,0.91287824069347201,7.7573249490209228,12.420516965744087,-1.1385305416566238,,0.3374552521881631,0.4285714285714285,False,2
0.1841051134743098,-0.98027603906075622,-0.071862329742132955,0.96322987288203454,0.19449259778228931,-0.18536677532815049,0.19568729948637928,-0.035092971536365508,0.98003824627841774,4.7028246594687566,-0.49036974122645244,-2.8217493191061105,,0.10122568830377,0.2171052631578947,False,5
-0.37389657326228309,0.92335953835473972,0.087226804550233572,-0.90452821907535941,-0.34224269286071624,-0.25435927362650684,-0.20501232499311084,-0.17400316696189147,0.96316812887893655,-1.9412243985515989,12.665553307366608,-1.3117059578882229,,0.4909165038757515,0.2372881355932203,False,6
-0.93695051883891112,0.34294868956024444,0.067155949672444537,-0.34374783035926171,-0.86984292091751281,-0.35385127109138803,-0.062937702299949619,-0.35462584403650249,0.93288764402290292,-6.6217704359647094,2.6666269447150173,-2.7278135784262627,,0.5115248722763646,0.4744897959183674,False,4
-0.87443862198272004,0.47113708075827121,0.11570197716347684,-0.47648945220299449,-0.78924297786659636,-0.38736716926910397,-0.091186064309485268,-0.39385958541445043,0.91463639149823095,0.31406649832804107,4.2813489062000967,-2.3661888427301103,,0.2627997727892818,0.2304526748971193,False,5
0.6885304539702134,0.70934149465253715,0.15086569497296429,-0.71650558329787706,0.69751595336733596,-0.0095521673469494417,-0.11200697772254917,-0.10151915465644894,0.98850811740688271,7.5322885641222204,-0.74767990086664393,-2.7307929228475323,,0.3506474044865269,0.247191011235955,False,5
-0.99989909538505839,0.014113860153685046,-0.001611831165159585,-0.012115621366702831,-0.90652439971305399,-0.42197953083507028,-0.0074169243653588925,-0.42191742281689387,0.90660392540321011,-7.9278215821113198,-24.711160407565096,-6.3825285043387252,,0.1843924389497395,0.8333333333333334,False,1
-0.12914749353647151,-0.97007958270976569,-0.20558824899029396,0.97204605592830473,-0.082851309922485253,-0.21968642561240873,0.19608006035156941,-0.22821319780805047,0.95366207132230529,7.0636967997114741,-13.473910468972992,-4.6565561533882702,,0.4072961232151983,0.2248062015503876,False,5
0.68822904560304765,0.71192313103892579,0.13966472811719668,-0.70895875240622042,0.70082961394755972,-0.078837425127469704,-0.15400736402826096,-0.044758325547841642,0.98705543112796867,-1.0033358372324486,-13.306611431333398,-4.6386622491538407,0.3095120552885344,0.122375858086793,0.1551724137931035,True,5
-0.94968918617058873,-0.30042666809436086,-0.088511393438164818,0.31308706066024627,-0.90328159994582646,-0.29335787640088129,0.0081818162880940813,-0.30631057490238267,0.95189646999303434,11.279010471397932,1.9170587415654374,-2.3401980296282145,,0.1988877128322725,0.2203389830508475,False,3
0.75832087563911965,-0.65141845740782223,-0.024565075174564598,0.6403840677404441,0.75146328835709419,-0.15878026336967904,0.1218921464005016,0.10467530558806751,0.98700830039363052,0.54345657828856075,6.9873917318905221,-1.9387760050866345,0.2723234472991797,0.239066013089169,0.902027027027027,True,5
0.83859307482013512,-0.54431918024961412,-0.021869725103463307,0.53506266284306536,0.83054417828333738,-0.15461020260948435,0.10232107160795957,0.11795337185534652,0.98773346626149849,-7.5025084117058904,-18.460237443642239,-5.4060853148209986,,0.3022268441228666,1.0,True,3
-0.79067910960919807,-0.59822128739673675,-0.13022225974463075,0.60561529468258324,-0.73305394590173534,-0.30961593506217511,0.089758901921396447,-0.32367144406525611,0.94190240249326174,-0.70973296457364743,10.929759387625884,-1.4887940526548067,,0.2215840635794315,0.2298850574712644,False,5
-0.76944725000057768,0.57402207496911739,0.28008853406502993,-0.62736880196917566,-0.5969663027686446,-0.50003961810490183,-0.11983036252265035,-0.56047291710383618,0.81945762148558143,-6.2971543034044162,-0.19204273294216256,-2.9694836100931261,,0.6482355520583722,0.3542435424354243,False,1
-0.94511200002891937,0.32207300219309204,0.055066220677148087,-0.3212312892526597,-0.88503538057513886,-0.336931497392708,-0.059780985324849052,-0.33612699443595268,0.93991748435968714,0.28310454031218202,5.4063694945601979,-2.2144743968628005,,0.2623510838508116,0.167741935483871,False,5
-0.99485049599903064,-0.090471259703250262,-0.045688530050644778,0.10128327584669465,-0.90417587675345279,-0.41497913433193956,-0.003766781682543352,-0.41746968161152803,0.90868304501125374,-5.9674055624102627,-6.09193871593257,-3.6901916181716534,,0.4657335111150478,0.3955223880597015,False,5
0.098653699617481466,0.94219654818184495,0.32020792017999933,-0.97866994159843035,0.15013164385741537,-0.14023421452839485,-0.18020153429843322,-0.29954324246573688,0.93691048287955669,-11.8173039204909,-22.198201303609341,-6.0212699702532007,,0.2834286471309657,0.3793103448275862,False,1
0.12210991725340919,-0.98500857778521178,-0.12184937339978817,0.97539085763011446,0.14180292789406368,-0.16883306693968933,0.18358061705952575,-0.098234572988466634,0.9780839052503717,7.7613559652413722,10.041177850900354,-1.414256334082822,,0.1697770356839149,0.2,False,5
0.89710300581456559,-0.4394445653693958,-0.045767575048004931,0.4334722015025298,0.89545825890237352,-0.10127367421042895,0.085487118813433891,0.071013946030569833,0.99380529883179125,-13.2338939445604,25.087719575010347,-0.54472491260318257,0.2664290783397444,0.1877086396958997,0.2608695652173913,True,2
0.70406606063852473,-0.70958919279629662,-0.027823725912427863,0.69756955427563039,0.69841530823961051,-0.16003991428474532,0.13299510970200362,0.093269687912368143,0.98671833169962042,-3.1779395510087003,-1.7529752442542561,-3.1514574110162239,,0.3204178566660262,0.9718100890207715,False,5
-0.67436474996649232,0.73407532677337839,0.079784701698932078,-0.72566992723177159,-0.63888406143348708,-0.25540225675918915,-0.1365113208274871,-0.23013163769636108,0.96353727930844768,7.4550790228425257,-18.775021309611834,-5.3957336035437997,,0.1765531921275691,0.3809523809523809,False,5
0.74076773004552188,-0.66723198418702878,-0.077875858910481002,0.66112369616010835,0.74467097492732004,-0.091545603260838854,0.11907404628549829,0.016328453038639144,0.99275110330966831,-6.1367380404810765,-0.90606183538213148,-3.0388247298726916,,0.1197880071974739,0.1176470588235294,False,4
0.80675119458073963,-0.59038431648618961,-0.024471797843320212,0.58016503514263917,0.79928222238864599,-0.15670501259183417,0.11207605471504435,0.11222427464947861,0.98734222544106198,6.8342368366115682,11.622521254264722,-1.238800599625568,0.1622279361273243,0.1176595747892819,0.6136363636363636,True,5
0.99997909010487518,-0.0059274547537382623,0.0025854657547071027,0.0061917036895420231,0.99295881921981977,-0.11829812398767006,-0.001866054245538212,0.11831165882415652,0.99297475759851483,-0.37014864639260908,-23.430884921772201,-6.1667448091584456,0.2455080600908547,0.2429728594489043,0.2222222222222222,True,5
0.90734202059429203,0.40498818489261679,0.11276093189243812,-0.41330562344182953,0.90840208787490317,0.06311979385166952,-0.076869495219026696,-0.10387596854855488,0.99161528016810629,8.4063498763426026,2.6257142585420232,-2.2843289781635563,,0.3265218094638433,0.3532608695652174,False,8
-0.63151569356183379,0.74699007345670621,0.20783108271445025,-0.76823725941906873,-0.56655858411037219,-0.29803168289819254,-0.10487822474372208,-0.34787526633549959,0.931656244033501,8.1133049117633611,1.492401561262463,-2.4056248083511762,,0.4562206865663963,0.1408450704225352,False,4
-0.67414975715929171,0.73787821095215089,0.032524617201763056,-0.7272013712335027,-0.65540187837316144,-0.2040258402777573,-0.12922952680475727,-0.16119591690543736,0.97842506395473838,-19.796770085839345,7.3672456010172596,-2.0276809520242693,0.2906469747622566,0.2123748030302371,0.8571428571428571,True,3
-0.55537781585820112,0.83128992102822163,0.022639541723889933,-0.8172551096201891,-0.54056215338653191,-0.1997164092552467,-0.15378415865188375,-0.12942034431652999,0.9795921636194953,13.139917130322919,-5.9914891861970112,-3.4317797710446811,,0.08239922440630951,0.4090909090909091,False,1
0.17094795563883,0.92777848236384519,0.33166833452342964,-0.96568046624902537,0.22457781983487457,-0.13048386851745303,-0.19554547698162164,-0.29797968135571873,0.93432867660752839,-5.0084762989034246,-12.142585193330904,-4.5181408743337572,,0.4981877451875035,0.3333333333333333,False,3
0.98263244542437089,-0.18523568690914746,-0.011009881680458414,0.18145677208409527,0.97160968149345472,-0.15181589736588338,0.03881902966512886,0.14718140889216941,0.98834746714522126,-12.6228176696268,-14.691280800628572,-4.9292771024987694,0.2024925004106561,0.2020225602680312,0.9310344827586207,True,5
0.85230850619455845,-0.52285342190752038,-0.013946665120986673,0.51376363009506332,0.84189516499946015,-0.16510440194638765,0.098067031462888685,0.13355459688879323,0.98617748249994475,6.816806449301235,-14.205293875090794,-4.7686752620613726,,0.2522101629443155,0.9830508474576272,False,5
-0.88173561738513262,-0.42924830693128591,-0.19567368763092102,0.46978037582299897,-0.76116246230726536,-0.44714438883423568,0.042996505975025683,-0.48618679226297884,0.87279648458445014,4.6952822893188904,-4.4430203375237429,-3.406855648222737,,0.3779240637131905,0.3071895424836601,False,7
0.91601414899510603,-0.39408205817185038,-0.074949384706013866,0.39228825455578731,0.91905969356898753,-0.037936855357983273,0.083833192581135071,0.0053489329699410188,0.99646544583228647,7.0239680212598259,2.8141126952734918,-2.2347907905309805,,0.2064195833881809,0.2488038277511962,False,5
-0.98103507348865981,-0.18432595587457798,-0.059951034820289198,0.1917872732718964,-0.87830859232118652,-0.43794024531402342,0.028068245332247884,-0.44113258624329643,0.89700290688395756,7.9913292385210379,6.015417615478861,-1.9266197638040325,,0.3741942125048457,0.1621621621621622,False,2
0.12978595633468953,0.98649204837708693,0.099945205122952491,-0.97394580922776242,0.14573880163536476,-0.17375201404751078,-0.18597087467119308,-0.074790642373674138,0.97970464609869246,1.1267058917209949,9.7562207569515547,-1.5888102568797249,,0.2589636056726401,0.3448275862068966,False,2
-0.25177057245656131,0.96239892661557225,0.10197982591714114,-0.95146462755580452,-0.22687492026512474,-0.20794911171916056,-0.17699333703557904,-0.14938566398382494,0.97280896482357826,1.7752520035013997,6.2821039696418337,-2.0182778808287143,,0.684367939308355,0.4066666666666667,False,1
0.92786300677447087,0.3725423257702058,-0.016806432374704468,-0.37168623082633151,0.92018591342360612,-0.12291147444758674,-0.030324684228439643,0.12029172975101278,0.99227532130954277,-16.741938529795618,15.814815189654887,-1.2075020242912298,0.2512203228417459,0.217768497812675,0.8363636363636363,True,4
0.61869483848961349,-0.76841381101164241,-0.16357540118512431,0.77186239574032478,0.63334023396181571,-0.055754731522964479,0.14644158858847661,-0.091762536428302677,0.98495405884737941,-7.1157355074272441,-5.9464763128543989,-3.6305439886022675,,0.1590587472553426,0.2567567567567567,False,6
0.98739845182194774,-0.15755272702581877,0.014880710545830851,0.15825385281932697,0.98309704301969669,-0.092064771078666188,-0.00012412678918674851,0.093259542206983875,0.99564182434241089,2.6365307663827253,6.4103382100351478,-1.9613345507778925,0.2797586152278879,0.2898387135727238,0.9537815126050421,True,6
-0.94964875966129014,0.3109057939628746,0.038792016628272682,-0.30661108860038294,-0.89669689688580523,-0.3192558777260901,-0.064473821207229789,-0.31507501074455674,0.94687425985885576,-4.6904523925351009,-12.228555461426184,-4.5500382790002414,,0.3990432415979837,0.116504854368932,False,5
0.85479639827556264,-0.49929607226335476,-0.14151519253250255,0.51039914825841293,0.85816545768755714,0.055179313959040688,0.093892635239462369,-0.11939631256571913,0.98839703236781162,9.7947455363019476,-2.3802307327201748,-2.9164609303097357,,0.3252711496383042,0.1304347826086956,False,3
0.45049348362795794,-0.89254207047446421,-0.020597903823023785,0.87758419145003419,0.44694661229569638,-0.17344945279357113,0.16401709705312992,0.060061453450244953,0.98462734762127513,-7.663533512127656,17.290844353055689,-1.1180107137629414,0.3549499463968642,0.3173724761238739,0.9868421052631579,True,5
-0.24724007810133275,-0.91152868257896136,-0.32861497929386863,0.96038927964160115,-0.1855379595206231,-0.20791367710280401,0.12854872745357024,-0.36700289700871075,0.92129479443730744,7.0522329488763313,-2.2375583100024432,-2.9874659426077428,,0.3758442643228248,0.1658291457286432,False,3
0.96365496463959821,0.26341879069047253,0.044493256080244861,-0.26500535896944211,0.96362895584083097,0.034516592858875067,-0.033782670748924784,-0.045053037370163404,0.99841321855271481,7.6033756769221403,3.8764273272334586,-2.1375386305988946,,0.4508171609150187,0.3410852713178295,False,6
-0.98855047047869649,-0.15022688915933977,-0.014136799137543704,0.14921391519394817,-0.95933815968808411,-0.23959445502509602,0.022431558769756239,-0.23896061838676885,0.97077013140669499,11.530261195127196,4.0418397553217664,-2.1131117363127827,,0.1759260561072768,0.6666666666666666,False,1
0.90717478242555549,-0.42047897318024696,-0.015210103366826124,0.41285422838862013,0.8965326540912909,-0.16056334030425848,0.081149862801988756,0.13937945781681405,0.9869083374386437,3.1424443376181239,-1.9745832623608985,-3.1010080714208672,,0.2620077233775827,0.9870689655172413,False,5
0.27693990998728479,-0.96036023463245834,-0.03181989932298742,0.94497461769369151,0.27820596434269051,-0.17211744048415284,0.17414723130413814,0.017597191277131313,0.98456238029302134,4.2525942199630906,-18.429238594088407,-5.4075698876520448,,0.2733447215266779,0.981651376146789,True,3
0.48746744346264936,-0.87068105322574085,-0.065498054304724301,0.85979414638693752,0.49172945383941813,-0.1376814078426927,0.15208391566088492,0.010800360202480036,0.98830857267189109,-1.0472975603579633,-6.3182895760713249,-3.7243528923322109,,0.2498029226183523,0.3193548387096774,False,5
0.94482449385346301,-0.3271868203614311,-0.01598312848986987,0.32148213226392064,0.93550910728844572,-0.14653309802026809,0.062896060684196092,0.13330976994260804,0.98907663544755653,-7.6248280684673446,-11.788756612602235,-4.4113690647435888,0.2329399027006342,0.2657902644187701,0.9090909090909091,True,5
-0.92664363960767615,-0.3684237805269146,-0.074802961952680602,0.37019461909411017,-0.85957802990024545,-0.35225211781702348,0.065479074278771712,-0.35410383852066246,0.93291101525093301,7.5884637704601996,12.255651167960579,-1.1475188983077793,,0.2620933592038972,0.40625,False,4
-0.60159368125989665,0.79766261697884722,0.042654333222122753,-0.78453594390650583,-0.57995969764122601,-0.21943131460807186,-0.15029436245879282,-0.1654723499148891,0.9746950836167948,-4.8789730643048346,6.0705368022810182,-2.2219438084447845,,0.1082928252064914,0.2439024390243902,False,4
0.18858935432869614,-0.96240995390814355,-0.19545110911020744,0.97209955317644603,0.21121106669019862,-0.10204089386977264,0.13948660920690295,-0.17075410954385009,0.97539044486085025,3.5425472048252828,8.0965236511542749,-1.7300454466081447,,0.259321979324717,0.1785714285714286,False,2
0.042817190220484698,-0.92340383488985767,-0.38143419607099616,0.98243442987823104,0.10832135117010784,-0.15195089953835991,0.18162951084957918,-0.36822797638336285,0.91182173597538008,-10.462504592667035,-17.153849804302361,-5.2702313566405703,,0.6557261800058454,0.2285714285714286,False,1
-0.94530993931650975,-0.32565726815901674,-0.018342909382742984,0.32191319639805893,-0.92242698801443745,-0.21330810056675825,0.052545338653413903,-0.20754709219312087,0.97681277218716722,-7.8603057789032755,-21.454124286785223,-5.8775899364932451,,0.2407672523168252,0.5869565217391305,True,5
0.99057811848335464,-0.13636995684693107,-0.012578793723733887,0.13330419494199935,0.98118884918418425,-0.13963679259952366,0.031384435518956574,0.13664434531360256,0.99012289141347221,-16.297201437437636,11.014862631196388,-1.7042571744923196,0.2873292761379836,0.2703468479791777,0.9827586206896551,True,5
0.64849183827389933,-0.76109337313715397,-0.013971866691556629,0.74846587352787408,0.64086371478036164,-0.17056534009601795,0.13877021242433116,0.1001527655365686,0.98524730484233347,-3.4893835335768353,-6.0282706241855513,-3.707433301938913,0.3067635583103156,0.2864563121414279,0.9984496124031008,True,5
0.35548223101615517,-0.9324145391056694,-0.065080801286860876,0.92011217614544349,0.36133784877130004,-0.15109117232395364,0.16439576253868118,-0.0061714106727773256,0.98637515527796749,-5.1684209056574089,0.15243923905098328,-2.9630547038410158,,0.07404734190260218,0.2526315789473684,False,5
0.74965385134443829,0.66179754060758489,0.006566461010467952,-0.65130909469411724,0.73946246359283341,-0.17026957480990465,-0.117539637285381,0.12336644674695292,0.98537564080093398,2.1491703022342463,-8.7318800942519381,-4.037872604948082,0.2564742481341077,0.2260461291943222,0.975,True,5
0.90033960346350961,-0.43462540463495042,-0.022121394193748391,0.42706304207176032,0.89216461936262326,-0.14717149878274258,0.083700397439817678,0.12305709895593409,0.98886358708618916,-4.6335345532568564,4.9567475374232526,-2.3814135026765908,0.2962580616552017,0.2647103360730477,0.9945205479452055,True,5
0.6917648668246732,-0.71902750177728558,-0.066789375764103209,0.71004624993681464,0.69412473777998074,-0.11842791627205235,0.13151308671653003,0.034500725931337559,0.99071388802847715,7.0344142581036184,-18.386107674264128,-5.3525256373161376,,0.1346521971200768,0.2105263157894737,False,3
0.61128745342801072,0.79131427295605694,0.012221730545416996,-0.77844497724295736,0.60398627010002348,-0.17095029375778423,-0.14265716486285929,0.094985824977669553,0.98520385015823109,9.6353657960793662,1.0143745855325099,-2.4166696158647514,,0.26697031568772,0.9285714285714286,False,5
-0.97046947359996438,-0.23245367829989594,-0.064453768357307178,0.24050509500456071,-0.91178610669274429,-0.33287143902554261,0.018609139890281783,-0.33854302988975699,0.94076687698154426,6.1648224434464556,1.4807052093986619,-2.4571200926773402,,0.1669607575465448,0.1071428571428571,False,4
0.21744576054609716,0.97593642149080462,0.016292404004703838,-0.95983108991823585,0.21683010068235425,-0.17807017230421132,-0.1773178503335204,0.023082648154040663,0.98388290528258304,-18.650113814233553,-10.859330927385042,-4.3925609171621742,0.216847622029947,0.2048945437670846,0.8372093023255814,True,3
0.99959602391458635,-0.027602738302472167,-0.0067733162007175872,0.026334114368961464,0.98913879988142495,-0.14460618586193569,0.010691276563260878,0.14436939913755772,0.989466105128472,-14.044544004000864,-0.52176616647351137,-3.0636920519005848,0.2223761060760318,0.2109178589118292,0.9493670886075949,True,5
0.53229319169240308,-0.78453734452593193,-0.3180646367047309,0.83058103923177939,0.55663803424219471,0.017006942807012232,0.16370429238896161,-0.27323113636476853,0.94791647879665286,4.0706115194064632,7.7191802589133527,-1.7644474358774571,,0.4580541111312667,0.2761904761904762,False,5
0.66839495431023987,0.68765001136155246,0.28352362675281251,-0.72918768179627158,0.68098851968008844,0.067379231076796331,-0.14674300586123606,-0.25177787420338932,0.95659520816928145,4.6447007492155503,-6.7013098131551212,-3.7196194429659055,,0.4928340083431036,0.4140127388535032,False,2
-0.55756360436899355,-0.80465904940339716,-0.20407508739745114,0.81680294164808998,-0.48789372607544934,-0.30788417720181782,0.14817483456404645,-0.33835414327215668,0.92927966303609666,7.3155148134728885,2.9110787193299696,-2.236615432445122,,0.2176458336520207,0.1595744680851064,False,3
0.89505139934098799,-0.44552059050931125,-0.019859405076038311,0.4371827146059673,0.88535191607591368,-0.15818741653641616,0.088058313562644763,0.132903679907453,0.98720937256468544,-7.323379410562362,1.7888900801751555,-2.8123646216907248,0.2712809996843529,0.2679107937966273,0.9678571428571429,True,5
0.92917239640001092,-0.36946068244972669,-0.011724414358250333,0.3626678389149966,0.91730539651420329,-0.1643862772333709,0.071489134733802764,0.14849112313435706,0.98632636077786662,-1.5637551749670269,-11.934400740570597,-4.4485778894196164,0.4371213135953275,0.3831930299034906,1.0,True,5
-0.60175443698211895,-0.79199892892536417,-0.1030984682398763,0.78595463988500458,-0.56425919218565379,-0.25275851731885485,0.14201021658868521,-0.23312927875981024,0.96202070547850738,-2.2839056210923503,-13.820952568974349,-4.7731621385426806,,0.1945942637647215,0.2727272727272727,False,1
-0.42923968937400481,-0.8801839991940672,-0.20255719347593193,0.87769984969422621,-0.35359471855615543,-0.3234404873480215,0.21306398783661276,-0.31661791258855126,0.92431425095322839,4.048109031809636,-4.0050526485848961,-3.3779989002069066,,0.5621789897648918,0.2021052631578947,False,3
-0.57442234383264812,0.80910837353293941,0.12402665352532026,-0.80579381574020337,-0.53228127608033249,-0.25956303598381902,-0.14399756046770876,-0.24903871789979909,0.95772878184075383,-1.7723008125819484,17.559722517776212,-0.9663397368333676,,0.1993243309167974,0.15625,False,3
0.4415430596845854,-0.882475563299008,-0.16210060649014441,0.88162366972510042,0.46027924993238362,-0.10432026199223411,0.16667162753396503,-0.096849843891356868,0.98124445288286755,11.318574952057034,-2.5254337364503372,-2.9257816445211224,,0.2367800118547455,0.1,False,2
0.9258727397474531,-0.37417406438667067,-0.052473224914273933,0.37066893886569563,0.92642987753992312,-0.065819600132036929,0.073240750629165366,0.041490378905495902,0.99645087229905827,-8.9892842093564376,-16.478977818049923,-5.1161013335205734,,0.2507291636835084,0.25,False,1
0.93771993479111937,-0.33734993536198271,-0.082923730057244516,0.33553833007157619,0.94136445883793152,-0.0353126703825688,0.089974179341179197,0.0052893050617285626,0.99593005291729553,-13.547455049394022,1.0327574885721231,-2.8349637025735199,,0.2349679466595863,0.25,False,4
0.055394634744377565,-0.9756840707802511,-0.21206609457246198,0.98181467476788553,0.091853656970250414,-0.16614105486490702,0.181580227040197,-0.19900628062167022,0.96302913840712046,-5.2357671115847513,-7.9407270706951287,-3.9067847880462203,,0.2011478486541661,0.2921348314606741,False,1
-0.91485470296494553,0.35532707459260854,0.19179036087452564,-0.40358573939613096,-0.81952632042706208,-0.40681096480227696,0.012626298705488634,-0.44957677896966608,0.89315244857317633,2.6718328020324309,-13.885466338567685,-4.7111054339616611,,0.1514725351269048,0.125,False,2
-0.28644059815108391,-0.95585463029924678,-0.06552640281855289,0.9404794685208604,-0.26745929760433534,-0.20967568627696215,0.18289382991661762,-0.1216858654917885,0.97557285587389386,9.9773769751725574,6.2980825095664557,-1.8277765561505568,,0.4341298721384304,0.4736842105263158,False,3
0.018199234459874772,-0.96338134054287983,-0.26751669211262341,0.98223343390428264,0.067209976199384985,-0.17521501197066702,0.18677866362536533,-0.25957506003675257,0.94748853239563857,8.3496867546943569,7.9530174682158012,-1.6232672620907005,,0.3935414688250474,0.119047619047619,False,3
0.54147411008418456,-0.81364241182708663,-0.21164076588583708,0.83458236470119229,0.55056874156521585,0.018610140812525766,0.10138079028251851,-0.18670856029517693,0.97717032746302512,5.4991621396090489,-3.3714363764661841,-3.2024658578249721,,0.3835735545396486,0.3026819923371648,False,3
-0.87372154515893041,0.4828925168615355,0.058527589086016484,-0.47742635831341379,-0.82828691264005272,-0.29326585675253797,-0.093138251608465353,-0.28417531122238593,0.95423773692878933,7.5484161008193329,-24.672274636577264,-6.2571494768766405,,0.234107894285122,0.6,False,2
-0.54221417836409869,-0.76032524773019672,-0.35764410025185639,0.82669299066043522,-0.4066081241598799,-0.3889068430358209,0.15027469505492388,-0.50653267518611089,0.84902424287822964,-0.34752079858794682,21.662993853846128,-0.48583599363334173,,0.2971476195175497,0.6206896551724138,False,2
0.040723053355454578,0.9990411091440794,0.016077784846663473,-0.98225183492485479,0.042976935808722791,-0.18257687634322073,-0.18309277897329423,-0.0083573457903650152,0.98306011467212717,-14.078986282917256,20.094605189894558,-0.95673160300439009,0.5470773421106679,0.3272030371353587,0.6060606060606061,True,3
0.12734038903074629,0.99139727731290117,0.030263242689200102,-0.97615151515902909,0.13067399999345428,-0.17335664157580727,-0.17581992143733413,-0.0074662080253611422,0.98439403236889489,12.977361543557146,14.85245996553763,-0.60044348198269681,,0.33816708619543,0.7457627118644068,True,3
-0.50530060583548198,0.82140296898380172,0.26451551993576772,-0.84812654472015891,-0.41615943009178941,-0.32786078278244946,-0.15922519236395485,-0.39001088611764628,0.90693927405664232,-14.310221060733607,11.846382790355712,-1.601909197261705,,0.2863274331672403,0.2857142857142857,False,1
0.88921558360252506,-0.4565004368002416,-0.03004990981034911,0.4487507490214161,0.88312484990184725,-0.13679643540150446,0.088985454604331382,0.10815660260487361,0.99014329174207527,-21.403526499529985,12.060225119322862,-1.5138378780257593,0.3224153511520754,0.2729758939247262,0.9230769230769231,True,2
0.86979974425286466,0.48841018061051233,0.070027854269993833,-0.48194256590307105,0.8714073846543684,-0.091545251873588862,-0.10573442234398686,0.045876632895644448,0.99333557596903921,-21.381570975768408,-3.544403012083106,-3.3888341702032121,,0.2415499213397595,0.6829268292682927,False,2
-0.91851188277465179,-0.39120346158856428,-0.057408821995307446,0.38964271536069933,-0.87088807615127595,-0.29955385690034103,0.067189847210014475,-0.29751270638185157,0.9523506255435763,11.312892928410795,10.502929766169354,-1.256015866948853,,0.1932866358510717,0.3939393939393939,False,1
0.96522154853942899,-0.26005168640933074,-0.026841807517564369,0.25614887832197003,0.96125244196180959,-0.10188962143837296,0.052298320905584762,0.091470559297084211,0.99443351834717209,-2.5574127667353124,19.758431120335533,-0.85216964252706551,,0.09343625582079992,0.2727272727272727,False,1
-0.93155442574900926,0.35941236546377581,0.055037291168505545,-0.35666520805827728,-0.87382775063049656,-0.33047691536443524,-0.070684377539732779,-0.32748712002119934,0.94220799454899617,-16.255905449168786,13.222553621523145,-1.4525414076425358,,0.2844386577453931,0.3055555555555556,False,1
0.41139384056252143,0.89564496227377433,0.16904203471571236,-0.89668368318301561,0.43096125903524357,-0.10114724674502409,-0.16344259010600595,-0.10996588000087565,0.98040503108412969,8.4994179027790722,4.8328562221187079,-2.068217269394502,,0.3334459954658786,0.3333333333333333,False,1
0.96520748339137574,0.25941157183159147,0.032865641712130168,-0.2579856082808365,0.96523222793873564,-0.042073412844588987,-0.042637306730769924,0.032130710360768151,0.99857382177105902,3.9214669768132411,14.961473530829998,-0.97371650095858153,,0.2724037284877319,0.1904761904761905,False,1
0.60098611657018652,-0.79866755023951908,-0.030754379920456491,0.78541080300743327,0.59726744021170375,-0.16248530820408849,0.14814033282366179,0.07349659214796353,0.98623156141624824,18.990233809298449,-2.0294152902822584,-2.7945562063053604,,0.2659536732009761,0.9347826086956522,True,1
0.91913690000141879,-0.3934254264615078,-0.0200945980144537,0.38651182332260808,0.91049344842067925,-0.14700439046114488,0.076131264849697192,0.12735036001755348,0.9889317045760968,-2.349545887374541,-0.62729509088557667,-3.0197559689150002,,0.4090829009787846,0.3971807628524047,False,1
