axis_00,axis_01,axis_02,axis_10,axis_11,axis_12,axis_20,axis_21,axis_22,location_x,location_y,location_z,dbh,dbh_approximation,score,reconstructed,number_clusters
0.37318823346261648,0.8872857146618256,0.27102509655399709,-0.90798985679659028,0.40928521721827704,-0.089666219509322298,-0.19048612117306055,-0.21262566054839088,0.95838685618950414,4.7490017515386302,-5.0333293752259696,-4.0369463254976141,0.5539031456766701,0.4149378962467051,0.247787610619469,True,5
-0.54496653061382294,-0.83777954651086872,0.033718125078010468,0.82076227376231969,-0.54125191097994252,-0.18274479152377487,0.17134984820314531,-0.071915230018427756,0.98258202162066677,-17.361547592481514,-12.926900606336114,-4.2628153573294396,0.1740519158563336,0.1615422235499957,0.6363636363636364,True,4
-0.8875634420302575,-0.45956567209580212,0.032101859798669301,0.44297439404699529,-0.87050220288919966,-0.21447517568181723,0.12651016793166156,-0.1761400232661009,0.97620175661269881,-3.7024400124250558,-17.083234007811747,-5.1588661931883744,,0.1146842763026038,0.4054054054054054,True,4
0.25878740678583506,-0.96527229296527195,0.035755818024865639,0.95410632550492613,0.24966820180468252,-0.16536900749264583,0.15069903025749395,0.076910268762896597,0.98558338705472737,-4.696674244645207,-15.184459037463405,-4.9152732785497664,0.3045999056911013,0.2578611855293296,0.993421052631579,True,5
0.86847076428714298,-0.49451476036501174,0.034837958603243471,0.49402476636081011,0.85748407025719597,-0.14373795419895222,0.041207545433490936,0.14204302529968926,0.98900238481161384,-18.791446554831232,-0.6114230198567957,-2.5634006803368181,0.280454810410446,0.2584865265271298,0.9295774647887324,True,5
0.92469959857006823,-0.37803523327009875,0.044944574875932897,0.38036230399760546,0.9124704279492748,-0.1507389658174115,0.015974044634637828,0.15648348323223027,0.98755139075063914,1.6239591400437574,10.090014870753929,-1.9943983603296043,0.3023819150401501,0.2651218071430269,0.9152542372881356,True,5
0.98786444309387478,0.14204483140059224,0.062826013268445918,-0.13237042385800463,0.98156439231441328,-0.13787463373692049,-0.081252156638958642,0.12788514226764203,0.98845509631379036,15.488893532553327,0.35389644345271848,-3.8230012941968718,0.2706490859338046,0.2041944385982331,0.8918918918918919,True,5
-0.27627007419904998,-0.95753133101337007,-0.082514218349410556,0.94122685491715741,-0.25220347212772293,-0.22468959973589503,0.19433695913234661,-0.13973961061375395,0.97093047513233854,1.9311864160975154,-0.78426676383241722,-3.3655023926028407,,0.2353142198568196,0.155440414507772,False,6
0.98066569256414782,-0.18968187635648667,0.048120527943510655,0.19482582802129911,0.96944542458951644,-0.14905859746511524,-0.018376511189419086,0.15555177441718435,0.987656797330009,14.93467348064188,-8.4962247049505741,-4.8667167901288986,0.5045627103967982,0.2942757956713924,0.9761904761904762,True,5
0.93591443165611932,0.34395063964058414,0.075908722217114893,-0.33537696846159443,0.93605990284514073,-0.10636798066643791,-0.10764044613115004,0.074093291034869058,0.99142509479047813,7.2471662878657979,-3.0768080749774418,-3.8568489357536304,,0.1442625088118238,0.4705882352941176,False,6
0.47022449496774049,-0.84629447322736961,-0.25034893432395849,0.87331412015095,0.48711611686705791,-0.0063510812725636745,0.12732388572968134,-0.21564682532596546,0.96813484331963162,3.4665553597206382,-3.3055725490607193,-3.7592497079261609,,0.4354038601477578,0.5436893203883495,False,5
0.064060739147917573,-0.99747943037930964,0.03051241829140337,0.9831112185915728,0.057826625109730176,-0.17363298450412845,0.17143090030450936,0.041120158056430774,0.98433763466719038,-7.2354564868540931,-15.725088809771467,-4.886880238380864,0.1247360014135731,0.1194991244597467,0.631578947368421,True,5
0.84972298698807514,-0.52578490378226872,0.039001029970169999,0.52509341044415736,0.83730983315764507,-0.15227985292099891,0.047410501918746087,0.14987487532000732,0.98756760075228567,17.969821380346424,-5.921636606172008,-4.6693415670841976,,0.2719791554250798,0.961038961038961,True,5
0.24992336022847669,-0.96130085802108212,-0.11592659047879088,0.95695852302910556,0.26347171029113547,-0.12170884552166357,0.1475421946903977,-0.080519055162080994,0.9857727844395715,-14.055833298447352,13.847361417404922,-1.0784893252700638,,0.1778351419931997,0.2916666666666667,False,2
-0.68352585611309269,-0.72990273538106987,-0.0058652287333887873,0.71205967214238297,-0.66500649050635452,-0.22524961907382607,0.16050989792952183,-0.15814033156552193,0.97428343319539268,-6.7159119614519245,6.8331134034129315,-2.1446299607482477,,0.1791942606368526,0.4854368932038835,False,5
0.34128900040372517,0.93208277981275656,0.12142285526188969,-0.92119458835619705,0.3573559347910541,-0.15393916412943306,-0.18687522197092571,-0.059316333721291387,0.98059126243668993,-25.16295386519036,5.1736861998936998,-1.7516415119461424,0.2348685964329892,0.2226458326029847,0.7894736842105263,True,2
0.80274874494555548,-0.59553076289591544,0.030619649458212991,0.59324183216963766,0.79234660376262123,-0.14230596638880119,0.060486205471546213,0.13240079286185694,0.98934900262607306,-4.6463190195937045,-12.013877126095766,-4.5739387328484593,0.2411859240147978,0.2025447066066725,0.9668508287292817,True,5
0.99846527551419384,-0.020338921551792857,0.051511376049149162,0.027908140474515987,0.98817318963251088,-0.15078091055158738,-0.047835439661630813,0.15198709011498679,0.98722423752193156,11.177483228314809,-3.1083343917978334,-3.9563838146855903,0.227714423243564,0.2262376255276056,0.8646616541353384,True,5
0.92013564024676808,-0.38977765438078033,0.037733058358516945,0.39115672982884392,0.91023560816546722,-0.13589536540017416,0.018623003443991135,0.13980170876301615,0.99000437674268205,-0.65818088292171251,-17.698306833421377,-5.4123587952587977,,0.1528382268048677,0.7115384615384616,True,3
0.91169764361746042,0.40590158286806427,0.063649914749117575,-0.39459920363560397,0.90819441259299927,-0.13955062674529303,-0.1144503172233142,0.1021117718975475,0.98816714726175059,1.1687246164857146,4.4749462121324592,-2.7953638536136229,0.3096554629106147,0.2743844197227544,0.9302325581395349,True,5
0.88927380430182734,-0.45628799400711245,0.03151773322306127,0.45609040956021862,0.87950624493028695,-0.13583189403015047,0.034258419253474864,0.13516668100383034,0.99023044240048586,-17.737394200368573,-7.8410264681059854,-3.5614985334466467,0.3065178892357871,0.1477538664345175,0.8070175438596491,True,5
0.98618356984436328,0.15639117732009694,0.054623861319597407,-0.14959068424006727,0.98239285859976966,-0.11192362825052803,-0.071165959261553613,0.10220602246740598,0.99221435950795234,-3.7254738732596966,-23.8303841935188,-6.1339441376959263,,0.1665766673440219,0.9230769230769231,True,3
0.9882470518159846,0.13890728663295138,0.063816379537596168,-0.13083549026947519,0.98449586761772012,-0.11683304810531953,-0.079055923642454479,0.10711046804073278,0.9910991416468562,-21.618462321056665,-1.2836035237562526,-2.5825122692244489,,0.2151993828958831,0.3103448275862069,True,5
-0.34698845901715947,0.92102986086174721,0.17692655173796701,-0.92891264082750458,-0.31149455682094179,-0.20023098357096569,-0.12930705711510185,-0.23382715084419872,0.96364129659760644,11.931669701367563,6.7497455033083371,-2.8290975868142141,,0.2122349901494839,0.45,False,9
0.87234411232161768,-0.4873790519385936,0.038437084036697676,0.4874935332774038,0.86121242865803527,-0.14374702688278226,0.036956795187344578,0.14413470247086277,0.98886772767297604,-1.2045879363564469,15.825037899647675,-1.1257119095254029,0.3440991907400875,0.3257967741873229,0.96,True,5
0.96643354429472805,0.24978904697904181,0.060096892359193972,-0.23931327732564117,0.96033623776434207,-0.1431204588180563,-0.093463146520922469,0.12393442800905675,0.98787898944986052,-9.1086424579667522,-8.6028768341379269,-3.931137931751139,0.2160625201560152,0.2041524461104146,0.9509803921568627,True,5
0.48723204234993489,0.87052258234413493,0.069248613967425418,-0.85532084637348893,0.49170931053881795,-0.16324277530224343,-0.1761567105348239,0.020307327700574244,0.98415264353412757,-8.7955466392686308,-18.150445913755188,-5.1853929013317588,0.1555445687821684,0.1137977306266729,0.7441860465116279,True,5
0.99482793973044836,-0.090070961797312027,0.046953084803660089,0.095658547134897062,0.98623464834279517,-0.1348727576948181,-0.034158640074119055,0.13866665153911947,0.9897498406462194,-15.911702003645882,-13.464056133351086,-4.3397834932882926,,0.1765024379490118,0.6176470588235294,True,4
-0.38473579954615583,0.87834228621761079,0.28371322279654099,-0.91589830424008722,-0.32515621938411066,-0.23537996789438981,-0.11449306021638106,-0.35041155979483879,0.92957144853122253,-24.322568815770943,-3.8464924104119222,-2.8375765663873693,,0.2368928744032338,0.4705882352941176,False,3
0.95348695383164472,-0.29952041165275528,0.033913889134333894,0.30142601147977727,0.94657340574761117,-0.1146348425861993,0.0022334897011338575,0.11952535519601482,0.99282863626560591,-3.9101226605077066,22.490082068524337,-0.36697500809878253,0.2870019991443645,0.2590588339648547,0.8367346938775511,True,4
0.9967038786674729,-0.065857144503605997,0.047373143943034948,0.071234348137048778,0.98989687824741857,-0.12259624007899274,-0.038820689003494904,0.12556674302476536,0.99132534878890677,-2.4892238198882457,3.1352713613026628,-2.7364250142910587,0.3797895099504731,0.3157088312242698,0.9552845528455285,True,5
0.65527095187789541,-0.75485659690808693,0.028486799212561101,0.74910317149473316,0.64449504975974037,-0.15320107470811253,0.097285240820832203,0.12172776568856478,0.98778435550422705,-10.51461426361894,-10.272823868086554,-4.0710720120908537,0.1561736376195743,0.1923710472911919,0.8958333333333334,True,5
0.88523754725460124,-0.46350176685048311,0.038994833723669721,0.4639147647414652,0.87372010916747167,-0.14627461123261082,0.033727970373670514,0.14757805718622563,0.98847515955213094,3.6894193430395665,0.33023612305365824,-3.3040146276960458,,0.2560861541199598,0.8916913946587537,False,5
0.99235490766639001,-0.11974806433034176,0.029868684597193215,0.12152626238842455,0.99030394099920094,-0.06730135207669119,-0.02151986943106398,0.070416656627443702,0.99728551061823967,-15.46268646594622,-15.394479500232807,-4.6474581189190438,,0.2164687499373551,0.4117647058823529,False,3
0.97224861407809204,0.22663149527102053,0.058058571929148858,-0.2159301334887079,0.96479881556947544,-0.1501246912645883,-0.090037824689291945,0.13342192783407247,0.98696088032822338,-16.113601567692644,-11.494653604889818,-4.1023190623045203,0.2160079535884368,0.1732044267906462,0.7857142857142857,True,5
-0.95166777880187603,-0.30555990383727583,0.03100941723507511,0.29245748245330794,-0.9324081973030397,-0.21232893010414372,0.093792642288067996,-0.19299766519067491,0.97670611827896936,-21.279385572665614,-2.7861520396217481,-2.7728278944744074,,0.1951943431775212,0.7317073170731707,True,5
0.84748637259793158,0.52056166032608631,0.10383836506489061,-0.51421216801290526,0.85365973275957119,-0.082770205583452175,-0.13172962661553864,0.016751670466171997,0.99114413029000237,9.8590304809523026,9.6016787487241153,-2.4019176733497716,,0.1545995985343246,0.4583333333333333,False,5
0.99239882979515537,-0.11338071896878847,0.047847415680746533,0.1187228486795304,0.98441860639721668,-0.12971080363785567,-0.032395182089669461,0.13440543123356904,0.99039675495848389,-10.204827572743994,-6.7475389845080107,-3.6687908155956421,0.1634295956499528,0.175266640835465,0.9083969465648855,True,5
-0.99767468823488015,-0.04790373849634328,0.048481422148162243,0.03511807244411274,-0.9709476202606232,-0.23670116116750045,0.058411791987957581,-0.23444818307742743,0.9703721512947745,-9.2588290936890782,-14.366879693576948,-4.6708189207889674,0.1281951386039606,0.1082447301586933,0.4150943396226415,True,5
0.69016020001405165,0.71853347407581947,0.085956645752951158,-0.70597335442769127,0.69462685693760406,-0.13818521071047873,-0.15899849418997089,0.034686831125364165,0.98666929748107757,-21.422447399610132,-10.607372181247822,-3.81616983208683,,0.1435917994957473,0.44,True,5
0.42918785997917486,-0.9023610742786915,0.039271777055545576,0.89342834966403117,0.41775246648318953,-0.16513225234282958,0.13260303489400366,0.10595927695967008,0.98548925248481645,-8.2536361239414155,-13.425633024229153,-4.5440179236525617,0.09411127984139164,0.1086231323427273,0.6071428571428571,True,5
0.91862384465806257,-0.39318724120597009,0.039166636037310687,0.39452777740900136,0.90721433757985315,-0.14597937711287534,0.021864694792157302,0.14955246250860615,0.98851201109509002,-5.1663618242985638,8.3505367992514312,-2.0309282419198635,0.2523751341947071,0.1750795491616206,0.7954545454545454,True,5
0.57419791923459207,-0.81829921123756166,0.026137146643233765,0.81190969047325334,0.56502567487230793,-0.14679455456766699,0.10535370929536145,0.10551013042868509,0.98882162613619617,1.010774224519668,-18.067948481693172,-5.5560008693017018,,0.2122502188519426,0.9078947368421053,True,5
0.14891790373843289,0.98520497853276401,0.08482103642615188,-0.97293410367624467,0.16130879629705996,-0.16546510853015561,-0.17669942798394508,-0.057884561944005139,0.98256129052527696,10.482952638556457,5.023150475900926,-2.9923021601294155,0.2817226612610938,0.2238140259435369,0.6458333333333334,True,5
0.91741923363512912,0.39081420864212701,0.074874589012298876,-0.37898812742722471,0.91551048357291498,-0.1349390741679144,-0.12128457867980773,0.095419121728907624,0.98802087132962246,-15.461320735903776,-10.126993494314869,-3.949305103229038,,0.1860666068593186,0.7558139534883721,True,5
0.13871009042049759,-0.99032062858345948,0.0049561494728759745,0.97687111597440346,0.1360004900456169,-0.16500511956383057,0.16273393496889124,0.027729394321048286,0.98628025788825746,-6.2588784151870378,-11.311871006860082,-4.459342163354191,0.2209643444357185,0.1894566582103064,0.8203125,True,5
0.87713230602141112,-0.47970018172425793,0.02294892998103985,0.47915350408572033,0.87090659255922154,-0.1092411395000128,0.032416620057253577,0.10681499281748601,0.99375033084445497,1.9821793560212857,-17.775898042632992,-5.5853240235194619,,0.1825742050410907,0.8507462686567164,True,5
-0.99128304666594924,0.092633577730770508,0.093685333267647108,-0.1250119310387601,-0.88581847405775282,-0.44687542796170188,0.041592529264677547,-0.45469182013182435,0.88967713818810445,1.0907137151024322,1.1989354084594113,-3.0779301628940505,,0.5032175617939322,0.2687747035573123,False,3
0.51701919969737264,-0.848017502676913,-0.11643651617040429,0.8475160365570692,0.52622743511413805,-0.069291083927105021,0.12003214120761756,-0.06285699393709876,0.99077812016127376,3.2321396601651111,-3.0890560100490978,-3.7309157529302692,,0.7909166764235535,0.4801097393689986,False,1
0.95772885570737032,0.28187156402521985,0.057479216586770396,-0.27127564155256639,0.95142189152501178,-0.1456224935482629,-0.095733824982062232,0.12387415275571659,0.98766908883155757,4.8001856454590053,13.30161321269156,-1.7133521217873415,0.2670367911412619,0.2803689827721135,0.972972972972973,True,5
0.8663099015238247,-0.49931422998525904,-0.013872788328532483,0.49814063836891292,0.86565983341328911,-0.049889449989833981,0.036919627939517294,0.036309124873838861,0.99865839430893655,9.2575758572571942,12.203869852661002,-2.0716061353076931,,0.190474473696886,0.3103448275862069,False,3
0.91646909153115341,-0.39867008250858244,0.033861033366709356,0.39956177989604569,0.90752972506012397,-0.12938385594269006,0.02085157822240935,0.13210587967571663,0.99101627042180251,-9.9639420587063725,-8.065878117630902,-3.8107860219437906,0.1583183069641608,0.177555247820806,0.8333333333333334,True,5
-0.92298144985429653,-0.38350987013918542,0.032022222450751217,0.36962762455926401,-0.90657914807352735,-0.20369012602714201,0.1071478529301266,-0.17616590982395647,0.97851157879115636,-10.61532965558867,-19.84057447850439,-5.3808249414320111,0.1735814862053663,0.1731064241318232,0.5897435897435898,True,3
0.089647811282560511,-0.99532886788190711,0.035828964444534324,0.98187705607731068,0.082290761573415833,-0.1707210511583781,0.16697519780255002,0.050484406707304641,0.98466776528848132,-17.130628370130001,-3.7077552584587119,-3.0125503994506251,,0.1707948169353237,0.5849056603773585,True,5
0.93914905210199617,-0.34127991170077027,0.039077868486343814,0.3433649894930858,0.92935453104528809,-0.13564895729789314,0.0099770700275510424,0.14081256156716615,0.98998600019321403,2.8590507108894205,-19.882794890018587,-5.847475596531611,,0.1966775788096541,0.9814814814814815,True,1
-0.62552690646070108,0.77766082411906756,0.062926400851774533,-0.77363935549993268,-0.60780459030828926,-0.17904113388219517,-0.10098632043675215,-0.16067738680544302,0.98182714387717973,6.7499194886595895,4.5704179116484873,-2.8695420413623047,0.3212502039135291,0.2703898160030282,0.9967845659163987,True,5
0.70093787549565978,-0.71266829238952989,0.028106933632520224,0.70816814768035441,0.69074687193854956,-0.1461732996073011,0.084758299337630655,0.12236283720844869,0.98885962945389394,-14.509599451522826,-8.9707564414794039,-3.8147386282065883,0.1277535192572014,0.1088560588504111,0.9230769230769231,True,5
0.14837003588096989,-0.98850284310952619,0.029128364476273358,0.97546741299496564,0.14144257158408011,-0.16869299075122082,0.16263351019266836,0.05344275543107161,0.98523815052724495,-7.8868764373444131,-10.928538280276152,-4.332087328189659,0.2271474947155888,0.2119053671752707,0.8721804511278195,True,5
0.88975615973013911,-0.45564199883806145,-0.026913660418643001,0.45530845368534989,0.89015591896794566,-0.017794716322177134,0.032065374236541468,0.0035789413500826352,0.99947936594703257,12.004525884721621,-9.1589552282347526,-4.8418492269455555,,0.2078002859838994,0.1538461538461539,False,1
0.4171145722784716,-0.90869082242314247,-0.017216934596468565,0.89876462977934857,0.41522494507697377,-0.1407493703126721,0.135046561787174,0.043234641547904115,0.98989554596416207,20.974768193624129,-1.2756654869130442,-4.2330375703153305,0.1898818954010614,0.2147771320516741,0.6170212765957447,True,4
0.94523314315042395,-0.32335522777139669,0.04444886683458181,0.32630569210513805,0.93296638244507768,-0.15198132953469168,0.0076746589342471111,0.1581617080720043,0.98738339752600124,-19.827725612087214,-4.6502382733960346,-3.0899368537179215,,0.1979862385778636,0.9473684210526315,True,5
0.74438718877084198,-0.66717492424668068,-0.027664664290014643,0.66341323626282001,0.74363281460498765,-0.083024785419514788,0.07596440709394732,0.04344948214997188,0.99616341598944758,7.1791488860270096,-24.006102098258186,-6.5991506247424212,,0.1580730121175261,0.4782608695652174,True,1
0.66384960595892117,-0.74726561753177256,0.029963269565306913,0.74202188459595619,0.65313410514335746,-0.15106079398457775,0.093312504247019437,0.12251505031400949,0.98807026015243749,-0.73084170468658949,-14.866054645493227,-5.0876738467815708,,0.1603940298958552,0.7142857142857143,True,5
0.84317264041306594,-0.53617496450137214,0.039702719060675774,0.53536171106389863,0.8305073186620574,-0.1537707123463215,0.049474607482964839,0.15091057315745859,0.98730859518374214,-11.526846000084216,-22.694941706315415,-5.694392084986803,,0.2196552749767141,0.9565217391304348,True,5
0.95950660934127685,0.24487145887717296,0.13923015211431131,-0.25862134993971336,0.96169083831248947,0.090916053924401108,-0.11163361494536353,-0.1232424445278054,0.98607770276030715,5.8823577068245267,-0.31571856986390179,-3.4274982619043102,,0.4583752236881263,0.2965779467680608,False,5
0.17897674550675116,-0.98358359824051356,0.023035404056700914,0.97086004649875879,0.17277208552540987,-0.16607400933207078,0.15936779687327013,0.052087539157118196,0.98584420350495339,0.51243057027630812,-22.111218283138609,-5.9616636703502124,,0.2202035280326602,0.9322033898305084,True,2
0.99853270670634897,-0.0015077805609961773,0.054130954503607671,0.0092944571321885924,0.98955033072473897,-0.14388799821103107,-0.053348352404827562,0.14417999015237745,0.98811238416252567,7.3725050634403431,8.384477139903904,-2.4787566737397815,0.2793165427025646,0.2280884915906564,0.9421487603305785,True,5
0.99779918973536574,0.040150127049552155,0.052770676150228742,-0.031600286295873768,0.98758269255649933,-0.15388907455980788,-0.058294072335584264,0.15188282543052756,0.9866779659391276,8.084883087876868,-5.0331320202569731,-4.1617236566144706,0.3005350160826026,0.2688942098050525,0.9227467811158798,True,5
0.15360010338942209,-0.98783445233335587,-0.024292036185089516,0.98033903272509915,0.15542412501020328,-0.12156776826293203,0.12386439825218551,-0.0051416094826060577,0.99228583316378782,6.0026918440117978,-2.3570297131865936,-3.7196095455790421,,0.2025197253113068,0.553030303030303,False,9
0.6164106777444589,0.78136031105019876,0.097539431401628018,-0.76961558712472422,0.6240252040263361,-0.13521979438882253,-0.16652244418480808,0.0082830583377047767,0.98600287348835425,-16.215266319516498,-17.66708719362931,-4.916694303615496,,0.2456188483896561,0.8214285714285714,False,1
0.93433987071133318,-0.35489002667170766,0.032589491681890889,0.35589779220406836,0.92438646620162823,-0.13728227346433505,0.01859482464018003,0.13986682977826254,0.98999570828583905,4.3060651332603417,-0.29199093008244376,-3.4145778744821427,,0.1448678778267328,0.2032085561497326,False,5
0.99246234436510228,-0.11452196797868422,0.043625839448817788,0.11242754458096144,0.99251079716155599,0.047774101113767314,-0.048770300766149507,-0.042509250381791056,0.99790501621905747,1.5534393781682267,2.1073065012575296,-3.0221870668234518,,0.3177040798319768,0.3697674418604651,False,5
0.99155501196513762,0.11736845658907352,0.055166145820747504,-0.10890403131127052,0.98453727614869635,-0.13720883294402345,-0.070417115895008583,0.13004229031974884,0.98900476870307608,13.483841276004048,12.675786541189614,-2.1803448925336113,0.177581059682615,0.20148145339839,0.9285714285714286,True,5
-0.50596729548067132,-0.86182417722392024,0.035442678458158502,0.84535815128697933,-0.50362593119159393,-0.17813061916487305,0.17136712624256845,-0.060166510483100483,0.9833683435313807,-9.7187224288299703,-15.705794537978171,-4.8293924937162913,,0.1520556974093209,0.9636363636363636,True,4
0.49434941695981977,0.86663678908091935,0.067522809205488532,-0.85240230402897199,0.49852109977890235,-0.15775622067397096,-0.17037888964771228,0.020430097570695097,0.98516681078671409,-7.7659333746198671,-8.5340645812203988,-3.9851938725970468,0.2454059986093202,0.2008375861017339,0.9675675675675676,True,5
0.99170400455765806,-0.12143165134376648,0.042160661714786947,0.12467941595463053,0.98849435987704404,-0.085638447723460964,-0.031276358188174272,0.090184558230318332,0.99543384254067147,-2.2766217761988696,-20.741450465019657,-5.7232020473255609,,0.1554525316982251,0.4634146341463415,False,2
0.89505615381398584,0.43340311762772488,0.10505341094073549,-0.42453340565556025,0.90021646752515738,-0.096859171372767283,-0.13654987734233304,0.042095715068115221,0.98973839057131585,8.0923747303198414,-24.09580360748841,-6.6688275321788026,,0.2290890650530678,0.8888888888888888,False,2
0.87827540438133023,-0.47728533064434692,0.028827542568306296,0.47692524015817417,0.87010149914970369,-0.12436115341016619,0.034272866219198311,0.12297192496320179,0.99181816696003633,-12.498493497775959,9.436501866553181,-1.6363485316518904,0.323887112314191,0.2849242545640153,0.8225806451612904,True,5
0.62676093238240582,-0.77859425190472975,0.031011683928005733,0.77258884761765401,0.61576366138519567,-0.15473068814660881,0.10137655634298375,0.12093843151956071,0.98746984237779445,-3.9029578628628405,-15.474703273699284,-5.0153521175084812,0.2317134380555167,0.2171544146155671,0.937007874015748,True,5
0.98064184925549969,0.18720870401336201,0.057397427036326554,-0.17736852253072163,0.97345275194725744,-0.14467255075369229,-0.082957644036110112,0.13169146087711284,0.98781343806815558,5.5608624210228843,-4.5479614295354693,-4.0083913492348273,0.2994706954817818,0.2430149994442948,0.9168704156479217,True,5
0.81513328121331285,-0.57789948872850205,0.039873735538001255,0.57658661822605939,0.80280597814036359,-0.15182369098639162,0.055727960137214518,0.14674720572954986,0.98760298301975313,11.457988471759473,-9.9305352282452546,-4.9216652417870623,,0.2335293079256083,0.9702970297029703,True,4
0.96217894076719113,-0.2684586256466534,0.046277988936832541,0.27233937421136822,0.95200611952530145,-0.13969829505237349,-0.006553716372247928,0.14701807610729276,0.98911209379899145,-11.157045342026972,-14.13773319577769,-4.6093660435146573,0.1786002312052891,0.2169843101512646,0.958904109589041,True,5
-0.63149036425529836,-0.77530698687103961,0.010908527016101573,0.75765282294993963,-0.61998024172120492,-0.20392817302007435,0.16487000857857476,-0.12051379997438917,0.9789250759312661,-3.3545175011834147,1.321350886325747,-2.9390485973462095,,0.07543506936699786,0.25,False,5
0.58086908798184456,-0.81346198956435722,0.029507527194545167,0.80656333291120585,0.5702982430651975,-0.155613315496829,0.10975742631050892,0.11419065413047452,0.98737723382653864,-10.043319761433246,-12.075358848476458,-4.3445039283354667,0.1097131922378558,0.1253490243538046,0.6382978723404256,True,5
0.97857317660155629,0.19736734768451195,0.058657208456578916,-0.1890703359307089,0.97415834148473901,-0.1235634807973206,-0.081528805381818892,0.1098255698081365,0.99060153346808943,3.9206257949753591,-19.386758665325196,-5.8881123386688978,,0.1643285803976609,0.56,True,5
0.69595127497901488,0.71252098567070699,0.089250590104088035,-0.70196501347293971,0.70123963495051123,-0.12453149896475973,-0.15131735761312964,0.024017063794688417,0.98819342131571741,-3.7501418118232666,-19.608002321342976,-5.5160938458294329,,0.1332201195889926,0.2272727272727273,True,3
-0.72661304864773635,-0.65663709453815244,-0.20214154350686117,0.68518877250902221,-0.67094968586650217,-0.28344816997684524,0.050495777669253679,-0.34446225498904265,0.93744116152718715,8.3477766418686556,-25.189943450530222,-6.80748291707613,,0.5893152104370871,0.6944444444444444,False,2
0.16418360151102077,-0.98622502487778108,0.020098390475127424,0.97294806340471707,0.1585489805366555,-0.16803061235322087,0.16252941552802491,0.047142561190581092,0.98557687067651489,-22.151303843902504,-8.8891161649017629,-3.5787487739320065,,0.1371887202879108,0.7083333333333334,False,4
0.9034936577984376,-0.42717874072535755,0.03489317684441666,0.42765540195794055,0.89310066980881553,-0.13957811706437442,0.02846168466887003,0.14103019910409881,0.98959608702059187,-11.553128372493687,-15.037806994906708,-4.7120748243689983,,0.2113457772126957,0.7297297297297297,True,4
0.92466897074427634,0.36291532674224447,0.11523784169399784,-0.36522172166423289,0.93091981597382889,-0.0011790894228499438,-0.10770510000614958,-0.040997095541310112,0.99333722853311157,5.1003689505820535,-3.8568573819052183,-3.915451706922163,,0.2238344417514676,0.3055555555555556,False,2
0.9829173101497517,0.17553357717915055,0.055331046354349711,-0.17703466777911667,0.98392473976348349,0.023469829264362863,-0.050321842298487296,-0.032864414859414728,0.99819218711810931,-5.0987130882480214,9.3429771218063653,-1.9256028593007573,,0.4292997927961601,0.2173913043478261,False,4
-0.55424862283699605,0.82744494440304905,0.090240390430937983,-0.824537082555029,-0.53098819517016038,-0.19542296712919172,-0.11378516412491856,-0.18271945865662642,0.97655851634876178,15.309969067806644,3.7936329557250055,-3.3206486015220218,,0.1097532637436415,0.35,False,4
-0.14799995400393801,-0.98863265189665928,0.026485717256895872,0.97115618884983834,-0.15034191925488333,-0.18507556341509984,0.18695365862558228,-0.0016694066425262805,0.98236731552305467,-8.9888579240910058,17.96542457778293,-0.77104153520472241,,0.2405119771532012,0.2777777777777778,True,4
-0.2747171081665663,-0.96152175596200617,-0.0025344215000946621,0.94469511591395638,-0.26941667585863927,-0.18699142423543993,0.17911350716491642,-0.053763998930714346,0.98235827678605259,-4.1705107145731546,-20.857885358170719,-5.6718213648836722,0.1778825397059763,0.1512517532631648,0.3636363636363636,True,4
0.50171276031124046,0.8413630235358488,0.20097902569046977,-0.84735992189729703,0.52473907098475403,-0.081425242672430939,-0.17396973559525486,-0.12944948825187338,0.97620559365752735,14.285157011908098,8.8458608051243939,-2.7016630727978446,,0.1853398258686868,0.3529411764705883,False,1
-0.30114092356870825,0.94544220738525642,0.12431080663674905,-0.94204248904641896,-0.27474160230291894,-0.19254350364334025,-0.14788540490330204,-0.17508879021376159,0.97338267015499524,22.127011739003972,-6.4933339695974368,-5.0183820564643034,,0.2594996823174483,0.3809523809523809,False,2
-0.35026367564340422,-0.93598562085976389,-0.035302621269994318,0.92105948347545386,-0.33734003923517281,-0.19455365796802968,0.17019043869942019,-0.10066089346202234,0.98025639457374902,-22.901479363026478,0.23836285992396689,-2.3478488387366898,,0.1509162547774437,0.4642857142857143,False,3
0.86578798585930794,-0.49908865451291862,0.036354896206275619,0.49848644054611924,0.85381362610324774,-0.15004519476506331,0.043845548614936822,0.14802974976980157,0.98801050654825884,7.124285355210934,17.085051951909239,-1.307969905059317,,0.1648398720299565,0.3157894736842105,False,4
0.53459659775855695,-0.84455706656629759,0.030493261188423312,0.83740411034256002,0.52451806304185145,-0.15373730036724759,0.11384565712560332,0.1077226199818509,0.98764113092655526,-20.917028026175284,-4.0831840741986092,-2.9694440523475198,,0.1618769975094852,0.6538461538461539,True,3
0.074630854678740394,0.98800578103292247,0.13518436364996284,-0.98178420588088022,0.096550872437315222,-0.16363893825872541,-0.17472838525199741,-0.12050935929262062,0.97721414526710149,-23.623544693759328,-2.3389660934631973,-2.6700620232622683,,0.1020306223945553,0.4375,False,1
0.3612797636735986,-0.91518804020744238,-0.17862749906217845,0.92019284567452964,0.38089289677427957,-0.090364417534275446,0.15073837974901869,-0.13172491126646493,0.97975838277734684,-2.2620038449006428,2.0573635123950837,-2.8615087506010433,,0.27971784072602,0.1691542288557214,False,3
0.79655380096632011,0.59943499266714761,0.078611269753418742,-0.58650996669580358,0.79774363644542923,-0.14003981390058509,-0.1466564050172908,0.065442952844134664,0.98702032339280898,18.880601112379995,7.064052132379131,-3.134703936000081,,0.12707902076498,0.8846153846153846,True,3
-0.99505948999404403,-0.079467814061741054,0.059510317601582971,0.065984690140186611,-0.97723360928601544,-0.20164447314253658,0.074179727957820865,-0.19672147673824564,0.97764923594816355,10.242552175916092,18.977251666229641,-1.1758027248414744,0.2154746562907629,0.1135206805378484,0.3529411764705883,True,3
0.91122426447732974,-0.41097694676955532,0.027718027558319092,0.41096417912468292,0.90251099501693244,-0.12877246347695198,0.027906689236186451,0.1287317097591793,0.99128672118532613,12.06598282019247,19.266678620747214,-1.2065235155309695,0.1867481064983076,0.2057343373743712,0.2307692307692308,True,3
0.62549040705929826,0.7598300634976306,0.17725694706267756,-0.76242242465388899,0.64349395201119908,-0.068026319244057165,-0.16575221585752428,-0.092594861251561619,0.98181077332046307,11.498500374732254,4.4817977024709359,-3.1206802545206056,,0.2242217587053241,0.2051282051282051,False,1
0.73693144965006674,0.66449718916763434,0.12399808105355949,-0.64688663942583891,0.74648694361830381,-0.15586827367924797,-0.1961369782804781,0.034651530928911621,0.97996405911405093,-0.61242386804107629,21.739661341323831,-0.52615381624596924,0.3355224543080257,0.2503673923788788,0.7407407407407407,True,3
-0.99851561157083513,-0.02392824491232956,0.048928647485268865,0.0025605795223369566,-0.91795908176611973,-0.39666682194962266,0.054406037181841581,-0.39595272861608044,0.91665774410062684,12.350925531819692,10.17143804076413,-2.4554770848768412,,0.219624226104565,0.1176470588235294,False,2
0.80326823578695528,0.58819361986552232,0.093746503535888065,-0.58002361712117501,0.80826751311260037,-0.10137174571072385,-0.13539846733763189,0.02705351726234817,0.99042181026386678,-18.472824803332564,-10.731421895768113,-3.9265359506791486,,0.2111880176147549,0.4074074074074074,True,3
0.48222461632185504,-0.87516104172193987,0.039402670790302519,0.86839627559133936,0.47159760709916532,-0.15324361493201819,0.11553063642311798,0.10811497597701691,0.98740256431566931,-21.272057507267171,-12.12500906255165,-4.0423308594407503,,0.1756698007801591,0.7741935483870968,True,2
-0.78363605318922824,-0.61930673594957086,-0.048720662449278362,0.60448896010637332,-0.74210254130859576,-0.28961511578789972,0.14320486462241355,-0.25640394885962914,0.9559023913337934,9.5575328024760271,13.627751889541258,-1.8705473227207317,,0.2400901312280323,0.28,False,2
0.62065432216823635,-0.7836863690204029,0.024977737797978683,0.7773896767381322,0.61088884180438574,-0.14993369687925318,0.10224237318680675,0.11247443251919118,0.98838049310709131,-7.9306796827891599,13.6002005454377,-1.3415376071454053,0.3861056075994492,0.3420775121896034,0.9090909090909091,True,2
-0.048938052467637209,0.9870498123788044,0.15276693000659822,-0.98507482153776216,-0.022426965723721496,-0.17065938937185027,-0.16502321955719007,-0.15883859446429621,0.97341544980321015,-7.6905908118851212,-23.930199933765852,-5.9807287955794495,,0.133972024118816,0.28,False,2
-0.28462800054810411,-0.95672496094825743,-0.06053305214958464,0.94123884377243394,-0.26692835564237044,-0.20692677914661697,0.18181402662589327,-0.1158732154236521,0.97648198020724575,9.5045016167350429,16.496719003501738,-1.4922153291906342,,0.1366259596200889,0.4,False,2
-0.97033066435535742,0.24010578432526636,0.028418552835052957,-0.23895103944667692,-0.9343902159288977,-0.26422968251825896,-0.036889057443130757,-0.26318080611985367,0.96404100573111573,16.949194124714904,2.4137534240652729,-3.554203529874838,,0.1610490314276889,0.25,False,2
-0.29465399008324966,0.93361977662110185,0.20379680770311931,-0.94343660168107757,-0.25028582864708304,-0.21744972427414427,-0.15200791011154144,-0.25634179659276229,0.95455878738981559,8.3075806340424219,14.251031558754878,-1.7760970681073718,,0.1905507140181691,0.4285714285714285,False,2
-0.67472010485986045,0.71007799301506602,0.20135050020696529,-0.73265328611102665,-0.61135863823406156,-0.29909827449737797,-0.089285734855089963,-0.3493277247690062,0.93273693947387815,13.648967772990137,11.788315419330027,-2.2875776809301214,,0.1612902938149603,0.4444444444444444,False,2
0.9338632866686758,0.34880295190303556,0.078967477838072314,-0.34070043093974633,0.93482931686182524,-0.10008678580673591,-0.10873167969754288,0.066563121015926069,0.99184009434523757,3.9117083973609619,16.82133230415954,-1.2824501500779482,,0.08817955212936067,0.2592592592592592,False,1
0.97489257478794655,-0.21675291366132898,0.051016095917390147,0.2222973449949438,0.96069962735149095,-0.16625316963867362,-0.012975285412150955,0.17341972329014699,0.98476253053334772,3.4742067828071614,17.980426050227258,-1.1352942041366831,,0.1574217966804612,0.2608695652173913,False,1
-0.81019456374384113,0.5813729218162117,0.074768273076267613,-0.58362522945864259,-0.78824791368403602,-0.19505593585459205,-0.054464304083253527,-0.20166990938572105,0.9779380794452589,-10.164518807325855,-17.67702751922404,-5.0837151343584157,,0.0793275572718844,0.4615384615384616,False,2
0.19250123200534841,0.96991487311868818,0.14902487906246556,-0.97016059404723187,0.21092339118272127,-0.11958154042285837,-0.14741674746902406,-0.12155847134256076,0.98157620214149177,9.7866580684848277,15.146160354622904,-1.6763588853999865,,0.1500474876035058,0.3225806451612903,False,2
0.7871926333101148,0.6122680459712615,0.073862019636751014,-0.59919002655575715,0.78767041641112301,-0.14334094734875691,-0.14594200950513914,0.068579552297027765,0.98691325599990853,20.420861676550739,5.4032856650396663,-3.3716198585076684,0.1525187891738901,0.2293121555013216,0.84,True,2
-0.8546431243736764,0.51492598096018805,0.066606036460574961,-0.51523894091375055,-0.82524274534790076,-0.23130768473342062,-0.064140188079519336,-0.23200354605662138,0.97059795532974225,20.946418267615563,7.425271645889719,-3.1128109594554516,,0.1421839153357087,0.4814814814814815,False,2
0.96799334837460627,-0.2480659016614708,0.038107557457791826,0.25085948896104338,0.96094941195116179,-0.1168150010440452,-0.0076416163683834595,0.12263578639042373,0.99242232421267151,-8.6341191105332271,-19.632408334116718,-5.3996601572086869,,0.08928364176119363,0.3448275862068966,False,1
0.74664843615944732,-0.66515584112065773,0.0091553155992062651,0.66093042691392623,0.74020457829833108,-0.12356436802559422,0.075412754624308048,0.098310168798855485,0.9922943248606807,-17.091882227174242,13.268523332407668,-1.0597818666467831,0.2470989590347711,0.3018936762788159,0.9803921568627451,True,1
0.4385930403304098,-0.89812224443445843,0.031821046898847211,0.8890266183280866,0.42842945348771988,-0.16149264778416625,0.13140706555529863,0.09911930909880709,0.9863607583870726,-19.877692715404319,-11.985520327818426,-4.0642168657672357,0.2280820159433093,0.1590467180220024,0.8571428571428571,True,1
0.96933498208993119,-0.24479956024103591,-0.021514362702796413,0.24559159763324892,0.96194337845217837,0.11979024928581142,-0.0086290016027571956,-0.12140062585425149,0.9925660826229834,6.2425486583404126,1.3963606638983392,-3.195388681684169,,0.189867742091315,0.1891891891891892,False,1
0.99123266694565004,-0.12317733935858129,0.047803169856770897,0.12864654779413756,0.98224046526845299,-0.13657867377399893,-0.030130810152816701,0.14153095582859118,0.98947517544493291,-9.3984097900205832,-23.193867164153389,-5.8417051044639727,,0.1176965457353345,0.7368421052631579,False,1
