axis_00,axis_01,axis_02,axis_10,axis_11,axis_12,axis_20,axis_21,axis_22,location_x,location_y,location_z,dbh,dbh_approximation,score,reconstructed,number_clusters
-0.9912123832103924,0.13169584104819254,0.012418406539640013,-0.12960131228751792,-0.94805359355039132,-0.29051313844565368,-0.026486057157074951,-0.28956966209670421,0.95679041569691392,-3.7531696003342478,-17.286626989124336,-2.2462383162938933,,0.4496046965148223,0.2014925373134328,False,5
0.087517252347631497,-0.98136715873730984,-0.17105329664575472,0.99322064073618421,0.099150685985754272,-0.060678664159307477,0.076508099944546326,-0.16458323493118587,0.98339151380437562,-10.682656513794173,8.9417010821173477,-2.0242194193866632,,0.3440831507871837,0.3793103448275862,False,2
0.68490362949998762,0.72849267194092915,0.014333360600674885,-0.72819985283267696,0.68504211235664081,-0.02103042159393146,-0.025139463642063126,0.0039662609995894348,0.99967608561047017,-10.231508643928066,-2.5330821634449658,-2.0458838366889602,,0.07679537901448108,0.2564102564102564,False,5
-0.0064794550099916007,-0.87548678241543831,-0.48319862425159804,0.99724711829909618,0.03003620110747483,-0.067793891075675197,0.073866106618141705,-0.48230770306817106,0.87288205265899654,-8.6466827413339615,-0.19685632678624235,-2.0247757584803674,,0.5399554809190581,0.1829652996845426,False,2
0.96686606929217722,-0.25271468427021787,-0.036128830671612933,0.25212999392120722,0.96748688643520397,-0.019989765911742105,0.040005877278044957,0.01021826453554275,0.99914719478818304,11.303217186908787,-5.3591441238516104,-1.7315002931015062,0.3061892417528996,0.295800789852151,1.0,True,5
0.31910551491386607,0.94746770894777665,0.021831418937116504,-0.94670495268910282,0.3197448712366861,-0.038896656305641278,-0.043833810072597498,-0.0082557748931595294,0.99900472435090781,19.338816918418338,10.753554243014452,-1.4391022024915723,0.2441349525576967,0.2626604508817885,0.98,True,2
0.98317205137940489,-0.18029367223285803,-0.029443320791036041,0.17930646517151888,0.98322905548677919,-0.033313900916457709,0.034955814024394349,0.027473918529532199,0.99901114851963735,7.3847426486289907,9.1656607948337534,-1.5232530198721865,0.2169812112930597,0.1897714300430381,0.9166666666666666,True,4
0.95176047333383473,0.30631605388641531,-0.01795763154792844,-0.30676456248351475,0.95120401138592858,-0.033263071530121417,0.0068923583521316653,0.037167241689085966,0.99928529036585578,16.10077500350053,-21.505290765603629,-2.0634670716487653,0.2615822924226607,0.292835730806881,0.9782608695652174,True,3
0.99709832883201177,0.071645597157706908,-0.025726077204346571,-0.06519247371033185,0.97815938395966318,0.19736808491541782,0.039304758133540514,-0.19511824102212344,0.97999184078669554,-2.4834938609812545,-24.039267226445943,-2.4037182637277814,,0.2639868897118356,0.2727272727272727,False,2
0.84059369505946968,-0.52835973206749065,-0.11932406863595491,0.54073153380949324,0.83146446247755201,0.12757843070421329,0.031806417124559686,-0.17176391112945213,0.98462455314866781,5.4815818359496928,-4.6499783004747863,-1.842607537819752,,0.4268106698737042,0.6464285714285715,False,5
0.93752948031883454,0.34735325947630352,-0.019600680199583012,-0.34788875835397365,0.93655272130476652,-0.042923327312422738,0.003447512730805645,0.047060741046297122,0.99888608024546377,5.1998267274325727,2.3818809763159488,-1.7038189938326205,0.2784468308021961,0.2534765596368901,0.9223744292237442,True,5
0.3967122227331728,0.91770691444122032,0.020819018249720236,-0.91669386544014175,0.39725326549776407,-0.043153216748882887,-0.047872428374989361,-0.0019652577794691956,0.99885152468389604,14.925393978047969,-12.728717625952516,-1.8528169100913419,0.2794104293251503,0.2664142051694278,0.9878048780487805,True,3
0.99959347118274233,-0.017339367195022073,-0.022632691269802302,0.016685180146086769,0.99944650008900326,-0.028780170662060317,0.023119194024243686,0.028390840162293159,0.99932950675067667,16.343816935151821,-0.60146133805453272,-1.6975320218350369,0.2788506089137822,0.2466016792783871,0.8686868686868687,True,5
-0.19099478623281557,0.98120005499714602,0.027702774328192289,-0.97903379956332504,-0.18838547268305983,-0.077483759553726592,-0.07080826889905352,-0.041920946501454316,0.99660866106006818,-10.906342511299501,28.950297082507763,-1.424127966399962,0.2967126866555971,0.3428583176415702,0.2926829268292683,True,5
0.98498032069161701,0.17157758990030264,-0.019362295686306139,-0.17201763303659998,0.98480239043176587,-0.023962172780578387,0.014956663221654688,0.026932924903995174,0.99952534524212588,-11.625042415078557,-10.680925186365538,-2.1696693909247622,0.187815163841125,0.1645120442541481,0.8947368421052632,True,5
-0.1552485090615271,-0.98479188320239253,-0.077992609988755998,0.98756350799167636,-0.15273116108512674,-0.037302950510166549,0.024823741002270409,-0.082813882968221814,0.99625581186278578,-5.5274157668600097,-19.03858486227853,-2.2646662915605753,0.3936360890958886,0.2399416615138718,0.8360655737704918,True,5
0.97676828620761513,0.21383420644013568,-0.014094226305694318,-0.213933592715467,0.97683008429026386,-0.0059501540592810827,0.012495317798734518,0.0088271502532773043,0.99988296737744009,-9.155717047558328,-0.00027680385457933693,-2.031562224729377,0.5058662515168284,0.2582339565652204,0.9153439153439153,True,5
0.99463205755751594,-0.099315757237530236,-0.029042218290567641,0.098570070810504284,0.99478848827051836,-0.026073065505762879,0.031480330673504774,0.023070413277433467,0.99923808214653931,5.534806402824036,-1.4305881364937882,-1.7587749122880472,0.2463268974482148,0.2168202470182501,0.9829059829059829,True,5
0.50764765053200978,-0.82957256988133388,-0.23260097637329524,0.86004762587351413,0.50395125546999109,0.079694500058364537,0.051107182848042283,-0.24050464322066573,0.96930159003822847,-9.8511349600292082,-2.5165481278624084,-2.0383434666821554,,0.7023239010871094,0.4395604395604396,False,4
0.97298049960680333,-0.22771067816095461,-0.038167976582114731,0.22713750937370597,0.97368135966686553,-0.018792596222801005,0.041442722164505577,0.0096154505230743766,0.99909461208177552,16.475126911952472,-4.1552752881143871,-1.6951290378844852,0.2712140668750054,0.2636836398486357,1.0,True,5
0.8834142838935406,0.4685012782356851,-0.0092604159945492079,-0.4685798136700724,0.88336437321772032,-0.010017102903755855,0.0034872960561322976,0.01318849578964262,0.99990694684306691,-9.7783496861804995,12.761372931340965,-1.8646794121873893,,0.2301547689831719,0.9577464788732394,False,6
0.61401780372193726,0.78923104496744689,0.0098231548944387008,-0.78870366443552409,0.6139929751225458,-0.030970247111395729,-0.030474028589352931,0.011268724850503311,0.99947203533754703,-10.92277696982825,-3.9806885898344393,-2.1099475914462626,0.2384364920750099,0.2032349671348995,0.7730496453900709,True,5
0.96875517771985276,-0.24574653368187732,-0.033496967389876217,0.24489522497260932,0.96915743714561531,-0.027571558007448951,0.039239449876262079,0.018506842212675553,0.99905843791277982,-12.450778605215687,-6.1321258476518681,-2.1841832895301465,0.2780700036559192,0.233652494323806,0.9612403100775194,True,5
0.93852227352324091,0.34493276673887641,-0.014047367391481998,-0.34520173440425145,0.93810217081897274,-0.028285679575151622,0.0034212081292945458,0.031395915890374514,0.9995011714852271,8.2196608798930555,1.0928128583301455,-1.7020964179720746,0.2433304927436885,0.2315237977677226,0.9123505976095617,True,5
0.89301368870337927,0.4498611523771136,-0.012308345555711669,-0.45002199166155071,0.89250673292721283,-0.030198322810444288,-0.0025997710196951594,0.032506541826650213,0.99946814152784147,-11.856766528573441,7.4601321485254983,-2.0622571853571046,0.2453806741712718,0.2271101439118378,0.9056603773584906,True,5
0.99969498308298776,0.0023782388536681782,-0.024582204511780149,-0.0028654569384646872,0.9997997799465238,-0.019803766697673766,0.024530184574068865,0.019868165462291459,0.99950163884103982,-10.860660177748409,-18.131905053763926,-2.3169873291656438,0.2805205196337097,0.2533095576081856,0.8307692307692308,True,3
-0.90181414874980859,-0.41872897703366541,-0.10675806717525986,0.43154864433184514,-0.85994993614462323,-0.27249197217570276,0.022293691708729919,-0.29180841508975947,0.95621694201305496,-14.850434899617497,10.586045573862098,-1.9233397425583834,,0.5688608303118311,0.1147540983606557,False,3
0.89635877814216369,-0.39260190872518913,-0.20592397168087631,0.4406884008791872,0.8396903971871118,0.31735432910596428,0.048318466221859167,-0.37521164445828448,0.92567896577856745,-11.148565039767412,10.888876430850624,-1.9401239538020316,,0.218279511421057,0.3225806451612903,False,1
0.84878327341147664,-0.50627785436582617,-0.15247848686170226,0.52513463222710366,0.84080416291988758,0.1314609358413851,0.061648785978344639,-0.19165357756985227,0.97952454455826365,-9.3465468897642463,2.0521146578518255,-2.0318022781890943,,0.708549257617587,0.3836206896551724,False,4
0.7274010104248948,-0.6840022933362675,-0.055033015032513941,0.68383344034625604,0.72921662460886894,-0.024797988996122251,0.057092870807534099,-0.019595333750026485,0.9981765510159909,11.802802911609776,-9.9965224331851363,-1.8520353120360269,0.2532069608110123,0.2385215846970716,0.9925373134328358,True,5
-0.39261864682735581,-0.87240663014878495,-0.29113101833349031,0.91918617192036378,-0.36162607364456162,-0.1559594954172524,0.030779530760587023,-0.32883621231983745,0.94388525041622462,-3.8002218156453469,-13.930171222386905,-2.1879279214557741,0.7364326995725895,0.4469414832654747,0.2653061224489796,True,6
0.48703566558414746,0.87335367661756858,0.0070438616952401209,-0.87250378303185583,0.48689166673629714,-0.040910309921229168,-0.039158767142325121,0.013778984045489403,0.9991379937498962,-13.402409495232066,-12.725322767092035,-2.2716749462286625,0.1300417925134817,0.1203989630704259,0.8709677419354839,True,5
0.96719926060914896,0.25369407934544952,0.012841510120665034,-0.2535164657365096,0.96087407805254876,0.11158139507611872,0.015968465097920312,-0.11117697707587001,0.9936723242048594,4.1317880714339497,2.5857762305152567,-1.7324400383286398,,0.1554658373434699,0.2127659574468085,False,5
0.75112719076528278,-0.6580650872090209,-0.052519370613485342,0.6576424326228002,0.75283169210521106,-0.027402083423874589,0.057570601065291827,-0.013956516706780067,0.99824387878633813,-13.601424315939717,-0.46910745265185333,-2.1087181212990216,0.2111396958881294,0.2019270704402017,0.8681318681318682,True,4
0.74408968786436747,0.66495434725026659,0.064546514134228447,-0.66627857624542142,0.745701722813507,-0.0013414280979439919,-0.049024435236752067,-0.042007816724267052,0.9979137979223347,12.683788375982184,3.9829288168048342,-1.587718359614485,0.4753117322881155,0.2816891661160085,0.9603174603174603,True,7
0.23031815967636252,-0.96954351287283114,-0.083300191893561443,0.97008381227968332,0.23550953041432532,-0.058929264690311331,0.076752475375133189,-0.067235687921181481,0.99478058876998399,4.6382941742658605,22.13871236703315,-1.2646428670358318,0.4406057652066281,0.2399289897697705,0.8888888888888888,True,5
0.71292249783729689,0.697192828669565,0.075257369932516652,-0.70113006460616112,0.7106156465876502,0.05866886167445462,-0.012575554969444902,-0.094591556053098255,0.99543673477557792,-10.701201395045654,1.5993558525449303,-2.0043983380584685,,0.26877701760801,0.2409638554216867,False,5
0.57755415355269801,0.8163329362541023,-0.0056335513474386097,-0.81585024265248551,0.57694315631056126,-0.039050940453340434,-0.028628329988130634,0.027150167092768844,0.99922134041909239,-11.334918888414085,11.317366520567495,-1.927735119041023,0.1415080174591282,0.1722496152944869,0.7608695652173914,True,5
0.19577442187844812,-0.94027367109935933,-0.27849200917709349,0.97756316381545949,0.20963452902120641,-0.020582152296771211,0.077734397079220641,-0.26821407062156888,0.96021798349715348,-10.343406128480032,8.8398485690152828,-2.0177485547036582,,0.431260252029051,0.2413793103448276,False,4
0.72235095633821556,-0.6906278834165771,-0.035245177326897643,0.68919213473907481,0.7231611293337401,-0.045301020237380828,0.056774089962441078,0.0084325362903870764,0.99835143864305054,-11.69810869961815,13.602510259045152,-1.8635990732918255,0.1804001055005902,0.244748609933068,0.9746835443037974,True,5
0.90887818613809979,-0.4161373178367011,-0.027752035348678174,0.41487784450300191,0.90891587246752614,-0.041812808051347149,0.042624135215401877,0.026489044533018223,0.9987399629617647,-11.380813769156209,-5.1263401856024489,-2.1461282336685366,0.1621201475066101,0.1323891860756223,0.8658536585365854,True,5
0.99405591502101787,0.10675270972534501,-0.021370465086720754,-0.10701347423953687,0.99419161902825726,-0.011451680451205301,0.020023839364878823,0.013670538404495905,0.99970603791155555,7.3326116541347153,11.120821334519228,-1.4598470509552233,0.1719566704439837,0.1870697886263903,0.5915492957746479,True,5
0.35372737320216197,0.93509759037536011,0.021666608449285214,-0.93432419893597207,0.35432898465485912,-0.038590956403178986,-0.043763417715642849,-0.0065929589451821091,0.99902016804576799,-18.575731311523977,11.691386636703045,-1.9834450041814184,,0.2833427600222898,0.8205128205128205,False,1
0.88474179181273949,0.46589690531377975,-0.013116228079242617,-0.46606772011995257,0.88414887509600959,-0.032582923881248067,-0.0035835851005828652,0.034940524974659423,0.99938296845219599,-9.6281847870561901,3.2049950627296493,-2.0418685647844739,,0.1875467095408763,0.92,False,5
0.76780316333425058,0.63956425609341805,0.037892805406697858,-0.64047779427436957,0.76771724070539871,0.01996079570373864,-0.016324748554122408,-0.039595462509748998,0.9990824299992882,-10.459448962183533,-19.555665381799983,-2.3212983458766629,,0.1280609747124136,0.1764705882352941,False,1
0.97916513863105847,-0.20005738511048851,-0.034823468413919777,0.19972386790432098,0.97976806939651395,-0.012841603496735406,0.036687980033779218,0.005618972662654001,0.99931097225401233,-12.680956632698184,1.4695920116271319,-2.0845786846715142,0.1864368817580995,0.2061632245867878,0.8446601941747572,True,5
0.91380713064669861,-0.40408786078832759,-0.040859867140746561,0.40351203680861031,0.91471358558137816,-0.02184244728560715,0.04620134337671386,0.0034723358666705947,0.99892611276000531,-16.403813801859105,-9.4413656542226221,-2.2789541820837615,0.3112709214357143,0.251571784815819,0.9560439560439561,True,5
-0.98798588036663881,-0.15115425723470272,-0.032191469615150167,0.15344266115237887,-0.98425248500416718,-0.087763292449626246,-0.018418738681952443,-0.091648438518873374,0.9956210693744979,-6.0234799271597774,-24.256647332192635,-2.3803101645936939,,0.2648382916104716,0.5172413793103449,False,4
0.93396143623302919,0.35684753636987243,-0.019387403546868222,-0.35715450947529637,0.93391402024092274,-0.015660752181712582,0.012517667154745598,0.021550837203903189,0.99968938647202477,-8.4751017400222501,-6.4590087000907284,-2.0913746256413761,0.1995487116656195,0.2286205319005175,0.8543046357615894,True,6
0.99512528815646228,0.095922797991451342,-0.022901478052926846,-0.096478488131800169,0.99503265230956683,-0.024534102094647951,0.020434338729686578,0.026624005395126597,0.9994366413822342,5.571991325825862,6.7194878502647502,-1.6338329587354139,0.2149966157486012,0.1902744756417253,0.9425287356321839,True,5
0.055337828766746332,0.99845855221103219,-0.0042713257933051502,-0.99698126087235905,0.055021602527756473,-0.054781280786777603,-0.054461823112566192,0.0072899089108077499,0.99848924233129743,-14.082297690201598,7.2533809042109993,-2.0334867968289063,0.2603106368973758,0.2239761716841036,0.95,True,5
0.25807076723784855,-0.96402586397480428,-0.063667987913091403,0.9643125884173237,0.26106224718998777,-0.044133149808238688,0.059166805872473374,-0.05000636639216096,0.99699481061994666,3.6236052820313773,15.330948269015982,-1.424325471617865,0.2093211168000655,0.1081812658753334,0.5714285714285714,True,5
0.99938278593852103,0.024385202926217604,-0.025286538869657475,-0.025058499448350688,0.99933041387005039,-0.02666074867123791,0.0246194795874429,0.027277936002584498,0.99932466968062073,7.0213230596561464,-7.8101373865684023,-1.8735662123010011,0.2714297285560152,0.2535945991649435,0.9871794871794872,True,5
0.80218009427153869,-0.59457082762135172,-0.054704911079050816,0.59444672127095455,0.80387908681510856,-0.020285693271867355,0.056037415400056134,-0.016246375687170789,0.99829648068713217,-17.432794022727592,-1.2240246628358515,-2.2622321454533934,0.2360541644577966,0.2103043481139888,0.9666666666666667,True,5
0.76300134835762246,-0.63061997117524582,-0.1419415173914331,0.64439128518810485,0.75935346689436611,0.090234050608014968,0.050880388933979587,-0.16031457909510066,0.9857537328113386,18.83620810212236,7.3296596438539385,-1.5376075887175997,,0.269412097260613,0.8536585365853658,False,5
0.65266977857696351,-0.75412184041273289,-0.072954848672380279,0.75498990596722038,0.65541304630260522,-0.02059078978443734,0.063343523898701945,-0.041641188129679665,0.9971226651878109,-11.780023584364244,-3.0957718157645289,-2.1089916359802356,0.2367531299285117,0.2195397224476002,0.7575757575757576,True,5
0.98969460229623341,-0.13899743879164042,-0.034413750087207699,0.13916342418928043,0.99026636274974555,0.002464178220878438,0.033736264666009652,-0.0072279191856292986,0.99940463358473175,8.9613162694088597,-18.90400875106468,-2.1187295321906134,0.2784173678879369,0.2472812449232474,0.8666666666666667,True,5
0.97325298201919674,0.22936270410856224,-0.013091331282576089,-0.22960651412442157,0.97303683931945317,-0.021912507817258911,0.0077124355669151955,0.024332268517706472,0.99967417644270962,-21.44283380020082,-3.0414097555264195,-2.4111940640615361,0.2372249044015415,0.2111316698442036,0.9137931034482759,True,4
-0.46434256419407455,-0.88305529664178917,-0.067818331965287776,0.88493989619934899,-0.45952703060100114,-0.075606139047783794,0.03560004483645942,-0.095122296124036415,0.99482882225422764,13.064110463912636,24.604123998342445,-1.1314063216868648,,0.3985323209312739,0.6875,False,3
0.73913874729213036,0.67354939798601343,-0.0022629016989592458,-0.67328287254230823,0.73874275323278726,-0.030811005943000246,-0.019081032272866987,0.024297181291675744,0.99952266667078726,-7.5688467627039016,-10.89321892548616,-2.1642866048301297,0.3245483005790661,0.1981048768120969,0.839622641509434,True,5
0.97230209876771578,0.23337070891636169,-0.012912821216541519,-0.23285272901801032,0.97195879262580342,0.032798049122724812,0.020204834093866489,-0.028882826337918607,0.99937858042984584,5.8446661297406006,18.322235070067649,-1.2863704781153853,0.4149688058299567,0.2986351203649099,0.3295454545454545,True,5
0.97692604270186112,0.21269098743286563,-0.019443532490600685,-0.21296270878187368,0.97697180843892462,-0.01315181294968213,0.0161985110169829,0.016989095926774757,0.99972445146671429,-11.799198245699367,9.4273600834743334,-1.988528590673923,0.2512603890227154,0.2362191643543287,0.8714285714285714,True,5
0.38610776796631624,-0.8215155818885822,-0.419562796527925,0.91997467547728817,0.3762572467216122,0.10989577230235129,0.067582453318355815,-0.42841875893071663,0.90104937656031725,-6.7713794460412888,0.80467558088455571,-2.0553366787109977,,0.3058848691111387,0.2261904761904762,False,3
0.96725318241976233,-0.2478154572727122,-0.054852349407829112,0.24840177792533544,0.96864868805979765,0.004034333100503721,0.0521328861887995,-0.017527642646690079,0.9984863263564886,-20.044559384669924,9.7755074394770318,-2.0833878772850847,0.2561517825217788,0.2245195751958906,1.0,True,4
0.5784954052038187,0.8156286184937257,0.0096448355136038895,-0.81530771633726917,0.57854684948966917,-0.023598106417336964,-0.024827280136482111,0.0057878873168951926,0.99967500044836088,-6.6025172461164754,-15.250579205110974,-2.2304875653806899,0.3635199652139015,0.255707167708138,0.7142857142857143,True,5
0.77534347062310605,-0.62935982309656713,-0.052428195028771593,0.6291360144485888,0.7769624108312726,-0.022743954779300267,0.055048868161503256,-0.015350088830857006,0.99836566291465734,-7.7963860108809877,-14.572804367406288,-2.2255730284988271,0.3136652976160961,0.2189369559400104,0.8620689655172413,True,5
0.7466765483893637,0.66496367172996562,0.01724666242345739,-0.66516957621836059,0.74659487708769012,0.012063348619004356,-0.0048545812211623039,-0.020479374644248063,0.99977848959424387,-10.745076812772533,16.624101565332236,-1.7891426119912506,,0.2430536453718874,0.7948717948717948,False,5
0.78783339531507002,-0.61266560106127566,-0.062923783282266318,0.61344743870591212,0.78969186729160712,-0.008306303549120049,0.054779386373744368,-0.032056450360571295,0.99798376881530293,-13.465640744894639,-5.3809702985853507,-2.1828851183752804,0.1158115260408797,0.1150008461839088,0.8,True,5
0.99538601409227689,0.093287897568007247,-0.022451082754063309,-0.093795095892579283,0.9953324878765123,-0.02270943777494466,0.020227776348147222,0.024710458208888356,0.99948998510195974,7.8055421589698533,-11.935412461483802,-1.9681330920523503,0.2732238523942296,0.2609617339347577,0.9751552795031055,True,5
0.92752678454975079,0.37348832003355231,-0.014161170195804287,-0.37374783511328608,0.92709964545607226,-0.028263105691998712,0.0025728760039379177,0.031507494247241981,0.99950020415972307,10.523374864081754,8.2908288166867052,-1.5212321909854771,0.2094360930654809,0.2158762676840837,0.9402985074626866,True,5
0.97511920686750342,0.22039370334284433,-0.023856821349822206,-0.22091611389238258,0.97504346085752058,-0.022052665636546665,0.018401169005770213,0.026774334087251186,0.9994721266815827,18.629697910248183,-9.9738095481630431,-1.7683232657987247,0.2477943103140739,0.2574810465121511,0.9459459459459459,True,5
0.91325540030693342,0.40727250691868,0.0096787870312562037,-0.40728319310691208,0.91330144907542921,-0.00092937041023507388,-0.0092181572377712517,-0.0030932547414591338,0.99995272755878029,26.620413644506655,3.5144791195502072,-1.5663112500753502,0.271108467287112,0.2069207068087181,1.0,True,2
-0.065119852559423153,-0.94738051274922286,-0.31341596778986403,0.99573434067137556,-0.041118180954172308,-0.082597929772844636,0.065364574582711235,-0.31745780705164284,0.94601692010850524,-6.3884154211455071,-12.472355559121269,-2.1921028034178485,,0.3974615668287938,0.3278688524590164,False,3
0.96275599516764143,-0.26745204154780439,-0.039627001409081888,0.2672938881683149,0.96356983711702981,-0.0093352207324997882,0.040680107136391822,-0.001604515556657353,0.99917093353099495,2.1776111737066097,22.931538347115136,-1.3019992962544633,,0.1446170920986038,0.7428571428571429,True,2
0.7572038390542899,0.65317402690402526,-0.0024569695612668835,-0.65294929997473172,0.7568329373743492,-0.029344787745408784,-0.017307737690219562,0.023824262492145244,0.99956632933125167,-26.337683143533706,8.8170733919461863,-2.2172240802886409,,0.297207909562065,0.9714285714285714,False,1
0.90649003670335881,-0.41521944333309735,-0.076606965973700272,0.41817649466353252,0.90796446052033808,0.026999217450363218,0.058345802492241604,-0.056509754115232194,0.99669574847160491,-15.429344095074665,-0.17037106922490114,-2.1750185936154147,,0.1041363942531117,0.4102564102564102,False,2
0.92078560242690344,0.38999021333819467,-0.0078426949292619529,-0.39006604631913738,0.92067143112323446,-0.014580652332842829,0.0015342334504911195,0.016484823745618275,0.99986293896403378,9.1821891169559482,20.717057623633224,-1.3000008384826434,0.2785874401374494,0.319959711010914,0.9866666666666667,True,4
-0.3784750701370046,0.88014630657040283,0.28652940567290619,-0.92389212486054451,-0.34035704730088906,-0.17487258782693701,-0.05639115981657801,-0.33090717638500966,0.94197689871431678,-9.4303185186949001,-11.748092343809992,-2.1914702920830065,,0.6381576517441305,0.2839506172839506,False,4
-0.017769667966112217,0.99965145238117392,0.019524667796999486,-0.9982128151941051,-0.016622972542363619,-0.057400804577244488,-0.057056239646802114,-0.020509766845697879,0.99816027519697548,23.146514083277996,-4.6429327753358534,-1.7123033449047997,,0.1940119609795946,0.75,False,1
0.62945244010341361,0.77475265678883154,0.059564640908052802,-0.77654724113252493,0.62992993968320077,0.012753563430797369,-0.027640693502926063,-0.054282519187726988,0.99814297581724809,-16.169751801778446,-5.9174417099991015,-2.2449975182160871,,0.2805185707289088,0.5526315789473685,False,1
0.8302694965168943,0.55736097528385653,0.0011429716579830704,-0.55727808273528401,0.83017814021365799,-0.015665057110602988,-0.0096799615943843065,0.012369266025947172,0.99987664219218098,18.60784794304125,-13.706419123848317,-1.8760166784114694,0.2852599216187298,0.2695950362002079,0.9148936170212766,True,4
0.7826420362893094,0.62247057654732696,-0.0013506908465288243,-0.62229350723289645,0.78236375407172465,-0.025646582044791727,-0.014907511150609214,0.020912619339470421,0.99967015983456164,25.428841138353221,6.8711447189643442,-1.4819755919811326,,0.1559182753285737,0.7368421052631579,False,1
-0.96642028714217465,0.2563978930115422,-0.017086516885491759,-0.25390435933738292,-0.96302498416550941,-0.090085826757006424,-0.039552558823793688,-0.082722429438828196,0.99578742448287039,-12.685866214441914,-15.030061694854684,-2.3231094315658334,,0.1244234472314168,0.2333333333333333,False,1
0.92727415470457653,0.374322838208407,-0.0067122881728963885,-0.37437290528680256,0.92696831293901694,-0.023972371474507512,-0.0027513276853336245,0.024741859319697513,0.9996900872737372,-18.997771161827387,3.4348200592668858,-2.2875919902982456,0.2145634513348447,0.2170538603000025,0.9622641509433962,True,3
0.68215621107283353,0.73117650765923947,0.0066195424309448865,-0.73084033497071121,0.68207314671839603,-0.025468162587151056,-0.023136734312681307,0.012535436685853277,0.99965371722033858,22.303774116250239,2.3177445776269758,-1.6121601856782188,0.4006424810416135,0.2873143836965609,0.8775510204081632,True,2
0.70519580498540912,-0.70355559452685335,-0.08779750589252211,0.70660186534533476,0.7075917237318623,0.0052684339861518228,0.058418152328495516,-0.065753158982200938,0.99612441068492374,29.012459105377825,-9.4537501488680231,-1.8336228193222741,,0.2992707734025451,0.7333333333333333,False,1
0.99530373494733837,-0.092374932897622775,-0.028936948215696329,0.091667152491883827,0.9954782944421332,-0.024901776013198491,0.031106403744372554,0.022132263028020519,0.99927101157761544,25.631006003749363,-1.3507829210822506,-1.7027453458476585,,0.243839876633572,0.9487179487179487,False,1
0.85828626501697025,-0.51156402312062754,-0.040582478138451408,0.51054630376364407,0.85921020513193314,-0.033170696562226189,0.051837814349186995,0.0077507190492491114,0.99862543896984712,-9.1367343621900154,-19.949385115546672,-2.2944552223011301,0.1564416005216714,0.204616147009175,0.925,True,3
0.026300503923227407,-0.99152224584849125,-0.12724747337746756,0.9980124147672117,0.033335836928873083,-0.053478425058817183,0.057266949140881013,-0.12558804865040538,0.99042826018459318,-6.1371456466843242,17.364525069772171,-1.6836345745220125,,0.5945623149886471,0.8333333333333334,False,1
0.064177538028089953,-0.98019351223292206,-0.18735506982503203,0.99732891315465255,0.069558927862181916,-0.022284401280367704,0.034875243345584894,-0.18542447015200914,0.98203945097456968,5.4567072015911444,15.22515816679045,-1.3643606924530292,,0.4334547105240808,0.3684210526315789,False,2
0.40130825229552691,-0.91454104995236452,-0.050659200462854131,0.91382486242721883,0.40352660294602832,-0.045720909053873104,0.062255983241643095,-0.02794545878786802,0.99766890493978588,-7.263790035570552,-27.076118955738107,-2.5297627077586444,,0.2607203900312015,0.9696969696969697,False,1
-0.53439341678867502,0.80725802781389189,0.25051577320191137,-0.84298100752420346,-0.48738585053377737,-0.22767971726297054,-0.06169843633678971,-0.33285058093609021,0.9409589755797555,8.5027520154569967,11.211131733311023,-1.4281244619507059,,0.120057499270691,0.3,False,2
0.81955054481455891,0.57247363436502929,0.024715227109079752,-0.57289847711920716,0.81947193758635617,0.015908438734075207,-0.011146273307794986,-0.027197085604107506,0.9995679462277639,-6.6186813904442419,-18.578586181097457,-2.258324543202427,,0.1167196490516329,0.2903225806451613,False,1
0.80175631324092544,-0.58126407782714495,-0.13899239549729861,0.59515059380921986,0.79776210694751049,0.096805947168557255,0.054613046672491936,-0.16033618601684146,0.98555046678834302,-9.2599497964936823,13.714181037509903,-1.8288503931961901,,0.5002652905164966,0.31,False,1
0.9609288465672966,-0.27428133351156259,-0.037222330958243607,0.27381089362898975,0.96162800360516698,-0.017296739936663752,0.040538208704137407,0.0064290566540820982,0.99915730536567648,11.388882694001907,14.748777414255667,-1.4358436269592316,,0.2794998190523852,0.9210526315789473,True,1
0.8295387704224767,-0.50476540918095369,-0.23890858096843057,0.55591775273231214,0.78708359324282462,0.26731043646857333,0.053111962522777972,-0.35455789222967155,0.93352440808723958,10.779449712696533,11.404817946902584,-1.4747588202530548,,0.4177162755582332,0.2448979591836735,False,1
0.7180875233113303,0.69584515345491671,0.012240558725111289,-0.69564350764412086,0.71818166883584267,-0.017181409160715394,-0.020746545186693281,0.0038226903441564604,0.99977745918846816,14.161194791938073,11.411359045683065,-1.4715768726587874,0.2704029848716852,0.2398835696094682,0.7804878048780488,True,1
