axis_00,axis_01,axis_02,axis_10,axis_11,axis_12,axis_20,axis_21,axis_22,location_x,location_y,location_z,dbh,dbh_approximation,score,reconstructed,number_clusters
-0.72556834918845892,-0.68785510805297378,0.020147480769729574,0.68374040997597374,-0.7239189923726187,-0.091871346175510321,0.077779318728197155,-0.052883294220808508,0.99556704182618128,-0.95177759055358124,20.18557120747635,0.30014779902800076,0.3165084223379661,0.2480381801882884,0.6875,True,5
-0.70858415494936988,0.70080293932367621,0.082363436001552937,-0.70555176693026189,-0.7019695650160529,-0.097136162024026348,-0.010256682517820897,-0.12694081308416311,0.99185726313681821,5.0003242386161038,-3.2533230037090584,-2.4673129740182791,0.2099814946202348,0.1967110676604621,0.8892045454545454,True,5
-0.99443854758601302,0.094487280703891369,0.04652019841105378,-0.098387212791116035,-0.99104684893522643,-0.090255745383625824,0.03757567609791479,-0.094330785010739215,0.9948315292375095,-0.92342018565105188,-7.5801532570191021,-2.7755181436573162,0.2437255011720478,0.2085396178129874,0.8929889298892989,True,5
0.16365130237032274,0.97002436679504378,0.17964125098754993,-0.98422057436545429,0.17296132514060691,-0.037339536704964149,-0.067291249269376116,-0.17069595141502328,0.98302328555446106,13.283260009864861,1.120681077552264,-2.2600746509304992,,0.1798922577015544,0.1935483870967742,False,2
-0.81778616421381956,-0.5750637363834209,0.022967122527350531,0.57105732586422508,-0.81575667257827489,-0.091839978880773304,0.071549424856161004,-0.061989920477121027,0.99550887970022262,5.7241354236061408,-12.627609698946564,-3.4452600122773962,0.2507152713043553,0.2206414512348332,0.9776119402985075,True,5
-0.99473651579550215,-0.093988513255011771,0.040809600820609568,0.089015003973280313,-0.98992186291219153,-0.11014097510052059,0.050750302567195926,-0.10592858303861645,0.99307781270390383,14.121790661633185,2.2339647352572252,-2.1821090118501476,0.2965549495831752,0.2973825154861054,0.975,True,5
-0.97077616089999108,-0.23718146301708382,0.036586869630382192,0.23347789205487776,-0.96867224602618818,-0.084629508448243379,0.055513235808100671,-0.073614084112050837,0.99574055218739499,22.410824876394347,14.727110418196098,-1.2165235855742287,0.2080667597121314,0.2852339373839303,0.9636363636363636,True,3
-0.97820382988450538,-0.20448073550821497,0.036123344326127793,0.20039452286488438,-0.97521886799211255,-0.093756038301205505,0.054399470631982555,-0.084473595390519338,0.99493965107274651,3.4729911078687103,-0.51358106719396657,-2.1145070682134648,,0.1486236061497109,0.8590909090909091,False,5
-0.9766445666576018,-0.21167560108734601,0.036862315750574776,0.207502435906364,-0.97372627548858259,-0.093807673012701126,0.055750600993260027,-0.083967733847253756,0.99490767921523582,2.0348257857615422,11.346826730478194,-0.80276243021102456,0.2472868028439727,0.204425752899817,0.6578947368421053,True,5
-0.97598671551762817,-0.21510892388944045,0.034323199096804605,0.21061583208532619,-0.972090841397377,-0.10334586274421308,0.055595884812795961,-0.09363518000445635,0.99405309247414719,1.244682345292784,18.509831134401409,0.079440288267649997,0.2592983290729484,0.2626558693933706,0.9583333333333334,True,5
-0.63707098439743703,-0.77067068470742539,0.014396408283643344,0.76597878519540286,-0.63505837073552796,-0.099886767838950855,0.086122363352709869,-0.052607618187156507,0.99489465625221796,7.7574714534294831,-24.800506984421283,-4.9766147081558101,0.2576924010223425,0.2453371766232189,0.9814814814814815,True,3
-0.81986482614306666,-0.57157468170370784,0.033526856230531775,0.56804568948123901,-0.81934536709574757,-0.077442004626151237,0.071733963470460932,-0.044447189495379291,0.99643298110348555,-4.8078733313167445,8.0306715600687735,-0.92316944515685795,0.2540926767545308,0.2319905790498256,0.930635838150289,True,5
-0.37784915175425743,0.92247320893721174,0.079203518303602255,-0.92480199073346236,-0.37192869692610753,-0.080064488621801599,-0.044399284386248371,-0.10349987051165183,0.99363800267001579,-4.3290965070741017,15.977983827314857,-0.065930580176617348,0.3196689542201274,0.2974285878445724,0.9166666666666666,True,5
-0.17449899679532274,-0.96041947474327116,-0.21712791771507567,0.98316276676980385,-0.15780023688481543,-0.09214151765974074,0.054231671143070412,-0.22955068671854326,0.97178465107866119,5.2995247064748128,-10.759364755593952,-3.2473673595047488,,0.2822027119169646,0.1666666666666667,False,2
-0.73047113874083369,-0.68269281018958194,0.01850519878632052,0.67864478924045446,-0.72864210557004783,-0.092314311064032942,0.076505983448676748,-0.054874483194824485,0.99555794687735388,2.0767951218815677,-20.617807722829649,-4.327460598931248,0.1571243472965665,0.1979780659893625,0.9642857142857143,True,5
0.079430506248348604,-0.99662130492157774,-0.020899025181602769,0.99522190425598633,0.080478325979213686,-0.055286529432319452,0.056781651668636295,-0.016407730616805165,0.99825178708068785,25.550404095767146,-15.622979552693129,-4.6075721805867191,,0.2866226593669846,0.5660377358490566,False,1
-0.79947707668567325,-0.6002884708834072,0.022139457504470592,0.5965612110551558,-0.79775103943345815,-0.087795219387190176,0.070364233233493903,-0.056982723761677005,0.99589248610187076,18.290519148573946,-8.130411943662649,-3.4223806621383295,0.2659833491832911,0.2527722170597616,0.9647058823529412,True,5
-0.91175536331193741,-0.40952121878035469,0.031536151327807703,0.40551359253703356,-0.90971264569291277,-0.089339960455052422,0.065275445150733774,-0.068667850083239598,0.99550180443097147,8.8234298280080008,2.1656833956876351,-2.0087169750911897,0.2902410075506044,0.237395742456589,0.9744680851063829,True,5
-0.23602295084600641,-0.97161546941009336,0.016017062057263172,0.96935632266827831,-0.23656578155656904,-0.066218960272426478,0.068128454972758531,-0.0001029540296743417,0.99767655230715513,10.440906095113835,-18.393787150369167,-4.3979272519424386,0.2736077646782275,0.2546129897965097,0.7936507936507936,True,3
-0.92544157239271574,0.37438478349807019,0.058257445639180623,-0.37852509605348011,-0.92030493940972891,-0.098780413826629401,0.01663273113479927,-0.11346740669972027,0.99340248634269035,-0.082804527462307792,-13.040911593159105,-3.3619189984830724,0.2654963833710537,0.2126702961290724,0.9245283018867925,True,5
-0.92458882332623227,0.3762937785013985,0.059485292647448652,-0.3805120276228976,-0.91978366392102806,-0.095961494456473076,0.018603887081017668,-0.11135979456315939,0.99360600417888323,11.70617597560058,-10.682610238967607,-3.4256079385764751,0.3319936426881916,0.3210503687783586,0.9787234042553191,True,5
-0.99879551557805391,-0.023307028980702946,0.043177545799426668,0.019417972682337196,-0.99589597978069733,-0.088397623234748937,0.045060630245003515,-0.087452729269802021,0.99514901383922683,7.3334537817956909,6.5301927004492084,-1.5635485785846863,0.2892885140742876,0.2552426691522402,0.9701492537313433,True,5
-0.82644522045720925,0.55267300312446133,0.10742834449447372,-0.56301402085101593,-0.81062178721982114,-0.16095816353858616,-0.0018734750080916657,-0.19350676913723619,0.98109715135121145,17.435162274682401,9.0802221936203171,-1.6273288137516204,,0.1832570441296084,0.4,False,3
-0.95057421443723455,-0.30916163618390841,0.028770567584292181,0.30356887394056453,-0.94482977281167113,-0.1230554313433706,0.065227307329762688,-0.10823947117726511,0.99198266882933706,20.822363945394226,-0.15077272941868131,-2.6590256840840096,0.1605744963326575,0.196306695030042,0.4137931034482759,True,5
-0.85789754531175455,-0.51290149872037705,0.03072221278581392,0.50911416207410642,-0.85659269115823822,-0.083974588000583911,0.069387114968462088,-0.056400479294754821,0.99599418382422067,14.428893960385651,-8.7133859866060792,-3.2998951393785361,0.2328344133837403,0.1959223427519695,0.9122807017543859,True,5
-0.9994417908708304,-0.025773103316412992,0.021256853161925507,0.021897032516028394,-0.98591017792102187,-0.16583618736189748,0.025231461073393222,-0.16527815408329036,0.98592418834052409,7.7810985132354507,22.110331821770981,0.20730205054612638,,0.1928729386768591,0.6486486486486487,False,5
-0.83212457732764999,-0.55372252904135044,-0.030984651673553368,0.55316184977149618,-0.82468203432039056,-0.11794706535798087,0.039757461748171935,-0.11528617914231477,0.9925363676632255,16.608942144521343,3.6407125516900853,-2.1023789582545183,,0.1743247079945869,0.40625,False,5
-0.99160256745059239,-0.12216043612470454,0.042440264740170916,0.11855893571916905,-0.98980212141046142,-0.078965430490113619,0.051653915500490082,-0.073270650994603517,0.99597353615259054,7.1666155616080545,-7.2154479181688762,-2.9819465443210582,0.2446442536660471,0.2161364347389871,0.9682539682539683,True,5
-0.98386044674958217,0.17213899909275787,0.048854747088242417,-0.17608051996021054,-0.97996216561267702,-0.093111784744223783,0.031847634327442642,-0.10021137140592526,0.99445633852305937,4.9643235786313955,12.428165049223391,-0.76959047002718695,0.2097635485833909,0.2062910534771987,0.975609756097561,True,5
-0.80011427785085409,-0.59897620969018073,0.032320931366379355,0.59559164816338472,-0.79969049464002517,-0.075932215958805033,0.071328332499987532,-0.041504373354816909,0.99658901056312821,8.6480323396661145,-2.9071091610147008,-2.530267506179591,0.1875694840154692,0.1656319721075401,0.9452054794520548,True,5
-0.99453981187944296,-0.094872084193452305,0.043472407658097859,0.090752728798780435,-0.9919294089531473,-0.088543717278155659,0.051521886634481734,-0.084115012302498154,0.99512318830533419,17.126381816078478,-1.4726889559480103,-2.6624610790529615,0.2232101677934362,0.2279141214697359,0.8651685393258427,True,5
0.81216294568108915,0.5512775608364755,0.19100890183653829,-0.57262930760874797,0.8159022840260739,0.079994618497497214,-0.11174536111239911,-0.17434596020332663,0.97832329034457621,0.62341555692026396,-14.289426872538602,-3.5793375121077,,0.3986466371985011,0.2,False,2
-0.9976451719520264,-0.0099858480204498869,0.067855683034844516,0.00071743420718669258,-0.99080953964486396,-0.13526249087197942,0.068582768746757131,-0.13489528897647401,0.9884835177396657,20.357197305045265,7.6730108664368952,-1.8765904893821523,0.2876137652253722,0.2783568131830714,0.9841269841269841,True,5
-0.89634328203087543,0.42793645510332823,0.11592718038370264,-0.44318027132222221,-0.87226703803626049,-0.20674008190530185,0.012647840482860981,-0.23668672279839989,0.97150369396213532,-1.576951196151732,-0.18589219038472679,-1.8983025694544062,,0.3896220473725636,0.4035087719298245,False,2
-0.98213181605450695,-0.18526847130602725,0.033055853239696995,0.18018295264886264,-0.97640693070529738,-0.11901096271100224,0.054324943333743297,-0.11092835169869575,0.99234253225446145,8.8751156274908745,16.727753976237935,-0.42982341372378646,0.2349591268358263,0.2620034369735201,0.8113207547169812,True,5
-0.98210831062010329,-0.18454749627072378,0.03748983637110527,0.18017754712348236,-0.9787469149246466,-0.097931241379093245,0.0547660270924447,-0.089424259268344422,0.99448679434712262,13.510851525328826,-2.2096351814622546,-2.5980772485274,0.2490015929743762,0.25289169397635,0.9226190476190477,True,5
-0.8937294561713226,-0.44793068190031027,0.024612260847680173,0.44415978967931558,-0.89124362128222434,-0.091689087441050462,0.063005875946116119,-0.071013461653896826,0.99548347442847718,16.943300163951708,-18.55674216327969,-4.5356900426314084,0.3976032160419554,0.3259613608393873,0.9807692307692307,True,3
0.49263836732150001,0.84887966266773818,0.19160051500952299,-0.8665597004510911,0.49873185078282606,0.018461488803804313,-0.079885697073524387,-0.17512812259555724,0.98129935090125964,17.241020328229339,8.3677670222329485,-1.6834620239278539,,0.5263240389330054,0.4814814814814815,False,5
0.16401007010243643,-0.96200010897672772,-0.21830365831510445,0.98509195115500559,0.17136712935457526,-0.015071653737945195,0.051909003791424296,-0.2125772737277819,0.97576449926190989,8.0041124708557074,5.1084015047806099,-1.7004019615653576,,0.195943668940677,0.2295081967213115,False,5
-0.84950899686600356,-0.52679094424927497,0.0287361323193168,0.52312174341851381,-0.84815071571864697,-0.083570359510543049,0.068396679791424636,-0.055961276637546603,0.99608746087409683,13.296334086749692,6.8988429898763783,-1.689273780957228,0.2326235696061237,0.2210622125488365,0.898876404494382,True,5
-0.80043972937532426,-0.5988095909854444,0.026894486078079944,0.59511784214633734,-0.7992652477068859,-0.083724654476083071,0.071630954179366851,-0.051011151250456785,0.99612593021738893,3.273642182740264,-10.018128052056939,-3.1654339730681023,0.1112087794445322,0.1403185609433094,0.6865671641791045,True,5
-0.80022820819804852,-0.59848067452408937,-0.038153597803243851,0.59527107219728892,-0.78500083152820399,-0.17154021425053206,0.072712897131326157,-0.15998305135613372,0.98443804166110416,3.7864855122989773,-6.0248656497444451,-2.7455253525742052,0.3929923117491396,0.1719236223023401,0.8235294117647058,True,7
-0.949036294429912,-0.3132128455615717,0.035040337183959082,0.30944701419591897,-0.94712121983904318,-0.084876029218120694,0.059771709528617364,-0.069707304537095796,0.99577519271881887,17.70821926844096,10.080887212008598,-1.5574673684579154,0.2954893970438195,0.2894623567774993,0.9873417721518988,True,4
0.4211917522617763,-0.88641463172578416,-0.19200679282019711,0.90512242724522696,0.42431763396349326,0.026607089381089299,0.057886954699351352,-0.18499634096399473,0.98103285077797986,6.6391704281764019,18.918754666630999,-0.11656909430776763,,0.2434145565719016,0.2264150943396226,False,3
-0.99057353662477876,0.12543998847325552,0.0550352417139,-0.1321193628812124,-0.98100573886925591,-0.14202892049666496,0.036173781811422001,-0.14796131115063493,0.98833137555783634,-11.907020329756991,23.532990816073912,0.98212458791356727,,0.2916117026035768,0.8292682926829268,False,1
-0.98074261637459714,0.18615366022519458,0.05908244419006721,-0.1926654785484517,-0.97172202696911714,-0.1365148917837419,0.03199896564587195,-0.14526911952577354,0.98887458714935172,-0.89382651450203354,23.764732555452621,0.66399432371463685,,0.2539155940326775,0.9428571428571428,False,2
-0.56623602952124141,-0.82422435073604483,0.0055658355855889054,0.82082064298038748,-0.56448672233280739,-0.087225067309966181,0.075034864758217051,-0.044821423044232048,0.99617308190244069,22.629922260450204,-5.7192864583833298,-3.3570885784325144,0.2213258203031414,0.1869953335003295,0.7142857142857143,True,2
-0.8644510942767466,-0.50271357356495083,-0.0018353629863953544,0.49873012817853912,-0.85713096889999452,-0.12882065595072301,0.063186745847156806,-0.11227450781950994,0.99166620898522784,6.8744285472519282,18.194875270488122,-0.18794773576148355,0.2436302195671514,0.2060118644461262,0.3636363636363636,True,2
-0.87635065113205812,0.47124936187389393,0.099667322598054692,-0.48157198589185918,-0.86145551761437866,-0.1611918533174484,0.0098974069628285817,-0.18925757608399899,0.98187759483054771,-12.450899909191209,25.839082662135883,1.3006266606274139,,0.226277801254709,0.4444444444444444,False,1
0.2376414020440015,-0.96968187821437579,-0.056952779538852465,0.97015605658023196,0.23985002951034218,-0.035625682092861453,0.048205704177563952,-0.046786946967374961,0.99774104439890454,18.497113491336918,18.599998431508009,-0.63026781098212403,,0.08889157873360207,0.2608695652173913,False,1
-0.98643777239307207,0.1222443571200163,0.10953007965169351,-0.16051863064244759,-0.85780597911186196,-0.48826496025888716,0.034267921046743255,-0.49922461813521685,0.86579471598923508,20.879835461513576,6.7704494855006594,-1.9636023714211148,,0.4648434956007027,0.1896551724137931,False,1
