axis_00,axis_01,axis_02,axis_10,axis_11,axis_12,axis_20,axis_21,axis_22,location_x,location_y,location_z,dbh,dbh_approximation,score,reconstructed,number_clusters
0.50057584449443926,-0.7827583723160515,-0.36974741983928017,0.84728926654643788,0.53059789183914974,0.023807057169032281,0.17755202816042009,-0.32520025791037704,0.92882725495710194,4.800371977541162,9.2365702486743331,-1.492690613755294,,0.5563491568439282,0.3177570093457944,False,1
-0.35570366193413488,0.93448939241550322,-0.014299662567729306,-0.91387361823722679,-0.35097933251431246,-0.20407968550987085,-0.19572918733966763,-0.059523807091885456,0.9788498360896023,-16.867823631696186,-6.0429803003706022,-4.4833982363357157,0.1436339605548078,0.2180342793165032,0.95,True,5
-0.719699719294428,0.69428124671530689,0.0024216744128980998,-0.67681391433035998,-0.70080678046013034,-0.22537254009733396,-0.1547748022655466,-0.16383957678335062,0.97426965141233579,-11.930091114741426,-14.382474378518578,-6.3904134354139028,0.1954778162431772,0.1914079311253849,0.2272727272727273,True,3
0.7579726007200569,0.63868238574887282,0.13252300438716552,-0.64503005702532334,0.76412836143247909,0.006638733947264136,-0.097024543758683357,-0.090513299512516715,0.99115769709959667,-9.3574914806934082,-1.1635010412580216,-3.4669284654231554,,0.3160431860295788,0.3909774436090225,False,2
-0.16446445970211299,-0.98461589377641623,-0.059016804537012267,0.96938127305899913,-0.15027924241418916,-0.19420632518517739,0.18234963377370839,-0.089149823456276117,0.97918380299119945,-9.7797334684714254,-11.045089699873058,-5.6747793556747954,0.1098420093190931,0.1200069973764442,0.4,True,3
0.97695574827117393,0.20701062341794169,0.052000651073099688,-0.21097273906955066,0.97350797339492245,0.088163082443860508,-0.032372353782238864,-0.097102149969126458,0.99474780883496838,5.2349050388784182,-5.7144934587702139,-4.8623280546947418,,0.3583437242401663,0.4150943396226415,False,8
-0.83764884083198432,0.54603087055216393,-0.013953775721292347,-0.53116465992005324,-0.8202657673251933,-0.21219843309135783,-0.1273126996997887,-0.17033601896973821,0.97712697083679634,11.545850789419827,-15.402613856163288,-7.5049815148985006,0.3850157583376412,0.3110991198862401,1.0,True,5
-0.99841218293240552,0.047125217311319093,-0.030859793672543115,-0.039337700569952241,-0.97541569506191106,-0.21683350096505025,-0.040319452947922871,-0.21527525570825043,0.97572071106117741,-15.361964285556015,-5.1014892786729051,-4.2061003864826594,0.2337968034283662,0.2194072499094586,0.7627118644067796,True,5
-0.73174258651211577,0.68153401114337442,-0.0080111634225196546,-0.66490973694084976,-0.71637871065718017,-0.21141566791136193,-0.14982599509367464,-0.14937514710278874,0.97736341072408195,-17.301316046737206,14.415640315401493,-0.37157802023664399,,0.2963881970727131,0.9615384615384616,True,3
-0.99937535007950185,0.0024264246099129044,-0.035256518788542232,0.0056124256460907199,-0.97408162942982146,-0.22612713213082786,-0.034891407707937555,-0.22618375642596042,0.9734595512897295,-12.866594082521354,-3.7724435697940812,-3.9645539191955379,0.603565484598317,0.0962627784015826,0.3703703703703703,True,5
-0.93251241447944877,0.36027012800579028,0.025020625659622646,-0.35034036405987512,-0.88564278308263278,-0.3047925361357165,-0.087648309465167162,-0.29298855888982983,0.95209005782413103,2.1167449913824394,-13.412426029513819,-6.5901328410812701,,0.5597724085129232,0.4264705882352941,True,2
-0.88848334079487279,0.458700072145584,-0.013841854775221381,-0.4449068804845821,-0.86837641968277435,-0.21904397146784135,-0.11249542580682967,-0.18845858312256011,0.9756168006035858,15.590757783036244,-8.5866793341994612,-5.9628229961010399,0.2403572528308408,0.3010123386398634,1.0,True,5
0.16808901630971884,0.98575170009753643,-0.0062982815789819711,-0.96925803090713258,0.16410521172760037,-0.18332580016426525,-0.17968013835162674,0.03691971341514614,0.98303203541048645,1.7077252859588687,3.7875683781328822,-2.7253242294517843,,0.265975584841224,0.9945945945945946,False,5
-0.87183058917489897,-0.47616236240526633,-0.11480778896741177,0.48107120881344911,-0.78835346780133564,-0.38349615624720018,0.092097317168942955,-0.38957440166705742,0.91637867158508124,9.8991289659888686,2.4778853762837874,-3.0888162547116127,,0.5960571844158435,0.2275449101796407,False,4
-0.97754978609365739,0.2088463164959124,-0.027921887370574758,-0.19827082815251809,-0.95660011217896435,-0.21355304746809092,-0.071309847931127698,-0.20322264013953559,0.97653236716596192,-5.5973741670531254,-14.334048901574995,-6.5787316437330166,0.3095745251111239,0.3148807740292849,1.0,True,5
0.26591988839965391,0.96284912925835742,0.046991140015310004,-0.94812268206965988,0.27003990656888338,-0.16775526401667429,-0.17421249294626034,5.6095380941934177e-05,0.98470808067912041,-13.385382887359697,-2.1015314473063613,-3.5766572556573597,0.16310325949529,0.1721472464864506,0.7333333333333333,True,5
-0.28849841529052356,0.95593169319408411,0.05443585511358949,-0.94937621768139258,-0.27821247874019323,-0.14588561949078727,-0.1243119530690024,-0.093767876270760289,0.98780267447696313,-2.0617117442272437,-7.1917991744883842,-5.0698964725610454,,0.3259769167748347,0.9902912621359223,False,6
-0.94382903343840474,0.33025928698466461,-0.010749837166632985,-0.31876465657630554,-0.91858438932422193,-0.23364891056377335,-0.087039355216581793,-0.21709795726866934,0.97226160450428856,25.202073898667095,-5.6455204856753687,-5.3901902232332004,0.2616492726193159,0.2224906540064705,0.7073170731707317,True,5
0.84974360203848387,0.52717130651938249,-0.0051209742540299814,-0.5223563367521058,0.84058975821582305,-0.14336218412672774,-0.071271791401534834,0.12449607208788693,0.98965704149725697,6.6272919681175573,-6.5310495604180003,-5.1659325494197113,,0.3160733156745751,0.6666666666666666,True,5
-0.73679798043471123,0.67456594034887096,0.045711356888348001,-0.65344026457236593,-0.69309932687695119,-0.30435036342727345,-0.17362187841089324,-0.25411437425686945,0.95146273081666832,-9.3583030116160195,-5.380218481809198,-4.4161486146412754,0.5926693973265407,0.2039701218443782,0.2222222222222222,True,4
0.59797760238340192,0.79154076208999846,0.12603971198706762,-0.78900303484291912,0.60899543133935452,-0.081232848137053698,-0.14105671928859687,-0.050870291504753237,0.98869369138563834,-5.8614317288345283,10.683119218479012,-1.084651668545388,,0.2351305895786306,0.3670886075949367,False,5
-0.093449005522884931,0.96173301584266502,0.25755948750717028,-0.97733819406399336,-0.039258200262089656,-0.20801165384640016,-0.1899403532441612,-0.27116120657342202,0.94360704864849831,14.06583088912887,6.1448178089636283,-2.2244421285460545,,0.184131673105768,0.32,False,1
-0.83535652418176121,0.54948307357841508,-0.015742596920013251,-0.53480869732516889,-0.81900333775884637,-0.20787782470775082,-0.12711858547169283,-0.16523281935102452,0.97802810830619202,-11.261783814018182,6.4806806025167472,-1.8736355996118843,0.3538024141399052,0.2720868407765505,1.0,True,5
-0.6432937215204011,0.76560614483507128,-0.004518721413486573,-0.74814931551239494,-0.62985750473741897,-0.20869145987387125,-0.16262161464813973,-0.13086922753929686,0.97797109146052941,10.098833931027677,1.4407933954285004,-3.3141153954703446,0.3546061203571814,0.3112914774448347,0.985663082437276,True,5
-0.76859877926278564,0.63973109079618429,-0.00021905360547229066,-0.62364670405316414,-0.74935055937861217,-0.22257252229911245,-0.1425507104134637,-0.17093235687747307,0.97491611143366108,28.299228186780969,-3.4908508611863502,-4.8463537397061707,0.2802786004441403,0.2991171501736258,0.9661016949152542,True,5
-0.68490986105484686,0.72860193012545815,-0.0061408181286449082,-0.71167685329230368,-0.67075954775042557,-0.20880058809690072,-0.15625152388951999,-0.13863930365918414,0.97793895758533944,16.190614719433174,-0.40037804709170222,-3.8625096457008761,0.2020597994451101,0.2213146601888007,1.0,True,5
-0.90856758390963821,0.41766089679432317,-0.0080200222921034611,-0.40431203329503451,-0.88403289214987357,-0.23455836231089033,-0.10505581945536881,-0.20986953301061514,0.97206895532799964,-10.517422862058488,-0.59791836746436056,-3.3404402920127225,0.1896269928710758,0.1630609673101052,0.8148148148148148,True,5
0.77407161441096273,0.63029147477087433,0.059546558207537806,-0.62441025933061034,0.7755931969249964,-0.092558202912251586,-0.10452255166176946,0.034465195702650171,0.99392514128544507,-13.282067596131496,0.64327374973879259,-3.0089748943205499,,0.1236447984274013,0.15,False,3
-0.73112281243380683,0.68224397209937437,-0.0016111092297801874,-0.66556623729557218,-0.71376521735613785,-0.21808438335828059,-0.14993670968477446,-0.15837416780086153,0.9759285865586117,-6.4936517265388707,-10.292255410920347,-5.641841654295483,0.2163645952380336,0.2143361764590674,0.9416058394160584,True,5
-0.93862550691389712,-0.32918410560154521,-0.10305329878242875,0.34172213576936189,-0.84670634617848273,-0.40781655835229386,0.046990846936990557,-0.41800261716931236,0.90722966901647861,-7.5246821569772955,-10.73478731281172,-5.6906651552473235,,0.3430318764158267,0.3088235294117647,False,3
-0.38633639582433421,0.92234395046070505,0.0050819592681229549,-0.90359136756841174,-0.37736434889179787,-0.20277768279896199,-0.1851130187677526,-0.082932413651171266,0.97921161402869372,7.1074979248121846,11.262438493107162,-1.0063881191143815,0.3189341477239625,0.2648598486406204,0.9487179487179487,True,5
-0.8645239122455356,0.50232135156708224,-0.016482260630550527,-0.4880541230531053,-0.84689635179884082,-0.21111547143845003,-0.12000657534709483,-0.17447013804555342,0.97732215405352774,10.399401773358607,-11.339600479795211,-6.5078978965758179,,0.2919602757963538,1.0,True,2
-0.91366535445372721,-0.40421136657117346,-0.042764368411198059,0.40319402506389934,-0.88795268588025733,-0.22130206910647801,0.051480075987861668,-0.21943837124053994,0.97426721334733513,-11.017023551508675,-6.7807732093230424,-4.6759499952796055,,0.2232952066012069,0.88,False,6
-0.95106150526841338,0.30870902887696228,0.013444280807240772,-0.29816481605482342,-0.90541689177342266,-0.30218867377575453,-0.081115693078309251,-0.29140862647011478,0.95315332279504106,-17.351481461760553,1.5025571028209086,-2.8375635179647283,0.5173576018919719,0.2872509527055309,0.8958333333333334,True,8
-0.81380665981926004,-0.58008969976070879,-0.034851982229838485,0.57493027930603957,-0.79492679071615657,-0.19376937667957334,0.08469884515681142,-0.17772826908863387,0.98042784945954031,4.1209764088636183,-10.662124085987292,-5.9774694107826294,,0.2305383271249962,1.0,True,5
0.45709366957101355,0.88692270477802693,0.066584480078575314,-0.87566096452010556,0.46187685033969739,-0.14102358077995283,-0.15583084564303701,0.0061555559870779325,0.98776457553238162,-1.3863557417778365,-19.141082205723386,-7.7984421800024144,,0.2122624817646608,0.5925925925925926,False,2
0.9743748123475019,0.22492586331349571,0.0014425933064821312,-0.2232123505255687,0.96770332890592925,-0.11716020568961612,-0.027748362755663825,0.11383594879062217,0.99311198015496616,-9.6353428637902212,-1.2217952010901783,-3.4756160292881058,0.4339102737000219,0.6094044097510588,0.5485436893203883,True,5
-0.78724749209468792,0.61636695231590977,-0.01825284315991817,-0.59964219338602065,-0.7721164931002612,-0.21039334826404654,-0.14377282810679534,-0.15468646086633062,0.97744640401549487,3.3882084225469975,8.5182040316314946,-1.6458887168404308,,0.09591421396769392,0.5263157894736842,False,5
0.25648949835613027,0.96651186570745407,0.0082432202274722102,-0.95078619608827697,0.25383179552412133,-0.17769363778421379,-0.17383540077040491,0.037739012012752655,0.98405133017099033,-1.0839758184960984,7.2417828438314444,-1.8706123822671081,,0.3243815894814703,0.9922480620155039,False,5
-0.36803971668608326,0.92472960145923688,0.09706663240613965,-0.91401357898158009,-0.34064916492205055,-0.22031187865204374,-0.17066324847169306,-0.169803741486902,0.97058783476722921,-9.3363205342487792,-15.591259178593182,-6.7902951513255791,,0.1758572538982928,0.2058823529411765,False,3
0.66760911171730764,0.7424675491911612,0.055136307004537893,-0.73790510336950677,0.66971183818483415,-0.083559034319031861,-0.098965308938364083,0.015099410358088525,0.99497631903154971,-5.0238010815893031,12.739297346932814,-0.61354182936869583,,0.150187360349732,0.325,False,5
-0.8851760724003962,-0.46392650013194053,-0.035150011737354388,0.4612468341283254,-0.86514308471523382,-0.19692333781450694,0.060948165324352592,-0.19052465836404997,0.97978858724668572,9.4623824243726489,4.3555368979811622,-2.6078510635984102,0.2714164956265752,0.2365805707163867,1.0,True,5
-0.630115944884312,0.76954304087412029,0.10371790705930167,-0.75177346870728401,-0.57114386428448505,-0.32959268504929512,-0.19439791086935224,-0.28565397692382494,0.93840889686598394,11.258666518414424,0.71607015199545654,-3.4755937448873571,,0.410604170356695,0.4871794871794872,False,5
-0.27223996344323048,-0.95927104825682596,-0.075395346545254621,0.94785089429733216,-0.25385251685418503,-0.19271113581353699,0.1657229147830088,-0.12392721921775754,0.97835472087212672,-18.230234128413112,9.3227429656584686,-1.2715018670578828,0.4431029269218896,0.2941052643519096,0.7659574468085106,True,5
0.34381691823854738,-0.83388743094737172,-0.43176576895458263,0.90210152201714755,0.42099561600461188,-0.094739301661165468,0.26077340874271659,-0.35692358259561857,0.89699653593523654,-3.7014079623513547,-2.7741263732943833,-4.0321439411245246,,0.3832096563682345,0.2022653721682848,False,3
-0.7156670264890248,0.69842831290237484,-0.0043126479916551289,-0.68183215657526053,-0.69997318365732697,-0.21246753262688409,-0.15141207830383713,-0.14911550521984179,0.97715860976954205,-17.237541682192049,5.6273967672149521,-1.9522708965555966,0.2875568907587599,0.2574724406613441,1.0,True,5
0.5634686086650903,0.81382512818691999,0.14209781061146526,-0.81100665864760391,0.57767331392910148,-0.092529681742780631,-0.15738909326340828,-0.063104699553316129,0.98551837639691353,13.640910371981004,9.8795272823734521,-1.3859572749867817,,0.3181213952651358,0.5,False,6
-0.80895320072666088,-0.55063751168678809,-0.20589572544730719,0.58122583186658316,-0.69662680589044257,-0.42058010614611618,0.088154701548409528,-0.45990153732974415,0.8835832301241624,12.717311105976584,0.21453663039177351,-3.687946808479976,,0.2894629932894479,0.4285714285714285,False,2
-0.43843672842299841,0.89853155948195329,0.020353667597445675,-0.87931442821367112,-0.42415415762222891,-0.2165626627723318,-0.1859552943720702,-0.11284629894997325,0.97605652567271428,-17.942385923790539,-2.8891665470348107,-3.7049945144562955,,0.09816666923206728,0.2380952380952381,False,2
-0.79192613710718873,0.61061477854713375,0.0016079758459963921,-0.59468545178954646,-0.77066391802250434,-0.22896798660089265,-0.13857202746712599,-0.18228197299249846,0.97343262505712858,-10.471541608907437,14.416554109570846,-0.2791575989610271,,0.3525698779362474,1.0,True,5
0.011039843368860236,0.99299511181162392,0.11763855565507986,-0.9825878113338925,0.032594086140250146,-0.18291751847965448,-0.18547052293144545,-0.11357083017616908,0.97606472718597559,-10.326702890816865,-5.728527909965865,-4.4659403762547996,,0.2005116262592611,0.3333333333333333,False,4
0.95406822187178042,0.29937400941601011,0.011359159326392691,-0.29829671200354102,0.95278684749220666,-0.056712387127857283,-0.027801072322774935,0.050719086466991553,0.99832593607782116,-3.3931198705404864,-3.4797676370438553,-4.1856801121916272,,0.3269289712341369,0.2327586206896552,False,10
-0.67581624898620629,0.72991356839858701,0.10246257987116351,-0.72072081574913638,-0.62529243728985551,-0.29928393477433918,-0.15438232849686157,-0.27610786032953244,0.94864669193126538,-0.94840704655043884,-18.334343912011395,-7.6356683019982805,,0.2686223589616146,0.2857142857142857,False,3
0.40766187721606417,0.90029557300490626,0.1525767842512179,-0.90215625764498197,0.42292942451892712,-0.085116324333768978,-0.14115906154645805,-0.10294942012394888,0.98461948804574584,-7.2331113585784186,-9.1182169782392819,-5.3365945543091788,,0.2763290293916009,0.2142857142857143,False,3
-0.95312265483850722,-0.3006437674501109,-0.034213008154793854,0.30107681681268811,-0.93102041400095348,-0.20628557654725435,0.030165463887290626,-0.20691619996244301,0.9778935171998876,23.168660244757497,-2.0295164534605696,-4.4882324051334495,0.1981014976313167,0.2224830567275281,1.0,True,5
0.63836873408452266,0.76748814656436704,0.058713748189973235,-0.75847288520817568,0.64019762821762527,-0.12192571192538577,-0.13116494099914314,0.033300776383127499,0.9908010983769503,9.5260492469374523,-4.977193166566015,-4.8992303282533749,,0.3242662321627139,0.3428571428571429,False,6
-0.35755117164028344,0.91349642981332957,0.19411705843887667,-0.91550934170940057,-0.30181707220309367,-0.26598703007773494,-0.1843903601099629,-0.2728199546313545,0.94422956289954418,13.358055539293666,9.039982654587158,-1.6101247378859354,,0.3023443126868234,0.3484848484848485,False,5
-0.95445310300184782,0.2977042054813569,-0.019785858810252417,-0.28619004408527893,-0.93225065306483401,-0.22136842260507283,-0.084347690167610789,-0.20562326205686479,0.97498950828431152,5.4609617716874883,-17.263292680877186,-7.6609079725605147,0.1770214093972784,0.2564108030639956,0.9770114942528736,True,5
-0.72229943801330632,0.6914762397111015,0.012005488772093363,-0.67672836564874228,-0.70310281099301009,-0.21836931171780902,-0.14255609763192811,-0.16585248592867904,0.97579235083045857,23.476811256228469,2.1386485089195424,-3.4647651591772592,,0.2450747033574148,0.9387755102040817,True,3
-0.55380119207029732,-0.79295237802849394,-0.25402906495216837,0.82077872998359569,-0.46854897309973637,-0.32677842066712104,0.14009466823556455,-0.389471932218662,0.91032142562164697,-17.176725507101935,12.04825206456217,-0.76447800308592939,,0.2862460478966556,0.21875,False,1
-0.83849796298390689,0.54490149828965295,-0.0018770278451942339,-0.52935678172266609,-0.81538498477921717,-0.23436877829783478,-0.12923839876778942,-0.19552412577042536,0.97214595227550571,6.6061841431986519,9.9192172631759394,-1.2990243908485282,,0.1048401841905618,0.62,False,5
-0.82165906591083238,0.5698834289103254,-0.010452600630871261,-0.55462031620069885,-0.80361225211343112,-0.21587879263748147,-0.13142558451068576,-0.17158154244145785,0.97636421996580491,12.402602491509437,-4.6931886980867441,-5.0303386382023438,0.2709679194763522,0.250796151260282,0.9896907216494846,True,5
-0.72808373128210202,0.68408743357936275,0.043800267820327865,-0.67123134138808549,-0.69852024380592925,-0.24802813415348024,-0.13907755599191182,-0.20998536189959968,0.96776215115451303,17.915914275004724,3.4770000141313031,-2.9258486078633519,,0.2111530570604893,0.75,False,5
-0.053270971857581777,0.99853672071883259,0.009307036769533053,-0.98050538234514528,-0.050539193455089178,-0.18988150283034552,-0.18913328302958779,-0.01924077183976201,0.9817629010863369,-6.2844431079378751,2.4932305825648311,-2.8250324285244521,,0.3272487701501424,0.9961904761904762,False,5
-0.97064457247564884,-0.23379033036316138,-0.05649066606307776,0.2399774735823027,-0.92562677312876651,-0.2926190168807965,0.016122223687243545,-0.29758554786130414,0.95455901630410822,11.952689605637318,22.594131132779282,1.3544788923068152,,0.2060805947391969,0.303030303030303,False,1
-0.89321233990293836,-0.43612837597896109,-0.1093789536934389,0.44606998815432636,-0.82893887774817787,-0.3374639278879909,0.056509127697361564,-0.3502176132400337,0.93496221413666614,3.7937525677761634,7.444337855401181,-1.9167068720918237,,0.2448184164730429,0.1882352941176471,False,6
0.15628578663051729,0.98768615321224829,-0.0071285096670914531,-0.97092472739777846,0.15230058981388614,-0.18468812649949745,-0.18132822897947354,0.035785375436563606,0.98277132654551613,14.467114404705516,3.3301731649497013,-2.9306387111813459,,0.211190737807569,0.9722222222222222,True,5
-0.2259487809285107,0.96250938629888649,0.15007607965115968,-0.95451088563370545,-0.18798220083096989,-0.23145552786119586,-0.19456648633225546,-0.19554634605966506,0.96120003586091995,3.716471717442436,-15.563689427650294,-7.1626793479254003,,0.2592887663633309,0.2127659574468085,False,4
-0.31366474432579156,0.94952304299008561,-0.0045187385279108882,-0.93087506808808307,-0.30843640120746385,-0.19580243620086885,-0.18731266849586747,-0.057209940054471331,0.98063295222010582,-0.97874914076431818,-2.3509077842112234,-3.9312484310795446,,0.2547083405480479,0.9891756869275604,False,5
-0.69274076685466845,-0.6639480123493029,-0.28157284463352827,0.71019075199420001,-0.56011729952106304,-0.42649467354135373,0.12545646942075089,-0.49542067747989998,0.85954582577419203,13.636316166614813,1.002759141538482,-3.5277609162820922,,0.3838929605946445,0.1878172588832487,False,4
-0.96923777188569371,0.24460005563189252,-0.02736703007145435,-0.2345296918396868,-0.95157203350756381,-0.19876239254915079,-0.074658992731206783,-0.18622963735978285,0.97966553321692684,11.016767798101267,21.788639179734677,1.2125740314263873,,0.2361791788758752,0.9302325581395349,False,1
-0.57523177520713065,0.81508944281995122,0.068830262207228474,-0.79937507496595439,-0.54229792868963267,-0.25867440163671046,-0.17351626527570627,-0.20381893126595665,0.9635091846694428,36.281853976017516,-5.333817853242623,-5.1493143279022799,0.2355372365212791,0.2526392155797531,0.12,True,2
-0.77155364697977935,-0.63411754597300973,-0.050989290261510153,0.62898488874731728,-0.74838450366609621,-0.21047243144882077,0.095304667040651839,-0.19446226513547965,0.97626914725328229,22.222351649646619,-13.06675911456577,-7.2627970787731275,0.2554967645902049,0.2356909060123698,0.9454545454545454,True,3
-0.96736755219093051,0.25247679848873666,-0.021342099076831274,-0.24189562829743916,-0.94531838908191701,-0.21876848098882304,-0.07540904440923886,-0.20646696948530957,0.975543369888206,-12.785969681808359,2.3178225305008047,-2.7031799880719003,0.407738945226282,0.2689807126016526,0.96875,True,5
-0.97120264614605178,0.23697687137388293,-0.024645132435307259,-0.22680881924373422,-0.95126122923522349,-0.20894935574716716,-0.072960123575627353,-0.19734243382440397,0.97761586739377904,20.851281349355634,1.0853164824210055,-3.6603780599551086,0.1901238460622776,0.283190446471527,0.974025974025974,True,5
-0.26196496801545199,0.9505143617905486,0.16702336232566306,-0.94550462307778371,-0.21810054770779591,-0.24177088085230242,-0.19337880770964019,-0.22125686231045108,0.95585042637921747,4.5123770949101099,9.5206497521917601,-1.4132309860312664,,0.263702223432618,0.3076923076923077,False,5
-0.76391826312980737,0.64518508242860662,-0.012848994837398481,-0.62906296249434523,-0.74897412142071085,-0.2081286973483317,-0.14390509537392163,-0.15091048622831837,0.97801704927457955,16.150409968286045,-28.942426321722778,-11.230566770462808,0.2654045267807523,0.2828393624951919,0.9607843137254902,True,2
0.6697406072889448,0.73841947130922314,0.078639705872060289,-0.73304777961574585,0.67433895957340817,-0.088926488752677529,-0.1186948682490617,0.0019110188021427181,0.99292893817154748,-7.7246087971133015,-8.6224928464748452,-5.1710672619753586,,0.1375380154681315,0.2105263157894737,False,2
-0.96692844918318799,0.25502433030201666,0.0034590626192493095,-0.24116978971278014,-0.90981775840327983,-0.33774069790880357,-0.082984978701506326,-0.32740531065949458,0.94123283828278681,5.0864482618229001,26.182294967729543,2.1025305974632547,,0.2618845007341681,1.0,False,5
-0.6285397768262041,0.77769527154265461,-0.011305466264752057,-0.76012270924971281,-0.61728713133983015,-0.202904076758259,-0.16477625991065376,-0.11893974147626853,0.97913335254571721,-7.5284358069331381,-7.0803647084826125,-4.8525815839120652,0.3352480843118326,0.2656501910470257,0.9365853658536586,True,5
0.16291139782124622,0.98613986969292755,0.031433005932334258,-0.96996070584246841,0.16590928089832097,-0.17790542328265793,-0.18065465834433178,-0.0015059594339191101,0.98354543692941543,-11.1799075557966,-13.876017789877853,-6.2708122187067747,,0.0811103234606865,0.3181818181818182,False,1
-0.64171095480532647,0.76686966956119373,-0.010860957137496748,-0.7493928214859108,-0.62997315690295552,-0.20382399438513393,-0.16314855067766673,-0.12265696673581351,0.97894730140235164,10.29408456614004,8.8567506340490638,-1.6454957357139268,0.2857954186590377,0.2660973951042737,0.9120879120879121,True,1
-0.77759381604401834,-0.62730729449151967,-0.042818401743081727,0.62159292827953638,-0.75667952710213315,-0.2026285389015193,0.094710552542857443,-0.18417831452758796,0.97831909911582726,-4.2906233460261323,-3.0065914404418237,-4.0815311086021993,0.2859499703095486,0.2415816451335858,0.9403846153846154,True,5
-0.79691721132283411,0.60403721276688549,-0.0078742549012652853,-0.58819130427377497,-0.77885026153036585,-0.21776882166829353,-0.13767333755725208,-0.16891215381639663,0.97596861446408867,1.3074480431311069,12.839957254261273,-0.6696504864374494,0.3633303984927646,0.2831016585809373,0.9494949494949495,True,5
-0.2909443384145855,0.95673899204802693,0.0013758776923199533,-0.93835041336877245,-0.28507117803082993,-0.1955324146702252,-0.18668126224973219,-0.058180104426168354,0.98069627396753478,-9.2902973598795739,-17.893720094402205,-7.2365016136139362,0.3122891830972915,0.2433636938956811,0.9838709677419355,True,5
-0.99089487936101861,-0.13085115304789766,-0.031706683871838143,0.13455650544081774,-0.97062729831793504,-0.19944220868106832,-0.0046781299328058495,-0.20189260389143351,0.97939649355828773,-5.4847181808650856,9.8830028578456748,-1.2446369937198245,,0.6068280281302181,0.2653061224489796,False,1
-0.65290529791763352,0.71715260159463612,0.24373513898724788,-0.73555226491614178,-0.5235177572309716,-0.42999072483088474,-0.18076929365304883,-0.46002315581924819,0.86931073764349609,14.167260910164169,8.0636189276150869,-1.7558070700334054,,0.3281678598485719,0.2777777777777778,False,3
-0.6383669289141668,0.76971106603804385,0.0057042867453897424,-0.75215109879393227,-0.62219431274840242,-0.21712430026743831,-0.16357380185034667,-0.14289545829774253,0.97612729669142129,-19.991441192899103,-3.8835449788297289,-3.9376277869584575,,0.1309935039230684,0.8484848484848485,False,1
0.96853481029165456,-0.2303730893609004,-0.094173037285747399,0.23970208367279472,0.96526641631590149,0.10394063986515109,0.066956943898513602,-0.12324360117657669,0.9901150349493737,12.874468814818639,-10.01348180925431,-6.2564413871072322,,0.1173584695988522,0.3571428571428572,False,2
0.042315654659677092,-0.93891963836449466,-0.34152495965040169,0.98096151969014334,0.10389187464106704,-0.16407612644979364,0.18953596560528249,-0.32807985472602597,0.92544028800621247,7.0317613001836206,7.6572804915939772,-1.8537632262225248,,0.52348433870041,0.701067615658363,False,3
-0.96136569358991308,0.27447476109189117,0.02096684792556254,-0.26340991050228824,-0.89513745938781408,-0.35964447423796958,-0.079945120161026839,-0.35127273495715289,0.93285381675703039,-6.0009475464290185,-23.534288767183678,-8.6591266625705146,,0.2851339443955841,0.5675675675675675,False,1
-0.71874363280901676,0.69505888083128231,-0.017341928210641663,-0.67843515802270871,-0.70657334354051271,-0.20119604011183734,-0.15209643866705203,-0.13284299897076546,0.97939747343417904,8.66910403966674,-24.925387517274647,-9.7113899309678562,0.2787059705028145,0.2236278322900415,0.8205128205128205,True,2
0.64675679468949565,-0.66913137217682772,-0.36601756145262249,0.73077567036579949,0.68105024867434116,0.046232871228531397,0.21834048668166284,-0.2973781524412526,0.92945880292040939,0.60311838774399351,-14.533501631981739,-6.7896226167743867,,0.4225075094491908,0.1636363636363636,False,3
-0.73212163980442035,0.6746869398291061,0.093783995191734651,-0.66698189429690435,-0.68208331601448491,-0.2998291224927927,-0.13832229469684362,-0.2820636155882586,0.94937192898835943,-2.4862197163610351,-19.446505613032464,-7.8273631512272503,,0.2237968629596125,0.1785714285714286,False,2
0.93603875521630453,0.30445486903815216,0.1764615580008044,-0.33841472321240151,0.91629085884202621,0.2142114308705646,-0.096472399400986175,-0.26022739041365817,0.96071576516278356,6.8806925479627026,7.0478051831132671,-1.9515373082257232,,0.6009888717799396,0.2258064516129032,False,2
-0.97945667241933387,0.20063641238158983,-0.020239982210735086,-0.18910755549995442,-0.94872715936369467,-0.25328858943609672,-0.070021134710014282,-0.24425766541163138,0.96717900803397394,-3.9221065575664666,-4.240406627406542,-4.3782300950202,,0.6452425900396384,0.7558139534883721,False,2
-0.99144568100845709,-0.11049887229744411,-0.069465536999793562,0.1304090034197033,-0.81670793920643303,-0.56212243672020534,0.0053808397817044808,-0.56637279353635472,0.82413160678684616,-11.618938479049577,0.25930630105520497,-3.1047377258458249,0.686985232508401,0.3096738889158588,0.2926829268292683,True,3
0.059391753608528393,-0.98876830066927424,-0.13714906924547535,0.97779527398706778,0.085284424434697553,-0.19142353334268661,0.20097020120371117,-0.12273473241278791,0.97187816298531049,-11.019251392673135,-3.9585464899850549,-4.0577849388897551,,0.2729278151559535,0.3548387096774194,False,2
-0.98992059183234238,0.14133656163247671,0.0090110050612549897,-0.13013917461052799,-0.88270546058798671,-0.45154719031330592,-0.05586606392073247,-0.44816854663626204,0.89220173543204062,-9.3835194380242193,-7.9593664076455699,-5.0098385320537169,,0.1154426665826472,0.2727272727272727,False,2
-0.75970182569409872,0.65013693420657492,-0.013232642122022747,-0.63400758154276404,-0.74507020136298552,-0.20713469431077197,-0.14452516245744115,-0.14897101000327789,0.97822293757366674,-13.224277524680781,11.69913932257262,-0.83373669129025496,,0.3039566973347799,0.9882352941176471,True,3
0.1408579252549822,0.9575286126033149,0.2515909396994126,-0.97274669930059765,0.18113197328924013,-0.14475865173501504,-0.18418171432760416,-0.22434385282043631,0.95694667135061762,1.2564307574319347,-14.257286277101274,-6.8048629414367197,,0.2698557427315668,0.5714285714285714,False,2
0.6961337127251831,0.71769941748565902,0.017475701651062651,-0.71635606952536768,0.69602086140410813,-0.048876805792209432,-0.047242307962442324,0.021505967335325407,0.99865192019409477,28.029729939939692,-7.923669646082609,-5.9953482506377584,,0.2105384589314701,0.3421052631578947,False,2
-0.4666120454249007,0.87723700259374093,0.11282038975619246,-0.87082064411473903,-0.43334550297038177,-0.23212729447210168,-0.15474044347868943,-0.20655971614933902,0.96612032315665641,-11.867160725252949,-5.2666705944085672,-4.3142695987693775,,0.2515303156877574,0.4054054054054054,False,3
-0.10090286152615234,-0.96354253562411951,-0.24779910124711457,0.97772488900937349,-0.049960943474083863,-0.20385765999537353,0.1840452497280059,-0.26284917000101599,0.947120720859983,-20.362939004402751,-5.4011357657039003,-4.3183289458127447,,0.271625086646667,0.1481481481481481,False,1
-0.89792832357042773,0.43986130356495817,-0.015708575878707016,-0.42638251343580419,-0.87815814365858091,-0.21687836905113864,-0.10919101595904118,-0.18804336827511731,0.97607223794224396,10.875365496981315,-24.659866433651757,-9.7664435586571621,0.2045037081983546,0.2496394626072838,0.9473684210526315,True,1
-0.9923312378100384,-0.11321910688339148,-0.049599882085786563,0.12340351554814891,-0.93045912483005633,-0.34498896992634959,-0.0070913198175324432,-0.34846413137798438,0.93729529089088659,-11.810052618778654,-9.1028273785551335,-5.2267682679199208,,0.09439448900610392,0.25,False,2
0.89027418917516965,-0.45326732335076669,-0.044278681901414187,0.44147763887324099,0.88279810001825321,-0.16051482479531751,0.11184526124697186,0.12335415755699002,0.98603975039042024,0.31361465264211597,-22.216883610185633,-8.6093719867289327,,0.2913244611461275,0.7105263157894737,False,1
-0.867814709130449,-0.47940425845248025,-0.13064910100900917,0.49227198765730684,-0.79374495491891295,-0.35726353957365742,0.067571597470825098,-0.37435344731737319,0.92482083437649676,11.179448617042073,-16.460145255619008,-7.7420607080962816,,0.2891378661521279,0.1052631578947368,False,1
0.67698701139353867,0.71927295800675872,0.15599678934084904,-0.72616867406142871,0.68729160906192033,-0.017586953259290133,-0.11986510424770175,-0.10137384274695957,0.98760098257869444,-17.132007953126358,0.36640552813182248,-3.0066253774009426,,0.5869057210963529,0.4022988505747127,False,2
-0.96286171097222217,-0.26755417229418854,-0.036222788843717532,0.26910343687513849,-0.94011196743344139,-0.20921957114575257,0.021924091899853532,-0.2111971912133207,0.97719756478307418,-21.438539185300264,7.3930388036480581,-1.5691280603084619,0.296892775197755,0.2611185542174987,0.5641025641025641,True,2
-0.88673296655355771,0.46218651699762681,-0.0093951866788647437,-0.44650083786460182,-0.8615501165784295,-0.24159552646914831,-0.11975661907943558,-0.21003575916804884,0.97033155779731561,6.5715324185086637,25.450057277247243,1.9520678830342582,0.2266256289031916,0.2397340602207783,0.8055555555555556,True,2
0.99581369996436975,-0.04446013233509654,-0.079864708075711249,0.035231273095583625,0.99291768828919913,-0.11346022068768444,0.084343537744970595,0.11017150682086253,0.99032742399949891,-22.048256719672143,4.9696059992166495,-2.0468376083721291,,0.1541670093954945,0.5,False,2
-0.72585391723539694,0.66880721273038735,0.16072648516607035,-0.68360943402116825,-0.67550745556499336,-0.27634728005422066,-0.076251115082250243,-0.31046189730129264,0.94752265290746129,16.412035706368339,3.2964168035014541,-2.946982813647943,,0.2940973104781943,0.3409090909090909,False,2
-0.73151304957784202,0.66758950919308357,0.1386106255402636,-0.66517127276295418,-0.65408082147064672,-0.36017420351157259,-0.14978596792836471,-0.35567193619910709,0.92253001989753181,-25.61173068669402,14.497374918956664,-0.39192731149171689,,0.2621109696042578,0.3214285714285715,False,1
0.76782709157747076,-0.5734382075938862,-0.28567495429455042,0.62446853830449067,0.7695064812035497,0.13378647186313128,0.14311045422168045,-0.28111989872159915,0.94894204271663607,10.757586268085339,3.3155006006778995,-2.9169080982778706,,0.566081832759503,0.3949579831932773,False,1
-0.12310386957054618,-0.92201438120576718,-0.36706255345173139,0.97539066725049495,-0.044238877379456767,-0.21599992585378591,0.18291660268382856,-0.38461981563350639,0.9047701994897126,-9.8048482129652648,-21.211708854514249,-7.9839710693621617,,0.1519448573241658,0.3,False,1
0.89406382130362927,0.4479145781321664,-0.0047343566232633891,-0.44422484831545977,0.88524151017354136,-0.13788311283393506,-0.057568807309684125,0.12537942160638793,0.9904371928913962,-15.913899430267408,-4.0329582742611567,-3.994322230356639,,0.131926942885966,0.2,False,1
0.17559359406654601,-0.96492279493638,-0.19516887440101127,0.96589996230562847,0.20718009413651134,-0.15528577337145913,0.19027388822636412,-0.16124642137347101,0.96839838860536609,-4.1766706832882319,-2.3004183624580015,-3.9059593309036069,,0.09443790795838944,0.4545454545454545,False,1
-0.12654896723471437,0.98910065486295806,0.075267877886217305,-0.97354880966819901,-0.10929069972660797,-0.20064460657316702,-0.19023163271511856,-0.098668320665428091,0.97676839036263019,11.257699349627186,4.0746160030443015,-2.689911074280388,,0.4149744795327048,0.4878048780487805,False,1
-0.59444494675236004,-0.80099448632798875,-0.071014351737843318,0.79297320163373486,-0.56923868953817247,-0.21716541120447652,0.13352418047428335,-0.18540535915940112,0.97354822480637548,-19.310403484816945,-7.506924026948127,-4.8251884426782761,,0.1769046749287719,0.7428571428571429,True,1
-0.77184435253284323,-0.55301733727655256,-0.31373256148303658,0.62843322283532776,-0.58859136520555089,-0.50855863894173448,0.096581467683810832,-0.58968807812013424,0.80183538873201587,13.39951854428738,6.7918625914162067,-2.1193573945314101,,0.2909140452479114,0.1951219512195122,False,1
