axis_00,axis_01,axis_02,axis_10,axis_11,axis_12,axis_20,axis_21,axis_22,location_x,location_y,location_z,dbh,dbh_approximation,score,reconstructed,number_clusters
0.25944459405684139,-0.96303587213084307,-0.072459724011805643,0.95474974171976967,0.26706042129106194,-0.13088797525316617,0.14540093982059998,-0.035222725178877624,0.98874563277430438,7.303839043152923,-6.4739567465911421,-4.8236749311763347,,0.1542784661613743,0.375,False,1
0.13151402238287799,0.99015691778170345,0.047888830490132622,-0.98009466285989955,0.13712126431981864,-0.14356953264838015,-0.14872294291808424,-0.028054180443763028,0.98848087953658126,-8.1125188604521217,18.047140515854096,-0.55874945847434532,,0.1763147341716836,0.5555555555555556,True,5
-0.90124958628539675,0.42594041702647895,0.079523231597487726,-0.42112704561577319,-0.81785386468204557,-0.39213144157995061,-0.10198624746174796,-0.38689768307389627,0.91646548661731941,-6.2429522674937967,-2.6306331438681823,-3.5016411212388761,,0.2996953066049228,0.3135593220338983,False,5
-0.93967862466538443,0.34197108813135768,-0.0077367453896895928,-0.33657362562945004,-0.92840841539861008,-0.15740396674698842,-0.061010465312243939,-0.14530515854330642,0.98750399190235516,3.878575008845575,2.5955730499134884,-3.2370198860606716,0.2698062927428743,0.2397839557463711,0.9951923076923077,True,5
0.79424102301190258,-0.60740761470378835,-0.015400875457638923,0.60024100221881316,0.78829949316375969,-0.13525771080835039,0.094297065809929831,0.098182985682931934,0.99069075129528916,-4.3556429252284179,-13.203538935611588,-5.0321743560463918,,0.1679292144682246,0.9368421052631579,True,5
-0.21034839504426853,0.96919032384640957,0.12815486282147606,-0.96017507065375196,-0.18015268773658022,-0.21356226913092183,-0.18389504179657062,-0.16797358501793427,0.96848721640446034,-0.17236592758045427,-16.536810491919923,-5.7104085735248375,,0.2885421353574056,0.125,False,3
-0.98670863820714205,0.16228468227659637,-0.008351358320186417,-0.15865461637126249,-0.97320300048501429,-0.16644708633993469,-0.035139379497872381,-0.16290979634555536,0.98601502131719843,-0.38164286542735776,-14.90980307682007,-5.5076768155309574,,0.2711996606748704,0.9936708860759493,True,5
0.93519525028239914,0.35412549821976158,0.0022305514670531469,-0.35222986175276366,0.9308042811874897,-0.097660199736997119,-0.036660173743047614,0.09054568810079755,0.99521731799013813,9.2086133490965647,-18.170620793450887,-6.5874493119210147,0.2901008189506021,0.2299430963685385,0.875,True,4
0.96693259187110325,0.24896391198603296,0.055302199830039693,-0.25217887160728247,0.96571083453118811,0.061712241767368475,-0.038041812421446233,-0.073617624232837645,0.9965607186268205,5.1841314518449071,10.11830690584557,-2.2244275755265175,,0.3479658045095662,0.3552631578947368,False,5
0.20069078089794759,0.97958519556613288,0.011664265524853763,-0.96936061408651164,0.20028940210977869,-0.14221165655574672,-0.14164466216696747,0.017233688814923123,0.98976754323903626,-2.8397281801915311,-11.041560999875609,-4.7835578982403337,,0.2424720126178203,0.9610894941634242,True,5
-0.54543816737915984,0.83796161722278395,0.017819473264912941,-0.82803298847666285,-0.53543837319630005,-0.16633435755521231,-0.12984057748049865,-0.10548021885773079,0.98590838715838858,-10.912768934964959,-2.7464099457419953,-3.1865106003583135,0.1532831070338433,0.2253224511243212,0.6031746031746031,True,5
-0.42544457781254413,0.90479136683795469,0.018694750744872091,-0.89064687270624132,-0.41495238393535117,-0.18591037411871997,-0.16045267011957026,-0.095744981914853894,0.98238884312151364,12.963791720143584,3.3249872455034746,-3.8462282591550871,,0.3753716948146242,0.967948717948718,False,6
0.55371376093030467,0.83246611285423044,0.020031023583103068,-0.82450316000698598,0.55146822323805533,-0.12679644276224378,-0.11660021481504239,0.053693292952023124,0.99172648456974077,-2.6365212922008938,22.256089520612157,-0.18918414252813104,0.2564036914603091,0.2796578188432122,0.9534883720930233,True,5
-0.69737227585776285,0.71297101051687906,0.073104357103433548,-0.7104519950911834,-0.6742298477979648,-0.20167318862281119,-0.094497997523350696,-0.19257842688337426,0.97672088027399295,1.5132041139298928,-11.195219346968305,-5.1201120493861874,,0.3960732927348142,0.3592233009708738,False,5
-0.55573458368532747,-0.82003752764917381,-0.13673889623338989,0.82226912097754079,-0.51791540547854231,-0.23587523281349157,0.12260736186264443,-0.24352019631855421,0.96211503927651765,7.6722204424248197,-11.040739659554019,-5.5319915270346085,,0.1684259671881613,0.25,False,3
0.38844597064619196,0.84141477009817933,0.37567394446429969,-0.91205033117622858,0.40922069814808115,0.026506859650451742,-0.13143029061091471,-0.35293002828864667,0.92637275102525851,4.8148947502803319,10.098334332393968,-2.1973019479679872,,0.4499356509415438,0.1181818181818182,False,1
-0.92359172812613999,0.37486345148188477,0.080347448497499349,-0.37817841600359192,-0.85643556290779776,-0.35142454703082032,-0.06292380635327012,-0.35495847550085596,0.93276206787375537,-12.322374744715837,-2.1139976781026708,-3.0301456980027917,,0.3054035123868242,0.1470588235294118,False,2
0.12474860613951189,0.9916996885701147,0.031137003005846372,-0.98278595911879962,0.12781568869662296,-0.13339755725630298,-0.13627011347023082,-0.013959850033046135,0.99057335859686091,3.246607613868314,-13.877294944159406,-5.5970698903271883,0.4666007399237234,0.282449583163832,0.9568345323741008,True,5
-0.83356284478963039,0.54791777680960219,0.07042083244496232,-0.54413887670552963,-0.79236610913919447,-0.27580578664208361,-0.095319812441395979,-0.26822016878608723,0.95863031164912604,4.6154644732546917,-7.4304759205539375,-4.7443165888642929,,0.3114333595391751,0.4554455445544555,False,5
-0.93327279013485187,-0.35916832973814344,-0.0001005336849016665,0.35327984340866331,-0.91792143751975552,-0.18059232204835415,0.064770760649076178,-0.16857741679945851,0.98355803240589845,-0.23203647232468855,-7.8773366377256089,-4.5400587717202061,,0.1012558521160751,0.2635135135135135,False,5
0.35640352447019197,0.93426080483795826,0.011544535016843492,-0.9244138320902805,0.35438881551925788,-0.14095259655295311,-0.13577774038990184,0.039564074340076791,0.98994903365588727,-7.7988104284883555,-1.1275995168339539,-3.1825565612596121,0.3443719387105264,0.2789067828350247,1.0,True,5
-0.72548105206465885,0.68010373295664062,0.10552798450458252,-0.68004874414345473,-0.68477888359977246,-0.26193813423165457,-0.10588176747706371,-0.26179532653256571,0.95929779439006402,-5.5772790956247613,-4.1875220531397668,-3.7489451978255057,,0.2088578800115542,0.2358490566037736,False,5
-0.31012619475370778,0.9446139900509154,0.10735992328459804,-0.9392895023544916,-0.28700518955411214,-0.18805119498599299,-0.14682293449675049,-0.15916165043470004,0.97627383194299844,3.6969516547760484,-8.4237338273442699,-4.8638713582125721,,0.2457860346799019,0.3543307086614173,False,5
-0.84733910047986605,0.53102400729503052,-0.0054728853724757207,-0.52364325937139844,-0.83718859112318045,-0.1578385244738546,-0.088397882966002567,-0.13087691381413599,0.98744976971875253,7.5376203163331477,-9.1017660387962263,-5.2432732431520952,,0.2725473964195084,0.9954128440366973,True,5
0.99785183812722522,-0.053236107981317456,-0.038178867886814877,0.062065718881550519,0.95474357382486663,0.29088237275544437,0.020965583364974446,-0.29262710921430785,0.95599676739361616,7.0331331035589493,-17.995464858274339,-6.4228605186200989,,0.2243992762220842,0.2333333333333333,False,1
-0.30728921864981262,0.94284644457580047,0.12889498846874786,-0.94242924190419031,-0.28274256603883274,-0.17856025692653149,-0.13191080359652219,-0.17634404810071516,0.97544980219074939,-17.632375624787727,3.6107575537417143,-2.1523158096972312,,0.2090077137117257,0.1395348837209302,False,4
-0.99784080215125825,-0.057947111721804327,-0.030917079506882543,0.065357354761939837,-0.92259172953220547,-0.38020115304572155,-0.0064922831620402403,-0.38140088206751044,0.92438694139276434,-1.3886383244568878,-14.246965805805345,-5.3722280901136239,,0.4975310598562178,0.3554502369668247,False,5
-0.96730806803483083,0.25346354415424988,-0.0084459043026284819,-0.2474352862393667,-0.95055558581811483,-0.18766954306339309,-0.055595689026804992,-0.17944444838095916,0.98219591187648903,20.129651304960742,10.975061069212426,-3.1868957828327189,0.2312786419027251,0.2207554591850723,0.9375,True,5
-0.48367555899195702,0.87506993945557332,0.017622562102020452,-0.86486520361421093,-0.47474932085405391,-0.16316023389896861,-0.13441031660988487,-0.094157758096910002,0.98644218450905508,12.052000144344184,10.870115609450542,-2.7000146991150378,0.2743611805294235,0.3048536208387538,0.978494623655914,True,5
0.12325193141495733,0.98125643048178413,0.14813770296798104,-0.98499808785093457,0.13913299004209534,-0.10208221202515302,-0.12077966853938933,-0.13333352436687981,0.98368411746221751,-4.2467686584280671,-9.2175647605929321,-4.4999542976978004,0.6719533913705339,0.2877566041710124,0.4642857142857143,True,8
0.25807593208656004,-0.96543587073264214,-0.036474549762230919,0.95487121353714599,0.26063353698425112,-0.14244691978830568,0.14702985695344412,0.0019336240025439894,0.98913016446899726,-7.2740496232424015,-5.7025912367056568,-3.777957428656014,0.1350932350705434,0.1337929081235239,0.7976878612716763,True,5
-0.76426990593974309,0.62473850575573797,0.1599790933245438,-0.62780781461854518,-0.664033175740391,-0.40610009778380574,-0.14747494288434884,-0.41080620850008803,0.89971628877054322,-2.9213005948954054,1.7390014033343624,-3.0743291373862864,,0.5770781572643192,0.3427672955974843,False,5
-0.86322121861382684,-0.48761354274573071,-0.13069874010800284,0.50453311717325522,-0.82449044627555657,-0.25624565884278633,0.017188990962244625,-0.28713853264808048,0.95773482846684099,9.8777208482046603,-14.040423270356811,-6.075485939715076,,0.2357969332563414,0.1521739130434783,False,2
0.094228783243423694,0.98682628026789354,0.13150980564618542,-0.98485431752046604,0.11171137086402042,-0.13259918129829856,-0.14554349751796422,-0.11702334037411027,0.98240654931546767,-7.2995543837518753,-3.5964866624121843,-3.5331369514085891,,0.2159926539710865,0.303030303030303,False,5
0.6536556846574465,0.75006920390524656,0.10065006342747994,-0.7532666185791449,0.65765334651009566,-0.0090264698755279094,-0.072963328113147458,-0.069916129591266141,0.99488094140637329,-11.037874558443564,-15.976602053559919,-5.1798217571603153,,0.2265768470327834,0.32,False,5
0.73309740859270556,0.68002351030172348,0.011671116124087499,-0.67413319592034127,0.72880593284709005,-0.11994309652960276,-0.09007010421270123,0.080062086431747961,0.99271216303786092,-0.65569905087438995,18.059610553716201,-0.80798961677525327,0.3024139347372765,0.2394735905234019,0.6,True,5
-0.5422955468911228,0.83954482474355974,0.032863765279772091,-0.83004962021492157,-0.52928384313463961,-0.17571636627728007,-0.13012750594368172,-0.12256875883736558,0.98389213410512932,-16.097527510332348,-5.5872680113498276,-3.4551307569831913,,0.2168150673335451,0.8292682926829268,False,1
-0.9997197638778289,-0.020482652781380659,-0.01186822004753252,0.022103612991559801,-0.98715559145455012,-0.15822537265792078,-0.0084749044111779512,-0.1584433627358873,0.9873316954297412,-1.9189265881956192,-5.9851168001614896,-4.2315915262323118,,0.3076871816332528,0.9819819819819819,True,5
-0.85420995240199904,0.51659102259435075,0.058813880949113814,-0.51285583822243297,-0.81858788746467415,-0.25863634643507949,-0.085464884125230636,-0.25109278339100854,0.96418264229886252,-10.138549876778033,-5.1856992498913961,-3.6029118580869137,,0.08824396335808771,0.4722222222222222,False,8
-0.9484831223428053,0.30841540516551907,0.072523820138154407,-0.30914687059206147,-0.85081862156487242,-0.42489514659688077,-0.069339592109976381,-0.42542638735160554,0.90233276007855534,1.9979341433161499,7.4361662899922703,-2.4477580218357198,0.657918308876334,0.5768955590870655,0.4315789473684211,True,4
-0.078932300500800495,0.9967304592770424,0.017265094469150973,-0.98581125339396125,-0.075470469017976313,-0.14993458903146692,-0.14814136700962202,-0.028854806455494625,0.98854516109530266,-18.8547554842004,7.9064869154921391,-1.53515066317509,,0.2877769864998568,0.9206349206349206,True,3
0.19389311130577136,-0.96677371278828927,-0.16659546707433112,0.95974451951197837,0.22210947237937489,-0.1719239353495545,0.2032139725877378,-0.12655421976727013,0.97092126910692833,-11.340459040319329,-5.6123924387596871,-3.6092018470297895,,0.3118133798257693,0.3478260869565217,False,3
-0.83089414147834839,-0.5443054913432398,-0.11552687025342488,0.54900025638028949,-0.76811828909366742,-0.32953453909141656,0.090629157291314849,-0.33723259933376881,0.93704884066693939,10.818756785319405,7.9874562681617061,-2.888976287684879,,0.3156505055410073,0.3962264150943396,False,8
-0.84487923391974051,-0.52146829754525315,-0.1193729230036937,0.53396190041294711,-0.80843897039406065,-0.24761082378519644,0.032615471767008491,-0.27294183593477372,0.96147750113976627,-10.739828177521145,-1.6127179303812427,-3.0317288797494029,,0.1349964012931411,0.2,False,3
0.46312014387609463,0.88463309084957098,0.054258887844471929,-0.87706131721574665,0.46624954567927029,-0.11564950063728183,-0.12760555701051568,0.0059712417308024519,0.9918070205903099,4.0150407898827645,-14.547067726652239,-5.7448015937707746,,0.1113559266796251,0.1538461538461539,False,5
0.80595768233503295,0.59180970444446634,0.01390999678275642,-0.5870065751537531,0.80201255651264491,-0.11044971671450217,-0.076521206285605686,0.080852538125935486,0.99378436899922673,-15.512539621257366,-0.32854054440954705,-2.6331327716361295,0.1697000450954108,0.2011223084829083,0.8846153846153846,True,5
0.45485123621053281,0.88884184349296758,0.055412364809424339,-0.88161487501190583,0.45820667299698159,-0.11314529145650884,-0.12595858476297378,0.0026119106148192982,0.99203206240899755,-7.0248538716887028,-12.321915724603283,-4.7681109076658243,0.2001603727850778,0.1420314483463165,0.6181818181818182,True,5
-0.89139847417530749,0.4531654119794869,0.0070618427762362875,-0.44095487141373096,-0.86356873271072743,-0.24455642551543932,-0.10472612670405795,-0.22111117852756901,0.96960934665241139,-15.329027075395095,-3.9622341178245799,-3.2267907376161795,,0.183724903012425,0.21875,False,4
0.8655055702884954,-0.49751424987772197,-0.058135006391974185,0.49784919847771086,0.86721044101280131,-0.0096034667430219267,0.055193146084346084,-0.020630612375575244,0.99826253784178531,1.8234566766335529,7.1051677339722641,-2.4717992834290974,,0.4667081419982445,0.4036697247706422,False,2
0.97241003827074934,-0.23310009443209623,-0.0091139149671230352,0.22984475556805758,0.96404475382511368,-0.13337578850802032,0.039876130807037974,0.12760117004958893,0.9910236301894304,-23.219650634686023,3.759818281162882,-1.9426318288676492,0.3014896207969238,0.2776776341656307,0.8666666666666667,True,2
0.98302532025697542,-0.15703530005492058,-0.094874307746262987,0.17942973012757568,0.93078416475673442,0.31850558956548092,0.038290882465894113,-0.33012233062119611,0.94316120315946728,12.2434441985114,-10.740815708223765,-5.7992046195804097,,0.616320936592489,0.1408450704225352,False,1
0.99737786653535909,-0.068004576360525648,-0.024754170141627826,0.069119296883256909,0.99648303150875051,0.047371834601311141,0.021445608961729652,-0.048958610163639449,0.99857054850776816,-12.767948090478624,2.421336706884869,-2.4236452072356083,,0.3724152336791995,0.2727272727272727,False,4
-0.85914005156824824,0.51108765170105097,0.025841518337998831,-0.50406410858539763,-0.83645906367117007,-0.21507117249496255,-0.088304848266198194,-0.19780204013370234,0.97625642466087226,-11.861884720209561,-4.2288367156133368,-3.3695135944921843,,0.182310639059678,0.3673469387755102,False,5
0.97375991918457461,0.2275774486732364,0.00035305103297877602,-0.22638829318203754,0.96882782278710966,-0.10060313366746253,-0.023237050152187244,0.097883372688980994,0.99492657259279993,-6.7583161667300002,4.2531404234944077,-2.4700204845517386,,0.0704703543143363,0.2758620689655172,False,5
-0.12211625501667257,0.92579524314145512,0.35775800205915337,-0.98145372177655188,-0.058971114980156843,-0.18240339801920372,-0.1477708099445148,-0.37339734248472006,0.91582651869974319,-12.13781987121472,-4.3099803022190111,-3.3770301973397538,,0.5225878049614494,0.1891891891891892,False,1
-0.038568333519269367,-0.98842668056705507,-0.14671462364993254,0.98484094375340059,-0.012751003235095922,-0.17299054142759315,0.16911770799197717,-0.15116252531528285,0.97393484986617529,-6.6776780883925184,3.4680385859892024,-2.6060364234114042,,0.2164064887925083,0.28,False,4
-0.13038832603822087,-0.85280837941786725,-0.50568443957434739,0.9808445538928009,-0.036506038967025214,-0.19134071761590721,0.14471643145055416,-0.52094642441772177,0.84123241577735708,13.284904813486474,-6.9806026040320397,-5.4330545958824752,,0.5540389715436281,0.4130434782608696,False,1
-0.24386811440290049,0.9697965663649788,0.0047919353366763489,-0.95877755780069163,-0.24034822640068026,-0.15158603076731292,-0.14585587898783922,-0.041561399552282066,0.98843245223532628,-5.5463677475782767,-21.030934145961051,-6.0737803099170282,0.3349937066584313,0.302647902084873,1.0,True,3
0.18576763030942753,0.98233552503041488,0.022523405436114974,-0.97238794172610599,0.18708502862851387,-0.13950226825659798,-0.14125182588160609,0.0040135179441318277,0.98996556170344907,1.5915347741004759,15.99195484107808,-1.2211119269991517,0.3857546690044451,0.3279529608383521,1.0,True,5
-0.51833853006404174,0.84603052550150515,0.12472978060870514,-0.84483923639063729,-0.48398923195890464,-0.22803747061111415,-0.13255879037594506,-0.22357721992071722,0.96563005018826431,8.7801541512369852,-13.656558896166988,-5.9351633249184763,,0.2598442168711534,0.2413793103448276,False,2
-0.073044915386208317,0.99687517083112742,0.030072148520406673,-0.98607739415848805,-0.067671609374356345,-0.15189445682542715,-0.14938478190842835,-0.04074858359619702,0.98793913773525366,-13.938060935989622,2.4430836333197083,-2.352853555197322,,0.1225898772134506,0.25,False,5
-0.38904462986608412,0.92106004287743581,0.017107699640149753,-0.91026742308397313,-0.38149837149398386,-0.16084841006208658,-0.14162448391582749,-0.078149791823486331,0.98683084446804858,7.1536952407539296,12.24267389833819,-2.090918857844593,0.2743523343889314,0.2545762992631045,0.9769230769230769,True,5
0.06270908755924666,-0.99652790892177368,-0.054769490389120316,0.98832285137499343,0.069641459513571785,-0.13552862637399504,0.13887228588703046,-0.045631062411659401,0.98925845680271773,-7.4802451431044457,4.0606870779448787,-2.466108639676845,,0.2152498062241556,0.6483516483516484,False,5
-0.89750412442394867,-0.41690480416986286,-0.14379405725582259,0.44056161304683333,-0.83296495621364641,-0.33477581577762106,0.019794235311696322,-0.36381281722898062,0.93126173671441004,7.8508617641703751,3.8521713158524453,-3.3247832355430025,,0.3320052179060718,0.3115942028985507,False,5
0.9954601767341088,0.095058088497835036,0.004795450722703919,-0.094866395188830221,0.9950108027690896,-0.03088477677898363,-0.0077073731175297568,0.030289638227431886,0.99951144776619638,4.2667683935887748,-6.6002077670258759,-4.6382666532744663,,0.1923094319846286,0.3411764705882353,False,5
0.90429432868367943,0.42183420213782769,0.065632865374577007,-0.4235093320110071,0.9057918055665819,0.013455506977571391,-0.053773718581902663,-0.03996386962213698,0.99775311390879706,-17.127924759066815,1.8969753249085746,-2.3680406338977646,,0.1531371889984711,0.2692307692307692,False,3
-0.75382914103849918,0.62589146860101674,0.2000037390991011,-0.64863922879296809,-0.66023962558802596,-0.3786169405537036,-0.10492271914138564,-0.41514275416517393,0.90368562933806362,-9.963299267612884,-5.5573326549962268,-3.6484013002755775,,0.1239085640799569,0.1612903225806452,False,4
-0.8916239011200211,0.43880548186665103,0.11160899621128789,-0.4511650829927229,-0.84025531113525387,-0.3007009810379197,-0.038169187045109972,-0.31846626382204762,0.94716543009526155,-6.9716171941955549,-8.720366038380023,-4.2611894484319164,,0.284295323755869,0.4464285714285715,False,6
-0.98511642898172058,-0.16814684134379615,-0.035668769202307743,0.17044288143838354,-0.92871363070081692,-0.32930262118223086,0.022245123449520066,-0.33048091003356161,0.94355048756603654,21.089350529340766,9.8456175835851809,-3.3672200490780675,,0.1718572125593495,0.4117647058823529,False,5
-0.1960911281057523,0.98046777309380573,0.015205768730576788,-0.96955275572727917,-0.19154191261975256,-0.15257506208947341,-0.14668238933100677,-0.044661411021612439,0.98817490103002859,3.4721673582807124,7.4055719029205882,-2.5221323320796887,0.374371847575686,0.3341367724978429,1.0,True,5
0.79310093391021397,0.60908998034836148,-0.00055178798405974665,-0.60389201144122018,0.7862138680013866,-0.13108086160754207,-0.07940621605531982,0.10429357411428003,0.99137152634632675,-6.6268005798363605,13.154004472046795,-1.2733789473703339,,0.264444133460395,0.9693877551020408,True,5
0.0016535947015546121,0.99935889701996072,0.035763956319333857,-0.98908096676282209,0.0069048239783508786,-0.14721129234318139,-0.14736385856811909,-0.035130020678562378,0.9884582817878762,-5.0081720045189613,-3.16447047079554,-3.6748027957161655,0.2564730884265912,0.1835170197744961,0.8471849865951743,True,5
0.9983952994129518,0.047912561845936716,-0.030186297015111128,-0.045805535300413272,0.99670101582329707,0.066999537257006331,0.033296832371380425,-0.065509323566723676,0.99729626966105989,-6.8641288388005712,-2.4642492358859109,-3.4406132803928489,0.3286030756133796,0.3964602432311102,0.2653061224489796,True,8
0.22553398277345946,0.97075950248989273,0.082221718176629988,-0.9628052391484575,0.23498272596297062,-0.13337612217819661,-0.14879682148024095,-0.049082652990519102,0.98764892501981183,-1.2421083035171618,-10.209386025793023,-4.7825471232671157,,0.2247381882506425,0.4678899082568808,False,5
-0.56230444748965391,0.82673641203340298,0.017905679308256657,-0.81738309737440618,-0.5524013085254238,-0.16351656327730665,-0.12529397615199583,-0.10658189038262861,0.98637808176301667,21.628503890245852,8.3686608089763919,-3.679024686531474,0.2636801440043542,0.2998317851163422,1.0,True,5
-0.067602190748188878,0.99744482463351258,0.023103368106558001,-0.9872388403443364,-0.063528137129653744,-0.14602618911827434,-0.144185352659747,-0.032680232628571323,0.98901091322276491,-7.0794396717123593,-9.7358593701148024,-4.3685888105422919,0.2679332649240924,0.244982797112578,0.852112676056338,True,5
-0.27114574372733169,0.95857371726839569,0.087272070107228081,-0.95132626305642065,-0.25308484965285044,-0.17585903472753153,-0.146486609892021,-0.13070764108667454,0.98053923209828764,-15.372104574194941,-12.465161230800796,-4.5244587500810631,,0.1007400789563436,0.4,False,2
0.51062778371093331,0.85689810096736951,0.070603902590261058,-0.85114013971537494,0.51540309630780456,-0.099599753421477824,-0.12173630957011787,-0.009235414167360876,0.99251951016461393,-10.326195486618346,-0.83482995752006861,-2.9783467242283974,,0.09808649133081314,0.3181818181818182,False,4
-0.13977723411841533,-0.93555270986237482,-0.3243508160793987,0.97959442363165694,-0.082877086783625181,-0.18310148463630971,0.14441983939877165,-0.34332566981719514,0.9280465475570755,9.1243894456516053,-12.294807521021809,-5.8101741260822362,,0.3123677442676421,0.391304347826087,False,1
0.53713896050410115,-0.76594304864950691,-0.35328881008895929,0.83332879993906828,0.54670453377807604,0.081714527096527489,0.13055592020542875,-0.33829779628604684,0.93193870652919997,5.1198638478150533,17.195904906329538,-1.2083448130333307,,0.5589854510962909,0.2037037037037037,False,1
-0.46134669316582871,-0.87237552083397285,-0.16161738568177006,0.88005570822839363,-0.42686202066935658,-0.20806433073618114,0.11252190506552885,-0.23822209376909009,0.96467043850254697,6.3832780829933551,5.2405253444815258,-3.0087991228952102,,0.3772980600844898,0.3364485981308411,False,5
-0.3658961837030108,-0.91627349424827875,-0.16298118446502005,0.92298768484611371,-0.33483920170465681,-0.18967457031504775,0.11922129161346301,-0.21983082754663077,0.96822553719997517,9.7071021368415575,-9.0521601124974929,-5.4265530025268527,,0.3522616432864235,0.2162162162162162,False,2
0.26498009233145797,0.96384329051340201,0.028136488770097598,-0.95414970434829516,0.26630493814125555,-0.13667487557573504,-0.1392260477068592,0.0093696987080610396,0.99021629777844389,-5.233092181687697,6.5161432971497861,-2.2391986163324349,0.3115398267659863,0.2633252813932304,0.9650655021834061,True,5
-0.17737857802937332,-0.96592469518451174,-0.18848427862552616,0.97368373909052974,-0.14439708037536395,-0.17632203325096713,0.14309722669207123,-0.21479982870518799,0.9661181176757111,7.1336682225290593,-10.977989648789199,-5.5081634750447668,,0.1194610059328581,0.2758620689655172,False,1
-0.96790545228189362,-0.24248711712314139,-0.066022976851181234,0.25109681782518606,-0.92216324263047433,-0.29421988719207071,0.01046056982429908,-0.30135519237364639,0.95345457390921062,1.3135773584498434,-14.353300691159161,-5.5569763702879014,,0.2413124322073361,0.3783783783783784,False,3
-0.9891066655105073,-0.13869190685568036,-0.049320981492885739,0.14665658838041257,-0.89971081912992135,-0.41111103977536922,0.012643153376611498,-0.41386591658809302,0.91025005012875149,5.2678904639691826,-5.1573804450939225,-4.4687718876862457,,0.2983394518450227,0.2145593869731801,False,5
-0.20972055827776004,0.97196458896292404,0.10631145393511768,-0.96753244921252879,-0.19060986281532116,-0.16597843208781676,-0.14106114687067534,-0.13766887084471355,0.98038208615002331,-6.3753276052539443,3.2490866545600947,-2.638280683656725,,0.4567071310354592,0.21875,False,5
0.10330346993130572,0.99246826150868706,0.065841802816120204,-0.98453194664376809,0.11144616681549049,-0.13519096841123168,-0.14151056193084882,-0.050857662156836209,0.98862948522788741,8.2298802883124687,-15.770430224063137,-6.2540389965432732,,0.120102235386076,0.3571428571428572,False,3
0.093996360729078091,0.99556622143260531,0.0035472400669832403,-0.98502414704626606,0.09351714260449806,-0.14485155772329675,-0.14454104574640605,0.01012140215057937,0.9894470391653315,9.4263501435263812,5.5818914875766978,-3.1699214154630857,0.3003702065814592,0.2859863440812805,0.9959016393442623,True,5
0.019146742602976351,0.99284159311210052,0.11789390668869645,-0.98904110111869714,0.036073501737781052,-0.14316564801058546,-0.1463936560975643,-0.11386076347452617,0.98265183254059407,-8.7362570979035699,-2.9960015387044998,-3.3507730402233218,,0.208061247727023,0.2647058823529412,False,5
0.30468423145460927,-0.95045029191780783,-0.061739466277811982,0.94151134274781711,0.31034790648423977,-0.13130334503756114,0.14395801672750783,-0.018122349025567627,0.98941784392928711,12.457990222571659,-11.913566401511359,-5.9839120392824565,,0.1565172829355116,0.3636363636363636,False,1
-0.8544389676697709,0.51950864417714127,0.0066947107961272722,-0.5132107051465794,-0.84193352199775595,-0.16662147718527792,-0.080924796263976417,-0.14580368020623413,0.98599820699023166,14.341802998293433,20.588818145111286,-1.2455643706032695,0.2100946010613947,0.2131811772883664,0.4117647058823529,True,5
-0.88165104048673537,-0.45431331938052044,-0.12763561666757028,0.47158526647112126,-0.83831371898021334,-0.27356433432910454,0.017285232310254299,-0.30137935629869811,0.95334763037465187,-3.8530402857280435,2.086412979104781,-2.9788474846058,,0.2625726291040259,0.4210526315789473,False,2
-0.54519590948751018,-0.83706707367592137,-0.045608490938818948,0.83005241163904009,-0.53141008396721445,-0.16916357938448787,0.11736445036850197,-0.13008472940967244,0.98453214724767213,-33.562963912233521,11.830625888274898,-0.82966059456350394,,0.2362818215965508,0.8636363636363636,False,1
0.77482654691516228,0.63207771357985043,0.011026612861373356,-0.62652492588772934,0.77011261421472366,-0.11997115765357694,-0.084322828681806627,0.086048390008370917,0.99271614026370414,-6.4287001092379104,-25.549098641116462,-6.6880560601954588,,0.2091004208753273,0.8620689655172413,False,1
0.83386416735234636,0.54946274965733632,0.052547475151306526,-0.54727808347704554,0.83540741762806325,-0.050804979260920091,-0.071813994120016905,0.013606370236395595,0.99732523127489381,26.759117388003908,13.587229513669897,-2.9358724985582629,,0.1416695907663507,0.4444444444444444,False,1
-0.91498536565096089,-0.40155879230306368,-0.039399453913497078,0.40086574457894281,-0.8935843735275032,-0.20202381594908292,0.045917703206352155,-0.20064272653541187,0.97858778902083643,-15.726477673134033,-13.697322901106117,-4.6862620636012204,,0.1274347499249924,0.875,False,2
-0.51990499379459798,0.85370984247203818,0.029636165302009874,-0.84397300913174544,-0.50799799149868829,-0.17218478588541686,-0.13194073398517661,-0.11453185364634484,0.98461875729430781,-16.710350813963473,-13.117578619905164,-4.5649895432860408,,0.1200524546841193,0.3703703703703703,False,1
-0.42424521280869371,0.90400702886825146,0.052794802449697552,-0.8964066710187466,-0.41098564413698896,-0.16596951667819315,-0.12833970376307907,-0.11773738603392186,0.98471662338355248,18.171581840214099,18.797746656973917,-1.710046895091174,0.2672990474042048,0.2500358087275066,0.5151515151515151,True,3
-0.99331342359940988,-0.10326334871129719,-0.051624832301408193,0.1153160752282948,-0.86600629615372482,-0.48655451679750095,0.0055358189242173585,-0.48925430589319951,0.87212360297941838,-17.324304266024228,1.0353154152650739,-2.439158728837362,,0.1943425949988583,0.2222222222222222,False,1
0.66181325454130835,0.74266331563384658,0.10224683723804442,-0.73971784532637397,0.66907475828072205,-0.07180861464546133,-0.12174040175368445,-0.028109917170547311,0.99216385095281356,13.034467507986237,1.6745437772094516,-4.1906641530190738,,0.3499717781941298,0.46875,False,4
-0.37616972382853409,-0.91949853271996207,-0.11409990009022995,0.91705378799365889,-0.35189399432238205,-0.18757123096658462,0.13232040205971596,-0.17519436373832192,0.97560147914662332,-27.629853980897952,2.8137286809644015,-1.9698847519546838,,0.1700933128834136,0.25,False,1
-0.41906706611475564,0.83404439189800839,0.35882132941263772,-0.89645473745761917,-0.31737624410981813,-0.30925915243455027,-0.14405449589569325,-0.4512674063326832,0.88068497784055066,8.754148976251825,8.1994292735680556,-2.7360340219385564,,0.4839814595562638,0.2948717948717949,False,4
0.65677725608120441,-0.74809509087361037,-0.094854472246954133,0.74292623250747425,0.66347840424824978,-0.088639833869685561,0.12924491845598318,-0.012253248834488452,0.99153699323137012,0.96229576979069154,-18.375712528958346,-6.056025217482973,,0.1941346376461695,0.3243243243243243,False,2
0.082753445287159819,-0.99161449366285603,-0.099260078837687074,0.98553156975199652,0.096213362698159374,-0.13953678318091989,0.14791684256794976,-0.086276791758104099,0.98522937577432113,9.8208800806682657,-15.543499789162295,-6.2890622333227055,,0.2655648707759974,0.6071428571428571,False,1
-0.97879895086079671,0.20477154142638163,-0.0046075607067907597,-0.2009180023243709,-0.96426509069130195,-0.17269855591775685,-0.039806659440188498,-0.16811142345467844,0.98496394815660848,-14.235945034323898,-13.821333864019719,-4.7392052260025324,0.1532654952649805,0.1850386934680225,0.8392857142857143,True,4
0.24547786616371106,0.92233314125576826,0.29839938633478924,-0.95865155759788134,0.27668442874968147,-0.066580162230345352,-0.14397155392252975,-0.26971708034295883,0.95211600565918575,-0.17891648594979731,24.121425554319831,-0.0066697177246953536,,0.2810287612843675,0.1818181818181818,False,3
-0.7972121490250127,0.60188871285676271,0.046720089710429027,-0.59571077523013571,-0.7717556289710864,-0.22253521390142705,-0.097884941240376555,-0.20523943696831867,0.97380455523236087,14.347399629979137,-26.162628616292317,-8.0003536069027561,,0.2342238648049788,0.375,False,3
-0.89249558136194951,-0.44951102224786832,-0.037302521725359854,0.44753391759904965,-0.87217790978274923,-0.19753249425206096,0.056258597990365186,-0.19299102197944323,0.97958635943314754,1.4296608287125481,17.006585809437365,-1.0774746905981292,,0.09954869520841242,0.3461538461538461,False,2
-0.51797991208314809,0.85512762014035915,0.02129704090759748,-0.84475344379152817,-0.50746412006754249,-0.16991699752063935,-0.13449323358700324,-0.10600434008643529,0.98522822229275997,-20.781595409780937,0.18255276748402033,-2.4688243581686509,,0.1417811887597848,0.2608695652173913,False,3
-0.89346148116203628,-0.4403828451010704,-0.088258322102940309,0.44564005657210459,-0.84473189547966054,-0.29636626788106391,0.0559600005195778,-0.30412328832239371,0.95098764652429779,-3.8891142585096254,19.105622884505223,-0.53425130847675273,,0.3025522921977372,0.5652173913043478,False,1
0.70844729630610348,0.64320843606988132,0.29049154226088814,-0.69998374412395992,0.69293567170823822,0.17280889108045136,-0.090139815391283046,-0.32576534905172166,0.94114385246806731,0.4307584728834668,-19.545513034458867,-6.1778146608957369,,0.2932726283258731,0.15,False,2
-0.17775537059587723,-0.97218735078944196,-0.15249519070885736,0.97425233484358731,-0.15201542367514173,-0.16650435134460351,0.13869180320459587,-0.17816583827960855,0.97417735438367881,13.773341793222022,5.1763125154466589,-3.5627141402207658,,0.4769393560001786,0.3461538461538461,False,2
-0.8785395703631147,0.47721500135770334,0.020834245495384991,-0.473018265551921,-0.86308490165053231,-0.17702591052482736,-0.066497697407106732,-0.16537924604393092,0.98398565092052792,-7.9522873233399451,-13.621097035059551,-4.8942604397139613,0.1520182978994469,0.190077083820711,0.4468085106382979,True,3
-0.87910131425553917,0.4688673457922235,0.085698840855286965,-0.46981049377132966,-0.82207603638931726,-0.3216661162397581,-0.080367774739155004,-0.32303932027569932,0.94296692324773046,2.8901729513367083,-14.635458040853758,-5.6603349375641816,,0.2529219029890566,0.2727272727272727,False,1
-0.70906547607769066,0.70475389428787616,0.023411516840895773,-0.6948861528634529,-0.69272456112976555,-0.19304382136241593,-0.11983065214438407,-0.15314904796846612,0.98091079304542517,14.093095397493924,4.3289018474362768,-3.8215692709280997,,0.1829012371347019,0.36,False,2
-0.03131609546878529,0.99093451762638773,0.13064487720974238,-0.98848271927407838,-0.011342878473406696,-0.15090809389976911,-0.14805815026912209,-0.13386605575909172,0.9798768612710429,11.611131812805418,8.7215972714834535,-2.9291764367384721,,0.1301771273928113,0.1666666666666667,False,2
-0.0067881520335091993,0.99962718644623139,0.026446343973447858,-0.98905807767736154,-0.0028140944933106476,-0.14749983001124312,-0.14737041756449243,-0.027158221403005715,0.98870844592179619,-10.965683484788583,14.428572440685651,-0.90051366426174795,,0.3656421731594987,0.8133333333333334,True,2
-0.53781577719572871,0.84007742242893035,0.070880985634501223,-0.83614842403093403,-0.52077106169021015,-0.17220137716242573,-0.10774972292279499,-0.1518796419248323,0.98250830611188489,-8.0641386244209166,-15.623525634263745,-5.1689643089428294,,0.3104371475884559,0.18,False,2
-0.41525616218717548,0.90943686216067088,0.022066116761471619,-0.89903443025055252,-0.40656057433793413,-0.16262100915340866,-0.1389223271819259,-0.087367574862541847,0.98644183501765359,-22.562750457522128,-3.6023555509964913,-2.9128002459255482,,0.2209873305186885,0.9142857142857143,False,1
-0.62112246087042189,-0.77640421952740957,-0.10678659327043617,0.77062756753193074,-0.58025938385286535,-0.26349990438425724,0.14261851479415652,-0.24595840166728852,0.95873063155778127,1.3163658893943511,-12.26283214916643,-5.287613495428805,,0.4468180064192925,0.3538461538461539,False,2
-0.95687638148267584,0.29040165194359846,-0.0073804545285905063,-0.28489135280952632,-0.94308029589281073,-0.17157060527108181,-0.056784748436331814,-0.16206923226558603,0.9851441804618577,-11.299990396214696,-7.5448450190459369,-3.8713300873754402,,0.08118600444635002,0.4117647058823529,False,2
0.53845994147320597,0.84263224238661283,0.0056387515621726201,-0.83428116053643686,0.53404036982854775,-0.13702491951234111,-0.1184729361611631,0.069078125943719981,0.99055155136593309,-12.365026439137928,7.507037014207854,-1.7688633204842612,,0.2522053064384523,0.9836065573770492,True,2
0.99062315200425832,-0.13305118552516568,-0.031034702245972448,0.13297950740896844,0.99110914666672667,-0.0043714989215022371,0.03134041037408955,0.00020352862334833792,0.99950874796255973,-16.905628532434548,14.443947515070501,-0.74848419372648989,,0.1608547489113193,0.2333333333333333,False,2
0.63005808735706836,0.76028824597019984,0.15807779602306637,-0.76644134721392942,0.64157273343975652,-0.030855939258694537,-0.12487781162740681,-0.10171632487558882,0.9869444368438145,-7.1164286438090967,17.263651897693215,-0.68273577377418027,,0.2697779881866891,0.1777777777777778,False,2
0.62453762921594924,0.78092429022972665,0.010488213504671108,-0.77346027836428066,0.62031767862356491,-0.13025043331874875,-0.10822175144568409,0.07323408029237452,0.99142565127081494,8.875242459995377,-2.116832039804847,-4.2687741581953773,,0.2410259692658898,0.7738095238095238,True,2
0.69719325055645998,0.6843695502129713,0.21344762851765828,-0.7101932757168995,0.69994312496037447,0.07553233047645988,-0.097709173085318568,-0.20424970149794761,0.97403027516242158,12.773157526812842,5.4309603479633779,-3.3777627229011018,,0.2742988152746196,0.4047619047619048,False,1
-0.98888360448206891,0.14774860288698691,-0.016720261107271386,-0.14119325089801216,-0.96831788988507739,-0.20597312938673112,-0.046622770052870639,-0.2013226625928029,0.97841479079127935,18.066239045439676,4.2792075729325099,-4.2455909518187172,,0.2108416952573516,0.1666666666666667,False,2
-0.16944743045761174,0.98256844502248952,0.076464496057972356,-0.97644535777109565,-0.15686222077696851,-0.14815096010554374,-0.13357406783724773,-0.099767201719825921,0.98600429708110615,25.564970735838472,7.1014910189283649,-4.1543315902454108,0.3502991869744411,0.2945162373096034,0.9848484848484849,True,2
-0.77665291309483386,0.62186297942325763,0.10048227407924799,-0.62164784460470823,-0.73084991343099459,-0.28180198958883867,-0.10180476354094924,-0.2813269252324358,0.95419649509921967,-17.118583259292802,-8.2561775957377588,-3.8290415135735101,,0.2350758008204007,0.3333333333333333,False,1
-0.85437814197778106,-0.51664403807715376,-0.055829458441993551,0.51533899351708334,-0.82857022723795071,-0.21885406163845722,0.066811019086624554,-0.21575522346905676,0.97415910983495091,18.592596793687353,-32.807877473909173,-9.1157304065525153,,0.2727058768518669,0.9444444444444444,False,1
0.20798335001661189,0.97716819304797653,0.043419449688125805,-0.96779237821426634,0.21201930170804142,-0.13574140257713771,-0.14184794248152349,-0.013789060830479323,0.98979241410266006,-18.822688211160887,-3.6203132870869705,-3.0029336616939206,,0.1841473848018951,0.6,True,2
-0.99989267663582737,-0.0082692643675972115,-0.012093571716408359,0.010553314455387965,-0.97911049306205322,-0.20305484463511084,-0.010161828774724784,-0.20316067937128507,0.97909267977722692,7.7100390171114137,18.016839365358344,-1.2103997164753888,,0.2305365040536624,0.8333333333333334,False,1
-0.32811337867363499,0.94182109531412395,0.072901544268113488,-0.9337405117519435,-0.31167209844806393,-0.17603738171819902,-0.14307434238391736,-0.12583134534083396,0.98168029677748225,4.0265476330686116,20.01318173311282,-0.70383573005817335,,0.1232620342536111,0.4444444444444444,False,1
-0.62914711256713896,0.73361641488995022,0.25686741045225531,-0.76767653197554298,-0.5346550859046314,-0.35329404377984269,-0.12184684239829063,-0.41946501036478229,0.89955680869928334,-7.4319422734272864,5.0403056244944686,-2.3167955426829119,,0.4649144522660932,0.217948717948718,False,1
