axis_00,axis_01,axis_02,axis_10,axis_11,axis_12,axis_20,axis_21,axis_22,location_x,location_y,location_z,dbh,dbh_approximation,score,reconstructed,number_clusters
0.82980131162041559,-0.55802091757857475,0.006514505184735184,0.55799018902937603,0.82945930980782057,-0.025381141032154015,0.0087596906336838906,0.024696334098367401,0.99965662049630977,-2.8975601999849658,-3.3566248155095164,-2.0064859158128132,,0.2137719847095049,0.9053627760252366,False,5
0.45578277236917819,-0.89006748190164198,-0.0064762699708931391,0.88939926781169187,0.45570328940748217,-0.036103385426126768,0.035085706883184006,0.010695311331169837,0.99932707533021281,-10.118798563702065,0.40160641275986431,-1.9322047843749439,0.1890915378763118,0.1563969980572752,0.7431693989071039,True,5
-0.5785995008689846,-0.79664511709456354,-0.17486902242407498,0.81386368077168691,-0.54990319008932365,-0.18770293191729104,0.05337159089744288,-0.25092436896199383,0.96653423857931786,7.4639271184576828,-18.759477621705482,-2.3421809214296365,,0.5049213958630889,0.2358490566037736,False,5
0.52353002225549494,-0.76600145089783034,-0.37303899664724022,0.85142740358739255,0.48651224552523115,0.19590102443435289,0.031427570978242322,-0.42017569203419686,0.90689839320951016,-3.9761744224840219,5.2283688606001473,-1.8039654059985257,,0.5443223951954856,0.1514084507042253,False,1
0.90113321635362498,-0.43344625302589135,0.0091253559922699901,0.43353291551443018,0.90077558036316208,-0.025545351572581983,0.00285263908140726,0.026975907013920841,0.99963201373857946,14.950521889528094,13.792354723207255,-1.6996067709066707,0.3017377013214273,0.2849509945754055,0.9487179487179487,True,5
0.95232330047641001,0.30311572573267986,0.034658161856444811,-0.30238881319540301,0.95286441902882169,-0.024706367663858197,-0.040513417826596947,0.013048209165124582,0.9990937930012328,-21.922768804353975,-12.547610487642949,-2.431439242074104,,0.1632290122570261,0.7567567567567568,False,3
0.19957824383590017,-0.88577615139482513,-0.41900970657915693,0.97881418545169785,0.20017118905550221,0.043061414638134551,0.045730897059963284,-0.41872676615220056,0.9069600764983059,-4.2690801644728991,-18.398673981011125,-2.3764561226824963,,0.1142648743034289,0.25,False,1
0.4608185307537368,-0.88740317856367557,-0.012723222432026986,0.88686428882780721,0.46098415878808729,-0.031069897785315621,0.03343673004223921,0.0030338130343203137,0.99943623161388229,1.3449163103560937,6.569795522968751,-1.7778502773727838,0.2752566095790202,0.2472535712181062,1.0,True,5
-0.051454713956580286,-0.99867247350111588,0.0023881128134217618,0.99731067832326503,-0.051509223294168092,-0.052136463420727835,0.052190260720136925,-0.00030097640215511444,0.99863711432089775,3.2060379544316251,-0.02647973632378077,-1.8663924380424055,,0.2967760203897223,0.9845454545454545,False,3
0.90911231455276775,-0.40472577206939109,-0.098548713595582899,0.41647047320118069,0.87847903415303819,0.23415151399281942,-0.0081941735454886463,-0.25391265422656695,0.9671924418354011,-10.474871620532983,-15.693271715802721,-2.3747527243804334,,0.3869817847345081,0.2291666666666667,False,2
0.95720056621597172,-0.28938839136894362,0.0046297922974717857,0.28926942753287432,0.95708737228872487,0.017520276831913949,-0.0095012804729559946,-0.015431161536282817,0.99983578897887759,3.8529158231402727,-20.512474337592607,-2.3836128512734218,0.3381563975804774,0.27936194750896,0.8867924528301887,True,5
0.65104296016443874,-0.75898010283380046,0.0096055985090861967,0.75867393290385376,0.65028265772415161,-0.039323384841740645,0.023599312543437712,0.032888730069836086,0.99918036604102145,19.784512445456013,-3.1836403229715562,-2.0096708796456362,0.29850358625481,0.2868223670812153,0.9846153846153847,True,1
0.74765973887875847,0.63867439975268414,0.18193385050697802,-0.66153676719672416,0.7402616825164231,0.11992392190410588,-0.05808631944489448,-0.21001821944417864,0.975970453955878,-20.462536621811928,-13.759284787313755,-2.4160623062092621,,0.2644341826617201,0.2857142857142857,False,5
0.66461028474473938,-0.747183919161856,0.0030594701253426997,0.74687038141763418,0.6642004722421021,-0.03197445909548835,0.02185870015798419,0.023535581983462055,0.99948400367795065,-1.1420993736601204,18.16069591621121,-1.7017544785666288,0.3100246728672217,0.2208574447357386,0.847457627118644,True,3
0.94302318638686378,-0.33254795405775817,0.010914586055626853,0.33272542451151293,0.94261274419841912,-0.027838936013422588,-0.0010304466992757041,0.029884322423723679,0.99955283274716145,10.679183020674975,4.354769229967224,-1.7383405727125769,0.2841324658843516,0.2512156573144491,0.9693486590038314,True,5
0.36022213843552719,-0.93286368726445412,-0.0023134312834935337,0.93202613863897221,0.3600017512025106,-0.041545349015916604,0.039588986785020958,0.012809376038402707,0.99913394097630526,4.5471916605330032,5.0825259031642105,-1.7620325348879309,0.2879660919305669,0.2587616162856437,0.9967845659163987,True,5
0.7721241634217102,0.58408259531843953,0.25034336042004568,-0.61575935937371606,0.78503008885106196,0.067588245591713864,-0.15704995257559354,-0.2063377848203537,0.96579502532961636,-9.1859685951335752,-17.52913582920262,-2.4122483540481343,,0.3617495631238517,0.4285714285714285,False,2
0.32339085673637591,-0.94561376181737644,-0.035113633262624962,0.9453680231213859,0.32447738263147829,-0.031523467769073665,0.041202604758380737,-0.023000904812954831,0.99888603140644106,14.236370228529736,-8.333304476065555,-2.0083895630811641,0.309284586075494,0.2631794884883848,1.0,True,5
0.27417936212550609,-0.96167085019449494,0.0038539941162543719,0.96071600215726394,0.27372346667207026,-0.045828233568276741,0.043016747708481677,0.016267749666794343,0.9989419000809624,6.9065131145204077,-24.929252881161407,-2.5027535346275167,,0.2471056478044467,0.9761904761904762,False,1
0.8410320284259829,-0.53973677189789737,-0.036733421061929367,0.54072042581029134,0.84080476462437859,0.02586056643772891,0.016927736801272825,-0.041612075725443204,0.9989904338283756,26.696267645024498,4.4158698030462817,-1.9089292391059258,0.2906514260824271,0.1874385000916916,0.3478260869565217,True,2
0.63354590930552035,-0.77365962062325744,0.0083888151320318013,0.77330843476239952,0.63283673767188231,-0.038880948781349872,0.02477186968256391,0.031120007549604301,0.99920863667331428,-20.319947040366689,5.9423028605355022,-1.8275739646116991,0.3141671529459686,0.257097035346986,0.8222222222222222,True,1
0.081593675721983894,-0.99630617777586961,-0.026766998483449364,0.99496058903156304,0.082994988509615425,-0.056260627051735818,0.0582743370287594,-0.022041597218124914,0.99805724767466752,-24.094929283300981,-11.811901899625862,-2.4556479361844059,,0.1903492528876001,0.7777777777777778,True,4
0.98835622877392248,0.14323387229224271,0.051342213352743762,-0.14481484437017564,0.98904811777223001,0.028504062539418118,-0.046697172225210345,-0.035607282392493271,0.99827425868184649,-0.45499496740083417,-19.343221167616537,-2.3872579882121188,0.2019009090342672,0.1743892870174109,0.9534883720930233,True,5
0.33359634373975822,-0.94271497148716488,-0.0014007060430184012,0.94184491964200945,0.33335158378853891,-0.042483749013112103,0.040516993817426204,0.012853175468603015,0.99909617609736234,7.4679491862579841,-6.1359945852924822,-2.0176419911307861,0.2878520857141535,0.2371502382096984,0.9467680608365019,True,5
0.025303811543828769,-0.99965377502073216,-0.0072143751048498175,0.99835393767251646,0.025641152972471007,-0.051302499042676468,0.051469721731673287,-0.0059043510262700456,0.99865710150372577,7.5847231894761817,-1.7291813204995441,-1.9203886193900899,0.25485861721387,0.2280772142371947,0.9955947136563876,True,5
-0.9357537517062211,0.35050699771168381,0.038855639524709426,-0.35216365013232587,-0.92295413060214615,-0.15535905615674434,-0.018592463344302746,-0.15906136350345843,0.9870936140747808,-9.1143417194095449,-17.89024261843738,-2.4155868177863224,,0.2123373355140312,0.1578947368421053,False,2
0.29828404369920197,-0.95447661731030231,0.0010081082951216239,0.95361644465797923,0.29797005432202495,-0.042772926077184005,0.040525371711154348,0.013719829999373599,0.99908431101306971,2.4105224961682956,17.678863981902598,-1.6972282773101288,0.3259707992971875,0.2697126798447839,1.0,True,4
0.78101504635444696,-0.62439456187406805,0.012121405448631668,0.62443532517901279,0.78046723911477933,-0.030844988849624819,0.0097990834540876027,0.031659434149135121,0.99945067821919831,-4.6882984187056458,12.461089819884005,-1.6892007853256061,0.4266126761830327,0.2080242325424086,0.9560439560439561,True,5
0.41023992421464295,-0.89388432615051527,-0.18075955311630382,0.91012256924936108,0.41391867101664165,0.018661262732244693,0.058138743736932195,-0.17216894390760221,0.98335026375673218,-4.3574249669963327,12.10085896584472,-1.6912426193344423,,0.3958538468536351,0.18,False,4
0.89552908272333198,-0.44495529712021314,0.0065150258150734261,0.44498659114849953,0.89527441275482655,-0.021694689777442263,0.0038204312251802833,0.02232732476505413,0.99974341451899051,-10.358971348855555,10.219465097857009,-1.7447138383983356,0.2933839293504746,0.2604203258714697,1.0,True,5
0.14775641226219127,-0.98877658799403967,-0.022111120963689848,0.98804290448329801,0.14856842035838558,-0.041214601446855306,0.04403704730808438,-0.015757014535742207,0.99890562865433219,17.418053864800999,-4.7974025690535891,-1.9509089004000226,0.3153313723794209,0.2689002753995871,1.0,True,5
0.8712659997387997,0.48820279597100802,0.050533035780955554,-0.488516170553428,0.87252839809675908,-0.0067930569346387262,-0.04740789814960425,-0.018767645584711147,0.99869928740949987,-13.93885082581426,-14.741634126305661,-2.4018767231948503,,0.1513503411071516,0.5405405405405406,False,4
0.78338702481218181,-0.62152933297516544,-0.002461220706191522,0.62138551015864296,0.7831068518140637,0.024974114734056176,-0.01359474607345797,-0.021093764322960163,0.99968506840198734,-6.9232145819689297,-21.525748347125603,-2.5068043841384777,0.241229601104114,0.2507982291075411,0.8823529411764706,True,5
0.97620347617751257,0.21498992616195392,0.028391983865507821,-0.21420209009678015,0.97637646902171638,-0.028398157314470669,-0.03382658269929964,0.021640757601436265,0.99919339465056745,15.287398241946724,10.784564960797809,-1.7183733892878756,0.261067086938316,0.2479994978884357,0.9320388349514563,True,5
0.87720317267820369,-0.47985070479190628,0.01605910813231292,0.4801147335926928,0.87655716337310396,-0.03372509342487956,0.0021062835783391912,0.037293973373854823,0.99930211804012481,8.0565667189212711,10.832561619717268,-1.737726698409964,0.2550775119173399,0.2260266368834946,1.0,True,5
0.62926249591716044,-0.77700184121220417,-0.017229335011856202,0.77678963618969998,0.62949547019994878,-0.018256892014243714,0.025031427054400611,-0.0018951914390771697,0.99968486830052106,14.006847892703219,2.6262302403363584,-1.7608676078539387,0.2696848590380803,0.2545955826316896,0.9454545454545454,True,5
0.44734754784996406,-0.88867037640670299,-0.10072305361630718,0.89379058680314427,0.44823727266249902,0.014890746729975805,0.031914861345707701,-0.096686656231633319,0.99480306198364254,23.131823615444624,-4.9561323167716411,-2.0467377511084468,,0.152153714257343,0.2941176470588235,False,2
0.1951104401786066,-0.9595786122972535,-0.20283195743025081,0.97950473649230263,0.20119203857060911,-0.0096038953007059405,0.050023867527958711,-0.19680104277538593,0.97916646298781373,4.5564870505510955,-17.915278150229764,-2.2917409734947003,,0.263500778224009,0.2564102564102564,False,6
0.39963434423987337,-0.91662680461150758,-0.0093643991619645293,0.91593015224410101,0.39970057611886378,-0.036213335393852845,0.036937069646436352,0.0058949569927682702,0.99930020632840311,3.4508499464267963,-4.949182813436777,-1.9669555758816577,0.2598195496149535,0.2301866187133165,0.9953775038520801,True,5
0.59219129871281095,-0.805764400186467,-0.0072936356488438152,0.80527131027947885,0.59210744448243202,-0.030771594519229589,0.029113271365591074,0.012349314986160992,0.99949983084028937,11.464655708715762,-0.17972342455542153,-1.8308885286011285,0.3007754534520757,0.2737982490543914,0.9956709956709957,True,5
0.96386331994378116,-0.26604627857267188,0.013670337398379431,0.26595156847057055,0.96395008530777015,0.0083663769451285327,-0.015403366352741477,-0.0044283961856117762,0.99987155455699805,-4.7523214206766173,-18.344446305807352,-2.3849840035681722,0.3109226328741386,0.2073887332952103,0.7884615384615384,True,5
0.96798481908765288,0.2488875221169598,0.03256365075239033,-0.24832070098482609,0.96846114688312324,-0.020489910693581834,-0.036636313655284795,0.011747693914390355,0.99925961201754054,-8.1437169059763566,-19.173783991176304,-2.4300799278058012,0.2350811862597906,0.2218425013316553,0.9305555555555556,True,5
0.79207847567053147,-0.61034606640942024,-0.0094534437109176309,0.6102904175566346,0.79213449445910278,-0.0082794279132553245,0.012541715113821066,0.00078861053127128166,0.99992103862026727,-10.874941488023845,-15.799613242855767,-2.3721703889729246,,0.2925765310545138,0.922077922077922,True,4
0.76373470309971614,-0.6208481327517551,-0.17679620849964359,0.64530708488951505,0.74147998243074276,0.18381023324587781,0.016972609480769833,-0.25447009984115365,0.9669316929412588,13.697246344550903,-20.926546041406038,-2.3664995376588438,,0.4007890706427025,0.253968253968254,False,2
0.38473807248461872,-0.92285652127395001,-0.017676445427846826,0.92229331472838605,0.38512504035326112,-0.032461437125074433,0.036764890699500986,-0.0038137166966824912,0.99931666571553335,-20.902002671639877,10.020877542510839,-1.7682468585139075,0.3225391078885163,0.2999890850363621,0.9152542372881356,True,5
-0.57269669031284975,0.81895607848784524,0.036461519613403735,-0.81924219638544049,-0.57017163167195395,-0.061208938057296963,-0.029338107748595989,-0.064924971654613861,0.99745878285239464,-18.708162315355732,2.6116769501412862,-1.8635057841030886,0.1702874389772031,0.1210960675979188,0.4285714285714285,True,5
0.33018870689465835,-0.93907018729751024,-0.095512308988185107,0.94082829546600821,0.33559620319314065,-0.047088287852462628,0.076272775547776075,-0.07431266198548872,0.99431388000916054,-7.1293902856711222,-2.6879467827692007,-2.017987280630245,,0.2155794897814124,0.2015503875968992,False,6
0.79623032554751882,-0.60498278229935021,0.0036196408427333817,0.60486232846311161,0.79591866484661067,-0.025593799150829367,0.012602868113106876,0.02256794341819857,0.99966587200183921,-3.9049018520272898,0.16697561809701023,-1.9232661967384843,,0.2063163053498402,0.8413547237076648,False,5
-0.97968796047636653,0.1919460166728604,0.058036426329320615,-0.20014594043530412,-0.91811477453640711,-0.34206265991076873,-0.012373464548152397,-0.34673042477028809,0.93788320696859206,-10.509475624014796,-15.261756017023425,-2.372897434340786,,0.2919925373699792,0.2571428571428571,False,3
0.20254782775581265,-0.97927030679754024,-0.002010894341395425,0.97821368372589079,0.20242388617543502,-0.046071241323165417,0.045523251672353188,0.0073645454907410139,0.99893613260652958,2.7115184320866486,-21.242255108763832,-2.4221065697669539,0.2708519743836776,0.2492630977972943,0.9583333333333334,True,2
0.36742852565720591,-0.93005122358567816,0.0010000200762169693,0.929230953696767,0.3670588796945789,-0.04239827271429554,0.039065499167001597,0.016507584442964775,0.99910028847493049,-9.2419039115186266,5.5044966587246043,-1.8150336493218735,0.2216078744014018,0.2102288229102759,0.946524064171123,True,5
-0.1754553286880722,0.98352483163756677,0.043523938094511327,-0.98357898070503014,-0.17322328526948827,-0.050656511483701122,-0.04228257738375657,-0.051697185539832227,0.99776729985355062,16.802628566121122,-0.55978339941914002,-1.8794953853235825,0.2174285178334105,0.2389354462133885,0.9557522123893806,True,5
0.99217244684717154,-0.10781189324823902,0.063011359226146313,0.096715904720834384,0.98262882231936266,0.15838759838223715,-0.078992844557761149,-0.15105361042190513,0.98536436777832637,-19.485816425438177,-13.019822829131103,-2.4093908659096051,,0.3309692951902525,0.4444444444444444,False,4
0.92465002522328421,-0.38055503405051222,0.014149095850766716,0.38069262276993904,0.92466066427026561,-0.0087053385814403056,-0.0097702519479123517,0.013435847948157638,0.99986200056147245,7.2735970686646061,19.46616774325766,-1.9111682878888567,0.3422277538246051,0.3251699681193052,0.9841269841269841,True,5
0.66850795677607722,-0.74370418376099401,0.0010948897058085782,0.74332547774667057,0.66811906729946302,-0.032926373070534171,0.023755964719590981,0.022825401799079728,0.99945718025984098,-4.3634835052108771,5.5557107663118233,-1.7977249288223236,0.4538132563363013,0.2751010601689668,0.9826589595375722,True,5
0.64561907487982706,-0.74912571960878138,-0.14827901527844084,0.76365876406714506,0.63304085786536235,0.12682493578365955,-0.0011411462479760971,-0.19511516725696695,0.98077967418351863,-12.687941241564985,4.9744561980937725,-1.7987905863750357,,0.2736666710963864,0.2686567164179104,False,6
0.85679155527571615,-0.51559133855145256,-0.008590833425332213,0.51561732152752293,0.85637541042650889,0.027566903301117038,-0.0068562780722167434,-0.028048672473958241,0.99958304478589799,12.156609093640407,-24.1420569636179,-2.452451211336963,0.2258120661108401,0.2368928093140563,1.0,True,5
-0.03844206346295298,-0.99917991791230698,-0.012716107795450928,0.99841317693956833,-0.037882299354678767,-0.04166604743721878,0.041150162455916926,-0.014297658422194149,0.99905066993295877,22.884064137987885,-9.9485054455735717,-2.1741940686363352,0.1786117383633773,0.2399749797084558,0.9047619047619048,True,4
0.46690090360581349,-0.88429130534733091,0.0056950416317378422,0.88363420790040137,0.46628294935264558,-0.042080848033606802,0.034556227229028021,0.024679919572610419,0.99909797754253526,-11.470386273446259,3.132608661408407,-1.8288565519927,0.2219776917892207,0.1898451129839769,0.957983193277311,True,5
0.65589416768463316,-0.75485048653624165,0.0018930856503720402,0.75448283909157043,0.65549207848321034,-0.032951184532323291,0.023632315028460631,0.023040790389187171,0.99945516941213319,-6.4213097985621337,-1.9210143337476389,-1.9946437700809467,0.2887175075281981,0.2444618539591622,0.9695817490494296,True,5
0.22011167963463271,-0.97540681326778478,-0.011506394709429015,0.97447213361149898,0.22040481313028429,-0.042729137174314966,0.044214356300615536,-0.0018074788498962588,0.99902043208191349,1.4808406631302047,13.246078915461029,-1.6752446445032398,0.2961609637210815,0.2486974356225398,0.9900990099009901,True,5
0.58256083189192109,-0.8123250041726614,-0.02740373590005131,0.81223248249242286,0.58307765634128939,-0.017287019978786948,0.030021184679998536,-0.012187463699891021,0.99947495926560104,-13.797637665275317,-18.248966286964063,-2.4871173911669975,0.2334657367678695,0.2035146028111211,0.6829268292682927,True,4
0.5074215970919812,0.86035221762860825,0.048139219210124581,-0.8596141062428958,0.50928682587974239,-0.041115901225268384,-0.059890826950811903,-0.020518055630940245,0.99799403717671342,23.966693490377196,-0.69754708352600236,-1.9219324831756701,0.2499615452468101,0.2178523567260923,0.9111111111111111,True,2
-0.039816092345274966,-0.99916930175131735,-0.0086824667081102161,0.99749559402915211,-0.039238038460424333,-0.058846548158812247,0.058456981471691531,-0.011003761882336672,0.998229281548911,7.7271318819128885,-21.256040244963295,-2.3844826003867099,,0.208239763276227,0.9534883720930233,False,5
0.9620748800142469,-0.2721642000240056,0.018400366052485538,0.27260931344510775,0.9616876390382405,-0.02900081281692014,-0.0098024215660912056,0.032917064667860832,0.99941001565178067,6.2171556775122276,14.501028132935714,-1.7308985082131894,0.2245685693329891,0.227871062771844,0.9512195121951219,True,5
0.2977966479400484,-0.95393624207200756,-0.036370352448215508,0.95364207428553704,0.29900494727000138,-0.03410037625074732,0.043404500089849481,-0.024529320610245299,0.99875640764019658,-13.194279432880238,3.968582386481287,-1.8159879771889615,0.1611659908796615,0.1382384260979575,0.6571428571428571,True,5
0.30422526201680916,0.95114602295448392,0.052613999740295674,-0.95175329613812698,0.30581920757427433,-0.025303667102882101,-0.040157854038960841,-0.042377532921476557,0.99829429100965728,-8.5962123897358627,17.359566445143546,-1.6277398923775184,0.2481736428221933,0.1947088307529994,0.2,True,3
-0.96912072403352323,-0.23815070023319815,-0.063947370760468539,0.24398635052707915,-0.88853309259333046,-0.38856094003773661,0.03571670484824524,-0.39216474515816641,0.91920135424716032,-23.123547239484171,-9.4752695375405196,-2.3876454620573142,,0.4725076296705215,0.3650793650793651,False,1
-0.022082084696437392,-0.99520082545529776,-0.095329421211679602,0.99794561556554839,-0.016205664905264514,-0.06198326224456023,0.060140917094429237,-0.096502297579242891,0.99351415523532893,20.426429497105214,20.354286674980326,-1.8554128161837937,,0.2031939867687786,0.7575757575757576,False,2
-0.73745977045461697,-0.67516237814094804,-0.017574131673644251,0.67327492687186941,-0.7328420453390061,-0.098200862669434036,0.053422465374617263,-0.084251407860055624,0.99501142730467984,-18.33523302318677,17.737535438162841,-1.5390468591399422,0.290306262666805,0.1966173976387753,0.9782608695652174,True,2
0.83595687558071297,0.54785526137747087,0.032104746539344697,-0.54667063879572975,0.83643710868812282,-0.039040695282266953,-0.04824225168875907,0.015085615349624005,0.99872173770351169,-7.39061190625966,14.477968556134304,-1.6761639321625641,0.2657825004150752,0.2398510998839081,0.8860759493670886,True,4
0.28225523845564077,-0.94374694640557266,-0.17226050480161231,0.95933293122816732,0.27700917566631506,0.054279311508542892,-0.0035081940542262993,-0.18057579501922624,0.98355481536498646,-14.99484897061696,10.069891739048165,-1.7066429926391284,,0.308448276998441,0.48,False,4
-0.88344808181300549,0.46772981114866341,0.027355264644242511,-0.46717911651008986,-0.87497101601424943,-0.12715893296125164,-0.035540960000720233,-0.12511812377840323,0.99150506567762897,-7.269069113004389,-20.054861202103098,-2.4488531041041952,,0.1413887233255985,0.5789473684210527,False,2
-0.96735736183691901,-0.25340792881396296,-0.0020386549819136138,0.25084197710743011,-0.95635643057688202,-0.1498688767392464,0.036028280846486842,-0.14548814147024283,0.9887037795370176,6.8276069630201182,-21.957655763787532,-2.4212046895479835,,0.1449288801190695,0.1538461538461539,False,1
0.436185182592083,-0.89972469153827417,0.015426144154308092,0.89913758431474378,0.43508713294167684,-0.047442504373605775,0.03597347578090275,0.034563943423022506,0.99875484622368271,-9.5311629396547666,23.21428296288224,-1.6964776285746672,,0.1367032634021933,0.65,False,1
0.97912306916293912,-0.2026078303587148,0.016373225408640144,0.20285905566063145,0.97908543772775691,-0.015489001450238873,-0.012892593587977763,0.01848709568274249,0.99974597189675851,-22.450002967700684,-10.770192297830132,-2.4444128515330208,0.2328631967683403,0.2180552247850514,0.9183673469387755,True,2
-0.86789157996941446,-0.49485464584270172,-0.04339452622265156,0.49459790261265485,-0.85269219125484086,-0.16819316782848714,0.046228996845669681,-0.1674362758213199,0.98479844302767405,-12.471403344703097,-19.885215361747672,-2.507325842534657,,0.1830882130808977,0.3478260869565217,False,1
-0.64197015362075138,-0.76217546327429853,-0.083443903568551858,0.76569837580647282,-0.63165606252867779,-0.12131206023350559,0.039753228139097575,-0.1417715833775455,0.98910085380569035,23.781285078716436,24.850629300433145,-1.7598486296698328,,0.2036544514956512,0.2,False,2
-0.40344029949448801,-0.90179402585349355,-0.15493049951106289,0.9132449935894984,-0.38634985339045008,-0.12929567846179688,0.056740694633714277,-0.19365259027476858,0.97942797992111574,-13.021048739687089,-15.194808550938347,-2.392896516808082,,0.2498427369052349,0.4827586206896552,False,1
0.97422965266493045,-0.22468504717665863,0.019829610273296473,0.22522359366398498,0.97380525268660489,-0.031267598197774818,-0.012284816866696521,0.034927917418592892,0.9993143268558452,22.734605503052734,7.683949056331838,-1.8946954790562132,0.3760628062256463,0.2870667232285753,0.975609756097561,True,3
0.3598724925884329,-0.9327807341267591,-0.020295100889938671,0.93245321291806349,0.36032153718306581,-0.026446087816796873,0.031981163158480624,-0.0094070124894762869,0.99944420220393193,-2.5135776055445604,-22.886894440160827,-2.4978256266193761,0.1549746137976034,0.2291048940680552,0.4736842105263158,True,2
-0.64013554137894479,-0.75933754040338086,-0.1167603888209984,0.76418065953445147,-0.61369349510656079,-0.19851502123866185,0.079084816854930851,-0.21630255152919284,0.97311808016549817,15.021394525492834,12.307092076829594,-1.6932319406822218,,0.227772785235852,0.3793103448275862,False,3
-0.21644045493695113,-0.96867420048028352,-0.12175312230316471,0.97490326837261265,-0.20778600292737981,-0.079928682610567833,0.052126258095931105,-0.13599731729466819,0.98933694103958847,-17.67113116612779,4.3191953987422318,-1.8412267977177788,,0.2012825756023037,0.3333333333333333,False,3
0.99098188986482505,-0.13350904821295143,-0.011411748560646813,0.13293930035337068,0.96892203691745893,0.20860783493742155,-0.016793938832087844,-0.20824365637635653,0.97793279073641359,24.83179159731759,-1.9321127680453352,-1.9868660577934367,,0.09841270484474618,0.1333333333333333,False,1
-0.19390630026052263,-0.9807883801985533,-0.021319005295135376,0.9798286071048995,-0.19255435798771905,-0.053466998408462654,0.048334743385573142,-0.031256559110614708,0.99834201559105784,-14.615904444890711,9.2519514355246706,-1.7149363113902767,0.3680203900974469,0.3124367324546024,0.6458333333333334,True,3
0.90358261999163336,-0.42767730376064633,-0.025111206603413427,0.42839911623516336,0.90248455400875949,0.044674679456510803,0.0035561296357716991,-0.051124882627101333,0.9986859367781139,-0.13743041673428277,-4.9665864727070685,-2.0478531773216728,,0.3921109300041238,0.1568627450980392,False,2
0.26902744791626576,-0.9631269217627938,0.0032809820763974838,0.96202663203241034,0.26855378928231177,-0.048822346548366237,0.046140996175180457,0.016290943429905853,0.99880208932206649,11.777813182492153,16.555561892312628,-1.6083159084249148,0.2252386466675052,0.3209432360323398,0.9666666666666667,True,2
-0.44629167048702295,-0.8909849340745909,-0.083484082949982885,0.89308800180502257,-0.43753852607621052,-0.10466068617666371,0.056723591968556558,-0.12126782529242625,0.99099775411603763,-9.3050741467124194,-19.537304716170667,-2.4643447618800223,,0.2963887787169558,0.4782608695652174,False,1
0.99831830915866593,-0.053964038778354782,0.021176310285535266,0.054017171688843652,0.99853811305143014,-0.0019447227119298652,-0.021040407822070263,0.0030853366779862823,0.99977386539970281,19.075017565443133,-21.268857286586773,-2.4260232713287775,,0.1041443046592076,0.3846153846153846,False,1
0.98906833986502496,-0.13816859481624177,-0.051509790167982183,0.14658238087688999,0.88325031384986497,0.44540149157875375,-0.016044459888283607,-0.44808294153049538,0.89384800319532687,-25.188895397959236,-5.6102628157968555,-2.2368698575842956,,0.670899963683349,0.16,False,1
-0.81444190676230466,-0.57474929098613781,-0.079672034116836682,0.57815005453312607,-0.79215751532439926,-0.19552233979373951,0.049263525581568331,-0.20530397810565454,0.97745761116340379,19.805058913223103,16.244185582416975,-1.7132399568424539,,0.2034988303308172,0.3448275862068966,False,1
0.99825504787054198,-0.05420025305474125,0.023434845205035908,0.055197671565428236,0.99749462525728316,-0.044245786653506869,-0.020977999302533558,0.045462128762680513,0.99874577265369624,-12.336026383005242,19.540374055168524,-1.6378778951098329,,0.2690786137564513,0.9210526315789473,False,1
-0.9235412981663399,-0.38320914770742465,0.014907035070128171,0.38122416782059437,-0.92159679322620758,-0.072989619704911107,0.041708565675748752,-0.061726006095658995,0.99722128723806935,-11.381761652203229,15.202620562201361,-1.6996845410541779,,0.2485344789651845,0.918918918918919,False,1
-0.88995967608832938,-0.45531740344749716,-0.025648334343279358,0.45384781407241853,-0.87877433533738603,-0.14757313174837389,0.044653517201258666,-0.14297457700641908,0.98871853109537311,17.667212239495846,28.112000513310075,-1.7865101002746071,,0.2232548272537473,0.375,False,1
-0.99840775587186481,0.040652046247665143,0.039107085685138585,-0.052301352254570423,-0.92683508213296528,-0.37180814821615099,0.021131056936424621,-0.37326149233942907,0.92748549140635739,-13.224096344722442,23.869222624808877,-1.6272365384301373,,0.2477311014901139,0.2631578947368421,False,1
0.51656102184869812,-0.85314118995799904,-0.072902816843237087,0.85565921610649587,0.51749323148720738,0.0069326226599419477,0.03181220832709411,-0.065961089757350724,0.99731495428444106,23.478489294484586,12.739065720939456,-1.8267891102110223,,0.2247827164258064,0.21875,False,1
0.80402107525402722,-0.59450763741458457,0.010525188981008318,0.59448999773002431,0.80340358729339123,-0.033530859265244031,0.011478377337978209,0.03321663709406069,0.99938226013565401,25.190952612232184,15.385065560682397,-1.7734921860662907,0.5203204793719521,0.3466443097697767,0.9811320754716981,True,1
