axis_00,axis_01,axis_02,axis_10,axis_11,axis_12,axis_20,axis_21,axis_22,location_x,location_y,location_z,dbh,dbh_approximation,score,reconstructed,number_clusters
0.63154017817494634,0.77533732468765826,0.0030060434032107668,-0.77168968364335733,0.62893552723401747,-0.094525841658689977,-0.075180020678184578,0.057377134200423917,0.99551786973503098,-7.7094129035993211,5.7919724451675947,-1.3503957859346252,0.2525971768126481,0.2358179324685629,0.9696969696969697,True,5
0.86920333633759772,0.49441690208905681,-0.0061226651264316527,-0.49295871386529039,0.86554436960205106,-0.088457055538085458,-0.038435225039918086,0.079905388922457604,0.99606117397340754,3.363926543034327,-5.0619904730855483,-2.4527493112285019,0.2895908491737717,0.2641187361987658,0.9869888475836431,True,5
0.31541021194155289,-0.92198895832422345,-0.22461691595068531,0.94378144691304933,0.32945994678385138,-0.027068873783227899,0.098959479918273821,-0.20345147872009758,0.97407110476643821,4.2378930935091734,1.8648666159838632,-2.2932879048911374,,0.6236774069192684,0.544,False,5
-0.91026417334093668,-0.4034151371916504,-0.093141622363915752,0.41179997706081051,-0.85885174328312863,-0.30462183433274531,0.042894214349448796,-0.31564206016336338,0.94790831636354533,4.6681393964984821,-3.1826224909755165,-2.4478635921254881,,0.283000156180073,0.4345679012345679,False,6
0.99462420525862172,-0.10207132878676765,-0.017439442461242696,0.10042305223268273,0.99188480232366893,-0.077972748442057024,0.025256699980941842,0.075802260909817148,0.9968029476014969,-16.495478316750496,3.4355202211639502,-1.463574719242646,0.220844941591113,0.2170669779571139,0.6333333333333333,True,5
-0.055043297951326821,-0.96195133599394722,-0.267618875511618,0.99322978520230754,-0.025290313627145525,-0.11337986515964996,0.10229774747090595,-0.27204783994015103,0.95683078109260167,5.9745566109531785,8.8033935937660441,-1.9260834377152709,0.6424743738052764,0.4612148730513694,0.3296703296703297,True,8
0.44980628567534475,0.89294988528670383,0.017742822025030927,-0.88853580555232481,0.44941769187169517,-0.092346415654307831,-0.090434659386932154,0.02577286556011333,0.99556884833867154,-14.298565073330105,-0.8980613366654695,-1.7865350981012085,0.4881290481331928,0.2906445616555619,0.9183673469387755,True,5
0.99147639403063936,0.12697432078662144,-0.029190442627304025,-0.12773084902665474,0.99147588354857286,-0.025698298552783438,0.025678595890968679,0.029207776402085887,0.99924347158773841,-8.1974460880761644,2.4453399200708112,-1.6360675721034872,0.321919579563814,0.2587083621689237,0.9558011049723757,True,6
0.99480600990653811,0.10097885433056374,-0.012816927553849729,-0.10172369576012549,0.99076499603157953,-0.089649385717062491,0.0036458709158792013,0.090487532934830445,0.99589091471337055,-3.9892648576859497,-9.6207063560653499,-2.4972329101828996,0.2505205579356133,0.2205272358397712,1.0,True,5
-0.26610792966233759,-0.88287205013809555,-0.38694122661688679,0.95866167583898931,-0.20042867836805814,-0.20198053412448963,0.10076884959353782,-0.42469434652769988,0.89971125978227318,4.5867382104096306,2.0413409257213697,-2.3047277380466538,,0.5549306752858391,0.2538461538461538,False,1
0.98684869306204714,-0.15351646728093804,-0.050619672809203625,0.15284743185377717,0.98810603113312379,-0.016856269280354871,0.052605318908215765,0.0088975003190549136,0.99857574320160503,9.1799924623902474,-8.9340250050257151,-2.94964385614727,0.3839147676212577,0.2443821284793613,0.8252427184466019,True,6
0.64390979325948605,-0.76344679629213408,-0.050290827949066849,0.75869040987379743,0.64562477435975674,-0.086933955957625861,0.098838454611832577,0.01782245673833396,0.99494387777691007,-8.6068338432646225,-14.854735549203188,-2.6796118325171725,0.2814552641764982,0.222401635945383,0.9893617021276596,True,5
0.99767088194325149,0.067228400983088188,-0.0115392124441876,-0.067825828732573715,0.9956960644031575,-0.063158564651221688,0.0072434991071009015,0.063794117544802437,0.99793679273156644,4.5581907037886573,7.6840193525722409,-1.936276257588426,0.3106695141634236,0.2730196910502477,0.9525423728813559,True,5
0.99811718103568814,-0.056002867373973204,-0.025015430583281154,0.058886304254686495,0.98904514456907444,0.13535917100649386,0.017160888455971308,-0.13657738044871823,0.99048075350163656,8.8005765693234856,-8.0496371148193919,-2.9089289313974596,,0.4062190645564079,0.3211009174311927,False,6
0.90867148457756097,-0.41640403580453006,-0.030394277114473671,0.41291366394238338,0.90705407887556244,-0.082190048819075157,0.061793521062391728,0.06213354135171377,0.99615309254843309,14.053822754744594,-4.2665758537612373,-2.986109069795345,0.3273996399956058,0.3228440901558499,0.9942196531791907,True,5
0.96831388140960228,-0.24830591552177506,-0.026690810897489484,0.2462308455156936,0.96709789783990752,-0.063968951142412175,0.041696496088988892,0.055369922435621971,0.99759489468590179,4.2443029607927301,11.867174499242282,-1.5775233315378636,0.2874279743212614,0.260002089631146,0.9917355371900827,True,5
0.89330574741289737,-0.44913081941969796,-0.016921840516782534,0.4456015770008776,0.88994598186613882,-0.09713590445682338,0.058686252337456821,0.079231662911394746,0.99512726190114953,6.1041008742673011,-17.67208767129036,-3.2167854853845732,0.2523148569781977,0.2987836412940426,1.0,True,5
0.99495732384065716,0.099432931631445717,-0.0131535486851974,-0.10020870011290875,0.99104349733567509,-0.088266657410113789,0.0042591263797570195,0.089139657256742402,0.99601003074599193,5.6079829385301396,-0.63844315479088465,-2.4817785929097407,0.251816450402311,0.2376873087739242,0.9645522388059702,True,5
0.95111594875338956,-0.30751817616599397,-0.028478471772229952,0.30494254105184182,0.94972249474099113,-0.070973443200927036,0.048872269067302944,0.058819676218847511,0.99707158569769916,-8.7911045304339339,9.6336180558555462,-1.005997401451564,0.2704255877135,0.2697830536396615,0.9793103448275862,True,5
0.81712269742161747,0.57646378541131871,-3.8310220446750864e-05,-0.57430775726519656,0.81406083658987449,-0.086461287728172187,-0.049810614365212488,0.070671482507775732,0.99625521040379694,-0.24856471740136535,-24.161361550486642,-3.4619487042360806,0.2820898527226494,0.3159767952851453,0.9814814814814815,True,3
0.73062328045439184,-0.68146175648858653,-0.042420472670062201,0.67745575127553359,0.7312689387732324,-0.07936903835357316,0.085107738318931342,0.029250873986237838,0.99594229714842197,7.6379701977332619,3.0682898173063626,-2.3031577665027658,0.2778595280285825,0.2609162856927267,0.4936708860759494,True,5
0.83140249343875106,-0.55172764690172704,-0.066079479024207105,0.55468204875442917,0.8311246964396195,0.039491312433742876,0.033131838062752453,-0.069486276432355096,0.99703256651633498,8.9016027455995381,13.236896067850612,-1.6799918823144371,,0.1756753637165005,0.15625,False,3
-0.98840702931172486,0.14361956556423816,0.049243931548060275,-0.15179271004343053,-0.92783238825171654,-0.34071400395168172,-0.0032430826140517864,-0.34423898631365846,0.93887645764333816,4.6640784678104836,-22.159702892523448,-3.5078232930377524,,0.4007945495728461,0.2307692307692308,False,2
0.9878697642734191,-0.15382278445310052,-0.021257464982327248,0.15169537306761746,0.98521344949759815,-0.079642781963721571,0.033194014886063827,0.075452037163614982,0.99659678278810682,-1.4968021020598836,-6.356868296929143,-2.3293297025862905,0.215182911995169,0.218265170629405,0.9888888888888889,True,5
-0.085765064319320961,0.89067548421620635,0.4464768029344085,-0.99027220605074384,-0.026923881234704433,-0.13651396464338161,-0.10956875314476135,-0.45384169755046455,0.88432030503591652,15.247492818057109,-10.40455094070785,-3.1750172245344306,,0.5479903484409275,0.2535211267605634,False,2
0.58951356978877256,0.80533118358790101,0.06257344305540917,-0.80220279668396155,0.59276958665407076,-0.071378499076351271,-0.094574965119362808,-0.0081179972205294194,0.99548464282167537,10.005495909090232,1.4724150086806123,-2.6079497002006296,0.3990256056787926,0.3187449422704331,0.783410138248848,True,6
0.82470285471867055,-0.56452458867490585,-0.034310205483242519,0.56087587134525185,0.82415378698780062,-0.078668877813086652,0.072687401670293139,0.045634681713518595,0.99631020142490079,-21.875782334901366,-2.3991378135153236,-1.8539849363456649,0.2292838411052888,0.2797846059556903,0.851063829787234,True,2
0.95232499512618274,0.30507548344103413,-0.0024602969606258816,-0.3044816330703447,0.94990231989044283,-0.070544438402824539,-0.019184336859300013,0.067930347194558566,0.99750560356786688,-12.319326290126648,-17.640314330399764,-2.8268367855145717,0.2776313205739622,0.2974771264785386,0.9838709677419355,True,3
0.69288334630378134,-0.7169630574991892,-0.076659262951637455,0.71562045484164771,0.6967908914883022,-0.048680778046067963,0.088317795642255906,-0.02112883622804506,0.99586823388063817,-19.608707792709495,6.3208336105134366,-1.2852124545367991,,0.1163782839991143,0.48,False,1
0.74616744895474363,0.66575524012500797,0.002024442259564125,-0.66288771518098155,0.74322877898005546,-0.090503365450977605,-0.061757713546628443,0.066188687416416564,0.99589409199752943,1.2143111100001118,6.8380536715753477,-1.755857194482912,0.3042774798679895,0.2594416074591873,0.9794117647058823,True,5
0.97410135656823682,0.22580466404072591,-0.011781376378717161,-0.22592137819359312,0.96982100582637132,-0.091688317320330531,-0.0092778233993501547,0.091975379071690108,0.99571805830646165,-1.539735551598278,1.8624853871196549,-1.8490901107265372,,0.2491896096893201,0.9578587699316629,False,3
0.80512960386336518,0.59309672159804705,-0.0016123933976937739,-0.59079460067854916,0.80175913336761073,-0.090244289961699989,-0.052230841386045196,0.073610942741321378,0.99591835424237429,2.7806874198603411,-10.375779996457634,-2.6910670406862822,0.3940465933488035,0.3163555454991329,0.9972144846796658,True,5
0.97732101313645148,-0.19416068321093699,-0.084529677492592922,0.20317775725000239,0.97226093330008723,0.11587698881702815,0.059686147813363538,-0.13042356640387026,0.98966017252675975,9.2532679829235533,8.0929643708199777,-2.2256713639062573,,0.2647050615047971,0.2647058823529412,False,7
-0.30080729671779083,0.94963233163700744,0.087825992456655913,-0.94622583920067327,-0.28569094279084745,-0.15178058649333082,-0.11904466166241032,-0.12875993133323085,0.98450457013299075,-15.095558332232734,10.580172440252815,-0.89768569111262575,,0.1904149731155694,0.3043478260869565,False,3
0.91859831572299033,-0.39005994716496978,-0.063485210628508801,0.39271694871706547,0.91894117560938904,0.036338876702391401,0.044164833762202413,-0.05831254914077038,0.99732096843065621,10.257052449273241,22.3382671467512,-1.2472704093879481,,0.2148975770529256,0.3333333333333333,False,2
0.49055042571519197,0.87137122652667176,0.0085126618661620912,-0.86699557251335169,0.48902286850431681,-0.095787845377454106,-0.087629658637297256,0.03960832817998531,0.99536537174341022,-17.686554094064395,15.841228697408182,-0.52191516594204601,0.3994868311971266,0.296737573180992,0.9375,True,3
0.99265121058780759,-0.11966813173612927,-0.017975326571289287,0.11777762650990119,0.98951914893740955,-0.083548097404305494,0.027784974577175554,0.08081702873138509,0.99634160961729212,10.069885760197469,-16.392226165943534,-3.2706304720978276,0.3001814583224227,0.2693141602438417,1.0,True,2
0.51789217454327841,0.84609553987673636,0.12613497908006316,-0.85080058330948471,0.52479527522030966,-0.026986784667313302,-0.089028439203857432,-0.093339469181761267,0.99164594513656512,5.4933480753744961,-5.4876954922006282,-2.630274105809542,,0.3784627691454014,0.4478527607361963,False,5
0.99771001096251488,-0.061756665101605088,-0.027583479488731334,0.060878764747983496,0.99764459122429427,-0.031607682668445047,0.029470494192272056,0.029856053262908681,0.99911966553342568,15.701102602577597,-10.45873844656569,-3.186516267421915,0.3370924124264699,0.2561055397001488,1.0,True,6
0.24773923645975526,0.95000840735988479,0.1900244633300508,-0.96250061485390703,0.26371859717280832,-0.063600848351715505,-0.11053432554726747,-0.16714223718361082,0.97971712010409895,3.9076639159181172,2.015123645659358,-2.2484365584869526,,0.6582024083448925,0.2425373134328358,False,2
0.99978471831619908,-0.014373017509073591,-0.014964404067060302,0.013257948413506365,0.99730786024544538,-0.072119752471260706,0.015960696264987636,0.071905829112353423,0.99728371485470568,-10.785832333503489,-5.5365641782057757,-2.0969945127599252,0.2818130954651544,0.2619788776136035,0.9166666666666666,True,5
0.79182821824661409,-0.595462774895549,-0.13576507835995189,0.6048942436804674,0.79531480366353935,0.039715450845484168,0.084326904073530384,-0.11357132907260331,0.98994470879037233,8.1823446578265173,1.0357437779864973,-2.4001879541826274,0.675151315605557,0.3389188236849301,0.1923076923076923,True,5
-0.66043880770527108,0.75083500306642015,0.0082084984673189837,-0.74511426174892414,-0.6539763812960997,-0.13084200260319004,-0.092872591302250951,-0.092529405472564413,0.99136925053569103,11.346486909041742,11.433706626376264,-2.171173715996038,0.2758431260153227,0.2043748163511786,0.8571428571428571,True,4
-0.60576418574508129,-0.79506150910528162,-0.030445820859878136,0.79185436658610009,-0.59870679127017656,-0.12048585064436598,0.077565542524538886,-0.097094669401580458,0.99224805960337992,-13.765714859663143,-24.923625172034523,-3.4518754960744373,,0.2249388389434576,0.7666666666666667,False,1
0.81676878545823728,0.57686852110690379,0.010557483460062161,-0.57447931597154422,0.81481038974475017,-0.077830227321233542,-0.053500155345031136,0.057504244364585039,0.99691072582158302,-18.895953929484573,-3.7068938148885131,-1.9259525561975881,0.224660303215545,0.2377417505084175,0.9245283018867925,True,5
0.50922117809785716,0.86058227495611106,0.0095885248081141496,-0.8564414917892107,0.50780668451899957,-0.092953441569924619,-0.084863201203482244,0.039121850533768182,0.99562428550749582,-0.80836385147218726,-16.087902613143608,-3.0161058639615388,0.2733827620501703,0.2374879026299609,1.0,True,4
0.77220410829789887,0.62310349293910738,0.12426927301200806,-0.63098759010385908,0.77500549268314756,0.03494492017272674,-0.074535067335943492,-0.10539698002332698,0.99163299679830685,0.44295622387852857,-15.08330409518468,-2.9764508372524046,,0.2049705248750243,0.3,False,6
0.83043536901190607,-0.53426009207606817,-0.1579343278357507,0.55247194674152678,0.82625406339882168,0.10990437107123291,0.07177636071637139,-0.17852276250329258,0.98131431117176005,-0.112282969267785,13.007730804035214,-1.3578386439504595,0.5746710835226588,0.3149526171380322,0.2222222222222222,True,8
0.99968615579700215,0.019990511440749131,-0.015098654249611716,-0.021144171427555702,0.99652466505671211,-0.080569944447356448,0.013435546972646017,0.080863906571134944,0.9966345943682674,-12.768151133017021,6.5142785427420815,-1.2474743029840887,0.2541569406271451,0.2497648918500972,0.9895833333333334,True,5
0.66208600331938749,0.74942757730802512,-0.00065618502113791791,-0.7465433265634942,0.65946064228609846,-0.088231076379676643,-0.065690073619002323,0.058906431277309212,0.99609981757959343,-3.7106675243028731,15.863767586570845,-0.77004366409718683,0.2962820061810346,0.2589023973424777,0.9444444444444444,True,5
0.62316759741929417,0.78208829313497119,0.00021741180332312746,-0.77848691181476926,0.62032461759879309,-0.095684360968837853,-0.074968484443586725,0.059458141092190053,0.99541170165821002,-5.3159970302761774,12.421821771974004,-0.90711146405001697,0.2984102299530831,0.2514587495334834,0.6097560975609756,True,5
0.89686171073807519,0.44223988091368083,-0.0079347048733049361,-0.44088964898154537,0.89239867540030349,-0.096129712184698957,-0.035431472350198029,0.089713387369091444,0.99533718854158171,19.707085889574621,-4.7219666607247106,-3.2368253140847272,0.6507515349541467,0.2527849081902299,0.875,True,4
0.93378089159931621,0.35781234192902855,-0.0048553524330719848,-0.35704846539254376,0.93071090428738046,-0.079332250701690393,-0.023867128960454315,0.075812535927973268,0.996836405610948,-5.5839655396299506,8.173857724166373,-1.2350797492442314,0.2566734817059557,0.2304589513663726,0.9560439560439561,True,5
0.51064883748498735,-0.85772389558801165,-0.059560756480726916,0.85401762914989732,0.51401564958934975,-0.080260831533365579,0.099456794018405362,-0.0098808357219532621,0.99499282168717995,-7.2063769853521169,22.798823683758688,-0.17192731260370303,0.3003360117183733,0.3242068596137129,1.0,True,4
0.9965287254575671,0.082402868933781473,-0.011843417133560054,-0.083041417343239665,0.99398107388663881,-0.071454515328218074,0.0058840754195854036,0.072189971233175332,0.99737354371860609,-0.78320983523991283,11.607529638127252,-1.3591352866758712,0.2041088130802391,0.1784277396917883,0.6530612244897959,True,5
0.67578610057746391,-0.71637387374751449,-0.17355581026945249,0.73160572179724859,0.6805818887401055,0.039514055125709879,0.08981210441712574,-0.15367747307569557,0.98403100569506263,7.3224811168560331,-17.309094723176319,-3.2865727553643018,,0.3582274252874238,0.1836734693877551,False,1
0.94034823070156559,0.3401846455586614,-0.0044285372941547402,-0.33941031170868158,0.93715491765547954,-0.080878307474684788,-0.02336333285842224,0.077556864559379532,0.9967141452981727,1.7373095050853298,-14.460044759901464,-2.8857856113998812,0.2954248884149943,0.2832844656877123,0.9790209790209791,True,5
-0.9996577311838083,0.023084859624304885,-0.012308929302210477,-0.01710983097409853,-0.93282701751946362,-0.35991805882697786,-0.019790759674112035,-0.35958426639922419,0.93290271796669844,7.7737768502923181,6.499301290447808,-2.2895702966133276,,0.3186965028225288,0.1428571428571428,False,10
0.88353770692643785,-0.4644638240635422,-0.060286620202526196,0.46381479123111563,0.88557376124509746,-0.025198270366202632,0.065091934019579287,-0.0056982041453971441,0.99786300191715127,-15.451906708592533,9.8118437217442285,-0.93462561069055117,0.3825776878448473,0.3009590321834312,1.0,True,5
0.069451951097749751,-0.99604053481980226,-0.055494859983595018,0.99154187769524527,0.075038311637593419,-0.10589597047653698,0.10964091966644546,-0.047670795907583323,0.99282745930611427,8.4473825888900969,-2.5948577451715322,-2.7048034297462626,0.3150531876866846,0.2921950696583965,0.9949367088607595,True,5
0.94531162222067766,0.32613816048682176,0.004453893665596613,-0.32524875651305601,0.94358268965498471,-0.062168755578483559,-0.024478220548542394,0.057320223810960358,0.99805571420689732,-15.896862959808219,-10.156586848192742,-2.3161817377264757,0.2697589648738511,0.2709538921444885,1.0,True,3
0.99988203832653566,0.0029892378193763841,0.015065652632083284,-0.0050434587726394375,0.99038888111315182,0.13821876750661299,-0.01450768608635003,-0.13827844598742658,0.99028712928105922,5.5158156411316606,8.4641249303383912,-1.9342978854171258,,0.5184055456154186,0.5079365079365079,False,3
0.92096419918966554,0.3896411926069604,-0.0021644479119803071,-0.38855787197461239,0.9179602210672102,-0.079823634750610328,-0.029115699158680303,0.074355723129183163,0.99680665251614198,-4.8100231429162132,-2.7040429133785602,-2.002037088371035,,0.2521126171256415,0.9491803278688524,False,5
0.91448456483065477,0.37571102804375062,0.15019721732707439,-0.40226770922353861,0.88418249591123532,0.23749106096909312,-0.043573739827275845,-0.27760140008740386,0.95970765958544801,7.7746597247938709,-6.2253254401748306,-2.7855503445296228,,0.5419028433671231,0.2808988764044944,False,4
-0.33539594874892026,0.94207497008938279,0.0020756430087264001,-0.93574768296708777,-0.33288672829099675,-0.11645900544587331,-0.10902216006178536,-0.041002156757956917,0.99319333050351155,15.595944138105285,-17.359182086154224,-3.4769719681377858,0.3572399306076002,0.313396000102879,0.9649122807017544,True,2
-0.81381993293925858,-0.55053308637856813,-0.18603880657870653,0.57885267384783812,-0.73974989168352689,-0.34307386920810345,0.051251329055443606,-0.38688941385969566,0.92070075633364834,16.296119635837286,-11.15937358055789,-3.2166502994921977,,0.2210740339342199,0.4615384615384616,False,1
0.29497871746276433,-0.95068620729629416,-0.095829491810254547,0.94938090214234361,0.30294642726878868,-0.083062415402319997,0.10799749483860108,-0.066477044621925996,0.99192607771291186,-21.40629619380525,1.9218116928313518,-1.5363911041737635,,0.1501100033143697,0.6,False,1
-0.867303429845942,0.49088532693280734,0.082561228064622655,-0.4869126829821116,-0.80215128901174215,-0.34564338368897607,-0.10344466988989519,-0.33997780124424903,0.93472685578863046,4.0973624669069961,5.5487945275517161,-2.118788956273121,,0.4328234526440455,0.2560975609756098,False,2
-0.16359758074914788,0.97815327986344069,0.12826532136715393,-0.98091338410131623,-0.14743525981910949,-0.12677451263158285,-0.10509407435212405,-0.14655717401227708,0.98360369574417794,1.9419684561238486,-2.9630661239957048,-2.2671984540232311,,0.2343965749534923,0.2945205479452055,False,4
0.95119624227547117,0.30858406596341265,-0.0012581393052449839,-0.30788369086562034,0.94874655640908712,-0.071327446336332034,-0.020816858071918357,0.068233759499146271,0.99745216049925245,-10.709413880567123,-9.0485338183065647,-2.3023530786658126,0.3098930123962061,0.2571739884838602,0.963855421686747,True,2
0.22873898593141478,-0.91740855362079443,-0.3256378695091679,0.9624473807044911,0.26335305408888593,-0.065880257111829238,0.14619683885136675,-0.29833993136262882,0.94319657000246204,-15.921984801885781,6.6177296207838934,-1.1994852424757532,,0.478273326089901,0.2333333333333333,False,2
0.76787549820854917,-0.63962413022295517,-0.035329750742143097,0.63511691385012181,0.76734522038601838,-0.088361861072699235,0.083628493902919682,0.0454123858353895,0.99546169701313381,16.699655702625915,9.0686967153286133,-2.5628626286877343,0.23409391149315,0.2245867276902556,0.9444444444444444,True,3
-0.95525189923278508,-0.29553727799481178,-0.012309603063261742,0.29383280648099014,-0.94331411224867123,-0.15433977927937748,0.034001335968792984,-0.1510503324985393,0.98794114511159958,-1.0656958148041233,12.91670653574382,-1.2553483504170115,,0.093652450554318,0.1923076923076923,False,2
-0.99215339373432154,0.1183020481133885,0.040450818454574482,-0.12443466471249069,-0.96579113409138362,-0.22751593247148241,0.012151441040364423,-0.23076418856195083,0.97293382701907638,8.0927318440299256,16.716677058830847,-1.4791860597552444,,0.2322424927992015,0.1666666666666667,False,3
0.92601761172804953,0.3774760701096751,-0.0017886486618240889,-0.37646982974613408,0.92318191041745812,-0.077495984211374491,-0.027601631480702653,0.072436018475124181,0.99699105972274171,-21.59456478909172,-6.1960490635653027,-2.1279207312668733,0.1975211732298259,0.2418460290264508,0.9512195121951219,True,3
0.99988062471429195,-0.0047650217335332614,-0.014697989278683612,0.0036510378578031083,0.99718374858407921,-0.074908220392453845,0.015013535343756674,0.074845615286952535,0.99708210676393105,0.85273322627361514,-1.9751509906088083,-2.1868142333061766,,0.0732625980424043,0.2774193548387097,False,2
0.88664245202600434,-0.45755250634143357,-0.06716298240836821,0.45720914819544939,0.88910404142414134,-0.021302542797759692,0.069461910941939264,-0.011819791196601433,0.99751457907359076,19.704710258372234,13.561505867152999,-2.2878988299782792,0.3201597670055797,0.2027443050391186,0.782608695652174,True,3
0.98702847559978624,-0.15927339940457416,-0.02016860424700654,0.1573755033557743,0.98471579393834041,-0.074617398185007511,0.031744909807370089,0.070475452538414168,0.99700826039247381,-9.6408699844136745,17.015592397922255,-0.48001617657337037,0.2725234953917738,0.266518030222494,1.0,True,3
0.98058465710377563,0.19609603791638552,-0.00027233466000879669,-0.19587122158773762,0.97939205674881002,-0.049251027715810643,-0.0093912089955905387,0.048348144647253302,0.99878639463239083,10.318862449166204,16.031476996727339,-1.8058315551193549,,0.1770103283208686,0.6071428571428571,True,3
-0.72693786859335185,0.68604697287079053,0.030014766695391878,-0.6803378945882409,-0.71357387021441865,-0.16719055276676087,-0.09328281938381687,-0.14195732725731366,0.98546762140912847,2.2525910539282497,23.228420157696458,-0.56368462121707719,,0.3507205742590547,0.9433962264150944,False,3
0.17226336367209927,-0.96719483055030953,-0.18670697173146125,0.97990017744638125,0.18761403516705047,-0.067798348423008525,0.10060306047494241,-0.17127502317937499,0.98007341085144228,-7.0152948746788741,11.507776060597447,-0.9630466785458045,,0.387830864409446,0.2352941176470588,False,2
-0.099250651843162785,-0.99417695562704456,-0.04197009660282662,0.98914089593131926,-0.093977586033382784,-0.11299779342768945,0.10839555389819232,-0.052729443610581128,0.9927084212756655,-19.581702403415118,4.3818886915164095,-1.4137382549410054,,0.1327802451292045,0.8285714285714286,False,2
0.79370239450910585,-0.6066795517678355,-0.044457062625535157,0.60387291014484612,0.7946182080861206,-0.062605205623798219,0.073307689526454223,0.022843485828169981,0.99704772092990224,-15.465653581949033,-14.833661626347709,-2.6776947239165949,0.232847338084928,0.2469637344020258,0.8055555555555556,True,2
-0.70259364843407313,0.68499370073903054,0.19273244440919771,-0.70619958477944134,-0.63792939285862504,-0.30712902204833975,-0.0874317541711334,-0.35189447235623433,0.93194740661031128,9.175265338612471,1.0219399127464759,-2.5375218292047084,,0.237666539306598,0.1923076923076923,False,1
0.33086901835283611,0.942870749028066,0.038992862442818521,-0.93861301281326071,0.33308733869734619,-0.089768797347035995,-0.097628401973218593,-0.0068974942387384532,0.99519903521927833,13.74332123960559,9.6342135177398962,-2.5041655955278537,,0.1473159872939292,0.5263157894736842,False,1
0.95904137434061543,-0.27861677620487085,-0.051110999990884066,0.27972782417226466,0.95994754226824097,0.015907874685633608,0.044631678062938933,-0.029553478820067033,0.99856627481750937,2.3191084840399134,19.187767113338552,-0.825433537213899,,0.1635693231423433,0.5142857142857142,False,1
