axis_00,axis_01,axis_02,axis_10,axis_11,axis_12,axis_20,axis_21,axis_22,location_x,location_y,location_z,dbh,dbh_approximation,score,reconstructed,number_clusters
0.012744964943245988,0.99918346745448783,0.038340112600550348,-0.99718833697247222,0.015532476273174474,-0.073308681524762734,-0.073844339489708019,-0.037297996547411449,0.99657206110691221,-6.2893674129029522,5.8688166908743096,-1.3675551166141384,0.2838044365455561,0.2555319013580344,0.9738562091503268,True,5
-0.23466068270575169,0.96991976381814604,0.064730330966399074,-0.96774681060449808,-0.22681823224910555,-0.10963393673589181,-0.091654102782631669,-0.088369345784269998,0.99186207920696745,-9.4531919888461253,6.2075940096917455,-1.2212534713070791,0.107031550624792,0.1692213760519639,0.303030303030303,True,5
0.68968913731458392,0.72392316720544325,0.016252441462901467,-0.72258677966608742,0.68952210239711309,-0.049270844905057204,-0.046874723701143026,0.022237767178939983,0.99865321407825913,-9.490875521865183,-20.247424306979781,-3.1306380820661519,0.2486911821725942,0.2762767845090554,0.5423728813559322,True,5
-0.37080629154750749,0.92722508964437222,0.052500736021214689,-0.9251310267459989,-0.36382821513835251,-0.10845097150847914,-0.081457212698920548,-0.088784362380010612,0.99271449042315107,-8.7726077283189188,16.991433712297397,-0.58881464668705652,0.2721915414731575,0.2525924806253562,0.5294117647058824,True,5
0.30542025979459836,0.9517156438165536,0.030915986509286501,-0.94975123472143874,0.30680388062706765,-0.061999765945316324,-0.068491291797585535,-0.010426511737603393,0.99759722874559109,-8.0291367268902434,4.2318921802867511,-1.3660257715572885,0.2319196020743734,0.215215979903244,0.907563025210084,True,5
0.017178584730300435,0.99622783514614632,0.085058783830280413,-0.99665718257364944,0.023857335889387637,-0.078136342047830584,-0.079870874860730912,-0.08343217607304404,0.99330746264421965,14.093351124982407,-22.217868262415056,-4.0039468545314811,0.3126247288958584,0.2712043428568433,0.9857142857142858,True,5
0.51430034507595146,0.85758786617489036,0.0061811685266647542,-0.85553614689723767,0.5135442118464193,-0.065804588223526514,-0.059607519718447396,0.028555109326315338,0.99781338401746089,-10.675600868601238,5.3141208804581019,-1.2461429869062659,0.3248628663556858,0.2871190567508316,0.968421052631579,True,5
0.6198290743976903,0.78462234700623024,0.01340489126161132,-0.78303969789885475,0.61952116703554139,-0.055157548072675595,-0.051582458702269712,0.023691689964073486,0.99838767709786647,-4.700356322149033,-1.0975943700557034,-1.8184356481051049,0.3074808934176779,0.3024077339939368,0.9854604200323102,True,5
0.2053884133553921,0.97844679309499005,0.021388612425401354,-0.97669924218187021,0.20631358197006117,-0.059104113359755558,-0.062242991418429497,-0.0087509414814738277,0.99802266058565681,-16.322722384614504,-5.047517350948481,-1.8562811410825331,0.3120514608426961,0.2240265182850424,0.9402985074626866,True,3
0.33802980226035306,0.9373069279377273,0.084803158100185905,-0.93874236661534771,0.34222036517196919,-0.040595452737698823,-0.067071766826595575,-0.065885844469830215,0.99557040614577086,-17.045495799275876,-5.4768617776239212,-1.8749892931725354,,0.07714532440525176,0.1428571428571428,False,1
-0.98716898775989836,-0.15877738356641044,-0.016944971906202293,0.15967677851455542,-0.98214344419755129,-0.099486589161476069,-0.00084617274278269566,-0.10091579404422127,0.99489461075237173,-19.916467150909337,-7.1129472249381527,-1.9189814820288387,,0.2349920073495815,0.8983050847457628,False,2
0.99751778310618699,0.069735515400537906,-0.0097586002448045439,-0.06998346981991993,0.99715730477528197,-0.027921738578716014,0.0077837226878228541,0.028535371473228256,0.99956247740499071,-19.533710568851948,-5.1023226229405818,-1.7780898299932795,0.2551445048972604,0.2391466377941987,0.9090909090909091,True,2
0.90273019433083157,0.42959206443419035,0.022996834968899656,-0.42961410673970257,0.90300269496387686,-0.0042251838090995308,-0.022581309387720933,-0.0060655637119322748,0.99972660933036595,-6.2722682265349654,-17.935041056804426,-3.021999415668541,,0.2501312390882193,0.8688524590163934,False,4
0.5681019428779901,0.82281260675001822,0.015478910539557012,-0.82082057731353142,0.56788086224114753,-0.061358831140519925,-0.059276996861622612,0.022152662898388204,0.9979957400558267,-11.915714835636464,15.22187179615352,-0.62053242184916513,0.3275003831718178,0.3125700636919376,0.9,True,5
0.87624058360505208,0.48183948452151448,0.0057576730991741251,-0.48128548177147235,0.87569844874449498,-0.038942417779139614,-0.0238059799100468,0.031351842410366405,0.99922486823437129,-3.4557710142212623,16.162011601469334,-0.84770087941461514,0.3203225382085553,0.3066265792158921,0.8846153846153846,True,5
-0.74476259955490898,0.66731104114615003,0.0049643396998859633,-0.66490053154687567,-0.74139711184976786,-0.090761256544326749,-0.056885441484590904,-0.070896381468056185,0.99586030628890898,-20.493608692844003,-0.86482264468178327,-1.448278413129571,,0.1850101917254553,0.6923076923076923,False,1
-0.33028177197636438,0.94351466264344119,0.026344496142199598,-0.94089039649973827,-0.32688599298418597,-0.088717582052873084,-0.075094692720047401,-0.054089083626701437,0.99570837003497437,11.247456518397319,-19.766969317717926,-3.7295578274235979,0.3249585888261899,0.2839618052242254,0.9733333333333334,True,5
-0.83834976748159717,0.53828307875760661,0.08614519421758067,-0.54295783542727882,-0.81041133931515419,-0.2200687393919063,-0.048646236356747037,-0.23126778468401282,0.97167317316867063,23.713868800170335,-16.945761925752112,-3.8644922826459212,,0.2040452036857688,0.3939393939393939,False,1
-0.075456832033577614,0.99697843572109368,0.018446278935764868,-0.99397908852303163,-0.073730185292093312,-0.081052028695866279,-0.079447077217342441,-0.02445114483849789,0.99653916302256129,-13.015798039585158,-19.018463286335251,-2.9738188397428851,,0.1110092608167366,0.3846153846153846,False,2
0.52230804028967726,0.85174080070043623,0.041616336587167957,-0.85081741169807878,0.52378873948584337,-0.041893774468442044,-0.05748080549312562,-0.013526448536500622,0.99825497353624593,3.7266991608657376,19.674412241813453,-0.93510400839776553,0.2400942186880337,0.21871278808663,0.9259259259259259,True,3
0.53562074646402402,0.84303516955075863,0.049011415587040946,-0.84246406975123755,0.53744158327041891,-0.037561093567250285,-0.058006095675402498,-0.021171855665232105,0.99809170189526519,-6.3470973849897456,-15.356018993930936,-2.7842880483073102,,0.1865211900493564,0.935064935064935,False,3
0.99733865657075638,0.072812957409402343,-0.0037252305878992427,-0.072795409833758262,0.9973360671049194,0.0046473173793896705,0.0040536917460078647,-0.0043637695844470749,0.99998226239180865,-12.420825049354551,-20.935852772667268,-3.1523641389456967,,0.08863676298442444,0.25,False,1
-0.99906156391100487,-0.042040456295854192,-0.010420726948405054,0.042850262685866454,-0.99442557538723653,-0.096341216535373794,-0.006312408688376174,-0.096697337348036164,0.99529381513518456,18.589564905088373,-23.110700300815083,-4.2466665278473776,,0.2977190600999007,0.8913043478260869,True,1
0.5085404629594743,0.86067281668065831,0.025077881887109622,-0.85896075775563974,0.50912026263712251,-0.054616616593881569,-0.059774695054171656,0.0062338430592745221,0.99819242885923143,-1.3262178391301211,-25.075000220200231,-3.7913414356981061,0.3458589812483961,0.319397497108296,0.967741935483871,True,3
0.74729505953597841,0.66416436081871222,0.02087572301475419,-0.66326710122165966,0.74745586409632714,-0.037235516177813476,-0.040334184386621008,0.01397973698904971,0.99908844479534553,-8.3784990422579995,19.69013073340437,-0.43802186637150797,0.241345245568746,0.2208243080098277,0.6363636363636364,True,4
-0.28109683829375315,-0.86807246228871648,-0.4091879369156165,0.95719595666469592,-0.22295196154127567,-0.18457606396727921,0.068996145153271252,-0.44355678673750493,0.89358654247537017,-16.148589447374256,15.10320844433209,-0.50738398663563766,,0.1659759841905391,0.5714285714285714,False,1
0.10911295866478374,0.97899189138109366,0.17224760916043513,-0.98722180651040947,0.12697147414532628,-0.096287847123539494,-0.11613555442559596,-0.15954034399935188,0.98033637677831176,-7.4669870988913365,-16.836957165293306,-2.8785329457442268,,0.2070934930488236,0.1,False,2
0.38457197107536012,0.92266479822544878,0.028179233112422986,-0.92078361632240147,0.38558916987637054,-0.058979013100356359,-0.065283466325348316,-0.0032653008503652527,0.99786141664807548,-10.611750446454412,27.261735976979683,0.013303586540281074,,0.2963743882389971,0.8979591836734694,False,1
0.27564348834582303,-0.9530084718132491,-0.12568022909240825,0.95837714264309992,0.28257597349337976,-0.040793034497501421,0.074390320551747324,-0.10920472451520982,0.99123176318748185,19.41015675146339,-18.951955124531356,-3.9193237720953973,,0.1584381153951351,0.2777777777777778,False,1
-0.065681639227712266,0.99759397476291001,0.022185215462052706,-0.99507928454908945,-0.063830786327688016,-0.075781582050387708,-0.074183149903675902,-0.027053506861885672,0.99687760935675629,-6.2132096924617271,-22.64315195034451,-3.4576022044991452,0.3072122373367641,0.3322949227674365,0.98,True,2
-0.92775000709512434,-0.36429118937943133,-0.081066970311685208,0.37271484353885131,-0.89331697553999134,-0.25113428005330474,0.019067504839540696,-0.26320469325717089,0.96455156404755904,-2.334931211538573,-0.54108119123086063,-1.8913037233488228,,0.3790459309163724,0.2553763440860215,False,1
0.83841586991620931,0.5450288102055062,0.0015572792350131079,-0.5440463080731226,0.83706933477993395,-0.057693530339918468,-0.032748186891040081,0.047523939410032155,0.99833312648549355,9.32600042373371,26.765790033329036,-0.68708960629586358,,0.3022939221587497,0.6190476190476191,False,1
