axis_00,axis_01,axis_02,axis_10,axis_11,axis_12,axis_20,axis_21,axis_22,location_x,location_y,location_z,dbh,dbh_approximation,score,reconstructed,number_clusters
-0.28299148669328716,0.9584822025800267,-0.035038347513332152,-0.94013852593291247,-0.28443744933173465,-0.1877095881257754,-0.18988251766767389,-0.020179315027988531,0.98159942172415093,-3.5765728750496315,1.8148914522307034,-1.5476755099106396,,0.2670316370400892,0.9591549295774648,False,5
-0.73374302214983866,-0.62082450743512774,-0.27604004856968067,0.67466478951344688,-0.61773644658095428,-0.40401621793723969,0.080303170779221472,-0.48267858201236363,0.87210824283992194,-5.0762208421216686,-7.5860947582276852,-3.2416172626538584,,0.7333331754432364,0.3157894736842105,False,1
0.3468679259828743,0.93782935495096087,-0.012599322069183117,-0.92582433323386859,0.34021601460399931,-0.16462796663699902,-0.15010644861697545,0.068768920300053965,0.98627526060647153,14.739688058961308,-2.4394675310631975,-2.3293435281810364,0.2781035568923463,0.2529902150374678,0.9320388349514563,True,5
-0.27510145077321263,0.96075524072414487,-0.035616838764343108,-0.94236125715800489,-0.27680316119728254,-0.18797678303124771,-0.19045853299356075,-0.018148756769617302,0.98152746769392996,7.0133501751617118,-12.062996628519249,-4.2130696300241377,0.3417728188944353,0.3078698902091245,1.0,True,5
-0.51208275213354004,0.85887588134593063,-0.010172286350175926,-0.83919716658393961,-0.50280396838033792,-0.20721072602177501,-0.18308296088065185,-0.097572484970071399,0.97824344598465784,14.865384980324045,-10.138360381506432,-3.9509683243000469,0.2447207912125781,0.2561489041027378,0.8305084745762712,True,5
-0.8254733425772538,0.56419185275487271,-0.016772417218732932,-0.54423234803235521,-0.80344741395178032,-0.24141956086735167,-0.14968270457713026,-0.19015731986757628,0.97027587914533608,16.0256092412614,-11.221861140097342,-4.1282867470569879,,0.1598881110227948,0.4642857142857143,False,1
0.25669359555203497,-0.9637857227290092,-0.072287472402142491,0.94761461012472881,0.26568529795115503,-0.17730728448308075,0.19009194796394308,-0.022987020605728832,0.9814971463040254,2.0261355292164089,19.652971948658532,1.5085660622232617,0.3552362837794042,0.2397355354099771,0.9791666666666666,True,5
0.60383762521529682,0.79699509968087467,-0.01337660117607058,-0.7894210307836812,0.59560590027737503,-0.14855318142405347,-0.1104289750508496,0.10026177057807341,0.98881394550732771,-12.044838748090251,11.562204823211715,0.021178721379349147,0.2311313854616487,0.2254413559133067,0.8727272727272727,True,5
0.26401072620953486,0.96403562001598864,-0.030555847013344233,-0.95130813955953497,0.25503820970788699,-0.17311364821056818,-0.15909481466751341,0.074771885955784365,0.98442775510269165,11.140978565544872,7.7432751063374168,-0.41382053623210685,0.3023673337970268,0.2506388632379081,0.9763779527559056,True,5
0.98897870891327089,-0.11325261381356028,-0.09536749331212678,0.13090875066824298,0.96977739412650676,0.20589974463238989,0.069166554885448567,-0.21611490301596545,0.97391495336075395,4.477342285646384,-19.945828244669272,-5.6156843298600769,,0.3806258245028263,0.2391304347826087,False,2
0.73970114775215923,-0.66620811654965295,-0.094915528010454872,0.65229972711438466,0.74451137290390013,-0.14215442878521051,0.1653701243291491,0.043238421110335316,0.98528328967827716,-9.9662394559619489,13.985206670123487,0.47622155237741659,,0.1475704261667596,0.6382978723404256,False,4
0.99151514319607981,-0.1125260350379827,-0.065081581507284408,0.10172278443466488,0.98336373954517842,-0.15049329179263204,0.080933280791756546,0.14259609807548831,0.98646650063442576,-17.40372590949864,5.3844391869207291,-1.3221462455241082,,0.172580365988363,0.9117647058823529,True,5
-0.26481083671091687,0.9635723584572391,-0.037463726157677853,-0.94540576899361661,-0.2670792160279109,-0.18675284286860011,-0.18995565986316817,-0.014035753740710678,0.98169233719270599,1.0511332435526966,-6.1640266811030235,-2.9746417933385794,0.2438237395587477,0.2125609761970573,0.988135593220339,True,5
-0.32420032429782697,0.9459834087699176,-0.0030886983067967208,-0.92670320365290815,-0.31824528961685911,-0.19985271570863727,-0.19004031694516763,-0.06193000862851579,0.97982108160962311,11.069086258712789,-2.9921389589577903,-2.5146445448317327,0.2459428091758807,0.2193542297194087,0.8770949720670391,True,5
-0.8564291462240825,-0.50793181982854096,-0.092381729273467508,0.51443347973361675,-0.82455952377935227,-0.23549901629079056,0.043443209216769002,-0.24921247591249179,0.96747394250311147,-11.723966176597035,-13.925003815707743,-4.7511505322402332,,0.2163609736293167,0.7647058823529411,False,1
0.77840611095043077,-0.62116040067005096,-0.090794730433248011,0.60955077291673054,0.78246225663896563,-0.12728186112747042,0.15010590152169523,0.043732980402414537,0.98770220448953128,-11.251781760381363,14.666673358691325,0.60783854641762725,,0.1229122832407609,0.3636363636363636,False,5
0.97693830490466882,0.20874223866989219,-0.04492467256501681,-0.21299741111111178,0.96746099772582306,-0.13656983832207817,0.014954974756121262,0.14298914530283871,0.98961126360587004,-16.879383513061139,8.9271368174046479,-0.65028081795219195,,0.1194368401941971,0.3181818181818182,False,5
0.86895806982136869,-0.48096136905883818,-0.11656772437244448,0.47406971999441383,0.87658240878361693,-0.082832247316672672,0.14202032768846923,0.016716521293631346,0.98972257953383092,-6.0787724061989739,-1.9288671611886106,-2.2757875223640145,,0.1875249680530209,0.1694915254237288,False,4
-0.35347625396000837,-0.90034101050362825,-0.25385153671330146,0.9243276442162911,-0.29445879390580532,-0.24271881844863019,0.14378088893855243,-0.32043733162171251,0.93629427664554021,-1.7565067987296752,-6.9755276807534869,-3.1497275728887923,,0.5677346061207926,0.2230769230769231,False,5
-0.69223931812078365,-0.70227502202536551,-0.16617617123686879,0.71853541790918596,-0.64928126198756275,-0.24928035630973661,0.067168293544975749,-0.29196512851899004,0.95406749450505102,0.33582176032546196,-14.129126582907832,-4.4656723121113515,,0.1739117985525231,0.1428571428571428,False,2
0.05117335200705047,0.99834696913076593,-0.026165191988116489,-0.9827477986999068,0.045676634357096305,-0.17922167621215407,-0.1777302793416152,0.03488515875298015,0.98346071274043745,3.906563840076398,0.92491030426493703,-1.7789312659801397,,0.2523271396017113,0.9518633540372671,False,5
0.72385906251976462,0.68844589550190116,-0.045500621694577956,-0.68521903393827654,0.70962485479231308,-0.16403487735748071,-0.080640765972940481,0.14991602458568024,0.98540461356527198,-2.9984465655425034,-4.9274344461193884,-2.7667851746460124,0.2145349780523813,0.1833309713495025,0.8582677165354331,True,5
0.90680040178285948,0.4192781169339046,-0.043805159362832392,-0.42111292588363919,0.89614882619265679,-0.13993278732035269,-0.019414813420805511,0.14533802659277273,0.98919155022975869,-7.1888643393137039,13.035780722403297,0.3852229102841786,,0.1403962878031208,0.5,False,5
0.20674167037211594,0.97837885705305039,-0.0057178495359165166,-0.96441121616229741,0.2027986474439579,-0.16965763977864559,-0.1648298755447774,0.04058966206399419,0.98548647451977989,15.03659998808163,9.1298634071138647,-0.052281563857517303,0.2539923457503512,0.2558385565909746,0.9010989010989011,True,5
-0.23322783761211593,0.97231250242620604,-0.014600458501888125,-0.95407857820438802,-0.231705060517918,-0.18986003144917271,-0.18798628240983267,-0.03035065989524529,0.98170260011352373,0.51767048853242192,23.003775318980686,2.2272941856593804,0.211636527108702,0.1919098393125701,0.2307692307692308,True,5
0.95796850261569644,0.28649791141730929,-0.014672925739600891,-0.28640178101316405,0.95221011709659908,-0.10615984519284052,-0.016442865587478595,0.10590014000179518,0.99424081213701532,27.528084022531193,5.3640479282379276,-0.56732829536497631,,0.2052945387271519,0.4444444444444444,False,4
-0.51477593996586257,0.85732382274205576,-0.0012627712417763517,-0.83947170925236847,-0.50435465452970152,-0.20227118385753848,-0.17404878912870242,-0.10306427806554352,0.97932873622173422,24.821828566867488,12.47048345562758,0.6789672341326527,0.2730738947359748,0.2577207415572408,0.9047619047619048,True,5
-0.88916911097828888,0.45655885160984061,-0.030533704308249036,-0.43824548649924022,-0.86889419061863415,-0.23013860839118927,-0.13160237704967293,-0.19125088372578172,0.97267873104585967,5.588388437880055,21.214751899288558,1.8989877576034411,,0.2407949155981806,0.9056603773584906,False,6
-0.54730759943462881,0.83586562526139252,0.042226154306135119,-0.81609977922279231,-0.52181829107110966,-0.24836831814089383,-0.18556815985942629,-0.17039462318397314,0.96774486846295293,-14.253350603897157,8.9565181036785972,-0.51916365896231653,,0.2281294858677096,0.5151515151515151,False,6
-0.76554691296261879,0.64285326834591106,-0.026030740104437386,-0.62158842402078363,-0.74945264825568814,-0.22792226557730977,-0.16602938046250451,-0.15830478009054375,0.97333131123154626,-11.226751331164323,17.670773099595909,1.1780750998060971,,0.2599632928552463,0.896551724137931,False,5
-0.93963716800225705,0.33754978353125215,-0.056054760250157598,-0.32208784588921974,-0.92783355333316686,-0.18810719507661294,-0.11550503036292425,-0.1586979550818268,0.98054757508940182,6.9252045070830368,-2.0876217020909134,-2.394689517130653,0.2337698983664288,0.2295602172934544,0.9535452322738386,True,5
-0.9206167077059495,-0.37678967438466587,-0.10244227042463898,0.39015189916734944,-0.87710356518875909,-0.2801264562822966,0.015696275633655041,-0.29785714228513077,0.9544814035490512,-4.7869380650244633,-8.4321446027975657,-3.4332212317599211,,0.1618342033506166,0.131578947368421,False,2
0.073242974767313854,0.99731013438852933,0.002821789001389241,-0.98158707061375927,0.072588178796782352,-0.17668553733360534,-0.17641510550724707,0.010171142752910763,0.9842633074558691,11.4695215539901,0.67985451041909872,-1.7397758083872539,0.2916189813964468,0.2738453618919097,0.9948717948717949,True,5
-0.30599978594293448,0.95178554569282969,-0.021642689599020597,-0.93268379499419374,-0.3042634055815549,-0.19371297989329833,-0.19095829271886972,-0.039090344512621361,0.98081949175563266,-9.9086791056370824,11.533973216798175,0.066765504162270367,0.2219750314761424,0.233213886254534,0.9863013698630136,True,5
-0.29246211086281176,-0.90146504837470465,-0.31910293052314526,0.94342777368766362,-0.21747534387030526,-0.25029684505248989,0.15623683798773566,-0.37425291096701369,0.91407046177431528,3.2898794019588062,17.552743095352064,1.1581249022769691,,0.2758405405086553,0.2758620689655172,False,1
0.9383783339643732,0.34141786474223002,-0.053665109532210542,-0.3455701147697533,0.92924214346791234,-0.13073000642996727,0.0052343217580942333,0.14121926369308183,0.98996450514031908,9.6154832756105524,-19.565867976396966,-5.5496406730574241,0.3392715246016481,0.2628472595263715,1.0,True,5
0.57061754929328745,0.81697505191389219,0.083350926742383757,-0.81645874314923361,0.57529135220527494,-0.0493455247514753,-0.088265129998743599,-0.039895170486132447,0.99529776559489258,7.1454963605046125,-14.36779891128201,-4.5478464018832794,0.5190500986747038,0.226990445732263,0.1111111111111111,True,3
-0.024891092497807424,0.99898979791607234,-0.037414130671028598,-0.98289240629155683,-0.031287676427770229,-0.18150371610009056,-0.18249096188210723,0.032256239138410969,0.9826782707824504,1.8993612552656822,-11.840246383348697,-3.9890679889076606,0.2706069878916813,0.2496031560300739,0.9813664596273292,True,2
-0.99694287414580163,-0.028287781015563434,-0.072833420454650813,0.065376118673538236,-0.8124835713480838,-0.57930683527526805,-0.042788652667405405,-0.58229738771067707,0.81184905214468872,-8.1555087958828789,-0.52189675961499282,-2.0895596646286738,,0.423599208183465,0.5362318840579711,False,2
0.72910934092583612,-0.62267723085814008,-0.2840292857180966,0.66422565076816609,0.74381992255804219,0.074405696471135846,0.16493590826833246,-0.24290942545851754,0.95592424238906792,-4.0083451067871927,-2.9104560617440205,-2.4588009662095462,,0.4939162977192506,0.5263157894736842,False,3
-0.12523566120195054,0.99194162036354816,-0.01917944091592937,-0.9743532435676564,-0.12661190887474469,-0.18602467922369706,-0.18695396736227965,-0.0046093732362104262,0.98235786135495029,26.511225943470361,-12.380348117195718,-4.4069313366135354,0.3231529502736984,0.3241599899195982,0.9807692307692307,True,1
0.60394454521339169,0.79579815997706838,-0.044229796338007332,-0.78956820950460382,0.5897973609496574,-0.16947305259690434,-0.10877972626681587,0.13727476677791633,0.98454182722695183,3.3332633728932581,21.811493014310045,1.9480546644001913,,0.2333018561472979,0.9555555555555556,True,5
-0.061364281762609982,0.99810619412142687,0.0042953672950142435,-0.98468627776579054,-0.059834531831759463,-0.16374603256331358,-0.16317891807310955,-0.014277746913089147,0.98649317617486565,6.9967607121887321,-25.265919165586972,-6.6858070513612677,,0.2649738005729073,1.0,True,4
0.2305269221362283,0.97305150160253795,-0.0053022070351091619,-0.95937032085101492,0.22636795271790119,-0.16842249687178462,-0.16268351373331466,0.043912699886842266,0.98570063870732583,4.3171922908392357,5.5360663593614383,-0.92630809349645726,0.3080002620774305,0.2817264486595027,0.9024390243902439,True,5
0.36529452821844122,0.93003510306911874,-0.039932627172260711,-0.91926935832578438,0.3536440853022757,-0.17285747821258887,-0.1466415851556622,0.099852731509604137,0.98413702171654116,14.454044497466796,-17.093977723987162,-5.3096924850269964,0.2831143122985814,0.2623258706595167,0.9629629629629629,True,5
-0.042807411802350544,-0.98097832916740979,-0.18933843560857258,0.9823202265719907,-0.0067564584435024014,-0.18708640446824107,0.18224845119324623,-0.19399965972449235,0.96392408106885918,-5.2102896003309134,18.314376754238502,1.3770238859997876,0.1560832036617426,0.1219524181193769,0.1428571428571428,True,4
0.30972992113716796,0.95035549449779688,-0.029863188547270172,-0.93830453792786139,0.30042068079955531,-0.17126590043529502,-0.15379197006457898,0.081066939166209023,0.98477214690398107,-4.4078614329977848,-9.4050045554924804,-3.6329193835196389,0.3412112725285813,0.3030756391423312,1.0,True,5
0.71879678363254917,0.69254290404598806,0.060954982528518088,-0.6893604393924897,0.72135311313943606,-0.06657229727624614,-0.09007423849301073,0.0058319996221748195,0.9959179782192461,-1.7190188669610718,3.2357325408581805,-1.2625056930062444,,0.625010906138371,0.5409836065573771,False,5
0.99813060653167007,0.012700108518720726,-0.059782936932983054,-0.021918789824949943,0.98748607892326845,-0.15617557614863334,0.057051371213407157,0.15719399217642077,0.98591844990663846,-10.5248184006145,10.533196544715029,-0.09319545638785659,0.2573556492212675,0.2274075338454108,0.8421052631578947,True,5
-0.13965833087703022,0.99007100783671043,-0.015967155596489046,-0.97213011002453775,-0.14015844960692431,-0.18793258947681996,-0.18830454004171435,-0.010724199036937013,0.98205213291082172,16.35499387134622,-20.723498422365491,-6.023087843005257,0.2725791722335303,0.3159289329342218,1.0,True,3
0.96587406183558089,0.25760610989730598,0.026951601377556256,-0.25873412324904776,0.95477961230657482,0.14646687472003361,0.0119979223111394,-0.14844185416278183,0.98884835328422938,-4.0903624880422926,-0.734340249738337,-2.0143612509355915,,0.5842226344862849,0.2296450939457202,False,3
-0.19579012971630996,0.98042188834300004,-0.020955809781942596,-0.96037959549213281,-0.19602208000007998,-0.19810698300365315,-0.19833622379191862,-0.018661859778399917,0.97995636500895955,9.7243754044134114,22.871929285890232,2.2810950971141954,0.1842770630221042,0.2313516500528253,0.6222222222222222,True,3
-0.65993304641012973,0.75126658714650141,0.0093214426508933038,-0.72125755096061361,-0.6300001111460739,-0.28790172826544891,-0.21041843892145867,-0.19671902549876202,0.95761459135117288,-3.2023191098761021,27.30982333542789,2.9939658593796832,,0.2491183451192885,0.163265306122449,False,6
0.90186163365230765,0.4289311111489601,0.051611003037221222,-0.43195452782562971,0.89741459593037376,0.089790472223167772,-0.0078025404149359087,-0.10327218841314839,0.99462252913526517,-8.4403670308827543,-1.2544131797138389,-2.2012312226861446,,0.4592148282884906,0.3457943925233645,False,6
-0.14285312041327813,0.98935881667035019,-0.027606482297317287,-0.97179440514073256,-0.14549581752539914,-0.18559795586100467,-0.18763960169792829,0.00031457790507925798,0.98223789425748709,20.724828338425386,-6.0263345859292183,-3.061763825255817,0.2570238038303786,0.2428124821503541,1.0,True,2
-0.43397329102810034,0.90087731058782927,-0.0093409818691263836,-0.88079716036612221,-0.42643403045036626,-0.20579207945115729,-0.18937672762305091,-0.081080755681577063,0.97855115660495184,16.902027304747502,-12.312248085708061,-4.4102596641953156,0.2609517624204862,0.2617178671904229,0.9347826086956522,True,4
0.17380723490807984,0.98389228931651806,-0.041797226189155094,-0.97040617762946912,0.16389095129450218,-0.17734600785567417,-0.16763918250865245,0.071384305749113725,0.98326058874570299,5.6980398127607454,-17.717997916758524,-5.1534978092191146,0.2717501575521694,0.2913225979107619,0.990909090909091,True,5
0.31803682811328071,0.94805746902259713,-0.0062937583454345733,-0.93599879611799131,0.31292144719297177,-0.16120304448839154,-0.15086029838666534,0.057159455185676479,0.98690119416969113,20.149037479927397,0.52736826684679716,-1.6238630970990631,0.2697849473972862,0.2522382034830441,0.5714285714285714,True,5
-0.75543386958038328,0.65470469275683107,-0.026104290317719242,-0.63632454411298711,-0.7425604173526259,-0.20903373206373235,-0.15623937803961938,-0.14130036044991862,0.97755995462504253,21.124172145924238,-12.6231689211866,-4.4513489626247393,0.3256334368103957,0.342698402085101,0.95,True,4
0.2741952794217084,0.96161860118544451,0.010325434470284257,-0.94919718400983932,0.27234617793761978,-0.1576460124156692,-0.1544074305551463,0.033424919101160577,0.98744170469574488,21.140120827484704,11.536973907601821,0.41381986666149634,0.2177475515942403,0.2072798520254874,0.52,True,5
0.086098982500908222,0.99601604894020879,-0.023216275882293719,-0.98054384171893716,0.080589298162200854,-0.1789948029658682,-0.17641071305160125,0.03817584675234284,0.9835760596137777,-3.2618045953864439,19.325970124721088,1.5614638159383509,,0.2576404509300471,0.803921568627451,False,5
0.44362038509510299,0.8959093128371719,-0.023397801172303296,-0.88569827180380456,0.43427757097941616,-0.16413885179314236,-0.13689238566050937,0.093538732703859942,0.9861597133488722,13.647893876638671,4.1686762575663403,-1.0158818292695897,0.2550457040285554,0.2443292733638515,0.9682539682539683,True,5
0.13222414653224884,-0.98743816978107912,-0.086502230799045648,0.97386029115040773,0.14567381950428018,-0.17428502985476779,0.18469680125617041,-0.061196398345224209,0.98088841997207377,-16.673450599414785,6.4503533684432854,-1.1032133332359806,0.2351837945830585,0.1879107668598551,1.0,True,5
0.15910668018116084,0.98724068424795475,-0.0063949736011087339,-0.97329907657819559,0.15576769341983829,-0.16859814120770589,-0.16545081400150349,0.033049312432973765,0.98566412691846828,18.177673401211063,5.3698567987087706,-0.73950613236915219,0.2992238446280761,0.2711571247598087,0.9594594594594594,True,5
0.87602205406251643,-0.47029319848720691,-0.10681604866668154,0.4622226681526585,0.88194896566647241,-0.092283405906356281,0.13760656176915281,0.031469499781733426,0.98998692150025913,0.21463933756466524,-14.390022635685284,-4.4999177842158691,,0.4052985792775841,0.4074074074074074,False,1
0.98753650850664576,-0.1404388175826381,-0.071053380514191813,0.13328610694094997,0.98631881030330226,-0.097005247994136873,0.083704588064392668,0.086325795437220576,0.99274437746033184,-4.7989091163666373,-2.2960855306376668,-2.3402600638732607,,0.3762880036683203,0.2142857142857143,False,1
-0.4971470372281323,-0.86242753777395187,-0.095202759752268565,0.85833293736045213,-0.47277960256618312,-0.19935901293781272,0.12692277974212193,-0.18082640704974468,0.97529094043573061,-7.0747257877639846,-7.9305821969119785,-3.4207149793145599,0.2174251847548516,0.2074695952234792,0.8255813953488372,True,4
-0.14104172326720713,0.98989251380818355,-0.014833860061771269,-0.97175091488556919,-0.14128974954747489,-0.18904329158124386,-0.18922841149488079,-0.012248174530412978,0.98185670568764616,24.37412217309339,-7.8450854795965128,-3.4327407156433059,0.2488754434184155,0.224832037906396,0.9534883720930233,True,2
-0.33240288867464651,0.94298419518834919,-0.017003741521528525,-0.92105345880500145,-0.32844538399222917,-0.20924663858121817,-0.2029010734917206,-0.053892832168826559,0.97771504898755068,-0.53924811917134785,-17.272588992924959,-5.085012955925384,0.3997875963821866,0.3593971612950296,1.0,True,2
-0.093830263799860217,0.99551025395158321,-0.012458566229831863,-0.97778042343926175,-0.094500964494421733,-0.18712298428723859,-0.18746019613290377,-0.005376056815037604,0.98225748807475877,-11.731982381781787,8.8733819570939563,-0.45852344195891825,,0.1282608186689021,0.5609756097560976,False,4
-0.048713305305429978,0.99880773973500159,-0.0031800835960293025,-0.98321299720786293,-0.048512752506646259,-0.17589404471374082,-0.17583860784182331,-0.005441680777723841,0.98440396794332496,23.579242311997458,1.2121292350492419,-1.5106047395635502,0.2969299290800602,0.2690664455310325,0.7551020408163265,True,3
-0.97690899010945842,-0.20434815312511762,-0.062375134129477983,0.21275935676030186,-0.95714650926603428,-0.19647904700192792,-0.019552011514403462,-0.20521304079954764,0.97852201136793149,2.9674961294990916,-1.7230902930113134,-2.1718606176583837,,0.2324509901129357,0.9138755980861244,False,4
-0.42494029401057404,0.87842319643286493,0.21862853083455458,-0.88475377218840101,-0.35196799995186512,-0.30549842816007911,-0.19140665903933979,-0.32325100924599237,0.92675362200362887,7.1997836943078521,18.760734588075628,1.5109200917308394,,0.3580165423063775,0.2285714285714286,False,3
-0.59125521978393603,0.80572941521298536,0.034890894783460122,-0.78076245956363899,-0.56102263025705434,-0.27507015482526204,-0.20205753342646479,-0.18987816567472202,0.96079083852085934,-1.4549126727717738,26.542369598938773,2.8981435138430505,,0.2421684326083752,0.9230769230769231,False,3
0.96232126852339006,0.26899018951040632,-0.039775043616431742,-0.2718091909557882,0.95568030577691665,-0.11311461825112783,0.0075855032458735649,0.11966382534957784,0.99278548994393157,1.036115413566137,-21.851569614365225,-6.0188775897002946,,0.2015505738709871,0.6666666666666666,False,1
0.014605531625565082,0.99988722803966745,0.0034942308288169951,-0.98208226675364296,0.015001932855169948,-0.1878546335298529,-0.18788586901084653,-0.00068790534189584057,0.98219062661597412,-19.509121734499754,4.8720879191069226,-1.5169246342124463,0.2912744860796843,0.2235202213914808,0.4193548387096774,True,4
0.085814174068395074,0.96736457185587577,0.23841500088513354,-0.98620182159742875,0.11647817742932595,-0.11763843445343966,-0.14156939855375861,-0.2250302630777502,0.96401218150617074,-2.4661709538240144,15.960855229134708,0.88096892737550825,,0.2493520261794773,0.45,False,3
-0.98083364639209958,-0.17446011192323566,-0.086769968611892234,0.19416892909745428,-0.91227241991957775,-0.36063479980060631,-0.016241461705289374,-0.37057077758750451,0.92866221723502163,4.7813995112243779,-15.412525864062918,-4.7192226260922645,,0.8571417433128675,0.3464912280701755,False,2
-0.86537560615569931,-0.47564331922474146,-0.15776087330997335,0.50112377809522435,-0.82128683307357764,-0.27269561207973303,0.00013891804395679136,-0.31504185546819452,0.94907776815439793,-0.17136337356171438,-4.2514013571939406,-2.5974581814946172,,0.7422849383555067,0.4266023432115782,False,3
-0.38472857887682432,0.900808986165333,0.201313414950927,-0.89816691344161792,-0.31507313458194836,-0.30663515040429101,-0.21279125027635878,-0.29878435418958987,0.93029446601456978,-1.5535533061902074,-3.313520217089339,-2.4670959687441423,,0.4644155356799435,0.3952569169960474,False,3
-0.0079572462301779282,0.9999181446874098,-0.010019289262322078,-0.98347169425652037,-0.0096380553483096584,-0.18080523909807819,-0.18088700569317473,0.0084149755788524606,0.98346788425314935,-17.825277084209095,12.027949425983973,-0.12431056348764515,,0.1259751833688965,0.55,False,3
0.38078902071273296,-0.89888414813412731,-0.21681100050002405,0.90503646253991954,0.41036903516623768,-0.11183137506960819,0.18949597140273444,-0.15363770113456818,0.96978695269230064,-3.091702748032009,-9.0361642266546642,-3.5301410607804891,,0.3917899877541661,0.5,False,1
0.55401085097875791,0.83166680198922427,-0.03744739599504001,-0.82403942965948596,0.54141914049426232,-0.16680627288241628,-0.11845250256647813,0.12327061602616804,0.98527831593934279,-0.79196049512305378,-2.2865811357668702,-2.2946509338032737,,0.2335908920873694,0.9885057471264368,False,3
0.97163583932629982,-0.22524148193688634,-0.072042144273704894,0.21267773523634767,0.96549953325203131,-0.15026254431776442,0.10340201483247788,0.13067871328179451,0.98601779762010355,-20.830929651286418,7.4596922095752465,-1.0862277158743532,,0.2620167520375635,0.7692307692307693,True,3
0.0035265272965600124,0.9987893988552391,0.049064247060521739,-0.9834908265695097,0.012341143366976295,-0.18053667282305,-0.1809236238274258,-0.047617569391822531,0.98234373282795773,4.7575752243879608,-25.076761232235029,-6.6416606108129743,,0.1615984638789806,0.4545454545454545,False,1
-0.90465975279859712,0.42576157252470764,-0.017827367379098919,-0.40614213793956144,-0.87412566745260689,-0.2663698205323124,-0.12899339307213914,-0.23373361089458711,0.96370602555027862,-11.606988952463745,20.083811870069106,1.6175669438611804,,0.2780638251826296,0.7142857142857143,False,1
0.41958392627917634,0.90765589059798812,-0.010493477542028978,-0.89684851761268425,0.41274904357125469,-0.15906276587230164,-0.14004308359959422,0.076151239607696347,0.98721270425482743,-14.507958649976635,17.818206410749944,1.0931049144380252,,0.1815218113680084,0.7948717948717948,False,1
-0.26774935122076171,0.96197712023514925,0.053947243348958639,-0.94485172237286286,-0.25119883663557213,-0.21012940584785011,-0.18858819594528312,-0.10723415788369747,0.97618406447405137,-24.268388234694395,4.7009512385141417,-1.7614631517679407,,0.1604070199566861,0.32,False,2
-0.22431029404643388,0.97241230423551495,0.06402501508144412,-0.95564868307246797,-0.20662585905092787,-0.20986030809403564,-0.19084152201934423,-0.10825924876352533,0.97563284514744431,-11.101132271102381,24.131332526218124,2.3941690943674003,,0.1870971095710727,0.7647058823529411,False,2
-0.94332991804019817,0.33164749829466816,0.01177296076444511,-0.31189597663065566,-0.87391469602307903,-0.37281899607785313,-0.11335592393819804,-0.35536325210941105,0.92782939895130512,-6.4767687354468482,12.524308315593672,0.31471313699925263,,0.3165857230090234,0.2272727272727273,False,2
0.49518732755721195,0.83129292776492847,0.25247094659536445,-0.85921811398184655,0.51160897285050644,0.00070107369620225901,-0.12858360405675456,-0.21727477337892362,0.96760422158076209,-4.7999238863512819,11.798622594880865,0.20112431642472595,,0.5689924950428429,0.2884615384615384,False,1
-0.073507007370113314,0.99721027809375618,0.012976175540724187,-0.98000516039525387,-0.069814263111714514,-0.18632191031878267,-0.18489620187056927,-0.0264126850271207,0.98240305608415912,-5.6245253238882054,15.988082085555645,0.96363237679912495,,0.07179253618187569,0.2,False,1
0.96328011312270378,0.26835015458162159,-0.0089229030215050402,-0.26837087822072447,0.96331493049338479,-0.0011901309012785077,0.0082761938926299503,0.0035410767493740357,0.99995948187419414,23.193463398057709,-25.216755756532219,-6.8281742366101685,,0.2311512465511814,0.2962962962962963,False,1
0.5449975147610806,0.83835876760081918,-0.011501551681467749,-0.83001375288291379,0.53753140610152517,-0.14878560911505637,-0.11855327464674717,0.090634233275031145,0.98880258739001081,2.0727611429713391,24.924056037306386,2.6210254626217377,0.2217442281874801,0.24271707858713,0.5769230769230769,True,2
-0.69147590788825253,-0.71697732135554038,-0.088343587610827723,0.7167366865649839,-0.66562379630976032,-0.20792663109383405,0.090275084834995661,-0.20709534627320259,0.9741467685159243,24.028577704883741,9.3920088365889747,0.10183271912077137,0.2108610924766886,0.2848584459763805,0.4333333333333333,True,2
-0.24280689836804698,-0.95244031432042908,-0.184125657533357,0.95661043544589053,-0.20357056108454955,-0.20845983175601276,0.16106298426675347,-0.22675201061274777,0.96054268035426915,-7.8010242976259248,-1.7065785407861882,-2.2903566168627827,,0.2661057102846619,0.1363636363636364,False,2
0.9343297544058119,0.35435187097229282,-0.038244758731224487,-0.35627912541892037,0.92568962947870848,-0.12713730635143627,-0.0096485658365991836,0.13241397741177227,0.99114753884741602,-6.2415186286864319,20.018537489492349,1.6958052332576932,,0.2318172610126247,0.9387755102040817,False,1
