axis_00,axis_01,axis_02,axis_10,axis_11,axis_12,axis_20,axis_21,axis_22,location_x,location_y,location_z,dbh,dbh_approximation,score,reconstructed,number_clusters
0.97099057122220378,-0.23255300209127638,-0.055645411454264083,0.23764654039675398,0.96429759374222912,0.1168514978098366,0.026484569753603436,-0.12668564212760297,0.99158928778183386,6.1155792038418975,-14.412015234901419,-2.9156875536971696,,0.2273706037307835,0.2857142857142857,False,6
0.48390254324313753,0.87322690575437889,0.057559531873166328,-0.87045850843986683,0.48706275453239006,-0.071216979941337355,-0.090223687175084888,-0.015641106545104668,0.99579869554974765,-16.310046004712348,-16.779818939683746,-3.028954262590188,0.1643570282142807,0.1225594691681686,0.4375,True,5
0.97779747803365147,0.20952144675012352,-0.0035854292307999133,-0.20910335258037524,0.97444145786736347,-0.082095268615052966,-0.013706928564824961,0.081022271882893793,0.99661803694708251,13.415956402687991,21.957619445746985,-0.3703455933990662,0.3072529976051798,0.2663801123825152,0.9777777777777777,True,5
-0.35122835483922654,0.90010496494649517,0.2577783831813662,-0.92884379209845713,-0.30031593334460671,-0.21693213238134262,-0.11784673367170123,-0.31562856692325358,0.94153638012818441,-10.498247242013141,-2.1772015402665486,-1.9189599616642929,,0.533234993692192,0.231404958677686,False,2
0.64310811312459049,0.76513914218979451,0.031209740825511811,-0.76124380218652499,0.64319851196797662,-0.082483621615353192,-0.083185506345354279,0.029287664489463856,0.9961036111985645,23.647150622271351,8.2967485346975671,-1.5369174697520349,0.2163618343998409,0.2317624522706382,0.9487179487179487,True,5
0.041102669592401941,0.99205884624204888,0.11886890318866278,-0.99347367495879579,0.053247571502426178,-0.10086998212036069,-0.10639843850473425,-0.11394710054227725,0.98777296508953172,13.727594835054704,-14.684429171597678,-2.9597468423470032,,0.2372418628774907,0.2051282051282051,False,2
0.99067932471673015,-0.13512736179158324,-0.017177650422880851,0.13356250744385684,0.9883988651468677,-0.072310026840643665,0.026749433341919801,0.069341758498263475,0.99723426953963801,-14.207069925713521,2.1962932262579464,-1.5552242836674113,0.1831907353827941,0.1525039867161394,0.7681159420289855,True,5
0.99164309744745871,0.12898461038030215,-0.00263392669876065,-0.12884457570253843,0.98911537487496537,-0.071062300117517671,-0.0065606856993482825,0.070807806568209453,0.99746840147052074,-14.126148296924248,-5.260032989342867,-2.1309282811478441,0.2634363217863651,0.2483824035302059,0.9680851063829787,True,5
-0.99318431200941459,-0.11390735096476107,-0.024698942782565327,0.11654696287917257,-0.96817688467485596,-0.22147308058753171,0.0013144664417441554,-0.22284217593956773,0.97485364891377024,-9.3390496696533649,-13.460820773472408,-2.7630978168002005,,0.1354905939310915,0.5076923076923077,False,3
0.90945555918800558,0.4157032876303326,0.0090201172588790009,-0.41403824620739083,0.90738208028893463,-0.072319368415607752,-0.038248091972529152,0.062036578112088694,0.99734073737945883,12.077925546717625,-2.1308860258159048,-2.032930132428612,0.2964061474288731,0.2941603728266349,0.9811320754716981,True,5
0.78218084952499489,0.61801261791255846,0.079079218112113825,-0.62115333843582832,0.78339114388375775,0.021606615526794909,-0.048596798108337377,-0.066020601219342945,0.99663415124520693,2.6122758454799579,14.056868532043209,-0.80952833277855818,,0.1681033946137031,0.24,False,4
0.97947057369257184,-0.16857727386787685,-0.11054002897420673,0.17481570133372817,0.98336416909740332,0.049339451786271693,0.10038359346795848,-0.06765067383735314,0.99264622121469404,-10.664463417091898,12.471459131817166,-0.93456137889809388,0.6155886036951402,0.3420341558149261,0.9178082191780822,True,9
0.83520350249319297,0.54987461916238189,0.0085447424846849494,-0.54758140234879271,0.83295733109955794,-0.079603343957601796,-0.050889264337714533,0.061806049611086246,0.99678999543867786,-9.8672827496518778,-11.808217693838465,-2.6429357150058275,0.3082568743529047,0.2546235948020729,0.9537037037037037,True,5
0.94632214481190224,0.32321929197441385,0.0019202953317816931,-0.322132640634816,0.94359537864935084,-0.076539684015745429,-0.026551084276225705,0.071812608134979902,0.99706468658588543,10.025880160635456,-9.36950312519288,-2.4638685661086974,0.2944832129237011,0.2726370027719746,0.9930555555555556,True,5
-0.23210665143310219,0.9725829898289895,0.014450960377019975,-0.96651072104700675,-0.22893458140745615,-0.11595681755287429,-0.10946930374178022,-0.040881356766852055,0.99314912586539272,3.2167064450192493,6.9644088683706427,-1.334021107778312,,0.1168959979702683,0.3538461538461539,False,5
0.94960681396393964,0.31342376869835109,0.0035270509179426163,-0.31241752822891328,0.94734802051502109,-0.070192706755096049,-0.025341407391689039,0.065553560095490723,0.99752721458124394,4.6030329804236016,3.4483343288340915,-1.615563778297151,0.2753391261184818,0.2440774294366757,0.9320175438596491,True,5
0.89412091594411869,-0.43790913915233309,-0.093719653851863899,0.43501435269211319,0.89900873905641876,-0.05045592187296144,0.10634989714669411,0.0043443005249597126,0.99431927791320474,-10.532251325532213,-1.7277102831693683,-1.8763980736199244,,0.22747624561994,0.7954545454545454,False,6
0.58308605873863706,0.81196418437885165,0.026922321419777892,-0.80814331031313669,0.58309692295611426,-0.083080493710843126,-0.08315670809242498,0.02668598368242206,0.99617911048873808,15.661078787049535,-3.3643885958533657,-2.1258201003903485,0.2692816550547968,0.2599330875791607,0.9907407407407407,True,5
0.95748143958969256,0.28832345757165923,-0.00994367412845335,-0.28848757531237018,0.95664312401740614,-0.040110499381166891,-0.002052250384049251,0.041273685129155011,0.99914577073829425,-16.468199438701884,-8.2130419498935918,-2.3112065055972892,0.2872374398832244,0.1502209693630583,0.45,True,4
-0.44140945281569416,-0.83819073458281956,-0.32030296193520302,0.89184655701492177,-0.37050445587105479,-0.25949213267520249,0.098830226679800764,-0.4002033740977306,0.91108168989131399,6.418262952308841,-14.101864270316561,-2.8797873076310472,,0.391494956601554,0.148936170212766,False,2
0.88202584625053926,0.4696737402998174,0.037907574688980816,-0.46813070297095588,0.88260721582541934,-0.043106235150165845,-0.053703365648157315,0.020275113949923176,0.99835107465879913,-16.288855471913251,-15.626542176141747,-2.9263845364034231,0.2170152406078998,0.1584161299414962,0.6923076923076923,True,5
0.69079530033115133,0.72268488831496314,0.022987066833030034,-0.71867747262410919,0.6897615786335991,-0.087929829884463601,-0.079401154796514009,0.044221226148501505,0.99586140590691941,-16.186082782129521,0.29807912401257847,-1.708562500967677,0.2467008711493826,0.1360625309110082,0.2857142857142857,True,5
0.96501944418612573,0.26216823535229367,0.0022997206282300946,-0.26143717848396003,0.96291352346810644,-0.066694437763471032,-0.019699595149383874,0.063760196788465062,0.99777079695511706,3.6829958174078015,9.9177387869975906,-1.0874643967037725,0.1809906785787015,0.227341787436072,1.0,True,5
0.89423740315335754,0.44747517083222987,0.010268314866974127,-0.44577115888555841,0.8924310035775912,-0.06967767044987061,-0.040342790029532054,0.057731060462814843,0.99751670860716568,6.5585953280026636,12.196658420844145,-0.93465917178265956,0.2192473287258501,0.2058002406547045,0.93,True,5
0.99886605282643415,0.047145291848496008,-0.0066279685771698741,-0.047550524435288913,0.99481863159612149,-0.089860101575449464,0.0023571459158921726,0.090073368349036662,0.99593234317266277,-10.710353478966519,-4.7963651439415118,-2.1738890130268929,0.2077398812687057,0.2274016950706514,0.89937106918239,True,5
-0.30500264666979959,0.91904515840755197,0.24965853146259082,-0.94614926651917441,-0.26254925174031934,-0.189392333202348,-0.10851244624303749,-0.29397939930926886,0.94963211918727553,-3.9839595760797164,-16.599856666466057,-3.0914023910637591,,0.2516638878904832,0.3380281690140845,False,5
0.97153042285571145,0.23684254214749148,-0.0058521530156343104,-0.236608125049732,0.96872013285571434,-0.074819110930693752,-0.012051249987243405,0.074073709432718571,0.99717995013168226,7.3114710891694914,-16.358929787223865,-3.0770253018233533,0.2668683462514262,0.2209402249939353,0.5294117647058824,True,4
0.56929869543429024,0.82204414089474043,0.011934227978585944,-0.81777541822396693,0.56771531491132254,-0.094565779031081709,-0.084512488576733769,0.04407665635875388,0.99544707927584053,-10.223292087150101,1.6367319228735804,-1.5584385724355965,0.2893216580396677,0.2253749139927414,0.920863309352518,True,5
-0.82448563636311745,-0.54894210172912072,-0.13742635984454585,0.56297613100786892,-0.77111144518220842,-0.29739706626733609,0.05728273165900806,-0.32256736979772604,0.94481161116672396,-9.0713908837922226,-5.0765614666456091,-2.1985560341448394,,0.5414717651605446,0.3690476190476191,False,2
0.99385027562221484,0.11064089680048315,-0.0044968434299811968,-0.11066397148856683,0.99099235137232555,-0.075416476554717504,-0.0038878091551162886,0.075450324563486229,0.99714198259989006,9.0606065381849277,5.5499380247723016,-1.450676472342262,0.282877173739256,0.2671195882111487,0.9948979591836735,True,5
0.81320946703989994,0.58196634726896412,0.0023523101626355247,-0.57926081484074377,0.80980530862476685,-0.093125026245275425,-0.0561005446205236,0.074367551859430697,0.99565164396173989,20.966611123072834,5.2118770700135801,-1.7330073111701545,0.2426004505798019,0.2496213619755609,0.9183673469387755,True,5
0.87728655748949036,0.4553031221094031,0.15187943588804309,-0.47778941174848288,0.85853868128122168,0.1860876426981129,-0.045668085894626488,-0.23581857378360127,0.97072345505266866,-6.2522765255219319,-11.88345419114267,-2.7669116383997996,,0.4387705091468807,0.2941176470588235,False,5
0.63984288750162899,0.755826222853208,0.1390244588589743,-0.76456033858585126,0.64436275024988865,0.015624812059288423,-0.077772539980807978,-0.11629001220161757,0.9901656755750935,11.362082254477961,26.058128930936412,0.03728178507957973,,0.217525540293165,0.5714285714285714,False,1
0.54614036272932087,-0.83567275718730438,-0.058152790929196341,0.83192248276042746,0.54920400740105046,-0.079246078340530157,0.098161534602982048,-0.0050991322394917764,0.99515743074892016,-8.8337743442701804,-6.6059563080086363,-2.3488623321028745,,0.1567502601411393,0.5714285714285714,False,5
0.99022048739041379,-0.13741269551567384,-0.024106792889308948,0.1366054087937251,0.99009421963276012,-0.032440692626629471,0.028325759311809518,0.028830320166673942,0.99918289817154926,-11.880109440837657,9.9757254615843927,-0.98721291215201634,,0.1932182182194112,0.2666666666666667,False,2
0.99629208074264564,0.085997466303615738,-0.0025545330003275031,-0.0859427187836002,0.99340225524301085,-0.075932920174220833,-0.0039923599003996533,0.075870910548510195,0.99710965595312906,-2.9803167026720772,-20.963561784280646,-3.4876171827828801,0.1662071175035852,0.2069485867584074,0.967741935483871,True,5
0.97329709812524168,-0.22871048628687715,-0.019602863143066425,0.22722275015717772,0.9720410134830757,-0.059212244661097292,0.032597248227333411,0.053176889427805435,0.9980529233656853,-13.818795213909937,-6.7000792424119613,-2.2085739008834446,0.2173924938575072,0.1252168510791486,0.5,True,5
0.83892327588190219,0.54416622238488166,0.0095320301586657268,-0.54187763263902511,0.83677218211560689,-0.078618995688141985,-0.050757939567168016,0.060790111472619653,0.9968591645353132,3.669799222902022,13.734510434983095,-0.78725321710077645,0.3207779583726907,0.2723023568627293,0.9666666666666667,True,5
0.9409399444611326,-0.33804362400588117,-0.018934866951014276,0.33547411298305313,0.93841706189263541,-0.082647065689164578,0.045707115810516091,0.071413767704594414,0.99639898301158458,-9.9373714997229836,-6.0565744903360992,-2.2944886324867606,,0.09819942191182043,0.7258064516129032,False,5
0.96197053324193815,-0.27263850643773613,-0.016761204659071088,0.27031620992230221,0.95900624815079871,-0.085065637368869379,0.039266268316006048,0.077299811223124404,0.99623435965509965,14.330461329215295,6.2569189195178989,-1.5214028914634676,0.2803482818062482,0.2669343508059557,0.9361702127659575,True,5
0.64795733945225253,0.76159556007764617,0.011112565859242895,-0.75785297349141423,0.64609599017407382,-0.090657829508577994,-0.076224384682211321,0.050320714929347692,0.9958200986266641,12.412950065217423,-10.940274916270235,-2.6118558222906594,0.281120173528323,0.2654923213488168,0.9152542372881356,True,5
0.81768004817078133,-0.57502781948494697,-0.02724602066018831,0.57137870434094629,0.81644119602248022,-0.083367557617112675,0.070183438567011355,0.05260019254497602,0.99614632694958094,15.967890729204015,0.30380062037962369,-1.9094756545900236,0.2932179887208963,0.2528518625785671,0.9642857142857143,True,5
0.92362539754248885,0.38320299257650547,0.0084611757392454977,-0.38170813112831858,0.92158153925895536,-0.070614227515575834,-0.034857246664161262,0.061991394382653817,0.99746781370502802,-13.779168718070629,9.7860681562593097,-0.99648470025226488,0.2795523939268963,0.2205330008596814,0.6590909090909091,True,5
0.83691114765791974,0.54611686384769298,0.036552728312176125,-0.5437424039151656,0.83719908719465208,-0.058667593993598402,-0.062641273218701665,0.029224295057390739,0.99760814524939523,22.057485164353174,-14.433673082988902,-3.0895197119694218,0.2821845783878534,0.2363922661511996,0.8787878787878788,True,5
0.82129409845252876,0.57025792460150526,0.016789975468516447,-0.56798346799370281,0.82007384185533894,-0.069811703821583609,-0.053579697021314363,0.047799511857445284,0.99741888027713588,-17.76046077437158,-5.4243748286213433,-2.1072441581718437,,0.1298280703555444,0.6956521739130435,False,4
0.99852793265663875,-0.05301685688483438,-0.011453409558470537,0.051858734446029023,0.99504408540195344,-0.084840672841792988,0.015894633248908697,0.084121822333119364,0.99632870060098133,9.1887322820162751,0.86779914311673279,-1.8401440217232325,0.2593171459101866,0.2411261575640319,0.995475113122172,True,5
0.94517587481728704,-0.32598006046762146,-0.019482449561157612,0.32364893134070172,0.94302726404839043,-0.077142391092256984,0.043519362419490039,0.06660765300575347,0.9968297174822125,-11.316202931731723,-14.465933924880902,-2.7684423648633141,0.2134462471639058,0.2206449743650876,0.8064516129032258,True,5
-0.24552804107001028,0.9357269697403191,0.25324102975016344,-0.96337550209410427,-0.20647747389639279,-0.17109849426075302,-0.10781290745201079,-0.28597568231226272,0.95215244898744011,10.213944644239982,-19.868005948018798,-3.3967747293741377,,0.2006177391408379,0.15625,False,1
0.98344288118234402,-0.18034844716961257,-0.017735192563992926,0.17882428543362824,0.98164740590545996,-0.066258927083346075,0.029359400384283488,0.061990387017612808,0.99764483536300874,5.5530653520731663,-7.7463690201098094,-2.3450179812775773,0.2993845129290492,0.249043104885675,0.9830508474576272,True,5
-0.56566669914510848,0.76932784602460036,0.29691050976586653,-0.81993554338610553,-0.48634202773567276,-0.30195552114522883,-0.087902731302330811,-0.41425366309678391,0.90590673495701923,-3.0145667276637571,-14.920688781017242,-2.927017530038504,,0.4118155847408406,0.291970802919708,False,3
0.87796508302067466,-0.47830902973372053,-0.019944549924440665,0.47491701296865818,0.87546988761970412,-0.089477967478435713,0.060258972688131587,0.069086525070606322,0.995789088243209,-4.6289285900356898,-17.165141338950868,-3.1566628255649056,0.1795097151943611,0.17602791279866,0.9770114942528736,True,5
0.92359323989410413,0.3762604923259304,0.073508973170357844,-0.38064443153803407,0.92284208702618242,0.058926217868169248,-0.045665566469702275,-0.082404637780943729,0.99555217427877307,-2.2418857959658203,-24.94094085318698,-3.861319726584739,,0.1996390688904018,0.1304347826086956,False,5
0.63200606213100508,0.77472527326424812,0.019211673412205151,-0.77126667352831613,0.63121645493371104,-0.081935983093423231,-0.075604601276823447,0.036966714576163143,0.9964524104437793,-12.574424161819669,-19.693632842631757,-3.2517208022153126,0.3651309232394094,0.2324561369599583,0.4,True,5
0.50753802965215167,0.86148536074409554,0.015751878631628382,-0.85723206395607321,0.50670805111060202,-0.091652274741573253,-0.086938696691524431,0.03301399950489943,0.9956664797281608,-7.2027743259977672,-20.694719157711983,-3.383990068332325,0.178251814919836,0.1289878959097652,0.6111111111111112,True,5
0.88646025553702057,-0.4566702400111754,-0.075103310455508207,0.45415218258208423,0.8895894487041297,-0.0487484134122576,0.089073062197110323,0.0091051986479452583,0.99598347624265926,14.542268108619865,9.8078772408218367,-1.2547131768066431,,0.2928159038199824,0.6410256410256411,False,3
0.97948019624723681,-0.20016576677560294,-0.023499169572739495,0.19891886145398635,0.9788906410003787,-0.046951033212453738,0.032401106729913191,0.041313179168421255,0.99862074358070174,-14.237224134142858,14.360072277459158,-0.7634788040399958,0.243285124511641,0.2149869961348078,0.627906976744186,True,5
0.81723236096424501,0.5761016220297378,0.015433382244678181,-0.57391901886296293,0.81598835773568179,-0.069137253541042748,-0.052423544139817944,0.047643689346327213,0.99748776979233733,-9.6173589707835667,-2.76396244686326,-1.9603021251418373,0.3142973312418383,0.2461037694596207,0.8888888888888888,True,5
-0.98094853311792962,0.19413925101431015,0.0070658749908257251,-0.19141529495699569,-0.9596953950744439,-0.20577884616605996,-0.033168663378400687,-0.20321097383879461,0.97857301203394143,-9.4079326351450874,-13.910558139840424,-2.7932103756110949,0.1705494069421726,0.1480923227164948,0.3611111111111111,True,5
0.94383837011318872,0.33026882263616669,-0.0095726640284096026,-0.33039535639663375,0.94365604883915799,-0.018766191963523172,0.0028354141887566523,0.020875015779414571,0.99977807244537475,-10.851566113702761,5.9334275115550463,-1.2820463758874308,0.4094669455381363,0.2208797710875891,0.7764705882352941,True,6
0.95368739725698692,0.30079778515530681,-0.0010201758953857307,-0.29961493371610215,0.94962551168007459,-0.091881875583019912,-0.026669079614628475,0.087932246713135237,0.99576939106426166,-12.592287093268229,-7.2179104652419372,-2.2640681055549283,,0.1885147197461049,0.1764705882352941,True,5
-0.41042072887711578,0.9118862806263327,0.0042704230998682462,-0.90605228930154658,-0.40725670071724662,-0.11494010950199945,-0.10307315052624255,-0.051043030144947918,0.99336324409262189,-15.289899632057946,-22.683984836904479,-3.6070312058288505,,0.2287634636769657,0.4666666666666667,False,1
0.99725720271466034,0.073646986131182007,-0.0073615940886044909,-0.074009811268609171,0.99331371764325915,-0.088602517897142352,0.00078706398517372315,0.088904329340713489,0.99603985901908687,5.0318024857715624,-0.70712350416930825,-1.8664189146155683,0.300434366778197,0.256137068846505,0.9700787401574803,True,5
0.99526226608838309,-0.096232273086425651,-0.013869798745442672,0.094987562458503427,0.99283607190666856,-0.072483772660724005,0.020745714709582499,0.070822905458327659,0.99727314783043886,-14.65567321501085,6.8104467599884018,-1.2636875979665876,0.2326043291942103,0.1993685456394488,0.9324324324324325,True,5
0.21636826670851858,0.97585867750966215,0.029742472840117599,-0.97059554659691716,0.2182933680978191,-0.10145092592353347,-0.10549435097569723,-0.0069171506853486307,0.99439584418812466,-12.913939401604789,8.7825988654291525,-1.0211701929246639,0.2465222724739616,0.2036165594799494,0.7692307692307693,True,5
-0.24873776903158754,-0.89965784807726468,-0.35881092325927544,0.96249967789000601,-0.18817887975955291,-0.19540491107972263,0.10827692422129119,-0.3939599797002542,0.91272758371583773,-6.6458299183162532,-5.3067666195381529,-2.2620962164881333,,0.6765611186385891,0.2265625,False,3
0.89236463527378584,-0.45099053162871272,-0.017114265801764471,0.44755748572741355,0.88918151781644617,-0.095123737011308718,0.058117593567167024,0.077225441111667681,0.99531832926108099,13.73645109087952,-7.2025666498207386,-2.3913953679048703,0.2309945762405005,0.2237744037418469,0.9897959183673469,True,5
0.89076766031413024,0.45432247823781025,0.01113827214362844,-0.45279874471580106,0.88933992824124064,-0.063622235261428933,-0.038810721743947306,0.051629234002840252,0.99791189494563837,11.350829162708486,14.673462128427355,-0.83336973420675509,0.3252006216197909,0.3021361228520436,0.8860759493670886,True,5
0.74527277707450257,-0.66535025303548834,-0.043330457385897136,0.66125239779312828,0.74588995549758486,-0.079958993869668649,0.085520489734903893,0.0309388925694336,0.99585592871764328,-11.046335119962889,-22.967816983712851,-3.5949047056500665,0.2790919014691605,0.1073125766600584,0.44,True,2
0.46504926483123304,0.88468815735246142,0.032496854005229295,-0.87886942947781144,0.46577922803571287,-0.1031418278866697,-0.10638471323116745,0.019405539692645701,0.99413566368980089,23.577822538422019,-9.5225097249087138,-2.7000332401428353,0.3157983453449899,0.2942305657815049,0.2058823529411765,True,5
0.36984668193678227,0.87462952270133798,0.31342723219207475,-0.92440070615146586,0.38026883774601916,0.02964701512742289,-0.093256454613214634,-0.30069720493965996,0.94914931629035693,14.346786252911588,-14.357228974647709,-2.9806896253253417,,0.4395908326105574,0.3157894736842105,False,3
0.68331305304467072,0.72995314344700779,0.015864422794505215,-0.7262452463052278,0.68175825867244511,-0.088167561784219778,-0.075173890133674814,0.04872458418239415,0.99597931762583436,-7.2256397991792607,-14.866631487396244,-2.9919293340491593,0.1470014853423975,0.1107705023173504,0.7073170731707317,True,5
0.98748363614281098,0.15770050058583102,-0.0025730264575763596,-0.15766944647903594,0.98660737379233299,-0.041787984225017734,-0.0040514191547504821,0.041670638266940917,0.99912318755459706,12.024528133476405,-14.713031386314075,-2.9096205313966386,0.240298220677953,0.2173452499281824,0.12,True,4
0.75966756277782033,0.6485149970747911,0.048306238026698603,-0.64630705372926911,0.76113462094354234,-0.054417654312949364,-0.072058215097239031,0.010118664448223819,0.99734909949665396,28.635176540162416,9.203894360847201,-1.612467867471957,0.2431643762061145,0.2963739349244187,0.3333333333333333,True,3
0.94430569696559297,0.32903364307290128,-0.0048592596659668089,-0.32819730079770509,0.94062562860031762,-0.086660017132231898,-0.023943316967946104,0.083428343783347889,0.9962260933272834,23.611838556467134,-1.4748138416631753,-2.2114083603976136,0.217103562530168,0.2032974959181452,0.8571428571428571,True,4
-0.96584484176352992,0.25898791368936086,-0.0083067563835028373,-0.25621595254716006,-0.95931230980462856,-0.11863084724328898,-0.038692729279983115,-0.1124506683845915,0.99290368106917892,-15.148454618891902,20.225926004181602,-0.41245838496595555,0.2937863519111131,0.2259624724272823,0.9428571428571428,True,2
0.9252528828382327,0.37925040867108911,0.008730997786810548,-0.3780762757059799,0.9237848931552558,-0.060661362714915915,-0.031071410457804552,0.052826117602437106,0.99812021758464442,-15.64379794583507,7.6422121565507339,-1.1575586336407142,,0.1257748160047568,0.8205128205128205,False,4
0.83873472010445727,0.54401121674551089,0.02399719455201061,-0.54209657551834689,0.838329929503289,-0.057742810031142539,-0.051530302760410485,0.035422102620822703,0.99804303641844072,20.692332791332394,12.174111046264192,-1.1263231688530528,0.2783773901046899,0.2957456890402777,0.9130434782608695,True,2
0.89146021200470416,0.45306534515181585,0.0055211805797964206,-0.451305961038246,0.88894954021754502,-0.078048987683126847,-0.04026934248127375,0.067085825399122043,0.9969342365906817,-3.7700644702052641,-20.145527071063452,-3.4205574642490473,,0.2470727580625339,0.9846153846153847,True,4
0.80071747244742175,0.59834526498398743,0.028887249586184549,-0.59624379390200466,0.80070544946170319,-0.058001046849827709,-0.05783482991032711,0.029218608344237743,0.99789849452520463,26.138217970152567,-0.032100756308210354,-2.1082776629683972,,0.07704981290494883,0.2,False,1
0.73620900917152821,0.65170727648886917,0.18241140475896253,-0.67344019305107028,0.73213186632216987,0.10228018722584852,-0.066892459948898531,-0.19814276693101279,0.97788794997939721,-19.52804171457662,6.262656835850418,-1.2570937572855134,,0.2702071766131474,0.3103448275862069,False,1
-0.097746780642522402,0.9571136685694529,0.27272512225965884,-0.98919535155694838,-0.063350818677079396,-0.13220903989920313,-0.10926171942701562,-0.2827014312140409,0.95296473043727326,-18.838265838639508,-1.4924700367644874,-1.8477317452044475,,0.2617123906770793,0.1935483870967742,False,1
0.99850622175754788,0.054286725203588682,-0.006186806780443619,-0.05453555574145641,0.997156966112419,-0.051998635496028796,0.003346381842976422,0.052258362011724076,0.99862799146049119,-18.906621982021427,3.8191733452299759,-1.4425626903001783,0.3362761633428187,0.2679186402128984,0.9545454545454546,True,3
0.83666813677802732,-0.54753561158979236,-0.013826891963769414,0.54484232894770079,0.83460205582388614,-0.081155683728186989,0.0559755793827173,0.060366898674160646,0.99660552479766762,-15.680443478104012,-2.0365589318399446,-1.9161478468571336,0.1573575274890471,0.1241178629456183,0.3461538461538461,True,3
0.67064137681387037,0.74086357970321903,0.036895798873702028,-0.73753484563374294,0.67129128169114349,-0.073555194252161907,-0.079262192634368359,0.022117219418232088,0.99660841528857191,-11.039382531347046,15.838548999189053,-0.73138179372612822,0.5357875431971444,0.2023903132889631,0.3636363636363636,True,3
0.99465386678696477,0.10210498224314747,0.015435604518931322,-0.10127630936142477,0.99373294190543504,-0.047306969191626566,-0.020169145937974607,0.0454907987739833,0.99876112898882741,4.3795234132836152,18.005917325227582,-0.50470270381796711,0.1551268356865364,0.1652520402432222,0.5454545454545454,True,3
0.9928294103723494,0.11953752994365199,-0.00073541462034959655,-0.11923593538011532,0.98984864291051777,-0.077346336967146753,-0.0085178409073124878,0.076879405975702933,0.99700401369457936,25.14540727200006,13.034132341495157,-1.2451611713782413,0.3197653268855039,0.2921997057967421,0.9230769230769231,True,3
0.85245440168964393,-0.51842897044330039,-0.067475148351471517,0.51804184896978489,0.85500473538937993,-0.024485611646555633,0.070385621798207273,-0.014082083185337241,0.99742045255611422,-19.200196641698085,12.085386276353761,-0.87458995355130875,,0.2114097069293716,0.8,False,2
0.69723179399500845,0.70942529635340523,0.10287650040891418,-0.70889899628262687,0.70367492425639411,-0.047998062900939414,-0.10644265363089388,-0.039463272376241254,0.99353541035102144,18.141348110334619,-19.885965205712687,-3.4964209112389932,,0.2682108458043333,0.8372093023255814,False,2
0.82274935393353021,0.56840433887719899,-9.0263688750617452e-05,-0.56637506608638721,0.8197986109585339,-0.084554846023746286,-0.047987343306333106,0.069618568040667697,0.99641882251710168,16.317372051061167,-13.850126266177472,-2.9754514083902417,0.2924944669317768,0.1896145250652349,0.9736842105263158,True,2
0.97433556045691749,0.22501318004488832,-0.0062677296681695645,-0.22446347558407076,0.96910848915018821,-0.10220021715124182,-0.016922285833357417,0.10098418224221249,0.9947441033648039,9.4824076577882277,19.165515877011476,-0.46776454157057906,0.1547702385207823,0.2294030033288454,0.9090909090909091,True,2
0.77081326512872506,-0.62336902601488009,-0.13136958440542273,0.6328609161222416,0.77291416802963031,0.04572471655441529,0.073034041011783235,-0.11838389360180834,0.99027838640917787,-10.910343717187121,14.641660350440702,-0.8097030964231523,,0.3641265089076279,0.196078431372549,False,2
-0.85797228487696642,0.51344128349501361,0.016174263074115916,-0.50826706842762137,-0.84391857715505147,-0.17165669892138047,-0.07448587473467129,-0.15549753546467232,0.98502404586356362,-10.111377427570886,-19.873346050497172,-3.215415213124885,0.3236435279836523,0.2462837097248608,0.6052631578947368,True,2
0.075674241542614873,-0.99542039692836815,-0.058409267637238665,0.98997332410665162,0.082008719879108544,-0.11501037962295171,0.1192737470031672,-0.049120293593977168,0.99164558690747195,6.4437541424948561,20.323236347339492,-0.32142724727570665,0.2554014700066602,0.2161006735078309,0.53125,True,2
0.6703728516676708,-0.73768419911950722,-0.08013901744073719,0.73713250563026189,0.67443899867401358,-0.042044098406868784,0.085064145738422831,-0.030887852580029077,0.9958965968778023,27.630032949460052,3.9505837320081487,-1.8609231713414072,,0.2150576838830107,0.391304347826087,False,2
0.45918765193116223,-0.86743671076682471,-0.19157310126418658,0.88281154849450594,0.46961320464273171,-0.010354123329234216,0.098946804691606161,-0.16436846059757451,0.98142373060880539,-10.35676752663487,15.207576170451565,-0.76361651038710421,,0.2312417248519331,0.5,False,2
-0.94667313714148649,0.31939994596065086,0.042351457295247065,-0.31920464787575104,-0.91187874006619141,-0.25804177218003871,-0.043799134571537911,-0.25779999599618003,0.96520505483299013,-12.076428188251041,24.121616471245947,-0.018809121287958763,,0.2204706401018592,0.4444444444444444,False,1
-0.96671642754972142,-0.25532343244584044,-0.01641016604363707,0.25514939614567805,-0.95733900092782354,-0.13564963305889888,0.018924437957341597,-0.13532177262581355,0.99062095854136234,18.472973990616484,20.861175244149194,-0.42161131198345292,,0.2543290085377135,0.6756756756756757,False,1
0.85582536561565692,0.51715439257349771,0.010690080016791668,-0.51499355236198907,0.853820031789569,-0.075980223350816306,-0.048420910714360152,0.059520480145890155,0.99705201862731119,-18.879456387855448,-8.3572272809826949,-2.3322729256515369,,0.2205785111986282,0.8837209302325582,False,1
-0.26659565415575431,-0.95888355895021926,-0.097309185384666014,0.9583445123236265,-0.25299431262818645,-0.13255064495121333,0.10248196370316398,-0.12859314971161287,0.98638798095008773,-15.175094589810618,12.494707031565994,-0.8912256403367832,,0.0909806911756179,0.4444444444444444,False,1
-0.38407583677505835,0.83807417696046504,0.38744990065501261,-0.91741743268334719,-0.29910095029664857,-0.26245737890244086,-0.1040721183326076,-0.45625683057208272,0.88374130759067882,-7.6491083950356735,-3.5836844300912047,-2.069349251686166,,0.4684509783772686,0.1840490797546012,False,1
0.047176500741973944,0.99769159999914381,0.04884515399598395,-0.99299546948480755,0.052145134476560481,-0.10602302831493092,-0.10832532187992681,-0.043501221150334106,0.99316326371752217,-26.258444025094196,15.730011143738365,-0.65254635232217251,,0.1874151615344557,0.625,False,1
-0.56331370510600265,0.81682041392906346,0.12442701084773401,-0.82074536615329952,-0.53584055781051809,-0.19812102499028367,-0.095156258741268679,-0.21372718122425954,0.97224789967800829,9.7767719033664537,22.297459325979649,-0.24946320189411209,,0.2917831795569165,0.5517241379310345,False,1
-0.89399381458662874,-0.43862352302228547,-0.091566721751781252,0.44624213607180924,-0.85305359578131246,-0.27049495137366847,0.040534127286996284,-0.28268174291257825,0.95835693598418237,-16.437877358251903,-18.046460320472697,-3.153387278843204,,0.2247252018244099,0.2258064516129032,False,1
0.69351486814061536,-0.71657470204160179,-0.074550815300000697,0.71542992912900338,0.69717791493436709,-0.045858166494506442,0.084835983959486716,-0.021532564216980916,0.99616223804351645,-10.375229572139913,25.155481957064065,-0.025396188083766678,,0.1502816700381699,0.35,False,1
