axis_00,axis_01,axis_02,axis_10,axis_11,axis_12,axis_20,axis_21,axis_22,location_x,location_y,location_z,dbh,dbh_approximation,score,reconstructed,number_clusters
-0.67591303361574173,-0.73667040170052234,0.021407714655144894,0.73497650261157421,-0.67593099634246612,-0.054100173681226098,0.054324134574084172,-0.020832845265871092,0.99830600567206074,9.348779574706322,-15.486980411269654,-3.3817405694512477,0.126889063071772,0.1759077197375306,0.8909090909090909,True,5
0.64479207257140614,0.72277853623988453,0.24866517789992704,-0.76402759906604978,0.59988844645779638,0.23747774563487212,0.022472450120981795,-0.34311082663970749,0.9390260644029953,6.0363332920775674,-5.4311180747091816,-2.5471615928965776,,0.619926384267069,0.3941176470588235,False,3
-0.8445333696825198,-0.5354593057114172,0.0068351605493226497,0.53079098331737551,-0.83872356057916608,-0.12167054268959067,0.070882434507157727,-0.099126791819633825,0.99254700625304693,8.4337051145068642,-7.228660968208084,-2.6903091318236392,0.1497516272640987,0.1881459779132186,0.6216216216216216,True,5
-0.99369926026287114,0.10567924986197688,0.037331974253071845,-0.10797158255568812,-0.99196579407173102,-0.065924204599369332,0.03006522099440502,-0.069539625683843864,0.99712603162604674,7.6634738661453072,20.341155325585575,-0.37785165907769425,,0.2533325643398384,0.8857142857142857,True,3
-0.99430187067718445,0.099417031962475089,0.038471336389882926,-0.10196787147027951,-0.9922307228729752,-0.071279350269157382,0.031086060472049662,-0.074796031597570936,0.99671420703308078,13.148766232817714,0.86367956644725463,-2.0620653660317299,0.1152762044852296,0.112941540317715,0.9347826086956522,True,5
-0.45201727116607937,-0.89191117794111963,0.013222603043920103,0.89044933865121678,-0.45205350802055683,-0.052417565585593628,0.052729136757420039,-0.011919586821462776,0.99853771164980276,11.033646169776119,0.83442953444035051,-2.0300973915548686,0.1877929323455897,0.1150013190086949,0.8688524590163934,True,5
-0.63209162810706454,-0.77330445358550415,-0.049602376372372282,0.7714221616264092,-0.62191698946955543,-0.13463694426406256,0.073266788032501265,-0.12336725770621354,0.98965271560151369,8.4387137484846981,13.400266187826347,-1.0022888164325969,,0.2358431215156164,0.1351351351351351,False,2
-0.99209568361875855,-0.12432885122674731,0.016985031576791692,0.12247804821548831,-0.98886877612943069,-0.084484740051711665,0.027299858064681437,-0.081736652420552156,0.99627999949849899,-5.9045260475848007,-18.010300094816831,-3.0389991363106525,0.1497227634356016,0.1296413224405007,0.7142857142857143,True,5
-0.73954092609256794,-0.67277353297136844,0.021330540719144104,0.67091350797621019,-0.73931460159701468,-0.057349670273719892,0.054353320498416478,-0.02810148036441984,0.99812625621818307,7.8404677613321727,6.9117954976381393,-1.4801486793444036,0.2270280622289627,0.2006454622386701,0.9578947368421052,True,5
-0.93106089469367503,-0.36473303453325595,0.0097685153619276668,0.36201700140402815,-0.92680315686298509,-0.099897943538596323,0.045489570965763254,-0.089474700049609474,0.99494973590849467,-11.993890041731479,-22.77173108212742,-3.3350645227488367,0.3721253549643047,0.2956694726748496,1.0,True,4
-0.82275729146111554,-0.56779757266195119,0.026006841922170922,0.56603475707833251,-0.82264931141207931,-0.053411274207831844,0.051721302447265527,-0.029223738850932057,0.99823388039112915,-16.065289894305891,-13.070354154376954,-2.5575079670125525,0.2411289788052504,0.2419461483048254,0.9821428571428571,True,3
-0.68640520199441624,-0.72719787215786491,0.0055815234550369158,0.72501509447841783,-0.68490168077208358,-0.072545161479083825,0.056577481858562033,-0.045748687463680944,0.9973495105237159,16.545925622389053,-16.538535934363694,-3.6108926775834349,0.3152544350357864,0.3045306586298897,0.8333333333333334,True,5
-0.98674401551176927,-0.16172910382479069,0.01341435155866566,0.15565122711848919,-0.96656390429565886,-0.20378153598704907,0.045923233207363218,-0.19899225082591168,0.97892448164453416,-5.1582785652349701,-5.2793209165783299,-2.1926353848346198,0.3193912604371731,0.2565487979932665,0.4726027397260274,True,6
-0.9555424697455327,-0.29361928252923924,0.026950054538433795,0.28876901258152343,-0.95037947230377418,-0.11572085376583259,0.059590652667189381,-0.10279384977038347,0.99291609845146744,18.167291020464521,-14.789964314445475,-3.4846611479124219,,0.2003747187009913,0.5862068965517241,True,2
-0.9818040622978107,-0.18835156917076371,0.024175807048128897,0.18592013468170834,-0.97933979503895996,-0.079544134749106335,0.038658592517740842,-0.073601985326209915,0.99653813824689541,13.392747106515982,10.553493793242319,-1.3221070237351735,0.1532796379874494,0.1534844714665369,0.625,True,3
0.46295496977443934,0.87077654996456166,0.16559256019810645,-0.88210123105280569,0.47094595049374322,-0.010360013931923956,-0.087006402846415171,-0.14127318126721891,0.9861398349718804,-5.8853283724926024,1.9008648643429016,-1.5301399106740166,,0.5395874407722292,0.7038216560509554,False,5
-0.85779186547378727,-0.51363764007211488,0.019222128606122782,0.51140886437952116,-0.85662359666494658,-0.068242120943453388,0.051517850897044255,-0.048707169266558277,0.99748359520394636,-9.084298548926883,-3.4193746709678696,-1.9243241985465362,0.2299791220860391,0.2219437916666201,0.9428571428571428,True,5
0.81327267443891427,0.51924903740088602,0.26261758160723125,-0.57666541206825783,0.77952749987783643,0.2445278705145027,-0.077746765431904605,-0.35031031114208516,0.9334013747431561,7.839629392880572,-3.9494418797350739,-2.3645166846393351,,0.4839603665913774,0.3557046979865772,False,6
-0.09779543223738503,-0.99517899914270813,-0.0074035868889779921,0.99419077961501778,-0.097356888743152806,-0.0458947703201361,0.044952721408026967,-0.011848876721993772,0.998918844030105,13.818657730290715,8.1604384596560617,-1.5193546724534988,,0.1246060458484795,0.4838709677419355,False,5
-0.35878305777164765,0.92606107155694284,0.11698550851637447,-0.932971993206964,-0.35189607510108006,-0.075712695235878688,-0.028947838389985873,-0.13630863536571347,0.99024339360446412,17.319324529914926,19.34152529259266,-0.6607845920307277,,0.2012580313756109,0.2142857142857143,False,2
-0.95839044768174741,-0.28410442161359761,0.0277925783615602,0.28169580666682109,-0.95701773255556966,-0.069025590041125962,0.046208465660624726,-0.058324413360100948,0.99722767736735607,-6.9768952433796922,5.281513385457056,-1.2430887093653551,0.2757748689507959,0.246407437113459,0.9723076923076923,True,5
-0.018410833277965055,0.99621152267132962,0.084992019124634111,-0.99899977185646816,-0.014864420887824515,-0.042172322942829327,-0.040749196909088452,-0.085683435321774998,0.99548875024418237,-23.391358587638564,3.782757834065448,-1.1876523841223618,,0.2177957099571052,0.6666666666666666,False,1
-0.32941056475776515,-0.94414365451037396,0.0090243821819716852,0.94281627265283752,-0.32943218145815983,-0.050714039877811062,0.050854260853740445,-0.0081974061454963346,0.99867244213781436,17.872147911559193,-8.4422694087842238,-3.059028938181426,0.2822175980833615,0.274167583396536,0.9333333333333333,True,1
-0.9991686549276928,0.018226690125835658,0.0364662416083976,-0.021059908850334638,-0.99666141286366627,-0.078882877405784771,0.034906722120543854,-0.079585274238751197,0.99621669574201677,12.805042675351439,-4.0218589414230106,-2.4614352997675772,0.2208653062542414,0.1895202583262738,0.9342105263157895,True,5
-0.99932227894863945,0.0068783700638720222,0.036161731459685875,-0.0093829990561806603,-0.99753398451200548,-0.069555079414186816,0.035594130493800814,-0.069847245964794843,0.99692247447107163,-16.986817220411389,-0.90365345131988128,-1.6201602164236359,0.2908485670404458,0.2513908360576239,1.0,True,5
-0.79700572131768799,0.60129661923077093,0.056782531543748883,-0.60397157205948382,-0.79354841953155997,-0.074156901249705684,0.00046939414946473024,-0.093398509413201491,0.99562869490012407,-13.606590624241461,-16.642913348023185,-2.8645193246090064,0.2992875565106691,0.2688673810250525,0.4912280701754386,True,5
-0.83638251090308136,0.54580268207306815,0.050633266705841215,-0.54809881722876141,-0.83394956551481436,-0.064154569050752008,0.0072098549147896762,-0.081409793142473014,0.99665463605634741,-11.497493432218718,7.9415916040130972,-0.91921551361669718,0.2574339569010815,0.2342736957823753,1.0,True,5
-0.99912357700020904,-0.024397761993625547,0.03401216094297721,0.020850843863289156,-0.99466825932566949,-0.10099651578263932,0.03629490587530592,-0.10019881785603353,0.99430522311197667,11.680295229732399,-5.8718729050222453,-2.5226050867711787,0.2089204201861506,0.2071455640021017,0.9306930693069307,True,5
-0.98775237059355703,0.15135157659150231,0.03792037249390217,-0.15389520759600295,-0.98509218441812285,-0.076874269279877852,0.025720020719137784,-0.081768505315913606,0.99631942271171736,-9.06007985438176,-11.514574250167763,-2.4768139100585471,0.1595806504147046,0.1961986476593989,0.9274193548387096,True,5
-0.96198309639579915,0.26894285511634097,0.047521184019577327,-0.27216800429850119,-0.95847626614597092,-0.085134156899859911,0.022651703797349185,-0.094831365680083185,0.99523560647634013,8.4539266725090982,10.545833359914212,-1.2513620337981073,,0.2323077520577602,0.875,False,5
-0.97699229585371761,-0.21327426545007033,-0.0003762169817723357,0.21032424422011295,-0.96318308918617046,-0.16745760358677719,0.035352031564291161,-0.16368391613876104,0.98587920632385739,9.6554111879654361,-1.584262040651031,-2.1236131287718401,0.1443888961881434,0.164755888511617,0.3432835820895522,True,5
-0.99923757282766068,0.013209744837038734,0.036739293553743224,-0.016731455747664388,-0.99511787513628447,-0.097264962719427639,0.035275082396101408,-0.097805507133228567,0.99458018848977803,-7.7737293709668576,16.518199529027715,-0.40946293397049566,0.3106677262165799,0.254345246205864,0.6862745098039216,True,5
-0.74965630313488874,0.61874008599782127,0.23489600496717697,-0.66108229512877625,-0.68322597190085732,-0.31011686569323843,-0.031394684859081159,-0.38776665315565378,0.92122277244055462,4.5587118369329032,14.108611872854668,-0.88242451896360896,,0.3563135892256933,0.125,False,3
-0.5859750593849804,0.76545835669990692,0.26590737849305007,-0.8099156972504411,-0.54276480605353072,-0.22235765931715606,-0.025880361784564914,-0.34565860247931157,0.93800337814207746,8.805705012061777,-12.998569295727204,-3.2246447667514335,,0.418053612884158,0.2285714285714286,False,7
-0.73177429343486022,0.67886151014289919,0.060443639155938471,-0.68153713218338463,-0.72935870828762817,-0.059523206400946993,0.0036770807930844307,-0.084752136796095986,0.99639528019021484,6.6228590861345138,15.182218438326865,-0.82215962763506578,,0.2014487906598494,0.4038461538461539,False,5
-0.99688228944241342,0.070817058245322348,0.034794327950545864,-0.073759253346515258,-0.99300631385685001,-0.092184777410342866,0.028022732590097622,-0.09446377560688797,0.99513382092876057,-9.2027395117436122,-13.471097105425478,-2.5992059397853744,0.1717056884470015,0.1793841701638006,0.6981132075471698,True,5
-0.96105777171423823,0.27259686664832505,0.045375188387252838,-0.2751799677249388,-0.95908624909909979,-0.066554880752062562,0.025376067279330186,-0.076449428268201322,0.99675049040715324,-18.294594446832601,8.5941549310358809,-0.76641527285097344,0.3004710279139906,0.2552219746261494,0.9833333333333333,True,5
-0.98268945252374051,0.18103070223265871,0.039361462723605717,-0.18326803347975432,-0.98100251020565976,-0.063615272338160875,0.027097376313124623,-0.069727755014377835,0.99719796047605325,-7.3572899142766053,9.4451895952557923,-0.9150063207990311,0.3234891290537238,0.2437843737364279,0.9859154929577465,True,5
-0.99306998360177501,-0.11539765964761935,0.022257309294336256,0.11330022989008182,-0.99036883429498535,-0.079577823318106256,0.031226040031135948,-0.076504589437793744,0.9965801433998821,-12.107288467080284,-10.341962693260589,-2.3977186421355792,0.212157930655142,0.2449436040095287,0.9512195121951219,True,5
-0.82272711029270662,-0.56839691433430972,0.0067119121455194997,0.56595149784566712,-0.82017616064194609,-0.083725549271911698,0.053094294191178018,-0.065084662477984209,0.99646624761427249,8.3184514398430736,-4.0302222770573222,-2.3740757489958892,,0.2564521762052507,0.9900990099009901,False,5
-0.99087022269391289,-0.13164351188213591,0.029089303151741963,0.12918482498147146,-0.9888200742247707,-0.074472423115041569,0.038567898218888778,-0.070034609940065773,0.99679871119374996,11.844890428240911,6.2826228627400171,-1.6046317631209668,0.1932937326423808,0.144320637127838,0.7659574468085106,True,5
-0.92013004907559237,-0.39045012208765884,0.030156175982389594,0.38863923944167611,-0.91990338713185482,-0.052319211667770073,0.048168811012355359,-0.036420605501196343,0.99817498723449449,12.482665488018041,-11.711868487202523,-3.1202888584468762,0.2481273100890415,0.2100461149824046,0.9871794871794872,True,5
-0.9879680092614137,-0.14201909068508295,0.061235533450928997,0.12400507289314679,-0.96402605718740575,-0.23510955523004315,0.092422695117611697,-0.22468720244972917,0.97003799228819387,7.7165452744119936,-16.469523593554246,-3.4075683682414986,,0.2957487478034575,0.8823529411764706,False,9
0.42239750703434603,-0.90589354273909561,0.030614298534833606,0.90616332005201883,0.42125225553145729,-0.037610830912946369,0.021175066551778032,0.043628275616507339,0.99882340287122717,7.4006041759246495,11.309548565312177,-1.1474903674345061,0.3404312919698997,0.2844057065236221,0.9238095238095239,True,5
-0.97980299650941849,-0.19808259168784506,0.027374712809259284,0.19545910104762279,-0.97760526648066048,-0.077997966428171306,0.042211702747201221,-0.071072004470828662,0.99657761480563034,-7.0142335028735907,-9.2708882832198789,-2.4131988798477377,0.1548214471614218,0.1897808406800779,0.9574468085106383,True,5
-0.50048203248005918,-0.85972116195030679,-0.10196694983887435,0.86379725895539472,-0.48797941091154495,-0.12542085132691536,0.058069187920751414,-0.1508496543623358,0.98684971054005399,9.7688433472103213,-5.8421062249921087,-2.5205236392282853,,0.2904618627687964,0.35,False,5
0.42451133120926737,0.90368124009393247,0.056127942927106052,-0.90390739257569119,0.4265707011504738,-0.03144618525368318,-0.052359863654821343,-0.037385200578383349,0.99792824965313187,-21.170689352892165,-11.884340333766296,-2.3887863435572059,0.2748153893777639,0.2621183042165525,0.7954545454545454,True,2
-0.73268537858773952,-0.68045128138439592,0.012577347338565768,0.67839700918297907,-0.73169872164452454,-0.066290864192267734,0.054310532453015294,-0.040037912109681564,0.9977210690661833,-23.433024262057206,-14.086902662083252,-2.6013778062377053,0.219197978870476,0.2710331335776717,0.9772727272727273,True,1
-0.78211519427177234,-0.62311589072868789,0.0047338790247916443,0.62121942111987227,-0.78028484860388148,-0.072401559808531468,0.048808336508408115,-0.053685582427796384,0.99736432888221449,-14.36679835988838,10.961148539031377,-0.65027859449185255,0.3150052909938276,0.2641853069855924,0.9452054794520548,True,5
-0.88182036987809886,-0.47077712903048163,0.027599457419879934,0.46888141663477545,-0.88151958513412199,-0.055438598102161327,0.050428686306709616,-0.03594601239058666,0.99808057379682391,-20.272144815202847,-8.6365672500103265,-2.251329178781055,,0.2600835249109993,0.9545454545454546,False,3
-0.49453991080096854,-0.86915489932622769,-0.00019391283163251033,0.867498425871427,-0.4935836026445467,-0.061819966928395871,0.053635414937964428,-0.030740660006685183,0.99808729782859529,-17.921184988461029,12.278804370219753,-0.46759371135748429,0.2942199401207528,0.2690467391574529,0.9629629629629629,True,1
-0.60585777913133532,0.79048016668127419,0.089874676909531687,-0.79557221998644645,-0.60213403192421722,-0.067077942608016417,0.0010928183220009283,-0.11214148956667269,0.99369164838287971,-8.4778202240080223,-20.779014901132076,-3.2187532896484887,0.4290943413007426,0.2283907482715242,0.90625,True,5
-0.97626242922255457,-0.21500801954214574,0.026138493090520295,0.21220733741107939,-0.9736697760643328,-0.083277927013911568,0.043355682872942461,-0.075754331304542621,0.9961835001902134,16.518635773994276,4.6475222708274879,-1.9144262525199081,0.2343912571558584,0.2588880861872146,0.9090909090909091,True,5
-0.74304662035152858,-0.66915913829274276,0.010381118604744111,0.66707896238026065,-0.74180398960273219,-0.068793160700353836,0.053734327332221256,-0.044191499734498374,0.99757693107718282,20.903442050788712,-2.2269594943122701,-2.5393086790175303,0.2521092314188342,0.244515080718286,0.9452054794520548,True,2
-0.89236952669944758,-0.45092565709750898,0.018511606882816625,0.44860026688724608,-0.89075837155497417,-0.072851383332248526,0.049339926701360268,-0.056706042675455315,0.99717099654833219,8.4478500176203362,2.5638159251447847,-1.81477002711727,0.3697165891933518,0.1808384919984371,0.9386503067484663,True,5
0.75842619822395785,-0.63293935068349705,-0.15549109364818181,0.65152838778749422,0.7299211503543398,0.20670238066463253,-0.017333832657070329,-0.25807536229123273,0.96596927778458175,4.6981359024655021,13.531212928228067,-0.92772345194529859,,0.5615166120964348,0.3055555555555556,False,5
-0.74991842328225355,0.64769104658461996,0.13460559645119224,-0.66151048111314747,-0.73263240115180828,-0.16016756275847632,-0.0051226750154370199,-0.20915561899374804,0.97786895095612447,4.5777047308941423,10.188129436415648,-1.1695586180779001,0.478944378664422,0.5440917114370878,0.572289156626506,True,5
-0.99356992347931905,-0.10955273272147031,0.028583315247823437,0.1058363366624839,-0.98836539385541977,-0.10923606579735765,0.040217869152451569,-0.10550851615996407,0.9936047886451419,-7.6368103027544096,-24.637644545470653,-3.551817261170509,0.4152924784870923,0.2706836077030176,0.8947368421052632,True,5
-0.38513684705148415,0.90347022544030176,0.18817853433931608,-0.9225349950630729,-0.37150580655807841,-0.10446347963574852,-0.024470225320143441,-0.21383401842663627,0.97656347496529872,-18.441184915694723,22.792446928369046,0.094051136650627018,,0.1754579422007985,0.2916666666666667,False,1
-0.99113187650016421,0.12470624330770298,0.04589069911588349,-0.12937174893163633,-0.98443393965256443,-0.11896541110130335,0.030340632222059578,-0.12384737114776553,0.99183732269770664,7.1276656789677846,-32.9030286715318,-4.5042068098972612,,0.3259831544995421,0.9661016949152542,True,5
-0.87769754484426932,-0.46081005407778652,-0.13153369847749735,0.47796358026717506,-0.82196105038203793,-0.30972705337609852,0.034609763254395493,-0.3347149917701393,0.94168361914806109,4.2027544761481357,20.472932416540282,-0.41074288830890104,,0.2961655794554992,0.1923076923076923,False,3
-0.66579910746156012,-0.74613091745482518,-0.0004500237899185966,0.74463854481814384,-0.66442903847015633,-0.063619890040312585,0.047169758050129212,-0.042693171065701224,0.99797410140235987,11.86298228974931,13.743408149136895,-1.0419634063946215,0.3362186693551955,0.252901772084362,0.4,True,4
-0.82572649575639456,-0.563938091147001,0.012230435779006017,0.56165516232902035,-0.82400163438217078,-0.07459748765659259,0.05214626386452785,-0.054727834682096757,0.99713872218261734,-23.187550041609281,-3.2041543652069815,-1.7522370868704273,0.2509119462364666,0.2678493104445132,1.0,True,3
-0.9732066090435928,-0.22786270503767733,0.030781224257394817,0.22558683361072715,-0.97212294679456723,-0.063934003604759232,0.044491309436312146,-0.05527715593588118,0.99747930275083041,-16.737600631765989,2.6250364230914545,-1.2694831277984195,0.2766122104169996,0.2676797399655707,1.0,True,5
-0.88302136637436268,-0.46874593412264121,0.023463072472427373,0.46647568483214236,-0.88205630573564497,-0.066159723188433509,0.051707852273494635,-0.047475496368958398,0.99753314494195322,10.230137905414782,-11.706019829655267,-3.1384889994579606,0.25852428364401,0.2161438375237825,0.9876543209876543,True,5
-0.97112682907486536,-0.23709726277460838,-0.026411547394784546,0.23438983630362017,-0.92765143659989846,-0.29073048827343112,0.044430693091157658,-0.28852677546275318,0.95644038672177933,8.5410619892556969,2.7996203357976519,-1.7995455977640924,,0.4447125037003047,0.1372549019607843,False,1
-0.99704048083822605,0.067160406400556968,0.037413358336173867,-0.069746655345321526,-0.99490854767839498,-0.072748785725998105,0.032337031991509058,-0.075142940909830369,0.9966483104853997,-11.476541917068836,3.2545952266370759,-1.3166897684354204,0.2973101077358557,0.2874070744694229,0.9957805907172996,True,5
0.075526793200783829,0.9112779971125945,0.4048062690809815,-0.99617296509200115,0.086865472220686399,-0.0096857294865831389,-0.043990079888721619,-0.40252552927030005,0.91435117496345375,6.9912863388945521,-17.546189360503686,-3.4716633736791969,,0.1857072111469497,0.2647058823529412,False,1
-0.65056754362063396,-0.75938192285932249,0.010048204908949275,0.75754029576718884,-0.64981351077741512,-0.062250313252943529,0.053801221885510619,-0.032886113263927715,0.99800998596107149,10.473486610798714,-0.28274285893296502,-2.0720938939426841,0.240151102179528,0.2069443942425509,0.9223300970873787,True,5
-0.86742246022841818,-0.49753075158036386,0.0064363594646125316,0.49496061833543059,-0.8641207863445487,-0.09115510355590925,0.050914259184314539,-0.075884239728409297,0.99581590686861166,8.2329732294720461,-20.695422033697479,-3.7435691188985922,0.2213965386457273,0.2498097776387574,0.9827586206896551,True,4
-0.99936906650691515,0.00032739900933325609,0.035515654562253779,-0.0025697438145737199,-0.99800329677435562,-0.063109555886918731,0.035424078334151635,-0.063161004088007885,0.99737446439979116,-6.1512359967454042,-1.199763151809442,-1.7581095099631516,0.2293897895188405,0.207245420295696,0.9627329192546584,True,5
-0.99379916119476663,0.1032872686404856,0.041169981119332698,-0.1065695119713993,-0.99043204657957706,-0.087677250335350537,0.031720124948616799,-0.091521042634893954,0.99529781092307545,11.27071850692176,-1.2372884829349728,-2.17100283932814,0.2984137545461036,0.2339408078266404,0.7911392405063291,True,5
-0.97010976792752068,-0.24096539514722851,0.028683035284873155,0.23857564821843116,-0.96868173300207849,-0.068828484112657878,0.044370015199101998,-0.059928111013372788,0.99721608654373506,12.207718339770482,1.6957339131143656,-1.9749592517928691,0.2571392441890225,0.2053229574979309,0.9741379310344828,True,5
0.67695514141638991,0.72339982688199533,0.13573660883128402,-0.73597243364736209,0.66310815726737748,0.13649962885167274,0.0087357553249211295,-0.19230252788916874,0.98129680746772086,9.8235192491858871,7.5471476683576331,-1.4887218135672473,,0.3409625633381289,0.2361111111111111,False,5
-0.89191744569569187,0.44956450020644045,0.048734281751202271,-0.45200318537699136,-0.88950536375272116,-0.066882944494031704,0.013281207502536335,-0.081682115602326716,0.99656993809667105,9.4725254116274957,-17.76475414413801,-3.535930825838542,,0.2390471225176854,0.9861111111111112,False,3
-0.88790200093498461,-0.45949066872064126,0.022324025047201615,0.4571916638133281,-0.88676382911793628,-0.068012454063177574,0.051047225931002596,-0.050182035896853591,0.99743468156967341,-6.2330877623058232,-4.9901130266166849,-2.1012822882500863,0.3022427318396868,0.2495132730611888,0.9584487534626038,True,5
-0.81761938875405249,-0.57572672697691196,-0.0061049961425566207,0.57296976316014037,-0.81257012749577706,-0.10693660928656558,0.05660552656464482,-0.090931423314206963,0.99424709736382466,9.947046002294412,-13.667026541238348,-3.29521611204901,0.2677485854627435,0.2148334262129713,0.5294117647058824,True,5
-0.51465375909229727,-0.85000779446753605,-0.11233101796299361,0.85694151107426508,-0.50567090112964663,-0.099740595288407424,0.027977756341820804,-0.14759298457300049,0.98865239394587601,-7.8484250324088176,-17.765176667354517,-2.9773109647902465,,0.2384978585617788,0.3076923076923077,False,5
0.74462620304063443,0.62075184822386043,0.24535476492611663,-0.66590718351881983,0.71609493293159832,0.20922636059474684,-0.045819653897874631,-0.31917893094054933,0.94658616584034649,9.2331347974750102,-1.5354609868258997,-2.1084120821322543,,0.6670161087291718,0.4102564102564102,False,4
-0.9949922367380224,0.091723169711516769,0.039715349288934734,-0.09474133947224013,-0.9920933559923284,-0.082309486639677493,0.031851647148547803,-0.085659985605612526,0.99581516329084563,16.681907078376906,-3.6337432678650834,-2.5895463039251116,0.2223621332751302,0.2033537596554031,0.9210526315789473,True,5
0.90202390681257105,0.41696752966113543,0.11176292205770946,-0.43093563954146402,0.88501348318594353,0.1761976422999868,-0.025442997299390688,-0.20709711197255976,0.97798948874773184,6.7241357921381679,8.5329085202123753,-1.3081056642738971,,0.321558622922994,0.3623188405797101,False,3
-0.9297383445543097,-0.36788168023171003,0.015801266256442428,0.36589136130546712,-0.92782478109719635,-0.072558164971096448,0.041353626049538766,-0.061678561363205799,0.99723900479309446,11.56388775826324,15.192286936707626,-0.8667811885367076,,0.1191022362520515,0.2916666666666667,True,5
-0.67246740569913965,-0.74010399868630572,0.0058016722427649409,0.73819425892051127,-0.67125706575335409,-0.066956611122404919,0.053449269116316873,-0.040743377434142157,0.99773902039871809,-13.900020731972601,-5.8142045199056653,-2.0350670658042889,0.3529705208793835,0.2694567569756609,1.0,True,5
-0.97830015726427533,0.20174295670334819,0.04720785652075498,-0.20557813301774061,-0.9735340523937619,-0.099845280583104767,0.025815373745762944,-0.10738355670385333,0.99388245694749833,-15.965920038943292,16.102872364712951,-0.32446592685764253,0.2400605603884309,0.1867654303348203,0.9473684210526315,True,5
-0.43683450595666934,0.83674617230738357,0.33019911800992835,-0.89928111958001278,-0.39738385017127775,-0.1827006940051667,-0.0216583095487803,-0.37675179993198887,0.92606101250160366,1.7325436748459673,25.426904352774631,-0.0030267944796960778,,0.2249378341411314,0.4782608695652174,False,1
-0.47522564306967513,0.86948734434910446,0.13473064308373084,-0.87957008954103988,-0.46550694290649769,-0.098283995088792833,-0.022738640104040881,-0.16521211857060741,0.98599589762008177,15.888499793852557,1.3496195262994053,-2.1734916874935499,,0.2117549899050815,0.2619047619047619,False,2
0.66801076749648758,-0.74412356321437201,0.0064604317115453877,0.74411903007448843,0.66787511649534081,-0.015155785935967822,0.0069630158520280726,0.014931558374155988,0.99986427327650995,-14.131764696300923,23.516300311421247,0.16696902598930211,,0.2107893893391635,0.56,False,1
-0.52234199208979903,0.81418376825853189,0.25350273135411583,-0.85271659056239701,-0.50072596045264006,-0.14882180185853885,0.0057671031984474937,-0.29390186122771955,0.9558182026345704,8.3596891437583949,-6.1285190812182586,-2.5537958654798332,,0.4775019744749729,0.4166666666666667,False,4
-0.9674930144748457,-0.2521019203402588,0.020047161971953199,0.24991324786638158,-0.96520916110452371,-0.076906721817914483,0.038738036646845789,-0.069396664766078253,0.9968367305813387,-12.223342590050658,18.145231692859472,-0.1207506563864106,0.3496741930476013,0.2366525799661319,0.9487179487179487,True,4
-0.90093265556968105,-0.43394804230537815,0.003073549656746756,0.43106035257314779,-0.89570977998264867,-0.10904568988707918,0.050073172135147746,-0.096917937569705806,0.99403198681408589,9.2407082125564184,23.044041966780291,-0.27397042380425463,,0.3275125538567727,0.6410256410256411,False,1
-0.1739967165494905,0.95858138345283928,0.22549251412771298,-0.98432762847063349,-0.17597759854497688,-0.011445725827611414,0.028709971427610576,-0.22395003038174277,0.97417766420332286,3.7956683371719535,-21.228575403294162,-3.6526776033544239,,0.1591646526307728,0.3636363636363636,False,3
-0.82669438065987655,0.55778157631305592,0.073865513679295336,-0.56261670398737429,-0.82094343136428094,-0.09754141117609369,0.0062326061777644784,-0.12219490834549053,0.99248655355862159,19.201315103047214,-11.419145028218812,-3.3131327368099108,,0.158559525666988,0.5333333333333333,False,1
-0.43409265081776244,0.89806442279202547,0.071020159259427576,-0.90060415482508294,-0.43070605358670999,-0.058347679607333225,-0.021811162688086048,-0.089289349415192371,0.99576688299180016,-26.156903168825696,0.75258131499296899,-1.393732286388738,,0.2519076311617647,0.8301886792452831,False,1
-0.92010553255780025,0.37828697772577402,0.10151242012496373,-0.38873644568441895,-0.91367257664637391,-0.11868613432503861,0.047851695405410732,-0.14866534622256816,0.98772912788848755,7.6065872906066323,14.542452707495164,-0.89906426154324093,,0.1410966505701544,0.2972972972972973,False,3
-0.94050329290804235,0.33460612152535352,0.059095680611104207,-0.33857047838164867,-0.93754969698141988,-0.079816018808690048,0.028698208960681079,-0.095075281371173909,0.99505633191022991,16.615520110133509,16.751690784387179,-0.90068357138410671,0.3048115225293135,0.2149961151828156,0.7878787878787878,True,3
0.22614502684381785,0.96304154516952101,0.14631954452946563,-0.97289000843314766,0.23076790840414727,-0.015205391863587214,-0.048409279324929395,-0.13891419916004449,0.98912051184219441,-16.24697176173283,-26.239136338072804,-3.5070700564847672,,0.2683169942609225,0.5416666666666666,False,1
-0.90550109325329997,-0.42287076812016822,-0.035328226484477601,0.4214072920700403,-0.88633524621803628,-0.19190030094246741,0.049836375342466585,-0.1886535045555022,0.9807783597284625,14.254029777812336,24.252285399890091,-0.34682460558179906,,0.3369052507884301,0.6923076923076923,False,1
-0.99421669284886893,0.1000357764295698,0.039064191976698935,-0.10273540043408814,-0.99190540194409227,-0.074626477149721343,0.031282665460392794,-0.078208164716117842,0.99644612388900966,28.570276417262342,-7.0436847086928784,-3.139206220302317,0.3189703985931621,0.2879917251329452,0.9534883720930233,True,1
-0.78479769031403757,-0.61951577615704734,-0.017111059881978058,0.61753957856788411,-0.77936707643243119,-0.10598032400104582,0.052320685966005732,-0.09373987020312062,0.99422099281515386,18.053410885587429,17.511924180590317,-0.80728761692396556,,0.1563016462422031,0.5,False,2
0.95912361274217972,-0.28129342576087507,-0.030917698881062224,0.2816026269900635,0.93792131456564276,0.20249337805407686,-0.027961687228852714,-0.2029226855409893,0.97879544734339075,14.700014146595977,0.32780130333746382,-2.200913497138838,,0.3692537261803426,0.2567567567567567,False,2
-0.81116910368779094,0.57574786422428437,0.10256257633036453,-0.58479230694741469,-0.79999762417309761,-0.13424514535923057,0.0047584616703079743,-0.16887331985418838,0.98562627749261955,20.647306277387745,-8.4003513014441342,-3.1275458820433513,,0.1261424174265874,0.2758620689655172,False,1
-0.9082529969184312,-0.41759625859019633,0.026265155627934689,0.41546067141694182,-0.90750196599755617,-0.061908094917835485,0.049688269183717326,-0.045316073550582536,0.99773620230173388,23.491836764876687,0.072253142138635207,-2.431233670138119,0.2947930954703274,0.2894897311999867,1.0,True,1
