axis_00,axis_01,axis_02,axis_10,axis_11,axis_12,axis_20,axis_21,axis_22,location_x,location_y,location_z,dbh,dbh_approximation,score,reconstructed,number_clusters
-0.20956704760767614,-0.97724404351546268,0.032798353168276242,0.96809906879864294,-0.21208423868854914,-0.13343338671823976,0.137352996138427,0.0037888142535024288,0.99051491626242061,-1.7248077142929263,-19.187566966225248,-3.5452686608776083,0.2287615570317764,0.2245328592596496,1.0,True,5
0.73500253875638566,-0.67796219317605899,-0.011769989191851571,0.6776779699648986,0.73505894523996362,-0.020998001023103577,0.022887486666784574,0.007457321678747509,0.99971023367146628,2.0846638047881041,-20.720791742869267,-3.7527941352294634,,0.1982920676583725,0.2727272727272727,False,3
-0.20986458010000456,-0.95410611149845337,-0.21363142563946524,0.9699398737302295,-0.17563424990474483,-0.16843174168957709,0.1231807589180855,-0.2425574947547473,0.96228496941948838,-16.553887193383058,-13.952847354697795,-2.9663122952524987,,0.2757603016999861,0.1509433962264151,False,3
0.88654771558387724,-0.46101275790740737,0.038734803983185136,0.46259459796979407,0.88221781591473691,-0.087738037428455123,0.00627582043834439,0.095702467728049842,0.99539020074973017,-3.7270980528073139,16.595510793441388,-0.56514690417212932,0.2397441593972751,0.2683565394201398,0.9484536082474226,True,5
-0.998010649069069,-0.041489414100077913,0.047469704679607122,0.031871486281257702,-0.98166639219904084,-0.18792366213211026,0.054396256368986082,-0.18603688597843218,0.98103584254016352,-17.082659445565628,-16.451321358209043,-3.1394234753692176,0.2295919572937102,0.2563941048407649,0.7021276595744681,True,4
0.7772318313673624,-0.62870248474422508,0.02537451449336647,0.6280485557396267,0.77270702056555063,-0.092080790624750483,0.038284356370526754,0.087504548711182489,0.99542818023810598,-9.6134399182362564,3.5220739279088842,-1.4376604902749925,0.2980767707075457,0.2821224733382053,0.9516908212560387,True,5
0.79288007211832501,-0.60832393185528089,0.035821574082842707,0.60853151416343443,0.78731306037110171,-0.099133956034492904,0.032102764796798182,0.10039989492635343,0.99442911944048584,-2.8665193626350178,-19.464915189876955,-3.535543518576767,0.243137687713543,0.2521302040062732,0.8666666666666667,True,5
0.92507055199966082,-0.37976979211162687,0.0044021384046124407,0.37953691252911625,0.92480656747977541,0.026163806568243644,-0.014007349888811235,-0.022532592965885039,0.99964797624129909,5.0709464559292607,-0.47843179483242759,-1.9490500579122416,,0.3065489823024012,0.2419354838709677,False,7
0.77106398136895882,-0.63555809883919567,0.039067117059700653,0.63564811719134551,0.76464997935258139,-0.10612200614007147,0.037574030214320278,0.10665979596831723,0.9935853663261397,2.8887872081633641,9.2331110736012079,-1.2363241776606271,0.3579448754592563,0.2982740562721108,1.0,True,5
0.74809887278530141,0.65221758264119889,0.12231231103626676,-0.65159770397739258,0.75687568433799235,-0.050592792266150877,-0.12557272278943304,-0.04185001017403174,0.99120132563454622,-20.734969588839281,-15.092275444307376,-2.9180461391608454,,0.2487781610283009,0.9444444444444444,False,2
0.61092190224488463,0.78831412140196677,0.073042969242338787,-0.78043589219865384,0.61516996467662033,-0.11173957547734292,-0.13301972607693532,0.011258799137170657,0.99104943969330106,-6.456545055319876,-24.685961589105609,-3.9822717259006919,0.3236550540987562,0.2943904008229006,0.9428571428571428,True,3
0.36261293494011054,-0.88713986564852976,-0.28547279763793298,0.92568042859477229,0.37830637002685275,0.00018577864582376702,0.1078313661729202,-0.26432394740964171,0.95838679419901596,3.8318015066014754,-0.067449029601734406,-1.8460443940712143,,0.4084794206675046,0.2156862745098039,False,3
-0.98127577855538395,-0.19020575339887458,0.030325200650479254,0.17656751304299884,-0.95123942082834345,-0.25291792660855089,0.076952971081925864,-0.24282779008203406,0.96701236011001424,3.2504193455829107,-1.5116594198338309,-2.0052637228834129,,0.1966189555380743,0.169811320754717,False,1
0.025210888208741799,-0.98686095928096573,-0.15959278856757975,0.99325847765643416,0.042796394435723764,-0.10773144938653131,0.11314595741495644,-0.15580088469053011,0.9812869491898375,4.8527530343052483,10.960399522602797,-0.98425362887973999,0.4882743680433617,0.30732055653512,0.2,True,12
0.99828397876816111,0.0061068773042108025,0.058239194572052802,-0.00089854878123178704,0.99602765500214385,-0.08903989600745546,-0.058551604118912554,0.088834770898123278,0.99432393772581995,-6.3846140789555346,19.867581659002408,-0.25881601008872607,0.3805430498244031,0.2980404286275401,0.5142857142857142,True,4
0.59590018886995888,-0.8008895492547029,-0.05898215661831354,0.80182096286946924,0.59745085454067626,-0.011645596236083786,0.044565776194582796,-0.040353516615228388,0.99819110659680776,-2.4747923683474653,-7.892435539524735,-2.5603355850269347,0.6125294202125318,0.5228775800529687,0.2878787878787879,True,8
-0.99041474341373192,0.10375510813578731,0.09117847094815644,-0.13275264510718521,-0.89734598258640585,-0.42088825447270967,0.038149328247800762,-0.42895811575463844,0.90251845614506554,5.1463445330417397,-9.3846751309939496,-2.7731992648970425,0.53352113569643,0.4846300409863877,0.2807017543859649,True,4
0.14450111272467758,-0.98923821996779659,0.022960239029144555,0.98236242283093622,0.14063659295360267,-0.12322913183227197,0.1186739172314744,0.040362022711307136,0.99211259869613044,8.7517891000714076,-0.90273607713683335,-2.0072356301101828,0.3166237403599296,0.2900122831779258,0.9885057471264368,True,5
0.041230765148556468,0.99566065913125601,0.083425870469403154,-0.99032534241969172,0.051796508358574307,-0.12873553465605775,-0.13249807608635483,-0.077310889143594741,0.98816359285962452,14.246809856032415,11.73077546739894,-1.1024710094336898,0.318848535546306,0.2679178410802377,0.4615384615384616,True,5
0.39580382172873796,0.91611259221219377,0.063851805731557604,-0.90817690020491404,0.40079144718592863,-0.12075153745109288,-0.13621326161251421,-0.010194814999009004,0.99062708074634065,9.5090508927256465,-3.8451794478931767,-2.363224183635074,0.244964946560753,0.2142430748737413,0.9649122807017544,True,5
0.88252276503872917,-0.46883936731214987,0.036649922874920013,0.47026835402907768,0.87965125976714409,-0.071143069858257954,0.001115521033697664,0.08002067763033463,0.99679257960942091,12.64150502728004,18.431094655542356,-0.54799051613472238,,0.2774478737275661,0.8604651162790697,True,5
0.20767894713507692,-0.96355245690346547,-0.16863012101093319,0.97189788811200606,0.22278466165810343,-0.076036107299806366,0.11083298245688965,-0.14810015977432434,0.98274228192061186,-3.9520295306747899,15.185460836209337,-0.66025920446041297,,0.2800742497009395,0.2666666666666667,False,4
-0.048358344928196489,0.98893810012669892,0.14022447929517493,-0.99096417839839368,-0.029918351652250791,-0.13074742584697779,-0.12510582563175973,-0.14528016503366742,0.98144903384780424,-11.119347936041624,-20.953069006017998,-3.585910617616388,,0.2530338624623479,0.7037037037037037,False,1
0.94738187793665962,-0.31784933522382047,0.037939128284440869,0.31993185256044743,0.94409798551499835,-0.079514800281213979,-0.01054452817569701,0.087468816410744554,0.99611144912668015,-6.6114217037599055,5.8868784656930258,-1.2857805377183498,0.2622679663059275,0.2203631924234437,0.875,True,5
-0.24817582514894845,0.90030141790073481,0.35758371990005822,-0.96304054427595898,-0.18940230845880593,-0.19151938708950128,-0.10469799373579958,-0.39189810215973236,0.91403184169442186,2.0465980532067016,-2.8562674513359561,-2.1360518729521156,,0.4975706385954958,0.358148893360161,False,5
0.72824363265619618,0.68186801363365845,0.068682046263896082,-0.67404080554744106,0.73076005862769822,-0.10797559525836943,-0.12381520081421123,0.032338037938806942,0.99177822488175471,-3.9360947901939944,13.591924983526017,-0.81165261102101882,0.2711035069395314,0.2434099304932646,0.8064516129032258,True,5
-0.12249578950520111,0.87980481842505187,0.4592801574524632,-0.98587564244912596,-0.054615144563837592,-0.15832373040638931,-0.11421032868800184,-0.47218711064612184,0.87406826584692221,4.6553255894177177,-9.6384040040061816,-2.7833385425832167,,0.444219814912062,0.4210526315789473,False,3
0.37428526920608235,-0.92729918010844381,0.0051737631892376477,0.9221126911197528,0.37159018217429818,-0.10783747673030633,0.098075084150960973,0.04513277170615157,0.99415507381238166,-8.2967264367939144,-4.9797666845889621,-2.2412788478264689,0.2975436007628204,0.2904225701215536,0.9183673469387755,True,5
0.65567035773330573,-0.75460345802931439,0.025884418480641123,0.75254304502541514,0.65032183668030363,-0.10373270516396352,0.061443855459730003,0.087493599005633221,0.99426833539004278,-18.34871394694062,0.21806608802780886,-1.5001179732065226,0.2748487119983435,0.2560724927236445,0.8974358974358975,True,5
0.99869671659857251,-0.013629121497577192,0.049184502665320637,0.013489553581074643,0.99990399173013,0.0031684801300728288,-0.04922296414697077,-0.0025008737184492418,0.99878468421939171,-13.196570954667887,-20.120074818522891,-3.4735591179520195,,0.2748263440201249,0.6222222222222222,False,3
0.21181225164793385,-0.97652396987557721,-0.039198294736831035,0.97111933617506885,0.21480851345932292,-0.10384862758982229,0.10983080150270269,-0.016069810323678064,0.993820384293578,-6.5036510084949324,-15.847266371501144,-3.1647433063635062,,0.4132013995984618,0.3454545454545455,False,3
0.22568016276142377,0.92525103027956146,0.30492457280873086,-0.9646374130827241,0.25598706540143529,-0.06281149280371523,-0.13617314499212807,-0.27996634318033847,0.95030296288561655,7.7478448966160158,-2.7889999773411924,-2.2241645011455708,,0.6166958568019656,0.2777777777777778,False,2
0.60321657437416265,-0.79736201674405083,0.01853587478811753,0.79458477878582179,0.59877952592188144,-0.10048934599575181,0.069027485266286964,0.075345163020775416,0.99476545611877043,-27.522348062938985,4.8967759978125081,-0.8033429296112562,0.3232223897413421,0.2607893848672044,0.9056603773584906,True,2
0.067440967937745719,-0.99744237567673721,0.02367325596465062,0.99002919269406342,0.063961033644048954,-0.12550372021867384,0.12366856292996324,0.031901306862458331,0.9918106639693417,-13.710779312841147,2.6729442700813815,-1.3824692392226716,0.2734255248451841,0.2497713080545478,0.7407407407407407,True,5
0.91067949896334977,-0.41300481049375287,-0.0094803310533599673,0.41304828724683373,0.90988765492706514,0.038672571853747673,-0.0073459220196891474,-0.03913415286351838,0.99920696330106473,14.34494327785089,16.592537155132309,-0.6738580636749032,,0.2644642053603275,0.2280701754385965,False,5
0.42937886256464497,-0.90308670759298015,0.0082577812736292361,0.89841091641209458,0.42618705203271068,-0.10593593323914172,0.092149973707387228,0.052905531360518676,0.99433866820977523,-9.5468606418617412,8.0828151408930147,-1.0194437312476619,0.2722561775590266,0.2407613565365329,0.97,True,5
0.070114131746585526,-0.99705397210156343,0.031102817330893436,0.98985929729328803,0.065679040732567875,-0.12595568732887344,0.12354181515366233,0.03961868656260803,0.99154817310284704,-0.11117512186945344,-8.0983302074551187,-2.5896628947120521,0.2654182501873015,0.2517928128608522,0.9852941176470589,True,5
0.73229008339900836,0.67834464013546669,0.05999819126405509,-0.66933664729215581,0.73318816453900915,-0.12009815973450871,-0.12545790667459006,0.047787703223774639,0.99094734929431372,-4.4550997405207351,2.2275868595170589,-1.6677902026466311,0.2688064947772055,0.2306320922481461,0.9888392857142857,True,5
0.7898248063214216,-0.61191556501057864,0.041666732738634221,0.6124459624297266,0.78320971239966664,-0.10720302937117442,0.03296541252364836,0.11019023414357257,0.9933636765437569,6.2080506035024294,5.3289833539182627,-1.3942928313796967,0.2875633700995133,0.2569843056249117,0.978448275862069,True,5
0.9413623290591111,-0.33622317198102958,0.028123727552041736,0.33721730718065535,0.94030842188922337,-0.045875477785265337,-0.011020579214995666,0.052669254287618802,0.99855119873071729,3.8882894021640957,-22.647184217748009,-4.0182692358734213,0.2415494226446408,0.1446613149560383,0.5555555555555556,True,3
0.7178613717998501,-0.69616032801822791,0.0059873676345599952,0.69442337952922151,0.7154057021193988,-0.077271284046957073,0.04950980550206991,0.059627838033959518,0.99699212639345536,-17.722989445214413,5.0837092707013927,-1.036902585437306,0.3069677828387204,0.2785619747537804,0.9545454545454546,True,5
0.91345338926939512,-0.40479368625036916,0.041772924294236333,0.40688235738009648,0.90671437677672773,-0.11097651192574629,0.0070464803320409615,0.11836853685936757,0.99294472988011895,1.5729855009721998,18.357907187934359,-0.53706323189667005,0.4316224059884906,0.2558545118653818,0.9861111111111112,True,6
-0.9925441153372615,0.090717118305621541,0.081403830104585267,-0.11950051453194735,-0.85575692206713316,-0.50338823720939807,0.023995960826192535,-0.50936283215455491,0.8602172394712384,3.3394212509005592,-5.1788600761104231,-2.3973682888327521,0.7083466936842407,0.5732420151208224,0.3191964285714285,True,4
-0.15446878956038845,-0.97140054830252631,-0.18033404506442893,0.97646756130652956,-0.12229767568648595,-0.17763552639537422,0.1505008131799527,-0.20352948994982065,0.96743229838213407,10.349821982173863,12.85504945300351,-0.95011800527217594,,0.3237989820158789,0.2888888888888889,False,6
0.45278678689344259,-0.89157846397645391,-0.0084834066329582299,0.88664144519629629,0.45124271118557385,-0.10122728516618772,0.094080142830121796,0.038312637279110433,0.99482715511277831,-1.4159572320780511,-20.989333659402011,-3.7015050498952191,0.2456534330686985,0.1899156940597538,0.9302325581395349,True,4
-0.67914359039470007,-0.73399508374040245,0.0038988037546041354,0.72162652475906119,-0.66865190004427077,-0.17933152352932247,0.13423539916861468,-0.11897837455650304,0.98378097359012606,-5.8204304534802773,-18.503887524527713,-3.4172378399509444,,0.1273503013040058,0.7142857142857143,False,4
0.72249077664399808,-0.68388183239170419,-0.10155154843191416,0.68774413974502269,0.7259407528348597,0.0042451878566042295,0.070817200669987826,-0.072908591387599392,0.99482122081866786,9.0053976609364295,5.7092515112693443,-1.4205531438002006,,0.3454527597486321,0.352112676056338,False,6
0.47475219965446724,0.8737494399442276,0.10569893623114907,-0.86889128300244511,0.48442545807404008,-0.10178366220628915,-0.14013667344993047,-0.043518866792553693,0.98917532368507988,-24.356017324880913,2.8964343833055786,-1.0995376906636851,0.2129576000934048,0.251330497888869,0.7435897435897436,True,5
0.040650202127324633,-0.936440560994799,-0.34846325027290032,0.99411534853222927,0.072952350150369355,-0.080078888729690864,0.10041033253431622,-0.34315744248272423,0.93389546245233657,-11.194164644127099,-17.178077658793747,-3.3049496377238179,,0.2331090650120387,0.3617021276595745,False,3
0.98114057944234789,0.18550360111036418,0.054328421168127854,-0.17935071471299577,0.97847979231898008,-0.10203243187998631,-0.072086645805393201,0.090364318170909244,0.9932964338494501,11.919533474787677,7.3870294926847189,-1.3903463132704992,0.3798609906494401,0.3581240094496577,0.9069767441860465,True,5
-0.51837213498684753,-0.85504090988038217,0.013977557014941005,0.8441620800074503,-0.51425246296919913,-0.15144235539507273,0.13667740247265697,-0.066704173490425414,0.98836726012767484,-19.534976939831306,-17.07667631151989,-3.0786473024231933,,0.2249090295263028,0.9636363636363636,True,3
0.24623203712674455,-0.96860912263877719,0.034148959476873637,0.96284649384485455,0.24043208865152485,-0.12295950568108563,0.11088919326555299,0.063156775468708987,0.99182398061818977,2.6087026337841621,0.79918896373767301,-1.762823572531101,,0.2447001970999743,0.9111747851002865,False,4
0.99469599981742918,0.086894775214834755,0.05503785958380987,-0.080056446453110025,0.98999762723221163,-0.11617083737276793,-0.064581989195937231,0.11114853177146834,0.99170316655566948,7.9376925508345941,12.201382380268118,-0.9414042556906721,0.2439072068607494,0.2808698450870378,0.9852941176470589,True,5
0.44083264572880637,-0.89727175932424641,0.023874010532627516,0.89291874560647166,0.4356738050547555,-0.11350968828111409,0.0914477566936749,0.071356327738205064,0.99325000996094215,-14.598364787523966,-1.6370368256112668,-1.7842976227307532,0.2755708705370323,0.2525243941332863,0.9504950495049505,True,5
0.63000503599797764,-0.77641522131127294,0.016524488898448909,0.77387522934290021,0.625881734018503,-0.096897804059050061,0.064890554217552951,0.073833997170408144,0.99515715182838305,-15.48819337756083,9.8901459315352529,-0.66414368380987632,0.3013677814466932,0.2603688917987081,0.9803921568627451,True,5
0.99022024792959984,-0.13937368463731484,-0.0062319034701162901,0.13867710631469082,0.97842299771124119,0.15315710148058231,-0.015248631887041616,-0.15252348534034924,0.98818220265556622,6.8930978067991999,9.7115867851266788,-1.0101557290013394,,0.6774077090712741,0.3558282208588957,False,3
0.83118728794422203,-0.55464529649056837,0.038681874835886275,0.55544145155081925,0.82525455127054259,-0.10217494559027226,0.024748459730831611,0.10641203262857855,0.99401408091274368,6.6370788981169424,16.334280921185044,-0.61569301496445039,0.3277042395277374,0.3128847206349055,0.9090909090909091,True,5
-0.30281402879752822,-0.95211775336237359,0.042136061700120742,0.94301130538404609,-0.30573155160168131,-0.13136931252429515,0.13796137822335347,-4.5688238269819131e-05,0.99043760834860162,4.5053547459129719,-7.4063093000418432,-2.6434036641724741,,0.08064493057171017,0.2461538461538462,False,3
0.99732401114628944,-0.053662123407130023,0.04965071301113036,0.055180797521167856,0.99803341426467773,-0.029738587661789689,-0.047957234866113384,0.032398773474130421,0.99832380673875964,5.0611881098933589,-25.289210535574203,-4.3387795182888675,,0.1902918964692825,0.4333333333333333,False,1
0.82686070508553544,0.53964769649199895,0.15837215050737161,-0.56084358767792353,0.81217542270491194,0.16070330710552222,-0.041902798784869091,-0.221701254901672,0.9742138928536267,13.069788526457948,6.5481585689641761,-1.4844890592886462,,0.3618017989616025,0.2745098039215687,False,8
0.96776100381572805,-0.24692647562046577,0.049658384299420641,0.25097080310037118,0.96202471366565567,-0.10734107455986533,-0.021267239706368082,0.11634331065500667,0.99298133848582637,-11.029394544473048,14.910153951168422,-0.38892143293242309,0.2529043178533091,0.2415355905225507,0.9333333333333333,True,5
0.076871392114141207,-0.99659596844621245,0.029786989629546106,0.98937877379648453,0.072549888901399309,-0.12596092878889148,0.12337111102441893,0.039153407222761213,0.99158790818941012,4.4999943865485053,-2.9609339045188316,-2.1555088056381875,0.2260344887347342,0.1955099065797856,0.8705583756345178,True,5
0.60018243565011908,-0.79957198704767862,0.021579653975879774,0.79682034956092873,0.59533058747886713,-0.10324157175124299,0.06970204059201561,0.079158885418471894,0.99442219222853978,-4.5829196400084147,-2.0805472519649508,-2.0086136904801029,0.3027964917908256,0.2616703391163893,0.9582132564841499,True,5
-0.97726423602045831,0.20384558420270754,0.058323158319887942,-0.21051728008278378,-0.96562880180973065,-0.1524581644322468,0.025240597891028851,-0.16126994424430144,0.98658751122317712,5.587146916485688,-20.778386869249786,-3.8339549737574212,0.184615897705949,0.1909031538944423,0.9821428571428571,True,3
0.56121470626764092,0.78217851973625063,0.27061932069261579,-0.81621043575596519,0.57724599078838346,0.024240269837478443,-0.13725369952020217,-0.23448630958319208,0.96238120959735718,3.9267797096156491,-7.4489094512810112,-2.6506753856543197,,0.3638708588747305,0.2768361581920904,False,5
-0.73670137082094356,-0.67433452532913463,0.050438459330891125,0.66457054455152342,-0.73577944922368632,-0.13028658186697739,0.12496832216619796,-0.062462389077107106,0.99019259157284445,17.233522934017451,-2.984683699160751,-2.4440856768910368,,0.2581016856536141,0.9577464788732394,True,2
0.96966192301842791,-0.24103293183938893,0.040729360627354716,0.24315090599043929,0.96818102013232843,-0.059187407204171448,-0.025167279635136569,0.067295156025024255,0.9974156455617359,2.8406956522253157,22.052398850766433,-0.2213307909220322,0.3327026141109573,0.2737052544088619,0.4583333333333333,True,4
0.74841146353911081,-0.66248049193922698,0.031620864049028551,0.66207059416247505,0.74342470835111651,-0.094774634572788938,0.039278614901682288,0.091865667215876495,0.99499642692744794,-18.514586308119554,-19.962005153798692,-3.406258945111845,,0.2065406903504826,0.8604651162790697,True,2
-0.72661842859380343,0.65383757324853153,0.21100257589978302,-0.6856692152851579,-0.70952069166626952,-0.16259801753912961,0.043398000392971869,-0.26282468663710112,0.96386710580660562,2.3383551256218098,-4.7959964416316696,-2.3436158517830932,,0.3578114620905972,0.3381294964028777,False,2
0.67232296616742326,0.72924099724449698,0.12723756167771905,-0.72695013288084909,0.68285546013875942,-0.07247016533167909,-0.13973307936331972,-0.043772005854614986,0.98922124827316038,1.9456505231567349,19.34711346961063,-0.49848590743302573,,0.09228557376522975,0.2142857142857143,False,2
0.81836729260155683,-0.57369849547831697,0.033838006529880289,0.57414061996146626,0.81357175300249585,-0.091997560982407953,0.025249216032657507,0.094715568954445287,0.99518412270663481,-9.1522734688702734,-19.520745447893049,-3.4234346326309835,0.1917363612829861,0.1293824074600702,0.391304347826087,True,3
0.32157342752381207,-0.94684029692199501,0.0091642149284965752,0.94037244641694417,0.31821371709187113,-0.12016527066663731,0.11086114166108504,0.047259733169398133,0.99271160207300801,0.33599312773136325,-18.881912383338086,-3.5425998532271592,0.1336948732473841,0.1637975385746434,0.1212121212121212,True,3
0.15008251867391825,-0.98824519110460729,0.029097763610163106,0.98172532687647796,0.14548012382039668,-0.1226821753250094,0.11700692354628958,0.046978461360734469,0.99201935667123564,-24.679756267962919,6.5592003576999733,-0.68581651196095694,0.2441155155707151,0.2045344391005449,0.9210526315789473,True,2
0.64526516201545869,-0.76357134953090278,0.024324162158680059,0.76138631113650523,0.64015574265383335,-0.1024280740874592,0.062639890669690335,0.084613351918459256,0.99444297210750821,1.018031691646661,-3.2601636280701274,-2.1747111118877505,,0.2315654344001087,0.9567567567567568,False,3
-0.95532424123232218,0.2435558713154512,0.16743993448893854,-0.29543594590813049,-0.80330326956499309,-0.517128087587167,0.0085554648767271931,-0.54349277332266699,0.83937024570017971,3.832875490148798,-3.4190158031720226,-2.2007840496781039,,0.4927627424287403,0.35,False,2
-0.91938835495495863,0.35732818890304391,0.16444335860255133,-0.39334910030961229,-0.83650522109095371,-0.38149115372862119,0.001240185000385325,-0.41542217141463039,0.90962788075032086,2.0661852083133039,-1.0637246471447133,-1.9608940155941283,,0.7454076052700181,0.3720279720279721,False,3
-0.33152425580604533,0.93719700196014866,0.1084133171208962,-0.93623003211192002,-0.31262309131759303,-0.16043730783936713,-0.11646885757128325,-0.15468866245442808,0.98107411693719604,6.2681612139058132,-0.085169562869929161,-1.8950418956788948,,0.25578596596203,0.1515151515151515,False,2
0.76490581066517949,0.6243172854118455,0.15857814460583752,-0.62033410522938692,0.78027549557659581,-0.079722950848262975,-0.17350705662854643,-0.037390883095787697,0.98412256511138707,-10.251641298312137,23.543163985567723,0.012160135446760107,,0.2555150165010779,0.9787234042553191,False,2
-0.56652148998380059,-0.82340424088764208,-0.032540090270024968,0.80521043849933849,-0.5447450651797503,-0.23428393819042248,0.17518433468275224,-0.15892850609804554,0.97162347585430731,8.6657888948162523,-21.594236264679495,-4.0059881667741646,,0.2022673760020156,0.28125,False,2
-0.42885523687448729,-0.90337159824962632,0.0017150163977533023,0.89264947297339503,-0.42405527385968028,-0.15282029679369366,0.13878077750772433,-0.064006876097093685,0.98825250599563064,-11.729577512437732,-22.748313430528587,-3.7325713755214687,,0.2306013169771373,0.7027027027027027,False,1
0.144761853867238,-0.98904287587394935,0.028951603546412137,0.98213564162331857,0.14007264952562246,-0.12565521997921472,0.12022307232005486,0.046624484317366148,0.99165143591085814,20.746859004842396,8.0812006391353748,-1.4804902436549894,,0.2096497331931039,0.9772727272727273,True,2
0.5779304252347448,-0.81587216883799174,-0.018682283146840072,0.81285392687754643,0.57752609062198912,-0.075710687558853157,0.072559748812544678,0.028569542636755721,0.99695479540738807,-17.024978648228316,18.371315973832498,0.095303806197922447,0.2802724438745772,0.2285849931572436,0.5208333333333334,True,2
-0.16925458602175697,0.93998049245515625,0.29629302879812452,-0.9852403775065508,-0.15356822865494271,-0.075618765386199216,-0.025578968731234469,-0.30471867837654087,0.95209886220239814,10.632226697085738,10.766006995398616,-1.0587039984437128,,0.4386119280971946,0.2888888888888889,False,2
-0.90163842624922586,0.42240505761050046,0.09285534780447989,-0.43244939964136664,-0.87756381865249145,-0.20704893368931104,-0.0059720231616215702,-0.22683851413974818,0.97391407395223029,3.4127562276376584,16.389819407549926,-0.63385773185826444,,0.6095018636050835,0.2909090909090909,False,1
-0.50066825228848311,-0.86560898309264633,0.0072380618753856048,0.84901105965654844,-0.49266469749044378,-0.19094951277108643,0.1688535511360702,-0.089457164251756385,0.98157317304048919,-12.16535096620296,18.857630990131284,-0.084291567294727018,,0.2122974192277435,0.24,False,2
0.98316376616293355,-0.17575548335974805,0.049990188770382304,0.180065282874527,0.97840457210397369,-0.10149377906727529,-0.031072541055306328,0.10878650355178091,0.99357938476869834,-1.995380370671602,-0.91400233182947899,-1.9635169865964373,,0.264484214965758,0.9803240740740741,False,1
0.85600450604743283,-0.51650848379214498,-0.021800729282118674,0.51660635384048503,0.85622202571362638,-0.0013106694837907162,0.019343236495795339,-0.010140456281435213,0.99976147672746141,-13.42462020499004,-27.527842908575565,-4.0950967661097026,,0.1557417927394586,0.2380952380952381,False,1
-0.60471200943523162,-0.79611630082481477,0.022852159762648299,0.78498643084223352,-0.60061657132663238,-0.15184214711802393,0.13460939431694874,-0.073882134571582492,0.98814054726682021,-4.6237858247290173,-21.217904699042439,-3.6767945829359001,,0.1702713850928617,0.6739130434782609,False,1
0.52188905653555462,-0.85221679399620176,-0.036855782440014452,0.84918964987611423,0.5231508758830945,-0.072042345922624304,0.08067683193899447,0.0063005629580203358,0.99672039795255551,5.74240659510399,11.007892338445501,-0.96521644459526723,,0.124800812880096,0.2727272727272727,False,1
0.40965490970428903,-0.91157813315438951,-0.034758626410307331,0.90734588963807872,0.41110278192548894,-0.087851802770401097,0.094373150376875825,0.0044508255284097346,0.99552694521045548,-18.302171342932166,11.910627865471694,-0.37773618473561127,,0.1814005996474997,0.2962962962962963,False,1
0.42333671408186546,-0.90583111859848531,-0.016000346527078432,0.9012044198998258,0.42285261456394441,-0.095006630870984057,0.092825751079041036,0.025800211918779181,0.99534804415418365,-24.13359771659573,11.848854042642081,-0.16181821751852948,,0.243322032365398,0.71875,False,1
0.86849479077505143,-0.49334642911847898,0.04822965138424723,0.49544243348786621,0.86080231121953965,-0.11643099286152576,0.015924619186080149,0.12501472663308513,0.99202707857630279,6.9187687717226005,25.897532096678354,0.13910421220520472,,0.3059934738888723,0.9782608695652174,True,1
0.53842786538696008,-0.83966735996357289,-0.071092604303440568,0.83901182383105,0.54203249839472922,-0.047538722697006645,0.07845121571101768,-0.034051362612556889,0.99633624417547495,-15.251197298990075,22.558497278738461,0.19639844977600576,,0.1941003039437227,0.44,False,1
0.13435097264826329,-0.99075815480090934,-0.01865730001805245,0.98371142712714044,0.13561717016627214,-0.11798224991742598,0.11942212645884005,-0.002502369195460926,0.99284041711669813,19.697409478884271,3.3894538397723255,-1.8954208477090673,,0.2284212286872164,0.9166666666666666,False,1
