axis_00,axis_01,axis_02,axis_10,axis_11,axis_12,axis_20,axis_21,axis_22,location_x,location_y,location_z,dbh,dbh_approximation,score,reconstructed,number_clusters
-0.91077144432573587,0.39780067820253701,0.11067970284751368,-0.41288662927962311,-0.88029463049641021,-0.23367925642063053,0.0044729814356132339,-0.25852656331756202,0.96599379319759948,-5.2396489557013188,-13.417943740079702,-2.1111128230547522,,0.5096702973620418,0.3212669683257919,False,6
0.82468436219266461,0.56521914575650589,0.0205674506238267,-0.56466833196724797,0.82487000267126898,-0.027187378807569721,-0.032332300075990215,0.01080721811503604,0.99941874427509603,-10.1393570713856,-2.5278953592300568,-1.7727090193930581,,0.1871846113580738,0.7674418604651163,False,5
0.99983606924806656,-0.017865844002669124,-0.002940450415549186,0.017759251034868303,0.99929830898188843,-0.032977244709305985,0.0035275534375177027,0.032919618527698799,0.99945177726728485,14.963055230338155,-0.18185576202870554,-1.9906010213343692,0.259823495448793,0.2692194923909957,0.9838709677419355,True,5
0.99155718880145671,-0.12954770993294634,-0.005633132989912866,0.12931981370289591,0.99113597583855528,-0.03042799997377137,0.0095250784774274701,0.029442626406024356,0.99952108763663139,9.7668558767696751,-1.3283466485650506,-1.9184387809983876,0.3098403768292732,0.2785255030200953,1.0,True,5
0.82856280508533264,0.55857070018033383,0.038502609381410847,-0.55917963219319655,0.82902142838240145,0.0064505986610121947,-0.028316372815162957,-0.026874601073423553,0.99923767885710657,2.6331691074280221,6.6816116011351916,-1.7305138665694635,0.329852331749076,0.1710016143680734,0.2758620689655172,True,5
0.99823119759924961,-0.05943807884537778,-0.0012613178584480319,0.059435335673990411,0.99822992557617907,-0.0021110560148284614,0.0013845623458228554,0.0020323551235728521,0.99999697625531048,-12.420711782406011,-14.032216988683459,-1.9948821272952255,0.2460557086955988,0.2133443992078473,0.4545454545454545,True,3
-0.60534671342826785,-0.72401549897335038,-0.33069156897019036,0.79460311555704211,-0.52542431395978184,-0.30419595501409286,0.046489195396757048,-0.44691257259811379,0.89336885280666622,-5.3787714666043893,-9.5320846324986217,-2.0242701467666038,,0.5858272514649783,0.25,False,4
0.61904139188086427,0.78526724626816191,0.011962737003761622,-0.78475328154560076,0.61909050182826897,-0.029820088018554246,-0.030822755256702663,0.0090720716730467738,0.9994836943512112,24.931963283989568,-7.1722931519589794,-2.3511879358610908,0.2841246032229719,0.2692581770454647,0.9285714285714286,True,2
0.46470044438496771,-0.88484873509571738,-0.033109107325979041,0.88383786805301412,0.46578840960486101,-0.043264078324606645,0.053704003425414627,-0.0091582464087809849,0.99851490050915115,24.026391792173314,10.826662268970784,-2.0140025905739667,0.2620145503369846,0.2311225484530908,0.9047619047619048,True,2
-0.55204204207851715,0.77216863848946371,0.31465088194872215,-0.83226899274232491,-0.4873000120886517,-0.2643237067273318,-0.050773098166814849,-0.40779197141646639,0.91166210876114362,2.2505435867917569,6.8545789425484323,-1.7265383141766637,,0.3051994032221383,0.2622950819672131,False,1
0.98364379684447556,0.18009528103813202,0.0032512577844299173,-0.17986606389046961,0.98303858479627448,-0.035823733226563209,-0.0096477971544868431,0.034653002027741568,0.99935283531920394,6.7373568672367368,5.1078934360254564,-1.7918665450687772,0.2162887790584442,0.2142621595062185,0.8877551020408163,True,5
0.28302057646014894,0.95531616274989561,0.085266537920686503,-0.95644430485745879,0.28774363859452562,-0.049172046470686515,-0.071509754620592211,-0.067635993651294218,0.99514407366818236,-11.350065826552608,16.679263647879111,-1.4592962480367273,0.1778270426600809,0.2131971095821209,0.5185185185185185,True,5
0.83944497426248621,-0.54329063089498963,-0.012939303195191272,0.54244248357061864,0.83910469440326307,-0.040736517378696283,0.032989198280528757,0.027177237021630232,0.99908613772020538,5.9392210603140558,13.189242601443881,-1.5496633308586918,0.2114657143856958,0.2127808383910853,0.9615384615384616,True,5
0.64346839880544704,-0.76516241936271467,-0.021792010778081641,0.76491702985527454,0.64382521696290218,-0.019774413772795246,0.029160884351127698,-0.0039448697912473907,0.99956694664549162,-10.727821395186247,-15.85921796165575,-2.0737250259463105,0.2155167893639926,0.1853085330352799,0.9538461538461539,True,2
-0.23032913717583453,-0.89593079343492577,-0.37981113983518383,0.97121895296058547,-0.18730930425855019,-0.147135889395905,0.060681413777051406,-0.40276946000565123,0.91328775755989211,-5.1579291917651817,-10.742397621345431,-2.0352363808827616,,0.530542460290834,0.1083333333333333,False,3
-0.79859515599419617,-0.60167422484411148,-0.015293919734478044,0.60091934901596156,-0.79565163535045069,-0.076383317173240914,0.033789240903575615,-0.070189759384063341,0.99696122536273657,21.670666194438251,-0.63623455007245788,-2.1605180664065253,,0.272457175385967,0.7906976744186046,False,1
0.878345938289813,-0.47665986216040268,-0.036108011507356624,0.47610248008543482,0.87908179998125691,-0.023272674926036036,0.042835045771979149,0.0032503456648170044,0.99907687096978315,9.8579941797007518,-23.323387628100704,-2.5660529274657828,0.29469640760924,0.1886900120603711,0.6538461538461539,True,3
0.30244280785801725,-0.94191319269608165,-0.14604069775249379,0.95066302438698758,0.30918615965047375,-0.025371888853219688,0.069051879325235335,-0.13116194610354226,0.98895317475398536,-20.349678568401558,7.5982532434588679,-1.6700812434220258,,0.2396934323916869,0.2666666666666667,False,2
-0.79566061320187542,0.60564524989002511,0.010863695727729874,-0.60462261706051312,-0.79297151612183003,-0.075017768284204034,-0.036819553746774515,-0.066257119655895147,0.99712301876789144,-7.2272689380006705,-28.334409418617124,-2.6132863619818063,0.4944916562906738,0.2552995650268044,0.90625,True,2
0.79480045997838211,0.60651871496559984,0.020670684909562989,-0.60582343925279547,0.79496861893417736,-0.031667891653883937,-0.035639714786562353,0.012646869429430198,0.9992846778689084,-11.111968486422963,7.2919147425471165,-1.6593390900249636,,0.1979087858493639,0.9866666666666667,False,5
0.98174657500586082,-0.18999752009469575,-0.0086374082992215183,0.18970809949838061,0.98147272742131098,-0.026872333595837818,0.013583057423654966,0.024743235157091859,0.9996015570541027,-9.3768261125385752,-10.487666323611156,-2.034330103694483,0.3307089793021,0.2278827654186105,0.967032967032967,True,5
0.99802319473710777,-0.062611508698457774,-0.0054315509056751081,0.062467731666822422,0.99777022579133168,-0.023502319560375965,0.0068909554591409664,0.023116563386868429,0.99970902728245981,-13.971137597734998,-2.0298524742025403,-1.7569301918427704,0.2547433750051237,0.2179635948222574,0.9285714285714286,True,5
0.60213802791429005,-0.78242097508568553,-0.15889371631834959,0.79266431658806646,0.60965567557320954,0.0017995692119192573,0.095462435268877197,-0.12703296811198292,0.98729405369686929,-8.0657079138662962,-14.471388288606107,-2.1003306643530784,,0.1755418022306444,0.2105263157894737,False,4
0.99960880583577816,0.027954179663367898,-0.00089394346485000518,-0.027966442105089105,0.99941050252435937,-0.019912949555276688,0.00033676631793831333,0.019930160143773166,0.99980131791526017,-13.320543693764671,1.0180771866823168,-1.6893343313088214,0.2636349738326075,0.2122048043272695,0.76,True,5
0.91657654524720389,-0.39935922475839941,-0.019991155621231087,0.39902678153930227,0.91674887706280517,-0.018684860675786428,0.025788840941152136,0.0091490985598464865,0.99962554473085363,-13.154342687030478,-6.5833269508020038,-1.8647728267365182,0.1904044933335818,0.1446046720335145,0.9054054054054054,True,5
0.95244485183716909,0.30448161779138327,0.011821532727042281,-0.3042990216153158,0.95245775964795498,-0.015043986518264378,-0.015840127929916556,0.010731286667596263,0.99981694816282418,-14.179273929480948,5.5859246796038002,-1.6034820257578546,0.1898455649391526,0.1970172799730515,0.6956521739130435,True,3
0.9888635880418295,0.14882254341683704,0.00080920700918172585,-0.14870416650643734,0.98826664060727998,-0.034872882393469105,-0.0059895833465921939,0.034364191155135032,0.99939142844912832,5.499569675175632,-3.7742557752468384,-1.9055889813995861,0.2691385437012619,0.2403255099154099,0.9961977186311787,True,5
0.98522998677370099,-0.17108367191718091,-0.0072284414108125736,0.17066646105895697,0.98451700098467476,-0.039990421875189308,0.013958231675491152,0.038166110300612045,0.99917391668969058,6.2678834553973646,-7.9006497916271812,-2.0656856888405648,0.3051992511025071,0.2396912151035661,1.0,True,5
-0.19665725562126984,-0.9297252776355347,-0.31134680331912529,0.97877404082603148,-0.16747388083357789,-0.11812652641816981,0.057682760133271657,-0.32796860728439869,0.94292592064241132,-4.2928474406598962,-18.691546007484941,-2.3228112080623706,,0.5337444290653693,0.1022727272727273,False,1
0.61379128671323857,-0.760912797066574,-0.21040905782601046,0.78811945166925557,0.60615255395907641,0.10698977161131079,0.046130101403082824,-0.23149686086254201,0.97174133243128524,-11.317022955652465,1.5993336872975932,-1.654343270183009,,0.5788808826129802,0.2815533980582524,False,3
0.99998921546472475,-0.0022582753598831941,-0.0040582196396695179,0.0021329222976050372,0.99952845590837169,-0.030631951813421217,0.0041254813921812695,0.030622965594898292,0.99952249318434927,-15.109245799436707,3.6368203771630268,-1.6417392447339267,0.246074694786469,0.1848023101933303,0.746268656716418,True,4
0.99027145492797242,-0.13912098022139258,-0.002792564605490439,0.13898071641044102,0.98986132908431701,-0.02930716037882793,0.0068414925913526763,0.028633931718655841,0.99956655202815492,-14.288442839375659,-10.968782115652429,-1.9717911210979264,0.1374191156516978,0.1560428624391501,0.6451612903225806,True,4
0.96437085708458281,-0.26421677218174322,-0.01335467348186509,0.26367300741310029,0.96405016055199311,-0.03292162057686325,0.021573019438122357,0.028227384532339705,0.99936871053419774,10.262258989812144,-6.0095506057778687,-2.0360841447289109,0.2475802345040931,0.2493233792151366,0.9928571428571429,True,5
0.87574201250927708,0.48259567455807645,0.013316997560948698,-0.48218468470349463,0.8756991525325597,-0.025473988520643094,-0.023955320152205369,0.015887389703582926,0.99958678136758772,11.957026355897311,-16.162622363378514,-2.3017805520000798,0.3017101920561563,0.2990031178042485,0.956989247311828,True,5
0.25892867378144446,0.96485296102187812,0.044885470935449256,-0.96428881752908735,0.26089846632661912,-0.045596783403798073,-0.055704742007634533,-0.031476243037135386,0.9979510147507894,-8.1675187484082823,-11.166899598192868,-2.0810477773258658,0.2606446588386585,0.2502871885107491,0.9603960396039604,True,5
0.96577795262854482,-0.2462705639940152,-0.081386457882662341,0.25916654181399884,0.92871515692005402,0.2651808079615352,0.010278609866588215,-0.27719842462941507,0.96075771324625936,-10.446394891428048,7.2024626610431657,-1.7002860060809681,,0.2749507397203518,0.48,False,2
0.54849346203445415,0.83543524959383431,0.034682356343643639,-0.83475967534843643,0.54950213736560438,-0.03498121557074179,-0.04828256950114608,-0.0097644644871690296,0.99878598744458102,19.896527876753805,17.112851750454986,-1.6694645483695034,,0.2068913183813884,0.8857142857142857,False,1
0.99184824625039469,0.12741851375822466,0.0012564878273051156,-0.1272885952819991,0.99119624262899109,-0.036436549086112067,-0.0058881169443649184,0.035979590739950093,0.99933517857075049,4.0341664035263429,2.6013165265505784,-1.8204306020607748,0.2233134959083374,0.2066383012919671,0.9729064039408867,True,5
0.99007987309589685,0.14037341133169146,-0.0060951030769013925,-0.13828782781856652,0.98121156709152768,0.13453749396734219,0.024866072621883478,-0.13235998638899105,0.9908897579627467,17.043310499340638,-9.7080546773681249,-2.2091294142029181,,0.3333931071799643,0.8769230769230769,False,3
0.87301414056559479,0.45969844988459257,0.16286081648518011,-0.48767873415467444,0.82558945600827871,0.2838511976040432,-0.0039702173506000714,-0.3272298661516978,0.94493642752966811,-11.058351407236014,5.9316253354222477,-1.6633601271997991,,0.1503384898383134,0.3125,False,4
0.015619769657140917,0.98291126835910547,0.18341608797636696,-0.99985573454676446,0.016578667524479111,-0.0036956565134299325,-0.0066732967722357914,-0.18333190206783243,0.98302842318743888,-8.000292537762089,-8.273876129940076,-1.9755803001073264,,0.5189041578730789,0.1842105263157895,False,4
0.9345548710522078,-0.35502842541743179,-0.023706753008572681,0.35499549936657548,0.93485048001568405,-0.0057249841851170803,0.024194801550459256,-0.0030654787657403136,0.99970256297454285,7.3836749223770735,-14.911994786812365,-2.2243984690846355,0.2713691791052095,0.2536529878322287,0.9391304347826087,True,5
-0.80084916326812383,0.59575075034936109,0.061005419029132743,-0.59284472981885261,-0.7742634264145164,-0.22147521947808355,-0.084709763420507969,-0.21353498536545928,0.97325590982342136,-15.551948609938371,11.351159306795626,-1.5460689324929575,,0.2778895254433198,0.74,False,4
0.89976298090188112,0.43625052375771206,0.010585779124975655,-0.43574819385754715,0.89950186672047405,-0.031935925166943963,-0.023453992164372633,0.024122029091785846,0.99943385872405222,3.734567216774848,6.3968956475354579,-1.7617391914473681,0.3161709273261906,0.2436527474752291,0.984375,True,5
0.87012265646167941,0.49265343947988799,0.013384740591701104,-0.49208885597645868,0.86997855176873651,-0.031398682872893824,-0.027113106348237732,0.020734223665448328,0.99941731595622318,-13.3154556734256,11.557848628558391,-1.63288541682337,0.2206593149288308,0.2256146742574364,0.95,True,5
0.99072607188579564,0.13585110940988451,0.0025152649652650759,-0.13570303531330005,0.99023647982760177,-0.031881032376601268,-0.0068217807425315184,0.031244040883730364,0.99948850579521786,9.0656388130902705,12.283078399002672,-1.6059993894856623,0.2272293136118154,0.2042444096297877,0.9746835443037974,True,5
0.15110802693757491,-0.98379202618927419,-0.096538144800063147,0.98655921510979483,0.15623157630480797,-0.047881203485947807,0.062187452729477136,-0.088005362175947829,0.99417693442933064,2.204320102693329,19.29205457008268,-1.3668473229277118,,0.1412389994627141,0.1666666666666667,False,4
0.038160397164101648,-0.98910335243668579,-0.14219121733351689,0.99900886311980697,0.041025152532801028,-0.017269286833312587,0.022914525880952382,-0.14139128352967806,0.98968855174013259,4.0148918659057324,-0.56278256383325986,-1.8444324989417475,,0.2598005365674685,0.1982378854625551,False,4
0.93114883115968872,0.36455212076060906,0.0079753043132175603,-0.36449791671832782,0.93117412364176111,-0.007484662183267897,-0.010154946476723763,0.0040623526362125149,0.99994018538766316,-12.774398098194146,15.381203484671918,-1.5070681609343342,0.1429965322097558,0.1759949064594634,0.24,True,4
0.97492274149908631,0.22245243201355355,0.0063689558926643009,-0.22220758969774929,0.97462411184678599,-0.027048617110340407,-0.012224368639077927,0.024955081609171929,0.99961382979291424,-16.061319841314837,-14.481298640364573,-2.0536069396247516,,0.1389180688494835,0.7272727272727273,False,2
0.94959833771739266,0.31333397390498102,0.0092096580435143266,-0.31307885122842505,0.94947207072630924,-0.022009539390574151,-0.015640649534323564,0.018016872858744582,0.99971534067180201,13.394282498384129,-8.7547784569979328,-2.1217972784237613,0.2842178689321642,0.2830727676688818,1.0,True,5
0.99888878495833355,-0.047105896683098628,-0.001493245507855811,0.047031431526096186,0.99835207091358125,-0.032881407378199716,0.0030396929239025986,0.032774639589875497,0.99945814482982909,-7.112157166472687,-14.976698598701411,-2.1333257730845268,0.2146951632759475,0.1982530718412125,0.9753086419753086,True,5
0.47830430299870802,0.87802006031522262,0.017486206477501411,-0.87671531155777038,0.47855924564562424,-0.048490317458784418,-0.050943657240942859,0.00786270253442381,0.99867057716535013,14.466888568387667,-17.51555765934922,-2.3573999231778182,0.2642393982922488,0.2741017881512826,0.9859154929577465,True,1
0.96232052465565754,-0.271195691061415,-0.01980164074473454,0.27093927928790978,0.96248415753206362,-0.014702157622064994,0.023045927306358138,0.008783145764339256,0.99969582453117956,-17.008061534018715,3.9440877357617259,-1.6788161470693774,0.1637850987849354,0.2267044983428853,0.875,True,3
0.87598659049900596,0.48207876679189365,0.015733908425300279,-0.4816610279782767,0.87602062724650942,-0.024300509573750816,-0.02549798801549906,0.013708510022652207,0.99958087684795283,-9.1202315125751898,-6.8102536120933488,-1.9298695180963894,0.2830177485775963,0.203098267163447,0.9375,True,5
0.96534067179501593,-0.25578212451562027,-0.051893083899742301,0.26099278183090385,0.94636585657891115,0.19045848191622516,0.00039396765874900007,-0.19740103920684571,0.98032273997370067,-3.9433308010980146,-19.96088976849736,-2.3480107864067428,,0.4767863107132507,0.4210526315789473,False,3
-0.31235241534664043,-0.94916452628639614,-0.039021412924725461,0.94833798866849062,-0.3091498273015153,-0.071284244596164142,0.055597013187061707,-0.059271294223809314,0.99669247303554631,17.859413122301124,14.703925929132375,-1.7304738962559065,,0.1583625949223076,0.4444444444444444,False,1
0.090178821718772312,-0.97366488245913174,-0.20939072753887444,0.9941595037864378,0.10052224302592028,-0.039270341074936078,0.059284577627894651,-0.20462642870089651,0.9770431738324562,9.9577895900441078,18.730094219345091,-1.4808310118526959,,0.226937516766144,0.3428571428571429,False,1
0.0059063690480576775,0.99002525458833968,0.14076615389347957,-0.9965386284709189,0.017500281923887914,-0.081268087819796817,-0.082920906712179124,-0.13979891061764055,0.986701772482523,-13.242376355230645,13.537985028417657,-1.572405003781044,0.4143090896685374,0.2712484682848219,0.8125,True,5
0.73172068114055555,-0.68053311780835557,-0.038203669421163031,0.6803311890643855,0.73263005991444297,-0.020066601506009408,0.041645143503680634,-0.011308000521769212,0.99906847170089341,-14.961030533186577,-1.3061300207406139,-1.7466186752873456,0.1405213917218075,0.1337563815219399,0.7368421052631579,True,4
-0.082134832220748175,-0.97615164784835518,-0.20095230712537213,0.99530778554453669,-0.069993403517761371,-0.066808199335334967,0.051149597950517316,-0.20549667604839783,0.97732023143008762,-12.068236607903401,12.940295702802217,-1.6048178870088547,,0.2800605125738074,0.2075471698113208,False,6
0.98401930627418821,-0.17784371583424557,-0.0088100861479401046,0.17759302313818773,0.9838145525483889,-0.023867222851716802,0.012912126560141774,0.021921198240117259,0.99967631664224843,-17.956264429709254,-5.3196878905029532,-1.7875135442581767,0.3020930934963733,0.2600046079118413,0.859375,True,5
0.12137038436268352,-0.99145909490770257,-0.047729371716523875,0.99064705575806611,0.12401104617206032,-0.056918110871559763,0.062350948008274162,-0.040374788570477597,0.9972373016139936,14.422413583066994,-21.286657895498259,-2.5535731522107095,0.2222263848707658,0.2205006395006269,0.8333333333333334,True,3
0.49468671922521873,-0.83564664132062816,-0.23870429546144042,0.86747040481069437,0.49144883629800545,0.077286079463934371,0.05272709549898421,-0.24530130890578059,0.96801194272041458,-27.363365358351004,-5.0200148730921184,-1.7895615118103363,,0.3043186090781295,0.1935483870967742,False,1
0.31306148266147293,0.94595418866229364,0.084635577779460916,-0.94571063523985555,0.31868825863465566,-0.063790188921502969,-0.087314961306929076,-0.060070514902684967,0.9943679554225876,-2.0256388525625213,-25.114848276191829,-2.5607988715999759,,0.1937001764915648,0.3666666666666666,False,3
-0.96278133048323611,0.26911047298199925,0.025132906802332215,-0.26894403829110836,-0.94462674729092011,-0.18801439458256247,-0.026855426650884712,-0.18777609441561291,0.98184465391701248,-7.009406505010392,-22.238125892383216,-2.3255730946540365,0.1866995722157303,0.153147743975435,0.7872340425531915,True,6
0.99807643118277356,-0.061772407349575092,-0.0052542561506429136,0.061698698559185555,0.99800762909349827,-0.01319253073816511,0.006058722106282775,0.012842973231025618,0.99989916987915661,-14.593738263203065,-17.241166589149387,-2.114500593888514,,0.2192543191976881,0.9555555555555556,False,1
0.99480589834729649,0.095634484692620356,0.034860722181354047,-0.10172431673793585,0.94635305747674159,0.30670515807306409,-0.0036589612772855266,-0.30865828344951335,0.95116595610880195,-10.572240243354145,6.3288490822703478,-1.6793181477103669,,0.186813029242839,0.2272727272727273,False,1
0.99518070838519124,-0.098001240391050959,-0.0033338475918526997,0.098057028241991737,0.99474203889160995,0.029548185631497033,0.00042055950768169099,-0.029732691495719117,0.99955779732145655,11.305397386332267,7.9062268667518136,-1.7481526066997508,0.3354630194177077,0.2819793720222822,0.9821428571428571,True,6
0.74889353037339301,-0.66237228573536577,-0.020528888293882511,0.66141498994327452,0.7490145221233272,-0.038825980048182537,0.041093688605595945,0.015498410824045433,0.99903508848223899,5.8892118449669866,15.184757941682877,-1.4722324071970583,0.2234946804753418,0.1904303436484188,0.5227272727272727,True,1
0.28272188669929371,-0.95699280521800156,-0.065062320448727146,0.95765870073217263,0.2854630311134323,-0.037425536462417863,0.054388856332524937,-0.051726478988160296,0.99717913319439677,24.120651098501121,2.597794796062157,-2.1764821431179859,0.2411147182121349,0.2026190327317446,0.6,True,3
0.66158877268333882,0.74794748807955991,0.053617636415925839,-0.74907155607627596,0.66248776358179151,0.0013292787004481887,-0.034526797372770451,-0.041042882207193175,0.99856065518490489,-4.7374879278611006,-23.073709882913978,-2.406452659515411,,0.1027654741540133,0.3103448275862069,False,4
0.92084343816842218,-0.38978219595812069,-0.010825991697041591,0.38952608240661774,0.92079632988937821,-0.020088553636451029,0.017798693972087144,0.014281406664505152,0.99973959005161472,20.839868069239394,6.2671485080419451,-2.0188053878181007,0.302564413419319,0.3009506453219257,0.9272727272727272,True,3
0.80927121785590206,-0.56558115060367209,-0.1587389619213023,0.58445137480162646,0.8024081066556179,0.12065579499483857,0.059132786527568808,-0.19041846668633314,0.97992046672284172,4.4248999863882128,22.34944201139654,-1.2973173255290431,,0.3413474617413322,0.4545454545454545,False,2
0.96623008321699966,0.25752086347190123,0.0090791609279613807,-0.2574970823107201,0.96627192433998543,-0.0037176381974968822,-0.0097303076999491825,0.0012542364161585583,0.99995187284342657,-10.624846880781378,4.06159373658934,-1.6732522623212542,,0.2261702888193999,0.9551282051282052,False,5
-0.0026725395987290575,-0.90602439785646605,-0.42321702236668279,0.99823637967436096,0.022681592155977648,-0.054860511042962863,0.059304197378586838,-0.42261724511204934,0.90436589735968242,-9.9822363659994302,3.5831544069484553,-1.6700812875398732,,0.6098294741310326,0.4,False,1
0.85230180037820913,0.52235629221003721,0.026935943656118882,-0.52209840369572325,0.85272732942408591,-0.01641214524809383,-0.031542002638406778,-7.5112241878569699e-05,0.99950242442312787,3.238640231403191,26.158839774194259,-1.2288315975643223,0.3203010440166479,0.2520937664152482,0.35,True,4
0.497105463299299,-0.86754643538976162,-0.015790528822936595,0.86621883224312879,0.49723969333502283,-0.049169320103528757,0.050508346095869336,0.010764284212670599,0.99866562830611605,-9.0732495825293498,-13.282969882990459,-2.0719323693972056,0.2391846429388085,0.2522422281605389,0.9922480620155039,True,5
0.48798679324274286,-0.78568703170867782,-0.38021675111109116,0.87143079783956101,0.46338024170441794,0.16089473631745488,0.049772022235114358,-0.40984709319789497,0.91079531509547473,-10.228383949533969,3.8182011782469703,-1.674442913855456,,0.4687469048471202,0.1910112359550562,False,2
0.55237252157998473,0.83312872487322287,0.027948617040709917,-0.83213132122734501,0.55307863636120536,-0.040761332574686282,-0.049417220033139107,-0.00074147956732320813,0.99877794758006577,-12.455449246768399,0.11271126686766263,-1.6908670144460629,0.2315603205572627,0.2175401516858352,0.9347826086956522,True,5
0.84845126862399001,0.52913057951845177,0.012299373512889532,-0.52832152616570505,0.84808963580464114,-0.040253380363535249,-0.031730265682505809,0.027655007850633639,0.99911380271743777,17.341104115042285,11.395985732985247,-1.8471696360703662,0.281397773348223,0.2385964480721654,1.0,True,3
0.76331330403333242,-0.64519528505409218,-0.032800061428082984,0.64474762305165723,0.76401296165742083,-0.024180508445747199,0.04066082211362175,-0.0026904578467756464,0.99916938452977988,17.085060025808637,-6.0122468968068024,-2.1146958105294336,0.2900630284452002,0.2540361912864597,0.9880952380952381,True,5
0.070683702741825061,-0.99597379154354893,-0.05513638295240067,0.99639239779759725,0.073100016630331457,-0.043111218723218651,0.046968114480584112,-0.05189021224675925,0.9975476941455611,-13.134887295474382,17.693085325457293,-1.3967778631380685,0.2220430495662852,0.2657086125477958,0.7948717948717948,True,5
0.99939297575650243,0.034837427634134874,-0.00018342409541605154,-0.034833008722199264,0.99915018910983122,-0.022035451099247153,-0.00058439021343330289,0.022028464259328997,0.99975717314278545,14.84363536278042,3.3560575854620915,-1.9546801251968571,0.2842397961092391,0.2660946565845771,0.9032258064516129,True,5
0.73672601561768336,-0.66141998817188485,-0.14056449465920404,0.672718489509329,0.73797244534610551,0.053352636131469344,0.068444223893477055,-0.13386660956561935,0.98863295466974299,-1.268218042085377,-24.515901466928231,-2.5393427140071037,,0.2605777962805618,0.1818181818181818,False,3
0.99763468266390742,0.068644718357337334,0.0035975808158920323,-0.068595595289697706,0.99756808583674927,-0.012351454442961377,-0.0044366939196929973,0.012075461135972564,0.99991724606860188,4.1056044286169708,10.737301111608081,-1.6180349111388765,,0.1566654012020713,0.5121951219512195,False,5
0.26126196229493315,0.96503134138259883,0.021370475125825156,-0.96359915458722045,0.26204763463382402,-0.052987795402459556,-0.056734965731865691,-0.0067488763598433366,0.99836646394562167,-12.901421561174054,-1.0295853019275523,-1.7224003677562876,0.1305079464616558,0.1300561090575647,0.7746478873239436,True,5
0.96590965690448527,0.2583210235570757,0.016993630779902971,-0.25843661427511616,0.96601547570102486,0.0049615630739508962,-0.015134434270029567,-0.0091841980894694017,0.99984328742297346,-11.731414090562113,1.5568544087241487,-1.6546255713606999,,0.08347187600393927,0.119047619047619,False,5
0.97150316055227959,0.23701984620103178,0.0017892858267405543,-0.23679658657310979,0.97086523211907894,-0.036716176948172904,-0.010439618012851672,0.035246185172370936,0.9993241320044961,15.479163867392504,-13.679215322297654,-2.2514956329045437,0.2175365892141767,0.2142258072732174,1.0,True,4
-0.24962629851378074,-0.85403336058916268,-0.45641398980650238,0.96667482792491022,-0.19213166462124048,-0.16918983570598056,0.0568021843475617,-0.48343814749216091,0.87353366815635292,-15.883122684649427,14.912893788778199,-1.431456894456745,,0.2527645061750282,0.4615384615384616,False,2
-0.41361268058434969,0.90365202733926175,0.1110745873072327,-0.90879089610662922,-0.4024053807218313,-0.11031326629118113,-0.054987795132554348,-0.14657053950832452,0.98767070389614164,-5.5876161377257469,-12.018270887789967,-2.0619774889183691,,0.3169252740334061,0.5245901639344263,False,1
-0.26830141972001714,0.96111896458342028,0.065304548802653795,-0.96160082708147343,-0.26313655026228261,-0.077993623279681776,-0.057777136762311887,-0.083722707995861068,0.9948127012827036,8.3205415900062754,-21.408301133128756,-2.4865601883617754,,0.1418585772141181,0.3076923076923077,False,1
0.077780779990089782,0.9968870372149865,0.012899042478391281,-0.99520770297126082,0.078405807007858819,-0.058430791318554706,-0.059260258274828066,-0.0082924339112531598,0.99820812325337638,-14.965784128891926,-8.6162074155521111,-1.9157953849819125,0.2143487084846379,0.1324538932167756,0.9302325581395349,True,4
-0.89943248000974063,-0.43681029042424835,-0.014764284033146731,0.43641270156041939,-0.89575088702991534,-0.08470125324844209,0.023773258511696996,-0.082626379350690282,0.99629700070567917,-13.767071338815732,-24.512003671580317,-2.4168355635044461,,0.1752299706806973,0.5714285714285714,False,1
0.81249485294393031,0.58030785958135211,0.055631843828247096,-0.5820541799646608,0.81286071879183286,0.021688324759902275,-0.032635035242619806,-0.050002399475769434,0.99821576551433921,12.703711037121327,15.335837203856032,-1.6480744555990154,,0.1636641882621465,0.5909090909090909,False,1
0.95271135699989573,-0.30299484996983572,-0.023134198390571556,0.30319800718305656,0.95291015285867076,0.005762726706013313,0.020298736010916682,-0.012504458029904252,0.99971575952654557,-21.248488396581347,-15.240551739099441,-2.0083329063018911,,0.2354733973242819,0.59375,False,1
0.093501938655812619,-0.99369601804848295,-0.061851525302085375,0.99385307781596477,0.096854346448810427,-0.053621779993845889,0.059274338320551977,-0.056457588405489492,0.99664391511115824,-16.304794994031184,-0.55907835511548221,-1.7358780288585705,,0.3463358202301167,0.1481481481481481,False,1
-0.87802513312364083,-0.47828967989396654,-0.017630873776947845,0.47818481262979162,-0.87508077460518152,-0.074652011939437046,0.02027684821225623,-0.073977158794601178,0.99705377457951294,16.697366722801188,18.559861277149771,-1.5905047531914063,,0.2469086760829051,0.6444444444444445,False,2
0.2513142304511406,0.96741963167254208,0.03066616747026904,-0.96622299166995684,0.25261874121448563,-0.050959807255990627,-0.057046366589906139,-0.016823431331697516,0.9982297752607453,-12.191012353097831,20.771123712791301,-1.3116350256646454,,0.3209869103957975,0.8979591836734694,False,2
0.051357145175893321,0.99737469462832717,0.051050584271228848,-0.99692952193179429,0.054225654536636497,-0.056489881314428586,-0.059109829472153756,-0.047992675536220844,0.99709715231498308,-23.41627465807532,7.4659484970689016,-1.6248741563240856,,0.2396837111145708,0.875,False,1
0.19676901747760292,0.97653955178222718,0.087478326263524864,-0.97851167823445362,0.20120421267925995,-0.045075052511501033,-0.061618579338493462,-0.076729190045823306,0.99514611091799976,-20.032756759209356,15.76089735921401,-1.4273454945552062,,0.2288633184129988,0.2352941176470588,False,2
-0.24489161081738989,0.96593290834433254,0.08367625427039091,-0.96780869374945366,-0.23836873350265286,-0.08078786537170729,-0.058089855002744564,-0.10076687682865004,0.99321276939030512,-12.171988258016148,5.872469435690749,-1.6146011685057005,,0.1162711391217712,0.4347826086956522,False,1
0.99108492803187198,-0.13029006796812526,-0.027841760305704847,0.13283531869975759,0.9824264672460985,0.13112213604225784,0.010268570201974705,-0.13365154186619702,0.99097518728916478,-11.322521162262676,-7.6873683945241593,-1.9286743014657863,,0.3247292365579587,0.5,False,1
0.96495453732854064,-0.26236811169015273,-0.0050709818780505511,0.26180802845770607,0.96385090734056833,-0.049477112424372527,0.01786888704293059,0.046415540359975346,0.99876238439828147,-12.031253235660586,-15.452571079825084,-2.0529226131696836,,0.1574853687913745,0.7692307692307693,False,1
0.34550138535138647,0.8881464038531458,0.30302600225557791,-0.93681489467955903,0.34530200469665051,0.056074759553661299,-0.054832890009548649,-0.30325317949726288,0.95133110077301752,7.1888200150114079,14.917041391489549,-1.4893016246156763,,0.2081010688581004,0.3225806451612903,False,1
0.64589391342908309,0.76166471993194673,0.051845028751592165,-0.76217333197880044,0.64723501357219348,-0.01336597271193616,-0.043736307749942409,-0.030881897888438908,0.9985656932657011,20.113091975867725,21.373497435588838,-1.5986059497621874,,0.2214300531309579,0.6538461538461539,False,1
-0.99998303014355006,-0.0052390887158128181,-0.0025478175664902644,0.0054440828385129,-0.99605894845780341,-0.088526454572534649,-0.002073978536938725,-0.088538822821197918,0.99607056751339917,7.7917549031194797,24.749360088759989,-1.2948842748512275,,0.3026038149904823,0.64,False,1
