axis_00,axis_01,axis_02,axis_10,axis_11,axis_12,axis_20,axis_21,axis_22,location_x,location_y,location_z,dbh,dbh_approximation,score,reconstructed,number_clusters
-0.93658773006546481,-0.34891540993923637,0.03258006442219346,0.33717160003886959,-0.92257532396572417,-0.18753688633644164,0.095492073063936811,-0.16465967422679259,0.98171709553489916,11.034373135288208,2.1645229322311037,-3.0700037675511038,0.4461271699601096,0.2145910503230075,0.4025974025974026,True,4
0.76750889219572704,-0.64063602148732346,-0.022706571149796434,0.64073746195027381,0.76558222344989713,0.057787230345753046,-0.019636834113690337,-0.058901163913842168,0.99807066264648092,-3.9201718785051329,-11.8716730253958,-3.3875677016757924,0.4829585709306334,0.3782089834914369,0.2977528089887641,True,7
-0.78684195060840367,-0.61540545539167069,0.046431349721201665,0.61048772831030074,-0.78716470805029637,-0.087615386677343352,0.090468106785158708,-0.040593692542832849,0.99507169278421703,8.2374639833755197,-15.692422845105147,-4.1432678193398917,0.2142186447031383,0.2067203811844398,0.3584905660377358,True,5
-0.82260330003286253,-0.56860520417495053,0.0034543538044434843,0.56405495058081268,-0.81675820478514072,-0.1214415400158891,0.071873663468065063,-0.09794976621368931,0.99259257492606823,-6.6881489867438173,-0.86865336139571858,-2.4636892470066534,,0.1398464374308587,0.2075471698113208,False,5
-0.99618991256959211,0.037420000888222511,0.078774371645321029,-0.04519885077189343,-0.99402018188993901,-0.099402926940782441,0.074583657616731608,-0.10258470416694605,0.99192421912537854,-6.34539819583095,28.685309199270492,-0.30765474995058067,0.3650555798177845,0.3253798611993725,0.5277777777777778,True,4
0.18561968479988919,-0.98222363634585408,0.027965350316368591,0.9819491218816464,0.18436471549451436,-0.042256049466210061,0.036349066709529386,0.035304105769077193,0.99871535757952179,-15.212684959354268,-15.036417661829356,-3.3522940031780561,0.239902725918819,0.2205608829644639,1.0,True,5
-0.42674710372715335,-0.87200956428158405,-0.23976286047243944,0.90159732133309645,-0.3894668733750154,-0.18824936841454135,0.070775558107796552,-0.29650442550648398,0.9524053475435752,-6.324163146606705,0.29150618127402667,-2.3991812788401754,,0.4312308708092908,0.2824427480916031,False,2
-0.9747530532814993,-0.22314818211569384,0.0078341519551871353,0.21152693748650975,-0.93408757163803013,-0.28763998892530107,0.071504124608123276,-0.27872082327990899,0.95770656405508525,-7.1900455669712811,-13.015255536091525,-3.3165915271169348,,0.4053495760368778,0.2888888888888889,False,7
-0.82514818711752402,-0.56445476227387748,0.022831790183966721,0.55746165338583731,-0.82013834358382987,-0.12887824637191933,0.091471166500667916,-0.093615803846962165,0.99139755243247141,-17.749192424302084,-8.4232480544672335,-2.8242254262076836,,0.1214886262663152,0.3428571428571429,False,1
-0.82869606312986688,0.5496753272291135,0.10545079226173307,-0.5584116532743495,-0.82475392061298114,-0.089204237124280328,0.037937586118097139,-0.13280815136535851,0.9904154353050284,18.806521977046071,1.573202926369978,-3.5493231045025095,0.1565993680358366,0.1855957626753718,0.425,True,5
-0.0253501205105554,-0.99913289549728246,0.033027693309045786,0.99844785533125768,-0.02694401247240855,-0.048743208514611558,0.04959084163948544,0.031740783341038775,0.99826513066338485,7.5920601130161591,-21.692977401557826,-4.6278591253781718,0.1854412681464607,0.1724663565676884,0.8974358974358975,True,3
-0.40001629336987166,-0.91475230353224579,0.056702629754504866,0.91316572725551159,-0.40307288063956237,-0.060502954133131587,0.078200508978774841,0.027576730686809825,0.99655617218503334,-6.2905530377766103,-9.7135133065751269,-3.1309876226437741,0.3082627062807504,0.261275626619416,0.9703389830508474,True,5
-0.90970095408374529,0.4075394641607788,0.079723016066062621,-0.41251363292143861,-0.90892519491014612,-0.060724728994955908,0.047714534400757819,-0.088128174888053926,0.99496570192033273,10.62153582654256,-9.7303557341844495,-3.7769648419062967,0.1217857461828325,0.1312648754404001,0.8148148148148148,True,5
0.84230438369673266,-0.53748265536882123,0.040444040141260421,0.53812148467177956,0.84284507847351064,-0.0061189400733608693,-0.03079923602797378,0.026917816974309589,0.99916306886785533,15.535089118405212,-13.906530213235929,-4.4026530787198466,0.09386450633943985,0.1194843894880713,0.6571428571428571,True,5
-0.50886573339739871,0.84867880208057933,0.14422189942237973,-0.86065523701137259,-0.49803648210252577,-0.10598219425845933,-0.018117074234674225,-0.17805604003799513,0.98385355527495144,8.8859151091478097,-2.7590285256964742,-3.2126110090096844,0.2380478186022175,0.2291759070184888,0.8194444444444444,True,6
-0.54663170101212721,-0.82345169060460321,-0.15205622870835925,0.83330400298748641,-0.51705187117647156,-0.1956062399770033,0.082451331424178431,-0.23363363574907209,0.96882253390032702,-5.492607195723858,-1.484225699906202,-2.5614621428954907,0.6753153666648885,0.3383701620139328,0.22,True,6
-0.23565055159315906,-0.97154009880705894,0.024055226954013839,0.96956584958912762,-0.23671915480917549,-0.062498840444779977,0.066414462614345207,0.0085952403339824845,0.99775510071321993,8.3943283036013892,-20.628074220770138,-4.5649023301358191,0.2415533399747776,0.174144151179153,0.4166666666666667,True,2
-0.98405485506211443,-0.16295669973692439,0.07128222947924219,0.15692862727224144,-0.98409071880020382,-0.083299838617785227,0.083722447235681174,-0.070785388196639751,0.99397182085143643,7.5777337083756668,-13.965995726809783,-4.0209430862127293,0.1987564480083272,0.2022262921108127,0.9666666666666667,True,5
-0.9730125168603273,-0.22149115573265901,0.064717153563348326,0.21477568995928392,-0.97183942828877434,-0.096951166191344834,0.084368507368831322,-0.08043502691961521,0.99318284389572309,8.0850366207174726,2.9080859825418814,-2.867178456822614,0.3018070103247116,0.2361570766673355,0.91005291005291,True,5
0.821205514967981,0.53643131836192703,0.19458402520931325,-0.56319004360015068,0.81681153144653162,0.12504357994568524,-0.091861183183290646,-0.2122742631042622,0.9728829118900737,-5.798367616629001,2.7260115305336448,-2.1894002213252777,0.4828065334764223,0.1597305578399386,0.1463414634146341,True,4
-0.99670814845845945,0.031865001384846492,0.074548564595537034,-0.054981525480933671,-0.94143077277883969,-0.33269375094947062,0.059581025941994957,-0.33569736631642294,0.94008370882380399,-4.2119680684476579,-14.102252171112351,-3.573678257783147,,0.403182949665278,0.4271844660194175,False,6
0.81001169848824062,0.56815116411881739,0.14520779256853669,-0.58241468024647891,0.80830305374977029,0.086251455246779546,-0.068368037456011554,-0.15443583783962786,0.98563450804300923,-7.2038931863239268,0.38687686591212406,-2.3143791547202248,,0.2212944909758503,0.2906976744186047,False,6
0.95286346229451102,-0.29463599163648385,0.072393747357771987,0.29776593769819898,0.95392664716785103,-0.036870017220140258,-0.058195090607605679,0.056688484328714608,0.99669441012463011,7.2181303201398457,3.5709710558522159,-2.7826321698939558,0.1890078253481963,0.1445619313354127,0.8780487804878049,True,5
-0.98134494201762079,-0.17909374572177769,0.069910907731027164,0.17240962107620791,-0.98070266875484302,-0.092180247653647712,0.085070719620744778,-0.07840730667783867,0.99328508844275742,8.9397434774299889,-7.1460214443988015,-3.530208967621185,0.2461341032790753,0.1741572543414025,0.8926174496644296,True,5
-0.61949156709572262,-0.78461494350620031,0.024689850628292945,0.77927776691731832,-0.61846072450943335,-0.1011557918639604,0.094638048826269972,-0.043424908359475316,0.99456418447897454,17.710950620633181,-6.4228177525778802,-3.9661120352627459,0.1161892185882128,0.1289030896889663,0.9166666666666666,True,4
0.75980051498362855,0.62229001508003989,0.1883037826553085,-0.64376614483936589,0.76059432608491939,0.084032266934134014,-0.090930348010303266,-0.18507135991047446,0.97850920463305513,-15.113358024165958,-10.607318456894891,-2.9957586073227893,,0.227116077821478,0.1666666666666667,False,1
0.57377960716313958,0.76373479792515253,0.29578052816563083,-0.81309475423806177,0.57451638784001502,0.093850097143304112,-0.098254175658132742,-0.29434686772834529,0.95063454514563739,-6.0675385387320944,4.4149587528230718,-2.0432604137940973,0.388727967015253,0.3941909455145654,0.358974358974359,True,7
-0.15176475570964765,-0.98801244002698951,0.028264417140740447,0.98646670234705225,-0.15319873294273326,-0.058425964992238448,0.062055653126239271,0.019014904066440221,0.9978915418713703,-8.8079016960347118,3.3218063604004135,-1.9388947585167073,0.2494779012380182,0.2418230168948703,0.9342105263157895,True,5
-0.76002123696116231,-0.64877303644986573,0.038226516237351738,0.63636060801343097,-0.7548441421454678,-0.15891978365656217,0.13195793245121723,-0.096456561437224281,0.98655118256424268,8.4074598819479203,3.5319909021427707,-2.8257661448444678,0.4612020948851546,0.2794790951976586,0.8854961832061069,True,7
-0.98942557244467033,0.12680548626283886,0.070408843522534958,-0.13823639784863473,-0.97138882360866396,-0.19311771456293089,0.043905977979881203,-0.20080867018587778,0.97864607651377666,-7.0531941947961272,5.3170363125529247,-1.8876456633576493,,0.2616743644778788,0.4736842105263158,False,5
-0.95127416443776192,-0.30107436093415257,0.066570964100948482,0.29582781337726821,-0.95202229319428711,-0.078354694138357411,0.08696763136743646,-0.054843253451842114,0.99470038134362604,-4.9082126602789362,-11.868495351985942,-3.3795255574973235,0.2625457426841572,0.2473806047886789,0.9554455445544554,True,5
-0.9748837035815906,0.19482084262463478,0.1079194318464909,-0.21266324109745474,-0.9582267577201824,-0.19124807626481863,0.066152175905014737,-0.2093951290457714,0.97559088226312263,-8.9487367603305756,-2.013203827889293,-2.3411480125561899,,0.2141454003270653,0.2647058823529412,False,3
0.64924886211299415,-0.75972139626050705,-0.036046013773611767,0.75968479507371123,0.6454657104131909,0.079076095089531576,-0.03680933548429953,-0.078723673344047701,0.99621667124999669,-6.278140549376622,-4.3100590262881378,-2.7341571753499916,0.5652684343340397,0.3143534197512496,0.8412698412698413,True,10
-0.63435584004306511,0.75974896828833494,0.14273812871152752,-0.77296877972369782,-0.6208628303660898,-0.1305703314013795,-0.01057987597826579,-0.19316016943101691,0.98111019522256815,-6.4870982922999003,-13.015748899633458,-3.3597200331615662,,0.1312254186797931,0.2413793103448276,False,6
0.96526543447313951,0.19405236896499206,0.17494661788801813,-0.24665273339073907,0.8976502385295253,0.36522113627056679,-0.086168846587723474,-0.39568640028052715,0.91433429472528283,12.03497628300665,1.7994012466571463,-3.1648290171217135,,0.4167041238841034,0.1797752808988764,False,1
-0.99356313192682932,-0.089357740835359536,0.069623968779081474,0.076819814947759302,-0.98319420602138752,-0.16561361440825334,0.083252741138906766,-0.15919908102364883,0.98372995974204425,-6.8958540318898853,22.814246820450254,-0.61639757129848305,,0.2266952679448802,0.9361702127659575,True,4
-0.93336594002742634,-0.35307183310472745,0.064562393580057137,0.34801383069112279,-0.93424484933270646,-0.077929039151010751,0.087831632367896817,-0.050267704974233607,0.99486620316111574,-6.2240403549148793,8.9755169396323922,-1.6141043408957236,0.3724497152525845,0.3140326682687882,0.9893617021276596,True,5
-0.85986957872380632,-0.50940457191748323,0.033634650212378395,0.50228067067629423,-0.85594886142144733,-0.122742309316308,0.091315034087031136,-0.088648343136764909,0.99186845690786551,-7.1230133571547025,-16.618771404978045,-3.6318608233595482,0.2991716076161127,0.20233497203777,0.6896551724137931,True,2
0.83568561592287205,-0.5476836759191005,-0.040891838688809273,0.54669738481274144,0.82244493282421671,0.15718238422507619,-0.052454940458641741,-0.15371051884471487,0.98672263357945178,-9.4586342786286934,2.5393440682894806,-1.9541444007737241,,0.3506190647543515,0.2916666666666667,False,3
-0.98391895257149842,0.15837846087390228,0.082581825493385191,-0.1645745829466074,-0.98354388295385309,-0.074542853124958411,0.069416866960101256,-0.086934995457943448,0.99379253627010711,-12.414211579944071,6.5414634170971055,-1.5211148047651968,0.3263561111549191,0.2492270735559306,0.9830508474576272,True,5
-0.79400571979672629,-0.60566678942644459,0.052179086959674013,0.60110166663496567,-0.79502574802515324,-0.081307111286236439,0.090728734691657806,-0.033193375286469824,0.99532230786732712,-9.8251420386869377,-8.8475185465011457,-2.8093182788378224,0.2994036102578344,0.2450705923559764,0.9740932642487047,True,5
0.96087468991371028,0.23969756115271967,0.13879808882210892,-0.26307169513739803,0.94657749660424195,0.18650556597587953,-0.086678218144859043,-0.21572232638251754,0.97260000226164289,-17.83226201972224,-15.67318024048776,-3.428396435662215,,0.2571562502949881,0.2857142857142857,False,1
0.97047045344423688,-0.24051917673579751,0.018374564323319117,0.23313964634001538,0.9547871094250131,0.18446539236475015,-0.061911261465021419,-0.17473437354499763,0.98266723482857987,17.492996799349882,2.0650382420695741,-3.4639117895243925,,0.2960196317303302,0.2545454545454545,False,1
0.95836627409387398,-0.28536176784628653,0.010136376624129265,0.28458184902082329,0.95745087601745493,0.047968648316336279,-0.023393500963161937,-0.043086905958180467,0.99879740821031182,-6.9504174893790633,4.3807993861748651,-1.9931715448944352,,0.1988741095358859,0.3529411764705883,False,3
0.5910417607720394,0.79347521640529772,0.14514378379404669,-0.80650403985636032,0.57798109607973802,0.12445515766666868,0.014861719915871673,-0.19061724351440643,0.98155193227669391,-4.6582676646408476,2.4641175699131761,-2.2464320483501652,,0.2350325841880823,0.3529411764705883,False,7
-0.20819247757015383,-0.97619354323845897,0.06084454308107342,0.9761001616654108,-0.21133090794514883,-0.050672692289227904,0.062324687564084463,0.048840694985049435,0.99686018068404014,-14.944766034962027,1.4678250736300036,-1.8384123841342648,0.32583878877765,0.2835454649536612,1.0,True,5
-0.91436778612431435,-0.39896882188490029,0.068959632118317862,0.39438366365364991,-0.91617800464528698,-0.071269836868796343,0.091613741006706245,-0.037970290596132272,0.9950704394618507,9.5838984325230818,-11.040957008173189,-3.8151387678304305,0.2419892861325082,0.2276732290736152,0.9621212121212122,True,5
-0.6495784473537175,0.74460870695318393,0.15364151217376268,-0.76000645360699326,-0.64149856126191118,-0.10425826765594588,0.020929195141100365,-0.18449246442173475,0.98261106210053439,-7.189687803145981,-11.851132869930099,-3.2148402464506058,,0.1303420308106846,0.2790697674418605,False,4
-0.62323529423869406,-0.78068179919335867,0.045974954305883137,0.77717533565666885,-0.62483500201529929,-0.074697509352619526,0.087041746663035519,-0.0108235236758027,0.99614586566079122,6.9790339744570025,-2.6315801289627725,-3.1692073125710274,0.1982433146467231,0.1540306306531998,0.8821138211382114,True,5
-0.68463552110392034,-0.72727564617041573,0.048418361498168368,0.72349368228625388,-0.68613490019783718,-0.075998621187366805,0.088493473966391401,-0.017000976969215473,0.99593166022948154,12.44260284919968,-8.0241328538391254,-3.8036245980823402,0.1121014450744643,0.2025749513116233,0.896551724137931,True,5
-0.8426237973855929,-0.53594041942196502,0.052469066213247303,0.53078276125592605,-0.84303140596311688,-0.086992579645531393,0.090855910281150573,-0.045452341960098896,0.99482626029740717,7.165631386844729,-5.1669160746746785,-3.3494483857663657,0.2377929318129204,0.1841972778042356,0.9655172413793104,True,5
-0.82997860237653109,-0.55449603181283735,0.060577803698354263,0.550261695531855,-0.83171490427904804,-0.073907945652022217,0.091365124787896851,-0.028008368462133733,0.99542350046027206,8.1648053541303121,-19.551222520404785,-4.4770138072861982,0.1721863890348475,0.1878141171329052,0.9508196721311475,True,4
-0.57124258357145219,-0.81987663748557771,0.038525446395262744,0.81431113952703049,-0.57199683034803617,-0.098574814805754599,0.10285562092953907,-0.024938431729802757,0.99438362610516495,6.6469654765981412,5.90684717910176,-2.5831342270873323,,0.2044776029896826,0.2727272727272727,False,2
0.47887680403002708,0.84457342077384745,0.23952608101070683,-0.87117958219656533,0.49084110748083709,0.01100648766876236,-0.10827345993272829,-0.21394098281850116,0.97082754068106691,-4.4233409452007679,1.6644215097654609,-2.3160195169810223,,0.2548886979894321,0.4554794520547945,False,3
-0.97004888640228792,-0.23499080883621631,0.061518109140163472,0.22763292701097507,-0.96780170234768437,-0.10743889180990224,0.084784482837936548,-0.090217430108735536,0.99230660925667469,8.0192245114849658,-5.6687672412690437,-3.3911384248695398,0.1920952217095917,0.1447965829380141,0.5714285714285714,True,5
-0.92691001224752434,-0.37009173203894652,0.062208834354197079,0.36485910071526434,-0.92749406756316422,-0.081440722371466864,0.08783886281449646,-0.052790761611766324,0.99473487405836281,-15.352752360933863,-8.1415314426933811,-2.8136898795193135,0.2857760221199783,0.253801759361755,0.8863636363636364,True,5
-0.98112192966066947,-0.17977397570907161,0.071281672235440019,0.17387488075588339,-0.98136402002564838,-0.081805782443715169,0.084659819165020023,-0.067867354868561547,0.99409593961654086,6.9475285970792315,-9.1554694619199353,-3.6603779439001514,0.1670300661986859,0.1800142005058459,0.8703703703703703,True,5
-0.67605227686547742,-0.73531503863995551,0.047593202192362134,0.73178420450262627,-0.67756263361196056,-0.073489833128679086,0.086285554906142037,-0.014855015407037105,0.99615969178229358,13.633985333365638,-17.15263236788871,-4.523319746189169,0.2269817352161568,0.2364964106554323,0.828125,True,2
-0.82562352673121564,0.54429915615113977,0.14860760653838154,-0.56406328267451356,-0.80248328595300922,-0.19455895996975431,0.013356842679351666,-0.24445654906182801,0.96956824946695774,-9.0625248067289963,-0.43173417182080626,-2.2218295365176695,,0.1754934453087094,0.3529411764705883,False,5
-0.61433278506970557,-0.78799204266527068,0.040789335428677194,0.78407360942051829,-0.61543932931189105,-0.080392828948920081,0.088452270738402089,-0.017406109052395348,0.99592832230481154,12.238612624988543,-6.1977977784203917,-3.6786230330996101,0.1014763031792684,0.1828846288758504,0.8333333333333334,True,5
-0.88824204817195662,-0.44394051528491191,0.11807998453528357,0.38765136440226272,-0.8622898551149748,-0.32585675601843622,0.24648018893280274,-0.24366580526278481,0.93801625348886519,-8.9736116720233063,17.474124020911365,-0.82724549144484971,,0.2062768934227106,0.3333333333333333,False,2
-0.96888604713205828,0.20555222852516611,0.13786989889439843,-0.23149692887579179,-0.94968954185379195,-0.21094773289753696,0.087572824517029677,-0.23630077325703305,0.96772565583652737,-4.0995913942234932,1.7045554411864381,-2.3335860122211844,,0.2929043409500066,0.1806451612903226,False,2
-0.057693110774660571,0.98568733384845109,0.15840449759989228,-0.99655978847836502,-0.047404660380633727,-0.06798077788722949,-0.059498680297119175,-0.16178157517136593,0.98503128324839118,-8.1731308218262448,1.6560948048056539,-2.1048819761694757,,0.1345194804833044,0.3246753246753247,False,5
0.45741135834616298,-0.88757137146965948,0.054698352839789181,0.88914672846336118,0.45552871572611858,-0.043722813402338759,0.013890447034582559,0.068634172948912733,0.9975451898459532,7.22571359633098,-18.658622258209668,-4.37913166538375,0.178229041660011,0.2227743656022235,0.9583333333333334,True,4
-0.6757019499490009,-0.73558493508354961,-0.04839088874206865,0.73626044880569219,-0.67013943355260808,-0.09398771793287744,0.036707306623589481,-0.099135981741843737,0.99439661642853672,-8.5911397408730785,15.115273219026001,-1.0118797245079678,,0.3419904106690269,0.6,False,6
-0.88264846467612312,-0.46529733893785025,0.066558802439941417,0.46139604054764427,-0.88471980084205737,-0.066216068782042614,0.089696051038160834,-0.027735543537976581,0.99558292374508595,15.522116687571554,-5.0064186840707823,-3.7739588944537661,0.232174040920854,0.2492636552284913,1.0,True,3
-0.98502343488509148,-0.1567519913584966,0.071816752449000834,0.15068615547889011,-0.98506656943423443,-0.083291874333937366,0.083800449128671253,-0.071222657828913294,0.99393401075605514,9.9116640042808335,-11.786020715268737,-3.8746368697973734,0.2730378230929028,0.2458940578748912,0.9595959595959596,True,5
-0.99086672769979156,-0.11395943510479033,0.072085886885744216,0.10684083184021065,-0.9896395147599818,-0.095909683960069908,0.082268855523819351,-0.08733199858142339,0.99277638843526883,14.197036347051485,-6.5999611811096566,-3.82593508799483,0.1226682385382074,0.1309436978382383,0.6666666666666666,True,5
-0.83304186436766747,-0.55029223058169208,0.056742516442846357,0.5457983480166797,-0.83427992444208343,-0.077981863116851596,0.090251955730079964,-0.033992184900911451,0.99533869403965103,13.67785496779393,-7.405128211777809,-3.8227466472715119,0.1713678525749013,0.1822725682643713,0.8723404255319149,True,5
-0.94945884582335249,-0.30619213905665743,0.069096121943983152,0.30159264704962169,-0.95089543367921781,-0.069568307824875608,0.087004455824926552,-0.045213362935340694,0.99518137868364853,-4.8284921986584566,-3.8377472414739562,-2.7373725733102194,0.2828540022862218,0.1771152429855929,0.9686847599164927,True,8
-0.32063638509797171,-0.9467876540949528,0.028025820321281217,0.94362568007967496,-0.32185464671456504,-0.077331508988338918,0.082236758481084013,0.0016505882642674635,0.99661145443593291,-4.9027880465407492,-23.048396300009536,-4.3447783926223744,0.3164653017596109,0.2976169143752587,0.8,True,4
-0.77657492655575344,0.62211707352781864,0.099507438265228509,-0.62949234752715777,-0.77267216746984668,-0.081957952769680917,0.025899186274361035,-0.12628566206276728,0.99165576875632311,13.479128520046304,-4.2684994863732379,-3.6069929513641519,0.232795413004108,0.2079809753974497,0.8666666666666667,True,4
-0.91963887888068185,-0.38776440626196351,0.062474776409270898,0.38251046738570932,-0.92033533641052478,-0.08166156314014647,0.089163191909261419,-0.051201892449720433,0.99470010124565622,8.0712790218364745,-3.060591489449715,-3.2184104194933205,0.2284354982011661,0.1979791490318782,0.9685314685314685,True,5
-0.88992402704911078,-0.45193565127459484,0.061558047302551405,0.44735697862543777,-0.89117404345666051,-0.075369476210386532,0.08892108723927715,-0.039534685734378107,0.99525376104191188,-7.951896810080032,-0.088243210997678567,-2.2826703251926435,,0.09092091173854777,0.6161616161616161,False,5
-0.098718381835847829,-0.94200791522330996,-0.32074252718394819,0.99312791803801581,-0.07290240805336691,-0.09155423154337454,0.062861908189214097,-0.32757644383663242,0.94273116737602214,4.5551675081877301,6.3004959098253943,-2.4407094930625224,,0.3130886137058216,0.2178217821782178,False,2
-0.84562966505284054,0.51902340534488933,0.12460005733070771,-0.53248443398987211,-0.83647853082242818,-0.12947584729067405,0.037024277725660255,-0.17583620837969285,0.98372294406583138,15.80827240549257,-11.427306814141536,-4.2245944227631869,,0.1352131006657665,0.2272727272727273,False,1
0.99419379296083155,-0.094004764562674981,0.052362260051224144,0.083306394798046426,0.98042382420931029,0.17840731349511513,-0.068108344745031232,-0.17300933258731535,0.98256247852937284,-8.9708572068457926,2.3380273046392963,-1.9996821487175747,,0.2746115415412022,0.1333333333333333,False,2
-0.6172030147702221,-0.78676086387248889,-0.0082329604130748496,0.78129062779069058,-0.61160802135966397,-0.12458163241403311,0.092980608112536417,-0.083324493920644033,0.99217520389691816,19.6176347611122,-18.236449355687036,-4.8346885440420255,,0.1782674405480329,0.391304347826087,False,2
0.90003464296015767,0.43165327027950484,0.060109032005107525,-0.43379377283782788,0.90057075710956169,0.028200604359396461,-0.041959553366370583,-0.051456444650995373,0.99779338050779565,17.453448821080215,-12.729167879655478,-4.3937569943196433,,0.1758836513709087,0.9069767441860465,False,2
-0.81360283204208772,-0.58107036718659311,0.020190593620067837,0.57476119898852362,-0.80903936513805552,-0.12290187058904282,0.087749620115234517,-0.088388540177155223,0.99221341965072329,-8.4646772145210374,-2.3098700376652728,-2.3920293024107036,0.3027397983050646,0.1936537311554483,0.9074074074074074,True,4
-0.065530242241242542,0.95595355913982361,0.28610938488575921,-0.99748216740677242,-0.054964897766610538,-0.044812785217992743,-0.027112968433795046,-0.28832560202210539,0.95714849117642053,-6.8587357309571502,-3.0592962593985513,-2.5984610457133122,,0.5621135795630883,0.204778156996587,False,4
-0.88936113948408202,0.44896657649629135,0.086404726518719707,-0.45516848271523669,-0.88726323152207043,-0.074736940877467614,0.04310934838621764,-0.10579683916928968,0.99345287402246862,11.297533398718118,-3.2023078602399666,-3.3988235354706293,0.1971456356291213,0.1933919730290395,0.5833333333333334,True,4
-0.13505352905469017,0.95248447969895544,0.2730089013612661,-0.98957607423865679,-0.11575711226113387,-0.085670789977529083,-0.049997375773980335,-0.28173321936465856,0.95818925871778715,-9.2032989828398595,-10.347964020713862,-2.946082664878364,,0.360619366368008,0.3237410071942446,False,4
-0.49292427933169647,-0.86965427819075825,0.026964629977797895,0.86725861833330542,-0.49358460281495709,-0.065090158938260659,0.069915261366418416,-0.0086992119478138744,0.99751500236314905,-12.42329803298327,-2.0304944314162614,-2.116013782875644,0.2903107093861168,0.2198425577361755,0.2,True,4
-0.34890778632043501,0.85777766685810442,0.37746633079579356,-0.9369086356421491,-0.30999632563123725,-0.16156882915431942,-0.02157695771278664,-0.41002408750535346,0.91181943528379672,4.0275707114606467,7.1598350244667719,-2.356472928955113,,0.4114541803546806,0.4578947368421052,False,1
0.98508188597598323,0.14979365740308201,0.084708548115329865,-0.15517464412278087,0.9860054889672325,0.06094264145782062,-0.074394272248388557,-0.073178110991581918,0.99454032413388638,12.582368629263135,-15.52288022945544,-4.3585220281642121,0.07396710877041737,0.1493876309360244,0.4117647058823529,True,4
-0.16185825696573652,-0.98590172041750512,0.042422898649384103,0.98513640796797231,-0.16393937796028257,-0.051284871550547367,0.057516626708927578,0.033491462073160325,0.99778262142624385,11.377652687651198,-17.808424545449512,-4.5201929082258125,0.1482200187855467,0.1531718573859806,0.3333333333333333,True,3
-0.38375963978764582,-0.92228218528025208,0.046088063365033113,0.92012514460538264,-0.38612906854778578,-0.065376300655082584,0.078091338412019873,0.017318000378289795,0.99679578135539748,-12.282583349178019,-17.461596594582769,-3.4160070146679313,0.2804020337302832,0.2816981998800537,0.7777777777777778,True,4
0.39174270849111092,-0.9193855444087643,0.035607177313685373,0.91979480610922815,0.39037541741054343,-0.039806383106627825,0.022697246496789687,0.048345157086763346,0.99857277190384086,-15.543479358285506,-19.658262035514156,-3.6775025621878541,0.3217861220004316,0.2942805847200245,0.7555555555555555,True,4
0.52725788415651231,-0.84082704979706835,-0.12251120734184112,0.84968847045561113,0.52264628559062043,0.069787988458842709,0.0053503990133150492,-0.14089262751430778,0.99001042456254607,8.4929770463829986,0.39004833435810093,-3.0103316356650063,,0.2292203145393637,0.4285714285714285,False,3
-0.99218879032593321,-0.10960440308638178,0.05956743385138083,0.10427647420904611,-0.99080571097024939,-0.086200116213775657,0.068467665931378319,-0.079315307052398351,0.99449548052723313,11.104548048601696,-15.570728829304691,-4.2699920617557403,0.1455521902990677,0.1196969136924387,0.1891891891891892,True,4
0.31440005161950663,-0.94344798431874488,-0.10515944287865422,0.94801323751176603,0.31778933330218917,-0.016758315601832184,0.04922914831796308,-0.094423728608054508,0.99431416083229984,-8.1794070742786804,13.069685762591424,-1.1720635101118386,,0.2873696949127849,0.1428571428571428,False,4
0.88747952176591183,-0.43378086780876579,-0.1556093093912517,0.45874187191808707,0.79930187787375295,0.38816543248540541,-0.043999924945818773,-0.41587337826622944,0.90835749562283896,-3.6600706455055079,2.6546834511627542,-2.2651795849530569,,0.4705023925452259,0.1531531531531531,False,1
-0.35602432663245565,-0.93319995546592616,0.048831567293087991,0.93166560106439555,-0.35851854993725141,-0.058852843127662896,0.072428493282859385,0.024541647648099588,0.99707162274908356,14.912178960068919,-12.626977484587064,-4.2571980612061298,0.3357627111303073,0.1574974179489835,0.9574468085106383,True,3
0.15009909343732947,-0.98707153315447693,-0.056214327225029337,0.98712064108663178,0.15280419237114401,-0.047367908276810727,0.05534529871641998,-0.048380442638252752,0.99729445535414341,5.8179359638594175,12.687516027865513,-2.0937427680439145,,0.1511146217663461,0.1875,False,3
-0.23414080311701088,-0.97142357906961352,0.038914192055103769,0.96974181332355336,-0.23620712462608237,-0.061700970558194776,0.069129587064193657,0.02329000436794261,0.9973357889341351,12.097528759014084,-13.241899803585968,-4.119804370537504,,0.1189426469224793,0.4285714285714285,True,3
0.070067215054720841,-0.99706734712758138,0.03077808743964559,0.99648240703151592,0.068537545103455139,-0.048222581721313718,0.045971707072420452,0.03404864465964564,0.99836230495030653,21.284527366624022,-21.298855632740995,-5.146696627521397,0.3477741848004941,0.2057630994139809,0.7857142857142857,True,3
-0.97024421911402303,0.21367486548261511,0.11388242681294564,-0.24041954747695493,-0.90596484301266045,-0.3484625437776952,0.028715787762062246,-0.36547333019802175,0.93037876612010639,-15.977234066120236,17.238834560889018,-0.49812177959541726,,0.3859666418894865,0.2962962962962963,False,3
0.91491129490527245,-0.39925415030075917,-0.059442795378215438,0.40066090486236483,0.88032152154813714,0.25397806600973261,-0.049073024867320736,-0.25618380543428543,0.96538163234214247,6.1189405284695111,-5.1408159586907436,-3.3296290158166557,,0.4345994619824485,0.1273885350318471,False,1
-0.55394558810425487,-0.8324227134051293,0.014721128593694552,0.82793543522873458,-0.55264688791176431,-0.095416625249727521,0.087562551998192767,-0.040667474579604949,0.99532856685562887,15.89789772805098,-7.0616055001299678,-3.92221540566893,,0.09528939639509497,0.1851851851851852,False,2
-0.86509784830916359,-0.50115028143008877,0.021309816362367,0.49324022092194636,-0.85763189317614186,-0.1455390678545668,0.091212922964481663,-0.11539467591552709,0.98912298095566742,3.7454589494495858,5.9532323185889284,-2.4087849425150485,,0.5274229925735104,0.1301369863013699,False,1
-0.77815827967960305,-0.62697024953533653,0.037121394958689116,0.62141449774807489,-0.77714897643565528,-0.099415745299836322,0.091179568734388733,-0.054293412331624463,0.99435331327591991,-8.4116036566194907,-21.330727814094587,-3.9491506762020245,0.3069077583265603,0.2641558369098493,0.9285714285714286,True,1
0.11032011765512643,-0.99326836475547997,0.035318935665363552,0.99313979451162104,0.10878049308413532,-0.042897003179571694,0.038766224964198681,0.039809042946890999,0.99845501646377555,-12.621232846123121,11.338936537681155,-1.1290322721064847,0.296348198394426,0.2454732647528284,0.8813559322033898,True,3
-0.59582839512651109,0.78725216606700277,0.15881609044356698,-0.80310131450596567,-0.58506386040076941,-0.11282091070249278,0.004099048640481745,-0.19476731316050461,0.98084091040519006,-18.513177605353164,3.6255310695526335,-1.5363776529181534,,0.2178350903114687,0.2857142857142857,False,1
-0.8101313572546226,0.57699529086588608,0.10374785930984445,-0.58532645897852698,-0.8060115807772199,-0.087967426202359547,0.032865185416226475,-0.13199153749994696,0.99070586634780677,19.665691014833556,2.3173169998893068,-3.5710149036844863,,0.2002654160772871,0.8333333333333334,True,2
0.68746713170118878,-0.7242404686002839,-0.053522765924239463,0.72605983808908059,0.6839246806882775,0.071303174259606042,-0.015035103744175857,-0.087879319450474558,0.99601765590190372,4.9644471966199664,4.4157476655074248,-2.6107967062493307,,0.5981812557396617,0.3975155279503105,False,1
0.37744469175480766,-0.92602251374211453,-0.0042200365939622994,0.92584796931174251,0.3774565907964631,-0.018222507665940385,0.018467332981292387,0.0029708764780292662,0.99982505044908287,-17.080983265737022,13.957797197346443,-0.7123786771101811,,0.1751194015886847,0.1,False,2
0.11324726341267706,-0.99242633825725268,0.047592231118532578,0.99248395267819722,0.11075820914930426,-0.05204058783584363,0.046375219738572768,0.05312797981609188,0.99751027902215583,29.37193496269737,-2.1260121782787054,-4.3326553944811774,0.2375055691295594,0.2059233534155176,0.9361702127659575,True,2
0.60511857654364021,-0.79320779377603801,-0.068212199896708528,0.79611860236094656,0.60232486141324815,0.058308938408826699,-0.0051652005432105755,-0.089588823055453098,0.99596544291801947,11.389533881032953,5.4737380861321903,-2.9112445020942861,,0.1856484779076851,0.1875,False,1
-0.83285225149011399,0.5398447022404409,0.12216719956999977,-0.55172631365215019,-0.82734846688511221,-0.10532136139768745,0.044217666284594448,-0.15511999163803061,0.98690556092392134,11.985523808533015,5.0570402669363288,-2.960322734925052,,0.2484586216065529,0.2424242424242424,False,2
0.99416053541376537,-0.016180225051527303,0.10669128428834865,-0.0025087876441373196,0.98496229511437716,0.1727512176153202,-0.10788204582029362,-0.17201010877358641,0.97917004992459167,6.4440490009839264,4.6514285958735364,-2.657736464315446,,0.2521907633723672,0.2222222222222222,False,2
-0.012461656327017366,0.95291610289007533,0.30297790014187126,-0.99865305597272136,0.0034015362629900639,-0.051773577695535734,-0.050366466204523584,-0.3032149904009398,0.95159018946089713,-8.1690890413000865,2.7226123939479141,-2.0093699992766116,,0.2003406733520153,0.2830188679245283,False,1
0.38648496714544717,-0.92176603059475715,-0.031253080042902601,0.92212089904758432,0.38684952122841038,-0.0063636047194488635,0.017955993714030494,-0.026359680706244684,0.9994912453457544,-18.521053639618334,8.7589524328581128,-1.06637825405695,,0.1901716845516287,0.5238095238095238,False,1
0.66334752083191417,-0.74719572087561736,-0.040848761441682757,0.7482142853677326,0.66139264775344564,0.052298648829011279,-0.012060256125250416,-0.065255805893829219,0.99779568550848141,-4.1023359389496452,-22.276223347052618,-4.3155429539207937,,0.2511087950528553,0.2162162162162162,False,1
-0.95588697304095804,0.26580003318718115,0.12502174662149046,-0.28795472356101037,-0.93198004361333309,-0.22021642873635111,0.057984238802427104,-0.24650261796618658,0.96740595790305073,31.407173864390469,-3.2088261487781282,-4.4592763539917009,,0.1661328090083818,0.3076923076923077,False,1
-0.06212492360853835,-0.99707837110191988,0.044443399367900809,0.99649977036022641,-0.064461322851801742,-0.053225421822770437,0.055934797207546343,0.04098121199936914,0.99759302259208527,-16.505518108399166,18.576027054840058,-0.37501975913798086,,0.1979221717821098,0.6470588235294118,False,1
-0.8581736289746853,-0.51325862446406056,-0.010178749710983377,0.5051757239070509,-0.84080058551909076,-0.19455555341788869,0.091299017012262534,-0.17210450256752255,0.98083868688412745,7.7553267997693833,16.63250932383508,-1.9562943993031729,,0.1428202714005215,0.375,False,1
