axis_00,axis_01,axis_02,axis_10,axis_11,axis_12,axis_20,axis_21,axis_22,location_x,location_y,location_z,dbh,dbh_approximation,score,reconstructed,number_clusters
-0.99626378679002747,-0.086132325463422019,-0.006299971512477711,0.085946219178678396,-0.98166800174732338,-0.17012107968828452,0.0084684437581810205,-0.17002692979548922,0.98540302851403594,5.6620626467244835,17.779338747321461,0.56525038689790186,,0.2272800883171475,0.9047619047619048,False,5
-0.99948943666132795,0.031930754435256642,-0.0011370679909553962,-0.031192111613493868,-0.98284227289896475,-0.18179141557259185,-0.0069222955377573996,-0.18166313198882925,0.98333645732297337,11.533817080824392,4.3569581879656543,-1.4295547783798705,0.173458020153738,0.1458039056722049,0.8333333333333334,True,5
-0.60546915232394183,-0.74196772316067339,-0.28790797726338524,0.78807330777471774,-0.5084260980390729,-0.3470495129023784,0.1111196074378534,-0.43702036636812402,0.89256127645239469,-6.0739378081960629,-1.4513464343011535,-2.8794012032055991,,0.2548150397513863,0.2162162162162162,False,3
-0.8332631499838844,-0.5526215229814454,-0.016792117692631565,0.54707374334500347,-0.81974815079268382,-0.16947946369534206,0.079892691914970643,-0.15040751846115791,0.98539065155345174,-12.642135748842184,-15.343482162645262,-5.5445503681740709,0.2832180700830338,0.2377032604311537,0.8833333333333333,True,5
0.25762180711770188,-0.92004181960099884,-0.29521865571588385,0.95408958116887288,0.29052890395458097,-0.072842481231455924,0.15278768144852078,-0.26289923193542025,0.95264889557766874,10.604129393797738,-4.8529891212807748,-2.9291975587400683,,0.3131773891926887,0.21875,False,4
0.46000027352966144,-0.88696978879286958,-0.041040737339493982,0.87927151024780048,0.46146859107834537,-0.11801843379201052,0.12361779653103758,0.018202560723686919,0.99216294385746506,19.426230356531679,4.2792062840019733,-1.4175159538107374,,0.1243317875716041,0.6,False,1
-0.97437907047305017,0.22476104017424722,0.0082402575121444249,-0.22311643755360383,-0.96133073061680019,-0.16143816669288233,-0.02836339749509538,-0.15914050770171792,0.98684842630009573,19.074943859938816,-7.408039644772721,-3.3031235319388399,0.2390960750840281,0.2379834553139836,0.9571428571428572,True,4
-0.26709110096170802,-0.95030666628137184,-0.15993618667534062,0.95415933781062645,-0.23752617686727664,-0.18210237058205186,0.13506406574603985,-0.20124252861659686,0.97018510750276343,20.21655837651959,-15.138371584759149,-4.8286897889692844,,0.1603517887422002,0.3636363636363636,False,1
-0.58870304042882848,-0.7816110833321227,-0.20618643166377221,0.80317461391084977,-0.53677062940074693,-0.25843341692181382,0.091319602271423897,-0.31774424593548878,0.94376868162483396,-6.3075163518390598,1.3762650009058903,-2.3676338149376575,,0.2222267683118441,0.3679245283018868,False,7
0.8250390407078928,-0.54089118681038906,-0.16354603431037201,0.55659732302050036,0.82782716023925684,0.070011518885254337,0.097519235611304184,-0.14879152126736475,0.98404831277977944,-11.185490204036945,-3.1614786017496179,-3.1050782744250376,,0.460970595888594,0.4507042253521127,False,4
-0.51804627967623496,0.85524695821343522,0.013442194027709072,-0.84712167393079751,-0.51082292217951453,-0.14644047163494367,-0.11837618709138806,-0.087250115430571262,0.98912814927442849,5.402119388568094,7.1966433099709031,-1.1490373607588391,,0.1720298228847971,0.8041958041958042,False,5
-0.87057941953036921,-0.49187656913317512,-0.012203074528334433,0.48710330465320734,-0.85810060849084802,-0.16246143020287085,0.069439505226433912,-0.14737973553176986,0.98663943194486969,8.3342550836074381,5.017058431620395,-1.3833076830721243,,0.1304291460884542,0.7319587628865979,False,5
-0.99970271041224279,0.024380962724897707,0.00024382580266216897,-0.024002198469763002,-0.98231505274233244,-0.18569068803913011,-0.0042878039872406293,-0.18564133648634021,0.9826082174114622,15.070569112864863,-1.3790704827938374,-2.3666105587435111,0.2401175331386224,0.1861505411346955,0.7910447761194029,True,5
-0.98083411183119451,-0.19471585169160702,-0.0070839373462473383,0.19311724000500369,-0.96666514657875768,-0.1681196776190112,0.025887770880539226,-0.16626554510746516,0.98574113834665322,10.472159768386488,6.9009833792113371,-1.0654571219810933,,0.1639531859823484,0.864406779661017,False,5
-0.78454840830195871,-0.61999854204028682,-0.0092521834602652051,0.61380932389150078,-0.77442901662135477,-0.15328996091962524,0.087874392940846646,-0.12594247132242692,0.98813793823659934,5.9702332627657979,9.2806197278298956,-0.78329310318618461,,0.2420354531512461,0.9915966386554622,False,5
0.99992774050291389,0.010862332527611287,0.0051500975521339386,-0.010740101714507566,0.99967326213429941,-0.023195240652544635,-0.0054003692372775053,0.023138252004570679,0.99971768880333078,11.012084565329623,-9.9670098361014308,-3.9383719838168507,0.1549729911106787,0.1294527637353525,0.7096774193548387,True,4
-0.57797046805481289,0.81591313227830298,0.015358991904083259,-0.8083257234771255,-0.56980822700161493,-0.14808142762162463,-0.11206990149760473,-0.098001760275442676,0.98885590060495276,8.9001642204386915,9.1532602335560398,-0.72582221621468712,,0.2562810643919715,0.9514563106796117,False,5
-0.062656650239297673,-0.99634017439867451,-0.058141216533621497,0.98737589302268169,-0.053390756488178252,-0.14912502472516709,0.14547504960800658,-0.066750910112441039,0.98710755540655704,12.02198697813127,9.4937637093708585,-0.6258235874598661,,0.1291812666927945,0.3636363636363636,False,5
-0.70468529320766848,0.70828463499329009,0.041851085639994109,-0.70370501759255322,-0.6901567449580559,-0.1687688229619636,-0.090652555131602308,-0.14837972644982381,0.98476675970850513,-10.638257195682717,-0.21075547337832834,-2.6481514626136446,,0.156540773304248,0.7924528301886793,False,5
0.45609660840874416,-0.88948469813479669,-0.028157691348741489,0.88119159068269903,0.45581500248427687,-0.1254354974492996,0.12440765373615642,0.03239838413113922,0.99170211273222364,13.366479477617894,-4.1320948663178498,-2.8112664661691569,0.309925099680417,0.2653730692386514,0.9591836734693877,True,5
-0.9846786072258239,-0.17413955211404181,-0.0091354726934165589,0.17303644621051356,-0.9692672933993447,-0.17486938619765338,0.02159696169944527,-0.17377091337686212,0.98454925773651525,18.256047305641772,-9.8129359107555452,-3.7897998729482323,0.2820838778201835,0.2145088349016393,0.71875,True,5
-0.79919047866385573,-0.60048437448248204,-0.02670383521931918,0.59455208303320284,-0.7832046448165958,-0.18192939536696784,0.088331191398722031,-0.16127306142097447,0.98294893066017908,-5.9331637107161752,15.278789637494535,0.084596110509366343,,0.298599841430233,0.8518518518518519,False,5
0.38398913855327865,-0.91943412003110481,-0.084812973039145173,0.91396663594523919,0.39153856709824586,-0.106595210275109,0.13121482329391451,-0.036584824685657047,0.99067866674854055,-8.0190024723110689,10.974109479924365,-0.66424596405737157,,0.1696353034775274,0.2307692307692308,False,5
0.068603778499478643,0.99755689351531196,0.013182024718368296,-0.98789614313862084,0.069770102230232431,-0.13854004188905319,-0.13912128502652713,-0.0035181010309688829,0.99026910030440896,6.0558255909438552,6.0858864942783768,-1.3389803027105931,,0.1848517464577635,0.9770992366412213,False,5
-0.40816181764988968,-0.91216939034437994,-0.036755053142407207,0.90405204574315534,-0.39827898707038878,-0.15512494011538336,0.12686145671698137,-0.096544558505116757,0.98721087869952995,-13.699991791100953,-3.1017767598927644,-3.1660881707691781,,0.2004408279006769,0.7096774193548387,True,4
0.018236150848364798,-0.97164490494193578,-0.23574058094144856,0.98785707893694363,0.053894567858157647,-0.14571810851623851,0.15429139443404974,-0.23022066426747712,0.96082912702927403,6.5105007006603781,-16.965730915139446,-5.5781971491831808,,0.5369819009706538,0.2752293577981652,False,4
-0.48629581259697602,-0.87355566753925373,-0.020417599288282962,0.86524484296607562,-0.47814562115687953,-0.15075850453328959,0.12193336037056904,-0.090979451957855534,0.9883597497622969,7.0704532509061622,2.755895430830515,-1.811411443075946,0.2400472473740786,0.1784598905783566,0.968,True,5
-0.82206368898707727,-0.56911231213379609,-0.017957378057027559,0.56373958825973491,-0.80905891190393853,-0.16619673190998518,0.080056029614905905,-0.14674758344361183,0.98592909424347419,-9.3706166996165905,-3.3992593078854254,-3.1783831009879577,0.2453518541602996,0.2150105511211284,0.9390862944162437,True,5
-0.82882120745506749,-0.55913479930258592,-0.020583543950999796,0.55379026977381551,-0.81453946103661146,-0.17274780322201641,0.079823199488433888,-0.15457600920920728,0.98475099096187058,-8.8121193189549771,-9.0021208867864235,-4.2568916477196037,0.2743954925346456,0.2432295979326827,0.9333333333333333,True,5
-0.95179379392969599,-0.30658685329625857,-0.0096475500939607987,0.30380800711293748,-0.93789661854641926,-0.16748321627333057,0.042299747646794103,-0.16234048880390947,0.98582772178709122,6.9898067935045747,8.6770055476697436,-0.83130141401962909,,0.1784770101551876,0.9186046511627907,False,5
-0.96651047043756799,-0.25639455486524959,-0.010924411654699935,0.25401328104918297,-0.94973847607471518,-0.1829592307425503,0.036534416447777093,-0.17960695782382013,0.98305980342809873,-6.8667220467315264,-22.600347192931167,-6.8158238612235431,0.2674747608100487,0.2445599216323803,0.9726027397260274,True,5
-0.79122400060914788,-0.58230241988716214,-0.18678456213940783,0.6088738909454845,-0.72172653218252936,-0.3292163387025111,0.056896096394756887,-0.37421211169246682,0.92559609424289546,-9.6762821800451508,-2.4252092165695704,-3.0246325164169661,,0.4830103532612436,0.2347417840375587,False,5
-0.019810095091577183,-0.99494802546274619,-0.098417410859287777,0.98997788548377075,-0.0057534112373650893,-0.14110522496426542,0.13982612912308226,-0.10022636822172568,0.98509051803757541,-21.850559518687433,-5.3021607784842884,-3.9285082966611156,0.3064362714922572,0.3567380196565443,0.7166666666666667,True,1
-0.21334923928180752,-0.94223232730453366,-0.25822537342437141,0.97213557676814766,-0.17846464234606119,-0.15199602565183334,0.097131470078108004,-0.28345830877674844,0.95405286263701916,-3.6132301334046768,-5.2255232436763599,-3.4112165229052001,,0.375742154965939,0.1784037558685446,False,5
0.76596674912780671,-0.61588692908554266,-0.18433184698299004,0.63009034001192954,0.77611571986474293,0.025110810470462652,0.12759742416769859,-0.13537976200456386,0.98254323944819666,13.163420627951867,1.6397790762128721,-1.8728362144432646,,0.2895251218404896,0.4857142857142857,False,4
-0.22036264994721708,0.96115376564374111,0.16620391480677463,-0.96791415052079943,-0.19437485965917251,-0.15925015275998014,-0.12075802138922401,-0.19596390668011879,0.97314728975054243,13.415705620410591,12.70431399340891,-0.098804461329287746,,0.2500172903139322,0.303030303030303,False,3
-0.88877786294241889,-0.45820087008963073,-0.0112193133752783,0.45371119310754504,-0.87607246336081679,-0.16322742474792315,0.064962016536091072,-0.1501632497983986,0.98652467521980847,-4.3910780938594876,-3.0136100657389169,-3.0672805132676473,0.2785338538699898,0.2373212793085656,0.9878048780487805,True,5
-0.87129216143046306,-0.4900561150151192,-0.026362351301075958,0.48466821235699514,-0.85078565948108376,-0.20312677212030114,0.077114806363678234,-0.18975975800370981,0.97879749738230659,17.97147829927987,-15.390081112574434,-4.9043045814720028,0.3714057439032746,0.3033524167871461,1.0,True,2
-0.90247104294390812,0.43058377784412011,0.011984444301717516,-0.42665827726928313,-0.88972530943210759,-0.16233172269629959,-0.059234543007799303,-0.1516129414444112,0.98666346081185707,6.7087437384140589,-1.2781791538823593,-2.4740520503668364,0.259169106255817,0.2105151961626418,0.9732620320855615,True,5
-0.94900528369446491,-0.31516122142240066,-0.0078978498041944248,0.31195540938475619,-0.93514465805142,-0.16789368979649674,0.045527948290892656,-0.16179577568476167,0.98577346936047561,21.334423518879156,0.36008536181404938,-2.0240628590776133,0.3121937299544026,0.3018714088213917,0.9245283018867925,True,5
-0.73541631513269468,-0.67658378798508279,-0.037379423114955616,0.6716598939437235,-0.72054507504669885,-0.17230142684683156,0.089642792817695896,-0.151819539788871,0.98433479925995693,19.069011668792626,-2.7698546655610952,-2.5261361732756389,0.1798269211989008,0.1960368069862869,0.75,True,5
-0.8625178288933536,-0.50583159500397679,-0.014049638316667607,0.4989973731413741,-0.84559684178255357,-0.18965126618448916,0.084051272679862621,-0.17058833096992457,0.98175098925226023,9.4065992774912441,-21.346717095107994,-6.2311408968299391,0.2577983827567033,0.2635931678154309,0.8235294117647058,True,5
0.31839369685663199,-0.94782148412115375,-0.016121043401116184,0.93872356143326574,0.3176143150061928,-0.13386269873714821,0.13199821594253738,0.027487836246610192,0.99086875510658123,-11.3366917708176,4.8122293021860649,-1.8013198093741181,0.2247306653467523,0.2177703989149381,0.90625,True,5
-0.91670629192246833,-0.38869065373948852,-0.092569703712006485,0.39101377511921459,-0.82502172744678171,-0.40797962805482024,0.082205851475305014,-0.41019352132414066,0.90828600839544071,-9.8934412685015509,-1.9202008240115995,-2.906810436959673,,0.4804439079693384,0.2467532467532468,False,4
-0.41710072499783085,-0.90801840621449981,-0.039109579158624778,0.8998875407115926,-0.40656865235447115,-0.15781110542262725,0.12739465953612977,-0.10101734949180712,0.98669453014766639,15.698510635231514,-4.9599715799835451,-2.9341601319821708,0.3461509638517919,0.2588386582515274,0.9175257731958762,True,4
-0.99953464209805398,0.030347730936635512,0.0030845539245148504,-0.030398211838397138,-0.98254232781638273,-0.18353888625082038,-0.0025392839430816889,-0.18354723990341351,0.98300761073396348,-5.4822132753170392,9.3414968391989177,-0.87889939922399218,,0.2854564178367248,1.0,False,5
-0.94031393695788024,-0.34020459269248454,-0.0083985161614546257,0.33688276245435073,-0.92707259351918181,-0.16445792989924532,0.04816330889690941,-0.15747139885249067,0.98634834324367504,5.7883444174819294,0.59468997013038705,-2.209578075834512,,0.1313064562939723,0.7142857142857143,False,5
0.038705224100029773,0.9894867520502405,0.13934802885018285,-0.98942709663050399,0.057456267269023122,-0.13316455160755225,-0.13977097724741125,-0.13272055179426995,0.98124886193601601,19.024212820123893,5.7457075011629177,-1.1413000356858241,,0.1498958767492418,0.3,False,1
-0.22565672766538949,0.94067296511841147,0.25340365813200605,-0.95953762204621829,-0.16963924033191075,-0.22474447716795812,-0.16842384966872978,-0.29386544682038834,0.94089133592982821,-8.2328072147618574,-0.092097933988896319,-2.6267986353946413,,0.4718469734472598,0.2857142857142857,False,5
-0.92518240469873625,-0.37906086204206357,-0.018718464247726281,0.37538762062641701,-0.9067274424336107,-0.19217044366458169,0.055871748820876303,-0.18481939293735519,0.98118303067163049,-6.9331478951541756,9.3272554449290279,-0.91675130705102637,,0.1265715737183384,0.5490196078431373,False,5
-0.94453824014416776,0.32802360093073757,0.015748972594760775,-0.32520156846956472,-0.92758036183907122,-0.18395274446289753,-0.04573240394176966,-0.17887199211427549,0.98280891208147725,8.3008183514425706,-0.46844611733484837,-2.2325771995540897,0.2374365087194447,0.2136900967177842,0.8521739130434782,True,5
0.30425811007281367,0.95188807792529262,0.036552558851766032,-0.94396770106926586,0.30643320583943828,-0.12257108018194615,-0.12787486771420103,0.0027888102582416287,0.99178638866664171,8.1371434323737795,16.256619159610139,0.38176066187258373,,0.281528328735159,0.6530612244897959,False,5
-0.44476354772283572,0.89312157200718811,0.067225324338421169,-0.8869223122439811,-0.42873655480960976,-0.17191212468519093,-0.12471647309312019,-0.13608388657514009,0.98281584091518259,-29.986303749932176,-9.1972091650837378,-5.0824805565509532,,0.2190055691600086,0.3333333333333333,False,1
0.25107730383946159,-0.96456617020415147,-0.08106966630252746,0.95672860911114521,0.26001570347256198,-0.13062236583343062,0.1470733014688953,-0.044765357648132206,0.9881120921988934,13.496058663221987,-17.572066479136936,-5.3330877551397915,,0.1592422477426342,0.1666666666666667,False,3
-0.31733308699859519,-0.94769686662714991,-0.034210537572881575,0.93936162244668941,-0.30918741917862519,-0.14833368496732399,0.12999790063791897,-0.079207252235793474,0.98834546441160442,-19.149853973660015,-1.0497568001555779,-2.985566757416902,,0.2319920742876909,0.9607843137254902,True,3
-0.99770183320933348,0.066978465895167594,0.010243881933465839,-0.067698984521923217,-0.97911368735372739,-0.19171133177589991,-0.0028106058843773082,-0.1919642475642761,0.98139789491910223,-6.7170043219042483,5.5676393324583584,-1.5880321690771897,0.3338619650470078,0.2352152758763131,0.6266666666666667,True,5
-0.0021680520623865059,-0.96375745591795559,-0.26677118606177619,0.98990980828660036,0.035728527089964379,-0.13712054481356681,0.14168228897163712,-0.26437669813078019,0.95395549711568073,-7.8433603976404696,-1.7201270032061902,-2.898075284478332,,0.4171761527129905,0.2900763358778626,False,2
-0.99802619479526622,-0.062794560830520069,-0.0007467480057150068,0.061844582084387839,-0.98072345907842673,-0.18535572416316889,0.010906978009024442,-0.18503605038842422,0.98267120538222907,13.102862408271454,-9.6435827232198559,-3.8126589384988145,0.2037345518305543,0.2075425881137353,0.9772727272727273,True,5
-0.72367120769191384,-0.64051477575189908,-0.2569840563171632,0.67524287301357,-0.58016588340974706,-0.45547185442326554,0.14264307064175227,-0.50313851946644228,0.85235238289513193,7.7199130191048644,-10.457859351042028,-4.2124216275670232,,0.4325724025378288,0.3393501805054152,False,3
-0.52423023540438096,-0.85131746302450984,-0.021005652510197585,0.84384270728073763,-0.51599436200108428,-0.14723893422667919,0.11450827767887335,-0.094912567832745778,0.9888778786131337,8.7323844964425739,-16.461796054870749,-5.3654323534028334,0.3546913720344759,0.2346837680597835,1.0,True,5
-0.94139259929205488,-0.33641343519356132,-0.0246165517369384,0.33381594891499861,-0.9186678866242256,-0.21122553428825527,0.048444672030358196,-0.20706355233755486,0.9771273197722109,-4.9171666790639952,-11.61146249374961,-4.6878908866805995,0.3401918669042523,0.2538856213635975,0.9502762430939227,True,5
-0.66255397776972613,-0.74885164788586245,-0.015602435711846038,0.74162457399088977,-0.65295620380465536,-0.15375690932717354,0.10495340773097782,-0.11344340162231598,0.98798551448592264,13.473360732117614,-19.101476207400022,-5.7065348683370791,0.2715419969504245,0.2771551437300546,0.958904109589041,True,5
-0.99494502660889983,0.10038694863012243,-0.0026181235546125711,-0.09814073426270048,-0.97754586830612211,-0.18647378270418125,-0.021278869908715751,-0.18527421812643385,0.9824564488022075,-10.579097582566634,-18.925731215124383,-6.2379792644914067,0.2220106346743037,0.215671047098818,0.9759036144578314,True,5
-0.99093214115120187,-0.13433692694154439,0.0026611451291865748,0.13149479832128705,-0.97365738789725242,-0.186280457932509,0.027615387883216162,-0.1842413662916213,0.9824930072519894,16.530609467760861,-16.839704718169312,-5.2371281240867509,0.2148396060218971,0.1718412677066131,0.7368421052631579,True,3
-0.66496393974473056,-0.7464415968485596,-0.025453906052693133,0.73967758466772393,-0.65345281395553401,-0.16086171288941464,0.10344094730467707,-0.12579492210644605,0.98664867505761356,9.2547285370672459,-8.169659654277746,-3.6183286358895481,0.1065268734319152,0.1178330572232777,0.9222222222222223,True,5
-0.95382835955669687,0.29976047744282452,0.018844539491059475,-0.29778633417959888,-0.93563309568878805,-0.18950991907467724,-0.039176009001126708,-0.18637158156506714,0.98169795451741582,12.462443506289766,-16.817914159028888,-5.2448144527427605,,0.2166166797480717,0.9122807017543859,True,5
-0.94320183954489845,-0.32963593618428744,-0.041357459484701833,0.32879807418020629,-0.90840240638625291,-0.25825741903583882,0.047561710382491448,-0.25718712574227665,0.96519048174850908,21.082990859286745,8.479029198125005,-0.74087058305702513,,0.1093926567355647,0.1578947368421053,False,1
-0.98371823803866731,-0.17961161438940779,-0.0061722059696791218,0.17768182682817593,-0.96684640377859477,-0.18340447081628536,0.026973997944382967,-0.18151501171206263,0.98301816054336832,9.6238315870651086,-17.226405172900876,-5.3844404456126407,0.1180495894257569,0.1093307817513877,0.7380952380952381,True,5
-0.96891366602118789,-0.24692786639952807,-0.01526226040790226,0.24511264754613968,-0.9497628411296587,-0.19460302058868537,0.033557380861797562,-0.19229449915349942,0.98076333933574444,-6.2007081698274247,-18.468504317596089,-6.1028809748551343,0.2387171613025315,0.2429565425634741,0.9473684210526315,True,5
-0.83295079983680886,-0.55307967944715475,-0.017199803308599021,0.54774212110273546,-0.8197024036356777,-0.16753070836049841,0.078559110363459667,-0.14896589427290613,0.98571680949569707,11.018953042601638,-11.791381901566336,-4.2518381279733921,0.2974564893259105,0.250014567461891,0.9662921348314607,True,5
-0.6192819310415647,0.78496051925587795,0.018079632047505345,-0.7771175936363024,-0.60948024897458453,-0.15691421787333629,-0.11215228729880163,-0.11122414000306366,0.98744673534030458,-17.060058935742202,-16.660728198309272,-6.0276711496655597,0.2796343672655701,0.2786120342450923,0.9508196721311475,True,2
0.81806264540377893,-0.57499002117336295,-0.012648468129678681,0.56915895016706497,0.81253546903942342,-0.12587375023255956,0.082653479295768661,0.095773624260232657,0.99196563209436051,-12.979261795197923,-10.123291788013066,-4.5987587646610626,0.2243456363203209,0.2378335085581944,0.8846153846153846,True,5
0.99777230197614897,0.066702499234500973,0.0011000023135755987,-0.066647913983213902,0.99740487208287931,-0.027231906048282795,-0.0029135838592023178,0.027097928725416692,0.99962853765180648,11.123574082890418,-9.5259787068319355,-3.8618500321134528,0.07435210763540898,0.1200905513302393,0.46875,True,4
-0.99970063474392024,-0.022994056859211534,-0.0083614736595630616,0.02428273794622714,-0.97430920211058747,-0.22390160187114755,-0.0029982545654238836,-0.22403761298448602,0.97457588644382909,7.1544378463601745,12.645041558929618,-0.19063713278466909,,0.1672452046910248,0.2307692307692308,False,5
-0.9441350272376906,-0.32954209953772656,-0.0033249022772602228,0.32605017236325845,-0.93256732781409357,-0.1549498763974041,0.047961812359164198,-0.14737769073353155,0.98791673780196487,7.3338233190928106,-5.3327250169813727,-3.18487655710768,0.1539739756554812,0.1830465830070954,0.9665071770334929,True,5
-0.41260560902630256,-0.91047152293792355,-0.028252740028749918,0.90182423069744133,-0.40392398779610139,-0.15348768357709666,0.12833420560007414,-0.088808884701886595,0.98774658373036384,-10.702224537736685,-6.9066537697401378,-3.8206413635875038,0.2546772221379431,0.2372002038039271,0.9579439252336449,True,5
-0.35122161812313085,-0.93364684463991565,-0.070334518246016747,0.92368060686805498,-0.33322353751060846,-0.1891460032482265,0.15315845212991577,-0.13139879581961811,0.9794267940986312,7.9276523018708174,-24.656021828481109,-6.8010252697526088,,0.2684422263431182,0.8297872340425532,False,5
-0.97218827575342692,-0.23345559019379042,-0.018666651945325782,0.23236586325036079,-0.95154578915890764,-0.20141180881434362,0.029258538642481787,-0.20014769182086525,0.97932876980883499,16.883711900751241,-6.3787607069225061,-3.1685567868411426,0.1697575612278479,0.15459573857436,0.6071428571428571,True,4
0.72123927500933738,-0.67751133945801234,-0.14419532963940718,0.68680084789663709,0.72652356003646323,0.021635897032607126,0.090102738651316058,-0.11463813334905408,0.98931268811724971,-5.1631499895113881,2.0949417711824139,-2.2016525978186579,,0.8447587252863333,0.3403441682600382,False,2
-0.82239311702409823,-0.56752611661242225,-0.039795326788623742,0.56182235150061888,-0.79913013601023541,-0.21388471444817958,0.089583516484367437,-0.19825522107396754,0.97604798083455335,-15.742720813353225,-13.181137046063599,-5.399767544062045,0.2389384381376608,0.2173398063593878,0.8867924528301887,True,6
-0.83450741285206298,-0.55086246605278166,-0.012162293747739729,0.54550214551283605,-0.82287488266172903,-0.15907336900103622,0.077619502290666012,-0.13938246295246556,0.98719184654526748,10.756455901768698,-2.6676583554410511,-2.5535769817654117,0.1242847564923933,0.1249415192540456,0.6491228070175439,True,5
-0.73067937727798515,-0.68241258305519847,-0.020511316598127226,0.67586638012289912,-0.71877042891532472,-0.16301443720250422,0.096500175337796368,-0.13297419676317793,0.98641045166551355,7.2833263160545432,-2.2810405521339785,-2.618194183792709,0.2448525509115239,0.2300554226075841,0.9830985915492958,True,5
-0.94611373372809981,0.32249010683790352,0.029477683809149925,-0.32185985643361437,-0.92640352519311742,-0.19540404634064859,-0.03570764158562989,-0.19436213494773813,0.98027971764744248,10.085318210798652,9.6278102347258354,-0.62580301996696452,,0.1015182209522071,0.3571428571428572,False,3
0.88805276361907015,-0.45444758333505669,-0.069567830420819043,0.45609640833691351,0.88988399439004517,0.009085308502531142,0.057778502323099043,-0.039797870914731595,0.99753585105496556,-8.6520616930706655,8.0194498706482982,-1.1716942668469135,,0.25028876571071,0.34375,False,5
-0.54576488369647336,-0.83724224070605557,-0.034148530001731646,0.82960272106706767,-0.53415287245805376,-0.16260391767398408,0.11789833299030439,-0.11707322162780978,0.98610032139523895,18.535652245708761,-8.7079085482342045,-3.5794311325472679,0.1519473515435779,0.1729500981328503,0.8333333333333334,True,4
-0.99480479244238873,0.10099252652208311,0.012803691668600198,-0.1004737515028378,-0.9537966795772006,-0.2831552918213871,-0.016384449719298498,-0.28297067624436867,0.95898860587245882,8.4358140193791513,-20.198364080143246,-6.0417934570851015,,0.1989206244334513,0.3076923076923077,False,2
-0.76331150945324677,-0.62604062667831406,-0.15946370522608175,0.63955646388961929,-0.69742217908733939,-0.32337259255241968,0.091230855707992789,-0.34882006517012654,0.93273870569495299,5.86349689306053,-35.083708339841991,-8.5987954051613702,,0.2410578614947644,0.2,False,1
-0.041365447163539557,-0.99527870679953179,-0.087802024876491275,0.99086740291506814,-0.029576414112130904,-0.13155616887328153,0.12833818458006976,-0.092442044112618527,0.987412668978362,-9.3138979750863307,11.843019525549657,-0.53327985387050147,,0.1392515454641485,0.2222222222222222,False,4
-0.74741153595123455,0.65685454493201134,0.099589671799730023,-0.65758350816882705,-0.71006950812456848,-0.2517642218745797,-0.094656884120467383,-0.25366000952829543,0.9626508577125511,16.673613572485092,4.0059335166507966,-1.4918863022340116,,0.1952437063712939,0.2105263157894737,False,4
-0.48942564055018256,-0.87055804090669142,-0.050904221679021658,0.86378189065860811,-0.47594457680084734,-0.1654013457747617,0.11976388329660832,-0.12492180444808521,0.98491174986957619,19.575937293079068,-0.92827744995114081,-2.2188455848313811,,0.172921507449149,0.8823529411764706,False,2
-0.078062386485396221,0.99673621432686665,0.020571408934529078,-0.98686622680453406,-0.074329311195728887,-0.14342316371406141,-0.14142600259070681,-0.031497183152077085,0.98944763036994421,7.932872245941784,14.633619532883793,0.14536866937631859,,0.2222472057539336,0.631578947368421,False,4
-0.99669712335916649,0.080923099808198062,0.0068041314652020797,-0.080595440393269963,-0.97541593553616734,-0.20510516251405903,-0.0099608872786607246,-0.2049761074358086,0.97871628989461812,18.835238363998474,-17.328228012652627,-5.225491621945924,0.2138036645751988,0.2089775493614179,0.6,True,2
-0.87190224617985024,-0.48793929309258305,-0.04125190132396149,0.48467799805707246,-0.84791807539484199,-0.21476074040218535,0.069811971078890714,-0.20724426089765877,0.97579511426275467,17.036660015325854,-19.795008635966983,-5.7875171035672546,,0.09780218119193515,0.2142857142857143,False,2
-0.95287643168393898,0.29951183724928743,0.048157712662031942,-0.30221555141758966,-0.92347925534425068,-0.23632990803152426,-0.026310956323261307,-0.23974720915243827,0.97047875261696015,-10.358057702002755,21.266708718279325,0.96980165526797868,,0.2844936748948791,0.2666666666666667,False,3
-0.89458403749435156,-0.44644774526309594,-0.020095039432732165,0.44232478332804603,-0.87811292716458733,-0.18239098990969224,0.06378233230372192,-0.17205260211905579,0.98302070994967317,-11.70697671005937,-23.437296053033879,-7.096879521686934,0.3050345581587475,0.2717108743795874,0.9818181818181818,True,2
-0.34406645143338827,-0.92408708405137518,-0.16637709604228276,0.9296634747077972,-0.31042083986849467,-0.19840545851755959,0.13169700373304108,-0.2229393712756125,0.96589540631632254,10.025640856128145,23.570826802549885,1.5260642544046918,,0.09678104406861693,0.3846153846153846,False,1
-0.86085998076751169,-0.50857756265311271,-0.016399886547783279,0.50373941211675533,-0.84723197783721327,-0.16865521163103975,0.071879748143874739,-0.15344979144939924,0.98553866657321476,9.2945613614900608,19.880702822621462,0.96129477677229891,,0.2252399654961668,1.0,False,2
-0.65723706890798883,-0.73573908658653053,-0.16348526454104054,0.74616994680204995,-0.6046388139194393,-0.27864370653492221,0.10615952968368839,-0.30512276409817735,0.94637743690687515,-23.988948186029571,-12.933984686364173,-5.6498925821911206,,0.4421158224096742,0.3243243243243243,False,1
-0.5136667984109915,-0.85761412045877528,-0.025385834631220103,0.84944909351277142,-0.50416663718255117,-0.15573130540250515,0.12075867563257175,-0.1015579752740242,0.98747319959465618,8.0918249772316386,13.473353793708124,-0.05199267383724776,,0.1748165897521469,0.972972972972973,False,2
-0.44014487422988846,-0.89301620490434519,-0.093779248596886328,0.88903194061267998,-0.41873764794907675,-0.18515126453936798,0.12607417760829492,-0.16486612741347373,0.97822515903654617,-4.4108267238413381,2.1758554813711437,-2.1502361294805161,,0.7414673066585828,0.7015177065767285,False,1
-0.92989884577736381,-0.36646440429454213,-0.031495666479276992,0.36404591648525986,-0.9047609619928273,-0.22108408433042301,0.052523397760756874,-0.21705170360736814,0.97474604418217825,-8.4073572240440875,26.734541353212588,1.8232926125403355,,0.2905886315908815,0.85,False,1
-0.49394595628185789,0.86699254607946297,0.065888673650728632,-0.86103197056260905,-0.47718761299131263,-0.17582925716934664,-0.1210013964459577,-0.14358240508608514,0.98221319223874415,24.092071206661487,3.392079254951756,-1.4759096829202338,,0.1494769576197201,0.391304347826087,False,1
-0.99216395026544812,0.12426180676557003,0.013026863514164291,-0.12387430163177238,-0.96471179512169247,-0.23234954217368547,-0.016305005026100477,-0.23214253322568174,0.97254511004819766,-16.312021830904904,24.862684877473466,1.4697297989066003,,0.3431212717671948,0.75,False,1
-0.98376803050024375,-0.17320453603341762,-0.046911095309341608,0.1793095340336138,-0.93868925126723801,-0.29446660347143261,0.0069680104995539366,-0.29809843718611179,0.95450970061957841,17.463919865006918,4.4820430386672783,-1.3808182936545321,,0.1697485166882212,0.2666666666666667,False,2
-0.86301368547375679,-0.50482213046662128,-0.019026173449878836,0.50007325488713361,-0.84834083450791209,-0.17390965543352288,0.071652762902704573,-0.15960089316028386,0.98457779604805629,25.562273577146243,4.1165168441243551,-1.3568528190871572,,0.0816353247174797,0.3,False,1
-0.66727822085696376,-0.73953804924346078,-0.088449136180873356,0.73738010123303954,-0.63921790153464375,-0.21833703456628589,0.10493027339866332,-0.21091218096360392,0.97185682569278597,13.483703771589095,9.5673305607108574,-0.57279693355788119,,0.202778891766501,0.2857142857142857,False,1
-0.5420996771135439,-0.8400650462631154,-0.020461136829177058,0.83196837543627356,-0.53313330510617374,-0.15361478203771861,0.11813789547524564,-0.10029754250986442,0.98791894435685468,-13.944125799150081,3.1888657101315538,-2.1460956513456884,,0.305254251153361,0.9659090909090909,False,1
0.99409702760106855,0.10501833929062615,0.027244231084004689,-0.10725760905965859,0.9890851574648799,0.10102651424986495,-0.016337227840890766,-0.10335230861142687,0.99451063105990101,-7.865372448912658,7.330792938458992,-1.2702559750477453,,0.693683471166981,0.5806451612903226,False,1
-0.13610427954813356,0.99064066062955936,0.010329888485122271,-0.98098397594469577,-0.13330657616573355,-0.14106663563971084,-0.13836930305678696,-0.029333227889222466,0.98994620950492995,22.627812825882586,-5.9329953964782973,-3.0302593157046886,,0.07637949822734927,0.3529411764705883,False,1
