axis_00,axis_01,axis_02,axis_10,axis_11,axis_12,axis_20,axis_21,axis_22,location_x,location_y,location_z,dbh,dbh_approximation,score,reconstructed,number_clusters
-0.89012291930508303,0.45570408262436207,0.0038700913794642491,-0.4492762610906979,-0.8760811262732987,-0.17502200263987253,-0.076367727137580138,-0.15752983611747029,0.98455691607171369,14.27392696413178,-5.3211939118403278,-4.8844951325141475,0.2751276929864846,0.2976191292767759,0.991304347826087,True,5
-0.77568661470504385,0.63107499896824493,-0.0073906322232205777,-0.62314391321496898,-0.76768875168259387,-0.14948459440074868,-0.10000969548281036,-0.11134777149656297,0.98873643332901673,-3.1673370728303065,-2.5122830565488878,-3.5644517806954239,,0.2390688870016606,0.9452449567723343,False,5
-0.995180353399438,-0.094614845416847837,-0.025770045295201348,0.097624280435728808,-0.98070930631133169,-0.16934803330347306,-0.0092500852524131996,-0.1710476177591902,0.98521934023938562,-16.270691272897768,0.51466949518550409,-2.5475516446487254,0.1952702778267948,0.2071402301117263,0.6610169491525424,True,5
-0.78745994367263139,0.61595740082368922,0.022434738278410998,-0.60810857201534074,-0.7704578256479252,-0.19130787631285234,-0.10055248257779953,-0.1642900461634719,0.981273651424028,-8.388196808837705,-18.826221300378794,-6.2749375884724792,,0.3263789941303532,0.5362318840579711,True,5
0.62019745819177197,-0.76698748704388775,-0.16457614520509045,0.77427222552526964,0.63220936535828764,-0.028527865910668082,0.12592709649877198,-0.10973382829088332,0.98595174998374813,20.495327824101977,-11.850440123847964,-6.4025553722342146,,0.3207415561174465,0.3333333333333333,False,2
0.21841413335669516,0.97413156310408955,0.057991069264393152,-0.96620485947232437,0.22420889830568241,-0.12719488768271633,-0.13690666850855165,-0.028250091768630144,0.99018104225083725,-8.7979749236917666,-3.5115920555742681,-3.5141941542180057,0.2226648319118827,0.1625298585074424,0.1428571428571428,True,5
-0.92327488274325176,-0.37229487239236991,-0.094657376288299788,0.38210750022698148,-0.86475668289283147,-0.32586766894320085,0.039463263495599331,-0.33703472726491734,0.94066478803649334,6.43597672871676,-7.9912289174682396,-5.0386323228248191,,0.2391515123320344,0.2903225806451613,False,5
-0.53108557037510062,0.84715035809765837,0.016863798930361024,-0.83752210722908893,-0.52182391812629658,-0.16203863235002544,-0.12847115178864379,-0.1001801839004581,0.98664030624730203,8.2974881504782143,-21.204613559241338,-7.6001955745483238,0.3120382605884966,0.2545239172871006,0.8709677419354839,True,2
-0.39499126862418299,0.91854651881335858,0.015943352424012187,-0.90849209062189695,-0.38797202334993364,-0.1553056031674683,-0.13646984644276206,-0.075828766794774877,0.98773780890389651,-1.7509422313177698,2.2088076406507162,-2.8133945993955116,,0.272750436914117,0.9841269841269841,False,5
-0.99975401336711611,-0.014932670182034039,-0.016399027946161909,0.017280510758080549,-0.98793600087996802,-0.15389555585927833,-0.01390311850932263,-0.15414108318852243,0.9879510259973342,5.5069049967998085,-2.5880638657204491,-3.8574076766492711,0.3790908827689825,0.3444751972067799,0.9871134020618557,True,5
-0.25970188096961017,-0.95779377434313506,-0.12323156596577733,0.95718966749072076,-0.23841848650499686,-0.16414799950553807,0.12783924855008305,-0.16058552588013011,0.97870803379146332,-4.4571291027205486,-14.863498209521827,-5.7918041655092152,,0.1609299230993811,0.3571428571428572,False,5
-0.31179029459814039,0.94994309452322989,0.019872829744046416,-0.93968843105187161,-0.30519427173833785,-0.15440890209239402,-0.14061459647446886,-0.066817465274706833,0.98780714797605451,-6.6180447350867642,7.4939609367060145,-1.7713262362606448,0.373551434004469,0.3113931247298027,0.9147982062780269,True,5
-0.89457236687180208,-0.42227255528858931,-0.14637680649415782,0.44237118855561686,-0.78999651877571797,-0.42451529048803216,0.06362398891356745,-0.44451253005094543,0.89351026779910847,-8.8371008698628195,-16.229164172998196,-5.7881936331577792,,0.3447422856762275,0.3035714285714285,False,5
-0.87510807602635821,0.48392183001740052,0.0023489797903691531,-0.47698177463348895,-0.86171814413126047,-0.17300354546211899,-0.081696033813968449,-0.15251722036408205,0.98491840045329693,-7.8298699652301549,-5.3801249630741754,-3.9149472305554607,0.2461695787195935,0.2097158223077977,0.9132653061224489,True,5
-0.9397125919320003,0.34171998351342686,-0.012949804323834552,-0.3359592716560017,-0.92961219862004785,-0.15150091737402163,-0.063809187056498962,-0.13801671291689449,0.98837228542832223,-11.84160824391684,-17.340286805834932,-5.8592154846112914,0.3081201275184579,0.2703784973376866,0.9733333333333334,True,5
-0.13010495469776537,0.97998776150308697,0.15065420029743795,-0.98356508066479864,-0.1083800343951619,-0.14440741061784534,-0.12518958766582747,-0.16696633028449673,0.97798252115842443,-5.5687983369126242,15.709454792457905,-0.48480785558334244,,0.2015168163845885,0.2142857142857143,False,5
-0.80650422907363228,0.59122815466558976,0.00044454141264298024,-0.58330614818914406,-0.79557456228383205,-0.16375302541215433,-0.096461733195554955,-0.13232681125762383,0.98650126662427506,9.7165081073886093,-11.893845376010805,-5.9428144385377051,0.3432378711959267,0.309535001990301,0.9826589595375722,True,5
-0.84090676456986435,0.54063138486118878,0.024362245457165411,-0.53370583429114615,-0.82099652075439944,-0.20278756212539828,-0.089632001786381005,-0.18352770529880125,0.97891965229201627,20.498783561600593,-10.299673361367766,-6.0843544403561749,0.2323468212277452,0.2199053545219232,0.75,True,2
-0.53420664292716669,0.83818660086142271,0.10984755249372548,-0.83266096114032484,-0.49929100845226693,-0.23955002123061903,-0.14594172277096865,-0.21943498129307812,0.9646498341572185,-9.4412165396853744,-13.152383053722312,-5.2067385646991537,,0.3092355775416862,0.5740740740740741,False,4
-0.06676505726912392,-0.99572234444880814,-0.063870493134299003,0.98870377072416937,-0.057413558490047215,-0.13845048594106751,0.13419121015796234,-0.072392652022687048,0.98830765607145976,-17.987361553415628,15.247259869107422,-0.32821622382867238,0.3621251667705436,0.2967502764881162,0.9180327868852459,True,5
-0.53919985643604784,0.84203050013304115,0.015752830382020466,-0.83260800817663483,-0.53016777136718274,-0.16026864610300393,-0.12659944525739678,-0.09953276369745799,0.98694772374795225,10.385128420104515,12.68104750434715,-1.3331535779824062,0.3575975107999802,0.2856078579690097,0.97,True,5
-0.92849324885259665,-0.3709289459464653,-0.017663631964978999,0.36950025662597241,-0.91808356883859754,-0.14349955045896284,0.037011446722475257,-0.13976508035853599,0.9894927362663567,-16.788800816834648,-11.576869594515824,-4.6639496289791422,,0.2107562090057685,0.8775510204081632,True,1
-0.82843026277466214,0.56006697284944673,0.0053184248007211235,-0.55249388518303666,-0.81559594697995619,-0.17191206503681358,-0.091944584149679598,-0.14535555439378658,0.9850979424668479,14.597884214215208,-14.189794181387404,-6.7186046687835219,,0.2637094864403624,0.9318181818181818,True,5
-0.91335915059444306,0.40386906024266073,0.051622129015637751,-0.40477096940751844,-0.88698388991312949,-0.22230618830673776,-0.043994594557682377,-0.22394053052827007,0.97360932331013639,-0.86988929301364737,-10.142459175084982,-5.1033711214244599,,0.2832219820102181,0.8417721518987342,False,4
-0.79138937049545777,0.61124610403005097,-0.0090035867790834653,-0.60330165410902659,-0.78331067438404056,-0.14983825127561096,-0.098640652958692107,-0.11314852055641067,0.98866952713218548,-8.6095923821234326,-2.046597722782308,-3.2798284548323702,0.3636698912421894,0.2524053197535541,0.9422382671480144,True,5
-0.064196918005540546,-0.99348863102971252,-0.094122769473162823,0.99034085221116941,-0.051808939116993566,-0.12861115919400898,0.12289732364964245,-0.10147006377390283,0.98721835173252093,-17.824001046224186,-0.35333956602263439,-2.6958332163421752,,0.2216683580538935,0.7894736842105263,False,3
0.97879636731913,-0.20136386743709381,-0.037553484707164062,0.20387789786507854,0.97541585360272187,0.083652347860597193,0.019785704055992236,-0.089534939723273727,0.99578713613088943,11.498720798463317,-6.5240059046264687,-4.8746748549020511,,0.2717366173156874,0.1940298507462687,False,2
-0.80364587574139679,0.59496556406721224,0.013010917647451154,-0.58761928551492537,-0.78988608191960108,-0.17545242341054035,-0.094111007298687654,-0.14864708259460271,0.98440193170337764,-13.135352046979575,7.8083819857718435,-1.5429312327280469,0.3723879606204777,0.2732912625762613,0.9523809523809523,True,5
-0.94253372715478834,-0.32774554460436306,-0.064907866762775726,0.33063825759985488,-0.88702936301695878,-0.32226891217903969,0.048047016421800384,-0.32521034291319689,0.94442030742421323,-10.483833646470046,-2.9351500735308829,-3.3400925374414854,,0.2985924476543856,0.4,False,5
-0.96023003309340804,0.27915915077507719,-0.0053340494907476166,-0.27377839669296328,-0.94512794807826606,-0.17826539559206792,-0.05480577569620311,-0.16971543919132312,0.98396798558206833,3.5137006583508597,-13.311304773963064,-5.8469770361219879,0.2031134560976256,0.2664834609465861,0.9942528735632183,True,5
-0.67921140080548004,-0.68961689251898428,-0.25119795892546021,0.73159325858620972,-0.60878463901385493,-0.30684290327785346,0.058678590704523151,-0.39218593148305358,0.91801253702751839,-4.5200064127425073,1.8645500866873168,-2.7822981787237486,0.5769452126235417,0.7421982766061163,0.6883509833585476,True,3
-0.95454468079013721,0.29787715726594233,-0.010660748304763334,-0.29271902160621205,-0.94356087669670308,-0.15494659195107405,-0.056214115355117229,-0.14478284134009714,0.9878653258862421,8.8817170221279689,-7.7340941202443574,-5.0071711891296387,0.280637294162225,0.2867160229903635,0.9700854700854701,True,5
-0.86668916222781978,-0.48878509846102802,-0.099694651808820797,0.49665041074152444,-0.82672246133416416,-0.26432620270388546,0.046778901089207521,-0.2786020449458757,0.95926671732363433,-2.9417776079437785,-13.934424017260859,-5.6927416553931236,,0.2070320145734435,0.2285714285714286,False,6
-0.2837139825881832,0.95812984947415269,0.038646702712996875,-0.94891373872858398,-0.27472463399227048,-0.15520661045828946,-0.13809088505795838,-0.080706672738056151,0.98712579767700304,-11.008401508700524,-10.499026220738294,-4.6913602894721294,,0.082340262661243,0.1707317073170732,False,3
-0.0042750711654960779,-0.98441213254617854,-0.17582513205573069,0.98428811747271283,0.026894493236013787,-0.1745095643098144,0.17651806017672297,-0.17380862904201047,0.9688301888886327,10.639012706658546,4.3889406415878609,-2.804768434253663,,0.227692151127037,0.2758620689655172,False,5
-0.73425339045747473,-0.66814735887223808,-0.12021258434022414,0.67133335170688702,-0.68829968312181633,-0.27487283805498908,0.1009132770635266,-0.28252903044901367,0.95393598184880302,8.4356001639365985,-1.3512284850275444,-3.8232934694606246,,0.3326547236113875,0.2602739726027397,False,8
-0.94717887506161236,0.32042955587977057,-0.013307079157749251,-0.30422039979781057,-0.91084897046573055,-0.27893386554590016,-0.1014993940074424,-0.26015198004284129,0.96021811079353758,-10.271508973018683,-0.2035204593547138,-2.9095512523114744,,0.2096392574733285,0.2553191489361702,False,6
-0.94146484599860392,-0.33593215635346352,-0.028169665893245592,0.33553942922554791,-0.92573828143084347,-0.17441882274703757,0.032515153141550651,-0.17366122371209156,0.98426853256364988,17.636938256296901,6.6735934100265411,-2.5624997676766874,0.1922816289860274,0.2321437118799499,0.603448275862069,True,5
-0.9104973170974322,-0.40487893928112983,-0.084069495567452079,0.41131263166562682,-0.86577947797316024,-0.28504002272105489,0.04262105806611427,-0.29410702141756201,0.9548217139142865,-13.010785998489705,-3.7081704016040069,-3.4475577611312955,,0.1081453507676214,0.2682926829268293,False,4
-0.79974351944155375,0.5798949480388409,0.15534526819400554,-0.59228817041447246,-0.71989948746988608,-0.36185556666669161,-0.098005236076009902,-0.38140080909671081,0.91919986755985794,-4.4882343710036396,2.3877450207408817,-2.673435029703545,,0.3590004822923543,0.1553398058252427,False,4
-0.45143811236749276,0.89224217067800593,0.010370128537048379,-0.88244037354540017,-0.44469539533717994,-0.15344377635786893,-0.1322974596850954,-0.078421388853482876,0.98810296423559074,-11.230581864886487,-12.812174016951538,-5.0642556292670955,,0.2505549964409873,0.9907407407407407,True,5
-0.13418314697396308,0.99067681527656959,0.023544229476416642,-0.98024575899377264,-0.12921156749201451,-0.14974185387185371,-0.145303596111338,-0.043171964279274229,0.98844476145983129,-1.0706020541469421,11.876866798711996,-1.1983587352812972,0.4133191588142404,0.3383581139168611,0.9553072625698324,True,5
-0.88775444343621113,0.46008993015123673,0.014467354032241985,-0.45375882770510939,-0.86938708641239626,-0.19562469235515917,-0.077427220271354805,-0.18023137948979917,0.98057211637301644,-11.202642072821968,-0.51213239799802623,-2.9266080994710419,,0.1091921059719614,0.2962962962962963,False,4
-0.62014056561947761,0.78165358334755497,0.066658491680210472,-0.77512970728610697,-0.59743737537025876,-0.2055298503703292,-0.12082886971128948,-0.17912637480455759,0.97637806514365566,22.161596954033765,-16.726148119292382,-7.4336155794295227,0.3449352066766833,0.2849794833652131,0.9433962264150944,True,4
-0.97764278624901557,-0.19738741129600509,-0.072476150264231987,0.20955970235909449,-0.88626340542492943,-0.41306404751778536,0.017300683293718543,-0.419017166792089,0.90781347219079178,10.157255824740487,-5.358126281422571,-4.5985513384907817,,0.4821036849039503,0.2092050209205021,False,4
-0.44898151147570065,0.83644628763220685,0.31428205526134356,-0.88799324752711206,-0.37854990965538288,-0.26108994282843234,-0.099416269791457734,-0.39630490005322966,0.91272056594258433,-5.0120854633341061,1.7043698166849799,-2.7810012659891399,,0.4862317377574459,0.2113289760348584,False,5
-0.98660515394282455,0.16274380948246497,-0.011167931258342999,-0.15845982276383797,-0.97239016656324029,-0.17131213775085452,-0.03873957644462582,-0.16724776963012045,0.98515350518111755,-12.045815038781797,-1.3346213993125893,-3.0098430938676235,0.2630078349135355,0.2135611540976484,0.8679245283018868,True,5
0.29440281354796421,0.92534313321568173,0.23888714738475636,-0.94939903644677259,0.31179751038103687,-0.03773303743572104,-0.10940042490310967,-0.21569051516181903,0.97031394337103449,-10.208135907222287,3.861967067214362,-2.266525147969098,,0.3755722338470124,0.3928571428571428,False,7
-0.83820468162730777,-0.54500788344080275,-0.01947610549981519,0.54155671706495923,-0.82762661367334622,-0.14748054292486673,0.064259115305825218,-0.13416629728425111,0.98887318235107713,-7.2724184234527049,-9.5195810662552134,-4.7002771705132149,0.38352785959712,0.3214892070106656,1.0,True,5
0.25982914508879296,-0.94868986707816716,-0.18021196260414335,0.95541147113383063,0.27966660750235806,-0.09473916547031884,0.1402773545099758,-0.1475605799369607,0.97905471709213032,12.663449384093305,-6.7450346973263073,-5.0205042713676651,,0.2534664068216013,0.1707317073170732,False,4
-0.90963608139910679,-0.41491728518494375,-0.020145616685386197,0.41310806584830545,-0.89844563488469908,-0.14878564140300254,0.043633993032388768,-0.14366310455850112,0.98866424383643181,2.7052792823034761,-6.5297531066616727,-4.6206397280039537,0.2528589382368469,0.229524299760754,0.9828571428571429,True,5
-0.96800433247032514,0.25087460699464048,-0.0054354285905409078,-0.24610399900868193,-0.95338054135823269,-0.17463781100155701,-0.048994224053583835,-0.1677124769501829,0.98461773855878687,19.971645971392739,-13.274052443407639,-6.66051636331796,0.266131666294137,0.27806393125619,0.8867924528301887,True,4
-0.78625114697711107,-0.61042202842906701,-0.095885771028455219,0.61355723225245584,-0.75287862775722403,-0.2381623282912429,0.073189183817583048,-0.24608681207034067,0.96648053487753904,-13.3822094589503,-8.8227384211579789,-4.2888245487130341,,0.2117722261091971,0.625,False,3
0.91786198168165412,-0.38111379992824806,-0.11082262443958844,0.39005225146056122,0.9177926536889317,0.074269010799766833,0.073407245650370462,-0.11139531560563989,0.9910612796124898,11.993338500100885,-10.842681864248556,-5.8272810977046827,,0.405989674223767,0.2424242424242424,False,3
0.98450168504243551,0.17535741891031228,0.0024915420362019713,-0.174836918242262,0.98249350763079457,-0.064331636718538851,-0.013728953643796496,0.062898991219658695,0.99792546451896658,12.149486777001686,-13.159748152494476,-6.2902837964080716,,0.09723684942975235,0.2758620689655172,False,3
0.055261131737151525,0.99776473816001487,0.037573056883981312,-0.98864830025134764,0.059944342756104503,-0.13777232734355882,-0.13971666231788979,-0.029533084092528927,0.98975100465457133,-14.061745539077894,3.4300956316188782,-2.197053717005014,0.1687471268118145,0.2147344558469618,0.75,True,5
0.047427626470292132,0.99336773211072849,0.10474334846939889,-0.99006637673606235,0.060645322217935352,-0.12684918032769407,-0.1323600767003385,-0.097686711963655914,0.98637625498671133,2.3440783120009248,-15.099839789744049,-6.1154870941218595,,0.2329472472206706,0.3488372093023256,False,3
-0.32049632774527342,0.94156628011139909,0.10361005771148195,-0.93788052339694616,-0.30007633592150351,-0.17416749539622817,-0.13289931427386881,-0.15299389784271544,0.97925003930989363,3.7519184414957616,11.667784699400357,-1.3757436417436204,,0.237477287892469,0.2307692307692308,False,5
-0.62087591805892006,0.78385796651311068,0.0089321166821569788,-0.77481033906140673,-0.6118988397250128,-0.15889854759163319,-0.11908834056296408,-0.10557697796922237,0.98725451068346382,15.507019022245974,2.8771392782956751,-3.2756090869467496,0.2145769401824765,0.239589126261984,0.926829268292683,True,5
0.46132017335931019,-0.85972143848382443,-0.219232173421329,0.8811175087524753,0.47289723385338694,-0.00037680717456275992,0.10399823758875866,-0.19299547773229966,0.97567264600034431,-11.768614513420033,1.2102910362023009,-2.6367859526050133,,0.3936368007817372,0.2898550724637681,False,3
-0.37965633930006792,0.9251239993833511,0.0025787194934324773,-0.91496844159379398,-0.37507378564412558,-0.14883684426246507,-0.13672532653717262,-0.058866298401875246,0.98885840442186945,-17.289486260373106,11.466320481170209,-0.93150006234136329,,0.2599530010906153,0.9722222222222222,True,4
-0.57377443782579263,0.81890431398119468,0.013364843459065773,-0.80955718745835537,-0.56460168784662468,-0.16075476451807108,-0.12409695698208499,-0.10305657972071638,0.98690388926382022,9.6166342363250159,5.1925975672550546,-2.6108868134864172,0.3351278784998848,0.2911141174292863,0.9894179894179894,True,5
0.99952914156300021,0.014548155352392133,-0.02701566845693272,-0.013708482829053356,0.99942505536588289,0.031010259680105734,0.027451278018660534,-0.030625314410544491,0.99915390078425759,6.8594393004926886,-21.129706361632387,-7.5203193529344947,,0.2409483455011368,0.1320754716981132,False,4
0.31691247720616578,0.94119309086347014,0.11714114350611116,-0.94007526934338537,0.32808890139205388,-0.092823276996220241,-0.12579733606087753,-0.080704637377433233,0.98876781488161525,13.476990454883937,10.309938364656544,-1.7895724968781097,,0.307622843834109,0.1923076923076923,False,6
-0.99116519829782279,-0.10221282762334184,-0.084522704360883591,0.12448477525900889,-0.93683127540555955,-0.32688025659361136,-0.045772157606457115,-0.33451412420289844,0.941278497734234,11.89349139997196,3.9300238330643062,-2.9194759011670004,,0.4545647509997391,0.504424778761062,False,5
-0.69076409406970163,0.72133001929901042,0.05027891806864785,-0.71430588680821994,-0.66993070320227621,-0.20238565408157425,-0.11230345682652595,-0.17571527015314595,0.97801435440376838,-11.100980325473273,4.7015901669507478,-2.0585099802310753,0.1818775112685511,0.1443829093225289,0.5,True,5
-0.99316279838694255,0.11662281548838739,-0.0051744379190076881,-0.11214353102465742,-0.96545315983350954,-0.23521059631065155,-0.032426599413719004,-0.23302213430284296,0.97193065625866992,-15.157149957031622,-11.088401915963599,-4.6418838123504962,,0.1094232530429111,0.3333333333333333,False,2
0.96473766302146247,0.2631813102231394,0.0041035956328788793,-0.26292892337782853,0.9643027458083665,-0.031441941381227217,-0.012232039865142857,0.029254271067252237,0.99949715598647926,-7.9255520408052131,-15.665657488200484,-5.7197438956226483,,0.2988351779013626,0.1714285714285714,False,4
-0.95082489907657486,0.30968906437155941,0.0049693766901018569,-0.3038089222415476,-0.92940933174994578,-0.20951952849924832,-0.060267321679741234,-0.20072612551630159,0.97779183493868649,-7.2014104811490274,-11.996374251420599,-5.1030344565394588,,0.0900753970232597,0.2195121951219512,False,5
-0.98277056159145881,0.18449237569186994,-0.011161835905290886,-0.18000404078822715,-0.96907419477165935,-0.1688009192142288,-0.04195912974689768,-0.16388339860775478,0.9855869637386917,11.423870308211409,-1.1888777755679347,-3.9146941310614585,0.1890053874135513,0.2415332614116422,0.7555555555555555,True,5
-0.89661800772280442,0.42436228897436562,0.12646262658836269,-0.43979667602994577,-0.82020368776201047,-0.3658480481492431,-0.051527002437571502,-0.38364379087642886,0.92204252057145553,6.3955473383622694,11.932014630473276,-1.3666414430173501,,0.2214260506569716,0.3513513513513514,False,6
0.35941642700034282,-0.91778509068116942,-0.16879087453314603,0.92540107663196158,0.3738445318607761,-0.06223434233767608,0.12021929699808197,-0.13383121205889997,0.98368517692813306,-8.4379273862697826,-4.1274140962193364,-3.6492629129763587,,0.2080156288223478,0.3333333333333333,False,6
-0.20166510217081571,0.9794544933811471,0.00028628991538049743,-0.96934120656164457,-0.19954091110108341,-0.14339124819376342,-0.1403880758043588,-0.029194523329397468,0.98966603861076263,1.4543491978746022,8.1952397077918935,-1.8991123850739375,0.2948662754639867,0.2636633439449156,0.9815668202764977,True,5
0.58962897214286381,0.80697152797814031,0.033684243235942546,-0.80121692432031899,0.58966914263532955,-0.1016943577904213,-0.10192701012214996,0.032973553893135304,0.99424525613714576,9.1425598717028418,-13.048016845122849,-6.1101250330639258,0.6742861099868163,0.4694425462753135,0.6097560975609756,True,5
0.2887947405069427,-0.95611588892392629,-0.049396404755179875,0.94691167021859068,0.29286616443600971,-0.13261862060954721,0.1412653059295404,-0.0084744720041980467,0.9899355012650487,-11.177057853631055,-5.8998757774773365,-3.8939796810205474,0.1371142756237085,0.149068007414246,0.6956521739130435,True,5
0.58396806061562345,-0.7939717398928321,-0.1690863106001671,0.80602784327946231,0.5918598952872085,0.0045804157969850656,0.096438685386550427,-0.1389630907909126,0.98559060433769896,4.3450918258643325,-1.542814053378518,-3.6495861902091815,,0.4483948911324576,0.2238095238095238,False,8
-0.085607488515383662,-0.96440832318436542,-0.25017582633581537,0.98076036621799323,-0.037354143076870336,-0.19160838199551661,0.17544361477704332,-0.26176564741713587,0.94905125460443462,13.230198634164822,4.604065979927082,-2.8364762243504069,,0.5584073167412609,0.4626865671641791,False,5
-0.85312426703061151,0.52165386342690401,0.0074987849193523526,-0.51432404731798886,-0.83855346143683818,-0.17971885449985603,-0.08746290272981426,-0.15717932142645921,0.98368943349107529,1.7658439341946006,17.354220517729992,-0.34261985945320789,,0.2921384050993147,1.0,True,5
0.98633319464905178,0.16378704838136016,-0.017906197695759109,-0.16185981508146063,0.98352622854846428,0.080483277884483728,0.030793333616109499,-0.076485034743782501,0.99659510838908449,11.268333121210933,-7.0266005772036291,-4.962364194066498,,0.3246225756882338,0.2115384615384615,False,4
-0.99973219036749628,-0.018568797171089051,-0.013811130099556203,0.020636450198752966,-0.98541370140125961,-0.1689200225368894,-0.010473035195314733,-0.16915979682621929,0.98553299217809542,-13.690816172715243,1.6794913608423996,-2.4681227703640611,,0.07479303987971825,0.2608695652173913,False,2
-0.80466553452187883,0.59290325233844587,0.031290748139191485,-0.58567808753964445,-0.78400284951519772,-0.2057199789226925,-0.097440008869672579,-0.18386208232950457,0.97811051489743972,-9.8524074323729351,19.786113897284544,0.18642238950390669,,0.3067858701109463,0.875,True,5
0.71598432363894493,-0.64971158294230469,-0.25542377981285885,0.6894604368907894,0.71551559684049992,0.11261321698781868,0.10959358679067326,-0.2567338888198995,0.96024838248536881,-3.0556253830471394,-14.916242327735249,-5.8504686744892727,,0.3831171780572442,0.2558139534883721,False,1
-0.59352311385400069,-0.80180696683693531,-0.069540644610224023,0.79815680122276011,-0.5753171111471902,-0.17876225072174454,0.10332489527167824,-0.16160386614498448,0.98143168711026008,-13.723363194244527,-13.508273945582561,-5.1174860502892976,,0.1458828156151363,0.5476190476190477,False,1
-0.017918792556439498,-0.97063310965033689,-0.23989640123152206,0.99361358222694429,0.0094470785608930415,-0.11244021487351777,0.11140451556134438,-0.24037911547632512,0.96426496086675306,0.062768628357769585,-9.1760131123090769,-4.9511523772881052,0.8265919913020863,0.6284753637248496,0.3719806763285024,True,3
-0.44017232081044577,0.89786802968006407,0.0090182742686096776,-0.88833744107506218,-0.43399319702493705,-0.15002165083841426,-0.13078577436615607,-0.074046648908049004,0.98864158065950847,3.4896771649909226,12.850078942270601,-1.1628051891601143,,0.1161983114943495,0.5098039215686274,False,5
-0.77697000383068182,0.62673701367476087,0.059315502504762092,-0.62252150937728024,-0.75086515408163035,-0.22060936233215897,-0.09372610900908307,-0.20833203324503821,0.97355697337855129,4.8279734584078131,13.644124819357252,-1.0819542071954609,,0.2182574041106667,0.4444444444444444,False,5
-0.9192514243409321,0.39355869884952976,0.0094005003607920863,-0.38742444270394127,-0.90017042427208072,-0.19898620168585271,-0.069850698226350219,-0.1865603329373301,0.97995720423475852,-11.279296939057916,11.888065771291037,-0.97163499269464726,0.3818427817728205,0.2582078553949597,0.851063829787234,True,5
-0.98334420651420074,-0.17417067231002942,-0.051949479516439426,0.18088387716923152,-0.96573415384618522,-0.18611439244512731,-0.01775371778481789,-0.19241133283168343,0.98115375171414998,9.2595063478976734,8.1989405266447015,-2.0841607467802148,0.3734726926186081,0.3038213772583609,0.9444444444444444,True,6
-0.040947348489200883,0.99828227105797673,0.041902529076811315,-0.98946479604415838,-0.034685841016212651,-0.14055714077303522,-0.13886227724258579,-0.047216519612600649,0.98918545694661175,14.051897469073815,6.7528725836684176,-2.4415282008686985,0.229854764468242,0.2016567545433855,0.8507462686567164,True,5
0.20742621499138711,-0.96446999292233149,-0.16362150863118868,0.96768657276180126,0.22681011984348939,-0.11018106204381499,0.14337734211118555,-0.13547989625395063,0.98035102666348672,-11.325594747810214,-10.596696674634762,-4.6874063495305274,,0.3367751425169554,0.7611940298507462,False,3
0.32090624444490623,-0.94352722164236535,-0.082313815949119254,0.93698220742154881,0.32894959910641208,-0.11771365351212568,0.1381431332050497,-0.039351534500831648,0.98963019935768048,-21.430607908950016,5.3138441296785048,-1.7364432747591967,,0.1293784174266399,0.3,False,1
-0.99976728693117867,-0.004734213912014582,-0.021046595945823622,0.013271438442906737,-0.90412927074390415,-0.42705284298989643,-0.017007083933690957,-0.42723278081478283,0.90398169787520644,-13.102506941893967,-4.0530706733810229,-3.462638008729396,,0.0893785882780338,0.25,False,2
-0.67016783411392145,0.73397521779387365,0.11025177451402496,-0.73259378729205304,-0.6303128505539356,-0.25692810910380764,-0.11908575456427049,-0.25295471944798315,0.96012108245202632,1.9610654813377453,-11.468367578951421,-5.4604271616256312,,0.3172075361551268,0.2602739726027397,False,5
-0.19755062434502835,-0.95644423989417593,-0.21491432431120167,0.97094131654549665,-0.16069629393676652,-0.17734052255444899,0.13508038586629156,-0.24370292794350906,0.96039688268234902,9.7858471370060656,6.1321586588997938,-2.4423998084072518,,0.295556381046576,0.2142857142857143,False,9
-0.58935218515181764,0.80739021329846183,0.028018660329182869,-0.79870217944607957,-0.57709729818725686,-0.17039230315084922,-0.1214035848105824,-0.12279964126508172,0.9849778767567865,27.123054683196447,7.3212611493349353,-2.738935561012259,,0.2889393282062359,0.9230769230769231,True,3
-0.032599208883339489,0.99754179229419415,0.062029543015149145,-0.9859285151700411,-0.021914525101358797,-0.1657248218106771,-0.16395808779922744,-0.066559193324962643,0.98421929427803423,13.229246064531663,-25.847999885429342,-9.1418639895496998,0.2530385833045126,0.2110634047041563,0.6071428571428571,True,2
-0.30227339566770933,-0.95271653252029997,-0.031016172136669004,0.94449538640958952,-0.29495516685049883,-0.1446717477574577,0.12868278564950142,-0.07302505193899847,0.98899346937519961,22.349632687574264,0.70005617843621715,-3.9798742041018249,0.2454036918416318,0.2368612377003432,1.0,True,4
-0.93131515221042338,0.3635077412964996,0.022676183117817113,-0.35498983762740333,-0.89204289245428492,-0.27971716644328903,-0.08145122739741649,-0.26855465000500328,0.95981461622343733,-16.291451909413624,3.4131378357836892,-2.0916441234790994,,0.2118312358601195,0.3548387096774194,False,2
-0.84707711794739349,0.52894557447350588,0.051739109915330934,-0.52132520331718657,-0.80803105445792511,-0.27441910906113676,-0.10334596574725136,-0.25942705000925936,0.96021727597833895,-13.646812500730084,-1.7342111835487122,-3.0484853357256578,0.3845743862445268,0.3217160136848459,0.4074074074074074,True,6
-0.4748445437059019,0.84549462005839382,0.24425705059433742,-0.86797161023985037,-0.40405696374772015,-0.28872695382422103,-0.14542332388710605,-0.34910860416106093,0.92572957140319345,-4.7379164585917195,0.50698033639239459,-3.021555944500192,0.738660452054254,0.4800066032799872,0.2845303867403315,True,3
-0.99999389511717374,-0.00013590486747928714,-0.0034915982371328726,0.0010150221323696044,-0.96745376852158094,-0.25304579724520598,-0.003343569717136714,-0.25304779647975223,0.96744800027613276,-12.256761059774435,-2.2320004861501337,-3.1716433565909918,,0.2341127900946955,0.28125,False,4
0.28212115354680911,-0.95791714086856194,-0.052937755445582768,0.94922123562358229,0.28671713155055228,-0.12950803958311546,0.13923613238903274,-0.013712684114420759,0.99016425997493995,23.051427301527585,4.8911930155522638,-3.1075741393340857,,0.2229090106573908,0.7058823529411765,False,1
-0.66252900834245265,0.74647684623236998,0.061867852263836426,-0.74001895191871914,-0.63953884533962624,-0.20823548233376887,-0.11587607132573173,-0.18374543080205066,0.97612005037980965,32.746699041514937,3.3949501255035077,-3.5596659356179812,,0.1420948367164764,0.3478260869565217,False,1
0.456046744651883,0.88755725034589117,0.0652954366771685,-0.88088515730477257,0.46063053671208143,-0.10890752172594245,-0.12673873256651669,-0.0078508602574311279,0.99190506484272578,-12.810618117374537,0.089919569571762059,-2.7282820918966717,,0.1457875132946642,0.25,False,2
-0.70990047375834087,0.7019598346590028,0.057390834487653745,-0.69659928055187437,-0.68778303538726315,-0.2042154219643908,-0.10387858148961568,-0.18495103881565181,0.97724221846414172,-9.8526402335745757,-4.1726521959935683,-3.5737124159500482,,0.1677072256338066,0.2,False,2
-0.83171129270607602,0.55262261504784371,0.053521686472586233,-0.54763287840416419,-0.80067235875989873,-0.2429444471656621,-0.091403260751227539,-0.23136987542794357,0.96856255588810591,6.4973326767236443,-27.196985164543154,-8.8887467767274959,,0.2876343695609274,0.4736842105263158,False,1
-0.24969557821325061,0.96544113492616468,0.074669493189856134,-0.95701486125132262,-0.23429339482805742,-0.17096537802741155,-0.14756243954632303,-0.11414911358579827,0.98244353848082,-8.9630263994140584,-5.8102428338169192,-3.9502992697369619,,0.1163788622027284,0.1428571428571428,False,2
-0.8443474542700925,0.53579531377241285,0.00087075090319214954,-0.52784809269761823,-0.83154253350343987,-0.17295492479304295,-0.091944371785881704,-0.14649367465594584,0.98492935573202267,6.1018681659127001,-21.271334131434077,-7.5084829496902854,0.273230615258853,0.2265652420510032,0.8571428571428571,True,3
-0.90553785228103434,0.41907430341835278,0.066165899832731967,-0.41521078011074691,-0.84332046382327519,-0.34118998135455586,-0.0871848964332574,-0.33643323782188872,0.93766277004187593,14.06233760353615,13.56039270923392,-1.2748907441455803,,0.211954601412578,0.2,False,2
0.091286447547994823,-0.98954842916187835,-0.11162746452968597,0.98665682014469336,0.10505152152284893,-0.12438849258551367,0.13481507243639035,-0.098783015589692921,0.98593448670536799,-21.331969223623499,13.512765023015524,-0.52532236394627174,,0.1772691197423144,0.25,False,2
-0.53383926896345801,-0.8420336168270095,-0.077427534157987352,0.84199958440185674,-0.52091747123387555,-0.14029143961912166,0.077796753014903741,-0.1400870311503889,0.9870781574545191,20.296177432009678,4.0334686819491541,-3.1466097097034238,0.2699754719509462,0.2312646446191185,0.3888888888888889,True,2
-0.7451765010746525,0.66585624020566203,0.036707623531316104,-0.65754052781660466,-0.72446664216109791,-0.20685390659710357,-0.11114151575715432,-0.17827942050332757,0.97768298118572083,7.4043081760850198,15.313582359051939,-0.80866755761697262,,0.1696145680596991,0.45,False,2
-0.64415585315089441,0.7625520468872512,0.059813147714427507,-0.75413004666431327,-0.62007325828732651,-0.21632620524342377,-0.12787145721201812,-0.18445468317449373,0.97448722941117749,-4.5855403186394774,17.811044979815875,-0.18162128730610905,,0.1848286884748375,0.4285714285714285,False,2
-0.99586229744447408,0.079788919285277718,-0.043497274488205631,-0.055776706606939196,-0.91455192987879952,-0.40060420186893675,-0.071744292655920028,-0.39652048612177898,0.91521814916283817,7.0118557920457016,11.284181676718418,-1.4488688674510168,0.9376940983447514,0.6539305081485789,0.2337662337662338,True,3
0.95493068836646311,-0.29613693070163388,-0.020255831026353879,0.29128463959687473,0.94803752239723149,-0.12797700911428209,0.05710200653980007,0.1163089609683359,0.99157026299077466,-18.588961425936862,2.9464727206852133,-2.1268239667125295,,0.0802336899918705,0.3478260869565217,False,1
-0.14195418526043735,-0.98635887435554681,-0.083337748152341309,0.98039773888769,-0.12847510421490663,-0.14938012311171983,0.13663558420466132,-0.10290927352297527,0.98526158889506266,-0.78774053916578124,-8.2022069450595296,-4.7479365401142717,,0.09591515092030475,0.21875,False,1
-0.56157854612045643,0.80904340036423816,0.17343100318081928,-0.8178896179495142,-0.51104996473214837,-0.2643567786111557,-0.12524419901788672,-0.2903045123217014,0.94870289381767314,13.476569132644864,12.61667132026586,-1.4360439163432341,,0.3203067035833542,0.2888888888888889,False,1
-0.60741948420577596,-0.70130453215074873,-0.37311328493100931,0.78785282709845739,-0.47174905709254267,-0.39590497592890272,0.10163411356506769,-0.53443875263412222,0.83907432724564202,12.572730872346099,9.8093412337460748,-1.8555776952397987,,0.2547692951000306,0.4117647058823529,False,1
-0.96913537869563715,-0.24521264613171004,-0.025443583425874425,0.24581096604314848,-0.9532798354921781,-0.17559762019156439,0.018803902079055398,-0.176432177963918,0.98413317180425863,24.128726953651896,-3.1122830516255826,-4.6916189889903732,,0.2278375964549596,0.8387096774193549,False,1
-0.91739390986609348,0.39695069210703804,0.028610525621589465,-0.39164869305878353,-0.88769014131749913,-0.24211054135056576,-0.070708665423320133,-0.23331601111681266,0.9698267492653474,-12.164991918525224,5.7454626754993292,-1.8714336944999268,,0.2071730915759665,0.5416666666666666,False,1
-0.86825466973151921,-0.44954263161312547,-0.20986960440177249,0.49300273908983999,-0.73446335919585637,-0.4663816819394328,0.055516913993177,-0.50840436304292758,0.85932699009142599,8.8348450669951522,6.8479619658776496,-2.2709836047310956,,0.4781771942581283,0.3533333333333333,False,1
-0.97802876038557163,-0.19559879527919191,-0.072116954622260504,0.20804513611132033,-0.89369911619990539,-0.3975161770845666,0.013302826732788244,-0.40378583554755254,0.91475681676174503,12.991542911892484,13.934636823129114,-1.1864653237661549,,0.249885474589012,0.2962962962962963,False,1
-0.75028200126228806,-0.65997262378449384,-0.038898000422462067,0.65618595174713124,-0.73622140977763928,-0.16552351045919753,0.080603444787220535,-0.14971363211155964,0.98543843696519018,27.347074116107244,-1.1194123779307388,-4.3096269382590791,,0.3335161136582365,0.8909090909090909,False,1
