axis_00,axis_01,axis_02,axis_10,axis_11,axis_12,axis_20,axis_21,axis_22,location_x,location_y,location_z,dbh,dbh_approximation,score,reconstructed,number_clusters
0.91444794128923268,0.39583735853002594,0.08424813507642985,-0.38957355848131608,0.91736497164217357,-0.081694255221274575,-0.10962392623916219,0.041884297725112221,0.99309027807142747,22.76196815840861,-5.7743113230211227,-5.0349602309199275,0.4637370311740503,0.2270368560767114,0.1162790697674419,True,4
-0.3633465560847044,0.93163578278112014,0.0058351026720243997,-0.90160073487732884,-0.35004085362340481,-0.25414073987312075,-0.23472408280797238,-0.097602095450899082,0.96714964504648804,1.4861447606781812,3.8468201137080915,-1.2245994638906397,0.2515198103576736,0.2179537997977407,0.9513677811550152,True,5
0.69589186618299426,0.70478103103537615,0.13790652222814959,-0.69774804417991254,0.70898566451219791,-0.10240602696767953,-0.16994757257300849,-0.024960484949420499,0.98513694315441891,-4.8976014441210367,-1.9398257471470148,-2.2172255087302224,,0.6239365213531984,0.6475903614457831,False,4
-0.97968192693885203,-0.19974856951828443,-0.01799530507597084,0.19389133283328772,-0.92035752214133715,-0.33962947824061046,0.051278388054905297,-0.33621799537391966,0.94038714713953508,5.8841850686927506,-8.1331384596826641,-4.3087591938640548,,0.6241517838081855,0.7892156862745098,False,3
0.023995005239844318,-0.99563903966467582,-0.09015066510648799,0.97225447660771624,0.04423029964462398,-0.22970614556341895,0.2326917971046587,-0.082137587552527244,0.96907581967112122,12.03582428593667,-9.4435153978070616,-5.165892204718042,0.1211526164800184,0.1461264890785687,0.1666666666666667,True,5
0.69914622712096242,0.69473805225176699,0.16891889135305321,-0.70240645871030249,0.71151850933372129,-0.019146217317555891,-0.13349052350101698,-0.10526371468336124,0.98544397634085934,-8.6923750940535314,-0.91794470699533337,-1.8244566711773875,,0.2978402320700029,0.3636363636363636,False,2
0.87942065937238589,0.45633307936883993,0.13557073630688715,-0.46144240490875044,0.88714131219516679,0.0071553580390904536,-0.11700517433459202,-0.06885065628148257,0.99074183131052962,8.4675477816871236,-9.3438473877547299,-4.6850966836164671,,0.07864092881240159,0.3,False,1
-0.85711943020677051,-0.49949726107884485,-0.12589189225979988,0.50277029649386684,-0.7580166457993599,-0.41549102716491543,0.11210848016760326,-0.41942013645725168,0.9008431815852801,-6.0474698329572805,-21.353318899335864,-6.84047707739205,,0.2558583193474285,0.1923076923076923,False,3
0.96625042187922983,0.24277592508135762,0.086139261774758086,-0.24975268439449808,0.96480225843061962,0.082341962357698029,-0.063116708215428544,-0.1010764677264956,0.9928745282340472,7.3200935070815243,-18.538650001064134,-6.8581382172917067,,0.3021130849519779,0.1666666666666667,False,3
-0.93162036449775687,0.36126366320036829,0.039649238380026208,-0.33454531092383888,-0.80982655641220125,-0.48193400322910013,-0.14199623724569971,-0.46224399853389697,0.87530997619555106,-5.84245740042177,0.043995235387710052,-1.6990550840534906,,0.3363949777092795,0.2075471698113208,False,4
0.53863226326451952,0.84124717770868596,0.046674093110772696,-0.8164432040507078,0.53482755801956383,-0.21766942307601495,-0.20807637907738766,0.079137027869395735,0.97490591919940806,12.969030176127101,10.798984813096709,0.003982587072194693,0.297843254222748,0.2647796098926595,0.9154929577464789,True,5
0.96466885739718622,0.25997281982964326,0.042756619579101054,-0.25598834588050329,0.96325500160518041,-0.081300483737604651,-0.062321443672078175,0.067482848431497461,0.99577211390267406,5.8936189932460739,-7.3735579073342965,-4.125761632090601,,0.1898539068612729,0.1320754716981132,False,6
0.86519050532134167,-0.4952005812184116,-0.078878221726588593,0.49058271087689986,0.86847502179334035,-0.071272296930356721,0.1037978481977027,0.022967822752808901,0.99433318652628833,-8.4620004075980901,5.8493511017434905,-0.034737136415319093,,0.6013896873171968,0.1875,False,4
0.99999655034096124,-0.0017235517559273806,-0.001982088676872315,0.0012542710357860785,0.97634899137882403,-0.21619684048968579,0.0023078367245396129,0.21619360860788298,0.97634778510874654,-6.8236096724342881,-2.1741234552242577,-2.1918109703503084,0.1981143696242042,0.1596224736768994,0.78,True,5
0.70787616820071697,0.70470958812632911,0.047913744335942574,-0.68593798924800631,0.70203420205588729,-0.19140808251000158,-0.1685241982620668,0.10262736256268699,0.98034035878033432,-5.514443680398899,-6.1039131288369441,-3.2104213927034473,,0.2146944700216424,0.4556962025316456,False,5
0.37764313705617997,0.92436945057832876,0.054099721550910369,-0.89713125733363153,0.37972741185801162,-0.2257489751883571,-0.22921860341024869,0.036717999960981282,0.97268217847841776,-3.5638804658290311,10.056049985028157,0.5809405361948573,0.3250385672368156,0.2909602955731448,0.92,True,5
-0.22703990027921001,0.93388454459830506,0.27624724621545638,-0.94395007028477418,-0.14123450901110976,-0.29834724445478122,-0.23960623633490144,-0.32850033611064589,0.91360625035329956,-5.1758196541642176,-3.7071188331823577,-2.6425581747701852,,0.517969176362489,0.2691680261011419,False,6
-0.010105944565208832,0.99859926284256872,0.051936327697701512,-0.97010872942515147,0.0028026434888829208,-0.24265448333503409,-0.2424601471944679,-0.052836137630908775,0.96872153872136257,16.003161658261547,12.632178561212067,0.28220562881215222,0.2234151947288555,0.2603035200720181,0.8636363636363636,True,5
0.049363445399628156,0.99783643077508188,0.043424735765742822,-0.96703306406181144,0.058624046696941254,-0.24781096456795604,-0.24982054212875263,-0.029760352264741323,0.96783470601315802,-2.45205223193393,5.625897707260247,-0.56836651132528782,,0.3126375038323867,0.9682926829268292,False,5
0.60950700928471147,-0.76026074019947676,-0.224732758057546,0.76580936041848091,0.63793181397984011,-0.081111184233917943,0.20502982497247732,-0.12266461439117401,0.97103870326986463,-0.4468314053644904,-9.4640346114969756,-4.2244173305757826,,0.482083616081651,0.5572916666666666,False,6
-0.17070081201732057,0.98478214786500484,0.032639761381094701,-0.95374986447500287,-0.15682180412028937,-0.2564529542944875,-0.24743166489061233,-0.074906895536025336,0.96600544936900534,-2.3872076425189173,2.8633488489708245,-1.187980841586757,,0.2504093990037845,0.9775641025641025,False,5
-0.15165428931754951,0.9882228095626806,0.020412133441433913,-0.95691834958127131,-0.14161450578566354,-0.25348097361683364,-0.24760502572897136,-0.057974221953591087,0.96712498717726791,13.753190010331844,-7.4381021921436377,-4.7678793625654494,0.3037397392615738,0.2655218977915374,0.9736842105263158,True,5
-0.99953463751989569,0.030504094011836996,-9.2986492198673942e-05,-0.028870012110561935,-0.946965872051168,-0.32003462245686259,-0.0098504212451407565,-0.31988300583008095,0.94740584322791954,10.147500700229305,21.360505086223039,2.7733918814414666,,0.1994870843733898,0.4230769230769231,False,1
0.75791289748071533,-0.64690221096465705,-0.084175823615960835,0.63222162131223436,0.76019053707779494,-0.14968690284291189,0.16082245296511444,0.060231858566810285,0.98514377724059699,-3.3975697032241783,-20.948068521295813,-6.9463870210401675,,0.1865032513953881,0.2,False,5
-0.92499594250076589,0.35359559662491269,0.13911383973060298,-0.3673737547592365,-0.73871380692332789,-0.56510037672518376,-0.097051690717988845,-0.5738223292172554,0.81320901607179907,3.23988750602618,-12.567614290313921,-5.2392379103068834,,0.5121054161316599,0.3828125,False,1
-0.26760370814548651,0.91900747441933439,0.28950564303339948,-0.9382522875206154,-0.18017232406396128,-0.29533130312197464,-0.21925077046413755,-0.35066108367309295,0.91047564714718998,-1.599728022898582,-13.43350652669012,-5.1067700476697819,,0.4516230129970329,0.2403846153846154,False,7
-0.21275671100899185,0.9575872116810149,0.19432270568725757,-0.94596873162147421,-0.15205746487844066,-0.28639428445624043,-0.2446992862987068,-0.24475550943691127,0.93819880616273577,12.169450105799577,-23.818932112979837,-8.2885734481027118,,0.2681711452955595,0.1666666666666667,False,1
0.75798197920174959,0.65141919302076168,0.033411886650984324,-0.63155133328415836,0.74574529977811699,-0.21214820594539133,-0.16311417054444002,0.13970319546461973,0.9766661581853715,21.426904468053191,9.0021530302330284,-0.85874079953678883,0.2159173643405803,0.2088172357560964,0.4545454545454545,True,5
0.1039665147953102,0.96372418495603507,0.2458183458005983,-0.95129679000147216,0.16847673568084809,-0.25816662616848934,-0.29021609385802738,-0.20700551892437949,0.93430366262828968,-6.1546318376624427,-0.014455376487756244,-1.7555560933985876,,0.2694036058677128,0.2236842105263158,False,5
0.92748908758475845,0.37377278204549685,0.0076091926748046504,-0.36260443899858147,0.9043575645698213,-0.22506758145913808,-0.091005567025962408,0.20598859873136449,0.97431344235978401,-9.7050799320588883,3.8559409824936588,-0.48976730333648261,0.2611410821281172,0.2558061334547186,0.95,True,5
0.52413821324036536,0.85093150227161674,0.034564604192258847,-0.82564150920951473,0.51767343458283954,-0.22434418512063503,-0.20879471183780662,0.089049388369469185,0.97389679881370961,5.2519909560892328,17.034649634758726,1.8730395348487108,0.2764943623509247,0.2630263425048106,0.9052631578947369,True,5
0.152094101874094,0.98780079560982037,0.033421136541395946,-0.9585414878083286,0.15566435261909181,-0.23867724121473075,-0.24096804834937874,0.0042658546957059368,0.97052367418750085,-7.6223222830546788,-21.437466508146777,-6.7853837579165921,,0.2190778885836636,0.92,True,5
-0.97593140609541273,-0.21802302633000339,-0.0048837062296036952,0.21174490780978183,-0.94199587407116292,-0.2603994378825199,0.052172642383316412,-0.25516608948450015,0.96548862352900366,2.8013507836605198,-16.458623618451323,-6.0843011584543643,0.2955266831126617,0.2476550494537953,0.9489795918367347,True,5
-0.45093844074936168,0.8909558348008505,0.053406208336251162,-0.8639633920172487,-0.42068784238503737,-0.27674717075965355,-0.22410216399799715,-0.17093694657312283,0.95945754485942369,-15.515573380944863,20.182614398721114,3.5596912183478548,,0.2221850334309347,0.7,False,1
0.64950744529417226,0.73363856940875494,0.19978620568826636,-0.73358049034407102,0.67373108097013135,-0.089140870095435504,-0.19999935673394359,-0.088661603925793905,0.97577629469838778,-7.6469861680868281,-1.6831358605009992,-2.0802266598762942,,0.2015956673971118,0.2166666666666667,False,4
0.43642111174099213,0.89937769034968051,0.025619979079454052,-0.87195541201996729,0.42979341033222906,-0.23445977028923751,-0.22187918486384992,0.079983714193998287,0.97178816250656541,-0.26304231316520155,-12.780302674307611,-4.9788514895851588,0.3923180303903331,0.3482797448888002,0.875,True,5
-0.5495816738687429,-0.80379870428047484,-0.22774465250508447,0.80389949307374875,-0.43460729191736291,-0.40603215001773829,0.22738862940657778,-0.40623163935036727,0.88502557387191472,5.4625688436915354,-7.9439114646121158,-4.2533928414096298,,0.4514841579947388,0.2203389830508475,False,3
0.812267940069345,0.58310603472798828,0.014427258897843347,-0.56510199968399721,0.79283432827589739,-0.2281960951910747,-0.14450094632441218,0.17720349931959237,0.97350829289751828,-5.6998521186268558,1.0371324404795117,-1.5258119951486679,0.2144752654637291,0.2175936967718448,0.8732394366197183,True,5
0.80293540588358669,0.59579279213526137,0.0180466844109731,-0.57741646018179615,0.78497093787852823,-0.2245236250313723,-0.14793568024545112,0.16985751536441701,0.97430152364888678,-17.106166990483072,-6.0843589223429149,-2.579968596171434,,0.2778429256124739,0.8545454545454545,True,3
-0.14852333544462998,0.98800961104413387,0.042164289544842845,-0.95807065563553107,-0.13319620061319909,-0.25369152715909116,-0.24503354390471804,-0.078075480316344092,0.9663657598108838,18.459082591669279,-1.0553062176828805,-3.352524468174007,0.3486543662075319,0.3236871651528878,0.9859154929577465,True,5
0.8861573921926571,0.46281204732398279,0.023023577352214449,-0.44896411227610161,0.86981888068159463,-0.20456378149112842,-0.11470092480203428,0.17093894717588975,0.97858243096223452,5.6287152394168061,11.94521452150847,0.63410252259140487,0.2721093061897368,0.240623556022736,0.7888888888888889,True,5
0.097157997650249031,0.99512083890562797,0.017170890144468664,-0.96387958090159342,0.098378464594323159,-0.24750319437338955,-0.24798483222480069,0.0074962443812011219,0.96873491178268911,15.797772266269323,4.9307985772099077,-1.6372469424146987,0.257547788025131,0.2353784746161467,0.9245283018867925,True,5
0.49439177475497542,0.86796688998928984,0.047013305956373409,-0.84197967133693385,0.49162520226219952,-0.22220462091505144,-0.21597917980670284,0.070271888995338733,0.97386593302520452,4.7240598343238984,7.9649555572883575,-0.30285365343153209,0.3121601036299608,0.2826477190056459,0.9824561403508771,True,5
0.51092088668858771,0.85903125055705665,0.032018090382289602,-0.83269691890370867,0.50382109122528229,-0.22973930722633809,-0.21348463362410772,0.09071724534478938,0.97272539424209303,8.928079761740392,6.1783919403567316,-1.0010073178090844,0.2644092968331157,0.2406970886114518,0.988950276243094,True,5
0.75366491465515151,0.65706080030807779,0.016133850016409275,-0.63675493119762383,0.73601697918911346,-0.2298307288872436,-0.16288755020980888,0.16294204811478422,0.97309687849813109,-6.6225021180789163,-6.791620944052891,-3.3593888242312357,0.2788791810140442,0.3114708187831095,0.9501133786848073,True,5
0.98816116910323826,0.15331642173491553,0.0056194931197776389,-0.1481082686742384,0.96286682130205192,-0.22572422374659365,-0.040018053761288253,0.22221961943555776,0.97417503361104196,-11.922800423578973,-13.600033272912455,-4.6800102189550552,,0.2600186923906327,0.9907407407407407,True,5
0.093115985120735392,0.9956435758213541,0.0048252710456033639,-0.96402056777413148,0.091368306412386982,-0.24963208425956415,-0.24898545785534737,0.018593076910525079,0.96832873512437045,-9.6591959077737464,-6.3651764059968583,-3.0544636006117516,0.2014955456988559,0.2243451418287684,0.9407894736842105,True,5
0.17915591809705056,0.9827646352709225,0.045572235753962465,-0.95186856696629285,0.18486074082973505,-0.24448463698444983,-0.2486953723581114,0.00042209085899885812,0.96858166078393604,14.404156190394719,-2.2076655240427394,-3.4361278740753423,0.2798539492003003,0.2411775304905513,0.9752066115702479,True,5
-0.96885833465938831,-0.24478309467307643,-0.037346538304233387,0.23666517167440385,-0.87106186375740779,-0.43039612686895412,0.072822550610115638,-0.42583149962132155,0.90186717982909992,5.5135108456967439,-8.44470119480604,-4.3529678858452092,,0.2970139407460704,0.25,False,5
0.55310288436301203,0.83253614616045746,0.030996203729006362,-0.80773644038826475,0.54499694409486332,-0.22481141829576889,-0.20405646811167624,0.099307080631512279,0.973909164942108,-7.0629756663367358,-18.23010125083708,-5.9830556795468723,,0.2600095510008892,0.9125,True,5
-0.45049638367553563,0.89225318145665156,0.030614840776139178,-0.86395448716511225,-0.4270523301300988,-0.26685005422094421,-0.22502367076050517,-0.14666481347254687,0.96325167017064173,9.5839760584353488,-17.587273397487252,-6.7507347917026506,0.2040797560374761,0.2513878521182534,0.9206349206349206,True,3
0.65946735280297275,0.74910861547182939,0.062762192543894729,-0.72777099585172444,0.65712898110363294,-0.19629284192422553,-0.18828751467908691,0.083772217468433469,0.97853463270156804,-13.678628655690481,-4.05856940746758,-2.238375894128287,0.2729834123956827,0.2571340084763776,0.9669421487603306,True,3
-0.1477721939110162,0.98874367368959859,0.023437714170163684,-0.95708019233081676,-0.13698565243718566,-0.25540641431719296,-0.24932084580863281,-0.060173738168372556,0.96654965577569374,0.12086965668772036,-6.8481889503679518,-3.7372176441212939,0.2878929017997177,0.2472847229097233,0.9799382716049383,True,5
0.91430671467000746,0.35851317245127379,0.18844504951911117,-0.38084090581048613,0.91935477245734876,0.098726930577952288,-0.13785295053347796,-0.16203427890054184,0.97710872296300522,-4.4375781126288985,-0.82742384307689243,-1.9816130333134956,,0.5179090972147957,0.177536231884058,False,5
-0.97943364540551148,0.19619406596702793,0.047091641795511049,-0.19478147035766044,-0.85853163396524157,-0.47432437454370846,-0.05262996345219164,-0.47374183049451951,0.87908973659503209,3.7306832673732542,-8.9560988632724001,-4.4093757375530132,,0.5406859079098943,0.2281553398058253,False,1
0.93838335333765688,0.33634257989012434,0.079437718570157856,-0.32728100654325704,0.93869373462902861,-0.10835688867922261,-0.11101272420226782,0.075681844064902748,0.99093311254803107,5.2990589887255579,-13.463564680876081,-5.5647666704414798,,0.1701916289947198,0.1951219512195122,False,5
-0.7975385032863116,-0.58278116996165308,-0.15587958081146666,0.58928246644854176,-0.69727722682969362,-0.40810616716856452,0.12914530774346716,-0.41733748559507561,0.89952816109615286,-4.5618053970346146,-4.8738436332904618,-3.0023866752380246,,0.4680724391373775,0.313953488372093,False,2
-0.78375678700453277,0.61784553635921591,0.063183795591301412,-0.60243850669259502,-0.73157268883087812,-0.31916962043834013,-0.1509739860980247,-0.28821570768740362,0.94558900234928789,13.169309530490809,-1.4265095297503076,-3.1738818837439728,,0.2021422605950747,0.6379310344827587,False,5
-0.10730976322908944,0.97565305464124252,0.19127397022315692,-0.96354564215287719,-0.054632037610579706,-0.2619067314039783,-0.24508041579023843,-0.21240634980086773,0.94594880007342641,-8.7835439425184028,5.9966052988962897,0.018378019529328049,,0.2574818621662805,0.1842105263157895,False,4
0.83965956566824707,0.54245910645744477,0.026644541714997135,-0.52674023822903615,0.82532145010008306,-0.20344342072211399,-0.13235004802503744,0.1567884620311315,0.97872408929262789,-13.621789495284121,-21.349946269168822,-6.5683396184782179,,0.3719137157950332,0.9577464788732394,True,3
0.79532494073504412,0.60564542231238572,0.0255315701994724,-0.58692160797313586,0.7799029345770514,-0.21742685835087658,-0.1515957279709004,0.1579399729965644,0.97574264034673475,9.4829456050415626,14.62145078632831,1.1557907634280564,0.304531977316838,0.2866138544381345,1.0,True,5
0.41850390947126198,0.90786171002982685,0.025329690463742872,-0.8793669694762879,0.41202655027656215,-0.2386374967629461,-0.22708635086979453,0.077596632200854498,0.97077832274918774,10.051294438962119,-11.392463797687039,-5.3802676547354036,0.356934623331802,0.3062520271069463,0.9848484848484849,True,5
0.75468493469286257,0.65599761288764391,0.010852706268166456,-0.63569941376574268,0.73522463108562142,-0.23522541780790407,-0.16228648953477701,0.17062202006401408,0.97188025063983796,-2.9059992031154751,-20.846115148578292,-6.9178790961619914,,0.236227459467847,0.9583333333333334,False,1
0.71063060187937466,-0.69932018786827677,-0.077171384025641554,0.6724772524510223,0.70737689675068571,-0.2176976593335147,0.20682962217361162,0.10280661838250059,0.9729605884146969,1.9689632561911798,14.39552053985331,1.3755248216699352,,0.2206822211071083,0.3076923076923077,False,4
-0.012526588007850809,0.99951081093961314,0.028656995790179773,-0.96811727862102037,-0.0049525299156940117,-0.25044841241833316,-0.25018397116584207,-0.030880596857427688,0.9677057245409979,5.0124734427869866,-5.3238734634508917,-3.7574846825391597,0.3270973559903927,0.2919142203513248,0.9966216216216216,True,5
-0.44411623015988666,-0.84961883356897894,-0.28444439132009269,0.86195262655902338,-0.31850451286975667,-0.39445220857487839,0.24453720305215521,-0.42036021805885304,0.87378420871342255,-4.0575467784930721,-1.0480753252031785,-2.0139779217736988,,0.5599858912019271,0.2561307901907357,False,4
0.97360255436816545,-0.21746639590100655,-0.069328441361466014,0.22042932958971692,0.97464974696115048,0.038324684019478472,0.059236616922402889,-0.052595032107525058,0.99685745511241297,-7.2278465246561909,-6.3744156653641859,-3.17867866551825,,0.1633334466487195,0.1486486486486487,False,1
0.33103625913509521,0.94195182226717245,0.056051401993143887,-0.91418878043866358,0.33486489396663022,-0.22830763567780119,-0.23382444024932944,0.024336542816767968,0.97197420944478585,5.6563620885763015,4.4323745053061128,-1.2865803118222083,0.2504038354530677,0.2383318731646341,0.9210526315789473,True,5
0.14296287879895786,0.98744667939468977,0.067161526470993854,-0.96065561534372945,0.15476997318020866,-0.2306231647305978,-0.23812266585538105,-0.031548545991804289,0.97072255833050869,13.584034250921665,20.261834869091487,2.3817100109927951,0.2578065770926572,0.1820756332090379,0.85,True,4
0.10924963111289424,0.99397048538339339,0.0093376811039401226,-0.96267490234014308,0.10814076227143511,-0.24811813303293626,-0.24763188507559653,0.018117663261449299,0.96868477833186373,5.7332108436590064,-11.018308819946624,-4.9498381398392786,0.2525855113613686,0.2767703840393171,0.9850746268656716,True,5
-0.45794292392783054,0.88839803745967683,0.032205674379282248,-0.86056038940163093,-0.43392404538915874,-0.26673158610487246,-0.22298900111293127,-0.1498627701295504,0.96323260716804804,11.734786241491424,-0.87345919611290523,-2.9236495455104348,0.214595840316737,0.2586961737119727,0.8243243243243243,True,5
0.063156584312439701,0.99750929779827902,0.031407748470258699,-0.96640752798678553,0.068982871339369048,-0.24758403282975872,-0.24913397140586163,-0.014716122714946985,0.96835721715892764,16.828308097788693,-10.135730521259029,-5.5657889990336624,0.2897327177854829,0.2684509490969013,0.9726027397260274,True,5
0.68662373722348147,0.72671245807202811,0.020900879507121783,-0.70415435290944595,0.67191253318128275,-0.22956523045224406,-0.18087147580516874,0.14290749118511389,0.97306883528517019,-2.6290688685737527,-1.9246592385663577,-2.4002898489929003,,0.2192920545865963,0.9080459770114943,False,4
0.72540041152964796,0.68609246856107275,0.05541992003233704,-0.66698619384157831,0.72052115315262133,-0.1896804815587006,-0.17006957451978749,0.10062997785645007,0.98028054524165076,18.303693567857501,17.772944946380552,1.5449573657184816,,0.2770182968060776,0.3076923076923077,False,4
-0.097176365577587853,-0.99291248925987341,-0.068421799485935325,0.96636196336780844,-0.077682927624249803,-0.24517324183450434,0.23812036815242371,-0.089945269066739081,0.96706180714754042,14.522316336624389,-8.3023594395143476,-5.0611844716894101,0.3409247927194973,0.1173339144839648,0.3076923076923077,True,3
0.6482842086817413,0.76104689884736643,0.023134444637720745,-0.73690436500821976,0.63478410229298454,-0.23242439697226885,-0.19157124420361663,0.13362919303392073,0.97233929117535012,19.862571572681546,4.4866705565516742,-1.9852594782360971,0.2315193408360637,0.2377508276698324,0.7777777777777778,True,4
-0.46908256630484363,-0.85508327290880204,-0.22089396184693105,0.86654325844253555,-0.39734773284414382,-0.30202245024403768,0.17048263030776872,-0.33308763951127085,0.92735553978404317,-3.7700072574826384,-2.2169853002031963,-2.3363824338229642,,0.3844316050394986,0.2732142857142857,False,2
0.74458107946706753,0.64723140354490027,0.16337235495932115,-0.64677505236924504,0.76004562829834599,-0.063345674969424365,-0.16516975429059727,-0.058499172386197791,0.98452871928538088,-2.2650668852989986,-11.853692836323489,-4.662476398780842,,0.2968606561587517,0.3114754098360656,False,1
0.22510556879413773,0.97273131556652082,0.055868332837971282,-0.94321390781864689,0.2319333680312064,-0.23781176777270444,-0.24428468432414174,0.00083696471099822464,0.96970319814607575,23.373866346669022,1.0463614505362027,-3.1826008266513948,0.318372216212268,0.3142747825450979,0.9473684210526315,True,4
0.82027492204720875,0.56988186914449546,0.04882322685794422,-0.55554132012110458,0.81411827498381895,-0.16907180715740799,-0.13609883871123454,0.11156204353518899,0.98439373044717537,-15.804957524708826,-27.311501402805295,-7.9101306293480826,,0.2409448244155865,0.5555555555555556,True,3
-0.54548558756621035,0.83474072306597125,0.075189088389515935,-0.8073078827735819,-0.49921143127380146,-0.31470927742473653,-0.22516539736199115,-0.23237011886398568,0.94620540671143605,-16.586844388599278,16.367179999344692,2.7033816518627667,,0.1359443643908697,0.3703703703703703,False,3
-0.95524448824608332,0.2674705348173646,0.1263624971262968,-0.285865671839931,-0.72478470006824802,-0.62687156277062561,-0.07608406757649841,-0.6349383053112283,0.76880723403823537,6.3408604907136352,-19.113634953661386,-6.9636792871064577,,0.385222842917458,0.1785714285714286,False,1
0.65644689169897863,0.75409668924083684,0.020387781997043275,-0.73055175907371006,0.64222426629576557,-0.23203904648824536,-0.1880734050658355,0.13742698081845212,0.97249278622006619,-19.282221684577294,9.5830581716481813,1.1758629787781134,0.2646545346820122,0.2175090718444824,0.9047619047619048,True,3
-0.99973764020915312,-0.012275338565522261,0.019338221534984414,-0.00061308106464676452,-0.8296269764163402,-0.55831774477790863,0.02289704960562618,-0.55818312054860952,0.82940178987868973,-7.8417019163229185,0.75465633505289986,-1.4313628353672718,,0.5662709921013184,0.3232323232323233,False,3
0.99820846777173367,-0.059433487604668121,-0.0068931429662569474,0.056714770525096048,0.97660444994005025,-0.20742994760057468,0.019060159314475175,0.20666738714281269,0.9782255882047195,-19.016971187727446,10.677357201038527,1.3991390154404126,0.2292020371316858,0.2176963667636063,0.9148936170212766,True,3
0.99997941282087399,0.004911152307986659,-0.0041297115427841938,-0.0056979909119103458,0.97558826796072506,-0.21953374300311754,0.0029507344825714897,0.2195527544814658,0.97559616705151786,2.7241691285343457,-26.649164250524709,-8.509484246905421,,0.3640176497277663,0.7959183673469388,True,2
0.57815135502059012,-0.81231157590387615,-0.076752292085753973,0.79257805211896359,0.581458401101142,-0.18364683250253155,0.19380671295691682,0.045343482899585411,0.97999128902831079,-22.077729044459726,6.6462099360710987,0.54485606202298897,,0.1780104189303388,0.1304347826086956,False,2
0.88606503143941695,-0.4626264066572553,-0.029420535747362937,0.44614175183156085,0.86828479520903146,-0.21688488117311672,0.12588207709174368,0.17904837969724016,0.97575374987486574,-19.809300841579262,7.5957684167793644,0.72907928858080273,,0.1716749142954104,0.3636363636363636,False,2
-0.22372555629003907,0.97374410860037564,0.042062886595816723,-0.94358718415226905,-0.20558394118305226,-0.25957362930628153,-0.24411083828110564,-0.097763255335035132,0.96480684312456677,27.391294096891944,15.579275350511638,0.59028187698443668,,0.2741901080641479,0.9487179487179487,False,1
-0.37848079073975754,0.92499153201252848,0.033807643309224408,-0.89781022439244751,-0.35798470783987985,-0.25648343012596225,-0.22514238165523448,-0.12742689927135412,0.96595719021326054,-21.027003240097855,9.9832779862150129,1.3015683981225672,,0.1818206028947446,0.2,False,2
0.16547713192023517,0.98173164778595134,0.093916401905814934,-0.95407741692127301,0.1834692907489712,-0.23680224211966647,-0.24970703100290303,-0.050418162278596551,0.96700796665806465,24.633296285042039,5.9423647034104254,-1.9505617720206836,0.314996418626254,0.3620338677470419,0.4222222222222222,True,2
0.22717313260639663,-0.97285316861431514,-0.044148387726881552,0.94281270533665706,0.23106048419292113,-0.24023999521375761,0.24391918841610211,0.012952411421022218,0.96970906181225824,-22.414625149487666,15.883226640592158,2.7316076179181055,,0.3116306446855687,0.92,False,1
-0.96383797420497908,0.26647090747998819,0.0031007978383050007,-0.25778380470840795,-0.92934034312574809,-0.26433697559928027,-0.067556417241441694,-0.25557735053347103,0.96442539803957439,20.997427196623725,21.798960246002327,2.4491107729473853,,0.2022058642006396,0.7586206896551724,False,2
-0.81728909718847986,0.57370908182357128,0.053818408096070247,-0.55746110836338092,-0.76357331445263399,-0.32587253047486275,-0.14586173000177635,-0.29633373565791393,0.94388064543771366,-8.3628461303826054,-4.3425680235969359,-2.6655952677851653,,0.6688478059279079,0.7466666666666667,False,1
0.0045864596528399811,-0.99201342408033111,-0.12604892237647281,0.96824766127435691,0.035912153399026411,-0.24740004784757622,0.24995085681907767,-0.12091188395960914,0.96067938746115855,-16.864231697690936,18.671986595064556,3.2625145952452694,,0.1474579207644023,0.4166666666666667,False,1
-0.98054048852965703,-0.1934465661282464,-0.033448115151868976,0.19064248581939941,-0.89760806780140945,-0.39743577999271928,0.046859288883024555,-0.3960785056917519,0.91702018755007075,-13.172351037184045,-0.042337260798789966,-1.2774108522337722,,0.2786296633408984,0.3142857142857143,False,1
-0.0070031538107390764,0.99883973460014364,0.047645990603796769,-0.96823269800501355,0.0051366851976702432,-0.24999811395110891,-0.24995279224412503,-0.047883181275829967,0.9670733181099922,-18.521786330710672,19.82872871657932,3.5537867195661059,,0.1886033936759638,0.4864864864864865,False,1
-0.46219778521232846,-0.88201423146235114,-0.09178291149607927,0.8588987476891452,-0.41951492424410824,-0.29376890501630454,0.22060405382231082,-0.21461156500603282,0.95145978769616135,-10.484690733879642,-0.03871229638798368,-1.4033728507914296,,0.1013047706406402,0.2142857142857143,False,1
