axis_00,axis_01,axis_02,axis_10,axis_11,axis_12,axis_20,axis_21,axis_22,location_x,location_y,location_z,dbh,dbh_approximation,score,reconstructed,number_clusters
0.48363439634164984,0.87469579837496203,0.03170222358817637,-0.86293203544425856,0.4825641646767917,-0.14993374928220027,-0.14644477757597088,0.045156253996283174,0.98818765416581988,19.823447723061435,6.1439695367237537,-1.7862585945124536,0.2543567746273949,0.2462483652227642,0.9726027397260274,True,5
0.36866581521995606,0.92949427461726475,0.011220968849906782,-0.91619399789634037,0.36537739832719346,-0.16458406669654249,-0.15707983609275167,0.050395934810030053,0.98629923190059177,-1.8637757899964413,-5.4164869002139699,-2.5437939549476427,0.2833514196342314,0.2571139949010519,0.9887780548628429,True,5
0.15766590030181912,0.98650728519308983,0.044100341755775381,-0.97061558383307522,0.16303794407819078,-0.1769859237655205,-0.18178793222432207,-0.014899833949280147,0.98322486880971882,9.4164788581017032,15.482318755913063,0.18319923024448137,0.2059437933101731,0.2048846960694342,0.4230769230769231,True,5
-0.23776551060575229,0.95757064027884764,0.16286813943292641,-0.95661790344057018,-0.20178480854046488,-0.21015489016260078,-0.16837383639791778,-0.20577016284739913,0.96400668633490338,28.058928174927075,-13.754147680242252,-5.4020190347681458,,0.2003913709378248,0.1739130434782609,False,1
0.86384972406911154,0.50366330679173976,0.0093234981273212052,-0.4977118658731336,0.85620674625787319,-0.13853846480883969,-0.077759583298806334,0.1150359989486608,0.99031316569612449,-12.951857512030369,16.578083899030794,0.97243172514462739,0.2937965258269714,0.2350161903220201,0.8085106382978723,True,5
0.4146345909406578,0.9093604401424803,0.033789730678837414,-0.89773399733610937,0.41484218818968455,-0.14825528295789342,-0.14883489517718693,0.031137578612814288,0.98837170395338958,5.7695627686430679,15.736559679077439,0.26687978040117921,0.2508345553966091,0.2187522733708829,0.9397590361445783,True,5
0.61498384040416953,0.78850637634208443,0.007250552366178626,-0.77779148891073013,0.60808861801876124,-0.15896110346264733,-0.1297508220388934,0.092119091962028041,0.98725822208595593,2.9239277638521113,-14.454938094063159,-4.0112027274412663,0.2619913684516624,0.2706437283136228,1.0,True,5
-0.6931297301285233,-0.70000699178736869,-0.17193425679822943,0.71104990798472689,-0.62488051689292778,-0.32238543385602692,0.11823369048994418,-0.34570876624179825,0.93086317113564099,-8.3550345983543135,-3.8108995392583132,-2.095438419323242,,0.596684108289429,0.677710843373494,False,5
-0.99989266983198022,0.012805610021259311,-0.0071179469132212209,-0.010519526617903285,-0.96566822230613403,-0.25956545222322386,-0.010197469098322143,-0.25946271558760586,0.96569928592905907,7.8540213287808935,-23.156746720967657,-5.7044183817722871,,0.1798571302188613,0.6086956521739131,False,1
0.69082299389827206,0.72171969512206113,0.043408210909312184,-0.71483958945783144,0.69077889219203703,-0.10876067049122561,-0.10848019379217129,0.044104464341620242,0.99311975299052002,13.680243553193263,-16.646221738773246,-4.9331269406347014,0.3169204236049566,0.2799122300685253,1.0,True,3
0.59089542796819572,0.80612281466213176,0.031758477411313935,-0.79564422433426885,0.58881961140860462,-0.14227344623695126,-0.13338988526047146,0.058800279776731142,0.9893177778693637,11.134892610859863,5.9879587136010883,-1.4235760514413665,0.2886033299319765,0.2658771493824815,1.0,True,5
0.77161843400831065,0.61310976342682244,0.16941490574701387,-0.63062668868210303,0.77218295280279781,0.077739738374906026,-0.083156309564635086,-0.16682297620969072,0.98247398071813197,2.9258046881945723,-17.226614238577827,-4.4667221502229602,,0.3169059238355115,0.28,False,5
-0.0460536482089976,0.99794461975233462,0.044560042571913802,-0.98361178470504607,-0.03751774033898958,-0.17635270383300142,-0.17431843986221321,-0.051951468383723554,0.98331791728656059,-12.629514034267107,15.218622299671264,0.67821881611853752,0.3402567107737081,0.2566335094200568,0.8888888888888888,True,5
0.13975098672987507,-0.92886190550770409,-0.34305279798396215,0.970552227355858,0.19714722547639962,-0.13842451178003912,0.19620916309543457,-0.31360569507513159,0.92906051058789152,-9.1539094131141994,-10.656953361142509,-3.154229400493437,,0.3278617637084733,0.3928571428571428,False,3
0.5989648766654172,0.80049833401818893,0.021059291424111531,-0.78984542523153844,0.59491545523943201,-0.14906309187075387,-0.13185325465073391,0.072649971447779571,0.9886034093035716,2.0784066751430168,10.349066140975697,-0.40402945700516768,0.2691013939718653,0.2626941187993491,0.9428571428571428,True,5
-0.59139774432551073,0.80595936270699775,0.026042535814079851,-0.79448376967953738,-0.57684217020601336,-0.18986482135405566,-0.13800089754233102,-0.13297599910113911,0.98146479098364192,15.334287708900876,0.82917058251906517,-2.3917871219575453,0.2423695968531097,0.2362951839520151,0.8181818181818182,True,5
0.81841133891198026,0.57456996493217671,0.0084991610255404533,-0.56726600719791509,0.81019164219239725,-0.14764409910091922,-0.091717814071398202,0.11601231968814589,0.98900403652489699,-3.6894549571963178,-15.876321285025861,-4.0876594176116496,0.3162204926550259,0.3041376806877979,0.8907563025210085,True,5
0.49685172302323494,0.86644997114364253,0.049018494815981126,-0.8560849152778397,0.49860530240388323,-0.13605649653164581,-0.14232702892485502,0.025635910748666536,0.98948765374688219,16.271777502825806,18.665314900122542,0.45810804181402048,0.2241657285529375,0.2169150635796076,0.9122807017543859,True,5
0.74452432840681737,0.66752749609607331,0.0095166362799600102,-0.65889082670627686,0.73703657411762169,-0.15046583298303601,-0.1074541897400812,0.10575504890390139,0.98856940410809613,-20.005566208498401,-2.6106441133193119,-1.6219346683673737,0.2276837001320541,0.2277785089357999,0.7833333333333333,True,5
0.68508093675003656,0.72715216473146604,0.043747450531832939,-0.71540880047820132,0.68290597713153711,-0.1477486872914977,-0.13731117325269998,0.069922497984289414,0.98805692446113813,-24.599388612125093,2.9081268736049575,-0.844179118607012,0.2120146462257496,0.2693070772890928,0.6666666666666666,True,4
-0.25440817663027382,0.96602256259788355,0.04557288904028204,-0.95217466051884436,-0.24195823009834838,-0.18660018958591054,-0.16923325775237713,-0.090865964142208433,0.98137835773519266,19.375848909050994,-4.4868495030994566,-3.4517318887295518,0.3578584218130362,0.3125263200930628,0.9887640449438202,True,5
-0.0057510621478265534,0.99942121316471866,0.033528554405654408,-0.98511571431627243,9.7900861710743499e-05,-0.17189246586910292,-0.17179625924714217,-0.034018070077274642,0.98454497927565754,5.6062819001460378,-1.9691864132778378,-2.473614146672233,0.2622258568183709,0.2226006136993868,0.8177874186550976,True,5
0.95263974066067547,0.3040971695369396,0.0015607669852554865,-0.30075225964862917,0.94289597324965624,-0.14316166367371508,-0.045006697614954502,0.13591208595707827,0.98969808631753475,3.7071709034805771,5.4230201415908059,-1.241369075548433,0.2449573326920927,0.2428875188413192,0.9963898916967509,True,5
-0.74834198566239007,-0.66299304820517535,-0.020603167874918192,0.65420075125665944,-0.73257456267560384,-0.18803161217165229,0.10957029501691681,-0.15419055792187322,0.98194685309218632,-6.7380876296337417,-16.129530158143133,-4.1231007058009848,0.2070353030739386,0.2266791233873942,0.5517241379310345,True,5
-0.94524580500804278,-0.32048055359318361,-0.06166508642096695,0.32256119957976681,-0.88867430124336777,-0.32590222281425829,0.049645147198497858,-0.32794847320611092,0.94339024707775165,2.8042053838062162,-21.31274033805887,-5.1918608765154852,,0.4273092695298534,0.1714285714285714,False,3
0.68704016564704018,0.72652602089128038,0.011651255536214607,-0.71684510310984884,0.68033233025130102,-0.15258118679006288,-0.11878092833075984,0.096477258370649827,0.98822225722868895,-0.97800397215019108,-10.183204619682458,-3.1880245612204727,0.212850715637437,0.2120249455833898,0.9877551020408163,True,5
0.87234546442983896,-0.48872930206660425,-0.012532357726211862,0.48053719327076871,0.86187780912652712,-0.16202051727700537,0.089985535349518392,0.13531559938435297,0.9867078047685206,1.6235204084300174,-3.5446273984030103,-2.4455337666009207,0.2451069383335337,0.2139721510592645,0.9631236442516269,True,5
-0.15108680844953104,-0.97820908157258535,-0.14240705404386778,0.98107421803743944,-0.13073564377908115,-0.14283406508215979,0.121103901732191,-0.16129223222023914,0.97944814095012245,-16.428766645851688,6.2989506126969861,-0.5022167987718249,,0.3886848352964024,0.2727272727272727,False,3
0.99932766395133577,0.036114968357051386,-0.0063189494487374855,-0.036637529164593056,0.99017271528136663,-0.13496549695770191,0.0013825766814609466,0.13510626548348903,0.99083014967693872,-5.0384337672856683,-11.389388138767588,-3.3719930425640325,0.1730925252123361,0.2040453938318562,0.9891304347826086,True,5
0.87678166582106121,0.48081027392644898,0.0086827971771796068,-0.47508070735327662,0.86884880148387256,-0.13928417591654083,-0.074513300696971693,0.11799678235787872,0.99021438455136157,-0.40157452712982555,7.0177420285408578,-0.89284675709309036,0.2875814263485479,0.2552133485047189,0.9367588932806324,True,5
0.99903909017253345,0.035784678771701828,-0.02530519852607244,-0.031819914725645833,0.98925550695045095,0.14269209857262583,0.030139497907072991,-0.14174977507359018,0.9894435870389463,-6.4659909251014538,-9.0592704094086454,-2.9341463165523898,,0.2781948570319945,0.231404958677686,False,5
-0.17075300980854327,-0.97391294696559072,-0.14945561673661856,0.96669798053672595,-0.13624267466911719,-0.21664013484398847,0.19062639918841232,-0.18147039794909969,0.96474352581432543,8.3973566657193128,-14.402337318782452,-4.2872808496470016,,0.1796651486500184,0.2272727272727273,False,2
0.27283484030619981,0.96136002379707741,0.036715862511638435,-0.94809861992676447,0.27515765220001714,-0.15936521994694669,-0.16331000216782418,0.0086701257578824069,0.98653670591179088,23.683027399503509,-1.3017499195118623,-3.3094458868145948,0.2890476280584016,0.302280387746815,1.0,True,2
-0.5583026999291798,-0.82688308707735081,-0.067545951449495323,0.8181423836483559,-0.53523345226415298,-0.21016229836862177,0.13762679728153707,-0.17259638432720961,0.97533038135146777,30.528714311715984,16.87492413113392,-0.34074156537304834,,0.2969639609469586,0.5185185185185185,False,1
-0.74678157506217469,-0.65835972770733608,-0.094232415233716657,0.64673703982510367,-0.68583279743264425,-0.33371331301579038,0.15507572494081434,-0.31015454679697241,0.93795291813355142,-11.78520598534724,-11.008469429853266,-3.1879555171175986,,0.2384884251534984,0.3414634146341464,False,2
0.5197863778545192,0.82576620986387361,0.21893443777517538,-0.84017540019795489,0.54052573704694185,-0.044013912483056805,-0.15468490003579849,-0.1610654967300984,0.97474637083910254,-2.7531008461966597,-12.508884196223471,-3.5633555775023389,,0.3086878015223283,0.3482142857142857,False,6
-0.47627083256818026,0.85651239025382497,0.19887840351956942,-0.86561142514486245,-0.41695516642915431,-0.27724582926838892,-0.1545411100759051,-0.30419552023282054,0.93999049504066312,7.4133267911957059,-15.845857444250136,-4.4094043884386869,,0.704080787058917,0.5396825396825397,False,1
0.14233548454627054,0.98966398431838465,0.017487366355095204,-0.97537237470086935,0.14324364869666256,-0.1677199683354747,-0.16849136627543843,0.0068158089120816182,0.98567956468596241,7.3073879670233248,-11.80560774715846,-3.9079083816800808,0.3417757876485309,0.298134196388908,1.0,True,5
0.99891032451224138,-0.04646958378246839,0.0043291299280610457,0.045030228382675876,0.98401914307219396,0.17227479385931599,-0.012265484688911832,-0.17189212852992986,0.98503941750307478,-12.292443650633855,11.217983674978422,0.04814245369680626,,0.290339950586423,0.2307692307692308,False,6
0.32262163246499059,0.9462094122779181,0.024556676939331314,-0.93306211674052197,0.32228542271707011,-0.15977231489772137,-0.15909232718557423,0.028633100089887734,0.9868484062964894,3.8046399313097359,1.293403753816857,-1.8671344984187235,0.2895769248178343,0.2647119004300311,0.8320251177394035,True,5
-0.24182744115852994,0.96960349771444854,0.037263197965646186,-0.95553665136008803,-0.23128970068648455,-0.18290648502419726,-0.16872817373002141,-0.079838158647764168,0.98242387583642687,12.763110551581882,-5.8500812350611433,-3.4079994969287366,0.264345055577543,0.2456529816332574,0.9794520547945206,True,5
0.62059844606136405,0.78355636897487868,0.029949714274478616,-0.77342548193506166,0.61797002191484585,-0.14115975314543813,-0.1291146492065727,0.064439651251908661,0.98953369761054355,6.7869906232260755,8.9319886793443981,-0.76996412181738216,0.310769197455361,0.2776303592113226,1.0,True,5
-0.44063632497313754,0.89723987914203329,0.028288308386271097,-0.88367874078051278,-0.42800040093114933,-0.18954561428675032,-0.15796047672355829,-0.10851845962768039,0.98146433033162273,-19.039449267329207,4.7145718094144797,-0.59087808466476455,0.1662400451500069,0.1160940998535763,0.8055555555555556,True,3
0.5640050205713053,0.82443089678816417,0.047032256924632788,-0.81458008675828975,0.5648033148478282,-0.13212304035920996,-0.13549029126552961,0.03620651816963405,0.99011689664140834,13.624218960462704,8.4431654352920553,-1.0878304440692139,0.2647342886670163,0.2401693070924039,0.9666666666666667,True,5
-0.22532017577464072,0.93933536246271576,0.25861147541422963,-0.9688532211943196,-0.18803728948584911,-0.16113787122897844,-0.1027338998105148,-0.28686417446215667,0.9524466868228737,-4.6237452023493777,-9.1752918613506544,-3.0519060136192038,,0.4056036127362346,0.5,False,6
0.92322253962692158,0.38416087063766147,0.0089759565357522934,-0.37983525154932718,0.91586592330285188,-0.13005688068331417,-0.058183537235863489,0.11666205897175147,0.99146590460347894,-10.073590383373825,18.84061736622423,1.1989265347328362,0.2220300460504788,0.2381121140949586,0.7222222222222222,True,5
0.78181366639468841,0.6127568004868057,0.11531042665634415,-0.62146508805662548,0.78077871349157824,0.064542581953364569,-0.050483020564004291,-0.12212167709137148,0.99123042760960722,-8.8339726064060589,-3.7890536891841404,-2.0637711016259832,,0.2971054498288327,0.3580246913580247,False,5
-0.97053139906077746,-0.22482241746781997,-0.086739172471588133,0.24038277386138329,-0.87803974903141557,-0.41383852062314797,0.016879735419656497,-0.42249388128678755,0.90620858239556989,-7.0953343984584434,-9.9360485521641433,-3.0638084653138487,0.7909714009448878,0.6042539839907265,0.3181818181818182,True,7
0.28130419224861958,-0.9157101182438977,-0.28695457962733173,0.94394388163823606,0.31787506177652569,-0.089024678703767998,0.17273650378854749,-0.2458260044143355,0.95379855095957844,-2.4343557263993807,-9.3637053724068764,-3.0747184855403784,,0.4079446616505525,0.2288135593220339,False,4
-0.53264656066448945,0.84615583976651987,0.017548112186359485,-0.83477832481041447,-0.52184346516629121,-0.17556920655386832,-0.13940154173827343,-0.10816511772402573,0.98431068137490962,3.9794113124248067,-20.331333164679261,-5.0399098843628583,0.4328233485384551,0.3698714727780661,0.9775280898876404,True,3
0.98371040763921425,-0.17949988553477969,-0.0096760009969356839,0.17596229500728627,0.97253597583469709,-0.15235171952761978,0.036757375287966923,0.14816736077913648,0.9882789730443956,-14.676561194036625,11.902828172485554,0.219724809032561,0.2278681999418443,0.2169867174167429,0.8703703703703703,True,5
0.61327447899792875,0.7897038432906287,0.016194236685640871,-0.77871029776399314,0.60791703121591001,-0.15507145228554611,-0.1323052741432976,0.082490745236334415,0.98777051554711937,16.356523574802786,-11.901898009832026,-4.4904612265761505,0.2875165668648744,0.2669382912025917,1.0,True,5
0.35609399607218767,0.93384243544787748,0.033695277385971653,-0.92093884691917494,0.356826710782087,-0.15667271207079006,-0.15833100200693698,0.024758922214296399,0.98707562505325053,-20.026246015811292,-1.4638790736641636,-1.4524059802720417,0.2415250215243203,0.2143509842136387,0.8571428571428571,True,5
0.91519253794607192,0.40297158606234712,0.0060431212318620316,-0.39781537787308863,0.90568040851735587,-0.14658077212078532,-0.06454102273374912,0.13174558229493036,0.98918024542054506,23.675427954641439,3.8114968625348284,-2.3505872735312385,0.3065106435241057,0.2553984054771274,0.7727272727272727,True,4
0.99047604773638476,0.13571285912784703,0.023221083692554604,-0.13764014171421934,0.98028047271884156,0.14179346316038005,-0.003519978608047019,-0.14363918223614897,0.98962386545451164,-15.927904854901302,1.5372437466235527,-1.1612017293739509,,0.5738678220464808,0.2695652173913043,False,4
0.39665941466213844,0.91635962396067894,0.054280275741117504,-0.90366802627253928,0.40019369135835686,-0.15241098283806151,-0.16138589483775093,0.011403901596121816,0.98682548810607984,-18.93489151824441,8.7439757645728093,-0.091311051130148077,0.2397166159690309,0.2877371019615128,0.8867924528301887,True,5
0.653679202725714,0.74255476915965812,0.14599970795217831,-0.74737609480761458,0.6637418656887798,-0.029592374728918583,-0.11888007753191404,-0.089772771652791225,0.98884193713443458,7.8106660401125598,19.391951372324744,0.77111229243244339,,0.2282431463256195,0.3333333333333333,False,4
0.81126324070236766,0.58455801021385134,0.011995289905452441,-0.57717186379194252,0.80395294430118625,-0.14329097318529452,-0.093405534804036877,0.10932335543824337,0.98960790721562808,-4.6962117927357898,-7.9584242311702056,-2.8217168935860584,0.2455021445288998,0.2206135111562771,0.9072847682119205,True,5
0.88721245399482407,0.46135930560973132,-0.0012855363820803885,-0.4559368351581925,0.8763520003980606,-0.15533439330762885,-0.070538385453695895,0.13840073166578495,0.98786111050691816,9.3839962688081204,-17.229368782348612,-4.8449704241870055,0.2461884505229711,0.2703930216588554,0.9423076923076923,True,5
-0.046389029526356033,0.99861974774825846,0.024630415075850808,-0.98458461618167659,-0.041546488526967212,-0.16990298075507615,-0.16864516452594797,-0.032132362164715086,0.98515294233115513,8.3261680871012604,18.548390104385842,0.63529627773858632,0.3169116729122503,0.2612822604582751,0.9764705882352941,True,5
-0.29995201709187203,0.94581907575158164,0.12431839520738283,-0.94028181218489548,-0.27114696259050064,-0.20578979166186054,-0.16093135529412436,-0.17862138903940733,0.97066755290409612,-22.227657867572489,-6.010568504392511,-2.2049441656953235,,0.226918387302699,0.4181818181818182,False,5
0.83406735138656218,0.55144330834756305,0.015554132238717251,-0.54460916204447385,0.82757002617162334,-0.13612021304536107,-0.08793471423858118,0.10506250264006216,0.99057021789007238,-4.7917209550872935,1.4293677174110848,-1.5767877830664256,0.328180775249604,0.2884770573551904,0.9494505494505494,True,5
0.95235264623007643,0.30499848395229101,-0.00060166882526361057,-0.3017055336410846,0.94177767629491016,-0.14842027962144325,-0.04470132200415948,0.14152997286569072,0.98892419254041763,8.3443431450537329,0.50175762055150086,-2.157214860040459,0.296615727713035,0.2582965781760042,0.9606557377049181,True,5
-0.82373807276038435,0.55673587504162203,0.10724156342877274,-0.55738061046761378,-0.76054509148285265,-0.33301354161068164,-0.10383854082063226,-0.33409030106092352,0.93680372980537574,-9.8014838794760202,-10.228417052291423,-3.0479248681556248,,0.1616236387027772,0.3793103448275862,False,1
-0.49103609989216773,0.86928103487217245,0.056868541516864199,-0.85715916244341572,-0.47047708726789073,-0.20959360819267464,-0.15544040286229338,-0.15166341934523195,0.97613343779962836,14.623550230068922,14.126452102151433,-0.19744487781702558,0.3406855759774807,0.2726420879187813,0.5555555555555556,True,5
0.88940961797149853,0.4570683864152737,0.0062467271055222651,-0.45112810829427302,0.87989026403735815,-0.14925331875405123,-0.073715407932286023,0.12992926303187419,0.9887792601189459,-9.2870649969558432,-6.0448216461209032,-2.3890595143193591,0.2762459838002112,0.2387936687169838,0.992,True,5
-0.99405756538510015,-0.10062246875756531,-0.041529212390552225,0.10756980766931472,-0.8495527676142578,-0.51641924007238604,0.016682121526755349,-0.5178177418938894,0.85532829545226607,-17.750954820275091,1.354160348280927,-1.1309968672568977,,0.3305358905358535,0.4285714285714285,False,4
0.5160259092706535,0.85599054100760419,0.031582505709713951,-0.84451684099102542,0.51458131059622358,-0.14831513768867702,-0.1432081221297653,0.049862495831853038,0.9884357163040417,-20.035479880849909,-4.6947726894697599,-1.9854678365050558,0.1384897958686343,0.120110267190216,0.2692307692307692,True,4
0.51834767954340477,0.85347641825911824,0.053792997569892649,-0.84450361179948608,0.52077274230669246,-0.12493758653019246,-0.13464521071909757,0.019332727328383224,0.9907052603496439,21.044089915414663,18.089636426615748,0.18088984798714469,0.2254086302834792,0.2441604212469642,0.4615384615384616,True,4
0.93467794765637013,0.35549314292088474,-0.0013264618753456407,-0.35153428056308267,0.92370079028971708,-0.15231710214925648,-0.052922431481094712,0.14283373325087675,0.98833078515836259,15.73504558003434,-6.5691257803897853,-3.6987567185148791,0.2323890419444103,0.2570844258175404,0.7037037037037037,True,4
0.86373760785049603,0.50391506891919624,0.0051911560239278932,-0.49768074959283737,0.8545798764543,-0.14834792295163604,-0.079191011291776567,0.12555014167859399,0.98892160743664137,-2.5552286009295209,-2.6808116193012492,-2.1500087611622285,,0.2567459719179661,0.963276836158192,False,4
0.75360714126885608,0.65305863565593025,0.074770950400535358,-0.64986792933164916,0.7573073473788956,-0.06447678676963195,-0.098731712508082534,-1.0757552914367197e-06,0.99511408840598037,14.351948612823033,-5.9978706866795131,-3.519833940611274,0.5531525339379619,0.2302235561305035,0.2962962962962963,True,3
0.37528397597384167,-0.92459252112799184,-0.065502727053520393,0.91249244474774804,0.38093861520101846,-0.14914191136969848,0.16284801397481546,-0.0038001740635524896,0.98664384811417316,-18.579281137308097,1.3005943032922525,-1.091229521569073,,0.1275181693589302,0.375,False,2
0.95667780238836453,0.29105583920471323,0.0073539705065450017,-0.28816436421204339,0.95017669980224251,-0.11885090807894197,-0.041579822217510637,0.11158287331737098,0.99288487790206625,-21.754083007297048,-2.5199071222558977,-1.6394692353470213,0.1688987107154832,0.160627886266686,0.6666666666666666,True,4
-0.1458991529441174,0.96125551600458714,0.233883026577273,-0.97252981808579431,-0.096015597922814402,-0.2120536674748566,-0.18138133890839395,-0.2583966677538253,0.94885824652026851,-3.207249772079118,-9.0839927127068538,-3.0292412701437956,,0.4632798217790682,0.31640625,False,5
0.020403068395775579,0.99806282642909494,0.058773372375610936,-0.98522615074408459,0.030068959062438793,-0.16859801182366874,-0.1700386623389806,-0.054465146665241826,0.98393109571184012,-22.916643815479496,0.42134998507566657,-1.20751512660045,0.4320757974580446,0.0900633264422066,0.2333333333333333,True,4
0.68873496294545644,0.72464718782462423,0.023034843051037368,-0.71523586428934849,0.68430407465011445,-0.14200560500036619,-0.11866679927760043,0.081328879219596084,0.98959779918616164,25.322827373514517,6.8963322366085,-1.8988327871308879,0.1442263285278444,0.1656594590292512,0.2941176470588235,True,2
0.25254116159862627,0.96223779535874165,0.10159422661531883,-0.94892599772745201,0.26682305036314352,-0.16835946849484323,-0.18910952523703134,-0.053887707114475325,0.98047626309185476,-26.304322384099422,4.7524031386390213,-0.5262447705832547,0.4134927540911612,0.32568373778923,0.967741935483871,True,4
0.99416312391030814,-0.099116329236021983,-0.042610284388567829,0.10457980729735235,0.9823838016167824,0.15487133442508746,0.026509374993514474,-0.15842354496644462,0.98701531570574841,-7.2181835944787656,25.782793927341057,2.1634802807128506,,0.3964524479536909,0.1935483870967742,False,1
0.604763159654225,0.79580522933025155,0.030912096267700563,-0.78570259846947454,0.60252823193890659,-0.14011122893933131,-0.13012665938751089,0.060446395154715615,0.98965311388862198,11.757143034482951,21.186647557879226,1.0065894795600947,0.1665414763531314,0.1723446372222789,0.6896551724137931,True,3
-0.99569322967770035,-0.087675948059840511,-0.030131719263912018,0.092385861378980069,-0.91123239185577831,-0.4013980326933122,0.0077359544501596662,-0.40245304839770507,0.91540794121754243,11.851154929153573,-13.947340004893086,-4.5825762046214908,,0.2431974553012583,0.2222222222222222,False,1
0.29191419194209273,-0.95508224785941831,-0.05102944607377858,0.94302370242084821,0.29631461041785617,-0.15134050457623732,0.15966339973604193,-0.0039435360674987714,0.98716363755357894,-28.076965617238148,8.4269938437382557,0.086046548835637976,,0.1896965172874552,0.36,True,2
0.89521853945670493,-0.39677413903838432,-0.20286460806004186,0.43771110662853541,0.86834327548476309,0.23321437145771365,0.083622686796277101,-0.29757392108641256,0.9510294463065958,-2.0018043235387415,-11.118259143154015,-3.3365204457135942,,0.2995875500319015,0.14,False,1
0.91456823538246834,-0.37589234360490786,-0.14923099158220302,0.38455275450892157,0.92251045089897066,0.033070333862515261,0.12523626403322097,-0.087632265755183542,0.98824919133263822,21.557898470094301,22.354580566036649,0.89431212152969763,,0.3258746102903663,0.148936170212766,False,3
0.95279345435428509,0.30358719358654446,-0.0044101281020883926,-0.30200920981094798,0.94614719059060703,-0.11660159058464752,-0.031226119339384736,0.11242913157962708,0.99316897849422126,-7.6443619860857268,22.471020009793797,1.6447565506844686,,0.1730203714789773,0.2592592592592592,False,3
-0.96776186941826692,0.25185113776934898,-0.0028228539364353947,-0.24645207471490249,-0.94920800243095682,-0.19561580455002325,-0.051945538487748105,-0.18861381848983713,0.98067654632192602,21.161154149306935,12.108053612699317,-0.78210301337309995,,0.1370741051157328,0.1052631578947368,False,2
-0.16557796151714579,0.98460857564823279,0.055945432519418761,-0.96958230878116136,-0.15215726488518705,-0.19172457651863822,-0.18026115820780347,-0.0859890661806329,0.97985294577245785,28.790882251996145,-3.1378612398723411,-4.0219478789965377,,0.2434416962629981,0.9166666666666666,True,2
-0.73723758057065936,-0.67382741605710872,-0.049369658335061739,0.66667931502979494,-0.71366498002282241,-0.21499066770543185,0.10963320986691821,-0.19141292970649715,0.97536744339528347,-20.007382653210662,6.7901463293867028,-0.31844673246154964,,0.08715937698406481,0.4444444444444444,False,2
0.51240807734310112,0.83431469922968893,0.20336406989146433,-0.84675415125806908,0.53031444171216169,-0.04211888221148069,-0.14298730573296717,-0.15061731494350819,0.97819683849337524,-22.988522655794494,-10.790615066764515,-3.0033207205347408,,0.2982101990270734,0.2083333333333333,False,1
-0.87189545369550303,-0.48915860341890971,-0.022851225927199386,0.48228636154798815,-0.84968925465834899,-0.21313853706672437,0.084842108000196786,-0.19685535608512741,0.97675472125333551,3.3864678384319329,13.585932449258683,0.059430573063686432,,0.5706521013594069,0.4951456310679612,False,2
-0.2721859128140256,0.94349277918805963,0.1890402192275141,-0.94762501376194952,-0.22871117035910074,-0.2229305583486354,-0.16709776227783421,-0.23981779786529875,0.95632931653734132,1.7453832028806207,-19.926243391136808,-4.9342355759527647,,0.1542399370932954,0.2727272727272727,False,1
0.99555665791726622,-0.093079059215807489,-0.014255862376729125,0.091011965145682952,0.98998131233673525,-0.10795287594296257,0.024161189476617901,0.10617575033658057,0.99405379480365097,15.115638165029958,-14.278661313122871,-4.6978599890262833,,0.08671498173721415,0.2307692307692308,False,1
0.83645262197664971,-0.54539848997106422,-0.053735447571157446,0.53870869235282293,0.83626575774383327,-0.10223760173558898,0.10069734838565123,0.05656915734228591,0.9933075930776345,-14.746598955895482,14.370715482573107,0.68750134660406514,,0.1358892120215466,0.3333333333333333,False,1
0.97312259814760327,0.23027624726973278,-0.0022932330511290094,-0.22811859581649058,0.96254545778983869,-0.14652012807413564,-0.031532764185374845,0.14310517681592599,0.98920503089668477,-21.465753124371187,0.54925819965695255,-1.2001729803125225,,0.1689159064509039,0.4722222222222222,False,1
