axis_00,axis_01,axis_02,axis_10,axis_11,axis_12,axis_20,axis_21,axis_22,location_x,location_y,location_z,dbh,dbh_approximation,score,reconstructed,number_clusters
0.40150842829492606,-0.88705865314382926,-0.2278550589536954,0.90260079623838252,0.42542939205469926,-0.065739143634560071,0.15525071541856009,-0.17926733740038256,0.97147333319211637,10.759053547481788,-1.2373220899472852,-2.2470090048310447,,0.2782459238521921,0.3272727272727273,False,5
0.95848876900489255,0.28479474044232916,0.013828792712026999,-0.28029354796331751,0.95001615807334705,-0.13749482306506575,-0.052295378970051987,0.12791112233087712,0.99040594612635202,-9.1561882682345335,8.2399239464809746,-0.8569144634278596,0.3113917043733815,0.2900728354595835,0.7833333333333333,True,5
0.6240939447826388,-0.77319892186486694,-0.1125618732637825,0.77105317833134857,0.6327556600875357,-0.071395173592564809,0.12642683366584043,-0.042233894613144869,0.99107646217385026,12.005080179781141,17.645288864397777,-0.35747537369033644,0.561047719693902,0.2396379900126535,0.1875,True,4
0.92283658831746984,0.38246755025803902,0.045729686880468468,-0.38478085162277709,0.92081452675880826,0.063594838897516132,-0.017785597741479447,-0.076283552025092627,0.99692752605363022,7.4898275244978647,-7.2990373303148708,-2.9431943605496067,,0.3984885103281017,0.33,False,9
-0.13749461518545539,0.99002635571451669,0.030709050549238805,-0.97536538580593757,-0.12992879086967607,-0.17827190882126456,-0.17250389840996894,-0.054463972438448714,0.98350194750167408,21.51766298772278,-9.6621468442966965,-3.3550928510274844,,0.3174169430129356,1.0,True,3
0.84476365566445277,0.53489482661859,0.016183032011915066,-0.52662760371065942,0.83631880641050005,-0.1524277568361018,-0.095066992581014961,0.12024299772038993,0.98818211298364211,9.2399455712966247,8.9698799374945164,-1.1245402171901335,0.3052319971475251,0.273111960021307,1.0,True,5
0.93263397412124283,0.36068657616253641,0.0099530945420918081,-0.35589487568081291,0.92408759806522212,-0.1392872878843846,-0.059436586198701929,0.12636180149948614,0.99020199320282543,-16.302808982911554,8.8338726100390446,-0.70357607876987904,0.2721233763923791,0.2749583030720553,0.8387096774193549,True,5
0.83885005759972908,-0.53703473239106914,-0.089018408605096605,0.52421308437844583,0.84100579199351966,-0.13382787452466371,0.14673521401275036,0.065596905712124995,0.98699839054054539,-7.6026975372234542,-4.1176408430983908,-2.3122732096253453,0.3061460914497404,0.2337215125352375,0.6623376623376623,True,8
0.92589444643757146,0.37749406008279585,0.014754953685772114,-0.37149648561097637,0.91688909586334166,-0.14596145746599526,-0.068628239338893962,0.12966348942208178,0.98918023851881165,16.510510839099052,0.55775690798204203,-2.0478950372711231,0.3103836690859045,0.2698141957737117,0.9326923076923077,True,5
0.99396556513537282,0.10783807737139214,-0.020084929523434672,-0.10806825157736497,0.99408537975175881,-0.010747593442908904,0.01880713497933818,0.012853281006978424,0.99974050875275899,-1.8653645029687334,-8.9716332905023553,-3.0384599681745561,,0.2639721706863488,0.12,False,4
0.11025097050906088,-0.97901910184254404,-0.17136604602204772,0.980955026926846,0.13492573976305794,-0.13972215248966235,0.15991234676773111,-0.15269788137630447,0.97524940316537856,4.476952337644958,-4.4565124201297639,-2.5847100758649768,0.4761991473509252,0.3700951089379694,0.1650485436893204,True,5
0.55692627723543264,0.82552169085868776,0.091362244097298165,-0.81839483874555519,0.56419703381977993,-0.10914025354376786,-0.14164395376901157,-0.013987313922778502,0.98981884474377768,-1.4438650376292081,-17.364112885515404,-4.0742325989795258,,0.1488128428242444,0.3043478260869565,False,5
0.20365209162101111,0.94476721201477576,0.2567892923784309,-0.9644424518031236,0.23872018941852954,-0.11341705481963998,-0.16845350319410743,-0.22456087429872837,0.9597894722259791,4.1536058975167212,-4.5615189220183119,-2.6107312351976493,,0.4072289888383054,0.25,False,2
0.96947766827350423,0.24511144748128852,0.0057817845513144246,-0.24111216519093859,0.95740679689038333,-0.15886204412959998,-0.044474425414026804,0.15261914552809214,0.98728386085379127,7.478373639911803,-5.8384304959613935,-2.771165963866185,0.4152609736131049,0.3516460225226435,0.954954954954955,True,5
0.843561959368057,-0.53674314259940481,-0.017607372877244273,0.52871278309834058,0.83579653319132707,-0.14800995944112971,0.094159511975850235,0.11554632827516807,0.98882912190458638,-8.1344090354695453,20.326247495930506,0.65711112173667718,0.3176489973429452,0.2655733965845254,0.9591836734693877,True,2
0.8031776545103535,0.59500599349835148,0.029555422451483179,-0.58634727636871531,0.7983162360909003,-0.13743383385704658,-0.10536852846194399,0.093054042871314399,0.99006990577184339,5.6222911149845913,16.081234315542563,-0.16423255809835791,0.3511231751359448,0.3126231540075984,0.9875,True,5
-0.38415094018527873,-0.91959722047598047,-0.082273976733941351,0.90901716713323866,-0.36111829180995686,-0.20804174864031585,0.16160397585402406,-0.15470789059744014,0.97465359157757281,10.885329672210654,24.074081109645448,0.22606321731990589,,0.265436435901837,0.5483870967741935,False,1
0.87197034942007612,0.48790246488668537,0.040235487939486635,-0.47967748938644339,0.86790948955263458,-0.1290062948867432,-0.097863251060601592,0.093189606190731383,0.99082717029251244,-17.223373135792787,12.88437023979073,-0.17965209217194411,0.2386688004462398,0.2411281730538961,0.8448275862068966,True,5
0.97501774930960783,0.21367142444566106,0.060703467006333292,-0.21081379882864562,0.97623689029576055,-0.050190399969501948,-0.069985218115415082,0.036139402333538358,0.99689318025770057,-5.400468804761255,-4.1320393772535366,-2.4396380691196193,,0.1447136781841142,0.3508771929824561,False,2
0.93895427181173707,0.34351474125690995,0.01903937986622966,-0.33827358628963589,0.9318878745418705,-0.13098080050368252,-0.062736403030781429,0.11654446285017336,0.9912020641189796,-10.348738446803273,0.83731340003192178,-1.7374957790415626,0.3046663984458709,0.2909597899084813,0.9871244635193133,True,5
0.97161910728800893,-0.23652070899506272,-0.0037768464789272932,0.23340212610409686,0.96116007511115398,-0.14729140349120129,0.038467621227985853,0.14222961797316858,0.98908593048747084,-0.94481244220496596,-8.6537929476485633,-2.9877006043809078,0.3573056978747004,0.3106169974911664,0.9898819561551433,True,5
0.96544030477449583,0.25998012437124701,0.018312641776653496,-0.25606170465305783,0.95928455864040252,-0.11918699158993576,-0.048553283381243109,0.11037875921571216,0.99270293048167291,-7.8830716317578888,16.781257468799271,0.15204932760268366,0.2647043325196497,0.2263533402285236,0.2727272727272727,True,5
0.48248021081882703,-0.84410422657642836,-0.23388223712806716,0.86839824318866077,0.49586409924994607,0.0018128160102170859,0.11444359918784171,-0.20397757168583269,0.97226324257069574,-4.8082244642262042,-4.7474732260805466,-2.5299548585917977,,0.3584100811865586,0.1529411764705882,False,5
-0.99612265754209162,-0.087954518043178137,-0.0019115143400310853,0.086182406639797371,-0.97122775611815249,-0.22201179818079581,0.017670424925635184,-0.22131572131570329,0.97504210554286153,9.8590407859959814,9.1603322754896386,-1.0790502890405282,,0.105616659445925,0.2307692307692308,False,1
0.18763810838048425,0.9821902222662372,0.0097112083693663351,-0.96723545996305693,0.18648448976427284,-0.1722762318702514,-0.17101902020958787,0.022932561173110547,0.985000808306569,-6.8807896600238418,3.4773600034104954,-1.5235086683980197,0.2335053529923053,0.2103307043792299,0.991701244813278,True,5
0.99999415888988408,-0.0020351499625145182,0.0027459699093235019,0.0024089569507095721,0.98959908198583613,-0.14383272874836148,-0.0024246881289066782,0.14383850352885419,0.98959820421727562,-1.1724853367648689,16.5368214890198,0.0035703225311359307,0.244776648715971,0.2474263797034607,1.0,True,5
0.72655793546999758,0.6865891957887299,0.02662409870324637,-0.67624824832550468,0.72140155380830551,-0.14922501398776758,-0.12166294851869094,0.090416117972118237,0.98844476455115615,-7.7874573818865409,-0.39644841636780714,-1.931640107123056,0.2784801123680403,0.2392678649898775,0.9696969696969697,True,5
0.9226666914297218,0.382241560385573,0.050769735474318976,-0.37698389692141232,0.92187602808040525,-0.089597602158997466,-0.081051329341819023,0.063529350419300731,0.99468321773679558,10.372151824088029,9.2727601595927496,-1.0676940004949838,,0.1764956846162646,0.3055555555555556,False,5
0.90895735194799865,-0.4164131470084303,-0.019915404545657295,0.41096598540444756,0.90304411967336096,-0.12497310416211826,0.070024932561431982,0.10541066797008622,0.99196023100619646,-5.5395102839253969,11.092121852420485,-0.62206398474266555,0.2671003451846821,0.2399233142671937,0.9903846153846154,True,5
0.70774164777083992,-0.67717776253379902,-0.20132570114204165,0.69486526378351687,0.71869329708625229,0.025341860830569191,0.12753048732628763,-0.15782972677227255,0.97919648291306172,8.5034622324837787,3.5116450789105138,-1.651033299982158,,0.2246171557428236,0.1585365853658537,False,3
0.70523091296352713,-0.70831981032318647,-0.030535318965986349,0.6973922046460489,0.70081728016667522,-0.14999750904167253,0.12764588634011245,0.084487786830454131,0.98821472442831881,-6.7580394578065279,-13.522381849127974,-3.5740483167760915,0.3210503091266811,0.2610638058213018,0.9928571428571429,True,5
0.50851143727462556,-0.85979959324804123,-0.046484165168339149,0.84787312565111383,0.50940648800263755,-0.14702446320061505,0.15009090898353861,0.035350946682112715,0.98803999393201358,-12.35482508877204,10.862136962721808,-0.47488232140449438,0.1818510999189678,0.2191815083881371,0.9393939393939394,True,5
0.68145849560380145,-0.7252754526005144,-0.097927711218646837,0.7168149600032967,0.68843947671901629,-0.11057757462668082,0.14761650275248925,0.0051579792522062941,0.98903122466642002,2.0819713787264709,-20.871729854386771,-4.6029731635280084,,0.281767569147215,0.303030303030303,True,3
0.42644146246765119,-0.90430953943694825,-0.019285641596353438,0.89164551051520269,0.42386231144072822,-0.15908810300649376,0.15203934578434822,0.0506458075604998,0.98707600493072967,11.983880478305988,-16.354076091509871,-4.1248360608475263,,0.2491312309023049,0.8113207547169812,False,2
0.27961992041932293,-0.96000269017252227,-0.014406073934663362,0.94539310362992168,0.27791973490714794,-0.17027184311601332,0.16746515970098094,0.033991996273537599,0.9852918169129713,8.7172722903508202,0.23414824579465965,-2.0778944305211113,0.2861550306805855,0.2776216226308328,0.9936908517350158,True,5
0.59404086548700552,0.78366371084612785,0.18162224102329749,-0.79392746280541171,0.60751578488571512,-0.024571424827511887,-0.12959411226907586,-0.12959845453387553,0.98306134429526826,5.98674234729258,1.2394269793186967,-2.0263969346351276,,0.4609667190085132,0.403921568627451,False,2
0.57514385120638978,0.80460316042618119,0.14772712903079938,-0.80573457472105858,0.58839009130019915,-0.067741387340514117,-0.14142611328378021,-0.08006781308330703,0.98670552840728476,5.7652239841776725,-7.1677238566774113,-2.9036185074306791,,0.1945719721101913,0.25,False,3
-0.4866268714401728,0.86131837699129321,0.14603061819164623,-0.86047970530244,-0.4436968615011776,-0.25041519893295494,-0.15089388574417442,-0.2475151481244931,0.95706179878518527,5.4355923260818599,2.1226277474227269,-1.9085916713535482,,0.326415366333865,0.2142857142857143,False,1
0.85438312228840352,0.51955279534892074,0.0097145866531916959,-0.51135004817275886,0.84392684214723057,-0.16219930128431859,-0.092469500822903145,0.1336127911112055,0.98671019730670517,17.220359066835947,-16.022921413291233,-4.1379612568726118,,0.237602318750721,0.9782608695652174,True,1
0.94151329724841548,-0.32731214915236195,-0.080121583369783728,0.33284691124780702,0.94041400073161197,0.069530143828130386,0.052589397954471435,-0.092131776522695705,0.99435712446663782,6.1564730332445219,-0.67405253564197642,-2.2517348943156823,,0.4954674528284093,0.3430232558139535,False,3
0.87576719379279289,-0.48272283893262091,-0.0032377537165500713,0.47586559484250246,0.86441514967110966,-0.16229104924260584,0.081140359387234268,0.14058844117460517,0.98673762079217708,2.8009457231871546,-16.483823289740908,-4.0188506961610244,,0.2876718661843706,1.0,True,5
-0.92178702951005043,-0.38464869698848903,-0.048518575124321339,0.38536312275845069,-0.89532586156747818,-0.22335367744075235,0.042472765919963261,-0.22458179247995613,0.97352918941426569,-2.238943702972036,23.395871775495504,1.0025786594204342,,0.2299669236569293,0.6888888888888889,False,5
0.83071079191227715,0.55643339244145684,0.01736260281665003,-0.54785683725433632,0.82264928690688377,-0.15199025174421762,-0.098855784222030715,0.11674772172375231,0.98822947911816528,13.147628962308744,10.400397062909679,-0.97607296154116474,0.3010151257846689,0.2685649585469053,0.971830985915493,True,5
-0.32784746068654574,-0.93122695891373974,-0.15916153276985606,0.92632730064039448,-0.28377477018516023,-0.24776927148990469,0.18556339781773321,-0.22866619951060926,0.95565579294624192,5.8187252205023867,1.7592530005508447,-1.9406934236609834,,0.640906290676512,0.3494252873563218,False,6
0.92614569818057502,0.37673508171551479,0.018022872868070205,-0.37090784350702882,0.91840693532408435,-0.13768105451944851,-0.06842161476156268,0.12082789145485526,0.99031262906215256,4.7371495443405953,11.998253864313323,-0.74340057987148678,0.2838743371926946,0.2716660672609977,0.9380530973451328,True,5
0.87313370263892431,0.48721769444156604,0.016014229269230976,-0.47974219110080984,0.86463940903463976,-0.14915134066451927,-0.086515706052928742,0.12254636088955968,0.988684692932428,2.2731300432396919,-2.7310828540248897,-2.4398342376582285,,0.264140468784068,0.9685230024213075,False,5
-0.32576957935398737,-0.94456995909461949,-0.040764856721396986,0.93167181481616512,-0.31338985561323457,-0.18377820294003927,0.16081607707154277,-0.097848815908553169,0.98212208944744461,18.653944672887793,9.6694069542535726,-1.1329120739113974,0.2724373744127304,0.2141286279884884,0.6923076923076923,True,3
0.52583717693957854,0.8502606436990634,0.023496832226217467,-0.8378198262696297,0.5225157784990434,-0.15822515580357138,-0.14681008840587279,0.063514557354918871,0.98712344666017671,3.1545362451302701,2.2643374837531032,-1.8451296281905647,0.3505017773525696,0.2975820566547332,0.990909090909091,True,5
0.41315282742437004,0.89717959097516964,0.15612021883432536,-0.89360050226377863,0.43243972321767787,-0.12030805516399211,-0.17545051594444744,-0.089803492810953747,0.98038382745421793,-6.8344224073044586,-5.0850888608906848,-2.4709824923814163,,0.2278258980147908,0.1917808219178082,False,4
0.96642322151404225,0.25649410443421317,0.015392573173782113,-0.25282864380209469,0.9598870661904797,-0.12122086055389265,-0.045867567971419346,0.11325897117104566,0.99250620736480155,-5.4497293820121389,7.4232350193705949,-1.0591098452624286,0.277157317434775,0.2471835990928651,0.8957055214723927,True,5
-0.75429271910047446,0.65379410101840674,0.05996471783929793,-0.6468317196696286,-0.72438739722622525,-0.23847772468104117,-0.11247764373974239,-0.21866909295405396,0.9692949022074796,6.2491181439687189,1.7513558595701118,-1.9706639952499523,,0.5990799670765561,0.3413793103448276,False,1
0.94495468034003616,-0.3191950410650034,-0.071938709072169149,0.32319736933260246,0.94484223799570211,0.053071703908558643,0.051030506169787965,-0.073400756527321614,0.99599609255321442,7.5763899205988281,4.1458666880295336,-1.6033083610953651,,0.3857584092641493,0.4228571428571429,False,3
0.99816663677214845,-0.060516165830863798,-0.0010765259442458903,0.060009697355623601,0.99181734144958833,-0.11268184158575302,0.0078867901115540241,0.11241065284483347,0.99363053680366242,2.0628157553899182,24.717475988456403,0.9446997581921226,0.28750214057908,0.261176279538365,0.9259259259259259,True,3
-0.81857995809621731,0.57406126388370671,0.019506858061623493,-0.56644986222498483,-0.80116676005724596,-0.19304501072203634,-0.09519141656940841,-0.16907243384897733,0.98099597671136896,12.300335648873208,-4.8783333189132492,-2.66553690443408,0.2969830258451284,0.2599582675357256,0.9787234042553191,True,5
0.92412947066472884,-0.3742372640463989,-0.077014230165571615,0.37498764407020685,0.92701619851290007,-0.0050233942079963012,0.07327338018411271,-0.024237118099292403,0.99701733879739363,-7.3300973302204229,-7.5836341885859326,-2.8069968792141347,,0.2870466688773314,0.352112676056338,False,2
0.71626766526391616,-0.68916843951211915,-0.10957870996598286,0.69127469093674132,0.72220701994079961,-0.023586479570769495,0.095393570892861393,-0.058854756211031485,0.99369823603730356,12.328379051170954,4.2850950654721434,-1.544458948975598,,0.2337629467542695,0.2083333333333333,False,4
0.16798405806600036,0.96808518271496746,0.185990417074124,-0.96538058932922499,0.19974456351306286,-0.16775704782015674,-0.19955368696678344,-0.15137102878260417,0.96812454656581182,3.410492118799489,11.29567861342783,-0.81256884151866093,0.5067545730590165,0.2404879907264207,0.4230769230769231,True,7
0.8186551974575268,0.57423073713473693,0.007920113981095489,-0.56524183538906214,0.80812470091305311,-0.16563856827500029,-0.10151519690066596,0.1311240950545875,0.98615472239113344,-2.7586438527626544,-11.135603844153689,-3.3102272599609579,0.1934011982166194,0.2354569602389033,0.905,True,5
0.99138217335515921,-0.13099297937979093,-0.0014918802923431802,0.12926552097753,0.98002935097237698,-0.15110558003948593,0.021255856604917325,0.1496105296624117,0.98851650364276844,9.3040722836815206,-14.357072693358804,-3.8977355032724148,,0.2852957302650819,0.9754098360655737,True,5
-0.82802008522864601,0.5426438680003165,0.14113954435097617,-0.55276164431033425,-0.74781070953076478,-0.36774135923285833,-0.094006930793859841,-0.38251375822674644,0.91915500419133289,-5.2176882163386766,-3.7246972697918248,-2.3977353551395688,,0.6491374759604246,0.5064377682403434,False,7
0.95357115312690166,-0.2996975149460494,-0.029722978642687897,0.29858394027594082,0.95367476996388711,-0.036770419410453573,0.03936605814054385,0.026188407158314643,0.99888161500599537,-1.0990839549138838,-7.3879163746914731,-2.8528956746554615,,0.2432939269230893,0.2035928143712575,False,5
-0.48408660425518596,0.87206013411316763,0.071911626815202204,-0.86080176462400559,-0.4598546635124508,-0.21806882048117338,-0.15710022788297442,-0.16746585006017387,0.97328038481351442,-1.958410585803724,-18.428084224979226,-4.2573633056786315,,0.1105121644195228,0.3,False,3
0.99967556249216749,-0.025392824814249145,0.0019935405498336545,0.025400878165163631,0.98806496409035538,-0.15192900356931796,0.001888159000055054,0.15193034978265593,0.98838939880520404,11.089922779526308,3.8559980297020204,-1.6244604409934464,0.3539812525995043,0.3113542660466552,0.9565217391304348,True,5
0.4144173414649639,0.8600057431956688,0.2977387928429493,-0.89062048260194893,0.45053895555836682,-0.061723621849721584,-0.18722559403826966,-0.23959292809855892,0.95264988623427438,-3.1772378401402208,-5.6836516142217617,-2.6279161791965655,,0.5065623168622649,0.1875,False,4
0.71588533640159868,0.69477007316510175,0.069301735615565643,-0.68571399007298339,0.71829335306356723,-0.1176901982447424,-0.13154660369374446,0.036731517513675774,0.99062923774628431,9.3114415780980497,-27.904916508665675,-5.6076252020751909,,0.2096652523774235,0.9743589743589743,False,2
0.75781138957746108,0.65172626554533186,0.031221348866017528,-0.64225872181461485,0.75352681723416404,-0.14036050000626349,-0.11500274813992527,0.086314601935517182,0.98960808273426015,2.2626085332042321,10.25509506858708,-0.89966203112868759,0.287884391779141,0.252399269301489,0.9622641509433962,True,5
0.98240616187816054,-0.18663079793983023,-0.0068613675141337661,0.18431860218536733,0.97484276418891835,-0.12533250973686624,0.030079660773587109,0.12186275217986675,0.99209106620254084,-13.03391569524169,15.476315410480266,0.1684674237946017,0.2769064556059744,0.2894414918340051,1.0,True,5
-0.48672638783817496,-0.84883412629658417,-0.20634449209106262,0.84932743952491974,-0.40459119545703925,-0.3390410963713526,0.20430448808591434,-0.34027428729329512,0.91786332618478317,16.270510421605163,-1.6098099708999283,-2.3153711800018124,,0.2300898221333849,0.28125,False,5
0.7807621659331837,-0.62447861734553778,-0.020902074670456482,0.61562654085297186,0.7745533852515345,-0.14515858773352738,0.10683820685844654,0.10046646143660723,0.98918758973294774,-5.2615413640999913,-6.6943990432290006,-2.7480249797916123,0.2337713890247346,0.1880936198876953,0.8571428571428571,True,5
0.6765710427046876,-0.71843305853297268,-0.1615721652403386,0.72542036163423695,0.68797221417706633,-0.021436684602770636,0.12655798315375374,-0.102704298484845,0.98662804742860977,26.825690777098433,-10.145778724203639,-3.4179643281114513,,0.3799975721119319,0.3448275862068966,False,1
0.99956117694751456,-0.029589422644684824,0.0013854987743771039,0.029482408002949517,0.98923437894192168,-0.14333921702638805,0.0028707416545562686,0.14331716431378544,0.98967264752311301,-3.5323051079642629,-2.8634809575607827,-2.288114667601354,0.2403830195946606,0.2101002519212097,0.9386401326699834,True,5
0.7716793558125411,-0.63579869628237673,-0.016461762310604415,0.62645866727341037,0.76430303065936822,-0.15293925435586123,0.10982035335384456,0.10770745160170857,0.9880984742720238,9.0677176976868541,-21.517997875697414,-4.8496600295910399,,0.2943005131713304,0.9764705882352941,True,5
-0.34242946221371906,-0.9324339346695748,-0.11536472981219222,0.92166458728199974,-0.30953126852870361,-0.23393328611660785,0.18241834326165293,-0.18643323544805152,0.96538396338557797,-6.4462182222028463,-17.479021917075901,-4.0939799979789271,,0.2609056414824655,0.2777777777777778,False,3
-0.92853037071160127,-0.36942799438570678,-0.036800918878882913,0.36519393543877648,-0.89102878443567735,-0.26963140548871067,0.066818711338326647,-0.26380042128706516,0.96226015065773751,18.531466250065865,16.584265534527702,-0.66507372331774828,,0.1784936591769365,0.375,False,1
-0.57651352392563715,0.76239844953548752,0.29390604089866734,-0.80474257171102315,-0.46750886594458713,-0.36582079429569808,-0.14149752650408112,-0.4474193384388872,0.88305967271987684,-4.706831369479854,-14.140275923064969,-3.6932904205017381,,0.487164798516778,0.225,False,2
0.72802303936000512,0.60544958012575889,0.32157932160909064,-0.67478171049254065,0.71567983056793805,0.18019995367093911,-0.12104584811459511,-0.34818556265846201,0.92957770875297396,-6.4773962825695532,-10.240554921117749,-3.1837026979115843,,0.6435405230420386,0.3214285714285715,False,1
-0.6443399021731403,-0.74477940310624224,-0.17357917840633164,0.75221051082090695,-0.57632425009023402,-0.31942089187853601,0.13786021136665166,-0.33638370868197315,0.93157960618258662,10.356927999614397,6.5640564504187591,-1.3276951702180106,,0.2406612858827732,0.2444444444444444,False,4
0.97921646944846941,-0.20255740159089894,-0.010276430392758822,0.20005693165656899,0.97297759597487965,-0.11529016361815884,0.033351612510233518,0.11083815584755233,0.99327869862958396,-14.928199022096214,1.8992594639336051,-1.5332871759215241,0.3228623093458323,0.264905520907746,0.85,True,4
-0.031006444842132542,0.97144478624477804,0.23523100912951644,-0.98704863851559888,0.0073005614269395364,-0.16025506858553856,-0.1573962692783917,-0.23715338724270918,0.95863688920078349,9.1462321293204365,-2.7195708066870967,-2.4145336640559121,,0.3842211935469793,0.2416107382550336,False,4
-0.016342329021097037,0.97191374865297397,0.23476923448673992,-0.98401931735366099,0.026004420097956414,-0.17615264179172557,-0.17731021221858936,-0.23389620628537924,0.95595693068689336,8.75375909307391,6.4672103282449287,-1.3942511496044969,,0.3719668759548413,0.3333333333333333,False,2
0.67518458427270656,-0.72456910408984054,-0.13829457892100819,0.72974447426206901,0.68347809533033776,-0.018185034715135204,0.10769762970682989,-0.088641449683882031,0.99022417358569403,-13.493321875315578,-4.549205828210809,-2.3437414373763441,,0.3866741322279182,0.3333333333333333,False,5
0.99911638105832534,0.040929412509523484,0.009551978462102529,-0.040900636517169124,0.99915813037416534,-0.0031887990988769821,-0.0096744526152965655,0.0027952994164938422,0.99994929434835156,-3.1204318504359785,-14.729022901311502,-3.7523544689666881,,0.2150557330372784,0.1666666666666667,False,1
0.80095261167412157,-0.57835134336548488,-0.1548697435903568,0.58992252849912552,0.80651379025918224,0.039075778827375285,0.10230505472166133,-0.12265899783182109,0.98716181349831944,8.8072919409380148,4.3711862496527907,-1.5874101584934877,,0.2550458242715529,0.303370786516854,False,1
0.28896234551558742,-0.89415521718154001,-0.34203393173947577,0.94434559674585439,0.32489382585189491,-0.051530532988078442,0.15720100756943978,-0.30810785369794241,0.93827362411441628,-3.440600693501823,-4.1244676154485171,-2.4365534345096944,,0.4563226388866304,0.1928934010152284,False,3
0.96780911237709233,0.25122697044740383,0.015183257874520063,-0.2491574685339453,0.96487223560590685,-0.08331941448795524,-0.035581988050429683,0.076854266483253525,0.99640721788318076,13.538908446973782,-26.291940672436976,-5.5234336404654716,,0.2960660757477841,0.8636363636363636,False,4
-0.25351924536975939,-0.94368683429883227,-0.21256328704222552,0.95245980150972254,-0.20513857356177001,-0.22525206357567951,0.16896247729956912,-0.25956371936017969,0.950830351249213,19.878943214608878,-2.5201998337308766,-2.4256023327508647,,0.1925242617706553,0.1290322580645161,False,1
0.79522639047877197,0.55498780533967107,0.24413832925282167,-0.59672210973709605,0.78773097668550029,0.1529791885225476,-0.10741374044791895,-0.26733582680659068,0.95759795533857739,-1.630517611382065,-6.1782685972717806,-2.6780153366797737,,0.5449909253522606,0.1928374655647383,False,1
-0.63865874029550218,-0.7410207636029672,-0.2073722289831455,0.75747622534446535,-0.55799233094302325,-0.33893115325486489,0.13544290857059862,-0.37354087663607483,0.91767229009047102,-3.6485329533292892,-9.1255713611640985,-3.0522468293097504,,0.3046159293158351,0.3947368421052632,False,1
0.98321181375935873,0.1819082193917454,0.014280371205171963,-0.17925532979150199,0.97755973248595573,-0.11065485151283444,-0.034088942860885728,0.10623732460727828,0.99375629549448186,16.57081257410757,22.728328191898189,-0.20859280176489522,0.3937419505735779,0.3389924694409753,0.7894736842105263,True,1
0.0088127842941599973,-0.99814280027637714,-0.060276737547875256,0.98248800273816039,0.01986246223756917,-0.18526415484232284,0.18611732672850115,-0.057588478450919051,0.98083836988626383,-12.136439433549342,-6.3645628971745394,-2.5964993935365661,0.2104195461658033,0.2347726157691156,0.3846153846153846,True,2
0.67625235360804781,-0.73600848676279307,-0.031213164734115579,0.72566773950728725,0.67284970868549931,-0.1438040380525599,0.1268427612359459,0.074597432495910665,0.98911381397039366,13.655131006033292,-11.943728258194124,-3.4965150401926666,,0.214226133461634,0.75,False,2
0.98683103817608975,0.16147807622686866,0.0094516131094426921,-0.15884722926778125,0.97846735172135579,-0.13179225838168995,-0.030529655193760937,0.12855532860782859,0.99123229751672415,1.1435836703249134,19.948860391870404,0.33306197542184796,0.2721904065418855,0.2937811918692045,0.9833333333333333,True,2
0.6603017662752253,0.69957600250197183,0.27312084171146539,-0.73861144873660001,0.67072626413024861,0.067671311507177256,-0.13584809622898336,-0.246413667091015,0.95959658160172689,16.529085137723264,-3.1129803958614084,-2.5070190870120128,,0.183365933838178,0.4482758620689655,False,2
0.95974983130341063,-0.28084623361542738,-0.0023778934172873044,0.27696293439952258,0.94781625393889013,-0.15791099308805492,0.046602513686291216,0.1508964606386736,0.98745048680166259,6.0043773442077271,21.392381710498121,0.35252644671075528,0.3015772235409339,0.2523707423956806,0.86,True,1
-0.14484369617849097,0.98805245044066736,0.052656042915749914,-0.97441357838229203,-0.13319595652467345,-0.18104423611287404,-0.17186762912651646,-0.077531879531387529,0.98206431852234621,19.023181708445183,-13.093113430211206,-3.8237451564131755,,0.30360674749224,0.5319148936170213,False,1
0.99952146403984521,0.030060764140460095,0.0072933793906995456,-0.029948932365108896,0.99943907702303991,-0.014986419503170853,-0.0077397915886144126,0.014760819036439478,0.99986109727678629,22.207831127919516,3.3960246765753817,-1.818394101132383,,0.2419601430360402,0.1578947368421053,False,1
0.43046734169854467,0.89816600510911149,0.089418650164979976,-0.88864884497452945,0.43908050344407468,-0.13233118234464691,-0.15811735532958596,-0.022497527900565431,0.98716400014482919,-18.932351297923471,19.118520851468322,0.73708992236872917,,0.1853570996175503,0.3703703703703703,False,1
