axis_00,axis_01,axis_02,axis_10,axis_11,axis_12,axis_20,axis_21,axis_22,location_x,location_y,location_z,dbh,dbh_approximation,score,reconstructed,number_clusters
0.31880322876927147,-0.94640968113455315,-0.051703160262025219,0.94774999383530467,0.31763739278886649,0.029604659894542956,-0.011595279706316672,-0.058439730980596662,0.9982235958598894,26.803864963233476,-9.7036882801841688,-2.636157683903086,,0.1325158511539477,0.3928571428571428,False,1
-0.96225017352483599,-0.27215259479518311,0.0027511266191451176,0.27178579275409404,-0.96138954645324826,-0.04315811427123719,0.014390497157999581,-0.040781185817351392,0.99906446662609283,13.935535192386963,3.4259154637025047,-1.9308438308131404,0.3012866932823678,0.2938173409941156,0.9562043795620438,True,5
0.99994152547844894,-0.0050690044947729633,-0.0095525293647790478,0.0074113934282055852,0.96449196419579075,0.26400818595111547,0.0078750791288306633,-0.26406354575211333,0.96447313437624427,1.4871954317772633,-13.890565507055028,-2.5988794282580634,,0.4970975853787183,0.2764705882352941,False,3
-0.91562651700861153,-0.40078335800756237,-0.03163512754612495,0.4017819520895311,-0.91498779360625992,-0.036994601317936748,-0.014118935009527812,-0.046583661252948029,0.99881460651037057,17.946759639985167,-17.269204514383297,-2.8464786273021678,0.3810088518367457,0.297458815794739,0.3870967741935484,True,3
-0.98755209283580114,-0.15690922762224757,0.010970789516628644,0.15652192197904699,-0.98721671877485784,-0.03006722653302904,0.015548372121016469,-0.027975783427690668,0.9994876705922856,13.571117629504506,-1.0616695622448249,-2.0902528655106862,0.2414390643059245,0.2472874898071163,0.8854166666666666,True,5
-0.86082993100875649,-0.50888550209582462,-0.0027158122432433211,0.50880791081545118,-0.86057672117408202,-0.022852064783803971,0.0092919196658176224,-0.021053568104901259,0.999735168681675,12.827538792737181,8.0587381079154028,-1.7716857318540504,0.2020574176823285,0.2094077765186346,0.5972222222222222,True,5
-0.92456302404173518,-0.38101972836047138,0.0026797714292653534,0.38080181386188189,-0.92423144919911182,-0.028039380713731049,0.013160286254533941,-0.02490371280394521,0.99960322726283546,6.4012989030270093,-11.93039121216024,-2.4913499267918189,0.2586675235289206,0.2206245307465381,0.9705882352941176,True,5
0.26393411138981343,0.94908764218702923,0.17196346208638752,-0.96439793600215051,0.25659965614526958,0.063978414335799358,0.016595357171911487,-0.18272729383974451,0.98302356543795133,16.748398404413173,10.042699765843958,-1.7451016290359636,,0.3984997901785291,0.3333333333333333,False,7
-0.96237255062946259,-0.27060775638629225,0.024708621542257149,0.26848195767341715,-0.9609424305936769,-0.067134815770694092,0.041910764712550473,-0.057974884806205176,0.99743791813471561,19.847092765821046,9.2301506355843177,-1.8147844709253516,0.2836632031710228,0.2802081003921076,0.9827586206896551,True,5
-0.98193510991419131,-0.18896210017475215,0.0098369006984947299,0.1886339114027504,-0.98166198148669603,-0.027513661561370806,0.01485555070350617,-0.025161057234568997,0.99957302575256335,1.32399890017008,11.916101300812294,-1.4729970838651125,0.2393145473628343,0.2022711653047883,0.97,True,5
-0.9638354016383659,-0.26622663852882916,0.012028943687964096,0.26607194337502627,-0.96386486991656484,-0.013047355646227115,0.01506782987841839,-0.009374938845794557,0.99984252311271038,-5.3248382681184356,8.2156439765261435,-1.5574900791384796,0.2548346491429082,0.2313963173664604,0.9461538461538461,True,5
-0.73811164080337344,-0.67467793065453041,-0.00094636054049122668,0.67462784066982828,-0.73803818428785772,-0.013300944562232906,0.0082754035380121077,-0.010456023182991173,0.99991109068530681,3.8019735588479682,-9.4485933881814503,-2.4168570492492276,0.1166992623396818,0.1326491782723415,0.6126760563380281,True,5
-0.99639158902476577,0.082824315029671344,0.018545461993907525,-0.08331033342417217,-0.99615297365453159,-0.027177958421996388,0.016223121322821339,-0.028624917800759753,0.99945856563213498,-0.52944048369981711,-7.2339595851186163,-2.2721073221770958,0.2524840613986196,0.2099532187586475,0.9513677811550152,True,5
-0.91577635377328925,0.39548485946182149,0.070323508204320512,-0.40111181672105095,-0.90971649748448735,-0.10735550610609516,0.021516978329634284,-0.12652122407335861,0.99173050749815184,-1.5906658077664222,0.12730205839506256,-1.9380979731602128,,0.3556393708331002,0.9566265060240964,False,3
-0.99442844967556032,-0.10497009451566616,0.0096611455445984474,0.10432023663878438,-0.99313769138288799,-0.052866002140283863,0.015144197023607572,-0.051563603559493083,0.99855487985612001,7.8434060599136126,17.692181826313888,-1.3062922372804489,0.2486348882417529,0.2617944513195738,0.9420289855072463,True,5
0.37426601681274818,0.89504777735540308,0.24251685489934868,-0.92725828986423631,0.35816515555872808,0.10913196242001787,0.010817233341831701,-0.26572014901912178,0.96398951750944029,13.180840751824151,2.2500933302161616,-1.9559316253995218,,0.2857004634927577,0.3783783783783784,False,2
-0.99010371069587355,0.1398661514062795,0.011493552847462606,-0.1402809812243592,-0.98405325619795159,-0.10936377495743256,-0.0039860222017297237,-0.1098938062722585,0.99393534144329687,6.4374548336736988,23.035715663006101,-1.0501673907073141,,0.1970119744576668,0.1875,False,5
-0.99702569701242316,0.074944309390109348,0.017975260413391606,-0.075181558897342751,-0.99708633160571436,-0.01290660787440673,0.016955609651529702,-0.014219627811510883,0.99975512476118134,7.5275629370615738,-6.4208070826980199,-2.3081838596697692,0.223562440749508,0.2158259899605407,0.975177304964539,True,5
-0.66428838951823399,-0.74744563546417775,-0.0067792017835882762,0.74743772759851712,-0.66413449182666973,-0.016193212420539799,0.0076012442163429219,-0.015823994176024085,0.99984589927382361,18.684486822753275,-6.7318193643459887,-2.3806433398745734,0.2542921169855923,0.2422869247797085,0.7105263157894737,True,5
-0.83705037737538335,0.54608770342516899,0.033688067673194634,-0.5468667716774438,-0.83696111248678962,-0.02080457209286974,0.016834481602348624,-0.035837359733961169,0.99921583448045881,4.1774244153977689,13.15442048571226,-1.4363280398925786,0.2104704189440762,0.2039712484809328,0.6956521739130435,True,5
-0.9992643904088172,-0.035089982867181922,0.015471624454946823,0.034719428341692476,-0.99911836969550216,-0.023601792996027181,0.016286170713832898,-0.023047265334137101,0.99960171278569598,3.4450818587473311,0.095281103600886166,-1.9670264780238016,0.1721456952368631,0.1470339855069565,0.8688524590163934,True,5
-0.94451819742011367,0.32756389392088597,0.024233657207458639,-0.3280082081922383,-0.94451545112057678,-0.017354479335718515,0.017204362841426672,-0.024340460017900852,0.99955567724131333,6.8802825444257047,7.3540186316791143,-1.7886489300217745,0.2876383814135396,0.2589998802702124,0.9824561403508771,True,5
-0.542448804686535,-0.84003988236403659,-0.0090714018742624955,0.84008212446985586,-0.54236958635059007,-0.0098618430378615771,0.0033642889832541144,-0.012970267526344517,0.99991022282999587,11.453804910306497,-17.466199380689943,-2.8720970637200018,0.2633332943831301,0.250757022522022,1.0,True,4
-0.68202624211384144,-0.73128157423927309,-0.0082136621674661608,0.73106546520589222,-0.68143794503423971,-0.034432726450347631,0.019582917335356845,-0.029488747780167163,0.99937326515321279,9.1427925530725407,-24.03381789122249,-3.0664148034878314,0.2124832205494449,0.2335581937242803,0.8095238095238095,True,3
-0.93606906551142799,-0.35180851543816305,-0.0023394567230431984,0.35139255098047623,-0.93459468295517167,-0.055281585608207236,0.017262088749531185,-0.052569449846083083,0.99846806320226644,20.767335779241765,1.4067059517429514,-2.079787257833619,0.1533056639054285,0.205547526567661,0.851063829787234,True,5
-0.97926418725673647,-0.20250159091937217,0.0058955263994659966,0.20207503510467362,-0.97844224605036023,-0.042619846684049861,0.014399018850202517,-0.040544750819930177,0.9990739669499461,22.891696318207774,-4.0692454955431616,-2.3399018550714721,0.2703454593174338,0.2201029744115869,0.9852941176470589,True,2
-0.96290176714474507,0.26836248402587798,0.028315437432380297,-0.2692523988520632,-0.96244986791536102,-0.03454558527675388,0.017981449939762612,-0.040888004563249702,0.99900192118979392,0.63096078510512066,-12.662759775110334,-2.5282448717989645,0.263815086508609,0.2060386758191309,0.8654970760233918,True,5
-0.023608189807736053,-0.96924771451195202,-0.24495207957345536,0.99966884680949075,-0.025396980928726831,0.0041460919298239342,-0.010239633420517326,-0.24477308118554297,0.9695263217852057,7.6487964685560721,5.989479619613542,-1.8121596354626244,,0.2272429035906227,0.2196531791907514,False,5
-0.5637637491206331,0.82452327241922763,0.048288802185746257,-0.8258038098091306,-0.56375561147588882,-0.015089010377444409,0.014781842989685479,-0.048383713877016968,0.99871943675353259,-5.303597990562424,16.224728235104674,-1.2247819961807054,0.3264429904112965,0.2964608446449499,0.9615384615384616,True,5
-0.83515612394082017,-0.54998361186352707,0.0056811377113484343,0.54992540954802593,-0.83516293274963127,-0.0092151882493818962,0.009812878149761662,-0.004571918917126756,0.99994140077298233,8.7568102181154579,-2.011726965063497,-2.0822051149557477,0.1833697685789245,0.1660413198585892,0.9594594594594594,True,5
-0.84375095051956672,-0.53352415441293544,-0.058620049089783098,0.53660935142797495,-0.83614556015785213,-0.11362660862825541,0.011607646504542046,-0.12732862555714997,0.99179266162658808,4.0764445397001863,-5.4663862734267488,-2.2150197342727274,0.1953741557008653,0.1577743793938073,0.8738095238095238,True,7
-0.94191021344181547,0.33457920332023466,0.02935824449096603,-0.33530446757510357,-0.94178654549060759,-0.024678264871039135,0.01939236546093754,-0.033088660270037193,0.99926426771068144,12.262318724655119,-9.6543767975794399,-2.3787642550223835,0.327441076043993,0.3175767467553009,0.8446601941747572,True,5
-0.93054275703798073,-0.36616736432457359,0.0034115433088133529,0.36595675375828846,-0.93025444263347912,-0.026501440326334003,0.012877565874358834,-0.023412246032145232,0.99964295377543766,8.6421627719373095,3.0806643239045646,-1.8771195236925313,0.2773720045053732,0.2407909924879983,0.9952830188679245,True,5
-0.99864372478747676,0.048497219011866863,0.018940187187833871,-0.048871900765610488,-0.99860783948935006,-0.019847423660759832,0.017951274555069459,-0.020746148040742193,0.99962360370457481,17.136524985826448,-0.12028775305828526,-2.1013781998303172,0.208810070884506,0.2214782206079573,0.9418604651162791,True,5
-0.88174204155614488,-0.47172731323162947,-0.0020770420480550403,0.47155723519573572,-0.88128724624188648,-0.031089605110810915,0.012835345221496132,-0.028392456087146904,0.99951444329253403,3.2259314579440179,-20.155815535983734,-2.8803535672833549,0.1578896526789228,0.201600395602628,0.9090909090909091,True,5
-0.66639062243104952,0.74355422485938716,0.055232717022743447,-0.74540889755137996,-0.66607619114117844,-0.026609829877268756,0.017003346352854748,-0.058903499799387984,0.99811886262317906,5.1431867648663827,-2.5772665443288068,-2.1015930096510647,0.2111522063053698,0.1913641566095826,0.9029126213592233,True,5
-0.95077992869668282,-0.30975763913678611,0.008229956496435856,0.30955504218030255,-0.95067920577275256,-0.01961437156877998,0.013899749935872934,-0.016101326271198629,0.99977374652669637,14.868867784331734,-7.5244555438837271,-2.3173806359306965,0.2329410114470291,0.2023644815394536,0.944954128440367,True,5
-0.97925565671234727,-0.20249767043785663,0.0072836985187396223,0.20210025871810203,-0.97866516204633325,-0.037013322235407618,0.014623413518974695,-0.034773467817677851,0.99928822754648083,0.1139188449404732,19.073218653326585,-1.1183875565278085,0.2664501596527819,0.2695625497409267,0.9047619047619048,True,5
-0.72332484486609583,-0.69047243946053993,-0.0069985101878708052,0.69039644747030082,-0.72298884324456925,-0.025295807246827218,0.012406212952676344,-0.023128832423864661,0.99965551215950499,-2.1794157431747747,20.62265553349437,-1.0680232335509612,0.3147186758642467,0.2497258582113091,0.6875,True,4
-0.98337642558912797,-0.18129637979475402,0.010120685197476983,0.18109716751281851,-0.98330052802067847,-0.017996875092352975,0.013214443400472146,-0.015864875277540092,0.99978681938603498,21.486239561540888,16.418759039072619,-1.5336686708749887,0.2081888330708463,0.2852339373839303,0.9636363636363636,True,3
-0.6554472440481709,-0.74164848058308297,-0.14264095316023931,0.75521805841387468,-0.64216040686513354,-0.13143704234493325,0.0058817102304443633,-0.19387507086680963,0.98100859444815991,5.8662949057233389,-10.046362357911073,-2.4080634472756275,,0.2223115306989496,0.1666666666666667,False,1
0.02292826087534916,-0.99853861200501293,-0.048938075037059069,0.9997124583041862,0.022556430484621883,0.0081368393859300239,-0.0070210800189096523,-0.049110566876114495,0.99876867024174998,26.389713199409396,-13.855665188910935,-2.8815915556546878,,0.2866226593669846,0.5660377358490566,False,1
-0.60919437836780799,-0.78916451827626488,-0.07811256274666005,0.79283320838021054,-0.60823152476442222,-0.03833948320319254,-0.017254363349649263,-0.08528643137414689,0.99620706259736047,16.325995358394973,4.9816132165035691,-1.8742905976208757,,0.2012568827197087,0.40625,False,4
-0.94958831162155943,-0.31343101486482905,0.006560286008826707,0.31326955613860874,-0.94948515685658175,-0.018442399674391208,0.012009314236602099,-0.015457549282927689,0.99980840191595244,17.059093990878562,11.503908522022961,-1.7305487878571046,0.3278637705911602,0.28932875373937,0.9873417721518988,True,3
0.033970708478788122,-0.9553089081449947,-0.29365095093370019,0.99937686346114873,0.029651818271502452,0.019148223200853839,-0.0095851835665843495,-0.29411844500474826,0.95572091353280686,5.5549602857780762,19.784475416207854,-1.1612826747259359,,0.3178757442434341,0.2264150943396226,False,2
-0.9824835965280988,0.18359651979022501,0.031910820643307219,-0.18551919720806453,-0.97980367483662378,-0.074614919713977865,0.017567299749451419,-0.079228004503241189,0.99670171730661106,-13.31471663410311,23.377935637202242,-0.90042599558067538,,0.2916117026035768,0.8292682926829268,False,1
-0.96922200498130107,0.24359630701092511,0.035630664751950807,-0.24555273653978804,-0.96693465742698836,-0.068856530876705013,0.017679327980674342,-0.075486472146950159,0.99699008715481208,-2.3265832564948492,24.214365504819558,-0.95254785858204138,,0.2539155940326775,0.9428571428571428,False,2
-0.80345788580951472,-0.59102963454545121,-0.071689586549059367,0.59528730478395653,-0.79561010885591521,-0.11241698914902271,0.0094048122553141537,-0.13299821718861063,0.99107165418606002,5.7625455948695166,19.054520275530859,-1.2111162547928065,,0.1575752296046614,0.3636363636363636,False,1
