axis_00,axis_01,axis_02,axis_10,axis_11,axis_12,axis_20,axis_21,axis_22,location_x,location_y,location_z,dbh,dbh_approximation,score,reconstructed,number_clusters
-0.86761854585089826,-0.49576035140936842,-0.038206450581462721,0.49509046670637236,-0.85420947223619548,-0.158781634071541,0.046081326717451326,-0.15667753991055011,0.98657420390740969,10.041933591909716,-8.9926500165477634,-4.4108438479167686,,0.2617560969312435,0.9333333333333333,True,5
-0.60679131444162815,-0.78669118674325844,-0.11367179693610946,0.79006581925335206,-0.58124624053716656,-0.19480454078111092,0.087179710745849862,-0.20801390473209616,0.97423298726350671,4.6799429348940969,7.6166970694733198,-2.1331077479256484,,0.1529916461832955,0.2142857142857143,False,1
-0.60099358240444345,0.76241158577745705,0.23986514498979841,-0.79278615666317043,-0.53054899683767276,-0.30001311930943741,-0.10147326599608916,-0.37046772575602699,0.92328589313453979,-11.524683852814766,11.072902002346151,-2.1970049588136131,,0.3649582240523873,0.2903225806451613,False,2
-0.85510071557674405,-0.47100269317259152,-0.21670078274963772,0.51846180672193876,-0.77710654532937851,-0.35679514034927928,-0.00034812463733981808,-0.41744685916940916,0.90870127026368397,-13.142760821483312,-3.0569628573677394,-4.7232487095024265,,0.5121451784998915,0.3076923076923077,False,5
-0.19218847293369251,-0.97950028335120654,-0.060355495079747981,0.97443270238276369,-0.18317734433717889,-0.13010368576102407,0.11638083776309553,-0.083816796863664639,0.98966168217481054,-3.1114364402020449,-1.0195222003850741,-3.8807008953804236,,0.08479775411510973,0.2039800995024875,False,5
0.51674507585989859,-0.84370341231768697,-0.14539284238929318,0.84733925850203307,0.52829123049360116,-0.054079171450579902,0.12243654509896945,-0.095251917707976322,0.98789491576643962,-7.9964451805297081,-6.7927406935016723,-5.0794947428639805,,0.1794380789352075,0.3714285714285714,False,5
-0.73829122987572904,-0.657889166201725,-0.14868727209476512,0.66573035556915117,-0.67538757716359732,-0.31726127133146598,0.10830121680920948,-0.33321684472350049,0.93660951352746791,-1.6597673298505111,-14.946785637863542,-6.041943818803956,,0.3172191663592309,0.24,False,3
0.4994029007701577,-0.8547021895336252,-0.14170712723351894,0.85551023563597683,0.51231805373801464,-0.075049640479925461,0.1367442116669855,-0.08375188965341307,0.98705959372018426,7.5252792694798032,2.0510824084737118,-2.8697585719749319,,0.2645341483619772,0.1944444444444444,False,6
0.80210055614349063,-0.56611428091770799,-0.19012974195356161,0.58833786156542833,0.80370486826665366,0.088977780221234731,0.10243660714276197,-0.18322965280081099,0.97771858724868932,0.94669490942714107,6.8330214053149048,-2.3672372939542692,,0.265741766110198,0.2105263157894737,False,3
-0.84159440280181852,-0.53915778790075031,-0.032058398566045927,0.53763306930723076,-0.83057980183171465,-0.14521665047946627,0.051667629710836951,-0.13944917545528468,0.98888036865179241,0.94095420108859473,4.6469438917563535,-2.7230175952152087,0.3221527846680892,0.2403750612765475,0.8886010362694301,True,4
0.87252723117600905,-0.48765703616691258,-0.029779958583413018,0.48371346106849483,0.87082484776671676,-0.087666254016085451,0.068684193505239688,0.062086227047368603,0.99570466603986441,11.032260156278415,5.3539530202144787,-2.226412258003704,0.1439532283745547,0.1898779701663996,0.7058823529411765,True,5
0.16507203714385543,-0.98542196955803241,-0.041167517116590967,0.97868062960527324,0.1688291821777774,-0.11696551834027009,0.12221066970032893,-0.02098211518293577,0.99228237062534086,-7.5776094991850718,4.4649516339612321,-3.1928666878882663,0.2819065402231802,0.292035131943996,0.935,True,5
-0.719848703706221,-0.68662729933083955,-0.10178799332981173,0.68509496834916606,-0.67921332298769821,-0.26327579877129409,0.11163658949971227,-0.25925318453134866,0.95933573799542504,-7.9213605285679414,-9.7153027192857433,-5.5721728772568078,,0.1906780320614659,0.2162162162162162,False,4
0.99840589036880201,0.056334680544765189,0.0034758948198934173,-0.056364969457268807,0.99194173835327859,0.11346619730455781,0.0029441968278033567,-0.11348123845197923,0.99353577702287332,-11.40759202119265,-3.7552675793933048,-4.7286350360570717,,0.3687743787695953,0.2954545454545455,False,8
0.63205359780259907,-0.77362969623338806,-0.044781051915137177,0.76711385822722611,0.63282136891160423,-0.10523043079158653,0.10974779278204239,0.032159106870045071,0.99343908410369663,10.478521576873629,7.0676568623502707,-2.0025530817809831,0.3184834974503497,0.2488683608980851,0.7472527472527473,True,5
-0.25533257176044294,-0.96590063489337263,-0.042909687842955235,0.96016547454833034,-0.24810559371470065,-0.12855300794947502,0.11352329841746173,-0.074024170917731918,0.99077388078025375,4.2126948029328117,-21.13712051285027,-6.5213576834156326,0.2093436536615337,0.251094612544969,0.9459459459459459,True,5
-0.075124437035280253,-0.99546421273065833,-0.058372254819073231,0.99153698400523638,-0.068356076142714425,-0.11037144650756045,0.10588072681055814,-0.06616984227653902,0.9921747949142663,-0.45757031781002355,-23.108200235884958,-7.2464537600399854,,0.2805060978396309,0.9636363636363636,True,4
0.22274345053408245,-0.97019818837477434,-0.095398273142014919,0.96635475737555332,0.23264749816653191,-0.10969787825883881,0.12862285233117907,-0.067754091176557091,0.9893763414328407,17.920168289766714,5.6152094701109805,-1.9691380448362001,,0.1318670080911452,0.2962962962962963,False,3
-0.81852542246478366,0.54598453171555761,0.17865336242620972,-0.5681426015197798,-0.72333820515835512,-0.39242301830629922,-0.085030095361490782,-0.42270880294315216,0.90226778220059667,-1.3197400518959357,14.158414297079757,-1.3855622680446578,,0.4064420944907895,0.1886792452830189,False,2
0.099002677679759635,-0.99284256720221964,-0.066799001216649501,0.98727617273056412,0.10639843987171435,-0.1181741543289087,0.12443564027530538,-0.05424950455229495,0.99074354031964507,-16.810286432526997,7.3612629242943601,-3.0816970298820809,0.1869961770204661,0.2357428603156698,0.971830985915493,True,5
-0.82360551730835174,-0.56614873132628851,-0.03390524851518318,0.56448229121342819,-0.81244114242972665,-0.14594222484914793,0.05507898660724183,-0.13933773396002558,0.98871194042006227,15.408377797679359,-13.20762472039144,-4.8096449902068583,,0.2688143715016895,0.9855072463768116,True,5
-0.98348171719039545,0.17953337489407672,0.023053833767364543,-0.17903313348054556,-0.94607196734455301,-0.26999068450771468,-0.026661752912507077,-0.26965830212316849,0.9625869057013412,9.0178354071238314,0.71083365852602232,-3.0092881105618274,,0.2416301075147574,0.1272727272727273,False,3
-0.45276523849733274,-0.89064680154304754,-0.041855868281442249,0.88580340934003088,-0.44395301122402042,-0.13512232911959135,0.10176423148646876,-0.098254764394735683,0.98994446433307781,3.9224847492566872,-15.144482581525365,-5.5970449811621412,0.3550161556248211,0.3497658190410026,1.0,True,5
0.33993996332958992,-0.9267433920826631,-0.15996095324358511,0.93233334188874639,0.35439104517816977,-0.071843765909689578,0.12326946472682901,-0.12471436296050172,0.9845054427159442,6.1422035195744487,3.1030732012771862,-2.7684961942852753,,0.0945902942001372,0.3647798742138365,False,7
0.31318791067438262,0.94175694464098925,0.12250383597211847,-0.94334038102236606,0.32338736292662401,-0.074360870301127327,-0.10964605847905365,-0.092273889697100875,0.98967836752157801,5.6825216814013926,14.310135357427674,-1.092233445751791,,0.2709334844290939,0.3076923076923077,False,2
-0.96055183619376872,0.27793711331819532,-0.0095462571265787013,-0.27330037189884521,-0.94976483733368089,-0.15249150954882199,-0.051449749316504159,-0.14386700387814469,0.9882586748874983,-7.5549735772627642,12.361574887419215,-1.8333735983651731,0.3050253233247295,0.2849003299295852,0.9012345679012346,True,5
-0.9079464654321201,-0.41704131472577372,-0.041349216692900544,0.41740631962812141,-0.89106944899062224,-0.17823355859672868,0.037485733870696231,-0.17908595390857793,0.98311903697814162,-8.4873684280432435,2.9534017196547842,-3.4359640734103873,,0.1413631123021389,0.1463414634146341,False,5
0.47987363551664874,-0.87168778902708222,-0.099406701972810624,0.86932470613436574,0.48770734715161046,-0.080100554547003475,0.11830405420117091,-0.047978557662929862,0.99181762878270707,-14.802104377077121,-0.18388858091904958,-4.3077684681223625,,0.1573396235889921,0.2083333333333333,False,2
0.58785804760531135,0.78341850036021854,0.20168879284436392,-0.80153560114242828,0.59777653354091842,0.01427921738221577,-0.10937822437266326,-0.17005490066783915,0.97934556454396349,-5.4815373077450795,-6.8875242917274297,-4.9466720039793115,,0.3472881283284016,0.2448979591836735,False,7
0.58939405841848691,-0.74853769953098537,-0.30381895313137469,0.80313709318012338,0.58348665389916654,0.1204746208947583,0.08709450877734369,-0.31501529661655087,0.94508195911170545,9.1578664393466749,-5.9261945082992336,-3.974754386686381,,0.5245803384750188,0.4134615384615384,False,6
0.26781013671175802,-0.91712246068305969,-0.29523570716476721,0.95714465137485971,0.28831265751646312,-0.027384810758780395,0.11023541635485892,-0.27524934809449658,0.95503191012375444,8.02722135195493,3.3852768468847532,-2.6577285690985977,0.8566737526742935,0.5494326042204607,0.3307692307692308,True,7
0.32765931412582827,0.93825980614952698,0.11094102050568364,-0.93362183652718955,0.33955019098442635,-0.11426256675760438,-0.14487801843684942,-0.066137765056663675,0.98723662604621831,6.3033728521152996,0.47484041298971724,-3.1479709773008882,,0.2431285876473293,0.2222222222222222,False,6
-0.96310730087785934,0.26778239866496284,0.02677524903719123,-0.26576869963141625,-0.93075572008521434,-0.25111907100991016,-0.042324050987478955,-0.24897063379823173,0.96758580922526793,1.2993114891302024,3.9510898437887199,-2.8440663436319715,,0.4276877512433562,0.5497237569060773,False,4
0.63582054587019943,-0.77053538777688146,-0.044804571561973441,0.76450902394383069,0.63670205554659709,-0.10067991245123908,0.10610459819335111,0.02976085761984492,0.99390950573780057,-4.4249563614769238,9.874738855038137,-2.1341630615272784,,0.0985859502392091,0.6206896551724138,True,5
0.49478452688694358,-0.85058187828512077,-0.17804140048376169,0.86084521459134289,0.50776392376163049,-0.033486030540785972,0.11888561085534538,-0.13669771782714246,0.98345307232851875,-1.5332531065000552,-19.844201287985332,-6.8120014486818752,,0.193891621640695,0.2083333333333333,False,2
0.30697774475284412,-0.95008249385314414,-0.055748713888723385,0.94374506127253488,0.31144950963558699,-0.11110563564216999,0.12292242899550929,-0.018505615946013736,0.99224372944771067,-0.73641058519070257,8.2572189508014837,-2.2306029897167683,,0.1794934555470191,0.915929203539823,False,8
0.3709089962669298,-0.92806625288592737,-0.033459628547431085,0.9206619100743918,0.37219331326492239,-0.11770210235612523,0.12168879910012702,0.012851763114560308,0.99248509729789725,10.246067374780267,-5.7009235556531728,-3.9115727949518821,,0.2535650365764134,0.9821428571428571,True,5
-0.048022509038776043,-0.96662825736277935,-0.25164190965222211,0.99248311494705566,-0.017785673587934314,-0.12108235362765782,0.1125660036183678,-0.25556502476438347,0.96021633653389271,10.73082745788688,6.1710255414508257,-2.1246097168239171,,0.2602455650874831,0.1904761904761905,False,5
0.25100772589140746,-0.96571874101302579,-0.066199960717822637,0.95965277679152705,0.25721842657024463,-0.11360118410052009,0.12673464222199354,-0.035014201246705831,0.99131848372353049,8.454074802937555,1.662274680711662,-2.9069681391103876,0.2724641278139728,0.2438468863272225,0.8191489361702128,True,5
-0.99963249937637355,0.014556349252946453,-0.022868731643266658,-0.0099010450117522873,-0.98137085803724589,-0.19186768436325138,-0.025235599818921699,-0.19157074852823239,0.9811543267040681,-0.78346700617169773,6.6596597043405001,-2.4570671435069742,,0.1593054613495353,0.538961038961039,False,5
-0.99657812403667456,0.081928932240305105,-0.010940418342347283,-0.077605121551082942,-0.97300612743875459,-0.21733964450987661,-0.028451499092028931,-0.21574690270917307,0.97603472590416329,5.017435617788137,11.983260780192271,-1.4620841063356744,,0.1675184716886907,0.3055555555555556,False,1
0.97191432444946757,0.23296107436486824,0.033341921970719036,-0.23530077877715982,0.95955574461529303,0.15455198634327885,0.0040111640202363727,-0.1580566696047887,0.98742189552219573,2.9278924123554324,7.7372998773890886,-2.1527071004987359,,0.3485962058211745,0.3815789473684211,False,7
-0.61457896665631251,-0.78395957896865276,-0.087750055766094057,0.78475202838556757,-0.59625693909857758,-0.16923922867211696,0.080355134797951561,-0.17287290452840998,0.98166084326080538,9.6142753352947476,8.6272283670326821,-1.7973613806754036,,0.1888629639680867,0.4390243902439024,False,3
-0.40074908571927226,-0.91481904395655589,-0.050062831617695473,0.90993958461313218,-0.39105063006571622,-0.13816423950968043,0.10681817565025668,-0.10092334486936597,0.9891432433227918,10.943431213794094,-20.575660780740005,-6.1183972975744405,0.2656596457629573,0.2922091208028879,1.0,True,5
-0.43982864498384638,-0.89703234620135308,-0.043401992122156015,0.89199940733777938,-0.43072446081513882,-0.1371622986267037,0.10434471889236403,-0.099042459198094845,0.98959727713614387,3.8013671930278989,12.274909175647938,-1.4485008469520553,,0.1726275462197743,0.6941176470588235,True,5
-0.91335286686679151,-0.38769581119235125,-0.12441261419212413,0.40550174757885482,-0.83848762951489675,-0.36401487313155878,0.03680860356911498,-0.38292356043262071,0.9230464092172711,-2.0120952711959008,9.6494452407773643,-2.0747532910514042,,0.4183794911536268,0.453781512605042,False,7
0.70687418287743975,-0.70671900610276461,-0.02961648180441992,0.70291607391744249,0.70651300975976317,-0.082148402715382068,0.078980267218080491,0.037250683930912361,0.99617995559880612,-10.176906699454104,-5.0974231675644477,-4.9207166037734176,,0.2353662381035539,0.9854014598540146,True,6
0.99040757058565188,-0.13696194833081415,-0.01828302043032588,0.13642935415790289,0.9902609782980254,-0.027752949109887737,0.021906059679593474,0.02499239023514592,0.99944759991689902,9.5715713989777065,9.740133731690479,-1.676438915277219,,0.2344943127366413,0.3411764705882353,False,5
-0.99095136522646254,0.026001638770572745,0.13167880063644721,-0.069735617777917341,-0.93798882038920206,-0.33957902826588715,0.11468363165221454,-0.34568900417299459,0.93131454247474388,6.1265635844827049,-1.2128627024093648,-3.4370011685468782,,0.3663160131358268,0.8461538461538461,False,2
0.14442134475190432,-0.97298774750934958,-0.18010363232520715,0.98279571795354537,0.16222162824827965,-0.088299037937296737,0.11513058651907757,-0.16425281283788964,0.97967645757291466,9.4182988528819021,2.1860604983581435,-2.7681617581780458,,0.1889586479800587,0.2631578947368421,False,5
-0.41024797034694432,-0.90057440507723785,-0.14374402160087432,0.90402316341863631,-0.38082020819726414,-0.19421145442829918,0.12016123679779361,-0.20962278012747698,0.97037084005180874,0.68552664063499447,13.085820336705636,-1.418824527532039,,0.0971451921715862,0.2380952380952381,False,5
0.077808231837637951,-0.99647914230886747,-0.031228160395472621,0.98899094956464284,0.081102334146269314,-0.12377121262738923,0.12586810850063615,-0.021253948795737942,0.99181928239123385,0.46755616690948809,-11.665590683141657,-5.3989935778704394,0.2457081557666405,0.2423292747075129,0.9695652173913043,True,5
0.85425269556539085,-0.51932359608229361,-0.02356553991356267,0.51369679350822395,0.85021898412677321,-0.11507946545672776,0.079799351241924138,0.086201401279746806,0.99307672511179912,-0.59986139297312835,-1.4387860082054429,-3.771407867922679,,0.2882126769006631,0.9688359303391384,False,5
0.012639880585586519,-0.95399037356135608,-0.29957069377869205,0.99579003722229431,0.03921120559789356,-0.082853383300755312,0.090787858150769674,-0.2972622554375588,0.95046973455474737,5.5486030542240474,-6.6576334353898075,-4.3230492931963589,,0.3705592820596131,0.1900452488687783,False,5
-0.75697537373543544,-0.6488586449169933,-0.077270579618513829,0.64950150002372964,-0.7341605447379409,-0.19787899336972417,0.071666484670473374,-0.19997688233036648,0.97717611591176556,9.1964998120198711,-0.16634658929809265,-3.1111784996278864,,0.1869819141675476,0.1694915254237288,True,5
-0.89328146190687052,-0.44792051130442351,-0.037622405110624625,0.44801283587883139,-0.88040871979414637,-0.15545090864398253,0.036506556963528093,-0.15571673533444128,0.98712692681106251,-17.099702475737207,1.0306306323451273,-4.2471684221829298,,0.2641456291662462,0.8307692307692308,False,4
0.81199462430341651,-0.57805327633223069,-0.080741190379680722,0.5817560739677311,0.81273644111621701,0.031927224799508241,0.047165670821117278,-0.072896412828891644,0.99622362574508094,-2.5488866394646728,-7.5892975070928621,-4.9004378358533103,,0.3929761262513236,0.9442379182156134,True,5
0.9013882430774981,-0.4222065298350261,-0.096129503308431022,0.42635925068813102,0.90415751366938679,0.026776479003925907,0.07561100842017611,-0.065121706364755158,0.99500861240786587,-14.298675469102223,14.302837978257127,-1.8351070599109256,,0.2348586627897397,0.3333333333333333,False,3
0.15915656570498463,-0.98624208547419867,-0.044673665984535621,0.97938803155646015,0.16342738594524975,-0.11870372010625646,0.12437150492358383,-0.024860377362487633,0.991924236219903,5.0541048822212487,13.106184365559931,-1.3127554206783203,,0.1115109952486996,0.5535714285714286,False,4
0.49061440212841212,-0.86134600064371381,-0.13183541102169949,0.86135386386845381,0.50226986444304822,-0.076121642594257771,0.13178402643365664,-0.076210566507812105,0.98834453503294728,19.800569398602953,-16.094375767370973,-4.9979342253421759,0.3671804085483178,0.2451588064280714,0.225,True,5
0.98684760682509731,0.15960952400381659,0.02562422195602785,-0.16098088613280018,0.98476080635577468,0.065812677847217976,-0.014729399291046372,-0.069072093589223227,0.997502927656719,7.9253534053993073,7.3827248281894668,-2.0418253916815301,,0.5791418463990666,0.71875,False,6
-0.69374380941555402,-0.71919668158149241,-0.038414321545020329,0.71623555654990378,-0.68331811270034415,-0.14171444664990673,0.07567135806396294,-0.12582722303940827,0.98916194604874808,17.683402499349029,1.0110738538170805,-2.612778684195264,,0.2431572038952877,0.3428571428571429,True,5
-0.80137514315963831,0.59681346648787259,0.040144316466965799,-0.59151661676343259,-0.78070913336906422,-0.20149774481832003,-0.088915533055891935,-0.18522131435894554,0.97866597605543304,6.335216108409214,8.5546865085294606,-1.9287247022308027,,0.1149481229101739,0.2903225806451613,False,1
-0.99820732698772952,-0.050345868139647372,-0.032363960036996015,0.057933268714931423,-0.94856006502952517,-0.31125156932485587,-0.015028929569818404,-0.3125685470300032,0.94977630770805055,-12.95078163600348,-9.3529350173300436,-5.8358627509340435,,0.2369226857215425,0.425,False,3
0.004872746979004413,0.96943063316445499,0.24531714946012598,-0.9922309820613493,0.035184246957390239,-0.11933041105942475,-0.12431385511860094,-0.24282980922531852,0.96207055311819367,6.8732574605854229,4.195210571450108,-2.5477794617397094,,0.314621919337044,0.1818181818181818,False,8
-0.77897464563963081,-0.62609000600679199,-0.034782263138339098,0.62379006141198834,-0.7680716615914005,-0.14474764918246891,0.063909785903547622,-0.13445157878819597,0.98885707371041365,-3.1774613099062208,3.0412441239584433,-3.2441733978429443,,0.2597492509425216,0.9443339960238568,False,5
-0.47296223743372851,-0.87937180148535887,-0.05488129657793292,0.87532038228613174,-0.46184448544641654,-0.14322674197646965,0.10060293393405922,-0.1157795578464893,0.98816706263097553,-15.20491503126016,-14.282174226047101,-6.9400493407224868,0.2567708837471508,0.2630884585443638,0.9629629629629629,True,2
-0.64065081227778342,-0.76612982478482072,-0.051104092820393583,0.76151135015538829,-0.62544542082147203,-0.17005437118159811,0.098320904757500077,-0.14786181775100277,0.98410867415089642,-15.091298147819284,-2.4386834034204239,-4.6913220616812321,,0.2565254583889153,0.9411764705882353,True,6
0.65898656832658975,-0.750570446750913,-0.048792491525648317,0.74476362053061251,0.66020838844136354,-0.097221568418701859,0.10518484824003665,0.027728835096218013,0.99406602366489127,-14.862881335506824,-12.121821826324569,-6.4824526780274478,,0.195424357492833,0.8695652173913043,False,2
-0.77578184590017663,-0.60311807002238016,-0.18550234819050893,0.62938826074185206,-0.71859921764822776,-0.29577961666703889,0.045088189274575113,-0.34621345728875624,0.93707166064293401,-5.3709442382006269,-8.4660368237181736,-5.2268798683696964,,0.4859708417377369,0.1583333333333333,False,3
-0.84390058199053719,-0.5357867251877062,-0.027647655030141063,0.53406719606911301,-0.83405659880289029,-0.13828166934279587,0.051029773651350814,-0.13146168683684203,0.99000696315485792,-1.8346893554914869,-17.423800753510747,-6.4377773715714994,0.2680733134345071,0.2929633536979561,0.9673202614379085,True,5
-0.30328388263824646,-0.951258813350087,-0.055906677200974371,0.94629368182684848,-0.29376567345761539,-0.13501850551898437,0.11201408066156952,-0.093853071989026302,0.98926459888735807,19.556506812736217,-11.426400343141516,-4.3556979752671676,,0.3519472553603727,0.8032786885245902,True,2
-0.6498954159378264,-0.75627113792432854,-0.075431520504628258,0.75712993706537401,-0.63557196271382066,-0.15100509465406758,0.066258635228788262,-0.1552489811713508,0.98565082412732552,13.531502255346027,2.7146388303946765,-2.5189248553939225,,0.1744754968810652,0.631578947368421,False,5
0.90128628948687939,-0.43249030262965421,-0.025202430721702571,0.4276211693651551,0.89744919930130462,-0.10828236321868864,0.069448973309543388,0.086816316466183693,0.99380066779082687,5.6292981481135413,5.5883859622491041,-2.3932810595681553,0.1403510754572524,0.08460002777445534,0.7857142857142857,True,5
-0.1866082937755498,-0.95221663181779226,-0.2417867465014526,0.97277829656429426,-0.14466989206271139,-0.18103316840853903,0.13740353135072286,-0.26898719006700517,0.95329227477841705,-0.10632992633782998,11.804732100783394,-1.651482606452866,,0.3234190599816665,0.2923076923076923,False,7
-0.97555083160324463,-0.18217918985336329,-0.12292809989009851,0.21584525330564916,-0.89950345849097979,-0.37987413019076055,-0.041369089712464446,-0.39711997047131625,0.91683386034178727,-10.589527791835327,5.1716860818130597,-3.2012246558550483,,0.3464828311574374,0.3125,False,3
-0.36122829703600678,-0.92507324098322974,-0.11727581266932133,0.92657897240322284,-0.34196956704933856,-0.15655102398986548,0.10471640425766104,-0.16521596178599479,0.98068249737133339,-6.4762241312194062,-3.0506518456043721,-4.3864761754439199,,0.2111353411260575,0.1272727272727273,False,5
-0.97546068794033791,-0.21861689440762377,-0.02613617727457359,0.21997546049608319,-0.9626556628178039,-0.15781277395810128,0.0093403994827941789,-0.15968947468252417,0.98712310712145801,16.19359761111243,-5.2377903170564988,-3.5809225029754561,,0.3049699889177554,0.7090909090909091,True,5
-0.9951787226207236,0.097502117297311078,0.010613536899948012,-0.09521696103884783,-0.93452635238233439,-0.3429201467302504,-0.023516810445120245,-0.34227742231340841,0.93930459692315882,-0.96101170392513779,2.5536993048881391,-3.1627382668738204,,0.2783079634521433,0.1681681681681682,False,5
-0.97314157278378688,0.21895626109502997,0.071088923519641911,-0.22926127597993753,-0.94974501981323345,-0.21312828220583604,0.020850579271267489,-0.2237019290646475,0.97443455412706248,-3.900335579018535,1.4054533683425356,-3.5687281528120836,,0.2326807274476245,0.2941176470588235,False,5
0.1105944379426501,-0.96422811482894522,-0.24090042106556975,0.9812011920513557,0.14450067293417021,-0.12792097653853179,0.15815527500892598,-0.22222443181385648,0.9620827463850814,21.407027772930022,-1.535505213422099,-2.8326801119293292,,0.2528877144806739,0.1136363636363636,False,3
-0.96412308322201734,-0.26441489339223079,-0.023482856530788774,0.26292842550904272,-0.93902305276001208,-0.22159501222862094,0.036542077907614233,-0.21981917691057379,0.97485599244429511,-6.1289879579364719,-4.7190784241314336,-4.6377580848609696,,0.5773505545326056,0.6061643835616438,False,8
-0.3602068502510396,-0.93117135407916984,-0.056311050199661157,0.92639180637040852,-0.34994942840306981,-0.13904538341899292,0.10976905812657309,-0.10225119511638253,0.98868369409800394,-6.4116004836046381,-11.135274960768504,-5.748017511531379,,0.2491892092602824,0.7368421052631579,True,5
0.20945757791705638,-0.93884201104208165,-0.27331886388535281,0.96253625139338039,0.24718967705988085,-0.1114505644158483,0.17219607372614393,-0.23973514939927257,0.95544522100213014,5.302815869714661,-14.08264006642016,-5.3746100341756753,,0.4542032681981759,0.3333333333333333,False,4
-0.40187615690497192,-0.91204086020044883,-0.081713057929045638,0.90957513591927752,-0.38729925296818357,-0.15057343978177146,0.10568172324824204,-0.13483604108365205,0.98521602473577841,14.261468946920546,-0.38107712108232683,-2.9459571001631635,,0.1487771536442469,0.6376811594202898,False,5
-0.73595188159273772,-0.67544090073244789,-0.046415704215784989,0.67343208351570916,-0.72325206683181265,-0.15295645365659208,0.069742790823128967,-0.14382641426820642,0.98714229252268915,12.074186989509807,10.524495048106658,-1.4749639658989255,0.2111311341864022,0.1833992548293321,0.896551724137931,True,5
-0.96807170924790253,-0.24502590741794267,-0.052910022187269014,0.25016429384704786,-0.93089401325170573,-0.26618445141694508,0.015968463853840605,-0.27092183519632718,0.96246889164066085,-3.3888750733750936,5.5207670288692556,-2.751398589529745,,0.197795966213904,0.1798561151079137,False,5
0.10496381023789861,-0.99341552912588793,-0.045914976117528365,0.98638134964301216,0.10987726985503662,-0.12238798407373228,0.12662713617851079,-0.032443366975920131,0.99141968727804364,5.5585405150284704,11.967405255135162,-1.4332942904424519,0.1138474311366025,0.1480863764701272,0.76,True,5
-0.40366364483241579,-0.91370916754716958,-0.046810458028807567,0.90903020265705936,-0.39475522620067555,-0.13353801722550013,0.10353623760729221,-0.096456562905336093,0.98993756316982673,-13.710991135691497,15.481493411206914,-1.6230487224774039,0.3457952558154511,0.2855052085367498,0.9836065573770492,True,5
0.89710508431466018,0.44061967771744398,0.032507957563676367,-0.43927747469633832,0.89740841240902025,-0.041151446656576843,-0.047305051751306088,0.022637158516411016,0.99862394880811323,-1.6306022453777076,7.292769245324263,-2.3843823951315146,,0.1920378370315994,0.3761467889908257,False,4
-0.38685908115438861,-0.90979805668605984,-0.15035806389632328,0.91830202892287893,-0.36523504186602562,-0.15272441805175169,0.084032344989924929,-0.19715694317824894,0.97676389406657682,-9.6870488202431417,1.393582939798018,-3.7310479050848309,,0.2933691670902611,0.2735849056603774,True,5
0.17904083133803811,-0.98174220278315494,-0.064238835514524223,0.97472490729227668,0.18587144977043144,-0.12394821202542539,0.13362535619352359,-0.040423402067562897,0.99020715648163127,6.134811220604921,13.227262737744736,-1.266668312319712,0.1124931181816393,0.1090419660365759,0.5,True,3
-0.96508794923282659,-0.26034599836507222,-0.028726492665656057,0.26153269023397857,-0.95181721548434506,-0.1601394400096533,0.014349292127280588,-0.16206156065804533,0.98667631388035482,3.6029108953473608,-1.6259813579540632,-3.5809069312900128,0.272178939328162,0.2112227193010303,0.9358490566037736,True,4
0.96294648063626287,-0.2671050170195105,-0.037269093270996527,0.26479169500599359,0.962601720048467,-0.05729997221278367,0.051180403340421086,0.045308260204292045,0.99766112877628566,-9.7930701664523809,8.0304609906509956,-2.7119251707367646,,0.1864585990024899,0.4166666666666667,False,1
0.24404718585561866,-0.96394797707196245,-0.10604371068019017,0.96173138730617147,0.25461919095053925,-0.10120180961741496,0.12455404347551216,-0.077287548146927371,0.98919812229670989,12.52626410637623,18.580357737796422,-0.35884775005061692,,0.1361893719058891,0.8181818181818182,False,2
-0.75793120883177234,-0.65152957164714465,-0.03239598660476109,0.64893628581979856,-0.74799015605757291,-0.13925668166149974,0.066497967075785425,-0.12656991629236347,0.98972626350144499,7.0563347241570638,-1.512039840363562,-3.43118054637673,,0.2664854679381133,0.9402654867256637,True,4
0.38344002558338541,-0.80053978378415724,-0.46055379855064416,0.91554183985209614,0.3950659961919385,0.07553805751480458,0.12147792499401476,-0.4506205867819244,0.88441178220750938,10.036792466025783,-23.868534296294992,-6.6720142651082774,,0.2102411399023014,0.15,False,2
0.9990016398565601,0.039747704506810193,-0.020392242405934735,-0.039621852331270836,0.99919334927155024,0.0065390816893483583,0.02063570647547739,-0.0057245749135036161,0.99977067213452386,9.9646679092756401,5.3263249135975483,-2.2762102391358674,,0.1976096949046636,0.2608695652173913,False,4
-0.20444718049077615,-0.94501010476350245,-0.25525918648355461,0.96312777453607834,-0.14760852210324898,-0.22493691142112709,0.17488922295714293,-0.2918349295361487,0.94034362527539783,3.3193190214782673,-0.42995401988223336,-3.3835214591319973,,0.2768923725771585,0.2483333333333333,False,4
-0.77513432736338739,0.62939475914625542,0.055036457935951688,-0.62651343016331384,-0.75448906747385469,-0.19551769456351384,-0.081533406453473747,-0.18603355670862154,0.97915464529890939,-0.56362305683873026,-7.9714944731652162,-4.8073520960054266,,0.1638783186405113,0.6046511627906976,False,4
0.60243379352171589,-0.75423343800196108,-0.26116172273665295,0.79043316413022269,0.60919944783312596,0.06396441043970616,0.11085548009060892,-0.24496520928400484,0.96317345726215098,13.904148086089078,4.8691684234238339,-2.1983004058542877,,0.10864520544645,0.2,False,2
0.028935000103886655,-0.98383698014222742,-0.17671322042679655,0.99209790817475263,0.049857973720474513,-0.11513436955040013,0.12208401354914458,-0.17198540333734727,0.97750525045885162,-6.707087669493891,0.37521380366060997,-3.9029786205683155,,0.4300561257315867,0.288659793814433,False,5
-0.15451156513083575,-0.98153570860931161,-0.11275561611572238,0.97838214492010456,-0.1361309496517196,-0.15568154369884943,0.13745746521144364,-0.13437268052598222,0.98135081799828738,12.201561187618774,22.282309487772803,0.12119620440120187,,0.2548477928140538,0.7804878048780488,True,3
-0.30133183886083342,-0.95203860351567848,-0.053118926049622983,0.9467068641789248,-0.29206705853832121,-0.13580481078842493,0.11377713392969507,-0.091210365270014429,0.98931058473163791,3.7152029698587841,1.7010290155929777,-3.0653425932337952,,0.165740662090972,0.8096947935368043,False,4
-0.97945354260255812,0.20007195418982038,0.025337147234151841,-0.20096261881675784,-0.95777155054338992,-0.20563969171349422,-0.01687553618731126,-0.20650634401000081,0.97829972204944127,-13.579686519425268,4.8995074022622571,-3.401642354026805,,0.3245022488467895,0.2777777777777778,False,4
-0.75920931443045936,0.61063781244511195,0.22521695960624494,-0.64501681991419246,-0.65971460619798905,-0.38565520921778762,-0.086916735499069558,-0.43806175407273507,0.89473313379404074,-5.9704492576136401,-6.3575163513276198,-4.8771366662218441,,0.4645517555939954,0.280952380952381,False,2
0.036097207147725796,-0.97949132898688063,-0.19822645654818499,0.98684362152540017,0.066217811677004329,-0.14749531542168653,0.15759650469083444,-0.1902943453080625,0.96899504841511419,5.02391661983894,-1.2357628036120709,-3.449691372451448,,0.4075962581272173,0.6836518046709129,False,3
-0.7860681411083813,0.61197483474586745,0.087084322195112862,-0.60226822876241304,-0.72652642046904425,-0.33080559394276221,-0.13917563780274222,-0.31248385878026702,0.93967227257379193,5.0857070486040232,0.17707590817408358,-3.2432335289877243,,0.2159732730992051,0.2827004219409283,False,3
0.67562914796791917,-0.72177699106966642,-0.15021061739624447,0.72711770383697993,0.68602322084898937,-0.025922677770937444,0.12175836391386276,-0.091706682517667115,0.98831411261735125,-13.787268805115636,-4.6603933877754784,-5.0217857394916736,,0.2497254021393355,0.1666666666666667,False,3
0.82745282974084844,0.54249443663624308,0.14498827805235359,-0.55853305060889091,0.82178495274392493,0.11274006750570378,-0.057988325819837656,-0.17426783312588018,0.98298935721920333,-11.584534524920837,-6.2930417177097455,-5.2317602970478356,,0.4074660003766392,0.4285714285714285,False,2
-0.89608645174275803,-0.43702403971520654,-0.077711387287024217,0.44319374457527572,-0.87115527785956415,-0.21134754937488487,0.024665274626841489,-0.22382687633174386,0.97431676248495047,13.453014056126149,9.5541730161419558,-1.5819742984350245,0.1460984720370386,0.1441117986071021,0.3076923076923077,True,3
-0.13960865743670958,-0.98515978193933218,-0.099848018598106533,0.98150006907390608,-0.12433335034834408,-0.1455981881723625,0.13102304063270012,-0.11832760472689513,0.9842924061390288,-19.539869519254037,-3.8595203172517381,-5.2986087484230247,,0.2851643298628685,0.9583333333333334,True,3
-0.1589539736795812,0.98375693270154829,0.083402227866596929,-0.97561821713050101,-0.14356501053813842,-0.16600657261773294,-0.15133647496414568,-0.10775613723043773,0.98259141367844327,12.860077050998012,10.336534397138532,-1.4427612217762698,,0.1540440400761958,0.3214285714285715,False,3
-0.87647142350886331,0.48145003095371458,-0.0019265168083994547,-0.47362762570050376,-0.8629356210243706,-0.17612207737982963,-0.086456439584621569,-0.15345351629060322,0.98436644720977762,0.12353829525805768,15.244140430576525,-1.1496345558177503,,0.1547213705167763,0.5957446808510638,False,3
-0.92701605051145264,-0.37285653731821944,-0.0402398393785936,0.37090704757012571,-0.89570092346576802,-0.24525052041816925,0.055400398527089452,-0.24227640884253993,0.9686242499346186,13.134193262971078,-0.9636347659160146,-3.0855179042051675,,0.09982862387516465,0.3333333333333333,False,3
-0.74693376994144656,0.65453823941210976,0.11691722058085724,-0.65685693127651912,-0.699136971942527,-0.28239416831271036,-0.10309663018281148,-0.28772762747141417,0.95214699350185372,-15.91418081515782,-1.4693780338717308,-4.6143347623349245,,0.2889010943141997,0.3846153846153846,False,3
-0.86670330772602888,0.49096663751524244,0.08818807869399703,-0.48967868545461607,-0.80371365250885651,-0.33802241017765966,-0.095079763294832753,-0.33614896343414646,0.93699717875453059,-0.9259292757322205,11.220819658699458,-1.7776007957461164,,0.213996736486543,0.2592592592592592,False,4
-0.96146252460354242,0.27493319032317981,-0.0012468527187915399,-0.26872738148888348,-0.94069933554085039,-0.20705157461640458,-0.058098263494810537,-0.19873726618760387,0.9783292343619131,9.6130463171641853,13.098398167807996,-1.1637458474504785,,0.09503101626658239,0.28,False,2
-0.97264197420509224,-0.2278156645692419,-0.045471012648682904,0.23224827954919858,-0.94909331921073303,-0.21279710542202496,0.0053222796675179429,-0.21753596117982382,0.97603779585255446,5.4716986759714192,-0.96517689015387564,-3.4290944455887491,,0.3239564347140543,0.7844444444444445,False,3
0.70163805101793053,-0.68650110894970806,-0.19084096199343775,0.70645908904017085,0.70513898106190032,0.060782998441314989,0.092841805649674453,-0.17746899672282421,0.97973728842271923,-7.360241180746903,1.1406281442382955,-3.7128922891517946,,0.2585600417810777,0.1941747572815534,False,2
-0.73147210126661022,-0.67821754161983072,-0.070494902707659665,0.67817068299125238,-0.71284739698602195,-0.17869838651042802,0.070944272494594729,-0.17852046059039117,0.98137523677276839,-11.508295765584096,-7.5693542569116454,-5.4590672530474169,,0.0851093378467184,0.2,False,2
0.83526010622914448,0.5449043087509331,0.073619625418404055,-0.54201730131442316,0.83846663891177697,-0.056488410384944579,-0.092508378095760499,0.0072794049657822109,0.99568529679082662,-8.1966098071134716,5.2535174578838504,-3.1213919839526496,,0.1450842832354293,0.1627906976744186,False,2
0.9840366612987036,0.17796572737397365,0.00022158599598212647,-0.17795844339942993,0.98400623129486098,-0.0079075404353595447,-0.0016253131861319256,0.0077418765901715713,0.99996871036243462,0.99687538219248473,8.4596794366495427,-2.1056053466105977,,0.1407763771954161,0.2857142857142857,False,2
0.9878900247215503,0.15511289967849048,0.0036451898421096807,-0.15426190883186255,0.98444606306442939,-0.084078608459555559,-0.016630169548281455,0.082498104646565526,0.99645245756660161,-12.778333178950934,-19.25331311798281,-7.5822502817329509,,0.2315666650077289,0.8727272727272727,False,2
0.09037985506682425,-0.99141744404327325,-0.0944612801353234,0.98803939531715101,0.10116063039598518,-0.11638161435212352,0.12493852528111322,-0.082812912668200941,0.98870237503304859,-11.132757533258722,10.170060654478888,-2.35463649504862,0.160721147537901,0.1213137280980331,0.5925925925925926,True,2
0.98716888903496114,0.15967846941303462,0.00060903808574207241,-0.15962288652387505,0.98691258053090658,-0.022893066365425152,-0.004256597146243421,0.022502106473311335,0.99973773390074516,15.617115325343315,11.772596845060173,-1.1546227045051143,,0.2286466627135656,0.4285714285714285,False,2
-0.57394058357356226,0.81336705940233156,0.095006490338521016,-0.81119476542729774,-0.54882829868521987,-0.20186765740365548,-0.11205025243430425,-0.19292880873910925,0.97479393498724531,-6.431408458715131,4.8030851507718637,-3.0907489581587257,,0.1661487276729842,0.3181818181818182,False,1
0.85124846715556279,0.52213446041273837,0.0524561951994581,-0.52245354478045125,0.85262513403969276,-0.0085249252276805576,-0.049176627696964161,-0.020149095594973392,0.99858683810425808,-2.7659222449918812,-8.4465011744908693,-5.05564087392057,,0.09524512715388816,0.2941176470588235,False,1
0.8245045490523758,-0.56488301083632997,-0.033157693834487877,0.55938290861920537,0.82251057121690685,-0.10279650665833018,0.085340553880654327,0.066208340146245173,0.99414960924320817,2.4682079309603977,16.595215887411921,-0.88273776509869173,,0.09244029839643053,0.6666666666666666,False,1
-0.99105067989292261,-0.13122535478449729,-0.024463363330865247,0.13347110316553679,-0.97690681002380508,-0.16684888117361574,-0.0020036226066047699,-0.16862084921739531,0.98567895113249471,0.94127534447248962,16.85990287545691,-0.87601877121118432,,0.1863963380394458,0.8,False,1
-0.99617573380793067,0.087122108355556852,0.0066064822646162216,-0.082404004017315249,-0.91170666621267582,-0.40249290044084285,-0.02904285616368308,-0.40149806104021302,0.91539926779892333,-10.818993951803247,-2.9186753724434995,-4.554034190362886,,0.178955221857926,0.3333333333333333,False,1
0.9194574469021104,-0.39070953218416882,-0.044091550173255264,0.38580657469487406,0.91813113777408639,-0.090490335240126632,0.075837261675652551,0.066191202663872128,0.99492081817170219,16.793515473491016,9.5793423014741865,-1.4052682251674806,,0.1400687314416352,0.25,True,2
-0.67296943753710292,0.73316221254833824,0.097904577177069407,-0.72461393613176717,-0.62689967198710317,-0.28623669371010035,-0.14848158035467729,-0.2635715678021589,0.95314387630708186,11.22391677334798,8.2128677831897203,-1.8195257836538012,,0.282769240476909,0.3541666666666667,False,3
0.98375492634027273,-0.17748605858836744,-0.026924782413451743,0.17509257514344301,0.98174956787582124,-0.074231907595568122,0.039608522200190045,0.068311675300827865,0.99687746488057027,13.863176942147144,7.2235501933261785,-1.8506309399922307,,0.1182625146158248,0.4782608695652174,False,2
-0.76333805757692064,-0.60253065507059855,-0.23296312917474388,0.64263613786337315,-0.67151727537475703,-0.36889475895614177,0.065831634999753155,-0.4313019343493113,0.89980266573277135,-9.8370387122014886,2.4076678187658427,-3.5743085252517166,,0.2277618665392247,0.3720930232558139,False,1
0.87419005922379567,-0.4844602581455964,-0.033015127317613496,0.47954994844620324,0.87201454517253008,-0.098094240161126695,0.076312432142737474,0.069920607012862207,0.99462933870634085,11.75389249174081,2.7148996115576525,-2.6001862655844898,,0.100649692451413,0.3571428571428572,False,1
