axis_00,axis_01,axis_02,axis_10,axis_11,axis_12,axis_20,axis_21,axis_22,location_x,location_y,location_z,dbh,dbh_approximation,score,reconstructed,number_clusters
-0.98741395119133979,0.14112193182726609,0.071402306335625054,-0.14855938717029799,-0.98246924406453395,-0.11262456637363208,0.054256773552170699,-0.12181455095596572,0.99106882591427758,9.3337762430167075,-7.1017443372780162,-3.6893034049326534,0.2774786440091697,0.2213474114285873,1.0,True,5
0.77079901989820754,-0.62963162822597729,-0.097123033629868752,0.63705508904125996,0.76045758303608724,0.12595665099368858,-0.0054483438397446154,-0.15895998597262909,0.98726999266106885,1.8522418550612825,-2.8339472105558876,-3.0548385808767633,,0.4202969010787423,0.2747619047619048,False,8
0.062175491264229138,0.91826119666243211,0.39106340021808533,-0.9886022817942941,0.11048927222840579,-0.1022626478903856,-0.13711213191095648,-0.38024793941126867,0.91466483908386764,4.6877426192492964,-1.2065141153229777,-2.8982097569288592,,0.6468703158245372,0.4913294797687861,False,5
0.37771084762542234,-0.9253330990928883,0.033063141248764805,0.92359853981147233,0.37399315697071855,-0.084230966972911409,0.065576313133640513,0.06235201891058692,0.99589757148693392,16.596833240206472,-6.1264775675615315,-3.8326810410625103,0.2316060814437753,0.1819528317689415,0.925,True,1
-0.63481316260772636,-0.77095649144579248,0.051364743526751883,0.76313097924314344,-0.6360038807092202,-0.11458696366608151,0.12100973968807674,-0.033543285772338796,0.99208441721469365,-2.005747021202938,9.438263979963736,-1.3839206600548262,,0.2585434142156266,0.9696969696969697,False,5
0.89598428750348647,-0.44352981243484008,-0.022214005230575748,0.44408413940190644,0.89472450066870135,0.047511525283976397,-0.0011973631599164411,-0.052434467525257225,0.9986236492977747,-5.8030838733685979,1.5271568946847172,-2.3657499717719919,0.5149654305006385,0.2006951371142341,0.1532258064516129,True,7
0.83852939511491742,0.50287663670160965,0.20972253524094203,-0.53334340827758298,0.83627869484456763,0.12721145151250307,-0.11141482116425142,-0.2185246732264893,0.9694502074971123,-10.450957160868951,-20.681900129229167,-5.2143780489576255,,0.2853937972467195,0.3243243243243243,False,1
-0.13073299066010727,0.98579261747519398,0.10545994729977368,-0.98740450513730371,-0.11990374107664896,-0.10322517188351235,-0.08911357016538525,-0.11762656250707432,0.98905144628838659,-21.249723689856339,-4.8940127817934203,-2.8455144929074239,,0.2292783460427761,0.425,False,1
-0.54918874792532058,-0.83545445749174296,0.020188328543876231,0.82694158551129304,-0.54676351687974667,-0.13121459812596703,0.12066206240690042,-0.05536701243942807,0.9911484049471323,10.358276997908472,7.3317344993829039,-2.041092971793347,,0.2985729238678735,0.2352941176470588,False,5
-0.41471943749381263,-0.90969448232163164,0.021534553591727974,0.90198461759542914,-0.41409863272272945,-0.12225412875806757,0.1201313355708812,-0.031277327423318908,0.99226518179527579,-21.334985662822934,-5.9983606768744959,-3.0050437114866222,0.2298596991316135,0.24779774805068,0.9782608695652174,True,3
-0.56368670781294283,-0.82578454740750096,0.018362371796576391,0.81620607775722664,-0.56028432703121356,-0.14102876130543424,0.12674752095079017,-0.064508558704794022,0.98983519425541766,-16.368112382521186,-17.968285411965461,-4.9812199129654999,,0.1066472683317024,0.2307692307692308,False,2
-0.74125433165341215,-0.67042956890809113,0.032652854986470276,0.66082102299465817,-0.73743327622732535,-0.13967010661172108,0.11771827119589159,-0.081953378492576501,0.98965956388058329,-9.8525734092541715,-15.50333749633211,-4.4790799288383161,0.2780795739886207,0.2236161290949479,0.7319587628865979,True,5
-0.94156196234494771,-0.33638165119693036,-0.017562909871606185,0.32001257485432827,-0.87703445563631333,-0.35833296745041243,0.10513335817063182,-0.3430130440154458,0.93342864142634052,4.1552673004034784,-5.0713403443299869,-3.3778505317281993,,0.3578701083166277,0.364963503649635,False,6
-0.36644486546211902,-0.930036140661337,0.027403241418088184,0.92254439950615785,-0.36700639992309808,-0.11923981447197934,0.12095450184376937,-0.01841411087334005,0.99248724374899278,-17.547569976404226,-12.25920001243632,-3.8925945613349291,0.2275189782896542,0.2103550636144431,0.9772727272727273,True,4
-0.024813498261774029,-0.98206853905184188,-0.18688412160639437,0.99346924845736562,-0.0033983313838333445,-0.11404956691440178,0.11136939738352669,-0.18849359657130627,0.97573921791534224,-4.6106292656945369,0.080225455767734988,-2.5795807291450381,,0.2890639161105534,0.1752988047808765,False,4
0.35681121555711415,-0.93321065806941772,-0.042469096038165094,0.93134345351865466,0.35889920750869692,-0.061568908042735918,0.07269888610288526,-0.01758483765274732,0.99719889964045094,8.7471501513755126,-10.024670353917376,-3.9976116323759818,,0.1581171390751251,0.3703703703703703,False,2
0.86453975562568564,-0.50184514532610425,0.026878635666662126,0.50163536870838865,0.86495700072383086,0.014537666925407644,-0.030544521660668345,0.00091488330196482989,0.9995329885426818,-4.7521122700819314,-13.326000670783412,-4.2547645054928047,,0.2160252397105928,0.2653061224489796,False,5
-0.17524872777724382,0.95095542684791179,0.25489538944626938,-0.97765700183239557,-0.1375667810397698,-0.15894076733943527,-0.11608044702080539,-0.27705442949511527,0.95381663485000501,-10.355247480931919,-17.678366566717358,-4.8434679017239661,,0.2552717428779157,0.392156862745098,False,2
-0.12176467070094105,0.95166020836506904,0.28198619254077928,-0.98574267994895248,-0.082707442233340464,-0.14652934151997193,-0.11612378695232668,-0.29580792216195401,0.94816292866262109,-10.267610264912756,-6.7034399850269573,-3.3161486747739786,,0.3342091402006867,0.5294117647058824,False,5
-0.29718421306604037,-0.95411249101284268,0.03675456430955925,0.94779144171947871,-0.2994400084122249,-0.1096679732893678,0.1156413702254907,0.0022440711561801108,0.99328849668010166,-5.1249572103926582,-1.6463071365686925,-2.775599805804509,,0.07680213043500933,0.1827956989247312,False,5
0.44066902275256614,-0.87376925767424185,-0.20576223348735206,0.89589623231091753,0.4424899997122218,0.039655278157912893,0.056398167677699396,-0.2018164624060266,0.97779822161042829,1.7633269588175873,8.614483509960067,-1.649103475951196,,0.5042492404318115,0.4697986577181208,False,3
-0.85000436276165203,-0.52463789105153147,0.047409561895890233,0.51490746650939656,-0.84647865692787694,-0.13544070399423314,0.11118850758524132,-0.090713651886474372,0.9896505186894955,-14.04062602333072,-2.9105291827241726,-2.5991324808883647,0.2841001649275205,0.2237088942476685,0.9479166666666666,True,5
0.99460627857117878,-0.097206291861151845,0.036184077290933273,0.094503448582264407,0.99305208301304126,0.070118889249046135,-0.042748670538988669,-0.06632116740577805,0.99688216651773098,-0.35229153316199924,-15.450660918258661,-4.545474714782193,,0.329213346538464,0.5294117647058824,False,2
-0.10967172690029797,-0.99364096238824762,0.025490197779996226,0.98830641574812006,-0.11174441129889147,-0.1037478439996137,0.1059364947022999,0.013813920791038371,0.99427694063704841,-17.20245105179665,1.9121727863430404,-1.9723242692829162,0.3277451249853896,0.2912838578369744,1.0,True,1
0.70372477128353272,0.69540243276897973,0.14555721480203176,-0.70053387652527543,0.71331047702255257,-0.020986929511691843,-0.11842184816329303,-0.087198737770930637,0.98912721426960404,-12.546918444168544,-16.468584967678698,-4.5685525820104962,,0.1798000687604949,0.1666666666666667,False,4
-0.21707485162210793,-0.9570959893438048,-0.19195253573538562,0.97099624627084269,-0.19152221842370434,-0.14312766880654879,0.10022374230277975,-0.21745460913042894,0.97091127012037493,-9.7577363790623721,-0.93090366295809457,-2.5294264185676192,,0.2760794334640326,0.2549019607843137,False,5
-0.50469921865362422,-0.8624935300737,-0.037196898680253311,0.85489169830344014,-0.49332490648815019,-0.16059489658864531,0.12016190270747629,-0.11285143871243163,0.98631925354737637,-20.646605114712969,-12.930822091271672,-3.9680356618655481,,0.2000975280823436,0.4324324324324325,False,1
-0.3678158958754999,-0.91819776306006495,-0.14705214943276834,0.92246365314445122,-0.34032647280404599,-0.18231483904540269,0.1173553380494369,-0.20270855882337754,0.97218154930601963,-16.040036421585462,-17.882927647530128,-4.9682862500048994,,0.1817262175279282,0.1176470588235294,False,1
0.99441511436170493,-0.099621281153367172,0.03484509535586227,0.086391429119416566,0.95799997794520964,0.27344572264287237,-0.060622613798005966,-0.2689082419680357,0.96125608247644323,-0.2653743793301942,-15.778534851719296,-4.5534549119794274,,0.3323883490622942,0.3863636363636364,False,1
-0.23180577381645182,-0.97183173149574742,0.042534325941917341,0.96628880496306935,-0.23507895836819193,-0.10499442240218486,0.11203583635783028,0.016762129652975119,0.99356278230472095,-3.8546155842841894,3.139636635893337,-2.203361370323802,0.2445696254500492,0.1965186653398584,0.9483204134366925,True,5
-0.73631874060096936,0.6704933280860137,0.09095828292104273,-0.67627452800060417,-0.72486054562343927,-0.13126291241645816,-0.02207883641325575,-0.15816411220827534,0.98716596304370507,4.289444390110928,14.464616825478927,-1.0507109457291042,0.3948157590197466,0.3164626256825017,0.9711538461538461,True,5
-0.91995107400299669,0.38302353438203773,0.083564307872594445,-0.3912970553473134,-0.91017763329894807,-0.13587969060476751,0.024013244621566884,-0.15770113490973323,0.98719487241928461,-6.4584867606075136,0.12568731183902859,-2.5561124386661871,,0.1944286143615375,0.4489795918367347,False,5
-0.69497974373139093,-0.71536209959486186,-0.072527389766074563,0.70730352799578999,-0.66201718487278138,-0.24790112185672958,0.12932468862424418,-0.2235851367965847,0.96606667032658466,-12.948191297539974,-11.8363202533414,-3.9484582486679924,,0.2619961910254026,0.1818181818181818,False,5
0.84717269022101671,-0.52770572085167056,-0.06184743425644619,0.53118668295629423,0.83862190677062975,0.12063998232047157,-0.011795795588945078,-0.13505543182268887,0.9907678282734117,-0.4790522230470724,7.4320145693531021,-1.7001941376384748,,0.288667196397446,0.2807017543859649,False,2
-0.94452653349105531,-0.3260720338239313,0.039327551275077338,0.2984844827033547,-0.90217538621257098,-0.31142669458077543,0.13702788444940545,-0.28241211247062653,0.94945603248028154,5.0887251112774425,-4.4022969706574981,-3.3407375094175022,,0.4482907952452341,0.2,False,4
-0.38675102772030362,-0.92108018893680277,0.04511017740412987,0.91400358737992715,-0.38936246536324887,-0.1139925998601508,0.12256053530363058,-0.0028558911737030443,0.99245693058776685,-9.1193347935782949,-20.604504910796283,-5.1830012158327499,0.2939949540928141,0.254661059781963,1.0,True,3
-0.68517372088255724,0.70728168805268843,0.1740390357284545,-0.72792824719861526,-0.65650362969287357,-0.19779648917620438,-0.025640576091462992,-0.26221288668831755,0.96466935418944288,3.3385944025944396,5.9450033018616804,-2.0238515353178332,,0.4141237818013928,0.1428571428571428,False,5
-0.65300619023634732,0.71778685735365433,0.24158837497565364,-0.75726909871998438,-0.61408766217557054,-0.22235074834046703,-0.011244004483942829,-0.32814382604904785,0.94456085128966583,1.5601295149527288,10.073138221567428,-1.4429878973351709,,0.2970828065461378,0.2835820895522388,False,5
0.99705870314080181,0.00089890167690143824,0.076636378221816293,-0.020788175130465391,0.96561783283492053,0.25913327205501052,-0.073768518122076326,-0.25996421462764124,0.96279635066150226,7.380052155395008,10.252442211837501,-1.6648605339927753,,0.226033634307173,0.3333333333333333,False,5
-0.91738327014349175,-0.39309964022892069,0.062294530359621528,0.38466029156337017,-0.91588673379377394,-0.11483880422119852,0.10219782656796347,-0.081388965544876124,0.99142898915268707,-19.716266612065422,-6.6122230706082634,-3.0769691153436507,0.1547192307262687,0.2715950166025946,0.8833333333333333,True,2
-0.65503982983632192,-0.75430947768432477,0.044045808013982377,0.74568404175287029,-0.65475936883549124,-0.12347258318045264,0.12197594518226583,-0.048035203733837448,0.99137000559788113,3.0304505628380203,-17.178274957430808,-4.6922984446439688,0.3075235519530832,0.2848795992622605,0.8771929824561403,True,5
-0.28613926411621188,-0.95782499574449409,-0.026374211989963571,0.9509191146399314,-0.28047700243629997,-0.13071147048654805,0.11780135374196998,-0.062481426291390849,0.99106958001199497,3.1817678550462087,7.6457770300407875,-1.83341151411812,0.1705405392013794,0.1791026791637728,0.3265306122448979,True,5
-0.56565802466307469,-0.81826618875936319,-0.10233007117897977,0.81545262385324424,-0.5365611963240593,-0.21711540905738025,0.12275185287859303,-0.20625839845330143,0.97076745705774026,-4.2483357128438284,8.7791780053285908,-1.4912009664604766,,0.2309077677468206,0.2222222222222222,False,6
-0.84154513793821406,-0.53961433010607029,0.024862734297118372,0.5301306145425464,-0.8338432132677015,-0.15384091527333216,0.10374638469505412,-0.11628357765209804,0.98778277836330708,-18.5359198713717,-3.8969250991955411,-2.7428648364807087,0.2447150013725121,0.1840601499176071,0.8928571428571429,True,2
-0.69454551907482343,-0.71895679527317202,0.026601662797916169,0.70866011662009609,-0.69004180104737645,-0.14711611712958156,0.12412639141244559,-0.083327302475378034,0.98876144727487303,8.1534252345414941,2.5108627979079796,-2.5297845622150694,,0.1769811220750668,0.2564102564102564,False,5
-0.038101706863545491,-0.99848231804013354,0.039765820691738181,0.99400085565570673,-0.041953387645064164,-0.10100600091493123,0.10252101682000891,0.035678758755119402,0.99409077416697067,-3.8295046107406003,15.577169321526791,-0.76173128626334552,,0.1281900224913048,0.3793103448275862,False,5
-0.44273215705287855,-0.89554248890179344,0.044630568928553223,0.88862062971764488,-0.44486963909631744,-0.11155438427299944,0.11975647603165779,-0.0097290689119430215,0.99275562535126716,-0.48707971821664198,-5.1191959547906478,-3.2903120984488528,0.3098431889135486,0.2759151725652936,0.9463243873978997,True,5
0.95760295540277696,-0.28334605128590995,-0.052072977872881766,0.28572917667046654,0.95720664536191746,0.045981253508376757,0.036815993848931541,-0.058910553347143874,0.99758414647650095,2.0792002837524119,4.8473643690643051,-2.1377822797265358,,0.2225104225461193,0.173469387755102,False,2
-0.027196104632889406,0.98039710744793107,0.19514580087854166,-0.99669281293008449,-0.011640023143525271,-0.080423544529786534,-0.076575508789124586,-0.19668762434110768,0.97747131409813692,7.9519239707458906,3.7426067547033166,-2.3438860996290094,0.3000148234343266,0.2110660829218279,0.3043478260869565,True,5
0.94787297763354705,-0.3175125950123393,0.026880667414380818,0.317237590831423,0.94824193066196449,0.014055315647237804,-0.02995211571136662,-0.0047950957236477573,0.99953983303388827,-12.889302358950179,-5.7398095075576379,-3.0503615352606404,,0.3185479326196622,0.4432989690721649,False,3
-0.83772428425973089,-0.53819514748036323,-0.09254191909676357,0.53459288286862194,-0.77362605608771695,-0.34016639300257234,0.11148306215626491,-0.33443789942342778,0.93580062955819143,-1.0583751131216121,-12.753329932746437,-4.2081064541900997,,0.3245543764741948,0.1625,False,1
-0.67357926708194982,-0.73864428090112799,0.026374177700901485,0.72911622174890589,-0.66989348557271033,-0.14011514254299909,0.12116313853620356,-0.075148814224180724,0.9897838903421069,-1.0188578072946433,-20.710039427045906,-5.1312291941623789,0.2991040246652751,0.1947254602127163,0.5526315789473685,True,3
-0.31300085075942874,-0.94906240988043433,0.036207866214628806,0.94256066373771441,-0.31508760818470655,-0.11090173282127042,0.11666131577431019,-0.00058422631196564101,0.99317158441098363,4.132361384758731,8.3113644711372778,-1.7730876109552378,,0.2304295363696228,0.8080808080808081,False,5
0.88510229820994968,0.40357107111765017,0.23178505616285436,-0.44183712758493809,0.88511944713676205,0.14609420586663699,-0.14619806561974791,-0.23171956079982717,0.96173393969006771,7.4474368689674817,2.603758375582264,-2.4586772761694986,,0.5028798177006957,0.3095238095238095,False,4
-0.95371022375382131,0.27313301031489684,0.12583786307689598,-0.30034284416484519,-0.8862402334562397,-0.35266474811412973,0.015198192866545529,-0.37413447753415291,0.92724991650247091,2.5011090902397899,9.8219654708546269,-1.5020821911461812,,0.4243438968553099,0.4,False,6
-0.67513707713885429,-0.73750062092984203,-0.01681550476502968,0.73145470747900709,-0.66629646886587679,-0.14499319461155466,0.09572845960948631,-0.11019006173408674,0.98928975144587128,0.27719030050346061,6.777338193162211,-1.8032417601854167,,0.2673462952452944,0.1333333333333333,False,5
-0.73522245426809363,-0.64325791466473481,-0.2136988487595998,0.66746195877147207,-0.63213844865380775,-0.39356767566265821,0.11807826359221006,-0.43199564460157958,0.89411256937385408,-3.6939613043421105,8.9972289319495786,-1.4631227018448447,,0.3600893784491691,0.3809523809523809,False,2
-0.9980118440527036,-0.001000257431842658,0.0630187163911652,-0.015161010323401464,-0.96670468700922185,-0.25544508584111403,0.061175999350184578,-0.25589264858426564,0.96476756242321626,1.0519922916964826,7.6913561400634256,-1.7250506382487012,,0.2510144266952619,0.1944444444444444,False,7
0.51798588550234914,0.84876295033409543,0.1062641828675541,-0.84688887638088461,0.52633576110593672,-0.075828079517793315,-0.12029070405758517,-0.050716079513268994,0.99144239661017808,-19.255305937151135,-11.51825356794688,-3.7688377604939776,,0.1524682741754823,0.2631578947368421,False,1
0.94679019025209621,-0.31489224325492798,0.066567340192309449,0.31621977791105832,0.94863142893704533,-0.01017172997773988,-0.059944872176695016,0.030680403692559265,0.9977300863104116,-1.3316169823157391,-15.308719043405528,-4.5106250185917407,,0.106477960319791,0.2352941176470588,False,2
-0.40077607913548929,-0.91590122149531394,0.022438512788850156,0.91134402247354818,-0.4010548258168391,-0.09277445440829761,0.093971309954242341,-0.016732577578376907,0.99543428399521527,-1.8210027876760222,-13.811284697880147,-4.3072000726457933,,0.309091729436472,0.8125,True,4
-0.9075777468960482,-0.41850564898896586,-0.033994927613075494,0.40985749839745472,-0.8654095874921629,-0.28824135179398819,0.091211097715542186,-0.27553451261315653,0.95695416191819627,0.94611988380956746,-16.448459028634996,-4.6187442035941313,,0.3057179573674795,0.4444444444444444,False,5
-0.81254681121355743,-0.58164776904895055,0.038125481597746515,0.56634306845620286,-0.80325845658196049,-0.18447596250238471,0.13792464753731953,-0.12830325284242611,0.98209727975988248,-11.162937466936631,3.9918919051220896,-1.9014927087046718,0.2186950033015211,0.2877316470902169,0.8823529411764706,True,6
-0.408270945900227,-0.89847775711948874,-0.16140803788927754,0.90580066842125195,-0.37678221352418684,-0.19380483136244694,0.11331365240493425,-0.22532839042905076,0.96767098367436166,-0.030354870261307274,-15.987669704260226,-4.5944520437999721,,0.2473123031444208,0.2972972972972973,False,3
0.77373910585234806,0.62162401760047492,0.12211214852361522,-0.63026358293079177,0.77481729029636481,0.049254265693844612,-0.063996969506765838,-0.11507279174524006,0.99129341796155723,3.0613583686993775,-6.6779104915562399,-3.5315346723979837,,0.5512686277761758,0.3614457831325301,False,5
-0.99589661970498111,0.020226807296214747,0.088208838144451684,-0.044492593201597826,-0.95820267427179151,-0.28260934904667306,0.07880565976114548,-0.28537433536495349,0.95517074740834806,5.1835658740754678,6.8001063328816986,-1.9912463096686073,,0.2301975886005415,0.3666666666666666,False,5
-0.88286085416145266,-0.46943277841709086,0.013768759454750347,0.45284213336163309,-0.85869664361939613,-0.23994598660796629,0.12446169869400453,-0.20560384428408901,0.97068859309966582,3.0210142321348421,6.3656875749013171,-1.9825823064602348,0.2560507686538218,0.2328601840322387,0.1521739130434783,True,8
-0.44649307224486223,-0.89219285313179852,-0.068087071150725625,0.88522619937963998,-0.42934762722431313,-0.17898377280840014,0.13045502048300317,-0.14018747382484709,0.98149322963196539,-7.5821957882241673,10.405252107333771,-1.2783551111808187,,0.2271037854911316,0.2203389830508475,False,4
-0.68643089840745086,-0.7256576774043676,0.047260521956905936,0.71689617242305326,-0.6861777771012304,-0.12336910544212609,0.12195285841962131,-0.0508034785867406,0.99123483942341906,-10.014519894893128,6.6936216799196364,-1.579914385278508,0.1445400361718117,0.1787681516130561,0.6825396825396826,True,5
-0.85709506304072292,0.50089513613213077,0.12038320277510732,-0.51508940445709162,-0.83707440763084517,-0.1843619849792999,0.0084236765878806033,-0.22002385936221325,0.97545811954388861,-12.373973911426079,17.557960599360683,-0.35210501022993018,,0.1749008029807179,0.3333333333333333,False,1
-0.47760262157564398,-0.8776769228485426,0.03973606627720732,0.87000847618307542,-0.47876209221564442,-0.11777992370053038,0.12239684323411283,-0.021681285857009812,0.9922443925817428,5.1981048405627241,2.9820357170749965,-2.3695548285403016,0.3114498246805693,0.2905554362279655,0.9899497487437185,True,5
-0.11898641050693658,-0.9916657683938046,0.049408884935810519,0.98721179669932513,-0.12347574197001024,-0.1008296067762128,0.10609006820793829,0.036779681087264253,0.99367608026295695,-9.1220831623608323,-1.4021270441138891,-2.6477164167701641,0.1922009129954506,0.1908500230541117,0.7967032967032966,True,5
-0.41229001721976205,-0.91105255837552801,0.00042140044146596334,0.89741736296975894,-0.40619914994936601,-0.17217528051615122,0.15703190230437564,-0.070607977295886762,0.98506623899149615,-10.83829336309944,10.173074836894411,-1.2338892461419988,0.4273456106182493,0.3126079631568795,0.9207920792079208,True,6
-0.9086587303207363,0.3732527313103004,0.18714088377825672,-0.41132847674197504,-0.87721714037509801,-0.24758629375080621,0.071750930537748198,-0.30194782198508191,0.95062049039847207,-11.187775942404834,-3.7178788299295924,-2.8513197049087537,,0.3393540380030933,0.2615384615384616,False,6
-0.78967333520477445,0.60821287105728428,0.080579942583896058,-0.61342048943387995,-0.78024303975945652,-0.12221334644638085,-0.01145979097837032,-0.14593800871321755,0.98922736052110583,-15.205590527051442,-14.173365944109474,-4.283770774980411,0.2393590159096208,0.3036987901179743,0.9848484848484849,True,3
-0.58700648738762773,-0.80804320636497606,0.049895494909354479,0.80045237224946608,-0.58851308258923429,-0.11370290841276273,0.12124101420329154,-0.026805377608379047,0.99226109880728031,1.4891993058141728,-7.6561319553755114,-3.6049228224612024,,0.09173598201534824,0.38,False,5
-0.97386178090456699,0.14275872457436592,0.17667251696652436,-0.19907563104580903,-0.91096985305330169,-0.36125174041346853,0.1093714991078549,-0.3869804560774967,0.91557850662679618,-5.6936981816836116,-3.2394036233653818,-2.9652271215746855,,0.3342781679414017,0.3253012048192771,False,5
0.33391951874885734,0.93216374900965837,0.13988745487280768,-0.93604138312305241,0.34540210798037996,-0.067260039278863967,-0.11101479216580064,-0.10848100679367893,0.98788035059181922,4.1238369309516685,7.3909069998708841,-1.8873516753755124,,0.1335580199419396,0.4090909090909091,False,5
-0.83970240531903984,0.50961383235651914,0.18759960653562072,-0.54235702942908026,-0.80441140706251635,-0.24242759912304795,0.027362805599606722,-0.30531300342206702,0.95185883764931967,2.189064064633476,-7.8473832113692197,-3.6738039430273655,,0.2807912700332237,0.4300518134715026,False,6
-0.61561190889688,-0.7869062796932953,0.042432117595022197,0.77879695336746757,-0.61572822240043479,-0.1198084369531308,0.12040466373812606,-0.04070949666673495,0.99188983956448051,-4.6018967786231375,-17.629632503334133,-4.7543006245888781,0.3582283612796013,0.2975443141081779,0.9919354838709677,True,5
0.7585951192062409,-0.65092738976317543,0.02875723165688231,0.65125123969086984,0.75613041986082175,-0.064332036826157332,0.020131267162645728,0.067530151911541214,0.99751411552179547,13.552131704471977,2.8709551326378286,-2.6945054872905709,,0.1588807143371694,0.8536585365853658,False,6
-0.51819628232588499,-0.8545959667321934,0.033739392832410474,0.84663073452067195,-0.5181578354101134,-0.12136250231473301,0.1211982357487906,-0.034324790577276089,0.99203467500042919,-7.0804647180538449,-7.8824428387403325,-3.4933117936734384,0.3215940249295088,0.2892775207611361,0.9583333333333334,True,5
-0.92676914506339059,0.35491493784929218,0.12302169991471129,-0.3744080854290206,-0.89921518782747745,-0.22634184665185017,0.030290878558527239,-0.25582695884489476,0.96624791322120074,2.3889599054991817,-15.901427015303211,-4.5108798112624742,,0.206947301582921,0.2181818181818182,False,3
-0.65510013867954908,0.73896638487307342,0.15739278995448577,-0.75414100747687229,-0.62685933939837835,-0.19575165248548301,-0.045990750633190865,-0.2469332918758623,0.96794049415216965,-11.224814111692966,-4.00873991473415,-2.8788938727084741,,0.34234482586155,0.620253164556962,False,2
-0.66000871637399383,-0.74980474125962349,0.046704863718275764,0.74188245013714316,-0.66030232716150439,-0.11666733443261393,0.11831705071063439,-0.042351938913009188,0.99207226993876141,2.9541079913137636,-1.3452823956796249,-2.889176272146424,,0.3714833484064676,0.9961661341853035,False,4
-0.64977863333074137,-0.7476244716180539,-0.13727846555327403,0.7544283599285081,-0.61223948694803243,-0.23664458657909967,0.092873986683122356,-0.25733336367334431,0.96184924106543201,6.59767977294368,-2.9764590913036995,-3.2116781367341618,,0.2874641120027296,0.3288590604026846,False,4
-0.96007287421418319,-0.26569258191168582,0.087564422656807764,0.22404596702291948,-0.91770324802035752,-0.32806120348747708,0.16752158326282254,-0.29534420679943801,0.94058934644781578,4.6480813569639192,12.786542279908961,-1.2649660974172401,,0.1117262351052037,0.2692307692307692,False,4
0.032980591159804923,0.97901873668424932,0.20108354937171166,-0.99517168325616356,0.050776598114985395,-0.083994392247117966,-0.092442422360317009,-0.19734246959295176,0.97596636634830358,7.4556945829087198,3.1494325930169693,-2.3946387046433939,,0.2290722251227334,0.2592592592592592,False,5
-0.9707655045686252,-0.23800391978278207,0.031120239517930116,0.2136821481734279,-0.91596917172745473,-0.33961804427460773,0.10933560578151752,-0.32303964247898648,0.94004846401418962,2.1732095660912494,-6.6220918146674075,-3.5066252059925915,,0.4857174388801896,0.6133333333333333,False,5
-0.71410125127686397,-0.6731325538876598,-0.19222894636733301,0.69289329464212168,-0.6404948327738047,-0.33115744205746395,0.099791207853215685,-0.36967409171692556,0.92378719451422542,-8.2004404573034808,0.24606677930806939,-2.4736656568800086,,0.3820970615490691,0.1818181818181818,False,4
-0.81086983480554642,-0.58485263796440601,0.020916569233526413,0.5739266815839601,-0.80169461135044462,-0.1670147128180107,0.1144476962129379,-0.1234226154225172,0.9857325107927688,-11.46592785567853,-14.169844129781827,-4.253319906411253,,0.09073819574764704,0.2258064516129032,False,3
0.90221248194036319,-0.4304626219894282,0.026731414122641409,0.43084119030241402,0.90236958212668872,-0.010247243107502441,-0.019710559855284762,0.020762184916131687,0.99959012875663189,9.0899122979090041,10.838488717310279,-1.6333287963966661,0.3578435784543933,0.1460551169625489,0.2903225806451613,True,5
-0.65659775465386594,-0.75202074426376042,0.057828961433552324,0.74470243956540461,-0.6585408549113384,-0.1083615195444404,0.11957284427844832,-0.028084561766660451,0.99242812953963488,-6.8055808238269382,10.554772376640326,-1.2582678248849442,0.3962774898585791,0.3018571548686262,0.9793103448275862,True,5
-0.91376714658848335,0.39813027225873898,0.080758207797869172,-0.39639993406792701,-0.83035528813720194,-0.3916339971625647,-0.088863345010666436,-0.38987482834079817,0.91657019596959888,-4.9694635339162243,0.02124884191221843,-2.5920747069933872,,0.6667051091146053,0.3610619469026549,False,2
-0.60494210656001923,-0.79457455201758087,0.051926187967032689,0.78704995264701605,-0.60655985680128843,-0.11241668984421865,0.12081978210978944,-0.027137085386272818,0.99230346106807565,-2.9082652623309833,-9.4873657141507763,-3.8049270087165619,0.2838549710107598,0.2478365315783217,0.9694189602446484,True,5
-0.98718068972311757,-0.15397830833789905,0.042011503176967703,0.14193608183187156,-0.96731221102001885,-0.21014574724647345,0.072996126691802846,-0.20148887555634759,0.97676701342491756,9.0014535240121525,5.2840153529368727,-2.2138585703090943,,0.1062583038456321,0.2,False,2
-0.51729860962126173,-0.85559016418876399,0.019173404167057755,0.84809174723146696,-0.51550877460542643,-0.12243811327641792,0.11464090352830737,-0.047076259922126454,0.99229092961185428,-15.640840295954105,13.538633425727769,-0.80983705246209159,0.1674305743990454,0.2006188531020375,0.9649122807017544,True,5
-0.40846453179275327,-0.91172996628034431,0.043648537819382036,0.90497159362549395,-0.41074879504716744,-0.11095874052202662,0.11909299306953861,-0.0058220231658144134,0.99286603479421953,-12.812871873954276,-9.702149671035972,-3.6516358952134653,0.2406828061025169,0.2620664864466805,0.9831932773109243,True,5
0.66386595899995204,-0.70762429613466016,-0.24197075030052811,0.74625933929238719,0.64792111488799686,0.15262774125690498,0.048774860327462914,-0.28189729406686714,0.95820401199213023,4.0490582539332358,-8.3175383440233777,-3.7596480629291116,0.5910820286130763,0.5538634342152555,0.24,True,5
-0.71102833668443721,-0.70215977945743313,0.037554607494317417,0.69257106362430743,-0.70855327175009419,-0.13526855851428704,0.12158958122330585,-0.070170543709782124,0.99009699955782904,4.5797730166687725,-10.85650932721857,-3.9925727963209923,0.2198489479936049,0.2475971724848463,0.9121951219512195,True,5
-0.76160176604682972,-0.64471981855536253,0.065567564513949753,0.63746643445151374,-0.76353162018681353,-0.10322795126599194,0.11661601477509152,-0.036821468423198375,0.99249427432158799,0.43970195642748172,4.7897850884527182,-2.0624962354572194,,0.3121722610494939,0.9885931558935361,False,5
-0.96339969847584905,-0.26647377612119694,0.02920184268764241,0.25124331655110949,-0.9355427054810298,-0.24826727957915534,0.093476290389822803,-0.23184385448173053,0.96825131565829148,-2.8223203012070983,9.1284789779489177,-1.4066339162665069,,0.3715248903376264,0.5106382978723404,False,5
-0.97970496036084009,-0.19111350984258366,0.060446811330409883,0.18264645678179622,-0.9753828100059001,-0.12356636180631958,0.082573981794635917,-0.1100181816821364,0.99049358262935583,9.5402849907332374,2.2873761477569747,-2.6263067447355892,,0.09402724256997938,0.3387096774193548,True,4
-0.74464097050388578,-0.65265245586434073,-0.13983775206028892,0.65810286485081582,-0.68293519393399416,-0.31701757074566911,0.11140217377672117,-0.32809189679201367,0.93805397655851275,-4.132192580546338,8.1855087402538125,-1.5601792887884833,,0.6134865717812438,0.2105263157894737,False,3
-0.53255240472958498,0.81860110909694261,0.21512824175824252,-0.84463709205442572,-0.49760996397806689,-0.19741455487271259,-0.054553816938697798,-0.28683888846354705,0.95642424327409059,8.2686715755353468,1.4917614216428143,-2.6711581395691617,,0.227220847773252,0.4814814814814815,False,2
-0.99663364141715183,-0.046268357823864917,0.067680306292683401,0.01515795280632767,-0.91528986689606995,-0.40251049181865517,0.080570598001440785,-0.40012960228113259,0.91291000658117094,8.1554619597678819,6.2661620879454087,-2.0818811405399162,,0.3425206953536061,0.5454545454545454,False,4
-0.60357337474873884,-0.79727529466644642,0.0071614111004471848,0.78911787882122908,-0.59863371363358198,-0.13758869948491595,0.11398313304652695,-0.077393678138449107,0.99046356013994763,-12.065397991445804,12.656929052059324,-0.89326372484202332,,0.0983416041449303,0.2941176470588235,False,3
-0.95280665645505891,0.27011846507883097,0.13854779044931625,-0.2917871292741252,-0.94082054106760449,-0.17238613834999822,0.083783928082278247,-0.20467712214294004,0.97523716554814899,-3.3531689260988524,12.437352948579045,-1.1324276317610555,,0.2124343060032093,0.3157894736842105,False,4
0.20056568596694896,-0.97946919728299164,-0.020334630225817329,0.97609759821801889,0.20156266783818974,-0.081277116625580181,0.083707134496551885,-0.0035471830746466593,0.99648408573675318,9.9658623539221249,-4.7324641282710278,-3.4620041461859081,,0.1250407251656282,0.1851851851851852,False,3
0.97985824867059568,0.10923376879534791,0.1671699622149771,-0.15477635238199461,0.94439086206735423,0.29012097543439275,-0.12618277717468798,-0.3101513878712191,0.94227598045691441,-9.2430412633586272,5.1957296800261874,-1.8149900700650987,,0.4018814289219224,0.3214285714285715,False,3
0.9897642452432831,-0.1417096429572699,0.016885376244451269,0.14191893428263078,0.98980660174450419,-0.011912482322260942,-0.015025143263075268,0.014186903676240295,0.99978646561853646,10.475637636434003,3.9910348312260377,-2.4447537054604629,,0.1504600687827103,0.4594594594594595,False,6
-0.84931042551948721,-0.51853872395341627,-0.098941360737917566,0.51610690974906814,-0.77624681598376932,-0.36204217763173346,0.11092997256456506,-0.3585505158772237,0.92689593199614473,4.8622670737118447,-8.2385079618448831,-3.7149146494735792,,0.3899354795219839,0.1774193548387097,False,2
-0.0026989339109557064,-0.96603621911297877,-0.25839260654601443,0.98356842497071495,0.04407978202127133,-0.17507177447430677,0.18051556485901599,-0.25461931619352129,0.95004375407913344,12.74473756843855,13.435739462803319,-1.4063741646256747,,0.3596894227951541,0.1538461538461539,False,2
0.11608124059062708,-0.9925992314728822,0.03566386493896017,0.98929148672414891,0.11234685499259336,-0.093169407363125789,0.088473159082649744,0.04609717835959827,0.9950113317290511,-3.6746607654468262,14.27296827061938,-0.92163182887636141,,0.09484691068369255,0.5185185185185185,False,3
-0.60388335104591129,0.77648471736659275,0.17998994979076671,-0.79622912355858988,-0.5772763329011833,-0.18102822506250524,-0.036661711998753427,-0.25263317115589595,0.96686731235730372,14.055308391292636,-11.453335283302083,-4.344134935162697,,0.1791974755725309,0.375,False,2
0.23094350400579225,-0.96679231512713848,-0.10944275841110634,0.97021964725765997,0.23727713145469856,-0.048717542670467115,0.073068009639963058,-0.094932514449659694,0.99279851111266126,-8.7395528375383833,3.5107399534977719,-2.0282046963186375,,0.4441754170831114,0.3947368421052632,False,3
0.11184043865412077,0.97337992994271816,0.20005806223785183,-0.98910801534343118,0.12842796670009365,-0.071913777210346724,-0.0956924775780916,-0.18983616450505425,0.97714133081196475,9.7397477221863138,6.6331049409209655,-2.1062794475294111,,0.1781598266279567,0.2083333333333333,False,3
-0.97885580360128366,0.18742844301732303,0.081926152748600267,-0.19671695366304853,-0.97234735560972607,-0.12586921855760785,0.056069206322320354,-0.13932407827391105,0.98865820449511765,3.663664293638206,10.858810749239792,-1.4258349238848456,,0.09386427374655816,0.3793103448275862,False,3
0.23450153385460201,0.9316768209584263,0.2774659112551307,-0.97116748113915874,0.23713126951575922,0.024545561628658702,-0.042927312956448221,-0.27522184198686978,0.96042187787226829,-0.79997253054621487,8.1640964433559109,-1.5950826688776145,,0.3905408266967803,0.24,False,2
-0.59416099206522111,0.78703769062785522,0.16596502354184745,-0.80360681639363707,-0.57199632580835424,-0.16442715076114209,-0.034478981332933673,-0.23106682321985672,0.97232675734720386,11.772478508363204,1.3098268691345689,-2.8104831689547178,,0.19328088830447,0.2916666666666667,False,2
0.95792011056386206,-0.28256334496512836,0.050467988462361051,0.28480047818012338,0.95755236459135051,-0.044521418372364327,-0.035745620790415614,0.057021269256584545,0.99773284272227736,3.5810842077439511,-16.399981739826128,-4.6131981097011376,,0.09672900962644733,0.1363636363636364,False,2
0.56708515015611405,0.74823302313341356,0.34432800578089862,-0.80796886667716827,0.58655007143333027,0.056083189834099489,-0.1600023217107488,-0.31001025272430621,0.93717282304438509,14.656198482943489,2.6703796405495734,-2.7826227221260322,,0.1434908347865388,0.5263157894736842,False,2
-0.36723806523418479,0.88917026892911855,0.27296966185928306,-0.91991751079080109,-0.30385050704375105,-0.24784398864953597,-0.13743353587646889,-0.34212731873057733,0.92954877278963532,-1.9392022192313112,11.124562751606044,-1.1980078622968162,,0.3197554436158052,0.3103448275862069,False,2
0.96747762315904939,-0.25289681214925996,0.0055000992045225253,0.24936790224586103,0.95717603134749729,0.14707037207865714,-0.042458191388900328,-0.14091574581500052,0.98911073928321458,11.187478530807002,2.1998625483507492,-2.6766674535023789,,0.2724504006188331,0.1458333333333333,False,2
0.88696034421263337,0.41114601549001412,0.21038132460104833,-0.44689867541086914,0.87898972299981715,0.16630887161157379,-0.11654579233167114,-0.24152850930560893,0.96336963699422928,-0.88431701788825501,8.9768158275208023,-1.4623462272167342,,0.2582034848286655,0.3333333333333333,False,2
0.95379051049141406,-0.28987325090550531,-0.079102215556842381,0.29821957785405118,0.88106980269036328,0.36712543656319341,-0.036725270333638073,-0.37375058688467333,0.92680189540283253,-11.426076640154903,-2.8523147753225357,-2.7063575473696782,,0.4237364673760747,0.1884057971014493,False,1
-0.076273662739638509,0.9873253552581559,0.13917963657316054,-0.99268183114235498,-0.062086713075403241,-0.10357616607769542,-0.093622168807081629,-0.14606123005044733,0.98483552260466811,5.5684471130977862,8.6474976871929901,-1.7783185207566818,,0.1073497236159264,0.4285714285714285,False,2
-0.6310537464634296,-0.76396943126159056,-0.13461752178788391,0.76637753526353414,-0.58710089265407817,-0.26072593903978031,0.12015258015481864,-0.26769992518233277,0.95598122760832172,-5.4371700531338476,12.441351624315095,-1.101071235571581,,0.2699819262739959,0.3333333333333333,False,1
0.99372077357393007,0.0649076381959241,0.091137383501269015,-0.080968828199789497,0.97932625550668007,0.18537565680319959,-0.07722093645886019,-0.19159092822754351,0.97843233960929821,9.8168865276157948,0.19207507050194228,-2.893055774964147,,0.3064422864967743,0.2551020408163265,False,1
0.70077080474004538,-0.7098743896293559,-0.070700991310865685,0.71304263488953623,0.70006141743876016,0.038525480443753785,0.022146784276222693,-0.077410353067168092,0.99675330808793383,12.409782219797078,9.8759951521746636,-1.8056772619945725,,0.3984478848644333,0.1666666666666667,False,1
-0.34276323472119247,0.93073798383381556,0.12743692703619225,-0.93686018538880855,-0.32865767334700136,-0.11948693143345043,-0.069327901718652482,-0.16034631021354598,0.98462312731531421,11.82093447035945,3.5012606480760833,-2.5391535036249651,,0.0749689368734468,0.2142857142857143,False,1
-0.90274013648213991,0.40382100853456154,0.14828634141530686,-0.42971681350419777,-0.86258793861070771,-0.26699346125912554,0.020092440767759762,-0.30474684777608324,0.95222143044280139,-11.343541701128064,5.0360984792837886,-1.7836222475657393,,0.2806807924301907,0.2093023255813954,False,1
0.151276135700467,-0.9878112224003931,0.036667692419541077,0.98461952314368451,0.14729980205227161,-0.093952982707651206,0.08740666686149598,0.050316569986454077,0.99490115959976722,3.0147923691822411,11.963233700933639,-1.2732358418399357,,0.23802163849842,0.4528301886792453,False,1
-0.57872601799709256,0.78220296103381015,0.23072651309108039,-0.81450412520900461,-0.54025747663395596,-0.21143530679293915,-0.040733599285390609,-0.31029080987204571,0.94976859665826352,-3.1376332553320041,-19.372962288087692,-5.026775321389775,,0.2361096320958525,0.2,False,1
