axis_00,axis_01,axis_02,axis_10,axis_11,axis_12,axis_20,axis_21,axis_22,location_x,location_y,location_z,dbh,dbh_approximation,score,reconstructed,number_clusters
-0.66355308068390484,0.69604132291238385,0.27426954973762607,-0.74700668427595762,-0.63650274293245201,-0.19195122267520726,0.040967337745346701,-0.3322510120945395,0.94230087668441409,-2.6202654065711983,-17.844871899731253,-1.4923140248030842,,0.3332980596805162,0.2783505154639175,False,5
0.86212410517165705,0.5054549030588581,0.035459388823419445,-0.50610184861856666,0.86239134838314768,0.011919775952884393,-0.024554960941522517,-0.028222388411644199,0.99930003036400616,-0.10228491289092026,-23.660626350280598,-1.5703003234942676,0.1206620780183801,0.1091505026969886,0.9565217391304348,True,2
-0.99875138504637984,0.045709563236800907,0.02015705079216594,-0.047913958000324226,-0.99067578211941809,-0.1275372390747963,0.014139430564213445,-0.12834379825601039,0.99162893561681631,-8.1101874772440254,-14.962195037212279,-1.3070694870074657,0.2699108414110591,0.136383452290619,0.4102564102564102,True,8
0.49404284784772168,-0.86937749716156787,-0.010219193686445076,0.86941729291278158,0.4940774536112319,-0.0010201064903672813,0.0059359308219925373,-0.0083807673950114705,0.99994726234094355,-9.9871028635719981,-15.812301385010716,-1.2083288603229156,0.1939235731049424,0.2134356871152859,1.0,True,5
0.67126016514566134,-0.74121874712467295,-0.0021353218843203868,0.74121744656419009,0.67126331590032939,-0.0015025429634414264,0.0025470762614465074,-0.00057414059691045412,0.99999659137673758,10.060507055443329,0.033596561960846164,-2.1339876527091399,0.2506950987898513,0.2261007142550282,0.9620853080568721,True,5
0.43898274959886324,-0.89822869960420071,-0.021894034848995075,0.89843922427631406,0.43909761860404789,-0.0004915465698010664,0.01005513980001509,-0.019454679221242555,0.99976017605223799,-12.687717444073447,-8.0980562223257841,-1.2881762404176671,0.1377350571813922,0.1311880452201656,0.3461538461538461,True,3
0.97650852676058153,-0.21437711465018322,-0.021761201210865489,0.21546027358557479,0.97010976972368212,0.1116418612935704,-0.0028227062027081674,-0.11370790386303747,0.99351021380193494,7.3722980009609236,-15.398680429230799,-1.7772596177495503,,0.1895795677148491,0.1538461538461539,False,2
0.9754329329498691,0.21758369195191887,0.034466364957553744,-0.21874124080478602,0.97517727307733215,0.034373763899802928,-0.026131645336592686,-0.041068516774157023,0.9988145543803274,-15.115171016327416,-19.692275887491533,-1.1293284223337452,0.3019247452626869,0.2063763142855639,0.9795918367346939,True,3
0.31356817141009846,0.94757214118837441,0.061498285522514753,-0.94922734868618897,0.31452710363394654,-0.0063357387755098894,-0.025346447181370118,-0.056389168492914171,0.99808708001454571,-2.3282526221348121,-21.305135383214559,-1.5125714216861814,,0.1978477851192719,0.8,True,5
0.32389368992588685,0.94493380261952176,0.04682933154769392,-0.94580774098898979,0.32461539814718549,-0.0085182375552945583,-0.023250692710062124,-0.041532540889699196,0.99886658435235853,24.727540209225374,-10.056725851865407,-2.4154321108617194,0.3405683174277294,0.2926697787473069,1.0,True,4
0.43471303156157254,-0.83983767086489991,-0.32511116066165219,0.90048005844064194,0.41043184423235102,0.14381017206987962,0.01265877329303391,-0.35527227282219842,0.93467714619673048,-9.5394570199233559,11.062889007075087,-1.8507197485207001,,0.3994659548055631,0.1525423728813559,False,2
-0.098015111798663512,0.99420755406337125,0.044095093858888421,-0.99508976851814135,-0.09729676865204176,-0.018157406212990099,-0.013761920273273612,-0.045658276940766948,0.9988623184889861,-8.6661097963165243,-21.278046687433417,-1.2726569179351925,,0.2525308159042667,0.9672131147540983,True,5
0.90509191717307502,0.4210600926498913,0.059304467332852343,-0.42286839330828246,0.90593301843469587,0.021626096519579637,-0.044619988893323033,-0.044651589976923076,0.99800565735054514,15.131671396017428,9.1261671564007329,-2.5144327382334826,0.2747607605880916,0.2530376184422657,1.0,True,5
-0.97703965952664629,-0.21305743733876736,-0.00017918340544807732,0.21225685765041877,-0.97329482749243335,-0.08743114523352051,0.018453457465352378,-0.085461729277567108,0.99617054902083058,4.3018570087336965,5.6003305063653146,-2.0972648956908841,,0.06921722741326615,0.1363636363636364,False,2
0.88868252005741655,0.45705249761625477,0.036693227810362369,-0.45800526442601575,0.88863405488066827,0.023678983601439364,-0.021784313219730216,-0.037848790325254414,0.99904600132749644,-18.196168268594338,-22.171682534936735,-1.0483878019087811,,0.2509510066648385,0.9117647058823529,False,1
0.72407369141522804,-0.68951568079863745,-0.016894239643112,0.68971401769690133,0.72396974056695684,0.012743176048927796,0.0034442985825864515,-0.020879192422286287,0.9997760729938826,-7.7738949487882154,-7.8994686249500425,-1.4797306971600599,0.2130679205882137,0.1685351585065944,0.3157894736842105,True,5
0.989802881027669,0.14064620464533656,0.022558852545950754,-0.14104419217872483,0.98985495820225866,0.01713760703999909,-0.019919652657083908,-0.02014464795593373,0.99959861974532283,-13.056321856982851,-6.6699504316059164,-1.3346376651345406,0.3084647612244118,0.2569016122575504,0.925,True,5
0.64411461574471052,0.76369360501118477,0.04345617849126876,-0.76457271249395886,0.64450854711039474,0.0061073735172609521,-0.023343716363830754,-0.037159256809970939,0.99903666626388488,-10.084280276851313,4.684707475800705,-1.6381674782585012,0.374720483003995,0.1744594000846778,0.8571428571428571,True,5
-0.36471214646588646,-0.89168175558484453,-0.26812067614672064,0.93071576453105087,-0.34062516352529548,-0.13320159018099834,0.0274447786222961,-0.29812437795405861,0.95413240139714262,-7.9214901966557507,-6.6210735051581278,-1.4888149433848281,,0.4702380766215763,0.2839506172839506,False,3
0.73890509713736674,0.6573517586996428,0.14801325197057094,-0.67373129394317588,0.7241206562153053,0.14742936886512345,-0.010266498238023853,-0.20865747189305489,0.97793489478447726,-0.67063540136040567,-26.143592169735648,-1.5727694837428341,,0.3184737792881892,0.4318181818181818,False,3
0.89513154893244973,0.44441645164902532,0.035121611715326878,-0.44527993389985199,0.89511608891613015,0.022202878859145056,-0.021570595076079925,-0.035513446287003085,0.99913637936013711,-8.6503077949859364,-13.132977521610524,-1.3452618755349639,0.306777928384976,0.2610782832462711,0.9819277108433735,True,5
0.99851075165887404,-0.053019940413903358,0.012851643480047449,0.050175876280667692,0.98498683262250997,0.16517663575622479,-0.021416354990969701,-0.16428580425217379,0.98618026458661145,3.2013515393659486,13.050814562200783,-2.1608791046307054,,0.2785593748575217,0.3214285714285715,False,5
0.66878882752477398,0.74211418645192828,0.044587424738734872,-0.74293979173488744,0.66935143845691691,0.0030195517184719561,-0.02760380471895834,-0.03514521450283789,0.99900092285372244,21.733274570743387,4.6592169487700348,-2.7365384294287147,0.2399689023292152,0.242887424141835,0.9795918367346939,True,5
0.71649046958468343,0.6896001873506532,0.10532325764172099,-0.6971230562444507,0.71335986195414713,0.071673926955045875,-0.025707031075502474,-0.1247769568418173,0.99185173266702475,3.9549517587742309,5.907129523987031,-2.0917571930831591,,0.2418742575196629,0.39,False,5
0.50792781029391121,0.85982311174125736,0.052091804015726856,-0.86110310901330678,0.5084103007448475,0.0045168289927828009,-0.022600335786199723,-0.047150637451830506,0.9986320855100923,-5.9085609096711194,-16.125462745609802,-1.4206917976418563,,0.1085978831723148,0.4871794871794872,True,5
0.38804230422382469,0.91467443915529223,0.1131098602625645,-0.92138096081552279,0.38791832015358901,0.024010454720442036,-0.021915637780577351,-0.11353434390161332,0.99329233238533643,-14.970867255384089,-18.244550922580714,-1.1184827888870112,,0.09152992025189952,0.2903225806451613,False,1
0.79072345519004128,-0.61189459297778437,-0.018477675635045838,0.61203031987953138,0.79083111772862236,0.002242940091947249,0.013240277960854616,-0.013082443068836136,0.99982675735492776,-1.4909643666782302,-22.141033490503226,-1.5351117765803783,0.1675889139791026,0.2287363760587913,0.9814814814814815,True,5
0.28371852104569534,0.95826594783719266,0.03507383684928414,-0.95867997985139175,0.28425829424057419,-0.01139817474750917,-0.020892511763285531,-0.03039071192199902,0.99931972240174238,13.606731750514999,-11.699623511986465,-1.9330801765110228,0.263572295736291,0.254246151466243,0.9879518072289156,True,5
0.18405312863149428,-0.96425849800810215,-0.19060428867189155,0.98291200043907601,0.1811319587648211,0.032790439260154833,0.0029060684460923444,-0.1933824256057885,0.9811191529233384,-10.711416526716409,-0.44287808493428155,-1.4940753023979094,,0.2383566262559016,0.2666666666666667,False,5
0.24027918681204194,0.96999427615866074,0.037108174360623872,-0.9704687974240559,0.24088659256953035,-0.012804793889284519,-0.021359438458204087,-0.032935599883343755,0.99922921326844405,-15.245593590141743,-1.1341014581352413,-1.4295066213128615,0.2555107242646249,0.1282808434794265,0.7872340425531915,True,5
0.65456269259046973,0.75540784269204098,0.030111005763168545,-0.75552004940650852,0.65505176701260959,-0.0098304363302920139,-0.027150256232677798,-0.016314831688173655,0.99949821903467417,14.836400601395695,-7.9452070158868802,-2.0291619059150814,0.2278987081858547,0.2295511793579579,0.989247311827957,True,5
0.88555843636307996,0.46360394596775217,0.029285441251694598,-0.4640139687678147,0.88578387367158373,0.0088298319183044184,-0.021847026674549692,-0.02140818596923796,0.99953208902915591,7.1953385543633148,11.341045956546223,-2.2235268659648453,0.2221720249996708,0.2095250035410662,0.959349593495935,True,5
0.53334273600790283,-0.84589873037845364,-0.00092945775855649698,0.84589708442855605,0.53334353544715163,-0.0016720502389925805,0.0019101054612901194,0.00010555024114453429,0.99999817017646275,-14.698286319807844,-3.4638139489314188,-1.4195857263856484,0.1257084374890982,0.1310278330494513,0.8275862068965517,True,5
0.97118001657278952,-0.23829415096948683,0.0050272282033973024,0.23805713874418796,0.97082265006525714,0.028847544318414416,-0.011754748087816166,-0.026819391007327123,0.99957118113888699,-9.7669689595177864,-3.3126416664708698,-1.4997477507622536,0.2641512419014327,0.2061007868639084,0.8496732026143791,True,5
0.36002488889474865,0.90655614805185314,0.22031348076254931,-0.9327243042567932,0.35486974973165031,0.063975252825425738,-0.020185431008653248,-0.22852442135312862,0.97332889468062789,-5.0723191523909525,-13.109183591779848,-1.4957103125219116,,0.2599544846196068,0.2244897959183673,False,5
0.89705653725336121,0.44116455883505629,0.025756571955110698,-0.44190400877644931,0.89593335945270458,0.04499180422138227,-0.003227382579208302,-0.051742124498916825,0.99865526411971928,-10.099100169104757,11.296055954804672,-1.8535589605700697,0.4257303432027222,0.4666085291632494,0.9024390243902439,True,9
0.99844993729285758,0.052852804477429023,0.017444305052355519,-0.053290469924626736,0.9982493609993921,0.025658119173430673,-0.016057662815660467,-0.026547962693513082,0.99951856267991468,-13.879277897432226,5.4059867259650645,-1.5207729846262477,0.2366766514638697,0.2073279333604279,0.9878048780487805,True,5
0.9998677140033273,0.0034097062080713256,0.015903722750846332,-0.0035714662382211578,0.99994206960850485,0.010153918257013731,-0.015868179563843954,-0.010209374644683638,0.99982196892581598,15.075170978169167,5.5735303201664124,-2.4311068130605147,0.2929934160449478,0.2442733277006567,1.0,True,5
0.94776932152954985,0.31784246433233132,0.026636085195969456,-0.31827522886561976,0.9478967677897675,0.01387790705576762,-0.020837270885452095,-0.021630660666326355,0.99954885956674688,4.3524788309165157,8.9812513361345019,-2.1078421754749561,0.2068140787904304,0.2203276482978233,1.0,True,5
0.90428777218499734,0.42629327264015837,0.023187729048776355,-0.42651060317580519,0.90446781110006702,0.005165661861419946,-0.018770467636871006,-0.014561057159395173,0.99971778275626166,-9.313453048574555,0.35219924032927069,-1.5252661007438599,0.2957733891535639,0.2208753847066383,0.9559748427672956,True,5
-0.38571439336069285,0.88444961274091294,0.26262766281723104,-0.92256591574562241,-0.36670504676932208,-0.11999808239447125,-0.009825368127131787,-0.28857631780234133,0.95740648156611552,-9.3269273022843642,5.2672313384407188,-1.7138716268797698,,0.6031699193946766,0.5102040816326531,False,1
0.7141886588954296,-0.69986578452558479,-0.011065403541555007,0.69992288439271899,0.71421569056470879,0.0019756655979757849,0.006520384078121352,-0.009155927127618738,0.99993682479940171,24.36939585784301,7.7941299828086166,-2.8237101686723172,0.2341962553845441,0.2094501531388475,1.0,True,3
0.72763428235687966,0.68293746692908031,0.064379867998318963,-0.68575321290393498,0.72653209170332467,0.043516097218427516,-0.017055266955410105,-0.075812505496681129,0.99697621931488256,11.87417526974731,13.865588329031855,-2.478496362945688,0.366324194176628,0.2578551293709962,0.8888888888888888,True,5
0.99827892182340416,-0.057076002451615961,0.013473091228183015,0.056837953765543917,0.99823115728621881,0.017435700007769738,-0.014444419505321045,-0.016639908868686278,0.99975720661468326,11.184138260205504,-10.193512423789413,-1.8760902035193401,0.2817669559012815,0.2705383098456293,1.0,True,5
0.99973015159238365,-0.01774145462689522,0.014995492149056116,0.017819526152251634,0.99982826933622371,-0.0050888430750227372,-0.014902633484716791,0.0053546824233383196,0.99987461158455593,5.9778672454577935,-1.6251464658162236,-1.9668978963981063,0.3197236667692869,0.2606928624103252,0.9890310786106032,True,5
0.88986767907643816,0.45475316958090822,0.03653858907007039,-0.4557172092907798,0.88978830374376749,0.024466296757250535,-0.021385483191581685,-0.038423030553404972,0.999032698079375,4.2594205414240438,12.782318327338889,-2.1520713982082547,0.2939896664744714,0.2356523729404033,1.0,True,5
0.99730433823345377,0.07325379039401006,0.0042354614437420095,-0.073375316702468427,0.99535808537840087,0.062276358039430851,0.00034617848498570691,-0.062419260366919936,0.9980499567134411,-13.346347288624376,0.80763283727118751,-1.458865088659602,0.1750467314741256,0.1910765201975269,0.5882352941176471,True,3
0.084518088703566252,0.93630410224724869,0.34086848020442023,-0.99583170123893749,0.091144785407220708,-0.003442513709060159,-0.034291624188152743,-0.33915668386167314,0.94010469007578801,-6.3863241729995206,-5.0122066814885722,-1.6011565868109947,,0.5128575084079201,0.3725490196078431,False,4
0.95782360539727418,0.28505712518181625,0.036281900816310414,-0.28565782891503161,0.95825005065638424,0.012507805426515278,-0.031201694237923395,-0.022344480305330199,0.9992633178880167,9.8984614275132952,18.374379259016731,-2.462782393531731,0.2031612971333918,0.2055358907957643,0.8666666666666667,True,4
0.51231926856677668,0.85634749708154689,0.064791444631004141,-0.85822113159176683,0.51327551268329785,0.0021765498031192515,-0.031391978984295646,-0.056720475331818884,0.99789645321224707,16.646396734415145,-4.0445969331636027,-2.2059228508871418,0.2040496442448945,0.2411463794425045,0.9528301886792453,True,5
0.72351873865145422,0.6889351561495819,0.043462460139304271,-0.69003472386148235,0.72356165355172664,0.017624226930561773,-0.019305819993398761,-0.042742065119072525,0.99889959514644944,-10.487027082029549,14.530061029829458,-1.950182064159363,0.4841421560548766,0.1900081525728856,0.9090909090909091,True,5
0.90848108037860775,0.41739768402729449,0.021007140756591047,-0.41791492479224224,0.90767431033775592,0.038398723790934272,-0.0030401036184671982,-0.043663711724138549,0.99904165981627591,-14.844495076702739,6.2031740217488105,-1.5041975449384535,,0.1136989997611597,0.4375,False,2
0.9312806167211235,0.36311805510998596,0.029354573283659948,-0.36364481109202745,0.93141639058300352,0.015031923335844645,-0.021882967928696477,-0.024673577091133627,0.99945602720087723,5.4304893470633866,2.5178434175238067,-2.0576348450010737,0.2780046584984618,0.243143701429542,0.9636803874092009,True,5
0.44482018654770134,0.89225509403380898,0.077561903086416598,-0.89532600882239477,0.44522197192471819,0.012989751407424508,-0.022942091574860921,-0.075221292771289583,0.99690291279942955,-8.6271701938460019,-4.0649894989821878,-1.5327636855514675,0.2960427093807415,0.2447980096867408,0.90625,True,5
0.94511441859002976,-0.32673338889616133,-0.002007075898198353,0.32661341432477248,0.94456105823497005,0.033586974397077987,-0.0090781802331657436,-0.032399071691412068,0.99943378309780528,6.6786047165480742,-8.6899400657628139,-1.7814304590074057,0.2981512771269341,0.251871276561699,1.0,True,5
0.77948540847062131,0.62484052494588072,0.044461403112648373,-0.62602032330270563,0.77955920871732454,0.019646753319460662,-0.022384208571344121,-0.043148099487413369,0.99881789567331036,13.763488785391814,21.270443154348538,-2.701292636261333,0.289752735282974,0.2485761057240853,0.971830985915493,True,4
0.96191364622218889,0.27206782396188633,0.026480868115978523,-0.27300322404985633,0.96106522968607022,0.042695010795684385,-0.013833902916958352,-0.048298275881273715,0.99873715244651795,-15.36925765637389,-9.7413801821907455,-1.2125233724092064,0.2089391051681735,0.2112287571902057,0.75,True,3
0.88432265342979721,0.44210611292471413,0.15005208944058274,-0.4663642288215134,0.85153465871511758,0.23956863543178156,-0.021859796581853993,-0.28183489833860265,0.95921386529379959,-18.706266510572128,4.7819318088505351,-1.4113189720545949,,0.1845871899665912,0.1818181818181818,False,1
-0.6157276734301933,-0.77442681477968534,-0.14540474793634814,0.78690602924648634,-0.59480771249970532,-0.1642640748502156,0.040722638762368792,-0.2155618094678643,0.97564069871606485,-9.8106166090513938,14.097071357977113,-1.9543314932431162,,0.1429847433966498,0.2352941176470588,False,2
-0.52784311872973955,-0.81756061546415304,-0.23016577080777664,0.84824333771067284,-0.52121322173804918,-0.093914948303778903,-0.043184280000021086,-0.24480894086474708,0.9686091577274919,-6.2583337452285486,-2.3535871255714151,-1.6678759583189895,,0.6979197736134883,0.3171206225680934,False,2
-0.97967214628927868,-0.15910058126540924,-0.12218629557346565,0.18946536936516459,-0.93398123828423452,-0.3029553108040352,-0.065919341594704195,-0.31994695118731264,0.94513945469949778,-5.3101494894502341,-11.84526048276213,-1.5597147135796898,,0.2174516485022354,0.253968253968254,False,3
0.99572429007302732,-0.091909095010914224,0.0092658735604478383,0.091580587395728941,0.99530924361944928,0.031185021692013072,-0.01208859672653145,-0.030203109441791335,0.99947067891420849,8.659155342976554,-17.274913166551087,-1.8179013263690555,0.2092145054045914,0.2043072682962894,0.4827586206896552,True,5
0.83233741904853098,0.55329926065280666,0.032777263654668168,-0.55379331307726443,0.8326174609994299,0.0078185695475849921,-0.022964913292617378,-0.024659517430814008,0.99943209922312504,13.03960116251273,-2.8970538190607966,-2.0915580617572664,0.3022278318266172,0.2874924156563822,0.9828571428571429,True,5
0.090369782545829572,0.99495378735854734,0.043592011005477271,-0.99577332296483956,0.090991506345723144,-0.012491398820704092,-0.016394867312093352,-0.042278916658523694,0.99897132167645364,-5.7344841852521427,-21.981457606187444,-1.411207144031845,0.1764415788466376,0.1307835924944422,0.5483870967741935,True,5
0.99036811138237091,-0.13768821431517317,0.014593135222268341,0.13778289165714544,0.9904461147385405,-0.005689337916335864,-0.013670359304413926,0.0076452232164855348,0.99987732839506827,-11.451942590539415,-8.5997193868981245,-1.3317632041036591,,0.188190403655002,0.9431818181818182,True,5
0.92863584879378547,0.36697468375800596,0.054452197529174698,-0.36940777052985607,0.92820675284543497,0.044386068132856303,-0.034254334137537208,-0.061333558944877589,0.99752936555268834,-25.215430593009085,6.633105304365257,-1.2939998359590175,0.2171722201284649,0.2647501615560997,0.625,True,2
0.81513982425836551,-0.5790201790807431,-0.016813658892237592,0.57925516684260803,0.814946115145459,0.018063252626976466,0.0032432382247573124,-0.024463475358745861,0.99969546351836025,-8.8215752263628389,-7.3712785820797286,-1.4570776553643627,,0.1116218829113687,0.2183908045977012,False,5
0.38719483637177127,0.92069416141833826,0.049014485789610936,-0.92172275893990174,0.38783061495924481,-0.0038170345230295923,-0.022523639564981549,-0.043699831012450951,0.99879077410147832,-12.209971787498906,7.4506132618157697,-1.5729629506999618,0.2373577735757824,0.2122673183180322,0.9166666666666666,True,5
0.91424166601958279,-0.40516567094043948,-0.0017190710050383542,0.40510915162328587,0.91402456028244183,0.021111098302779078,-0.0069822191886605781,-0.019997057080267226,0.99977565799699775,-13.072680990461762,8.417181546906404,-1.5569743967869094,0.2841651299518073,0.2473977966754655,0.971830985915493,True,4
0.94336894323712073,-0.33163724387351706,0.0084720370428511549,0.33161880607147937,0.94340683752471588,0.0035364348348499528,-0.0091653911757563801,-0.00052667598383569509,0.99995785822053695,16.874621039692432,-0.36413214617764544,-2.3038002118640071,0.2975220484269686,0.2547849928616376,0.9722222222222222,True,5
0.98762415590527275,0.15523057859917228,0.022405225733388708,-0.15568242648040043,0.9876034299627422,0.020061086984570362,-0.019013383643441,-0.023300914007693616,0.99954767702638092,9.8370168848381176,4.7189568528118677,-2.2137224477573811,0.2856099267930433,0.2690353435812973,0.9948717948717949,True,5
0.41625454115272847,0.90690560681623067,0.065225587732233622,-0.90920116675693219,0.41588976188972693,0.019721671408349534,-0.0092409597750565935,-0.067512415751400878,0.9976756378612468,-11.156513754947868,-21.108196098121176,-1.2134733879160053,,0.2382731582011882,0.7894736842105263,False,3
0.84226801744629143,-0.53905211212007786,0.0027216182642376633,0.53905167502873463,0.8422721535381662,0.00095447519374837475,-0.0028068551456845413,0.00066316895498600911,0.99999584087691495,-3.2440966014608996,-18.365154924564902,-1.4883736084570172,0.1859499924766241,0.1963411749565468,0.8548387096774194,True,5
0.99601548497459502,-0.088018671517743799,0.014348071475783191,0.088065184531067792,0.99611121125111024,-0.0026416081003947413,-0.014059764021192637,0.0038946481354072832,0.9998935717122952,-9.6503012761542539,-6.1211543743828454,-1.4665341740351046,0.1976026284795954,0.2245723341792361,0.9539473684210527,True,5
0.9011099828109711,0.42893628737737305,0.063359768381270054,-0.43234863392650524,0.89993603479511586,0.056478243768110885,-0.032794170523089382,-0.078286618576618061,0.99639136273431395,6.8041473444496887,19.432484605846916,-2.2772573121254758,,0.2188396398240847,0.9666666666666667,False,3
0.97367641776837488,0.22637630539325401,0.026608303934027078,-0.22716783571651133,0.97333365499844249,0.031880565604293414,-0.018681753066068819,-0.037085905730798154,0.99913744184596809,4.8772837111172613,17.111904297428801,-2.2016330070558991,0.1789970575904307,0.176500058592591,0.9523809523809523,True,5
0.26623103818668742,-0.92340118358945689,-0.27649826120905158,0.96382942008263173,0.25871322958120285,0.064033692872129427,0.012404970343252691,-0.28354491528725068,0.95887871898667631,10.491394489192858,21.511582888884433,-2.5050148260440674,,0.158056804973356,0.2631578947368421,False,1
0.99993208299171832,0.0076167095563379446,0.0088212889862522032,-0.0080427792276408071,0.99875080056837229,0.049316853775685066,-0.0084346372856225673,-0.049384452002338347,0.99874422791538087,-13.657892145347894,12.999076423656145,-1.7696336316547563,0.2179087673312739,0.2322446047919842,0.66,True,5
0.88096285517288653,-0.47287313081655019,-0.017188657812379014,0.47315165431069284,0.87988460601653118,0.043938503822843894,-0.0056533024589050674,-0.046841031659104873,0.9988863588639203,19.636937988625018,-20.645699945864184,-2.1663493378244949,0.3342369435866447,0.3510737558936243,0.8888888888888888,True,1
0.49536068115353871,-0.86838642125425236,-0.022865234491135408,0.86865770578509516,0.49538975347977549,0.0047730836387810376,0.0071823218583925517,-0.022226460097817299,0.99972716214187318,29.366712210359964,8.8357903453948108,-3.0147224697172295,,0.3172718138021648,0.8529411764705882,False,1
-0.083982698232853814,0.95388706728812434,0.28817766960330227,-0.99607496712214072,-0.072248711253408066,-0.051134954726172528,-0.027956506758810729,-0.29134101424736331,0.9562106709021615,-1.7250382215784965,-16.17600269621505,-1.5516348661125223,,0.2735873774115315,0.1388888888888889,False,2
0.64611143654140801,-0.67312648836331412,-0.3597787406644139,0.76323715195847419,0.57167933801135473,0.30108434758588309,0.0030102227019461365,-0.46913054169876112,0.88312370220978231,-15.239500131245398,-0.13791537430672746,-1.430445416180812,,0.5307535083058286,0.2,False,1
0.16189278945635965,0.98561877465641345,0.048439196595630951,-0.98661842715057413,0.16262952557051596,-0.011649747621210762,-0.019359853536838632,-0.045904993818758413,0.99875819276416145,-14.674601761243807,11.114717575007827,-1.6617359050758884,,0.1327341063528411,0.2857142857142857,False,3
0.9990786258930473,0.03931523170665787,0.017210805893763583,-0.039807573031228061,0.99877870425670368,0.02926528750353221,-0.016039214850623491,-0.029923443637936219,0.9994234993774278,-13.091310657957807,-21.616007184800402,-1.1561135959259512,0.1789984781380173,0.1030086395133774,0.4137931034482759,True,3
-0.086636809968465955,-0.94535843673636144,-0.3143111344669034,0.99602396638753343,-0.088763575396657246,-0.0075687558058521072,-0.02074419292560227,-0.31371715568993969,0.94928985282983025,-5.9220290901121286,-6.3857001938097024,-1.5997194680934583,,0.5594044794107565,0.2866449511400652,False,3
-0.035042269725401927,0.99613926625271754,0.08048976060337884,-0.99924741727087318,-0.033583207359071082,-0.019410493578655107,-0.016632450510419332,-0.081109373151163636,0.99656642085565161,24.525242126237796,-1.9650187070496801,-2.6870433962532192,,0.2309860866698632,0.8108108108108109,False,1
0.99552987682172567,-0.093041164480100372,0.016235949849224392,0.092430514394054031,0.99510377627346192,0.035001063628796153,-0.019412994724415013,-0.033343907366764951,0.99925538251107093,-18.373836142048273,-12.459127412598024,-1.0366222894887056,0.2688788970374259,0.2211278771762284,0.7666666666666667,True,3
0.89339627510790731,0.44863750659376789,0.023821907997524382,-0.44909047425494125,0.89028717511115418,0.07554132488957821,0.012682332466376336,-0.078186530233331247,0.99685807662539627,-12.35433083218385,18.861024835999888,-1.9784628805398057,,0.1937157192119838,0.6896551724137931,False,2
0.8186475208096905,0.56072267677744325,0.1241221834310324,-0.57368220029064465,0.80843614751981885,0.13160443933621369,-0.026551266294335803,-0.17894433528573428,0.98350086686658034,18.039747514485747,16.875789196954141,-2.7774669733647332,,0.2089231363930211,0.2758620689655172,False,2
0.91135756865376771,0.40480261826443342,0.074580307747769664,-0.41106243327298164,0.90445874790462522,0.1139387962482199,-0.021332088720712163,-0.13449614710116078,0.99068447469704235,-9.5731857919314471,-24.444952481743961,-1.2975512008346659,,0.1666236054926849,0.4090909090909091,False,1
0.92911181247502772,0.36848424666324525,0.031154452015542535,-0.36920740345181469,0.92909100987827353,0.021812578933692511,-0.020907729569160378,-0.031768779082460279,0.99927654406569166,-18.053560799158269,2.3392767944900243,-1.399758300104871,0.2998471551692723,0.2392659721148381,1.0,True,3
0.61286198091863331,-0.7894662392162205,-0.033811972469627569,0.79017601075736477,0.61254420618545813,0.020284661500872363,0.0046972724071048279,-0.039149107351576715,0.99922233913454384,-21.810865505878933,-4.5470072827481793,-1.178184083898894,,0.261421754873659,0.94,False,3
0.99978111069158626,-0.015549043269925891,0.013998498408321385,0.015280665681678492,0.99970120322073708,0.019078929092991023,-0.014290974796093224,-0.018860846545173518,0.99971997904762155,13.327936579626977,-15.51608634028816,-1.926122689001859,0.2348478440110177,0.2463087254083147,0.971830985915493,True,3
-0.034078957708099898,0.99423069676746778,0.10170519282124357,-0.99928047390504204,-0.032202167584976314,-0.020038834171311987,-0.016648096397059213,-0.10231491586325968,0.99461273814397233,-16.173420046077489,25.747293491318096,-1.9161338205246734,,0.1468942964363442,0.625,False,1
0.85088618903158375,0.52382237992952263,0.040035079621242115,-0.52482658624994516,0.85096761017375566,0.020277593555369015,-0.023446698712987483,-0.038265398470920572,0.9989924982697943,-17.749817116666225,-9.9100176268805455,-1.1084011243637248,0.2680486046202666,0.2352691420846487,0.8775510204081632,True,3
0.58865815672920485,0.80705750952438371,0.046257440876824513,-0.80797371409642715,0.58921534372595197,0.0019380524069765748,-0.025691474177218818,-0.038515646667379243,0.99892767161411344,28.399990594979208,3.5660806698545136,-2.8520756911095,0.2820830289898049,0.3113809327362764,0.9830508474576272,True,3
0.94430431996472797,0.32618678967236286,0.043491718052863962,-0.3284388574221046,0.942419675634242,0.063032308483133098,-0.020427144470404723,-0.073806051382578897,0.99706338742734768,30.615975173369314,10.431259871701192,-3.2033362210708853,,0.2089654502568356,0.3333333333333333,False,1
0.76876048614184134,-0.62649335577154219,-0.12850443619218391,0.63953595749150216,0.75275491397655259,0.15605703623861442,-0.0010363505134379399,-0.20215369068672615,0.97935326175969262,-5.3121724503981298,-6.911552782472814,-1.614336181243629,,0.2228543688521538,0.2419354838709677,False,1
0.96437461493435972,0.26254423957600159,0.032436466140195547,-0.26327681319232976,0.96449614947612083,0.020796568972493028,-0.025824827308158129,-0.028595452631415417,0.9992574134742801,-12.254603642298006,20.926272775755887,-1.9678801524978533,0.3573672461608154,0.2423256487644525,0.8648648648648649,True,2
-0.97727565276891315,0.21122578887426369,0.017775393653582609,-0.21165163300545758,-0.97697136772952886,-0.027028371812179763,0.011656961491656797,-0.03017636080012448,0.999476614282517,-14.691215642235079,18.84293312733347,-1.8973606879646878,,0.2246760015671731,0.9487179487179487,False,1
-0.19851272489271726,0.97236159392495713,0.12290495805859729,-0.98000195378434052,-0.19516797035455674,-0.038802498973124822,-0.013742948538970793,-0.12814988883100967,0.99165958743817728,-13.833829308656064,-24.114185720607228,-1.1886304106657721,,0.1512526175738011,0.1304347826086956,False,1
0.57349437190312713,0.81690372005533229,0.061420823465647187,-0.81869480139053352,0.57417822291701948,0.0076282700509280685,-0.029034937085415435,-0.054659678810015426,0.99808280815813744,17.5855449529253,-14.582409684732555,-2.1106630413304783,0.3036893586154884,0.2748789155861457,0.6071428571428571,True,2
-0.52542563092741634,0.83657668620299697,0.15513656714694707,-0.8508154222029487,-0.51523057074342216,-0.10320162941071506,-0.0064049751088690165,-0.18621736512210812,0.98248769418290161,-10.230858696393744,23.955705487825583,-2.0989196103887742,,0.1939812231063012,0.3043478260869565,False,1
-0.030721983159183019,-0.91295038816175034,-0.40691245803744502,0.99937187564389629,-0.020862052072220985,-0.028646622058043136,0.01766391583900085,-0.40753694745218449,0.91301786539946073,-8.4124418408805308,-1.983724411595261,-1.5563539149728109,,0.4131696374214415,0.554140127388535,False,1
0.86353132990655879,0.50223009990234202,0.045591326169499083,-0.50380727584314344,0.86313902001337006,0.034194457706917508,-0.02217816668079977,-0.052497227378619581,0.99837476432461802,-16.318835913342653,-11.583697041503763,-1.1121028446347612,0.3285630805215493,0.243598399958677,0.9433962264150944,True,1
0.25696572019473501,-0.84839543975448362,-0.46281075662585547,0.96633846645367394,0.23180466071894179,0.11160899390702056,0.01259312895043101,-0.47591152231562117,0.87940299978477743,-5.2520614131460626,-3.9284581186899215,-1.6603428642328517,,0.3347252751667125,0.251207729468599,False,1
0.76795885667776131,-0.63832384855694424,-0.052743329565320574,0.64049838398388792,0.76522019139547603,0.064806471858128767,-0.0010072557830687629,-0.083550721386005569,0.99650301674990671,-18.56109248472395,10.606545921467276,-1.5728873856632548,,0.2444626958297294,0.6842105263157895,False,1
0.91667974349037373,-0.39950253602342434,-0.0097965088309169036,0.39955266311745985,0.91578509336125324,0.041174411629863995,-0.0074777851110674597,-0.041657970283877362,0.99910394666504021,-11.45520860278433,8.8516374129645961,-1.6866740980187713,,0.0856220854947729,0.2439024390243902,False,1
0.27434099731594885,-0.96149126895047232,-0.016478984304303182,0.96155458814140538,0.27449659606381027,-0.0080245108009386577,0.012238922170821443,-0.013643990669610823,0.99983201104120734,-12.699307771120573,6.3439513088580828,-1.5373486884905221,,0.1052106389566047,0.25,False,1
