axis_00,axis_01,axis_02,axis_10,axis_11,axis_12,axis_20,axis_21,axis_22,location_x,location_y,location_z,dbh,dbh_approximation,score,reconstructed,number_clusters
-0.68986877905425004,0.7102003218246804,0.14034447109279702,-0.715217293237565,-0.63863739477148296,-0.28391284129715172,-0.1120057638701111,-0.29623939791933734,0.94852355162128688,10.920660423117234,-0.42729809981393785,-3.1984188747052551,,0.3271093351651861,0.3455882352941176,False,4
0.54852401744482338,-0.81879169569236543,-0.16941535158128712,0.8220784778632767,0.56511264821677409,-0.069531798908280387,0.15267081751332851,-0.10113285267728087,0.9830888909906198,-9.9911053208769136,2.4332056410272362,-1.8367800797857328,,0.216379452585213,0.4583333333333333,False,2
-0.49931828242071458,0.86462744274917169,0.055683373510020506,-0.85546214011635113,-0.4817963930240135,-0.18988618300604151,-0.13735275631737801,-0.14244866062578232,0.98022579001877996,-11.096014673715962,-5.6990754145743567,-3.1889131588902782,0.1100079028620701,0.1222295687891851,0.3,True,5
0.18118690521324507,0.97818848253265256,0.10158050019423832,-0.97127631543747972,0.19418801962790666,-0.13752575069121994,-0.15425182154333975,-0.073744868794085566,0.98527563142356445,8.4252386255406098,6.4170279588724037,-2.0946626231644307,,0.2531094670673397,0.42,False,8
-0.96792880850656138,0.24982268058316665,0.026503771982679357,-0.24512531516963845,-0.91605300667821155,-0.31742789546414113,-0.055021827723677724,-0.31374435010378998,0.9479119585973671,-12.720611392566326,-12.273312309867753,-4.1963128084866872,,0.2262368379458529,0.2040816326530612,False,3
-0.78301918254006453,0.61949256347102211,0.055766688788113819,-0.60995048377387007,-0.74720058046390914,-0.26391608495584024,-0.12182514977750075,-0.24066627590607323,0.9629321764917772,4.4754900533976052,-0.17450459326667017,-2.9531369176720186,,0.3142309725632115,0.2681818181818182,False,7
0.51476414081186594,0.85731483199478309,0.0053998311064271907,-0.84858456116310021,0.51039936813134501,-0.13927213492566148,-0.12215613734008469,0.067110087564240015,0.99023942269396148,1.7008340055522093,-0.54359246169525033,-2.8858107194414346,,0.2447600159436997,0.9493791786055397,False,4
0.99117731211515769,0.13217799014264611,-0.0098241981872340158,-0.13254231957267398,0.98830148054601541,-0.075450096572827668,-0.00026357250744405282,0.076086545935562022,0.99710118245699098,-4.0929535973039153,4.8279856998255637,-1.7934313553747288,,0.3598772662329272,0.4029850746268657,False,4
0.47139751687246767,0.88184858424441348,0.011289621454895727,-0.8727419209341053,0.46829514336339989,-0.13791735984458239,-0.1269091034194112,0.055160975049178142,0.99037939513143392,-5.0923064940943705,-15.029778523367828,-4.6535166721681609,0.317921848678736,0.2659179172651401,0.9625,True,4
0.99706368377507515,0.075868638145136238,-0.010390391853915604,-0.076102186406594663,0.9968036269684144,-0.024310213630253985,0.00851279748446147,0.025029562693244266,0.99965046554801962,-6.5817188751842615,20.170125693511565,0.78585756141120766,,0.1963678328306291,0.2222222222222222,False,1
-0.34722023307822902,0.93741133437767632,0.026421580599287994,-0.92600304787804522,-0.33827050593765035,-0.16760495259167138,-0.14817714082027225,-0.082662294868641767,0.98550011666431525,9.6338573014040119,3.4746896077383838,-2.6278550791930453,0.1217214727085836,0.1132714984594072,0.456140350877193,True,5
0.99862914614899556,0.048772795731965572,-0.019001127814323306,-0.050912790034925173,0.98936561684138569,-0.13624817071404752,0.01215385834160977,0.13702879481536925,0.99049250028400526,-6.4752398972933589,-0.4841048905955414,-2.5170532745141005,0.3824013799619093,0.2836467339328664,0.9572649572649573,True,5
-0.17273416592239316,-0.97923049663610073,-0.10616281072442296,0.97221920039036658,-0.1522193811317285,-0.17781756493718037,0.15796434507638082,-0.13392869171946728,0.9783201782744243,-12.195657743525116,-6.7709676026337862,-3.3006631444374483,,0.179563423294256,0.5,False,2
0.11821472176927575,0.99270219189850195,0.02382514967259124,-0.98289951872256154,0.12039148013097763,-0.13933566523624952,-0.14118716532308626,-0.0069462012482427379,0.989958551978945,4.980327792595646,-19.095654604832575,-5.6799989708764391,0.3048382546984774,0.2557940536900415,0.9821428571428571,True,5
0.34970750206325052,0.93673991110139654,0.01493324982813035,-0.92666176494925434,0.34820257048524034,-0.14160841531704255,-0.13785005035114936,0.035683453549494891,0.98981011045602418,-14.342620268046872,15.204730577741435,0.20457053881365256,0.3379277413104729,0.3087328911764852,1.0,True,1
-0.12640651657927091,0.9919768629562743,-0.0018154684581627029,-0.97923755244428501,-0.12507512564817369,-0.15953065168493086,-0.15847778534930285,-0.018387939077602052,0.98719130630656304,8.4030271237611345,9.2277796839708497,-1.7233332105683767,0.1881486937594044,0.2104729986453888,0.5384615384615384,True,5
-0.6782753057367148,-0.72794038612080292,-0.10022676230460188,0.72823992619412747,-0.64773401414438825,-0.22384650280308091,0.098026626610010825,-0.2248186851102337,0.96945723954219265,9.9989894114676865,-0.68120677186652934,-3.1740628130732516,,0.08968320633107847,0.2666666666666667,False,3
0.070672458394872101,0.99749904322650007,-0.0010307214170182533,-0.98567213366766049,0.069675800928369266,-0.1536090090978697,-0.15315302326583119,0.011871879682876074,0.98813117041075538,3.290721868799436,-6.8332111238652251,-3.703777874514051,0.314754637280544,0.2671132896552284,0.9911504424778761,True,5
0.99802774433538921,0.059309869539175011,-0.020566013518940517,-0.061459464083762294,0.98989951066098236,-0.12775638171020637,0.012781072386616991,0.12876838963190168,0.99159232854044166,9.3171862344155372,-11.326867976959873,-4.6748495460608988,0.2880676851466025,0.2463763272625355,0.7628865979381443,True,3
0.28476393300479136,0.95837819254963652,0.020512008798127361,-0.94780799613001154,0.28469570681334611,-0.14355611096035206,-0.14342072699458172,0.021438156808387839,0.98942958339692111,-2.9581194365433672,2.6391922146715179,-2.1322943785716384,,0.2942671840049675,0.8609625668449198,False,5
0.99870449966379338,0.049361361935231829,-0.012360351903951355,-0.050057829932917498,0.99666724385233774,-0.064409771729062842,0.0091398038106722708,0.064945061241651808,0.99784698376385306,-3.7454849621066204,-1.6061907331990017,-2.7808838294682636,,0.2006988150285258,0.3608247422680412,False,5
0.29743281206550698,0.95468967238544011,0.010067360497462985,-0.9442585540682451,0.29570867484513808,-0.14467951717599487,-0.14110104668552725,0.033526244375317829,0.9894273523419167,2.1147190461545908,4.5927290961474192,-2.1457059408190919,0.3409212871579003,0.2646570379727265,0.986013986013986,True,5
-0.87179514550613868,-0.46057234945678149,-0.16687221214986864,0.48639395272603292,-0.77332521373217578,-0.40668050919318671,0.058259308470628046,-0.43570772855429662,0.89820077279780797,-5.8829918110604567,-15.93962541563922,-4.766092113674075,,0.3265215584194905,0.1923076923076923,False,1
-0.19397086847659728,0.98097107563150399,-0.0084291729608957852,-0.96882905898934701,-0.19290552403412095,-0.1554275176889125,-0.15409593323722293,-0.02198198288351691,0.9878113361306694,-6.3935014999786981,-4.8706508823227361,-3.171531660276167,0.3225301540270208,0.2595721492369449,0.9953271028037384,True,5
-0.93043824367366745,-0.33203902856765821,-0.15503147492463484,0.36447531576012787,-0.79468259703391442,-0.48542488005147433,0.037979190499756517,-0.50816301860650903,0.86042310964414759,8.6243564248287452,-9.5503875746045725,-4.3926982203367624,,0.4581728140478785,0.1518987341772152,False,1
-0.22162187580770593,0.96407893196684191,0.14640886961228289,-0.9627956514338204,-0.19253003695173054,-0.18962256841285927,-0.1546230181557649,-0.18298633230118022,0.97087987127520736,-7.2604870286825873,3.6873893068629919,-1.7774996898859963,,0.1911536866340453,0.1724137931034483,False,5
0.97533787131262417,-0.20691389381756448,-0.076828883426827962,0.21414305196161729,0.97143112446791968,0.10229527707356526,0.053467654520500195,-0.11622482936209051,0.99178273778072479,-13.504778416685749,-3.49142728034023,-2.7248810232524208,,0.2360598132854935,0.2702702702702703,False,5
0.39210657682094879,0.9058969651578217,0.16000975261403738,-0.9128937197221364,0.40463700197480629,-0.05379547494651718,-0.113479024077748,-0.12497833872591149,0.98564847990735183,-4.524155397123411,4.53319755803349,-1.8257584807192002,,0.2843659569140849,0.1428571428571428,False,2
0.25992036815756592,0.96272551423610475,0.074839738479386339,-0.95484699516239691,0.267794896982748,-0.12865888612661205,-0.14390489236359005,-0.038019434357010315,0.9888609126489919,10.30478968913256,5.865581120293732,-2.2649210340045718,0.3102227762370468,0.1735456857318087,0.6619718309859155,True,7
-0.093244983223753256,0.99555233127558429,0.013450977486823975,-0.98323606310989486,-0.089948474770656914,-0.15860679710084005,-0.15669147170078068,-0.028014774283965684,0.98725019884427567,8.4857287584582703,-5.350942148710935,-3.7536045683268737,0.2817971442328815,0.2294290621892729,0.9817518248175182,True,5
-0.17373534236900307,0.98428824198933695,0.031506943575481332,-0.97274900234008277,-0.16653458874585705,-0.16132454617206995,-0.15354285805045242,-0.05867612319156329,0.9863983492022429,11.967577701128249,4.8816537366344388,-2.519878248977657,0.1490590161408912,0.1326491460940923,0.3461538461538461,True,5
-0.4426105334049949,0.87085800033022021,0.21378086672992083,-0.88012942049319243,-0.37625918635064032,-0.2894844173164961,-0.17166280581786808,-0.31628368270842616,0.93300402633168356,-8.6923024994481946,3.0454744347029381,-1.8246864117066681,,0.4627397268984199,0.2222222222222222,False,3
-0.98955673989432036,0.14405964356192189,-0.0049272331521163825,-0.1326609726519776,-0.92356338279238526,-0.35976623563102217,-0.05637840778839491,-0.3553554517126436,0.93302946259662545,-13.362582477589591,-4.4937629101615766,-2.916104563082988,,0.4865400386559093,0.2151898734177215,False,3
0.88410173562069305,0.46716520164473507,-0.010990698099318366,-0.46423992212658233,0.87539485822694874,-0.13477810242662847,-0.053342438792962688,0.12425987510879022,0.99081485034367822,10.741115987261642,-17.234081701151659,-5.5358314969373801,,0.3108628447764509,0.9090909090909091,True,5
0.047740454803803949,0.99793512297758635,0.042969050522853512,-0.98704509151721664,0.053728957064647698,-0.15117931897093034,-0.1531758345395742,-0.03519502096113631,0.98757200963405711,11.663212561636985,-5.3422966850537694,-3.8441412628441323,0.2125784261382583,0.2257691219282367,0.9871794871794872,True,5
0.76342890852063472,0.63731388173549175,0.10491576517488638,-0.63978721847887354,0.76845034329581796,-0.012505397219020747,-0.08859241901008319,-0.057576783826289279,0.99440248252815766,-11.867646664712515,-5.3516651206749088,-3.1378069329606708,,0.2765066965180403,0.325,False,5
0.89747584335503183,0.44104191136331039,-0.0043752731539483704,-0.43843995983689765,0.89101296553470011,-0.11775524135798809,-0.04803657161365113,0.10760077913312825,0.99303301058804183,2.9820003013487253,-13.752870281970159,-4.7871033705072916,0.271948164408646,0.1946929712199705,0.6216216216216216,True,5
0.33364013305992651,0.94244544822491716,0.021928035294810744,-0.93245656497267537,0.33334513874743477,-0.13930460477964446,-0.13859659465915422,0.026030666406942231,0.99000676177251312,4.4225122994739259,9.4518438706808183,-1.3802065485586568,0.3310448459996421,0.2904548476048059,0.9065934065934066,True,5
-0.21457381935926048,0.9764465234327484,0.022589000015009839,-0.96408433083952705,-0.20803756345606975,-0.16511140245592437,-0.15652309438316095,-0.057206285208536531,0.98601620770520793,-11.651875033360065,8.9856112974925519,-0.73861327603440308,0.2465965664157175,0.2370462522316029,0.9666666666666667,True,5
-0.75088396168962179,-0.61386585352004264,-0.2436021140290201,0.65466955997115517,-0.64321793520288317,-0.39708746527750383,0.087069186997881548,-0.45764549786428405,0.88486131962024361,7.2082576942042422,2.3258754767322896,-2.689542464382066,,0.3807497211441624,0.2790697674418605,False,1
-0.66645078674521563,0.73502720705775337,0.12481327546203094,-0.73454178992132624,-0.61868367616529196,-0.27870928887601398,-0.12763897408650868,-0.27742659160844296,0.95223042303985728,0.012490638614331723,-8.9623253926500528,-3.8898112349792884,,0.3332108288389478,0.2741116751269035,False,2
-0.9651125363988432,0.26176437818197812,-0.0060993770823749623,-0.25404374717974715,-0.94177918913218217,-0.22025833340966036,-0.063400052087229097,-0.21102457021051069,0.97542250546253306,-2.1158071840702282,5.5023908069263818,-1.7556817999999428,,0.1181512612170309,0.2641509433962264,False,3
0.48234821493402591,-0.85161620961327067,-0.20515855106205858,0.86998212633301408,0.49308134617545252,-0.0013732861645396055,0.10232936729524476,-0.17782187035831087,0.97872778800401183,-7.5039900382933569,1.6247846279018974,-2.1488984631517871,,0.5731272008089247,0.5157232704402516,False,3
-0.39604934630686611,0.91786496695763919,0.025861510430687171,-0.90592089973115331,-0.3859895132314381,-0.17412472284444577,-0.14984071115755454,-0.092390465456181708,0.98438395109458643,-3.0944440122704084,-22.184703412126179,-5.8634337933336065,0.148789887592391,0.1945695566619108,0.9655172413793104,True,4
-0.61151901171675505,0.76589590423115772,0.19861511068118631,-0.78008444579683589,-0.54161708244209017,-0.31323983372610992,-0.13233576891681953,-0.34648867209312212,0.92867262497412895,-13.14644899777776,-5.9771559412591024,-3.1702391813007038,,0.2078934049032082,0.4666666666666667,False,3
0.2552943250835894,0.94764906129003856,0.19179693484574634,-0.95665489616432176,0.27632914434672567,-0.091943535006202254,-0.14012928753456511,-0.16001081407428489,0.97711837673556201,-5.0941741430676428,7.3211889938907238,-1.1979262253773215,,0.3382687765580069,0.1428571428571428,False,4
-0.87618992202099655,-0.44377207694077531,-0.18803607174292258,0.47838478899627096,-0.75328872604942565,-0.45133589361342097,0.058644813972184053,-0.48540955793484614,0.87231780152629257,7.0534756413190394,-11.194529913503075,-4.5452245330723811,,0.2558252255430843,0.1914893617021277,False,3
0.71524931254163926,0.68637771759936617,0.13154485809714242,-0.68916391164688284,0.72396954663249546,-0.030351250918312117,-0.11606689361002083,-0.06894725760915929,0.99084547325801353,-6.4380096077813116,1.1849162399253683,-2.2948073941896769,,0.499011416584048,0.3176470588235294,False,6
-0.99067926372905424,0.13512381376149379,-0.017209049125600746,-0.12879040823963483,-0.97031502284781923,-0.20469926033404007,-0.044357943625988924,-0.20057495205130685,0.97867362355735787,2.1038804561098026,-1.6103813798178011,-3.0090478245722907,,0.07133975387886662,0.2172413793103448,False,5
-0.81548235410938996,0.57502558701148443,0.0658339154107314,-0.56928603093030417,-0.77637751495225094,-0.27046509805183705,-0.1044123801272159,-0.25803784326851553,0.96047619768399528,2.3251803682968757,-10.554981736972854,-4.2322409931873732,,0.5321419807249156,0.6127659574468085,False,4
0.94657033712388772,0.32214115035449964,0.015155069298692685,-0.31908102398259314,0.94233012853520581,-0.1010011336027508,-0.046817699766095712,0.090768982053896621,0.99477087557161126,-13.397532660694083,-1.9404297178973042,-2.4326292273686372,,0.2887191453054182,0.9921875,True,5
0.019102292125073864,-0.98156577979575321,-0.19016761651113009,0.99555940705261281,0.03620915666800005,-0.086892830558354173,0.09217683800510279,-0.18766330730152905,0.97789872360486996,4.6704905325353439,4.4661066377313245,-2.3456447351664242,0.698059599453837,0.4790969913961952,0.4034090909090909,True,4
-0.98031511101150981,0.19435661158818007,0.034753282642820738,-0.19305509896870524,-0.90669290791484047,-0.37501693228321403,-0.041376465347754007,-0.37434406402251225,0.92636629356126443,-5.1908710961034075,7.6017373536337987,-1.1296211711055919,,0.4533296442616078,0.2835820895522388,False,4
0.87636668454893618,0.48146437792409275,-0.013171446498818937,-0.47845147633679763,0.86708759279127534,-0.13872019037821931,-0.055368032327721112,0.12787165134460843,0.99024402132936862,-2.14306768165808,-14.145131782429154,-4.6093145164828497,0.2581171318997655,0.2068260914984704,0.875,True,5
-0.12994003068012006,0.99119418270499549,0.02548883282198328,-0.97766429529450516,-0.12379879789534692,-0.16984223074950158,-0.16519114423342834,-0.046988826453153984,0.98514158173097532,14.98978340095449,-3.8315439762432844,-3.7714442311269889,0.1315312554008622,0.135741459051436,0.7027027027027027,True,5
0.94298809241227644,0.33247389160391061,0.015315644629153975,-0.33058001870467202,0.94096858646527592,-0.072766548075046636,-0.038604517894593321,0.063554942272734602,0.99723139767600333,-7.4813170772663327,2.7696956659776717,-1.935745656120059,,0.1342979197367952,0.2894736842105263,False,4
0.80908319537196272,0.58769385828536025,0.00055848040297014562,-0.58313378842306163,0.80292273742068465,-0.12357209447218014,-0.073070977590707187,0.099654436261213536,0.99233544004403962,-1.3456359950078369,-19.578447296878064,-5.5207411576987724,,0.2281289593628897,0.9876543209876543,True,4
0.78153470924061375,0.62385927002500441,0.0017633649814513771,-0.61860564178583799,0.77531321165658762,-0.1273439585590091,-0.080811869195809655,0.09843289609991053,0.99185704956030019,-12.855552473760666,-18.046510371510632,-5.0376178852323816,0.3872007022449676,0.2885727469956015,0.9402985074626866,True,5
-0.11540454072662668,0.99329913691690286,0.0062142239911241043,-0.98084130235271894,-0.11296422741509617,-0.15871176050794722,-0.15694626971896453,-0.024411225381899684,0.98730540386278454,9.9140872637998427,-6.4792317738627441,-3.954463844497063,0.1796343975406833,0.1263846436899302,0.7195121951219512,True,4
0.99943764165571225,-0.0046796414625818235,-0.033203936475206877,0.0082666654403295015,0.99403689181866284,0.10873049225488213,0.03249711809015611,-0.10894383258942664,0.99351657190837117,11.747693747065654,-0.58124328391760305,-3.2258453483924057,,0.3098426511330387,0.243421052631579,False,5
-0.84784092522096044,-0.51152350835126426,-0.1396762897720307,0.52965808281483895,-0.80453326000624137,-0.26867926762710703,0.025061540841997673,-0.30177795470800017,0.95304878428277828,4.3910859321650593,17.54596955170922,-0.085365172861513031,,0.1587200300862032,0.5625,False,2
0.48062158509934827,0.87667536985859162,0.021052026503191039,-0.86778167876058154,0.47892982273752388,-0.13259405303432809,-0.12632438380635827,0.045459001043854481,0.99094683473940137,-9.7823983858937087,-8.6321315978028839,-3.6537004236368498,0.3775444736439514,0.3063155575637501,0.9890710382513661,True,5
-0.50905267572994106,-0.8162758872081014,-0.27305502979219159,0.85570237482449285,-0.44567967203776693,-0.26295070954844724,0.09294524760261183,-0.36750959973167469,0.92536364476521016,5.5983313357780107,9.4591077955991789,-1.4589970884361774,,0.2844924134334297,0.3333333333333333,False,6
-0.34900296774033845,0.93712161551909612,7.8964019830527355e-05,-0.92459309840257153,-0.34432336082074816,-0.16300007846451309,-0.15272370770371185,-0.056960520713780508,0.98662605286159299,7.0544330938770843,8.8969324155694043,-1.6748785511991764,,0.1015665389545161,0.4193548387096774,False,5
-0.99984507694397085,-0.014161535080697143,-0.010453374338638657,0.016610637233264149,-0.95560331254336228,-0.29418768802731721,-0.0058231298809508373,-0.29431574878064432,0.95569049967972308,1.3612652737825559,6.9897249399953054,-1.6281224702709893,,0.2552139892614568,0.2695652173913043,False,5
0.88486755025135921,0.46582723889364852,-0.0037949989299810292,-0.46246514929636728,0.87744353367267158,-0.12735317389960688,-0.055994680090589978,0.11444574575201363,0.99185017370609874,10.748842675869131,-12.27553291702201,-4.8732039052094569,0.2850733977732782,0.2175534684136838,0.9367088607594937,True,2
0.49535273881286901,0.86859305317482927,0.013106186593297691,-0.85861325318363169,0.49184142579516188,-0.14448284787199889,-0.13194296346531881,0.060316828897174726,0.98942050440840312,13.59952174042702,-7.3439708268429094,-4.2235442313254419,,0.129601742108649,0.875,False,5
-0.90484260368673375,0.41864157326348272,0.077453829401055121,-0.40945539829704464,-0.80585415005697703,-0.42772113069306572,-0.11664535721073538,-0.41873419011518798,0.90058621945361617,-3.266772377006673,-15.118401102281078,-4.710136056854429,,0.3808200892013541,0.2533333333333334,False,4
0.61780596944689081,0.78558703777684025,0.034187573660575406,-0.77799709831932207,0.61699349119766911,-0.11848859365536847,-0.11417661372848049,0.046605127365147873,0.99236669783945097,16.803640522243455,4.1381185360291379,-2.6972738269501102,0.1669875619789204,0.1418061833287122,0.6595744680851063,True,5
0.98231380979884642,0.18717008881779743,0.0051900800006865234,-0.18701850114503549,0.98211814043125722,-0.021634196664380517,-0.0091465462301375117,0.020280929164773913,0.99975248166947472,3.3408969956801857,0.91619431316850408,-2.7315471281920547,,0.1618051230356978,0.1886792452830189,False,1
-0.71149818407960952,0.6569964856006032,0.24925078126231887,-0.69748530811422804,-0.61722476128477854,-0.36407120048384739,-0.085349745261601009,-0.43288475598640097,0.89739969301219169,-7.6362097391819166,1.9539716696398539,-2.0904854104625508,,0.4451559619045658,0.2977099236641221,False,3
0.48006618483397528,0.87366658132995345,0.07901368771411317,-0.86799250711537312,0.48611748989805859,-0.10138438541895724,-0.12698608494839247,-0.019912073785588146,0.99170461506793317,10.402165291975397,-1.5584155120202277,-3.2928917639565816,,0.2377091576265482,0.6186770428015564,False,5
0.50479118641149456,0.86318982757913776,0.0094434996253100999,-0.85479757813730495,0.50134995580350072,-0.13404970058312177,-0.12044483605315956,0.059594826786604042,0.99092961308480509,-2.0811706059836164,18.271779332480779,0.31894520670658605,0.329218833900905,0.2639055226800596,0.9863013698630136,True,5
0.99838180632820939,0.041238602121964993,-0.039155414540615517,-0.044692851254509704,0.99476623290606703,-0.091884116780941924,0.035161311687186114,0.093485397602501338,0.99499957919364901,10.718375978320195,-14.720778766930524,-5.1672937766192648,,0.225049441591926,0.9873417721518988,False,2
0.53579506259158349,0.84230460460548884,0.058707784516808387,-0.83573236108826399,0.53895182370784966,-0.105272752181264,-0.12031239143295255,0.0073406254756552885,0.9927089420798576,8.3056002148009505,0.40694278354110247,-3.0022388236984563,0.1568864201650573,0.1128963208131983,0.2857142857142857,True,4
-0.0081630069755494437,0.99994165059146167,0.0070753607356832393,-0.98785377454966306,-0.0069659544919858062,-0.15523013749268566,-0.15517179326507652,-0.008256566504213473,0.9878529970013058,-2.0149834860421527,10.116947781824408,-0.89201540640172405,0.326949084789192,0.243133523243885,0.972027972027972,True,5
0.222991514269513,0.95058651546331741,0.2160094006822324,-0.96467495285693594,0.24707112043207202,-0.091422627280712848,-0.14027480135169404,-0.1879923883239642,0.97210176526842806,6.827322963319399,2.0311011977260529,-2.7192774971758977,,0.3377173716641134,0.3085106382978723,False,7
0.66627029329502385,-0.73094629624867946,-0.14765299953912231,0.73354139522044914,0.67804627973778242,-0.046586092686427896,0.13416749893546862,-0.077270657652756702,0.98794145964996882,-11.980882450304497,-6.5765784711222706,-3.2923443493187508,,0.2944255062904037,0.2083333333333333,False,4
-0.045464165461952206,0.99760465572761214,0.052134063043654734,-0.98572494587293558,-0.036331508280040205,-0.16439693607210126,-0.16210903966974025,-0.058864015974862814,0.98501557697361586,11.043526524289073,0.063426654400094151,-3.13756559273103,0.3821350899916375,0.173698856501303,0.3,True,6
-0.36034466506539509,0.93221628179384564,0.033533957675272799,-0.92035678001696664,-0.34944399953129157,-0.17559125453272545,-0.15197078612585355,-0.094136577110246741,0.98389185636138798,-8.4610986413053908,17.219732288972679,0.39110495617210672,0.2731935367205376,0.2418060656457708,0.9454545454545454,True,4
0.98145046501145894,-0.17323016517388257,-0.082135830199858553,0.179073224934684,0.9813383504651142,0.070055849276846632,0.068467253780787135,-0.083464673846110185,0.99415586473121997,-3.1670885662139145,-15.566527987198208,-4.7971136254137559,,0.3215363193568829,0.2765957446808511,False,5
0.28050963755275687,0.95965072958524511,0.019616840890574881,-0.94916978690430232,0.28037060468321329,-0.14307005157477479,-0.14279726491799627,0.021512815624051752,0.98951813520312182,-0.76124651587610326,28.006360474116789,1.860930434397476,0.1448285125141188,0.2797247109594501,0.918918918918919,True,2
-0.25749875394214133,0.96532873460981727,0.042834867279498083,-0.95433425316056764,-0.24711720004478077,-0.16786668128752605,-0.15146129856403773,-0.08410424233435243,0.9848786480874987,-14.224392489648588,1.2147200866215639,-1.9521742869384877,0.2571395639852386,0.1975746892839405,0.5238095238095238,True,5
0.68611696550451806,0.72739534621335644,0.011811856501976935,-0.7212240385310108,0.68224315375662703,-0.11991732734359259,-0.095285864071702378,0.073758317899493137,0.99271361159638938,7.5766903260753908,-13.71964480952796,-4.9321652115881873,0.2681106048388768,0.1998775703337247,0.8461538461538461,True,5
-0.43297854218987536,0.86168631896887504,0.26462477152564468,-0.88906567634391198,-0.35982813757483689,-0.28299458397037502,-0.14863312265532122,-0.35779938388892374,0.92189359241641022,11.094176494745073,-2.3349976725375301,-3.4376727605112767,,0.2755557322975049,0.2708333333333333,False,3
-0.61916795180047923,0.75240525539035052,0.22476071525998831,-0.77416439982446639,-0.53693884146176485,-0.33521062419637304,-0.13153147725021511,-0.38155341983879509,0.91494068567404796,0.34923029545548945,-12.243443456948819,-4.3899161568324701,,0.3708124639049482,0.173469387755102,False,5
0.98837093791573738,-0.1481878695273911,0.034106369031286832,0.1472887235197165,0.98871031082461225,0.027530949729905108,-0.037801071512562893,-0.022187307047746643,0.99903893938047839,11.549252609947363,0.33760901442501456,-3.1486848601933586,,0.3150337231236847,0.4411764705882353,False,2
-0.99162270077625192,0.12916052759248636,0.0014062066853598859,-0.12486741101798046,-0.95576306465511851,-0.26631765601762447,-0.033053728547292598,-0.26426222271275485,0.96388429216168692,-1.5532406813095876,-14.740655173712634,-4.7481958267218713,,0.1809448152631101,0.2682926829268293,False,5
0.75137162094166166,0.6469326620007636,0.13007235709445442,-0.65452270949154956,0.7557151192819257,0.0222414309015114,-0.083908938757095985,-0.10184689158394526,0.99125501293630192,-5.0597776280207034,-11.527789855400629,-4.1837849155061324,,0.3054117991907495,0.4032258064516129,False,5
-0.32597321167126858,0.93925574970513526,0.10742486638838186,-0.93497011874320868,-0.30348038529616816,-0.18365874005284427,-0.13990118773629934,-0.16030686942964309,0.97710253570627859,3.9176811180624793,-4.7456067790795657,-3.4945051585484936,,0.4385753482037147,0.3691507798960139,False,5
-0.87689047820124455,-0.46834725741158145,-0.10823093695909655,0.4774955756223726,-0.82278056529496335,-0.30826955190865135,0.055326887686304914,-0.321998428331493,0.94512218662509306,-5.5593484875811487,-14.463059022364034,-4.580099917766745,,0.2089119507767783,0.3076923076923077,False,2
-0.035327558553610985,0.99891144896947337,0.030461134653008325,-0.9873521576586296,-0.030172464758346462,-0.15564491362474672,-0.15455639868180709,-0.03557442182402782,0.98734329396537501,13.345333271419843,0.50896090849953435,-3.1640272383578081,,0.0979161276455998,0.3809523809523809,False,5
0.65618789202116568,-0.72788872291028861,-0.19898607344446881,0.73414132591932935,0.67678713668481394,-0.054732852980444696,0.1745106413438087,-0.11016886437646105,0.97847271672733571,-8.7487738172392202,4.5404435938269216,-1.5779232382197392,,0.6140313520234473,0.3333333333333333,False,4
0.73329916460987565,0.67967981839205927,-0.017540799668110282,-0.6739126405503818,0.72317509617492837,-0.15119369424283227,-0.090078233158021895,0.12269117630425128,0.98834851503313803,6.6117833304200184,-2.9484488554297847,-3.4048962587179803,0.3609313485854882,0.2852464178894031,1.0,True,5
0.61312413089999562,0.7899742780052863,0.0044091040077630702,-0.7823220825266004,0.60794167625122042,-0.13556945625065717,-0.10977686140242764,0.079671565610839573,0.99075803420095954,-2.705825179068658,-7.3543328879754686,-3.646991520524161,0.3491516435494938,0.2935723669507099,0.9927536231884058,True,5
0.97818628473219971,-0.20557284005773074,-0.029856319137076311,0.20123759748973025,0.97342819932473212,-0.10927474601192502,0.051526902860327344,0.10088284388342776,0.9935630981933733,-17.032792496129417,-15.218489508848636,-4.5559237756310962,,0.1481593214216566,0.5909090909090909,False,1
0.99637993006872805,0.0075781491550385091,-0.084673529580500825,-0.00027232503273510317,0.99629832603765112,0.085962616140098952,0.085011533307619527,-0.085628366736482067,0.99269372014470281,7.7115402821524919,6.5917687319703724,-2.0593800089254044,,0.2684868370339571,0.4166666666666667,False,4
0.86854600499880297,0.4752620986682945,0.14054812261295774,-0.49433636361216465,0.85105741525155887,0.17701083457245409,-0.035487981223512155,-0.22322010105441531,0.97412185565971998,7.1299865832676321,-10.043861840854033,-4.3865784910615604,,0.3541886318209537,0.2222222222222222,False,3
-0.9378529235376124,-0.33800455085467906,-0.078643610124904201,0.34678761535520564,-0.90428746204837307,-0.24900308395351139,0.01304774494696518,-0.26080090027382252,0.96530443217057726,2.7345714128632483,1.5183820066405724,-2.6352995180230199,,0.3537885662717745,0.4384236453201971,False,5
-0.85705442583344904,0.51463330516378936,0.024703691535725637,-0.50572040751446157,-0.83110738099320314,-0.23131664592507528,-0.098511829658702532,-0.21074411610959323,0.97256482403101685,-10.429500117642265,3.8927243866985002,-1.5952515051468943,,0.20573847117657,0.425,False,5
0.31414403448176142,0.94919640082897405,0.018431447388718072,-0.93898901859148987,0.31351258444149244,-0.14145487747478272,-0.14004695128460173,0.02713027921229845,0.98977310500222748,2.4603506884186475,15.175018362152532,-0.34981518030256836,0.2477478393414015,0.2259286998525354,0.8888888888888888,True,5
-0.094863099540363302,0.99439788303890786,0.046624484483308852,-0.98327596078802681,-0.086282034441174382,-0.16038639427668028,-0.15546503556098357,-0.061059485261760624,0.98595251507240023,9.4429266142932988,-3.352006565027843,-3.5285840533947375,0.1742884145904414,0.1623370857281448,0.9404761904761905,True,5
0.68627693083345442,0.71934071425929325,0.10757746518088088,-0.72200482908880592,0.69163217983694114,-0.018813680831905655,-0.087937483351854639,-0.064760054222728458,0.99401867909954877,-11.841047854068654,-2.5887028250220276,-2.6668778646546838,,0.1984864699526537,0.4333333333333333,False,3
0.9730659027354176,-0.22860188986163896,-0.029730874279039358,0.22388456109711291,0.96787169314435384,-0.11445561983684556,0.054940442627103889,0.10471657730068558,0.99298337659921054,-5.6610131056130095,6.409856608806642,-1.3283161523148559,,0.242322519942427,0.3953488372093023,False,5
0.12497480901923469,0.96247297861200598,0.24088807058951814,-0.97890617667504254,0.15916815204881801,-0.12809448325675843,-0.16162918789023667,-0.21979823660598194,0.96206275305036371,-6.0704171633490382,-12.995121851552806,-4.3675942383682438,,0.1857047350060389,0.2413793103448276,False,5
-0.49224717730089884,-0.82605238883262211,-0.27446341713098366,0.86661563978549527,-0.43549239843908816,-0.24356457825584371,0.081670369893089775,-0.35774826597160364,0.93023982331215915,4.647920251429575,7.2704895323371721,-1.8239771234416036,,0.4040413343647514,0.25,False,6
0.30820841118557069,-0.92042355841312873,-0.24047463149483853,0.93516088195686753,0.33952540279053584,-0.10097834281456727,0.17459009173523565,-0.19376009387393647,0.96538869161071272,-8.3423217082300489,3.0344196518336193,-1.8612258713572527,,0.5594385136613678,0.3,False,3
0.89714904284160302,0.44068931269395473,0.030274157390827731,-0.43936969352628263,0.89733362797698213,-0.041792732768823893,-0.045583630164952739,0.024192762946710862,0.99866753370778438,-0.047597173003702822,-9.2229267840980871,-3.9195258878857757,,0.1738946228397877,0.2058823529411765,False,4
-0.98611836991023349,-0.16521372507502993,-0.016582688938054528,0.16204585250183143,-0.93577984271239989,-0.31314090703724806,0.036217429678796133,-0.31148115676552279,0.94956189201519325,7.9342194982545138,5.3137620520147433,-2.2632777299029869,,0.2703324474573206,0.3617021276595745,False,7
0.493381827899668,0.8697686379206846,0.0087686023960928481,-0.86037087852015237,0.48948263352910237,-0.14201655842850444,-0.1278136271797527,0.062524139042555146,0.98982544357282709,12.141543611103545,1.7373897711501924,-3.0057775157064661,0.1159621724333636,0.1238887749610715,0.4705882352941176,True,5
-0.69974302465932459,-0.71330760798432724,-0.039394870634340953,0.70785527488000666,-0.68483857097004908,-0.17302323987328891,0.096439666450942194,-0.1489576721870248,0.98412956597769841,17.956411724427149,6.6712720417185745,-2.3877649777952348,,0.15764728979443,0.3846153846153846,False,1
0.77821446528674709,-0.62319657542204099,-0.077513059549354418,0.617817656060623,0.7818790198019564,-0.083465814878238329,0.11262144501922813,0.017065367730321194,0.99349141080635872,-7.0598429854754494,-25.201041515532289,-6.2748647948055716,,0.2322420780029433,0.5238095238095238,False,1
-0.93550647227393435,-0.34509816305716556,-0.075729110572806443,0.35125952126872834,-0.8854055037023949,-0.3044237880514129,0.038005118755796402,-0.31139099516215568,0.94952159484673126,7.278683296838576,-9.671825604811783,-4.3542584766535875,,0.2681613067447117,0.2857142857142857,False,3
-0.093416422893583734,0.98924860967462003,0.11251915477196947,-0.98856816464458486,-0.078726173331027272,-0.12858916549962421,-0.11834845070808409,-0.12324519418413177,0.98529399994393152,9.9762343457174225,-1.8598082490850358,-3.3212674163760707,0.5699509879681088,0.5559397316615785,0.5622119815668203,True,7
-0.57140866965672044,-0.81106147678837914,-0.12518551478102705,0.81352877515573596,-0.53973671665178424,-0.21646064005162557,0.10799566766655423,-0.22552950487199092,0.96823208901453484,-5.0026616222804536,-15.771560031617975,-4.7802631869441337,,0.2730420391553906,0.4807692307692308,True,4
-0.0019721268144230037,0.99994252872082279,0.010538025015818089,-0.98827871216637864,-0.00034029575589187731,-0.15265998584292514,-0.15264762623307124,-0.01071557064298005,0.98822258563099208,14.289661208436131,-2.9570906475348648,-3.6080549458534397,0.3650596651896059,0.2807521742337956,1.0,True,5
-0.16674465956201434,0.94937015233120015,0.2662565161083949,-0.97487948966041993,-0.11829697637871292,-0.18872150385976455,-0.14766922207076474,-0.29103631945564162,0.94524687865696089,-9.2430396528746854,4.31158076543415,-1.5672779872014475,,0.3578615354494212,0.4,False,4
-0.75317423446508014,-0.64787383625847139,-0.11396519130713717,0.6483792477303274,-0.70189056266170236,-0.29487961808014862,0.11105369714960373,-0.2959883956140355,0.94871383778842111,8.6275786627508442,4.8726301031281585,-2.3792293887395402,,0.1789376069924942,0.2,False,5
0.93906226808373994,0.34371164188184772,0.0049359797717034755,-0.34226574765235929,0.93625074063892888,-0.07930137853170538,-0.031878121735662512,0.072779515579191406,0.99683846608498461,4.342696698213464,20.471598430727468,0.37762399109550138,0.2049388142929218,0.2147082067216206,0.925,True,4
0.41863893792204138,0.90700082375707758,0.045726855998291162,-0.89778547545114795,0.42092131549199485,-0.12963983274227567,-0.13683084346908747,0.013219374738305334,0.99050621825764806,8.5994001490286696,0.53280059527577894,-3.0048922002254317,0.1678115570236628,0.1261382879022324,0.5714285714285714,True,6
0.59123777880751482,-0.7944393880507189,-0.13893864697900019,0.79537178647438977,0.60288024827260833,-0.062602935420754111,0.1334976036912025,-0.073494659373025004,0.98832025419514169,2.628897755758195,-10.793274870970151,-4.2743175964248294,0.3739162211910158,0.2808929420256173,0.248868778280543,True,4
-0.68723566836424121,0.70387982102951452,0.17961161898778541,-0.71541820387695365,-0.61290335928153172,-0.33544934899756018,-0.12603146309326158,-0.35903017941236115,0.92477748706469931,10.308513820773943,-23.1203155746751,-6.3050075807157571,,0.2816130997567627,0.3,False,1
-0.46431338880111173,0.88541155153369011,0.021435050518554245,-0.87483670926014423,-0.45472521093530716,-0.16699016339510545,-0.13810796179406606,-0.096287937720909655,0.98572553174732425,18.714849547119876,8.8689423568259738,-2.0661895361848361,0.2175868529822468,0.1963070920177563,0.8636363636363636,True,4
0.33320212925882531,0.94284915667361424,-0.0034363959665305675,-0.93253709449746713,0.32901574783899218,-0.14873871405982256,-0.13910754272722264,0.052764622938123701,0.98887056085343694,16.88225138619476,-3.6406587746113175,-3.7863456504067798,0.2318771642070101,0.2144847003587281,0.8787878787878788,True,1
-0.24932424663817759,0.96809448224475925,0.025109629339291145,-0.9559826789273641,-0.24189729342655156,-0.16608075452552748,-0.154707910687091,-0.065412329725825932,0.98579241703853415,10.389143314457542,-13.359252649807338,-4.9982606254423585,,0.2162960393296255,0.8166666666666667,False,1
-0.98494378026015716,-0.15539033625913357,-0.075760102455747644,0.17259725099914797,-0.90873394111304351,-0.3800168591216625,-0.0097948289606846536,-0.3873712272051576,0.92187178808075176,5.16465274235075,-5.0474629181790629,-3.6111703046568602,,0.1551588242060232,0.2115384615384615,False,4
0.91546238074654918,0.40234300092532088,-0.0069813354215602693,-0.40006688237666144,0.90814254156640983,-0.12338400959087055,-0.043302644991726043,0.11574642026304272,0.99233444318587094,8.1599268382486727,11.292033287899542,-1.3988012479269438,0.1401655735358588,0.1671380010833468,0.6666666666666666,True,4
0.57242420062860067,-0.81690419788634461,-0.070697001424217587,0.81053190935453956,0.5767725235272988,-0.10184046357924939,0.12396999012983921,0.00099377040598624456,0.99228546999721223,16.201525407507098,8.4687374662825512,-2.1124017251725413,,0.1684640874555722,0.4864864864864865,False,3
-0.32325109201448593,-0.90645023548957171,-0.27176589574915688,0.93647956270414923,-0.26512297467247792,-0.22959929646726068,0.13606895365544158,-0.32872143051787184,0.9345734112253552,-3.578057977355714,12.826600096936382,-0.37887725918927095,,0.3887527690518692,0.4,False,6
0.56999614952710587,0.82097328950608961,0.03327532782444674,-0.81330395741351313,0.56950198510684946,-0.11918121418611476,-0.11679495870880797,0.040869877378196119,0.99231476394503992,11.850316642060069,-8.6659343028894416,-4.3570999541331963,0.07245796708702856,0.08136769672212932,0.3103448275862069,True,4
-0.96971542546130973,-0.24190698473356281,-0.03366013011718378,0.24395271610653432,-0.95268760549521803,-0.18131022762114585,0.011792621703190032,-0.18403080468471281,0.98284973266540709,-8.2634272778652953,12.431996114724992,-0.34392723391876229,,0.1741651062307099,0.7627118644067796,False,3
0.99156667061763126,0.12744495760341371,-0.023522765605444106,-0.12943310104624461,0.98300106150930777,-0.13021515052068774,0.0065276392223549999,0.13216162776326873,0.99120668584969962,19.643431210341681,4.0340537357311428,-2.7689702960000555,,0.1817622322475037,0.9285714285714286,False,3
-0.95372664530770612,0.30060747794745235,-0.0063741848248049871,-0.29346328797379295,-0.93525732961220887,-0.19792176741897344,-0.065458266412421681,-0.18689267403702969,0.98019709433846469,9.2876945081148179,-26.408815859725529,-6.7154294352538342,,0.2294230758589604,0.8648648648648649,False,1
0.99803892563906205,0.061638776216611617,-0.01090706998895471,-0.061658851855427195,0.99809613501002858,-0.0015136928063287924,0.010793002228109588,0.0021832417548017448,0.99993937044119985,-3.0550980209850231,-25.643996482250401,-6.45434494636367,,0.4176708929706701,0.4318181818181818,False,1
