axis_00,axis_01,axis_02,axis_10,axis_11,axis_12,axis_20,axis_21,axis_22,location_x,location_y,location_z,dbh,dbh_approximation,score,reconstructed,number_clusters
0.93061055376481283,0.36397437228078,-0.038557146475875756,-0.36594449610098539,0.92325754815473882,-0.11696206884583385,-0.0069730190696635774,0.12295591119630582,0.99238763641378624,-5.0674559339633971,-13.501382356295597,-5.1716117743703975,,0.1941583948710405,0.8533333333333334,True,5
0.98787184175854215,0.15026975742214338,-0.039092509063454746,-0.15359476389373852,0.98262569624356411,-0.10418920091006305,0.022756817989622931,0.10892998249398998,0.99378890421902277,12.772539867327172,19.346376868304766,-1.2146216172472326,0.4020691057520687,0.3388901246899795,0.9259259259259259,True,2
-0.32174840894898016,0.94679822027734295,0.007147826134936211,-0.93394290301904781,-0.31612064936651435,-0.16678845566898726,-0.15565543755086872,-0.06033958173329191,0.98596679438868418,-11.137671687496175,-10.312328501302524,-5.0611064002217123,,0.1762339038179861,0.36,True,5
0.91989304313861942,0.39128725896578731,-0.026288213256368022,-0.39201397742825295,0.91557373923413843,-0.089720507832377616,-0.011037693873832154,0.092838618019979169,0.99561998790607276,-8.6703224664441407,-24.266248220477436,-6.6824938334745978,,0.241136939325216,0.9666666666666667,True,1
0.93745596734300995,-0.34224863216294293,-0.063578165085013821,0.3343785109956387,0.93612704002901881,-0.10889066218390032,0.096784919679267251,0.080821028879267398,0.99201846787929038,-10.108841471221318,13.254876612088088,-2.3773908436964679,0.1926734912876356,0.23197374887447,0.8548387096774194,True,5
0.48757336481509495,0.87308060338697113,-0.0015728675496563191,-0.86709337251588248,0.48401757287208985,-0.11779674227262786,-0.10208475528657157,0.058798377022274029,0.99303648150389046,-21.817122329540997,-9.9066902469640397,-5.5370362936209006,,0.210138991593788,0.7837837837837838,False,2
-0.067407851246159931,0.9975067263181846,-0.020892882528636372,-0.98664299906119401,-0.069756961986178395,-0.14720583771709822,-0.1482962372884403,0.010690987065686525,0.98888519495523497,-12.362710171122886,-14.808053346657287,-5.6594834267089897,,0.08889105397466586,0.6,True,3
0.98877421084800587,0.14304440066989693,-0.043172437954008241,-0.14489106099356364,0.98850466065172859,-0.043186992416343717,0.036498498682303482,0.048957484686204193,0.99813377073773879,21.659754713808645,0.64770423181251235,-2.3727792601336599,,0.1407321314946494,0.1851851851851852,False,2
0.99816967025231451,-0.034261171596621454,-0.049834541326414981,0.028152564463833928,0.99255562092115512,-0.11849376562474152,0.053523289346759886,0.11687391282338577,0.9917034566839299,17.236761208265122,3.5718252401844048,-2.3228751379639623,0.3405262105816366,0.2893428193816124,0.989247311827957,True,5
-0.35327087970682808,-0.85911610613935108,-0.37029610006469588,0.92100469849057942,-0.24992701506166012,-0.29880902345920735,0.16416464573543302,-0.44660497457409504,0.87954190677660782,6.512286354508988,-15.468972427483346,-4.7889417375702115,,0.3025071039015728,0.4761904761904762,False,3
0.45980951820553845,0.88742147658937942,-0.032531982041018703,-0.88172173798267051,0.45188850856807844,-0.135512186141827,-0.10555559547655548,0.090993948766080746,0.99024144406884229,-13.241907807697912,12.916030560817285,-2.5606864413574786,,0.2229940363449229,0.9523809523809523,False,1
0.67942177525311709,-0.72737901500205759,-0.096466677389349748,0.72012483026268204,0.6862359251388005,-0.10247186876425789,0.14073478657051258,0.00015356930830619578,0.99004732021526165,6.8796226879939644,1.1818385531006435,-3.0255762331829952,,0.1597824684373119,0.680952380952381,False,5
0.48888920140125836,0.87189154231293342,-0.028151149113584139,-0.86633905462427541,0.48148938947218611,-0.13275771261368943,-0.10219584720504672,0.089292252009213896,0.99074865760452391,10.801238167291192,-6.0974204844402013,-3.5673735099252757,,0.2745349420494482,0.9266666666666666,True,5
0.74284659772256012,-0.66590371048957431,-0.068928808260650162,0.65536520196877257,0.74435770067604146,-0.12817201524788974,0.13665790976173345,0.050038603102931192,0.9893537051525404,-16.795231591058403,-1.7159638964544868,-4.3843244823137413,,0.2001396025373319,0.5,True,4
0.99065595381971394,0.12848648704294502,-0.045738428142171592,-0.13290954277925346,0.98472823499317763,-0.11245157466852479,0.030591413824196754,0.11747989553359402,0.99260396913655957,-18.772596617829929,-1.2032334825059841,-4.3663673116813797,,0.1867395280316591,0.8823529411764706,True,5
0.84178976142721507,0.53807524653431094,-0.043185954005373985,-0.53857877269875221,0.83179409182881558,-0.13435584988002156,-0.036371735655858446,0.13635841692289313,0.98999165601517236,-17.171064659039942,-9.2408383549095987,-5.2179367560716283,,0.2184781475751665,0.9558823529411765,True,2
0.74376801076478938,0.65498120385239633,0.13344949892395874,-0.66831762200261291,0.73245001467507653,0.12987891331257023,-0.012676840448726953,-0.18578643277308293,0.98250837101456379,8.2354396685812894,-8.3366813882542861,-3.9130265559045925,,0.4481967964786133,0.4117647058823529,False,4
-0.62213641356574145,0.73707268314778529,0.26395102324651792,-0.76970518412624578,-0.51417815704268877,-0.37838439760297737,-0.14317895252005841,-0.43857118302222131,0.8872176198530719,9.2707471664972498,-7.7254030487726686,-3.7995970889701889,,0.5703131437861962,0.2203389830508475,False,2
0.74628815238042157,0.66464408914108497,-0.036086401683095938,-0.66306085974265794,0.73756990909169051,-0.12783162941855208,-0.058346292889466994,0.11932671105956255,0.99113916587619688,7.6904065117490603,-23.556094268772018,-5.7422902439069787,,0.287009892847762,0.9855072463768116,True,5
-0.29651780959866186,0.95500081708122098,-0.0071153330921286534,-0.94361730198191651,-0.29411531318872641,-0.15192949005464737,-0.14718551556175505,-0.03833564818934862,0.98836572284085311,-11.348921317884896,-4.4406658956847176,-4.3944214629285119,,0.2342583920084,0.8770491803278688,True,5
0.094592002592031987,-0.99038490076027863,-0.10094603207498332,0.98492923053349024,0.10785253951921037,-0.1352118358723261,0.14479904656570333,-0.08663473936771382,0.98566102593556582,8.8330051729059722,-17.625757166827338,-4.946900426216966,,0.1199073739819076,0.3043478260869565,True,2
0.53815629304422508,0.8423779833941234,-0.028055968166304894,-0.83751154713996068,0.53071565457719694,-0.1300588420443875,-0.09466896357374846,0.093489181617703532,0.99110925747685563,-7.1479332989166151,13.143422457737262,-2.2842780539210978,0.2406686537124857,0.2409063584978187,0.9692307692307692,True,5
0.97865473184865936,-0.19785224130340692,-0.055582429251029679,0.19072794037049293,0.97512983915509643,-0.1128922032355812,0.076536060731245636,0.099881366633484667,0.99205138173744223,10.931274482241022,6.7979431146669125,-2.2227138777498543,,0.3489073275981783,1.0,True,5
0.99745288005536048,-0.050736257254552358,-0.050135658657949347,0.04573282772663767,0.99429639252885638,-0.096349324191857308,0.054738108639157526,0.093811065466190238,0.99408411286907972,-5.7193207706050471,-11.85253534248182,-4.9878373016229096,,0.1866131441953849,0.8076923076923077,True,5
0.97688204406659218,0.21070384841069004,-0.036129769514952774,-0.21302566322659203,0.9736126467895686,-0.081844247313311191,0.017931502646159309,0.087648743723665851,0.99599003957696031,-19.653861317976673,1.7818214019386265,-4.0453190794149894,,0.134576935111584,0.4615384615384616,False,1
0.32339974960585816,-0.89308447128983215,-0.31275026634014297,0.92910515571545749,0.36234413711690805,-0.073961719287478189,0.17937728835564667,-0.2666586834100198,0.94695138997955464,-10.997472716390114,-1.060153350447363,-3.974961727466185,,0.2114257127480003,0.3877551020408163,False,8
0.84801911373814132,0.52889321693115765,-0.033697890423449124,-0.52883512778767727,0.84034676163091493,-0.11895683180980837,-0.034597548360689283,0.11869829527271065,0.99232742799278895,-5.2239336569562971,-5.86767839031201,-4.2804518932572222,,0.1835700055711461,0.9018987341772152,True,5
0.91008628872262831,0.41279569535010519,-0.03664233861938123,-0.41422334143781653,0.90337895048200423,-0.11102024695578643,-0.012726762634871429,0.11621611646607735,0.99314240861337688,4.2877398900826069,13.119151602586172,-1.9060476904913515,0.2752853695377334,0.2854979693264128,0.9801980198019802,True,5
0.87588381391412551,0.48059883434456568,-0.043038412492676426,-0.48169520429761581,0.86567830636622656,-0.13627472268758781,-0.02823605283893247,0.14009222074599914,0.98973577029757287,-8.8873565422846195,-9.6873406454813473,-4.8903439915816351,,0.09632743836449098,0.8305084745762712,True,5
0.92184923936805263,0.38647619581164522,-0.028811975765335205,-0.38739218323772839,0.91681437330636939,-0.09684369502014846,-0.011012549334716036,0.10043682078704126,0.99488248993905926,8.1926261922989259,10.562277185247977,-2.013348830789484,0.3269555662507998,0.1177940691354951,0.7090909090909091,True,5
-0.3557655202881117,0.92462201254668452,0.13603318892185812,-0.92519075118780847,-0.32786672831252961,-0.19111641055173278,-0.13210968356131161,-0.19384927748062031,0.97209541153611712,-19.134825261458943,2.8944702965925826,-3.8955257188121699,,0.2976028264912964,0.2058823529411765,False,3
0.94390523926612013,-0.32354960579961684,-0.066019329539767441,0.31767015797995324,0.9442955890687692,-0.085973898331159856,0.090158582591783082,0.060178842230286085,0.99410760832661438,-4.3405328533399992,-18.285482014726352,-5.7212027399001721,,0.1377648333092764,0.32,True,3
0.83573202858885576,-0.54538185993452681,-0.064113986345523857,0.53551050163851788,0.83526775637858652,-0.12472480823455659,0.12157499342225264,0.069902804011285402,0.99011772985122348,-12.699974540726059,-4.9569218212190904,-4.5526315918821121,,0.1551593590460919,0.8405797101449275,True,2
-0.38515936689011621,-0.91357785517611256,-0.13049047715683909,0.91132154223720541,-0.35424590968938091,-0.2097686395120697,0.14541426598242194,-0.19971313927770915,0.96900431023222788,5.9172806813406469,-8.0355917670808523,-3.9957960073769967,,0.2020345110141327,0.196969696969697,False,5
0.24105206874248758,-0.9610608990264301,-0.13511420546144284,0.95943878635363655,0.25695169668502865,-0.11598724417342435,0.14618862950047665,-0.10167484415131864,0.98401784062667119,-8.0315035806819139,-17.68122950947518,-5.8294145404612916,,0.1192652690680715,0.4193548387096774,False,2
0.61655335593842464,-0.76485514080021233,-0.18670450683514742,0.77493141857131076,0.63143797587903328,-0.027701608777232128,0.13908003376518077,-0.12760366847892174,0.98202548235705112,9.0997217181824634,11.24345465353885,-1.8992395078917279,,0.283522148862938,0.2,False,4
0.057052858317294751,-0.9961748593171974,-0.066186260071025266,0.98730989378717171,0.066137671543917739,-0.14437791393669899,0.14820305323369931,-0.057109176732917016,0.98730663774994321,-17.868026283983021,-4.4697142859232502,-4.7007923862610301,,0.2120254777249605,0.9733333333333334,True,5
0.70241593407723457,0.71176452795252476,0.0017641720231963628,-0.70804738723132676,0.6989963772495027,-0.10036414711919719,-0.072668789650712273,0.0692482587549451,0.9949492075830354,-16.504805939127319,-0.24729018710920186,-4.1836087274505918,,0.1264277599513857,0.2954545454545455,True,5
0.58961983627795245,0.80734551585406433,-0.023273734077235354,-0.80291765415546468,0.58277431856701556,-0.12528900296609588,-0.087588180213133221,0.092559773385029215,0.99184726598295636,-14.010873203959816,-6.4855520193045804,-4.7973426042351583,,0.1702943018474977,0.9176470588235294,True,5
-0.98731392446189148,-0.14447179102428537,-0.065871967952187166,0.15521745903906239,-0.96557572997940688,-0.20873679619126015,-0.033447794742190687,-0.21631322491463609,0.97575090763673578,-9.9401277740233276,-11.730248943781364,-5.2013901205137945,,0.1148758113736926,0.3214285714285715,False,4
0.52103629091234471,0.85336552712392133,-0.016984129910564225,-0.84794101616476947,0.51524492840576419,-0.12457406173676913,-0.097556223060163039,0.07930914744624995,0.99206493863737777,26.284667313373948,-5.5460918006466775,-2.8185012750415797,,0.122858039881586,0.6551724137931034,False,1
0.38941513731698069,0.9205578344069707,-0.03048154097721608,-0.91407795749346632,0.38218274367427724,-0.13563863041985535,-0.11321368491913714,0.080682240608142261,0.99028937063743117,-5.7783505303854517,-7.919528051746588,-4.5405261273992146,,0.2132542728928459,0.9656357388316151,True,5
0.81918504156114202,0.57347096034884582,0.0081807896344321118,-0.57150259231322931,0.81740528047208227,-0.072342203696149493,-0.04817317367299874,0.054586308658207711,0.99734631911154192,-11.476248266737407,6.722315579094456,-3.1363013963773825,,0.1588196185126067,0.3548387096774194,False,5
0.70977453836565951,-0.68676750363733841,-0.15674980266511798,0.69432592270766602,0.71960626664918148,-0.0088506528219563091,0.11887648103793724,-0.10255348334876385,0.98759868636459369,7.5085439841263382,-10.311496176857371,-4.1506728308596657,,0.2123639832309602,0.2040816326530612,False,5
0.94396422968723237,0.32882473081562619,-0.028387135731215467,-0.33004675681518281,0.94024979814687404,-0.083662747985844665,-0.00081938194449766161,0.088343723539334951,0.99608971238761179,-4.5593655638729675,-22.268719437777339,-6.2420225358990464,,0.1718398547100588,0.8205128205128205,True,2
0.61494802519165515,-0.78433147530535596,-0.081627588217520003,0.77433182577388548,0.62018281041187839,-0.12563242122679269,0.14916148935487922,0.014050569915471156,0.98871301780571597,-15.017638451975964,-8.1241813188262402,-5.0074905058106109,,0.1861293431429386,0.45,True,5
0.47962772306631318,-0.8733850899825305,-0.084591559049543366,0.86678243180285119,0.48657993035552977,-0.10921624097699115,0.13654839136423561,-0.020939340281301615,0.99041207628159711,9.1555493037717373,-14.279854889490888,-4.5207598144568131,0.2284038471463599,0.1291018164067413,0.3953488372093023,True,6
0.89866533722304609,0.43845527804666307,-0.012553120202284471,-0.43822381603050931,0.89621649998432895,-0.06896283215977754,-0.018986804297926638,0.067475583056857635,0.99754024828760124,5.7476167970172352,13.095461844321987,-1.9086143452819955,0.1302469341144408,0.1334348179291153,0.6545454545454545,True,5
0.88552539460056523,0.46250598632902662,-0.043965760852367586,-0.46426661246055873,0.8774002547039178,-0.12093512971795028,-0.017357651681910523,0.12750296331973829,0.99168629428502952,-6.6167700973604777,15.21120434971389,-2.0662623575381844,0.2059640781274136,0.1680048860916591,0.8888888888888888,True,5
0.70359483514501653,0.71052141710007677,-0.010659446484510622,-0.7071868742786338,0.69866645841136166,-0.1084062024929415,-0.0695775308937642,0.083812264812639953,0.99404953169432297,-13.797852877479245,-2.7566674771879152,-4.3573910794164501,,0.1131170673277282,0.4705882352941176,True,5
0.89581299414327231,0.44323430030503252,-0.032595008163445918,-0.44387994730148878,0.88864069993565564,-0.11527488365423091,-0.022128531530454056,0.11773300918169591,0.9927987039885422,-6.00325208995823,-6.991389073033214,-4.4455197726573425,,0.1942875369628894,0.8368200836820083,True,5
-0.97281912280460758,-0.22484956653974195,-0.055368102121762894,0.23101841830772227,-0.95880495601448446,-0.16529835669074883,-0.015919946867815817,-0.17359645373380739,0.98468818746990794,-8.6071621426049312,-11.898450700403201,-5.1433424296294286,,0.1142840912608209,0.68,True,3
-0.43322536137941281,-0.89911673723638652,-0.062489031670138737,0.89453083982593984,-0.42047120251858633,-0.15171863581271849,0.11013792651932183,-0.12162672680775549,0.98644643872237436,-10.122550883499748,4.821589358592715,-3.2798292355739651,0.2681877502113152,0.1805782091001517,0.8414634146341463,True,5
0.3476019803250342,-0.93455708104515423,-0.075999510146278537,0.92410241738524335,0.35518001508588354,-0.14100311722206563,0.15876896880959648,-0.021218368267877381,0.98708773439405295,-15.745989773003744,-2.5982723960050209,-4.4507445468809506,,0.1938128047710924,0.4888888888888889,True,5
0.69316873865529283,0.72077440820492911,0.0011628533288661133,-0.71738035020137825,0.6900592813345815,-0.095831213020332762,-0.069875123584705712,0.065592992924815963,0.99539691901431293,-13.3272346324136,-16.015782640411022,-5.848016421771729,,0.0905433604980911,0.3461538461538461,False,1
-0.99672842641204629,0.077295471259857723,0.023618935303764944,-0.080816314707863782,-0.95704093870349127,-0.27846250182489607,0.0010803977075378585,-0.27946028656726379,0.96015664397666722,-22.425116725032186,-14.335381329893556,-6.0898385515318365,,0.228169818391647,0.2631578947368421,False,4
0.99752073962157817,-0.049242674366568664,-0.050274576537739549,0.043301719542186423,0.99263997493160017,-0.11309660141880055,0.055473733509750184,0.11063922988262935,0.99231125444664225,-7.9006732191788345,-8.1066126422884945,-4.6573623588296185,0.1376491790636998,0.1548142362035256,0.796875,True,5
0.68773526394091689,0.72535979537791284,-0.029552901404597896,-0.72235457680087956,0.67969793086396768,-0.12733651539940471,-0.072277742818516649,0.10892148561488267,0.99141920390141069,-9.2458399775210793,8.9114012274536964,-2.7817963262755803,,0.1750046423715304,0.7125,True,5
0.016134035339478263,0.99917895626327846,-0.0371632380759521,-0.98951333295045396,0.010620175915121703,-0.14405060144551748,-0.14353764947548756,0.039097637066161685,0.98887224551955843,5.5254727525516856,16.933845615899159,-1.5617351204782317,,0.3019514260568934,0.7755102040816326,False,1
-0.69102347250616936,0.72245026458420625,0.023498417983479285,-0.69722848316812547,-0.65761835386539214,-0.28532532821053003,-0.19068036790553639,-0.21355026542147479,0.95814262061231104,6.5162452621005951,-5.081331869359043,-3.6972226788599634,0.3802919401360765,0.2797948783557833,0.3571428571428572,True,5
0.94199108189485314,-0.32974982288045457,-0.062592778663951354,0.32753450891680935,0.94385337673910497,-0.043150303438272627,0.073307210417462146,0.020145905998473799,0.99710590980713354,-6.3482261243182476,-20.338672647361655,-6.0923052321006717,,0.1779271925790748,0.4545454545454545,False,5
0.93713601387924905,0.34719725656769801,-0.035073587247064594,-0.34895832326153969,0.93178576023459869,-0.10001692682004645,-0.0020445334450917216,0.10596868431709383,0.9943673656285672,-9.1041522825741037,7.7420255185215474,-2.8865880210494481,0.1815532585652203,0.2104672286190961,0.75,True,5
0.98010917102332473,0.19313853535582443,-0.045645580690550587,-0.19742887451600896,0.97228660465493721,-0.12522219418263986,0.020195355488640709,0.13174317655643408,0.99107814174640463,15.125727232082161,-2.4722147780475079,-2.9973783199309834,0.3250944647167213,0.2584819575520639,0.9829059829059829,True,5
0.99834570145765311,0.029156529922740086,-0.049555596494163717,-0.033158448243829138,0.9960844483447715,-0.081952968681766464,0.046972094812657843,0.083460580686679012,0.99540341258223231,5.4015465265391134,-5.0514338488582124,-3.712674077749929,,0.09654773138117842,0.2252252252252252,False,5
-0.45087567369492737,-0.87814210017636896,-0.15992991830168229,0.88207557673522063,-0.41093902528020898,-0.2303731634305094,0.13657892881910455,-0.24493993018613552,0.95987010933929873,6.805737991757371,-13.164119616851371,-4.5305323483470712,0.5992249959197705,0.3139940349108135,0.5254237288135594,True,5
0.95112528433400723,0.30622501579413852,-0.039836330182826368,-0.3087931131288586,0.94428549693753028,-0.11389343070445571,0.0027398512265371586,0.120628106075335,0.99269398771219275,-6.8265111438089718,4.5714671859678733,-3.2029134876080847,0.3132130982368787,0.2563716675741988,0.9953917050691244,True,5
0.6535880987435353,0.75682783872290449,-0.0058497619462938508,-0.75119190768485855,0.64773885875582426,-0.12706332549750471,-0.092375943890135773,0.087441371167883905,0.99187735713579328,-15.116201922792172,1.1738977922344209,-3.9599224253988901,,0.1366248488405996,0.4,False,5
0.81529207779576729,0.57813401957056498,0.032555848916010773,-0.57622322402850301,0.81557737699607469,-0.052918222026060141,-0.057145638273254327,0.024384370965515802,0.99806802297186026,9.421701001494494,-8.0861784045145644,-3.8234155278814006,,0.3029191011557469,0.2272727272727273,False,5
-0.58546717885884203,0.81024050558099792,-0.027175459424238647,-0.79753080846012114,-0.58165238017701915,-0.16007847510316339,-0.14550873525673466,-0.072047427089786176,0.98673014356192013,14.751279497777622,-9.9796359229304983,-3.7701473835179931,0.3477180236611228,0.2777073325245215,0.9591836734693877,True,5
0.20273519604243914,-0.95235267997425732,-0.227865778982899,0.9683586065697577,0.22956380612828936,-0.097888038074985403,0.14553367090783639,-0.20081043763147052,0.96875957738251339,9.8625910462235442,1.8554281755072926,-2.762837544566112,,0.475399376192852,0.2571428571428571,False,4
0.53820776224133515,0.84280880700550087,0.0023915470178539483,-0.83737354997029023,0.53505440668903848,-0.11190317105781163,-0.095592585870073521,0.058224537066472945,0.99371623756989425,-9.3219750109250175,6.08659476455085,-3.0989447433680763,0.2633138441351291,0.2422484780263995,0.8828828828828829,True,5
0.43281412185548446,0.90130347379116782,-0.017999557062378917,-0.89464294555373081,0.42698940743430697,-0.13150682837725747,-0.11084194103953582,0.073021189191051702,0.99115184005061219,-15.811595051078111,-0.5471785330913328,-4.2000931286991534,,0.1615892153184476,0.5675675675675675,True,5
0.98616226738296353,0.15977716981015791,-0.044218077723369553,-0.16313760817480838,0.9827287215015359,-0.08735205054811486,0.029497511574650852,0.093356927666958453,0.99519564954208406,-8.2963246471740391,9.7365466075921301,-2.652279799532971,,0.09254157451404427,0.3673469387755102,True,5
0.18730085972138927,0.98229300715882439,-0.0043400500577377085,-0.97309401055590161,0.18493964234225979,-0.13742407107398916,-0.13418805672585124,0.029962923375268839,0.9905027958844681,-8.180913644819487,13.741739507755513,-2.2654842207930583,,0.1549424962447327,0.5192307692307693,False,5
0.98003439710797291,0.19383976675770279,-0.044257488728259652,-0.19796204342770832,0.97203789765256743,-0.12630659083794135,0.018536716190812569,0.13254610650825036,0.99100349131694021,-10.809173704035612,3.6590758269277108,-3.4238850800546241,,0.1774483676004284,0.8979591836734694,True,5
0.83622816451238768,0.54835495852731009,-0.0054126088678510542,-0.54704629426153828,0.83346282206176692,-0.077974843222380325,-0.038246683659666159,0.068165707649437357,0.99694063388432996,-19.918449101644661,3.7514073625250308,-3.8287446130979661,,0.1948873930305824,0.5862068965517241,False,2
-0.4924856622502452,-0.85387137843464878,-0.16840885240405626,0.86439470071641766,-0.45734555568286661,-0.20894220270329589,0.10138872645078803,-0.24847275864215712,0.96331802348001572,19.369169044827093,21.133298825815189,-0.77448752735837212,,0.2796323618839051,0.1904761904761905,False,1
-0.26038217260509755,0.96545474479952387,-0.0099126148687603,-0.95270461341151058,-0.25858267530986467,-0.15965249642275411,-0.15670049066251732,-0.032126869963944767,0.98712350820575956,17.681975419500464,-12.346396647510408,-3.8835304292711084,0.2772449249346688,0.1922941862141124,0.8780487804878049,True,5
0.10352835366700916,0.9937619915566116,-0.041460633430241416,-0.98493483588066633,0.096625497604865523,-0.14341158349776953,-0.1385108264928207,0.055683187319426189,0.98879428274754189,-9.7997797857781368,-4.3124698550460359,-4.3191890852543322,,0.1041506697690593,0.4285714285714285,True,5
0.69567820177292605,-0.7152481796834963,-0.066722417802671824,0.70519003414968728,0.69767767763800026,-0.12630468661776079,0.13688993868780822,0.040815433172920954,0.98974504045282075,-6.5652753356093347,-10.437440644960793,-4.8728693177905775,0.2595834881756575,0.2129101234882588,0.9798657718120806,True,5
0.76758811320782472,0.64060536941162094,-0.020814637711315916,-0.63857645425381193,0.76156169587058087,-0.11065213714770421,-0.055032722399328882,0.0982270027218895,0.99364121059947619,7.2727204022945235,-4.4131916706450838,-3.6238771064168764,0.3695017049563246,0.3198568442830868,0.9807692307692307,True,5
0.63852851878167882,0.76922913469107657,-0.023830003040147162,-0.76544125850868361,0.63156108733555627,-0.12341099114816377,-0.079881227301025148,0.097041904896531916,0.99206948255600214,17.950573612678724,-7.7746253994200867,-3.4104854665280158,0.3100359675402022,0.253108362516603,0.9655172413793104,True,5
0.97372389332193177,-0.21559348614156154,-0.073356855898474529,0.2132347209286049,0.97623466769523604,-0.0386888534396298,0.079954570629084287,0.022030032303686879,0.99655503827546743,9.9694470327478069,-6.1827280232447972,-3.6241993495913718,,0.1936043370879659,0.3214285714285715,False,1
0.98751376960815107,-0.14312212022576037,-0.065822591383070811,0.13522563605200269,0.98447913355900496,-0.11186984822212771,0.080812017600298935,0.10157211373695826,0.99154048002205886,-7.3503440255717392,-15.664981786028351,-5.5431596369293512,,0.232148486516774,1.0,True,4
-0.020436638120746867,0.99974546588046787,0.0095575767728799388,-0.98770935489011091,-0.018707092651041021,-0.15517820384031897,-0.15495991121862412,-0.012611428784766003,0.9878402592419101,7.3807584939205473,-15.525425303263132,-4.7580346543586804,0.3161620174797662,0.2138374950342954,0.8118811881188119,True,5
0.86935290942895183,0.4926628977229664,-0.038843121329599821,-0.49333381380342189,0.86052927314324923,-0.1269295797744576,-0.029107851614067135,0.12950922465507958,0.99115089350898145,13.316877312507668,10.621558342681906,-1.7729776552422138,0.2549692749610553,0.2875784576078851,0.9903846153846154,True,5
0.50763325042230234,0.86116836957230292,-0.026410647736676021,-0.85585649285315579,0.50050258477837883,-0.13041022303200878,-0.099086561686157759,0.088804289751927695,0.99110829449403326,-4.7717590615834009,-8.8394097762021566,-4.5962383840238346,0.3081759151622656,0.1995481300957444,0.9790794979079498,True,5
0.91018244455465303,0.41202073950927853,-0.042506797559261483,-0.41394901706841203,0.90118647427401277,-0.12848793660756525,-0.01463314363396024,0.13454311130563931,0.99079968828597542,-10.43385367341858,2.4813236847349511,-3.5307393323790164,,0.1970519990510759,0.9420289855072463,True,5
0.77320044587282188,0.63365419378048371,-0.025365985225814701,-0.63177164478611036,0.76620045622369304,-0.11747957152993907,-0.055005993730897478,0.10686076729563006,0.99275128661043122,9.5833060928459393,-10.812179712269758,-4.12478699303679,,0.2609291802775516,0.971830985915493,True,5
0.62982958204952399,-0.77407407061265354,-0.064218617086311602,0.76335913753212226,0.63214216113690591,-0.13296283412809606,0.14351837764389488,0.0347220580945065,0.9890383480735947,-7.8661556772159669,1.2182425252984697,-3.5760685751846082,,0.1695285337924537,0.964824120603015,True,5
0.155764842610495,0.98458871968324757,0.079513312589964469,-0.9794198620800344,0.16440252971766431,-0.11708348297499811,-0.12835126633443042,-0.059639427352500524,0.98993388220396394,9.551205009299693,-11.656754979818443,-4.2129658981169307,,0.197717904613191,0.2571428571428571,False,5
0.83926368140182905,0.54263945995515661,-0.034334961474057173,-0.54244631745821426,0.83129188682932242,-0.12126743820072397,-0.0372621222674051,0.12040023003018045,0.99202586602003873,4.7768115992656526,7.1322790800189173,-2.4634151367261765,0.313517373546861,0.2521004071610477,0.946236559139785,True,5
0.98996741953115164,-0.13504037894516016,-0.041576487600338059,0.12979638618605654,0.9854124665798335,-0.11006892768664882,0.05583373890286749,0.1035681744716794,0.99305398989014193,9.1060986714601313,1.1383168950015334,-2.9016331607382138,,0.1569581441983373,0.2300884955752212,False,5
0.7261388794401652,-0.6824927808364244,-0.083222183770594801,0.67462210792659516,0.73060915660077808,-0.10533409603626651,0.13269264961579175,0.020343657421044211,0.99094843273536481,-6.9950025761900561,-16.455203216163362,-5.6297085879319102,,0.1990061460276641,0.9852941176470589,True,4
0.97429003441535911,-0.21834562619563749,-0.05553482114991825,0.21057211101254747,0.97016542222027824,-0.12016005822180993,0.080114386364983442,0.10537666273603624,0.99120000204195791,19.671162642962035,-2.488596282748313,-2.7716983736962466,,0.2887569828246006,1.0,True,4
0.94068214158246266,0.33904569762532438,-0.012850036170747502,-0.33891174959472004,0.94074750978659449,0.011530343315245384,0.015997952821475227,-0.0064913598019825137,0.99985095276918312,3.2858652168934412,19.873329224427518,-1.2970794876404641,,0.1812917448913724,0.2727272727272727,False,3
0.85052725761613934,-0.50156016461115394,-0.15824280497767687,0.51289532257417747,0.85758493430934635,0.038554747141770679,0.11636912018873974,-0.113953857858642,0.98664722476963973,4.4673311629404768,19.73155177397669,-1.3320422120762194,,0.2408247375763325,0.15,False,4
0.45634398208347782,0.88966234488079221,0.015845570908121533,-0.8841476043273625,0.45537607994534429,-0.1044779382252371,-0.10016578147441141,0.033668054811961327,0.99440096455443883,-21.9911174990911,-12.662412099081632,-5.8593241252947905,,0.1705817780098049,0.3333333333333333,True,3
0.99221756873202915,-0.11320005653725927,-0.051865629268932005,0.10677907041692018,0.98781466150696984,-0.1132273139872557,0.064050967365055458,0.10680796651856783,0.99221445860648905,-12.033980664517285,-10.695057315906771,-5.1433230899130526,,0.1524378024858105,0.8421052631578947,True,4
0.44419796191268029,-0.89232706215137703,-0.080253254045642097,0.88306599375562578,0.45118474598878916,-0.12894485511031972,0.15127002778148335,-0.013591877696807746,0.98839902850805361,-14.620123305872244,-5.0709919516147304,-4.6711270119200545,,0.1896581067208701,0.9565217391304348,True,4
-0.3558249042402496,0.93449205437155514,-0.010641326930811046,-0.92204999810533173,-0.35289814656136337,-0.15901792083759786,-0.15235628807625687,-0.046770700978129263,0.98721834616949822,20.229687547933391,-12.111999349250569,-3.7161709150369977,,0.2106355753989982,1.0,False,1
0.90539574109806942,0.42337525819936989,-0.031811047547906091,-0.42448428186032972,0.90117759187303803,-0.087704289287539233,-0.0084644228981234221,0.09291037967056881,0.99563849608905364,-8.2457804636533414,19.70487422945612,-1.6213731833311387,0.2348547657932533,0.1797654391176431,0.5,True,3
0.96193822191127476,0.27106051932647651,-0.034656198415823312,-0.27297828914066302,0.95899119209378558,-0.076280712794108058,0.012558299407664449,0.082837722982959772,0.99648391897059019,22.066109765163681,-6.4459717219643711,-3.1022543524309834,,0.1434209909137418,0.3666666666666666,False,3
-0.70660753100296114,0.68123837947106569,0.19136370467132957,-0.70010472398462531,-0.63379335974688433,-0.32887589238977005,-0.10275783466145509,-0.3663608159675274,0.92478136872414107,10.754733747067542,-12.717224195745496,-4.2950688961373,,0.3335417838493134,0.3333333333333333,False,4
-0.99843005783863115,0.029407788478290457,-0.047671811179827835,-0.018666096852464065,-0.97712797830975118,-0.21183127916479672,-0.052810949931273395,-0.21060886966392403,0.9761428725275012,21.324227995374237,-0.59101921777576572,-2.5160031403028271,,0.1476533440651986,0.3888888888888889,False,1
0.87712898831584019,0.47976706177389061,0.021640339481623319,-0.47992396315195529,0.87730675397305635,0.0024184759210954254,-0.017824910898863032,-0.012507032825910931,0.99976289523133433,6.778771488613363,11.40986910735049,-2.0086689609528858,,0.2827586564788262,0.1153846153846154,False,3
0.93602221949522713,-0.34665446047611631,-0.060770795973413699,0.33859865400975475,0.93410418363269021,-0.11313852404326161,0.095986228772735355,0.085323262665688543,0.99171900492733833,-7.2794473812210105,16.296264080915403,-1.9876103684878319,,0.09280983564345775,0.3103448275862069,True,3
-0.41133071334562693,-0.90872195113782228,-0.070932783526723719,0.9046611499727143,-0.39750718063989404,-0.15354557977932862,0.1113339480510117,-0.12732814637775047,0.98559235749440666,-19.774015887039091,-2.4892604626644346,-4.5620106988302114,,0.1287347542802347,0.25,False,1
0.99994649513181821,-9.4562549113122452e-06,0.010344408352919422,-0.00040178215592442685,0.99920950178670942,0.039751856689395848,-0.0103366070202889,-0.039753885970233473,0.99915603541467568,-16.1212303152186,5.767132696989119,-3.4972036647415949,,0.2095827850273356,0.1923076923076923,False,2
-0.8009893677202925,0.59502074439611252,0.066078336369366761,-0.57136228912078413,-0.72681182693874968,-0.38116886388137089,-0.17877686474962112,-0.34306687680429598,0.92214096030381509,-13.055277817413298,6.0269113023171075,-3.3159089256609717,,0.179512612468857,0.4102564102564102,False,2
-0.36096887899751007,0.93235577472428899,-0.020351357044502746,-0.92031162615211271,-0.35966400553443773,-0.15384509706902613,-0.15075801525801263,-0.036803701732240866,0.98788537208234295,21.877814198344851,7.3293791611688688,-1.7905502266095403,,0.2551120091332099,0.6341463414634146,True,3
0.99876462227829366,-0.0028278297107175994,-0.049610811971039073,-0.0033359588677323612,0.99231137040119433,-0.12372152420228844,0.049579236215692254,0.12373418101572353,0.9910760575176043,20.148814689679543,10.217589487277095,-1.5693096214068551,,0.269030736017065,1.0,True,2
-0.80044117532273529,-0.59247940812287547,-0.09089596139722117,0.59756463113040736,-0.7768527900902682,-0.19853527180565425,0.047015279111559678,-0.21323201795071092,0.97586969931990852,-16.653687607392104,9.2263560768773338,-3.1290505007427365,,0.09930527040773263,0.3125,False,1
0.9800766438781664,-0.18676605012117978,-0.067588568905129431,0.17955070010625573,0.97859758946993891,-0.10054006154254183,0.08491948077952341,0.086401391225822813,0.99263461625029892,23.97130616039891,-1.5004679010166297,-2.5354373207059155,0.2252113950245815,0.1235650165655606,0.71875,True,2
0.099219959563441679,-0.99170962297479348,-0.081654291518707178,0.98392100176322106,0.11002478768048291,-0.14069118090741917,0.14850879406112116,-0.066381999028785443,0.98668058068021869,-26.154532552955871,-17.40014464473871,-6.6788702289145387,,0.1668840618020929,0.6428571428571429,False,1
-0.94161295392026512,-0.33193620034406313,-0.056421661715149327,0.33669202329678022,-0.92734903712348415,-0.16328577646098458,0.001877886544238587,-0.17274872574723196,0.98496413706024544,25.028170799729544,24.041290616590722,-0.34179760811534099,,0.3012203717367403,0.9230769230769231,False,1
-0.36972916048040005,0.92859995679832474,-0.031661777028598466,-0.91657978718036015,-0.37010348931055309,-0.15134365177489095,-0.15225584265592146,-0.02693561646414365,0.98797400317155715,3.1836243502376798,25.611697747764307,-0.85404708010399433,,0.2315101871195803,0.7142857142857143,False,1
0.49146508595976218,0.87086599237088735,0.0073819112994928729,-0.86495969998469657,0.48908494483218229,-0.11243057476009255,-0.10152234574194577,0.048870646306051403,0.99363216194157145,-14.150139676514318,7.4708983469371688,-3.1981342964516588,,0.07224368908607291,0.3529411764705883,False,1
0.98973711511171492,-0.13184755756441396,-0.055105939195684246,0.12569078613721313,0.98668030560281539,-0.10326568072571089,0.067987272710039459,0.095279568113177573,0.99312614236541819,-12.749444688945191,18.123245075186635,-2.0429802577125038,,0.2183032943126647,0.9333333333333333,True,1
-0.8442227831736987,-0.52773479853209748,-0.093722328122711474,0.53480463257696043,-0.81773981420627462,-0.21280413820250224,0.035663669815048517,-0.22977723708012088,0.97258959688819879,24.955187991750158,10.834456925306775,-1.3091144160567749,,0.135231107634693,0.2777777777777778,False,1
0.8780003713044664,0.47818705204950968,0.021271841514569845,-0.4779706765744543,0.87825393143960573,-0.014630934551022448,-0.025678401900813858,0.0026786494876255285,0.99966666670082793,21.567042889335234,18.691482300196959,-0.89293293741642332,,0.2242476195466817,0.3,False,1
-0.95698876713830039,-0.27538780144579122,-0.091291064107995312,0.29006907842022828,-0.91437889878228729,-0.28243788557155608,-0.0056946743151831611,-0.29677059874007994,0.95493182081649075,-16.172745599237548,12.199241173666888,-2.8133357290284824,,0.3300894088805457,0.2173913043478261,False,1
-0.99617859973732958,-0.070965064429165697,-0.050913230657055497,0.078375511200396167,-0.98358238230386252,-0.16255145790036959,-0.038541882017498141,-0.16592063419606207,0.98538564353177283,28.606131266898053,26.580159035594111,-0.02874815346541159,,0.4283171478323781,0.8571428571428571,False,1
0.025442832566765695,0.99918333396513581,-0.031389925092221757,-0.98938803265719277,0.02067525667600591,-0.14381882559703366,-0.14305237888867225,0.034715974531864174,0.98910607014950314,-18.871377824419962,-6.2279969095380849,-4.934483825537348,,0.253258188916764,0.6938775510204082,True,1
0.62743683658308813,0.77863772598910719,-0.0068049809052286095,-0.77439170181727823,0.62305308989911035,-0.1101014955561974,-0.081489313748170172,0.074351454818881474,0.99389705347745572,-11.609908200363213,15.509068791764138,-2.2384287684770863,,0.07281531548212596,0.1818181818181818,False,1
-0.18645273302058668,0.95554363408287035,0.22841134322282586,-0.97079522407488461,-0.14346467183592293,-0.19228759931000516,-0.15097023303468809,-0.25759318954256644,0.95438657651851899,6.7797920308641357,13.93986893034217,-1.7810488352718246,,0.3102523066798461,0.40625,False,1
