axis_00,axis_01,axis_02,axis_10,axis_11,axis_12,axis_20,axis_21,axis_22,location_x,location_y,location_z,dbh,dbh_approximation,score,reconstructed,number_clusters
-0.84308376777651339,-0.52807803067227055,-0.1017022813561928,0.5225710508366237,-0.75979338633983595,-0.38682490470722164,0.12700101314266984,-0.37927246617114291,0.9165277622992084,-17.509636048441998,4.4001091937570447,-0.75708141979059562,,0.5026988789617838,0.2894736842105263,False,3
0.95185936965975004,0.30647396253150272,0.006119696167485018,-0.30271175487438279,0.94294312743088382,-0.13865010599251457,-0.048263172832033914,0.1301228985271351,0.99032252192257153,-5.0423400695158316,1.8244574991208578,-1.485530313243532,0.3310038352658755,0.2863889673315297,0.9694444444444444,True,5
0.69831331562822851,0.71554479093944778,0.018819282019606032,-0.70468337268111048,0.69185211155329984,-0.15735946112648216,-0.12561790271727427,0.096624571919692093,0.98736205852678527,-2.0837032143064054,-1.8169820101262002,-2.0497048745741466,,0.2739314122513671,0.9334415584415584,False,4
0.60679021314820902,0.75635681399471077,0.24439723229063368,-0.78270916722068995,0.62212846735364402,0.017959110693469366,-0.13846297980415362,-0.20218936676288576,0.96950887731458057,-1.0983958168663308,-9.7605763056010737,-3.1893626023291883,,0.3287879844484564,0.25,False,2
0.99430056188572846,0.10649335685236255,-0.005055450527752154,-0.10599658066433897,0.98234408725501354,-0.15415842215909206,-0.011450655928437794,0.15381566624186221,0.98803320961260166,2.5620357297367158,7.3208625350601917,-0.91566538408516529,0.2473745639457323,0.2457700547718094,0.9807692307692307,True,5
0.77668143525838185,0.62988553718841589,0.0031871877636029267,-0.62075842336026499,0.76626625321758257,-0.16581619042531634,-0.10688745460650402,0.12680788311752464,0.98615152630160974,5.5843590445070284,-12.34769317652875,-3.6806138185480033,0.2933166839619246,0.2563340981838879,1.0,True,5
0.44685379257040875,0.88239445281916595,0.14731502876287911,-0.88147163593217814,0.46239692205887845,-0.095900164324809661,-0.15273978889762896,-0.08700066726434437,0.98442950015888275,18.387394694972919,17.055348772294508,0.20088023904019536,,0.1697253941662312,0.3888888888888889,False,2
0.39110775331259601,0.91992958329404029,0.027645742515402739,-0.90674066504711293,0.39029833675018688,-0.15965141615393638,-0.15765814805677966,0.03737338773100278,0.98678626776056,2.625972850362611,17.814300146738489,0.75417029082746989,0.2074168277849817,0.2219347778559036,0.8024691358024691,True,5
0.49812182745482569,0.86664708399722923,0.028239631941042842,-0.85368954104461459,0.49586088560339836,-0.15917333206177844,-0.15195003298486243,0.055179832617669136,0.98684668188538083,-21.524216287402382,-15.275219944774115,-3.9097884354330867,,0.2121422262142992,0.8888888888888888,True,2
0.83166914621153176,0.55477182652583523,0.023551045262830639,-0.54646669765805889,0.82526819078536695,-0.14250109342929287,-0.098491520398857946,0.10564390077537518,0.9895144196213036,18.270378247987797,11.004365625211189,-0.80958303032380463,0.1716798489711834,0.249886856414876,0.9782608695652174,True,5
0.99837385689328373,0.051703210824682752,0.024008745540910488,-0.054615094812225061,0.98822198439870623,0.14294929510051776,-0.016335032619540304,-0.1440280790037195,0.98943876979215717,6.1117654931957395,-15.056344204167672,-4.1533081726054224,,0.3498497050926642,0.3111111111111111,False,5
0.7289001566208243,0.68421044374267326,0.023677633994781611,-0.67419058199920068,0.72338054925977735,-0.14895516136139955,-0.1190446169371619,0.092610202602498512,0.98856043292871454,-15.933911425712811,15.164106531720913,0.770125132549625,0.3548664381997647,0.2291271979548466,0.5161290322580645,True,5
0.27781925667381474,0.95851667507075144,0.06373573748316641,-0.94492340775144967,0.28462367679311257,-0.16158315534782544,-0.17302084875701756,-0.015334478148402986,0.98479878131287291,-20.329471355367751,6.3706173271120417,-0.46048555636920313,0.2671300111923992,0.2824799083999562,0.7352941176470589,True,5
0.90718675617969302,0.42067457507635375,0.0067150053236253084,-0.41511448817552521,0.89756690220093804,-0.14850460524907746,-0.068499278236626479,0.13193391511564376,0.98888891738320162,-3.1562600940392449,-7.3786108521958962,-2.7750693740074999,0.2383133965134112,0.2188008100814862,0.9796954314720813,True,5
-0.90091421003849159,0.4338881186187743,0.0097307076917731265,-0.42448421896401428,-0.87627642610236944,-0.22793150924734104,-0.090369983961672701,-0.20947726745095874,0.9736285433470242,11.641519253378425,17.885842188214397,0.53243670180208036,0.315254896240339,0.2685267097709147,0.8085106382978723,True,5
0.027201162113625964,0.99945536067046026,0.018683650787462668,-0.98326532325907812,0.030119297944491027,-0.17967229048339786,-0.18013717233233062,-0.013483690830428826,0.98354907819879578,14.869478438188239,4.9598858219608228,-1.6302759468751944,0.241641436056961,0.2326314118818524,1.0,True,5
-0.52290810013035882,0.85089412901755967,0.0504608761468738,-0.83943905313034595,-0.50378062968409321,-0.20383118808153239,-0.14801754928956656,-0.14894380939988716,0.97770473392725454,12.398668850122162,22.654309486659166,1.2925821785690039,0.2184405940677703,0.249068568945306,0.4347826086956522,True,4
0.73295655946879246,0.68026667292959619,0.0034547985425332807,-0.67025767399474778,0.72302203315120794,-0.16731344844047816,-0.11631565837333176,0.12031788428655324,0.98589769973257724,-0.84298112950893422,-4.3681891899804199,-2.4040404130733526,0.2805439104788474,0.2514397612187068,0.9962825278810409,True,5
0.81843219156982483,-0.57284798561971995,-0.044876866798414496,0.56399785241576694,0.81580883043222641,-0.12791549811967537,0.10988707964367647,0.079379704964377532,0.99076924264288324,10.948511767594518,-11.768180705118416,-3.8621574266829826,,0.6022598398312267,0.3064516129032258,False,1
0.68175871969688828,0.73087132335039662,0.032127197532617571,-0.72062528241992574,0.67847506094517807,-0.14272629054466157,-0.12611205515121049,0.074153222313511305,0.9892406426982574,18.779387506923371,6.1690512521120651,-1.6832728396962873,0.2763843432384308,0.2349845328155658,0.9583333333333334,True,1
-0.85531314521785529,-0.49467096655002063,-0.15407809211568735,0.51022219903476274,-0.75248398126901406,-0.41646268205646786,0.090070701283340493,-0.43482006943792767,0.89600154909705654,-5.1056734978448892,-9.6315294298477827,-3.1074559958869119,,0.5030552087485102,0.2972972972972973,False,6
0.99594414652492536,-0.089263170738074382,-0.011284651191923442,0.086890679041536953,0.98677374818773855,-0.13684874783212966,0.023350950696676611,0.13531317835786205,0.99052767597087088,-2.8273849747099242,-10.816191701314382,-3.3695677424289197,0.1904638933945698,0.2017835766552961,0.7565217391304347,True,5
-0.031678906135699916,0.99903103673126648,0.030552161195177636,-0.98312848430571009,-0.025635943857457433,-0.18111096523759621,-0.18015224187559256,-0.035774097195986544,0.98298798757513306,13.625264010860601,-2.0688358280317187,-2.7480315994887765,0.270245490227902,0.2562877297943691,0.9180327868852459,True,5
0.92685664181029481,0.37537933775091897,0.0052075254992090632,-0.37066391447565245,0.91723756600438011,-0.14588869050048708,-0.059540138039221882,0.13328765996911429,0.98928730491310202,-1.77965158613269,8.1140726103749508,-0.67454147318019364,0.287491818926273,0.2543604406129113,1.0,True,5
0.59936662717738487,-0.7792690861113245,-0.18302824278571589,0.79278532859127304,0.60949993686671544,0.0011179131882416982,0.11068454723416685,-0.1457721454554706,0.98310701991842009,-16.030799244684825,-0.074539989727953226,-1.4106887864276774,,0.618494069401312,0.2868217054263566,False,5
0.56394024433867196,0.82557280281685941,0.020023687581352256,-0.81294686253059045,0.55925297989404299,-0.16233762096724055,-0.14521983169288422,0.075270523638071227,0.98653208196912823,-8.0454503719480979,-6.3538112459260043,-2.5098523473497778,0.2709762599270321,0.2524698540963718,0.9904761904761905,True,5
0.17817870303220823,0.9838912788769586,0.014501763190157353,-0.96818714068733225,0.17792797837900917,-0.17594116947902427,-0.17568725165318075,0.017308548749739243,0.98429386046379974,9.3819634280229067,-8.9135531448953245,-3.5368556844542116,0.3395804411621284,0.2999089953002317,1.0,True,5
0.81345306967489905,0.58150577685811355,0.012047195405065457,-0.57343672562419723,0.80528582676485438,-0.15061559984624845,-0.097285277107509296,0.11561041774982135,0.98851899636063056,0.021133452339988566,11.838225454675992,-0.08052520931622012,0.2780703785902988,0.2459267719534451,1.0,True,5
0.57744912817327132,0.81614491146880508,0.021447327467691138,-0.80355187426502594,0.57279369785317558,-0.16190047889011813,-0.14441914601981937,0.076255250201294783,0.98657399473108209,23.486776029013555,4.4279920391217109,-2.3309183815151493,0.3104141798447148,0.303117594980763,0.7017543859649122,True,3
0.75689566959010379,0.65350026122213678,0.0068083726651471041,-0.64375886183378994,0.74732733096220094,-0.16454904499077366,-0.11262092685736416,0.12016350935084837,0.98634540494406753,18.304416902738783,-7.3236597917075574,-3.799836376826863,0.2692876691339254,0.2776867048434433,1.0,True,5
0.63562102908026563,0.77170654085707024,0.021328905020166683,-0.76014322542681634,0.63044271351321013,-0.15723950462849981,-0.13478940696011832,0.08373171308718648,0.98733014538948649,-19.460531746878633,-3.8534534457152421,-1.9454539600881613,0.2245505311499333,0.2343968441293122,0.9259259259259259,True,5
0.75194777620515096,0.63105471038019245,0.19064232050386914,-0.64819061930679789,0.76045697563587578,0.039422192346526663,-0.12009772230478805,-0.15321599366159047,0.98086767526690055,-1.4449505293278777,-8.3511348950410262,-2.9628988296787346,,0.625684901458118,0.4481012658227848,False,4
0.9979005289222751,0.064564299401800515,-0.0050976091845708615,-0.064511601592509932,0.98395011828667611,-0.16637433090355214,-0.0057260489530934176,0.16635388774053367,0.98604948983151786,12.46251387511796,-13.857851531391704,-4.3683808797090942,0.2624802231703689,0.2647563710323276,1.0,True,5
0.16235333519536743,0.98528824637360835,0.053371023120795766,-0.96868378437810332,0.16944828798042416,-0.18149105648328576,-0.1878646332704926,-0.022233966324591459,0.98194324189721904,6.2683783569796461,18.251350569474383,0.7604255737367106,0.1934615273066562,0.1940413755154659,0.6595744680851063,True,5
0.98661819936324957,-0.14306042885846143,-0.078219194447730914,0.15750846980738842,0.96024625398981223,0.2304738892748304,0.042137995018199551,-0.23970991926360702,0.96992965929621966,0.072527997140119663,-10.084121014209478,-3.2348642342513272,,0.3136943578187472,0.3643410852713178,False,3
-0.77840510470379165,-0.60637756696377687,-0.16245534541580903,0.61894562413341569,-0.69810942422831967,-0.35992991841426603,0.1048418205544701,-0.38072231099148157,0.91872668110604583,14.406075155614097,-10.289713234150001,-4.0345055692572878,,0.3753759991037791,0.3225806451612903,False,2
0.717030983506318,0.69658014753050457,0.025350872930594119,-0.68669242507375949,0.71216179303723093,-0.14587355443779174,-0.11966654519238698,0.08718760579564587,0.98897838164306773,9.7621988962087176,9.246905924403185,-0.78639276554130488,0.2976620005590712,0.2689666901998339,0.9932885906040269,True,5
-0.11663158503716893,0.98864905316909779,0.094710733497132243,-0.97801449824304998,-0.097729181076107119,-0.18421902288468764,-0.1728719601268906,-0.11411422713246862,0.97831141696693225,-20.745796558414256,-8.7150807559307779,-2.7781176266126129,,0.2244374830486386,0.7551020408163265,False,5
0.54316911220595299,-0.83102390627872313,-0.11986068053640474,0.82512609112073609,0.55473691131865044,-0.10692938311081321,0.15535201735803872,-0.040819436717044397,0.98701546304447119,11.117556770059194,-10.57391863937613,-3.7686669287271983,,0.1053026081330004,0.2666666666666667,False,1
-0.9408684003127521,-0.3193294366503317,-0.1131165955176554,0.33765118900378049,-0.85679331961176541,-0.38973950535323476,0.027537753308074061,-0.40488753791297732,0.91395172399066626,-7.3047745859546422,-10.761594087004584,-3.2640566582983088,,0.2549134565158256,0.3125,False,7
0.74841617384474735,0.66272831631690554,0.025776141669149627,-0.65293010502154325,0.743059934486615,-0.14677946626590255,-0.11642812668829169,0.093022107654612954,0.98883334227934905,-19.220286871430698,-4.9689587144373295,-2.1251124467479254,0.2075217013557491,0.2225481308993899,0.4074074074074074,True,5
0.91864342757666717,-0.37133436078871396,-0.13492607408440918,0.38237175253546568,0.92156932993730778,0.067095551133137116,0.099428848093250546,-0.11322880647847623,0.98858137831455761,-7.9640755697038381,-4.0412307160443852,-2.216067702107591,,0.2912444030830674,0.3467741935483871,False,5
0.80278496895231488,0.580895394982757,0.13452447253960104,-0.58446813771406314,0.81127188811529416,-0.015327085531834955,-0.11803935623886594,-0.066320914059383659,0.99079172722476971,-0.59872134870680038,-11.521484268679369,-3.4544807907188972,,0.3490936147870257,0.3508771929824561,False,5
0.82805679957931877,0.55974429095794975,0.031753195279168499,-0.55233989706654485,0.82419407352318907,-0.12499906910761097,-0.09613831067255868,0.085967772503612649,0.99164861080515443,11.727839100208294,12.117509523522298,-0.36311114842531195,0.2822840374798528,0.2671707332221943,0.6805555555555556,True,5
-0.99587723511151993,0.090548373751182576,0.0054336541710080892,-0.082684239033303727,-0.88148651669371025,-0.46491379577581027,-0.037307495253868866,-0.46344634306271587,0.88533927841233695,-2.7702080033468608,-8.4221862002734937,-2.9415668549007141,,0.4131330285490147,0.2847222222222222,False,3
0.20413442275482613,0.97841283151628411,0.032209758937969776,-0.96324083887838363,0.20662082685659106,-0.17168261480408301,-0.17463168029719717,0.0040205762505901421,0.98462561981861474,5.8365282897852584,0.40411300690141,-2.0634100790270642,0.2504512303329642,0.2232222451857844,0.7690288713910761,True,5
0.99224924280527571,0.12415938614947294,-0.0050879252493948191,-0.12343009955128902,0.98003292083702653,-0.15588612702997376,-0.014368391598095422,0.1553058946293808,0.98776192901743887,8.053018194399213,3.3450720066767636,-1.6961118752092055,0.2889673965638881,0.2503133380479292,0.9786476868327402,True,5
0.33255727654910133,0.9427032872439568,0.026761353360474076,-0.92848560159734606,0.33225131946947112,-0.16590222523285028,-0.16528806805290144,0.030324460922413338,0.98577902271711304,4.5889308113216289,21.0536939087078,1.2062837573982745,0.2650009873304893,0.2768842376640077,0.8245614035087719,True,5
-0.80809615052763661,0.58886327921908632,0.014854288598268359,-0.5772481901035964,-0.78663034173229662,-0.21908270695847387,-0.11732492712351503,-0.18561450334894386,0.9755932131897942,12.092010590613455,-20.013763209220649,-5.3182084870795059,,0.2361298201926051,0.9852941176470589,True,3
-0.13355083989897543,-0.98759109505421705,-0.082631725940405645,0.97507707671161725,-0.11603626507122769,-0.18910388589303534,0.17716903689359662,-0.10582728456278113,0.97847417861089381,-20.744741993432505,4.6312371857080192,-0.73016736673662541,,0.1293706515486124,0.4230769230769231,False,1
0.9345075677701733,0.34177450490416472,0.09942732812354764,-0.35570691969128382,0.90689021526095082,0.22588210364631303,-0.012968926864355466,-0.246455523901288,0.96906732566655462,-2.9300986539893419,-8.6753817204062873,-2.9868628274318221,0.35309104545886,0.3539729523192615,0.3111111111111111,True,5
-0.81790156295560523,-0.56053904747948269,-0.12974208864347436,0.56732715933670874,-0.74816786157534509,-0.34407084326445675,0.095796281732213981,-0.35502229106996608,0.92993668883946801,11.027884528374353,-11.341746888006035,-3.8275603428375682,,0.3514478117686837,0.5725806451612904,False,5
0.68051288662887377,0.73266555651471943,0.010168255947465316,-0.72161289976200182,0.67252670888910671,-0.16426396052652564,-0.12718896976196983,0.10444619728722473,0.98636400879347064,-13.544639662528995,17.923044197401378,1.1618792813201695,0.2971517656824746,0.2112501566766539,0.85,True,5
0.89191765283797309,0.45217205239577635,0.0048306923098310559,-0.44605382523996917,0.88150393318804776,-0.15487672763456969,-0.074289202074002372,0.13598253860769402,0.98792199269426895,0.92914551392908384,-8.8764135486533906,-3.0616362419932313,0.2361109434151142,0.2152778171094261,0.9802816901408451,True,5
0.66816523447909626,0.74359065430880089,0.02506308556630819,-0.73286328536637746,0.66358870669735592,-0.1502046380965979,-0.12832234565925751,0.081993702004117902,0.98833719369260109,4.9173386656342029,11.32866308625117,-0.26281149741215948,0.312634767557312,0.275278032338384,0.9506172839506173,True,5
0.83610004019419804,0.54822606085643355,0.019619097458878063,-0.5398974535435852,0.82868159283426912,-0.14763995853024645,-0.097198057822237963,0.11284947450253696,0.98884656729954246,-18.845950550778678,-7.0171548394678371,-2.4620509511899988,0.1361617176213158,0.1116685524037653,0.55,True,3
0.92445164542585245,0.38050461060549651,0.024604808013745372,-0.37677131587580942,0.92148488427076936,-0.094387412262956133,-0.058587804214227247,0.0779862126817676,0.9952314403338095,7.4701447767446743,24.215417143111914,1.6682036865139822,0.1965967610713822,0.1491818399350506,0.3461538461538461,True,2
0.84296597063183476,0.52254458458764741,0.12788873865532988,-0.53030189860405696,0.84712056497603383,0.034156181455440693,-0.090489052894041896,-0.096612139572662112,0.99120019460930875,3.9540990893076939,21.772217097782292,1.3450909417975285,,0.2976830839247624,0.2666666666666667,False,4
0.080841080141863225,0.99413384813409256,0.071851317006709686,-0.97892685119810074,0.092753612242509775,-0.1819312711419826,-0.18752850387306011,-0.055629663041114809,0.98068261982410199,-15.357092911170815,13.891624612035438,0.54669890463889281,0.3299294675024838,0.2337097851775647,0.5,True,5
-0.7636266112985105,-0.64120165048333377,-0.075728739156293107,0.63505867951185158,-0.72474112387865786,-0.26730278138426178,0.11651125307632884,-0.25221171022882338,0.96063228195289951,-7.564871102143619,-4.0147158893154016,-2.2162810818779115,,0.6282556050170577,0.7445054945054945,False,4
-0.076595757592519756,0.99655703279069119,0.031735946720430099,-0.98067584635699756,-0.069551870048580183,-0.18285902150217301,-0.18002214944504669,-0.045128901694584167,0.98262678975337647,19.864441054714298,0.49333191958425204,-2.6314084458035132,0.3499249178804337,0.2889145616114937,1.0,True,5
0.30588429747187529,-0.92373005004564679,-0.23055930083777654,0.93680213239281662,0.33521408745776232,-0.10016626335314265,0.16981331309531886,-0.18534915757166706,0.96788900628277863,-9.4444552771606602,-11.717573400184802,-3.4273111105347005,,0.2971920656792323,0.2571428571428571,False,4
0.46721243938096252,0.88388279599259156,0.021534610189379855,-0.87054898976021944,0.46414630709979915,-0.16344008698320941,-0.15445709085422596,0.057614308586817244,0.98631820348755195,3.4246364365617925,3.2761840470688153,-1.4979785891661781,0.291179529364343,0.2752974410187863,0.9051851851851852,True,5
0.99995730610836586,-0.0037882773996326452,-0.0084282213332522084,0.005373064231763142,0.9804283005136486,0.1968031446209097,0.0075177218131692956,-0.19684002770336309,0.98040679687182797,-14.26991171608771,9.7342281791710139,-0.092354474333906603,,0.3124173553244394,0.1621621621621622,False,3
0.71841444576030944,0.69556674930715978,0.008220789571387381,-0.6867427060291541,0.71108302064686324,-0.15081575999704563,-0.11074809180595827,0.10270265335424669,0.98852770581068461,7.7276200501842593,-17.901341261323534,-4.7879984245691256,0.3502097858135673,0.3579801373737114,0.9,True,5
-0.49609834383892049,-0.86719165908001816,-0.043186336523563372,0.8548254097819763,-0.47909626968970853,-0.19934965051507406,0.15218394143718522,-0.13581380928113321,0.97897633126505745,-22.606196939755701,-10.581648124255647,-3.1006851207796413,,0.2406205986005257,0.7241379310344828,False,1
0.689524696988432,0.72426060351455901,0.0015067978425843623,-0.71344031158849208,0.67957871354711064,-0.17080893973726696,-0.12473417351923392,0.11670197209294007,0.98530301718105617,28.914915667397494,3.5464348803988059,-2.8333464160583,,0.2567897509705936,1.0,False,1
0.98561118124295022,0.1690086281160095,0.0025851559375045345,-0.16752752551750336,0.9787788885106411,-0.11801023514872247,-0.022475044001270622,0.11587912248640367,0.99300901374001771,3.8304241797852163,-25.682044531486202,-6.0187073443624053,,0.2746532313166407,0.8780487804878049,True,1
-0.59622871962171708,-0.80266639945517992,-0.015426116941931982,0.79058457388959436,-0.58369619309518861,-0.18513450703203077,0.13959708244106289,-0.12257816017481384,0.98259210724598312,2.227914402638143,-1.8629327495456161,-2.2285632538863176,,0.2176287474299437,0.9638418079096045,False,4
0.99916682151885139,0.035647492559457782,0.019872570295238624,-0.033367088614555993,0.99389183461411035,-0.10519343365812363,-0.023501067492864382,0.10444269893880134,0.99425319836803894,22.484685269513065,9.4086836084821783,-1.3140300296771097,0.3667535079248936,0.228050720004084,0.3461538461538461,True,3
0.19828566339994455,0.97340478837413003,0.11474281528862582,-0.96324874956494944,0.2151704534276779,-0.16079030578144005,-0.1812033171650162,-0.078643460898178044,0.98029616132388875,30.24783181968078,-7.0032685636375449,-4.3223315561338245,0.5520553461030544,0.2516503805628162,0.825,True,2
0.84736669461088288,0.53095553657041805,0.0074768341861744586,-0.52353442370332326,0.83771154036418716,-0.1554061850065519,-0.088777204629663209,0.12777164523430501,0.98782235984627476,-0.64862985940671503,-14.960865275636895,-4.0557526655383294,0.3309271785367072,0.3048644097624611,0.86,True,4
0.59123251253013509,0.80563016156469103,0.037472108354807368,-0.79337623100780397,0.58933087153243646,-0.15245746925182407,-0.14490780585998744,0.060408332505288632,0.98759939305609912,16.562002156875121,-12.474792289498337,-4.3550486612075563,0.3856542351421666,0.2946280485244959,0.9882352941176471,True,3
-0.045771145964488689,0.99717828211862691,0.059501898020502188,-0.98300906879051841,-0.034361497046287451,-0.18031211328231839,-0.1777587490749615,-0.066743997420612655,0.98180805962042428,-24.783888099550108,-0.40967553312888866,-1.4170529542233574,,0.2560857335879649,0.6666666666666666,True,2
-0.98541057209348948,0.17019279514985025,0.00064566668024532842,-0.16655270480955284,-0.96354014248597031,-0.2094053254784537,-0.035017151897360169,-0.20645775911114686,0.97782871341344835,-3.5900097180194415,-15.76153467050565,-4.1949401728513074,0.1730693216209968,0.2101752074975516,0.5517241379310345,True,3
-0.98978645526319142,-0.1392410496459609,-0.030572914009287647,0.14127327719778918,-0.92931838095343144,-0.34118793643956785,0.019095395448245126,-0.34202233394266091,0.93949778549876939,6.7773683538902558,-19.093208990649046,-4.9572159440107679,,0.4273092695298534,0.1714285714285714,False,3
0.9854110860936478,-0.13261143526925531,-0.10667332674837079,0.15287770677563081,0.96514995877577958,0.21240047986323818,0.074789024427122805,-0.22560976111626418,0.97134280123666972,-4.6847338966348744,-8.7763090831745192,-2.9804218190110503,,0.308519973202793,0.231404958677686,False,3
-0.70457408519784215,-0.70718535299884844,-0.058857752008699381,0.69906778444328821,-0.67743795124055606,-0.2288712628805748,0.12198192989609354,-0.20240231896618985,0.97167572268526536,26.751669743152561,23.519724527797131,1.0228317466565819,,0.2969639609469586,0.5185185185185185,False,1
-0.30212632779305326,0.92838347156328327,0.21638810453070656,-0.93727873132659456,-0.24790331640765706,-0.24505616808579828,-0.1738627673111599,-0.27685388825550655,0.94505220104537813,10.23547145871782,-12.872739967647052,-3.9705540225526215,,0.704080787058917,0.5396825396825397,False,1
-0.26366652190835754,0.96410798175969425,0.031237233104078381,-0.94839347431830445,-0.25318324924341268,-0.19091375061268584,-0.17615272661870571,-0.079962752640194118,0.9811096651725526,-19.668167694955347,2.393480785140464,-1.0335532120462698,0.1666643170786751,0.1160940998535763,0.8055555555555556,True,3
0.23733977673121195,-0.90726643562709575,-0.34718503015781749,0.95038677457706067,0.29084384398317209,-0.11033964439902776,0.20108408462678021,-0.30377207442686105,0.93128283443227533,-0.67302410957187175,-8.3428564235385458,-2.965073737998035,,0.4566853177195096,0.2288135593220339,False,3
0.97052162038880918,-0.24057887008676124,-0.014477279635950172,0.23534496966042751,0.95893354552557941,-0.15830098079694038,0.051966620184620962,0.15022736945549611,0.98728476533018028,-16.736796479964838,10.255133767405772,0.020837581021533817,0.2204859515670047,0.2229785544666529,0.8703703703703703,True,3
-0.99648969284095235,0.07957126769371603,0.026013562219722869,-0.082546760935936325,-0.8821926512074989,-0.46359697843543918,-0.013940025851115707,-0.4641169459447681,0.88566423443998865,-17.699244873913443,-0.68705323538513574,-1.4532594442371527,,0.2932189831472444,0.4285714285714285,False,2
0.84004569891929382,0.53905710270005647,0.061160965949026473,-0.53507110708680417,0.84184864281757199,-0.070638324917250833,-0.089566366947078049,0.026613955264756167,0.99562521226466971,17.169367404188925,22.931575806171011,1.1890378510137041,,0.2429438892150362,0.4615384615384616,False,2
0.99217317547278505,-0.12441944490044762,-0.010592053762834931,0.12109813182164464,0.97942898960451918,-0.16141281483072498,0.030457057335827726,0.15886678712976735,0.98683013310574752,16.679499702811363,-2.2201243595851934,-2.9872838841939,0.2957044601753007,0.2530195782885036,0.7037037037037037,True,2
0.86638660489118646,0.49558564573409419,0.061393147886755331,-0.49425948527347363,0.86855842945036799,-0.036246597742567263,-0.071286829655448525,0.0010594210832135095,0.9974552950105805,15.202665642999913,-1.8907447512853799,-2.8563465318227661,,0.3036162566241523,0.2962962962962963,False,2
0.58522167092900912,-0.80905582579194213,-0.054261096811418982,0.79678105677901778,0.5861834424699236,-0.14672736395172475,0.15051758512934885,0.042633819043446222,0.98768760954089152,-18.569745909313173,-0.89903349079141259,-1.4831333609767083,,0.137568657815974,0.375,False,1
0.75984203015997753,0.64948828730433616,0.028373471004520014,-0.63840724478788846,0.75369861959091911,-0.15612360689235913,-0.12278549997740344,0.10051544896792375,0.98732991725870245,-20.937479219230774,-5.1701027014028798,-2.1741977855378853,,0.09727469362381372,0.6666666666666666,False,2
-0.75334379581517785,-0.65703834160932584,-0.027816235583693106,0.6465709948724665,-0.73229246328801612,-0.21376084019576419,0.12007944826825862,-0.17902057386467393,0.97648991814393771,-22.632667403981031,-2.534555047628483,-1.7521504640945815,,0.090326012553175,0.2333333333333333,False,2
0.81296335879969517,0.58206683923697311,0.016993290140500703,-0.57396764768453834,0.80589204445364881,-0.14525547183427145,-0.098243150705771637,0.10833377749805977,0.9892482378010109,23.537431758345015,12.77150191320864,-0.78850192975500499,0.105858044007161,0.1656594590292512,0.2941176470588235,True,2
0.97574289667664782,0.21891057367281083,-0.0019900551012790174,-0.21643672162632607,0.96327135459747948,-0.15894477954178116,-0.032877729798657093,0.15551996060370527,0.98728546871566458,-26.766744567267754,1.0588938927803389,-1.1923365743785568,0.348153108046278,0.2735778093200891,0.967741935483871,True,2
0.95610559550798424,-0.27451661994618448,-0.10248275763096173,0.28674330450207491,0.94854391979351083,0.13432315342483891,0.060335458575821226,-0.15781336317335312,0.98562395204376085,-12.041971171566042,25.245979750908035,2.2624771147461575,,0.3964524479536909,0.1935483870967742,False,1
0.76408014006392033,-0.64325342552048093,-0.049056804992442964,0.6334542563802561,0.76248596577394845,-0.1317226520819606,0.12213617250281085,0.069571420525496336,0.99007200385246108,-29.2323572826425,4.3233169806590084,-0.58929244158655969,,0.1938878899143982,0.36,False,1
-0.072817766120973001,-0.90514430461439432,-0.41882139482275293,0.98118911590142877,0.01026431699833727,-0.19277593893722914,0.17878895875787174,-0.42498050734202236,0.88737031537323452,16.888641343304986,27.231634807206376,1.9315543115342999,,0.4999878309831061,0.148936170212766,False,1
-0.63045788952930193,-0.7668151357193993,-0.1204881619160124,0.76447257150279957,-0.58648086269636679,-0.26762265433035237,0.13455310085671249,-0.26083470881492338,0.9559606256155524,-11.846791085332546,21.92298290640138,1.7222997279970182,,0.1964182044299746,0.2592592592592592,False,1
