axis_00,axis_01,axis_02,axis_10,axis_11,axis_12,axis_20,axis_21,axis_22,location_x,location_y,location_z,dbh,dbh_approximation,score,reconstructed,number_clusters
0.58260858709936214,0.81152964474247469,0.044574319313253084,-0.80501626513718971,0.58374342678627111,-0.10579425574384325,-0.11187514068217938,0.025753589807561549,0.99338849676718544,23.158614161754702,12.093345504278322,-1.164391361593281,0.2296145166822705,0.2035343531206411,0.7272727272727273,True,5
0.25883864503636161,0.96591924337659685,-0.0016034682793486968,-0.95620088158601424,0.25599879072141019,-0.14193129747629402,-0.1366836855292872,0.038270542509325135,0.98987521217887475,-1.1042169945073705,1.5040757997128611,-1.8330415682886683,,0.2406708117740598,0.8893129770992366,False,3
0.51868840606399191,0.85353828467124149,0.049343023977755404,-0.84965240590339508,0.52103005873517216,-0.081353961409357189,-0.095147919353854069,0.00027293753316219344,0.99546310777835179,14.796750773397052,1.5673107120225209,-2.4729480189727968,0.3215719343332967,0.3129458006795419,0.5789473684210527,True,6
0.53241751152650585,0.84502240628803549,0.049686278700476247,-0.83901698614656051,0.53459054308233112,-0.10130867783403703,-0.112169917435405,0.012250882340326815,0.99361351918359986,-14.69457173253647,-24.113753064658081,-4.8973670966389324,,0.2933514925157664,1.0,True,3
-0.49380623534538148,0.85681757996192054,0.1483881282388281,-0.86085070174506073,-0.45757584621470887,-0.22262168417728989,-0.12284734933673382,-0.23767200009486686,0.96354582098198482,15.91356892020028,-5.3034020244397606,-3.5311184202156425,,0.1930887317404389,0.1923076923076923,False,5
0.85062492841785042,0.51659572129687648,0.097806400055861442,-0.52304587212419573,0.85036461393405394,0.057472071675096728,-0.053481275302359868,-0.10004441067120072,0.99354459843808007,9.9176658440604157,-6.3197973213156278,-3.3117773183828594,,0.1992565810193322,0.3061224489795918,False,2
0.49738381595511,0.86752675198473284,0.0025834505515690718,-0.8595059181648107,0.49318492364162986,-0.13423191771059897,-0.11772389844716545,0.06454429241551031,0.99094657678957732,11.463964822884179,-8.4698266554911417,-3.6635593339836405,0.3627382311169129,0.3055364515319273,0.9815950920245399,True,5
-0.43076672287543766,0.89948187027330295,0.073296626885532595,-0.89182402273995298,-0.41184754054125744,-0.18716707994208037,-0.13816635960711843,-0.14599304229914012,0.97958975529205983,-1.8528239932865445,13.669131222468261,-0.17641102641563083,,0.1129348967013843,0.3214285714285715,False,2
-0.86892244562106857,-0.47034801070602533,-0.15409909902652402,0.49365636391623013,-0.80109885590056029,-0.33844352178734427,0.035737625283563224,-0.37015317356426736,0.92828306579372277,-2.7272959047400493,2.5937150072424693,-1.6664130383399549,0.6052623011285305,0.5189925329133762,0.3187250996015936,True,9
0.051635110477698573,0.99822436041802309,0.029697502150568423,-0.98812289090358751,0.055377023102434537,-0.14334063549687606,-0.14473067345345883,-0.02194337212781048,0.98922773949246234,7.4028952605788927,7.7557243166218575,-1.2646644761658608,0.2525087318620592,0.2129491670058331,0.9418604651162791,True,5
-0.97186962979544989,-0.2324838272280868,-0.037692078194706047,0.23505501733297238,-0.94740540611363389,-0.21719147150211987,0.014783825886790518,-0.21994150709686663,0.97540103134459888,-2.2734098040289759,1.210374506995691,-1.8381928875385878,,0.552682495291843,0.3017621145374449,False,1
0.93940295433898213,0.34184031347629673,0.025831946531766136,-0.34154151700365082,0.93974141402557743,-0.015344931673157314,-0.029520866214219468,0.0055923919422772366,0.99954851988801741,-4.0363514082490628,-2.7834014535413316,-2.3025854240910739,,0.15756708988287,0.3318385650224215,False,5
-0.82478205822089601,-0.56187077768339078,-0.063527833446172424,0.56000543843223849,-0.79611350704068007,-0.22934077882859452,0.078284515475408378,-0.22473209181790546,0.97127082811331722,-13.154425456530193,-6.8414206713149106,-2.618086128585678,,0.1487052420875685,0.3333333333333333,False,3
0.99946155334495879,0.026246261529900877,-0.01969104215084367,-0.028413287775924233,0.99244649739227386,-0.11934251083151476,0.016410011061689458,0.11983773850299309,0.99265786047733651,-19.255634478770414,-7.1648267723581247,-2.5050806221969641,,0.2324552560625786,0.5862068965517241,True,1
0.042135236151091576,0.99906341037923396,0.0098449944594258404,-0.98818962205403016,0.043125625175234196,-0.14704234532255836,-0.1473291985290256,-0.0035330574096077002,0.98908120231158725,1.6073032209361584,-3.6058129252806141,-2.5710166408546495,0.2816068021839245,0.2540546804679286,0.9857859531772575,True,5
-0.17082196401359739,0.98487533741893696,0.028990107872699671,-0.97434883610116951,-0.16447499006729974,-0.15359792716914075,-0.14650666264314471,-0.054484377451662444,0.98770807955330142,13.294650638311753,2.234814054948699,-2.3410927535378341,0.2714818869207739,0.2428738280253977,0.8645833333333334,True,5
0.42136725188843993,0.90687581349894697,-0.0050890005510504585,-0.89815264528665417,0.41652394390694736,-0.14081771876006757,-0.12558449267553398,0.063906674477920047,0.99002246043036979,1.1161641385726018,-9.603837379485995,-3.270946921038258,0.3950580685183995,0.3411159682795905,0.9554140127388535,True,5
-0.0081400336693618937,0.9999564711099227,0.0045602343417148802,-0.9891306676003836,-0.0073821907345865273,-0.14685375607173709,-0.14681369917102671,-0.0057060621577308627,0.98914770312141487,15.243992581324536,-4.5454104629814882,-3.4094441134736142,0.2937469292266273,0.2713320029885034,0.9917355371900827,True,5
-0.83193778529467999,0.55472111855892869,-0.01280632748732669,-0.5460562187068686,-0.82260355357267068,-0.1585749023684708,-0.098499377716501371,-0.12493147831649437,0.9872638949719148,4.108951981816662,-13.471790223049005,-3.9409827553240424,0.3013314914477188,0.2608108767928898,0.9825581395348837,True,5
0.74992694823961581,-0.65409077208103472,-0.098867761087496467,0.65178784283560143,0.75613745302344704,-0.058555615161398344,0.11305830458542908,-0.020528370944924029,0.99337626594891903,12.360983293672088,-9.4951106258090032,-3.8686902521518376,,0.1923236851463444,0.3333333333333333,False,4
-0.077135476584837687,0.97243686222322756,0.22003787683367726,-0.98105079349921986,-0.034686126881344745,-0.19062060008436005,-0.17773423650658926,-0.23057194450195775,0.95668548623986382,-4.6761245993089871,3.5292796789308074,-1.5355111461226425,,0.2598019603511764,0.3571428571428572,False,3
-0.053736905809338049,0.99847930032870791,0.012305761623427827,-0.9888752040279275,-0.051500169128766135,-0.13954771025865492,-0.1387017512966702,-0.019667724698164385,0.99013888156785046,-5.7752612936588417,-15.026725439979835,-3.8825992031297676,,0.2879865726636574,1.0,True,5
0.19337693203085141,0.98105455281209375,0.011718641772758468,-0.97107506300697832,0.19308770605558259,-0.14046479906434411,-0.1400663562898998,0.015782971103555213,0.99001631989519001,15.990121731263406,0.79194496185575869,-2.6202742906227177,0.2731033744799777,0.2455512033840483,1.0,True,5
0.40133369229076182,0.91578548932320902,0.016376964838336238,-0.90707089756264514,0.39986861562985293,-0.13163387493029358,-0.12709702682267321,0.037974040861053493,0.99116311371717292,-12.164063951397516,-0.38502895730762177,-1.7858967009258933,0.3072178471774399,0.3020530713820441,0.9709302325581395,True,5
0.9557493332272079,0.29409794212174978,-0.007043612389922114,-0.29309255361585923,0.94987710026173378,-0.10876695000456121,-0.025297570054893893,0.10601837028605901,0.99404232209257837,7.417653430655351,15.478556034161661,-0.1810594589220299,0.2254935297848658,0.2372851632351727,0.9137931034482759,True,5
0.88887776653543549,0.45809602170045266,-0.006659659240114987,-0.45554322410831272,0.88219081393076693,-0.11924654621906189,-0.048751278218932832,0.10902936631196899,0.99284233902147367,-5.2785181032248003,1.3056294834476319,-1.8020357363107313,,0.1888864264416288,0.8178438661710037,False,5
0.57134066696691899,0.82070258224040871,0.0041368797084174362,-0.81333959037631554,0.56687460901075759,-0.13088883980457944,-0.10976590088130318,0.071417428984994286,0.99138841925901555,-5.1413484477022742,-3.3715920657609271,-2.3417253770986655,0.3775178177718491,0.3003742561670141,0.9899799599198397,True,5
0.44280827461849859,-0.89612585686441204,-0.02965266578931847,0.8856167358429009,0.4423011117888701,-0.14160763999621143,0.14001367477627141,0.036444137654143186,0.98947864843375577,-8.1705158053641238,-2.8622095285636457,-2.2664607367881944,0.1538752048371323,0.2306355157946966,0.8392156862745098,True,5
0.34600414039288063,0.93791285023891535,0.024507553686525869,-0.9295473869862062,0.34623009548574574,-0.12675321032245532,-0.12736871742347466,0.021076203088924866,0.99163148572705861,11.289890022447318,18.111125578743966,0.093935388303488479,0.2942636146468112,0.2913180711433275,1.0,True,5
-0.18522605307080092,0.98269504157965049,0.001328351829860447,-0.97161064457480029,-0.18293398195606078,-0.15002637632977428,-0.14718717543575671,-0.029079434321711548,0.98868110221990924,17.477413698259618,8.0717484733689435,-1.5615961014182478,0.2255169386358966,0.2352198871076309,1.0,True,5
0.99616510077481979,-0.084561692968827734,-0.02245912020851705,0.081218148218451358,0.98919454028058862,-0.12205643726998715,0.032537738063064092,0.11976427497932077,0.9922690230176584,-14.891647597449708,-11.470292608230968,-3.2135386713547551,,0.3485635521178745,1.0,True,4
-0.16538375293454494,-0.94432542593824476,-0.28442521722209879,0.97389036547898655,-0.11089848449673928,-0.19808857151166642,0.15551774912366617,-0.30975961012191217,0.93801024175892089,-5.6267215433731401,2.1341011711459381,-1.7047580475888553,,0.3317253286727815,0.25,False,5
0.48690475223013879,0.84296402501254764,0.2287693484502521,-0.86537400109246176,0.50110519069953263,-0.004628832164811067,-0.11853944697412808,-0.19571724601738788,0.973469649820906,7.0664592887548414,-4.8291508093846387,-3.0337420327581062,,0.7319265422429894,0.3754940711462451,False,3
0.59571514998137209,0.80311052723024812,0.011702185036314185,-0.7962069270865425,0.59238678208524054,-0.12301394095832932,-0.10572601071674272,0.063963907499828984,0.99233594573374018,3.8127940017239492,18.052041672359085,0.21430208409523221,0.2945766484048851,0.2713807963639561,0.9135802469135802,True,5
0.65350178917403345,0.74253866202115537,0.14687323428783916,-0.74957528270237306,0.66183097931659463,-0.010800480475250424,-0.10522503080539426,-0.10303441279820351,0.98909635661614581,-4.5332026970148007,3.0905263050879501,-1.5745851441711183,,0.5454147425603254,0.2087542087542087,False,3
-0.58573071048857417,-0.80356249690629489,-0.10586240294019389,0.80469523322394865,-0.56093823600686765,-0.19445790550183334,0.096876810523500903,-0.19908693817331569,0.97518166237453874,6.6999281611461932,-10.381037360656466,-3.6554372573350724,,0.2006548965794908,0.1842105263157895,False,5
-0.26621988584439338,0.96386760313773556,0.0092852572671608749,-0.95271008049659811,-0.26164943236009258,-0.15454150596461014,-0.1465280686461346,-0.049988180274547579,0.9879426637875679,6.5120785663363563,-2.1584251091672471,-2.7468261606639128,0.3372250139189497,0.2919044265230496,0.9784560143626571,True,5
0.7151585333651499,0.69890927660049373,0.0086078590126900736,-0.69420649116994337,0.71167284764260119,-0.10769914366320117,-0.081397910123807787,0.071046330025172397,0.99414626651083415,-1.7555364244427138,-17.824206035216665,-4.3490434797040578,,0.2491251017387751,0.9518072289156626,True,6
0.56388808070710561,0.82585078230272224,0.00084723458327057278,-0.81854185531367352,0.55903317139631725,-0.13217845655864613,-0.10963331398852667,0.073840359212006268,0.9912255736285942,21.539533948001996,7.5094311420534599,-1.8031151593504591,0.2460957747816477,0.2382073450677143,0.9830508474576272,True,5
0.75885425076600854,0.6510953498168538,0.014665317631394182,-0.64683916197428326,0.75613082877877769,-0.099324057039203079,-0.075758330438099153,0.065886381120747003,0.9949470639948863,-6.2695628912521482,-18.208171495813655,-4.3140287555907966,,0.2081266211953679,0.8867924528301887,False,5
0.4296582070952002,0.90236436147972099,0.033650916882517229,-0.89448990243363269,0.43041901658409276,-0.12094331154327474,-0.12361892864771618,0.021863881038794535,0.99208887262478285,6.4745727585570414,11.415599712740493,-0.71299989804018693,0.3177863603105762,0.2734799628944311,0.9925925925925926,True,5
0.77887182947748013,0.61235663660766959,0.1355655666050414,-0.62075282386055219,0.78353525755060061,0.027174102455550436,-0.089580159162361145,-0.10531785118229819,0.99039565089250547,7.3991603195269073,-4.2484066799995492,-2.9617455800528911,,0.1702928345888072,0.2105263157894737,False,8
-0.44147134021155643,0.8927875293849229,0.08962970013660411,-0.88621543122591695,-0.41821335823622308,-0.19929826002713213,-0.14044666328850239,-0.16741569331321951,0.97583129710190142,-4.7856061552152473,-18.235763026800655,-4.3189682825181368,,0.1349882325536293,0.2608695652173913,False,1
0.99807022077967811,-0.041350517433830988,-0.046324605780949955,0.041656943984667745,0.99911589211085949,0.00566861088636407,0.046049249838235447,-0.0075874132269961956,0.99891035521204796,8.7056142390608269,-15.569454062122643,-4.4455165051964869,,0.3859070550405174,0.4625,False,5
0.81399650673443869,0.58086756595762667,-0.0015993256680819478,-0.57704029033702819,0.80831140281289005,-0.11686393545665064,-0.066589716562611909,0.096049710572806035,0.99314664715085788,-12.370354426022084,-18.039783075515238,-4.1322208314209714,,0.3379418121387243,1.0,True,4
-0.63118834913002075,0.77552621555796997,-0.012663210684984837,-0.76531496508245045,-0.62536526994742236,-0.15235249707318696,-0.126072487654392,-0.086471776470250311,0.9882450909216357,3.1324226945553266,7.2792608958734268,-1.2450224716147111,0.2310301711154901,0.2120599748538322,0.9285714285714286,True,5
0.82012847858129667,0.56392481768898928,0.096840480246476207,-0.56820907304568624,0.82259172270078751,0.021938711281963799,-0.067288393713107644,-0.073018201419860623,0.99505809595868244,-21.688108627988473,-13.023943726268648,-3.2413771412098158,,0.1994250067488947,0.3421052631578947,False,1
0.30190528780471099,0.95326820933740219,0.011529018267704513,-0.94403487196600555,0.30062265402595212,-0.1357357005305542,-0.13285841225787032,0.030095530449804848,0.99067800083541901,10.621498505640265,9.5307589374188915,-1.1450683763517582,0.2743847948717532,0.2681465060012102,0.9712230215827338,True,5
-0.39363421949018168,0.91920240087458804,0.010910887807598881,-0.9079358192539343,-0.38689685662053047,-0.16113153152887646,-0.14389110244224326,-0.07333327050900687,0.98687262707727885,10.886724581637283,-14.745958732677712,-4.4209030014424355,0.2820477995203414,0.2719782564920635,0.7843137254901961,True,5
0.2740786817313195,0.96026874043959487,0.052581578095146048,-0.95214597489536001,0.27863850240273175,-0.12561300676811929,-0.13527349596645602,-0.015637490633625874,0.99068488944552713,26.289217637335678,8.8760760563080687,-1.8368959639787235,0.2947899159573415,0.2709806338734706,1.0,True,3
-0.23776626803146911,0.96950947979371116,0.059317538523730236,-0.96282131214653954,-0.22718351734949008,-0.14616008456869706,-0.12822762051446746,-0.091864128117783911,0.98748096655194106,17.842532093141983,15.922074451886807,-0.42398857126866113,0.2392746795608343,0.2792699300716715,0.7380952380952381,True,4
-0.75438022793928827,0.64520498288058725,0.12091733440797452,-0.64354141724805414,-0.69057159968311432,-0.33009893970970572,-0.12947940369276756,-0.32683542613548983,0.93616968987582538,-3.5594667322441085,-0.19575795812674127,-1.9948301984221548,,0.5534352972276352,0.2455661664392906,False,5
-0.12586356524155898,0.99187148692073157,0.018690007446275508,-0.98095980555776363,-0.12162588098276916,-0.15141005566091409,-0.14790612842191378,-0.037391155489277107,0.98829432795418681,20.054065892666639,1.8878132919340969,-2.7033136831382634,0.3436694655712744,0.3091777889230612,1.0,True,5
0.37035727579956257,-0.88432218329203538,-0.28427058307171815,0.9262007162764424,0.37483511599058117,0.040630887134454938,0.070623802158564189,-0.2783395623297833,0.95788275201651507,7.0715265916084755,-5.1781407675154147,-3.075412597717015,,0.5260303481383415,0.3025210084033613,False,7
0.56685979932751396,-0.81534702978210349,-0.11780996957759296,0.81285041009663328,0.57682027839126992,-0.080947990971698316,0.13395588345461693,-0.049875720166435961,0.98973139478636984,-14.422795930620969,-6.8485985381585985,-2.5671089190241569,,0.2162359100473329,0.1578947368421053,False,3
0.36713729085870878,0.93012694254227624,-0.0086069981924263642,-0.92122558840451074,0.36231273578962708,-0.14167885076255568,-0.12866089122064506,0.059944576415154514,0.98987525619580774,7.1364626517677232,-7.9801347946721704,-3.3481619995292542,0.2603350860421489,0.2633528778636236,0.9953917050691244,True,5
0.13955133495330962,0.94259929011366683,0.30336776887131978,-0.97929058251431855,0.17675748291586832,-0.0987256158857234,-0.14668121867341469,-0.28330790760312308,0.94774535059689113,-0.16366011103192488,-10.247236043150901,-3.3532082637354437,,0.3648103386255775,0.2318840579710145,False,7
0.97807690785671475,-0.19194487010682038,-0.0807634147193146,0.20211913566098968,0.96837672855043921,0.14626813255663268,0.050133993628102162,-0.15938531438506506,0.98594264754156558,4.6152338914018145,-17.405668127797153,-4.4740453588717228,,0.2995061245067845,0.22,False,1
0.91806075270798393,-0.3728424773821124,-0.13473285195831081,0.38999466607658417,0.91041114092494502,0.13804243880616998,0.071194204603076308,-0.17927643888506525,0.98121931477709212,0.892743009968062,-6.2211707957663194,-2.8829092646725387,,0.4123720761147296,0.2700228832951945,False,7
-0.28673575496078524,0.95789629954512645,0.014740629051051933,-0.94671597355023973,-0.28096630155440117,-0.15743825080221807,-0.14666789782324288,-0.059098364686289089,0.98741881237877771,-0.74544141355258331,6.385747366316548,-1.1741761679798262,0.2861892382569949,0.2597695766538696,0.9694915254237289,True,5
0.89439333341821747,0.44714857990480572,-0.010895532394768245,-0.44463930975368759,0.88620279003083802,-0.13015567280500479,-0.048543273054197457,0.1212549480667677,0.9914337033864199,-10.569976020914444,-10.200210404871191,-3.1112392572311314,0.3804093059395096,0.2718685151401651,0.9937106918238994,True,5
0.11843980917751204,0.9927372049334261,0.021091551459367808,-0.98260731750515695,0.12023779964268136,-0.14151230025127332,-0.14302052715367367,-0.0039640229634798118,0.98971178397280379,-0.71855411339540454,9.185262149334406,-0.85963016903280298,0.2894503429831608,0.2681458706237415,0.8768115942028986,True,5
0.66077368180301288,0.75020700019429643,0.023824321521604908,-0.74562632711489119,0.65971999417221883,-0.093866445562642453,-0.086136645799841538,0.044260435480030842,0.99529969963899301,15.513748942493706,23.762574570050827,0.81669515932703751,0.226515523807053,0.229665190287645,0.9523809523809523,True,3
0.21945836292559592,0.97515876309412897,0.030056841197092812,-0.96490268381128741,0.22149843138041478,-0.14107181033002941,-0.1442249552462872,0.0019574618120138864,0.98954299079295294,18.278975135250771,-7.3707531410473175,-3.824094907813163,0.3274505629093248,0.2972893019441232,1.0,True,4
-0.22645432170853241,-0.97071950582476751,-0.080137888609871075,0.96416500555855655,-0.21172744437685492,-0.15986660487392265,0.13821824132797247,-0.11346863138755739,0.98388037253277738,-0.86219162022995266,-8.6189814812211161,-3.1383517268845078,,0.2329516862147633,0.1666666666666667,False,1
0.5065024099687192,0.84058524665716494,0.1920201859133378,-0.85437693213668942,0.51928488096811343,-0.019577288643500446,-0.11616955938875796,-0.15414167347036806,0.9811956879089796,25.868726985313366,17.470252232012225,-0.44935162343428697,,0.2355555555543705,0.2222222222222222,False,1
0.98560112309199088,-0.14744416372578265,-0.082768621729550837,0.14893479702504669,0.98877298564366778,0.012099962661700783,0.080055308349371662,-0.024252864666076922,0.99649533173044758,-4.0146805403172774,4.5157071113067477,-1.3954912106199706,,0.2609209847281192,0.1791044776119403,False,4
0.94860826064098991,0.31644664212812551,0.0019724425237860168,-0.31565630179313126,0.94664425447145406,-0.065005804467516456,-0.022438069925000307,0.061042429194941336,0.99788293644897108,4.7301560248123513,-9.9133796760730952,-3.5328941327273711,,0.2463901936306477,0.3222222222222222,False,2
0.2417293137579187,0.97002664354448742,0.024804227138570431,-0.96151460853941872,0.2428920517817674,-0.12842549881753115,-0.13060090518604464,0.0071945809509148155,0.99140891743494319,-15.640952966051117,-2.3922060820674615,-1.9787446348277664,0.3739023648415582,0.2885839146002369,0.8627450980392157,True,4
0.49424649810682175,-0.85415040597719283,-0.16170183387377057,0.8565287699556603,0.51026824229051648,-0.077361406062653376,0.14858958694130384,-0.10026666883238888,0.98380268843598329,-5.83396604597612,-2.6804468797775289,-2.2568127833871054,,0.2419494173067185,0.1590909090909091,False,3
0.47993229518043329,0.87693707367865947,0.025423627804660013,-0.86933209376001375,0.47926883597262454,-0.12067764343189459,-0.11801145199374306,0.035815522798834723,0.992366134813645,14.753412792933489,14.137203222690006,-0.55512823987613624,0.3176390766519731,0.2663643843514613,0.9491525423728814,True,3
0.77786976032790378,0.57415185895344711,0.25547657197424617,-0.61874575553194389,0.77082113633966665,0.15161947692572586,-0.10987413698689624,-0.27601525072417232,0.95485247833843856,5.1184050199738378,-6.1181657621612642,-3.0492950773725536,,0.5158100001183924,0.1576086956521739,False,3
0.396200674401464,0.9181096992686465,0.0099802661618136543,-0.90986594146116995,0.39405485037345128,-0.1298643271500548,-0.12316247063454265,0.042371629730192421,0.99148154335882765,7.1176908984747858,20.666195982883838,0.481017390592061,0.2785078124128761,0.2450267153040287,0.8627450980392157,True,3
0.54614685021440434,-0.83575820259595035,-0.056849316569961436,0.8269315112439154,0.54873137342969813,-0.1227931412001976,0.13382037854056247,0.020052596030038578,0.99080270471962129,24.287400014644383,-3.0327758308788551,-3.7976967236141133,,0.2527134520190173,0.3461538461538461,False,1
-0.93872709536619525,-0.33707379574107704,-0.071921461679039997,0.3432190804015276,-0.89514974528473945,-0.28444260645162944,0.03149767092463731,-0.29169879969134155,0.95599147851063726,10.227196224534657,-4.991423531843223,-3.1290107547293617,,0.4395358266571053,0.2195121951219512,False,1
-0.59715315246397283,-0.77535495713378533,-0.20550621146428941,0.79515601305681582,-0.53850140778778244,-0.27882458412085176,0.10552263928621505,-0.32991047915857791,0.93809596968510045,6.3540662198483169,-16.187358453563618,-4.428073390377012,,0.1689343813662317,0.1875,False,1
0.040739553477699031,0.99916856162627254,0.001572971749338544,-0.98849240368418134,0.040533683366133617,-0.14573876756527321,-0.14568135310021121,0.0043824616895684065,0.98932185732876221,-3.7718768090558408,-22.813925655516325,-5.0340672428335571,,0.292938695174179,0.9850746268656716,True,3
0.89777300918676817,-0.43863054394587331,-0.04008578168730783,0.43263637981315017,0.89524544243149229,-0.10658968368380585,0.082640104295112454,0.078350773597899048,0.99349472542067552,20.084097778904091,-12.630859109395212,-4.5957846984969981,,0.3137359599785089,0.8857142857142857,False,1
-0.14588653394099982,-0.98702587209651871,-0.067060025550158983,0.97904482344884092,-0.13430652574844923,-0.15307838129340551,0.14208572374700296,-0.087986845343423839,0.98593608421327317,32.463358985878322,18.008900295811419,-0.42802885255960255,,0.3611927948864103,0.6206896551724138,False,1
0.58182894013479458,0.8131734117340409,0.014969531403536115,-0.80617911034039091,0.57906123697077894,-0.12150442744462928,-0.107472445177345,0.058626668732678432,0.99247800340406067,17.213302944929445,-16.253992286558269,-4.8530513813041969,,0.1511897534983604,0.6206896551724138,False,1
0.33649457440184161,0.93959594631702226,0.062696563404580366,-0.93776149994766844,0.34042056113391234,-0.06868195376642372,-0.085876484639419978,-0.035683318538123648,0.99566657579939066,13.497374640113495,-6.5543164877100173,-3.5396596332677661,,0.1820902042131559,0.2068965517241379,True,2
-0.77324263387932002,0.62765821466049465,0.0902274610114457,-0.62475143749051687,-0.72972258770985798,-0.27783193901990733,-0.10854248248913595,-0.27120123627157205,0.95638298758387896,12.253298232065857,-16.235468264197166,-4.608097255509267,,0.234884743454127,0.1481481481481481,False,1
0.68630232403163227,-0.72387968040973016,-0.0706210189581606,0.71727151852387983,0.68970745774646758,-0.099122103707265347,0.12046032020225331,0.017373284629377157,0.99256610874941642,-8.8501885942834839,0.91938374646728493,-1.6918469630980062,,0.3789825593284916,0.3536585365853658,False,1
-0.87841161974867266,-0.47706095152471839,-0.028387934423693542,0.47503691631354061,-0.86510066760818705,-0.16106136421622513,0.052277666644906899,-0.15496349064924758,0.98653604198527123,3.8835117637224821,-23.755009700372234,-5.3436887490713803,,0.2897074360985442,1.0,False,1
0.75007794630822389,0.65026905672600888,0.12055383995006136,-0.65627304537872566,0.75439198151993925,0.014086451922112844,-0.081784866395755856,-0.089682172604634069,0.9926068423829959,20.171045216960657,21.170501831098775,0.37026385033050901,,0.4819294135583375,0.4615384615384616,False,1
-0.72891797763686705,-0.64781620423849107,-0.22138822778958642,0.67922550019726102,-0.64389045466313788,-0.35221840138680838,0.08562302120084847,-0.40711085458352941,0.90935661339251672,-8.6274348208504978,26.40599758220986,1.5678798847936737,,0.3145107360170694,0.4102564102564102,False,1
0.90239575248143467,0.43063168154609155,0.015435697336030426,-0.42856308033259521,0.90064074374880876,-0.071971778326151384,-0.044895345853457128,0.058331857062643613,0.997287221602844,-7.0012618960822941,9.6483781387104806,-0.48790369893044094,,0.246955253375744,0.5531914893617021,False,1
0.77875944262055119,-0.61689670335048075,-0.11389551318922389,0.61801575288460775,0.78561314822881601,-0.029470502480945474,0.10765806851230023,-0.047438789248008213,0.99305553800322932,-8.4573889281524117,1.7447380538359019,-1.6023986858565262,,0.146336363256984,0.3272727272727273,False,1
