axis_00,axis_01,axis_02,axis_10,axis_11,axis_12,axis_20,axis_21,axis_22,location_x,location_y,location_z,dbh,dbh_approximation,score,reconstructed,number_clusters
-0.60256476415681415,-0.74237378880239768,-0.29291101497863747,0.79012504975597087,-0.50327301000774693,-0.34988381378089883,0.1123303643044353,-0.44226398801724187,0.88982270939683128,4.7626184847593702,5.8001027659918662,-1.6442955873784253,,0.451143939466366,0.1524822695035461,False,4
-0.67843337057588271,0.7315131403238484,0.067946208301778957,-0.7293413742107252,-0.6595226236638696,-0.18190950700811975,-0.088257133159071785,-0.17296946091454352,0.98096495556032681,7.8626101965909161,-13.260657176641526,-4.8534122733536922,,0.07836086101696184,0.3684210526315789,False,3
0.43486465402033692,-0.89996032954616867,0.031050570476629093,0.89233219245524009,0.42603352213864126,-0.1491264440740418,0.12097929984835058,0.0925572431379377,0.98833049419255903,-10.387939598333205,5.7554745711406348,-1.7150634407370546,,0.2943620342417213,0.9748427672955975,False,5
0.63607957314944097,-0.77126943904406642,0.02337154292458777,0.76558730819747201,0.62703302451374654,-0.14389461315870264,0.09632678832481846,0.10942138075254833,0.98931699231602777,11.07960230333609,4.6715672746352599,-1.827698648158006,,0.2469672443275487,0.9891304347826086,True,5
-0.12150591265856812,-0.99259065899032828,0.00031124613333783843,0.98032129775401622,-0.12005312327438657,-0.1567080111607185,0.15558427413749548,-0.018735828703637505,0.98764492727087816,3.3251383566157964,-15.697101047647241,-5.4937807536076981,0.3510733144649105,0.3123587370130654,0.972027972027972,True,5
0.99932807158651404,-0.034708862624452858,0.011777104673665979,0.035383169150039619,0.99739071262356727,-0.062926923595159723,-0.0095622528766662364,0.063301352493988938,0.99794864702165564,-2.7962956820558418,-13.88973972032916,-5.5639248795407212,,0.1208318762044703,0.1904761904761905,False,2
-0.67850713777853378,0.71473005406075485,0.16967325601252059,-0.72911902259735972,-0.62709305874776422,-0.27411630115161412,-0.089518237640443504,-0.30970186549758116,0.94661039484946785,-1.7304332706673775,4.8833830216558622,-1.8206215738210474,,0.2815791141137102,0.2413793103448276,False,5
-0.99791510493547686,0.064068536656949393,0.007788835102492557,-0.063783182227247645,-0.96057127182872692,-0.2706188045984767,-0.0098564195620118485,-0.27055138947708235,0.96265507667359163,-10.643817930059482,1.8610755703492714,-2.506408075481914,0.5581134080406916,0.2309238568420843,0.4583333333333333,True,8
-0.31326214319596424,-0.94802176029079144,-0.055871026976610186,0.93697515385781627,-0.29895409638360321,-0.18084249862404023,0.15473975149713118,-0.10900087279748355,0.98192383565936203,-15.703673709069353,-2.3185871497771933,-3.3865453641039402,0.2825786205673145,0.2440473645115829,0.6984126984126984,True,2
-0.8933101535978869,-0.44900895963400128,0.019695777398033184,0.43836371449037109,-0.88012577099947731,-0.18225224563988718,0.099167652473604165,-0.15417386740615002,0.98305452306161878,4.3971059924272309,3.042668051712123,-2.1444248616401147,,0.265400617768054,0.9840319361277445,False,5
-0.95081374576872102,-0.30877909316157809,0.024671693974419599,0.29884767359113973,-0.93535170800172085,-0.18922803789985029,0.081506373041729668,-0.17254754117221438,0.98162317474120664,-0.30020050747466753,-19.561352716540373,-6.2516568321524266,0.2685395889440214,0.2690537172680552,0.9210526315789473,True,5
-0.290332634453358,0.93570611034738405,0.20040218668952636,-0.94728144432381878,-0.25137550455069857,-0.19866610418404057,-0.13551688681177373,-0.24751652625724363,0.95935954814573787,-1.4993686838896285,-2.2099084621361729,-3.1999782654916116,,0.2588942489998407,0.3214285714285715,False,5
-0.95022511919585684,0.29718839968330885,0.093548265312044895,-0.3112650057067422,-0.89235655026655447,-0.32682393336283666,-0.013649874417029077,-0.33967461237196994,0.94044395826564342,-1.7996240200279854,-17.748362439986135,-6.0784615171253913,,0.2997911770381113,0.2666666666666667,False,1
-0.82177770487905533,0.56752694403048165,0.050936937119690676,-0.56662816653340575,-0.80448858723683203,-0.17813094592652301,-0.060115926797347313,-0.17524634320039084,0.98268753657517582,-5.7854102685650668,-18.583625745965875,-6.4073173365335974,0.3023585132086237,0.3042079834994434,1.0,True,5
0.5370440025526686,0.81863351498864478,0.20352618371979889,-0.82889324724313895,0.55690729367307523,-0.05282282582800174,-0.15658775174621234,-0.14033329751369528,0.97764351458596543,-5.9209932438477502,-3.2565359654028856,-3.584678679642582,,0.2631749135947086,0.1447368421052632,False,4
-0.99130965993522902,0.12354765814561895,0.045178914172806436,-0.13006656927418334,-0.97193655221803632,-0.19601537189659607,0.019693797915705021,-0.20018819802688181,0.97955951309474087,17.572964831620013,-3.0628569235141625,-3.0833421098594127,0.2424717778681962,0.2172369682342974,0.8846153846153846,True,5
-0.52049304877126124,-0.85385274085131291,0.0047416370062311614,0.84105627548653661,-0.51363502631202529,-0.16971564810046658,0.14734764214439791,-0.084347831543832449,0.98548166683522864,9.5978954396965985,-13.202510425962194,-4.8908767599460656,0.247595861703879,0.234829398938761,0.9083969465648855,True,5
-0.9306753119752299,-0.36545299060617509,0.01695804637367955,0.35552561576373626,-0.91438087567956428,-0.19367279294544756,0.086284414673944071,-0.1742174671164661,0.98091960625522134,-9.3776822459875326,-13.943229712651643,-5.831789759701353,0.3410311810017428,0.3003833167661203,0.9537037037037037,True,5
0.9537176958659298,0.29117435431615235,0.075100279498500677,-0.296544343263209,0.95211636986397497,0.074403432149584225,-0.049839834176821557,-0.093230432936984783,0.99439633813867634,-2.4337743656778006,-20.311532781601922,-6.5181150050946384,,0.3400004415779023,0.3492063492063492,False,4
-0.81368909664732614,-0.58107914276463368,0.016033834263125411,0.56903984228026627,-0.80185926657681772,-0.18225085597203181,0.1187590497389929,-0.13917164383884767,0.98312132601031776,0.90737832148667641,-6.6414977513013778,-4.0052320229206977,0.3077970783360486,0.2796372600185803,0.9970972423802612,True,5
-0.99935601501640836,-0.010394050850702219,0.034344125515692027,-0.0014173580197637959,-0.94494539725559989,-0.32722497964199115,0.035854516406840571,-0.32706292959057698,0.94432213451812186,12.016072780125233,1.1654509503396335,-2.4452746690597542,,0.1573076382272954,0.1851851851851852,False,1
-0.30588627124904549,0.92956463517963228,0.20577458075455246,-0.94351051513501072,-0.26705826366690838,-0.19613207702179225,-0.12736364038068915,-0.25414459040194537,0.95874346426893842,3.5097725072275194,7.5868260638694203,-1.3759159950731741,,0.5728659200784819,0.3014705882352941,False,4
-0.88357013687969843,-0.46760669762361012,0.025451710196594108,0.45699052396868428,-0.87283116754156509,-0.17124664659740133,0.1022911248213511,-0.13967723259561471,0.98489938393584786,4.8760225458729263,-7.9166522938102259,-4.1185312052289165,0.3027269474477464,0.2682090085934438,0.9946949602122016,True,5
-0.84678966781897058,0.48971261781493236,0.20767477080252844,-0.52948859297151163,-0.73866449861919492,-0.41715295563222621,-0.050883085481187945,-0.46320223491742663,0.8847907103826389,12.980161827132108,-2.3346765865092913,-2.9831991328854683,,0.2003182989019786,0.2258064516129032,False,3
0.44113607090944579,-0.88498514878560652,-0.1489974945141512,0.89677003742573003,0.4411040394638745,0.035081709537992056,0.034676604765055276,-0.14909229623817161,0.98821506782906221,16.470731351295036,3.5568850319879122,-1.9623457186494957,,0.1230606979691854,0.2727272727272727,False,2
-0.68068782028722785,-0.73256288058730368,0.0039645047931330529,0.71972060675415062,-0.66974465208148448,-0.18287796264637607,0.13662481299551882,-0.12162946597713735,0.98312762827623601,-14.552220740994532,-22.065853179193148,-7.726457393395485,,0.2532967603940495,0.6304347826086957,False,2
-0.61730157380955908,0.78490156952994039,0.053556447993478348,-0.78095708743903591,-0.60312371689604305,-0.1623200840815473,-0.095104124784262098,-0.14202573100300608,0.98528366330822825,-11.980881342212841,-8.6156408563550144,-4.5378839913597639,,0.07780633524505336,0.2962962962962963,False,3
-0.99754468847622024,0.05989514666361255,0.036292780260337804,-0.06493627274511389,-0.98513387399446783,-0.15904254396426379,0.026227370719402902,-0.16100876285096091,0.98660443102104023,6.8062200897120118,14.061276458695747,-0.19727337872876868,,0.3413205400745324,0.9642857142857143,False,3
-0.60725814119060717,0.75969580342215615,0.23259371492044442,-0.78828134282992446,-0.53953480676687116,-0.29582886409761577,-0.099247541551311394,-0.36299377205373551,0.92649093192875942,5.936972419193685,4.81439401599172,-1.8130400922048291,,0.3539956480632689,0.2368421052631579,False,5
0.18306404348962343,0.97238878766636616,0.14473286289562265,-0.98095990970770519,0.19038598667853299,-0.038351422694500287,-0.064847602326377471,-0.13495636960579271,0.98872724589511773,0.0072655942006755875,4.1863467872629627,-1.9645192070900097,,0.1677356270831448,0.1311475409836066,False,2
-0.68657772672604944,-0.72690143843437849,0.015010794973014857,0.71453034191413278,-0.67842110466488548,-0.17085430995251399,0.13437788377468643,-0.10657909526407369,0.9851819531461834,15.486088779941044,2.5031331206392071,-2.148492252749969,0.4368088831589294,0.3904184756924322,0.9872611464968153,True,5
-0.14686715842611658,-0.98605546870208383,-0.078260145786681223,0.97541231951784602,-0.13122935428720087,-0.17705836186461438,0.16431933759802705,-0.10233996881023051,0.98108393426621132,17.020805566258247,-0.24230230955827353,-2.6114326067798816,,0.2331256520972798,0.1607142857142857,False,5
0.51771274503262554,-0.85188382192137624,-0.079167339095193245,0.8539760610915641,0.52015877866594595,-0.012638514916302357,0.051946132804298516,-0.061063892157158607,0.99678121990800872,-6.9131245362099856,3.9866815907385238,-2.0007335691315875,,0.2604151953233516,0.3483146067415731,False,7
0.81683683265987361,-0.57681083673169431,0.0081760283187131064,0.57412998359243728,0.81149763668804942,-0.10884092791711618,0.056145799044395581,0.093599381828052844,0.99402555549194671,-15.083950155742592,5.6189653203302212,-1.775274451062733,,0.328758949504881,0.9506172839506173,True,5
-0.80170684365587175,-0.59731094569139753,0.022040213079403233,0.58576348331840977,-0.79247662393557239,-0.16988802820198515,0.11894233243896081,-0.1232900428782622,0.98521687301885674,-3.3284822602298858,-0.53925779736116164,-2.9169853218635162,0.2772508696070086,0.2491968548030314,0.9215070643642073,True,5
-0.74426018777493597,-0.66586696559201397,-0.051941861985296829,0.65329783834457511,-0.70962717887907201,-0.26387724686003999,0.1388477846691174,-0.23032683545217339,0.96315670664906083,-7.1579920178545393,-7.7943043771053588,-4.4867858850842817,,0.3819559210017935,0.9961538461538462,False,8
-0.97535459439429373,-0.21914692235272093,0.025652321869030666,0.20995198696597253,-0.95755176595727665,-0.19752159041770723,0.067849674744850028,-0.1872678347592851,0.97996284608223105,-2.0113406055272405,1.761190906308399,-2.3849764230574135,,0.1536616033623096,0.7098591549295775,False,5
-0.85326202516832195,-0.52088262100318794,0.025004230492144595,0.5047658418747859,-0.8370029910197001,-0.21127573902489627,0.13097847640774449,-0.16765228349451822,0.97710662189803066,0.67414150420674934,-24.605763378391142,-7.036940674136007,0.3015715766455921,0.2745433254239027,0.9090909090909091,True,4
0.9239121684898266,-0.37545484761883724,-0.07362039334275057,0.37998626269920982,0.92291511535600423,0.061952643263224694,0.044684953578500837,-0.085213539105760142,0.99536018991958797,-6.2758225671939467,-8.7529561868093282,-4.5517040824893087,,0.2671035915071533,0.2954545454545455,False,4
-0.58849628667432929,-0.80841867890584884,0.011461246295534307,0.79491918416195084,-0.58114027080855035,-0.17429709204648991,0.14756561666534487,-0.093462426892767819,0.9846264081048659,-2.8426050487658081,-12.960392711269096,-5.3996508251928255,0.2455394994872707,0.2030943525271308,1.0,True,5
0.88893779870889367,-0.44573061573544315,-0.10542204808620467,0.45655601283597347,0.88072872646665346,0.12599014850275481,0.036690559683736482,-0.16012847520828535,0.9864140480840512,10.079455349010827,0.60783262649468717,-2.5233035959472732,,0.5136570155514784,0.2327586206896552,False,5
-0.84909630440260442,0.52419443651096054,0.065235408949420301,-0.5262946802507722,-0.8289129490235847,-0.18951842253660561,-0.045270027496998544,-0.19525244088610644,0.97970766504015894,19.306683112215243,10.277193779486316,-0.8777393303301817,,0.2591048028105393,0.6,True,5
-0.47655408195411575,-0.87598338987524449,-0.074493675137860135,0.86646309394317422,-0.45364983984248125,-0.20843111486846902,0.14878815076238988,-0.16387471883596419,0.97519596118889962,6.9144802258695073,-5.8560319517475454,-3.689475957505322,,0.1317694838820941,0.1063829787234043,False,3
-0.69907027763660978,-0.71489748462514169,0.014910848457391405,0.70266401718811866,-0.69067376478537013,-0.17097669310832816,0.13252933967287919,-0.10904740764387447,0.98516223892921417,6.5717120967977367,-2.8241519694636916,-3.1959833036354186,0.3311715197458301,0.3012870758977735,0.824,True,5
0.76649583364395513,-0.64058760838784767,-0.046169827662620601,0.63902079327247774,0.76786859557187281,-0.045058247856453626,0.064316115957604378,0.0050334793550470061,0.99791688096439723,-7.874152632740798,-21.612013294728605,-7.263552505503224,,0.2357034244861512,0.25,False,2
-0.47190421282956457,0.84722324052386189,0.24396556033578845,-0.87377578634219832,-0.41252732951217352,-0.2575598524763274,-0.11756823174557814,-0.33471477876215866,0.93495653790024769,13.646684039041533,10.843518175041691,-0.8091296390814654,,0.2218710722975948,0.2962962962962963,False,1
-0.55472527772840885,-0.82926949515997195,-0.06776408079702248,0.8194458116777279,-0.53040462693600832,-0.21720841017028877,0.14418192665160923,-0.17601998784797082,0.97377026854645277,-8.5528253286820473,2.7288730703780382,-2.2829723814613252,,0.2057185340281891,0.2,False,5
0.73810019889636014,0.6159263802816155,0.27539569797355529,-0.66230840407352776,0.73928921990625718,0.12165125245543401,-0.12866885513880841,-0.27218769884692756,0.95360273820584429,0.18130137936326318,4.7518707635949431,-1.8910221341459652,,0.1694411500287292,0.3333333333333333,False,1
-0.60100688568901262,-0.79920113683918437,0.0082623380074781649,0.78645519211299419,-0.59320051414902564,-0.1720505181969689,0.1424041928908974,-0.096905587497767356,0.98505347720761083,-9.3681073326268987,-1.7914486043174134,-3.1392604083019444,0.4211775758499043,0.3449844877980712,0.9583333333333334,True,5
-0.99357971469144879,-0.10963998331711952,0.027900261860437005,0.10325481081761846,-0.97959479919278869,-0.17243106865486263,0.046236290905273252,-0.16844317573787859,0.98462637683065413,5.1903312554414658,-2.50717838158877,-3.1381218621089166,,0.4667820400480941,0.6284074605451937,False,5
-0.95660023853914433,-0.28780123973929417,-0.045677456489800719,0.28652532335774272,-0.90039810683269117,-0.32739347624356674,0.05309635299710648,-0.32627242546165497,0.94378338705540676,10.134064011641421,0.97958459643033624,-2.472684523981441,,0.1958135379945085,0.1228070175438596,False,4
-0.86960338118529401,-0.49374659195011233,-0.0020645504970198472,0.48443549924925355,-0.85238105809620346,-0.19689788943999437,0.095457878136024396,-0.17222321195601634,0.98042182695272662,-11.664635514330486,-2.6551809029333064,-3.2804526433105416,0.1625833742925525,0.1232441837962398,0.4666666666666667,True,4
-0.739478779092274,-0.67306606365711341,0.012377771419711801,0.66084125356805279,-0.72930650712626388,-0.17720286748778646,0.12829642572887479,-0.12285801812013718,0.98409650671506199,-2.9743404822100881,-2.6998394818338132,-3.3213675305532386,0.3027389049491042,0.2445192442754678,0.9575551782682513,True,5
-0.93802526805641462,-0.34606655585560298,0.018615461475147803,0.33618604071022945,-0.92166279516983429,-0.1936921217584972,0.084187543729888306,-0.17542984614360629,0.98088573573212856,13.768808079874781,-6.4159564937827716,-3.6821173599327457,0.2813597188474584,0.2690285150183853,0.8314606741573034,True,5
-0.8125938652248561,-0.58268734376657627,0.01291005860478644,0.56920965866943296,-0.79816968442606551,-0.19729551272297652,0.1252660156481204,-0.15297259322325052,0.98025905302945215,-9.5222641883987134,-20.763111825464783,-7.2780728106363517,0.379815033538243,0.2901449108717747,0.9878048780487805,True,5
0.0098231654639650435,-0.99980780728789131,0.016966257879872736,0.988298996813465,0.0071245722890378518,-0.1523625064351366,0.15221234614106158,0.018264417753573535,0.98817903880134839,8.3497354630955929,-20.212193635375439,-6.0730830842354466,0.220994019777785,0.2104255423611036,0.868421052631579,True,5
-0.093628447214687036,-0.99560558746325145,0.0017966869849531907,0.98390682878281577,-0.092803826346501597,-0.15269185338449795,0.15218760181667626,-0.012528528541042559,0.98827221443582369,15.195994038997251,-18.660304858762043,-5.7804258767636574,0.2828694875486523,0.2901762951195817,0.8947368421052632,True,5
0.098664562045573959,0.97573682277182372,0.19545576707659909,-0.98268980235259185,0.12648280393491565,-0.13536193209682801,-0.15679941501351236,-0.17871696336920115,0.97132599597432401,-4.034024676374969,5.4115117373442905,-1.6735734232912194,,0.2132334280375356,0.3695652173913043,False,2
-0.83168171307165739,-0.5551119736818626,0.01249899264823282,0.54350530108726336,-0.81848561210807524,-0.18623450395163887,0.11361124870468005,-0.14809456251698411,0.98242581639565385,-13.522288384106462,-1.3235425212352119,-3.0660773762981051,0.2389249898101051,0.2098410509354463,0.8804347826086957,True,5
-0.82737115703632147,-0.55296383816770378,-0.098427446290240972,0.54418306418702955,-0.74585612565280457,-0.38413986056930094,0.13900273794566873,-0.37138879022532167,0.91801340150271138,-5.0455761188993336,-0.009236930428904222,-2.8583587077636321,,0.3639746019887211,0.282051282051282,False,7
0.032040069105309141,0.99451181314003667,0.099597627966949778,-0.98538340218343967,0.048111653299414248,-0.16341609320438974,-0.16731104169514888,-0.09290598657628521,0.98151693464003487,-13.683087244375466,-10.348634711671009,-4.8941072666083754,,0.1606832783532409,0.3529411764705883,False,2
-0.89225208003150691,0.44919304007023469,0.045954743301538536,-0.44938572478537847,-0.87346473147072001,-0.18738151786103158,-0.044030626143287545,-0.1878429546968543,0.98121166336942112,5.5924506094138664,-5.3544673274944952,-3.6817791767727721,,0.07268863050836166,0.2990654205607476,False,5
-0.0127152819926039,0.9789649582658847,0.20363185431391703,-0.98947002388656213,0.017045318074730063,-0.14373075162142099,-0.14417833898951637,-0.20331519278993165,0.96843974461347782,-0.33532442119531691,-1.7444832385490057,-3.1332608124347128,,0.1394090613623641,0.1545454545454545,False,3
-0.696122552725986,-0.71776768998971463,0.014931001074421918,0.70540852723864422,-0.68770645041744827,-0.1716352171124538,0.13346235905775897,-0.10894668999589366,0.98504741888585001,6.5152235947696244,-13.034682763024765,-4.8427321081758068,0.2697463994733706,0.2375626843696135,0.9344262295081968,True,5
-0.63197701932129202,-0.7749723800572641,-0.0047809202205035088,0.76210155920750533,-0.6203371557010674,-0.18542660734155569,0.14073471676620833,-0.12082890136506841,0.98264648581860092,-5.4368809494823287,-2.4856061130394105,-3.413554769548377,,0.0794222035617507,0.2786885245901639,False,5
-0.51698361264144443,0.80110142366468517,0.30160313868163918,-0.84884012307132772,-0.43432427696290921,-0.30138491651856114,-0.11044632055643462,-0.41182390829462717,0.90454556481831516,6.1137805402882943,6.0718299492325425,-1.6072736114744341,,0.5994083038984248,0.25,False,5
-0.13914920188734245,-0.95564748641361408,-0.25956768158893928,0.97911057871759388,-0.093528116021778088,-0.18054076037481204,0.1482564476082375,-0.27926756565121946,0.94869892617090468,-5.6950338837938732,4.914250562677271,-1.7929965705608231,,0.5077198067522299,0.3064516129032258,False,5
-0.29041449845471223,-0.95654709695649076,0.026020576308143584,0.94415543642266342,-0.29086377026432897,-0.15481853578028049,0.15565966388511923,-0.020394078839938556,0.98760019774574892,-0.90393323757150457,7.8092763077826888,-1.2873554284058815,,0.2761540675276871,0.8081395348837209,False,3
-0.85074816827026567,-0.52483104227108479,0.02792724929944513,0.51395670124461312,-0.8418788480272883,-0.16458588788228656,0.10989114354916019,-0.12566774571421194,0.98596731906111623,10.701187814022928,-1.4833219726068663,-2.8864724273512392,0.3532172991647839,0.2849042104643586,0.993127147766323,True,5
-0.68191644718186062,-0.71903093186857225,-0.13410621939001161,0.7250246761418998,-0.64027440977678163,-0.25374770771443134,0.096587670270086315,-0.27026505360702385,0.95792881925046536,1.5891849693387889,6.6889968147440957,-1.5264169269097194,,0.2115137040480443,0.1320754716981132,False,3
-0.63133197007037256,0.72859837010705431,0.26563952763925314,-0.76957751928253393,-0.54630344921561869,-0.33061001677211665,-0.09576212916389848,-0.41315488191773986,0.90561175906982072,-15.955068090081829,-9.0971346046800825,-4.7946368262021117,,0.4123083023324779,0.2222222222222222,False,1
-0.99649521257406948,0.073933772230457495,0.039129127778864375,-0.080648926302679044,-0.97332321279059142,-0.214796820575227,0.022204549155182544,-0.21719972552187086,0.97587460118092995,2.382568557368522,3.9290075182843518,-2.0213231847620734,,0.06672753245033289,0.146551724137931,False,5
-0.96856440575696157,0.23221339943401362,0.089218434328131299,-0.24743610157424814,-0.93629893314288981,-0.24923820620688386,0.0256586737459721,-0.26347911666541241,0.96432379807967605,-9.647054799511535,1.0219896791165157,-2.6210935616443347,,0.1402484819281942,0.6153846153846154,False,7
-0.93254722801124434,0.35869155826867716,0.041182927959680343,-0.36039702007762298,-0.91794366561922924,-0.16581138280800262,-0.021671535425845045,-0.16946914992505441,0.98529718957072332,25.741008073017618,7.9725994074964985,-1.4242509145150113,,0.2714798085690737,0.9782608695652174,True,4
-0.45163220185848235,0.82168515473145842,0.34765192468674405,-0.88391760333502045,-0.35908892915586837,-0.29957438387179341,-0.1213178666105364,-0.44259309467233027,0.88847809640386588,2.6661343670801196,9.2329632804526209,-1.0942486714326296,,0.5390924581036624,0.2377622377622378,False,3
-0.096848949630899975,-0.99510226567577953,-0.019792973559325733,0.98347464551683295,-0.092623156757115854,-0.1555589034992382,0.15296372962545715,-0.034531604064617714,0.9876283034319101,-6.4072091563735398,8.5210671772210489,-1.1308587533225676,,0.2566137072156753,0.8494623655913979,False,3
0.94818030211056625,-0.30682715862767268,-0.082530051605363725,0.31739402827929369,0.92665047675120904,0.20144459473860338,0.014667839041863494,-0.21720034223091386,0.97601683685918861,-2.8577426282282903,6.3572452480159605,-1.5072830490047291,,0.4654202590355067,0.4375,False,1
0.45330049552131596,-0.863073344233101,-0.22276234698534764,0.88196338930053819,0.47047858261134617,-0.02811553374072942,0.12907068099935323,-0.18372344917922076,0.97446726652466553,-11.895047220698268,-5.9571321127390986,-3.9937904204381307,,0.3625627406968301,0.3043478260869565,False,4
0.27433024947244283,-0.95735823535821463,-0.090598694340444055,0.951204930601527,0.28398638491561523,-0.12066860893333231,0.14125188219536305,-0.053074875170517316,0.98854992964538835,23.106946656135037,-1.5124406372414942,-2.9451696719124603,,0.2127745682040827,0.25,False,4
0.32465926138052886,0.93666691702479221,0.13134477740329203,-0.93426196800494876,0.33923433463687136,-0.10988467292120269,-0.14748199598381437,-0.08703535347633283,0.98522784578283229,-2.3287194681194228,9.1552468651497154,-1.0171864693012593,,0.08988374398013413,0.3181818181818182,False,2
0.99927340853791302,-0.025726115617316775,0.028121556931744077,0.018752949757356276,0.97421116699294086,0.2248575748816361,-0.033181046764967241,-0.22416683314330177,0.97398575403035748,7.9577930488547342,-5.3925992513324505,-3.5344624357449388,,0.4737880876592794,0.1776315789473684,False,1
0.42944223938225295,0.89090406573171999,0.1478827532102607,-0.89821613191439031,0.43835421862806229,-0.032455498451445852,-0.09373976425779311,-0.11889291263011452,0.98847222111864186,3.8705571608529095,-7.6153327086421108,-4.0631967275232981,0.5610540617614874,0.2852716752093172,0.2566844919786097,True,5
-0.80317896435224201,0.59154991116024602,0.070514210116580489,-0.58855776460338016,-0.7695991540971443,-0.24762249441040929,-0.092213388112207501,-0.24038686448985902,0.96628714491790813,1.750681936873669,10.688830682953327,-0.82414220668644189,,0.1914257924351133,0.3421052631578947,False,2
0.71888139906827997,0.68738195183106654,0.10351611647731408,-0.68023293094170212,0.72629581075293492,-0.098881519735479484,-0.14315269377868214,0.00066901393837326753,0.98970038834197527,-22.262378955932352,-10.874584109442123,-5.4702084831104294,,0.1779751102216132,0.4117647058823529,False,2
-0.81220442010501825,-0.57171500145016096,-0.11604282433098795,0.57274036779534521,-0.7436615357811327,-0.34487097775443409,0.11087132658863209,-0.34656814238543165,0.93144944662820417,-7.6118654786420468,9.0191281776264578,-1.0795858253370538,,0.3721172720358615,0.1666666666666667,False,2
0.85681956144077764,-0.51037605004130193,-0.073324802602340255,0.51202299789314443,0.85896076967206136,0.0043411741380231794,0.060767497570252432,-0.041263588169452407,0.99729866516025745,11.810406155103063,-3.7493151606617157,-3.2248752123737665,,0.2152098719338944,0.375,False,2
-0.39653308808018356,-0.8919313817088006,-0.21730145047979132,0.90281022100005837,-0.3359706699956112,-0.26843512020695842,0.16641879375664703,-0.30262537769613446,0.93846825511513854,-13.321153106929321,2.8143210430334578,-2.2616967772259762,,0.1900715740540771,0.3571428571428572,False,2
-0.53020194171420598,-0.84784196721840321,-0.0070639667124267821,0.83489844527524859,-0.52061956347085769,-0.17860530845522818,0.14775143681013403,-0.10059457616910793,0.98389544371640392,26.833753661627913,0.38806505361190424,-2.6268232992445038,,0.2922841812717306,0.8809523809523809,False,1
-0.97829201774436736,-0.20440496731773861,-0.034107731579340869,0.19927983089304241,-0.88277210854527566,-0.42544206817587793,0.056853117917090475,-0.42300356229039288,0.90434269459798422,-5.0777464405692596,4.0035050455716501,-1.9298736807321841,,0.3018313887071971,0.2772277227722773,False,2
-0.5377329913083323,-0.84282322262882714,-0.022186605331885843,0.83014960963240914,-0.52468305732550302,-0.18857177673958275,0.14729173665129058,-0.11981946733783615,0.98180875915889321,23.87446223486203,-0.39952230980095182,-2.79600811723809,0.529289146182746,0.3358751382948742,0.8846153846153846,True,1
-0.0052325178592341134,-0.99615144199398808,-0.087492430359148304,0.98829994623943374,0.0081855677006905277,-0.15230302933477677,0.15243305750389341,-0.087265692541313264,0.9844535854398111,-8.9550037251698313,-0.22303878573632419,-2.8607555598929411,,0.4853497044666861,0.4591836734693878,False,1
-0.0069524246279921761,0.90167163142049234,0.4323655084338936,-0.98835576010129667,0.059527415738796219,-0.14003348974459084,-0.15200182652317043,-0.42830451301260852,0.89075849076315405,-7.3344336240972696,-7.0339649100299955,-4.2960955749512451,,0.4204217809449362,0.2857142857142857,False,1
-0.46193369350731278,-0.82634341327859007,-0.32213945137747685,0.87391437392352966,-0.36211777301865183,-0.32425975006753138,0.15129748792540418,-0.43130880097106983,0.88942778703633962,3.2833194223563664,6.6171947820569059,-1.5485653844690506,,0.4652459584267786,0.1868131868131868,False,1
