axis_00,axis_01,axis_02,axis_10,axis_11,axis_12,axis_20,axis_21,axis_22,location_x,location_y,location_z,dbh,dbh_approximation,score,reconstructed,number_clusters
-0.91887728822749726,-0.39303412626052231,0.034477598151675483,0.35584865698983348,-0.86332951565098681,-0.3578182230188458,0.17040030075740012,-0.31652223144743002,0.93315455016911719,8.1006099431799097,-15.468504032739553,-9.1523882284589089,,0.2688464362298324,0.9183673469387755,True,4
0.22358766841150879,-0.97428510024001702,0.027876477263214183,0.91855029192394055,0.20105886218435778,-0.34035377938782541,0.32599680326768582,0.10170485429630528,0.93988414545188437,-17.047161838761472,1.6525990062861498,-2.7338888954011082,0.1881226368378117,0.1640397866300526,0.9285714285714286,True,5
0.94931169390478065,0.31054976055191369,0.048643129389309786,-0.27942799190691392,0.90459801428278741,-0.32190438004865368,-0.14396980639879189,0.29199534033403263,0.94552176921988795,3.9051110254194672,-9.7761664666593902,-7.1077829434678002,,0.195867545549558,0.9719626168224299,True,5
0.98119104230833099,-0.19041035372670281,0.031749577754086884,0.19128893604298208,0.93695571641779019,-0.29244235059164997,0.025936103050281715,0.29301515774051262,0.9557559499646695,1.6611827956783543,-9.7283333660417419,-7.0369540298944804,,0.1737924761160277,0.8009950248756219,True,5
0.9658493958026958,0.25347212040487466,0.053729217424265507,-0.22471189043281822,0.92267598799733685,-0.3133266466026266,-0.12899422826497448,0.29055275829114913,0.94812424487707758,-13.340611666167087,-3.8023351304853037,-4.5679321495947027,,0.2030940117635014,0.759493670886076,True,5
0.98687441192129655,0.15381687834357827,0.049186004428421679,-0.13165497888902636,0.94270849843991744,-0.30654143847592119,-0.093519311528292723,0.29604231945077353,0.95058565288220143,-7.4554266494070314,-15.079723810773537,-8.6349070688115521,,0.2080422290744153,0.9722222222222222,True,5
-0.37204182765026217,-0.92793219059760323,-0.022950558411217393,0.87958836949880592,-0.3445455186543388,-0.32804372546605071,0.29649482073231143,-0.14223303142360008,0.94438370700206864,16.230150204317326,-1.8575644616941505,-4.492598966290001,0.3284839838546018,0.1562830204114753,0.1818181818181818,True,5
-0.99068348612293289,0.12014043102547582,0.064128832488401538,-0.13617341382810058,-0.86787747719674879,-0.47775044316149773,-0.0017411748084276528,-0.48203211657276462,0.87615181726836999,13.959834554205234,-2.9060591186109468,-4.8845513282087731,,0.2821922874840868,0.4520547945205479,False,2
0.33534733710133907,-0.94182340443450996,0.02260173352709401,0.88897800550036532,0.30840709668750477,-0.33853089733342773,0.31186578721564279,0.13361787893905852,0.9406837902250651,3.4835094743844048,6.4765824321277599,-1.542017172460483,0.2702266045677797,0.130620151801685,0.7898550724637681,True,5
0.46336136148144763,-0.88611241097839732,-0.010052054322918204,0.83899970882556729,0.44232045673497117,-0.31691024304111648,0.28526432878415159,0.13841029103292096,0.94840226384140891,5.8813559783233007,-12.14217747659213,-7.9405604992875327,,0.2074114614615723,0.8448275862068966,True,5
0.61994864716800679,-0.78044889257017358,-0.081013585037001928,0.73834712633819854,0.61519345391558911,-0.27637028654964368,0.26553191126996845,0.11151923755746025,0.95763054658460023,-4.9879310540474222,11.903434187301093,0.33093180031848252,,0.2056421598318534,0.3333333333333333,False,5
0.94819110371421766,-0.31609201583697083,0.031929114634366255,0.30977782975376067,0.89756023316876088,-0.31372491776569206,0.070507638098751657,0.30736210787629653,0.94897692680674584,-9.5006644147417045,19.201496299076943,2.6506829701099774,0.3184733843249541,0.3192663432231068,0.9782608695652174,True,5
0.44458296040627732,0.89461153155742457,0.044902103746583918,-0.83410820846686984,0.431746525710409,-0.34330516178056425,-0.32651108386175592,0.11517441183470258,0.93814997040662518,15.153822845634872,-16.771266888988528,-9.7848466309267224,,0.2261341088576275,0.5333333333333333,True,1
0.86055995455990586,0.50670339921078045,0.051848142069828511,-0.46453738515247334,0.8225219649699923,-0.32811984843591074,-0.20890567824632073,0.25828140151807849,0.94321213691634687,-7.1111482096578174,-17.742132338985055,-9.5237576316551049,,0.2305785543170697,0.96875,True,5
0.93382805469870889,-0.35587559051672357,0.036300527985123732,0.34739995334497892,0.87799922171662126,-0.32928807916612213,0.085313754304520248,0.32010924813160424,0.94353146878473948,10.425114941793465,3.9240087637583256,-2.4568829202148788,,0.2710691280707076,0.9552238805970149,True,5
0.69340593535184669,-0.72026157364236321,0.020284830614480991,0.68593953988662582,0.6512204099971306,-0.32465200634416908,0.2206244692661169,0.23902979550130732,0.94561598993653284,-12.267608060566102,-4.2892575196093308,-4.7521127256328031,0.2245709363249268,0.1942544390365952,0.8877551020408163,True,5
0.99618902152637501,0.069413799868908832,0.052812477484809175,-0.056090955628527797,0.97353803974132869,-0.22153439884878018,-0.066792500230212423,0.21772783369236678,0.97372139359707366,14.350094519410071,-0.079037654592927886,-3.8858082688890909,,0.1492939371826922,0.2352941176470588,False,2
0.76494524831907373,-0.64337506725542648,0.030451435239509272,0.61531722456908777,0.71597639082529074,-0.32979163259455996,0.19037720510256792,0.27100983490431862,0.94356249881100551,12.438064670778946,12.810160902973264,0.44593914763094283,0.2234276897187119,0.2652944116834175,0.9473684210526315,True,5
0.73638659584460775,0.67450848333497604,0.052660111750172864,-0.62354557617480644,0.70682786331171599,-0.33404383855868808,-0.26253703718374516,0.21314942541640675,0.9410853449881349,23.100708395268096,-7.837354788482167,-6.9252424732734594,,0.269491279099432,0.9836065573770492,True,5
0.092172042265465784,-0.99572634140032379,0.0057764752347960573,0.93589440826079728,0.084649744356458834,-0.34195917499981981,0.34000878107893684,0.036925246402849818,0.93969705488912947,-17.391540494832192,-2.1325195505155103,-3.9770491623017183,,0.2144114583790563,0.72,True,5
0.11734738506536167,-0.99306161171082585,0.0076306333038700016,0.9323733265338604,0.10752401208840202,-0.34513557740777207,0.34192041645170124,0.047615356458915084,0.93852182001421014,-10.205791008624146,-12.518379304938833,-7.7478555577103494,,0.136366273252238,0.7887323943661971,False,5
-0.91827762800024715,-0.39499672410128028,0.027272437798908856,0.3563880987500237,-0.8545987361721421,-0.3776883943177492,0.17249266936186444,-0.33710323060189368,0.92553103185910712,-14.269794398750513,-10.008221314048635,-6.7923417679844738,,0.1652053218163251,0.1666666666666667,False,1
0.95212547856252616,0.30019124380869383,0.057812543731177959,-0.26858429222428148,0.91173436053246126,-0.3108101249876612,-0.14601216059788205,0.28040269785623179,0.94871216709415362,-2.6955302151098279,-11.31158701444155,-7.4051575364851088,,0.1127472705665653,0.5714285714285714,True,5
0.87708541816736407,-0.48032938767513883,0.002201947730217764,0.4633867468950274,0.84492326440710308,-0.26716549190658717,0.12646696027114884,0.23534731058431693,0.96364814707470137,10.966353018804174,16.075940902281285,1.6856062341515856,0.1907981011976595,0.1517717868580007,0.4651162790697674,True,4
0.9293342233809827,-0.36820222653784757,0.027659024303766828,0.35825618241390028,0.88102232924255197,-0.30895333488772314,0.089389087785271937,0.29702992399520772,0.95067492616367966,-3.9273245984694953,6.2692767696925245,-1.3804894548399878,0.3246871454200641,0.267734652187584,0.8605577689243028,True,5
0.44171919346749594,0.89426401415755052,0.071944611370484718,-0.83814441508559934,0.43993969157733914,-0.32243915276475832,-0.31999702120995471,0.082127588285916001,0.94385219481606109,-3.4595785192788333,-12.583288551813997,-7.8907671070747831,,0.2291386204723088,0.9548872180451128,True,5
-0.9297693077683713,-0.3680170323259892,-0.0096176010468510265,0.344703320038657,-0.8611016088786243,-0.37374274620515768,0.12926196457679121,-0.35080975343427617,0.92748253967885141,6.4814484901963052,0.22116779831911459,-3.6100037151247513,,0.1070767199153896,0.1968503937007874,False,5
0.12760585781767977,0.9899003933613848,0.06175723660908676,-0.92911843384111081,0.1410949352775509,-0.34180572718382912,-0.34706725709472597,-0.01376337393230127,0.93773924338845072,15.877144559366883,4.9392787859496199,-2.1553354079807967,0.283993913598119,0.2688786985848384,0.9876543209876543,True,5
0.94227045621795336,-0.33436315874892536,0.018101530605207711,0.3252578424136211,0.90108407673819957,-0.28680101568387606,0.07958469254351902,0.27613178868125221,0.95781914367611509,-8.3117253937167099,10.269739382436212,-0.13994094568690973,0.1197338754821979,0.1195542648823598,0.4545454545454545,True,5
0.85105758605521542,-0.52463995747174419,0.021304934684637705,0.50517005060485209,0.80705955365922588,-0.30570917032248607,0.14319289503938856,0.27093872346236908,0.95188654940534856,8.9503486665111236,-15.612488011524373,-9.2147097637521203,,0.2161083033339121,0.9107142857142857,True,4
0.93148066048522149,0.35968197673355873,0.054522057509364397,-0.32567735191360253,0.89125609229668346,-0.31558967092506129,-0.1621050325947905,0.27620907580505888,0.94732808722762807,-9.1848504674308256,-14.010422176042512,-8.253269567253021,,0.1708016807187559,0.3818181818181818,True,5
0.7393901100588175,-0.67318868190881376,0.010920791962250405,0.64225613817128169,0.70036323580984827,-0.3114456467945404,0.20201316325556679,0.23729377673220178,0.95020121310996397,-13.496192055116198,-2.5999380205903266,-4.1534345420343239,,0.1201708622510156,0.8085106382978723,True,5
-0.26252535309740344,-0.96392437196854364,-0.043934543426920727,0.89846320146072034,-0.22758398808500688,-0.3754589245021035,0.3519152093928824,-0.13804105727055238,0.92579714403620395,-5.9862708107227309,-10.761028974478323,-7.141295165283938,0.3587193801889893,0.1596338863823845,0.8295454545454546,True,4
-0.63375445839978062,-0.77352970949744737,0.002659884057149748,0.70884153377562087,-0.58212504685956401,-0.39833918940191876,0.30967558259092387,-0.25056380094408504,0.91723432949461003,-2.4883508637989551,-17.406394757457953,-9.5747373970545127,,0.1685098933281185,0.2340425531914894,True,4
0.55028283677186218,-0.8349209037635531,0.0097920382436147441,0.79143439057191811,0.51781216417786979,-0.3248109727972382,0.2661210344455503,0.18648765934528441,0.94572826326463788,-9.1470904398348782,9.1360186253331879,-0.39772832674746045,0.3292399342623746,0.2716277621272509,0.9159663865546218,True,5
0.033862215298607536,-0.9993080906865639,0.015384741253746483,0.9377505939586992,0.026444856215692827,-0.34630115955601171,0.34565470328809011,0.026153574671644704,0.93799723700377557,2.2940722320152864,-13.454595873004088,-8.3091279000628759,,0.1115411677721595,0.7380952380952381,True,2
0.96974635035879808,0.2394665170010121,0.047411002954955331,-0.21130174676204386,0.92066992853827145,-0.32820489713080625,-0.12224396828105613,0.30825747342236171,0.943415996418421,-9.8604743321140802,-7.8410068412682863,-6.008264635838235,0.1632831800109308,0.1928936619472553,0.9245283018867925,True,5
-0.98878024734620895,0.14019492349899765,0.05156554938212142,-0.14905769507167019,-0.90343677379157439,-0.40197487396725762,-0.0097686231317850487,-0.40515105724430944,0.91419756880880387,-9.8453263634958095,-18.133906723699987,-9.6484707955067694,,0.1498267487675294,0.2,False,2
-0.94969822259777747,-0.31258610211859278,-0.019058193957656039,0.27961096807274188,-0.81896022951655878,-0.50112059327432346,0.14103543004524433,-0.48124221680198687,0.86516757696960822,9.3954142324695251,-0.8640085367848207,-4.0999850174123198,,0.195668530488519,0.2197802197802198,False,5
-0.17505186976832779,0.98233570080239596,0.066131791293430428,-0.92765199169147528,-0.14205648251511885,-0.34537188375180583,-0.32987668180920515,-0.12180528192363883,0.93613292223596711,-4.8336436894883628,10.877585088880638,-0.049707198486287837,0.3486356188544968,0.1131311609980893,0.8928571428571429,True,5
-0.16540541790382732,0.97478077910417427,0.1498114829281062,-0.92142211859721646,-0.098588196241360421,-0.37584790397405599,-0.35159966878237597,-0.20020689361491273,0.9144915924497008,18.866474287294825,-3.784525891553054,-5.2965876977291142,,0.2318642059602287,0.2916666666666667,False,4
0.56476812081051952,-0.82483981868526901,0.026004677029483923,0.78226299822415268,0.52504642985615402,-0.33524744309937249,0.26287177734689343,0.20967956506669888,0.94177115514753718,-8.6711009001616794,-8.1622717168858596,-6.1701184075756137,,0.1992984245985739,0.952755905511811,True,5
0.93953031019296318,-0.34204036387822495,-0.017064164402825502,0.33263835579073209,0.92328699305239659,-0.19207512258775955,0.081452565862308479,0.17478420391533045,0.98123185923416256,-6.1710852083265033,10.268613099730679,-0.19873297990955194,,0.2839631957099515,0.3536585365853658,False,6
0.70531554588439971,-0.70882122460358488,-0.010121871628614103,0.6804279970771423,0.68093023665875574,-0.27083528868565165,0.19886608943553069,0.18413713464514941,0.96257248772094806,-4.8282096875946534,-23.752794137484898,-11.668222679404831,,0.2358781314102078,1.0,True,2
0.57360727582572479,-0.81910033724294085,0.0070235780262395166,0.77708081900881354,0.54142951386238558,-0.3209353240877853,0.25907545975715618,0.18954872473124323,0.9470750694133897,-16.702309350278693,-0.35458203140731936,-3.4317519352363504,,0.1530930467506194,0.5769230769230769,True,5
0.98432298600120882,-0.17232614448596412,0.037576044979035869,0.17531583783341492,0.93263128281929186,-0.3153779436035592,0.019303270045039587,0.31702143497474194,0.94822191154398239,-8.3589576612294927,-4.2100813868778104,-4.8246711345237063,0.3159954181915714,0.2379731563546145,0.9482758620689655,True,5
0.7834578780054231,-0.62102588112218937,0.022816843945835687,0.59396495094189716,0.73751151543464011,-0.3213757950653589,0.1827550011458797,0.26533680403914889,0.94667681390137615,13.653032975330738,0.43874047011500594,-3.6904751652115446,,0.2685491396414725,0.8832116788321168,True,5
0.32239195792987763,-0.94659039509882958,0.0054817304549451516,0.89362055548261254,0.30243089375864657,-0.33162909600831592,0.31225907237594652,0.11181314058279034,0.94339392266005506,11.940387568460737,-14.476793899416844,-8.8927638628147427,,0.1265902111069138,0.2903225806451613,True,4
0.98638220203590798,0.15401074373418741,0.057713450089519572,-0.13206583042217984,0.95082272161895065,-0.28016917833343336,-0.098024323214664769,0.26873191635452148,0.95821416666146875,-6.2375879685213693,-13.620898666358631,-8.1768552306678473,,0.127931777077061,0.2222222222222222,True,5
0.95942060203461421,-0.2799083570026622,0.034108944158506294,0.27587731698658668,0.90674012500748724,-0.31892640479221629,0.058342217679997796,0.31539444729017724,0.94716552315564317,-15.637170295039331,0.12107357972314881,-3.251118084621893,0.2464635493254497,0.2412959934339921,0.9382716049382716,True,5
-0.28822929902145211,-0.95730855534821058,0.022004568678422112,0.89433578730890861,-0.27733880690771806,-0.35106507334332954,0.34218031901930912,-0.081507766747252991,0.9360924704513538,-6.173164876945437,-6.8143529340464841,-5.7540845495768007,0.1632216377159356,0.1766751092212489,0.9681818181818181,True,5
-0.42183570973407397,-0.89864131144441861,-0.12040941557289078,0.83908400128713245,-0.33661803057936607,-0.42734803178772718,0.34350061539555521,-0.28130427450418199,0.89603305316743231,12.05626563940036,-0.93021957554045098,-4.1071680229410577,,0.2052737925371425,0.2,False,5
0.10529585565700328,0.98645076655004227,0.12580805997349723,-0.93607410220699749,0.14102349174419213,-0.32230055841348015,-0.3356755248135091,-0.083828753713218102,0.9382402049006775,-1.5168100095802519,-26.623058240144097,-12.844525947499484,,0.1957187395524651,0.4285714285714285,False,2
-0.088348296161807199,-0.99214324124916475,-0.088579723463702492,0.94719343002683443,-0.056158932259759237,-0.31570679505110921,0.30825182023680708,-0.11179428952788323,0.94471310573615441,-13.966505325964009,-14.928877005911412,-8.4576409520393216,,0.3196587340734001,0.4,False,3
0.88538473756128122,0.46062621442743973,0.062588793531966863,-0.42047505660235862,0.8509720045849325,-0.31471792797351866,-0.19822863887133979,0.25232942356163696,0.94711945853533597,16.30380181337334,-3.8118176880708852,-5.2125795608285745,,0.23492071533639,0.5393258426966292,False,5
0.7038250599665592,0.70531018641333298,0.0846630137938542,-0.65590583668197922,0.69099547219175483,-0.30383020063352206,-0.27279629464049115,0.15831234428206448,0.9489569975917429,19.494558913637555,5.9324895510397369,-1.8531326658420022,,0.1651174088491461,0.6428571428571429,False,1
0.1276831632206962,-0.98880679750992062,-0.077188904825324214,0.95278211997962803,0.14390457164621237,-0.26739054977026955,0.27550542948748558,-0.039402937168389149,0.96049162769147634,-12.774321057886363,-6.759913094514209,-5.6989285564722687,,0.2026916576705856,0.3333333333333333,False,2
-0.8468873259451335,-0.53099028066642784,0.02883017501312728,0.485801133861198,-0.79458748645086674,-0.36418125255820949,0.21628480180695445,-0.29441475542757761,0.93088175204686685,-10.425261312378174,-6.6744797491414189,-5.6038607316470195,0.1924753235062239,0.1871587707872532,0.9154929577464789,True,5
0.11063022668913755,0.9908803545602578,0.076922531739712585,-0.93326321338577589,0.13018578059411112,-0.3347707231404165,-0.34173195268157963,-0.034753208163262647,0.9391546661965724,4.2672874068674922,-14.389318372125855,-8.6911376070338662,,0.07480574306425615,0.3095238095238095,False,3
0.84097816175721285,-0.540893525350569,0.013781352665527491,0.51672602414814173,0.7953275016068051,-0.3169359259470767,0.16046790151152501,0.27365737596803419,0.94834682113811986,-8.751860229236593,-15.394912234806974,-8.6887949755270633,,0.1445863974167022,0.7111111111111111,True,4
0.80111712060581752,-0.59849247994721022,0.0042556455304244359,0.57472429879260489,0.76727861409527698,-0.28456195938561057,0.1670429269666667,0.2304132804303331,0.95864820489673896,-9.8060197797173547,-14.370827421848027,-8.3599949961305633,,0.1077134823528142,0.2926829268292683,True,5
0.64858226841500499,-0.76101858290414159,0.013847655838366306,0.72380584060775621,0.611035020468228,-0.32053285145752358,0.23547005372179519,0.21791493807438611,0.94713617477334844,-0.17998057382045138,10.95450200054249,0.075768658842773007,,0.3423146673244356,0.9819004524886877,True,5
0.77862551714609474,-0.62594043490574924,-0.044055374234900344,0.58101508763232079,0.74569538059919172,-0.32612860545593447,0.23698897019182719,0.22833521695749637,0.94429828799187698,14.071932652294866,16.765282142921375,1.8317884313683042,,0.2490343365091605,0.88,False,4
0.9121703465933062,-0.40838737612617476,0.034132240134878991,0.39731313289370973,0.86086683339273407,-0.31788452242056592,0.10043671254094341,0.30352602225368452,0.94751486562946496,-3.2520524214508799,-15.769050617481218,-8.9253834213700358,,0.158199489690631,0.8157894736842105,True,4
0.78801968787453824,-0.61277190639069246,-0.059460594181617289,0.58859315330717876,0.77818303208618789,-0.21906453033994011,0.18050781534888416,0.13762906419598525,0.97389689869436902,9.8527153091853243,22.805068659451887,3.8716085778238476,,0.1873172723201849,0.4166666666666667,False,1
0.40889626877738477,0.90414955018916876,0.12376361449414836,-0.85047343628765248,0.42672356421957969,-0.30757427380847457,-0.33090599201133358,0.020508306425980345,0.94344084807609063,18.57852256393862,16.415219785374365,1.6894742095252668,,0.1423893100821045,0.4814814814814815,False,1
0.044186837368236004,-0.98408021806875823,-0.17214426452582601,0.93150866784663011,0.10285437870106648,-0.34887329864667649,0.36102510318534442,-0.14493826681646949,0.92122406269172585,-15.24176739684038,14.404602329279166,1.291535503366946,,0.1976480827298033,0.3333333333333333,False,2
0.63663019388528186,-0.77080395596945372,0.02373305069787749,0.73307113721370332,0.59533852770225992,-0.32890537426061123,0.23939236415933551,0.22678910665008764,0.9440646148898173,7.6066902553885809,-12.503608274480106,-8.0441748424623878,,0.210191854929977,1.0,True,5
0.86306132846914785,-0.50482837146387671,0.016536585687501951,0.48516887066130943,0.81945617056801423,-0.30512743478624815,0.14048597881034169,0.27136672582160187,0.95216794205358779,-11.01773202229384,-5.3263911608239018,-5.1406644214182471,0.1951319970940684,0.2159155777179942,0.8309859154929577,True,5
-0.92411617200626917,0.37711636985178087,0.061583636026889627,-0.37004672826857538,-0.84305931191757033,-0.39027735712797118,-0.095261322341236049,-0.38345044031645797,0.91863542294367895,12.503780883216193,-17.074873455046163,-9.8186088216190992,,0.1277682812311831,0.2692307692307692,False,3
-0.017575047260655736,-0.95289088803305866,-0.30280368758876391,0.92983100140139385,0.095758216020283601,-0.35530926373723043,0.36756690077680515,-0.287800833161026,0.88434453347389053,7.4048913454347147,1.0989337162264099,-3.3907306409420142,,0.4243790503221498,0.2937853107344633,False,6
0.74518026650750258,0.66224995662667541,0.078303035418642974,-0.61209635742451629,0.7258507818277079,-0.31381314782485381,-0.26465906301399467,0.18591836237464868,0.94625046520278289,-21.698903239425654,2.8037961213919242,-2.2666487563082409,0.2508874200357782,0.164412852352074,0.6666666666666666,True,5
0.36052810984468836,-0.93234009445753663,0.027594026142062078,0.88052903385498615,0.33043557093361459,-0.33982488725839621,0.3077143197029053,0.14681376546049302,0.94008383441110743,-1.9832272298681222,14.905019273212782,1.3436069754649709,,0.2820942964992436,1.0,True,5
0.78023414925605616,-0.62517835770304286,0.019664521209642499,0.59758012626481294,0.73576785931585531,-0.3186591437431131,0.1847502774774874,0.26037987298846638,0.94766537169746889,1.1867213263100624,-8.5305226404676198,-6.5968277852070294,,0.1740960763672453,0.8707482993197279,True,5
-0.13818132801805075,-0.93783493737245438,-0.31838899294851813,0.9276343581081673,-0.0099258018056094244,-0.37335770531189427,0.34698763413760914,-0.34693963264827427,0.87133947061605366,16.576853478156114,-1.8543933280914089,-4.5066421865908852,,0.4237413583756295,0.2,False,1
0.94441200663614622,-0.32688550007526501,-0.035097458056559894,0.3262650413622713,0.94501498595082678,-0.022311412174803202,0.040460900958375581,0.0096200919383577291,0.99913481038583307,11.180347276278241,1.7779730777150238,-3.1857658406101055,,0.3853195729624409,0.1807228915662651,False,9
0.97402022494016038,-0.19301645135744883,-0.11844513883184971,0.19801126450502837,0.97968223007903799,0.03184756186086235,0.10989149437803739,-0.054473641082081144,0.99244973771502509,17.133875966642744,13.558622061227704,0.71229768844154329,,0.4069595047270004,0.5652173913043478,False,5
-0.91916945308853082,-0.39201258045990883,0.038126805138834666,0.35441431207849311,-0.86545045841019308,-0.35409885545072728,0.17180806704826038,-0.31196416588888887,0.9344304935619292,-0.58731406025234967,29.170506858286746,5.8257737278597075,,0.2147128984468749,0.9411764705882353,False,1
0.79750001304984541,-0.60302386945206887,0.018866426703255938,0.57706745462226094,0.75330233509294131,-0.31548176612810075,0.17603091206171753,0.26248391343961408,0.94874407148827222,-11.599944467444816,12.189764787490326,0.49414923333540217,0.3256928740295928,0.2834208309317705,0.7702702702702703,True,5
0.95872620851606227,-0.28283598091338141,0.029118121594325058,0.27813544996746137,0.91164339039059639,-0.30256734825247933,0.059031589643294469,0.29817802846270319,0.95268312400623623,7.0404538594408894,2.0454573514763865,-3.0454664688925113,0.3868624205327902,0.3229129556473074,0.9981308411214953,True,5
-0.98009750916851501,-0.1971567241964805,0.023196952941818092,0.16782744842310235,-0.88531823145238975,-0.43364222189934798,0.10603216529649348,-0.42111857613043546,0.90078650342931521,10.081855836210719,16.928496261153139,1.904612789848837,,0.526991298927189,0.2923076923076923,False,1
0.70944360793253392,-0.70475802282736488,-0.0024282553679657246,0.67105119643593836,0.67655753242985883,-0.30324939748384633,0.21536030025416572,0.2135088629843816,0.95290813119710138,-4.7627809232025147,-15.494008662130941,-8.8191974200652172,0.1803009772461801,0.1524953503345775,0.2962962962962963,True,5
0.31369450935727122,-0.93965945519795824,-0.13651323399647389,0.91365623030272014,0.33785097513763562,-0.22602878451111219,0.2585112137376695,-0.05382217810181783,0.96450771148615111,-15.022271949229756,12.206190874857107,0.6539940455723009,,0.2261356373949683,0.1621621621621622,False,4
-0.36780793923065319,-0.92981347662094349,-0.012814777913583757,0.86695914955531084,-0.3378955459701723,-0.36634469153496885,0.3363021748981595,-0.14585437500326698,0.93039096537486565,2.1887889205624331,4.762661963732203,-2.0904855269442759,0.2237864154508404,0.1658892619712097,0.7580645161290323,True,5
-0.98976433861355606,-0.13803796166817742,0.036222577867460859,0.11565527180577373,-0.9245515750661808,-0.36308159295973169,0.083608684431714486,-0.35517588062977823,0.93105299618574844,3.2326298520729098,-16.799597590058696,-9.3943774778303268,,0.1749503060788484,0.9787234042553191,True,5
0.9411654317842082,-0.33128425127181016,0.066771063146541465,0.33712665980358475,0.90662327516848851,-0.25373185092226702,0.023521166300194438,0.26131395252078976,0.96496723931636119,5.9442143746975145,14.142802768601973,1.0095553578493737,,0.3288236647798697,0.961038961038961,True,5
-0.097057147262907706,0.93399881262359752,0.3438402655055029,-0.90532579262796242,0.060673452526113975,-0.42036167922529749,-0.41347928529460426,-0.35208656631043156,0.83968442313525871,15.705849258868291,-4.5164830056992056,-5.4627255901661362,,0.2873900593575008,0.7,False,2
0.99776552505337524,0.050123275302165232,0.044177078762005564,-0.033890988697481757,0.94951855217830339,-0.31187484662012138,-0.05757914466252733,0.30968076521185556,0.94909560411885274,2.5942576770903409,-10.061691403480101,-7.0275987266254312,,0.2010336739059593,1.0,True,5
0.998985781487566,-0.01700818016571333,0.041690888610424998,0.029549973285681857,0.94626831290998681,-0.32202962450883671,-0.033973628956761745,0.32293498074680216,0.94581118133883924,15.85011796108973,8.6256183286248067,-0.95748991843024267,0.3120136076717495,0.2673204822980259,1.0,True,5
0.94825287370984102,0.29806042244673142,0.10943706900271077,-0.29613437854384678,0.9545469487181143,-0.033831236119702457,-0.11454657282292491,-0.00032751154711380126,0.99341782518269151,10.81075776416858,0.57906968690697092,-3.608579936771461,,0.3853064084683653,0.2222222222222222,False,5
0.86565325209340327,0.4563600840266302,0.20586384055321794,-0.4503547609790795,0.88943799974856941,-0.077978419237241053,-0.21868936051758389,-0.025209488500759207,0.97546883358000713,3.2389217596811761,7.3998966718327557,-1.2253423591451442,,0.3816390627778023,0.2156862745098039,False,5
0.51764365382486044,-0.85552540605476035,0.011014864941679187,0.80934614254787673,0.48544590049454783,-0.33060716755071673,0.27749571023300212,0.18005154064287487,0.94370417690842456,-10.311078874092027,-16.689231231483095,-9.1491539478660702,,0.1907365813465409,0.4090909090909091,True,5
0.67086303683311266,-0.74142743679597523,0.015104362853274315,0.70617538475722119,0.63248269825284464,-0.31824827159592117,0.22640475210128425,0.22416733119915253,0.94788706914326315,1.5362469631726494,-11.85487403565112,-7.774987411742778,,0.1713850404215275,0.9193548387096774,True,2
-0.046163267529612022,-0.96810857071116629,-0.24624123953264057,0.93426738839981838,0.045407461553919046,-0.35367019864248039,0.35357234012797378,-0.24638173177167819,0.90237610925024847,14.16848937802699,-3.0077179347836509,-4.8985964365015775,,0.2672021491731811,0.351063829787234,False,5
0.66397585376123502,-0.74775368185292679,0.00070490951850930503,0.70811240706855405,0.62847253519503377,-0.32186812743902438,0.24023506109145706,0.21421181989077343,0.94678424767286118,17.034836458965131,12.546129813439137,0.34726681162659884,,0.1372754587835411,0.1818181818181818,False,5
-0.36450698306968365,0.92480481261989789,0.10895282395841929,-0.88871941598048743,-0.31055258438121952,-0.33724604073798709,-0.2780511804555772,-0.21975702693935034,0.93509057858479083,-2.7712833205180645,-19.724860449205767,-10.344920402289146,,0.2060095532265432,0.7209302325581395,False,2
-0.040306569647966285,-0.99910547215062651,0.012792027278259784,0.93728245169663393,-0.042242490712567013,-0.34600170190325119,0.34623256083846476,-0.0019563990065407065,0.9381466763348717,4.2198977160449402,-12.044408073158001,-7.8329034889920273,0.2333632469216383,0.2219386602847627,0.952054794520548,True,5
0.8819217992260705,-0.47044229928153281,0.029966366088577192,0.45406703300852141,0.83070626034428263,-0.32210283848431792,0.12663755203212101,0.29767625379180157,0.94623029878766318,9.8704258394600028,9.2568768764613338,-0.63040312138614718,0.3408487708508581,0.2669213740231612,0.9781021897810219,True,5
-0.31365081204398509,0.94428097602099004,0.099782796257644454,-0.89582302630214827,-0.25942579721232278,-0.36083148599811926,-0.31484007631019412,-0.20256281511076174,0.92727775357947329,9.7707478754084853,-19.423314587195154,-10.631911909540777,,0.1620674373640296,0.5625,False,1
0.82639940092340147,0.55022976730313833,0.11962956711021169,-0.51541387098082703,0.82471929926372833,-0.23278019465260244,-0.22674340509483765,0.13071067513970863,0.96514358913610343,-20.271824143059515,-2.2044548686496412,-3.9825005687126418,,0.3098797683548175,0.34375,False,1
0.17653147222369095,0.97889363989826361,0.10297514788172274,-0.92778980223339214,0.20042077801943237,-0.31470239053716542,-0.32869852781273207,-0.039984415774297156,0.9435881115767244,1.5003732829852914,-15.581058991412737,-8.9867667661248074,,0.1682501350157806,0.6595744680851063,True,4
0.63105961459178805,-0.77546981317792973,0.020256645355312485,0.73698119759614389,0.59117920837413107,-0.32766729769064429,0.24212079055921179,0.22170636534822918,0.94457599500678613,2.2147254018709006,20.080531870576539,2.9661820246522335,0.2405397861693301,0.3170644080940859,0.9807692307692307,True,1
0.99822556233957183,-0.035854564893854496,0.047541317484033487,0.044583593485698014,0.97927299193565887,-0.19757710003258241,-0.039471887258494716,0.19934607455792902,0.97913385840476252,-13.046236946920365,-8.3832242851272838,-6.2345799478326756,,0.1893939972279498,0.2258064516129032,False,4
-0.72184489010294006,-0.691647776227165,0.023734116210461134,0.63839932342262551,-0.6787283329266236,-0.36300709901623196,0.26718206991826421,-0.24688297576516671,0.93148405128135603,14.475467098516662,-21.012507728699134,-11.306350257646503,,0.2216308009526179,0.7777777777777778,False,1
0.99888144528390344,0.017966026483543888,0.043738771815544121,-0.0044329139879895263,0.9565123399230111,-0.29165817809309019,-0.047076613526407365,0.2911380522490975,0.95552207038429349,-2.6364323322644299,-25.324370315997395,-12.266619469316209,,0.1326313627204742,0.4666666666666667,True,2
0.3798713421436451,0.91438672413740574,0.13998100635175034,-0.86261647937067509,0.40480430820044611,-0.3033583385709045,-0.33405175188303793,-0.0055127836545152097,0.94253861262032745,-22.359112846993671,15.627472363432105,1.6060899033408791,,0.1740069191801132,0.2857142857142857,False,1
0.27761063605763192,-0.9601864214568393,-0.031214913063870451,0.90061165821851641,0.27142166569411708,-0.33945385617595264,0.3344113871096055,0.066123486309622947,0.94010462648031368,-22.876248567722225,-1.5824355047867056,-3.772219502722268,0.1752034319106067,0.173219455764257,0.3888888888888889,True,2
0.56780971146273229,-0.82305818993895996,0.012936287837368773,0.78118598047156274,0.53383562541545504,-0.3236788361199624,0.25950066567022939,0.19389363324176606,0.94607857152829311,1.3341747642645669,-16.486226328202129,-9.2819512002773443,,0.1794252355204319,0.8478260869565217,True,3
0.90149633809588947,0.42915139862423296,0.0559770440320577,-0.39119755731285988,0.86334497654879472,-0.31874742762948444,-0.18511840414219735,0.26545155589452935,0.94618531373141701,-20.059950146787347,15.000548652308135,1.459274569174815,0.2637885881106365,0.1597676186810535,0.7906976744186046,True,2
-0.7855704237036486,-0.61838162463520663,0.021983532827818852,0.56846865303171312,-0.73528272559510466,-0.36905650510693194,0.24438187314606416,-0.27742292579193173,0.9291469315036589,9.4223189299158072,-17.044914614442686,-9.709012015992931,,0.121494883195379,0.7407407407407407,False,1
-0.89261186871786091,-0.4506877600260818,-0.011162203486777003,0.40859654572428228,-0.79828913105420596,-0.44247409648803676,0.19050699369364832,-0.39951846791280243,0.89671181499432384,4.4595764311988164,24.159483284640594,4.2635062267576638,,0.2122887913117945,0.32,False,1
0.90785575405527263,-0.41820184306829916,0.030085682359009325,0.40633319923479549,0.8598535281711055,-0.30910393283055371,0.10339855428556807,0.29284659558543114,0.950552266014697,-18.867543397539098,-4.7495564373127035,-4.8820911310347972,0.1195230543424413,0.1737662974268952,0.75,True,3
-0.98498977166731672,0.16060231359334839,0.063261730763809365,-0.17234451103269011,-0.89460752409125333,-0.4122799380957341,-0.0096186915779583673,-0.41699433414350273,0.90885818809347096,3.3965940729488517,-15.408565840146878,-8.9896428558889987,,0.1072070619260689,0.3571428571428572,True,3
-0.9634212378105188,0.26725582261224445,0.019845498620615184,-0.25005905255522726,-0.86985251050649337,-0.42523767495452869,-0.096384587828295468,-0.41464555375091605,0.90486412017703888,20.730910155888001,8.0935395525183473,-1.1806231130558538,,0.1812143394622753,0.4230769230769231,False,2
0.45967514348087629,-0.88735554868563382,-0.036040153754561724,0.83743601379969357,0.44661020175464888,-0.31502420618097032,0.29563437766456468,0.11462747447923849,0.94839910208592904,-14.622859583496588,-10.904026545005566,-7.0533635823635983,,0.1756946671679688,0.3333333333333333,False,2
0.99908418626254081,-0.00069786825089495469,0.042782025898977047,0.0097800308480042487,0.97712233436786899,-0.21245304110814434,-0.041655008783199603,0.21267688322756467,0.97623429748389845,18.026660338007073,10.151645025376313,-0.47673329568492617,,0.2240078439277006,0.4444444444444444,False,1
0.96405451638562212,0.25177238998869472,0.084909087121844043,-0.23229632986960322,0.9537764437447952,-0.19065390236405946,-0.12898567581555984,0.16407668632963221,0.97797829037125938,-14.816383473458403,-12.979642054467412,-7.7549777252153964,,0.1577865895571448,0.2380952380952381,False,1
-0.0063257455868953715,0.99751288978763253,0.070199855058944369,-0.934200620596359,0.019145675230731435,-0.35623397310944027,-0.35669200358313047,-0.067834193645139498,0.93175605002187456,5.5817590909529464,19.872975987828372,2.8481519416249754,,0.2482739267617292,0.4705882352941176,True,2
0.97250218059751459,-0.23058373826697437,0.032720763742697972,0.22927490919700638,0.92322317571782975,-0.30836988152248052,0.040896512635951107,0.30739243234717339,0.95070361721721919,-20.536715818680499,0.60956050579642729,-3.0676388068436888,,0.1376537380146257,0.65625,True,2
0.93476609807676159,0.35043837670051114,0.058354828607893039,-0.3176852004574644,0.89806146783727558,-0.30423956579685518,-0.15902344260091533,0.26585436637653503,0.95080650007342971,16.839933541951588,19.100857427162421,2.576981046391178,,0.1849614967558076,0.7692307692307693,False,1
-0.37916108425775763,-0.90648550247786075,-0.18579802469870799,0.8592309267205227,-0.27037900886611688,-0.43430105472076408,0.34345172404789776,-0.3243134677469261,0.88139757651498585,-16.996460630501996,-7.5378787684668538,-5.870195410989667,,0.3149068289453666,0.1818181818181818,False,2
-0.50189871420237353,-0.86125435569525344,-0.079615422362488877,0.80428626006570669,-0.43087003206609004,-0.40923663977811719,0.31815293893271196,-0.26942893360461478,0.90894815978974164,-10.043796277915185,25.630913039947217,4.433203497689612,,0.1315337635017898,0.4117647058823529,False,1
0.99733042091988056,-0.067087496701145097,0.028832261342935456,0.070423881431707941,0.98807100545658566,-0.13695314928874183,-0.019300477503581378,0.13861802178066698,0.99015783368397792,-19.939682913896306,1.0161688164034162,-2.8982092701040325,,0.1314937124207928,0.2631578947368421,False,1
-0.97824859820267296,-0.20411609479398932,0.036963494972140729,0.17642429151993608,-0.91240955006820501,-0.36930107271171492,0.10910613858162567,-0.35474699828241796,0.92857440075279951,-18.307373668973547,1.8571675437271762,-2.6250906211668665,,0.07743544064477934,0.3043478260869565,False,1
0.58327591712773841,-0.80257377474505553,-0.12515806242614955,0.77066020930426238,0.59547119900948098,-0.22692926859557172,0.25665550119548536,0.035908038677756583,0.96583568295254596,-14.584405706450537,12.881103032044045,0.79107467265153841,,0.2856052560423418,0.25,False,1
0.49236739314252459,0.8626465283499416,0.11582451077310033,-0.80956295562139968,0.50275907430462474,-0.30305302191184347,-0.31965946107628052,0.055446193107824962,0.94590884794163521,11.844755272264502,15.031307952682045,1.2738814570535917,,0.1405896474983774,0.5,False,1
