axis_00,axis_01,axis_02,axis_10,axis_11,axis_12,axis_20,axis_21,axis_22,location_x,location_y,location_z,dbh,dbh_approximation,score,reconstructed,number_clusters
-0.97217216406091811,-0.2300558882547179,-0.044221846461252087,0.22771773968668665,-0.8836782851760131,-0.40897104951373536,0.05500831261815043,-0.40766036916496134,0.91147523770818384,5.8863966733037367,-12.17541809338358,-2.9490210005290551,,0.4723809375098015,0.2053571428571428,False,5
-0.59445417858138372,-0.74932034078089826,-0.2917931741133325,0.79874683984761607,-0.50831335100456809,-0.3219021948107168,0.092885496179877902,-0.42442498051187816,0.90068624976565104,9.2850430456167974,-8.4704952159233748,-2.4034144835294611,,0.4554480188727297,0.2745098039215687,False,4
0.8700070570440126,0.49208788791077107,-0.030614233048257406,-0.49237380670477676,0.8639312631376348,-0.10578661089409436,-0.025607716896742509,0.10710874448394876,0.99391748233462973,14.304303741234607,-5.249838766253192,-2.0404068642272923,0.2113085889509245,0.2331591931243359,0.9536423841059603,True,5
0.94693700032870298,0.31967475268884987,-0.033442037943302673,-0.32140596699696355,0.94270371143812848,-0.089486964522915144,0.002919210034467358,0.09548698829736664,0.99542639772043118,-17.7507165994339,3.8378692876630112,-2.1681978637418076,0.239852048507956,0.2144996911223117,0.8048780487804879,True,6
0.33544150243106829,0.94205043166152103,-0.004470196095148378,-0.93619118605051332,0.33281877782923613,-0.11303859644204196,-0.10500029337159383,0.042102794807413108,0.99358054180890842,22.849141465646255,6.3133834447518531,-1.0438028124611018,0.286048705738146,0.2724170148080426,0.851063829787234,True,5
0.99099603479270748,0.12774652227121433,-0.04009594833322383,-0.13110496360530033,0.98661522925432033,-0.096963281305335325,0.027172551282190961,0.10134700514102452,0.99447998321020092,9.9658110360456895,-5.625320527466644,-2.1709274308250808,0.2531869854720047,0.2311783199587102,0.9908675799086758,True,5
0.13081905504801067,0.99134630344551766,-0.010903278463637069,-0.98395152681237297,0.12848138031685213,-0.12382216197223737,-0.12134977428882243,0.026926595714765914,0.99224452163933263,29.420052928090225,3.5231870539407204,-1.1921368448351013,0.4150130352159899,0.298341554943159,1.0,True,1
0.16067625215296111,0.98698631765487344,0.0064148855135342728,-0.97953265897200525,0.1602544447959883,-0.12179607107933947,-0.12123906961582973,0.013286146363910678,0.9925344156821394,21.966186466515268,-1.7088145002135342,-1.6480197028311232,0.3230026441778282,0.3146520587626885,0.7096774193548387,True,5
0.81377499668188336,0.58016520144225869,-0.034330654098991428,-0.57997181328988678,0.8068581599610124,-0.11230585689789611,-0.037455981693743153,0.11130251003366137,0.99308046033318254,4.4832772089420301,9.0662486522172721,-1.1297283515749599,0.2906740711476203,0.2352446327847512,0.951048951048951,True,5
-0.70022345231283301,-0.71141752651012624,-0.059768050037722467,0.71131800365112197,-0.6880723531745303,-0.14346823508584627,0.060941074103437312,-0.14297391290399347,0.98784849330048652,-3.7260392255153341,-17.426063276274277,-3.8366628637872493,,0.2074211476354446,0.9791666666666666,True,5
-0.24594762290503219,0.96895152279457053,0.025351790103438521,-0.9616438855478584,-0.24064846070091442,-0.13164101089971844,-0.12145288870909357,-0.05675618764826551,0.99097322415282918,12.31287679214832,23.636033718196643,0.50316728568426183,,0.3132725471725041,0.7924528301886793,False,4
0.89617292197246301,0.44271813213229105,-0.029576162777377096,-0.44336931140759861,0.89091109439746607,-0.098494038304165574,-0.017255365116115882,0.10138085302859645,0.99469803207501362,-18.914500133714803,2.1319520367941807,-2.3644664360771825,0.28124702911554,0.267133009935978,0.9166666666666666,True,5
0.69584451360309418,0.71750694885109889,-0.031371822370707902,-0.71545715600980109,0.688723918149036,-0.11739004422780733,-0.062621648036760069,0.10413041303973565,0.99259024087351078,-9.7543915452585299,-9.4969366762723322,-3.1193910150948976,0.07542748956963037,0.1193381524879598,0.6229508196721312,True,5
-0.011916691079778486,0.99987554057856065,-0.010339043787563212,-0.99174832071901398,-0.013138481067689011,-0.12752509034010154,-0.12764505797219963,0.008734052207652325,0.99178145551694452,-9.2425367771822149,-3.7353038800915521,-2.4699125029558204,0.1168089414806081,0.1372345919838237,0.6952380952380952,True,5
0.98992129289870034,0.13520389380827877,-0.042139541583252532,-0.13915445227132273,0.98390407661131785,-0.11211068834281358,0.026303465148819476,0.1168446623800633,0.99280181939521839,-13.70520380938564,4.4489438836926336,-2.0204349210882109,0.2339906068669111,0.2070185317271458,0.9642857142857143,True,5
0.54221645977665034,-0.83830677959431943,-0.056947818513791139,0.83005318724221322,0.54493298920418043,-0.11857378979370922,0.13043395683763537,0.017022942260382271,0.99131085051081747,-2.9327126524646387,-18.465008771277027,-3.9341188907366096,,0.1741984194914593,0.6730769230769231,True,5
0.96642589402403245,0.25691869421312891,-0.0037115931446466827,-0.25678559048924599,0.96521411075778374,-0.049222768219102431,-0.0090637672598024577,0.048523241419787706,0.9987809285149466,-16.464494293313233,-6.6664104805303257,-3.0205122065799328,0.1656403472631245,0.1817180865852569,0.8846153846153846,True,3
0.94781549550292332,0.31764160823073972,-0.027378736368514289,-0.31881675774313756,0.94465363105833022,-0.077365317232370778,0.0012889789373341509,0.082056846447454243,0.99662681706062761,4.4765717749829355,13.218702418693519,-0.70193767196042234,0.2867339668678863,0.2714476325822637,0.9727272727272728,True,5
-0.34318779475280486,0.91768890874957976,0.20017293595966354,-0.92286539837879544,-0.28979590216381962,-0.25364895340648475,-0.1747615346918589,-0.27178190124999652,0.94635775695298407,8.9379736021275793,-7.4244164701296524,-2.3256401954534187,,0.4670795458308754,0.3018867924528302,False,3
0.92580855833224118,0.37648106146574223,-0.033771640120158049,-0.37794159014704071,0.92051144448250588,-0.099090034886747919,-0.0062183402852902386,0.10450210971247768,0.99450522437528599,9.5704836569274807,-24.705880181518655,-4.1976080900270007,,0.2779162753820056,0.9818181818181818,True,4
-0.27600220814783977,-0.95806279145230799,-0.077061460744837607,0.95472020347290598,-0.26400793610796675,-0.13714642814402819,0.11105005258067138,-0.11142485048957149,0.98754867652952028,-4.208946085422169,-20.140472354023608,-4.1171083274359725,,0.1244128465572651,0.5757575757575758,False,1
0.13684404725293531,0.99057532853637664,0.005850233028310281,-0.98117960378348357,0.1363535607959438,-0.13672706965905879,-0.13623616205223441,0.012970156256421062,0.99059148148768228,26.904356424320426,-4.8820043919627292,-1.7331231264815532,0.409674333128497,0.2698052910501671,0.9661016949152542,True,4
0.95101829463984744,0.30660853932163634,-0.039438646976918346,-0.30911313170395616,0.94468526540898057,-0.10963038414298293,0.0036434967394112922,0.11645150464557291,0.99318969587752648,-18.758279896996214,-6.0441611589675217,-2.9566727474046597,0.2105427929045057,0.2286793663121134,0.9827586206896551,True,5
0.072732002410459032,0.99733642224128749,0.0054878681026325343,-0.990828166422974,0.07288349692370312,-0.11378725982753413,-0.11388415363100864,0.0028384409663532034,0.99348998123012211,-9.449881217644176,-16.577760464160207,-3.8740978018811787,,0.1496660020688389,0.40625,True,4
0.89291404906760674,0.44973800367214023,-0.020981635558061908,-0.44973137817742376,0.8887752852015004,-0.088431781038429899,-0.021123173538284877,0.088398079549227973,0.99586123083072275,-20.100545752992616,4.0206924457770779,-2.1864378933936481,0.1858795907402874,0.2334879490222747,0.9056603773584906,True,4
0.91534135739931488,-0.39879464749044136,-0.055794520943861725,0.39580731045807299,0.91653094926215084,-0.057511668664439623,0.074072750875926768,0.030558929588521258,0.99678452004436635,-9.9470767159452116,4.7874372093425768,-1.8553881387324489,,0.270249747383071,0.975,False,6
0.97450658382656419,0.22189702205403875,-0.033145583148150644,-0.22390360666378809,0.97126450484013749,-0.080699668900141255,0.014286112194337831,0.086063774267656823,0.99618719814961409,9.1252217906895421,14.789042689937844,-0.37617206462277492,0.295732120615507,0.2819368665548959,0.9397590361445783,True,5
0.59687885044464029,0.80229252039276144,-0.0078961771583690374,-0.79857311626097438,0.59310274578776545,-0.10251883204685192,-0.077566847796735672,0.06749699742095959,0.99469972326427947,-21.05043872319099,1.5762594725861778,-2.4372521463840195,0.2629678567072273,0.1978432438621076,0.4117647058823529,True,5
0.82630221171810891,-0.56090065581333337,-0.051138138584969031,0.55266407755559699,0.8249582873643021,-0.11834796782615251,0.10856828399391855,0.069528975378121152,0.99165450096971086,-18.175984418819599,-12.537735323416609,-3.6813323176391295,,0.1825903301336309,0.717948717948718,False,1
-0.34527933220612594,0.93822686609972394,-0.022639136025528646,-0.92878320707069295,-0.34506728883489068,-0.13524171116788078,-0.13469943212489829,-0.025669318355359495,0.99055396071107671,-12.598562009780617,-8.4312783730198291,-3.0212319248030322,0.2470792928744388,0.2751826811738722,0.9789473684210527,True,5
0.46031495120778498,-0.85047686957342217,-0.25455694847158949,0.875172149894902,0.48284246662217073,-0.030608176596361031,0.1489424511108586,-0.20869175054805345,0.96657327684468886,-7.4894376188958036,8.3079274390887381,-1.587224304311464,,0.5026208964407635,0.2604166666666667,False,3
-0.24975049874938032,-0.93958265013894438,-0.23411350224263955,0.96167903535679755,-0.2124344822380318,-0.17333500428788085,0.11312878205680491,-0.26843255077232725,0.95663255451411799,14.041826395112755,-8.5509730828705255,-2.3987866922479415,,0.1890147507029311,0.2258064516129032,False,1
0.99641046176923753,0.082760339225293383,-0.017802188857830203,-0.082922987185728325,0.99651885238631011,-0.0085997113246988055,0.017028501784097587,0.01004505301066108,0.99980454441705913,-19.813162224162827,-14.178872438460017,-3.9474216613410533,,0.3944987977306564,0.3617021276595745,False,2
0.98608260073889853,-0.13273537987022424,-0.10011205447257196,0.13169857285057521,0.99114531543218998,-0.016924822183653834,0.10147211651056512,0.0035046579767240345,0.99483221044723658,-10.180226570434566,8.5735065104123152,-1.5487046766790062,,0.2411841580721837,0.1728395061728395,True,5
0.79497137345045199,0.60641292341920516,-0.01684878940682975,-0.60502849656405533,0.7905172522499424,-0.094989432257703288,-0.044283560603699403,0.085707877148923625,0.9953356851107491,11.32966697765653,6.8924009979588057,-1.0924426771770659,0.2772342358240817,0.2812193747833999,0.9461538461538461,True,5
0.95134368366534483,0.30654323794755567,-0.031248021036238558,-0.30813134020869648,0.94626588355311214,-0.098162899328827657,-0.00052223677143625746,0.10301514884752301,0.99467965012695336,15.524337101903569,-11.432440536303762,-2.5952685112345013,0.2075077404152836,0.2660561513594268,0.9753086419753086,True,5
-0.38480232670343872,0.92285903537671277,0.01607389769735007,-0.91037126241481081,-0.37660938205892158,-0.17143377121927525,-0.15215562405933494,-0.080601328579385179,0.98506451154142916,4.2406497023031324,19.790850385732234,-0.088935481301348887,0.2401418419350138,0.2112715710368959,0.2777777777777778,True,5
0.1366541728421902,-0.98773200483403312,-0.075571976759630011,0.98163321509795309,0.14527185972313394,-0.12366211137223163,0.13312350679452875,-0.057285018976372254,0.98944254938809073,-8.6959858047898599,-8.5601781912323194,-2.9801941421910794,,0.1891600611877603,0.6058394160583942,False,3
-0.95600964215907391,-0.28522795484285879,-0.068487793620766402,0.29330732788760538,-0.9327196379602577,-0.20977342150691969,-0.0040466660738504301,-0.22063338536913951,0.97534841659493188,-11.20704345530617,-2.3598735311749985,-2.424167989773113,0.1898702619193442,0.132513229587859,0.6172839506172839,True,7
0.50101458519587094,0.86507814810396255,-0.024983656538380167,-0.86076048202882161,0.49510092610485223,-0.1181798017752119,-0.089865332573356133,0.080714748609756692,0.9926778688770812,10.737517632253676,-1.8902099563875217,-1.847088325643848,0.2709713913271347,0.2523049800096139,0.9029126213592233,True,5
0.95093259401302632,0.30809730883091391,0.028341664291394897,-0.30930504345873822,0.9444028157344605,0.11150655462264066,0.0075889218368487242,-0.11480143694210573,0.99335947085704235,-7.9765282564970272,-1.0619679054375581,-2.2981905401245877,,0.5230778633848244,0.2710027100271002,False,5
0.86076567073257237,0.50804713430416037,-0.03115396304864514,-0.50835325038735746,0.85496990504157055,-0.10297297846434195,-0.025679425790204227,0.10447282325341636,0.99419615584277288,-15.005677257079329,-7.9486277617216725,-3.1125216826606259,0.4128143690463624,0.2545800718335908,0.9324324324324325,True,5
-0.9569907567834669,-0.2842788244486415,-0.057915813048810209,0.2900156533746357,-0.94270873482878315,-0.16489742895266013,-0.0077208955885585892,-0.17460180768712821,0.98460885458322855,-3.1237104662192672,-20.574573232353945,-4.1582345629818924,,0.2039382732993013,0.8,False,3
0.92666401673138488,-0.37085340546216805,-0.061331490707202875,0.36550282092358277,0.92707364973637185,-0.083319480683605951,0.087758122086553564,0.054792331777312187,0.99463375791607145,8.1664025927277795,-18.908296737317009,-3.5898586549385012,,0.29750121148035,0.9829059829059829,True,5
0.9768682815452443,0.21057049038238904,-0.037261630277853799,-0.21329869553161751,0.97189245742004149,-0.099642951052976408,0.015232432351846684,0.10528589549486551,0.99432532564271592,-6.2905847207140644,-9.3121124295791091,-3.0108870367640734,0.2369677338491896,0.2241161785159133,0.9264705882352942,True,5
0.95474113726925069,-0.29298825365063275,-0.051256648627979927,0.28642318378492676,0.95209296619690686,-0.10714823147809624,0.080194267852047141,0.087617731887615166,0.99292094975508827,15.460855857232454,8.8827117649667144,-0.81344828827462989,0.2573988932593034,0.2783069703383097,0.88,True,5
0.69527629628229271,-0.71501410980963254,-0.07311425716723452,0.70795018087350259,0.69884592231550346,-0.10208289898003831,0.12408631362544763,0.019214568330625011,0.99208537290634191,-6.0723207039756515,-20.954322798735607,-4.3201057536985426,,0.2591605828492817,1.0,True,4
0.16112996473622493,-0.95972248645463187,-0.23015187041916985,0.98082900548273955,0.18161473919689169,-0.070643814380210307,0.10959742911146926,-0.21435679485331102,0.97058722845109213,4.2193260203833631,-4.6041196867426502,-2.2176121086543383,,0.2317427872512181,0.1954022988505747,False,7
0.92817556501751119,0.37056658902378464,-0.034212915743932072,-0.37208367738448234,0.92246235847043745,-0.10303850847716647,-0.0066225016771839715,0.10836789332840333,0.99408879994047816,8.5291165599308751,-0.081628835477271622,-1.7492849568653877,0.2895951799880708,0.2564728829375471,0.9761092150170648,True,5
0.6021980248028902,0.79810724331085625,-0.01955420922065218,-0.79463876238494746,0.59686330047694292,-0.11092086304700034,-0.07685555437844728,0.082334857250850782,0.99363685269954916,-10.437524694011156,13.007745680349084,-1.1493106699126665,0.2238370375203234,0.2200338673030027,0.8301886792452831,True,5
-0.49115968471080507,0.85486571021821567,0.16723271691833372,-0.86080049708428419,-0.44694780701846465,-0.24343410200880661,-0.13335917041670309,-0.2635190226425605,0.95539157227352489,-5.7358290592932377,-16.667274653943931,-3.7944964322158392,,0.7945626954917637,0.5221238938053098,False,1
0.80519064480839531,0.59191789941559725,0.036072508430493762,-0.59029586771787823,0.80583259380290095,-0.046739911425747044,-0.056734593223521056,0.01634108675444574,0.99825555586505299,-9.7219230993289578,23.756029295319156,-0.070694274167005508,,0.237976399627907,0.1612903225806452,False,2
0.30801859276762084,0.93599325985564774,0.17041468250785366,-0.94334109942651789,0.32371312465249197,-0.072920388510271911,-0.12341846151294938,-0.13829833850237752,0.98267057192390728,7.4462140297167831,-10.764613556739146,-2.7465152080269397,,0.2921395432074367,0.3333333333333333,False,8
-0.39195857144359408,0.88846921537686552,0.23872773529591093,-0.90344885255139251,-0.3227538441395254,-0.28215266597487987,-0.17363366348571405,-0.32627045440979863,0.92919262883632159,10.472625382191593,-6.4445690009784675,-2.2523513181275918,,0.4467035740366372,0.3315217391304348,False,7
-0.831539571380283,0.55432008018030121,-0.035653750680680704,-0.54517919976194384,-0.82675328340365462,-0.13877553288747888,-0.10640291995815934,-0.09595966387071915,0.98968184864338948,12.441108737511469,1.6842163145457383,-1.5306502479133024,0.2550696188150656,0.2199244867815252,0.976,True,5
0.86577862549772833,0.49973218154200977,-0.02636509743068104,-0.49986515005275078,0.86110889988409411,-0.092877846137534067,-0.02371082862336233,0.09359064735148645,0.9953283816581967,-4.38421301080625,-11.958695776570529,-3.2572932968141139,0.1388536690397242,0.1641225538869159,0.925,True,5
0.66465118571658166,0.74713028245997448,-0.0059280989214837085,-0.7441233220015433,0.66122061621542971,-0.095224883014245976,-0.067225612521802064,0.067702568067749519,0.99543813433990092,-18.419613906851655,-4.6580442416315542,-2.8036898441328071,0.1582730794002274,0.113537097974264,0.575,True,4
0.95976045989799519,0.27961072292519407,-0.026032734040819433,-0.28079205772644217,0.95683975441246316,-0.074923325431062421,0.0039597896585636741,0.079218230232370457,0.99684943299613338,-18.318557539680089,-3.4858847274206406,-2.7159174329037712,0.2844006702541255,0.185477875014104,0.5777777777777777,True,5
-0.45504985933638803,0.87151792419114915,0.18271872736937866,-0.88362138997252015,-0.41655092894579154,-0.21377222171608631,-0.11019466729822606,-0.25873119527407246,0.95964332118297224,-8.147071284685758,7.2889754123251249,-1.6537955757757878,,0.5941485942291549,0.1974522292993631,False,5
-0.35707658568307871,-0.8827765221285806,-0.30528990146332124,0.92684802435029634,-0.29427684552956662,-0.23313918148419918,0.11597004662786684,-0.36620588493870126,0.92327904672498406,9.3881116593387421,-9.0543838914367321,-2.4790124317692732,1.353604793777159,0.477850543242236,0.2747252747252747,True,3
0.87579340176178322,-0.45124926501836937,-0.17134765318178635,0.46255447755219797,0.88605734318738683,0.030752884094397526,0.13794662999485544,-0.10619079717231464,0.98473054277247429,12.081442772867387,-5.7580500741916127,-2.1966536596274806,,0.5837318399057858,0.3181818181818182,False,5
0.61094603200174113,-0.71708252859879529,-0.33546623251779534,0.77574678953985277,0.62681810190620746,0.072910806066790887,0.15799324194388026,-0.30478142053126422,0.93922650154209641,-4.8842102517716199,-4.3525432152998453,-2.5284414736115801,,0.4921271914176589,0.1811145510835913,False,4
0.99836191280109698,-0.036046214694582052,-0.04443153693412627,0.031041341738133992,0.99360124105116066,-0.10859562092778656,0.048061691306412732,0.10703851730936501,0.99309255844608046,5.1138730033315571,-6.7559482432508267,-2.4209203560793999,0.2839919671800651,0.2489550258409758,0.9294403892944039,True,5
0.95925653835574076,-0.27764972652692893,-0.052321343458326099,0.27163586712339538,0.95723797804451449,-0.099546014894480464,0.077722900832918718,0.0812778121554249,0.99365641342334476,-5.5822387852564779,-10.224091074264752,-3.0997391763081925,0.2333470184015046,0.2007228170994134,0.9695431472081218,True,5
0.9263355850766638,0.3759650452184124,-0.023508904580884046,-0.3764463413925318,0.9216222026774592,-0.09434334944301731,-0.01380347321703191,0.096243442924009465,0.99526210810081639,-22.138947151920647,-8.0495050845184331,-3.3385817879823008,,0.2201166514573143,0.9166666666666666,False,2
0.93675714770521579,-0.34580996983617041,-0.053865675388843848,0.33954651695317717,0.9353024663162014,-0.099586441485766605,0.08481868336725798,0.074998408414706688,0.99356984137357307,8.7570280679534118,10.149864402624875,-0.8798079482749579,0.2672408493649333,0.2388782525140258,0.9509803921568627,True,5
0.97935061612498042,0.19716956634425639,-0.044682578296685718,-0.20085071766938109,0.97410274093201876,-0.10384045127224577,0.023051245244370494,0.11067073785037752,0.99358976840360913,-17.028367959653927,-8.2028487742694782,-3.1593606940516867,0.1117600573978001,0.1532926363449777,0.8444444444444444,True,4
0.52132075146590628,0.85293625936735795,0.026914894527801457,-0.84866883973453144,0.52149932521937181,-0.088315651270798184,-0.089363720573105654,0.023198949376206833,0.9957288457171326,-5.3524810025301015,-14.293358315189085,-3.5142820077903072,0.192547920228904,0.2145405912928464,0.875,True,4
-0.67680349206808987,0.7069026340014708,0.20548892711341288,-0.72309434950566154,-0.58599987982489332,-0.36570302508756358,-0.13809994510289844,-0.39609696652081688,0.90776406531410125,6.4312049456419462,-11.67812727705644,-2.8647263179902249,,0.4494209522885078,0.1978021978021978,False,3
0.78639589159269974,0.61733920073026438,-0.021767244378706894,-0.61609180379506401,0.78127338508405797,-0.10021370692596511,-0.044859681036187989,0.092218268260779293,0.99472780197213539,-11.48860922818732,-0.39073661099712087,-2.2979137379882419,0.2634552742561369,0.2356946605499893,0.9797297297297297,True,5
0.78277057836830388,-0.61918173767150309,-0.062323329300117913,0.61249394921883815,0.78426763899877217,-0.098870787341889352,0.11009715623604707,0.039220481299844907,0.99314670116521375,11.58824829494657,-8.5962971687609304,-2.4545116206027457,,0.2019878724913736,0.972972972972973,False,6
0.8199944717199692,-0.56858761688916659,-0.065705313856552983,0.56182402917561736,0.82149926095055881,-0.097430613764679458,0.10937470726619063,0.042977740494183535,0.99307103836153199,-13.183341321587923,-2.905543637166355,-2.5413624832249639,0.162820137907645,0.209265238375732,0.9514563106796117,True,5
0.96715899815241024,0.25070013132696173,-0.04186784500629212,-0.25388074552080131,0.96073916877923815,-0.11191432717566485,0.012167142089615311,0.11886838825366385,0.99283546820575874,-11.59265476324626,6.6588785179041121,-1.7087710380062271,,0.2320619257302483,0.7938144329896907,True,5
-0.99371700293840537,0.10765401095481,0.030612611722228317,-0.11134767012726363,-0.92324751841757247,-0.36771689666511848,-0.011323181017027423,-0.36881517547565335,0.92943378027190315,-7.670215357963964,5.2240648326974402,-1.8806276297768161,,0.7503777001536438,0.3993174061433447,False,5
0.82437234188959996,-0.54200558582898151,-0.16321821852244131,0.55415428448808302,0.83157087554367193,0.037455412573253022,0.11542647404715267,-0.12132528128017676,0.98587874772272521,-6.3801815602301719,-5.9925531701637311,-2.7149103921946081,0.4449842446252865,0.7040222457255833,0.5725806451612904,True,4
0.97267688246011907,0.22982147238691766,-0.032890320119649437,-0.23178298797605443,0.96939323140032108,-0.080953130885323521,0.013278885968182035,0.086364655647743732,0.99617509376730118,4.2640829650639862,1.9500530136164493,-1.7129300061428863,0.3176986087160624,0.2834385923953263,0.9746588693957114,True,5
-0.13339792813556603,0.96373619657104692,0.2311223403046776,-0.98210095083564797,-0.097256166976027264,-0.16130393780949079,-0.13297637059588943,-0.24850308127647819,0.95946000618016469,7.0235217679163506,-7.853968689321956,-2.4808930841643626,,0.2769988578370786,0.2317073170731707,False,1
0.92061185171323601,-0.38536675409418319,-0.062978435388955478,0.38048632134653132,0.9215622334826723,-0.077157041717612659,0.087772306300515801,0.047069253843062896,0.99502789287001736,-7.0380811569395316,-11.33474257943405,-3.2512935378636527,0.2513520289885378,0.2289830588989358,0.8256410256410256,True,5
0.86036449038891094,0.5092985275592371,-0.019696535325349158,-0.50895459622112194,0.85643943122941479,-0.08646802658111144,-0.027169149107480937,0.084418661807860867,0.99605990124858768,-22.481109707991077,0.30079938717456411,-2.5793998931891076,,0.185203155884308,0.967741935483871,False,1
0.90560988631053263,0.42308913534850456,-0.029433269724608836,-0.42392429494202444,0.90096430519402726,-0.092474390639537662,-0.012606584570541236,0.096223200509550605,0.99527994539685527,-15.049614201596638,6.5642338531363169,-1.8420350341138927,0.2923921938608053,0.2633682995721963,0.9473684210526315,True,5
0.7594627912430254,0.65054296072155315,-0.0031819762709832805,-0.648458549290856,0.75661931769887725,-0.083837449486996812,-0.052132317893529179,0.06573480311465045,0.9964743634888592,14.68756045752731,5.2250177401899096,-1.1974763510549682,0.2571766589967776,0.238042208673943,0.96875,True,5
0.93722015555201077,-0.34509700430551388,-0.050263681186570389,0.33864957223279141,0.93502156907188738,-0.10512436728415492,0.083275730279670557,0.081502901725684918,0.9931880132969193,-6.8408822017690438,-6.2621087983200274,-2.7122965034791027,0.1468369969517324,0.1666633459248877,0.9431818181818182,True,5
0.0025289868079511162,0.99460135139214034,0.10373888390884711,-0.99175541374410658,0.015785750569014056,-0.12716921556819019,-0.12812026980529337,-0.10256199046382107,0.9864411967153025,-23.93840708001747,7.0393288683642474,-2.1008035587253509,,0.1778589744590776,0.32,False,1
0.87109788008423239,0.49043832134441162,-0.025665858053699642,-0.49049766082676788,0.86621608850773935,-0.095298125552510507,-0.024505673551771676,0.095603038483244404,0.9951178477931879,20.010223155814572,-6.4127993296321595,-2.0341347981881435,0.2814577427065834,0.2539612293846865,0.9090909090909091,True,4
0.89604901113192259,0.4436405844696899,-0.016709322574446465,-0.44369156332688192,0.89358575698034182,-0.068134363976032897,-0.015295956395482348,0.068465514920016013,0.99753621838241369,4.6372756043643042,23.509905383983458,0.2375042799485563,0.3119367101209782,0.2144194009430384,0.6,True,4
0.18130069085091821,-0.94980744497079095,-0.25494288963420869,0.9746594653039059,0.20808201928101755,-0.082102374785638421,0.13103047809760501,-0.23359728322477291,0.96346423030620154,-7.2290208453136842,9.3758432095608626,-1.4498113773753301,,0.4614999818363151,0.5,False,4
0.96975071852746719,0.24309199578043264,-0.022132001783567546,-0.24406974384021102,0.96701195474177781,-0.0729235183480616,0.0036747866925148712,0.076119386321570046,0.99709193907522531,14.40545027065766,14.965583870147302,-0.31255652839371406,0.2835781748860203,0.25607389248387,0.9736842105263158,True,5
-0.49963168815008147,0.86613866321252586,0.013114582902947432,-0.85612121721758427,-0.49143285643880186,-0.15984432752613359,-0.13200241522859157,-0.091090963881268958,0.98705511430365434,-23.432743993872581,9.8136429999892467,-1.8429404465078325,,0.1565752037099759,0.2608695652173913,False,2
-0.11634263125872117,0.99313771707349485,-0.011910796692320907,-0.98433147466431625,-0.11689424845778974,-0.13201243374266913,-0.13249883070039273,-0.0036345018279106273,0.99117649803629471,27.401028220441642,11.296550502453931,-0.53551700470923547,,0.2934348524570347,0.9714285714285714,False,1
0.98687957341758337,-0.14691976493518738,-0.066957376311494232,0.143164761695833,0.98800836169618145,-0.05782152044873945,0.074649571865518016,0.047476940611394715,0.99607900365908664,-23.652891952413814,1.1942341819862718,-2.500276220216024,,0.2186847267190064,0.8484848484848485,True,2
0.86378354257233514,0.50382410517838805,0.0062659893379659187,-0.50238947456668148,0.86214112967762591,-0.065707597451141214,-0.03850723861562487,0.053609174209122555,0.99781924666485344,-14.889234491141359,5.0785877377117323,-1.9914904938961535,0.129135876067899,0.1198716901099353,0.2916666666666667,True,3
0.57743944115503887,-0.80841564254210696,-0.11413956672332232,0.80593087789183804,0.58676545719079443,-0.078623904177856918,0.13053394906708071,-0.046588057921632141,0.99034864618478824,-13.814695266089009,-11.412011686813482,-3.3716900566249097,0.1838895816005301,0.1726900960049838,0.3703703703703703,True,3
0.99638614957508664,0.072130946135957136,-0.044852731739164389,-0.07557542118674368,0.99388168901773832,-0.080545291281955506,0.038768500711016486,0.083643976739394776,0.99574127588839079,-21.537789505528242,3.3914720998497443,-2.2807843067591804,0.2206511419888112,0.1661841499465996,0.4,True,3
0.73656287694277689,0.67613145108571382,-0.017927330044071817,-0.67389496140863792,0.73134575310397998,-0.10487597629974793,-0.05779886934735412,0.0893288882137344,0.9943237100827218,-17.995066535626162,-10.627864463249432,-3.4226004352777348,0.1489099109936516,0.2147544001536983,0.9,True,3
0.68214721439398052,-0.72704925029306133,-0.07793949924673467,0.72323105819069178,0.68656351995393883,-0.074614807758455859,0.10775905698783166,-0.0054699832500955115,0.99416199128730465,-7.9786290383933132,-18.937153460063413,-4.1343165209407911,,0.1544142923806197,0.5833333333333334,False,3
0.57133989796734375,-0.80030036282077532,-0.18190670757176688,0.81028341415888416,0.58527277820169854,-0.029942675817084555,0.13042817843428958,-0.1302885427234507,0.98285979971983417,3.540198271793094,-5.1517563208837931,-2.2993564844966312,,0.2620502332862041,0.2307692307692308,False,1
0.94412751383134486,0.3279930475806348,-0.032307868475201035,-0.32958031878502042,0.9396473508557186,-0.091867673854269416,0.00022604470291199413,0.097382836108821508,0.9952469704225152,-10.651989015957193,17.375955230937034,-0.74057091503500883,,0.2107734590936405,0.8372093023255814,False,2
0.85182248634407465,0.52359341740936194,-0.015760234902597987,-0.52300657102274595,0.84841068999165714,-0.081629821602830235,-0.029369685487398683,0.077776824012466828,0.99653810123893694,14.984217117996147,18.494289767846173,0.014721120703304075,0.2052931990160556,0.2610206413514578,0.9117647058823529,True,1
0.42878554896208376,-0.88991023557834947,-0.15557225207012321,0.88768629997829362,0.44701549029714743,-0.11040916748733727,0.16779745478442343,-0.090757501327913645,0.98163490673497478,-10.838613330847116,5.3618781146397607,-1.8311815114607335,,0.1483511604473192,0.1147540983606557,False,2
0.29402010808423445,0.95533093321532714,-0.029916284596650352,-0.94949856724788595,0.28835083644290521,-0.12371849464364416,-0.10956571925719986,0.064781194529042518,0.99186629643266122,-14.302069381264246,18.627014334976899,-0.767094712597156,,0.1867408408435404,0.7631578947368421,False,1
-0.48600902775954652,0.87352640910102242,-0.027328328512612077,-0.86369690536798316,-0.48484692594523426,-0.1376630453652159,-0.13350236175434965,-0.043302090071144293,0.99010203938860808,-13.041623033645074,19.313693661141297,-0.61799569985456804,,0.0667778062771261,0.25,False,1
0.72102718239354369,-0.68675639544345191,-0.092116532539741947,0.68232979567234253,0.72685835207621641,-0.078121610037088174,0.12060618635612164,-0.0065260504567979626,0.99267898057633341,-5.1771380515243841,-5.4896318188582249,-2.6588555431851137,,0.08532460017147223,0.1,False,1
0.35537890615225348,-0.93134340882197097,-0.079405843021147643,0.9248428009872226,0.36267024861649472,-0.11461275771291365,0.13554197329291359,-0.032706965807321353,0.99023160314319525,20.939535077990229,13.213755022560406,-0.40755957734722303,,0.2085978612602059,0.7333333333333333,False,1
-0.39883838198094618,0.91631868903291547,0.035888789166250802,-0.90700190112757284,-0.3884090202801197,-0.16274515143624452,-0.13518689437141962,-0.097460212877031965,0.98601521818690729,-18.698749656484598,6.8424006882945614,-1.9477451382031348,,0.1504540098175642,0.4827586206896552,False,1
-0.24406375806881003,-0.96523743639695758,-0.093539154235855293,0.96308650187938249,-0.22995849626207882,-0.13994098718609424,0.11356615646866114,-0.12424082008226323,0.98573168090014385,3.4618857731671353,16.822864639542718,-0.42903046403414991,,0.1509757165781517,0.2142857142857143,False,1
