axis_00,axis_01,axis_02,axis_10,axis_11,axis_12,axis_20,axis_21,axis_22,location_x,location_y,location_z,dbh,dbh_approximation,score,reconstructed,number_clusters
0.0023811142100564064,-0.98778965556343101,-0.15577524404409249,0.97778967102826864,0.034946598618869028,-0.20665452928837982,0.20957502123475702,-0.15182335659196033,0.96593373420105844,-3.5109432407581416,-3.5161737889580618,-3.070840060550605,,0.2448518924242008,0.595166163141994,False,5
-0.41692518994312128,0.90890792338511883,0.0077312869978217597,-0.88090154659780995,-0.40195276311072992,-0.24989285990046997,-0.22402198818972816,-0.11099713075300598,0.96824262753305823,-0.72580500897864508,-11.880380458257733,-5.3713962452755517,0.2689242294415123,0.2126886567203909,0.7478991596638656,True,4
-0.22049330795233707,0.97520660358988875,-0.018835643416347941,-0.95059389554803198,-0.21917467989336689,-0.219849278917299,-0.21852676471098914,-0.030570247109111465,0.97535199445976117,-3.6977432098773386,9.1118793820230248,0.19063142452946061,0.2704709672593357,0.2502231602067762,0.9639175257731959,True,5
0.26825049148103924,0.93568041916295164,0.22922440318435922,-0.94425437308694105,0.30252221034840776,-0.1298614305793053,-0.19085427091467175,-0.18161075254774542,0.96467205921632881,4.5566003507218396,-10.701868246795508,-4.9919789778215717,,0.3185819839967697,0.32,False,5
-0.61715584986578886,0.78634459603776408,-0.027943393828301619,-0.75984567556385962,-0.604828802242667,-0.2383624746150384,-0.20433601323149075,-0.12587412863614361,0.97077417427368418,22.180763038683764,-8.5796216193019443,-3.7519620952691226,0.2674610052351451,0.3413736664701782,0.8837209302325582,True,3
-0.25251014111311987,0.96681785771823781,-0.038753820871620388,-0.9420840315168556,-0.25479173727670429,-0.21807991236348964,-0.22071770702864046,-0.018558033641423367,0.97516116267588449,-2.0104361337420511,2.8794937628365287,-1.2989746973079452,,0.2568798722564593,0.9633401221995926,False,5
-0.21955878269801957,0.97546918335768662,-0.015931517807593273,-0.95139837510137282,-0.21769850191887408,-0.21782675252766193,-0.215951551961622,-0.032668556468993332,0.97585741408445537,18.621386625258584,11.636623478342923,1.7706681088725207,0.3363217428164145,0.2936435382297807,0.8813559322033898,True,5
-0.70718162121500527,0.70699651441096101,-0.0070769503650066068,-0.67261930001420145,-0.67581269157431012,-0.30143072695976558,-0.21789316617122925,-0.20840617677467863,0.95346181550077758,12.657245856837354,-3.5037519867378215,-2.4627619081171788,,0.1472242114411344,0.3809523809523809,False,6
-0.95516866408594714,-0.25865534715422195,-0.14404941699568338,0.29600189181132719,-0.84413482346454849,-0.44701149857536249,-0.0059752148398829405,-0.46961027587032717,0.88285360372182453,-7.6664843003472321,-8.2842928210761979,-4.6865251975367048,,0.4616756784816153,0.2172131147540984,False,4
0.8870954145894312,0.45841992163562784,-0.053971296649158257,-0.46028374537904976,0.869747570652463,-0.17798324944773475,-0.034649663118716117,0.1827302350234507,0.98255232026291328,-11.960498857313512,15.265384721268944,1.4764374820652517,0.2650102178538621,0.220701539242173,0.967741935483871,True,4
-0.0061822020229788726,0.99891069865388937,-0.046251448549703041,-0.97778430934214922,-0.01572958989420474,-0.20902254520997673,-0.20952237298781184,0.043931721074400028,0.97681645108024107,-1.9170370698673902,-7.3112767472853708,-4.2346653006104882,0.2737780044228953,0.2379273286858844,0.9734151329243353,True,5
0.45888562959789231,0.86195073424740742,0.2155572097585694,-0.87504381690386912,0.48049243924427504,-0.058526355835584909,-0.15402044489889244,-0.16176509994260391,0.97473573597858054,14.570306597093506,-12.903634886050222,-5.3868885965924651,,0.2253603620761899,0.2,False,2
0.86467910017284677,0.50154902361230314,-0.02790395380268448,-0.4999509786802897,0.85387047865822052,-0.14475574113866146,-0.048775738240415895,0.13911787300533299,0.98907388236146188,7.6702526096699222,15.589245052840598,2.2569484372964133,,0.1498442628661713,0.1923076923076923,False,3
0.43699236211714115,0.89834437316163895,-0.044889449318335307,-0.88510445143946559,0.42059712227770601,-0.19921890164779943,-0.16008680611881981,0.12678898982377909,0.97892633357476955,-6.2161187573486236,0.43097989476427789,-2.1436886579890619,0.2471316461915826,0.2322924272893225,0.9812834224598931,True,5
0.98956058283184034,0.14309626675745979,-0.017126334855601118,-0.13811898915725609,0.97558056903243418,0.17077967724682422,0.041146053755931757,-0.16663136489397654,0.98516038820787144,12.626747588720043,-4.8113061086862405,-2.7837772132897283,,0.4641397209664419,0.288135593220339,False,1
-0.38467843832384985,0.9212826639015097,-0.057102997147807311,-0.89650275049606898,-0.38762916221968091,-0.2145377611280882,-0.21978470702418818,-0.031335056907669724,0.97504502294349726,-7.0683017649566562,-14.652097453569239,-6.2973445802937942,0.3450911699876155,0.3473442373980277,1.0,True,1
-0.13850926839689726,0.98995359000701888,-0.028409016180985014,-0.96763360979951352,-0.14138510245768612,-0.20903456649413943,-0.21095113119990488,-0.0014637059967065116,0.97749551293611336,1.5379923622081473,11.537639789499213,1.0165872447908855,,0.2574116667209557,0.9754098360655737,False,3
-0.89881755080223191,0.43407941501024666,-0.060844653292121936,-0.41098152994111709,-0.88285153441926878,-0.22730453189675018,-0.1523850137550776,-0.17929927394695175,0.97192107598557587,-10.96728117002451,-2.8466536413585337,-3.1918182192696727,0.3828180689755506,0.330132970985541,1.0,True,5
-0.031995216023966502,0.99924820723750074,-0.021893526080093418,-0.97654453114354001,-0.035919714985738344,-0.21229826369753141,-0.21292506861622232,0.014587474352448178,0.97695963107325634,-7.20419284839992,9.6950750001922366,0.25863443906967803,,0.2768484310428821,0.9492753623188406,False,5
0.02116335255610852,-0.96676425352439155,-0.25479205367517405,0.97769323892625892,0.073280038954145865,-0.196839951353278,0.20896900025235277,-0.24494267492273733,0.94674972560610082,-4.1723862531002229,-5.9493930993094715,-3.8979492220358982,,0.2757961888009969,0.2795031055900621,False,5
0.10300557857462747,0.99201487973120572,0.072775883192079893,-0.98002253038752818,0.11373007684620383,-0.16316037985179879,-0.17013433138356573,-0.054515575869998709,0.98391176498313548,-10.778987978660229,-9.1859601273326046,-4.9965984183760259,,0.3147731761829916,0.625,False,5
-0.52160320876640021,0.85149523228102408,-0.053721150464985525,-0.82645740148288782,-0.51989616460944454,-0.21604661894726312,-0.21189208606918244,-0.068292367268060983,0.97490404473167291,12.978122878608895,0.53723388911956205,-1.3817999689806051,0.2791337811114872,0.2481472940514387,0.9895287958115183,True,5
-0.26075381734099445,0.96477565305234092,-0.034862386887981857,-0.93994844399580002,-0.26195050204773984,-0.21881237877873988,-0.22023707538008444,-0.024287316738681911,0.97514396725491803,16.055934321146655,-1.6105268603871834,-1.8583923171806345,0.3914518239007562,0.2630796227761059,1.0,True,5
-0.44479564558558859,0.89461807056936471,-0.042606824322483854,-0.86898904707850311,-0.44259231896871309,-0.22129183276274028,-0.21682912563974185,-0.061404779949484754,0.97427644089019239,-5.8420226174118515,-4.3985119262758836,-3.48896355657183,0.2833316009060399,0.2457540352685118,0.9340425531914893,True,5
0.95206746200240766,0.29999046706736421,-0.059776813774232905,-0.3058819098820415,0.93493837457549944,-0.17979569781571178,0.0019506417429455483,0.18946227966228202,0.98188606242372234,-4.392591006388737,-9.6069543807003903,-4.9128004673279699,0.288123149108045,0.2865023652921007,0.9802631578947368,True,5
0.90367370615796228,-0.39396005824642322,-0.16783713923088373,0.4008656381072303,0.91610184854392351,0.0080089499491997618,0.15060070711525711,-0.074517619398907192,0.98578220282956186,-14.189821505283506,-15.444444539970844,-6.6717030996593012,,0.3499312135259047,0.3877551020408163,False,1
-0.8043507025708273,0.59185557006088552,-0.052220029315580493,-0.56664444149530446,-0.79057347257629984,-0.23218023469090712,-0.17870093507391172,-0.15716414555029523,0.97126999704364103,6.2441013053947563,-4.5607691336982574,-3.162061204586887,0.2985352528227699,0.2415009296639977,0.983739837398374,True,5
-0.32943598505606569,0.94267078167145468,-0.053326626867508789,-0.91830059237638351,-0.33302793313478779,-0.21404769980813232,-0.21953576881984566,-0.021545141793409439,0.9753665224282505,-1.6598635600158389,-1.5250346198644191,-2.4865701466545085,,0.2719162241948431,0.9849802371541502,False,4
0.0014128360030890479,0.99973222138889217,-0.023097389706637238,-0.97797007695688265,-0.0034400226671950089,-0.2087167813593315,-0.20874034701364794,0.022883438572056446,0.97770333730009396,18.259598985992117,3.7926495476385855,-0.4070985950357916,0.2499132234051574,0.238048867998965,0.9619047619047619,True,5
-0.68677119985111856,0.72666603965862975,-0.017371984972919901,-0.69110372965926314,-0.66019322770656386,-0.29414373517286885,-0.22521312995940715,-0.19000360232699098,0.95560330535042359,5.306426119234354,-10.612188719190568,-4.9182750455838544,,0.1664592157210063,0.16,False,3
-0.096884129643944703,0.99527430504002223,-0.0065209777054120593,-0.97361717364993516,-0.096131858058547806,-0.20694990949532119,-0.20659880105423112,-0.013701225978369772,0.97832980727852803,-2.3240082918529867,-2.6158692738043468,-2.8322403017257369,,0.0772664137007991,0.4186851211072664,False,5
0.88299763785299545,0.46886201157008123,0.021990580994756648,-0.46662253180661933,0.88191971761975962,-0.066940454762900503,-0.050779763256739816,0.048846962852774602,0.9975146063410042,-1.165274586144796,-4.5150784995418496,-3.3416634518655504,,0.1819871143164828,0.1714285714285714,False,3
-0.44562997410211075,0.89521672869360713,-0.00096687582955731072,-0.87233919338925914,-0.43448386901886699,-0.22416087803043042,-0.20109265988277542,-0.099049362590143492,0.97455167431581435,-13.435784363764165,-15.117284266091749,-6.5535819331894887,,0.2518547778303537,1.0,False,3
-0.21454969868088195,0.97645032219617001,-0.022653809369278764,-0.9516094657892773,-0.21420382612025757,-0.22035459036673136,-0.22001784340409822,-0.025719431534139879,0.97515673582525753,10.659337033055822,-8.3387350743118986,-4.0402103703560703,0.2845779597229501,0.2379962719117747,0.9664429530201343,True,5
0.16372239800740085,0.98533848900775334,-0.047989983023780249,-0.96698734151824561,0.15066384637879215,-0.20551371423295059,-0.19527021722265117,0.080052904221297391,0.97747689220336731,1.3588892060004383,-9.9174867909740403,-4.8324541214225913,0.2906889042677373,0.2778872631695126,0.93717277486911,True,5
0.18784234611947365,0.98117345613167617,-0.044876519327522651,-0.96311789212066368,0.1750384587103751,-0.20436600463224186,-0.19266338230546301,0.081609968477619449,0.97786534561957972,18.313523264723131,-7.8909783883239335,-3.7045371588401945,0.2531565939150215,0.2082407450021574,0.9333333333333333,True,5
-0.88277414722859848,-0.4305543327785899,-0.18797013462357418,0.46887679121569459,-0.78240936077228695,-0.4098660108318033,0.029399993947197965,-0.44995395175671615,0.8925676902366676,12.867572660265534,-4.3553052367507634,-2.7017257673408048,,0.2774238005571995,0.2380952380952381,False,5
-0.99009385559428142,0.12313529215402209,-0.067467450971515436,-0.1051639608131579,-0.96872800309039364,-0.22473672902884981,-0.09303063183994191,-0.21541531016768908,0.97208103864071893,3.7683283215088923,5.1943500017212587,-0.45668858472828772,0.3014124007179169,0.2182066371836948,0.986046511627907,True,5
-0.0038276531980916285,-0.99585728578276778,-0.090849410699095801,0.9778701553528697,0.015276452327601487,-0.20865423378028147,0.20917769561104976,-0.08963758339926596,0.97376064579607524,8.9030280586537138,-14.955389527026201,-6.1581342353174682,0.251982757629796,0.2328851483275176,0.989010989010989,True,4
-0.80474428704091616,0.59113669318221151,-0.054259031032707176,-0.56634204585882797,-0.79193888121730027,-0.22823123254438465,-0.17788569241916474,-0.1529386098730193,0.97209385454423225,8.8448345998324083,1.5607667763483266,-1.2050848582791964,0.2623213714230565,0.2163381009590507,0.9791666666666666,True,5
0.56971191268739729,0.8204643913519637,-0.047607972709616711,-0.81099344987217437,0.55186354851509034,-0.19425819953032183,-0.13310883068563517,0.14928096443882205,0.97979448500678867,8.5446450959312088,8.7138522650489882,0.54471852217802685,0.2703990801203369,0.2539139517879657,0.9827586206896551,True,5
-0.92778080773276383,-0.35028263053818198,-0.12854902390136225,0.37276563410986974,-0.8550096283546017,-0.36056111471925811,0.016387642582390352,-0.38244034066005489,0.92383485050436054,-6.7114564461052222,-6.3102644365951264,-4.0749377594559437,,0.3454580450117438,0.3618421052631579,False,5
-0.90143287498347469,0.42847590545083114,-0.061864128112477997,-0.39965509822077605,-0.87856154497939498,-0.26154428716674399,-0.16641686923256474,-0.21104030451908659,0.9632068394188873,-18.771571694370472,-4.6214225225246537,-3.9371798595921761,0.2450856768014501,0.2692780405438782,0.9859154929577465,True,4
-0.17207462655939401,0.98480174860123937,-0.023576234779644951,-0.96321286507122228,-0.17322121721504211,-0.20546383250544456,-0.20642504561155184,-0.012646179600142644,0.97838069006179196,5.6137129385409432,17.862133888201235,2.7272498812493824,,0.1877184537407285,0.5675675675675675,False,3
-0.77793277547084416,0.62592619113196324,-0.055108983870712058,-0.60046711618138204,-0.76638580617105212,-0.22823680352730566,-0.18509413613900375,-0.14446175741205791,0.97204473220751297,6.8868949346427888,4.0317847808769844,-0.66380689200635423,0.2325948898316832,0.2255082900934521,0.9819004524886877,True,5
0.47066589187841906,0.88073265579571902,-0.052759901793995576,-0.86925546729972603,0.45262246085862418,-0.19881609717479681,-0.15122351269504092,0.13943778878518948,0.97861563050406553,23.552811081813367,0.39530826785772444,-1.0167511906844342,0.300711471661152,0.3132260273248936,0.8970588235294118,True,4
0.83394943937192911,0.55172841435421749,0.01113954062908161,-0.54721339794551027,0.82939653510955491,-0.11251170897819765,-0.07131500319129655,0.087733370745953776,0.99358795583349291,-9.740944326450375,-9.0261705144749609,-4.9287096313077363,,0.4481032801646509,0.3909774436090225,False,5
0.5136341609793047,0.85800799689283158,-0.0014919594621920287,-0.84583712091899432,0.50605485142919382,-0.16872478247265144,-0.1440121993115604,0.08792476677778438,0.98566207284064622,2.6095413108568297,-15.798812629839627,-6.4768624216436921,0.302781803530023,0.1997955200577428,0.6274509803921569,True,5
-0.25572724762919286,0.96556428514155535,-0.047845439480410458,-0.94135799955671229,-0.25997379697821948,-0.21507845441910522,-0.220110634660348,-0.0099617339757476428,0.97542404746121236,-8.9770845955082397,3.4199869618326653,-1.3938329326362964,0.252282220695154,0.2213432265348474,0.9886363636363636,True,5
0.38294390056862387,0.9232608736442568,-0.030713648675008084,-0.90815054194900313,0.370171638902974,-0.19553912884540198,-0.1691643052627248,0.10277313340328881,0.98021483404172649,-15.261246335632201,12.80073742126191,0.78177698484712921,0.2614765509082273,0.2775034461292373,0.7222222222222222,True,5
-0.97491784062919973,0.21219055962475908,-0.06715929145717027,-0.19209308248049881,-0.95461787288533384,-0.22760703950234176,-0.1124075250418666,-0.208997328150414,0.97143433393099166,-23.969413523259426,2.5734957194785606,-2.0093037554949236,0.3126298979487412,0.3482884643981516,0.9649122807017544,True,2
-0.8906942197269565,0.450409185288416,-0.061606596666378355,-0.42620998848794767,-0.87450322991592822,-0.23149329705136962,-0.15814187509351235,-0.17993239473323147,0.97088386569531204,10.921356408097539,4.3548092131494318,-0.39258899939175901,,0.2538531551827014,0.8452380952380952,False,5
-0.50032382243912243,0.85965091900680701,0.10332652200987835,-0.84501862228295954,-0.45879118484102144,-0.2746892366059896,-0.18873155723120325,-0.22474640411567048,0.95596519452444551,7.1971568407078168,-9.193951654110105,-4.433238286534932,,0.2687821865964318,0.3089430894308943,False,7
-0.41178487373149636,0.91024531305503276,-0.043436019929099443,-0.88535789870156145,-0.41090419161289637,-0.21748364656154784,-0.21581151260461448,-0.051100052605625751,0.9750970083284074,-13.284890882154262,8.7788238795415712,-0.17706389149879839,0.2844653419922826,0.2534179323379013,0.9883720930232558,True,5
0.28774247096555866,0.95770733871693658,0.00096112972968248611,-0.94144012777070307,0.2830389011554616,-0.18324700885905573,-0.17576904228480236,0.051823101030635824,0.98306643212646172,12.340031645810582,10.678804473640874,1.2506744266619574,0.342481910794287,0.3221689436324255,0.9056603773584906,True,6
-0.38347028940711742,0.92350699289822813,0.0092396542194030026,-0.89534445657558404,-0.3692853361842075,-0.2489711721438643,-0.22651454969028909,-0.10374572062205453,0.96846682144057794,6.034913615103104,-12.371711532969487,-5.3569221407421823,,0.1213007054986277,0.3448275862068966,False,5
-0.475038622265743,0.87941072718508762,-0.031226275276744667,-0.85293697098420285,-0.46888525743961623,-0.22944528516419094,-0.21641818519744779,-0.082361327500102319,0.97282052859109758,11.335970945856655,-3.5862676936035083,-2.5931203904220568,0.2002322365856544,0.1772404892263307,0.8244274809160306,True,5
-0.63066334810152302,0.77480651481726104,-0.044029603201779392,-0.74906083780951049,-0.62257872432063988,-0.22650296528610497,-0.20290786732280991,-0.10986626697951284,0.97301479986611428,6.2115152957294955,12.864881440302092,1.5105385229342327,0.2190316821158316,0.2171219307379778,0.9148936170212766,True,5
0.84738669823400492,0.52934744883149243,-0.041557936325839206,-0.52784610768986506,0.83132129560166124,-0.17402123455439461,-0.057569699084947565,0.16939947430487126,0.98386459833276962,-20.185939556477166,19.722672047056601,2.2871093388032881,0.3243513665240866,0.2805669917434547,0.5882352941176471,True,5
-0.34605050615769228,0.93720601238741019,-0.043519392607123314,-0.91281782055880678,-0.34704006706621904,-0.21523665654563379,-0.21682406152978936,-0.034757476829628618,0.97559174050735098,-18.233740862102437,-8.6438013128424078,-5.0279782454806874,0.2933651771265335,0.2645147113458948,0.7115384615384616,True,5
-0.62159261453962955,0.783023657133887,0.022283938576038637,-0.76189136182679806,-0.59771617154269918,-0.24951338851862531,-0.18205541552915988,-0.17207361984049746,0.96811491829818064,1.4617770619474835,19.081639403245891,2.8843208682159567,,0.2928975441679765,0.5652173913043478,False,3
-0.54181059993986669,0.83977815320452431,0.034841457966078994,-0.81017826110211988,-0.51078103817272447,-0.28760027169796099,-0.22372406895626776,-0.18405266758076119,0.95711658460506177,-15.140610105896636,0.22513312462824792,-2.4162913703705735,0.3447059993567751,0.1512187100297339,0.5483870967741935,True,5
-0.9973564205369182,0.02177090668036983,-0.06932674834508154,-0.0053444316922800729,-0.97345620087467621,-0.22881097444950127,-0.072467975435182352,-0.22783558238554047,0.97099914517746555,-15.924138378133545,1.6178540812070348,-2.0539522143364874,0.2698583490661353,0.2426955912005644,0.991869918699187,True,5
-0.83141349775143669,-0.51379583778688132,-0.21157843186298186,0.55250884749784024,-0.72397242320158883,-0.41303499110877739,0.059038709278996106,-0.46030182219549848,0.8857971908344332,7.8012637864543466,-9.8464268819324108,-4.5664326992907336,,0.3712527616348955,0.175,False,1
-0.46488337408940156,0.88497127606725423,-0.026632480754692295,-0.85903339837072834,-0.45813214203358049,-0.22842189238197133,-0.21434800903878551,-0.083311349596670664,0.97319789870790896,21.655573503776843,7.1668715547553568,0.75969487152346082,0.3002111116976774,0.3294928280470045,0.9682539682539683,True,5
0.71861927106849988,0.69265575672830915,0.061760391191382089,-0.68939493092780502,0.72124462700620562,-0.067385586186718277,-0.091219364501327754,0.0058472802065659898,0.99581365568772995,12.303575373037271,2.3168120664316838,-0.87709964246796357,,0.242055548493695,0.3287671232876712,False,3
-0.62984902931899245,0.77663109702652922,-0.011590487362236362,-0.749890258829365,-0.61191475771760373,-0.25144567803053602,-0.20237292303752627,-0.14968122266596298,0.96780201053855597,-16.911510066885032,9.5089108397593396,-0.090645792975630038,0.2373612958353551,0.2251967278543852,0.8888888888888888,True,5
-0.1983715072448998,0.97980566033669902,-0.025092092091983025,-0.9553432400356805,-0.1990127644359759,-0.21843354437833062,-0.21901606980200344,-0.019359430872746393,0.97552917619349944,6.4652280854759523,-7.8834468843901,-4.0148667429741582,0.2948211132545474,0.2596563501852073,0.9883720930232558,True,5
-0.41388401569921873,-0.8846111034867824,-0.2148562708802926,0.89384066873441825,-0.35018768921396293,-0.28003114333836687,0.17247863770651919,-0.30794768697115088,0.93563846737082224,0.66394269159154296,-6.6183834968667776,-3.9454216134933402,,0.7785470603853903,0.4712918660287082,False,4
-0.1761840533770872,0.98353274274438696,-0.040280557162519437,-0.95978422440785749,-0.18072821014872378,-0.21482913357886499,-0.21857131996999687,0.00081117577753293812,0.97582063929824248,-14.790003827265377,-1.1404296306605901,-2.7239885845291343,0.3023901044263157,0.2653447289643698,1.0,True,5
0.4947363946923175,0.86674513221013894,0.063156753850046127,-0.85590949289637419,0.49855801861980104,-0.1373274992118047,-0.15051524752236098,0.013884446691386304,0.98851018325728679,12.875207148074276,10.057395532467678,1.0406578820249415,,0.1785026567676939,0.1538461538461539,False,5
0.88315710134241576,0.46488175492471417,-0.062597829727386617,-0.4686805726543522,0.86903008598286058,-0.1585094018442105,-0.019288731551072046,0.16932709055180445,0.98537113883064908,-2.2855244499145391,19.481249891132588,2.7569084612855796,,0.188995273700494,0.3571428571428572,False,3
-0.21275719843216712,-0.97103998688969972,-0.1087001305268106,0.95800473314032131,-0.18541466274781773,-0.21874262071862821,0.1922532335125631,-0.15067430669946083,0.96970920770331914,13.63956890522554,-14.825111963211372,-6.0186457000679079,0.4438260612979015,0.1724830388038071,0.7575757575757576,True,4
0.85290622195337906,0.51910230984765149,-0.055531688827602302,-0.51962097892563486,0.83381989420430802,-0.18638246239783712,-0.050448139842592395,0.18782219235209949,0.98090662616095736,19.911646507823363,-15.880690813507782,-5.9540882897644227,,0.2147784201130671,0.4,True,1
-0.10344643526402571,0.95235116701949518,0.28692523365464301,-0.97097688111739144,-0.034149523803527163,-0.2367228471431011,-0.21564491964038807,-0.30308590317036854,0.9282436123845359,8.9238773814308701,11.815988544609146,1.3901224003563288,,0.6633055818557875,0.1958041958041958,False,1
0.95328966049571195,0.29893601554117083,-0.043313759988485426,-0.30203855725322665,0.94499040315594673,-0.1255621275526653,0.0033960454002527202,0.13277950352193421,0.99113978344132092,-8.5538124152893964,-19.919612081861477,-7.8133063784941559,,0.1631432103703418,0.5714285714285714,False,1
-0.99139452488235114,0.1139279701936895,-0.064477233507989368,-0.09403940451428372,-0.96244803973557802,-0.254657340769401,-0.091068580926117984,-0.24640249271606343,0.96487943555213873,-0.71359824636903524,-10.101878690180584,-4.9240452101673382,,0.0986667094894487,0.3658536585365854,False,1
-0.83360991356025571,0.55032201617275989,-0.047330651058387817,-0.52536467480509264,-0.81641984577827964,-0.23968853515825228,-0.17054756075945945,-0.17494088697305182,0.96969542413279408,-22.269888567497322,15.656855482230961,1.2167408075587454,0.299122565734168,0.2882726546276613,0.9666666666666667,True,3
-0.61850506967838081,0.78572261575386226,-0.0095629428027950852,-0.75847185585925747,-0.60014592653617094,-0.25405769173842102,-0.20535803527389646,-0.1498827473558888,0.96714178867087286,11.710413210628785,-20.767092769534262,-7.6484076755028605,,0.2141362149003858,0.875,False,2
-0.10923266546754498,0.99364311731148613,-0.027231970445905168,-0.96981484568515108,-0.11254164418922771,-0.21631815321852013,-0.21800777482360878,0.0027809607506223688,0.97594307025244098,-0.41020404614106332,16.505967382129299,2.1616987111919563,,0.2548500769327582,0.7974683544303798,False,2
-0.25008517130325614,-0.96118318597632291,-0.11655166275359186,0.95020824929115377,-0.22053373157545045,-0.22015711711513844,0.18590774613571814,-0.16580638176443382,0.96847640843384752,-27.705251271355685,14.350027231785042,0.50863398553911265,,0.1513618535505695,0.391304347826087,False,1
-0.65620761095820945,0.75216628013913367,0.060311345053624482,-0.72627606619878393,-0.60788703236184871,-0.32093057123484536,-0.20473066938624163,-0.25439976986617524,0.94518046430546687,-13.095859780915013,19.478598737674112,2.409780796261535,,0.2792947381876172,0.2432432432432433,False,2
-0.6812857375070599,0.73198952843152887,-0.0064089106757005479,-0.70367144816356109,-0.6572917886278814,-0.26984068937385552,-0.20173308332759471,-0.17932884561315954,0.96288365248465657,-8.9152888935215202,19.379433801917852,2.5986575614280061,,0.2143848938929998,0.4285714285714285,False,2
-0.21676191796061672,0.97514781411744023,-0.045836792470831778,-0.95122476916487453,-0.22153581833527147,-0.21469354839341098,-0.2195124357508412,-0.0029362929862010237,0.97560528326482143,-24.232460025986995,-5.2474221720947156,-4.280995305205332,,0.4094198221903291,0.9555555555555556,True,1
0.97453716311153993,-0.21212044253782092,-0.072678989894407187,0.20684714012477232,0.97558778237844701,-0.073774924575408157,0.08655390422572018,0.056862964497670684,0.99462305670631912,20.235933946351121,-3.0510395247614457,-1.9866695572855615,,0.1784002552980338,0.1515151515151515,False,2
0.72367757048576131,0.68856804090872037,-0.046527701586809737,-0.6835883679637681,0.70591224737855496,-0.18545846485288464,-0.094856297421186009,0.16601792686358713,0.98154996347585821,5.5653640331101881,-19.547383431431641,-7.3614845910668949,,0.1953352058866659,0.8048780487804879,False,1
0.37363540217002122,0.92739394912970818,-0.018358904184385016,-0.91207012676371102,0.36371389674149762,-0.18931530625478701,-0.16889248091752057,0.087479508656142971,0.98174470482646581,-20.224544699085136,-13.715483868767071,-6.357766525985614,,0.2617127279816831,0.975,False,1
-0.16551644600241844,0.98533647224099163,-0.041428765060126306,-0.96132363800169984,-0.17057478728843273,-0.21624316165068452,-0.22013897683487735,0.0040346515567705604,0.97546017472007007,1.8767765031750518,-1.0736723219798983,-2.1310777687630531,,0.2429117286026316,0.8946700507614214,False,2
0.34173362152820025,-0.92013930234585295,-0.1912113913858372,0.91359253968264742,0.37296707908478072,-0.16200070788480236,0.22037877246556889,-0.11932821207683414,0.96808779273840373,-27.208075286796063,-2.1747000214989596,-3.4588538770469173,,0.43582695444104,0.4864864864864865,False,1
-0.89352561658179275,-0.44112776221856026,-0.083775115112859233,0.43207244036929809,-0.79395315019427082,-0.42772865413707517,0.12216946748450225,-0.41838342784656229,0.90001662680081285,14.900150361865503,-3.1047435601924285,-2.2547823402945517,,0.2977044706061804,0.2777777777777778,False,2
-0.43696496112865185,0.89866301521565961,-0.038293704826450281,-0.87255859819067838,-0.43384057890527727,-0.22455254355863499,-0.21841042893908363,-0.064708092064543782,0.97370927249976025,-7.2774114879381386,14.843227119755129,1.5571530923065766,0.2977231966804618,0.2841762335890359,0.96,True,2
-0.97779186913054938,0.20499089425518396,-0.043609562422099506,-0.1793690229962096,-0.92615521868710293,-0.33175784013046361,-0.10839656014640048,-0.31656791399493567,0.94235605881074624,14.05137585211186,16.039063888365664,2.5973575366237722,,0.2717148199553278,0.15,False,1
-0.92274210002806278,0.37218225279828682,0.10013684405748605,-0.35799932983294142,-0.73142136453043904,-0.58039578508772438,-0.14277078368828136,-0.57140454864344858,0.80815428298970904,24.692532628386889,-0.89124378298658202,-1.228624040368822,,0.2489105861375444,0.282051282051282,False,1
0.19535083707956705,-0.96896895577262876,-0.15145036547071783,0.955969439762827,0.22261736351742775,-0.19121699636825285,0.2189988143617666,-0.10742752072653874,0.96979319810910691,-20.439649724403012,11.780540942382972,0.3246728768194313,,0.1626552628453873,0.2962962962962963,False,1
0.33186956676409174,0.94325675984733526,-0.0113699453877628,-0.92693784015874914,0.32384376296389061,-0.18950318644081149,-0.17506807572383828,0.073429573004982804,0.98181427300210788,16.988082998326764,15.273680283079482,2.4898457225214452,0.3033839067868985,0.3040845318211555,0.9117647058823529,True,1
