axis_00,axis_01,axis_02,axis_10,axis_11,axis_12,axis_20,axis_21,axis_22,location_x,location_y,location_z,dbh,dbh_approximation,score,reconstructed,number_clusters
0.66123001808388182,0.74555461945772006,0.083205604318726062,-0.73319373457208903,0.66573881564282578,-0.13863180346053786,-0.15875078194775294,0.030661682141438239,0.98684246487432603,22.610794609947153,6.559089169266521,-2.6992369480988305,0.2345979167058988,0.2341403346034213,0.98,True,3
0.98039967081592183,0.18697377519924852,0.062107107900577982,-0.17779461642559999,0.9754452265197131,-0.12998340059400135,-0.084885569056860205,0.11639337372740637,0.98956910962208522,10.228439891693144,9.6125233053143493,-1.2539374860770571,0.3044845291749574,0.3100966038257856,1.0,True,5
0.96632038404193688,-0.25357496066605539,0.04387088679585556,0.25706660552715455,0.95904103265545093,-0.11898343584682317,-0.011902760511437398,0.12625385937220782,0.99192655337269442,-14.296851627738739,-11.396723149904592,-2.5180605944415988,,0.1647166093349846,0.98,True,5
-0.17449582877297357,-0.88358228351877366,-0.4345498291250196,0.96965144573637652,-0.077442708718316836,-0.23190235153556804,0.17125209348264731,-0.4618278630811708,0.87028026828125404,-13.355392449421684,-0.45985251443976849,-1.1737769383259091,,0.4580774249283369,0.2027027027027027,False,3
0.95833433885347119,-0.28236695524341632,0.043176354186553301,0.28562927027767715,0.94903057075883523,-0.13325500262954826,-0.0033488706934913584,0.14003527538346147,0.99014085195660728,6.7227293618129957,-12.368449133682715,-3.9460228633783823,0.2696725267282301,0.2381563399965394,0.9788732394366197,True,5
0.97220463061040985,-0.22959967889366772,0.045849140358373591,0.23379736088851225,0.96249399573028704,-0.13763757562785581,-0.012527979136471201,0.14453129638618656,0.98942091856989023,-6.3021069031735903,-21.950414079380678,-4.297166621709394,0.2367774525544423,0.2287948109103902,0.5,True,5
0.1345911235862168,-0.99052340428628849,0.027360829901525604,0.97835434759617124,0.12845611837106868,-0.16223993402583234,0.1571877857578893,0.048604641899087406,0.98637193228233755,19.209162830136563,3.7416963961237824,-2.737196796254791,0.209003903992108,0.269480210994636,0.7464788732394366,True,5
0.97378912689937702,0.21930385575452721,0.060337013381054953,-0.21012351414658673,0.96892723965517313,-0.13049181222166634,-0.087079533388950053,0.11439328260611706,0.9896117075698726,-10.71094559558902,-3.8089897741922738,-1.8353816965033771,0.2143159646209794,0.2046508682191275,0.9760479041916168,True,5
0.97709525680920872,0.16640004159842123,0.13264948276187141,-0.1863505337690336,0.97005323632526119,0.1557889510167037,-0.1027537721202713,-0.17693994701856411,0.97884315263688959,10.622043421157978,8.0887832758558371,-1.4664964694217288,,0.2977031262375502,0.2352941176470588,False,5
-0.90662065110774914,0.41755536694539264,0.06071664121194132,-0.42147100470463261,-0.8893430914706183,-0.1772880645919262,-0.020029657466579955,-0.18632332432785242,0.98228429267355666,4.690950699869374,4.2732783539164174,-1.6678476348094968,,0.08897078560460273,0.7266666666666667,False,5
0.81348013628121096,-0.58137887531073618,0.015769312550871037,0.57890719791488587,0.80682358273590482,-0.11790743209626242,0.055825837013325941,0.10504432247210395,0.99289937367194436,-12.36884473430128,-11.659222510462461,-2.6415424070077851,,0.1467077294668944,0.8135593220338984,True,4
0.84966801631925581,0.4916578395667765,0.19062222020695962,-0.51085425520795968,0.8570993199196919,0.066397934675124032,-0.13073711018689935,-0.15379637377302224,0.97941537839378812,6.6207281940898142,7.1390499983717355,-1.3802536284303319,,0.3566883722603563,0.277027027027027,False,1
0.64851156173779811,0.75686946986872117,0.081125580879542455,-0.74445063107277909,0.65286271071635038,-0.13986972099578965,-0.15882698822222585,0.030313141320888436,0.98684097061052201,-14.853233942448652,2.683353974514445,-0.63573090220083217,,0.1661723646464614,0.3469387755102041,True,2
0.77587052242095755,-0.63035546523846153,0.02601768402901131,0.62772056947525168,0.76718342584096655,-0.1318957079384474,0.06318084437467153,0.11866582725840333,0.990922097011255,-11.484897438187639,-9.7400214646251033,-2.4632534533967592,,0.2016566629651614,0.8875,True,5
0.81934664611339558,-0.57317687568008346,0.011804350399262704,0.5709566285885701,0.8139676619681524,-0.10707555062138807,0.051764870071351138,0.094471765389020593,0.99418081040159823,-9.6680411922129679,-15.170573967539307,-3.1912469515639277,,0.1707732537067925,0.56,False,1
0.38931936974211412,0.91902739052914739,0.061798736239414509,-0.90490040754052548,0.3941380029966553,-0.16065642541398495,-0.17200488590907512,0.0066249566786579298,0.98507381914880476,-12.933527334287909,-4.010593448533025,-1.7341416874508164,0.2251512618644069,0.2274989859995034,0.9285714285714286,True,5
0.84696548892365164,-0.53043218173929352,0.035932730867744886,0.52989904313233327,0.83677155907422729,-0.13791432852290994,0.043086710941519238,0.13584939639093313,0.98979213819895651,12.998232898264112,-20.795121876898065,-5.4329502198254467,0.2692399192001256,0.2707344937503926,0.9361702127659575,True,2
-0.24113109289937296,-0.96978767576892266,-0.036981886970047187,0.95570078936360181,-0.23065570011278508,-0.18284952615544248,0.16879513395516724,-0.079434324647423893,0.98244510829911802,5.2775627830805574,-8.1768045205377309,-3.2921229593225023,,0.3289041626149833,0.2210526315789474,False,5
0.77316657494071528,-0.63286158322460118,0.041226979914775641,0.63093487949549876,0.76096456647053468,-0.15117574677278861,0.064301051550051752,0.14289557395091429,0.9876468142584145,-10.563914246816456,2.3038441259141877,-0.95302170214362303,0.1852224664971713,0.213885496046991,0.912751677852349,True,5
0.99660298653416479,0.066001540836049824,0.04925732268863045,-0.060863475391528407,0.99318655804329625,-0.099378560491566112,-0.055480848898060785,0.096042998336048888,0.99382977308801401,4.6588983883231947,10.244925525556056,-0.78966189161790468,0.1146723979686174,0.1466616861058549,0.3055555555555556,True,5
0.78994312400391509,0.60835590559490582,0.076765571493594836,-0.59620965392046454,0.79128726861256038,-0.13564109666216448,-0.14326168158644606,0.061380376827424359,0.98777960088754035,13.874716042606442,-6.9132606690797767,-3.7241574191299445,0.3406908957435408,0.2852541802101229,0.9333333333333333,True,5
0.95742897096579327,-0.28512160090521144,0.045115831507704478,0.28865552073815604,0.94712724839321849,-0.14009984189311142,-0.0027849421477332825,0.14715858129358333,0.98910899098577332,6.6863502379799353,-4.2795180347295547,-2.8322746507329235,0.202146861663331,0.1597194250240989,0.9391304347826087,True,5
0.99077531316324374,-0.13145919358162825,0.032905307309668286,0.12960477428951761,0.9901336326996848,0.053272806179968546,-0.039583851601870432,-0.048516696299246327,0.9980376991239196,12.780647495685139,4.5219679770780656,-2.1413001567174716,,0.4632145234723813,0.2608695652173913,False,4
-0.9649927961501561,-0.25810910268401976,-0.046568170352223041,0.24635801474464877,-0.8311074569282092,-0.49856606744683329,0.089981286662166898,-0.49258510548937118,0.8655999548871558,3.9249805919650114,12.364791372220258,-0.4897773733577569,,0.2895080901772555,0.3243243243243243,False,2
-0.98966586391028222,0.098262026035196987,0.10443204513066587,-0.12671965404620064,-0.9401743381952723,-0.31625044360046944,0.067108919594390665,-0.32621586110816375,0.94291017858136084,9.5559126948628244,0.33848246735994519,-2.5014122588796766,,0.2032787268182672,0.1304347826086956,False,2
0.99312510126161213,0.10349367948172442,0.054695443607712682,-0.095068958395401484,0.98572335881382711,-0.13896529436660887,-0.068296606019068215,0.13281008318692866,0.98878564684675474,-10.205995465019614,0.031774626625465791,-1.2741602896295559,0.1661864397740873,0.1557117867326643,0.8625954198473282,True,5
0.85858478448952757,-0.51119644482174886,0.038863384369835413,0.51101238750433542,0.84724966866804885,-0.14503219904214945,0.041212955004364907,0.14438211019197431,0.98866338993427005,8.4995153594051338,-1.8391029743498271,-2.6185395829476441,0.1885318788580427,0.1949897114050713,0.9759615384615384,True,5
0.99506988850567613,-0.084707140456748806,0.05158117238820624,0.091579704874434995,0.98442631287545723,-0.1500599619270368,-0.038066713076027353,0.15404393812829184,0.98733043631882134,11.636035447367581,-2.6560188417947703,-3.0102422967283951,0.2198813639774037,0.2182425162957295,0.984251968503937,True,5
0.95665494383403549,-0.28774338076697437,0.044889478307155305,0.29121531457542355,0.94637287837005113,-0.13990002016554412,-0.0022268800222710189,0.14690854948019408,0.98914757195020719,8.4398913468350489,0.09726997253520564,-2.3719913189380879,0.1769946243742353,0.1581515848138281,0.8351648351648352,True,5
-0.99121867140412234,0.10274703898846002,0.083238160953681667,-0.13091792079565251,-0.8510871962422053,-0.50843985131687486,0.018602243799884618,-0.51487244087413186,0.85706494862053717,2.8734005777105605,12.700774649609464,-0.41078549219814137,,0.3492984807735421,0.125,False,2
0.87697270052155885,-0.4797555020571253,0.027450697365311406,0.47929813806422289,0.86917308665728454,-0.12170226077940993,0.034527921861810251,0.11988662843105624,0.99218698788854343,18.237493850848448,10.99006316951915,-1.7716952957203858,0.2639748812041819,0.2402155923188165,0.6578947368421053,True,4
0.6012023009380838,-0.79906177190238148,0.0074885266228260777,0.79273232133330807,0.59520733602066123,-0.13154350558158701,0.10065416067038158,0.085020655322190983,0.99128211327972982,4.2129095816455031,10.083993908185402,-0.8311741416222046,,0.06975458682250502,0.2222222222222222,False,4
0.83536909099135026,0.54297307182235022,0.085666359162080666,-0.53335899892554572,0.83835278609542074,-0.11266225770499243,-0.13299120302270229,0.048423644243769146,0.98993357888129452,-10.627563619403997,-1.7861155721235142,-1.5722591931012075,,0.204298864707775,0.8102189781021898,False,5
0.99108335634912337,0.11807688960223427,0.061738390889449934,-0.11239954220691883,0.98971265662230123,-0.088516666415440981,-0.071555039511077417,0.080788027971285037,0.99415952988294565,3.2374733645242988,11.753288047474282,-0.54578102121965555,0.1755366366999789,0.1708450784872424,0.7558139534883721,True,5
0.44369398975656132,0.87965493563519204,0.17129751214350217,-0.86924702076253468,0.46893229755648286,-0.15656346062813789,-0.21804875681682925,-0.079433585598580408,0.97269987412849557,-8.8145238446512817,1.4166456984529658,-1.178564661506166,,0.3301885307271321,0.9148936170212766,False,8
0.9898389918484648,-0.13567472454864296,0.04255748271531775,0.13965135139913076,0.98391799886219622,-0.11136818022850022,-0.026763226053882559,0.11617977721471609,0.99286755868923826,12.49880213736159,3.765482046797036,-2.2308679829482978,0.3353020830002231,0.3091004828537446,0.9838709677419355,True,5
0.30624192261382033,-0.94920315302910785,-0.07231361637610377,0.94806018675815107,0.31097153677491041,-0.066922235467365143,0.086010273327607703,-0.048063266591545507,0.99513423983232518,-10.328185952731888,-21.744184412985724,-4.0135205215285197,,0.1977298934707997,0.4516129032258064,False,4
0.9192643164441221,-0.39243520129129283,0.030785212358908385,0.39317519385380634,0.91156182923609319,-0.12028424010554756,0.019141145486682637,0.12267699159667125,0.99226204819203279,-9.8275268746562201,17.51881680919421,1.0235387261300197,0.3346983633410907,0.3227408499218284,1.0,True,5
0.99060534980306691,0.12515728407196625,0.055106217301437513,-0.11643707370400426,0.9832682140602248,-0.1400929230406194,-0.071717841635066032,0.13236039234811056,0.98860370104944628,6.363678684313733,-8.5976228999553541,-3.3782061600074509,0.2424895825915593,0.2456397892728918,1.0,True,5
0.99808029129586573,-0.041929776201508374,0.045580982815766301,0.046803273096884992,0.99263674117349543,-0.11172176914049103,-0.040560889464830011,0.11364063507458147,0.99269361854787186,17.4809808554546,-11.43675143731873,-4.6508474394232309,0.2559941452678605,0.2728577800963956,0.9824561403508771,True,5
0.99077271792503596,0.1229871406726019,0.056952477071806465,-0.11501756700942503,0.98524855059131611,-0.12671327016908421,-0.071696448270953061,0.1189935157346337,0.99030306599466933,-17.379125962797783,0.32601171628770953,-0.85886517734366907,0.2836494731884696,0.2547706950810688,0.9759036144578314,True,5
0.75341423387812123,-0.65646431702048513,0.03770401395967423,0.65381586098019462,0.7418083021293701,-0.14914845900198884,0.069941490694510444,0.1370220543225395,0.98809571626875337,-25.825182530261717,-12.827695172240695,-2.1123203969369615,0.2152678964694441,0.2273200909919793,0.9487179487179487,True,4
0.99869550715792532,-0.044819454068551354,0.024464270264430623,0.046471354664405044,0.99633937268049266,-0.071751429548804271,-0.021158855787333314,0.072794718102613426,0.99712247584643887,-8.3532739925810233,-7.9709214506243029,-2.5468854813280775,0.4843283328828328,0.3368399648438973,0.9090909090909091,True,7
-0.096334755589056006,-0.99025367930126451,-0.10058461858508411,0.97844427492300845,-0.075668486691016335,-0.19214859091932271,0.1826647632576863,-0.11692703174288438,0.97619754840493933,-19.25942162935436,1.7361624939805433,-0.53854170818305935,,0.3918700046720918,0.3235294117647059,False,5
0.46149301284347188,0.85032112729894582,0.25293908271697813,-0.87066517557730894,0.48881980884956461,-0.054748027482368455,-0.17019503851049858,-0.19495941871406575,0.96593191992038696,4.9714539639007915,-8.203778959467579,-3.2680418533149105,,0.313569130978838,0.2411347517730496,False,1
-0.61959240599609311,0.7788858639431212,0.097170270049799612,-0.77888391188329964,-0.59476750269380463,-0.19897605270168539,-0.097185915858942262,-0.19896841128418716,0.97517509662096369,9.041236928701224,-22.723206540324913,-5.4119809392207285,,0.3166551140688097,0.5116279069767442,False,1
-0.24006802400157923,0.96528985265998268,0.10287295175917802,-0.96004599915162114,-0.22038448198255356,-0.1724597333125823,-0.14380202837561981,-0.14016483315350761,0.97962992817803751,-16.894231262947265,18.121946149431864,1.4661058887160199,0.3089723194366476,0.2491838418749363,0.4090909090909091,True,4
0.99683732217596166,0.078790318202869983,0.010365272526509803,-0.077757395978154287,0.99395886683042955,-0.077456816484189006,-0.016405501752608818,0.076405868928108522,0.9969418251360439,-7.8588765197258947,-11.151344474579551,-2.9092740161675099,0.4231844487531247,0.2779031333196053,0.9565217391304348,True,7
-0.43290388763950666,0.89811714976290136,0.077329227128987529,-0.88906550177681543,-0.41122207279443762,-0.20114407870227796,-0.14885146158820023,-0.15582680176532945,0.97650460840420428,-7.3731102254709757,-17.694667242576998,-3.6559872110655331,,0.2197808012913557,0.7560975609756098,False,5
0.64154273123750571,-0.76638616128912285,0.032789873144710303,0.76140835327555079,0.63101940126398492,-0.14856592742166108,0.093167824695748053,0.12027787416215346,0.9883587351910732,15.313552586714389,0.48395068160252114,-2.8756015834556812,0.2000761038578779,0.2259865584108634,0.971830985915493,True,5
0.78838470048772347,0.61036473987982176,0.076840408303968114,-0.59788685712608469,0.78962871947631252,-0.13790500880712225,-0.14484774804178302,0.062780328843015321,0.98746025752816391,-20.726839687588519,-8.0185625513125149,-1.8036598538715716,,0.2123063121593035,0.7777777777777778,False,3
0.99867275100928521,0.0090800547248763245,0.050698017690437198,-0.0020116778150148992,0.99046280147470211,-0.13776571433870569,-0.051465420856291577,0.1374808768559414,0.98916647686575332,17.633984910153817,-14.911218083934148,-5.0922865617118962,0.2739093616032944,0.2679558061931196,1.0,True,5
0.99083169609201549,0.10472569402305841,0.085352674420950625,-0.11398679295870096,0.98714526843746409,0.11203227228132467,-0.072522831235482865,-0.12073420398923981,0.99003216661716331,12.984365854880643,4.3780427205390753,-2.1621016717422754,,0.3118250986891241,0.25,False,4
0.99372717605542393,-0.10030738380010944,0.04944419403823546,0.10638808363848049,0.98419935400570913,-0.14153871284732389,-0.034465565839614291,0.14591113847106774,0.98869715506894873,9.3828592975410103,-9.8244660251802767,-3.7229629487809826,0.2381657216942784,0.2177809825103883,0.9813084112149533,True,5
0.99837952834074772,-0.022983624008938608,0.052058336676492983,0.029900293683802388,0.99022322950343877,-0.13624950711618478,-0.048417866823412606,0.13758527820663319,0.98930581793148031,5.7150092766472831,10.95696011395046,-0.79746259502614902,0.2901743346182963,0.2695137314134392,0.9941860465116279,True,5
0.74034988690691794,-0.66328287303211064,-0.10926058438056985,0.6683267553594191,0.74374399055444929,0.013572935750792492,0.072259207217250182,-0.083070493295834436,0.99392046971371006,14.343219877922696,13.131972206489021,-1.0738795768785616,,0.1628375976151714,0.2,False,1
0.65113772003225101,-0.758807801536313,0.015178599369779822,0.75335457318073595,0.64377363314036329,-0.13421026913365097,0.092068217202637442,0.098824235898302221,0.99083662315249721,6.7102249635957101,4.2081581435999507,-1.7850165953816242,,0.09505876424431811,0.392156862745098,False,5
0.99756921053854131,0.043898831578996288,0.05411619694240373,-0.036030089507829995,0.98968504159474879,-0.13865551230894857,-0.059644805604242485,0.13636865853119676,0.98886100445655833,-17.840451801531959,-7.8693684541807105,-1.9568277255647031,0.2414218741370864,0.2470031672901866,0.74,True,5
0.94461894183778183,-0.32768348640115047,0.017849018495591003,0.328122828490992,0.9421725155520454,-0.068164216135750119,0.0055194333350381819,0.070245880151915491,0.99751443707714949,-18.895751908875798,-1.5944667109630577,-1.0261370364861189,0.2453042695244734,0.2201659893054089,0.46875,True,5
0.35628949188491832,0.92936000969918287,0.096683868066604756,-0.91785029169676136,0.36748409206369381,-0.15002094557858175,-0.17495325091165365,-0.035290430035016522,0.98394407643086446,20.400599584347155,-0.10623869020467525,-3.3222275925990683,0.1822236957058462,0.2017017466902389,1.0,True,5
0.88987689035285622,0.45215883570888243,0.060592964165153966,-0.44015896398275722,0.8858906048245766,-0.14648523034481328,-0.11991332887364034,0.10368328493028575,0.98735534129537628,6.9427409143258014,7.2469371555515565,-1.3893542218506862,0.3258540678413057,0.2560692651186665,0.9298245614035088,True,5
0.33307486601729991,0.93781967511514752,0.097751678218223226,-0.92545249297127574,0.34500146972287032,-0.15656202969530117,-0.18055142447737935,-0.03831765723502166,0.98281887459654083,8.2064725574179835,-18.620395281406399,-4.8176697477622339,0.2556796296264051,0.2173044713303044,0.8771929824561403,True,3
0.80884309067413418,0.58245971041880829,0.080706507838917058,-0.57148668257853652,0.81097729773848415,-0.12537461540585521,-0.13847680782027855,0.055285696989591439,0.9888213516122526,-9.6556306505732241,5.1619542367086586,-0.68911806946496657,0.3412359725923038,0.2179577681523694,0.9,True,6
0.98222360829599309,-0.18147777158207465,0.047985432451981537,0.18645217313316559,0.97280008830528453,-0.13746117752714856,-0.021734084749980061,0.14396460195073862,0.98934413777271968,23.419420026133384,-8.4091283142160762,-4.6451792574191986,0.2731348779262844,0.258554470198375,0.98,True,4
0.1824732113452574,-0.9772920846834845,-0.10772051037921646,0.97128520466004997,0.19618711423013069,-0.13459445537814349,0.15267147195803932,-0.080067455467646473,0.98502823524257577,-9.3631866410214144,19.872383923783257,1.2768860872806178,,0.1765618832712468,0.3055555555555556,False,1
0.97513819100803623,0.21280977073625296,0.061786000977226099,-0.20502160246226875,0.97222578471884802,-0.1128856326182541,-0.084093108881630713,0.097411626652075894,0.99168509317808085,-15.85487808236949,15.888809360766667,1.1705572003596063,0.1874918255516098,0.2187905377118206,0.4736842105263158,True,4
0.9427962354058772,-0.33138976857891261,0.036277813960089937,0.33332385843189188,0.93526708830478578,-0.11904066084312015,0.0055194116157663842,0.12432334782777291,0.99222640626034164,-10.607770177779054,-14.264421017156183,-3.0512425298247248,0.2398786815378564,0.2259898281553072,0.9032258064516129,True,4
-0.77699983141096596,-0.62909153661651196,-0.022695826594528914,0.60999355894772256,-0.74352649862169828,-0.27400037206115591,0.15549636661229305,-0.2267425509357168,0.96146174940324192,-6.4747794217733761,-25.457326363080785,-4.7558994854836794,,0.1847534756134982,0.2941176470588235,False,2
0.65741415137285042,0.75096628975305579,0.062098834363008698,-0.73893636213925373,0.65862974357982607,-0.14205602268252768,-0.1475794236440883,0.047502552841946585,0.98790881218378523,-17.709474003543583,13.74364520135355,0.97109662709373257,0.3195485559623658,0.2476143105187934,0.6571428571428571,True,4
-0.96221799393583496,-0.26600466483361923,-0.058120998209353215,0.26093469741860303,-0.83989353826516899,-0.47591168094876352,0.077779276347622925,-0.47309656801457511,0.87757052223947885,-9.4691786980896619,-1.8986191171203093,-1.6297712703019329,0.6691058356576236,0.6154971738668202,0.2714932126696832,True,5
0.75547873061287829,-0.65449764853971881,0.029744169975543293,0.65167225221968206,0.7459800632164808,-0.13724802720062432,0.067639953270846376,0.1230714156070167,0.99009002791766565,-16.21733151447355,-12.49669879390173,-2.5817701100352641,0.2123321926017603,0.2072301359888742,0.775,True,4
0.84845232859140363,-0.52856751226493215,0.027295257571348402,0.52699424383877391,0.83889794044321664,-0.13611507073402615,0.049048068959178133,0.12987159234486539,0.9903169474633795,-20.196031873187888,-14.318883643335745,-2.6030730985301753,0.2024387353427766,0.2124602883284686,0.8085106382978723,True,4
0.91563415137495852,-0.40199030136308334,0.0042306554902697205,0.40159533047211454,0.91415386512828034,-0.055171563454549238,0.018310963351310487,0.052215979173464391,0.99846792644536342,-8.1482808933986384,2.2183280211511129,-1.1595607030850077,,0.6148849654394501,0.2280701754385965,False,1
0.77588767673028236,0.60162345198151124,0.18986188433684009,-0.61461510273481135,0.78872970897126182,0.01239845459669478,-0.14229050772403173,-0.12631178967918721,0.98173252120915244,5.6061836872892323,5.3916454695643381,-1.5494031937212414,,0.09473086101951853,0.3478260869565217,False,2
0.80900121378977685,-0.58776188436765597,0.0072803414240381129,0.58469239478918411,0.80337956146185663,-0.11276561400109797,0.060430452276624698,0.095484278862741398,0.99359494409326865,-23.509851786917963,-9.614406664848083,-1.7982434319312017,0.2097394865104631,0.2066513680152446,0.9032258064516129,True,3
0.89208626942775382,0.44331276665421593,0.087497878944904753,-0.43480791034313354,0.89486503071516599,-0.10079016770589361,-0.1229803602267862,0.051868754800257773,0.99105270458939787,20.547097111983653,16.803408174530716,-1.142329724342358,0.2894776836952285,0.3002825636666069,0.9333333333333333,True,3
0.98781169415798586,-0.14898284086096844,0.045079596423723986,0.15393213344772363,0.97797478226173595,-0.14096178046670418,-0.023085821990188646,0.14618289362680731,0.98898817305058384,22.466254972880435,2.353968955949556,-3.2246930513151266,0.2611153638414229,0.2365980806629551,0.7241379310344828,True,3
-0.99807819668951103,0.029435620501280742,0.05452941902054715,-0.041117315509404395,-0.97293583700891895,-0.22738782603528845,0.046360324182580112,-0.22919293468486129,0.9722763593918281,-5.2703189724318991,-26.147051712653106,-4.9263239363496822,,0.151724525145082,0.5769230769230769,False,1
0.20347318288710659,0.97562252483491729,0.08221528374050989,-0.96364383201722903,0.21441026752914799,-0.15943275131926626,-0.17317398436526746,-0.046785961706709067,0.983779368012075,19.864463867101289,-3.3860696356097559,-3.7018427151527478,0.2534513686271159,0.2198516407927457,0.9230769230769231,True,3
0.71560435345031448,-0.69801725379963186,-0.026121307796108953,0.69414877300449063,0.71481356744701441,-0.084847184573408285,0.077896663980679043,0.042584940902791635,0.99605152103141137,26.751677035676945,-11.984482634885051,-5.3812025868625799,,0.1823799090159722,0.4583333333333333,False,1
0.60373457502931016,-0.79695416145878872,0.019199673114351549,0.79088363853566845,0.59576598111371903,-0.13987839734637694,0.10003815877334671,0.099634132109069629,0.98998252838528022,24.317421111009516,-15.272460127306156,-5.6746945642318076,,0.1753334382226178,0.7307692307692307,False,1
0.39331365497032783,-0.91923237144176984,0.017782466291887178,0.90999816391452049,0.38645737889914922,-0.15018001187441965,0.13117816314495068,0.075249861049304395,0.98849873440787861,26.576137376909625,-3.8091724633295536,-4.4309060191598926,,0.2402643103732273,0.8666666666666667,False,1
0.55060329897623728,0.82806942353679802,0.10553216078484767,-0.81806432542345897,0.56042006648095166,-0.12922889984421748,-0.16615284116121859,-0.015178237345640527,0.98598319178631755,-22.656916188366147,-16.92297814136154,-2.8142922063426701,,0.3171445043085275,0.9411764705882353,False,1
-0.97508496208988882,0.19713774287354097,0.10171542184391782,-0.22132384606471675,-0.89556584622077773,-0.38597612652336966,0.015002395451462307,-0.39887156506523297,0.91688407266847538,3.9400602986006983,11.201696017978142,-0.65093432578972621,,0.07376292726362836,0.2857142857142857,False,1
