axis_00,axis_01,axis_02,axis_10,axis_11,axis_12,axis_20,axis_21,axis_22,location_x,location_y,location_z,dbh,dbh_approximation,score,reconstructed,number_clusters
0.31773011232622306,0.94396756047184949,0.089290651795081138,-0.94204550130240294,0.32496701908871622,-0.083346925441178499,-0.10769331082787444,-0.057634028849444588,0.99251220119528583,-9.3685272781190889,-14.651365865914345,-5.0990460589287743,,0.1745866411536568,0.8918918918918919,False,4
-0.52759087684091577,0.84918446227919575,0.023100123329268467,-0.84103267646260116,-0.51831040536566786,-0.15497858178416438,-0.1196323693503879,-0.10119324440529966,0.98764772236376974,-19.747868606395457,-0.98366399894252021,-3.4939070303295869,,0.2659403732245789,0.9625,True,4
0.53827946452241648,0.8425502364580586,0.019087092967036569,-0.84077321557496165,0.5384253826171137,-0.056555347451464122,-0.057927696702023759,0.014394665612179735,0.99821699823070231,2.2972961926521402,3.1487161140551247,-3.0943729714805506,,0.2609277694940009,0.3144654088050314,False,5
-0.9837697532986166,0.17693100449480015,-0.029874606997247546,-0.17149325321182129,-0.97608836860985693,-0.13357230539065426,-0.052793338572258638,-0.12628110037930881,0.99058868713981663,-0.67240829117399636,-11.9418428104042,-5.0182213362718571,0.2750816468385274,0.2308921943669312,0.9055555555555556,True,5
-0.44168376388288677,0.89712187353969008,-0.0093699914024835927,-0.88910638038370393,-0.43908688860888356,-0.12919964633372064,-0.12002206915078133,-0.048734466944926939,0.99157433137831819,2.0352246393058286,-3.2292139819755072,-3.9047346770795035,,0.2781200428284721,0.979483282674772,True,5
0.83842614281061789,0.54499683538802557,0.0044779982968604247,-0.54356051228546964,0.83675995405938275,-0.066141883602578014,-0.03979412689916708,0.053021021298883406,0.99780017977787316,0.085723152417183382,-11.946961867838702,-5.0372541314079919,,0.09305542303888563,0.163265306122449,False,5
0.12211836171565224,0.9923123147977827,0.020084213515883059,-0.98594657254502538,0.12360958379457222,-0.11238339237115685,-0.11400202550218977,-0.006077885717834396,0.99346192553444079,0.29848775603549893,-19.629042634914747,-5.993800660433581,,0.2498452788301322,0.9,True,1
-0.078548666109996196,0.99682528321948194,0.013017748912125886,-0.98955883280447543,-0.07637989105848253,-0.12222695553984031,-0.12084462532932153,-0.022482592739565307,0.99241680233293228,16.301911183635138,7.8365231381613167,-2.7178478501987131,,0.247887744382213,0.9607843137254902,False,1
-0.34470552155606299,0.93848027749985341,0.020805579841998399,-0.93061609891314567,-0.33874464786937269,-0.13858477543919995,-0.12301129969413929,-0.067132944845685799,0.99013200527197653,-7.3697224416856013,-12.213827650347987,-4.8807558461105129,0.1384198844003329,0.1579872264793374,0.8157894736842105,True,4
-0.38574210222801525,0.92242770874604119,-0.018170104739342503,-0.91446186421826148,-0.38487372977272333,-0.12502684120337115,-0.12232141864437265,-0.031612248707736407,0.99198696376135254,8.8611095626817526,0.37416818491588588,-3.6342128588204394,0.2450062356239371,0.213352211746034,0.9964285714285714,True,5
0.88896624382493961,0.45267453129840096,0.069460679909942105,-0.4572182899529923,0.88593664057705446,0.077895469800911554,-0.026276466129215852,-0.10100513648729127,0.99453884274619675,-6.5332514000739321,-12.755332205709996,-4.9312720006945883,,0.5680733662270756,0.4736842105263158,False,1
0.99306645393592308,0.11605968738993901,-0.018686011615072284,-0.11395348389977802,0.98944937082149786,0.08946812889539027,0.028872505506658274,-0.086718461378698278,0.99581438374923903,-0.21336932318041996,-11.273650635651581,-4.9492103974916546,,0.1537067984042693,0.2295081967213115,False,6
-0.45889186342361749,0.88847801713132346,-0.0050070707995614047,-0.88005283765758269,-0.4553007748701966,-0.1349377906052821,-0.122168983847933,-0.057515367311617348,0.99084142117120499,3.1158385815680982,17.189686634148192,-1.3041382315331809,0.2754081590167859,0.2419055038919298,0.9242424242424242,True,5
-0.40405875474495334,0.91458486055503729,0.016463764984982268,-0.90671916141807141,-0.39807673757432294,-0.13926691394402488,-0.12081756921601425,-0.071200027006362632,0.99011800868534183,17.013205340850103,-1.3316046589487573,-4.2779136444887857,0.1517287819236088,0.1934299939678084,0.8125,True,5
0.95850387384835034,0.28493827108254222,-0.0089724851740159723,-0.28472322519697618,0.95525867965713396,-0.080084580120901971,-0.014248117459447401,0.079316055198180954,0.99674768850329476,-1.268663757141836,18.975077531617842,-1.0918416298495697,,0.1929400388545937,0.5777777777777777,True,5
0.51334861654071695,0.8578639092314011,0.023296161356551767,-0.85208632228362846,0.51274482223887097,-0.10507923983541514,-0.10208867357788638,0.034091941943030356,0.99419094857158141,-14.817672541148978,20.143576657696826,-0.97935450748736297,,0.1626854207977134,0.5217391304347826,True,4
-0.79107532582275797,0.60228868044140871,0.10699614145642672,-0.60325730977943337,-0.73911520125138197,-0.29964869009693529,-0.10139253952879151,-0.30159088960257946,0.94803084772417945,-5.1247163858702223,-16.76573336712277,-5.4478757920428134,,0.1727704245872885,0.375,False,3
-0.044681916680534985,-0.96412606971559678,-0.26165711917796103,0.99204464339279153,-0.011965737332857294,-0.12531658567703408,0.11769006685962109,-0.26517492872599591,0.95699075509523102,13.425022397745137,2.7439281827987698,-3.4035820438009221,,0.3425799458525867,0.1904761904761905,False,3
-0.63432730657527125,-0.76584567376817891,-0.10540053179906436,0.76972475985468058,-0.61302925103292893,-0.17809809500570253,0.071782046499218613,-0.19410188393874445,0.97835157098653125,-20.226929815855538,-11.593094837100828,-4.5638380259130162,,0.1679621480180887,0.3333333333333333,False,1
0.22201772432098019,0.9749954139447774,0.0095954611136374393,-0.9689398542076435,0.22171676636946666,-0.10953188777125988,-0.1089205628676322,0.015020595771053134,0.99393696615393023,13.893503384456077,1.4507573033771772,-3.7663455779094157,0.1548509556381031,0.2095963424967491,0.8910891089108911,True,5
0.121702423919214,0.992562905430181,-0.0027200691509314222,-0.98599103975132341,0.12058078958013932,-0.11524731109372655,-0.11406221785627323,0.016707840920600618,0.99333310551369414,-4.755500132812152,-7.618135773625812,-4.3729219820491716,,0.2971904274957938,0.9956616052060737,True,5
-0.47913508287679402,-0.86212115321993688,-0.16485353962646523,0.87320568452073544,-0.44910840427042048,-0.18924448138413685,0.089114560411428623,-0.23462471818715799,0.96799268423799323,-14.840823852603119,-11.473193159280088,-4.6205292388468804,,0.2493516560018626,0.303030303030303,False,1
0.10446199074368714,0.99313129895722674,0.052705934403968979,-0.98736704499802208,0.10991258556579234,-0.11412949656470958,-0.11913862069764576,-0.040117908292582126,0.9920668034424337,2.5267877754086556,-14.584068149219686,-5.442478452507638,,0.361834612949498,0.3428571428571429,False,5
-0.96566329913713722,0.25881106019423694,-0.022610347646948158,-0.25231895407566013,-0.95504008734507984,-0.15567137494757344,-0.061883261983720024,-0.14462111424352295,0.98755009756529166,2.804450504149143,-22.984229715633195,-6.4980951843246517,0.3869326270981348,0.3281592800956741,0.9882352941176471,True,5
0.55200475482281375,0.83380885097243795,0.0073178339027973223,-0.83022342504716251,0.55040536737572854,-0.088221290326930185,-0.077587467776467162,0.042623134610362698,0.99607401996037614,3.0218029327965445,20.145557889728902,-0.94339184045007707,,0.2746876419421541,0.8421052631578947,True,5
-0.073433097367082673,0.99729779581686917,0.0021648717955152497,-0.98972929249345465,-0.072608504034310045,-0.12314192105982902,-0.12265197834312397,-0.01118532970967037,0.99238670920554128,2.081641064645924,-10.009006186954108,-4.8388482183160964,0.2939777710328615,0.2578873465157301,0.940983606557377,True,5
0.99620599989911907,0.086977531294342103,0.0029180155825236746,-0.086720145661618245,0.99495211864177979,-0.050496514203087289,-0.0072953479304158691,0.050051879686747264,0.99871997438641358,-6.2814573305890997,-12.370800038587408,-4.9085412440813654,0.3796933590739029,0.5686794831782901,0.4333333333333333,True,5
0.8503986972058335,0.51426160990613468,0.11116227942684617,-0.52493262494023196,0.84359419026289895,0.11311313552387128,-0.035606109924831458,-0.15454397022024091,0.98734409716399596,-13.831344465196203,-13.924978780517092,-4.9397131387796627,,0.5085743452842493,0.3,False,1
-0.16074329957656941,0.98674562192341941,0.022241161305157253,-0.97935599342130364,-0.15666009050847088,-0.1277476191232127,-0.12257010153789114,-0.042316588435771817,0.99155729867322784,3.968534096926307,4.4018095374866721,-2.9501297044112444,0.13183193033754,0.1073162487432008,0.3801652892561984,True,5
-0.99934284624229419,0.00018445854287737438,-0.036246953518828409,0.0049388063195503294,-0.98996838154812039,-0.14120273271835884,-0.035909383961412057,-0.14128895749505785,0.98931690910115899,10.219326838544969,-15.707206561023503,-5.8518369471533207,0.2646346501688486,0.2331993084280188,0.9767441860465116,True,4
-0.24046517500938075,0.97058686654214843,0.011731756202792131,-0.96285356842129988,-0.23698481857776799,-0.12942643293404613,-0.12283934787386604,-0.042418513170032396,0.9915196237868249,10.675692372823082,-2.0654724755803264,-4.0950917544768934,0.3457913864943533,0.3049130647100799,0.9906832298136646,True,5
-0.22360328555820586,0.97087065718905852,0.086091449615284046,-0.96691718319644016,-0.20982953359427969,-0.14506111701992522,-0.12277105329448323,-0.11567944433170738,0.98567009421614815,-17.001750993875465,14.724478975008015,-1.6329411105577685,,0.1652819276834192,0.5,False,1
-0.21150731993433949,0.97736116057739397,0.0054603487986617811,-0.96968554435480092,-0.20914023860100045,-0.12637367473983804,-0.12237074275956134,-0.032023778551674507,0.99196768038265615,-2.0777314666527262,4.9954351187628108,-2.791617829077139,,0.2826747622430266,0.997624703087886,False,5
-0.57391165508452457,0.81635993704006193,0.06466734379953766,-0.80917839497949628,-0.5531734156605731,-0.19806437666784094,-0.12591956661515094,-0.16599887169002248,0.97805349411015929,-3.30398948011505,-18.663926831867833,-5.7804836245606639,,0.1796614064746134,0.3809523809523809,False,2
-0.55502584086261308,0.83178794187485161,0.0086680866600686041,-0.82164944817498131,-0.54657565223938553,-0.16170108438980046,-0.12976324706362941,-0.0968704089528237,0.98680171441927211,-7.7445402320033407,0.24438019566973843,-3.3420199829380568,0.3224443792580435,0.1713709069120101,0.7263157894736842,True,5
0.014228193515468656,0.9745401126332125,0.22376131787717687,-0.99385680444557067,0.0383475023908934,-0.10381773122938956,-0.10975523115789841,-0.22090956957367205,0.96909893783052437,8.9715178159437219,-10.724845677243644,-5.1654225420091651,,0.3710258151328802,0.3302752293577982,False,5
-0.99795858855484509,-0.062514868833122211,0.013059353138598793,0.050651055699440922,-0.89930978792475891,-0.43436893984176206,0.038898921400897943,-0.4328207440933276,0.9006403707342594,10.562098487353234,-0.86944916656435667,-3.9291496068665199,,0.3536344228555344,0.1851851851851852,False,2
-0.5557592601289284,0.83123701804323413,-0.013291524199192125,-0.82335920148273389,-0.55256197067233725,-0.12944069646141854,-0.11494028934477363,-0.060994166944835934,0.99149807941520729,-14.913618816630546,-1.8845923000050908,-3.5584204386379512,,0.2873778140090496,0.9841269841269841,True,5
-0.17618153624703253,0.98355840259586635,0.039660244183594991,-0.97158702297632571,-0.16728566216090573,-0.16743405871980402,-0.1580465851248771,-0.068032168262184181,0.98508522525307918,-14.399600354988506,-12.793778245893348,-4.7819393263392982,,0.3119222980116369,0.3939393939393939,False,3
0.25396916201679937,-0.96215064794771599,-0.098822039031146627,0.95938003092986346,0.26357050369686519,-0.1006009236239581,0.12283981845272066,-0.069258358591361036,0.99000689834350741,-6.3845698718023698,-15.717617120647279,-5.2924761234962912,,0.3041862541214464,0.5714285714285714,False,1
-0.087815910749472578,0.95934767634817453,0.26821707944237971,-0.98918634293497298,-0.052230828137927357,-0.13704860284935766,-0.11746805851028327,-0.27735171980246576,0.95356031731214574,12.785418252410043,-8.250419031462922,-5.0011631824719016,,0.3775420377402124,0.3194444444444444,False,4
-0.3025710855886275,-0.95178216380030922,-0.050610777877042566,0.94760698821795974,-0.29468797773142325,-0.12328824624046564,0.10242916599389586,-0.085262585300728208,0.99107949101049886,-18.517299734266306,-6.0851963454159446,-4.0297021475307879,0.2799991406364133,0.2824121773274723,1.0,True,5
0.35530562530721482,0.93455860878469399,0.01892404215453675,-0.9302100320452763,0.3555003452028454,-0.091262264068911567,-0.092017438061354345,0.014822661942958955,0.99564706587502672,-0.35290442701085589,18.109947400371951,-1.1986065550528089,0.09303934782666098,0.1563965249527671,0.4705882352941176,True,5
0.93726662134386773,-0.32670831328827338,-0.12162630695282813,0.33158084408050392,0.94317791135391227,0.021669595587659879,0.10763560913337483,-0.060639142164147217,0.99233939258909021,-6.7972888109749272,-0.35048086415881513,-3.4435214810668153,,0.2815565267480579,0.4024390243902439,False,4
-0.28497130300405127,0.95853338283604994,-0.002260631117889727,-0.95030194784011868,-0.28283099637410558,-0.13012622879845079,-0.12536971083738396,-0.03493395882101924,0.99149485834553974,-5.4605565331942794,16.321597609265329,-1.4050135988422741,,0.2915802832503364,0.9830508474576272,True,5
-0.69520464115999925,0.71614594419571775,0.061850574141384757,-0.70824659035055237,-0.66774731351864391,-0.22912942313340898,-0.12278955235040002,-0.20309729663551918,0.97142895465027734,-8.7177763959805681,-11.883623790801103,-4.7695162119164571,,0.2046136899201469,0.2173913043478261,False,3
0.83942977376637129,0.54319502620234428,0.017228419067735191,-0.54216335338473542,0.83918889250042583,-0.042672016011983324,-0.037637124772722047,0.026479543291813318,0.99894057912665624,-7.904251146988666,2.4557227860725277,-3.0801327974576074,,0.1900325846927887,0.5862068965517241,False,5
-0.92946393198453414,0.36745800048043159,0.03273250712630784,-0.36163073123935791,-0.88998070838274956,-0.27777248411213729,-0.072938421720913485,-0.2700165857673627,0.96008907401730181,-5.0560545511963797,-20.56773404756748,-5.9312467710843064,,0.07632250096064247,0.2173913043478261,False,1
-0.99685671761321271,-0.055724184983969513,-0.056316070151285563,0.075882312208020566,-0.8758783940937398,-0.47652797761908605,-0.02277189591089554,-0.47930350923777315,0.87735374096710828,5.1680716522162697,2.5819698658954322,-3.1889391662298769,,0.6099559441513397,0.3016194331983806,False,1
-0.64200685855509321,0.76669431034010249,-0.0026510489121798916,-0.75871754622762611,-0.63581738209514227,-0.14171782411541994,-0.11033983240222026,-0.088972417736025447,0.98990354594155061,-13.493478521647438,1.7370939630391842,-3.1374683329741964,,0.3337842351626281,0.9612403100775194,True,5
-0.83566462174722334,0.54871984712208544,0.023899149239815981,-0.53805786367037356,-0.80913995650899639,-0.2361911643628839,-0.1102650230242822,-0.21023572521086026,0.97141266439269769,2.4667305277230867,0.9594800245184254,-3.3700118307505011,,0.2041975840569151,0.2274509803921569,False,5
-0.98605935423957725,0.16631029247671969,0.0052760338262299537,-0.1527121874412547,-0.89193408272924313,-0.42559673386064689,-0.066075242894253927,-0.42046935522372042,0.90489755419838225,14.044816161535463,-0.82711209156066723,-4.1043007772068325,,0.5069469816275081,0.2461538461538462,False,5
-0.75431380893748534,0.65616680686386308,-0.021349454707435593,-0.64859545248634332,-0.74985700624928653,-0.13053125753202729,-0.10165931664268728,-0.084614370818077433,0.9912143015467455,8.7588636364381678,-20.673235311646149,-6.4278775182666994,,0.207816503521201,0.9142857142857143,False,1
0.12105879885500816,0.99263558170137467,0.0044010408036636618,-0.98610453730066094,0.12076806244355759,-0.11407417152308223,-0.11376558677751065,0.0094697958796264234,0.99346248758127065,-4.0944952614809189,18.837853047157513,-1.0882950382224208,,0.2293752999953459,0.8225806451612904,True,5
-0.91660083285477956,-0.39639837451738241,-0.052069586995694549,0.39886284657031623,-0.89772637744737427,-0.18707159287566699,0.027410633625466148,-0.19223860152215,0.98096532927981661,-9.9374046940094409,-18.281315734014083,-5.5035260675372699,0.2503598027635436,0.1864437053393403,0.7441860465116279,True,4
0.44402946559395517,0.89598330501062462,0.0071938047363133851,-0.8912195946651662,0.44246949629620003,-0.099741560706875065,-0.092549812367193549,0.037876932156983192,0.99498737190035347,-1.9652354283376154,-1.1473590373411278,-3.5885999625565042,,0.349494417168462,0.9835841313269493,False,5
0.065334166124509249,0.99779701309180802,0.011513791811582505,-0.99103542916333942,0.066230291622691187,-0.11602726668592858,-0.1165342219257903,-0.0038300308926578217,0.99317929196269028,3.887199683709142,5.8601117652255672,-2.761598124571123,0.319138641324423,0.2560329704092295,0.8798701298701299,True,5
0.031751960738744457,-0.99059261124455844,-0.13310932175070908,0.99296287828372531,0.046465209660208236,-0.10892982439044555,0.11409003172821736,-0.12871387974465473,0.98509705198083608,15.92481890904053,2.2693309978301168,-3.6753039794112419,,0.1407726524708622,0.3636363636363636,False,3
-0.94936236808780106,0.31310227902861759,-0.026039526220885723,-0.30694853420933144,-0.94199392127545412,-0.13575731887023879,-0.067035001346053669,-0.12089009532289426,0.99039986543181424,-27.440246339603441,-9.7409464900346592,-4.4768719039801912,,0.1037685922415319,0.4117647058823529,False,1
0.99893518653807056,-0.028052953455926191,-0.036626833040144073,0.025639061106332389,0.99756956487678405,-0.064788901650899997,0.038355333941144383,0.063780835945790801,0.99722659076276132,-8.8643110985595452,17.089421832134583,-1.308291121185434,,0.1772005002746153,0.48,True,3
-0.7888630655067983,0.61454430412801497,-0.0055101853898985777,-0.60596530568180151,-0.77928306334800834,-0.15976218416416635,-0.10247493444339499,-0.12269150517765262,0.98714015335618088,-5.3325483361682995,-17.977544155575998,-5.6196575547561247,,0.2066796704280834,0.8840579710144928,True,5
-0.2275528935605626,0.9736991576747337,-0.01138555996559679,-0.96605835997720335,-0.22720455980649001,-0.12292002734012042,-0.12227397822256426,-0.016971692510001336,0.99235126638855786,-1.9634661403873974,-17.01927894096357,-5.5585023211056894,,0.2668123009997388,0.9629629629629629,True,5
-0.57716103731183821,0.81659881987003424,0.00717665632375064,-0.80845045296535112,-0.57011700600469184,-0.14620008400942644,-0.11529528225057617,-0.090182963197671384,0.98922900838968852,15.357246307100128,-6.8824904283348127,-4.9611586912184711,0.2725637703882203,0.2602075975059223,0.9489795918367347,True,5
-0.99560250076606227,-0.088679649955408349,-0.03019238566506554,0.091887378205820103,-0.98717873584476479,-0.13051763567576419,-0.01823102286824271,-0.13271798363340656,0.99098615864474082,10.820211878283491,-10.882665857206549,-5.2270367394604058,0.3769189853002183,0.3790475974553194,0.9712643678160919,True,5
-0.48849861103297892,0.87252778283991916,-0.0080234151896695569,-0.86442663149156351,-0.48517505044380071,-0.13180200755301133,-0.11889367429345865,-0.057449443855539906,0.99124359045276589,-16.082833641933348,-9.1058316027580979,-4.3651489742177301,0.2982752436703074,0.2594242248194118,1.0,True,3
-0.99568110194510162,-0.036479430374565379,-0.085372093736386601,0.056887533411693461,-0.9664409886887172,-0.25051072616697845,-0.073368602083729265,-0.25428540371385966,0.96434225339676882,-4.3609853836216743,22.404974851518354,-0.68465332846915872,,0.1945435313045968,0.2777777777777778,False,4
-0.72140835000463832,-0.68432273027527313,-0.10617152806746176,0.68921889410576997,-0.6945625875080319,-0.20630106165932721,0.067433734519180416,-0.22200273165603632,0.97271140560088698,13.453638104025696,3.7638086391417946,-3.2131611451216413,,0.5336635726092597,0.2276422764227642,False,2
-0.98237153454403381,0.18301688842645844,-0.038091818915578432,-0.17442229875791898,-0.97067276670508862,-0.1654425630637148,-0.067253474360832968,-0.15588200193667404,0.98548352175904563,-20.693278665074381,-9.1779906527565238,-4.3039261559321114,0.3097080868433035,0.2439379174494141,0.7209302325581395,True,3
-0.043446531555872081,0.99859505071582766,0.030336835392278272,-0.99119734222693334,-0.039283784053802583,-0.12643026960612549,-0.12506089579891863,-0.035562747310462134,0.99151150439402569,1.5662977470158443,1.8241676507810387,-3.2389863244541499,,0.1072415757865064,0.6536144578313253,False,5
-0.090744314409004836,0.99560118669911313,0.023318371421621572,-0.9887149369482936,-0.087264668989181934,-0.12176884249076006,-0.11919833412330352,-0.034105052258067592,0.99228453709241238,19.86328971350682,-9.2297439646216741,-5.5017512821273087,0.260574174584552,0.276374656064471,0.9672131147540983,True,4
-0.82728137200808471,0.56124320144947704,-0.024730555092082183,-0.55417974786207702,-0.82250698983456227,-0.1279338060592741,-0.092143033312049816,-0.092132081817513214,0.99147432690515247,16.281621532168018,-13.875125559381475,-5.841012382917846,0.3094977492497931,0.3012168763031612,0.9863013698630136,True,5
-0.2192997061802309,0.97527848346203483,0.027194090631184935,-0.96815940835331227,-0.21408086827105,-0.12975647135028226,-0.12072696006372259,-0.054783770738294837,0.99117291103896965,20.687223787244097,1.8940847379947601,-3.9249426084936432,0.2644580488854561,0.2948506610286419,0.9770114942528736,True,4
-0.96494901546740197,-0.23340123174216798,-0.11998859349842569,0.26243682671676843,-0.85721546634142287,-0.44306721414237998,0.00055635539399798107,-0.45902669779250921,0.88842229889978541,10.990414504569442,3.2634535954625683,-3.223701587531222,,0.2378129109908119,0.2,False,1
-0.8747080435532949,0.48436426650875181,-0.016646196941244803,-0.47733860379628007,-0.86694715363085428,-0.14335442140784521,-0.083867132232988209,-0.11744739307791915,0.98953141132063904,-10.660102777260082,-10.406209663806594,-4.5564408657375823,0.2765727103974245,0.2718517064398127,0.9925373134328358,True,5
-0.92499592066523795,0.35972619674185452,0.12239121753748451,-0.37840648118748393,-0.8428234252283402,-0.38269728099592359,-0.034512052213302821,-0.40030705372751929,0.91573095447736041,0.15096762788320323,-12.71427425415609,-5.130352586109125,,0.3635187043797619,0.4189189189189189,False,6
-0.76493422407202893,0.64393186907527666,-0.015079152248819668,-0.63649039501963744,-0.75926994905680412,-0.13560649507683301,-0.098770490993353499,-0.094132313519312241,0.99064801905643207,-10.965029463060507,-5.9261191201175212,-4.0669451464898421,0.267618566159149,0.261826501196583,0.9859154929577465,True,5
-0.31511803794272392,0.9487029232311246,0.025756273329978856,-0.9416507805124702,-0.30916242545614975,-0.13308794929041345,-0.11829805460524301,-0.066191828338482861,0.99076950505040506,17.04386490358851,2.9645845012738898,-3.5475285996421819,,0.2388746774529049,0.8571428571428571,True,5
-0.55570349228771787,0.8302929079283472,0.042512535835002731,-0.82322047479978777,-0.54238255627525145,-0.16771765714656969,-0.11619672340322296,-0.12819847772969692,0.984918002565768,3.9760420371741021,-15.220225207259059,-5.5406618616378358,,0.1924470899385652,0.2105263157894737,False,1
0.56462496495913417,0.82475227187408884,0.031342287463204804,-0.82140645163762815,0.56523014621198442,-0.076199232419099455,-0.080561095778159245,0.017279231803189337,0.99659988861895554,7.6807116363670138,4.79718663220312,-2.9315314996060167,,0.2177072475689969,0.6391752577319587,False,3
-0.74743973492220483,-0.63291635706843541,-0.20186809459309174,0.65885943020629101,-0.66731844891927972,-0.34726119702640001,0.085076988003020812,-0.39255951483461399,0.91578323495527403,16.428656725482888,0.77523528957463028,-3.9701930069398297,,0.3302073547904429,0.2907801418439716,False,4
0.73284097793164871,0.68024619657336893,-0.014464201037366779,-0.67817895366023351,0.72856746401947337,-0.096243218901609917,-0.054930937334936189,0.080340291384198265,0.99525274664469343,5.2461929579504432,16.77501678524591,-1.3488724286412068,0.1200923876015497,0.1732075582168344,0.6190476190476191,True,4
0.70682784148569622,0.68047208469037057,0.19326702889477479,-0.70469063144906374,0.70117118997879779,0.10848998244832198,-0.061688868109184503,-0.21287720474691163,0.97512962176858808,11.698889794274823,3.7119619619903172,-3.1455200097591649,,0.3755599543416329,0.3,False,1
0.14492193274744583,0.98933717220855255,-0.014477330386858136,-0.98309022591385398,0.14232062198907236,-0.11523214946051878,-0.11194302622938393,0.030932187815106784,0.99323308373995423,6.338603914401812,17.498248338822521,-1.2697058568836586,0.1879492420796819,0.2146203169579795,0.9347826086956522,True,4
0.13462493869683295,0.98743908982739115,0.082705318823676627,-0.98371140340310548,0.14321555170563358,-0.10863323876393539,-0.1191133942743853,-0.066733422139907017,0.99063547769799287,24.013338060691126,-0.083845996719715155,-4.3366313510564272,,0.1865548522623194,0.1904761904761905,False,2
0.98883344257387018,0.14831985473847473,0.014479072410441761,-0.14901246638064475,0.9853283965224604,0.083205984578243047,-0.0019255416552963977,-0.084434422464036304,0.99642717776689471,11.022481347103886,1.1490682034579964,-3.6695962994675897,,0.2326651562410118,0.5185185185185185,False,2
-0.83922598322371622,0.54121180397515911,0.052816023327584165,-0.53040236369170612,-0.79329195283435672,-0.29893345439830377,-0.11988778783694777,-0.27888646579962545,0.95281123918715205,-14.215102726918076,2.4315459333807201,-3.0540572281501017,,0.2790224313188785,0.5098039215686274,False,5
-0.55589902435928729,0.83124767019415768,0.0018935451350429971,-0.82224475878541992,-0.54954105759264682,-0.14804790667166651,-0.12202389670183385,-0.083856644440026912,0.9889783778308604,-2.4324834087824661,18.766619637759078,-1.1329710794525198,,0.1936504843000456,0.7391304347826086,True,4
-0.3891489278717602,0.92114010996127493,0.0080006097761580464,-0.91311643645998608,-0.38458381305927469,-0.13532798749484704,-0.12157913226732725,-0.059968229532975058,0.99076855321704893,3.6440068805585124,18.260933698639057,-1.167587478205516,,0.2009329234449343,0.8421052631578947,True,4
0.98585276219438545,0.16635832634956013,-0.020475315086065982,-0.1672188014684052,0.98454429583976266,-0.05206152096179649,0.011497987179091076,0.054748851892607822,0.9984339535028196,-6.2556171238252025,-19.108166671482888,-5.764928671246401,,0.1316292373554599,0.1333333333333333,False,1
-0.76663776672908468,-0.64026166239509297,-0.048286005133092939,0.6399676150597432,-0.75585711856290838,-0.13828039626975661,0.05203831568551312,-0.13691245372444708,0.98921534243852349,-27.303044879333033,-4.2687192526872639,-3.9158545870658013,,0.263618650414994,0.8857142857142857,False,1
-0.70759338523698168,0.70610216597050568,0.027043157741427466,-0.70030725469144484,-0.69565417115968797,-0.16010941001283421,-0.094240915718168644,-0.13223087899536409,0.98672875930759874,-18.804400092440972,13.418975739899251,-1.8137821295446939,,0.2339535356875581,0.4375,True,3
0.99814855613512588,0.053620212990597577,-0.028711193709179673,-0.053575911419970076,0.99856110617478189,0.0023106169121343278,0.028793777120805209,-0.00076811056370369854,0.99958507812255704,-5.4343087074028986,19.510167941596094,-1.0102649798295651,,0.1427596256186615,0.2941176470588235,False,2
0.3520385009590522,-0.93023330674809734,-0.10360930874686761,0.92476051145443083,0.36277123179494125,-0.11495664329006956,0.14452297497990643,-0.055344632969072681,0.98795246915247681,-14.168249607873992,3.6305341007658507,-2.9205857123966048,,0.1521368813530301,0.3809523809523809,False,2
-0.51479203486432812,0.85471721577020598,0.066690643318761997,-0.84915676605599844,-0.49764194064295025,-0.17687646981561822,-0.11799130265219264,-0.1476854088227551,0.98197101409323351,-15.838254872245455,14.043344600330004,-1.7211728283260868,,0.194461456849387,0.4285714285714285,False,1
-0.77861873720444796,0.62716967634594523,-0.020274593615476087,-0.6196427266865201,-0.77356730324009704,-0.13280255502940294,-0.098973498163117943,-0.090839553224163219,0.99093512513755877,2.4608366578921723,23.119583154817882,-0.59230431610026824,,0.079437943178466,0.2631578947368421,False,1
-0.50599774248672624,0.85209690719683195,0.13378021282659866,-0.85437881135351434,-0.47386871967532668,-0.21327279063073612,-0.11833482711565471,-0.22221452981040629,0.96779004511962596,28.592819109437482,-13.534823415850795,-6.5354344516211995,,0.2053125630501639,0.3214285714285715,False,1
-0.994694662264622,-0.097707323543735181,-0.032183967875146338,0.10266017499294089,-0.96286068566338845,-0.24972022039523933,-0.0065891830060613461,-0.25169938206071946,0.96778303546691891,16.167681053489979,-11.37142275158515,-5.4965646858832802,,0.1565114179242301,0.1956521739130435,False,3
-0.14615989218960226,0.98372691183782512,0.10449233867197819,-0.98164526752159864,-0.13114205125223022,-0.13847140912768352,-0.12251471204542225,-0.12281337597905605,0.98483857561178723,-20.54718546014605,15.073975012385482,-1.6553915343878232,,0.2149314283056004,0.1666666666666667,False,3
-0.93344005675879282,-0.355670149315512,-0.04678039465441608,0.35849596343615975,-0.92011286309170437,-0.15771164628259327,0.01305008192009053,-0.16398495070910521,0.98637651599316334,-10.987525588321422,-19.77568385251277,-5.7035958164658291,,0.2409283152954276,0.782608695652174,False,1
0.98618185205166053,0.16566539944737207,0.00057455191171464472,-0.16550622344503779,0.98537491926702492,-0.040545757860289175,-0.0072831782154417742,0.039890398662417059,0.99917751746605865,-18.778951192096802,-3.3581914082300606,-3.7358532311217854,,0.2301947556930689,0.2352941176470588,False,2
0.56610787264869378,0.82427290842803735,-0.0098004569665888445,-0.82063236820618435,0.56240289973845148,-0.10131877722362292,-0.078002517763716597,0.06539992964342671,0.99480573803389127,18.995702217014106,-17.162271172067054,-6.4547519402195066,0.3224942704601764,0.2551587402704857,1.0,True,2
-0.80005570698745554,-0.58704754398718906,-0.12363675349753638,0.59716775993722981,-0.75954412343806343,-0.25784373376573139,0.057458961079645057,-0.28012123384226306,0.95824347748488969,-17.401078522028389,0.43910197357268332,-3.287798924699195,,0.2212420316823331,0.4615384615384616,False,2
-0.41253154173264622,0.90880150686505523,0.062430346751335047,-0.90285186848602372,-0.39879166723364012,-0.1606975722166015,-0.1211454937130642,-0.12265817243388107,0.98502727987005456,-23.49834231877718,13.36580579617603,-1.8814104928296318,,0.122998458413359,0.5263157894736842,False,1
0.59524697020856177,-0.80193910834998972,-0.050741609713836143,0.79539599187687127,0.59700529443875394,-0.10454613583631317,0.11413264460151495,0.021871097615812393,0.99322474522403237,-14.565860187947555,18.64751780880778,-1.1897886833014986,,0.08985303268948797,0.2272727272727273,False,1
0.98147427563533352,-0.18815689681600839,-0.036127945508524287,0.18401351949707845,0.97824803677609351,-0.095759089312799764,0.053359824853490972,0.087337052413557173,0.99474869608726613,-15.429834426273439,21.488168478250856,-0.84915890884785616,,0.13809732691411,0.8181818181818182,False,1
0.2230878239348989,0.95414678043766021,0.19958893805128347,-0.96871701269253396,0.23983430886167839,-0.063771887324227214,-0.10871601598681054,-0.17911846826413103,0.97780233288465168,20.132880899353104,-15.1200406831476,-6.2574742061684692,,0.2346287356063533,0.3333333333333333,False,1
