axis_00,axis_01,axis_02,axis_10,axis_11,axis_12,axis_20,axis_21,axis_22,location_x,location_y,location_z,dbh,dbh_approximation,score,reconstructed,number_clusters
-0.7923384710728042,-0.60955240984579839,-0.025408795902030171,0.60235963033706985,-0.77502513156352715,-0.19104690833699972,0.096760647983565762,-0.16667904816178147,0.98125199205182911,11.108150782884621,10.111883656304737,-2.423199446729444,,0.1982888226297753,0.3333333333333333,False,5
0.99349861945172357,-0.10654077553356775,0.040119275868638435,0.10887784686460075,0.99215433251655716,-0.061444242454049933,-0.033258196127369549,0.06541287042569989,0.99730388988162633,-11.126764379770703,7.8471074404563943,-0.89841756382558646,0.3093423690294521,0.2744874400885098,0.9338842975206612,True,5
-0.46807298272600117,0.86579083651224775,0.17695736846316057,-0.88033876423233703,-0.43943065631249362,-0.17861791198715846,-0.076885258872334536,-0.23938864990678482,0.96787485310030685,4.7040915400152876,-0.63308031564421963,-2.4594028181811436,,0.1465377080537328,0.3121693121693122,False,5
0.37673984027113194,-0.92631743040617454,-0.0017637681777007436,0.92292054182685712,0.37551989477886588,-0.084867438392414091,0.079276517497319829,0.030345127301957667,0.99639068995175051,-24.830999482858481,-14.660106883487165,-1.1665755612942155,0.3544749480484529,0.3105067711162233,0.7906976744186046,True,1
0.89357160566142202,0.44187859536326224,0.07920285673797893,-0.44073305741060426,0.89705483735869518,-0.032357238399833281,-0.08534727682338436,-0.0059938077340751187,0.99633323572370991,-11.894998620166749,-16.700163780722828,-2.1314854592751917,0.2771343639238252,0.2237427841223865,0.8088235294117647,True,3
0.94144295413639267,0.30684907208445056,0.13974552253240405,-0.32003971710545026,0.94367659768652035,0.083958671105829968,-0.10611193892303659,-0.12376641684926228,0.98662157409935503,-2.8811812152560048,-8.2777229130085548,-2.2818750070680989,,0.4681220702157776,0.367983367983368,False,5
-0.11396323896658611,-0.91626168455019485,-0.38402721985490001,0.98690720049532243,-0.060001734735633361,-0.14971295681803751,0.1141339466360892,-0.39606100193524935,0.91110324605464788,3.6484230680293002,2.110075072783252,-2.3556767766773299,,0.5329367811678617,0.2507204610951009,False,2
-0.18594587720103833,-0.97156003445625017,-0.14661251719858506,0.97632144778315588,-0.16590879121451388,-0.13881895978698416,0.11054664784848885,-0.16895375830418197,0.97940495516632586,7.8182862504459036,-14.150794537157028,-3.356402371548405,,0.229316721939964,0.3461538461538461,False,1
0.99740366070566933,-0.062432871331658778,0.035889750461878145,0.051765444158014255,0.96804346067328595,0.24538173737833996,-0.050062724676697951,-0.24288679425809401,0.96876195671226284,-6.1201482672801397,-7.4784853941592901,-1.9147684367092856,,0.4357862715972454,0.3846153846153846,False,5
0.39123912971889852,-0.89916386333606624,-0.19605175400224953,0.91161032145704635,0.40784117805224346,-0.051304924694793273,0.1260895126082224,-0.15865030840032393,0.97925048606304121,4.6485880423537518,-3.5647017859325132,-2.5361884777797044,,0.3665827446006461,0.8699690402476781,False,2
0.7735435546670163,-0.63354979516111021,-0.015653309056918058,0.63371198663093498,0.77351445217265091,0.0091929473139193141,0.0062838708921906959,-0.017030834722883335,0.99983521824111155,-5.044501294036702,-6.5213809657596364,-2.0182738045195165,,0.1472985403142019,0.1875,False,5
-0.30540586595695923,0.93174361814588413,0.19642068904139556,-0.94876220882733109,-0.28018308405075204,-0.14610855728838301,-0.081101961382961205,-0.23097893725668145,0.96957269062386975,5.0040838252992295,6.2201398834199928,-2.2310075823084037,,0.2654359351509742,0.3294117647058823,False,2
-0.10841953152925241,-0.96600738957346144,-0.2346804816605873,0.98350707601075193,-0.069852552520679317,-0.16683660372690284,0.14477236138075286,-0.2488982607328013,0.95764848414458847,10.426609991681548,-5.5338275684951475,-2.8418778065366839,,0.2336843929780753,0.2380952380952381,False,3
0.46790200142739624,-0.88374204297711312,-0.0082291272243866405,0.88118110360648871,0.46721925209309956,-0.072291307364131155,0.067731674326620583,0.02657389599217683,0.997349611893798,8.8551050011792984,0.16430825128699175,-2.5986407006775418,,0.250348654934484,0.4714285714285714,False,5
0.079718615339200188,0.97891848172353768,0.1880519835271211,-0.99103260062314857,0.098127572486504833,-0.090693792621240429,-0.10723491441932266,-0.17913566271959847,0.9779627229457627,-3.7341593361223127,-14.10689886013828,-2.5190536202426168,,0.3257495490785786,0.2222222222222222,False,1
0.85719363759347755,0.51153298030757144,0.059607698554091509,-0.50669205847651544,0.85840574006745218,-0.080017143763576451,-0.092098998616124181,0.03838743905112009,0.995009637630211,8.0478440511116585,-21.206129125108543,-3.7679758588015129,,0.3401065375046799,0.9591836734693877,True,1
0.97859748806468516,-0.20170382009658822,0.040774076469375899,0.20439136837800639,0.97571585053772281,-0.078757523716868713,-0.023898219307167196,0.085405784159447842,0.99605960019772699,15.796264451725715,10.86961399385849,-2.4732794571788164,0.3280754788100178,0.3039232477971785,0.9560439560439561,True,5
0.71086666541367138,-0.70332374912706497,0.0020707287358188728,0.70001106617185249,0.7072267737086243,-0.099069661282538357,0.06821357079492435,0.071874852789693175,0.99507834580794008,14.160761486147404,-3.0437483479205367,-3.0642066434260675,,0.252002887675014,0.2608695652173913,True,3
0.92521124008371192,-0.37784393260883448,0.034901630527103593,0.37944424636491603,0.92187410095666522,-0.078550658087001374,-0.0024950197034907806,0.085919174670329751,0.99629898639948877,1.7932134427961093,-11.64362363241044,-2.7560137646661782,,0.2829779203097135,0.9816176470588235,True,5
0.9416673448489532,-0.33472866965797343,0.034918896805710427,0.33643301535974646,0.9389506517092201,-0.072003470963426894,-0.0086854948663443871,0.079551187067419801,0.99679294279960318,-0.82364588119181792,10.385121045586333,-1.9404979478286641,0.3638006248018318,0.295931301216279,0.9329268292682927,True,5
0.80558604218267105,-0.58859373797777925,-0.067738764779134208,0.59141609003283591,0.80571281184910826,0.032463414368696777,0.035470228230588811,-0.066213868906344078,0.99717480236602496,-12.368298410555289,-2.5989737986246362,-1.1887537956668235,,0.1986411057403062,0.4516129032258064,False,7
0.91068501069173213,0.40888874665726577,0.058845595913793375,-0.40443535969282107,0.91151300195974194,-0.074673201943382658,-0.084171557735006383,0.044204525960461892,0.99547029526403896,7.9668993811634738,1.612274084039079,-2.5479793422964625,0.4219206874169026,0.3847271754737734,0.990990990990991,True,5
-0.89082859088787281,-0.44968433356585896,-0.064872350058823511,0.44511788513393169,-0.83518375087402108,-0.32301419567860379,0.0910740906659043,-0.31662612403500207,0.94416810345824986,9.1952006884173674,-6.2282292746405856,-2.8515872129425217,,0.2960445838041803,0.4634146341463415,False,5
-0.73258201188016481,0.67601371306552083,0.07955536196245494,-0.68016158670141635,-0.7224531552609561,-0.12426445360319234,-0.026529452414649178,-0.14514440464880496,0.98905474568080509,17.371952110616316,0.36995768833744502,-2.9857348785854554,,0.2955106418683655,0.9583333333333334,True,3
-0.09369396161732621,0.98936419776430684,0.11126511465252431,-0.99201057014606198,-0.083288591769584155,-0.094752515531375731,-0.084477631802359579,-0.1192539083771595,0.98926338002669234,9.5298170425018345,12.91128385540801,-2.2977162027221438,,0.1666207359005101,0.3653846153846154,False,5
-0.62048774813463048,-0.7712655594943284,-0.1419309379688492,0.77653060924036521,-0.57898443924168064,-0.24855026056873275,0.1095224512490648,-0.26443610920957533,0.95816406571030366,-8.241625469155041,-13.790648718559048,-2.1350305084144661,,0.4004586325679101,0.2151898734177215,False,2
-0.16567603769676903,-0.98412236650833607,-0.063675884533552246,0.9793241980809051,-0.15658053580647002,-0.1280884493611732,0.11608430378948645,-0.083580521322795837,0.98971649014711227,3.7995695764351947,-10.81093607736338,-2.8417229049799446,,0.1352686264438486,0.2105263157894737,False,5
0.87127525670281436,0.47540568304449649,0.12193794973854968,-0.4829391416861657,0.87472188072603452,0.040390801013827582,-0.087459776382487781,-0.094080114307460924,0.99171554369537862,6.373022350633434,-12.124651137958237,-3.134804291542733,,0.3059388339531761,0.425531914893617,False,5
0.95600372782367493,-0.29124592794348941,0.035109569116886376,0.29311092249933973,0.95322032619343311,-0.073871488703499952,-0.011952384650091474,0.080912416772835297,0.99664954789191362,-1.6836283095696707,-17.580363199472522,-2.9064989052090779,,0.2393075493933026,0.3529411764705883,True,5
-0.39976077299714347,-0.90666763990267307,-0.13470380516541658,0.90920916224211068,-0.37357496090483577,-0.18379458065990087,0.1163186299254107,-0.19594779748256083,0.97369114045163618,2.4723282271704519,5.3421622298321099,-2.2384717035837274,,0.1193450157205015,0.4166666666666667,False,2
-0.5692225382060655,-0.82134838917677977,-0.037047612540521344,0.81463671926849335,-0.55733359695625151,-0.16045646550784864,0.11114278032202081,-0.12151578210469231,0.98634740182238767,-22.005410758822453,-15.516648752458075,-1.3824696310146016,,0.1596611076342664,0.3333333333333333,False,1
0.80798503506887775,0.5864330125658328,0.057065794287884587,-0.58105876896827913,0.80911834729122056,-0.087739427179534257,-0.097626277762768707,0.03773356396746394,0.99450756057483081,-21.754724509188542,-11.69759463723425,-1.1072685488415197,0.2437057251140959,0.2482596341007878,0.975609756097561,True,1
0.99344647461387714,-0.10628098830726194,0.042052985645375893,0.10907158551650219,0.99150758945719519,-0.070824355144947976,-0.034168571965695109,0.074946991755593648,0.99660195520408834,-2.7485718650791697,-2.2535288019152486,-1.9756209997792558,,0.2910507414274438,0.9762114537444934,False,5
0.93502550836506371,0.35016898183435063,0.05575825380827986,-0.34581028823950838,0.93531128673739772,-0.074886857654340402,-0.078374378813246964,0.050739344326938884,0.99563194790188914,-11.273175261910406,-1.7098062594607824,-1.1833953743005725,0.2906144656187626,0.2623293729992812,0.9263803680981595,True,5
0.99875099109301568,0.017073704511850127,0.046956856847098716,-0.014138580061328605,0.99796706272203917,-0.062143722738446247,-0.047922420061660996,0.061402201395271784,0.9969619909100077,1.8760210984487877,4.5526056893284172,-2.2296450278440623,0.320207191231329,0.2748615405848638,0.9883449883449883,True,5
0.88302801207658754,-0.46818537932805349,0.032618713517187044,0.46924601119526183,0.87951681875582788,-0.079109711811912467,0.008349303288649159,0.085162292765485814,0.99633210980351294,-4.713983836572007,4.9717420594153854,-1.7185303395195917,,0.2258508817763836,0.9817518248175182,False,5
-0.77929296272611903,-0.6171736296314807,-0.1086240725302219,0.61859071509438923,-0.72988682244838943,-0.29087927670290425,0.10023973984682426,-0.29387401604037167,0.95057354121169602,9.5111675748816111,-7.3005086663961025,-2.9171273157727198,,0.3464132109237827,0.3018867924528302,False,1
0.3710182686808145,-0.92734764603926079,-0.048701002972542956,0.9248412477143203,0.37372760956337664,-0.07068479593421774,0.08375028854462975,-0.018815345744495338,0.99630912468631194,-24.974079226903189,5.0335345585266431,0.081935467680472163,,0.2157494546179304,0.3333333333333333,False,2
0.92792173645183118,0.36826179890858463,0.057831639133182525,-0.36472356891115498,0.92895722663019076,-0.063365521952028991,-0.077058220203474886,0.037705683340267027,0.99631336041574547,4.8142209345907396,10.863220917410644,-2.1655406272914353,0.357405193768676,0.240170267417755,0.9154929577464789,True,5
0.97398354822614464,0.22009687726109761,0.053976035466877202,-0.21640005895976183,0.97401447575057321,-0.066834239058631437,-0.06728344719929126,0.053415032043873857,0.99630305233133309,11.234436586724234,4.2130091642175742,-2.5854535530028255,0.2936928558063222,0.248428293045507,0.9513888888888888,True,5
0.97941006831196653,0.19500103199915367,0.052254335785790647,-0.19116522694812668,0.97902563282925992,-0.070460387943423561,-0.064898182524784673,0.059020401409441821,0.99614497846570915,-11.603612986753896,-11.595953756200545,-1.7823029844363505,0.2760581568427036,0.3025690228206079,1.0,True,5
0.93510515455819887,-0.35401720527389741,0.015816709163012196,0.35436748682678187,0.9343453368407354,-0.037715723565170306,-0.0014262533992021164,0.040873094989649653,0.99916332794353968,9.9020080329553828,-0.09723760731940545,-2.679786052769368,,0.08576808863277144,0.2926829268292683,False,4
0.99036804507158283,0.12861598464593704,0.051274397067618029,-0.12425047465154032,0.98895715096880699,-0.080781019407580021,-0.061097911993443298,0.07363207209645152,0.99541215740457234,-15.784655372537218,5.7530659133476076,-0.5027418779456525,0.2254038824016645,0.2329657431778625,0.7164179104477612,True,5
0.83489969364179661,0.4925119518777919,0.2457121869471722,-0.53926635179804028,0.82131728612346355,0.1860906159192908,-0.11015581407836228,-0.28787131286794859,0.95131267407326037,3.6583149877263286,-13.781302282817148,-2.9797141542784833,,0.3523296768675066,0.1428571428571428,False,3
0.87618910796653715,-0.48064214294448848,0.035718027752583932,0.48182329488993486,0.8717057636614729,-0.089304950035122982,0.011788111901884113,0.095457802326990665,0.99536367644830726,2.8548087672602742,-2.2609661959685603,-2.4164227465689896,,0.2954335909165594,0.9843878389482333,False,5
0.64199528567289099,-0.71864955506902894,-0.26717947184031388,0.76512743546771822,0.62288100005689329,0.16309281793726113,0.049214435569000424,-0.30913116434162757,0.94974515664172432,-8.1793975515350716,4.2643436695057089,-1.2078700885051679,,0.1982759612472008,0.3939393939393939,False,4
0.46028079954643802,-0.87872914214093922,-0.12639889367055016,0.88717138000815254,0.46052514329089173,0.02904367213924533,0.032688347515898539,-0.12550572556322231,0.99155422685172767,7.1437572087682604,6.2797546446236696,-2.3312696646458861,,0.4682016909183405,0.4805194805194805,False,8
-0.033540742480626891,0.9917963353744228,0.12334929157362229,-0.9941783813906826,-0.020464821497069935,-0.10578533478935646,-0.10239318614659593,-0.12617931771474786,0.98670888067949913,9.0671076176328693,-15.219458013835531,-3.4910284678990542,,0.1165901745614888,0.1875,False,1
-0.92608488440131931,-0.3761254996712054,0.02993986273316155,0.37049700655855511,-0.92149950763475375,-0.11649302794611963,0.071405567111706453,-0.09678980279963148,0.99274013672232631,-17.727666906395832,2.1208505579376706,-0.53343060818062471,0.2495962574864019,0.2700888984654142,0.9375,True,5
0.73723065638269036,0.67190191049771752,0.070984378274829701,-0.66758350269577738,0.74058447417459783,-0.076595714893004749,-0.10403473563182387,0.0090807092812784374,0.99453220888061988,-10.9187543880428,2.5043277260062742,-1.0620912983021473,0.3682548730195958,0.3040475835306721,0.9764705882352941,True,5
0.8909223483758637,-0.44472081747157655,-0.092091061845587352,0.45414521933364266,0.8737691900595439,0.17401012113979153,0.0030804091989260571,-0.19685222124756405,0.98042833193919188,6.2094869556674013,-2.8625046742259932,-2.5615663608104331,,0.5686457517332555,0.2,False,4
0.75308471077601613,0.64536608377698301,0.12792981007475954,-0.65104621263316043,0.75903028277723783,0.003443667104055817,-0.094880173963906966,-0.085881591377118552,0.99177724558043368,10.689833140271151,9.2737929373161752,-2.4108700620255528,,0.3651493904778086,0.631578947368421,False,5
-0.98697759150694309,0.14488257865332116,0.069887568750948911,-0.15890031588564804,-0.94571383394915087,-0.28350667344639258,0.025018462674506352,-0.29091989048527167,0.95642024960026983,11.188088581515931,6.3444029529989008,-2.4977067465344702,,0.2633919310842585,0.1363636363636364,False,5
0.77094366437690642,-0.63277559585530507,-0.072394140971981213,0.63584639681978206,0.77122178331930735,0.030270787652244807,0.036677322808622084,-0.069368625644094503,0.9969166302995659,7.5430606445942576,11.16677158979587,-2.1584652175830796,,0.1593165795474286,0.25,False,2
0.24989426113998001,-0.96701398092721325,-0.049364146306867654,0.96413939800183324,0.25320967860272248,-0.07949893007184293,0.089376056469086779,-0.027727591911455698,0.99561192297843915,6.3004198521504229,-9.8107674707340173,-3.0010954796854161,,0.5728723918250054,0.1333333333333333,False,1
0.67610763307042954,-0.73618745824764042,-0.030108052457480099,0.73027964295774228,0.67498753564654834,-0.10527805945834168,0.097826947133271905,0.049192001795825731,0.9939869392370837,-6.3612034358669707,-4.040965870781573,-1.7902472657021395,,0.3184028743194204,0.8547008547008547,False,5
-0.95018700617328999,0.29903049932265202,0.087894333004381792,-0.31063995565644259,-0.93160209537754746,-0.18873355249643786,0.025445456356746256,-0.20663566091797358,0.9780870270010682,-10.248882013430411,9.9061670313358423,-0.96523182650162587,,0.2690023376866973,0.6888888888888889,False,2
0.051566005317972979,-0.99375967981946323,-0.098907258887628774,0.99643847288492182,0.057814353963233506,-0.06138297997473556,0.066718189800920299,-0.095389722931412221,0.99320163305783826,4.8123884595490942,8.3490489146796172,-2.1228400273131363,,0.2541829677900044,0.25,False,5
0.99390680778525298,0.09731490516140294,0.05175970123131169,-0.095504161974059129,0.99476394395811574,-0.036382012678333485,-0.055029196648326381,0.031217063191800933,0.99799663450430454,7.381441250917586,-8.6845259539834814,-2.9578154652379292,,0.1299685029732232,0.3148148148148148,False,5
0.97032238946694038,-0.23881102443678731,0.037996777582042882,0.24100697025017898,0.96790112621720914,-0.071295512890273166,-0.019750969343211799,0.078337120670279009,0.9967312550206765,-5.6642767671642806,15.38013806645943,-1.3533786759077837,0.4868645252083327,0.3173280051730715,0.9634146341463414,True,5
0.98671663751897354,-0.15540295742319701,0.047330730687085161,0.15845934033725834,0.98490466966714685,-0.069666556737993393,-0.035789868721893194,0.076241146974393631,0.99644687405044208,-15.447023207338379,10.707735760177414,-0.35396222651373621,0.3201849087115042,0.2446265095845574,0.9090909090909091,True,3
0.99185291204562609,-0.12323062866608153,0.032280226535337783,0.12480018216979552,0.99080670671983484,-0.052220536663077258,-0.0255482953833771,0.055823669509951011,0.99811372224083084,-5.8733216222615416,-12.918342060374842,-2.3252570563404267,0.327297042100837,0.2732823284371283,0.8688524590163934,True,4
0.98105898258408297,0.1740484889942937,0.085031736251157522,-0.18717245686171305,0.96481182652548336,0.18467433711512188,-0.049897335434202696,-0.19709201626489783,0.97911439221431273,1.8281781251231792,-14.173161411975387,-2.9224544022690626,,0.3476707429883471,0.4864864864864865,False,5
0.61968254827412672,-0.78178726713425339,-0.069297967583767522,0.78218468657926343,0.62243802568906137,-0.027532167680794452,0.064657988256555124,-0.037142605227143875,0.99721601041677843,7.3202323410248376,11.474207818002714,-2.1309081917210051,,0.202789838774135,0.35,False,4
0.96653947817768171,-0.25377625951846267,0.037403839760535657,0.25603664407873866,0.96334293669686732,-0.080097585513868724,-0.015705859190483656,0.086994232113813394,0.99608500117510823,10.432890472965243,-0.30665222751990329,-2.7412867965401504,,0.128388512070725,0.5,True,5
-0.079995521629164762,-0.99636958194253755,-0.029126838121074416,0.9898588489743062,-0.075963746298092757,-0.12003736233198856,0.11738899278271343,-0.03843390987152414,0.99234200704467201,5.7539175302076764,-6.2063007137644775,-2.7329620199413069,,0.1739449346855365,0.8108108108108109,False,9
-0.99494713219867903,-0.087488955610239144,0.04925329203062289,0.071260211140978677,-0.96094031311604244,-0.26742418913887656,0.070726136878578011,-0.26256313007479198,0.9623192901981964,-3.5363751983817822,-27.233459675376004,-3.5043323036341829,,0.2553023843549597,0.3023255813953488,False,2
-0.91837571496965587,0.33356722923880106,0.21288247868700322,-0.39148513874207291,-0.84428835047030593,-0.3659461263686633,0.05766656135121296,-0.41941636214873512,0.90596053052207948,-3.2380146030346997,-22.518669713602648,-3.0842837367513489,,0.3040806158650303,0.2363636363636364,False,3
0.89443322285176308,-0.44636164750386964,-0.027395063362598716,0.44595870869493326,0.89483622568629295,-0.01972205209045496,0.033317262765077259,0.0054229915307156045,0.99943011319686659,4.2077758312158196,-3.4936044408677582,-2.5339876565080459,,0.7310029318594002,0.4827295703454086,False,5
-0.23270823059433426,-0.92637051698328965,-0.29611576229199033,0.97045434008189724,-0.20122138746858559,-0.13314776393701197,0.063759338373786625,-0.31835140723629574,0.94582616176589596,-4.9832556812726096,6.3082096431032033,-1.6530979530043635,,0.4320852322283552,0.3131313131313131,False,4
-0.93257768094775395,0.35218116389581183,0.079166260459236984,-0.36061909941585757,-0.89933125647358947,-0.24729972961192126,-0.015897614116724988,-0.25917507389142347,0.96569951172130641,4.4504766439470957,0.25888132333112424,-2.4548518294647019,,0.2083200476494186,0.2043010752688172,False,5
0.88158100241377646,-0.47202934621927095,-0.0017979129370150164,0.47164499257617276,0.88100474640437054,-0.03717038862849377,0.019129484074156194,0.031920731833386139,0.99930732495978336,8.9552816396959365,3.8666993587588117,-2.5233179261219925,0.1943652165077472,0.1758900892168372,0.3283582089552239,True,5
0.53990620274900469,-0.84162924942194428,0.012708215870297208,0.83930924754693426,0.53715211277693953,-0.08383075045274152,0.063728166577663573,0.055926865250302243,0.99639896955382523,-6.629953582560054,11.080517712602644,-1.309309015100723,0.350156567066286,0.3072083095877853,0.953125,True,5
0.59632342893895485,-0.7841720864719024,-0.17167558619905937,0.79884225584768054,0.60075614690917711,0.03070996944035756,0.079053262871787627,-0.15545478683251399,0.98467476401103193,6.0869791094621792,-2.3426300634255481,-2.5509386483567908,,0.2810555971549873,0.3333333333333333,False,5
0.99798082654575704,-0.038509955958260594,0.050509931094182642,0.040162986996621186,0.99867640861646567,-0.032130442705105872,-0.049205734651110465,0.034094195473858564,0.99820658258320127,12.100352763490397,6.5364660666771526,-2.5359298558457573,,0.2846482766199364,0.8695652173913043,False,5
0.78742146866365381,0.61262409974113508,0.068257916053295536,-0.60793850697880469,0.79011817897918313,-0.078256213676623679,-0.10187346278573531,0.020124007130378634,0.99459379744550003,-19.64294659032193,8.8373539214264305,-0.023793776359162203,0.2699345197552507,0.2819987813288665,0.5714285714285714,True,4
0.90086054460596054,0.42110647265396633,0.10544959867722184,-0.42631312955723788,0.9040133474359342,0.031890174423968867,-0.081898685821973821,-0.073683148321796899,0.99391317473611462,-8.3342458067253933,-12.191668800165484,-2.0580216614216877,,0.17854276693986,0.28125,False,2
-0.29359760257767326,-0.9289928175599389,-0.22532818883284086,0.94866146550817987,-0.2541444144689195,-0.18828712237994913,0.11765148371573757,-0.26904081756546877,0.95591587854956639,5.9469030758079482,-14.10820236274632,-3.1741382379264387,,0.3777556203712691,0.3725490196078431,False,4
-0.95835094249063812,-0.2845395487342573,0.02450951312060845,0.27509930159607709,-0.94278130313240449,-0.18837141164548993,0.076706227183030773,-0.17378336994680807,0.98179198155274972,1.6187509416081669,-4.84408746554349,-2.4930685230428824,,0.1164585272877828,0.2692307692307692,False,4
0.17750187888632138,-0.96227725104509887,-0.20619305301807073,0.97959241107926243,0.19283929348477899,-0.056671995237575892,0.094296294453929855,-0.1919257643188598,0.97686882939465247,10.672862036303581,-4.3558440601797583,-2.7959484446335399,,0.4508418922281249,0.1758241758241758,False,1
0.72874782646443947,-0.68291270084942279,-0.050565288903570337,0.68279115958016279,0.73027205824936836,-0.022337263471771347,0.052180818530676798,-0.018247300040757836,0.99847093008193821,-9.0262180494027611,7.7003338588478281,-1.107376832502688,,0.2814630824308075,0.3902439024390244,False,4
0.82606361820486573,0.55925220551244792,0.069684067818607281,-0.5550521229406532,0.82874995517382333,-0.071348809509757985,-0.097652647160020117,0.020260365960381981,0.99501431048693556,-13.548098457125084,-3.761816887637532,-1.1772383653563017,0.2541345447533189,0.2605867266957003,0.8556701030927835,True,5
0.91069551185309783,-0.41253691723318175,0.021141821358794465,0.4130501975623791,0.91003709366778252,-0.034957437583082,-0.0048186081293047425,0.040568215001876178,0.99916515198802724,-3.0501378284893628,19.841445928144964,-1.549680506342662,0.274189394185869,0.2689098251635532,0.5,True,5
0.19507529899951398,-0.89431166786927829,-0.402681348504148,0.97635427706750333,0.21606722613839205,-0.0068760047158923643,0.093155533234705129,-0.39181831823146029,0.91531440069848524,-8.0676889383608188,-12.014147619070554,-2.0915438998042903,,0.4776057221258112,0.3283582089552239,False,1
0.94717878065699446,-0.31902956942705479,0.032748913024964341,0.32054146318319587,0.94501489274472084,-0.064807583437888339,-0.010272675089995416,0.07188175235670681,0.99736025879549839,-3.9593742623719836,-9.0087494703988771,-2.2248997420725454,0.3619855537320677,0.3135797070190148,0.8466257668711656,True,5
0.9947345847025566,-0.098849953471001617,0.027051667146643945,0.10019562923001431,0.99350202790285402,-0.053986632013098307,-0.021539310105792926,0.056412828786517981,0.99817516041447829,-24.357741212168389,1.5493888179959008,-0.10212938158166603,0.3008957778365092,0.2359750025070303,0.6923076923076923,True,5
0.96318473019730932,0.26195574528401561,0.060451327755748102,-0.25924535653688091,0.96456027425778634,-0.049145930022843502,-0.07118300800614176,0.031664883332181627,0.99696053810306717,-6.3474949403885628,-19.149432324952066,-2.6232835291807248,0.4000368444296579,0.3688028047027989,0.991304347826087,True,4
0.16623463078049533,0.98017602604910725,0.10780076756615753,-0.97957356169298782,0.17669066082508217,-0.096000247964837915,-0.11314453040861917,-0.089640216062747968,0.98952662768762178,8.9503542137896819,-11.254299248975808,-3.2016234377791633,,0.2321030461612069,0.8129496402877698,True,4
0.26652466201343783,-0.96202290054158868,-0.058962219871454495,0.96103184625695626,0.26991021431762025,-0.059718227426479351,0.073364807766170895,-0.040748190641588515,0.99647237289393431,2.1003845677202428,-3.6835338073565662,-2.4881464388310501,,0.3327655516165798,0.1648484848484849,False,5
0.99118997470119041,0.11066672254647972,0.0727688846463449,-0.12049707538341783,0.98153006332804571,0.14859067806320947,-0.054980804613023682,-0.15605002820910324,0.98621777504770303,3.7301098337492307,8.5187780775865463,-2.0892950294959092,,0.1651829672710662,0.1290322580645161,False,3
-0.99837094623761424,0.019596407860873282,0.053585767770570933,-0.032029202695736038,-0.96971822294610677,-0.24211711682762252,0.047218469726228,-0.24343900444504674,0.96876615714604641,2.8347578154488611,-15.060814902709813,-3.0442468451073412,,0.3803776945025981,0.2142857142857143,False,2
0.99813639241715146,-0.040520236169210994,0.045627322880778733,0.041550412468402083,0.99889723727073298,-0.021860297267037913,-0.044691222361680029,0.023715392336813034,0.99871931733101615,-12.790476449623272,9.6529870071550974,-0.67762231708580001,,0.1487949123188124,0.3157894736842105,False,4
-0.70086465255619934,0.66455745889905826,0.25913726597867653,-0.71306823689295895,-0.64362463083464494,-0.27799464764152015,-0.017956289473162908,-0.37961917549643387,0.92496856879775258,-2.0539722054424496,-7.149880382906006,-2.2664560965572202,,0.6229807032203699,0.2315270935960591,False,3
-0.06018346019807478,0.89119474697345691,0.44961080290124489,-0.99264913865502868,-0.0060523390248817671,-0.12087620410881914,-0.10500304112746343,-0.4535805244487941,0.88500794866189769,1.0989067198644076,-23.599400052628081,-3.5563498704346439,,0.2017178766638396,0.3214285714285715,False,2
-0.70830764174889316,-0.70549245588536613,-0.024097288830003939,0.6980057828113706,-0.69488222046215298,-0.17299314104170041,0.10530057835552176,-0.1393524107233991,0.98462820080656333,5.139228897865495,2.6829433533422358,-2.4356417359139528,,0.3197379672648045,0.1241830065359477,False,1
0.99822874049162791,-0.055243122042544696,0.022081193887332581,0.04303989035271525,0.92682180559070437,0.3730266860695251,-0.04107249073192084,-0.3714155868411802,0.92755782157043853,-5.4974804643670918,5.5276907034850904,-1.643674628242936,,0.5197307039008233,0.2666666666666667,False,1
0.43059825331109969,-0.90239835744293984,0.016197182770858867,0.8994746859509849,0.42758622275445313,-0.090085023416518237,0.074366884961019841,0.053359409618751283,0.99580235982163212,-17.168440164763176,13.878897367401958,0.044595868266659948,,0.3035719900846691,0.9333333333333333,False,1
0.28807667616452376,-0.95601644907995675,-0.055175880043270856,0.95375057238757044,0.29160581872479785,-0.072978710294309385,0.08585845514787982,-0.031600562880899137,0.99580607053041625,14.762182300094523,17.675816686320875,-2.2582031589215452,,0.112246161658971,0.4666666666666667,False,2
0.17137941911725937,-0.98163793005769973,-0.083761978099062134,0.97835409672389895,0.17958050888111546,-0.10283045392083671,0.11598429258566209,-0.064325850962397804,0.99116589366834507,15.035047314381918,11.476870038824782,-2.4414533672877718,,0.1612067617198903,0.1590909090909091,False,3
-0.60644091443343151,-0.79506519442204215,-0.010037625206325363,0.78748249126826064,-0.59881496333880957,-0.14591766729040373,0.11000337834392135,-0.096394897687479927,0.98924581396776368,-8.2741155130137329,16.529400515500964,-0.98962844065127797,,0.1120372173601051,0.2857142857142857,False,1
-0.0038622244644320545,0.98671091290805668,0.16243970441469582,-0.99813099614308964,0.0061032693484054639,-0.060805136638792688,-0.06098850515128057,-0.1623709470669191,0.98484317420998646,13.308885072636564,4.8663687107688904,-2.6487932981136364,,0.1919427312470773,0.25,False,2
0.83685347764118234,-0.54679557881994245,0.02628406252509782,0.54710320258864242,0.83374296108999213,-0.07450342643222907,0.018823992060930123,0.076728546290516023,0.99687430878071803,-5.3008972038015818,-3.7676544231603248,-1.902443031045707,,0.07507283444348481,0.3275862068965517,False,2
0.99153151256830774,0.10370409412483135,0.078171097253090016,-0.10268092022999202,0.99456893691359127,-0.017007596752369035,-0.079510302506819536,0.0088368879316928443,0.99679487418774226,11.284853063365945,-0.049380865850885136,-2.7946753247960712,,0.2345210990495963,0.35,False,4
0.93634989065774299,-0.35006047096234177,0.026580988221973686,0.35103422919550303,0.9346250773491761,-0.057016968730069839,-0.0048838712464863415,0.062718669147792117,0.99801929657796595,-9.6980703269256807,12.543266229313472,-1.072594610174981,0.3021764492652295,0.2296828980898718,0.6060606060606061,True,4
-0.92810192314899775,-0.37121988686777219,-0.028681280323757712,0.36354783161645876,-0.88689835360002078,-0.28503383046323361,0.080372845999767961,-0.27496746348513845,0.95808825253754493,-0.63440586851638614,-16.202683448146146,-2.8575162319128231,,0.2978028566681679,0.186046511627907,False,1
0.87308729945607455,0.47741978746876096,0.098938941078737713,-0.47958124616028841,0.87749473810031642,-0.0021938408333206649,-0.087865783214193846,-0.045533846087719994,0.99509108779076916,12.611634482768888,1.2086889093229893,-2.774853417720764,,0.2686405630098619,0.5510204081632653,False,4
0.9957695104414902,0.079016847066861046,0.046897973887234053,-0.077558247127822097,0.99646934384720232,-0.032149106911172773,-0.049272714331311626,0.028375775801529404,0.99838219884475432,10.603065684878189,-2.1027950958585686,-2.745231727581571,,0.1454054235609132,0.1842105263157895,False,4
0.87625582450701822,-0.47500775935401834,-0.080891028989619987,0.4815354031661937,0.8572344394694017,0.18240825443260683,-0.017302760331690238,-0.19878818964177492,0.97988972346068015,10.212575397308459,2.5459071563613547,-2.6372514115625356,,0.1812925750014972,0.1785714285714286,False,5
0.79821019559733042,0.59689399279727029,0.081105147845268621,-0.59427907743660247,0.80231221335326253,-0.055923970042269601,-0.098452332453686342,-0.0035600093708262059,0.99513540011784696,-29.315410793192548,-0.37528457020201456,0.028344512564885491,,0.3052744528140339,0.9318181818181818,False,2
0.80578209688415137,0.58558598439417398,0.088341763747879734,-0.58354732953524224,0.81053302739404165,-0.050087180952186665,-0.1009342683793135,-0.011192246626839571,0.99483013981391666,18.388139477630318,2.8055041927497912,-2.9038680409986792,0.6869169355326756,0.2799143793845849,0.8108108108108109,True,3
0.52464714896087772,-0.85103229333956176,-0.022122494896138632,0.84806862122478066,0.52473593926772522,-0.073700798738669832,0.074330227909798374,0.019905520189762042,0.99703499812436525,-21.340608339464012,-3.8441690240267983,-0.65697704038493177,0.2929311068768102,0.2579235539112195,0.9772727272727273,True,2
-0.97823073389922244,0.15957167588790608,0.13267068820698147,-0.20623042174153128,-0.81869808345002137,-0.53591273664988759,0.023100744648154519,-0.55160704166062524,0.83378416103156694,18.313759212767334,10.811494757126907,-2.5884824214802609,,0.4412709743192907,0.2777777777777778,False,1
-0.99351717215590996,-0.10678303320298335,0.039000159631647296,0.099093230816371877,-0.98159516812229941,-0.16325274124904554,0.055714991139698224,-0.15832975001219809,0.98581313139122762,11.422878447261242,3.2220958857770814,-2.6347565225341505,,0.2887726162466929,0.5813953488372093,False,1
0.39059331241125256,-0.87419949689017773,-0.28846508269904386,0.91724853802375128,0.39615398311599892,0.041438401931302549,0.07805116138083458,-0.28077973804797468,0.95659330695380373,-6.7438678050814653,-9.0740316407584949,-1.94339125864161,,0.2937298702673951,0.2068965517241379,False,1
-0.99461986104477895,0.084927124423850253,0.05931876222882438,-0.097420000910229662,-0.96152885708973312,-0.25684937299195654,0.035223222991583376,-0.26124632154502425,0.96462929876781067,-9.4395722499890269,-18.21473381688746,-2.3851880802251011,,0.2022096850685121,0.2758620689655172,False,1
0.13049922890340049,0.9587340834777176,0.25258445802099411,-0.98544191110141444,0.15342936224829912,-0.073237085174608071,-0.10896876203945081,-0.23934992788430431,0.96479916092488827,-24.07167296372808,13.34791583224772,0.49189631765748754,,0.4614495227842575,0.2727272727272727,False,1
0.60496034821270861,-0.71711479878363649,-0.34607707588897413,0.79432495286096239,0.57375959743764127,0.19961912135520837,0.055415217700447328,-0.39565931015673095,0.91672398459596971,-6.1773704616163734,7.1185175528217117,-1.5346177196307909,,0.6762313683815409,0.3333333333333333,False,1
