axis_00,axis_01,axis_02,axis_10,axis_11,axis_12,axis_20,axis_21,axis_22,location_x,location_y,location_z,dbh,dbh_approximation,score,reconstructed,number_clusters
0.9021590050939291,-0.42617329004387872,0.066973549861941026,0.43103489529084327,0.88404154535656232,-0.18077462522487675,0.017833916270569711,0.19195539309110038,0.98124160047039244,-2.2610770425099296,-19.557402941772128,-5.6276241215093217,0.2387345023589638,0.2067983579403644,0.96,True,5
0.64464554645458894,-0.76237240990873489,0.056748815372770385,0.75602139488497355,0.62473960206697887,-0.19527437129682934,0.11341856070521977,0.16878607234941248,0.9791054549273106,-8.9899638181435151,16.547750575251676,1.298249927602823,0.294940108222813,0.2743718005141524,0.9473684210526315,True,5
0.78407719553592126,-0.61876973911349531,0.048445447649293136,0.61627509935964753,0.76689310106630149,-0.17910883129027089,0.0736746452300924,0.17029087319738292,0.98263577441282468,-11.668919645854723,6.0547251124158521,-0.5966625386760922,0.2839688247884975,0.2278220741997902,0.9662162162162162,True,5
-0.48185218750573378,-0.87536066922771338,0.039524273113482236,0.84679715993318783,-0.47677746759713596,-0.2358342984401316,0.22528435215306553,-0.080168230371336996,0.97098919433436626,-15.176153964537262,16.90333046945138,1.7055842550000559,0.2661127133615562,0.2629650766593085,0.6551724137931034,True,5
-0.91670163099658486,0.35610982603579733,0.18122889264395831,-0.39748424565602969,-0.766410951060155,-0.50459937430631585,-0.040796987431159441,-0.53460269911011737,0.84411821442302692,4.3374952662156625,10.154116755220805,-0.35977212665001379,,0.4875114023945302,0.2993630573248408,False,6
0.96845440880273936,-0.23320694514441134,0.087809901531375509,0.24345842008912916,0.96063321708868354,-0.13383504740370791,-0.053141845642049566,0.15099120160545509,0.98710566875056438,-10.281553777035441,-17.878910990168553,-5.0829595883594756,0.3329643564186322,0.2662690901273296,0.868421052631579,True,5
0.61032500716330884,-0.79095970673095228,0.043429574706555618,0.7830455772021605,0.59411335979742419,-0.18403515896249534,0.11976230481767453,0.14632859610582491,0.98195974067497083,-25.767898967030366,9.3220209640997602,0.71318963981082284,0.3572137010809304,0.2699963865924861,1.0,True,1
-0.83686186790523398,-0.52632645457259875,-0.15047483930279371,0.51759474108028558,-0.67130704598756985,-0.53051157764319834,0.1782074579028477,-0.52184989529986658,0.83421507342131129,-12.69369422226171,-6.0908185143662559,-2.8444600674121228,,0.1789454247822017,0.5,False,3
-0.052825011836923792,-0.99854202315666774,0.011106129596596875,0.97537224322794369,-0.053977886860228315,-0.21385830559178956,0.21414599054130268,-0.00046445698609776098,0.976801555596013,-1.0918685963060624,-17.507396988577387,-5.2974095038049489,0.1537512354627814,0.1709296794917154,0.6896551724137931,True,5
-0.51813406469105183,-0.85353049642993195,0.054979838766618917,0.82644611726545336,-0.51617510368565966,-0.22483344411353826,0.22028142514426,-0.071055992000483098,0.97284486930714809,7.1921898325229456,9.1436447067384936,-0.69353173524335066,,0.1893194052679536,0.91,False,5
-0.88603903050510224,-0.46107104428734152,0.048459555728031012,0.42824395632311707,-0.85400598444232467,-0.29543339758635828,0.17760053573765444,-0.24101300930961284,0.95413352265247553,19.980227131491407,-13.996503382497059,-6.0222747910740528,,0.2702555324941281,0.2666666666666667,False,2
0.068858071719898939,-0.99708619236191598,0.032828203731456028,0.97545914939602252,0.06039330082379072,-0.21173591352247165,0.20913635221693461,0.046602298407094095,0.97677541531539924,14.84966682685978,-8.7090905825648086,-4.6146246551069794,0.1588200075996225,0.1631009215881584,0.7659574468085106,True,5
-0.75210706956053008,-0.65903464080484675,-0.0028806485897619472,0.62778824903765884,-0.71510415059734533,-0.30742148293292459,0.20054144281744224,-0.23302230798289397,0.95156909034237924,-11.129111901529752,-7.0335368277782822,-3.0654654784965492,,0.3890433864849087,0.2919254658385093,False,2
-0.026566471726871863,0.98550176097456788,0.16757237748511039,-0.97790259729319495,0.0091525376824938554,-0.20886057852355738,-0.20736618043261021,-0.16941815183148934,0.96348158106047577,-4.0581835413698935,-11.550673954408433,-4.1162418573674886,0.1755810477051425,0.1385595531170898,0.5915492957746479,True,6
-0.31773143447496049,0.90677436522136512,0.27714073342595069,-0.92204670559314506,-0.22733091287472443,-0.31328984783483205,-0.221080546976236,-0.35507873300006926,0.90831849321686375,0.49267832153888025,-7.7235074316126369,-3.5685946950010292,,0.7230406052065499,0.546875,False,4
0.97574381258459786,0.18747410227945388,0.11303748571772657,-0.18390251344661718,0.98207516865656819,-0.041330722909101059,-0.11875974802469537,0.019540319411027775,0.99273072792496209,9.3036277467484698,2.7166486822624005,-2.043033171356464,0.6283594557727435,0.5489265224699641,0.3020833333333333,True,4
-0.27159191697759022,-0.95164715728875882,-0.14354622480811222,0.93203495136285375,-0.2228992397020092,-0.28570400483421254,0.23989305965467037,-0.21138499701844882,0.94750604376174308,-0.56701261692642768,-5.8836527767411217,-3.1899185430885448,,0.6653648082405681,0.1918294849023091,False,2
0.64923770474472897,-0.75964212725450331,0.037871377556790167,0.75258516036844347,0.63440866402687845,-0.17646876041054613,0.11002717451157176,0.14307160972004129,0.98357741706543667,-16.264590760829321,11.788016971798466,0.84957295738625827,0.2973418091323768,0.2761990364675732,0.9868421052631579,True,5
0.85659958530187597,-0.51233968423154919,0.061198026293087696,0.51435529031105731,0.83846248067488127,-0.18005361376420986,0.04093636268259572,0.18571137946297123,0.98175124025808014,-18.941358997344182,-7.3691612960335799,-2.7741639249707606,0.3657596009749223,0.2111624925582959,0.9333333333333333,True,5
0.077900807261867516,-0.99551851344036635,0.053612998661065815,0.97606332367333293,0.065204606476399113,-0.20748192083654698,0.20305627891723654,0.06849269079062377,0.97676860048864433,3.8959285967203598,3.1559254396971745,-1.6124326840940808,0.2867793052769492,0.2495658888152856,0.9505208333333334,True,5
0.91977022965371869,0.38319041622088751,0.084781068400959309,-0.36243915862248649,0.91222320919941491,-0.19101484993304596,-0.15053431814629245,0.14496179329182912,0.97791896266809752,-2.6462263674486404,12.087715387948855,0.21942587512388292,0.241710000167309,0.2379046900883163,0.968421052631579,True,3
-0.1151309024724422,0.98104616045699844,0.15586310130516312,-0.97419111975665396,-0.080843489782263953,-0.21075101980085978,-0.19415596175023428,-0.17610440429588209,0.96503404152622263,28.439668178623204,5.3173741633984379,-2.7798736935630846,,0.1212618327395169,0.4285714285714285,False,2
-0.25513429024206341,-0.96500444820626208,0.060604528583311335,0.94061067370822116,-0.26222592416939772,-0.21561336971456865,0.22395993938390968,0.001994902411691514,0.97459630920475104,15.188348861596848,-10.647439294648173,-5.0350404070383084,,0.2489609002392334,0.9253731343283582,True,5
0.9907669613997927,0.096049932324893908,0.09568301154857578,-0.094293946166396261,0.99528515283654662,-0.022718192258636444,-0.097413961601971299,0.013486105572585422,0.99515257375012334,6.9808466676431795,8.0771258695479808,-0.86769694098831607,,0.1313575300481443,0.3255813953488372,False,3
0.94421065675076221,-0.32788490682476745,0.030947108989490983,0.32859985446997736,0.94421944855225337,-0.021720235219433004,-0.022099124883207887,0.030677693071535089,0.9992849982998866,1.5418116870442198,2.4706548630686385,-1.6757443421617522,,0.2207227404378318,0.2377049180327869,False,3
0.80131414316531946,-0.59528808623077911,0.059394767066854412,0.59475820785725619,0.78200779394923814,-0.18635043436780527,0.064485022677005496,0.18465076386070453,0.98068638068242986,3.7795985005306667,-8.338009328439421,-3.8113594287876431,0.2363737946665908,0.2214024963200982,0.9384057971014492,True,5
0.94827437285617844,0.30129135504213606,0.099996165731965181,-0.28597487348441003,0.94751361586209826,-0.14295565568212759,-0.13781903177644528,0.1069647938940884,0.98466463699444295,-16.126377698423497,-21.658204807763756,-5.6494104799857743,,0.2083779674304297,0.5625,False,1
0.80404635503872601,-0.59450116736880698,0.0088216181091932758,0.58992466199313476,0.79583072864040705,-0.13653697127138847,0.074150874042215001,0.11498614416008548,0.99059569680570059,22.41568809116956,3.5122726165635765,-2.6383807103131685,,0.2223391737354852,0.2083333333333333,True,4
-0.96136532158481214,-0.26694753524434078,0.067199195539109177,0.24496264170732635,-0.94098240615804174,-0.23354959959030375,0.12557875067820989,-0.20806519345626895,0.97002002693248901,13.483098249789915,-7.0942534593620161,-4.2330277898756634,,0.1651835384444337,0.9523809523809523,True,5
-0.0035040906748552052,-0.9990662716049955,0.043061656840350043,0.97901358428300833,-0.012201951992885407,-0.2034293837106636,0.20376487218821471,0.041445112001983961,0.97814220824646136,2.4940482169067741,-10.491098636556035,-4.188585995631354,,0.1665207912876548,0.7154471544715447,False,4
-0.41165698669073769,-0.90901993937555381,0.064971340807815997,0.88267329386964966,-0.4154341180982784,-0.2197779556943964,0.22677385563156116,-0.033124663584243159,0.97338398130667114,12.2988281055783,-7.6334922364998281,-4.2101997784881187,,0.217768242840831,0.926829268292683,True,5
0.68453099562292263,0.72001902070653256,0.11397335588766533,-0.70333088699110247,0.69343126791143206,-0.15645683138505884,-0.19168458319802179,0.026938569070197815,0.98108681270346887,1.4861335102227071,-14.146812360290408,-4.7892021662749684,0.237100350755056,0.2215752655491269,0.9634146341463414,True,5
0.53707133695306575,-0.84184673594485682,0.053370892839066798,0.8318839894919402,0.51811058323166337,-0.19882266362344422,0.1397261859868151,0.15118034502652244,0.97858116486433655,-3.5177458171734952,-18.939954196216107,-5.4384628069651457,0.2167307746127719,0.1201973878170423,0.4242424242424243,True,5
0.37242480590092364,-0.927040400025129,0.04354148218547306,0.91303407287972638,0.35758163331284032,-0.19622476214275153,0.16633864767490875,0.11283382577299167,0.97959174253926451,-12.365489906931348,-18.614926887559694,-5.1330220021942559,0.3342980975199908,0.2309415909237011,0.8955223880597015,True,5
0.18717453276362775,-0.98020852857585505,0.064474295590355557,0.96279616022988379,0.17003475596075221,-0.21002794007454673,0.19490830698384198,0.10138748577868148,0.97556718353795002,-13.013812053692993,-9.8830217185229987,-3.4671420476466275,0.3268460742099318,0.2268829063871951,0.9813084112149533,True,5
0.54894067189579621,-0.8348350827743598,0.041406802674435916,0.82520976129777368,0.53339680737372719,-0.18578669420167371,0.13301499388213089,0.13615517049544085,0.98171726120604308,4.0819485700461353,-16.031750524256505,-5.2943841935106919,0.2191485976195092,0.1606803660102517,0.7777777777777778,True,4
0.52467431734715153,-0.84948796087964662,0.055561362805818769,0.83990784535090468,0.5059045472136604,-0.19650801618901237,0.13882244787605708,0.14976913376620826,0.97892672582610496,3.9017866352685697,8.0558094992430043,-0.68948776641840936,0.3425892978667723,0.2308454643499779,0.9709302325581395,True,5
0.025098221677947414,-0.99817570078318785,0.054912199323986166,0.9773922502045207,0.012966000079008944,-0.21103618666497809,0.20993920193415266,0.058967391055936291,0.97593461783221336,-11.340271536185121,-12.383618625691888,-4.0113875796476632,0.2119296854402508,0.2161144064030572,1.0,True,5
-0.83988681709436908,0.52330019218551671,0.14403833979080444,-0.54054085347197389,-0.78247658676303189,-0.30910512272601631,-0.049048141645529585,-0.33747192479712579,0.940056902413276,-29.097261651072046,-4.0916593790717934,-1.6280624333498317,,0.1891972914998938,0.2941176470588235,False,1
0.65739965620656549,-0.75129132198679127,0.058198294879055985,0.74579728462822992,0.63765494427325875,-0.19282785661056934,0.10775946483093085,0.17016909693363014,0.97950516904615903,-6.1173920580286634,-11.339892408808144,-3.9810152917769046,0.3197304525474552,0.2506410572500285,0.9619565217391305,True,5
0.79716681471173467,-0.60096097610759447,0.058060095747023005,0.6004490738909154,0.77906637019056657,-0.18032332212344734,0.063134611631721155,0.17860989903670449,0.98189231832223323,12.695628935740586,4.8779445489101123,-1.7771511036399594,,0.2518009893655948,0.881578947368421,True,5
0.64440019877774435,-0.76324664105101414,0.046935580741565501,0.75611548786171912,0.62680941057388806,-0.18814710157653058,0.11418297960220705,0.15673074918585467,0.98101871512668026,-5.6525308161873893,15.150102669142358,0.91753586279515509,0.2793228816591698,0.2432456920139543,0.9393939393939394,True,4
-0.75314956255025778,-0.65604433488541047,0.04869873812651894,0.62475347740050224,-0.73648122459263743,-0.25938099062674191,0.20603113576917459,-0.164927973634824,0.96454649167698259,5.3634564229744743,-22.239931941795795,-6.686721927533176,0.5509209742167483,0.3036339166756448,0.5882352941176471,True,4
-0.080319594145534842,-0.96176143487775267,-0.2618467207703461,0.98632301379555742,-0.038754333537389676,-0.16020304019999615,0.14392941066212073,-0.27113288995243601,0.95172016934206849,-10.61082169272237,-6.328865547046048,-2.9868652269546092,,0.567479112394513,0.2520325203252032,False,3
0.10746069859509232,-0.99283115954320866,0.05233055414900388,0.97358165362215898,0.094418938296170679,-0.20790340983583189,0.20147198809709674,0.073289513104611431,0.97674852714559623,-8.0229562498581846,12.196374188967409,0.49147964483926726,0.2907123222057049,0.2709919588838819,0.92,True,5
0.71777374010288886,-0.69356430443021377,0.061395550644513283,0.69034580965328274,0.69740373502117547,-0.19248556692039445,0.090683632000833472,0.18054524640307215,0.9793772985363659,4.5274321698616777,12.313729152889318,0.045699728165027313,0.2175954062006776,0.2362651768177096,0.9777777777777777,True,5
0.95023635810728868,-0.30368314593880741,0.069479569685665099,0.31132159053891684,0.93383691284150283,-0.17614621051549678,-0.011389951506272082,0.18901102371914624,0.98190890713819523,-2.3334228159260624,-9.871885026708382,-3.8762302839610441,0.1566772148352623,0.1145912931695386,0.6458333333333334,True,5
-0.21728803533537241,0.9374991524844849,0.27181105347458956,-0.95473029128160325,-0.14616411411722469,-0.25908709472621694,-0.20316490988711289,-0.31580277205116364,0.92681855212083564,8.6418499611119373,3.7410930859409199,-1.7581220835741307,,0.3186063468119584,0.2758620689655172,False,2
0.82568863229730871,-0.56111502033898031,0.058208388098156073,0.56141463109648415,0.80722931389534214,-0.18219343231536592,0.05524395429183683,0.18311408667287402,0.98153825028684472,-1.8404625272006074,7.9368979849913934,-0.58653972987845793,0.2877038899861722,0.2616192133621446,0.9661016949152542,True,5
-0.99599924218670211,-0.023650932861204524,0.086175071443598525,-0.023752525706579927,-0.85958355939499054,-0.51044286843915887,0.086147124653541268,-0.51044758574473947,0.85558280436278844,1.6216577751952943,2.9162977075932606,-1.5511564371760824,,0.5083618028738439,0.2327746741154562,False,5
-0.28040976824425173,0.93899164929342016,0.1991608506469788,-0.94272147017697139,-0.23034791260706636,-0.2412800630490165,-0.18068367812443706,-0.25541049648514919,0.94979939289548665,11.197426594683167,-8.9501412938618223,-4.3917276431365906,,0.2823979978807407,0.2619047619047619,False,1
0.50255413031758445,-0.86077423680849829,-0.080666345817093171,0.8503440601198663,0.50898487654156255,-0.1336015526512723,0.15605872458660153,-0.0014521359154011163,0.98774671134946623,-4.8122780579281352,-8.0816968350274632,-3.48781259049347,,0.4225966173758488,0.2244897959183673,False,5
-0.83323809010320793,-0.54983661312330412,0.058257909937205157,0.52324906726748599,-0.81819227654256765,-0.2382683617474112,0.17867484099576864,-0.16805087763883739,0.96945046480980779,10.159446985190009,-12.893452153102876,-5.1105723400276961,,0.1642845655485769,0.9152542372881356,True,5
-0.82145178225810378,-0.56644251028978143,0.066029175078855792,0.53981325950319548,-0.80967663123018097,-0.23027244234662375,0.18389838033413641,-0.15351428394893632,0.97088348957746984,15.534721135782027,-7.7507260402928067,-4.4196793704658663,,0.2480673081743455,0.6666666666666666,True,5
-0.9962408302942829,-0.084721448508842445,0.018068874262665742,0.063713719471738317,-0.85793573143521562,-0.50979097940018148,0.058692163068275988,-0.50672335340823127,0.86010852402768467,6.823049513634734,6.8051734289151318,-1.0698598504672228,,0.4376189471371343,0.3157894736842105,False,6
0.98196189843331216,-0.17451569568801523,0.072767451403583719,0.18510906089141579,0.96574848432997951,-0.18183646661284567,-0.038541738429175146,0.19202639655233467,0.98063265162138158,3.1626442108066684,-11.693981830228475,-4.4492532479988256,0.1980641289732195,0.1160769170174798,0.6811594202898551,True,5
-0.19655397011279882,-0.97970099055507165,0.0394018519654733,0.95630973532034169,-0.20042131578436986,-0.21284498187836154,0.21642141059616807,-0.004155151582545577,0.97629120028344596,-11.804003427537497,10.400089539528578,0.33345850989735187,0.2579073109511252,0.2408071665065475,0.8235294117647058,True,5
-0.996182196130034,-0.017713221476268554,0.085482594125800115,-0.018880094730055218,-0.91230979105619192,-0.40906526027761436,0.085232471139394764,-0.40911744881872353,0.9084923439058431,9.2835072041266464,3.1132366489933783,-1.8942398856214866,,0.5204199464218805,0.2978723404255319,False,3
-6.6692703787501616e-05,-0.99910551008313242,0.042286821512239912,0.97884564351462711,-0.0087171115005864018,-0.20441432958460215,0.20460010196605291,0.04137863807100374,0.97797065732406852,6.798640763041182,-7.0642470608096337,-3.7768223042005564,0.1352066118288653,0.1437336445972706,0.631578947368421,True,5
0.39362148682700243,-0.91873478547600784,0.031440723026881764,0.90475483974437743,0.38112412458828943,-0.19016593179624711,0.16272923851362708,0.10329954314111489,0.98124838818701321,-4.8066986220276764,4.300450357185861,-1.197890760315601,0.2998738841299589,0.2730379444266385,0.9907578558225508,True,5
0.88759129397061776,0.45039200580817057,0.096585381770001685,-0.43216932201638764,0.88679831384396568,-0.16376332822520093,-0.15940944757278325,0.10361366544810544,0.98176007066744575,8.8397107170627169,-8.4684902534577873,-4.1422823846086319,0.2298267873145748,0.1875178137635548,0.4716981132075472,True,5
-0.37400399249270488,-0.92658411147216602,0.039533504358377033,0.90170959612570678,-0.37327116837805979,-0.21814774606328985,0.21688895281763956,-0.045940387732529071,0.97511469218787472,-23.289111690142587,-6.5783484543519961,-2.3863949331236873,,0.2023693779467975,0.8947368421052632,False,3
0.99288701554569603,-0.090640559325371406,0.077198855988576842,0.10381083059318258,0.97655977777837266,-0.18855851048682254,-0.058298248792864694,0.19523137409402064,0.97902299500933387,0.43333778613880303,9.6455189140620661,-0.32016395077667575,0.2745793939724879,0.2465017317953566,0.9556962025316456,True,5
-0.70149707982879694,-0.71265087454240128,-0.0055297382959326041,0.67341396744000359,-0.66029464584473641,-0.3324524163327563,0.23327124865354631,-0.23693820224422477,0.943103818711859,-10.180708294337716,-19.939891530839127,-5.4441612383359486,,0.2494369027693702,0.1891891891891892,False,2
0.53610307793104672,-0.84255340083142938,0.051935118949051784,0.83329485857082808,0.51836924479662527,-0.19212757409700748,0.13495617256088308,0.14627745142834009,0.97999476462445867,11.071839669742561,-9.8256005794676309,-4.582424365252999,,0.1192513934773358,0.7,True,5
0.18216314508399806,-0.98187218123083442,0.052379464469487651,0.96425742127694081,0.16796286739462754,-0.20492950175345481,0.19241677184032252,0.087837889897121338,0.97737418167914114,0.67404459858440158,-8.1638083811065325,-3.6260002114055552,0.1595043106382829,0.1673532931707457,0.885,True,5
0.3316780136892693,-0.9432320060405861,0.017409135986379498,0.92739916004634582,0.32261591791095856,-0.18934034819816162,0.1729754120690925,0.078945248692501829,0.98175717696811682,5.5271113175863897,-9.5024419713423285,-4.1309048790908536,0.248119187456246,0.209493112505678,0.768361581920904,True,5
0.12323306358194054,-0.99111317534982668,0.05008278834283255,0.97215877785918492,0.11043296800370463,-0.20666850318621041,0.19930108547508044,0.074156815100679063,0.97712836623576649,4.8341079570261991,-7.8525826589946819,-3.7716856979120359,0.2311527191920309,0.1991046552581248,0.9293478260869565,True,5
-0.28488502167252433,-0.95840281855326592,0.017451699510402104,0.93247267190983196,-0.28130409373296189,-0.22663345514379815,0.2221153767031549,-0.048291243908527785,0.97382375982196245,-10.79426741767791,-8.7023890611733936,-3.3189952234618096,,0.3086757513948136,0.9452054794520548,False,6
-0.014191553926565806,-0.99920630697729496,0.037220369341878293,0.97747468391124126,-0.021702925933341787,-0.20993385939040704,0.21057502727001762,0.033402681070961095,0.97700686731849729,16.444296048478488,3.4289589596437944,-2.2753743693277864,,0.28100829642529,0.927710843373494,True,5
0.46849144499918033,-0.88246212550544856,0.042146921726095847,0.87071870077920477,0.45312948724009167,-0.19110890064804495,0.14954835363838925,0.12623099794399645,0.9806635636558082,-11.611787389080895,-16.454967856713075,-4.775580585153941,0.2839562764012304,0.201499631932514,0.8571428571428571,True,5
0.72066425625834574,-0.69142218267322197,0.050777899316567433,0.68725432472983683,0.70283845576034576,-0.18357450325289859,0.091238823379860973,0.1671929137607526,0.98169343824660893,-15.75818791517171,6.971392325790112,-0.17092680053796561,0.2507354603892946,0.249800141416507,0.8953488372093024,True,5
0.32501007451216185,-0.94558759804712122,-0.015249455238656659,0.9263778915005646,0.32156841907635936,-0.19600447441755001,0.19024314338384993,0.049576670644646034,0.98048442115274081,0.52727646060313405,-16.402625863885028,-5.179926706796576,0.273134737489466,0.2907314768610758,0.9883720930232558,True,6
0.60565766869161008,-0.79556457864790375,0.015993422267543217,0.78422409755579825,0.59337812308168814,-0.18136969940110592,0.13480116159677005,0.12239037645516476,0.98328492441576942,-5.6082823338768595,15.022194954766796,0.90431384806580628,0.2770496933157118,0.214840362834995,0.3,True,4
-0.80904607782451865,-0.58141805959823278,-0.086008627066066962,0.55023604477637134,-0.6978201875486908,-0.45857091150482499,0.20660285328527989,-0.41833004413087155,0.88448585923792222,-14.513466344974384,-7.9130302494932989,-3.0832363601342299,,0.2321702628308317,0.1212121212121212,False,5
-0.46809640517303425,-0.88216607023970173,0.05166023598401534,0.85449742416434149,-0.46676425197387883,-0.22795895502429986,0.22521080693560852,-0.062563228793813014,0.97229930311725787,0.25291737208617054,-18.371854554653087,-5.5228592587937424,0.1600596974591056,0.126772363772231,0.2916666666666667,True,4
-0.12280358768572013,-0.99190981526417521,0.032158937079876632,0.96780095214909423,-0.12686740084804632,-0.21740740470685299,0.2197284594011979,0.0044250406385645535,0.97555103564320278,-4.5888015028152038,-18.566859936789307,-5.3732070548907229,0.2154516816470799,0.1767602383095072,0.9333333333333333,True,5
0.2319316020890945,-0.97133249019683099,0.052162490741994652,0.95449065075470507,0.21691842668189434,-0.20468022324521429,0.18749754551525494,0.097260421826528831,0.97743801889013937,-13.706730474550277,-13.209454411492924,-4.0698940624870019,0.2723697587988287,0.2670406981934423,0.9895833333333334,True,5
0.29237578776174011,-0.95498541624424305,0.050192165638807643,0.93934931552051393,0.27695719037460698,-0.20228093862484137,0.17927426519677911,0.10629002521692837,0.97804047379315595,-4.0989202787762542,-13.549163160467289,-4.4545281816177829,0.2373724907929688,0.1975811644273155,0.8942307692307693,True,5
0.84194587693162648,-0.53619795174753049,0.060157267720419197,0.53871952883743124,0.82916218312729262,-0.1492358647268032,0.030139833559747614,0.15805641591954939,0.98696998932067637,7.0775969323561494,24.455969278844044,2.1315042397191903,,0.2282616681686245,1.0,True,2
-0.69571114963555791,0.66970897843320709,0.25976119894764882,-0.70724470511628557,-0.57536481624275315,-0.41080440031104848,-0.12566194076866732,-0.46951593416612819,0.87393584673382019,4.9067838099541401,8.4514756771849076,-0.67058632403109009,,0.4136389291905471,0.3628318584070797,False,6
0.48658487519026239,-0.87211632376076276,-0.051461413370500461,0.85380800852141114,0.48719481056636366,-0.18344781585482861,0.18505956830377274,0.045324765716083987,0.98168152768196859,-14.387994166949015,-18.291786149606079,-5.0309362534648452,,0.2037072575016613,0.48,False,2
0.68633321442658024,-0.72230823412014178,-0.084956069218849711,0.71910827258108556,0.69143831121499699,-0.069255715212518221,0.10876585438602747,-0.013560114542026817,0.99397490522310572,5.6257038135417492,6.7682682032351975,-1.0233115033423057,,0.5631629893497098,0.4111675126903553,False,3
-0.9806004102107192,0.16993136389911578,0.097704488422773031,-0.19274026161009528,-0.92665323737409366,-0.32274598249797559,0.035693515504101186,-0.33531643149046225,0.94142916022580303,7.4780830773423528,11.376511024500948,-0.30327722653813194,,0.1547747448711051,0.2857142857142857,False,5
0.97146775060667745,-0.23263860485334395,0.046148554290367849,0.23716236770217047,0.95458754722262773,-0.18032367019719553,-0.002102588191202473,0.18612333066914574,0.98252413960346086,-14.705782796960216,-16.656079482989764,-4.7416104580064777,,0.1129710318592324,0.3076923076923077,False,2
0.72867599709232855,-0.6827609311214301,0.0535612004691512,0.68024759233232635,0.71249311922457781,-0.17209522998532706,0.079337912674660144,0.16183654096596109,0.98362311360632371,6.9610488202493155,17.529381609494678,0.98295556514972693,0.2204751542338614,0.2337223551019578,0.9574468085106383,True,4
0.98309538554985421,-0.17943252244761557,0.036433951181126606,0.17299964594442033,0.97547817194421005,0.13606417075588464,-0.059954861468341503,-0.12746099775408659,0.99002985239731234,-13.60645854179665,-5.9575812971730908,-2.8035436774035913,,0.4559256140877196,0.3076923076923077,False,3
-0.70220364928968149,-0.71075784923005025,0.041633095994982695,0.6742616088236687,-0.68264822151026161,-0.28171384157579965,0.22865108307369136,-0.16974888932405433,0.95859480323152113,4.1990783299385042,-20.348567770716325,-6.1812339766988726,,0.1860463340284839,0.2380952380952381,False,3
0.019046353360318981,-0.9990792098838388,0.03844435981465491,0.97706075786541724,0.010441767121856228,-0.21270459548122048,0.21210731213970574,0.041613722223056565,0.97635996756299481,10.859108344255208,12.158032450509124,-0.33832564983331187,,0.2879211624805101,0.9885057471264368,True,4
0.95684040220758737,0.26781936374005338,0.11282390309280345,-0.25311891932974473,0.95876395964233807,-0.12923808404756756,-0.14278395351216286,0.09510235589519829,0.9851742406917765,-22.232667930743464,8.2192532433350252,0.42973774919071206,,0.2598913006556262,0.2727272727272727,False,5
-0.67669908801777412,-0.73606074551287259,0.017114999005173638,0.70665437959474642,-0.65583881267029975,-0.26554668063219189,0.20668316834100631,-0.16760080760618568,0.96394607588509718,-9.2733467137673049,-21.639429271096493,-5.8210184394015663,,0.1342150673867347,0.25,False,1
0.51927766031574807,-0.85269774127512732,0.057072528604381126,0.84320956177906337,0.50033968400768292,-0.19661595950342164,0.13909833363977406,0.15022237726579593,0.97881810922522805,2.8520790858294638,20.508638336236139,1.652527486117924,0.3631369577692745,0.2975324645063122,1.0,True,3
0.2547753655084708,0.9127279836329778,0.31940122263902471,-0.93889046662383968,0.31254664620746664,-0.1442195743556775,-0.23146102223245532,-0.26313916819383509,0.93658078847975701,5.2575987227737224,4.9104675758999292,-1.3183526504143794,,0.2130179300579309,0.2105263157894737,False,3
-0.99309404085730812,-0.10326193068709003,0.055688416070823352,0.069249924070247479,-0.89909609700039073,-0.4322391194407656,0.094703083529352305,-0.4253976751575379,0.90003785694858085,-10.488274580780711,-22.402858418768822,-5.8976227706059925,,0.2633574655106303,0.2368421052631579,False,1
0.22467755229030231,-0.97439941000566244,-0.0081109356707612379,0.95619794163209182,0.22206814490607879,-0.1907124417454803,0.18763127115539374,0.035093144609589198,0.98161243741408544,24.113303746619039,-7.9871323836807973,-5.0737121820959565,,0.1897907105164723,0.2,True,3
0.69858334950962708,0.66184971258309999,0.27191223168805517,-0.66842491558336325,0.73923851695309284,-0.082064287484666792,-0.25532221997954724,-0.12442416568601272,0.95881655752185257,8.1284444624822108,4.6814561478695742,-1.5714451422621747,0.7512155243433961,0.3302491691400616,0.2596153846153846,True,3
-0.98274683335000312,0.14383451110070469,0.11627680317657316,-0.18057406468883791,-0.88217910606465033,-0.43491727027645921,0.040020853342897053,-0.44841014511203525,0.89293150524455733,8.1905402704174755,5.0907847552986754,-1.4533055704438087,,0.3439163635455265,0.2047244094488189,False,1
-0.40999722527866411,0.90259131241537993,0.13126765792105721,-0.89748498168346791,-0.3735841218862111,-0.23442613234691834,-0.16255147774296874,-0.213924815359957,0.96323060087228685,22.407107515395843,-10.312093707328765,-5.4207516025396254,,0.3061180608857014,0.5384615384615384,False,2
-0.49288830916965859,-0.86748637942387652,0.067294102252205112,0.84147539100177937,-0.49492186289585821,-0.21672913040497516,0.22131489109926269,-0.050196923628330552,0.97390964048826123,-1.080920938990702,-23.185147463200536,-6.4815626490785485,0.2408052811573195,0.2151503483561272,0.7631578947368421,True,2
0.94152295564291899,-0.33107463504472756,0.062642717273613271,0.33693544752015042,0.92672994124767627,-0.16627122480896617,-0.0030046966265021222,0.17765472699896928,0.98408829368766682,-12.142372219708035,-20.116067914613918,-5.390327235046521,,0.1244685664945498,0.25,False,1
0.98765896415586141,-0.14077483577014593,0.06864558351750763,0.14935576438016887,0.97849811762507211,-0.14224728275297827,-0.047144736386855901,0.15074441753537252,0.98744797048398214,-19.485706402089377,6.7821099631219459,-0.0047373822245206842,,0.1004780998895207,0.1,False,1
0.95639274386396733,-0.2881112004577,0.048008912247356858,0.29175096295435926,0.95015424266998172,-0.10994676326039371,-0.013938977708406415,0.11915893297212767,0.99277734341260448,14.543945433647075,-16.140444819373844,-6.0353454612644404,,0.1336474934860191,0.2941176470588235,False,1
-0.19380737397098977,-0.90708847863394093,-0.37366989940859863,0.95569030359172902,-0.088541206703503655,-0.28074276185903152,0.22157334093978545,-0.41152271704615606,0.88405560228965918,7.1421402661980817,-9.1605509441747159,-4.1502314043573607,,0.341790540515966,0.2903225806451613,False,1
0.54477124885295281,-0.83693777879095543,-0.052530380311351821,0.82770312230003307,0.54670482942549592,-0.12657555379145966,0.13465447544723341,0.025475162713913424,0.99056508535619658,-18.378793360910251,18.18986553970911,2.0799019063701678,,0.1990710620617548,0.3793103448275862,False,1
-0.22402719525049472,-0.96945898657904261,-0.099805256020572913,0.9488387001318167,-0.19358006754815058,-0.24946318081075064,0.22252401425545182,-0.15058562610418302,0.96322740424598108,-14.358037090729871,-4.8954018567458801,-2.5645593611440116,,0.5479385278767666,0.2987012987012987,False,1
-0.64089760582054256,0.74865319580006129,0.16961324026104507,-0.75938145630451881,-0.58604525433995791,-0.28264954216563204,-0.11220544850551604,-0.30995056425818662,0.94410835450265307,12.777102382095663,-12.015926149922436,-5.1602325690050108,,0.2150059546053952,0.12,False,1
0.9236252114627056,-0.3772426639427961,0.067856033274975733,0.38320464140765353,0.90493511950441718,-0.18505845641622914,0.0084066375028142223,0.19692740283888441,0.98038203087216347,4.8974500720160927,28.135122045043577,2.9376972389660643,,0.3069921032079453,0.926829268292683,False,1
0.8113174393713225,-0.58303419314541205,0.042838559677452322,0.58150090687910916,0.79729647136951243,-0.16178699589428414,0.060172318143258963,0.15617127253436264,0.98589544362689085,2.4084990155923638,-19.80259536312801,-5.9492492907411236,,0.159002250749389,0.6538461538461539,False,1
