axis_00,axis_01,axis_02,axis_10,axis_11,axis_12,axis_20,axis_21,axis_22,location_x,location_y,location_z,dbh,dbh_approximation,score,reconstructed,number_clusters
0.86778355181386324,-0.48981024608768575,-0.083890583672051947,0.47203049368357564,0.86523010543386381,-0.16900910532792376,0.1553670500272078,0.10706440808422699,0.9820378263017252,5.0621116680758185,-19.441344819719692,-7.2622549228953561,,0.1967645923225083,0.45,False,5
-0.69834454640856958,0.71565039463444935,-0.012625654872776559,-0.69251255637384512,-0.68001524024940641,-0.24084358470406561,-0.18094544417025718,-0.15944837938373418,0.9704818187611397,24.426567677225407,16.924389327728775,-0.33495126046714457,0.1915227236174996,0.2342274867084753,0.9032258064516129,True,3
-0.58190646141485503,0.81213842098240774,0.042615200666483277,-0.78765315237786226,-0.54976810067512938,-0.27813224737393949,-0.20245340627625744,-0.19541294901890083,0.95959699751660255,11.530073496230637,-12.457192037467411,-5.9641870581613556,,0.1654808204862034,0.3055555555555556,False,2
-0.72570064280341484,0.68696423629047365,-0.03793039800155467,-0.66246693386895228,-0.71257769121529602,-0.23102076857405554,-0.18573136128553946,-0.14252428579061208,0.97220917985529043,-7.5537335328616297,-11.717747524772609,-5.7478863340684523,0.1409996951924789,0.1449845743812248,0.8507462686567164,True,3
0.98068564135482972,-0.18944637086996152,-0.048638928901324888,0.18782859034445012,0.98154334927723064,-0.035959340078115881,0.054553583655741346,0.026129027035803828,0.99816891378988504,-3.0441399285977142,-4.7025447374044171,-4.3729924848238433,,0.5580721463878136,0.5859969558599696,False,5
-0.88303147221274125,0.46899725653633972,0.017233468692786122,-0.45207867965407789,-0.84016936186681412,-0.2995668719710769,-0.12601700870923815,-0.27231785975528044,0.95391964901362569,-2.0130701453373043,-7.6141576248211384,-4.9074705008131065,,0.2286440086358841,0.1014492753623188,False,5
0.22022712335421066,-0.89499795425713258,-0.38791581047268281,0.95546847561752435,0.27800226502978476,-0.098968342107134025,0.19641793767437546,-0.34884581481488097,0.91636597014832899,7.1339126284838441,-4.1741580801411269,-4.2890914058237692,,0.4288503709910098,0.5545454545454546,False,7
-0.66188135002246862,-0.7466673993938987,-0.066339077283206926,0.73860860853878441,-0.63450446485775414,-0.22773099803930255,0.12794687133664465,-0.19972951398811403,0.97146164070293395,-16.745641545672314,-3.4953400633585283,-4.2698386416443013,0.3066621591756282,0.2945500203980875,0.9859154929577465,True,5
0.75686117784398099,0.65335072907797509,0.017145911638065489,-0.64546928755156807,0.75133549795483567,-0.13734761862016548,-0.1026184988210843,0.092885921033480062,0.99037449955734902,-12.976904964344603,-8.0785614554131264,-5.0541818172881303,,0.1920834795596462,0.2,False,1
-0.8568077780888631,-0.4962831535092998,-0.13994092664153063,0.51035532297286301,-0.77746373452883066,-0.36754263127662967,0.073606220658922084,-0.38633298207032352,0.91941772402154687,-12.120163696614478,-7.1047940570013868,-4.8288157282766839,0.4248487399107194,0.2017195886652141,0.3043478260869565,True,2
0.4249723638070948,0.90506300126078787,-0.01610756806675313,-0.88862928798089935,0.41373395054982931,-0.19789443323396202,-0.17244268190552425,0.098413321817964861,0.98009098534063854,22.822307082016149,-20.693430145376748,-7.9215285303732896,,0.2692991410090362,0.9777777777777777,False,1
-0.26407946034883517,0.96397193646451906,-0.031939698350380422,-0.93935666251962036,-0.26456603736089618,-0.21820603212366282,-0.2187946507615488,-0.027620962763780708,0.97537991737278129,0.020278306731815257,-9.4172341486973234,-5.2609753819533971,,0.2146716501675642,0.7947368421052632,True,5
0.40692361791613335,0.91346086148858852,0.0015568270843416797,-0.89705489901901159,0.3999355900231269,-0.18800008505009802,-0.17235335020833062,0.075105115414192486,0.98216777808609923,22.225788342797831,0.46019390320533543,-3.6738593818452965,0.3601856993053446,0.3277141125348596,0.9848484848484849,True,5
0.78215484690357828,0.6228833768012545,-0.01581437225774586,-0.61595036724693253,0.76912117359325927,-0.17046338439352982,-0.094015639941493881,0.14306963072292539,0.98523709847487828,10.261165325353572,15.495771366166528,-0.38257417865093879,,0.1902234443424438,0.4545454545454545,True,5
0.69925708203767778,0.71328279173911557,0.047615042045635325,-0.70345343722438969,0.69841788949045791,-0.13177903208358904,-0.12725091307077274,0.058652456457933953,0.99013488700989971,-5.2875413574362664,-11.017761888501925,-5.5503586345171048,,0.1728046650649084,0.1724137931034483,False,4
0.51159218075787871,-0.85388114020347872,-0.095710182280697484,0.83892908566196356,0.52046689615389619,-0.15909808056136476,0.18566483193588143,0.0010992782794958939,0.98261251863055576,-11.364924755823317,-7.1651722596762513,-4.8732960464986235,,0.121529127032402,0.1538461538461539,False,2
-0.58285143058597466,0.8105540564791508,0.057326533028582469,-0.79036182163183399,-0.54911876702703666,-0.27165561029641333,-0.18871248175648722,-0.20364356416027835,0.96068563953324848,12.113037269199916,3.1743556458712554,-2.9129926419344145,,0.331775981435258,0.5,False,5
-0.9981268884346951,0.036255397555346382,-0.049277385602096629,-0.023944630652408646,-0.97273579550406897,-0.23067667157297442,-0.05629715131863848,-0.22906465963384653,0.97178187493914325,-4.4709946442361694,-13.19294963274082,-6.0018583469124813,0.1928157891208858,0.2346273823048196,0.8706896551724138,True,5
0.36381333442759839,0.93128826752044014,-0.018493795485218918,-0.91371585746459127,0.35294970471295378,-0.2013699028176372,-0.18100604827026701,0.090159129996997697,0.97934066686100885,-25.614422986238427,-5.1501274178687027,-4.9570941131242696,,0.335042546933494,0.9591836734693877,True,1
-0.20970628974308103,0.97539810539330474,0.067983880716995015,-0.95196031544251858,-0.18780955171399658,-0.24186593416099009,-0.22314755177857484,-0.11543876420050268,0.96792513236049882,-3.2308393074780777,-11.821792064061304,-5.7266351405763318,,0.3152856806194235,0.462962962962963,False,6
0.67951415252828251,0.73346878940692106,-0.016853826856710587,-0.72322622092119238,0.66581053811065072,-0.18341254240879015,-0.12330591991393069,0.13682054782360559,0.98289154427506786,-7.5187913653772744,-15.41211962195851,-6.4682878743893806,0.1401092817302526,0.1773278289954519,0.8378378378378378,True,4
0.81158299873871886,0.58414528045800007,-0.010359897533923584,-0.57810959152585895,0.80038328749233778,-0.1586691314930615,-0.084393935469756154,0.13476232567599325,0.98727745808071821,-4.9865149264605231,-7.9547205134411243,-4.9834290782189772,,0.16675847073338,0.855,True,5
0.29982037054336047,0.95338663251233324,-0.03408334423197739,-0.93478725704538257,0.28646279319945395,-0.21002821757548884,-0.19047448509659215,0.094831413883588317,0.97710105591388452,18.403754154413491,2.4516117182104606,-3.0815255609096264,0.3060050132847648,0.3082497616019465,1.0,True,5
0.95129675478066833,0.30612890597242182,-0.036325986179276376,-0.30791563337494576,0.93786195209094636,-0.16000912956286301,-0.01491465946895389,0.16340150473079249,0.98644690743325747,-13.377723849330367,21.787742264179158,0.80642694149982486,,0.2548465703029772,0.7714285714285715,True,4
0.54775155790284202,0.80550612190866677,0.22611527675650311,-0.81975441740882726,0.57074940275004937,-0.047411121049564547,-0.16724510741341336,-0.15938948154794363,0.97294607621293894,-0.98879805839151935,-10.975418287098258,-5.5526429575451886,,0.4975976228710376,0.3164556962025317,False,5
-0.36969676186970329,-0.92590856570805014,-0.077573398865313753,0.91160359048451134,-0.34529839101789456,-0.22304240622850238,0.17973090462912272,-0.15317424427401147,0.97171726999795693,0.51417837938211031,-14.180301585390502,-6.1623094009688621,,0.07576129172289299,0.1428571428571428,False,2
0.97374218232621623,-0.20596388461562051,-0.09697958853605379,0.20366075028328057,0.9784789513138793,-0.033184945830046636,0.10172738644352472,0.012562645809510288,0.99473298868471993,-6.9702831534152114,-6.0424122884617679,-4.591206948005893,,0.2430298134778899,0.391304347826087,False,5
0.40071905426961102,-0.90382716036949107,-0.15006899654389788,0.89545449759187046,0.42101504577445303,-0.14459451571213777,0.19386975599035847,-0.07643818031559195,0.97804484677456482,-1.5096292847252277,-9.0742454113564097,-5.2074734959321161,,0.1440575533212614,0.1764705882352941,False,5
0.049057992918882028,0.99864393018472231,-0.017424523981457885,-0.97656103747846856,0.044298017351561754,-0.21063291703267986,-0.20957541222611484,0.027349339369173692,0.97740992435432206,3.7967783184377288,0.62993702621337078,-3.26141865041423,0.3063608209961655,0.2623076743843661,0.8299643281807372,True,5
0.57443031655698218,-0.77989714273440658,-0.24857646343721862,0.79375749362631209,0.60490260422491748,-0.063575787167666348,0.19994712484134719,-0.16078957104433736,0.96652359573424673,-2.6413565845651483,-8.7142906148392054,-5.1546096981163965,,0.1123694653811244,0.32,False,4
-0.99852499616073398,-0.026092320291149707,-0.047613263530543265,0.036278897294398114,-0.97308583450175856,-0.22756933076123689,-0.040393980409306113,-0.22896102182214076,0.97259712976794876,13.541343806139309,-1.4917904338309773,-3.8396197186993759,0.2615410648790846,0.2376630023263906,0.9693877551020408,True,5
0.53111057852999022,0.82871816485074679,0.17648727041900197,-0.83230378608008759,0.54928428053560208,-0.074546541390181992,-0.1587197563326356,-0.10729856663952615,0.98147595821131151,-0.28051846717308282,10.610725235076155,-1.2882699949728702,,0.1752697134280373,0.1818181818181818,False,4
0.193707552484601,0.97987352151055529,0.048221011529507488,-0.95889019900270722,0.19949146939943446,-0.20182353651990831,-0.20738121989942521,-0.0071439120485833341,0.97823412031766088,6.4991423178115184,-3.4092665135741567,-4.142077233395816,0.3269454084327734,0.2237453890697495,0.4782608695652174,True,6
-0.080811720883667629,0.99672411538755512,-0.0032409215842813116,-0.97299494308477419,-0.079592341650869064,-0.2166700253426575,-0.21621819187865932,-0.014356077299408018,0.97623951802070386,5.8934342890970308,-8.7706894762268153,-5.1966465238214532,,0.2151543529020847,0.9555555555555556,True,5
0.013000870205767108,0.99991540167253001,-0.0004084996401322108,-0.97721304238358697,0.012619132370859256,-0.21188541076162032,-0.21186233069922228,0.0031538858999536727,0.97729443149668238,19.937105322425602,8.0610107875065786,-2.1565939608279212,0.2611055500241776,0.3063274073321636,0.6862745098039216,True,5
-0.60816633891472172,0.79295036184679801,-0.036924624007516227,-0.76846800018317485,-0.59977341165070441,-0.22299952325363223,-0.19897396037053861,-0.10724541166831818,0.97411897875493469,6.0286186206791097,12.659092898914247,-0.89291208203169337,0.2820572086357284,0.2189224739481134,1.0,True,5
-0.93304622682884641,0.35768918917812648,0.038512109076846573,-0.33957557329662685,-0.84029486665506692,-0.42260261131873034,-0.11879885782582147,-0.40738554345759137,0.9054964662333268,11.368874511122387,13.180969408989299,-0.80285028599674502,,0.2060145305983391,0.4347826086956522,False,3
-0.81582725615553275,-0.5749448294760735,-0.06216374483945615,0.56916214869059034,-0.77926026963868777,-0.26231256291026361,0.10237351518652804,-0.24938298903768422,0.96297860213349762,-9.4538197862008353,-10.239595681857464,-5.402928209549434,,0.1421749312396889,0.1111111111111111,False,2
-0.36330483327312812,0.93145819940887775,-0.019880162835276584,-0.90703871828243288,-0.35849334898396579,-0.22082409803013547,-0.21281532289040428,-0.062194384700171912,0.97511101770763564,-5.0509405852976741,-15.961194227340952,-6.5624443018496423,0.2674155692146289,0.2008565728239727,0.7142857142857143,True,4
0.77781585750961912,0.6280248549929156,-0.024233722737168648,-0.62111455977727981,0.76222298037751046,-0.1822987433228761,-0.096016641470373115,0.15684677139027012,0.98294450243398612,-3.37765254025385,7.1886796892543767,-2.0056460285527256,,0.3417399052844415,0.9543726235741445,False,5
-0.48645055624509809,0.8733608303910787,-0.024631611141806103,-0.84775285394336364,-0.4786325383245687,-0.22853006779822932,-0.21137870034541734,-0.090287059956489307,0.97322520099137222,-7.8346251193269518,-4.5083614610354283,-4.2797524943377638,0.3098880255617725,0.2736618019850564,0.9664082687338501,True,5
-0.89457837746847169,0.44615653314502002,-0.02595909277869796,-0.42504666881655628,-0.86732187316311271,-0.25901370168540883,-0.13807554415545578,-0.22067423108475032,0.96552474222120721,-11.233075718157254,-12.374161967638303,-5.8599353972789325,0.1765542595306778,0.1564277614293422,0.4545454545454545,True,5
0.98690837854625302,-0.15362499926425072,-0.049104093070382333,0.14055675966963771,0.9685630050797065,-0.20525472589477703,0.079092665060532197,0.19566569651328075,0.97747597696393285,9.4986769922623893,-10.940466724058874,-5.6196506017431824,0.3330836316224845,0.3153612968504438,0.9935064935064936,True,5
0.2517624992614293,0.9590661898280447,0.12964446572976138,-0.94559201252738678,0.27229697932040547,-0.17807330203427024,-0.20608587969592804,-0.077758591690559598,0.97543949664151686,5.5121077612068463,-9.8934538524370801,-5.3937022895006654,,0.2149020915071735,0.375,False,3
-0.091424118567235507,-0.94599871826695692,-0.31101134317172185,0.96822470419435602,-0.011440001064070442,-0.24982003235010172,0.23277146030378348,-0.32396844200157598,0.91698522117595527,8.3275968341637689,12.01050841474594,-1.043604595723554,,0.3127877451171047,0.2272727272727273,False,5
0.99673577428722326,0.066214785020807784,-0.046188726987202777,-0.073032678253054817,0.98336854746543689,-0.16629049210012842,0.034409652181268881,0.1691209688369994,0.9849944536576839,1.6156959591646383,-23.739523184351249,-8.1883215728614545,,0.1395098131125461,0.7391304347826086,False,1
0.34822663769851386,-0.9332953645287082,-0.087738083785855528,0.91232525724194047,0.35892794021986074,-0.19706181448458004,0.21540852767616953,-0.011423496783111969,0.97645720332517949,4.1695212744031585,-11.66450647622378,-5.7085953537765652,0.09432009336274252,0.1541631140618211,0.75177304964539,True,4
0.96787935976718609,-0.22613684531911121,-0.10987116148372419,0.22243371992298466,0.97390742103920702,-0.045028607417777866,0.11718696675776512,0.019143208557643027,0.99292535086391731,-6.2977227206116284,-9.7282514370040349,-5.348241414067723,,0.2891182931993609,0.3,False,5
0.2201256054022141,0.97478893501523112,0.036486299047455741,-0.95581051997611044,0.22300977554493723,-0.19155388253542269,-0.19486140651577591,0.0072919258957019999,0.98080368069630808,-0.75295728772942105,15.775589686464519,-0.26610520507877294,,0.2378676219438904,0.9076923076923077,True,5
0.35927161677378905,0.93125214118193922,0.060772978574380666,-0.92369258781955765,0.36413176082398147,-0.11916402127503227,-0.13310112166303126,-0.013323299264125149,0.99101290663076747,-0.042106572849683305,14.373000184310213,-0.53541717860365101,,0.2015858931528542,0.48,False,4
-0.90642997368908695,-0.38540107596457229,-0.17277359012115645,0.42012047130296049,-0.78070742904473467,-0.46259561155132156,0.04339922107805181,-0.49189625011755561,0.86957149604279671,11.391108867903755,12.055596961902339,-1.0820184544042972,,0.185105021662036,0.3076923076923077,False,4
-0.46872650137844468,0.83774854563383083,0.28013004336187181,-0.87284861277792869,-0.39051276214280273,-0.29263472414469982,-0.13575995756175194,-0.3816767701760222,0.9142713366560451,5.2009837734747215,18.697010257575062,0.35226040335677489,,0.3801791857112567,0.1896551724137931,False,5
0.89700221227915033,0.44202305297490391,-0.0016284363837712895,-0.44056806270767429,0.89373847693750574,-0.08444712525263845,-0.035872179865703985,0.076466695235072005,0.99642663113322583,3.7916226606577363,-8.358172629144045,-5.0766592330072271,,0.1454800770969755,0.2368421052631579,False,5
0.90831367951497477,0.41827048128153455,0.0040080038026356173,-0.41454736391467828,0.9014247916029331,-0.12483520398910261,-0.055827794845935037,0.11172801605740158,0.99216939468546306,-1.1284924722314971,12.6993412107112,-0.88848890886308507,,0.2894705143584033,0.2444444444444444,False,4
0.20723421113506316,0.97292980637567439,0.10228183416922527,-0.95491684112961173,0.22389224239672834,-0.19495150761563385,-0.21257424176572259,-0.057270024099502201,0.97546518957744988,13.076060108824027,6.2032241191452098,-2.2912137142298663,,0.2411168802908664,0.2,False,6
-0.48623084034170988,0.87378362666621878,-0.0090412206379917991,-0.84918999672271211,-0.47493446576457904,-0.2308973856391508,-0.20604834230509,-0.10459171572808254,0.97293609946099802,14.843442947157179,8.4956844698400058,-1.8979199893768373,0.2895425252074261,0.2521896235043737,0.8641975308641975,True,5
0.45469741609086917,-0.87437561956273901,-0.1694624905829088,0.86376617427803226,0.4793107569176584,-0.1554644476274652,0.21715951734468952,-0.075686684544223601,0.97319744646670947,-10.14097545505863,8.2266762704918506,-1.8428532615374758,,0.204161181073978,0.3421052631578947,False,5
-0.85927602062110175,0.50986890203638813,0.040968562603188534,-0.48959777270527172,-0.79662797012704434,-0.35451078710428718,-0.14811732291531787,-0.32468073541168418,0.93415399089493101,1.3350636618128917,-11.704214830775227,-5.6581118029561281,,0.08268690875120265,0.2682926829268293,False,5
-0.59687397634197692,0.80219392427490233,0.015045405350148377,-0.77708101557153675,-0.57331762431254263,-0.25971522267847913,-0.19971617762221294,-0.16670875654582448,0.96556803949122016,19.393896574879651,-12.158424571266986,-6.0838832261088749,,0.2716623956359527,0.6666666666666666,False,1
-0.99049192631409289,0.11516655429300779,-0.075248977925770344,-0.079411300482203531,-0.92529043575001557,-0.37085233566106973,-0.11233694522427876,-0.36135062512997163,0.92563823195450146,-0.1506293893256348,10.882255854296336,-1.2564709696654746,,0.2136896114515929,0.34,False,4
-0.078166490452985571,0.99682464996054332,-0.015186079194643133,-0.97336813908744024,-0.079602294202383822,-0.21498358208750035,-0.2155097807054687,-0.002022866471066944,0.97649958649838819,8.6687834468758318,11.110027078575765,-1.2285404633422607,0.3529708556415582,0.3232047602035641,0.9753086419753086,True,5
-0.91270950809685836,0.40649639356325129,-0.041497419795205971,-0.38715732900386801,-0.89279503574099384,-0.23027424249105038,-0.13065433949234162,-0.19410746038291929,0.9722405758841336,2.0020946257969054,-2.176235317051618,-3.8723718119955257,,0.2418204605873982,0.8938356164383562,False,5
0.47745456552600424,0.87859445907944722,0.010436203010167296,-0.86044957202796646,0.46993351167751785,-0.1969493046429123,-0.17794288930796007,0.085054518265234871,0.98035812694515112,11.740996546281604,16.989645753176028,-0.065037406339244902,,0.1278417188604155,0.5,False,2
0.98575849959755646,0.16414133420530858,-0.036575987703354754,-0.16765702509718597,0.97616935035509655,-0.13778432916290223,0.013088254533597632,0.14195429487201405,0.98978668194750596,5.7035531707178002,-18.043221467700025,-6.9779535555393188,0.1284611547402853,0.1281680402753533,0.5806451612903226,True,2
0.39246155479728961,0.91974504219658904,0.0065563222075315335,-0.90443043139962187,0.3872034486786014,-0.17910634854658888,-0.16727080667106367,0.064362618702106869,0.98380787278280057,5.155710005801204,-15.51708931600961,-6.454149725386114,0.1794193318987967,0.2429487674566893,0.9411764705882353,True,4
-0.98603004132653493,0.16529457635925776,-0.020553847031786587,-0.13381664949147887,-0.85957919299018781,-0.4931700673167555,-0.099185996594616591,-0.48353005491339618,0.86969007357505335,-5.3575209719735755,-5.0628200669406009,-4.4038509530967449,,0.3505085855552806,0.140495867768595,False,4
-0.29913648962354689,0.9542058508513328,-0.0029248550025370822,-0.92901845444303199,-0.29193736798910597,-0.22737036850890044,-0.21781201041260687,-0.065297529606237761,0.97380396422860227,-4.1073484425345983,-4.8901833763376761,-4.4079391728715054,,0.1509067130605043,0.5792079207920792,True,5
0.72709291269718868,0.67033611800443516,0.1482746950907759,-0.67633303977670323,0.73648064055496232,-0.013034009135970775,-0.11793860950478732,-0.090806139585913603,0.98886031844825317,2.2124012868408136,-9.3534570754173227,-5.2584823674089796,,0.299366945526538,0.2280701754385965,False,5
0.87502641694172989,-0.44442249141380391,-0.19187865639425433,0.45752687312316032,0.88875610082202539,0.027959857327468973,0.15810733703487848,-0.11225525545459369,0.98102029927956214,-0.65136942779889495,-10.88574408075584,-5.5659244743210659,0.4793293005594554,0.6340951913751298,0.5344262295081967,True,3
0.58403082377343762,0.8117113303511676,-0.0057195333775638454,-0.79889498453797747,0.57353273337331456,-0.18118224921166778,-0.14378734493196557,0.11038532478944799,0.98343290544324546,-8.2357890231924014,-13.92031017572725,-6.1392369503814299,0.141823331794333,0.1433284362380957,0.7441860465116279,True,3
0.28114328979958164,-0.92782903492912061,-0.24513615103277692,0.92753521967998387,0.32826013242957319,-0.17867205072568709,0.24624554179491642,-0.17713996556343509,0.95288224127974619,10.674508906855735,3.1578605434247002,-2.8897928727207112,,0.2825532886689004,0.2063492063492063,False,5
0.82978524329878589,-0.5471931770550984,-0.10970905608891887,0.53505239788378633,0.83590921210698366,-0.12237124103927184,0.15866751880074353,0.042841756488603742,0.98640215043286783,2.0914463476196099,-1.2788567562597752,-3.6665784752919879,,0.06798524500897316,0.2119205298013245,False,1
-0.22736915981600361,0.97359042242228278,-0.020614425341661118,-0.94891260146520118,-0.22626273433300656,-0.21993192090439545,-0.21878788802196217,-0.030444448094086286,0.975297388305299,-15.075504773075489,1.6901270521888407,-3.220187097717631,,0.3101863013628661,1.0,True,5
-0.78638377686546679,0.61705232329604465,-0.02910302042325414,-0.59316099259113042,-0.76741512950473423,-0.24338047554299719,-0.17251258606579323,-0.1741276810911582,0.96949417653057968,-4.1459143859762042,-11.584346500480445,-5.6978615682146065,0.2601602359038315,0.1977550763029128,0.9096774193548387,True,6
0.010669665322699229,0.99396023054112059,0.10922096110429058,-0.97722599253914644,0.033515020644827899,-0.20953783166067633,-0.21193281423079049,-0.10449786358495639,0.97168136688854856,-1.0614892776397291,-9.4880634676274251,-5.2564559813456047,,0.08782146067662867,0.3333333333333333,False,3
-0.11416053373203647,0.99340928849103116,-0.01026440830058826,-0.96949824195235179,-0.11365645938954379,-0.21715286802235345,-0.21688829242104626,-0.014838961512772877,0.97608364079719445,-9.8719411073183458,-0.5446971929925063,-3.5786721528113716,,0.2830837923255978,1.0,True,5
0.78408535634548249,0.62065156355028317,-0.0013381431780541339,-0.61345594807967829,0.77466395931466436,-0.15351726256219334,-0.094244117748743361,0.12119152941322001,0.98814505993211543,0.28017548312844165,-7.4276781162082859,-4.8750992694301623,,0.09188531442698523,0.1595744680851064,False,5
0.031977180877689783,-0.88284678871365463,-0.46857124064661071,0.97617257444831917,0.12825726720593456,-0.17503479169527186,0.21462657057796283,-0.45180927510051622,0.86591212841436138,4.8179767976459935,-8.5282764043727486,-5.1238784843523746,,0.496303163404467,0.2840236686390533,False,1
-0.90146986642514937,0.43284017076772974,0.0012109901676453719,-0.40844203744222274,-0.84972349769545419,-0.33338428204438442,-0.14327310277044186,-0.30103050349419114,0.94279024920104293,-9.2279231384926899,6.2814633474347907,-2.2171487932917735,,0.185142104521778,0.3793103448275862,False,5
-0.016934374133997121,0.99942265984126966,-0.029454608612092027,-0.97661502203253558,-0.022848304140504792,-0.21377804784002674,-0.21432761304386236,0.025145615794899469,0.97643810469133951,2.7639397023540746,-7.2689717644101535,-4.8370740360803479,,0.2640968765657913,0.9930555555555556,True,5
0.58128542176416598,0.81309559581969482,-0.031349808660836379,-0.80075939008171038,0.56477273471964362,-0.19953986397024062,-0.14453946741434551,0.14109326764913527,0.97938809068911314,1.117640580328688,6.7884108339112013,-2.0362303855214114,,0.2724759170871008,0.9857142857142858,False,5
-0.97210114915029289,-0.2264894472807164,-0.061007262609923667,0.23456053621566816,-0.93770484043619773,-0.25630253036742279,0.00084301298847889311,-0.26346188053113323,0.96466943915317471,-17.570725877394672,-7.1455760982507659,-5.0210160506922277,0.3227809858456749,0.2274018015172608,0.7096774193548387,True,4
0.86063452085821535,0.50895643376521726,0.016479382152931141,-0.50327821081926094,0.85507205218473803,-0.12475106447298996,-0.077583915998831035,0.09907135863392999,0.9920512093015732,-0.15744358745797962,-8.3511393874108908,-5.0768525874454742,,0.1657977187511536,0.1587301587301587,False,5
-0.98034062100861219,0.19399252514027879,-0.036043959135280607,-0.16475867187279497,-0.90533624050674222,-0.39143437721772695,-0.10856724571969294,-0.37780046560957992,0.91949984303534449,4.4719945352579753,-8.3543513093661819,-5.0608416163823122,,0.4085847102389922,0.53125,False,6
-0.66692115158059673,0.71543582280270535,0.20824927616927633,-0.72035822966112317,-0.54759622808366237,-0.42570223390069173,-0.19052610984824242,-0.43392390397299191,0.8805735897850524,1.5020506954672792,-11.958071401392917,-5.7421361345175139,,0.09920738486032793,0.2,False,5
-0.23582154878312414,0.97163111790243106,-0.017921156580968094,-0.94787631224466584,-0.23404425807147558,-0.21622622863386395,-0.2142864760431234,-0.034003764312844457,0.97617880032173165,-1.2380580997131587,11.276373650446837,-1.1883430163741615,,0.1478162388861269,0.5833333333333334,False,5
0.064494579912429961,0.9973598014134053,0.033374776201970893,-0.98002479878681292,0.06960765026721058,-0.18629591725838796,-0.18812719879056722,-0.020693031408910902,0.98192665486090347,-10.573571768447835,-8.7682269850723635,-5.1377253439788131,0.3582419455907324,0.2365150403884137,0.8,True,4
-0.51390196864594273,0.85769407210455084,-0.016298628731842194,-0.8326630626074526,-0.50329412858502021,-0.23101351540769891,-0.20634192688593991,-0.10514703423567875,0.97281401634661846,-15.169402451898511,5.526685904250229,-2.4779221650306869,,0.3469318077028948,0.9795918367346939,True,5
0.61457746387831325,-0.75907655892795878,-0.21470286113368475,0.77161201774525889,0.63504626474799875,-0.036484732432969597,0.16404095514228065,-0.14324461356610932,0.97599771809175095,10.56697334047829,2.5769187138204819,-2.9909288843063244,,0.5350459939747014,0.3172413793103449,False,5
-0.01804447321055248,0.99789952448997543,0.062216846667402015,-0.9716256674260666,-0.002823680938404724,-0.23650705956653553,-0.23583460175598561,-0.064719130468814626,0.96963574334177483,-10.508534274086584,-7.986020865658336,-5.0113853444000798,0.5055452437693249,0.550656519213841,0.6116504854368932,True,6
-0.043993087180087785,0.99902189391730545,-0.0044568771855228381,-0.97534616883329817,-0.043915317102762211,-0.21626672389892171,-0.21625091727568191,-0.0051672427507769673,0.97632414718667182,14.255233128185161,14.161421495365444,-0.74858423923146888,0.1903826114332278,0.236403771643673,0.5306122448979592,True,5
-0.16555988312218017,0.98596914208944308,-0.021325476500601771,-0.96213986478613811,-0.16623033954485475,-0.2159961916426178,-0.21651052096810969,-0.015242213166398882,0.97616129263964779,-13.347496906934639,-5.3549016043821931,-4.5331968009711066,0.2647906599231173,0.2546048209402182,0.9928057553956835,True,5
0.88606917331381696,0.46226065259352223,-0.03459059361705788,-0.46001778957196077,0.86766188605436712,-0.18853775421890023,-0.057140645606229334,0.18296978043488543,0.98145657370426409,-3.4463091203920095,0.23753805191312272,-3.4190138419899427,0.3714262332002441,0.3077566418559535,0.9536757301107754,True,5
-0.52217385893923252,0.85239089104537025,-0.027644708415722856,-0.82694097544956258,-0.51397851348331058,-0.22802348738674341,-0.20857392973005176,-0.096207362194200632,0.97326309870281102,-3.4063312714785932,-8.7665198154929485,-5.1240534531292443,,0.08059053423854083,0.4680851063829787,False,5
0.91629748687913182,0.40034637694966102,0.011031500454048302,-0.3998052584688675,0.91598450464295744,-0.033587833431741848,-0.023551450902856545,0.026365995472889793,0.99937488633800209,0.60838952968720406,-10.224014611094146,-5.4152381454038352,,0.3057986176437782,0.3272727272727273,False,5
0.73358216839958557,0.67916651010679507,-0.024291022117624378,-0.6711369521583751,0.71835965242050193,-0.18312455111716369,-0.10692237209176211,0.15063950784456379,0.98278957311451887,9.5705882756784852,-16.003481974245815,-6.6663905589920764,0.2653261571154388,0.2397497039200394,0.9047619047619048,True,4
0.99092737156662636,0.1341449097053356,0.008251513812983037,-0.13436211673113749,0.99021815268512736,0.03761424836924751,-0.0031250388136211046,-0.038381679132141196,0.99925826533454876,7.0005267735889927,18.428390764442089,0.27578122914737074,,0.3805927485537512,0.3461538461538461,False,4
0.39995856627056481,0.91635375632041582,0.018136662985719594,-0.90044107019137798,0.39655113774676387,-0.17875422866145735,-0.17099422323400179,0.055163288781675521,0.98372658152120152,20.238340460939988,17.923804966059606,-0.079508399758446174,0.1773512912862483,0.187599296398758,0.8095238095238095,True,4
-0.99382431240237679,-0.07418902812228903,-0.082518023390129855,0.10770575749338381,-0.82384393004872392,-0.5564895764743939,-0.026696551850757581,-0.56194053691484491,0.82674671277915368,6.9363948367701713,16.143301260641369,-0.19782743896673832,,0.145032581178125,0.8888888888888888,False,1
-0.97367829577544718,-0.21499114772396882,-0.075692686147024832,0.2276897947879733,-0.90232740999002148,-0.36600901973873623,0.010389113784723156,-0.37360949075342115,0.9275279050970584,2.6500764157028018,13.008817778430441,-0.86277020356874878,0.3225990307999935,0.2573959330596757,0.3653846153846154,True,4
0.83360472740391645,-0.5459513848231945,-0.083906161034089516,0.53019983798581516,0.83347001098326423,-0.15561449993934692,0.15489122069910147,0.085233949815750096,0.98424787708643224,-14.627510156742044,24.788107654816127,1.4003133153333966,,0.1709182272389475,0.3333333333333333,False,3
0.71472247479382889,0.67886338772884713,0.16827443307257686,-0.69474120929720018,0.71684657579907574,0.058869676994220133,-0.080662482783808234,-0.15898266435826527,0.98398072964093075,-9.4173500161004391,-8.9403031196706557,-5.1813710386279448,,0.4090810262803709,0.2592592592592592,False,5
0.97429231637722935,-0.21917284108602564,-0.052132024500994731,0.20478632675678776,0.95804145995730339,-0.20054705526718783,0.093899108737808684,0.18471552921494705,0.97829603425808043,12.752916965368007,-19.332119068736496,-7.3633287023381371,,0.2907596259260068,0.9508196721311475,True,1
-0.16179662626310062,0.98590772890008416,0.042518252844602936,-0.95902994767621919,-0.14693977744011905,-0.24221944857091368,-0.23255840382585147,-0.079966567394926219,0.96928939791428947,9.9809816674423342,11.36880013162483,-1.1502478367920268,,0.262102963155788,0.5869565217391305,False,4
-0.58437725490512482,-0.79790945769398736,-0.14779621535086002,0.79847349482303276,-0.5329109183777585,-0.28008218640046756,0.1447180086051596,-0.28168501982934951,0.94853057282783237,3.0705546395448642,-18.828512255096964,-7.1511156823852211,,0.1343260484707508,0.4615384615384616,False,1
0.97205188219845207,-0.22599062061971661,-0.063587559367861257,0.22002963936293807,0.97143192616501184,-0.08892114837961701,0.081866330785381081,0.072444821893974581,0.9940068670107306,7.4523903477767659,-14.87402325318341,-6.3836118277905154,,0.2142002669099748,0.1428571428571428,False,2
-0.82063935444036995,0.57109625100687866,-0.020003050506851725,-0.5454194788695047,-0.79322645729788466,-0.27075704886920976,-0.17049528443159273,-0.21128383641096071,0.96243986745045795,19.36357339965879,-5.1324147206460609,-4.6425177008960734,0.2481746882651236,0.2087301148179115,0.5,True,3
0.87031806691977454,0.49075795056287586,-0.041268587961717382,-0.48849107231390532,0.84955815298522241,-0.19906636322078541,-0.062633335075172838,0.19341038921336362,0.97911668695906595,2.4715655222383925,-26.222842942931958,-8.6936874443544596,,0.2773285836249753,1.0,False,1
-0.76798269400389174,0.63980518757819871,-0.029187388690164615,-0.61655151695443566,-0.75087133194543743,-0.23676247549742491,-0.17339783346890172,-0.16383395499868306,0.97112904731440319,-16.864738470393572,24.065694565289146,1.2317564326181376,,0.1428704143430211,0.6086956521739131,False,2
0.78043591379367461,-0.61543647036879445,-0.11026212133381036,0.60149043314137252,0.78716864075992632,-0.13628936071305786,0.17067232728370532,0.040043500648290833,0.98451382659432174,-15.938491895397378,24.861882499760416,1.4156129845147463,,0.172533627046125,0.3703703703703703,False,1
-0.37561970609852413,-0.91917748191130044,-0.11841703060649114,0.90923802384132413,-0.34075371216446132,-0.23910902042219664,0.17943258453129801,-0.19748332687429507,0.96374492642767162,-24.468287220084274,-3.7852006217016201,-4.6158384228557781,,0.3664565344272848,0.24,False,1
0.77665644336346296,-0.61658005013913852,-0.12897213168911387,0.60609433940616175,0.78722716787363856,-0.11367954038198241,0.17162290267276398,0.010120668558345602,0.98511073049993103,-16.510025673834136,6.8943942633665616,-2.2625482200915381,,0.125131232347455,0.2173913043478261,False,2
-0.58580977064277517,0.80516557765353314,0.092386715394111127,-0.78514899056899645,-0.5355628881784702,-0.31098787020464702,-0.20091783203077407,-0.25471706925094084,0.9459129132241858,22.725404290676163,-0.61325471228870643,-3.8420562959759024,,0.3496655168727089,0.3333333333333333,False,1
-0.95557576181572246,-0.27344066461311456,-0.11002348097674405,0.29431342848485215,-0.86499799308765468,-0.40639645393116042,0.015955226221948133,-0.42072398896458024,0.90704837570326879,-15.300931743823492,2.555858979156119,-3.0682400838166872,,0.1833237469331302,0.25,False,1
-0.93073959537786788,0.3632901295009025,0.041762272484408169,-0.34334364497791203,-0.82886043926179764,-0.44170749787616548,-0.12585287858895428,-0.42545346870598971,0.8961865871105843,7.451277733240917,-3.3809732786788111,-4.162442023739823,,0.2198549088289866,0.3529411764705883,False,3
-0.85250830883486017,0.5153038255718293,0.08770148641024364,-0.50034439577255696,-0.75590048272742594,-0.42222025748587794,-0.15127811800297963,-0.40382722489139322,0.90224082342243561,-7.0996079197903228,-7.0573590315955439,-4.8004264457861376,,0.3264546730938168,0.2857142857142857,False,3
0.79427021655612218,0.60204893194619347,0.081681739907640077,-0.60379752272895226,0.79712740461519749,-0.0040561506160432248,-0.067552754483232474,-0.046097552580234735,0.99665020995725528,-7.6896438267634757,-9.9106318557804673,-5.3413223538694847,,0.3046235054949037,0.1578947368421053,False,2
-0.086055173104804428,-0.99140081643292288,-0.098584625363368594,0.97372540984206546,-0.062752720443305682,-0.21890847928955465,0.21083959165631863,-0.11483256181544474,0.97075236251945241,3.4096387602551221,-1.3020499993548893,-3.6549321147373646,,0.09489178207577023,0.3225806451612903,False,2
0.56472787879945319,0.82504020709703207,0.019775732096592474,-0.81189194274522614,0.55970724478049638,-0.16600985948312802,-0.14803342937341021,0.077694638254590609,0.98592578167650913,24.89981996651505,20.520142426377799,0.52896771101097784,0.2746491315901323,0.2210829681063194,0.75,True,2
-0.79299234097774929,0.60856908189450887,-0.028404572038737353,-0.58647237902520799,-0.77516267061203759,-0.23488929888380727,-0.16496452888770308,-0.16960691805374134,0.97160701806706284,-19.862656378356,0.69226740027999556,-3.6163951193030486,,0.3061883946263615,0.84375,True,2
0.70141997838942094,0.71266342077627209,-0.010993752937349747,-0.70280669720008004,0.68898696993165387,-0.17708670654544945,-0.11862866553620197,0.13193863706989525,0.98413385053113567,12.595269804498885,18.065851705891049,0.076977945512772289,,0.2157387582574661,0.6956521739130435,True,2
-0.8553433508692686,0.51645958997220087,-0.040709262453148334,-0.49546917849339828,-0.83846528405808585,-0.22690584080730936,-0.15132100081221447,-0.17391221738319906,0.97306551442235911,27.195526621929414,2.7623501664380923,-3.5190935163463597,,0.2784742745906236,0.9111111111111111,True,1
-0.59734997796560441,0.79488734565280839,0.10642890371286573,-0.78285371777691359,-0.54913575214905952,-0.29255765632529418,-0.17410646279605543,-0.25807757251012159,0.95030674320449104,-18.243337642611255,2.916761341420016,-3.0738510748840513,,0.274567966222035,0.3125,False,3
-0.46802698638419621,0.88353160953354937,0.01796204251145175,-0.85764634417264896,-0.44922690535151028,-0.25027571962856482,-0.21305747661938151,-0.13254087091671349,0.9680079695917907,-5.8832868959192668,12.803629547067846,-0.91826772968542081,,0.2998669487557893,1.0,True,2
0.14373609269330712,-0.98052207917513712,-0.13385211207645961,0.96532755568046114,0.16870226412885009,-0.1992040569912866,0.21790513050694599,-0.10057831937285344,0.97077358625525301,14.197002368403027,-5.2196985834826624,-4.5719690826949924,,0.2209133019771308,0.4090909090909091,False,1
0.0072617888604285747,-0.89265147483926743,-0.45068904012614608,0.97431882080012078,0.10775162813609504,-0.19771803678137823,0.22505577499190799,-0.43767902748624027,0.87050960192377558,14.120515962257279,-6.5996343315411323,-4.8339970016077736,,0.3842968235416385,0.2549019607843137,False,2
-0.86583867156953309,-0.49492037938674754,-0.073329481672676583,0.49614445456863726,-0.83043174495595573,-0.2534241448050974,0.064529644470544267,-0.25580644056998153,0.96457192056757535,-16.167867272102889,-9.1756825033048734,-5.3541349505396685,,0.1003129997019886,0.3181818181818182,False,1
-0.79375386201437403,0.60704010865881575,-0.038172149752917661,-0.58467081746129801,-0.77879389946803612,-0.22724457608600468,-0.16767480951652741,-0.15805811788979204,0.97308930197733268,-11.281890962375256,-9.7993653981889448,-5.3226305276785544,,0.1882562167414319,0.2173913043478261,False,1
-0.92310186699832242,0.38418636219542407,-0.016845837683455427,-0.3633569775378897,-0.88572223076231649,-0.2889080075178862,-0.12591524934947496,-0.26057046846577198,0.95720864023721974,8.470772836550589,-18.310588992782112,-7.0775258363112847,,0.1190358083711507,0.5384615384615384,False,1
0.39175927369655988,-0.87308572782636407,-0.29025158628102798,0.89459506902187658,0.43517979087102321,-0.10157860059676529,0.21499845105137075,-0.21986327906988359,0.95154390574589409,17.215532841715614,0.30639929048123804,-3.5993385236197284,,0.2851480384821496,0.2258064516129032,False,1
0.5655606539613216,0.81252984140088802,0.1411963297111197,-0.81123534547807685,0.5789269081688464,-0.082102675018092389,-0.14845322811548667,-0.068109410738230403,0.98657120737987447,-19.007366198205371,4.9899558782890052,-2.6659952291271716,,0.2924674757606521,0.2258064516129032,False,1
-0.90821391806516261,0.41679454978951785,-0.037812462211279881,-0.39697773314197865,-0.88657592316866451,-0.23746960194325184,-0.13249965442287936,-0.20066249206910466,0.97065874840462552,27.786477003668089,9.7802222870205391,-2.0830698875734157,0.2759167710718678,0.1448037033430664,0.2413793103448276,True,1
-0.97792362675446243,-0.19551442081416312,-0.073752908343347537,0.20892797212618555,-0.92126350745934926,-0.32805891587783154,-0.0038056140949437704,-0.33622561038296994,0.94177378187331207,1.8505278663508,13.655169266273187,-0.72050514303633972,,0.1429311225693302,0.55,False,1
0.52276348528406336,0.84421233979649479,0.11842239563944851,-0.83799775235015872,0.53439652865387433,-0.11036356834920796,-0.15645480340897222,-0.041543657735161159,0.98681103509853563,16.234449650924379,18.345035541451228,0.10830628657329901,,0.195100553927063,0.3513513513513514,False,1
0.50734617040699326,0.82116711149935451,0.26131291274096013,-0.84691316746833034,0.53115158175103883,-0.024821038901086862,-0.15917898775315073,-0.20871648759783262,0.96493496032774462,1.1223728006427467,12.922886612839314,-0.85520609505764789,,0.3503806986961263,0.3818181818181818,False,1
