axis_00,axis_01,axis_02,axis_10,axis_11,axis_12,axis_20,axis_21,axis_22,location_x,location_y,location_z,dbh,dbh_approximation,score,reconstructed,number_clusters
-0.29755272955911982,-0.95470320129940267,-0.0020421950420864698,0.9543839924081855,-0.29739638094126086,-0.026581716236032744,0.024770308171880071,-0.009858500479940184,0.99964455773107519,3.2873036823548594,16.429787979147076,-1.0147009425282749,0.1411853374156183,0.1217838372148184,0.4,True,4
-0.99732687282437471,-0.060514628146340219,0.040952271276013752,0.057264410755740715,-0.99543471484309587,-0.076357813916081499,0.045386077195014959,-0.073808592084900884,0.9962391257781904,1.0657697636457526,-11.860891615624849,-2.5470185817041511,0.3164034230864102,0.264589763844555,0.9206349206349206,True,5
-0.41734717692992218,-0.90864178864227252,0.013835961896289346,0.90798331907391361,-0.41757216846360484,-0.034637788730256643,0.037250854918286905,-0.0018931607364946687,0.99930415277345952,1.85522343408525,-26.194948162286284,-3.3746081905284124,,0.247681803552623,0.918918918918919,False,2
0.98148171582556532,-0.19033618317464188,-0.021581910819310286,0.19130795205103554,0.96824047027665083,0.16097098869202459,-0.0097421241083306773,-0.1621188733397764,0.9867231435032312,21.703824658482798,-12.880278244495964,-3.0169199049890296,,0.3375347547148934,0.5517241379310345,False,4
-0.87589310899546069,-0.47960118159247511,-0.052858000618350179,0.4803643241527043,-0.85645024787774837,-0.18905842745421525,0.045402397465148611,-0.19098607154776209,0.98054216777208081,19.500638509421975,4.2252706677403591,-1.9134411930043622,,0.2644981019771462,0.4,False,2
-0.95263160056635487,-0.30240494193777478,0.032315394071491158,0.30047028686820448,-0.95227732867071357,-0.053716813095231013,0.04701744688648668,-0.041462517909313629,0.9980331754490408,12.539627501209802,9.4194245914350656,-1.5238261065706848,0.2925418990177037,0.2814308792857426,0.9714285714285714,True,5
-0.580539315808415,-0.81359349980143303,0.032244687648559631,0.81302264944831582,-0.58137995074494397,-0.031488479732235619,0.044365237345681791,0.0079353609030661416,0.9989838616126886,5.9663543000309307,4.0016702177426549,-1.7357319071004809,0.295368491369311,0.2650626570555258,0.9851851851851852,True,5
0.96384039796979182,0.25975639754756391,0.059483621061141308,-0.2618931181946797,0.96458720628219652,0.031361060552451532,-0.049230903746539309,-0.045805408084842625,0.99773652970435001,3.4809817506794669,-19.308095474367285,-2.9159807912279163,,0.1751199872990448,0.7142857142857143,False,5
-0.66792125088700305,-0.74401794471263583,0.017846583962404176,0.74302306032622589,-0.66801079240324523,-0.040967219288581505,0.04240205699009892,-0.01410245292047701,0.99900109428600448,16.914120816966385,0.89207616712758619,-2.0487177021518557,0.2509209402137076,0.2209345609216321,0.8714285714285714,True,5
-0.55616641108403808,-0.82767519335013584,-0.075051299087475251,0.82990129384744726,-0.54832483782359021,-0.10297433998850328,0.044076815359497409,-0.11955603932278076,0.99184857100729629,20.655485740075324,-11.511451947835177,-2.9035539190051347,,0.2285811875551439,0.2105263157894737,False,4
-0.95007395754946755,-0.31007640844298345,0.034815170736234885,0.30798680318211735,-0.94981557089027568,-0.054722119476859774,0.050036029538251862,-0.041267447479582359,0.99789448015637772,18.034735926900289,-1.3417713374709324,-2.2305982666833688,0.2833577041808078,0.2778907780838725,0.945054945054945,True,5
-0.59274592994527719,-0.80527488468515696,0.01358759097909815,0.80437635692069775,-0.59276197961500643,-0.040148623262627463,0.040384885295049383,-0.01286839610073319,0.99910132890588199,22.864583212770743,-11.321785309093364,-2.9505489678893402,0.3187847534617648,0.2597264332673981,0.8888888888888888,True,5
-0.67096182854139685,-0.74138216062826912,0.012756039453682717,0.74024964658110171,-0.67073400746061329,-0.046328738083174753,0.042903209401379594,-0.021642161120939151,0.99884479849728181,5.3790816688380616,-14.311798810020045,-2.6996740529627705,0.1670556179770621,0.1576912385722912,0.898876404494382,True,5
-0.96655169657132156,-0.25380784156840863,0.036870006963481528,0.25124790132626335,-0.9658964375636695,-0.062598434333152375,0.05150058188263363,-0.051241111035957396,0.99735752797357069,-2.4390794086936554,19.101667760919849,-0.69828495169840266,0.3268869276763618,0.3135776888456826,0.9827586206896551,True,5
-0.87571883460865108,-0.48226681678840916,0.023135257431967052,0.47916455721182738,-0.8739741638813775,-0.081058546618127877,0.059311464521303162,-0.059898900596127749,0.99644080199664409,2.9401866593039792,-19.501834282702937,-2.9408684966367002,,0.1914047963346233,0.6851851851851852,True,5
-0.9491868420416768,-0.31266180616242578,0.035873860430673803,0.30993608128176298,-0.94847168358861067,-0.065886955843257836,0.054625675416001003,-0.051420427826269342,0.99718201707988574,-4.1323461809324371,17.393620533117417,-0.78563635914725616,,0.2198789727875098,0.6388888888888888,False,4
-0.78412414669124952,-0.62004807887194879,0.02626218694102931,0.61890472040092093,-0.78440604419859261,-0.040793441754451751,0.045894113360839268,-0.015733331240454194,0.99882240295605129,11.359929127834116,-14.355345837691287,-2.8531979432237944,0.2950284841467753,0.2634733993522119,0.9615384615384616,True,5
-0.56340540075996148,-0.82616253129112494,0.0054613446283094409,0.82518662386204056,-0.5630394433148741,-0.045316896085729454,0.040514074019717142,-0.02102515546479615,0.99895773316192249,10.882832510811692,6.2363660907257286,-1.6471662155915359,0.2863735210499589,0.2551532258551242,0.9539473684210527,True,5
-0.75078739158341723,-0.65591705217749929,-0.078045584770369769,0.65910156046449897,-0.73609651087936312,-0.15410081007084575,0.043628266440825042,-0.16713691194349686,0.98496793198223498,20.051855590287264,2.323504332667131,-2.0430746209181438,,0.2440639630178539,0.2272727272727273,False,3
-0.99516609505260878,-0.092535938098851231,0.032886827422352709,0.085588507454354923,-0.98144011292160827,-0.17160976703019074,0.048156522398091303,-0.16796548725433469,0.98461593753195764,3.164345457624067,-19.210749232874463,-2.9100695806111228,,0.3014801636201628,0.5625,False,4
-0.92652988023628702,0.37082911025118237,0.063467724235617293,-0.37442274856456925,-0.92536030584138329,-0.059295107137899185,0.036742160887531725,-0.078702448268513497,0.99622082805463186,29.162673904118503,-9.3111466465154198,-2.9337815411628032,,0.3050186894223136,0.9565217391304348,False,3
-0.76902420601526211,-0.63883220319696643,0.022252791310446659,0.63771585789738294,-0.76913650955539226,-0.04180328043531379,0.043820715977733626,-0.01795677664444759,0.99887802009241389,12.05515345354458,3.7321243579913643,-1.8153953993093503,0.2724319698491116,0.2490541489172762,0.9716312056737588,True,5
-0.94194175052509754,-0.33490856882302067,0.024124451219274368,0.33211521504238622,-0.93984438667538228,-0.079950064240901064,0.049449191652287845,-0.067296206161199482,0.9965068981603914,5.6149303044592029,-21.988823214907494,-3.123191983927037,0.272978045645648,0.2207627633880327,0.9710144927536232,True,5
-0.77328499151233243,-0.63404018291565689,0.0048340821312822975,0.63262289393107907,-0.77202436792572759,-0.061373034821060074,0.04264499942593819,-0.044400695683297173,0.99810319218345378,-3.4907530857192888,-23.953097792089441,-3.2465821874728276,0.2476980781570949,0.2545711166475817,0.4634146341463415,True,4
-0.80333150800971653,-0.59496487133308762,0.025986344845712914,0.59375809665561241,-0.80354116818282617,-0.042105981656843802,0.045932677852943277,-0.018395459085994877,0.99877514796388278,9.4960633917060537,-3.0364763150042844,-2.2922827045714214,0.2306050890788677,0.213218632299106,0.900990099009901,True,5
0.99711829549895525,0.064187481759866202,0.040436023130176968,-0.06923072251515798,0.98786159700031195,0.13905600394093517,-0.031019539669159542,-0.14145470072542307,0.98945861752849129,11.879474073329968,-11.321739496156868,-2.7489837900892193,,0.4008944453514962,0.3333333333333333,False,5
-0.87114380965178095,0.48331069124029336,0.086713543568532489,-0.49005447604435076,-0.86686704819074134,-0.091586741780500275,0.030904262073033151,-0.1222795833076851,0.99201443038487092,5.4148354251975714,-17.367488727664597,-2.8335791556804604,0.2243173853034274,0.14069249046183,0.7884615384615384,True,3
-0.76127266547328987,0.62394898239981089,0.17649814776771217,-0.64806784146787944,-0.74123768686371716,-0.17485641088644713,0.021725599148387554,-0.24749617963751833,0.96864525983792271,20.357894556602883,3.9963521968969253,-1.955811202829794,,0.207558579548534,0.28,False,1
-0.99475547573276979,0.095532345459641399,0.036539218254528091,-0.097265620671523972,-0.99404993466544389,-0.049031891937912027,0.031637675879487612,-0.052328752733154356,0.99812862853558992,13.908068104868599,-2.208784305087494,-2.2956501075572588,0.2176998678848208,0.1637422211228949,0.8375,True,5
-0.91231492487303756,-0.4079195280481302,0.035820894613278025,0.40449603481677471,-0.91135480462724983,-0.076258625088150275,0.063752926767414828,-0.05508247198355639,0.99644442173598935,8.8687634144776073,-18.794620113028262,-2.9956271051735648,0.2753768811047629,0.1919796559520053,0.7659574468085106,True,5
-0.32513871020911284,-0.944687903782504,-0.043006785169022343,0.94502624437779903,-0.32290947012300741,-0.05152544557859038,0.034788166964474995,-0.057395457589416651,0.9977452304508172,5.4924978801627971,15.612762279871646,-1.0417200074836985,0.1122635718725793,0.1309991523874336,0.1621621621621622,True,5
-0.99753246256475891,-0.056000255304889127,0.042343329288984391,0.053814846445820914,-0.99724253099402671,-0.05110084812055702,0.045088229411907862,-0.04869605510115544,0.99779544285694344,12.591372673937375,-3.3968569261624637,-2.3940148914328701,0.2013535328829533,0.2050095826322364,0.7916666666666666,True,5
-0.63619113217968792,-0.77147264494114465,0.0095289791395358724,0.77026851706139798,-0.63580766016760104,-0.049346032223830258,0.044127711927563464,-0.024053635478134629,0.99873628534279402,2.6730347824557779,14.18128596709577,-1.1037077234229962,0.3256896811888799,0.2515708655909939,0.9651162790697675,True,5
-0.61889940194948134,0.77138104811473762,0.14810404746657602,-0.78377929006257774,-0.61885532322643655,-0.052039536732205141,0.051512665778177619,-0.1482881233400371,0.98760167969719137,13.377533168562335,-20.375229722437687,-3.181915828295228,,0.2609418049870927,0.3461538461538461,False,3
-0.59152898623406247,0.79867872229052606,0.11047966783655698,-0.80617379134930212,-0.58813240968626412,-0.064684517607546052,0.013314525391278398,-0.12732857981223969,0.99177122169208143,27.456445737884867,-3.9922504168379058,-2.6349690418988407,,0.1762417083490745,0.4333333333333333,False,2
-0.99588436419100612,-0.080613724931784175,0.041421739612163305,0.077776556993909035,-0.9947796329546883,-0.066062765917786967,0.046531068567661843,-0.062569235341002283,0.99695534024689025,19.536506815649282,3.9857914792604072,-1.9357565177401808,,0.2392366606797618,0.7702702702702703,False,7
-0.91179768221743207,0.40694002972158838,0.054998171907004123,-0.40919628654532147,-0.91162647600864577,-0.038672565438277497,0.034400374713637147,-0.05776660324315068,0.99773725688144488,12.012974926305475,-9.7656537900699227,-2.714938938646335,0.3104438718229302,0.3001742989323898,0.91,True,5
0.66561814596330882,-0.70014527546113936,-0.25835842741008652,0.74607673547237319,0.61595505845495646,0.25292068074919827,-0.017944039435255812,-0.36110380669995268,0.93235296547796176,20.002709267546717,1.8670520155540122,-2.0790917386302739,,0.5118006525776655,0.3636363636363636,False,2
-0.92604886497588035,-0.37599938341577765,0.032526348516834155,0.37376553099121929,-0.92564743411023676,-0.058958931197799977,0.052276452822808891,-0.042441623391313722,0.9977303649203898,-1.762111560585917,-18.656539135889748,-2.8405787228283117,0.2499429894052005,0.2157406218979785,0.859375,True,4
-0.22714511655317721,-0.90801289447509448,-0.35201943056173046,0.97344586256864463,-0.20114408315329374,-0.10928957159952873,0.02842971463154733,-0.36749645070310849,0.92959029149759653,17.081667627630178,1.7460743320626269,-2.0072078363939787,,0.4889276209555025,0.2571428571428571,False,1
-0.66713894071239543,-0.74490303232351651,0.0067161164649137822,0.74347986157980361,-0.66637313555725042,-0.05643172541108344,0.046511602965456443,-0.032654504173635066,0.99838387113712646,16.094477731052379,-16.763956381452505,-3.0375950747753793,0.2914322571672828,0.3272900929341366,1.0,True,3
-0.99940822576092581,0.009533343220101468,0.033050168659896448,-0.010864786213443226,-0.99912682449064261,-0.040342843278360088,0.032636707890595099,-0.040678052439784923,0.99863914471032578,19.816171084828323,10.534238701882945,-1.5960678431868478,0.2439323768049065,0.1962664675498779,0.9487179487179487,True,2
-0.37826296893425809,-0.92197006431366801,-0.082995944735213323,0.92506427744407493,-0.37316412169853469,-0.070743345085116399,0.034252137596232815,-0.10353617139150534,0.99403573994282335,25.818243185269555,6.2889119922889014,-1.9868133190774673,,0.1964702454799627,0.3529411764705883,False,1
-0.98094199821033967,-0.19081093160993309,0.036660394504929236,0.18890879052924514,-0.98073111814988811,-0.049799023617431097,0.045456187784342329,-0.041924482949955558,0.99808620505520185,8.0525665943960192,-27.182711085924623,-3.437844921388439,0.340669616773964,0.3604871702041507,0.9807692307692307,True,2
-0.035049498467498733,-0.99936146583676833,0.0069421363975706377,0.9991782521405338,-0.035182867514138773,-0.020124270989792147,0.020355665220395856,0.006231086106629577,0.99977338455240272,24.11621636237804,-14.72657931427319,-3.1820498591614763,,0.2491955461414118,0.6666666666666666,False,1
-0.5620965370859714,-0.82661232531416662,0.027559873632979508,0.82609301325984341,-0.56274018555986627,-0.029896772389667852,0.040222088946641067,0.0059621468242487576,0.9991729761988235,1.8866400233255236,-2.8850625122321438,-1.9964003244194624,,0.2282542630386172,0.9757653061224489,False,2
-0.45156400706789968,-0.89212763122980454,0.014079670347018892,0.89155787234466211,-0.45177959560877617,-0.031933638249199474,0.034849788823488853,-0.0018672407101628652,0.99939081726374146,17.497916579629333,-12.160929944686137,-2.8642906383257891,0.2476836368816258,0.2300739752521913,0.7636363636363637,True,2
-0.99535922185823833,0.07422686408680329,0.061240445047392511,-0.086225351562344288,-0.97050309653953482,-0.22514201819102039,0.042722455567460155,-0.2293776629382531,0.97239944443385629,7.7416786585121544,30.598592919418909,-0.51378826491536689,,0.229390858603235,0.2285714285714286,False,1
-0.64786266637591305,-0.76174165180833719,0.004860186889284749,0.76039677196169519,-0.64707365343808509,-0.05560967736395224,0.045505106378587026,-0.03233176343157166,0.9984407555618301,6.0701025792486565,17.046800073869754,-0.98330405162365531,,0.3480572723375309,0.7901234567901234,False,2
