axis_00,axis_01,axis_02,axis_10,axis_11,axis_12,axis_20,axis_21,axis_22,location_x,location_y,location_z,dbh,dbh_approximation,score,reconstructed,number_clusters
0.89220625128502884,-0.42449720885365888,-0.15417562986207903,0.44649807267656011,0.88039031283600855,0.15985108119944508,0.067878393204560364,-0.21145925550792879,0.97502692629280707,-8.9890743808387104,-16.02151491807652,-3.2275506245385839,,0.2923325734859312,0.126984126984127,False,2
0.93520796438114639,0.3535947995219284,0.018888650272610538,-0.34966682893541023,0.93060090047004562,-0.10823618981928187,-0.055849548792521492,0.094618612309568237,0.99394574605673747,-6.2193299811713478,7.6832251494774368,-0.56565874469284338,0.2946683633977609,0.2509276645509346,1.0,True,5
-0.020321039628848216,0.97799816717312993,0.20762138703515776,-0.97739055386271467,0.024282088908921889,-0.21004305601032372,-0.21046320478492095,-0.20719547573298799,0.95539273299907546,3.6851500067091369,-3.687094277560353,-2.6536355013662667,,0.3712682096239844,0.3602391629297459,False,9
0.98160952068421226,0.19072754258657457,0.0081088470818768445,-0.18817116651170712,0.97386157957718322,-0.1272212085976884,-0.032161483108437548,0.12335569837798131,0.99184122251595586,-2.8446905489471677,-10.43879095689655,-2.8928679596926674,0.2944830318934187,0.2801370063478622,0.9966216216216216,True,5
0.9475067213408761,0.31949548112790244,0.012395586017389304,-0.31571938557804824,0.94102655844220462,-0.12161531925148408,-0.050520120586594532,0.11131780560750759,0.99249990608092553,7.4256479521508734,7.6439638317799066,-1.8172457488759592,0.3083123674517969,0.2769422936882012,0.9709302325581395,True,5
0.95906726183594226,-0.2751471096071651,-0.066963089454799368,0.28073612425059141,0.95481987194222662,0.097499952230688636,0.037110858454976775,-0.1123079704164078,0.99298021328004438,4.5237211391873222,6.914971760891393,-1.6224589157401332,,0.2701428271696614,0.1666666666666667,False,3
0.8537827004605566,0.52033472222577393,0.017517911990487672,-0.51475808074816742,0.84871515196696889,-0.12127122134351689,-0.077969344608909946,0.094521784091879016,0.99246481732772041,-0.389420608342887,-21.218590555265902,-4.4068676878036044,,0.2765135070446454,0.9891304347826086,True,5
0.98701633003126354,0.16026617969863813,0.01065438390620322,-0.15808767948141225,0.98104811935717329,-0.11203960505971279,-0.02840862277195437,0.10890059297615412,0.99364662279989868,-14.912524145793491,-1.7044292996302028,-1.2622732601341844,0.3099459227266262,0.2725412497606626,0.941747572815534,True,5
0.27303687967329981,0.96146383619310394,0.032220397749078207,-0.95220259258933027,0.2748723019748664,-0.13324954136204908,-0.13697111010876234,0.0057016927204604807,0.990558633143791,8.9263976246889616,5.1891292827801845,-2.3264692831863916,0.378905233852378,0.3226118762659101,1.0,True,5
0.96340052190368264,-0.26589597303405954,-0.034040650992319371,0.26470863897971392,0.96366774244330877,-0.035690595732240121,0.042293862973458274,0.025373484161333205,0.99878296714366088,-1.7980364813946619,-10.545218068031456,-3.0010352325286167,0.5372456567975877,0.5380703563883155,0.4324324324324325,True,5
0.95856943437873043,-0.2833234095451504,-0.029537858394789302,0.28237436427917983,0.95875193409836379,-0.032549151457050451,0.037541415433740899,0.022859887715295436,0.99903356683390487,6.5479840861163732,-16.242281892819324,-3.9774350702650683,,0.1912944808574663,0.391304347826087,False,1
0.82841808947271434,0.55823990320532968,0.045734882788560388,-0.55408998293367417,0.82871704042672123,-0.078818511270756134,-0.081900914811373834,0.039953440098216414,0.99583932578372292,8.2770971370702444,-13.876889825602664,-3.9452474247321638,0.1093275182271436,0.09746436667784861,0.2777777777777778,True,4
0.18436475527585627,0.94703273025323487,0.26294228423967686,-0.97450019719904324,0.2109483439657695,-0.076486350658967223,-0.12790231691060444,-0.24213592052234803,0.96177502219682132,4.1577467626597819,6.8942224409233779,-1.5885575861530747,,0.4110909091623158,0.2336448598130841,False,6
0.63734420999059571,-0.72616915065917176,-0.25781916651482972,0.73009391023198633,0.67607910472259103,-0.099397818887885972,0.24648578099686091,-0.12488157905967552,0.96106677758516368,8.1481799022452552,-7.4505537481615756,-3.4109392211565392,,0.4354214758520468,0.1666666666666667,False,2
0.81319586449110948,0.58123231630408989,0.029689736582526466,-0.57537258692978321,0.81057371709044845,-0.10916334261968513,-0.08751498262747133,0.071688518229601955,0.99358033604221352,-19.405385672809459,-2.5890032928739104,-1.1127551428023053,0.2949924791382912,0.2876836384577213,0.975,True,5
0.56062755390312613,0.82785360016067899,0.018845755638875337,-0.81917824168292497,0.55779109737676014,-0.13347696445642299,-0.12101138028247131,0.059392831118178988,0.99087271506177776,-4.8294926679566972,2.9987623487393207,-1.2608088691379933,,0.2337848196722832,0.9713656387665198,False,5
-0.81451550124510652,0.54913175607646758,0.187133141639337,-0.57810457403355953,-0.74126167997932901,-0.34106630334247273,-0.04857571114157664,-0.38598631615978046,0.92122470875703977,2.8705725035899463,8.9933717257957131,-1.0719011837668682,,0.3872694543220821,0.3089430894308943,False,3
0.90909948591766221,0.41626773902462261,0.016102613190783755,-0.41162792927759312,0.90356514329814219,-0.11888010622155806,-0.064035713027060015,0.10144555812817511,0.99277803470523041,12.24458071103467,-13.864878363256137,-4.1936664974335045,,0.3528939868851546,1.0,True,3
0.98109828193481097,-0.19345335722545498,0.0046861244928502882,0.19293529460012765,0.97603197008614029,-0.1006854779366375,0.014904136409866427,0.099686468228981362,0.9949072694326383,-3.5862540024925789,-15.778895612368199,-3.5171323599776239,0.3860697482156377,0.2558070423056075,0.8817204301075269,True,5
0.51839129720920696,0.85429853108647158,0.038006351590930451,-0.84609598056141999,0.51884783275397439,-0.12214138579659888,-0.12406471962474025,0.031160010109138714,0.99178475442730718,-0.86304191939355213,5.8942984671363599,-1.2686134715890454,,0.07769006614518044,0.382716049382716,False,5
-0.30602694042204381,-0.92090539359316748,-0.24141410022394547,0.94178038822177013,-0.25574254980416639,-0.21827837405596634,0.13927387442293596,-0.2941581280037624,0.94555474914599591,4.3639725384268813,-14.959981284803945,-3.8040634155308739,,0.3504734015330139,0.4081632653061225,False,1
0.067074642770198561,0.99731843401836195,0.029273425908346456,-0.98737496755184395,0.070568393722914832,-0.14181246510572196,-0.14349796426864109,-0.019391827519057353,0.98946060622756793,-11.366453496893985,-13.588186990439818,-2.7371783563779677,0.3365369482792829,0.3186207299218838,0.9905660377358491,True,5
0.3710409870896384,0.92831555540104194,0.023639278753852508,-0.91855647105678306,0.37063936076013648,-0.13740623615770617,-0.13631799360046631,0.029269333025760902,0.99023265486701217,-5.1874763053860793,16.564835143542435,0.48434345140001972,0.2615422735984149,0.2530871026138523,0.975609756097561,True,5
0.090725164699630573,0.9945157297991909,0.052032755762196375,-0.984657443429243,0.097400958140449106,-0.14478526324426205,-0.14905926200546113,-0.038098773409467428,0.98809403392343298,-14.00322820372007,13.293258355498587,0.47883076282107323,0.440587528841043,0.2658114868833394,0.4210526315789473,True,5
0.86222666468495079,-0.49913548085113235,-0.086191359554043168,0.50162270248266172,0.86504410162752765,0.0085654301359774365,0.070284017103864643,-0.050620884967889745,0.99624177936122082,-1.9351808528050516,-10.007131752096424,-2.9511120097189054,,0.07984013016678376,0.175,False,2
-0.91190509347513238,-0.41023954349045538,-0.011515965042176647,0.40667049606449962,-0.89948493216124525,-0.15983104969164597,0.055210579826367623,-0.15043395152565242,0.98707720979851121,1.2410921497550869,6.5562229940911125,-1.350589118872473,,0.3531928469594564,0.4677419354838709,False,5
0.83841880327009843,0.54480891388261654,0.015399924583561516,-0.53889126634000994,0.8328775453399232,-0.12613959541319239,-0.081548227360230693,0.097458923770927089,0.99189296034996466,1.2757968867565304,-10.953282400712332,-3.2391104564368307,0.2960038260785155,0.2777667420628097,0.9851851851851852,True,5
0.86835812685036184,0.48428433595028819,0.10687771276612906,-0.48850766432559262,0.87241408097926143,0.01593528174410995,-0.085524414222400924,-0.066048113237991452,0.99414446702157755,-6.1705803488989774,-14.045212272583326,-3.2684454276397292,,0.3811919010936281,0.2368421052631579,False,5
0.2247663146969763,-0.93521987383523719,-0.27357611621108935,0.96454901042620333,0.25338912300804173,-0.073750653061837645,0.13829428861443216,-0.24730090967244572,0.95901874320151304,-6.5174643358562108,-5.6968973598564885,-2.1845755583089743,,0.3271679042878162,0.2555555555555555,False,2
0.68831358073515903,0.72517753409877883,0.018492123024619132,-0.71697283689166469,0.68396112046106583,-0.13471130931425515,-0.11033750828735184,0.079465273774505726,0.99071232178109159,14.948115915884292,-4.4850637897889456,-3.6552058836449564,0.2789241646305153,0.2574147825748613,0.8478260869565217,True,5
0.94226869109019906,0.33444352634678381,0.016650569836882404,-0.33070302246484873,0.93723501023897515,-0.11057145434045351,-0.052585404094468893,0.098681625782499699,0.99372869134847164,-23.926746417368676,-8.5956537303831606,-1.6998655509964158,0.2454372707718606,0.2867432994185211,0.9272727272727272,True,5
0.43127504390118931,0.90175770222316365,0.028894341820296914,-0.89293203758022122,0.43119970417140313,-0.12938002699539514,-0.12912866750207783,0.029997693306238957,0.99117401379648951,0.091333236124074901,2.1027430392150208,-1.874055299069781,,0.2969730530525693,0.9546413502109705,False,3
0.34230885643163217,-0.93771146023320995,-0.059345295986879154,0.93003429049428843,0.34713579324255778,-0.12055272520621949,0.13364454838583661,-0.013926894742272874,0.99093146901770368,-3.0810535005816972,-13.064262316487603,-3.2146761899122023,,0.1009526569233257,0.4615384615384616,False,3
-0.53764199354324749,0.8326658428378747,0.13269770514193227,-0.83213302664044064,-0.49860578688941948,-0.24278981703235214,-0.13599894394098352,-0.24095614424927095,0.96096015723622097,1.8073565533350515,0.70208895003634175,-2.1097053129783352,,0.2496595013217342,0.1259259259259259,False,4
0.999615926893757,-0.017544161388207011,-0.021452298280593158,0.019151020720883462,0.99683564070605113,0.077148842010132557,0.020030903766013349,-0.077530044623620856,0.99678877154338774,2.018729871131677,3.0642577058481137,-1.8369107787065573,,0.2538069054157875,0.1875,False,5
0.76091423410637127,0.64669032667441251,0.052925888939682378,-0.63777276649108028,0.7604382195971876,-0.12239122721082984,-0.11939609146294441,0.059374536306406607,0.99106974415616733,8.9035518549832133,-7.9444489469957498,-3.4676348608964984,,0.2930003162339015,0.9915254237288136,False,6
0.58362442565453998,-0.80029341531856169,-0.13752446755817813,0.79981654803902591,0.5958023635103844,-0.072890555755708047,0.14027123462187344,-0.067453636174721721,0.98781272906582018,9.0191302710269543,-8.8949987493082752,-3.5045574166616773,0.5774141427703395,0.235668113107007,0.5333333333333333,True,3
0.93878649017015614,0.34275931058006287,0.03458295656361908,-0.34192976117584306,0.93931537648419705,-0.027760798305951559,-0.041999574952992599,0.014236520327413058,0.999016194659895,-6.7694200691801898,-5.7641002336423011,-2.1857491260158541,,0.1505640718870714,0.232,False,5
0.68299606837863125,0.72851274802162469,0.052778277248429414,-0.72232363012223699,0.68438800467013405,-0.099305752253659202,-0.10846632632464774,0.029702441542948259,0.99365628917650484,-16.565044426861615,-5.0410814147342551,-1.5207411853823045,0.2439951455023896,0.2439474194279846,0.9726027397260274,True,5
0.71398875799898975,0.69923958907742534,0.035833650635895449,-0.69232004464979291,0.71270770094019109,-0.11287465967460275,-0.10446534940912648,0.055782883462419983,0.99296286974158765,-5.4021819047806794,-5.6934606765552784,-2.2405920957878553,0.296016692907127,0.2778019066631399,0.9916317991631799,True,5
0.69429343049661796,0.71589340698191528,0.07384620646359788,-0.7128851218419231,0.69817573030182889,-0.065920047587473135,-0.09874935658354822,-0.0068760059143587269,0.99508858154287017,8.5935567551377918,-13.027976682434845,-3.8927995638884543,,0.09094534659707279,0.16,False,2
0.6721945029363976,0.73956373022167565,0.034641581411485316,-0.73235989026119497,0.67105557967870022,-0.11547034302665138,-0.10864410411383801,0.052248425073705647,0.99270668413112739,3.276636542089761,13.710160028307186,-0.42998808925538307,0.2598383369233536,0.256168030854141,0.9404761904761905,True,5
0.77881894489889369,0.62656060668847158,0.029374431275341908,-0.62027186872936269,0.77627650951766569,-0.11250595377158826,-0.093294479630680424,0.069401634831213505,0.99321677047520529,-12.841914395728335,7.6543388590721877,-0.24282785426526793,0.2611122046720607,0.2613397060478365,0.9423076923076923,True,5
-0.99989275112927101,-0.014644977864204541,-0.00010422329297977637,0.013371263019167103,-0.90997986633946648,-0.41443678912721871,0.0059745765046649128,-0.41439373484665953,0.91007809387734762,7.9105268420609134,5.2072760964706788,-2.2265607069355315,,0.07706980455914549,0.375,False,1
0.78823719983095009,-0.6153669089417062,-0.0023841523009203447,0.60933983041652451,0.78104638741065802,-0.13664374036421337,0.085948169675829647,0.10625492032038493,0.99061738528913612,10.044815392521421,-1.6287005316362526,-3.2090156607662967,0.3516921856203269,0.3184031511377167,0.9918367346938776,True,5
0.82932614024759399,0.55845879820697708,0.018491181878046766,-0.55242517569241956,0.82443852026956344,-0.12299411187911319,-0.083931986532116282,0.091787237680145239,0.99223511560306188,-1.7449503582301369,6.8746803790185744,-1.0185945266451522,0.3086992383916993,0.2696408112627678,0.9671052631578947,True,5
0.83006574114525278,0.55736126674304365,0.018419655576896808,-0.55134298972209883,0.82516666421487284,-0.12296700351230856,-0.083736330593591451,0.091915148931437721,0.99223980586128069,4.0144523157323171,5.1375453102891591,-1.7526354964620929,0.2364374790109521,0.2586958934681314,0.9622641509433962,True,5
0.99991732569839264,0.012358295867067808,0.0035516603776125921,-0.011817073339556377,0.99207543938624221,-0.1250866873183665,-0.0050693733205824862,0.1250343756326926,0.99213945913076185,5.8364987307212308,-14.177985600110866,-3.7337873761817804,0.2728552530503663,0.2968233571543785,0.9926470588235294,True,5
0.71635853453682063,0.697478814545062,0.018808329459930048,-0.69012481758008326,0.71226021175812804,-0.12811372645553137,-0.10275303477910086,0.078795266400215266,0.99158112115782215,-7.090802178781896,13.796721083314438,0.21691246841861631,0.2570189257384863,0.2236927751081761,0.9873417721518988,True,5
-0.099600500509298209,0.99278688909413682,0.066737793948275753,-0.98334333812967945,-0.087960925809964938,-0.15905582317737327,-0.15203821774236664,-0.081468204677893064,0.98501132580914263,-0.17644472887785584,4.5633964851604549,-1.5200874459369791,,0.1083768603190027,0.2463768115942029,False,5
0.18978760173372536,-0.97709508978929793,-0.096259294293101094,0.97777968398569737,0.19698590944368216,-0.071717787650459552,0.089036822792549125,-0.080509235434765278,0.99276921144680896,8.4013889745897057,-15.976839297486547,-4.1840415684569949,,0.1591899682255243,0.4230769230769231,False,2
0.7535571027940392,0.65718702119788364,0.016028474590735982,-0.65018841864012811,0.74868629377135576,-0.12932073996525278,-0.096988211113017128,0.087029033592033178,0.99147326449941831,-8.4758090301817628,1.0887517413887815,-1.2083199548894317,0.2668890956227961,0.2318028361219343,0.9963768115942029,True,5
0.44656530436374292,-0.89451634285015769,-0.020492469653467394,0.88553241921631565,0.44512760639623628,-0.13301785045947229,0.12810840509279173,0.041254410648293161,0.9909017661436702,5.7098612206746715,2.198509488333908,-2.3710278798325799,0.3144684376294197,0.27750451134201,0.9690949227373068,True,5
0.87756793162170854,0.47899053319663543,0.021037929964681949,-0.47386510163515727,0.87318522646360308,-0.11401502417667628,-0.072982126863349706,0.090086788119617608,0.99325625080579938,-2.0992617316386291,-15.653569972511882,-3.6462195619531284,,0.0717253742583712,0.1304347826086956,False,1
0.86917581170437153,0.47037288109839376,0.15258689680062007,-0.48876229791238779,0.86404613305884392,0.12056407460541763,-0.075132047006912672,-0.17937009971914189,0.98090852929276551,0.91595056252829699,-25.565529651187308,-4.8898488622687886,,0.6273542408382824,0.2432432432432433,False,1
-0.93537326343467653,-0.3513054947926475,-0.040759138607900834,0.34936470561585115,-0.89993890068929838,-0.26087214779674772,0.054965084567520042,-0.25825263668476189,0.96451252719902802,-2.2745615238916557,17.808685457769084,0.50489055574696462,,0.1770830457896327,0.3333333333333333,False,1
0.88480254478292675,0.45869835370622103,0.081977295959672777,-0.45628920278546736,0.88858158497795114,-0.047147961350148579,-0.094470207827970318,0.0043112811639911784,0.99551835376735542,-27.524181341617432,-5.5734668952308963,-1.2660007873180845,0.3223683381632753,0.271705936370339,0.4,True,4
0.97487224330936806,0.22275617889745261,0.0019478162050125918,-0.22112006410789228,0.96869848304440631,-0.11282360655638173,-0.027019002088974151,0.10955790117775052,0.99361312381411515,-19.690085063837106,-7.9347258149124444,-1.7392825856639937,0.1967260805381759,0.2555001183083533,0.32,True,5
0.99686083649392543,0.078750468977347596,0.0081753471166730145,-0.079060253622426496,0.99563700808108757,0.049562328804211978,-0.0042366215063274881,-0.050053089566849306,0.99873757277025699,3.7915794534267797,8.0039431571146231,-1.3561136804867764,0.532086676084178,0.5369126251047979,0.3571428571428572,True,9
0.23960813931004057,0.97012019406419336,0.038141167329181859,-0.96064530052108665,0.24258819410460025,-0.13532026702538266,-0.14052952061091029,-0.0042162957582771599,0.99006751117635783,-8.4534344943098443,-6.0619570901424549,-2.1029902408404868,0.251600986011315,0.2435159194273009,0.8028673835125448,True,5
-0.95797678309557399,-0.26881290227663901,-0.10010048261355634,0.28661215140770896,-0.88294084974211284,-0.3718453045583891,0.01157401033787232,-0.38490918334886087,0.92288187914727904,-4.2241511736075967,-12.623418072707002,-3.1215813947347888,,0.5634989929978701,0.2758620689655172,False,3
0.94748931918750778,-0.3180898404028013,-0.032906586849938829,0.31689044633687674,0.94774132757431018,-0.036970542707644868,0.042946886336580101,0.024601411345758838,0.99877441672971823,19.010880163396724,15.431286120647783,-1.8377583661232366,,0.1191945370232518,0.2857142857142857,False,2
0.97582733796867371,0.21465264259164693,0.041051790477325351,-0.21371105790600417,0.97654698943337259,-0.026145002530359271,-0.045701096285188599,0.01673978664853993,0.99881489243067112,7.0667603944672113,5.5851282526113719,-2.0851669005733053,,0.2397315232063943,0.3035714285714285,False,6
0.88560228282862252,0.46390867781584044,0.022301015579839118,-0.45899069132321885,0.88153044271925141,-0.11059667191120789,-0.07096577997434525,0.0877087065596137,0.99361513719662775,-19.42660895414647,5.6412533516502767,-0.17528576169296919,0.2958284100822632,0.2664359980212113,0.8985507246376812,True,5
0.7949508144172609,0.60605413863953272,0.027415026814291463,-0.59977413511847411,0.7919028644220022,-0.11472070503233077,-0.091236996334932527,0.074754493899182289,0.99301942384912967,-14.276460295522618,4.4243375798735656,-0.53397930760519841,0.30791314034736,0.2419051450613415,0.9478260869565217,True,5
0.99997430944562193,-0.0058717255371979263,0.0041113608414719768,0.0063355325143765028,0.99228893796570994,-0.12378418565650338,-0.0033528311189574903,0.12380705323244004,0.99230064602084633,-1.3140870237860081,10.409644664690658,-0.55912897394598193,0.2793293948163608,0.2428109266720586,0.9532710280373832,True,5
0.99536416818765427,0.093911750236008007,0.020754658650743611,-0.092872643659347803,0.99459781939452818,-0.046366471888347707,-0.024996894763610764,0.044223984705799579,0.99870886369798384,-7.4267609451036236,-17.920889488333703,-3.680959104003747,0.2333751944476143,0.2362890247973983,0.6923076923076923,True,5
-0.63597348292669509,0.76312646670747597,0.11478556017484891,-0.76550899717812237,-0.60502524449298534,-0.21895302867407493,-0.097640689537895176,-0.22711769930317743,0.96896018824810226,9.0402978384645056,10.569628312758143,-1.5757424424209139,,0.2034531724276809,0.15,False,4
0.85597335235796679,0.51140431277732867,0.075995058561808299,-0.51040342895092161,0.85928104604903432,-0.033532426336591245,-0.082449740861969087,-0.010085275089244432,0.99654419242609038,13.583536478917088,7.2777014769388133,-2.4336896707855149,0.1937097827988992,0.23079515061927,0.2916666666666667,True,5
-0.2127492799580003,0.97666140056149398,0.029500042891750032,-0.96689845201311619,-0.20607783332126298,-0.15046365045503504,-0.14087273466499334,-0.060534579100514553,0.98817530699827349,3.5480388303310595,18.926309855852008,0.23334168597193497,,0.2407554692217108,0.896551724137931,False,1
-0.98580386882528637,-0.16606018085371638,-0.02479412317321299,0.15801097278495443,-0.86763184775584923,-0.47143134095997763,0.056773802837663007,-0.46865658332578813,0.88155416295128963,11.642027544806936,-0.45353278660016488,-3.2012912863650387,,0.2056194975855736,0.1923076923076923,False,2
-0.0031568122013992169,0.99965073820316586,0.026238066746443137,-0.98978262506687875,0.00061676559671225081,-0.14258322031683049,-0.14254960418199772,-0.026420091030585423,0.98943498479561143,-11.377929393248635,-22.719143303780029,-4.0375363135530877,0.7661971933983373,0.3820979654942314,0.9880952380952381,True,4
0.99951118895069146,-0.0069136015379671787,0.030489100940314248,-0.00063335178943072748,0.97056351474856939,0.24084447825186611,-0.031256711725408316,-0.24074606113637059,0.97008471383659967,23.218035500378576,-7.9055654993684517,-4.1596902781141543,,0.4291233739445839,0.3636363636363636,False,4
0.5114699525677191,0.85901358650446336,0.022229390929914772,-0.84993724952779892,0.50953570795934644,-0.13408964978509186,-0.1265114994199984,0.049689239429753035,0.9907198494021392,-2.7225682408446468,-2.4451528336986117,-1.9720140235486594,,0.3271669897662856,0.9901531728665208,False,4
0.5542190401141337,0.82990379914925105,0.064038580032729581,-0.82324832787248514,0.5578794710477345,-0.10503659571148233,-0.12289607898597031,0.0054936273208011296,0.99240433988809962,-14.528989489968689,-17.625268693089218,-3.1390666476279603,,0.248278739215816,0.94,False,1
0.99219383280874152,-0.12470320722872759,0.00071291175273542617,0.12389678193884265,0.98509543674861844,-0.1193170898163632,0.014176937662874527,0.11847400813645265,0.99285594314310566,-16.539231581170625,20.238035015502923,1.3944057239388654,,0.1144954785872773,0.3333333333333333,False,1
0.99329941067962613,0.11518331852626543,0.0094384255459420315,-0.11383448199537141,0.98921777837015423,-0.092140640681861841,-0.019949723114741927,0.090448825806062311,0.99570126968782757,6.6563595108775884,13.105512774491887,-0.97094235979431232,0.2588200661033523,0.246216058105018,0.8648648648648649,True,4
0.99795573179840869,0.054220330257980988,0.033830654108619518,-0.053459752853042698,0.99830518305182814,-0.02299600653910322,-0.035020168411833391,0.021140418126668219,0.99916298496583411,13.305714815928653,-6.4603955919680844,-3.5662498051842886,,0.2517704720250449,0.3333333333333333,False,7
0.98562354246505435,0.16875062767515261,0.0083341584986147497,-0.16662029122649219,0.97898715818586257,-0.11756624795734677,-0.0279984122806443,0.11448742186987815,0.99303006960683338,-22.887093707861244,11.611715647327655,0.56913518209786174,0.3188521439906075,0.2553496125583315,0.9512195121951219,True,2
-0.73660744378167631,0.67416764217313008,0.053920905149555387,-0.66286810951580033,-0.70383526796774643,-0.25538556136109036,-0.13422124702286678,-0.22386135399280785,0.96533452804514031,-10.506818556221846,23.530423044778377,1.5776793749252056,,0.249416184886793,0.3333333333333333,False,2
0.92366182309801703,0.36814292626923023,0.10639371404916549,-0.36916566142892704,0.92930270254463487,-0.010639617708380317,-0.10278886599719962,-0.029449497129251819,0.99426715531885301,-19.397307015983003,12.670107024173019,0.62314027816910811,,0.2466988680523348,0.2926829268292683,False,2
-0.53466938153493049,0.83865048021692967,0.10389429474696818,-0.83226925218794734,-0.50127053593735416,-0.23676093779083104,-0.14648052536624481,-0.21305685117590706,0.96599701544851468,12.949214201570548,-5.5343796903710185,-3.5551746348057796,,0.2830381258885894,0.1818181818181818,False,2
-0.7881998762652912,-0.6143972648706072,-0.035453574924072709,0.60843257345993229,-0.76930135510264264,-0.19489799534669894,0.092470312037453997,-0.17518968564602949,0.98018254189459086,14.394455511342624,13.651254375519152,-1.4977422192146086,0.2393387583752354,0.2502282549980563,0.4782608695652174,True,2
-0.98015638973043051,0.19457824621607864,0.037851786880979919,-0.19594115229231629,-0.92212441537831025,-0.33360699543260219,-0.030008607248043086,-0.33440375096981817,0.94195202363408548,14.625458521699125,-21.043927030628971,-5.0538480884758243,,0.2372293114427925,0.4285714285714285,False,2
-0.54327502442548659,0.80708503525639141,0.23122714741283526,-0.83098875393413174,-0.47769241689765463,-0.28507480715327432,-0.11962415588202174,-0.34702118192362175,0.9301969472245365,15.766000592790066,4.6274649177528557,-3.0550648826411897,,0.4308530159303068,0.3392857142857143,False,1
-0.99965226836965282,0.026368016639560184,0.0002646543138173172,-0.021405573064065285,-0.80557542249640912,-0.59210644322751038,-0.015399473536744899,-0.59190621416591838,0.80585972094810854,7.5331732346945683,6.5068470259410871,-1.9754416179770082,,0.3361049863430797,0.1666666666666667,False,2
0.41893132993034726,-0.90163551649171869,-0.10747062949244487,0.89841263801860394,0.42875611248432888,-0.094989093351702386,0.13172422955266663,-0.056759064545120794,0.98966011132141707,19.770647022193202,-8.6347107207575924,-4.1131688599942278,,0.1767067379474744,0.2592592592592592,False,2
0.73629262351019187,-0.67666015651257638,-0.0020506469358327652,0.6710645217107124,0.73058619031171368,-0.12615952689745627,0.086865299548509786,0.091514212634940556,0.99200784705573553,-22.263475238637373,-10.89911506763451,-2.0671681950785237,0.2431517859562192,0.267573689678776,1.0,True,2
-0.98337021774327504,0.1814666177584181,0.0072719663684584265,-0.18021713413835333,-0.97007987154108655,-0.1626862852049541,-0.022467741731259143,-0.16129138064431434,0.98665104829992889,-0.22284643359154604,21.393737766592814,0.81288162305743028,,0.09082085030773088,0.1428571428571428,False,1
0.78971370595304657,0.61170133282764649,0.046623406640727671,-0.60668985025915323,0.78999235063777273,-0.088541016067881714,-0.090992792145486487,0.041636106334380425,0.99498077691324338,18.407463037618051,-12.141130460322866,-4.3148555054668174,,0.2255151055523794,0.4333333333333333,True,2
0.99296789642805727,0.11800342677177875,0.0094840884304161974,-0.11649517174165842,0.98823831883417057,-0.099065130841749241,-0.021062564519070154,0.09726364407078765,0.99503575409024891,-9.4278265193261515,19.304767593866558,1.04602056169506,0.296873799661185,0.2362176657791148,0.8297872340425532,True,1
0.92742042181323392,0.37255583179153828,0.033068314167485693,-0.36951387403734465,0.92634116131953803,-0.073154287222852124,-0.057886596874214796,0.05562557903775231,0.99677225927442314,-15.792795789892137,22.106161339359048,1.5657851045621425,,0.2635586119352792,0.9142857142857143,False,1
-0.24504341844487842,0.96799747284385051,0.054172092859394075,-0.95940251484524719,-0.23406131421229398,-0.15735982872966198,-0.1396443252891538,-0.090532832481549946,0.98605439437051579,-19.279563488267087,18.903020689123331,1.3424986029235191,,0.1624754362550737,0.5,False,1
0.89493914792507834,0.4416228313770536,0.063664717997086673,-0.44094120338304804,0.89718354479460716,-0.025150389835788226,-0.06822592374049273,-0.005564328917053927,0.9976543798197145,-9.4351949499141163,-14.805767190434674,-3.03506330891127,,0.1116653040217174,0.1764705882352941,False,1
-0.5117521444816493,0.85829792351703571,0.037873699380680026,-0.85034230544818989,-0.4997331971164517,-0.16487781920206104,-0.12258754497701163,-0.11658218640133157,0.98558657033788521,-4.5083129799681894,20.487133903709179,0.93756105005441848,,0.2127510251769947,0.6551724137931034,False,1
-0.97099420154174076,-0.23815540980648939,-0.021266437224442047,0.23598486541693647,-0.94021595682671832,-0.24557096290597741,0.038489009684173126,-0.24346653837503363,0.96914531460726272,8.1607181030655909,17.035378630562914,-0.50219408044707825,,0.1815920876112727,0.25,False,1
0.3385227668348843,-0.92828751632865925,-0.15389809408444186,0.93120389037258244,0.3539912136390117,-0.086888061443139805,0.13513567585734662,-0.11389691696770682,0.98425903166586659,5.392664444831178,10.139913890514595,-1.3184515475540708,,0.1336697523419259,0.2195121951219512,False,1
