axis_00,axis_01,axis_02,axis_10,axis_11,axis_12,axis_20,axis_21,axis_22,location_x,location_y,location_z,dbh,dbh_approximation,score,reconstructed,number_clusters
-0.98110408401736116,-0.18699693503807899,-0.049668124696042114,0.1931253576159791,-0.93093397778804521,-0.30994277737258114,0.011720604513303144,-0.31367829903596101,0.94945697751069835,9.6184542280147003,-2.4156240185774802,-3.6264454800895147,0.5696983646424642,0.3795498734961686,0.5774647887323944,True,5
-0.11352423596907497,-0.99221937673486893,-0.051117084027817936,0.97150702848392401,-0.10008625989644242,-0.21484141636630275,0.20805369848665284,-0.074050314056126887,0.97531031448160888,0.83485113304023584,-16.373303133823697,-6.2837113134414739,,0.0828035463739238,0.4482758620689655,False,2
0.94735963303808068,0.32008091306667269,0.0076114900220952591,-0.3144300084793345,0.93459032087456706,-0.16635715162041448,-0.060361373887916757,0.15520676924018859,0.9860361876342999,6.510475865617777,4.0659237974758735,-2.6343897116543742,,0.08093834295426752,0.4105263157894737,False,5
-0.99419863983344769,-0.10510660513646071,-0.022840011164861698,0.10708458517735235,-0.94730026673449463,-0.30191902269010817,0.010097334832382995,-0.30261329481938459,0.95305993391173416,-9.6700335303809002,-4.773856584745805,-4.4212277388380761,,0.1825466744825227,0.4909090909090909,False,4
0.98654373849117205,-0.16300675065168452,-0.012659039688773428,0.15845218910994127,0.97231600860799494,-0.17173957951178706,0.040303297757501411,0.16742275426774447,0.98506104660740357,12.367552921882364,0.095342887258382136,-3.2187240594384776,0.1279978247926545,0.148786333512172,0.8194444444444444,True,5
-0.94861914669681002,-0.3148802276202089,-0.03117942870007636,0.31024054995131739,-0.90618712943166269,-0.287359857353648,0.062229540301385972,-0.28226818578481394,0.9573150764547842,6.3923204531115996,4.9437449518822492,-2.4428241053736324,,0.08404271830618412,0.2093023255813954,False,4
-0.22636598362302307,0.94076469756178005,0.25242865384079238,-0.95734741805134393,-0.16710898485111719,-0.23571276658775828,-0.17956715347971389,-0.29501927225780089,0.9384664439326913,-7.3145891797173741,16.212687798080314,-0.98272081242601461,,0.2546269871456736,0.1333333333333333,False,5
0.81783119583153829,-0.57481094150412138,-0.027285832439218352,0.56198234037088923,0.80798243991009089,-0.1770317087648256,0.12380623666041042,0.12944789810607812,0.98382684321983427,-3.9305045865718635,9.9104569912031781,-1.8883689515189332,0.3311500343977653,0.2810403358685017,0.8794326241134752,True,5
0.2819097711103849,-0.87192056282099317,-0.40035161181443202,0.94107123156735073,0.33255148150805536,-0.061599101155036182,0.18684704458139367,-0.35939399588295967,0.91428886991720437,-2.2288102185001337,-10.963510324678845,-5.3392410409522304,,0.47273356235747,0.303030303030303,False,6
-0.41762846002238235,0.90042953348686883,0.1217091804423636,-0.88111634113037751,-0.36863174198500215,-0.29621720441952382,-0.22185685198422089,-0.2309486826672135,0.94733428271224784,0.30641334441521922,13.742799623957117,-1.1289451640003041,,0.2596321873426599,0.2083333333333333,False,3
0.29670469231234947,-0.95485751306864852,-0.014610109383255836,0.93307268393890541,0.29312497118495195,-0.20845411426707253,0.20332656502996058,0.048217019859979532,0.97792301688268923,11.136578762080106,3.6676825234558241,-2.6284451843746814,0.2097265335015892,0.2227086103941283,0.8787878787878788,True,4
-0.85669070791626911,0.51530127243164392,0.023358715723491481,-0.50305411846569581,-0.8245986319213815,-0.25879267788731597,-0.11409463118229494,-0.23345598056960343,0.96565041307486721,-6.5150113502243459,-10.427374513348045,-5.3690130684420083,,0.4977725849886409,0.5583333333333333,False,1
0.99734754190153552,0.07277183735296601,-0.0014629939290552031,-0.072070039236972375,0.98451694815671875,-0.15978826063437945,-0.010187742995593168,0.15946986699829085,0.98715022737788061,-6.2390631312713838,-9.2627678620215992,-5.165305471839031,,0.3174972772574657,0.9735099337748344,True,4
0.98628990604780398,0.16501638386707965,-0.0013469534691010264,-0.16216923761253388,0.96769705912797699,-0.19303766504813349,-0.030550934525556208,0.19060953494119459,0.98119042269536949,10.06940353437013,0.46016723588588349,-3.1353800692093703,0.14948148449052,0.1504829167806807,0.7127659574468085,True,5
-0.94507756751027205,0.32240443419279508,0.053700765373423436,-0.31895807861678549,-0.87385792870282208,-0.36693059906241515,-0.071373212579765283,-0.36390617095075201,0.92869702447569336,5.1727693494285516,5.3922839133715836,-2.4288889782293688,,0.2722053006755706,0.3636363636363636,False,5
-0.38591697682577442,0.91890355474267094,0.081757838027546131,-0.90126863754571851,-0.35661945229392866,-0.24604351083103859,-0.19693382130588896,-0.16863814315528403,0.96580445572538076,-1.5173372458146139,-11.530806838475346,-5.4452533049046723,,0.0758398173201924,0.1842105263157895,False,1
-0.21981497396848049,-0.97361737007119642,-0.06124209267231695,0.95413954036021675,-0.2014908493602616,-0.22140274421351794,0.20322183627856602,-0.10710114060890683,0.97325753577346641,-2.6178740354986823,-13.973619313235712,-5.9393925442484283,,0.1098878530746648,0.1470588235294118,False,2
0.87690769453201189,0.46547570750176182,0.11985516674840037,-0.47092060261147234,0.88194236894303013,0.020284079944742267,-0.096263603228844849,-0.074229533131302275,0.99258415013766432,9.1361541949441349,9.3401154711946965,-1.6249206971480903,,0.09276829629482262,0.15,False,2
-0.96166625926826976,0.27376555245547024,0.015824919390809392,-0.26669959973996382,-0.9203010475156016,-0.28621199387906671,-0.063791294731472534,-0.27946091717884086,0.95803562902746198,4.4774907111229707,-16.946307902097917,-6.2984161330435517,,0.3528308760907538,0.5949367088607594,False,1
0.82099645396884213,-0.56969390441373136,-0.037598907489781862,0.55899597799663614,0.81548200871942889,-0.15004196092596808,0.1161392231512306,0.10216627980289569,0.9879644386905152,5.9059191853012187,2.4193855081656901,-2.9204682779775721,0.1830465728841332,0.1791329766184062,0.804,True,6
0.38874225301200155,-0.90900695504457918,-0.15028578244043941,0.89806882836423529,0.41027993554830966,-0.15856466821762186,0.20579562736764526,-0.073326190185068904,0.97584395760249498,7.9507216073620324,1.412420055123969,-3.0037798580643678,,0.4384802348628966,0.4521739130434783,False,5
0.62172993440235647,0.78310857510376364,0.013886981925365059,-0.76676250531936996,0.61217783399775039,-0.19316718147290704,-0.15977217875589414,0.10944980201342086,0.9810675775576414,-0.87551288852035203,8.5157090501049524,-2.0313412588392334,,0.2464307973003364,0.943127962085308,False,5
0.8673419545053912,-0.49728275132680905,-0.020683306979507581,0.48546332742925818,0.85442763963678559,-0.18514525742245178,0.10974193216853076,0.15054326241168042,0.98249347807828602,2.5957517715548906,-19.247724516225983,-6.7532818775440822,,0.2367179827566175,0.5161290322580645,True,4
0.99500623622053308,-0.099521251900737281,-0.0076230113708030305,0.096167630598332401,0.97631998302249845,-0.19378100416720903,0.026727826461425363,0.19208022066589578,0.98101519464358444,4.1923640588130846,9.9421336718474933,-1.7001358839609615,0.3296567850656144,0.2809323461385419,0.8581560283687943,True,5
0.75907307821510528,0.64820039433854648,0.060368126593406471,-0.6375231063671658,0.75892422223516209,-0.13265863617840279,-0.13180421380594931,0.062211523724363164,0.98932167445118113,8.7109122587453225,8.9046196578288903,-1.6978236716959418,,0.07819298214972532,0.4545454545454545,False,3
0.9989838898397605,0.044845827581566654,-0.0044765599678180616,-0.044950451766245819,0.98424503839855937,-0.17100047156025203,-0.0032626257265390823,0.17102793963660609,0.98526077722450001,-0.69867052740137203,-13.199462851256664,-5.6749989964876306,,0.273186245733831,0.9893048128342246,True,4
-0.83417386533690818,-0.54490839582283557,-0.08502236500278279,0.54206722165841059,-0.78170862004879571,-0.30837438373661935,0.10157307513516638,-0.30332568882834843,0.94745788133530984,6.6940829698655566,5.9293658967518272,-2.2527190655985998,,0.2026649135239501,0.4426229508196721,False,5
0.9566812437398311,0.29110465760666987,-0.004367630491742055,-0.28727683386682451,0.94145408931292529,-0.1764545789698368,-0.047254826207085057,0.17006550513161969,0.98429909344897004,17.351365793490018,-7.183651878275513,-4.3623294428073809,0.2330102758130371,0.2053801378924432,0.8266666666666667,True,3
0.52298790099633763,-0.8471401427194476,-0.094006563625736506,0.83407099639755955,0.53136879492968969,-0.14823217175550124,0.17552557756585774,-0.00088451582469041426,0.98447447364161178,-1.2137133705501257,9.0193697088703164,-1.9684793204021711,,0.2309900236204846,0.639344262295082,False,5
-0.96278360188896195,-0.26939992629133475,-0.021712108325565836,0.26432849112211565,-0.92180632333484191,-0.28355519928403322,0.056375391039205594,-0.27874142493380061,0.95871008824933712,8.4112157102245853,6.7804261068266021,-2.1225418060552217,0.5943937746079209,0.4802015865307877,0.453781512605042,True,2
-0.45825921496885569,0.85762978930051925,0.23338730985312081,-0.86821329595822216,-0.37571572106585771,-0.32410394885796262,-0.19027391996143464,-0.35115358669435676,0.91678077746765618,10.558696921001102,-15.238165886885852,-5.8180302750848387,,0.2364650072995894,0.2903225806451613,False,1
0.74100575153493931,-0.66472159217523696,-0.095161342404142688,0.64432293548271746,0.74374906528730578,-0.17800360303992044,0.18909899789019108,0.070587058164209973,0.97941770262572281,9.7019991060238553,-5.5263319461097318,-4.1267968407790416,,0.3943321507986532,0.7411764705882353,False,5
0.99339323481943631,0.11475538430117803,0.0010405714132760528,-0.11297190292391393,0.9794683645272021,-0.16697027292353123,-0.020179944616547624,0.16574958420550476,0.98596138117624887,2.7275421728372042,2.9384707213489452,-2.8705337311251036,,0.147714087142763,0.5795454545454546,False,5
0.91324716596955169,-0.40213610324875831,-0.06531591163329202,0.39493673012302133,0.9132053388903334,-0.10040412452648072,0.10002296260519349,0.065898129610005851,0.99280050537133846,-0.44650849644027102,9.9739527946530941,-1.7975705743958625,,0.1640029353862258,0.3333333333333333,False,3
0.99026264810329701,-0.13868319689700023,-0.012118525895267972,0.13410405124079924,0.97367269471317264,-0.18433010337651082,0.037362965785005989,0.18091007287715608,0.98278967959545227,12.138614747186162,-22.054598539917706,-7.0849707182562671,,0.3041973906417504,0.9393939393939394,True,4
0.98522044071062664,-0.17040663071632944,-0.017385724427444921,0.16676171431360703,0.97740132759794052,-0.12991218360481227,0.039130727633733889,0.12509286557470836,0.9913730685958555,-15.67582152977459,-17.414505517471845,-6.7792440333010964,,0.1717157485921835,0.5909090909090909,True,4
0.30765337732289011,-0.94468391696659737,-0.1136736400686868,0.92856799246143062,0.32415858705177947,-0.18078355516125133,0.20763160356257604,-0.049935032444565916,0.9769317323829706,9.668775857636783,4.7548387986943439,-2.4505947978218536,,0.251983012033458,0.3235294117647059,False,5
0.99103571856993666,-0.13222665455876148,-0.019087072661016034,0.12954989623120006,0.9860540369949965,-0.10447133823377111,0.032634780603740102,0.10106209947387627,0.99434472047920974,-15.50941571910346,3.3866875236385252,-3.1323561079813054,0.3425064318192342,0.1549911186135245,0.3846153846153846,True,3
0.99966197517027566,0.025596499262674693,-0.0045557243287361517,-0.025997902989630499,0.98274183526485392,-0.18314637386639326,-0.00021080513584973218,0.18320290512369844,0.98307509942803051,-2.3850853861227139,-8.6704461427437671,-4.9870738131893333,,0.2875352716065537,1.0,True,4
-0.99721582878053228,-0.073557779185882383,-0.012241076374139065,0.07426989341415649,-0.96503995458709224,-0.25136003855584016,0.0066763584240490618,-0.25156935260835045,0.96781624653981169,8.4016821523850886,11.903915845575966,-1.2565703625742231,,0.1418786392956377,0.7872340425531915,False,4
-0.020937025431245353,0.96953418119441159,0.24405964939287692,-0.97344266855217398,0.035894312569712941,-0.22609946786131696,-0.22797151578237654,-0.24231192669951346,0.9430344204593254,5.2771452544462383,0.64512343906689695,-3.2520683494681561,,0.5416766347061434,0.256,False,5
-0.6538471742697376,0.74541754652961945,0.12975574756149671,-0.74479063165267989,-0.60386943533425264,-0.283951791808916,-0.13330711797155653,-0.28230194188998126,0.95001832924594887,9.9897513701211462,3.7058171447533819,-2.6089200175914184,,0.2719064980931074,0.3,False,5
-0.59982292686954797,-0.78105048135623512,-0.17370262512363535,0.78637403884817791,-0.53536351669235449,-0.30822358122051441,0.1477441282327423,-0.32147480549490692,0.93532113308999854,-6.3212326202436673,-10.204532856617893,-5.3509624747012694,,0.2717571092509738,0.1578947368421053,False,4
0.98108440721881418,-0.16709566060270561,-0.097736513749231146,0.16722594982970113,0.98589434415977151,-0.0069154795443895078,0.097513422746114936,-0.009559412195317564,0.99518829877707959,1.5572717185887268,-14.127846937196662,-5.8185119412227984,,0.3248516402423182,0.2142857142857143,False,6
0.04425700240379004,0.99583804680211507,0.079673723896774115,-0.97607382348374927,0.060097587728596642,-0.20896930649982642,-0.21288778463793009,-0.068519081215031696,0.97467118899729566,6.7728911244859908,-9.9233150927819516,-4.9905448528691494,,0.2321539222985963,0.8271604938271605,True,5
-0.7121933569440857,0.70176971492125728,0.017317319193560766,-0.68522892722596562,-0.68962616899353091,-0.23425854164161977,-0.15245307349301554,-0.1787037052180043,0.97202008524715688,16.133490464686741,-23.41332605574032,-7.2906565151452059,,0.3191836062146349,0.9523809523809523,True,1
0.75088167406644934,0.64614064568102147,0.13667105600703749,-0.63246644618600534,0.76310156447687749,-0.13289919767171793,-0.19016547005177084,0.01335171494056799,0.98166125812733096,7.0730954794385976,-5.3688669734523193,-4.1303103624753161,,0.2753758768920193,0.3269230769230769,False,4
0.71174165423003,-0.7011664649165138,-0.042301372440868075,0.68563639475454707,0.70654700342186016,-0.17519722070734567,0.15273032384529511,0.095691799189223631,0.98362418013489372,-9.5953737101621801,1.9976951798074936,-3.3225038667035842,,0.3617960778366119,0.9963898916967509,True,5
0.87816794548281429,-0.47790727544976924,-0.020632391976528566,0.46639456946570329,0.86500246465003883,-0.18505902226657756,0.1062881230401411,0.152890065803958,0.98251079519721685,-0.86949326009814776,-3.2880147575193406,-3.9552742664933116,,0.2723675800001923,0.930898321816387,False,4
-0.47712772157333105,0.86492190924337364,0.1557537422248326,-0.86200228632038778,-0.42606156077287177,-0.27463358281573891,-0.17117592028280934,-0.26529537753715615,0.94885044499792037,-1.6036129196402467,8.178122587306591,-2.0958874367891078,,0.5100109580738552,0.3958333333333333,False,4
-0.26587950620388995,-0.95546140946472491,-0.12806866597438307,0.93956000572661791,-0.2271115645210523,-0.25621735479822394,0.21571991984926822,-0.18845114031091018,0.95809763797628911,-30.503182258937741,-4.3986479059496313,-4.7232299791140555,,0.2604065955428005,0.15625,False,3
0.71258613212845789,0.69974420538471471,0.05078436106438694,-0.686779897271248,0.71051122612894968,-0.15332048215691912,-0.14336797760412759,0.074376371081483678,0.9868706999513418,12.704967045000666,-13.759268972756697,-5.4692530699971469,,0.1278109721050792,0.4230769230769231,False,2
0.74876625949984299,0.65971587432248402,0.064218796325802477,-0.64230607690684993,0.74608861039865682,-0.17548415598547348,-0.16368259590789208,0.090148491947023776,0.98238549317288459,16.642195677334467,-11.484563137821404,-5.0711098139193655,0.3330833064320464,0.183665553980053,0.8775510204081632,True,2
-0.44594997729554997,0.86489185315490358,0.23041419248035669,-0.87785166196928066,-0.3724028909126445,-0.30115203206632535,-0.17465702770822178,-0.3365682236726773,0.92531981146301412,11.394841409041206,-7.0052700005653756,-4.3568263608143019,,0.3039706920514587,0.3333333333333333,False,3
0.99839279557013927,0.056672072523294481,0.00031929540519169599,-0.055646174759122556,0.98135602460498483,-0.18396699760059418,-0.010739133499427164,0.18365355745918532,0.98293236890656244,2.8321598193562254,-0.77054615489328471,-3.4516810617179359,,0.2671929822202861,0.9188741721854304,False,4
-0.42174671389114526,-0.90450092449905206,-0.063307084140566849,0.88920204571160355,-0.39893619033014993,-0.22398579853902764,0.1773398748852609,-0.15075806321794766,0.97253409973658689,6.0887277343241895,5.5368238507916647,-2.3277993380347755,,0.09479915247723665,0.2702702702702703,False,5
0.97919521490009387,0.20278667931286365,-0.0073684333491499977,-0.20153751342592766,0.96764796840266032,-0.15178945921340903,-0.023650830827967151,0.15011652786907548,0.98838538347229743,9.1317845553604187,2.5424673579353181,-2.8403390772737778,,0.1442796459089222,0.2380952380952381,False,5
0.31812064535256157,0.94801383846947074,0.0083076513437177011,-0.92656865798659926,0.3127553439660149,-0.20893687290091029,-0.20067330923015417,0.058769523488614715,0.97789384192331363,3.079601504739832,-9.6318278653567067,-4.988317736443455,,0.2786249891844673,0.9741379310344828,True,5
0.15040335218711418,-0.96388811814131958,-0.21976925935367758,0.96619240856835786,0.19039899801244667,-0.17384030367187928,0.20940644993828103,-0.18619322560673726,0.95993803001152334,10.92554187047668,-15.402426476908008,-5.8452246578446552,,0.2117031052755235,0.1875,False,1
-0.057789464324008874,0.98758497658234834,0.14606947607898205,-0.97735390994515048,-0.026131826534485782,-0.20999157687131167,-0.20356746431606546,-0.15489687430937954,0.96673018252308307,8.8226645974148017,-1.6165502446580176,-3.559785929779359,0.5920816735694111,0.2749436348038793,0.2535211267605634,True,6
-0.94269898794048257,-0.33061701270168875,-0.044844275534394143,0.32704936480819558,-0.8890881205814718,-0.32025150556939674,0.066010083430859942,-0.31656706201549295,0.94627055546092786,10.483068621940063,-2.8458931852372729,-3.6294120157261798,,0.1568397309171629,0.1739130434782609,False,3
0.43620388477465727,-0.88033538757376251,-0.18637536396436988,0.87361007945579072,0.46395269304104425,-0.14681051628957045,0.21571184478545724,-0.098780078990231349,0.97144783494222642,9.6463081967666646,-4.759849798573379,-4.0030767548782675,,0.243614251326938,0.2727272727272727,False,3
0.87744136695705333,0.46410808788904012,0.12124491869153552,-0.46694655377084338,0.88426787671361939,-0.0055891085086143266,-0.10980693727661682,-0.051710781935368724,0.992606886716772,6.9284170806842402,-2.7327507931862773,-3.7406212420891385,,0.3569491969126801,0.2119815668202765,False,5
0.85902417287663013,-0.51098533693719816,-0.031168186485605025,0.49897535786956909,0.84933710307454913,-0.17219197884881288,0.11445987354771456,0.13236491520079133,0.98457019382638755,-14.858833162522643,-1.1859007396816268,-3.8972595503533602,,0.2729137346308906,0.9166666666666666,True,5
0.98782495495153788,0.15414688031799476,0.020990418367059907,-0.14952413347673305,0.97800434177649376,-0.14543053659517846,-0.042946383817808298,0.14052133914306131,0.98914577356546207,-0.0060612841357129557,-18.368000008645719,-6.6533066614182621,0.3140679781773003,0.2631453320621539,0.9863013698630136,True,6
-0.98197687513522491,0.18536727738482531,0.036883453940728693,-0.18441752497406616,-0.8970230488765002,-0.4016712913151117,-0.041371405367720854,-0.40123387476538769,0.91504086496650749,6.0859055354306344,-4.4545187626724321,-4.0194842736341609,,0.3796657478474119,0.1864406779661017,False,4
0.47230163126062069,0.8617579458418686,0.18521450236674497,-0.86370726233433881,0.49440224709325159,-0.097857973921730637,-0.17590035275541474,-0.11375263006870548,0.97781358399900242,8.3639293356981241,-9.1221874559828642,-4.8078819267434438,,0.3414804539397271,0.1851851851851852,False,3
0.98252758395273998,0.1831527210370037,0.033085156017984424,-0.18304411585187597,0.98308446263989535,-0.0063080082461989539,-0.033680831699912456,0.00014174897055843768,0.99943262978713709,1.52508834184763,-16.172630756580606,-6.1817027033917462,,0.226334589948425,0.125,False,2
0.99975993796542406,0.021837184942451574,0.0017899142885895228,-0.021836685483952161,0.98636885503372118,0.16309396367291173,0.0017959973402783946,-0.1630938967995284,0.98660891705898257,7.1329432401234696,-5.7132595541152282,-4.2365482640898131,,0.4132478162823423,0.2261904761904762,False,1
-0.83593011553267527,0.5347675162564216,0.12346880376218718,-0.5394321023452372,-0.75908090413504292,-0.36442994928644779,-0.10116248763709422,-0.37124100599807552,0.92300935345239643,7.4272131940262858,-1.613595252062882,-3.5945958764569625,,0.1611332563991502,0.1643835616438356,False,4
0.9844445410331879,-0.17541934039892865,-0.0098488904939375652,0.17030706974417859,0.96652798485608804,-0.19188318447738467,0.043179249936842551,0.18722101779457162,0.98136835228718122,-16.387511624936796,10.477358447938279,-2.1035438117703658,0.2099285746018982,0.2235055348079986,0.7543859649122807,True,2
0.26268012500057569,0.96419639653918765,0.036393142630568837,-0.94345996364829943,0.26456900310250053,-0.19971614754470962,-0.20219408725883437,0.018125989578393904,0.97917771603492498,4.9692302875134997,-24.714372764333156,-7.7455204959982602,,0.3085974283021631,0.96,True,3
-0.99210311877336999,-0.12193603419562614,-0.029376951591265608,0.1237801910878152,-0.91405301400755445,-0.38624545547872713,0.020245147922808911,-0.38683160567403035,0.92192811153431853,-12.703541915896517,-22.384197879809484,-7.6602279124400257,,0.2521497793816932,0.1944444444444444,False,1
0.98402867394364024,0.17800320020345112,-0.00155870909811098,-0.17516937628953141,0.96673056447853523,-0.18640736389249984,-0.031674255588079521,0.18370322920499901,0.98247130498177804,14.007005184198626,3.4717364171070484,-2.630694213234781,0.2349464147128362,0.2081927353615109,0.9195402298850575,True,5
-0.95519439735826717,0.29496088291829803,0.024530405692433716,-0.28805734102858938,-0.90738406899247182,-0.30606718154386403,-0.068019346769256611,-0.29941982046404952,0.95169382659464619,4.1640136711756366,0.28769448923276553,-3.283701805736591,,0.1327030000747306,0.4024390243902439,False,3
0.82900794437632364,0.55899903987521016,0.016306488878215595,-0.54747455780502352,0.81717540911044018,-0.18026635654325107,-0.11409398194969034,0.1405148538901764,0.98348265827064074,9.3163564852103971,3.7640259863442536,-2.63871801675909,0.2556175744844021,0.2044013240751238,0.9565217391304348,True,5
0.9839367969051519,0.1732726058047582,0.042953274306602902,-0.16976441008838505,0.98262208364518411,-0.075059215291255893,-0.055212541721713505,0.066561586597867525,0.99625354725903092,8.4965393560193334,6.7129797350581848,-2.1250887028994039,,0.5043582753963467,0.4244604316546763,False,5
-0.30857350081608681,-0.94533532854277746,-0.10546805773798472,0.93577794041156936,-0.28181292641784594,-0.21189884554402477,0.17059320277544812,-0.1640810504376668,0.97158394802203574,2.3531335320664524,3.91050423950866,-2.7341331753656877,,0.5848443716698574,0.688622754491018,False,5
-0.24278847336659221,0.96644243287732046,0.083921279390179973,-0.94707051578018264,-0.21741153926278659,-0.23619835040754192,-0.21002665388035333,-0.13682560626414508,0.96807414908687162,-1.5761024836639195,-16.635305669732482,-6.3515778005433923,,0.2121699041916374,0.2121212121212121,False,3
0.94919809337005068,-0.3143913302514581,-0.013456262682507079,0.30621276126266889,0.93266763853103196,-0.19069562364365317,0.072503271530006644,0.17688744302428192,0.98155698159494498,-2.5547344594088122,2.8541469582699768,-3.0290503485820666,,0.3190514873781755,0.963963963963964,False,5
-0.81512055603025502,-0.57214613035765793,-0.090704380565038392,0.57324363806547274,-0.77409559425376329,-0.26864054491899769,0.083487786857664184,-0.27097013945022169,0.95896036048000333,11.349689766106172,-4.3556885392835483,-3.8642066338072336,,0.1390521257588294,0.3529411764705883,False,2
0.9931516566457621,-0.11641683745265363,-0.0098441281635839161,0.11261443131656548,0.97632841103335655,-0.18466408331976272,0.03110911057914071,0.18229084937704401,0.98275239479350596,4.4633336423759733,-6.0582346845824393,-4.3475860708270835,0.3046277726363408,0.2628857687606977,0.9858407079646018,True,4
0.9386614792111635,0.34481573319507786,0.0040911595242307574,-0.337975248421021,0.92226618934008364,-0.18761078714954438,-0.068464289230670453,0.17472030832523006,0.98223492859848827,13.803841469909113,0.99839534723735035,-3.0146037229018718,0.1537664455451207,0.1842439145449237,0.9285714285714286,True,5
0.95224187500175461,-0.30492790148283061,-0.015949494989489374,0.29731467330175537,0.93783410524552702,-0.17908427088326892,0.06956577127160378,0.16578952299707811,0.98370444622955133,-15.179458942833188,13.270536361134203,-1.5452787537534665,0.3495970770688143,0.3172038075144925,0.9230769230769231,True,5
0.66891349479758189,0.73082982826155884,0.13580316123296296,-0.73156057945833053,0.67962918268237693,-0.054067482178072918,-0.13180992018917756,-0.063181770865218728,0.989259424402951,-0.6780522888534527,9.4364817578510394,-1.9108610492768967,,0.3448091171519047,0.4523809523809524,False,5
-0.78094484428419775,-0.62179266031589508,-0.059152664886807975,0.61251665900332664,-0.74385650775353851,-0.26739640670007431,0.12226402835393393,-0.24505383786015472,0.9617692675068571,-21.837667594121086,-13.029638592965231,-6.1455764909800559,,0.128055795884258,0.3636363636363636,True,3
-0.89414815033060557,0.44727254857054649,0.021127057427980128,-0.42360471370612718,-0.82965723556206372,-0.36363156904408711,-0.14511420256579649,-0.33409001597581867,0.93130324247205876,-5.2361591562959759,-13.003371189750535,-5.7886472895663115,,0.2337344691379467,0.1904761904761905,False,2
-0.85507000594008575,-0.50340163494030332,-0.12426616144812598,0.5078078869722692,-0.76456584635898395,-0.39695115128958897,0.10481619564924612,-0.40252436015824034,0.9093886433251841,-0.15152792953298094,-13.845957720033116,-5.7988165771033797,,0.2821209239897799,0.3,False,3
0.98761534193937761,-0.15598601640516552,-0.016861169947967079,0.15092633358427596,0.97390330611430898,-0.16950985862311166,0.042862316745302352,0.16486574242597191,0.9853842442304217,-28.085682303235298,-2.8781268204414419,-4.4548183404895774,0.3312561999565073,0.2440491967647407,0.8421052631578947,True,3
-0.93056760848298159,-0.36116247764660292,-0.060046571779178888,0.35135002429333095,-0.83481990215667756,-0.4238264873650443,0.10294215109147793,-0.41549656521237754,0.90375080515890915,-1.7894143825759043,8.5048136909987768,-2.0590492330302523,,0.2971848609673011,0.2580645161290323,False,4
0.30838144164932152,-0.92089564828353321,-0.23843676608010128,0.93715184607966406,0.33712143256362648,-0.089975313812875629,0.16324001909998451,-0.19570473851876724,0.96698105022049785,-0.1017960585196002,12.764755335442445,-1.2992578026554564,,0.3972305279240738,0.2127659574468085,False,6
0.99516378093425306,-0.097873249898847992,-0.0083591908030022626,0.094846672061208337,0.97954658439159303,-0.17746153894767863,0.025556954348218777,0.17581045464079353,0.98409223456109118,12.129787836161745,13.414159593068783,-0.93705011799570115,,0.2427086332691728,0.8918918918918919,True,3
0.70064377582542825,0.70680171870042841,0.097619822982884796,-0.69432526898103031,0.70690649892237001,-0.13489115106536681,-0.16434938470073282,0.026730735557404794,0.98603993201343176,11.143813093449232,-3.1178618704947274,-3.6708745421294515,0.1900080529471647,0.2037607938708447,0.5172413793103449,True,6
0.47453058005986021,0.86482623997726149,0.16400092449387663,-0.86460904767972602,0.49289768148639185,-0.097483692255156768,-0.16514213047678417,-0.095537690113028748,0.98163161446107527,8.0636397859512741,0.07967629997748682,-3.2842077101832783,,0.2588800212632575,0.4153846153846154,False,5
0.35436523735780129,-0.92808157325069018,-0.11441097825327846,0.90965087361216979,0.37048236102024701,-0.18782467438938677,0.21670386865251154,-0.03751551099727099,0.97551628369066612,-7.7176516909714108,-3.4392882160833125,-4.1334845656420534,,0.2864424167184647,0.5101214574898786,False,6
0.43755645149461725,0.898556595378601,0.033769759505444051,-0.87944170317582604,0.43547219680415655,-0.19221409034137979,-0.18742102995832885,0.054405980481734215,0.9807718117978208,8.7294320561587284,-8.3583488392804401,-4.6327809207450743,0.2346839841304231,0.1595798367595715,0.8522727272727273,True,5
0.99149812343748545,-0.12967786225715361,-0.010729550799538851,0.1252965091602074,0.97373039969395447,-0.19013125335966824,0.035103504272526613,0.18717040565288881,0.98170004748676776,-9.7906998903350519,6.4509844079052492,-2.5221519056155626,0.3160898190902389,0.2556622903376493,0.9578313253012049,True,5
0.8994218754984018,0.43652397610170574,0.022070527028026019,-0.42841420928451057,0.89046772167082966,-0.1533900320929947,-0.086611518622323053,0.12850702296263719,0.98791922235130925,6.7204435286786071,7.5417269836499976,-1.9829472393559864,0.2074953083302944,0.2324924124431416,0.6857142857142857,True,5
0.99652969624983589,0.078167895096933129,0.02860672418022036,-0.076563130549476444,0.99563117816398505,-0.053447582810243532,-0.032659631545260741,0.051071883105176935,0.99816081430970705,-13.771203938905385,4.6701770506289337,-2.9440962805940578,,0.2047000690135723,0.3513513513513514,False,6
0.96846151098865885,-0.24820450622983262,-0.021836318846604166,0.24173476028687313,0.95721308027303542,-0.15908307459707074,0.060387146004871689,0.14878723749506892,0.9870236828749217,-18.64163066102476,3.4559390190531221,-3.223725059034289,0.3876783252345369,0.2371354119686351,0.8767123287671232,True,4
0.41370116487691605,-0.88775832481536177,-0.20183285882260679,0.88522350623866652,0.44403365661477001,-0.13861261052241547,0.21267508124367837,-0.12132299252136819,0.96956177797170617,3.9434233549090703,23.50149894731895,0.48074945978092903,,0.2640955717263186,0.4,False,5
0.52518018858079984,0.81661716707365162,0.23942049194427778,-0.83442159104554059,0.54940234578882186,-0.043562263930714745,-0.16711187246651479,-0.17689958983091081,0.96993822339280544,3.0880250431353398,1.6134403243045687,-3.0911501664148719,,0.2918659804243839,0.1762295081967213,False,4
0.16306564551390193,0.98104453816373105,0.10469579452990047,-0.96681795603506471,0.18004258387296326,-0.18123936625503909,-0.19665359173255823,-0.071667859821956892,0.9778502353260573,8.6700234411618418,-3.4282997003763755,-3.8257307371018765,,0.1530484425154723,0.3157894736842105,False,5
0.99866804019154032,-0.050849270318719157,0.0087462682350740052,0.051570996682296984,0.98901329345379796,-0.13853930010240642,-0.0016055532319274347,0.13880582509291151,0.99031831504778989,8.9202376748665522,-23.805183294049588,-7.503866705946141,0.4590963192027211,0.2811484416305971,0.25,True,5
-0.58245005780409731,-0.81147182282343888,-0.047596333131971189,0.79536159259566452,-0.55684314584395478,-0.23942775100287952,0.16778518166897938,-0.17731100273309058,0.96974684383198384,0.62701105565520399,-11.533063416702477,-5.4210931274353324,,0.6399969144742689,0.6046511627906976,False,1
0.49946440419680971,-0.86007183377659935,-0.10397956378291,0.84515614056435284,0.51010832848099263,-0.15968904558765479,0.1903848917500921,-0.0081199728131340406,0.98167594400332558,4.6811853126472327,7.4370088098287113,-2.0809177066311517,,0.1476992782507376,0.2173913043478261,False,5
0.242541443349818,0.9298611885456517,0.27664384738189163,-0.96584186301415642,0.25825708499400857,-0.021278479732850714,-0.091231266061207794,-0.26203329576003459,0.96073690883925322,-7.0310787548241516,15.980343388734815,-1.0299570596383625,,0.6227245790515652,0.65,False,2
0.99777327611099731,-0.066174466240968288,-0.0083324364054038272,0.063562784509833159,0.98128324566870195,-0.18177723783591354,0.020205491928771864,0.18084283725826888,0.98330443216142127,17.000233347344935,-28.975471149940432,-8.3504183433583687,,0.2882110132586931,0.7575757575757576,False,1
0.96824364280990705,-0.24578377198614099,-0.045766642726624077,0.24301372973738022,0.96824918812864402,-0.058633069571272511,0.058724571665780705,0.045649174324260411,0.99722995220068722,12.903910579225339,-10.464468100202318,-4.8959255644898532,,0.2429886592985834,0.1666666666666667,False,1
0.9751858860390773,-0.18013266463801922,-0.12870396575314139,0.17909662707917084,0.98363473647487731,-0.019674942664788919,0.13014179128567158,-0.0038637197627705488,0.9914878646915205,7.5174644232787378,23.026893649579911,0.49277872454660016,,0.1978933290556877,0.3125,False,2
0.9892010913942223,0.14616396038233456,0.010830395645108687,-0.14437951478603592,0.98450135700322416,-0.099557188434375915,-0.025214212155590044,0.09691839218724338,0.99497289850588966,5.1213757937811888,11.104755595557858,-1.4355898936534515,,0.1072081540017324,0.1052631578947368,False,3
0.96579612907752665,0.25917787843062579,0.0080414172299167509,-0.25609278750430609,0.95824651686574591,-0.1272010106207509,-0.04067334811814962,0.12079089471837601,0.99184436203771131,-13.982205595649194,3.4967011491175093,-3.1005328287056666,0.4207559037407517,0.1535380402195002,0.1333333333333333,True,4
0.46332724167720196,-0.88290549633514548,-0.076195483205939468,0.86415785884155705,0.46918843649581482,-0.18191593130066669,0.19636461524972315,0.018441681046034782,0.98035750738086613,-22.905602114362569,-9.7751731684063117,-5.5436042079140746,,0.2637739831957233,0.6363636363636364,False,2
0.79394520818624548,0.59392248142571458,0.13002727581250326,-0.58624214243609263,0.80452201903945864,-0.095207517101396674,-0.16115569127411833,-0.00063791676148668565,0.98692878984867305,5.5014565903546266,7.1831602402432235,-2.0923713361764276,,0.2452724994460374,0.1707317073170732,False,5
-0.70171437920247548,0.69930250816882689,0.13628254506455509,-0.69567938964621989,-0.6312668636093629,-0.3428298903687671,-0.15371114742251935,-0.33537762146211525,0.92945937736969797,19.409339121731346,11.715538866187364,-1.1966222346206858,,0.3337404639102131,0.3684210526315789,False,3
0.7850060014521858,-0.61401924097257066,-0.082133728756946911,0.60582355095739215,0.78860662487572475,-0.10524930549649558,0.12939630129732257,0.032862789254518694,0.99104825023456167,-10.799916116089635,18.269680396356851,-0.74951553726279141,,0.1699980529872349,0.35,False,4
0.74302049039729767,-0.66684172812826914,-0.056944362992868598,0.66193607016742118,0.74477532566178273,-0.084559761687800092,0.098798734106623751,0.025136107739461355,0.99478992064990268,-24.719700844875177,-13.428593855271336,-6.2989792918846561,,0.1572784403851086,0.1904761904761905,False,2
-0.43471140005901809,0.89339667172879078,0.1134389069175414,-0.87998795070125846,-0.39461686953436703,-0.26438368501005399,-0.1914345979161747,-0.21475547309164111,0.95772275816013541,15.26266664919841,-7.7235285637664672,-4.4292146782626416,,0.1596655767954174,0.2758620689655172,False,3
-0.90720850903116657,-0.40715159461443451,-0.10583147048195017,0.41240021075571598,-0.8110774868798053,-0.41482451283088545,0.08305893877295642,-0.41997724852623103,0.90372580100949174,-14.1403369584238,-21.666628017362026,-7.5135247408903458,,0.3180512186444424,0.1282051282051282,False,1
0.043378139128559874,-0.95699512421175281,-0.28684258623969144,0.97987749168723959,0.096744696733636726,-0.17458684068004712,0.19482925429839021,-0.27349734164859474,0.94193458678439279,2.1882471959364671,-12.433347459980084,-5.5586664403838837,,0.2998420511616178,0.171875,False,2
0.24582063233637402,0.96784354005988404,0.053395680369271725,-0.94722959585576161,0.25154696201923082,-0.19869629748394066,-0.20573844913548908,-0.0017343192462300908,0.97860547856839464,6.7361139286591731,-0.38861197880243348,-3.3609312891592267,,0.1139229099944919,0.3695652173913043,False,2
0.96451691353943581,-0.26358869541430952,-0.015103746096347299,0.25719430501233342,0.95096361584328215,-0.17181178891884386,0.059650758298478115,0.1618307788773595,0.98501400296765507,1.9499423294104388,20.957712177830729,0.008963182758939545,,0.2573186426288003,0.5789473684210527,False,2
-0.99143149720258761,0.13060782978376326,-0.0022762147991505911,-0.12621142358343035,-0.96226051782569622,-0.24109204132626905,-0.033678819927074562,-0.23873895918554847,0.97049958601501807,12.475839605161708,-6.1568429628841539,-4.2084981317118828,,0.0833814533022853,0.4736842105263158,False,1
0.999374589281529,0.035317433168831992,-0.0017632959877682481,-0.035343674775244305,0.996050623566616,-0.081449247669560992,-0.0011202462930722549,0.081460629796981238,0.9966759307023132,6.9139006511986016,26.744930215741885,1.125545225362502,,0.1709985099330055,0.2222222222222222,False,1
0.37129504921462969,0.92425324181031887,0.08885905374143345,-0.90813163287358412,0.38141964699544745,-0.17267307335026824,-0.19348623672774337,-0.016583060302180222,0.98096283227650927,12.679031791793806,3.9251317114020532,-2.5362652065938742,,0.1837371893897944,0.1333333333333333,False,1
0.80138355990294452,0.59808542970174194,0.0088435680449619018,-0.58605595287310397,0.78805158300211464,-0.18844925744045452,-0.11967794291046759,0.14583731109130973,0.98204310937675976,-3.0785015234408628,19.697006474005331,-0.33855209599395203,,0.2026294983628294,0.825,False,3
0.95302429779658737,0.29902074130762929,0.048283372677945587,-0.29501326395928468,0.95248495713836956,-0.075760019226557895,-0.068643003266254499,0.057956903755763012,0.9959563923232958,5.5318995987972217,13.080932082196576,-1.0737798008350976,,0.1909386006339413,0.3333333333333333,False,4
-0.88407172924201527,-0.46640776745407303,-0.02968117271166806,0.45799535413692782,-0.85198041657474577,-0.25371169733008514,0.093045328437394575,-0.23789317819481498,0.96682439078891003,-11.233144633595034,-23.521641690257521,-7.8343322957242281,,0.1688277971417417,0.55,False,1
0.99948485528658526,-0.031342649878151427,-0.006903792535289271,0.029401951302872494,0.98045152781615252,-0.19455160462601329,0.012866596765975815,0.19424839742347605,0.98086798846025847,11.410296954629585,-12.090614016782817,-5.2127226738602452,,0.133410972050189,0.4137931034482759,True,2
0.95578057212264345,-0.29237471220395123,-0.031631086237573526,0.28549017653881292,0.94828529503179337,-0.13874566056746249,0.070561016522932493,0.12358004244262413,0.989822770023568,-15.653587308920139,-18.70807123296542,-7.0183182664707715,,0.1124674627121543,0.2173913043478261,True,2
0.97955494551960953,-0.20053527790657494,-0.016053380423032823,0.1955611989948656,0.96789771505370847,-0.157891832092418,0.047200912658172764,0.15152430665983097,0.98732591292616867,-7.876821822373155,-2.542754096815302,-4.0134006248177174,,0.348768951434033,0.188034188034188,False,2
0.64111625539652495,0.76399644274491474,0.072659359613572894,-0.74686256006545182,0.6428993800308529,-0.16993146715198171,-0.17653969366354311,0.054679270560806764,0.98277358223149303,21.215610960317854,-2.1524463755167291,-3.5855375317562697,0.269155551658815,0.1232527595887382,0.1481481481481481,True,2
0.38848867302510698,0.89418387749341122,0.2225123460890214,-0.90705503069582416,0.41362290297313992,-0.078531938887758487,-0.16225819615843645,-0.17132217418338297,0.97176179715632449,12.17275759162708,5.9377635012142944,-2.2337561541380353,,0.6329736163970203,0.1627906976744186,False,2
-0.77335390505471202,-0.62700765470963526,-0.093729069515008354,0.62073789515215383,-0.71883274256510377,-0.31299193877543263,0.12887281737705714,-0.30023472342794244,0.94511952037265934,0.59437068109146884,20.908570975355612,-0.0030273438721613558,,0.1701855608568683,0.4444444444444444,False,1
0.29591340058564786,-0.94932932001240156,-0.1058730443438273,0.93333714879746565,0.31094016233698801,-0.17943796175967347,0.20326589981710289,-0.045717147883913047,0.97805568162600265,6.3555571763504748,9.6262478714685251,-1.6379519116270922,,0.1558210401680224,0.1428571428571428,False,1
0.48553553577844211,0.87420887716996898,0.0037526755206658152,-0.854429168240321,0.47544928528882091,-0.20952034168190586,-0.18494874954022855,0.098523175931208157,0.97779708725682646,15.041564476075333,-2.1282864582096828,-3.5571183768888606,0.1138223461126193,0.115086331183595,0.7586206896551724,True,2
