axis_00,axis_01,axis_02,axis_10,axis_11,axis_12,axis_20,axis_21,axis_22,location_x,location_y,location_z,dbh,dbh_approximation,score,reconstructed,number_clusters
0.91595437164050486,-0.40059986249492407,0.023395282466680812,0.40101906336581439,0.91168431194902066,-0.089528912443107067,0.014536158015539917,0.091386353002450904,0.99570941272795976,-11.8410260268775,4.1342112638761161,-2.3688024894631194,,0.26224631767815,1.0,True,5
0.83611185602760363,-0.54836834708235171,-0.01446098642016725,0.54763571573968506,0.83594335317327073,-0.035969892016935907,0.031813315708325546,0.022155500526882612,0.99924824079907437,5.4454232461604501,-1.3277815634069499,-3.3423022749960212,,0.5727542710743435,0.7040280210157618,False,7
0.38166965632771055,0.92019548603766355,0.086997361538124679,-0.91524942865923475,0.38939363105393671,-0.10339769549450464,-0.12902231116218249,-0.040160522538164663,0.99082812619133409,15.10113247741187,2.9518596143572062,-3.3277659978253959,0.209616977582832,0.2115072060660415,0.5873015873015873,True,6
0.95025914589464089,0.30624894071021092,0.05673748282627479,-0.3028731857490109,0.95107900312826743,-0.060963621634434778,-0.072631873153824342,0.040746976850008387,0.9965261134961555,-13.711436147391288,-12.053508069077735,-3.5543529846192734,,0.3193100683537631,1.0,True,5
-0.955483979370369,-0.29502719833593999,-0.0030524430562311675,0.28689891755987196,-0.92664603021053737,-0.2429323893556114,0.068843127976141408,-0.23299374870819725,0.97003842026662168,-0.64594903259856529,-6.2582039806039012,-3.4748402433595449,,0.1570849502314955,0.2,False,5
-0.92879218428252042,-0.36975088431837105,0.025087087544936753,0.36344558097068658,-0.92200796516878947,-0.13344894843417837,0.072473361234212538,-0.11482854919875393,0.9907381168605176,16.512428287598802,10.362606322097912,-2.8536851257177731,,0.2169861622124303,0.9142857142857143,False,1
0.97696811384573512,0.20886896833419355,0.04366988202088732,-0.20547647413622089,0.97604731500910902,-0.071491659933572399,-0.057556260348075844,0.06087193877740623,0.99648476353842241,4.6241481242031037,5.7262279157906804,-2.9532558985465975,,0.1776059703826332,0.6421568627450981,False,5
0.72746733501270899,0.68404170067221648,0.053649121437096367,-0.67880882018083166,0.72888997067058836,-0.089095433668281682,-0.10004929851936789,0.02839652086601286,0.99457718426901986,9.6727043438408078,-6.3840848521475211,-3.7512990540770739,0.1541928767277893,0.2016117144680549,0.8888888888888888,True,5
0.94810848477814336,0.30649319664358743,0.084570807628209177,-0.310606018629906,0.9496791314918277,0.040415942396603954,-0.067927919757421906,-0.064586899756238617,0.99559747393075781,3.20063385899843,-6.4949084407571132,-3.6535430356892546,,0.4228961936018861,0.1959459459459459,False,5
-0.76757099079899127,0.63336708116158791,0.0983916387946914,-0.63810485178258469,-0.7406075226896095,-0.21052955960407274,-0.060472904803558894,-0.22438056474750556,0.97262345743263345,6.0344260240712613,-4.7617054323600634,-3.5423958266188253,,0.1587263836960378,0.2894736842105263,False,3
-0.65627513808367022,-0.74842270127637611,-0.095741335625891155,0.74881469116436905,-0.63046946268707349,-0.20441334329118716,0.092625598133927234,-0.20584391376293473,0.97419134759917003,3.518403807809436,-1.5880294391702041,-3.2863759529671284,,0.3262333572356574,0.4387096774193548,False,6
0.84169316774034841,0.53687423494497555,0.057607874734824392,-0.53257856090937206,0.84303071975129362,-0.075228199601720419,-0.088953290208503011,0.032638342602855142,0.99550090444620842,-2.3062707906673068,-6.8686683648692339,-3.49629430534279,,0.2829633983941136,0.9981818181818182,True,5
0.29005175511290143,0.94950145577529133,0.11965351995042772,-0.95298312467016921,0.2980235031664073,-0.054819300016529654,-0.087710566352095454,-0.098127351136287955,0.99130110436192365,4.0667824227710225,14.151099437105792,-2.3543591819664464,,0.262537255349393,0.987012987012987,False,5
-0.094218281422617331,-0.9712509792694316,-0.2186194198005742,0.98702875862566364,-0.062458934312525631,-0.14789560903024088,0.12998901911950386,-0.22971812465000413,0.96453742183268121,-5.6839444732808468,12.800263906832983,-2.0990962528492259,,0.2921504855262418,0.25,False,4
-0.24786396056004079,0.94201445608074308,0.22621277945861323,-0.96387152416438215,-0.21627699649846482,-0.15548615916097611,-0.097545589139232336,-0.25657947174414336,0.96158818249756739,0.61772861462321993,-6.322471566536783,-3.5100463166478244,,0.5500338399992076,0.3363636363636364,False,5
0.65529593597046654,0.7342156447324264,0.17752358528020659,-0.74477849164390109,0.66723116243464953,-0.010371801229418151,-0.12606440689277262,-0.12541914888187844,0.98406188952144646,-10.741263766936878,-15.044544958131208,-3.8794026450946313,,0.1983653953850366,0.1333333333333333,False,2
-0.87099271662416866,0.48589919731357561,0.072619953440306334,-0.49011389657577864,-0.84910530687104191,-0.19699884828784975,-0.034059594403872955,-0.20717661039184695,0.97771048687000739,0.78218276914370577,-15.911837510784752,-4.197560832929466,,0.1365658858200268,0.2682926829268293,False,4
0.37018409003617975,0.92733519785058027,0.054892352031134239,-0.92203659911185809,0.37398375815678203,-0.099923263223172326,-0.11319120717760482,-0.013622755314322207,0.99347982926445055,2.8123169055746917,-3.3401981636703404,-3.4257979145816151,,0.0764976263297761,0.2328767123287671,False,5
0.82260171191627318,-0.56852123523856901,0.010489453523815209,0.56736400647317653,0.81942347893692058,-0.08150611219791587,0.037742651087620732,0.072998405802631408,0.99661764234793293,-13.128205170665368,-0.19542316182770059,-2.6728727916692718,,0.3683155542144023,0.9247311827956989,True,5
-0.95112995960817948,-0.30859003807892987,-0.011135004902906039,0.30049357923539705,-0.91666780116378266,-0.26348387265230411,0.071101397834663599,-0.25395340263127048,0.9645995337537524,3.780016788479216,-15.459543469708741,-4.2443922219099548,0.7392705153003203,0.340026764668743,0.3461538461538461,True,4
0.63879989519785563,0.76699022146171392,0.06050366994918057,-0.76185414353936554,0.64156550596436379,-0.089285864102829279,-0.10729845230527643,0.010940828981415913,0.99416665624737732,9.2735245888182742,-17.615834234356104,-4.6702181592375727,0.1875962540420535,0.1820450842802199,0.2380952380952381,True,4
0.80982065903696376,0.57938855683715296,0.09219219274482246,-0.576530639023491,0.81502692756788897,-0.057823261810550169,-0.10864125581059081,-0.006325151809062738,0.99406089853212198,-1.2364846492098862,-3.2986345942764421,-3.245348053995011,,0.143809715871679,0.5833333333333334,False,6
0.94992244056934694,0.31028329339322458,0.037035587531869897,-0.30575315799101571,0.94737470511996569,-0.094848165387528008,-0.064516379945697311,0.078774652902523695,0.99480258884805395,4.9691932478705079,-7.9960567502726416,-3.7800367306172782,0.1807186460407127,0.1738663301071502,0.8592233009708737,True,5
0.75066408349690927,-0.66061352671416762,0.0096541219183929952,0.65872173764186781,0.74722921324622404,-0.087944159723698387,0.050883259583322515,0.072375902023386118,0.9960786227504721,19.494470643445617,-5.2168686497265773,-4.1918664663702279,,0.0873478852798259,0.2631578947368421,False,1
0.36699147914142949,0.85780010332333612,0.35985585583127722,-0.92436585105628022,0.37963536338923798,0.037746049665115786,-0.10423544329346793,-0.34649094303141098,0.9322440660892507,-1.2869038616757036,-4.6404921905056948,-3.333647227325311,,0.3237899610983389,0.2350230414746544,False,4
0.98115851679786481,0.18685860950703168,0.049110334636537363,-0.1853627366938862,0.9821000699881367,-0.033468020178225373,-0.054485050797140611,0.023734207010047456,0.99823247124967707,4.7013857701439417,-5.6501147044205897,-3.594562428628052,,0.08685622123248567,0.1756756756756757,False,3
-0.75008524790228659,0.65370071785470352,0.10023718050508795,-0.65636008503993082,-0.7172681123892295,-0.23391856214495899,-0.081015798741596923,-0.24125054699593068,0.96707528865565795,8.7148016175863425,-5.4998019613214408,-3.6596627161164568,,0.1815094168835352,0.2790697674418605,False,4
0.98659362063799882,-0.16165424507186113,0.022381527352976657,0.16262083055711654,0.98533228858121713,-0.051717951895013207,-0.013692815098400403,0.054664303979360791,0.99841089771953784,1.6467571014148854,-4.7185731193354412,-3.5075398727010056,,0.175306040165559,0.7318548387096774,True,4
0.90953607401466252,0.4126166571671499,0.049916172671800922,-0.40782152167938163,0.90916284937696801,-0.084288313352837929,-0.08016069187019248,0.056306372116833245,0.99519036165847818,15.313120650245148,-3.4503539691324496,-3.8058483747398348,0.1838228140548462,0.1999161958681006,0.9710144927536232,True,4
0.83398320672681459,-0.55177629909930903,-0.0038635022878926728,0.55063459636347967,0.83266961432131448,-0.058846025130165673,0.03568686292301685,0.046949218718339132,0.99825959483315296,-13.214023415638099,-6.136826490681508,-3.15383811115974,,0.2660615474768155,0.4285714285714285,True,5
0.66297800911200477,0.74655030223231178,0.055882069313221011,-0.74088084802824505,0.66499556424270889,-0.094215012404981008,-0.10749757419975506,0.021060526450364783,0.99398225626356262,4.127621531214575,-0.12725231691680278,-3.1982794202671316,0.2359320815976337,0.2189528835319285,0.8565573770491803,True,5
0.62906259566735934,0.77542042966925806,0.054803357413471747,-0.76964262198302125,0.6311780319586846,-0.096252409839248709,-0.10922676027121517,0.018369791079539212,0.99384710374199403,-2.7268862796654294,3.2321146039231325,-2.796964385133978,,0.2403628360877952,0.9773584905660377,False,5
0.085839675238649882,-0.98407431653768118,-0.15565760400898954,0.98973529515613645,0.1021437813756043,-0.09995345641091552,0.11426108557649517,-0.14547985240984065,0.98274107315492432,-15.475681547550382,-6.6501857198322876,-3.1571303673810909,,0.2373115048908061,0.5454545454545454,False,5
0.74613323480797888,0.66159171779158266,0.07471007204228243,-0.65789083748516231,0.7498580989843856,-0.069946246079352681,-0.10229780969332418,0.0030381469853883181,0.99474917833333343,-19.190972924718839,-1.5383783177845678,-2.6169723634342197,,0.2686538615079027,0.9230769230769231,True,5
0.77450469706140768,0.62520315156139905,0.096247044149481015,-0.62446047376641667,0.77995832092054274,-0.041402105384033751,-0.10095340971576958,-0.028036349700036572,0.99449603928937691,3.0329165976829042,-9.5679584198316796,-3.7992988953316051,0.5184434448428635,0.2525578949762389,0.2413793103448276,True,5
0.23580785497572399,-0.97157713433732018,0.020797297051074675,0.96648862270113922,0.23223104467164246,-0.10940056709164776,0.10146131144926324,0.045897864041808845,0.99378015091638694,8.7896700129046721,-12.102327172345795,-4.2188476200558025,0.1442681039330148,0.1291141407213494,0.8850574712643678,True,5
-0.31194309137737547,-0.94871289039298135,-0.051335751130383155,0.94241820242296426,-0.30211137792898335,-0.14344562408006334,0.12057959812420253,-0.093126617720420246,0.98832585395109407,3.4661449915022491,-6.4023741471834192,-3.6384517262403606,,0.1042156557824735,0.1910112359550562,False,2
0.90155421651811618,0.42873376577895206,0.058200968715351381,-0.42378953811466036,0.90214018297996557,-0.080904373413540592,-0.087191869248052098,0.048274717336029088,0.99502117042963367,13.930759020089242,-4.5767942579879302,-3.8798030382004565,0.167296050093112,0.1160681737336911,0.3454545454545455,True,5
0.7759184833763173,-0.62385868565425628,-0.09354596457752884,0.63083014931443127,0.76687619488210335,0.11812800023313255,-0.0019570056026164198,-0.1506693135873744,0.9885822818927017,-3.5083045200648004,3.2932202621193851,-2.7290264436914904,,0.3418250544346748,0.4317460317460318,False,7
-0.51437545482898239,-0.85662976939606883,-0.04004159904292616,0.84986366575686623,-0.5029565012885947,-0.15737378256188794,0.11467188450434632,-0.11497911112881634,0.98672699512491702,-1.1252056458342663,-2.2032607221134777,-3.1674322197927571,,0.6257390453557267,0.5571507454445058,False,1
0.98277880995029299,-0.18289775796137744,0.026348070999329717,0.17887689758357977,0.97740129262584641,0.11264887342621958,-0.046355865039473004,-0.1059958645703894,0.99328546272983198,2.3457058807098168,14.798362446761912,-2.2880138570755122,,0.3397451568169503,0.4054054054054054,False,4
0.09321441730303584,-0.96821220500200733,-0.23211246948840616,0.9894807530138342,0.11598828749544987,-0.086455517921345176,0.11062961548351624,-0.2216119203676184,0.96883912231543656,-12.860170527682875,-5.2353858630156909,-3.1110771778300985,,0.6878169472494491,0.3636363636363636,False,1
-0.92676470674780886,-0.3743392545889549,-0.031261810575112334,0.36461985298926203,-0.87643763932641983,-0.31449869185423041,0.09033017841639282,-0.30286496470493091,0.94874299576942567,-0.5120067083596348,-11.408025255865933,-3.8410700522930528,,0.2906372526030544,0.4365079365079365,False,8
0.99948257669277973,0.01735053529188358,0.027083903201816122,-0.018053722873139475,0.99950050695995563,0.025938382316752495,-0.0266203301628684,-0.02641392647591876,0.99929658385793718,7.1176563069874463,-0.58172141560453694,-3.3329392581552848,,0.1670554962814102,0.1851851851851852,False,3
-0.82376399034246084,-0.56488271723395345,-0.04817057177833637,0.55841638738472521,-0.79378309111154222,-0.24099697625820476,0.097898041427082999,-0.22542386749364124,0.96932969285426862,-22.896148206268382,10.83801546462678,-1.6218023717267727,,0.2861428112667118,0.3461538461538461,False,2
0.57154899773818213,0.78206440230694296,0.24840896487197001,-0.81331734602984007,0.58007155192388282,0.045076482733189788,-0.10884226123825758,-0.22779873856740765,0.96760585822722311,6.5050094808703305,16.011123959644628,-2.2791766047798077,,0.315610057590123,0.2857142857142857,False,6
0.9993713563230554,0.0053529340816666701,0.035046230292757857,-0.0035798727846143921,0.9987196304311472,-0.050460720390396105,-0.035271471075951223,0.050303537531560256,0.99811095447347353,-29.663824519700931,-7.1134816129267042,-2.7604079868534535,,0.2175315247617628,0.3157894736842105,True,2
0.99905676897566797,-0.028280105655848715,0.032951600689386476,0.029175773766480468,0.99920889549292025,-0.027025125216091635,-0.032161259133091986,0.027961022726508272,0.99909150462761021,13.86153442042203,3.7069940760698872,-3.2413187299831865,0.1719193211596859,0.1770541177012272,0.7045454545454546,True,5
0.83542528333716182,0.54322731127321755,0.08347864546035004,-0.54182735954816241,0.83950929330339485,-0.040586437418198541,-0.092128759929189785,-0.011324078068694184,0.99568270892378397,4.9183244405382567,0.32686368247364261,-3.2330044974483156,,0.2939558132067588,0.562874251497006,False,5
-0.95954433410066819,0.27151012432097732,0.074544773703547215,-0.28153029414068276,-0.92889894410138441,-0.24059809876304894,0.0039197418749554874,-0.25185115453088686,0.96775804392683473,-2.4635788854658682,4.1703847853961333,-2.7628805785625121,,0.6235356251999511,0.7118997912317327,False,5
0.37319466108470162,0.91674934228979787,0.14246539351399407,-0.92383699521439822,0.38130601737276015,-0.033629263871740388,-0.085152517350372187,-0.11906453933286301,0.98922832766876778,-16.087622643953459,3.6563811839316944,-2.3376526987380171,,0.2359947229601593,0.1282051282051282,False,6
-0.9004609895385377,-0.42905019635643826,-0.071315743884350233,0.4277162727703846,-0.8437740373515541,-0.32419772346342474,0.078922723766265024,-0.32243030704007847,0.94329735543748539,-10.551486670437077,-14.784889656929312,-3.8520012051398025,,0.2796380979837952,0.3142857142857143,False,1
0.99075828324401882,0.1306503665877681,0.036448674788597923,-0.12725475508456816,0.98833842290417206,-0.083626485754572516,-0.046949456777791609,0.078215366276550638,0.99583035954247445,12.58997711522607,7.922026182180967,-2.9196604132359054,,0.2612318898346181,1.0,True,5
0.98584311656844248,0.16154261501724684,0.044914730857593017,-0.15974187312993446,0.98630001307555559,-0.041168169452851809,-0.050949813381015854,0.033410593238498397,0.99814219867506415,-5.0502123131322314,-24.317210642301973,-4.8206449077473366,,0.1909134453595266,0.5882352941176471,True,1
0.52021119991844211,0.83258196588266464,0.19023032767246389,-0.84631920387780624,0.53243740528176964,-0.01594410876949505,-0.11456051949538067,-0.15270127551456464,0.98161000801192655,6.6367946623579517,0.65331592979127273,-3.2624534147796513,,0.08703599628293854,0.34375,False,5
-0.23963216449216879,0.96797828871865477,0.074796111597505974,-0.96537401437281356,-0.22938778236768764,-0.12423468788609901,-0.10309916641040413,-0.10197684967551607,0.98942977720287983,-10.817306871437239,17.923167500910974,-1.7121454710363944,0.2314532960133194,0.2273948399376469,0.8979591836734694,True,3
0.58952978811948187,0.7566538740170532,0.28271813499452769,-0.80006092334525447,0.59515385597170412,0.075461292448185904,-0.11116270892586816,-0.27067841187837144,0.95623012370833904,6.9283832721953136,0.80545633672037731,-3.26004050113943,,0.1190030129347348,0.4117647058823529,False,4
0.95588637795617037,-0.29296735410647085,0.021245278668139803,0.29372892074243573,0.9528322455211542,-0.076380841934337168,0.0021339065858410194,0.079251759115921319,0.99685234870552142,7.008962738020613,-9.0748005877163127,-3.9056522676540064,0.177420764346917,0.147406712084419,0.88,True,5
-0.72498509080575613,-0.681620768159787,-0.098943147931687819,0.68132679890111369,-0.68866366919346345,-0.24806479764802924,0.10094756663006402,-0.24725589810206414,0.9636773887796739,2.900211858650676,-2.5729700811574614,-3.3545795057833705,,0.0934119248976471,0.282051282051282,False,4
0.512004093944607,0.85756829182667227,0.049279129836534409,-0.8512829914309481,0.51424302267640887,-0.10426592026643794,-0.11475659582062782,0.011434092972959081,0.99332783371530831,-1.1039645575093089,14.659132068605562,-2.1425276031097762,,0.236243447318051,0.8888888888888888,False,1
0.9518221170708473,0.30266820395861049,0.049260691907845093,-0.29837353995210586,0.9511740910830162,-0.079000500687322742,-0.070766433506427959,0.060496336788830665,0.99565672052365184,-9.7868078873660647,-17.604484354665406,-4.0899746089548064,,0.2875872622819343,0.9047619047619048,True,4
-0.17118214363088577,0.98196791491442781,0.080222738550525016,-0.98051490879236003,-0.1618311400269174,-0.11136065621887442,-0.096370054155037715,-0.097722547020630407,0.99053678198538175,7.132429726246114,3.4725734150368126,-3.1157600585694252,0.1452486964615396,0.1312637611543662,0.6906077348066298,True,5
0.77065934252418866,0.60287018356311495,0.20647450096988409,-0.61894479379494094,0.78524126384143089,0.017421245502307323,-0.15162954861874633,-0.1412221630314788,0.97829687756548989,2.0685688700237481,-1.6215421513178221,-3.2825712248000158,,0.6358256151145563,0.201530612244898,False,2
0.97973474399163241,0.19654539324273593,0.038597147701738783,-0.19336009914281585,0.97834863150213247,-0.073795848781525106,-0.052265700752328101,0.064837208707374569,0.99652618274278426,-5.1577974497749537,5.5358635402848,-2.5492435533021944,,0.2632893774382573,0.6736401673640168,False,5
0.99666872773765447,0.074626240350545658,0.032899413383033344,-0.071396884780796976,0.99335147421459036,-0.090306885226417014,-0.039419944107047147,0.087657132777899202,0.9953704310857111,-4.087880371199641,20.20671385603335,-1.8045409739362195,0.3151353418682123,0.2977888879747116,1.0,True,4
-0.35364734151012467,0.92572471903067055,0.13404216656860379,-0.9324189850921113,-0.33749871012855703,-0.12918768091948779,-0.074353171301675847,-0.1706703408244806,0.98251882459331907,-0.55286310106167669,7.4620878149975276,-2.6034029018197922,,0.2293008737520711,0.1964285714285714,False,5
0.91692338102956905,0.39585526106598307,0.050498768377910272,-0.39127896840842835,0.91668240364359321,-0.081204308576823078,-0.078436485149064816,0.054699023177624137,0.99541736706814299,16.279327047165367,-8.582125426932171,-4.3146385319959437,,0.1669942558133473,0.6744186046511628,False,6
-0.15014002100512594,0.98589593488018001,0.07394037922080321,-0.98275100322020537,-0.1406562165536106,-0.12006787419831771,-0.10797425509008889,-0.090691975011903042,0.99000834638208002,15.148969615057153,-4.9722491818200254,-3.9581190003570037,,0.07525933648025901,0.2592592592592592,False,1
0.67792764833907315,0.73142723469919946,0.0736770246259663,-0.72712605239809081,0.68191948584508943,-0.079205547461883977,-0.10817489330441699,0.00012314645752803388,0.9941318711788325,4.8990651151840217,-11.728885396054332,-4.079329424548896,0.2578279183223345,0.2037432098561573,0.7454545454545455,True,5
-0.12512168572328189,-0.9763947086855328,-0.17606230889278507,0.98451953315195873,-0.10023574404047478,-0.14378485476190456,0.1227430348492892,-0.1913273855660674,0.97382132803119492,4.1632725199967719,4.4859893370264112,-3.0068524701072628,0.5657327068673262,0.2308859206655092,0.3493975903614458,True,6
-0.16532594416380314,0.98285369943208711,0.081645193973730296,-0.98079003838294898,-0.15515801120482978,-0.11822390692129744,-0.10352889835751532,-0.099622271965775319,0.98962476228783636,-16.759742610453721,10.099947873873619,-1.8392322157247534,0.25504276782774,0.224871022142759,0.9555555555555556,True,4
0.88683236131352117,0.45460940835367586,0.08281695939483652,-0.45117576973101592,0.89058818962536401,-0.057385549639632862,-0.099843816707448685,0.013526357090442219,0.99491117690432662,1.0121696389704575,-10.043728231103245,-3.7296620598776387,0.4480684449389504,0.2258758366814896,0.8882978723404256,True,6
-0.27242539072735744,0.93954532716131622,0.20745839268725969,-0.95667270970908558,-0.24146611413191807,-0.16270046780481712,-0.10277029232672999,-0.24279352119726355,0.96461887451973027,5.9365341262401579,-3.7340462024316698,-3.485624583265837,,0.3444891783833001,0.373134328358209,False,7
0.93252552356084073,0.35834695616922513,0.044537702139106287,-0.35383755198534966,0.93140198834687304,-0.085377531637467266,-0.072077282916292479,0.063857615894607339,0.99535273656109569,2.5278752656963119,2.9673307719619184,-2.9604598862482367,0.3467469769054723,0.2671129669227204,0.9884615384615385,True,5
-0.70021141055598357,-0.7139338698858998,-0.0015524036016869441,0.70624154667119732,-0.69234529420285673,-0.14792184203366987,0.1045316137954172,-0.10467293358314869,0.98899783553475118,5.0035820973754017,3.4886794759025563,-3.0773918086710412,,0.07916574306896494,0.2727272727272727,False,5
0.99694038153220643,-0.071315730695782856,0.031999097264564492,0.073439925908232784,0.99476749967763034,-0.071022523664755366,-0.026766638806801531,0.073155233171961251,0.99696131264284471,11.224574395531032,3.6909181192448579,-3.2389844472220788,0.3190688575688385,0.2644389422113213,0.972972972972973,True,5
-0.88182172673494408,0.46841258764640253,0.054590200518070724,-0.47090992193782616,-0.86846132279007948,-0.15497992204868333,-0.025185068566762121,-0.1623717295347519,0.986408198348524,8.9550616922338637,-0.54323600422547602,-3.3390753624627725,,0.07179539726802989,0.3571428571428572,False,5
-0.47262420483103412,0.87999513980977839,0.047274886768783456,-0.87713451264356723,-0.46454502124247993,-0.12179068095858306,-0.085213894039436036,-0.099027658510097177,0.99142932935870087,-5.0201252270739909,-15.388479972149765,-4.0661630182789379,,0.2784225608213441,0.9921875,True,5
-0.75866069957010718,0.62008300211347889,0.19982745911843927,-0.6501226148135012,-0.70074770668230479,-0.2937571059354086,-0.042125154431197007,-0.35277432172626477,0.93475972810916597,1.7122734117086444,-8.9571211187430197,-3.6947189963579881,,0.2684707613742638,0.2941176470588235,False,4
0.99664082386847019,-0.081554549336863444,0.0074782137731981141,0.080749412825266056,0.99380440597981856,0.076369725568933372,-0.013660180348417532,-0.075509324838463135,0.99705152391202301,0.25736894733367249,-12.613793423468243,-3.9293093081228081,,0.2222325969037867,0.4166666666666667,False,4
0.98489965869947449,-0.17025068563542964,0.03142238587895306,0.16829570170027119,0.98409269347192929,0.056904546781236562,-0.040610578460212099,-0.050757016222693095,0.9978850165331159,10.612768434495647,6.4923441399062822,-2.9677690233543581,0.6773220286121575,0.2100336983350277,0.2222222222222222,True,7
0.94132775329592877,0.33506456697803272,0.040420252728808649,-0.33066343130912629,0.93961165169023408,-0.088270262279111195,-0.067555577635840414,0.069725748212348213,0.99527612448330882,-5.9876711714296205,14.237342622585826,-2.033424985976215,0.3234734642725903,0.341778221213513,0.9230769230769231,True,5
-0.45728019355837995,-0.88188373614398552,-0.11478632542221831,0.87431798160594631,-0.42219477353120594,-0.23941520470395644,0.16267418854788948,-0.20983957950696158,0.96410811595620705,7.7927851067020759,-12.538576575969678,-4.2190790811420813,,0.1867479123060491,0.2857142857142857,True,4
0.99485239260736369,-0.098235253929006672,0.024870701817779055,0.099850136759637248,0.992151884068732,-0.075263464761783097,-0.017281988094170496,0.077359380971993241,0.99685347923511014,8.6414123236936113,-8.6733435032866772,-3.9087083587308782,0.1455852941677223,0.1617589793294138,0.8362068965517241,True,5
0.98018878802241793,0.19367372256101378,0.04147805473383688,-0.19001509087327109,0.97859588744952031,-0.079021226941299066,-0.05589458896499893,0.069574264324139809,0.99600964687506355,-6.6474087203044432,-8.0584743281387752,-3.4031844644663747,,0.2687759721599945,0.9920318725099602,True,5
0.91265623639812099,0.40551112985735033,0.051179270465997677,-0.40157803755956284,0.91295210406919414,-0.0724812763783899,-0.076116186934362756,0.045598017911367916,0.99605579504821262,14.547563414064488,-5.8204759876896226,-4.0058100527452547,0.1265895124816236,0.1073652710671373,0.7058823529411765,True,4
0.90574862304002068,-0.42015539806380403,-0.0555776334414586,0.42360194717271099,0.9016355524127051,0.087262368618575531,0.013447015006852352,-0.10258056396453855,0.99463380481668862,5.737454441974041,5.0157861922497258,-3.0213770199029293,,0.2612677042906206,0.3658536585365854,False,5
0.97026779780106698,0.23885942574055316,0.039071412633269076,-0.23450354661272965,0.96770445352148193,-0.092499606813970139,-0.059903982975401886,0.080587004967184406,0.99494585151861403,-9.8650870744806589,-12.721506662678784,-3.7023885624957602,,0.3031750800012619,0.9624060150375939,True,5
0.2137092401351097,0.96295024589180866,0.16448460298087983,-0.97363676172945834,0.22370018657539484,-0.044605859874077607,-0.079748460109561214,-0.15061557178139734,0.98537055600779699,2.3649089087101065,-11.250056352416822,-3.8656443318114877,,0.2134214718310382,0.2285714285714286,False,2
0.041803391169223186,0.99054648443376014,0.13065274073922584,-0.99424581630323339,0.054150746134553694,-0.092428098847634185,-0.098629271771973615,-0.12603713289737103,0.98711038282491015,7.9165513654395712,-9.17646525094389,-3.9365902397165282,,0.1215956160973666,0.3513513513513514,False,4
0.9547717113863341,0.29419067145307187,0.043160490803520253,-0.29019917525615729,0.95359387888109148,-0.080269252152732964,-0.064772045027589015,0.064113672414733508,0.9958383499305693,-2.5152037279435056,-12.425807038754856,-3.853918402513151,,0.2656337582225549,0.9903381642512077,True,5
0.77942351118767617,0.62416386942997215,0.054022720276556538,-0.61915760153112764,0.78058366254317579,-0.085632997360259658,-0.095618275837286215,0.033295793561438781,0.99486106339378788,5.3534247610949484,-4.5908300901688337,-3.5421610007627669,,0.2059076479813024,0.8095238095238095,True,5
-0.10977210550166387,-0.99380754290635287,-0.017223603460642417,0.98614836466955358,-0.10672561796580607,-0.12696867853680394,0.12434423071979261,-0.030922647562178267,0.99175717902843974,3.8682180454820152,3.7624696887310414,-3.0071532702462869,,0.1047951502067998,0.2962962962962963,False,5
-0.76586123286759866,-0.63604304470980455,-0.09437063773655692,0.6338854616693026,-0.72219112065657143,-0.27681980913421145,0.10791567761367141,-0.27182573557536432,0.95627662106949729,8.8612315895241931,-3.5509458828483331,-3.5323037360805607,,0.5532781777759447,0.4795918367346939,False,5
0.60400256512583861,0.74186423758063136,0.29123590836350433,-0.76933615099502273,0.63814015695833726,-0.029983776435798325,-0.20809321972032219,-0.20594803489253577,0.95618126881378118,2.1879084922765339,0.42854442705005114,-3.120874458867958,,0.3116616145388765,0.2172619047619048,False,4
0.99650010271784573,0.070196214309131241,0.045387628049815602,-0.066464158239004978,0.99465031258667613,-0.079077628573490849,-0.050695768589719546,0.075784214503371278,0.99583467095658185,7.4958124846894103,8.8273970867455382,-2.7002344678170056,0.3444454458704713,0.2714072862484422,0.9038461538461539,True,5
0.23131307859157535,-0.95621941569239677,-0.17927266586231264,0.96444961769557169,0.24958703993671605,-0.086851853304894727,0.12779356243314666,-0.15280948448483417,0.97995819648193472,4.4565255524379204,2.032100336074472,-3.1197059283629303,,0.2905294990095011,0.2934782608695652,False,6
0.89851465832289401,-0.43849906264032829,0.0197479326119754,0.43845927617829711,0.89450196129044246,-0.087290918088629835,0.02061242130603437,0.087090833680161434,0.99598710572818028,-6.1809614547911798,-1.623373606546493,-3.0286167299498397,0.3638689996080124,0.2944433489312858,0.9934640522875817,True,5
0.97313369353868218,0.22613111912533429,0.043307406559224638,-0.2234755339569931,0.97294210039098106,-0.058671586048295712,-0.055403070514177651,0.047417151431835315,0.99733751234358525,-4.5190365590295256,-30.942727113259515,-5.4748096139745011,,0.3098229112305848,0.9428571428571428,True,2
0.9130561434139397,-0.40669378337650991,0.030473685976001627,0.40749389451812873,0.90669422865552507,-0.10887746164018791,0.016649471598577374,0.11182907620857246,0.99358796933629667,7.0186232391753025,-5.280986287487158,-3.6027398602495468,0.2406553609598476,0.2221832369608573,0.9518518518518518,True,4
0.19933814403585715,0.97449719617635644,0.10305105034282669,-0.97214859717303426,0.20988554738520868,-0.10428404486455407,-0.12325343543626216,-0.079393146072134463,0.9891942776876177,3.0688128002905697,-7.6827044128190431,-3.7992063728153216,,0.1058992168328967,0.2714285714285714,False,4
0.058913464046357486,0.99492984264412554,0.081509582075931467,-0.99184443407083134,0.067583617762423817,-0.108060507183955,-0.11302133584757149,-0.074478606500639186,0.99079721175271385,-1.5619345854926128,-16.891263730950953,-4.2765163854861559,0.243362842537737,0.221840736023636,0.9191919191919192,True,5
-0.90440939586498803,0.41239512866145789,0.10942532854612563,-0.42666520271378544,-0.87456170793542642,-0.23043138633067056,0.00067042101121982112,-0.25509229088580865,0.96691647708904949,3.2740382858721371,-10.602765031970845,-3.892963151817034,,0.2072366274360939,0.2352941176470588,False,3
-0.07046434762882206,0.99517471701103344,0.068279267243100822,-0.99125347947341558,-0.062200860957690625,-0.11639412497187768,-0.11158546117255405,-0.07588369731458984,0.9908533440104933,12.884939065383856,-11.414573542662554,-4.3082876366606468,,0.08285113087473743,0.5555555555555556,False,1
0.99898247932021633,-0.031499437117390103,0.032276794644463869,0.034212505183312737,0.99559658351729974,-0.087275124621862682,-0.029385549174978959,0.08829059038180366,0.99566121806049934,-21.220682470286032,4.13434529873608,-2.1347371170610767,0.3029986978507772,0.2626383288508096,0.9318181818181818,True,4
0.98624074858715827,0.15653128793960777,0.053170872874249486,-0.15303200342379503,0.98611222549641886,-0.064528169465744856,-0.062533125256471617,0.055503464959116865,0.99649835605644188,-14.877849757290628,12.318067502201382,-1.7422593747653479,,0.2808929890474904,0.9868421052631579,False,5
-0.92411484914841979,-0.38125089876754831,0.025680688704359168,0.37217576901003729,-0.91327162277874596,-0.16559027745874347,0.086584886355419527,-0.14346670420697943,0.98586021435029314,14.731489488575612,6.4287148733522814,-3.1464212740767148,,0.1390793055258631,0.3478260869565217,False,3
0.96326533690959371,0.25052544519840264,0.096731029233594085,-0.25770593643130568,0.96364673052101224,0.070516870919157246,-0.075548269579865129,-0.09285461789435967,0.9928093869918746,10.117162194940573,3.7772422016511271,-3.1715126855708631,0.5316714843791475,0.4780330578416452,0.3230769230769231,True,4
0.4830518184743981,0.81886556452303028,0.31003246266634099,-0.86361782877026505,0.50393658917543493,0.014565710431087953,-0.14430934307490434,-0.27478555516731212,0.95061438668509624,11.427441993153595,5.4717568439522726,-3.0809451100895981,,0.3215389842564278,0.1095890410958904,False,2
-0.14519735120046387,-0.9828465491293602,-0.11371187303389524,0.98192248829925277,-0.12903900267489582,-0.13848163329796281,0.1214329287161121,-0.13176341166338923,0.98381525052737984,2.4919945699663253,13.084405599270239,-2.3867579032394426,,0.1959287640303706,0.2264150943396226,False,2
0.85915101096382218,-0.50842641397563215,-0.057983807495901644,0.51001439607015298,0.84151947790791037,0.17812996407902704,-0.041771475447244029,-0.18261311528331567,0.98229710066022435,-1.8239840770283002,4.4436727846316861,-2.7796113546839059,,0.3342906907646896,0.183206106870229,False,2
0.60576100582002712,0.78829970512666891,0.10787575596544846,-0.78788393391878964,0.61320503330020371,-0.056731770710502949,-0.11087159465148066,-0.050627680496975434,0.992544370528056,2.8971974122049557,-0.058283229901771372,-3.1591842240319012,,0.09754977452485417,0.1879699248120301,False,2
0.49048870401886874,0.86845103346447605,0.072205496358481266,-0.86385522278438143,0.49545700448693153,-0.090975330573643709,-0.11478233878971833,-0.017752723152258003,0.99323202501864694,-14.195611539718046,-12.945667922710651,-3.6145030424872835,,0.1929139148733777,0.5277777777777778,False,2
0.76397372259209906,-0.64229810240610441,-0.061622226787796212,0.64340817340034528,0.76551968804061565,-0.0023515152195805605,0.048683401590277509,-0.037851748542362861,0.99809677463755164,-16.80433909539029,2.596502656395383,-2.4079935813974855,,0.2455782998922105,0.1818181818181818,False,1
-0.11092012867671446,-0.99381033300576338,-0.0061438640377985063,0.98690848289757993,-0.10941729589955743,-0.11848840341073652,0.11708275466155482,-0.01920618048969009,0.99293642857529385,-25.250919164163513,-18.817801777552674,-3.8388489088641089,,0.1167544389698508,0.4285714285714285,False,1
0.88325021131703729,-0.4683726109059394,0.022274684320160956,0.46890107137242032,0.8821579895600421,-0.043921142075106105,0.00092166924973039605,0.049237981361328995,0.9987866497492125,-18.237845530919923,3.1415741910964083,-2.3206043176878048,,0.1892285558822009,0.4,False,2
0.99666887470734888,0.072877505140847121,0.036606330518552228,-0.070631697755704534,0.99573861942043163,-0.05929388726370146,-0.040771527586472386,0.056510804623005909,0.99756915123670853,9.4150152608291595,-14.405366676638881,-4.4096695315292829,0.1101033712259739,0.1553678626884359,0.9795918367346939,True,2
0.79458945547258175,0.59587522277890881,0.11644877040987446,-0.60604160227648773,0.78998655899977632,0.092923694017404718,-0.036622036561791499,-0.1444089868321175,0.98884016451607992,10.005265950495723,14.430367833106589,-2.4483541623178087,,0.2830832637287654,0.2105263157894737,False,2
0.65701458736401186,0.73260184471875067,0.17783804178403934,-0.74617799598962875,0.66558041762186881,0.014869632786358097,-0.10747199771009983,-0.14246839927851768,0.983947419791941,12.265099354805093,0.057666721326897152,-3.4413582112840695,,0.4557807925299519,0.293103448275862,False,1
0.61262857390136671,0.78863573846741808,0.05234407752102746,-0.78265129499000141,0.61454672413129352,-0.098940761620118015,-0.11019610197303251,0.019646777635158819,0.99371566518723187,14.664717153116204,-14.153546615342153,-4.6043443701439726,,0.1488315938731565,0.75,False,1
0.069686998717122181,0.88945304135099323,0.45168242100093747,-0.99078225307139633,0.11443728132996786,-0.07248886563171629,-0.1161647502840988,-0.44246739526576867,0.88922907898817549,-6.2536415394191565,21.456508241082101,-1.7064486120760001,,0.3064283624153227,0.103448275862069,False,1
0.51234505977315881,0.83658612416725464,0.19397473179991565,-0.85107945836524579,0.52480885072248984,-0.015473388512508221,-0.11474447818853031,-0.15716019551448168,0.98088448742504419,10.183146406074917,5.6277112924432782,-3.021001329524581,,0.3431800077848307,0.1428571428571428,False,1
0.99252975488366513,-0.12200249720281506,-0.00027630933468619778,0.1205200633325693,0.98011262837277513,0.15765199027771035,-0.018963122234611378,-0.15650759208577364,0.98749469548683044,8.1737786445742806,15.015751964702512,-2.3603809226629711,,0.2117161833895921,0.1818181818181818,False,1
-0.037712406824682507,-0.98997157457183371,-0.13613983954469427,0.99261247989165247,-0.021389451315758822,-0.11942761881472556,0.11531799137530208,-0.13963800668935467,0.98346478734776777,14.444414880982841,1.3438116919852447,-3.4043193338207982,,0.1435782356760066,0.1612903225806452,False,1
0.91121863098877509,0.383603786337334,0.15009577491256543,-0.40473125310297176,0.90154935509828349,0.15297507340598701,-0.076636931701632272,-0.20014218803023509,0.97676501026082485,-10.707810154492677,-12.877979253207441,-3.699803104955651,,0.5044385777705098,0.1739130434782609,False,1
-0.98481025621785767,-0.17206285480939926,0.02330521922140279,0.16578641529963564,-0.97168760227559792,-0.16833914602966438,0.051610306627792424,-0.16191842878048054,0.98545360046581909,10.756180531099348,18.349951855764381,-2.3095291818899009,,0.2666638373014268,0.625,False,1
-0.42129798793728407,-0.88621617316637691,-0.19268860832529364,0.89930759594719178,-0.38074833918704065,-0.21511985049732732,0.11727682307974679,-0.26391588929932325,0.95738944538973747,7.3367460137530207,-6.626176406836727,-3.6824162160080562,,0.4595305195721852,0.3043478260869565,False,1
0.73017239553525515,0.67077457291674714,0.13003747585469985,-0.67563913001249132,0.73717961693658962,-0.00883053617773083,-0.10178427577121196,-0.081410593300735357,0.99146975571832296,10.554643793347674,2.877604284668593,-3.2479392750523473,,0.3041849966242467,0.2,False,1
0.67904991360629019,0.72302526458885719,0.12698693475119596,-0.72640920567840905,0.68677471453600658,-0.025887398085767718,-0.10592865871403426,-0.074665642970519946,0.99156651870807244,1.4904749431065074,-7.7789896845874837,-3.633859695113101,,0.1377258614804312,0.1142857142857143,False,1
-0.69393946867014411,0.64544779183416412,0.31913188784294161,-0.71756896922495583,-0.58328935285555428,-0.38061569233385889,-0.059521325818840023,-0.49312339111195069,0.8679208102765007,8.8213580159727094,15.631595377399867,-2.326217554354892,,0.1486277771210119,0.1,False,1
