axis_00,axis_01,axis_02,axis_10,axis_11,axis_12,axis_20,axis_21,axis_22,location_x,location_y,location_z,dbh,dbh_approximation,score,reconstructed,number_clusters
0.89937588736939345,-0.4270799711774359,0.093411516621868307,0.43611621570174008,0.89134540102742421,-0.12371751076244139,-0.030424654813331502,0.15200682315719258,0.9879110618335788,3.7005139361464603,-16.517869123625264,-6.0363399113730791,,0.2791722467811556,0.953125,False,4
-0.17609687430500717,-0.98143546325278019,0.075988961894516205,0.96712173580749516,-0.18688327706275273,-0.17248243065014829,0.18348144044753775,0.043116959819612839,0.98207712975469008,2.4812640008560671,10.503657616789734,-0.87503173162033676,,0.2784497910863279,0.9240506329113924,False,5
-0.37356118722307152,0.80142233455586398,0.46709129843695329,-0.92305159944841875,-0.27132608085059079,-0.27268645475339504,-0.091802963765915485,-0.53301444588799696,0.84111106063260554,-4.2558538469590221,7.2292426325681829,-0.94862594862127836,,0.4578829794993595,0.2486772486772487,False,2
-0.326828845539405,-0.94354132427111859,0.053969205257110311,0.93214539075847869,-0.33124527908722412,-0.14622426464219643,0.15584568075857569,0.0025168383204561412,0.98777820856392951,-4.6983742584299106,3.6545981476354781,-1.6562624356087268,0.3342086451324714,0.3160270023244201,0.9720670391061452,True,6
0.36997764247480286,0.91928782144120247,0.13426259873350369,-0.90775906506717374,0.38846277946570429,-0.15833555746625425,-0.19771197196213672,-0.063297474828515971,0.97821439665503584,-20.00718299756565,-3.9585284483574554,-2.2389956182318276,0.1851795827499698,0.2588370123151545,0.9761904761904762,True,4
0.89246167588633962,-0.44360167622674901,0.082034809215143806,0.4504669131811766,0.88611040016068432,-0.10903173325273113,-0.024325237987917137,0.13426061066407735,0.99064745051957859,1.2917370589728341,-29.168341070937938,-8.3417036279608272,,0.1769929098667384,0.6818181818181818,False,1
-0.9034041157770708,-0.41814335398543157,0.094958617907278914,0.39469528015578059,-0.89746299526113638,-0.19691573822236072,0.16756085288573969,-0.14041477007324199,0.9758109719230873,-1.8784736613841124,14.73226994302782,0.35528840960677793,,0.3458275784319967,0.927536231884058,False,5
-0.84371214925053162,-0.52877910106741199,0.092425491512837285,0.50730891084530738,-0.8417384174154261,-0.18470004229540116,0.17546360928693366,-0.10894539421799726,0.97843927910457951,12.344364203168748,1.0969031526905419,-3.5049701183985316,,0.2357440777805425,0.9230769230769231,True,5
-0.88409290986570777,-0.4630770556864337,0.062764378607366778,0.41381990604246671,-0.83819765266551727,-0.35521511852540921,0.21710092604175871,-0.28807001850730701,0.93267510546224563,3.1775798127242147,17.900096127179559,0.4656487469777188,,0.3279426532937023,0.4814814814814815,False,5
-0.59154134562408212,-0.80280520680436529,0.074717041864964889,0.78235907482613343,-0.59392819274787989,-0.18751954537176752,0.19491822504436862,-0.052470008452812099,0.97941502120322599,-20.647107133524838,-14.609155661515153,-4.2732406581301428,0.2182523248342905,0.239695189457071,0.9423076923076923,True,3
0.48314591023015196,0.81635301853531528,0.31644553805695863,-0.85815779134049364,0.51320285589896442,-0.013712543846907704,-0.17359503042853644,-0.26493504454002864,0.94851156428642958,-7.5038083004194283,0.054352132664466701,-2.1065378207078127,,0.4523196733129231,0.2759433962264151,False,5
-0.71631112390346652,-0.69354842624229818,0.076739521949140077,0.66997219843651423,-0.7143299875724437,-0.20216310785327568,0.195027247056136,-0.093398336770965262,0.97634068008770447,6.8166186530603472,-15.560441847949987,-6.1196179059577549,0.2245738027425203,0.1840594889737719,0.7804878048780488,True,5
-0.10663556123651079,-0.99147729392281014,0.074844055978261964,0.97835959853280863,-0.11805228885533157,-0.16992984745105971,0.17731709742294294,0.055103835905680972,0.9826098993140584,-12.712454535055656,-1.2588023329131088,-2.0441175875235538,0.1975512713614914,0.2109249718818476,0.9620253164556962,True,5
-0.98379451498998716,0.14061529899510447,0.11124607842137246,-0.16307128591305944,-0.95964252879699585,-0.2291156315810185,0.074539304975817677,-0.24354374270883089,0.96702137380778597,-24.237793474491429,-12.066469643670921,-3.4981352223610562,0.2090289646065638,0.2036061223409649,0.48,True,4
-0.90611799248497904,-0.42286851971932538,-0.011506464503808322,0.40536303773864885,-0.86018716968826336,-0.30944925389955147,0.12095863479010371,-0.28506183212433195,0.95084633907673721,13.014263399320436,-6.2115132602165479,-4.9093724311060276,,0.2250588575928045,0.3181818181818182,False,4
-0.69989689443075409,-0.71230150564738415,-0.05263935997573789,0.67377888403446096,-0.63399484771399783,-0.37956889822716122,0.23699441469254542,-0.30112638231243405,0.92366473857128706,4.8250137441586913,16.300813555764236,-0.018583077563490612,,0.2610465610776333,0.2758620689655172,False,5
-0.64843890563573181,-0.75671469226138222,0.083125568712024478,0.73573431978862469,-0.65098594922058428,-0.18684834653415161,0.19550446629963666,-0.060001403593067361,0.9788655858818196,-15.033340610319357,-10.305788110558147,-3.8060859646478811,0.2560037174929422,0.2653404485498989,0.6578947368421053,True,5
-0.20815837162657183,0.930699850947732,0.30077878875951863,-0.96962607985706772,-0.15597669216368798,-0.18840524611244069,-0.12843425393090899,-0.33086108708571838,0.9348987022504992,-8.543466513847159,0.34868941176762625,-1.96069474376195,,0.2191803064484039,0.3111111111111111,False,2
-0.55241168335227753,-0.82065617513626443,-0.14616693985515294,0.80606793796129383,-0.4812367797147058,-0.34447879650371416,0.21235774411763475,-0.30811459566293908,0.92734545044052108,-10.148496750333628,-21.484621036992706,-6.2246441938243846,,0.4665727931035111,0.2115384615384615,False,4
0.23309354709119068,-0.97001601576502994,0.068820981275943688,0.96298469321746738,0.22039263394171035,-0.15520169951741877,0.13538049687198961,0.102450066196036,0.98548267615576124,-16.081775804101291,-3.0105421279424753,-2.2078064093855101,0.252288586707394,0.2252341701297177,0.8823529411764706,True,5
-0.94435769434589223,-0.31515623584965874,0.094154618233976209,0.27505027373635255,-0.91362590384244591,-0.2993911400586739,0.18037708293258656,-0.25683507321460036,0.94947346098750063,-1.962860081553492,8.7657186514993786,-0.8452012390964676,,0.2950581112983597,0.6422764227642277,False,5
-0.85427546996094972,-0.50970933323432643,0.10202851090168634,0.48902027458949787,-0.85458433899489294,-0.17477064566188752,0.1762741968168044,-0.099408265041087421,0.97930863591521089,8.9846609302321436,-6.3466691090528489,-4.5909013764638065,0.1557477797426464,0.140039920261937,0.5568181818181818,True,5
-0.84475908027094571,-0.52600863287549604,0.098473419968222273,0.5041882032538948,-0.84397820839924398,-0.18301650047690213,0.17937767976923946,-0.10495571393523073,0.97816560260159979,-8.1287071721852939,-22.72537014328136,-6.6438048525991702,0.1821241660149844,0.2087474396058017,0.9827586206896551,True,5
-0.73511925665493894,0.65291064603669002,0.18250305966487806,-0.67719593432487779,-0.69461574300056173,-0.24272337363680796,-0.031707176300418041,-0.30202095600757534,0.95277384362886719,11.581947449032244,-12.700134314010961,-5.9790795544026674,,0.3442607304736743,0.3846153846153846,False,1
-0.63428378988453427,-0.75686934330526279,-0.15758448862236496,0.74341198857428481,-0.54117656784842039,-0.3930223119058659,0.21218550641770897,-0.36643787956004842,0.90592526804907925,-2.3155687873563533,-13.038269638850396,-4.9954771895415613,,0.4306556148034745,0.3066666666666666,False,5
-0.26983653447638745,-0.960991962642883,0.060685190924596802,0.94389221169906545,-0.27644485423160697,-0.18068130855933634,0.19040939408448826,0.0085258609328875551,0.98166775048370269,8.8516728703159711,-19.162088961136249,-6.8521632012230898,0.2136741288851131,0.1814777537673768,0.8333333333333334,True,5
0.97258301746527265,-0.21412907450253996,0.090724933677741815,0.21077988868826167,0.97649131838494796,0.045128080431042189,-0.098255344194140282,-0.024767813216194177,0.99485297545204099,-10.135888226576411,5.4320675667565013,-0.67751601360612279,,0.5718350907727949,0.2244897959183673,False,5
-0.74929347641554123,-0.66063561342341104,0.046042072909316507,0.63864120175992134,-0.73923994434001183,-0.21368603161372296,0.17520474198992816,-0.13070918471496393,0.97581678988188836,-9.7061662091531158,-6.2132448740543538,-3.2452958659687674,0.3671429433984957,0.2862459308173659,0.328125,True,5
0.98233568382397418,0.1476706646451553,0.11493467313802148,-0.13178381604199127,0.98199517212654863,-0.13534588190839758,-0.13285191046987774,0.11780855963557715,0.98410950262717001,-10.998521707872328,-26.889659004714112,-7.1613536026904887,,0.3143916812356903,0.6363636363636364,False,1
0.60938900471841762,-0.79036514150398696,0.062991936179791111,0.79175641828723664,0.60239662790899062,-0.10119326452310895,0.04203349889389292,0.11154033252263459,0.99287055510347244,10.429999023102862,-18.12624141779051,-6.7918695155148026,,0.1690552029645837,1.0,False,2
-0.066431505624970855,-0.9962123338820944,-0.056105622548817569,0.98488702670469574,-0.056454689161704472,-0.16373885519460535,0.15995124159938273,-0.06613511845340761,0.98490697348428302,-3.5359908392931914,10.086358209300407,-0.46174695284266726,,0.1349838869880314,0.3783783783783784,False,5
-0.31002988733418779,-0.94806792828156339,0.071054009904126164,0.93106677597797793,-0.31788978824093367,-0.17905513453154259,0.19234377460558807,0.010643584736320072,0.98126988462626119,-2.2681170304707878,6.7049345062226244,-1.264868003064952,,0.1315876151778851,0.7388535031847133,False,5
-0.31954547369356823,-0.94387473533586774,0.083613241993114304,0.9277526471225962,-0.32959425754434579,-0.17505042459476422,0.19278411760041061,0.021635835746219835,0.98100263741367921,7.6080588638341666,-2.7649555235866177,-3.8624537156629213,0.1887092390739982,0.1657062697288154,0.8469387755102041,True,5
-0.83971149487515739,-0.54072619368392938,0.049997888341584813,0.51358406939855394,-0.82070881145970986,-0.25033667420578115,0.17639730449910337,-0.1845324639636062,0.96686698191063014,13.390770570711346,-7.4288197922503976,-5.1971205937932012,,0.1921343725407933,0.2857142857142857,False,5
-0.26327915633223742,-0.96462453328760023,-0.013549746147573163,0.93429161214758261,-0.25145026404609933,-0.25272900146563537,0.24038150784046503,-0.079197692458967933,0.96744222369995747,-9.0432434587765691,-1.8234627142185489,-2.3599121493975486,,0.4327697402545678,0.4932735426008968,False,5
-0.17888896264630474,-0.98118449825260567,0.072634147837712701,0.9662917305572114,-0.1891060497424486,-0.17469743388944112,0.18514597079082803,0.038934333686198246,0.98193945188098708,16.881191148102317,4.1594492402714822,-3.3949401074774062,,0.235746866464132,0.639344262295082,True,5
-0.39884669486380764,-0.91219910706784268,0.093883454670389971,0.89601049432906921,-0.40945022481254895,-0.17180136045191904,0.19515764921825107,0.015598155839183295,0.98064784172812181,7.2476655775568872,-1.6529333407864921,-3.6102572312307313,0.2603104075227909,0.2299342726248497,0.9550561797752809,True,5
0.032909144184840339,-0.99566185599698742,0.087031354934045346,0.98635146891917569,0.018298107556157267,-0.16363361213652941,0.16133123687000683,0.091228546916509043,0.98267470926929668,3.667501786904698,-7.286473300924051,-4.2628264166769965,0.2398680014030161,0.1832141790162272,0.9612676056338029,True,5
-0.25605777599652602,-0.96380310451166618,0.074283181712878316,0.94382651219673153,-0.26587383359249539,-0.19622084365679532,0.20886821257976834,0.019866563480020895,0.97774198510099208,4.8228909888949767,-18.588525574081746,-6.5556358804429209,,0.2334381711534719,0.9565217391304348,True,3
0.23012338179855013,-0.96913211822712053,0.088465623663733658,0.96347247284984916,0.21409308789894024,-0.16088798517755584,0.13698183532934399,0.12225828043331576,0.98299994387349476,0.42553327335069613,-11.18730854542563,-4.7879110001761553,0.2276816273727887,0.2129390340707319,0.9652173913043478,True,5
0.25892014124762519,-0.96279984818213038,0.077309849286980661,0.95669945069565188,0.24461110421631871,-0.15777062062599106,0.1329906819854193,0.11481228172342522,0.98444482754012852,2.7651601461746287,-13.666536930213333,-5.3791701466003357,0.155460848928617,0.1145241554097047,0.3414634146341464,True,5
-0.38472516208747859,-0.91962911133652447,0.079176052182201098,0.90217701487672097,-0.39277771556741026,-0.17833199371334507,0.19509788180524518,0.0028220092207117548,0.98077971674533837,12.773704946285347,4.921921578904616,-2.8422537835318775,,0.2348617806187028,0.95,True,5
0.27153369965785223,-0.96121765935153092,0.048270708518554167,0.95256940916531097,0.26125300546101526,-0.15607173946630082,0.13740804442451479,0.088359937122831217,0.98656553296731375,-23.264067402080318,-8.0949410281710232,-2.8721034434955706,0.2751950213736933,0.247052356972742,0.7272727272727273,True,2
-0.44911424957096419,-0.88851701375818015,0.09398886686493757,0.87112520560722584,-0.45883184260844068,-0.17496918689961086,0.19858818441205794,0.0032949159000483924,0.98007748496796621,0.69893868777998147,-10.07670132562696,-4.5588940256898782,0.2549766617434767,0.1990705218202403,0.8821138211382114,True,5
-0.78746102645244054,-0.61443184788072491,0.048771263345806566,0.58570693087049386,-0.77059167051632926,-0.25126851864314254,0.19197010951899546,-0.16929849863696433,0.96668789969179558,1.2613603095506996,24.343254497081922,1.851668565771335,,0.2760463079514636,0.52,False,2
-0.64877432035920546,-0.7590780878309269,0.053780459438312306,0.73956514585933675,-0.64558801114235542,-0.19041931335691065,0.17926314811614394,-0.083765007277518649,0.98022861990623833,10.35788970539258,0.049017495812277212,-3.5099098910467381,0.08291612458862697,0.1574744318171431,0.6923076923076923,True,6
-0.14316592029886821,-0.98696829449196355,0.073464991203998034,0.97330198981763905,-0.15386151899694417,-0.17032283930517939,0.17940667736180591,0.047119196083744389,0.9826459308817288,11.926481076324027,-5.3843943659780189,-4.6878113678742332,,0.1567172042285099,0.9032258064516129,True,5
-0.41014802742529521,-0.89285016983935872,-0.18600314464268258,0.87863596839166691,-0.33215622916091547,-0.34303217703014161,0.24449423438514134,-0.3041230238693361,0.92072349579284352,-4.82848538217634,0.18322008576167814,-2.282116950508736,,0.5815825750194789,0.3023255813953488,False,6
-0.47262758035711688,-0.8785063822233784,0.069639835428936203,0.85861662299298847,-0.47684168320905779,-0.18814755877892744,0.19849600753137167,-0.029129805134002235,0.97966871413093626,-16.127803402972908,-5.7925231674759434,-2.8367350856474953,0.2685220974223301,0.2676543687635942,0.9797979797979798,True,5
-0.83005609359281607,-0.55242197854708586,0.076399208814985006,0.52720152278713628,-0.82196249775369679,-0.21549061849052004,0.1818390383288398,-0.13859152176314857,0.97351268827633475,2.4389254126664763,-10.550053164781989,-4.7772229521997547,0.1591383088507719,0.2244154489330626,0.9481481481481482,True,5
-0.95609467619246691,0.25856865042027399,0.13793195125227631,-0.28407324640967169,-0.93336183768474956,-0.21940389838837826,0.072009449593037955,-0.24895367636085608,0.96583471991626113,-27.453899268027442,-6.2073673228723196,-2.2426767238050118,0.1988278476688448,0.1956128356064417,0.4545454545454545,True,3
-0.36030342648807234,-0.92752240729897761,-0.09941642127568065,0.91650776221701535,-0.33212841311858321,-0.22294447513964366,0.17376697803930899,-0.17144358010039665,0.96974849120039663,12.703119474990892,-4.8251654739978518,-4.6253131270406005,,0.3382330836126433,0.4146341463414634,False,2
0.47800628444367438,0.81774232651301404,0.32063605452512195,-0.85565002440196214,0.51598066912091511,-0.040335900069978642,-0.19842637872338337,-0.25507143415642763,0.94634324412662718,-4.3125434765712827,-13.378644328797545,-4.9585136691282941,,0.581904433088027,0.2298850574712644,False,1
-0.62579910359560387,-0.77421678531423899,0.094677617611681475,0.7543555406632978,-0.63162152704696972,-0.17889093001445666,0.19830078217072658,-0.04052919822225793,0.97930290711400358,-1.5919245186539865,-13.510997408734994,-5.1254315647959352,0.1803970119724864,0.1712707450600084,0.968421052631579,True,5
-0.070856283375285101,-0.99448302853434345,0.077349163301242974,0.98209115792050183,-0.083123962447723979,-0.16907798319520545,0.1745747537320621,0.063983691860898542,0.98256284406405314,6.338064239859948,-19.960351053311349,-6.8780464812943531,0.1312485777991002,0.1440435178204977,0.3809523809523809,True,4
0.063204873518363236,-0.99579995639318952,0.066238891980829107,0.98712396910725642,0.052605999845858779,-0.15105918838042326,0.14694017006068291,0.074933674856754187,0.98630296095824366,9.4343222713897994,-23.930770247820679,-7.8480099243172097,0.2584623890271266,0.2186123815033946,0.9803921568627451,True,5
-0.86887412955544474,-0.4866498316427586,0.090717629771413594,0.4627340064259905,-0.86353930305495108,-0.20044228939104083,0.17588344517384269,-0.13218098744314533,0.97549638660137328,-1.1980734798489345,5.7725929018920574,-1.45979829295383,,0.2804707645860157,0.9830985915492958,False,5
-0.75987305162642071,-0.64347057405220276,0.092404359966828387,0.62130694280039311,-0.76069094231378043,-0.18795471026234389,0.19123448496539436,-0.085410248862189869,0.97782128282693836,9.3780238633724817,-3.6474046422142119,-4.1344934515518519,0.2832185361139555,0.2666743180818734,0.9942857142857143,True,5
-0.6752108611696469,-0.7315765033640792,0.094266179959364774,0.70906108860404815,-0.67896116575532284,-0.19037885393030285,0.20327977170930314,-0.061705389730237946,0.97717438530287593,8.070599934560704,-8.9474460640606779,-4.9818083770138459,0.1468524862135676,0.1664227891752259,0.7424242424242424,True,5
-0.083807033640528633,-0.9936009738819892,0.075719784819676297,0.98119378913229094,-0.095542141218678253,-0.16772133859341767,0.17388251574150013,0.060239554713766866,0.98292220789200546,-2.1035754771274817,-16.859677524803804,-5.667595777571881,0.156242765728628,0.1304115139231639,0.6440677966101694,True,5
-0.34685284517508047,-0.93567023481392708,0.064917759335956851,0.91793476819623987,-0.35286011446823518,-0.18134359915359183,0.19258469599235112,-0.0033092749528418064,0.98127477475415614,11.678874208984377,0.1322465847770945,-3.646515466102648,,0.1904338630684339,0.7021276595744681,True,5
0.64274028229568236,0.74138772184791879,0.19294863411700711,-0.74266363915086264,0.66480485710609671,-0.080530870176221334,-0.1879777875113528,-0.091535500551943233,0.97789856505725659,-1.7345886796077234,-19.165107945143095,-6.2292241796884165,0.1346288869956116,0.1368635048141746,0.2727272727272727,True,5
0.61381000731975865,-0.78247066531323439,0.10477085872695015,0.78680119244788516,0.59546622308819253,-0.16236951907198985,0.064661878079006196,0.1820978722702371,0.9811519792763751,5.1641100416911412,-4.1043441931928912,-3.8552934294690715,0.226541697377847,0.1847326796297259,0.9550561797752809,True,5
-0.98443044151222769,-0.13828214033266359,0.10851154541826108,0.11752734010951996,-0.97686773522704395,-0.17865260199383826,0.13070589179843059,-0.16311798655392082,0.97791026802655756,13.57111924251835,2.1931441015442381,-3.4474064644219022,,0.2412777354460137,0.8571428571428571,True,5
0.21363030990901682,-0.97531761301700926,0.055835870432732908,0.96751715798821647,0.20332081213726372,-0.15023713372614592,0.1351763281295276,0.086117368112635026,0.98707201318990478,12.643115573114061,-18.306150330563582,-7.0549329763949959,0.396373833681796,0.2596533382766802,0.8833333333333333,True,4
-0.9716837333286491,-0.22133422450603865,0.08271567836152896,0.19777676718477258,-0.95340470703193014,-0.22782408777672861,0.12928678488707895,-0.20501372069124707,0.97018261249204651,14.26853667942364,-10.284985229884777,-5.7906535360167153,,0.1194818537524736,0.3636363636363636,False,3
0.99233215180945866,-0.058225121382252963,0.10902630749150326,0.068962785805928989,0.99284760871906741,-0.09745645199121393,-0.10257209493373659,0.10422792860290442,0.98924997055347619,-2.3772798279033247,10.111958451774484,-0.53296097250489893,,0.0957293932814589,0.2222222222222222,False,4
-0.7127127468567529,-0.69529715690723504,0.092749145896968227,0.67417740762815603,-0.71549705667373886,-0.18316327397978854,0.19371464454625201,-0.068013421380867509,0.97869750740480987,-11.636608281883332,6.6158390631584076,-0.39367782488251873,,0.3020993222291337,1.0,True,5
0.91169171343572308,-0.40409976245743207,0.074307480340016982,0.3938492178870151,0.91102438303511435,0.12213667379323745,-0.11705132729884594,-0.08208505038882602,0.9897277561431943,-12.017900053569949,0.59356546280337152,-1.6004683241320956,,0.2048711319452419,0.2972972972972973,False,5
-0.62018065474535922,-0.77970897980539267,0.086196648951405719,0.75907045835559817,-0.62420359909163858,-0.18488349340292054,0.19795957852915419,-0.049231836161972471,0.97897304946391717,1.2671741162082182,-8.0714413044815796,-4.2955332317901416,0.1430111088234647,0.1333766422186328,0.865546218487395,True,5
-0.011176985519716669,-0.99992874979523749,0.0041916974634089582,0.98852288886866413,-0.011680887169582271,-0.15061890670723183,0.15065713782440698,0.002460123546530163,0.98858301351717226,19.942858155193242,6.4488031424636834,-3.2677174517101455,,0.1890860589813411,0.4705882352941176,False,5
-0.99354883248306847,-0.025180125940771358,0.11057431315245947,0.0028691584429934389,-0.98030745243480333,-0.19745649300697846,0.11336880259295448,-0.19586541286912509,0.97405557061198877,-14.299626250850519,-28.304907837040862,-7.1031115907103617,,0.1031130677836981,0.5263157894736842,False,2
0.89540732337533413,0.42648854787574486,0.12787980206685168,-0.43043178081044081,0.90261605728290495,0.0035686416765052797,-0.11390437794119844,-0.058238918824966929,0.99178325304469983,14.868023819501934,0.23951472955224218,-3.9307192553129768,,0.3240912495821788,0.2888888888888889,False,5
0.99377133260137618,0.011969511305527866,0.11079381435256946,0.0027238252186499931,0.99130888913753967,-0.13152667825606948,-0.11140520309152095,0.1310092253087706,0.98510175292105417,-5.6342652590294033,-25.475949114245733,-7.326654555899327,,0.2617133928528841,0.8181818181818182,False,1
-0.33248977306641725,-0.94169424099756704,-0.051599489127865855,0.91069611071087708,-0.30636253964618454,-0.2770822770182535,0.24511863401692341,-0.13911847746994113,0.95945969403832787,6.1740960793111945,-6.2519267014127333,-4.2972051281577608,0.3963682325338098,0.2615960586432324,0.5177304964539007,True,9
-0.92273631672924783,0.36793180981901896,0.11482104821087068,-0.38332966496583798,-0.90710755350869421,-0.17382247934214506,0.040200220722282236,-0.20440662829461609,0.97806026019009029,5.4433901271139344,-2.8598896975943822,-3.6479318377243364,0.2225472611529932,0.172404256809267,0.8771186440677966,True,5
0.23358690362535195,-0.97067907238341067,0.056738848169516833,0.96081330520246411,0.22146860907309321,-0.16670167288047158,0.14924795141186653,0.093454767840449857,0.98437353447116338,-3.2642838486943977,-20.690458761314204,-6.5385086561155923,0.2710857868694991,0.2511776051490243,0.7592592592592593,True,5
-0.9441293984639948,0.30843257473001673,0.11614226535343318,-0.32616558279273611,-0.92498035573357662,-0.19500603608211772,0.047283100125619974,-0.22199254120892917,0.97390123733883405,15.789275984801579,6.7536376117676564,-2.8348797845890843,,0.1578848700728767,0.8367346938775511,True,5
-0.37551812674546009,-0.92368099397660253,0.076154828159324381,0.90603905610173863,-0.38315934469300283,-0.17967232784349307,0.19513934842530273,0.0015290326432796653,0.98077433528581115,-8.7543242159268164,-4.188795614377212,-2.871506115247505,0.2645255602543575,0.2329047726159871,0.9645776566757494,True,5
-0.90948942608251482,-0.40640567902274299,0.087540892742537277,0.38208221110288354,-0.90012793231818755,-0.20924361261294325,0.16383579524276334,-0.1568570352857889,0.97393721701068803,-0.24301578465000831,-20.445023699602267,-6.5628516084309449,0.2045546804393576,0.1850152077691901,0.7575757575757576,True,5
0.91478052699869761,0.38637821670922201,0.11784931512990268,-0.3676780631012756,0.91724260040777306,-0.1532281107084506,-0.16730041643128146,0.096839483940116766,0.98113846373085001,-8.6252426913874647,6.1446155954768003,-0.71822634238388394,0.2860198531125501,0.2310902328620735,1.0,True,5
0.97590855212498884,0.17846931081015124,0.12550379670852871,-0.1732780934532418,0.98354020000672548,-0.051218915450627622,-0.1325790338572268,0.028237919004037243,0.99077011446238339,-0.57957299957805652,-27.936969366764426,-7.9916449091515345,,0.2607064631554663,0.2307692307692308,False,3
0.58164390470422189,-0.81222447254048691,0.044517123972170572,0.80896118040284903,0.57183472688067194,-0.13633361190306784,0.085277058589369598,0.1153102395263975,0.98966225144678022,14.31526264219853,-3.1488467402669893,-4.4705355366363806,,0.1477279151245504,0.3,False,3
-0.64672587523290093,-0.75866007526509349,0.078616362819711252,0.73877558688506983,-0.64870957295778908,-0.18271979141719438,0.18962139786126045,-0.060089767445756406,0.98001680869332874,-17.86966579874041,12.750907102006195,1.1587067498235077,0.2811874377801513,0.3536479833282979,1.0,True,4
0.20730870225342735,0.80877143924136474,0.55037429176647668,-0.96049354912229568,0.27505323260416786,-0.04240119489416963,-0.18567510351271008,-0.51984082015694821,0.83384067880746615,-5.1242757919608932,5.6987395304389672,-1.1712931026467681,,0.7342056321341094,0.2925170068027211,False,1
-0.91522891949237883,-0.38992535371248838,0.10155906388404026,0.35105739569891059,-0.89536546067007239,-0.27400619840464724,0.19777444185210147,-0.21512533642334936,0.95635054231114958,16.015911146449216,-0.41283972762818588,-4.1020770357090246,,0.2092032115420184,0.1428571428571428,False,4
-0.92623195313467022,0.35105249850304532,0.13731901648024947,-0.37564067352084501,-0.88996559826049393,-0.25856395400296356,0.031439678578820962,-0.29107280396424901,0.95618417127834232,-8.6408398406933351,-25.117580195168518,-7.0455038412244306,,0.1364760828718891,0.2962962962962963,False,2
-0.80238896270006255,-0.59366962338003582,0.06106005906420444,0.5670246023131561,-0.79026792737076534,-0.23229227998519897,0.18615867669470829,-0.15176620587245798,0.97072754460062283,19.926503508597314,14.090845029862109,-1.9377304491091201,,0.1545588797028205,0.7619047619047619,False,1
0.33550845989900213,-0.94188246033475542,0.017073495539809906,0.93439043385264076,0.33042581430891438,-0.13316643106640974,0.11978560205998735,0.060631775102161875,0.99094661682004237,14.672013766258146,-1.5820052415275405,-4.2165103720862902,,0.1040335267725657,0.15,False,2
0.92419400265819973,-0.37145168966828584,0.088820536438323827,0.37853227745436213,0.92179529502301294,-0.083706325917763544,-0.050781496392189464,0.11098232434046659,0.99252413739322143,15.88541631508512,-2.7041695972582058,-4.4614459803684818,,0.1787627884502749,0.3333333333333333,False,3
0.97510130728549782,-0.21186672836680412,0.065497556757945649,0.20903493165004847,0.97675370274090467,0.047503700192647019,-0.074039434628939568,-0.032629642858606055,0.99672135952168073,-8.1993849215257626,2.8150765130395476,-1.4468813395063806,,0.1314796136737527,0.1346153846153846,False,2
-0.98417888161698064,0.13488353364620528,0.1148841213147479,-0.15865539437204024,-0.95955489619253975,-0.23255723387926802,0.078869479621721347,-0.24710490392551335,0.96577366480980509,21.221119264663322,2.1503206896498668,-4.1594620213647397,,0.1525978394557856,0.34375,False,3
0.9411594719379317,0.31122756222055453,0.13174313225274581,-0.29950987230120713,0.94868111369200026,-0.1014789678614299,-0.15656527321097818,0.056049523087688798,0.98607594341714611,-6.4496808937744525,-27.813696916302433,-7.6479952736180001,,0.2793419656347428,0.4571428571428571,False,1
0.51758755217191343,-0.84431767112278056,-0.13867514581384255,0.85133498448611278,0.52439977381960279,-0.015284678864115442,0.085626339561589049,-0.1101478435910257,0.99021996673745694,15.973305703642994,-10.39546269518079,-5.9360807903837749,,0.3665090447930309,0.2,False,1
0.3014559299083841,0.92824736855478696,0.21790168676305649,-0.93860522317027784,0.32910984638174795,-0.10347436422638914,-0.16776339696293857,-0.17333070064387365,0.97046994330260428,-9.6362002980353711,4.2878479857656115,-0.96928429970620889,,0.376088356746021,0.2692307692307692,False,3
0.015014514180698539,0.96226905324464984,0.27168517355859323,-0.98531223286350023,0.060463358075481054,-0.159699674701547,-0.17010105271120865,-0.26529691196446564,0.94904329741516935,14.918652798632925,2.6132909392184511,-3.5227342219338578,,0.1745821227192806,0.4038461538461539,False,2
-0.98288757338839672,-0.17917660009669623,0.042752357320473389,0.12817106809537113,-0.83191480219271463,-0.53989808223029301,0.13230342165628431,-0.52517950061902208,0.84064397740517627,15.424088550344582,-8.106676791263304,-5.4616463243067903,,0.4168162768233464,0.2631578947368421,False,1
0.23761926197404493,-0.97078177010022859,0.033464028149303666,0.96252862138296069,0.23068494307436027,-0.14255914582164295,0.13067417249605026,0.066084883898258895,0.9892204247601375,-18.350812593947513,6.8261661430875487,-0.18111814563030412,,0.2071381724351318,0.9333333333333333,True,2
0.96914380145638546,-0.2289726659969949,0.091278750675586787,0.2288570071336915,0.97338763437558462,0.011873648576335494,-0.091568348158503121,0.0093825087760902419,0.99575459132488631,-7.8397408982656547,2.0186311713793987,-1.6305958381063788,,0.453219142707063,0.3933333333333333,False,2
0.75170600567331991,-0.6382436262619805,-0.16608177073544395,0.65895533875900325,0.73709779950601551,0.14988227208178334,0.026757102901296036,-0.22210787356450867,0.97465488761149843,-6.6444613357675859,-5.2138747099270573,-3.2050910551104375,,0.5512067203283444,0.3037037037037037,False,1
-0.62521772682373122,-0.77605867114493898,0.082678491798764436,0.75647849515252685,-0.62865808599557216,-0.18035880151562586,0.19194551424072223,-0.050219018838842305,0.98011987517330257,16.342556083424327,3.0403523621194863,-3.5135967254829938,,0.1713122702779723,0.7,True,2
0.92633776151121083,0.3523371208333233,0.13325503698278679,-0.34018835566175554,0.93439220373572518,-0.10575014075662743,-0.16177216778714046,0.052628536753169038,0.98542376815696453,9.3467602627448247,20.775485584741293,0.37250232575291187,,0.1220163858738594,0.25,False,1
-0.97691916391292855,0.14711281121574116,0.15487662172150218,-0.19953927526226398,-0.88727752397130244,-0.41583972042502682,0.076243195155200921,-0.43714576085277979,0.89615320060856196,15.078372324055183,-3.7625351206006412,-4.634447461733795,,0.3217131495366052,0.1764705882352941,False,1
-0.67774549854920152,0.72373633775741786,0.12987206245291458,-0.7337462160867565,-0.65421989872195707,-0.18333797886580458,-0.047723469851426899,-0.21954962428961683,0.97443339069411394,-11.453086546950054,1.9335563946659475,-1.3059431175039884,,0.1189267544436015,0.5370370370370371,False,1
-0.6236555507853796,-0.78036330267796605,-0.045682270172589814,0.75620391276632171,-0.58748026987530422,-0.28813638233333966,0.19801362652981658,-0.21424296567396636,0.95649911414895417,8.3922016597919828,20.762070927267061,0.48550166870581724,,0.268404559988638,0.3870967741935484,False,1
-0.63219187648867325,-0.76498508560971656,-0.12300914639336988,0.74914352650035798,-0.56297033677966934,-0.34906786819871283,0.1977812124655384,-0.31282937633937291,0.92898889837004062,-9.5890486986049677,-22.34290367887759,-6.4122643630889025,,0.4018663740539645,0.2982456140350877,False,1
-0.72897412912795023,-0.67771748485529326,0.096414365027016308,0.65675299048450519,-0.73213283535747609,-0.18071253659080466,0.19306016821656036,-0.068414341426627001,0.97879888094304401,-2.0973925411446532,27.226056904707157,2.6798457357885934,,0.2439108940457034,0.8717948717948718,False,1
0.28674545255082801,-0.95698829912309868,0.04416379493316859,0.94939228649692153,0.27769658528440139,-0.1467613466193684,0.1281847564321435,0.084011915005321861,0.98818554247447421,-23.852550621593085,11.105546150362059,1.1886089571210752,,0.286407953348678,0.8367346938775511,False,1
0.90336303011354468,-0.42459615581805221,0.060442867971387676,0.42786977208764015,0.90189869533336664,-0.05921318678843239,-0.029371652281496768,0.079352679983118679,0.99641379869096136,-23.24966601093622,5.3253980216006642,-0.25551178194594942,,0.1552259909780377,0.4444444444444444,False,1
