axis_00,axis_01,axis_02,axis_10,axis_11,axis_12,axis_20,axis_21,axis_22,location_x,location_y,location_z,dbh,dbh_approximation,score,reconstructed,number_clusters
-0.33497942215279108,0.92530724225080219,0.17775065167924609,-0.93501607557736999,-0.30315544001876299,-0.18396118503348291,-0.11633453978107794,-0.22782292822550762,0.96672798047262465,-7.4048900439044933,5.9835760527426434,-1.90431664119491,,0.2702638040569981,0.2222222222222222,False,4
-0.82656516851131867,0.55754584292611242,0.077023731665421591,-0.55918747257929979,-0.79790661298508392,-0.22506534043483251,-0.064026500093562672,-0.22910187688118785,0.97129446477125925,2.7200603547430853,3.8618462655155192,-2.2143383694740972,,0.424001872746007,0.4191919191919192,False,2
0.08543035737066787,0.98945300031513517,0.11698040095202698,-0.98993758002332244,0.097587094270654498,-0.10247119931658052,-0.11280621302520524,-0.10704914385079121,0.98783360901708794,-12.294074325146882,-1.7769205729464581,-3.0223426314192268,0.5536639266323451,0.2791280114887841,0.282051282051282,True,6
0.90132603470846662,-0.4093946810012099,-0.14144742600920648,0.42556994026279121,0.89781204913945067,0.11324199912022559,0.080632531285062398,-0.16226373466655625,0.98344744410193352,-13.827130296913687,0.10393070534846305,-2.777482390327612,,0.1610432949173371,0.1428571428571428,False,5
-0.1491159603199981,0.98865214328234508,-0.018203570008947748,-0.97875006281617671,-0.15019298721358756,-0.13960795510711213,-0.14075775259350734,-0.0030010290043719634,0.9900395188626262,7.9686076377473665,-3.3770523313776826,-3.2184729969018675,0.2733752095451352,0.2386393099889351,0.835820895522388,True,5
0.99154747355562545,0.11781203414923819,-0.054350090111020648,-0.12358806207640625,0.98514064943103363,-0.11926395830593919,0.039491753539893412,0.12497289885499648,0.9913738830300729,-3.2680074594616908,-11.347812166078519,-4.1369209168600714,0.2809151114875043,0.2053853202141772,0.9125,True,5
-0.99624215440186814,-0.004033949214406217,-0.086517611192515317,0.035439178963567755,-0.9304520693790852,-0.36469577894810556,-0.079029326120826054,-0.36639142162708022,0.92709853401403608,7.7617907055973534,-7.6093422383994778,-3.6512411047795439,,0.2871597655192141,0.5178571428571429,False,5
0.59250604406632301,0.80556595098409611,-0.00029387066106621382,-0.80155192185126345,0.58951721363684773,-0.099919824871711582,-0.080318766931663316,0.059438652751690906,0.99499544835021314,11.086635858438791,-6.9893322324991241,-3.5108312971818152,,0.0943101920610551,0.3043478260869565,False,2
0.55479565160930311,0.79411629500529357,0.24815538471383997,-0.82802907865310971,0.55608127313716582,0.071703992713311807,-0.081053253236933659,-0.24526093792777962,0.96606285637451939,4.2228499544016227,-3.3143856743689639,-3.2168277139233594,,0.3283106049074876,0.2975391498881432,False,4
-0.17742647635063663,0.98223879747687459,0.061047442378710778,-0.97569805955950295,-0.16746211996066376,-0.14131431261589272,-0.12858126637119011,-0.084636771615328787,0.98808070258907366,-11.579206831922113,-2.2325912410178894,-3.0993853521778836,,0.1063098660432334,0.4722222222222222,True,5
0.29326774697626051,0.95602120471806262,0.004181472574634422,-0.94849889296476875,0.29150256949672221,-0.12400041137599928,-0.11976593266900422,0.032399199160365474,0.99227335612002154,5.0078935174287835,11.714925623647229,-1.1654361270435374,0.3433315564587752,0.2618982186275576,0.1842105263157895,True,5
0.44786565686483043,0.89379083855139019,-0.023543371097551519,-0.88910057645564555,0.44242557731343779,-0.11730206087324588,-0.094427317801965893,0.073467989359136773,0.99281717158410066,12.183482206906284,3.4365784635712324,-2.3820795451770209,0.1236385276087957,0.1142733793546206,0.6883116883116883,True,5
-0.36447546765022043,-0.88151213660729622,-0.3001566032843378,0.9271424182563156,-0.31340920865255367,-0.20538160628841662,0.086974535071957862,-0.35314447602336685,0.93151726194590612,11.156250241295032,1.7176026245353582,-2.5752258901905707,,0.5478632519819308,0.391025641025641,False,5
0.94796917526844193,0.31745061020677806,-0.024073903302399877,-0.31809104468020405,0.94757000469381958,-0.030482347331034637,0.013135068904481722,0.03655401871063766,0.99924535209375687,-3.958808877190263,1.2799974040630062,-2.5496478783897283,,0.2041698437960471,0.4093264248704663,False,5
0.99474159144694063,0.079183613535811992,-0.064954765745237508,-0.060465049309837225,0.96594995512537773,0.25156442913345173,0.082662833592651946,-0.2463141074739563,0.96565843671649354,-14.471286879499239,-3.8407531527168386,-3.3371696116118765,,0.2846041168490322,0.1153846153846154,False,2
0.81264031982840124,0.57178302822092963,0.1126049698179284,-0.57988965294193895,0.81256360831304186,0.058892893087080969,-0.057824743839214508,-0.11315719634116142,0.99189301233355642,-9.9407123020116437,5.8283655986751945,-1.9399722154953991,,0.4667709571467049,0.3333333333333333,False,6
0.20233631440484509,0.97831348275846619,-0.044302881690288232,-0.97211260136244526,0.1951654840261994,-0.13002893569186166,-0.11856266758724132,0.069376965181674674,0.99051992940918521,-6.8281268814394425,-1.7611162946271945,-2.9828930427538993,0.3370621528003451,0.2531235516400521,0.9955056179775281,True,5
-0.20904272013346173,0.96967865891189586,0.12658767558507347,-0.96210795636544511,-0.18076074997836078,-0.20414169482388647,-0.1750697616880523,-0.16446534503684718,0.97072227172575021,-0.77750560289896253,-6.4689450105626678,-3.4909192021907103,,0.2664485692671005,0.2286689419795222,False,6
0.65109076337718663,0.75825915084895357,0.033524289682795472,-0.75625789154169953,0.65185653362827189,-0.056187730395845126,-0.064457888003060598,0.011230303644918286,0.99785723475566757,10.207663443042145,0.25864305331839643,-2.7583119421565399,,0.08619076787981064,0.3478260869565217,False,1
0.18560637298771335,0.96293141644348124,0.19573799205186304,-0.97462885989752179,0.20576623320620779,-0.088084293304673392,-0.12509540263815078,-0.1744228898346713,0.97669227279656501,11.47131810207364,2.1505250161558003,-2.5449170942063475,,0.3151274363253235,0.2608695652173913,False,5
-0.97599273156087274,0.21584366925380355,-0.029149586333262513,-0.19961332365725853,-0.93997889108915267,-0.27675658135861753,-0.087136151847830454,-0.26429376600642951,0.96049783773379227,-2.7494031304730409,-11.967174549989219,-4.2236374087224879,,0.1943561958517743,0.4651162790697674,False,5
0.22549710191333566,-0.93301393960107493,-0.28042119309846947,0.95995182843623605,0.26190765733501348,-0.099482994080459283,0.16626347798182928,-0.2467577101923415,0.95470785497450417,-12.532499391846462,-3.051166047816229,-3.2116691177857528,,0.3398862683844571,0.2636363636363636,False,5
0.48811628818455122,0.87230185402104099,-0.028843797953675213,-0.86788251797285954,0.48161730240833422,-0.12175676169317964,-0.092316976802898507,0.084464486574981762,0.99214077947718682,13.924806380610699,-1.4320874172361902,-2.8832524768070988,0.2760305384638644,0.2579990792093558,0.9625,True,5
0.97181687341312517,0.23072191065636599,-0.048366977294587721,-0.23444153807763399,0.96739562849444571,-0.095827257049500694,0.02468055455885472,0.10446577388271071,0.99422219463948569,-13.587653624040735,1.687279760146926,-2.5872750398135058,0.2674313471020109,0.2997635350272527,0.9513888888888888,True,5
0.56192676766683902,0.82653745622228092,-0.032774094054616912,-0.82347146780922054,0.55521235070030461,-0.11676466646195346,-0.078313788591969302,0.092601722939934822,0.99261869387239032,-3.3331938655891116,-4.5428277637982637,-3.3399905732727837,0.3450887122415113,0.2990183024394338,0.9960079840319361,True,5
0.091297757287812767,0.99551514272714425,-0.024785481943482394,-0.98752936439221695,0.087303593879971941,-0.13101082763934499,-0.12825940112647058,0.036437385973694295,0.99107105846457089,6.4753802523041735,-11.674152503093911,-4.1641054428832742,0.4558466397233912,0.2204427388265668,0.8531073446327684,True,5
0.88149482667776791,0.47190321499471316,0.016559777111611287,-0.4718253076236838,0.8816503231806283,-0.0085782702982908354,-0.018648046175108356,-0.00025162104007875156,0.9998260784059918,3.325395070779793,3.402927699884756,-2.3253463480415077,,0.3294535315234046,0.3043478260869565,False,5
-0.26493309440862528,0.96324651271139861,-0.044346490688669686,-0.9535791451628256,-0.26854774029108974,-0.13626784321726296,-0.14316867463801419,0.0061860273099339572,0.98967897000417071,8.3803832637535685,-9.4126642619000744,-3.9001498023065091,0.2942252382262401,0.2504350510321542,0.6153846153846154,True,5
0.91213388194907108,0.40988520857370225,0.0024284136818571479,-0.40988431779329176,0.91213709357853812,-0.00087666711146744403,-0.0025743790796090814,-0.00019573090974804065,0.99999666712532853,-7.3574671130339198,-11.830132182742243,-4.304379600411111,,0.234983313594583,0.3260869565217391,False,1
0.9682153269917898,0.24948232231908754,-0.01782277835962378,-0.24905008859722527,0.96820829884865411,0.02338254499213413,0.023089693542696129,-0.018200573915946434,0.9995677091429247,-8.6800728355844914,7.7416077134038863,-1.6426003524784358,,0.4507811722672853,0.4835164835164835,False,9
-0.23575811040797134,0.97118986811928765,-0.034761378558734436,-0.96114021022716623,-0.23830637874196731,-0.13935410340341106,-0.14362315155065103,0.00055669859974286431,0.98963229556503862,2.6890851500192601,-4.4546494175443128,-3.2801491864518155,0.297177750845991,0.2659787741759542,1.0,True,5
0.9771690905916175,0.20492776457598838,-0.056081901699560427,-0.20625641744776066,0.97831414728754862,-0.018966272133741788,0.050979002088762028,0.030100507021050382,0.99824601217490938,-12.006115454958477,1.003155576148365,-2.6171642831359545,,0.1314660705347794,0.2058823529411765,False,4
0.088882815768337661,0.9958684505987575,0.018597692413913514,-0.98774023376759945,0.090532307955653035,-0.12717362860652975,-0.1283318964942875,-0.0070661388504316899,0.99170610264529824,11.112253798172047,-3.6297397670934379,-3.1441184369232333,0.1644347204320783,0.2197610673064933,0.875,True,5
0.73045100038456734,-0.68015325248667757,-0.061910331682024443,0.66976539002731339,0.73112021834835994,-0.12991361993188838,0.13362506635637303,0.053430136197096925,0.98959060332402848,6.3227840744475126,-0.85606949534896204,-2.8916790043258023,0.3691861496764545,0.3147744882958662,0.9858490566037735,True,5
0.31642390750069727,0.9481123846363021,-0.030964768063949346,-0.94195967754074394,0.3101748768699169,-0.12846599412322535,-0.11219570691130339,0.069817274782074223,0.99123038265212426,9.3589141545468877,-15.435000001616757,-4.6430033463492135,0.3688052076949255,0.3115836371727939,0.9894736842105263,True,4
-0.25000600684869601,0.96790652863958049,-0.025572413973766094,-0.95748843017439733,-0.25106829098147648,-0.14205850677030157,-0.1439197784244293,-0.011030189505020459,0.98952788353726839,9.3279491071584744,-4.6183583869784961,-3.2751159711385114,0.1626065266161385,0.1298542382019933,0.7692307692307693,True,5
-0.99814163192544147,0.015624102537277168,-0.058899660755561356,0.0048428320765149229,-0.94317485401959089,-0.33226155619120473,-0.060743967558056673,-0.33192933308917899,0.94134642307722072,-13.666320702707456,-8.6812806723019662,-4.0308220903686971,,0.2355482359951574,0.16,False,5
0.41437256168102726,0.90971249642973739,-0.026805856924897391,-0.90486574904591455,0.40865077896414648,-0.11925819491997973,-0.097536435907198224,0.073673025535612141,0.99250134961064418,1.5589241368054123,1.9471130130128167,-2.5044278204776691,0.3233075781835536,0.2479989574410009,0.9752186588921283,True,5
0.9270751206130875,0.37407510482471551,-0.02448543833806548,-0.3748634437809516,0.92559160087307479,-0.052512730931691315,0.0030198107415044563,0.057861942100113715,0.99832002704517997,-17.712565255298468,-5.3322418821265982,-3.6212236395161619,,0.08191958032385496,0.3125,False,1
-0.38555487179335579,0.92254138911206751,-0.016273481851939678,-0.91017768541759614,-0.38316355798852203,-0.15736031519237431,-0.1514068089759367,-0.045859276103674247,0.98740716272010642,8.9521815207177191,11.179372762978943,-1.2561860945104437,0.1682542469413341,0.2049390912016513,0.6896551724137931,True,5
-0.65403547403490414,-0.69436536865648291,-0.30015718134751584,0.75460035989126961,-0.57103211839397006,-0.32326555123375261,0.05306501254033081,-0.43792585510910653,0.89744361932717165,6.0751854300127723,-9.3093403259736043,-3.8818187113272007,,0.4229929284766388,0.244,False,3
-0.62650518793512966,-0.77420059428007693,-0.090026047934721173,0.77661182464398193,-0.61028082342236256,-0.15630543940013442,0.066070593409729858,-0.16784146203873454,0.98359743813573819,18.310884422517784,7.9016776328255434,-1.7716234599058247,,0.194627962556542,1.0,False,5
0.99264370839177452,0.11623943471685565,-0.033865351126650942,-0.11494984140633906,0.9926509115573241,0.037824618240913183,0.038013183908783527,-0.033653552577984712,0.99871038657260292,-12.799625506692506,-3.2638981082405065,-3.2853333572996144,,0.1919089639893293,0.1052631578947368,False,3
-0.035460383580856666,0.98038272787645919,0.19388725609954494,-0.98953685098583799,-0.0072940957624991858,-0.14409585944099318,-0.13985485954134547,-0.19696827929521929,0.97038348873739133,3.3617175569652495,-2.5690225280846928,-3.0392638984059612,,0.356575664124042,0.2823529411764706,False,4
0.78852117090539897,0.61436400046133455,-0.028128952542264132,-0.61387686903842142,0.78347549500286973,-0.096547078617604032,-0.037276704435403568,0.093397128795024126,0.99493086374847295,-5.0250553018102853,-22.695045964041746,-5.7549925937748334,,0.3214078381205334,0.8771929824561403,False,1
-0.9889965326138922,-0.099496204866051985,-0.10948225287667419,0.1416547946877485,-0.85029415412849474,-0.50688634879712458,-0.042658851598129835,-0.51681752744286957,0.85503208460745428,-4.2349197015526308,-12.197440090858709,-4.2685394288228995,,0.4960035329685845,0.3109243697478992,False,5
0.019093862674960483,0.91945812861243692,0.39272404323731502,-0.9909687554022496,0.069547736870186533,-0.11464745140102701,-0.13272659953703816,-0.3869881936503361,0.91248221229270221,-12.772246556597064,-1.7297593150461286,-2.9922180221477053,,0.464133957793805,0.2,False,1
0.92346168620210511,0.38126343697371207,-0.043089508511434831,-0.38368202904870352,0.91835206202906106,-0.097044272123816111,0.0025719062647566043,0.10614933722809385,0.9943468728286935,1.881476406113918,-11.349499570888627,-4.1501673129779233,0.2658074123887815,0.2075307599205739,0.7863247863247863,True,5
0.4585820879162309,-0.86780313324056901,-0.19136402634832328,0.87749417006586117,0.47621770377194961,-0.056751036242497901,0.14037966427804213,-0.14189580878948921,0.9798770990819009,1.6065358394446099,-8.2688865783155396,-3.687685526930867,,0.4047588160331413,0.3574007220216607,False,6
0.27965981294836045,-0.91637443884481451,-0.28644070390490833,0.95630529341078152,0.29236522691281019,-0.0016612906849128861,0.085267665713368801,-0.27346016515037874,0.9580965312846722,-6.829533653621997,-10.057724918351928,-4.0423819629747362,,0.2452118389291583,0.3384615384615385,False,6
-0.19579058973329438,0.94948449398276469,0.24524526633185506,-0.97365397031906287,-0.15840730377671053,-0.16402765679030656,-0.1168930753030924,-0.27089909892151109,0.95548400674720846,-1.8406040522132789,-15.030930501363397,-4.6596754044673698,,0.1920055914758655,0.4210526315789473,False,4
0.10207416689879295,0.9947753691770429,0.0016820614130692267,-0.98666556861088395,0.10145721729986082,-0.12726935520985322,-0.12677507708410332,0.011331281324227917,0.9918667662009214,10.614028370383606,7.5746869202305724,-1.8605622506302064,0.1676354748769054,0.1523793494595041,0.7384615384615385,True,5
-0.91930618137120168,-0.35465978927375963,-0.1705654676802818,0.39353797149849606,-0.82625982749607563,-0.40301682651597281,0.0020024688636371586,-0.43761984797132925,0.89915786087872396,11.854874298472797,-8.049362895465686,-3.6331633082968953,,0.5783271991304165,0.5158730158730159,False,3
-0.65728110837317177,-0.72855933557580044,-0.19282852258180727,0.75128123732313723,-0.61315840906688301,-0.24415828439105661,0.0596493673222971,-0.30534907881949852,0.95037039781452204,11.406993695040233,7.264151468093706,-1.8820061996236497,,0.1996506156592218,0.2333333333333333,False,2
-0.62580039661059073,0.77998217896851918,-0.0012899974995966047,-0.76192223779207791,-0.61166260368982406,-0.21293981028755132,-0.16687830044658394,-0.13227493995049475,0.97706446721859352,-4.7442091180053634,-19.245392193474597,-5.2848869327712436,,0.1410944369365401,0.5769230769230769,False,4
0.9128542438287427,-0.38911095164571363,-0.12365191803292402,0.39381860151676845,0.91906218538042694,0.015218689271073366,0.10772204334875289,-0.062588870521202516,0.99220894707901575,5.6169494765238346,-9.9308926357009248,-3.9558752135944402,,0.2007898478160018,0.1111111111111111,False,2
-0.66575263298676768,0.74431532001502365,0.052613078812408898,-0.73348467306362297,-0.63985576005789402,-0.22931384760080736,-0.13701702832837145,-0.19125718473215417,0.97192953614775723,3.5421559069102679,-2.30599878933229,-2.9934515702915463,,0.2945287504892561,0.3231939163498099,False,4
0.49228044688282202,0.87006626232059314,-0.025390171096722463,-0.86576841124100512,0.48641499473222194,-0.11766694946703268,-0.090027882981184831,0.079907146558516023,0.99272847658098384,8.5607523173769238,2.4749932009471221,-2.4270976231118917,,0.1425788055229102,0.4341085271317829,False,5
-0.85299532354896357,-0.48470236410063766,-0.19355256712028235,0.52080326015937994,-0.76624733586515414,-0.37633626517639029,0.034101938522023229,-0.42181588224580391,0.90603996560539957,-6.7552062123152981,-11.346107032519209,-4.209992498115799,,0.4098762106581848,0.1413043478260869,False,3
0.40764700957905564,0.91256403209178216,0.032416090350965321,-0.91064616743007276,0.40889927354862177,-0.059371220606697556,-0.067434956262854825,-0.0053170879057948921,0.99770950444005957,9.8702058217143183,0.048963340021063728,-2.7830830028861291,0.4595858779095675,0.650134392719158,0.417910447761194,True,6
-0.33542903012154662,-0.93403649681275192,-0.12273218149075954,0.93582113881661733,-0.315390608082459,-0.15737712819004718,0.10828740414142569,-0.16764422732423218,0.97988226392213729,9.8531237756027732,1.2272691873555104,-2.6094867959927752,,0.1104584612455395,0.2432432432432433,False,4
0.79458178728768802,0.59022707362104976,0.14237901838204781,-0.60654185037937725,0.78219725850444699,0.14238831597602514,-0.027327038790633449,-0.19949799586176081,0.97951711705210975,6.5048760366778078,-8.1413926428160046,-3.7319541047628322,,0.5871985467609591,0.352,False,3
0.99784444553613516,-0.03454996019336358,-0.055792138902533206,0.032299307369940196,0.99864717661164382,-0.040750109067510074,0.057124576638297148,0.038860222544767328,0.99761047801617753,4.3135436470586246,1.8605583786769908,-2.5047440614323659,,0.3613074544609171,0.6058631921824105,False,3
-0.98367770682269162,-0.15423366076257505,-0.092683045848880277,0.17575558466801358,-0.93397362638106951,-0.31113219004564396,-0.038576463783704759,-0.32234336213480325,0.94583646225421858,-7.5377619399290321,4.7813807661275725,-2.0592474649892725,,0.3452409349512651,0.4901960784313725,False,6
-0.094068763851173909,0.99556560985230502,-0.00042912343351024854,-0.98579393098217483,-0.093205686070620755,-0.13972482142703607,-0.13914522379954081,-0.012720713954570664,0.99019027975953366,12.912616948764848,-5.7820595166233817,-3.3618478012454771,0.2160859786355269,0.12297796185204,0.5428571428571428,True,2
-0.10134571288231295,0.9948304665377985,0.0064334538593987696,-0.98533828659557954,-0.099482371006988354,-0.13860634483209794,-0.13724979945071802,-0.020386287229732406,0.990326659160362,13.26874888237769,2.1001860008121058,-2.5246402778918133,,0.1190541870433502,0.4166666666666667,False,5
-0.12940113204334486,0.99159222474915698,-0.00045479986647886661,-0.98170844639436361,-0.12817588580891598,-0.1407816343670753,-0.13965626840162226,-0.017770821987670497,0.99004056713955779,8.4568238722703928,8.4602116681260071,-1.7188696881204679,,0.09963987370141135,0.3125,False,7
0.94586861791724341,0.32051445295785408,-0.051020026307829439,-0.32436683069214123,0.93885908277198349,-0.11545467441072145,0.010895723292191649,0.12575415755225469,0.99200160033755147,-6.6028419319763252,2.6417469503672288,-2.3908667953913625,0.389078068754959,0.2844430820557965,0.9624664879356568,True,5
0.26202974966824921,0.96479683600708321,-0.022527217305194434,-0.95844710567274627,0.25743544396701507,-0.12290702916042354,-0.11278100866870283,0.053796444308398583,0.9921624799716241,-6.2689757519078286,-12.0115579987629,-4.2746536335140597,0.3381220701786927,0.2550327223828682,0.95,True,5
0.27070162270695597,0.96204349343559992,-0.034539082240961208,-0.95569692004661699,0.26426109687188803,-0.12965133895751699,-0.11560289130134799,0.068105722360852841,0.99095791136883082,9.3052102016447531,-11.532989772413082,-4.1598862168165827,0.2210953378720312,0.2105247436282354,0.9240506329113924,True,2
0.42408117451992716,0.90536094559323721,-0.021833818088454506,-0.90045108984238031,0.41896296417074136,-0.11686688776097684,-0.096659154866313046,0.069221332317332657,0.99290755608603598,2.3472848387741632,7.0369759649914965,-1.7686545968503939,0.3370708139245243,0.2719266323053898,0.9767441860465116,True,5
0.056116740885219403,0.99785841518568874,-0.033607954944144661,-0.98986128810652396,0.051204845902695993,-0.13248658069470703,-0.13048195929137152,0.040701928691250597,0.99061486527322939,-1.3746166580673598,12.89412679762923,-0.80783005681470454,0.3360084132843655,0.2524624249770097,0.9595959595959596,True,5
0.99913454916499933,0.018602683810005287,-0.037203397961994511,-0.01577878322534533,0.99707311983980917,0.074807911966831037,0.038486136007413511,-0.074156145045266186,0.99650372979093493,-5.8959313915733613,-8.5181756443983279,-3.8482942375472229,,0.3497539020747116,0.3333333333333333,False,5
-0.99041459306775514,-0.1201963444341108,-0.06805712764368102,0.1334600622914725,-0.95972176973476764,-0.24722972408333205,-0.035599797914988199,-0.2539428350669512,0.96656385764551023,-6.3068811724918223,-12.69048428035617,-4.3876381713757846,,0.2248319011036725,0.15,False,5
-0.98943934839745362,-0.084544744979059741,-0.11773683340080215,0.11934192116519129,-0.93616519478676807,-0.3306844930178216,-0.082263489443517801,-0.34124318918665358,0.93636841261241721,7.1089045515805234,4.1685524257224449,-2.2476093303620015,,0.3103369857859503,0.4032258064516129,False,8
0.81757802117956491,0.56715610972533681,0.099499379321318707,-0.57360309675500365,0.81732319171118628,0.054426902209369979,-0.050454600158714696,-0.10157139111117972,0.99354797862537225,6.6149146748379231,-20.790622868960774,-5.3036191122928455,,0.3795005444670914,0.2307692307692308,False,3
0.098104055051863731,0.99148715939173337,0.085608452524814013,-0.98653840063848763,0.10820140023436396,-0.12261501153194379,-0.1308341639176735,-0.07242699599345119,0.98875515260519831,10.757090825557915,1.8214655369407533,-2.5408036146934228,0.1774708859214226,0.192576873240738,0.3787878787878788,True,5
0.51458762854189033,0.85722663540063981,-0.019028087432304115,-0.85324122421713366,0.50975005485293201,-0.1101557754903445,-0.084728896181172936,0.072920347895019111,0.99373217569664574,3.4670318842248617,17.588299929656479,-0.20151852961822705,0.2435924290838264,0.2220180783121639,0.9787234042553191,True,5
-0.80273018450404166,-0.58883613440612304,-0.094319975104758952,0.5953748868219223,-0.78233425233918874,-0.18298049556897208,0.033955780478317758,-0.20303971147176417,0.97858156560277199,16.700170606219103,9.8467376242080391,-1.5508579638552598,,0.1503894718990777,0.3076923076923077,False,1
0.77710805080473588,0.6094659281690068,0.15701706842109303,-0.62822047710027074,0.76621741606649485,0.13509220358070678,-0.037975117200234082,-0.20362257663990466,0.97831269886276839,-7.7703129818390231,-11.349092536142125,-4.2539190700169094,,0.3637071217985564,0.1475409836065574,False,2
0.69194501534088204,0.71758074433642882,0.079309338053487166,-0.71945458045837352,0.69450598036833666,-0.0068227479859946233,-0.05997668215541082,-0.05233850007586692,0.99682670460187639,6.4010658760445835,-7.6772816098945835,-3.6585464025240073,,0.3562092021679791,0.205607476635514,False,6
-0.20987042210724791,0.97770476666822292,-0.0069134042817409688,-0.9674860025507267,-0.20868735478854356,-0.14290004485575453,-0.14115679506471426,-0.023301870860463203,0.98971297961654625,12.20950022461335,6.5950797956996041,-1.9713608382902741,0.1698161919737422,0.1367308111702759,0.8461538461538461,True,5
0.44535581964331433,0.89451327898085098,-0.038783857940629149,-0.89045041067632547,0.43797406261964761,-0.12359929853686544,-0.093574889987623949,0.089580769138069852,0.99157401426441028,-14.220147766851927,-14.436123225346565,-4.8499394525771748,0.2659080456391031,0.300507868615715,0.9571428571428572,True,5
-0.67781230269151127,0.73461394404387503,0.030213168260415441,-0.7241104694558097,-0.6598713814553665,-0.20058361837565869,-0.1274147179273904,-0.15783571570619748,0.97921058843488573,8.585903488605652,-21.41228858275338,-5.3468218972263042,,0.2428108333546668,0.2708333333333333,False,4
0.38138234917746866,0.92399563095547899,-0.027920918879239528,-0.91886196078528337,0.37561107713574954,-0.12086776143681036,-0.10119387707613089,0.071752301064897481,0.99227587219189861,-2.8302013791015246,5.4942018538786632,-1.9709138064657166,0.3533264924692061,0.2929417691008097,0.9335347432024169,True,5
-0.12904712245757294,0.9915876278640291,-0.010040739634551897,-0.98169938353494102,-0.12917713808598819,-0.13992707873400168,-0.14004699408604984,-0.008200198955042759,0.99011090095229282,-7.5882800815981852,12.02215748768764,-1.0776462893644623,,0.1213773999681727,0.1904761904761905,False,1
-0.64762853286122601,-0.72497904208944042,-0.23448384156502591,0.76100328366021519,-0.60004281712913599,-0.24662242369683079,0.03809574362556431,-0.33816269182570491,0.9403162809261616,-8.4388544037512929,6.4166436862020619,-1.8624427594713999,,0.2893029787344721,0.125,False,5
0.99774132317606434,0.0087801014842936436,-0.066597010779775034,-0.0062626163804844646,0.99926127582968161,0.037916780761393015,0.066880727141283791,-0.037414067476848327,0.99705925395228678,-6.5081081675843295,4.2087451374205935,-2.156768978939835,,0.2749661254167569,0.2166666666666667,False,6
-0.79536156936424718,-0.59385959259314047,-0.12137033518760594,0.60598136601270247,-0.77454361454251575,-0.18129747162273091,0.013658624521596444,-0.2177452030620303,0.97591007194292967,7.6042006130190387,10.962141040640498,-1.2484597654064082,,0.1412075048374543,0.4230769230769231,False,5
0.79686445759096836,0.60181873806854103,0.053115371954259,-0.60348734622394884,0.79703927108303241,0.023052620219889172,-0.028461538535819737,-0.050424268571946339,0.99832225957511189,13.97687554770666,-11.270956070682249,-4.0575918728384783,0.3432582731091962,0.2959169349032476,0.6666666666666666,True,5
0.70803294443205056,0.70512836730057482,-0.038514091277183755,-0.7041073235925297,0.70072981943260415,-0.1149373612943837,-0.054057621685073262,0.10849749207228911,0.99262584479338334,-14.821403932409217,-7.8289657239457746,-3.9266354846953861,,0.3517278029005119,0.828125,True,2
0.83350331235374964,0.53540540233735412,0.13643050774407112,-0.54934151670560838,0.82948000903997399,0.10092974104112064,-0.059128050186954245,-0.15907221552182457,0.98549475083841453,7.6997515074727207,8.8756580264778364,-1.5952580751517191,,0.3343169827564941,0.2954545454545455,False,5
0.40361492111790859,0.91458095466649247,-0.025232376271586809,-0.90981032389850136,0.39829107373640477,-0.11665931214268889,-0.096644554832065493,0.070042115496522103,0.9928514149046086,-2.8670350517210195,-16.869937994181434,-4.9367265935305698,0.3084469272753442,0.2624257863332673,1.0,True,4
-0.78481242510770599,0.61587712350988733,0.069027720038745036,-0.60121616229210184,-0.72960117854933693,-0.32591601135595438,-0.15036150968687895,-0.29728351618716525,0.94287535093885944,-4.1700703110362136,7.6145367693034638,-1.6052847756267552,,0.2983354449330039,0.3979591836734694,False,8
0.52778240410852584,0.84911150738010899,-0.021339680131261418,-0.84502788345595203,0.52237266211347089,-0.11425707005888244,-0.085869727467715401,0.078335495857020043,0.99322199935032462,-10.479420998290852,-5.2670618143281525,-3.5022727503889519,0.3580212793456444,0.2993948475509476,0.9692982456140351,True,5
0.57546590486166693,0.80541768231068567,0.14192022182559699,-0.81000963012426552,0.58525298797520475,-0.036923423081371046,-0.11279801171870925,-0.093708575313994208,0.98918921924216707,8.1783808570243668,7.2557406237992179,-1.9018366996074358,,0.2072430461810578,0.1944444444444444,False,7
-0.94647056687037245,-0.3114978101096697,-0.084632029072669479,0.3227181425914088,-0.9076191940104571,-0.26847793038937168,0.0068166333646597979,-0.28141875019388685,0.95956084775739137,1.7799046045377083,9.5830787762781071,-1.438721742162385,,0.2706415663144438,0.2738095238095238,False,4
0.31806113412792059,0.94800851578267975,0.010815218942858026,-0.94190234308691301,0.3172704822100012,-0.11026974746328708,-0.10796800935760896,0.024885640874896524,0.99384285167907804,15.088323937181103,7.4653542724690647,-1.805755821254327,0.129772582375208,0.1150806702192728,0.6785714285714286,True,3
0.77050742041273546,0.63738520892981887,-0.0076426779602576794,-0.63597650875100498,0.76788447309262764,-0.076728849203813593,-0.043037139842188196,0.063980711317941114,0.99702270444230889,-14.94704746832873,-4.0471073159606554,-3.3816423425187283,,0.08450769956057852,0.42,False,2
0.92794103257230909,-0.36296052293809228,-0.084764962438158772,0.35846834657853666,0.93135851257670466,-0.06381038749418215,0.10210722094879447,0.028826720927192035,0.99435563838633689,16.420532880364995,-11.506535581777127,-4.0250898313285184,,0.171101450992781,0.2702702702702703,False,1
0.06472393379682595,0.99483082570803805,0.078246026192563559,-0.9878976640671765,0.074953461385831657,-0.13579463891074126,-0.1409575032571167,-0.068509903279349985,0.98764233173157079,-5.0274356647279888,9.882954467576667,-1.2748875949015031,,0.2318612756207703,0.5138888888888888,False,9
-0.99748955414936502,0.044645391373779077,-0.054967066430571199,-0.033419317414963325,-0.98113112542440528,-0.19043335828304322,-0.062431871559473891,-0.18811832380850652,0.98016006736709049,1.8869550480947408,0.86325944681988231,-2.6233267077725126,,0.06883555231742036,0.1953488372093023,False,5
-0.30066571431091305,-0.90121912608064014,-0.31209648351808827,0.94726986703147942,-0.24416522014256792,-0.20751661207453942,0.1108148331771162,-0.35803272484394388,0.92710983205268049,-15.565029023161644,-4.4329842222039115,-3.3986067213369058,,0.07767532361548918,0.2,False,2
0.99674274283171349,-0.017370058538312104,-0.078753956590693688,0.017620240761565469,0.99984166860839108,0.0024829075481620361,0.078698359117695182,-0.0038624837558064312,0.99689099177965224,15.118872304902478,5.531981712663625,-2.0669009229082023,,0.1557088998660302,0.375,False,3
0.12637308292998101,0.99034090098740546,0.05705036145569993,-0.98282696220348909,0.13279525929687802,-0.12812720817272283,-0.13446563232526548,-0.039878803138118181,0.99011548557915086,8.2983130826473701,2.4659710808908932,-2.4308521195296389,,0.1322040321487667,0.4326241134751773,False,5
0.97450420003420457,0.22083953530564368,-0.03964169221515175,-0.22343508326145833,0.97128581205185882,-0.081735150790248609,0.02045306049564832,0.088508592536243907,0.99586540323660866,-9.615151960395572,-14.12159405538539,-4.6436985005637679,0.1138251907714005,0.1372614404100112,0.6,True,3
0.14551300078781232,0.98900068363188787,-0.02652573047786088,-0.98150522528276563,0.14093540145037645,-0.12955580018142121,-0.12439236047424009,0.044887196322327558,0.99121727197520504,9.5335554672723166,-12.915427497189784,-4.3268364138025888,0.273068642498268,0.2847680736875002,0.9587628865979382,True,5
0.65042720281642352,0.75881662581275844,0.033790268222408937,-0.75954764037560618,0.65009581102586211,0.021513216553424405,-0.0056423254293796535,-0.03965809976241743,0.99919737754208637,11.349450802123641,1.2247637346179976,-2.6144489758914005,,0.2585128346938751,0.1944444444444444,False,5
0.50535866453607736,0.84054673312075556,0.19517635517228435,-0.85387821070796288,0.51974837291797538,-0.027452324624422084,-0.12451755481248415,-0.15278356681640323,0.98038388412620181,-7.062816901029267,6.8339798432717345,-1.7360284232365857,,0.2997213621893193,0.3333333333333333,False,6
-0.97335555247639927,-0.20305075458896754,-0.1065333728191043,0.22625161779400366,-0.92598188982217267,-0.3022709796969496,-0.03727162337435215,-0.31832048438988109,0.94725017567104852,8.8612082195572466,6.8153214441702286,-1.9640141177355992,,0.2399329577866779,0.2444444444444444,False,5
-0.068346972944115778,0.99748213435112421,-0.018923079551247821,-0.98942587182293562,-0.07020269227642148,-0.12691739898282742,-0.12792628915434234,0.010048564448151255,0.99173277191778419,3.4855367843997787,-16.860734515859175,-4.8813798729468409,0.3091861508654505,0.2651554527696132,0.978021978021978,True,5
-0.97710966745936723,-0.18077912366300319,-0.11214101036232191,0.21116289224234105,-0.8881795269957492,-0.40810214501452668,-0.02582500139971446,-0.42244057129168477,0.90602264487674977,1.7086874490657293,9.843046209763731,-1.4195593538038971,,0.3318038698338624,0.2830188679245283,False,3
0.76173705176698769,0.64717885983720669,-0.030268586771599552,-0.64607976605337947,0.75529719448005661,-0.11003219486570731,-0.048348731749108559,0.10337152117661602,0.99346702448943158,14.795125149330543,-8.0514348524417176,-3.670676848855464,,0.1449504761923943,0.5517241379310345,False,2
-0.73898276290801923,0.67291546054848606,-0.033003925215786684,-0.66141422039374309,-0.73393096002705294,-0.15452046781803902,-0.12820181428422661,-0.092358696767481221,0.98743818335410027,14.571420976801706,-2.4072612869479815,-2.9693307969466076,0.2129676954704952,0.1168014272729837,0.46875,True,5
0.93231365709816638,0.35573382472258069,0.065151291134463329,-0.35950873792478993,0.93120668287019126,0.060063142888300378,-0.039302826157519746,-0.079420146852922452,0.99606612638413361,4.9100917462394964,6.7218427199337807,-1.8588583727390113,,0.3422726537887072,0.36,False,6
0.31424655201908175,-0.94151385291837908,-0.1216584123967908,0.93845004400589349,0.32743602063945026,-0.10998712330604109,0.14338974666779791,-0.079607268202034454,0.98645935719620725,-11.001170785928972,-6.9911671427763222,-3.7327716682209924,,0.1870103221774334,0.475,False,2
-0.03142151402697118,0.99950566793740436,-0.0010527189824616721,-0.9903802965478633,-0.031276606564757198,-0.13479110538740943,-0.13475739929970143,-0.0031927484706095154,0.99087347814500759,9.7733695806284686,5.3280488463684126,-2.1204064239086251,0.1227663562635083,0.1128772464175956,0.7808219178082192,True,5
0.68161237079171011,-0.72402363284428584,-0.10580337927810242,0.71784122984089405,0.68968506558069032,-0.095070915928430061,0.1418046005044124,-0.011148515502999019,0.98983188768490515,-18.21175084473337,-11.323180793412215,-4.4827651021697212,,0.2422572789697964,0.7,False,2
0.15693945746914065,0.9876078377023455,-0.00087498467861642573,-0.97917954938094454,0.15548450517173454,-0.1305066233017681,-0.12875331748510632,0.021338405760431847,0.99144705137298239,-14.147170337156076,4.9056630778075832,-2.0574920384552411,,0.1641818226905294,0.5813953488372093,True,5
0.31712095996324741,0.94701589768217531,0.0509429709500024,-0.94211397064837787,0.32073624201989637,-0.097721693416059824,-0.1088832542732647,-0.017004487412996695,0.99390909259684579,12.596382004855121,8.3548419149975999,-1.7286377965657858,,0.0900121864418561,0.1785714285714286,False,1
-0.27732197827371713,0.96077590710756933,0.001475360288444319,-0.95034427680979205,-0.27408462449666038,-0.14738851430623653,-0.14120295995915574,-0.042276174568585054,0.98907757489623682,9.0909263727193874,-1.4390628851950249,-3.0163811280895159,0.188844606860017,0.1557756131211699,0.879746835443038,True,5
-0.98877426320645689,-0.10160732318078664,-0.10955093927741061,0.14212941975248652,-0.86578066328125636,-0.47981566369710005,-0.046094299662206309,-0.48999979077985567,0.87050302732061069,-0.5996069268491544,-9.5798937658979284,-3.8929950703929381,,0.5011067780042963,0.4078947368421053,False,6
0.17972663979037179,0.9834992412988961,0.020677942696481304,-0.97621022567140892,0.18090761074448705,-0.11952418863685885,-0.12129274604954861,0.0012956616912206641,0.99261593328766551,16.986850989857839,5.4799628724186906,-2.0201891078869871,0.2353345414622282,0.1764874161702372,0.53125,True,5
-0.21757222495683376,0.97341985130786435,0.071527057867001309,-0.96181076875019023,-0.20135349298176947,-0.18540985944714436,-0.16607941486982136,-0.10913553016234891,0.98005462297398604,-7.5342355527944056,5.4550531376101583,-1.9787463712186428,,0.3682925986118169,0.5357142857142857,False,4
-0.84811690613944257,-0.51922546806099656,-0.10536900320919929,0.52819088668849168,-0.81310347921391546,-0.24469801656215268,0.041377539072379052,-0.26318747197970038,0.96385696752850702,-13.802373114189853,-0.70870941434331902,-2.8850114036201462,,0.2709594561639623,0.3333333333333333,False,5
-0.89471653227351389,0.44555512130498842,0.031031608971419246,-0.42965784374598415,-0.83965474537580831,-0.33222589585316498,-0.12196911159801671,-0.31058097566783394,0.94268923477952549,3.4335681499294788,6.9556023192789507,-1.7758184577686111,,0.4347944284294155,0.1739130434782609,False,5
0.7132740540685395,-0.69230537138621129,-0.10933158986510388,0.68876001262292597,0.72124410825800611,-0.073597427365237222,0.1298066593218471,-0.022808091829755888,0.99127696540512267,-10.204027939573407,7.2294792590919963,-1.7424608368506977,,0.1859370294895507,0.5,False,5
0.97101103962308399,-0.20111098885800499,-0.12919725651365341,0.21835225961304558,0.96619453628804386,0.13707811192532054,0.097261768706807181,-0.16131487286573745,0.98209860000935578,-4.4594874469161425,-12.623968145777633,-4.3251259999910268,,0.3191295910748656,0.3018867924528302,False,5
0.21656067741053719,-0.90265886845633958,-0.37189842725751143,0.96832160993545713,0.24711034334036008,-0.035912921716483151,0.12431706532690531,-0.35233995715974475,0.92757847207509958,4.5966480824062996,2.0208770126892035,-2.4826242073963067,,0.5552403669907786,0.3343283582089552,False,4
-0.23872896105701344,0.97108244947954303,-0.0027128334725998772,-0.96056781717532669,-0.23655228210789336,-0.14612490012511925,-0.14254105289237656,-0.032278385064294188,0.98926242933711706,-13.296777233936645,18.907747847367038,-0.12272020240462608,0.3949058554425625,0.2964947279501983,0.8048780487804879,True,4
-0.76028815559148666,0.64914393186886166,-0.023959887001605975,-0.63088086879696292,-0.74668059465296976,-0.21084928018534033,-0.15476191344540821,-0.14519037601205481,0.97722489983636518,19.159286489743344,10.046338230485699,-1.4933799735204072,,0.185605708889064,0.8974358974358975,False,3
-0.11112540278955994,0.98335604140790234,0.14374296741558859,-0.98399247212244556,-0.088594422664988196,-0.15462807985296956,-0.13931963128438488,-0.15862510551371861,0.9774600330650588,11.560485430673378,-1.9957764066432717,-2.999556539482787,,0.0887427708910073,0.4166666666666667,False,1
0.11322974295524085,0.99323423037158243,-0.02578350109007603,-0.98503272559885413,0.10882480307654403,-0.13367008541422373,-0.12995981998134873,0.040533021766496202,0.99069042558051112,19.795776060878008,5.1380737801104921,-2.0241726154644146,0.2240554628861234,0.2229491887619711,0.4090909090909091,True,3
-0.046695338046261796,0.99810128082234306,-0.040166884688061941,-0.98956052908579373,-0.051709364556004396,-0.13452174877193215,-0.13634333383114089,0.033466025130166943,0.99009621778986623,18.050691363777872,5.6731739412521849,-1.9984134638985083,,0.1356803044616958,0.4482758620689655,False,1
