axis_00,axis_01,axis_02,axis_10,axis_11,axis_12,axis_20,axis_21,axis_22,location_x,location_y,location_z,dbh,dbh_approximation,score,reconstructed,number_clusters
-0.93090015548763017,-0.36514695504314709,0.009622979571028048,0.35870155023151495,-0.91880862070743119,-0.16469340112832775,0.068978970524460531,-0.14986133502817298,0.98629786671621678,5.6244854367894117,12.554770485423973,-1.8729625089025532,,0.1577579559702658,0.5,True,5
-0.87193727334283588,0.48331534448598357,0.078304975192229134,-0.48945078775488909,-0.85624626479436716,-0.16516737084488928,-0.012779582214580101,-0.18234201877266137,0.98315210952747867,-7.452184220224618,-5.6909139984483605,-3.7099580728550223,0.3219497138459927,0.2470000499656215,0.7169811320754716,True,5
0.49556974349277977,0.85324438383763135,0.16243352727820803,-0.86360109962511433,0.50401420014514164,-0.012760359647965028,-0.09275650953325458,-0.13395412461582895,0.98663697601377853,10.589713594597873,-7.301677937666053,-4.3513389135870435,,0.1998684291668977,0.2647058823529412,False,5
-0.92563576791600299,0.34936804286208739,0.14539737198886085,-0.37834945121490926,-0.84724519936844445,-0.37286360094879589,-0.0070794010996409404,-0.40014690149224003,0.91642366801945441,-7.0935979189055907,-8.6357892303559929,-4.145803310499347,,0.5061688901500201,0.1870503597122302,False,4
-0.93348677294156113,-0.35827151672448987,0.01561938049617324,0.35224673857546457,-0.9242176947113051,-0.14745808877599581,0.067265740954062458,-0.1321482995972883,0.98894496662223175,14.774094492611393,-5.0218690808411939,-4.2538791966785334,,0.1489808200668941,0.2727272727272727,False,1
-0.8776516874192456,-0.47855536356804979,0.026688566285986415,0.47323633192777481,-0.87403428549599271,-0.11005199644283341,0.07599269513377449,-0.083957321168318111,0.99356745040713979,6.4942308206544146,-7.5281268116928004,-4.3007249957021552,,0.236969006183512,0.9961685823754789,True,5
-0.84700726600819642,-0.53153101962689497,0.0073120793016449789,0.52564926243996568,-0.83952527911695762,-0.1374414734347448,0.079193081930431564,-0.11257033755828914,0.99048289984046289,-6.3715785496003168,-7.3703974448933121,-3.9823161134036158,0.178165713915608,0.1018181600181831,0.8409090909090909,True,5
0.079368071785109837,-0.99670890321270045,0.016494588132146847,0.99312155574186955,0.077631853443883389,-0.087651987152123065,0.086083010530314266,0.023337900235516303,0.99601458709731505,10.83636934715517,15.900324750199497,-1.719621247448472,,0.1991180908499616,0.9152542372881356,True,4
-0.99756286004461148,0.057199912164265045,0.03995635503916152,-0.061878382705300647,-0.98986459435537244,-0.12782468695619914,0.032239820306439612,-0.12998559493295522,0.99099159385765445,-15.549327929791579,8.1981952899343007,-1.607655936776915,,0.2691135086728204,0.7741935483870968,True,5
0.92397722440700458,0.37614495796849229,0.069145204982036371,-0.37775839407687872,0.92583323720196931,0.011463533337413553,-0.059704978700140708,-0.03671222530713128,0.99754074003592108,-3.2882510499542832,-22.034424201041137,-6.1381973917221497,,0.144920498673995,0.1739130434782609,False,3
-0.99786247568944297,0.04744377907820143,0.044939597658549789,-0.053618475323579683,-0.98753077218740992,-0.14801362466648244,0.037356909868298822,-0.15010683465357089,0.98796376425219945,-20.743821898067718,-4.3814527883492742,-3.1298204325133487,0.3231455509986969,0.2555440476292421,0.7272727272727273,True,5
-0.56751270218693273,-0.82336443210436128,-0.00058719838988850748,0.81811126935323286,-0.56381118355900162,-0.11318524749736822,0.092861638009075154,-0.064714459275042047,0.99357372899398433,-7.6345743612362531,10.099968858659301,-1.6670564100352778,,0.3447157042303947,0.9712918660287081,False,5
-0.87659483219818413,-0.48049085476441777,0.026646550455826486,0.4746870940761867,-0.87245061578983318,-0.11619847557280859,0.07908010420416188,-0.089210209593400258,0.99286850872779675,-22.137697742800786,5.0979342224724107,-1.7154030689973845,,0.1304311486379338,0.5666666666666667,False,2
-0.90001456804958002,-0.43508366080041616,0.025999719287658287,0.42972492394754264,-0.89573956204627814,-0.11396107547501026,0.07287157907447317,-0.091393900724560495,0.99314494806827802,12.553230845429043,-7.3355345371729559,-4.4231937568229718,,0.1671039089254384,0.927710843373494,True,5
-0.5981527433385716,-0.79082790473601838,-0.12963225187961419,0.79640426551237264,-0.56860680161039956,-0.20597706434477034,0.089182630092629653,-0.22644542444754895,0.96993243488220893,16.119454140012113,-3.6185335631236786,-4.1265464660766877,,0.2404859706682673,0.2448979591836735,False,3
-0.64465035673999505,-0.76447389673954114,-0.0023619396388508615,0.75861216086610128,-0.63931929360682027,-0.12561222157154897,0.094517230921460693,-0.082767759580266345,0.99207660542571097,5.4171403940598584,13.53098932023229,-1.7570057809769428,,0.204529207691081,0.5161290322580645,True,5
-0.98073315210051093,-0.19211552353476741,0.035413415367034851,0.18711330169228041,-0.97589811024660833,-0.11230089379391563,0.056134630138707925,-0.10351088848068557,0.99304299970601972,7.5002039518952923,-8.1423344469646768,-4.3837191812776251,0.2015935233521867,0.146634977356268,0.8939393939393939,True,5
-0.16011990424173483,-0.98008986488876604,-0.11741155397974645,0.98356005327824669,-0.14835230346679681,-0.10296220496565205,0.083493939066923761,-0.13196761268741922,0.98773139635260843,-22.354283887946018,-1.5294778556079287,-2.6499812383303789,,0.2298484034790572,0.25,False,3
-0.35225367162769505,-0.93586429967225837,-0.0086812109616243791,0.92946013592742005,-0.34872642893837053,-0.1203899226749147,0.10964126297424852,-0.050476631809619046,0.9926887241701533,8.7808385344013473,-17.333452051480322,-5.5792148708784133,0.2189909807419268,0.1859356046275624,0.6862745098039216,True,5
-0.9661026139937865,-0.25601959033278199,0.033161854595410781,0.25135861705809087,-0.96215110445287855,-0.10528104212416399,0.058860724299117081,-0.093376772089960813,0.99388942723476181,9.9450575795730423,3.0831322686938156,-3.1490181518158611,,0.2113077894516983,0.946236559139785,True,5
-0.95060232954562884,-0.3091972494905148,0.027427576814697534,0.30380279617293277,-0.94486071378411562,-0.12223785250437237,0.063710847584482894,-0.10786701282075822,0.99212178458352351,-4.9324759637773186,-7.4174538230320053,-4.032938237534311,0.3301822882538099,0.2677333477992735,0.9839816933638444,True,5
0.56537119594606711,0.8121265378773217,0.14424249467444444,-0.81904485620768941,0.5734375863595319,-0.018299127571495585,-0.097575275117405311,-0.10779527366980277,0.98937315743869514,-6.3404134272086337,13.689415772324557,-1.2911994502758071,,0.1399444874912825,0.1176470588235294,False,5
-0.035562895466348242,-0.99933184963612376,0.0084341430444449528,0.99544509955202765,-0.036169044958774314,-0.088209148984809596,0.088455266908781402,0.0052587536179912325,0.99606626851152946,10.975493311058477,-9.9554264634443399,-4.680867306516812,0.105052481353005,0.135518125041679,0.7160493827160493,True,5
-0.30876158770817186,0.8972818787736988,0.31551784732447341,-0.94846353743012435,-0.26559280893707093,-0.17285073909720797,-0.071296564583880367,-0.35262684223589308,0.933044002184934,-6.406548266064199,-15.498011303249173,-5.1343336678703286,,0.1902693692669817,0.3636363636363636,False,3
-0.1229105425810286,-0.98459644632643595,-0.12434965381451937,0.98895054765089652,-0.11105111992720632,-0.098206227215511796,0.082884334004856633,-0.13504623891196268,0.98736654821413938,11.004316612562853,-1.2325049545622302,-3.6492346369614443,,0.2083775392767705,0.2333333333333333,False,6
0.24836943741906228,0.92749162467079616,0.27941350848100754,-0.96424958472435518,0.26423950982502159,-0.020005494403830801,-0.092387017026462487,-0.26445560612881691,0.95996243232326173,12.675815011126298,-6.44708532103179,-4.3165681529799675,,0.2217101152020907,0.2631578947368421,False,5
-0.46363356623496904,-0.88596355283330031,0.010606569249281321,0.88099888189051101,-0.46224295990090525,-0.10085839642646811,0.094259675195244891,-0.03741696237063255,0.99484425140774724,15.365416699584097,8.1706142206488384,-2.7049042057068031,,0.239530456211329,0.9615384615384616,True,5
-0.2537937919628005,-0.9671750687889743,0.012692417980206202,0.96280729277670973,-0.25386156269406562,-0.092500940333103215,0.092686720392535366,-0.011255811812950246,0.9956316982515705,-15.076611333606149,15.714098022645807,-0.6657455433201741,,0.287071209470419,0.8382352941176471,True,2
-0.55997867732456774,-0.82840149292093879,-0.013222990137900369,0.82298657783763174,-0.55433728091901413,-0.12410991774397868,0.095482844746744261,-0.080381250983505473,0.99218036709531576,13.386325747471753,8.3175424050086093,-2.6117033779989844,,0.1152042273743908,0.5555555555555556,True,2
0.99403057453245336,0.072227937082203167,0.081770055640972589,-0.080403905987437782,0.9915749466355539,0.10155952494305751,-0.073745703580898131,-0.1075279047947349,0.99146322215895177,-6.87605316100169,10.73125719842387,-1.594392579784953,,0.2892850490885908,0.2352941176470588,False,5
-0.72291390837052849,0.68827880239997385,0.060562127202600187,-0.68923743223545564,-0.71221285114505717,-0.13305869633099227,-0.048448354873223659,-0.13793166725116218,0.98925609024124395,7.1426901801211624,-18.120606703754362,-5.6433772208900894,0.1517249747887343,0.1792358089803216,0.4545454545454545,True,5
-0.49292646873037466,0.86403297252712297,0.10232555306933799,-0.86926980659775432,-0.4840092072485207,-0.10052407988218769,-0.037329609728803892,-0.13849949344528864,0.98965872428473667,-13.326278482477534,-19.780755316414382,-5.6957530998120651,,0.1320899559817859,0.7837837837837838,False,2
-0.11559017759585491,0.97999681188446874,0.16200357878650368,-0.99218056579445935,-0.10618364826485431,-0.065595409145390332,-0.047081160809226141,-0.16831898745370896,0.98460757805300947,10.742034007351601,6.7761279005867632,-2.7544761079163336,,0.3022419086749925,0.3975903614457831,False,4
-0.76739761603801493,-0.6410829857312299,0.010653839922869383,0.63536044809783887,-0.76256959832847382,-0.12167460169674932,0.086127811374048638,-0.086603770767103544,0.99251286490243273,12.0401577040285,-12.528611012551444,-5.0272229588597073,0.216735508243511,0.1925099375008044,0.5833333333333334,True,2
-0.55325374324623,-0.77158214852105123,-0.31396064031606291,0.82770777104020776,-0.46672228398391352,-0.31156083738571694,0.093862353175724555,-0.43223986132294295,0.89686039099730464,-12.582970409694049,-18.433718753950973,-5.4635609084085557,,0.4998158722853528,0.2173913043478261,False,1
0.40754492296494277,0.85634826991548052,0.31713526511295054,-0.90637178769489501,0.42167162456686441,0.026138544448775058,-0.11134324513080369,-0.29809508826531123,0.94802004204333024,-7.6063276388055163,-7.9066618608447374,-4.0105367617604593,,0.39418013971826,0.3169398907103825,False,4
-0.99830013892684633,-0.04413361243719495,0.038066479636070058,0.039522282996216462,-0.99265029610509026,-0.11438259827982525,0.042834819544464497,-0.11268368957271667,0.99270718962787496,-17.762478348315909,2.1797163044254289,-2.3770108105968335,0.2759907180442172,0.2981010399854571,0.95,True,5
0.37171608940151407,0.92131017302245199,0.11408204926887511,-0.92277656771613314,0.38012659928858494,-0.063144078006804605,-0.1015409028622426,-0.081800572116801779,0.99146261222866372,15.330151308219827,-6.6033364178398033,-4.4499322556968419,,0.1254065213976592,0.2777777777777778,False,3
-0.34929192392299663,-0.93666757408168366,0.02547562651054492,0.93229323035307798,-0.35012939890156158,-0.09076748681468276,0.093938727476977901,-0.0079535959643713267,0.99554620977192299,10.312282194440677,1.9078694144530901,-3.3056790482226019,,0.2144217780680104,0.9415584415584416,True,5
-0.63158028784764864,-0.77507495234768042,0.019109114200350295,0.7699343283983433,-0.62990775650899455,-0.10206541159274785,0.091145323281412297,-0.049749739024902477,0.99459413506760697,9.4202337658286872,9.8975702704692292,-2.3211945752177785,,0.1207054460908469,0.3958333333333333,True,5
-0.95882927025347264,-0.28226817241947499,0.031162627362963755,0.27718209120082454,-0.95408638901016984,-0.11353083556053398,0.061777980079727478,-0.10021896599199547,0.99304563844405691,8.5114831860803566,-2.1652128032375453,-3.6665855419341873,0.2079138460862489,0.1896131512332909,0.9517684887459807,True,5
-0.98474242617973062,-0.17088929622240726,0.032851217911492391,0.16590591584224451,-0.97892240132111952,-0.11910566434993629,0.052512676281104356,-0.1118381894895656,0.99233796571606214,-11.482992908064995,-1.0749905165672016,-2.9475176343809801,,0.3422488482794028,1.0,True,5
-0.89102472119629861,0.44409545605560741,0.094096610607500381,-0.45393018101545318,-0.86946749208275809,-0.19486834266908537,-0.0047262014700366339,-0.21634580218270993,0.97630536047774708,14.669914326672297,-0.44779941271822621,-3.7229630775090938,,0.1427293567801161,0.1578947368421053,False,1
0.9726908071155278,-0.22929152512821296,0.036027631858362177,0.23139479827401999,0.97009342272967602,-0.073315745296272938,-0.018139489647429268,0.07965015807266454,0.99665782053537855,14.629093253071128,4.372715160145102,-3.1455346603642051,,0.1397804510753757,0.631578947368421,False,3
-0.8849128265009647,-0.46527536873169978,0.021168862644337545,0.4598454025018745,-0.87999709418431915,-0.11894250722531426,0.073969556521334967,-0.095519346096671953,0.99267545513591804,-5.3326439541981365,-1.4462213761342069,-3.2168124574995702,,0.2633767070649103,0.8323809523809523,False,5
-0.86866961256797914,0.49149182520831131,0.062039422582749297,-0.49531426487309643,-0.85947928531133244,-0.12632947848362958,-0.0087683073749840745,-0.14046759012001514,0.99004644987578949,7.6919677790454264,-4.1417453283278638,-3.8733681655120717,0.1117856918756883,0.1184862164907345,0.6929133858267716,True,5
-0.98480601356445252,0.16765765967028651,0.045255108011944184,-0.17275277949370221,-0.97239607090489821,-0.15685138974811647,0.017708552297990149,-0.16228613755523802,0.98658482490504129,7.7384164197224843,-19.061361089569633,-5.8353336774929341,,0.1335516672508785,0.28,False,5
-0.97090382211086645,-0.23690750895709539,0.034937092183739742,0.23235324659083997,-0.96727378289666843,-0.1019480147892306,0.057945983546813296,-0.090863970420143714,0.99417604168994145,-13.937269738789587,-4.8812615385045026,-3.3499485236954767,,0.2819715962750616,0.9947643979057592,True,5
-0.68429835573811837,-0.72917294929767462,0.0065245955153002133,0.72363723833172167,-0.68015225790369149,-0.11722650454632316,0.089916114427539467,-0.075496464030052626,0.99308377103103063,8.7426499439828831,-0.5278081121987751,-3.4909632257553791,0.2916841913952435,0.2225217335895509,0.886435331230284,True,5
-0.99179798860886959,-0.12453409259326846,0.028775155488238398,0.11852910460459476,-0.98037423472752383,-0.15753479375698368,0.047828873633340895,-0.15283199816921059,0.9870941085745436,11.736599082100202,16.279077522399394,-1.6745425900190196,,0.1581180193775809,0.6,True,4
-0.71515023328209559,-0.69877720221141171,0.01644887552856767,0.69276825841104517,-0.71173595124994848,-0.11620703867002352,0.092910085430429584,-0.071710231961142984,0.9930887969649983,6.2132094650589753,-16.277982146743703,-5.3611416134312231,0.2045547076277358,0.1264667027046174,0.3404255319148936,True,5
-0.91260820765898054,0.38510917707981818,0.13724861034767905,-0.40867500561111125,-0.8499113639187974,-0.3326190212096235,-0.011445483922577188,-0.35964092538335379,0.93302058159891832,-4.1519648660781829,-13.291299126695515,-4.820080905746404,,0.4929357604993574,0.3724137931034483,False,6
-0.27489061104591961,-0.94840771124217793,-0.1579809014253728,0.95467513718184216,-0.24972878595004186,-0.16195961198628434,0.11415136620133162,-0.19534161544404877,0.97406936040000647,12.493104471222463,-0.44894101790939778,-3.591303340228535,,0.4449571872015909,0.2428571428571429,False,5
0.19345528491817784,-0.95683918080112096,-0.21687285404371581,0.97802351294825074,0.20559382580093627,-0.034658143529296567,0.077749989437875325,-0.20540194954375302,0.9755844290813771,-7.0664139012946663,10.974984721219011,-1.5665124244213131,,0.7844690665058729,0.3923076923076923,False,1
0.99822965464371383,-0.05536241654825802,0.021738431954229302,0.048185986528146783,0.96702657541349124,0.25007541491790819,-0.034866420696721273,-0.24858520727909736,0.96798229706426298,-10.408835392880443,-14.023154992444141,-4.7839171135545691,,0.2481403654736807,0.34375,False,1
-0.98498515581016421,-0.16922252291602433,0.034175730739251807,0.16462253389516088,-0.9802828133916347,-0.10929330767671694,0.051996770741680097,-0.1020261902989449,0.99342186020115375,6.2983536699088498,1.0194428114694409,-3.2416615690361179,0.3240015843804552,0.2624645199337926,0.9760765550239234,True,5
0.42584483372293602,0.90261831346372046,0.062740399993898618,-0.90007960334660442,0.42967631583411503,-0.072353101181921578,-0.092265298086033065,-0.02566015999816143,0.99540377282686887,7.1455743273388483,21.27527609065465,-0.99630378077861759,,0.2935697462158149,0.7755102040816326,True,3
-0.94021550867146475,-0.33965594529843268,0.025072616079839946,0.33411972181380406,-0.93414869259066635,-0.12542022016491114,0.066021274970460647,-0.10954478059029857,0.99178683813443425,-6.2302558916794952,-11.182946552406593,-4.5067224353919215,0.3159014161009079,0.2793139967315979,0.9891696750902527,True,5
-0.84038651941186615,0.53941527580795123,0.052741427889662407,-0.5417336719438286,-0.8330281728086455,-0.11219934041403801,-0.016586942848664112,-0.12286262056508804,0.99228506478471912,8.6404087280018835,-3.3244430467916808,-3.8244081520807938,0.190504851161485,0.1774646782292433,0.797979797979798,True,5
0.36671099770337268,-0.9267456637609669,-0.081642628960866603,0.92562546360071951,0.37226581785771473,-0.068085695918303102,0.093490883498606098,-0.050602722801954277,0.9943333541361663,-9.5242496937675245,-5.6531204468921992,-3.6164281718222244,,0.1440755215918689,0.3469387755102041,False,5
-0.72029676567358014,-0.69234403172668801,-0.042805503064621206,0.68854664806816623,-0.70613487640521122,-0.16515765122540074,0.0841194555039049,-0.14843610765791784,0.98533782995939745,7.401326587851317,-14.153200805844081,-5.1110622242460915,,0.139368714504915,0.8904109589041096,False,7
-0.544887254766797,0.8368978576193552,0.051960133803096067,-0.83690948866442871,-0.53897638961770367,-0.095325543366444832,-0.051772457698533128,-0.095427602646179902,0.99408912340748135,5.9256400037169277,-9.601883486768422,-4.5581432681251446,0.1922676884948794,0.1642742891755391,0.9343065693430657,True,5
-0.8671385953872528,0.49087377934141968,0.084342095924235361,-0.49802690346803524,-0.85240008864690919,-0.15932134915566434,-0.006313462747330495,-0.18015832378719585,0.98361736389631005,-5.7671215350632012,10.711757271893383,-1.6322903588713025,,0.131901204195721,0.2727272727272727,False,5
-0.92561244139169585,-0.37803114759026424,0.018277302659132442,0.37225291189058635,-0.91805783366683213,-0.1363729578470155,0.068332846639702127,-0.11942472731621516,0.99048894823494338,8.821561720121549,-11.823924409639163,-4.8280865197448906,,0.1340379400452912,0.6461538461538462,True,5
-0.4879917237927186,0.87132095726883396,0.051612662534825757,-0.87093622980013741,-0.48215897918680389,-0.094830387593122095,-0.057742195414909117,-0.091227782027527238,0.99415458086507091,4.7914443315845627,19.08708287510493,-1.1370361406166598,,0.17263537750401,0.7096774193548387,True,2
0.86028218048991489,0.44526971770358131,0.24829306963282549,-0.50459124098171049,0.81321857224394523,0.28993660217719519,-0.072816546581497596,-0.37471380045802022,0.92427664597254244,-7.5846099788288521,-9.4701551316775205,-4.232359301148878,,0.3680226281347465,0.2133333333333333,False,3
-0.92657376048037976,-0.37562450078629556,0.019165093224247795,0.37032596454258992,-0.92003604279155404,-0.12803265189028287,0.065724777480401231,-0.11153436409243658,0.99158476150637154,4.8527096158764715,11.45900717241782,-1.9689348137659883,,0.1940376963177138,0.8548387096774194,True,5
-0.9352990512250563,-0.35265672185350133,0.029136254204203842,0.34780156745131136,-0.93133772265973713,-0.10790790531460323,0.065190140787704395,-0.090792526578549637,0.99373384900664574,16.392476723410589,7.2682979851106682,-2.8625756101241042,,0.2263204667481925,0.9347826086956522,True,5
-0.44762409221363109,0.89206119415624285,0.062124857750014008,-0.89223501539139316,-0.44092179925130465,-0.097491765059986496,-0.05957641630244391,-0.099069636244052989,0.99329545342512671,7.3809521186897902,4.3608383615211492,-2.8989733019488009,0.2271945708182666,0.1620586293657563,0.8515625,True,5
0.19312125940402608,-0.96089032605262359,-0.19847911846006527,0.97774936630802367,0.2053570634354655,-0.042832851661069635,0.081916761718587791,-0.18579089804305257,0.97916872210763317,-4.2631346205956699,-14.141552382234783,-4.9275181726667006,,0.4401908813131898,0.4044943820224719,False,7
-0.56692763109749578,-0.82365196207696834,-0.013802407939984752,0.81838810651194038,-0.56123461169625211,-0.12351768194860765,0.09398919202749903,-0.08132131332508756,0.99224637856789411,18.518768820926077,11.769055373464735,-2.4407492091191498,,0.2420838043690863,0.9107142857142857,False,2
-0.96724935458668926,-0.25235693657948638,0.027288506955303118,0.24677810314224993,-0.96009600538854345,-0.13159114045586157,0.059407523607246167,-0.1205472396912447,0.99092840767720236,-3.9941673740726404,-19.822246144581879,-5.7502219840693014,0.2524014674403213,0.26199688399879,0.9891304347826086,True,5
-0.88482983646588687,-0.46550600433927608,0.019501805655732018,0.46025036006023223,-0.8798140167975772,-0.11873037484544177,0.072427664356781399,-0.096080465083150338,0.99273499871074722,-8.8258311647375791,-4.8635308395077868,-3.5583556744827503,0.1406374045838687,0.1174559832745122,0.5752212389380531,True,5
-0.65011612963239351,-0.75953784174153816,0.021243468511588221,0.75404357506249209,-0.64835414351782039,-0.10514367070941048,0.093633887555587186,-0.052337095313739333,0.99423011599696998,-11.165958225322985,11.783598903902954,-1.3372450987307749,0.3049482913744516,0.2737181163281543,0.9148936170212766,True,5
-0.77184047609537987,-0.63573488777629594,0.010170148716663975,0.63049589779950788,-0.76734893400273485,-0.11683550976847826,0.082080462467331167,-0.083766138438681054,0.99309920538293761,17.493353042540935,10.012007508255442,-2.5688197549982803,,0.2156979103492101,0.8787878787878788,True,5
-0.59850914079009909,0.79867837266579922,0.062447301195555138,-0.79995540100618845,-0.5916292461834074,-0.10023069121522189,-0.043106435618427114,-0.10994404074966471,0.9930025896803647,6.5047237392453345,-10.730895250527789,-4.691823874308696,0.199626291104507,0.1467810928193242,0.9370629370629371,True,5
-0.97371407408588795,0.22371053981564284,0.042831020329383185,-0.22708834022392649,-0.96804341145555073,-0.10640883079820723,0.017657510056759813,-0.1133382014719351,0.993399549237719,12.32292873633161,10.526925562988271,-2.3329198218706111,,0.1779841441100629,0.9629629629629629,True,5
-0.3040715054079835,0.94926964029244343,0.08017274859936474,-0.95088520884173611,-0.2973126848834311,-0.086153856636903545,-0.057946865358958689,-0.10243201367960986,0.99305077582599499,7.7099804801374843,-22.213503019685803,-6.2923857057634649,,0.1508426375857156,0.9111111111111111,False,2
0.99247354138613408,-0.1212567244898408,0.017119474713293472,0.12020590622798522,0.99133931393506702,0.052885770814635399,-0.023383963658308214,-0.050429866277278156,0.99845381406997558,-7.3861426435931214,4.38394378449612,-2.4272709862667443,,0.2283456854387084,0.3090909090909091,False,5
-0.66928937266128263,0.72726488396957545,0.15211023695789783,-0.74200183548004495,-0.64361392475277523,-0.18760168445025754,-0.0385358506706662,-0.23842588871397746,0.97039583871945734,6.7028303132215958,-22.41586000950506,-6.3108943520642224,,0.2682881955661777,0.2068965517241379,False,1
0.34247958255488409,0.92280526013997666,0.17646015808397769,-0.93192440659475484,0.35750576441528065,-0.060881268078610155,-0.11926707813158718,-0.14359693683305319,0.98242316941637642,9.4707970471784773,0.75289822167033649,-3.3914714378478301,,0.2696693092560175,0.9532163742690059,False,7
0.16070340937007438,-0.9868693958478777,-0.016223740495933656,0.98356161902546102,0.16149287717491773,-0.080787326987474581,0.082346559107521519,-0.002974249588047255,0.9965993166978091,10.944431184451027,10.013213966020462,-2.3610844905140826,,0.224064386122773,0.6229508196721312,True,5
-0.87704314433780128,0.47707778425662239,0.056498767587059351,-0.48035324669224061,-0.869017799104286,-0.11861207034770208,-0.0074887490469614307,-0.13116726957871924,0.99133196560434678,9.4487886096370186,-7.6620194750043273,-4.3512069429805109,,0.2120209916072727,0.9534883720930233,True,5
-0.90410395548278033,-0.4262148920347863,0.030608879237329731,0.41875451486021492,-0.89798509255447301,-0.13515705617584062,0.085092267360647733,-0.10937842272454296,0.99035128448329612,-9.6815131278754052,4.5853791970266613,-2.2935394696993772,,0.2999757211168589,0.5785123966942148,False,5
-0.86115281735488192,-0.5080164692465583,0.018305522008679579,0.50239859438519097,-0.85601777118741307,-0.1217753167563862,0.0775337186102526,-0.095670488582397351,0.9923888754378859,15.496768649812553,-18.377483298585247,-5.9001830885068198,,0.197652230450729,0.9302325581395349,False,1
-0.23386858235531838,0.87114270507885838,0.43175904573616264,-0.96933932238207554,-0.17446962687505124,-0.17303649147488431,-0.075410637651269097,-0.45898881978319311,0.88523584374055919,-8.8095701076842232,-7.9148993967974626,-3.9648549803061455,,0.5043494745314158,0.3082706766917293,False,1
-0.2109240000717871,0.9743510417060427,0.078429036205131031,-0.97474253106153852,-0.20362537015345261,-0.091726259978343161,-0.073403435433649633,-0.095795386925563331,0.99269087812385948,7.5510086084184564,13.668802755415953,-1.8234662651094729,,0.1463612130355804,0.74,True,4
-0.86437977209909711,0.49991732761904079,0.054132015777624519,-0.50271017508314431,-0.85669355367432432,-0.11557956117208273,-0.011405676384441288,-0.12711734987441173,0.99182210597824405,14.237511133725851,10.632066176229875,-2.373183701594924,,0.183053279060032,0.7878787878787878,True,4
0.94317065097090769,0.32562350125368134,0.0663208758869238,-0.32353351355007248,0.94535238511389341,-0.040434311783663843,-0.075862960376325506,0.016679430169144117,0.99697873991985086,13.607310252043701,12.017000698824978,-2.2119097995560515,,0.1582196856506674,0.53125,True,3
-0.016501322478706879,0.93727209283983903,0.34820788379943579,-0.99461087329509346,0.020264087293623716,-0.10167879567209219,-0.10235681257065597,-0.34800918199062514,0.93188663053538401,-8.5073784292017685,-7.7904844194923317,-3.9384761844582377,,0.2692787698116255,0.2261904761904762,False,4
0.038176407086228832,0.97554003842977577,0.21648139726641205,-0.98971129767782229,0.066807782348632883,-0.12652378221717392,-0.13789165743752485,-0.20942386119563672,0.9680534784664756,15.983983167565846,-1.7191306126195312,-3.9176690445479005,,0.1694174095843105,0.25,False,3
0.22144218912413696,0.96987167967312571,0.10154940592607695,-0.96975844933422217,0.22997419294293303,-0.08173383953498739,-0.10262507890761584,-0.080379074069535345,0.991467244860328,15.605979832241967,5.979789864225908,-2.9789394649094678,,0.1446842208829421,0.46875,False,5
-0.97468363075639919,0.21891828102726388,0.045459940250627134,-0.22280620620659611,-0.96797904543580915,-0.11564584762542493,0.018687279399272075,-0.12284687146707128,0.99224968216644249,-18.325785783981178,13.514617770948593,-0.86937099730684375,0.3142482216103573,0.2694306135274623,0.9772727272727273,True,3
0.22020181169255512,0.96463016466204288,0.14491310344960592,-0.96940350997324509,0.23292889066024963,-0.077465907000030448,-0.10848039905378457,-0.12342113805935032,0.98640723116837836,15.269497884106054,0.72299627053063675,-3.6076765415786185,,0.1685758816716521,0.4565217391304348,False,3
-0.9892540013239266,0.13976489216289756,0.042921973198975727,-0.14384015663188821,-0.98296622946758716,-0.11440017948581982,0.026201721407454304,-0.11934473865641305,0.99250707964745422,-10.236948799569012,-16.948250015358155,-5.3354771304373569,0.1259148973079973,0.200385165875881,0.8125,True,2
-0.9452669237520509,0.29595700074173398,0.13740413593589976,-0.32625830638742576,-0.86384145410687574,-0.38384040912822948,0.005095132338095533,-0.40766088342944445,0.91311918375860557,13.943563767756244,-3.9198933173184232,-4.1013767477336627,,0.3336085161635265,0.4,False,2
0.22740926151826954,0.96364227343614017,0.14028042137997235,-0.97280047673682757,0.23132932389974387,-0.012082067897850421,-0.04409376641109454,-0.13371728665701643,0.990038093717999,-20.472651691112397,17.727688226630367,-0.24010533407416768,,0.1950414226007957,0.1578947368421053,False,2
-0.35098893715166696,-0.93637938684314082,0.00064022840244040702,0.93220476687535458,-0.34948846712118642,-0.094085514103657772,0.088323488450181065,-0.032426150627967068,0.99556391364062802,4.4678134758720374,14.415576600988569,-1.6287840492262999,,0.2160831581149083,0.8852459016393442,True,3
0.78916245959628717,0.60929052420826546,0.077380032785953651,-0.60841801254210337,0.79274773631635642,-0.037128810640916179,-0.083965078325783482,-0.017778742230802533,0.99631008323033421,10.970942639806331,18.021748400348311,-1.4789827138479374,,0.1763500619991658,0.4193548387096774,False,1
-0.88726232012772144,-0.45948465883465561,0.040489795963587871,0.44578912971834106,-0.87673059756808069,-0.18059764979888343,0.11848049251474663,-0.14218757886508998,0.98272329030604888,-9.8867380077192415,16.480595739181364,-0.82706052375686012,,0.1900370433208199,0.5555555555555556,True,2
0.50830698807047769,-0.86117436933837821,0.0016466552054505076,0.85941377696376442,0.50714368714626346,-0.064909479681859367,0.055063289436756729,0.034409100283781073,0.99788979750975748,-7.617287964775346,21.218172423167147,-0.40256516320373414,,0.3050205812330445,0.9019607843137255,False,2
-0.99396906993151934,0.02555893502516678,0.10664065294178199,-0.045963690085555106,-0.98001683212959201,-0.19353125829280837,0.099563182016191826,-0.19726568273031669,0.97528120211749847,12.802755661088785,-4.0883422904260049,-4.0611099553840919,,0.1636716950508637,0.2777777777777778,False,2
-0.5778378003018303,-0.77773282653333287,-0.24745732374454904,0.81079554265510512,-0.51234436482012302,-0.28304388325430774,0.093349154002354967,-0.364190749977999,0.92663424989448095,21.442696050064502,15.316463518052567,-2.1537622805452208,,0.3952746258851047,0.25,False,1
-0.84900356569719537,-0.52790740953813253,0.022510272947833376,0.52271869943722415,-0.84535656948691751,-0.11017001263486534,0.077188773096249691,-0.081768192960637365,0.99365781631698913,-27.428540549156494,0.15506004908369217,-2.2918256399356345,0.2930263243284743,0.2738763907453046,0.9622641509433962,True,2
0.50793481807396579,-0.86101817945409209,-0.025493435188839432,0.85963060681257619,0.5085656275197824,-0.048951224054677028,0.055112978682054392,0.0029490939235911756,0.9984757695737142,-10.372493292693092,3.3972774815248945,-2.4057523198861741,,0.4603991647870175,0.6521739130434783,False,1
0.58336983957417188,-0.80326663445858404,-0.12017630482247518,0.8107929604649815,0.58467056068618195,0.027840810464790519,0.047899953399098479,-0.11367959109921646,0.9923621037866569,-8.3865314204547712,-14.082934968895678,-4.8362167359453547,,0.1884087757878568,0.3333333333333333,False,1
-0.89548155562265708,0.43309886518925689,0.10265552353090177,-0.44507262252730867,-0.86879585891739974,-0.21703482716983608,-0.0048108436151573716,-0.24003984773315176,0.97075111500526001,13.529274636096263,-1.8572201595150568,-3.8584542539090938,,0.1561758235900281,0.2647058823529412,False,2
-0.96199958875556779,-0.27177737071695951,0.026341070598860782,0.26681215955374643,-0.95613916991912518,-0.12086835508366774,0.058035013124698942,-0.1092471899526106,0.99231899545412006,19.801071484179474,6.7615276095572368,-3.0483518427235232,,0.1489489039826724,0.5925925925925926,True,2
0.50592260178920401,0.86071175634457597,0.056723835281804094,-0.85737595481591866,0.50899436925250618,-0.076362321682453299,-0.094598060774698858,-0.010000227971306785,0.99546531950550021,-27.164033441220944,-12.000915063209751,-4.0380016194351294,0.3346387246161768,0.2194575939382964,0.9375,True,1
-0.029079066598549856,0.93743333227757764,0.34694834690586646,-0.99589288319285862,0.0026026853556179869,-0.090501885255251477,-0.085742481253881148,-0.34815509986771132,0.93350750042221486,5.2822617401240128,-23.699553150910305,-6.5608884160275354,,0.4222771683992492,0.3582089552238806,False,1
-0.53280172114182056,-0.84549419872508857,-0.035523032957996428,0.84097859183828161,-0.52434856316945622,-0.13346757048747282,0.0942196052741434,-0.10098586150718339,0.99041633758618786,17.304583371735131,21.62048764486115,-1.3416076803183605,,0.1624093870331912,0.4736842105263158,False,1
-0.76109541375248602,-0.62482768571121206,-0.17413826211864525,0.64292989918173393,-0.69115684460903171,-0.33006569177703299,0.085877330554090497,-0.36317017955616482,0.92775670559584,-7.343789280882846,-14.927126226488108,-4.9963897243370869,,0.3727441490766319,0.2205882352941176,False,1
-0.90322747072937015,0.410779922122539,0.12425776314108214,-0.42915705613322547,-0.86312121353991855,-0.26616910397046739,-0.0020874124863280372,-0.29373734239687449,0.95588389273526986,-9.8230128873845075,13.722875168506464,-1.1507407820638911,,0.2528547136436788,0.3928571428571428,False,1
-0.074423888859465659,-0.99222043857756703,-0.099798226617385785,0.99319705385177803,-0.064763496344434207,-0.096774489207605272,0.089558344039974008,-0.10632163848523807,0.99029036762084721,-25.631220320877137,-4.9709151874666802,-3.0242989980667216,,0.2275180835099345,0.3809523809523809,False,1
-0.23615657182831126,-0.97157009183923637,-0.016781842145492762,0.96719458340139464,-0.23335899748929922,-0.10039031890471513,0.093620037498928471,-0.039939140379906306,0.99480659107407021,19.394456069771127,8.01543975139524,-2.887003697995135,,0.1261134488245266,0.4230769230769231,False,1
