axis_00,axis_01,axis_02,axis_10,axis_11,axis_12,axis_20,axis_21,axis_22,location_x,location_y,location_z,dbh,dbh_approximation,score,reconstructed,number_clusters
-0.87976722870156476,0.46330558324426002,0.10657185293249935,-0.47492977684888876,-0.84650295969340672,-0.24057108365838342,-0.021244537298679877,-0.26226070190747258,0.9647631802001807,0.58167601015014458,4.0681552378628627,-2.3549179501995705,,0.1433726861542995,0.2826086956521739,False,5
0.96156896525482838,0.26099301883517828,0.085251212179406385,-0.25981134729683975,0.96533907391145979,-0.024870387925513493,-0.08878732383937929,0.001765360888001874,0.99604904227973412,11.762866154085525,8.6845258910352587,-2.0783935059532466,,0.2154439395539516,0.2857142857142857,False,2
-0.99851206751404753,-0.05425390799280351,0.0054922214387032806,0.049256850960084961,-0.94056132474279874,-0.33603297015556166,0.023396872917535883,-0.33526244625006996,0.94183420965268672,-3.8857943255143019,11.659270190362033,-1.5877732723735103,,0.3442354116753084,0.3076923076923077,False,4
0.40126487823977047,-0.91589164753901775,0.011357264612908681,0.91051384063691032,0.39749708620730545,-0.11384468571402998,0.099754917171267998,0.056022820573114293,0.9934336415056555,-1.3837902390469097,-2.5658797875541435,-2.7756687856623485,,0.3035046287590123,0.9891581632653061,False,4
0.99864973262299306,0.018706811382115641,0.048464076798588593,-0.013671385406601169,0.99466757929284766,-0.10222279552414767,-0.05011790850673755,0.10142219634587632,0.99358026013769507,-0.95975601891916917,-22.95735258149913,-4.6432250360124216,0.2844816321898768,0.2483030704074017,1.0,True,1
0.7492441221629248,0.65491320661296071,0.098599884423053147,-0.64929428228501884,0.75570409398841887,-0.085605241201265295,-0.13057633934328267,0.00011888260653537125,0.99143825096202309,20.282965752728412,-13.369552794786639,-4.5493434357506111,,0.203458742160708,0.25,False,2
0.25804977298759596,0.93183597550168262,0.25513139638601662,-0.96146346485936096,0.27361514133984638,-0.026884199266652795,-0.094859477131615383,-0.23836205484599346,0.96653257079516608,10.945275013796595,4.9157863834022777,-2.40134394124517,,0.2280295200631304,0.3404255319148936,False,2
-0.34221286454421168,0.88315132153643383,0.3208334437194707,-0.93349625534524072,-0.28062184347038521,-0.22324005515071599,-0.1071218773027113,-0.37589243705577835,0.92045085646514002,7.4398895708732899,5.639261931999342,-2.2488881731689285,,0.4263203544367618,0.5220588235294118,False,8
0.99618347226251625,0.08193534563769965,0.030084692556648043,-0.08138134049306886,0.99649806100402449,-0.019201349816391766,-0.031552607032518394,0.016679734723638533,0.99936290677561224,1.7793087022609331,-6.4747624084742235,-3.1888016258325136,,0.3735085975550324,0.2489270386266094,False,8
0.76790626849112087,-0.64029919986601325,0.018354766764740023,0.638695445113586,0.76316797098460154,-0.098197639759856625,0.048868100057224903,0.087129689051388418,0.99499765129502049,-10.364660507069205,8.0890487254343029,-1.8207455461723812,0.2929652432366889,0.2296652327542734,0.9655172413793104,True,5
0.96520140656213937,-0.25830411820041926,0.040807196561075156,0.2612748423060024,0.95911167901150052,-0.10881288509048945,-0.01103184247730267,0.11568824358786968,0.99322430938187978,-4.8728686916146415,11.658635763678385,-1.6437880891263166,0.3552280686772986,0.3167827994812259,0.8791946308724832,True,5
0.86879186244645967,-0.49351223020155466,0.040575588576147528,0.49459751411529695,0.86089157737654365,-0.11932724346559126,0.023958271594206531,0.12373912333460069,0.9920255191166224,-0.59948723967295181,-6.8328404456527849,-3.1456836685831422,0.3390139397635145,0.288273661878208,0.9871299871299871,True,5
-0.95888064751876079,0.27253361225276534,0.079204381232742149,-0.28369455792147519,-0.92835627988933878,-0.24014998520875802,0.0080809417607744377,-0.25274502523786146,0.96749917343518799,4.1607209636868401,-12.935138805780651,-3.8443241724994648,,0.6720469152921694,0.3909090909090909,False,1
-0.37372742419615401,-0.90885322817836134,-0.18523936415751252,0.91685415005904969,-0.33175499419451465,-0.22207451755321939,0.14037905799372447,-0.25283281720688316,0.95727179349442093,2.0145982487572955,-8.4632233642200507,-3.3361444727103922,,0.2322429777908231,0.175,False,5
-0.019824812805818763,0.94961731680752981,0.31278415627471418,-0.99314956935641108,0.01732877073792307,-0.11555797935188351,-0.11515602322237463,-0.31293236541461,0.94276848960475323,5.9303563898664509,-3.0578727515114519,-3.049649508587768,,0.5806426561443876,0.2144578313253012,False,4
0.56528627344258608,-0.80842535143415573,-0.16401182950006188,0.82067963515809395,0.57124360306834487,0.012871767177618482,0.083284845525301535,-0.14187740169617866,0.98637439007395644,8.8570229785883168,1.1816587294857537,-2.6433689435529,,0.1833017769112687,0.2142857142857143,False,3
0.66932790052055169,-0.73787140205244728,-0.086867460063634966,0.74293998397476402,0.6657124711248541,0.06976450387137173,0.0063515192142396815,-0.11123263829468848,0.99377409826462815,7.3820548175327696,4.4652440539265683,-2.2981285693634281,,0.2607079354836909,0.1801242236024845,False,5
0.87036453788642232,-0.49119820083620613,0.034494908102907285,0.49183636232147948,0.86384409501327886,-0.10895123775828747,0.023718429293026397,0.1117931438235933,0.99344840284028246,-17.328093624588909,6.5607299306058513,-1.5712536005156783,0.308863188450243,0.2864904522857047,0.88,True,5
0.90607327960173567,-0.42037885897466298,0.048091859175081922,0.42284781960761175,0.90370301926838881,-0.067235217098533195,-0.015196494491956567,0.081255571454262335,0.99657744238107149,2.0864493604914931,6.8312486078573569,-2.0771024152207218,0.5135722250170058,0.3100008709949929,0.8847736625514403,True,6
-0.89763179459765352,0.37969269249424709,0.22380933982715012,-0.44045466034834746,-0.75431302942382683,-0.48683831589026605,-0.016026649831375576,-0.53557941792783426,0.84433277419940556,-4.7126263836181357,-1.7016665253888077,-2.6033823047126878,,0.6881828476868638,0.3796033994334277,False,1
-0.45387126246795889,0.87803326793392356,0.15185011526837253,-0.88885091121586812,-0.43410793559477728,-0.14660954226912756,-0.06280871544987654,-0.20151397136406587,0.97746978705667464,-0.24512476023421004,-13.203741310468986,-3.7167968308197494,,0.2201007548337385,0.4146341463414634,False,5
0.99812267735589721,-0.041762841741724593,0.044799397290057927,0.045982034052994857,0.99415272164014579,-0.097703728689547686,-0.04045705738491126,0.09958027467901058,0.99420671663523164,-13.907317571881284,2.4320070156685225,-1.9377841192573653,0.3721234464106821,0.3229128040046227,0.8536585365853658,True,5
-0.26187423084328815,-0.96132563837111151,-0.085293049134224586,0.95177492269396613,-0.24261114710502957,-0.18778798638698407,0.15983236140135307,-0.13035661974276053,0.97849924268652877,4.4461001781459633,5.3513739380514656,-2.2071079770054784,0.2584242235225575,0.2521529739263525,0.6585365853658537,True,7
-0.03541432738618161,-0.99922685469197936,-0.017073906353247251,0.99160867322255508,-0.033008595349179437,-0.12499068694458115,0.12433046531557948,-0.021357094733348805,0.9920109928317139,-3.7826404521638115,-1.2486858225826203,-2.6356119227252912,,0.07345599685177381,0.2123893805309734,False,5
-0.22641456112977243,-0.97394256284014047,0.013127482500184674,0.96500447876938922,-0.22612654006759977,-0.13278984837733673,0.13229815744534168,-0.017397475835198732,0.99105727653407172,10.01595849601706,-16.896177622454221,-4.5245915416878608,,0.2517730590417623,0.6470588235294118,True,5
0.7862797947452429,0.60186506558062003,0.13972303750282583,-0.60405402634028371,0.79633962399689107,-0.03101510139565844,-0.12993389718419132,-0.060013715816695061,0.98970477228131126,3.6906248871510208,-13.154288782164077,-3.8447469011485782,,0.2278661673507485,0.1296296296296296,False,5
-0.9044514740849332,0.40188864715828321,0.14301414724032058,-0.42294811539625077,-0.80122431368898761,-0.42326645371015431,-0.055519570498616388,-0.44331153203914692,0.89464655750343858,9.3598596143563313,-0.84744894119879788,-2.8780444846306006,,0.3410401095546882,0.1285714285714286,False,5
0.38975151028852939,0.91449188760096489,0.10862019950191097,-0.91654139374929011,0.39667884130350856,-0.050968327481042852,-0.089697456886577015,-0.079689926428190561,0.99277584673175356,8.6736041570668618,4.7030108080531337,-2.3432069274651663,,0.2781748391025703,0.2439024390243902,False,7
-0.72554986812620847,0.62366738694878954,0.29088894671078558,-0.68576840492381264,-0.61996932351354528,-0.38126071487947272,-0.05743765028525491,-0.47610611039832873,0.87751005006842109,7.9017582298646163,8.4202415863274478,-2.049536110983416,,0.1347238355444765,0.1538461538461539,False,1
0.70400857321378452,-0.70953713220882675,0.03047928572598177,0.70751072241611612,0.69697955007529855,-0.11682501634093842,0.061648248212887523,0.10381023453257768,0.99268470759782246,4.790012051591904,-1.1990506774991869,-2.8404294133300074,0.3301588265492319,0.2581208331758276,0.9885714285714285,True,5
-0.32608131506737448,-0.93455437819445775,-0.14240467043430238,0.93621381339399057,-0.29836487711179782,-0.18569355324389747,0.13105217119229337,-0.19387241759371621,0.9722339297320135,6.2226726215161658,11.65998332106839,-1.7985274681869672,,0.2376960687244773,0.2571428571428571,False,4
-0.18816456294209727,0.92329560927257037,0.33484222426510446,-0.9662292647218329,-0.1129118159058094,-0.23162886224293866,-0.17605426790599313,-0.36711869977821276,0.9133612401592478,-3.948507876907279,-4.2225605124931915,-2.7864391185964683,,0.7405111117774243,0.4921465968586388,False,2
0.63367346421991144,0.76400779100256577,0.12144972635176562,-0.76061266407168504,0.64395576153061374,-0.082397526936818261,-0.14116060355960866,-0.040163073573986359,0.98917167949945872,13.245652112877602,-16.462980694661777,-4.60263239155279,,0.1951587625941814,0.2162162162162162,False,3
0.36326389178464241,-0.9313638950014822,0.02450795815943714,0.92560906188408421,0.35776991803273145,-0.12348502058516753,0.10624127956468839,0.067542437315525602,0.99204375391307065,0.011198000176416895,6.8849878732855032,-2.1035622429682084,0.2904232642211433,0.2498802797873666,0.8774703557312253,True,5
-0.12341058745107258,-0.99229883534536434,0.010623006976161115,0.98264861577546114,-0.12369002409640749,-0.13821170664455359,0.13846127552334331,-0.0066181048091218872,0.99034573552329941,4.9179792437433356,12.998021809164269,-1.6736948837977694,0.1951218167067939,0.1233075875573487,0.7575757575757576,True,4
0.81783430087432984,-0.57521899297266255,0.016436740458826843,0.57455010385540117,0.81461671747030318,-0.079320752503076214,0.032237159818172496,0.074314963105842402,0.99671362576491018,-4.9734066808271997,4.4971520458074199,-2.1233383968131778,,0.09403964087009224,0.1923076923076923,False,3
0.038776034702811546,0.91877925045997977,0.39286270891613573,-0.98362466931970327,0.10434721871640197,-0.14694954185656972,-0.17600832093520669,-0.38073133161108408,0.90778010778559148,-3.850628129292776,-7.753581502797072,-3.0506921464636831,,0.2838883818951887,0.2,False,4
0.20639231355046894,-0.92606561155097578,-0.3159188123711581,0.96912719191561458,0.23798314271897567,-0.064470998684337436,0.1348877266360477,-0.2928591929312066,0.94659325706379394,11.630714880925725,-11.320260628091441,-3.9925495087781133,,0.5102784676853952,0.3544303797468354,False,3
-0.30701336801269213,-0.95156489900962316,-0.016341200516171647,0.93943547903093705,-0.30026230128080256,-0.16523780187194073,0.15232784577816869,-0.066081717610568746,0.98611836713359102,5.9051557041343088,0.63675298216043941,-2.6285497025164521,,0.1145434695486522,0.21875,False,5
0.43649192452483604,-0.89964236986023294,0.010881460236047788,0.89418644036538319,0.43244344605877422,-0.11585886167012277,0.099525924719590139,0.060301511698097679,0.99320608032554569,-11.975661297684121,-18.641477467440634,-3.7795027093650959,0.2294685365537767,0.1750644386213814,0.9285714285714286,True,1
0.23069096503944089,-0.97178959043719693,-0.049057828805177263,0.965707797218326,0.23483685271681354,-0.11072534939114562,0.11912232805356493,-0.021832190086388842,0.99263952492087071,-5.8779656655828596,0.29397695802278967,-2.4425721731687231,,0.1367748787080181,0.28,False,1
-0.64137477307071133,0.76465940103249852,0.062724802758675771,-0.76383826865124971,-0.62872742130186454,-0.14578384357317875,-0.072038183016751994,-0.14141368432980161,0.987326020153382,15.471963984830515,-2.5317816918830562,-3.2481077550853708,,0.06853500871960785,0.2413793103448276,False,1
-0.27026352215284333,0.93171099174268834,0.2426360576241619,-0.95654345631200044,-0.23119183298452256,-0.1776934229169681,-0.1094634403818531,-0.28011598352666811,0.95370477140080168,-5.6677019994425448,11.107863332992521,-1.7367681481834576,,0.3237332012811674,0.2428571428571429,False,5
-0.59038121988387271,-0.80701504167704818,0.013294273783178812,0.79399676607607661,-0.58365859625753502,-0.17003463904574131,0.14497982849059432,-0.089829647231164836,0.98534840732055906,0.52149905284202591,9.2877512568148326,-1.8163848502814941,,0.07836623150553809,0.3958333333333333,False,5
0.98309126604726815,-0.17831868773717408,0.041641424390536481,0.18167245216644742,0.97828657550284392,-0.099752174486317402,-0.022949569612748796,0.10563059118745419,0.99414058133645211,1.7962138423928404,13.042971497487356,-1.6014918267981566,0.3912861119022566,0.3661802456044284,0.8632478632478633,True,5
0.31033173842017436,-0.92513287099982477,-0.21868558051397921,0.94742569443422442,0.31985846701291099,-0.0086668682914022577,0.07796643928603221,-0.20449873367767851,0.97575688686746431,3.0448847930898557,8.5141287211628747,-1.9608010430087484,,0.3034522834134696,0.5875,False,7
0.98071441292216066,0.18813248082608242,0.052966120727937598,-0.18173176272388583,0.97749905523514602,-0.10709418019512942,-0.071922226773174863,0.095403179572912181,0.99283705945304401,-15.828869769490664,-11.376495798645152,-2.8999424992399896,0.3029059816233957,0.2247165283218477,0.8913043478260869,True,1
-0.9626637202066004,-0.2652621194166912,-0.053986755788368326,0.2645335546928495,-0.87951031630596854,-0.3955800828567328,0.057450502517846391,-0.39509190261752963,0.91684340442984424,-2.2696622352526763,10.394265783172024,-1.6705484209946155,,0.4336217554051011,0.3461538461538461,False,5
-0.32731598194058253,-0.93940938265689811,-0.10185411009114539,0.93472839406565078,-0.30611584549613946,-0.18048800088547218,0.13837296446099115,-0.15428253599280331,0.97828923217722685,-4.2635059799803372,-7.6475103786335197,-3.0077863230681094,,0.1924864772524013,0.2040816326530612,False,3
0.84186516163806868,-0.53895358723539943,0.028143923433029149,0.53867520100908972,0.83594887086748115,-0.10496910551777086,0.033046594952072211,0.10353026659619302,0.9940771632326113,16.903263644380779,-12.631179946202817,-4.3510196122456559,,0.2841892745679097,0.9074074074074074,True,5
0.0059007519530963675,-0.9997367862156078,0.022170688164301709,0.99108066295527775,0.0028950403402474671,-0.1332318965471779,0.13313264303887914,0.02275910869781634,0.99083687977828416,-10.542640542207131,14.776310032682082,-1.4605553040726555,0.3498134300480726,0.3034315057306369,0.8625,True,5
-0.93565931479816478,0.33869491545712477,0.099133248080149561,-0.35288791258358221,-0.90067321608690465,-0.25349137850442655,0.0034304203578224973,-0.27216449450132829,0.96224462593927007,5.538215698104664,13.703249383828457,-1.6320200021407163,,0.1263306556185705,0.3142857142857143,False,5
-0.78035821306211928,-0.62486134310365749,0.024276762576366573,0.6115840925148065,-0.77072175357937134,-0.17875367504580042,0.1304068904979209,-0.12464461662756304,0.98359430786093482,-5.7935830182028809,0.75445515385745354,-2.4166553359188319,0.607172140266398,0.5062897223599372,0.6517857142857143,True,4
0.81258642364067335,-0.58284058061119259,-0.00040212892094490527,0.58040439014854606,0.80925256179686622,-0.09078014717714572,0.053235777548144368,0.073533317741128645,0.99587087675603181,-18.941691749308713,11.179568164279601,-1.4815933183780574,,0.2222448640737614,0.16,False,4
0.15495362537056873,-0.98789600385052978,0.0071315889304693174,0.97905925695787754,0.15259480034662704,-0.13475087484785858,0.13203160738856309,0.027862384738725769,0.99085384500796325,-1.3325233397590308,-19.910715110113305,-4.27598704941901,0.4340267748474944,0.3065898903632355,0.7142857142857143,True,3
0.98830591930026457,0.13663194909046331,0.067698747136120452,-0.1466897884085471,0.97313690079543369,0.17744485984923247,-0.041635511918493268,-0.18530052023132346,0.98179947104756882,7.4295876805062049,-1.9245560296499475,-2.9994430038911513,,0.4091605443970443,0.177536231884058,False,5
0.65177813017812825,0.75565297848030211,0.064605302687565674,-0.74649155749374363,0.654246223009461,-0.12129399930919986,-0.13392394711950734,0.030829463045981807,0.99051194873975579,10.329503551149122,3.3817925821479298,-2.4912862183494093,,0.276326788269329,0.9395161290322581,True,5
-0.88609110389278034,-0.4618923199205911,-0.038704526872830165,0.45174520134429014,-0.84188718402699358,-0.29521558636614503,0.10377296692531217,-0.27907248909463384,0.95464638330957097,4.3308635515180098,12.902512395217967,-1.6787633720841164,,0.1901799790871395,0.1304347826086956,False,1
-0.12828025299122761,-0.98067580082051842,-0.14771306772775258,0.97741634861588311,-0.09979663857945674,-0.18627375656983375,0.16793289776247852,-0.16827241191971506,0.97133049845859398,0.23593047070231479,5.2410407670406274,-2.2831333520776615,,0.3161595437232204,0.2261904761904762,False,5
-0.39839624379121102,0.89883693925916719,0.18268166179522766,-0.91114881071440945,-0.36496713168065553,-0.19132913402436047,-0.10530089110150331,-0.24267498720718414,0.96437574260099601,9.4385677305573008,8.6645604128456419,-2.0485772733703804,,0.4382700174756557,0.7096774193548387,False,3
-0.78023998524772964,-0.62024336837080352,-0.080769606985933315,0.6175391678186879,-0.74337272879855976,-0.25698708583970736,0.099352612599896542,-0.25038999594756611,0.96303370050011883,-2.3484017774738648,-19.070278866326227,-4.1504823854073276,,0.2217128365997352,0.2777777777777778,False,2
0.99051595322418007,-0.13046589736554648,0.043090556192701829,0.13396276292401049,0.9867176074648889,-0.091882214103329279,-0.030530714995870002,0.096783328850414074,0.99483710359961608,-12.218785379729598,-4.1031864941694858,-2.5000326742411918,0.2455190687405009,0.2305390332687446,0.8857142857142857,True,5
-0.76491365633058328,0.64047684818280159,0.068531053550936361,-0.64259149292241746,-0.75139642755027292,-0.14993192418035797,-0.044533937426588469,-0.15872244833831992,0.98631836280724916,-14.057683842222298,-15.339364595417097,-3.3185233002751993,0.168945314736226,0.1943950268179726,0.8571428571428571,True,2
0.93907568680062592,-0.34146076310552204,0.039260689236531345,0.34369939392331827,0.93381433378678735,-0.099305169206253402,-0.0027533755059313027,0.10674894507082236,0.99428219417305763,-6.0010523437244085,-9.2609805772299456,-3.0248366692287378,0.3384913785284231,0.3147448835746974,0.9090909090909091,True,5
0.54039080025252118,-0.84120311272642168,0.018844260182318821,0.8368957779078976,0.53503624004859618,-0.11550618491923138,0.087081800178765795,0.07818916148699967,0.99312799532768437,-6.2827131655035604,-0.19782771586426556,-2.4455068337681785,0.2729806538459928,0.2639020962673886,0.9147540983606557,True,5
-0.029393854367978509,0.93785261726242397,0.3457867400861655,-0.9934501907451232,0.0108047877653401,-0.11375401122521403,-0.11042064949036587,-0.34686557173546251,0.93139226715211576,7.2614053589961998,-4.564706921884703,-3.2025899796993795,,0.5832339336712149,0.2493368700265252,False,3
0.68900583555584682,-0.71519187423384856,-0.11735221173827702,0.72166610465814751,0.69195040957932952,0.020066491236246153,0.066850519500793057,-0.098515043079084333,0.99288760407691701,8.4803271339062132,-0.41437682517642238,-2.8204988209832118,,0.3302336852478399,0.4795918367346939,False,2
0.8124960323855136,-0.58203999633155945,0.032857876196708193,0.58180043357941214,0.80601805213288524,-0.10882626118138496,0.036857195289496394,0.10753763204696831,0.99351759161532927,-3.1531294293530245,-13.425357398962969,-3.5596393559509383,0.1671591936434389,0.2614628988002435,0.944954128440367,True,5
-0.26681648665252344,-0.95793371801658567,-0.10569746608752817,0.95173601123042006,-0.24464035878288623,-0.18533661209213331,0.15168232387992014,-0.1500469484578113,0.9769740968320938,7.5208041837929187,7.465805271437401,-2.1568964092118956,,0.2192108101725644,0.2115384615384615,True,5
0.50838106613488954,0.81687031217856343,0.27252813556924677,-0.84818533100094695,0.52967204041219484,-0.0054012850689929837,-0.14876268305716789,-0.22840845581299926,0.96213265272661552,-2.1304369607743094,16.391061763576445,-1.4644576761929728,,0.3627336418574533,0.4,False,5
-0.88901388159138006,-0.45380196429142222,-0.060976188328526984,0.44386676354791704,-0.82143522848209749,-0.35808722628161832,0.11241269748265433,-0.34540981835178364,0.93169493013049198,-3.1818027515869347,-7.6571314103520693,-3.0624372319662529,,0.5267284621800858,0.3653846153846154,False,7
0.79896179645098964,-0.60101161758554256,0.021096998341392774,0.5998200390427203,0.79386987140221199,-0.099932717578502014,0.043312452881320553,0.092496825929567816,0.99477051052911614,-11.645801537416169,-1.1484935220184798,-2.2334678774494177,0.2952355108885529,0.2891398433921369,0.9838709677419355,True,5
0.97087492906546302,0.2298298882349861,0.067676396077416934,-0.22670157758851892,0.97263555535039825,-0.050857361188922506,-0.077513010720848263,0.03403379118049589,0.99641027404722859,-19.067580194659083,-1.9627185801744853,-2.0408394051427821,,0.1488099530679317,0.4,False,1
0.59466558371245026,-0.8039557395782061,0.0052926691933970413,0.80025372193669186,0.59126913877098963,-0.099973926918391937,0.077245220398433706,0.063686531827947063,0.99497598040823332,9.3590983808637969,-26.651192140313174,-5.5132525236769432,,0.3734488635527096,0.8333333333333334,True,4
-0.10977262322278271,-0.99395667378174712,0.00031911677397477439,0.98410539202513647,-0.10872972618319383,-0.1404080625576058,0.13959422831135204,-0.015098916810622712,0.9900936693734107,-7.2293564568000903,-17.548668476686,-3.8104295423540013,0.2524533123853567,0.2064591815597519,0.8103448275862069,True,3
-0.54205876076696058,-0.83475665993704284,-0.096714107381191322,0.82892791998325543,-0.51224086579351846,-0.22469490177425272,0.13802464761056826,-0.20196686387093341,0.96961775074001166,19.840692736964293,-3.9323974931230228,-3.5447040486304484,,0.1829574103209725,0.3,False,1
-0.45245794877231055,0.85790036500111422,0.24349285066241225,-0.88669856276506287,-0.4036603452806245,-0.22544175398159483,-0.095118154855548726,-0.31790767430007344,0.94333835246850506,8.6433176961709357,1.2477255565367449,-2.6182516288725415,,0.2881527565563426,0.2538461538461538,False,3
0.85443434649904171,-0.51877133595156011,0.028605043572606768,0.51869669912872385,0.84855044064766849,-0.10447910790974121,0.029927944061082446,0.10410787996920701,0.99411562078693616,-4.4733383644755831,3.5345128706835927,-2.1534302136292993,0.2907393065199214,0.2710372881182589,0.9595959595959596,True,5
-0.29898177211941923,0.94942458866294599,0.095931487961605291,-0.94836902743027129,-0.2844790635379007,-0.14024211286043961,-0.10585881045663048,-0.13290828736687227,0.98545892831609772,6.6142295118528551,2.9368973693685914,-2.3983182068744493,,0.09850336133024898,0.1914893617021277,False,5
0.88018952874079781,-0.473442255629203,0.033448827778945228,0.47414320604802651,0.87394863847832638,-0.10678013607586004,0.021321670984043216,0.10984629209314685,0.99371986920853916,2.7573426514137598,-12.079355150823993,-3.6977349488629314,0.3954767678156885,0.3836697124203329,0.9824561403508771,True,5
0.55729400017538955,0.82797815930222352,0.062254036712626158,-0.81892794618684439,0.56047862122117831,-0.12337233931560986,-0.13704165907749316,0.017773094061280352,0.99040582631806984,5.5469980370462872,-8.019306887174281,-3.4356427380225818,,0.2383921221805666,0.918918918918919,True,5
-0.94103914679388356,0.32938920899826241,0.077123752482221725,-0.33829534704895381,-0.91709989831793426,-0.21091238624192499,0.0012579214871793476,-0.22456741860905394,0.97445774261011353,2.4060659433580818,-14.173244063283525,-3.9286943868926545,,0.2358675462799541,0.3846153846153846,False,5
-0.51476043685637562,-0.85688889788977562,-0.027624433400149209,0.84083138429627524,-0.49829817091388434,-0.21142733041470096,0.16740452750700374,-0.13206191554389646,0.97700326234513379,11.326856693285164,-11.900046415250674,-4.0613404889791083,,0.5086154997572938,0.6444444444444445,False,2
-0.20492374090857307,-0.95468984416123326,-0.21580908661925385,0.96933843359357674,-0.16740475427359242,-0.17988510056408025,0.13560701150894491,-0.24605476972007417,0.9597227665985707,6.7225878917252047,-3.0265728015263891,-3.0831920718483659,,0.5488985050147397,0.1513513513513514,False,5
0.16102941421032513,0.95952909621531712,0.23102692759784071,-0.97702895922070143,0.18808818030823657,-0.10018607324598744,-0.13958488672916439,-0.20958709393604052,0.96777544371215207,16.522615576672518,4.2856758343104078,-2.6164358876007952,,0.2008691872512027,0.3409090909090909,False,1
-0.68426887136636194,-0.70914327014677103,-0.16997627506375323,0.71787950907639908,-0.61409857427471637,-0.32792064820927125,0.12816053264259375,-0.34640837674528607,0.92928796096444832,7.6419807438541154,4.6439942446425437,-2.3169352272388424,,0.2603101406109556,0.2136752136752137,False,3
0.54735201930681765,-0.83169192107709911,-0.093243312767371689,0.83164953312672241,0.55299353445172739,-0.050568813558267714,0.093620622786082075,-0.049866815315105818,0.99435832561480342,11.282636488589821,0.1302679103732256,-2.7921711436158025,,0.3789981023046692,0.25,False,4
0.89448758274150963,-0.4463115105295733,0.026419687546651898,0.44678682742127479,0.89012764381272325,-0.089745799696937897,0.016537689200255293,0.092080471812547623,0.99561422827654245,2.8503776627622646,17.056799106929809,-1.3148509749168216,,0.2233251713183146,0.8444444444444444,True,4
0.74399027970991016,-0.66773172554286275,-0.024754926796883431,0.66349988108305757,0.74264248324484539,-0.090829785217717479,0.079033989523096079,0.051151586324168816,0.99555870932686963,-4.6877404747428164,16.611721535497669,-1.4609501572790549,,0.1045436542546994,0.3684210526315789,False,2
-0.29265797899363932,0.89349756684633519,0.34060740651230476,-0.95466779293612625,-0.29328835013375326,-0.050905292517453793,0.054412429295384396,-0.34006476106103778,0.93882652594751248,-4.5434840424142502,-2.5364939851184944,-2.6463765107147017,,0.4241910771622511,0.293103448275862,False,2
0.95716993819449814,-0.28797255892845741,0.029958550047316127,0.28743871304673774,0.95757077490911791,0.020909263066577588,-0.034708725974552712,-0.011402470966781764,0.99933242116778942,6.8192673262639056,-22.941733000930547,-4.9734587135558117,,0.2705706681050683,0.3,False,2
-0.22874887788239501,-0.94706878315647258,-0.22524358112510987,0.96322073199027469,-0.18668304896542481,-0.19327509072069338,0.14099564649897742,-0.26117074721241579,0.95493982452762138,-6.2072621028154398,-18.560439606544286,-3.946970172297624,,0.3851397939311788,0.1875,False,1
0.84336836647816726,-0.5360569786040823,-0.037050156731257791,0.53312084345443334,0.84338080275663541,-0.067014832805934454,0.067171159721874291,0.036765979266661378,0.99706383851295222,-12.0824452272894,-2.4951911489910925,-2.3444294039651252,0.3487931192197579,0.1678173321271563,0.3181818181818182,True,4
-0.57774217582087772,-0.80674177588099349,-0.1240229225834432,0.80221233637588085,-0.53320530569010605,-0.268602809647015,0.15056342731257211,-0.25467589016689651,0.95523339835015741,-4.6018931804339909,20.699964127816472,-1.1905059368668796,,0.3356713821575336,0.25,False,3
-0.92151166918376048,0.38177003536247284,0.071189069789509535,-0.38815721986072343,-0.89966004618959139,-0.19986438892442962,-0.0122562730123543,-0.2118099180621105,0.97723402641453716,-18.03692965965088,21.035622932155803,-1.0899610215260482,,0.1778582938752427,0.4074074074074074,False,3
-0.3560447210113506,0.8786312059049719,0.31818133296899387,-0.92859194296657832,-0.29453718835359821,-0.22575395485863167,-0.1046382343959686,-0.37583912607222414,0.92075826969718955,-17.878783539332687,8.7813696289300935,-1.4800749151096502,,0.4070575074489312,0.2105263157894737,False,4
-0.99341825416042362,-0.093541492798039763,0.066107196476399108,0.076058317695257255,-0.97023306249529484,-0.22991941360043378,0.085646392861709414,-0.22337814030498671,0.97096184364971927,-5.6848975416257783,27.129607489057257,-0.75669821677626337,0.3834696402781571,0.2262836396578568,0.7352941176470589,True,3
-0.80978790824382274,0.57865152889340199,0.09698428620876276,-0.58536608169181303,-0.78556717507322782,-0.20057607996030583,-0.039875983584965066,-0.21919539583850256,0.97486577762086535,11.850258234031353,4.5573131874618422,-2.4504263830747943,,0.08613247631859164,0.2380952380952381,False,2
-0.7305763136091199,0.67367600720849907,0.11144006149013917,-0.67944581776813595,-0.70097686076006605,-0.21675982422108242,-0.067908988438208376,-0.23407707702929786,0.96984343648793236,10.045336047359989,17.65391107367692,-1.2564640976501233,,0.2132260654584977,0.1428571428571428,False,3
-0.81882437932530405,-0.56116707541061162,-0.12090553873843843,0.56923924586267349,-0.76656243730130225,-0.2972351101205607,0.074116912997141682,-0.31220753225024545,0.94711833474702956,7.8411377389505468,-3.211847309582831,-3.1298168413129241,,0.3285758112697907,0.2857142857142857,False,2
0.83805903529656134,0.53616019900876821,0.10094203463708057,-0.5320081842350991,0.84411354014884155,-0.066630497853920237,-0.12093115919674433,0.0021383021925163379,0.99265859307168824,-18.436138918692706,-8.9397641352322754,-2.6328439584597016,,0.2167412482859109,0.3428571428571429,False,3
-0.75727430405787988,-0.65294718086523829,0.013985972036059679,0.63802446297712845,-0.74420208750424321,-0.19770694878297773,0.13950058443032481,-0.14079499974951615,0.98016139231716992,1.2131105669676192,15.456789539657262,-1.5012021859299998,,0.09914355587969653,0.2916666666666667,False,3
-0.13727773517581035,-0.97033544522677107,-0.19900740479079007,0.94219060741409177,-0.065917359666421232,-0.32852969575865432,0.30566596592631368,-0.23260272017148237,0.92328992837740953,16.205299788556587,1.4746594156275545,-2.8356436276713741,,0.571982130496228,0.4183673469387755,False,2
-0.79808571096738889,-0.60148106476059837,0.035773267730744004,0.59149398657893959,-0.79338578283038619,-0.14378408619721977,0.1148654072844907,-0.093592351915490937,0.98896228940859821,15.527976203700346,-5.0586363414949007,-3.5461428849720544,,0.3089834823280451,0.9807692307692307,True,3
0.18352306770098645,-0.98296025644662821,0.010412390119519801,0.97505435117632999,0.18068124395445281,-0.12893137839634214,0.12485309717315168,0.033814528378396547,0.99159885124823588,-19.745310816977117,2.1060420277750214,-1.6873754038401403,0.2884151188257175,0.1784528360823829,0.7666666666666667,True,3
-0.57696263117045776,0.79848116929784074,0.1718777021885492,-0.81267018185772222,-0.54015190567231597,-0.21863918751656147,-0.081739205722830263,-0.26582652440138205,0.9605493017916793,-5.3663463853343512,-24.660611512425564,-4.6396693696452918,,0.1488064763484821,0.4761904761904762,False,1
0.80443794344296127,-0.59362460127587391,-0.02212301763593999,0.59261609003396765,0.80453150348205626,-0.03918200783211144,0.041058068416728141,0.018409037589266434,0.9989871582522597,-25.664651151031073,7.5784066419179998,-1.0570477206520841,,0.1793576525749349,0.25,False,1
-0.18394661839278681,0.95990341547566271,0.21153977058703602,-0.96872255318807821,-0.14057193117032693,-0.20448996824249191,-0.16655406487573021,-0.24253858481734869,0.95573781883326581,7.2696221298818404,9.9108958996149159,-1.9170651080591501,,0.343977056556855,0.1958762886597938,False,3
0.86503496266054292,0.4843812317886862,0.1307261858456398,-0.47935397281311409,0.8748536921782023,-0.069647584527047057,-0.1481022691357495,-0.0024165208550617524,0.98896909876082562,-17.417356284868625,15.842142461809408,-1.2837115999408495,0.2826746427914142,0.2691735151258851,0.2333333333333333,True,2
-0.57705717772090681,-0.81670353377076643,-0.00059293096100154069,0.80521303986882298,-0.56881669775988841,-0.16756946253642072,0.13651730317432637,-0.097174596865016574,0.98586009334901603,7.3673497453161163,-12.930595782910709,-3.9707489067798241,,0.1238050213480447,0.4074074074074074,False,1
0.64515421298567743,-0.76373922512031867,0.021873213743031979,0.76070196270874169,0.63938387328220891,-0.11189632039397095,0.071474228907356802,0.088829379144837711,0.99347912710979658,-22.510418074774698,6.2418422243570815,-1.3855059518239041,0.3073967585861324,0.2860301022054722,0.9491525423728814,True,2
-0.34552952546472215,-0.93787830761238511,0.031521851821439101,0.92730674307878846,-0.3464008222568955,-0.14180505837365903,0.14391508354836932,-0.019767408779996776,0.98939259057130147,9.5404744079213177,13.034567794070728,-1.7185424206373698,,0.2821102811930348,0.8142857142857143,False,2
0.40744298347149166,-0.91292132989730379,0.023766796973681642,0.90743558772278465,0.40179314747109474,-0.12297528523843793,0.10271742478301299,0.07167225449090775,0.99212510228404971,-0.87823169449739935,-1.276797222442021,-2.7269872964983781,,0.4038771702714739,0.4067894131185271,False,1
-0.78775914802917424,0.5986435322329815,0.14512562148694058,-0.6143523393045317,-0.74642300496565828,-0.25578096264008354,-0.044796516465020864,-0.29065205826495988,0.9557796048979823,5.2042970287666019,5.7151294939318458,-2.1823772987695733,,0.3354722441401027,0.2535211267605634,False,1
0.83450406417228939,-0.55094521386913919,0.0078954540477637163,0.54996100528070047,0.83196195270732953,-0.073363491724757798,0.033850547271395012,0.065564323851436249,0.9972740144450426,2.1337770220471879,19.441256791688211,-1.1442037119469448,0.2113130388976471,0.3024569831725321,0.961038961038961,True,1
-0.38848365996780304,-0.84541515686567037,-0.36654284671756332,0.91050979337554061,-0.2910606524505866,-0.2936930587573866,0.14160636322302508,-0.44783580600129946,0.88283108733093218,-1.5834373873669481,-8.9605460459983579,-3.2380061417333934,,0.1860478190542,0.4947368421052631,False,1
0.014938243628879522,-0.99920470219661994,-0.036970420412114909,0.99100820618140439,0.019712304383686201,-0.13234107577392687,0.13296459738742336,-0.034661046782363474,0.99051452673726692,11.481453502653586,6.8174248673711908,-2.2549186836810042,,0.1193909059631365,0.4,False,1
-0.068943404240999692,-0.97794447215927882,-0.19715835357593506,0.98821834593875313,-0.03987770746474284,-0.14776423517696333,0.13664299382602335,-0.20502287145698583,0.96917197360313478,-0.17131063695634657,9.7866172218677878,-1.7633374470746035,,0.2108476460586822,0.1388888888888889,False,1
0.87453873122109316,-0.48486209923241008,0.0095264013216951604,0.48440653246528881,0.8724453134488459,-0.064726241557043554,0.023072037169626379,0.061220256199121956,0.99785758569635474,11.071619957370908,3.9198869831906902,-2.4744366869213512,,0.1967022473345959,0.1891891891891892,False,1
-0.69901763517091386,-0.71005869311145076,-0.084799752693758737,0.70343101428711541,-0.66141607401949076,-0.26021834133597183,0.12868237586811992,-0.2415479856374359,0.96181880662390551,8.3642977935082268,6.9900941932858682,-2.1992876843147227,,0.1042289990133234,0.2916666666666667,False,1
