axis_00,axis_01,axis_02,axis_10,axis_11,axis_12,axis_20,axis_21,axis_22,location_x,location_y,location_z,dbh,dbh_approximation,score,reconstructed,number_clusters
0.58800433784961414,0.80656223576781583,0.060895471943823602,-0.80854989563410973,0.58403538554653545,0.071761652012628047,0.022315128054947984,-0.091433190159448119,0.99556115171151538,-12.501832112460537,-22.719612724450716,-2.0368387274495694,,0.1580783820796296,0.3076923076923077,False,1
0.30544878408159204,0.95217818364445606,0.0075991377551847114,-0.95199454421934082,0.30520125358987921,0.023634351773978782,0.020184847774676679,-0.014453421695625491,0.99969178776340961,17.152731352334165,-21.260429481126295,-2.4580069440764389,0.1819345729476816,0.257269514722995,1.0,True,3
-0.46282091247526186,0.88645121660754744,-0.0010215432275711206,-0.88629069129216342,-0.46275845712254876,-0.01853161866695429,-0.016900103680903562,-0.0076714364077345477,0.9998277529449846,15.986584455581212,0.19139972156518473,-2.0518075627621486,0.2960373422388485,0.2244990468940575,0.9117647058823529,True,4
-0.24900242859455446,0.93328366912723104,0.25880375479197859,-0.96850280316231119,-0.23985569783747857,-0.066869757601179608,-0.00033289751908778119,-0.26730289402718566,0.96361250096910411,-10.445827462552659,7.9363756028303127,-1.8340486789888386,,0.4632623436829447,0.462962962962963,False,4
0.072221881716292222,0.99728316078863788,-0.014501620901887457,-0.99736884938486037,0.072304295826530904,0.0052409046689124907,0.0062751954612592538,0.014084956956046366,0.99988111088742393,-3.766323298825863,12.881960589934025,-1.8867996100233926,0.2825895434776118,0.2389488552911474,0.9393939393939394,True,5
-0.3192938833237709,0.94765541798085051,0.00079047047194167296,-0.94763886977170753,-0.319283107267055,-0.0062345738984864521,-0.0056558438652182883,-0.0027397418555354706,0.99998025242738564,17.621577946226271,-7.381327017913458,-2.0606615381929085,0.4491405464364292,0.3251844053266422,0.9682539682539683,True,5
-0.88585052366256234,0.45975789644999654,0.062382099825497327,-0.46332329398652017,-0.86948156166114565,-0.17126978478638716,-0.024502550402858092,-0.18062250851754075,0.98324723973199435,16.266416464890192,1.3474239762138212,-2.069327517456212,,0.157496821210183,0.2413793103448276,False,5
-0.7944483356789197,0.60732474515414769,-0.0029147659329386297,-0.60693522734973426,-0.79409391127821027,-0.032318568545029319,-0.021942464285504497,-0.023906358867944254,0.99947336846299006,13.578557854825611,14.580792561279251,-2.0284314176619835,0.4095280675302334,0.2719086547897391,0.95,True,4
0.31115317584119584,0.95030129694769383,0.010542589030621635,-0.95023597271492677,0.31091444677971236,0.019590889264695419,0.015339404240517114,-0.01611371475470964,0.9997524948077644,-13.467111022155315,12.657184718998446,-1.6708184939693114,0.2039435370070621,0.2197020636740197,0.7857142857142857,True,5
0.33574665700334361,0.94195164449169078,0.0011321441955919193,-0.94183071948522812,0.33568375749411544,0.016471514458915981,0.015135327714243108,-0.006596544097658634,0.99986369444087275,12.287285637026789,-20.208654370707642,-2.3526857367995797,0.1980372489301457,0.2461337221902377,0.9830508474576272,True,1
-0.21166364652454714,0.97734197997455274,0.0010746717424477024,-0.97733913057615196,-0.21165985598171941,-0.0028860371532724478,-0.0025931803994253141,-0.0016611878942855672,0.9999952579238548,-10.689871426516836,11.42330406176564,-1.7346525885514921,0.3026592103663408,0.2579932101195517,1.0,True,5
-0.57426456881594212,0.8186672531755177,0.0020331209243405336,-0.81855725118618938,-0.57414269078342495,-0.018005475569331016,-0.013573191708274156,-0.012004132539305171,0.99983582115706815,-0.041524160616520207,-13.257884055041972,-1.9957559549280639,0.2678023881211542,0.2605832594869398,0.9675675675675676,True,5
0.99934859606161131,0.029636859070589033,-0.020592234801417444,-0.027788255098711825,0.99600215330990838,0.084897134701910112,0.023025994620332318,-0.084269610100293005,0.99617691018477683,-20.590910485592818,4.9441947357503944,-1.8618080842642946,,0.2119621447357694,0.3846153846153846,False,3
0.56048460212456674,-0.82306492427253752,-0.091766776196558472,0.82795982405320312,0.55936064161936805,0.039977523196898068,0.018426625709989364,-0.098385990056571213,0.99497771654722644,8.8497303845554001,-0.27274805927416917,-2.0156483288722162,,0.197540280457364,0.1714285714285714,False,4
-0.65340625743946967,0.75680362556050573,-0.017565166592418441,-0.7568280282853771,-0.65358066593776665,-0.0066067173402287981,-0.016480240914919272,0.0089769399474048783,0.99982389259737459,-4.0281425249534344,-11.680006960046549,-1.8973227426314163,0.2341748706762386,0.2242913161519669,0.9933774834437086,True,5
-0.87190917485753228,0.48797655875306223,0.040660409574638193,-0.48965869222507463,-0.86838037113356636,-0.07842127363387616,-0.0029590416840240118,-0.088285950963042939,0.99609077645306177,9.1534455589860784,0.073689241353850368,-2.0276940491962092,,0.1668410405985353,0.3243243243243243,False,4
-0.0085526839880723116,0.99994164975455768,0.0065991425756589421,-0.99995679051096464,-0.0085764809505280513,0.0035862355633309662,0.0036426237261955852,-0.0065681854906002139,0.99997179471810627,7.4410984577263024,17.837889047118601,-1.8784297128752729,0.2114541721907734,0.236029972181128,0.8461538461538461,True,5
0.96828915117753178,0.24915021789415268,-0.018446913974726538,-0.24785798968686099,0.96727946823271782,0.054192686626681405,0.031345440821315393,-0.047901975520077127,0.99836008738380078,-7.705463858319292,-27.229671746385417,-2.1513189257342522,,0.3387408887665053,0.725,True,1
0.23920571801690488,0.97094802416825532,-0.0063685816143942541,-0.97088958375126877,0.23926487004289437,0.011213301326794878,0.012411310619980361,0.0035009037574693534,0.99991684806366565,-5.4407353988360665,10.908574505507463,-1.8999830839227225,0.324098397349191,0.2026648664709017,0.9195402298850575,True,5
-0.9728172926988895,0.22957275532371405,-0.030378693834350049,-0.22566541032779502,-0.96924790678154704,-0.098150994804824587,-0.051977279724808409,-0.088627564632381195,0.9947077546594989,21.069928528047491,17.310044364479218,-2.1237672753765966,,0.2464978947848432,0.5,False,3
-0.87384431329222467,-0.48339517297019807,-0.052203667265365551,0.4860885614571997,-0.87094133400796747,-0.071965985971793031,-0.010678321371399783,-0.088262673115731174,0.99603999617844408,-17.635014561098522,17.466496750778695,-1.7133377332512114,,0.1683713477750423,0.4,False,2
-0.90493641768150668,0.42488083094225493,-0.023798307746191141,-0.42459999161021589,-0.90523841201684685,-0.016070610872739026,-0.02837123681420926,-0.0044381197637598305,0.9995876029716434,-18.825552763022269,10.960253269007287,-1.7405826408259433,0.3038733317405635,0.2622372698917068,0.95,True,5
-0.81187756877848538,-0.57847298340736797,-0.078891195846651857,0.58250678287074542,-0.8116958756304391,-0.042844525835962918,-0.039251257609277015,-0.080739166160627665,0.99596211063663276,-25.965780013575163,0.53569818354533671,-1.9846914980293742,0.1526057435254504,0.2331437701366722,0.9347826086956522,True,4
-0.071068210709686386,0.99745992300714714,-0.0047970221073672849,-0.9974694105469154,-0.071057498985337683,0.0023678811490040579,0.0020210021550487694,0.0049531638902490941,0.99998569075650467,0.91202806177177143,-9.5776319564517571,-1.953379571683892,0.3026450275668907,0.2630553966623005,0.9910179640718563,True,5
-0.40475187670567964,0.91442579500683074,0.0011763202611009748,-0.91441565680016879,-0.40474043993376219,-0.0054021181902104143,-0.0044637318408230087,-0.003262163139835547,0.99998471657805976,2.7023046230308698,12.939716038101793,-1.8871731168495776,0.3029604884652384,0.2130703804095634,0.9157894736842105,True,5
-0.29407770083783391,0.95560944714441565,0.018135335626304656,-0.95577656252903143,-0.29396214783837255,-0.0087987589147330899,-0.0030770749295868189,-0.019920847537090815,0.99979682508161727,10.515349112248595,17.244936877868867,-1.903769438848824,0.2502348397987668,0.2265528992805124,0.75,True,5
-0.95580519542703746,0.2914329118761998,0.038772235814330057,-0.29263908985543785,-0.93039137322248233,-0.22075836500971882,-0.028262899413610876,-0.22234826401063351,0.97455757039191548,8.4232057579732533,16.659770650640667,-1.8641473338261321,,0.342125443785487,0.1818181818181818,False,1
0.72050833772557044,0.69337004808365077,-0.010281618958796687,-0.69299667615490412,0.72049586951599809,0.025324076461798285,0.024966820105741486,-0.011121080471988164,0.99962641995044599,-19.248233727082781,3.736258613289102,-1.8737665433546944,0.240752858210003,0.2051319460123674,0.8363636363636363,True,5
0.28095704350474782,0.95794487864452371,0.05835022865250649,-0.9592759888427066,0.2784575025946025,0.047444667546776426,0.029201317349025542,-0.06930388681383913,0.99716811738922717,15.043153974003152,18.07384115019866,-1.962784413456155,0.2431419156049179,0.217805784401928,0.8888888888888888,True,5
-0.0013265228734037873,0.99973882742706199,0.022814847617928558,-0.99997650263206406,-0.0014795928031375439,0.0066936528802645102,0.0067256613660595845,-0.022805432245407396,0.99971729890969108,-20.711343794135967,2.2390059602913568,-1.9044801576527053,0.1684772740654611,0.1435597345269739,0.3461538461538461,True,3
-0.97535591071171823,0.21952913512654074,-0.022086336733568114,-0.21880323419843123,-0.97526998736052761,-0.031202507240656131,-0.028390000775308191,-0.025600987957298812,0.99926903147830448,9.6061089363994547,16.289313750176479,-1.8781861560513946,0.2074911556665872,0.2360916047663406,0.8695652173913043,True,5
-0.097789438742335741,0.99516660805848955,0.0089804162386909296,-0.995203155992331,-0.097810558470047312,0.0019424095040525132,0.0028114006052083482,-0.0087473914476609103,0.9999577886938521,14.691497758123264,-2.8124551947694068,-2.0480975639644661,0.1923295854918827,0.2109662768171804,0.9830508474576272,True,5
-0.28637586533504172,0.95800556897837497,0.014635353088562675,-0.95810791571179532,-0.28627183238270687,-0.0088124817529949863,-0.0042527172496587655,-0.016545929731152167,0.99985406265380872,8.2966359099969544,-5.8902486885769898,-2.0188707494255187,0.286176432365915,0.26946292765672,0.996268656716418,True,5
-0.12289670567402509,0.99233527403907862,-0.012926857014000249,-0.99241722760919138,-0.12291367736597211,-0.00052369920908685826,-0.002108572730538133,0.012764474691973669,0.99991630755122674,8.9777720358565993,-17.78013591934042,-2.2712233324895035,0.2413777680152171,0.2336100421662829,0.9393939393939394,True,5
-0.83028896269640451,-0.55040630963094106,-0.08759641969268242,0.55659919577784522,-0.82695329613232271,-0.079659156883196941,-0.028593245425861436,-0.11489621549178544,0.99296590373571259,-11.466554861243914,-12.307507203253143,-1.8502264366822676,,0.2038891087850487,0.15,False,1
0.51568234253340195,0.85677488888077702,-0.0029174273934346627,-0.85660098108055349,0.51564126815556288,0.018677306731861021,0.017506593360684837,-0.0071324861202535497,0.99982130744981035,-4.9624005404039444,11.998618751978446,-1.8799947983623198,,0.1053749309367174,0.4583333333333333,False,4
0.19371185428785251,0.98105447654844691,-0.0027984911315093617,-0.98097630129803071,0.19373176004160533,0.012389569920511819,0.012696999645396242,0.0003452469162720526,0.99991933024848056,3.6619443264777298,-13.243240535100789,-2.0604757026898994,0.2881411701130989,0.2699780122671008,0.949438202247191,True,5
0.99012108338401672,-0.13267902152479141,-0.045348842164774084,0.13771195161391339,0.98101932861406793,0.13651554954762782,0.026375341157013558,-0.14141200137480403,0.98959940746042474,-18.830549833422484,13.360325783314673,-1.757323354074255,0.5028183175528848,0.2770075166068096,0.5357142857142857,True,6
-0.07542619361658838,0.99714853618868415,0.0023845530560707455,-0.99715137548610455,-0.075425607988115984,-0.00033470254262985732,-0.00015389178640793689,-0.0024030056985649001,0.99999710093626271,13.014685716401026,-10.929028783674724,-2.1389777270202543,0.2549463070151074,0.2281413472685481,0.9830508474576272,True,5
-0.4392760858880097,0.89832501713756707,0.0069773886017291164,-0.89822593586005561,-0.43907096848504573,-0.020170592007436663,-0.01505617863989769,-0.015127730113718169,0.99977220568806024,-13.537599739788915,8.5125839333205882,-1.7361251627144483,,0.105845071653227,0.6808510638297872,False,5
0.13914127615824584,0.98992100253140969,0.026383972715734394,-0.99023197137522012,0.13884501645143726,0.012755558511710157,0.0089637121439897546,-0.027901078004442217,0.99957049861967717,-5.3243008172033583,-3.6010979247433803,-1.8819522975188026,0.303387272844651,0.2667384079412108,0.9853658536585366,True,5
-0.21006122266641405,-0.9678220536978952,-0.13854513743859612,0.9776577908023556,-0.20905321990763445,-0.021954392036831302,-0.0077153622953094825,-0.14006149942878121,0.99011274588423148,-12.61714425019489,10.77803933472711,-1.7125021997519574,,0.1561036555386426,0.5789473684210527,False,6
0.0037022418482841558,0.99983958249888927,0.017524345172991413,-0.99994232192697208,0.0035248027390190938,0.010145372587775954,0.010081975232592313,-0.017560895025491657,0.99979496335064189,6.9393243768411494,13.981829439058371,-1.8724182385686798,,0.241250306962055,0.7241379310344828,False,6
0.51284601502231997,0.85833484419628681,0.015819611697535783,-0.85835998240472811,0.51237797302860344,0.026209795139453596,0.014391159851756543,-0.027020510610166613,0.99953128341462372,-0.97567097069738229,13.184573595618826,-1.8984555491526871,0.2474522899678108,0.2254863989177074,0.8431372549019608,True,5
0.67042711345070927,0.74182908415151116,-0.014734159530914011,-0.74155158202026517,0.67058313339582887,0.020482002057316435,0.025074623693962714,-0.0028055502070898969,0.99968164539249382,3.6230603141229119,-6.3937608944746716,-1.9801519184213152,0.2374848344269982,0.218207618319069,0.9832535885167464,True,5
0.2877921601581736,0.95596924684296014,0.057432322275849532,-0.95769003453642865,0.28712688196126673,0.019696482041621458,0.0023388674839254896,-0.060670855818140496,0.99815508662391117,-22.014000839323487,11.632021773868393,-1.8247477390120379,0.2236353965938301,0.1448845846226951,0.5,True,4
-0.92947173877578126,0.36837802328371394,-0.0194915052961557,-0.36790955859167257,-0.92955436190082352,-0.023900731537620401,-0.026922918006917856,-0.015043943390489287,0.999524304983754,-5.5215994880822477,-21.713689061942354,-2.0755626731070564,0.3615732860744722,0.3283520408628159,1.0,True,5
0.099596221775746535,0.93873985749518918,0.3299213126760806,-0.99398222644145962,0.078666173752023685,0.076229696481717624,0.045606207104676839,-0.33552811068095051,0.94092558728966269,-0.58804500606495691,9.1769818278977766,-1.9011228801670628,,0.6514444124658937,0.25,False,3
-0.25920712258581963,-0.96410251892200394,-0.057602088582165499,0.96570415228261663,-0.2596449034162735,0.00011997527701810336,-0.015071757193273501,-0.055595477677610999,0.99833961405771399,25.080558747039969,-8.790320077916542,-2.2314610018066481,0.1682647747678759,0.2702139494785071,0.6896551724137931,True,3
0.030276531835097216,0.9716555932036669,0.23445413158242237,-0.98509917629516819,-0.010723225128905074,0.17165262976550907,0.16930134223513546,-0.23615761821051703,0.95685246244053523,-17.003351812541105,-9.5499844640300751,-1.956068479224464,,0.1606963178590123,0.3571428571428572,False,2
0.48151245153501832,0.87633780607124345,0.013334491627958373,-0.87622581790707998,0.48100372630528843,0.029389306107752308,0.019341019874989204,-0.025835342665939828,0.99947909433841009,8.21266114063204,18.853063275625537,-1.8907785167139557,,0.07331220109236661,0.631578947368421,False,1
0.1304071712520099,0.9914548830675548,-0.0033443276679055358,-0.99140741275008104,0.1304343574442112,0.0099106176551084727,0.010262145498818974,0.0020231756268638242,0.99994529606881166,-11.672881734996885,-10.643570509807812,-1.8683273031389429,0.2472448786998888,0.2271558523196973,0.9652173913043478,True,5
0.99950848191963959,0.016630768897279501,-0.026574651391566687,-0.0039449986218522363,0.9076738999680537,0.41965763224640312,0.031100346566744246,-0.41934652596947669,0.90729337019552803,13.501329371789202,13.818850079185891,-2.0648607912895249,,0.3787919487899322,0.1818181818181818,False,1
0.52456798350225586,0.85134310594154161,-0.0065838172960252361,-0.85112736962313862,0.52458775559062698,0.019745565648689768,0.020264041126468776,-0.004754224458199314,0.99978335952696595,-13.748749535874715,-6.0918519202833945,-1.9051278851643318,0.2631985174359337,0.2317192036657294,0.9795918367346939,True,5
-0.95796334197881283,-0.28449437973093694,-0.037002477299429633,0.28556537252256697,-0.95795653322334651,-0.02777946131147687,-0.027543664259368987,-0.037178331810582957,0.99892898556551579,-19.322485372505987,7.9974692923218296,-1.779230695780136,0.3289813905630584,0.1046557399109902,0.35,True,5
0.35909724159143358,0.90010722963834211,0.24669038537043186,-0.93279013644029685,0.35487374854662596,0.062985585272805275,-0.030850161119762572,-0.252728308159681,0.96704532976155233,13.343023322281949,14.305337056713443,-2.0432424117848673,,0.5569336832816347,0.2941176470588235,False,5
0.31069912979852654,0.95036430235668301,0.016545197144049867,-0.95042598560770342,0.31039605661479647,0.018567011596130001,0.012509861072977056,-0.021493739648584073,0.99969071343683835,21.903804512005564,-5.1174365339326862,-2.0762709661201924,0.2151514076422266,0.218552180126402,0.8936170212765957,True,2
-0.12028937782748875,0.99266793743730131,0.011867247610642739,-0.99273886485662977,-0.12027947495943611,-0.0015472901003522992,-0.00010855896071213867,-0.011967200485452027,0.99992838459936473,-6.526476284460097,-8.1716268827873169,-1.8727585628001682,0.30919319437227,0.2799385752552698,0.9932885906040269,True,5
-0.22658249967097838,0.97398865469458595,0.0025438885751113277,-0.97399000786391632,-0.22657601718049442,-0.0026025026173184043,-0.0019584238815814024,-0.0030674036017098688,0.99999337778359543,12.213668517619219,-0.15324447456314011,-2.0442347248344013,0.2260544994141998,0.2289234644208623,0.9849624060150376,True,5
0.98568651695052412,0.16841806359313252,0.0075793243421517914,-0.16562403318987834,0.95898108303473006,0.23005208543165515,0.031476498087653064,-0.22801455707273399,0.97314880251226854,7.4302754820907673,13.101867558660956,-1.8907204063135785,,0.390742618001657,0.1639344262295082,False,1
-0.70959563903708867,0.70460874950206576,-0.00073429195913546266,-0.704306619939434,-0.70932113500736094,-0.028560681738342419,-0.020644955050460677,-0.019749368521666602,0.99959179081961258,-1.6521226754687686,11.975697643916291,-1.8978996800547021,0.3153206430811926,0.2609474700210377,0.9459459459459459,True,5
-0.48597443949698976,0.87394039472081408,-0.0075518627380616044,-0.87391720123224548,-0.48602291797753555,-0.0071027171561911821,-0.0098777297991905419,0.0031479637592512237,0.99994625894504185,2.5357952950194282,-20.979321433273252,-2.2597616897587907,0.2565210695550214,0.2277373245120604,0.7777777777777778,True,2
-0.57823758582003115,0.81584901553570899,0.0056283385148112814,-0.81580802166766575,-0.57809706722519916,-0.016157123763626238,-0.0099280475276800322,-0.013934299947918807,0.99985362386563847,-18.492325663937148,4.6172121484492141,-1.85233632771283,0.2435030933736534,0.2328416147909497,0.7551020408163265,True,5
-0.39284660241390157,-0.9164591973979187,-0.07598740998755521,0.9194505582563518,-0.39294732893498796,-0.014250179119609213,-0.016799342068564004,-0.075464800984439903,0.9970069437664123,-11.026848953457112,-13.128863926674466,-1.8488481747744172,,0.2481707058121921,0.2702702702702703,False,1
-0.44610631175554827,0.89495116835418431,-0.0071808685646128807,-0.89493659391985469,-0.44614932819981151,-0.0062665628526142091,-0.0088120074325051933,0.0036308688130367505,0.99995458162692152,-10.469484326296509,-14.838463139958336,-1.9175876876549236,0.2236621769443305,0.2307902993573289,0.9690721649484536,True,5
0.87445691258808944,-0.42066843228865569,-0.24158472241164394,0.48447002663877858,0.78275183989943731,0.39062558854056945,0.024777032016114232,-0.45862580303538281,0.88828400383808681,-3.5956568107441389,8.7703227358740872,-1.9353458468129701,,0.5689488602658763,0.2222222222222222,False,1
-0.70937561301521357,-0.67692030550043492,-0.19638008977614607,0.70435597773837955,-0.69105016710451983,-0.1622723734004819,-0.025863029279271518,-0.25343355449902877,0.96700699954575609,-14.93287655477641,5.0816749083037367,-1.8354215450753826,,0.3119360582257471,0.1746031746031746,False,5
-0.22055729239977656,0.97534873233751096,0.0070236099613215103,-0.97537181357713887,-0.2205357548988959,-0.0037156547762240734,-0.0020751020508585219,-0.0076701459427689009,0.99996843090804299,5.8068543106960115,-1.6430489490529607,-2.007717750367485,0.2681761220287915,0.224773866671466,0.9322033898305084,True,5
0.53006503574165031,0.84149547036362415,0.10448172683156817,-0.84748031344185937,0.52159927098968006,0.098546023925484019,0.028428440208551248,-0.1407820082984233,0.98963238120363228,-11.85049297627349,-4.7496974418393449,-1.8686517823750148,,0.3033508261716225,0.1851851851851852,False,6
-0.3404319758482372,0.94012055691377605,-0.016715510407878914,-0.94025064578193684,-0.34048300182092467,-0.00022040340653971979,-0.0058985529339453391,0.015641737088410847,0.99986026180368892,-7.8728087376753395,-10.702836947565991,-1.8294636207302899,0.2871612265170448,0.2674073992674674,0.995049504950495,True,5
0.18555387376294419,0.98235696320699051,0.023335740191970874,-0.98203948182514511,0.1845632549817767,0.039177302703653737,0.03417917594336306,-0.03018611848637567,0.99895975003128179,4.2280950980547116,-23.623901599911012,-2.3158736872906913,0.2533228031485604,0.3087135367946943,0.2916666666666667,True,4
0.9788093090815142,-0.2014312418141305,-0.036848219449313706,0.2023908819663037,0.97899952007103153,0.024451392549094526,0.031149114791101298,-0.031390994280294633,0.99902169051819067,-15.586567567318848,5.7327600808214187,-1.8299050826260346,,0.1675796274568778,0.9384615384615385,False,5
-0.020990466685778208,0.99976381462100294,-0.0056316323367015713,-0.99976995892133835,-0.020965095080349681,0.0045270328802363095,0.0044078959538632343,0.0057253613627822365,0.99997389500452794,9.4680037027361035,-11.066993681200795,-2.0659541366032412,0.2790037067847197,0.2517851631747626,0.974025974025974,True,5
0.6472317628565909,0.75298968246644604,0.11873324407523997,-0.7619177567446197,0.63412908316270178,0.13176356797110914,0.023924404000846219,-0.1757465333550336,0.98414469409070737,-3.87523250472338,9.8356064610671865,-1.9022694267980307,,0.4191787932662646,0.3859649122807017,False,1
0.94580921149966324,-0.32164509835778476,-0.044602310980441207,0.32353083727568588,0.94516401475847089,0.044640592932239521,0.027798071409339646,-0.056651707018051577,0.99800693951387998,-17.791226169748867,15.092821399434012,-1.7288577394095348,,0.1549354900872182,0.4583333333333333,False,1
0.87702165953448863,0.47968812465098082,-0.027061259693457528,-0.47953431349234105,0.8774364074775175,0.01233665337020866,0.029662280606868111,0.002157290377497967,0.99955764976684891,8.3236993453204047,-24.53647456089994,-2.3678522601985739,0.3206000804157003,0.3000375591808557,0.9259259259259259,True,1
-0.87933775559879201,0.46492159557728208,0.10301952021027025,-0.47554331620472129,-0.84598710670389266,-0.24117290416585679,-0.024973305578087284,-0.2610626845350581,0.96499876101052728,-14.522398472794467,-11.905755150012045,-1.9124782898202934,,0.1787031542191087,0.2777777777777778,False,1
-0.5405604269573796,0.84126000830568493,0.0087191302992437377,-0.8412105946780567,-0.54031520672016198,-0.020596426591505668,-0.012615871315381572,-0.018468237936202909,0.99974985070190725,20.300017779889671,-0.1447978072370332,-2.0456042371822862,,0.1549336739113433,0.7631578947368421,False,1
-0.97011521896604436,-0.23959186837483096,-0.038369239491069865,0.24248691352339297,-0.9629887823118316,-0.11769750172146977,-0.0087497828752395781,-0.12348417611270936,0.99230796608180194,1.2576823026806307,11.878630162450833,-1.8890031021174729,,0.4825504364418518,0.3655913978494624,False,2
0.39766707109378463,0.91747439101070904,0.010081785914183451,-0.91748008732921349,0.39750716824492904,0.014776350979727383,0.0095493414468872002,-0.015125906036541435,0.99983999572156734,-4.4946090629013113,16.199479793505819,-1.8887904467583791,,0.1573069967331817,0.8947368421052632,True,4
-0.012667933718985402,0.99983252392767874,0.013207859467004954,-0.99991188667465991,-0.012719141562819973,0.0038003058597811702,0.0039676620337848155,-0.013158553655843093,0.999905550601492,-15.080686616209437,17.51407571999842,-1.7253977431429008,0.2414578294586195,0.1835155943844293,0.7352941176470589,True,4
0.99954285269725041,0.014586988079224164,-0.026482171372824083,-0.011473845952838272,0.99340080168883271,0.11411922740289936,0.027972066081960855,-0.11376320575107185,0.99311404004592807,-5.9371310478651953,15.794656006144828,-1.8411466258527887,,0.2173899398989175,0.3548387096774194,False,2
-0.76179287842682908,0.64749668784306036,0.020485351118095421,-0.64749745923471946,-0.76003327541817722,-0.055645849276459616,-0.020460954590344308,-0.055654824493317601,0.99824039682226273,13.635536907314895,-25.079469536818163,-2.5626403297160922,0.3291250443705773,0.3102114379479324,0.7441860465116279,True,1
-0.4405735853255866,0.89739427376526093,0.024050640878704472,-0.89770324157671944,-0.44026333053244771,-0.017236294587999048,-0.0048791368095032536,-0.029184194383173344,0.99956214255152598,22.776929542714139,-1.9626407203843375,-2.0813531198839987,0.2165974916342921,0.1729822287242715,0.9375,True,4
0.75731322275609891,0.64424896136551657,0.10686420550504359,-0.65261315102481954,0.74060627336255758,0.15999507169122412,0.023932357765731674,-0.19090736925398447,0.9813162683947998,16.639602003536254,14.51660523195825,-2.1393345449393082,,0.317734879539216,0.2068965517241379,False,4
0.27637683705234473,0.96099160717765741,0.010534461307826584,-0.96091102049155785,0.27613448598569229,0.019993907754399558,0.016305049488289394,-0.015648532951109764,0.99974460177470492,-10.531395302663768,-20.650490994423599,-1.9751671295916191,0.3002803239178156,0.2280147249081668,0.8611111111111112,True,3
-0.55610024704353644,-0.80457736274806146,-0.2083453445400002,0.83083878853304094,-0.54462965890378157,-0.11439161731218868,-0.021434148153484933,-0.23671460030113056,0.97134276921033869,-2.503791145865653,9.5631757695627293,-1.9109625344756729,,0.6454800710143005,0.4759036144578313,False,1
-0.60460803312712219,0.7942658785366713,0.059923621974335269,-0.79638506347719518,-0.60138933379847292,-0.06404451470542151,-0.014830945640019352,-0.086444105558440357,0.99614630434772189,15.851358149403477,-16.81106482500606,-2.3051213466867444,,0.2020215581094751,0.5526315789473685,False,1
-0.53387882283878807,-0.81418457102179742,-0.22820360828506212,0.84530475411856643,-0.52055604021028234,-0.12033819703294692,-0.020815263361763991,-0.25714760996486602,0.96614793458379722,-13.768431010520505,-11.117192151629032,-1.8983912164416139,,0.2664323973057319,0.3095238095238095,False,1
0.070311720069601749,0.99681646276279356,0.037592573547520332,-0.99746255105441639,0.069835454983218762,0.01383721327801881,0.011167867516607867,-0.038470102577957827,0.99919734284212935,4.0725895451855028,21.81603702648221,-1.852232011562073,0.2898331190386756,0.2989676465127034,0.8518518518518519,True,3
0.031917128934680267,0.99851540519970716,0.04413935273009198,-0.99947266030083237,0.031621427951850717,0.0073815042818209014,0.0059747963767498415,-0.044351672720996597,0.99899811357935286,26.134297192703556,15.366683891561596,-2.1044219444259262,,0.1965991083289099,0.6086956521739131,False,1
0.88808018585966619,0.41767883621864926,0.19198430471914846,-0.45871497856530491,0.77804470642875623,0.42921673224377144,0.02990237320501124,-0.46924495156924634,0.88256162589559883,-13.350222857643654,3.8313126054117155,-1.8231444024189003,,0.427681211666231,0.3149606299212598,False,1
-0.90930217677715686,-0.40256713518326009,-0.10540044107435337,0.41502862736577051,-0.89577931063757232,-0.15915610293218668,-0.030344518042137905,-0.18846519122644212,0.98161096261236391,-14.365621561101934,-8.2595491446345921,-1.9187370766492968,,0.2390400096171569,0.32,False,1
0.70969758876036193,0.70445660280521571,0.0083801713504922763,-0.7040390715049849,0.70874338075503795,0.044853160761737496,0.025657714281035374,-0.037732148097539213,0.9989584409262573,2.9196815387586734,17.007026117993099,-1.8907455001709716,0.2220788824302565,0.2002100626140477,0.7777777777777778,True,2
-0.89607617806809925,0.44383530993561809,-0.007596101185611959,-0.44315831455598481,-0.8954363704946442,-0.042478401985913884,-0.025655239986542289,-0.034697608703365537,0.99906850846751283,24.783866129270685,-3.0620987149689949,-2.1105810317266935,,0.136133485049185,0.1764705882352941,False,1
0.50608314104490493,0.86219758781541789,-0.022252503575953098,-0.86225537609208114,0.50637508008561549,0.0099972330466647046,0.019887703498041583,0.014127909737859816,0.99970239642406189,1.7185058560581579,-2.4482365463743077,-1.9106998312632051,,0.2798281906911823,0.9575625680087051,False,2
-0.98940137151178653,0.14362241309416818,-0.021389916026122228,-0.14206135711723122,-0.98790443387311655,-0.062156257511593462,-0.030058224575097357,-0.058458805930715799,0.99783719671324544,0.85588935202144101,18.800539312737527,-1.8907515986420431,,0.1195047246683116,0.4166666666666667,False,1
0.13527089554836133,0.99061644118931658,0.019515410909298602,-0.99076644505226075,0.13505709205946931,0.011892570914082868,0.0091452816277448334,-0.020943933008260258,0.99973882364050237,-5.0110851963725374,19.826036663825906,-1.8771154267901464,,0.1430149822537723,0.2413793103448276,False,1
0.12160961302009496,0.99112690770194456,0.053652165382994554,-0.99253962196356404,0.12095175290807382,0.015354878732494021,0.0087293100258880839,-0.055119200807393104,0.99844162215365706,22.966506635231706,17.211271455361924,-2.1215385035708647,,0.2057525105742775,0.6,False,1
