axis_00,axis_01,axis_02,axis_10,axis_11,axis_12,axis_20,axis_21,axis_22,location_x,location_y,location_z,dbh,dbh_approximation,score,reconstructed,number_clusters
0.99781382505134586,0.059519465549789645,0.028722878634805549,-0.060835397696966179,0.99702402974823978,0.047351224816609278,-0.025819080608230908,-0.048995074499877285,0.99846525114863016,11.825664608330406,-9.7290843395967475,-3.3678155264712708,0.1523071760135626,0.1431225208594696,0.55,True,4
-0.083813047318261863,-0.99647696025335974,0.0030067895587182836,0.99451684801855933,-0.083836805556383828,-0.062511031357115832,0.062542882140624464,-0.0022489371544556699,0.99803974378539584,-10.882115347657431,4.4408248510645763,-1.9950006971144845,,0.2222292273389405,0.7090909090909091,False,5
-0.98340001607753158,-0.18144803742154086,0.0010090067306971857,0.18022538316132097,-0.97738853875518739,-0.11059139014568531,0.021052782311764797,-0.10857372622265118,0.99386544679401301,13.31196019322501,-16.936343322020033,-4.3111905444445577,,0.2216556414605864,0.3181818181818182,True,5
-0.64232271191788903,0.75114466055721563,0.15232607350954191,-0.76567567174388151,-0.62004525261000354,-0.17112758519699062,-0.034092513166455618,-0.2265515032662169,0.97340234071724563,7.2311811967638215,-17.249103551665588,-4.409410249120155,,0.8658031220743716,0.418848167539267,False,2
-0.89675027105464544,-0.44252532697435354,-0.0032072339581264205,0.4400342690536177,-0.89088578155318265,-0.1126604024705392,0.046997802308928242,-0.10243953930302953,0.99362837487941857,18.772138292588959,-15.345632085955902,-4.1635635998472145,0.4007942080107321,0.260792402140853,0.9107142857142857,True,2
-0.68461841195776596,0.72753986689691752,0.044535065780168616,-0.72827489698531434,-0.68021855241233309,-0.083176892074072931,-0.030220927011895944,-0.08937820220662071,0.99553916675380272,9.3100388822405424,9.2377589144241643,-1.6672042204835753,0.3310672273117283,0.2448328751791095,0.9523809523809523,True,5
-0.96758777896347525,0.2432564502993137,0.067824696006014429,-0.25141529253857864,-0.95316756175441919,-0.16811290818041841,0.023753750825324434,-0.17971616122907383,0.98343167567188661,8.8240232136319925,-0.41297779023622916,-2.398335018223714,0.2265418497200795,0.2617730305671052,0.8958333333333334,True,6
0.98901922250055208,0.13758092467949462,0.053967274238563498,-0.14382859980789783,0.98000787836616132,0.13746960470430081,-0.033975158597197047,-0.14372211905128712,0.98903470166304297,19.548735709148229,5.8755845671846698,-2.0312883453607351,,0.205009736922527,0.1363636363636364,False,3
-0.86827827818414649,0.49316880549772873,0.05364103762529656,-0.49594653233877944,-0.86047553660212572,-0.11669999130430646,-0.011395994678618284,-0.12793115411512782,0.99171757628472912,17.911044351066082,-19.974252131164736,-4.660654350404509,,0.2768550312552578,0.5555555555555556,False,1
0.026628421694146677,-0.99937739559833383,-0.023146237818931249,0.99756396079844323,0.028059273175350841,-0.063865650431147794,0.064475354006017088,-0.021389211204784195,0.99769004724405075,-10.043117268373765,-0.62096839050964536,-2.4761973711056657,,0.1366306531331216,0.3857142857142857,False,3
-0.87929394260631422,-0.47627946110485281,-0.00019345675347976973,0.47316966016432127,-0.87350622920610865,-0.11444361160897959,0.054338155984771278,-0.10072111232406587,0.99342972692404274,-6.2457217653124593,5.2964500813254176,-1.9637750665543898,,0.2228253950335657,0.65,False,5
-0.9992171973998577,-0.036585568157425655,0.015049538962176132,0.034758854657982521,-0.99358675148694675,-0.10759734798071817,0.018889532636911614,-0.10699001575949442,0.99408064164057819,-5.3591340814928206,-19.004802853140429,-4.5753972180814024,0.2916361756664125,0.2331832499364972,0.8,True,5
-0.016455753661376096,-0.99985336010989634,0.0047398785201158769,0.99773504249122846,-0.016729752158784764,-0.065152899994795746,0.065222642973604875,0.003657002824032452,0.9978640354145859,-12.247437135889745,-10.650834497936412,-3.6305707540116177,0.2358663207311095,0.2337725157054328,0.9739130434782609,True,5
-0.91220188304270078,-0.40909641046909856,-0.022975019361262283,0.40753791380434573,-0.9000627741120053,-0.1542720048155336,0.042433163744331495,-0.15009040475360561,0.98776125506903034,-7.6904987401792182,10.742748958345743,-1.3917071820666198,,0.2192715154170183,0.4827586206896552,False,6
-0.83023050212136962,-0.55594350381743463,-0.040547921161186461,0.55471022262088698,-0.81684123007148046,-0.15832553102768313,0.054898836665141094,-0.1539390314978816,0.98655404936288682,-16.144680580357374,-17.335004592553606,-4.3758269047689149,,0.1941410548118725,0.7083333333333334,False,1
-0.98872165896107667,-0.064828071961734915,-0.13500667460159227,0.10222069247221452,-0.95094467870661259,-0.29198484219232701,-0.10945506444087934,-0.30249221333003135,0.94684637071857702,-5.6346512736633265,-1.8236666518671325,-2.7284581697098078,,0.3975617682465052,0.2235294117647059,False,2
0.43682555211367602,-0.89658921971016736,-0.072878035923693504,0.89808644656582259,0.43929671124937353,-0.021427411888936598,0.051226668009502284,-0.056090735286654411,0.99711065479195748,-8.8741576645090348,11.600614971503685,-1.2911566145827327,,0.1403199469809434,0.4545454545454545,False,5
-0.62789098956780798,-0.77823147431710604,-0.010424855000576756,0.77491307469124526,-0.6238530127440528,-0.10157334868325367,0.072543999697564254,-0.071855346860151437,0.99477343010129071,-5.6507482285546473,15.108931566736885,-1.0225054514843226,,0.2803228980999406,0.948051948051948,False,5
0.36561064636641916,-0.90987777813399207,-0.19608998985536799,0.92943243292560007,0.36817359448955705,0.02456739600849614,0.049841828713723273,-0.19123449787783703,0.98027810285239059,-10.562637580731327,-3.6425282737134905,-2.7730890793310667,0.3131903093091013,0.3263972348681272,0.3684210526315789,True,5
0.9747911752106595,-0.22310957312184473,0.0020695682664581272,0.22300308670580105,0.97454126761518056,0.023215103589731792,-0.0071963915336947324,-0.022168357999303296,0.99972835102967261,11.74071252227578,-10.083134734071161,-3.4211350743919873,,0.1431813057484646,0.5079365079365079,False,2
0.34555984640913401,-0.91680634191970722,-0.20013626349440095,0.93673664696896275,0.34969241821001923,0.015481177984041819,0.055792891796717335,-0.19282464588903991,0.97964575697684009,-3.01687215321249,-5.5324981095945214,-3.008536370688764,,0.2244063569513056,0.2267441860465116,False,5
0.2310395142955515,0.97213584255308116,0.039656606734391441,-0.97065570381659727,0.23309854309282199,-0.059098002134671215,-0.066695183352184037,-0.024838937811716831,0.99746417463786829,5.8437744612108604,7.197404466833726,-1.843146323645271,0.2027698843625669,0.1664469307790223,0.9636363636363636,True,5
-0.11176898427761033,-0.90498553237501023,-0.41049833172069133,0.99153871745436284,-0.074118188628745738,-0.10657141222368718,0.066020193444950567,-0.41893636784876181,0.90561230874540255,7.1073047539722189,-19.979809426888536,-4.6478882566468647,,0.2311896863527415,0.2162162162162162,False,1
-0.82056076575419912,-0.57151106998736312,-0.0074247280612335532,0.56876927723509929,-0.81520440095778202,-0.10928537840227243,0.056405132553224192,-0.093898251000560942,0.99398268570468062,-6.5330990739522985,9.1080443927399752,-1.5679499592301389,,0.130838635204027,0.5666666666666667,False,5
-0.88312524740334863,-0.46913719891913119,0.00029323895874327002,0.46651682155509822,-0.87825815991250222,-0.10499837976481023,0.049516185282230757,-0.092589919199759674,0.99447234966975251,8.2559849735106674,14.778021978646834,-1.202613597794977,,0.2609472496031401,0.7916666666666666,True,5
-0.99726056169298927,0.068322155703839649,0.02834528411861029,-0.071627062531788577,-0.98762967465531204,-0.13948903058416701,0.018464452465526346,-0.14113719842842187,0.98981783941032586,19.677556808722962,-17.334806846620523,-4.3186436702747022,0.2156292767654917,0.2259827968339419,0.5833333333333334,True,3
-0.37825379761821187,-0.92565070871403976,0.009738071913672125,0.92246793584733111,-0.3777900481889464,-0.079546130157016254,0.077310878412834988,-0.02110556672038599,0.99678361901289581,10.120967032141726,-3.417843039476594,-2.672981875320128,,0.1473624570501284,0.3950617283950617,False,4
-0.95874750011516374,-0.28386250069632629,0.015010387115381706,0.28125189036222542,-0.95494199864413665,-0.094779498802315301,0.041238394617154443,-0.086647907787617981,0.99538511887883341,14.325290563600481,-19.208549598924908,-4.5173493690578077,0.3023982947601712,0.2530713380674511,0.8604651162790697,True,5
-0.99295355136899011,-0.11641163877629872,0.022171494787854643,0.11423281886503406,-0.99004051927505488,-0.082283858002218505,0.03152947696774628,-0.079171336675576465,0.99636227925947873,9.5402257036267848,-16.643043171512328,-4.2545490539880211,0.253926262667503,0.2153981856994262,0.9594594594594594,True,5
0.43182991952351596,-0.88441274938852255,-0.17702262376133659,0.90162667017232445,0.41798137250606443,0.11117967382535543,-0.024336561759613601,-0.20761902840775609,0.97790698474074678,-9.1799446604874451,-2.8382301248689128,-2.709910846325279,0.4228772042379901,0.4042748108357822,0.6730769230769231,True,7
-0.86665708889034077,-0.49881776531456834,-0.009291247639564508,0.49630365416619021,-0.86009090140292532,-0.11800984783139606,0.050874091022898402,-0.10688535133722865,0.99296895647956196,12.422263810662852,9.6925214212946909,-1.6233800825357096,0.1065752086279846,0.1763255136251391,0.5813953488372093,True,5
-0.96785689544151099,0.24493881700985462,0.057078944174981522,-0.25107152641025671,-0.95425577138482021,-0.16235458541348047,0.014700971816224821,-0.17146690263888345,0.98508019101344402,18.964398216107529,-9.729266839201113,-3.3575170930568001,0.2415643935391612,0.2417911607202122,0.4333333333333333,True,4
-0.83436990344587869,0.53135592219364514,0.14658699865082284,-0.55101832137496465,-0.79713254623392527,-0.24689777893641668,-0.014341329535003043,-0.28677619790415043,0.95789025393455618,8.3132038479707653,-10.783240736078277,-3.578763280588829,,0.4844022640071931,0.2344827586206897,False,5
-0.67531534720092645,-0.73752526099638416,0.0023814338341681734,0.73494503717731774,-0.67321580522173485,-0.081463316456436133,0.061684472627415943,-0.053263204859129075,0.99667349560666585,7.8790123102069396,-2.3421368101044875,-2.6065708796924509,0.2420879273870019,0.2343137352053833,0.9791044776119403,True,5
0.72528679122084805,0.66010969095491834,0.19548469604541413,-0.68575479886656365,0.71780033015575961,0.12042857576074435,-0.060822909434230667,-0.2213998237029213,0.97328448654659583,-8.1073237624951453,20.825514654108098,-0.53388180035647237,,0.2393794487415745,0.1818181818181818,False,1
-0.95845521627252894,-0.28496544062104784,0.012581575880313296,0.28224944696552517,-0.95384684163494815,-0.10252537437478397,0.041217084899775477,-0.09471483703563234,0.99465081890967078,-18.57411718873033,-1.6271727206359954,-2.5279022962940023,,0.1769872709071191,0.8064516129032258,True,3
-0.071608738401075039,-0.9632495510302076,-0.25888702366999355,0.9933292195511999,-0.045350281824906677,-0.10602081646640808,0.090383904376878224,-0.26475206208545954,0.96007140122549528,-5.594423443850852,0.98701162921945595,-2.4729825217369132,,0.3245407662091676,0.2647058823529412,False,5
-0.60193974723328625,0.79718257930229397,0.046566897659908416,-0.79730746910132066,-0.59674602437444513,-0.090526140470806968,-0.044377251108797686,-0.091619417430124334,0.99480477578959714,19.715017581383599,-7.2812609653902136,-3.1197878621988209,0.2213379944635894,0.1792296035340316,0.9833333333333333,True,4
-0.99894900486328619,-0.040140506732220124,0.022127480695547791,0.037773773544009667,-0.99440891517467866,-0.0986106051769568,0.025962043734982246,-0.097671127465594296,0.99488005465216922,12.010342358487962,4.447348858324891,-2.06369787530432,0.17363950557884,0.1606662734824045,0.922077922077922,True,5
-0.41470124729766367,0.90880934418554704,0.045699577796726162,-0.90870624868683636,-0.41097542442069995,-0.073158417968982703,-0.047705650475186948,-0.071866379088296156,0.99627275104234259,7.239958187903496,-1.3266228297146623,-2.5323689432432248,0.2390165635177205,0.217898273017079,0.9857142857142858,True,5
-0.99359063232574851,0.11018141579075852,0.025252939806380215,-0.11186519403882533,-0.9905298845410796,-0.079603556413598495,0.016242959003106818,-0.081918272963857161,0.9965066797756269,7.9826576680040313,-5.4255031296130483,-2.8991918193711084,0.1747488167804383,0.1871709454280161,0.946524064171123,True,5
-0.99177087200179803,-0.12656054727350621,0.019312310131753774,0.12440106877996705,-0.98830529476773765,-0.088187405112398198,0.030247504611064374,-0.085059227646898564,0.99591667134199424,7.3873150898891886,8.7197221585549247,-1.679270581071066,0.2132928507859836,0.1817389713137625,0.9368421052631579,True,5
-0.78400733394307376,-0.62073065631477908,0.0050943728269231721,0.61806467043181867,-0.78135026364621696,-0.086532240604279276,0.05769370405411111,-0.064693259393952415,0.99623602559910751,11.783402780237378,-11.881796063332759,-3.6332276834356696,0.3276473750165005,0.282725042030151,0.9813084112149533,True,5
0.13706216515143441,-0.99055398428781138,0.0040947644064505849,0.98874249163768146,0.13655870464344164,-0.0611555836879661,0.060018731360396503,0.012430784273275621,0.99811984625506811,-13.099003231429009,-3.5978426475267304,-2.7134892427108461,,0.1594729993429626,0.875,False,1
-0.1959475045679778,0.9800366316460376,0.033656739079594211,-0.9789539977951276,-0.19350401138280501,-0.064848036051227409,-0.057040736798539778,-0.045655210115088503,0.99732740668991327,6.4856233960939882,6.0740552817308195,-1.9251581658297627,0.2497706363738828,0.1940312988428198,0.9855072463768116,True,5
-0.9930580358227673,-0.11655727085355046,0.015815817999717201,0.11441231986546713,-0.98837248175528503,-0.10014818206988002,0.027304918070380081,-0.097643432549618228,0.99484682314871897,13.819088515772954,-9.6717601131653907,-3.3828928621739278,0.1935134738579782,0.1878254677583282,0.9545454545454546,True,5
-0.97738513596918275,-0.21128300833270972,0.0088196585184567352,0.20841629193191744,-0.96950558779743645,-0.12892464654555863,0.035790295386485996,-0.12417087266918715,0.9916151718972035,-4.1772498018084594,-12.010648991931408,-3.7976960153239605,0.2943585625712242,0.2660177152215675,0.9631147540983607,True,5
-0.81745981622638497,-0.57279872677605981,-0.060506755481093688,0.57395540830957248,-0.80125909577922139,-0.16899423275146416,0.04831809316722023,-0.17287417399596947,0.9837580402913586,11.140912317425478,-4.8235599537869414,-2.804470363696336,,0.1690222046593522,0.2027027027027027,False,3
-0.94111422871489125,-0.33704049714621043,0.02660285311408345,0.32802791157048672,-0.92933022443189051,-0.16953767483387155,0.081863897666060476,-0.15082783974056591,0.98516458778120608,8.7290334556420532,5.1128799522413644,-1.9890617584840564,0.1583469102923089,0.1959378585063702,0.625,True,6
-0.71721295908640981,-0.69685353032343789,-0.00085357734207405604,0.69385523529160897,-0.71401247894536601,-0.093547273443544299,0.064579282877279875,-0.067685575908434256,0.99561447309538509,-5.9631167551652036,-23.182465537918439,-4.9469937530604682,0.260086064127837,0.2278390808732043,0.9459459459459459,True,5
-0.98050383797344054,0.19399768399127887,0.031258955922641989,-0.19628823638737344,-0.97435732753268123,-0.10999421138999313,0.0091187704921415116,-0.11398551175211616,0.99344056245722145,15.645357772038651,-1.2770378081694584,-2.6470165174072395,0.1738640228106795,0.1724511292967174,0.72,True,5
-0.91227123092116014,-0.4093559672461754,0.013743846388109993,0.406831454335006,-0.9095098722176147,-0.085322682226723193,0.047427513083186774,-0.072245999326236016,0.9962585741583847,6.3528481793823914,9.3018541397284764,-1.6459300534917394,0.2637622357459718,0.2380789677730966,0.992,True,5
-0.65473207542663936,-0.75555323824690435,-0.021568810401658922,0.74953529860392099,-0.64530425662813717,-0.14757795405933558,0.097584555920788102,-0.11279060489342474,0.9888152172643373,8.8414819355788907,-24.8992380178905,-5.0979383659233619,,0.1963642654473407,0.9,False,2
-0.74241062917053602,-0.66994511100632625,-7.7028111439648994e-05,0.66732196068480332,-0.73949356783806575,-0.088491038607973374,0.059227176890331482,-0.065748090199253456,0.99607696999416273,16.316813798218419,-4.8781771790451796,-2.929642680113075,0.245273387367709,0.2642816465925646,0.926829268292683,True,4
-0.99806010677413004,0.056723012915954475,0.025661704381241171,-0.060096048859980225,-0.98543135611488886,-0.15910219136451928,0.016263092492899568,-0.1603357171415955,0.98692855345828323,-8.1049161888384962,7.6915273054494016,-1.6546416081997324,,0.1537388153381845,0.5769230769230769,False,6
-0.51151411662864577,-0.85925945680646254,-0.0051472690118132287,0.85674371654892856,-0.50953875975695884,-0.079752469925830072,0.065905330919027713,-0.045204404586321578,0.99680140908931814,11.371636309184762,-2.6349521260628967,-2.6426648788459772,0.1746815131219953,0.1130982225277057,0.5892857142857143,True,5
0.35962572408683918,-0.93309636046440858,-0.00072156987969408323,0.93166712690217424,0.35911745572684273,-0.055054678657924364,0.051630448621571609,0.019126815740050554,0.99848308032474009,13.986698016506228,-4.0778917921543432,-2.8262450307541922,0.3069270568609617,0.2683054397411383,0.9928057553956835,True,5
-0.92845035361309347,-0.37111515756248631,0.015921077322000571,0.36871775218863911,-0.92595311717199269,-0.081596838299213367,0.045023994677056034,-0.069888229530025464,0.99653824576705496,-3.7916945518279563,-3.3217001202398611,-2.7677550597779295,0.2867729666180001,0.2293968678108798,1.0,True,5
-0.87479006791155378,-0.48447415729396998,0.0052084544344074531,0.48180107826693175,-0.87099644409949795,-0.096088060376151113,0.051088727368371112,-0.081547441899341058,0.99535920986122006,6.3306376142646581,0.53260519533013206,-2.4232661745268329,,0.1240780504191744,0.8280542986425339,False,5
-0.079155728316110438,-0.99650059538572067,-0.026850215467513011,0.99613331650213277,-0.078039288909279095,-0.040352015327580606,0.038115435576802116,-0.029940487344728071,0.99882469972881238,14.384489676691535,-17.762754814941559,-4.3669261901328529,,0.1752545187967146,0.1515151515151515,True,3
-0.67086140494683921,-0.74065726969816503,-0.037037605160324505,0.7388186164456727,-0.66321860204201277,-0.11953299920415134,0.063968956111965194,-0.10755414798461845,0.99213914241161127,-14.976175963627893,-13.833345405184785,-4.0060908531765467,0.2386383826829909,0.229053817524947,0.4693877551020408,True,6
-0.44524574097137043,-0.89389932479932876,-0.051963711089178743,0.89277865676199963,-0.43874539113824607,-0.10221913610076729,0.068574777995230013,-0.091904727181205084,0.99340375524992519,8.3823397855220776,16.385425258822519,-1.0815161581191084,,0.2110704244492507,0.8095238095238095,True,5
-0.99495961244700515,-0.099201153138120848,0.014645846352259883,0.096272224091706299,-0.98584673926500743,-0.13725110399916848,0.028054027656349349,-0.13514931704089866,0.99042800527632335,7.4666159988227649,12.718016594308493,-1.349482756914465,,0.1123315096500755,0.7777777777777778,True,5
0.19060900014208501,-0.9806518585124937,-0.044611001567196919,0.98003609500200817,0.19271360434159976,-0.048894981285260458,0.056546101174627487,-0.034400568275294641,0.99780716541037473,7.5538070941844957,2.7019881427492405,-2.1779083281467133,0.2435459670018239,0.1922489676821926,0.8762886597938144,True,6
-0.81325857940133572,-0.58183977908788498,0.0085413407076697853,0.57921789715582661,-0.81082777209153523,-0.084053266560329826,0.055831090303751989,-0.063409742753307602,0.99642465539520619,-8.7638600728562412,-3.7986644353096146,-2.8280710191316505,0.2468907611250103,0.2190122522873697,0.9650655021834061,True,5
-0.85076897205059054,0.52348150322602738,0.046467967205381371,-0.51541308008612996,-0.81383322960679039,-0.26837442363964137,-0.10267187089028018,-0.25227483062723416,0.96219327411902522,10.527388434539601,9.8554152777705486,-1.6525216273721728,,0.2286819327051241,0.5,False,2
-0.7615158756357735,-0.64808017642410298,-0.0092550570384616823,0.6453981972384345,-0.75689631115902323,-0.1028063283812945,0.05962162490288557,-0.084261848306142403,0.99465833468783249,-11.828875077218001,-15.931723144720538,-4.1313937505686651,0.2887282200935324,0.2541283402105451,0.9506172839506173,True,5
-0.94000281018907328,0.33801629604062816,0.046256896216889234,-0.34114351290802158,-0.92967862491971165,-0.13899193490332157,-0.0039774913475694521,-0.14643304947439034,0.98921258664869949,17.571528816527536,-6.3371571253020509,-3.0765177030203961,0.1695489894687595,0.1797241197754821,0.6862745098039216,True,4
-0.92742007828429995,-0.37384862974410343,0.011366636864091079,0.371115883939095,-0.92357123926325102,-0.096380323167375465,0.046529550645241113,-0.085166707369721567,0.99527967570555409,9.9231188279264639,-8.2501495920629875,-3.2087041908530045,0.1668875128648574,0.1178542037780789,0.6621621621621622,True,5
-0.58575559051950898,-0.80633331267469721,-0.08195716592337271,0.80941451635786787,-0.57677925367388971,-0.11033509523515359,0.041695669850729505,-0.13096671868242188,0.99050956063697781,9.3166405726861257,-20.534185972771716,-4.723183288487748,,0.2601497743991217,0.3076923076923077,False,3
-0.98655680793365952,-0.16272168476507529,0.015077069574871446,0.16066959923449317,-0.98267519049916541,-0.092383709923655091,0.029848695140281108,-0.088719351241125052,0.99560932705242267,10.909395664958637,6.9977049945924046,-1.8801336846492753,0.1621009352692974,0.1712681106851093,0.8461538461538461,True,5
-0.99801944406732845,-0.059041345992379257,0.021709645942511138,0.056555573750176523,-0.9932474717647648,-0.10129623344770151,0.027543716912017936,-0.099867809109397451,0.99461940678953142,-5.0929147510278252,9.1494377536162741,-1.5482274341759148,0.3509284375763996,0.2904680541657582,0.9425287356321839,True,5
0.62348818802743988,0.77811371354338443,0.07616776343036788,-0.77917471340091227,0.62643924918555371,-0.021462364185874272,-0.064414636433553649,-0.04596646468420959,0.99686400212745618,-17.084778835923007,-26.943645089085493,-5.2143874601159661,,0.1653796882970403,0.3684210526315789,False,1
-0.89286845566743811,-0.45031413980540447,0.0017596492158993091,0.44786771590920438,-0.88841125011717181,-0.10069736695423885,0.046908740340332031,-0.089121412447082299,0.99491554612596167,-8.1038870398550742,-9.4170162323864837,-3.4821624113191585,0.2739617851308046,0.2761179870616156,0.9119170984455959,True,5
-0.99228251315662208,0.12106987539922263,0.026786178420893789,-0.12322897462620125,-0.98686330098201025,-0.10447700697984384,0.013785278240002924,-0.10697154035400251,0.99416651304403658,-9.7360112183142107,-19.546312164902261,-4.6178138004555924,0.14369174612296,0.2203790888349082,0.9315068493150684,True,5
-0.49992569171148565,-0.86606588912386628,-0.0020441288799515327,0.86344940505923651,-0.49822917138891304,-0.078884838086708625,0.067301022797887189,-0.041201559111304943,0.99688163984354428,-10.038908129224094,-7.3556146112943992,-3.1816071149670013,0.2622731572457436,0.2361191210482764,0.9822485207100592,True,5
-0.83479705693261874,0.5475006250578236,0.05793909990611408,-0.55038894016436501,-0.82730086512253953,-0.11245129217685651,-0.013634085278639463,-0.12576304754891321,0.9919666161670081,10.443899954238271,-17.416781185505478,-4.3266703879095703,0.3296981067000658,0.1297645300277953,0.5121951219512195,True,3
-0.84542167742126195,-0.53397520632864792,-0.011518088925600738,0.53182009531133312,-0.83962776336633638,-0.11042013044498841,0.049290704694342172,-0.099477123052093983,0.99381825723822048,19.663522989822752,-2.5911073556105277,-2.6673034550821346,0.2059625966303686,0.1907865071081841,0.625,True,4
-0.81180244435822835,-0.58392349488067441,0.0031848799575985567,0.58123687203458552,-0.80856675550587043,-0.091561457383338388,0.056040074245638054,-0.072478645248435628,0.99579433421841401,8.4025289928539877,13.586435935500896,-1.3095251613079251,,0.1984574214356699,0.9375,False,4
-0.79465573869263595,0.60385449116065792,0.062305781978592004,-0.6058360518285073,-0.78234999156499008,-0.14453777707957799,-0.03853485782647962,-0.15260486297416151,0.98753573126693994,19.865372812953073,4.5948674686392872,-2.133707952172669,,0.1348488841555896,0.5217391304347826,False,2
-0.95783522836985358,0.28524850617894787,0.034423320821036094,-0.28727031554506061,-0.95296220399768694,-0.096637485265870349,0.005238425365554418,-0.10245158600309125,0.99472419867274731,21.894107475452021,0.58462398963328099,-2.4736396177760707,0.4562337097701473,0.2967510228272288,0.9361702127659575,True,4
-0.58680961396448428,-0.80947566210320887,-0.020090530640757678,0.80733292806958468,-0.58299027261845637,-0.091301069472658883,0.062193409726806773,-0.069796092260470011,0.99562065330713378,10.303095233258512,-21.591098438177582,-4.8270644362760864,,0.2280524948076998,0.9090909090909091,True,4
-0.58074877094459654,0.72061554024945806,0.37874015920855614,-0.813176216241979,-0.49154821020736811,-0.31164851737223376,-0.038409717321515449,-0.48897198303472877,0.87145343732316882,8.9733143083972848,-17.625236307932642,-4.3625085276488011,,0.3120340928793843,0.2903225806451613,False,1
-0.7014741256089434,-0.71146770252877822,-0.041806211973703225,0.71086515800342642,-0.69426770107636149,-0.11253037980433296,0.051037028106385586,-0.10865572925789803,0.99276842932352671,12.497060107217891,10.564666156786798,-1.5461162549672809,,0.07868257000842639,0.2857142857142857,False,3
-0.99095770841303699,-0.13290606478097453,0.018406468461350606,0.13044410043853358,-0.98642108286530472,-0.099788696452166301,0.031419051506452148,-0.096485362741071709,0.99483838786968792,5.8969762911707706,17.892940125299209,-0.91088536838519807,,0.2625045946161554,0.9206349206349206,False,2
-0.37096611513186839,-0.92841011813350693,-0.020947409656040389,0.92559469037253883,-0.36782577685826368,-0.089323384579735612,0.075223736799855612,-0.052524760122663772,0.99578237531898661,-10.769000989638883,-24.119734024929301,-5.0366012650309546,0.2864852938280739,0.2488090278982073,0.8461538461538461,True,3
-0.69258014508072641,0.71969903249541289,0.048642011318679838,-0.7207846732265224,-0.68782312892177133,-0.085841704095386995,-0.028323090962944969,-0.094512676109775359,0.99512067437716978,20.101730661047998,-0.75840968342544823,-2.5444654634951145,0.2768164630377146,0.183404143137044,0.9354838709677419,True,3
0.72336279390641867,0.68925831189483755,0.040856430042028727,-0.68770131853067051,0.72449369929053498,-0.046645216040804148,-0.061750829007209004,0.0056443929872853375,0.99807563638470176,8.248142280772182,-17.392249085514887,-4.376865442623771,,0.2806064403705955,0.4583333333333333,False,2
-0.99973495775303578,0.0037666253313288355,0.022711820273786029,-0.0056968912608260629,-0.99631901015907953,-0.085533475467757844,0.02230604573871597,-0.085640192253664399,0.99607640158486688,24.614707337668758,3.6910332826488723,-2.2458881102565726,0.1212746375967985,0.118927985980154,0.4090909090909091,True,2
-0.15677851819118169,0.96728110534529588,0.19946869297150158,-0.98635955725222213,-0.14309356232770848,-0.081357582544997295,-0.050152966522202073,-0.20950297292007108,0.97652095947126194,5.7273333769014574,-6.9473394509631827,-3.123330873050608,,0.5833004180949812,0.2171428571428571,False,3
0.91029910119256086,-0.41061522341512346,-0.052446970053223005,0.41391888646536251,0.90447448394830854,0.10294203861258402,0.005167377989826815,-0.11541683666687744,0.99330370583146477,-7.322851891174583,-0.45766480692647216,-2.5951796536616185,,0.7459818204683887,0.2781456953642384,False,1
-0.24365740924473028,0.87097616827136093,0.42665159231331212,-0.96823095960231575,-0.19294972799131138,-0.15905725804143073,-0.056212772460760972,-0.45185276005731972,0.89031972203296561,6.3141400529595879,-19.852081428941691,-4.633428115453845,,0.1606818728092088,0.2857142857142857,False,1
0.9215945719810521,-0.38790180164099552,-0.013987036095320005,0.38810735777402261,0.92144358676774329,0.017731194157856789,0.0060103025488426002,-0.021769443912667528,0.99974495126257312,12.50058079063469,14.14685328186585,-1.2662362841556947,,0.1508376342155731,0.2,False,2
0.98827091562402869,-0.15224692484142197,-0.011894166972670322,0.15226888686397613,0.97649616223186464,0.15254321105721214,-0.011609626387138992,-0.15256513042884318,0.98822522612630181,7.0938779305828481,-5.8075112616217153,-2.9680000679382861,,0.302444129149041,0.3076923076923077,False,3
-0.91875619140572296,0.3845209887183757,0.089614005538720481,-0.39340810580138152,-0.91078007142855166,-0.12533843695519797,0.033423390663125913,-0.15041034114596646,0.98805850344649848,-23.189885075066886,-13.762881373983099,-4.1470694867777178,,0.2396016113913005,0.2727272727272727,False,2
-0.081556967816622208,-0.99600458707243489,-0.036377514088057228,0.99451382867592686,-0.078927602593434981,-0.068648948434786569,0.065503477563467194,-0.041776740891567091,0.99697743121274862,-13.422018210497058,2.7619730988702011,-2.1293406570698337,,0.2727419728606501,0.7666666666666667,False,1
0.90637158459939082,-0.41996257700983691,-0.046065003441288672,0.42244154751925883,0.9023807174289582,0.085159730753052096,0.0058042708692019086,-0.096646131446919178,0.99530188170023137,-8.2841234768605077,26.478664021297547,-0.11075311812824967,,0.2303351508263612,0.3333333333333333,False,1
0.91808723367808875,0.38867018486676314,0.077790222733654033,-0.39362323425550522,0.91707515407683071,0.063513079197864419,-0.046653840265845403,-0.088930586249021698,0.99494460650724437,17.394217866561601,7.5401092650571977,-1.8751439818181128,,0.2822461412672009,0.4444444444444444,False,1
-0.98712152860762492,-0.1591363925881783,-0.016330839334464484,0.15650888151432965,-0.93957878097136271,-0.30446130190141169,0.033106763153175629,-0.30309622713321621,0.95238470133194064,17.419645786069943,-16.676085733908685,-4.3042573799776687,,0.2201689379286106,0.1785714285714286,False,1
-0.88311811564512721,0.45769101071737406,0.10305984925231662,-0.46905794679487012,-0.85700795399576912,-0.21335887452029778,-0.0093293283778761484,-0.23676212850981071,0.97152285517918879,-10.335819753889634,20.971868152449389,-0.47500448480127222,,0.209497589318139,0.5882352941176471,False,1
0.14180989006635536,0.96393780210336255,0.22519739953096113,-0.987659363572154,0.15305699805117726,-0.033204471021384262,-0.06647508275749843,-0.21770959791359917,0.97374719221607131,13.504934912092152,10.001572502210415,-1.6021410403337824,,0.4706864446798987,0.425,False,1
-0.99146940075291989,0.12779374883962255,0.025635622250316119,-0.12948283881741604,-0.98822787379374943,-0.081485360089205913,0.014920516828463461,-0.08410961428160274,0.99634479522049535,23.351217681582185,-5.7343993203842913,-2.9730239652422839,,0.1716417926994212,0.5333333333333333,False,1
-0.44183362331169429,0.88036759087303684,0.1724411617093356,-0.89586769336270555,-0.42294037793632044,-0.13617089520183079,-0.046948112850735919,-0.21464934579794964,0.97556216257513106,-6.6891176581780121,1.6332918988936287,-2.3982087194397579,,0.1937066126502077,0.24,False,1
