axis_00,axis_01,axis_02,axis_10,axis_11,axis_12,axis_20,axis_21,axis_22,location_x,location_y,location_z,dbh,dbh_approximation,score,reconstructed,number_clusters
-0.88526958479366702,-0.46177156986665435,-0.05536045070384904,0.46324716947437422,-0.86496242703941328,-0.19298201932840114,0.041228900218515808,-0.19648668421288082,0.97963930133177002,0.26649393039074032,7.2382459417590672,-1.0138466497677532,,0.353132205119799,0.4244604316546763,False,5
0.92747349334118911,0.37386165636402202,0.0045145376552899255,-0.37066568694227314,0.9209929447724029,-0.11991223541853531,-0.04898844428131751,0.10954203567675526,0.99277423150819566,6.2047059623665559,7.127260619083744,-1.3747147619740703,,0.1334614640111276,0.2926829268292683,False,5
0.8866834440800242,0.46184556018691825,-0.022161871085682606,-0.45937960020109336,0.87447430691353811,-0.15577249265249238,-0.052562847273243479,0.14830160175709128,0.98754431900690443,-9.0754027017902281,13.214621695093136,0.21479277709532085,0.2479664114604767,0.2259012390037357,0.9655172413793104,True,5
0.6413153180193969,0.76719061116363219,-0.01154248742921123,-0.75879388626313848,0.63192187289368829,-0.15781820151116205,-0.11378269219597459,0.10996959898493477,0.98740072222767272,-0.21256153421279761,2.6914634255163503,-1.710003935702469,,0.2943488541773933,0.9072426937738246,False,4
0.99299940864434089,0.11490778739294565,-0.02735644034680907,-0.11759118603263204,0.98355826985146022,-0.13705999698760643,0.011157392142872553,0.13931737222350049,0.99018492333367214,-7.3170643767149732,7.3056135808178464,-0.68911580288595919,0.3029746541520771,0.2648656928297248,0.95260663507109,True,5
-0.59154032580844307,0.80575690629622965,0.028911086080790453,-0.78484798002949674,-0.56723762167674663,-0.24950977695899529,-0.18464477026458298,-0.1702859022656833,0.96794060783888114,-4.893224436723921,17.840686183430261,0.90880549695120394,,0.2216720535013938,0.9272727272727272,False,2
-0.12420980950500733,0.99214699109002102,-0.014706165161227332,-0.97649186356024864,-0.12485441379575404,-0.17571287874357089,-0.17616913357158803,-0.0074648125722037127,0.98433160720861723,-7.9557005874786846,-23.383784969859754,-5.214033406390632,0.4275430333802777,0.3770006337534679,0.9836065573770492,True,4
0.19530111293228497,0.98067906328788568,-0.011227204291738712,-0.96599641959008242,0.19037414805998434,-0.17495313969625909,-0.16943551170446658,0.045013982041502872,0.98451274689270285,-7.5937615809092032,16.191104941923744,0.71805872245487312,0.2679438403700213,0.2460707301427452,0.8658536585365854,True,5
0.92048111336260907,-0.3814293264820029,-0.085006992901874051,0.37722041337480244,0.92406796681740022,-0.061669704355552329,0.1020748728927784,0.02469942512374794,0.99447003912761556,-0.34565391157758651,-9.8834712626223844,-3.3178984045627153,,0.3942672404706006,0.3492063492063492,False,7
0.84190679863694418,0.53951909216799088,-0.010587331822568722,-0.5352748474215574,0.8324765723629638,-0.14305101951626181,-0.068365050476997702,0.12610275830861375,0.98965868571959648,-13.877995900313659,6.3517375465211998,-0.72080370451954545,0.262228640392561,0.2689211496137649,0.9545454545454546,True,5
-0.019896642709675002,0.97167693535138144,0.23547411092311263,-0.98354372228135345,0.023278661807140315,-0.17916431080270498,-0.17957135063763097,-0.23516385183657718,0.9552235826337,3.0690188912165066,7.9914050466242843,-1.0547936334332564,,0.4132303732374021,0.2439024390243902,False,6
0.76881328845155361,-0.6062273108085442,-0.20350571277030591,0.62419618367748309,0.78057712765539611,0.032840098412127733,0.13894334018863724,-0.15227539332109144,0.9785228422505694,9.4284597415230333,13.397027502728243,-0.54076766167763191,,0.3534453290211415,0.1290322580645161,False,1
-0.65927114377738649,0.75056738179211679,0.044834856665154403,-0.73348253253483708,-0.62885514945273635,-0.25796235282121976,-0.16542349726909941,-0.20295271960854502,0.96511411768492794,10.370548200454873,-11.028687202910197,-3.5754034415190681,,0.182033020808049,0.32,False,3
0.048591098156664139,-0.99598184848340077,-0.075226741731370353,0.98246326360989022,0.061233549714738975,-0.17611470139183832,0.18001344626703092,-0.065349903449978014,0.98149098278188263,9.1882420844204784,-17.661342396131399,-4.3342659225764422,,0.2820670847248902,0.2631578947368421,False,1
0.83686086166401208,0.54692800945901265,-0.023100880592960487,-0.5429704324533895,0.82395881151091455,-0.16209560886989238,-0.069620454583025626,0.14819456603642464,0.98650461879351037,-5.2428024030250953,2.8774489277174284,-1.4016733142068269,,0.2366531856846414,0.9694323144104804,False,5
0.95604633613445456,0.29200528504179418,-0.026614219348815291,-0.29250171840724809,0.94345181284562263,-0.15601737584998607,-0.020448664814437075,0.15694454544828715,0.98739569664918947,2.8585684563911267,-10.002835724829987,-3.3611735779749337,0.2959021047421463,0.2711339833128232,1.0,True,5
0.75985552120202071,0.64992633326453397,0.01467474797479772,-0.64275651009972001,0.75447156594967268,-0.13280333165202535,-0.097384062470377064,0.091479054994940648,0.9910337667678123,-20.481812105378893,-13.250258494296894,-3.6235959689735537,0.2559885336367205,0.2185843031323051,0.68,True,2
-0.94655889098208179,-0.32047493432823398,-0.036360450630948497,0.32141225043721355,-0.92788052328964032,-0.18902883316740232,0.026840848936974349,-0.19061361695077764,0.98129812894007151,-16.836307246836071,-23.222107763866617,-5.2179559377206921,0.3762679916765083,0.332031232438621,0.9387755102040817,True,1
0.88102899425873182,0.47288288131195999,-0.013026581959482343,-0.46967451797941917,0.87109834687393972,-0.14350441538256037,-0.05651334741677054,0.13254980435892366,0.98956393978770429,-14.831608192254789,2.9651300347044431,-1.1979603064312141,0.307526827072894,0.2503724611413213,0.8461538461538461,True,5
0.97730847847510838,-0.2090230878959996,-0.034314525016240646,0.20075963685338163,0.96570334186539641,-0.16465911368795899,0.067555207875982931,0.15403377628438231,0.98575346291677113,10.217374313668726,0.42004551814157015,-2.5113104386356797,0.3480066422124297,0.3206927349782186,0.9871244635193133,True,5
0.47192233312818777,-0.87490934977708001,-0.10873334892062944,0.86455966091969083,0.48340538996354127,-0.13731650179285149,0.17270177823426558,-0.029203743370398338,0.98454113025707513,9.0688036895007134,-20.262704299896829,-4.8153383915521006,,0.1152386568891212,0.3157894736842105,False,1
0.90942669282620003,0.41418919170024709,0.03728811947387848,-0.41079140233202233,0.90867701294000869,-0.074542001076677994,-0.064757348195342221,0.052472846626811773,0.99652048961453255,4.2171279703364792,-2.5290824336889974,-2.4554385183116785,,0.3480711368758355,0.8654708520179372,False,8
0.53156000254834346,0.84691563145085103,-0.013337049711687636,-0.83631700654831687,0.5222824156237984,-0.16671815404518242,-0.13423050416678101,0.099774703880176951,0.98591438787389429,-2.3567542620551261,-2.1856174822970931,-2.1439094569751718,,0.3191599675589947,0.9962311557788944,False,4
0.30754319099226923,0.95152810431333568,0.0033841359553289756,-0.93910322636345755,0.30409650937096389,-0.16003263174159696,-0.15330465064060811,0.046038893234599393,0.98710592359771399,-11.833453858401899,-18.794382360989896,-4.4129152200735957,0.2929100872731796,0.2601830136591639,0.8833333333333333,True,2
-0.47264443158256497,0.87597390872844849,0.096316937871796196,-0.84996221322564691,-0.42426513264612348,-0.31235129791523036,-0.2327476689089622,-0.22949685934184932,0.94507127465058072,-2.4051965131776099,-12.496192332337536,-3.6376628100387141,,0.4584126386425582,0.2903225806451613,False,4
-0.99831766772165087,0.050067052591450729,-0.029242512881245609,-0.042170740210810222,-0.97311537720483554,-0.22642458196398169,-0.03979275040603851,-0.22481048216730551,0.97358963846316038,10.614486087849743,-13.859789314957903,-3.9867533875586538,,0.1368812566728357,0.2121212121212121,False,2
0.92739344014718561,-0.3506206657169163,-0.13040918657899134,0.3508797416262292,0.93616793025131428,-0.021748868597698118,0.12971050107172649,-0.025588183624394738,0.99122168598680538,-5.7948270634422574,-6.0058640470060132,-2.6967235125996285,,0.2155348199743715,0.2772277227722773,False,7
0.99919227755231355,-0.017956322500670065,-0.035949450094173149,0.018196458794299392,0.99981417817321372,0.0063638047715013635,0.035828499370876267,-0.0070128172708510189,0.99933334730046819,1.5630464120893584,3.8855919658477633,-1.5442282286156697,0.3357439621625232,0.1953969789847669,0.2232142857142857,True,5
0.99645259632706851,-0.077230033660267497,-0.033432696180210497,0.071115420204454299,0.98516629291931312,-0.15617289234935139,0.0449980030911174,0.15324130381999543,0.98716375668951684,-2.8461504011167449,10.687103765149875,-0.30559349267602298,0.2869962114401464,0.2288189981935521,0.7213114754098361,True,5
0.83254289634266498,0.55344981292352735,-0.023782983922943177,-0.54940706294984598,0.81944471666420304,-0.16328574803683216,-0.0708816261818975,0.14900892894735049,0.98629211401276706,-8.5825185627580574,0.49191168921031214,-1.6478910105568361,0.262855640861292,0.2286875316219461,0.9786324786324786,True,5
0.0791194509650473,0.99610910080706372,0.038817158169212759,-0.98102181770939112,0.084717665239696316,-0.17441075188903382,-0.17702063624660494,-0.024281196133612588,0.98390757587141764,-0.82176037945712499,5.0720824281019556,-1.3276200989766223,,0.1206362087999985,0.2293577981651376,False,5
0.47557371773171131,0.85543961809199309,0.20506754692409054,-0.84738844370515665,0.50807471483830979,-0.15424950443007304,-0.2361407725865898,-0.10041485916235535,0.96651662767984137,8.753496339591873,-14.335512213295292,-3.8695696223046609,,0.2852992883858234,0.3157894736842105,False,2
0.88072844337853651,0.47316249059398802,-0.020848657484736549,-0.47032542048765225,0.86856689608336679,-0.15615872012545723,-0.055779995223507919,0.14733908009419014,0.98751191770523195,-2.7516635144763497,7.1459624088633173,-0.89833791078541314,0.3117462822093606,0.2707256202329702,0.9681528662420382,True,5
-0.97927169419617899,0.20255094194334591,0.00025468413426737654,-0.19104358444561165,-0.92321790857984476,-0.33342321772730454,-0.067300057862660051,-0.32656057507807085,0.94277722342892978,16.413465866969208,-14.215007739721418,-4.0781133096614939,,0.07003168456098008,0.3,False,1
0.30091812137286256,-0.95175817296027487,-0.060038857690216843,0.9364495658086377,0.30680772827652208,-0.17009182392641131,0.18030666911193491,-0.0050396500988307592,0.98359753303911857,5.3529553412665338,3.5869575490826526,-1.8691753405231453,0.3186132991061341,0.2814070988498697,0.9578544061302682,True,5
-0.003329063356272179,0.99993934713883148,-0.01049854183870094,-0.98459976806371408,-0.0051127131114959007,-0.17474883946258851,-0.17479191647799944,0.0097551119013861449,0.98455706981654489,-9.2918307433578597,-14.386655619672347,-3.7149572785559051,0.3110764252584159,0.3117190588659062,0.9911504424778761,True,5
-0.99669124549847199,0.076646642785304211,-0.027052787221410451,-0.067400057073235486,-0.96538514756373783,-0.25196973859942989,-0.045428993530888681,-0.24931267318987702,0.96735691320922923,3.5801703079436979,-9.025857114437331,-3.2232817661594306,,0.1109292008636833,0.1,False,1
-0.24701529231540026,-0.94032520452778345,-0.23403408959406,0.95394259801518899,-0.19354760608890939,-0.22920044474059065,0.17022621729442708,-0.27987110230789369,0.94482548708139524,6.5525004280794379,-13.496115100274725,-3.8230962225239371,,0.2965482001612559,0.5128205128205128,False,2
0.15618554106395971,-0.98277516417375343,-0.098787921558308359,0.97109469873348375,0.17106280632544626,-0.16647102565848285,0.18050252866451086,-0.069932059710230018,0.98108528893792024,-1.1582464516137174,-12.696559117020314,-3.6546780703042629,,0.09750734521458901,0.2647058823529412,False,4
0.8933191130524295,0.44897536932911675,-0.020051932350856401,-0.44649485356334456,0.88153042084260047,-0.15344856750883906,-0.051218238906347163,0.14603162282481971,0.98795316545799938,14.160196076321782,-11.353449558390441,-3.6660255972562896,0.4147857702495862,0.3551096098295257,1.0,True,4
0.96265828334336134,-0.26758904993996241,-0.041050333282932297,0.2584595780871719,0.95355074844983001,-0.15472432460918792,0.080546111050830038,0.13833680089909747,0.98710447953172098,7.8488404291757439,-12.560709998042428,-3.6304193498645194,0.2671941323495197,0.2989868724008621,0.9784172661870504,True,5
0.97691203982480224,0.21156216600563621,-0.029737457193713939,-0.21364156458468872,0.96714957231687437,-0.13776424299902271,-0.00038513264030826111,0.1409367045247302,0.99001853366013237,-18.383785257341856,-9.9762817907124504,-3.063480900849501,0.2449588523197209,0.2591220183665583,0.7037037037037037,True,5
0.75723130621927215,0.65310430390745333,-0.0074509797352996371,-0.64683810228338889,0.74828673505990884,-0.14719861265584847,-0.09056057815561587,0.11628297532718603,0.98907889034857965,1.229267281498585,14.580447423750677,0.18418265543367437,0.2654681171502583,0.2528693290759144,0.9466666666666667,True,5
0.37810007803459278,0.92562913892098908,0.015843868549834918,-0.9124000396975146,0.37548465985121726,-0.16290315459312191,-0.15673703630670627,0.047137749169909121,0.98651484228722397,-15.850514118202103,11.742235338632561,0.094139138274357465,,0.2584212503478997,0.925,True,5
0.0080106051859738341,-0.94417657937706023,-0.32934240109707658,0.98383269626925418,0.066368299959445723,-0.16633843365879736,0.17891074857627631,-0.32268535094783318,0.92944344009065405,0.21799505018868948,-10.110787747513768,-3.3842908914317382,,0.4255308486487972,0.2195121951219512,False,1
0.9996136627016563,0.015510233459816114,-0.02306421466692906,-0.015574846636759161,0.99987526043926889,-0.0026244454170288589,0.023020631885802202,0.0029826531021115432,0.99973054083990653,-4.0953759223597661,-14.135820891202213,-3.9156260330363866,,0.3414502668231441,0.3663366336633663,False,5
0.95992503555787201,0.27914593704880963,-0.024929338907441284,-0.27975151195941866,0.94905612889855617,-0.14502260429501376,-0.016823128889693943,0.14618484883609165,0.98911423622609496,2.715638270043415,-20.3645752330196,-4.9047326633319965,,0.2797377933255767,0.9382716049382716,True,5
0.97585149801246951,-0.21589924087838919,-0.03318691933510446,0.2097648887392714,0.96861892562422935,-0.13332692291793438,0.060930659597780379,0.12314582701293192,0.99051630981538163,-1.2644859878900299,-15.437061464282692,-4.0691268486484695,0.3823060279034608,0.2422966632189581,0.7777777777777778,True,5
-0.56532450837745085,-0.81626237580166339,-0.11884415878964588,0.81470204761167253,-0.52998056456072551,-0.23533205222672837,0.12910760568278934,-0.22986155624314289,0.96462163106387921,5.5790788582222834,-14.347181908949961,-3.9776599631604093,,0.153822498566322,0.25,False,1
0.97781360528280203,-0.18876917591432854,-0.090811626725189595,0.1827978586238663,0.98064271612198961,-0.070176963452527621,0.10230100784634973,0.05201981873780092,0.99339239087689246,10.273631486623092,-6.8867740189467881,-3.0607688557228547,,0.2675538548645769,0.4285714285714285,False,4
-0.033288329348862417,-0.93623421294167886,-0.34979620587799171,0.97894655003131559,0.03997815225270504,-0.20016343203553963,0.20138405922750746,-0.34909489520750114,0.91519244688159274,9.2182080064685952,-5.6184996657004165,-3.0007266394957086,,0.5131615718097717,0.4090909090909091,False,2
0.93854608307485077,-0.32071671176202393,-0.12756190944560922,0.33406185876490468,0.93701054946716267,0.10204854092921894,0.086798182373779342,-0.13839082694962276,0.98656680187040913,3.3927667734595399,8.0998800599153622,-1.0456709768284664,,0.2914349463104008,0.2260869565217391,False,3
0.9475089159933815,0.31891780814477966,-0.02276589030055802,-0.31864526857204306,0.93604095988854341,-0.14930677890700456,-0.02630678486052751,0.14872374746174236,0.98852880585809833,-25.443133694445162,-1.7310712346776227,-2.003142099712707,0.4546076342074911,0.2919765338318661,0.875,True,1
0.70627703746303006,0.70778820377280061,0.014443162829459139,-0.70040357039675816,0.70158539297193989,-0.13119746546287431,-0.10299313048897567,0.082545714416202148,0.99125103788273505,-15.68351184151193,-6.6717262348129465,-2.5937712100408254,0.2455692117003813,0.236733983325563,0.85,True,5
0.9730749768885727,0.22928807848473184,-0.023496093677131423,-0.23025824061548469,0.96247892054773931,-0.14358088358107218,-0.01030689002399,0.14512513416372547,0.98935962291372859,-14.551091894121422,-3.167052080830759,-2.133328084583074,0.2955203421879984,0.2726079813273598,0.9824561403508771,True,5
0.98993104010722888,0.13843706308318829,-0.029524826792411613,-0.14138941189956661,0.97700316159196621,-0.15960531457942601,0.0067505581187972119,0.16217275296486827,0.9867392908772209,-1.309104335590801,-10.082730153224436,-3.2981087022211555,0.2959346599606906,0.2741510713813824,1.0,True,5
0.48686807966304718,0.87342990660611775,-0.0089258753769273537,-0.86269185292219563,0.47923148104538354,-0.1615548033229483,-0.13682923630162111,0.086356156822059216,0.98682337541833609,8.1106840861011325,6.9865267553569135,-1.5236603555172825,0.3785674593055425,0.329815551000408,0.974025974025974,True,5
-0.99917411299086112,-0.020328836865796757,-0.035182812858140372,0.029530792189528435,-0.95804389748178842,-0.28509616414565186,-0.027911005743003793,-0.28589968326248522,0.95785298812961162,7.9189285746583327,-14.367972351033606,-3.9139484634898323,,0.5232892997726235,0.6037735849056604,False,1
-0.37763666568557636,0.91882237751883078,0.11469955231178915,-0.91087227034384355,-0.3463588461706984,-0.22438194401055622,-0.16643994667306941,-0.18921149079785579,0.96772762485191066,7.3788265561815294,12.316747654410284,-0.63394484010758334,,0.203893000542437,0.3142857142857143,False,5
0.83191596250698197,0.55481325220174504,-0.0099038632565352728,-0.55016536886827916,0.82235695660973107,-0.14507619657824858,-0.072345685594314479,0.12613996629499855,0.98937091663287979,-4.5288932958662462,-5.7611143138523966,-2.6688553338552437,0.3011185488340652,0.2726857199617994,0.9832089552238806,True,5
-0.21962558712989277,0.95871048185382723,0.18066215281971584,-0.96311983036473403,-0.18356217134571046,-0.19673617259938772,-0.15545029377925895,-0.2172075993938806,0.96366802630858917,2.2801953102337476,9.1883919787260826,-0.79068372076743731,,0.4583598595274185,0.18,False,9
0.90710901964480528,0.42089298369379108,0.0015240591786774838,-0.41847424609441464,0.90227218527765807,-0.10384704632290867,-0.045083609380274128,0.093562812867182002,0.99459211147767956,10.222088747653951,-11.914164265566999,-3.6969302276933225,,0.09507482973218713,0.3333333333333333,False,4
0.37673373902858814,0.92632131419929165,-0.00071605700715343321,-0.91373956879678275,0.37148956242331233,-0.1645463625414009,-0.15215679509180596,0.062644456024725834,0.98636909006555817,-7.5084665301855171,-6.5560037141650644,-2.7220286368227442,0.2434238641405777,0.2399799988995031,0.8184818481848185,True,5
0.75276400313788316,0.65791488780426088,-0.022234117597396991,-0.65143643666171103,0.73964003398894507,-0.16900647653366394,-0.094746633551386086,0.14170610617167534,0.98536412300445575,15.483547095333069,-1.7149935764762763,-2.6611762255037479,0.2694349061200686,0.2480250353336451,0.8867924528301887,True,5
-0.019713385324341564,0.99898936455037646,0.040393464252161657,-0.98971231695972339,-0.013772172198286674,-0.14240736262974077,-0.14170713495541354,-0.042785240307579964,0.98898357474457199,-3.374356296901087,21.666694917632555,1.4574157512692318,,0.1163470172630994,0.3181818181818182,False,2
-0.53556437508264543,0.84140984073811198,0.072112967290226329,-0.82556040061476843,-0.50366372936332948,-0.25450515252270767,-0.17782245381030909,-0.19583750313177614,0.96437899566922991,1.7083733069009019,1.5389273535364063,-1.8994757502238595,,0.2317866419600483,0.248,False,4
0.55808185919512932,0.82975812773916946,0.0067888060878082065,-0.8199661734728293,0.55271396743517121,-0.148871570699045,-0.12727966372376937,0.077515931606752964,0.98883323545960133,-1.715045979911658,6.3137730405240537,-1.0831110721575978,,0.08028246545679298,0.2391304347826087,False,5
0.99804395326732565,0.010057731900049695,-0.061701777734160301,-0.0039536513926453354,0.99515253481664101,0.098263935849732281,0.062390992837062856,-0.097827779679606236,0.99324573471813349,-6.5744929302567687,-16.426696776205389,-4.1046925514310777,,0.2550008157505952,0.1724137931034483,False,3
0.7071861379049722,0.70679599468089438,-0.018088345919253679,-0.70006829896025524,0.69641558690834737,-0.15782809351315447,-0.098955258303661017,0.12427691746316916,0.98730091899071382,10.015091317435688,-6.0048311216675616,-2.9959937017389011,,0.2806300201958333,0.9217391304347826,False,5
0.82929557618961069,0.55874674778810307,-0.0084213507561881843,-0.55402521829230489,0.82013317488809157,-0.14296024952462164,-0.072971945352339251,0.12322194319274488,0.98969260273445425,-18.881049428148462,-4.6633477554499478,-2.3219586221084514,0.3005406209221226,0.2804261249527416,1.0,True,5
0.89810509081561352,0.43920146491515294,-0.022568098445881393,-0.43700557300538206,0.88550547513667088,-0.15781692768907002,-0.049329251092196956,0.15159857096741755,0.98721046300539184,3.2269167507432117,6.2419327826709861,-1.3034405772618509,0.2408464626825635,0.2558871896789072,0.8868613138686131,True,5
0.98896276566023456,0.14532710694224282,-0.028856197349233378,-0.14805251898034802,0.97685632765150421,-0.15437670404173942,0.005753239194894344,0.15694504488837821,0.98759057970585706,6.2557875546890713,9.187630704605505,-1.0218716354796602,0.2991977127719477,0.2780603883402751,0.9395973154362416,True,5
0.85602263131301104,-0.51106905618928333,-0.077676730658183674,0.50286130670565066,0.85808506953011954,-0.1040217269024872,0.11981552861893344,0.049984330097393427,0.99153709252174738,8.3755786710700004,-17.113613047465464,-4.3085610178452844,,0.108799068257941,0.5555555555555556,False,1
0.99938388821958324,-0.021351361382113253,-0.02785611843453591,0.018606416426372931,0.99527203710932355,-0.095327715885920469,0.02975979225191084,0.094750680817547561,0.99505611060368604,-4.7514558550659274,-18.073063797481321,-4.4991995891628873,0.1976628301974758,0.2170336729210263,0.864406779661017,True,5
0.43653858192283762,0.87685091779629132,0.20141135631488064,-0.88987941833499162,0.45378450599405312,-0.046842746968027635,-0.13247145849795475,-0.15878315426875464,0.97838602944026654,4.6985369582554224,-24.339493428888538,-5.3695131831518808,,0.4697557618944019,0.2978723404255319,False,2
0.96059228604437097,0.2770832213136919,-0.022075970159358707,-0.27733834361342408,0.95009795146549758,-0.14281920663141737,-0.018598471813878782,0.14331354118677256,0.9895025648065271,-22.479508212519683,-11.208713836454512,-3.305297129667192,0.1810620417096325,0.2890476691992889,0.9272727272727272,True,4
-0.99059536363298573,0.1367139383979509,0.005488587846972183,-0.12498152975858007,-0.8878032271800409,-0.4429278124343855,-0.055681619660690664,-0.43944820952693203,0.89654047782324697,7.0963431648086965,6.8502417015932933,-1.4948587284526846,,0.07706980455914549,0.375,False,1
0.93797259675822675,0.34610642387091411,-0.020438960000842936,-0.34527908145707575,0.92712928640579229,-0.14564903774774668,-0.031460509194654346,0.14367195148661993,0.98912517242118514,0.19911523214618743,-15.109391288638909,-4.0712444521595419,,0.0717253742583712,0.1304347826086956,False,1
0.77403939274328404,0.62902077443177484,0.072082479250221446,-0.62476532405818774,0.77729117267381809,-0.074072415498810495,-0.10262216298673478,0.01230033400404535,0.99464435525835715,-26.484568345680504,-8.7349224463068591,-3.0358650819219228,0.3504291866207299,0.253324381611169,0.4,True,3
0.88976597815476322,-0.44845865360355225,-0.084860710145424706,0.4428761056626298,0.89326717952253809,-0.077035712633504963,0.11035061917089502,0.030960975371228931,0.99341036780006542,16.613160286894701,18.498033742861388,-0.098965582322362633,,0.1191945370232518,0.2857142857142857,False,2
0.97161764002860529,0.2353481139993541,-0.023883609907013076,-0.2363259879672569,0.96124943251754003,-0.14194913136756798,-0.010449353881617079,0.14356459773096633,0.98958578065865632,-20.105362428521307,3.4490381527574097,-1.1313321817513897,0.2952875737053449,0.267401763424569,0.8985507246376812,True,4
0.94587147188424769,0.32414414299306116,0.016054072343834446,-0.32288722337791542,0.94488630565967124,-0.054163736541328181,-0.032726131070249583,0.046048278362087754,0.99840300300282603,12.434600962669572,9.7210270455806196,-1.377216564609653,0.1520900456294104,0.2355026195188204,0.2916666666666667,True,4
-0.066893460836660174,0.9977377518008117,-0.0066815813066917924,-0.98131340761276986,-0.06700020813453815,-0.18037452189637038,-0.1804141372972469,-0.0055091506960946411,0.98357530892245337,0.72249816648446996,19.769624222650542,0.98129040613316965,,0.2407554692217108,0.896551724137931,False,1
-0.88331362430592464,0.4337160857270117,0.17789715595582617,-0.4551898147462089,-0.70282137410039081,-0.54666657905797633,-0.1120681652693762,-0.56385501069803212,0.81823483991081558,11.560117103873296,1.7942186678738192,-2.3740086434820498,,0.1709075461618993,0.1923076923076923,False,1
0.6474217960290547,-0.71963137789513121,-0.25094959249871068,0.7556978866952464,0.64885244620255622,0.088944966700195222,0.098821668023025,-0.24722698680709357,0.96390512755324287,24.225780961158158,-3.8743395158303437,-2.7880601363076316,,0.4434421523179008,0.3636363636363636,False,3
0.96261730762510489,-0.2679303320684025,-0.039765012489736407,0.2590594179677419,0.95355561482316831,-0.15368769437213611,0.079095745921055172,0.13764093358054461,0.98731901449342452,-19.385628667114634,18.243084048292644,1.0099471033044456,,0.1144954785872773,0.3333333333333333,False,1
0.96963365757526299,-0.24002196156448097,-0.04690445676007407,0.2329800591566932,0.9648881173038546,-0.12128978984715905,0.07436976625324665,0.10667885944536117,0.99150832513644338,4.678780316369143,14.487860611758434,-0.2179720022624165,0.2309770070748354,0.2395768533273514,0.8648648648648649,True,3
0.98927024416299103,0.14574536991903281,-0.010132677872171373,-0.14602955817137164,0.98432150072075708,-0.09892700015218725,-0.0044443395427049975,0.099345208067632529,0.99504310332770429,14.21578241861439,-3.8593049374479076,-2.8058003011340986,,0.2395883864656176,0.3333333333333333,False,4
0.99920220041629293,0.023229034983036131,-0.032486529777680503,-0.027878630494099665,0.9881544459532291,-0.1509091544759327,0.028596234804825111,0.15169443917502165,0.98801369043063547,-24.404262691384599,8.8478067538179541,-0.45270918857985742,0.3184820437345597,0.2553496125583315,0.9512195121951219,True,2
-0.6276451799567182,0.77778037777391418,0.033454626391080142,-0.75293099774956762,-0.5955474662359852,-0.28003236971417894,-0.19787986432413918,-0.20094999231093708,0.95940745248580117,-13.893615272726436,22.318366626667931,1.6837228678815666,,0.249416184886793,0.3333333333333333,False,2
0.97060166496977396,0.23556522782662018,0.049410842908161799,-0.23421681327017735,0.9716711343034462,-0.031586249271111685,-0.055451711781200799,0.019084815965748375,0.9982789577368083,-21.104453215605115,10.364941125139659,-0.12401283657445618,,0.2466988680523348,0.2926829268292683,False,2
-0.97922337634793122,-0.19183174205614256,-0.065743151380674408,0.20274096476697878,-0.91941185547893012,-0.33701326562932898,0.0042048090457656555,-0.34334009778133345,0.93920173383378702,13.766217095732808,-2.9546673887771315,-2.7622915338756564,,0.3944129474499217,0.1818181818181818,False,1
-0.86958519572754089,-0.48959035644124849,-0.064209580680968451,0.49010465666421565,-0.83993661775890816,-0.23303197991644345,0.06015823208461106,-0.23411057436061616,0.97034696170235768,12.281579445655712,16.09729558503248,-0.16786077609691563,0.2267846323063831,0.2502282549980563,0.4782608695652174,True,2
-0.93972596220936533,0.3406220344296404,0.029862109950490694,-0.32813687436118849,-0.87382272619199763,-0.35883148534493803,-0.096131720228819523,-0.34700212225777183,0.93292455188747736,17.567221905721439,-18.089499941720536,-4.5912640687376358,,0.2372293114427925,0.4285714285714285,False,2
-0.41385453303661984,0.88461503540235098,0.21489686974253247,-0.89317473000830339,-0.34894457455000832,-0.28368395366447607,-0.17596399392954276,-0.30934434378570974,0.93452808936283627,14.991005875545206,7.4052652358500701,-1.8609258385672516,,0.4308530159303068,0.3392857142857143,False,1
-0.19631810300938951,-0.84210360545663632,-0.50231535921941362,0.96589296901747457,-0.077867235892256942,-0.24695640501332983,0.16884897048369255,-0.53366488665775413,0.82866869973178292,6.9013152919785998,8.1287851107503393,-1.2771672793258386,,0.1125804419142456,0.1666666666666667,False,1
-0.021160765231059267,-0.98603141648041392,-0.16520976886511662,0.98381451244391449,0.0088732757364967524,-0.17897002565359216,0.17793601973625051,-0.16632291090325871,0.96988425195437011,20.834347442244898,-5.1216006362384761,-2.9630887086728741,,0.1632373491121536,0.2592592592592592,False,1
0.82750523031579581,-0.55663762995913779,-0.073414186050633906,0.5469363299866884,0.82872783899410785,-0.11862048649727289,0.12686900622569497,0.058006187511603843,0.99022196373826943,20.012849224912664,-8.7852701974149241,-3.352821641599129,,0.1648028057845646,0.4333333333333333,False,1
