axis_00,axis_01,axis_02,axis_10,axis_11,axis_12,axis_20,axis_21,axis_22,location_x,location_y,location_z,dbh,dbh_approximation,score,reconstructed,number_clusters
-0.28725896523516564,-0.95539364999947596,-0.068594900923460572,0.95684347219775823,-0.28293249955074606,-0.06633076518859049,0.043964265086075219,-0.084688690145996531,0.99543707443353524,10.672519011873172,-7.2685440706900293,-2.110991014019763,,0.2748390451352932,0.9664804469273743,False,5
-0.77055201117275118,-0.63604324249718713,-0.041213975194004437,0.63701496182171535,-0.76632302063750701,-0.083432406511408305,0.021483400403710804,-0.090542927469078091,0.9956608065965149,6.5933714699284476,18.587366203269536,-0.24548142584337401,0.3030090149489129,0.2810995915929689,0.8705882352941177,True,5
-0.58327391914076865,-0.81031915844164248,-0.056341784783548593,0.81174809923130686,-0.57899207067973557,-0.076375424609962411,0.029267023157949042,-0.09028312994363806,0.99548601085251409,-16.459301675041594,8.8876818037841279,-2.1578741723484978,0.2744764005581827,0.2892171058049242,0.9090909090909091,True,5
-0.89776383415025518,-0.43921795771721739,-0.033281882617295089,0.44037658176596844,-0.89337878379774538,-0.089122471308782106,0.0094108620198161616,-0.094667493252858892,0.9954644651604927,14.562224691476741,-6.2179835180551652,-1.8497686182464386,0.2421249891153579,0.2158908711120082,0.6756756756756757,True,5
0.0037712483165730603,-0.94747823440161738,-0.31979801910163336,0.99938475693290896,0.01472239871540033,-0.031833293675270852,0.034869546832243282,-0.31948121433232768,0.94695082680805331,9.4479545460808456,-19.129897980393913,-3.0937552326928359,,0.3927261010922019,0.1290322580645161,False,4
-0.81547396990987708,-0.57658030119345161,-0.050570353717300523,0.57853238960119824,-0.80936317104796207,-0.10115103327952123,0.017391911388683776,-0.11174262224798502,0.99358497763975484,-14.634449741442371,-7.5680301052647962,-3.1443404157508632,0.2877230044609153,0.2805664351647116,0.7727272727272727,True,5
-0.97844353026533348,-0.20525620760695359,-0.022762849573878061,0.20649122537704712,-0.97402829700402838,-0.092899141426166287,-0.0031035341463263796,-0.095596892597220096,0.99541529132395745,22.433991421549695,-11.785190967992298,-1.9408936644036323,0.222246019552991,0.1906074204191765,0.4242424242424243,True,5
-0.98052717147823232,-0.19530719896757229,-0.020532024360434071,0.1963429023320851,-0.97707693079365077,-0.082280836254089967,-0.0039913276875776157,-0.084709912892767164,0.99639766155937448,-3.0939205377500096,8.8136978430314166,-1.4117403334058705,0.2814746955419974,0.2811189125267982,0.9731543624161074,True,5
-0.99707236185046266,0.075451677893258698,-0.012399578099009937,-0.074276271370363633,-0.99423911789277675,-0.077276205672324877,-0.018158764970603695,-0.076128974476786973,0.9969326148240194,-0.85112092135613238,12.89619264254892,-1.0115871113322439,0.2581068451716089,0.2310858379520664,0.9661016949152542,True,5
-0.7435573186623583,-0.66789968703540858,-0.032132879137213098,0.66829693686314318,-0.74067174993148166,-0.069170535871687089,0.022399063439874901,-0.072906562883183285,0.99708721536562495,-9.9061674994824465,7.840944002459123,-1.9016113296710426,0.2861074437194435,0.2477826637509191,0.9764705882352941,True,5
0.43764812631452582,-0.87031748529520292,-0.22585746018853831,0.89890592295358263,0.41769453255057998,0.13228537015225453,-0.020790844435742483,-0.26091905309268804,0.96513677192450931,12.907650391034444,-5.804353694196327,-1.9158537338607702,,0.2191106915570035,0.2321428571428572,False,6
-0.91423327936622789,-0.40420437083290839,-0.02821945249017423,0.40511472541198762,-0.9105212544874558,-0.082662593601698711,0.0077181703558884401,-0.087005009776232364,0.99617797512301753,16.847104164922843,-4.1102931389765143,-1.5718990408353413,0.2519843666242904,0.2392908239296521,0.9545454545454546,True,5
0.9527193155380248,-0.26277251632433302,-0.15256641329380236,0.30248503489685874,0.86778068195390112,0.39428351688990076,0.028787314292989599,-0.42179057918853591,0.90623617111854249,16.207106279067755,9.8942071299121412,-0.50352180909450162,,0.4758080031049835,0.2101449275362319,False,1
-0.015500016857187618,-0.99785993318213106,-0.063524036609612283,0.99944803556767448,-0.013595034043112721,-0.030311701524039829,0.029383221017151479,-0.063958805485398715,0.99751987324741431,1.3799252656956456,-34.133376535684349,-4.5003313670635858,,0.2533147515836124,0.2857142857142857,False,5
-0.55819213402454348,-0.82911591726937461,-0.031437831408822517,0.82901802867938978,-0.55577588872425387,-0.061986043891384866,0.033921226948103692,-0.060662651139968188,0.99758177264773951,-0.61982513020411811,2.3309128012785578,-1.784494406120257,,0.2525344796624034,0.9811320754716981,False,5
-0.13282426544347836,-0.99020825168636695,-0.042957336994155208,0.98997222540513441,-0.13044021244267198,-0.054224938029632443,0.048090616920634897,-0.049728958064086198,0.99760429193846878,15.563484283240447,2.53611824836688,-1.0788495261988991,0.2494282609077769,0.2092058108927418,0.922077922077922,True,5
-0.48008313590273727,-0.87604710055568435,-0.045405508804260655,0.87644728796040994,-0.47683937773769342,-0.066815860883275638,0.03688270663383858,-0.071872703070840718,0.99673164919383106,17.246777845696897,-5.3261620804445737,-1.6291431537665857,0.1557363645060476,0.1111478715117618,0.6296296296296297,True,5
-0.78398726611138492,0.61884043557892909,0.048994712650219902,-0.62059622534748238,-0.77941012333786819,-0.085908001506880591,-0.014976370042621985,-0.09775671297118306,0.995097650187868,22.336079043958176,6.5358264562230044,-0.47509939875633433,0.3565370228526427,0.2245388581186742,0.9285714285714286,True,2
0.58524008184418441,0.71937325753084735,0.37416061117181859,-0.81020920161371668,0.53727720494236642,0.23429522972050057,-0.032482244741947663,-0.44026732947014718,0.89727898803981176,8.0928817967626561,-7.3226790368952894,-2.1914451822255514,,0.4223869626970307,0.2658227848101266,False,1
-0.21591116994217585,-0.97574831686748931,-0.036022060247322761,0.97532115556645238,-0.21377872264370279,-0.055202366338290773,0.046162866015022647,-0.047051884925980156,0.99782519006396664,14.360366780222687,-5.0243058992713419,-1.7599413197121043,0.2335256638331258,0.2171483027333312,0.9009009009009009,True,5
0.4415145764589179,-0.89623365284258938,-0.042779881798935597,0.89652221280864852,0.44257807502051255,-0.019302058227605612,0.036232591888885321,-0.029830974230927502,0.99889804898270118,-4.4638233409848,-31.910723468012861,-4.5680917230785427,,0.3292956158041718,0.9807692307692307,False,2
-0.348668643254754,-0.93690744612410304,-0.025191558270552087,0.93632258659354806,-0.3470063784952262,-0.053726968259848615,0.041595565216209815,-0.042320334129558101,0.9982378465443521,10.547500955746973,-15.994645018742654,-2.8381053576862514,0.2460561889669285,0.2195869557335812,0.9714285714285714,True,5
-0.9996252614092983,0.010282597934207396,-0.025369369958969851,-0.002149441425545723,-0.95339099024929974,-0.30173001112421294,-0.027289497136257314,-0.30156241127034206,0.95305581969518804,9.8170804492557,-8.9570813412877666,-2.2694173004773353,,0.2521107304826657,0.1851851851851852,False,4
0.81923130771012442,-0.57268225432934927,-0.029918222604550435,0.57227359785865828,0.81977720636563678,-0.021639341886038659,0.036918744039683718,0.0006062174598436311,0.99931808691673618,2.235380126246413,24.705339888075066,-0.079317904554764618,0.3194498978448939,0.2435914814629405,0.717391304347826,True,5
-0.71257943080792163,-0.70104627645632323,-0.027652722400918546,0.70097439466995615,-0.70974680956326652,-0.069959733646238212,0.029418579274780858,-0.069235717527070445,0.99716646685092891,-6.4377323678579748,16.78819433939594,-1.015454761448366,0.292000904927274,0.2553674526658637,0.9647058823529412,True,4
-0.42759782572324845,-0.90281180188610621,-0.045726904683268163,0.9031574623088231,-0.42452392089347968,-0.063922131262294235,0.038297489638848652,-0.068631559536331016,0.99690672147547155,17.259126841701974,6.6398213864362523,-0.65414399460831418,0.3688309415020437,0.2653442109288734,0.9,True,5
-0.2813899466008124,-0.9586352649382005,-0.042873380655790987,0.95859823777901654,-0.27878302597971688,-0.058046903040177136,0.043693437481560633,-0.057432162091088236,0.99739281643622579,9.2015550534460608,-10.141407071212456,-2.3763454266675632,0.2088482166087944,0.1810277984734744,0.940677966101695,True,5
-0.95053398752351725,-0.29473878203382992,-0.098051970545490724,0.31062000190098582,-0.90132850390531349,-0.30186444385988631,0.00059412260584724985,-0.31738931679094273,0.94829513792136733,1.2341714325042699,4.7995817662302924,-1.5385944847359692,,0.334570346221505,0.2673267326732673,False,5
-0.90409956914739387,-0.42666159726545438,-0.023745536136032506,0.42723714605293744,-0.9014172900024936,-0.070109131481580336,0.008508237187426132,-0.07353061065605021,0.99725666665934665,-17.076266798088305,13.785412678978947,-1.9234992575248588,0.2182402113439886,0.2281095011042877,0.8333333333333334,True,3
-0.74735487448696469,-0.66376133269331483,-0.029691493761158198,0.66401095186044745,-0.74456538525260496,-0.068642864836950326,0.023455220953059162,-0.071016056669149868,0.99719936437264556,-8.159290094094791,-5.281613250968201,-2.7110973149936632,0.1948851726671717,0.1812691335266516,0.958904109589041,True,5
-0.51795638351636386,-0.85411505669382248,-0.046996326490041818,0.85457881511059497,-0.51425629966067321,-0.072356803574263898,0.037632878428602412,-0.07763973330854021,0.99627096629027467,-1.8330783679578948,16.947299783204677,-0.74143663506342883,0.3134846497158585,0.2872669675502774,0.9682539682539683,True,5
-0.93901808555778254,0.32858799297023761,0.1013655063184094,-0.34371888727512928,-0.88823122250051323,-0.30479931414881883,-0.010117387298281006,-0.32105330749119282,0.94700708140077894,2.8981529874318701,-18.341030935805524,-3.354172134008699,,0.3239111449706721,0.2692307692307692,False,5
-0.94398896515106145,-0.32666278960708384,-0.04665035433034237,0.32992259868663487,-0.93178608410490038,-0.15141258978141303,0.0059927079760536475,-0.15832282006891715,0.98736921771773889,-11.74451799722276,-19.433445010227437,-3.8848834622417456,,0.1425812105319205,0.68,False,3
-0.90799184077766404,-0.41826002237578525,-0.024685436261008092,0.41891080372052059,-0.90511808059261212,-0.072629186354888214,0.0080346504227757146,-0.076287704556849564,0.99705347425603519,-16.498035246683152,2.6930961025735178,-2.6230927937917428,0.3581158185075664,0.1893256857775915,1.0,True,5
0.4719414585934591,-0.88088820587735484,-0.036155613766778068,0.88029790838367195,0.47308545541354458,-0.035577301351999505,0.048444320162533291,-0.01503730768234094,0.99871268502090027,-13.186777156230093,15.076011300189981,-1.624472092414369,0.2326782243903927,0.2383364579607568,0.9387755102040817,True,5
-0.95796207557076696,-0.28551150884623178,-0.02813965324052093,0.28689362992161582,-0.95305143007748894,-0.096876296056634587,0.00084076069580087814,-0.10087690490693037,0.99489855924001158,12.697199554517837,-10.476588391251452,-2.2614622079595676,0.2091241223196282,0.2057769132698168,0.90625,True,5
-0.92212265813605576,0.38669805520458722,0.012426481927133637,-0.38535551879444757,-0.91510846517377453,-0.11864915129052475,-0.034509817251871848,-0.11419768416342609,0.99285848006901445,-11.59122221165158,-17.565119040102459,-3.7421935745229842,,0.07791987810753054,0.3714285714285714,False,2
-0.80930167820065202,-0.58630988037431719,-0.035658348770848058,0.58711356215803401,-0.80555144796533784,-0.079903252818977685,0.018123432117403956,-0.085601336767615721,0.99616462111032866,-5.2782616674969542,-4.3102487997665744,-2.5009879212671775,0.1618059969758592,0.1812453068528399,0.9164265129682997,True,5
-0.92382551717990324,-0.38206046572861613,-0.024004464887116161,0.38277286528054072,-0.92099178716737817,-0.072519387581277905,0.0055988759772753749,-0.076183518542211531,0.99707809327570684,3.5364721691095911,12.163335600764841,-0.90608213002186222,0.2555199229357603,0.2374286673610734,0.9901960784313726,True,6
-0.91282961962702835,-0.40753645439097752,-0.025614915069270432,0.40828331328869988,-0.90985279002443098,-0.073977270663093814,0.0068426326495443779,-0.077986786234528011,0.99693091011926904,-7.9769224001644945,10.837128694497048,-1.5782647429871415,0.27996228161255,0.266067152782176,1.0,True,5
-0.99885344258184094,-0.044503554063722958,-0.017641822981322646,0.045818453411232633,-0.9955043472155356,-0.082896103659796466,-0.013873340239817889,-0.083609379561567734,0.99640202833992753,-13.324311491613695,-17.426065987997802,-3.8174380037013895,0.2864508763521304,0.2513601741594389,0.8153846153846154,True,5
-0.67931449623282192,-0.73231437540467348,-0.047407497124499411,0.73334896948571859,-0.67505494008619071,-0.080623301963286945,0.027038937889291667,-0.089534816919965815,0.99561659909672384,21.991390425541287,-3.7129159314528293,-1.2532801757467151,0.2332922337531617,0.2579584994025443,0.9782608695652174,True,5
-0.51594625132833682,-0.82243547701707542,-0.2395816184183065,0.85603006077878974,-0.48462806625175275,-0.17985597694864419,0.031811959752601079,-0.29788508446175199,0.95407152544865126,-12.020252134841712,-5.220052406069672,-2.8746543260611506,,0.2608314014279558,0.25,False,3
0.99853830151863332,0.052698097489597917,0.012007119607153949,-0.053974175057465004,0.96058332633079635,0.27270214814359289,0.0028370454966021447,-0.2729516142033982,0.96202357948057104,6.7248857607038097,-15.477707843966042,-2.9416235754149711,,0.4359876722642339,0.1428571428571428,False,4
-0.86615280138682682,-0.49753633511521367,-0.047296087468968163,0.49941220163127403,-0.85800596277569152,-0.12005507362523662,0.019151436279152063,-0.12760628151262324,0.99163998477621185,2.4306532085749422,-21.70127679616461,-3.60704244722415,0.1740926805756591,0.189715561034357,0.4516129032258064,True,2
-0.79987963710307852,-0.59919276526765664,-0.034067524106464971,0.5998618243690369,-0.79640211094421964,-0.076873072972530349,0.018930341056001047,-0.081925012874506348,0.99645869681237365,1.82093826417166,8.354464903112083,-1.2104558078687471,0.2618398716653018,0.235805193741095,0.9906103286384976,True,5
-0.91127878988987199,0.37839415255347303,0.16244639857561838,-0.41098975438067947,-0.81116665839908852,-0.41604816319239379,-0.025659089831064099,-0.44589967214048803,0.89471509068196986,8.6580927671939882,-9.2845433043522636,-2.308814956068594,,0.6525424365987396,0.2669683257918552,False,2
-0.41170578661124052,0.87941764356616736,0.23900408669173465,-0.9100897004001488,-0.38315425537856912,-0.15789095544350726,-0.047276659107733314,-0.28251977766136127,0.95809576386381523,15.958196304421753,10.457738742922603,-0.51559687167917734,,0.4745485658871857,0.2307692307692308,False,5
-0.85881097505374149,-0.5086895251521395,-0.060652090876835013,0.51211266459972482,-0.84933357300805423,-0.12795741681489814,0.013576740544433454,-0.14095193777264137,0.98992334216055622,9.6669309339833038,32.679630608501789,0.57233220754699876,,0.2455747417779719,0.25,False,1
-0.052534202172334142,0.99845391727406541,0.018164049168314426,-0.9972863284455179,-0.051515977450071609,-0.052593565794886138,-0.051576513043958529,-0.020877718923204676,0.99845079205476561,-12.145583648662958,-13.623386909165077,-3.45408785964141,0.3846264739414074,0.1974649031555678,0.4761904761904762,True,4
-0.7268649053459465,-0.68305753819927206,-0.071412946204295627,0.68610657273725351,-0.71761006450886977,-0.11955570317770549,0.030416775357813369,-0.13589773664313012,0.99025583813078644,-9.5758223813181971,2.1145223343997159,-2.302628194677196,0.4840520469298194,0.2783489180374253,0.3166666666666667,True,5
-0.82436470575675369,-0.56512453178542554,-0.032513004734806096,0.56582516198572019,-0.82101281553360939,-0.076025277332015861,0.01627015569733186,-0.081069231548596979,0.99657566783947993,-16.251217089400718,-13.67767166585965,-3.6775750214246963,0.3396457566899496,0.3212583092676971,0.5833333333333334,True,5
0.089509413005501734,-0.99539152530741504,-0.034406050769989587,0.99466030925356785,0.091118655949036967,-0.048458845772849292,0.051370557511149072,-0.029884810259019935,0.99823241979850319,14.042326086677271,-21.503152048206736,-3.1189620792473201,,0.2674857050684815,0.8666666666666667,True,1
-0.95752191978247003,-0.28808103050439665,-0.012692241709681817,0.2876478614530838,-0.95113737626538697,-0.11223368154196306,0.020260329157238133,-0.11111710639915047,0.99360077884828546,-9.4351164247219472,-6.7799584701889337,-2.8595997319774895,0.1582263829709281,0.1623710969422114,0.9722222222222222,True,6
-0.63324725095548584,-0.77299165969066264,-0.038494326932612996,0.77337360657253906,-0.63007436384146942,-0.069996861977893593,0.029852701959858556,-0.074095816875469012,0.99680420650559731,13.97020989430353,-1.5477804506615456,-1.5189569043155937,0.3781811326431573,0.1891811654813677,0.963963963963964,True,5
-0.83360950936568801,-0.55063770204906437,-0.043512147467359298,0.5522533164112311,-0.82936144757418973,-0.084710470370787425,0.01055748113387504,-0.094645181386952548,0.99545508649679293,4.9678367145995672,-19.813345034204858,-3.3063476115460495,,0.2325787038967607,0.7710843373493976,True,5
0.19211411289791488,-0.98038083464956005,-0.044108804985842409,0.97990722161020161,0.19408867411607456,-0.045950229771352588,0.053609744092124378,-0.034394848912244258,0.99796943325268284,-15.035611702715547,-3.20978908157426,-2.9910255988020231,0.2560482494408282,0.2542180838337375,0.9032258064516129,True,5
-0.059294448640167606,-0.99092824390566503,-0.12060424449617893,0.99754684887388201,-0.054315899815657008,-0.044159566675923245,0.037208233796410292,-0.12292680121621605,0.99171797850018917,7.3931004041296262,-16.470571030226644,-2.9633480903720426,0.249353058406903,0.2016221975128754,0.6956521739130435,True,5
-0.48501521438959888,-0.86917857013118049,-0.096378706337698253,0.8736984691167522,-0.47688142736190592,-0.096099372007913964,0.037566299706727556,-0.13081558569982416,0.99069473384305262,-12.05490899423665,-17.437756346779565,-3.7656525438108708,,0.08369124301740385,0.2424242424242424,False,2
-0.91778708422877964,-0.39520329155546891,-0.038486703763207931,0.3970468290564082,-0.91229569112256814,-0.1003513203473006,0.0045479181045051872,-0.10738216939007232,0.9942074160546156,17.857211969198797,5.3898487177331491,-0.72384135925539361,0.2951688445425447,0.2241462610691892,0.8666666666666667,True,5
0.95574982003762843,-0.2932172540955062,-0.023789144556543289,0.29218218544718322,0.9555580809215849,-0.039221479992037067,0.034232323984043606,0.030535158197549088,0.99894732198875336,-0.76026287162188333,22.150670681467979,-0.3296740763698664,0.2417330259915484,0.2159463704417773,0.9354838709677419,True,5
-0.99664625519772376,0.081330834257078904,-0.0090298061662480097,-0.079648776867986673,-0.98946036456284425,-0.1209308037788405,-0.018770038459899791,-0.11980601970773556,0.99261986847836303,18.759676243801248,0.016184549460500408,-1.1107186580583723,0.1535561891643075,0.1681710650216973,0.5,True,4
0.37637607572854775,-0.92018126748551221,-0.10773803686689959,0.92566132926579037,0.37834603993637184,0.0023189580320939068,0.038628397857892453,-0.10060173474259973,0.99417661300480742,11.689339694548348,-22.186317726184917,-3.2743293584702724,0.3437283702665039,0.2758422094830109,0.6875,True,4
-0.14852075183875108,-0.98706471484472635,-0.060372468739914302,0.98766725746042461,-0.14499874368169277,-0.059065665757152698,0.049547702407447984,-0.068400387712575006,0.99642682227392587,4.1582548728885182,-18.033664317414257,-3.2714850825341708,0.3601733601525541,0.1825216311770735,0.9066666666666666,True,6
-0.47661074898696171,-0.87812804201206851,-0.041633349398512202,0.87830002990013112,-0.47359692127201253,-0.065536353568845948,0.037831883742643971,-0.067801902581877863,0.99698126892071626,8.5993758461177201,-14.881438568168681,-2.8367281533188549,0.2098798727701314,0.2231317745640721,0.9615384615384616,True,5
-0.55290239414536679,-0.83114718506395679,-0.059104139521536633,0.83234602572997696,-0.5476180822035468,-0.08552502262625658,0.038717386273269663,-0.096482085404335047,0.99458140501227776,8.2485862246607393,-22.593737092007984,-3.4360245068033426,0.2098432152960445,0.1586742805210628,0.6304347826086957,True,5
-0.21847098783113267,-0.97525889206965544,-0.033771599238979641,0.97481851493715443,-0.21652506590033083,-0.053345653736548662,0.044713425409058288,-0.044575657885516186,0.99800486988404169,-2.4988065305853464,-1.018784510847355,-2.0925234792565788,,0.2626736548434532,0.9835526315789473,False,5
0.87044172945902976,-0.49138505927945531,-0.029528276842706869,0.49076381542287484,0.87090430429271581,-0.026010963765377024,0.038497702372425883,0.008149618478641197,0.99922545535564555,-8.6143766700388777,-12.492752080725602,-3.2455985975863579,0.2522403520190451,0.0963093889286567,0.7727272727272727,True,5
0.32456634106387472,-0.94522147622904085,-0.034828883470488493,0.94439000004440199,0.32589530710936243,-0.043815255565028854,0.052765690221420344,-0.018671092080721097,0.99843235737628722,15.386047057559047,-4.3308982765359403,-1.6545585517823409,0.1049368676265685,0.1217137967354532,0.9454545454545454,True,5
-0.79197547463733253,-0.60988190617689353,-0.028616570217483539,0.61026842799619307,-0.78930589119059258,-0.067591833255813222,0.018635808649717093,-0.070994863545646422,0.99730257995560589,-10.229886246169583,-2.75743528348386,-2.6634061155454987,0.2180704478810207,0.2007993812087289,0.9495798319327731,True,5
0.58222086987056298,-0.80838284842934849,-0.086810304989776182,0.81179066444520664,0.58390443715483331,0.0071781188696927178,0.044886254096048017,-0.074651045780688194,0.99619899897413799,10.368204161078248,-6.7840229446319373,-2.0813711611134802,,0.2465270671157046,0.43,False,5
-0.98094430470865701,-0.19331914227394861,-0.019390211193132924,0.19427918769449934,-0.97700715451894748,-0.087821507887051134,-0.0019667964853947034,-0.089915122472555883,0.99594748981175218,-4.2383726236780781,1.7984526945274317,-2.036692507458143,0.2266044380633059,0.2081248699962714,0.975609756097561,True,5
0.87012360644875641,-0.4860185229312739,-0.081675607547860032,0.49143295257435965,0.86813815366096192,0.069496757350135996,0.037128999779910292,-0.100608854112544,0.99423301888918569,19.224349856090178,-17.259921940561849,-2.571756597661778,,0.1717655391878393,0.2,False,1
-0.24189295579410378,-0.96720431298827714,-0.077482997322423475,0.96921755561373479,-0.23707476955332674,-0.066429538093944682,0.045881672019767776,-0.091166718588046119,0.99477811676501948,-21.575425878865957,-14.606122763498947,-4.036877104665769,0.3601187625048649,0.3035223642733125,0.8823529411764706,True,2
-0.80301959229763209,-0.59406740013902548,-0.04736516101739454,0.59566280088653678,-0.79761163090969633,-0.094876308304975704,0.018583918482141134,-0.10440119888982909,0.99436161814714841,-10.21147172096024,-11.271581250751991,-3.1985388698651436,0.2643392385206889,0.09440207985312954,0.5333333333333333,True,3
-0.91686613574754428,-0.39808440504771359,-0.029753917005578709,0.3990626749221744,-0.91209564845518176,-0.093970790956986697,0.010269888184690143,-0.098032313687531222,0.99513024015439533,5.9745303935678438,-17.720589154206085,-3.1200701009777716,0.1349552003968156,0.1641037958355656,0.9285714285714286,True,5
-0.58213656883249498,-0.81187829490985652,-0.04439199795226216,0.81243568453319481,-0.5786082357988741,-0.071838485248461564,0.032638531293682216,-0.07788545255680554,0.99642791136891218,15.968255060214467,-10.793608602592565,-2.1342997330221531,0.2073208806420908,0.2038978762167075,0.9076923076923077,True,1
-0.67577781688159733,-0.73563433280106771,-0.046545360832978111,0.73658482350895649,-0.671580102883789,-0.080143391411152148,0.027697292052183194,-0.088443732479635537,0.99569602098132781,-4.3119972616375293,19.801814572690429,-0.6674553023495805,0.2469124568924191,0.2210558055251014,0.9393939393939394,True,5
-0.3178794780027519,-0.92243494542768301,-0.2192405275457168,0.94714724963814545,-0.29841187710649575,-0.11773885979010207,0.043182461342464742,-0.24507982996485872,0.96854073325637746,12.876758892456417,-1.7027624674826889,-1.5952902220337273,,0.1311453596557004,0.4545454545454545,False,1
-0.99028940496821916,0.13867859956930706,-0.0097539955497884905,-0.13742647073738878,-0.98711390437216462,-0.08197624616805918,-0.020996655646915663,-0.079839750855299998,0.99658655150218012,16.756877765413645,-15.672338430015785,-2.5280846886557051,,0.2066016966388209,0.8867924528301887,True,4
0.84402034111390656,0.5033518005946539,0.1851124756035781,-0.53610148564795124,0.80149150643770772,0.26496520940356361,-0.014995361683702003,-0.3228750996071616,0.94632278276581805,15.309045786851447,4.4622621620669278,-0.96317140531680789,,0.276718235770252,0.2692307692307692,False,1
0.41905809288544227,0.86548794312027522,0.27444659790321801,-0.90731896109926258,0.41052534810802332,0.090781283261145693,-0.034097179017773219,-0.28705323351988382,0.95730759085510664,14.228886999064285,6.8754048481842531,-0.91731606851268443,,0.4949755561376711,0.3243243243243243,False,4
-0.96084744608680839,-0.27657590744537414,-0.016671915583561944,0.27671290500345236,-0.95475531823117932,-0.10895985735044811,0.014218071353311657,-0.10930713485426082,0.99390633196340206,-15.214128481341682,22.308969419674757,-1.1824974229175838,0.3785917873767333,0.2747828532088494,0.7209302325581395,True,3
-0.95044982809431144,-0.3105848897348138,-0.01349631593837923,0.31060832067844402,-0.94692218276508744,-0.082830253607730081,0.012945864235806216,-0.082918068331440928,0.99647227685639705,19.143011581386091,7.8533310865383035,-0.49812459428105432,0.2678118416592622,0.1987092580869479,0.8888888888888888,True,3
-0.93210820231254021,0.36193538865134184,-0.013306901348010939,-0.35563924870806707,-0.92160809706028213,-0.15543242972844096,-0.068520244891894982,-0.14014738625720849,0.98775689628836638,22.824010464023154,7.9344700268064079,-0.3692016537963782,,0.1273068213212147,0.2631578947368421,False,2
-0.99937294922686382,0.033342439967556835,-0.011915957813346676,-0.031681257593730007,-0.99231870948719081,-0.11958209196596181,-0.015811586602213906,-0.11912959539378072,0.99275280570262514,15.915343268069018,-24.781989226236711,-3.2729903612021696,,0.1651236451107611,0.6363636363636364,False,1
-0.80720308740162772,-0.58670590484391261,-0.064802445251431973,0.59023428989826332,-0.80099979633630913,-0.10011398152847115,0.0068307186716965763,-0.11906094023850154,0.99286345173540902,0.34271588740883807,29.185210439917395,0.02961296633582872,,0.183290727342313,0.72,False,3
0.29894157992604703,-0.95364741870203029,-0.03450409532614155,0.95281351891476151,0.30028759700034285,-0.044426987980637531,0.052728834280598894,-0.019594894506383995,0.99841660149693767,-18.866348134538349,0.29744097256506258,-2.9133706343873751,0.2502934269310582,0.2446137820253302,0.6764705882352942,True,3
-0.28985705348957214,0.95686381869345483,0.019862553152178879,-0.95572472936136721,-0.28828733654611605,-0.058997061573340399,-0.050726031083512056,-0.03608384766798324,0.99806053208609991,18.528069246288325,10.349662986344386,-0.33186486228304035,,0.2395967037816325,0.475,True,3
-0.79919357967136939,-0.58832227038440355,-0.12315245990967576,0.59972890000768242,-0.79418693161757836,-0.097940615392351577,-0.040185429046348281,-0.15213160032550024,0.98754296487533344,-21.847797735540702,15.483394834911518,-2.1768134216021329,,0.3284011967344657,0.4324324324324325,False,2
-0.89305201676572465,-0.44860136536299183,-0.034855564048408269,0.44990942634135095,-0.88919794751606296,-0.083117496487916942,0.0062931263986739164,-0.08991009469287578,0.99593000327957271,-18.327564172466097,19.496690696421123,-1.5740148513694447,0.3538495552228627,0.3004383827822614,0.9069767441860465,True,3
0.7088110926118677,-0.70001746163319511,-0.086961993991555006,0.70453839486114789,0.70863217914815568,0.038289487358967048,0.034820757557044058,-0.088408077031192731,0.99547552795576011,-21.650456497531064,6.9488998202321248,-2.6012442352742124,,0.1986982076383739,0.9230769230769231,False,3
-0.59637564974910551,-0.79915236534344725,-0.075442569894612205,0.80209119165499332,-0.58960526897393994,-0.094949181500628671,0.031397526268853664,-0.11713720059886792,0.99261929841206265,-12.182556200517658,22.221331065778251,-1.0640018066834291,,0.2603480703040905,0.7941176470588235,False,3
-0.53594293385702818,-0.84296819854721428,-0.046580982028983836,0.84358855616259221,-0.53251408948076173,-0.069188817131007579,0.03351894330425409,-0.076376441017755758,0.99651548893994968,3.5367743185493197,22.165556074272036,-0.13463474016616872,0.3359410762288694,0.2546711621695276,0.7659574468085106,True,2
-0.88132271356909575,0.47236178345745006,-0.0120258087503987,-0.47112111438832965,-0.88039185893817695,-0.054360558246567339,-0.036265274364089689,-0.042243582285086893,0.99844895194046801,16.5386069678502,-19.01981850241436,-2.7836630619528751,,0.08289891292404825,0.4705882352941176,False,1
-0.98640570866759758,-0.14332161411281646,-0.080390875328433836,0.16422728412211318,-0.87692892466075401,-0.45169133292903535,-0.005759952938141303,-0.45875328448026487,0.88854501682285059,-10.154751899176059,-5.8425556057575845,-2.829103562749157,,0.08930376567593398,0.4285714285714285,False,1
-0.50112007000108205,-0.86345796207680114,-0.057610963959010796,0.86447463346109543,-0.49644583498695483,-0.078899562903788717,0.039525732686621351,-0.089341371437207662,0.99521647685581616,-20.076662316080455,-3.5399306362888932,-3.244767424710072,0.2923683226789778,0.2949293973182747,0.9516129032258065,True,2
-0.40967180133540099,0.90522003450889899,0.11289687468799324,-0.91218389988540882,-0.40521670290336226,-0.060991445941017824,-0.009462979470313132,-0.12796918696247545,0.9917329979423436,27.938380155180479,6.7841482481415749,-0.17653439448493183,,0.212037056561149,0.375,False,2
-0.10278721019509963,-0.99225390134422708,-0.069763777760871143,0.99351648713573393,-0.098986610673544237,-0.055916372350455552,0.048577558705425017,-0.075058951328432488,0.9959951679680461,-21.837786155168775,-0.53531869757044204,-3.1298266516149198,0.256911517154804,0.2445913316731994,0.9347826086956522,True,1
-0.95849668650185227,0.28489359470273939,-0.010942653349193705,-0.28373278877790242,-0.95694436592846166,-0.061263244201465589,-0.027925016334526417,-0.055615827020062028,0.99806165803901625,21.392021933438226,0.7178117015460298,-0.96128762866138628,,0.1447885017957715,0.6896551724137931,False,1
-0.45483379470220925,-0.88895225412581147,-0.053759734759634636,0.88975052625600848,-0.45098435541372728,-0.070406762453762498,0.038343450861185971,-0.079856127233310203,0.99606866164906149,18.15145986198041,-11.022562401680023,-2.0431268533216085,0.2169405000573556,0.2171053938545081,0.6557377049180327,True,1
-0.9486697431077642,-0.31450127032749531,-0.033386666114466369,0.31625906097473161,-0.94252863042761015,-0.10779604434130982,0.0024341041942090927,-0.11282168136774166,0.9936122701286082,-1.8171037733888247,-1.8117147321724794,-2.1082731290706143,,0.08506023880325184,0.1739130434782609,False,1
