axis_00,axis_01,axis_02,axis_10,axis_11,axis_12,axis_20,axis_21,axis_22,location_x,location_y,location_z,dbh,dbh_approximation,score,reconstructed,number_clusters
0.99032442167286938,-0.13662430875721909,0.02431744425119528,0.13820742530816937,0.98682181678173531,-0.084151111182697941,-0.01249989711896511,0.08669775187516722,0.99615623894638561,-14.142700081272515,-20.650959401455715,-5.7582889699331581,,0.2331222733977924,0.7435897435897436,False,2
0.23520003350450006,0.96788446035985254,0.088772831617564149,-0.96239838219225093,0.24468715886708001,-0.11797265886338185,-0.13590547521428867,-0.057687656214086454,0.9890408667629994,-2.7208278192417081,-18.8128878033875,-5.4373717876170948,,0.1013165583802787,0.2666666666666667,False,1
-0.99928779428325143,-0.032243844602068576,0.019602007085778222,0.028376593210882588,-0.98453414811849183,-0.17287938033883285,0.024873141222156565,-0.1722000164746576,0.98474792773169595,15.645736063327284,-8.2104585997903996,-3.691284213020158,0.2922262398720235,0.2675878277875753,0.9473684210526315,True,5
-0.99960843522366993,0.019701124028481797,0.01987063012840647,-0.022910285901026901,-0.98395069200450136,-0.17696370956723359,0.016065336274686745,-0.17734965862915375,0.98401676995593113,-13.673447797377547,-17.159038807245551,-5.1360958205123222,0.2834220413529256,0.2739577036097225,0.9875,True,4
-0.9684491632219423,0.24599942973659164,0.03988105846128031,-0.24837273127917961,-0.93963561013591101,-0.23536334999620323,-0.020425587179828755,-0.23784280677326888,0.97108887062645988,10.504330750184083,-6.5930862796236198,-3.278597543661768,,0.2833263449265259,0.9485294117647058,False,6
-0.98387810271064102,0.15869401905157698,0.082462641988763505,-0.1753824792499922,-0.94639792848305182,-0.27124149191286112,0.034998071070207561,-0.28133106703712324,0.95897234878859694,5.1036507439032031,2.448006099651332,-1.5776807424144195,,0.5536449128144799,0.3400713436385256,False,5
-0.7754795696807133,0.61366741721355522,0.14847133749738048,-0.63117310349631439,-0.74758306049482259,-0.20673674342996345,-0.015872946501755636,-0.25403123570073038,0.96706575829036234,11.433153881343502,-7.1358481948051899,-3.3721918092635366,,0.1758170660843973,0.1351351351351351,False,2
0.89152775586431143,0.42791860736643739,0.14853930790573627,-0.44693212962092232,0.88435670680423473,0.13477717404248341,-0.073688072549453559,-0.18654458073055741,0.9796791246954325,-11.695891834515368,3.1522523852740481,-1.4213343673523753,,0.5605418282166277,0.3684210526315789,False,5
-0.98959727761885596,-0.1438519282755025,-0.0019623610189551952,0.13117029281910933,-0.89658645497458667,-0.42299773408122754,0.059089613394387508,-0.41885480955520066,0.906128614547283,7.8158979134389037,-11.031027544666433,-4.1037080436137288,,0.4036744507901493,0.2945736434108527,False,5
-0.69599482194794537,-0.71551141695747689,-0.060287809921664645,0.71185241589482451,-0.67654971528522045,-0.18853811479960383,0.094113473033084288,-0.17413757478209657,0.9802136293903797,21.566189961094935,-3.1440822059221403,-2.7561000892293697,0.2306380309050318,0.1969330577775802,0.6666666666666666,True,3
0.90611319792151668,0.4079672157040628,0.11190006015689009,-0.42085757592719103,0.89614539167078466,0.14072077946026015,-0.042869258649172896,-0.17460294355448061,0.98370526010842296,8.4153155984475259,-1.1010745951137193,-2.3299765120842681,,0.5004024645748353,0.3202416918429003,False,5
-0.98376435920782357,0.1616242393483138,0.078008273968215344,-0.17942001931810939,-0.87601439203814468,-0.44766867392071347,-0.004017738208292417,-0.45439673215937609,0.89079036118638544,5.4422797622623111,3.5380988051504811,-1.4090935852610356,,0.2738336429154662,0.2537313432835821,False,1
-0.91047681396162838,0.41160360328337736,0.04018015682428857,-0.41201678911094064,-0.89440201912684736,-0.1740321627531275,-0.03569505188390934,-0.17500714827103639,0.98391989578676886,15.434890015847431,-6.7785715720343269,-3.3979400116022109,0.1824877675906353,0.1193581169705732,0.6190476190476191,True,3
0.6816927796095571,-0.73095427465436746,-0.03163546416132728,0.72491255229003126,0.68064379544092135,-0.10595194788265527,0.09897851161008471,0.049293732789106641,0.99386788968512696,-7.9539298525610507,16.403520204801985,0.76396173136103085,,0.241716088880796,0.3461538461538461,False,4
-0.9979121394562307,-0.061900253855449415,0.018431508308310602,0.057976925082048755,-0.98430100822136535,-0.16670393328423366,0.02846116799990657,-0.16528727654309827,0.98583471136344492,-8.379307741888999,-16.964745390901637,-5.0018886545539853,0.2772846659313828,0.2927069304211602,0.9922480620155039,True,5
0.00062366417892401418,0.9990811045910738,0.042855075452883633,-0.99054598549001383,0.0064960479901634066,-0.13702719434523658,-0.1371796693122187,-0.042364463995073931,0.98963982868405254,-26.577958198156509,2.2058532024478312,-1.5930988473784586,0.3215200118789067,0.3043603689163659,1.0,True,5
0.98503260436130469,0.16788121337764664,0.039072580411773562,-0.16629841817788246,0.98523260486886499,-0.040762119852205569,-0.045338774318673149,0.033654308760699594,0.99840461890213639,11.660817522263581,0.71124832146801342,-1.9832102113269579,0.1765246231027353,0.138114163814119,0.625,True,3
-0.45225007653781624,-0.86836138133482466,-0.20351506007618825,0.88243635375005292,-0.40251384928112954,-0.24349267487380319,0.12952200528038024,-0.28970866839492959,0.94831057022738385,11.205096452142245,-12.197553134652216,-4.3115589908795489,,0.2816157572531299,0.40625,False,1
-0.99977555695739229,-0.0043360087295928598,0.020737278964062907,0.0011526128990541787,-0.98851449021469462,-0.15112171954781273,0.021154365838790976,-0.15106389927404804,0.98829762275444066,5.8922989046990315,8.1289517116020864,-0.64468458408652773,0.2405836830783209,0.20476939521249,0.9809523809523809,True,5
-0.4387318923975087,-0.89861384184949933,0.0027367553388271976,0.88931676380043501,-0.43462578664261181,-0.14218339990594178,0.1289574356786882,-0.059946549707006191,0.98983654759834139,10.049665911850427,7.5012971406296396,-0.86492243737156937,,0.09403924183038286,0.625,False,5
-0.54964003934262551,-0.83534875142388654,-0.0093963102327351052,0.8262504749785553,-0.54192455590931887,-0.15371378695549121,0.1233125287598458,-0.092250957702563433,0.98807073686746272,9.5771869173491169,1.7778699862758114,-1.7237880334129114,0.1198409269913957,0.1102765272463851,0.75,True,5
-0.60694919175304129,-0.79068209084773167,-0.080215396545736242,0.78735122693245074,-0.58450332093716595,-0.19604569176951903,0.1081236517987387,-0.18214746505533388,0.97730833256225813,19.298948309601826,-8.3870685341435642,-3.7591363531930475,0.2822024067880445,0.1668735494895894,0.8181818181818182,True,3
-0.79369156410018804,0.6063898653669747,0.048425533104149973,-0.60451592445888647,-0.77733561614988012,-0.17409720543565926,-0.067927889351995105,-0.16745348919956968,0.98353705105759703,17.333991673109502,6.3854509525005394,-1.057403421352382,0.1590940299109527,0.1305140924399773,0.5,True,5
-0.98383831596634741,0.16307098324886188,0.07395960017977625,-0.17642234910354918,-0.95342060047679134,-0.24467184824425964,0.030615727547917915,-0.25376566554348134,0.96678108391609896,10.828121481843597,-10.306159635346194,-3.9368527175136969,0.2804632011787867,0.2560909120343575,0.9574468085106383,True,6
0.10619108733157562,0.99214164096259316,0.066169609636089241,-0.98332093676369992,0.11466293725426246,-0.14118196110830381,-0.14765970436615133,-0.050073696570952557,0.98776982977727301,6.1838510947669736,18.814389477017013,0.94201730121766269,,0.248135953252649,0.803921568627451,False,5
-0.87111380364261404,-0.49092529487246622,0.012373195128202985,0.4839531894595962,-0.86247441377260203,-0.14807834412732909,0.083366968969626379,-0.1230050423437577,0.98889822936580751,12.202770689347012,-8.40808128672343,-3.6233881545384943,0.3384652234731221,0.2278198098244121,0.8951612903225806,True,5
-0.93374316999859264,-0.3579025546018243,0.0054271438591394763,0.35150425717901845,-0.91970266702064574,-0.17490500696131656,0.067590307485660348,-0.16140869147787509,0.98457035535780513,4.6336479092620033,9.8429105263470174,-0.37147861961055201,,0.1711217524950238,0.788235294117647,False,5
-0.96023989402239474,0.26389128382910743,0.091108376381564549,-0.27800076670768958,-0.93376059284476265,-0.22540348036384394,0.025591397730409731,-0.24176961258442423,0.96999615194751199,-19.658520673581311,3.8250993456291322,-1.321120905500347,,0.2224417031452631,0.9821428571428571,False,4
-0.71055880195125609,-0.69302126088195093,-0.12176912964781883,0.69508526044892371,-0.66443139833070841,-0.27456765581355747,0.10937398994389941,-0.27973639176533899,0.95382644199343813,-20.428984378199285,-22.379675274473758,-6.0290079828251617,,0.24491555777446,0.4333333333333333,False,1
-0.54976959803182823,-0.83438952954645018,-0.039338302749033889,0.82680028884024237,-0.53685338256228399,-0.16789796903216145,0.11897340649747166,-0.12483011902055792,0.98501917236757353,24.212525954446704,-2.7887181823221847,-2.7055066889917683,,0.2149619290538243,0.5757575757575758,False,3
-0.92664421440114819,-0.35204277109719856,-0.13189536472175792,0.37240460933364133,-0.8115836303635533,-0.45016310141211513,0.051432546737820987,-0.46625947523253797,0.88315162621825094,-3.7865822745735325,2.4965259792123038,-1.4727332615252886,,0.4973801853258674,0.1942675159235669,False,5
-0.97901729104769231,-0.20353940814884949,0.0098414003096058585,0.19825830400618785,-0.96255474414433784,-0.18488377272713394,0.047104020234241935,-0.1790532709995675,0.98271111595530836,-3.750854557645654,-4.1594691842020231,-2.6435074706747312,,0.272256501561175,0.9811827956989247,False,5
-0.49165390016485322,0.84756937158297163,0.19975635861502811,-0.86458796545343664,-0.44780288776224059,-0.22794785303855486,-0.10375014431689619,-0.28477839466196442,0.9529623148309585,8.2747265449765663,-7.2710529399256743,-3.4374582119526513,,0.5517272865633505,0.2355555555555555,False,5
0.099902520821560731,-0.99499266097499017,-0.0030151184728978509,0.98612076148373684,0.09941469075440594,-0.13297579867382223,0.13260969083831201,0.010311346571317485,0.99111469872444802,12.908643882057593,6.5018100162548631,-1.0003363231069236,0.2604204488815339,0.2612771719194544,1.0,True,5
0.089905141628478763,-0.99591256287894225,0.0086736733084216838,0.98711330765473537,0.087946463018955964,-0.1336889580084481,0.13237969390995116,0.020581223052905988,0.99098538329177976,-11.952571452158251,-4.0107130031858418,-2.7843576036593602,0.2536223744466727,0.2313303386981949,1.0,True,5
-0.82490033449861,-0.56522784160173845,-0.0075448805372145067,0.5577092913953271,-0.81160580541525873,-0.1739435624206046,0.092194275502347725,-0.14769395280270892,0.98472671938467682,18.308289727841661,-5.4679354032052636,-3.2065697089942962,0.2549731406965436,0.2153403078124729,0.8461538461538461,True,5
-0.99965838529330497,-0.013560596464246987,0.022343297346561628,0.0099870481889894804,-0.9881878105381362,-0.15292190808486608,0.024153086371182818,-0.15264652412478733,0.98798566137943922,14.262441110212952,-6.1693619880340664,-3.2579459918136573,0.2105278403138992,0.210006728444796,0.9456521739130435,True,5
-0.98953943135516076,0.14163795871919949,0.027393474463136745,-0.14425090033242657,-0.97388073912499629,-0.1753510299788241,0.0018416152118515315,-0.17746829184732821,0.98412479586798474,13.617704340624902,1.0259782295363911,-1.9697404779576704,0.2224451099998061,0.1816883809798853,0.8705882352941177,True,5
-0.64320405623902166,-0.76567325038488343,-0.005745927489756191,0.75738348902510233,-0.63510174270488973,-0.15171033901938041,0.11251129983176149,-0.10193257604053937,0.98840829486195003,-4.7626112445968491,4.452289560891832,-1.1631606157038266,0.2746411372666018,0.253759850003881,0.8746177370030581,True,5
-0.99972033580757724,-0.014012986609159903,0.019049576873956857,0.0086414573020548065,-0.96629114346802103,-0.25730672605076144,0.022013073126713842,-0.25707015046783693,0.96614199906119502,-3.3938054006974356,-21.669324977527005,-5.9218349131574728,0.2235359900271447,0.1912650017553828,0.4545454545454545,True,2
-0.55582479293237463,-0.83010860767438122,-0.044480321790474647,0.82208148443383666,-0.54092788955270144,-0.17770495562904648,0.12345376670131888,-0.13533926913117961,0.98307804864023685,10.742250054138148,-19.35240853866296,-5.5732753503203476,,0.1927761256198219,0.25,False,1
0.7659318843578965,0.64194638352468347,0.035400412477015107,-0.63429105385340512,0.76349533399306835,-0.12144848279147341,-0.10499146406017706,0.0705671003399896,0.99196626798702547,3.0758373642099612,16.256887209328823,0.6038850478508484,,0.1696195329522919,0.9375,False,5
0.98809309050856864,0.14059470160433893,0.062491394367641714,-0.15041458075449443,0.96815595218924189,0.20012372707150763,-0.03236507972607084,-0.20714048885075201,0.97777569999105418,-6.4938855348222271,8.8883966606888585,-0.43204694693323009,,0.3666894890827496,0.3285714285714286,False,3
-0.90801592282620314,0.41581757516534856,0.051017919182278881,-0.41731685304602795,-0.88707982746423319,-0.19732213223505227,-0.036793043606635503,-0.20046227547755013,0.97901029006467788,14.087338094366002,9.5038858067552656,-0.51041105519459551,0.1757826090635029,0.1514730314364354,0.746031746031746,True,5
-0.71550830233976881,0.63326522714978761,0.29499664636363138,-0.69404911148796222,-0.59621709366304865,-0.4035108524770516,-0.079647348516014113,-0.49345752533213511,0.86611544875233182,7.8228262465516778,-10.009734987158687,-3.9053861663491549,,0.3958661021093219,0.2477064220183486,False,1
-0.93076856355280646,-0.36548733264796185,0.0094281904798275765,0.35929019619829644,-0.91915177749469856,-0.161463818993998,0.067678918561361726,-0.14689799046350169,0.98683359508082735,6.6025458622003921,7.2602408988549243,-0.8218507798656286,0.2508997229035284,0.233379561348496,0.9617834394904459,True,5
-0.59553865880142076,-0.80331044537915886,-0.0051023737361462979,0.79289451783995635,-0.58677275545854468,-0.16436549829855085,0.12904258774663832,-0.10193165257330711,0.98638630807170402,11.160008720351616,-14.681948343312586,-4.7755201413711355,0.1734194268622563,0.2067708708666181,0.4150943396226415,True,5
-0.86022397689818053,0.50900449046398855,0.030481769255981971,-0.50743104104203796,-0.84860559709935579,-0.14960708258180958,-0.05028367683924044,-0.14416299545702477,0.98827556004607631,7.2062117960632461,4.2325449313058634,-1.3109811852188407,,0.1644265428453702,0.9338842975206612,False,5
-0.94901952998904349,-0.31520967852511578,0.0021886670526322805,0.30914991391592078,-0.93208593280947372,-0.18879127253258007,0.06154886209470424,-0.1784899784939907,0.98201479884575105,-3.7533216744567151,-15.270897822882329,-4.790875945291817,0.2587590322475524,0.2543544431510122,0.9933333333333333,True,5
-0.99332825893105881,-0.11391353037641101,0.017963229280199718,0.10965766048406204,-0.98123068026396543,-0.15862392507398523,0.035695482993688944,-0.15559582162094701,0.98717565447490108,-9.5903025462336515,3.2162500661841724,-1.3772800188203942,0.2258718643651635,0.2149236880318494,0.9770114942528736,True,5
-0.77731868595732656,-0.62899796105765704,0.01171432656559741,0.62104415330215423,-0.77019485365708751,-0.14527232031377549,0.10039830731036126,-0.10564777510883938,0.98932235772965649,-3.8249742929048836,-11.142456194314395,-4.1042318554724995,0.271413488475837,0.2420124371396888,0.979757085020243,True,5
0.88387359494835538,-0.46206228590816911,-0.072566604539476956,0.46555167880783099,0.88405409259707923,0.041352094524537031,0.045045560405900041,-0.070333529014784166,0.99650594187091834,-7.8288935753756048,7.4794330626474821,-0.62359756588180582,,0.3972496154194176,0.2631578947368421,False,1
-0.39738331791267034,-0.91764416964795126,-0.0039593630598706488,0.90811541618563552,-0.39262915000071813,-0.14549481590662805,0.13195790817797792,-0.061412771317013462,0.98935109136668808,-10.302100179973486,-0.45036770930083597,-2.1012653300654782,0.2740492765206022,0.2437596825145579,0.996309963099631,True,5
-0.98056867978783424,0.19350249111690651,0.032277703615594261,-0.19607617929024654,-0.96146131737956453,-0.19273366882226944,-0.006260681598973597,-0.19531748798892701,0.98072008379129905,7.3041035598688566,9.2734356999883758,-0.46961540689693049,0.2483263762924046,0.2386655808984742,0.875,True,5
0.53129186578832854,0.80903661116618153,0.25137365641589776,-0.83847305754423218,0.54459796772572122,0.019390340931541489,-0.12121008670727043,-0.22107196869290158,0.96769587140726243,8.6659923897076929,-9.176442116814604,-3.8045351462478454,,0.4292014802836169,0.1788617886178862,False,5
-0.99871728115550584,0.045335169367203561,0.022550271390826611,-0.048741237973971611,-0.98140582197198289,-0.18565264425873357,0.013714373559066632,-0.18651363225765075,0.98235664650876109,18.261132473887198,8.8214684976376958,-0.69023001958317021,0.2576850403379985,0.1807974154624885,0.8103448275862069,True,4
-0.90347065640125201,-0.42851760970544572,0.010650408171631078,0.4218194595951702,-0.89321738990072097,-0.15566321943793424,0.076217560501039464,-0.13614460162369715,0.98775276811558244,11.942819477404502,-1.4573141829526517,-2.3985612921009114,0.2675116691607859,0.2302472288368128,0.9551282051282052,True,5
-0.64910752081156364,-0.76050659559835621,-0.017004248800336203,0.75202642379133511,-0.63818344868992072,-0.16485795018092031,0.1145237283076351,-0.11979817974258834,0.98617073155964297,-14.175458170350746,-7.5968499176775088,-3.4827165755398322,0.264695863652209,0.2442690490796415,0.9166666666666666,True,5
-0.4497647675866086,0.89252097194157587,0.033436035683540963,-0.88616986568225709,-0.44126823068451632,-0.14136943709744862,-0.11142092709386771,-0.093212999270614189,0.9893920930412381,3.8999042192370146,15.266885400654925,0.46699968222497817,,0.2107326992603384,0.9264705882352942,False,5
-0.86644865044420405,-0.49886741620757391,-0.019950869399576875,0.4903782986046234,-0.84283796845917369,-0.2217053972758663,0.093786248464551331,-0.20187981565771779,0.97490957510373932,10.820358015272653,-25.393672128990019,-6.5683089208908658,,0.2939192921575149,0.4489795918367347,False,3
-0.7431778996224504,-0.65212145924865839,-0.14974715990683773,0.656479544279293,-0.66741741692570677,-0.35155170249490969,0.1293105465753483,-0.35957140316162278,0.92411427246459465,-10.086008996382699,4.2351285634253264,-1.1853003924832859,,0.4393096395456959,0.1933333333333333,False,5
-0.8969024166890931,-0.44222829347300813,-0.00043748053198454286,0.43532884132587868,-0.88273440668514624,-0.1768297688854778,0.077812947811613575,-0.15878949494905026,0.98424135324964557,19.418165743097173,-3.7694476182883712,-2.8816837421442583,0.3041743510322331,0.2531406885511182,0.974025974025974,True,5
-0.92529528158232188,0.37752693421080569,0.036084010681772007,-0.37749688270077719,-0.90771439211211835,-0.18316846318000174,-0.036397052527479046,-0.18310651626285129,0.98241908484586893,16.801426626824046,4.8585187449583778,-1.3434406321397385,0.1249995645216385,0.1545968040830682,0.7068965517241379,True,5
-0.51475184830753229,-0.85719585035824419,-0.015678290486719523,0.84797195732269826,-0.50634666237001591,-0.15670551075522882,0.12638866348803332,-0.093959201972727266,0.98752092337649089,22.465521597088348,6.36471127869493,-1.1373784017048043,0.3007786797072509,0.2090547120520704,0.9642857142857143,True,3
0.99746578222161564,-0.069760808702432869,0.013980088204477523,0.070148004836562389,0.99710203885189941,-0.029441153761987929,-0.011885735756444967,0.03034721876169133,0.99946874668443764,11.643215327273774,0.37319421436132949,-2.0249461677545808,0.1765645529288218,0.1560542100272999,0.4558823529411765,True,7
-0.9906668886736818,0.13387398025557379,0.025629535620831107,-0.13628890750939462,-0.97578985719297362,-0.17105405078282709,0.0021093542862369178,-0.17295060569378923,0.98492824033766491,-15.277793477019134,8.909811980048902,-0.48741347855927153,,0.3000499496608943,0.925,True,3
0.18199887449518234,-0.98009923907871543,-0.079258382773120639,0.97419486622341578,0.19067015259276804,-0.12078599063712793,0.13349446545242477,-0.055230195252001603,0.98950940027166889,5.5130227829551153,12.119824285395215,-0.033250650189130773,0.203319158203883,0.1856533397305135,0.2105263157894737,True,4
0.9605065010908469,-0.26401466345129515,-0.087883552755435274,0.2736255058766518,0.95355960794185946,0.12590931909716765,0.050560299603190167,-0.14498390112169499,0.98814134845151047,-8.6543575398898902,5.0286110254366712,-1.0099995516293403,,0.493164123039756,0.2236842105263158,False,4
-0.79417531619541226,-0.60767259896880876,-0.0044248851296461366,0.600193835465757,-0.78321955563998225,-0.16227904218355679,0.095146870756851479,-0.13153379841547252,0.9867349861333472,-21.553053081810919,-0.84222974745258306,-2.1960496876588893,0.3703084805769948,0.3229367603179525,0.9864864864864865,True,5
-0.7156068615071326,-0.6985032605884518,-0.00012128978837007073,0.69000352342256133,-0.70687197159793569,-0.15565074183471708,0.10863681433272139,-0.11146842923692937,0.98781214401073714,19.109623439650086,4.284727785486429,-1.4309827770614119,0.2212270491288904,0.1982790360615198,0.96875,True,5
-0.92406432750640199,-0.38161191736321043,0.021850930335247893,0.3699890666050204,-0.90734727541376126,-0.19957207317650955,0.095985463601981805,-0.17633282826971999,0.97963948698054959,15.291578442425282,6.1313581053233444,-1.135422880521628,0.3072310761495912,0.2653618899589927,0.989247311827957,True,6
-0.90937032834532416,-0.41598749148101194,-0.00011338629706528301,0.40940823224316142,-0.89493937251793065,-0.17739340148027619,0.073691962225516383,-0.16136271703385471,0.98414001455829714,20.657645678613545,-5.5511746623025706,-3.1834008504329616,0.2595965980205043,0.2228921341723916,0.9137931034482759,True,5
-0.94003716565239315,-0.34101730382537376,0.0061094749274549715,0.33497260938961715,-0.92645071894457731,-0.17170444468850687,0.064214314221422139,-0.15936205275645199,0.98512956406267904,-10.721925659729759,-9.1417146982992357,-3.676215226890299,0.285420170283156,0.2721904228204884,0.9866666666666667,True,5
-0.7987662049996459,0.60026249539190368,0.040712238655575453,-0.59592317148719254,-0.78005320355805141,-0.19076837605711039,-0.082753389266600558,-0.1766406981550574,0.98079046708264039,-11.24360831383459,6.1712209694336124,-0.86285499810022603,0.5427402120558836,0.1969006721038635,0.8902439024390244,True,6
-0.98166490841047882,0.18872510427367015,0.026773916641752191,-0.19048644279732282,-0.96612424105621419,-0.17412313445943298,-0.0069944768116995907,-0.17603063898210411,0.98435983838923646,-14.79746441406493,-11.182899256931615,-4.0996506839645841,0.2671233884389558,0.2440623326486792,1.0,True,5
-0.93989374295490791,-0.3413111820783542,0.010316440398177402,0.33525292959090047,-0.92810556149177281,-0.16194301444878426,0.064847707399193419,-0.14875060912922972,0.98674618374167078,-8.0654718766567459,-2.202377857520128,-2.39169168762422,0.2918832271332991,0.256828992860088,0.9908814589665653,True,5
-0.96623425569457788,-0.25732313410453023,0.013272820987587024,0.25082265677186255,-0.95111858354210344,-0.18017057165577452,0.058986082869190382,-0.17075785397891985,0.98354582879104535,22.10919591272523,-4.9732078204158174,-3.0838200826786912,0.2316444338250061,0.2120795661600189,0.8823529411764706,True,3
0.89224426615569774,0.43986279764029695,0.10208275449033159,-0.44510302491295661,0.89480400022537987,0.034772092171688807,-0.076049107329528728,-0.076462542677519937,0.99416800031064789,-8.8118374079813044,6.7192028644747541,-0.73745111611249548,,0.4202466269754914,0.4375,False,5
-0.0019472476356034928,-0.98547430031687755,-0.16981346130859776,0.99085183736713911,0.021013326432561395,-0.13330820116708264,0.13494015196675299,-0.16851956422682679,0.97641810299686171,-21.108906347047498,6.1733826590486656,-0.9156956716844955,,0.4042667023415832,0.25,False,1
-0.35143008514290774,-0.93618063412687802,-0.0079193145060317098,0.92680026057812259,-0.34668737472642031,-0.1443923169619038,0.1324317645007152,-0.058083426991693846,0.98948882927505977,-13.941813256466654,2.7832757512565398,-1.4897602762438424,0.2213324540220754,0.2464537102400984,0.9574468085106383,True,5
-0.21316561132665662,-0.97688258909020687,-0.016150209910303658,0.96729184859045714,-0.20868873764689613,-0.14420641604936091,0.13750237015480557,-0.046361815233649725,0.98941582779438719,-22.275867643357444,-8.7721321442474522,-3.7543323912349122,0.2235208175335458,0.2630766260821428,0.8666666666666667,True,5
0.55885585174479002,-0.82873472654796498,-0.029646078730167957,0.82444673021914783,0.55910181268580839,-0.08770833530742464,0.089262119634038836,0.024574703760442022,0.99570495526211256,6.7332466586962418,4.0071472561811117,-1.335033119147623,0.4008449313612854,0.8022610480348643,0.5295508274231678,True,5
-0.87278686331938882,0.48694417701427239,0.03359255407073207,-0.4857441321976439,-0.8597561900105074,-0.15770837572612778,-0.047913768925642357,-0.15396318459459291,0.98691418499119321,-8.0637186772253564,-12.314281387513557,-4.2538302931697221,0.2458775439653952,0.2108007197100274,0.9846153846153847,True,5
-0.57630421890310335,-0.81718566298613038,0.0090021933106321558,0.80808175446234243,-0.57145877179069782,-0.14296415721616962,0.12197264193066527,-0.075116338791140325,0.9896869253794699,-28.871073268113769,-6.1135239395215599,-3.3337242966096348,,0.2858045582318187,1.0,True,1
-0.99166822283410738,-0.12852997394469831,0.0086128751772491571,0.12409346550650595,-0.9711003008780229,-0.20387500448362908,0.034568014690307597,-0.20110756184785625,0.97895903945363416,-7.0128793647584535,-31.630182091997931,-7.5972562748935486,0.1883180478483774,0.1870752201319734,0.925,True,2
-0.9975880897148538,0.06552104681405263,0.022912784279973824,-0.068571182331744959,-0.98148407942562865,-0.17884908383230169,0.010770153791681475,-0.17998887259610749,0.98360968352740741,18.723535036233084,1.752184506258857,-1.8554675512628258,0.199321254056857,0.1945968352806053,0.782608695652174,True,5
0.49819932376493964,0.82621543597932279,0.26299332149249538,-0.85587554334324345,0.51717057454830162,-0.003413374911778122,-0.13883259021953565,-0.22338901085522958,0.96479161569846661,-8.9397614106339365,6.0260804668832195,-0.84459557950548647,,0.3244618395312762,0.3571428571428572,False,3
0.77030647237478989,0.5947311013667711,0.23004968090517869,-0.63218606986614401,0.75947721364427068,0.15341165217262293,-0.083478809794498676,-0.26360819225168691,0.96101093089157485,-6.0517737954684616,9.7587130733944534,-0.28858918143833417,,0.4904519071481461,0.2096774193548387,False,4
-0.99962493147408682,0.011085795538540569,0.025041994982514131,-0.015129626524721683,-0.98574475838230036,-0.16756600407911645,0.022827412833017834,-0.16788203137649277,0.98554276049507517,9.0008650451318992,6.5576766729572196,-0.98336845776635762,,0.1920099530349509,0.4354838709677419,False,3
-0.0048780807203028,-0.98248238387973896,-0.18629162540080227,0.99384980445370119,0.015846476215633641,-0.10959678544048874,0.11062897683621313,-0.1856805174420138,0.97636262470797197,-7.1861316584843742,8.2782335557115054,-0.52699276951905627,,0.3983749512530468,0.2352941176470588,False,5
-0.36064001217490738,-0.88025855566142308,-0.30835637954053707,0.92287904285744249,-0.28891297589241055,-0.25460472229619335,0.13502982586455864,-0.37639629055804535,0.91656575245921679,8.6330706557602799,-10.034789059763311,-3.9443753427016595,,0.2214879115311881,0.1551724137931035,False,4
-0.0099262441639280802,-0.99890502799263825,-0.045718866213248027,0.99222731858152668,-0.004167657157665516,-0.12436872152727801,0.12404200069860025,-0.046598022327593989,0.99118222662527888,11.462504421909903,-19.038090183286144,-5.5325675518058377,0.4315955422976228,0.1714828288971412,0.2941176470588235,True,4
-0.94877177925926937,-0.31595181050009497,0.0025620934631885427,0.31056113020053205,-0.93401569154835973,-0.17654028534589278,0.058171258279069743,-0.16670075399695441,0.98429008088422698,-11.414189139229107,-25.710252487796897,-6.5244644186048113,0.4118816971124155,0.2483623199213628,0.8837209302325582,True,3
-0.39694149228015185,-0.91782928158363575,0.0051828152652987182,0.90831731005393712,-0.39362670214721962,-0.1414838634370903,0.13189812721485958,-0.051453175065997205,0.98992699468841727,15.168643249231904,-20.157592299745691,-5.8270195487775975,,0.2211283918190109,0.8947368421052632,False,1
-0.68558330117988742,-0.72554908082810576,-0.059616008360001985,0.71621978555783572,-0.65756070176242387,-0.23375872662469283,0.13040228494461684,-0.20295924420237835,0.97046524372283616,3.270937843400207,18.422133671769743,0.93791802008254033,,0.2175329769132659,0.4545454545454545,False,4
-0.71152289595603246,-0.70255897776963205,-0.012085168001754524,0.69476922376276629,-0.70085483712658281,-0.1615494444074454,0.10502806407062977,-0.12334253131649521,0.98679061898966947,15.119064386859744,-15.589188982722739,-5.0158201375453508,,0.1578576120666154,0.9555555555555556,False,2
0.84469525174804383,0.53200365529945415,0.058839123228766034,-0.53524093005676887,0.84011199334503939,0.087914648550690089,-0.0026605387190590342,-0.10575419323055547,0.99438874297121871,-5.5583842119828644,9.8861594775126669,-0.28669118816920125,,0.5206688304068433,0.4358974358974359,False,2
-0.47395874002830951,-0.88053110234326293,-0.0053000525408786582,0.87076605514971372,-0.46779093958783102,-0.15145333947635689,0.13088005940472242,-0.076397739794401023,0.98845019874777917,18.818105642302307,2.9037065250553074,-1.6503992944494115,0.1911727744902451,0.1483079914261746,0.5217391304347826,True,3
-0.98976006217321932,-0.14224385992466981,0.01190393382857733,0.13781196108246913,-0.97397924314654194,-0.17992303160599762,0.037187130965809764,-0.17644012648323418,0.98360866154030557,19.97945533183692,12.322017948015926,-0.18363535524252148,0.3875779650866861,0.3000619020127375,0.9814814814814815,True,4
-0.70412500033303138,-0.70869587912194476,-0.044250817185486103,0.70148651346975133,-0.68459165775229103,-0.19811848363043608,0.11011201263287296,-0.17054152881789436,0.97917870259845541,24.144319176113974,11.706470823573241,-0.30689040582923205,,0.1893111745962948,0.3888888888888889,False,1
-0.82835651886358919,0.55888109814461573,0.038436906650566253,-0.55508053843635285,-0.80959440145847017,-0.19089919061198138,-0.07557164485046218,-0.17946816782864183,0.98085682096360316,18.41257188116024,10.707298504482083,-0.40500436323663486,0.2484728262740084,0.1444836173469565,0.5769230769230769,True,2
-0.59376072215137476,-0.80445023475275668,0.017550630658582235,0.79554823181080758,-0.59018076277990639,-0.13707544677011624,0.12062841992240941,-0.067427643075846838,0.99040511774539053,13.932013432136982,-20.928500037207925,-5.9289402262402957,,0.1437912616280305,0.7777777777777778,False,1
-0.95668065782339406,-0.29109767662125707,0.0049256078104866971,0.28612124656207238,-0.94318428940511101,-0.16893202326717177,0.05382147538262403,-0.16020467809986258,0.98561539654296981,21.940129068165014,9.8542860315199601,-0.58399036064226661,,0.1592501591605864,0.1724137931034483,True,2
-0.76930719957240101,-0.63887879153870208,-0.00056780993100065489,0.62984060412503018,-0.75827427991298313,-0.1682882343417513,0.107085228119883,-0.12982298003240628,0.98573766681304131,-6.4412691659506205,-23.698593410812922,-6.3352691369541754,0.176211091187328,0.2721540932545514,0.725,True,2
-0.82422805245751807,-0.56623703151047067,-0.0048725443349509068,0.55841250699922196,-0.8113508908082897,-0.17287337565813327,0.093933963873190585,-0.14520797543800493,0.98493200491214883,-3.6886748813755474,-25.445682758739675,-6.5747248041942079,0.266254446651741,0.2346688069893007,0.8888888888888888,True,2
-0.89693300009581967,-0.44168517691450493,-0.020625174741426371,0.43712714286128951,-0.8787232392462917,-0.19174287413729257,0.066566164926618765,-0.18099633505269153,0.98122845065991415,9.6165906951477389,14.541062406053339,0.29500787394119871,,0.1612281881339629,0.3333333333333333,True,3
0.97820929756296993,-0.20723755820570866,0.012616046539894114,0.20717948268880415,0.97036259569943362,-0.12439089524662751,0.013536325726016672,0.12429411625814557,0.99215308322327256,6.3249766552246722,14.613464450559759,0.32333786683537868,,0.0863393556193853,0.4,False,2
0.23985890281331268,-0.96685105106957125,-0.087559989646301808,0.96253344306685285,0.24859588408449296,-0.10830261951642743,0.12647955454959706,-0.05830207082013493,0.99025440711921142,-8.4671859183676492,12.445088121725325,0.14482531913262903,,0.1939875930638347,0.2692307692307692,False,2
-0.64959480774562961,0.75895811499157351,0.044823715133361704,-0.75495262232542293,-0.63695291780631158,-0.1560048670458527,-0.08985056368151767,-0.13517973289833232,0.9867387273334568,4.3317264762988996,17.968627402480362,0.86735159070126389,,0.1247625287253393,0.4,False,2
-0.99713601589996381,-0.073901501734316075,0.016072766922981478,0.069367800074511057,-0.97836006574763734,-0.1949350919231885,0.030130949337355155,-0.19326186843682369,0.98068444267273791,14.909398814159376,15.069468851739758,0.32356061377142309,,0.2874986773382245,0.1923076923076923,False,1
-0.78257572192407376,-0.62250794278924348,-0.0076876927175782593,0.6144885559500961,-0.77039502703966367,-0.16998622567409097,0.099895215407855065,-0.13775109247066292,0.98541645128430777,20.839960119134098,-7.6077014461145156,-3.5599693082333825,,0.1450248623889857,0.5909090909090909,False,1
-0.93616656535442955,0.34874560709548386,0.044369622987961495,-0.35041701505916178,-0.91551531895305749,-0.19758445363770322,-0.028285640694859823,-0.20051983017618191,0.97928122632704306,24.486499254786736,-8.399294897515972,-3.7963077909461509,0.2375392122041434,0.2176128689715588,0.9183673469387755,True,1
-0.39573222574505729,0.80982749035769075,0.4330998053195439,-0.91103297307305542,-0.28669841463141532,-0.29634935637099363,-0.11582282797675084,-0.51184319367243425,0.85123534795652778,9.9355762018280629,-7.4087881559495283,-3.4013175519071002,,0.2092526166841566,0.4102564102564102,False,1
