axis_00,axis_01,axis_02,axis_10,axis_11,axis_12,axis_20,axis_21,axis_22,location_x,location_y,location_z,dbh,dbh_approximation,score,reconstructed,number_clusters
-0.91374702282474685,0.40484341002757096,0.034178818530780107,-0.40064914753685271,-0.88391885538166148,-0.24117984509234458,-0.067428768763081431,-0.23407107992663731,0.96987838963710993,-13.892557381138817,-28.641368958258798,-7.5301899388620344,0.3290403364986176,0.2888721111309466,0.7083333333333334,True,2
-0.65442716641611653,-0.7557935778260596,0.022386414930900968,0.74482936121114585,-0.6494665784117164,-0.15304373951252107,0.13020870375812488,-0.083481921654114735,0.98796582037161951,-26.343984362660258,0.49352895455878548,-1.9608276258713704,0.4523365688259608,0.3245969625572443,0.9818181818181818,True,1
-0.99587461662944476,0.084148251722344997,0.033953198453612041,-0.089319324163611713,-0.97502424972900159,-0.20334643043671655,0.015993945232903841,-0.2055402251932007,0.97851796587667017,17.603478861184772,-11.203503236475017,-4.624576631146625,0.2025659909678411,0.2319639301914201,0.9538461538461539,True,5
-0.97847181200859723,0.20347461383764476,0.034510790026226749,-0.20608336147214373,-0.95433568139738401,-0.21627079168517749,-0.011070737507262066,-0.21872697304039362,0.97572329583526551,9.473571409160332,1.5900841079217674,-1.8944226015247869,,0.2031576036769424,0.2149122807017544,False,5
-0.79520111102618829,-0.60003571855524462,-0.087248664635095535,0.60334129874608267,-0.76871977453991536,-0.21224793393268274,0.060286567741964017,-0.22142051551108224,0.97331314850910189,23.70360972819535,-9.0383877382987166,-4.2178283330002504,,0.2386293065163883,0.4,False,2
-0.78531486304812514,0.57798404314024965,0.22184456664736035,-0.61134150514790109,-0.66744044829391935,-0.42518797262471042,-0.09768382649755139,-0.46952922577456546,0.87749653912954806,7.3206334491840499,-11.981533008449786,-4.7428205244251345,,0.519046986341656,0.2848484848484849,False,5
-0.99080349796943712,0.13164403187154236,0.031277424512444404,-0.13517078488450857,-0.97341894426514941,-0.18489028600612745,0.0061063348445072971,-0.18741773613595383,0.98226132208106443,10.855402936690624,9.4615834473947356,-0.59603450367227784,0.1286984619006397,0.156281513552507,0.9538461538461539,True,5
-0.82582121212164727,-0.55719090372155755,-0.086934587017415146,0.55385526242252192,-0.77235743430205839,-0.31097964879590168,0.1061304569707212,-0.30496276901991953,0.94643226678663628,6.7047367833262737,-15.749086007285969,-5.3900728036833572,,0.1967508769123575,0.1470588235294118,False,1
-0.96186470154186976,-0.27269998577960358,0.021237082746308734,0.26557772186499312,-0.94967688507474202,-0.16607916065459885,0.06545815133938665,-0.15410558624053702,0.98588371459959245,4.8928766064867819,13.88100237927298,0.20271451777722871,,0.2458817655625268,0.9736842105263158,False,4
0.90348951183923443,-0.42055309190139251,-0.082715167222713548,0.42616769016589634,0.90202695960563695,0.068763827724148019,0.04569247044281096,-0.097377928899677405,0.99419803716766797,-6.4042954621036321,4.8407609940360272,-1.2244679457073089,,0.5688000279578094,0.3333333333333333,False,6
-0.98870355415512601,0.1467273721182325,0.030600004449351161,-0.14983472909136517,-0.97280634210629979,-0.17662778579792862,0.0038517475436176639,-0.1792174629578254,0.98380194399676923,5.9546977733847806,13.375117222042407,0.14847398786728197,,0.1811849008305389,0.5178571428571429,False,5
-0.99852806301375319,-0.047494419879183819,0.026191362208560581,0.0422713392148613,-0.98403991965388116,-0.17285418828759536,0.033982955359744244,-0.17149261385820999,0.98459912763372626,6.5123056318642112,3.4507013399214359,-1.5899049761912663,0.2524268290889417,0.206594171856997,0.9003436426116839,True,5
-0.83473131853789828,-0.55059807893665125,-0.0080858718300276418,0.54267798286252744,-0.82005596763825339,-0.18168328722572916,0.093403601473610071,-0.15604475451663691,0.98332385398687572,18.894992406124846,-9.6223673057657031,-4.2506601539063009,0.3959419702793668,0.2650250962616117,0.9361702127659575,True,5
-0.63351513524884107,-0.77372471960597944,0.0029379723092656206,0.76231594896855093,-0.62481461622581069,-0.16876341220409613,0.13241211182825852,-0.10467451275855282,0.98565220997060599,-21.637962551862291,-2.9765859406922606,-2.7579087542739535,0.3207863116221635,0.3087071965165649,0.9852941176470589,True,5
0.99871017283391217,0.0066015987353095331,0.050342919782193692,-0.0048975057170750026,0.99941328953107733,-0.033898246952070499,-0.050537165688329347,0.03360796933482136,0.99815655048763841,7.4506496351793583,-13.893815516014108,-5.131648704414193,,0.1971648075085123,0.3225806451612903,False,2
0.32765793299931695,-0.93524483075222264,-0.13400516965349804,0.93552985892435803,0.34098046530888187,-0.09228328851265867,0.13200061364852533,-0.095128485896634279,0.98667441902961495,-9.8736920857885586,2.9400355639299578,-1.555270180959939,,0.1179037497202653,0.4333333333333333,False,1
0.98705593653473378,0.15458043342499025,0.042725493018597807,-0.15245225022447695,0.98708237457392234,-0.049261518521060949,-0.04978844798779785,0.042110276746293536,0.99787165258830657,11.582283593374113,-4.5310382412405534,-3.0810212416575244,0.1504062165879699,0.1347736204808651,0.5362318840579711,True,6
0.20813226198624302,0.96748195253337288,0.14373459236628577,-0.96632099383292647,0.22613148108476194,-0.12283440128953263,-0.1513429826527676,-0.11332795235344362,0.98196337855193994,9.6837605890287559,-15.418386879819204,-5.3342695957919801,,0.1590038288299171,0.3333333333333333,False,1
0.99949676016841549,0.0060415586209896024,0.031140423604541535,-0.012229329535202831,0.97919683776511601,0.20254381355626946,-0.02926892399731424,-0.20282271194377263,0.97877795112467325,-9.886875185684957,0.66951246542428378,-1.9402323455570065,,0.3203096162275931,0.4342105263157895,False,1
-0.97282347971472338,-0.23107923735511099,0.014726281917576304,0.22356293540599689,-0.95393159427902741,-0.20008530018201198,0.060283424159463833,-0.1913554271497204,0.97966780557082545,-4.2132458595588487,-7.8756070310870188,-3.6985873324938732,0.3342210818709247,0.2625936520205672,0.8286384976525821,True,5
-0.92519061139461678,-0.37929088954904627,0.012678867944297161,0.36945824447111503,-0.90783591451961121,-0.19832941763808964,0.086734872914979749,-0.1788082028695413,0.980053410997068,-7.4345177061664538,9.0877513391501754,-0.43983386511442746,0.3043508200323593,0.238296931401492,0.639344262295082,True,5
-0.9088534672757369,0.41546365964651027,0.037085341228049962,-0.41521658296304459,-0.89265878382561414,-0.17537241770435311,-0.039756310862117998,-0.17478627855785947,0.98380343187779651,9.7804908915020654,-11.482024286006904,-4.5541406559223434,0.1928152126248545,0.2168817863379299,0.975,True,5
-0.82919782645326456,-0.55887287236636485,0.0095956833081395441,0.54912741214069283,-0.81770347074841498,-0.17268502877105862,0.10435540158921829,-0.13792079777526101,0.98493035474605417,7.6127318073632342,9.8614485066887152,-0.47814913879400167,0.2484680171022711,0.1383209716676252,0.7352941176470589,True,5
-0.95911304457411983,-0.28284870447038657,0.0099387175825900679,0.2753920432337314,-0.94077622989092669,-0.19773544901146403,0.06527932483806255,-0.18691360477942343,0.98020503676376225,17.092897407973275,-0.7892741446480116,-2.4120458368369668,0.1719048516897503,0.141863913165465,0.7142857142857143,True,5
-0.58725161200117038,-0.80938601776958985,0.0054606264395121937,0.7979878700676043,-0.58008443110366126,-0.16345461760412244,0.13546550641028582,-0.091631474015354625,0.98653574164486224,-13.698485388808486,-0.099581825082616982,-2.0658470616151527,0.1797016481145008,0.220648082974007,0.9833333333333333,True,5
0.97736049743128373,-0.15388335894431915,0.14521146614812597,0.1436645984215747,0.98651013384008979,0.078474448014476478,-0.15532849455667236,-0.055836078576695529,0.98628362609745068,22.715815284179104,0.18798924267806866,-2.3597235076663914,,0.3156205317293546,0.8,False,2
-0.35882542319395178,-0.93303328469121083,-0.026328792756439109,0.9230390651695678,-0.35050732987879679,-0.15856700751457439,0.13871986101698761,-0.081200377828962514,0.98699711184980765,19.282853294730433,4.8470253878420655,-1.5018691750419186,0.1654310154749092,0.1773652448659794,0.8205128205128205,True,4
-0.86425255385138744,-0.50305358219133212,-0.002148628824317148,0.49340675585219235,-0.84683108879359625,-0.19856203144626791,0.098067815519523149,-0.17266789075309327,0.9800859671794655,19.941940435818697,-11.53605720051644,-4.6443260948199381,0.2091116414432614,0.2357419419350359,0.4285714285714285,True,4
-0.99170304804342679,0.12536556953133696,0.028434811015044754,-0.1284466956847693,-0.97522138085819954,-0.18012413687424622,0.0051488706569535209,-0.18228201308168471,0.98323280907313515,-15.891661694236133,-13.856711434995505,-4.8503394815505674,0.2586536806645069,0.2508071292602941,0.9122807017543859,True,5
0.021603003862157834,-0.99972799433910486,-0.0087890590418958289,0.98859502336323946,0.022671322733912317,-0.14888213763554983,0.14904090044537308,-0.0054725186345167933,0.98881588859313307,13.389137087000204,1.1744332196621412,-2.0211278384643898,0.2959485682533421,0.2756667610260117,0.9636363636363636,True,5
-0.99897417317693793,0.035960905650308433,0.027521166222797187,-0.040023187806809225,-0.98546292023212279,-0.16510898608300445,0.021183620163562372,-0.16604109766074934,0.98589127601596094,-4.4147638086104193,0.76252607290003005,-2.0009991975851729,0.275810890587735,0.2347242742755543,0.9375,True,5
0.15818075143395907,-0.94184303415670423,-0.29649713132892352,0.97647286199681549,0.19377929578536876,-0.094606206501869822,0.14655920189307764,-0.27455652156781762,0.95033631773443472,-7.8882431835585667,1.8415938314649201,-1.7568837171526817,,0.5338493279737477,0.3352601156069364,False,2
-0.96015081701262128,-0.27908343803739966,0.014927933655447034,0.27156229457854336,-0.94423539533010981,-0.18620805130022874,0.066063066483725008,-0.17473394867345321,0.98239692509074505,-4.9406952951164831,-14.777166003383725,-5.1062626525518615,0.2277536302443773,0.2431508441084505,0.9893617021276596,True,5
-0.99963650264932968,-0.0056820484114896569,0.026354826822920306,0.00091250111936816555,-0.98410938471429255,-0.17756093674838561,0.026944942247549609,-0.17747234500931838,0.98375684843571509,-9.3476821763535494,-0.012942169691747496,-2.1015578936577013,0.2490785331541901,0.2227111402490458,0.8688524590163934,True,5
-0.91137568050956164,-0.41135470804376767,0.013478618102865773,0.40230112635851667,-0.89727413165087611,-0.18180466550899554,0.086880220455550217,-0.1602698875035346,0.98324228471582853,-11.619100819258382,-12.190003355578336,-4.4765002104364138,0.2861981483642889,0.2617125841629127,0.92,True,5
-0.95220663138449402,-0.30540489226082623,-0.0055120713482385512,0.28074183359003052,-0.86791531725190896,-0.4097645969968936,0.12036010144521554,-0.39172803558422042,0.91217465000811426,8.1568794491859293,-5.755220467953702,-3.3333882801180166,,0.4952652795502292,0.2927308447937131,False,5
-0.92272621493149776,-0.38545558880110498,0.00056686875405042095,0.37840259388108288,-0.90612043472693715,-0.18909583473554892,0.073401697679680772,-0.17426917923792229,0.98195847363596878,11.264692094045389,-13.566792139314762,-4.8885462834582754,,0.2176742312384831,0.9777777777777777,True,5
-0.40612124318631099,-0.91363878783971664,-0.018157675720704744,0.9022621317018874,-0.39775571142205751,-0.16647354062402564,0.14487436463906073,-0.083991424478370796,0.98587872432897272,10.644947179229181,2.4277494831323185,-1.7909767719560832,0.130905277051238,0.1052025968664081,0.6666666666666666,True,5
-0.92445028719451838,-0.38110654757080242,0.012225624917986875,0.37286924760880097,-0.91024529865432946,-0.1800611575696896,0.079750803717695495,-0.16189902926315985,0.98357943940996839,21.099350825778558,-9.1894509267000366,-4.1969129146599773,0.258097122716917,0.2384282214825798,0.8490566037735849,True,5
-0.98047470811805615,-0.19560551230491188,0.020194808658334267,0.18887221564797299,-0.96532765260397868,-0.18019381031078452,0.05474150981695141,-0.17286123531326031,0.98342379492715937,7.1654220605953753,2.5170026693523035,-1.7314700848754199,0.2593228706760101,0.2403716151381649,0.968,True,5
-0.36799333990723543,-0.92404220894230549,-0.10357073851693269,0.9179044672801232,-0.34323243447116808,-0.19910521056514013,0.14843278186139136,-0.16833743499299342,0.97448972146907142,13.356073860695716,14.351358356175398,0.24799424717765362,,0.1781830718856189,0.2727272727272727,False,1
-0.85832698048359224,-0.51295724586016767,0.012233498823752423,0.50336082753100753,-0.84641458535640435,-0.17381089437444816,0.099512169513173904,-0.14302871605204906,0.98470305905043476,11.674043309514751,-6.6490023868129713,-3.477911159578897,0.275386465178904,0.2468018245181051,0.9745762711864406,True,5
-0.52387232601655886,-0.83722585316032783,-0.15687784048093389,0.84152316698297658,-0.48018235777893936,-0.24751497471627848,0.13189596455139005,-0.26168258267951239,0.95609920011327187,-9.7743684951706111,1.0738188915422024,-1.8806280240483115,,0.3792005799889716,0.219047619047619,False,5
-0.98102585299768885,-0.19262028899412204,0.0220386029044266,0.18592973400603419,-0.96692661217771825,-0.1745939880836879,0.054940056084823496,-0.16718358451218351,0.98439384359465354,-14.444104749998168,6.1354280762781501,-0.96229377315184039,,0.2967116383209759,0.9838709677419355,False,1
-0.7149764602278218,-0.69892867475458431,-0.017531940163433273,0.6885994577259793,-0.69962749958912218,-0.19066239439952562,0.12099358718370744,-0.14839160833575815,0.98149909955941661,18.908415963180978,-2.9417069765767407,-2.8439629828766742,0.1819263527798129,0.1281751661097782,0.36,True,5
-0.66603887294627728,-0.69172197421596671,-0.27912887724350116,0.73470076026119535,-0.54370977354071737,-0.40570244641599434,0.12886819854438036,-0.47528979848411068,0.87034050512478112,7.4049199175972049,-14.833154410858009,-5.2663067594724309,,0.3366667536860999,0.3278688524590164,False,2
-0.99944261123276579,-0.004862525723811191,0.033027605057252822,-0.0060484252387317718,-0.94658671768676472,-0.32239262158295595,0.032831134679813759,-0.3224126885570493,0.94602969025980022,5.3219013287225634,-2.1367065814038266,-2.5706862067415983,,0.5251031507867505,0.2480211081794195,False,5
-0.046670828342870077,0.99801453327970513,0.042294504894651475,-0.98810427150443836,-0.039913501184892786,-0.14851552463580397,-0.14653253023296525,-0.048722723504099376,0.98800521951954756,4.523539890127795,11.770483519386632,-0.14349645991542756,,0.1592459892887222,0.90625,False,5
-0.92814137504795713,-0.36967708604718491,-0.04350218357448582,0.36909097404430929,-0.89887217690825238,-0.23622163842298866,0.048222824503641688,-0.23530333961055555,0.97072493403899407,6.5432497600691049,7.4713377632515448,-0.8574884935801429,0.2471930998208584,0.1791310738659025,0.4615384615384616,True,5
-0.9923972642426252,0.1193540196549093,0.030038107729483621,-0.12281293895517333,-0.97627563608180257,-0.17833357625041923,0.0080406435653725458,-0.1806668214844297,0.98351148832424307,-6.5144203579446893,12.967923424598935,0.22803768059730659,0.3655865216412511,0.2897868259452736,0.9908256880733946,True,5
-0.97915162416047807,-0.20278401539128169,0.011863389300117917,0.1961796709262211,-0.95917867314895155,-0.20369047521054329,0.052684282468088872,-0.19711650381945633,0.97896345708244747,20.974463695597493,6.3238758969675697,-1.3289356002591406,0.4712089833666008,0.3034470824213133,0.4814814814814815,True,5
-0.44649360670111077,-0.89431149220963124,-0.029161859968381783,0.88295160703294795,-0.43507063720972994,-0.17638027178756027,0.14505143506000867,-0.1045011748245025,0.98389002721205077,15.787374403865632,0.53916737106805268,-2.2300069453757523,0.3724161470087404,0.2701426399178687,0.9354838709677419,True,3
-0.94402054140868574,0.32795135331044079,0.035680908905213915,-0.32900387212692156,-0.92806328433101881,-0.17451358801599012,-0.024117825854415971,-0.17648356903285067,0.98400806924409068,-9.2698937491676077,-15.627563123880945,-5.1765963229311458,0.231858751726723,0.233755285957764,0.927536231884058,True,5
-0.9906004795608353,-0.13480504424739587,0.0232010762530643,0.12861710482231553,-0.975679109806601,-0.177504690175003,0.046565333038306442,-0.17285217595522456,0.98384642857845217,17.78657795567069,0.65477376418367372,-2.1768594446863787,,0.1259137077400154,0.8333333333333334,False,1
-0.97916220222163863,-0.20240158615989096,0.016582510679352971,0.19648424589474933,-0.96483916117814272,-0.17458331584727546,0.051335395738636332,-0.16768718191029988,0.98450276087339628,19.330078028891663,-1.6101623024443765,-2.5503467965758921,0.1837368182708212,0.2019786004394313,0.9215686274509803,True,5
-0.96890201694939859,-0.24725107733661716,0.0097870479343246334,0.23985905723353237,-0.9481828278535438,-0.20836736219162966,0.060798965570375688,-0.19954004540326944,0.97800166465401939,14.858505478655852,4.0609879556570974,-1.6134345213115375,0.1761701085797444,0.1623615446300267,0.8059701492537313,True,5
-0.41040908839746115,-0.91189564798063005,-0.003272209460270922,0.90013183262770247,-0.40453477242559371,-0.16159920107744094,0.14603788567032561,-0.069267200698165915,0.98685104795829304,-10.382159472988123,-3.6226708335434421,-2.8007338249018203,0.2614800937931711,0.2365863008833585,0.9803921568627451,True,5
-0.18070070831791793,-0.98336203120347021,-0.018611007516776572,0.97156690321583528,-0.17552598281363835,-0.15889739435528841,0.15298694908062091,-0.046794710648673347,0.98711967281901158,9.531390398228563,-24.066611573359268,-6.8994509947437583,,0.1898780524428802,0.5416666666666666,False,2
-0.69051799697199845,-0.72331045175372433,0.0026241649340864428,0.71229451998305815,-0.68062343722491025,-0.17143002508969224,0.12578319704906063,-0.11650633924371233,0.98519280359539041,9.618587442284003,-3.2144202995323585,-2.755911946767978,0.1333721747406726,0.1173866294951504,0.6037735849056604,True,5
-0.033625894995312981,0.98955811467311361,0.14015718629581034,-0.99128627297271055,-0.015151402294625242,-0.130850907617718,-0.12736099953140417,-0.14333587371311041,0.98144485484680299,8.7041251836946376,-12.321453511608341,-4.7427092707191907,,0.5204328720608391,0.5,False,2
-0.99959484208128457,0.013020767332773199,0.025310300325352128,-0.017755514746891618,-0.98025438543100529,-0.19694182272782276,0.022246199238670959,-0.19731142759949322,0.98008841803078439,18.706611264618143,-4.0383124774492902,-3.0894533356389431,0.2382683996003287,0.1824517747587944,0.8620689655172413,True,4
0.47406392567585981,0.87945448193454234,0.042699046570617363,-0.86911037824943538,0.47515785153780593,-0.1373760042405559,-0.14110472987082281,0.028014823348061952,0.98959821386301028,5.2342578040353267,10.686506393903425,-0.32665834049166398,,0.1759677071638116,0.9324324324324325,False,5
-0.8310580684663873,-0.55617496396558652,0.0034491005778625626,0.54714615200922179,-0.81864893253981497,-0.17448499532316034,0.099867788492683907,-0.14312000108056194,0.98465379200624659,7.4897320516179304,-0.56385598820080518,-2.2881943041639015,0.1685753329324243,0.1695508200881441,0.5,True,5
-0.92845751898910056,-0.37104397155397484,0.017117435732547891,0.36264132582836855,-0.91547490298847867,-0.17434727069753486,0.080361086565875109,-0.15566654480552122,0.98453543491042705,-8.3281790076557929,-5.5621822754669905,-3.1857903379425023,0.2901212513075591,0.25345405248695,0.926829268292683,True,5
-0.99648012931032925,-0.080791174793159837,0.022363764558098288,0.074226453424272851,-0.97433557566566698,-0.2125102811731881,0.038958766686372714,-0.2101022895348699,0.97690288280385496,8.0956141073790651,4.3759629831751807,-1.3412404764984991,0.2270923623049921,0.2226658238381454,0.7885714285714286,True,5
-0.87094127464916815,-0.49114245908604703,0.015504225082035037,0.4819673345221297,-0.85996855752288737,-0.16781408917501445,0.095753770506009583,-0.1386836866935566,0.98569673352353548,-12.363197967189858,-6.9955729575115653,-3.4836433268010123,0.2611516213942765,0.2338930284369713,0.9583333333333334,True,5
-0.52900054225957094,-0.84808555338095815,-0.030154940484007839,0.8367924202545638,-0.51538496403705381,-0.18481554114585386,0.14119798756919283,-0.123000947114398,0.98231048824461387,-14.922409972273849,-10.368480655937795,-4.2394020988017989,0.2507279590446643,0.2460976899102499,0.9047619047619048,True,5
0.94994040474504038,-0.31215335716641357,0.013172283119007373,0.31173037882027077,0.94414473686175282,-0.10684047349587664,0.020914070703723392,0.10559828344244084,0.99418891775185803,8.9932591660280412,14.556942588466683,0.26006806801035703,,0.07190394969940539,0.1176470588235294,False,1
0.18162524518624779,0.9467713724744955,0.2657747891990429,-0.97336629988594003,0.21153609594121414,-0.088377182351010872,-0.13989394753666001,-0.24264469575226594,0.95997564295449744,6.9979017527760954,-0.73260960740117764,-2.2721985292579041,,0.7215191705247387,0.5254582484725051,False,3
0.96663497093576611,0.22532428588989556,0.12184333856316781,-0.24805757531865058,0.94206487101097947,0.2257902082334366,-0.063908311595927983,-0.24848087450601744,0.96652624522755859,-5.2055037056999209,5.7081806594897655,-1.0847935186426709,,0.6576169810181817,0.2935779816513762,False,1
-0.79590581265848204,-0.60541828166014156,0.0016253024708776922,0.59376835441858367,-0.78110891380554648,-0.1931528049616828,0.1182077775253713,-0.15276638702672801,0.98116734165345698,-7.4618798928488514,18.82210590774142,1.2397689933328262,,0.2756282277633195,0.6923076923076923,False,5
0.96944871511833297,0.23874632095658962,0.056297273336345752,-0.23643532444931181,0.97061630754688044,-0.044747300215867702,-0.065326304869959814,0.03006954861239676,0.9974107960806744,11.510719267115833,-4.8797142983641066,-3.1241369797667491,,0.1687928783067163,0.4696969696969697,False,2
-0.019782243085073009,0.977512563349071,0.20994725850378146,-0.98616411791419234,0.015490883547599501,-0.16504655423679687,-0.16458734883656248,-0.2103074440471504,0.96368137036123547,-13.290967998586028,2.8877487728833726,-1.5860795689812259,,0.1883973638414572,0.52,False,5
-0.93259942142457375,-0.36090684513869248,0.0021373559803950209,0.35284617793296674,-0.91298341741865352,-0.20484348717168244,0.075880787269561364,-0.19028275973033854,0.97879240775189869,18.946625131108874,3.0109178392878229,-1.7933493146122239,0.2270398982356462,0.2181680490462818,0.3939393939393939,True,5
-0.82722164414146238,-0.56167641493382348,0.014965171932941949,0.55161817473251074,-0.81689785668116599,-0.16850899398693894,0.10687254450357454,-0.13113922623229185,0.98558650689552707,15.759900239252616,0.55420755816494538,-2.2294520283727692,0.2844739361231673,0.2523828932658179,0.90625,True,3
-0.11033380999299355,-0.99100431085117346,-0.075742367581302095,0.9863543571560548,-0.099808966572611318,-0.13093224320607241,0.12219465001257941,-0.089155067528987983,0.98849372352190779,-4.8293074295665761,6.1298606089892562,-1.0072597607281366,,0.3923601710495075,0.4197530864197531,False,2
-0.99368920009218731,0.10764028825646714,0.031549040622705422,-0.1116652882446429,-0.97590865927836556,-0.18743839560437855,0.010613059002438138,-0.18977844210965428,0.98176957881625304,13.570912053395599,-4.3232987710039037,-3.0523793148457603,0.2385522332165201,0.2000721702351512,0.9489795918367347,True,5
-0.99942265519946871,0.019424367054041471,0.0278756208647125,-0.024317233234884938,-0.98194383948385722,-0.18760322030152057,0.023728220368235166,-0.18817276653185108,0.98184926617781088,14.6994878315558,-13.652846667736434,-5.0328487777371276,0.2814435543901997,0.2545584077599607,1.0,True,5
-0.89981415833949363,0.42482426861952116,0.099291597044653804,-0.43625092812269645,-0.87384517362729897,-0.21466192079724342,-0.0044281106439332182,-0.23647188695522561,0.97162824090078848,5.3341918965509212,5.240550779123712,-1.2690244787273066,,0.2071058326754364,0.8641975308641975,False,6
-0.98828127288094136,-0.1515846344174423,0.017950606712744295,0.14543697732409949,-0.97079514747926865,-0.19080059553767981,0.046348800412250438,-0.18595397344298478,0.98146467509590474,-5.2651641309576789,-18.907110245568148,-5.8342919916123481,0.2485221818693253,0.2493986889619794,0.9345794392523364,True,5
-0.97141964803714609,-0.2365819056103676,-0.019309825093823237,0.23186655064663336,-0.9283439604600674,-0.29054327348701181,0.050811121800440395,-0.28671674700840782,0.95666699372681274,-11.400873086192496,0.37773674236203825,-2.0148091930271006,,0.5151004719245652,0.4468085106382979,False,6
-0.95869457879412201,0.28142878805925231,0.041261869107700098,-0.2841807580151951,-0.94153493605887084,-0.18097862015864374,-0.01208310244389499,-0.18522905126388239,0.98262108526288616,-10.876478981282041,3.0400583316567813,-1.52269651283205,,0.1807358436474475,0.5584415584415584,False,5
-0.99884341060274984,0.040261213154332502,0.026284516560284046,-0.044556817902237339,-0.9805182687051458,-0.19130764415958457,0.018070170831879222,-0.1922575341847616,0.98117812321479225,-10.032709743843192,-20.166070484075409,-6.0931544678726661,0.2565707494962087,0.2794125332508929,1.0,True,4
-0.88522482999653906,0.46345178041532276,0.039867876636055524,-0.46299105472189639,-0.86957517931607176,-0.17169243071530305,-0.044903046724092552,-0.17044487304489636,0.98434356890651009,13.532757989007521,-11.533904006210836,-4.5996794208529694,0.2108942394790257,0.2208507993658344,0.9156626506024096,True,5
-0.69970648109798639,-0.71438368607738112,0.0081724767339465612,0.70309807311073347,-0.69059198448862502,-0.16951640200298096,0.12674359903934798,-0.11286567248971732,0.98549348048376095,9.6268716153924547,-19.69856588181915,-6.1394143668164158,0.150077140929942,0.1821507911364965,0.8604651162790697,True,5
0.5691623565751085,0.81909759459446896,0.071647347385814686,-0.81059891334021728,0.57358191237829548,-0.1180389405413155,-0.13778103479625878,0.0091060596314738104,0.99042085303595062,-23.060533683616168,-10.771107110319612,-4.3799788539714042,,0.2059779368032487,0.4347826086956522,False,1
-0.8938709815578213,0.43916355744291041,0.090166724144462002,-0.44735537403494824,-0.86049849853568794,-0.24375295555106036,-0.029459084352836201,-0.25822026224119821,0.96563681501751897,18.311001140729658,-14.182211578060649,-5.2027368707408428,,0.2244856553662011,0.3043478260869565,False,4
-0.47492327183353039,0.87811386198984243,0.057999407343671185,-0.87289086255331638,-0.46167155049674508,-0.15786361687500139,-0.11184555396554743,-0.125600258133549,0.98575612968671111,7.8441436394374673,14.005406972025161,0.18485240171585113,0.2557271800189375,0.2488016200781846,0.953125,True,5
-0.97675601708353887,-0.20954910281745723,-0.045131547718872678,0.21278488673571652,-0.92244080915578996,-0.32221971631307822,0.025889671067251055,-0.32433335800131785,0.94558849285490965,-3.4963794124229337,-1.4213447807837838,-2.3512930843721973,,0.2370254085595392,0.3682432432432433,False,5
-0.99890015297985624,0.034686762677568254,0.031548579552332603,-0.041464194273060438,-0.96762065585465762,-0.24897989267546947,0.021890750788990512,-0.25001418931403163,0.9679946798260527,5.6993910431185455,-1.2213325492666489,-2.4195331291507802,,0.1077284143000943,0.4651162790697674,False,2
-0.98403394824822488,0.170825819861151,0.049957261371861975,-0.17730976946322297,-0.91656124717739607,-0.35843650180403741,-0.015441319500276638,-0.36157159656336768,0.93221646960923654,10.519795897364519,0.3369484501852722,-2.1161237564334616,,0.2670325352851478,0.1081081081081081,False,4
-0.99425798382164599,0.10373294632447613,0.026278079339260189,-0.10688500854188851,-0.97453898521065296,-0.19710241310951179,0.0051629987330539346,-0.19877938059928549,0.98003066344510281,-15.314650726046031,-19.931464805648563,-6.0136796581152003,0.256815413486699,0.2424312355087279,0.7708333333333334,True,4
-0.0090214216057117394,-0.9999176030107928,0.0091324225352584481,0.98908494087387955,-0.010266158208257195,-0.1469883863853102,0.14707002987939524,0.0077066973985962534,0.98909605859414906,3.8762549243366342,22.302589276799551,1.6151559887256974,,0.2442030966394228,0.9285714285714286,False,2
-0.99178822111808629,-0.12627342869004576,0.020276727011040455,0.12022744616120079,-0.97462281063779899,-0.18882727073712335,0.043606027576195791,-0.18483884383790974,0.98180095547299595,14.640753881506901,-12.155503761795273,-4.697480005583679,0.2596929977908936,0.1598362089288667,0.5675675675675675,True,3
0.030162746537882167,-0.9995112366937885,0.0082156219572950082,0.98844835462426639,0.028605534254414387,-0.14883404735006167,0.14852629047368132,0.012609961652330311,0.9888280588177375,-5.4973222137436686,-25.35215869813894,-7.0977733716171363,,0.2257537032023125,0.88,False,2
0.19148685280820416,-0.98144983523422569,-0.0094343055027781425,0.97096486606965426,0.19082792091386658,-0.14426341690819805,0.14338763565923882,0.018464168500143548,0.98949434582601392,6.4788592884253378,20.995332503244974,1.3771436556075067,,0.2248800736074916,0.46875,False,2
0.58085099565210307,-0.7936615011568956,-0.18086885423240551,0.80442156528827191,0.59366361343934171,-0.021667011268525382,0.1245715302512046,-0.13290950176539965,0.98326852801833664,-8.514056891352384,3.2433233110309407,-1.4827197393235809,,0.4512581193196247,0.3636363636363636,False,3
-0.64628112899446477,0.76222631976455446,0.03649300979395944,-0.75699192898559386,-0.63433681809363607,-0.15678016667139261,-0.096353109738648954,-0.12894897699874761,0.98695908708247249,9.5691386371694875,11.913702078278883,-0.16063812199217778,,0.1792746929210024,0.8955223880597015,False,2
0.23519019156903223,-0.9688724408743794,-0.077277209472425223,0.96202635214458043,0.2433842237768862,-0.12356948408047813,0.13853112130173065,-0.045280381299695679,0.98932240220276046,20.081372310025596,14.23305320895367,0.0090797088458546889,,0.1258494250710909,0.3888888888888889,False,1
-0.9852242884233644,0.16660486269101132,0.039697874355988434,-0.17126539580797567,-0.95989523043661718,-0.22196691371411648,0.0011250330714974834,-0.2254860667818345,0.97424574312020729,-7.9923435630877107,12.845276364693001,0.21279316202647419,,0.1704677125802651,0.3018867924528302,False,2
-0.41331245355706797,-0.91058640878983677,-0.0022820740268304071,0.89808642956639073,-0.40722231485584859,-0.16616483175490479,0.15037812594698799,-0.070727494022279458,0.98609535077800647,10.743696365684986,-12.200150023782783,-4.6235849377813656,,0.1013411113860543,0.4827586206896552,False,2
-0.96434064556867516,-0.26435885856022823,0.012708784557280303,0.25652732592971023,-0.9454299051500068,-0.20088809198009006,0.065121811672760183,-0.19046440178884361,0.97953175614457499,10.86246507225608,-16.297749345391946,-5.5015032967290232,,0.2160053626415535,0.8727272727272727,True,1
0.043850163313796001,-0.96510949617195196,-0.25814883996654869,0.98805894217484203,0.080098684727824387,-0.1316196318685221,0.14770473914430135,-0.24929472738827432,0.95709740827708856,-6.203190428225775,2.0404363388610376,-1.7576382785116034,,0.348845065330267,0.2420091324200913,False,1
0.99374499179334463,0.10273747582817885,0.043771021762122241,-0.10314074017711819,0.99464178381178914,0.0070505043379268384,-0.042812136145747644,-0.011520978958286045,0.99901671059221087,12.527565004177394,6.7411529439719766,-1.0636667617713293,,0.2178032582193112,0.24,False,1
-0.26091383944753449,-0.96527213066292561,-0.013178852385642776,0.95350166916422574,-0.25555085560122137,-0.15977586520660694,0.15085932283350065,-0.054253792189486866,0.98706534269382507,10.918478163526704,14.641268078782696,0.2644007281329871,,0.1530284965207307,0.8108108108108109,False,1
