axis_00,axis_01,axis_02,axis_10,axis_11,axis_12,axis_20,axis_21,axis_22,location_x,location_y,location_z,dbh,dbh_approximation,score,reconstructed,number_clusters
-0.71299536256707896,-0.69283007476242831,-0.10781512167839961,0.68125955078448652,-0.64813011939084897,-0.34031275733260996,0.16590068541980013,-0.31609149916296775,0.93411087496835621,3.7519071602180576,-1.5656715157390708,-3.5080390861896218,,0.3176555086124954,0.2682926829268293,False,6
0.95935396900093861,0.28009876826944863,0.034418631234907106,-0.26944307535912332,0.94539291083080024,-0.18339212985263348,-0.08390703965201414,0.16666410580807445,0.98243711479770091,-8.6236268194502586,-18.065689408570403,-6.4947691118919515,,0.2829066843429321,0.7543859649122807,True,4
0.55886484565642036,0.82647638324673234,0.06787394363689013,-0.80688686644064822,0.5608467662240092,-0.18543055191003677,-0.19132085368567334,0.048864023079048122,0.98031048050784031,-18.947510132280854,-2.7984062406054537,-3.4153603926853568,,0.2777252182535309,0.9047619047619048,True,5
-0.9977338422198716,-0.057706273669116362,0.034600087693500342,0.035377186764730867,-0.88733640177748152,-0.45976359657676902,0.057233161242292128,-0.45749764596095754,0.88736704310809078,0.26065600850284742,-11.471667712472486,-5.2011696720771905,,0.2572603976095117,0.2549019607843137,False,9
0.99737784574587673,0.068105062219262685,0.024477199909825414,-0.062252322180833777,0.97985907576314923,-0.18973887326449915,-0.036906384250002852,0.18771758613592485,0.98152943239461432,14.318055358884736,-3.9288878944099044,-4.1059057470076201,,0.1173476077360086,0.4444444444444444,False,4
0.56552583247385801,0.74847221046324841,0.34636668859607245,-0.80179667178802672,0.59731446164060098,0.01837201743527847,-0.1931388876285485,-0.28810550858888073,0.93791928544323522,-0.86981759359643707,-4.8448714475133503,-4.0419695381385568,,0.3627071474119598,0.1337209302325581,False,4
-0.87924543096382568,0.4655093039870381,0.10113634376791045,-0.4710057220023941,-0.8177591820438519,-0.33079227624594654,-0.071281708524986304,-0.33848339410445888,0.93826857026401833,4.0256151312541508,-10.461224914628691,-5.0908947550425303,,0.2072366274360939,0.2352941176470588,False,3
0.62392884395134873,0.77291506583697478,0.11539106849214056,-0.75830890226465031,0.63448226222999304,-0.14966585335904442,-0.18889257908058227,0.0058787683858805007,0.9819801594994424,5.0437379647316112,0.39611851928435138,-3.1692810271274716,,0.2398784032477132,0.3223684210526316,False,5
0.90038949432896997,-0.43505794051889102,0.0048318623204680056,0.42747747732694313,0.88252431576968715,-0.19599448577304271,0.081004721345214678,0.17853688825200109,0.98059309331295907,-5.9395689471046165,-2.1441575049581258,-3.4934664867189995,0.3557137749704105,0.298739649907431,0.9914965986394558,True,5
0.98216859841712745,-0.18790697451507726,0.0059844140838323893,0.18634661114705434,0.96881065600877858,-0.16334274798058751,0.024895477447625096,0.16154529312991847,0.98655123205549977,2.0658114680887247,-4.7565967904876709,-4.0703284904384853,,0.177081366632897,0.8326612903225806,True,4
0.96724233270326843,0.24970592599449365,0.045707990001451419,-0.24643026008310037,0.96683531767302922,-0.067093929795985219,-0.060945850901564944,0.053632257302164588,0.99669914429308037,-16.097411199335124,2.5164323684722425,-2.543143351768602,,0.2404219030213177,0.24,False,6
0.96497071933290102,-0.26216861240293188,0.009956379907693472,0.25910923728148971,0.94638316032292469,-0.19292826908620539,0.041157186317211242,0.18874992060373416,0.9811623481802263,-11.918746188337598,3.1937993600944434,-2.4067431920059583,,0.2567575672580432,0.9393939393939394,True,5
0.24781610203602256,0.96537972973740638,0.081419635124478529,-0.93995546704742705,0.25994249099834654,-0.22116424064759388,-0.23467189763438637,-0.021722771133216742,0.97183188961618716,3.6389088056500896,-7.5861988870413937,-4.5863911928313179,,0.09433951010333547,0.2181818181818182,False,4
0.22278456931218898,0.9679063717779034,0.11629398586392498,-0.95476304223130537,0.2407339452980401,-0.17457004545586882,-0.19696336934975067,-0.072141687344950384,0.97775304043578315,8.5728533605488462,-8.7966610044232816,-4.8626855486814327,,0.1334156635328612,0.3448275862068966,False,3
-0.98352777474630382,0.17462940955046513,0.046665679279756914,-0.17923411056657851,-0.90873820627458812,-0.37692175058790783,-0.023414737068622481,-0.37907709212889845,0.92506881274373687,-2.6000190724879424,3.8299671102703488,-2.4813414225966119,,0.7984302121450774,0.6872037914691943,False,3
-0.20581964859266685,-0.95666152613546984,-0.20600241907643541,0.94784792826851272,-0.14253701550155568,-0.28507455882452248,0.24335689250620779,-0.25393291165987419,0.93610656404367709,4.0878370033009981,4.4834540135882843,-2.4609146586859074,0.4915108544720601,0.244760453635734,0.2530120481927711,True,6
0.99486269774773717,-0.096627061079357507,0.030189794587935671,0.095166117849653828,0.99437143591025001,0.046570993753774909,-0.034519887652213442,-0.043458698933061188,0.99845867157510559,1.5777336479365149,14.582410098613606,-0.70498946706772725,,0.3383277632092374,0.2333333333333333,False,3
0.53018986224063869,-0.84585850378165106,-0.058498731247089583,0.82869418612104528,0.53155234861899237,-0.1752656457119055,0.17934507483181902,0.044446510075591056,0.98278169085289191,-2.9291789173401077,3.4839126629506234,-2.4992299242013405,,0.1210755577699772,0.5555555555555556,False,1
0.98119002294876645,0.19148070897326386,0.02452094934734899,-0.18357827647897568,0.96480656210120563,-0.1882745711227638,-0.059708921199497625,0.18023161714179919,0.98181027134148657,-1.6617930854445464,-12.587687168706955,-5.4153631702455884,,0.269310378100912,0.9947089947089947,True,5
-0.72069107362066642,0.68884960285318386,0.078042302967695432,-0.67603089848429299,-0.67337785284967211,-0.29923985627934735,-0.1535792977520419,-0.26841850148709134,0.95098102365999571,1.8354014656684479,-15.833533054944992,-6.0494832791570214,,0.1384904335810244,0.1730769230769231,False,3
0.99456699068581422,0.1016868417915069,0.022277505350312386,-0.095664869278727388,0.97719719631208579,-0.1895623177366311,-0.041045509182468916,0.18640124926155549,0.98161593327007679,-6.0351755004150034,-8.5065718362399281,-4.6276108768378146,,0.2699432505996083,1.0,True,5
-0.89208299675826186,0.45014291312163385,0.039487778630453621,-0.44376175144212487,-0.85623935685174579,-0.26444218977902528,-0.085225787481350679,-0.25342754693299896,0.96359277892878892,9.1177392879608927,-0.24111945076572661,-3.3008502179900958,,0.07197122675880507,0.2549019607843137,False,5
0.99093568436845647,0.13032209249078325,0.03259787806043881,-0.12207371916807234,0.97485249856740763,-0.1864419832692138,-0.056075632262989963,0.18077267007406553,0.98192503034630885,7.1303279402792068,8.9061570597888018,-1.6614542175528635,0.345137005454106,0.2755623845101779,0.9245283018867925,True,5
0.83454139310505127,-0.54193992276424996,-0.099205762476579168,0.54637324359463335,0.83723780110051771,0.022564199348743375,0.070830373980096242,-0.073034132586407591,0.9948110743247639,-3.5547612844604872,2.8567157320533134,-2.5981961708069501,,0.2742674237733156,0.2995594713656388,False,6
0.90332028676093801,-0.42679929404175615,-0.043067645995497991,0.42165197492370038,0.9018921386231914,-0.09380928702760534,0.078880108830288731,0.066580274069299131,0.9946582305172853,7.330580292040076,-0.40433438061085258,-3.2976105483323366,,0.1949536836371083,0.1470588235294118,False,3
0.99923107082614182,-0.038675615298068178,-0.0064392450611008116,0.038540348840192487,0.99905787271389557,-0.019950149865624794,0.0072047627939685714,0.019686638862447869,0.99978023967439,1.102029991064533,-12.618600851730109,-5.4315427783515187,,0.2343691208930525,0.2244897959183673,False,3
0.89397497798132741,0.44645501196166948,0.038557243646168152,-0.43330762560124719,0.88316258805879111,-0.17963391842607743,-0.11425077828659921,0.14388108057560228,0.98297761638467773,15.008986323624496,-5.1081311215667098,-4.4417420921539579,0.1001457636421041,0.1036626048658566,0.6470588235294118,True,3
-0.055474061507042795,-0.99570141752754993,-0.074170854340109602,0.97141841314750932,-0.036650995088270584,-0.23452712243366697,0.23080055263774713,-0.085061105639819237,0.9692758705391582,8.6439292702341088,-12.418661290108947,-5.570123026359953,,0.1814513191705084,0.2142857142857143,False,2
0.87330518711887306,0.46904510697754881,0.13166145135038798,-0.47130952190293779,0.88183403866104759,-0.015364336053685201,-0.12331011602822747,-0.048635541316677418,0.99117566526117817,3.1397216963527748,-11.218431197705986,-5.1318193404436414,,0.2996231774614492,0.1428571428571428,False,1
0.80806457958619082,0.58315823043882098,0.083415307286223705,-0.56603938965118628,0.80784285191919625,-0.16428431442585109,-0.16319020982125329,0.085535985845270793,0.98287972333545082,-0.91730183283535949,-3.5247465112884324,-3.758402227270778,,0.1452893715721951,0.5244956772334294,False,5
-0.013141223799741735,0.99849510121097707,0.053243225810676489,-0.97494183311819849,-0.00096901498301824648,-0.22245782307235376,-0.22207145308024859,-0.054832416211984231,0.97348737837692756,13.663246819213969,-10.714113157461645,-5.3241572660847769,,0.08285113087473743,0.5555555555555556,False,1
-0.79000854091780881,0.59231610157894399,0.15826604527578461,-0.60030342550043658,-0.69484994204658534,-0.39600423655599803,-0.12458853321777343,-0.40785437823833554,0.90450677362995147,2.3798057027188673,-8.929228102955717,-4.7492683460867964,,0.2277711446233611,0.373134328358209,False,4
0.96181305853028032,0.27284538720316248,0.021703343580761592,-0.26252802200879582,0.94205473815818797,-0.20883464265743287,-0.077425306591432846,0.19516215052018895,0.97771010882753895,5.5626697031280976,-7.7959773803033459,-4.6194688382452869,0.1832006363325373,0.1729456797438308,0.8421052631578947,True,5
0.98381677890182306,-0.17906571073877059,0.0063258824570165649,0.1771836520004334,0.96701090283971292,-0.18301876202431216,0.02665518739439586,0.18117777188921777,0.98308906817145891,9.2685350297143909,-8.2651027591727644,-4.729258925376369,0.1517496331966527,0.1597431542599576,0.9423076923076923,True,5
0.22780405569346446,0.96081973878732252,0.15789471734757851,-0.95324269372355896,0.25313544156354395,-0.16507820900132117,-0.19857915064845849,-0.11290650017201122,0.9735596762123242,3.4031429952425913,13.883937067420199,-0.78122314514933977,,0.3087108730535438,0.9036144578313253,True,6
-0.44292398801373906,0.89231978381305199,0.087084695887576516,-0.87684109812452227,-0.41087536270326186,-0.24966202146750877,-0.18699740501350581,-0.18694073857586352,0.96440921334199381,-11.673122607783512,16.852826301197005,-0.10701331343189041,,0.1924926003211697,0.7555555555555555,False,3
0.8746788770133701,0.48321484056918962,0.037951020543881345,-0.46895077578559974,0.86345391709309605,-0.18582923060345638,-0.12256439938543924,0.14474374221458144,0.98184887691182132,-1.7699602255258142,-7.0888035593413088,-4.4908207228921846,0.3120272551033322,0.2836460547727915,0.9946043165467626,True,5
0.99967178827658443,-0.018632891155338945,0.01758212419159735,0.021698612554759002,0.98067405396278939,-0.1944416881673949,-0.013619322196567578,0.19475937782654079,0.98075649312738411,-21.282965651504451,2.6780456136932895,-2.4006184325671631,0.326447318697104,0.2599905573477807,0.9318181818181818,True,5
0.9943101860351119,0.10054914752520401,0.035172757622578377,-0.093065720935618448,0.980618730056529,-0.17241136229684678,-0.051826880415045934,0.16815699567450568,0.9843968708159172,-15.421396407031692,11.087198428075084,-0.91388653163869649,0.3717038328574368,0.2808929890474904,0.9868421052631579,True,5
0.64434116113555695,0.7634985413046983,0.04352522822549397,-0.74313190206850566,0.63855497561321983,-0.20000629801995318,-0.18049776783807703,0.096527304661423646,0.97882737766179861,5.7591800566768256,-4.4279222650436223,-4.0008987618495846,,0.2201349032481067,0.9157303370786517,True,5
-0.75405893903723042,-0.65592189641521148,-0.034081993209314071,0.63998501797632512,-0.72208793032630814,-0.26269411421444611,0.14769662563474473,-0.21989881009260201,0.96427704530179947,9.4924305712544523,-11.636427228665159,-5.4256131560090441,,0.1467323832565153,0.8961038961038961,False,6
0.97714203578640513,0.20961835718675581,0.035406019679250271,-0.20065051124426383,0.96441714298607928,-0.17215965454189944,-0.070233996302483684,0.1611201993695896,0.9844325609804303,-12.863810287105327,-12.819820953523774,-5.3923902012847504,,0.3219876635673584,0.9891304347826086,True,5
0.70963095256586461,0.70348017058595147,0.039237236814309982,-0.68392871387457721,0.70115105522701593,-0.20156565206380389,-0.16930866929465926,0.11620175276819361,0.97868877951842737,4.2733760292225718,-0.099197453286255288,-3.2201477083332235,0.2346152305208574,0.2236220448574176,0.9169139465875371,True,5
-0.91711765366771203,-0.39844702001686616,0.011626760972453151,0.37795432914000071,-0.87847777539738625,-0.29227952924758904,0.12667175855479207,-0.26366033143523743,0.95626225231998863,4.9407433219546597,3.5149821924724591,-2.6588530542827593,,0.1216173925289553,0.2692307692307692,False,5
0.9906083648605476,-0.13615211361734963,0.012556648670803272,0.13580725092357443,0.96911512160004964,-0.20584526150170113,0.015857429328078047,0.20561732184728673,0.97850399022766155,-8.9822047338417761,-13.265916839192371,-5.5057434687078892,,0.2998843843325139,0.9911504424778761,True,5
0.45789745372506158,0.88697077365192734,0.060106310479074436,-0.86233693508671105,0.45958113524807392,-0.21250927158443925,-0.2161132394310038,0.045475562793586999,0.97530869007265797,15.062720791614041,3.5503090689493115,-2.7513805966596223,0.2086129899961742,0.2084942611277951,0.8,True,6
0.64402660901971187,0.73542368978460015,0.21066970208878208,-0.75092273751532446,0.66032169102218341,-0.0095029810110216217,-0.14609849128948268,-0.152076496767939,0.97751110989785095,-2.0262526238623666,3.9228379551252619,-2.4706069955915058,,0.538250423706242,0.5870307167235495,False,2
0.97879343912994043,-0.20462047953865165,0.0096882851710979514,0.20269252920073694,0.96055694418056337,-0.19038407389460713,0.02965033089853689,0.18831042546781898,0.98166187739859623,7.6632335270245333,-8.7481191196686616,-4.821538157386442,0.1773979457594133,0.1512785198738325,0.7684210526315789,True,5
0.72256951013064952,0.68970525059819143,0.046903841280218607,-0.67080628604053905,0.71593222061938633,-0.19354581392397358,-0.16706953533799118,0.10838691238466502,0.9799694115561296,10.424760699248923,-17.023967637956112,-6.5172590591066779,0.183485428576385,0.210267473296927,0.9583333333333334,True,4
0.97733693434145197,0.20960546163519536,0.029632199121042556,-0.20132153883280079,0.96358865904979574,-0.17597310633335239,-0.065438175204123608,0.16601941634433273,0.98394888008607495,4.4422839708183481,5.7093212509972044,-2.2517142169393698,,0.1783257161847905,0.4095238095238095,False,5
0.82124060631779061,0.56562137983982452,0.075075436747854038,-0.54895911261225439,0.81912821869864172,-0.16635159756238174,-0.15558842892308572,0.095401341707984061,0.98320436572747305,1.7301417987868279,-10.045363971512282,-4.9546639651629194,0.3520626092830814,0.2346506921377501,0.9390243902439024,True,6
-0.20342452193205715,-0.97849720348826896,-0.034083524500146872,0.95217601167524868,-0.18960645913375926,-0.23960432684944552,0.22798970737059987,-0.081194910064586262,0.97027216795735871,3.7931039687665518,3.721457306154889,-2.6036062558070725,,0.1057588888263628,0.3855421686746988,False,5
0.42100943726241491,0.90608419636545667,0.041981934599897165,-0.88355511657706509,0.42012931782665097,-0.20693407711878345,-0.2051375385112981,0.050027846238653306,0.97745373542395753,3.1420780963351276,-3.328192037146382,-3.8210241663325784,,0.07753254713402215,0.3132530120481928,False,5
-0.85904512214299145,-0.50800921153436418,-0.06299300848957945,0.4962395584482297,-0.79623010922782811,-0.34606923265460682,0.12564942798692183,-0.32854870895390226,0.9360918582549923,-0.11174223991845555,-6.4125080702701256,-4.3254442394264574,,0.1915388940273784,0.25,False,5
0.92124225530809656,-0.3877800223497429,-0.030649001636007808,0.38393731144552884,0.9191080786415432,-0.088501303130681747,0.062488782311949827,0.069763844807196343,0.99560441845287417,3.7776902088066571,-6.374457777614956,-4.3800770580256643,,0.3923151224949096,0.5918367346938775,False,6
0.045469184784276348,-0.97898950845438126,-0.19877649652638002,0.97089545958405987,0.090146559045919061,-0.2218909742446446,0.23514795298728472,-0.18290199623959616,0.95459535928971473,-6.3843881697380489,12.02172745409198,-1.0062746290899698,,0.3348571653753639,0.1153846153846154,False,4
-0.33626771609441358,0.94104764350184111,0.036787984074691749,-0.92006162754854404,-0.31992894004666728,-0.2261240253341987,-0.20102394042842836,-0.10988542205519702,0.97340360046302465,-3.9921378354983221,-15.623755207298599,-6.031047370747677,,0.2750183848747282,0.991304347826087,True,5
0.99500562366905843,-0.098369422640862791,0.016948910178833317,0.099702009193781485,0.97119502258244095,-0.21642490030912348,0.0048288952846349785,0.21703383330806794,0.97615213822945379,7.4597204400290771,-5.0151055025189413,-4.105050805745269,0.2382162815427162,0.2183040092080695,0.9538461538461539,True,4
0.69376100570128574,0.71920174127000858,0.03800687204348898,-0.69935907048503088,0.685346421689914,-0.2029708668926315,-0.17202487465089514,0.11423282203911579,0.97844688403117996,-2.7627952062646428,2.8240146543746829,-2.6347693405140618,,0.2423369435634314,0.9537750385208013,False,5
0.99550941704201334,-0.094399752208726179,0.0070489264148427995,0.094110446718012941,0.97892480666054094,-0.18124416328025175,0.010209035175119296,0.1810936489431742,0.98341286645703352,17.037840755377989,-7.9383575581319583,-4.9989614411309216,0.1864506654195349,0.156269159530812,0.4,True,5
0.99942236656883032,-0.029315801337057006,0.017190607724150247,0.031412045490425436,0.98992451765484724,-0.1380678555780688,-0.012969834234362976,0.13852809512075598,0.99027357344430256,13.770621508162147,4.2349245869914034,-2.6042549107491673,0.1706819591211893,0.1783981455666875,0.5625,True,5
0.12241839563581547,0.99045159573705588,0.063398524524403227,-0.96698063833783321,0.13341630503856289,-0.21713713323522643,-0.22352221699354247,-0.034723566230667496,0.97408012630302376,-17.181270291596714,8.8019005839319728,-1.3391993440913592,0.2058556966699202,0.2313831073797859,0.8947368421052632,True,4
-0.34087799198724195,-0.94009399328709675,-0.0050476097577016876,0.91211077658379758,-0.32942118491677463,-0.24399920935882086,0.22771940149764855,-0.087777939788698717,0.96976229431134531,14.505808863560542,6.955536532359412,-2.1148702759776263,,0.1442578152706537,0.3478260869565217,True,4
0.98218795153954785,0.18651972795207311,0.022742447872485992,-0.17916354917732674,0.9661096032938814,-0.18582964529246518,-0.056632592177400042,0.17844502096731207,0.98231874867338465,-5.3220845815789195,4.9622421174901312,-2.212385830415756,,0.2609389687788358,0.7484276729559748,False,5
-0.48780986378595237,0.86997853545477288,0.071964467906737578,-0.85334947741911116,-0.45786266451244823,-0.24931195285042418,-0.18394620458618188,-0.183027670841134,0.96574565260466427,6.4271021817520051,-4.6140136383781059,-4.0379916112569507,,0.1074910285881489,0.1794871794871795,False,3
0.99799997008495311,-0.061236340672018406,0.015689814898001669,0.063113142159521324,0.97926513879099331,-0.19250069931148023,-0.0035764503610570229,0.19310592567230392,0.98117139709281065,12.278068074665418,8.3057167012900432,-1.823244894374122,,0.2675482394605507,0.9375,True,5
-0.6961978996385928,0.71280432255598236,0.084961651845524622,-0.70251947158898354,-0.65221145894198318,-0.28475709800302779,-0.14756312743076511,-0.25793450829673387,0.95482716386400257,16.215888997497323,-6.6705369582038445,-4.7306145655343119,,0.1954369003776656,0.4054054054054054,False,1
0.48643277503999249,-0.86651507500126268,-0.11195883244500292,0.85787559715553086,0.49796647423355034,-0.12680240669817,0.16562794200234823,-0.034365903668652317,0.98558935134928438,5.8178416345329413,-1.2845946779368638,-3.4472325787289071,,0.4436077358077941,0.678714859437751,False,3
0.68185350135987255,0.7035122381640867,0.20036549961667557,-0.71201858129314788,0.70109765330536733,-0.038621502081099435,-0.16764648095494186,-0.1163297523553829,0.97895967544141471,5.7800221237096121,16.000664175390867,-0.45273049700320561,,0.3701695221616439,0.4333333333333333,False,6
0.97658995149001226,0.21420896119326391,0.019661830871978266,-0.20649473187953432,0.95916323154302907,-0.19330240806035789,-0.060266013263984855,0.18471712481639757,0.98094219577140651,-5.0896142911043301,19.47881431109268,0.14039884774945782,0.3178599212922893,0.2970920524123818,0.8703703703703703,True,4
0.98377297843695699,-0.17904949297473091,0.01148938478648988,0.1780281332901088,0.9661954217785903,-0.18647356566369738,0.022287006405516084,0.18549308881892546,0.98239279483610642,11.154087362643805,4.0678708425218328,-2.6214164406373248,0.3166556809299948,0.2707260037812549,0.8584905660377359,True,5
0.96293181093663016,0.26781921999012492,0.032174413595032175,-0.25727650266326152,0.94771019036906223,-0.18882318779217266,-0.08106249850370939,0.17354613356257301,0.98148388212024085,15.643976459049433,-2.7371286830618455,-3.923214502734365,0.1729269651465838,0.2060741485783816,0.7627118644067796,True,3
0.96282997600025566,-0.26840401104465461,-0.030293962607906531,0.26235067672742018,0.95596326885415639,-0.13155360512863951,0.064269430805111327,0.1187161128778156,0.99084606514189177,5.1692604791164563,-5.5054104784384377,-4.2295910584540861,,0.1438383584877083,0.125,False,3
0.88344540405972272,-0.45855190734033924,-0.096199617048569858,0.46003900434057488,0.88786767934507882,-0.0074228336717218346,0.088816285280837071,-0.037697907752586177,0.99533438362190207,5.6260953551130717,5.0142274923713126,-2.4257296921784226,,0.3143617331224891,0.5277777777777778,False,5
0.99888802470676374,-0.044829890473738254,0.014594348821825153,0.045219167520087714,0.99859751897884763,-0.027535830804260336,-0.013339452245528094,0.028165155944947902,0.99951427353709488,10.054788438975159,4.096548570013776,-2.6033806500782317,,0.4581853099442588,0.3230769230769231,False,6
0.5079136490499,0.84323206774231318,0.17602103578788567,-0.83793873071741287,0.53102402865430598,-0.12598477906256755,-0.19970580530497392,-0.083505454449251032,0.97629116067119948,6.7364620632457317,0.81831399542752303,-3.1358589105078627,,0.08944662801706438,0.3375,False,5
0.53304954339466926,0.79548719829105929,0.28819837203179383,-0.81554514179037274,0.57377277575975572,-0.075305534318975589,-0.22526496840133811,-0.19489720149860223,0.95460503605373759,11.233826111127945,5.8251091223102485,-2.3030770354720871,,0.3215389842564278,0.1095890410958904,False,2
-0.003393783826991072,-0.99241145137209952,-0.12291457772314304,0.97495542300812721,0.024049662156551674,-0.22109621637920288,0.2223744710581213,-0.12058658688128893,0.96747530701612305,-23.313013166376663,9.1859943848529415,-1.1804554701515571,,0.2612366200273016,0.1785714285714286,False,1
-0.20183696407424306,-0.97114310809130788,-0.12705472655531833,0.95325152135637425,-0.16499827884974219,-0.25315431066521576,0.22488525288477801,-0.17221100889135027,0.9590463969233044,1.8921275929189743,12.828260064772715,-0.97627073249503526,,0.1959287640303706,0.2264150943396226,False,2
0.63643323591180112,0.76816912426268058,0.069777738257553554,-0.7492092067045254,0.63715552004792009,-0.18088230389300003,-0.18340747208336111,0.062841386060226101,0.98102632960691727,5.6835158245613053,-11.488822907624437,-5.3811638950236604,0.155453687764734,0.2084081993193502,0.7870370370370371,True,5
0.99686138284834824,0.077240922763544259,0.017355783944107965,-0.072396034591083597,0.9781380684172285,-0.19494802714697868,-0.032034318490721643,0.19307966999052154,0.98066000401524756,-6.6383384653008797,13.49311099631888,-0.75183794221198019,0.4166701901910549,0.3394109958137856,0.9285714285714286,True,5
0.10741364532068498,-0.97455618859919213,-0.19672962171960187,0.96798971380014165,0.14766037967537968,-0.20295892749825517,0.22684404946138956,-0.16863169197140332,0.95922110573465802,-14.948598308044147,-7.6267850909215902,-4.4470472921669568,,0.2663132512898839,0.3035714285714285,False,4
0.45289847587010551,-0.8904573276926826,-0.044370239045348876,0.86805148423181677,0.45176256311419288,-0.20590582141220429,0.20339516040819447,0.054738780831333891,0.97756538123832071,-12.72314074646847,-6.9375417373439427,-4.3311399850806716,,0.2762999047183257,0.4324324324324325,True,5
-0.77833292290044764,-0.6223090626500376,-0.083242367054749078,0.60491689496258461,-0.70777347594742301,-0.36487293258630238,0.16814699318772122,-0.33434733031524932,0.92732866417090465,9.1903436725784626,-3.2137975670754559,-3.8076176998359785,,0.5412011145374709,0.459016393442623,False,5
0.80494598649115745,0.56833904867410001,0.17044848073244129,-0.5560299313467244,0.82279445774855853,-0.1176435112737353,-0.20710546655830997,-7.778480329231896e-05,0.97831861868779235,2.2942250667290858,0.35823496355386064,-3.1191773673319494,,0.2333913867669972,0.2288135593220339,False,4
-0.17877164723211017,-0.96495627980316123,-0.19209392550094284,0.95804308541967731,-0.1262675744274423,-0.25731293424108248,0.22404049773526047,-0.23003451418570681,0.94704275387011061,4.4899292335120107,2.0633334433690411,-2.8631553127014979,,0.2979583501273472,0.1919191919191919,False,6
0.0073658998113336482,-0.98913207417819149,-0.14684509985668381,0.97497688403820193,0.039732350044330768,-0.2187268066587055,0.22218420085849788,-0.14155945815064702,0.96467357209419136,-1.8260856202701579,4.227848297877129,-2.4486945345524345,,0.226318816605281,0.183206106870229,False,1
0.93620182177544231,0.35038259709378816,0.027535151318930532,-0.33857080751833252,0.92011332291770609,-0.19687884925944285,-0.09431838209346298,0.17499573892855316,0.98004108799382594,2.5030533495564011,2.8667293071843574,-2.6709991906028083,,0.2707511837626737,0.9854721549636803,False,5
0.62727948171750436,0.72934634638324358,0.27308306215075617,-0.7568712861674517,0.65352777240820925,-0.0068779987200020265,-0.18348380852665824,-0.20237430100825221,0.96196586961283326,7.0332557547216012,0.98116463814141164,-3.0931783875120678,0.1600910260941281,0.1182363794609242,0.36,True,4
0.46807752478700837,0.88137532559495058,0.063882440636387289,-0.86103650395940279,0.47114896597715172,-0.1914021700713685,-0.1987952958161632,0.034585940655919203,0.97943057082690055,7.0710299456397516,3.6135001224446377,-2.6188411894526018,0.1016206858155977,0.1280402948950204,0.6548672566371682,True,5
0.9741402507364203,-0.22111010062215858,-0.046487582191850729,0.21354121135951606,0.96819920860522102,-0.13034739547584065,0.073830366017619414,0.11704962989725183,0.99037793856417344,3.7245444747221921,-9.505936623032925,-4.9032930132382448,,0.2458288634742798,0.5,False,4
0.63002549376104033,0.77539762518264599,0.04273640219146517,-0.75528616211444721,0.62462309591332243,-0.19846612146682774,-0.18058430310961859,0.092760502978205539,0.9791755708541976,10.161505893488034,-5.9621385834266238,-4.3098093304917473,0.1641881740306817,0.2032666155162151,0.8769230769230769,True,5
0.99426119954416814,-0.10624925451387815,0.012480504646736739,0.1066891204804114,0.99338287483202048,-0.042519355140767517,-0.0078802697992123218,0.043606879110016032,0.99901768825290393,10.393970382857745,6.7885722347139144,-2.1190232185258839,,0.1853653626801006,0.1621621621621622,False,8
-0.75585904175193663,-0.64452520639280664,-0.11517103510065496,0.63594002714417952,-0.6808700226718114,-0.36331294238266465,0.15574784389424567,-0.34785524367357079,0.92452114014288289,3.1883552929366781,-2.5617078484940805,-3.6862857839017438,,0.09473092350695425,0.3020833333333333,False,4
0.98632459408199291,-0.16465110909334049,0.007335351615644161,0.16335903252123252,0.97074448447175965,-0.17598003398506459,0.02185455565137704,0.17477173152998882,0.98436640548897758,5.4838139735115377,-1.0841286526104303,-3.4267877195060938,,0.6869163945442731,0.6864864864864865,False,4
-0.62753950145113713,0.76900425860942345,0.12176462687919554,-0.74967521111892044,-0.55458229776157519,-0.36114478099966241,-0.21019336800256272,-0.31791653818268562,0.92452572857529314,9.1434612319374242,-5.1188363021403553,-4.130105479253114,,0.2065733184900167,0.1818181818181818,False,3
0.062736942880398133,0.99553688387728123,0.070500984659323487,-0.9731070517561321,0.076705424314001971,-0.21720714468750232,-0.22164553192092615,-0.054978093098264347,0.97357622580811221,-0.45324565138430062,-16.909994260225687,-6.2660015618792633,0.226448065063747,0.2186970794468985,0.9529411764705882,True,5
-0.065898579370652036,0.99710804477761072,0.037853986272271045,-0.97387334394660363,-0.056008057662331294,-0.22007682164906445,-0.21732024108948303,-0.051367738091767118,0.97474779727688809,-0.83077514002187558,7.1209014344645079,-1.947687813511934,0.1570010169284266,0.1897150953451133,0.6964285714285714,True,5
-0.75406520045084147,0.6375989987196734,0.15764894639896102,-0.64336795657971413,-0.66875776626896843,-0.37261336865628325,-0.13214895351638511,-0.38240105502810784,0.9144977239982145,1.1510732819146567,-6.2992728469254917,-4.2997498748666558,,0.5669790043079459,0.5555555555555556,False,5
0.80482352076416774,-0.59345054980256684,-0.008691683599920251,0.58170451416555724,0.79163147401497891,-0.18692101954645285,0.1178089921193754,0.14538244147043156,0.98233649381864785,-12.961135814247351,-1.1284047826023953,-3.1701578201904224,,0.3594058800994372,0.9897435897435898,True,5
-0.31364692127818405,0.93003863022900246,0.19145170423498153,-0.92622386605974172,-0.2552554663526263,-0.27740583418243098,-0.20912904799205639,-0.26433462349617654,0.94148406683654084,6.3244268949429987,-3.5525754765037441,-3.865672947410824,,0.3231596013393662,0.3617021276595745,False,7
-0.77094179445621513,-0.63234465829789122,-0.076085364445164921,0.61770405611450108,-0.71323285317883345,-0.33127118227529739,0.15521098099143507,-0.30238903794367827,0.9404628759877619,4.7760985456469482,-15.239772130586077,-5.9762851427677122,,0.3537446355190942,0.4523809523809524,False,3
0.76495068289929802,0.63726160484826522,0.093531276683857384,-0.62594149551395017,0.76974590573501711,-0.12525368177398438,-0.15181467954601138,0.037267782203837946,0.98770613822328246,2.9169853812795106,-0.028790305883042655,-3.2176819081998835,,0.3795883744733024,0.1879699248120301,False,3
0.88474997465451621,0.46463606790668044,0.03648022408170945,-0.45296485884306703,0.87566969966937525,-0.16740792613919828,-0.10972838740323108,0.1315898988568858,0.98521255550095443,-13.284339201565315,-13.744407133074269,-5.5810634376438921,,0.1837050247747919,0.5277777777777778,False,3
0.9964275908955279,-0.084335376383722585,0.0044272330353086684,0.084414292727709728,0.9930630318295266,-0.08185378425477724,0.0025066482428992287,0.081935090796086379,0.99663451556266192,-16.802254466309655,1.4180767330968385,-2.7371434972481983,,0.1837567985480619,0.1818181818181818,False,2
0.91176505243999639,0.40939075011259252,0.032919642636884155,-0.39654047212036458,0.89834566079614775,-0.18902573290240635,-0.10695860470130339,0.15929308663900749,0.98142017985640007,-2.6129495315092686,-30.87558377563073,-9.1590132471400683,,0.3359991678460449,0.94,True,1
0.92627613790391561,0.37341681389287745,0.050718827390801607,-0.36342569527537549,0.92075999056589164,-0.14185486874516715,-0.099670860151880231,0.11296425485608648,0.98858727321435447,-9.6562330808424406,-15.584603384861698,-5.9600877181175322,,0.1597311346455785,0.1,False,1
-0.167802005582288,-0.98559749068731073,-0.02097792347775939,0.96048586505709999,-0.15865933494322426,-0.22867907307160454,0.22205717720460236,-0.058521806074751229,0.97327581304873345,-23.999876519037723,-20.112024680536301,-6.7643987081884429,,0.1167544389698508,0.4285714285714285,False,1
0.8921972588051631,-0.45164162716870171,-0.0019728124495264482,0.44617545026631628,0.88206005445693081,-0.15131929127208749,0.070082229988802897,0.13412643639433799,0.98848296904901334,-18.254565727904012,1.8736701488300658,-2.6344935858092922,,0.1646600222592363,0.4,False,3
0.97754436170684933,0.20909604251652769,0.026189041583766004,-0.20180668626349202,0.96467535992446374,-0.1693384520242121,-0.060671923280033825,0.16025072529799761,0.98520993842275484,10.368107359088258,-13.840725868746789,-5.8796140928302023,0.1282509599641243,0.1507600786782722,0.9795918367346939,True,3
0.74966318653033803,0.65464800303542414,0.097165317284051367,-0.65067702623042301,0.75588210862850025,-0.072537200051181694,-0.12093185807351316,-0.0088447711707646225,0.99262140603848736,9.3163708251340687,14.574792500908208,-0.69086578469149695,,0.2521041675068356,0.2105263157894737,False,3
0.69942028299319248,0.69758903428749375,0.15550179092076646,-0.69397036435978676,0.71488880358423001,-0.085668733504437364,-0.17092805834054475,-0.04799518467254163,0.98411384560943005,12.373943682298666,0.54065825251265998,-3.2122033048799916,,0.4557807925299519,0.293103448275862,False,1
0.94482305192989169,-0.32587484901306329,-0.03339136598878744,0.32359964247210626,0.94432213220673555,-0.059489343721781357,0.050918286831048966,0.045401469196892974,0.99767030358778985,2.7727492144308852,-1.7622930291039447,-3.5280006348676292,,0.4459388943491823,0.5267326732673268,False,2
0.65718732978304784,0.75285219230476952,0.036309642170219529,-0.73219364580019386,0.64910332263709913,-0.2062943081892904,-0.17887783155675671,0.1089883162700474,0.9778160707894773,15.607055809895535,-13.300096269651197,-5.9063383923970045,,0.1488315938731565,0.75,False,1
0.12683586354609902,0.89109416667238528,0.43573369142282631,-0.96659907822674729,0.20966194877757943,-0.14740450877089992,-0.22270807279871555,-0.40248360632109614,0.88792345444472121,-7.3110196722590812,20.606615081118516,0.36407978559864113,,0.3064283624153227,0.103448275862069,False,1
0.56096105452561995,0.80948830020830453,0.17335335915803476,-0.80486151790286986,0.58229454823528681,-0.11459055848782621,-0.193702432366228,-0.075244607257486523,0.97817054585285568,9.9823650535383006,5.9096402121728273,-2.2293239674512364,,0.3431800077848307,0.1428571428571428,False,1
0.98452785790245456,-0.17259416541310885,-0.030267987699167987,0.17386824841238335,0.98368135298562898,0.046269082359304325,0.021788281437835386,-0.050815842546540042,0.99847034054010375,7.4568320558877881,15.045229907826327,-0.61306914360269782,,0.2117161833895921,0.1818181818181818,False,1
-0.060336255705609167,-0.98875107297809783,-0.13686070265817102,0.97290495406882882,-0.02759510817685832,-0.22955273980730082,0.22319383189451758,-0.14700280844041186,0.96362580274444398,14.468562922306738,1.9174873894916658,-3.0054937199318754,,0.1325694289226679,0.1612903225806452,False,2
0.93363758890322923,0.33740450485112927,0.12032893539431529,-0.34521250339244014,0.93715269973078008,0.050726175578639371,-0.095651346506410911,-0.08889891727954144,0.99143724078634232,-9.8240857547710032,-13.475346192574932,-5.5324856986887019,,0.5044385777705098,0.1739130434782609,False,1
-0.93288900776441808,0.35879652401447532,0.031355279419096271,-0.35397316026006154,-0.89730035973687705,-0.26373294491127941,-0.066491360399862781,-0.25713249263988613,0.9640859817573193,9.8404378865508004,18.476406408179429,-0.13732088601662282,,0.2672074159492018,0.625,True,2
-0.47279489165977123,-0.85792144089916089,-0.20108652780813854,0.8572231196841511,-0.39496604863322121,-0.33040935747347044,0.20404292072845073,-0.32859187706419035,0.9221680241843323,7.8406042057959668,-6.3287325846296811,-4.3643697373002475,,0.4595305195721852,0.3043478260869565,False,1
0.95264517457601383,0.30152367838292943,0.039378201221807942,-0.29226963823080065,0.94366844849506148,-0.15513967217756292,-0.083938250669610359,0.13628400745998237,0.98710741025745219,-29.117562564637552,-8.9046410807420138,-4.5174964488319569,,0.3000394110196777,0.8148148148148148,True,2
0.76842740972826029,0.63059719343825527,0.10893344576442765,-0.6207603265646664,0.77588118653609328,-0.11253888813504613,-0.15548611816379115,0.018856404936771445,0.98765809015631278,10.509992949095047,3.2242132563920087,-2.7732298535461872,,0.3041849966242467,0.2,False,1
0.72029075675691012,0.68539680223223187,0.10682906542879798,-0.67336678655872362,0.72785404425902489,-0.12963664996968144,-0.16660851265808124,0.021440936211231172,0.98578998258465256,2.0683129465807033,-7.789058015224442,-4.5576861851787784,,0.1377258614804312,0.1142857142857143,False,1
-0.88286968811061317,-0.46709849735463016,-0.048580938489452032,0.42445587266841939,-0.74942081045417308,-0.50813941100400939,0.20094358903125006,-0.46924134795141137,0.85990361750604538,8.2645044945410184,15.551881626338096,-0.52602029859931176,,0.1774801361454165,0.1,False,2
-0.64475064030598173,-0.763741488615443,-0.031552343692575535,0.74264576392194726,-0.61609739405801689,-0.26249051480712293,0.18103557980080731,-0.1926731418812398,0.96441857056145364,-0.86207390309399212,-2.4159168836965526,-3.5793391698605226,,0.6156397166923417,0.5649157581764123,False,1
-0.9943238296811957,0.10481614446791949,0.0182673913572995,-0.10621617516475758,-0.96792287142405142,-0.22769154377707754,-0.0061843238506775408,-0.22833942023465742,0.97356194631128146,-22.882349214395688,-20.735316029216456,-6.854839035794277,,0.2344817581291604,0.8444444444444444,False,1
-0.98007433288907486,-0.19739991276172797,-0.022081133433279245,0.18906830507094607,-0.89303063334930211,-0.40834968338097777,0.060889063300692381,-0.40438788599735193,0.9125584691563372,17.695339671404501,0.58718772194320934,-3.371315054491046,,0.1885816686477137,0.35,False,1
-0.93344389725873889,-0.34937522539529275,-0.081359956676524084,0.34570573509825386,-0.81558299543639368,-0.46401715730689919,0.095760301746566051,-0.46126058734189274,0.88208198891850109,-24.376075308006151,8.989896344906569,-1.178151666196515,,0.3409190382790757,0.1515151515151515,False,1
0.95541172086874726,0.27644009334876268,0.1037753266241359,-0.28365944708207474,0.95688314969171429,0.062545630679975595,-0.082010741416659858,-0.089193680411740792,0.99263222074789503,-31.797408400230896,-8.2243557511864633,-4.3450933600902415,,0.2671207695526053,0.1428571428571428,False,1
0.76451198789846952,-0.64148079860343876,-0.063433472099710911,0.63134524108532886,0.76500637280022143,-0.1271551655810983,0.13009460756863928,0.057163227674293007,0.98985239227039234,-12.063969133824182,-6.359493299067795,-4.2370023785751219,,0.1645500793455718,0.1363636363636364,False,1
-0.94672006150482868,0.32002064667384839,0.036165050072492946,-0.31729547544862674,-0.90758226156740718,-0.27498730833989593,-0.055178858307542711,-0.27181100822196846,0.96076743773154261,-9.6587050061878941,14.823153973141567,-0.4210610046186985,,0.1529336843018734,0.2941176470588235,False,1
