axis_00,axis_01,axis_02,axis_10,axis_11,axis_12,axis_20,axis_21,axis_22,location_x,location_y,location_z,dbh,dbh_approximation,score,reconstructed,number_clusters
0.95532441643134325,0.29531734198451465,0.011955203608257223,-0.29082486089336518,0.94646328213328401,-0.14010052055522959,-0.052689274586660062,0.13036457761482884,0.990065107579718,-10.668970161945527,-1.888604045331929,-2.0856991101653777,0.2841703905230936,0.2573524784952327,0.9635416666666666,True,5
-0.31439768983289113,0.94858731205125524,0.036554124844077614,-0.9321047820675783,-0.30118256901025298,-0.20117091084731259,-0.17981870835509409,-0.097319944203433525,0.97887387368636358,-9.5470758613376479,17.537916274315073,0.70371658343135002,0.281420349689282,0.2064525695755706,0.9375,True,3
-0.086971315760519571,-0.97517116740503595,-0.20365948172570711,0.98144353772501425,-0.048803185914637344,-0.18543686608220686,0.17089345362737857,-0.21600797046979761,0.96131991771773162,-13.872343483067905,5.0613779552438558,-1.0999509652588919,,0.4902836515274807,0.3333333333333333,False,5
-0.84040541550476078,0.52866047073530198,0.11931824785924464,-0.53424219747767332,-0.77109469543325515,-0.34640762853742563,-0.091126351976241124,-0.35486768993052231,0.93046488951431028,-9.1436853867658066,-4.7484084563262767,-2.5032244251286779,,0.2883274708163899,0.2551020408163265,False,5
0.27625006617979253,-0.96001768356326389,-0.045298434647182209,0.94169546287089201,0.27979567269458061,-0.18687973873527192,0.19208215987966357,0.0089682098108760863,0.98133786998604677,13.092833563089572,-18.163119522347298,-4.8787501756831428,0.3224684658047023,0.2645593243905124,0.9122807017543859,True,4
0.98903223143110131,-0.14760605741534116,-0.0052627943827700443,0.1449579339117763,0.97688917034202138,-0.15708197307299759,0.028327417574592825,0.15459625054565818,0.98757154512003764,-5.659786200560541,1.0552911804598675,-1.780656822054417,0.2199877999063599,0.2033780359078376,0.8743169398907104,True,5
0.9999065397404997,-0.013397576141418619,-0.0027233688172486805,0.012799450302390249,0.98736822083662135,-0.1579245723561751,0.0048047743065115934,0.15787495506082985,0.98744742275647446,-6.2187568519558845,7.389953085333854,-0.84519938770212411,0.3309526894562272,0.2795987322322377,0.9828326180257511,True,5
0.80832049874219181,0.58846338318358982,0.018133338503898682,-0.57892100554946391,0.80006105751661516,-0.15733014199126799,-0.10709080561267209,0.11667540828091583,0.98737956655771941,-2.2625553403170673,-8.0462820264476935,-3.0079730504940718,0.2755432247789188,0.2542467657219195,0.9977064220183486,True,5
0.86218453908004045,0.50622696900735031,0.01928928254152823,-0.49847134913412861,0.8545359005053198,-0.14592706685177101,-0.090355601175231517,0.1162009061805916,0.98910728171370244,-20.504383093456227,-0.92723995765060296,-1.7197626848606853,0.2551115456453446,0.2329622386817329,0.5,True,6
0.82706342576086389,-0.54375920282431134,-0.14245005831017946,0.55235859739764204,0.83318312885883949,0.026567906690293824,0.10424044152637454,-0.1006568583299924,0.98944536343424361,4.318640755292618,11.149326149055886,-0.49691941453037103,,0.2536445394765713,0.2409638554216867,False,1
0.40161487131193985,-0.91413204702332829,-0.055390393986984886,0.90043948773157845,0.40518614776459716,-0.1582179338551046,0.16707550411351801,0.013666977157567867,0.9858493747325644,6.6236284561352425,23.872183567285958,1.3387822275990007,0.2185907262184697,0.2217942159485051,0.3870967741935484,True,4
0.99308881651568026,0.11735255712984576,0.0017262232102984408,-0.11621682286854647,0.98531751174560378,-0.12507218367723644,-0.016378418538626236,0.12400717068999571,0.99214614297674686,-27.112129630240364,10.442919875246824,-0.026569490742829042,,0.1973060256957232,0.76,True,3
0.20790276468578991,0.9781232823841608,0.0071613472224054875,-0.96180435679582377,0.2057560032077404,-0.1805459675333331,-0.17806970456699298,0.030648190844013545,0.98354047639810549,2.1398277860994637,-5.0194176061120119,-2.7187639509225177,0.3113362534501584,0.2886565559837394,0.9934518241347053,True,5
0.015633936023102219,0.99953670928262195,0.026114111910843028,-0.98294999638907843,0.020149476516057939,-0.18276570574054238,-0.18320721777030305,-0.022811518857702408,0.98280962040685604,4.9471414896912824,2.4589675517850695,-1.7983113384151217,0.2651086467222605,0.2260607944059204,0.9508196721311475,True,5
0.72506958228409391,0.68823079821865452,0.024748115679468365,-0.67736459595410026,0.7191864628429081,-0.15475152927013619,-0.1243032782926872,0.095442129307873907,0.98764340475642876,-10.350264620505127,-13.800552113160187,-3.7857001878043928,0.1729920110928363,0.2125903784080877,0.9594594594594594,True,5
0.89534907030958411,-0.44525414973608241,-0.0099390360981815758,0.43801716156806686,0.88439483671586139,-0.16120402898866332,0.080566795068542432,0.13998040910471093,0.98687105368394545,-17.05753308992206,-10.719714209585939,-3.1353150550544759,0.5339572568638962,0.2320689025537362,0.9807692307692307,True,4
0.70045085212087244,0.71344402573904564,0.019137029560700167,-0.70170239876503404,0.6933237383423847,-0.16406077355156179,-0.1303163356242816,0.10148800908582029,0.98626458756322355,-17.185475090153425,7.0173800614326236,-0.70029892326092813,0.3067728596312246,0.2647691504013184,0.9629629629629629,True,4
-0.68013495806720736,0.73284480454096401,0.018839619747624874,-0.72112815502362271,-0.66419607630980271,-0.1970222227234516,-0.13187351078645299,-0.14758748142027406,0.98021799232664375,4.3541211373915463,-17.715795105902266,-4.5827051278411828,0.3125755281363011,0.2789105334953247,0.96,True,5
0.96506205360292119,-0.26193946499586751,-0.0065535771445793447,0.25922068039456708,0.95809501470944314,-0.12189578189867184,0.038208265486526255,0.11593817087822994,0.99252126878063451,4.1712912428863902,11.360881854937661,-0.46399363146488265,0.305544433287363,0.2634437297978218,0.5321100917431193,True,5
0.99851189833717446,-0.054474202422688432,-0.0025593259860626719,0.05341833289150219,0.98644677918753465,-0.15514262322660041,0.010975909537875202,0.15477504030350051,0.98788876717415164,-3.342375768725089,-11.448976868913912,-3.5159452025583131,0.3168259576085244,0.2866191098484568,1.0,True,5
0.20440112277958297,0.978531135163064,0.026400729590887823,-0.96355663003732372,0.20588125269295499,-0.17079675202033351,-0.17256535491680125,0.0094724498449396313,0.98495252219402607,-2.0674329908087117,20.418320149346048,1.1150543332121923,0.2585825545295038,0.218041796896013,0.7352941176470589,True,5
-0.69863044374592576,0.69125965559217906,0.18459575190657018,-0.7041700628226204,-0.61860779002889343,-0.34852392276564648,-0.12672815668097076,-0.37347622503467293,0.91894258995766054,-6.4272108954555005,8.8711670321244824,-0.60686799361289379,,0.2507409189395498,0.4705882352941176,False,5
0.97245827084825576,0.23298721588723603,0.0064706021307440699,-0.22960091973420221,0.96236247983271472,-0.14540245894563164,-0.040103978805454563,0.13991216760290054,0.98935143212138188,-0.47869242623751668,12.963103560954529,-0.11632183734906246,0.1827161867907498,0.1695030312232907,0.8688524590163934,True,5
0.90790975022254916,0.41910257316514693,0.0072745183470487688,-0.41219828571247069,0.89583503167252876,-0.16604869552026097,-0.076108203937088198,0.1477586856825428,0.9860907220427737,-12.022519130842081,8.7668165074132336,-0.52414506456943388,0.2886549791483212,0.2156988676136151,0.926829268292683,True,5
-0.99908704240614354,-0.042346466425468805,-0.005644331441371872,0.039522371317460434,-0.86602042597553708,-0.49844418339327934,0.016219243557829739,-0.49821220235400199,0.8669034188212581,-7.3324534618810651,-14.847889238296968,-3.9827482035738049,,0.3930705707987995,0.3333333333333333,False,5
0.9703656999151179,0.24148519653582581,0.0086780344719949876,-0.2377999678599754,0.9607027092042858,-0.14318337827185199,-0.04291367747045545,0.13687660275444852,0.98965812880224602,7.0359134431531771,-16.756918420617101,-4.4631662368821168,0.2531356600173186,0.2304686689414157,0.9876543209876543,True,2
0.275655207980186,0.96084328003821617,0.0281850584317778,-0.94509606198916496,0.27625829420557368,-0.17457029671510366,-0.17552105265743217,0.021483623717356952,0.98424123769835936,-4.7600697950971789,16.740945259224944,0.5928831317834824,0.159875781160477,0.2066176949634312,0.88,True,5
0.50333799879400809,0.8635144478071638,0.031522331740077666,-0.8497345017183735,0.50126854813871868,-0.16334356196779917,-0.15685067918077517,0.055431408742600899,0.98606552691255756,4.6736092045981614,-16.257798150243772,-4.3907918272444819,0.1405952761725419,0.09581627968508523,0.65625,True,5
0.8519243777077532,0.52340084838167111,0.01662547986090494,-0.51542159439358814,0.84370218950423825,-0.15002398294448469,-0.092549633710944684,0.11923995697375252,0.98854256254390438,14.452661704378285,-16.256057418653349,-4.6155596700813692,,0.2124363003782513,0.9180327868852459,False,5
-0.32736248880422408,0.92476927011389221,0.19399896385528367,-0.92876250655597736,-0.27713590299245738,-0.24616234010996454,-0.17387928956538443,-0.26076328024776552,0.94961492423753679,-7.9086951613980636,-14.87426512976374,-3.9678116009115483,,0.1749460957715851,0.1363636363636364,False,1
-0.56340302998907277,-0.82566551721064296,-0.029214371265107082,0.81394716887882979,-0.54864941767175179,-0.19098121049618388,0.14165815215959884,-0.13137834744633972,0.98115885449248186,-22.878004993596843,-6.0482504238494528,-2.4524553068741466,0.1679833575392574,0.2214583669076505,0.2,True,5
0.83583914868584142,0.54854636613175778,0.021674910098347537,-0.5398434788251687,0.82846710899513232,-0.14903445132984078,-0.099709256812331878,0.11286777005368082,0.9885944216861845,-3.8838389145918493,-5.8159302911427622,-2.7137213522778243,0.2556359421755853,0.2344944011852411,0.9720767888307156,True,5
0.97279148843218499,0.23131008450924931,0.013128779007127243,-0.22829421458719304,0.96668075098764528,-0.11580188796379426,-0.039477482441396483,0.10965386666363562,0.99318556066115016,-11.193670263425092,-7.3920234191440635,-2.7976378776544264,0.3732203352694135,0.226869140359683,0.7244897959183674,True,7
0.96424332014868908,-0.2639404003538619,-0.023880632522544062,0.26108043052499191,0.96152699700627398,-0.08545667220868565,0.045517341151681365,0.076166259519166252,0.99605565736325297,0.62780831562333272,18.12479845648426,0.64700018068247822,,0.1871544228824661,0.3714285714285714,False,8
0.11472208345510818,0.99238146266167204,0.044920776186512412,-0.97646430060841638,0.12096481252152635,-0.17856366867016135,-0.18263710796285187,-0.023378338202521536,0.98290240619191338,7.1549225330579231,-14.322986078983588,-4.1028011200194507,0.2617316238121287,0.2423109888586653,0.7547169811320755,True,5
0.20866630562709151,0.97669531939570264,0.050245656195001875,-0.96118077094132037,0.21429327461454165,-0.17381000554520509,-0.18052672508132644,-0.012026866819822207,0.98349654600608949,-6.7615842219734059,-0.29443298505305188,-1.9344465070254548,0.2069097836937828,0.140798016644088,0.7395833333333334,True,5
0.94688773230356127,-0.32105414558910939,-0.018106849893497839,0.31614080631291808,0.93973858748059591,-0.13017825388209586,0.05880997361703727,0.11753987748853764,0.99132525651429981,-1.1285032075648236,16.015258132167467,0.39961506076962033,0.2198122255644946,0.2076023155194126,0.7027027027027027,True,5
0.82634191825635217,0.5629977817193722,0.013875586887662395,-0.55374644649833937,0.81675795272651774,-0.16208429797006238,-0.10258609614793299,0.12625349277169359,0.98667935442071253,-2.5862134949147748,1.2187397116635719,-1.7541528579137402,,0.2176623181220287,0.8946459412780656,False,4
-0.99997535787718683,-0.0064708722329305766,-0.0027223980123312532,0.007013650631897312,-0.9040735875469571,-0.42731926823487421,0.00030388024967826013,-0.42732783212952541,0.90409669369170609,-6.5812668592605652,-14.292292313984486,-3.8886118428160885,,0.390895313169642,0.1463414634146341,False,2
0.68573781018188829,0.7212163138936265,0.098034097438794543,-0.7195230533050051,0.69203064093282152,-0.058139210286620072,-0.10977354621944219,-0.030669538369510637,0.99348334055816434,-12.018554466517116,-5.8051585949368461,-2.57592027680812,,0.2531291717865721,0.1891891891891892,False,4
-0.89537849717340789,0.43636550294374132,0.088783414217664725,-0.43752430978384493,-0.82495992064220269,-0.35778989320854293,-0.082884408350784852,-0.35920227891073631,0.92957188946184999,4.649641839943822,-16.024448936006458,-4.3732889072635395,,0.2375511097469016,0.2307692307692308,False,1
-0.58025559914987757,0.81244091984940214,0.05694902465779373,-0.80171039289798363,-0.55748011620124915,-0.21558377944456475,-0.14340113519277817,-0.17075032004215773,0.97482328789936246,0.97247645248021453,18.502518260127683,0.68249721192794388,,0.1971110159867294,0.5454545454545454,False,5
0.66669705843255911,0.74491171352263053,0.024931332378171824,-0.73287652260937552,0.66128056208304187,-0.16000006505975395,-0.13567252811591035,0.088399984547022942,0.98680211179685007,-22.98675642709048,3.9758880014325073,-1.0055586023965226,0.2330047426724787,0.2425762633737513,0.9302325581395349,True,3
-0.072115785923139358,0.99588865999277232,0.054818704093480448,-0.98111112043483573,-0.060939673173920267,-0.18359554894538535,-0.17950009130858272,-0.067023377498126979,0.98147215145869238,0.91157432851606179,25.184058128693746,1.6493144887680824,,0.2021136049776694,0.3076923076923077,False,4
0.84730224032121271,-0.51325524395762945,-0.13655756330810659,0.51099741374200425,0.85789545404807088,-0.053824093792992897,0.14477761116842722,-0.024175286423290615,0.98916884242818492,-19.135402497925377,11.279588283054336,-0.012150281030325887,,0.2642717919211287,0.2244897959183673,False,4
0.9866314929866008,0.16270283037480626,0.0092782560353025165,-0.15969604075760524,0.97660915864243614,-0.14398515833951914,-0.032488022614110351,0.14057859098645881,0.9895363500866885,-19.077378999674988,10.084820991675814,-0.17870715133554418,0.2843376696953892,0.270589167076448,1.0,True,4
0.14076974552542454,-0.96264674011535878,-0.23129014784460414,0.97411095611369813,0.17641308984533932,-0.141372794095878,0.17689466900944883,-0.20540125480749113,0.96255836217838986,-2.782059202013746,-27.369444292429641,-6.1024213078614284,,0.2974996090536767,0.2580645161290323,False,4
0.29836106542690688,0.95383670377011942,0.034296022776341195,-0.93874129755501523,0.29975306578979766,-0.17003786582506905,-0.17246869542629464,0.018537585888446128,0.98484054902678608,-13.449123177615894,-16.480368278905441,-4.1758029016508527,0.2019662672045699,0.22299247471593,0.631578947368421,True,5
0.79233004700888754,0.60973173077908993,0.020983638579313235,-0.59961439849688236,0.78460819214005884,-0.15764694079470237,-0.11258627679301811,0.11232631618566305,0.98727257075745911,-9.184442945362095,-3.8957081237868847,-2.3910391085688469,0.249212155463971,0.2289867640157256,0.9369369369369369,True,5
0.91833092873251321,0.3935991974886614,0.04180881569193759,-0.38820077213450754,0.91624671586835027,-0.098955122023247993,-0.07725584668782591,0.074643334576808995,0.99421320990811779,-17.124664534209959,17.681884419866879,0.9497712911331424,0.1868653078920326,0.186046671054784,0.8076923076923077,True,4
0.78702730283637523,0.61655274704429064,0.021230513470936924,-0.60654452805460191,0.77961932903787656,-0.15587635252838039,-0.11265771201795864,0.10980169353279688,0.98754839274853212,-6.3740078580590538,11.964923471462424,-0.11398196081839879,0.3079448358355121,0.2476342298166462,0.957983193277311,True,4
0.62457411758040915,-0.78040554291874764,-0.029569582857177111,0.76821423540790357,0.62074988980133394,-0.15657733816961208,0.14054913790309262,0.075078378334417828,0.98722296212222027,5.814684005110303,18.442306872647375,0.58670810091853043,0.2610337014937038,0.2292415102382866,0.9615384615384616,True,4
0.6208918336004049,0.78256922633519921,0.045593167925194272,-0.77072048407585181,0.62004140485315096,-0.14676032056934007,-0.14311976241669738,0.055982696084223404,0.98812077771137363,-11.491771892458543,13.404630252734886,0.18453666159293142,,0.305687523335391,0.7288135593220338,False,1
0.91752460920107926,0.3974838187493957,0.012458143633976682,-0.39160693054543178,0.90852514506214721,-0.1456917044261265,-0.069228631787668721,0.12879702877862509,0.9892515968744281,-5.3728325799628802,25.004087247066284,1.7997408159386656,0.3595241428692233,0.3640231269873754,0.7833333333333333,True,4
-0.32282204900269529,-0.94561125139323621,-0.040066019470604688,0.93045083512947491,-0.30932413102488049,-0.1964174772584289,0.1733411898094748,-0.10068735374524423,0.97970142835009455,-13.19081384403581,17.791163229362414,0.8732755374339688,,0.1052676132096492,0.6666666666666666,False,1
0.5536384309845046,0.80848674942493326,0.19958372614348976,-0.81873516727097717,0.57224805095981879,-0.04695629932662955,-0.15217494409652133,-0.13740940352462119,0.97875504709412708,-16.568478037561725,8.0216833201172211,-0.55939100057023139,,0.3474924893059805,0.3333333333333333,False,1
0.91416825788281508,-0.39600759255992618,-0.086454513557083321,0.39714547267010514,0.91774534837477928,-0.0043530534220331818,0.081067069868961589,-0.03035559538780095,0.99624628883199062,-14.242033909276506,12.779831686543774,0.14208108249446544,,0.2134298269011707,0.2727272727272727,False,2
0.21937216649359376,0.97491852331682294,0.037546310892706193,-0.95911200903548277,0.22254967770207076,-0.17485935799557334,-0.17882954647324564,0.0023481585229935403,0.98387726849425872,-4.6381644658441736,-28.225689880473261,-6.1791505308215591,,0.2418417450060056,0.95,False,1
-0.29078979938271493,0.9462762249884652,0.14143054336507732,-0.94045728118081284,-0.25549351211321847,-0.22419448597600872,-0.17601532560818239,-0.19820285388872003,0.9642272729296828,-24.985489472780674,7.4138206282699048,-0.53901954259748264,,0.2437176075895836,0.2142857142857143,False,1
0.21854327469876914,0.97462683823961116,0.048387635476391834,-0.95863311619084968,0.22369583874355362,-0.17601909064370785,-0.18237704248659739,-0.0079182013030650207,0.98319678420037826,2.4768469992473476,21.986999582050295,1.1910762437706057,0.135950898680091,0.1320498043993078,0.3571428571428572,True,3
0.2552039499658213,0.96458951705668372,0.066618372137095941,-0.95051524980103663,0.26291199579373536,-0.16552354020932486,-0.17717704088711889,-0.021079517359484046,0.98395322558055354,-12.380519853906508,24.490275383651394,1.8876983055763847,,0.179494418171202,0.9166666666666666,False,1
0.39422329704555015,0.91509677361174335,0.084769611252581215,-0.90348913684062482,0.40279429511851239,-0.14650643477664663,-0.16821228158942242,-0.018832173144871445,0.98557088916887292,-17.084610461419736,-7.0746082547755478,-2.633460568891056,,0.2188921488779223,0.6153846153846154,False,1
0.34545268803561635,0.93717935493497351,0.0485520031783825,-0.92256903031764037,0.34863064783290704,-0.165296871387138,-0.17183953162103216,0.012309674052305023,0.98504804314154648,-26.765390805251794,-7.6165587058018502,-2.6416986297584897,,0.2212184516722856,0.90625,True,1
