axis_00,axis_01,axis_02,axis_10,axis_11,axis_12,axis_20,axis_21,axis_22,location_x,location_y,location_z,dbh,dbh_approximation,score,reconstructed,number_clusters
0.13387845583242367,-0.99097805874956524,-0.0062486911324677284,0.9808618431563948,0.13340603890993288,-0.14181986257996934,0.14137398524398223,0.012857521507065484,0.98987275972062672,8.3043654867833308,13.41754946033724,-1.1120398586362654,,0.1159726426619172,0.6,False,5
0.92776477764796039,-0.37044265091510614,0.044997330352140229,0.37315739459985553,0.92017851578466381,-0.1184274374618545,0.002464997216747717,0.12666389174236878,0.9919426305575334,17.367362809556159,-5.3527289810688776,-3.5766971261071179,,0.2860971212308114,0.9903846153846154,True,5
0.77900573908531212,-0.62606356373755945,0.034561143389265095,0.62604999165765263,0.77356237285338836,-0.09829884664068228,0.034806126150431257,0.098212369209086797,0.99455661684830099,22.062804833866398,-8.2925335277403072,-4.1622957144682289,,0.2374013189836466,0.9883720930232558,True,4
-0.04726799678390315,-0.99075865613657677,-0.12713387341885699,0.99159197326462745,-0.031192309522626419,-0.12558820957322364,0.12046200661287437,-0.13200123149838297,0.98390272885367636,7.8486021283349912,-1.2064212754323547,-2.9370689211360319,0.6238677323144307,0.319573693431445,0.3214285714285715,True,6
0.94238953492337263,-0.33216902137634008,0.039568999289761139,0.33451635887980385,0.93608055381444222,-0.10886690228092488,-0.00087755837811441528,0.11583150697599746,0.99326848932348677,16.076526279336143,-17.684786102020713,-5.2532052657022374,,0.3253161793625887,0.9857142857142858,True,5
0.54505302743445094,-0.83821987392860309,0.017453946134213326,0.83343099291169054,0.5394406348429277,-0.11998575554828475,0.091159077105757144,0.079945258967467125,0.99262217294892774,-16.299644488290522,-6.8344482190311782,-3.4403316147221843,0.2415413847829699,0.286301855211229,0.926829268292683,True,5
0.066924537158901579,-0.9711957382844334,-0.2286918106627806,0.98764181091249281,0.097038573466347949,-0.12307383392544405,0.14172071007286971,-0.21762893465201363,0.96568777932552852,-11.728510665110196,-8.8500704281292606,-3.7625244355785696,,0.4869493325206237,0.2531645569620253,False,1
0.99436860227555424,0.086946928589435632,0.060591372466920715,-0.080302538507887516,0.99126787991730225,-0.10459202911047631,-0.069156237012656843,0.099137388774977672,0.99266771531521503,14.807789452979943,3.5103324901281914,-2.3698673264766499,0.2610964972530496,0.2284621023697013,0.9117647058823529,True,5
-0.97656379471892485,0.19022225515834548,0.10069085602301624,-0.21047347221729973,-0.94182876801811499,-0.26202955792481575,0.044989691452243977,-0.27708133350327663,0.95979261420740203,7.5889693929971518,-0.35156848712201799,-2.8239941148126251,,0.1592087141413701,0.2253521126760563,False,3
-0.76736568462052102,0.63831998737489803,0.060807070185870032,-0.63838389281663643,-0.75164754885117335,-0.16580701944821577,-0.060132449302824069,-0.16605287116979825,0.98428173432057053,17.050277676317187,-5.8901527858898808,-3.6780406532502763,,0.2426318914735943,0.2916666666666667,False,2
0.99806998589697515,-0.0046019035163449894,0.061928391999480359,0.0057391610861536775,0.99981791733090153,-0.018198742102935261,-0.061833367057295453,0.01851903529151068,0.99791466571557741,14.848938535962562,4.394228593026849,-2.2309477412892629,,0.2456712105108781,0.3611111111111111,False,3
0.78579477844807255,-0.61834649108005013,0.013197845761137098,0.61846421940485197,0.78577094135615766,-0.008126317505816133,-0.0053456037724783044,0.014548013240568742,0.99987988270144756,-1.7170228340081577,15.017973248453922,-1.071184261946325,,0.2455364331653898,0.4166666666666667,False,4
-0.17050629497049391,-0.98521688324363843,0.016592056747895219,0.9731923854097918,-0.17101520502727094,-0.15378680252180049,0.1543508482510986,-0.01007435462801241,0.98796473774269633,-9.7084611081499528,-8.5839380803643266,-3.7435063582740344,0.2375865958599271,0.1931490234446354,0.8922155688622755,True,5
-0.90007723296061948,0.43125424682738273,0.06229566035690072,-0.43555819203850998,-0.88645989979867346,-0.15645417027702138,-0.012248920527949524,-0.16795422186498765,0.98571869379840182,8.75085777949187,10.944289466902477,-1.4521374737737724,,0.3387918709289441,0.9760479041916168,True,5
-0.34865189041457245,-0.93715879418402037,-0.013238345587656006,0.92559646455523958,-0.34206099373957355,-0.16206622524368525,0.14735346658014631,-0.068758061676059634,0.98669107872796991,-18.785135996918566,-8.0603438549252377,-3.5947876127379246,0.3073758066134397,0.2138527429764009,0.8823529411764706,True,3
0.73821880894979519,-0.6737724996663087,0.03261301590105832,0.67212800368704884,0.73059287544112861,-0.120324548677022,0.057244534869376015,0.11074596628356494,0.99219876747530344,16.206287010906596,-9.6749296162550067,-4.153514793962291,,0.2904072791701294,0.956140350877193,True,5
0.27974492504268617,0.9572633523763876,0.073414243236452487,-0.94745449738130638,0.28761704991469067,-0.1400228838094168,-0.15515396322619976,-0.030385963790696007,0.98742287845669874,-0.64624057157809378,6.4806321316642492,-2.0412849367097792,0.2878188598861685,0.2519401834112714,0.920265780730897,True,5
0.33823565162178637,-0.94066442422873831,0.027332854999113376,0.9335200572554142,0.33171390900912895,-0.13603744069825971,0.11889889265184395,0.071528480763262223,0.9903265773298553,-5.5286384881670454,-6.2974812947484562,-3.4933610505279771,0.3136228484509308,0.2896165737931887,0.968503937007874,True,5
0.12029670070576068,-0.97024128854658998,-0.21014410721874133,0.97874826918802493,0.15132571513317158,-0.13839202831406278,0.16607386718191031,-0.18903007681024581,0.96782596612219407,-8.590718244970617,-15.135894174919592,-4.4846343261794948,,0.4060011695184774,0.3255813953488372,False,5
0.9085406867174326,-0.41587437366335805,0.040029063305638331,0.41758332182862135,0.90084042240849749,-0.11878847875722327,0.013341285904715627,0.12463963528906331,0.99211237841557998,18.610214604089201,-14.719221937289197,-4.9853237029574817,,0.2852553748851984,0.8939393939393939,True,4
0.01213567769172131,-0.99231668291242525,-0.12312727618462094,0.9890605623489066,0.030016054928039878,-0.14442382231689363,0.14700996338013086,-0.12002765206500604,0.98182556159774859,-10.393770774218543,5.263744207991274,-2.3293323367498577,,0.2042831860068744,0.3684210526315789,False,3
0.36929512587688529,0.88584560029095794,0.28088909279060448,-0.91511548897646977,0.39927476223113989,-0.056065194912928329,-0.16181703198036163,-0.23634135628454883,0.95810125324552597,-1.4924578573403871,0.93298619614771772,-2.5677000119581028,,0.5748880880344474,0.5423611111111111,False,5
0.079178524532457592,0.98759599552748412,0.13559096898739179,-0.98553714608196974,0.097994612646560189,-0.13825190626120037,-0.14982421348189381,-0.1226833546587616,0.9810716077556233,-32.721088747211304,-6.3889690537452841,-3.0814079202929037,,0.2096436617336758,0.2727272727272727,False,1
0.94150141748224159,-0.33324552975251492,0.050224473903606182,0.33698964418388722,0.93253196202715172,-0.12970011376481641,-0.0036139440705936741,0.1390379685472819,0.99028045659323105,-24.280387824856447,1.8107054408434975,-2.3865249488154312,0.2685677277512292,0.2311087261801853,0.6216216216216216,True,4
-0.85083824306336409,0.50985940679520669,0.1269553836719291,-0.52374504023917723,-0.80366217373889437,-0.28252122632846016,-0.04201686525324521,-0.30687211636724887,0.950822847448764,-5.8219800169729039,-7.2809596773033629,-3.6175618528233313,,0.2432418432846159,0.119047619047619,False,5
0.86295245292817169,-0.50380585200000128,0.038635831501380238,0.50470363326642298,0.85576852939098769,-0.11372979676257702,0.024234408450022945,0.11764305162030424,0.99276019554197414,-11.872286495538008,3.5150386251936725,-2.4636928950706394,0.3292775214810669,0.2956240228265271,0.9325842696629213,True,5
0.79503742957184365,-0.60557817689856974,0.034504452524281297,0.60470828167331114,0.78688437445711223,-0.12304826415252997,0.047364328935468485,0.11869310384114114,0.99180066920982113,-11.766664838959404,-4.914049053974459,-3.3136255918453985,0.2313297788297925,0.2156780743388017,0.9247311827956989,True,5
0.99817121696359823,-0.023916707935761929,0.055517679228554898,0.031181968821020273,0.99050020065424771,-0.13392922505689311,-0.051787126255993146,0.13541544810475079,0.98943456073089309,8.4286811056965707,-0.64881881961697951,-2.8288863934737463,0.2620023591271347,0.2331870805988991,0.9404761904761905,True,5
0.48546275049589116,-0.85655640889815798,-0.17503438592589865,0.8686140838842924,0.49527482869406103,-0.014574544243997872,0.099174044783985671,-0.14496193444335884,0.98445444099949275,-7.7462569610816256,4.1341193560685241,-2.3184706590144071,,0.4651769075511843,0.4583333333333333,False,4
0.97265639077008104,0.22448162602451571,0.059561271573977705,-0.21607143519586325,0.96868053482884497,-0.12235667671240173,-0.085162670146722713,0.1061415141266263,0.99069737992607398,-2.7824494002814362,2.048582984319069,-2.4316685165274254,,0.3720703043142058,0.9746954076850984,False,5
0.90194093634069361,-0.42977807603776214,0.042347995349863221,0.43166826581571149,0.89427960867813094,-0.11801054948666596,0.012847398200759433,0.12471883121553053,0.99210894437037644,-8.4271586551106576,10.771060050121346,-1.6530363622116295,0.3456929295556121,0.3157460878130396,0.7575757575757576,True,5
0.29183144734273098,-0.9560468064037051,0.028441348546136135,0.94831736696424074,0.28534197112755205,-0.1388313042042475,0.12461371455765186,0.067486765208588567,0.98990755056511448,12.150234754452608,14.808720362809412,-0.96204390031554354,0.2841317818793477,0.244821338297845,0.7321428571428571,True,3
-0.12704660417715927,-0.99133952648568058,-0.033243098444610542,0.97926845673363272,-0.12002773006027537,-0.16317669460773643,0.15777341351945509,-0.053284962641664296,0.98603664371193367,-28.116095250476157,-3.7556232821935209,-2.8757629438646872,0.2386099111358723,0.2108838090449873,0.9411764705882353,True,4
0.93086992895673581,-0.36367473437571202,0.034955156140925078,0.3652793712521521,0.92452734702565964,-0.10872058470835905,0.0072219319931473985,0.11397312042078285,0.99345758415738916,-13.188346846138755,-9.0040297500306004,-3.7302240391396988,,0.2186439259085546,0.9433962264150944,True,5
0.93777236140139919,0.31472204488353928,0.14674138017603525,-0.33792191918619857,0.92438604198207575,0.17697237615579647,-0.079948575504261044,-0.21554693190355534,0.97321515885327425,-9.0006456160989057,-6.3576796970986909,-3.4581210375330547,,0.3580572842217752,0.2452107279693486,False,5
-0.067093889600991288,0.98947178396882851,0.12823415577666911,-0.98738833439646667,-0.047375129329949403,-0.15106248448487522,-0.14339695629957622,-0.13675227914194196,0.98017147840237784,23.298592674268448,-11.893226481707313,-4.6870791930191107,,0.2650516388816935,0.44,True,3
0.80749485840471746,-0.58869550316095054,0.037278119695378614,0.58851318535275954,0.79972962226650435,-0.11867923969854667,0.040053518146304257,0.11777154082184602,0.99223262386224442,-2.4960896333757137,13.109719641709216,-1.2475109370224005,0.3069538724077353,0.2685616038395325,0.9705882352941176,True,5
0.010126419638827832,-0.99113143678442317,-0.13249879487355806,0.98405209385149262,0.033410707074157796,-0.17471462800606971,0.17759203870611104,-0.12861648288789299,0.97566329649001193,-5.4431187110097135,0.3706569724944922,-2.645515334119044,,0.2860643528716079,0.4120734908136483,False,6
-0.073245424210249641,-0.99711992575317343,-0.019671336971484585,0.98603654387421735,-0.069445255190092647,-0.15135815364945027,0.14955614991316224,-0.030482949292481919,0.98828323259356321,20.422276845620388,-17.525900657012034,-5.4156157934193141,,0.2119409415153047,0.3333333333333333,False,1
-0.41733951148659959,-0.90243635525896737,-0.10694090358248071,0.89438821527158519,-0.38705036614782368,-0.22419128985788972,0.16092685461238238,-0.18921056728350796,0.96865985190510417,2.0747394598367062,10.259583922796667,-1.5952121413966416,,0.3307269464205492,0.3260869565217391,False,6
0.19984129250516636,-0.97885950750399975,0.043560559901038617,0.97097988611602659,0.19187962191058425,-0.14275948813847492,0.13138309848672597,0.070825668118829607,0.98879836476783711,3.0290327677118012,-8.0118590851025608,-3.7762821552035111,0.3317735007083485,0.2628014808383721,1.0,True,5
-0.48766512608064055,-0.86568923590451308,-0.11298173146050026,0.84765980469906699,-0.43853948645451091,-0.29858997692111711,0.20893917847615884,-0.24138199116602221,0.94767038259008274,7.7060046062178662,0.038291916595323827,-2.7547612602556022,0.5823055194921645,0.6824564573413043,0.2382671480144404,True,4
0.88945678375826176,-0.45543901536464343,0.037972794341369874,0.45673730432534698,0.88291602671274383,-0.10885919626469803,0.016051936457118079,0.11416914231728575,0.99333163761077869,-24.115478223367109,-2.7284355182821125,-2.8311961187506318,0.3082073522308754,0.2882755540946409,0.8275862068965517,True,5
0.92421186621726037,-0.37973247494646523,0.040443464419375567,0.38177798448561245,0.92121766939104288,-0.074857038171697532,-0.0088315856624160173,0.084624187279806001,0.99637380034900558,19.239180063478607,2.3176614483247939,-2.5588845292493687,,0.1395404016066248,0.3571428571428572,True,2
-0.65224849172853172,0.70338327858936012,0.28253118135657085,-0.75528363462276693,-0.57151745037541979,-0.3208027979731537,-0.064175823398534323,-0.42263431866953699,0.90402527418975287,-9.2470070913660685,5.3955537038450352,-2.2753125843113815,,0.362655333316254,0.2551020408163265,False,6
0.89798270369120015,-0.43910922392422769,0.028463192654811346,0.44002893645699714,0.89628429477276439,-0.055217732878242984,-0.0012644967245783317,0.062109197453770325,0.99806855908784275,0.59481356310056488,-13.974942705988827,-4.452617689935793,,0.22942323164344,0.4285714285714285,True,5
0.25477961698373336,-0.96648191544484485,0.031623628629352828,0.95850590026109395,0.24808195724935597,-0.14043426096220349,0.12788192184313493,0.066091221848244161,0.98958484449809236,-18.866781705013743,-3.8131318165354715,-3.1564096800330725,0.2327506588384752,0.2346839946372405,0.9175257731958762,True,5
0.53789917582642321,-0.84214027364075683,0.038265338852876675,0.83789639960680173,0.52909418606585934,-0.13412295030032784,0.092704369752526605,0.10420701408051429,0.99022562986685503,-6.9316404562646738,6.7096594145442054,-2.0442606691045726,0.3270204016628455,0.3024205037598972,0.985781990521327,True,5
0.24017897337093067,-0.97072860245110548,0.00020281471810957782,0.96220122187256885,0.23804147453203733,-0.13230670818045878,0.1283856276123673,0.031972437910448653,0.99120880435791203,9.997651652919842,6.9206267633476628,-1.9031934125261221,0.2473920911802329,0.1847950634241488,0.7368421052631579,True,5
-0.3266108257447643,-0.94257066498069886,-0.069899284861628025,0.93242375717172121,-0.30922827022184485,-0.18698613306172712,0.15463280883465633,-0.12624744913640656,0.97987258152193235,-4.4275405978502977,7.3974186581627324,-1.9364593997783739,,0.2447376308252136,0.2045454545454546,False,5
-0.80861814975509227,0.57744886249252902,0.11264767681907846,-0.58656306316555529,-0.77642477584214165,-0.23045246882669956,-0.045612068759181675,-0.25242301532262101,0.96654133927056807,10.995703505743188,-14.921090978585889,-4.735580419318854,,0.1924858906164388,0.3684210526315789,False,4
0.96592803748550315,-0.25285679052847798,0.055194835655543395,0.25827062412449464,0.95550840325377118,-0.14247798435468145,-0.016712603440191143,0.15187868446581371,0.98825783785972821,-4.6490129386557566,-9.2265500865039911,-3.8636698872371631,0.2448384344877236,0.2460694323451514,0.9705882352941176,True,5
0.026505317248960322,-0.99940570306798271,0.022038802887677317,0.98945376623011194,0.023088020893103123,-0.14299716005671412,0.14240334494167561,0.025596561613418944,0.98947769221089144,10.882017362503833,-6.0615741226491462,-3.5671739015069632,0.3741463614480801,0.3157467366557864,0.9959349593495935,True,5
0.85945317338950755,-0.50667633085013386,-0.067965715673063837,0.51007539758816212,0.84105538475266628,0.18013586137641721,-0.034107646151332389,-0.18948597714551613,0.98129085032890484,-1.899997863705212,-11.798223847684222,-4.2118238283534266,0.7524472334118106,0.5496761452183323,0.1948717948717949,True,5
0.56064432866547298,-0.8276675327007682,0.025384878338596577,0.82396571615534586,0.55456873388495098,-0.11633579843647282,0.082209703416630225,0.086139275073956065,0.99288548682810585,1.7955288285816433,-12.960719169570893,-4.3364985072628039,,0.1080547447043415,0.4313725490196079,True,5
-0.76082047220784166,-0.64893788060231428,0.0056423566721218333,0.63424522593954802,-0.74537958496030776,-0.20528581952315397,0.13742344211352875,-0.15260701636483814,0.97868580050693166,11.301659604229965,5.2460956389627524,-2.1240045138753438,,0.09158253676625845,0.125,False,2
0.43802473879991599,-0.89868121251613908,0.022503476837773644,0.89300538509959482,0.432108381363706,-0.12579240413619347,0.10332332932300844,0.075195910964365426,0.99180132314483682,4.2237975768002167,-17.131859171547337,-4.8571095225622436,,0.272304861180808,0.9848484848484849,True,5
0.25424254812113539,-0.96661231874555309,0.031958597813678088,0.95880760686698152,0.24758593342092206,-0.13924503074114297,0.12668346276796874,0.066044158117391033,0.98974212269645323,21.842022187091228,-3.9742169759442909,-3.4902756803522288,,0.1568568964210908,0.7058823529411765,False,1
0.64081745272463242,-0.7672971930356115,0.024657855607982462,0.76396004218006464,0.63420840214732654,-0.1189317308289411,0.075617764022395353,0.095051145208277885,0.99259620871674059,-5.0730526187212774,-13.871693558501136,-4.3806461496184319,0.2903078591942032,0.2774811057017259,0.9559748427672956,True,5
-0.11172157203891205,0.99132388739892396,0.069247675870314412,-0.98402547438265631,-0.1006409427913823,-0.1468511709182142,-0.13860792223802737,-0.08454792076892037,0.98673172290471622,-30.265275173905319,3.3168678848158599,-2.0511597429961377,,0.2791868532036949,0.7333333333333333,True,1
-0.53823394806558567,-0.84237158860605554,-0.026726837804792052,0.83047226481829606,-0.52469407199133633,-0.18711479948075113,0.14359677753105543,-0.12290743478920192,0.98197440290276194,-6.6683700214924322,-5.6357669728966986,-3.3942839671690019,,0.1923885965923342,0.2079207920792079,False,5
0.97854946685860267,-0.20297311255004449,0.035254169859632173,0.20552270566361558,0.97361228019693735,-0.099194482237812825,-0.01419007989588765,0.10431224008460313,0.99444336098195185,-18.83884297522232,7.5686587980158668,-2.0558872018134626,0.213855359655552,0.193012607331139,0.55,True,5
0.45283883208278458,-0.86493527847402085,-0.21638843825160131,0.88569909403014679,0.46425464085786444,-0.0021779063598278414,0.10234308473011935,-0.19066880314567147,0.97630492189424123,7.9692878805620779,0.60773008155911512,-2.6907905244961383,,0.5182265985852148,0.7623762376237624,False,3
0.40004135910993993,-0.9160586271329576,0.028346122428899702,0.90978229822495194,0.39318337272236664,-0.1330526409027282,0.11073879554157158,0.079015359709024319,0.99070353390510146,5.1991703177518067,-1.5819137457177956,-2.98163371983224,0.3485575859140608,0.2639634056874487,0.9895366218236173,True,5
0.58464694870387612,-0.81121012422781735,0.011228522678300972,0.80679633078424196,0.57990015194231859,-0.11311717115610857,0.08525037245861157,0.075192739859413826,0.99351820610802244,-9.4072437973785679,-13.038121091444975,-4.214690908177106,,0.07450086765403928,0.25,False,1
-0.67392407040093893,-0.72958580035656972,-0.1163224279848703,0.73594962743172554,-0.64913158947779426,-0.19237028207376142,0.064842063641869133,-0.21525041105674492,0.97440380095860046,-18.700789865523056,10.540251451150132,-1.6771789767620511,,0.1919347764775585,0.3043478260869565,False,2
0.95740508446755146,-0.28618502283127772,0.038387979143757578,0.28856033486814436,0.95308370352515948,-0.0914570238721477,-0.010413326868247752,0.098638667782098441,0.99506882970059307,-21.213044194933939,-0.32261553038198115,-2.7108039595009794,0.2391241950722657,0.2222643227582725,0.9113924050632911,True,4
0.99173904018739301,-0.10743854710117523,0.07007592143509693,0.11330545206433174,0.98983569487668732,-0.08594865723490705,-0.060129449529217976,0.093178622788570142,0.99383207512866034,-32.272341361547696,-1.5425658381184335,-2.482411797434172,0.3431673848628941,0.2192006674643922,0.975609756097561,True,2
0.085598163879554864,-0.99623034228782703,0.014073359425843365,0.98652608670805353,0.082770785602857402,-0.14112149834515236,0.13942465558481365,0.025963477343489826,0.98989224830750688,6.1298008376149884,-11.270372184747261,-4.1818452583283312,,0.3367140469275466,0.9812734082397003,True,5
0.83652660696378933,-0.54707887262683996,0.030462156309060427,0.54694443441704954,0.83040931672485518,-0.10617039303296877,0.032787520520252432,0.10547546549746395,0.99388123268136497,-8.388232874112715,-0.28764034711679304,-2.7368004015992899,0.2830965266578808,0.2544888029413521,0.8803611738148984,True,5
0.94402421469798925,-0.32987376780762961,0.0012567323674271789,0.32967949147814002,0.94332301295525911,-0.038119891496798411,0.011389247673147102,0.036400419522455096,0.99927238253442674,1.2179244874368129,-11.836357854350318,-4.2370777256396766,,0.1790711076726055,0.234375,False,5
0.12032658131916482,-0.99176567538561644,0.04384471410505747,0.98311025281090969,0.11290889167492281,-0.14403406888236164,0.13789758752824791,0.060435315070348813,0.98860094479331562,5.864175736596124,3.3319971058010567,-2.3757412790492816,,0.2337492257186815,0.9831223628691983,False,5
-0.46496853150830503,-0.88199262480266238,-0.076767665724050582,0.87498513575474268,-0.44459102597157313,-0.19167637265400647,0.13492693176406204,-0.15629404793290516,0.9784512730154129,2.5861146669960395,8.6878606140475281,-1.7634460166741006,,0.267162948609281,0.1704545454545454,False,5
-0.60038727680182735,-0.79862365211536412,0.041657894046680896,0.7839438521297496,-0.59804454599270851,-0.16665760623609518,0.15800998247723416,-0.067401656435832402,0.9851344386159947,-13.622311635068284,12.373702419549492,-1.5473680913286749,,0.2239439068251644,0.5,True,2
-0.53668076334191894,0.80417456532587761,0.25549369217589507,-0.83714279774958045,-0.46954093159506205,-0.28057663789568477,-0.1056678495794267,-0.36446478847726416,0.92520253108467154,-1.3020416102213435,-12.460240774113425,-4.2728382359909656,,0.3610895051212136,0.3468208092485549,False,5
-0.26538757968758658,-0.95091540578721012,-0.15915188840887468,0.9515767227453783,-0.23177262586343789,-0.20194848508848173,0.1551488745583762,-0.20503985207006184,0.96637854166281911,-8.1572384327480805,-14.189151448307857,-4.3705380716149067,,0.2662502653515127,0.125,False,5
0.49402108025558916,-0.86864569339775921,0.037387586236977452,0.8637656935215422,0.48542824173088656,-0.13516008591781042,0.09925723630219925,0.099066046007634204,0.99011813414867988,11.3130988079788,3.7191279864730507,-2.3510690198859141,,0.2681843607885513,0.9647058823529412,True,5
-0.99820988199914529,-0.013591260747697046,0.058243532778665244,-0.0092163777528578607,-0.92724930639811942,-0.37433111300735011,0.05909390713405209,-0.37419781054342494,0.92546415853026842,-11.648922974260206,-6.6709575918733801,-3.4694662745010181,,0.2036813091095873,0.1176470588235294,False,2
-0.34383909291450659,-0.93700900583215996,-0.061553238526968944,0.92597298716933696,-0.32743678758806322,-0.18804036047270767,0.15604071653394011,-0.12165226312501672,0.98023059616609476,13.580212656393247,2.3147437368357804,-2.4981830520131698,,0.174800254205811,0.1333333333333333,False,3
0.7077151192292056,0.64989466122838657,0.27708525641259268,-0.69180556777274993,0.71704375059524916,0.085166402594693852,-0.14333306113041278,-0.25196267390059801,0.95706344854865644,-7.6326655175150409,-11.291401975435807,-4.0639363739435614,,0.1332195866520964,0.3846153846153846,False,2
0.11606820482643269,0.97370867872288103,0.19600913450171908,-0.98205573134543389,0.14203748904782038,-0.12406406504938441,-0.14864290215128612,-0.17809200061971919,0.97272222497242833,-4.1977654575149161,5.41740042263904,-2.1794083813346901,,0.2839022602731947,0.2660550458715596,False,4
-0.054127991621826251,-0.96026824515600884,-0.27377921372519637,0.98679516074208729,-0.0095234510596015343,-0.16169296402723793,0.1526612958774613,-0.27891611861797189,0.94810354261341079,-8.3628224915831098,-11.704832623486356,-4.1161107350720236,,0.1542947916804708,0.3,False,4
-0.20123059344061425,0.96942518139990796,0.14043171269800736,-0.97291594685104066,-0.18115496036071813,-0.1435877456458301,-0.11375767502231726,-0.16552249999460533,0.97962313844103077,13.178619055378981,7.9090589327046237,-1.8230145589565714,,0.1146982345104918,0.2,False,3
-0.39624152439103177,-0.91318661699165216,-0.095304023501693369,0.90429920460167212,-0.37019790908503802,-0.21259458287041996,0.15885717769447211,-0.17042215424177126,0.97248171522067162,8.4125286326993205,17.075767407544358,-0.68267520899970313,,0.1761186172236948,0.2131147540983606,False,4
-0.97368690799712176,0.21858456768042217,0.064456124355792677,-0.22786374279386659,-0.92953659002513356,-0.28989626165995863,-0.003452522987193115,-0.29695540839730716,0.95488510592039988,-0.65733709285295971,11.478647984247734,-1.4334354285967335,,0.1719912400572133,0.1785714285714286,False,4
-0.067458415733944607,-0.99772037873351926,0.0018460786843987539,0.98447770460226147,-0.066863300404296014,-0.1622742992593324,0.16202781022938245,-0.0091293438366385239,0.98674396060649061,13.053494989396548,4.9010806698228686,-2.1799048619698795,,0.1951359804209344,0.5333333333333333,False,4
0.028508852790961093,-0.99787968583054532,-0.058509639541496308,0.98906735127021861,0.036632481609691007,-0.14284199642412687,0.14468247980960905,-0.0537977127566606,0.98801456777635344,17.579234583727487,-0.89045470802442694,-2.9613563725150884,,0.1834658133498737,0.4,False,2
-0.36034765206506231,0.92628929199899579,0.11017130833024223,-0.92692257417652701,-0.3423065969293877,-0.15375543951543469,-0.10470965157596283,-0.15752568433948244,0.98194783346174741,14.51521354162595,15.918157312745279,-0.79035465004404504,,0.1797898009950359,0.9512195121951219,False,3
0.84669387027056664,-0.53078926419673578,0.037043853197770718,0.53117697731680524,0.83915016474070592,-0.11695306658753907,0.030992076646011842,0.11870028655877397,0.99244633767072465,8.3575120880274163,20.364048793870595,-0.34992041311240002,0.4177266000721254,0.2911634459111566,0.8363636363636363,True,4
0.61638437811711744,-0.78659570551104097,0.036571771692973466,0.78348200154742187,0.60796625252764225,-0.12858067132637799,0.078906600892581918,0.10790844201953709,0.99102447824284146,-6.3838552587028721,20.684805813326658,-0.59343100483983979,0.5512800930005666,0.2575101534019665,0.9393939393939394,True,2
-0.39926822277440915,-0.91681843777438976,0.0053701433399548758,0.90340668265299884,-0.39441276790255897,-0.16821098136966489,0.15633698225457821,-0.062309876202485612,0.98573638834485688,10.33031972122839,14.959956219359198,-0.94762853206763387,,0.1391603586072722,0.32,False,4
0.87185749562338544,0.47111037350332913,0.13386382372722538,-0.47214819647369305,0.88113851658032794,-0.025903574372275306,-0.13015601366037161,-0.040619337465975749,0.9906611335526736,5.1887221161968728,15.863211013349222,-0.88894703703299338,,0.277150631810999,0.1707317073170732,False,3
0.85019772344630429,-0.52605326100128935,0.020779741014533976,0.52569022762178019,0.84614885443514154,-0.087646452986182399,0.028523948353670593,0.085440521580847806,0.99593488825440279,-21.545303840375155,13.730180868842705,-1.3761094567864491,,0.2694402402167076,1.0,True,1
0.1408195167620587,-0.99002959896773013,-0.0033551254368643126,0.98349465844727091,0.14027729625492258,-0.11428270630806756,0.11361390982000232,0.012793487530985741,0.99344260336076184,0.078109088624621986,-30.226705734943781,-6.5902273366410462,,0.1402854683407525,0.3846153846153846,True,2
0.49950925631350496,-0.8663035578318049,0.0029408408810458787,0.86059134185668407,0.49582052283439976,-0.11638106142124938,0.099363198310257111,0.060664279639510772,0.99320028191567578,-28.81719796488688,-8.1421791863539603,-3.3940262346398415,0.2218877764234148,0.2241097911591446,0.7435897435897436,True,4
-0.030909070672072762,-0.97078245631627835,-0.23796229083349019,0.98417941143311627,0.011994559952765195,-0.17676825688653824,0.17445777558296,-0.23966132988046535,0.955053365785689,12.626689133361891,18.199583815319116,-0.55850322500501814,,0.3466470725511472,0.2758620689655172,False,3
0.16700037192864969,0.97901372853862623,0.1168032324406782,-0.96973671917630222,0.18449648604539987,-0.15991166973702314,-0.17810550597012947,-0.086563075094395966,0.98019654293071645,14.773058963434824,-2.5291529152403123,-3.1629304802202265,,0.1185535440556283,0.1923076923076923,False,2
-0.2817638690345074,-0.94672769053039341,-0.15593524967015585,0.94784070207400195,-0.24940271683809662,-0.19848498261994615,0.14902055428218297,-0.20372767317368812,0.96761971330924579,11.274052473726668,-14.316358930167576,-4.6831210059848916,,0.2641190391338656,0.2063492063492063,False,3
0.59936502038277806,-0.79759611618999759,-0.067838099768363802,0.7969289356870044,0.60253166925707824,-0.043126082676909788,0.075271799542252465,-0.028213879224755618,0.99676383020892156,-3.3813711320750888,19.400132507453883,-0.65098664901527681,,0.2009012512944906,0.2258064516129032,False,4
0.95109565965715237,0.30086260062785974,0.069991011742707693,-0.29287090829224094,0.95033358939257906,-0.1053218873183342,-0.098202226336293941,0.079672858713987563,0.99197205521473097,19.550828402092748,21.966159013167943,0.063903710052390608,0.3383950952270912,0.243548797498589,0.9111111111111111,True,3
-0.87427176357544001,-0.48245099468560126,-0.053757986769997185,0.45743740360970248,-0.78171132319352155,-0.42388492420685053,0.16248047634563137,-0.39518153413071733,0.90411926751319094,13.762703513891898,-1.7248600146203659,-3.0135892117885197,,0.4022120842610568,0.3157894736842105,False,2
0.47995175925571992,0.79651633800456889,0.36770644824252291,-0.86350852116851773,0.50292481522051724,0.037678430232277044,-0.15491721226738953,-0.33560148022200431,0.92917829495533344,-7.9649392364809639,17.489312090180203,-1.0301144554472654,,0.3551094818185788,0.3181818181818182,False,1
-0.25879512365055335,0.9079101156061361,0.3297336894446008,-0.95964964069428804,-0.20279700828830488,-0.19479717796887625,-0.10998932261824142,-0.366841376359547,0.92375849306007196,-8.1297261657494655,12.017341239878361,-1.459359556340601,,0.3504366004198179,0.3018867924528302,False,4
0.61369711029675489,0.78588477726537853,0.075901078226585081,-0.77591094147350559,0.61809488395105705,-0.12617814919876869,-0.14607555481705325,0.018542688480233296,0.98909964158764851,12.014267421386673,19.42382362233683,-0.46740872532074534,,0.2908125071007872,1.0,True,2
0.14557700051894193,-0.97312886649545849,-0.17840276374869674,0.97904535607546284,0.16765408257461073,-0.11559541229277778,0.14239918422160872,-0.15783636396385634,0.97714387607132391,10.575785240137984,-16.593534978473837,-4.9488747769986148,,0.2568557054555859,0.3888888888888889,False,2
-0.28117056723886286,0.94007371189417344,0.1928847539959701,-0.94725953056840795,-0.23967002517235519,-0.21273847978492644,-0.15376115850856173,-0.24252772055868677,0.95788193995643933,-8.0922503598395625,-5.4845128850073017,-3.3798048929452973,,0.3954258199847155,0.572463768115942,False,2
-0.026120944291859162,-0.99942587156027363,-0.021578311455932277,0.98875536072297554,-0.022650592487467893,-0.14781673552594016,0.14724310819485117,-0.025196783841480587,0.98877934301499504,-10.815158864496272,8.155579277330272,-2.0761870607953119,,0.127195221459645,0.1764705882352941,False,1
-0.11264086421123122,0.96639722661742455,0.23105937785750436,-0.98495236403713127,-0.077920141573689233,-0.15426370964942676,-0.13107584173833631,-0.2449588780250396,0.96063222504208134,12.381006754925943,12.585383523840092,-1.1929588298327416,,0.4898999664633334,0.4521739130434783,False,2
-0.42224478147246453,-0.88858268724792844,-0.17924885618190339,0.89296722356914526,-0.37371825634804179,-0.25088683206456197,0.15594512544636632,-0.2659990090121192,0.95127579862734213,-9.7004397401619169,8.4815352429628295,-1.9666054875194412,,0.1647626098396283,0.3478260869565217,False,2
-0.77903476499030588,0.62068835352781759,0.088604755693055232,-0.62519486329024432,-0.75836093877394217,-0.18444530207462129,-0.047288665153416488,-0.19908454067765369,0.9788407060452563,-4.8141948570155062,15.355585111294811,-1.0664318387064389,,0.1234792757228102,0.1666666666666667,False,1
-0.91900133068905687,-0.39424940744877751,0.0019897030009692999,0.37895076462016547,-0.88470991636166729,-0.2714492252431846,0.10877900618012731,-0.24870819973941566,0.96245070481393691,-14.041499664365135,-13.733854529798528,-4.281778604923173,,0.1676119264262657,0.303030303030303,False,1
0.90746558076249051,-0.40706828257749028,-0.10393090517650441,0.4200155920689726,0.88471036658042101,0.20217435466469769,0.0096499818831693521,-0.2271188688430554,0.9738192323347824,-9.9166057209928233,-9.7403634617882826,-3.8761568517605505,,0.3398992907376301,0.2807017543859649,False,1
0.31178794586634934,-0.94966816322846603,0.030309347777771972,0.94242152492165809,0.30503313239351998,-0.13710017325493687,0.12095431441986197,0.07131036314918611,0.9900933723294747,15.126426690254258,11.513799485563828,-1.3177474809855516,,0.2806902188000821,1.0,False,1
-0.66448747172338452,-0.74356921229843465,-0.074573631026987969,0.73284191487727224,-0.62884529607772277,-0.2598005415697473,0.14628440696696662,-0.22728488758121643,0.96277850628039907,-11.44377850271723,23.324106668971943,-0.63183259765821032,,0.1295889120739496,0.2,False,1
0.28522675856336993,-0.95842356524102035,0.0083645555844375757,0.95044839905650169,0.28170578027208804,-0.13149028136036361,0.12366704059840128,0.04545462519904981,0.99128216977692474,-22.411864671181259,-11.20979715626761,-3.8332748284410942,0.3091832966798647,0.339334776672617,0.9310344827586207,True,1
