axis_00,axis_01,axis_02,axis_10,axis_11,axis_12,axis_20,axis_21,axis_22,location_x,location_y,location_z,dbh,dbh_approximation,score,reconstructed,number_clusters
-0.92537975039584219,0.37869092722361292,0.01629414606077019,-0.3769686661890288,-0.91497954131289472,-0.14389949162700283,-0.039584621622467391,-0.13930405815110219,0.98945815329080045,5.4445228949996389,-0.14648715249672933,-3.2598557380593602,,0.1400435420247523,0.5948275862068966,False,5
-0.18745624011133952,-0.97794190338224551,-0.092140065402789462,0.9757336499151994,-0.17458144955090718,-0.13215582429793804,0.11315477217724076,-0.11467759625059522,0.98693720491817627,8.2112418464701591,3.8015358868818501,-2.9274887059355734,,0.1947534917092223,0.2142857142857143,False,1
0.4051262017189915,0.91333644374261647,0.041101109624117706,-0.90833739446482153,0.40720359727181388,-0.095437980834435415,-0.10390350570410313,0.0013307518496006449,0.99458649226797402,9.7354852181562777,10.601515027476795,-2.4406810431512658,,0.2750268273063373,0.7288135593220338,True,5
0.95507997113015297,-0.29616466726100049,-0.01042778079014221,0.29429936114977079,0.95202009510873464,-0.083938218565761682,0.034786991431614157,0.077098822139755427,0.99641639732182241,-18.802777702989687,7.6374951265266349,-3.5708011798124089,0.3105904564240755,0.2966847189154723,1.0,True,5
0.4744840034775884,-0.87415903863274291,-0.10349350520954378,0.87447496474772701,0.48155609302191293,-0.058286064397349138,0.1007892180411238,-0.0628466741375278,0.99292085740833835,6.8405535492121459,4.2777253669118069,-2.9521886100860786,,0.1220709124810597,0.3026315789473684,False,5
0.65546754254509332,0.75516382786565006,0.0094812316285728948,-0.75007922203802191,0.6524143803519874,-0.10833576037840839,-0.087996939360023785,0.06389889978106722,0.99406914712711858,2.912300606991717,4.6031279825157227,-3.0668107538680807,,0.3292367993531875,0.9285714285714286,True,5
-0.53604439073707622,0.83187554017923859,0.14366452871469504,-0.83866298899072866,-0.50532535873786022,-0.20320106474521346,-0.096440665989262001,-0.22941091401228386,0.96854005104362884,-18.502057693270501,-2.8934287296573244,-4.1093279760786938,,0.1395176840144887,0.35,False,1
0.97377422340377728,0.22610733242398665,0.025283118052946613,-0.22614421711645055,0.97409278461963,-0.0014282915538741392,-0.024951050061231789,-0.0043267974396784606,0.99967931054151471,2.0413367074817601,10.639183286997422,-2.6269447307804947,,0.187084140195183,0.5806451612903226,False,5
-0.53000244634318117,0.84569338635148361,0.062450805852300194,-0.84257579822091766,-0.51687128744073685,-0.1513608155096185,-0.095725812206661653,-0.13284114009113823,0.98650382684339333,-22.569242364175516,-4.1181216981451012,-4.2863889495494352,,0.153877619940383,0.24,False,3
0.073664096164345522,-0.9971397299138931,-0.016910350781044574,0.99155094164460866,0.07504556972773499,-0.10580591943709479,0.10677233283945518,-0.0089733768163142626,0.99424300221250372,0.69645274646295363,14.320595675739158,-2.4029593337643398,,0.2716929357066359,0.7555555555555555,True,5
0.5166773496262127,-0.85552879811219262,-0.033391495682894339,0.84943845319676348,0.51710356702515081,-0.10515804867225659,0.10723260051832866,0.025968761437041635,0.99389475942652183,-18.383504446096421,-7.0499206394665759,-4.4342267846803578,0.309251536130596,0.2298530539317628,0.9876543209876543,True,5
0.57601367356823607,-0.81713489816629281,-0.02233396653502507,0.81225437169694914,0.57521851268423607,-0.096780671234135487,0.091929774945987378,0.03760612801256661,0.99505512189741685,7.6146468691229945,20.535230690276492,-1.8429604281472358,,0.2591972379842219,1.0,True,5
-0.95321575945671499,-0.29279022188192594,-0.075190437514967082,0.29977209749925693,-0.88352294361240502,-0.35989428680012198,0.038941051401516866,-0.36559690108205933,0.92995833263374816,-1.5796434484994986,10.364674123974538,-2.7931094495832944,,0.4198431654628327,0.3389830508474576,False,7
-0.99989287935749294,-0.014608130793956214,0.00091231841435862604,0.014359321376488822,-0.99111881555128389,-0.1322017524461275,0.0028354364371679878,-0.13217449063615541,0.99122240911174142,-23.12373439438403,-7.2542336752229053,-4.601187835028786,,0.1159024744293501,0.3333333333333333,False,1
0.90314850275505176,-0.42902011854599847,-0.016264066345362815,0.42655483209714934,0.90096907956941619,-0.079408392972105779,0.048721219051677478,0.064780055129778941,0.99670947987440262,-17.803517636252927,-4.0659548289892218,-4.1487338852684443,0.3563766365883869,0.3056893988876025,0.98989898989899,True,5
0.79252511254137092,-0.60975521952432699,-0.010125129832571423,0.60592160141218132,0.7892042215080145,-0.10007851765501991,0.069014193709588043,0.073179703584860326,0.99492802355238097,-11.051115590807276,-9.5489902452672553,-4.4849086696748515,0.3294718536551035,0.2638339069797147,0.9703703703703703,True,5
0.9628089148195671,-0.27002771468577802,-0.0091666158173120231,0.26838185351408977,0.95975020287124491,-0.082769129468327957,0.031147620267171904,0.077230702380459343,0.99652658989186649,1.944080123443557,-10.247270354795127,-4.2072557545891565,0.1182250300221538,0.1343995205406087,0.5454545454545454,True,5
0.99920944026019054,-0.038850033305154186,0.0084361962462449896,0.039037644197049901,0.99896495123600271,-0.023347131249799535,-0.0075204275451129579,0.023658003175230771,0.99969182354128505,-3.3177757887506001,-5.5520065189482946,-3.8804165009111751,,0.2031577911314757,0.2248520710059172,False,11
0.91186017005016229,-0.4099460629058681,-0.021336723836323367,0.40735986957941905,0.91007730636713779,-0.076270787932041006,0.05068497738312927,0.060856568614353984,0.99685882206266241,-12.378351923039457,12.486174225285245,-3.1106960463959306,0.3950646056718573,0.3745888218042226,1.0,True,5
0.99859272370055641,-0.053033214763898148,-0.00022428578000148816,0.053031996492688895,0.99858571171434207,-0.0037661263868098843,0.00042369836474986065,0.0037489320837066232,0.9999928829686382,7.4502895945123546,-14.878864954944648,-4.4731868682185691,,0.2595582894416976,0.6129032258064516,False,4
-0.55899233885943078,0.8285082746450233,0.033190419418719044,-0.82304808453532907,-0.54956236756353638,-0.14343310183038938,-0.10059530624830181,-0.10749531618953313,0.989103301661724,9.9216361920634881,-7.6103944249800479,-3.7807065494015712,0.2276099905943814,0.1854001644961134,0.3695652173913043,True,5
0.25959056092273236,0.96487504429339987,0.040359504204455679,-0.95881917739734523,0.26249750575237674,-0.10844742748842998,-0.11523248558847642,-0.010545538089132013,0.99328257101970308,8.144913290131953,-7.9534790717905643,-3.8377148004035284,0.2026397182765359,0.2049071873348291,0.873015873015873,True,5
0.49836243456857959,0.86634274385143539,0.03294137196362034,-0.8606132184099643,0.49894411882388262,-0.10197869674154234,-0.10478440775669945,0.022472571437794839,0.99424102280284754,9.077231857154807,-2.6313830158406666,-3.340111045571013,0.1200950170589019,0.07926517885678205,0.4931506849315068,True,5
0.77012508977321981,0.63782164273441666,0.0095340527248244933,-0.63353555651207194,0.76652302803259698,-0.10523852018475717,-0.074431476787235801,0.07500666340604982,0.99440130516203684,-7.4754938650346956,5.0139262159862463,-3.3904380762311428,0.2808748357656835,0.2303996894002208,0.9948186528497409,True,5
-0.22595432575976154,-0.97256796016475078,-0.055282958779603403,0.96764737010905244,-0.21754690294919204,-0.12779636981639628,0.11226401824042208,-0.08237055225133938,0.9902584926827559,4.7159289592310643,-0.61726516181449709,-3.3462760947431209,,0.08066463238238165,0.1794871794871795,False,1
0.99346171939162409,0.10873918524044195,0.034779328582969109,-0.1094222155758208,0.99382554277161839,0.018373058351192115,-0.032566713710717989,-0.022058561329845974,0.99922611506612524,3.249240703575035,0.53216904711467039,-3.3309484237810092,,0.1991171085770339,0.2408759124087591,False,5
-0.37099907652779002,-0.9070941796691111,-0.19884625826489546,0.91327177830460748,-0.31761292660651663,-0.2550621253827845,0.16820922735648819,-0.27622848886902679,0.94625761702047462,7.8543687441216772,1.6968283832744033,-3.0440376196589134,0.6308105723493838,0.4486623417755244,0.538860103626943,True,6
0.79027219985741959,-0.61233430330122041,-0.022727761287106914,0.60883334518842136,0.78886306904101988,-0.083767631516354912,0.06922288580513937,0.052361811502202295,0.99622609520982575,2.1288722941456468,0.45896645673521874,-3.3788878717380828,,0.2343310328432637,0.9655870445344129,False,5
0.34866453751967369,-0.8911837160677365,-0.29021479027074498,0.93107867439714687,0.36481465829408127,-0.0016634832805675626,0.10735707875610298,-0.26963280458704042,0.95696008711517511,-20.893843709319302,-2.5178831206796946,-4.1524884507181099,,0.5978588606393487,0.125,False,1
0.85348343233768087,-0.52083210753458697,-0.017318963195602166,0.5210547269662672,0.85237925009683402,0.044176753054822604,-0.0082463465364562196,-0.046728254465987412,0.9988735996127649,9.8241177271740288,9.2938371032658136,-2.525150248275454,,0.4687537944839577,0.5520833333333334,False,3
-0.139922379177704,0.98935166705576605,0.040062534857735956,-0.98485530761732687,-0.13487492107321153,-0.10894392467446376,-0.1023804222653486,-0.05469949322865298,0.99324026024789047,3.7832077107146822,18.945052129015988,-2.0795120996358678,,0.2663890586621734,0.3809523809523809,True,5
0.93621732402197111,-0.35137216336358496,-0.0058927934236848167,0.34919776951924963,0.93204556798422455,-0.096705620124924271,0.039472014946303702,0.088479726571453393,0.99529558324244582,-12.948111915050493,8.1616237390845328,-3.3579628067048883,0.3024238438148663,0.296255118685883,0.98989898989899,True,5
0.7855108077743429,0.59462135403384209,0.17145908023974488,-0.61414661258174763,0.78311246496699827,0.097769143740122827,-0.076136122334039824,-0.18209973240033114,0.98032799528303993,6.5658367800331234,10.485397874184432,-2.5360518219430976,,0.2007342399772361,0.375,False,4
0.81017133420493526,-0.58467505300765887,-0.042160308621790182,0.58170997710881478,0.81077115687643764,-0.065296506103339924,0.072359600362741722,0.028376285305381468,0.99697486160264348,12.585425302181456,3.4411189537553915,-2.8466701226654187,0.171266829921113,0.1857128942994387,0.6764705882352942,True,5
0.9811452993906129,-0.19318959438969571,-0.0056286857479183258,0.19211799974715094,0.97805267107040794,-0.080645190713359238,0.021084962813760988,0.078043277939776584,0.99672697922327613,-16.246147952955145,16.282281681722957,-3.1019165863815332,,0.2683460001650207,0.9473684210526315,False,1
0.68893561833437733,-0.70373881251068682,-0.1735494095532337,0.71806162888026726,0.6952836020033577,0.031116071652001476,0.098768471285351433,-0.14605614177871221,0.98433347628162593,-0.44869878439940392,16.030210669415943,-2.4038932803437421,,0.3029085375308649,0.2,False,5
0.64595030270174147,0.7513254194470248,0.13512335302337602,-0.75793508877310078,0.65231883074585306,-0.0038136938621975564,-0.091008832791325892,-0.099951273864393272,0.99082144466439814,0.61565158554920618,10.681464798408356,-2.6773161773392644,,0.5302420308192518,0.3717948717948718,False,4
-0.20046895978758453,-0.96439927014354387,-0.17247099439698407,0.97229717393739368,-0.17424613407970305,-0.15580914707306689,0.12020982370439716,-0.19892795807748803,0.97261362615381852,-3.7884520854058716,5.7045981993660888,-3.2057653265612225,,0.2259726998858204,0.2,False,5
0.81344680225660404,-0.58130526384328807,-0.019710152880947712,0.57793639199138713,0.81162160877340017,-0.085204993891528288,0.065527297445285043,0.057918515175743618,0.99616846913027424,-6.1057584859017364,-4.8496375864708323,-4.0069590823054151,0.3253638603900622,0.2661252829796739,0.8580645161290322,True,5
-0.0052147578053952006,0.99316077188441698,0.11663827626890055,-0.99470007640194158,0.006825744589661435,-0.10259223760484233,-0.10268672897216459,-0.116555095987889,0.98786150106796433,-14.529493874400574,-13.403247085224727,-4.9231284673535942,,0.2274083488108216,0.5,False,4
-0.90747947287852571,0.41301522027902887,0.076807773838181118,-0.41681182833487623,-0.86238868090793064,-0.28732153208907957,-0.052430011102895628,-0.29275278113067243,0.9547496546613703,5.1978396413831582,-11.83862072307236,-4.1485326437990295,,0.5434518679513561,0.373134328358209,False,6
-0.58885863333202715,-0.80635790327967793,-0.055067610886418643,0.80278781575954761,-0.57563239604692651,-0.15549619766826556,0.093686887120616,-0.13577288550986638,0.98630040593217483,1.4240799748320365,-9.2875975768982055,-4.1460663764225432,,0.5718771474725468,0.5964912280701754,False,5
-0.38983241577897287,0.92054522247491366,0.025043581743458249,-0.91618294898344643,-0.38495322166900342,-0.11144425116913925,-0.092948865511770173,-0.066389084232773773,0.99345508096481572,9.6452563237158131,-11.036718555168664,-4.0274312406654991,0.1763405999116181,0.1636196148242187,0.2181818181818182,True,5
0.61260530745284314,-0.76447576125908656,-0.2007275460118679,0.78388045533033723,0.620165789335691,0.030427380576406926,0.1012233620845977,-0.17598637499811884,0.97917446187250545,6.4225908143642458,-4.956674301115692,-3.6410039857747281,,0.6229636723652293,0.3939393939393939,False,7
-0.95597986034398374,0.289678763148287,0.046783766389358036,-0.29224223662608306,-0.9255790203976294,-0.24061993294726719,-0.026400411899814603,-0.24370000242232559,0.96949127230258092,11.521251945428927,-0.21815277640923364,-3.0925445423498767,,0.4792321452215251,0.1882352941176471,False,2
0.88289335373190869,0.45887790749545643,0.099651351965811583,-0.46653733131822822,0.88129855026857262,0.075204945189649056,-0.053312704137836342,-0.11288902208409672,0.99217630704951221,6.5657951927734066,-2.6833388671470302,-3.4430178881311999,,0.08241784244334473,0.3854166666666667,False,8
-0.81567612453877969,-0.57150706382484984,-0.089733694093665647,0.57479214387227739,-0.78307260235407294,-0.23751061194214174,0.065470995105525662,-0.24530995789147733,0.96723139597470331,16.257095363471208,1.9749808121831172,-2.8708347452479814,,0.2980000569438575,0.3,False,5
0.39396034934149954,-0.91550734426194091,-0.081495679328248555,0.91292229131930713,0.40004504424831988,-0.080850804477552343,0.1066214479316014,-0.042547211128450349,0.99338894782766796,11.029426700085732,3.5537898860572188,-2.8857119784815022,0.1503799849690202,0.1322569407681175,0.3888888888888889,True,5
0.98657301538591768,-0.16325584894207024,0.004605767964197446,0.16309501068113902,0.98333483638671759,-0.080328183343235854,0.0085850336781649571,0.080000795836724731,0.99675782909502819,7.4720465481723188,6.5954635055222797,-2.8098443610606294,0.304377199633607,0.2814878897942341,0.948905109489051,True,6
0.46940745665555356,0.88243579634034497,0.031043597944596196,-0.87706290604972081,0.47003661909909256,-0.099127370274375515,-0.10206516774974231,0.019303938537921256,0.99459039784684289,-22.705875026115745,0.071285581835398681,-4.0011703142199346,,0.2940271582840063,0.75,False,1
0.58860331753430628,-0.80809014437652527,-0.023161458268742725,0.80241493042983569,0.58747596242470157,-0.10489172034270748,0.098368765423229781,0.043154514650231582,0.99421389743576438,17.67934091717656,9.4280864981091916,-2.2488877441673232,0.324120275213247,0.2907088397055689,0.8833333333333333,True,5
0.99794049574030952,0.063340214207662462,0.010138255555699461,-0.062939244694144622,0.9973710664296378,-0.035911103106667945,-0.012386219718533945,0.035199049889657615,0.99930356171082968,8.3528354331403918,11.711172156327455,-2.4293489730732118,,0.1260095907013408,0.3076923076923077,False,3
0.89181573497165745,-0.45230242349731709,-0.0093387662683875987,0.44978064332401591,0.88868322274159284,-0.089103886046851377,0.048601108505840859,0.075263851323655609,0.99597855646390976,5.3792302097418041,-8.250725099853053,-3.920763624558373,,0.07739246277422132,0.4583333333333333,False,5
0.31790575554557604,-0.94643804567127165,-0.056488550140176529,0.94478066623444956,0.32122032407684026,-0.064861360682295546,0.079532529826389642,-0.032749490162634842,0.99629415716117764,3.6841238991631111,7.0235099847709161,-2.8454417079262679,,0.1229242860084251,0.25,True,5
-0.72475480562147843,-0.66236273635468357,-0.18975267380806024,0.68625472678355948,-0.66935468779172813,-0.28463793123626308,0.061521717269547652,-0.33651137784623802,0.93966758531101402,4.8737103769018466,19.835040461203008,-2.0149631004818409,,0.3058528305852383,0.1384615384615385,False,5
0.054844249703579574,0.99838374067685742,0.014900155252075633,-0.99186583399658446,0.056190757961914382,-0.11421368600095368,-0.11486633808348855,-0.0085149910011760536,0.99334446155577816,1.5393303630407653,14.645172525815012,-2.4111465685448947,,0.1471033924150046,0.2173913043478261,False,1
0.85962825268265286,0.51072453904087267,0.014131964168381271,-0.5074077167600175,0.85662982620337147,-0.093395662807041396,-0.059805318845015713,0.073114882754942517,0.99552877294309117,-2.8600656285556321,7.3689333490057702,-3.0567855618731405,,0.2456182902670994,0.934010152284264,False,5
-0.75714887712866086,-0.65150669234050307,-0.047587894451677534,0.64990842697937712,-0.74393255364824584,-0.15551010309169847,0.065913689048623492,-0.14867207356439224,0.98668738723978044,0.1411185066459972,10.246773388126165,-2.7229362071881651,,0.136362296493042,0.2413793103448276,False,5
0.75385718854249151,-0.65677024229958725,-0.01876667558602612,0.65277948532531782,0.75191203048355659,-0.092234711212796805,0.074687902776976123,0.057281299250594303,0.9955604300769193,-11.405575371367679,2.0963868880813652,-3.5698846310949479,0.345272592031534,0.337345721048701,1.0,True,5
0.98955233549647226,-0.13951209479465765,-0.036366890429104723,0.14326869241312637,0.979765564226871,0.13976237308171724,0.01613248547834574,-0.14351241953645189,0.98951701771676637,-10.605878152021173,0.75485069686700745,-3.6453318143996372,,0.4642139303331744,0.4757281553398058,False,6
0.97649152710055098,-0.215270245657912,-0.011091385631029342,0.21425418253475736,0.97495543213916702,-0.059641014484104478,0.023652542510202636,0.055862569549855315,0.99815826929204499,-15.951124393968941,-13.78988094844258,-4.9788280649128271,,0.10200801508489,0.3684210526315789,False,1
0.6406601997391288,-0.7675572239315489,-0.020258737885497678,0.76288295815569507,0.63930402827910537,-0.096436256572540138,0.0869718381192187,0.046327825511268128,0.99513297199799466,-3.1872836449999484,-11.466070172085718,-4.4508619552558875,,0.2947007530084047,0.766497461928934,True,5
0.24305676873029822,0.89448736947430207,0.37525425117555872,-0.96354660168750916,0.26722983244728116,-0.012890423835167544,-0.11180945197450239,-0.35844185372406084,0.92683228469233869,4.0060481394470413,-11.368025828976359,-4.1671007939377969,,0.7893168056431441,0.3824701195219123,False,1
-0.23445564252986412,0.96070349767997465,0.14859118826959725,-0.96995806035051746,-0.22097929140620515,-0.10173256081841645,-0.064899251513171816,-0.16797899367204749,0.98365194293406222,8.247185283360615,-6.8861842907012329,-3.7593332448018955,,0.1831022042813357,0.2222222222222222,False,2
0.73385055384914166,-0.67793059236182107,-0.043283675389910403,0.67458859863171383,0.7347682127587869,-0.071034471317519166,0.079959910026270481,0.022930012193832748,0.99653430815470789,5.1280587863409615,-10.023875785969835,-3.9820088498451196,0.1872452739456856,0.2037932985439601,0.4210526315789473,True,5
-0.14883029504424458,-0.97566211987891116,-0.16103717307016902,0.98320092363545863,-0.12860099658488627,-0.12952886720632867,0.10566686822000412,-0.17760971682529803,0.97841162168578799,7.561566046909884,-3.6468440506525202,-3.4941469710219737,,0.2024252619883384,0.1666666666666667,False,5
0.98812248870852815,-0.15362559550331953,-0.0036226667959349465,0.15273363313099017,0.98443557873889165,-0.086942674352881402,0.016922902205946992,0.085356708695178168,0.99620672937982824,16.045902162222195,-1.7791876587325917,-3.2364208323138088,0.1978849771836749,0.1983047329740431,0.8115942028985508,True,5
0.65787321053031067,-0.74915225318116163,-0.077289976194387974,0.74497686468278357,0.66237507525588901,-0.079175316653385647,0.11050932066549948,-0.0054919243751853971,0.99385991407879326,8.668938160175653,2.1133174507530756,-3.0137256680496054,,0.282535732974925,0.4666666666666667,True,6
0.59184899564207671,-0.80585132764079193,-0.017843881221207544,0.80181058831137875,0.59085990089238993,-0.089355234816963558,0.082550268498803134,0.038577393082047037,0.99583996601550795,17.907575722353062,1.7942359313139207,-2.8903537559159593,,0.1560946537794356,0.4761904761904762,True,4
0.99986534517245507,0.0074917406347506333,-0.0146001830614844,-0.0084485728051678158,0.99774292635462869,-0.066615872934741749,0.014068160530894146,0.066730253495423664,0.99767186996913648,12.814960672770225,-7.1964850518430481,-3.7372567757818476,0.3171623530404872,0.17510263303573,0.4791666666666667,True,4
0.62127420256075661,-0.77890967799842681,-0.085545769929798593,0.77813314399274791,0.62612294479130859,-0.049788233809006426,0.092342706547168918,-0.035633853654155528,0.99508946985750835,2.8090740728887482,-5.2995994711666459,-3.7825190606367149,,0.1186220132862509,0.237410071942446,False,4
-0.85712120915503442,-0.50146444175739335,-0.11779917856062586,0.51180976244389642,-0.80319054962694503,-0.30485358462233758,0.058258045656669033,-0.32158724266194466,0.94508605188805617,4.035903258232163,-12.50691691164088,-4.2952951604612704,,0.2808865161015406,0.3,False,4
-0.99081368294231764,0.13503623647554602,0.0073116709993452812,-0.13092115663362497,-0.94426610323394911,-0.30202843745099395,-0.033880620419291615,-0.30021116088829136,0.95327087568964908,1.4524947167433495,18.169988348969852,-2.3227641844022964,,0.2535087367615061,0.3448275862068966,False,4
0.58900957066391657,-0.80686161014819457,-0.04518924358041488,0.8016815492358168,0.59044606529550869,-0.093167256007198565,0.10185489326079365,0.018649022658393535,0.99462444906241754,3.7442196427073,-5.2958503234032017,-3.735173022889263,,0.1312985809733212,0.3181818181818182,False,4
0.99998767136230948,-0.0049030897341174936,-0.00078538808457727198,0.0048382783258755268,0.99767005336298409,-0.068051860265098435,0.0011172225497042658,0.06804722135222209,0.99768147596315282,2.8878799352711506,-13.880122092879631,-4.520089395359439,,0.2610434736841998,0.6911764705882353,True,4
0.70220029408269324,-0.69260978898381409,-0.16494370916762946,0.70735146479718003,0.70502817407863039,0.05088397591223133,0.081047222280982351,-0.15240391713846829,0.98498953994516536,11.170253332689882,1.7775280943357834,-2.9788643698657258,,0.2669475869547211,0.1764705882352941,False,1
-0.35102563320777092,0.88555422552248941,0.30426093816056482,-0.93148037576622678,-0.29709558845273887,-0.20994885301979954,-0.095526511469288103,-0.35711052208130811,0.92916454981091656,-17.768073529935741,-10.446477184914873,-4.7125233471236667,,0.222215616093707,0.2121212121212121,False,2
0.68333297023309358,0.72951788881133339,0.029320670126619368,-0.72520288123802057,0.68284239191583895,-0.088357505887899604,-0.084479777677811493,0.039114162485112541,0.99565719474957692,16.713668267798969,-3.1224304610398095,-3.3467731796151221,0.1617241946078408,0.08857880476394359,0.8666666666666667,True,4
-0.72841133165636351,-0.66946160228820439,-0.14573295775600756,0.67408919870873385,-0.66221362749989032,-0.32722601323497269,0.1225589005287719,-0.33659214877228993,0.93364074530090657,2.3428517129516711,-1.2591921898753595,-3.5083914301254495,,0.6049015212422153,0.5795053003533569,False,4
0.86386413816081631,-0.50298712507148602,-0.027252574410334081,0.50154360852781266,0.86389303992916155,-0.046290650317878802,0.046826910474318535,0.026320478230326436,0.99855619415291641,-9.8499812519311956,-13.894533678537931,-4.859523441545285,,0.3206725898450505,0.9782608695652174,True,4
0.86440681036017286,0.50239411049746563,0.020025582149122853,-0.49933986745740488,0.86244879938059504,-0.082714963667952349,-0.058826549878199616,0.061499806377171937,0.99637202431872651,4.7817227807338911,-4.8203793381661786,-3.6827627885118575,0.28141582894153,0.2332713192209936,0.955607476635514,True,4
-0.94272146980181026,-0.33257835953442194,-0.025843086969375047,0.33031968298521192,-0.91989290618079056,-0.21139051111818602,0.046531037031887934,-0.20781885363857558,0.97705997086416607,12.662678694673911,1.5568187337930086,-2.9860081880942886,,0.1834194907346558,0.6363636363636364,False,4
0.54559756634792123,-0.83331004195615321,-0.088981287753443244,0.83356744149952422,0.55057721177240948,-0.045056124432291692,0.086536790252263823,-0.049589392534643159,0.99501370647890197,-4.3627805154375574,17.974540634402882,-2.4354158987314389,0.4130025997835838,0.1540677972439967,0.6153846153846154,True,4
0.63238952247872116,-0.76838305739270996,-0.098341084857585415,0.77207291971535874,0.63553340329443575,-0.00083662368728423808,0.063141891809930781,-0.075397416459875799,0.99515241600964821,5.0394661387894457,-6.4178288570436255,-3.7814226010859966,,0.1946340392921351,0.2058823529411765,False,4
0.6114062640897876,0.78987885025640325,0.047684191818599737,-0.78562000539032373,0.61311923959346515,-0.082981956899320253,-0.09478178813611024,0.013274033221111602,0.99540957031754929,20.959092982359682,0.39401957491356676,-2.9744411070406227,,0.1516153135580138,0.5909090909090909,True,3
0.82807703052478576,-0.55168924041404532,-0.09963640664248119,0.55525075693760684,0.83162330237602178,0.00996392821198408,0.077362965542090892,-0.063574090292922825,0.99497402308098448,3.8448616612955173,-2.7230479657799433,-3.5649017644181509,,0.2789840403161448,0.2515337423312883,False,4
0.8864878121375378,-0.46269954248387862,-0.006963642495882859,0.45980419497067476,0.88243694038973353,-0.09942408421994707,0.05214845365848296,0.084936326862036171,0.99502078328053745,-0.17541468328682941,-17.176532057626787,-4.8840753144430042,0.3615862404041558,0.2900710356502949,0.9809523809523809,True,4
-0.61292862911392365,0.78974654762536312,0.024877422019703527,-0.78480695671419376,-0.60483986329461259,-0.13508064429354727,-0.091632615948318757,-0.10231876799284764,0.99052225286002238,2.9935706442244596,23.738638124713333,-1.8902843699386642,,0.2778030948692553,0.5,True,3
0.91624230768623494,0.39871434233326297,0.039075655126392793,-0.39795473834733502,0.91703840757965349,-0.025934248604462543,-0.04617423342847457,0.0082117136778869122,0.99889964857625513,5.2763686832819774,-4.0520420543219142,-3.6311571678420234,,0.1708494435526728,0.3076923076923077,False,4
-0.69284606575221352,0.71660280881141303,0.080279160280062503,-0.71639590481530413,-0.67138446782841543,-0.18978884035320986,-0.0821050347758292,-0.18900611302904477,0.97853740475370232,8.8926163315573508,-7.8346152149075055,-3.8034276789976631,,0.3296202295748131,0.1627906976744186,False,1
0.857984742083157,0.5135927239794128,0.0092030553570703021,-0.51017461597284675,0.85408908996030819,-0.10126049391411696,-0.059866882075626598,0.082184793521546534,0.99481737828827854,19.96323877591551,3.4475246069193926,-2.7312873831500908,,0.2290413905064957,1.0,True,2
-0.756385722269174,0.64439978761122718,0.11238128346813303,-0.65329843874155324,-0.7355580380816138,-0.17931961005806357,-0.032890562251030667,-0.20905330980429826,0.97735097307706142,-11.385879721516368,13.411048466598414,-3.0012220461271233,,0.1999802518834021,0.5714285714285714,False,4
-0.077718120688259992,-0.9956716153240881,-0.05096987497145284,0.99014737849324297,-0.071111762156602712,-0.12062871194678658,0.11648202685239942,-0.059842724878662129,0.99138831226692048,-20.896710867672148,-10.931988617361881,-4.877084895398152,,0.2093575970511306,0.2608695652173913,False,3
0.91400287447415418,-0.40282859069018029,-0.048248025612936507,0.40358294973818176,0.91491895059558603,0.0066420269270400373,0.041467434615751073,-0.025542912199561646,0.99881330162486026,5.1707861161923203,-5.9579433939659303,-3.7414299742898645,,0.3858012682241052,0.2692307692307692,False,2
0.81271521547227243,-0.58235119145609682,-0.01900179858651287,0.57925027077541014,0.81105143483316033,-0.081637576284982041,0.062953175825149268,0.055341303424625857,0.99648092695685442,-14.256755540924143,-18.167472940336872,-5.32555071706064,,0.2347431000962379,0.3636363636363636,True,2
0.99887350248817275,-0.044646666320301384,0.016074862783105305,0.045018599952332164,0.99870802946082027,-0.023571116834361139,-0.015001722745867585,0.024268231846817472,0.99959291776086867,6.0609680741798266,18.42568354013564,-2.043103057858803,,0.1266225814830078,0.3809523809523809,False,3
0.60556943984566836,-0.75380917615921628,-0.25506348124176359,0.79059585709624236,0.60644488920604389,0.084751325052340912,0.090795618106062098,-0.25297494400440768,0.96320290356638016,2.5429017432344767,-11.498005322872293,-4.2733825987868155,,0.4342537588508021,0.2121212121212121,False,1
0.94861400750922953,-0.31622966242266687,-0.01141338518255337,0.31436873886855166,0.94592053925652253,-0.080041423243504689,0.036107627718746586,0.072340403763703057,0.99672619369806315,5.6506983898238259,-18.721053703812633,-4.9346002279041494,,0.2738531261693425,1.0,True,4
0.85238264036833522,0.52224787809387341,0.026476182223914159,-0.51918581768020899,0.85125150270625871,-0.07626903605049265,-0.062369232145666503,0.05126434401009354,0.9967356951141948,15.484971669626274,-3.4632375493400871,-3.3787703574173715,0.2182030724208376,0.1216602410549781,0.6666666666666666,True,3
-0.28157539046902946,-0.95804209392037809,-0.053578407580565132,0.95337295473577033,-0.27300943858704679,-0.12863069470686656,0.10860620912544137,-0.087299442833509294,0.99024416111399438,19.55638996421153,1.4532024555322325,-2.8910251511605676,,0.237505914475707,0.8157894736842105,True,2
-0.57332731554990546,-0.81898428195798556,-0.023675623541994543,0.81380718307398447,-0.56587899387087748,-0.13228315490972373,0.09494028660966751,-0.095108938599094875,0.99092917596416963,10.369578384195501,6.3032799253600214,-2.5886521460774623,,0.161790765018997,0.7662337662337663,True,4
0.26618587392930021,0.95264920876428316,0.14698491610121622,-0.9575389190027539,0.27885004499320709,-0.073224797728131452,-0.11074429608577592,-0.12125237089671005,0.98642463647072132,2.1997677322991316,15.52311103733018,-2.3950678565945487,,0.1593941734750736,0.1818181818181818,False,3
0.89660394722631664,-0.43165695412172589,-0.0988617002511126,0.44048838841070476,0.8922913883927398,0.098924505940111443,0.045511992853827114,-0.13224353352247206,0.99017185697633436,-10.946343746275806,5.6158489410507597,-3.3956463377350712,,0.2980952480672947,0.1724137931034483,False,3
0.44770373374508748,-0.89379819319320186,-0.026194591718039104,0.88830060583381731,0.44792251944604455,-0.10142706861770401,0.10238847818959138,0.022140605630261649,0.99449806089119364,-3.215131941729851,-0.81666965014860771,-3.6019458256431669,,0.2430910142602839,0.9732620320855615,False,4
0.99431728057272528,0.10362222838493924,0.02440449423771452,-0.10373825506442162,0.9945983542780541,0.0035338510968576653,-0.023906484280382174,-0.0060454488605266674,0.99969592004640395,-6.860841106652237,-19.015367170763806,-5.2479666867352073,,0.1898622985377823,0.5952380952380952,False,3
0.45233908757983443,-0.89170709173537044,-0.015742058197405876,0.88606782325349775,0.45134441130098818,-0.10569784757587547,0.10135661025434646,0.033862736691118611,0.99427368094581314,1.8046422232894674,-2.994058970671829,-3.6465935778188299,,0.281547970987173,0.9932885906040269,False,4
0.62412754421376049,-0.77241017161899883,-0.11767470133044598,0.78121741822057311,0.6193950759811705,0.077775865916507689,0.012812260631247241,-0.14047158655681669,0.99000180774972735,3.6005430334003341,-1.303315480852435,-3.4500044176364781,,0.2532831132437869,0.2469135802469136,False,5
0.70034882935011844,0.65653580819697244,0.28012898775932815,-0.70941859554978037,0.68362785051653319,0.17140075345902411,-0.078973245571491352,-0.31876903010376012,0.94453667579962852,3.5242641370111296,-7.5619560865326259,-3.9206077605235321,,0.4907094899849951,0.3518518518518519,False,2
-0.16265247885398607,-0.98222149444109197,-0.093728901522210972,0.98011300254385103,-0.14989426794729019,-0.13003926592003709,0.113677937028826,-0.11301612404631788,0.98706873232739811,-1.3850805567752718,12.677151876950857,-2.6163205862376619,,0.2321817126885729,0.5306122448979592,False,4
-0.79856739242820796,-0.60032713368135937,-0.043559755696476313,0.59780598958182618,-0.78261691775675768,-0.17360518097397715,0.070129298944927643,-0.16467571954249061,0.98385150750642114,-24.626053413040079,-10.504824886155323,-4.9226907509062192,,0.166741316130376,0.2352941176470588,False,1
-0.69545545634890549,-0.71577862218717503,-0.063266675701871222,0.71377784011296275,-0.6779847925684771,-0.17566392916462392,0.082842641183209678,-0.1673247891548342,0.98241514225712234,-10.608795394643447,7.7162858333986808,-3.3050053514324427,,0.2981271287794963,0.5172413793103449,False,3
0.5236069311058168,0.85080500736609277,0.04434660233581806,-0.84623960884888161,0.52540801269839654,-0.088458716967936293,-0.098561179544688404,0.0087897459066995851,0.99509217374756576,8.8194308655405287,-21.986554310315682,-5.2181772986439121,0.2368437439650577,0.1775917611835717,0.6666666666666666,True,1
0.57459561068883191,-0.81820173420979403,-0.019641952886944307,0.81340888705762293,0.57355703744999464,-0.096944867049596484,0.090586238650285936,0.039727156048102896,0.99509591821066301,-4.0549403097832393,-24.246933605227909,-5.6921100756548135,,0.3428023830818701,0.9,True,3
0.21350488667023562,-0.97662459270963697,-0.024901170307136018,0.97099821627226957,0.21494434531381321,-0.10469666858924534,0.10760170706824272,-0.0018257415894230387,0.99419240557532329,14.772868015690344,6.7065856290700818,-2.5492874177655995,,0.08564992441925973,0.3823529411764706,False,3
0.86685646882592204,-0.49739768143334673,-0.033991307114951748,0.49504150022531124,0.86682295519153074,-0.059597629212021087,0.059108167873188983,0.03483548274032422,0.99764358045993695,-2.7224779964881924,-4.3064155224098091,-3.7865534889545036,,0.6798080524860732,0.6710353866317169,False,4
0.88409884928464455,-0.46532184856840136,-0.042951157591524444,0.46414123694760967,0.88507450945187705,-0.034871548334726971,0.054241468069266295,0.010894492342644082,0.99846841371086259,11.610283350041996,-14.28822918212609,-4.2705104542205623,,0.1686183290540771,0.9285714285714286,False,2
0.69582570849511827,-0.71726367686172976,-0.036870059018921916,0.71364673519860156,0.69627052044723015,-0.076913585903405857,0.08083885660772222,0.027206253158704126,0.9963558094633771,6.1694324478150087,7.4111706519480869,-2.8115880933088273,,0.1920547237157983,0.3235294117647059,False,3
-0.39727585056616049,0.91650941205550218,0.04671612324037161,-0.91176354114704206,-0.38841403093396398,-0.13349826069516546,-0.1042072146827578,-0.095629693021077822,0.98994738154144057,19.746715288333903,-5.7273142567940898,-3.5910578421350432,,0.1650920993386666,0.6,False,2
0.85246136782178517,0.48594242078827121,0.19279413904433076,-0.51920802659745025,0.83004494458164246,0.20358883832675748,-0.061095347516740485,-0.27365188406603763,0.95988645414909157,-4.7103654145582015,6.6802929455834574,-3.1859291384855415,,0.4666328701936719,0.3220338983050847,False,1
-0.61739854178006215,0.76586736686789258,0.17962799607715271,-0.78189001140357817,-0.57236613039230522,-0.24707290998215753,-0.086412097967618784,-0.29299179023750743,0.95220205848247086,5.5780504579723287,10.325353532170062,-2.5882216619443645,,0.3364270008457053,0.2368421052631579,False,2
0.60123036528954255,-0.77489077379677018,-0.19510596233443672,0.79326620067426157,0.60818350879801353,0.029009558665379465,0.096180989398252092,-0.17221239302320859,0.98035305322500732,-14.751640417918043,6.3007150613776002,-3.3724225140567321,,0.1322851493691158,0.4,False,2
0.99300388216136948,0.11800057419865909,0.0043765855681803523,-0.11726327939234575,0.98980001110258931,-0.080902789367649719,-0.013878520043632181,0.079823571143493699,0.99671238788895267,16.668516386898322,-4.152224644998955,-3.4400951030227462,0.2067177376817778,0.1051161479743123,0.6451612903225806,True,2
-0.031472857336939677,-0.94487037508161387,-0.32592857123022906,0.99297972273711654,0.0076411831365568519,-0.11803763193656726,0.11402074146385634,-0.32735544384262732,0.93799663320431415,-0.74941689722228355,17.487921158766198,-2.3966454950296736,,0.1434010973900954,0.2631578947368421,False,2
-0.28385186814681779,-0.89035695544036841,-0.35593905215432364,0.95247109954633913,-0.21900507494558252,-0.211744142013578,0.11057541082242507,-0.39912563065660972,0.91020426799395682,-14.66058376715397,12.037470244015724,-3.2359030584419846,,0.193372783348354,0.375,False,1
0.92424793197475075,0.378154687574421,0.052581294258392273,-0.37723166343646658,0.92572889730100261,-0.026875282376660092,-0.058839037563101312,0.0050040950591299111,0.99825494072971477,21.575750872156988,14.989211960712575,-1.6454002263011409,0.2615511429939561,0.2501376910505727,0.4137931034482759,True,2
-0.10189638407747814,0.98437224685549463,0.14362592569797247,-0.98821147073708826,-0.083578707772384617,-0.12826803464128936,-0.1142594241871354,-0.15500283619264124,0.98128431392571502,-15.426765235424673,8.2048445286105327,-3.3633791546516045,,0.3137702221807553,0.25,False,1
-0.84521125912495776,-0.53441187288735958,-0.0046773459811453692,0.53077394631535324,-0.83837101847913298,-0.12414931851237528,0.062425518509895722,-0.10741501520404495,0.99225252287282462,-0.49123897931716237,-22.727573405127021,-5.478715197218996,,0.1321118212155499,0.7777777777777778,False,1
0.7054479789418886,0.70794605350801976,0.033993151210570671,-0.7039663651709922,0.70543839510944972,-0.082389486060691297,-0.082307385541918257,0.034191461329162218,0.99602030012316034,6.9986126307945122,13.25689732168564,-2.3841554065227282,,0.4012843118905281,0.6956521739130435,False,1
-0.99887940405456355,-0.047023159357226778,-0.0053627082396845967,0.04686597882765732,-0.96696540315413082,-0.25056234579739667,0.0065966797803669337,-0.25053289521943711,0.96808561203482468,-16.022326553549817,7.9710553143603287,-3.353386310983629,,0.1701438015045879,0.1923076923076923,False,1
