axis_00,axis_01,axis_02,axis_10,axis_11,axis_12,axis_20,axis_21,axis_22,location_x,location_y,location_z,dbh,dbh_approximation,score,reconstructed,number_clusters
-0.81402854191732898,-0.58082245373868768,-0.0016763582311374384,0.56868123124749015,-0.79641876424404967,-0.20571535962786236,0.11814901679991865,-0.16841148771076273,0.97861043354148924,20.249160268275158,9.6914115297830623,-0.81687433221239625,0.1783185687506964,0.140202627993345,0.4117647058823529,True,4
-0.91271116058973145,0.40029802876620202,0.081974541784867405,-0.40807489058363616,-0.8827746629305766,-0.2327740925510412,-0.020813961902998467,-0.24590726433698579,0.96906986143218843,13.52563463848459,-27.351770827503028,-8.2564778773112213,,0.3156410979766434,0.8666666666666667,False,1
0.70486821277483691,0.6986084198699517,0.12291085512034741,-0.69432504279150864,0.71497409655055733,-0.082004732877330566,-0.14516727445321639,-0.027537555238654268,0.98902383463660826,12.789381952426901,16.725320259049465,0.86828746296282089,,0.210067100545958,0.6511627906976745,False,4
-0.65022860718885245,-0.75925987181329102,0.026966747065805759,0.74654258589848088,-0.6451188661815429,-0.16277535420526926,0.14098555185995276,-0.085709366761787406,0.98629456990091924,6.9638443907951153,-14.495246256084345,-5.2222384071441708,0.2692783422577898,0.2571711396709677,0.992,True,5
-0.99684339452914283,-0.076247348784563185,0.022126648796008223,0.064727273746624903,-0.94188906081273482,-0.32962915094790179,0.045974197295289496,-0.32715644411295092,0.94385117166766508,11.142112466018968,-14.126805964938978,-5.286932976235807,,0.2882431283806998,0.2195121951219512,False,5
-0.81246929939671009,0.57869152789987466,0.070779609173329511,-0.58087633101298597,-0.79315376392280079,-0.18300217169199851,-0.049762692920626662,-0.18979784590981108,0.98056129440299888,11.018377354344119,-0.57608471244859549,-2.4252595448538465,0.3489138806346039,0.328086346719726,0.9888059701492538,True,5
-0.90183413777967725,-0.43202229228708872,-0.00720603234768908,0.42351162393637964,-0.88051720154942947,-0.21290223617034199,0.085633476666296393,-0.19505434304975341,0.97704693384272601,25.606495811841363,-1.5281910902626188,-3.3025549949194684,0.3604257815302964,0.2436992634288074,0.9298245614035088,True,2
-0.96859972926270921,0.24378176789442751,0.04883660629562106,-0.24857242888288492,-0.95358043665891457,-0.16998852437931258,0.0051295293613640228,-0.17679027253686938,0.98423517894092249,17.269505926164189,19.87908212483585,1.2327571707484946,0.3212973801709352,0.2933607607231741,1.0,True,2
0.82747650566745479,0.53477580729592955,0.17116503293420321,-0.54920457498712694,0.83427940160719505,0.048499637804327783,-0.11686302829205326,-0.13413692998174886,0.984047923951615,17.133237371455841,18.864498847402889,1.0609688374399964,,0.5171908769257423,0.3076923076923077,False,1
-0.99929223394237654,0.0022490496178310367,0.037549606632698296,-0.010436245999872406,-0.97560132828524526,-0.21930146606325851,0.036140226229009587,-0.21953812886120924,0.97493430241439061,13.594901623591049,12.155374705925276,-0.040183811021459966,0.2909778578727006,0.2662636253668256,0.9032258064516129,True,5
0.78250050284786421,-0.62264577030724078,0.0022820520027162852,0.61996776652008678,0.77878467539269358,-0.095574043806844033,0.057731546999325714,0.076201536021265975,0.9954197076555521,-4.6579875377487516,-25.365990534712626,-7.0104318146556803,,0.1612313220544294,0.1764705882352941,False,1
0.45267370073617524,-0.8636198227742381,-0.22191737735745259,0.88140278444191944,0.47104934787230418,-0.035236961377346193,0.13496537422556634,-0.17964774860952576,0.97442856802316813,7.4378381622643008,15.094800595986422,0.65178386281903056,,0.4895621668548825,0.313953488372093,False,5
-0.9587938536273144,-0.2819971212497519,-0.03452491641316946,0.27940011159672279,-0.91391609868448564,-0.29443665227866528,0.051477411417265993,-0.29195031798609422,0.95504716529687461,12.641059768449912,11.351842477124384,-0.16847186202827585,,0.1981728934051408,0.3333333333333333,False,4
0.40389601599924246,-0.90081179138182488,-0.15939298845121569,0.90378785960952901,0.41988771327700442,-0.082836061358785129,0.14154685825679075,-0.11060029270520841,0.9837337354036183,20.536330591671067,16.114118663162397,0.34933516065730585,,0.3031771514214621,0.1875,False,3
-0.86106920014515032,-0.50760661499409077,0.029922516198207551,0.49627639787909389,-0.85175311356797212,-0.16800705471918839,0.11076808867874556,-0.12981586167146872,0.98533155464998257,16.209662225698061,-8.3998873565481755,-4.2534470715795454,0.3970063955976612,0.3441425691793324,0.9491525423728814,True,5
-0.7915345433508677,-0.61057610227460146,0.025882233549089542,0.5985649123163318,-0.78311385311370529,-0.16867939650457744,0.12326034409361319,-0.11802337223008899,0.98533109723653933,5.0579474237637303,-2.4465904385499577,-2.6352205399569999,0.2795878958002004,0.2343731428012755,0.9625,True,5
-0.97157743908367566,-0.23478112036799118,0.030250708791018922,0.2246968195499521,-0.95487321717590001,-0.19423820016743437,0.074489053878703845,-0.18192021503642442,0.98048784603041272,4.5337385260893823,22.298459607482496,1.9598159009550893,0.1787117480351013,0.1916558232663415,0.7142857142857143,True,5
-0.92030244531787164,0.38737155978110338,0.054650560973340125,-0.39080461408321449,-0.90400005236909886,-0.17336567978679032,-0.017752823809620163,-0.18090655043259565,0.98334005168983274,2.9290203535901052,9.5031649528780413,-0.24140972249117509,0.1397250707897833,0.1467609875931517,0.7727272727272727,True,5
-0.97294392823415377,0.22566214026638093,0.049565219284208137,-0.23074896457765232,-0.95987837142110599,-0.159337463969739,0.011620148821627058,-0.166463541138481,0.98597913852829655,-1.5990217177385508,2.5425058514438579,-1.4498470962778511,,0.2410890135127971,0.8808664259927798,False,5
-0.93306058537578085,-0.35918833345861062,0.019536763432910494,0.34786208378509076,-0.91480243859738897,-0.20525220827305932,0.091596477459026493,-0.18471664636274357,0.97851410100907676,-2.1164205555664255,-18.667941019603251,-5.697397450592419,0.3070167730398829,0.2535283592596461,0.8958333333333334,True,5
-0.98020495100011196,-0.19449427677756237,0.037016622423465102,0.18495504332939941,-0.96625318735620014,-0.17929419921181008,0.070639125007947334,-0.16889865074877661,0.98309885555490029,11.998700816570926,-12.468906961228429,-4.8742653446231596,0.2750803768901924,0.2588479798430725,0.970873786407767,True,5
-0.45623248134385602,-0.88972978441166506,-0.015258889133926229,0.87832973854485963,-0.44750284307182159,-0.16816086295674312,0.14278933207543282,-0.090122783875165369,0.98564146142095876,21.962275392095783,-9.5714202520028397,-4.6892348294341479,0.2918754669067822,0.2288938240529111,0.6382978723404256,True,3
-0.14824151497752472,-0.95191879203415364,-0.26809525659624578,0.97726668016603291,-0.099455560194809584,-0.18723895797509113,0.15157271876703149,-0.28975714817511439,0.94502196059509425,4.6217235952233926,-0.6032132831917193,-2.2272168316237582,,0.3449752112267979,0.2958333333333333,False,4
-0.72842280541993443,-0.68408913861526621,0.037712954972727211,0.67238145521997672,-0.72435554993953444,-0.15235555765399739,0.1315423704378863,-0.08562177118243558,0.98760595233076842,8.0942266239652874,7.1017799349623703,-0.82410069599571245,0.1955106586914482,0.188272265509608,0.9181818181818182,True,5
-0.54483697755447913,0.83510837026335827,0.075806845372823284,-0.83255474850372457,-0.52794793883480018,-0.16770081879343093,-0.10002628971026231,-0.15448295632905579,0.98291899847883446,-1.9915145634121996,9.7433870133561555,-0.045661436721813491,0.3748288309213405,0.2651816270991063,0.9806451612903225,True,5
-0.99671604420230986,0.063461354233164069,0.05029695565930066,-0.072581684209798131,-0.97555189500512052,-0.20743769972979534,0.035903013062553987,-0.21040712124548558,0.97695435767604788,1.5976367472780502,21.261386712880029,1.8951644176095044,0.2054776136467185,0.2012219656563047,0.3636363636363636,True,5
-0.51889052959591442,-0.85482594183590133,-0.0050226944994915743,0.8441689343220502,-0.51147838378016364,-0.16052623851322628,0.13465299336162173,-0.0875355475792291,0.98701879378700741,17.15314070273017,-20.436347996824335,-6.9706263696799757,0.3766615518368576,0.3328077096954486,0.9846153846153847,True,5
-0.99753580161903488,-0.05872298622053982,0.038391866034513854,0.050205757436075422,-0.97970890350673134,-0.19403568308408742,0.049007207720290775,-0.19163004795433503,0.98024293841500321,12.935001026353522,7.7662873958682965,-0.84638442580562978,0.2325381607807333,0.2388993911163022,0.8947368421052632,True,5
-0.93875561342294378,-0.34337433156673852,0.028843832755165562,0.33262132315493737,-0.92485028364326149,-0.18443158142692748,0.090005297897241376,-0.163542108541116,0.98242201984908439,1.3047698752168664,-10.300328384254758,-4.1807119501128298,,0.1884519025431895,0.9134199134199135,False,5
-0.37694980093039654,0.91236298815626182,0.15969541452750427,-0.92318484953635371,-0.35610491159899171,-0.14463410912234409,-0.075090486515099433,-0.20194818587363256,0.97651336348115281,3.0717452127949745,3.8365105822566399,-1.2604684116696605,,0.2661633043135448,0.2237762237762238,False,5
-0.92708616118954823,-0.3737549945106618,0.028608631724749659,0.36338989521036424,-0.91485159479873401,-0.17605210465431373,0.091973005767060384,-0.15281938218873961,0.98396504136967389,16.575630605425804,8.469467687500682,-0.88455344220745991,0.2062077394158786,0.2391696446690106,0.96875,True,5
-0.97739576779781823,0.20372426934901031,0.05651491103351753,-0.21112813133000669,-0.95452709546656034,-0.21048262679202756,0.011064594525508335,-0.2176567161802834,0.97596266765158723,6.4686518535215978,27.994071579882647,2.8407463294709552,,0.1371359416229771,0.6818181818181818,False,1
-0.98947200405474356,0.13838356856473524,0.042369105999300813,-0.14377026330776754,-0.97344396672489786,-0.17814868799772821,0.016591099430295801,-0.18236455685846945,0.98309099468030392,16.91533810300221,-13.686150480688541,-5.3509012445651667,0.2395017636920284,0.2559407367414789,0.9746835443037974,True,4
-0.99150340848648033,0.12269910194502108,0.043196311666370835,-0.12819625399957565,-0.97800977618351381,-0.16450713707906672,0.022061537121632675,-0.16864699247647413,0.98542959185751677,6.5523578909035294,2.8522015567656411,-1.6061135529719963,0.2273519818432035,0.1866695188551901,0.9063829787234042,True,5
-0.95662620076085825,-0.28869940216964851,0.038973929808692596,0.27752732737853719,-0.94382273835224006,-0.17938010237315682,0.088571409472649021,-0.16078337524808176,0.9830075338815375,-0.047268999506650158,-23.641409288694504,-6.7736740059367531,0.2126524070942804,0.1596489085300592,0.5925925925925926,True,3
-0.69924135551745736,0.69403777081658624,0.17138582034127947,-0.71096509249530748,-0.65005328544890939,-0.26825242464928073,-0.074767399227525788,-0.3094225246439295,0.94798076839972312,-18.275570809123568,-23.312481581630465,-6.0923267411180246,,0.1614736573654233,0.3571428571428572,False,1
-0.59498834967556224,0.79798579412678017,0.095955907177219357,-0.7984591484479443,-0.5731996802987821,-0.18413341566689526,-0.091933954609462132,-0.18617410904104287,0.97820618946755755,4.3073001736179997,6.6102092425659906,-0.76539278497181873,0.1784515795627751,0.1590549612081618,0.8035714285714286,True,7
-0.7416384776711139,-0.67044169774190887,0.021915710497739115,0.65828890145567509,-0.73369830923613533,-0.1683523484965915,0.12894995408279203,-0.11042971046319162,0.9854832258283559,2.6198549070862396,0.11362117807372768,-1.900976093541153,,0.1254069241376675,0.525,False,4
-0.99268842542596158,0.10961964738237219,0.05052942640769463,-0.11828108801513325,-0.96688933646400821,-0.226129598350475,0.024068116737346275,-0.23045291046102068,0.97278578413583083,3.1948087417576518,4.1981461717050106,-1.1528634779821256,,0.2334259049233267,0.5710659898477157,False,6
-0.91906314361953401,0.39055501187613617,0.052817807021973182,-0.39357830330555682,-0.90258159615815003,-0.1744780256757982,-0.020470886822470467,-0.18114426564215744,0.98324345805993774,6.8554742919083251,16.461991884675768,0.93612279277450083,0.3080906956757859,0.2746807649940372,0.9565217391304348,True,5
-0.85328128252836599,-0.52113707360994443,0.018088764358372707,0.50900284329997036,-0.83994484888294685,-0.18817214551455699,0.1132570456938333,-0.15135653717058042,0.98196947012442193,8.913977634305688,-21.596729315061125,-6.8944957487145784,0.2167764675121067,0.2654255265950457,0.9836065573770492,True,5
-0.99908502624389994,0.0037111070131410611,0.042606783731732621,-0.011736847234277696,-0.98177129827675214,-0.18970335868660682,0.041126107914861675,-0.19002985440376782,0.98091656000042016,8.4772462060528202,26.495463052094699,2.5694221919879645,,0.2114839084092063,0.8076923076923077,True,2
-0.88076497716775881,-0.4731683966924578,0.019097731963932892,0.46229625431028337,-0.86786888847105048,-0.18189493031611556,0.10264125995601925,-0.15137787419405663,0.9831324991877386,17.632082875729722,1.8844140002597194,-2.2163989688531922,0.2720976367159903,0.2303854502553681,0.9135802469135802,True,3
-0.87860230239341208,-0.47682974004330037,0.026294357555093999,0.46469322238394312,-0.86633602233237417,-0.18309042978743736,0.11008271117402521,-0.1486448634146495,0.98274437229679301,1.8110231934713668,-16.445528516646274,-5.3581675699096891,0.2840586003639701,0.2470505885142527,0.9910714285714286,True,5
-0.99129977899518906,-0.12633788483179223,0.036925425120350602,0.11784572409960417,-0.97684980432078894,-0.17854087798002174,0.058627071183283475,-0.1726360294222091,0.98323937465390643,8.3129234807176804,12.118741179127294,0.07717201128940368,0.2945443271923336,0.2485531212579225,1.0,True,5
-0.99898310876817464,0.013777105409820658,0.042929474285183601,-0.02178785505682191,-0.98112486147979838,-0.1921439448909896,0.039471987128829343,-0.19288389656157259,0.98042733778660429,24.812488846120914,-5.5273435530473893,-4.0364026582572894,0.2487916168351138,0.2710774544646554,0.6744186046511628,True,4
-0.93209564077470286,-0.36078739986389879,0.032096238848901656,0.35034613101782808,-0.92050888447897095,-0.17297682525737901,0.091952732040094728,-0.1499861516765135,0.98440278817953109,9.7079381219314911,-8.179442951376906,-3.9808852809946376,0.2610610957350825,0.2500707118390961,0.994413407821229,True,5
-0.99538774157010179,-0.086726161002311453,0.041009961348147023,0.078076416009406735,-0.98074855548292561,-0.17898699444731681,0.055743315250363551,-0.17495954937058714,0.98299635751560255,13.79700288758379,1.3443267390422309,-2.2128539692947631,0.2182040358604763,0.2268917049747887,0.8760330578512396,True,5
-0.89776631692684483,0.43755678810961229,0.050593451857022062,-0.43948086941051367,-0.88211619659272877,-0.1694921270471223,-0.029533127395991496,-0.17439917685579479,0.98423204657145458,-0.56314240795074755,-3.089336470713786,-2.6817425833643731,,0.2998883396672766,0.9219562955254943,False,5
-0.82273498313504512,-0.56758419774128199,0.030908348389450193,0.55581028386770448,-0.81467811594976725,-0.16545239720064683,0.11908852116253732,-0.11894429732830467,0.98573332005182679,-5.2696513754805494,18.017737867775605,1.6277698210980607,0.262273964734936,0.2348908817286212,0.9782608695652174,True,4
-0.37253986467841554,-0.92763464093149195,-0.02660868597451635,0.91609727007343311,-0.36302334714728046,-0.1702346650655753,0.14825599815653787,-0.087795343668600478,0.98504423080424219,22.014036096387844,4.2216959284050839,-1.9512006643479904,0.1861303592182831,0.173814938222049,0.2777777777777778,True,3
0.99250894554851565,-0.11644645892893755,0.03696234853314391,0.11953566918683602,0.98809371349883723,-0.096860916453097828,-0.025243153492177546,0.10055364512035342,0.99461135508035559,3.7341745051715449,-21.118223625882152,-6.4907707044257572,,0.1503537288568823,0.3,False,1
-0.64141474656534658,-0.7655761059290529,-0.049803101500004478,0.75448919011609095,-0.61769693912212353,-0.22180296074923106,0.13904382361858969,-0.17984359157241941,0.973818821795849,-19.930556218764387,-21.102725618874775,-5.5641193803403803,0.171677541972343,0.1631945399553191,0.2333333333333333,True,3
-0.1692812736395736,-0.98545718477178257,-0.014764395572974438,0.97391104732496647,-0.1649631263179728,-0.15583465228820484,0.15113279688191095,-0.040759096372123084,0.98767280704167293,22.244973551480602,-15.107804607066775,-5.8492568833952534,0.312237401527619,0.3574357261353952,0.8490566037735849,True,1
0.2440933783744782,0.96746074704391916,0.066619258198790138,-0.95776814204719718,0.2512739189039796,-0.13979128641692093,-0.15198226446923077,-0.029683675780797183,0.98793738196251413,5.1809717602692125,23.956578035577682,2.2598255669688898,,0.2184175566232817,0.6571428571428571,False,1
-0.9388393487869181,-0.34382886377449495,0.019036533426424935,0.33602920560909449,-0.92682101607997347,-0.16759229436405076,0.075266527401471814,-0.15094540929761838,0.98567257913817319,27.807863459092079,19.371026143045061,0.60830906303214249,0.3404337929029062,0.2273127955890472,0.8,True,2
-0.2424836403742395,-0.96766230256906083,-0.06950793003391556,0.95817838023262258,-0.22765132448853648,-0.17340434283316714,0.15197327332673993,-0.10864871212010871,0.98239481958579022,-16.507562390235563,-21.766947850744199,-5.81956420130442,,0.1851171737415562,0.3333333333333333,False,1
0.81297887720883366,0.53929685358023471,0.21960020248333809,-0.56994138092000213,0.81424236441892783,0.11034579421289636,-0.11929864847208145,-0.21486804253758326,0.96932943665649729,-0.12103837137399426,-3.9630118706281814,-2.8710859974463419,,0.522538903137614,0.2216494845360825,False,1
