axis_00,axis_01,axis_02,axis_10,axis_11,axis_12,axis_20,axis_21,axis_22,location_x,location_y,location_z,dbh,dbh_approximation,score,reconstructed,number_clusters
0.98849137062611081,0.15017123613395003,0.018259519043906661,-0.15119480752418438,0.97674473076871926,0.15201927868947288,0.0049940339844826778,-0.15303048962067745,0.98820884881234416,-7.0991366919756205,-26.322737520982791,-2.6553194102232625,,0.2912757066615403,0.5263157894736842,False,1
0.9144523183008485,0.3674875752358468,0.16949878938058011,-0.40466432463247348,0.83536346150246943,0.3720412229261123,-0.0048725685165432429,-0.40880407193898033,0.91260916543839354,-2.543878044124193,0.35033862199460564,-1.868512758091988,,0.2361693173749775,0.3081395348837209,False,1
0.88050842781323369,0.47399707552936005,0.0056285823687566849,-0.47398519475698575,0.88052636706632914,-0.0033692806583334178,-0.0065531443635825914,0.00029881530506981405,0.99997848327269712,-4.570393652620746,0.072417789571344995,-1.8037424127577217,,0.2968797992817613,0.9810725552050473,False,5
0.14176070621725348,0.98943616481687169,0.03033113788285096,-0.98932353233785153,0.14265789800749543,-0.029793833231752647,-0.033806072462561794,-0.025783713630236176,0.9990957659684544,-7.1606104088719418,6.7198186409645935,-1.6101333856586444,0.2814829121339052,0.2275468005989965,0.75,True,5
0.95627056073493233,0.29247076192630161,0.002732780625396572,-0.29248340478696983,0.95623702072766781,0.0080136205360383066,-0.00026943629956811821,-0.0084624823853661837,0.99996415625559198,-3.5736303702779417,-16.860807035780034,-2.2844350282049959,,0.2787175479753355,0.8823529411764706,False,5
-0.45693190901235353,0.88159845571623485,0.11831058027528585,-0.88851299625523439,-0.44609931247623474,-0.10742466613294607,-0.041927151249167988,-0.15420624594023155,0.98714869584128451,25.935650080422938,-11.476741090038701,-3.0092863951471895,,0.2630824095188062,0.5897435897435898,False,2
0.27682395488205902,0.96075311359412596,0.01794304106463512,-0.9604841930543907,0.27721270866111269,-0.02496455586275011,-0.028958813789776744,-0.010323220232107282,0.99952729739008528,1.9343172072827117,-28.087190472936424,-2.9040744116922275,0.2621136846817274,0.2706095464378193,0.8974358974358975,True,3
0.70765881084342019,0.70654160260484267,0.0042392480766571018,-0.70624955127725109,0.70751704081216293,-0.025123858801546294,-0.020750391715727394,0.014785152991408233,0.99967535755097159,-11.46211952123163,5.5145930906195746,-1.507142582645657,0.3367289456588211,0.2741642893535289,1.0,True,5
-0.02488737145649467,0.99898845133507508,0.037452541183938634,-0.9991236666882074,-0.023594636702395512,-0.034571545849062427,-0.033652895945197873,-0.038280115177858703,0.99870021296506795,-15.628486302937555,-5.6533924666081337,-1.7263159154282273,0.2679685067369341,0.2301583963820858,0.9629629629629629,True,6
0.99849752654876944,-0.052404983098854822,0.016012720643255932,0.04673485710306171,0.96699526573944206,0.25047157357485278,-0.028610183633570443,-0.24934689447417485,0.96799152042181602,-1.9494051398695822,0.50325888448758693,-1.8996843151238068,,0.4629023390888094,0.2459016393442623,False,2
0.50242460523740118,0.86382035247298627,0.037201004092456025,-0.86424436067145782,0.50301054114335453,-0.0078791209060975267,-0.025518642197904874,-0.028192093787357139,0.99927674082221107,-4.0404624940895095,-14.283780534556103,-2.2058559549254699,0.1660310027882365,0.175138664016514,0.6944444444444444,True,3
0.19876465650201192,0.97307140523589775,0.1167246830703427,-0.97889826084024223,0.2028840172421372,-0.024418650078194614,-0.047442662758178898,-0.10940802465965178,0.99286407825567302,21.861253141929815,-13.973190016406596,-2.9928362120814067,,0.1699236545101425,0.2592592592592592,False,2
0.40343422579114041,0.91388390050898105,0.045354623257107436,-0.91455882637234476,0.40429428195770523,-0.011326371031509869,-0.028687602980082647,-0.036910025288459616,0.99890673812346609,-20.54652612187131,-7.4818327693503441,-1.6899135004904113,,0.2017665311320593,0.525,False,3
0.75352567257683922,0.65732078444589737,0.011333450624279172,-0.65723419969890617,0.75361065707645336,-0.01068570479356204,-0.015564945029168043,0.00060322154065118802,0.9998786769453647,-6.4367260369748651,-19.631442437687085,-2.3230770736337991,0.2466723954366779,0.2762867552688088,0.9672131147540983,True,5
-0.72326248707943608,-0.68953381801226454,-0.03787464324712847,0.69027546382607197,-0.72025209759163122,-0.068968833211501643,0.020277051643898814,-0.07602650677417612,0.99689959948048279,-23.429957414862638,-0.86224839975783174,-1.4296823899552957,,0.2465948774388517,0.9622641509433962,False,3
-0.77627906682347092,0.63020288856004747,0.015333938249976278,-0.62967437504084889,-0.77401088745337354,-0.066462978571218773,-0.03001652592486723,-0.061249206968042806,0.99767105942649692,-18.714688663754757,-8.1777282670516751,-1.7513946956194493,0.4959214725039598,0.20574577930919,0.7692307692307693,True,5
0.20982626136214447,0.9772015864767587,0.032403694698145059,-0.97694375855336646,0.21087663404110626,-0.033345731947515576,-0.039418684229781432,-0.024659777022490198,0.99891844648639583,13.997377654000342,-16.057422833833538,-2.8986947847461075,0.3054196786418579,0.2687791974960119,0.803030303030303,True,5
0.27101717811121179,0.96023631040579749,0.067051602120285908,-0.96212292858985204,0.27236549888396394,-0.011683548235730033,-0.029481510312786285,-0.061345441525437208,0.99768110002832433,-10.162941118597091,-18.902163078672043,-2.2556350158532443,0.245962725066856,0.2014894568279667,0.2,True,4
0.40948305079108571,0.91224852654762434,0.011236410748679034,-0.91198139593016825,0.40963544553886028,-0.022107357043317025,-0.024770236011920972,-0.0011948095527997936,0.99969245662756012,-5.9601071468794595,17.34158185611135,-1.5309018719382999,0.3253545329595776,0.2940810904968741,1.0,True,5
0.31698063170827318,0.9481465594607722,0.023267593440772609,-0.94793929822781897,0.31751128107183735,-0.02444735706515928,-0.030567400890078145,-0.014306927511584269,0.99943031064101928,-8.6886650790783353,4.8357942040619415,-1.5790008824058184,0.2205147900476627,0.2238459140021448,0.95,True,5
-0.47443405748748874,-0.87982904295061248,-0.028516315971165759,0.87987061891528529,-0.47295752477486824,-0.046247959181598478,0.027203291447744183,-0.047032275507775008,0.99852288205877893,21.846369847917202,-18.289278416379126,-3.2462147805248911,0.4006792930635711,0.3538397679907274,0.9180327868852459,True,2
-0.23612929052648396,0.96655205897687602,0.10010032688769008,-0.97075299455237751,-0.23004047551325293,-0.068702279388898377,-0.043377202803468004,-0.11339531257154979,0.99260259991788735,2.2989511839354146,-23.15676618658869,-2.7829387192913382,0.2671149652617372,0.2629845531706134,1.0,True,4
0.25324636476397444,0.96686456510522423,0.032236492950040233,-0.96689824052658124,0.25404902082514824,-0.023809399076525416,-0.031210113752335965,-0.025139764550796646,0.99919663782355572,17.275138132915284,-18.066101985222343,-3.0664714477620749,0.3106617965290724,0.3155388709568966,0.9761904761904762,True,5
-0.43382136909212465,0.89731625887141853,0.081379059247677632,-0.90063066975296835,-0.42928963532330783,-0.067637310001969056,-0.025756871303703834,-0.10263498706086502,0.99438556054060945,-20.23362693184243,-2.0363917022854419,-1.504684709145099,0.1443026409124864,0.1684101979356089,0.4736842105263158,True,4
0.46539070984513187,0.81554321155357767,0.34394877129991552,-0.88469915155161216,0.4403896141387641,0.15285417561378306,-0.026812281396832695,-0.37542809943794553,0.92646362244758995,-3.2404567531874413,-12.865416117440493,-2.1947401012781507,,0.5930108810624142,0.3235294117647059,False,1
0.79348378594545399,0.60803477546805629,0.026022937251189999,-0.60857352116222951,0.79306246463073804,0.026271591768007311,-0.0046637733515110177,-0.036682952652832314,0.99931607122211141,-2.8293282639284043,-21.490533791585818,-2.5802235386571826,0.2869050030739043,0.2339588056317211,0.9885057471264368,True,2
0.33783436166085973,0.94052193637544879,0.035866854863187823,-0.94072373879131277,0.33863535903339143,-0.019103426049305178,-0.03011297653329182,-0.027287008060680948,0.99917397275719866,-10.351294606958204,6.5430688527530148,-1.5155483864092232,,0.09389923117982935,0.3076923076923077,False,4
0.96127957201779357,0.27555827751236756,0.0030364643427307318,-0.27557061688499268,0.96126809769422139,0.0049476726809358079,-0.001555484140799434,-0.0055928570292897023,0.9999831500677091,0.64092247033433936,21.902229090792105,-1.6726913068106988,0.2306030782030151,0.2462916254223877,0.8076923076923077,True,2
0.93006439965287369,0.36738812407659965,0.0024857163588350023,-0.36739600629827646,0.93005323579460142,0.0045992547296598331,-0.00062213697552190167,-0.0051908453520179906,0.99998633394167713,-18.643536256395979,-6.1194710399335861,-1.6720600323118842,0.2635259353381528,0.2285726327995313,0.6666666666666666,True,4
0.2036073093284318,0.97484372585625312,0.090685024930996699,-0.97835905320909389,0.20607427931179884,-0.018626712268379083,-0.036845984745186695,-0.084929980365133426,0.99570541418802017,8.1989161058123798,-27.505263509666367,-3.2203671922638621,,0.2645750679748806,0.6470588235294118,False,2
0.32552460367202235,0.94357588031240214,0.060813571650141438,-0.94273372127429833,0.3288345960734525,-0.055865366708919437,-0.072710818840702074,-0.039145453348805835,0.9965845525120437,-11.351087172053917,20.127755900958718,-1.2920835051708364,0.4243476629657529,0.2123535060476421,0.4,True,2
-0.69328250888272414,0.71727480858937054,0.069829877848656602,-0.71993138887561936,-0.68494326585211085,-0.11203355691696781,-0.032529343505491602,-0.12794362636304907,0.99124783494551738,-11.336491496814705,17.391266283037016,-1.3170455552490026,0.2839427162543394,0.2560586414742047,0.5294117647058824,True,2
0.54676206341205114,0.83707321386829436,0.018965248155515247,-0.83683287238211934,0.5470713996816079,-0.020582209577629431,-0.027604161173403814,-0.0046171717111755696,0.99960826927917223,-14.172153904502025,15.155027372488446,-1.3051700990463997,0.334283626471547,0.2877698262935827,0.9,True,2
0.99686443688427373,-0.077339418053817624,-0.01673047789202891,0.07800281445756245,0.99600330476841681,0.043508365024329872,0.013298699639361006,-0.044676966162532347,0.9989129658195518,-9.2239172642061025,-20.748065444830374,-2.3218100773739954,,0.08863676298442444,0.25,False,1
