axis_00,axis_01,axis_02,axis_10,axis_11,axis_12,axis_20,axis_21,axis_22,location_x,location_y,location_z,dbh,dbh_approximation,score,reconstructed,number_clusters
-0.1236875478953183,0.99230907961368231,-0.0049072407614561553,-0.98187677785542904,-0.12309980874359946,-0.14409868214362775,-0.14359451105068177,-0.013004906902272802,0.98955115521764681,-20.213502895625552,-8.1721445734642337,-4.6733271254140529,0.2098081901329723,0.2425956859495391,0.95,True,4
-0.14459343049091458,0.98915653424304062,-0.025731121684946553,-0.97762914724159289,-0.1468262163557843,-0.15060980265016011,-0.15275467365205161,0.0033783065196776735,0.98825836536935729,1.5128174780759702,-20.899059966784179,-6.3736172161732805,0.1703977852436502,0.1078850885672395,0.5925925925925926,True,2
-0.75320979284145184,0.64552389168076008,0.12638794735679687,-0.6332664797240154,-0.65966170795844781,-0.40474683039067444,-0.17790045988049358,-0.38489652677397695,0.90565230085924187,-5.2290807983303731,3.983796636622611,-1.8489020247645973,,0.4058994703054109,0.1204819277108434,False,7
-0.93399347628828144,-0.35191065785121073,-0.061766294543706871,0.35667685198338123,-0.90822830509988983,-0.21886746920135636,0.020923898063147435,-0.22645139590232086,0.97379769756543033,-6.412161336585795,-13.426674348633824,-5.0518731342217267,,0.2522240584194613,0.9532710280373832,True,6
0.092705011133537157,0.99544870585347545,-0.022082910255928925,-0.98658802147777647,0.088842079328804682,-0.13693487801542822,-0.13434975544189345,0.034481284128858043,0.99033387514389692,4.6277648943796139,-16.172542312269702,-5.4506616055004349,,0.08101422587535992,0.2083333333333333,False,5
-0.013475872831899124,0.99914897395245228,-0.038983697890020839,-0.98929589004459384,-0.018988053231563658,-0.14468274180202087,-0.14529983755081566,0.03661668587184317,0.98870985406410772,-2.156041960025592,11.939645262968847,-0.33601985540840451,0.4030775730885082,0.3084664423143361,0.9382716049382716,True,5
-0.98905017242661097,0.1240303171853987,-0.079976476802749413,-0.098267032299577881,-0.95779442548724592,-0.27013594516204364,-0.11010607061340913,-0.25931895211196265,0.95949483286239157,-0.88067346494031962,11.458547286446892,-0.38667908199622975,,0.3468740061590179,0.2631578947368421,False,5
0.44611987130933395,0.89497320896324339,-0.00012514383650655964,-0.88928535679778553,0.44326888303635825,-0.11262438242554773,-0.1007403325782687,0.050355263575277302,0.99363762651294851,5.6495421572451336,-5.0167480330822372,-3.2677223804625424,,0.08656240782500357,0.2788461538461539,False,5
-0.96477835571141157,-0.25297109229187398,-0.072168904768208211,0.26158651518057657,-0.9515876404228033,-0.16141083504599321,-0.027842762550948828,-0.17460409233239355,0.98424498551646866,-17.489513833207461,-0.0092317681838817722,-3.1953819846440035,,0.27079817694742,0.7,True,4
0.040906486179328926,0.9947191043472573,0.094130562704433429,-0.98881664194729979,0.053825356369421581,-0.13908443342003712,-0.14341655412304521,-0.087388411464550952,0.98579661063790236,-1.3097739289066288,-1.6242572279207008,-2.8207587603668727,,0.1867897888779092,0.2551546391752577,False,5
0.63443790769504549,0.77021673337538965,0.065228252376393278,-0.77087738790509386,0.63667121978564167,-0.019945192736188833,-0.056891072200773954,-0.037628998461406181,0.99767102011566866,-3.4661873602826048,-13.706661061917787,-5.0954034056198694,,0.146605817242482,0.2619047619047619,False,5
0.004922617784047973,-0.97596955557418008,-0.21785131265726132,0.98960360896639477,0.036068651528863398,-0.13922553464640688,0.14373748625477142,-0.21490109113084799,0.96600054662299828,1.5303551844601539,1.5683386522369578,-2.1247723799263563,,0.56753910767057,0.3378995433789954,False,1
-0.28837424686291419,0.9575076789093544,0.0043975647656485581,-0.94440184663882876,-0.28366358629793681,-0.16625318605597739,-0.15794127329934263,-0.052096205602844767,0.98607329319395332,-15.790093674827151,-2.9913828712639496,-3.5475730718226934,,0.1987173096912475,0.6612903225806451,True,5
-0.9662200997896816,0.24971923268799509,-0.063710466864845855,-0.23542684299287886,-0.95582285112350174,-0.17600249676793289,-0.10484712852922591,-0.15505799591075214,0.98232586118014653,12.892994870065614,0.036233466896021027,-2.1152239805262645,0.2581173964984723,0.2272526194654097,0.9662162162162162,True,5
0.96531683996219886,0.25133302093860638,-0.070676099717426596,-0.25774656016917141,0.96053282336378498,-0.10461073540394381,0.041594581454237799,0.11919902611459685,0.99199873133335048,-13.971939281897907,-6.8219526773831483,-4.0960904057006031,,0.2958566205486866,0.5483870967741935,True,5
0.96386539031375973,-0.2530770169983575,-0.083159682674463303,0.25694031157394032,0.96562256778157407,0.03943010118179438,0.070322013932984179,-0.059372384642467801,0.99575586079032263,-3.2032337233410475,-13.587928573152148,-5.0062407639898421,,0.3099710298844925,0.1754385964912281,False,2
0.63264688316047413,0.7538497152544158,0.1773937091279551,-0.77111674732993307,0.63438209948601287,0.05420621587070934,-0.071672053233049607,-0.17108465349806901,0.98264599837520517,1.9313878690165429,-16.279241379781659,-5.465233453142627,,0.3481881854619601,0.2452830188679245,False,5
-0.42326383972563536,-0.89991717641097624,-0.10486561677312725,0.9005257140608417,-0.40516381767513626,-0.15778377344366287,0.099504574246232214,-0.16121835021921538,0.98188975107018561,14.792224535834425,-11.993154855887136,-4.4946537196491008,,0.2413217096762707,0.4727272727272727,False,1
0.97084093935574622,0.23804152261436978,-0.028356727284446853,-0.23875307265252688,0.97075668754155098,-0.025068384318347486,0.021560166275547112,0.031107669549286746,0.99928347936177875,-3.2228107844457781,-15.013628027939141,-5.3218206211454646,,0.2354160679905316,0.2608695652173913,False,3
-0.97367618443962323,0.21040576278723774,-0.087659014602147603,-0.18919841205969137,-0.96051868830671316,-0.20397992618795696,-0.12711667368677523,-0.18202544986752212,0.9750426077209845,26.793405163128199,3.9863912558027952,-0.68593837099759536,,0.163839496001917,0.4,False,3
-0.45173636568478837,0.8912583701956861,-0.039909566196949582,-0.87826303473376477,-0.45212140569354786,-0.15569289108346737,-0.15680656152769015,-0.035281044057962146,0.98699896159623324,8.3391147497761118,-5.4258215509757752,-3.2918136548420316,0.3168085236282452,0.2254643784914214,0.9938650306748467,True,6
0.2087649779071242,0.9772609006628501,-0.037125678917340935,-0.96971896020724935,0.20193569886839521,-0.13735760531220911,-0.12673721716216485,0.064676932195090853,0.98982552615489883,-12.173164839266652,5.9590987771867781,-1.8156932384257751,,0.2814418673919162,0.6823529411764706,True,5
-0.80913441722728707,0.58657707519548186,0.035054667497675003,-0.56770440579393233,-0.76491376225071228,-0.30433311348195213,-0.15170102999128379,-0.26614708560225675,0.9519204411740555,-4.1422748049544102,5.4746204224895827,-1.5552400858932387,,0.2006595806711281,0.25,False,3
0.97295926393493437,-0.21641396255306461,-0.080717207182072065,0.22047159320988083,0.97434588300173897,0.045192663841163605,0.068866155045055416,-0.061766472213040942,0.99571198426034202,-7.437895601065776,-5.41719259777072,-3.5849398551139138,,0.4231214096317294,0.2222222222222222,False,4
-0.46966309209912627,0.88181086173963952,-0.042733874594801144,-0.86783541728977043,-0.47002455264925663,-0.16105467520180278,-0.16210573221629013,-0.038555466860911165,0.98601988192822942,4.4033829005535772,-13.756019129083748,-4.8426032058860065,0.2071675234908765,0.2503714175274223,0.9735099337748344,True,5
0.85037862411085563,0.52227536441767297,0.063911183510516445,-0.52537273611499113,0.8494905265378786,0.048469923348871069,-0.028977298051679291,-0.074794980077438858,0.99677782236205459,4.6217959926369732,-2.0602080200750277,-2.761286632532542,,0.3794111748868725,0.2528735632183908,False,4
-0.98384963799322311,0.16580124980151462,-0.067452467596526025,-0.15186898546102848,-0.97265812273326713,-0.17570426157619351,-0.094740176670948612,-0.1626226363248772,0.98212940953781891,5.4366252894649802,3.1398538429384812,-1.6443316129015413,0.335772531198424,0.330434416413839,0.9,True,5
-0.82753979510078046,0.55836887214854514,-0.058327438998472467,-0.54376689675132128,-0.82303915414080842,-0.16408568721439712,-0.13962610616212426,-0.10407090547672156,0.98472016182835342,11.330876039360255,11.13932796174244,-0.0056295781304150014,0.2427927268537368,0.2002326705528368,0.7647058823529411,True,5
-0.14440841696087309,0.98817646643199086,-0.051511943283475817,-0.97776212553268138,-0.15049991133348509,-0.14605136960133994,-0.15207706922698336,0.029275380076073325,0.98793497616833736,-10.862264520417803,12.561730610530534,-0.60172483634240326,,0.2702891515024629,0.6956521739130435,True,5
0.22061555356868545,0.95708617524944639,0.18792240598174964,-0.96762718472103249,0.23898004081802496,-0.08115523075849658,-0.12258225366027563,-0.16393472248734306,0.97882531528897765,-2.08229570033861,0.20783710406976183,-2.5080861718676082,,0.2612945150421481,0.1596958174904943,False,3
-0.78379193297905203,0.61861036582810625,-0.054693885279611658,-0.6038653449003788,-0.77973439114748511,-0.16541137956684998,-0.14497189736396909,-0.0966203630291185,0.98470688756746949,-2.5484422291294822,-7.5060322011342029,-3.7982043468128333,0.3190436078509357,0.2644151572443844,0.9870689655172413,True,5
0.79754536775861551,0.59971329081325631,0.065309686790788773,-0.59993641899375993,0.79983777661874345,-0.018325508411235897,-0.063227205629539193,-0.02456623527366715,0.99769675781409661,-14.501305736435254,3.6433023085635292,-2.3146203471142597,,0.2452236651311809,0.2222222222222222,False,3
-0.50741728540701314,0.85997944297124418,-0.054433961247076751,-0.8468159997377388,-0.50934706149152842,-0.15319345135520976,-0.15946899716983784,-0.031637455915663207,0.98669585502566715,-3.7833009388480461,3.3579556283304055,-1.8975092941018743,,0.3664908368521368,0.9808695652173913,False,5
0.898089450988516,-0.39955055982073712,-0.18383331626797397,0.4129949705731244,0.90984911031482163,0.040121699124424814,0.15122993190651629,-0.11195510978183294,0.98213825966066892,-5.6271576807945207,-10.865244484239469,-4.6674837809886442,,0.2726927542171119,0.3571428571428572,False,5
0.041723725949949171,-0.98373051783888266,-0.1747380867621548,0.99026327300925343,0.063963105684507957,-0.12364210949427411,0.13280730711017047,-0.16787790022405352,0.97682098144670726,-5.7079967721544538,-9.2096370848935063,-4.2988464109008744,,0.3377651016423778,0.1609195402298851,False,2
0.56158236677635132,-0.80363389909433069,-0.19697157549330829,0.81248678890716208,0.58061779353215925,-0.052423236118884178,0.15649429119683933,-0.13059683786482415,0.97900664081634714,2.8020610223816225,-13.916917073334613,-4.9305145630149498,,0.4855696919528009,0.474025974025974,False,6
-0.30480091269818482,0.95147990352510137,-0.042218441541788769,-0.93908171945416341,-0.30762970511399329,-0.15326280931292099,-0.15881412974091691,-0.007068077485528082,0.98728319872025228,4.1792017186906181,11.337878381937893,-0.20300650202628631,0.2019008826661474,0.2254184178514323,0.9239130434782609,True,5
0.48402009325563444,0.87356884167724569,0.051010079155803363,-0.87034501614923876,0.48663643243097665,-0.075395858606634281,-0.090686835808660812,-0.0079032576527598847,0.99584809902388538,-0.086768563744976129,-20.045030733800722,-6.1599760154101473,,0.1510912566746961,0.2142857142857143,False,1
-0.32996237349903917,0.94181495462174858,0.064104783953413499,-0.92508181039278448,-0.30908037432234325,-0.2206648279385906,-0.18801190429142572,-0.13211325996883658,0.97324077718985735,-12.178413372212866,1.079227523529102,-2.7525720596033976,,0.3476759073648847,0.9027777777777778,True,4
-0.13760611606029974,0.99030149085955299,0.019170655287332153,-0.97877387066956412,-0.13298560678280072,-0.15593761086771002,-0.1518758272975603,-0.040221705458081979,0.98758085617974811,20.802668810986741,-8.5487221795720671,-3.4408691916184457,0.3030536685350486,0.2184315968635458,0.6060606060606061,True,1
-0.77845815480878278,0.62176766155555285,0.086069020300245824,-0.61813577048438406,-0.73551933933049296,-0.27734359685868265,-0.10913785071816953,-0.26910272483676956,0.95690786025930596,-7.0661286517635942,-15.249271845081426,-5.4425188993494586,,0.2741924081955009,0.1785714285714286,False,4
0.99403094467014363,0.058106366159360136,-0.092337052421747501,-0.064339986339067831,0.99574111648295349,-0.066030258996692556,0.088107021264316618,0.071577085418701586,0.9935360454693597,13.175590810733837,-1.5451487804230095,-2.4179098650804725,0.2770789175948092,0.2195675324133028,0.2553191489361702,True,5
0.7499546086354606,0.65284532928467687,0.10658827804976911,-0.66133294116254138,0.74348289589468319,0.099357558571847554,-0.014381443590110635,-0.14500399836982919,0.98932654595791913,-4.4923752354282529,-6.1418086945995976,-3.6276983697118137,,0.3809133600868319,0.3934426229508197,False,6
-0.9043536725107415,0.42282632339106374,-0.05798564705105945,-0.40849468488688878,-0.89691994163874056,-0.16931246472105849,-0.12359825013120521,-0.12943152065224972,0.98385514890462922,13.237972912672511,-2.9454416703421109,-2.648992146261981,0.2922336625234818,0.2897872012317083,0.9858156028368794,True,5
-0.16813013713668382,0.9857225854948144,-0.0091236742498729331,-0.97444389577839563,-0.16759081476608084,-0.1495741046647569,-0.14896761717441268,-0.016257406049523054,0.98870842303578965,23.578449873650424,5.5021495698444767,-0.53282974316685283,0.2694748444464301,0.2338616707835051,1.0,True,3
0.088099768492247113,0.99409826169386561,0.063301476198017917,-0.98980213494171898,0.094506069244091911,-0.10658487951321724,-0.11193821713976243,-0.05326583307587205,0.99228654458795607,-8.20005175037989,-3.7926623077918062,-3.3875491478502493,,0.1822422150744785,0.1509433962264151,False,5
-0.82135048978858327,0.56864723097459791,-0.044985549112768544,-0.54971056752769443,-0.81011924843579874,-0.20377707246448754,-0.15232092723074855,-0.14264336654306545,0.97798323355200001,10.75739357450683,15.36949813181606,0.72028400574315454,0.2554637597627538,0.2655891754252347,0.9482758620689655,True,5
-0.6385264223675694,0.76837309973698886,-0.043437167714341279,-0.75259974107417227,-0.63522385167406936,-0.17344822858550193,-0.16086527802344833,-0.078060475689884265,0.98388460932240784,8.4053488929980773,13.774209664725461,0.38124925814302618,0.2752769250203929,0.2422034983510682,0.676923076923077,True,5
-0.75009440014350315,0.65926737777290423,-0.052200722962381443,-0.6445007062224426,-0.74641860291920714,-0.16576522221174775,-0.14824719407843517,-0.090696162104998604,0.98478270477668983,2.9909222745092894,-4.4414358826325682,-3.1962763394747138,0.3486920117752045,0.3060966367747605,1.0,True,5
0.39590989739087362,0.91776758618324417,0.03095175115129465,-0.91184827295083004,0.39689469323433457,-0.10491582149043881,-0.10857292601997059,0.013313911288846972,0.99399932570482974,-1.2816954492087271,5.3017523181687256,-1.4323106478222136,,0.1857803197460821,0.1764705882352941,False,5
0.93427997177282474,0.35413156771785637,0.041373507101316917,-0.35614636952017992,0.92149034188473644,0.15496874940047189,0.016754038968701649,-0.15951922316399425,0.98705264278020655,-6.5441296874476613,-4.7452606801761021,-3.4607841214597284,,0.6497905264288472,0.2210526315789474,False,1
-0.71316978497306649,0.69968667637118531,-0.042748248035612793,-0.68428267697179657,-0.70811038526967773,-0.17417491285928685,-0.1521383442718568,-0.094964399549896703,0.9837864031487451,2.2950184965805818,-14.423002249734679,-5.0796042465301721,0.2371035013569228,0.2361526153605523,0.9316239316239316,True,5
-0.99501014992894254,0.097082747287926,-0.023016118643519757,-0.071683288685525953,-0.85604872230037288,-0.51190046998525685,-0.0693996229212481,-0.50769629231158275,0.85873637812279768,1.2299520422617074,12.396074496817956,-0.13935865540776818,,0.4705270649084585,0.2045454545454546,False,6
-0.98053850142579835,-0.17887299175589208,-0.080924038715003546,0.19632666776435403,-0.89398380574072667,-0.40280118495092898,-0.00029452707135771417,-0.41084961712726958,0.91170307960441854,-1.2666738304897609,5.6041136022559082,-1.3985717838654343,,0.5651762744916657,0.3253012048192771,False,3
-0.67984913172200312,0.73123927301681246,-0.055626286004754152,-0.71707902440504656,-0.67873873044290822,-0.15846579616767864,-0.15363212832980461,-0.067844391032667067,0.98579628105925665,-12.330141566036428,-16.021556184857044,-5.7172496445356131,,0.2700927421788929,0.9777777777777777,False,1
0.770941012415714,-0.63030231482075783,-0.091481950717233085,0.61995436046882035,0.77555853763406302,-0.1190190977894352,0.14596762076272771,0.035042069495249642,0.98866855267797404,16.859999274866333,-18.173010695444759,-5.8592692713684826,,0.3286921120892226,0.803921568627451,False,2
-0.92080345076834735,-0.38299402704986946,-0.073733169586203032,0.38845402542224677,-0.88359231866164734,-0.26147291357879993,0.034992501859061505,-0.26940710763871456,0.96239042761624849,-15.209259520384512,4.6467655906237413,-2.1571520419128456,,0.22719505677754,0.9375,False,3
-0.60843401297854982,-0.77753267476885146,-0.15890560568341433,0.78995456417204446,-0.57418883944513222,-0.21512545921021711,0.076025248401912132,-0.25641785492326213,0.96357150501765021,-6.9196541173467585,-8.6775131739706204,-4.2062083838497735,,0.2709314756541393,0.2916666666666667,False,6
-0.94518189388706209,0.32006796789589487,-0.064712312546062273,-0.30502167226073645,-0.93612986418679345,-0.17499330509730787,-0.11658887991284027,-0.14566184574077057,0.98244066476101299,20.107141838407468,-0.092210376144059303,-1.8134461988860799,0.2526601101293217,0.2245304506488043,0.9841269841269841,True,4
-0.37493713319420569,0.92574926130454671,-0.04909634758510311,-0.91261790360287387,-0.37789064871186906,-0.15597185528042889,-0.16294388044847466,-0.013673434470150722,0.98654058660259092,10.524771643290038,-16.916839815573855,-5.5590440382230799,0.2882651184671715,0.2662806719247996,0.7407407407407407,True,3
-0.98588684979420949,0.1639536335786185,0.033857428124677014,-0.15637209840445479,-0.82961063811582036,-0.5359980932481464,-0.059790352427770914,-0.5337278287305518,0.84353999229149379,3.0517664775720563,0.94985135400895637,-2.1441725450869424,,0.6396648874089316,0.3669902912621359,False,3
0.29367569967613594,-0.9471057786977144,-0.12940335149110227,0.94274447991023913,0.30935233244335864,-0.12463538827567391,0.15807412507588425,-0.085391910443855551,0.98372800743510569,-4.4181618727572118,-14.269049605552178,-5.1813183658788997,,0.1921761432970648,0.5294117647058824,False,1
-0.8751573214119801,0.48120594446130255,-0.050403390700568505,-0.46559183746913552,-0.86590992535095157,-0.18282298012236789,-0.13162030109797809,-0.13653146228549476,0.98185297073699473,1.4550515184557489,6.3364825644739673,-1.1719120134289447,0.2931257953023452,0.262296341102248,0.826530612244898,True,5
0.50528678831493212,-0.83466991760660136,-0.21911501590938512,0.84518284863481297,0.52992488072489408,-0.069610151287363503,0.17421599791042097,-0.15001916354684794,0.97321273966218702,-12.475505987078167,1.4233911130488999,-2.6880990919713716,,0.3304396667552104,0.2894736842105263,False,3
-0.30636440316657093,0.95035209319707004,-0.054513772831632341,-0.93831364753460855,-0.31113756984866042,-0.15086719815443084,-0.16033824036295646,0.0049306779065270145,0.98704981489927501,7.7382498484187767,-9.3720142917128673,-4.0250995596021912,0.2690529749557646,0.2587999065287412,0.9177215189873418,True,5
0.15762918127672967,0.98675265443938709,-0.038369781949468031,-0.97854065017465897,0.15085965612435534,-0.14035512142346299,-0.13270733651830147,0.05967045425386884,0.98935746811926029,4.5280256071295542,-20.099002028006499,-6.1837839807583732,0.3444839221922079,0.3528286141311542,0.958904109589041,True,5
-0.61946567561998944,0.78313787572061344,0.054381470561891604,-0.7644516696857514,-0.58602807508034238,-0.26867217930462001,-0.17853829125242432,-0.20800519904423609,0.96169533415070219,-14.540914774015059,4.8306667049817253,-2.1076331768061376,,0.2169941496993109,0.4,False,6
-0.95465646115882685,0.2917699793972785,-0.059171955267818016,-0.27344010501927296,-0.93794055857578462,-0.21330264308159327,-0.1177350845532201,-0.1874507607374703,0.97519262823515485,16.694027399639872,10.741935725216406,0.16401537419785642,0.3277302560832106,0.2709068522795294,0.9452054794520548,True,3
-0.99144301515532396,0.12257221083790779,-0.044908805706985661,-0.10565037395826422,-0.95549098037176838,-0.27545414302688559,-0.076672982087559627,-0.26835245398263907,0.96026465844541842,1.2703788145732036,-21.721524337760648,-6.510982055521418,,0.2028263967218227,0.25,False,2
-0.95526346170945264,0.29061134197166538,-0.054925100275731727,-0.27256246799752676,-0.93712741438228753,-0.21794932955222257,-0.11481036434908062,-0.19322851013914549,0.97441332252152402,14.171224011824014,7.9401082973892789,-0.47254288392992522,0.237910726427759,0.1924227121723398,1.0,True,5
-0.8138271066762337,-0.57047827729358147,-0.11063442310211255,0.58071534800448465,-0.79141367606296154,-0.19087712784023989,0.021333659578698816,-0.21958808819391074,0.9753593935018634,-3.0599346629267563,-9.5317231236540696,-4.2739817355629555,,0.1381707403660563,0.4545454545454545,False,5
0.5339939156586142,0.84422881503274561,-0.046132482135566734,-0.84145923602480988,0.52533712280429257,-0.12636162990501626,-0.082443023647399138,0.10629494471570636,0.99091096097467823,-0.20472165710302531,-13.467001125555285,-4.9495483238068081,0.1892309459837873,0.1295788382291506,0.95,True,5
-0.16662076503853845,0.98559291877657473,-0.029053728081684042,-0.9739839679248582,-0.16910530226883463,-0.15085962670613659,-0.1535993192801354,0.0031615189448036748,0.98812815662475706,17.438562950606634,6.273537063800867,-0.63462032979017879,0.2363905722961038,0.2301618923591953,0.9772727272727273,True,5
-0.4546755055237694,-0.88679178930997649,-0.082888522058936431,0.88555442332862422,-0.44016094413126577,-0.14849817030718088,0.09520266802885588,-0.14092077800623565,0.98543279137965789,-5.2772148721600685,-1.2293713565065878,-2.8796401402803595,0.2989047892653161,0.2349591243549015,0.9438943894389439,True,5
-0.81952657906704851,-0.56410200909048169,-0.10082216791332663,0.56300742303348206,-0.75983616915580643,-0.32507174231517999,0.10676529310529081,-0.32316856187245568,0.94029955482571093,-9.7228877154111188,16.806623366602636,0.15292940506255828,,0.2232967623581762,0.3333333333333333,False,7
0.82896222962618538,-0.53950919354217808,-0.14748373448164628,0.54020622684959951,0.84063803579746588,-0.038793365972778215,0.14490981445748627,-0.047513396574519431,0.98830340625733415,-2.4995537421112397,-16.489894024527288,-5.5277524222058352,,0.150098507757716,0.3235294117647059,False,5
-0.80270231358480626,-0.54171786016461299,-0.2494208406374091,0.5958778311833256,-0.71135802540023996,-0.3726920578747645,0.02446642740276822,-0.4477851266816974,0.89380639640405368,-5.2892184388936796,-7.6806734409644868,-3.9401865772845417,,0.441505425190545,0.2781456953642384,False,5
-0.92742977035113738,0.37024318868973261,-0.05285832285736998,-0.35600503847339904,-0.91726060616249017,-0.17858721388714574,-0.11460555679367601,-0.14680926950052786,0.98250323395942618,16.416556064701176,-5.6586753546944246,-3.0300978548408648,0.3529067670526023,0.313279444795768,0.6545454545454545,True,5
0.024247595224109422,-0.98183609370860614,-0.18817528853936635,0.98780515955969161,0.052488191032447513,-0.14658088739462052,0.15379538638431545,-0.18232628689568423,0.97113547161749403,3.7840454573030069,-12.214080638157172,-4.5927970453154536,,0.2495533738732661,0.2153846153846154,False,3
-0.52839216528058475,0.84833299651205618,0.033657788087920464,-0.83405527559835246,-0.51127693181213318,-0.20723825960311487,-0.15859860313587887,-0.13757552844037121,0.97771133626326578,-1.8455795385827027,12.838513943262845,-0.1519629907182844,,0.3628347209942427,0.4680851063829787,False,4
-0.82199053508110365,0.56596406951886702,-0.063373750486495767,-0.55177260399840611,-0.8190051074530933,-0.15740910851207368,-0.1409913249597281,-0.094420898001399883,0.98549791491748473,-3.4231223135497229,14.701916840274114,0.11092651217494567,,0.2490073893747677,0.9428571428571428,False,4
-0.66434257826295218,-0.73394872755872953,-0.14130889576334149,0.74518314207596748,-0.63575934161743208,-0.20127628849906171,0.057888025296441797,-0.2390174153928766,0.96928821908975427,2.8127473513594157,-5.7316170048506478,-3.4131362286794209,,0.3174155524042672,0.5223463687150838,False,3
0.22473306573738011,0.97421968026589456,-0.019775331777167358,-0.96657998744774254,0.22030962137155399,-0.1310984309465392,-0.12336197562377325,0.048576592240925323,0.99117210294502267,13.940880125918067,18.776852938140074,1.4339828018409875,0.3263616818466148,0.277737157806578,0.7948717948717948,True,4
-0.94591552353969766,0.3228487720201883,-0.031819690942505238,-0.30060401255589608,-0.90914956334271146,-0.28824347192790295,-0.12198790908083774,-0.26308884787997683,0.95702832150322059,-9.2577970947219139,18.770125171520554,0.49501990119405109,,0.2559422758989029,0.3636363636363636,False,5
0.8812707433319642,0.4690247966411436,-0.058117270091267235,-0.47259487017459262,0.87351128159058899,-0.11675671123591361,-0.0039957016639438556,0.13036019741355326,0.99145864931348082,20.750367608430302,-13.877254216858885,-4.6355607415940989,,0.08486090553955039,0.2105263157894737,False,1
-0.99571384262410012,0.062777332200493433,-0.067918702641754564,-0.046996176726376265,-0.9759097678709977,-0.21305277361977631,-0.079657410074979174,-0.20894767655029176,0.97467715961972889,-20.974895400613036,-0.21999871769486812,-3.3273676610592648,,0.2116591231142208,0.8709677419354839,False,1
-0.84755841329986092,0.5275821073767909,-0.057461778779350992,-0.51411218207044052,-0.8430972141630696,-0.15772048604173652,-0.13165637201211644,-0.10413552442051596,0.98581052553838744,0.97080257762869238,-0.64941596783545652,-2.5906042783288541,,0.2987252834314599,0.9307295504789977,False,3
0.60382684192449865,0.79634472130289791,-0.035046109976665574,-0.79396018006521696,0.59694695347667237,-0.11524568193962112,-0.070854621883791102,0.09741365195869546,0.99271859203390334,-17.298065790835029,-1.5343459251999725,-3.4268273765108939,,0.06363542948907144,0.3125,False,1
0.46889402559760224,0.87202542652600346,0.14039247932499316,-0.87551702810026566,0.47987053361688381,-0.056517293572212274,-0.11665473100288543,-0.096415384967289741,0.98848153613320244,1.5886589734415084,11.258317035061918,-0.31783543105197193,,0.2268843588264111,0.2068965517241379,False,3
0.076270546350771531,0.99686871781729602,-0.020870150853686893,-0.98718240798645318,0.072553414846341382,-0.14215095974422179,-0.14019164426392711,0.031444577138761455,0.98962494989119065,-18.41326142225417,9.6841602100492032,-1.4297215923805917,,0.3526246693269779,0.9705882352941176,True,3
0.87913024748095514,0.47341264126334459,0.054867832617481398,-0.47467013195803215,0.88008293972587059,0.011928328902870905,-0.042641221734614008,-0.036530676089206189,0.99842237350404284,8.5608955950809769,-6.0936222527005599,-3.4207698072817201,,0.1879580855439348,0.3636363636363636,False,2
-0.97729637507532163,0.20976535500109172,0.029837746327463784,-0.18750108324193498,-0.79066284522487418,-0.58283411787918449,-0.098666808237304726,-0.57519628043144722,0.8120431638343435,-12.039293146408724,0.34278304078844557,-2.9039756473869049,,0.4803823325239759,0.3177570093457944,False,1
-0.58402788356702062,-0.68779782021361513,-0.4310981207632722,0.8112308153890232,-0.51324108208043084,-0.2801573768940725,-0.028565632838874727,-0.51333979991259859,0.85770988944176585,-5.6815700800029818,-5.3031950384360744,-3.5119664895596121,,0.6514438437785712,0.3302180685358255,False,2
0.75494162700939726,-0.63345734879020044,-0.16969068056936601,0.63700304762466253,0.76983246977715525,-0.039813135944022388,0.15585331926300569,-0.078036887050262571,0.98469283897782456,8.1423471387613517,-6.5234451331881935,-3.5063464412010061,,0.146740064508372,0.3095238095238095,False,2
-0.26614218646662097,0.9638317589039932,-0.014024161679128254,-0.95179246116198213,-0.26506403046900401,-0.15437671659529772,-0.15251048310848772,-0.027738065533899382,0.98791252257598849,21.903318807817911,-3.729456233656876,-2.4391189414957695,0.2067086068109629,0.220563374975604,0.5483870967741935,True,3
0.9972075941323072,0.013977325818637615,-0.073359720336259981,-0.020476348034120875,0.9958566933513554,-0.088601159577564828,0.071817361243923336,0.089855888344967161,0.99336206186550913,1.7331759553278507,14.664581104390273,0.2111906267979933,,0.1206239512341148,0.52,False,3
0.24422081850543267,0.95277758190005957,0.18047457227324942,-0.9516925087489041,0.27121209084469566,-0.14396308752894232,-0.18611168850922233,-0.13659751538122664,0.97298692601284331,-0.55822370583350767,21.085865086969505,1.2505850438348569,,0.2609589782773402,0.2647058823529412,False,2
0.40657149707150364,0.91358907604848771,0.0073903919995030043,-0.90792988192471658,0.40492788570394966,-0.10815145346918942,-0.10179856225509995,0.037261340611941307,0.99410695864106779,-16.690967396813331,-3.7485072296877009,-3.7142554991859065,,0.0779081265580487,0.3333333333333333,False,1
0.30964207806349475,-0.89439454673459706,-0.32276954358169446,0.9279524265502096,0.35829286364109103,-0.10261831183294898,0.20742728256451323,-0.26773983385981492,0.94089813678879164,4.5500740324043871,13.109013963813196,0.075423081343276438,,0.3348822735428792,0.2666666666666667,False,2
-0.9014912865277257,0.4326660450592843,0.010656161004015431,-0.41564168597715684,-0.85863130693328427,-0.29999044590137569,-0.12064596633395014,-0.27486791774741021,0.95388268597377823,-8.4802466184647027,-9.6287748510380204,-4.4787966885378125,,0.2118716467360491,0.1538461538461539,False,2
0.40980928536846495,0.91086302136040243,-0.048835498809639506,-0.90645582754575815,0.40067367269902421,-0.133410796842718,-0.10195186282810992,0.098940205801653441,0.98985688528281879,-14.36714048317401,15.391626720517193,-0.23894781745402693,0.3543660928997344,0.3333221524417674,0.9789473684210527,True,2
-0.3009524315013295,0.93544988960036912,0.18536757542810917,-0.94041405783933729,-0.25885843694042421,-0.22048516830597159,-0.15826886551558333,-0.24067782131184953,0.95761430259629698,-1.3233609980128034,-14.142812006646327,-5.133664208087855,,0.226271578350472,0.2884615384615384,False,1
-0.75880776454417775,-0.63168203424132507,-0.1587091178357688,0.65078874314158586,-0.72555038545629658,-0.22372002584572792,0.026168459405580449,-0.27304660001721243,0.96164482318129152,0.3991373378259192,11.430586929253291,-0.344442488430796,,0.605535055334484,0.467948717948718,False,2
-0.054573492900812655,-0.97893467032229797,-0.19674512729310389,0.9847837450628395,-0.020209582067160333,-0.172605180260268,0.16499305843766235,-0.20317107085814515,0.96514185829531873,-2.9076370048744904,-22.23779689273751,-6.6188347264871661,,0.2587235204046466,0.5263157894736842,False,2
0.77819827900848182,0.62516300332075281,-0.059821884183080119,-0.62710184312609962,0.76838368390895617,-0.12778807710561468,-0.033922218324959987,0.1369588755118781,0.98999573207283875,-13.280299048501986,21.408351582270253,0.75605453274862688,,0.3041528098702945,0.8648648648648649,False,1
-0.50685029884245003,-0.84859899050046594,-0.15159989407947927,0.85761517273242971,-0.47860922371393894,-0.18822706095316183,0.087172186289227876,-0.22541731144153682,0.97035459788678535,-10.252386754054054,17.649481055774523,0.28630953144028537,,0.07910806401923855,0.3809523809523809,False,1
-0.55893588648558523,-0.82132832384681687,-0.11406340011394073,0.82546737367442968,-0.53806718618624627,-0.17055004587702802,0.078703810566033025,-0.18948215640686406,0.97872479411006641,-16.603857509052958,-2.1320122717879673,-3.4496730339363957,,0.2706151113782611,0.4444444444444444,False,1
0.90507973075055925,-0.39133471449975366,-0.16639658113042385,0.40642375783902207,0.91116922079381768,0.067752344180824653,0.12510159890467137,-0.12894879722349242,0.98372851826411489,-6.5066910107497931,-17.050725007451419,-5.7483497667518249,,0.3475150915597635,0.2857142857142857,False,1
-0.73837045825006187,0.65832285509324906,0.14635602087193569,-0.6576603387547898,-0.65484163736767043,-0.37237791126564279,-0.14930487337166312,-0.3712053992488541,0.91646855175503428,3.094416699081191,-6.5181550846461329,-3.5999860094396818,,0.1898688787727512,0.32,False,1
-0.42092026742466737,0.90592167284393499,-0.046174139329210634,-0.89284753139910333,-0.42275798679055582,-0.15523843042018895,-0.16015434476052803,-0.024116535332487588,0.9867973340954479,20.69964810458125,16.595455739402695,1.2924896454453405,0.4339438510198164,0.2668471347031532,0.9787234042553191,True,1
