axis_00,axis_01,axis_02,axis_10,axis_11,axis_12,axis_20,axis_21,axis_22,location_x,location_y,location_z,dbh,dbh_approximation,score,reconstructed,number_clusters
-0.83904405557569794,0.53894473854716718,0.074455635081654287,-0.54383507727428915,-0.82683608046108314,-0.14347649554482164,-0.01576329689991194,-0.16087468675985334,0.98684895178075049,4.8985561794736849,0.045185207534890609,-2.1558468011642749,0.2218345795103023,0.1954354071212761,0.8387096774193549,True,5
-0.83295783530601331,0.54541871953053034,0.093271994660761498,-0.55308298659564648,-0.81556127612160656,-0.17017348450724182,-0.016746777026050048,-0.19333449065434069,0.98098996946078221,10.730016598091108,-28.364648302391597,-7.0171514794505505,,0.3887403461796808,0.7804878048780488,False,1
-0.64505335949711951,-0.73118379220244856,-0.22198293948393075,0.76152502239605568,-0.59112362746481262,-0.26580537488457273,0.063133221572852269,-0.34050421300372757,0.93812103550690362,5.4450732901237728,-7.3777227357628394,-3.2286584667655802,,0.2569161866691636,0.1232876712328767,False,3
-0.66637406980215186,-0.74509938271950349,0.027794045519353425,0.73761115522842835,-0.66420845895023828,-0.12147800929194298,0.10897422987982336,-0.06044859741933388,0.99220491043540726,3.3984877156286148,-6.7430187095153062,-3.1493646841570513,0.1312898697059135,0.1153473533739764,0.7843866171003717,True,5
0.82908937099207747,0.50277148673872873,0.2446050838197964,-0.54704835135160379,0.81985027424089685,0.16906693677540435,-0.11553750988944489,-0.27398240810251762,0.95476946110508354,13.059560434492498,4.7814158801278888,-1.872235984934278,,0.3668846079322793,0.2456140350877193,False,5
-0.83451173827533776,-0.55006947475015866,0.031839152450364068,0.54245123389251604,-0.83033994470595696,-0.12760186156241665,0.09662720905190085,-0.089214063766829485,0.9913142959208483,8.5356736075966957,5.5823535866528431,-1.5501561355392284,0.2931677170277591,0.2518554131310071,0.9916666666666667,True,5
-0.99843034571729306,0.027259050654949019,0.048926362098959716,-0.033672060963275706,-0.99021215262050499,-0.13544772095961055,0.044755302047165726,-0.13688256631163082,0.98957573028980961,3.26589662710508,2.707770603010609,-1.7062774702153685,0.1697950816847233,0.1446111516371157,0.8697916666666666,True,5
-0.13310502505173274,-0.95732550617896006,-0.25653640584754295,0.98641903187069768,-0.10282915953735236,-0.12807676413821928,0.096231730054348139,-0.27010005399488418,0.95801117684644321,7.5981564869697893,8.4898684354174989,-1.0585068758792158,,0.2533557342293736,0.3548387096774194,False,5
-0.25287278152817333,0.96474444069583831,0.072962459584909878,-0.96349737938546465,-0.24425734185617148,-0.10959539619299935,-0.087909932769555527,-0.098012831281584417,0.99129477383098341,4.2748540577516092,15.636242033198206,0.10965708126671216,0.2219832454388221,0.2248388781914863,0.9010989010989011,True,5
-0.79017209967230928,-0.61259291049376419,-0.018920330658696138,0.60381989860346297,-0.77282376144837794,-0.19530735723798359,0.10502182130376102,-0.16575089669006507,0.98055956335986094,4.9477985330054066,17.339405726782921,0.36225939478895131,,0.196561040985152,0.3902439024390244,False,2
-0.97094956095708895,0.23345643553584228,0.052488501446849148,-0.23834237157412994,-0.96301672718317921,-0.1256650193085489,0.021209997398777602,-0.13452462924051381,0.99068322895769578,-0.85336610580726813,-4.4965377515641798,-2.6469179003135146,0.2427747559528726,0.2196434117129074,0.9700956937799043,True,5
-0.98799506783232494,0.14551531495838499,0.051875225797690376,-0.15137364947734752,-0.97894007787175796,-0.13697569923291303,0.030850675566483701,-0.14318385750145993,0.98921515292078555,8.0382700103095353,20.051358715532007,0.61144664294796447,0.2726081751538877,0.2526088062955014,0.9803921568627451,True,5
-0.93496653690159326,0.35037857174919035,0.055429516805036008,-0.35464947503524374,-0.92670639233386187,-0.1242538219323072,0.0078310108841840691,-0.13583121462519976,0.99070104289940819,6.8720124314150839,9.8556535763931041,-0.88623574888542755,0.2920684639569286,0.2507348569382131,0.984,True,5
-0.99572727108592085,-0.079440383334040618,0.047078945522678967,0.073386340937291031,-0.99021033192569974,-0.11873476117562443,0.056050393215591222,-0.11477248818134751,0.99180927066500102,7.2055746998769123,-3.8074228458469288,-2.8093341287769618,0.2315858544465789,0.2168802252153453,0.943089430894309,True,5
-0.68537873332152688,-0.72738284625458371,0.034207994462707531,0.7203353347923328,-0.68412018980902645,-0.11444025229472568,0.10664425610504383,-0.053793688014886341,0.99284099520998792,8.5333886804135535,0.53595516987698266,-2.2451417904394337,0.1788829950882471,0.1665947543068755,0.9316770186335404,True,5
-0.34143494224980092,-0.93989607576599721,-0.004188910425647098,0.93435306046125344,-0.33893088488592088,-0.11004641601222803,0.10201244344473315,-0.041487612972134061,0.99391762201517975,17.401440679135874,-14.702507739766606,-4.9827172041904175,0.337825963188411,0.32692210620581,0.9459459459459459,True,5
0.78895906523091086,-0.58275579326585925,-0.19478007804970671,0.61064682882113375,0.77883822362708377,0.14325317402454046,0.068220552919654939,-0.23196272724834832,0.97032945401386639,1.2010276881373889,-11.052979886688245,-3.8126103818832711,,0.421736196393345,0.2519083969465649,False,5
-0.05072912212404132,0.98930150187444821,0.13678119226518892,-0.993728699088545,-0.036335124890889262,-0.10574985251504128,-0.09964852621245128,-0.14128799343230108,0.98494054345202053,4.5909372919028968,-0.60163173207332665,-2.2261578423168729,,0.06692332848717525,0.3162393162393162,False,3
-0.7549530170603227,0.6515610119143479,0.074257590754528341,-0.65532047885234579,-0.7453397521614189,-0.12257130106467275,-0.02451554666427214,-0.14119809347546289,0.9896777689584858,22.868327305592089,7.0232492626293777,-1.8431623838983353,,0.2862025236262106,0.5625,False,3
-0.99880536360001693,-0.0033112805657300954,0.048753267222361382,-0.0035752616194116137,-0.99007546294852466,-0.14049126368432938,0.048734619606525295,-0.14049773339197333,0.98888084406743726,13.333103076377796,1.4337732668308185,-2.3384699612893978,0.235260986992307,0.2317364217803192,0.9090909090909091,True,5
-0.96205913413410327,0.26270088772097894,0.073691695731266854,-0.27222369480840786,-0.94236689731605017,-0.19452221165661349,0.01834345698059181,-0.20720249620487474,0.97812608755337382,3.3585122173432844,-23.390472526445816,-5.7141702704710831,,0.1844653819266526,0.7,False,1
0.15625410068192,-0.98712139385722797,0.034292999423324567,0.98329918762506285,0.15218137200304621,-0.099817521664097408,0.093313255414096685,0.049317175554103407,0.99441462809000825,-5.081742317571937,18.838490955824245,0.97666700267135653,0.3319184750910536,0.2824763161074998,0.9636363636363636,True,5
-0.99887953634260496,0.016181843160823002,0.044472686313086492,-0.021898928721438126,-0.99110925242149106,-0.13123599614956052,0.041953650578192052,-0.13206285517295402,0.9903531155536045,16.93363817500958,2.2711986316474118,-2.3339958191527419,0.2528156088533208,0.2047091084738976,0.8611111111111112,True,4
-0.75596352327876892,-0.65377359944387214,0.033154669990119456,0.64648644911218855,-0.75357590776748284,-0.1190740204525233,0.10283201148603502,-0.06858157115885892,0.99233167112166609,-5.3158230462889557,10.895327219411465,-0.17910196335596437,0.2463212368799833,0.2380144081091827,0.9753086419753086,True,4
-0.81677524147700686,0.56416060478572749,0.12083466769921791,-0.57659981087283341,-0.80552617794666981,-0.13660246975821491,0.020269756081188313,-0.18124676176537219,0.98322873652979459,3.781332509590642,-2.8185841080539613,-2.4555814259340702,,0.1774339501789493,0.7819971870604782,False,7
-0.80986816863873567,-0.58649176850514417,0.011872442943592913,0.57831469973415339,-0.80164158454270995,-0.15140303168447339,0.098314075783361932,-0.11575048772062213,0.98840081297786353,13.823814047734157,5.8118000756532222,-1.733880272603989,0.3348165994289359,0.2681314294428335,0.9468085106382979,True,5
-0.80085008614869546,-0.59824904886148877,0.027151704402323912,0.5905954442641812,-0.79648786172842612,-0.12963065738348437,0.09917742046464828,-0.087779050209055257,0.99119053547457503,12.829798137283689,10.45548683027673,-0.97312692721487626,0.2452945349248097,0.2305650444890527,0.9295774647887324,True,5
-0.86530541378513215,-0.50060717204432015,0.025278452720233865,0.4915135248817572,-0.85731537047159911,-0.15305165929010542,0.098290364392706636,-0.12001172797244679,0.98789482710287302,10.865728273494842,-14.750533183439151,-4.8028737023608628,0.2432123525901926,0.2170556365620254,0.9375,True,5
-0.96808513635995919,-0.24734459832795147,0.040395772512786324,0.23981853617309284,-0.96105626505028829,-0.13732416071247802,0.072788999627110426,-0.1232538238172585,0.98970210490213151,22.60149249675738,-1.7322374240660394,-3.2042289724042341,0.1859533837390196,0.2253511148790354,0.9487179487179487,True,5
-0.81849905121037403,0.57105550298388341,0.062888120337157516,-0.57414775852694466,-0.80919527305643624,-0.12472915233258117,-0.020338499113803393,-0.13819776617204366,0.99019580027328657,0.16048073820039596,-9.8696689810300526,-3.5671497951073707,0.2440662878329996,0.2280769187689994,0.8977272727272727,True,5
-0.99683756341683505,0.061571537728642184,0.050237614423038382,-0.067768583274436051,-0.98882543854616434,-0.13278430330789009,0.041500497372480835,-0.13576891332597588,0.98987095668684011,19.961961253120005,11.201421542307841,-1.1780732453514684,,0.29039904197401,0.6176470588235294,False,6
-0.96911325509563995,0.23560694883166025,0.0728619548198393,-0.24535830490342436,-0.95093039206296814,-0.1884958664424457,0.024875711303419288,-0.20055112842665723,0.97936736921032008,-1.7338377843593267,2.8115170327334109,-1.5419218299694541,,0.3309110455211376,0.9668411867364747,False,5
-0.99418720137824756,0.092440564565951955,0.055195567198983456,-0.099367069012113576,-0.98517313015866215,-0.13985738882636037,0.041448693726476658,-0.14452904772437267,0.98863206510423085,11.86474090182802,-7.090676438408523,-3.4721406757208122,0.3561316592351396,0.321030661895684,1.0,True,5
-0.98340679655566177,-0.17693681590949659,0.040055407424480917,0.17035910556796302,-0.97658660036609901,-0.13136356852442088,0.062360625704172779,-0.12236002272472593,0.99052469792559439,17.146190267340017,13.77595308836656,-0.69205905138504242,0.2396354718947334,0.2992406676154576,0.9047619047619048,True,3
-0.543021562266646,-0.83947730809697618,0.020135344639377273,0.83170799407320428,-0.5409908358144645,-0.12486283738364637,0.1157125555340429,-0.051056485925124663,0.99196967682321791,18.339669676912749,-4.3039484484792592,-3.3600701392742476,0.2694062102974131,0.2536522479929383,0.9846153846153847,True,5
-0.96393360240324366,-0.2631510386286019,0.039793730996132454,0.25608855437641104,-0.95780095958507094,-0.13052192971036153,0.072461455100656907,-0.11562375485428848,0.99064649842317087,14.526619878651545,-5.0261206668424157,-3.2656635726453467,0.240666640085232,0.2258570557991793,0.9850746268656716,True,5
-0.98202054257104288,-0.18429215863790285,0.040890759751549197,0.17698719660121121,-0.97418675543359146,-0.14012743406277833,0.065659623877395934,-0.13037087789209711,0.98928875864932631,5.9633825307045054,-9.2477545682247619,-3.5296240013893696,0.2603682730367672,0.2301177285245729,0.927038626609442,True,5
-0.90748739962121505,-0.41837315683499371,0.037822231143170813,0.41073749028384471,-0.90258493272003293,-0.12897733638939393,0.088098431337079966,-0.10151029931340036,0.99092599397192649,2.5968952213306773,-17.316282142565843,-4.8103789065364575,,0.2019879560130441,0.9176470588235294,False,5
-0.88201639868938086,-0.4701256777909531,0.03207677547092417,0.46239422834393312,-0.87660348076373729,-0.13325882750166687,0.090767009630337833,-0.10270435528495006,0.99056204518862367,1.4162890222793321,14.466377721400903,0.064712265137820871,0.2500472890193159,0.2280041302478952,0.8275862068965517,True,5
-0.28239941040138711,-0.95890366089306911,0.027465289563744742,0.95286445120179508,-0.28370082813459896,-0.1075322172729925,0.11090496220121231,-0.0041963366897909068,0.9938221571878616,8.4437222849780618,-21.273429357041337,-5.6718954711097167,0.2870934114723565,0.2672172095185507,1.0,True,5
-0.91341330756756356,-0.40551314353434104,0.035145696456055996,0.39773963520782807,-0.90757012079620547,-0.13460928059649543,0.086483016501670507,-0.10897507173137834,0.99027527566728324,0.35909111624602358,21.546744650193872,1.1474014119834872,0.2966763988324107,0.2564286739940722,0.98,True,3
-0.98173976321542367,0.14846392921989335,0.11893485209271357,-0.18816698169758667,-0.84969759435565961,-0.49255170809268972,0.027932495780814245,-0.5059372094112039,0.86211792453971114,21.963209540986377,-2.9835286021087097,-3.3364702238959363,,0.2202905138223546,0.2105263157894737,False,1
0.99728864875913226,0.054922158593953524,0.048978643831424459,-0.050794481902576433,0.99534777894126614,-0.081870138420172545,-0.05324726907958531,0.079160314881068936,0.99543878409648934,16.786790771603606,12.097984166184098,-0.90292229969460525,,0.5345809656125635,0.7865168539325843,False,1
-0.98472059397217182,0.16556713484751553,0.053971063223521409,-0.1715762419977345,-0.97544406978061826,-0.13809583596821079,0.029781621665509635,-0.14524596582421409,0.98894725057647204,-1.9058572249181667,23.127224780345561,1.4662972223657971,,0.2473553746536597,0.9333333333333333,False,1
-0.65720575793651348,-0.75326880342467639,-0.025820563941358995,0.74599569431400792,-0.64520708189928366,-0.16491890592643726,0.10756865621571605,-0.12764768409245805,0.98596909330149785,20.602981409396495,3.6829059309703469,-2.2937446108945316,,0.1875185718487162,0.2857142857142857,False,2
-0.08397358761408126,0.96945646885840087,0.23043999559933306,-0.99345632508577864,-0.063484348960684597,-0.094943496797295995,-0.077414254051048834,-0.23690481722759127,0.96844366942227533,16.858475284206268,12.768831639186937,-0.80549594513194334,,0.2905791141387375,0.3076923076923077,False,2
0.61296293771249111,-0.78652589061919498,-0.075189496451007573,0.78842917316104111,0.61508881843135854,-0.006721930475219795,0.051535190884201616,-0.055161298266073022,0.99714660671043309,5.587199969757692,22.160386945736615,1.0032550986353994,,0.1515483305303291,0.3,False,1
-0.87578267243271535,-0.48172910317088075,0.030688464034387006,0.46087248073972775,-0.85338296223083654,-0.24358587042546603,0.14353141524913784,-0.19918481601844393,0.96939369809395681,26.329645676043636,-7.3098581474466444,-4.2269135410662892,,0.1744234959872644,0.1764705882352941,False,2
-0.92342690241672165,-0.38321464134960731,-0.020719424421302514,0.3746941389452676,-0.88858882400864947,-0.26460197294614096,0.082988301182292668,-0.25210402714398961,0.96413510534813507,6.7679166544684835,25.381042647746309,1.4097559794541614,,0.1693833819002353,0.1875,False,1
