axis_00,axis_01,axis_02,axis_10,axis_11,axis_12,axis_20,axis_21,axis_22,location_x,location_y,location_z,dbh,dbh_approximation,score,reconstructed,number_clusters
-0.99702559881247343,0.072202025216993801,0.026959652579244014,-0.076782184808093831,-0.90027521955221124,-0.428496237038686,-0.0066671889672239165,-0.42929173834908896,0.90314126911380432,-8.2025390032389236,6.011481113705555,-1.9218380500754781,,0.3895893984507568,0.5454545454545454,False,4
0.21356847946621546,-0.95493812927344812,-0.20611082901734246,0.95473105218763765,0.24873650723955468,-0.16315259101514037,0.20706791776413691,-0.16193615787091684,0.96483136257422231,-5.9035598799477977,2.1325146595072781,-2.3090606069295303,,0.4191996459048011,0.3424657534246575,False,6
0.82948834500331503,-0.55828242506391579,-0.016426179361519331,0.54937235667179274,0.82084603160603464,-0.15621077466521741,0.10069309424456251,0.12055092808178539,0.98758714780523438,-10.345380585473951,-20.468819210917474,-6.6980484425919817,0.2039889981364944,0.1549839258399421,0.851063829787234,True,5
-0.99737197078006545,0.067947558348077822,0.025145202660202044,-0.072449674428841898,-0.93323506801986422,-0.3518854252354231,-0.00044337054805518653,-0.35278242180201425,0.93570527747259324,-5.9248069090475646,6.7335743938419625,-1.6567988911546381,,0.3368866991119571,0.2164948453608248,False,5
-0.70334677635190068,-0.71081874514700749,0.006326432092753291,0.69351315087698251,-0.68812214514024628,-0.2133715607297908,0.1560218630707578,-0.14568673555001752,0.97695064017007027,-0.55123625523245323,-12.089448975163361,-4.8808298666039196,0.1654295240367675,0.1848975745974704,1.0,True,5
0.64096115471352733,-0.767499039458859,-0.010678135512808707,0.75364311966442632,0.63190619398610404,-0.1808773346344606,0.14557076056259396,0.10788784190873633,0.98344769420518885,8.8242283511183146,-1.9520945671917698,-2.792397888878674,,0.2580708341856155,0.941747572815534,True,5
0.57054588379918569,-0.79744030465226401,-0.19638318409658256,0.8053007987173173,0.59014449255764234,-0.056745938084900471,0.16114595267973317,-0.1257713736109643,0.9788838253413702,-3.9660342141666427,-1.8535013848131006,-2.934019709410236,,0.3521459703444396,0.4099099099099099,False,5
-0.92251386825158088,-0.38449404666564602,-0.03365250305966852,0.37490769151734893,-0.87195537979032989,-0.31486193560961678,0.091719058677231152,-0.30308108442028858,0.94854070579073446,-14.611668977752124,-9.9365239333059936,-4.9007873589700504,,0.3819194762674655,0.3484848484848485,False,2
-0.17681133669371241,-0.95974910457802121,-0.21821871477549426,0.94829122759919349,-0.10673560099647594,-0.29891680972861845,0.26359343481011943,-0.25978677360790903,0.92899372085251242,-2.598148346693844,6.0246974247056801,-1.5475936177988563,,0.3072073375608808,0.1451612903225807,False,2
0.54037810388910457,0.84087239240894929,0.030415859706175271,-0.82275041622835254,0.53561426765262821,-0.19026063408653757,-0.1762760829871387,0.077788019459223062,0.98126233321947232,-1.083868365566107,4.6117953340756372,-1.8043688954633472,0.3053466505165003,0.255045256848011,0.954225352112676,True,5
0.98403930363062575,-0.17757993671492589,0.011489777477265858,0.17682813456119836,0.96854556527347357,-0.17507512335193576,0.019961456303609713,0.17431251838411285,0.98448803253103523,1.4498629630179662,-12.856210873948934,-5.0058137327270904,,0.2411200631571609,0.963265306122449,True,5
-0.36284254541350863,-0.91235971282275075,-0.18959177634020077,0.91096068987827383,-0.30445086189760684,-0.27831689525844971,0.19620374291624643,-0.27369586607727753,0.94159155909442172,3.9361632364320829,-22.650617133688165,-6.9435892431746939,,0.1508622272588568,0.3157894736842105,False,2
0.70371284286585734,0.69976988097872439,0.1229241573519058,-0.69322274189510369,0.71416701619259559,-0.096993314728389193,-0.15566137897721646,-0.016958380158135715,0.98766489683359937,-4.8781651410841684,1.5676048303095165,-2.3083185934406067,,0.5368738562589344,0.2482758620689655,False,1
0.12713717981116784,-0.99156501046717516,-0.02519856200048802,0.97494638992684524,0.12960063621939841,-0.18078498792803038,0.1825258181142429,-0.0015827535363577595,0.9831997867234149,8.2443575781209919,-15.771062743672649,-5.5429358310304346,,0.2420220834362664,0.9885057471264368,True,5
0.62888629250060568,-0.77744463298746502,-0.009048411121675471,0.7633814382548717,0.6196342925907985,-0.18248869327556355,0.14748156099243284,0.10785724864136348,0.98316631506716545,10.047609521623306,-13.551145700266964,-5.0982111934786669,,0.2450375329742436,0.9375,True,5
-0.90683085059002244,-0.38544009996342354,-0.1705688651494221,0.40942379298510634,-0.70935837512142008,-0.57374458897909153,0.10014971870087569,-0.5901242453799741,0.80107640638009747,-2.9793974711640412,-1.3082224605370296,-2.803486902361584,,0.3810968511787531,0.3312101910828025,False,1
0.96497141692153343,0.26156736160971777,0.020314523498704717,-0.25421306506926167,0.95135772683398545,-0.17405227129044826,-0.064852772281064675,0.16279124956152768,0.98452685437912613,-6.0611498493223674,13.002429376100892,-0.62839929251456406,,0.2587450517492041,0.9418604651162791,True,5
0.873708459036865,-0.48644991076204813,0.00011369706746901936,0.47887609779612555,0.86006406885303399,-0.17597579500465377,0.085505623013830176,0.15380598748930363,0.98439448730956325,-10.334129189412458,-12.75649347805332,-5.20322501273247,0.2357306625833681,0.2301067646237249,0.9166666666666666,True,5
-0.0095948176245310279,-0.99991031531871311,-0.0093434893902220803,0.97827153063028816,-0.0074510915855680419,-0.20719385510303703,0.207105653793002,-0.011128456919837555,0.97825528652471805,-9.2541894878468529,-12.34947668035568,-5.0729338103750816,0.1996961905960223,0.2065876253335246,0.8588235294117647,True,5
-0.17576409949851729,-0.98251644066183141,-0.061387500003512577,0.96329736016402101,-0.15880379133760344,-0.21642447125459663,0.20289203342789017,-0.097174068999959409,0.97436749898869657,8.3633157052871443,-19.902718713124383,-6.3512366216400018,,0.07197508600115662,0.2222222222222222,False,1
-0.24897500160925098,-0.96850662575096502,-0.0025227861886921894,0.94754771696080198,-0.24304641277363762,-0.20756147359334032,0.20041150829242746,-0.054068078515395954,0.97821872310317581,-6.1831313933248673,4.5362958844134091,-1.9943799529646287,0.2929421467496299,0.1739052461403197,0.7730496453900709,True,5
0.74203035951403917,0.65678325776607849,0.13426353889884948,-0.65117197398679583,0.75376341598851038,-0.088406860658388306,-0.15926708967519104,-0.021828079061365371,0.98699418899550051,0.098677073147691613,-21.039752612384138,-6.662618282305643,,0.2187048032610732,0.1764705882352941,False,5
0.10320086450150168,-0.99444061740795175,-0.020915066708770483,0.97420207114444335,0.10529866225700608,-0.19960590247976168,0.20069854544569543,0.00022400038970544003,0.97965302208476102,2.8190894019165071,-1.6936703451803397,-2.8215532419615523,,0.2858839597652716,0.9338645418326693,False,5
-0.97852938686352275,0.19650064473979434,0.062191122046024998,-0.20339190768920398,-0.87180990968268424,-0.44562227644678665,-0.033346228138198618,-0.44870366389847449,0.89305825737912536,-8.7768667781497527,18.029576003716365,0.22742644260049416,,0.368079484837271,0.1724137931034483,False,3
0.97360501127300259,0.22759916388182294,0.017085158014849104,-0.21969013243080016,0.95480240255210613,-0.20022142191400022,-0.061883178139416427,0.19118313911279336,0.97960169435457001,18.577807691238068,-19.041100795918243,-6.1552663383838375,,0.3104404652431783,0.9361702127659575,False,1
-0.95352452437964275,-0.29940203111118135,-0.033902878536713504,0.29381962259050926,-0.89895861550476563,-0.32487449421357445,0.066790798672771712,-0.31973712855446457,0.94514927807008298,-5.6759430724681463,2.9245406996502656,-2.1644452723055543,0.4798775667372234,0.2568726344091591,0.2777777777777778,True,4
0.99598967928743121,0.086982605410326069,0.020942423664701854,-0.084325530614246663,0.99087678236919918,-0.10513042874586212,-0.029895879976112059,0.10294284102206701,0.9942379030406957,-12.001435985485504,-1.7890186397873376,-3.3560687362413479,,0.3051150777650624,0.2333333333333333,False,2
-0.9179327028910711,0.37014354694650931,0.14280513862235633,-0.39123181391592327,-0.78477228450751024,-0.4806975444590087,-0.065857579238456587,-0.49711790967809777,0.86518007555313581,-4.7246409517358705,3.2605685964087088,-2.0949645329552498,,0.4114377420118761,0.4230769230769231,False,1
-0.51064158089177891,-0.85951147573361997,-0.022027231931399025,0.83968170258072228,-0.49302436379800862,-0.22773145380625137,0.18487783592276463,-0.13478501320170491,0.97347479987965368,1.0103565859135646,-15.700787893752144,-5.5788169290140832,0.146576432502468,0.235650541075889,0.8723404255319149,True,5
0.67556286691264156,-0.73728408773547982,-0.005194884101942748,0.72426811776216293,0.66492255354002217,-0.18252038622320788,0.1380235720521136,0.11954150645644636,0.98318834502454167,-4.1331928759871621,-17.689243980075467,-6.0578807963304548,0.1443430744179533,0.1506590644242517,0.7843137254901961,True,4
0.16435787062247914,-0.9839659248262056,-0.069264342524518852,0.96635714872498957,0.17470431592633903,-0.1887651003358887,0.19783920610574801,-0.035909062611259791,0.9795765349118094,1.404315062376309,-16.896855980485441,-5.8138516451712974,,0.08922285006168049,0.2380952380952381,False,1
0.37862516047588707,-0.92552152755441708,-0.0072725434304022341,0.90732788045589952,0.37271084179478098,-0.19453212011395637,0.18275422075020256,0.067056173779630926,0.98086918819790747,-9.740596065773147,-1.2432220498305933,-3.1307436464125118,0.2289620392808424,0.2216368003670302,0.8076923076923077,True,5
-0.51691360519551321,-0.85590318294927514,-0.015167932656688516,0.83655962189571631,-0.5013143675377022,-0.22102466811189031,0.18157181438063169,-0.12693953803907795,0.97515026016760731,9.8762849005963051,4.0265841914647904,-1.6434913295584754,,0.3403934547363177,0.9558823529411765,False,3
0.99986522751035267,-0.0058511176215361033,0.015339205919779483,0.0021349263631377452,0.97274014033028355,0.23188803651685952,-0.016277865495648598,-0.23182403631375101,0.97262153342505542,-5.8067102914518207,6.4202160691337786,-1.7135319792589943,,0.652598521924584,0.1741573033707865,False,1
-0.067096815776621452,-0.99693376690517643,-0.040262659088740479,0.97705680394146521,-0.05747670633376295,-0.2050766444544922,0.20213366662763024,-0.053098894840480255,0.97791742401001958,4.7032973748102034,-14.375979372156735,-5.2681827787911688,0.09197843697287736,0.1269990582605489,0.4705882352941176,True,5
0.64387528406840411,-0.76065636350141208,-0.082622728293365116,0.75123317275933488,0.64897151585206769,-0.12035236498969484,0.14516658951623462,0.015422978878186932,0.98928701245429662,4.2893452221488486,-19.451333141915004,-6.3031355727077871,,0.1471765759081646,0.2857142857142857,False,1
0.99706639389716545,-0.07550037414267749,0.012581719485746535,0.076541531361189866,0.98352897021772445,-0.16374418682611852,-1.1738240324136312e-05,0.16422684995693776,0.98642259788360254,10.503925739208967,-17.523939861712776,-5.9029076542809706,,0.1728409412001251,0.9206349206349206,True,5
0.55160503806431516,-0.83405458870690163,-0.0092100509785215182,0.81846585453222642,0.54335757803871843,-0.18675167295831779,0.16076544077287805,0.095475051426326452,0.98236397918910012,-0.84201448566850579,-0.050626928794751502,-2.5144115074025093,,0.2901487461882802,0.9630252100840336,False,3
-0.41721048943504352,-0.90880816413365695,-0.0017687027405795669,0.88886142701717363,-0.40764638324661762,-0.20916450412760476,0.18936940372289945,-0.088837756781476859,0.97787886872744612,6.6104002526401624,-15.371079291128117,-5.4598490366345915,,0.1840515229016965,0.8095238095238095,True,5
0.50971070019268439,-0.85610696708814227,-0.085298669463400645,0.84193614887645563,0.51674654619382854,-0.15529497162443096,0.17702690000157184,0.0073394754507904829,0.98417864677910039,14.980483200111891,-0.50543888376376911,-2.4079500266349814,,0.2193417549621258,0.2898550724637681,False,4
0.50237073728254067,-0.86460003707013622,-0.0095088495894356841,0.84864829486516646,0.49514852316185398,-0.18607528485287764,0.16558899101281155,0.085409109051395038,0.98248947584511293,-2.3848119988189831,7.3258954350389907,-1.3276003642529111,,0.3039316727191931,1.0,False,5
0.99480874006372633,-0.10080474094930035,0.013927487029824416,0.10166427370819049,0.97849148982938006,-0.17949590464093271,0.004466110635397303,0.17998002259591239,0.98366012693519689,-9.289246744107361,-26.767920271363923,-7.8331414530926162,,0.2246545173847256,0.8125,False,1
-0.66026031391052786,0.73508729754648838,0.15395773075936398,-0.7384362128055717,-0.59800314497050366,-0.31161546531382539,-0.13699736308460961,-0.31943528858156611,0.93765282429941854,15.189939501042169,1.6889690184943158,-1.986978308068502,,0.2479963352397391,0.4680851063829787,False,4
-0.5319349742488847,-0.84622051090617101,-0.030919736294782212,0.82776309156192696,-0.51194282600453267,-0.22961447504531479,0.17847534120623268,-0.14773418637604901,0.972790400218427,-7.2520414441304926,-11.634300335376516,-4.8437809093739022,0.1568289030459974,0.1194279511938341,0.2807017543859649,True,5
0.37580308150582892,-0.9261959241167923,-0.030547570773531062,0.90828585433401887,0.37467424261816112,-0.18610754615336975,0.18381743863802635,0.042193862918059058,0.9820543911538745,-8.6755949748039427,-14.028248972062494,-5.4033771847620562,0.2392506871094734,0.231127187210411,0.6206896551724138,True,4
0.24559666662184071,-0.96812127045084184,-0.049228884253940751,0.94890340001384077,0.25048158359338457,-0.19194091206077663,0.19815300852223494,0.00042659254303038449,0.98017100713721828,4.799098233594095,0.53511808664206839,-2.3811115951421402,,0.166972009922015,0.6065934065934065,False,5
0.16452195323851596,-0.98539037125943874,-0.044026618445766483,0.96633090429485979,0.16997047216386216,-0.19316993036462171,0.19783101452315965,-0.010763587765206604,0.98017704261585237,3.0074688910004217,-0.27429737268006804,-2.5176645430975322,,0.1441145594498761,0.7809798270893372,False,1
0.66713701472033993,0.73889625016814697,0.094660102881230224,-0.72708904484728165,0.67352386364320971,-0.13306812528247322,-0.16207937701355449,0.019948348066322254,0.98657606850983581,7.2608788016684152,-17.824764331891416,-5.9514083097947514,,0.09272554041419614,0.15,False,1
0.39372738175814254,-0.87426682230263608,-0.28396526596527627,0.90533841277587412,0.42230911904898216,-0.044915101252635148,0.15918890415584816,-0.23940035795488018,0.95778200098181865,5.2536972251911829,2.6844611078886147,-1.9723013017977917,,0.1930412995140514,0.108695652173913,False,3
0.91423635708226292,-0.40503249607642172,0.010980005057241251,0.39941275001830789,0.89633301145255706,-0.19250087714917929,0.068127369769911322,0.18037685467513351,0.98123537022762286,-0.8337462306163046,15.938454425624679,0.36154190702583527,0.3957928353420616,0.3650439979121199,0.9298245614035088,True,5
0.47580763613753085,-0.87947198303238783,-0.011667238503301909,0.86272427988616973,0.46924691456952333,-0.18845198343841127,0.17121305525018757,0.079601282829238285,0.9820130984278338,0.73401480500304339,-13.776213502481733,-5.1853072044178594,0.1782752719155173,0.1685070254969824,0.92,True,5
0.051620904020023874,-0.98780977410074422,-0.14685752435334024,0.98123343352260473,0.077525268985266058,-0.17655248966299547,0.18578544400893046,-0.1349877137364679,0.973273900777477,-13.518520590289452,-11.547388958448391,-5.0698444764039481,,0.3779646127554694,0.3181818181818182,False,2
-0.98130024126760196,-0.19194338067542865,0.014407466919411298,0.18440173340335958,-0.95892339798174875,-0.2155502668079376,0.055189104051277679,-0.20886276695003411,0.97638645390848844,-1.7701180729348729,-12.546592988912185,-4.9868739235281758,0.1980508202540195,0.1995964637009908,0.9556650246305419,True,5
0.75849162356429445,-0.65161581774391086,-0.0093425397368095773,0.64033334287076427,0.7478693227469313,-0.17511335215224846,0.12109362902626894,0.12683967108117081,0.9845039516676749,-8.7235720796956144,7.9170721000301603,-1.6309412517193911,0.1698682997424595,0.1997438078697201,0.8333333333333334,True,5
-0.3501254675770728,-0.90358383651895491,-0.24687731231448506,0.9214510990666841,-0.28487959886362507,-0.26414292756025398,0.1683449701735622,-0.31996853678602188,0.93235192201457706,-7.3938195674506764,7.1018681158494452,-1.6773639459556808,,0.3751747928667448,0.3529411764705883,False,5
-0.080545006401284439,-0.99553989988137337,-0.049120359200672883,0.97564557822346631,-0.068656274165409578,-0.20833151876450054,0.20402991848456045,-0.064704124767360843,0.97682402130643509,-20.346564420009081,-15.22662963148402,-6.1008867189958158,0.2890057756391846,0.2875048482865629,0.75,True,3
-0.79879431410754542,-0.6016016197786842,-0.0017705448651271424,0.58607245719884116,-0.77750384668622929,-0.22805008945630575,0.13581869776422048,-0.18320278236909998,0.97364779148820124,-13.42924762141568,-12.401594910307567,-5.2325586671575719,0.1890595896725147,0.1814386268376595,0.9753086419753086,True,5
0.9816103355437632,0.18944691912122388,0.023473687165354161,-0.18248798377915432,0.96734703351912255,-0.17589159308498054,-0.056029322054434769,0.16837333986480671,0.98412963246357443,-18.420509134174626,-17.521256516319884,-6.4583379984095455,0.2161628125868625,0.2190412219983852,0.3809523809523809,True,3
0.99068990419041925,-0.13421566835757653,-0.022796230006433247,0.13497897370366702,0.99019007838280604,0.036114890698384527,0.017725416584158122,-0.038855669336411186,0.99908760705322364,3.9867902609052237,-20.676304931104809,-6.5400852317559703,,0.2477077619077001,0.28,False,2
0.96646203651653406,-0.25663125635906642,0.0095671433501158983,0.25447025304950804,0.95197695078126321,-0.17024915710255026,0.034583555127168986,0.16697390047781888,0.98535460331496416,-5.2551766512308955,-13.169594355859838,-5.1375701985575146,0.2125157137874263,0.1878389560847821,0.7757009345794392,True,5
-0.20538116123243769,-0.97859612290381393,-0.01296945829400757,0.95695220490954147,-0.19802639353392187,-0.21219807959243342,0.20508792292473924,-0.0559926397089201,0.97714060818740134,5.4459666168394065,-15.386149228304847,-5.50503158424599,,0.1885099776735444,0.4444444444444444,True,5
0.19401587134202791,-0.98097027422115557,-0.0074271637833463848,0.96209728408931472,0.19175130295202519,-0.19390784863992966,0.1916420037866409,0.030475546109489948,0.98099163272373024,-1.4490722038707629,-16.962602865832128,-5.8820783099567588,0.1419869170325883,0.1606041917282062,0.8804347826086957,True,5
-0.28285421859159637,-0.95900858849634807,-0.017205179893812456,0.93977288104487633,-0.27350301951821016,-0.20499519596086596,0.19188648487465074,-0.07415271744624552,0.97861174702625897,9.4393663481721184,-16.742010861407291,-5.7294358494367339,,0.2156885485074111,0.782608695652174,True,5
0.66186048404814357,-0.74621831786220394,-0.071406734573557548,0.73291574037754592,0.664164475842281,-0.14737729314918516,0.15740145222452567,0.045208086843503047,0.98649937238781837,-3.034877173929019,-14.646301741267681,-5.4081036643512119,,0.1621906028784637,0.4285714285714285,False,6
0.81043051020448331,0.57579363331712952,0.1080003701899178,-0.57105824588229515,0.81759278737565011,-0.073719155184733542,-0.13074734391006401,-0.0019302494070859034,0.99141384204462746,7.3441077953909071,-19.301624782954494,-6.2407876542529737,,0.269940845127953,0.2058823529411765,False,3
0.92923508197311322,-0.36940561370909103,0.0078520691942431317,0.36456302226818299,0.91318091107375843,-0.18219337651294829,0.060132896363884025,0.17216305123548001,0.98323136573452519,22.72211503681649,2.3464707666733844,-1.760731714032314,,0.288006930993179,0.9454545454545454,True,1
0.53393937085612564,-0.84502592084819306,-0.028981741569944139,0.83077917125367429,0.53069376655758216,-0.1678394910263484,0.15720915005438429,0.065538685000454483,0.98538823004315823,5.7977685536009496,1.7681858688561338,-2.1304340014260559,,0.09415488015661941,0.3689320388349515,False,4
0.24516015852178441,0.96633702941925603,0.078033596910182773,-0.94842469082372949,0.25574180343748687,-0.18731453710391605,-0.20096542615456534,-0.02808692841357292,0.97919559942986067,-24.850983633745521,-12.383564258788056,-5.8271851637211709,,0.2378095493203025,0.5384615384615384,False,1
0.88080439446470327,0.45915318206259481,0.1155940054391258,-0.46045206317122672,0.88752557907052532,-0.016800119549848613,-0.11030646496478663,-0.038427879167632344,0.99315446023750498,-3.5716192006549212,2.2643095979516814,-2.1979042179242239,,0.1373953642355752,0.3050847457627119,False,1
-0.53397805512257956,-0.83277327488677455,-0.14613729599887917,0.82603080701010079,-0.47695537782438513,-0.3003109612295895,0.18038997344018101,-0.28107337155759676,0.94258008534208693,-12.100513649340321,-24.088395194344919,-7.4200917642630451,,0.219406236563775,0.4761904761904762,False,1
0.99111463099768826,-0.13288926072866858,0.0056773766216490877,0.13300873274000624,0.99041722911740093,-0.037180495993297591,-0.00068208299619503671,0.037605274236441485,0.99929243873472218,3.0534383386025543,-21.161565660899615,-6.7045740480724669,,0.2334011031824584,0.3,False,2
0.62727068624624505,0.71552157672701222,0.30750668190180053,-0.76383151697093654,0.64227005237070744,0.063644273187827061,-0.15196348198841322,-0.27480548223392337,0.94941510788281558,0.27603157698799419,15.031775771789899,0.19892765399545101,,0.4171959367877467,0.25,False,4
0.76842854965335416,0.6392237673811777,0.030175143622808896,-0.62659951957255855,0.76115411500384855,-0.16738415481803451,-0.12996386478203145,0.10971503282468974,0.98542985819549633,-10.053809370862959,16.169131047974673,-0.26173909172869836,0.354703507043901,0.2963621984132085,0.8372093023255814,True,4
0.007186582098199194,-0.99993229039852205,-0.0091524672144570225,0.97965032480222747,0.0088761497837297476,-0.20051547341765744,0.20058313526474839,-0.0075251965677092802,0.97964778224828375,11.738859959046419,-17.320184591845354,-5.8404169318458994,,0.2195836615445561,0.8135593220338984,True,3
-0.65811535796537945,0.74772160895018946,0.088298194313588735,-0.73931773043549931,-0.61958012197422296,-0.26368497476744762,-0.1424551475861891,-0.23881555218064587,0.9605590366879333,-5.6176035287553674,19.880452427889043,0.82356401994342221,,0.1682179123997694,0.4166666666666667,False,1
-0.98657099260994807,0.14525739776320407,0.074685774654104281,-0.16242320413896807,-0.82430617208718138,-0.54234494320147264,-0.017215670124988088,-0.54719249177418339,0.83682973038014563,-2.5881246721070101,-14.086204423341705,-5.2955789209992767,,0.360933502520538,0.1168831168831169,False,1
-0.35940548821889062,0.9297715402899831,0.079703060825376884,-0.91046294184299081,-0.3306428707866137,-0.24846030574036171,-0.2046580723273535,-0.1618646807205929,0.96535739421546518,15.171944256596168,-23.952490298193062,-7.1616309914204379,,0.1537308345246865,0.8888888888888888,False,3
0.91610736892073363,-0.39495082961670708,-0.06900094777760038,0.39964870779072581,0.91331179874021107,0.078373902819273811,0.032065541790768273,-0.099375049519467282,0.9945332576453485,-5.0689521561610604,-0.084599230927679125,-2.5931702396449339,,0.6313704853330059,0.2326086956521739,False,2
-0.74465793587383033,-0.66235362692766764,-0.082293568618030472,0.650928948485893,-0.69342881681335367,-0.30894656501712781,0.14756714594778966,-0.28362677748865078,0.94751242130550839,-3.9071853266135426,-0.76348724592208927,-2.7207501984876186,,0.1909762037680118,0.282312925170068,False,1
0.7121405960619297,0.70103822273422522,0.037432361750209607,-0.68492003817002833,0.70549137444536991,-0.18211661620058153,-0.15407891729151829,0.10405446097511593,0.98256417418785003,20.614741924200558,-0.87730159346068359,-2.4529667025884057,,0.2858758985426125,0.6808510638297872,False,1
-0.0043561786683215514,-0.98935505811008051,-0.14545649761838758,0.97909982616562785,0.025356943245906208,-0.20179334932465076,0.20333360300217546,-0.14329547941656159,0.96856690603640316,-18.314416209024802,0.41293133714856012,-3.3299807628870224,,0.1916928990342558,0.5121951219512195,False,2
0.76357556677620253,-0.64556435679697333,-0.014107269605158266,0.63466436106020963,0.75434991923309136,-0.16780151415605912,0.11896849424296504,0.11917575502735583,0.98571985715578592,-4.7421211068538796,-23.510281284016127,-7.2309924540496393,,0.1739715153599088,0.5,False,1
0.99983653225938973,-0.0082553219203379581,0.016085969647814117,0.010840563466201818,0.98574071780842298,-0.16792176582644294,-0.014470347032951886,0.16806869700966651,0.98566907334166642,-11.048951641179903,-16.039448457066957,-5.9182307138068078,,0.08593482620084653,0.2962962962962963,False,1
0.90461994655091815,0.4228947445260739,0.053129910167819691,-0.41406102903896597,0.90152164703496307,-0.12574650754020938,-0.10107530130257526,0.091753773653153611,0.99063869724890086,5.4270594639867689,-20.443869534570563,-6.5025744325686441,,0.3007733631308032,0.103448275862069,False,1
0.98898183052612498,-0.14540712424602387,-0.027779616766548026,0.14736866457529058,0.98483815314021705,0.091522067397223517,0.014050465846029158,-0.094607506773340844,0.99541549318445,16.238629777731859,-23.017053837818363,-6.9669229610187395,,0.3410175028438335,0.2222222222222222,False,1
-0.45936710523978957,0.80386325151550986,0.37786999812968575,-0.87096458455686399,-0.32413037598044109,-0.36926980896692307,-0.1743632847571584,-0.49874178913511008,0.84903125543115543,-3.5140880683754605,4.541352271025346,-1.9193371398713346,,0.5456038687194021,0.2624356775300172,False,2
-0.54553108390827842,0.83458397823600605,0.076586028501424777,-0.82236780127589637,-0.51543949107804199,-0.24090108024219625,-0.16157671835542065,-0.19440091128637027,0.96752325541897055,22.575795938240486,-13.916955875078397,-5.1373191233976865,,0.1291227699157971,0.25,False,1
0.98088577005220556,-0.19421043707108837,0.012058699836583621,0.1931374462621861,0.96417663749745808,-0.18182777168358077,0.023686134349301956,0.18068126033640569,0.98325645139141349,-9.5601799997299644,3.6960079847160863,-2.3775784698822431,,0.1805392182604342,0.6724137931034483,False,1
0.32855191207480178,0.94397409636454266,0.031089330400264011,-0.92366533108486781,0.32800849912899926,-0.19812314516740004,-0.19722068153181371,0.036377601513656099,0.97968396581971307,-15.919691965083272,8.0641813362248396,-1.9514041646511142,,0.2387202081576889,0.6,True,1
-0.82478370169263227,-0.56536184639348463,-0.0098908070828332122,0.55074426574312663,-0.79924977123454821,-0.24058378360269314,0.12811166681166958,-0.20387688889149019,0.97057797986697802,-0.51781582421944472,13.812939370762605,-0.010557644253179867,,0.07864441855413501,0.2068965517241379,False,1
0.14662034403296553,-0.95946961731791169,-0.24066684058979687,0.96903265399710892,0.18818524714227325,-0.15988129423206957,0.1986911930684773,-0.20977217690108813,0.95734917537709507,-8.7356510518711126,5.4823360924794677,-2.0646400739405713,,0.5709276932972028,0.3553719008264463,False,1
