axis_00,axis_01,axis_02,axis_10,axis_11,axis_12,axis_20,axis_21,axis_22,location_x,location_y,location_z,dbh,dbh_approximation,score,reconstructed,number_clusters
-0.98953768665908881,0.14023339652798433,0.033908128518176171,-0.14353956141737478,-0.98061392302817574,-0.13338938590232691,0.014545136282886945,-0.13686098224664797,0.99048347313268992,10.638217872065953,10.059407830524734,-2.3641041633670499,,0.09179441475456186,0.1764705882352941,True,4
-0.99957173337539562,0.014298268856572644,0.025532515438405935,-0.017242995785191707,-0.9927308538463504,-0.11911394090470102,0.023643792700392515,-0.11950318543537622,0.99255224534406228,-26.993213327948855,2.1225928598542088,-2.7763171624164866,,0.1039837023727774,0.5555555555555556,False,1
-0.68549793583872543,-0.72806982807660237,0.0026278137970366638,0.72319765113140289,-0.68131882791768239,-0.11309205154605649,0.084129289542150612,-0.075623939128960926,0.993581039710275,6.9654074443323184,-3.8869582212601088,-3.9905937873088488,0.3186144740735809,0.2558114449350313,0.9867549668874173,True,5
-0.13410550699400148,0.98896605358838896,0.062943290696395995,-0.98701561907977664,-0.12763448839751398,-0.097517203938953634,-0.088407469630390506,-0.075203605108492416,0.99324142940789528,23.522894269130735,8.892768879709303,-2.7600688817001355,,0.2463329078675516,0.6410256410256411,True,2
-0.96416202848559329,-0.2649635886186526,0.013633764442422709,0.26099791022914015,-0.95645503174189961,-0.13066699319883116,0.047662078034510391,-0.12242576919066961,0.99133256647580437,-10.950944565558876,-4.1622158965204283,-3.8271699097776204,,0.3499829345160008,1.0,True,5
-0.34909262950607339,0.92817805681774024,0.12891792298427815,-0.93392223288318321,-0.33330599078358769,-0.12921447068444702,-0.07696492026258582,-0.16550713383360816,0.983200788089167,-6.3360175157484768,0.97880875595513128,-3.3181444667160771,,0.165899485720522,0.6463414634146342,False,5
0.082931375964955756,-0.99605022608664451,-0.031722767743430677,0.99244723804157742,0.085435029154657824,-0.088030310103892381,0.090392845868485866,-0.024182698486464666,0.99561254035378111,16.527362160893251,0.24629683074584344,-3.6874110151071728,,0.185757517394383,0.9090909090909091,True,3
-0.96386299187228652,0.26451058380195491,0.031658868516630564,-0.26636864480904343,-0.95514781667468585,-0.12938467206038795,-0.0039847159996670607,-0.13314202701750272,0.99108895800532082,9.488649049842234,8.5918996950460969,-2.5415163503018916,,0.1577845988413099,0.9156626506024096,True,5
-0.44644979622991882,-0.89480341733396118,-0.0030698165632063804,0.88926473286610686,-0.4432998230212995,-0.11266544186155368,0.099452573253981602,-0.053029343167272022,0.99362823753978124,-22.96397571800432,-14.840529204124989,-5.410541420116596,0.3368866587829782,0.3591463961399081,0.8409090909090909,True,5
-0.37789172934850185,-0.92559932865857608,-0.021534244281909087,0.92018300569754186,-0.37290775898897766,-0.11917650486256555,0.10227940611597824,-0.064851261148977227,0.99263953024849394,-8.5207396762056327,1.2757101873516805,-3.191339740655061,,0.2253916969504837,0.7017543859649122,True,5
-0.96574770359348094,-0.25936304113601166,-0.0078858034844976645,0.25687172722097551,-0.95128731850697934,-0.17049737066099416,0.036719051709288512,-0.16668308414616986,0.98532657565960846,9.5868639104352464,16.995087131083285,-1.5697714864531285,,0.2047042966651615,0.2758620689655172,True,5
-0.45861325847262041,-0.88862362717688026,0.004682774405248934,0.88368501883987138,-0.45660729129141331,-0.10300761630818583,0.093673190567533968,-0.043102560974069268,0.9946695444248681,-9.3413480950073957,8.5979058013097465,-2.1595238430224555,0.2918743500505723,0.2848641057512762,1.0,True,5
-0.99841185563477175,0.048710661896091481,0.028302613758721978,-0.052523071398712491,-0.98652607444886087,-0.15494396213910916,0.020373843495435379,-0.15618442896193135,0.98751776219522147,7.8260606217847632,-9.187292458971033,-4.6680442743063706,0.1161260148791675,0.1044897232724173,0.651685393258427,True,5
0.40746520527415148,0.90972102976070235,0.079873365410639302,-0.9082908211601749,0.41278829146632057,-0.06792356457439408,-0.094762285151158213,-0.044871755475398692,0.99448812706511847,5.8975434819500219,-15.568586430128981,-5.5065393926084107,,0.07563688976813095,0.391304347826087,False,1
-0.66540034897602751,-0.74573802350068896,-0.033424181184706567,0.74201168956135466,-0.65585271149576041,-0.13883757912742636,0.081615121986592029,-0.11718370675544522,0.98975095389404344,-20.914384943832218,3.0746890903572663,-2.7077376384194567,,0.1450913558490987,0.7419354838709677,False,2
0.99289269428859506,-0.11901174345747134,-0.00055004322356046187,0.11817852815264024,0.98537392991731221,0.12276829282427965,-0.014068870317490732,-0.12196074433409089,0.99243520883202485,-7.5510682100111071,-11.457839631251609,-4.9393905028641907,0.5194358519101611,0.2950021065294292,0.2058823529411765,True,2
-0.68386713489978823,-0.7296028240694824,-0.0023368598147215959,0.724996170090206,-0.67918278315248726,-0.11441722083575312,0.081891972491147172,-0.079940391411853592,0.99343003712512723,14.736230397024688,2.6555365770105968,-3.3807702791157124,0.07541247327063352,0.105934529602704,0.3703703703703703,True,5
-0.20407918599478406,-0.97881597692345967,0.016461141001760014,0.97425955256620445,-0.20471658199387341,-0.094389857984029935,0.0957601695759044,-0.0032255815164401805,0.99539920913504598,5.858985092316888,-23.031496766601958,-6.5462421345950546,,0.186455702564895,0.875,False,1
0.35029279724918871,-0.91004677275472079,-0.22160737260763172,0.93159627131174982,0.36303547256957514,-0.018265621649179151,0.097073907273707627,-0.20005028631547675,0.97496489140466625,-4.755782090105706,-18.068951103234987,-5.8330697349288796,,0.34147573797152,0.2923076923076923,False,2
-0.1143484767674432,-0.9933998077547147,-0.0090137569227114051,0.98889452217930718,-0.11295348120871304,-0.09658744787286265,0.094931816925230894,-0.019958282384241792,0.99528368674441037,-16.242056823259382,11.023893843163401,-1.7497903688722949,0.3647571818224866,0.2620854411643025,0.9705882352941176,True,5
0.99398408594676024,-0.10709277188519778,0.022951581525667775,0.10863900368079672,0.99065036099707371,-0.082519265239169498,-0.013899775675464033,0.084516273381601281,0.99632514560752661,10.22122582735496,-4.488556983447376,-4.1097577551637867,,0.1916703493879092,0.8653846153846154,True,5
-0.96229067576555194,0.27006735505340118,0.032561926680368988,-0.27202053465714882,-0.95482593985952857,-0.11963383006577669,-0.0012182198145520122,-0.12398003188347829,0.99228396522097218,15.823925056735742,4.8716156883473474,-3.1211186071538468,,0.1697539507528383,0.6774193548387096,True,5
-0.61649164904696863,0.78532804640047937,0.056550032645046204,-0.78536168897424985,-0.60822216210060231,-0.11520772118735063,-0.056080871488083557,-0.11543682716739567,0.9917304446202414,8.4184775476471909,11.041633687723575,-2.211662973532444,,0.2191281443553755,0.5283018867924528,True,5
-0.82497034578930439,0.56369429263735682,0.040898325348931189,-0.56452108721924577,-0.81837134750212748,-0.10763029161139546,-0.027200563469852723,-0.1118797659794816,0.99334940847181286,8.378448961912369,-0.67262165770295956,-3.607281451421307,0.2233091734632229,0.1812683874933178,0.9158878504672897,True,5
-0.76762413225278869,-0.64069757431047547,-0.016118618297693156,0.63773624658872408,-0.761096865298169,-0.11842314562714232,0.063605592286214291,-0.10118389153404787,0.99283238702408705,17.63234065949208,1.3087556650481686,-3.5487186012672334,,0.2139926344457789,0.3488372093023256,True,5
-0.61138126489294575,-0.79128313467758693,-0.0091624075829413211,0.78625617198478592,-0.60610592801685526,-0.12015338546483008,0.089521957941807714,-0.080663528298985251,0.9927130573577776,-7.5809373942905607,13.155008892699218,-1.6251374272453578,,0.2725779942615704,0.8648648648648649,True,5
-0.91290266738222525,-0.40796407387024475,0.013192206699846089,0.40358389070596451,-0.90699282707312723,-0.12034971873889952,0.06106359839588605,-0.10454341714852081,0.99264389933241226,8.8438029903563056,-7.2777463226069496,-4.4373403723631224,0.1920830591110335,0.1884896396733494,0.9060773480662984,True,5
-0.092642961827831438,0.88355230433850207,0.45907799677384875,-0.99200172761660088,-0.042205090277149672,-0.11895924831797215,-0.08573128967562707,-0.46642690301141582,0.88039541691090895,-7.9545832306866933,-11.33007561171587,-4.9192400896014075,,0.5759204453163528,0.3306451612903226,False,2
0.79375929175970605,-0.60823059816778902,-0.0013138483872766928,0.60691082477212144,0.79217555144041885,-0.064164994151740762,0.040067911345045955,0.05013417150530379,0.99793843864635445,12.495679852007271,4.5731416602017605,-3.0729870897226692,,0.2391256935702231,0.8762886597938144,True,5
-0.33048712721740425,-0.94350472740943336,-0.024022658046889082,0.93888364019016135,-0.3260580887790972,-0.1103794950386779,0.096310793407896264,-0.059033482853147086,0.99359915407339605,-26.68819223969847,-1.3206328626240318,-3.2531244079967379,,0.2838255271197895,1.0,True,3
-0.97881768885545029,0.19488627433514377,0.062731746822814086,-0.20465471199495947,-0.93989370171940168,-0.27334278539310319,0.0056904166749664285,-0.28039110104275244,0.95986897523260839,-18.781281537749841,12.259618949709852,-1.5120384683213661,,0.2188521759107129,0.1538461538461539,False,1
-0.99213519874672418,-0.12516942345143611,-0.00060236254271699846,0.12370848954041648,-0.97979917413168893,-0.15712984435328842,0.019077657702833043,-0.15596856671680692,0.98757776867084157,7.7512584255756174,12.539489202530239,-2.0285948393706157,,0.1852822104102696,0.1967213114754098,True,5
-0.39466771266383277,0.91822499130536606,0.033170196305721975,-0.9157625484260532,-0.39015184627543942,-0.095710457882552599,-0.074942321027043235,-0.068149850991235508,0.99485639482739074,-8.6835694777371248,-8.2008310272228186,-4.4492134384927997,0.245597861946562,0.1000176110738838,0.5384615384615384,True,5
-0.83501182332224189,0.54861938608401584,0.042095416910447964,-0.54948839269086081,-0.82746332149547974,-0.11561556070739111,-0.028596524440591898,-0.11967130312847563,0.99240164147257082,5.5381572411146944,-14.406883190266276,-5.3309975954228142,0.1020438701164544,0.1756455203233361,0.8888888888888888,True,5
0.46172858828301161,-0.88700465753889923,0.0054266256990307751,0.88405706372819604,0.45967727164543809,-0.084498011839845066,0.072455633559148122,0.043812594500969991,0.99640887075970774,-21.923122614006104,-3.482971159698752,-3.659100718751215,0.2321732620969966,0.2494642932661577,0.8888888888888888,True,5
-0.82803388064119599,0.55435282749169612,0.083981159567157238,-0.56063093919351681,-0.81668169323795736,-0.1368355288255913,-0.0072692867103949874,-0.16038689030574046,0.98702745802169944,12.934636564802998,10.453362910227289,-2.3852914681555899,,0.1813402185874004,0.4523809523809524,False,5
-0.81799686943912986,-0.57521764599128322,0.0024044392341448454,0.57088278704064765,-0.81233073276518375,-0.11921251639774698,0.070526342939971495,-0.096142812240059466,0.99286584924957855,12.352902809576394,-12.814303199140562,-5.1945979450647108,,0.1569274249000291,0.8947368421052632,True,5
0.78445154855973065,-0.62018729942211814,-0.0018659040014499494,0.61884558738835993,0.78294538223213639,-0.063456027383783434,0.040815523176828294,0.048623472488869966,0.99798289113137018,-4.0932486966623092,6.9611523075331245,-2.4795384920364567,,0.09027450148607251,0.3478260869565217,False,5
-0.75658374723065247,-0.65385775034761695,-0.0071467290964574888,0.64927569622109504,-0.74989500629083949,-0.12688006083177536,0.077602214678686485,-0.10063558938276375,0.99189231997558469,6.5620772813902564,6.6399287665458306,-2.7070781764542677,,0.1780971166979721,0.9568345323741008,True,5
-0.56900577170300615,-0.82233074467416511,0.0021396570518049541,0.81771642666798461,-0.56608443237284201,-0.10434683024634667,0.087018833168510529,-0.05762431595038818,0.9945386673655483,11.042981470902692,-3.4096237624488799,-3.9955856350154031,,0.2024581687091838,0.9774011299435028,True,5
-0.6935160552354932,-0.70042143721654249,-0.16865731949166862,0.71552038129181117,-0.64232453201598239,-0.27468123257054233,0.084059889879914571,-0.3111735944098788,0.94662818944684624,6.2524520307828908,-19.172158158505361,-6.0443740155086489,,0.1160707213476359,0.5,False,1
-0.27767066188522366,0.93687095346404514,0.21253663233332939,-0.95688815490182022,-0.25009454876281606,-0.14770841441066854,-0.085229469884612802,-0.24438807915791327,0.96592463693017661,11.874845030447441,1.4632448594366525,-3.434883879934822,,0.2178214757112067,0.2823529411764706,False,7
-0.99816660574885774,0.054960360024015602,0.025353224525441732,-0.057325089298139231,-0.99286057025762353,-0.10460268717709677,0.019423215613466924,-0.10586428507168888,0.99419087294216058,10.784624540576329,-2.2065949201148745,-3.8459604525589421,,0.1926053864683882,0.9625,True,5
-0.66885359987221282,-0.74332720467483326,0.0099764085864545923,0.73843519871407048,-0.66587955242226016,-0.10638552047175132,0.085722338034474002,-0.063789407084818422,0.99427490781255967,6.2903227512449469,-12.405966791645449,-5.0700914441826441,,0.2319663813953911,0.9659863945578231,True,5
-0.99408106489776005,0.10465358087809511,0.029162723143221634,-0.10737721153498499,-0.98728113567931908,-0.11724373575900059,0.016521829641636829,-0.11968118958778477,0.99267489240140772,9.2259680527908952,-12.840992060693852,-5.1538873248825308,,0.2031796331614464,1.0,True,5
-0.98489859353372489,0.17027070800172098,0.031347192089282196,-0.17289546536450273,-0.97676117716689514,-0.12666791557427878,0.00905088458006938,-0.13017483925910278,0.99144974290792176,7.2398328744314657,-13.129646878215395,-5.1840667170973793,0.1643357618776752,0.1803913015814252,0.9418604651162791,True,5
-0.913745980786422,-0.40600350283599534,0.01514722025857251,0.4017077395692164,-0.90840248674187862,-0.11591295894489939,0.060820839905828303,-0.099830244746135166,0.99314387057821396,-5.0711237384052072,-11.14563501068559,-4.8752603147299185,0.3196800142402808,0.2681142038120841,0.9156118143459916,True,5
-0.94473013758015301,-0.32742113077548157,0.016744260792610349,0.32368598902199619,-0.93962988026774874,-0.11100931771193395,0.052080204095588521,-0.099453965379575918,0.99367829860153467,-13.772147660295822,-7.6951915847921564,-4.2822632204426334,0.3040156666492836,0.2878551982344141,0.9935897435897436,True,5
-0.93378895660117056,-0.35768287255080233,0.010057197099750694,0.35293779963389843,-0.92530238217421801,-0.13874585086516694,0.058932962926353111,-0.12600977829725549,0.99027695199585308,13.916521943600735,10.726070595711374,-2.3574418344155514,,0.177579793851711,0.5833333333333334,True,5
-0.81169223873384755,-0.5837182720209132,-0.02070479384477298,0.57888601185371202,-0.79924190903001624,-0.16156533084223293,0.077760496779146079,-0.14312704062816065,0.98664479696681429,-7.3618652939609586,-9.1683273603566615,-4.6354345383151028,0.3536770552278227,0.2381514785387733,0.5294117647058824,True,5
0.59514733962113264,-0.7938638012352125,-0.12481950660961987,0.80137424155812498,0.59787912134090082,0.018435868077588527,0.059991408626818885,-0.1109991952809264,0.99200817009637499,-9.2658298333622504,0.24619827266532426,-3.2768604535372141,,0.2922266136109749,0.3928571428571428,False,4
-0.99883813005038824,-0.0428365599099877,0.022077569896195602,0.039731622341606265,-0.9912627398433761,-0.12577590701047409,0.027272479600273722,-0.12475259409439743,0.9918129874745395,-16.860480420835195,-0.29159873775239603,-3.2756623576579984,0.3120788262031588,0.288229840662759,1.0,True,5
-0.9933841482900797,-0.1129696681369521,0.0206346312548372,0.10847520082359624,-0.98204905449999835,-0.15431391823793308,0.037697012246020976,-0.15105465446880462,0.987806371021688,11.277868716000141,-17.89316106903803,-5.9726484652039931,0.1304620080298745,0.1631959314823039,0.8,True,5
-0.85754679504115372,-0.51438898303095693,0.0041795276078034401,0.50932417428331855,-0.8501863536751294,-0.1333118506180318,0.072127524602347129,-0.11219241579075934,0.99106532682450976,16.6680055925221,2.293807181849655,-3.4388028686869956,,0.1986926996755327,0.7391304347826086,True,5
-0.92971506480304122,0.34457287719306651,0.12999780990912857,-0.36706391957130252,-0.83833838563346674,-0.40305437613605749,-0.029899451955352607,-0.42244323106941367,0.90589609740654298,-8.6068545144243824,-11.213303046451584,-4.8851892889508539,,0.3412021928373756,0.2647058823529412,False,5
-0.91433084703784939,-0.40481373099777779,0.011177895629702995,0.40044812166354327,-0.90789377759971213,-0.12397657218952857,0.06033576063322476,-0.10887943695383502,0.99222218489480818,-6.7319697114539938,-14.732436439080875,-5.4540367476335456,0.3167705480658038,0.2838335672380603,0.9818181818181818,True,1
-0.71773851513627307,-0.69598160205307369,-0.021471690516023583,0.68947948995952424,-0.70604760521827126,-0.16160077998171751,0.09731113407587566,-0.13079139409449814,0.98662259978964872,-18.006131170300577,15.596604790332877,-1.1100054343977979,,0.166927215873417,0.5,False,4
0.98269698654389204,0.18345688768582402,0.025499078379109662,-0.18500689282614796,0.9656078016770322,0.18268558494654918,0.0088928198209157205,-0.18424207907283166,0.98284066564960204,-5.1985313137015261,7.1358127393953481,-2.4487312258656186,,0.4169086522080095,0.2818181818181818,False,5
0.86203497965875842,0.50401639125161879,0.053508608601051,-0.50105449113200584,0.86333556404580969,-0.059967497614554173,-0.076420486527972439,0.024883351932567549,0.99676513183168147,7.4022563653647824,7.6325070786160936,-2.6036351101628616,,0.1010523662360625,0.5161290322580645,False,5
-0.99897622186644963,-0.037898283051895951,0.024702799176479495,0.034938674526633948,-0.99322193426574279,-0.11085791949941673,0.028736686791574345,-0.10988134252517845,0.993529211144347,19.994605882174007,15.492657273771112,-1.9670332218567246,0.3173611882836253,0.2267554282685957,0.9767441860465116,True,2
-0.85328365508072301,-0.52130203646625084,0.012295964712965084,0.5167587751777436,-0.84853170615715057,-0.11381701069187619,0.069766555374916481,-0.090764147228825198,0.99342563754361812,8.8566256382200486,-8.4395165296673191,-4.5857115230447594,0.2267837598556871,0.1651505899244735,0.8670886075949367,True,5
0.1785282660315588,-0.98393405069399165,0.0012008799604762855,0.98018325563634756,0.17774096761774461,-0.087458183153091798,0.085839638849990796,0.016790840217880063,0.99616746789226263,10.49891104349321,-15.270929435490812,-5.5347654790830552,,0.1357435740363988,0.7358490566037735,True,3
-0.95233447261183979,0.30106114546965279,0.049206086652283411,-0.30503369146318732,-0.94173833280225761,-0.14171577048150896,0.0036741458153672774,-0.14997032779629169,0.98868367106633392,-20.517953109414588,-6.5310068519439746,-4.1280482836580612,0.2961802817073053,0.263690497567124,0.9298245614035088,True,4
0.88825115676042654,0.45461777704396744,0.065822179463811109,-0.45494599006982073,0.89045373881732748,-0.010783559043005722,-0.063514003441409339,-0.020367027810772771,0.99777309822674631,11.932067361851052,11.96585850158286,-2.1928497438360295,0.1128130862819823,0.07181788794026708,0.28,True,2
-0.94230177104445034,-0.32994048559789313,-0.056627274788019405,0.32989347345541598,-0.88645708171725979,-0.32459842643617287,0.056900513688473889,-0.32455064048118165,0.94415529088452488,-20.722139421307546,10.077458825765724,-1.7491822008334104,,0.215490018499907,0.2608695652173913,False,4
0.16828812606243543,0.98486011569741405,0.041589170884642368,-0.98110843744486465,0.17143281940554589,-0.08964944174485194,-0.095421908390536672,-0.025716549907474299,0.99510467713701656,10.946703631347191,4.6253044344174166,-3.0535907660376673,0.08126436892175459,0.1186185476523775,0.7654320987654321,True,5
-0.097552450196746604,0.97087397086401273,0.21883156115916327,-0.99052654099193549,-0.073362577444999896,-0.11608231485105452,-0.096647250613580496,-0.22808258357308153,0.96883313528154336,-4.2867903283358819,10.061973244676011,-2.0966818006486454,,0.1692144345489693,0.25,False,5
-0.85024055939939513,0.52456421929174113,0.043856253727942572,-0.52542866935456922,-0.84068599978969416,-0.13104107439230375,-0.031870120371443884,-0.13445976943475937,0.99040641447390731,-11.311633733485451,-20.044829661164592,-6.3501008902497649,0.2295819631653097,0.1925557594896608,0.9285714285714286,True,3
-0.68588221810927585,-0.72769103016791303,-0.0055988833406087936,0.72274719789834818,-0.68028486076686578,-0.12185645711858117,0.084865015239416475,-0.087625754345215023,0.99253194223855912,-6.0166972958411433,6.5588650586329216,-2.5174873685444279,0.3634193027976294,0.3204088823821928,0.9963636363636363,True,5
0.97945826014125215,-0.20134821439480222,0.010973294906163,0.20162261109021079,0.97704206743745259,-0.068826747378583936,0.0031367719455616533,0.069625390609852775,0.99756827618173005,20.178251238928468,5.5495607747625231,-3.1037642734501656,,0.2293246533755936,0.8157894736842105,True,5
-0.99740832999859441,0.068255412045213029,0.022755702053627619,-0.070426479865355357,-0.99090412349750012,-0.1146696514751238,0.014721894687504601,-0.11597506957182592,0.99314301540846617,-5.3826565949693759,-23.564446563607724,-6.6985265592377443,0.2070192381873469,0.2578628775430876,0.9523809523809523,True,4
-0.30254688248585954,-0.95313271503150743,0.001847006972192573,0.94823451016363036,-0.30118718769026331,-0.10068560823658489,0.096523041978733834,-0.028710721131625504,0.99491657783920484,7.344259096276418,8.6350925121285798,-2.475817144133786,,0.2124265093002112,0.9108910891089109,True,5
-0.57270239662155853,0.8115088928306714,0.11604000069227016,-0.81775150042693445,-0.55563319294834845,-0.15018068598698908,-0.057397286115477557,-0.18090072346666464,0.98182507596608914,-5.606665357039776,12.429705763231565,-1.7542191572158272,,0.1187772003478512,0.3478260869565217,False,4
-0.15723947216350831,-0.9836671207866845,-0.087605615556171038,0.98431791526125123,-0.14892257174065784,-0.094553208945510184,0.079962429237023444,-0.10109927353538686,0.99165767621751977,19.53542947101673,-3.497463370622286,-4.1596431138628081,,0.2280918668981971,0.2692307692307692,False,4
-0.055823528806377948,-0.99819421643271233,-0.02218197267799623,0.99326592006051273,-0.053261519833171352,-0.10288839852677326,0.10152115876972109,-0.027776190979768505,0.99444554277079888,6.6876367657822087,-19.061070809843738,-6.0429952758121868,0.155690290932164,0.2088367176138037,0.9464285714285714,True,4
0.29537455654007366,-0.95517586051366943,-0.019822886790944252,0.95166140970062196,0.29599031541057352,-0.082038371935181709,0.084228455021927343,0.00536737134181808,0.99643201408299742,-4.230440445052067,25.589600940410449,-0.32608050833048086,,0.2502865972458281,0.6976744186046512,True,5
-0.81038099746623393,-0.58588291030166861,-0.0048840927589610256,0.58136384244466432,-0.80303877806346147,-0.13093816717946674,0.072792318575567783,-0.10894923745850253,0.99137850592677434,-6.4901293522169929,-10.935387429220672,-4.8781983248476832,,0.1085149783937514,0.5774647887323944,False,5
-0.84376847848711367,-0.53662256088959692,0.0095384409540269794,0.53200062860304842,-0.83858538619436518,-0.11725988754561366,0.070923098335478191,-0.09386574031849701,0.99305545510659055,-4.8669778203250766,-5.1605038449303375,-4.0488787800692156,0.3237871808813039,0.2481766415501465,0.9301075268817204,True,5
-0.63115048433406795,0.77380182667053665,0.05366376026902861,-0.77403331291411392,-0.62383852857259892,-0.1081569265815901,-0.050214506112002025,-0.10980083474051988,0.99268438089163691,13.89784073166828,4.9425341387226531,-3.0276298342159884,,0.1532720788226619,0.9411764705882353,True,5
-0.32991201991886721,-0.94401099341364814,-0.0011416773758604754,0.93914686804684766,-0.32808900906439653,-0.10178783016127446,0.095714258869047109,-0.034653231383523969,0.99480547555983512,6.4768244528544532,9.6405675402818485,-2.3504449112039203,0.3315797031372698,0.2167410158685709,0.92,True,5
-0.78277884741313219,0.62060124769338021,0.045949618104905401,-0.6213227311961147,-0.77527963494884455,-0.11357619175067173,-0.034861723158319605,-0.11745458269052204,0.99246616126869858,16.600285266444526,7.8522099833681294,-2.7644350013968446,,0.2076400321912962,0.3666666666666666,True,5
-0.4555528069933919,0.8410722554309481,0.29166607822086454,-0.88846889777824456,-0.40909235377473857,-0.2080059224247135,-0.055629647861128131,-0.35389392086802274,0.93362970981621229,-6.5388932518547564,10.533188083201621,-1.9636265064656098,,0.4232075339961376,0.3214285714285715,False,6
-0.77351238508500131,-0.6337436524385045,0.0068973265847815397,0.62894719380610575,-0.76890873494471945,-0.11491207390495017,0.078128212084611445,-0.08454785816101934,0.9933517212734102,-14.062834513057615,5.4817546517451614,-2.526914200703541,0.3445183179297072,0.2959773535144711,0.9545454545454546,True,5
-0.76294888351106194,-0.64645574326498323,-0.0019932759322960382,0.64161723914742586,-0.75685460781212166,-0.12449265465237298,0.078970371520331401,-0.096260452072895006,0.99221852723513626,9.2410678983921049,-5.6707440161400093,-4.2301169690455449,0.2346534293041241,0.2343673763255944,0.8806584362139918,True,5
-0.96936984604323639,-0.24513019663985086,0.015273777444361428,0.24175817419882079,-0.96330209551463941,-0.11662786110169589,0.043302272344121547,-0.10936297121243499,0.99305823280280159,15.591302264819367,-1.3820506366758387,-3.9157247417191332,,0.1346401748705395,0.6774193548387096,False,5
0.46678259576098402,-0.85097414745475219,-0.24074261911488698,0.88023773840336972,0.47334624414981463,0.033538888469731992,0.085413887542710926,-0.22756610800583163,0.97000934753326973,-7.7941628406308343,10.183189052523993,-1.97925485029086,,0.393159722812589,0.3928571428571428,False,7
-0.36942735725337222,-0.92925218164879098,0.0037162634126251034,0.92438805452499351,-0.36789668869417125,-0.10079063001768696,0.095027113837511792,-0.033799546577237577,0.99490071780398581,15.37319121470979,6.3288532466976246,-2.8854634408740041,,0.1594474754194065,0.8461538461538461,True,5
0.94603207246584153,-0.31371736256942423,-0.081269516354341861,0.32287552738703196,0.93395625541305893,0.15322240955344058,0.027833642961893983,-0.17119325161144841,0.98484423079092487,-9.1625626929871729,-17.584286788687056,-5.813523984472849,,0.2407232431135354,0.1923076923076923,False,3
-0.73201125433844594,0.68044458905317062,0.033980652585210866,-0.67984763225613765,-0.72630298662293391,-0.10144539683164609,-0.044347721898410283,-0.097360838384168674,0.9942606030169121,7.2975222661417494,14.247601391999082,-1.8122579208900376,,0.2023056753061749,0.5384615384615384,True,5
0.26617587761513617,-0.9638113079094629,-0.014770406956636919,0.96032395578450924,0.26647368592174792,-0.082278032655572236,0.083236423050283781,0.0077160519133991738,0.99649995505301769,-25.429104257929062,-6.6220749984527059,-4.0914223528796363,,0.1973538499152586,0.6296296296296297,True,3
-0.99893852145422846,0.037719381704807077,0.026440094527962341,-0.040769642847872753,-0.99114647131943001,-0.1263586507252257,0.021439836214332861,-0.12730247693917723,0.99163219632495458,6.0094227041666608,-27.128510138674478,-7.1805160216253494,,0.1766535899424331,0.9375,False,1
0.26512231793783197,-0.96034299336815154,-0.086322022798182629,0.96066642907789224,0.27075941021495725,-0.061719962919461233,0.082644833922044733,-0.066563329760065945,0.99435363656862563,10.524107633413712,-12.488983255507089,-5.1470558104157274,,0.1402780739424128,0.2916666666666667,False,1
-0.9840270437244707,0.17194978989740176,0.046087384099326292,-0.17782463783671729,-0.9615359731550982,-0.20934892048185832,0.008317174828015101,-0.21420047171497661,0.97675431021314807,-8.5316805931920126,8.5817666692798529,-2.1679471370292251,,0.1772442569145289,0.3333333333333333,False,1
-0.8692943734850096,0.49169684070129105,0.050611353189515887,-0.49352325493381738,-0.85765745206758659,-0.14442469232255961,-0.027605960712045661,-0.15052545219099966,0.98822062272341782,14.134123998274299,-9.811351417505545,-4.8957564569369412,,0.1216182362489748,0.1739130434782609,False,4
-0.97321847556578356,-0.22977870193125427,-0.006895430095454156,0.22532683205259182,-0.94756232871557144,-0.22661300041318816,0.045536991276945181,-0.22209768422455994,0.97396047203545777,-18.875691203698924,10.344672536368801,-1.7635797721562327,,0.09144273385402416,0.2307692307692308,False,1
-0.27429232650048313,0.95832556596512486,0.079848789850416782,-0.95826192005950805,-0.2654229227185893,-0.1062297729423694,-0.080609008099702825,-0.10565406624046911,0.99113036786289477,18.94927485840352,3.9192652204200207,-3.2616356840867917,,0.1662236265836562,0.5185185185185185,True,4
-0.99252446573857178,-0.12157676193279603,0.010689989162701091,0.11664115523878026,-0.97070269184640046,-0.21007409394476706,0.03591692936381357,-0.20725678517261706,0.97762702457787354,15.2430076286877,-12.343706477644567,-5.2384195515347249,,0.12949747200773,0.2631578947368421,False,1
-0.99945560026777203,0.021895409377428059,0.024679832689538786,-0.024654829141235204,-0.9927426943726867,-0.1177033651586748,0.02192356023562976,-0.11824776453639489,0.99274207309287599,-18.566321446572637,5.9657500897842919,-2.3821850769543889,0.1490482851460579,0.260233777517037,0.875,True,4
0.25827340022407713,-0.9658978438150112,-0.018335922398572509,0.96288598774846745,0.25891544351884455,-0.076245443831740339,0.078392763277950056,0.002036767279988725,0.9969204713740687,-12.808750363088066,12.865803403897043,-1.5685905208497415,0.3636219024441876,0.2625222547295348,0.5405405405405406,True,4
0.84922919742764391,0.5262731773306355,0.042968745137792586,-0.52301874838970641,0.8495672586380979,-0.068460659381950478,-0.072533847748923047,0.035665331520456575,0.99672805973257872,18.82836920096786,8.7056385970529639,-2.7096756648601183,,0.2040020139659857,0.9285714285714286,False,2
-0.86537970838423339,0.46993326751650488,0.174013460393386,-0.50053546504243285,-0.7938673292741959,-0.3453098778572824,-0.02412899814693956,-0.38592406972397669,0.9222149444983575,-6.0706041112417246,-17.626037697565522,-5.8231157120076364,,0.1614448103051566,0.2941176470588235,False,2
-0.83101116965733901,0.54765156532098902,0.097458703593944249,-0.5554099580048425,-0.80725515137506076,-0.19964693618357171,-0.030662916589925968,-0.22003836842673302,0.97500918045231799,-5.2718711416131114,-17.017520676544731,-5.7255099457801846,,0.6803404899453463,0.5196850393700787,False,1
0.99630117732159806,-0.085248391556194542,-0.01080165749687997,0.085668804784747712,0.97560066028083292,0.20214897364655698,-0.0066947706720210248,-0.20232662552586916,0.9792952142479634,12.787332917234934,-6.1619093775912503,-4.4007113638595659,,0.2927587780327621,0.4587155963302753,False,4
-0.96536395161660749,-0.26074357552076571,0.0092319414976422647,0.25512499319979359,-0.95078731891352375,-0.17582580026275774,0.054623060734221199,-0.16738059032600119,0.98437800626494398,8.1686965085357865,-16.833377570522178,-5.7256263529672164,,0.1069970672518846,0.1951219512195122,False,2
0.73189628607239754,0.67617118772951312,0.084382174171391447,-0.67675796346276063,0.73575287220109276,-0.025814142201116649,-0.079539206201521731,-0.038213033539648826,0.99609903059110039,11.536208922170809,0.62734806252794784,-3.527736112893693,,0.1368630223829128,0.25,False,3
-0.49812371852145554,-0.8667271753769813,-0.025627417142544295,0.86225384640401226,-0.49199768818121731,-0.12023551549282022,0.091602758734899842,-0.081989501080186614,0.99241455869247419,17.167091578005572,-0.11626517472314291,-3.7379788241789949,,0.1579777526100611,0.7674418604651163,True,3
0.10769987533385816,-0.98590956794262385,-0.12799633077655517,0.99015899866449486,0.11794369945769473,-0.075328886371426595,0.089363830584849896,-0.11862380704320231,0.98890975229582023,-7.2466005985213373,-19.080583403088351,-6.0962325065793435,,0.1142741484857034,0.1538461538461539,False,1
0.26452395046070282,0.9563616125487614,0.12409490592202589,-0.96412109386692257,0.26523104479075821,0.01109095307227953,-0.022306859786001991,-0.1225763391619101,0.99220836777571697,-4.7754561944201717,16.2817356484504,-1.3342874501717932,,0.2140799697626792,0.5384615384615384,False,2
0.48501444560425128,-0.87339451460313688,-0.04407958049200926,0.87179356455975987,0.48686239657153457,-0.054230873096504886,0.068825637282833724,-0.012125537751891766,0.99755501251151002,-20.003788077505721,10.233029288849849,-1.7322414687676475,,0.1437451772303857,0.15,False,1
0.84373203417625764,0.53450472801131022,0.049203152727762767,-0.53599267279650742,0.84388583245067506,0.023844422775340268,-0.028776886788745831,-0.046490832672564805,0.99850412781528408,20.101368124400526,-2.6146918224604372,-4.0700390712025829,,0.248796239242521,0.2,False,2
-0.90995649728021677,-0.41463779671924145,-0.0073939562705672528,0.41018049181757688,-0.89726225787763692,-0.16331688437089065,0.061083035204619551,-0.15164411666839284,0.9865459567045286,9.3848559519362986,20.953258697457191,-1.1305577189933018,,0.2196404926513982,0.7608695652173914,False,2
-0.90080946122063121,-0.43378850282303744,-0.019231468845198413,0.42966222673382065,-0.8840939677973948,-0.18376133168431821,0.06271112735018454,-0.17379698191512644,0.98278274485445782,7.1695413934971324,19.115825142024764,-1.284926394627109,,0.1531157116588515,0.3793103448275862,False,1
0.60578208659149579,0.78569087847168484,0.12537107741120523,-0.79065607918561887,0.61206694767829295,-0.015395324179871939,-0.088831458457455284,-0.089799192903784852,0.99199046212257069,-14.212641292631199,-16.363054712920704,-5.6702024008907319,,0.275948892498884,0.3333333333333333,False,1
-0.98963559321535632,0.13971681488857343,0.033175356496670055,-0.14342109260466238,-0.97323124308155218,-0.17958657434791964,0.0071960292782865046,-0.18248331191461886,0.98318261682929342,-9.7390063439219183,-8.7497897393741759,-4.5067400354969473,,0.3130479811014263,0.421875,False,2
-0.94247750366967653,-0.33036610416607926,-0.050935177379725576,0.33337323669042584,-0.91782230777962548,-0.21555624880906088,0.024463036097879184,-0.22013734022244325,0.97516209488713401,-27.702433983606678,7.9432352775462158,-1.8643774559896416,,0.1739485962722017,0.3571428571428572,False,2
-0.99950514287960768,-0.018218233275969796,0.025643036745262821,0.013681860897907279,-0.98584317164505386,-0.16711088415538033,0.028324477746056835,-0.16667734368271228,0.98560457946546165,-4.8643020720107462,17.617858377659186,-1.179212532862878,,0.1973739529373493,0.3513513513513514,False,2
-0.95421097876542393,-0.29311087743409731,-0.059727895771957709,0.29487230742891202,-0.88808879622623227,-0.35263098605906906,0.050316302676980895,-0.35409646079459151,0.93385436023914525,16.10401763334708,-6.0604928739417261,-4.4325876458723572,,0.2486215063294046,0.1428571428571428,False,2
-0.93394292057262929,-0.35320860504720364,-0.054720219598220196,0.35251060280472735,-0.88495694985507278,-0.30428189531001643,0.059049945152529412,-0.30347137957938725,0.95100905660969826,-6.9587629159225788,16.706821126957415,-1.2268422464738153,,0.19578296267643,0.2222222222222222,False,2
-0.98227420717889669,0.18433601149798398,0.034023767811421253,-0.18730389760238486,-0.97236381390219551,-0.13937669588755705,0.007391336416756605,-0.14327891777436205,0.98965474781227736,-26.509955631280089,6.7135319240990272,-2.0259967732368933,,0.1990123622904653,0.5483870967741935,False,1
-0.76019366554929457,0.64222559360259779,0.098243970708230599,-0.64839528493497245,-0.74038131178328515,-0.17725424574931761,-0.041099213287177853,-0.19844848219085537,0.97924923006521791,-4.666480732351741,15.037027204973306,-1.464538394754803,,0.3896632417481241,0.3272727272727273,False,1
0.643282746973737,0.75887722721714979,0.10145275480307736,-0.76067078264598531,0.64853678909472678,-0.027928365857069662,-0.08699004468712157,-0.059206310490624789,0.99444826156186727,-7.4643963185200413,13.983634259162882,-1.5380009557342949,,0.1512143101235668,0.2083333333333333,False,1
-0.99955095298574315,0.014465149113701531,0.026242176861141796,-0.018565842562001753,-0.9863759866969648,-0.16345556692126528,0.023520243945504282,-0.16386937581106376,0.98620161518628469,-21.59432898397333,9.5639890140665944,-1.7783004463854968,,0.09949359450910357,0.1764705882352941,False,1
