axis_00,axis_01,axis_02,axis_10,axis_11,axis_12,axis_20,axis_21,axis_22,location_x,location_y,location_z,dbh,dbh_approximation,score,reconstructed,number_clusters
-0.33254518992710896,0.94284306689259911,-0.021462708796918681,-0.93504566845756154,-0.33258982960254679,-0.12277460300770954,-0.12289546189788643,-0.020759490781499339,0.99220247378617143,-21.377419509834567,-20.345522472370714,-5.1319308546425155,0.3100561693929947,0.318073266221009,1.0,True,1
-0.13405936098028109,0.99095695334709,0.005692481586445166,-0.98392968366900269,-0.13242062732662116,-0.11977961034099457,-0.11794263575389129,-0.021658579627423406,0.99278418631641563,-19.264060565596775,-2.5266427093316977,-2.473820520737545,0.2735637354175033,0.2784420257804324,0.9607843137254902,True,5
-0.49063879136073019,0.86883110675598529,0.066378342441290539,-0.86145458662503682,-0.47219483372637627,-0.18689043363641819,-0.13103271192633753,-0.14887762402487192,0.98013564442373979,11.098706150808782,14.931321223231594,-0.088300825204503705,0.2767371295367451,0.1372080562405606,0.32,True,5
-0.71831190294031688,0.69547300415505731,-0.018582534428916914,-0.68684293859297185,-0.71314579038290637,-0.14024927580601687,-0.11079164137800922,-0.087979441636558881,0.98994183164976268,-20.926891004177204,-6.8766143726982527,-3.2177336789084983,0.2997655482566491,0.2719344952236593,0.9550561797752809,True,4
-0.31537428864279088,0.9486166852979645,-0.025796170982474421,-0.94102231331612429,-0.3161285009144057,-0.12058099664035608,-0.12254005020492087,-0.013753373546664695,0.99236826874495643,15.600315996236841,-18.74471612912,-4.5548382122849818,0.192643796445702,0.2460464348735651,0.9807692307692307,True,5
-0.73583097117847152,0.67692311993095877,-0.018107223903279224,-0.66819983486353329,-0.73016599616848332,-0.14271159282844684,-0.10982605584693259,-0.092912365927374452,0.98959867103532584,-14.997944364248227,-12.610951106447837,-3.7936592651683956,0.2452633651946623,0.2213721184858857,1.0,True,5
0.11541034950566827,0.99331182186043765,-0.0034750221981827197,-0.98719051696409377,0.11430974917972057,-0.11130213141999784,-0.11016049402187969,0.016275926848193498,0.9937805390336879,10.838549928196652,-4.0554695952303828,-2.4514474481459803,0.1790388300053813,0.1742665763414423,0.6962025316455697,True,5
-0.4883266940653388,0.87254856405706216,-0.014001543671162239,-0.86388509150603709,-0.48562338679319372,-0.13368797579854907,-0.12344872837264192,-0.053187682422404736,0.99092455913743016,-5.1458246242735326,13.524110333920541,-0.27607313001923478,0.263020795852233,0.1854865058142402,0.9361702127659575,True,5
-0.1558523884646994,0.98772312125818951,-0.010633378664758199,-0.98050223995093744,-0.15599945898256412,-0.11949697171201334,-0.11968872319915046,-0.0081978368565739663,0.9927776211266196,-13.698527071478397,-9.0780283683311538,-3.2658716008360327,0.3070722578132809,0.2762042683040419,1.0,True,5
-0.89905102328457542,-0.37358229061893899,-0.22834957776808973,0.43338048269288143,-0.83355686095373349,-0.34258475853114612,-0.062358758421277763,-0.40696342795497631,0.91131342224028045,10.63195572003986,13.831657250678877,-0.26966938336311641,,0.6209022554207335,0.2727272727272727,False,4
-0.55452872352769589,0.83201123810412314,0.015974806765231112,-0.82361664299287496,-0.5459870924307747,-0.15347221339426331,-0.11896856798284933,-0.09826186731093059,0.98802382828789992,-1.3280045850417137,16.296097926074921,0.11352934886150361,,0.1838176792030247,0.3461538461538461,False,5
0.87871228914024269,-0.47417013026377919,-0.05502181821373002,0.4679318733138273,0.8784165525128298,-0.097077918233174965,0.094363525002653451,0.059557097285758955,0.99375473700102068,-17.780118378183186,11.749104070140021,-0.64587451870933565,,0.1414671601834838,0.8235294117647058,False,4
-0.1118724688233091,0.99352202403683776,-0.019963428390999294,-0.98652015143483596,-0.11345357924401336,-0.11792487511000432,-0.11942588300852325,0.0065017774852105699,0.99282182961353482,1.222728423800391,-22.281237953411374,-5.2088181308790391,0.2803212263034863,0.2489297139976618,1.0,True,5
-0.034215950262147937,0.99931167318892944,-0.014333477456701956,-0.99267894402448587,-0.035644124297678631,-0.11540368492160175,-0.11583515372325848,0.010279894522571569,0.99321525407663513,0.49489691740062225,-17.881280369918279,-4.5505982890943395,0.2718741712560541,0.2726893503411688,0.9754098360655737,True,5
0.33757987382535598,0.94120568935341342,-0.013102637781084839,-0.9366118358160187,0.33448004290348693,-0.10431380497627502,-0.093798175874606385,0.047486326748307946,0.99445811926624061,6.6148250906116992,-1.8607125125114359,-2.1940543998983069,0.1908248881134075,0.1655157979578004,0.866822429906542,True,5
-0.6482335664728478,0.76011020876591506,0.045007930720372902,-0.74920499953035302,-0.62614685741217846,-0.21594439476767543,-0.13595996460950038,-0.17370257189428984,0.97536777911754546,3.0939465576442808,-8.5619577314080058,-3.0925198767440469,0.463263270748608,0.3101460845430028,0.9588607594936709,True,7
-0.41512904046297527,0.90957437541179509,-0.018502306843518484,-0.90137848239542662,-0.41397297704392072,-0.12705591584774903,-0.12322626034578142,-0.036067019167595374,0.99172297487229633,11.381309556905933,-18.09327349203198,-4.419286518220833,0.1865728187747538,0.2230913135029799,0.9814814814814815,True,5
-0.36563487436310516,0.93075784552763097,0.00098571711923817369,-0.92267384516156425,-0.36231950253995937,-0.13189978595119273,-0.12240961606120035,-0.049136657069433834,0.99126256603777296,18.151902621354139,-3.3589068979016781,-2.1889762603255538,0.3577501860084459,0.3156841346968747,0.9626168224299065,True,2
-0.99871463180540121,-0.032607056899724401,-0.038805464281985391,0.039252750180755872,-0.98192747706632777,-0.18514224635507634,-0.032067207877354661,-0.18642749159524397,0.98194525537651822,14.624372499410335,-9.0778719159168997,-3.1241662104092631,,0.1952547350169468,0.28125,False,5
-0.9251936132711025,0.37737854028266649,-0.040027681627695121,-0.36996525045616557,-0.92041759796764222,-0.12632164820958022,-0.084513261783408455,-0.10206313088281263,0.99118142935444942,15.377008058230267,-0.84669620078667218,-1.9444181496184396,0.3596570375853708,0.08573194971414662,0.7142857142857143,True,5
-0.91260073663491059,0.40763844134974081,-0.031476922139460892,-0.39948875973326486,-0.90543664106746036,-0.14350337926074719,-0.086997852503367126,-0.118386613037243,0.9891491209688118,9.2016756201717946,-15.793690049313032,-4.1343627461225667,0.2257339530424373,0.233022950970167,0.9864864864864865,True,5
-0.96332571602015726,0.26580565860909899,-0.036754818808352657,-0.25809763330625962,-0.95531414717950514,-0.14408501615505587,-0.073411010999435963,-0.12931446960830889,0.98888249626230229,-7.8912103301118925,-24.561275510260288,-5.6006474124836272,0.3509606903282421,0.2982186104221553,1.0,True,5
0.4359409057208134,0.89127282613031245,0.12485301806926564,-0.88482691204481223,0.44980508269719321,-0.12147725425368766,-0.16442889782687481,-0.057516406193873298,0.98471061768317592,-0.96181022442516639,14.800861976394751,-0.089284339095740795,,0.2131729308361512,0.1818181818181818,False,7
0.1710969553409874,0.98513728556109026,0.015177630591468455,-0.98011722433454884,0.1717557098393421,-0.099348893805234192,-0.10047914428270245,0.0021224360792854897,0.99493690092854881,15.155735733795641,-2.8067365562035289,-2.1908824409741872,,0.1524129953829679,0.7073170731707317,False,4
-0.23175979715657974,0.95819102362700503,0.16780154547135603,-0.96291240180711979,-0.20147294070571953,-0.17946687886469642,-0.13815608154542841,-0.20317139661877637,0.96934734782119814,10.711693943964496,-5.2004993973233198,-2.5961914184977277,,0.2196070828174964,0.2258064516129032,False,5
-0.073763296137658182,0.99721059208796736,-0.01140224409815232,-0.99030814335283734,-0.074592314203000804,-0.11715702228589073,-0.11768074333536499,0.0026498470534167193,0.99304794494456761,-1.8098135940596154,-11.683994555588272,-3.6387176204734155,0.2752272836246213,0.2496730426397512,0.9701492537313433,True,5
-0.33916709815253465,0.94027259069848157,0.029208469866722445,-0.93376249454776816,-0.33272325186365798,-0.13184400420649636,-0.11425096632728628,-0.07199092200020199,0.99084005966797806,18.150836484525612,13.169025655843837,-0.17567499258283437,0.1560985485560035,0.2022118999170908,0.3333333333333333,True,5
0.43950502320915319,0.89816054888584107,-0.011956713553773845,-0.89437605838201395,0.43634220690716563,-0.098473065680097824,-0.08322740394229762,0.053973205356634947,0.99506788328061124,-5.9517698577566387,-6.2458036723677219,-2.8661988186749552,0.2856515447772298,0.2753931253697581,0.9911699779249448,True,5
-0.12178649072609696,0.90788477400039935,0.40113998531044798,-0.98542381642369747,-0.062233315914383254,-0.15832534988199345,-0.11877690306443157,-0.41457478399987702,0.90223045601990082,9.8975217838096476,13.874331478525564,-0.23946417679505433,,0.2527745064486678,0.1818181818181818,False,3
-0.053720910839617358,0.99836555238345659,-0.019500962864436304,-0.99175535823256811,-0.055620211118871117,-0.11544566484751721,-0.116341622627308,0.0131383381434052,0.99312235445350683,7.6661250059339521,-6.9088125111051122,-2.8614623613700934,0.2293310377938056,0.2201130779478432,0.9212121212121213,True,5
-0.35698173184835141,0.9338980345902882,0.019962567844571129,-0.92649758962971418,-0.35126818069530119,-0.13495510972669184,-0.11902209684290517,-0.066671779782833535,0.9906506014956572,-9.5188172131020075,12.941593382694608,-0.40608230006435031,0.261841105857966,0.2138414952146634,0.9833333333333333,True,5
0.0089306580957680144,0.99967252931956418,0.023980772919203627,-0.99412621051235961,0.011462723344631819,-0.10761823054604057,-0.10785787369641961,-0.022878813285447067,0.99390303298880089,-18.837037749716369,-10.632132722204208,-3.6507483308133297,0.187172041749292,0.2192988833916426,0.9666666666666667,True,4
-0.8946498255649965,0.44606507427394798,-0.02505272698729125,-0.43606158492142982,-0.88403883758862112,-0.16830219187750153,-0.097221313364575956,-0.13964699476873116,0.98541703510733447,4.63927751407161,13.463532221339008,-0.31213662073220461,,0.2534994711871627,0.847457627118644,False,6
-0.88070049276169393,0.47310726087526039,-0.023155166948622234,-0.4643993206559176,-0.8720506356877864,-0.15446993160757988,-0.09327332428745376,-0.12528850108304618,0.9877261151112342,-3.3768802345335094,16.121171678254903,0.062847867934899881,0.1173844926348406,0.1367961171233995,0.5,True,5
-0.90170426844268259,0.43166448311113181,-0.024396440163391563,-0.42319675581636318,-0.89275280372711641,-0.15458634255288556,-0.088509424010960375,-0.12906667059226426,0.98767802263869142,-13.940280532228334,12.435066325685826,-0.54292291802978032,0.3346929345137841,0.2301860010581512,0.8571428571428571,True,5
-0.42935270447252533,0.90276328312258758,-0.025975176762742108,-0.89481591180704501,-0.42911609759470576,-0.12314162075439039,-0.12231410032803061,-0.029628186424725304,0.99204910736824214,2.3455182414574232,-1.0279815448325889,-2.1292340407840298,,0.2527435757231015,0.9368770764119602,False,3
0.14638220821898312,0.9877977563474245,0.053177454545410355,-0.98090754370035604,0.15189867942610574,-0.12143797552800487,-0.1280337448826262,-0.03438580729894359,0.99117353497141514,5.929005068793427,22.70239219338356,0.78946821201253348,,0.2151905255643358,0.2083333333333333,False,3
-0.080882647100289889,0.99671766124474093,0.0034498059170229248,-0.9898912569356153,-0.079923164327620477,-0.11716478671635358,-0.11650449279095813,-0.012891530811945294,0.99310649559493214,23.538902065283775,-11.126351163196121,-3.2965879159634315,0.3013338935477509,0.2216329950737117,1.0,True,2
0.95363755344007339,-0.2808781857376399,-0.10808728623460732,0.29839490588648454,0.92920200286438082,0.21804613735129097,0.039190519387041912,-0.24018968056424461,0.96993454446195426,-13.023345457338007,9.6497271379210652,-0.87168458557420925,,0.3950756518608819,0.3207547169811321,False,5
-0.76182076632308349,-0.61921124706262809,-0.19028019211167224,0.64656321376878578,-0.7087835203464401,-0.28210269741051236,0.039813698646186682,-0.33793986565135026,0.94032521853008799,20.656861004628606,8.8341903299566376,-0.75942670665122314,,0.2849726335982072,0.1538461538461539,False,1
-0.61287432890754767,0.78996186743764762,-0.018582383069656982,-0.78132792812651475,-0.60935090561331906,-0.13497459967621972,-0.11794797876882454,-0.06820353233265973,0.99067479653097901,21.449271502257066,-1.4888923393257414,-1.9181034370665113,,0.08912034847151834,0.2962962962962963,False,1
-0.99655052616692374,0.077243321203730356,-0.030340041625640142,-0.064053997351065123,-0.94838380059192406,-0.31058855773863958,-0.052764895714650845,-0.30757378968994714,0.95006011897983955,-28.00620220182001,7.101963692042224,-1.4908148783260913,,0.1767196204210265,0.1578947368421053,False,1
-0.16998138362363704,0.98535245439166852,0.013670034590615979,-0.97792006298688061,-0.16695549404038157,-0.12569094405511969,-0.1215675928408927,-0.034733321667338404,0.99197526014352977,14.02205235145974,-8.4218102590114263,-3.0404625392368634,,0.2930186464907168,0.888,True,5
0.067680288556237617,0.99767746529094581,-0.007684646483722633,-0.99166014510533629,0.066421370881027106,-0.11044617738948623,-0.10967923755483178,0.01509558680278544,0.99385239754627119,-4.2645941961127605,17.259141933974675,0.20330273627838125,0.2234054763015856,0.2153722954325979,0.9354838709677419,True,5
0.18584189116462974,0.9824895994436067,-0.013303325655457332,-0.97745711920891676,0.18347538424618803,-0.10447183105277043,-0.10020165465778937,0.032418673027359964,0.99443886591533914,-4.5072755463899616,-0.51626937552767604,-2.1718452381139857,,0.2787218202371698,0.2,False,3
-0.31353903123514265,0.94957498344909441,0.00079164372055701843,-0.94157523792859277,-0.3107893993443579,-0.12979222077954761,-0.1230014114221535,-0.041440319289615252,0.99154089816070223,20.150706032519857,-6.8870153767311395,-2.7519741976506107,0.360783215080705,0.26860143489053,0.971830985915493,True,2
-0.95212633613146591,-0.30120749949942582,-0.052244447457840321,0.30567720762889966,-0.94033165644335825,-0.14945842440855958,-0.0041091095227728264,-0.15827323884913083,0.98738680216171426,13.160891041160838,-15.028389932533678,-4.0176352488744129,,0.2262513685183188,0.9827586206896551,False,5
0.15239409474806792,0.98816073545951078,-0.017731350259837346,-0.98261760788055186,0.14956601697152463,-0.10996655514463,-0.10601262457377549,0.03418139060064293,0.99377711584016026,0.7695137746922287,-3.9013556956025734,-2.4882616648371676,,0.2348648337307314,0.8701923076923077,False,5
0.15483371323310371,0.97287285399434631,0.17188639040757261,-0.98283914624753066,0.16934301568745455,-0.073144758125950393,-0.10026830929996901,-0.15761139869557023,0.98239753315618217,10.658752958019452,-7.489290098766026,-2.8999290048478792,,0.4960027523189566,0.2119205298013245,False,4
-0.39171157221843117,-0.9183080602683743,-0.057204463429877388,0.91559157906658895,-0.38290405003117978,-0.12278659866642416,0.09085210252115479,-0.10047285661239698,0.99078307441721525,9.2097554877345473,17.49570483423086,0.22386797461928226,0.2569370670628951,0.2474843179931332,0.9464285714285714,True,5
-0.14132609637558588,0.98991442386944017,-0.009816715258776091,-0.98270967910501217,-0.14148190207314562,-0.11943432496182806,-0.11961864853174572,-0.0072322058182912336,0.99279357074995145,-7.9558308077273558,-1.777025320293643,-2.2924225445594493,0.2688832299280752,0.2306467297257164,0.9913294797687862,True,5
-0.84506796867803691,0.53433302062275478,-0.018664173877761221,-0.52527573932676053,-0.83624250410073453,-0.15742894273308961,-0.099727258004529029,-0.12323431911401879,0.98735392671696109,-2.3132368878816529,15.487849468442285,-0.0085792076204520337,0.2112458032522289,0.2067590063041554,0.8809523809523809,True,5
-0.27028749359414073,0.96271479006738991,-0.011176036511233681,-0.95483640216409293,-0.2695275084061724,-0.12506944996557975,-0.12341845854218618,-0.023133421663553401,0.99208504115988383,-12.164215849439293,-2.0984154447293091,-2.3761452911732275,0.2605863003448582,0.2501389384568262,1.0,True,5
-0.91652786249969054,0.39890499333229928,-0.029180191162985057,-0.38952359836337325,-0.9067751349547728,-0.16133883892542605,-0.090818740245609778,-0.13650516811576546,0.98646758461588002,12.941078514238473,14.343850332763491,-0.13406074680905841,0.1200042461017782,0.1684980485087311,0.2380952380952381,True,4
0.10307250410854604,0.99456646848217944,-0.014615015144737276,-0.98876910358530667,0.1008509369568152,-0.11029391782887457,-0.10822069437914263,0.025819145722111893,0.9937915541109601,-5.3426341278374965,-11.457611544982395,-3.5520886470952053,0.2920622014333769,0.2585954256304063,0.9877551020408163,True,5
0.73023527382691811,0.6829685465279286,-0.017618436719963774,-0.68188171393249997,0.72698968760065619,-0.080767086902876317,-0.042352958142293916,0.070992665648144548,0.99657727666286278,-2.6606136304833852,-25.698540561363195,-5.8245965451353117,0.2767396939825672,0.2694338742530424,0.5,True,4
-0.45022650698283262,-0.88332111560545457,-0.13053696463290029,0.88914507180489566,-0.43009067159790793,-0.15634275003826009,0.081958121593304276,-0.18645594903352927,0.97903883752121978,-1.0985630344618578,-27.159258991569633,-6.0488823834136607,,0.2688161672833489,0.2380952380952381,False,1
-0.32584259174560626,0.94531493176565917,-0.014362631562260994,-0.93829401465550744,-0.32521012796813581,-0.11765506673577089,-0.11589196463153144,-0.024860660647614084,0.99295065339925492,9.1823071088086046,15.235422724383563,-0.099380844756496903,0.2392019617309225,0.2003924874612804,0.9215686274509803,True,5
0.42097295268166501,0.90639635436722232,0.035034581491592033,-0.90498513283908799,0.42230969333240775,-0.05154058844937455,-0.061511644838197911,-0.010008581682646496,0.99805618371011673,-8.8589685629548818,16.885019692078259,0.1249215658068611,,0.168868456768329,0.4482758620689655,False,2
-0.42714409636065565,0.9018996617756021,0.064225548135411842,-0.89622633898209292,-0.4129127070129997,-0.16211553195777278,-0.11969239850130045,-0.12680732027864811,0.9846794571152353,20.525812290346437,-14.894732686436083,-3.844289365027945,0.2439852923289307,0.201556020967871,1.0,True,5
-0.44073497918259102,0.89759250233928511,0.0089653705567714886,-0.88994588426163412,-0.43563207922412572,-0.13498523858793546,-0.11725613506634941,-0.067471410946890076,0.99080704856906243,-13.272552736951278,-20.498800171981674,-4.9618964532457417,0.2401375037557041,0.2311351405105936,0.5882352941176471,True,5
-0.99302038394588288,0.11040722613257326,-0.041482062215876331,-0.10372835638004541,-0.98493472091770062,-0.13836192978368389,-0.056133280241451283,-0.13309335050437948,0.98951261482653785,10.403447209191487,-10.842072913867847,-3.3959305590879514,0.2216654736781564,0.2377451794747149,0.9791666666666666,True,5
0.47090374437178634,0.882125561426089,-0.010205754030783248,-0.87859664699423201,0.46791481547843417,-0.095517837843379833,-0.079483302819665425,0.053946448766238768,0.99537539915269513,-10.658809287471776,-6.2545211956052542,-2.9075539429387525,0.2555306106355649,0.2421718961240344,0.9710144927536232,True,5
0.2003190199091657,-0.97314984400602811,-0.11336521236108819,0.97222819786006298,0.2117421924684241,-0.099687387439129832,0.121014964150743,-0.090247576364732407,0.98853970755447462,-4.8424298478602612,-0.7989468518111561,-2.195837732905761,,0.06535952606186157,0.1511627906976744,False,2
-0.31176209337963962,0.95010109633084527,0.010597352616109043,-0.94166922796745844,-0.30746913181656044,-0.13682762176965729,-0.12674171464326467,-0.052636866651576242,0.99053818605765431,1.4812652747966262,17.814025549010637,0.27455277635337139,,0.1621419933990751,0.8918918918918919,False,4
-0.80034726343719542,0.59893433509040905,-0.026868571945761203,-0.59065832853017586,-0.79538694851860792,-0.13594977404982586,-0.10279589897721537,-0.092936883830206957,0.99035132088436117,-22.532264311918798,-9.2314291609039216,-3.5880498759242645,0.3032780331197167,0.2547011582731253,0.875,True,5
-0.48329569463279776,0.87490123936344077,-0.031194437159817637,-0.86665119813043723,-0.48317173696074422,-0.12434135829005552,-0.12385867885812504,-0.033058946786817367,0.99174902758150818,-6.52332292614118,-18.024204209727298,-4.5608277064960392,0.2328545558896896,0.252002678128136,0.987012987012987,True,5
0.060513011616938325,0.97204168857118134,0.22687690738533917,-0.99286718068875024,0.082008404548048322,-0.086541221938778237,-0.10272748870785033,-0.220021765430539,0.97007086638070295,3.2892406930104516,13.540655631023743,-0.28867512416047636,,0.346580711625986,0.1012658227848101,False,4
-0.072181775007946855,0.99730817173731212,-0.012891933240691458,-0.9903407245671012,-0.073199726353756156,-0.11775843632472538,-0.11838513682304605,0.0042673935505781347,0.99295858359333067,8.8767121671009814,-3.9180604541607975,-2.4398758046770546,0.2025859576744879,0.208138361090374,0.9966329966329966,True,5
0.29700686873884513,-0.94635108194239537,-0.12730494738384532,0.9474288653884132,0.30867752952455529,-0.084242078532291945,0.11901875881880962,-0.095591905897280283,0.98827967831791164,-16.239564153674507,9.7951523429277785,-0.84927226059199634,,0.5094071234184856,0.1842105263157895,False,6
-0.11798276097419892,0.9925487718032473,-0.030446735535544334,-0.98586196840761819,-0.120751434704332,-0.116169145061426,-0.11898002925013196,0.016310322152298658,0.99276267356852543,4.7121539227844282,-21.49381270129658,-5.0691267382140381,0.2426706179612724,0.2413411250693487,0.9807692307692307,True,1
0.84889140686920761,0.5224619989872642,0.08010517435127873,-0.52839907924652219,0.84264224737672255,0.10367476060899697,-0.013333881469563071,-0.13033611376029752,0.99138020206922506,-23.187913709477417,9.3343754384824393,-1.0917290068749463,,0.2740794919888873,0.225,False,2
-0.89041611904266305,0.45454522987535145,-0.023404464244350012,-0.44544307846860826,-0.88084033798529904,-0.16031457457870871,-0.093485821349606507,-0.13232132471943767,0.9867884617439957,-31.154192820643541,13.308106035130281,-0.83900583579208932,,0.2782242979653645,0.6666666666666666,False,3
-0.39597550966553186,0.91801268264891667,-0.02135673759875702,-0.91032751311327464,-0.39549885462371775,-0.12200194613336585,-0.12044589911708749,-0.02886815697385705,0.99230006293399453,-11.342321978420054,-12.991606677202093,-3.8333333678032662,0.2748980823172536,0.2680703748158682,0.9834710743801653,True,4
-0.57932651547890779,0.81504858115845247,0.0087520748773852377,-0.8066872114292889,-0.57177893195419371,-0.14941417566535756,-0.11677555985523505,-0.093619780628423299,0.98873596338738545,-15.985676372655169,13.57029153338191,-0.41273338694063461,0.2472252897344328,0.222996861829224,0.5714285714285714,True,5
-0.84268572609293424,0.53815481623967565,-0.016436568901908206,-0.5286424052638079,-0.83280635555122617,-0.16422783415238207,-0.1020684789546798,-0.1297033843487809,0.98628548488373902,14.075962208664667,12.791922206425861,-0.29499039827687185,0.2034189458598259,0.1901585568497214,0.36,True,5
-0.53790185367827259,-0.83701432971460465,-0.10034245194278191,0.8399021618576914,-0.52190329407329417,-0.14893391199529118,0.072290762316183463,-0.16438966965066781,0.9837428943559845,14.544700133086332,-8.0747891154036378,-3.0023154584372769,,0.06785128066803756,0.1176470588235294,False,1
0.72815894228811806,0.68477814314946928,0.029384510045471959,-0.68334843001270584,0.7286243864626174,-0.046275551332664699,-0.053098756718186764,0.01361609770592683,0.99849643160015522,21.996433471631693,-2.5984302627200178,-2.0555205306806492,0.4377098625892393,0.2371097170725057,0.2727272727272727,True,3
0.20018706281998724,0.97966252963477629,-0.013655325301771565,-0.9743116987010989,0.19758750033005054,-0.10805504841283974,-0.10315936047536009,0.034935765955723092,0.99405112474329049,-14.605096907528489,-31.258754738596195,-6.5829572354950407,0.2809607613944171,0.3126241644988013,1.0,True,1
-0.72307113707375836,0.69030914520268105,-0.025326167898148993,-0.68229306439820303,-0.71944130502410064,-0.12992452770484744,-0.10790878094469915,-0.076664807276623601,0.99120038454404669,15.268720450669072,14.481570067287633,-0.046220097269491667,,0.2673923454103063,0.8478260869565217,False,4
0.95534565025712492,0.29141122616037007,0.048930417967773004,-0.29533869433521837,0.93636363881798013,0.18973189380786604,0.0094733395990907725,-0.1957105852202701,0.98061594045251943,18.456384326869578,8.5045789102032412,-0.78933027821645385,,0.4757976054226677,0.275,False,1
0.99029317978827802,0.12377943181553182,-0.063230295936719985,-0.12670785065439802,0.99093672206548022,-0.04460418640289017,0.057136141341219748,0.052182996479170504,0.99700170322376602,-22.96207579883491,12.814160156733502,-0.65987208672390807,,0.2422325585733021,0.9411764705882353,False,2
0.27532685537630519,0.96124073738872606,0.014538483173087858,-0.95653288301173423,0.2754278662896798,-0.095834931983984475,-0.096124744087335623,0.012479393234181239,0.99529106211130591,3.2543300048294213,16.672914345001402,0.15981765518353164,0.2122153704476127,0.1967621605823737,0.9242424242424242,True,4
-0.77084877751827108,0.63320368950448636,0.069607828557523704,-0.61930119791088079,-0.71933044189489959,-0.31468991345360448,-0.14919178417304185,-0.28568654669269117,0.94663879519807848,2.7091374849662744,0.21839462054089648,-2.0037485749335668,,0.304388253492488,0.2780898876404495,False,3
-0.10759811377131344,0.99353331090487162,0.036251979742623883,-0.98732107443969142,-0.10250287754814565,-0.12120336654401787,-0.11670364981485877,-0.048833597212922755,0.9919654922945339,3.2731197971808133,14.639969889749834,-0.082885575701116584,,0.2180184317712974,0.1621621621621622,False,3
-0.12270805697673075,0.99233115193871457,-0.014886827901897291,-0.98633985982203254,-0.12360071614737614,-0.10888775823806132,-0.10989273715423682,0.0013220665040076119,0.99394257301964384,5.9596792212971907,-14.955447819389999,-4.0652711978084577,0.2656077761258226,0.2153846305329042,0.6129032258064516,True,3
0.58190799372782531,0.79612397262108059,0.16604128117334507,-0.81313238013616562,0.5731047805448839,0.10181671223671578,-0.014100326583129728,-0.19426150090697103,0.9808484337835377,1.3347291225971369,13.006207107508724,-0.32952055211890852,,0.4085579812991283,0.2549019607843137,False,7
-0.74839819016010023,-0.64023346058202668,-0.17320873221708477,0.66190625908898415,-0.70435050227689644,-0.25645754838006041,0.042193046155900492,-0.30658030904388961,0.95090917597983005,-11.118295353239715,12.193686403433329,-0.49582362091742743,,0.4648139647998069,0.2727272727272727,False,1
-0.39335966406593204,0.91922763751484926,0.016991913217955602,-0.91113198070619295,-0.38729138719895095,-0.14086836101808672,-0.12290926905789851,-0.070893806713856616,0.98988250805298694,16.098388956657914,18.615119347611877,0.50799445357007822,,0.1320493466177258,0.6818181818181818,False,1
0.73559554440017672,0.67705628464421219,-0.022225716689974823,-0.67597102577866119,0.73148038861982567,-0.089440557759516509,-0.044298615851427407,0.080816016286155229,0.99574414592569072,-13.159447157375585,13.556234882459067,-0.38098738893829903,,0.2265343603799138,0.8157894736842105,False,2
0.97097168065705619,0.23918948659145864,-0.0015443011778845314,-0.23860997341873186,0.96902988807770563,0.063610978590361938,0.016711551308172624,-0.061395973127118114,0.99797357607135595,-0.26709755619082443,25.653584218633352,1.2161294129225859,,0.196690573767642,0.34375,False,2
0.95065296939264554,-0.2973001858310042,-0.088721650625959006,0.30031716898621125,0.95357298994650319,0.022542201680225388,0.07790076891181387,-0.048074445907725916,0.99580134457310887,15.351507635370524,12.057626263116477,-0.37123760288478064,,0.6953416219743745,0.4,False,1
-0.5285584930147682,0.84888437681924178,0.0046080640366163196,-0.84024385200418916,-0.52238996533909599,-0.14525492515636459,-0.12089743020891779,-0.080647621820029436,0.98938353153044445,-26.179177388056694,10.306006078355614,-1.0796350101342691,,0.1444715221486767,0.7857142857142857,False,1
0.81533569209884338,0.57893505158953229,0.0078686231785287213,-0.57823636181141491,0.81489379904825554,-0.039884911329965758,-0.029502865433688061,0.027969667744301249,0.99917329759030005,1.0855218535186313,21.598428290123849,0.68360018595265137,,0.1385397662125908,0.45,False,1
0.61888921233954031,0.78541821038823401,-0.0097148155045182569,-0.78302373992720209,0.61593104985594826,-0.086618499951030548,-0.062048090705196977,0.061214186377776501,0.99619418680593896,-11.873438577235603,-23.223016824268079,-5.4107859705076029,0.3351459716256955,0.2704272688618496,0.86,True,1
0.41159459614213856,0.9112185617934051,-0.016450564420393769,-0.90731816385149344,0.40799969245718498,-0.10153817262487203,-0.085811642402098556,0.056718459058777329,0.99469562099682196,-7.1405983629384515,21.507508597049078,0.72825989898605237,0.3466389204721697,0.250243683563092,0.7708333333333334,True,1
-0.094514130567818613,0.99552251271813108,0.0014162607060272999,-0.98848003413502017,-0.093676403827770302,-0.11887789316069458,-0.11821294869614903,-0.012635586146855017,0.99290787121630086,15.756317014115433,23.13804620258648,1.0342075297480462,,0.1119594367167932,0.2307692307692308,False,1
0.98292382608655282,0.17857069445878088,-0.044421382147353056,-0.18247573491363675,0.97702329846455183,-0.11012756432962659,0.02373516966656573,0.11635283124168731,0.99292429740788524,-10.741618446057606,18.890605409994834,0.32742707044512043,,0.1300562101386781,0.5,False,1
-0.027198327764510127,0.99843478102580197,0.048869612283841207,-0.99291658281740092,-0.021326986810677566,-0.11688378501653703,-0.11565859472183269,-0.051702491927719189,0.99194250931968553,29.505891178150875,18.189606723541459,0.64445441300834772,,0.2418757643869909,0.65625,False,1
0.64177180607007478,-0.7647061127041187,-0.057909499449671886,0.75798382197288383,0.64398130584575741,-0.10367547129661013,0.11657390171447195,0.022641530737792757,0.99292390772149097,23.174727994428221,-0.22958270145298973,-1.7430263970128568,,0.1351365374148933,0.36,False,1
