axis_00,axis_01,axis_02,axis_10,axis_11,axis_12,axis_20,axis_21,axis_22,location_x,location_y,location_z,dbh,dbh_approximation,score,reconstructed,number_clusters
0.99631074442174461,0.073569213136952957,0.04418677888463407,-0.067444545319123,0.9896138807892374,-0.12694723414065751,-0.053067257857239362,0.12349873613796918,0.99092478438872356,-4.7987075373311683,14.10356314675419,-0.35997978214692961,0.3068341692566574,0.2789776514609419,0.9753086419753086,True,5
0.96543716335566299,0.25215236920218409,0.065956548708201418,-0.25144862484160951,0.96768611853970854,-0.018898810830777324,-0.068590616537799048,0.0016609308472850613,0.99764350778807043,15.860298728201652,0.12508569397703428,-3.0788466644401606,,0.1908160990796462,0.3142857142857143,False,2
-0.87683006351616222,0.45757059564015268,0.14764210009261644,-0.47956546409808448,-0.81032776527455974,-0.33672819672478671,-0.034438428515702446,-0.36605745837320891,0.92995480095040883,0.37084482962795356,13.105834075029195,-0.90616469367272623,,0.3345021289872829,0.3725490196078431,False,5
0.23651158477169668,-0.97036586371303701,-0.04952131671545168,0.96070170913491082,0.24117006498069937,-0.13743807995772572,0.14530828033543522,-0.015069515508364759,0.98927165802336681,5.4970960012044463,7.6759626304743342,-1.8300275035226596,,0.3475204324025364,0.2077922077922078,False,6
0.59833808277845368,-0.78041476677678201,-0.18150573129723976,0.79859922826332796,0.59924993955957873,0.056024838732998974,0.065044687056067862,-0.17847213153482139,0.98179269041442541,-8.4362803389631136,-15.290648930081694,-2.8990564763789375,,0.2539042071112063,0.171875,False,4
0.86052780797062167,0.50621467501523287,0.056908650559459692,-0.49876967699060681,0.85999730422890719,-0.10785845369602656,-0.10354081815381991,0.064430889472629496,0.99253612501399802,-6.3162718243045939,17.321347145680193,0.14533196056978409,0.2964906878598285,0.256852256672801,0.8214285714285714,True,5
-0.93280764449422304,-0.35343812919071543,-0.070366094159805131,0.34817234216903309,-0.83349557062644553,-0.42902348874464458,0.09298343143630014,-0.42469591778149168,0.90054842118459533,-6.5078354852366713,-19.756397042419376,-3.5853585388488045,,0.4131613141484867,0.25,False,1
-0.44505709906864727,-0.89514028145110103,0.025456926213578836,0.88252041883646193,-0.44325090666210099,-0.15711888517915623,0.15192724872555216,-0.047460618062438606,0.98725153878219662,5.4826536300096871,-11.30206909901513,-3.4840129270740796,,0.08306067902116665,0.3333333333333333,False,1
0.63844520204179778,0.7069061474021644,0.30441981334143897,-0.75839115077693831,0.64524884807278338,0.092178015187877452,-0.13126532829745463,-0.28971990408975118,0.94806739779468518,0.8771818128631379,-9.2277036421673184,-2.915106274343696,,0.4668341900271504,0.1940298507462687,False,3
0.22056015710280347,-0.97516436017880004,0.020191278707848918,0.96575633807392336,0.2154388567156349,-0.14457107071301037,0.13663056967177115,0.051386473454904269,0.98928838958972709,9.7725923348420363,13.095915243663336,-1.9401793209002274,0.3765961572892761,0.3138903056930024,0.9868421052631579,True,5
0.97901050591316274,-0.20321230392186798,0.015594513343505867,0.20380187228490981,0.97677687640536526,-0.066119063612125439,-0.001796152782954915,0.067909448934190014,0.99768987194450154,22.454455298973656,8.547193949941871,-2.6558394144890833,,0.2213182666489516,0.8852459016393442,False,5
-0.0072741841035354575,0.937415276841576,0.34813745128850926,-0.98893586223657048,0.04484076573858263,-0.14140426482390342,-0.14816526795453422,-0.34531421122219819,0.92671740509173139,21.446934182372189,8.4190680223509915,-2.6502350758243822,,0.2463342698333233,0.2333333333333333,False,1
0.94482206465266916,-0.32643121145082032,0.027457791903521659,0.32748931288086802,0.93921014758326127,-0.10312637211424433,0.0078750297957637973,0.10642820522482997,0.99428920392325337,-20.168168872915277,-9.9857214155383431,-1.7585195047275719,0.3719311017592478,0.2894686007151769,0.9629629629629629,True,5
0.8814565843695582,-0.47151463935350824,0.026612680189771962,0.47111698979059041,0.87398968782510833,-0.11912517578590535,0.032910056247366162,0.11754135634193237,0.9925225225389569,-15.485944692669387,-10.680573380498391,-2.0284229174288559,0.2915637895394965,0.2539995260926366,0.7027027027027027,True,5
0.98274144084385251,-0.18129103087100981,0.036780736450960472,0.18433124326805009,0.97641361857912434,-0.11242080860977308,-0.015532327687869187,0.11726042631231944,0.99297972749580798,2.6215337544291692,19.560515146430966,-0.55654882282270646,0.2763071216542345,0.2885519645940912,0.90625,True,4
0.99853146259004322,0.028345059068158394,0.046167909246713677,-0.023150211542633897,0.99372751533197934,-0.10940609205004607,-0.048979443885384034,0.1081766282454508,0.99292438341402656,-22.033836372921897,-3.1646439589163537,-0.96884167866563831,0.282317101145994,0.280011638944665,0.9,True,4
0.47781139659689692,-0.87842626437441573,-0.0079729128511781475,0.87076212258463637,0.47480262508591276,-0.12781155301233715,0.11605858500784048,0.054127306128568961,0.99176642390093162,-9.9632179819658759,-17.86810805221624,-3.1404260887778634,0.212892541887879,0.2001831325745535,0.6774193548387096,True,5
0.99716772669577869,-0.063289536393004719,0.040631999945013993,0.067200528547973745,0.99235980377536881,-0.10347032818052225,-0.033772974391457593,0.1059077638045037,0.99380225989211934,-19.210229196760782,3.7369720854604092,-0.34989028582720977,0.2249706236398142,0.280318130307772,0.9821428571428571,True,5
0.97015585580417563,-0.24097205038231675,-0.027020110721606826,0.24160578171313954,0.97009473456147555,0.023299189232274517,0.020597613736752073,-0.029132059842050129,0.99936332802325156,0.45699659952224903,12.843453380314003,-0.96516417319149894,,0.1874728944746018,0.3428571428571429,False,3
0.80372107533904513,0.59238227052944292,0.055818264199383405,-0.58252659769472026,0.80250643196656268,-0.1290201132789438,-0.1212237436893607,0.071180560651626229,0.99006976105285494,-2.1737302594431283,-8.304177961984081,-2.5444423054772143,0.3382275808710917,0.3104233108275853,1.0,True,5
0.22165392750813875,-0.97214168590274586,-0.076223873887272059,0.96521498506315595,0.22984604403987319,-0.12462274531060212,0.13867072160246099,-0.045949304340617808,0.98927200122153702,15.293677876921054,10.795132818519308,-2.3010755770929299,,0.1929514514957116,0.2222222222222222,False,5
0.99840994924681503,0.0071116854893211404,0.055919559855871756,-0.020240765315423882,0.97108184331713288,0.23788729474111625,-0.05261068964021845,-0.2386408965565244,0.96968171985774787,0.50186536470359311,-8.8792171571950291,-2.7994415750454591,,0.7636902461502881,0.4542253521126761,False,4
0.9988377546686632,-0.022821244882987382,0.042453864729303736,0.027833660366994022,0.99220141046424326,-0.1214975243506668,-0.039350059708190097,0.12253796087236297,0.99168342778641061,7.2103314803757117,0.56265944100739418,-2.3923157052790067,0.3105206028336335,0.2881776028193618,0.8825301204819277,True,5
0.62447428061983712,-0.77728539079014913,-0.076546026079362617,0.77604008596139673,0.62856287045301806,-0.051676908468781806,0.088281695868199547,-0.027131884417932104,0.99572596783581324,4.2879037657345709,-12.760019745167908,-3.5459665225360313,,0.1171926401787703,0.15625,False,5
0.11014303734530886,-0.99008068999405918,-0.087228083925063607,0.98359318409744623,0.1211942082410162,-0.1336278866325466,0.14287392876727861,-0.071078767502829238,0.98718531658897846,4.3525483569473256,9.0598136503820381,-1.5715480035646705,,0.1638118543224378,0.325,False,1
0.91883631099234153,0.38753201988427355,0.074557140277776435,-0.37817289977662305,0.91864548324846429,-0.11434917569329452,-0.11280554718862558,0.076872684821142678,0.99063893465372344,15.424058010003286,13.26400051789871,-2.2941274880314437,0.2999986282865061,0.2258279522345975,0.4137931034482759,True,5
0.99612937199276963,-0.081396733463015375,0.033178999907203181,0.084317148106715797,0.99150679489886084,-0.099019665746456861,-0.024837326515579419,0.10143395610416035,0.99453218135996935,-14.654651870209944,8.9147344902197911,-0.094974888739751462,0.2724164964176525,0.2528605690548115,0.9571428571428572,True,5
0.13435866903136839,0.97214945454714574,0.19202392059274265,-0.9820961340005594,0.15645768386785319,-0.10491985865347012,-0.13204140122429958,-0.17448905748612326,0.97576566714571877,11.363175318126588,-2.219270250617464,-2.9302571592345945,,0.2472679329642804,0.2333333333333333,False,3
0.97968063678762962,0.19434032900555032,0.049575058501216046,-0.18791225238192935,0.97580016542804127,-0.11181691533644457,-0.070105886401461884,0.10022910591550707,0.99249145639609571,1.0387610838689609,15.643091361361797,-0.74867105815032198,,0.2469207171895746,0.9120879120879121,False,5
0.63074724320204234,0.77229184105669968,0.075652015374856052,-0.76812020886667187,0.63522554400616471,-0.080497533954108108,-0.11022368131959802,-0.0073362442248026613,0.99387973095190441,-12.982747408700227,17.105001325079179,0.63496671085479028,0.3719935625940061,0.264338845431109,0.9322033898305084,True,5
-0.84721742130326638,-0.50353642978230873,-0.16933311820884017,0.51868318042886541,-0.71512666132622893,-0.46857402467550147,0.11484946399718197,-0.4848143171797698,0.86704364277530621,11.726607473533852,7.9854275848444978,-2.3801254012306332,,0.1704717583515744,0.2727272727272727,False,1
0.99700047766023892,-0.066589407771290146,0.039444876954102689,0.070166160202638536,0.99275129508461946,-0.097578563579448926,-0.032661253920710259,0.1000535700536455,0.99444583845066536,-5.5162546636551006,-19.515027201775187,-3.6072140395475842,0.4089669984421041,0.3145460174956934,1.0,True,2
0.84824153529893664,-0.52418566669535949,-0.075602146959223931,0.5286217175997957,0.84670327190115957,0.060437149450588104,0.032332297715203608,-0.091230237218875229,0.99530481076976751,-10.338765079961968,-15.013941540065893,-2.7918721788591507,,0.3276267983212908,0.3584905660377358,False,7
0.89542368714575937,-0.44405445498055945,0.03212571415879327,0.44435157128140951,0.88686563400668417,-0.12657420083755477,0.027714645912164517,0.12761264917648832,0.9914367908102476,-12.532369075390138,-15.542287409415545,-2.7490543758240022,0.2198702761496924,0.2360313831526465,0.9534883720930233,True,5
0.72268437241287642,-0.68356578278267344,-0.10229916167260621,0.68790296167611176,0.72572971477355463,0.010290598229902734,0.067207240587908709,-0.077808750815099387,0.99470044993915274,7.4109523657410739,-4.3422240218446717,-2.7719555069648365,,0.4915561466548473,0.3333333333333333,False,4
0.40494049355240036,0.84587114919748274,0.34716738849849943,-0.89595600496732264,0.44284461439598533,-0.033933533023637219,-0.182444604865514,-0.29730564484348554,0.93718905227262739,4.9908632556506207,8.9059303998367181,-1.6246817102286402,,0.4069830167047374,0.4076923076923077,False,3
0.9986486178382028,0.016892886507847548,0.049148433090798097,-0.012161132092129797,0.99540029664422858,-0.095028186906939843,-0.050527665254644916,0.094302066923347472,0.99426056706373478,12.160046776905226,7.0990364177388869,-2.4199085976380692,0.3573598917286909,0.2915956434435832,0.9906542056074766,True,5
0.94032022387023062,0.33473983440086158,0.061213722692889182,-0.3275192953168945,0.93908525306791646,-0.1041633268741495,-0.092352519054776788,0.077898207525269436,0.99267461007551994,21.51440042556257,6.3010319665706094,-2.806772887991114,0.2200345303776808,0.2475996372281276,0.9545454545454546,True,5
0.9128645720410844,0.40533276389702144,0.048822368068829253,-0.39700949102841937,0.90921624392089073,-0.1253366898547337,-0.095193157031387254,0.095032480247479609,0.99091225169154551,-5.37295651632079,9.1808727380337611,-0.71170980395938332,0.2302617139181899,0.2262895936025899,0.9931972789115646,True,5
0.50445714421043464,0.8614777703659906,0.058129517633423597,-0.85036649501157502,0.50736341201082247,-0.13949620896090906,-0.14966567347518933,0.020938465033954207,0.98851493001635538,-7.4895025820381109,5.6774896520997826,-0.86091407122342534,0.2474425575078192,0.2411914214538013,0.9720930232558139,True,5
0.99100943682766729,0.12686033782115733,0.042505891431779283,-0.1230575921206878,0.98896064653422133,-0.082544949137256268,-0.052508334004868512,0.076572150906942679,0.99568046107449359,-2.1471943836643104,12.928201991003379,-0.73135679078552585,,0.200225497273826,0.1666666666666667,False,5
0.893151956674613,0.44487972196519338,0.066042526242425903,-0.43728065224619622,0.89331045688242017,-0.10383669291566819,-0.10519131836539837,0.063862826500975481,0.99239927747447243,-11.097512510275733,-3.7490938472564839,-1.5968288994210762,0.2504296865808535,0.2407653090061798,0.9899497487437185,True,5
0.39553741065126619,0.85085656599975379,0.34582258583036279,-0.90907677847398538,0.41634399660605942,0.015397640385934913,-0.13087997407797949,-0.32046962505860166,0.938173572320254,12.778445093309029,6.2781535669232049,-2.5010643341607253,,0.3873813552264744,0.3333333333333333,False,5
0.67656240939019507,-0.72157694897328728,-0.14693540387032442,0.72939081839433917,0.68409648010759416,-0.0010197776403463865,0.10125384062922904,-0.10648339126268368,0.9891455641830621,-6.9903892977622553,-15.992881657777909,-3.0743957966523423,,0.2740251066810946,0.3255813953488372,False,3
0.29944206780314775,-0.94296043549241626,-0.14546499622152503,0.94537078016071696,0.31382254960364336,-0.08825811791890141,0.12887410930087154,-0.1110901636339689,0.98541891573872542,13.927345708385058,-0.74361541232896355,-2.9967012022483996,,0.1634055329512844,0.2727272727272727,False,1
-0.80473400158710706,0.50485813527630252,0.31228424541583277,-0.59120648838210643,-0.63404641872805911,-0.49845764814377214,-0.053647691324973094,-0.58575028992178657,0.80871411702284668,12.432362385891425,6.8512146109661183,-2.4379132405293502,,0.2523159355330757,0.2558139534883721,False,1
0.988185881673459,-0.14870127930988447,0.037102463433749698,0.15194844611070718,0.98219072671969021,-0.11051265117799403,-0.02000832291299065,0.11484470330603504,0.99318193758080331,-14.829107269598865,-3.2012689183003502,-1.2679447058562248,0.3136747674099329,0.2776927018616275,0.9918032786885246,True,5
-0.80845567720734623,-0.58765948593966666,-0.032492254097532126,0.56631946618657203,-0.76169132646744575,-0.31481516069341386,0.16025504737563862,-0.27291509992924617,0.94859668353902737,-0.41323783317116203,-14.962564622734746,-3.488399836941201,,0.2156368793102856,0.1777777777777778,False,6
0.83355340731778438,0.54946588698591881,0.057235969352230978,-0.5399041698089333,0.83220130518239055,-0.12627143412368574,-0.11701369395006095,0.074352045644375586,0.99034315706055043,-1.2800288352267659,1.5378467985442708,-1.7594546522247581,,0.2901426036201392,0.9735973597359736,False,2
-0.21645916157816281,-0.96625963344815446,-0.13959853916684248,0.95795340743380675,-0.18262684166149598,-0.2212977765155027,0.18833666811016217,-0.18163082743131584,0.96516296135511603,-5.7464281157421935,-18.193033364386462,-3.4471492170222984,,0.3804239943956551,0.4242424242424243,False,4
-0.093545740312606332,0.99288463456399012,0.073683762906754227,-0.98515545100294388,-0.081609676808218692,-0.15102515687939128,-0.14393724962132998,-0.08671772078410761,0.98577994759147791,7.3841791461661739,-14.712498791005935,-3.9899643009185124,,0.2468101134905628,0.9512195121951219,True,2
0.96976401972632542,-0.24255815748651915,0.026893982244836849,0.24402650586982252,0.96512653642228285,-0.094772533608082632,-0.0029682448022560308,0.098469837667555002,0.99513560914707533,-14.170591179599366,5.4278641957233003,-0.42647533380201857,0.2834861184852466,0.2521438969716026,0.9473684210526315,True,5
0.54147551746067402,0.82848918421386863,0.14286334600355727,-0.82710726009798741,0.55541444100910509,-0.086071940908419409,-0.15065803756817694,-0.071557461939202094,0.98599274102648649,14.370714281175067,-1.1733869267213164,-3.0394300376241379,,0.1562395066693646,0.4,False,4
0.61794123272147217,0.78356199149045447,0.064647029275758189,-0.77308085025861739,0.62052538684771585,-0.13150757864437346,-0.14315946306856825,0.031286574900523195,0.98920499309542176,6.8151092896035621,-5.4290854209348058,-2.8859869213138087,0.307022440354034,0.4231280350279151,0.5376884422110553,True,5
-0.61302152681309841,-0.79005042635386824,0.0049931434798333243,0.77905006445943692,-0.60551359806419769,-0.16258622212567092,0.13147473038377561,-0.095778945376432889,0.98668170596859317,15.064860968497705,-3.7345465528448782,-3.3063817854062969,,0.1260844747639415,0.5681818181818182,True,4
-0.92832636307748306,-0.36935723244423369,-0.042253975629156303,0.3668377439859033,-0.8916381001141569,-0.26535178162610851,0.060334345133315329,-0.2618334074673308,0.96322532853501119,4.5858253095121739,-3.5122276595097905,-2.5800931339566113,,0.1812959759825623,0.2884615384615384,False,5
0.88655857382139647,-0.46191006700809878,0.025553574707766601,0.46158576808080803,0.87954803704215656,-0.11547220115915378,0.030862175701371161,0.11416803638437154,0.99298196639169356,-11.461298572589047,-0.10152742620773217,-1.1903776479322481,0.2987006169440696,0.258799019178134,0.9518072289156626,True,5
0.38513610698148826,0.88137293218684409,0.27359081400425095,-0.90678751320131012,0.41650396105433396,-0.065275235183293284,-0.17148348317353512,-0.22294888390484216,0.95962868348349062,3.3919008374152781,-5.2960187173907762,-2.7251889066673654,,0.5579123386009046,0.1385281385281385,False,2
-0.99895629289878995,-0.042908398145778376,0.015658679588959501,0.035157586412263277,-0.941166217530511,-0.33611024247555255,0.029159372345278427,-0.33520892044794082,0.9416924713814776,11.268422432161412,7.0914720372091216,-2.3793094773471664,,0.3277322694849054,0.421875,False,3
-0.60436627819073141,-0.79400119502522126,-0.065601098195097379,0.78050870861306398,-0.57354913222974047,-0.2486916739613087,0.15983603337498578,-0.20150308984487336,0.96635860177157762,1.5016483818850948,10.791075260507792,-1.2041427143536159,,0.3027077616747447,0.3235294117647059,False,5
0.97690303814916946,-0.21061266631669587,0.036093750731869927,0.21344841551317456,0.96972242138280607,-0.11865158820000088,-0.010011392002983573,0.12361525089745018,0.99227971952253602,-8.4892634213078093,-13.926759559429771,-2.7554936522316269,0.1803276769683179,0.2297410775224476,0.9690721649484536,True,5
0.38419758121957948,-0.90424867367892525,-0.18635062311387637,0.91898596945254696,0.39393030945514385,-0.01684337382883494,0.088639757075410469,-0.16478242455577627,0.98233891606875301,0.16192729373784948,-8.2617462336784762,-2.7203075848518856,,0.3663472247176224,0.2340425531914894,False,6
-0.5377759795045407,-0.84159140285317036,-0.050208629851486664,0.830412777245366,-0.51846317980080936,-0.20398664313741466,0.1456420792750823,-0.15139300457572399,0.97768529850354435,16.90635665075698,-6.2554921856098549,-3.6868743873947576,,0.1899407499766465,0.2222222222222222,False,5
0.99845006023517091,-0.034767271736616812,0.043459337689100264,0.040491033018418311,0.98951349459399673,-0.13864891006234953,-0.038183156777358784,0.14019372608062167,0.98938757102873831,3.490469701995111,-9.9040530096742359,-3.2058704734106866,0.322926050125394,0.2960186239490376,1.0,True,5
0.96710762180640986,-0.25219953916720389,0.03313970862576384,0.25435721733030303,0.95999990277392522,-0.11705807390368042,-0.0022921247643808325,0.12163707953541365,0.99257199590062994,-18.252127350122027,-0.82156476855184868,-0.88128797713574614,0.2488392709578688,0.2548212851585451,0.961038961038961,True,5
-0.15613188264251335,-0.98773099119648888,0.0032131374861983399,0.97558845934852934,-0.15471948313407385,-0.15584941297511309,0.15443443012640279,-0.021198362406699665,0.98777560013537802,4.0823705098452372,14.099345095224789,-1.1447538159318664,0.3354264866404115,0.3176205263280412,0.963302752293578,True,5
0.9418742028361895,0.3320836731510709,0.050925632624300526,-0.32392157265556909,0.93783795576395201,-0.12463861158097977,-0.089150439146621435,0.10089798191730157,0.99089444263502668,-2.7001223471708427,-13.379291173501704,-3.0661923510771874,0.2746919588487587,0.2565477427619806,1.0,True,5
0.96978989699383289,-0.24104301696721112,0.037494261694765878,0.24388555853747551,0.96134313622179313,-0.12782491453590203,-0.0052335480846571469,0.1331076196563962,0.99108777187686736,5.6263097924856229,-6.1224859951259294,-2.9040190259098781,0.3686116283962584,0.3225758046313049,1.0,True,5
0.80239782007760441,0.59308183217538069,0.066420468819506459,-0.58541146480348083,0.80383884837861908,-0.10552972431490482,-0.11597911541028658,0.045793516799108938,0.99219544375481694,18.086900902057206,3.8513718759129203,-2.8857508658597331,0.4504904930359873,0.3232337314600846,0.1666666666666667,True,5
0.9506239357819265,-0.30886571028884491,0.030267238497201143,0.31029794175780306,0.94424648920744758,-0.11006250478832688,0.0054148000286292457,0.11401991329227053,0.99346370810084095,-9.0258077917282868,12.430941444662619,-0.065360274259092577,0.2896964399200376,0.2464706673713253,0.9021739130434783,True,5
0.99804550102571032,-0.045902660967393941,0.042404287500803724,0.05089515946293946,0.99080743168248753,-0.12534079968627337,-0.036261006957616151,0.12725399419611569,0.99120712282325452,12.798290063201145,0.24521783151623527,-2.8476784286173862,0.2957324212958386,0.2930842745156265,1.0,True,5
0.65712712626026748,-0.75349474576099451,0.020726988288175839,0.74901934386132807,0.64964473018360624,-0.13012204681073958,0.084581099865567583,0.10103164185167617,0.99128131470853764,-16.863920950634945,-18.071260086788378,-2.8996711437660352,0.1848398468695125,0.3029763378734422,0.9824561403508771,True,5
0.81480537998213431,0.57679936040833502,0.058263973300010846,-0.56731605950301089,0.81400471237934968,-0.12469489506065498,-0.11935108454532375,0.068547983608178584,0.99048295924821772,-7.1503705980429357,-22.1155295580208,-3.8547438149375663,,0.243726450456585,0.8076923076923077,True,2
-0.31132422317251696,-0.94979370094197435,-0.031131233784985189,0.93768125117823586,-0.30170253577214706,-0.17242230452430873,0.15437324656444179,-0.082870414259872696,0.98453105343892044,-10.980032092576339,-24.811847718085321,-4.0897756952861064,,0.3854692138783747,0.5581395348837209,False,1
0.5126907149114236,0.85597324689942711,0.06676849134184748,-0.84562645259760316,0.51688459994373437,-0.13321491285963499,-0.14854000643196349,0.011836846432168976,0.98883555536587275,-12.878843767743708,-11.76306580612952,-2.3009413959140668,0.2560205218951424,0.2486495071162519,0.9886363636363636,True,5
0.96734731794369233,0.24915490856614594,0.046486535733914633,-0.24091799684383167,0.9608711994245045,-0.13669329505601244,-0.078725378779022637,0.12103044928409551,0.9895220791281969,3.4208739565294839,-1.1614743160715935,-2.3245231585728932,0.3121314119734533,0.2615108405355374,0.9987639060568603,True,5
0.99661774058798624,0.069237672258626648,0.044263121054732145,-0.063226497626613837,0.99011755995035822,-0.12517838262185021,-0.05249275324433534,0.12195639474073316,0.99114638103494745,2.6779997370140078,-16.057338795340367,-3.8409621736402269,0.4240822017179688,0.3536602822391487,1.0,True,5
0.40419015154330268,0.90671518133990781,0.12040723119123671,-0.90536896704730718,0.41532643570119565,-0.088379778883140886,-0.13014359340011422,-0.073290734308496003,0.98878264212182998,-12.841570153776097,20.439757010720776,0.99883656156202283,,0.174930741735381,0.6666666666666666,False,2
0.99914438543565198,0.014546150847105515,0.038715714483223224,-0.010233305903002558,0.99395051561942194,-0.10935104914988665,-0.040072141229397576,0.10886129705004716,0.99324893229334621,11.237598228562209,-9.0319951465503774,-3.4621945577894162,,0.2433125101715805,0.9444444444444444,True,4
0.63753506106679325,-0.76979499086591407,0.031059909019606077,0.76547410751938794,0.62836468390384426,-0.13859009611013834,0.087169011856023187,0.11213160152324625,0.9898626507308349,-12.253541957120955,-7.8561243613091465,-1.9232537728775656,0.2374763152307781,0.2230958581611709,0.9470198675496688,True,5
0.55258291696147366,-0.82931856358165934,-0.08296288315387125,0.82937487107476737,0.55698576270766997,-0.043636949603162292,0.082398077113866056,-0.044694297620716639,0.99559679421346525,11.901940396796595,-1.1116532123675502,-2.9070297166542987,,0.238145163133742,0.25,False,4
0.86504921392327572,-0.50094879298644512,-0.027205960673092253,0.50147260416178252,0.864992433410535,0.017700774494935761,0.014665768507726044,-0.028955085010135957,0.99947312034197922,4.9824588366762006,8.4646032207100479,-1.702483561050663,,0.1329360612000297,0.1764705882352941,False,5
0.54602632175213617,0.83512543454407684,0.066488830125065776,-0.82501316728585616,0.54981316342635123,-0.13060918470026767,-0.14563148615183835,0.016461892378320703,0.98920193911078214,-0.71575014053461739,5.6946567667783343,-1.3653177012950319,0.3637346182959267,0.3249333363983312,0.9651972157772621,True,5
0.52376236097837869,-0.83267830864687464,-0.17977714963624683,0.84244642616506304,0.53760035342230428,-0.035635362239294172,0.12632105233913501,-0.13278815575642544,0.98306169563600609,13.342232055995606,4.5080079675500562,-2.5931612287979582,,0.3249617294214696,0.3846153846153846,False,4
0.4580116361489493,0.84576378005986741,0.27369503008094304,-0.87974881553174866,0.47542898880632367,0.0030492905869455023,-0.127543571859383,-0.24217948910145626,0.9618116927631466,0.070638623034599612,17.334166417916617,-0.49258904228510225,,0.3316498187747622,0.2857142857142857,False,2
0.86672144152465991,-0.49850938984793586,-0.016802709152239935,0.49512864777201798,0.86394223569165041,-0.091931689550266302,0.060345380576055811,0.071359663827349248,0.99562354000976649,-23.134314572668668,0.86670179985089124,-0.45865692129826641,0.2920120179649063,0.2037707220139165,0.2777777777777778,True,2
0.81833440233995691,0.56578102578770872,0.10109716517050743,-0.57085904332348947,0.82054521462409757,0.02873157519670215,-0.066699015005435042,-0.081224267408831555,0.99446159291407665,19.272742384443816,6.0098101752124506,-2.7512245879723078,,0.1829194161965109,0.2962962962962963,False,3
-0.68223881307442757,-0.73107109825087069,-0.0092331596466395868,0.71753987438657685,-0.66708109208053223,-0.20034806026996704,0.1403094102335623,-0.14331038305338731,0.97968127649200254,4.3918923900679649,-0.75185890401530775,-2.3315205986289285,0.6348032981707339,0.4563432688280143,0.5522388059701493,True,4
-0.4387587465459199,-0.89769112401301632,-0.040514296213814964,0.88539355286807087,-0.42416580911576685,-0.19016209642518619,0.15352204685030832,-0.11930637973475811,0.98091639240328621,3.5083446795788822,17.69381841047602,-0.86363641551902515,,0.1893534729470598,0.3611111111111111,False,2
0.99072133689336384,0.12751904396425137,0.047011977736206162,-0.12180262798709858,0.9865379394268331,-0.10911926450858561,-0.060293883932474091,0.10238060117962561,0.99291634091822456,-0.68001254107091025,11.013489667356483,-1.0003420360390716,0.3010223445287741,0.2928237087591992,0.9036144578313253,True,4
0.69589520362404578,-0.71805396175756742,0.011330206410745995,0.71387210449932115,0.68995201406193918,-0.11980332511906816,0.078207953500645078,0.091458877623422613,0.99273299014040295,7.4908723119988272,1.7190755356973453,-2.3878353782211259,,0.06233349153409273,0.3076923076923077,False,2
-0.84395621400083565,-0.5165900794096715,-0.1444735225046001,0.53318197441442339,-0.77836268144130183,-0.33146420364655677,0.058778320909287474,-0.35677195236595882,0.93234054025129087,29.015172575949958,12.267160325021559,-2.5696268891940974,,0.161739547641815,0.2272727272727273,False,3
0.80128004187346613,-0.59456655039924811,-0.066640165377918975,0.59580306338985189,0.80312891831366096,-0.0016279507359825973,0.054488568989524547,-0.038399970243074261,0.99777574541316938,20.369282431124198,-2.2956629095414831,-3.5259053726241829,,0.3007095906535118,0.3902439024390244,False,1
0.60342863916058487,-0.75748099381528544,-0.24919153566967522,0.79183831091805734,0.60609767701917261,0.075084587462405469,0.09415926297099686,-0.24262759513412593,0.96553916713729848,2.1751849863631803,7.3821871375592982,-1.4756934893223768,,0.163515723801223,0.2916666666666667,False,4
-0.31564676892089527,-0.94239037482035548,-0.11075874103541436,0.93637686217781768,-0.29047522986750057,-0.19703429349087426,0.15351055093323185,-0.16590516049651252,0.97412010988009234,5.7503417698217207,-19.579995334341035,-4.4264243971063237,,0.1343927278322646,0.1666666666666667,False,2
0.47125682174712585,0.87340911863404103,0.12277426213871054,-0.86896789618011949,0.48361263719273573,-0.10494576006577865,-0.15103576849572539,-0.057230486931306557,0.98687023868414969,14.255370481537703,11.218822080865658,-2.2935550609779654,,0.1055389834801792,0.3684210526315789,False,1
0.7425561002624218,-0.66958327405055484,-0.016391371962234197,0.66634262411493872,0.74099728560549905,-0.083129597694808044,0.067808150326360603,0.050806120074481508,0.99640393059857779,3.326574598307344,-4.0811793426376211,-2.5865945964607411,,0.07629116954996029,0.1382978723404255,False,3
0.93760506427510293,-0.34720720689940715,-0.018544511931889971,0.34392958415129565,0.91827694847203956,0.19616290946658538,-0.051080178065435113,-0.19030134361583267,0.98039594757771797,-7.8917810180568511,-16.82179860960931,-3.1263511347293753,,0.3184134404332217,0.2592592592592592,False,2
0.9974409418540584,-0.068131379540789544,0.021672162678374806,0.0628431957907407,0.98003117640677884,0.18865212962898772,-0.034092524929897589,-0.18680740989750544,0.9818048132654934,3.0379189782381979,-6.7251306875254331,-2.8597974376436386,,0.280713970564812,0.390625,False,1
0.29446872795478785,0.95365616471795334,0.06187154234487488,-0.94309760091261852,0.30045127311730901,-0.14246384676489807,-0.154450909384028,-0.016399755413809641,0.98786434524828071,18.417467352705469,-9.0168551398294809,-4.0463959576079684,,0.2647191967083032,0.7045454545454546,True,1
0.98660600461048198,0.15701730190197374,0.044205865786859345,-0.14939912544575612,0.978591407402012,-0.14155832252111716,-0.065486586279822387,0.13305797331379218,0.98894240618705453,-4.1516715615971513,22.571931135230255,0.44985142910189974,0.3768358148326862,0.2896291832574934,0.9411764705882353,True,1
0.97575080529564007,-0.21625758366744752,0.033808630129413687,0.21862258289604705,0.97044004947261508,-0.10222659452143905,-0.010701972377631253,0.10713901196999455,0.99418645127627969,-18.635847655205016,13.086677640156264,0.67656867041252999,,0.3142220606580003,0.88,True,2
0.071362078761954079,0.98735930559697804,0.14152404518605904,-0.9859322258464539,0.091324659025810898,-0.13999090217323484,-0.15114595513022994,-0.12954307509424201,0.97998647538774619,-6.1831655487302113,-16.891665175660464,-3.2951485645371164,,0.1405611741388645,0.4285714285714285,False,1
-0.46703847855227265,-0.8807992116152199,-0.077896138348351546,0.87121575420776887,-0.44330927448473001,-0.21085539304464418,0.15118918338217005,-0.1663419248831437,0.97440863853642212,8.044123133511663,22.661513798156204,-1.102364105204924,,0.2025016473133288,0.4761904761904762,False,1
0.43580672119826741,-0.89972819430499829,0.023699749599584187,0.89266195532328241,0.42871945397293637,-0.13911960071665616,0.11500928343760031,0.08178512186097503,0.98999194873764274,5.1006651494675079,-24.430107539841028,-4.9669097228145054,,0.2768392612880854,0.9056603773584906,True,1
-0.94855589204109692,-0.31571373551948317,0.023802455303029199,0.30439402447606079,-0.93005849112858296,-0.20575587705553125,0.087097632214580195,-0.18792562434100707,0.97831383624001589,-3.533088829849842,13.700645705838724,-0.54687142617517759,,0.1238430083587791,0.375,False,1
0.8836262760421919,0.4645016635962233,0.058675453165257296,-0.45565405945722703,0.88199107386369857,-0.12029598382701281,-0.10762891055825632,0.079560983786653203,0.99100255674288851,-3.6986762597301959,-0.42271574321104849,-1.785384507768683,,0.2700374664644944,0.9390862944162437,False,2
0.22326025521916659,-0.97451794686240267,-0.021670940970829194,0.96533763388495364,0.22413128807316912,-0.13374759179911483,0.13519656447141357,0.0089407465991785846,0.99077845758039029,21.353535603147375,19.421747236147816,-2.159928905465768,,0.1423720409137037,0.5,False,1
-0.91966428787048449,0.31906625414027384,0.22894174605031789,-0.39225708148449834,-0.71850618533722466,-0.57435463231126915,-0.018761120460613311,-0.61801746504532029,0.78594047691795232,14.418590114104671,5.8379596493400188,-2.6201322142888093,,0.1845897710792766,0.3157894736842105,False,1
0.88417672157313754,0.39995200887033244,0.24139162294653962,-0.45476510556623606,0.85512033542666377,0.24891346026103311,-0.10686544711696581,-0.32985997414111373,0.93796171226341385,10.937375099472076,-13.899259269159028,-4.0604290821274285,,0.3210593876223338,0.3611111111111111,False,1
0.99381421875438891,0.090239110816558721,0.064731765622764115,-0.094935745047676337,0.99276075146546394,0.07357509539219402,-0.057623805096906525,-0.079265334344621574,0.99518666784547971,14.508802037242749,2.5463266787316843,-2.8340080990274639,,0.201790805664421,0.1351351351351351,False,1
