axis_00,axis_01,axis_02,axis_10,axis_11,axis_12,axis_20,axis_21,axis_22,location_x,location_y,location_z,dbh,dbh_approximation,score,reconstructed,number_clusters
0.34846287350504213,0.88040433901026605,0.32165482374823057,-0.92631009635357631,0.37590598086384086,-0.02538304442381567,-0.14325931446868218,-0.28910706218058713,0.94651670635825191,-3.4018789475326683,-14.266019295563114,-5.0339701872144182,,0.3725784933490635,0.3068181818181818,False,4
0.96817903514463732,0.25004881408998925,-0.010244338855601864,-0.24895658708154064,0.95816453732181106,-0.14121379949420731,-0.02549458089692247,0.13927063578180746,0.98992611661366958,18.690072789258931,-3.6977995905829162,-3.6968655880250658,0.2271508632135967,0.2187553301147247,0.9850746268656716,True,5
0.94636749385594987,-0.32230489626548903,-0.022541526481145161,0.31526094678354194,0.93644664949799372,-0.15387725003107353,0.070704328056722637,0.13851796449296042,0.98783281556484737,-9.9562171687744296,2.4607920614970356,-2.3975227899378395,0.1454144291012366,0.1313769818450572,0.96,True,5
0.97404307157064218,-0.22544458249669669,-0.020367497345548102,0.2198513410793772,0.96361290586569937,-0.15203800667814615,0.053902528241540099,0.14361374541440977,0.98816476843551615,-14.782675360285584,-2.2632815505676742,-3.1973584445842711,,0.2335865745721044,1.0,True,5
0.74017398264878054,0.67197176742721743,0.024421695080083173,-0.66541943214449539,0.73721524884878853,-0.11717788267978005,-0.096744274943483671,0.070481349629249401,0.99281061870837162,5.3588987923902893,15.918123658817139,-0.8070646335028766,0.2838541588611227,0.3169453506473373,0.9833333333333333,True,5
0.99628296542199124,0.08479687583108815,-0.015157264240313564,-0.086103449586149808,0.98549948997453918,-0.14620858808322035,0.0025394446891067977,0.14697021844309296,0.98913765781687912,5.8290263084373208,-3.1745304850439111,-3.4151690921941298,,0.2606310858170326,0.9947089947089947,False,5
0.67427888213130138,0.73847524201912862,0.0015185639770470011,-0.72988078015990665,0.66674156832548415,-0.1507638146905288,-0.11234783426897421,0.10054848577509065,0.98856864513467546,10.516439027996677,1.8525697114507196,-2.7035094019392707,0.2967363036684628,0.2601764424239149,0.9723756906077348,True,5
0.96016365167640194,0.27937069056668706,-0.0061464828747535057,-0.27762080702743214,0.95118325901053924,-0.13482245837962809,-0.031819011689154603,0.13115801550184275,0.99085070795995511,-6.429772131477983,-2.0093087042366,-3.1651573224452076,,0.1834747229731516,0.9696132596685083,True,5
0.83189435716730509,0.55492189941725456,-0.0036693405868375457,-0.54910393751136732,0.82218059585455305,-0.15001311145951138,-0.080228700118524995,0.12680991028858032,0.98867719824515721,16.031148575431242,1.2442875374473101,-2.9264890719808356,0.2941336059778151,0.2470046560092004,1.0,True,5
0.52870299781528574,0.84880258471644721,-0.0027041227429263877,-0.8383485544031426,0.52168752109440053,-0.15815761652396168,-0.13283388660763906,0.085885403375999883,0.98741017619611937,-10.526172180779653,8.249789709091603,-1.5564931113330724,0.09272503632488881,0.1007543823511173,0.8714285714285714,True,5
0.87915522362035647,0.47652981056189253,0.0023307567198305491,-0.47253755015275262,0.87240123265506786,-0.12499741180341553,-0.061598348002807758,0.1087907574556069,0.99215433003921294,7.1971481381323619,-15.882212751302392,-5.236273285529049,,0.2988170711194066,0.9873417721518988,True,5
0.54979667216812544,0.83527770723762829,0.0058966994755028758,-0.82502910727546808,0.54412733188172457,-0.15248743832695938,-0.1305779132207957,0.078972137435458736,0.98828781743365446,-7.6613021286461418,12.260214575534349,-1.1021996767810285,0.2176316444923847,0.1965322010677885,0.946236559139785,True,5
0.15133711396782046,-0.98291926169276556,-0.10472250440683252,0.97403431071015323,0.16633315339673893,-0.15359180850713827,0.16838717140948536,-0.078759171367181677,0.98256946493887531,4.9296228891281206,21.501782414709574,-0.057235825209406864,0.342313894544852,0.1908815134465347,0.7555555555555555,True,3
0.98720998533086646,-0.15820316600983717,-0.01970287104698417,0.15475115312057738,0.98062637451154056,-0.12009993430557374,0.038321344846987702,0.11551481236973667,0.99256627116394736,13.334437090648084,-13.355703418301749,-4.958353317169097,,0.2014708782540902,0.6829268292682927,True,4
0.99846342780820485,0.053666948205455187,-0.01380731689367728,-0.054892389533071885,0.99198750413879511,-0.11378759688047183,0.0075900527560048628,0.11437067064066841,0.99340915075127267,-7.6486417629091203,8.3672833719479911,-1.6637402009480131,0.2238618382402791,0.1896744433396469,0.8596491228070176,True,5
0.58529818356732288,0.81025634342966468,0.030177711059367382,-0.8001584646038864,0.58321846560349155,-0.14000947432892072,-0.13104376305473051,0.057800340060409863,0.98969018023488431,-10.841473745153204,10.463097913061,-1.2247948663223025,0.1606647516555455,0.1310967258223652,0.3684210526315789,True,4
0.9409700751249499,0.3384820569687792,0.0022836001246350655,-0.33548560699544294,0.93349441847137005,-0.12663956009753397,-0.044996946765802022,0.11839792140481914,0.99194617141696417,7.7099865276965955,9.573544618180863,-1.6411621220969017,0.3037008401042688,0.2549620605843405,0.8455882352941176,True,5
0.96784402769917544,-0.24987624427212141,-0.028979313233669632,0.24467725559767084,0.96187622812988505,-0.12217676682502217,0.058403584138543893,0.11115747526407301,0.99208519646887572,-15.199871829911364,-0.22839265902294087,-2.9054981801458872,0.130379857745159,0.1335982145489961,0.7662337662337663,True,5
0.80030327071383989,0.59958720723060621,-0.0031393964597767154,-0.59322444830060062,0.79102758909111448,-0.14953296370749317,-0.087174702885513072,0.12153408666748869,0.98875175699197715,13.269247135659999,-4.8931149674948164,-3.7186092682213925,,0.2618207804674704,0.944954128440367,True,5
0.93895274036462739,0.34404507289237624,0.00085975591594260846,-0.34191855579934372,0.9334207990148371,-0.10870746601127572,-0.038202782121811794,0.10177720660826296,0.99407341160156337,13.198140317735129,17.942752195269531,-0.58121322687482979,0.1967656043706509,0.2937801267350136,0.9347826086956522,True,3
0.7276351076480494,-0.68541402049572464,-0.027473089121831981,0.67516353738882195,0.72268268858849094,-0.14793217836265798,0.12124911504263697,0.089091818493028746,0.98861585056025736,-9.2692959347649335,4.4800980133922046,-2.0742990352720754,0.281830837357427,0.2429170517382064,0.957983193277311,True,5
0.77964925298609122,0.6261089148293183,0.011604701180252959,-0.61966503148766994,0.7740337191765585,-0.12995018402868483,-0.09034539871855389,0.094124536381102783,0.9914526113644706,-7.1034105065622715,14.380475472492572,-0.84048747795212375,0.1922589743526171,0.1748282553504492,0.7619047619047619,True,5
0.97330454418834933,0.22933053713674723,-0.0092611553750950402,-0.22840224408600376,0.96381357543607327,-0.13746201912386832,-0.022598211406839167,0.13590767653706759,0.99046374204183196,-8.2330413655319798,-0.11863520408579703,-2.8131621382018199,0.2475385490352844,0.1596491258185728,0.8599033816425121,True,5
-0.764036700343801,-0.62251044982194259,-0.16949531082080405,0.64126627390242708,-0.70386889059688262,-0.30552602312276489,0.070890665697648417,-0.34212472098987168,0.93697662126893444,6.5602323516534948,-5.217194552631927,-3.684381911694536,,0.2882415575753184,0.4647887323943662,False,3
0.48204419047746488,0.87610235433139194,0.0088353359822187002,-0.86557444371183045,0.47776502628466894,-0.15007152312202812,-0.13569922925308528,0.064693464849262125,0.98863566331885722,-11.756310110448226,15.782953082551685,-0.5355483444840291,0.09728614381791705,0.1034259960684163,0.7878787878787878,True,5
0.9953953254751885,0.095064571962866107,-0.012283044397084013,-0.095854747961677533,0.98734264102504232,-0.12635812798113941,0.00011539214428871875,0.12695367805310637,0.99190864010423963,-13.505675389008042,-0.69747178500895435,-2.9458838823154614,0.1216939478365974,0.1327490663323675,0.7368421052631579,True,5
-0.88282358938569794,0.43400594622873295,0.17961444446996716,-0.46075259693568393,-0.72587748062973168,-0.51069455404542607,-0.091266392725777301,-0.53361102101880908,0.84079112971420455,-10.194996374195249,-8.9593727076101217,-4.2331511423187704,,0.1420789362756235,0.3,False,2
0.99809926857782649,-0.058982851129558707,-0.017857024865236104,0.056092251093161648,0.9895038492146494,-0.13317579268281254,0.025524682793544123,0.1319210205464697,0.99093154905183467,-10.548550080526754,-4.0140503960110987,-3.4650168533140224,0.2027770236679568,0.1964296184211076,0.9821428571428571,True,5
0.70993862566071664,0.70332366845784167,0.036372588332113875,-0.69455189669360851,0.7077616563296959,-0.12911661639292249,-0.11655389566326922,0.066402222978227884,0.99096212550695706,-17.017988429249112,-0.86651015732220893,-2.9810086658762063,,0.1426986446381514,0.8679245283018868,True,5
-0.73788362950154374,0.66941738628079572,0.086070391300473489,-0.66311379124554659,-0.6952922255741294,-0.27721619887036181,-0.12572926935915252,-0.26162775846832903,0.95694465191318756,7.4961331094759007,-3.4126969902907511,-3.4273088174647524,,0.359213761455627,0.6428571428571429,False,2
-0.51358044520772972,-0.831819059391121,-0.21050458126582819,0.84579616631613141,-0.44948024773769518,-0.28739581057940972,0.14444366149182908,-0.32564483617482948,0.93439363724690649,4.8421721257186405,-8.7192577129283233,-4.1697095960263484,,0.4243156780687478,0.3176470588235294,False,2
0.68909353158170916,0.72439032874116227,0.02021772387084813,-0.71616476821702524,0.68500096422281576,-0.13372248793103653,-0.11071643733837133,0.077668079930448775,0.99081256545474583,-11.539634858646643,-1.0744898140168055,-3.0177318868606422,0.1707785176159168,0.1642944716468068,0.8787878787878788,True,5
0.83338446403494615,0.55268080556184962,-0.0037765418956562961,-0.54698737710896972,0.82378151568231017,-0.14895913434094837,-0.079215808956509634,0.12620594908188804,0.98883614114154694,5.5329359112047625,4.7917376862547858,-2.3493785245581944,0.2747642673813933,0.2381614948422204,1.0,True,5
0.96484328673249586,-0.23391026333438708,-0.11984748956098915,0.25687414642814083,0.93573963949197092,0.24167540210010868,0.055615689729137531,-0.26396461086720119,0.96292760852811699,8.1592220040130758,-4.9169778117934113,-3.6305072734483974,,0.5232090345145274,0.2314814814814815,False,3
0.8443684245353118,-0.53235298045733148,-0.060351204179795961,0.52319427491489412,0.84356822408704302,-0.1210801470386885,0.1153677352817228,0.070660848486472222,0.99080640396958397,23.139481212595868,1.3914247128469959,-3.1705011149594111,0.2586460909942311,0.2788546818262733,0.3548387096774194,True,4
0.98814085366094184,-0.15177034348550986,-0.023311288349544934,0.14762478582509195,0.98076457768526337,-0.12770186282095911,0.042244241457517262,0.12274610379208652,0.99153861148597833,-6.9740609694478231,6.6996702077171681,-1.9029910502941141,0.2230357820953807,0.1991307509286892,0.9150326797385621,True,5
-0.10772950359001253,0.99366273100773328,0.032073837664092469,-0.98000737502955437,-0.10071040287952433,-0.17158950911849624,-0.16727193112991812,-0.049917850094900851,0.98464628638814833,15.833084735169749,8.1086181077409432,-2.1056931018075615,0.2415276430000867,0.2438635366933746,0.9375,True,5
0.13030367309069996,0.99143809958510765,0.0084526605362834871,-0.97784466971759743,0.12991649280657672,-0.16413868161320483,-0.16383148257875943,0.013122484060128444,0.986401057242001,-6.6935667846257392,11.365290756375982,-1.2786749201726497,0.2218711879864333,0.2035093401093759,0.9347826086956522,True,5
0.74358155570270623,-0.6674049114065761,-0.040708159490735064,0.65719914127692891,0.74071362861116574,-0.13940089344960066,0.12318992947319279,0.076902565757325889,0.98939892695329434,-8.1290271314664331,-4.3586374442130795,-3.4690077210606098,0.1570890806802775,0.1694401912835343,0.6557377049180327,True,5
0.78670767379483209,-0.59862752689171039,-0.15078501264992297,0.5992156195447319,0.79922805859647261,-0.046638521050040627,0.14843071543971537,-0.053661852368575097,0.98746581121293853,5.6299848420612904,-9.5868869249305888,-4.3001316482918188,,0.2034070532160214,0.2,False,5
0.87736705657504943,-0.47876913528000609,-0.031735833691095894,0.47029929336257126,0.87118570173150989,-0.14090439227093723,0.095108478588923309,0.1086995317460539,0.98951442086444041,-8.4807780025879396,9.7284041373846009,-1.3938915924683648,0.1942188885013409,0.1962813425947087,0.9043478260869565,True,5
-0.55331259687371726,-0.80263246951882861,-0.22276958727566354,0.82275651327928712,-0.48485907828445635,-0.29661994885991272,0.13006494530569351,-0.34740868307981848,0.92864972778942512,5.0081286205957163,7.109506819883272,-1.9931081238489305,,0.2936335909989277,0.2168674698795181,False,1
0.96342896258163457,0.26780667705028982,-0.0091770249077617501,-0.26639610264615787,0.95353123008159879,-0.14075265451852476,-0.028943920843826038,0.13804990759270794,0.99000225881552018,-7.3192646943034312,-1.5404758930002056,-3.1087188268459709,0.2199525700727826,0.1939061197060944,0.9223300970873787,True,5
0.27608874881292278,0.93475893920024,0.22360842641581472,-0.94804110323369428,0.30312333007873565,-0.096614250198496038,-0.15809196487600044,-0.18531587181679804,0.96987883691439825,6.7222945868940309,-2.8819459348583614,-3.3529945403929515,,0.3720507423931952,0.2,False,2
0.45132033454538312,-0.87635500963038548,-0.16826126328293942,0.88281231580364172,0.46599312438366686,-0.059100110766052608,0.1302012699295006,-0.121870033736254,0.98396916831060821,5.4520378641346152,10.097053853603214,-1.5744826471644648,,0.3291237467126676,0.2972972972972973,False,5
0.99854180091640732,0.051968870648982479,-0.014611923421848999,-0.053495643180150244,0.98889729967071771,-0.13863746558814072,0.0072448590986089667,0.13921697880441949,0.99023539869528499,-7.309187906175338,-4.1479502417013974,-3.4511627172698707,0.2799991091231991,0.2165881062982896,0.9750889679715302,True,5
0.5328424020023621,0.84613092649767141,0.011892428370462754,-0.83578233242713962,0.52842145985809841,-0.14912630071213787,-0.13246458934750929,0.069521334751494024,0.98874663922734396,-13.090340519666318,9.7792107272106144,-1.4153862599579075,0.2278140920560475,0.2126546937284651,0.98989898989899,True,5
0.99666107097820522,0.079432218349276204,0.018900589532869667,-0.079444068241969534,0.99683931733555431,-0.00012423828527194369,-0.018850719289788379,-0.0013777162622071349,0.9998213601839876,7.5210671466857484,-3.6895271195004748,-3.4678664674014832,,0.3466378295434532,0.22,False,4
-0.94269513860569154,-0.31665187826927366,-0.1051544751198755,0.33046073809232723,-0.84258128575689206,-0.42526753634828057,0.046060571302033858,-0.43564706458416874,0.89893829537434156,-10.017679951732008,-9.9551657932850048,-4.3818823081399421,0.7217086704416749,0.3840815254101455,0.1568627450980392,True,3
-0.55340628660529156,-0.80723205177001589,-0.20522645185480334,0.81996522406936967,-0.48473365687020903,-0.3044508387475765,0.14628230673123177,-0.33676356170524835,0.93015686324672442,7.3938061210550332,-2.4740172591627729,-3.3008128347519587,,0.2809687372861529,0.325,False,2
0.51399545073326347,0.85778263543152622,-0.0041984494344130922,-0.84718529826740885,0.5068658679642255,-0.15926098798020999,-0.13448325927441557,0.085416287937466862,0.98722758811224132,6.9479951799623896,2.6751532900447148,-2.6336471839167643,0.2916391016580347,0.2519902361966398,1.0,True,5
-0.77447237020582227,0.61392993680414243,0.15258630503238732,-0.62660148553344597,-0.71131125383252225,-0.3184444668988351,-0.086966235488571533,-0.34223724646342391,0.93558032312467954,7.0171578256139213,-11.293980217782973,-4.5366146641241603,,0.2544952588493319,0.3658536585365854,False,5
-0.60195746242509518,0.77122653469059521,0.20701894990525774,-0.79654099794489364,-0.56165152649721084,-0.22376327083841396,-0.056299662731605547,-0.29959505164886902,0.95240388124147135,6.3730382873135385,-5.4779321194312729,-3.7133960855874322,,0.3342124550870741,0.4421052631578947,False,4
0.30081313824642525,0.95264877569876116,0.044404572039232294,-0.94033877227681717,0.30404411499953765,-0.15270942828481468,-0.15897939870078817,0.0041816616073233346,0.98727304454995479,13.608596936392434,-18.156978184156319,-5.6383721192702714,,0.2687101759674067,0.9090909090909091,True,5
0.71330108218628419,-0.69263583674581652,-0.10703814183411302,0.69077914437393928,0.72060325789789992,-0.059624813667990176,0.11843031643074105,-0.031409271917011997,0.99246547435553623,3.3934374132778071,15.219644204275104,-0.83238656162012381,,0.2124868417743708,0.1578947368421053,False,4
0.99090387993519291,0.13445329656554855,-0.0056401925533097665,-0.13424842718465196,0.98475333797386766,-0.11062650291758161,-0.009319899561099982,0.1103774179439939,0.99384604697115397,-7.2495508395085695,-10.081336151928729,-4.3365252455953609,0.3107968521775911,0.2611514416229188,0.9090909090909091,True,5
-0.84446935525310962,-0.51694491649334073,-0.14014086252799207,0.53015885811786578,-0.76955041220061948,-0.35598279205744865,0.076178036188637471,-0.37491347854344875,0.92392466706376741,7.8546198299568948,-7.322787918469964,-3.9528869328263267,,0.2882252572576596,0.1666666666666667,False,6
-0.9185726887607969,0.36132899389620177,0.16020478654746087,-0.38689403852465193,-0.73906449063276414,-0.55144961840572237,-0.080853066836354195,-0.5685288355533874,0.81868049001271836,-7.0167524809156054,-7.6969071106423081,-4.0145731780609211,,0.3793232601955471,0.1686746987951807,False,1
-0.98673722206466929,-0.15796201427105619,-0.037385246281534883,0.16230029258690401,-0.95598031221594026,-0.24445911249474706,0.0028756944040934087,-0.24728454198138769,0.96893863875828101,18.191790684342678,-0.51550896940505087,-3.2727221875874717,,0.1275972869983165,0.4,False,2
0.81390446097809488,0.58078002794536765,0.015940123579648635,-0.5755292591963419,0.8096946481614351,-0.11471986989026413,-0.079533641994229951,0.084197006351219308,0.99326998540810962,8.8615267004954585,14.203097883503654,-1.0224793667658805,0.2274946109993831,0.1768720114458782,0.8928571428571429,True,4
-0.81568946883475923,0.558333179049187,0.15137619233187508,-0.56345652073075614,-0.70754082737261959,-0.42650055902291562,-0.13102457661850819,-0.43318591709991816,0.89173007213407562,-3.8089909816046097,-11.777190804246455,-4.6649697627863072,0.5020308077204508,0.4676722365137047,0.4273858921161826,True,6
-0.91466674224390765,-0.40225241933480549,-0.039720797728797913,0.4010342824178309,-0.89079943662502525,-0.21365361694610319,0.050559420077092077,-0.21135125939495231,0.97610162902929098,-11.882090186241239,8.3484067839393461,-1.5596534191364828,0.1165456406622565,0.1086882255427973,0.62,True,5
-0.48624978369176197,0.85333802172588769,0.18808340845663002,-0.85287965765281781,-0.41663424305746111,-0.3146620362769379,-0.19015109103480635,-0.31341686009033609,0.93038295039697927,7.876061067051908,-4.5839770805128746,-3.545961278127745,,0.4336758835800826,0.417910447761194,False,4
0.29920491117865394,-0.9443215424985586,-0.13686944691828454,0.94042947254459153,0.31611250016349146,-0.12516107386039807,0.16145844138996035,-0.091267253785406996,0.98265022265829438,9.7523184162798096,3.3157897271215928,-2.4917645553887917,,0.2612462558737791,0.3709677419354839,False,2
0.68335343203191634,0.72011581197637509,0.12025516318148406,-0.72042529050681181,0.691808449023948,-0.048871982333991801,-0.11838702516904188,-0.053238024011828297,0.99153932099082154,7.7259703971426212,4.6982050989414033,-2.3237175700800288,,0.190815621708519,0.1041666666666667,False,5
0.9608814414995267,-0.27349972643635934,-0.043643499184047412,0.267584042660097,0.95740848658342959,-0.108479352559395,0.071453729751991921,0.092557492712706829,0.99314020915843815,9.1194427161176428,-6.7489500215304599,-3.9234480400625462,,0.125612445239504,0.1739130434782609,False,7
-0.38873052531143587,0.92028750141587878,0.044266165734287599,-0.90729416389093698,-0.37399688470257753,-0.19220725897377974,-0.16033053003262285,-0.11487926257809665,0.98035548459167221,7.7252905142810189,4.1219307375848668,-2.4317123561805123,,0.07180651380228843,0.1395348837209302,False,4
-0.9984528185385908,-0.052668852725943779,-0.017831463901693319,0.055078365288221943,-0.98080771815174217,-0.18703634323614912,-0.0076382478044211763,-0.18772909195568557,0.98219114494276172,-6.3497989357252766,-10.640929734453037,-4.4557831528884524,0.1935449103909773,0.1394393440395839,0.7228915662650602,True,5
0.85078207223550084,0.52551308420345666,0.002421547777225805,-0.52019135048511977,0.8428029928203562,-0.13814511997720921,-0.074637955780783194,0.11627172323493264,0.99040903768738142,-15.947473018023132,13.612431053921947,-0.85869172886392697,0.1715171856744608,0.1682789821385794,0.9803921568627451,True,4
-0.98226635304867582,-0.18523168124056424,-0.029017855421237325,0.18677744220154205,-0.95324984655600842,-0.23754771547122022,0.016340096483910424,-0.23875500896471294,0.97094234995758444,7.0741915299512526,5.9465473192044698,-2.1741727443435952,,0.2132536174878896,0.2058823529411765,False,4
0.98255843070556403,0.18561098755268199,-0.011291215573983288,-0.18530958079981413,0.97229494970667774,-0.14248821017434005,-0.015468985526440025,0.14209536260767933,0.9897320942619654,-12.971875809803189,0.13322194410360644,-2.8018132557285624,,0.1671263083005583,0.7321428571428571,True,5
0.25144734566849192,0.93253557774256546,0.25913631277883648,-0.96655752176372989,0.25588232816581979,0.017052602569642333,-0.050406244436858941,-0.25475798393137911,0.96569020920013093,7.1028553504550214,-2.7174559052802207,-3.3403600169608749,0.6106726841919295,0.6109302516060235,0.1608391608391608,True,5
0.68378407387417317,0.72957422372652603,0.012680393916398101,-0.72127888152519137,0.67843532823953223,-0.13957893989526401,-0.1104360239315369,0.086295755807303587,0.99012975268286862,-6.2049967887297282,-4.5142166292446708,-3.5774017209142803,0.2012562466529489,0.1546045671805313,0.8678414096916299,True,5
0.83476890943414228,0.55059146293636951,-0.0031478220598836525,-0.54499970477818394,0.82545069628275636,-0.1469913936188256,-0.078333834540539757,0.12441940744072266,0.98913276228132019,16.037446099463786,12.687111585618107,-1.497141704759672,,0.2507287172169851,0.9024390243902439,False,1
0.96500887321978324,0.26211372449286474,-0.00736682017993624,-0.26082151978894524,0.95659869750079585,-0.12996563682284129,-0.027018686534872331,0.12733941798304449,0.99149113117852483,-13.991177631190245,9.4298920341563353,-1.4470754424983783,0.1556067755740486,0.1883044772634538,0.8181818181818182,True,5
0.46388745623693411,0.88514911201957702,0.036324612000422106,-0.87367005463727954,0.46388982159458769,-0.146652204385189,-0.14665968626763198,0.036294392292697521,0.98852094237400179,9.6919462476209102,-10.230020476126283,-4.4106794110420857,0.210111586984006,0.2350964028291357,0.7792207792207793,True,5
-0.70811933328394805,-0.67128390204921595,-0.21896331354607185,0.69637769148535955,-0.61268324217493297,-0.3737343382130327,0.11672669202465223,-0.41712967720792876,0.90131998300347882,-11.069422635840555,-9.2152814893307884,-4.2436624475551019,,0.4374744041098635,0.3255813953488372,False,5
0.997011730670053,-0.074849750573736384,-0.019108211464046648,0.071671111685565739,0.98855701466629986,-0.13273387097424724,0.028824653615619252,0.13096771966061871,0.99096750489147589,-9.8593281075713968,12.044598969717343,-1.0120612187630398,0.150694343600589,0.1707398542436752,0.9736842105263158,True,5
0.69732852445951821,-0.7029550657949647,-0.13995393688034422,0.70891816805652008,0.70522083914256706,-0.0099297048516308606,0.10567856913536502,-0.092291622113005262,0.99010822464680703,5.2669827265546303,-8.6672191506945886,-4.1576416037621247,,0.3534647368445319,0.2626262626262627,False,5
0.97970352764289614,0.20040911276044121,0.0041455333358128262,-0.19969138589107338,0.97757727426881047,-0.066828311620642969,-0.017445581817985736,0.06464410534407658,0.99775587761701334,7.570791801011632,-4.9826912951940683,-3.6466973711790933,,0.8827983061238064,0.526984126984127,False,1
0.83639581577808897,0.54810699770974747,-0.0045561398694857636,-0.54283779133599896,0.82714607960344555,-0.1454527252893652,-0.075955063335884629,0.12412929572931453,0.98935471207013748,-16.661518265058735,3.744254784248882,-2.2895530661836587,,0.1678707692276265,0.8765432098765432,True,5
-0.67713936302180122,0.73562591621615325,0.01835196004718765,-0.72358305737150275,-0.66110400793206248,-0.1984163546209618,-0.13382765831970947,-0.14763469134084972,0.97994599635967417,18.252535600220135,-20.72126532247804,-6.0620981135454191,,0.2921637570165948,0.8163265306122449,False,1
0.95236807774150578,0.30494938806442229,-0.00095667031079019714,-0.30314942048405008,0.94639690651218988,-0.11150481695578032,-0.033097935874216715,0.10648364223340533,0.99376343290421731,-20.800029592084734,13.777741492312355,-0.69748601117103182,0.2683189608318211,0.2297208976644365,0.7142857142857143,True,2
0.85892852345057846,-0.5110911863245674,-0.032056058153751954,0.50231446693428194,0.85304673081814775,-0.14139112896147255,0.099609075447663398,0.10534265186437163,0.9894346657494093,-12.717392521423179,-3.000885812974436,-3.2783803339473403,0.159716496982258,0.2018729664370031,0.9402985074626866,True,5
-0.8755912030934685,0.46450681096010799,0.1325649562931405,-0.48052835835694746,-0.80955396901997767,-0.33721635200383993,-0.049320805752833125,-0.35896489217703625,0.93204702901957681,4.4262224129840062,4.8387757794717308,-2.2905456640717983,0.60808251013499,0.6285630546998229,0.5516372795969773,True,5
0.073159233209493163,0.96559130467154508,0.24956193407429311,-0.98316674299366824,0.11183407396114019,-0.14448631551975988,-0.16742425770305921,-0.23479048584633286,0.9575189531746211,-10.42014835082402,-9.5060497275443971,-4.2894316962586538,,0.262813787967897,0.4594594594594595,False,4
-0.46602912400872343,0.88404892509869948,0.035698089689720297,-0.87058563295857916,-0.45098927932392913,-0.19669602339903175,-0.15778945231469479,-0.12274431948858744,0.97981443180405958,-16.996926822747252,11.960012748563175,-1.067592713140201,,0.1922575348632596,0.5428571428571428,False,4
0.96763349812467081,0.25230135149561161,-0.0054259875139667678,-0.25097134612220579,0.95983541251127857,-0.12541676249573963,-0.026434763714129887,0.12271922800764604,0.99208930764553005,-16.351468576288312,2.5061611175649992,-2.4666640274715972,,0.1323398014955413,0.8421052631578947,True,5
-0.99976204196011198,0.021482817910509742,0.0037878741228328325,-0.02131877221971773,-0.92541629211273335,-0.37835194758764423,-0.0046227055703703694,-0.3783426685254303,0.92565406916745396,4.5807448240029984,15.172861182092635,-0.87725852457253106,,0.3225458685774211,0.2272727272727273,False,6
0.6374294274084813,0.77016195375960816,0.023114715115700939,-0.76101480502821739,0.63398670052114958,-0.13754028533550261,-0.12058271684433418,0.070081584909950631,0.99022642857830745,-11.784561041869564,0.71344187487702393,-2.7268616489582755,0.1732216614877373,0.1784803589084435,0.7565217391304347,True,5
0.99682164608199697,-0.077128091062490911,-0.01994651527043716,0.07385519703489897,0.98855054526669139,-0.1315797451124732,0.029866633109775227,0.12968838429860741,0.99110489213034525,-6.2712683385745791,1.9437942542895386,-2.5890861344511031,0.1782519889683145,0.1697150210746065,0.8576512455516014,True,5
0.7843428322939846,-0.6188129772651958,-0.043322287534659276,0.60927300482578362,0.78161014867690093,-0.13368612895822343,0.11658785108068559,0.078460656723343389,0.99007635984651776,-18.31315638297561,2.1509799115760133,-2.4876263816168658,0.1634151856961867,0.1726654673237708,0.8928571428571429,True,5
0.5429187785092614,0.8395160072762422,0.021262019400063496,-0.82980188549903644,0.54018495167724789,-0.14010370731602448,-0.12910472789273209,0.058421669852945342,0.9899085198781441,-15.268764866908471,1.3941043842030563,-2.6654364961246557,0.1162270042432708,0.1105801994774593,0.5,True,5
0.13849930530509255,0.91779757855686239,0.37210959034290642,-0.97682897922377476,0.18850035276276084,-0.1013546365833936,-0.16316582907779384,-0.34944988453778841,0.92263843970316006,-4.354036563971631,-11.285604645971791,-4.5840386224692473,,0.2386232310629226,0.2547770700636943,False,2
-0.097501899984021326,-0.94656702266260406,-0.30741543732733917,0.98573600631423397,-0.049273303291498892,-0.16092441529615351,0.13717837058068172,-0.3187209017155877,0.93786943731760042,7.7767297423565651,5.8743646826850409,-2.1690676520846366,,0.4562668254816095,0.3131313131313131,False,6
-0.51356035784901288,-0.85737283237506023,-0.034169945144238746,0.84735499828024519,-0.50048594516559897,-0.1774917620093453,0.13507503742542154,-0.12010680662170375,0.9835288960003451,-16.814979806987001,5.3847229889594335,-2.0252224010812054,0.1546480725084993,0.1988870955306971,0.9552238805970149,True,5
0.99622891040460482,0.083209950625703286,0.024577676678683234,-0.084943790704762739,0.9930976237388105,0.080880542437804043,-0.017677966363791309,-0.082663255689550325,0.99642073225322092,4.8074256345773296,6.9532092222179465,-2.0085123472610538,,0.4175425554517119,0.2765957446808511,False,5
0.68661676718983811,-0.72650856594415492,-0.027252864501624702,0.71447633927916843,0.68122953071350201,-0.15953020746586299,0.13446551834583806,0.090064588455342987,0.98681679874349304,-13.214573776936193,7.6561192566610794,-1.7304400335314245,0.165233077863399,0.204660193554333,0.9523809523809523,True,5
0.9357391286144574,0.35264467578659769,-0.0058323082241463764,-0.35001925138180251,0.92648631139298809,-0.13823761594999384,-0.043345205524701419,0.13139576644923093,0.9903819191187011,-8.9316773140153334,3.7506706297026833,-2.2173551148039459,0.2441630206610957,0.2063078694834713,0.9920634920634921,True,5
-0.9499178119855396,0.31242933003401663,-0.0066380876085694093,-0.30473782878359257,-0.93081928332213038,-0.20176797938210095,-0.069217094571105239,-0.18964012109827827,0.97941085265018568,-14.946026262890369,6.5746079082267395,-1.8686361876678306,0.1267029975201231,0.1037108002831762,0.85,True,5
0.2526995448126001,-0.94133676139116729,-0.22366949211971854,0.95983937172642275,0.27301370426704319,-0.06459022964979251,0.12186599417118005,-0.19836486315871493,0.97252252443256759,-7.182380527044784,-11.479364529690386,-4.5816943193572452,,0.3323324286786953,0.3623188405797101,False,2
0.19596587489765066,-0.97695657376257827,-0.084576763107146333,0.96411137068408126,0.20770573066459072,-0.16537108080541349,0.17912744288148708,-0.049134330474450746,0.9825981766600056,7.9993438180834664,-12.201201192666622,-4.6685216478685199,,0.1557015359676263,0.2916666666666667,False,4
-0.28331127078494506,-0.95450316572992733,-0.093050687572781482,0.94848669594731128,-0.26452894639817986,-0.17434857076679033,0.14180166239213551,-0.1376522543550113,0.98027758589789837,12.847750589694769,10.365032086692034,-1.5241098138952898,,0.1659154121596802,0.8412698412698413,True,3
0.75700972540284206,-0.65207932928766887,-0.04157912891413177,0.64139482841916762,0.7537347550231841,-0.14316631289268991,0.12469542783382428,0.081709652954134557,0.98882484945082916,-19.081614632720665,10.803519070794726,-1.1676159752266,0.2054571877196295,0.1825738569285535,0.6530612244897959,True,4
0.93245960502614245,-0.35593288143117574,-0.061894013527899673,0.35259144062056469,0.93392884488939765,-0.058789358600606412,0.078729670363884577,0.032995402704870794,0.99634980925613592,-13.18511596003011,18.835793989954389,-0.21297384833113667,0.3699081575082245,0.1741511370656524,0.25,True,4
0.049126586843913016,0.99730608013671362,0.054471653062946865,-0.98491089271873,0.057432768714504638,-0.16325443479973348,-0.16594309828691794,-0.045629591277248902,0.9850790976012076,-7.9510546387837646,13.117251863165032,-0.9669673309641621,,0.117334202338008,0.3142857142857143,False,1
0.90865169925964506,-0.39804797429432559,-0.12613445045958796,0.40678986164270675,0.91202098050367297,0.052342521775565337,0.094202430421225086,-0.098871337005737123,0.99063129408545925,-12.795050955447905,2.1570194669281073,-2.494428521927877,,0.1861680938678162,0.2619047619047619,False,3
0.76206786308297592,0.64749711452032466,-0.00024237161460134802,-0.63995888940210444,0.75313873661932884,-0.15242920743304195,-0.098514932529901483,0.11631650824923287,0.988314361919999,-19.475439285757126,4.0188620288577539,-2.1791211581674017,0.2532358311026269,0.2439563569674394,0.9710144927536232,True,3
0.78438969255499824,0.62025767294905865,-0.0036372188955973361,-0.61334051911081577,0.77474148532738252,-0.15358723426638349,-0.092445756151113043,0.1227030971921264,0.98812839859459023,-11.470822991834883,5.9229627991155995,-1.9465038090908364,0.1273104387201219,0.1110530082036253,0.4482758620689655,True,4
-0.92782738775345464,-0.35927371076688802,-0.10029326640603131,0.3708187043924171,-0.85930991226085085,-0.35224985899639139,0.040371116003025655,-0.36401768561711273,0.93051668311246905,6.8018537768412957,-9.6822824788767061,-4.3067337558879233,,0.3099016202809424,0.5192307692307693,False,3
-0.44801545114032104,0.88415871099638188,0.13245953838342872,-0.88011149823626922,-0.41013702827280579,-0.23914716956690268,-0.15711749174373874,-0.22372078984477084,0.96190597356466634,-7.8003178225456615,-7.5266990570493357,-3.9813727161321832,,0.106059424557266,0.2608695652173913,False,2
0.91725996913003982,0.39803567260572198,0.01420395595836757,-0.39493920351253353,0.91358229639143473,-0.096904144643233353,-0.051547789093639849,0.083276593671100421,0.99519236049423876,-18.798080923848925,-9.6336612179581049,-4.3404926264999819,,0.1152010477865231,0.5263157894736842,False,1
0.78491208320451333,-0.61572986874715552,-0.069208022455222243,0.60834982530224313,0.7870239218912557,-0.10248822579027114,0.11757343107301958,0.038341558438828041,0.99232374414915647,24.281665400740621,-6.1698756706504563,-4.0579802290964038,0.3282546789106351,0.2246370954328309,0.8518518518518519,True,2
-0.83050314709225559,-0.55647107553117969,-0.024585865187764275,0.55131510148498619,-0.81490743737637472,-0.17882261429491719,0.079474408110147915,-0.16206730270428177,0.98357409880989655,9.8115516632253428,-9.3351281197143194,-4.3177465769971448,,0.1580073966697196,0.6111111111111112,False,1
0.11641112908890296,0.99066272623025853,0.070963454554283323,-0.97714865384617622,0.12703083709921537,-0.17042204878617465,-0.17784531849574073,-0.049502820969149583,0.98281255252730892,9.2511004833004868,-4.5076590476156806,-3.6042841629307127,0.2718811949458469,0.1926527085551279,0.25,True,3
0.34941222232170199,0.93551710911171393,0.052142472625201421,-0.92476359728323221,0.35327934137474981,-0.14144255405498624,-0.15074278766158022,0.0012022965870864622,0.98857228691225807,27.042099138231819,7.7234995653317506,-2.4707821806077259,,0.2590978199125273,0.9722222222222222,False,1
0.82646322116676807,0.56297504861669001,-0.0041998444833961273,-0.55702356315686641,0.81659752326039747,-0.15130510597138605,-0.08175141678697441,0.12738751759893699,0.98847818701947221,-14.277675603537233,5.2977246428860791,-2.0382757423906437,0.1863579239332615,0.1274197682740923,0.7692307692307693,True,3
0.93901029731443686,-0.34111114178230817,-0.043621674537124608,0.33613809908512093,0.93721138807143922,-0.092983828769559337,0.072600550141814157,0.072649865940519712,0.99471159493489869,-16.587913813707218,14.926795787324126,-0.67415810911328078,,0.1298278586311223,0.2857142857142857,False,1
0.45106307057504036,0.89050445126441846,0.059530904929066049,-0.87667299509750007,0.45458425118328233,-0.15747259521235143,-0.16729185882820155,0.018840935602874753,0.9857273726114204,7.627758656775999,8.6472153961351044,-1.7751994097580122,,0.164331647330223,0.2608695652173913,False,2
0.66761918433158263,-0.74301516140355373,-0.047043539799676556,0.73302953566656315,0.66706754439070937,-0.13299846262649886,0.13020109274846942,0.054308021000589277,0.98999914863706062,-17.5550957358749,0.38614432753829697,-2.8054307500445854,,0.09575446243554342,0.2307692307692308,False,3
-0.48559165439492169,0.87325669478075008,0.040292557657738072,-0.86107027685763871,-0.46984384175630717,-0.1944344174162147,-0.15085994662040528,-0.12911045420210343,0.98008763236835839,-8.7781488161002965,24.755622663915435,0.5980604411491135,,0.2021254056957805,0.5909090909090909,False,2
-0.8010651388877863,-0.59468767199387795,-0.068126470899307873,0.59167753905786213,-0.76945527177448536,-0.24053331268846229,0.090621923578813587,-0.23299175418232188,0.96824713242535421,15.623673362445301,3.5236246478741799,-2.6256625796872015,,0.2566734210934741,0.4615384615384616,False,2
0.95708073555453532,0.2898084601135586,0.0027426405156635685,-0.2880896269623926,0.95235213007923791,-0.10014882510647767,-0.031635936323424214,0.095060384914780666,0.99496868832782603,-9.8829890139805947,21.351665913939822,0.14846749284249761,,0.1747642581647753,0.9347826086956522,False,2
0.1125833527005497,-0.98736437966047697,-0.11151937263267257,0.97938686713037271,0.12920997517815219,-0.15526154323274838,0.16770913268888171,-0.09174074390445365,0.98155859871970974,18.426482207673839,8.9042234907861424,-2.0457786352304792,,0.3361561360390832,0.3333333333333333,False,1
0.68219984364380692,0.72701357424840307,0.077811542787211946,-0.72269571144907752,0.68661943836683637,-0.079149576814541947,-0.1109697345472013,-0.0022382393462004792,0.99382126577124119,-4.1234188084741179,-21.939982763243954,-6.1698369855475956,,0.22690503841117,0.3793103448275862,False,1
0.34564968377565219,-0.91303311266297194,-0.21655676227436566,0.92422778815392526,0.3711596604576079,-0.08968557327182515,0.16226303248089011,-0.16914798736596795,0.9721417934952431,-3.2935043402883051,-17.670754096879616,-5.5576982314063175,,0.4117625673113421,0.2261904761904762,False,1
0.73117201754535432,-0.67464253434922483,-0.10121724954527803,0.67050440855136795,0.73803792299178672,-0.07565621150407971,0.12574306689371167,-0.01254890723627692,0.99198347065631065,-13.070907185788178,15.555567414269788,-0.58257039033904268,,0.1981147787437996,0.2647058823529412,False,1
0.51748906719302623,0.85395807495178422,0.054412053447141756,-0.84608295774032127,0.52014542021937449,-0.11658632186581731,-0.12786201139150508,0.014295035832525557,0.99168894215548564,18.294256740612362,8.3671416809462098,-2.1209326825236539,,0.1684975154695084,0.2,False,2
-0.99865987749813756,0.051746156149307589,0.00088566312811520775,-0.045635769877695034,-0.87240500496668549,-0.48664862459144703,-0.024409538772272591,-0.48603687373783544,0.87359735106287739,-6.5215587442470166,-11.836124170477916,-4.6195297338386112,,0.235633220097301,0.1875,False,1
0.34418980465310545,0.93845857913645581,0.028790165300702206,-0.92623373619495286,0.34440659583451538,-0.15321606534570423,-0.15370245380993577,0.026068985228915702,0.98777323495928937,-15.265948466677274,4.1202426882110972,-2.2351473950320817,0.1879151140709195,0.1398245400350196,0.782608695652174,True,2
-0.3595551522387308,0.9250608286382751,0.12240325084592511,-0.91902179289102781,-0.32834218026451223,-0.21815214152170703,-0.16161385055106958,-0.1909289815041548,0.96820818387981145,7.5867368897880159,-6.040619782769415,-3.7833514612873871,,0.1878412112563262,0.2142857142857143,False,1
-0.99965738241723168,-0.013456924869722239,-0.022450589118712994,0.022810765743097594,-0.86854293660104676,-0.49508871553151124,-0.012836928952835672,-0.49543120456172213,0.86855232128040472,4.0290543730868853,7.0704084784641879,-1.9489248214582813,,0.2432083198621247,0.3,False,1
0.5223784474702059,0.85234528552745781,0.025065351737690766,-0.84214086274487832,0.52029304646208452,-0.14175300031574495,-0.13386382974474426,0.052940155291799684,0.98958466795103051,27.154913142015587,-3.5075307993721472,-3.6776126315704749,0.3869875757089631,0.2013587226330956,0.8214285714285714,True,1
0.58525876820584211,0.74270269796593447,0.32536883174683723,-0.80102041791839629,0.59185796239997757,0.089835641154186158,-0.12585096072743063,-0.31320417426635311,0.94131008754082435,6.8112420227782069,-7.4626177888350274,-3.9886911283977518,,0.1909747775590491,0.4074074074074074,False,1
