axis_00,axis_01,axis_02,axis_10,axis_11,axis_12,axis_20,axis_21,axis_22,location_x,location_y,location_z,dbh,dbh_approximation,score,reconstructed,number_clusters
-0.88356153814217375,0.46068584803355034,0.084187634112404736,-0.46644196699076834,-0.8496291182835547,-0.24609399178869015,-0.041843753961833346,-0.2567078315640518,0.9655828237225762,-7.8113061962961492,3.4840257281667109,-2.0106340298019632,,0.1611038862294573,0.1470588235294118,False,1
-0.99536341902294401,0.092617927987950918,0.025953486975230741,-0.095600375773124427,-0.9823319804995283,-0.16088644517146611,0.010593971068118865,-0.16262164524777292,0.98663162744456689,-3.7244011887256119,2.6495514232702484,-2.3987845424088254,0.2804772123058389,0.2564871668658903,0.9935897435897436,True,5
-0.93529027863702119,0.35156765814715452,0.040401440964484003,-0.35304516400064584,-0.9191348928535098,-0.17478604324980249,-0.024314745790121949,-0.17773922044413909,0.9837771915698541,13.615873942897203,2.975157312448939,-3.3574870939915562,,0.1483615265823711,0.3260869565217391,True,5
-0.9255211182987777,-0.37807273040000583,-0.021717967466260014,0.37466886189656878,-0.90583047813827688,-0.19772301029700914,0.055080881511744853,-0.19113386775677887,0.9800173167287527,-12.395714629929778,2.6048944973621815,-1.8943411556528147,0.1832573165693371,0.1761899753546181,0.7192982456140351,True,6
0.95045798863860009,0.28757289869236685,0.1180315202424172,-0.29585250629270932,0.95337462649471727,0.059566064805224334,-0.09539867060598245,-0.091534963231147834,0.99122169273724181,-9.6276085438689236,1.7851878323624406,-2.1709695259336734,,0.3590089196951071,0.4,False,5
-0.35098549406515467,-0.9358933839316822,-0.030211866356517778,0.92794521478653447,-0.34332135016069604,-0.14507973283201564,0.12540678335166533,-0.078955838522186628,0.98895860087904919,-8.9492114046970297,-3.4622750238485489,-3.1126944967749259,,0.2175285488300594,0.9227467811158798,False,7
-0.45069996283357572,0.8850841394321044,0.11617060569500362,-0.88773233687735487,-0.43071629645802895,-0.16252621335572062,-0.093812800640868679,-0.17637896158898841,0.9798416302365941,-5.8157722822096671,-7.2732842008464376,-4.0275579292021542,,0.1328205055837702,0.25,False,4
-0.89078508679578117,0.45225591179776797,0.044345455079441737,-0.45255243906510023,-0.8740310627364033,-0.17682191964827948,-0.041209453265750394,-0.17757897289894242,0.98324335204754654,-2.4373509276094123,-11.479303128477305,-4.9416082193225783,,0.2147739600315635,0.7962962962962963,True,5
-0.97428408079054207,0.21299861442322632,0.073499116810431558,-0.22512298482307116,-0.93392212399447905,-0.27768526791673936,0.0094958739713086951,-0.28709067655956,0.95785634194804725,-9.9861674638560629,3.6674536036238066,-1.8552510059514493,,0.2016234934498772,0.1481481481481481,False,5
0.70677250412203751,-0.68919948585696567,-0.1596142102431945,0.70218121319364968,0.7108904908178858,0.039702064210810795,0.086105582019742707,-0.14013842713260119,0.9863807834633852,-7.0175643386652782,-6.2684215344022878,-3.7897377170575308,0.534448290027788,0.5249488110310868,0.5454545454545454,True,6
-0.49991331860500132,0.8604170781024717,0.098838887038151552,-0.86007402484562256,-0.4797940665651193,-0.17340797408065664,-0.10178087083134246,-0.17169771518139587,0.97987782347306085,-7.7932268809272633,-17.624928429663839,-5.7569653996068375,,0.1778178801999513,0.3191489361702128,True,5
-0.17496606406632276,0.98031404562047253,0.091494526526794129,-0.97562706060183613,-0.1601261962944735,-0.15003812809311229,-0.13243381383378217,-0.11551611670882349,0.98443756111495107,2.777243278143946,-5.8181531748909396,-4.2724796462823909,,0.08044631428135798,0.1428571428571428,False,5
-0.55033238111947458,0.82674865901637162,0.1167087190658874,-0.83006853567094929,-0.52666032338746838,-0.18334429322586587,-0.090113796837411608,-0.19777653699071138,0.97609627856861891,-4.2144678781933873,16.150807696287938,-0.080063021212825672,,0.137805217919551,0.3333333333333333,False,4
-0.81621679324411878,-0.57766796319290425,0.0094800172388606746,0.56975763058364193,-0.80754228564068931,-0.15248507892225341,0.095741259747310042,-0.11905956997559269,0.98826030476753712,-10.448804469561942,-17.630060097774731,-5.5921455085555838,,0.1633492435064952,0.7441860465116279,False,1
-0.75199974277464332,-0.65731482658026141,-0.049331588507085723,0.64721904547503339,-0.72211985412354784,-0.24423436174087676,0.12491554763622552,-0.21559252083119157,0.96846061918923421,13.657482244156741,1.8286431118089281,-3.5634021808733003,,0.1664399955069495,0.3,False,5
-0.91481381174577692,0.39763826681365733,0.070707132628847327,-0.40365001649262539,-0.89432795256738284,-0.19298750592236902,-0.013503852215793824,-0.20508857116393353,0.97865025619639556,16.692247831211141,-12.588060740690729,-6.4726163521315847,0.2869076324488834,0.2691642186017176,0.9272727272727272,True,6
-0.99672212693628481,0.080490982662340241,0.008136546298052369,-0.07847553849679148,-0.93749220780571774,-0.33904269666400422,-0.019661931066100868,-0.33856987759340346,0.94073580055887129,-3.2953566068628861,-5.8048138092211179,-3.9247183998608328,0.7238436646826091,0.2101301239960306,0.2570093457943925,True,5
0.995835293286496,-0.089059995475690878,0.019503483044527981,0.089558024193087796,0.99563289780565778,-0.026353237177598604,-0.017071290157120163,0.027990177080153857,0.99946241602142949,-4.7631926142422794,1.2501804022194463,-2.5823642623057759,,0.1167262933641247,0.5416666666666666,False,4
0.44360708838942925,-0.89614968216390789,0.011335708543274592,0.88977817553662109,0.43886869343053253,-0.12525601089487537,0.10727324675506543,0.06565072036240012,0.99205969248151726,-0.49159168004844156,-25.046002081204005,-7.5956896495111872,,0.2462361767165183,0.9508196721311475,True,5
0.53473615834799948,0.81385033560964826,0.22738705368442819,-0.83311511735603605,0.55276540884268699,-0.019225088291450615,-0.14133804225352925,-0.17915924205867437,0.97361466905388194,2.6483691928104505,-10.018305264288617,-5.0262640986934608,,0.4973287829348081,0.1875,False,6
-0.99918793707007858,0.031806674004208058,0.024734629619878233,-0.035660534304855815,-0.983850372237701,-0.17540459327175684,0.018756137841643379,-0.17614420381190032,0.98418566681126707,-2.6459464097816956,-0.88872462595580293,-3.0439868037689508,,0.137507625900838,0.538,False,5
-0.91824017051394291,0.39241673748540118,0.053330042151116384,-0.39523058044025755,-0.89953355938130919,-0.18609718920943097,-0.025055489206619274,-0.19195957826612245,0.98108294388013428,22.008278432420045,-5.7334315138306149,-5.4860466842526039,,0.1655634859611527,0.2857142857142857,True,5
-0.98560363355628933,-0.16791581170616518,0.019742282028653885,0.16247693647772055,-0.97297220813741603,-0.16409243524615977,0.046762406198291279,-0.15852243491462042,0.98624739036171105,-5.7266740053828267,20.275718588401578,0.69644457354855693,0.3911540057288517,0.2561699764434714,0.9183673469387755,True,5
0.91180339326549897,0.4026082761238573,0.08075362546721615,-0.40819964127567099,0.91006454384403379,0.071802359991617243,-0.044582786946724379,-0.098433236432254934,0.99414449305598251,-11.142842472375245,-6.250563835215301,-3.5555585130632466,,0.4505668193309533,0.3676470588235294,False,3
-0.20765424852725664,-0.97474158520130216,-0.082210432110713078,0.96904445681873963,-0.1935094624192053,-0.15331969430931247,0.13353858535064381,-0.11150304943578895,0.98475099197160809,11.127059137846249,-12.407059493822258,-6.0595399052354866,,0.3151448394794569,0.2857142857142857,False,3
-0.93476082360644519,-0.35527666294923793,0.00083391501459999934,0.34729986444352229,-0.91426282818538696,-0.20858160311006926,0.074866593405262291,-0.19468429254079325,0.97800461114954851,-8.2780926166811408,20.547612288976037,0.85536291406896625,,0.2242780837829972,0.3793103448275862,True,4
-0.9916502422120177,0.12603210105312926,0.027307629428070058,-0.12878922576751423,-0.97868846702434409,-0.1599444273481998,0.006567529752593556,-0.1621258585718921,0.98674823209128482,-0.72452278449626961,11.629631353478509,-1.0153110969936348,0.3720961701139985,0.2694195510178717,0.9882352941176471,True,5
-0.92441255182587112,0.37928216564201478,0.040080828991974543,-0.38025851754365558,-0.90845325617400141,-0.173540027608488,-0.029409077889009757,-0.17566365637990355,0.98401086679211047,-12.71119560876989,-0.69291441795268738,-2.4934530465591713,0.1398752915915666,0.1447521214008992,0.8709677419354839,True,5
-0.31836305083983651,0.94531546695386182,0.07087761139989357,-0.94061742506553581,-0.30571654735252363,-0.14756778895793501,-0.11782965468434989,-0.11364884782810089,0.98650905310813664,8.9704908266510621,3.2634147511960925,-2.9985120264915226,,0.3377610696906174,1.0,True,5
-0.93208601338904196,-0.36217338076944189,0.0067901330293157688,0.35578511385300587,-0.9188456279180639,-0.17070344113831637,0.068063326433010288,-0.15669446166949211,0.98529905575768317,-15.954467522224254,-8.2259005665025136,-3.7393010127952162,0.1415238109154284,0.1350950333478236,0.5833333333333334,True,3
-0.28711000000013226,0.95240691242411124,0.10241543373289599,-0.94859922557605514,-0.26783220800101926,-0.16859839143304003,-0.13314412167434966,-0.1455574852904232,0.98034976479800084,3.5676971477887593,15.031702812048954,-0.69859529325737157,,0.1024579646876015,0.1363636363636364,False,5
-0.8570725849028813,-0.51476558917670978,0.021046909688789243,0.50689163283223215,-0.8498593474944659,-0.14422191941918622,0.092127394256902709,-0.11294015085803411,0.98932151778458632,7.2823835100613392,-15.457644362446471,-6.3388396466897499,0.2832470089459047,0.2190933556079709,0.9879518072289156,True,2
-0.86282144993776888,0.50094260309661953,0.067791252607303093,-0.50402641924304015,-0.84225778707646703,-0.19120457320391204,-0.038684806220577017,-0.19914398939419128,0.97920639155177125,-8.9026119458072941,-2.2058700735055461,-2.9105663499675485,,0.1053326406826979,0.3409090909090909,False,5
-0.55743522509603416,0.81379447651580195,0.16433052003357046,-0.82310548223892388,-0.51586555901970077,-0.23744492019312216,-0.10845890894878234,-0.26762151447456833,0.95740032904735128,-4.3541709018267252,-8.3051422460839497,-4.2752288870863957,,0.1980548770648654,0.3658536585365854,False,5
-0.97339085455940089,-0.22880604378593336,0.01257133991062841,0.22301013880209128,-0.95849391165471465,-0.17763980216245379,0.052694613117386213,-0.17010942257227629,0.984015275339024,-5.3090115409823433,-6.3958590310666201,-3.8840387579299143,0.2203191854499562,0.2124081825686716,0.9563106796116505,True,5
-0.78110163572950786,0.62219546918587287,0.052469350913264101,-0.62100571897973367,-0.76534808124842535,-0.16909823039824612,-0.065054835755320534,-0.16466667135132673,0.98420158285329096,5.562738065881379,-5.8178628660234883,-4.4493088721239342,0.3044452678319914,0.2635331290959554,0.891156462585034,True,5
-0.20066499592148573,0.97800314573925173,0.05695091163413768,-0.9717293558088842,-0.19132195676931221,-0.13834004451789525,-0.1244010388665702,-0.083100877143930885,0.98874598646306944,2.3937212523795046,0.581810506517486,-3.1062955985303482,,0.3107151897762536,0.9354243542435424,False,5
-0.92292525710936568,0.26865515378959909,0.27574150600135788,-0.34785286932932097,-0.88882771745819633,-0.29830130736791954,0.16494650978110564,-0.37122728485435785,0.91377401576685902,9.8720931880378533,-11.082173291943462,-5.7651216429645009,,0.4901279616129153,0.4528301886792453,False,2
-0.80542330686948005,0.59147523374187005,0.038083390361590447,-0.58963659110567102,-0.79308028961622368,-0.15281473964095182,-0.060182947590797092,-0.14553591341056871,0.98752079002268922,-13.834284871676186,-1.9512692139724974,-2.6497975844581441,0.1639969392818869,0.1742131412428521,0.8,True,5
-0.93909278740945479,0.34172828323163212,0.0364213821141183,-0.34282307200010292,-0.92411185004929264,-0.16878871379001223,-0.024022446585506112,-0.17099435381917086,0.98497911298768737,-0.80031836961314329,6.0724395776958939,-2.0275776656015627,,0.281099201088764,0.9716088328075709,False,5
0.36427399091887219,-0.90345525152543005,-0.22599351325017858,0.92409715496687683,0.38076126687600631,-0.032639023102749173,0.11553747323773617,-0.19695041543012767,0.97358185384678286,13.812487679012044,1.5678211853528707,-3.6059153962108295,,0.1845869034678072,0.1935483870967742,False,1
-0.98454251387244007,-0.17463306565770756,-0.013391443414617725,0.17144451759576199,-0.94528023815606199,-0.27758250798271655,0.035816417521753643,-0.27558766977245058,0.9606084636860629,2.1760233532922366,-6.5903514347228107,-4.3883446461704301,,0.6280287244133603,0.6476683937823834,True,5
-0.80345741589339337,0.59357770848352642,0.046061750263695488,-0.59209003341100941,-0.78854610278104342,-0.16620600507856581,-0.062334365973025732,-0.16081215059898987,0.9850146593013055,-17.128629159565417,-7.5508479928372534,-3.576304735916723,0.1463283697924517,0.09033321544385743,0.1785714285714286,True,4
-0.71352701266964857,0.69229536008288983,0.10773270904617922,-0.69705355250732381,-0.68593268094778548,-0.20883654408341157,-0.07067918454287829,-0.2241059829979673,0.9719984368592719,-11.151669123856021,-14.955346330318436,-5.0979501505626317,,0.1609449351164003,0.3333333333333333,False,4
0.55918257942881067,0.81606089773340773,0.14614873948784582,-0.81959024133353942,0.57069531904365045,-0.05078079491792141,-0.12484662259817861,-0.09138634477978741,0.98795842868696515,-10.602875431327366,2.5076005002885648,-1.9859306671331045,0.555114339734113,0.2705584320380984,0.5909090909090909,True,5
-0.88734409359213828,0.45927293591958812,0.041095375639447269,-0.45934292383950698,-0.87263985096363594,-0.16584260257465436,-0.040305556511705073,-0.16603632386307454,0.98529559081136497,-6.6571918426638996,7.3015943710083251,-1.3769068799188604,,0.2641313894714444,0.9940828402366864,False,5
-0.31090478117453774,0.91188928178223538,0.26794804498912173,-0.93984467120694204,-0.25298815706087241,-0.22954081639407592,-0.14152812811144017,-0.32319487953496878,0.93568950982451959,-6.8690269368722481,2.9120741868451478,-2.1541388927151468,,0.2952096538525752,0.2093023255813954,False,5
0.85353771419688473,-0.52099838160884726,0.0058358208093812307,0.51856817911126574,0.84836204831264994,-0.10662494359197006,0.050600534155118747,0.094034681600602341,0.99428218559898274,-5.7982444281031746,-11.025599454112999,-4.6930674691968841,0.1310850429932968,0.1318312224192894,0.55,True,5
-0.99925511724945826,0.016862369707597719,0.034711253774751073,-0.02743234125609173,-0.9430201304934035,-0.33160292540538994,0.027141799939948801,-0.33230813106520224,0.94278026534499082,-11.472170467127384,-3.0891456455799333,-2.9422449954585481,,0.4933547734391941,0.2452830188679245,False,4
-0.7627499730122429,-0.64664287477122162,0.0080914261680269661,0.63870490278317349,-0.75522933537682946,-0.14725725159396819,0.10133373490876237,-0.10715243111512945,0.98906512964291582,-10.583496352881751,-3.8237481037620791,-3.0973689343485882,,0.2263922136106844,0.9146341463414634,False,5
-0.22025312162303942,-0.96779909806795628,-0.12187480541176715,0.9669099963103156,-0.20012567685252405,-0.1582238050974116,0.12873857794185556,-0.15269125463879246,0.97985292738570673,4.1737798359137583,-17.487220401405882,-6.486199618518679,,0.2785045278367824,0.2916666666666667,False,3
-0.42855788922216376,-0.90340467112831047,-0.014076070793780877,0.89422717518706718,-0.42187329569669352,-0.14960174308799648,0.12921259513840125,-0.076700212265404091,0.98864613623684394,-9.9518936777105704,10.421202759675531,-0.64376368061012912,0.327856993812616,0.2332162720350492,0.8421052631578947,True,5
-0.87119061332854142,0.4893419514218591,0.039640507399463468,-0.48913896358641179,-0.85823262539489353,-0.15549866561935255,-0.042071243740241897,-0.15485869457810658,0.98704042225418198,-3.0921585557596631,-15.563816746672693,-5.6834533940532372,,0.293794895591776,0.8556701030927835,True,4
-0.6947408069505101,-0.70927935980343504,-0.11940687130389491,0.71439098688741343,-0.66117781595828529,-0.22910568203050005,0.083550757098801054,-0.24447225904274431,0.96604999122548296,1.7809418486004509,-20.976542397103223,-7.0182815240730481,,0.388505811315816,0.2463768115942029,False,6
0.85364138884377971,0.47648267147144902,0.21038213574420717,-0.51319663716405306,0.83845487066401481,0.18336477705191134,-0.089025787591967026,-0.2644951675309421,0.96026908494255336,14.970103479032799,3.0860860998646982,-3.3805217633070614,,0.1374509990662125,0.2142857142857143,False,1
-0.98955400397489612,-0.14313187529456933,0.017208703957940403,0.13476112170912966,-0.96080823300456453,-0.24225395655457213,0.051208527541312401,-0.23740430843880489,0.97006024608873864,-3.9216319711700081,-9.6889708912480046,-4.5194386049843169,,0.2786856634894638,0.5546218487394958,False,5
-0.91410611003710973,-0.40511637061500821,0.017051271288263298,0.39844675686057601,-0.90526265476475609,-0.14744391420317815,0.075167822504789511,-0.12798535911575423,0.98892342793155585,17.733990047545635,-3.0570242293015468,-4.7031913357453812,0.208685853075443,0.2175165082342804,1.0,True,5
0.6417640569477252,0.74470857886172337,0.18316120708203948,-0.75324030195800251,0.65696989522712479,-0.031931242873990809,-0.1441108695283394,-0.1174720789592722,0.98256418006600088,2.5783047467201206,14.200942310273643,-0.74860341021129029,,0.2515393855902141,0.25,False,5
-0.47387010493859966,-0.87967740407311912,-0.040184429928261434,0.87167923028867289,-0.4621066929144641,-0.16319535485731265,0.12498977209687037,-0.11236133288118279,0.9857750695490004,27.183406729906753,-10.114078554344426,-6.5966756535577602,,0.2484524411072628,0.3809523809523809,False,2
-0.96532323796739394,-0.26105669196865394,-0.00067068511784775658,0.25396801897370591,-0.93851021482410923,-0.23387779289486485,0.060425918104032819,-0.22593800089667371,0.97226577033859285,-4.406976073955132,-3.9310771698106941,-3.5110091765292508,,0.2879935694968339,0.2517241379310345,False,5
-0.99751143569269085,-0.067404234264780163,0.020678608886565572,0.063166115650562557,-0.98467051992739407,-0.16258538993259303,0.031320560274756944,-0.16087459833389545,0.9864777676739509,-8.3290577041045246,3.3423683737410941,-1.9990295507155271,0.1870761077391911,0.182024867899965,0.944,True,5
0.17039594640367325,-0.98537481027562568,-0.0013056505932498158,0.97712796633098653,0.16914064259885736,-0.12888902371853284,0.12722483587361177,0.020686379468643861,0.99165816430936127,-7.2062231662918457,0.19493777253226374,-2.5786149477474027,,0.1761668852923594,0.4090909090909091,False,1
-0.95578635700960124,0.29274591053008869,0.027789775497898211,-0.29322671825273061,-0.94168843319826812,-0.16504843677940048,-0.022147944759005979,-0.16589974878974162,0.98589387963129782,-16.425213529747342,-9.9042653970854548,-3.9953214946968165,0.1526439945725372,0.171875223543511,0.8809523809523809,True,5
0.56839545085867038,0.80739829104180627,0.15822329495348986,-0.81037323059238731,0.58262980455128366,-0.061949479318151784,-0.14220351114661745,-0.09300812045893099,0.98545809192794709,2.8666840767011323,-4.9258587716208257,-4.1200476066949614,,0.290413770740132,0.154320987654321,True,5
-0.74116417574849813,0.66437233194692435,0.096359063561528874,-0.66792859487879019,-0.71536225801025577,-0.2052516308283871,-0.067431867320235747,-0.21648612971244463,0.97395415647341022,15.019164272727693,3.4631182474851578,-3.3173301898429481,0.3445402983522391,0.2170378285364774,0.4285714285714285,True,2
-0.96663946918334853,0.25449995596862462,0.028946658337404584,-0.25584418652692242,-0.95389699436130004,-0.15692124256726814,-0.012324318939057922,-0.15909210087382161,0.98718681849092882,-2.2472125381623385,-8.0365968088090654,-4.3922387205888151,0.2949741643529096,0.2808021648555151,0.9977477477477478,True,5
-0.91764872581860646,0.39523778996006376,0.041326812010759106,-0.39630691592639072,-0.90249812885902725,-0.16863557096552104,-0.029353779865647179,-0.17112631823725721,0.98481172759779834,-5.7967341171549105,-1.2921347431010963,-2.9543626662363169,0.1785320205647935,0.163006267516794,0.7959183673469388,True,5
-0.92056189995234683,0.38858016747265756,0.039638892555755138,-0.38937887104118757,-0.90494636115084515,-0.17162802284747772,-0.030820174282694082,-0.17342876603022173,0.98436404849548376,-3.5441214153758156,15.607702524261517,-0.21184824007229325,,0.3091994202703696,0.9259259259259259,False,5
-0.44447941435241067,0.89062217856351533,0.096073853194905384,-0.88956782975840676,-0.42622845710461854,-0.16431183345436451,-0.10539035285953148,-0.15849743658808649,0.98171861351364276,25.318073262243832,-6.8347328754474059,-5.9219959023272519,,0.2187451385652805,0.6521739130434783,True,2
0.2563692618598935,0.95962206279288487,0.11575965693860034,-0.95719452902371682,0.26870094686785462,-0.107603135453312,-0.13436307223518937,-0.083218373893314795,0.98743165184536918,7.3182195927683367,9.8913363793412383,-1.749267510346344,,0.1657979267656187,0.575,False,5
-0.65703488619481931,-0.75063642095843353,-0.06964281623882379,0.74282209112666397,-0.62889504072667579,-0.22957867645668456,0.12853209426898438,-0.20257342194894795,0.97079529740451609,-9.0690076501871069,5.8762953914054847,-1.5316714843323036,,0.1811025105776715,0.3181818181818182,False,5
-0.49850591407758066,-0.86114157579649575,-0.099634532489510291,0.85688341303971605,-0.47207875495151896,-0.20710496271415144,0.13131134789911422,-0.18861822700404943,0.97323198383261422,-7.9127612754310981,3.8274354281466074,-1.9195613914534126,0.35169321090728,0.3623870776858201,0.3055555555555556,True,2
-0.77329696330087505,0.63299146795738759,0.0365185985875177,-0.63058307292494098,-0.76178950305228199,-0.14846461255092094,-0.06615734796818136,-0.13783524415949752,0.98824321438465146,-10.396660226098909,-0.4685597383274171,-2.5540969600763286,0.1533029835869848,0.1500781508030016,0.6140350877192983,True,5
0.72818967422122582,0.68225150546558222,0.065365752864420437,-0.67736286252065447,0.73093672252796837,-0.083132786179083831,-0.10449569768852089,0.016260103013788357,0.99439240655516414,-8.13308570142447,-0.77713699442241357,-2.7404213255988803,0.5988774090736291,0.4529861154100346,0.5247524752475248,True,5
-0.55571198805102895,-0.83013293446611514,-0.045425735558703224,0.82145811362047416,-0.5398490293733722,-0.18376504850411463,0.12802637971709124,-0.13943577948039021,0.98192001176125887,-7.8262139081992173,5.3853979615776355,-1.6542624088147462,,0.4147209027000208,0.5416666666666666,False,7
0.32690793523500966,-0.9437603196542429,-0.049473840830320914,0.93620584353052128,0.33055009799713264,-0.11939535691722407,0.12903418314418896,-0.0072864092807885805,0.9916133761805076,-11.345815501222077,8.5915789323484937,-0.94529187708856821,,0.1600903850797473,0.2954545454545455,False,7
0.90695085101637241,0.42059264809127278,0.023280425516947145,-0.42111189231235374,0.90664084921483667,0.025829144161385403,-0.010243436619999373,-0.03322942832147141,0.99939525569198173,10.481178764315999,-10.999358725423679,-5.8127075561302899,,0.3175387040911471,0.5079365079365079,False,4
-0.91740759819127593,0.39601574997860367,0.039176836903953578,-0.39685486787794694,-0.90314653801891631,-0.16380642449557228,-0.029487499427590172,-0.16582477689817793,0.98571427439404435,-11.256745420489704,18.467368754773055,0.60935088266850934,,0.2880062051433617,0.9827586206896551,True,5
-0.91509534746604027,0.40123255236536537,0.040161473682910613,-0.40194611492933374,-0.89966451178089368,-0.17042032430218665,-0.032246329081362636,-0.17209359419926723,0.98455267461744067,13.230063240309633,7.7642554458861266,-2.4975039332321458,,0.2867003424867298,0.9134615384615384,True,5
-0.959710500851085,0.27937323860166907,0.03010561591092276,-0.28067456597668844,-0.94803224085939986,-0.14985545804175499,-0.013324510120777108,-0.15226773737178048,0.98824945918817553,22.291531688396901,-9.9020447569017627,-6.2614540507321275,0.1558992149998127,0.236428915458656,0.8048780487804879,True,5
-0.34291075787183595,0.93828053655652754,0.045186799565345478,-0.93156574329157915,-0.33348194162978456,-0.14482769256063316,-0.12082002342894732,-0.091757448340854614,0.98842455079414382,-12.777966346156044,-14.910328294453628,-4.9943490288856136,0.3162465169454955,0.1639659727059385,1.0,True,2
-0.73857934285726712,0.6714702181348966,0.060235375506439093,-0.66921744462318977,-0.71941868098071049,-0.18596981816408448,-0.081538739973924662,-0.1776640301632525,0.98070736015878623,5.7906667421383311,8.1144977543995616,-2.0053268638309056,,0.3096339321185657,0.5869565217391305,False,5
-0.79971511134390971,0.59882705001035619,0.043149795643702873,-0.59731844574378623,-0.78633146888125638,-0.15777672648801566,-0.060550929492670311,-0.15195060125889959,0.98653160097111625,17.295467510381933,-6.0683367831979815,-5.243433558626025,0.3801494380937925,0.3112047530691723,0.99,True,5
0.70799458269029425,0.70308019763567953,0.066497417797759611,-0.69754231151092561,0.71090400352954519,-0.089723026128518527,-0.11035576347971421,0.017138653921413845,0.99374436954811018,-11.885619087077592,-2.7748601748172819,-2.8753642579291592,,0.16933365321301,0.21875,False,1
-0.88083623397774369,-0.4732569560820421,0.012465248969209527,0.46447634330585202,-0.86898833132450926,-0.17064878121764598,0.091592878659471494,-0.1445238165210278,0.9852530695395304,2.7743553783692252,-18.014801037757902,-6.5381765147333573,0.6545479840280064,0.2540930015570836,0.9577464788732394,True,5
-0.72841027188363627,0.67524330594862259,0.11603858662523364,-0.68062750899557134,-0.69374911977748432,-0.23549597195376593,-0.078515411308165833,-0.25051673912044342,0.96492315424989616,-9.8469569829908465,-1.5221961730206521,-2.7289997987120267,,0.2138760014909949,0.2203389830508475,False,5
-0.91787374016429546,-0.38189298324860721,-0.10800715931032595,0.39028418597235992,-0.81918536726177704,-0.42025419479652937,0.072014243707057349,-0.4278937758482424,0.90095552903216825,-7.1217259903829442,-8.7752167854704268,-4.1948157293288251,,0.1248455456737032,0.2909090909090909,False,3
-0.95035151243267435,0.30388676503809336,0.066968924521831924,-0.31002590481472486,-0.90614004229768019,-0.28773974714760731,-0.026757076834722358,-0.2942160053080739,0.95536432896556267,-3.6676211315369915,-11.616614764094903,-4.897845711144055,,0.2462607482481799,0.2121212121212121,False,4
-0.79396198470640511,0.60582174781857778,0.05103309427332111,-0.60467919408755999,-0.77816246256159627,-0.16978296174142832,-0.06314617232014115,-0.16565986759054235,0.98415921943108331,-9.0573688337982361,-13.464940822475302,-4.90985095474747,0.2194099373714332,0.2747695657278469,0.9166666666666666,True,5
-0.99332305156955458,-0.11399831663127424,0.017711550631868037,0.10916787408795776,-0.97845721292204291,-0.17522516299876789,0.037305368081085408,-0.17212166129242631,0.98436905844620637,-13.386502226059768,-4.3404024396705578,-3.093801716801774,0.231291713296089,0.1920453544625395,0.6721311475409836,True,5
0.82668923542336181,-0.56184924547558202,-0.030171731697994593,0.55965665492534411,0.82662726862448344,-0.058921875090656675,0.058045987224875965,0.031824269433001151,0.99780653397446961,-8.5256423559603718,0.29544067381601313,-2.4895446378513264,,0.2385409658400609,0.4070796460176991,False,5
-0.38860265201385297,0.87573499341467098,0.28648944161487899,-0.91441547994485661,-0.32831319971273354,-0.23675889198001221,-0.11327978144848563,-0.35397551356469775,0.92836901440730457,5.9662013484186538,7.2519433857531181,-2.1519922168642855,,0.5504584752485971,0.3255813953488372,False,3
-0.93180228953138433,-0.36260657597508306,0.016154388991744126,0.35613089552966526,-0.92194543799026818,-0.15227407730198511,0.070109047014696654,-0.13613625684790434,0.98820627456929888,2.2520852650731462,-5.3113961682953725,-4.1452074803960768,0.274389296036884,0.2313344786341586,0.9455006337135615,True,5
-0.85300610128599141,-0.51972698176069754,-0.047586296334001785,0.51423042154126253,-0.8213933901103464,-0.24673867196798771,0.089149675996983854,-0.23493991383531773,0.96791299823728238,-6.9825145901085603,-8.4977475143142076,-4.1710308744906994,,0.09214524576167787,0.28,False,1
0.95103703257394101,-0.30773915332836566,-0.02872587999859387,0.30897257420070878,0.94418558495663674,0.11423453747392645,-0.0080318780332171054,-0.11751678462600583,0.99303841530246184,-8.4394368337340619,2.2054332848998346,-2.1435506348802358,,0.3471108322187708,0.2894736842105263,False,5
0.3721235097824942,0.9257900913303363,0.066609310623413839,-0.9190770427609799,0.37755032649495146,-0.11292980312250511,-0.12969765972017436,-0.019195253531122048,0.99136777197213066,-2.8969861771470531,-9.3762328310246055,-4.5739593830688534,,0.08871112133155326,0.1234567901234568,False,5
0.84325518760900864,0.52185469296543863,0.12879583844381692,-0.52899307160555864,0.8482068486683908,0.026673433700144966,-0.095325855694109937,-0.090624617527400073,0.99131234226867193,-8.1437679951369226,-12.709195246206653,-4.8902436219704235,,0.1113249660277696,0.4285714285714285,False,3
0.63700916602872948,-0.75101578469972829,-0.17376597344484163,0.76109472777824871,0.64851484965623163,-0.012779089306691638,0.12228711192736316,-0.12411196923426185,0.98470405774997072,-5.6011063138927399,-4.8708485848148229,-3.5972465334268899,,0.1966179069042457,0.226027397260274,False,6
-0.54606979287300106,0.81814274851005608,0.18013945812078574,-0.83188465565962955,-0.50419011240177769,-0.23186256755747256,-0.098872144660154801,-0.27646839533063317,0.95592338887256423,-13.574681831013768,-1.1707727204117884,-2.5292449359856093,,0.2475595737374042,0.3095238095238095,False,1
-0.97908977556583676,0.19903704293681987,0.042041252614612022,-0.20341128523144245,-0.95517216653391446,-0.21510458228359569,-0.002657145636188199,-0.21915836241830677,0.97568568287086899,9.8322090486659928,23.61997695483598,0.41415967151616301,,0.157637782831501,0.625,False,2
0.98819024330481509,0.14368888674535754,0.053231070466890566,-0.14714248297675295,0.98678075618364769,0.067917810102098575,-0.042768361444030151,-0.074948269169531734,0.99626985511350541,-5.6437408887358052,-3.7088243175710027,-3.3963509399019136,,0.09622555602399936,0.2105263157894737,False,5
-0.98789371504494272,0.15202772808083134,0.030880052935235901,-0.1551077461921353,-0.97150743194986788,-0.17920629658962683,0.0027558747972864159,-0.18182650951045054,0.9833267644040552,2.8331032102513518,13.242773206773627,-0.957422451693827,,0.3299653022434131,1.0,False,5
0.20926823985044823,0.9770888859332465,0.038782892821727567,-0.96829494377771164,0.21259184391988462,-0.13118540221099509,-0.13642472519456439,-0.010100340809583681,0.99059894885423594,-6.028622172223967,-3.0568543359917917,-3.2662749166131984,,0.07769458613579376,0.3297297297297297,False,5
-0.71763371055361014,-0.69639457113418379,0.006038109960294212,0.68728203549607514,-0.70958999290586244,-0.15532368026874918,0.11245115011162873,-0.10731562450404494,0.98784517793826265,-6.2561366409733408,11.132897468450228,-0.74162738829294783,0.3108155816717889,0.2804131151687203,0.888,True,5
-0.25149601655709936,-0.95199084546520751,-0.17453705568260219,0.95904735650402106,-0.22084327120732644,-0.17735957133771246,0.13029935394529443,-0.21199452755410397,0.96854550675151652,-5.9047803047496794,0.68664958343397542,-2.5772383842478312,,0.4345239995024142,0.2608695652173913,False,6
-0.65298934694491417,-0.7502549413829932,-0.10354919462195639,0.74895751167833624,-0.61935688445188097,-0.23549882246553569,0.11255024867608804,-0.23133216942842261,0.96634252152665323,-0.54439106103136081,-21.707343952042077,-6.9846940470608532,,0.3389792081192176,0.4181818181818182,False,2
0.99983528059936078,0.01803960785843553,-0.0019960503779992908,-0.018015782383459095,0.99977303159015962,0.011371758445095886,0.0022007394006293979,-0.011333924886624075,0.99993334722508131,-8.8426546244827335,-4.5351882003546011,-3.3255593081062891,,0.2870363281557617,0.3272727272727273,False,7
0.80147546060669506,0.58447895378502723,0.12657582165503556,-0.59389800152984495,0.80273909375857178,0.05380623691101491,-0.070158747310250499,-0.11829750603469236,0.99049656750633386,-8.2411160621877357,-13.209584360105762,-4.9205141281651619,,0.3458654179418498,0.4680851063829787,False,2
-0.71809876551242546,0.69089891763024536,0.083623253864505254,-0.69064103714799974,-0.69266535228819692,-0.20791745368439962,-0.08572701310944543,-0.2070589175979265,0.974565279427966,-2.0097357335569308,-21.459430971506695,-6.8628730323124101,,0.2017320991558592,0.2068965517241379,False,3
0.20005263025902836,-0.88620774816472137,-0.41786932433388363,0.97243276419554936,0.23173849349351039,-0.025918907236985339,0.11980594411566454,-0.40116467656832655,0.90813734535497581,-9.8666738268529723,-3.8739810698584747,-3.1427539414328796,,0.5662240177842428,0.2151898734177215,False,2
-0.987386527800444,0.15448492342032411,0.034673522376574561,-0.15826103122654422,-0.96939116947913684,-0.18770776896809793,0.0046141860921521463,-0.19082758965015159,0.98161272420187151,-4.2633822000197483,-5.7965414571919984,-3.8925906822935863,,0.08790201884008322,0.2164179104477612,False,5
-0.63237216115739348,0.77389706981349993,0.034478618406261798,-0.76962998242353453,-0.62257349167813147,-0.14167546581694407,-0.088176754010771519,-0.11612739897964047,0.98931253264999408,10.330273689680453,-0.95360439110321249,-3.8396866126421578,0.3117005188667749,0.2743095428271883,0.995260663507109,True,5
0.9262942832328025,0.37470242569344481,0.039711371541128221,-0.36994672349028762,0.92439018181929,-0.092963506468402526,-0.071542453333875572,0.071420472804011051,0.99487727556489192,7.2980704822258406,25.15850813823916,0.80885513006237764,,0.2378705018389128,0.6538461538461539,True,3
-0.81048289075794533,0.58449656261148319,0.03848703786997533,-0.58239081842550811,-0.79703736170310968,-0.15985111404995966,-0.062756819568164798,-0.1519710904899578,0.98639057642142036,-16.63107744769804,-4.1121536027954884,-2.9640599769159031,,0.07449146738798926,0.4193548387096774,False,2
-0.98972249109810773,-0.14262831406918985,0.010322530713742856,0.13814804609536599,-0.97228438629121727,-0.18862181616754509,0.03693924707662935,-0.18525721632392914,0.98199554776247333,18.837134495136947,18.145015634719055,-1.0435454710186167,,0.2627445922167299,0.35,True,4
0.99914688636406557,0.039691556482857521,0.011405253743838648,-0.040858648297015507,0.99024255274937045,0.13323009263582652,-0.0060058578349818648,-0.13358243547853985,0.99101950667143157,-3.5827577463183928,19.095944574699001,0.36740807025691669,,0.353729233642391,0.2432432432432433,False,3
-0.88741616019278802,0.43864669951019736,0.14170967376117721,-0.45709568402999518,-0.79757844872347072,-0.39361421947512643,-0.059632996485497802,-0.41407449950543074,0.90828751757881643,-2.0271935825490144,-1.7204079141329998,-3.2176700258170365,,0.5352993885362978,0.458955223880597,False,4
0.93018051389202672,-0.36703001011893305,0.0072926845305287813,0.36608835238213011,0.925952307191378,-0.092691116387181055,0.027267743318860265,0.088889237138477614,0.99566820462202021,-0.038766325620896783,12.227435142898425,-0.96661069117328358,,0.1680498414069674,0.4666666666666667,False,1
0.23722181322386032,0.94092483124439419,0.24163251701393892,-0.97104125634301908,0.23693161148531316,0.030696741826175045,-0.028367055020818384,-0.24191707965061127,0.96988217674249733,-7.582312635796602,4.6929765458114732,-1.8163505116794594,,0.3963548989588015,0.3388888888888889,False,2
0.70228269894523965,0.69973400178150924,0.13103945021643376,-0.70653634697051693,0.70763280328373857,0.007887086049734704,-0.087208951213438968,-0.098123098542764964,0.99134578042205823,-7.2309834606358443,1.4604688907941514,-2.369191530032615,,0.2516902436627474,0.3658536585365854,False,3
0.57848527827220342,0.79278913894614023,0.19193791702363125,-0.80198661749595945,0.59574952787708568,-0.043588592448260022,-0.14890348612346974,-0.12871628181107667,0.98043861134545829,14.357200461228995,-12.07560578875238,-6.21736799390911,0.3844685237518551,0.1939395549601518,0.2352941176470588,True,3
0.51338913969943745,-0.8581472399098643,0.0038608125766100947,0.85192052028587983,0.50911230993390055,-0.12262170684508511,0.10326189207304658,0.066241758044666865,0.99244597391326284,-15.844062947392779,0.76275208538632011,-2.1100249906696065,0.08472764705566369,0.09424515771361773,0.4838709677419355,True,3
-0.99543968325571852,0.092696458513175414,0.022521180672210348,-0.09531765532777399,-0.97592111911848856,-0.19619509127736182,0.0037923057064125493,-0.19744704565435206,0.98030621878053859,21.622406424911066,19.021456301550369,-1.0267990242861871,0.1542311082844482,0.2794616504660211,0.8857142857142857,True,2
0.018747108194096022,-0.99113630496874205,-0.13151946968896938,0.99101323068485958,0.035845474627378124,-0.12887155836838218,0.13244365799054408,-0.12792156550655115,0.98290119062723535,-15.160423494996998,14.598725296016394,0.18386879015520571,,0.2350324055326665,0.4166666666666667,False,3
-0.94035164987793851,0.33783558249022633,0.040073604471365348,-0.33976163167565249,-0.92658565915137914,-0.1612484105227133,-0.017343823480892313,-0.16524568211754451,0.98609992208121078,18.689792141267613,-17.466101754744592,-7.6426653783622349,0.2192684094944573,0.2950399096016232,0.9574468085106383,True,3
0.99810760414977773,0.060486481321597792,0.011072313024952898,-0.059709228156661687,0.99637473502782348,-0.060598642486194856,-0.014697571613237981,0.059822846601995959,0.99810080072761564,-15.314782155381906,23.446021301269564,1.6594621043132838,,0.2643575001746198,0.4482758620689655,False,2
0.468942242299629,-0.88072528539561035,-0.066454082281057147,0.87695386533183239,0.47324363254147783,-0.08362046602660167,0.1050956301020904,-0.019063995482798125,0.99427937352118356,-11.073670202044211,10.722789742447318,-0.58335157751747557,,0.3095293911783114,0.2444444444444444,False,2
0.2745782041078168,-0.95496734283550178,-0.11244636030849493,0.94890718119851036,0.28801652128165195,-0.12892495855618313,0.15550553462441127,-0.0713011752113345,0.98525842859356416,18.122592787575648,-7.1468220751835005,-5.4913305628616325,,0.4160461698026309,0.4310344827586207,False,2
-0.90573261356548396,-0.42378504056680022,-0.0073940594826738468,0.41772917512641822,-0.88956414364593084,-0.18487284978515262,0.071768857954129017,-0.17053408378173843,0.98273463218545554,25.536342550243596,12.864870609523493,-2.240652290933439,,0.1895941060896391,0.7083333333333334,False,2
-0.90125080714704242,-0.38754515910025628,-0.19379301399885693,0.42613611609240371,-0.71178276044851341,-0.55836664700712157,0.078453764590907804,-0.58581059361046994,0.80664177627696865,-4.1314564956224915,13.792003114954422,-0.46167369339955872,,0.1237876207608228,0.2222222222222222,False,1
-0.67884707236192476,-0.71295157280333898,-0.17568923468126357,0.72799393156719772,-0.62224635673798179,-0.28780949798024646,0.095872248054255621,-0.32327933179149093,0.94143453606157323,20.397938410379059,-7.6032041701014101,-5.7331836490037977,,0.2709749892612873,0.2727272727272727,False,2
0.34516081724741016,0.92333010689917128,0.16830188332477306,-0.92908485670679153,0.36153830287671651,-0.078047322767308566,-0.13291102014212675,-0.12942785344194327,0.9826408761486517,0.81579732870105959,16.493932017401942,-0.28336365127868407,,0.2581955324839966,0.425,False,1
-0.98730906275153674,-0.15880981067639208,0.00050856819736282144,0.14925048901828958,-0.9289642490593174,-0.33874727378602021,0.054268832090660427,-0.33437234933915821,0.94087726397279303,-3.3022465440426005,0.28428935937538091,-2.8559812102272288,,0.2028978733935255,0.1813186813186813,False,2
-0.95005801122912747,-0.30482865924250779,-0.066852552709457405,0.30581844288706622,-0.8667279029428957,-0.3940276922379195,0.062167960313057047,-0.39479390922939223,0.9166640136636155,-1.2212388163388694,13.892587104707635,-0.624117303449232,,0.2582508117057489,0.3928571428571428,False,2
-0.99003422406205932,0.13711372822213386,0.032125701842362284,-0.14081668031202668,-0.96110170889896451,-0.23760085794750815,-0.0017022725216874965,-0.23975681572067606,0.97083148464795122,17.105572132036823,3.1281941818623338,-3.5196785677380715,,0.09797816005000584,0.3571428571428572,False,2
