axis_00,axis_01,axis_02,axis_10,axis_11,axis_12,axis_20,axis_21,axis_22,location_x,location_y,location_z,dbh,dbh_approximation,score,reconstructed,number_clusters
-0.34229367245177855,0.92790502687220688,0.14774066097308614,-0.93079705054134532,-0.31340635025548119,-0.18813109876645023,-0.12826493091647345,-0.20191265617793383,0.97096827279379438,7.0721830107512673,-3.203941864402676,-3.4384227379857908,,0.5132490510719968,0.1038961038961039,False,9
0.33034831761407263,0.90918509303496409,0.25348068102432386,-0.92470014390971433,0.36558889177741083,-0.10618100612782794,-0.1892079091975413,-0.19931690548462719,0.96149526170705935,6.2794252198228522,6.4092430066601063,-2.0419017115694653,,0.429831693804252,0.2857142857142857,False,4
0.62219321411866357,-0.7826795290130496,0.016981141557581965,0.77690281546161866,0.61463876216990276,-0.13653280692222022,0.096424165189528843,0.098142482657416805,0.99048999665082005,-6.5905762738044089,-14.65959105944464,-4.788247559331678,,0.2332660153760342,0.9924812030075187,True,5
-0.72442534660651237,-0.68818140980832632,0.040177909207167462,0.66957715737914569,-0.71630725712942989,-0.1963933392449346,0.16393397301992535,-0.11537010261734951,0.97970168516337908,12.855999717641742,-8.8939995194069184,-4.421039647225335,0.2863714095911883,0.355695670919024,1.0,True,5
0.67687333983662634,0.71907485893599776,0.15739704274409508,-0.7156612605429522,0.6928965407669252,-0.08788255771939063,-0.17225400423933279,-0.053157605659062926,0.98361721568103511,-7.6406816061916301,-4.53860884424346,-3.4067578487284891,,0.1686879044250243,0.2916666666666667,False,5
0.56951052051360718,-0.82155436573320106,0.026574257638549714,0.81498075718307472,0.5601519472974591,-0.14844581961163092,0.10707068901256053,0.10619896460693222,0.9885634261243903,-16.029633606242701,4.3951722708593186,-2.0177785051146957,0.3059961096918493,0.2828145759024538,0.7972972972972973,True,5
0.67532186185680565,0.73408587290482707,0.071121825762662252,-0.71740283983796471,0.67620815641221554,-0.16755803351082582,-0.1710951439716516,0.062132603383001112,0.98329344109791006,11.200798025072132,7.0219793135963045,-2.1144803625121829,0.2800782059853152,0.2391313190112037,0.9861111111111112,True,5
-0.19881488820859153,0.97650278165565918,0.083156224333284068,-0.96761043320585738,-0.18211688227781089,-0.17482417092777858,-0.15557213689404814,-0.11522047825005832,0.98108182717551617,9.6324327625956947,-17.703552277918867,-5.463182949072678,0.3247498881738798,0.3464737604718131,0.9195402298850575,True,3
-0.1892738896086254,-0.98038868113748023,-0.054894704753121262,0.96480094110378167,-0.17528743801474092,-0.19604453096040106,0.1825774869957334,-0.090068573718799394,0.97905725740151806,-7.5570175479631292,-9.2316764545244041,-3.9677352146978015,0.4663077875376713,0.1702795005772689,0.1875,True,4
0.70334756217453509,-0.70896774686179143,0.051642431128421713,0.70647593893029226,0.68913295137831065,-0.16120646090396393,0.078701680386766351,0.1498683063036822,0.98556863600155464,-2.4346685106067394,15.003618099051033,-0.76413601276748699,0.1091369713015204,0.1619713998912455,0.675,True,5
0.98864546941906262,-0.13666552587648229,0.062471352106926954,0.1452383289323961,0.97571839148303285,-0.16394952982759628,-0.038548198480450421,0.17116119466359578,0.98448863976952217,7.6489791832989393,-8.7333804300036437,-4.2357081973989432,,0.1810339584720405,0.5227272727272727,False,1
0.029273338143137352,-0.99917244333791133,0.028240045115150561,0.98371424655471651,0.023785071235738444,-0.17815878174144884,0.17733965376994476,0.032995436964208369,0.98359643570943112,-3.3508444058231475,15.155505262934314,-0.74227681209954299,0.173365189200638,0.1802135412247756,0.8333333333333334,True,4
-0.64835376626164909,-0.76076946816455737,-0.029448430908162054,0.74542363898652186,-0.62645752711195668,-0.22780378654637148,0.15485797433270071,-0.16964899950600998,0.97326164249506075,7.0265580582462563,1.7415288238214299,-2.7968932205182262,,0.1601926922812735,0.5130434782608696,False,6
0.54531293626284905,-0.83680706154767981,0.048864540193569034,0.83045387559715911,0.53141049350676683,-0.16718028560973885,0.11393051413054164,0.13174531921413088,0.9847146839644052,12.720845303088312,2.7904653483413395,-2.741896734217578,0.1976572803771574,0.2038293451122576,0.945054945054945,True,5
-0.24626833196871228,-0.95546593536111424,-0.16259383455057402,0.9517348546950275,-0.20669699786866252,-0.2268856924328129,0.18317389286681396,-0.21062098052329303,0.96025315804501465,-8.3314859270580399,8.0487061932789974,-1.5665672346293857,,0.277713475189928,0.2142857142857143,False,5
0.83638711415201195,-0.53542348189653977,-0.11738096231611037,0.54633622014401773,0.83165195461694918,0.099356735758356407,0.044422177335398008,-0.14723016476114684,0.98810421957665429,-6.1185208687115953,-1.8788415231586453,-3.0762556161165828,,0.1574801429475141,0.3333333333333333,False,4
0.29034853840101688,-0.9379444930296652,-0.18962556326539207,0.94539047096389806,0.31183120399899394,-0.094858619129716437,0.14810328713115067,-0.15172813914321154,0.97726352031224706,3.8347370764871713,-22.720751768407169,-6.153335294218806,,0.3113444423925427,0.2307692307692308,False,1
-0.73142905612850595,-0.68082125985005959,0.038651623344175254,0.66140772789263658,-0.72208629310652672,-0.20280829073678133,0.16598600343059788,-0.12277539429320668,0.97845533838866883,-5.9323304657874347,-8.9042459641157912,-3.996522832001232,,0.07113549452087707,0.1621621621621622,False,3
-0.9977500523530568,-0.057070241890943799,0.035182673576370768,0.033545432847736929,-0.87932349658271014,-0.47504199003100156,0.058047712827727041,-0.47279295240947222,0.87925951071762876,-2.2988361733253071,-2.2929364288831895,-3.1552714871647005,,0.499598651114435,0.4722222222222222,False,3
0.96781274798550232,-0.24601030615236016,0.053079318981822998,0.25092260558581447,0.95948524171924721,-0.12816363341051334,-0.019399248510648209,0.13735719926447498,0.99033159546055205,5.3005794617190807,13.427041917107257,-1.12344513385968,0.3475438642020198,0.2628318137058626,0.975609756097561,True,5
-0.17203869748160946,-0.9022766139420495,-0.39534744023719492,0.96849816732512506,-0.081573019292442109,-0.23528098608130288,0.18003884707669801,-0.4233707057140183,0.8878869630119075,5.1144999654750531,-7.2083433600372473,-3.9978575670330558,,0.527871107429641,0.3316582914572864,False,2
-0.60768221962333335,0.77527215700825169,0.17226550009051009,-0.78498556653219009,-0.55343514359727131,-0.27840115331586879,-0.12049888086533124,-0.30440536197518286,0.9448901498645027,11.677582643677589,-6.5238156699086485,-4.0726432340007026,,0.1760925604832966,0.6428571428571429,False,5
0.99148096484098358,-0.1203763631677216,0.049749648727472694,0.12309376741335035,0.99082874501626128,-0.055734392196295945,-0.042584278577687998,0.061383460638964729,0.99720542015073521,-15.696353147085507,9.495278112271567,-1.2229999826132487,,0.148307916562428,0.2105263157894737,False,4
-0.99822407794409118,0.0046376457111268182,0.059390087177303916,-0.029220298315304361,-0.90690809343196299,-0.42031403049858668,0.051912083169858542,-0.42130298160570895,0.90543300873731436,-1.9852826933190946,-1.8099868258037284,-3.103168362888022,,0.4242188864139595,0.1372549019607843,False,3
0.18650839002261557,-0.98170123454350333,0.038435745692423605,0.96947457520536717,0.17756548495967139,-0.16908443624830924,0.15916553798339578,0.068798144210417689,0.98485184006106075,-4.2156316302586943,-1.050339931442055,-2.9588244516484954,,0.2641839286680062,0.9521044992743106,False,5
-0.60081345891531779,-0.79720381493547909,-0.059070001172595914,0.77640995131232426,-0.56435694577269468,-0.28051528525431524,0.19029129010389853,-0.21439989554669631,0.95803022379263147,3.9801602741428894,-9.4619188922357118,-4.2492635654236315,,0.2291265331772703,0.2714285714285714,False,7
0.81613683918872792,-0.57689987375957485,0.033274545454743829,0.57582630602790064,0.80709181018802278,-0.1304870691435904,0.048422360591941403,0.12565566275981344,0.99089148215689937,-1.1292919937002905,-0.55337135784118097,-2.9469696472705946,,0.1842333074053362,0.7330316742081447,False,4
0.82607652639346496,-0.56060650846933857,-0.057601347237072165,0.56171347503447078,0.82732338456241816,0.0037402300577802361,0.045558144237965371,-0.035445169177246522,0.99833265772266011,4.8218973264035352,-17.403172912763488,-5.3209065910502265,,0.2127975622488072,0.2058823529411765,False,1
0.54917754302962429,0.83167000880289144,0.082030620439835528,-0.81606949096855197,0.5548371233153806,-0.16182197780722501,-0.18009611917605028,0.021926309514195139,0.98340460890155168,0.23425610785207329,18.337215998181854,-0.3261356716895783,0.2329279935546544,0.1347540960011937,0.4571428571428571,True,5
0.96758522799224322,-0.24827237903731614,0.046256376623659515,0.25161021019295654,0.96343888574372227,-0.092075053969852161,-0.021705499253755995,0.10072903873286101,0.99467709939361681,2.2133775712511765,-21.568616103154046,-5.9578749875859316,0.3464733595104624,0.2666685048024469,0.9848484848484849,True,4
0.10806035486372538,-0.99373545343879288,0.028509792800420826,0.98000448504023729,0.10166002413544077,-0.17104516594689678,0.16707533931656582,0.04642292614192671,0.98485061959704112,8.4223792397605699,11.985523506460391,-1.3687783226986812,0.2188965602324922,0.2369206819366029,0.9047619047619048,True,5
0.86650302015825664,0.47750154199650213,0.1454812477523604,-0.47889134612232753,0.87743962533555742,-0.027618517341501975,-0.14083889613940476,-0.045738181882979123,0.98897544158198114,-9.0851745067996141,-21.874512682706396,-5.8244293722930083,,0.2785888977880124,0.46,False,1
0.72499281421422956,0.64839027667151417,0.23232621129689299,-0.67013859897609829,0.74195180510306524,0.020537211754635992,-0.15905872343283603,-0.17058009269003199,0.97242107879137241,-4.1459824935973693,-7.9816287849818863,-3.9080200907371094,,0.6778462748177125,0.3544668587896254,False,4
-0.61108437366677548,-0.78853710247852671,-0.069174607155045725,0.75035642289045579,-0.54922585342318353,-0.36785350420869412,0.25207365369535256,-0.27669513900021098,0.92730721617289813,2.9252169697087962,-4.8321590859865911,-3.6269976935808041,,0.5084070832712139,0.1873111782477341,False,3
0.89126039588599149,-0.45341978192835847,0.0080875262710697268,0.45290811848385892,0.88906689224583235,-0.066590519773822951,0.023003107106566372,0.063012399322490364,0.99774761066868323,-1.083864287285162,0.34906186513725573,-2.7983811709554858,,0.1551224109234459,0.2337164750957854,False,4
0.23692963733097686,-0.97133820509893887,0.019142577396569563,0.96228265274762603,0.23191803725631613,-0.14221856494905921,0.1337028166315265,0.052116363172710269,0.9896501611753753,12.035122286510282,13.485564670471382,-1.2348986736715526,,0.2304110647608629,0.8947368421052632,True,4
-0.96217826289945985,-0.27030815852119755,0.033859855886538039,0.25102093502962253,-0.92800889590280322,-0.27529616652273647,0.10583704729740005,-0.25638445460311987,0.96076299411313115,-3.1123463693038769,-0.11456282918543575,-2.8551089503700235,,0.3948944875717687,0.5205047318611987,False,2
-0.50265043180522495,-0.82311758199062424,-0.26423472448550095,0.8535410626989991,-0.4240419141628084,-0.30274760002319523,0.13715027412544301,-0.37771139941898635,0.91570950691595754,-6.3859966091920946,-1.1818851480903243,-2.9784374277439167,,0.6147309136435182,0.228956228956229,False,4
0.6938648368390804,-0.71387074659695682,-0.094552341860908176,0.7128830957664325,0.69950839828494005,-0.04985671970062848,0.10173141092477668,-0.032810941497361926,0.99427066845467837,-3.4997655801509984,-15.526717986115431,-5.0193379984155921,,0.3350399503938986,0.2394366197183098,False,5
0.57651771936343221,-0.81600777585849105,0.041936010760031714,0.81023119383430531,0.5642951096848603,-0.15841856495874299,0.10560649505510016,0.12530897383759099,0.98648108409535484,1.3486115003289096,1.7386661015172584,-2.6712759135710535,,0.2891290590023922,0.9638055842812823,False,5
0.9832210532812965,0.14151491512496769,0.11510816296680121,-0.13687183878892745,0.98945755407529212,-0.04732703698604937,-0.12059212300542818,0.030777873229224824,0.99222490514425721,6.5952252899979529,-12.343779805862839,-4.6855720661872144,,0.2143286016095934,0.4418604651162791,False,2
0.41943585828699081,-0.90770816491911355,0.01180881544573233,0.89806624079678754,0.41301188052910437,-0.15132155723141177,0.13247863195316428,0.074074785730293066,0.98841405200190735,-17.821092216597453,2.7586287814173716,-2.2629324876297758,0.2959819430745537,0.2539543410181834,0.9821428571428571,True,5
0.8967409514421627,-0.44255516800714095,0.00076764365104452573,0.4421848890318294,0.8959169620004187,-0.042489070498751821,0.018116012765299658,0.038441129927596927,0.99909663677312821,-3.6651365097998325,-6.6680620040382967,-3.7719735713289304,,0.256139606942633,0.3425925925925926,False,5
0.4637306272991138,-0.88539996932269216,0.031949955057033998,0.87712628314524266,0.45371548350227486,-0.15745394071317598,0.12491352497060483,0.10104036002347233,0.98700934996875533,3.2967999679262321,-15.438319638129174,-4.9835127820794218,0.2959707595452852,0.250790854523687,0.9705882352941176,True,5
0.48548905463986108,-0.87381542720138061,0.027330880149796968,0.86702094225755977,0.47723326241367192,-0.14325885289508872,0.11213859064437705,0.093247050521032965,0.9893078004632434,-16.777853673771052,-6.3971808911435648,-3.5428440371780749,0.2482997632082123,0.2248033189154779,0.8918918918918919,True,3
0.19382837776839051,-0.98025955944358012,0.039009692271976093,0.96819421432206176,0.1847273172391915,-0.16874768626235567,0.15821037679293157,0.07047704864061298,0.98488703021714552,-1.111398758608829,-7.5864702744802628,-3.9105220253928694,,0.2032363436086089,0.9606986899563319,True,5
0.92345045882177035,0.37532327267798427,0.079822873214072915,-0.36507989096570098,0.92342105466769675,-0.11836481322112327,-0.1181351908380153,0.080162315227836692,0.98975657608473577,7.4711235515322416,-5.1302672778512912,-3.7758164386131643,,0.09462773834545138,0.1808510638297872,False,5
0.71926778324496832,-0.69411308136456296,0.029340863389813166,0.69029248860754477,0.70926549373286818,-0.14296411987583621,0.078422803812865038,0.1230832631939088,0.98929286571958386,12.973026353996042,-5.2174211554825032,-3.9222192070801523,,0.1950000368685182,0.8658536585365854,True,5
0.78806571711673967,-0.61384608375194272,0.046318581235618744,0.61367137453552945,0.77744346742916526,-0.13780093986395456,0.048578488870606631,0.1370205839066459,0.98937631364659662,-1.6133097902840292,-15.713504718916708,-5.0885917113851864,,0.3643587390657153,0.8373983739837398,True,5
0.8304254442284873,-0.55460636510534111,0.052965662108214295,0.55514015821444451,0.81568470333014131,-0.16272021844522519,0.047042388497630122,0.16453037573001944,0.98524959738463103,15.052225576080543,6.8207912422328789,-2.2340344668687937,,0.2172022010994272,0.9634146341463414,True,5
-0.62980131570444498,-0.77656280837264202,0.017335148956571456,0.75748704692530999,-0.61896479609749366,-0.2075956524890693,0.17194090984208654,-0.11761286428101486,0.97806111142315244,5.8764354319915322,20.936261090762216,-0.040167795856040883,0.2289255391696939,0.2389176216213486,0.8936170212765957,True,5
0.68574070771723761,-0.72629311015862008,0.047518416593792211,0.72304831164299166,0.67228365364491605,-0.15885788640184711,0.083431533664926449,0.14329343033775693,0.98615727549532217,9.0219555295170331,3.9141513728570789,-2.5064270057903673,0.2270276433925282,0.2001507882680466,0.9343434343434344,True,5
0.65516226988762327,0.74009426398065881,0.15173292503153102,-0.73604006163817781,0.67056791535002369,-0.092648251828036321,-0.17031567097412043,-0.050981872523972724,0.98406982521291897,6.3087011876966166,-11.375054546444836,-4.5718189320611344,,0.1213766548148837,0.2,False,3
-0.39980540152969651,-0.91659958251016282,0.00091991840595773838,0.89882811715687017,-0.39225006452376304,-0.19557071020308553,0.17962086937745775,-0.077363377791427559,0.98068917148135526,-12.27907561815959,-10.386483970300228,-4.0377862114953063,0.3069548060879481,0.1846943274148376,1.0,True,4
0.52834997908777792,-0.84898197502529726,0.0087123865897687051,0.84095382974162636,0.52188696481416319,-0.14293583245621669,0.11680306434694186,0.082846858957991806,0.98969361022488078,7.3986528736961903,-11.794694995777093,-4.6402573121869706,0.1470447477455019,0.1514460550819172,0.8333333333333334,True,3
0.11312575488797998,-0.99277523942893409,-0.03999859444841114,0.98175676724499894,0.11788103539485949,-0.1491901855447785,0.15282739790258226,-0.022391638418384999,0.98799919077864984,-1.7553150991865862,-14.286827869319836,-4.8044584236951797,0.4393030067388858,0.267714512163385,0.5871559633027523,True,4
0.37482385455414047,-0.92682361361246213,-0.022473702576904443,0.91430447897587674,0.37355654087957019,-0.1565337998348667,0.15347442061082561,0.038124795296875555,0.98741688369287273,-1.324156671541191,3.8145844966100313,-2.3874917958608104,,0.144217295305175,0.28125,False,5
0.31383592634028018,-0.94840372043058052,0.045137505597587141,0.93756317880916917,0.30204014188394634,-0.17247329773611872,0.14994097865288347,0.096447580395568194,0.98397945464143544,19.270966525463734,15.433757047085255,-1.1627363968748423,0.08304861569939864,0.2289275760948797,0.8214285714285714,True,4
-0.089322857744917744,-0.94023904565488514,-0.32859087648666013,0.97834357513386294,-0.020978106608972806,-0.2059217522200931,0.18672245734932916,-0.33986829223846809,0.92175065383884291,2.7916660519249183,13.168472358116038,-1.0792851351172974,,0.3113891080248004,0.3333333333333333,False,5
-0.43307112144107462,0.86320672709575297,0.25946782087651632,-0.89037190088994056,-0.36487362216403196,-0.27222255225188946,-0.14031137473278338,-0.34891458287887167,0.92659124320007402,0.78666549402352037,-20.25231841593893,-5.7402259507195117,,0.1828924003150847,0.5833333333333334,False,2
0.55711524264033152,-0.82791422444299867,-0.064657894976205194,0.82332741843346202,0.56083521345014087,-0.087154032666465389,0.10841848769235324,-0.0046797776960396768,0.99409432711751244,5.0549676004601807,-5.8378108937328896,-3.8245372472771715,,0.3697305596050822,0.5165394402035624,False,6
0.87006792762934038,-0.49172896884203887,-0.034415440028129726,0.49289830145862429,0.86870014976768206,0.049105134281551971,0.0057502808616395583,-0.059688114354126701,0.99820051255990672,4.4581145277727305,-8.612771674760614,-4.1355942685279032,,0.4010387883585189,0.4142011834319527,False,5
-0.020412672666177117,-0.99628656506670599,-0.083644504076529291,0.98432852753962985,-0.0053693130173447616,-0.17626264592756646,0.17515899253617664,-0.085931663229026317,0.98078288962869131,2.3503038955828459,2.6044091976461563,-2.5552848024656343,,0.2734015121659495,0.1076923076923077,False,1
0.88430295192894248,-0.463183526803645,0.058900846407299118,0.46625909726122661,0.86933189877065065,-0.1639039474843787,0.024713223806398146,0.17240380006703182,0.98471629736261712,7.1346238189644753,6.920908604660001,-2.0296893609553517,,0.2448726823651212,0.9635416666666666,False,5
0.78527860760615853,-0.6071872657684233,-0.12108316449778959,0.61577034180471335,0.78630429908253485,0.050521632970735919,0.064532120605472754,-0.11423297918284908,0.99135585531996084,-5.9128680512584681,-5.6820589420367735,-3.5914473366545479,,0.3869945869882999,0.2481751824817518,False,2
-0.23590899305089735,0.9243190993715209,0.29996858091262157,-0.959474977585271,-0.17259085357805024,-0.22275584088625727,-0.15412564480142529,-0.34036245356710604,0.92757678162852053,8.0605677846988009,1.2540476548376644,-2.8701226556317052,,0.4169719675681625,0.5384615384615384,False,1
-0.99462101310743545,-0.0066731802229518314,0.10336589839425632,-0.024918835972768311,-0.95319908138476761,-0.30131472393661485,0.10053900685257429,-0.30226971385328721,0.94790554813660133,6.4960819189169294,-5.0582978199338271,-3.7403742346142965,,0.4207430797586842,0.2758620689655172,False,5
-0.99313142921238995,-0.10781249587126192,0.045458003085980525,0.076161481703715533,-0.89061173392527571,-0.44834157525184848,0.088822255179940593,-0.44179996053488202,0.89270566361826464,3.0209732778816969,-22.707749969900355,-6.1284986705775095,,0.4266607513174537,0.3529411764705883,False,3
0.81988347260169758,0.56711818354301291,0.078536980139637447,-0.5530168628069847,0.81996109130971173,-0.14777062695037346,-0.14820067748057436,0.077722420401445516,0.98589846564503714,14.682592642502607,12.829320067089196,-1.4049177631186742,0.2918958388826742,0.2451509012167528,0.7068965517241379,True,4
0.67292469698000124,-0.73784078557050992,-0.052567360054187572,0.73489133717763566,0.67494904109200593,-0.066170344341315704,0.084303468111579627,0.0058963613928220485,0.99642268048588933,8.836649773851434,-7.6991422007036157,-4.1708822474195468,,0.3206161449972309,0.2444444444444444,False,5
0.74446217407789794,-0.66688401307092637,0.032276686286349887,0.66500740360820876,0.73632361155759729,-0.12487070196425973,0.05950818862543239,0.11442574960730814,0.99164788272517712,9.670491733518837,-1.273891413881723,-3.322526067784568,0.2202480224935438,0.2086284120553551,0.5,True,5
0.60183961375656714,-0.79833277850835471,0.021303851118468879,0.79487403147351432,0.59622608776029029,-0.11264868558089189,0.077229226348515007,0.084730319444637783,0.99340647247962932,3.2445441381872837,-0.73187338698116189,-3.044825397017513,,0.2370923994894942,0.3642105263157895,False,5
0.015340081148199279,-0.99897483363288264,0.042590652478219804,0.98496883117798673,0.007768132995858496,-0.17255740412288484,0.17204965422294985,0.044597509772547665,0.98407823805013084,2.4858085040995999,-10.463336534839691,-4.3758241105167821,0.3576078185858202,0.3233298228262922,1.0,True,5
-0.17791817245090638,-0.98398607993298481,0.010794369358519296,0.96698417868999753,-0.1768567307810405,-0.1834755976708479,0.18244649099108978,-0.022205658638310786,0.98296499767259149,-11.458681210055955,-1.8913223364530583,-2.9839809951490603,0.2853028098678411,0.2264243420231849,0.788135593220339,True,5
-0.7276635352525479,0.65181378123747635,0.21364590811121995,-0.67912708201386296,-0.64083405830656193,-0.35793591072939029,-0.096395985077699795,-0.40554963235496305,0.90897596764581967,1.7830231269201833,2.8140819395350207,-2.5193641943458323,,0.3877792185732383,0.2334630350194553,False,3
0.84716454203640157,0.52392210213333934,0.088418717545756906,-0.5219711172310656,0.85173423837985851,-0.045770513958600906,-0.099289432936272681,-0.0073768602849878934,0.99503125098638412,6.1117330238740832,-18.5006273920899,-5.5165899036107309,,0.2055111729155026,0.3684210526315789,False,2
-0.28994612220706323,-0.95636876349609257,0.035917049239048045,0.93955148025008284,-0.29158867410436901,-0.17949668825338475,0.18213803056188863,-0.018298451929316333,0.98310269274375672,-7.7002465542752745,-5.3734135105312895,-3.5026037377109378,0.195672311159094,0.1854176882631504,0.7787610619469026,True,5
0.39046072876618482,-0.92037786556430312,0.021095114853414275,0.91094247900368142,0.38294131549792471,-0.15342668878440688,0.13313233731144464,0.079123532934378668,0.98793483960126383,8.672202668444946,-2.1460000628302325,-3.3745905598577113,,0.09275846357608523,0.3809523809523809,False,3
0.8154680626806623,0.53480037843209616,0.22136032611272927,-0.55942311425709845,0.82638122552065763,0.064341661012636331,-0.14851807291618202,-0.17630265266258041,0.97306719021936017,-4.2501897404722246,-8.4938512069344974,-3.984526183415773,,0.4000815834963279,0.6748768472906403,False,5
0.92289329811374432,-0.38125578372022084,0.053962836069048843,0.38496912566057051,0.91060672040845225,-0.15031358233738706,0.0081690014610589848,0.15949742357430946,0.9871645451941059,-6.362555182038129,11.317552883159868,-1.1593685794675408,0.2455919976292368,0.2032594306824831,0.9605263157894737,True,5
0.56500700376320212,-0.82456034597941819,-0.029450323204194381,0.81830334968245155,0.56457255142146723,-0.10787706929618732,0.1055779976936887,0.03685200157057103,0.99372793881586841,-13.807006715026791,11.008108906755588,-1.101903580930476,,0.1654036392432538,0.4333333333333333,False,5
0.9975823549085453,-0.029590697008389986,0.062879534235543821,0.037902306020962763,0.99006567598993456,-0.13540078443231759,-0.058248264982010897,0.13745671273950688,0.98879360422154516,-9.5088290584528306,10.131851314349477,-1.2433925776152905,0.4081829944481208,0.2391830151718164,0.2424242424242424,True,6
0.42693140925796741,-0.90427387966683181,-0.0042804604078855377,0.89464977046428806,0.42306727435199859,-0.14358227460438383,0.13164862322563031,0.057470269919917737,0.98962912653080748,3.6013976004614192,-4.4053863597560934,-3.5604866228848655,,0.091933001518176,0.2052980132450331,False,5
0.83260102472296005,0.52972949630878252,0.1617473164250991,-0.53300715521040221,0.84570936342109893,-0.026058494131374732,-0.15059517297972,-0.064516148074138968,0.98648809446079211,8.7410972436506498,-17.481135646418991,-5.3906691884659121,,0.2743855934980626,0.2727272727272727,False,2
0.71978422058448499,-0.69321695803197525,0.036890715559356815,0.68990678838043351,0.70842467219392724,-0.14887278855964098,0.077066848541914978,0.13260743917225187,0.98816798568461817,-8.8567581174373924,3.2259987457182917,-2.3223242594547702,0.3461765803206169,0.2735734025186901,0.9948453608247423,True,5
0.6640471016987225,-0.74664681368149433,0.039496611814158505,0.74265813283312887,0.6525379197995973,-0.15050967065416429,0.086604529109839692,0.12927799055866493,0.98781924292593959,2.0097810564495795,7.7126380644956152,-1.8416691865731789,,0.222480041297091,0.8527918781725888,False,5
0.97738027272001016,-0.20986748299179692,0.02614272519168799,0.20858174446522848,0.9769768952933704,0.044830814611942743,-0.034949368715363367,-0.038363858586123373,0.9986524700719378,-7.6568077741508711,-18.563309528296063,-5.3999111173100935,,0.3565834157051362,0.3783783783783784,False,2
-0.42401470512639072,0.88253837962682469,0.20331635035638221,-0.89128213504626552,-0.36679691775836976,-0.26660115691858982,-0.16070994239296721,-0.29425504177264133,0.94211797817865184,-6.0523879406455885,-5.1133229344886235,-3.5046602345189299,,0.2882696296146798,0.2794117647058824,False,5
0.9446214505597238,-0.32379317763095805,0.053369403801161244,0.32814328341427501,0.93373051822410491,-0.14307097849334974,-0.003507234315437615,0.15266072663456226,0.9882724330117002,-5.2055735627796977,7.8673366400317857,-1.6400546688425219,0.3530847276765112,0.3302722971679432,0.9864864864864865,True,5
-0.054369475038424091,0.96656071825795353,0.25060793703455231,-0.9853263864404932,-0.011267831977428075,-0.17030839129839515,-0.1617895928920183,-0.2561901908410944,0.95299040590587136,4.5931812818909714,-7.2173040750967568,-4.0002997890140977,0.7165345082951424,0.4893876574917778,0.2789855072463768,True,4
0.62377089349664872,-0.7807908436268407,0.035714575944265074,0.77554894157074838,0.61261133092407605,-0.15241783508475693,0.097127296136998817,0.12277221074786658,0.98767062961961005,3.0513882303773756,4.2033006811533715,-2.3080039173405016,,0.1150242254768031,0.5507246376811594,False,5
0.23018525457573621,-0.97244192021664166,0.037033233470418966,0.96080021280141104,0.22105750029254251,-0.16732164428183249,0.15452410704051009,0.074096513884147258,0.98520658086187662,3.8367556790784163,-1.3473166482991072,-3.1679933730898786,0.3585977830686938,0.295727904676531,0.9889434889434889,True,5
-0.13155676222404511,-0.99049124156642887,0.040248213541993871,0.9744435545442075,-0.13666936267733507,-0.17827294890875253,0.18207849219602426,0.015766600317346686,0.98315758502594952,-16.813245852933967,3.2278482991833726,-2.2455479788464703,0.2299963268282906,0.214968575213943,0.9848484848484849,True,5
0.057613934697508584,-0.99827201457745063,0.011559387533552526,0.98258095078567909,0.054651645835051506,-0.17761720851491974,0.17667854901425811,0.021591260245750497,0.98403176158049788,-10.118443624756605,12.410268682868365,-0.95393332764221894,,0.1869194635333598,0.3191489361702128,False,5
-0.99749111093580989,-0.058835245855317318,0.039368736951924652,0.026068174815027878,-0.82231707588030079,-0.56843212169746882,0.065817428283537621,-0.56597971744649755,0.82178770103556864,-1.9312853222892494,-3.1575985466435057,-3.2706148888817248,,0.5680502052337048,0.1442080378250591,False,3
-0.3081966856180377,-0.94937002714197605,-0.060920887538694256,0.93149666068408399,-0.28814866144951906,-0.22200072080795838,0.19320655814039805,-0.12516748966603236,0.97314147246032356,5.5669467484685349,-7.2890807395217028,-4.0291926218689857,0.4976162470028466,0.3000932710734714,0.4391304347826087,True,3
0.99978139673564614,-0.020597089039409305,0.0035942543628077368,0.020075843309115222,0.99370810970954171,0.11018690127650396,-0.0058411691252496997,-0.11009065637279489,0.99390438580512253,9.5031871347199637,-3.3268416162744403,-3.5260943831011926,,0.3604497415667929,0.2461538461538462,False,2
0.94136108381773997,-0.33337874201442275,0.051941546438011639,0.33739874977318929,0.92959503790872799,-0.14837502871763997,0.0011804765901592788,0.15719949067459693,0.98756616315397749,5.3360019547203965,-9.4880429451452333,-4.2682243963070219,,0.07290144042808552,0.1379310344827586,False,4
-0.86344727555945433,0.4865598722356454,0.13311007872805419,-0.503495894690561,-0.81515702045027127,-0.2863754808645253,-0.03083320221300331,-0.31429050692101557,0.94882600665275996,5.7587760036050941,-8.1057233931699262,-4.1494015215173414,,0.251599075300965,0.3090909090909091,False,2
-0.14948989537291968,-0.98779422147424967,-0.043764679862579974,0.97103531906224672,-0.13832175841419561,-0.19482684692538044,0.18639522610591261,-0.071621694836728339,0.9798607822102281,-13.523667001086801,15.884507301931226,-0.47909628671558557,,0.2179066568090583,0.3181818181818182,False,2
-0.81464622479805537,-0.57989058913557745,0.0088562438014160583,0.56089097627191686,-0.79165472352979083,-0.2422480370399468,0.1474884441541543,-0.19237906160745372,0.97017393053824263,3.6498096008909551,19.273883651510577,-0.23392789742189499,,0.1027852680684923,0.3636363636363636,False,3
-0.5113565837170283,-0.82669510828745985,-0.23471182804203911,0.84127627293738261,-0.42581015148997803,-0.33307648893410241,0.17541002503231432,-0.36777834740733156,0.91321980393358482,6.1578574241653516,12.826104826434754,-1.1900245783881642,,0.324149042698278,0.1956521739130435,False,2
-0.99445145842077598,0.067437373706441262,0.080737212438680053,-0.098770031212775125,-0.86270029650366509,-0.49597649071978689,0.036204665155449137,-0.5011989615313116,0.86457435954399886,9.6295758509413645,1.661861345850131,-2.8731853408019039,,0.2140725589526523,0.2857142857142857,False,4
0.77038920447308423,-0.63596206177907277,0.045307059152425652,0.63454346494615943,0.75786891586975103,-0.15162221952119098,0.062089167537120238,0.14555741937847427,0.98739960144737149,-14.140321069519292,6.1028757139556014,-1.8213193047833731,0.3574568737055711,0.2953178837257214,0.9230769230769231,True,4
0.38137984125388907,-0.92435285740990936,0.01100961776329611,0.91395697709097445,0.37525042017133148,-0.15449843425732993,0.13867970547951736,0.068984905300904134,0.98793168899916295,-14.61785043106566,1.4480479611921706,-2.5017722458585765,0.2643492500911879,0.2318730809764987,0.7971014492753623,True,4
-0.97351891407876234,-0.22453473697684284,0.042954345783032408,0.20578913762812295,-0.94257123068796811,-0.26307851663266535,0.099557796104482815,-0.24727237405361344,0.96381773083125455,-13.385116183417098,-4.1140548390464362,-3.2292981658841007,,0.2898471056265081,0.4545454545454545,False,1
0.70603948142247785,-0.70765564882652998,0.027050570355966544,0.70334749647525707,0.69626595556397131,-0.14323413812558755,0.082526055731923925,0.12015490754228215,0.98931908316722494,-17.546175353188143,1.0521624024428833,-2.5300945852167374,0.2976051760279265,0.2545765677189845,0.9866666666666667,True,4
0.94149433260835658,0.31038150775215739,0.13134588425924101,-0.31155335142290569,0.95015213663125808,-0.012059289871710205,-0.12854155313944154,-0.029567497367075091,0.99126325071392973,-10.853738858346777,-4.8155462960603126,-3.3668773800365028,,0.152292095687409,0.1666666666666667,False,4
-0.77871486359529907,-0.62597094770598138,0.041994450155109081,0.6071620757740025,-0.76878738694517712,-0.20079882324309212,0.15797903328467006,-0.13086759072467716,0.97873198514218329,3.0473812158282443,27.03966026859251,1.0455141993511425,0.4316120874432224,0.3273274439941171,0.9607843137254902,True,2
0.39486342644292666,-0.91819977329022395,-0.031496837738621428,0.90878908361614952,0.3953891323111563,-0.13330354665330607,0.13485279365986719,0.024012712883230619,0.99057463810765767,19.773489047963569,-9.2391617393313261,-4.7724712344169173,,0.2563083024886676,0.7450980392156863,False,1
-0.80917428414794057,-0.58688178053483508,0.028403407364795064,0.56736851525819121,-0.79300836040375478,-0.22187994101194686,0.15274143435029156,-0.16342434337029199,0.97466021680717274,3.9469882513249157,-2.4365762902386403,-3.301014260598921,,0.1883514638151393,0.1822916666666667,False,1
0.38790087270827084,-0.89368932084860531,-0.22550456925153825,0.91345328648980562,0.40540373922466361,-0.035368087644576648,0.12302847781361628,-0.19226857783793166,0.97359991147444391,6.1494823239258496,-1.0896297255427212,-3.2054330694536151,,0.6583851875143494,0.3179723502304148,False,5
-0.44248204570603678,-0.85846972334432226,-0.2593055597724897,0.8777514782145811,-0.35534826563918676,-0.32137198477673834,0.18374433792614953,-0.3698071716561826,0.91075829618606041,-6.1797997563018328,-18.727246611776238,-5.4186655133209607,,0.5422652947742961,0.2,False,1
0.18167188754600783,-0.97986499866087573,-0.082824571684936746,0.97317365786579801,0.19124252397479446,-0.12790359127035242,0.14116783242500366,-0.057366204537799892,0.98832219527103293,-8.4586534122920884,11.493096710654335,-1.0752132004871839,,0.3548677404236938,0.25,False,2
0.63082392430558831,-0.77555669468603072,0.023937206423787445,0.76929074577026502,0.62110595839651983,-0.14973021377320164,0.10125672815139529,0.11286807242093798,0.9884370861274151,17.413412883105664,1.907803693958777,-3.1019156460131736,,0.2266607435433376,0.875,True,3
0.6080887375427162,0.78599978960326689,0.11150075343837075,-0.77407100306376797,0.61821779055381065,-0.13645821946154518,-0.17618788122216578,-0.003330793656707607,0.98435092133042612,19.295398028351183,3.9353046130539191,-2.8283606530128851,,0.1448925377776866,0.4761904761904762,False,1
-0.78996906652874677,-0.59716853680481463,-0.13906334016590077,0.59278937446296898,-0.68588139165666318,-0.42209889137845491,0.15668322006999433,-0.41588033763273224,0.89582024609794475,-8.5298528422413806,5.6527039860555641,-1.9928112459118095,,0.5433117846237036,0.5206611570247934,False,2
0.00038746593017221744,0.87424979735525465,0.48547620095577176,-0.98695902568378613,0.078482029333818815,-0.14054341924457758,-0.16097121323846833,-0.47909066250130716,0.86287913731448729,-1.2937532533963652,12.129841942734021,-1.1604206317081434,,0.2607504785689606,0.3076923076923077,False,4
0.34736144255978574,-0.93764760766447508,0.012529647396166195,0.92704556347905664,0.34136109060588538,-0.15511005465204147,0.1411614375691301,0.065494806370033076,0.98781773565874442,-12.726191415761434,18.033456189957342,-0.17022076508014336,0.3209631165143598,0.2857953245513579,1.0,True,1
0.99058158301109711,-0.12334213541913056,0.059454562730519876,0.11836321488481118,0.98965797809439071,0.081038483180855991,-0.068835141907026498,-0.07323799576975551,0.99493613825926941,9.9643712716558799,0.37790684481898262,-3.0734273965639671,,0.5430791764692396,0.3631578947368421,False,2
-0.55110315695212531,-0.77739873855503783,-0.30321034232103339,0.81459022502190359,-0.4224401577680299,-0.39747588405296713,0.18090902602182937,-0.46604239549418575,0.86606951794060683,-4.7116538759487652,-6.6037770073628632,-3.7496888211175645,,0.4954640800689862,0.1171548117154812,False,2
0.79326804436971632,0.5186380914082076,0.31896761578927918,-0.58868816610696073,0.7870737880785349,0.18428536351356925,-0.15547364042650144,-0.33396015070687179,0.92967659154803606,-4.5496829485688606,-6.9394136370411736,-3.7702219486760065,,0.6670450170804917,0.2525951557093425,False,1
0.6077156955571188,-0.79337189458076285,-0.035251528518059808,0.7878743600057091,0.6078869255152084,-0.098627980985432948,0.099677611423643397,0.032163996595567276,0.994499799448888,-17.992956912494382,9.8362249514229187,-1.1917967397308689,,0.241160904480379,0.2352941176470588,False,1
-0.10453837126373734,-0.95212984492052521,-0.28726379400324947,0.97818123763262921,-0.046294098222818374,-0.20252980722163699,0.1795360556462752,-0.30216818972445192,0.93619505971865979,6.0751910933756355,-3.1863407008469804,-3.4390235144968098,,0.2466999657079039,0.375,False,1
-0.94360651575316212,-0.32515052186864818,-0.06232079553987703,0.32322027492389988,-0.86402111746410137,-0.38600021043284982,0.071661686460032764,-0.38437565831440396,0.9203911972574883,-3.0004044500581242,16.503727990474125,-0.55121355372492253,,0.1639303736135966,0.1111111111111111,False,2
-0.51010761740109178,-0.85788379059974385,-0.061851600590419595,0.84400244800867108,-0.48540635823907685,-0.22812394687197562,0.1656806760752515,-0.16857066532256532,0.97166550024581788,-6.3252196040372306,3.4073556178899036,-2.3680300632107412,,0.1619656541699485,0.196078431372549,False,2
-0.20861082803714781,-0.97746283233727038,0.032371806017850724,0.96068605920331429,-0.21100617317004786,-0.18044026861135493,0.18320430693098258,-0.0065426510936769829,0.98305308892175558,25.704139462835137,13.462644310084892,-1.7069951489064588,,0.2810223923589671,0.9166666666666666,False,1
0.81594588496847653,0.55979180749313817,0.14444876277274207,-0.55792131709155413,0.82793273307053628,-0.057019237500850653,-0.15151276097357555,-0.034066431775554393,0.98786808911324098,-17.357977693953522,8.472527084410741,-1.3675527048895357,,0.1623641131944681,0.125,False,1
-0.89103288050297325,-0.44777696534384842,-0.074539889790824598,0.43357720592218746,-0.79088473334184062,-0.43187051887286149,0.13442920950181669,-0.41712962958085315,0.89885018760550794,2.4271599263675436,-4.2032868878418057,-3.5383132786411018,,0.3872743506708666,0.1674008810572687,False,1
-0.89245011069000091,-0.44849755134546632,0.048813383067815797,0.42905206504354881,-0.87720639978539516,-0.21546057100409682,0.13945295052909751,-0.17134432763492893,0.97529174915820049,10.421268953799673,17.525651266489358,-0.62022763126286018,,0.1907032083466142,0.5882352941176471,True,2
0.2619443289123165,-0.96476908692658192,0.024612546831362232,0.95314647615434767,0.25462168225571757,-0.1633388928572076,0.15131742644264787,0.066245058956258748,0.98626296119171786,-19.557243454400925,10.241478641567767,-1.1193095969508906,,0.09850012588859494,0.3225806451612903,False,1
