axis_00,axis_01,axis_02,axis_10,axis_11,axis_12,axis_20,axis_21,axis_22,location_x,location_y,location_z,dbh,dbh_approximation,score,reconstructed,number_clusters
-0.227490437148303,0.9735324302400401,0.021970623045202999,-0.95899898259569072,-0.22006402318858573,-0.17858548955187348,-0.16902382194975551,-0.061696296233842575,0.98367907095989482,11.825587672646824,-6.4006334846543043,-5.4713884529190535,0.2705366622974528,0.3252414270559719,1.0,True,3
0.37408704326696673,0.92592536030298334,0.052164271370045305,-0.91288108338313489,0.37756199780328731,-0.15522585292412713,-0.16342280030953754,0.010448203796800892,0.9865007974535086,-0.90706013934258045,12.514023823054595,-1.2345471349697013,,0.1323364173595574,0.4594594594594595,True,5
-0.71448266122503723,-0.68365538784573066,-0.148761007923083,0.68832229284497981,-0.64872878005926415,-0.32459727524341309,0.12540712890987479,-0.33431464310185649,0.9340807092678125,-5.2717222316392398,16.39110642264027,-0.38705073687195296,,0.3259697876017918,0.2068965517241379,False,5
-0.37495850097006461,0.92666700083542308,0.026351320895988076,-0.91291640700195675,-0.36415294817634314,-0.18432651507885228,-0.16121338770995056,-0.09317134697512354,0.98251175246198541,-9.4179102480905073,-12.170326187172934,-5.2843384473404793,0.3276918389380666,0.2600040803716704,0.9907407407407407,True,5
-0.23332966210087952,0.97120521750643884,0.04814243733090845,-0.95736995042121198,-0.22077158762477253,-0.1862865645400221,-0.17029400111094864,-0.089556303998705164,0.98131525087492455,13.988873673165102,15.042200939827127,-1.4175017677182293,0.2008243859211005,0.2181751389464642,0.8181818181818182,True,5
0.41795995763576882,0.90785673673587852,0.033250855273022614,-0.89408428502923132,0.41755470279666701,-0.16205357582032834,-0.16100548151188554,0.038002838521198429,0.98622158726498022,-5.8236029658519133,10.281394702315096,-1.4643418465942442,,0.2783519413053126,0.9477611940298507,False,5
-0.17652101469253562,0.98257295602857708,0.058229867363602104,-0.96895379635053835,-0.16306040659005197,-0.18584898261913585,-0.17311519837899408,-0.089228302034455809,0.98085138436271313,-5.261590521933428,-18.041667660000666,-6.5433356435200105,0.156575750123857,0.1076622775039784,0.4666666666666667,True,4
-0.34005106372986399,0.93968352894379747,0.036880068979308608,-0.92609511969444602,-0.32780239887087842,-0.18679779595227311,-0.16344143701741465,-0.097675241111696814,0.98170588464134911,0.91015072580719092,18.63050685846606,-0.19468315796764782,,0.0769251204089586,0.375,False,1
-0.34333370071736463,0.9336824673050822,0.10177927195068276,-0.92747174010648714,-0.31996308418702185,-0.19344197078548298,-0.14804776680369747,-0.16081254616671148,0.9758182124452357,-6.7680045028725386,-5.7822611637345531,-4.2948217739150349,,0.1773311679892047,0.5307692307692308,True,6
-0.75737263186502723,0.63843573604999393,0.13706388085904725,-0.64251603309220451,-0.69119780080621851,-0.33078504709267464,-0.11644674199520472,-0.33859328270795375,0.93369949404706909,14.515305943008066,-12.342437575702645,-6.7866100049621991,,0.2286959286707375,0.3636363636363636,False,2
0.96462589670418608,0.26356081704545803,0.0057074623060412513,-0.25905877024519569,0.95171517639363334,-0.16470208432524991,-0.048840894409206886,0.1573973276150688,0.98632684658430703,5.8107392666404447,12.510233859254134,-1.4872793289708592,0.1852359590583138,0.1950740478932362,0.898876404494382,True,5
0.25700634108716192,0.92137935194270826,0.2915610235518869,-0.9483188858005015,0.2985459305384881,-0.10752496544060478,-0.1861156400603787,-0.24885822705416585,0.95048963768805594,10.597310434771154,2.4180918756290133,-3.6402961908918421,,0.4028520215260851,0.3381294964028777,False,11
-0.66761974003451618,0.74417095544039935,0.022214225063434456,-0.73326886712079153,-0.65208975399194469,-0.19260249544104352,-0.12884351449582981,-0.14487422758257937,0.98102538547925189,2.6315954699223947,11.915949107508091,-1.45873649758631,0.2625061375739745,0.2282202077730671,0.9642857142857143,True,5
-0.92637018930729054,0.37336477121987471,0.0493661825008282,-0.37124205186062753,-0.8832165807812179,-0.28654460449194535,-0.063384629785821628,-0.28377318239231974,0.95679421489777461,-5.7669529138082343,-6.2421511848932738,-4.4025271656542309,,0.4430861646723534,0.176056338028169,False,1
-0.70286259869873313,0.71105515277156495,0.019614715584778033,-0.70106163809526045,-0.6877898417201419,-0.18830218590811471,-0.12040243744067392,-0.14610168836666648,0.98191524568811717,-14.246635019347151,-15.765537332605058,-5.7257501480710342,0.327608162234247,0.2806398924277295,0.9493670886075949,True,4
0.15230445287168251,0.98797264453480316,0.026709685253952821,-0.9727576440013872,0.1546284209697994,-0.17272121313046018,-0.17477391015917917,0.00032415936551424829,0.98460853908971235,2.4787036632773214,-3.392713554793291,-4.2645818709830339,,0.1368219201715067,0.7485714285714286,False,5
0.74457864178521682,-0.66386531437547469,-0.069896284353541505,0.65497421257790878,0.74676916373416169,-0.11551881644877721,0.12888532521286977,0.040232579645483844,0.99084303120112815,-16.402377993045512,-4.1056077280309493,-3.6694918031048318,,0.1473956736629275,0.3157894736842105,False,3
0.79741527147505209,-0.59792046294624457,-0.081363411976857231,0.5933446133748782,0.80147605209270767,-0.074688069334411439,0.1098683512089967,0.01128086486197797,0.99388212957602806,-6.9395511118811868,-3.7014405857495296,-3.9279325554156928,,0.1686453273076528,0.3678756476683938,False,5
-0.47162692168426895,0.88084547644796807,0.040979182077891231,-0.86848425849497479,-0.45595903473612609,-0.19451594122059723,-0.15265365861667068,-0.12732872913703638,0.9800429864282959,11.359996476252553,13.137588856858992,-1.552468308671153,0.1453948303693512,0.1409056666560149,0.4,True,5
-0.1698445894917735,0.98265898470718371,0.074391768325653668,-0.97084988091690516,-0.15389200750989271,-0.18376005754299807,-0.16912517300509045,-0.10343389095853406,0.98015208312647906,-15.941895977204799,7.101258703212924,-1.7309583317875594,,0.1706813421124818,0.2857142857142857,True,5
-0.086941689399285441,0.99535097137512596,0.041443774285064197,-0.98087158608634661,-0.078255802831712004,-0.178232883979414,-0.17416105837084592,-0.056146888656072584,0.98311517770879198,8.3357223098442361,0.19994608436730887,-3.8463346783224042,0.3030182524803154,0.2829277447782713,0.9314285714285714,True,5
0.43480334030733697,0.89902912585752437,0.051891098633934492,-0.88663914013405409,0.43746762177444054,-0.149977048515296,-0.15753441033604842,0.019201842590483222,0.98732679432961945,11.989406325220884,15.78054162810689,-1.1547808447768348,0.2450049189326528,0.2211025840806607,0.9107142857142857,True,5
-0.54522694699807295,0.83733193860912203,0.040034995344711229,-0.82368513177746194,-0.52624209169029179,-0.21121568270886654,-0.15578953737625242,-0.1481367122576874,0.97661923722890964,3.0845096023747769,-1.8519834630422531,-3.9592627658658528,,0.131970817237111,0.2959641255605381,False,5
-0.49596815770968056,0.86776906284375366,0.031503017464012087,-0.8552879442329786,-0.48192445558674735,-0.19034534813633289,-0.14999372982824988,-0.12134938268771535,0.98121160222121273,4.3096518182749772,16.679117231414104,-0.67190625673316084,0.1351690374563194,0.1499682497636348,0.8723404255319149,True,5
-0.030451135987086601,0.99919429568120732,0.026143599507928869,-0.98424444853768001,-0.025417321135938215,-0.17497664218126494,-0.17417116248062936,-0.031059930206096917,0.98422542483708375,-8.7229610933977426,-16.578207935877622,-6.0726880887936678,0.2545154979902285,0.2526069711368741,1.0,True,5
-0.790216002598921,0.61262288465752945,0.015870426285063095,-0.60369226585370661,-0.7737192055864236,-0.19213078632830086,-0.10542446293436614,-0.1614056755526313,0.9812409951252542,-7.3457920942997834,14.028212859547246,-0.76437573264814362,,0.1952871277245175,0.896551724137931,True,5
0.55531986061760263,0.83014626401467184,0.04976979752950883,-0.81943900294271521,0.55640639914781853,-0.13759229427408676,-0.14191396287855049,0.035624420414100515,0.98923775090231192,-7.0739174293585636,-20.675859925055008,-6.8869577435295666,0.1724592260981994,0.1801053400913745,0.5333333333333333,True,3
-0.91633027784095922,-0.40037324186138284,-0.0063315964272556632,0.39382911987555791,-0.89826963119431824,-0.19496228869211474,0.07237020277679454,-0.18114341521410807,0.98079030219237762,-12.229718203545845,-19.564340074066362,-6.4029469640868895,,0.1069121923444732,0.625,False,1
0.99995241568074589,-0.0083872395031527915,0.0049820264710806056,0.0090032128568055345,0.99007304193339218,-0.14026515531312644,-0.0037561326516573276,0.14030333513597312,0.99010144208420725,-10.497311905895568,17.782924787771602,0.0025243655256262788,,0.1230012084417902,0.3333333333333333,False,3
-0.91853621591631462,0.39484487540231011,0.019716602614823674,-0.389599600353355,-0.89561391812782576,-0.21468083533522486,-0.067107163959169158,-0.20487370261763219,0.97648522493742762,12.543279462725554,-19.874322323270043,-7.9742555210074073,0.2546096552622108,0.2356219116317342,0.875,True,2
-0.20589351276427492,0.97771418080338734,0.041022457965703238,-0.96354638344693644,-0.19523486775277812,-0.18292543114582005,-0.17083977390501398,-0.077190200605489728,0.98227055569357635,-3.0859855813070363,-13.261001311071656,-5.8403526353035788,0.3495666902921485,0.281480794166711,0.9914529914529915,True,5
0.079580459880546364,0.99602695720781576,0.039965621733414926,-0.9813698869955948,0.085316750331643335,-0.17214585969781437,-0.17487165380201647,-0.025521611002946025,0.98426040866650732,3.0881440252851031,13.000441779102109,-1.2763978500603572,0.1292786980186681,0.1653103758548667,0.8333333333333334,True,5
-0.3447656536904446,0.93798073525054682,0.036452494211567113,-0.92406505269492434,-0.33231061975682546,-0.18887411253202924,-0.16504672799945935,-0.098801782856780831,0.98132450559485884,3.9364493691432667,-15.012824501775953,-6.4979237936278631,0.2875211614579783,0.24898526724673,1.0,True,5
0.40756692727049715,0.91247235883228262,0.035824491096663538,-0.89892592258494541,0.40780166866487377,-0.16009367488738813,-0.16069034040691293,0.033045323439090293,0.98645153003009522,-0.85863534814905718,-6.6163231797409034,-4.7310777776397606,,0.3308407617124529,0.9988109393579072,True,5
-0.14356124572404039,0.94501020032809524,0.29384671174272731,-0.96537971158411107,-0.068382701330942985,-0.25172568128909795,-0.21778930457655429,-0.3198117062187294,0.9221107804258255,12.329692749343165,1.4245796843200402,-4.0603229093096429,,0.2283584312759954,0.1666666666666667,False,8
-0.93442522590734078,0.35603697998712186,0.0093362770772994763,-0.35092762042404207,-0.91590617178890799,-0.1948478629662288,-0.060821890890810769,-0.18534711586813724,0.98078904165362135,1.3398584032722805,-17.190282025799902,-6.7868468087389902,0.2352195035040991,0.2391959437771673,1.0,True,5
0.38412742905470237,0.91890796742884961,0.089745560578806671,-0.90697275186416892,0.39374428350196566,-0.14955222026255549,-0.17276152819352103,-0.023949668166874757,0.98467246725544988,4.6963794481077388,-19.4555293925551,-7.3532510602985184,,0.3197148797521943,0.4,False,2
-0.8276414136360758,0.53969074338701695,0.15408955816942008,-0.55300188956567087,-0.73721844310045981,-0.38819824483030813,-0.095909335162306542,-0.40650076095242832,0.90860251528037339,-15.936399299428169,-7.3843752626210142,-4.2627343483222679,,0.2536845169675535,0.2592592592592592,False,1
0.32894033336537742,0.94363877670088425,0.03666219022278875,-0.92989180317999198,0.33042732353648474,-0.16161379346818516,-0.16461923175660928,0.019069424925071209,0.98617283757406826,2.290067323812107,14.811647865422017,-0.95741378632748186,0.2862661821288081,0.2488582975864905,0.918918918918919,True,5
-0.11000539135083857,-0.99357830552202653,-0.026475737378333634,0.98104882557122464,-0.10426634629109534,-0.16331482136176606,0.15950553507345464,-0.043939501898439731,0.98621868997390583,5.7325443045499869,-27.765430077096674,-8.8445268952197562,,0.2245044103336977,0.4705882352941176,True,2
-0.17351188009394322,0.98243806106502674,0.068622763257210603,-0.97006928214002852,-0.15847604871048337,-0.18398622185762145,-0.16988000269188389,-0.098492629957284694,0.98053046180600745,1.6584687752642884,15.806386797556895,-0.74887027365976522,,0.1008844420269383,0.3703703703703703,False,5
-0.74165038408078232,-0.67058102230550121,-0.016607236872401024,0.66044424932411161,-0.72566079942124995,-0.19295024674257963,0.11733755292973323,-0.15406977869465657,0.98106799049069005,-18.803887007204676,-16.230718353218816,-5.6732682628857711,,0.2248159388538707,1.0,False,2
-0.27195839450244996,0.9591540432167488,0.077859829441198763,-0.94499574187097235,-0.25091129001860746,-0.20982509951606984,-0.18171868232347518,-0.13064090447544019,0.97463391823415335,9.0351714658460356,13.96715819161091,-1.3147305740861093,0.2499693523144466,0.1898647620364758,0.8545454545454545,True,6
-0.54038212827445919,0.84071814779856491,0.034353331770217883,-0.82885296696822341,-0.52483768374913276,-0.19377348854994894,-0.14487896531083297,-0.13318559110877692,0.9804446357298644,16.866793243436749,-10.741610471194324,-6.6643920428239785,0.2726874756623082,0.249099225689901,1.0,True,3
-0.4149371305450319,0.90836127366614738,0.052028590204515404,-0.88835764394835515,-0.39211693060983199,-0.23888283564888302,-0.196590625752049,-0.14534135417264579,0.96965355495335492,2.113562155130623,-17.02505140498883,-6.8003034203783432,,0.1296064566364071,0.2692307692307692,False,2
0.98605920266207769,0.16610309515228563,0.0098493972536060903,-0.16344874244260174,0.97799150048781713,-0.12968089129675747,-0.031173024225453334,0.12626316467766865,0.99150686119977016,-1.8812495942024967,13.287235964795761,-1.0525549507487255,0.1645753140055825,0.1895794119929008,0.8543689320388349,True,5
-0.35043457602996508,0.93605313267141688,0.031625001798044047,-0.9218411924219333,-0.33875228670825441,-0.18829685128551038,-0.16554281584172575,-0.095138956615869921,0.9816028499638928,-8.4594861914660697,13.481913132323813,-0.80988078409887332,,0.2246510431125325,0.7538461538461538,True,5
-0.97671503656856717,0.21073559549535062,0.040227430095409959,-0.21309481600296956,-0.93119290570195656,-0.2957539040537025,-0.024866377571364659,-0.29743954202756251,0.95441677589243523,-4.4130202171254105,15.164246230016433,-0.65013522007877145,,0.204905235681391,0.3,False,5
0.013788110912728649,0.99923060993774826,0.036716156673794964,-0.98451111881523479,0.019985121777780696,-0.17417936685125179,-0.17477913183968496,-0.03374586005665943,0.98402920281991801,-3.0225303006440263,12.969645244569744,-1.0870290433919128,0.2072068657089262,0.1890951847992612,0.7380952380952381,True,5
-0.79451371526920112,0.60565006307317626,0.043999515322191665,-0.59826848812894784,-0.76829656540170299,-0.22758559643318671,-0.10403255433292657,-0.20714340127410238,0.97276350617586516,-16.640169819349968,16.400054106385731,-0.068460827892161652,,0.1602808595438704,0.3636363636363636,False,1
-0.99987837098909027,-0.014883143261625683,0.0046621105580904043,0.013507115360889407,-0.97579985200732433,-0.21824803929728784,0.0077975036280568781,-0.21815852233900193,0.9758821947694466,-15.503221769870775,13.296601545043792,-0.65397087416218069,,0.2485032600017489,0.9607843137254902,True,5
-0.9628053475086259,0.26464540634103428,0.054485518363890546,-0.26656198164806194,-0.89738218514489398,-0.35163891099312744,-0.044165288956954693,-0.35308359164249364,0.93454877056480268,3.3897398661981071,-4.1069264119214512,-4.4736587164030732,,0.1445245115297562,0.2577319587628866,False,5
0.64278037799578069,-0.76288719782907988,-0.069545014573976577,0.75456060088096799,0.64618948447486346,-0.11435667777730359,0.13218050257792499,0.021030300582821505,0.99100254348596006,11.756713482213819,-5.4008361679805867,-5.2720711667481845,,0.1379142415214175,0.1333333333333333,False,1
0.97139511600933826,0.23629541734513898,0.023579744165083613,-0.23539929590654052,0.97125113700265364,-0.03547393913505173,-0.031284182583362248,0.028908556047284709,0.9990923857718822,1.7692225345061032,-16.521102079839785,-6.6413752485396174,0.1547146276532915,0.1746806667056236,0.2631578947368421,True,4
-0.30357172154042489,0.95193198693356584,0.040861988861227119,-0.93841498162379322,-0.29128457778292571,-0.18582415615263298,-0.16498949101381608,-0.094756461513371679,0.98173299876110198,-4.6807434941998283,12.912860511945103,-1.0714540713534624,,0.2315935820195195,0.8823529411764706,True,5
-0.0032413739832929641,0.99904880300145926,0.043485431078145086,-0.98431435560241587,0.004483107737371708,-0.17636652488501425,-0.17639371544842991,-0.043375003935063716,0.98336354731296183,-1.4871531091487988,-0.61086814429898595,-3.5735690516262557,,0.2586117246669106,0.8311345646437994,False,4
0.28324084522666865,0.90726257176695135,0.31088462404258771,-0.94459317470372606,0.31997762734473567,-0.073198717898409746,-0.16588658142966209,-0.27292662726390798,0.94762476657795802,-6.7079827388141737,-17.948062806607624,-6.4181374694113469,,0.4592845315229877,0.2244897959183673,False,3
-0.8069759198305364,0.59008435513621016,0.024296473759427055,-0.58136568397233679,-0.78646651658597244,-0.20852903823809157,-0.10394135997299928,-0.1824030485288263,0.97771433536302099,1.4594935943037377,17.78281312907809,-0.36707049149705007,,0.1641555391613787,0.6486486486486487,True,5
0.67765403039485128,0.73520478466980221,0.016091603035272295,-0.72378491781009324,0.67067927436538033,-0.16224889425621616,-0.13007846801162704,0.098301757539515672,0.98661864802181376,4.7700620162487191,11.721572313479381,-1.5531928602432605,0.1351083290182526,0.171180048515774,0.9534883720930233,True,5
-0.58017427258071408,0.8142249166540082,0.020870997465705372,-0.80228053677169964,-0.56686733680026791,-0.18710254617798683,-0.14051246831777445,-0.1252964786765598,0.98211864796393178,3.2985274572434702,-8.3342325614178154,-5.2799049782281342,,0.2708065897090614,0.9882629107981221,True,5
-0.21167320901305073,0.97668925922179239,0.035672727774926333,-0.96243269676476162,-0.20195479349558468,-0.18148709480914715,-0.17005221781625171,-0.072748555346085569,0.982746096868785,4.3739184564047182,0.81783080922194396,-3.5443235396755068,0.3135800891164423,0.2687207445836884,0.9619565217391305,True,5
-0.3612131279405858,0.93201314959118897,0.029606843676589084,-0.91816001411377646,-0.34994184281145196,-0.18580337761277413,-0.16281051773754646,-0.09429843921739739,0.98214079422208855,16.539469586120411,3.8872761765776351,-3.7790050417518279,,0.2021151538929945,0.8809523809523809,True,5
-0.52199930849638687,0.85259165219331834,0.024580409670343764,-0.84007849720884309,-0.50892415901256993,-0.18778796260857766,-0.14759688498280016,-0.118674660242263,0.98190197298903414,-13.698020387909333,-8.5212321745333881,-4.5149820562320402,,0.2961286237819164,1.0,True,5
0.93445902117442003,0.35536710380811665,0.022373182088733949,-0.35042873124612878,0.928976302545796,-0.11917522236425589,-0.063135109590249816,0.10352415582545277,0.99262112968526617,-13.469152655783926,-3.0982001491846458,-3.5663650390913713,,0.1050929842254024,0.1875,False,5
-0.38441875355440464,0.92302848362216283,0.01551258643322366,-0.90905608778782343,-0.37556670872641462,-0.18046239650493814,-0.16074592116621475,-0.083474940662325872,0.98345954828342896,12.674976424607097,-15.071409402614307,-7.1918942047959149,0.3818586899488868,0.3534557201876832,1.0,True,5
0.55492735279907524,0.83146812165171047,0.026765571026731959,-0.81948292317240656,0.55190012612892225,-0.15444736775901216,-0.14318998479020278,0.063773140551928897,0.98763840285801241,0.50009776061952382,-22.327798958498764,-7.6385731268352419,0.3278095187514205,0.2749220409564668,0.8181818181818182,True,3
0.95772692280040139,-0.28754755510309798,-0.0086916567756248272,0.28368651124184935,0.949020565464333,-0.1374115339598026,0.047760911661132929,0.12913701978901601,0.99047590855977341,12.670588730262274,26.530614099773285,0.66587003023333569,,0.1484900755146331,0.3809523809523809,False,1
0.34931201239903992,0.93671845243801433,0.023230558664475327,-0.92242655979051102,0.34812752991877571,-0.16714204948394809,-0.16465223893641892,0.036956241350854201,0.98565910762212383,18.345538565624171,-17.535112576423241,-7.9805379116941095,0.3152094782634589,0.3054204869041748,1.0,True,1
0.56348309184151757,0.82485322618025891,0.045868948851503749,-0.81385800358595306,0.56379162756321943,-0.14062059126849907,-0.14185187770280044,0.041906514405685109,0.98900044936418274,13.067284002942156,14.34778537796905,-1.5059389396214742,0.1794203013494542,0.2167454179455197,0.74,True,5
-0.98738659317478583,0.15826578854540219,0.0044334856256469449,-0.15636014104231644,-0.97033174459234017,-0.18441207045530769,-0.024884169906140445,-0.18277922642491001,0.98283901656150907,21.565815102903862,-12.584298246724217,-7.606230446588337,0.3502213841266599,0.2870346294651606,0.94,True,2
0.50387460991157706,0.86348846218790454,0.022317104534956469,-0.85157832702666192,0.50091971016978309,-0.1545761847824326,-0.14465382962413526,0.058882252264910694,0.98772878359562011,-9.2950362911060207,10.767099733158741,-1.3056530865941764,,0.1519534489750353,0.967741935483871,True,5
-0.88518713461584264,0.46176592651032899,0.056709486196317944,-0.45472086641827658,-0.83296221113534374,-0.31528223620167684,-0.0983497348974815,-0.3048707659559628,0.94730203510338706,-13.358651555457628,-4.2363343217975107,-3.762511720446152,,0.3057178917559751,0.4852941176470588,False,6
-0.80493997185407307,0.59308238030432814,0.018025867083615567,-0.58251199653762675,-0.78408249383006234,-0.2142298222913385,-0.11292216612034972,-0.18294243094969193,0.97661694197720406,-18.559229435987973,-8.0612852088946809,-4.2964405741642873,,0.2853708700941151,0.7796610169491526,True,4
-0.49312062516770355,0.86648144792947301,0.077729977667920863,-0.85819846890466511,-0.46986466115814801,-0.20669443186604239,-0.1425743209834803,-0.16863303528306975,0.97531300740188909,-18.118821547050416,7.3278702088441516,-1.6620996081298043,,0.2159637001612962,0.3,True,3
-0.60904073162867312,0.79295409000746486,0.0171230358769601,-0.78130450209635627,-0.59609787072008646,-0.18501514404757252,-0.13650150995932334,-0.12606006371334427,0.98258648378420732,-18.86410541222952,6.2305907368868567,-1.8261436728608642,,0.2369024946302714,1.0,True,2
0.39868170252096513,0.90639477788648226,0.13964743712327676,-0.91252891282552384,0.40723986927398742,-0.038035143369956281,-0.091344859365222672,-0.11226840826261125,0.98947052567205218,-12.239087755482043,13.616650931258633,-0.67345390060924504,,0.2064841561460108,0.4166666666666667,False,3
-0.38747928327483433,0.92069835320689664,0.04662989850866267,-0.9079658443279176,-0.37238868262897762,-0.19215799380651624,-0.15955510197643677,-0.11679559688602208,0.9802555574855597,-12.58575965926053,-4.8351120210476743,-3.8967124814812193,0.3876696799391987,0.3336695831072916,0.9784172661870504,True,5
-0.22553887078565502,0.97411345711666919,0.015335919566232679,-0.9593488713281535,-0.21932413352494004,-0.17761381572088367,-0.16965247079288093,-0.054771316560264217,0.98398076304169946,9.8008324257475792,-4.143928615368317,-4.8897591613949656,,0.2104826760711653,0.9655172413793104,True,1
-0.99768927268802154,-0.067938353473656288,-0.00070376880724563884,0.06682118208940141,-0.97930435715306485,-0.19104425059445432,0.01229002796663177,-0.19064982609042716,0.98158117291656954,-16.929161458353395,-12.98792041084573,-5.180114535623785,0.3657726775453912,0.2805853262703178,1.0,True,5
0.23690085705596325,-0.90644086548383385,-0.34963258044276235,0.95640468049723915,0.28084951563678728,-0.080085183957786826,0.1707866243273185,-0.31541798767270174,0.93345777730081581,5.3043390310354894,-2.0675932088335167,-4.1471520181878692,,0.5705075280924968,0.4357682619647355,False,4
-0.69604400005597877,0.71708686078992889,0.036182648721700274,-0.70736349148640598,-0.67622065169488244,-0.20582157596692827,-0.1231244934943253,-0.16885515776485432,0.97792039287355681,4.5834245853497935,-0.59496613658669362,-3.8073728566462139,,0.121573716687112,0.5291479820627802,False,5
-0.092079057163971259,0.99395585195414016,0.059776346475138631,-0.98132530237246163,-0.080399715296560439,-0.17474706493624156,-0.16888486656711754,-0.07475058626093678,0.98279715694453207,6.5089498894301681,14.876156044297355,-1.0626348434603621,,0.1112045213159634,0.2682926829268293,True,5
-0.2689487720122169,-0.96233388882604487,-0.039749772956100882,0.95083925080238807,-0.2587050751108067,-0.17022456710317857,0.1535294016358863,-0.083577332625855094,0.98460324613748529,-6.0793304141631817,13.540573516185811,-0.90244089768120539,,0.2243514674911107,0.7543859649122807,True,4
0.93256645913074632,-0.35706246985185736,-0.053161940593176325,0.35586886356229236,0.93402940128998313,-0.030764093888122818,0.060639518890105749,0.0097708827219528151,0.99811190685193674,5.872491157608847,-3.2888794301198807,-4.4057482621492294,,0.0833980549885388,0.3333333333333333,False,1
-0.54429051265598827,0.83737826887609335,0.050452677300183144,-0.8249590851953208,-0.52336117060415899,-0.21339070471213581,-0.1522837666541603,-0.15776793057500502,0.97566333050684018,-15.154226038484431,11.839191365343416,-0.93471901981811145,,0.1560180045864419,0.5454545454545454,False,4
-0.728947495072228,-0.68447242073612424,-0.01153493301037388,0.67373482211860425,-0.71432249056357877,-0.18927432192418134,0.12131339123417864,-0.14574252888802075,0.98185649479981907,-12.300271125452328,18.232612449709169,0.10252926990692456,,0.1552474207652327,0.44,False,3
0.96069039381911081,-0.27750197206921473,0.0081622742772623977,0.27675870699941224,0.95497229991875876,-0.10692298390845857,0.021876593054997159,0.10497886399448129,0.99423380187495791,-21.330263871199854,12.194716252078718,-0.70879017016633006,,0.2134898538601453,0.6129032258064516,False,3
-0.81163430990670504,0.58358959772163133,0.025940863774597533,-0.57536160905244016,-0.79093253259933272,-0.20829005666280273,-0.1010384372942041,-0.18398073352150485,0.9777230302504053,6.6967190684735094,18.160255443465804,-0.52449590847775507,0.2354215421991291,0.1964214772071563,0.7,True,3
-0.96990201924840347,-0.24341634972307374,-0.0062091662374629958,0.23928484955361976,-0.94809817212368819,-0.20941016400792017,0.045086958557567343,-0.20459310033140585,0.97780817621086202,14.927031185658448,21.309450432555597,-0.35112663921138321,,0.2382703721440396,0.9714285714285714,False,1
-0.5367596253881054,0.83319448775069282,0.13295130738387656,-0.83100143495334933,-0.49478132552926868,-0.25422048503803679,-0.14603328270875596,-0.24693801952992434,0.95796445385616669,25.195135778915194,4.8272465949982388,-4.3188130810372485,,0.08851751584177528,0.3571428571428572,False,1
0.75176974210466618,0.65487136830724113,0.077367601922803425,-0.64931064879462319,0.75559667112635487,-0.086425412609236765,-0.11505623067782808,0.014736402348355673,0.99324966762040146,11.056418429171069,1.7320575036501782,-3.8631369810388874,,0.2759383214789088,0.5052631578947369,False,2
0.93893919290051253,0.3060732270741684,0.15720169116055502,-0.33834367888210265,0.90438399641576617,0.26002527182482121,-0.062583919626838957,-0.29733611737468424,0.95271952132235094,10.849658816498446,-15.455227695462144,-7.11503536953244,,0.1690957087792526,0.2941176470588235,False,1
-0.99899472793500499,0.040206862442564682,0.019822758904645237,-0.044485375600443064,-0.83461770008314351,-0.54903036898300372,-0.0055303630761924932,-0.54936026696554097,0.83556729960177145,11.570709630787961,-1.0958750930514907,-4.4086589478120342,,0.2608587452092162,0.1,False,2
0.29646265423820772,0.95428612770073407,0.038051033099961537,-0.94021169314676589,0.29862118624331602,-0.16379059556862716,-0.1676659378410765,0.012781768444633565,0.98576100535743383,17.039424233893794,15.639966070962176,-1.5382539801250763,,0.1990225799810143,0.868421052631579,False,1
0.78694349938078734,0.61650604316204127,0.025302717779009821,-0.60715060829246303,0.78100544246928971,-0.14628273200703276,-0.10994574858726014,0.099753684533617909,0.98891917505403582,-20.737352316118123,7.7195691817147534,-1.5286386828885663,,0.2550330401822961,0.9629629629629629,True,2
0.61618227232149625,0.78606258554031971,0.049244480811417676,-0.77402268909866523,0.61593342248120464,-0.14667956855357139,-0.14563064250764535,0.052265004393555109,0.9879575321229922,-21.867933849952365,13.021018057748879,-0.54022734161695185,,0.2282742151263936,0.71875,False,2
-0.69871031254744398,0.71149920802664568,0.074651028909915096,-0.70471954748472609,-0.66654967117754294,-0.24306767626739789,-0.12318384038816155,-0.2224419313676391,0.96713252899313562,14.668852853180603,-2.5535206356387028,-4.8674186328789819,,0.149700360576781,0.4736842105263158,False,1
-0.47200659472977868,0.88081482533310029,0.037081235214310726,-0.86824893536476333,-0.45715861075487052,-0.19274281011397687,-0.15281871864910454,-0.1231716204573822,0.98054841346276678,-16.244630518786227,14.560346015545745,-0.40977857691897385,,0.1969688588557036,0.725,False,1
0.27910485977018079,-0.88674740225058524,-0.36848272938430343,0.94561512501663414,0.32057032257135704,-0.055196953052420519,0.1670703821520815,-0.3330371043717717,0.92799449056512318,-17.478274743980204,15.428229116205532,-0.21184197267221172,,0.4721138454715183,0.1935483870967742,False,1
0.99995732471023657,0.0087434089681457626,0.0029835478816906055,-0.0082466362482358814,0.9903501039311986,-0.13834256262645131,-0.0041643425574603987,0.1383120545833951,0.99037994416687569,-13.650598100317794,19.02327795925909,0.33570506795814814,,0.2352601625300581,0.8,False,1
0.85463767147214187,-0.51567280702771812,-0.06063007993420045,0.5116281266461612,0.85627410409935412,-0.070931788877673985,0.088493562055177388,0.029600924664626903,0.99563681869132581,0.63341871607433908,17.616757867180873,-0.37490429025598737,,0.1737812099496643,0.3043478260869565,False,1
