axis_00,axis_01,axis_02,axis_10,axis_11,axis_12,axis_20,axis_21,axis_22,location_x,location_y,location_z,dbh,dbh_approximation,score,reconstructed,number_clusters
-0.99816724963147918,0.059613508830080271,-0.010410155046608548,-0.05734179270525034,-0.98669572207749867,-0.15212978289379156,-0.019340645606509381,-0.15125403002541785,0.98830570059500999,2.1824662626696023,16.191708712959464,-1.6712623272869178,,0.147111346832149,0.2777777777777778,False,5
-0.10611663682526162,0.99344733817553454,0.042445796739376637,-0.99011598168412884,-0.10163130378649315,-0.096651026400817325,-0.091703883246945936,-0.052282543574337211,0.99441285864314355,-5.5328192241576728,5.6406325372374608,-2.5323651989976197,0.2754345496877819,0.2439120826483308,0.9711934156378601,True,5
-0.83718946838694519,0.546534471812964,0.020343675727526725,-0.54435305995075089,-0.82909944191394791,-0.12756904616807632,-0.05285395107498253,-0.11787360407700659,0.99162103311580629,-5.3469285962202449,-14.043684704372549,-5.2540624411590295,0.1810698959719574,0.1918188554915583,0.9217391304347826,True,5
-0.93411537558429225,-0.34021641316026191,-0.10807986543932184,0.35529238906936583,-0.85675519784565024,-0.37381526083594113,0.034580100728574197,-0.38758653637713775,0.92118450565170429,8.5629782342924283,-11.149934261684919,-5.911304097835437,,0.2952462246709932,0.3421052631578947,False,2
-0.99866780331233207,0.043951048506463516,-0.027035605458416052,-0.039688492089667654,-0.98908782298187781,-0.14188059072550294,-0.032976388870963998,-0.14061857545911838,0.98951451430127024,4.7534553619278155,8.4439589588238793,-2.827505744296511,0.2800758168166994,0.3233924126677979,0.9294871794871795,True,4
0.60091450381690126,-0.79888967043946901,-0.026020253027266994,0.79609460886993688,0.60109598142381282,-0.070121286670773053,0.071659841129526433,0.021422315030331367,0.99719905314236623,4.3152741128285497,-3.0613502930165359,-4.4567091478598861,,0.1527938194294028,0.2641509433962264,False,5
-0.98219133995955765,-0.17995057767698394,-0.054018157152645588,0.18782971643004207,-0.94732482989709643,-0.25941407881271084,-0.004491028196094672,-0.2649404768134857,0.96425431003007955,-0.52130411586314507,-17.503985698412531,-6.0131635822409484,,0.3130386504701982,0.3272727272727273,False,2
-0.61423296621327594,-0.78898826699052171,-0.014675754431532807,0.78596202416400474,-0.61000200523086823,-0.10080302667252489,0.070580165690243932,-0.073451127735482305,0.99479815643452252,-1.6863080387606397,-16.965381404504683,-5.8750528249613119,0.3627975052570994,0.3044814786312779,1.0,True,2
0.52021268179119329,-0.83591813449915897,-0.17498467966956366,0.85062845876748139,0.52543088439023855,0.018804543699615747,0.076223295904030652,-0.15862931048307929,0.98439156386937265,-8.7573790120491353,-1.8626813008499559,-3.2551736591024945,,0.3434760573548548,0.1914893617021277,False,4
-0.095387429819588435,0.98966248982961891,0.10709525879632788,-0.99096758298042087,-0.084220452830614148,-0.1043559524270144,-0.094257560515621799,-0.11608217584644781,0.98875701804659699,-4.9005437860602976,-4.6919423310325818,-3.9098318003356693,,0.3387296954997838,0.7838983050847458,False,7
-0.97147064873991351,-0.22986200248511304,-0.058380120335485022,0.23626674615573107,-0.91668831658500294,-0.32227403695851309,0.020562181251879492,-0.3268730488279627,0.94484454099713022,8.9379064303123119,-1.1885710192677414,-4.4040235262607013,,0.3077813167216865,0.3586497890295359,False,5
-0.98569207111537382,-0.1616208318112631,-0.047852352762639695,0.16756315690452117,-0.97033741703512177,-0.17426383890468761,-0.01826826178035372,-0.17978877558469411,0.98353559507792121,-2.5463578154821929,-0.4865798371089195,-3.5980792307645499,,0.3888433194568016,0.9461883408071748,False,5
-0.61035022547218853,0.78764437351603755,0.084195861742581812,-0.78790518929421638,-0.59268927003357263,-0.16710727653311472,-0.081719122298838057,-0.16833232029410863,0.98233711881161656,1.1527508116333449,3.6638138025136873,-3.2447407449146124,,0.1814174190877042,0.2348754448398576,False,5
-0.43651072142648811,-0.88094571772178842,-0.18273760561901073,0.89632158303038534,-0.40822490558722124,-0.17308970579502328,0.077884593300794475,-0.23934717229569821,0.96780520831437089,2.6447899999115316,-0.91354040817321847,-4.0282464614337039,,0.1905248821353557,0.2903225806451613,False,5
-0.959617869155315,0.28127469349507078,0.0042534688272915112,-0.27974890036444744,-0.95260501319564772,-0.11951670000213434,-0.029565147432293389,-0.11588026421169256,0.99282307911507228,9.2031932919860022,5.4243970036371891,-3.4335121508012523,0.2971686464996415,0.2752479431522542,0.9612903225806452,True,5
0.33002778579030645,-0.94379169050525391,-0.018409387267981379,0.94017824141517736,0.33038568950430364,-0.083127435544652128,0.084537181025937574,0.010126258144086252,0.99636886940539615,4.3343757351358789,-13.4437898136221,-5.7881711536120051,0.3243568632472281,0.2555636174681687,0.7407407407407407,True,5
-0.99632203050223611,0.083335337789207722,0.019940737485322841,-0.085510405671998302,-0.98193111928642351,-0.16881720143018775,0.0055119921725463733,-0.16990143746439856,0.98544564512195176,-4.2212025466464169,-3.1616100129847582,-3.7761666536621625,,0.5179534524009676,0.6714743589743589,True,4
0.88577548583427312,-0.45486557155550017,-0.092190566266534643,0.46188466980774517,0.88340058003601118,0.079157861192861834,0.045435013939103,-0.11269750221511668,0.99259001229250055,-9.2019029272236441,-18.070686892848688,-5.4538816607288068,,0.2278966133294685,0.24,False,1
-0.038292620956899635,0.99924378382414902,0.0067480122293419017,-0.99535586017404087,-0.037545031786129418,-0.088640183920004861,-0.088319798445450348,-0.010110938481400163,0.99604085364285111,-8.0620490736318366,4.8736764019366765,-2.438006041080397,0.2031144502800975,0.1800088007968168,0.9421487603305785,True,5
-0.97952138733731842,0.19380195080714363,0.054577061226489226,-0.20122491083171093,-0.95147798094143243,-0.23280504084831344,0.0068108009473569721,-0.23901978086961831,0.97099081218284189,0.40155525421366084,-17.410442678077011,-6.0708232108846136,,0.1977074388315028,0.1142857142857143,False,3
0.7337013694844704,0.67062448156824261,0.10929366467430168,-0.67642973824605812,0.73610967809998351,0.024194028682882535,-0.064227016379262453,-0.091680676965567823,0.99371502144133539,1.9963119276948784,-7.1343517378186325,-4.9581515962839342,,0.2658167038645169,0.5853658536585366,True,5
-0.99824623010983604,-0.059198270852925665,0.00016970421754463217,0.057802283688706914,-0.9753169570839102,-0.21310966478541032,0.012781239058402862,-0.2127261101806813,0.977028270816933,8.8785063931809116,-1.4083483754207875,-4.4823585521710383,,0.1633599021170556,0.2985074626865671,False,3
-0.3614824787833078,0.92604759293004635,0.10847245346695937,-0.92848254801732089,-0.34690267877099024,-0.1325846502758668,-0.085150311566888737,-0.14864180801503113,0.98521826888770381,2.7539503668637471,4.7393564412809575,-3.2539913104062941,,0.1893677888372982,0.2,False,4
0.055189902325762735,-0.99222898622430533,-0.11151553065631906,0.99467276708271901,0.064374377283254,-0.080511030135012734,0.087064120654150354,-0.10647806556132075,0.99049596690195518,-3.8874974643496283,-3.3631102733482021,-3.8469826519971622,,0.6740873937589766,0.575,False,3
-0.64492145974499471,-0.7415928166979231,-0.18470626676543928,0.76172815528499116,-0.60412568629671248,-0.23409906578765,0.062020385410841074,-0.29167147508552643,0.95450574771183216,-7.8526549735668656,-6.8455633041062685,-3.9873676091565202,,0.3104964562589166,0.1278195488721804,False,4
0.9336821986277436,-0.34377294631395416,-0.10028815158475193,0.34909561174998466,0.93619189202541575,0.04095113139800606,0.0798110632842782,-0.073245496028738061,0.99411533108032135,2.3143491055742511,-14.740919797653724,-5.7698545146184932,,0.1385972720889007,0.5333333333333333,False,6
-0.6795163636149073,0.73337071880229976,0.02061311191857966,-0.73069270507707795,-0.67397601474670676,-0.10883245055261012,-0.065921789468371392,-0.089015281550652525,0.99384636505032442,20.290756411892275,4.7263176694131266,-4.2768476614135471,0.2696291110830946,0.2801523000406282,0.9615384615384616,True,5
-0.16066049810057137,-0.9808760515166689,-0.1098652625316352,0.98248328331855328,-0.14828174439565367,-0.11286772026836346,0.094418231023842961,-0.12607416801252705,0.98751734253646273,1.9856444402118365,-3.7195635695670468,-4.3429252696480436,,0.1844881624682645,0.202020202020202,False,5
-0.95426434021119255,0.29797771110611471,0.024266287010133069,-0.29735820771526444,-0.93760477014400623,-0.18020929861572321,-0.03094616786716721,-0.17918308705669228,0.9833289154739483,6.7960804708063742,-5.6631741952884367,-4.9245186870668807,,0.06915718767075277,0.1818181818181818,False,5
-0.47045962426295512,0.88135392647233501,0.043393527514570401,-0.87839177209353836,-0.46305031963414039,-0.11837354520793592,-0.084235602073790064,-0.093806491132112618,0.99202051670555103,11.540302254391085,-12.640314497917103,-6.3282722874363824,0.2001648749898859,0.1840179901044497,0.9464285714285714,True,4
-0.77959409269802915,-0.62085285831629755,-0.082309045376673898,0.62047448422970097,-0.74780074275569952,-0.23623180047129561,0.085114423279619905,-0.23523557863237252,0.96820439861388274,8.1050863364710786,3.6459479665345831,-3.6907673149039106,,0.1976141406828667,0.3047619047619048,False,5
-0.27670319907872987,0.96079806448137317,0.01739019575637989,-0.9569528512027089,-0.27385555631612574,-0.09614767209762852,-0.087616095522481424,-0.043245965865427498,0.99521515575365083,0.73253437670243804,-20.881581325781607,-6.5215790846034105,,0.2730901651752428,0.9493670886075949,False,4
0.67222990895500268,-0.68226352322459771,-0.28744292369704949,0.73508455241546977,0.66128504808313571,0.14950848130401712,0.088077524411722868,-0.31179892568583972,0.94605696426518571,7.4793954992601055,-0.87239851614334818,-4.2940806907308273,,0.395923646717915,0.2790697674418605,False,2
0.36187898406391883,0.93220233382147655,0.0065122738470202481,-0.92860779189373532,0.36108080223458605,-0.085488145914327851,-0.082043706200460698,0.024889015155696217,0.99631790468578485,-1.6522472833530142,9.0125853857448703,-2.3616599312967259,,0.3061456416150524,0.9624413145539906,True,5
-0.97966114970565821,0.20054479321258073,0.006768875291242875,-0.19951170464857776,-0.96990334806336209,-0.13957999542805838,-0.021426886512133141,-0.13809156864487193,0.9901876626193602,0.096908723023756888,-4.9427990375929962,-4.4306185354995966,,0.1092490026181966,0.2394957983193277,False,5
-0.9865401813809983,0.16351680459469878,-0.00085154910899570575,-0.16245181146297646,-0.98068221700976776,-0.10895778170100223,-0.018651527367577241,-0.10735289402687197,0.99404601335698284,-6.0517535485791321,1.0601759912821711,-3.1585827884491011,0.339304573911675,0.2690521099742885,0.8491620111731844,True,5
0.39667716413138399,-0.91694995236679566,-0.043011769449932555,0.91407726336969441,0.39887029268509283,-0.073247840950291757,0.084320721339738988,-0.010260334684574168,0.99638583966498995,3.1281577838463921,-4.5641669408924752,-4.5390555316784305,,0.1089050831237189,0.2183406113537118,False,2
0.32970615742121007,-0.94331467221001508,-0.038095655288376745,0.94067312355238963,0.33167434410456509,-0.071597514544822299,0.080174337444906832,-0.012229417652409938,0.9967058327105105,-9.1945314228315116,-9.024874057491914,-4.2482574267768207,,0.0946529858954346,0.4583333333333333,False,4
0.99937807417305069,0.034801107643385988,0.0056875099085306972,-0.034903356080105974,0.99921018301314168,0.018993838400668955,-0.0050220112018492412,-0.019180538825561283,0.99980342384583365,8.8035339218632505,-9.4253791059387186,-5.6879474776982608,0.3428290037611194,0.1644266289423155,0.2307692307692308,True,4
-0.76629709329786411,0.64172572632403757,0.031254711278961574,-0.63961128960526503,-0.75736774664405526,-0.13149712754580117,-0.060713779430496218,-0.12075673280274277,0.9908237221978855,-10.968264672704564,-3.6025462893250442,-3.3426850828304695,,0.119113623119533,0.5686274509803921,False,5
-0.98854835509626093,-0.15027963729783853,-0.013717880671051655,0.15086485971185901,-0.98211532120762302,-0.11264674852549945,0.0034559717296551379,-0.11342630410480697,0.99354040169311997,4.753936906411397,-8.8115212813278614,-5.2882715158471676,,0.2781467883909794,0.9064039408866995,True,5
-0.99582825030893807,-0.088463366107916788,-0.022368029495133727,0.091246882785704392,-0.96629744486680591,-0.24071405115982314,-0.00031979451278183,-0.24175086535675258,0.97033830019778711,-4.057450752595563,-8.12186126815633,-4.4736495693255041,,0.108006031869984,0.1538461538461539,False,5
-0.971609428418726,0.23657340265341209,0.002853728232222622,-0.23546184702683551,-0.96572673051190105,-0.10922271086869174,-0.023083266721762384,-0.10679375979794511,0.99401320698754869,9.3971926499748761,-8.6442212436725505,-5.6028439201195264,,0.1012744480699355,0.3829787234042553,True,5
0.51047763055331064,-0.83815845817769274,-0.19210150361168757,0.85933041481075723,0.50531732741731095,0.078775864279608837,0.031045561451692648,-0.20529198132664542,0.97820824752050162,0.35343288102524867,-17.739069952014788,-6.1194743042879844,,0.4613879678899416,0.2413793103448276,False,4
-0.55355927063659405,0.82932232863413979,0.076135465593424323,-0.82962267964868519,-0.54114129615438211,-0.13744928886279614,-0.07278971977425773,-0.13925003707432509,0.98757839378450452,2.6395019523449497,-2.8425772938554514,-4.3007910850746915,,0.5012016104689477,0.5262615859938208,False,5
-0.87780958629529571,0.47882354029215546,0.013354679710398908,-0.4767623991663868,-0.87065413568866568,-0.1210743191157108,-0.046345926996790569,-0.11264720711277525,0.99255360650218738,11.947983711997285,-2.5424552200769948,-4.8818811695691533,0.3305552338344707,0.2142077053982316,0.897196261682243,True,5
-0.82426056686490734,-0.56461437588717112,-0.042486756208045776,0.56333608416406245,-0.81021233455681652,-0.16189017638724668,0.056982226968082257,-0.15737401142988544,0.98589372973775646,-10.30036034924205,-6.7068373424240155,-3.8304918427521981,0.3780414595529948,0.3970370899239242,0.5068493150684932,True,3
-0.22207359961307668,0.97333226891921665,0.05751183039566285,-0.97036430112769878,-0.21486274880028722,-0.1105763187800017,-0.095270349279525685,-0.080363508251900181,0.99220223094367355,-1.3478774218389438,26.162911174386039,-0.34965361140793738,,0.2823165857835257,0.9672131147540983,True,4
-0.049439847166567866,0.99865547254329889,0.01558681081764947,-0.99455015144343739,-0.04779037215911433,-0.092661084564816004,-0.091791599702701829,-0.020083014918386426,0.99557570015333618,6.6734722189092679,27.06016625857735,-0.62499830583930005,,0.2630865328496312,0.868421052631579,True,3
0.60055744492108909,-0.77685434593023162,-0.18928306992218191,0.79612817591378238,0.60294515374698043,0.051352401007395396,0.074233973799383263,-0.18153365192807208,0.98057883433796944,-11.758952924126371,8.4973746212595174,-1.8292846762881505,,0.3370676643224274,0.3571428571428572,False,1
-0.93692308670024771,0.34930244718637904,0.012764403538194071,-0.34778470206931172,-0.92795746443175608,-0.13394306705442244,-0.03494181756347272,-0.12993361610835111,0.99090681942873304,-6.6079730458701427,17.157275274861156,-1.0306420864232382,0.3027166694955513,0.2387323623873737,0.92,True,5
-0.96027550713761234,0.27583355125118458,0.042270585467450744,-0.27413900395615648,-0.90417335345821703,-0.32759480063952195,-0.052141700217076065,-0.32616927951645258,0.94387226053009443,-7.1536811194280316,-2.9588280993254057,-3.5164250231725811,,0.6399074769893986,0.2293906810035842,False,3
-0.29396520061009002,0.95552092415969136,0.023753406561552868,-0.95185878646873467,-0.29039861557264024,-0.098150367782098596,-0.08688677374915546,-0.05146268129919692,0.99488807459983131,16.849206015531156,17.77689500154257,-2.1848457242988628,0.354404828913963,0.2502375613861126,0.9393939393939394,True,1
-0.75349268205354514,0.6487367384805951,0.10672123611218774,-0.65444663309823925,-0.72458179153888491,-0.21605747336455952,-0.062836156137469179,-0.23264107873687795,0.97053065173955644,-4.8567956040992808,-15.13424583218794,-5.4541879115396741,,0.2742611275654377,0.2142857142857143,False,5
-0.40524161268809306,-0.8878284106690173,-0.21803657618592148,0.91412465426693723,-0.39025944658531947,-0.10988030220322231,0.012464020511242634,-0.24384068069099121,0.96973520645217803,1.7082125374443256,-5.821368328587333,-4.7410943130901471,0.7528048319768172,0.3633071748519353,0.3168627450980392,True,5
-0.044922614121840718,0.9788598878588054,0.19953766231342632,-0.99301616580651508,-0.021942356409516351,-0.11591991822860166,-0.10909103165424799,-0.20335155012009248,0.97300940071325492,-13.022322527506462,-15.702568903365748,-4.9548878029730714,,0.2196223562394507,0.2142857142857143,False,3
-0.55657062304060201,0.81166689566674566,0.17727377709887585,-0.82896697743637582,-0.5283853130246583,-0.18336496748242592,-0.05516241372704149,-0.24900966137589875,0.96692879606166693,14.862201751691956,5.5373324525338443,-3.7384131868371604,,0.206489777110603,0.1944444444444444,False,4
-0.87835752912525222,-0.47783364313377746,-0.012769515201528794,0.47641304262624673,-0.87294327476234723,-0.10488399240489674,0.038970037780097139,-0.098209208003579351,0.99440247768130929,-16.536166868239754,-23.888994059248994,-5.7836514852329852,,0.2138780123501023,0.8780487804878049,False,1
-0.98259599904781114,0.1857524277584553,0.0010668819395785109,-0.18469937334071004,-0.97638172105199472,-0.11209315894867544,-0.019779892385505937,-0.11033934192926756,0.99369712965260859,-9.195412794321026,-4.5448544835064801,-3.5727619078540522,,0.08308998804798573,0.4528301886792453,True,3
-0.3056800631417127,-0.86116565306922088,-0.40614457643989199,0.94838692537454827,-0.23757873057045417,-0.21004424905038832,0.084391580008247535,-0.44938854541965395,0.8893413273143882,-1.8379855625269368,-5.7376691982344772,-4.4796748435178779,,0.4482023272106013,0.2312925170068027,False,3
-0.61035953236829055,0.79029104443396991,0.05386377571824677,-0.7884033703802803,-0.59950276884617959,-0.1379005283484373,-0.076690069892884266,-0.12663528431376572,0.98898035265954376,-9.5565184584427438,7.2139749169256824,-2.1270719196035586,,0.1511160763394409,0.4444444444444444,False,5
-0.8959110030881583,0.44419349111176909,0.0059679979480065396,-0.44172929511964931,-0.8893555944400735,-0.11799091690143117,-0.047103124935258894,-0.10834560024330124,0.99299674044241004,-2.1880338635573873,13.125493169151875,-1.8248209971453409,,0.08603078423180004,0.2916666666666667,False,2
-0.010463063052261558,0.99914551248129924,0.039984612040718154,-0.99489726553186886,-0.0063890548131418758,-0.10069066995409964,-0.10034916715536388,-0.040834114011167308,0.99411398731943623,-1.5471815889064129,6.4800248398934022,-2.6895365287125452,,0.09004394804628373,0.2765957446808511,False,5
-0.95605389096320403,-0.2901814324558265,-0.04190100036994944,0.29269034783098896,-0.9362761872591423,-0.19421447283366455,0.017126525061805828,-0.19794352080673938,0.98006379624488704,-4.3359787479227734,0.50523009224173476,-3.333612317371645,,0.1209071020346571,0.3492063492063492,False,5
0.60103332311852331,0.7929365099579454,0.1000531642518889,-0.7955292473982345,0.60557188452498978,-0.020393852182680916,-0.076760413203037975,-0.067337833708572464,0.99477306714462943,13.115089178850765,-2.3776097953292581,-4.8927695819208994,,0.1992344678877687,0.3488372093023256,False,3
-0.99760973220871718,0.069065561024837005,-0.0021841434880534695,-0.067490427657268148,-0.98066660448654708,-0.18367921226819717,-0.014827824422043974,-0.18309276098511074,0.98298381293781145,-2.9030603650844133,-2.2484096172056094,-3.7844949236110264,,0.09276935195089264,0.1792114695340502,False,5
-0.30298054704446842,0.95270024317969093,0.023770459776624973,-0.94907086890465331,-0.29937683852636698,-0.098173287357222166,-0.086413389640731114,-0.052304447223109542,0.9948854059093859,-0.66147169705809294,-7.4288666275017166,-4.7782613314903548,,0.2593090516106149,0.924074074074074,True,5
0.66314932041415231,-0.73621491560523045,-0.13498361706010414,0.74696844513112071,0.66243523587500053,0.056724776329448362,0.047656277788360561,-0.13844549942707918,0.98922278728087465,2.7427637201763644,4.0420957014786234,-3.3219667878023662,,0.7071382250591228,0.6847635726795096,False,6
0.55018401479567014,-0.8207205415101595,-0.15399786559101986,0.82394214140688249,0.56352950664403967,-0.059614115403716618,0.13570887029652998,-0.094086597795844995,0.98627116688973748,6.6497368213671173,-3.2350231869749506,-4.6542688289332075,,0.4122203946021611,0.1503759398496241,False,6
-0.55801511263785686,-0.82375971217565214,-0.10019516287748063,0.82671177219488234,-0.541391934452507,-0.15310917354674802,0.071880315679297965,-0.16826975339037481,0.98311673280022316,9.0014085458480082,-17.641802873516902,-6.6933773971486747,,0.1875006706043792,0.2916666666666667,False,1
-0.48232571252521128,0.87569013891424008,0.022993208680106732,-0.87216581954462802,-0.47760298005782981,-0.10593477548911234,-0.08178441327719907,-0.071148956761430307,0.994107205333844,12.494268308461217,-8.5884628310316504,-5.812439811851962,0.3558440366035617,0.2579486354463488,0.8333333333333334,True,5
-0.42302621705766075,-0.90549143792286946,-0.033676037923992812,0.90264053057036708,-0.41785920479742295,-0.10312011218821912,0.079302536236430701,-0.074019867700764644,0.99409867062180002,-17.348144500136179,-3.5487491709463947,-3.1520790605708866,,0.1628834297034008,0.4285714285714285,False,1
0.43841294681158699,-0.89715304720415801,-0.053949031133791542,0.89665699305805369,0.44070892058177835,-0.042212369274108222,0.061646775001379411,-0.029867326829460195,0.99765105017736133,-3.4092498069543065,12.636110296783849,-1.8406012297722296,,0.1443586785382523,0.3870967741935484,False,6
-0.70471603441277519,0.70901952584104844,0.025819039828555285,-0.70643232259545097,-0.69784005068937727,-0.1182059103693449,-0.065792738458972294,-0.10154100467290739,0.99265338358164446,15.323179313700063,6.9366423630149097,-3.5914728153319913,0.3363323205407895,0.3147812310463411,0.7021276595744681,True,5
0.31500615557523398,-0.94897576331020417,-0.014701108785567612,0.94549593141686261,0.31512242319819594,-0.082068886137531522,0.08251403289059063,0.011952365770454564,0.99651822629022613,-5.6298793332650128,12.588854442333592,-1.6494103677098371,0.1938530589505967,0.1693551279056779,0.859375,True,5
0.16274286731436038,0.98617852040722087,0.031091558753553145,-0.98236430325746948,0.16489263038070059,-0.088152119268912824,-0.092060495456886771,-0.01619710880246256,0.99562167455448358,-11.134656520766947,6.7462798492093965,-2.0606601938905236,0.587707767551464,0.2206834947469598,0.6875,True,5
-0.82107930679199637,0.57070644474444421,0.011087194646584706,-0.5681090115726638,-0.81514525973079366,-0.11309445834499555,-0.055506062082494916,-0.099158254651710215,0.99352237901645724,-10.058068974959376,-10.733833342567838,-4.402439288122542,0.3844549860517943,0.3100943540667308,0.9084507042253521,True,5
-0.84048745508788469,0.54005629262841903,0.04381824542741726,-0.53930882385119361,-0.82604100820241555,-0.16371391292183596,-0.052219061233733953,-0.16123105643883689,0.98553422877314789,6.6762039349249109,-0.32787728912866904,-4.115937940618049,,0.2493804109287993,0.3880597014925373,False,5
-0.92620403162486231,-0.35963347119869155,-0.11318064408471457,0.37638904441011428,-0.86460369977484008,-0.33285391628115052,0.021849005695725267,-0.35089059367449293,0.93616153105159683,2.1217965038219386,15.105467170507866,-1.7554872941755539,,0.4103701181591251,0.2131147540983606,False,6
0.71004832250665728,-0.67529268231019957,-0.1995273738708018,0.68237255498525928,0.72981412458058181,-0.041701795711569012,0.17377881317459903,-0.10654171380720316,0.97900448789096606,8.2698500408004385,-2.3127023375490419,-4.5979715909073358,,0.4763963927936864,0.6153846153846154,False,4
-0.29890338204941141,0.95418352707813114,0.013804522887793172,-0.95045334877546939,-0.29637783024659359,-0.093800925047764716,-0.085411942964194035,-0.041157968743090856,0.99549526448297243,14.437071722586122,11.162539718291498,-3.0404404700764482,0.1954866293767458,0.279713789796008,1.0,True,5
0.30150964932191299,0.87818779551877757,0.37131944086951169,-0.94974918439767664,0.31096398087576493,0.035747578013696824,-0.084073884778362598,-0.36343857582783756,0.92781678336755036,2.3972576254149884,3.8825608603684749,-3.31563965716047,,0.4209258024096129,0.2137931034482759,False,1
-0.94143756786806465,0.3371653926862766,0.0038475682413062328,-0.33537677576290592,-0.93514052434340622,-0.11416925159436123,-0.034895903563888969,-0.10877360757760966,0.99345386315068074,-7.0052900237641875,-8.5161020187585663,-4.3537884993650788,0.302183441656236,0.261388280078195,0.9790794979079498,True,5
0.063604540076170293,0.98846934212401649,0.13741478145604388,-0.99398976031130704,0.075040510350789055,-0.079707453870782902,-0.089100049820236879,-0.13151912973863006,0.98730132160086992,-15.717437383009045,-7.1582505549334794,-3.6308402674087685,,0.1994524974919819,0.3243243243243243,False,1
-0.5472548301674719,0.83617863944406023,0.036296470845660539,-0.83127299380502884,-0.53797153641186612,-0.13989937734342911,-0.097454402818931321,-0.10673288597304263,0.98950024276049031,-13.870880111467164,-0.53059700042060443,-2.8077510635366658,0.299754102790098,0.2309817714200534,0.9354838709677419,True,4
-0.89982713745872156,-0.43024377690514043,-0.072120836983789807,0.4345946671280323,-0.86971113782569054,-0.23394446359300208,0.037928854408187371,-0.24185290814117241,0.96957133457365574,5.208985480847141,3.0012336953008889,-3.6149999991157689,,0.2224830281454869,0.2545454545454545,False,5
0.24171039882259354,0.96292194548760746,0.11982241025527701,-0.96980642171904752,0.24385322974044346,-0.0033326772498576546,-0.032428189797148982,-0.11539900018421183,0.99278974776282036,4.7097641043869425,-4.4601630361045848,-4.6058205788812652,,0.3754151068454518,0.3241379310344827,False,4
-0.39376071078120134,0.91527007547262784,0.085048172169738007,-0.91471494580216628,-0.38101128093122832,-0.13463644279794867,-0.090824394141793094,-0.13080937560998801,0.98723849027542565,-3.8126119320753946,5.2417378182713188,-2.6890801210371165,,0.195410812896099,0.4189189189189189,False,6
0.9886997567731437,-0.13873638404607322,-0.056789142435382182,0.14907525513924336,0.94982471103283828,0.27497197423838382,0.015791113383646176,-0.28033057994661487,0.95977362262405341,5.3454526458614016,-0.53118955716037075,-4.122944199032144,,0.5738682996412837,0.4548736462093863,False,5
0.17326573223520983,-0.96725261591613099,-0.18547604437338464,0.98084900398531749,0.18648082662719437,-0.056215057426361341,0.088961887423814542,-0.17218385029914812,0.98103950189691813,1.419144469338947,3.5763433603040125,-3.2532535968052025,,0.2607046009863224,0.2666666666666667,False,1
-0.94971782203425481,0.30196415617082495,0.082787117950507375,-0.31249292326990707,-0.8975694761137829,-0.31099390420883732,-0.019601821770885094,-0.32122684186859163,0.94679938986376178,-2.1938415658121415,2.7964876935605787,-3.1208075657455279,,0.4800294443808771,0.5031185031185031,False,7
0.94516765045806683,-0.30416508891614169,-0.11891892705625964,0.32487552831327737,0.91288519931399925,0.24717707008662415,0.033376692927031132,-0.27225761983473401,0.9616453529296437,-7.8912898965500622,-7.3361047954502112,-4.071363047549462,,0.2699396847168458,0.3103448275862069,False,1
0.58175125962984287,-0.73997629073339155,-0.33763969119690557,0.80956224553833567,0.56688721963134892,0.15247245921006744,0.078577620974536994,-0.36204139179255379,0.9288442216598497,-7.0998417938544574,-3.7678089290899863,-3.6246406019436512,,0.305922969627629,0.2843137254901961,False,2
-0.47677743240798148,-0.87199188824523055,-0.11096588115708902,0.87567654815184059,-0.4601555743204172,-0.14644941255847937,0.0766411310154618,-0.1669939946715561,0.98297463994769796,-7.5085802926589453,-24.987928105608109,-6.5290672434770096,,0.1657078132800461,0.25,False,1
-0.894086483994051,0.4478478529689886,0.0064544349266357241,-0.44576230958043089,-0.88833368289476311,-0.11026890401262895,-0.043649999961916507,-0.1014670805024627,0.99388083243295888,2.4268612314950215,-4.6432422289067228,-4.4801953082241273,,0.2813459976790854,0.8678611422172452,True,5
-0.26132143843418348,0.94317672810370301,0.20525293025504182,-0.96327995688780632,-0.24123837603655279,-0.11788032314797565,-0.061667093923044834,-0.22852068941528814,0.97158399741671664,6.0910069341224276,-4.1330204482560733,-4.6911245113084155,,0.3362804858110137,0.2023809523809524,False,5
-0.7959299298198077,0.60088069780273112,0.073742347570021308,-0.60389871284191632,-0.7795174852907748,-0.16630945479383419,-0.042448691910489604,-0.17690358146190407,0.98331237733542198,-6.8112071884383738,-20.376955316145544,-5.9607233499630841,,0.2300736306740339,0.4230769230769231,False,3
-0.82204949979383468,0.56937432843656111,0.0068915895206015133,-0.5670414834849522,-0.8174573232866873,-0.10113100717459855,-0.05194781897144865,-0.087042511006856699,0.99484924756554483,3.7448044884089473,0.75219869460605238,-3.8098931152481676,,0.2683225040272652,0.9863013698630136,False,5
-0.39905709831296932,0.91572280400826778,0.046959328202892586,-0.91310609406748922,-0.39220313668297158,-0.11141795435588407,-0.083610365761935826,-0.08734097432060256,0.99266351849047096,-8.0053856127658864,9.2846327791256069,-1.9221243624368862,,0.2520360898817746,0.9541284403669725,True,5
0.84901921665412372,-0.52189556794419056,-0.082409865381689443,0.52742047494849753,0.84644111495965946,0.073246716724707131,0.031527961512264377,-0.10565252039614977,0.9939031806855344,4.5087344212182421,5.1607477325509841,-3.2565160970957034,,0.4796186837945491,0.2934782608695652,False,6
0.54434423496680651,-0.82413272099479951,-0.15650754628486938,0.83360638943868215,0.55228758179130966,-0.0088777523119540763,0.093753620438930541,-0.12563313728796188,0.98763686315860932,-6.7315104245979001,-0.44500892540471471,-3.2633865108144096,,0.3039639397145508,0.2142857142857143,False,3
-0.936141864114999,-0.34609286500494563,-0.062113919888899985,0.3513115818827684,-0.91317757077779105,-0.20660807501983319,0.014784542141138786,-0.21523580794338706,0.97645018525915384,-13.065165273567064,-18.064329630967951,-5.2849186461752025,,0.2111197684393804,0.7727272727272727,False,3
-0.87479994075598433,0.481155883470824,0.056692851883965646,-0.48301722828555449,-0.85705951338786501,-0.17928565946750144,-0.03767520182649306,-0.18422270846116437,0.98216219274342165,-6.8394976765011792,16.152714899493496,-1.1301098332611941,,0.2365684070011134,0.4444444444444444,False,4
-0.19001239645738824,0.96541204265274694,0.17853536650638702,-0.98158074776528303,-0.18312698504172903,-0.054440269709778638,-0.01986264859144914,-0.18559120466923001,0.98242627201248844,-5.4690114454649521,7.8131742327825631,-2.2622548016457085,,0.1919260401799521,0.2558139534883721,False,6
-0.94610287116809844,-0.31741312619913858,-0.064329343879511322,0.3229100714420699,-0.90926179976843502,-0.26262533244746644,0.02486851279743138,-0.2692431740979791,0.96275109466200437,-4.3766758056847612,14.326849143721994,-1.5184683458747956,,0.2319117756932742,0.1764705882352941,False,1
-0.97893648851888293,-0.20006157908934821,-0.040727337484719364,0.20348078481629511,-0.93972851822663828,-0.27478333690766293,0.016700947783355895,-0.2772826655307577,0.96064322291852677,-7.5720634864420413,14.51210292974781,-1.3082312316157167,,0.09440536604268263,0.4210526315789473,False,4
-0.95633789283104476,0.2878938030171781,0.050348713188931297,-0.29219363527548614,-0.93805450444594241,-0.18621661094857106,-0.0063807711110205863,-0.19279757486281179,0.9812178050193775,-10.787391212764541,5.6079103750257815,-2.2372761368740881,,0.2036226244991899,0.2307692307692308,False,2
0.99299561200492348,0.11079571972091491,0.041036849665773936,-0.11405513013363722,0.98955516231631846,0.088158992866999963,-0.030840587367394985,-0.092221956304608652,0.99526075424794325,-8.4572642046408593,-17.530923409720145,-5.4273339118631272,,0.2583297302263137,0.28,False,2
-0.9474373783094362,-0.30909080171442793,-0.08261531624143828,0.31729051083569088,-0.87455199962273211,-0.36672269044811701,0.041099220379066298,-0.37365984029784521,0.92665483208842125,6.4846326274392894,-1.5033257773095279,-4.346206449189256,,0.2157625469654586,0.2686567164179104,False,3
-0.99996684112767042,0.0020805170174934659,-0.0078732518115452194,-0.00068403145884265363,-0.98485617657875479,-0.17337198030719847,-0.008114724031745844,-0.1733608459359155,0.98482494299762324,0.3157792427777884,20.480354595800318,-1.0408051806312517,0.2428997321619456,0.2309043844510588,0.4285714285714285,True,3
0.36275105304701721,0.9133045646482868,0.18516599500416941,-0.92902583713379372,0.36998279794298744,-0.0048706430923469435,-0.072956613484552901,-0.17025716260669516,0.98269518729358973,7.5755308180351388,7.2301142564406966,-3.1163021108191531,,0.2089216956484125,0.2686567164179104,False,3
0.96147614125354175,0.2745322090617569,0.013989138210418191,-0.27412931697310527,0.96135805358581017,-0.025373418799215411,-0.020414391395708248,0.020561103894815448,0.99958015868191796,-3.0849747515272696,14.360226490057018,-1.5552127616898004,,0.2111822559584073,0.4615384615384616,False,1
-0.76365270140312602,0.64553611651591603,0.010847760748506534,-0.64031080039523569,-0.75510567138535423,-0.14077465659302849,-0.082683919457896646,-0.11444888516373589,0.9899822332485857,-8.272095100955827,16.533244963507322,-1.0046586587283592,0.3222062851012631,0.1432738505788921,0.1923076923076923,True,3
-0.96345294790635327,0.26776241471663054,0.0078553444021266135,-0.26638934452288954,-0.9546013443222604,-0.13331537999345053,-0.028198125739527104,-0.1305356759022297,0.9910425334068792,14.158820504769171,-2.4067659462199078,-4.9527891843509586,0.1818925549856271,0.1954810753601474,0.6222222222222222,True,1
0.85498068639500535,0.47891303023581089,0.19912391961258211,-0.51689804266453698,0.81839588949366837,0.25108680082679991,-0.042713456674626581,-0.3176011296110578,0.94726188727758087,4.7498614851506549,7.484386762703318,-2.9536426507244915,,0.3307655105169066,0.1637931034482759,False,1
-0.99148264025385535,-0.1299427404317052,-0.0087782848176672784,0.13003276221931492,-0.98387133034576213,-0.12283601293298879,0.007324945382504635,-0.12293123904344576,0.99238815774997247,-5.1507889295669864,15.514069174102442,-1.3084339553534701,,0.07177240276137842,0.375,False,1
-0.10858262587613382,-0.95344488123204296,-0.28134084632391654,0.98570051512182366,-0.066579203993008734,-0.15479568496643531,0.12885770386909004,-0.29412593909424478,0.94704045536899528,-6.534391373031359,0.2956793841007519,-3.2037296182815602,,0.3362397003287101,0.2222222222222222,False,3
0.82913648848451083,0.55760424629884409,0.040127147582055614,-0.55724545985387619,0.83009049742408914,-0.020670354580180461,-0.04483504138300979,-0.005222125594646315,0.99898075480384374,3.6358600705572734,20.882116581023791,-1.2043851676731996,,0.1871938276035302,0.3157894736842105,False,3
0.83519410354740709,-0.51187217469710622,-0.20109123842300591,0.53998509154437124,0.8325753638933443,0.12342756721123026,0.10424447375981169,-0.21167224713863858,0.97176537779539118,2.8827717272287861,15.386920263140098,-1.7948944863380645,,0.1139645807687463,0.3125,False,2
-0.65684856095076249,-0.75123099995205367,-0.064822470548024244,0.75136839165639224,-0.6449064589890966,-0.13978983930826536,0.063210030822633753,-0.14052631022403531,0.98805710773123812,-9.5542119960900109,-7.5666891636437432,-4.0244172019736801,,0.1148011628047636,0.2222222222222222,False,2
-0.40367724388523857,0.87973162461238352,0.25123087275666012,-0.91106458903266496,-0.36140929637380598,-0.19835482123036874,-0.0837018361803296,-0.30895887938598865,0.94738503971120158,5.9876409866381719,5.6911493231375294,-3.2822263898619553,,0.236685496018739,0.19,False,1
0.51293564009926818,-0.8571232444408311,-0.047294534094076961,0.85477297524469686,0.51505451651666267,-0.063890576825650663,0.079121361889703562,-0.0076543357000293131,0.99683560391757098,13.761103827066412,-4.8229076093959371,-5.4433673888627787,,0.1481498696087194,0.28,False,1
-0.7520606099061502,-0.65747619361009091,-0.046150773163349978,0.65673266617531423,-0.74160506479674759,-0.1368361540166724,0.055740866568899761,-0.13321780175260955,0.9895180509168845,19.798395930704956,13.682367453515447,-2.9332056661262063,,0.2813014837645968,0.8648648648648649,False,1
-0.99388845580958662,0.11017225844934632,-0.0069145409540771014,-0.10850146770353761,-0.98650936384732879,-0.12258346767699493,-0.020326556880429877,-0.12108405555525931,0.99243412001788678,18.542426745731561,0.97629529000372184,-4.8448372990953326,0.2917596053138251,0.2590431022325521,0.8787878787878788,True,2
-0.19810217558785159,-0.97364502344773129,-0.11300839058595186,0.97627431340834225,-0.18571284520260981,-0.11135171352889843,0.087429931982304407,-0.13238620563419187,0.98733474543912991,-7.3898025000945484,0.56739092810820146,-3.1101911891786584,,0.1678393104916235,0.1463414634146341,False,2
-0.39817486156027254,0.91719885946076862,0.014248923654842965,-0.91346130876869669,-0.39503529326934972,-0.097650163615722124,-0.083935790959734358,-0.051897680829326255,0.99511879377313539,-12.109063105507557,2.9801480141574448,-2.5453893537480683,,0.1252576232973386,0.8260869565217391,False,2
-0.97786872244502809,0.18862675629542019,0.090513581705713275,-0.20674538989674054,-0.9375302728182765,-0.27980945535441293,0.032079673006025565,-0.2923301803761571,0.95577924240960066,11.553584013455712,-4.2719624152426947,-5.2025161922249197,,0.2182085718172695,0.2916666666666667,False,2
-0.67004371668857299,0.7392520365851043,0.067437705558081582,-0.73901875816839091,-0.65574366152305164,-0.15443939085476363,-0.069947786250977126,-0.15331887286670412,0.98569804221245694,12.336939472116246,-14.924912226597883,-6.688096859887696,0.2845870660657294,0.2149882116685385,0.3235294117647059,True,2
0.99630417406665372,-0.083471961919198451,0.020258931628382701,0.080660334306675976,0.99026916302039025,0.11340588715067708,-0.029528007160980054,-0.11135266653410998,0.99334217692034255,7.2606415087985399,-3.9835741174731383,-4.8129462584838736,,0.2664899148443449,0.14,False,2
-0.96432602184288674,0.26466460480297743,0.0052887201812277266,-0.26324106808026038,-0.95664932336342912,-0.12460422217668421,-0.027918876636344549,-0.12155130222575315,0.99219242954912101,27.955427093213977,2.389762006238219,-5.0166320063669714,0.3632452099508581,0.3767001899612755,0.7555555555555555,True,1
-0.538119436286562,0.83678265324457901,0.1011052101505895,-0.83926677649465153,-0.52087341123873032,-0.15595565823914589,-0.077837973784711093,-0.16877701470724848,0.98257598644766397,6.2373258170786299,7.8608935862229394,-2.9658389151870264,,0.3140573715392286,0.3111111111111111,False,1
-0.66604404325983135,0.7286688271284858,0.15945868684174028,-0.74264753998157906,-0.62781920773189981,-0.23306152355590176,-0.069713440579306452,-0.27365084098918069,0.95929935548217127,-9.0032199409128424,15.20954752890632,-1.1444316018471736,,0.2160153388704759,0.2777777777777778,False,1
0.82311359733849487,-0.56308845205954861,-0.073589408433981512,0.56525985936803957,0.82483834568758141,0.011090305252715205,0.054454543095193798,-0.050725719714514048,0.99722695716458576,12.127767644841866,-20.611026411427098,-7.4588637246345302,,0.1792585440303669,0.3529411764705883,False,1
0.95532059003764269,0.26157472593702302,0.13762715212159174,-0.29472962557846333,0.87815137068841587,0.37680846323355538,-0.022293901778450812,-0.4005356824416848,0.916009906624631,-12.445824787114464,5.4728228272967394,-2.1343433015646007,,0.1896824231823015,0.25,False,1
-0.23641899836137764,0.96631965798263253,0.10164829467398981,-0.96765315911114946,-0.22467390641502538,-0.11475626099880049,-0.088053511434895732,-0.12549085374058055,0.98817944967067817,-16.177974544505918,10.493459787655985,-1.4533656728713338,,0.1477316410759025,0.4090909090909091,False,1
