axis_00,axis_01,axis_02,axis_10,axis_11,axis_12,axis_20,axis_21,axis_22,location_x,location_y,location_z,dbh,dbh_approximation,score,reconstructed,number_clusters
-0.43648837205332436,0.89970941142340644,-0.00093597990763746169,-0.88967402759413883,-0.43177425120535096,-0.14849619732667457,-0.13400755831915975,-0.063984146413054346,0.98891253572858029,7.0517094216011742,10.167147268063697,-1.0469627063873754,0.2458367682083201,0.2148132059852047,0.9893617021276596,True,5
0.80499380237330298,0.57856626513501741,0.13132423610396449,-0.5890729001642161,0.80577815486040605,0.060948202942175345,-0.070555626513359337,-0.12642247425785402,0.98946412849068532,-9.1009195802600473,0.62170563913043875,-2.8376573176649544,,0.3025924169287082,0.3818181818181818,False,8
0.30807338848842231,0.95134440644487073,0.0058828251139684817,-0.94382914645809035,0.30640467451425013,-0.12370415406126041,-0.11948778013444421,0.032557576105667174,0.99230170544883645,1.6525789870832868,15.727395564843928,-0.2331741205941853,0.1989589912888819,0.178009957390105,0.851063829787234,True,5
0.36971475896480538,-0.90690116876272031,-0.20209222424529197,0.91675847290997003,0.39144984542511785,-0.079504219161203704,0.15121143922130076,-0.15587587566222358,0.97613411580333553,-4.8004501268924065,-14.319830816797422,-5.4620149966320239,,0.2390623050318751,0.3026315789473684,False,7
-0.71654467629252383,0.69752787979542363,-0.0043108914326648769,-0.68737356201838273,-0.70713790463625859,-0.16575153110847254,-0.11866470880174702,-0.11580518440356523,0.98615812431387162,-1.7527714428314851,10.062231731128163,-1.1685465619537903,,0.1731639731568534,0.6526315789473685,False,5
-0.36357637080366184,0.93138732198012009,0.018162572723585735,-0.92171383061162948,-0.35683563201887331,-0.1520261365059597,-0.13511416303436038,-0.072013805456957389,0.98820958038825613,11.12527629118634,7.606258849789481,-1.418829426386873,0.1959604201073604,0.1962013578545313,0.8910891089108911,True,5
-0.9857857136802578,0.16613378131383555,-0.025021858649425119,-0.15934935553936488,-0.97175014216335276,-0.17409607719501716,-0.053238234316083766,-0.16763420865644024,0.98441071839707017,19.709820368308669,12.267861686627702,-0.7067672353291522,0.1331106170497818,0.1140260470202719,0.48,True,2
-0.63428984734159366,-0.68925586230147373,-0.35014674901022647,0.76828453380815209,-0.51153595503539273,-0.38479844310654376,0.086111931058181213,-0.5130860775630941,0.85400668167195892,-7.2751209956401031,12.280552487552448,-0.89403598768562997,,0.5403197418703555,0.1621621621621622,False,1
-0.37952234609141322,0.92517367173979326,-0.0040578241436594314,-0.91514472272246439,-0.37604540174911893,-0.14525836394703701,-0.135915140034125,-0.051415298723774039,0.98938543640314991,7.8682574857779697,10.278332327472253,-1.0452860529919683,0.2699916177275732,0.2391560455024511,0.9838709677419355,True,5
-0.88059307577353108,-0.45532005072014065,-0.13129922433860902,0.47211288869084739,-0.81911235840167518,-0.32582873514413835,0.040807538907599715,-0.34891058414134446,0.93626713551339114,-13.226499003060304,-0.97410823890334797,-3.0822999490979845,,0.2868695790725843,0.3214285714285715,False,5
0.10252339480590603,-0.95976927610741003,-0.26140369193592489,0.99137162939608758,0.12016368025274243,-0.052373489254250158,0.081677695523445726,-0.25377869608849418,0.96380761953078831,5.4768368899266271,-7.6822241586216578,-4.1395334347477766,,0.3161906241709335,0.34375,False,3
0.83070273716613396,-0.52923737433222651,-0.17274479463829262,0.53222263950593185,0.84598208956336896,-0.032455602526174757,0.16331572019262081,-0.064977732708432712,0.98443174968610148,-3.8990447114771389,-24.036545462167627,-7.3109113717501959,,0.2584201485211284,0.2558139534883721,False,3
-0.96762546754543677,0.25171385927605455,-0.018468557221127925,-0.24479736321766871,-0.95381246288195021,-0.17411500972847177,-0.061442701105601662,-0.16395706358502396,0.98455211938293274,16.737305425686973,5.3876323262246588,-1.7504812097176587,0.2023285180121216,0.1785273319689116,0.6779661016949152,True,5
-0.73992227630466123,0.67268077793471048,-0.0039491803304640052,-0.66329170258658443,-0.73054755277494487,-0.16230955121104498,-0.11206757920076686,-0.11747699405284939,0.98673198669161832,14.215652656741682,-14.788928743039126,-5.2431673889655137,0.2756630237326408,0.2901559129883577,1.0,True,4
-0.50092487435016742,0.86548108039883764,-0.0040950859491092912,-0.85530591973167491,-0.49574832803026486,-0.15061666218301267,-0.13238600352463165,-0.071945081324984006,0.98858376040875706,-1.0355544907574623,10.961374228533648,-1.0423014925085508,0.2926641672002934,0.204646355807127,0.9682539682539683,True,5
-0.60669611189178507,0.79484672032187986,-0.011769409880795835,-0.78501099459271106,-0.60138930548157266,-0.14862248020052091,-0.12521008818762733,-0.080929564721076985,0.9888239678376044,-2.7045749943709394,-12.598268583238497,-5.0820031634528684,0.291430282997953,0.2295452743227478,0.9743589743589743,True,5
-0.99184500844948242,0.12557341102618555,-0.021789852158622402,-0.11892608735229145,-0.97335797838928495,-0.19603783219827561,-0.045826465725834528,-0.19184776347190705,0.98035420674871698,6.348149324054706,19.326484289951889,0.4106177787918191,0.1932054569560844,0.1537243139142101,0.5714285714285714,True,5
-0.72658141363919504,-0.65475180734937699,-0.20827750749131388,0.68332082356461499,-0.65693768506167338,-0.31859932521709267,0.071778140384424288,-0.37380870604967859,0.92472425611336695,-10.845242641310707,10.240928091771853,-1.2387218388748193,,0.203808027621548,0.2592592592592592,False,1
-0.89945128050714007,-0.43551558871764257,-0.036243150773522456,0.43581686414821597,-0.88773074995500378,-0.14831647416367105,0.032419977145004879,-0.14919881892378553,0.9882755979551785,-11.868303483711463,-9.5952657615344403,-4.5624680053982711,0.3426192824555668,0.2909356561160819,0.9923076923076923,True,5
-0.52134657799936879,-0.84600619770530905,-0.1116747914820217,0.84733842873897325,-0.49772479909931538,-0.18516914306577498,0.10107092950257947,-0.19116364143254611,0.97634068306290145,2.5077567017986007,-5.6177857531784756,-3.8520036989992605,,0.08102076738775824,0.1951219512195122,False,4
-0.50236139286391968,0.86462766889243026,-0.0072128458645264668,-0.85535978925688516,-0.49816208821378999,-0.14210617435176454,-0.12646209662282407,-0.065219077363291675,0.98982514115657916,9.8875324354649816,11.937265642463741,-0.78946973240163887,0.08678457637890127,0.1327224664550191,0.7169811320754716,True,5
-0.17334374914758749,0.98430134540569703,0.033208523965893057,-0.97482067208958789,-0.16667635676469741,-0.14813388998622717,-0.14027331142545468,-0.058050439517563945,0.98840960364292052,-8.4465904864004848,-3.4023093171430965,-3.4206569151474229,,0.1070461329393133,0.5283018867924528,False,5
0.98993683517826292,-0.1249994224921314,-0.066334054104045609,0.12624603483265406,0.99188660792498418,0.014929692163647174,0.063929657016732977,-0.023153863515677126,0.99768577095096456,6.1921181461812731,-3.7975018400622256,-3.4518516549950755,,0.4081038601214997,0.3920454545454545,False,6
-0.95784338942999336,0.28645879152398085,-0.021849532807000326,-0.27991386975459603,-0.94766925743196251,-0.15352916347509191,-0.06468590916320778,-0.14094090703899601,0.98790252245793753,11.855314950028664,10.348293187556536,-1.013383091905091,0.03789957703109119,0.09326482119746114,0.4318181818181818,True,5
-0.85938806618217123,-0.51010905080956559,-0.035226523896514421,0.50824542259234584,-0.84463603804406739,-0.16815633693425858,0.056024477843131582,-0.16241526873845349,0.98513072145935021,8.3183089931179079,-15.939979568693193,-5.6689089170839004,0.2369839997055883,0.2648819778223275,0.9436619718309859,True,4
-0.9430070081950479,-0.33028702809165256,-0.040598787782506342,0.33222715856181073,-0.9274437104136839,-0.17167783528471162,0.019049871626090217,-0.17538142173127413,0.98431623947923719,-7.649291594883092,11.992143545557004,-0.92679425356794087,,0.1357323817575247,0.5,False,5
-0.99404260053958626,-0.10335140980174115,-0.034609166480704903,0.10818814406653615,-0.97414275420969765,-0.19834621222545049,-0.013214908094080168,-0.20090888609700078,0.97952079390451319,-2.3891828057740665,-22.985398803135993,-7.1629543572314178,0.1993950635172467,0.1705974122310303,0.8148148148148148,True,4
-0.14915499951754627,0.98873337963974561,0.01261309260605948,-0.97981722650208025,-0.14606912930552707,-0.1364624934320712,-0.13308263887034116,-0.032712588556906827,0.9905649386997375,15.346511083602579,8.6088678453777057,-1.250555270309049,0.2057521727939453,0.1605240272721568,0.9782608695652174,True,5
-0.99827994418105259,0.048914190658870586,-0.032319576081108824,-0.042594890135621309,-0.98392004352265128,-0.17345611343714276,-0.0402843441079693,-0.17178111044748851,0.98431114070359838,16.871766570515209,17.710979255637319,0.26201697357795012,0.134795363546837,0.2190118519989883,0.9069767441860465,True,5
-0.52920047534953862,0.8434164586802172,0.092712103401568643,-0.83845548909420653,-0.50304634605519283,-0.20961098856766336,-0.13015087282694787,-0.18866120679100915,0.97337952482808221,-9.636809549739576,9.7211620405730326,-1.3331586516710852,,0.2674053715564944,0.3,False,1
-0.45415519635897539,-0.88198889520378021,-0.12585168396711008,0.88443686131700483,-0.4293143623526024,-0.18292243334677508,0.10730561944216804,-0.19438304199439652,0.97503883872445785,-10.935464036646801,-3.6811258796496649,-3.4592276186623181,,0.1505414096837364,0.2352941176470588,False,1
0.43298222857356566,-0.88757621563127698,-0.15727317376186933,0.89071950008009182,0.4480703475542569,-0.076496639270495909,0.13836604322065937,-0.1069645973594542,0.9845879407118443,-8.5372087471679592,-2.2508657746472434,-3.2651054021005579,,0.1691237353903821,0.1071428571428571,False,5
-0.67390230979491683,0.73874326794263412,-0.010679930829069543,-0.72915844902028926,-0.66734993167146617,-0.15156524971251262,-0.11909505898819849,-0.094352810066937312,0.98838955587211175,-7.8398885176814206,-8.2124273561505738,-4.264987778808087,0.2937287647691951,0.269504222891668,0.9955947136563876,True,5
-0.001351351644888399,0.99975655176382738,0.022022966513045528,-0.9908193734476668,0.001638571231151902,-0.13518241115283713,-0.13518558743263326,-0.02200346085558607,0.99057594593290599,-10.555290730313411,-21.729820141902376,-6.7316516154151733,0.1716924500612973,0.2225640630472657,0.8620689655172413,True,3
0.76727954085768479,-0.63692422793609527,-0.074897490273238249,0.63187622089260931,0.77077706147380332,-0.081456509723184883,0.10961089203037787,0.015173970272080037,0.99385874397445817,12.29092918039963,11.70003262968506,-0.81322979285984687,0.1436032052821793,0.1222985608567466,0.84,True,5
-0.71747645917473069,0.69657848231582986,-0.0024389556508127071,-0.68619183937104644,-0.7073720486182915,-0.16960408136050992,-0.11986780264387906,-0.120013344291946,0.985509262808418,6.6141140324535899,16.858650320414714,-0.0071932229092305355,,0.1323164879103983,0.5581395348837209,False,5
0.27504167579955391,0.9568415319526159,0.093842204279023039,-0.95139984426851198,0.28493584797426397,-0.11683278163700461,-0.13852946581585437,-0.057147574487111288,0.98870811761157085,-10.099814401306888,0.38982357913681187,-2.8687362909837666,,0.1775524099056589,0.196078431372549,False,5
-0.7503230310835437,0.66103008340907754,0.0073876825725246991,-0.65165276888050305,-0.73770692568917062,-0.17645724864852408,-0.11119360519372551,-0.13721414146661906,0.9842805807012559,14.572491227771444,-6.8374517649938289,-3.9500454234108644,0.324072172625093,0.3018280061532618,1.0,True,5
0.3149540122342348,0.94910644637619512,0.00096105395762847642,-0.9416855993160016,0.31261751875897437,-0.12449304802215701,-0.11845759671047769,0.038304574297783195,0.99222001459829734,12.704785081690494,8.0123497381647653,-1.3395345140749266,0.1983977892813124,0.2199174800582559,0.9339622641509434,True,5
0.64224458831943887,-0.7617750047529932,-0.084974883983280569,0.75618406610071731,0.64782235870085736,-0.092259686443452643,0.12532975285135128,-0.005003368948558044,0.99210252461597148,3.1386337688501293,-5.8857267723252376,-3.8858318889154675,,0.0866940649028747,0.2093023255813954,False,5
-0.93334921274319715,0.35881140858707578,-0.010659274807166139,-0.35114662862866231,-0.91877146609359239,-0.18043014796579074,-0.074533833085254353,-0.16466136814684637,0.98353004100821961,27.237073545505854,3.9853263335277314,-2.2193218495065907,0.3837090903606087,0.2390290294607043,0.7027027027027027,True,2
-0.12813330859161279,0.99173045535737803,0.0072497686869621315,-0.98248742273939627,-0.12593519966026609,-0.13732730844747498,-0.13527867307253411,-0.024719008944066104,0.99049919293685351,0.017318543270422624,13.983847076463315,-0.47896450901784277,,0.2144619678486624,0.8115942028985508,False,5
-0.78703505668717644,-0.55406168711416071,-0.27127747126811685,0.61393312656869492,-0.66031331084671008,-0.43251872516718182,0.06051392936342119,-0.50695362548350231,0.85984654791545989,3.915559445459277,-16.553755659603482,-5.8799258978503266,,0.6729592799683166,0.2473118279569892,False,1
-0.61274203463178978,0.7902817613486246,-0.0013916447146780555,-0.78037625358128693,-0.60533791134017956,-0.15677664347965026,-0.12474013725233409,-0.094977633019706881,0.98763310362919909,0.75059807468634876,9.5139156709909773,-1.2455572388835612,0.2274590949896365,0.1968553343193832,0.8322981366459627,True,5
-0.036286359138849408,-0.99350105045167836,-0.10788402519306672,0.99087798898503254,-0.02174860531655249,-0.13299552290119826,0.12978486462382569,-0.11172582923476845,0.98522750062936193,10.398521483424325,-7.7855517045407678,-4.1280669570449007,,0.2384990591760953,0.5102040816326531,False,3
-0.91820924160810447,0.39541578128199328,-0.023198028765867226,-0.38769094209363153,-0.90918397570863774,-0.15192179479320622,-0.081163551203872752,-0.13050233035385764,0.98812024558157419,-14.93259070526323,-12.340700094813155,-5.1555433876138324,0.2522710202787475,0.2392433663114895,0.9857142857142858,True,3
-0.96033086596252781,0.27820900541135796,-0.019088666472170543,-0.27115463718213928,-0.94757797248434628,-0.16903002335999229,-0.065113674556771278,-0.15714876827541535,0.98542603680602847,-8.2990115816533852,-13.617043812322965,-5.3149893532557968,0.1683620288862881,0.2306151729062174,0.9789473684210527,True,5
-0.81858184661371292,0.57437881905191135,-0.003568279559479106,-0.56515888476853127,-0.80652014703309738,-0.17355312557513938,-0.10256312866558297,-0.14005079312250171,0.98481804409956097,1.4729610896771403,10.224917551136087,-1.1245202658819657,0.214953001932707,0.2070308152858996,0.76,True,5
-0.36863863878804731,0.92914470670881877,0.02820758740977054,-0.9206675173435509,-0.36074874650552369,-0.14910286517420482,-0.1283622861317113,-0.08093488672802121,0.98841927723479994,8.0144534321987191,17.51064605386906,0.14313925773538322,0.178626129874779,0.1254072222090699,0.3214285714285715,True,5
-0.96093963199394616,0.27632408658066565,-0.015492670483214489,-0.2689585422574845,-0.94559038265707585,-0.18308503699968331,-0.065240525826127604,-0.17176678200923268,0.98297499784487119,-2.5288825891816669,-19.97108026218817,-6.5848386684655322,0.1201344565300524,0.1217998804640404,0.4166666666666667,True,2
-0.89675488313697338,0.44245028927610219,-0.0082717041465968887,-0.43355014358471017,-0.88215507465790899,-0.18394753940452346,-0.088684567810147857,-0.16136965568158979,0.9829012573282907,19.794306439815315,10.770388624617631,-0.96286783636507345,0.285134594164846,0.2605616022682536,0.5185185185185185,True,4
-0.05974623538426118,0.95720697331931948,0.28316990939412423,-0.99631341316814714,-0.039687634981555288,-0.076055732004945448,-0.06156273303424499,-0.28667002260166458,0.95604933347757515,-12.036539162064422,10.273645854240575,-1.2385718547029412,,0.2392335539550613,0.2272727272727273,False,3
-0.87314713931575949,0.48734687310708696,-0.010348834593769042,-0.47876941730156869,-0.86138312177701848,-0.16970257091273977,-0.091618328741692262,-0.14322060881877952,0.98544098709570438,-16.668407021753776,0.76335875626918637,-2.8487990174787194,0.3621512728047416,0.3074042270807298,0.9902912621359223,True,5
-0.96075484381162901,0.23536805339557279,0.1468060268969662,-0.27707645227469768,-0.78872781173157358,-0.54875958178057549,-0.013370478202411908,-0.5678999193888864,0.82298901078370224,6.0652360843805759,-3.1782513809033874,-3.3531474992308286,,0.4533127913673851,0.3146067415730337,False,3
0.54617090854677619,0.83767023788220618,-0.0024313007956712276,-0.83274335228293284,0.54263950305988429,-0.1099130517614109,-0.090751572359788063,0.062055960916673973,0.99393823240125756,-7.2937231241607279,-2.5128941646796221,-3.2912015635849259,,0.08265181546553726,0.2121212121212121,False,4
-0.25051013695891367,0.96809983139770983,0.0052333286303093678,-0.9581745197978051,-0.247161948776456,-0.14426559079444778,-0.13837001442174102,-0.041154435055666523,0.9895251647048583,4.5225037788565157,8.1912084363287292,-1.3761421294122811,,0.1716993022655171,0.8333333333333334,False,5
-0.92092702804210924,0.38959106335448362,-0.010593034308128382,-0.38222613782287529,-0.90815978805699216,-0.17073072049660515,-0.076135330737699791,-0.15318160043100532,0.98526078207896783,11.932316991846108,-9.6622545651927805,-4.4588738401702344,0.2975208075751177,0.2586632911630784,0.8461538461538461,True,5
-0.69763335219081002,0.71642917827152786,0.0060776995811587624,-0.70648103200474155,-0.68648614833228372,-0.17210845291682697,-0.11913126092059576,-0.1243623764210519,0.98505925811718542,4.098438842421559,15.784466158663156,-0.25470425743540087,0.1510451250287873,0.1042626764738789,0.4565217391304348,True,5
-0.64183324068688541,0.76676677764538614,0.010899534333244143,-0.75501175557026368,-0.62937860761589015,-0.18395601981504117,-0.13419143079973117,-0.12629836489358981,0.98287404224810349,4.7738740117109044,15.056346316160118,-0.40067457985820853,0.1751614933412657,0.1701894918648758,0.5531914893617021,True,5
-0.82474899243005506,0.56549771278955097,-0.0011984637651675425,-0.55638394720267925,-0.81183237305605704,-0.17710195186202285,-0.10112370039103671,-0.1453978503553561,0.98419178127602058,4.9602249523391695,13.746593604644438,-0.57420073003159289,0.1775569149543999,0.1960029881388798,0.7941176470588235,True,5
0.036170945686624739,0.99933009079035673,-0.0055706668427807776,-0.99064283184318347,0.035121336839505864,-0.13188355248598935,-0.13159955321297254,0.010288893990317103,0.99124956305392775,-3.9222674836046711,-1.4954810910467784,-3.1222988846429511,,0.1943772661456453,0.9587155963302753,False,8
-0.91424015561218219,0.39880224869690573,0.071566083450923038,-0.39654872341654657,-0.84446350723466979,-0.36004235154441044,-0.083150753592017151,-0.35754461453532344,0.93018697087943947,4.0484481043901699,-2.8648483591947649,-3.310171884541079,,0.3175096399846678,0.2230483271375465,False,4
-0.7546797430077985,0.6559477772510407,-0.013820239256342223,-0.64669982072084553,-0.74726136534361598,-0.15290452493115164,-0.11062471411628497,-0.10645640133037532,0.98814432510766181,-0.49726779015909128,-7.5968671772614993,-4.1487480986388894,0.2814386742120345,0.2485290557325687,0.9713656387665198,True,5
-0.79139422152296335,0.61129738898816421,0.0032693051736003859,-0.60226085343582692,-0.77875649247202361,-0.17555679950210593,-0.10477142052494216,-0.1409036111990267,0.98446387531095392,7.751506651085073,-7.1695463713002763,-4.0593528148593565,0.2820880317334758,0.2677753781847932,0.9607843137254902,True,5
0.36737930466394381,0.90822487577906819,0.20039965449255115,-0.92291799424864007,0.38266256898113093,-0.042328881308499683,-0.11512958957932964,-0.16940169219006651,0.97879938919394394,-9.0051722624446189,-2.4178137158874922,-3.2899181836598652,,0.3812677992912229,0.1355932203389831,False,1
-0.40871548193076446,0.91264059644463535,0.0062286877658925301,-0.90254827851917063,-0.40316373456975035,-0.15121378267160515,-0.1354926557868969,-0.067425105479738637,0.98848145929949616,9.3196334468670603,7.4576608531649278,-1.4206185961332418,0.2154879432329241,0.187368076757749,0.9576271186440678,True,5
-0.90787489662373411,0.41917915408876338,-0.007211716707771534,-0.41064047587676139,-0.89258477538777858,-0.18619027449804176,-0.084484150301410335,-0.16607605343148665,0.98248723799572635,3.1549106653510628,14.056423766994325,-0.49077474209907945,,0.1808907864467809,0.6666666666666666,False,5
-0.99559883108673197,-0.089107885631160039,-0.029030195608630627,0.093057927303229274,-0.97665263871812069,-0.19362294660230053,-0.011099085762266302,-0.19547226914136581,0.98064642062874319,3.4997849584565643,-16.782585906545243,-5.9849087313620384,0.1870048297466574,0.1344963671589242,0.5116279069767442,True,5
0.33897563010285187,0.94070171795010804,0.013258960822448103,-0.93519816484384666,0.33846054047124563,-0.10415783703886368,-0.10246909128647928,0.02290721261150902,0.99447239526358666,12.916003280384482,-19.024255267363301,-6.2126912171472162,,0.2425441232218769,0.25,False,2
-0.70475623588449687,0.70943877363304153,0.0039082538252588894,-0.6998382673042457,-0.69429428611445665,-0.16787448848889874,-0.11638319293827623,-0.12104573819372585,0.98580062977593463,15.926794715047912,6.4160504606514435,-1.5862179612706346,0.1674229180550788,0.1901774448084977,0.8571428571428571,True,5
-0.99899940205754656,-0.032871866392264415,-0.030325485792529784,0.036993402294552509,-0.98840628655497931,-0.14725658180627671,-0.025133302117652676,-0.14823108006920946,0.98863333143596666,12.066466005970788,13.080347406911141,-0.59300515052943759,0.1968948390767292,0.1876089370889386,0.9538461538461539,True,5
-0.53658129175577018,-0.82019200295312178,-0.19840765012835473,0.83514509793713876,-0.48247715997467699,-0.26409932884113346,0.12088499794960643,-0.30740993541932971,0.94386754837541043,4.361781197899167,-6.1408503283822151,-3.9061794709807427,,0.5420894497736358,0.4320388349514563,False,6
-0.81207283741666558,0.58354132520322743,-0.004150724046228578,-0.57175634311822521,-0.7970553940729308,-0.19441549033788533,-0.1167578298621595,-0.15550633607447431,0.98091048959962346,2.9432532503966211,17.468104739038736,0.077801645117284851,0.282045619439057,0.2065856148733941,0.4482758620689655,True,5
0.55730069787212888,0.77995859186725647,0.28474642600686834,-0.82473082314986779,0.55967778214067943,0.081116271639124465,-0.096098915174835708,-0.28004530910289666,0.95516471006402015,10.103867032918904,-7.9609322524061312,-4.1817861945997832,,0.4609267887127507,0.1884057971014493,False,1
0.16860502603068811,0.98440411140245043,0.050208471906076385,-0.97720197188215574,0.173605135725791,-0.12221932334642034,-0.12902965297488062,-0.028457025557531358,0.99123233721948378,-6.291540693812613,-1.6615848903753181,-3.1708487104999512,0.33576893588926,0.2372916025963655,0.2442748091603053,True,5
-0.92915275340802006,0.36904982309828888,-0.021849231231717184,-0.3616142813007292,-0.91954230163834039,-0.15387354242045936,-0.076878295985619099,-0.13507103156778474,0.98784894798626088,1.3310965195802309,-4.4616739742587965,-3.6099710624673138,,0.2564358886926855,0.9835748792270531,True,5
-0.94683423035908809,0.32084417025749473,-0.023747813206556386,-0.31384574302208018,-0.93736796411684564,-0.1511361949843886,-0.070751606393297972,-0.13564777277648335,0.98822765187660488,13.709923510031484,5.8217663980240051,-1.7065678019429198,0.2221098836964168,0.184093403847583,0.9122807017543859,True,5
0.087989324844348973,-0.98102031481186147,-0.1727918419366837,0.98764300812937944,0.10850185750372748,-0.11308684897631183,0.12968873199544351,-0.16070621906036203,0.97844485994292862,-3.7799979393374641,-3.0720537946772506,-3.3525825069556743,,0.4248001745025125,0.2745762711864407,False,7
-0.48567215575645178,0.87412906771771337,0.0045749419497452155,-0.86407849738628961,-0.47928301512779481,-0.15380553229537317,-0.13225319458347257,-0.07865217340272776,0.9880905465297678,-12.323573345885761,-18.173947947669305,-6.1146515435615258,0.3364707007645962,0.2733887570577352,0.9824561403508771,True,5
-0.47447470153813642,0.88025761281673465,0.0045047395576378896,-0.87091814724891969,-0.46868433447782026,-0.14777203865276467,-0.12796616112397732,-0.07403735336482932,0.98901118897307017,-6.4037785513835832,-4.680141400408079,-3.5935780302572118,0.3086230234728079,0.2527534032652801,0.9284009546539379,True,6
-0.97482366291204259,-0.22067440875498939,-0.031962971504322923,0.22296131358910268,-0.96297712611468422,-0.15153648808959225,0.0026606144726598335,-0.15484786049713817,0.98793474543113868,7.054080939007104,-12.285256618006764,-4.8826485057071292,0.2882534902880763,0.2563103539231816,0.9846153846153847,True,5
-0.26643946811705127,0.9636606230992284,0.019188885259737283,-0.95397910481930248,-0.26081594946918196,-0.14798279653612767,-0.13760042658969743,-0.057734253182124086,0.98880376142682502,3.1091100037518302,10.65063537035785,-1.0102184852998717,0.2492822604956038,0.171952857816057,0.7281553398058253,True,5
-0.50293354017378611,0.86419640631528993,0.014913935764930766,-0.85367263140643201,-0.49396044945590833,-0.16506396566463175,-0.13528079152592343,-0.095747823395912479,0.9861700977818505,-11.922711684283904,-3.2731361924061151,-3.418455490296791,0.2267766521681885,0.17053856851818,0.5806451612903226,True,5
-0.61996201614006363,0.7846207148616996,-0.0041752069964018264,-0.77474660058192146,-0.61298473312655366,-0.15497555239625449,-0.12415636685367347,-0.092844228488813837,0.98790948259747613,3.7855019465067956,-3.7512973458249368,-3.4703138110293139,0.2722894293305368,0.2427806606192803,0.9929971988795518,True,5
-0.92712697436764269,-0.37178099829551337,-0.047058078013174881,0.3739566149790674,-0.90969425514327851,-0.18059017767507618,0.024331533311734509,-0.18502770458963599,0.98243204600674161,3.9382728676949017,-14.410015316321042,-5.29517312807846,0.2144716980046293,0.2485600548154252,0.9174311926605505,True,3
-0.9084680945388468,0.41771323962068979,-0.014190512694961696,-0.40892118719329867,-0.89534205155951196,-0.17648250160746326,-0.086424440231805344,-0.15452592065667575,0.98420148139282271,14.045936660455498,13.273647456170927,-0.54751595367037897,0.1928004889832646,0.1644300627785288,0.5227272727272727,True,5
-0.33932854247011496,0.93049234687750848,0.137985987214266,-0.93496476300478593,-0.31749433785464326,-0.15823475398801592,-0.1034264579520814,-0.1827056042726381,0.97771244748282637,-6.6587309016646206,12.635554127603223,-0.81276378242944192,,0.2607677541727739,0.3434343434343434,False,5
-0.63363650350871348,0.77361097104840626,-0.0055539980910427351,-0.76474681210787721,-0.62742877741283321,-0.14661324171123777,-0.11690635052080142,-0.088652099511408358,0.98917830064156176,-3.0212430205985403,-15.05933797235884,-5.6426674241771959,,0.1380529556376014,0.873015873015873,True,5
0.98176944830433488,0.19006815739497485,-0.0016869856786728542,-0.18931395767983497,0.97700295058236974,-0.098109428603679744,-0.016999288332121682,0.096640209529067017,0.99517420289031744,4.4999670115203854,-5.5588991369465068,-3.7774418918962103,,0.1163297253875085,0.6036585365853658,False,5
0.48092227052997899,0.87003889789996747,0.1083793608086837,-0.86925025869699224,0.48929216331321213,-0.070690640649865966,-0.11453277899143606,-0.060212084013810604,0.99159303520910835,8.8766176881625469,-5.3667136934574726,-3.7083916831998209,,0.2309102752561373,0.3777777777777778,False,4
-0.68777679691043525,0.72550751122400559,0.024534237081542995,-0.71679649028252734,-0.67340045086162637,-0.18092712427386748,-0.11474262133259276,-0.1420235330391062,0.98319044285062984,-4.7036236621113048,-19.243666498575884,-6.3937987606718423,0.1716455355514384,0.2239938970619932,0.94,True,4
0.94882654543775402,-0.31395639067524317,-0.034052480479883102,0.30925111206120198,0.94558161602179425,-0.10118872037200238,0.063968244946758707,0.08547977653098765,0.99428430111444743,-0.94908177812373229,11.806773273293466,-0.89137178968246489,,0.08480069045594762,0.3,False,4
0.96790863902773727,0.25070925086398815,-0.017255086980101697,-0.25086001301968891,0.96799677403605122,-0.0071763029172028925,0.014903703004104894,0.011274616934324896,0.99982536607637096,-12.310246818858886,-0.72670822737734708,-3.0538619854828113,,0.2474175009452656,0.5,False,6
-0.38930955839160913,0.92109316194747848,0.0050452709073327637,-0.91172442026913048,-0.38455839608514381,-0.14447636998949573,-0.13113599517237937,-0.060845928491721962,0.98949538844611695,8.2639573590876179,19.502230161175159,0.4565274424229383,0.1696711278893572,0.1847387688578546,0.8571428571428571,True,4
-0.75986756452634863,-0.6455439445836394,-0.076643982100305624,0.64720568271188239,-0.74016331831042692,-0.1824364724860284,0.061041695964668151,-0.18823197878972206,0.98022580741105969,19.547413093751388,9.3643252761404359,-1.1614910245763079,,0.1623275492395945,0.9411764705882353,False,2
0.19942783987730661,0.97976439504081203,-0.017037220788131715,-0.97167902441472387,0.19547319220098938,-0.13277840428023893,-0.12676123301042347,0.04303442042211382,0.99099930800410285,21.663649060545772,16.980273430641802,0.1400616739066817,,0.1883903324062611,0.96875,False,1
0.9353880230791477,-0.29530743706017792,-0.19453216674121554,0.3016969779501027,0.95339786201748589,0.0033838138632281689,0.18446728646526547,-0.061854945779903019,0.98089030268766864,-5.7934702820286734,-3.3925987471801848,-3.4093599640731744,,0.7099979232028846,0.5931372549019608,False,5
-0.77362633331237896,-0.63103713390410232,-0.057397143132225048,0.63054254913164964,-0.75772853929910133,-0.16811768040932726,0.062597045778585353,-0.16625160560351745,0.98409451451273089,29.420918912677614,5.8613786475020877,-1.8822922391092793,0.2433738651160056,0.1851248345141891,0.36,True,4
-0.82979873499025647,-0.55551570264329897,-0.053257520833136292,0.55564123365138562,-0.81354653916122766,-0.17147841871546196,0.051931482502776669,-0.17188464950515808,0.98374731938112692,0.27841710936453679,-24.782919641084266,-7.4916380350372709,0.338182634106966,0.1804003251801115,0.9767441860465116,True,2
-0.8823184806855584,0.444714490660641,0.15408802820847073,-0.46211777747528399,-0.75650736428532595,-0.46275670446074901,-0.089225884036145578,-0.47950560953811155,0.87299090031881355,-6.180854684907982,-3.0653091795860621,-3.3765069121829892,,0.3942298057880634,0.3045977011494253,False,1
-0.8990837477701602,0.43763339495861342,-0.011199380007995941,-0.42916403008075971,-0.88615660830447107,-0.17477042325050079,-0.086409778268468934,-0.15232687607679982,0.98454551598404005,14.092191397303251,12.305252861886878,-0.71144853309331657,0.1899393612260256,0.1890762634170042,0.8043478260869565,True,4
0.62055284545692646,0.78415608443046925,0.0036607712283799592,-0.77992861694994231,0.61767851176232769,-0.10091882168171595,-0.08139728777951924,0.059770321713628484,0.99488792845445007,10.90583692542031,17.106503280160677,0.10830161775583069,0.1499712512525823,0.1641523277311088,0.9591836734693877,True,4
-0.05128956576801131,0.99826596906612275,0.028886596334699526,-0.98975555391031511,-0.046950719168726306,-0.1348316486334884,-0.13324159991164139,-0.03550612586603092,0.99044736916151777,9.2369083773500407,15.942943540861489,-0.10308853923748472,,0.112788825293679,0.2692307692307692,False,3
-0.87456057831390721,0.48334200428062934,0.039042307273372365,-0.47631369709902421,-0.84115833582964716,-0.25608185414073686,-0.090934354427263844,-0.24255548017367654,0.96586633765889895,-5.2797460851816114,15.436455280726987,-0.26884900596013922,,0.163702591283944,0.5333333333333333,False,1
0.98746106019393887,0.15452940070895532,-0.032269473457016723,-0.15723371587841198,0.98098893788444519,-0.11374648275623421,0.014078820679616749,0.11739407167688917,0.99298560852783369,6.0890299822833738,11.496890993155629,-0.86623902237415917,,0.1106313953806563,0.15625,False,3
0.81554569959995238,0.56604278930169249,0.12033608163632405,-0.57134519838583697,0.82062122359478695,0.01206116359411144,-0.091923207871967477,-0.078589872536829003,0.99265993965162735,-7.6785495706805333,12.901238762683661,-0.78986141795937481,,0.7602358980839035,0.25,False,3
0.98045778384099225,0.19274252055552818,0.039406279645685174,-0.19671748379488674,0.95830517850462615,0.20725206011190137,0.0021830426062321492,-0.21095379973141146,0.97749359522395896,-8.273610956364605,10.194239170812624,-1.2023899259102089,,0.2864834110287233,0.1304347826086956,False,2
0.61361234587591129,0.74534754807066128,0.26064712078539171,-0.78458134954512015,0.6127161244501329,0.094926586290499576,-0.088949395358368974,-0.26274699508055799,0.96075596362526872,2.1063239318194187,-19.544541528412481,-6.5203130778545644,,0.2750711050138491,0.15,False,1
-0.99004752838802379,-0.13702437129483666,-0.032096934495692148,0.14038805960846396,-0.97755707697607297,-0.15707754127617102,-0.0098531341275951995,-0.16002025785897106,0.98706455352353362,14.078896312091771,9.9964931997871531,-1.0746450038166775,0.1000801661734785,0.09835702618204559,0.6285714285714286,True,2
0.6125367744162703,-0.75826531768794236,-0.22323173604869542,0.7799922884429209,0.62560371061654696,0.015232440132251251,0.12810437134339342,-0.1834494623988063,0.97464637935422649,-10.512739401555157,-0.56386741149568143,-2.9992944880059502,,0.1800459966594165,0.2352941176470588,False,2
-0.1694267560767499,0.97315065623049946,0.15579593898256094,-0.97579820693663577,-0.14346727646009694,-0.16503030001902294,-0.13824772571205687,-0.17998594629378842,0.97390586068273233,20.049457443805757,-8.0196851162965679,-4.1344976772566042,,0.2812393038428627,0.34375,False,1
0.90481559987908555,0.41829939297738689,0.079588617591966337,-0.41837564909530323,0.90812383161125509,-0.016520372386147189,-0.079186782101145145,-0.018350048894839099,0.99669088951691676,13.95617760249973,-5.9825791551951646,-3.8222030281890111,,0.1831752387870535,0.3125,False,2
0.59487704341437231,-0.76032028660401241,-0.260833979759095,0.79387837172322173,0.6065989026417683,0.042366286406640197,0.12600965887050783,-0.23227318633926669,0.96445359285926424,-5.1057264986773259,24.003501977027351,0.99569765132319688,,0.198356919717287,0.2173913043478261,False,1
0.9815145285680692,0.18857835413861967,0.032671617042504153,-0.19136504781632915,0.9643700371511511,0.18267416325069999,0.0029408645083986197,-0.18554955078215279,0.98263050813644415,-1.0400470922531704,31.268281362021,2.0762073914057204,,0.3579214210561684,0.1944444444444444,False,1
-0.61027463560948758,-0.78848674787533013,-0.076508284235723617,0.78712214974466732,-0.59262939448171936,-0.17096526599741185,0.089462788426487833,-0.16455713056934831,0.98230207180161311,14.895708918466568,6.4879187824049609,-1.568256650963058,0.1973573885851553,0.1820524363477344,0.5625,True,2
-0.77704682027791028,-0.62688308965000983,-0.056708297513215378,0.62633191178246361,-0.76111601788708749,-0.16855486821396598,0.062502602977106497,-0.16649324078340533,0.98405966556633429,20.266704997637856,18.401466024218767,0.40636560029401581,,0.2158860979030302,0.6521739130434783,False,1
0.94756604067532013,0.319339897871187,-0.011858675580261763,-0.31918309608925749,0.94399467784030489,-0.083643286521127624,-0.015516111941265445,0.083042626625122282,0.99642519660706463,-10.02041426178334,1.3491767095651239,-2.6971245662671728,,0.2289477782215812,0.1724137931034483,False,1
-0.60867641075653678,0.79330900755147116,-0.013185049345386446,-0.78350964431541725,-0.60360987049792902,-0.14753901688096793,-0.12500265698483792,-0.079472905918770653,0.98896834781076703,14.504868811555692,-4.6811526137880968,-3.6028387574293284,,0.2210419322091524,0.4523809523809524,False,1
-0.13438965335204126,-0.98494697531662789,-0.10871465810342723,0.98234517089194573,-0.11801261825558204,-0.14515848978870532,0.13014371401336902,-0.12630311851688053,0.98341757964545173,-3.289518496291898,21.327193981153091,0.61928875146168927,,0.3214410379275001,0.2380952380952381,False,1
-0.93744405864791847,-0.34356182033965599,-0.056248666745267975,0.34757852217025303,-0.91450627833886677,-0.20704453097036668,0.019692837064811286,-0.2136434938950825,0.97671318701276966,10.406348611124944,20.084903242445904,0.56418684330465363,,0.2605591753275461,0.6666666666666666,False,1
