axis_00,axis_01,axis_02,axis_10,axis_11,axis_12,axis_20,axis_21,axis_22,location_x,location_y,location_z,dbh,dbh_approximation,score,reconstructed,number_clusters
-0.90755156198918141,0.41965961898502924,0.015361201917055449,-0.41767819060508726,-0.89826595767728534,-0.13661331696057105,-0.043532647792856344,-0.13039966821832458,0.99050534329941542,15.962196682372845,-9.3460308458657853,-3.6744864960598176,0.3550029537031411,0.2326676720472456,0.9340659340659341,True,5
-0.2649188993943839,-0.96396527921358033,-0.024267616577568329,0.95664659059202328,-0.25958256622639836,-0.13207646277811391,0.12101767413204298,-0.058205083815806358,0.99094242555542478,20.659144755676547,-14.744838634060383,-4.5326016479860876,,0.2379240644197857,0.3714285714285714,False,3
-0.75275644351194526,0.65752772125959147,0.031859575113607125,-0.65457487914688994,-0.74247999801601627,-0.14232069468623942,-0.069924704797982809,-0.12798729749982346,0.98930773136451811,10.115995481190074,-7.2324816156275906,-3.3119412285182523,0.2558698480849966,0.2335404253430488,0.9513274336283186,True,5
-0.89422403041435272,0.44562718058480044,0.042187668263992881,-0.4449167416427427,-0.87452595593779592,-0.193011516229186,-0.049116966880254617,-0.19136553586036859,0.98028911819389153,5.9403344610089563,-11.010994749008129,-3.9961083719555233,,0.1173272730885181,0.2291666666666667,False,5
-0.99948015294097525,-0.032133066174569153,0.0026248686266505082,0.031431161225895489,-0.98929093439870253,-0.14253255494986389,0.007176766756567296,-0.14237595715135679,0.98978663399954958,17.444985768743269,-12.312703312790902,-4.1019021237554067,0.2015024498724597,0.2413165765329723,0.9418604651162791,True,5
-0.8758883894650088,0.48201960001199085,0.021831958333501093,-0.48005047931248246,-0.86595834278008932,-0.14024152695054196,-0.048693598267648443,-0.13331636723915108,0.98987659822520613,21.631665154360288,5.3684685930773606,-1.4193288331701135,0.2129710495333118,0.2521349990240322,0.9487179487179487,True,5
-0.33583854888842218,0.93642886910940148,0.10155511892075475,-0.93646663047766709,-0.32036334288941543,-0.14282009149460048,-0.10120631937940479,-0.14306747230313607,0.98452474792991729,19.369890657523989,-18.979247452601012,-5.1420863180598335,,0.1744158202033389,0.7916666666666666,False,4
-0.87419658239773124,0.48534919077368105,0.014713882542040846,-0.48284628704973326,-0.86568355375156658,-0.13210392820180006,-0.051378968522290999,-0.12258934610883912,0.9911266588152059,-9.9981566241573852,-4.8946313299750557,-2.8246128751764923,0.3099101476706373,0.2893708213045664,0.9836734693877551,True,5
-0.98788765962962677,0.1445077284746816,-0.056528650811664055,-0.12828270671093067,-0.96554358190182488,-0.22642689461968077,-0.087301312191837732,-0.21643268667020318,0.97238643194478058,-10.957627004338244,-12.848166495975226,-4.437706232373638,0.3900246168099764,0.3719277914232168,1.0,True,7
-0.87817538130297057,0.46505394542493211,0.11195011173771904,-0.47636452515733246,-0.82902029955655832,-0.2929200950682358,-0.043414730737535281,-0.31056427799709896,0.94956041955587456,2.062937853294573,-12.103833716208035,-4.3276158721181828,,0.278474275762036,0.2361111111111111,False,7
-0.66378567436621105,0.74737153640177034,0.028711758613028115,-0.74350126329972999,-0.65520702878078052,-0.13382683179380664,-0.081206218837605385,-0.11017956259088871,0.99058872091770744,6.0035138182709318,4.7262088060357597,-1.2635803472297273,0.301608705837026,0.2644447740315322,0.9744525547445255,True,5
0.53313763661046176,0.84512767789108756,0.039031634501136711,-0.84295032122083347,0.53456419059294524,-0.060629053179179854,-0.072104205030675356,-0.00057809871862936693,0.99739693674021568,-0.54028871444298265,-14.823080095630653,-5.0404347895074464,0.2835885390568743,0.2495669460590977,0.2894736842105263,True,4
-0.2438291157610557,0.96689137784996171,0.075288948369488087,-0.96314757668237783,-0.23233157732147458,-0.1355314860472587,-0.11355222515672866,-0.10556089057372207,0.98790829055294238,26.205136184750458,-10.999422498235992,-3.9588867331901048,0.4496107943857718,0.3390823533332541,0.8688524590163934,True,4
-0.95740293071967264,-0.28873121677577074,-0.0037299743383872284,0.28649525894091338,-0.94821721381504775,-0.1371297999313322,0.036056828115644424,-0.13235709230717901,0.99054606417986812,10.873388297949647,-18.275359904885292,-5.2675191421502365,0.2557499970280676,0.2670621743972735,0.9743589743589743,True,4
-0.56402881931992566,-0.82569530018899262,-0.0099379184128637402,0.8208034235018058,-0.55928998433708144,-0.11608812767868734,0.090295243198558084,-0.073634127047430956,0.9931891986875796,-11.938882530499932,5.9308867374017593,-1.0271619566551258,0.323473439103364,0.2954778859189929,1.0,True,5
-0.99998010706492557,-0.0053524320601549867,0.0033372062365849345,0.0048679175976649378,-0.99132960133007075,-0.13130851040595026,0.004011091208937962,-0.13128965304931167,0.99133593607288772,-6.193318372857612,7.2731897980980946,-0.70115711550737236,0.3391870713516312,0.3065935858094411,0.9953051643192489,True,5
-0.63326194574514139,0.77191564932598578,0.055906514796764444,-0.76956378066676223,-0.62036929696013154,-0.15137213374684524,-0.082163833631096014,-0.13888184083902128,0.98689459352466169,2.8507244288837557,-14.768534262359243,-4.9491283026561668,,0.2070695169668075,0.639344262295082,False,5
-0.70290269923002979,0.71020076716275293,0.03927678368422579,-0.70756423359960263,-0.69251648289256951,-0.14061925989249924,-0.07266808615717911,-0.12663250468795323,0.98928436660583585,18.825031635197103,-3.1428300219119056,-2.637774106728481,0.4200006669841225,0.2731478222320581,0.9876543209876543,True,5
0.57020851552115259,-0.78502603956411865,-0.24206686273308414,0.8186626969063765,0.56747876586906287,0.088086542568676929,0.068217574869981756,-0.24839880735220829,0.96625275936726729,-8.7503504085675772,2.9205618748131954,-1.4689304565952828,,0.4465081328858294,0.2058823529411765,False,8
-0.51412099431440506,0.85734404218445859,0.025313959310663884,-0.85263154294738841,-0.50764043356751742,-0.12377658170485881,-0.093268725606842601,-0.085219619444098893,0.99198717798441283,11.57733476304494,8.6746536103737739,-0.72033331324967276,0.2754603024313382,0.2399565217090946,0.9506172839506173,True,5
0.97313416685532028,0.23001314491848199,0.010190508501233004,-0.22854407491089618,0.97038496201892388,-0.07823446370147405,-0.027883671241909345,0.073803649315220751,0.99688290296595572,-6.0482074557831726,-16.844291651562891,-5.3242341907185731,0.3365176368181094,0.3368480600893373,0.9935483870967742,True,4
-0.88581206008295976,0.46097509564019062,0.053281848795824795,-0.46312851845365832,-0.87100765664636293,-0.16388299929624253,-0.029137083012949493,-0.16984588091246094,0.98503979976982015,1.7342994648653955,22.80451867393834,1.5334050150001883,0.2790090433258422,0.275003548746604,0.4,True,6
0.98724549730163602,0.15914833103145157,0.0042587307439563397,-0.15916822676490083,0.98608513375496709,0.04797483273515557,0.0034356434860324629,-0.048040792222366159,0.99883946589854178,-8.0446972525999954,-2.397275195503469,-2.3473761801969513,0.5668640381947685,0.6558459846608456,0.516,True,6
-0.999927923224607,0.011889231780198396,0.0016716828047428078,-0.012003245872600068,-0.98686799874046993,-0.16108219998032158,-0.00026541334718491183,-0.16109065531450029,0.98693957784967667,20.910439605326953,1.8170932018696657,-1.8909614260910128,0.2273625721447832,0.223794594184551,0.847457627118644,True,5
-0.74602114897188554,0.66548527240428501,0.024120478843936116,-0.66209920728428806,-0.73737586504269281,-0.13379638771677038,-0.071253666573612956,-0.11578508481464056,0.99071526138153365,16.724576114856479,9.6264927679147814,-0.65848715457371421,0.2577043662853596,0.2578849885743463,0.9883720930232558,True,5
-0.95368634699571164,-0.30070972555834163,-0.007484150493034053,0.29888373342385161,-0.94450249193756564,-0.13632151927831934,0.03392440785917316,-0.13224486257830981,0.99063637671602223,-10.917881191698795,-19.699431207797812,-5.7201020700333132,0.4636461530668221,0.2287742108864834,0.6428571428571429,True,5
-0.94598566205951662,-0.32420794774186756,-0.00057775325470453207,0.32184144839632217,-0.93886267765150289,-0.12229045182354367,0.039105105446403096,-0.11587095897616226,0.99249418718396976,5.3899835956929438,-2.1740629231324986,-2.4420704014440902,0.2552548054646009,0.2278811973135275,0.9921259842519685,True,5
-0.36570600427451855,0.93043695655812308,0.023370671972030015,-0.92500314767679248,-0.36055967565898217,-0.11985782025682086,-0.1030936235932793,-0.065450669664624914,0.99251595181884089,3.4444676133672076,-18.922932830841496,-5.7250609110872634,0.2970458728305015,0.2673773161427262,0.9880952380952381,True,5
-0.74988876586698261,0.63965332833104227,0.16885040237297,-0.65764951290277851,-0.69303920467884439,-0.29528592746159321,-0.071860677739860768,-0.3324759845960833,0.9403700136976042,-8.370504774534071,6.2225092487542897,-0.93489096257948812,,0.2911661055841305,0.2083333333333333,False,5
-0.56870605591927337,-0.81567965308654744,-0.10601945812611417,0.81730898430856858,-0.54586065044474763,-0.1845052152773301,0.092625299617550963,-0.19157988891490607,0.97709656638129261,-17.676673464513854,-8.6296913568690776,-3.4101809506499592,,0.1326112502005001,0.3333333333333333,False,1
-0.78398945536053111,0.62035288290663604,0.022865575718202646,-0.61740431035454801,-0.77537174316200086,-0.13270485093449713,-0.064594515549885143,-0.11815650881499344,0.99089181447094876,5.2951158872506294,-6.196342339343996,-3.0962317918515878,0.246418420102309,0.2276155362419038,0.9456066945606695,True,5
-0.94710526057803279,0.32073458230146568,0.010997868035297356,-0.31926412267605891,-0.93817593355117579,-0.13377719415979406,-0.032589037379215868,-0.13021230902370606,0.99095040704437465,2.0883723571658281,-10.034930049342492,-3.8848037690311585,0.3078600926996171,0.2749379368120876,0.9623824451410659,True,5
-0.44678356086541748,0.89421682174456407,0.027581251774869718,-0.88891072263356896,-0.44022624195489812,-0.12664352759353223,-0.10110478192194564,-0.081099516665133931,0.99156476917506364,-15.0248603047941,-7.3006423165259893,-3.3002641539081194,0.3785874671215924,0.2617451763390426,0.9933774834437086,True,4
-0.98104179066923225,0.19338265874508531,0.012655127703395372,-0.19252129703797327,-0.96502898045848895,-0.17791744451308519,-0.02219358347189198,-0.17698082995604961,0.98396403932295462,3.8688093189821005,7.7220705868752981,-0.73526874314208335,0.2622120842743552,0.2184499666741163,0.4673913043478261,True,5
-0.63433785144460542,0.77107301888847513,0.055334345273589117,-0.75851066868851602,-0.60698630604381931,-0.23712694861820499,-0.14925500229588234,-0.19239029034099861,0.96990150039690315,-8.8008357210676635,0.9507537011386018,-1.7863692419521684,,0.2610288641826459,0.2758620689655172,False,3
-0.43800074572807879,0.89814144590638501,0.038694830233965909,-0.89360701068201731,-0.43028537588792731,-0.12775369175461906,-0.0980910658602306,-0.090534183832260667,0.99105080816082802,-15.945353389235901,-9.5523484646458847,-3.6203642367007882,,0.08094969700759458,0.2,False,1
-0.90619962465021375,0.42265167393104297,0.012953872282035331,-0.42054817112826615,-0.89765110426875117,-0.13176392057677316,-0.044062183836964766,-0.12485214266635154,0.99119648225119239,23.207494747514534,-5.2960524790531389,-3.0171504557105719,0.2597819585169753,0.2247752851154151,0.9069767441860465,True,1
-0.26011733186578828,0.96431093871352302,0.049430629577904249,-0.95974308065563296,-0.25258777388614118,-0.12285208837003722,-0.10598203997215395,-0.079396662150799352,0.99119320883602335,26.23267708377811,-4.2281886394467092,-2.9231405586450778,,0.1936345036913676,0.8125,False,1
-0.97946410612371448,0.20113295222321778,0.013985719332523737,-0.20107102067897875,-0.96934195799463496,-0.14123247896374058,-0.014849560882028642,-0.14114426662497662,0.98987766241112352,13.294720379718328,-1.4762320312461563,-2.3779972060352881,0.2904302185407501,0.2705677477608467,0.9477611940298507,True,5
0.62990137609957775,-0.74251723841433981,-0.2277990497025871,0.77211925815628568,0.63038777222947773,0.080268971637514286,0.08400064030735982,-0.22644956895763652,0.97039398449642833,-9.4555509529478474,-0.23279983337848109,-1.9875173082790956,,0.3910233682192171,0.3333333333333333,False,1
-0.88644101864394997,0.45869327849948593,0.061828769394749628,-0.46028900208563578,-0.85964098156522628,-0.22170118938017294,-0.048542301392554305,-0.22498413071362799,0.97315249879068122,-20.747767376149618,-24.514532361255423,-5.9806069380077114,,0.1649093149760469,0.4705882352941176,False,1
-0.98475921318072657,0.17384600530391872,0.0051825182632094062,-0.17314577408585877,-0.977107550672765,-0.12361786009505718,-0.016426593435262957,-0.12263115777869105,0.99231636395353884,-7.5406347911539946,-1.5686403889493097,-2.2094072821119495,0.3127896029691433,0.2526878431173579,0.9933554817275747,True,5
-0.87352810856954932,0.485965943274694,0.028031152599234228,-0.48481831820722071,-0.86341898954524854,-0.13949497060246624,-0.043587175517883769,-0.13544279408590801,0.98982594816491543,21.993850020442125,-9.9324332555598946,-3.756842824143638,0.2384589060769468,0.2401765686561672,0.7727272727272727,True,5
-0.98404188690106609,0.17784134324402009,0.0058327915573880597,-0.1767295569869515,-0.97302705620106988,-0.14827343520629502,-0.020693682885972921,-0.14693809762563997,0.98892920219537039,1.457631666748533,15.47795627140871,0.47403170131035999,0.2869849730645893,0.2678372681840244,0.9577464788732394,True,5
0.21591787258390999,0.97253125202464208,0.086962268451450553,-0.96947168845769682,0.22413108695716955,-0.099447982072950233,-0.11620721826901519,-0.062834860505784948,0.99123542245391805,-9.8113601276064237,-0.11157026101430467,-1.9737729177501677,0.1575303683794042,0.0776303744131709,0.265625,True,5
-0.92419602887238916,0.38147396833376507,0.018420415310068432,-0.37966246651057617,-0.9124329961909039,-0.15271685887679776,-0.04145011145475308,-0.14813385482657143,0.98809829941894367,4.2675833966103802,15.826633817528442,0.51222161972599867,0.2979645957878219,0.2737636016503353,0.8709677419354839,True,5
-0.97967165007600021,-0.2006077075754851,7.5489582432274049e-05,0.19882614916535654,-0.97102127720374709,-0.13261161949723971,0.026676214975962738,-0.12990083478913433,0.99116807488722292,2.8376497869130675,11.806151022111651,-0.074131457038856499,0.2687480495113869,0.2328054460140171,0.9210526315789473,True,5
-0.60903031821083609,0.79063593316252978,0.063062609303949607,-0.7873780834219497,-0.59311434934045004,-0.16808070190605062,-0.09548730411308029,-0.15202035981627382,0.98375402665226508,4.3787113547044205,-10.910909968219844,-4.0520597889715573,,0.1570688276233363,0.3478260869565217,False,5
-0.91741483413714231,-0.39786189651371173,-0.0074788640604205418,0.39509286318396369,-0.90846688874834913,-0.13634346889013035,0.047451570745543389,-0.12803836671251659,0.99063339590555555,-0.51132346997914935,-5.4800122259936188,-2.8892156197889842,0.3547753231832904,0.3200094324456469,0.9596541786743515,True,5
-0.89812469301503672,0.43952800515878371,0.013680953102305656,-0.43735895570511862,-0.88959368828236318,-0.13168224494103486,-0.045707544904265228,-0.12425056317507284,0.99119756753611055,-17.896383198874865,-13.020657582133277,-4.1468314878137011,,0.3919004854042132,1.0,True,5
-0.36801824367519947,0.92681722771161124,0.074648501252109145,-0.92341599728610391,-0.3548992143498314,-0.14611448802218052,-0.1089287302704528,-0.1227044174870531,0.98644724017599184,-0.87994278394131997,18.632132910121875,0.93315869827107589,0.2791978703148752,0.2299927121659404,0.4,True,6
-0.89703738934880806,0.44161410643600385,0.017346558938422137,-0.43955592229729412,-0.88739739897598402,-0.13898362300657077,-0.045983837200145795,-0.13229828905691574,0.99014274194631258,-8.2429147555952884,11.930180067506676,-0.048374763551114454,0.3068352522217541,0.2516396037968179,0.8728813559322034,True,5
-0.99938519350154065,-0.035010643712160255,0.0018681104754097143,0.034429106306565649,-0.99006100702291566,-0.1363592278201268,0.0066235676805899528,-0.13621107590658782,0.99065769625615363,-0.95834322982412412,1.2129997904776677,-1.8548845122685096,,0.2573061758750588,0.9129955947136564,False,3
-0.80154724729509619,0.58273410297608641,0.13395139261056857,-0.59329398432080338,-0.74726884340690303,-0.29931843217893639,-0.074325355851157432,-0.31939042080495478,0.94470392217648425,-11.920814854339978,-12.673244903171582,-4.2973732216344338,,0.3084563688534394,0.4390243902439024,False,4
-0.56689131850254315,0.82280671518140824,0.040290724228182133,-0.81910489473505066,-0.55778072249773925,-0.13396953769787934,-0.087757645977611237,-0.10894849729245094,0.99016605703800353,11.099353233734123,1.3035562031379833,-1.8515552097689654,0.2709011777170151,0.2461487731720137,0.994475138121547,True,5
-0.42700238521487405,0.89400161397413425,0.13575742054286608,-0.90353670629156657,-0.41586533732118813,-0.1033317066467131,-0.035921907028949839,-0.16678469781841035,0.98533876467386849,5.5611573407249839,-13.17018268148167,-4.4329334935706957,,0.374216282545036,0.2530120481927711,False,4
-0.8822496981700102,0.4702133679175497,0.023127012573212442,-0.46858768331132278,-0.87234051624161169,-0.13945467640866846,-0.045398822978729686,-0.13387087941353759,0.98995834989013143,-14.314509597408232,11.647307062591555,-0.047437951847803118,,0.3630882498524454,0.9538461538461539,True,3
-0.67338112584011545,0.73878167601726952,0.027558928560710454,-0.73496397136523395,-0.66494114511678748,-0.13297080253130958,-0.079911326840091682,-0.10979484829394734,0.99073673149367281,10.163073275457339,-12.746057198054007,-4.2445031103513013,0.2323664820644234,0.2436997114493896,0.9765625,True,5
-0.80972941466194448,0.58644828695091367,0.020412784316772653,-0.58349388939902402,-0.80098591673395747,-0.13400165009379866,-0.062234685387041327,-0.12041581260864338,0.99077084939383187,-11.915935372221407,1.6380955049843089,-1.681763924415707,0.3103146328062216,0.3052676885488393,0.9401197604790419,True,5
0.91220077170130631,0.40630344708440669,0.052983591751317817,-0.40574046808169745,0.91373619839113585,-0.021467005160475019,-0.057135143899236809,-0.0019153686443280481,0.99836461610704608,-14.897241231430534,-5.7127896780755902,-3.0075898620709638,,0.2977521912897427,0.2195121951219512,False,4
0.12451472390672977,-0.98966969866351773,-0.071063148520832287,0.98945078534335718,0.12919363514773352,-0.065545007595764773,0.074048814398648119,-0.062152169588657921,0.99531597038406727,-4.9262389668431377,-10.236133741430095,-4.0525113400264665,,0.2965236206500979,0.2666666666666667,False,4
-0.15500465594156296,0.96910177176707535,0.19187316798956655,-0.9772140542629324,-0.12189884955481836,-0.173762374029056,-0.14500430609964499,-0.21443513339732009,0.96591476061681159,-12.653284646464655,0.50488853110439502,-1.8652313596225307,,0.4135718796064001,0.6190476190476191,False,5
-0.97196931499035966,-0.23273108714949034,-0.033345041481271952,0.23332808508761974,-0.93744319501925522,-0.25837620018383189,0.028873091738084371,-0.25891407297848346,0.96546871901018971,-7.9398327080363895,-1.9625294543605054,-2.2650560475768651,,0.3611179196423008,0.1282051282051282,False,1
-0.76900813984385497,0.63883567819233278,0.022703680812526356,-0.63553041065452676,-0.76024410996450364,-0.13464765277408089,-0.068757384964698409,-0.11797402058429135,0.99063340973338554,7.2424768192744562,-10.700059727621355,-3.8664965769415414,0.2998286345702538,0.2755094040694198,0.9867256637168141,True,5
0.36634700603933257,0.91289681149282309,0.18002578352073628,-0.92465259141471767,0.37879091422207378,-0.039179439669973365,-0.10395891667415885,-0.15210803683252036,0.98288131978122983,-15.444305170644878,-10.330563913430726,-3.7827145011567165,,0.2174503808680376,0.1891891891891892,False,1
-0.77846718074109,-0.62738585264376889,-0.019386603917945847,0.62354374067229801,-0.76941962160949973,-0.13851588122195113,0.071986470794297666,-0.1199184630686481,0.9901704450435973,17.186504733470567,-15.460558601673082,-4.6057700747335,0.2398235535796696,0.255727146023185,0.8571428571428571,True,5
-0.74838136599405369,0.66275024880382194,0.026219053059661684,-0.6595039565513735,-0.73934614080932282,-0.13572698833851635,-0.07056813959540946,-0.11886711816491521,0.990399286092841,14.674495685226622,5.1905599897335613,-1.2593178095601789,0.3074463457706128,0.2839039946109514,0.954954954954955,True,5
-0.91495963187317353,0.40305316137042374,0.019925389627685544,-0.40146665186571556,-0.90413106963644652,-0.1461900692858058,-0.040907205749603007,-0.14175739143820132,0.98905583385893692,7.4016901113625764,9.0425174376141229,-0.563264150388748,0.3037867121014444,0.2821166586785911,0.9097744360902256,True,5
0.11731281660706998,0.96533717190762247,0.23315627290105306,-0.98638643117668401,0.14050660229122908,-0.085438299977824109,-0.11523676258140136,-0.21995917631680814,0.96867871314682552,-11.933462206269956,-17.500189163167338,-5.2246082612272904,,0.1529444386504715,0.1111111111111111,False,3
-0.68175110007374329,0.72566344519531345,0.092887038145853737,-0.72732130409087814,-0.65860678477869294,-0.19297881660694394,-0.078861639367852968,-0.19912224223009467,0.97679638332943963,8.6691961922865719,17.419203877115272,0.67023391829203827,,0.120194851836588,0.4705882352941176,False,1
-0.08066277904220702,0.96705087594878136,0.24146660101116324,-0.98436559923371503,-0.039231415311908005,-0.17171273423329836,-0.15658187354364761,-0.25154224173947559,0.95509612997762783,-9.3519648169486107,6.391733694762201,-0.91825361989932897,,0.3568772757705603,0.1475409836065574,False,3
-0.64390235931636997,-0.7495063219751118,-0.15372060690145684,0.76098045491672972,-0.6065295637229422,-0.2302838152471518,0.079363082737122434,-0.26525866931996256,0.96090547893591638,0.18173047636563952,-10.830105540589058,-4.0859107631270239,,0.3302825936118736,0.3863636363636364,False,4
-0.072422987774310513,0.99503506629779959,0.068265127844136325,-0.99132815160847643,-0.064290338284554951,-0.11460911059675777,-0.10965129579883878,-0.075973477220617563,0.99106237144220344,24.041294099478069,2.4918596706005829,-1.8578863077137766,,0.1818476420587509,0.7142857142857143,False,2
-0.99343136410930966,-0.10938428369420278,-0.033603620111857385,0.11331552463086181,-0.8995076058646434,-0.42195456967461453,0.015928486480151473,-0.42299071558648044,0.90599400541399144,-11.060133201425908,12.218456253287567,-0.003208829496930785,,0.2650292417902562,0.2368421052631579,False,3
-0.94143869965846205,-0.33002830604389671,-0.069097698913791847,0.33549432709089638,-0.89635023449719087,-0.28982721336454609,0.033715445647530561,-0.29603644087616571,0.95458142366073784,-4.0778046521512161,16.315958819990644,0.52321574503145418,,0.3010374528333626,0.3584905660377358,False,4
-0.34538726740750725,-0.93825553416641205,-0.019600717305143369,0.93282982185547136,-0.34095572933013862,-0.11652344868756245,0.10264579372709243,-0.058529849163092423,0.99299451045163423,-17.74981359720973,8.2006427810801252,-0.61648959808731574,0.2813651857209862,0.2559716579283149,0.9333333333333333,True,4
-0.86990794840911001,0.49134652822217484,0.042880654130608618,-0.48950803768422685,-0.84946406741425495,-0.19695857233075076,-0.060349335847139821,-0.19232625243592094,0.97947361898458662,8.6895733372359771,-20.826984522412648,-5.9206041878530637,0.2917213781395583,0.2619132759791103,0.9866666666666667,True,3
0.10405251037464516,0.87177772226732453,0.47872401030565748,-0.98844027112354393,0.14400890845343436,-0.047405323617357858,-0.11026742722105393,-0.46825744761236554,0.87668469659827153,-1.9541158014356896,-8.3762957610280537,-3.4506860870833034,,0.1998078790924977,0.3194444444444444,False,1
-0.36133504636996083,0.91852212190767313,0.16048082698891111,-0.92388077990500272,-0.32941634243137835,-0.19475414722479625,-0.12602098550218926,-0.21863665041652885,0.96763460371552334,-4.1291063951306848,-10.711778764884993,-4.1625376963430165,,0.3998596728292613,0.2056451612903226,False,5
-0.91150655755045895,0.40874855663993587,0.045611544451852351,-0.40933321991284199,-0.89079108206036861,-0.19732603274151295,-0.040026374033867961,-0.19853429317497981,0.97927627552964513,-17.1305139510213,-6.8619862866780403,-3.1295224808100373,,0.1088851993196342,0.5,False,3
-0.082610305301703671,0.99630031623113169,0.023690026080756488,-0.99021665615181564,-0.079377061799141238,-0.11476173552039423,-0.11245670872596675,-0.032938760418129119,0.99311053097056645,-3.4683333920206438,15.19543601078669,0.38939606053511083,,0.2328312364219246,0.8387096774193549,False,3
-0.76839518560532971,0.63918328772474831,0.031836510988707691,-0.63486752166672689,-0.7550455150487293,-0.16385817079886042,-0.080697389494955557,-0.14611979639385644,0.98597004844494052,13.684127205851633,12.522860795088391,-0.18950655564235441,0.3414634480112193,0.2526823339172667,0.6,True,3
0.78162297432865346,-0.62003384692559238,-0.067996725423219662,0.61854215972720805,0.78453529415416035,-0.04370319057513411,0.080443288356647991,-0.0078994235926679104,0.9967278848639044,1.8020111595272721,-17.627296788031394,-5.5319988226962735,,0.1919660467053309,0.1578947368421053,False,3
0.99820640327748911,0.05624234278341754,0.020512809023900663,-0.056157591249640038,0.99841092532368925,-0.0046849908572412224,-0.020743707500270922,0.0035246379284485894,0.99977861325726303,-14.390858248864619,6.0603462638912013,-0.98503109675803335,,0.1315470525949295,0.1666666666666667,False,3
0.11735746056404703,0.9642473144441045,0.23760122692716057,-0.97939480842744209,0.15197429609150254,-0.13300234040372377,-0.16435642876180373,-0.21709659120959551,0.96221413126696553,3.9090557983951482,22.038107572711152,1.3876258057538071,,0.3111094010887547,0.1666666666666667,False,2
-0.14077722079536223,0.98975867280291085,0.023654676420411129,-0.98387985796136923,-0.13719972921993803,-0.11470248209995902,-0.11028236125078941,-0.039420856324998255,0.99311821898682007,0.50249658480120551,-19.058117880309361,-5.8218649839288812,0.3868322713190827,0.3239909823657648,0.967741935483871,True,2
-0.53627114663909403,0.84339320604197454,0.033183690039394816,-0.83890675514592383,-0.52826214867260413,-0.13105173959295838,-0.092998459411586756,-0.098117288395280555,0.99082000598747921,-4.1321491236046271,19.342041400611109,1.0284314603475795,,0.1949493895357611,0.5714285714285714,False,2
0.11798324395371512,0.95911852277307796,0.25723843690192938,-0.98688236058528112,0.14199880278116317,-0.076808504570395578,-0.11019600950933875,-0.24480195931059476,0.96329063122502767,-5.4050355651454129,17.565361639157146,0.73998806278477003,,0.157367104243502,0.4,False,2
-0.97528361402482389,0.22084615007337113,0.0069892927002013806,-0.21990053058450432,-0.9670468231225775,-0.12831289310581587,-0.021578435145591855,-0.1266784112874057,0.99170910616489072,-2.1055919462474693,-1.6462763167278878,-2.1970597706215411,,0.2631982836240026,0.99,False,2
-0.90610762506703868,-0.40611768788840225,-0.11847951459872665,0.41973056850050133,-0.82802687350053006,-0.37174957515400509,0.052869855887996323,-0.38657459868066307,0.92074147185475852,-2.2611931247221952,-11.424840348521215,-4.2625097662960387,,0.6902048046776804,0.5076923076923077,False,2
-0.99295027708052541,0.11653538936859735,-0.021662185264129882,-0.094371804707850393,-0.88782587644723421,-0.45039890717771919,-0.071719660637034721,-0.4451794201615904,0.89256460502458779,-2.1981199337899513,17.128623350562556,0.69346064193333656,,0.3805555694763084,0.2666666666666667,False,2
0.38662010293458904,-0.89748253668429046,-0.21224983475512946,0.91671212811060476,0.39914557015338686,-0.017935662849598702,0.10081552549967027,-0.18763770989238682,0.97705082756454698,-14.918428070058807,12.736722065671627,0.091874874168983239,,0.2575199706285632,0.3043478260869565,False,1
-0.93910848640853051,0.34354071676869175,0.0074179968680446011,-0.34181262993186234,-0.9317373919311992,-0.12259509980546637,-0.035204783404313517,-0.11766566363770681,0.99242904775412255,-8.8378862956068893,18.582040937093165,0.91385747668160444,,0.308604628173947,0.9661016949152542,False,1
