axis_00,axis_01,axis_02,axis_10,axis_11,axis_12,axis_20,axis_21,axis_22,location_x,location_y,location_z,dbh,dbh_approximation,score,reconstructed,number_clusters
-0.54171007534109927,0.84051967994277876,0.0087670920395305323,-0.83118924156306917,-0.53408488587659542,-0.1545243650302251,-0.12519839848716363,-0.090994518005609801,0.98795007905722465,21.838289204494462,3.5688825947031297,-0.81277270253112033,0.3889039359530192,0.3298307106272015,1.0,True,6
-0.854192509890629,0.5178927311424627,-0.046284717526914529,-0.50662086335305367,-0.84901130622544985,-0.15005033394417988,-0.1170062257409917,-0.10472306780816856,0.98759436116590482,8.9145882193874364,-1.922611696063584,-2.1416105846270552,0.2480439986299409,0.2235968461437246,0.9564032697547684,True,5
-0.45430414495166765,0.8897894958362409,-0.043386599074170286,-0.8794736794473792,-0.45572938930744294,-0.13724711611088442,-0.14189359054948034,-0.024194561805368827,0.98958619237539047,-8.85370199712413,0.25254026985241851,-2.1925738644973092,0.2521526847721161,0.2158169373114302,0.9603174603174603,True,5
-0.12092509174147194,0.9925915140633601,-0.011798660802092673,-0.9831398643670457,-0.12139902980854585,-0.13674166392833753,-0.1371609612085859,-0.004935764474733588,0.99053647532505662,-3.4670082138142044,5.9614338223784777,-1.1659283778003522,,0.2527371243815367,0.8871473354231975,False,5
0.045494184588495939,0.99811906379889648,-0.041092744491487386,-0.99094172081991549,0.03988770195162427,-0.12823212222950933,-0.12635183064401284,0.046554330778491457,0.99089248113943929,-1.6628528697168357,-4.8915899809278294,-2.9836908560219593,0.2719670899422147,0.2690214881164242,0.9690402476780186,True,5
-0.58283224538529677,0.81184136656500072,-0.034930921445149629,-0.80030342999662141,-0.58093508543723926,-0.14842117922881759,-0.14078705080645154,-0.058549312907169519,0.98830713054359898,-2.065280543427908,-10.808325045392996,-4.1693900480221862,0.2002552528489127,0.2303316322392566,0.8949416342412452,True,5
0.98745320555516969,-0.14658376065980558,-0.05873132000601438,0.15062545523598192,0.985995197034916,0.071592203898405621,0.047414544960098934,-0.079540383044756011,0.99570336365371426,-1.1786875633388012,-7.9226508045889004,-3.5696567681517153,,0.210268085046206,0.3376623376623377,False,4
-0.17392926500931483,0.98401893796788742,-0.038148925199413319,-0.97504741361489855,-0.17751181780280861,-0.13331202400098638,-0.1379534413351714,0.014010148496480442,0.9903396204145779,1.8899768843461568,-4.4801714846853828,-2.7989006583248419,0.2462942644072882,0.2256789532382391,0.9809523809523809,True,5
-0.92892322730868226,-0.34624951379183794,-0.13119798765735466,0.370071451654576,-0.87985577921312919,-0.29816258728340406,-0.012196656783661185,-0.32552278258852252,0.94545553019649142,12.687415377933362,-8.2135330792696486,-3.3060979218946858,,0.1933926485619253,0.2580645161290323,False,2
-0.26043085348577627,0.96546152646953565,-0.0077337868980919058,-0.95596943922734601,-0.25897611388448216,-0.13803551608425471,-0.1352708461421932,-0.02855544334109935,0.99039708442602437,18.407568272002543,0.14334009282931015,-1.4248424305090799,0.2582008886380834,0.2409923552608202,0.7142857142857143,True,5
-0.81780590255257946,0.57407449751711959,-0.04039773571163198,-0.56142538536612052,-0.81127195135944075,-0.16321567818058397,-0.12647150831971329,-0.11079843066538224,0.98576298639451088,9.9908644343881221,12.040338465360149,0.19677775196152572,,0.1417524601079218,0.68,False,5
-0.31108175559547335,0.94954271726059047,-0.039959597508113266,-0.94048721439718508,-0.31362214126538718,-0.13086234012707651,-0.1367915965659415,-0.0031273959592248123,0.99059491140599598,3.9059756959494614,1.8312498043438394,-1.5675395352223118,,0.2093918725605121,0.904,False,5
0.159264258122918,0.98722010086605261,0.0056007616068978854,-0.98061781398614412,0.15884984487598877,-0.11469712148049047,-0.11412098394945884,0.012774945357810756,0.9933847199315643,2.2872150094931598,-19.541909066791217,-5.7652831296514746,0.2435662463484753,0.2185861567256373,0.8695652173913043,True,5
0.26990150032770732,0.96255080484973121,-0.025477994504807179,-0.95662254334048269,0.26503781625192252,-0.12094736677248716,-0.10966535320528062,0.057016699654983259,0.99233190327975174,-12.592420370861641,16.640943637048217,0.29413062300666515,0.3202794549791934,0.2645094255305993,0.9622641509433962,True,5
-0.9386063629421737,0.34073599687818151,-0.054009960895148978,-0.32983418029022166,-0.93219991975132399,-0.14903933416350873,-0.10113114731249362,-0.12207493619517586,0.98735515443846322,11.054491197707769,0.88299612133881644,-1.5576544288733738,,0.2557872848472675,0.931740614334471,False,5
-0.18017231541027562,0.98347298988914189,-0.017855389052375367,-0.97379974773700462,-0.18090197637272812,-0.13779886157652818,-0.13875153356646688,-0.0074399665961939858,0.99029927740557344,10.517601547283554,-12.056422628952017,-4.1733950065859018,0.2720704412715935,0.2301710925340301,0.9420289855072463,True,5
-0.79221176972028207,0.60985713617902115,-0.021789570169731577,-0.59755753729422123,-0.78248825091921415,-0.17503464456002549,-0.12379620971388476,-0.12564398363993395,0.98432113044248115,17.327014807821346,11.862430146205659,0.34695399094314228,0.3418702913266787,0.2154879592360959,0.8490566037735849,True,3
-0.20888644406074755,0.97758105819721652,-0.026490151786395744,-0.96729711958690578,-0.21052276658053698,-0.14147949388569286,-0.14388445338719266,-0.0039293008648961583,0.98958669386172626,6.5262659559926668,9.5945752693544151,-0.28031222109340814,0.2171278413279929,0.2217370787160859,0.8857142857142857,True,5
-0.059986141473828254,0.98332367747004357,0.1716863656726163,-0.9917048951642683,-0.039120020265815209,-0.1224378410526316,-0.1136796540208895,-0.17760678292562954,0.9775135635480966,-10.04228270366294,-12.51150222479443,-4.6557886790699605,,0.134905120586205,0.3333333333333333,False,3
-0.3566724515748701,0.93367856437230479,0.032079599736334174,-0.9236642458298141,-0.34728127730501185,-0.1619878866120549,-0.14010397304577951,-0.08740739594033714,0.98627117157083954,-28.572023900672686,1.849133452731168,-2.4596039198176203,,0.2736064774965612,0.9803921568627451,False,2
0.95329967241005498,0.30061734266959489,-0.029136709991924935,-0.30110469434890996,0.95348833104809438,-0.013998771237848859,0.023573239572271136,0.02211822419163606,0.99947740671546825,4.4650636687161809,-14.301976691408365,-4.7965979341583855,,0.2336270568044038,0.2647058823529412,False,5
-0.31145023111009446,-0.89774689119574513,-0.31152732286244883,0.94077282358567549,-0.24508471400817036,-0.23426475911278172,0.13395987438074564,-0.36603825252001865,0.92090756851487898,0.91850348553786643,-10.075509105731857,-3.9971412261867068,,0.5274960859318428,0.2576687116564417,False,3
0.11749686952346491,0.99282718514838197,-0.022105792963066383,-0.98523244237839758,0.11374857630921623,-0.12797771631313049,-0.12454525337114851,0.036816325427267982,0.99153065411249375,-21.877198220683898,12.925123515578727,-0.43318412688438401,0.2826483735248507,0.3043102672071557,0.8297872340425532,True,5
-0.068400653866632355,0.99758903521312958,-0.011724648103655078,-0.98875542434459973,-0.069352094972980505,-0.13248772679757634,-0.13298143246238436,0.0025305622687625748,0.99111529847685054,6.3130516910676997,-11.510665717057334,-4.2286100206371939,0.2782434612204655,0.2500525874377784,0.9090909090909091,True,5
-0.52076292711337069,0.85296673149928193,-0.035408031571205499,-0.84212757195524057,-0.52006723362632046,-0.14265771994896892,-0.1400968461354021,-0.044472772161170751,0.98913853743508307,-18.421725770938838,-11.857108159669929,-4.7038792630567237,0.2631999909923871,0.2849606279953426,0.9195402298850575,True,5
-0.54243769770002215,0.83088550166435893,0.12405896677735739,-0.8282743213335747,-0.50425483419761874,-0.24431273157111161,-0.14043857281140879,-0.2352792921450976,0.96172795631321661,20.031386425869943,-6.6075888782022139,-2.6594039120922792,,0.293240755706915,0.3658536585365854,False,1
-0.86291505321799666,0.50429174288635714,-0.03267183781826527,-0.49048722206816386,-0.85134935899275643,-0.18608211609523237,-0.12165482282934156,-0.14454794014189237,0.98199083350258332,-1.850055828998677,16.531290679722222,0.57407865904535837,0.2277410007625248,0.2036023966431572,0.8688524590163934,True,5
0.98962087846782587,0.1209890194758747,-0.077538210366474195,-0.12802489075151677,0.98737186908104846,-0.093308196293035744,0.065269780516188258,0.10226656009499835,0.992613422454938,23.594776003178648,-3.3961109988646814,-1.8303262043774671,0.3267409998236031,0.3046806616175971,0.3636363636363636,True,5
-0.48625274368276988,-0.85362078342160541,-0.18678818852288942,0.87113165465047004,-0.4568037623292564,-0.18016648686082021,0.068468310384529524,-0.25032355229286812,0.96573816826330683,13.294366892574512,6.5881849806938737,-0.61111461783053111,,0.2207766602987991,0.42,False,5
0.38305538264249983,0.92327257739928392,-0.028919226322512197,-0.91862949674200034,0.37747150638380622,-0.11676947196883652,-0.096893867422808186,0.071295229088802661,0.99273791544648282,-6.1824089565965119,-2.8264320076352134,-2.6450036819116951,0.2529228123930154,0.2185030144807472,0.9617021276595744,True,5
-0.15436000728673593,0.98759979379391172,-0.028629276076464448,-0.97844629684284157,-0.15682388308317713,-0.13434699062221428,-0.13717081447950283,0.0072744067069119116,0.99052069673585996,-1.8923785627911174,-0.43049486029212208,-2.1135890690836403,0.2634922592394427,0.2384564566100417,0.9517948717948718,True,4
-0.75836004237667454,0.65075204902367889,0.03757415092762291,-0.64672111861030956,-0.74395126484663332,-0.16819129072732791,-0.081497489960602576,-0.15184955128210889,0.98503800581781809,21.381028292481428,12.250056185493222,0.54201783233044099,0.3026470118958099,0.3947952331068346,0.7741935483870968,True,2
-0.94284609824274113,0.32973307441192667,-0.048138702384850386,-0.31902232549868376,-0.93491304479835768,-0.15544244754659184,-0.096260016942914861,-0.13120098438930214,0.9866713286770965,8.784752491938896,5.352359218653052,-0.868749983843908,0.2630341617130777,0.2396088201533772,0.9613733905579399,True,5
-0.21086053849320505,-0.97284267396181601,-0.095472325965068064,0.97058645311234393,-0.19675580986343744,-0.13874108374877217,0.11618851208771272,-0.12191916585921783,0.98571595637639797,8.5714808132928777,-18.808760846888088,-5.491420459723229,0.204789170084193,0.2247548563431935,0.9696969696969697,True,4
-0.20052278900395873,0.96483772700691872,0.16993755216018708,-0.970363953981348,-0.17172724933745992,-0.17001043688160422,-0.13484957509669018,-0.19899224200735158,0.97067897871393605,-15.347814710181682,-2.9384112458215608,-2.8713069258467723,,0.3077652652820645,0.2121212121212121,False,3
-0.97242197620316373,0.22701233674016688,-0.053487373883039646,-0.21668253944338714,-0.96419609847142063,-0.15288741214651053,-0.086279645905045249,-0.13708129945496234,0.98679508513279524,-15.862168073915022,-1.4481622967473318,-2.630170792164888,0.2660152033681649,0.238798459795787,0.8827586206896552,True,5
-0.3880303019245423,0.92114537808456332,-0.030392058531696318,-0.9106368852908252,-0.38826827264547276,-0.14137967182280517,-0.1420315033229313,-0.027183467224515458,0.98948881306131031,16.053483575123938,-5.329084953201205,-2.4823063051011292,0.2798291795377415,0.2454669912601921,1.0,True,5
-0.75478630060457086,0.65493411953934266,-0.036863796371115226,-0.64357757970885865,-0.75022817320727808,-0.1515440101823777,-0.12690760148924368,-0.090658629976935842,0.98776286298632987,-14.799357805720462,-4.2603500225783355,-3.0590806536787758,0.2902019712672007,0.2911666487402029,0.9735099337748344,True,5
-0.38303838910296401,0.92354374290088614,-0.018669424791032188,-0.9127686763530799,-0.38151946617722526,-0.14593231443546531,-0.14189762486402915,-0.038856812484644065,0.98911840149775809,11.252085027695969,-7.2110038396389706,-3.0752065292915542,0.1891255735922918,0.1723223542523956,0.9035087719298246,True,5
-0.99777206470511426,0.03914235891963732,-0.054025758970148996,-0.030042328202885826,-0.98665794111301164,-0.1600111425957074,-0.05956815768717743,-0.15803158854115218,0.98563565865532521,6.170246060715801,-8.165931498284495,-3.4639417124567777,0.2939236194370716,0.2480600572287351,0.8220338983050848,True,5
0.1498696241512382,0.98219721823470252,0.11325952608402801,-0.9826254851112749,0.16065221704417446,-0.092940955281423931,-0.10948174170426211,-0.097362670725507125,0.98920890543029294,9.7420842867289625,10.90832410591144,0.031650336776443022,,0.25603194849745,0.5454545454545454,False,3
0.37619070828976414,0.92591220598865132,-0.034163398508851472,-0.92141584238999874,0.36998158877139847,-0.11877065867848235,-0.097331374125583514,0.076159114828238714,0.9923338111943002,1.9297546178713929,16.001412272649205,0.60958874838743882,0.2729438188181651,0.2536054763797458,0.961038961038961,True,5
-0.33581790337895367,0.94177261645091614,-0.017049183949902971,-0.93121087932020008,-0.3346655264879751,-0.14437895835690437,-0.14167792349502445,-0.032608653509771962,0.9893755817233495,-14.968914000178536,9.9423511307717742,-0.71526500173028784,0.3082413680984171,0.283330945973895,0.9393939393939394,True,5
-0.078848312740824156,0.99652698890334601,-0.026775062374431082,-0.98805251816173423,-0.081689135297743867,-0.13068705570393016,-0.13242040980219191,0.016150713963673118,0.99106205128956626,6.0750664439218616,14.715131853948181,0.49425143294969215,0.1750807210315119,0.2077074886075392,0.8513513513513513,True,5
0.54535802864964067,-0.76686854642441793,-0.33837442736158208,0.82636681081335317,0.55950207458890411,0.063838252771208526,0.14036564598770634,-0.31443610008332878,0.93884366344500669,-20.686277138735264,-7.0958728796211572,-3.789101289290056,,0.2293272187565851,0.3333333333333333,False,1
-0.93431292129589405,0.35285813052274861,-0.050502522942155612,-0.34186978352307995,-0.92715878596109458,-0.15330243549608619,-0.10091786865275457,-0.12596715976451958,0.98688796651263588,-10.99933442772231,-6.0801185440797223,-3.3858163119859404,0.3818965881867483,0.3205709936962283,1.0,True,5
0.24138124396988384,-0.966838173249294,-0.083420871534161292,0.96034440080374295,0.25034975730759251,-0.12273398413206334,0.13954829595681714,-0.050487085120822665,0.98892736200974407,18.128090197876581,-11.724978340103581,-3.8730673840573862,,0.09031889175938315,0.3529411764705883,False,1
0.079096983282064756,-0.96424637408751623,-0.25292804766327215,0.98499714950987161,0.11463508506101919,-0.12899384764584779,0.15337627813030297,-0.23893038176868722,0.95884721930804251,-15.011149748468842,-2.8415848491175684,-2.8339686632323113,,0.2317895448059013,0.3265306122448979,False,6
0.065443805129070151,0.99753343202681766,-0.025380314399679114,-0.99003138489592279,0.061730572630386109,-0.12659855182341612,-0.12471954654860586,0.033412398769362348,0.99162928875522216,-6.9086132261395763,11.827374168392623,-0.20742773194574787,0.3016676853220808,0.2638994329513944,0.9775280898876404,True,5
-0.98619975498553047,0.15582855192315553,-0.055924106358641347,-0.14606172113502808,-0.9779518431216756,-0.14925202227772907,-0.077948809391506932,-0.13902393657370982,0.9872164545701192,6.9937095138806979,0.58470818929647983,-1.736794495621562,0.2427144190256126,0.2138688977317319,0.9584245076586433,True,5
-0.16772223712627538,0.98499044660009138,-0.040780770957762301,-0.97628152729855078,-0.1716996231514985,-0.13188486973585209,-0.13690737974618725,0.017693487959852001,0.99042582248992683,-20.248316090521016,8.9993964167924201,-0.97005506173689837,0.2758306635818721,0.2502280829126128,1.0,True,2
-0.62098915291091106,0.78365792670095202,-0.015897354677881753,-0.77304353023091954,-0.61567756787273453,-0.15279015932458495,-0.1295228641403009,-0.08259168443057445,0.98813078148988642,-20.707405038528076,-17.560443997511118,-5.7113850913179451,,0.2550725634286987,0.3333333333333333,False,5
-0.27111870326206472,0.96233210748053821,-0.020287031659749769,-0.95286188413632078,-0.27131358243781362,-0.13580563222835032,-0.13619426750667127,-0.017488707694592858,0.99052777174670659,-13.776486465256031,-18.559133986884728,-5.8062250670490547,,0.3013971652011263,0.9661016949152542,True,5
-0.53175926183898214,0.84684748248544039,-0.0090237939101713953,-0.83511160940034246,-0.52610172971402269,-0.16064112125070695,-0.14078596269952354,-0.077886529002042126,0.98697163145998457,-16.657982677302282,6.5833699481809704,-1.274158191107035,0.2834440020424663,0.2173269178101573,0.9464285714285714,True,5
0.83636767752471319,0.54577761064386088,-0.051145945213629161,-0.54776251882574378,0.82851004108734549,-0.11630707109682491,-0.021102866193815767,0.12529130671089417,0.99189553759510518,-4.5889909370291759,-13.090620673252594,-4.7158604501296546,0.3229804500667695,0.2950769372594949,0.9597701149425287,True,4
0.89494068009828665,-0.42699886598194275,-0.1294339505514347,0.44111320417609573,0.89033734804458731,0.11277653913128394,0.067084425962472202,-0.1580233372861958,0.98515394972878179,0.29146468505216205,-10.436925504208668,-4.0650931228461911,,0.6805835176117359,0.3628318584070797,False,5
-0.16236398515385164,0.98665863748005034,-0.011944430123345492,-0.97833784387056677,-0.16254662684494414,-0.12819382727737733,-0.12842507378098492,-0.0091283726557430563,0.99167720213636434,-0.0088434788310289142,13.402886975443112,0.15357689591968166,0.260180781822646,0.2240210283032504,0.9130434782608695,True,5
-0.97976393013869356,0.19969529668793395,0.013580488941793929,-0.19199629677068311,-0.91847801452606581,-0.34573914857678301,-0.056569101332122285,-0.34135015059755452,0.93823238670464892,14.811298801624424,-6.7283822123247052,-2.8589634682282061,,0.3028619868503637,0.2752293577981652,False,6
-0.43592095921727064,0.89972137406579422,-0.021779953265636951,-0.88918083598248532,-0.4343002670835634,-0.14401638425066196,-0.13903365864632666,-0.043413443313153131,0.98933559255851733,-23.893552623371512,-0.34641687882550298,-2.6059214972697058,0.3530301824824811,0.3116144328578453,0.9571428571428572,True,5
-0.35852858756610223,0.93307149770761799,-0.02889346056669009,-0.92261789697885865,-0.35888838638203702,-0.14133415119639869,-0.14224439557383106,-0.024014709778817592,0.98954020920934549,13.01408903525261,-3.0661055137343429,-2.149059103597716,0.281082233389261,0.2473746150099885,0.995049504950495,True,5
0.82715580174748504,0.56165272610481576,-0.018960350590247213,-0.56143501388460992,0.82736946421398427,0.01582702974831296,0.024576509513444072,-0.0024464147838545482,0.99969495859229085,-10.91300950727668,-12.550107922858968,-4.6718424891464903,0.3766569656817874,0.3417655991433003,0.1666666666666667,True,7
-0.4335452704046166,0.89386798097269837,0.11418638754939475,-0.89157373670969009,-0.40708240189534345,-0.19844442566280251,-0.13089984919513584,-0.18784022641306317,0.97343786592765191,-4.4613849740176104,-9.3403218029374262,-3.9032884220811788,,0.2369738948321587,0.4,False,5
-0.17521141286564693,-0.98151513816148361,-0.076999963386153975,0.97761641152266199,-0.16419512367744285,-0.1315527015386021,0.11647794951482929,-0.098325962595819327,0.98831416682977302,-13.04552298559393,5.7828796031976459,-1.3786676146247694,0.2848967196023457,0.2659524269029623,0.965034965034965,True,5
-0.79089575619985841,0.6119173713763163,-0.0064057343804758624,-0.60313165695356086,-0.78122564837963315,-0.16099282808334486,-0.10351863216593457,-0.12346504331883007,0.98693478805480006,-24.281684154523422,-8.2859036302759268,-4.1331160228401815,0.4251830225670706,0.3130433029004311,0.8723404255319149,True,4
-0.77358975418816223,0.63182988552744035,-0.048475643053810857,-0.62023359048842941,-0.77062688304651972,-0.1464394084795396,-0.1298814284065675,-0.083217803866646345,0.98803117950532438,-18.847209766153959,-7.7922729941666811,-3.8797773955412436,0.2708873816043929,0.2686366627336323,1.0,True,5
-0.11021367864319226,0.99376317222188626,-0.016961797529446064,-0.98457640069291563,-0.11149605316768714,-0.13482559596238772,-0.13587588541945139,0.001840560654548469,0.9907241574212059,18.927992044268553,8.1538975097999327,-0.16511629309614312,0.3208343107755791,0.3085610792943981,0.918918918918919,True,5
0.13913015045645624,0.9496302384237858,0.28079389506388136,-0.98279201655462245,0.16720213065526379,-0.078506685707890628,-0.12150166019631709,-0.26503935137168266,0.95655187459646707,17.303422953112594,7.8491954182460102,-0.27380468850810002,,0.2311040668156231,0.2307692307692308,False,3
-0.39300985749529105,0.91902324893585496,-0.030651587673687232,-0.90860054728958162,-0.39324610160489193,-0.14072153011401392,-0.14137997516128384,-0.027454899161021132,0.98957462130728391,-5.9241423486239375,-7.765597214748281,-3.6864351375867912,0.29350963332566,0.2532194684762284,0.9373040752351097,True,5
-0.19726430651117702,0.97958299594233078,0.038780761174987452,-0.97242882994931312,-0.19049857765421938,-0.13450822500921183,-0.12437429018922587,-0.064245201940428376,0.990153316394769,-0.9380147901917979,-15.491830742523097,-5.0758611189325595,0.2783624241317516,0.1895546117628693,0.4827586206896552,True,4
0.80575990361067618,0.59099103106544815,-0.038478291717687421,-0.59151306492805211,0.79984416912396927,-0.10179194043640485,-0.029381486564420242,0.10478027638150628,0.99406127674740419,1.1541099854484316,-13.533344626891356,-4.6657104722150295,0.3210329855532855,0.2810202258755702,0.8383233532934131,True,5
-0.4449858314378935,0.8954135395046009,0.014906478167939417,-0.88537709770712791,-0.43737593147085163,-0.1575109184333261,-0.13451767421135247,-0.083287981376964665,0.9874047333707292,-2.353782738371089,-6.0077856072399776,-3.2456192632296954,,0.1165515020883329,0.3235294117647059,False,5
0.48773303515372707,0.87199104732613242,-0.04181028345764233,-0.87116285758350454,0.4830527340903184,-0.087950734248280413,-0.05649568113295507,0.079320044572248671,0.99524698871304329,12.630891572382245,-7.2175582737416253,-3.0805728553531719,,0.117978440181394,0.3225806451612903,False,4
0.49560970824152784,0.86838817726674333,0.016522429606161178,-0.86464364516640912,0.49509514206011918,-0.085277002654964379,-0.082233715531356485,0.027978096643862284,0.99622027791954448,12.5703646281871,7.2542621472892437,-0.47266327854889334,0.3458367309025528,0.3332776492917394,0.9668508287292817,True,5
0.33537103249692679,-0.92578184720406198,-0.17451143787551462,0.93301505705398446,0.35203752017363715,-0.074515016611054863,0.13041922355425564,-0.13783162110862104,0.98183158960693184,-3.5742357065397474,-6.8687299451829036,-3.4803238315039069,,0.2941285230479446,0.3571428571428572,False,5
-0.12966817219191035,0.99143181587797091,-0.015783522588979113,-0.9821958825116659,-0.13060983729780157,-0.13502710386500116,-0.13593165009495434,-0.0020062068561167989,0.99071618621909652,-6.9424685138995512,6.6178070756650511,-1.119333787162506,0.2896614806777413,0.2689689873444135,0.9466666666666667,True,5
0.29890699634561207,0.95394182042231179,-0.025487463290982185,-0.94834193964943658,0.29396490574836431,-0.11929878327250078,-0.10631167874503786,0.059830071349783229,0.99253120330027456,-11.594468965767531,12.369956025186468,-0.3105045832490973,0.2367094217136101,0.2447579430619357,0.9148936170212766,True,4
-0.353376166949742,0.93536697490819065,-0.014625555818745672,-0.92512636176884411,-0.3517416558453032,-0.14289514443655871,-0.1388038162020365,-0.036965251173277605,0.98962976451471318,20.586124195817916,-7.8118555614931893,-3.0257495609708802,0.2107806221393941,0.2297521583557655,0.8181818181818182,True,4
-0.98565497411138281,-0.14786513126008888,-0.081364457639226243,0.16448550801956766,-0.94958714557228852,-0.26688718705741166,-0.037799334134790155,-0.27644195759925771,0.96028696461925211,5.77725917035389,-16.005688482853191,-5.120827382503629,,0.1658984162646333,0.2916666666666667,False,1
-0.2402955986021362,0.97058081867198409,-0.015195384775099286,-0.96048630704129789,-0.24000298996154179,-0.14094189865221485,-0.14044244115869034,-0.019272758898048914,0.98990124835048421,-19.722224187154559,17.061348081221617,0.29915790371331963,0.2352164303891073,0.2844423119822192,0.96,True,3
0.17760232804595735,0.97700131850694383,0.11800778240586565,-0.98297363188295839,0.18186014546798396,-0.026262644824749312,-0.04711955109594463,-0.11133423160042796,0.99266531962109961,1.7391313183254784,8.1495201525927072,-0.60396672323792078,,0.3342738233356302,0.1594202898550725,False,2
0.58475233392272219,-0.80784349860407734,-0.073848424052601169,0.79918092188379874,0.58930819226179432,-0.11843018462409727,0.13919253596687842,0.010234075251816327,0.99021245277710446,-27.175412307621137,-5.1068518080908687,-3.6567591599590208,0.3412078922862612,0.2713368173160727,0.9545454545454546,True,1
0.70445485502126071,0.70530550138431791,0.079293801485298174,-0.70830891162765863,0.70573730754246933,0.015275419848474997,-0.045186756309956805,-0.066925349903617523,0.99673424471845196,14.5265602884337,-6.0929776693702253,-2.7142269665412115,,0.4715769187018934,0.303030303030303,False,3
0.027016824246186906,0.99953771346220388,-0.01394455357480397,-0.99028851027192222,0.024858506816958264,-0.13678713778074791,-0.13637726214830947,0.017504685246561017,0.99050231113478526,8.0590902980031061,12.400165164798441,0.19489924492108937,,0.1657645926221657,0.1363636363636364,False,3
0.13113977529328794,-0.98932121260175032,-0.0636073708954214,0.98202584966167905,0.13842253767208387,-0.12831380152063712,0.13574825940793078,-0.045637039349877825,0.98969170487940061,19.639072643746456,-20.049933342977599,-5.592041208297724,,0.339665171162963,0.7959183673469388,False,1
0.9232040519894521,-0.31794455511214936,-0.21588315882624143,0.36962019879554048,0.88840972692394193,0.27222980319809509,0.1052387145142127,-0.33111843346673675,0.93770218938953753,9.5854061942714566,8.19470213442019,-0.39737440476189445,,0.271191184530254,0.2368421052631579,False,3
0.033405153294938122,0.99707141331823312,0.06879456720499022,-0.98874572535033955,0.043012688465994403,-0.14328921533861955,-0.14582861973827929,-0.063233736047362779,0.98728694323925892,14.43685864391761,12.670802375895974,0.41001850009018381,,0.2288967810239431,0.2307692307692308,False,3
-0.37226828841949305,0.92774781263847794,-0.026463514160859316,-0.91722935933712557,-0.37210459648561328,-0.14222683166085914,-0.14179782723028087,-0.028673427050141472,0.98948027305953545,-8.3723959045182372,16.486082380759864,0.41331941161007862,0.2906843738759769,0.2430831307060509,0.9538461538461539,True,1
-0.58662238589508597,-0.80475240823715544,-0.090817056785913342,0.80684567084359726,-0.57108500085791258,-0.15120180301856195,0.069815756156491354,-0.16197371154485893,0.98432224243927391,-23.748260213484638,10.801973765466164,-0.82218901742107853,,0.3166510734775442,0.8444444444444444,False,1
