axis_00,axis_01,axis_02,axis_10,axis_11,axis_12,axis_20,axis_21,axis_22,location_x,location_y,location_z,dbh,dbh_approximation,score,reconstructed,number_clusters
0.69621122509693589,0.71773670981173998,-0.011997726353003928,-0.71396954054818285,0.69063095979134603,-0.11522314241115177,-0.074413877861860614,0.088785656309463765,0.99326717554505828,5.2698340118791789,-8.8155468850976497,-3.814423904318951,0.344632024661732,0.306196051603976,1.0,True,5
0.60633771442921558,0.79520407148472738,0.00224961215912136,-0.79056230306959585,0.60309889488556245,-0.10622131590744191,-0.085824361495150492,0.062627531341453699,0.99433996766298394,-12.517445840322701,8.3982189144744748,-0.18130728631158366,0.2992983234658383,0.2851581041646794,0.9850746268656716,True,5
0.30983124459069999,0.95079027548840711,0.0015658582493983941,-0.94411370599574562,0.30784958318429856,-0.11780468702149814,-0.11248959963639875,0.035021224563585127,0.99303555012079514,-20.306763064578327,7.2619883337740418,-0.12657083983417308,0.2699387056902831,0.2732520508377055,0.7966101694915254,True,5
0.67484487695823769,0.73095507421593697,0.10143506061118093,-0.73033541954768189,0.68124073143665653,-0.050211958593149197,-0.10580438080406546,-0.040196334529685428,0.99357419838331396,4.3055510580077136,-14.680274466548825,-4.228515223685962,0.6596337479046045,0.2926723585777733,0.3653846153846154,True,5
0.069786074252375485,0.99715318178846024,0.028555838099992369,-0.99002984531646832,0.072741825413633623,-0.12062144178438335,-0.12235525825681895,-0.019853435084223971,0.99228777675242208,-16.017077642318842,7.1534206812375105,-0.24542918699858232,0.2593306688423792,0.2626789438657615,0.9120879120879121,True,5
-0.42306106463106907,0.90600515099200207,0.013190980599888488,-0.89812447614953927,-0.41736484621409459,-0.1384883045090885,-0.11996566564789751,-0.070436152085740222,0.99027621780239272,-10.975493741616951,0.80784390255942617,-1.3256420637315041,0.2412161490596224,0.2489011109376039,0.8476190476190476,True,5
0.6995337048597664,0.71458671641919247,-0.0042919089466786318,-0.71075333317054656,0.69513366549675104,-0.10779093876578948,-0.074042522594304716,0.078453883334661259,0.99416431893202839,5.6709173022083483,7.6935229442873299,-0.98904255171425515,0.2561885406470138,0.2407097779552334,0.927536231884058,True,5
0.28746837448198165,0.92161697359833272,0.26073758388107121,-0.94983922801058396,0.30931926932266252,-0.046119741520892168,-0.12315589553467131,-0.23440081826040129,0.9643074622722303,7.321490717707273,2.0044307068989138,-2.0080928810959704,,0.5995483766183578,0.2517482517482518,False,3
0.21250929436130511,0.97710220334963194,0.010539640380635873,-0.97047701288048138,0.21230305633337654,-0.114463005997937,-0.11407965322807012,0.014095973921661458,0.99337160027784255,-15.86000053383675,-15.663039850565474,-3.5387731796837354,,0.2648292361541669,0.9074074074074074,True,5
-0.037017752238654458,0.99526562498808413,0.089866688690953545,-0.98672341095230898,-0.022172691646823003,-0.16088903636909646,-0.15813474095795377,-0.094629316082353962,0.98287267549766977,-9.5002412229192768,-0.030861629048757833,-1.4849793529250759,,0.185146745117381,0.2584269662921349,False,7
0.26009999098268555,0.96523131971772524,0.026009500702391435,-0.95902690537915269,0.26137389942258027,-0.10932099276681798,-0.11231825074178585,0.003490578263796236,0.99366615440684691,-4.502150886183931,13.688056189550004,0.23910616558208142,0.2804261640225622,0.270545013784752,0.8947368421052632,True,5
-0.62803312887497964,0.77817489631318537,0.0042684638298566974,-0.77054512240355966,-0.62108994222639369,-0.14320439240923771,-0.10878696326117013,-0.093226146617666011,0.98968393046024272,-18.331827913298024,-2.5709064692115535,-1.4362931161493211,0.3158018531482124,0.3406476687983122,1.0,True,3
0.21854497182132196,-0.94069636977994264,-0.25947723440497616,0.96777483580217272,0.24302747650984197,-0.065950836608308624,0.12509981007058016,-0.23670231419252216,0.96349470780913438,-0.52961923996573812,-13.329794608814778,-3.7333353933316058,,0.1234628409822646,0.1666666666666667,False,1
-0.31226708467921727,0.9499942110075541,0.00051660243720050118,-0.94164933776930937,-0.30945207863281415,-0.13242332010810201,-0.12564152380707863,-0.041837902456579645,0.99119311812253308,6.7843201403753133,-14.263972196232166,-4.4680253916858934,0.2735790966287225,0.2616083632725307,0.9536423841059603,True,5
0.51825562000030101,0.83968466664883301,0.16229840705608184,-0.85235649998264629,0.522662832424452,0.017662404688554956,-0.069996494736782294,-0.14748974268364398,0.98658363382314229,2.8646244882330758,0.1215562367095766,-2.1353197249619233,,0.2799824483102716,0.2012578616352201,False,5
0.13200877595070315,0.99101265911442182,0.021623888340478521,-0.98421537398716707,0.13363500021877722,-0.11602492975145377,-0.11787188247966277,-0.0059662543938250549,0.99301088771936941,2.8130419914363949,4.128721436164426,-1.5098500895017803,,0.0774459181260084,0.4571428571428571,False,5
0.90369252628945462,-0.42703566669752652,-0.031310657878440513,0.42220919149091729,0.90087233127982158,-0.10083868977254658,0.071268622472780138,0.077907522760366194,0.99440997649268059,4.8621657763799888,-3.0494301409552742,-2.8186534904854841,0.2981702540934725,0.269665428449049,0.9809160305343512,True,5
-0.26407533274556011,-0.94709223003040799,-0.1824295109113411,0.96001995631115045,-0.23989019436767678,-0.14427188960631063,0.09287573482701969,-0.21323461834858731,0.97257652419646334,13.187143353779506,0.60007556017488417,-2.6641008203779437,,0.1934126317977131,0.3428571428571429,False,3
-0.063065683974798489,0.99780177239670387,0.020355404854436418,-0.99018283494727311,-0.060008775143296618,-0.12624143646831415,-0.12474242614512905,-0.028117075022100615,0.99179068215608357,11.256562636616469,6.8891522626186621,-1.3116732066478305,0.2103691413805553,0.2485384067467586,0.9345794392523364,True,5
0.3475595094049197,0.93765747232047936,0.00092305134344528202,-0.9313799779071088,0.34534603402130593,-0.11518443271341067,-0.10832231614938176,0.039173733385091808,0.9933436940136624,3.9303396831835586,14.122743902969908,0.066846492759643675,0.2642399295390716,0.2166787356066089,0.970873786407767,True,5
-0.95168531951903557,-0.30677491985124056,-0.013572072878374525,0.30487529904049476,-0.93866393932853509,-0.16112436513204675,0.036689298806596611,-0.1574774826903875,0.98684078644864437,-14.335903443639381,-9.5431170363950901,-2.7282823663473894,0.3822117748810284,0.2817612830047772,0.5,True,5
0.92449826315465022,-0.37905192757126527,-0.040281479969645893,0.37577970251735887,0.92401756624526155,-0.070577279957156611,0.063973249096806462,0.050111610178618281,0.99669265569949161,-12.066602451720078,-7.9121685841217824,-2.5239815496342994,,0.1162438076639888,0.3103448275862069,False,2
0.40027628951487826,0.85807210352799856,0.32170041529229937,-0.90989054634428834,0.41389160797774499,0.028159021980362312,-0.10898663094845731,-0.30398355546416184,0.94642269218456121,10.161465048513435,-22.479425253454384,-5.4814890553083639,,0.4282801244228825,0.1604938271604938,False,4
0.3519946288935431,0.93593970459678544,0.010800490237910944,-0.92972414838928219,0.35094468115524441,-0.11158332613194509,-0.10822563990072342,0.029235254883892697,0.99369638760536549,-23.790922591028988,9.7099958712412722,0.24987769525912085,0.2826505178924272,0.2785199924412888,1.0,True,5
0.17704682681750225,0.98420165704497409,0.0012326328656806097,-0.97711605316358319,0.17592195117825921,-0.11956456725826844,-0.11789249239826999,0.019964101872170709,0.99282566187249721,-2.0320734661261928,4.7971343598691139,-1.1477891874438062,,0.2312953303197803,0.9658444022770398,False,5
0.17310289849535487,0.98464986189922621,0.022361484618493306,-0.97777015804441847,0.17453249385515496,-0.11620639666771598,-0.11832541810744247,-0.0017487282626494176,0.99297333165557056,-16.340387273365316,10.894425820071238,0.27432666379529136,0.2925034451353801,0.2907975923846155,0.9772727272727273,True,4
0.13006023767451139,0.99133173645622608,0.018593624464697752,-0.98426825601118173,0.13134987344237892,-0.11816603130925275,-0.1195840072282154,-0.0029324122076597216,0.99281975512873821,-7.7541253340185223,12.381317183477675,0.22864048876963411,0.3098930361081648,0.2374127316332591,0.9795918367346939,True,5
-0.88158629849490078,0.47200203361838872,-0.0044360529939697583,-0.46631775672204279,-0.87234925507197125,-0.14681460057194101,-0.073166577559576937,-0.12736113000237673,0.98915408025885243,2.3683681712633491,2.6718434520996341,-1.7262180893422745,,0.08074719028546547,0.2741935483870968,False,5
0.65546045368839445,0.75270196544452694,0.061736090470235122,-0.74813620530942015,0.65830849943300629,-0.083199386292709801,-0.10326573466462195,0.0083469030309748001,0.99461877986189595,-5.6209279878431628,21.843691060456113,1.3290961297440169,0.2038811253166068,0.2535279438038635,0.2926829268292683,True,4
0.12349350790115643,0.97827843108731793,0.16649523949831985,-0.98148126666565738,0.14516879564344959,-0.12498217455224579,-0.14643727903319112,-0.14797747139604128,0.97808935750706816,8.2237918414568352,-1.5365461780570544,-2.7792644478997466,,0.3166968241425919,0.3285714285714286,False,7
0.5991643724348612,0.80060309062323565,-0.006061855265834179,-0.79587616321335508,0.59476912026886175,-0.11327323780750477,-0.087081499949931612,0.072693774555525129,0.99354538271150072,-10.040687792565931,-6.2214236302072257,-2.3274390788006993,0.298613549249002,0.2806256848863949,1.0,True,5
0.95614607546434749,0.29073331996634527,0.035479839845652651,-0.29159453584831646,0.9562879128316335,0.022046642273213887,-0.027519248491397919,-0.031425537918465578,0.99912718235918485,-9.3318869317515638,-6.9285699668805076,-2.4851293093873159,,0.3879357538461439,0.2953020134228188,False,9
-0.72322250620111717,0.68773017951218118,0.063058756032136551,-0.67659868950008273,-0.68728203551932987,-0.26430591559626443,-0.13843200457606653,-0.23381745837415993,0.96237517438289211,1.0869061609694091,-1.4078913310345531,-2.2959181233173345,,0.3087913614700868,0.3767123287671233,False,3
0.279914680420766,0.96000819846671981,0.0056595548962949747,-0.95342995073869585,0.27867677767746074,-0.1153714982901589,-0.11233477074952984,0.026898186927577339,0.99330629053714359,-7.4741486023391541,-9.4396205929411252,-2.9610403210245311,0.2625727787902771,0.2801696554172625,0.995475113122172,True,5
0.61133291439975301,0.78845092905843872,0.067949983358272167,-0.78470724191844532,0.61506590414806162,-0.076996610544065536,-0.10250176706892061,-0.0062502817066676705,0.9947131856602367,-24.238178306036364,14.360379332256853,0.80162613906449021,0.3045750287925019,0.2799319058347555,0.9148936170212766,True,3
-0.97117631794684489,0.23793009618938055,-0.014346734350459012,-0.22625828163671757,-0.93912508140283979,-0.25855612827955032,-0.074991662536646922,-0.24785752118389234,0.96588969336180819,4.6360229238209305,-13.641643584690573,-4.1813177235646481,,0.2830381258885894,0.1818181818181818,False,2
-0.13691186133922312,-0.98699708103472605,-0.08421344461284018,0.98331877093105047,-0.1251388512982719,-0.13200175237623848,0.11974697056409461,-0.10088126647043813,0.98766574969269982,19.113279894878836,-0.84439707654523222,-3.0993133008042597,0.2227065798210545,0.2502282549980563,0.4782608695652174,True,2
0.53967131466636042,0.84180204296950933,0.011144172407261919,-0.83691238074124596,0.53787787574513568,-0.10131662127173789,-0.091282742554672586,0.045350978338520039,0.99479181222778312,-1.6873611603722325,-19.143613781306513,-4.4885095723461657,,0.3583209424799936,0.9873417721518988,True,3
0.06327502819798958,0.96238472053086144,0.26421945517936191,-0.99187813223166443,0.089913256404675998,-0.089963198716650233,-0.1103360394756316,-0.25638107576699615,0.96025762292282224,7.2225883704200733,1.2904620803666285,-2.1709132858782696,0.4142660633235434,0.382638461789031,0.3167701863354037,True,8
-0.34543733021615669,0.93844178323706162,-0.00026526963379156811,-0.93029875765796877,-0.3424770390038212,-0.13135333743462993,-0.12335830897501211,-0.045127566187639807,0.99133557909358128,7.2323068032573854,14.797844332897016,-0.01778377299132828,0.2746877170391799,0.2497417489728366,0.9819819819819819,True,5
-0.75674648149288415,-0.64694513553138555,-0.093791014283982427,0.64064576035214105,-0.70541306086882027,-0.30325801440112088,0.13002989075965671,-0.28957625104272694,0.94828151007022832,7.6795551839019804,3.7253472406732784,-1.6996276347754167,,0.3764773447638695,0.1325966850828729,False,4
0.24501403298033,0.96949359427228055,0.0070918479770786715,-0.96279754544826512,0.24416863631675562,-0.11576944120973275,-0.11396933851484624,0.021537123861652237,0.9932507952044427,2.8775775076705763,5.4539377952799946,-1.266400516492443,0.3052460517125425,0.2669312540173621,0.9566563467492261,True,5
0.39422951606928797,0.91526980180529471,0.082850941835762637,-0.91220850684719146,0.40066702978329821,-0.08568296960451699,-0.11161867538809908,-0.041798578300316233,0.9928716685235206,14.073693821940111,-4.8538428351397709,-3.7415701114965767,0.1723132094851587,0.2281123284392603,0.5357142857142857,True,6
-0.73910625467946589,-0.67272427812466962,-0.034117296424769329,0.67004536798136938,-0.7290859412039965,-0.13954531588482211,0.069001080719107238,-0.12599895221915783,0.98962776582878398,4.7798983659327074,3.1523271164042899,-1.7507017630305362,,0.3528636889962602,0.3970588235294117,False,5
-0.99980927314601953,0.010739869172975593,-0.016311730177290859,-0.0054208578407595187,-0.95500939671881047,-0.29652599629551057,-0.0187625060026546,-0.29638101725468557,0.95488547008506686,4.2033721889026117,-14.259383353450934,-4.1931012187525871,,0.2720562773054658,0.25,False,3
-0.29464398691646443,0.95559848386071988,0.0040569221172376459,-0.94743277812148974,-0.29156685364786672,-0.13175697626646313,-0.12472390274108751,-0.042665061783365592,0.99127374654434119,-1.3523233848785214,18.551562148274538,0.82684410042001644,0.3859727020223653,0.2859267733552998,0.972972972972973,True,5
0.5705284286212825,0.82127364112386458,-0.0026303098832670679,-0.81656673805478464,0.56691023321183243,-0.10877292761655813,-0.087841188730010844,0.064205871031063996,0.99406314270656027,-6.4695466591142088,-14.923287299758361,-3.5880238665901563,0.3197418780056187,0.3013665164233728,1.0,True,5
-0.84107731627791082,-0.52490074664592612,-0.13064514615283657,0.53908933892154687,-0.79359543617466644,-0.28211516858168129,0.044403070883402541,-0.30771007434481246,0.95044351617696532,-5.024830200445991,-25.92606743897375,-5.2542412922377295,,0.2372293114427925,0.4285714285714285,False,2
0.2050100223490709,0.97860112528485843,0.017627487842644514,-0.9717438271822374,0.20566000780714072,-0.11583564011989278,-0.11698215705675752,0.0066180646699784493,0.99311196556600434,-10.598074631856651,16.819052663618006,0.85701584000658937,0.2893900844936605,0.2713464918319654,1.0,True,3
0.40574986105028998,0.91390822593067667,0.011781546329457134,-0.90794422936588925,0.40451450452140975,-0.10956866337132906,-0.10490150913524326,0.033760482935545309,0.99390940390616422,0.2735549124850461,9.1344700179336744,-0.56123056607293498,0.294993750315629,0.2536107663188242,0.9733333333333334,True,5
-0.45501194610782375,0.89048531611144499,-0.00017518296380054747,-0.88244402563284485,-0.45092944279926672,-0.13399693743381683,-0.1194013003449724,-0.060815618114450819,0.99098173044173077,0.83016840785126833,0.75849860201475328,-1.9400108888000078,,0.3022055019703967,0.834841628959276,False,1
-0.18885497607953963,0.98199639928802784,0.0041072856420143952,-0.97399418046715991,-0.18677958270760381,-0.12825257853033353,-0.12517641321791614,-0.028221609963323738,0.99173303177063532,-4.3494890138767692,-0.56176179636388657,-1.7075977918832486,0.3787489183107978,0.3365032542033042,0.9941520467836257,True,5
-0.79765688599691542,0.59248204736997456,0.11273205296625191,-0.59415380871903412,-0.73986469139658173,-0.31556534982362328,-0.10356033896414357,-0.31869305290345323,0.94218363084098822,-14.877827456164724,-6.5183305337328195,-2.32006257834853,,0.490972167829456,0.4239130434782609,False,5
0.53095125629305673,0.84740192144478499,0.00086427571550209796,-0.84210641602432879,0.52774658402492525,-0.11108702507801727,-0.094591477055208706,0.058253983397793224,0.99381030679240012,9.9339177679368174,-0.33517493842258222,-2.6470672575621488,0.3092954720865008,0.2829880569338759,1.0,True,5
-0.6125011922753596,0.7904382653785571,-0.0070454301927258753,-0.78272087386416334,-0.6077178242860608,-0.13426496066486274,-0.11040979611693701,-0.076722843210833308,0.99092042175497741,-24.751814057082495,-9.1298214608931314,-2.3696519618640282,0.5018395811059035,0.3739097168984178,1.0,True,4
0.66029330080079673,0.74984865135875811,0.041710394064796014,-0.74652767766150918,0.66139868607753782,-0.072444492821889805,-0.081909605071095709,0.016696649674666688,0.99649989387191551,13.226364693709765,4.1178840716726857,-1.9645083813561401,0.2767398965992493,0.2663926546359973,0.2285714285714286,True,4
0.13070113967592145,0.99129047958692307,0.016136826445816373,-0.98401689835612727,0.13169335577644845,-0.11986493980278104,-0.12094608648898825,-0.00021242566911414129,0.99265905478081051,-8.5375165462157163,-1.0422630986534016,-1.6992051016943952,0.2946457456129335,0.2849889165491143,0.9954022988505747,True,5
-0.96456630248291553,0.26317342038919928,0.018750971043864317,-0.25061156886032904,-0.89166441008779895,-0.37699923254052287,-0.082496603977391766,-0.36833996604146613,0.92602374686007372,13.916075605451097,-8.2304473084166823,-4.3760308601051463,,0.3329928796150248,0.3392857142857143,False,3
0.22364094314728539,0.97460325351795019,0.011542390585165405,-0.96775655212221712,0.22344684718950109,-0.11627021246042414,-0.11589643813643757,0.014832555858636886,0.99315054796037294,5.7450166427722706,0.21475233195823731,-2.2366873806358316,0.2357050131313846,0.2568025561169203,0.9753521126760564,True,5
0.54788603555619519,-0.81330486608269315,-0.19584710069012215,0.8294280326690987,0.55861330830474687,0.0005571422556675254,0.10894967033076743,-0.16274632589105356,0.98063428593119162,7.7579539855762301,2.4288167507741467,-1.957774286632747,,0.5545048638357387,0.4879518072289157,False,8
-0.79466939950422344,0.60702362037900592,0.0047822372966074625,-0.60082251104243134,-0.78537770921226391,-0.14897705896266078,-0.08667673111201199,-0.12126078580671143,0.98882908842189443,9.2849590042474439,-3.1145181811210856,-3.1975671497810612,0.369886671523547,0.3427443046100188,1.0,True,5
0.062963424459905895,0.99363328213647972,0.093426483456084883,-0.98841010929621076,0.075040344857190522,-0.13196364076808462,-0.13813422103641038,-0.084034797997033964,0.98684197808173058,-0.71609802107951914,-6.003852590694331,-2.7502899681064661,,0.3468114405359193,0.7606382978723404,False,8
0.038902024258085123,0.99924271182045488,0.00079710872986435768,-0.99178714498323195,0.038709009858080921,-0.12190107301339723,-0.1218396140614126,0.0039516363080204075,0.99254193514221645,-5.9652882936174665,5.9561545599378141,-0.74847908593926304,0.2643718229618746,0.2270450589598351,1.0,True,5
0.51099217700259014,0.85662175235143379,0.071317378250407848,-0.85394172415598157,0.51537871378821187,-0.071890980793958281,-0.098338836619426412,-0.024165156162681396,0.99485954709193491,-18.592259404427775,-8.4299539430984698,-2.4848881502335773,,0.2774690349940638,0.3333333333333333,False,5
0.27154279549126159,0.9615705447456826,0.040578290923615257,-0.95645137601577224,0.27430786613401503,-0.099779556496000843,-0.10707602688896434,-0.011716742486457789,0.99418179545351737,8.3392949304996105,23.468757140832647,1.2580664788561449,0.4114198431871509,0.2385535207945922,0.4545454545454545,True,3
0.92873301588778923,-0.3460371170549652,-0.13309131759908213,0.3650368816655355,0.91624594347436505,0.16504982911433941,0.064831012824676737,-0.20187046511825105,0.97726416852817632,-9.3639836284108586,-0.33272751872934081,-1.5866860416271522,,0.3515833145465896,0.3541666666666667,False,1
0.56792201029929046,0.82272563972239021,0.024230393331442307,-0.81610306472361827,0.56668782539595086,-0.11331679618099955,-0.10695970253478813,0.044580604430539454,0.99326340501514354,0.066243889970817482,-12.572330117256604,-3.7282507986324562,0.3899094179530004,0.2985815785809453,0.9905660377358491,True,6
0.67164236448586923,0.74051147756014246,0.023222528491234989,-0.73668443862205291,0.6708440884419471,-0.085230551415586608,-0.078692897519041363,0.040136773714248959,0.99609059190209692,-4.5200080583330422,-16.387146978979068,-3.9078974237210011,,0.08564492837727097,0.2857142857142857,False,2
-0.23103392479085477,-0.89608575756535636,-0.37901667599758165,0.96662823891827909,-0.16708070053080321,-0.19420063654860564,0.11069405278279931,-0.41123515729890875,0.90478310775558879,-12.046394333286097,-6.7578198241884726,-2.3842712112929383,,0.6445553437528123,0.3352272727272727,False,2
0.87722629171050859,-0.42503511932972454,-0.22320210677365113,0.46962613402915881,0.8562255412028793,0.21524199596886984,0.099625937228495651,-0.29363748045541316,0.95071115629466574,-0.13497762690453349,-5.3712394954813769,-2.6932564324522756,,0.2223828484270936,0.1521739130434783,False,3
-0.73307652523435862,-0.58486934330057105,-0.34716949666910518,0.67808231811220165,-0.58873820361137541,-0.43999056520797802,0.052945047114002775,-0.5579562517577985,0.82817971667415691,9.2117222706054402,-1.2400933743724636,-2.7883977963607021,,0.3361049863430797,0.1666666666666667,False,2
0.44458095166837169,0.89573856442946198,0.00044900722975851556,-0.88996004103932469,0.44176963940732006,-0.1131844116970637,-0.1015820002113027,0.049920034973682498,0.99357389626604908,-8.9140442315819506,23.511747362044066,1.5638905850200853,0.2950382978645992,0.2965772401891637,0.9767441860465116,True,1
0.9328081495358187,-0.35428599382401299,-0.065957491914818783,0.35440681864558415,0.9350351211672332,-0.010253247353597908,0.065305153373052247,-0.013811472184730087,0.99776975308886395,7.3348113926298026,-20.581335948696104,-5.0770728720253482,,0.1767067379474744,0.2592592592592592,False,2
0.5732490890039823,0.81937375049477112,0.0034841004917460661,-0.81401698178841564,0.56997685118437535,-0.11181566291903096,-0.093604675717520888,0.061262109938172223,0.99372285802920957,-24.227621178499973,6.8999716968136822,-0.16999415273870674,0.25693477217758,0.2652605648123402,1.0,True,3
-0.35140512292277531,0.9360129103971927,0.019856262322117721,-0.92893867650603545,-0.34595176477452666,-0.13187233121699293,-0.11656489555111764,-0.064785862803285063,0.99106781660287491,14.223072685860892,14.858529486609552,-0.16841923052433422,0.2701584305620153,0.1822812322845771,0.1428571428571428,True,3
0.93864552070184415,0.34478326585654701,0.0083118019500628953,-0.34300941303927707,0.93076497187012053,0.12657452234183675,0.035904443079010667,-0.12165963473933028,0.99192227731928595,-18.281807061089019,-5.9537439908541634,-1.9807695677487871,,0.1199948441816536,0.5,False,2
-0.22436337601750111,0.97395893425524549,0.032635408476286723,-0.96667102094435808,-0.21819678345350343,-0.13393020927682917,-0.12332158273562568,-0.061596737534788115,0.99045324430618553,3.9108585988580558,-22.161800402783591,-5.1157082230670357,,0.2504898645603555,0.4333333333333333,True,4
-0.48490889210191507,0.8724710748273159,0.060478012121453213,-0.8680849138824116,-0.47176163323112102,-0.15449771422539682,-0.10626358101560709,-0.12741736538154652,0.98614038876265775,-0.31493992132397453,-11.682579376756136,-3.6008220720103394,,0.2807987173306582,0.375,False,3
0.74485041116552675,0.66722869698505916,0.0019315553751696139,-0.66398458826019613,0.74150793071618137,-0.096387007620041876,-0.06574444112991519,0.070511379256319145,0.99534205871945736,6.1380731990100958,19.701073947495328,0.85660334595014165,0.2468024796088026,0.2263301855012333,0.8297872340425532,True,3
0.40489284726706587,0.91296722773486838,0.050523492694770217,-0.90834997736417478,0.40794224962995451,-0.092105589349159522,-0.10470005183605548,-0.008600119124861241,0.99446665962040504,3.5498282567873076,26.135026569438864,1.6498690373229572,,0.2635586119352792,0.9142857142857143,False,1
-0.86198493216918359,0.50689551663800347,0.0062379424154629694,-0.50052873258748454,-0.84907929317548536,-0.16892407097564269,-0.08033034649280256,-0.14873227327284716,0.98560932743122764,-1.1847979056781186,26.255090827555104,1.7650216067989863,,0.168722198245398,0.5,False,2
0.7526371738724803,0.65225123914844318,0.090031136472699322,-0.65598971547861107,0.7545732153103033,0.017226605079393498,-0.056699009616890131,-0.07202488296131411,0.99578995704057627,-17.792368583835444,-4.8508041109297046,-1.8085533327905574,,0.1595417209377703,0.1764705882352941,False,4
-0.12959756754188989,-0.96007098919163136,-0.24792774390904224,0.98429100600652786,-0.09432636661171967,-0.14924393473936759,0.11989864879089504,-0.26337469938176267,0.95721370745705647,7.2945609491779715,-9.1152641179005194,-4.0118238619979003,,0.2403314490092478,0.3243243243243243,False,1
-0.13200604664537643,0.991248781247418,-0.00050727168927216029,-0.98252917551601204,-0.13091253896753902,-0.13228123979195969,-0.1311900259504665,-0.01696351427566245,0.99121209449569092,10.473000937115899,17.155460648765871,0.31059023581716877,0.2701290675519114,0.2442223316108974,0.6551724137931034,True,3
-0.92475537815245179,0.38044393378711444,-0.0094817626368391712,-0.37057281187003699,-0.90587326650518551,-0.20510830342518904,-0.086621485099540346,-0.18616132325435078,0.97869335342758867,17.05007143591029,5.8852992804808952,-1.7240544306971246,,0.219727262588397,0.25,False,2
0.99774375289094153,-0.056482529917211963,-0.0362922496030662,0.056637152801350565,0.99838955205772262,0.0032458072242276953,0.036050471420724386,-0.0052939735673350656,0.99933594819470617,10.195009387379898,2.8746156549076813,-2.0277396112406585,,0.1048703111636655,0.2195121951219512,False,2
-0.43812961446652471,0.89590240340267202,0.073493703844150021,-0.89388931389515858,-0.42559244511201005,-0.14082956070237873,-0.094891176784033832,-0.12739683764088436,0.98730223859142785,-5.9043443366830273,-17.985961452215655,-4.1124305005760249,,0.1255320272868115,0.2083333333333333,False,3
0.74331111602064459,0.66894154829791541,-0.0024061922055836991,-0.66633233738353081,0.74008459654430236,-0.090972556932607335,-0.059074537299441177,0.069224236497368669,0.99585049285734251,1.9708218990594351,22.08110089570501,1.2165635426885482,0.1949744464726642,0.1886337774814164,0.3793103448275862,True,2
0.015092145567338393,0.97278015927068506,0.23123794859727265,-0.9922573791577437,0.043084084859156491,-0.11648628734256661,-0.12327822455397487,-0.22768953283176999,0.96589852261491238,14.479248393118258,-6.0488894601987955,-4.0278616585331593,,0.3576134839608687,0.4210526315789473,False,1
-0.45868804269944174,0.88756132044198499,0.042897341873777674,-0.88056022759455899,-0.44753116262436288,-0.15597930650796382,-0.11924330196356697,-0.10931953592732943,0.98682839136369582,-7.8412711934241797,-15.897155236464135,-3.7006313080969511,,0.2937725333876641,0.2857142857142857,False,1
-0.86890740841349712,0.48073773540400344,0.11786070321685303,-0.48863310155407691,-0.79510918519158724,-0.35922009366071711,-0.078978526637207641,-0.36971964159698278,0.92578063219513018,10.276495219958525,-1.3424462173679106,-2.9029859514710723,,0.292141566469344,0.3409090909090909,False,1
0.81790955947563959,0.57521479959322674,0.012324238203246393,-0.57277953665140213,0.81609441342234812,-0.076899354836305861,-0.054291388928369724,0.055837645990486837,0.99696268855884007,1.4795499906790137,-21.832332846092662,-5.0446153136364185,0.2740982726184831,0.2315811570241814,0.675,True,1
-0.021319369036311368,0.99975864193608499,0.0053049390202592576,-0.99205844020454603,-0.020496682754422679,-0.124096483491627,-0.12395779815250298,-0.0079084682574851271,0.99225597524378939,-14.389164710374258,19.957317739645994,1.2818648349784301,0.3359602206157518,0.2841328345265794,0.9411764705882353,True,2
0.020497889401123747,-0.99661009078594753,-0.079675363028515231,0.9920708542486526,0.03015860137658492,-0.12200770022157598,0.12399700270752113,-0.07654270511704328,0.98932601179435131,-27.749856628065199,5.6768084338673139,-0.31997160878547476,,0.181391231428904,0.4230769230769231,False,1
0.9970072744908629,0.077296242765703252,0.0013362135342229135,-0.076483393756028473,0.98371053704754952,0.16267719502494657,0.011259888625731306,-0.1622925449795205,0.98667844040103003,-3.6733837529728346,-16.268545801214298,-3.9938950443612424,,0.3098283458083823,0.1851851851851852,False,1
