axis_00,axis_01,axis_02,axis_10,axis_11,axis_12,axis_20,axis_21,axis_22,location_x,location_y,location_z,dbh,dbh_approximation,score,reconstructed,number_clusters
0.64721944048047864,0.7622952024684535,0.0036083455649822405,-0.75770537428806783,0.64382720770948754,-0.10662594612937201,-0.08360359824263347,0.066276322367678234,0.99429265684420109,-18.793466871130565,-2.8829582750429066,-2.4482212016121263,0.206430925615747,0.1243320367827604,0.7755102040816326,True,5
0.92433165151543928,0.38052779477332765,0.028453390161606203,-0.38158183178449756,0.92222909087149918,0.062360320736152788,-0.0025107088098645369,-0.068498914993425322,0.99764803161535653,11.576454077778486,-5.6300450361889682,-2.4523664996849863,,0.54093251345102,0.4,False,5
0.99455912064453689,0.097064833231440786,-0.03782292548861943,-0.10017555519564135,0.9907459162293526,-0.091582681856919396,0.028583451226366789,0.09487332409383202,0.99507891078616295,29.445260095606155,2.7040257747096694,-1.688015994873274,0.3392863676365998,0.2644376814719195,0.4230769230769231,True,2
0.87688892856737455,0.48016153867357525,-0.022598755155688127,-0.47932200388584023,0.86987277412459274,-0.11649795460714414,-0.036279795297449811,0.11298784720229914,0.99293379579797025,-15.567378912940802,-6.3425041674127423,-2.8708844647891785,0.3870930425345754,0.2556353911649133,0.9852941176470589,True,5
0.74451232817601465,-0.66493751348087582,-0.059661514896957535,0.65916285527961516,0.74632236682090991,-0.092234781955941647,0.10585708957625291,0.029343277743039409,0.99394831286025109,-5.4877131044669012,-19.127689156404845,-4.2217091521648547,0.1629840902898535,0.1715654076628818,0.4693877551020408,True,2
0.92408504139857095,0.38199172972692808,-0.012212890060532311,-0.38157839799270005,0.92034001256894105,-0.085861443325429471,-0.021558349860918025,0.08400345043407946,0.99623223089119306,5.0777484251869573,13.71563582247966,-0.58926030917104133,0.2952131630884305,0.2750830417574216,0.9883720930232558,True,5
0.71995937094822238,0.69387448738824742,0.014024975420143505,-0.69005096816091938,0.7178568474076521,-0.092256208301250364,-0.074082153883487545,0.056742773827533288,0.9956365260949096,14.844831771875523,5.194985474908786,-1.364613232858694,0.2547180583534366,0.236268748628235,0.85,True,5
0.88071533930485624,0.4735518220203731,-0.0094426148030133938,-0.47212152205984526,0.87610807822214798,-0.097651951756179883,-0.037970508569524476,0.090461633497748883,0.9951758303656153,-19.983054307697603,5.8793055457491583,-1.6938224081448632,0.1905053340789616,0.2352269190532434,0.9245283018867925,True,5
0.96417185813858375,-0.26289468393577375,-0.035482575046075812,0.26133815621088319,0.96428354606748101,-0.043123205954802943,0.045552124888820683,0.032305230874179448,0.99843947036176373,-20.669501443752729,-12.242039114969611,-3.6810677670684835,0.2653065920414419,0.3098650642161825,0.6071428571428571,True,3
0.0043169088603605367,0.99994161479055299,0.0099061247696042853,-0.99132712294680747,0.0055804576654143213,-0.13129887205246102,-0.13134648685022129,-0.0092534049032853317,0.99129333443224521,-10.497965636217691,-15.25146120442828,-3.8717282481349469,0.1506083849977481,0.1630614939931329,0.6862745098039216,True,4
-0.85537193403745559,0.51398833266030652,0.06445811314412303,-0.49481521066864365,-0.7738929119391188,-0.39528175791622006,-0.1532865348031863,-0.37000777659323497,0.91629552192977681,8.4622031528713091,-7.0391972569335817,-2.553462141118152,,0.5777314437624016,0.1383928571428572,False,3
0.74427953557005189,-0.66552505459764444,-0.055896105717931077,0.65764339616905132,0.74490239859365071,-0.11236360640644309,0.11641793850976741,0.046870227994199071,0.99209376841148844,11.132899322744143,-8.4148498499311692,-2.7353896144706034,0.1626287189091955,0.1997630411428274,0.9827586206896551,True,5
0.90689453898826744,0.42105773470671004,-0.015895886163194047,-0.42015409099524126,0.90081090759548288,-0.10959127965749221,-0.031825068314491924,0.10606645464357621,0.99384962254162068,-22.690632158003584,-6.0528141467511265,-2.9657284441128713,0.2374309393350241,0.2244837341647234,0.8918918918918919,True,3
0.78635619294994941,-0.61537156893174871,-0.054422145857555462,0.60884453470186228,0.78690120327505153,-0.10047302547425184,0.1046530953815306,0.045872959733975691,0.99345025099010875,6.9708991068725492,-18.514873253954896,-3.9020140465500881,0.3513343842519808,0.3046723460558428,0.9333333333333333,True,5
0.17894366536058209,0.98377063799858144,0.013209710034139822,-0.97512214928799279,0.1791239365182172,-0.13058104508000246,-0.13082797329045476,0.010485569993269463,0.99134963268598142,21.734771398926718,-2.1180566892200945,-2.0103911331123601,0.3254513832027671,0.3162342808449243,0.9864864864864865,True,5
0.75742238890128577,0.65292480612618109,0.00072272827445775401,-0.64985811365489698,0.75397112657446186,-0.095979020670854301,-0.063211999714998413,0.072226988287800151,0.99538309472027175,5.8047587331945207,23.990488893994687,0.43669584766652814,0.3197945405141533,0.2218810112775105,0.5,True,4
0.99920221241759233,0.022230355773797356,-0.033177552380486065,-0.026049441090914591,0.99249050202769817,-0.1195158148684079,0.030271526533038835,0.12028472333168073,0.9922777937726821,-13.56923630455691,5.9508800240143467,-1.6572535915764077,0.2223401332061142,0.2031596801221585,0.8450704225352113,True,5
0.80300465033108126,0.59547289008462223,-0.02440427669336187,-0.59347070801317758,0.79521444136366448,-0.12420350629919481,-0.054553187597029075,0.11421921651343812,0.99195661210662878,4.8477016355667439,9.5784856235270972,-1.0504092935574598,0.2926103198723977,0.2338499046185127,0.9238095238095239,True,5
0.99223250363435433,0.12134820724059467,-0.02737282102733183,-0.1233255293320112,0.98839550226759221,-0.088685652234018156,0.016293328281229588,0.091372554395111619,0.99568347568734517,-19.975932499160827,7.922887974876387,-1.5244725386601985,,0.09502867431597439,0.391304347826087,False,1
0.80927757897606734,0.5873569055342448,-0.0090369069859748963,-0.58488749346229973,0.80425566643304436,-0.10525893312080345,-0.054556577587172403,0.09046926843728631,0.99440378685441411,11.572745280036436,7.0417148639628095,-1.1610726873388872,0.2748419769323194,0.2758451600215422,0.9444444444444444,True,5
0.86604814507664973,0.49963600117251716,-0.018013237955224484,-0.49835747407448805,0.8598276822656048,-0.11106837913580571,-0.040005480166987517,0.10516759549450294,0.99364950481269509,8.3854753515830343,0.23610810079398895,-1.8932538969340582,0.2893807784975199,0.2549958890831274,0.9715302491103203,True,5
-0.6815664659146361,0.71432462358129811,0.15876865145888253,-0.72451815535683572,-0.62830807105993236,-0.28337679933134541,-0.10266740037111896,-0.30817089412594761,0.94577487010104733,-7.8111107345928117,8.4971108630312919,-1.4103813782318328,,0.5491033172371221,0.2868217054263566,False,5
0.99870495809679283,0.037420971213533938,-0.034468501364575986,-0.040552229827682335,0.99463733575788194,-0.095142456203664405,0.030723335250046512,0.096417017325258647,0.99486674255460705,-14.792659003758672,8.1323322873982615,-1.4756325144683893,0.3032937605961074,0.2664891297872438,0.9534883720930233,True,5
-0.14323296680685563,-0.93012305816451724,-0.33816477328425654,0.98146083210971435,-0.089524556843575784,-0.16946972814183947,0.12735365033721577,-0.35616913172346615,0.92570221850935341,13.573181474978881,-8.5219020509890235,-2.7255680010106329,,0.3203265438279247,0.1555555555555556,False,2
0.9644402732264058,-0.2616828111785991,-0.037108836045367417,0.25924243556202364,0.96394918249482253,-0.059961097150019835,0.051461820632836559,0.048208711881047348,0.99751070225633398,-9.8029967046645243,6.0849397744586362,-1.5753343881264579,,0.2675397059621179,0.9739130434782609,False,6
0.90372003007475732,0.4278380225368773,-0.015643967317033689,-0.42740385020267169,0.89947903526385753,-0.090903322011543969,-0.024820476901427194,0.088837444765912724,0.9957368388956247,-21.06548045344968,3.481605619676992,-1.9587148546852555,0.2342984509882299,0.1943790557454182,0.8148148148148148,True,5
0.99878864680157242,0.035427505771343432,-0.034148658174302335,-0.03921935537944933,0.99227941738933156,-0.11765797885868029,0.029716681912763648,0.11885474185033862,0.99246686048239674,-11.336520821418759,8.0400056192753997,-1.3905859395460769,,0.2246850559273547,0.8493150684931506,True,5
0.42261185524351308,0.90618470116837502,0.01511645381757928,-0.89964229285989417,0.42146357929363881,-0.11407101396405525,-0.10974044243317489,0.034608361668500356,0.9933575874765308,-18.69944359895182,-8.8480311363107127,-3.1854623124031374,0.1451660072843368,0.1927346688897354,0.7916666666666666,True,3
-0.51079936074723686,-0.80351590414955953,-0.30568971987773819,0.85226530335067596,-0.42662620065741258,-0.3027109803380138,0.1128178432908305,-0.41515331709061049,0.90272911637094566,8.6810714911616245,-8.1725817304930555,-2.6691165401649433,,0.4468801897024475,0.1368421052631579,False,5
0.99751138114181936,-0.060349369291809243,-0.036455426463302971,0.056560183228724976,0.9936480115590286,-0.097286046265238679,0.042095013548798285,0.094982012775419428,0.99458857176395143,14.751209098547951,-11.478428199450828,-2.9852339665392247,0.1696670935365885,0.2801266739320353,0.9411764705882353,True,5
0.7517602892779367,0.65940003200105313,0.0069329114925483527,-0.65613003378149926,0.74900108455705194,-0.092145288008931833,-0.065953364088892671,0.06472227691738347,0.99572143726847007,-22.564095295997809,2.2870103258171031,-2.1229034370381159,0.3212941477496571,0.1668446817317734,0.6071428571428571,True,2
0.95559478246661655,-0.29386626435260432,-0.021936964193465979,0.29214706118404105,0.95448660791650319,-0.060045065988609037,0.038583757775885262,0.050969932151157908,0.99795458797101511,-7.1338416549611763,-5.0114377973806246,-2.6042990463571822,,0.3871376973586597,0.9408866995073891,False,8
0.44898785140280351,0.89327358463302076,-0.021730446142846773,-0.8871595412406561,0.44275038491859331,-0.13007707346072137,-0.10657325029463323,0.07768139836093664,0.99126572757779063,26.492747482208397,-5.5756158734441099,-2.242823513451635,0.3389215961987867,0.2780754481312434,0.9591836734693877,True,4
0.92442449253697045,0.38092176857920451,-0.018383792325209085,-0.38080883495632623,0.91940019782229832,-0.098427168320159242,-0.020590988732236852,0.09798919566365609,0.99497443621241799,9.8145045059237948,15.04374761858343,-0.35371267291719438,0.2965914220577569,0.2859816479253575,0.9102564102564102,True,5
0.55904519654864671,0.82909694930737277,-0.0081680392441013869,-0.82358113508259223,0.55413355140214993,-0.1210376848196887,-0.095825790640905184,0.074392579331872169,0.99261430676189466,-9.8352554074451639,14.31159249864341,-0.74714311109517018,0.1713024928544096,0.2219990527629502,0.9482758620689655,True,5
0.12845376715875381,0.99167311065304131,-0.0091690408682832715,-0.9826198593286537,0.12602086897872009,-0.13629729503839805,-0.13400687204640116,0.026517582649401537,0.99062554785083667,-4.4056544038956602,-19.576731728238276,-4.257127539233803,,0.2035614614272623,0.9180327868852459,True,4
0.92839142679659181,0.37105394759382287,-0.020207093448321157,-0.37115665184587404,0.92323569001267614,-0.099391148888513858,-0.018223568288057101,0.099773887675375456,0.99484324036352179,-17.64736529429025,5.5641796099390151,-1.7897476728060946,0.2403120370405578,0.2134876437197244,0.8043478260869565,True,6
0.95177266802368488,0.30604891234809556,-0.021513987394811088,-0.30656357966343012,0.94590886938326557,-0.10618466200923769,-0.012147428823425774,0.10765906405231258,0.99411365844170929,-6.9364546865374459,-8.173397099830348,-2.9768247911041614,0.2451375387103978,0.2275709774217902,0.9650655021834061,True,5
0.20426451444896723,0.97150755003357869,0.12020436083886593,-0.97099284400724339,0.21666914416666253,-0.10113050406682636,-0.12429362422768116,-0.096060200883813784,0.98758469651089087,10.066706228239411,-8.4709065232241567,-2.7337006442722047,,0.147267032203256,0.2857142857142857,False,2
-0.82557889704444387,0.5639027196082036,-0.020813639118409083,-0.55504669301841392,-0.81815531381534823,-0.1501500950550213,-0.10169883639551819,-0.11240820830429123,0.98844410129334936,12.38652898252414,1.7801991467385505,-1.7104439783106109,0.225515616529487,0.218267801166303,0.9714285714285714,True,5
0.95207414056435857,-0.30286366646342644,-0.042760149730425766,0.29657119341726124,0.94827691712331008,-0.11320960951338187,0.074835540378214924,0.095102513044826545,0.99265056989298073,15.807477633922408,8.7943986877522704,-0.94240874563611299,0.2985850747775954,0.2751191087499621,0.9344262295081968,True,5
0.74930685481699122,0.66206351970659383,-0.0145304231867785,-0.65890077040278938,0.74317321242386147,-0.11637590428525467,-0.066249619522536995,0.096775369848514203,0.99309894557581935,13.868103048197691,-5.2308624076933699,-2.3675781520836758,0.2105686326540219,0.2311886096965984,0.9508196721311475,True,5
-0.78063591379274333,0.62483494448370236,0.013742716216863755,-0.61321881774932507,-0.76150607297513617,-0.20993137540660101,-0.12070729743925515,-0.17230726326546908,0.97761953508042987,5.2109541619252662,20.290681141731017,0.065274930036853376,,0.2003050170432388,0.2777777777777778,False,5
0.95285199369584694,-0.30068203736919863,-0.04078468478924023,0.29486602708542675,0.94925761659711172,-0.10938008686789294,0.071603800043756632,0.092197015872962043,0.99316293028053293,9.1739847171737665,10.431347493717468,-0.87639598241600924,0.2718010896566648,0.2372945686461511,0.9615384615384616,True,5
0.8765591467257754,-0.4788890992934588,-0.048055102427122125,0.47212544622002905,0.8749599253224043,-0.10743692154632813,0.093496659421178269,0.071486779600939201,0.9930498552536865,-7.3739702905448725,-19.789942879237731,-4.3953800407082451,,0.2492779401759582,0.9032258064516129,True,4
0.44798938583203252,0.89393512642841422,-0.013619835507569449,-0.88745216804964799,0.4427914807249077,-0.12792323487710383,-0.10832432601136918,0.069395203975912659,0.99169054954624025,10.486437279917222,-1.6923427542746501,-2.027489456050144,0.2679889027202231,0.2458911881606814,0.9692307692307692,True,5
-0.046286259612699769,-0.96044264094648535,-0.27460428915587909,0.99177302526344679,-0.011340499300209854,-0.12750552707789553,0.11934759541296075,-0.27824688053482621,0.95306601289825776,-7.2183694858096681,9.5035982939100663,-1.2984407209736886,,0.422444565949685,0.2647058823529412,False,3
-0.99748569357712347,-0.070660722537466483,-0.0054178777624020145,0.065849817056683427,-0.89588277811131589,-0.43938348794322296,0.026193371347852063,-0.43863550947687097,0.89828324994035114,5.2358895828206382,-11.58059682366928,-3.1298112142225976,0.9583700846508827,0.4984987552943348,0.4148936170212766,True,7
0.68537285991280206,0.70598648149773413,0.17845764437926268,-0.72337698463431677,0.68821562127360447,0.055542746928376879,-0.083604910120814335,-0.16715964398572894,0.98237868076737811,-5.2760689232120175,-3.3641242539613616,-2.4535429487702887,,0.5290000032829275,0.2104347826086957,False,4
0.88378260978812118,0.4677823945235895,-0.010388936898133416,-0.46697482299623905,0.88042802939044806,-0.082346825993979245,-0.029373684204195685,0.077628064753852255,0.99654958242871328,-21.462734996746715,5.3011916034421374,-1.7676056376286156,0.2279715803712704,0.1713490427389373,0.7428571428571429,True,3
0.80716067303529593,0.59016659217620115,-0.01396572176208016,-0.58782078653326086,0.80132270165912955,-0.11112448301400921,-0.054390907554710238,0.097904654050977716,0.9937083615883141,-11.62755242259205,1.0017338240142954,-2.0095308480267562,0.2443542211911199,0.2389538137420746,0.9779411764705882,True,5
0.87200791540880562,0.48898154927149018,-0.022343677773412337,-0.48801738739123612,0.86493494482831712,-0.11716044903749746,-0.037963470181490891,0.11306894218524013,0.99286161636196302,-19.199741561124412,-4.2411586599641735,-2.6059827847517472,0.2095829064616005,0.2271490151570647,0.9402985074626866,True,5
-0.3736373554742482,0.92744607252514044,-0.015456686317040147,-0.91712656747114329,-0.37187141784337735,-0.14349392959200807,-0.13883078128718487,-0.039438954712940649,0.98953048614903305,-13.18040530440614,-6.9561227931839227,-2.8348959259072357,0.277824420849153,0.2746182483638291,1.0,True,5
0.44909753350748782,-0.89117022329665885,-0.064242030687655299,0.88204766271344814,0.45366885092152304,-0.12718684839749739,0.14248974032972986,0.00045476689389490482,0.9897961745166719,-18.969499940086273,-10.733228063780549,-3.4445587718702182,0.2352579574439424,0.1689134652019895,0.4074074074074074,True,2
-0.97375059370798123,-0.22125217438850012,-0.053453312167869138,0.22761673279482963,-0.94717139418736196,-0.22595790091292936,-0.00063577131272599466,-0.23219350843968653,0.97266940449122186,-11.476228634886182,-1.0049150396631263,-2.1857518263944389,0.1613426908347401,0.1526167704072769,0.7169811320754716,True,6
0.96367958626939598,-0.26417925809662346,-0.039127670505212077,0.25803705124994458,0.95883329760651137,-0.11855626336578794,0.06883701903685524,0.10415386211054367,0.9921761122994136,4.609320508317599,-6.2363369532170294,-2.5790264592258825,0.2913568594859549,0.2393180435014875,0.924643584521385,True,5
0.9072703581154441,-0.417103417147554,-0.053714399269734411,0.41207582836418699,0.90722012103033189,-0.084529070003637852,0.083988147753382134,0.054556314039205453,0.99497216023133661,-7.7991188909034586,-10.130073156264194,-3.2038379452593917,0.2514060256663952,0.2276040296518528,0.896774193548387,True,5
-0.12066122248984143,0.95892115040629711,0.25673156543502851,-0.98291333600079267,-0.07919374906451393,-0.16616174054486643,-0.13900447222679449,-0.27239415818363322,0.95209200148324946,6.4302285654500277,-7.4680582397607731,-2.6834977715893129,,0.2967674534923384,0.2461538461538462,False,2
-0.34286082993978717,-0.89586615236276612,-0.28261331947332907,0.93105184753649739,-0.28408934554109916,-0.22898842972714922,0.12485555050487719,-0.34163881629692433,0.93150094509203862,8.749764290952335,-8.7553391520406816,-2.7175881239081821,,0.4904410096865134,0.2551020408163265,False,4
0.9588119111205522,0.28345804162054294,-0.018200487191294409,-0.28394473420117217,0.95484004810969814,-0.087497831089090497,-0.0074234097812031705,0.089061895143298084,0.99599842962762974,4.237430937852726,2.4848939710550502,-1.7497691719691499,0.3186661702740866,0.2801897476981844,0.9637526652452025,True,5
0.12405796131571972,-0.99030652903919369,-0.062470799390856632,0.98242705718520529,0.13143089096278959,-0.13252546250115624,0.1394514236019318,-0.044932164905250246,0.98920897742202207,-9.2848746533678952,-7.2993554402535912,-2.8762402067558437,,0.1877923308085619,0.5590062111801242,False,4
-0.61895412787142401,-0.78384319233865529,-0.049856167274157218,0.78055059738156407,-0.60680825132481186,-0.15008168126525434,0.087387370473120965,-0.13180893728601126,0.98741574401734333,-4.8315727905297159,-16.408715136153774,-3.9120178069528611,,0.211584942945422,0.9302325581395349,True,5
0.39516601747676783,-0.89936298661937508,-0.18705624002055934,0.91094165246808034,0.40991277477462812,-0.046441607156610651,0.11844460490150935,-0.15204517544349566,0.98125080392022213,3.8024591777636951,-4.0641862050177853,-2.3579230254016235,,0.1933460309360002,0.1853932584269663,False,7
0.77636007907230753,0.6251937134711778,0.079986550487934571,-0.6272260484705896,0.77883717890633797,0.00036451774442571028,-0.062068605130208704,-0.050452645018226133,0.9967958762293585,-8.1584730027106396,0.19959369888817846,-2.1146401036226168,,0.5131595922298411,0.2014652014652015,False,5
0.51651445786216943,-0.85509668932461791,-0.044971843696108557,0.84598362539951055,0.51771981557907365,-0.12758486631521326,0.13238021141866305,0.027853984685285722,0.99080756717028662,-4.0951748675166995,-17.480511064471777,-4.0264176465730976,0.2002997833073564,0.1764684566269063,0.96,True,5
-0.81178603508198777,0.58082107889727463,0.060417775153272721,-0.5777549241483011,-0.78381992161443204,-0.22765231846554296,-0.084868609439866016,-0.21971164008525329,0.97186630476768343,-7.011653432591805,-15.563419908386653,-3.8513730752237723,,0.4568118744535576,0.4210526315789473,False,2
0.88586588031208358,-0.46176541786242087,-0.044881410018426868,0.45484870379609826,0.88348921030436212,-0.11206904983439903,0.0914018531207519,0.078863896315865933,0.99268634880508655,-6.2653346167757444,-9.1243994201514571,-3.0775652708448309,0.2298014080683034,0.2024772967610617,0.9788135593220338,True,5
0.86966654733286053,0.49303015147707163,0.024522768698449902,-0.49075617029895269,0.86888068671108987,-0.064843917015943969,-0.053277366335503909,0.044357885375216219,0.99759405583703831,-16.953696725052939,-4.9788089111486133,-2.7065464083658051,0.1812880277403063,0.1710112149166616,0.3225806451612903,True,4
-0.8090606724182382,0.56902189094147593,0.14708812316273062,-0.57178696270288454,-0.70418397849422121,-0.42093300383203508,-0.13594299404220056,-0.4246634103162607,0.89508686187956343,10.017220861605797,-6.2129574058905837,-2.4988761826308634,,0.4529274193756611,0.1403508771929824,False,7
0.97070330615728218,0.23870256907894297,-0.02749863506491227,-0.24027861611467152,0.96377642490537141,-0.11576350648904274,-0.0011305102118827903,0.11897935245971336,0.99289608501339499,-17.606428586375589,-6.4907976390085125,-2.8662152872426403,0.1384061875338941,0.1570804353481208,0.7142857142857143,True,4
0.73253732000368754,0.68072217234111732,0.0025296017486411554,-0.67701136462143008,0.72892171768963676,-0.10163041697159611,-0.071025959868528651,0.072735504147433946,0.9948190083935744,-6.2415531359814409,-13.185470370797386,-3.5399917200249074,0.1807773461891261,0.2034044353175952,0.776595744680851,True,4
0.86602304900344473,0.49994271743680829,-0.0078331268774053386,-0.49839985708112516,0.86188461737692423,-0.093554736868572047,-0.040020757817562078,0.084924587787832906,0.99558332314918541,-18.621536507177236,-1.7209120171101275,-2.3496872595006066,0.1692118085789715,0.1833076500575445,0.6808510638297872,True,5
0.97606591777771146,0.21605193104403445,-0.024837214918296626,-0.21746205325907328,0.97086272689004349,-0.10067681425222598,0.0023621060733765194,0.10366835885540479,0.99460911509352523,9.5129896019129241,-5.395343877299851,-2.4029821541264327,0.2573749477307511,0.2362217386165298,0.9774774774774775,True,5
0.070252058104282283,0.99751939024150393,0.0044400928290647436,-0.98850405410876419,0.070213154688606741,-0.13390238205204327,-0.13388197542107805,0.0050178681620721872,0.99098457992869793,-8.7430528835237169,6.7936655165264668,-1.4761274265156696,,0.2169411070169915,0.25,False,1
0.80649111479469804,0.59108174773626732,-0.013944506095418941,-0.58875932606743753,0.80071457194308249,-0.11053791316387035,-0.054171373674869142,0.097357802825691439,0.99377407920670369,-18.901054168694483,3.9290455832139699,-1.9218576454021452,0.2833881474449861,0.2623396383148776,0.9245283018867925,True,5
0.91498958439352795,0.40311836351026603,-0.017018973299364151,-0.40270280203670134,0.9098075107067185,-0.10040292173753788,-0.024990271770206983,0.098721215867967449,0.99480129063768374,-5.1764042744368153,-10.92007584416727,-3.260100134666811,0.1439433186562777,0.157348159720567,0.9240506329113924,True,5
0.036051810970843236,0.99934754509787949,-0.0021796863455172052,-0.99028264103735886,0.035431475551323373,-0.13448011525995271,-0.13431514354605281,0.0070067572455608552,0.99091389513272332,-9.5473370293666093,-2.4586696428381849,-2.2814590488958175,0.1198261136970106,0.1322697155240545,0.8596491228070176,True,5
0.47839593914530149,0.87803653899493628,-0.013753603130801009,-0.87179733058320152,0.47300035028048315,-0.12743658431763272,-0.10538851833710296,0.072955498931436338,0.99175135763878641,-10.405601589459769,-8.1635703393743366,-3.0253995417693837,0.09319918501024356,0.1187083883907959,0.6842105263157895,True,5
0.79134009446120046,-0.60871880925112809,-0.056940900607792652,0.60143074876541391,0.79181420221069565,-0.10635470660442264,0.10982672415041513,0.049916735082815362,0.99269653480862929,-13.448026960800775,-1.4431256156222401,-2.2751003295411341,0.2293314102079254,0.2151420997065841,0.9396551724137931,True,5
0.39068186711071173,0.92042850923447339,0.013380511921906819,-0.91357466243047114,0.38947372571350225,-0.11701091036263951,-0.11291153561943193,0.033489944270597247,0.99304048696758229,23.031599098579292,5.8266502877115194,-1.3853218422759352,0.2664606857303087,0.2708784900619512,0.851063829787234,True,4
-0.2997166664723212,0.95333638314173397,0.036327130590758608,-0.94561229571166228,-0.29181070347723592,-0.14374943316424482,-0.12644091915847677,-0.077435482269817751,0.98894713713524718,13.484491037069947,23.680766998809357,0.57765456357331313,,0.3132725471725041,0.7924528301886793,True,4
0.72434563153069398,0.68934809565825272,-0.011072899111838128,-0.68565336087682172,0.71859714890790705,-0.11617919908377136,-0.072130955911587011,0.091746065821746381,0.99316654424397155,8.0320650919135872,-24.409440572039184,-4.5741248709669238,,0.3231221958754076,0.9818181818181818,True,3
0.88882926994182521,-0.43976586474150331,-0.1287964017464793,0.44100040035961074,0.89727676407177248,-0.020323767848327942,0.12450371792579434,-0.038734904995978189,0.99146277356116974,-9.795785299997684,9.8865016043905563,-1.2275609645180388,,0.2397183324698725,0.1728395061728395,False,4
0.24227727091413723,0.96210749884134905,0.12510349584100483,-0.96218793161150518,0.25481331422299169,-0.096252579995902768,-0.12448336539301366,-0.09705326150077298,0.98746369866060946,-8.33815679209164,24.804545203162661,0.36913764754521566,,0.2297031794232856,0.1612903225806452,False,1
0.19950989179750678,0.96190545024753726,0.18690561216568544,-0.96966410902421507,0.2212939393977662,-0.10382922544299833,-0.14123497706029597,-0.16052070635871341,0.97687552128450705,6.6598994116947976,-10.392905107440686,-2.9724331470637906,,0.312106065209508,0.3333333333333333,False,7
-0.88026696497728163,-0.4607835791807347,-0.11317492446242865,0.47161127145001325,-0.82350929691069696,-0.31530183403042722,0.052085305134814415,-0.33092435851572011,0.94221875906286867,-7.5384780777511953,6.3564606699853288,-1.6105434420423008,,0.7948773133981553,0.3993174061433447,False,4
-0.053393081666537466,0.99195901944349918,0.11474529434726929,-0.98897862758050736,-0.036638621408080885,-0.14345342662443084,-0.13809581101223201,-0.12114006424798655,0.98298251857032881,-23.651723967177006,9.0893559562284327,-1.51323587040935,,0.1778589744590776,0.32,False,1
0.77933331175108767,0.62660083267338818,-0.0033144664879760609,-0.62384652078945857,0.77538974098975133,-0.097909489155727697,-0.058780164119974068,0.078371844822387571,0.99518980413043112,19.492284802799521,-6.7121127705245538,-2.399316892340662,0.2862981474783521,0.2532988900741138,0.9090909090909091,True,3
-0.2993981087026974,-0.92667786396320362,-0.22721995719091703,0.94639257528213883,-0.258163311398247,-0.19414633166437367,0.12125125135885845,-0.27316632495328941,0.95429465730214846,-6.7880314705020774,10.535062627474407,-1.1734487837906469,,0.4665039840047918,0.5,False,3
0.999476600121187,0.0067960455244437928,-0.031628145304796393,-0.0097894754398705659,0.99538374713809907,-0.095474405491357273,0.03083329338237804,0.095734057150763385,0.99492929312622491,15.107142023457817,14.90289003538769,-0.35692074836609999,0.3019649490959772,0.2699865325440668,0.9736842105263158,True,3
-0.54748049670376553,0.83651550906995364,0.022514635560752502,-0.82647833910563873,-0.53630336300260928,-0.17120822942042202,-0.13114366442258008,-0.11234102508668441,0.984977580132812,-22.995581150920916,11.834912650455054,-1.2765450052036671,,0.1565752037099759,0.2608695652173913,False,2
-0.17175027064963444,0.98514011713273475,-0.00089114952713086754,-0.97511945060861049,-0.17013181584977072,-0.14211693171618339,-0.14015670364467017,-0.023539644248844149,0.98984947520928601,27.863145038605872,10.562945028727846,-0.92399725550237244,,0.2934348524570347,0.9714285714285714,False,1
0.72925850341405196,0.68423761412747219,-0.00096052664830856629,-0.68071467763272564,0.72536005683412741,-0.10237341258826163,-0.069351011915271682,0.07531052624126594,0.99474557640815464,-23.742669666028849,3.2613858064235388,-1.9945113521825864,,0.2569161984877615,0.8484848484848485,False,1
0.50719322149834445,0.86014620675417808,0.053884497515800663,-0.85553541620321971,0.51004659548921227,-0.08894729929485333,-0.10399128659707771,-0.0009866287361477849,0.99457771887149271,-14.734725323327657,6.6327440990299698,-1.6075274512791913,,0.1330425897984795,0.2916666666666667,False,2
0.26558645901971378,-0.95723880231352643,-0.11470705353523517,0.9535554139419582,0.27835763621991122,-0.11510473013757709,0.14211229829733482,-0.078809274222194664,0.98670826132612288,-14.547499827370697,-9.8265229967177685,-3.2422723618218634,,0.1639075087714772,0.3703703703703703,False,2
0.98128871312185295,-0.19026394864401736,-0.029531192763643844,0.18811888438708255,0.9800884300716195,-0.063544902051280036,0.041033484334335908,0.056800520122038227,0.99754195604859097,-9.1632419267169123,-17.70158172061069,-4.1652920431305951,,0.1582139490346939,0.5833333333333334,False,2
0.61656704864276002,-0.76976485601029154,-0.16524872459238726,0.77686756556750181,0.62890244150627661,-0.030959726043143815,0.12775703541166933,-0.10928762747401291,0.98576587199188537,3.118185752409218,-4.5477502783661494,-2.4350082452338313,,0.2620502332862041,0.2307692307692308,False,1
0.98898399164654804,0.14551593252742398,-0.027125221612645301,-0.14746303187605728,0.98447962595167049,-0.095155243239564438,0.01285762407219411,0.098106979704473296,0.99509281076514899,-9.7975021868958567,18.672281393137609,-0.30323872671645408,,0.2055891045358223,0.8372093023255814,False,1
-0.70355248529785541,0.67915701633367398,0.20918806752764815,-0.70041462350885131,-0.61293838329707317,-0.36568551168473129,-0.12013848511681938,-0.40379733214313263,0.90692582880185058,5.745942349701199,-10.86370773985176,-3.0507706215772998,,0.4468300068093523,0.125,False,1
0.82164609740825012,0.56999475870276783,-0.0019145926893267134,-0.5677403866228542,0.81808853440990414,-0.091662441950816881,-0.050680805154659142,0.076401079301462588,0.99578829631124255,15.86154828031874,18.412214455225779,-0.033276350165960651,,0.2610206413514578,0.9117647058823529,False,1
-0.28628656992755724,-0.93452031476574438,-0.21145160479232089,0.9504238914750478,-0.24901948240276237,-0.18623566762918289,0.12138544555481538,-0.25428542756908884,0.95948136768436765,-10.571279551036387,6.7310420571882625,-1.4970206912983748,,0.2133057107796272,0.1147540983606557,False,1
