axis_00,axis_01,axis_02,axis_10,axis_11,axis_12,axis_20,axis_21,axis_22,location_x,location_y,location_z,dbh,dbh_approximation,score,reconstructed,number_clusters
-0.99935501943498573,-0.034101514063276953,0.011253082630585037,0.033252079094694728,-0.99709153972388187,-0.068576677135437469,0.013558922006517034,-0.068158258117780507,0.99758238130210097,10.035634604554893,13.42394373354875,-1.0983045359785,0.234556664889427,0.2464078241297099,0.7758620689655172,True,5
-0.72340208377521131,-0.6649570214467071,-0.18579985150264591,0.69023732708100416,-0.69021698941178078,-0.21719332363451746,0.01618201142480721,-0.28536409577250771,0.95828256550465629,5.8787450349118968,23.495054987662204,-0.68016370987641683,,0.3449410382349206,0.3142857142857143,False,2
-0.87283435423493516,-0.48800367873507011,-0.0035495926982405217,0.48770641400286791,-0.8719972400787126,-0.041991273326396933,0.017396660821782241,-0.038382585063377939,0.99911167211483676,17.476044892830007,-13.899810238360622,-2.6097441025508821,0.3365816202027989,0.261203100499185,0.9508196721311475,True,2
-0.43768125309170725,-0.8984562743283675,-0.034805801413902923,0.89894609119676938,-0.43648030108816127,-0.037160084553719851,0.018194664441107147,-0.047552811504464852,0.99870300104880927,-22.320853226731522,-10.517430705901473,-2.5241785210717502,0.2576858300735728,0.2078397551636711,0.90625,True,2
-0.4501269988223256,-0.88538504721623779,-0.11609910894192337,0.89293217744538211,-0.44518308247776278,-0.066963792890252213,0.0076033817382272877,-0.13381084127042911,0.99097772293056352,11.020509360263659,-10.870584858147788,-2.4582286616114652,0.2532893983661069,0.2021922499071089,0.7662337662337663,True,5
-0.81873407429603806,-0.56829318644235671,-0.081959562162100527,0.57292330756933685,-0.79917404715834317,-0.18187832743998439,0.037860259249263353,-0.19586652749193256,0.97989943574727667,-9.2505638323992994,-10.050397906786831,-2.2965926280932392,,0.2720246763256009,0.1428571428571428,False,3
-0.26635932207738228,0.96146134382973236,0.068152739223035858,-0.96377199265285451,-0.26669226820936343,-0.0043336191908842983,0.014009201277158729,-0.0668380011555611,0.99766548696499757,-7.576229942196405,-17.60699804560096,-2.597487002970523,0.3188801804761059,0.3037692512500427,0.6338028169014085,True,7
-0.99710898764552847,-0.074627241423743981,0.01429830738205312,0.073852793037450987,-0.99608195771761121,-0.04864666967037308,0.017872652771115702,-0.047450061611479494,0.99871370268760717,-15.352168565650398,6.0567960937885887,-1.5338145572403443,0.2768616571690922,0.2711938786927816,0.9888888888888889,True,5
-0.83823088943766888,-0.54195774410204156,-0.060421681541980521,0.54496501731363411,-0.82856233029174886,-0.12844296292852148,0.019547529175954322,-0.14059256178522841,0.98987455047282724,18.350508588736336,19.500140771495431,-0.77531190053956367,,0.2481022493836401,0.5454545454545454,False,1
0.8101465744417381,-0.57115873479563151,-0.13206145382726661,0.58621988763459543,0.78817406875484164,0.18742433322309368,-0.0029616316449006643,-0.22925823215119759,0.97336113119895418,13.959449170869364,-29.261994275296477,-3.2401063418524756,,0.3000028938403023,0.2068965517241379,False,1
-0.89834207223370699,-0.4376518913641434,-0.037978194272984239,0.43860048280234498,-0.88869537192820081,-0.13360446249637964,0.02472120022163914,-0.1366797640427605,0.9903067728541578,-3.959798646852227,-2.1564919560749516,-1.9534055342227583,,0.1555914503006718,0.2164179104477612,False,4
-0.99481541345533631,-0.10167845706473329,0.0019453844409802982,0.10117564706795838,-0.99146833479310192,-0.082182902984581488,0.010285017844804067,-0.081559993081954121,0.99661536509146964,-12.5944119875754,-13.353204518646402,-2.5335742546422142,,0.2792548244465871,0.9285714285714286,True,4
0.74342397346390499,0.66778284922041276,0.037240595674695294,-0.66869925842808975,0.74107617986078989,0.060393686927197071,0.012731749952825808,-0.069800873418641052,0.99747969433624706,8.2621573023572505,18.071483584071458,-0.86652946428990374,,0.1797068658776982,0.8723404255319149,False,5
-0.78549391837409921,0.61847062675951248,0.022212339656183397,-0.6188652857225948,-0.78511311053997079,-0.02455935230710822,0.0022499610656516005,-0.033037667804331643,0.99945157470547585,-7.9654449276803181,-8.2783470184530863,-2.2340240128375535,0.2253924603989168,0.1945516343479839,0.95625,True,5
-0.99515816678137714,-0.097787343665599602,0.0098923458874199677,0.097294545957759118,-0.99437575263214639,-0.041840577244197596,0.01392818779324616,-0.040675520845836623,0.99907532628361784,-7.8039313289731762,-0.15395761027877225,-1.8961454516379674,0.2462350029813265,0.2167667624812498,0.9626168224299065,True,5
0.89742719837114182,0.41318583523596386,0.15460235827464577,-0.4389456535813871,0.87138056297107791,0.21914065729164864,-0.044171674472809272,-0.26452481932054306,0.96336674384042442,9.8346325678554276,-10.602579202406098,-2.4693736957497729,,0.5758476657385188,0.270440251572327,False,5
-0.83822486873976576,-0.54507784213587196,-0.016407785917171881,0.54497427613269589,-0.83622837779510706,-0.061033912899373502,0.019547577339573238,-0.060101964881902628,0.99800082466773943,9.4600258843021869,23.295555452628488,-0.61746122687789939,,0.2904351770827604,0.9411764705882353,False,1
-0.9378145004248607,0.29886967735488623,0.17658108265229078,-0.34704052955389086,-0.81917306680938096,-0.45663810338283051,0.008175184390824014,-0.48952262723177531,0.87195227150818055,9.6465429310215232,5.9356286804226848,-1.5683675919095861,,0.1580696944230375,0.6,False,2
-0.31633906452999183,-0.94848085889999711,-0.017710351566618102,0.94837216423555459,-0.31574387512688168,-0.029933984416216846,0.022799876215889039,-0.026265293072487535,0.99939496697970032,-4.9674734666102136,-14.850203588099088,-2.5273726611023961,0.1683157555882576,0.1198426198398318,0.7872340425531915,True,5
-0.5571615102416424,0.76260506713028553,0.32864047695386706,-0.83039413211606217,-0.50972147623535313,-0.22501022646018659,-0.0040788297910556966,-0.3982681612326866,0.91725996036885338,7.7893868473124028,-14.661880881048265,-2.6237979198085979,,0.2812971455491229,0.1764705882352941,False,1
-0.92670872259363901,0.37521719858210584,0.020566899549140316,-0.37578012960258478,-0.92538992902742645,-0.049424421599864113,0.00048750869985123555,-0.053530674783838779,0.99856608654232593,-6.8092896816178801,-21.469728953584777,-2.8229222218021883,0.3059440047458966,0.2507805809741495,0.8947368421052632,True,4
-0.56308346213494032,-0.82639928029178378,-0.0011154386363260854,0.82616086941322942,-0.562887519944824,-0.024816481232090445,0.019880455741921866,-0.014895281923736512,0.99969140141140866,12.410932554255007,3.6263946055948217,-1.6631124250498937,0.1655527217033902,0.1401611952823065,0.8666666666666667,True,5
-0.8758851942640955,-0.48249371378078088,-0.0049942598029040358,0.48214422591932038,-0.87474882490894534,-0.048491635702257688,0.019028186503406725,-0.044881059283966844,0.99881110257943273,9.8513136638609478,5.4441012950995509,-1.600216762866985,0.3587209085760861,0.1920830653260412,0.9568345323741008,True,5
-0.95660372831466423,-0.29127442929889097,-0.0082773069950501862,0.29065279321000931,-0.95176982272139399,-0.098260665355507981,0.020742728212665418,-0.096402341224126539,0.99512628737904596,-4.4579502341000348,-22.5508018220461,-2.927475090467119,0.1462488929301062,0.1510951278076495,0.3333333333333333,True,5
-0.41720711260915283,0.8772256953999038,0.23751485115354073,-0.90828949573765805,-0.39361969341025094,-0.14168178744020318,-0.030796381621295405,-0.27484289383168542,0.96099582027668584,-4.4774987535361364,5.0946760326141627,-1.5753450305899384,,0.3824353338187026,0.6770186335403726,False,5
-0.86368411935606981,-0.50393350154402494,-0.010038326240383746,0.5036916597692549,-0.86219387273314463,-0.054004052628624913,0.01855946796175556,-0.051698663841536902,0.99849025749176734,9.593544697593213,-1.1910044713476968,-1.9036377576211767,0.4367754151867959,0.2575842850375559,0.888268156424581,True,5
-0.92794820412983015,0.37174948517961759,0.026729211004317369,-0.37256492451170725,-0.92719570082339564,-0.038775113129418663,0.010368581185961644,-0.045939663073456025,0.99889040433917875,-9.9842474509655972,11.267628251633026,-1.264144386638536,0.2802970987926653,0.254946622367463,0.9895833333333334,True,5
-0.77705183776425224,-0.60855505850366221,-0.16078302832327668,0.62920015920215755,-0.75799183583570184,-0.1719172372579405,-0.017251118432690178,-0.23475331217264619,0.97190188874021355,14.073432166735078,-12.304347953250133,-2.5064418506385122,,0.3989487796854901,0.2897196261682243,False,4
-0.36493291667621158,0.86588802649489527,0.34214308687882194,-0.9310327284239962,-0.33995930439398403,-0.13268658545357281,0.0014230001977943334,-0.36696811432157767,0.93023243232092423,5.9318010994136072,13.241077271566864,-1.2317163294224993,,0.414104398440043,0.1428571428571428,False,5
-0.37987239320367944,-0.92502603073240497,-0.0048792775244996048,0.92490143169666617,-0.37971972626483946,-0.019242430480914202,0.015946991163431137,-0.011822518885895349,0.99980294134395609,-10.511297113187791,21.502111443164239,-0.75628185578350993,0.3214421207505226,0.2710039407677311,0.6086956521739131,True,3
-0.94536358821802424,-0.32596007762784718,0.0061411614853192405,0.32551432382322809,-0.9447824041656504,-0.037770805721874065,0.018113836077637824,-0.033708108398733817,0.99926755794968669,-10.971499640632134,-7.0084419094362138,-2.2084234814858763,0.226402659405768,0.2119565238872697,0.9921875,True,5
-0.614424687540021,-0.78872942982888095,-0.019702534434873999,0.78873230907880354,-0.61342380714091049,-0.040156910338962466,0.019586933311974059,-0.040213422567112432,0.99899911545950459,8.791637717465143,-13.763029162877055,-2.5766131471470861,0.2167654614071552,0.2142787076753181,0.9603960396039604,True,5
-0.97386264150129742,-0.22704524602295903,0.0064816468963845263,0.22648956282735597,-0.97284236090170084,-0.047751636259691442,0.017147402671790397,-0.045035509251908828,0.99883820986585836,-5.8627307869845495,-6.050088458386937,-2.1581671982439006,0.1891584579825263,0.1860616048792976,0.9568106312292359,True,5
-0.66432145896633776,0.74090693040360678,0.098660628605048331,-0.74717245340647342,-0.66184409868050675,-0.060792383670497441,0.020256456437133797,-0.11410218894348502,0.99326248617921609,-6.9598551784617193,-14.587912301548782,-2.4950095674589217,,0.1700870775817029,0.2666666666666667,False,7
-0.99090580254790761,0.13267297811870146,0.02244039558482578,-0.13378917947321428,-0.98924585779102514,-0.059102354430127374,0.014357783003408885,-0.061567148061404356,0.99799966951237695,12.586188415909273,1.5541145287789697,-1.7820810731968473,0.2475192074753881,0.2194997750070334,0.8879310344827587,True,5
-0.66935076446719666,-0.67710011371245338,-0.30578585663461122,0.74267699016374078,-0.5987197888634519,-0.29994249899710979,0.020011056656436262,-0.42786686063995089,0.90362022286888111,-11.117890799578101,-17.77425964224458,-2.7060386680362463,,0.3150837033460578,0.2264150943396226,False,1
-0.65752733406961095,-0.75303057922201933,-0.024551002176243498,0.75315793193394565,-0.65606350383129686,-0.048309507403634322,0.020271519831773097,-0.050255603639293218,0.99853064038443895,9.1191681739038568,-17.891347425831,-2.7451354664239287,0.1853837813396489,0.2315192251664874,1.0,True,5
0.22630571957690956,0.9012446379588579,0.36951836738812538,-0.97390599628262209,0.2160214687562067,0.069583298579229957,-0.017112325719557217,-0.37562325219136755,0.92661445095662587,19.12417119053088,-15.616240242700894,-2.7102331082962761,,0.500942468207759,0.15,False,1
-0.9466738921657416,-0.32208083372133278,0.0085134271087930462,0.32161292291394961,-0.94622390119499467,-0.035006522564662565,0.019330538184732553,-0.030401732791003173,0.99935082175219747,-5.8111967956040083,12.667564964011103,-1.1707013745371584,0.2997655143400806,0.2456633583361587,0.9885057471264368,True,5
0.88820244323469277,-0.45944241995999879,0.0030137307814795365,0.45941647871066782,0.88819599154061635,0.0066618090840702554,-0.0057375012865894352,-0.0045324775214249796,0.99997326850596591,-19.275671851947134,-12.37684952596943,-2.5906829652150152,,0.238660382552532,0.8913043478260869,False,2
-0.94364654943720006,0.3289668475287269,0.036221581443645713,-0.33072487203698203,-0.94140617050132935,-0.066147419890313433,0.012338912082889111,-0.074399162421594667,0.99715220296581453,-6.1187793159841473,19.747929526125532,-0.81514422743826587,0.3038994428911043,0.2610283307382694,0.9736842105263158,True,5
-0.96982708017232855,-0.24379228311192611,0.0008702065796166844,0.24321680423165143,-0.96777088786089782,-0.065307692872072221,0.016763672144232983,-0.063125520227597237,0.99786479444473664,17.948773195804641,7.3121519875154251,-1.4222925225209193,0.2779236500192412,0.2663371148132377,0.9879518072289156,True,5
-0.99209162431144116,0.12389244490495448,0.020121408165429577,-0.12479632876105756,-0.99078724573757782,-0.052597623629845477,0.013419586388895424,-0.05469273973040361,0.99841305025622229,14.062816004446276,-1.2588775961757415,-1.9592807184512446,0.1802749735913539,0.2134498547023096,0.8936170212765957,True,4
-0.97902794129691395,0.20249237270367623,0.022385914248982532,-0.20344400064972226,-0.97753219423776883,-0.055148416371911813,0.010715818193827747,-0.058546120499392444,0.99822719007994776,-8.1279540632177021,-10.238680291903322,-2.3204983188182782,0.1478109220476754,0.1497899618112403,0.7272727272727273,True,5
-0.74421021813462629,-0.66456031671671267,-0.067162018056309808,0.66780309489776191,-0.73820475469744162,-0.095355999219045279,0.013790491977603994,-0.11581591249683391,0.99317495777105802,14.924575268502331,13.296379008785612,-1.1308301352952825,,0.1509774554646484,0.2173913043478261,False,2
-0.46833242119710122,-0.88341315542602949,-0.015682476714104741,0.8833399452394346,-0.46775691675232256,-0.030232564806100808,0.019372258517149705,-0.028011848396495433,0.99941985769213038,11.83695247574925,2.5524464420104707,-1.7353369079753562,0.2605264785508394,0.2279498002430802,0.950920245398773,True,5
-0.97885429459653006,-0.2044751295117935,0.0058473379469199116,0.20412829826294734,-0.97824886583795179,-0.036888945973495499,0.013263023720229656,-0.034915296044822311,0.99930226373400155,9.3285185993135968,9.8077621141522506,-1.3739865804510518,0.2485452574484679,0.2070378652719425,0.9625,True,5
0.3342087093195627,0.87196906860969881,0.35773521213725651,-0.94243159542082988,0.313719164674508,0.11577121260693238,-0.011279475497675773,-0.37583271425444698,0.92661887760213135,7.3159605003385781,-1.8129203110140257,-1.9753294114711295,,0.3399826566864774,0.2824858757062147,False,3
-0.99039862693705893,-0.13790697432857954,0.0096034469190062772,0.13728364140814472,-0.98932538595629149,-0.048872103537253964,0.016240737757552404,-0.047084468075711067,0.99875887545649322,-5.5346198678502967,8.4805939092995235,-1.3913130731109296,0.2658715296458095,0.2347013603355402,1.0,True,5
-0.93688803420056199,0.34836120807373533,0.029753656602407582,-0.34953509613439732,-0.93521503268608908,-0.056551385555746472,0.0081257579415078569,-0.063382263665513763,0.99795624188163234,19.233470613253985,-12.218138352009341,-2.5642126391819229,0.2930801191548526,0.25312682358452,0.98,True,1
0.29211648807055962,-0.95635037229046005,-0.0078691052364527787,0.95633460529286751,0.29217445143115284,-0.0076297215048736836,0.0095958385073730695,-0.0052967301993509623,0.99993993046209395,-21.979717809347523,7.3446854981229439,-1.580621176726714,0.2865254631444647,0.284035711169592,1.0,True,1
-0.79105002863755636,-0.60912750113759617,-0.056599819349450471,0.61173485024764451,-0.78695377966796842,-0.080524664909529628,0.0045083461507098065,-0.098323120496492791,0.99514433063290808,-18.980433275686533,-5.1056046173064784,-2.2397764710374668,0.3210415433955672,0.1895061677110551,0.5,True,3
-0.85056061905031721,-0.52577486811907026,-0.010364428354502251,0.52548404036388507,-0.84899814273207641,-0.055395640264662281,0.020326255031072188,-0.052563691763985669,0.99841068787576215,-16.311600051336576,15.774039244585202,-1.0693094106440466,0.2349569897349372,0.2446076455015661,0.8873239436619719,True,5
-0.98571209012258543,0.16617734149925745,0.027509390367707925,-0.16805218719411386,-0.98130533206645842,-0.09379929443877541,0.011407794065387679,-0.097082111792939116,0.99521099562071991,14.688059499695944,-31.561905602219898,-3.3518254453501575,,0.2369925683824696,0.8823529411764706,False,1
0.66914288490994045,-0.73822728001699645,-0.085254223432672485,0.74164255478512076,0.65612692780331838,0.13951263578320439,-0.047054441939099856,-0.156582047662192,0.98654343130128519,9.1873058065223709,-0.95180913230698982,-1.8987799732406712,,0.4251413514724486,0.3091787439613526,False,4
-0.9984250033247426,0.052884146970912857,0.018729114638628471,-0.053586246370714512,-0.99779301037241197,-0.039212531821560148,0.016614058380934122,-0.040154395165643668,0.99905535262716849,-16.794545765675633,12.078645123241749,-1.2709048257161792,0.2259829516325474,0.2686018762295188,1.0,True,4
-0.7517398771237066,-0.65945700281147657,-0.0019022578530263337,0.65914769306059162,-0.75129230230791555,-0.032927119913111674,0.020284868127131244,-0.026006497952948817,0.99945594509677538,11.351058276306324,-8.9062899354588634,-2.3980551718745664,0.2526728941852858,0.2210372876776728,0.9583333333333334,True,5
-0.90934430563838486,-0.41602136814657192,0.0043766480892735299,0.41572132221644981,-0.90900238851727622,-0.029840240020702919,0.01639256104608414,-0.025315586411159958,0.99954509904606537,-4.960287793965616,-1.8032104402910061,-1.9580511653269586,0.253457023164217,0.2422476535189853,0.9307535641547862,True,5
-0.99663985381336395,0.079457632476530357,0.019886840676711742,-0.080895297852036793,-0.99292938925650476,-0.086874499918759077,0.012843386481241685,-0.08819134079901976,0.99602075020140224,-5.7519875512119025,-20.877187636196712,-2.8288128734812439,,0.08362204349824659,0.2857142857142857,False,2
-0.31006037623740873,-0.95070816755806153,-0.0040673364637426896,0.95058222248860669,-0.30994162736699898,-0.018155602818897273,0.016000043004244263,-0.0094956707761577226,0.99982690044845923,-15.000392060667508,-9.6691355117627911,-2.3667283732597291,0.2859841135273181,0.2384556816300553,0.9857142857142858,True,2
-0.64682981931786365,-0.76262116020082982,-0.0044889703898301882,0.76233749504052761,-0.6464025992773732,-0.031705256705941751,0.02127741752548503,-0.023930015908825025,0.99948718142958193,-15.462001877595657,-22.855121695546707,-3.0008315719743477,,0.3162182987820691,1.0,False,4
-0.8852939043581628,-0.44693834547125988,-0.12845551079534753,0.46454767224095755,-0.83735965594841499,-0.28813931839556406,0.021217047904659787,-0.31476169070801052,0.9489335671904785,10.029016188905175,-9.9117593383874407,-2.4443050864546794,,0.4642334566690699,0.232,False,5
-0.81845000527594092,-0.5744407230754871,-0.012547690477693147,0.57423048209841798,-0.8170011415183116,-0.052616425066653039,0.019973539817241617,-0.050269179725630796,0.99853596193471239,14.649193324532927,-15.908370228828968,-2.7084881978824042,0.1217388366041796,0.1623222564688341,0.9107142857142857,True,3
-0.97060780470476904,0.2397519147354554,0.02096446581416013,-0.24065775259010214,-0.96763570657494802,-0.075927501470046066,0.0020822018325285319,-0.078741086745647282,0.99689292589206613,15.898622503700803,-1.7713124190077429,-2.0293323475559855,0.2307341405723025,0.1968781362951335,0.967741935483871,True,4
-0.94355059874510594,0.32981909429215472,0.030522657945458141,-0.33111465686334318,-0.94162821306340361,-0.060822630437139702,0.0086805309758833833,-0.067495728778383016,0.99768180046478361,13.580412853251767,-8.9396326844381555,-2.3973761625208705,0.2425637185487328,0.2180397206505141,0.9896907216494846,True,4
-0.79821956275410921,-0.60235492211652342,-0.0037519912894358708,0.6020873870557002,-0.79764444896972642,-0.035413434967840537,0.01833870183733087,-0.030526723207362938,0.99936570442713446,10.379318809193911,-12.668231507293466,-2.5188510521277805,0.1439142084163975,0.1803416608759645,0.9545454545454546,True,5
-0.83632105164170434,-0.54690322863913354,-0.038261692134658701,0.54823870760914795,-0.83412829419384593,-0.060533530413465195,0.0011908232307963468,-0.071602006461818607,0.99743257146068609,-12.623774617883539,-2.4669282370899466,-1.9782197317718382,,0.2644717755704252,0.9888888888888889,False,6
0.087242406512549164,0.99575945932190169,0.029186669506046672,-0.99603753325420397,0.087699560203581661,-0.014765483025658076,-0.017262527473743558,-0.027782842026229791,0.9994649162597784,10.45814614469456,-14.97454783303311,-2.603049601586128,0.1910372603771831,0.2300189018186091,0.9904761904761905,True,5
-0.99980962249884309,-0.013958220891316851,0.013634031988768822,0.013313426517496301,-0.99883929281683925,-0.04629060163273465,0.014264341312685678,-0.046100273260649076,0.99883496803636662,-4.8436689943038465,2.0203425929264225,-1.7205564527563402,0.2386433008148808,0.2190532940915391,0.9837837837837838,True,5
-0.25111029957480346,-0.96643042475763319,-0.054367743655897978,0.96781195801554365,-0.25165318526387026,0.0032692917686300491,-0.016841358899230066,-0.051796799605083613,0.99851562841104213,9.6160830354483018,-4.4649306358550493,-2.119698939167368,,0.2469855948268402,0.9574468085106383,False,6
-0.9998341921116487,-0.014053521837513927,0.011579585847944732,0.013501265997010939,-0.99882872040573534,-0.046463997988978545,0.012219005725727311,-0.046299954822919279,0.99885284706130306,13.317120484396048,9.087964178507395,-1.3148241916665118,0.1289811070004833,0.1439611018022808,0.6578947368421053,True,5
-0.95339983374040038,0.30077201028340361,0.023768778972790547,-0.30153852083037525,-0.95255092721237533,-0.041487968403793964,0.010162552789854203,-0.046721824631803521,0.99885624272157847,-10.074535397109118,6.5684906205335887,-1.4631381644337007,0.2868652451476753,0.2803383906553911,1.0,True,5
0.96728116803188868,-0.25363298387506561,0.0061197599214522762,0.2534307444390545,0.96707248273343294,0.023316751764798221,-0.011832148745351394,-0.021002919569081686,0.99970939658764979,5.1130222755905175,-20.037992569925017,-2.9165562246705905,,0.1601967409388526,0.4745762711864407,False,3
-0.44907026057026039,-0.89197675690217926,-0.052089981931556062,0.89347754779121658,-0.44791779835122109,-0.032672886514509634,0.0058114253289077728,-0.06121365098134883,0.99810776786336097,18.966011200277123,-5.7935479529909495,-2.2985705481186618,,0.2177017080807185,0.5,True,2
-0.99691097126462536,0.077012004360205305,0.01541643787150062,-0.077642437307494205,-0.99593622177846586,-0.045636543236610233,0.01183922722030227,-0.046692540454112023,0.99883914589125289,13.607182204429947,4.4756883986474874,-1.5809257748108281,0.2522227302795088,0.2314060534983544,0.9493670886075949,True,5
-0.85130134491389253,-0.48309099573941233,-0.20471714628555793,0.52467600231121336,-0.78460980695327109,-0.33030674142602029,-0.0010548680121993793,-0.38860074712776255,0.9214056362890467,10.924125077472498,10.802344306624121,-1.2490567780334021,,0.3408292981898963,0.1855670103092784,False,2
-0.9334454046252999,0.35756198246287285,0.028794188322097566,-0.35862292193712508,-0.93204534408786144,-0.051779111863925184,0.0083232472741681697,-0.058659229975838854,0.99824336626568799,12.901574495673858,-3.0583391996075648,-2.0599597062717532,0.2360144428188974,0.2153589988910227,0.9206349206349206,True,5
-0.97188612334214874,-0.23537858574082846,0.0058553078158116272,0.23481165409850666,-0.97077762600647766,-0.049540770530461117,0.017345038324941629,-0.046773092904746162,0.99875493862390041,-15.651776711248761,2.5388545121428781,-1.7627930292743328,0.2843200555240277,0.257450109035239,1.0,True,5
-0.9895415664422732,0.14341488705861088,0.015480906076124993,-0.14389288166481021,-0.988930364407695,-0.036215645219439298,0.010115675418322985,-0.038064478486237473,0.99922408327081558,-11.157063474252569,-19.499553927434704,-2.8381472447999365,0.2777581841381491,0.2967003892410356,0.9666666666666667,True,5
0.054544653153113777,-0.97995107904350831,-0.19162662522173074,0.99401695228643627,0.035101748864361924,0.10343193797782071,-0.094631809554668295,-0.19612177316179452,0.97600259769750719,10.98891428702701,1.2274312891081278,-1.8076918306664114,,0.3312616570292741,0.575,False,4
-0.95957392222854965,-0.26375830317193999,-0.098231590065403024,0.28145176399656258,-0.90129072482179107,-0.32933255820437007,-0.0016710242791852274,-0.34366638889782436,0.93909031558194045,-11.465518702327222,-10.01422568907433,-2.2981677081604213,,0.4575426639241706,0.4655172413793103,False,3
-0.99853716979387375,-0.053031293783688621,-0.01054525578963832,0.052022289179284746,-0.88911981426366404,-0.45470829914605093,0.014737773528849498,-0.45459172645724172,0.8905779922432604,5.067768332644766,-14.958753794459613,-2.6882450040035009,,0.2104630637010743,0.4038461538461539,False,1
-0.62203000543680853,0.7569410118170129,0.20029722156266117,-0.78298751189756199,-0.60033630307295061,-0.16287074453433686,-0.003037852654499516,-0.25814071325953319,0.96610255336020634,8.2758376447029622,11.589895569626147,-1.3060081607143312,,0.3092164508131271,0.2650602409638554,False,2
0.99796291639524859,-0.025499593660376765,0.058478955386071334,0.0019371586271942059,0.92833496627116163,0.37173974473383226,-0.063767271514026225,-0.37086919678166502,0.9264932670895023,10.646354205569198,1.4279767184517427,-1.7942655135344243,,0.6343054683310778,0.2636363636363636,False,4
0.74786438587196746,-0.63313684262072911,-0.19959107911076535,0.66384996751433367,0.71260762231989594,0.22692200696010875,-0.0014425586864976051,-0.30220541875988827,0.95324173423985026,6.4700133781838938,16.763756627089585,-1.0589008395606352,,0.4182893842865417,0.2333333333333333,False,4
-0.88411829169677103,-0.46722320203251078,-0.0061094819479175048,0.4668703861182788,-0.88276365263986956,-0.052539281910641514,0.019154342926697689,-0.049303276365818299,0.9986001692802996,22.15746523997834,0.32959202113435238,-1.9128630069128687,0.279003645801871,0.207860484107552,0.8333333333333334,True,2
-0.57551631268320136,-0.81484691110876828,-0.069321607684995026,0.81776761343631321,-0.5740603967710155,-0.041361712655337467,-0.0060913258170827121,-0.080493306029788603,0.99673653662047856,21.849980656044018,-6.015502529341556,-2.2732227246974759,,0.1927379254951535,0.8108108108108109,False,2
-0.62949811667076394,-0.77688548015006109,-0.013456293693681272,0.77677429106812079,-0.62879999891537552,-0.035103590979308895,0.018810152672959993,-0.032550147404169463,0.99929308316448728,8.9174001711643971,14.252544763572553,-1.1257267063890883,0.386286828507567,0.2722967535828711,1.0,True,4
-0.99353963075635299,-0.11319092884346596,0.0081740898015826013,0.11267522985800649,-0.99247484373257255,-0.047937220762702834,0.013538637042786321,-0.046706511168788219,0.99881690370230747,13.473413668837352,16.579905108985862,-0.91833996016886332,0.2211773300292138,0.251558818957125,0.927536231884058,True,3
-0.88570067090989602,-0.46424342165564636,0.0035166744543192047,0.4638656576449765,-0.88524003170166399,-0.034332753027252076,0.019051855745655721,-0.028777277881944858,0.99940427008811195,24.83818018384482,2.5995893364717553,-1.6871079301395684,0.4586370047195107,0.2633114998088266,1.0,True,1
-0.99748301741361467,-0.068499425336548597,0.018315531660125006,0.067493884017481187,-0.99642523473378908,-0.050806763387840639,0.021730292028991301,-0.04944269727953586,0.99854054203825826,-21.953467565959283,0.36750313186448841,-1.9758653551156959,0.342020863367864,0.3057333850169906,0.8636363636363636,True,3
0.57002735170667285,0.80144828687652236,0.18096812362668999,-0.8213884087696558,0.56116141378808571,0.10207325611642702,-0.019745891854511477,-0.20682966696788102,0.97817768765026802,17.453617319058473,5.1124155112730927,-1.5464700679656465,,0.2829885516746721,0.1111111111111111,False,1
-0.90177261422599309,0.42932236750567099,0.04988443636389063,-0.4317780677247392,-0.90001268070999685,-0.059538851123401806,0.019335264774705929,-0.075229510968300689,0.9969787701930074,-14.272188139813492,19.490309458646554,-0.84183649978520025,0.2736153999062259,0.1737538463630226,0.1111111111111111,True,3
-0.84923327153777817,0.49883121763175453,0.17311922720848796,-0.52792425256917785,-0.79597589517138634,-0.29617285131386684,-0.0099415322017099017,-0.34291367809134171,0.93931431124802445,9.6429372260570645,-3.085089820131381,-2.0098385696401353,,0.370459297930825,0.1933333333333333,False,2
-0.22409986414141886,0.91435234745539251,0.33725218397307866,-0.97447396844345024,-0.20547343356517594,-0.09044972595321478,-0.013406555033716011,-0.3489132453802104,0.93705912912706713,18.994297575732308,1.5382053602616732,-1.7590511907049453,,0.3420820283090988,0.1846153846153846,False,2
-0.056856795339778408,-0.99657019356567578,-0.060126151715897323,0.99826835230795197,-0.055837082111796006,-0.018507215933490521,0.015086470894773534,-0.061074295392686259,0.99801920264002386,-12.745467314296821,23.159403371914024,-0.74914086872698249,,0.2383482154648753,0.8372093023255814,False,1
-0.90156749070771369,-0.43237379619696842,-0.015131426278405346,0.43243950552926752,-0.89954088291314604,-0.061824542258235138,0.013119975480121109,-0.062282423925696231,0.9979723272282357,14.510800115016409,3.6207619067000469,-1.6547546761558332,0.1354556356827968,0.1223346919195345,0.2045454545454546,True,2
-0.62639024900277362,0.7783623204192186,0.042277110897674608,-0.77950599123622411,-0.62529978447676771,-0.037021468908469544,-0.0023802481123079674,-0.056145148364920267,0.99841977981909291,19.069123784837036,22.052659643029354,-0.60178454915291424,,0.2251133832936894,0.8947368421052632,False,1
0.7719458399886876,0.61763224099009817,0.15043282558573887,-0.63537634466849602,0.75706433961399711,0.15215283868703766,-0.01991282902705499,-0.21303520970574868,0.976841583198508,9.1571105323916342,17.323850515454492,-0.87626587988294136,,0.2478375626484571,0.1785714285714286,False,1
-0.93873661109535045,-0.34462031181342456,0.0032273324644331051,0.34416076471688767,-0.93789392047855302,-0.043684802378606169,0.018081565714977953,-0.039897802132307883,0.99904015052764894,17.96536338922381,-0.98938940845539436,-1.965271403986399,0.2504504848835095,0.1766133431024934,0.9722222222222222,True,1
