axis_00,axis_01,axis_02,axis_10,axis_11,axis_12,axis_20,axis_21,axis_22,location_x,location_y,location_z,dbh,dbh_approximation,score,reconstructed,number_clusters
-0.24454779497169987,-0.95109140426423788,-0.18873663319334724,0.96171822275703667,-0.21308555158572764,-0.17231543088897605,0.1236706755521559,-0.22365081810735002,0.96679153676911511,-17.030552599078764,-7.553317597579202,-4.5068041607849425,,0.2635612560317822,0.1111111111111111,False,1
0.8430289116524543,-0.53303657575078256,-0.071932350371432099,0.53477288104061327,0.84497504567954196,0.005927721516530482,0.057621348661762037,-0.043464710866813125,0.99739189844697651,-6.7080210302464502,3.4484251208581496,-2.976318755468089,,0.2083455968174683,0.2666666666666667,False,4
-0.71380230036311387,0.69801679681930473,0.057086139775313072,-0.69804998798456885,-0.70249679145853072,-0.1386523431652518,-0.056678834418789382,-0.13881934068633514,0.98869444237354787,-8.644510653049073,-6.0393575671272099,-4.6727353379434842,0.2703306808007465,0.2455509493132143,0.7566137566137566,True,5
-0.95310198174557048,-0.30165714698442497,-0.024486283219053197,0.29434073999478982,-0.90507044608304366,-0.30693813123553054,0.070428269693256981,-0.29975065187628425,0.95141442364920914,3.1236999699528085,-3.318667708496311,-4.6335446571958006,,0.2235586632773262,0.2659574468085106,False,3
0.93686798812221328,0.30291458173719082,0.17470297365190685,-0.33973268209768109,0.906807495511189,0.24956336029040915,-0.082825585096345702,-0.29316023307349759,0.95246889723378392,6.673760093349979,0.15004007896096133,-4.1993865372235,,0.4898530828620903,0.2107142857142857,False,3
-0.83900014921973931,-0.54380885602999574,-0.018726390805550844,0.53672675632321742,-0.82143477194703696,-0.19279342437717256,0.089460262999906989,-0.17180466681573658,0.98106065959466593,-6.1522801517628576,-0.90609844253823135,-3.8256235458934635,,0.09409963764238555,0.3125,False,4
-0.99214650008773941,0.11866824012581935,0.03953695927977198,-0.12295226151141307,-0.98332820664985721,-0.13397156189283185,0.022979637788236973,-0.13778057479999367,0.9901961671582582,-16.519632049098828,-11.606985350630318,-5.2813988002368113,0.3680668257422557,0.3149154232693736,0.9848484848484849,True,5
-0.8655077495400294,-0.49685073174084121,-0.063527048213691942,0.49780963119002469,-0.83917311718964616,-0.21902979359133712,0.05551492214356045,-0.22119636017530417,0.97364791565770414,-7.453854525587146,-0.68542196692031632,-3.6770942105426059,,0.1619786238475944,0.2222222222222222,False,3
-0.74854981142556465,0.65974759273706818,0.066379919346089125,-0.6597456775443622,-0.73102126170949366,-0.17419401795178968,-0.066398951620338459,-0.17418676415359946,0.98247145017929982,7.7847633210331066,11.72830702391192,-2.3078778067716637,0.3991380259115612,0.2580476642312688,0.7956989247311828,True,4
-0.98331422924221124,0.17430845239210871,0.052054682733291058,-0.18125724641633487,-0.96310418824196908,-0.1989375108227335,0.01545759332379049,-0.20505337357733255,0.97862872264878409,14.286583317434426,-13.392808041220128,-6.8723385602105953,,0.2082935449518985,0.9433962264150944,True,4
0.27290969797173675,0.95263157286198918,0.1342139453986341,-0.95399826273763721,0.28598225455625681,-0.090008137257079984,-0.12412740006358167,-0.10347577719163277,0.98685619625558541,29.18238150300753,17.511940065647607,-2.4241170231729248,,0.3808223444965314,0.5,False,2
-0.95367375712267111,-0.30077992928874298,-0.006148098290220512,0.29107211455169724,-0.91734206517997996,-0.27158895334996941,0.076048597001727211,-0.26079679750408558,0.96239370389964674,0.10848901766772778,10.176860577459713,-2.1705481158675375,,0.1944052944260107,0.2173913043478261,False,2
0.65178657207268853,0.75504821519683873,0.071249261005311093,-0.74985810016768184,0.65565554206973653,-0.088479600847625919,-0.11352133754783401,0.0042429802390399566,0.99352649840859442,0.15469087312932339,20.417294717718775,-0.65942027565921679,,0.1180699932451175,0.375,False,1
-0.79540979929259459,0.60075851075303066,0.080077855535186385,-0.60487251910619533,-0.77856755525612609,-0.16721781463893981,-0.038111505079682473,-0.18144358258229565,0.98266257663567413,15.550389305038987,9.6782714071424305,-2.9367007149125577,,0.228101895702414,0.9382716049382716,True,5
0.57547443775666063,0.77512902325173716,0.26077608939752017,-0.80819022379334615,0.58780043367997836,0.036320962686721497,-0.12513086611030994,-0.23165847163105707,0.96471582285564628,-2.0299760347277114,1.9141089619142597,-3.5268689401619278,,0.4360087618203135,0.2689969604863222,False,5
-0.92736446579971743,0.36930202674615792,0.060092933138470375,-0.37409666759711063,-0.91223508780818885,-0.166969541726397,-0.006843308026211449,-0.17732218590116153,0.98412906243159615,-16.715828548726041,-6.9862866271432837,-4.4132511739393365,0.1755353133370571,0.1861100988935645,0.88,True,5
-0.64948753776205681,-0.7598343668987857,-0.028594985072617818,0.75294076336221771,-0.63743992603429322,-0.16355594628418849,0.10604784372773689,-0.12775787872736885,0.98611955627285952,-5.1163411588566392,1.9502559444222602,-3.3334034408657809,0.2365045512172134,0.1843740018728842,0.2424242424242424,True,5
-0.92448893446450098,-0.3801773548351437,0.028024791225737953,0.37323173533617227,-0.91765462745471427,-0.13641135014689973,0.077577585620089595,-0.1156510422845551,0.99025580262266333,15.332157552787386,-4.8123162974128251,-5.3658109740463038,0.2907707963596228,0.2753082430797672,1.0,True,5
-0.98684392383345043,-0.15759216095014897,0.03610790495251634,0.15202623934606121,-0.98050810390244381,-0.12446638394332411,0.05501901983216087,-0.11733954571539475,0.99156660818525544,0.43921334979647919,-3.8557397678266185,-4.6405020369434844,,0.2568736115257858,0.982078853046595,False,3
-0.71470141325290137,0.69688881306079775,0.059564017032238202,-0.69706696682769353,-0.70270557421780699,-0.14248691070010527,-0.057441567283138061,-0.14335570513214063,0.98800283813060108,-0.83265188700616799,10.453722106895004,-2.1179157195681095,,0.2452962408726414,1.0,False,3
-0.74253844933283264,-0.66895797339018448,-0.033643440669622757,0.66074520140349968,-0.72333924295989016,-0.20048969653441673,0.10978356017474558,-0.17110105035303252,0.97911797066719608,11.147748603785049,7.7646771571865196,-3.0821977027981777,0.4964681718714531,0.2209945994309609,0.6216216216216216,True,6
-0.95172203077543605,-0.30558772521710087,0.029005487986187697,0.2986384011743447,-0.94362905581350376,-0.1427561220002341,0.070994939824682718,-0.12720199377821198,0.98933279097487536,13.037143026786522,11.805066823290073,-2.4892731060779352,,0.2589328597642367,0.7777777777777778,True,5
0.45520174343884046,0.88892056681746467,0.051103802785682183,-0.88233082570255572,0.45804281126496083,-0.10811612767546658,-0.11951437898966907,0.0041241893032971187,0.99282390396147535,-4.2333862141987,7.5930928012700498,-2.447042950148401,0.1976054662889114,0.1754003754980715,0.8,True,5
-0.8481666442201653,-0.5293244596983343,-0.020711349482078586,0.51337257044163165,-0.81170771919368279,-0.27853039783754407,0.13062139009539894,-0.24687283156810719,0.96020407074907244,2.8052596507320509,-9.0411409422506406,-5.7101806962648602,,0.4002498780615781,0.1509433962264151,False,5
0.72798079083869061,-0.67185152534792303,-0.13659976594981432,0.68343156519452075,0.72695625029872457,0.066752571840983294,0.054454236434298899,-0.14195118188760233,0.98837472554445205,8.5445672850920396,-0.40309783688471967,-4.354466155734289,,0.1730326249839765,0.3076923076923077,False,1
-0.64382389570562504,0.75232670241663091,0.13962565720292971,-0.76372041142040725,-0.62057091341385173,-0.17782821655896008,-0.047137294134001494,-0.22112501951523952,0.97410564172789227,-9.9437714531871357,3.9323047487986988,-2.7370545259413093,,0.1173751768796612,0.4390243902439024,False,4
-0.8856474673377529,-0.46386309396632686,-0.021438135511525503,0.45610778573393124,-0.86032014727463668,-0.22762893486162433,0.087145002100603289,-0.21137709017141373,0.97351192820609667,-2.4000530500364685,-10.392167734243049,-5.7455417809546532,,0.07335337557285142,0.225,False,3
-0.99478106716168901,-0.096079741154326284,0.034341108840136511,0.089627523542942469,-0.98369841826373383,-0.15589845710906983,0.048759977852863255,-0.1520069249907611,0.98717595154797122,10.353184989021191,-14.64960369246603,-7.0088699386457662,0.1910736253342095,0.2682976497506974,0.967391304347826,True,5
-0.32323918189749645,-0.93945978546150455,-0.11371782088512478,0.93644782439562324,-0.30023995522243885,-0.18144266717818083,0.13631545573023376,-0.16514018526286103,0.97680438970164685,4.358741043699589,-1.4466693568822371,-4.3829633881805039,,0.2631143181935754,0.2317073170731707,False,4
-0.97285194009832188,-0.23125006617378291,0.0090834762921704962,0.22279666775714665,-0.94646467272816159,-0.23359423818639924,0.062615872454522464,-0.22522883956588161,0.97229173726025464,6.4448268613574973,10.892388208269836,-2.379638153598536,,0.186662383256576,0.1,False,1
-0.561582634897276,0.82532576976573846,0.058841464482317932,-0.823331425010569,-0.55033097955085086,-0.13878464445559621,-0.082160262730218647,-0.12638507311859093,0.98857296368093606,22.170788271624769,11.486757812012591,-2.9897855080200149,,0.2749442689368749,0.9855072463768116,True,5
-0.99704312926960581,-0.067351020621160829,0.036997816118800653,0.061292596507939702,-0.98742091235149732,-0.14575033263856405,0.046348851006120059,-0.14305167553099524,0.98862935528851648,12.748854936785897,-8.27839027221642,-5.8821890492654036,,0.3149626975339008,0.9699248120300752,True,5
-0.99294786859155026,0.11072165299925797,0.042370341237833398,-0.11634975457512614,-0.97870482500665246,-0.16911416297580284,0.022743457736379084,-0.17285132647975368,0.98468530712323743,5.8227323028628284,8.8904622143484193,-2.6662751817461392,0.3661938961572462,0.2155308938721039,0.934640522875817,True,5
-0.97041165751636038,-0.24025020851892506,0.024105025678555839,0.2324977830420947,-0.95668024844933397,-0.17523607821288451,0.065161306285722503,-0.16444676808479478,0.98423130646693235,-0.86456121477236858,-16.514175542140578,-7.0103170072600314,,0.2983045352385527,0.9895833333333334,True,5
0.90782012768493736,0.38701019205500348,0.16151076439561027,-0.41113480008874925,0.89726260251551271,0.16089747755348455,-0.082648605106735384,-0.21246866444875886,0.97366640832539397,-5.4042383527468232,0.65744208223336509,-3.5794374608829735,,0.3398387995106465,0.2553191489361702,False,1
-0.5740276440635943,-0.81877750027216656,0.0097810479429658471,0.80874071180255658,-0.5687800692641275,-0.14975878565543052,0.1281823892892244,-0.078055351232042408,0.98867418152804487,-4.1023133709136372,-5.5015599270016269,-4.8014033172573605,,0.1796502999876796,0.3926701570680629,False,5
-0.66445763342649256,-0.74730955672343746,0.0049477076595543564,0.73354845425441539,-0.6534589946151701,-0.18681008435705171,0.14283808540519843,-0.12049800324632118,0.98238358728728103,-4.7486881274647557,11.158624143606206,-1.7953386341191258,,0.2991595210316788,0.9014084507042254,False,5
-0.92014500742430239,0.38646353729767191,0.063080105037186723,-0.39142485156221052,-0.90327075018857739,-0.1757513511563053,-0.010943075053797106,-0.18640784906525909,0.98241150385937137,-12.508556217884161,4.1692512880101829,-2.5634085690453419,,0.1072051839334132,0.4864864864864865,False,4
0.33514024804411635,0.92824396065047243,0.16138204254765137,-0.93368896165741011,0.3501442283437885,-0.074992947912715657,-0.12611874174774559,-0.12554747657144164,0.984038563322855,-0.5783947130153051,-8.6350604137377509,-5.4419365848318266,0.3907796985049563,0.3043468286061478,0.1720430107526882,True,6
0.77488156579339851,0.60403483184221851,0.18628065094076468,-0.61915605671693086,0.78464643729150574,0.031236931291170528,-0.12729625455728438,-0.13954171550862993,0.9819998845257556,-5.9281242479245213,-6.6299480132289439,-4.8909760220102472,,0.4439296781379225,0.2840236686390533,False,4
-0.43159745994398052,-0.90164272679521607,-0.027641016392130256,0.89424187319048953,-0.42362579916747795,-0.14447371564571354,0.11855422726612039,-0.087072242976746553,0.98912249984535805,5.4903842345760197,-5.1717270997803499,-5.0726780107144975,,0.141680570092098,0.1363636363636364,False,5
-0.44350143829433292,-0.89544907341029722,-0.03843736670870751,0.88476148468844973,-0.43055057581535761,-0.17839091029801829,0.14319074496191972,-0.11312452693251679,0.98320865128595492,6.8509594814971724,0.53706650842884907,-4.1466161315969554,,0.3203167003702591,1.0,True,5
0.10346907231608507,0.93165549660638158,0.34829899040503376,-0.98983218736737133,0.13081295061749842,-0.055858865028473072,-0.0976032372699491,-0.33897788658533612,0.93571769272605165,2.582023488881696,-0.73735880356155126,-4.1623049880283975,,0.3741631016107846,0.1213872832369942,False,3
-0.79941985596478859,-0.60049010540511216,0.01842626385880524,0.59230434233574536,-0.79291214301688862,-0.14305907698075407,0.10051596857941096,-0.10345031061781543,0.98954260812439021,-6.1233694136490158,-10.953979315710994,-5.6134919168102542,0.3565024916294216,0.2945629175434017,0.9518716577540107,True,5
0.23111359133016696,0.96799721451659604,0.097815645939606358,-0.96642227202110542,0.24001133191469876,-0.091774466460424642,-0.1123142913614994,-0.073320892252087738,0.99096394824197354,-6.2923745046990875,-4.9507413921493804,-4.5837609998217568,,0.09991251313316227,0.3076923076923077,False,4
-0.60138533480224643,-0.79894750569679496,0.0043083901473084923,0.79124897192918431,-0.59632051058211621,-0.1353769296449539,0.1107282416811563,-0.078004690884303021,0.99078480241384681,2.8554435568393255,19.57809314614461,-0.89421267390982073,0.279947160014172,0.2610615811657619,1.0,True,5
0.75362567411066061,0.6527669178387584,0.077095358463006067,-0.64853931182126379,0.75753436309111855,-0.07442076160947432,-0.10698179444958433,0.0060860259135572421,0.99424235272137051,0.69446498881713803,-6.0213929486720597,-5.0583159334642831,,0.07969343039484954,0.1864406779661017,False,3
0.9560449124625211,-0.29230096180354492,-0.02320071299017918,0.29288114371439916,0.9481409310785307,0.12348850339234868,-0.014098262697069579,-0.12485560677141898,0.99207475345694873,11.398143935800507,-8.8393452645500261,-6.0134349586677383,,0.3338539027625761,0.4745762711864407,False,7
-0.71912607344152768,-0.69470724190175404,0.015477032849673342,0.68592915328173287,-0.71325054455779369,-0.14413485826203576,0.11117053195328737,-0.09303498663013883,0.98943701370423509,-4.5817395057868682,0.073400085812349913,-3.7402043504909726,0.330512043962256,0.3312794677069034,0.6435483870967742,True,5
-0.42156523835736209,0.90374083122367033,0.074399326528206911,-0.90235214746940284,-0.40996943909353573,-0.13298744665076265,-0.089684735412767877,-0.12319727670887053,0.98832134412116235,16.197253254712848,16.82797188818466,-1.9259665295863526,,0.3313866842513989,0.8813559322033898,True,5
-0.48966403050466406,-0.86844009911173836,-0.077723429445192949,0.86355547465733684,-0.47072938116654767,-0.18079212343434808,0.12042042774906933,-0.15564589285089919,0.98044544805888001,6.2763149334996502,10.218392238458733,-2.4922151942772945,,0.1461492177400613,0.1923076923076923,False,4
0.97525232591040067,0.207380227800811,0.076657301828573846,-0.21131875293718477,0.97626934835607393,0.047355507783993153,-0.065017578111049079,-0.062382694536950986,0.99593228382198917,-6.5131754964978965,-7.9328588953406802,-5.0425516294009647,,0.231662868357093,0.3529411764705883,False,4
-0.24658771200761789,0.96708325978954268,0.062805007138606539,-0.96193301670936837,-0.23636624554405747,-0.13717094929984541,-0.11781074505860041,-0.094238880523055041,0.98855432918302444,-4.0087142611208755,-6.9217353591855666,-5.0884961388941488,,0.08480952732898181,0.1132075471698113,False,4
0.65231705189197975,-0.74874972820970609,-0.117712821378329,0.75623740925060146,0.65337214680163658,0.034782447207718545,0.050866930916788775,-0.11170802249485384,0.99243834722837809,1.4573843494111101,-6.8170182391412313,-5.2477149013634516,,0.5498212758139707,0.4162995594713657,False,4
-0.99857534587635388,-0.039204112302133422,0.036198289828692054,0.033468839693235525,-0.98852155514947748,-0.14732607296214353,0.041558577664650362,-0.1459046695053316,0.98842536998957664,7.5364500023016321,-4.7667898003883353,-5.091716586881561,,0.2510733524347307,0.9715639810426541,True,5
-0.5108706404732114,-0.84073291672452488,-0.17938604025498786,0.85449514013711725,-0.47378939945242909,-0.21298277030913834,0.094070421411511451,-0.2620911438839168,0.9604472854420909,-9.4221552440601961,-0.95457829413890383,-3.6362865523879471,,0.4504235989817708,0.4414414414414414,False,3
-0.89161112969886414,-0.45206233645407573,0.025869622277811907,0.44461031225732678,-0.8848692151537636,-0.13902568938007023,0.08573951032958492,-0.11245495112641077,0.9899508171296183,-4.5234967876838512,-6.4362829856274582,-4.979654276155677,,0.2918646385279592,0.8792134831460674,True,5
-0.38461188059082152,-0.91434477103231715,-0.12667809989990853,0.9126313904899741,-0.35607285841818159,-0.20078860672419091,0.1384833795107839,-0.1928360940896833,0.97140959147802686,-7.386822181371036,3.1302300799504059,-3.0241641588818502,,0.2434402888277319,0.2727272727272727,False,4
0.63415304455389088,-0.76825342219857773,-0.087387615616887807,0.77078121723407433,0.63705918168748943,-0.007205150020999751,0.061206464055602587,-0.062787564914083674,0.99614832753459481,-2.025196595826261,-6.8988881578859598,-5.1300110705095019,,0.2383440203265106,0.291044776119403,False,4
-0.98935361419067736,0.13637396300221499,0.050809136018205692,-0.14425394805947256,-0.96511923547093637,-0.21848491891490346,0.01924122026018649,-0.22348826264273358,0.97451668631369937,-17.246378418416263,-8.0334041696455287,-4.5859229167049582,,0.2234063258011619,0.3720930232558139,False,2
0.67353761205289897,-0.73891749116831029,0.018655465569342326,0.73870117654267065,0.67202921949689576,-0.051935536166167737,0.025839058120469327,0.048761351375071996,0.99847617582370207,-9.899776296417798,-13.702740837202935,-5.9614613308064826,0.2696111045157666,0.2376325123189789,0.9710144927536232,True,2
0.01680392075674934,-0.99965095480786992,-0.02038619137839167,0.99058976356660677,0.019414502202152809,-0.13548061640433365,0.13582911530396008,-0.017917746955410586,0.99057024272879646,4.894953236296498,-13.630056915401889,-6.6755728217151908,,0.2181676898278093,0.6236559139784946,False,5
0.99204385511464455,-0.12064525400897019,0.035968211164656309,0.12301631238613198,0.98969605008574013,-0.07327151787428518,-0.026757735632744258,0.077113235762709148,0.99666321917386591,3.187575702318453,10.931195753094906,-2.1911905109787786,,0.154822763439608,0.8488372093023255,False,5
-0.98765051913461555,-0.15305421232442831,0.033479249437150284,0.14719315161179813,-0.9796608140103632,-0.13637765803510626,0.053671483785268023,-0.12976554851848399,0.9900910434126684,-5.7578765996732075,3.5878844948069033,-3.0137989660453584,,0.2472748386531036,0.8606060606060606,False,5
0.41040710158552751,-0.90911897473718029,-0.071194808385061786,0.90855857347573377,0.41433390096885658,-0.053373561541929473,0.078021340233983577,-0.042779764851489911,0.99603341419218727,5.1813539865927583,14.198231774324666,-1.8299402860503133,,0.2515165240300101,0.25,False,4
-0.97738241187167074,0.20349399444919983,0.057565746646993127,-0.21121970751190877,-0.95281090562873239,-0.218031220868801,0.010481227146687637,-0.22525890068555607,0.97424256298903078,-1.1095013352555669,4.7068114188859029,-3.0716686990069131,,0.18702844613011,0.4408602150537634,False,5
0.73729002310330227,0.63674020158748035,0.22575503873594455,-0.66671433064329244,0.73973898930894932,0.090984773512060441,-0.10906614115846971,-0.21759628530494154,0.96992599381308053,-6.0956198247576134,-6.7419145860456071,-4.872183439193142,,0.6275939570117036,0.4008350730688935,True,2
0.10872894237511491,-0.93996133857696895,-0.32349760288228091,0.98877302200543005,0.13581721888804685,-0.062302439821933821,0.10249842947205715,-0.31309162402419743,0.94417567587904583,-9.6833723124796371,3.4161355404956386,-2.7794642055846217,,0.4679352898992781,0.3095238095238095,False,3
0.47404630895892746,-0.86718340597801957,-0.15255503059151801,0.87688205882539139,0.48064872138191994,-0.0073933445793195052,0.079736766128056177,-0.13026798160057293,0.98826732269014805,-1.6207957785377178,-8.8312180095209474,-5.467824832739975,,0.3769344592669081,0.4263565891472868,False,5
-0.7184261351539053,-0.69559972545232462,0.0022159148167387819,0.68707071545586706,-0.71010746719860174,-0.15388702671684693,0.1086173111929554,-0.10903397167598405,0.98808596424085249,6.0060234430227979,14.728663924782737,-1.7519674284284397,0.2104600727491628,0.233784619419079,0.9555555555555556,True,5
-0.78183937363928746,0.58855131981384701,0.20575358507862179,-0.62338633164106871,-0.73221109156196151,-0.27432899758635065,-0.010801636469451762,-0.34274518426816669,0.93936630943980648,-7.867969574523638,-0.76781218281688557,-3.6571993141129808,,0.291178416200691,0.3548387096774194,False,2
-0.76099232254354798,0.64571922776100976,0.062748417745009444,-0.64689062092239646,-0.7479020917034781,-0.14891267839979025,-0.049226106817559956,-0.15391276790860384,0.98685746198845725,-2.0180681605869601,6.2726723915581051,-2.7591233932389154,0.3408684294323654,0.2606935925926905,0.9649122807017544,True,5
-0.98458899813562772,-0.17144407354920807,0.034517160878823755,0.16492990290361112,-0.97591970338343048,-0.14275454345204822,0.05816039785357642,-0.13486164092450836,0.98915605741898116,-17.249712388892494,-1.3128803592550116,-3.390731235795085,,0.2399686823443144,0.8679245283018868,False,2
-0.89349132088887606,0.43366123523357103,0.11666701569828079,-0.44822658958284695,-0.87718543431792939,-0.17215875874144096,0.027680026863781508,-0.20611561531372852,0.9781360688762385,-0.17868648210117549,7.6590477783871567,-2.5912712173898145,,0.2115527927363654,0.3384615384615385,False,5
-0.3892523350872345,0.91979485202105238,0.049598889349529739,-0.91620540639668735,-0.38104803635597767,-0.12397599476808263,-0.09513292236979555,-0.0937007160315491,0.9910448541294985,3.1210870370154478,5.6314494049152692,-3.0918530918577245,0.3865321026698299,0.3086205225812116,0.9911894273127754,True,5
-0.70933231888835124,-0.70486948183712705,0.0025835934538872354,0.69707083890950461,-0.70201876099540239,-0.14581462461797226,0.10459400997415903,-0.10163007815179843,0.98930855666590978,-13.593226035919201,-2.070539090848599,-3.6629729375914746,0.2997444024477086,0.2218992029392893,0.9385964912280702,True,5
-0.82304203245956442,-0.56796650593766518,0.0039825792883924002,0.5605674343836291,-0.81340923694243783,-0.15533693947440638,0.09146564553636323,-0.12561632612714033,0.98785351864379944,20.749493162399638,-7.0955246156683396,-6.0682116164979272,0.2914889321840129,0.2901540438807379,0.9642857142857143,True,3
-0.27359381485460094,0.94670654304594382,0.16997983947311551,-0.95463888856062762,-0.24567771086608939,-0.16824700541563531,-0.11752028301972785,-0.20830070508185516,0.97097878418705241,0.15278732275192716,10.494966218925933,-2.1365732862023066,,0.3737198449121765,0.3243243243243243,False,6
0.5307610265231667,0.8364178116949107,0.13674054630419979,-0.83532539506662984,0.54354231237321515,-0.082421107835048635,-0.1432627553862231,-0.07047693906147548,0.98717211466880095,11.439507437298026,-21.927848918102871,-8.516206526644158,,0.1779911550731849,0.3846153846153846,False,2
-0.78776532757998208,0.61406312806709173,0.048500138260234193,-0.6141709919940137,-0.77699664434922022,-0.13809492120690098,-0.047114554607813004,-0.13857376886882106,0.98923077657622316,1.2860380932521687,3.8771932967093834,-3.2967272965543657,,0.1005279223860542,0.1965317919075145,False,5
-0.44247626354413755,-0.89433554760142708,-0.066171629090393203,0.88075931135155083,-0.41950157178434022,-0.21973044108182085,0.16875364193866288,-0.1555067830254542,0.97331384905667195,-3.0165868809941223,-5.4078543075851382,-4.8191230236189,,0.5147470404333442,0.2368421052631579,False,5
-0.57253966373875509,-0.81966571921354237,-0.018612957638678242,0.81160073685407386,-0.56339650910964012,-0.15455943019109267,0.11620059115098035,-0.1035976943238467,0.98780814956495744,0.9731890539648731,-0.06743631540506223,-3.965354821076144,,0.1579836844924128,0.4387351778656127,False,2
0.9538128383846195,-0.30035123134433517,0.0054961043127294534,0.29962775593380259,0.9525091379509748,0.054309759656651857,-0.021547092767896854,-0.050154560608496421,0.99850900989596469,10.351536950824935,6.8307373337141195,-3.2263019589510025,,0.4003230431636765,0.2638888888888889,False,7
-0.28804239568425999,-0.95129946571258051,-0.10982215087781845,0.94957682949291689,-0.26890887190607737,-0.16121992277748926,0.12383627569759587,-0.15072274262751101,0.98078908623423688,-17.314584235712797,15.161230683106531,-0.65908814723986486,,0.1758068455947437,0.2222222222222222,False,1
0.96093158964510594,-0.27672758094353272,0.0056855929567459391,0.27393717321337496,0.95378015419502327,0.12353883031493518,-0.039609407392620893,-0.11715486933481491,0.99232345101642516,-1.5683107714929045,-4.3454457215452749,-4.6564881584876678,,0.1474477834826138,0.3360323886639676,False,3
-0.17234007524395401,-0.98403504416648824,-0.044428935584423249,0.9759860512513836,-0.16448223407259083,-0.14281744444296601,0.13322959966778591,-0.067975190523793361,0.98875135764539646,-17.843977847159664,-15.974707061236955,-6.0801136254311663,0.2428353806607548,0.2682198854620299,0.1904761904761905,True,4
-0.50323850873308074,0.85919347537693558,0.092398999982723246,-0.86007495211824714,-0.48762668889633737,-0.14997096057166664,-0.083797852400279579,-0.15494122803726784,0.9843633149337716,-5.2231026710889923,-0.72961379829831174,-3.8580578698146573,,0.08196666339634646,0.3150684931506849,False,2
0.95105594502405988,-0.30732605799173318,-0.032299899592032291,0.30516999765330644,0.95051143683780981,-0.05830335301510485,0.048619563620772167,0.045592790217149355,0.99777624521409691,-22.483955766177345,-10.153411878060412,-4.7000330354175386,,0.3697964494867663,1.0,False,2
0.31786643525384739,0.94514845050844354,0.075201966998880709,-0.94001797281764032,0.32450879326207438,-0.10516774161028104,-0.12380282758817056,-0.037261905440829204,0.99160698378142387,13.204948037683732,-13.629627733801,-6.9311159684426995,,0.1404536518787297,0.4117647058823529,False,1
0.56434138634851205,-0.82516569971916143,-0.024907180916875854,0.82243985412933296,0.56457802346797958,-0.069601305711245037,0.07149465710079593,0.018794239116702326,0.99726390217537875,17.563882000322902,-20.638319032990957,-8.3529073932279196,,0.2519051773584414,0.7209302325581395,False,3
0.94753863204270394,0.31196823748865804,0.069615799822048602,-0.31038756559821573,0.95004579396007793,-0.032749786270754991,-0.076355090915121618,0.0094238090487436706,0.99703615376492671,-4.5946543633282184,9.987453658950276,-2.0147198819300791,,0.1208894354404581,0.2115384615384615,False,3
0.89584049240680108,0.42738234500846478,0.12171336549206588,-0.4365505491933302,0.89758529089456907,0.0613535945867274,-0.083026683441778798,-0.10809707093523094,0.99066724640107151,-15.601946380491805,-13.540609690238327,-5.6729063144262222,,0.2072168234689399,0.3478260869565217,False,3
0.10345205704352577,-0.98839485424126794,-0.11123526420540583,0.99239265375263108,0.11007574761733807,-0.055137560376705488,0.066741985820575084,-0.10468496499434593,0.99226335487755424,-9.1865724958901058,2.0413740616714677,-3.0797793214918312,,0.2133407011616286,0.1724137931034483,False,2
-0.99241974614687223,-0.10799653468110811,0.058649773696501602,0.097306334865271002,-0.98202323847017003,-0.16174620953718782,0.07506347082880177,-0.15481313769003052,0.98508800000086394,-2.8849890873262618,-8.0774054531200843,-5.3162582691305529,,0.2159264441356831,0.4457831325301205,False,3
0.46716547903022082,-0.8722746927195455,-0.14454506440376547,0.87804672678457363,0.47689526933304827,-0.040060550054353397,0.10387666140843349,-0.10820241461623553,0.98868694574463578,-8.0282014725005659,-3.9369741353332786,-4.2766658299616145,,0.4451153915304491,0.5268817204301075,False,4
-0.98263179685578361,-0.18399686542503751,0.024081223426866014,0.17644732524944753,-0.96662444980694762,-0.18575121654441862,0.05745514093873294,-0.17827598421878499,0.98230167475706454,-2.929725108030194,-14.256123333384521,-6.4448468840222608,,0.08440945094346394,0.2962962962962963,False,1
-0.83438332088547829,-0.55117673805575984,-0.002945717965678999,0.54531145117932001,-0.82470264240158253,-0.15000324272678753,0.080248956633871868,-0.12676653754859685,0.98868111639553202,-4.0369519724063991,18.461818117727866,-0.71808462321471511,,0.1484116577452874,0.4545454545454545,False,5
-0.9985724466189404,0.039996972739904935,0.035402133058697674,-0.044904020961635399,-0.98753083294487032,-0.150885661627229,0.028925728252534061,-0.15225996241577405,0.98791710486771456,-4.7217336215384638,19.714243022630889,-0.50905560496970181,,0.1107617739376271,0.375,False,2
0.063564815589241194,-0.99771890452272294,-0.022726675451626693,0.99198154424568252,0.065659116150364724,-0.10798840837008308,0.10923428992334172,-0.015680179346255069,0.9938923492414119,-8.2692280856691145,9.3016064585011051,-1.9257088938468294,0.153903555066062,0.1048279821437163,0.4827586206896552,True,3
-0.6693354908199084,-0.74015323659666732,-0.064522764078655273,0.73445376879971092,-0.64606784258683192,-0.20778355149312663,0.11210558516315204,-0.18646589267389863,0.97604447062854327,3.5660776830708185,13.841667823041773,-1.7600226544482724,,0.1108556733393042,0.3571428571428572,False,3
0.80864645830906634,-0.58767738117270918,-0.026948119084445554,0.58693588061867752,0.80904333474949564,-0.030905574574713934,0.039964703259012073,0.0091748654160030557,0.99915896850201846,-2.712911840170245,11.706737221853054,-1.8137670486829904,,0.1925998548729123,0.21875,False,1
-0.59101129305312494,-0.8037184641624272,-0.068864227637159686,0.79944431021563989,-0.57218846212691366,-0.183000433531392,0.10767751087164464,-0.16320843781259239,0.98069799606161145,-5.1852468815101282,4.5775087628662421,-2.8681093935820856,,0.5109525537568498,0.2240963855421687,False,3
0.65805409699200901,0.68465008799116533,0.31339920619829376,-0.74442711242142534,0.65407815185675477,0.13420151100323058,-0.11310649726664478,-0.32161472024355697,0.94009089560463732,-7.4780154908158476,10.766769999063628,-1.7899985553159681,,0.1993241319417052,0.2121212121212121,False,1
0.15446866719062363,-0.94365257150499793,-0.29267602421168348,0.96573395404295093,0.2067435651892246,-0.15689177244654001,0.20856020920808566,-0.25841231113252772,0.9432527320873374,-9.939683950963154,1.8133687318661458,-3.11482086272723,,0.4130384001967297,0.4285714285714285,False,2
-0.98062310748769133,-0.19416755748866343,0.026024616809318432,0.18653107529860821,-0.96602956529594475,-0.17886597474666488,0.059870518697688266,-0.17054570822221291,0.983529197531957,-18.308895085719289,5.2626623396850674,-2.0810562857867909,0.3735196156923471,0.2539965428298817,0.7777777777777778,True,3
-0.73298650544873123,-0.66358666920242615,-0.14961121377385384,0.67173962114214669,-0.67143255777588617,-0.3129603836691402,0.10722249865518463,-0.32989551802860279,0.93790846193366739,3.2195634384459866,13.561760189241816,-1.7907351457352494,,0.1276220832249659,0.175,False,1
0.015105273128573304,-0.9998631244425531,0.0067500447173175233,0.99356401560491847,0.014251491217834098,-0.11237189102750185,0.11226031185926733,0.0084040096407954727,0.99364329364375881,-12.123435533883939,8.2884889226196794,-1.8987830807199826,0.3031033976142656,0.2584412978704659,0.9811320754716981,True,3
-0.79473999918489446,0.59284916025905954,0.13007000759484277,-0.60601429176581567,-0.76318435722525557,-0.22426839960692274,-0.033689937239053169,-0.25705935125336632,0.96580819941747631,7.9452741685724622,-2.4118651269265765,-4.6576604752864483,,0.3195216047528914,0.4545454545454545,False,3
-0.89361111872049737,-0.42650251757612845,-0.13983837456265383,0.44059753634841142,-0.77409748596276762,-0.45458430812098288,0.085632817674131625,-0.4678340354520466,0.87965807892035075,3.1010764274838492,15.269089965034651,-1.5239930838718276,,0.4105412316833323,0.2391304347826087,False,1
0.62883891619961152,-0.76392644657259567,-0.14483784622765927,0.76377666893700658,0.64178774397224458,-0.068947020780513193,0.14562560715887257,-0.067267197904961926,0.98705030602580068,4.5952123671250673,9.4659035627639891,-2.5255012936826411,,0.2434193512558243,0.3508771929824561,False,2
-0.6129924757823314,-0.78850929736574382,-0.049933081239065577,0.78080530930769609,-0.5949191599028596,-0.19082521357877941,0.12076130833656532,-0.15596243505490323,0.98035321454085345,-9.043425921743184,10.59484991876718,-1.6746044925709178,,0.2535442346169501,0.3125,False,2
-0.22739091472791242,0.96033998711174395,0.16137063256187281,-0.96791677757239469,-0.20469804825950866,-0.14572515476958345,-0.10691343972146095,-0.18932991890602904,0.97607566213586239,-2.4229695116586369,14.224773425500381,-1.3691741866418445,,0.1302347580798623,0.2068965517241379,False,1
-0.8467246785583864,-0.53164394180802488,0.020298715698836695,0.5236977816135423,-0.83958150371235729,-0.14437289273665802,0.093797400034603032,-0.1116136988139064,0.9893151317875547,-13.748890745481152,13.18333780819783,-1.1144696641294376,,0.1524060982187563,0.7333333333333333,False,1
-0.99677054080967109,-0.07696651667320345,0.022905114825899051,0.070091786983499063,-0.97307821554668306,-0.21955848383959436,0.039187119968861178,-0.21724396824693462,0.9753304198520979,5.7795740668567843,12.564980453008081,-2.0580496748352917,,0.1422449869969754,0.2222222222222222,False,2
-0.094134055214793358,0.96753779857220112,0.23454080238388478,-0.98896917864861678,-0.063816446702291946,-0.13366908697740509,-0.1143623335364306,-0.24453643790722029,0.96287236288292655,-1.3514068206992382,8.7330966669428367,-2.3330569706422097,,0.1813807875301548,0.2631578947368421,False,1
-0.8130013112783977,-0.57812198620389976,-0.069309717408628277,0.57386548240873914,-0.77543838311442526,-0.26338891793822827,0.09852550918108012,-0.25390999007629378,0.96219667479162796,-11.367434258644751,-3.8370000958033867,-4.1228982429378309,,0.129860536921491,0.2608695652173913,False,1
-0.048760393689835091,0.99572995699180944,0.07838543714428986,-0.99200405442452644,-0.039132461486615866,-0.11998585943059829,-0.11640609955029446,-0.083609229198023619,0.98967626867597414,0.29900886389336379,-7.4745849228366597,-5.2904310461874129,,0.06885183208623658,0.3,False,1
0.99848586664662542,0.039748805002143187,0.038026393568653782,-0.036289356930205678,0.99548561665450952,-0.08770102398251825,-0.041340738751607799,0.086188279567999862,0.99542077725180078,8.4937514164368242,1.8855842841920427,-3.9479737590517234,,0.08535975508344588,0.3571428571428572,False,1
-0.16935097135799365,-0.98509196330436855,-0.030233629177602028,0.97530820032983678,-0.16309894261760469,-0.14890483298534635,0.14175388132068426,-0.054704284568614897,0.98838923424952241,4.5441682824901042,19.026889526498326,-1.0056918656891467,0.2360198853838395,0.1779488954541621,0.391304347826087,True,2
-0.23205859862653194,-0.96608527579162096,-0.11326096724873472,0.96988715328672825,-0.2209615155828292,-0.10244470957890536,0.073944010527271661,-0.13362353284495943,0.98826971762630444,-2.2829420352683014,13.824996344543246,-1.490984456154272,,0.4583159625938171,0.1685393258426966,False,2
-0.3438882876515173,-0.93409913130819611,-0.095914850285975212,0.93083076129319431,-0.3256566393590295,-0.16583680855502281,0.12367271100141529,-0.14630982923459632,0.981477709590444,-1.0106743466086274,-9.5036412256237899,-5.6226760816780343,,0.1512100722748346,0.4242424242424243,False,1
-0.68658027233369689,-0.72677547649932384,0.020123031614761401,0.71865300082818462,-0.68258227522985637,-0.13273771861335787,0.11020614339878242,-0.076673621938804115,0.99094690153204168,1.1551502802326112,14.802998501264909,-1.470025885165551,,0.07487519813913901,0.36,False,2
0.89581893464514217,-0.44417973371186403,0.014587682848889779,0.44398247203008251,0.89300150365283371,-0.07367414067252176,0.019697737466501886,0.072475365700595679,0.99717567183784894,-12.955334837305022,-0.26345772899965825,-3.3652165785877846,,0.2992298180713182,0.5416666666666666,False,1
0.063171084959525364,0.97368507829800133,0.2189675371484332,-0.99071328268117143,0.087651405585554468,-0.10394432460684391,-0.12040185025211504,-0.21036777176813629,0.97017977460735383,4.5192370005507074,10.808440884730983,-2.3110634704701978,,0.1436532978464577,0.2857142857142857,False,1
-0.39404482631670118,0.91190698184549057,0.1146923332855715,-0.91423681612706154,-0.3760910213741771,-0.15075340022560427,-0.094338321433517974,-0.16425955102573517,0.98189565688311797,2.4373024102284067,20.71411164528347,-0.68163432516519828,,0.2952719083958476,0.4666666666666667,False,1
0.89451475419168913,-0.44297488151833597,-0.060138248038972733,0.44658827445458038,0.89152670196373351,0.075756536386948847,0.020056611205814145,-0.094622375945031839,0.99531117662641311,-7.9951878767986297,1.2003825427722352,-3.2973675210322648,,0.57638927375345,0.1505376344086022,False,1
0.84729885733566546,0.51612176742244387,0.12531148211719229,-0.52278400956893301,0.85208914945233305,0.025317202148502554,-0.093709795094773257,-0.086962075517613757,0.99179436967799095,-5.5023703236706503,10.113978353989019,-1.9651297228775226,,0.194050694351721,0.1666666666666667,False,1
0.99629000158792325,0.074618042849946456,0.042876338663399668,-0.072966650175383646,0.99657659253508912,-0.038871109751755256,-0.045630041618632822,0.035598355192247029,0.9983239235886755,26.937066788289986,13.134472067833102,-2.9718712347295475,,0.2526314609123008,0.125,False,1
