axis_00,axis_01,axis_02,axis_10,axis_11,axis_12,axis_20,axis_21,axis_22,location_x,location_y,location_z,dbh,dbh_approximation,score,reconstructed,number_clusters
0.71805891088415352,0.69582983390883246,-0.014568553197545586,-0.69076831759318968,0.70996592185914065,-0.13706757898268385,-0.085032534416757274,0.10848609146386914,0.99045456031539159,5.1565946903600048,8.0901439943129798,-2.3153538863886061,0.2886861886875064,0.2853322015045991,0.8994082840236687,True,5
0.9936220507500797,-0.10864883487631743,-0.030176993608108368,0.10473993200409974,0.9884057358782401,-0.1099256472656425,0.041770407072252443,0.1060638108075162,0.99348160583374934,-20.462292629213731,14.458814200074045,-0.94503185466352002,,0.2491671160351435,0.4814814814814815,True,5
-0.97762231592965276,0.20951898467193805,-0.018878624377415245,-0.20135446271322616,-0.95794698912718945,-0.20443567782464322,-0.060917877029746784,-0.19605958554529671,0.978697936635199,11.087111688144525,-14.088679500642197,-5.3088657126077115,,0.2519220051216078,0.3076923076923077,False,1
-0.9314084901666988,0.36396349054290983,0.0029668160055604034,-0.3543108496650143,-0.90478054576631473,-0.23629639398954941,-0.083318942954439937,-0.22113964265737157,0.97167649564570846,12.78005247136087,-11.66931786457609,-5.1279762349563063,,0.1993775856346997,0.1363636363636364,False,1
-0.97505591350138943,-0.21791916735781991,-0.042156874220522431,0.22192124191854568,-0.95362234431947579,-0.20336023898480504,0.0041143567299001173,-0.20764310947561226,0.97819599833366633,-9.7366035789974053,-11.359450440439995,-4.3648687019800985,,0.0840124489901604,0.4,False,3
0.61798920025286963,0.77243388014009429,0.14640781803761851,-0.77665730680369316,0.62872606817564936,-0.038819569611507621,-0.12203596256535318,-0.08971862687372574,0.98846233708353348,4.124470144055949,5.8208356025679038,-2.6110656222490589,,0.2387515801993639,0.2580645161290323,False,5
0.066042669433926629,0.99781487941812874,0.0019576071688466087,-0.98616385501152215,0.065570226603130069,-0.15225438073181619,-0.15205004729646016,0.0081247643043106006,0.98833940087509631,0.68243861514039761,13.517044745377905,-1.3705431129636148,0.2786139081837038,0.2439182715375398,0.9775280898876404,True,5
0.99233386143641167,-0.11215960218286128,-0.051901166507918026,0.11398124467161402,0.99291549286029468,0.033572308545994189,0.047768015552354673,-0.039230698135262226,0.99808775616876999,10.586908413080339,-5.8178723525667948,-4.2635897506548481,,0.31969094357955,0.2714285714285714,False,1
0.47086309269970994,0.87567234810322292,0.10717222914847467,-0.87572700788615843,0.4786393640578071,-0.063297447287351483,-0.1067246718993385,-0.064049183770964302,0.99222353654116324,-5.0332582182319383,0.141131616311506,-3.0374286139492472,,0.7662783509601334,0.1851428571428571,False,5
-0.98576666023328829,-0.1534316829275843,-0.068722705465631445,0.16759890824894291,-0.9289986317563933,-0.32995779752645538,-0.013217319178606078,-0.33677924649353935,0.94149086113725655,14.709946040091793,16.040168829506907,-1.6853108542821511,,0.2161176478274211,0.325,False,3
0.33621468937339777,-0.90635052012461759,-0.25590704820185511,0.92851621582340349,0.36445802527847354,-0.0709082841641544,0.15753513767581659,-0.21377343726467182,0.96409729691432666,-4.7549271976087253,-0.24234926942258367,-3.0575014120229969,,0.7018138704749481,0.2964601769911505,False,3
-0.79400868400010294,0.60500161193356061,0.059357049204116281,-0.59604011521978062,-0.75559148616966842,-0.27169410570843106,-0.11952569088366356,-0.25110666177086366,0.96055143206029214,-9.3633810402780036,-8.7593208742079902,-4.0731808643561207,,0.103350775114357,0.1636363636363636,False,3
0.98922958484698054,-0.14622771523923339,-0.0065025963571921789,0.14561078185719623,0.98763744707808121,-0.05804974880244182,0.01491068980318902,0.056477680768638502,0.99829251369755823,-9.6390952855659968,1.2678276035646605,-2.7757150655299245,,0.1398865774871324,0.2142857142857143,False,6
-0.054085800945670455,0.9966374264820812,0.061551330377491095,-0.98543090573981507,-0.043320346815852437,-0.16446664575092751,-0.1612471895844145,-0.069549893507668437,0.98446033752721573,-22.260566369159907,0.55166449841305265,-2.7881702165613693,,0.2600865681275437,1.0,True,3
0.60626537679435777,0.79508050007000197,0.017008565748829786,-0.78839656795256685,0.60369805303848845,-0.11823498804564293,-0.10427437144864608,0.058272284715595105,0.992839965096599,-15.751555278970475,-2.8984213760449058,-3.2448380394475613,,0.08652119383456501,0.3636363636363636,True,4
0.74868918817533081,0.66288722449478632,-0.0067102243601040506,-0.65820496948322427,0.74211944492005499,-0.12658968211958346,-0.078934895052518494,0.099193029357651993,0.99193247011573349,-5.8817375013522861,15.18100678100973,-1.1163152830889385,0.2937639501859921,0.323829691441667,0.9711538461538461,True,3
-0.095938707936480724,0.99538241152463203,0.003101474953297512,-0.98295267319468949,-0.094248798745839704,-0.15786451847828095,-0.15684325480839759,-0.018193921028011126,0.98745591023535517,6.1997021950841944,-12.272731206394901,-4.9478649206666452,,0.2743559421568817,0.7841726618705036,True,5
0.37858243014417814,0.92556087665222098,0.0035223851153874698,-0.91623200855561571,0.37530036602949257,-0.14024457834893583,-0.13112684730546387,0.049866811296707864,0.99011062566100572,0.74714738159356187,-10.413692775967995,-4.4888868143342968,,0.1168554460455999,0.5051546391752577,False,5
0.38448519897066735,0.92305349846970697,-0.011973751931719321,-0.91394933420704683,0.37880406636583291,-0.14561625529866914,-0.12987588796610347,0.066930697497827485,0.98926868719143857,-8.665469651455064,-4.129108196948625,-3.4770060619933281,,0.2795473012098619,0.9968253968253968,True,5
-0.98216779431289669,0.18629225778365435,-0.025330189584947985,-0.17520237466371186,-0.95580290150931158,-0.23610366659283152,-0.068194953821651944,-0.22745550808070381,0.97139767351842732,-5.4639912143031877,-6.2230059617729125,-3.8535100070350357,,0.1242128451119982,0.2772277227722773,False,5
0.98943025889880754,0.13583494606585597,-0.050760518148698502,-0.13353215831451506,0.98996193852440673,0.046308994470461884,0.056541360713248147,-0.039041358842693753,0.9976366306568788,-2.3640368687987996,7.0639803560573409,-2.197293270367076,0.6900122110573941,0.5713618468882833,0.1752988047808765,True,5
0.98398782881933455,-0.17493441620458991,-0.034145318311183462,0.16884245614852469,0.9762367687848138,-0.1358454867646342,0.057097966138438296,0.12790512616680461,0.99014145502706274,-8.7266245812234899,16.310288027614373,-0.86719924981663687,0.2850867066506592,0.2701125372901295,0.8552631578947368,True,5
0.57527188585324518,0.81783579703255593,0.014382852254507259,-0.81074336025186489,0.57243764953178722,-0.12251669766214682,-0.10843182722045161,0.058819609745789779,0.99236222839998667,7.1709298594962494,-12.660495180718916,-5.0115363018140799,,0.0806287844666911,0.3636363636363636,False,4
0.91055544668383392,0.41338009922594243,0.0023816125532392148,-0.41139634442015643,0.90672044169472177,-0.092795950400117455,-0.040519455970384942,0.083516071368802069,0.99568229848229473,-12.084288300394942,19.570001076551737,-0.3480879476324083,0.2663577360715862,0.3050872224329018,0.7142857142857143,True,3
-0.30292291556173945,0.9432057644037618,0.13638399181388519,-0.9402484682447988,-0.27244306872392687,-0.20422436746773948,-0.15546872737269024,-0.19009908021819649,0.96937702392274128,17.214757307699152,-10.348104211752277,-5.153940958212238,,0.1750769678210941,0.2758620689655172,False,1
0.92979691915702745,0.36776360651840495,-0.015087042343588833,-0.36717299970106942,0.92387948731129688,-0.10784563605419938,-0.025723091117124973,0.10581409474163711,0.99405316756066386,4.7236124751990349,-6.9741728259404629,-4.2654574605653197,,0.1568393845071627,0.2941176470588235,False,5
-0.84272902251314863,0.53802056220428462,-0.018484297644717249,-0.52747928093741703,-0.83210517500471515,-0.17136681683487442,-0.10757975086315452,-0.13466570601217481,0.98503388004091719,11.577608914458851,-12.301032301199944,-5.1386159706953665,,0.1604082592791477,0.2592592592592592,False,1
0.96893960320821848,0.24288382055977609,0.046513385653875743,-0.24712896224992734,0.95794038341483212,0.14586808369317023,-0.0091280530220653241,-0.15283216786177653,0.98821000152533167,11.982233252568431,-5.5598525446317213,-4.2868737861514008,,0.1597483624047303,0.2916666666666667,False,1
0.80608716834787386,0.59174748832915502,0.0076411439617113767,-0.58777704409399145,0.80204745556919699,-0.10600955358413496,-0.068859447144435343,0.080961651855146144,0.99433575188054546,-16.222040030403853,-6.0398605018833251,-3.6553180681796005,0.1208162432978961,0.2249295447173146,0.4722222222222222,True,4
-0.88115132285111486,0.47107135792597843,0.040793651215651087,-0.45815881835343769,-0.82929141266687489,-0.31994726134467832,-0.11688816622186851,-0.30061192361373967,0.94655672200800289,-12.696187875025771,-6.5079884970502251,-3.7337884457285475,,0.2136712181773892,0.3103448275862069,False,2
0.78281601935951117,-0.62122317584131959,-0.035788903751781523,0.61083421494442536,0.77814639190844737,-0.14618397522674068,0.11866187967227214,0.092574070654205462,0.98860983191305207,-1.1450604440740548,-14.278035612359933,-4.9152511314096134,0.1866472754752203,0.1980936829671995,0.9206349206349206,True,5
0.95860419842506517,0.28185165885022162,0.040467680502077608,-0.284352998528975,0.94015148680168237,0.18777261273191137,0.014878272393685714,-0.1915067212083322,0.98137852673808557,5.1232716868837089,-5.7680076840118133,-4.1696804651853441,,0.5455086479635611,0.739240506329114,False,5
-0.61641030265242847,0.78741336541243723,-0.0043047362058382501,-0.77500616157991431,-0.60764654687536757,-0.17358318923101546,-0.13929748130210473,-0.10366226912576318,0.98480980177016364,-10.21857453358863,-18.260005355966058,-5.2598831510689621,,0.1646744528111648,0.6578947368421053,True,4
0.41791723443039097,-0.90243253604232054,-0.10469337638207019,0.89567684258290881,0.42856285185126003,-0.11873026435506934,0.15201374551915789,-0.044152009074776941,0.98739172635175354,5.6933346676613876,10.544051681355489,-2.0245450642722482,,0.1816051502045971,0.3793103448275862,False,1
-0.98742568877465975,-0.13814475434682241,-0.076853991401522964,0.15573171349982831,-0.93359565409977441,-0.32271781490401541,-0.027168779109424768,-0.33062846443171073,0.94336985109194227,-0.35051355845611937,11.049341873811926,-1.6787159868863017,,0.5226721705019414,0.2380952380952381,False,5
-0.76714570465641896,-0.62728687361892899,-0.13415903254196063,0.63438986917623974,-0.71090333843807318,-0.30358843404213254,0.09506293554145398,-0.31800569426189607,0.94331088019976206,9.2269798282770434,-8.1828597619476007,-4.5228342858711006,,0.1974564266524354,0.2777777777777778,False,6
0.97685801704688491,-0.20664854019448536,-0.055179664430999129,0.20535945218431428,0.97828162381510431,-0.02815244046691201,0.05979891244652985,0.016169271510273787,0.99807947816245646,-11.303935168038805,-5.7113014455545255,-3.6284199081456228,,0.1596108501718639,0.1842105263157895,False,3
0.87741027620056877,0.477048210463204,0.050756399709754617,-0.47518122470297308,0.87874550203770685,-0.04482350207515641,-0.065984929396221886,0.015210113160444958,0.99770468654317879,6.300069195988188,11.828480141854133,-1.8989927223721628,,0.2433739715788115,0.4074074074074074,False,3
0.57754480501531869,-0.76912490528443189,-0.27365832395713913,0.79688814968807709,0.60392661818690974,-0.015553672622077366,0.17723226310841322,-0.20909213260315543,0.96170120359544831,5.1434463300372801,-3.3143578778998637,-3.948317895169291,,0.2780558989590931,0.4647302904564315,False,5
0.99879717678070878,-0.030266824644249721,-0.038576145230449957,0.02638411006737847,0.99488931384355184,-0.097463490271280234,0.041328905028308924,0.096328461660413381,0.99449120110903955,13.349114968056487,-14.292812525715274,-5.4025940006938589,,0.2216371402699537,0.8428571428571429,True,3
-0.93160901988904665,0.36042979110577861,0.04685082437710638,-0.3468740310958231,-0.84317704662242843,-0.41076863877420489,-0.10854971493607705,-0.39892710328144426,0.91053507656474864,-6.6713995206954744,-4.9342790866214878,-3.6404597119483237,,0.3039733929987178,0.3035714285714285,False,6
-0.99275868165812398,0.089224343529172634,-0.080431439836752619,-0.05949658688417836,-0.94688059080501497,-0.31603370533201147,-0.10435686916326301,-0.30895980851647253,0.94533247092221895,2.0084045694061547,-14.308646936041235,-5.0024160999744769,,0.5737774694575141,0.3557692307692308,False,4
0.9123553823098679,-0.38147048303965603,-0.14862007582996978,0.38701382659336819,0.92202798810335151,0.0092025637538671601,0.13352136306888374,-0.065914032827443569,0.98885154896002947,-14.593281222834962,-2.5079570320743008,-3.1765185001007148,,0.3870934431088936,0.5564516129032258,False,7
0.078618364717460837,-0.98205056442317695,-0.17145215555737955,0.9822641076047508,0.10567639540276325,-0.15488615937559158,0.1702244860194756,-0.15623440200800329,0.97294112668167487,3.6838779549226102,-10.368346672439118,-4.5962276420047417,,0.4303760188595004,0.3537414965986395,False,5
-0.82199737708645237,0.51021884617585467,0.25297636464692325,-0.55896862134230951,-0.6378381756280106,-0.52982689820941486,-0.10896968577393973,-0.57692217041686977,0.80949763240161365,-2.5194085669125363,7.527241431986762,-2.1455938867316431,,0.3223403519123887,0.2857142857142857,False,2
0.77925097593277581,0.62455576034019344,0.051942455984469664,-0.62031990605619214,0.7804565755166204,-0.078043243674942253,-0.089281188714380552,0.028594334382044093,0.99559591872556141,11.082743628557822,-8.783789352553331,-4.6913483467116528,,0.1555089986105057,0.2142857142857143,False,2
-0.31793442124937227,0.94800105098681664,-0.014550295966729528,-0.93532713094858599,-0.31612186279487492,-0.15883993822268533,-0.1551800950390059,-0.036891397249101565,0.9871971246477047,0.47250475475692516,-21.992434169979585,-5.8785439242215967,0.333013202506727,0.2917348330493579,1.0,True,5
0.76821640364911159,-0.62201271571100891,-0.15147190715852493,0.63747674523229247,0.76500146564675953,0.091630545378451445,0.058880866607650101,-0.16695190640458521,0.9842053162300064,5.6720467976278188,-17.937556273617361,-5.5831496182701921,,0.2186881822905628,0.148936170212766,False,2
0.55690583357494794,0.83005406756019451,0.029430213335410259,-0.82266527273700096,0.55613416987439124,-0.11805352231372487,-0.1143579536488302,0.041533480770300245,0.9925710193292745,-17.103650329917802,9.3114321422373152,-1.6565045055139789,,0.2911597612185447,0.9795918367346939,True,5
-0.90853648711153911,0.41067954907328752,-0.076835926232355301,-0.33764461247418431,-0.8300182639831174,-0.44392093566490942,-0.24608447178597151,-0.37737513090744595,0.89276561499556317,-2.4249876329957338,-10.467583653797549,-4.4328072540264021,,0.187515702886743,0.28125,False,4
0.67671654981217488,0.73624088311912794,0.0020182255258127755,-0.72876274576643385,0.67022776225447445,-0.14035528877220205,-0.1046879725339766,0.093509939190048852,0.99009914638858232,-16.005086776767705,2.3876359223616195,-2.5703360777981477,,0.2559910811142482,0.9861111111111112,True,4
-0.55024126032996645,0.83476649004444747,-0.019986558717400203,-0.82250104779671207,-0.54597269780623858,-0.15939209398050147,-0.14396729421573967,-0.071265141191551404,0.98701301807379815,1.0068692429559176,3.3737945180813416,-2.789074605064485,0.2771753265672801,0.2484698637763263,0.985200845665962,True,5
0.83397945703843446,0.55086631105233719,-0.03200894539761192,-0.543741037148748,0.83029737306343454,0.1222781943126538,0.093935881101320604,-0.084572924931972104,0.99197957166978468,2.4164242943895906,-1.5718379905079387,-3.4920078082074664,,0.3783542563292163,0.9649446494464945,False,2
0.40304166766714383,0.90545084321718072,0.13310215866537881,-0.90774104089366769,0.41402226451910284,-0.067762579346969748,-0.11646294175130598,-0.093511149066675237,0.98878311484311954,-8.6885674352439679,0.46235054385205077,-2.9041974584938988,,0.1566972666913141,0.2127659574468085,False,3
0.15063317827934647,-0.98755943560405113,-0.045122131497414217,0.97591703095137006,0.15583205990323565,-0.15265096725987853,0.15778337777004492,-0.02104115623538182,0.98724955074375864,-6.5404852486793539,-8.2496367933223702,-4.0766828629899248,0.09673887987351662,0.1427900686113882,0.8106508875739645,True,5
0.95853929096441604,0.28360787703152801,-0.027730844976394338,-0.28455120415136415,0.94740658328656757,-0.14646289004823501,-0.015265644219746806,0.14828128010960223,0.98882739751465942,21.1456542367537,-13.130186941717211,-5.6578354694546755,,0.2953947574415908,1.0,True,1
-0.013007838846889859,0.99963365618543687,-0.023734985777717668,-0.98800178644185788,-0.016502516554349724,-0.15355825257885072,-0.15389368445855747,0.021452747346401457,0.98785450017452514,0.82306673896469451,-7.8646582135010377,-4.214668841502939,,0.08315432587620193,0.2972972972972973,False,5
0.90287116534551903,0.42953252682118959,-0.018040709249632213,-0.42795405928936647,0.89396954855041111,-0.13294272978365115,-0.040975381943055333,0.12775075211981879,0.99095951653306347,8.6128004504649098,-6.5231955857643147,-4.3224251883516178,,0.2444047989196948,0.963855421686747,True,5
-0.95395078983933257,-0.29602632299436543,-0.048438689694810778,0.29950716724566429,-0.93109920797040568,-0.20820595977387824,0.016533219087411379,-0.21312597451113191,0.97688483029233752,-14.720020307916474,-9.3441373903779255,-4.0706267793740176,0.1639380911611607,0.136246089808262,0.8,True,3
0.071946982645206298,0.97853944908874657,0.19309111389533104,-0.98660649991408078,0.098235932810213422,-0.13022025891615793,-0.14639414611088233,-0.1811359933364888,0.97250115984633489,-11.507169109602202,-8.4340636102925188,-3.9597204405422479,,0.2860003004184354,0.618421052631579,False,6
-0.68416370104968249,0.72929387052609762,-0.007104968618262349,-0.71720177144354436,-0.67452512749938898,-0.17503562897358166,-0.13244489119722574,-0.11465732765505596,0.98453646352522606,3.1652256639249976,-14.492446997887585,-5.0722090340906654,0.3104523104154233,0.2770774126918172,1.0,True,5
-0.49286090324258164,-0.85497118082710966,-0.16159334766630748,0.8620300262133509,-0.45454292797888241,-0.22426537969779045,0.11828932310870713,-0.24982995532858368,0.96103726746625284,-10.388755120072334,-9.6882661226352216,-4.1445664057758513,,0.2244159068512447,0.2307692307692308,False,2
0.92132425004810659,-0.3854329622255841,-0.051020171533491296,0.38423260814776083,0.92268350390799392,-0.03194455277567472,0.059387954243808432,0.0098276775527111615,0.99818659961184453,2.4067197976061672,6.7316206211240104,-2.3941377244657001,,0.2780979561143732,0.3561643835616438,False,5
-0.69487416038371397,0.71912846329266022,0.0020382623395907261,-0.70709441789869099,-0.68272409142895008,-0.18413391637345106,-0.13102436951780821,-0.12939114446070463,0.98289905195173,-11.026570758341061,-6.6902336969546887,-3.7546490646958004,0.2801535120137784,0.2127809527220793,0.6857142857142857,True,5
0.78144485155209442,0.623919986738669,-0.0082337191319963084,-0.62118078030956803,0.77663134655876576,-0.10477685677818019,-0.058977810714892623,0.08699196336638336,0.99446167153537957,-24.845245149692673,-4.8227846085151853,-3.5615493423564493,,0.2540892918899708,0.1875,True,3
-0.30559753438167453,-0.94828267359761598,-0.08584939099608517,0.94163871361116902,-0.28762252655677839,-0.17489944324038897,0.14116189290507578,-0.13428794872084643,0.98083641185459847,10.581171558910615,-5.4103518054924713,-4.2102343641662463,,0.102585008815412,0.15625,False,2
-0.99078933422627524,0.13506903700343439,-0.0096358926115029143,-0.1250264767440501,-0.93980942053800465,-0.31800414019473167,-0.052008415630790519,-0.31387036864123685,0.94804035588818181,-14.418669157350267,13.521564699835434,-1.1435373625066312,,0.2489271770441093,0.2181818181818182,False,5
-0.31665300600630975,0.94848589447198239,0.010265562568768817,-0.9359797817967439,-0.31068575469109549,-0.1655784101256734,-0.15385942237929134,-0.062039260309177079,0.98614319869144906,13.338328758745723,16.794224907486647,-1.5721672785567928,0.2146149220207955,0.2274686542293476,0.8611111111111112,True,5
0.95597298799960084,-0.28080016302191962,-0.085246200278828357,0.28419087437274987,0.95828542215525414,0.030407180204327394,0.073151849862916382,-0.053294635110767943,0.99589582222742734,12.893980313954582,-2.5906494869010697,-4.0041459477240231,,0.2640199776044155,0.3170731707317073,False,1
0.017640513917399254,0.99982693534734668,-0.0059086058139492387,-0.98805131355144515,0.01652717857997666,-0.15323659535976167,-0.15311242293816596,0.0085411780288290051,0.98817186471781637,-1.0825196706620264,7.766184175162997,-2.1824580010340218,0.3711943641589127,0.3453817358895425,1.0,True,5
0.66330420648921662,0.74830468517232251,-0.0082236125188718361,-0.74231898475310887,0.65652666246684621,-0.13392261327070989,-0.09481589808055782,0.094935976422502469,0.99095767106969912,-0.50944388840090027,-11.724372779517207,-4.6066983496734943,0.2799179015316662,0.2320317735464034,0.9029535864978903,True,5
0.58164420076305523,0.81332208138934858,-0.014043348717685698,-0.80624229440796547,0.57411719599633915,-0.14269831102393066,-0.1079971593445313,0.094321986757070042,0.98966659860162653,-12.602286144976629,9.6540450029771527,-1.6949053704136126,,0.2761317276745531,0.9863945578231292,True,5
0.67831341145061852,-0.71428745973727115,-0.17229144119282347,0.72177860421193307,0.69164397366350272,-0.025773245756668159,0.1375738432555311,-0.10687393768845774,0.98470878898020731,-7.2829749273376105,-6.2191154190189533,-3.8065825012508987,,0.250451583312309,0.28,False,5
0.75102529360812487,0.65238972124950656,0.1017283636397413,-0.655636859674394,0.7550737358613443,-0.0019903890801993562,-0.078110924953730163,-0.065202032333223733,0.99481022229493066,-0.69964476131202047,10.894943797382043,-1.6793422308963726,0.4358401586399713,0.2735789777775685,0.1333333333333333,True,5
0.7506786722412212,0.65347606542986791,0.097214005947990623,-0.65618436564412086,0.75458182764753157,-0.0053238771899572768,-0.07683494860009786,-0.059793789764573599,0.99524926193351715,4.6140627813493875,-5.1287418979306736,-4.1159314561952121,,0.2163242288532189,0.1724137931034483,False,5
0.88967279742718841,0.45518610788789976,0.035887612123772575,-0.45494866778905624,0.89039132657534192,-0.014999841211359832,-0.038781737906442605,-0.00298207063436656,0.9992432556988754,-7.4882767464208122,-5.0752802365745282,-3.6393185897953608,,0.1929686676526901,0.2407407407407407,False,5
0.76441294122560999,0.63797733607820628,0.09304715974906036,-0.63547593944842407,0.76991726190242105,-0.058290138160939892,-0.10882640152534073,-0.014571495298490455,0.99395396566229932,-10.323646075359424,-7.4591949942212805,-3.8609908064530996,,0.1848203301565675,0.32,False,2
0.34514593523873177,0.93842971314272661,0.014965188907672781,-0.92892060494386064,0.34383980898384853,-0.13740704300975301,-0.13409247965085416,0.033524010034775301,0.990401609273872,-9.004618588592356,0.53309906921212247,-2.8930837498248123,,0.6577162231703306,0.5419354838709678,False,1
0.44836518780359491,0.89373199666530312,0.014552542818973887,-0.8852926630957374,0.44626112161244813,-0.13079721711893225,-0.12339189209467692,0.045761659430693512,0.99130233102290499,-5.3473643924028265,-5.1086064404568381,-3.710880508392262,0.3094028086752817,0.2043887506674594,0.8397790055248618,True,5
-0.32027144158898729,0.94732502064938751,-0.0012283949488082965,-0.93449436921751472,-0.31614582581512291,-0.16362179170402155,-0.15539136914022009,-0.051255458941583364,0.9865223770018684,5.795675707343996,13.918068304525047,-1.6282937031522644,0.2998035830654832,0.3043302428685081,0.9746835443037974,True,5
0.072466284431755693,0.99735030341367448,0.006403897353036158,-0.98597657341817357,0.07260470348392388,-0.15026228303393263,-0.15032908664398278,0.004574856573033647,0.98862542775113937,15.643385500139622,14.881315729512718,-1.8993006075312735,0.3286499420510123,0.2966412603718628,0.9298245614035088,True,5
0.73214405486185186,0.67082501183280319,0.11814773137883629,-0.674561094190257,0.73813877012328644,-0.010885138755464832,-0.094511444467266975,-0.071728373328844491,0.99293636620093106,-5.2278133937605809,-11.015484466651234,-4.4059803282381749,,0.4321652851430531,0.2803030303030303,False,5
0.060085001796954272,0.99817287686449163,-0.0063796905194818555,-0.98670150358053177,0.058425043381641485,-0.15167945522637952,-0.15102958448919193,0.01540851056778929,0.98840914727207196,9.2798458419766714,6.7541798079679083,-2.7466166438086339,0.3721403886913949,0.3498031974565878,0.984,True,5
-0.79454894722782288,0.60704852753726368,0.013566711981887639,-0.54721801693248129,-0.70619804741237668,-0.4492624620146114,-0.26314333053232047,-0.36438496544971177,0.89329680652657184,9.6518292150392142,-7.6212317013935067,-4.4714630473900305,,0.2514343893545664,0.1666666666666667,False,2
-0.28573044201034553,0.95742368644108111,0.04120678524397306,-0.94557595974458175,-0.27468636282293885,-0.17445201756419418,-0.15570555180110215,-0.088810397593272458,0.98380307705233339,4.5783874333571646,-13.426854328637924,-4.9722082424151726,,0.1550501883586873,0.4693877551020408,False,2
-0.99783085535007121,0.065541886923161416,0.0061518428048726384,-0.064933222025944204,-0.96455907393708651,-0.25575275084143057,-0.010828702077062061,-0.25559744510495597,0.96672265167789717,4.9436993706578143,10.824980556385983,-1.9880161918986008,,0.2087067852305479,0.1,False,3
0.65373827374771243,0.75670857654200019,0.0042894784228371032,-0.75049839750340674,0.64907775544856761,-0.12429892488137753,-0.096842267539428428,0.078039717898183703,0.99223554544684234,-4.9690640812832552,-11.957086030078225,-4.5286009115992067,0.2211875346303774,0.2494691981410762,0.7522935779816514,True,5
0.52611439297166662,0.85038458353776825,0.0070502190994753463,-0.84259264134086209,0.5223796383763516,-0.13098532042950681,-0.11507078806666531,0.06297279961291051,0.99135923874377063,-8.9664414052490589,3.9139792661269937,-2.434657630332417,0.310500111302928,0.27377104390171,0.9550561797752809,True,5
-0.95746794808391933,-0.28648362368743807,-0.034384033371352415,0.28820511250148734,-0.9438065536308845,-0.16176217868029594,0.013890339087760585,-0.16479175550465291,0.98623056928779129,-1.4029272061993847,-6.6800453830111071,-3.9614420579204324,0.3718587757242757,0.3170202141493635,0.9569266589057043,True,5
-0.71213606343585356,0.69718560686183284,0.082428494701677818,-0.6943464715013894,-0.682122311315289,-0.22932974059083272,-0.10365907904113784,-0.22054791314040192,0.96985226366790411,-8.8799347004490912,-6.2267901263156968,-3.7520115371596887,,0.1769640255986284,0.1818181818181818,False,5
0.27461203483793972,0.96054907442045312,0.043973923547681003,-0.95180986539389101,0.27803891807436149,-0.12943083162408317,-0.13655112764466448,-0.0063115502097032487,0.99061291828489761,-3.9757200542503148,-14.361657002802774,-4.8056997343748682,,0.1739355861484871,0.6666666666666666,False,5
0.49443592100385292,-0.86724775541811105,-0.05843330166369963,0.85648160019608499,0.49755541496236477,-0.13739678878046402,0.14823086232841676,0.017886860089974553,0.98879101517433732,-27.72668177749317,1.9115117448536636,-2.655988108487807,,0.3286931642376721,0.86,False,1
0.88563127835894084,-0.44890542007584511,-0.11891662044826692,0.45404923723272339,0.89077641011235509,0.018885903624848932,0.097450135765376061,-0.070719947779067621,0.99272461439486592,-18.461266191429644,-4.506158816254624,-3.4588225261087353,,0.2247709412544107,0.3773584905660378,False,3
0.81607361083940666,0.57793461733442308,0.0039293482980964738,-0.5743190274600114,0.81169141873650108,-0.10637055723701822,-0.064664645587217212,0.084549505238298794,0.99431879433863657,12.534758688468211,-10.232430472238784,-4.9464032413773937,,0.2028729346157095,0.4242424242424243,True,1
-0.95976060102043603,-0.2784370700961899,-0.036501872899077803,0.28048895151999143,-0.94419317354139187,-0.17269973686445131,0.013621189526135953,-0.1759887753070753,0.98429792957305806,-10.239455536706304,0.88384513338357407,-2.8061471213287428,0.2345172076587456,0.2514004208593087,0.7244897959183674,True,5
0.9215503044026615,0.38745664459857676,-0.024947645415423832,-0.38691207567130143,0.91110804936578771,-0.14206043812615124,-0.032312260135846128,0.14056838526952345,0.98954355483103029,7.4639099821057329,-3.8952295866543118,-4.0359648393036656,,0.174136200096522,0.5454545454545454,False,1
0.98345656986251173,-0.15844240238857335,-0.087801938017340264,0.16447877891295135,0.98414519585806925,0.066369908518753101,0.075894047734772305,-0.079713478125224391,0.99392447143815343,-2.7189546232538007,-10.804561386698518,-4.4455198833502862,,0.4257779376400291,0.3019607843137255,False,3
-0.22059677464681635,0.94506414883640311,0.24122772974836029,-0.9647696178270041,-0.17506634022904208,-0.19639592927743477,-0.14337589592870736,-0.2760534931909675,0.95038824769864783,-9.1509038597604331,-8.9735514973434025,-4.1106751143368276,,0.1891506424926522,0.2151898734177215,False,3
-0.047918279193449848,-0.93724042373876071,-0.3453754864334293,0.98719431156950199,0.0082337778002196244,-0.159309748941973,0.15215528161702588,-0.34858656459067083,0.92484386642444605,3.9973118264501402,-10.335381446913155,-4.6041845144819877,,0.6174977321880488,0.281437125748503,False,1
0.99883906324583227,0.047887973452195129,-0.0052218514752996742,-0.047193748519355087,0.99452531225047835,0.093231718818114762,0.0096579415446624815,-0.09287704394375397,0.99563074423874132,-5.9505623960507021,0.33940071363405211,-2.9805741917169164,,0.3256430067536406,0.4666666666666667,False,6
0.55243026712710008,0.83074266366637961,0.068464784571115725,-0.82277611904566306,0.55661011851216535,-0.11499840824128978,-0.13364227583380137,0.007197411643207037,0.99100350119240299,-11.142617750817113,-4.6318218060683538,-3.5067067378599788,,0.2209597284760466,0.4827586206896552,True,4
0.14711236600997948,0.98471741493784359,0.093217833514179962,-0.9792589818031745,0.1582718263666211,-0.12649851989800051,-0.13931905226765126,-0.07267490417403831,0.98757711596540076,-15.66141922063105,15.258465143103138,-0.88564886174354085,0.3285890444198305,0.2694318619349586,0.2619047619047619,True,4
0.91052985767549011,0.41333553107472454,-0.0094401818111881104,-0.41344056258386824,0.91036978618201736,-0.017139242026523699,0.0015097985917193017,0.019508745681988009,0.99980854634781402,10.062956106221513,5.7243784264995714,-2.9212085124886218,,0.3550894960366396,0.4578313253012048,False,6
0.022986165136933408,0.99820717744378706,0.05526361472077157,-0.98795446715077218,0.031141912413865012,-0.15157886438432397,-0.15302812502651841,-0.051113718226278554,0.98689907323897808,-12.662227686820509,-18.376101609431039,-5.2893719916071786,,0.09479244365902362,0.2777777777777778,False,1
-0.71757459394836076,0.66733632982014712,0.19937132447275552,-0.68237509719810929,-0.61630004152174223,-0.39311383280694823,-0.13946658683611596,-0.41813452586754202,0.89761494497017469,5.4807335647335922,10.822484527309195,-2.0104592941757966,,0.5323281370424902,0.2241379310344828,False,3
0.82556555577477364,0.55939262860104266,0.074306124815564201,-0.56085857993574029,0.82791049476284873,-0.0013660065887191875,-0.062282954576313686,-0.040547499655977204,0.99723454304436066,-14.954035294046291,-14.032619993890478,-4.6867621778323585,,0.174271208848304,0.2083333333333333,False,1
-0.95593973382993891,-0.28482508164991194,-0.07109077400245456,0.29326104444845708,-0.91555168521340358,-0.27525092463404799,0.01331108914203397,-0.28397145026572529,0.95874033520022273,-11.645591967108892,-18.633059957954224,-5.298991512340276,,0.1469486633485174,0.5675675675675675,True,3
0.72627470189296794,0.67264641323460461,0.14167519243996621,-0.683176533759972,0.72913476828044343,0.040401898523874102,-0.076124116480849685,-0.1261320436972497,0.98908838151237277,8.2375595525799152,9.1089950533498314,-2.3427636062982553,,0.213487728787664,0.1304347826086956,False,4
0.55098429493178491,0.80647248757682399,0.214519074956453,-0.82696587568619595,0.56215113921686299,0.010655380225276373,-0.11199887137416227,-0.18327090183340991,0.97666167599229659,-10.486782645037266,22.181339997338696,-0.040524284577698216,,0.2400655159586873,0.3,False,1
-0.98908003027411362,-0.13971336803138307,-0.046913414992789795,0.14651449795055321,-0.96656519063725765,-0.21044057151286022,-0.015943512889439845,-0.21501606228765613,0.97648036199150234,-19.548907436493039,-3.0143390208195306,-3.2611225458206561,,0.2281230316373301,0.2941176470588235,True,2
-0.31236697832169885,-0.92837628315467036,-0.20135627065003836,0.94258490201280809,-0.27653523959810083,-0.18724840121594255,0.11815487019872277,-0.24828559792372396,0.96145394508108539,9.9451903917565048,8.6928008475551266,-2.5196104460261322,,0.2002150232951802,0.3404255319148936,False,4
-0.90753336120277794,0.41939722259680506,-0.022117142267339997,-0.40994641157426437,-0.8960650559449731,-0.1703272002697036,-0.091253153048930419,-0.14551077345824934,0.98513931850587033,-2.3879909388013654,-25.730428268176119,-6.350199355040119,,0.2171723319206406,0.7666666666666667,False,1
-0.47293880335471283,0.85726974174198256,0.20351284523353139,-0.87084303226481163,-0.41966295903637807,-0.25595978974960043,-0.13401978002235584,-0.29828105991910769,0.94502227902642255,3.8991333211061372,-11.422892092048283,-4.7254924331177568,,0.1460935272931895,0.3043478260869565,False,3
-0.94983624063982819,0.31222569127122612,0.01806194002324308,-0.30338475639337187,-0.90583697312610545,-0.29566377476090921,-0.075952653379145252,-0.28631188558622644,0.95512130047273436,9.2127666632742464,9.3930470917490645,-2.3528435993012304,,0.3837323696997926,0.2428571428571429,False,1
-0.90203780401445111,-0.42635632511046656,-0.067439485222569623,0.4282433061677588,-0.86430483528932989,-0.26378935235902101,0.054179985707771959,-0.26682847624229039,0.96221987789430119,-15.704335193995766,13.768780694668635,-1.0812288267171417,,0.1858035768499876,0.4545454545454545,False,4
0.99041403749717971,0.13786066179774908,-0.0086297310050935071,-0.13786731589901027,0.99045069108763018,-0.00017813151515952419,0.0085227657093283303,0.0013661818037373286,0.99996274731208956,6.1763813836136059,-2.8860597175461886,-3.9591984511820262,,0.1719628976691074,0.2564102564102564,False,1
0.96299846172690806,-0.26410149136163974,-0.053706284289331073,0.26037125746188933,0.96314030571141296,-0.067583724385686023,0.069575649471084106,0.051099449847172122,0.99626707023066519,12.183437875884348,-7.8265910069597764,-4.6039589797693816,,0.1299807230304832,0.2068965517241379,False,2
-0.07170628552001862,0.9974247747476146,0.0014238457051050576,-0.98538586498044944,-0.070619513395298983,-0.15500832695227268,-0.15450859430353067,-0.012518108782143702,0.98791213740841644,16.126422289884012,6.4446668155650766,-3.2463242224743811,0.2973769855382501,0.2778325133082802,0.9629629629629629,True,3
-0.033171997207200161,-0.99754585636489823,-0.061659411694459473,0.98771832352134026,-0.023295463636973858,-0.15449865615639174,0.1526831096797483,-0.066027159738699645,0.98606707793910353,-13.133873304284972,-5.2650562536698651,-3.5736970749893944,,0.2262319943751649,0.3478260869565217,False,1
-0.95701746990187919,0.2898834568939665,0.0092273355748070524,-0.28078296819235898,-0.91806520958448279,-0.27985209615739648,-0.07265319728473725,-0.27041422368249018,0.95999878153802987,10.877804111080978,-7.0128192913461183,-4.4610689649220854,,0.115922783798731,0.2173913043478261,False,1
-0.86781706284161042,-0.4864223028775343,-0.10142430036375413,0.49429587007168435,-0.82431507627873313,-0.27600044900264853,0.0506471941082366,-0.28965151179115772,0.95579122377539127,8.7537032529236107,23.540555774160989,-0.22766553208592666,,0.2337745620689889,0.4,False,1
0.96606713253730692,-0.21998948637518057,-0.13534740971119125,0.22708086511849215,0.97308636708606433,0.039207179040090329,0.12307955203112302,-0.068611573918901242,0.9900221592450289,-6.4346595431786406,-19.280998331109053,-5.4509918411918532,,0.2751871876807886,0.3636363636363636,False,3
0.021754847276535878,0.99966096140498995,0.014306951556023555,-0.98793460646067177,0.023690062857908156,-0.15304899306818964,-0.15333603613427929,-0.010804775085125963,0.98811503219918084,7.347211146677461,0.71076746614597774,-3.4376757604311194,0.2010923534359376,0.223213145881701,0.7733333333333333,True,2
0.99674111390852127,0.07968022285743831,-0.012578311881613664,-0.07864936408909412,0.994580406867967,0.068000675016737233,0.017928451488717346,-0.066789792331910777,0.9976059814713818,-3.4388792774608361,17.726506583238745,-0.81505624176792868,,0.3657389407607999,0.2857142857142857,False,1
-0.37587915077954964,0.92641735200552477,0.021581332496316885,-0.91099002959330166,-0.36515332882903317,-0.19172952935495202,-0.16974106748468387,-0.091727511402784678,0.98121049406384386,-5.027472677475413,19.798505823233455,-0.45869539569729512,,0.1677619595676536,0.8292682926829268,False,2
-0.64762398543235467,-0.76077216589306773,-0.042530989820190997,0.75563486424055815,-0.63406938016805925,-0.16423146189889373,0.097975126623383618,-0.13849813260713995,0.98550451131766448,-11.721336394689724,-17.41910575108858,-5.0903374585052994,,0.1294121803080763,0.6774193548387096,False,1
-0.2807633805869364,0.88251736331960007,0.37727314715046534,-0.94744429448447809,-0.19203297080986134,-0.2558762336965848,-0.15336633584396991,-0.4292859671144173,0.89005186672936931,3.735079230804772,10.324582276496482,-1.9786170183698939,,0.4210232647211566,0.26,False,2
0.78002484856966736,-0.62008712624265927,-0.083983280967033502,0.61429226765058886,0.78438029043701518,-0.085980055121180926,0.11918995561105374,0.015476299365935271,0.99275084418970472,-0.030651013343298141,-25.963417723676365,-6.3798878023728269,,0.3046223203135733,0.3214285714285715,False,1
-0.045845298963103048,-0.97520039035837613,-0.2165234564841747,0.99772801689295554,-0.033989294341670029,-0.058168137128549693,0.049366110539864866,-0.21869825448554889,0.97454300090613755,4.8992839271418775,0.47920977624235467,-3.3273191018487012,,0.3153651778222595,0.2368421052631579,False,2
-0.99943379816183164,0.018744272376518611,-0.027941641771553956,-0.010673913023678377,-0.96418415797575219,-0.265018824028318,-0.031908473366457323,-0.26457052322899566,0.96383830986621288,7.4875723250878545,34.350439645746164,1.4026671777043342,,0.3858280176450182,0.5882352941176471,True,1
0.34772471759990758,0.93753258976095111,-0.010961929856938661,-0.92799052802952742,0.34246927094234153,-0.1467936590854651,-0.13386971523665542,0.061216350727113643,0.9891063935422274,0.5185789536814307,23.76975261496408,-0.039787238434715211,,0.2848985168119044,0.9824561403508771,True,1
0.40156213811378239,0.91424665978446551,0.053859950858097798,-0.90671113552771032,0.40515409192118768,-0.11715408020879556,-0.12892930599184502,-0.0017907742646150505,0.99165217046300869,18.581124614066763,21.631907865262754,-0.74457498293838087,,0.2230655394851712,0.5925925925925926,False,1
