axis_00,axis_01,axis_02,axis_10,axis_11,axis_12,axis_20,axis_21,axis_22,location_x,location_y,location_z,dbh,dbh_approximation,score,reconstructed,number_clusters
-0.92163533817188481,0.37737585277863395,0.090419960033139651,-0.38725178267846677,-0.90941089113316642,-0.15168351229032792,0.024987201626941867,-0.17481217585734465,0.98428468591504348,19.946461720228321,-15.59657889967464,-4.5842343230166485,0.2724387409061249,0.2094586860617987,0.7142857142857143,True,1
-0.68635081115270047,-0.72497416144177595,0.057749712309444937,0.71670410030744136,-0.68772967934789164,-0.11559896516209464,0.1235224539609342,-0.037951987903662152,0.99161577739648188,-12.069181522039322,-0.14566339964481945,-2.2411675495465926,0.3524844972723431,0.3012986375835841,1.0,True,5
-0.89162790554355154,-0.44902080012285039,0.058137759787023888,0.439299273375514,-0.88902821348340555,-0.12901544110007962,0.1096167253103455,-0.089493891900721698,0.98993687518179507,-0.80359254248872136,-9.5378521173067483,-3.2782140818857526,0.2991328662366316,0.2796297195477918,0.9948453608247423,True,5
-0.95515435684520367,-0.29565385794144955,0.016399722069661921,0.27970873424632547,-0.91904522522807863,-0.27770289514477187,0.097176018574251982,-0.26066198470395902,0.96052701739422686,0.85666827924827127,7.9142899714951369,-1.0074889332792574,,0.2102724634243335,0.1515151515151515,False,1
-0.95262119607190665,-0.30276789302452695,0.029059589605132698,0.28798582975972836,-0.92858018814991328,-0.23410039733642601,0.097862243240847635,-0.21464025048662341,0.97177803238131966,-18.306003235387781,-5.9324241135741467,-3.2924928383107095,,0.1251030821595549,0.2083333333333333,False,1
-0.84899216087016072,-0.52596376884868545,0.050738788313299574,0.51585711007680224,-0.84580271229772552,-0.13604857166843243,0.11447162427529813,-0.089330206135984025,0.98940202218687501,3.6266505682017662,-10.649296855530036,-3.4592757744128626,0.2690775327330474,0.2686360137244463,0.9769736842105263,True,5
-0.99457741954673762,-0.097585771147286213,0.035955163709038132,0.075799604580555652,-0.91690727490402257,-0.39183602332290934,0.071205171674434228,-0.3869858737701799,0.91933223430332611,-6.9017457270149762,-9.1431766180501448,-3.4736498578566422,,0.2266550428120674,0.2592592592592592,False,8
-0.94071260397567313,-0.33400029105571699,0.059191234959278347,0.32419518021582239,-0.93662634114120558,-0.13277267115362262,0.099786180637093269,-0.10571141213290978,0.98937748887809629,-10.049485282129552,-9.6181073899256884,-3.440297954234369,0.3128951410537408,0.2791139096776147,0.975,True,5
-0.51234111105928815,-0.85822654086877692,0.030883498295164666,0.84968448048444134,-0.51180637347818769,-0.12684841225254054,0.12467104532496248,-0.038748427265104149,0.99144121855108569,14.685697003466137,1.3264293790999302,-2.0788402628952376,0.2585639865590312,0.2487109870405013,0.8461538461538461,True,5
-0.66175565194493124,-0.74815356844216108,0.04843237704469696,0.73957217434751399,-0.66202793240970714,-0.12145787599089013,0.122932729774578,-0.044556197510432993,0.99141428737616144,1.1267666847115985,-23.357071582133951,-4.8910084727282461,0.2802012165089027,0.2678378117410449,0.9452054794520548,True,5
0.27263160015610416,0.91688972128533353,0.2915222969133322,-0.95493667816527672,0.2948288557162515,-0.034232828275089361,-0.11733691359068646,-0.26905238307502238,0.95595128739421797,-4.6381048450995443,12.801467733262029,-0.12120089390976552,,0.4104502623345124,0.32,False,2
-0.96729811567480772,-0.24579335929625798,0.062609743154142861,0.23543638220501498,-0.96191566055524913,-0.13888114311444025,0.094361355152314391,-0.1195988566183647,0.98832790517590863,4.1101421477564646,-16.795513985569482,-4.2330720703487108,0.276655368848009,0.2241047743274275,1.0,True,5
-0.49027334287329011,0.86435988676517039,0.11186614956791696,-0.86977835272437298,-0.47699682779747887,-0.12633148223312732,-0.055836067196087337,-0.1592357134013741,0.98566034777586053,18.381699126046549,11.084964442831941,-0.83430173394767304,,0.1140048742759443,0.4090909090909091,False,3
0.70668130052065448,0.68247823531862617,0.18661457019967767,-0.68757336521789714,0.72463347637337316,-0.046359382674662539,-0.16686643442397986,-0.095549899191018708,0.98133878443033817,-3.9008678653808508,-9.003333836777319,-3.1911412027927533,,0.4082715689440827,0.56,False,7
0.033932245919554758,-0.99823749877401458,0.048687767747703253,0.99432706002538118,0.028805322377138076,-0.10239116711919558,0.10080823571582211,0.05188592722645112,0.99355198664574895,11.041984314083697,-16.75017096353168,-4.3446109074502779,0.3643652272773703,0.2807651959066814,0.9882352941176471,True,5
-0.97136686932723293,-0.2287860695644188,0.064057314544676558,0.21895154719203083,-0.96670170961804514,-0.13246895713247026,0.092231367525515043,-0.11465050804428753,0.98911507715207758,2.5143482390669032,-5.8807200084780673,-2.7953269013017414,0.2617272960481863,0.2261262397412417,1.0,True,5
-0.65611024826504882,-0.75310152290004528,0.048553458447465919,0.74419800900582278,-0.65634801342017868,-0.12400245429488668,0.12525440316949579,-0.045225893965942378,0.99109331195485151,3.6284177501346946,2.7307029405880221,-1.6871912948483117,0.3056148499628581,0.2778260667493207,0.9921259842519685,True,5
0.56013130972419445,0.82037951185633651,0.11502335585878541,-0.81883902809146147,0.56933962892975032,-0.07317809101338954,-0.12552116132703861,-0.053196272956779998,0.99066371418489862,-6.8549191493769648,-21.156015365235287,-4.7955113594911118,,0.1241659828657597,0.2222222222222222,False,1
-0.56579630011485649,0.81867583735533778,0.098206008506995568,-0.82331949892682177,-0.5544425369522159,-0.12140212479556431,-0.044939397673156287,-0.14954379475099516,0.98773331622875138,-8.0032435212958415,-4.284396851908661,-2.8804042415096434,0.3102865263232278,0.2794535248020645,0.987220447284345,True,5
-0.56749280995386675,-0.79780230334529179,-0.20362562566536221,0.80393481588207083,-0.48345395744581193,-0.34635398488055946,0.17787839234523195,-0.36025512599674248,0.91573769264443083,-10.739891134024178,6.9180803636591124,-1.0818327191992874,,0.4438963271278066,0.2959183673469388,False,4
0.11740730939616939,-0.99165956851072601,-0.053167883928868176,0.98905239481739593,0.12158218982059299,-0.083624944988943115,0.089391744620667388,-0.042767643137665984,0.9950779088564492,-7.5767105602020264,13.9324016380363,0.017029454716870972,0.1760923150080388,0.1735825505384141,0.25,True,5
-0.084471564453055911,-0.99545448046418894,0.043987863355995194,0.99035768537674018,-0.088739898330826877,-0.10638085099988988,0.10980077328543492,0.034577561626103571,0.99335199321182943,-6.2859643772691989,-16.003054337984377,-4.2352501946964756,0.2031584273494891,0.2644816700341265,0.9207920792079208,True,5
-0.74187033484885045,0.66291665863362881,0.10084597154709905,-0.67040689542444842,-0.73024897909749797,-0.1314953348769963,-0.013527780254204043,-0.16516032281721196,0.98617395368581273,22.699826465410286,10.123881736984446,-1.2491464917340769,0.2514401596534184,0.2204323228312411,0.9836065573770492,True,3
-0.99296141610644106,0.083349875501807807,0.084145257606856733,-0.10257906081397708,-0.96035799489217633,-0.25921045104162088,0.059204412051920036,-0.26601751803313856,0.96214838652521528,4.9787097571855972,2.7493088771895082,-1.7481156963287949,,0.1747035480306326,0.288659793814433,False,5
-0.82231492731200573,-0.56596823450632372,0.058975569939114111,0.55698433893655708,-0.8217836549704185,-0.12016684485690793,0.11647577644838836,-0.065966521457877236,0.99100040945879042,6.2755943175754734,-4.2120418553170751,-2.7310865864980589,0.2543598648474147,0.236837622043489,0.9977973568281938,True,5
-0.80858529376928734,-0.58575043748421141,0.055554006940028815,0.57633407816833371,-0.80750106673042688,-0.12562267936595706,0.11844345926177081,-0.069558983720868578,0.99052142568539514,-13.491520331234879,12.069736029793512,-0.22466275613493075,0.4332347276311208,0.3716036725753951,1.0,True,5
0.91753819007880066,0.3907179557062867,0.073913116803583437,-0.3841682860539874,0.91897365604992076,-0.088894023851911391,-0.10265669845295858,0.053168586354563653,0.99329487247634418,18.044676916145029,3.9936289773961966,-1.8130687580951388,0.268485814964071,0.2694827538779441,0.9819819819819819,True,5
-0.78379458573343563,-0.61948774482953051,0.043600245194006113,0.60952673575115224,-0.78083505666662523,-0.13701741745112378,0.11892521086590335,-0.080817994818316224,0.98960863270994648,17.4265643124794,-1.2601047370623011,-2.4770259923865794,0.2948854715210217,0.2656922601724499,0.9659090909090909,True,5
-0.69784139393047606,-0.71446253821884098,0.050603067091457815,0.7054851387986284,-0.69783750438279823,-0.12374787436990292,0.12372593847472525,-0.050656677335573039,0.99102259973719553,10.066538055262628,10.184206750196521,-0.74170709762524634,0.342957556573471,0.2985941449386887,0.9863013698630136,True,5
-0.89708436277281522,-0.43975453237249973,0.043076644789691837,0.42895213886376937,-0.89012235259043337,-0.15389041550099977,0.10601749210715472,-0.11957486640894491,0.98714849069964816,25.704859121453442,1.1818830971082044,-2.5475105192119156,0.2459291074478213,0.3187544759112196,0.9836065573770492,True,5
0.3234220832551144,-0.93104803129580094,-0.16896070396140883,0.94313289937968525,0.33166702749988108,-0.022300604858637427,0.076801628697507854,-0.15213989052712651,0.98537047019879986,-5.405036097858205,-11.161460992238119,-3.5994413671327585,,0.4100373284391696,0.3563218390804598,False,3
-0.3702108565063858,-0.92891056497399127,0.008311678802099598,0.9197251790787061,-0.3677783971301784,-0.13727580111949653,0.13057379788246579,-0.043176531635343345,0.99049799112491488,-9.5834066253789167,-15.141503042761901,-4.0757758267114221,0.2130453284649648,0.2497894891775356,0.8387096774193549,True,4
-0.83862897108169843,0.50620082920879783,0.20115210506176018,-0.54373214817251081,-0.80000089335820712,-0.25368074753472497,0.032508458993906607,-0.32211689048293601,0.94614159033383893,0.35340461841254972,7.5500471000593707,-1.0347052919476147,,0.660685513096209,0.3937007874015748,False,3
-0.012535067275206042,0.97135130039336171,0.23731734726423254,-0.99733798208349334,0.0049041847951776171,-0.07275230900198984,-0.071831898081787582,-0.2375975593216838,0.96870407154215465,0.25557732503668695,7.7511891806234843,-1.0226762460890104,0.4714784422833657,0.503781687580978,0.3763440860215054,True,4
0.15311529101265992,-0.9864987652711863,-0.058102442087522063,0.98390774118982383,0.15766454862948759,-0.084068108889156556,0.092093780923836674,-0.044295329594499222,0.9947646250703065,-16.612157358456191,2.9106347099334573,-1.8701040935437716,,0.160815299854673,0.4705882352941176,False,1
0.90003930939929799,0.3869503424688252,0.20049606978515597,-0.41869994429450963,0.89540258345423329,0.15147465197603091,-0.12091153040057762,-0.22028083440631871,0.96791360968293383,-4.4719155928576102,-5.6703416984003656,-2.8892062500200661,,0.3591539661081058,0.3178294573643411,False,6
-0.17083995381331457,-0.98395107593272457,-0.051516893849480661,0.98095258717204237,-0.16494816348277805,-0.10258715847578395,0.092443127930319433,-0.068061615720557661,0.99338909021790955,-1.6624070931211976,-8.5050334149322406,-3.215598486204768,,0.1425047177621915,0.3070866141732284,False,5
-0.9891628053047915,0.12250450422001928,0.080929543723929201,-0.13567486221962516,-0.97334279471762852,-0.18492197201242183,0.05611841376270172,-0.19389804129254246,0.97941527107742954,-5.4734223398153441,0.74718584470273952,-2.0525258138405063,,0.07150521772057038,0.1666666666666667,False,1
-0.81276084254019698,-0.57909533179701422,0.063784085195725232,0.57062526628233468,-0.81335454414322816,-0.11331897900076571,0.11750156728130921,-0.055704418249071373,0.99150915249127602,-1.7006769007004015,-12.809974114985348,-3.6058649168729491,,0.4721334452471485,0.7886178861788617,False,1
0.69733562898971457,0.64402188032491081,0.31457723726341802,-0.68689597051847795,0.72582804997294492,0.036709229874106075,-0.20468743543998197,-0.24168049059706492,0.94852179428717664,8.0541463610441077,12.777428185286619,-0.50269827549483814,,0.593281680372886,0.2692307692307692,False,2
-0.96468740244009665,-0.25565017999081824,0.063412940667023979,0.24589814022250303,-0.96039541546893581,-0.13105247262590147,0.094405085713067036,-0.11083154522477177,0.98934526247139654,23.224549506859695,-5.4346974127618592,-3.3312788333422931,,0.2876245757069595,0.9636363636363636,False,2
-0.97888538767913302,-0.19480610987804034,0.061919119361131564,0.18327615440019526,-0.97058069296639482,-0.15615047124215836,0.090516567635703649,-0.14150511649780464,0.98579057258040026,10.238274573491307,-11.012178133021655,-3.5929769393873618,0.2788088640035402,0.2609127637543303,0.9947916666666666,True,5
-0.99713756552287014,-0.011854042494785184,0.074673670725743074,0.00072235874175785543,-0.98908183230179791,-0.14736555638400295,0.075605248633762709,-0.14688979095583996,0.98625921323553545,16.944406701316254,-9.4166962145175113,-3.6179108118256349,0.2677343289358886,0.3011419382328849,0.9333333333333333,True,4
-0.89716645691568653,-0.43969921140520124,0.041916012155227785,0.43007731921317743,-0.89125099654899176,-0.14389287907618978,0.10062727306133104,-0.11106873835635521,0.98870515689773109,22.33318487250153,4.4609917475556307,-1.9344790739310842,0.3150267812807239,0.2766899341882912,0.96875,True,5
-0.95545488116240374,0.22351777308406892,0.19273239265488185,-0.2927732698676026,-0.80028978382170746,-0.52327819977678836,0.03727978693566758,-0.55639560298958446,0.83008080959620301,-2.4933680874338724,-0.10841911794266418,-1.9674410270098563,,0.2472760585789993,0.453416149068323,False,1
-0.96204209949045638,-0.26538404623350526,0.063610587269169613,0.25572620011898611,-0.95804916096674919,-0.12940601123445772,0.095284360630168888,-0.10822713696500132,0.98954927994701714,1.3796546898856203,7.634686134999618,-1.0414473649465845,,0.2609142807725842,0.9832635983263598,False,5
-0.65993416002738958,-0.75130482243210395,0.005288498766929918,0.73965556247800035,-0.65090513753200141,-0.17097412327541905,0.13189599434514976,-0.10891999690006533,0.98526132622314644,-0.98162867216854743,-20.476516909286499,-4.6113656227845743,0.2393521779240989,0.2705861126620527,0.5370370370370371,True,5
-0.65503243817826784,-0.75382232590471121,0.051811252656589687,0.74515221442553292,-0.65581791155669078,-0.1210414979176354,0.12522253100364289,-0.04067883785251989,0.99129438103926026,2.0290094726118975,-19.41693441809181,-4.4775297472137607,0.2318038662417467,0.2430511418990151,0.9452054794520548,True,5
-0.97058953221675304,0.22674653431361699,0.080882440171090017,-0.23619709857955726,-0.96188223075663326,-0.137816924857737,0.046549871899555915,-0.15286786232366834,0.9871496979155332,18.803720008351178,-5.1697960844481994,-3.0725994207571645,0.254126174342639,0.2247959952632588,0.9107142857142857,True,5
-0.95085631171093898,-0.30424898143037554,0.057487666312429991,0.29461871593379291,-0.94613262007766263,-0.13428654976020768,0.095247502334672385,-0.11075027098638003,0.98927361774963485,-11.334772760808393,-18.956823318011825,-4.4523113833288459,,0.2442488091382112,0.847457627118644,False,2
-0.30517609243442995,-0.95127306925258359,0.044125959720129171,0.94469304763793083,-0.30825795541086287,-0.11194676712828078,0.12009412288289294,0.0075220104150815759,0.99273401322222521,6.6701540243884221,2.9227971141981053,-1.7940178541663923,0.2652819370431499,0.2341067575556919,0.847972972972973,True,5
-0.99341632799399715,-0.092595815392191208,0.067453793420213834,0.082294756639273575,-0.98642414631634356,-0.14210903065517766,0.079696752158443546,-0.13562233789434072,0.98755000337171173,12.86470106730566,-1.8569489873282345,-2.4753894116330315,0.2899363809508367,0.253638984063791,0.9444444444444444,True,5
-0.7293846578785812,-0.68378121739070552,-0.021006370344019809,0.67132898945849151,-0.70952034538457776,-0.21423880927131433,0.13158802667410918,-0.17036468597991389,0.97655540805782226,-9.8549007938456477,10.926374375586756,-0.47918556582360899,,0.2270892203689413,0.2631578947368421,False,5
0.50772414446403269,0.82782428526195295,0.23858572014855123,-0.85312145945465512,0.52168444787327906,0.0053955782925574625,-0.11999986894253431,-0.2062820631506494,0.97110645239133608,-6.7286127263730844,-10.402407851433836,-3.6252978651824876,,0.2276031481303007,0.1621621621621622,False,5
-0.11758939300493018,-0.99234988625271192,0.037609013639862007,0.98550828757618181,-0.12127353596758682,-0.11860077821237673,0.12225444683689433,0.023117801109743916,0.99222951855931851,2.4727418122049341,12.896874339028695,-0.39324636471714003,0.326087779680552,0.2495992384578108,0.7333333333333333,True,2
-0.99616006482927089,-0.052838707755212343,0.06980828175869469,0.044724157679714618,-0.99257843312893101,-0.11308317207770176,0.075265363608914199,-0.10952682342729718,0.99113016299108903,-16.81305859099567,2.9895921310714946,-1.8432037335466742,0.5119543320750917,0.2438650966100308,0.9431818181818182,True,5
0.96979102257977667,-0.24319511620675416,0.019013363112726507,0.23712781174010367,0.95813940952733956,0.16043463718895842,-0.057234372740713774,-0.15107947366795449,0.9868633234714892,-5.3826687028311317,1.1531200894772118,-1.9757075709467538,,0.7914037716340673,0.5029411764705882,False,5
-0.62501924425124555,-0.77923839586367261,0.046243558766730766,0.77047837537191466,-0.6253373416767275,-0.12375896811519779,0.12535556389668906,-0.041722074690668548,0.99123420596933065,-2.3985311448964701,-4.614073076208383,-2.7423799583500013,0.3072813521082804,0.2729064475205067,0.9610231425091352,True,5
0.98791629453076424,-0.14383954070203492,0.057719853873980362,0.14572120634848268,0.98887637524997418,-0.029813495145943836,-0.052789440430344899,0.037864244388366337,0.99788755577767929,-9.9446576241317519,8.8576652380342686,-0.79072023971014693,,0.324924256133219,0.1851851851851852,False,2
-0.82644794167807178,-0.56087382478394976,0.0490341959075795,0.55076219107756874,-0.82346225301450848,-0.13627518754236295,0.11681099509684531,-0.085618167070393797,0.98945678070949228,11.8592825952067,-7.9389959898174194,-3.2212513515517354,0.2801084513298846,0.2591073990764564,0.9772727272727273,True,5
-0.84192354304983807,-0.53777005239146558,0.044363480581314854,0.52719357945426981,-0.83731263307140891,-0.1448257031097005,0.11502902868668746,-0.098544026962089581,0.98846213751943646,5.9091421053255466,-32.967157323530685,-6.3292527327294241,,0.3348535464766361,0.9090909090909091,False,1
-0.78060083489218357,-0.62383767798244794,0.038586112723290628,0.61428739240677721,-0.77711773813525176,-0.13689054242581242,0.11538343076763199,-0.083153909138528825,0.98983437569083932,21.855598013743588,-9.389496785762713,-3.8098872483228559,0.3001597884646454,0.2575311172027223,0.9565217391304348,True,3
-0.90091804001150599,-0.43010097584806478,0.057964090231532407,0.42040388154058,-0.89805340240846021,-0.12946297852360011,0.10773700184913612,-0.092267204342228834,0.98988863082441181,-6.4751454666057278,-7.3426931462832918,-3.2516621230257763,,0.2448292842032543,0.8421052631578947,False,5
-0.3770328638260047,0.88109093976653452,0.28552578772588477,-0.92610764907778909,-0.35428398323984478,-0.12964367142024547,-0.013070650893227013,-0.3133075407343956,0.94956176365952782,-6.332262228133108,-10.175702064095365,-3.5756411232218084,,0.2419683060546383,0.25,False,4
0.37219080322328674,-0.92804876176540585,-0.014124509963210921,0.92669124356892396,0.37241498872441992,-0.050501636271218078,0.052128160227318032,0.0057071848652653218,0.99862409491871784,-2.3134118183256649,-7.0160147904369223,-3.0329168094238255,0.2117189361587203,0.168151965125689,0.1555555555555556,True,6
-0.61138337442108248,0.76456967138281884,0.20406760419787168,-0.79047866844299486,-0.57807547622017885,-0.2024159542363288,-0.036794622135313995,-0.28506483717635578,0.95780175108815591,-5.498836779019018,1.6087070262791039,-1.929708587183008,,0.2862595022470222,0.1636363636363636,False,5
-0.96890991808074611,-0.23946533041912713,0.062208730673604787,0.22958455618507093,-0.96392295074677448,-0.13469772301318281,0.092219857981168343,-0.11622779594782978,0.9889320488501947,-2.6971759415777243,8.4291001733634641,-0.80757297738736811,0.3067245104800826,0.2909355018164413,1.0,True,5
-0.99741287640381349,0.011754427288043429,0.070918174137530432,-0.020793826876574644,-0.9915425197569383,-0.12810561376414625,0.068812576958707405,-0.12924884894339167,0.98922169623351386,-7.0515744748239113,11.900787491116848,-0.2038740701993666,0.3603025231792337,0.2863894925682139,0.9819819819819819,True,5
-0.81847906007269822,-0.57225965196596418,0.051097152115418501,0.56244110743022591,-0.81622604257879805,-0.13204184218956805,0.11726904491456186,-0.079334344063258511,0.98992627652612553,-11.399937288424047,-7.0120955007779378,-3.2036752745007537,0.3933082531949141,0.3168868500005648,1.0,True,5
-0.93250079006701625,-0.35535685928294297,0.064527351448466247,0.34632458300218211,-0.93048318767570426,-0.11941658453173599,0.10247711809353308,-0.089008651340323097,0.99074512375980006,-10.557268500412487,6.0176513457267173,-1.2734303435343726,0.464795391307614,0.3002114096790399,0.9487179487179487,True,5
-0.42877463931553927,-0.90317606872278666,0.020622743907665664,0.89275565985297778,-0.42710255204907788,-0.143425039074907,0.13834608950130514,-0.043085948052893362,0.98944628990161987,20.804773599681603,6.8315592356829438,-1.5463745964718292,0.2853762736915199,0.2499914217332734,0.9571428571428572,True,5
0.082770375937476104,0.95376378783240767,0.28893546318641383,-0.99018242205471585,0.11147785762192583,-0.084329462905217062,-0.11264029439337254,-0.27911883540815413,0.95362720168804482,-5.6195376141951394,12.468663958168978,-0.122936606049937,,0.2570487986799818,0.3877551020408163,False,5
-0.99152395097668922,-0.096618350481116388,0.086862817073159682,0.083315249051306786,-0.98583956544558071,-0.14552979240550135,0.09969365032486148,-0.13705927751297164,0.98553332289300477,-1.4897409666931518,-13.065246342144825,-3.6355224413492326,0.3171290180009765,0.2575254523759908,0.2692307692307692,True,5
0.67168533109331074,0.71581420016254094,0.19091581086890586,-0.73717952916671459,0.67136906889659398,0.076353880755743175,-0.073519778098217164,-0.19202500924250193,0.97863233037428643,-9.6094889921606992,-7.6899863095107435,-3.2237165054763253,,0.2522266043981475,0.1929824561403509,False,6
-0.20727859369475349,-0.97594352236200033,-0.067600486356073922,0.97500194315207511,-0.20043599501265499,-0.095899023733115957,0.08004246026705511,-0.085788420331297452,0.99309292188166276,7.7465288585251226,-23.351778429274837,-5.1609149601893085,,0.1992140821288015,0.95,False,2
-0.89534747853727259,-0.43488628819121433,-0.096056280482935935,0.43186195059348687,-0.79504922397674493,-0.42590138187562154,0.10884919984334714,-0.42281278102399361,0.89965615870521309,-1.7635840040069015,-8.0333338365536875,-3.1486886346372391,,0.7070236870757545,0.2,False,1
0.99628805312509339,-0.0041707314631609024,0.085980929276629398,0.0028976837013757243,0.99988440744217677,0.014925655200797916,-0.086033241420844578,-0.014621106424225361,0.9961849751012879,4.834159810054703,10.996389349546547,-0.65534827615509983,,0.4628972752810023,0.4534883720930232,False,4
0.85844000135665888,-0.51251446072162177,-0.020240840447116423,0.51286135565882496,0.85711795251435552,0.048187605765300651,-0.0073480570610670246,-0.051746913229920963,0.99863319743968215,-3.6604500397587207,21.6457516329626,0.97147739988070214,,0.2515389895940158,0.2666666666666667,False,1
-0.56018642913016636,0.82314046013767206,0.092902892865265069,-0.82671225945582716,-0.54845621174142545,-0.12546961332404608,-0.052325946564148261,-0.14709033512296601,0.98773803643961178,-6.578467994627343,16.419879271129442,0.44441104987992125,,0.1122245244156155,0.7272727272727273,False,2
-0.82295509743009232,0.5174680948959518,0.23446039831618107,-0.56721339878437371,-0.77155377890888077,-0.28805160386796208,0.031841291640053233,-0.37004261513531211,0.92846895216292136,-9.793113400840264,5.6235924990439896,-1.3364617534400682,,0.512029719968921,0.2790697674418605,False,2
0.81113040951799364,0.5802649402004848,0.073212416496795205,-0.57552522132759587,0.8141805146301313,-0.076686434344262366,-0.10410657217963801,0.020067106685890075,0.99436368239103734,6.027981664674825,21.005193044783116,0.54647926409242142,,0.2192223938171174,0.9166666666666666,True,4
-0.99485090394690956,0.067193415316841268,0.075873077267727088,-0.078914867403069688,-0.98331386295228751,-0.16390939762138312,0.063593416473499254,-0.16905292622107207,0.98355324488169937,16.468280385449283,-16.409680281873783,-4.5834343049531094,0.2055905951864405,0.2125635421043023,0.4838709677419355,True,4
-0.86251566964495674,0.49590843798455703,0.1007052171072963,-0.50588146510966281,-0.84984169674638466,-0.14782771637864719,0.012274480657518683,-0.17844862455883945,0.98387266732928691,-16.250660345002444,-8.8400172529779013,-3.6966154411348278,0.2566287263671267,0.1704335920645655,0.8444444444444444,True,3
-0.96317131964189007,0.24272119410121729,0.11570406627850396,-0.26402297253310203,-0.93519484826794341,-0.23601369822085344,0.050920320050899665,-0.25787015668195973,0.96483682729191911,8.1595780979425712,11.590610719904223,-0.64767552100745074,,0.1299650152762238,0.1333333333333333,False,4
0.87075057826466995,-0.48956627132719649,0.046024954432678636,0.49140454610524387,0.86974143461806008,-0.045512734213834991,-0.017748310309535803,0.062247111477607961,0.99790294848439665,1.0343999219738831,12.988901786105766,-0.37716509093253509,,0.2807620764874037,0.2173913043478261,False,2
0.87214544836622643,-0.48584545815264357,-0.057589128197273992,0.4823389480034006,0.83414370675074756,0.267494702241177,-0.081923477300751502,-0.26107176653282765,0.96183682430357309,2.8138255781680859,9.4922372705131117,-0.75671154454591072,,0.500975758558317,0.267515923566879,False,4
-0.91990780591150345,-0.38761854013714897,0.059342193800276916,0.37761915231541598,-0.91644652435632012,-0.13239918353149963,0.10570432549177322,-0.099386293507538567,0.98941849600417475,-0.40078007102729318,18.53774264916267,0.44010865263984006,,0.2515066376649691,0.9629629629629629,False,4
-0.68528884903089737,0.69447592267519187,0.21927696235206529,-0.72816345168888597,-0.658574466403959,-0.18988854579797204,0.012537185427195369,-0.28979797277617686,0.95700572305309806,-7.0395227511560421,17.115498462866334,0.45847709632237515,,0.1914486792077969,0.2083333333333333,False,3
0.7201204469198037,0.64913336196498406,0.24505595343116873,-0.68291938562189225,0.72554013777515614,0.084927152425030239,-0.12266888223929992,-0.22851124012013985,0.96578204501270193,-10.94385568115187,8.7647223952950313,-0.777690341564657,,0.09127293273516927,0.4210526315789473,False,1
-0.80489021318517895,-0.59103920297238655,0.053145134005693331,0.58187707443471937,-0.80363825726099858,-0.12483838237415967,0.11649384089302298,-0.069557257107156309,0.99075273051237167,10.649337088636123,19.333155647063567,0.27655835047959698,,0.3457690726915636,0.9166666666666666,True,4
-0.86143413242448807,0.50146166960415228,0.080420329593246478,-0.50780486925946378,-0.85298016595045278,-0.12066089362969946,0.0080901329067593689,-0.14477924717636509,0.98943090680279266,-9.5323140247352889,13.833625417616568,-0.067853148012057732,,0.09202719234223379,0.2592592592592592,False,1
0.93871789206018941,-0.33956389394471859,0.059203725010981985,0.34269785841478795,0.93785548277548836,-0.05463763598358494,-0.03697156967176158,0.071578316249104296,0.99674954109793845,-3.9818892140955975,-3.0458987533894293,-2.4822501893606099,,0.2195762296259362,0.474025974025974,False,2
-0.99305898001501236,0.089276483189747,0.076573962681933699,-0.10115778171639073,-0.98044784074468683,-0.16878724708134862,0.060008044542064425,-0.17536174362828399,0.98267354368675552,-3.5799889363365804,7.670054752737884,-0.89736642529032995,,0.07658080379610085,0.1509433962264151,False,1
0.61806289591744434,-0.78530024854093228,-0.036080137634065743,0.78519786235215561,0.61891331962490315,-0.020263754550628094,0.038243609240603715,-0.01580577212391851,0.99914343510820292,-6.1453110595663798,22.597967763856659,1.1298096461812865,,0.1681341006415304,0.5,False,1
0.96596445297646694,-0.24994584736910555,0.066631441293242957,0.25524991776512485,0.96278774060861494,-0.088810168419248298,-0.041954202015674943,0.10279513566651909,0.99381739017614801,-17.351443941331635,-15.055652551092443,-4.2824900962923174,,0.1969937161944339,0.8846153846153846,False,1
0.96204754238307333,-0.27010532530031245,0.03882833294259018,0.26991336294219653,0.96283055200722933,0.010203167483062825,-0.040141035112740857,0.00066435372037030455,0.99919380299029648,-15.053043887909478,15.34434512187657,0.28759430808347097,,0.1275771681889617,0.1333333333333333,False,1
-0.99538872790165267,-0.06923241462466076,0.066393923905494132,0.057499838743092446,-0.98466401798835201,-0.16471350953565511,0.076779221869252248,-0.16013633080682543,0.98410431695266898,0.61784379160286995,-34.398608858994187,-6.1599373814951219,0.3536727711013622,0.300586234594899,0.9428571428571428,True,1
0.3331545537135015,0.93713495329479979,0.10385625957597605,-0.93506236090802219,0.34253240167858928,-0.091268477654742886,-0.12110501456617895,-0.066705570333011957,0.99039585133090824,6.3726725260645836,14.769746879712594,-0.24768763556734769,0.2908444078501208,0.2720661211505001,0.8536585365853658,True,3
-0.99143600497918316,-0.12548344263814357,0.036173936122543562,0.10229100316805599,-0.91838457001708818,-0.3822385802419761,0.08118619772960721,-0.37526482272950751,0.92335535636070343,-15.998682218744923,12.460850389251815,-0.15341692127563974,,0.306811390563523,0.3529411764705883,False,1
-0.53105603124151401,-0.84724837995728042,0.012234146548750248,0.8379972755264723,-0.52728572131624774,-0.14046470840112946,0.12545938742167517,-0.064342449096756071,0.99001009659094374,-14.150461434413472,15.074445560352489,0.21462051219804057,,0.06871841404342569,0.25,False,1
0.055177060114456181,0.98504566504809055,0.16321926910475665,-0.992638628892202,0.071767779744994292,-0.097559921184283249,-0.10781486200026071,-0.1566346818569862,0.98175431344681463,-15.230134990468191,4.8372164265237974,-1.4399590603900196,,0.2196363331530952,0.4242424242424243,False,1
0.19275280639398693,-0.95456726398817315,-0.22726129047722982,0.97724114209368673,0.20765348145778301,-0.043356450937424088,0.088578246915759634,-0.21373200546618135,0.97286819457351736,-11.720406440207624,-12.4243838950038,-3.7521043898669357,,0.1184753562836238,0.3333333333333333,False,1
-0.75354857298268119,-0.65644417459035254,0.035292971002111644,0.64612423120043339,-0.74946169690028164,-0.14432824649041953,0.12119416657337137,-0.085954700428429703,0.98890027983758055,-17.621325863231988,11.976988053317321,-0.10762996773323563,,0.08708462223081448,0.4583333333333333,False,1
-0.62489093153077269,-0.77951730849457745,0.043175102176753466,0.77062740376798045,-0.62473515162126092,-0.12585465780249133,0.12507888811636164,-0.045373517453796655,0.99110873049400838,13.47187137094164,14.004076588354231,-0.30006449866790247,0.3166403980353317,0.290621940896952,0.9672131147540983,True,1
-0.96149467190223559,-0.26829832767718609,0.059531531722600811,0.25776011097712292,-0.95552412749753202,-0.14329468573238446,0.09532953945485638,-0.1224322226201372,0.98788796417995695,-9.5051793258681023,11.819731460272731,-0.38871477624026868,,0.07070546151733989,0.2592592592592592,False,1
-0.30238053962220618,0.93484683279307679,0.18608441222879429,-0.94999599919946465,-0.27960786081961003,-0.1390217453238578,-0.077933373870206546,-0.21881691750098764,0.97264872685495873,6.046008258867956,-27.097697952903502,-5.6525194050350311,,0.1701006488175775,0.28,False,1
-0.91135387395090506,-0.4096362455634398,0.040401271704821884,0.3976332195713233,-0.90149930364299236,-0.17084152956627288,0.10640460106603167,-0.13963220205915677,0.98446986191558439,-3.2738909689539382,-24.033417336111338,-4.9565555221872888,,0.2269622879136458,0.75,False,1
