axis_00,axis_01,axis_02,axis_10,axis_11,axis_12,axis_20,axis_21,axis_22,location_x,location_y,location_z,dbh,dbh_approximation,score,reconstructed,number_clusters
-0.91875883394237634,0.37162197838740352,0.13333907991387164,-0.39428233918826461,-0.84599613622479719,-0.35893171286046138,-0.020582566824279201,-0.38234492630626959,0.92379040657000655,-8.7202661563151747,6.9216599257102036,-1.0356371576978627,,0.2407319335110032,0.2777777777777778,False,1
0.59856449010706669,0.79944762211612475,0.051029899821008667,-0.7940120964170081,0.60052254233344715,-0.094432340291034284,-0.1061383150720613,0.01600548787909092,0.9942225517616351,-10.859613918185799,11.159792699655204,-0.62526879575029726,0.2620601104625717,0.2270723346854922,0.5208333333333334,True,5
0.8766966843622338,0.46307234804969782,0.1302571460611878,-0.46498342719723573,0.88515233006398697,-0.017197820042323536,-0.12326125125188038,-0.045490142383098585,0.99133108035902251,-10.56009780440162,1.0225537935991806,-1.2487112592594105,,0.1637634983771891,0.4328358208955224,False,4
-0.14686789581393886,0.98190535617106911,0.11954786782603334,-0.98352339479672191,-0.13208159749488713,-0.12343493626493662,-0.10541135169760577,-0.13570675416412908,0.98512543557027266,-10.370495416443784,5.2604670776429066,-0.96403438530930774,,0.2347241078315813,0.3888888888888889,False,5
-0.60351233653934011,-0.79735075908666875,-0.0021509599577198835,0.7896226906566769,-0.59728389386501546,-0.14052742269590951,0.11076491341998193,-0.086508480008369401,0.99007445015094964,14.620997123842697,-17.211645817611732,-3.8122961396912634,0.1994323201572156,0.207640769509776,1.0,True,4
-0.94669209005782096,0.32024066483332159,0.03492854433076583,-0.32194023249050885,-0.93671112019211455,-0.1375745761846654,-0.011339017854788101,-0.14148566674948165,0.98987536224443051,-9.6819684709706806,-29.088853062248205,-3.8690565183868553,,0.3001877916848554,0.926829268292683,False,1
0.99841973846092757,-0.049406258272445221,0.026777742532373725,0.051791480322976424,0.99391127214547448,-0.097252381297940976,-0.021809823877519147,0.098485556025651788,0.99489945564200133,6.1866523580545563,-10.424674010317929,-2.9083292671501906,0.3283152957425155,0.2439488092003884,0.9751243781094527,True,5
0.92421118254991441,-0.38170779427325041,0.011526050526474162,0.3814322444480836,0.92123864444039061,-0.076346597074978151,0.018523848006997995,0.074956786088262423,0.99701471768190686,-9.6381491955737779,-11.153899882004959,-2.3325312872695885,0.3358648279194175,0.2290857683989272,0.8981481481481481,True,5
0.99849671298586307,0.04534921784511791,0.030785753154057616,-0.042598880112223965,0.99548922165228948,-0.084773492244350795,-0.03449129701259282,0.083334614746542662,0.99592454152683352,11.408412386957156,9.2341978094660941,-1.5417745822122511,0.206167477245201,0.2108086529515517,0.9595959595959596,True,5
0.98934635984249075,0.13819825861124055,0.045771405738008954,-0.13899900458379019,0.99018215166807022,0.01478456095749979,-0.043278828439875773,-0.02098923140115579,0.99884252771598614,4.3926203723755508,4.3687669109785681,-1.6572096114753418,,0.1398399267182517,0.2549019607843137,False,4
0.92012737755672436,-0.39151926193440573,0.0088474066778626535,0.39110075350105761,0.91751258261388613,-0.072186296179413509,0.020144718451501287,0.06988081481733914,0.99735192486853619,-12.12524379042646,0.65274915847671344,-1.2352132028683682,0.2828454118216042,0.2364615578172196,0.8676470588235294,True,5
-0.96672439774407071,0.21893760254910971,0.13232635790503755,-0.25484452014791642,-0.86932479437462506,-0.42347216252794467,0.022320603865984612,-0.4431035184644373,0.89619253654976061,-8.0189050225834375,-9.2138410422605368,-2.2315451567623223,,0.3828684318663299,0.2975206611570248,False,4
0.99080264591740141,0.1315929172169851,0.031518581525830203,-0.12820884856159726,0.98743925585578429,-0.092337463391001698,-0.043273640863534135,0.087447241999384154,0.99522880377987211,22.324329604478915,1.8882749798008389,-2.7521764247477041,0.2941494569998616,0.256182836743916,0.975,True,2
0.96310353954875638,0.26724881299698278,0.031774896701032472,-0.26284516340478625,0.95939819005719174,-0.1023109622166503,-0.057827261593203727,0.090184171929941923,0.99424485060267853,-9.944260266860697,17.198723769681163,-0.0937177123705044,0.2024370649934648,0.2408427715558593,0.8888888888888888,True,5
0.91016077416120222,0.401851272425922,0.10061272299241594,-0.40957940826925232,0.90933103965214557,0.073224098812872632,-0.06206507472073261,-0.10785460201037242,0.99222744939106289,-5.8781888354918186,-14.821223659022644,-2.7848822816292103,,0.2559273989708722,0.2592592592592592,False,3
0.36298827421187696,0.9299813988579605,0.058087094632762452,-0.92490045596708614,0.36717088968830086,-0.098715167615612887,-0.11313115988338557,-0.017892331980317797,0.99341894743343151,-8.5414981791004028,-11.961575584033502,-2.4461207486007814,0.3744225613447191,0.2547986333176391,0.9035087719298246,True,5
0.81942772026479072,-0.57293425763648009,0.01686854137688127,0.57168158297817562,0.81479956146953803,-0.096342318389252612,0.041453334548810242,0.088589000759598246,0.99520531047578353,-9.6859007846119702,-13.959323358458166,-2.5234470804396429,0.2565777668538026,0.234532518039896,0.7875,True,5
0.99623829048815138,0.081335631625509441,0.02989621369547249,-0.078534955092451619,0.99326145277700706,-0.085228793584889342,-0.036626894406604014,0.082560289821369426,0.99591278189946875,-13.17908764825596,-2.230259103693299,-1.422622030447614,0.2418438597541331,0.2245038667982299,0.9487179487179487,True,5
-0.55129493026348841,0.83364079570775163,0.033420406902401154,-0.83028746366766104,-0.54426726435969186,-0.1199828013622769,-0.081832924560336001,-0.093894454991570314,0.99221328542795573,7.870210026294548,-26.14771004249711,-4.4076040411018704,,0.2675088977698652,0.9183673469387755,False,1
0.0052504685828953937,0.99926508905634037,0.037969914048971015,-0.9931945090787353,0.009628932791947712,-0.11606873303840161,-0.11634904260676845,-0.037102094907354929,0.99251515597394058,-11.979294295231435,-1.3735169872290507,-1.4072501305787948,0.1610100724948084,0.1209538277632436,0.803030303030303,True,5
0.16314794276496994,-0.98654933567210357,0.01015662623563833,0.9810029944956703,0.16111838437945189,-0.10804624475419976,0.10495653177428924,0.027591203306262573,0.99409398546517036,5.4580379056024961,17.036565249739159,-0.67614291475649368,,0.09172306742859451,0.4333333333333333,False,5
0.24645176453350645,0.967144419575933,0.062395508183302348,-0.96177055072548756,0.25199902163251003,-0.10720961175869244,-0.11941078475377723,-0.033588164275369467,0.9922766245886766,-8.3734532802248385,15.970935839226179,-0.29436541923294446,0.4976511430681785,0.2186199108347752,0.9444444444444444,True,4
0.95303900228568117,0.30053144946433424,0.037383258354245594,-0.29649949723610403,0.95106751636788744,-0.086940367198190191,-0.061682317247744978,0.071773443505832729,0.99551186057538466,5.2460255691620414,0.22780691630004016,-2.0167344077152629,,0.2094253286608338,0.964,False,5
0.96538147985063416,0.25809976685559732,0.037724113117277594,-0.25479369819038583,0.96404606553789185,-0.075467575046350571,-0.05584594635123824,0.063243132986881126,0.99643441149236589,-10.578648117566436,13.096277400583309,-0.47495603459043728,0.2868233925201087,0.2579290048359582,0.8857142857142857,True,5
0.99909787944330419,-0.037392183862524776,0.020130868781138948,0.038748549976177465,0.99666330472769626,-0.071838756141865884,-0.01737749022833783,0.072553990898212725,0.99721308717751256,17.153164152571517,-9.8292313825592519,-3.3305239703279197,0.281437040147097,0.2648073444798292,0.921875,True,5
0.94263946488864536,0.28538309369353115,0.17316849906480369,-0.31762113032761835,0.92639564072625602,0.20225709978340684,-0.10270178578707312,-0.24565749871986003,0.96390079184470401,-15.536659660867132,-0.82145651207873704,-1.2095158281639258,,0.3077105634296913,0.1515151515151515,False,2
0.58432023470759231,0.809511488224121,0.057105286484112304,-0.80359814410592645,0.58698984725778536,-0.098351115935670863,-0.11313658162050919,0.011578844910014912,0.99351197488997323,-9.1992337485390436,6.6667727381059176,-0.98144223487358906,,0.1844399838517526,0.4347826086956522,False,5
0.70053963562563515,0.7107627108068445,0.06372274196868466,-0.70621334899525023,0.7033319724509226,-0.081159363164128112,-0.10250329076870904,0.011853499685741932,0.99466203804447306,-9.1466471705587082,3.4327022432548668,-1.1807854028724023,,0.2526908622277224,0.9385474860335196,False,5
0.9992661582784963,0.028523295144620469,0.025564947749348737,-0.026381335454744675,0.99640307263007488,-0.080529137540199913,-0.027769948846879285,0.079795604436817685,0.99642435310142996,6.4408744144972276,-17.494634121368854,-3.4798718570752873,0.2933650087102234,0.2807163827508499,0.8229166666666666,True,5
0.92131045898649533,-0.38867604260583111,0.010861494665193025,0.38838054744715161,0.91855227361004443,-0.07363607139484725,0.018643726203273252,0.07206007597891112,0.99722603100960472,16.048326455343815,-0.32626114611101581,-2.5907274713921655,0.2786900054099749,0.2617764584477012,0.9193548387096774,True,5
-0.47078887107771189,0.86931266768185445,0.15051021452788699,-0.87625544375369346,-0.4408908689502849,-0.19440071750968324,-0.10263642706851547,-0.22340708915367824,0.96930647184184682,-9.3515581695852568,5.4587367800690387,-1.0418119787396181,,0.3757726571634422,0.2692307692307692,False,2
0.20183378704791119,-0.94715070909969612,-0.24933643267248767,0.97188724953488403,0.22519521829037448,-0.068718904609064435,0.12123653161245387,-0.22845710299987204,0.96597570129454557,-5.5561430824419169,-14.813109402858375,-2.8133422445622567,,0.4619730346139684,0.234375,False,4
-0.44355601718407539,-0.84718599338420675,-0.29246188167591103,0.89074480703579051,-0.38060001186769227,-0.24842970777482309,0.099155173130662425,-0.37070139408953789,0.92344394960468523,-13.185289597653776,14.641517110721548,-0.15761576709379624,,0.4698508710961426,0.2786885245901639,False,5
0.41895686932849296,0.90498707495710307,0.073983348147101349,-0.89984076272525104,0.42471134240873643,-0.099533297782237726,-0.12149791512822992,-0.024873073592868507,0.99227999416975921,25.116728388232975,-2.1241890510390129,-3.2477164615895848,,0.1974720127806056,0.7948717948717948,False,3
0.51715714432534399,0.85374554525400981,0.060556023913293996,-0.8483043987909501,0.52068800729254416,-0.096247836617984611,-0.1137019571739129,-0.0015946851260880898,0.9935136244230216,-11.393451288352285,-0.30528071853900318,-1.3119963875789338,0.2315414527835639,0.2091335483328344,0.9448275862068966,True,5
0.80220454203660729,-0.59698394181078052,0.008834362223677391,0.59514738065049733,0.79838142609754126,-0.091578893678114809,0.047617938223829551,0.078722752000410581,0.99575863555220667,10.397950731629757,-9.0267614721591851,-2.9752807652413602,0.2558618245665286,0.2449471681889119,0.9819819819819819,True,5
-0.99087288150823816,-0.13471934456502122,0.0046509022277179436,0.13077068782514334,-0.96905746248288804,-0.20934818272907124,0.032710241474187177,-0.20682923537594189,0.97783010154960115,-8.6710098021962807,-23.164382867195929,-3.2539781164768264,,0.1144852043262014,0.2608695652173913,False,3
0.67965777711004394,0.73233170192186636,0.041899694200048285,-0.72609313716664203,0.67978207528023116,-0.10336869103943894,-0.10418283051126374,0.039832254366603932,0.99376019709924823,-8.9404776332684808,-7.536276610532699,-2.0480483134022416,0.2873183649187108,0.201377590657036,0.9854014598540146,True,5
0.82995611120708257,-0.55627467523784635,-0.041609363838502736,0.55722720124628067,0.83021456555485307,0.015544173564493488,0.025897869820767049,-0.036086851200881981,0.99901303270235231,-5.8178333178143342,-10.911964458379581,-2.4771909661444371,0.4697828820377605,0.4749575246407777,0.5818181818181818,True,3
0.51413279851400939,-0.85750393208066011,-0.018827425696576638,0.8534289362677685,0.51363358128796355,-0.088541486966088725,0.085595071312655299,0.029454212593577039,0.99589453915937998,30.192006044705355,-1.3981252047324439,-3.503410693323405,0.305159177390879,0.2973363346610866,0.7948717948717948,True,2
0.96675820127518919,0.25288860765993099,0.037761519871197552,-0.24993566928716435,0.96579167878515437,-0.069127378131469297,-0.053951288076731663,0.057391508998940792,0.99689290959946486,-18.474732205321438,8.0629316442500318,-0.55173450380968181,0.2697206476272261,0.2530785377476703,0.9523809523809523,True,2
0.22732870055558244,0.95520627436273431,0.18947990743552429,-0.96646646854780383,0.24516394305215877,-0.076401611238601896,-0.11943293966258614,-0.16575769799675183,0.97890763531518665,-16.810405351129504,-18.978470652869618,-2.6585509867872505,,0.3967630510057674,0.4482758620689655,False,1
0.5851789282729617,-0.80910792646193253,-0.053944279045887951,0.80585188294119936,0.58765916720844624,-0.072522037726467065,0.090379005667422352,-0.0010327305300889857,0.9959069076988174,19.742948622578115,14.552532936156091,-1.5261466730309436,,0.2293156531109868,0.925,False,4
0.31910569374653425,0.94567645916868848,0.062189957330063772,-0.94141759063735331,0.32385537329516512,-0.094077719075294247,-0.10910763610812907,-0.028525983979895128,0.99362054728194649,15.44063547110718,11.872874644958079,-1.5623369902358741,0.2561427505324932,0.2377292437416993,0.9736842105263158,True,5
-0.56002061176790474,0.80068725830072374,0.21278352565453029,-0.82451785235469977,-0.51356268270820959,-0.23753669627647167,-0.080914927816168145,-0.30846926155521109,0.94778662637330335,27.453588935553149,-10.537403049183947,-3.9583569262631499,,0.4929005995806832,0.2777777777777778,False,1
-0.86760368971227908,-0.4659085416215531,-0.17376152750743395,0.49524336026784704,-0.77820744776817274,-0.38616988793632989,0.044697334464714758,-0.42109666239739274,0.90591376477539265,-9.2796227226724586,12.470681717406157,-0.60242746635376709,,0.3805173008763973,0.3488372093023256,False,6
0.98303989038941675,0.18040672864292212,0.032954304172948437,-0.17682136832712309,0.98006036937554608,-0.090641469992450985,-0.048649538600977621,0.083277155569985634,0.99533820270000928,6.3048089712771,8.2789010539677363,-1.3713061583439168,0.1719206664206566,0.1727692958957202,0.7474747474747475,True,5
0.9724257840298236,-0.23264483741439218,0.016262662094930908,0.23321158516898891,0.97025538912304676,-0.064937172872341284,-0.00067163751405770189,0.066939222449293151,0.99775682879193228,-17.533834408823019,-5.0026432709709425,-1.4400792790089247,0.2474850069189831,0.2500476818369496,0.9558823529411765,True,6
0.40556412428428634,-0.83633718359001152,-0.36886021259855006,0.90882688935289013,0.41209504882253167,0.064894960706549792,0.097731398652988646,-0.36154914753140105,0.9272166886098675,-8.6939463877728844,3.1077650381621438,-1.2369453338804355,,0.510453887928652,0.375,False,2
0.48840654783543563,0.86984894400779267,0.069439604261548674,-0.86507634849200354,0.49308927199870056,-0.092227333906675438,-0.11446377292058062,-0.015026125525884899,0.99331377733345982,16.69993972102252,-13.462617211544247,-3.6113433221384739,0.2721355601727775,0.2382416011347677,0.8823529411764706,True,3
0.96271248862417669,0.26827619260892899,0.034821670354835584,-0.26439201598947826,0.96031079074831294,-0.088882208868640233,-0.057284606379579647,0.076361440869106484,0.9954332746198159,5.9210299019864081,-6.2487406625355497,-2.5199469655976605,0.2698678011555145,0.2307203656282288,0.9936102236421726,True,5
0.90649183061525695,0.42017753174578859,0.041513887360967311,-0.41561994874867658,0.90531212849635756,-0.087578582995750845,-0.074381578565863582,0.062135270285184778,0.99529221284838709,15.722713491898118,-3.8214566047041028,-2.814921250732271,0.2749490875977191,0.2650569481160114,0.9918032786885246,True,5
0.11731081892748178,0.99026526688990291,0.074919109404956025,-0.98576668322129402,0.12526133198113151,-0.11213226547787272,-0.12042515523532005,-0.060698434096613768,0.99086501708596353,-15.454733711062961,4.0386768153496142,-0.93973576717317542,,0.1688628957304441,0.55,False,2
0.99397085907990002,-0.10666957926149445,0.025367935669700269,0.10844860907953259,0.99053301237816871,-0.084162049510135006,-0.016150247325692622,0.086405741992111998,0.99612911676253724,10.470102384104026,-4.3525419826816076,-2.6233968434760206,0.2941350096095331,0.2921761208442076,0.9890510948905109,True,5
-0.282146572572476,-0.94193474218892648,-0.18207760170621121,0.95195422276661679,-0.25132274290602963,-0.17498581843965721,0.1190649794961202,-0.22270119073698463,0.96758860591778251,-8.7458850883886523,-15.172137889176479,-2.6737239564354147,,0.2409570971824144,0.1730769230769231,False,4
0.84072020333944297,0.53881158564266285,0.053587450714932351,-0.53427447792199945,0.84155613889074554,-0.079586728394096001,-0.087979099438791369,0.038279763224714068,0.99538652682734219,-17.524123222367507,3.2228677970363839,-0.90871134339357695,0.2387904159210096,0.2194844830947464,0.625,True,5
0.93374063688775721,0.35565817049838361,0.040443649466720591,-0.35162068304612798,0.93250980764264979,-0.082391467424979575,-0.067017298353623828,0.062711437617150936,0.99577907053390635,13.155775754798425,-12.124997883337349,-3.3315902387466316,0.3004926310297049,0.2864037731940189,1.0,True,5
0.83104757639520865,0.55377624047972962,0.051882571715221946,-0.5490227552842285,0.83168334640865105,-0.082926627126759397,-0.089072666670323875,0.040431260017999869,0.99520418672028943,13.100896221306447,4.6787613936671884,-1.9890274789661142,0.3408406954197111,0.280012372638791,0.8955223880597015,True,5
0.38886836335361213,-0.85541180225845725,-0.34212869587279787,0.90832421718065104,0.41806881710358423,-0.012867814451859444,0.15404061953212503,-0.30575989390786357,0.93956499232975432,-8.8599916448094174,5.7602434522069448,-1.0725924588817131,,0.4354260077528483,0.2641509433962264,False,2
0.95894069557436279,0.28102272280340596,0.038196487266732748,-0.27707679059933549,0.95706027033562258,-0.085229637194331423,-0.060507805137267869,0.071146807470648069,0.99562891546208376,-9.4316943996257248,-3.1803060115253321,-1.6386041700290803,,0.1867151193317955,0.7924528301886793,False,5
0.99846490118213183,-0.050139600584545058,0.023534263544402259,0.052064025178755392,0.99458866736451157,-0.089903948924786203,-0.018899163725970135,0.090991225968809333,0.99567234490426204,-7.9362549292302678,-15.82247207692274,-2.7624846519647797,,0.1739010037138615,0.9375,True,5
-0.95222705535234264,-0.29747207429413258,-0.069094139188162332,0.30232622262344672,-0.88625484779930541,-0.35092905246854089,0.043156577357862463,-0.35505310837588205,0.93384945256897745,-10.166202413933798,0.89377231169368399,-1.2645767945650253,,0.6906721250830377,0.4039735099337748,False,4
0.99598840540234523,0.082705261639212976,0.034160444980751582,-0.080208801959269105,0.9943923555415568,-0.068923082699286931,-0.039669186938382971,0.065906622866775164,0.9970369464919262,8.3993213167054748,10.464947136254883,-1.2710574110687773,0.1794575445617076,0.1765304402626648,0.5405405405405406,True,5
0.39442840081599412,0.91615836297067099,0.071274754216611558,-0.91147134839151023,0.39990984883150776,-0.096395507514218062,-0.11681702654622102,-0.026943770457409207,0.99278790058221322,-14.953007222723956,-8.6556769354149399,-1.9097176747184332,0.1783224817821359,0.1252389946145657,0.6222222222222222,True,5
0.72607726015771756,0.68660846385577146,0.037156824991923659,-0.68016428021394837,0.72509472664924546,-0.10776914821273316,-0.10093742716606238,0.05297598273816484,0.99348134408755873,-13.099908865814086,11.204135924454516,-0.47208332513297813,0.248761730547837,0.2114992968483063,0.8292682926829268,True,5
0.91566645277264691,0.39974362108366585,0.04195217121526866,-0.39548518717666337,0.91467177606653827,-0.08346860961536573,-0.071738511209782529,0.059837943398828856,0.99562694144905561,8.1978263380930549,2.3524855354874736,-1.9987593635284013,0.2231240383966586,0.2181084398037142,0.9945945945945946,True,5
0.9888387447863719,-0.14743780503835724,0.021448320558555823,0.1487854366716638,0.98473306133108018,-0.090353150226984993,-0.0077994002162694032,0.092535893398124958,0.99567880252081098,-12.868534875673895,-15.73382609279022,-2.5122692639096038,0.1735855321932152,0.1375884551804498,0.7096774193548387,True,5
0.94536744737475487,0.29397208148924647,0.14092836743899301,-0.31971900098797273,0.9205224865761239,0.22453977846912163,-0.063719305170353457,-0.25733007405390712,0.96422045359762898,-5.5650618726701007,-21.2203784739654,-3.3400181431092393,,0.4669767615045502,0.2142857142857143,False,1
0.8408589152280399,0.53876008848106938,0.051902328862920143,-0.53341047151266907,0.84112055321818646,-0.089383912616110797,-0.091812600236331643,0.047474014089845001,0.99464398878394744,11.655628129838366,21.7105129445195,-0.48726667044257588,0.3541098908314561,0.3080445876877487,0.9833333333333333,True,5
0.95558024248798801,-0.29389563130428881,0.022175618747863394,0.29466015582988653,0.95099200176722942,-0.093752894041002788,0.0064647299173270778,0.096122684497521732,0.99534850017071153,-12.92241195928584,-6.81658188112727,-1.8240137756847423,0.1525591897067267,0.1556630025682005,0.65,True,5
0.17327422934230025,-0.97237248915315677,-0.15642181364479071,0.98242635709190629,0.18183926744048967,-0.042106219348590913,0.06938655732169971,-0.14637698984061587,0.9867924211850444,4.8106896044039713,-2.9630227684306538,-2.2319250319325983,,0.5266860776486085,0.2063492063492063,False,5
0.99931467050120304,-0.027590909123206046,0.024676528419277737,0.029207074539923189,0.99727619756278563,-0.067728373459957747,-0.022740627033831069,0.068402686412648489,0.99739858450553331,-14.096657704923427,-1.3675626573254025,-1.3195165159059934,0.137497028921823,0.116954204441159,0.5714285714285714,True,5
0.97557640856279892,-0.21890200393513137,0.018236878266150967,0.21965566493527061,0.97273006537605766,-0.074482271550578238,-0.0014352412880260408,0.07666898060280726,0.99705556891066549,13.160186793130372,-20.922556242394108,-4.0307651415106385,0.2758273289533187,0.2579034012578964,0.7692307692307693,True,1
0.80278249649406042,0.59490155363671859,0.040403029631209605,-0.5891738701942697,0.80182705260779819,-0.099737296868297839,-0.09173011502809543,0.056262946838107904,0.99419317378969296,5.3936076385383851,4.029476176966396,-1.7075434794339783,0.3092941590501779,0.2538480015718519,0.9863945578231292,True,5
0.93909492608032374,0.34143519221704355,0.03902216454662847,-0.33750571899638282,0.93770765829696223,-0.082427163095452352,-0.064734916814099042,0.064236726932029545,0.99583283409321954,-13.621736141486588,3.5255840208064502,-0.97977539793303448,0.2146112999445734,0.1900835441174856,0.8611111111111112,True,5
0.70895958497125633,0.7027037602642261,0.059864281403032307,-0.69909622408303995,0.71142608000134622,-0.071675673465652318,-0.092955776314441463,0.008964262626439741,0.99562988386515627,-6.5834197196464403,-24.143353143409872,-3.4807324306783376,0.1604645727371301,0.09501329390385062,0.25,True,3
-0.29829726450294142,0.93206132366018268,0.20562205846379822,-0.94557406950643197,-0.25922814882491246,-0.19669887120635368,-0.13003238468591954,-0.25310562181357482,0.95866006651954372,-3.431855315776366,-25.921992743636732,-3.8472680933974228,,0.2779798952378709,0.4482758620689655,False,2
0.95547852407079237,-0.2950226831886627,-0.004733544513655534,0.29419862626488386,0.95378986262442833,-0.061090639698153842,0.022537931212867283,0.056978191960051466,0.99812099832515699,8.6132695708700577,12.408331924851613,-1.1002326654334387,0.1673990120573729,0.1580321094202679,0.1428571428571428,True,4
0.70637097073018795,-0.70776933318332869,-0.01013028701058076,0.70419054828291083,0.70410706725110395,-0.091372367573910207,0.07180336634660045,0.057409135616854456,0.99576526738434701,13.066342033978959,15.563522256723113,-1.1184708777076546,,0.2367997544477962,0.825,True,3
0.4577483824050409,0.88718869533734745,0.057988251147834277,-0.88119916634065854,0.46138983550335511,-0.10299247028164565,-0.11812894499697021,-0.0039545618977017728,0.99299038957791552,10.848419889092717,-19.254207507009948,-3.8150694278658386,0.268069745690476,0.3131461369526815,1.0,True,4
0.43083376582482641,0.90149677752617252,0.041058815559225997,-0.89477527350537156,0.43265025981295718,-0.11041269223766487,-0.11730079346955527,0.010831103069797673,0.99303736639549745,22.333011486229445,-5.1001752215454363,-3.2924002415968396,0.2401199231226969,0.2619087506710658,1.0,True,2
0.57784618029481571,0.80986427736133759,0.10106257552966602,-0.80510006850240334,0.58594217664196124,-0.09211756254648433,-0.1338195487068915,-0.028135704826408675,0.99060623382745017,-9.8738236360979652,14.905248855473921,-0.33513795731368701,0.1493255494819238,0.1870375340573377,0.3478260869565217,True,3
0.21003228983998373,0.97518453098833857,0.070011197287487642,-0.97029383170492689,0.21670138815225079,-0.10756574049509832,-0.12006796983352545,-0.04533915409380701,0.99172982395716724,-16.971725436490754,16.166607315909907,0.089161610842585642,0.2890655029802346,0.2767407299547502,0.6739130434782609,True,2
0.96430618589265737,0.25832062582779852,0.058172451565067035,-0.25667830568882,0.96588963884691348,-0.034255699626419472,-0.065037121998687941,0.018101376746350782,0.9977186541916585,-17.996392487659335,-17.209282119843142,-2.4281745909311452,0.291580242513839,0.228809707295263,0.4482758620689655,True,4
-0.32127086702922186,-0.8690727209531609,-0.37616171481606347,0.94080096758070153,-0.24758228669124255,-0.23150928861700348,0.10806742986444987,-0.42827049514507148,0.89716543267709947,-5.448979771097143,-11.782972894985214,-2.5521435037728382,,0.2650947474969136,0.1754385964912281,False,4
0.50456747686324688,0.85535957341760327,0.11735272240008615,-0.85578712540059798,0.51347082686414913,-0.063056371272273856,-0.11419307023824543,-0.068612754807700779,0.99108639007266175,-16.744774238983432,-14.290572134259559,-2.2808720470236898,,0.1091621451553158,0.2903225806451613,False,1
-0.43595886174460563,-0.89906111785803211,-0.04036058996364833,0.89238550778339598,-0.42604278125300393,-0.14878055666106305,0.11656747558611083,-0.10087940770083356,0.98804623815761317,-15.67748442450344,-24.548495966513553,-3.1639762688380699,,0.2021728765478185,0.5652173913043478,False,1
0.99133182998657288,-0.13041795991137733,0.015885798312540372,0.13080752076233212,0.99105030106823266,-0.02662129344297301,-0.0122717304193177,0.028468517438025844,0.9995193585656037,24.677580438180122,-11.869274661585157,-3.9711474820294028,,0.1395770470820227,0.4782608695652174,False,1
0.95101577320340669,-0.30844375712193078,0.020771321836506585,0.3089447102311908,0.9458577341946095,-0.099530461088083944,0.011052833957581575,0.101072228414874,0.9948176915921626,-13.114255084492461,-14.295000706474987,-2.4014170186739232,0.3174893045741835,0.2693408294882404,0.9,True,3
0.9075005594087131,-0.41977592728254981,-0.01519557655854948,0.4200507654800491,0.90693203203004769,0.032119210723052044,0.00029848366126065604,-0.035531115264265417,0.99936852599808235,8.0581704213559853,19.718696612244766,-0.52645510127878803,,0.3246434590731309,0.6458333333333334,False,3
-0.59872718055870311,0.7989381981949808,0.056776040062548272,-0.79736749340936386,-0.58784776163557828,-0.13652871344193127,-0.075702336253874486,-0.12701482041477835,0.98900778140553958,20.455061280231007,10.591238115332489,-1.9206696586093388,0.2458687226640411,0.2276821968761749,0.3333333333333333,True,3
0.59604982494942127,-0.79500119322692409,-0.11268411132688978,0.79925118469005318,0.60088459926709425,-0.011629365209233578,0.076955506296239193,-0.083131228376526006,0.99356280572457978,7.3934069091677745,16.715241511361594,-0.74314864213024101,,0.2804833800132214,0.2916666666666667,False,1
0.91887620953915772,-0.39454341656227959,0.0014156236483325105,0.39388295728048495,0.91711829906972731,-0.061239215176472815,0.022863234830836604,0.056828847945511601,0.99812211403928741,-12.451490371524907,5.3292334107075581,-0.86419173569195795,0.2079869068821111,0.2338067380925989,0.392156862745098,True,3
0.42341962633653968,0.89260672094513993,0.15481944889641569,-0.89835745224938546,0.43575715953636696,-0.055403843736603745,-0.11691752657757465,-0.11562413085667712,0.9863880333533146,22.608503166217961,12.693172506548764,-1.865939105150094,,0.1659866705477603,0.4285714285714285,False,1
-0.82895736076991799,0.53674893655964795,0.15725861861106016,-0.55730109012332441,-0.76883749894719677,-0.31353531724508066,-0.047383425084370344,-0.34754780867487317,0.93646427145543987,-24.41452533193921,-0.24824724107698323,-0.88814405713072475,,0.4245063687462575,0.2954545454545455,False,2
0.61370600847750523,-0.78950523216398161,-0.0068134825386682238,0.78576286350554991,0.61159398662623732,-0.092355388896280005,0.077082147700784767,0.051325275530894748,0.99570279631901759,-19.810913502192935,11.114078983362084,-0.18995260936035424,0.1584400977660036,0.1271972689409771,0.4090909090909091,True,2
-0.28712143548755487,0.85033367076749811,0.44101465921513189,-0.95229044849008238,-0.20366264396823058,-0.22729810638548686,-0.1034610216367704,-0.48523620620368246,0.86824054339274759,-10.896759605546327,-8.1670118833611607,-2.0353722544987773,,0.4794990706504555,0.2,False,1
0.49201890792401237,0.8684960172126992,0.060266593822298493,-0.86299716803221727,0.49568032080391988,-0.097657091581188557,-0.11468775965043448,-0.003960764244779879,0.99339369342318773,-8.6416134901919204,20.078399426170535,0.11150450716409374,,0.2512191328254006,0.7543859649122807,False,1
0.90046898186008273,-0.43488972509138235,0.005151671360492549,0.43415443841433987,0.89811778181119717,-0.069959799882950771,0.025797990483638771,0.065233250758145747,0.99753650894718116,12.634926109679469,-24.676809071806272,-4.4271805553156378,,0.2257615040869793,0.95,False,2
0.72918651039841753,-0.68420533936750172,-0.012250985020874586,0.68172366701203768,0.72786534310389617,-0.07392485471009691,0.059496847720194646,0.045553220404825401,0.99718856252070531,-19.344544159263794,-17.959108769970946,-2.4020340577943116,,0.1653116579686826,0.375,False,1
0.99789306067082084,0.058242198652511838,0.028588210177333546,-0.055240346820346155,0.99380368594103152,-0.096450701880222256,-0.034028569587773103,0.094668263457935026,0.99492712112278314,-14.5348441508532,-11.008903784221005,-2.0843943198562811,,0.07785739852099491,0.6363636363636364,False,2
0.056763757876954667,-0.99740341124240384,-0.044320548662029377,0.99180089025525164,0.061424515069469339,-0.1120625853591261,0.11449397311901337,-0.037596066157210888,0.99271227751495328,-18.758009342886432,-19.744945552530357,-2.5604467235318333,,0.2645922313497035,0.6470588235294118,False,1
0.99923948200213475,-0.027932240301028682,0.02720749087791053,0.030555359019112428,0.99438425429768129,-0.1013228742192908,-0.024224525657257887,0.10207715100163538,0.9944814868060996,-21.700523483458507,1.9357162967560988,-0.85981414288948754,,0.2145334107494346,0.9743589743589743,False,1
