axis_00,axis_01,axis_02,axis_10,axis_11,axis_12,axis_20,axis_21,axis_22,location_x,location_y,location_z,dbh,dbh_approximation,score,reconstructed,number_clusters
-0.61530997509831908,-0.78800390824768018,-0.021058849229892276,0.71896655794814956,-0.55004741891885889,-0.42489401677699767,0.32323478014702606,-0.27658213522764391,0.90499812120038159,7.3927159049421869,-1.1139025578462602,-3.8356878816380249,,0.5606575150654985,0.6332046332046332,False,2
0.96830748008025558,-0.24952665989083297,0.010819890218944007,0.24970775348422619,0.96808729048688946,-0.021284638771057574,-0.0051635133858981969,0.023311885412339781,0.99971490642484451,6.0352008289182502,0.11013798574442873,-3.5783511162463792,,0.08867297101112691,0.2043010752688172,False,5
0.98784319368430873,-0.14979819964184413,0.041549056254607267,0.14376728044512976,0.98201568986189014,0.12237709727922338,-0.059133693990801116,-0.11491598778733673,0.99161359509935321,-8.5115080726956975,-9.7758394680614735,-5.3066838600048714,,0.4565218282848365,0.3695652173913043,False,6
0.044682106373519055,-0.99854717333505982,0.030117303906327216,0.97936033792509336,0.037835080192386725,-0.19854932688398083,0.19712137851910366,0.038367295075314028,0.97962804818937832,4.0775032439955901,5.017481239226063,-2.5463223605899099,0.2743169465948638,0.252045548702809,0.8963730569948186,True,4
-0.58575836410075155,-0.80884425117601066,0.051556922188297674,0.78628625132155383,-0.58254625676432281,-0.20589752235657149,0.19657331932057928,-0.080067696790869614,0.97721445653546057,-8.0930981750581097,-20.552896329356194,-7.3926089837850837,,0.2262013349886288,0.9661016949152542,True,1
0.1625614957127095,-0.9850583764248162,-0.056866115982667359,0.96659391131277372,0.17055936355451548,-0.19132619819814334,0.19816652271441651,-0.023864168520735744,0.97987781418710207,-13.462906882377711,7.22741375382674,-2.162997450211817,,0.1429593868049693,0.1,False,6
-0.81586840409279116,0.56102317047017325,0.14004195585137003,-0.57114983111305306,-0.74407302305570577,-0.34661680106462572,-0.090258615226543076,-0.36277863574959629,0.92749395891350617,-7.7944854693558163,4.444390370328823,-2.6337345242130596,,0.2222032031066872,0.2456140350877193,False,4
0.9892645327775299,0.10932245092492615,0.096975697534086497,-0.1254867514612352,0.97556764889830205,0.18033534770184642,-0.074891651044437041,-0.19056852874178035,0.97881299360860119,0.66995871700715115,-7.7393848852022025,-4.9942613408547887,,0.5831715342823606,0.351063829787234,False,4
-0.32050224896424467,0.93576787969771436,0.14702647290506787,-0.93549612108939473,-0.28831680111174185,-0.2042557945895003,-0.14874580947225727,-0.20300713663005973,0.96781340486774947,-13.099609387471661,3.1681505140351542,-2.9341549021011897,0.1794297574320455,0.2489982966936389,0.5789473684210527,True,5
0.99249511055586981,-0.11156403136353576,0.050069176432302187,0.11466462899664184,0.99133793930121561,-0.064039932534970243,-0.042490921145057287,0.069300483461063114,0.99669050593065689,6.0425741675396392,-1.5907762164978969,-3.9123161613922526,,0.2361610720817026,0.3235294117647059,False,5
-0.72520385491219241,0.67454967749741246,0.13806556923662389,-0.68205251310336579,-0.67633692796616796,-0.27815953918330766,-0.094253584493530607,-0.29589033856721975,0.95056045013070967,7.5018087759574801,-3.4013109045469787,-4.2577970173392758,,0.1653287737500123,0.4102564102564102,False,1
-0.28020134179114775,-0.9484072171640352,-0.14836090620379777,0.94408461044314385,-0.24428663749625484,-0.22142332096053544,0.17375688873497733,-0.20210835997539808,0.96382610176587202,1.5137444803409061,0.044694027825097904,-3.5301884689404015,,0.2131229975499425,0.2248995983935743,False,2
0.58938788545607301,-0.80675717375369305,0.042009321281980844,0.79790995595823433,0.57321564296734717,-0.18644980246774129,0.1263393155765368,0.14341091051410518,0.9815659366976669,-2.1206241877722065,-5.5418941184350325,-4.558814286226279,,0.2270584984311599,0.9709090909090909,True,4
-0.79181036900212742,0.60068077324834701,0.11053935132107115,-0.60523269356677223,-0.74736921043326254,-0.2741033562988085,-0.082034908292901457,-0.28393990904085675,0.95532633266085853,9.2906184149346327,10.218300796353066,-1.5793039269549802,,0.1814876004439523,0.3333333333333333,False,6
0.87541230876178455,-0.48334736030530634,0.0053496686116015074,0.48101310795019631,0.87217111228159849,0.089128788175157903,-0.047745990914991807,-0.075451177508184891,0.99600574303774658,7.8814362117016072,5.4116383263583883,-2.5265534832625463,,0.2922131134510592,0.4878048780487805,False,5
0.83930812170426683,-0.5436541810533444,-0.0014171324824639939,0.54141493340829716,0.83608187099582087,-0.088526690182210724,0.049312744029760359,0.073533913368902942,0.99607279696863027,4.2488625248750633,-1.7860050563277647,-3.9147376085569481,,0.1453653051225055,0.3684210526315789,False,5
0.90015286153421059,-0.43320511067782125,0.04536692577627488,0.43417404590128228,0.88403510091015425,-0.1731324297307878,0.034895898576833367,0.17554279376092763,0.98385314138906177,13.805829406704373,12.501269740140279,-1.305436910108106,,0.233616810135262,0.8653846153846154,True,4
0.63737696237402208,-0.77055043413235735,-0.001623666622459205,0.76131909882739102,0.63006349294073549,-0.15301380533785169,0.11892786719484351,0.096291346037723102,0.98822271734803291,-10.609504247511143,4.9357504056728141,-2.5853344043762627,,0.1686006216235265,0.4356435643564356,False,5
0.93906217365320588,-0.33923551230903665,0.055511270946918712,0.34356286063654168,0.92094926463271454,-0.18389402590541051,0.011260319931201038,0.19175953473266724,0.98137734130871335,1.5728295342938392,-8.4676658452347233,-5.1740702679877266,,0.2524164725748755,0.9977324263038548,True,5
0.23682860137316553,-0.97067908018656301,-0.041162323304187988,0.95631594499805916,0.24037912136224565,-0.16636613644484358,0.17138269140756235,3.607330112935514e-05,0.98520453296999089,5.3530987264308889,-4.2907402450082923,-4.4404125592417074,,0.1325141788667081,0.3382352941176471,False,4
-0.73455424782861745,0.67510117257663305,0.068326157381992519,-0.67237574478221795,-0.71061812979389383,-0.20720215113938031,-0.091328609019801665,-0.19814207123648328,0.97590921953869503,15.325963704924114,-7.4080154015897861,-5.3016052900598192,,0.1107804887597601,0.2380952380952381,True,2
0.061612268853115812,0.97582300701260871,0.20969832453226969,-0.98203435890632318,0.096811917390072041,-0.16197521593967676,-0.17836043915122671,-0.19595129914376064,0.96425652298009046,10.636102182978794,1.1518313439100707,-3.4779886694143349,,0.4270025285908984,0.4719101123595505,False,5
-0.41195839063325579,0.90098081343165215,0.13610238137114294,-0.89760200281828295,-0.37554656154966554,-0.23081469763607015,-0.15684683268547334,-0.21725182147973271,0.96343173974094998,7.3395494500576932,-4.8525921150039535,-4.5408691746798899,,0.2353162873710786,0.492063492063492,False,2
0.92938073688396194,-0.33139722596142718,-0.16256483178749334,0.35098283476016245,0.92975467399682377,0.11120834449258901,0.11429127531332252,-0.16041235864525108,0.980410821840071,-10.399017600874293,1.8742448130829055,-3.1305836057255489,,0.4733826161614175,0.2727272727272727,False,2
0.93135412278684038,-0.36105782478632548,0.047082322887910824,0.36356991827277163,0.91508282481424674,-0.17447159727906489,0.019910110373489047,0.17961255771951248,0.98353592543148594,3.4041083585819547,1.0857265504900853,-3.3655236321154183,,0.1396561479521437,0.8443804034582133,False,5
0.89208394903583355,-0.45037538097038887,0.036718443436635634,0.45098992197755028,0.88233451130548679,-0.13451356970206171,0.028183650354690941,0.13655704439934749,0.99023121314044615,-3.1425503665638228,11.242852503424603,-1.2463023563618534,,0.1297014630293336,0.5405405405405406,False,5
-0.61501371353507561,0.78435673327380462,0.080886631354268768,-0.77896257463297991,-0.5884369132121563,-0.21670096098196664,-0.12237417817887404,-0.19628172135324878,0.97288131155740176,16.929495821682433,-11.373892851425092,-6.1744314356361416,,0.2454397021443175,0.8695652173913043,True,2
-0.88964252517845954,-0.455127143306152,0.037355867277791333,0.43278869974238343,-0.86641706478707725,-0.24902893651349778,0.14570558935535688,-0.20537953469547002,0.96777534994381897,0.8147701775743923,-8.4340682323736225,-5.1652511016534453,,0.09448298585404469,0.2413793103448276,False,3
0.41856047978125444,0.87192886217992616,0.25406137853460753,-0.88957674731239245,0.44995826048239218,-0.078681474724130368,-0.18292166467204027,-0.19307413892408995,0.96398238649486256,7.3818778946772392,0.086779708703971725,-3.5622015864093242,,0.2661383688340509,0.4102564102564102,False,7
0.80132371437635141,-0.59681404388623627,0.041149748459099057,0.59402310639236533,0.78565855834672749,-0.17285016276679815,0.070829752576540672,0.16295283586578602,0.98408816649385944,-19.007821332740932,-10.863207954288612,-5.5083252603899755,0.3250504280308057,0.3350623215757023,1.0,True,4
-0.0046563288797159211,-0.9987648553823415,0.049467992221767468,0.98005120114590982,-0.014386942083599684,-0.19822376000354142,0.19869061813236777,0.047558170176869412,0.97890768651369975,4.9782724738976851,16.25981805686007,-0.26787970937235006,0.3232360879477528,0.3050577160883007,0.9772727272727273,True,5
-0.52396651856147669,-0.8512391843734961,0.029170848697115483,0.82784134875816207,-0.51702253537027276,-0.21763823011034131,0.20034417563990362,-0.089886311006956765,0.9755934923833427,10.315933447515347,-5.8415712037654384,-4.8263939643505571,,0.1896830481090598,0.8372093023255814,True,5
0.10618875420555446,-0.99378949330721122,0.033262463415509785,0.97552194534420444,0.097641981034769676,-0.19703547318050213,0.19256397023361096,0.053371214449378042,0.97983194009792685,-9.8779500694467206,-9.3626574044529463,-5.209833285975848,0.3589814156346867,0.3367003533740087,0.9949494949494949,True,5
0.78584992565229561,-0.61747412760797593,0.034140827275428609,0.61350955058102907,0.77148321917660578,-0.16858135684222475,0.077755550915321478,0.15342537033903825,0.98509630495611156,6.3298624225450819,-2.5576134321837043,-4.1072082822083109,,0.2228248051548841,0.9640102827763496,True,5
-0.4663082561052414,-0.88375471559597596,0.039169030495592096,0.86008411708255872,-0.46328529338874908,-0.21359318451677411,0.2069104198207638,-0.065911604377200811,0.97613715152022529,10.630607613419221,11.248101509126984,-1.4630041480850802,,0.1441132244003693,0.8913043478260869,True,3
0.97730454764711794,-0.20889824977562696,0.035175877941314382,0.21181774844746537,0.96599935740570919,-0.14825141798446267,-0.003010413743782199,0.15233766025654116,0.98832392193888252,12.060705547427904,-0.77589192692065834,-3.8842065135951893,0.255549965157562,0.2165729586605221,0.6511627906976745,True,6
-0.86403120162100455,0.48471806233105341,0.136009127176798,-0.50010711013055886,-0.79537082469478959,-0.34245894589161247,-0.057818345031889054,-0.36391434606836021,0.92963615877579431,-12.248490895174131,-6.6269210174704529,-4.6992989991216296,,0.2649646888923486,0.2222222222222222,False,3
-0.71050357333457381,0.65413086716389768,0.25941758017183369,-0.69903275340391402,-0.61372721902444416,-0.36700423743747923,-0.080857170042893001,-0.44209920747715675,0.89331428332962715,2.8018187936040291,-0.92286430913378725,-3.721007217413848,,0.4303945761630426,0.2857142857142857,False,3
0.94128532774812723,-0.33297074397451804,0.055789026010117385,0.33747450075767033,0.92324911848477398,-0.1836355808536301,0.009638106892060988,0.19168085161054796,0.98140998467581986,-1.3609529983891373,11.459820835153502,-1.2400474474066794,0.2897346333557662,0.2803961020768876,0.9655172413793104,True,5
-0.69526539894479145,-0.70467961234853327,-0.14153681136178622,0.70646229308776498,-0.63373437627911622,-0.31510596434738886,0.13235200593613219,-0.31907269432284829,0.93844315878066975,-13.311107542025878,-4.9723846136482948,-4.3797754751246405,,0.3976635224627556,0.330188679245283,False,5
0.83917241200294035,-0.54240876388943171,-0.039779338721337161,0.53883733824808211,0.83910996574311991,-0.074490189288947906,0.073783371045853169,0.041075518822287785,0.9964280284649718,-5.0957953213126235,11.188833808663748,-1.2300710584610879,,0.3061079175013879,0.4117647058823529,False,5
0.98171422930754249,-0.17819221917951325,0.066967940083130256,0.18608929377953812,0.97244552598657408,-0.1404296041770669,-0.040099210911564799,0.1503237573125927,0.98782327431160188,-0.78243812060958584,-22.116403238707516,-7.8301065638742102,0.3512473820225481,0.1699202076917232,0.3,True,4
0.86023136902269348,0.47331032781503823,0.18968216925415995,-0.4841605485022249,0.87488795059882907,0.012634760425355968,-0.15997048172512252,-0.10270544036516353,0.98176424741178592,-9.0862315086615109,3.1822802943502095,-2.8678901511003363,,0.431153389477692,0.2727272727272727,False,7
0.43287709057041163,-0.90144850706304613,0.0028308255157190806,0.88834776015541772,0.42604836273957741,-0.1712339032837181,0.15315247789751227,0.076637991366751007,0.98522633784989799,8.3141507732917486,-8.2928175878301893,-5.2647236572279894,,0.1676749156097233,0.7945205479452054,True,5
-0.34673849581200161,-0.93765968612749062,-0.023806060852774397,0.91417468677957514,-0.33215648443308499,-0.23228584093852866,0.20989773122522346,-0.10230534130899184,0.97235618965796378,-1.5494881069794237,6.7750461044735717,-2.1180463543041776,,0.1501301719003629,0.3896103896103896,False,5
0.74597389403156433,-0.6629880055864168,-0.063006776396899056,0.66056380158191175,0.74862974676281513,-0.056647738714757243,0.084725518369829264,0.00063773849497310992,0.99640412475389484,7.7852453783655511,-3.5549324547591254,-4.2912792279230523,,0.3031986832586224,0.3055555555555556,False,3
0.6449465477989279,0.73782236503485055,0.199153478846406,-0.75307079240655272,0.65793831079578624,0.0012493243596286008,-0.13010892400759194,-0.15078241555820809,0.97996751530447146,-7.8791958978123509,5.0032187608349545,-2.4964097701502426,,0.6265938686624596,0.2988505747126437,False,4
0.47539199742597604,-0.87932494617404211,-0.028108500838025387,0.86495260370756644,0.47298438968671613,-0.16775804139351713,0.16080871283249898,0.05543830939616725,0.98542739546272617,-19.16558918125547,6.9857023186784657,-2.2240121712993304,0.2259529559384261,0.2178703300992738,0.9387755102040817,True,3
0.52150385131996413,0.78459655530030059,0.3353236920787841,-0.82228443327505274,0.56705204236410101,-0.04796135990802898,-0.22777630221770287,-0.25071941819812127,0.94088135781639626,-15.993566099405253,6.7722037301083882,-2.242604877592441,,0.3170544636441769,0.4166666666666667,False,5
0.21816720525001046,-0.96351123663131732,-0.15507793988375373,0.95878253489040155,0.2412560460249604,-0.15010519992837859,0.18204153740983417,-0.11593798834545825,0.97643190316369355,-10.577348317290133,12.192117983905085,-1.0373102130626204,,0.259430799694165,0.2857142857142857,False,1
0.58642040654316874,0.79889736142654244,0.13369410119916986,-0.78957077435897838,0.60062670266512574,-0.12579966742317975,-0.18080126954174985,-0.031789462897759642,0.98300576345246538,-1.1865217862840436,12.589789841141283,-0.97118777038557969,,0.1166937748314077,0.1739130434782609,False,3
0.18097710965519007,-0.98290198962553244,0.033925868758579926,0.96524219459882843,0.17090034240336346,-0.19773866271534368,0.18855978242163041,0.06853285165950887,0.97966752354894604,15.65180224600989,0.0961617340344747,-3.8437813011158681,0.2127615692387489,0.1992356694834645,0.9622641509433962,True,4
-0.12572825113433242,-0.99142633204466923,0.035584195862154638,0.97050753698715475,-0.13035387539809823,-0.20278803667826317,0.20568793722002712,0.0090385450793253469,0.9785758923992659,0.2195490910360193,7.1903988563465822,-2.0336320187062733,,0.2560039845673612,0.9961685823754789,False,5
0.5335248557626342,0.83055827804011173,0.15976287135158762,-0.82338333515878048,0.55322962342104942,-0.12639963272180246,-0.1933678144528273,-0.06410874003166378,0.97902960005573303,5.9317046133138422,-3.6623889703579748,-4.3168810413486298,,0.1574270857037393,0.2133333333333333,False,5
-0.27512008068800781,-0.96114220509191561,0.02268485823791714,0.938547446725568,-0.27361799700254397,-0.21038508017735866,0.20841696535345147,-0.03659034445541931,0.97735536794223055,10.81349177140666,13.791455480231972,-0.92464036540224237,,0.09370843324361118,0.5,False,1
0.65338812347228992,-0.75623276837177977,0.03458265672435562,0.74881269650087523,0.63891716438626978,-0.17625096485323946,0.11119130210789345,0.14105621961956749,0.98373758555937496,14.135170741196855,6.3140358693105298,-2.5389693528688162,0.1300814233792381,0.1303407104271442,0.7631578947368421,True,5
-0.89328298911854809,0.43878384383068358,0.097540964443680836,-0.44808001505735651,-0.8520497032310409,-0.27062077401798995,-0.035634273636940675,-0.2854470907489986,0.95773177713037272,7.1715624572187995,7.3794605499325137,-2.0960772220443196,,0.11670533749361,0.1764705882352941,False,5
0.68491603565414017,-0.72727271204225996,-0.044321850395887104,0.72096856497750528,0.68526020306035962,-0.10306688321645598,0.10532973188087118,0.038637500182772837,0.99368646522005766,-6.7246519767489694,5.9901874002266418,-2.2387659355050831,,0.2075004686578144,0.2777777777777778,False,5
0.95637626132937448,0.28469577105622479,0.06551919343483556,-0.26889865340316493,0.94553264771155798,-0.18347077780817697,-0.11418389099874993,0.15784907365668777,0.98083928804983811,-9.2778736643333275,-4.5937010526863036,-4.3165746730296704,0.2533582897467485,0.2469080920187925,0.996031746031746,True,5
-0.55874647176677061,0.80726506897340045,0.1900670637000435,-0.81417311503507439,-0.49030252434708854,-0.31100735260272616,-0.15787501082270416,-0.32852175427853159,0.93120832144235444,-4.0323686320814387,8.3559790821371802,-1.7626263336748174,,0.4136170813268912,0.1967213114754098,False,6
-0.3633565123592648,0.92889212114024311,0.07163429492702332,-0.91687955570418955,-0.34289986067775824,-0.20433199915545033,-0.16523899436210687,-0.13992538308239266,0.97627709279253605,-1.7778279268629884,2.4958940090836257,-2.9530397240143649,,0.305980406651923,0.9690011481056258,False,5
0.44968839551542028,-0.89283498136132278,0.025020851230400702,0.88175853938541093,0.43929449464327092,-0.17182032824151322,0.14241567736620453,0.099327956958956742,0.98481050553224991,11.822057334222402,-14.496212896994495,-6.6466709855729613,0.3321605144569334,0.2662207411310705,1.0,True,3
-0.59921880354994295,-0.79938386950849616,0.043843524513876124,0.77593429876516062,-0.59338176219663896,-0.21406552336196233,0.19713647423040215,-0.09425239234117988,0.97583487182308215,-1.2114538826999313,-17.014429016834665,-6.8450796380201817,,0.2512233324296169,0.9803921568627451,True,5
0.54650964074936004,0.83299634516173326,0.086280365757214525,-0.81301120014526418,0.55244528077009325,-0.18389399172678031,-0.20084820389130087,0.030352935641323214,0.97915203022390307,7.737418128110126,1.9898758557702112,-3.2016729866919222,0.07939297623550245,0.0910709848109633,0.5054945054945055,True,5
-0.77864244635167623,-0.62736614638595822,-0.011298633028303022,0.60328571636130501,-0.74356193614287125,-0.28837820922165924,0.17251749237078323,-0.23135981822325163,0.95744992001555873,-9.3547725689629022,9.3458420146145738,-1.6661287330163488,,0.2623191982198612,0.1290322580645161,False,2
0.55064575236918289,-0.83272439011618782,-0.057959861140276542,0.82409474285403161,0.5533652191663575,-0.12105696600079439,0.13288005944506839,0.018895087260786425,0.99095199958387636,1.1631161976124833,4.991251216300574,-2.5285902113018208,,0.28830233138894,0.2641509433962264,False,6
0.56079276408460521,-0.82724382431215993,0.034338475326374178,0.8167497032819967,0.54592580612770925,-0.18677509575042539,0.13576228467110454,0.13278806174202024,0.9818023898522954,-18.031378175418915,-2.9556384252467738,-4.1235622902648572,0.3913478424673965,0.3458297402212664,0.926605504587156,True,3
0.94729981456940238,-0.31243610301774644,0.070758341189298912,0.3141304015266756,0.94927733367172085,-0.013951150984750083,-0.062810446212924059,0.035443268870039395,0.99739592065455174,2.0701362655703202,8.8188593892084306,-1.7578419204667404,,0.2210853770491955,0.9692307692307692,False,6
-0.32107830301211859,-0.94394615442808028,-0.076644509753130752,0.92935986029447193,-0.29847618385220287,-0.21726071376681749,0.1822058544841498,-0.14098803216395914,0.97309989280558262,7.1892673914061191,-8.0497350256711186,-5.1859608363546368,,0.4083796594866979,0.7333333333333333,False,4
0.70846654309718127,-0.70511246736902755,0.029859096983862188,0.6984257515292609,0.69441462552747757,-0.17317562603992712,0.1013736993145518,0.14354349938013644,0.98443823415844001,12.762129992134312,5.9687895429984348,-2.5538353904968698,0.1235337387586336,0.1234573240091001,0.5681818181818182,True,5
-0.0052780691982642642,-0.99919777282939404,0.039698271477708852,0.9796506248023622,-0.013131980918892915,-0.20028031456308543,0.20064096119656363,0.037833343097397158,0.97893403395744449,-15.310057163821782,-6.3305078803572599,-4.6607172685021316,0.3027984387740429,0.2902451948392591,0.9797979797979798,True,5
-0.83711336999901587,-0.52202163805704216,-0.16350723277315082,0.53878008886588324,-0.73508411850981181,-0.41154265217146635,0.094642599343858311,-0.43260229786132182,0.89660360822079155,1.3293178312064042,-9.2686922748633975,-5.3533140150185892,,0.4660252224689574,0.3366336633663367,False,2
0.92663849600318193,-0.3741727109483643,0.036549693658270432,0.37560444318707675,0.91720370610584534,-0.13288590506080469,0.016198764863029312,0.13686542254073852,0.99045719550602407,-11.541998052887045,12.857546101196576,-0.94427967760923692,0.3408325613626394,0.2708940396866004,1.0,True,5
-0.2802432580337364,-0.95925072156123081,0.036080043111037491,0.93552316482335907,-0.28134673912921754,-0.21363618715059157,0.21508166915272714,-0.026116385002785819,0.97624679770479317,2.9372585722718911,-3.4363531257692581,-4.1594759499971126,,0.2554767766944092,0.9780645161290322,False,5
0.99771806385202533,0.027530031558436675,0.061650323809025839,-0.017386500425837541,0.98706113072385959,-0.15939897683824292,-0.06524089719116849,0.15796335516988694,0.98528737115481368,13.363933498125038,7.0574615700733112,-2.3177111428494479,,0.1114101595406997,0.4888888888888889,True,5
0.99085619341557118,-0.12344793548093466,0.054448243272854351,0.12604631368134753,0.99090167980030741,-0.047182494383758961,-0.048128274198731308,0.053614067131911539,0.99740122369497186,-15.25100331507433,-8.8742657795319406,-5.155840562841072,,0.2710074765461635,0.3728813559322034,False,2
0.97585875740866779,0.21063732949294142,0.057720022634201944,-0.20080685857535036,0.96926449682428539,-0.14213704916405198,-0.085885337153149,0.12711510775689436,0.98816266790546337,9.2200275962705511,-4.5025356424683016,-4.4721136280165563,,0.07978708680303985,0.2982456140350877,False,5
-0.37442965109182302,0.8430675027847,0.38605650121662966,-0.90687632065928592,-0.24614442981316637,-0.34203546409608998,-0.19333332721166327,-0.47817371887246279,0.85672172796594059,-0.41347389226455217,10.600824166176366,-1.4321825475719188,,0.4127284860385534,0.3442622950819672,False,3
-0.83746960148961813,-0.54602154083483456,0.022475398220592857,0.52338414348118512,-0.81322230775161486,-0.25443764762236926,0.15720593160974378,-0.2013205283111778,0.96682797846732871,11.977551093233703,12.127524355227475,-1.3299348392048482,,0.1208413102737826,0.5384615384615384,True,4
0.99616462993963517,0.04589118116337032,0.074498520446118571,-0.050254585904528262,0.99706294725368605,0.05779235078587952,-0.071627555122274145,-0.061314588029476882,0.99554508418352461,-10.090793567964262,9.4228078421599921,-1.625413587381382,,0.1460417259024745,0.2608695652173913,False,3
-0.46632122743410814,-0.88363567359313311,-0.041623421266842188,0.85850191464188874,-0.4407061932596798,-0.26220700558675647,0.21335176446553797,-0.15800647953856833,0.96411357060424663,8.5884228628394599,-20.398346132398885,-7.6874077139415533,,0.1746402990292353,0.1,False,2
0.33412695203671106,-0.94240497637193477,-0.015232873401638522,0.92319708201653172,0.3304878016432245,-0.19617584132912538,0.1899113679557359,0.051484691651418189,0.98045040611279244,5.885143801263097,8.868427004455615,-1.7493056402343445,,0.1956501219606488,0.6842105263157895,False,6
0.93476450705074665,0.34269589131211819,0.093674128957609265,-0.32651900389416255,0.93262596313331914,-0.15360388336761735,-0.14000234445943338,0.1129970750393194,0.98368236976090018,13.518085899155388,1.5577130292945847,-3.4994103613946126,0.165166864336383,0.2060461758021543,0.6610169491525424,True,6
0.21400070481695271,-0.97660127950409248,-0.021298807685330212,0.95869733191171125,0.21415960443794979,-0.18717662677895236,0.1873582774344752,0.01963681995512883,0.98209534729517789,0.77354558046966748,-7.3990242630207534,-4.9727063033204439,,0.6622568486286272,0.6436285097192225,False,3
0.94505316546562657,-0.32264550011342213,0.052672532689815033,0.32676048849890277,0.92728052936426131,-0.18269757255610941,0.010104335671306114,0.18987022177923554,0.98175720077937101,11.914223634690162,7.4940573513734678,-2.2452171003978512,0.1919562032559292,0.1737730959615824,0.7681159420289855,True,5
-0.55178684973252135,0.79904286511657385,0.23887606026673228,-0.82327637687319688,-0.4761264738338386,-0.30906243414089629,-0.13321891661772553,-0.36719760432340909,0.92055344203057943,3.7281258748680961,4.225062832167235,-2.739965216693776,,0.5298170683757634,0.3555555555555556,False,7
-0.33004906946897766,-0.94392120420944536,0.0089650424679769969,0.91728852676303496,-0.32294963487583933,-0.23299204278786723,0.22282138679122182,-0.068675276317993139,0.97243731726578875,5.6276879420071753,-12.733493186230563,-6.0785811340525271,0.3403292961784484,0.2819926061439951,0.9943502824858758,True,5
-0.44131799781350711,-0.89707634232413336,0.022191458902720392,0.87280463167294642,-0.43485948601096447,-0.22160618754116967,0.20844783456809896,-0.078429990874879396,0.97488370424129889,4.607910907087108,7.5776142182971542,-2.0238113746303483,,0.176317042736765,0.6344086021505376,False,5
0.21033503172851742,0.97476111061162451,0.074832824796045527,-0.9556661759009073,0.22114040111776376,-0.19441986326610367,-0.20606148273440031,-0.030621891395969537,0.9780597962806945,-10.348602208542204,7.5625953464440716,-1.9969724351212832,0.2984993187101418,0.2717811086130691,0.7563025210084033,True,5
-0.40836301088877008,-0.91281150224493712,0.0038487279975713898,0.88787793576513363,-0.39818034258051094,-0.23048901484433548,0.2119255117235857,-0.090705987408814095,0.9730673159288048,-9.8322381320661467,-18.042776583415336,-6.9359812586824168,0.3229276523003005,0.2513014576264025,0.5833333333333334,True,3
0.8605687486460275,0.50344426785890783,0.077235341740793717,-0.48606008343757418,0.85706307828669959,-0.17084634946753871,-0.15220717506894213,0.10948401252116206,0.98226586363356705,10.897050059445046,-2.3186569450824295,-4.0594996611848106,0.2413074590579674,0.2044848856519596,0.8614457831325302,True,5
0.95440295528614449,-0.2983283665958561,-0.010732410042494311,0.29813767993147855,0.95438228019812954,-0.016382522665709803,0.01513019319595782,0.012435792217053225,0.99980819576846103,7.5657578116204043,-1.3985691479558584,-3.8651621554190951,,0.3647351946189031,0.1538461538461539,False,4
0.68141965523389858,-0.7318354986227007,0.0091682286499371879,0.7230209704737226,0.67116216854950905,-0.16365213033491821,0.11361307018187256,0.11814459980711563,0.98647550594034805,11.568613092816499,-10.09144095847005,-5.7470411079181272,,0.2528443051928709,0.9901960784313726,True,4
0.679915342985844,0.72602284961054186,0.10298518444820572,-0.70913512848043392,0.68675142010190715,-0.15968674504495606,-0.18666144735183321,0.035543056022274769,0.9817811340829059,17.337632102509108,7.419238610940786,-2.4809692729950177,,0.1242155967955947,0.25,False,1
0.8972265108908043,-0.43893964868476409,0.048130790220072585,0.44025698006260983,0.88082614465256714,-0.17412379045565676,0.034034977021637436,0.17741839732392675,0.98354681262771915,-7.7637525434103631,0.30083922628727011,-3.3921185764611068,0.2608438700215686,0.2519616758890798,0.9393939393939394,True,5
0.18625913111964851,-0.98220904502004136,0.023935913506126224,0.96500750511166455,0.17831178327150882,-0.19226394104120584,0.18457532650036232,0.058909250779089782,0.98105129785344658,-1.1882188797895343,-10.332641927514249,-5.5090899564624722,0.2990716231507922,0.2526165698522609,0.9802631578947368,True,5
-0.19202909928987477,-0.98138717478388637,0.0020095262186007393,0.95627245869856858,-0.1875743813426026,-0.22440774540674102,0.22060781890158881,-0.041171162646247407,0.97449326606490305,4.9356198060540395,12.365197162339888,-1.0273788085904141,0.1048776822156451,0.1197254297457914,0.1891891891891892,True,5
-0.80333660662241313,-0.56957051918170587,-0.17389571627693431,0.57183652095015769,-0.65622421812485654,-0.49231368948470283,0.16629278327097025,-0.49493353010833946,0.85287016069651045,-19.522495898317647,-4.5780683012434906,-4.4067416970929658,,0.4065893738913733,0.25,False,1
0.5702685738475316,-0.81717100274691168,-0.083817098205023144,0.80656843495807318,0.5763486097627416,-0.13141400136150341,0.15569557929237599,0.007337049418069494,0.98777783650710127,-3.6433570034052889,9.3562920834886576,-1.6220225772744326,,0.1444422054061649,0.4615384615384616,False,2
-0.47813920387014441,-0.86973065731934074,-0.12227626687666179,0.85506203558836291,-0.42916095660294201,-0.29101510033524675,0.20062855484180322,-0.24369952204818926,0.94887234438336043,-11.884966389813734,-11.797935896615087,-5.6218484406925002,,0.3512442032112084,0.2545454545454545,False,3
-0.57067106757733421,-0.82099996882413484,-0.017134287873024678,0.79699442700041456,-0.54871725282148709,-0.25240693292047622,0.19782420468796783,-0.15769726581907018,0.96746946018608926,-26.848153758997086,-9.1285527445045815,-5.2005136869366249,,0.1744649197194726,0.4375,False,1
0.84092691307914647,-0.54079284118933668,0.019622175657691057,0.53808671954613296,0.83176691155486593,-0.13647888880907791,0.057485729596640139,0.12532720279669501,0.9904486272048123,-4.7889687681870692,20.282463991316245,0.59316325115082069,,0.1803904302750094,0.3333333333333333,False,3
0.52968546227849811,-0.84721057868958094,0.040835602202950939,0.83682982539747386,0.51412802145601444,-0.18811757195689141,0.13838046963370895,0.13381559292619091,0.98129721935495395,6.8035509507565175,20.444799934080027,0.55068832132011392,,0.2079029204984983,0.925,True,3
0.88558467366975191,0.42875431470006625,0.17863236937161636,-0.42463384157563955,0.90319220348779994,-0.062689266605774771,-0.18821765684960526,-0.020336695526356866,0.98191676453002597,-10.995138610129041,11.376050025832763,-1.2312462733454024,,0.2081295947243154,0.1176470588235294,False,3
-0.32897545783450882,-0.94387569252353287,0.029560534599330751,0.92141395145371296,-0.32768745056431198,-0.20884746780633592,0.20681266452766425,-0.041468202346913632,0.97750136060523485,-10.022049700690919,16.699477967063029,-0.18068664051931849,,0.2474379800765893,0.8378378378378378,False,3
0.59590831608426242,0.79912958891014962,0.079279120516777463,-0.77884607340179157,0.59917872061605792,-0.18542830071894426,-0.1956836037286466,0.048752034718552814,0.97945452489769569,14.252860403387828,-22.067015530019557,-8.2183224010563052,,0.3279953212034366,0.9830508474576272,False,1
-0.077855433089729462,0.94917829850051716,0.30495752031073742,-0.96705925315366836,0.0024578306343895628,-0.25453950569301131,-0.24235290885046237,-0.31472927528947142,0.91772030098907809,2.0929954296221633,-1.8598647932367165,-3.8517352807068668,,0.5801240109108592,0.2071428571428572,False,2
0.53407735997095163,-0.84529716853362979,-0.015299360623494365,0.83488104965454368,0.53017402688861881,-0.14794976897729456,0.13317284443229091,0.066243475767319288,0.98887653194121194,5.9352830885976955,6.4277117029223048,-2.3008855383682953,,0.1560181923220569,0.1538461538461539,False,2
-0.20682578944095428,-0.97819411816090818,0.018956793440070445,0.95605939060406264,-0.20618472576986166,-0.20841857042258868,0.20778242095979813,-0.024982514977686138,0.97785599117941457,2.7934089604413228,-19.129885036947879,-7.2861569818614491,,0.3764383496733639,0.8674698795180723,True,3
-0.7035343107163371,0.64844441587773938,0.29079084091811802,-0.7035923641976306,-0.57798605993781216,-0.41338831570371359,-0.099986292498910945,-0.49543107899539529,0.86287356390017012,-12.820920683660489,10.971144165491458,-1.3350563246218639,,0.4876552397957586,0.3076923076923077,False,1
-0.67670229845066121,-0.73467567301574355,-0.048225042773001381,0.71487364090627492,-0.63996663609990434,-0.28177718540786784,0.17615242493079541,-0.22515408092645844,0.95826716683457491,-6.8499358473945406,-1.5132933033996627,-3.751178346975192,,0.1582699614368808,0.1818181818181818,False,3
-0.88716857957611506,-0.46100149262788603,0.020236976250423064,0.4383201737546959,-0.85560667517833544,-0.2753409571239423,0.1442474841810156,-0.23540357088442077,0.96113361304363498,-13.861044035424211,8.57749875743575,-1.8771029565045707,,0.1184881497834206,0.4666666666666667,False,1
0.73735305383473904,0.67184878746074272,0.070211685552429765,-0.65150768392571601,0.73476344676106098,-0.18883965444141787,-0.17846067294037943,0.093498043248692167,0.97949471878225669,15.651837628667689,-1.612760085904231,-4.1462481907070314,,0.1454227330854229,0.1904761904761905,False,1
0.82746415438921295,-0.56097946454483838,0.024599056078034823,0.55801434817179552,0.81662431729004703,-0.14746088174485533,0.062634339106833914,0.13574522006152062,0.98876194040582832,1.0338893794879529,17.654145332966248,0.062607526574573608,,0.133254796460895,0.5714285714285714,False,1
0.33555214850266768,0.93740698037134618,0.093128453151108931,-0.91874521303371026,0.34749845183231221,-0.18748882500508882,-0.20811532659294044,-0.022649042479117233,0.97784202799424247,14.126378374609814,-3.3341218538370838,-4.4294197414548426,0.201863291580886,0.1777051979499517,0.8148148148148148,True,1
-0.62622405816208737,0.77285855576661866,0.10263080316037954,-0.77106793066762247,-0.59447636316241392,-0.22814929308928802,-0.115315546544942,-0.22200789720081518,0.96820184791473907,4.6404427549806089,8.6504779868248818,-1.8151421971776758,,0.1572204712406985,0.2727272727272727,False,3
0.64658435237050893,-0.76251848987627646,-0.022231236277194956,0.74906564868714987,0.64015099683462573,-0.17060877822824572,0.14432369599795095,0.093660310956339754,0.98508802496277104,14.570961253226452,11.195153215373375,-1.57976414603953,,0.1308660203559842,0.1904761904761905,False,2
0.77484381959520354,0.62792059850721116,0.073025866687502689,-0.6083119990151159,0.77205562260547278,-0.1840832079726703,-0.17196966909705075,0.098213225044396016,0.98019416206026733,12.552563209837277,0.82801207560053691,-3.6031586399997861,,0.1023737423464273,0.5,False,1
0.57202437322464916,0.81277488749700222,0.11038613450602913,-0.79605070629069141,0.58254677065144489,-0.16414180764712297,-0.19771542542512827,0.006020154301082721,0.98024097460326165,16.155353144197697,12.983427460701144,-1.2954634835508012,,0.1150495213975258,0.5,False,1
0.34692781225132374,-0.93721862083238383,0.035529563064519341,0.92410895765497414,0.33511354385262815,-0.1836342754182114,0.16019902455492369,0.096541024914686718,0.9823523314168261,-2.9903964887825909,4.6899899300922199,-2.5628477069840518,,0.1045192115313046,0.2625,False,3
-0.78934862056564192,-0.61229915847143179,0.044927672389016578,0.588105664748241,-0.77510616855377101,-0.23095920540416545,0.17623984311769078,-0.155885111556781,0.97192558855746891,3.6803754266713962,22.89256292935249,1.0297777165287645,,0.2879019365824644,0.9444444444444444,False,2
0.43621224326962799,-0.8981042574654976,-0.055925142324592961,0.88659626929886814,0.43958459055876475,-0.14391818164711517,0.15383736245466387,0.013195850318581649,0.98800806446473999,-1.7451803674272195,-21.227916695525717,-7.6198554837113992,,0.1987676354098802,0.4583333333333333,False,1
0.59765096145079044,0.75986044491106619,0.25578395676137133,-0.77754908369213371,0.62712145297959054,-0.046218023132663849,-0.19552685423355584,-0.17126233524136103,0.96562853199416498,-12.516979110190201,7.8932465409722399,-1.993769171453565,,0.2705676175317298,0.2857142857142857,False,1
0.76508790657630377,-0.64284616541343198,0.037273352732691778,0.63858366837840574,0.75002760311751082,-0.17224834699404307,0.082773145953668498,0.15558728153370582,0.98434811125631971,-14.47956705910175,-13.237670344730391,-5.922103976616274,0.2765934616516607,0.207810998020899,0.7073170731707317,True,2
0.049586475972019428,-0.99810136252515436,0.036535619963368682,0.97922225807007035,0.041381593194121019,-0.19852287788784007,0.19663405274984883,0.045620542194801342,0.97941503737129909,0.67655232547796351,-0.88847038068055184,-3.6262356651269556,,0.2291817105472939,0.837784371909001,False,1
0.088818079507970604,-0.9902662778738357,-0.10716364895996955,0.97702034052325826,0.10754472530878026,-0.18402550437935575,0.19375913644608628,-0.088356272919124249,0.97706221198013221,14.787389085274427,7.1912476717840992,-2.3888786356342684,,0.2336502872205627,0.2380952380952381,False,1
0.55870433824334809,0.80549136178372738,0.19756803516727944,-0.78778230974731656,0.58989772589766243,-0.17725604483331539,-0.25932314759243219,-0.056606881848087799,0.96413026404640512,1.5190052998153152,18.409158938306401,0.26584709797272632,,0.2684715809951232,0.303030303030303,False,2
0.87363251653551621,0.46968448195464124,0.12713266088154385,-0.46336650458588985,0.88279260047926289,-0.077257407197731623,-0.14851837758229169,0.0085855663797791693,0.98887237779718729,-23.310305428225945,-19.936188003243156,-7.1263021356010459,,0.1950581178092452,0.3684210526315789,False,1
-0.40309667953853734,0.89218543859970501,0.20376017789464823,-0.90126109549787148,-0.3483578771326109,-0.25763390146026666,-0.15887575235693832,-0.28749249136336397,0.94451392934286771,10.19674503718827,12.47679075986731,-1.1965207189309659,,0.2533533448833796,0.2608695652173913,False,1
-0.39908665877524307,0.89372985171426889,0.20488238319192892,-0.90293987050884039,-0.34420674963457581,-0.25733500296593981,-0.15946607486576078,-0.2876954390684569,0.94435263821631599,-22.443031437693442,12.160873041833213,-1.395873162534693,,0.223972986292215,0.3684210526315789,False,1
0.79343313730574339,-0.60827025082798403,-0.02170618766221416,0.60412480403059565,0.79136770110620047,-0.093650321947563508,0.074142280651192105,0.061192022384861794,0.99536850393022336,-2.7017406482780508,14.197748642880404,-0.6535521442479727,,0.1144758617779667,0.2758620689655172,False,1
0.78115300848486136,0.59586974505000778,0.18638461382069499,-0.60053028612735448,0.79875715417990678,-0.036747572575825671,-0.17077281042030318,-0.083224128595356328,0.98178938252595482,2.063779542321885,22.710146579735529,1.0114466558283246,,0.1993151364136074,0.2272727272727273,False,1
0.79415567756103056,0.60433610096037804,0.063989349688753472,-0.58397380697900447,0.78803256992056225,-0.19488268652408422,-0.1682003346014225,0.11739908781759584,0.97873699307810336,-13.115815412034712,1.0502568776251104,-3.2974556685690097,,0.2348996825762244,0.4054054054054054,False,1
-0.43276490491947284,0.89614221032367958,0.098202219660399298,-0.88819068019649539,-0.40518174718825628,-0.21666810415370058,-0.15437568682317301,-0.18098864777013446,0.9712935996372114,8.3968911319695945,-4.2183451214469825,-4.4500414782917748,,0.115340940907977,0.4666666666666667,False,1
0.28777294573792911,-0.95634665508626437,-0.050870492494456743,0.94171201163634166,0.29223461826779229,-0.1666655784069184,0.17425618738268614,5.6490631388447787e-05,0.98470034932849437,8.7806874234638475,3.9806650111618809,-2.86162178365913,,0.1525323597318285,0.1590909090909091,False,1
0.40605309980467358,-0.90176426547681987,-0.14812862534995719,0.90001018450681836,0.42271804505192123,-0.10625969212963944,0.15843783614723969,-0.090170194058425968,0.98324299549015182,7.8035009933317019,10.284517138095914,-1.5053834345079242,,0.2643118034919929,0.2758620689655172,False,1
