axis_00,axis_01,axis_02,axis_10,axis_11,axis_12,axis_20,axis_21,axis_22,location_x,location_y,location_z,dbh,dbh_approximation,score,reconstructed,number_clusters
0.99970292654194792,0.022787986317869751,0.0086467533237759749,-0.022970172411820217,0.99950298602079057,0.021590556150676919,-0.0081504504683424517,-0.021782759584149585,0.99972950418703921,2.4260041537682171,-6.5757400727203175,-2.6713981600339562,,0.1312589472765867,0.3553719008264463,False,2
0.2202256710968192,0.97519201147519952,0.022387374676585366,-0.9722400234581553,0.22130346788644933,-0.075987577192045727,-0.079056881901839696,-0.0050314864985902498,0.99685740884420038,-11.06402120315397,8.1748927971158292,-0.99250137302080599,0.2591116271730248,0.2442101254555273,0.9894736842105263,True,5
0.96117633009732484,-0.27555876389298672,-0.014402433905717301,0.27527006155036521,0.96117453714121093,-0.019232846004641424,0.019143032014217853,0.014521597472366369,0.99971129208994847,13.431246787277033,-0.99209642161336986,-3.4585036371328006,0.2155221277569211,0.2473143369083144,0.8021978021978022,True,5
0.34470380636880127,0.92381429960882289,0.16657258391799953,-0.93869434091905568,0.33815420028791493,0.06711684702203817,0.0056762841189340052,-0.17949617451605987,0.98374229508174582,3.6903106741289999,-1.6285788335696492,-2.5306341289536221,,0.7057191708733994,0.3759398496240601,False,5
0.89850855080504832,-0.42214410387467671,-0.12031932385971486,0.43681912227211722,0.8869028740144379,0.1503075064071927,0.043260126532753448,-0.18761036119782251,0.98129043296243046,-3.9718533927375157,11.023981033943059,-1.2054350742408821,,0.2401025952477861,0.3274336283185841,False,5
-0.98584903529872692,0.16761914866638974,-0.0023453359935487754,-0.16080958812212684,-0.9495653179249125,-0.26919506563484868,-0.04734929744526116,-0.2650085432481627,0.96308281888782843,-5.1988367187793321,-16.482543049746422,-2.5434375165380292,,0.3311054394901571,0.3103448275862069,False,7
0.94505527144056412,0.32566699214496553,0.028487613969124144,-0.32580629256399729,0.94543650796333978,0.00026293685598848676,-0.026847600416162559,-0.0095299337530826318,0.99959411098433248,-22.462498322358215,2.4815196874349117,-0.90539606575480658,,0.2199355041751483,0.7837837837837838,False,2
0.93340174585428681,-0.35856534665264994,-0.01385904094934242,0.35782533739794437,0.93297844583650102,-0.038887626831110217,0.026873941880897825,0.031338662772577894,0.99914747633340417,-15.545009076742497,6.3678598516219171,-0.86281207114626157,0.2385003907015578,0.2121101943738842,0.9038461538461539,True,3
0.94489488917191633,0.32703443828176332,0.014903844957740948,-0.32606728786283828,0.94421127437329722,-0.046316229683862994,-0.02921938059860188,0.038904312409895891,0.99881563978211141,-7.8674996614033823,20.984992039060732,-0.41083264847056727,0.5046146157369209,0.3238514084423194,0.9827586206896551,True,5
-0.60637028632224954,-0.76073689229181563,-0.23150476576447401,0.79323810778609416,-0.55833866671358856,-0.24296344912029377,0.055573196969494948,-0.33096421854738811,0.94200547016453517,4.5812232406879927,-10.204709907418707,-2.9132241660596421,,0.4746713164175635,0.302013422818792,False,5
0.76150799367387623,0.64794831271732367,0.01638778867209759,-0.64647598250165395,0.7611109085314991,-0.052716116727979781,-0.046630243611946377,0.029549432500977975,0.99847506299334365,-13.7844066854113,-13.504604577301402,-1.8933234554823013,0.2839314591809204,0.2693113898677696,0.946236559139785,True,5
0.71237585867101094,0.70152288574111654,0.019653924905651231,-0.69940413366941512,0.71197851406042001,-0.062613523478974392,-0.057917991927169912,0.030858326230911125,0.99784431146013552,-1.5948748980288823,-12.748905613654159,-2.4428573023248412,0.3867153337715198,0.3358361405572472,1.0,True,5
-0.95775221747197314,0.27616156536677405,0.080283745189743211,-0.28602112929168544,-0.94380746585311837,-0.16558798567113597,0.030043360767857123,-0.18155510792618409,0.98292173608059175,2.4381380759211519,-8.8937587568153038,-2.773975159467795,,0.4279850465485865,0.2848484848484849,False,5
0.62634260498592498,-0.77883526093515476,-0.033325328258149385,0.77724111135363849,0.62720457831605292,-0.050106603967363321,0.05992658843289253,0.0054820856843276001,0.99818773321221677,17.629165171665228,1.4195162648297039,-3.5932048591620553,0.3111099602640754,0.1749487503349938,0.5333333333333333,True,3
0.87336714082427958,0.48401961171827013,0.054358557748702685,-0.48485210076416224,0.87459269069948198,0.0024628762900671466,-0.046349516858352584,-0.028506856142628385,0.99851844321467698,-14.965361307386432,-17.010186549040046,-1.9883388304364746,0.2167178987634335,0.2348125286990514,1.0,True,3
0.29152630565048954,0.9564539171605696,0.014433206919442334,-0.95363828314094057,0.29178089918078504,-0.073742333847337055,-0.074742478161865231,0.0077337714896842918,0.99717287906198526,-8.7526591797798918,-24.910471040112419,-2.7909254380680362,0.3225916795122006,0.3375995397897209,0.9574468085106383,True,3
0.95242486637801627,0.30452207875656556,0.01237648797515037,-0.30352367052657836,0.95141063038211071,-0.051876717571463629,-0.027572728100283769,0.045652118742685606,0.9985768016128822,-2.1424662167769952,11.472325938300926,-1.3781778406347911,0.2918641640432078,0.2431125329484514,0.993103448275862,True,5
0.68490807529852216,-0.72536311379141871,-0.068915031318943609,0.7254754697411947,0.68767707153338498,-0.028028344422393499,0.06772201410668835,-0.030799325286194175,0.99722872520162054,2.4463385445497972,-6.4222810597892712,-2.6559685050442088,,0.4082290082541032,0.535593220338983,False,5
0.43433621335677219,0.90034660634669794,0.026982257260696772,-0.89769226007491898,0.43513361354543273,-0.069335016870814045,-0.074166434244088031,0.0058929451784194972,0.99722846591372427,-6.7844249845030049,-17.065888206620667,-2.4175309693011635,0.2372316524218889,0.2500211331716266,1.0,True,5
0.99248575761393598,0.12214490649118059,0.0072555324926650245,-0.12167120453629141,0.99144439100646298,-0.047266664029863507,-0.01296683925169561,0.046028701481627694,0.99885595544089145,-14.802009304083519,1.5753037627033559,-1.157890289896633,0.5087581014493844,0.2931502926267678,0.9444444444444444,True,5
0.43713173037035558,-0.89906492019791917,-0.024456483249401192,0.8967140236655905,0.4377653009674437,-0.065310803320358796,0.069424851925559722,0.0066189529680257325,0.9975652256352574,6.1521927713021798,-7.1235172299968381,-2.944145950569601,0.3270076868710454,0.290772498328404,0.9902912621359223,True,5
-0.9519977354281195,0.30498539903256361,0.026157563278701529,-0.30497052323403467,-0.93764951013522468,-0.16675243956695643,-0.026330432926376029,-0.1667252306044899,0.98565176699572177,0.048986227702391229,-5.4958287272053132,-2.5285892948852111,,0.1137191978082784,0.2941176470588235,False,5
0.99269572554349961,-0.12064411953773846,0.00043921364927909407,0.12049267088607632,0.9912535827944795,-0.053831690107673733,0.0060591047528085308,0.053491410694361231,0.99854992675956022,4.127182215611743,-4.3592112774906715,-2.6505247300278763,0.2625070130368327,0.2350966507317957,0.9671052631578947,True,5
0.8901564706163605,0.45535274132232623,0.016593335712455474,-0.45405857525691906,0.88949509254346371,-0.051276608475508884,-0.038108634920189961,0.038109858453378664,0.99854662917321113,-0.78765180594664186,-4.149855816493079,-2.4087465438159255,,0.0769637939456191,0.3553113553113553,False,5
0.99241943763178087,0.1227512813114669,0.005981868187634398,-0.12247965700497759,0.99188508607266446,-0.034098528510305232,-0.010118963907642626,0.033107385324397894,0.99940057414753358,-4.8147940576001131,17.161815943705562,-0.80755419021725183,0.2988807437969959,0.2692443370888341,0.9634146341463414,True,5
0.81504346169288933,0.57881596424683035,0.026004520466356727,-0.57727546341447356,0.81507664205570185,-0.049021494416305732,-0.049570100779381392,0.024942876903337203,0.99845914187837892,-18.12846072090176,-14.922932770120044,-1.8029002110564183,0.2706726359437573,0.2754743305534776,1.0,True,5
0.96566705160171085,-0.25971871735303736,-0.0057735004416585578,0.2591193963781882,0.96455020178215911,-0.050000466623800602,0.018554888074578009,0.046787777233883547,0.99873250674545033,-20.052175212297072,0.31859550244946444,-1.0524073193109613,0.254760667726917,0.2342776230869537,0.9830508474576272,True,4
0.99696666873758699,0.077614952207807023,0.0057775963910799899,-0.077213536150963949,0.99566736775026021,-0.051812765148484291,-0.0097740094813839589,0.051209491220358984,0.9986401037148519,-1.8273406214617489,-3.3317196101547468,-2.2298621956804254,0.3058121618465395,0.2913072852586504,0.9443339960238568,True,5
0.56865525738762035,0.82118486539095537,0.04781856436842933,-0.8198239785145246,0.57054556446651739,-0.048645689636385207,-0.067229773895469205,-0.0115401785264017,0.99767077825380002,21.945384080336225,4.7926572042155273,-3.6648655463669857,,0.3542894104635724,0.8,True,1
0.97510273957894411,0.21342995818090962,0.060185548236561713,-0.22050304020910572,0.96199233418607655,0.16108742417013117,-0.023517153828257135,-0.17034788498282374,0.9851033151693781,1.1920056736822162,-3.3156709527957586,-2.4773331251058313,,0.2925332441305244,0.2676056338028169,False,5
-0.033891281293639199,-0.9429625400937357,-0.33116918490742092,0.99628163172607065,-0.0056137726992240393,-0.085973227468323227,0.079210424424529038,-0.33285151875280916,0.93964651605081517,1.0109706086371451,12.745503914243448,-1.4106724961587098,,0.1704584835696756,0.4242424242424243,False,1
0.99463123331904824,0.10090524946622395,0.022953002775010587,-0.10125699947012076,0.99475148777318578,0.014713858479090243,-0.021347828098860523,-0.016959015395766362,0.9996282619215352,10.191457350578855,2.7948601011304572,-2.878338304729954,,0.3016701376874682,0.3409090909090909,False,5
0.95841999700809877,0.28490247352668302,0.016176832612583791,-0.28411638259879102,0.95799365664033109,-0.039064497640014517,-0.026626875032105105,0.032844092547472108,0.99910573770285183,5.725281341972984,3.8845057765716575,-2.3849048056624533,0.3040302692879142,0.2669546955892578,0.9691011235955056,True,5
0.79663543844646245,0.60396140026741818,0.024548018213944058,-0.60241926173540616,0.79662517612109196,-0.049793190902047396,-0.049628734634090371,0.024878821456389439,0.99845782732249677,0.45426954835012606,14.247204065279631,-1.3152477666046036,0.3515793023028809,0.2507694546541607,0.941747572815534,True,5
0.81527287001872617,0.57895765251332243,0.011755169402991006,-0.57709482042395799,0.81399297231720835,-0.066158969596246273,-0.047871867012575953,0.047153765644541032,0.99773984922637593,-0.70308168990829301,-20.722556772803678,-2.9461076618330515,0.2423986050666663,0.2727554605800676,0.9850746268656716,True,5
0.98772899576970541,-0.15617082936710422,0.001450162252917222,0.15591216127417157,0.98546689592676062,-0.067426960477922043,0.0091010374455675405,0.066825661891712115,0.99772315901263353,10.996594687897685,-10.413730537982143,-3.7190760611260854,0.3924452221251729,0.3300659035781812,0.9829059829059829,True,5
-0.26276128992514253,-0.87361765423777471,-0.40957135974206293,0.96175645971698942,-0.2031232944898933,-0.18375374670524325,0.077337033234523844,-0.44219127245984768,0.8935803611599924,8.5150933965534676,1.8325251929718924,-2.7815616896252227,,0.5432244830000623,0.303448275862069,False,1
0.82088177260293116,-0.56216331943189302,-0.10062563139471425,0.56954438860416823,0.81882905472160394,0.071681019476764113,0.042098750786378501,-0.11615240604068242,0.9923388099601802,-16.616078461663395,21.29189555284567,-0.13008017209198242,,0.2459483980273068,0.35,False,1
0.99696813611964885,0.07236369175960819,0.028601253067561262,-0.071060696064969134,0.99649161611471559,-0.044213532858678781,-0.031700363355588818,0.042047058494070567,0.99861260348301295,10.671195895435302,-16.785057512725611,-3.639228090953361,0.5824920899067032,0.3140106657412102,0.9830508474576272,True,4
0.96200309678720919,0.2717737331423713,0.026250328487099843,-0.27176312297118776,0.96235569751066896,-0.0040393640221148414,-0.026359946220898271,-0.0032479905503484726,0.99964723967638636,8.392762816594411,19.313136909435155,-1.6018069727804878,,0.2873522841374213,0.3846153846153846,False,5
0.87406698158685514,0.48545911915607726,0.018339992580392765,-0.48399197357086715,0.8734423205930818,-0.053388033452716803,-0.041936633372509254,0.03778830804861489,0.99840540991933835,3.4552998056055007,-20.729638811704994,-3.2777197243144687,0.2697633542212428,0.2870431806258752,0.5263157894736842,True,5
0.93892181887314374,-0.33534648669617917,-0.077256403647061322,0.3429848188474805,0.93021313385182069,0.13063284292143748,0.028057656425816219,-0.1491518000900609,0.98841616156646617,7.7703429404308926,4.6203585716875928,-2.5860336820764034,,0.7497661440554572,0.3117647058823529,False,4
0.56393148580581054,0.8253661389436141,0.027422910169442954,-0.82318129589935518,0.56447173716239019,-0.061189966712951079,-0.065983584309350349,0.011932922114228948,0.99774935328042524,-3.7111198909201182,7.5153996439758473,-1.3535715848448771,0.2603799198484579,0.2252850057773614,0.9569377990430622,True,5
-0.9139860849962852,-0.40381220678429586,-0.039561826110021313,0.40528817626904357,-0.90397749338124189,-0.13625779110450367,0.019259558916941599,-0.14057166539585064,0.98988316294306222,13.507311697929211,5.5123167903343013,-3.0136279208385526,0.3638668092809559,0.2541797985746337,0.9411764705882353,True,6
0.98706407962535236,0.16003213474035283,0.0097066247378737574,-0.15948725537070121,0.98628322768442334,-0.042534811187040555,-0.016380417811431534,0.040436501318017473,0.99904783232510019,6.7243419911985187,7.9898368150717518,-2.2158863481941404,0.2882733975267656,0.252891316686897,0.9577464788732394,True,5
0.90181352672839887,0.43010195570612775,0.04176925552905645,-0.42891291980593282,0.90268229879932194,-0.034617548410040125,-0.052593442873014783,0.013303200071261649,0.99852739303167226,8.9048441813282118,-3.6954343541822454,-3.0506023057670553,,0.3018371769101874,0.5925925925925926,False,7
0.96066515515974471,0.27473390229875955,0.040543095461503448,-0.2740989735331042,0.96148135876453167,-0.020575457623341269,-0.044634206277289735,0.0086533043403571198,0.99896591931556455,-20.251560294906,-11.335925459392474,-1.5838253287328226,0.2393870060961572,0.2303052067787683,0.3333333333333333,True,4
0.97572466526227897,0.2184959101710944,0.014863204140418374,-0.21790644802945763,0.97538669174292436,-0.033728051796380026,-0.021866812890770276,0.029670504028396383,0.99932052099649293,-13.964483606770578,-7.3162565843727307,-1.5606066027840257,0.2986667708008283,0.2756717429604383,0.963302752293578,True,5
0.69300772135472932,0.71085042312621949,0.12013315147784837,-0.71898279008599364,0.69371225806752668,0.042744012060320989,-0.05295324072127508,-0.11599559883084888,0.99183717179231934,7.1059584587101385,4.4278039461749712,-2.4900295887670723,,0.2394805380541631,0.3789473684210526,False,6
0.086258779764807933,0.99560370100311901,0.036506074321653481,-0.99327194632092719,0.088783087886190673,-0.074353237705092404,-0.077267480645633824,-0.029846839938001204,0.9965635466845012,-8.0504606338372255,2.9489762303663714,-1.4381854233595734,0.2859277701975265,0.228784664132141,0.8959276018099548,True,5
0.9693576726651949,0.24546895394781007,0.009523397129426979,-0.24456749833741284,0.96798780837823051,-0.056447688952601521,-0.023074687475596004,0.052388886978804977,0.99836013708432203,-23.389247885254292,-1.1785907232946609,-1.0563841969532684,0.2163183078049937,0.2396685029398724,0.85,True,2
0.52390824195663255,0.85139775680193852,0.025337989709886013,-0.84892674509838117,0.52435598791638072,-0.06613757927914253,-0.069595513264714665,0.013139925755653146,0.99748875025463701,-6.4605355390674051,5.8878936108412816,-1.3145104792816624,0.2465364932770663,0.2258373045542562,0.9554455445544554,True,5
0.63887020644173853,-0.72457255949131572,-0.25853329641129869,0.76653257804719821,0.62809216327175454,0.13389563558578615,0.065365634039640741,-0.28371612655753253,0.95667784202300021,5.0240852299336485,-12.468796412115166,-3.0212161350969988,,0.4271422616253499,0.2,False,5
0.92507555935589425,0.37944558189910799,0.016008118553650641,-0.37816863683563695,0.92420681991437692,-0.053199963699534218,-0.034981303524262965,0.043160217805322511,0.99845555935291486,-6.379598733660603,-3.0630382840663324,-1.8308908007713161,0.2739982735475798,0.250795700160893,0.9851024208566108,True,5
0.99835768289194182,0.056512673071178632,0.0093944022152825206,-0.056091827510946303,0.99761397278854913,-0.040250070602795798,-0.011646625997029206,0.039657018034616194,0.99914547340389215,-0.71338847791269033,21.953057527701606,-0.83763813009803767,0.3339034643040578,0.3314866896619383,0.971830985915493,True,5
0.37543492279549173,0.92665581757014015,0.018910698267367645,-0.9238611678597618,0.37578374036966405,-0.072574947430798398,-0.074358330174509921,0.0097763099992348012,0.99718366537787761,-7.7683283964857486,-9.9112531856511055,-2.0050723311075824,0.2694827666530079,0.2279179410446094,0.98125,True,5
0.99840554403657533,0.05602295917607919,0.0069135867815952913,-0.055850823571795535,0.99817449400008174,-0.022986192247391828,-0.0081887204973336691,0.022563412260499349,0.9997118771344975,-12.803426283929214,18.538518469143039,-0.3840841851468319,0.341123338660602,0.2849479924123028,0.9215686274509803,True,5
0.99100333942404195,-0.13383687016156387,0.00027099032397572052,0.13364825058284946,0.98949509964724247,-0.055114361923544575,0.0071081901031730677,0.054654734099182117,0.99848001165471867,7.2109992331449231,-1.4626318656159703,-2.6226672137136986,0.3140639598848709,0.2893119262877669,0.9447236180904522,True,5
0.93361564318031276,-0.35497564747840271,-0.048519279738065212,0.35707638454997992,0.93299092145073059,0.044993289357772505,0.02929652548898478,-0.059331527772392076,0.99780834001649255,4.9103507979397207,-13.393983720760291,-3.0106624972944651,0.3752997819989629,0.3137190925834263,0.2622950819672131,True,6
0.65130091290526426,-0.71655195860709109,-0.24972066687623254,0.74805355288882491,0.6615351132370465,0.052793711413892531,0.12736955232383709,-0.22118902452605785,0.96687766163565703,8.3310301240765359,1.6686732600522953,-2.7609099472938108,,0.3425390024737777,0.1964285714285714,False,5
-0.80593624970189981,0.5917753109148004,0.016393376959247342,-0.59037913018603538,-0.80136904099584194,-0.096229635633648933,-0.043809177773805177,-0.087233259282775588,0.99522415285084764,3.1127350933547673,-31.175742620649437,-3.7420397484244612,,0.3082669362738378,0.9142857142857143,False,1
0.82783098712759284,0.55975823517621992,0.036967213903128869,-0.55884446012893019,0.8286318707222966,-0.032589756158537299,-0.048874596004067121,0.0063198873148047419,0.9987849282451996,-17.664124867143332,10.124518463140788,-0.66765324020029182,,0.1528100081149689,0.7307692307692307,True,4
0.30396505062017476,-0.94987754309455918,-0.073060941180077388,0.95107091298110891,0.30701674968598647,-0.034710717271939188,0.055401863531425843,-0.058935291098767724,0.99672326399073752,11.884451503449537,11.390693134794349,-2.4066622599700187,,0.184323962266506,0.3137254901960784,False,4
0.83870202618605771,0.54049310830796271,0.066679165734113602,-0.54413979625813469,0.83668343404713363,0.062231128217723392,-0.022153857441907454,-0.088476160985271973,0.99583190124526111,2.8039726156059603,10.491718660552161,-1.7955504112990206,0.4777941281101717,0.343745895363521,0.2330097087378641,True,10
0.99228205630196031,0.12380771708470081,0.0069260328780768599,-0.12328337103259505,0.99099867230680638,-0.052180857725674767,-0.013324082257064825,0.050924264122540669,0.99861363307116213,7.2052140539187191,15.643452196766937,-1.7582048525673903,0.2748065538583207,0.2331793167335421,0.975,True,5
0.82634939678867958,0.56271210800758475,0.022399953764375945,-0.56110923587741168,0.82608147637759433,-0.052400570596912381,-0.047990622417854338,0.030732358963722804,0.99837489064603013,-12.930211260666777,-3.8952423998382786,-1.5129736863035279,0.2743451560895397,0.2564172152895077,0.9603174603174603,True,5
0.75993546850184102,0.6496558069143481,0.021104887001662683,-0.64780413424905658,0.75963635015406938,-0.057466678818536218,-0.05336560093090098,0.029999134438672893,0.99812432320338385,-3.8534369820658587,-16.299954216108816,-2.5579588991403202,0.3094425956141148,0.2892659064585513,1.0,True,5
0.20726425960989903,0.97783068828058128,0.029810597865281847,-0.97528292804983252,0.20891768795966789,-0.07194866164240199,-0.076581570517366679,-0.014161381087732582,0.99696274671764062,2.2854051170940446,4.1296175082935234,-2.0649693283188313,0.2989876706914881,0.2625560234972878,0.9876543209876543,True,5
0.33002635298990346,0.94351672597720915,0.029305189530731673,-0.94075378207756843,0.33130396085968905,-0.072249616091942845,-0.077877646593455502,-0.003724690581791249,0.99695596635013717,-6.3177511313085715,9.9531831381564491,-1.1003397846326681,0.2961056332695007,0.268116787371334,0.96,True,5
0.96493494537645907,0.26228240392200391,0.010415938950731353,-0.26138831598234313,0.96376174869149378,-0.053286396266113631,-0.024014567646437456,0.048695301128644126,0.99852494620252041,0.62257246020263135,-7.8682986450177319,-2.6344249221490741,0.2973071804190501,0.2770032058413005,0.9665970772442589,True,5
0.8581047998367386,0.51298047450547835,0.022520774260362222,-0.51163278241537269,0.8579155586999947,-0.047040302915491258,-0.043451679542405239,0.028843143320579533,0.99863908627107822,1.8833255302571956,9.2843499181624942,-1.7090780863419615,0.206268327224977,0.1774525791280794,0.8299319727891157,True,5
0.88954604648044322,0.4561949159853364,0.024372726973906224,-0.45492462212377099,0.88943147233136055,-0.044218143470888503,-0.04184996268286123,0.028246321098503765,0.99872454959705637,-19.223192569417783,-6.7377056493189409,-1.3715064867283282,0.3066173634235585,0.2754885964745456,0.9787234042553191,True,4
-0.79466882682327189,-0.60318767906366177,-0.068308707359436824,0.60320276596377176,-0.77198851881685737,-0.20044986891641933,0.068175353383604434,-0.20049526338731186,0.97731968697569638,4.7210725837228251,0.93164271590019787,-2.4741776499301951,,0.3580426668571825,0.1422764227642276,False,3
0.68637395055811745,0.71197225129762265,0.14827782496866551,-0.72327938670455871,0.6895617654342614,0.037033774037529749,-0.075879699284597868,-0.13266531209543822,0.98825208636415229,1.7994232003163069,12.889828051157711,-1.5414268308014145,,0.1681073515191988,0.25,False,3
0.062268566862270357,0.99293542977197558,0.10100424686349133,-0.99523726674056345,0.069378793873312652,-0.068478944584865309,-0.075002723095175902,-0.096259104838069875,0.99252646124125177,14.209414216841207,17.998450491078589,-2.4074415506571989,,0.1348079822318364,0.3636363636363636,False,2
0.34366895863794789,-0.9046561870123806,-0.25196989933110853,0.93624799897395539,0.35092682402191511,0.017030813226512752,0.073015965966170535,-0.24175927589673232,0.96758520101948364,10.695988281144823,3.5169176569992762,-2.8505167222222534,,0.1705935380657404,0.3,False,3
0.58004515955472591,-0.8100305905316747,-0.086011948472512104,0.81211480770364153,0.58326963978405888,-0.0163115423749806,0.063381006505175155,-0.060390145794490424,0.9961605685356707,-11.891948152076829,12.656924557691221,-0.71346649543306817,0.2521826829501774,0.1826574224171199,0.2173913043478261,True,5
0.76515135341555707,-0.64155676457106947,-0.054298473269903925,0.64262182484620667,0.7661781220215057,0.0028767285116516814,0.039756717642085326,-0.037094516693168059,0.99852060581323421,13.536305401657307,1.8726423980772173,-3.2862147543185181,,0.1730173401158629,0.1363636363636364,False,2
0.89977364073432187,-0.43285717719146771,-0.055154869173425242,0.43553314835606544,0.8986352306946972,0.052588961173822828,0.026800599298464185,-0.071339934876075303,0.99709194238501431,15.561765448131245,23.727063371752937,-2.1032148333524647,,0.248177796075285,0.2727272727272727,False,2
-0.066953397545813628,0.9946525767592248,0.078635196339209415,-0.99463506753017716,-0.06030754875131826,-0.084048093392098483,-0.078856356727354415,-0.083840629230947164,0.99335412814053703,19.617443176161146,7.4213564910264651,-3.4712765019077327,0.2628444715270182,0.2339381323682168,0.9333333333333333,True,3
0.95769351231916677,-0.28503415946862093,-0.03973240991677697,0.28710914175978153,0.95576988568078081,0.063814311433319282,0.019785782262514904,-0.072522090164058375,0.99717053168377201,13.559794505919529,1.0456803394078333,-3.3401543725131786,,0.3773716825251593,0.3582089552238806,False,2
-0.42066765827061531,-0.90532692457014829,-0.058496845500208651,0.90424308566416667,-0.41320244223035646,-0.10774128161209753,0.073370043707668448,-0.098218640711564595,0.9924565155729036,-23.948431911241258,-7.6346804172933487,-1.3142229825177727,,0.1634540373075521,0.3636363636363636,False,1
0.514273323138704,-0.85467857489491639,-0.07104563831416992,0.85508322936390202,0.51736076323181557,-0.034212739276367678,0.065997120910487747,-0.04315523472056456,0.99688615485808552,7.8819332661484358,-2.5713062599424918,-2.7888702895968707,,0.09167570463015495,0.2173913043478261,False,3
-0.41287444579493388,0.9097528370047947,0.043410454630825629,-0.90854411252085432,-0.4080456221929919,-0.089701537405044857,-0.063892782168415332,-0.076475785519751691,0.99502219403183079,15.714443049024078,16.193228834178573,-2.5682398427145841,,0.2857442200481194,0.7755102040816326,False,3
-0.88425490027818476,0.42439588419531965,0.19488818540920258,-0.46581757502644044,-0.77179955803254985,-0.43282725077939432,-0.033275488433762206,-0.47351195940423196,0.88015860284988467,1.5165985599785845,10.799685079594479,-1.5870877829570138,,0.5645751873608796,0.3076923076923077,False,2
-0.99612920129129101,-0.027621851902270959,-0.083448472917509231,0.057132379806450889,-0.92492224146064639,-0.3758387133187136,-0.066801987338901081,-0.37915152716150796,0.92292015577658204,7.4710866295032234,5.6162016559997863,-2.4854134001338268,,0.2736808214197534,0.3333333333333333,False,2
-0.094957786343190465,0.99491531613491235,0.033563857540041354,-0.99238822436439222,-0.091953123744949253,-0.081916025150363475,-0.078413206513252037,-0.041086941401292695,0.99607390905022575,-16.72226211183191,17.38801784946585,-0.31011217778919986,,0.2489962030693373,0.8709677419354839,False,1
-0.88794520201573568,0.43201344318091334,0.15785342292204751,-0.45876023577998992,-0.80719688493376696,-0.37144614013381755,-0.033050934696661372,-0.40224069145748487,0.91493719011278718,-1.7248901756854573,-22.404183529456244,-3.0271982336823067,,0.1138102219414221,0.1428571428571428,False,1
-0.91711396507079201,-0.39583665203268631,-0.047067185805871686,0.39711593305815579,-0.89698607995304058,-0.19420326485882816,0.034654159685105351,-0.19679765567209345,0.9798315018096162,9.7564479856895847,-16.456478308799415,-3.5087052405965338,,0.3275798002753078,0.4047619047619048,False,2
0.37897845636717897,-0.8607598575163401,-0.33980552864542923,0.92313455895239505,0.3773481654877372,0.073694966387167007,0.064791324089854163,-0.34161503141912375,0.93760399670180283,-13.974340961158335,9.2265538302689993,-0.7732533618876215,,0.3176363384216347,0.35,False,2
-0.69078428786198187,0.72215997752771466,0.036083715166063783,-0.72118268028503441,-0.6845367982409063,-0.1063245668271588,-0.052082715942130854,-0.099470290596036237,0.99367653287618307,13.771789119647783,10.058510556093909,-2.8014634325836654,,0.1329376568517575,0.6666666666666666,False,2
-0.95575741964030381,-0.27497058783048717,-0.10449368703737323,0.29304208782669683,-0.85915246909955056,-0.41950371822227789,0.025575174773179828,-0.43156483947177871,0.90171930209296247,17.946600458646518,-0.51937507279858319,-3.7229929015599108,,0.4344751410242084,0.3421052631578947,False,2
0.99490382730722859,-0.10027566813198792,-0.010543471444917843,0.10018947036605577,0.99493283551063527,-0.0084096878975976549,0.011333333013530631,0.0073104858558932298,0.99990905204391167,-4.3949930597525579,-7.5851836368054641,-2.1383143471364039,0.201192310457142,0.2052630745458551,0.25,True,2
0.63435747932230369,-0.76638290681706356,-0.10123155914279512,0.77080180338197868,0.63703149592026909,0.0074466844081346115,0.058780679912220433,-0.082753328296888889,0.99483502065661378,-12.532936370579886,12.115599235159044,-0.66425511596683939,,0.3200383614740526,0.9041095890410958,False,1
0.99996280851588659,-0.0080836459040240557,0.0030060362471571386,0.0080281285521109323,0.99980497175798277,0.018043491900707857,-0.003151307184589881,-0.018018687991040994,0.99983268407574621,17.812867511370147,0.34670255778956016,-3.6697920370215438,,0.0949775130897116,0.2666666666666667,False,1
0.46401325537400595,-0.88162057085074419,-0.086237276684881278,0.88318763333314054,0.4679438534076944,-0.031751446980628685,0.068346932371707858,-0.061430604024098875,0.9957685362194425,-18.1475949512472,8.1913540386606272,-0.75888786193240654,,0.1414239118031024,0.3636363636363636,False,1
0.94164405774675453,0.33580336369818664,0.023293119997311072,-0.33525465850745229,0.94180781932041702,-0.024542726335337144,-0.03017917260756665,0.015301385424303392,0.99942737862478981,17.609198850138661,7.7687324282295664,-3.2356393055299257,,0.1303146313774804,0.45,False,1
