axis_00,axis_01,axis_02,axis_10,axis_11,axis_12,axis_20,axis_21,axis_22,location_x,location_y,location_z,dbh,dbh_approximation,score,reconstructed,number_clusters
0.033526970741063727,-0.99829906601032647,0.047696090362188415,0.99714047312175813,0.030177888824296388,-0.069283272790945483,0.067726059205035785,0.049882560369517853,0.99645617619418547,8.7105959367457384,-2.0353110840936406,-3.4810938730399403,0.1646767555325004,0.1838132996424689,0.8083832335329342,True,5
-0.99121035947582847,-0.11848565689972193,0.058848724513282991,0.088066267095355782,-0.92290090677605419,-0.37483096039658514,0.098723633784866149,-0.3663537435061614,0.9252235290735602,8.6898272939103176,-1.7126437864510788,-3.4754269099389532,,0.4248713661524225,0.1901408450704225,False,1
-0.14370017268999694,-0.9884433130017346,0.048270874769590792,0.98605291958946706,-0.14715004945327079,-0.077759261281142383,0.083963683446797721,0.036423617723345757,0.9958029021518221,8.3395096646147628,-12.440483947322248,-4.1733566108319549,0.1094940766531297,0.1820190751864765,0.8809523809523809,True,5
-0.69679922438494313,-0.71321869602862886,0.076091606184688965,0.70796451611486844,-0.70091131648474536,-0.0866577771804833,0.11513941470575281,-0.0065129147733374998,0.9933279907071848,-17.776627512422269,-3.472420224858487,-2.2300800747269034,0.4898832909791502,0.2447603945844582,1.0,True,3
0.91464091137709969,-0.40370464091483332,0.021320556725711662,0.4002775840644624,0.91174516061393107,0.092187948196031724,-0.056655616939416592,-0.075784728018926092,0.99551334298858696,5.8080366033718525,0.1814148911057232,-3.202711586514309,,0.5981812557396617,0.3975155279503105,False,1
-0.49216959347275446,-0.86834738266162526,0.061171188361591099,0.86401743706711531,-0.49585671992171021,-0.087177874213910878,0.10603282371434553,0.009946674478852266,0.99431288031583642,-2.6621353320221823,8.7517110735338992,-1.8872422564397169,0.3500874500359025,0.316060098435278,0.995475113122172,True,5
-0.81782104621916396,-0.57530190697794903,0.014016140286426601,0.56245920459537846,-0.80424048425948091,-0.19192937931439927,0.12168968537607248,-0.14908037867409596,0.98130864724991684,-9.4446816521161168,-0.30659190776576539,-2.1942126153165478,,0.2230860339382979,0.2307692307692308,False,3
0.32539307140806478,-0.94182485197970056,0.084174207884854552,0.94480310393721034,0.32023026662095561,-0.069279658850817175,0.038294175408800278,0.10207117386063685,0.99403975352924046,-13.623032133692647,5.2436208924416361,-1.5428213610256556,0.3414086905638739,0.2869171196969448,0.9920634920634921,True,5
-0.68886795410965362,-0.72101702913882115,0.074802309406923742,0.71557444628418321,-0.69287554262764373,-0.088750742270323132,0.11581948724573674,-0.0076109211188330403,0.99324111888999955,-9.6400159287641731,-10.96225763594132,-3.1303321457213604,0.2614348510596202,0.2444230553985197,0.9777777777777777,True,5
-0.71982263505532063,-0.69021699794171054,0.073863860001675427,0.68424282028964145,-0.72343312824102246,-0.091957989568524495,0.11690653080171112,-0.015652626480579336,0.99301956594025242,4.0016748655701759,-15.862218672613679,-4.117553419554655,0.271677355777087,0.2314958117387064,0.9528301886792453,True,5
-0.91305874270847753,0.39514669637370481,0.10090996337608503,-0.40457286566353934,-0.90880599651837102,-0.10194340126287406,0.051424981598511617,-0.13390574684157106,0.98965889185637856,4.9482178275177402,26.970025726871071,-1.000614939996042,0.3947990338007488,0.3442510913661255,0.9375,True,3
-0.33810810245560019,0.92183827391759876,0.18946532082282858,-0.94034100927809205,-0.32279326305416756,-0.10753276522392308,-0.037969689539602031,-0.21451971020740029,0.97598135054354418,-2.9426536346510797,13.269207499992378,-1.4642536992971076,0.3532928977392304,0.3771249397410886,0.1739130434782609,True,5
0.5437056790063084,0.79106173485755915,0.28036666396067456,-0.83210325249905925,0.55167232903158736,0.057112332830578483,-0.10949114939928195,-0.26434631267527203,0.95819242074763422,-4.7195499721854777,2.8120424133173434,-2.3030261765310751,0.4692216935566032,0.1710096499761374,0.1333333333333333,True,5
-0.28101541967627747,-0.95906278063047401,0.035055908396584644,0.9554441382128539,-0.28301912221431252,-0.083825265974751095,0.090315185095660527,0.0099377698898732852,0.99586364933697291,11.357453250792966,-14.73335319174201,-4.5649493570700095,0.2354518167974631,0.1723839240002648,0.28,True,2
-0.98869334028142031,-0.12015575804804179,0.089711051108922149,0.1105923529565719,-0.98831536602328252,-0.10489074673103152,0.10126603749874008,-0.093783426521773045,0.99042912848882769,8.6553702716968495,-9.3251049028584685,-3.9694208230942238,0.1950210271540628,0.2132396155172961,0.88,True,5
0.8445748546109989,-0.53518153072628549,0.016554278247032733,0.53343073290869658,0.84368149105422197,0.060441664777002121,-0.04631380082978407,-0.042216949463394111,0.99803444881963088,-8.3518413163919547,-3.5218444347082372,-2.5834672986884453,,0.1708677000363189,0.2941176470588235,False,5
-0.97713730527453413,0.16597833110026272,0.13286790525177566,-0.18340862143654826,-0.97414431798044143,-0.13192469567585291,0.10753587412379276,-0.15327766096725587,0.98231461071534509,-6.0577944981635241,-3.7468332800314919,-2.7126533432206492,,0.112061488559396,0.1654676258992806,False,5
0.87072661906964599,0.47253785255027436,0.13617317191987288,-0.47867253135854954,0.87787507735518611,0.014420689353324578,-0.11272871225354482,-0.077738834991282452,0.9905800881139577,4.9914985841964912,-21.170828180894663,-4.6515742954764114,,0.139709882926496,0.7,False,3
0.20338908125049812,-0.97784187414061807,0.049579741883581233,0.97795274873493454,0.20044203647879089,-0.058578248983912007,0.047342400339066407,0.060400821098717618,0.9970508702873373,-7.6095867116497535,13.429727450022529,-1.1571702756539863,,0.2455794151484894,0.9482758620689655,True,5
-0.56393574391175127,-0.82289276093224217,0.069454882794595538,0.81824701623849339,-0.56814835647951145,-0.087631418146872336,0.11157193713251412,0.0074127616271738792,0.99372871238057547,4.934836934898911,-12.021612929249976,-3.8805090894403467,0.2561320647986018,0.1699132213451595,0.6979166666666666,True,5
0.14870509591740191,-0.98795919099817597,0.042701655359346377,0.98732491443039305,0.14591053642367688,-0.062447007178677669,0.055464473252842386,0.051446596415962699,0.99713436402723576,-7.2736590619794042,4.560206837408014,-1.950947959094564,0.2926456319783902,0.2377028801366872,0.8757062146892656,True,5
0.96998114319970052,0.18920108558694676,0.15277280860717524,-0.23152462137597066,0.91066382443385385,0.34218087112552292,-0.074383677871675283,-0.36727965922472355,0.92713144719940088,-3.8015339193388624,1.7111248995830353,-2.4124175986991898,,0.4328829416704015,0.2733333333333333,False,4
-0.94132654832233975,-0.33146205860230149,0.063539225134359098,0.32498864920054177,-0.94100972404922556,-0.094250077642448332,0.091031353468777526,-0.068070573318613894,0.99351884216340769,8.3428219023175885,-20.825761589916493,-4.8141721992147577,0.1236871142534611,0.1376180347482207,0.32,True,4
0.61469497480114743,-0.78717094428056322,0.050119780872064715,0.78876434656191796,0.61352848377592539,-0.037862979126909682,-0.00094527613301476771,0.062806879209692773,0.99802525137241482,-20.323511713392872,-9.9267392762436657,-2.6633430007429051,0.2963663512469816,0.2424543396665017,0.8947368421052632,True,2
-0.63900486375076959,-0.76618696092760685,0.068046491514099361,0.76089994564523566,-0.64259192544436661,-0.090038270034352774,0.11271227448657881,-0.0057583207812293979,0.99361098268982651,-12.97761528512858,-6.268976720302871,-2.4607756570191963,0.2734498387043099,0.2484603829376696,0.936,True,5
-0.81899852614113,-0.566685485633599,-0.090049844813128249,0.56062237620359756,-0.75684533312914726,-0.33598763819590349,0.12224551312211152,-0.32565733845998546,0.93755177586556249,-9.8610431499464379,-13.37296310501066,-3.3153419450786381,,0.4133801007962498,0.2519083969465649,False,5
-0.74491163594654908,-0.66589809376489739,-0.041065598153589955,0.65985855139105498,-0.72627534414781603,-0.19264167939225793,0.098454795655338628,-0.17059851465721249,0.98040950628256274,-6.2133176592094479,-1.1574600445592993,-2.503912928614012,,0.3081164242773315,0.3122676579925651,False,6
-0.99057039121523816,0.10970664162567133,0.08206553985020959,-0.12263834322572199,-0.97704952545453494,-0.17416676370627487,0.061074846037790238,-0.18258882110437086,0.98129057143599219,-11.537241339640792,-11.417194446086059,-3.0570498673899804,,0.1390336919414746,0.2666666666666667,False,5
0.04099125129409454,-0.99830307404662522,0.041360484358915067,0.99774225768849534,0.038693993276457964,-0.054892277298235689,0.053198726864553521,0.043517206176190711,0.99763527815861164,-10.706096263304531,17.643159961220096,-0.64227521786704433,,0.2425454441396186,0.1,True,5
-0.40063231778357028,-0.91309240997778129,0.075868285787482739,0.91039051032597362,-0.40604886572002941,-0.079457141629241793,0.1033579443283207,0.037236668600242703,0.99394696330125099,-0.65455092901265433,-23.168970668298712,-4.5126311538612889,0.210797518499587,0.203832573557553,0.9302325581395349,True,4
0.8303194870745868,0.48799451672426913,0.26912989620486777,-0.54010537322512564,0.82365422061232052,0.17285806513107421,-0.13731618694656425,-0.2888859230121083,0.9474646105728165,-4.7372388492841049,4.5715303844963113,-2.145194309681365,,0.3217455087327102,0.25,False,3
-0.32414594359908933,0.9224717235417772,0.20970294827236213,-0.94498505176786773,-0.30543881946853296,-0.11709132972577627,-0.04396201978455419,-0.23612083099026632,0.97072874377393925,-7.4143047414682828,2.7635281680518564,-2.1125963904891254,,0.1680046090183995,0.3214285714285715,False,5
-0.92260256670034557,-0.37830044405998742,0.075453813302923819,0.36055205560044162,-0.91521274888215776,-0.17996621762392379,0.13713759192953662,-0.13883226680992378,0.98077463393594544,-4.8835040619614585,5.7026004197845115,-2.048513649956027,,0.3024956970796731,0.373134328358209,False,5
0.37770189995288261,-0.92166629498753039,-0.088727196822294338,0.92549059292269797,0.37872904621454684,0.0056099879690489213,0.028433029799439954,-0.084235089110056768,0.99604016614745294,-12.195598479192224,-11.143508945948135,-2.977342145480113,,0.2394461805675438,0.1395348837209302,False,6
0.74881318864038049,-0.66257872216019742,0.01637820071888637,0.66257024622523819,0.74896965591167408,0.0067173909054787373,-0.016717575639279288,0.005821637579763464,0.99984330332339411,9.6725134030725961,7.4114400276896264,-2.9061079814422537,,0.1222481173858384,0.3333333333333333,False,5
0.85282220601440939,-0.52206959570795175,-0.011731247420936675,0.52023064959582943,0.84743945751550653,0.10586046035666108,-0.045325005789480954,-0.096383105797431923,0.99431179253140878,-2.3898772338973977,15.252105711161324,-1.3309214689448172,,0.3879251308184135,0.8021978021978022,False,8
0.0034446296251802581,0.95995482904634966,0.28013364795636558,-0.99742603128772811,0.023361670080724428,-0.067790445349276168,-0.071620155238306643,-0.27917907973491674,0.95756440765204298,-4.347931557207124,4.495580409459957,-2.175947320039469,0.5334599961298201,0.2862073208941952,0.1794871794871795,True,5
-0.62206628952608178,-0.77610712593240538,-0.10339855178964369,0.77418411904240747,-0.58998091482821424,-0.22926288395855871,0.11692938577528506,-0.22266622827767513,0.96785705015090429,-6.1051051656731703,0.89786688916690371,-2.3756051724910656,,0.3790335450234693,0.4070796460176991,False,4
0.98326172428928849,0.1192628692878412,0.13774160430635124,-0.14535506748508328,0.96929250935417077,0.19835305812188042,-0.10985575043693904,-0.21505441013642687,0.97040368650207176,-7.9756468899202959,-3.5720949168309493,-2.6164482952625585,,0.6919321982160315,0.495049504950495,False,5
0.33984398676277783,0.92255793253961382,0.18273731356626405,-0.93587016983063975,0.35095067397258112,-0.031315326269425806,-0.093021986015944136,-0.16037607535547563,0.98266292520437792,-6.8717055779621496,1.2714628334868718,-2.2937114215588967,,0.1152766349691195,0.2325581395348837,False,5
-0.36381285697584126,-0.92981361733560253,0.055559356694966151,0.92609411751728954,-0.36746859839961421,-0.085536627769023377,0.099949440213287985,0.020333868483525495,0.99478472203464496,4.9052266627918026,-7.0962957323117317,-3.6212113657306779,0.2261146986020953,0.16505442572813,0.8461538461538461,True,5
-0.98576985242951687,-0.15041242012185135,0.075059322633343029,0.133997174780322,-0.97271086237292559,-0.18941577382206415,0.1015015033976366,-0.17666262223460616,0.97902388260614592,13.265486094878808,-14.72477983989881,-4.6646827442857495,,0.1428131892095195,0.28,False,1
0.46731368301488752,-0.88228909654786292,0.056425807746261006,0.88380336686305816,0.4645793396246754,-0.055295984622968905,0.022572779815176885,0.075709889094207256,0.9968743563281981,25.656551580792886,-15.391095743397647,-5.5194909340541267,0.1782270885019958,0.2364368664251444,0.9361702127659575,True,3
-0.79734043568974555,-0.5992303868847213,0.071910868775694553,0.59207248372039878,-0.79973796731264757,-0.099344640820699021,0.11704017957627158,-0.036635052512900251,0.9924512427782699,5.7298025940613702,-7.920982159085777,-3.6804360200823951,0.1894281444680053,0.192544163144212,0.8288288288288288,True,5
-0.44614259666909034,-0.89325460256818934,0.055253944909913713,0.88860347085592906,-0.44947423047627916,-0.091415467622020102,0.10649251156845493,0.0083145131248244172,0.9942787405206549,7.8090625426479656,-14.188376283188452,-4.2795651464909845,0.1638353827605614,0.1987772732459427,0.873015873015873,True,5
0.81933136403505868,0.52757977825557234,0.22440074305637489,-0.5631118935216114,0.81407138386439981,0.14210129256135609,-0.10770845502075219,-0.24279077319557241,0.96408066528073288,-8.0025163060585776,3.9257825938133966,-1.9430359688818857,,0.4129830303949907,0.1458333333333333,False,7
-0.77801701543052493,0.61693285356895278,0.11867340851196329,-0.62767887296152525,-0.77132870078073024,-0.1052200921386203,0.026622474308886354,-0.15635181335430604,0.98734257191842634,6.6468414658300459,-8.03208284826243,-3.7146650602130475,0.2405729454041016,0.2182455585741693,0.8472906403940886,True,5
0.95645865252091811,-0.29010491437731495,0.032030995488760594,0.28606898158042487,0.95356072893773791,0.094268096433887366,-0.057891137451329303,-0.081000462232390935,0.99503142730404814,-8.9462401036363257,-11.372737470721079,-3.1852493337048577,,0.3388041699328143,0.3333333333333333,False,6
-0.72755917778023271,-0.68226704066848587,0.071898039230709393,0.67600507646429886,-0.7308276550865791,-0.094382599853740964,0.11693921250911181,-0.020065487238559575,0.99293635083001675,4.0086411937377786,-16.679706300393562,-4.1467078985797183,0.2293907849152125,0.2351815451932402,0.8961038961038961,True,5
0.80298326089237093,-0.59309973191395227,0.058741729036968587,0.59540045045725876,0.80269322682825262,-0.034378586348782811,-0.026761657683111444,0.062580281300464891,0.99768107232241643,10.705522424354214,-29.881373929945834,-5.558017020373744,0.3608171290338965,0.180716681547257,0.75,True,2
-0.97160235844728648,-0.21914477744656824,0.089243619254064252,0.21200323630447981,-0.97373834168281626,-0.082995600685971449,0.10508798625959664,-0.061718785265852678,0.99254587132747174,5.4721103218108418,-15.066623852129334,-4.1337239970599358,0.1154437578353589,0.140500631912839,0.8831168831168831,True,5
-0.74644241685983093,-0.66330604677018801,0.053374213161047179,0.65445571075730524,-0.74626445672236441,-0.12156102701945906,0.12046344246121388,-0.055807248193943136,0.99114787498103163,4.6807021896072296,-10.307298906639545,-3.7810125716011092,0.1882789087194054,0.1775466738404042,0.3255813953488372,True,5
-0.92744105546378897,-0.36523609048164246,0.08034728900154775,0.35466141894679165,-0.92716021653139935,-0.12078580542471101,0.11861014522738379,-0.083525631342320952,0.98942159990471445,5.4335043506193967,-18.855166056250823,-4.4630701832463391,0.09703829255885227,0.1257735016834722,0.3870967741935484,True,5
0.72569630272204433,-0.68627449616380964,0.048910041204893166,0.68776707112097768,0.72550820051013121,-0.024785214831085804,-0.018475175160923223,0.051625254552986249,0.99849561891633398,10.240538617575451,-4.4060014397515062,-3.7550070221253087,,0.2565350645507749,0.1923076923076923,False,1
-0.66444306327290947,-0.74421930812649573,0.06821317380265883,0.73860452777537478,-0.66785032074656858,-0.091865666211159935,0.11392439255149622,-0.01065694564237734,0.99343226356473202,-12.696073126369622,1.0685611834066946,-1.8028503725770906,0.2950869774237957,0.2512140799883433,0.9069767441860465,True,5
0.97617652208793815,-0.19763562972900273,0.089551971423957585,0.18620438375012716,0.97492607418534172,0.1218485836839804,-0.11138817350388747,-0.10227075698936211,0.98850056503185191,-8.9831813721408871,1.0820709164671283,-2.1125614822243342,,0.2520298576892288,0.1904761904761905,False,6
-0.90324935288866282,-0.4231358201294666,0.071391065474448817,0.41323246668608682,-0.90253897181496268,-0.12108812010979098,0.11566993984067542,-0.079871660046318904,0.99007120094400336,0.99404236479242647,-17.789449266222043,-4.1735211212641827,0.1989734220722114,0.1940053324243867,0.8888888888888888,True,4
-0.91241022494128077,-0.40344951251646777,0.068819127230936056,0.39157726922671721,-0.90943676413476793,-0.13997147661231027,0.11905806838492805,-0.10076340054954519,0.98776106091612215,0.92621099129029116,-19.597559364301432,-4.2554958605257438,0.2071489160537576,0.1929879259562858,0.5652173913043478,True,4
-0.94634169542131563,-0.31529173082908768,0.070912058057211111,0.30393571730907809,-0.94289984428713736,-0.13624596649849435,0.10982019509601694,-0.1073825316990194,0.98813385562634326,-11.697040980355741,-10.025553290998447,-2.9050145730958636,,0.06987034724015152,0.1333333333333333,False,2
-0.93409700927598371,-0.34543310980436759,0.090214987183659945,0.33697225931687985,-0.93651763054816528,-0.09687323739469357,0.11795114968724001,-0.06008905327374435,0.9911996932829048,-9.3031772697036565,8.9247000685664801,-1.4379813467203508,,0.2512421648440007,0.9921259842519685,True,5
0.42061186699467451,-0.90388881368649332,0.077914503371837515,0.90689460767455565,0.416526146164724,-0.063624996125564909,0.025056494448934666,0.097421671375463148,0.99492773106007226,7.5392117805968679,-1.4743679664281204,-3.4019014734049948,0.1923920264693105,0.1313624347214071,0.6060606060606061,True,5
0.86659025162799563,-0.49901284041602217,0.0027424228815166179,0.49696366878035625,0.86350401342857219,0.085953072691536264,-0.045259780110996316,-0.073123210355412138,0.99629541222050322,12.126399169802999,-1.3491734223220744,-3.7145881758508241,,0.1856484779076851,0.1875,False,1
-0.56876268190967794,-0.8190807329456925,0.074938405267650277,0.81495943835605333,-0.57351353458226662,-0.083206607221673987,0.11113111851006149,0.013746947592218103,0.99371067013019454,-6.6334482350563517,-3.5138186546732046,-2.6834064775660038,0.3042774910388218,0.2445940427752787,0.9497991967871486,True,5
-0.94914333687128349,-0.3032280347676341,0.08473302192064068,0.29513891249548257,-0.95062723472345101,-0.095921232962405845,0.10963552528185896,-0.06603498718863185,0.99177589810559919,3.5991741227989897,-20.620547867091027,-4.5367448924207636,0.1209000596988813,0.0991436620817241,0.44,True,2
-0.32860247862972036,0.883476818837584,0.33389986764751423,-0.94422128522725235,-0.299216300437528,-0.13753461410232237,-0.021600360233105059,-0.36046957725875051,0.93252083532149466,-13.01315015686251,-7.9595812516643614,-2.6035839603161697,,0.418995299797279,0.3647058823529412,False,3
-0.67541141603271382,-0.73650875175498265,0.037071251408617945,0.72612209306297748,-0.67297754145245703,-0.1408826982508723,0.12870945986416149,-0.068235528054841718,0.98933199061414778,2.1577333304180328,21.773183442296418,-1.1867439762038479,,0.2707197989111099,0.2619047619047619,True,4
-0.46982899256749139,0.87376146045145586,0.12570452646088665,-0.88254447002256697,-0.46180099992558304,-0.088628973255467688,-0.019390105095201074,-0.15258029590176841,0.98810084360197081,-3.8355365066272249,2.3210920146842593,-2.3796735125425732,,0.07488609766659253,0.25,False,3
-0.97924191628601454,0.16775296176755122,0.11377263821634617,-0.18288014466366173,-0.97325564271704745,-0.1390262802754344,0.087407791851134342,-0.15694711764680483,0.98373140652622637,12.504589245799311,-1.9722728075830112,-3.8045165534653811,,0.2484586216065529,0.2424242424242424,False,2
-0.27191489591934453,-0.96042473770717773,0.060387188850543075,0.95790164621086604,-0.27613987253029437,-0.078557030146672965,0.092123425705324988,0.036484160933916272,0.99507898200960088,9.1773979448032623,-14.107540983303565,-4.3483770663581893,0.18528034467405,0.1649604115190756,0.8795180722891566,True,5
-0.41395094600282911,-0.90690741086904647,0.078508358880861037,0.90427080191876119,-0.4195865372311427,-0.079002876982929252,0.10458934506231443,0.038289500978493402,0.99377813570950269,-10.067001173079175,-8.4416943648299156,-2.8880059826452289,0.3095337467429942,0.2671623916153543,1.0,True,5
-0.9393499843446893,-0.33672919133315077,0.065077327970306159,0.31329859817763273,-0.91971142751414658,-0.23659010647070852,0.13951915743568227,-0.20185227718312546,0.96942769864720935,-7.6458992316776806,-3.2118761831828579,-2.626460841309223,,0.1288698191141664,0.28,False,4
-0.97895809612527884,-0.18380495270453898,0.088638509644798691,0.17269465749316223,-0.97764123526976021,-0.11997570743086292,0.10870879129163494,-0.10214379306398816,0.98881193572610782,17.404867858442199,-7.8893791084086775,-4.5010112336787387,,0.191046134450605,0.4482758620689655,True,3
-0.78698438544721938,-0.61253104240221001,0.073900603217606026,0.60517596356951864,-0.78969026747015647,-0.10075383159274001,0.12007343661263487,-0.034568823476881672,0.99216297364065009,2.3037185866512919,-13.109094003263682,-3.9213514550769255,0.1543416461334891,0.1747178801470548,0.7936507936507936,True,5
-0.95550711664741295,-0.29496733162641758,0.00065062226994237748,0.27482098677545158,-0.89104260450419392,-0.36127067717453792,0.10714277980300027,-0.34501789842205738,0.93246076298389768,-8.4898320787740591,20.262882171270533,-0.54945581063045668,,0.4848727741342543,0.2765957446808511,False,5
-0.98630927603586005,-0.13706137269003935,0.09169619469716131,0.12641084759525467,-0.98548344318735082,-0.11332555234302819,0.10589763744232858,-0.10018264979488846,0.98931750568975974,-7.8072030090204949,1.1064437097566449,-2.2242273014922813,,0.09180076210233673,0.4342105263157895,False,5
0.65486743926751723,-0.75431135412081041,0.046508257671449386,0.75571124176136839,0.65416901122491122,-0.031039069388633919,-0.0070111384735351903,0.055473289044830183,0.99843555532635841,-1.8767607215511235,17.58178864746937,-1.1827060139658048,,0.3109644307706557,0.5348837209302325,False,1
-0.63176627544444897,-0.77254549174940079,0.063599028205816283,0.76679336588001323,-0.63486252249016872,-0.094749731291539879,0.11357511722841425,-0.011092371932782764,0.99346748916683525,4.0821698133455309,-9.5014864585353624,-3.7167095333765294,0.2486171492406344,0.1948101559438414,0.8944723618090452,True,5
-0.91764179451730465,-0.39307875294644268,0.058503255782314925,0.37940505956320431,-0.91033269019545615,-0.1653668465543951,0.11825962004379496,-0.12955109858111219,0.98449539111339923,-9.2474136752603631,-0.74982106986433472,-2.2614864810606772,,0.3641689349701921,0.2727272727272727,False,5
0.55492399351530275,-0.83025529112162244,0.052302131749839012,0.83186490717786943,0.55321604665626767,-0.044190292236689577,0.0077548453873810819,0.0680305614158766,0.99765309857006801,8.271521159668815,-19.407441191204811,-4.6825802525423708,,0.1387670744592995,0.696969696969697,True,1
-0.73357469906391903,0.66765578999191078,0.1269011701425958,-0.67931993028031146,-0.72581015772241808,-0.10827763975499624,0.019813965207275339,-0.16563623105238076,0.98598785273730882,18.454761588718007,-7.502208561750817,-4.5704990468180169,,0.1820343313210424,0.6206896551724138,False,1
0.99484115400231576,0.023987721226456954,0.098568085776797987,-0.034884329075502901,0.99327942573190919,0.11035880573221095,-0.095258395369082483,-0.11322796318953036,0.98899204570292565,-8.3333487752111868,-11.29200750510527,-3.1894095204282156,,0.1919293120769258,0.391304347826087,False,1
0.051881073584579586,-0.99754022028197564,0.047136643108067068,0.99601276252634341,0.048256115542596068,-0.07503282080116204,0.072573625294256233,0.050841481415527925,0.99606636961556017,-22.475912425298038,-13.997450968540933,-2.839557366577862,0.2883160199751769,0.3048402802722571,1.0,True,3
-0.86623786369077715,-0.49437458661651901,0.072289221991828287,0.48634835251774794,-0.86747600630137767,-0.10464539404428298,0.11444318901407011,-0.05549005856148384,0.99187882822909978,8.0965219124821761,-2.4047129064996025,-3.4610940639714807,0.2884700691393446,0.2456827703250508,0.8970588235294118,True,5
0.40765761888362279,-0.91094888440202415,0.063145829417647167,0.91268296825514061,0.40430516326033639,-0.059557824154496966,0.02872394859903973,0.081911323806542757,0.99622561190181158,-18.612013061016118,-13.208484185854866,-2.8481457052051535,0.3067900809060867,0.2793855225221855,0.9625,True,5
-0.58926405096485879,-0.80519630350167648,0.066534134605634926,0.8001000361241799,-0.59300835464735824,-0.090449010566832758,0.11228450665417122,-6.4386870915651706e-05,0.9936760968342554,9.9741438105652982,-13.610642528241153,-4.3871607876565992,0.1883059921372993,0.1548415043875573,0.8125,True,2
0.59897604154594664,-0.79867552000966768,0.057836972528267014,0.80063654053055366,0.59861780103795259,-0.025255855712149687,-0.014451007619373388,0.061434046080111368,0.99800652621163333,-14.029722611549419,-21.287471067698295,-3.8234173453655607,0.3478816039408309,0.2726141302889253,0.9666666666666667,True,4
0.99055577448304832,0.005536352823327791,0.13699856362643018,-0.019442927386806391,0.9947591437359431,0.10038036923803867,-0.13572483270544408,-0.10209600751816514,0.98547205695338247,7.4260941243097447,0.087636046558247971,-3.2908578337840417,,0.2344509111478762,0.2222222222222222,False,4
-0.15639845031525351,0.98177322563846292,0.10798545345757127,-0.98608299832931845,-0.14896533662854727,-0.073821737239154847,-0.056390115666226565,-0.11802822502517646,0.99140783381641595,-7.0385018098634529,-0.1498786954891019,-2.3855909436062945,,0.0789082369852119,0.28,False,5
-0.28722237052036331,0.91043180688937764,0.29768647076547883,-0.95692317485885581,-0.25896086935077078,-0.13129091957610986,-0.042442281874454438,-0.32257277186587857,0.9455926499080104,-6.9389942388909542,3.7157957549942982,-2.0561736606975551,,0.1658709177139904,0.2830188679245283,False,2
-0.88302254214347664,-0.46285251147088019,0.077709347517329816,0.45470391660519954,-0.88470888737999587,-0.10263787222433846,0.11625634731214476,-0.055296810178768301,0.99167874056757388,10.213525766997297,-11.128496315758616,-4.2073293264039613,0.1777411234024515,0.1933305744929996,0.8421052631578947,True,3
0.26183034768470492,-0.96271831201291436,0.067958227951540176,0.96404979344684882,0.25758674672804821,-0.06524617739876043,0.045308550919189394,0.082598544933111445,0.99555241729832489,-1.1548746429937127,-21.954360179531026,-4.3828680627023644,0.2355973233264845,0.2188289998440066,0.9852941176470589,True,4
0.84020307385328974,-0.54203532386488673,0.016015691373508979,0.54081944715640118,0.83974729868109188,0.048361140756337129,-0.039662580159750827,-0.031971581764077397,0.99870150580369865,7.6067499865492643,-5.0635581137257315,-3.5892871358283913,,0.236814497795711,0.3529411764705883,False,1
0.71551345248481601,-0.69850085304450593,0.011707160601868286,0.69839775411903304,0.71560910108909748,0.012007975680577029,-0.016765331930829415,-0.00041561346510776004,0.99985936556632704,-14.036615156626796,13.344965805436328,-0.81578492838256123,,0.1901716845516287,0.5238095238095238,False,1
0.90120727407018364,-0.43262832489412339,0.025655051399180034,0.43010205008119917,0.90008132775278493,0.069755501193338482,-0.053269838360363919,-0.051829874880122057,0.99723416928571607,-12.989210403950121,-20.871392372940676,-3.8490372186388773,,0.2511087950528553,0.2162162162162162,False,1
0.55818826128347754,0.80027902173035903,0.21904189632038185,-0.82469799329810589,0.56411651732466583,0.040568149225318414,-0.091099312924995235,-0.20328807702319979,0.97487172126634403,-8.1173070921675681,-2.1095190388214329,-2.4834031816355098,,0.5431899134034981,0.4219269102990033,False,4
-0.99117395773203287,0.072647391614847373,0.11088977412447591,-0.088594438379947626,-0.98524672766086197,-0.14642373824522045,0.098616484433181578,-0.1549556134030716,0.9829870532580367,-13.568159048864056,-14.462618165909413,-3.1681853824566564,,0.1967068480567174,0.7692307692307693,False,4
-0.98910612748783389,-0.12905459970794519,0.070809454596428095,0.10806265277623271,-0.96321644858615973,-0.24604173680095406,0.099957649236989105,-0.23570953198224434,0.96666927379105561,27.109410892619589,-17.162352251209885,-5.684229427320231,,0.1661328090083818,0.3076923076923077,False,1
0.31243991579345742,-0.94705280840347839,0.073974841088461127,0.94914670005052215,0.3080548824790777,-0.064982545071784775,0.038753590829524995,0.090516117216147579,0.99514068941126688,2.9735976560915072,-22.831343654171867,-4.7410415500718139,,0.1933500058988095,0.8235294117647058,False,1
-0.37514292882050981,-0.92657366610901326,0.027000448686509207,0.91933563447900835,-0.37562654106098353,-0.11716096972814863,0.11870035439310582,-0.019129634702838905,0.99274582998020555,-8.308331863617747,21.627226364708708,-0.41280985518621305,,0.1855330102517174,0.6470588235294118,False,2
0.90104746719723094,0.41769987444535939,0.11679159535594461,-0.4184841938261803,0.9080271652450197,-0.018911549242339655,-0.11394929299959429,-0.031835233082620124,0.99297637260886928,-1.997441584148866,-24.880342790352891,-4.5673078020701912,,0.1277983371254923,0.2857142857142857,False,1
-0.58885144010188473,-0.80709630737888949,-0.04300618682582176,0.8004217011608008,-0.57494460491390842,-0.16959894336710685,0.11215650583352756,-0.13429166726104236,0.98457435793517567,13.164681255737493,10.354220657671082,-2.9314321251480888,,0.1428202714005215,0.375,False,1
0.98664584087602103,0.081961890537889048,0.14075593480029497,-0.12768093198301878,0.92574751426633306,0.35593415042343624,-0.10113142088390492,-0.36915279807846613,0.92384990522316013,-7.968347792822569,-0.82709531229445665,-2.396484822296701,,0.3969529396118194,0.3027522935779817,False,1
0.28034184177673716,-0.95982697082380519,0.011859082107183297,0.95878893831192757,0.27940160170447798,-0.051560806196746301,0.046176005889564352,0.025825008115589493,0.99859944193651351,11.045629478758277,9.0856730157058081,-2.8747138943276846,,0.2447626785670422,0.2222222222222222,False,2
0.6303764407891953,-0.7655546484240936,-0.12865311179373357,0.77621206182365188,0.61925484179284396,0.11839880065100714,-0.010971689816230555,-0.17449791171353396,0.98459641520279484,-7.9847020454066717,-1.0720091237907636,-2.4081198233171377,,0.526159816302903,0.1587301587301587,False,4
0.93618803801032624,-0.34838524264100351,0.046687045273234827,0.34328142189512878,0.93475226876070161,0.091630024710132651,-0.075563369882730547,-0.069756137770738497,0.99469807397786569,-10.11118960578203,15.302811873698873,-0.84534018624550467,,0.2989843912276066,0.2916666666666667,False,2
-0.93459076802066476,-0.34686011108348935,0.078918690243150194,0.33777859746804878,-0.9349024694144672,-0.10891736213868616,0.11156036672162181,-0.075136116627632865,0.99091313875387532,13.861261502081179,-13.256213368064758,-4.6109099895871841,0.1879020496080546,0.189401642845938,0.717391304347826,True,3
-0.9943854200063118,0.0073700318330435638,0.10556192073683748,-0.039827814303767459,-0.95028333215072303,-0.30882897183441604,0.098037654432646698,-0.31129932744433914,0.94524142262495392,10.175676286427901,10.039081321189038,-2.7460806951469161,,0.3760178971129194,0.2151898734177215,False,3
0.62208654712981537,-0.7801295051363496,-0.06637983952842029,0.78294591227991173,0.61962742860626974,0.055295100713887421,-0.0020065702780977662,-0.086370162292870811,0.99626109466405577,6.9382587071090507,-4.6974763519881817,-3.5340520998563552,,0.6414464217596522,0.3584905660377358,False,1
0.20765276297907861,0.92648769811005993,0.31384849096001333,-0.97135439818610414,0.23319605835994253,-0.045719049529685356,-0.11554636797262915,-0.29536442510246425,0.94837170625879863,-10.418037749273092,10.823638834933877,-1.1976108872796423,,0.3082921808665478,0.2142857142857143,False,2
-0.85270429037283624,-0.51730792684865734,0.072717962012843362,0.50936519795525903,-0.85423750824074463,-0.10404506055859848,0.11594174525060807,-0.051679670414843525,0.99191064283737551,11.059123862207034,-18.942035560940717,-4.8364297031011683,,0.1898248433549343,1.0,False,1
-0.97271544387527697,0.17408104569984559,0.15336379877458367,-0.19837415507395653,-0.96685775222777903,-0.1607289070321189,0.12030112154596292,-0.18676690414817604,0.97501064797759462,-22.226984800446647,6.7220846295762797,-1.0895602948104508,,0.2378993035037331,0.9767441860465116,False,2
-0.31798442538197769,0.91636538698145598,0.24322907465354771,-0.94732982046910763,-0.29678262367783886,-0.12035898609105636,-0.038106645935613706,-0.2686904386561344,0.96247250958679997,14.374760734592623,10.482322597833704,-3.0472763352331675,,0.1467612140877039,0.2631578947368421,False,1
-0.076998822759905078,-0.99692604957414932,0.014478707610539925,0.99395411093427399,-0.07789311925746599,-0.077381440469923873,0.078271365456640069,0.0084328911308617083,0.9968964237556126,-18.085537847420625,2.1871991943249531,-1.6648638502683009,,0.1885578407439939,0.5714285714285714,True,1
0.31053409724471276,-0.94790586985084302,0.071014339050143316,0.94976286257587994,0.30634268790114261,-0.064067639578601066,0.038975368119900121,0.087341968559338706,0.99541564243691616,6.2612436675831429,-23.127356684050785,-4.819782194699993,,0.1135088212129246,0.3125,False,1
