axis_00,axis_01,axis_02,axis_10,axis_11,axis_12,axis_20,axis_21,axis_22,location_x,location_y,location_z,dbh,dbh_approximation,score,reconstructed,number_clusters
-0.98032686880932263,0.19727073894234814,0.0065943800048301384,-0.1957323200547601,-0.96728703381361814,-0.16138355895825515,-0.025457595654129046,-0.15949937232851921,0.98686972851046462,-10.367056942503893,-17.720366077829127,-5.7984952597787309,0.317496776019459,0.2716382239974644,0.9882352941176471,True,5
0.9638598083287222,0.24044331131574781,0.11472263914344681,-0.26281821871065741,0.92865833402182729,0.26176379154795504,-0.043598782119185074,-0.28245479761427766,0.95828932661404553,9.9656826718811935,5.5843202623646775,-2.7557173661027798,,0.4374715051080635,0.2530120481927711,False,1
-0.9935632324464887,0.11314272933467108,0.0055521103362112141,-0.1115296527402794,-0.96846520348550458,-0.22279202453726205,-0.019830272063610092,-0.22197718900031291,0.9748501873997879,3.5770082061908304,14.564624732873813,-0.89933993877282525,,0.190310539045511,0.2592592592592592,False,5
-0.88966225075449967,0.45644527949376401,0.012601047984118676,-0.45227113644072503,-0.8770557687689553,-0.16193825246590959,-0.062864129080528103,-0.14976944046419299,0.98672043455985514,5.645254488931279,-1.5212290168259441,-3.8366912784431495,0.3657298898739708,0.3505280505423635,0.9864864864864865,True,5
-0.79220476219213809,0.60952875814654717,0.029770921255916301,-0.60386125899847376,-0.77592734986276624,-0.18245089096993408,-0.088108992962558821,-0.16251597068372239,0.98276414496655862,0.19488046351216251,17.983966683128578,-0.16027908810285341,,0.2922472357752891,0.9342105263157895,True,5
-0.96617128142511854,0.25700797837014983,0.021446538262258442,-0.25573602221811159,-0.94398834824019795,-0.2085307778885446,-0.03334879142343003,-0.20696110127469025,0.97778063013631289,-11.168332567739778,-0.91715142577042008,-2.7367463700514296,,0.1068619643276347,0.15625,False,4
-0.8369836468597659,0.54698179378381628,0.016410123654769529,-0.54162046877722225,-0.82375258780457272,-0.16756772328467945,-0.078138612035714719,-0.14913950299738762,0.98572398061263755,-18.327366633627165,6.1255992241872175,-1.2921777989367638,,0.1001952335541347,0.4285714285714285,False,1
-0.90518638638797189,0.42445465116501996,0.021814100996078459,-0.42073580108060638,-0.88762718070468238,-0.18734826864243517,-0.060158055046238959,-0.17876307554592719,0.98205130784211836,4.5729921171308074,-12.362327415880051,-5.879913453358653,0.2026339072078031,0.2651558034760536,0.9776785714285714,True,5
-0.90851962247496965,0.41572354503318093,0.042024155946141041,-0.41357048521667555,-0.88032766672612528,-0.23234167287462992,-0.059594876756179582,-0.22846691949072823,0.97172594766365827,-14.22233579168161,-11.801049306914766,-4.530722029670966,,0.1077019766413551,0.5652173913043478,False,3
-0.43530594948809248,0.88329782746044272,0.17405079242546062,-0.88846496325986357,-0.39026539048616199,-0.24150141624498025,-0.1453916758274629,-0.25976503419887736,0.95466401818007995,-8.3607686612005292,-13.316402481078207,-5.1748932185177354,,0.3438927164620275,0.2247191011235955,False,5
0.99928756565349863,0.037740425885506697,-0.00014623367170987778,-0.037556689791923878,0.99478985193233993,0.094776819657064082,0.0037223893105592654,-0.094703805342842395,0.99549853494186857,11.814428709945023,-5.275230450578829,-4.9750619265907616,,0.3230147772462567,0.3333333333333333,False,7
-0.83916731124433963,0.54317500602242741,0.027552433131799371,-0.53797408085005727,-0.82155796636370471,-0.18874955957000394,-0.079888122224034297,-0.1732149552921759,0.98163866427043722,-6.8052875757638445,-18.887626273234584,-6.3329697472675885,,0.3177167623583914,0.9625,True,5
0.30503764515350607,-0.93752519085037511,-0.16732767720904301,0.93604407667601985,0.32751852608322052,-0.12865885741764505,0.17542383406750339,-0.11738028622066252,0.97747038157062016,-6.6368468731677117,-15.749536535543713,-5.7121514567129621,,0.3358132099132932,0.2619047619047619,False,4
-0.60431293975285472,0.79622971891193306,0.02870723895966034,-0.78837299011785278,-0.59236301069072828,-0.16605448508863807,-0.11521240948742949,-0.12298088585971656,0.98569863671066338,10.029588761551434,-19.783963177855604,-7.772617619380437,0.27918198340052,0.24886350066612,0.9692307692307692,True,3
-0.44208947506093721,0.89313163685234909,0.082902203190193313,-0.88629303365005352,-0.4207381781131127,-0.19355630700507598,-0.13799113936673438,-0.15904485132031729,0.97758026817482735,-11.518138004541786,4.2619874370868711,-1.8880700438149267,0.1808631927658099,0.1361009349636841,0.3636363636363636,True,5
-0.18525417567007865,0.98158504216220788,0.046601452769372512,-0.97121770997752754,-0.17566005358622575,-0.16087170478394042,-0.14972324543238652,-0.075062311298685014,0.98587453522225243,-2.1499732919401131,12.29904280822697,-1.0023271484520098,0.4159379296177018,0.3380189584801819,0.9526627218934911,True,5
0.58396403300956468,-0.80291558243893468,-0.11963517721786905,0.80346784726969567,0.59270901223827166,-0.055995046346389174,0.1158681429686599,-0.063423925203974815,0.99123759974928072,-8.1087679218141986,-4.3005400714393334,-3.5496461227895852,,0.2071409234625579,0.2666666666666667,False,6
-0.98996047902674622,0.14124733569754852,0.0052383321275044151,-0.13645704305727116,-0.94541171537183,-0.29593270153492507,-0.036847325075234687,-0.29367648628386495,0.95519442839600011,-1.8095552835742268,-13.523819249137812,-5.6707853907072012,,0.2174989583736826,0.3333333333333333,False,6
-0.32110620901713499,-0.91460880205436801,-0.24572655887249617,0.9373613621089294,-0.26993211350412494,-0.22020520185610795,0.13507212649520653,-0.30104383950493063,0.9439958301497906,11.501704661603153,5.4769810776310441,-2.9018340562802107,,0.3617226047568314,0.2,False,5
-0.81453899493729398,0.57952432530246234,0.026034248774804692,-0.57424849364397146,-0.7991351406510302,-0.17782489849367986,-0.082248971265131254,-0.15979544223595232,0.98371770511994117,15.689184280106138,-12.260617885163747,-6.8479448281380177,,0.2694514517210395,0.9111111111111111,True,5
-0.98848487452848821,-0.15127855741680407,0.0035285824759865962,0.14884124038566535,-0.97623328460744452,-0.15752732837516473,0.027275226650858773,-0.15518818283120372,0.98750832397539468,3.186346785710628,-5.695746372375373,-4.5327898107376337,0.2485289015461126,0.2271571875851616,0.9884488448844885,True,5
-0.99936136186515367,-0.035538416318851331,0.0037268453916291591,0.034429108383025882,-0.98555567509982878,-0.16581510116533513,0.0095658197231058839,-0.16558089335448239,0.98614981764889864,8.3934951221092753,9.5316588680489147,-1.9435911144882498,0.2781551450480838,0.2381883711753162,0.9578947368421052,True,5
-0.98812542099169043,-0.15360578119407273,0.0036628368449762062,0.15111858372465495,-0.97588214040917243,-0.1575348268906486,0.027772757210056058,-0.15511064442574796,0.98750663893605306,-6.4911517007637896,-9.5392810633028411,-4.5990464421885529,0.3864264861003487,0.3309158569735168,0.990506329113924,True,5
-0.99884257694182887,-0.047964731359467237,0.0035904085869288387,0.046577374276896837,-0.98317362631278093,-0.17663569494427292,0.012002278686850214,-0.17626402091348795,0.98426974973212134,11.410857516312895,0.39398933036740791,-3.9282641239250196,0.1910230590819285,0.2303705450938959,0.7777777777777778,True,5
-0.3810026081029847,0.92369024321373105,0.040414690528080041,-0.91477253474768239,-0.37025535101095952,-0.16156170560825964,-0.1342692157198451,-0.098525680101728519,0.9860347195055903,15.137839152922632,4.7966356227236639,-3.2021476279385448,0.1776279862167703,0.2364056908565459,0.6851851851851852,True,5
-0.10342422026315036,0.9663212865072045,0.23564083242515815,-0.98359810591122054,-0.064165737870401057,-0.16857498073975022,-0.14777752437640679,-0.24921061238761297,0.95710807851703561,-12.328886879388861,-8.9736549954792508,-4.1561736798399869,,0.1973815262783934,0.1578947368421053,False,1
-0.88358356552339401,0.46768313348139678,0.023506794634488751,-0.46385583356808335,-0.86726532295939895,-0.18079995922839256,-0.064170463624823301,-0.17065563644120191,0.98323893604200985,14.604594353877607,-3.467621414115722,-4.9918331739239159,0.318624542434532,0.299902698258231,0.9940119760479041,True,5
0.70220399640766196,-0.67884447402531156,-0.21466189115538503,0.70425773337715847,0.70654322605342812,0.069409759374899488,0.10454947349257845,-0.19991710733029444,0.97421894756215432,-1.8743602689274901,-14.51302399100113,-5.8359952485750775,,0.4198463359381812,0.1929824561403509,False,2
-0.85856923942406704,-0.50056317280958451,-0.11088449459495101,0.51074080839402636,-0.81617142876777227,-0.27019997317576905,0.044751399484174198,-0.2886186218697121,0.95639772236984788,-10.257331059019123,-10.890085815930789,-4.5941356772235862,,0.2337410890354454,0.2954545454545455,False,7
-0.96971723267489962,-0.24150846121566583,-0.036361405563822523,0.23970591387975163,-0.91262086935953279,-0.33115589027001302,0.046792771924824443,-0.32984361744725804,0.94287519032208045,-12.720263289633747,-4.3347292225363327,-3.3141802679910191,,0.1046616565344496,0.4418604651162791,False,7
-0.73440430841621929,-0.67778594581385077,-0.035447474337639909,0.67085847813813304,-0.71699309719561877,-0.18939324402951047,0.10295248462218862,-0.16287145308818662,0.98126126779724676,-12.755885555502372,-9.6852354224831743,-4.252591962386326,,0.1797478083095891,0.3513513513513514,False,3
-0.90565843980367355,0.42386727462692353,0.010923548540646064,-0.41994540965807708,-0.89312546920543534,-0.16116063155647137,-0.058554618259242464,-0.15054378020003006,0.98686773527337435,9.4483741192694986,-6.3450965319890962,-5.0094275376852657,0.2949859081667836,0.2885233868357437,1.0,True,5
-0.50738580357201335,-0.85171267494552316,-0.13093954968122307,0.84888050595313969,-0.46789050640338936,-0.24592755158850838,0.14819424059767253,-0.23593217956590642,0.96040328700965871,10.172482507081396,5.9156685397703619,-2.7182342088836164,,0.259589008399743,0.2173913043478261,False,5
0.51355272131128826,-0.85603550197195355,-0.05887972314300173,0.84810943582423493,0.51682091628007731,-0.11664701179764478,0.13028425576280869,0.0099679415652121246,0.99142657460917594,-17.790864848186001,-1.3476850323669207,-2.4930317992180164,0.1453895455197226,0.2236949168563825,0.6363636363636364,True,4
-0.94152266123127515,0.3135810002422989,0.12329653148008246,-0.33604723144682602,-0.84711489427192532,-0.41166565819799694,-0.024644200634287072,-0.42902600409498026,0.90295589658930353,-4.9048630301082792,2.0635713261000057,-2.6386604248191947,,0.5581344068301184,0.8507992895204263,False,11
-0.52290536115710939,0.8521607177273326,0.019801374588403187,-0.84352895893541902,-0.51398835160197542,-0.15580394685248539,-0.12259232729041859,-0.09817375199064797,0.9875895076951744,-3.0096002345159598,-2.2070200190077727,-3.4383666469674123,,0.2441070890872282,0.9618497109826589,False,5
-0.70262059420330081,-0.71027754631134066,-0.042779759318405892,0.70318795302402404,-0.68389529017446482,-0.19445805408639399,0.10886231360430702,-0.16671244489577017,0.9799775290248196,-12.579222984608952,-14.070945478317782,-5.020789826698957,0.2418027265615383,0.1624537921815244,0.68,True,2
-0.98649602230600797,-0.16377566254648224,-0.0017692743952430479,0.15641251824820643,-0.93882992373052632,-0.30681182904736393,0.048587262833785651,-0.30294538561528733,0.95176854918868048,-10.293249865156197,-3.249799726118983,-3.2406110661718648,,0.2415301237929762,0.2857142857142857,False,5
-0.98150516721227132,-0.19138580722632728,-0.0043680118975448906,0.18873777003983977,-0.96360386290924838,-0.18932947352898211,0.032025940985371981,-0.18665226539932511,0.98190390106430459,16.921296454591872,8.7530945576968247,-2.540334233721294,,0.2314694881327194,0.8333333333333334,True,5
-0.69684735275610266,-0.70354960849752224,-0.13936181449663446,0.71079499344773212,-0.65149350185216215,-0.26519180668724429,0.095782275220677532,-0.28385588848461379,0.95407106146563314,9.1802740050755922,7.5176797808882174,-2.3599546050600226,,0.2164620531072318,0.24,False,8
0.1497803167905033,-0.93653554603222278,-0.31696534151270095,0.97806758581440756,0.18727697785056191,-0.091165405425179105,0.14473995399098891,-0.2963587430552484,0.94404546560713909,8.7129132219354783,9.4779419649632128,-1.9852812523853185,,0.5619514559989518,0.2148760330578512,False,2
0.11878248539336278,-0.9839361974538825,-0.13326770240298447,0.98223527413722778,0.13607847084605532,-0.12921499917875176,0.14527418010211279,-0.11555175945088036,0.98262057961527816,13.12609509511206,-5.0303955518125614,-5.1213965062395639,,0.2328378548045602,0.2272727272727273,False,5
-0.61117640266740647,0.78985185688302761,0.05096517439350657,-0.78324384043787743,-0.59427726537908598,-0.18265710571910204,-0.11398460965697101,-0.15155387171559728,0.98185484300346493,-13.827522808251743,7.1815935237287416,-1.3322899876665808,,0.2708222068311701,0.7555555555555555,True,5
-0.4283116134662599,0.90310991337436741,0.030686253190525294,-0.89380432647450248,-0.41841495922784583,-0.16137765604265927,-0.13290217359167544,-0.096547430102017953,0.98641553414131988,-10.149624609508168,-13.15685873289941,-5.033213113455008,,0.2507744371171902,0.9891304347826086,True,5
-0.71143390226157366,0.7018865123304735,0.034887340417888685,-0.69542971397895559,-0.69600385034396239,-0.17876284071788398,-0.10118950354665253,-0.15143963851958714,0.98327347175495317,-7.3998971491979297,-5.4718079870964544,-3.8231816278318376,0.2625819115690715,0.2072563488721685,0.9173913043478261,True,5
-0.30153216213393413,0.95273412229754351,0.037095113003829186,-0.94284528950371704,-0.29216257612019741,-0.16026162727073459,-0.14184891701909064,-0.0832989875373156,0.98637729262983909,-1.9884435208580939,2.6165473771823717,-2.7099269876682284,,0.2610422653709062,0.9640718562874252,False,5
-0.35300267088917259,0.93451805833271961,0.045443514335426913,-0.92549876943902565,-0.34164537313733995,-0.16349454663901389,-0.13726303986128055,-0.099771928235808632,0.98549704221988854,9.1743005356585403,14.106136958248747,-1.2204745607017868,0.354251667887002,0.2979709376517019,0.9509803921568627,True,5
-0.99812762856261716,0.039852785016765618,0.046400351575971374,-0.053275254744087203,-0.93913012205951152,-0.33940589428063828,0.030049697700956897,-0.34124239092893294,0.93949488891701072,8.4532411748346643,0.016004807470282545,-3.7421714065683815,,0.3239095983917745,0.3392857142857143,False,7
0.583475377754897,0.78154679461397958,0.2207738466902151,-0.80270560853089679,0.59628151796116491,0.010585715420867808,-0.12337013247469195,-0.1833929092591727,0.97526757930664032,12.065634643326213,-8.3050271608854747,-5.6086534153191732,,0.2381665480291235,0.3333333333333333,False,1
-0.36143640041092451,0.93158253155064163,0.038957866570055573,-0.92190526392561234,-0.35080704427299819,-0.16439313256546995,-0.1394790765822578,-0.095333124348985332,0.98562527493851337,-7.2952962992213273,7.4509527206262085,-1.5820595777340973,0.372771806219955,0.30898347907656,0.9864864864864865,True,5
0.69936406496475834,0.70562423673449237,0.11394885330197203,-0.69561284628322106,0.70857703963659746,-0.11849618975136669,-0.16435532459194996,0.0036076907712571989,0.98639460250225108,12.424553683950633,15.227452543906436,-1.140180362703086,,0.2640738558572643,0.2413793103448276,False,2
0.50947682319441567,-0.84354442091149795,-0.16990049021946005,0.85050807946866036,0.52363551138854192,-0.049415159327806268,0.13064981204065462,-0.11932586124536018,0.9842215022299583,21.374482661019826,-9.4401232363303418,-6.5068617777711975,,0.3152539299808632,0.2444444444444444,False,3
-0.47293992838721305,0.88050259211382031,0.032295656332395999,-0.87152684567894445,-0.46210287139599265,-0.16401796702948979,-0.12949432959788659,-0.10571717707364751,0.98592854562263876,9.0580904772236206,6.5766846696666734,-2.5304036622942974,0.336157877777559,0.2900900637088299,0.9724137931034482,True,5
-0.76431611399771371,0.64438285954401309,0.024322997539683804,-0.63804916053890159,-0.75026645467581821,-0.17318636125221296,-0.093349593566536215,-0.14788839479168059,0.98458868369837715,10.627654017126508,-10.413110655064328,-5.9403397986268409,0.3801126034092677,0.3155299434566029,0.9774011299435028,True,5
-0.82533195756086619,0.56223244129300809,0.052171273575132016,-0.55874546629810995,-0.79988642395724929,-0.21905527307095252,-0.081428887503480499,-0.20994377991878294,0.97431665568918491,21.212720826426555,-7.8706438864924664,-6.2052851498636512,0.1664044622988896,0.1909466157348908,0.4074074074074074,True,3
-0.039669244264257185,0.99755249381853783,0.057579276965921848,-0.98829970481193063,-0.030677411884153911,-0.14940746256041146,-0.14727540367676298,-0.062832463555916776,0.98709778492069389,13.36166877525903,8.5362534037960849,-2.3615721071304581,0.2184472095587081,0.2043989921951478,0.8208955223880597,True,5
0.23307984484761665,0.95517127616308173,0.18254210231834558,-0.96145993094249793,0.25449837587488566,-0.10404507614055075,-0.14583753672446101,-0.15125610688509689,0.97767735118090249,14.992971999664659,6.7453396163631689,-2.7718354900748818,,0.3791153251399275,0.1818181818181818,False,1
0.12798742876771829,-0.95862721442454213,-0.2542697029574516,0.97564600715632954,0.16774779362908435,-0.14133487344772752,0.17814063769207547,-0.22998813338347804,0.95675042289274359,12.74472247409979,6.3149678880069047,-2.7497854905178309,,0.6278877158715673,0.4387755102040816,False,5
-0.55178177188310129,0.8338208743429848,0.016722013259326037,-0.82506565518392783,-0.54284332367568977,-0.15680494436288078,-0.12166980255371888,-0.10031886886638165,0.98748801698851441,-8.4647953216012688,-2.2232725877866981,-3.1283660111100251,0.3518135171420998,0.2473700324567237,0.953125,True,5
-0.66968865072186889,-0.74257745871453829,-0.0097892238395437346,0.733259885893213,-0.65908209575910603,-0.16715481084807704,0.11767349248745289,-0.11911972489408491,0.98588206206775175,-13.849755757721164,1.0401073333341833,-2.2614478491111325,,0.07999765224293198,0.4761904761904762,False,3
-0.91420464792712031,0.40441209307010323,0.026090624505895953,-0.40146870256081402,-0.89501152221625191,-0.19436372080273537,-0.055251629592132874,-0.18816278611565329,0.98058249186318214,-12.323235753367843,11.403072919835411,-0.71214918693202278,0.3287621044329548,0.2591717592750297,0.9705882352941176,True,5
0.96732596898048062,0.24265208649275252,0.073487649688150192,-0.25007340693191732,0.96089637681992668,0.11891780421703504,-0.041758363011955346,-0.13340958711820949,0.99018085276554935,-10.575922427477506,3.326512404310332,-2.1151606629814017,,0.3127191803602963,0.1428571428571428,False,4
-0.91426832189049601,0.37924170605507257,0.1424400364222605,-0.40447139591395465,-0.83482011107703524,-0.37346789959612881,-0.022722796371791962,-0.39906279020946711,0.91664200427172293,5.1904828527202787,13.093859303403974,-1.2010213995898442,0.4106797756992544,0.2274855563230659,0.3684210526315789,True,5
-0.96364166281099339,-0.26420720578875928,-0.039866001858228764,0.26218187272772653,-0.90619362366552814,-0.33177369100174531,0.051530683168829299,-0.33016309429921986,0.94251627033962571,7.0365334464500133,-6.8164958750176599,-4.9541087866294538,,0.2339941347044692,0.2580645161290323,False,5
-0.97668365601864537,0.21441143531236567,0.010806131284736373,-0.21280915977277026,-0.96029196920639837,-0.18042060690094322,-0.028307200194636999,-0.17851350168821514,0.98353018872434794,-11.95234460741904,-1.8122602056965245,-2.8871725256954073,0.2511753960549455,0.2225951773631543,0.9230769230769231,True,5
-0.87921812665628529,0.47594232668089398,0.021316365370033365,-0.47175783683245293,-0.86349961177729995,-0.17836189012122708,-0.066483299753971964,-0.16687516931535668,0.98373403352725053,20.967086537871381,-10.883816768970243,-6.8208796141560297,0.2764870405397569,0.2851697489948778,0.9615384615384616,True,5
-0.69348509880254383,-0.71905272666327669,-0.045184001780856548,0.71222558869982255,-0.6747381201396615,-0.19355407521306897,0.10868821711674394,-0.16640806924095458,0.9800485834648609,-21.879212635625464,3.9717276466490099,-1.4377014033451498,,0.1192439436470698,0.3448275862068966,False,2
-0.8894600737919911,-0.45668160184294349,-0.017398036329119404,0.45220821854218368,-0.87396535986187318,-0.17802324804477523,0.066094661001102811,-0.16621210635711897,0.98387246708477383,-19.301048866932838,14.168928852451973,-0.029764848953372246,0.3639571022896416,0.2889374529476344,0.9534883720930233,True,5
0.99660954907992638,0.013397403868029425,0.081178299146394892,-0.018086319113432739,0.99819296186486028,0.057303542162628118,-0.080263888166670183,-0.058577473938826695,0.99505094734054356,8.6757421404948918,-0.1173686733060838,-3.7597954423756819,,0.4085886732254015,0.2916666666666667,False,2
-0.9384124416921803,0.34429858401756303,0.028992659774864968,-0.34256335199983601,-0.91616025508566701,-0.20808829104012935,-0.045082581380798833,-0.20520446399838946,0.97768025898612509,-6.2078912856575394,-12.002004514652564,-5.0960546502411246,,0.08731572643322069,0.3454545454545455,True,5
-0.93905603580885355,-0.3434982872162809,-0.01351622323145656,0.34042138194558541,-0.92373587616455266,-0.17557139231880561,0.047823052236542235,-0.16947258706347609,0.98437391163561072,-16.311856202934223,-0.35412853331120531,-2.3284342801024285,0.1583335813072589,0.203333046934098,0.6944444444444444,True,5
-0.20641368955608028,0.97481072544059622,0.084483361260226958,-0.96589491570711805,-0.18920561491710464,-0.17677173726300585,-0.15633425912123994,-0.11809015560079587,0.98061935253960508,-8.5360756376381719,-3.7277817708806591,-3.3985266609042721,,0.1047203594828939,0.1111111111111111,False,5
-0.016946138906813266,-0.97039018147688849,-0.24094755460349188,0.98849784803142426,0.019960714233042562,-0.14991188853640086,0.15028251000497186,-0.24071656690090629,0.95889034910465487,4.5759324554978145,-0.48450885475308925,-3.5697747290865469,,0.4000488606354326,0.2142857142857143,False,4
-0.99930715170145046,-0.037086427418641425,-0.0031326441954841432,0.034815298581924815,-0.90171003636378555,-0.43093724056464583,0.013157185982765562,-0.43074773037375585,0.90237646314322295,10.516758569613426,-3.8535495371610722,-4.5949676761176201,,0.502669244761818,0.3364197530864197,False,5
0.010148018202534446,0.97231156384740502,0.2334678576060818,-0.98878067684849402,0.044554519575498594,-0.14257513063795235,-0.14902949646829547,-0.22940165124516684,0.96185502628431263,9.0042284500438026,-17.250865088068636,-7.2641778246213837,,0.3217244825666183,0.3157894736842105,False,1
0.14088984861939308,0.98869773102463265,0.051252777707635852,-0.97880152258798236,0.14687898432084684,-0.14273802347070866,-0.14865271586975007,-0.030055958338077837,0.98843260237252795,-14.36232619646367,2.7499396624393539,-1.9670220779201597,0.1801698022279668,0.2134429135741734,0.8536585365853658,True,5
0.68217689441369334,0.72971809930020437,0.046326885086174607,-0.72244590547522958,0.68243497955725896,-0.11115040413224389,-0.11272354851656555,0.042355569059832732,0.99272322798424195,10.17863221520604,-11.643504700532588,-6.1833824668354538,0.4152335519032673,0.4552146218885929,0.5084745762711864,True,5
-0.89382834767216846,0.44291498993362688,0.069979972776039984,-0.44254270338169927,-0.84616370352210379,-0.29692245203987783,-0.072296891919760409,-0.29636683102845929,0.9523339019928303,-13.556535836865923,-2.4259532779982589,-2.8564986915283055,0.6443358050582588,0.3170329439816069,0.2222222222222222,True,5
-0.91168479515838052,0.41028662960429962,0.022264677068516418,-0.39888184298116502,-0.87073575493241795,-0.28759784495406171,-0.098610900092080844,-0.27107955778740583,0.95749243533973316,-10.296773886801295,-0.53382162410744671,-2.7195442439606676,,0.2105651858174362,0.2083333333333333,False,6
-0.97929281923547351,-0.19846863901530754,-0.039947134080578164,0.19596091483186753,-0.87971840775223198,-0.43323762869831273,0.050841853350342053,-0.43209457574620275,0.90039401572789957,-7.5377798999593253,-16.329065195176494,-5.7275500238192487,,0.3862502904082609,0.1470588235294118,False,5
0.97493428559551909,-0.21943817260060924,-0.036742715959220643,0.22190596548883207,0.97099974895722996,0.08897881773470373,0.016151818808544004,-0.094901927960929985,0.99535558611908836,12.684032888927662,-9.0691915190185366,-5.8095265804729417,,0.4009497590260245,0.3846153846153846,False,4
0.24260880591668893,-0.96977035391347666,-0.026199770270157338,0.95909493339043583,0.24382387687354606,-0.14382915494137338,0.14586938005103794,0.0097661526142317316,0.9892556526129338,-10.687734112573237,-6.2801284338938048,-3.7848165960046707,0.1524959107761425,0.1433799773326385,0.7391304347826086,True,5
0.99689197938291796,0.076591778846733197,0.018441281276019076,-0.076133588391341711,0.99679942027014623,-0.024384266807895127,-0.020249892855664552,0.022904479085846523,0.99953255408572883,-3.2483545338364994,-14.655945426036075,-5.7770721290899472,,0.1703892225627214,0.4583333333333333,False,5
-0.95579844217816823,-0.2676844317937962,-0.12163216229690103,0.29399020178157492,-0.87623172109012659,-0.38182159736173099,-0.0043702615729525988,-0.40070315188511729,0.91619751412188233,5.9765870709432658,12.437811108716421,-1.3594800409641723,,0.4451341925185713,0.3012048192771085,False,3
-0.31651303948528564,0.94173164728459224,0.11384638922000725,-0.94092427501138542,-0.29646133183417611,-0.16362208720525592,-0.12033704554327361,-0.15890935538776141,0.97993204470522399,3.5777743307448753,-14.230362767192185,-6.2380438922514081,,0.2117318545740561,0.2173913043478261,False,4
0.65244126574786887,0.74321038973481501,0.14818472033088861,-0.74726444153284266,0.66346990517854443,-0.037463840472945986,-0.12615961782570495,-0.086290216783816792,0.98824984154690065,12.44772924612529,11.543800272038672,-1.8292666691933384,,0.2844932669399859,0.303030303030303,False,5
-0.30443827844998705,0.95197921587021406,0.032448531022831933,-0.94235437392637156,-0.29604406564367597,-0.15596841070870182,-0.13887249027882942,-0.078060769585588968,0.98722892365218973,2.2989215379712094,13.664214748376493,-1.0111469973716516,,0.1162435718718953,0.7272727272727273,False,5
0.99374701101193907,0.10532383812016047,0.037064366020162685,-0.10621490286619759,0.99407833159243653,0.022949184463147809,-0.0344277869454684,-0.026742471502043511,0.99904933196714618,4.3173939651818305,-0.71695239411477685,-3.5990429210862147,,0.5547402886187337,0.1499176276771005,False,4
-0.2307865536845369,0.96594618344599248,0.11698520130570707,-0.96285108293011457,-0.20939787916396149,-0.17050020616392811,-0.140197570373817,-0.15198848274707338,0.97838854366428596,2.6978398276915923,12.527981712741425,-1.1897221605976747,,0.2607809919856545,0.3090909090909091,False,5
0.029251706283962675,0.99934075762859309,0.021503204918967532,-0.98847645669600459,0.032116730290942405,-0.14792839549299344,-0.14852148745952357,-0.016928253829890196,0.98876428029388364,0.67587765067619265,8.8474962953004912,-1.7256327292233409,0.2985131852721747,0.263327791019705,0.9700854700854701,True,5
-0.2758164123756055,0.92510653904458529,0.26096589447895274,-0.95278636076885326,-0.22726467163647346,-0.20136762341253212,-0.12697817685372323,-0.30418524034363648,0.94411221905025089,-10.44762172189432,3.738945616957309,-2.0001485179018275,,0.4165939716455743,0.2843137254901961,False,3
-0.59043679632296642,0.79657125567060727,0.12984076473598055,-0.7990302438967225,-0.5542607216738421,-0.23312168871200381,-0.11373240033612521,-0.2413903209512428,0.96374044953236226,-6.945494036752935,15.721755552409027,-0.22208928406809894,,0.2089559704966445,0.2142857142857143,False,4
-0.95692231991765397,-0.29032747601290215,0.0031032749463601322,0.28649216900193081,-0.94590846760821379,-0.15224785058466217,0.047137148237712888,-0.14480030241355921,0.98833747357719737,-15.791182633128379,-12.424644536186914,-4.5240788528651557,,0.2107562090057685,0.8775510204081632,True,1
-0.87477760214805445,0.47806000739118493,0.078884574621658279,-0.48282217940710859,-0.84643720918454823,-0.22455911021475516,-0.040581890698557131,-0.23452650221459601,0.97126228687534066,-0.06157176655365984,-9.5971926298404178,-5.0772021550661188,,0.2832219820102181,0.8417721518987342,False,4
-0.55092536837318506,0.82942158621344353,0.092417913880614544,-0.82547435784679402,-0.52528843451808716,-0.20655300796395917,-0.12277346219884971,-0.19008391011527434,0.97406097555286286,23.438950114885913,-14.126238954907238,-7.6031227794420611,0.3406776847508015,0.2849794833652131,0.9433962264150944,True,4
0.99587593151370291,0.089244918910435678,0.016324015449135046,-0.08786138353153089,0.993549806907435,-0.071687924214078075,-0.022616505380784968,0.069958027722827706,0.99729352150783168,13.160675649710949,-11.461037243270553,-6.3908117398028619,,0.09723684942975235,0.2758620689655172,False,3
0.38330858110410532,-0.89935528867465808,-0.21032022343293494,0.91727946154049311,0.39731296057663096,-0.027217655920664163,0.10804129343885438,-0.18248966022970925,0.97725360210198464,-11.888086776114401,0.74512678130857934,-2.4471424622981686,,0.3936368007817372,0.2898550724637681,False,3
-0.29612041635279068,0.95488192516561032,0.022654094796892746,-0.9445270104478205,-0.28921686391068735,-0.15563525360331529,-0.14206134433247908,-0.067484180529096577,0.98755478826481502,-18.271037461967229,10.465157568582431,-0.58940728038341184,0.2650810939252606,0.2583082740176803,0.9722222222222222,True,3
0.99708814968617399,-0.073193379377246626,-0.021399789034949688,0.073636180669608448,0.99707048562240064,0.02069201771464127,0.019822579342625768,-0.022207564388034246,0.99955684652357657,8.5779441044247218,-19.850300016723434,-7.6546727696017403,,0.2409483455011368,0.1320754716981132,False,4
-0.77209484440518161,0.63261544325873598,0.060557841717580489,-0.62877651921065103,-0.74660921560069071,-0.21728959494062083,-0.092247710715638462,-0.20584552492263339,0.97422686256182101,-11.585260101155191,19.38883785799846,0.50894390760418717,,0.2974257130954631,0.875,True,4
-0.10385725564736044,-0.96968374456640982,-0.22119472410765917,0.98732562019001568,-0.073682014084324343,-0.14056699654213867,0.12000745879235591,-0.23299012065781252,0.96504601626557551,0.78463722977083705,-8.5567565445940534,-4.9606485252008499,0.8371121636784299,0.6284753637248496,0.3719806763285024,True,3
-0.58706532494300057,0.79689565865758616,0.14251881792332435,-0.80026860844442715,-0.5447108478736713,-0.25071945785512262,-0.12216570135676345,-0.26124203609189384,0.95751143073624556,2.8233501293054166,-10.616270277260679,-5.447484793969597,,0.2516182174404504,0.2602739726027397,False,4
-0.51819860730190803,0.85374288366716122,0.050924375087402787,-0.84625562374401009,-0.50321547676233536,-0.17500172350149004,-0.123780542380454,-0.13378068819726971,0.9832502757657714,26.313837234780259,10.226409617282561,-2.7820100836403943,,0.2889393282062359,0.9230769230769231,True,3
0.05242976268997198,0.99505255869993714,0.08438913086992901,-0.98368104721403626,0.066024923747312211,-0.16736877485379106,-0.17211251359552751,-0.074236883480318469,0.98227601405865517,15.32266960945109,-23.981724991604462,-9.3899427092840888,0.2535464278181261,0.2110634047041563,0.6071428571428571,True,2
-0.52341598053767424,-0.8520599748281531,-0.005432367221793459,0.84211162662478511,-0.51631151438543688,-0.15578969290802203,0.12993736807071296,-0.086117474468683175,0.98777530894935417,22.134087013515966,3.2439005582454215,-3.9598235970260847,0.2353398490724497,0.2398050733355582,1.0,True,3
-0.89732748995794076,0.43793015748792263,0.054959557206954501,-0.43451209267146435,-0.85466042440639434,-0.28417389091143846,-0.07747655831311881,-0.27887763645743374,0.95719624257299951,-16.581661334231462,2.5392619726968686,-1.8700165671652946,,0.2118312358601195,0.3548387096774194,False,2
-0.5927080848842915,0.76297444302626394,0.25800605690866585,-0.79431446300922148,-0.50072761858050763,-0.34400056082085939,-0.13327287783779457,-0.40882985614978734,0.90282694285969134,-4.8017907646257862,0.65973238708152981,-2.8724540702814227,,0.4610386010849082,0.2845303867403315,False,2
-0.9709622219840025,-0.23857433140960227,-0.01773842925259822,0.23526279083406285,-0.93876862315932541,-0.25172383959512445,0.043402565924794037,-0.24858753099060557,0.96763653130043503,-12.077078631015839,-2.7099754731566228,-3.0471083078490078,,0.2235956254573659,0.28125,False,3
0.19913481019708612,-0.9794077657675031,-0.033252905468194566,0.96915481346048671,0.20185111714134396,-0.14140393931980516,0.14520425239688467,-0.0040687667784776189,0.98939333443416844,22.467376054700114,7.4501645930890197,-3.1348167338166872,,0.2229090106573908,0.7058823529411765,False,1
-0.59618069433794407,0.79802607642881618,0.087880379143213616,-0.79424935368555949,-0.57027039096642207,-0.2096655559625234,-0.11720300281476118,-0.19479749106862768,0.97381589307454308,32.262609473299733,6.8371495976585885,-3.6167185621014073,,0.1420948367164764,0.3478260869565217,False,1
0.53030241878092155,0.84376196353544985,0.082735080382548551,-0.83655605918471565,0.5366130855154233,-0.11054572038281911,-0.13767100085509415,-0.010589869896267017,0.99042140030349557,-12.829177706111247,-0.46122648421493739,-2.5541679926546363,,0.1457875132946642,0.25,False,2
-0.6470686748478095,0.75789190409622254,0.083078226606628336,-0.75523907557576375,-0.62221577481065804,-0.20606180699061832,-0.10447999212368936,-0.19608006344902826,0.97500591791212166,-9.5211405612776758,-4.4492808648000306,-3.4903862453311891,,0.1677072256338066,0.2,False,2
-0.7813377364914823,0.61862619255757489,0.082540750033449906,-0.61761135585310367,-0.74737842587600534,-0.2449116200926254,-0.089819567220383562,-0.24233679542492501,0.96602552912825224,8.7371853132426303,-25.917044776074935,-9.0275968743958241,,0.2876343695609274,0.4736842105263158,False,1
-0.63988426421648825,0.7619988972152506,0.099527931008662918,-0.76028006546903981,-0.60887212093208898,-0.2263823367713384,-0.11190330852354413,-0.2205275968998015,0.96894026056670923,-8.5328642082982782,-5.9654959672053556,-3.82767150937977,,0.1387987062380079,0.1428571428571428,False,1
-0.78660766055535225,0.61700254644679031,0.023584868746986353,-0.61033356564004004,-0.77118639611908157,-0.18100961602627136,-0.09349506408763518,-0.1567781876379484,0.98319849108519741,7.831009638945404,-20.042588482193676,-7.6311571674926553,0.2767417787009919,0.2205818424959798,0.8571428571428571,True,2
0.37838944663090274,-0.91835013585574798,-0.11599333882637049,0.9155441862646353,0.3897727085155156,-0.099277785498603208,0.1363828056442124,-0.068631360690349585,0.98827600732508147,-22.446551384510261,12.113490375599625,-0.2003787714126988,,0.1551120561715263,0.25,False,1
0.7670501537377743,-0.63956604372062265,-0.050885532034230505,0.63488673757457892,0.76808084095471851,-0.083490431848203761,0.092481847422962046,0.031734799161838613,0.99520852609862276,19.778783118109104,6.3516038840816336,-3.2077691325882585,,0.1541997783035672,0.3888888888888889,False,1
-0.70072665242016929,0.70750719053003264,0.091737309402026554,-0.70588889971073832,-0.66891778148172809,-0.23295892960504019,-0.10345540030943917,-0.22799687928974577,0.96814999002269808,12.439007441711782,14.282967056606136,-1.3573780255898873,,0.4420990527974491,0.148936170212766,False,1
-0.92815625131554536,-0.37091151700560909,-0.030832121180222348,0.36744985368488992,-0.90000401920858097,-0.2344640066947439,0.05921636742343464,-0.22894849193868394,0.97163573929131219,6.0259245803400887,16.500323804726857,-0.69374359376880301,,0.2097291400247042,0.45,False,1
-0.28049410717931272,0.95858639838492143,0.049347468720335817,-0.94931237223359544,-0.26944705789526713,-0.16187743176801245,-0.14187697403702676,-0.092251828290873944,0.98557623977807396,-6.167774423489627,17.882915005043056,0.11067860540527945,,0.144688480198368,0.4285714285714285,False,1
0.92622440844218323,-0.37697171405173308,-0.00081976266392995087,0.37331185270885225,0.91753006390837655,-0.13702861909606273,0.0524080703042102,0.1266132245430468,0.99056674966293912,-18.83396355810795,1.8613857744956115,-1.8488007159896733,,0.0802336899918705,0.3478260869565217,False,1
-0.22604902421376644,-0.97215122336187698,-0.061837185964502869,0.96310407090448991,-0.21352484146637574,-0.16382213123982103,0.14605610996874482,-0.096587478447071912,0.98454988281347777,-0.14421136389618699,-7.6546712747740902,-4.7201090172980944,,0.09591515092030475,0.21875,False,1
