axis_00,axis_01,axis_02,axis_10,axis_11,axis_12,axis_20,axis_21,axis_22,location_x,location_y,location_z,dbh,dbh_approximation,score,reconstructed,number_clusters
-0.69238321451729423,-0.72017859428750075,0.044139286183403653,0.71534209857071407,-0.69315424505029288,-0.088447015671573315,0.094292981006794063,-0.029664539417296104,0.99510243132755649,5.4828156164917692,15.618522103355811,-2.1338269115415671,,0.2022191283468489,0.5555555555555556,True,5
0.14547018184356036,-0.98920212068400115,0.017821072601733719,0.98818909770835595,0.14439698576514992,-0.051301244354152314,0.04817399054206338,0.025073390999501802,0.99852420686683363,10.842454067698176,-13.633205115366495,-5.3561650713862123,0.1397030449644938,0.1378320984264979,0.8235294117647058,True,5
-0.50376898356096822,-0.86348832331088909,0.024591191668927738,0.85899947215459049,-0.50375293937597576,-0.091394107622969498,0.09130562983783326,-0.024917696037423817,0.99551112017099164,-7.2224536422660535,6.9184510677781299,-2.2495881549503132,0.3423669671522723,0.3280839217383946,0.9865470852017937,True,5
-0.92432456026220833,-0.37769341963667341,0.05451410880893149,0.37132069091229453,-0.92312887238730956,-0.099769882556569586,0.088005975913528031,-0.071977536274112852,0.99351607056726421,16.703290231998249,3.475448815948929,-3.9633634135160229,,0.2071505351253634,0.5294117647058824,True,5
-0.85250236322862183,-0.52159017494174487,0.034400728100659778,0.5154041219848059,-0.84971770976443073,-0.11107837212420021,0.087168295444427335,-0.076964297677110327,0.99321608180314058,8.8861043356708951,-4.1284991036518814,-4.231369995047376,0.2536326409741139,0.2420568937808677,0.9370860927152318,True,5
-0.97144117264822305,-0.22959504173975695,0.059901292910627797,0.22397901446276217,-0.97061945850331266,-0.087927628507914857,0.078329108025914446,-0.071999885994738458,0.99432417613804858,-8.7967866884452341,-8.0342624166863565,-3.8413062034464596,,0.1070775185454694,0.6585365853658537,True,5
-0.70147023648003137,-0.71225680470978736,0.025094849616068254,0.70621360734721894,-0.69939549924392719,-0.11003761372805967,0.095926264027518943,-0.059465786650320783,0.99361057365940975,6.1196254636305012,9.0051351010556946,-2.8012313713183374,,0.1313068321040452,0.7142857142857143,True,5
-0.85355603672151159,-0.52012458849470122,0.030207691396105792,0.51329155919622793,-0.8494483720096665,-0.12234883958595992,0.08929651412104414,-0.088926237598042343,0.99202734681685334,-6.4290161473108123,-10.601583236364043,-4.2758890345808043,0.1473012253188501,0.09741770036815627,0.3076923076923077,True,5
-0.91957761228235013,-0.39143046929329062,0.034047065922432528,0.38412372325141242,-0.91385724042258776,-0.1315823292189541,0.082619490585239569,-0.10792187839380481,0.990720388373727,-7.4058279440573251,-8.9183681431117492,-4.0353737492070119,0.301877414318557,0.2032978024088954,0.6237623762376238,True,5
-0.48373717455522797,0.86604064846930584,0.12638014540341816,-0.87468888190860627,-0.47338247596487126,-0.10405955657622266,-0.030293659712829754,-0.16088078396201477,0.98650882790422645,-7.1053983744427702,1.3158149285560912,-2.9348053613242264,0.2513797284258154,0.1626037436423003,0.5688073394495413,True,5
-0.9024841392096874,-0.4286869119130432,0.041831925958620828,0.4224295374652095,-0.8998894984547624,-0.10840745568347387,0.0841169682755986,-0.080164968192433211,0.99322601331359983,13.736027071033043,4.6028278966784617,-3.6470135836421838,,0.1158898218774674,0.5416666666666666,True,5
-0.91164666534431582,0.40158856488514438,0.087332594831936852,-0.40966482347524186,-0.90493958315498424,-0.11514809267322759,0.032788564677153006,-0.14075146675176642,0.98950186186466493,12.305318579131184,12.601619365241671,-2.7946322503744998,,0.1758306631682128,0.673469387755102,True,5
-0.81223070964608246,-0.58174787371946068,0.043019597054222175,0.57648861012733654,-0.81177695906962777,-0.093161425048778626,0.089118778611879085,-0.050868262664983177,0.9947211987045278,6.4801032002026435,-2.5257377539526682,-3.942906979677161,0.2839306428269053,0.2630627164664641,0.9946428571428572,True,5
-0.87912361636755909,-0.47401976167922089,0.049466480392292046,0.46937857332039323,-0.87913016232651076,-0.082546426909202983,0.082616112547968426,-0.049350007348923634,0.99535880702494617,9.8242399238691185,6.2783411590844969,-3.2732694578919901,,0.1140504643055651,0.9117647058823529,True,5
-0.54601878631841616,0.83146347002679222,0.10262545005196305,-0.83741451420608515,-0.53809190266715934,-0.09588553426362649,-0.024503395363673429,-0.13829534444456384,0.9900878654546823,-5.2949202954329477,7.4879184573527091,-2.2840226160177277,,0.07524521306644996,0.3428571428571429,False,5
-0.89981432076339718,-0.43305997411637687,0.052851177540612804,0.42819124625351745,-0.89985080999419864,-0.083191203769654345,0.083584955470264385,-0.052226224936399966,0.9951311354027299,10.170101833524885,-0.55301737376713533,-3.9298678637788953,,0.2024532435971213,0.8333333333333334,True,5
-0.70649667935419003,-0.70584174764677354,0.051476881611565092,0.69893452474618945,-0.70730480634100268,-0.10587937025093438,0.11114392551696614,-0.03882445370980285,0.99304566340869438,11.794262563763146,-16.216535903604971,-5.7446253495586559,0.09845460212988419,0.1702452839862992,0.9166666666666666,True,3
-0.99683723670185498,-0.047849638984942836,0.063450260626894947,0.038793491053677867,-0.98981384583161447,-0.13698034768497547,0.069358406674883188,-0.13408565415076726,0.98853955346990652,-9.2589032829507971,13.393352028311874,-1.4474946481124635,0.1515033944457204,0.2197523674084194,0.9074074074074074,True,5
0.99501630461568147,0.093082853890749509,0.035751026006368369,-0.092327403964812066,0.99548043697987565,-0.022233984516398422,-0.037659049723447566,0.018822377690142528,0.99911336397428796,21.218968137651103,9.6287500927763112,-3.5997473261385671,,0.1510990314628389,0.4230769230769231,False,4
-0.68033520367139089,-0.73215354553036971,0.033093751868238847,0.72604990425695914,-0.67944764634927912,-0.10584154382323456,0.099977733390331086,-0.047980012898436328,0.99383216449680201,-4.3914009132179181,-23.118962888111724,-5.9418635870410883,0.2643471986709907,0.2044909611385837,1.0,True,5
-0.78958443934636391,-0.61250683902614955,0.037306638662364916,0.60692967982288792,-0.78847061185086442,-0.099751982424468505,0.090513959653617138,-0.056120106857694932,0.9943127056988188,-5.2085722079718089,-4.7014626066578691,-3.6435995051137828,,0.2471682469487378,0.9857651245551602,True,5
-0.85976263230313532,-0.50995311093487838,-0.027496195064463179,0.4980322624105547,-0.82531578415517159,-0.26611599354897464,0.11301363498891473,-0.2424905793472672,0.96354877262877481,-9.3633189073972165,10.574021561348033,-1.7250253206886317,,0.3741030036204194,0.2413793103448276,False,4
0.043263235738304033,0.98204764874899031,0.18360476034142018,-0.99256607707314082,0.063175467414912756,-0.10402616478820094,-0.11375796709280006,-0.17773934821385406,0.97748035735733663,13.813913320324444,-6.7781194008787313,-4.7983311590772608,,0.1829923464976373,0.2962962962962963,False,2
-0.95194665186710936,-0.30618853443308958,0.0067936279496089297,0.30120691869457489,-0.94001229316785562,-0.16016017240197328,0.055425302250152249,-0.15041765213905839,0.98706766019126213,8.4367542879160524,-20.98871802522595,-6.1110871318697004,0.1972086628948789,0.1970136513654887,0.1142857142857143,True,5
-0.12792385941712192,-0.89356921838954018,-0.43031330230256098,0.98879796147314458,-0.081265805481177136,-0.12519768466728781,0.076903040111445539,-0.44150868712427654,0.8939552570545215,-7.2423370761513652,-18.409840137815966,-5.2347800033117453,,0.5182714622775157,0.3529411764705883,False,1
-0.92664659672958971,-0.37480911748743467,0.029055295864281863,0.36809220631080741,-0.92030756574235983,-0.13244663865351702,0.076382016356683069,-0.1120361989968584,0.99076418874100691,16.320931378522172,2.0152934854643538,-4.0735575209163901,,0.1158623984659793,0.4651162790697674,True,4
-0.76604659030352051,0.63873709171313875,0.072024642687002788,-0.64277968875893621,-0.76167371593643107,-0.081776660304472407,0.0026254910615111093,-0.10894070920197566,0.99404478202707502,12.740049672249501,6.8310489026351675,-3.3566550683065222,,0.1620470386211354,0.9382716049382716,True,5
-0.85800268855967243,-0.51315383968169892,0.022461594874438245,0.50582433496462997,-0.85173231447247855,-0.13672529627301705,0.089292376953265057,-0.10594905050675868,0.99035431544208052,-6.3989923919410643,7.5946650995858436,-2.219144084775353,,0.3591424135526101,0.5543478260869565,False,5
-0.9681822749174821,-0.24481652143252255,0.051845475880624513,0.23832530039898328,-0.96523793579756578,-0.10731625453298503,0.07631601224738907,-0.09154560683579091,0.99287223153018189,-4.9821116550471034,-10.698994031365793,-4.3459514534427575,0.3186069345780292,0.2726142287265837,0.9833333333333333,True,5
-0.19341724516187125,0.90752181746138993,0.37281888378349115,-0.97969955997630065,-0.15823463916803279,-0.12308765636571878,-0.052711872061570623,-0.38905777180123025,0.91970403323288008,4.7725709615412066,-27.190339787118781,-6.8949544878701419,,0.3643211447422349,0.28125,False,4
-0.99717354287132387,0.038328679903644872,0.064620721864555281,-0.046048871272872174,-0.99139213391971048,-0.12256075332918327,0.05936688346162973,-0.12519005191694105,0.99035499900242174,7.7339618456030665,-7.7671398923117723,-4.5632489811577202,0.1102510852733894,0.1154162874895082,0.6981132075471698,True,5
-0.033562344108689406,-0.99943560504929485,-0.0014284318954052785,0.99750186662830276,-0.033408449892775791,-0.062240674392344986,0.062157824374586584,-0.0035138064135309607,0.99806014750289784,-6.8738856259789856,18.021526269408938,-1.1745150691793809,,0.1934148344130697,0.4615384615384616,True,5
0.41943666362134119,0.89062430937077131,0.17567363139650316,-0.90018448385622696,0.43305151041859757,-0.04619831543107375,-0.11722107419186874,-0.13876140991647445,0.98336386494689554,10.540160535154802,-10.901715403496901,-5.0369531096111633,,0.2124816541965305,0.35,False,2
-0.64889816222797914,0.7543017960870414,0.099799676738031723,-0.76076516041030229,-0.64096765033512337,-0.10196490538297437,-0.012943946965241752,-0.1420889567972668,0.98976925724798426,20.098918342041326,2.8825721350505606,-4.2023299577914184,,0.1734750145569813,0.5333333333333333,False,1
-0.81680455456160206,0.57217202596013317,0.073820677022772146,-0.5768198679259664,-0.81227457656014679,-0.086538154821475574,0.010447947803000276,-0.11326599217201913,0.99350976613418074,5.8223375484900499,-13.131666227849333,-5.0834810247823157,0.1329606785691299,0.1602035818698666,0.926605504587156,True,5
-0.75219977357760948,0.60577858259518802,0.25928326112334588,-0.65891237323674479,-0.69476560962412326,-0.28833180899640598,0.0054758584087428383,-0.38772807036966556,0.92175753776256264,-5.5119620261855857,-17.260913792986184,-5.13884008060643,,0.153826705914013,0.4285714285714285,False,3
-0.83806806520553379,-0.54373874493829455,0.044610484592538149,0.5383743788181039,-0.8374844478355149,-0.093663375264096627,0.088288993169440971,-0.054479141756918995,0.99460397988272464,-17.518874762236479,-0.75203796704834058,-2.5342578256931354,0.3451757220272397,0.3003954802104106,0.8958333333333334,True,5
-0.57456069072554083,-0.81819860815755996,0.02076175045655107,0.81254755569341086,-0.57326925859856903,-0.10549325515173426,0.098216507826594884,-0.043742367961479026,0.99420326032228934,8.63581581581035,-15.45115988763304,-5.447015028781764,0.1583749110842339,0.1238434577407588,0.5952380952380952,True,4
-0.73646605481521554,-0.67570318720008915,0.032294781506522881,0.67014587643238777,-0.73525921624082724,-0.10148097966413229,0.092316057138396357,-0.053095082075145357,0.99431315884577076,5.3125335706927279,7.9691350529333445,-2.8529760529132746,0.2253584679107825,0.2011988475671315,0.9710144927536232,True,5
-0.54695416462869384,0.82741454583757845,0.12738253856679921,-0.83708920047679714,-0.53852376666926061,-0.096300691469317412,-0.011082068419044931,-0.1593026116193528,0.9871675975693337,-27.259325052313454,-2.5302990895941333,-2.2742263502015274,,0.2723594678592403,0.5,False,5
-0.99129682826286403,-0.11741367092080421,0.059536779866637052,0.11050853826791872,-0.98794931009559395,-0.10836984659733241,0.071543422100674492,-0.10084736269502775,0.99232623072837489,-6.3805324729395032,-14.43079061825477,-4.7687434815405991,0.2141785190202471,0.2696026670121435,1.0,True,5
-0.54886749388181733,-0.83370200521904525,-0.060707830249782928,0.83059701935827568,-0.53576445050700905,-0.1518718045131181,0.094090730643573692,-0.13378123959160221,0.98653409182870766,-9.9872139998742373,0.53002403121411901,-2.752997656143775,,0.3667020371709231,0.3380281690140845,False,4
-0.59130134320251537,-0.80587026367425185,0.030591496408204192,0.80122354600923518,-0.59135787894462166,-0.091305467144665739,0.091670883312470142,-0.029478418134463842,0.99535293841782646,-15.128528719841233,5.2309196366391681,-1.9769903324259275,0.3366876980227106,0.2699621576315528,0.9583333333333334,True,5
-0.29882650262137023,-0.95390352298650327,0.027763107985590438,0.95055517221798824,-0.30010288180420913,-0.079894461024786367,0.084543396552968664,0.0025157835256932534,0.99641662216792681,-22.314837570477678,-4.3308292215699851,-2.7097712938367557,0.2995853633386971,0.2404837664911654,0.3636363636363636,True,5
-0.8267560642010493,0.55710695364307117,0.078142514096536927,-0.56245921146848576,-0.8212305765455199,-0.096020703918279632,0.010679220057639389,-0.12333767611419436,0.99230729711602461,8.0613643126001033,10.136599212943942,-2.8030550521946265,0.1327341100449495,0.1553776534978592,0.8918918918918919,True,5
0.70231363009051795,-0.7109923753806151,0.035290326432462785,0.71176291734115049,0.70049649550379178,-0.051944290205184165,0.012211244289318871,0.061599528711969442,0.99802624393117534,11.375965217934624,6.3492892403608936,-3.365492327193083,,0.2506175043997387,0.9663865546218487,True,5
-0.7810962599253225,-0.62299003343405002,-0.042095735799646788,0.62155562807054476,-0.76931637582115409,-0.14771904111262832,0.059642551458692995,-0.14154763203687015,0.98813310536599841,11.054688880952936,-4.8543993758842516,-4.4280905150870158,,0.1835633592195703,0.3043478260869565,False,5
-0.85873193532621261,-0.51005491407479842,0.049228527085909371,0.5047905447244404,-0.85854670677751854,-0.089911391037402033,0.088124736639043036,-0.052359687829742041,0.99473237299419959,6.4358613254535193,-11.086134932850777,-4.8852273516604763,,0.2308554005720622,1.0,True,5
-0.39565929653242171,-0.9176721002443583,0.036491608632380948,0.91397778331718205,-0.39733772778218435,-0.082263854052083196,0.089990736579277475,0.00080406094320863847,0.99594227785345069,4.9985182104863277,10.96164923249753,-2.5608163933659949,,0.224202501900413,0.9690721649484536,True,5
-0.1882077923615115,0.97833674359075529,0.086226695603176043,-0.98052492825462712,-0.18215864058358816,-0.073410453833203576,-0.05611320669560646,-0.098363843972141693,0.99356724092200233,17.883994202494712,6.1854281000743097,-3.7200427501055264,,0.2160868179357156,0.8787878787878788,True,5
-0.94313489744798884,-0.33136135341940509,0.026385956034100481,0.31898391104526136,-0.92451698505527624,-0.20860874583433009,0.093519140875235912,-0.18832949265678867,0.97764317237200393,12.570378508867204,-10.122969983344166,-5.0804579185055561,,0.2272901149643271,0.4838709677419355,False,3
0.45136624612377013,0.85300728938885828,0.26200587037241962,-0.88099271976623683,0.472658653464062,-0.0211098324111932,-0.1418461828144324,-0.2212969985223758,0.96483537397110519,10.997257169221223,3.0805279627498621,-3.6712984788763934,,0.2998941854905813,0.2222222222222222,False,7
-0.86159376278934663,0.50183910019851397,0.076247658550561245,-0.50728710907120411,-0.85655574694037462,-0.094720860181899305,0.017775738878517022,-0.12029035661832857,0.99257959540379448,9.37957635779218,-11.296438788370434,-4.9990683032574443,0.2307398018487946,0.2009897621344066,0.959349593495935,True,5
-0.72827634339688629,-0.68380872254155811,0.044935494039160397,0.67906583376868013,-0.72892845589779931,-0.086792278403654957,0.09210407730664448,-0.032694604425388352,0.99521249077016682,12.495735009679107,-11.044160758567971,-5.1874907627371343,,0.152867939485402,0.9333333333333333,True,5
-0.11415506725461572,-0.99345920238567298,-0.002726502396383397,0.99104518753775916,-0.11368547019427773,-0.070036063031516604,0.069268007610604504,-0.010697058564357195,0.99754073403532162,15.70095154338682,4.3940993585378898,-3.8153736845737329,,0.183658786040386,0.9852941176470589,True,5
0.35478279337364316,0.85970860000354565,0.36746468212052613,-0.93226485893505551,0.35505418848284009,0.069417260357881483,-0.070791258788052258,-0.3672024595788218,0.92744323349651314,-7.6719517916606303,-11.575508959591456,-4.3405022016691293,,0.4433175717989748,0.3260869565217391,False,4
-0.23432474218406343,-0.97119947417109587,0.043168235661869218,0.96853019752436809,-0.23705272316191778,-0.075863449202675501,0.083911689792185606,0.024033056636757942,0.99618333679344073,8.7098277738362384,-6.9409752989431022,-4.5126637670841676,,0.1750584288546531,0.8734177215189873,True,5
0.97614966706916473,0.20730657409203468,0.064465586315356718,-0.20387803725722148,0.97739745719948123,-0.055928137678013447,-0.074602770758879958,0.041451115765580276,0.99635145987592455,6.3384500580671421,-14.286491571621003,-5.2208252439713512,,0.0760706655649111,0.3478260869565217,False,1
-0.38429453775694272,-0.9052708017994,-0.1811145594910856,0.92093444344097175,-0.36213074244060728,-0.14401762483627695,0.064787800813471172,-0.22213982260928958,0.97285992829228396,-4.1589078489845397,-17.554343408256017,-5.2165453102545678,,0.3415132711034359,0.2727272727272727,False,4
-0.89091204057649331,0.44754926001009299,0.077300684474629372,-0.45343193799625497,-0.88621288865801107,-0.095006281799590239,0.025984871767785807,-0.11969283955542656,0.992470861334664,15.202322520248073,9.9348640364993024,-3.2147498889073325,,0.1918956785250649,0.8,True,5
-0.42773398513396782,-0.90389509807632429,0.0041580806878967966,0.90055066244829152,-0.42653825550929769,-0.084104821211559808,0.077795516100596984,-0.032229928027801405,0.99644823719747966,-19.643539880270698,5.3650165962299949,-1.7033462865010154,0.3098717024568223,0.2450273795595046,0.4137931034482759,True,4
-0.95725929692499845,0.27280450864973432,0.096085058729418082,-0.28485318771420537,-0.94680824981807132,-0.14970904957783079,0.050132822578768076,-0.17068051481296537,0.98405023345531906,-9.3821833613092664,1.4376255428873315,-2.731975034962689,,0.2976832849017036,0.7239583333333334,True,5
-0.59224150477027626,-0.8048059938289206,-0.039208574629579371,0.80112877719491626,-0.58292963853253066,-0.13559394850255113,0.086270982245586658,-0.11171548154744468,0.98998836801500112,7.1636741321566628,-17.735471957739236,-5.7171826054070918,0.2541159216194987,0.1542786179921679,0.8409090909090909,True,7
-0.62933745843967959,-0.77654125938134666,0.030299106968930872,0.77138298304343866,-0.62894039724357353,-0.096965304032421651,0.094353891682796898,-0.037651682479348927,0.99482646422920573,5.9351899799726047,10.021522548708667,-2.7004093084407836,,0.2076050959559123,0.89,True,5
-0.95546615776176125,-0.29266716455336,0.03781999688358887,0.28434701477648228,-0.94733825084226175,-0.14729906204327298,0.078937928524133005,-0.1299852656396929,0.98836867319684829,5.9286253371738695,-19.816428941897694,-5.8937458191670435,,0.1318494614713631,0.4444444444444444,False,1
-0.89988000135336832,-0.43491114286617638,0.032684567843243709,0.4281458210676361,-0.89518709503633032,-0.12381930698698509,0.083109199650718765,-0.097428757003534774,0.99176635264671309,18.02628300343914,17.827512091254999,-2.6913057322380003,,0.1813375513692967,0.9,True,2
-0.90112136117409225,0.4260808688491397,0.080220855371365973,-0.43281412788558377,-0.89492341530070652,-0.10855418669567883,0.02553865968278031,-0.13254121603214994,0.99084842580201216,7.2097555142142546,-25.818911287634606,-6.6822030085037945,0.238374202948196,0.1936646075804044,0.8372093023255814,True,1
0.86651118420109741,-0.49676761535658076,0.048788359137685852,0.49881404355472564,0.86539462175265025,-0.047714762853558676,-0.018518034641823007,0.065681694363980886,0.99766878141920468,6.7946269565762378,-21.736231430077449,-6.1285112902707093,0.1768135381034948,0.1626500227628707,0.5789473684210527,True,3
-0.62343248551449482,-0.78123163364952708,0.031765871474137307,0.77677310133242128,-0.62348600148326583,-0.088818663583856247,0.089193525839224935,-0.030697565696666498,0.99554114651714309,-17.736477479371175,10.613299010853956,-1.2322486647303603,0.3386156495502604,0.2575720206835309,1.0,True,5
-0.87162276801703797,0.47624960702340785,0.11601750766314037,-0.48977964773588939,-0.8557012764901919,-0.16700665279193089,0.019739476640108021,-0.20238981501821185,0.97910607997237409,16.030001758490805,-5.7750779402032304,-4.8205131764289444,,0.2039532996864465,0.4838709677419355,False,1
-0.16188315663130032,0.94877292210438047,0.27133703374327733,-0.9848985703593317,-0.13823636705581374,-0.1042377711165873,-0.061389328903560726,-0.28411379604785975,0.95682323403648839,-8.3570625726725467,-11.042474645199405,-4.2166830917531506,,0.2663744084840739,0.3333333333333333,False,7
-0.97502673218824465,-0.21549371769123735,0.053715259972593674,0.20943028563517466,-0.97264463693150927,-0.10050555062852351,0.073904174287270377,-0.08674599635708144,0.9934854327764121,-11.341503357033135,-4.1764369561922061,-3.2312653214856568,0.3909494405105064,0.3353319503658453,1.0,True,5
-0.96754279276903887,0.24298558475941565,0.06941865570445474,-0.24909690676828036,-0.96329834468809439,-0.10003514462253722,0.042563778017974063,-0.11408025561113629,0.99255932824216331,7.4205362158256376,-11.740619400609754,-4.9773531679918879,,0.1583141689860215,0.9555555555555556,True,5
-0.49463943261298104,-0.86836311218534723,0.035739853106675497,0.86439429549792823,-0.49581881248878423,-0.083583533622671527,0.090301348909907056,-0.010450386499562023,0.99585965668213572,-10.667870755274336,8.7122480582857111,-1.8435998524822743,,0.2983596682370849,0.9789473684210527,True,5
-0.73418606418808241,-0.67877454920886027,0.015360159449748348,0.67424946994862889,-0.73157535928473927,-0.1009214841418697,0.079740049072007255,-0.063738567866820028,0.99477581370893864,-20.658417758754133,-7.2654751816141614,-3.1715428068099838,,0.2483929472670476,0.7916666666666666,True,5
-0.77813232215527128,0.62382085291502942,0.073195851560110006,-0.62808329347534275,-0.77366914176462154,-0.083351277964764034,0.0046331063457041785,-0.11083141499393756,0.99382842169865027,7.6554555332126517,0.79615913836967689,-3.6897784024654765,0.1897003728280811,0.1659588451575464,0.9166666666666666,True,5
0.86004416126105698,0.50364425219077769,0.081648685941399179,-0.50154517515347996,0.86390996878897353,-0.045956534979256052,-0.093682858416201623,-0.0014258549108318343,0.99560106919224567,9.7348516214667651,-2.8958836627703284,-4.1536482814493487,,0.1802383547914964,0.5436893203883495,True,5
0.25196336620801119,-0.9666356975153978,0.046150735400954893,0.96624466221010241,0.24864141208272045,-0.067444057914662486,0.05371884994685918,0.06158633360114988,0.9966551101930673,18.953504857393156,7.9126694609087478,-3.6533369588740245,,0.2540507023706392,0.7796610169491526,True,5
-0.35439069044647797,-0.93491862501938028,0.018286692340034605,0.93116154572916054,-0.35462392161337536,-0.084735175546107488,0.08570539236330299,-0.013001492661268335,0.99623568843342991,11.425681873931389,12.264428862057116,-2.7909619863460775,,0.2104586641195814,0.8805970149253731,True,5
0.14253468064990907,-0.97568043815459815,-0.1665279178230509,0.98796251005510982,0.15046208065247318,-0.035933842145485055,0.060116083851465274,-0.15940152097198138,0.98538175930660654,-9.4327095451278193,-8.8702596337876418,-3.8920235310153548,,0.242863401871245,0.2647058823529412,False,1
0.59941913367963984,0.77504566437002775,0.20000230078669651,-0.79655027565342607,0.60217702050702382,0.053763317696492077,-0.078767763299468024,-0.19153864914033703,0.97831926555204518,-5.7674209071843023,10.484936295330968,-1.950856552723075,,0.2619205336779463,0.2340425531914894,False,4
0.99790878480894085,0.0014127707921905673,0.064622451824683153,-0.015131763375967115,0.97708611699807479,0.21230579291851573,-0.062841761101026655,-0.2128396674690004,0.97506419738056638,12.422712832189957,-4.4175340437197885,-4.4803997789954941,,0.3527962381656971,0.1891891891891892,False,5
-0.99452825756368923,-0.088578672380002194,0.055383785594059272,0.081900273677769531,-0.99021149013093734,-0.11302013088018693,0.064852834007766841,-0.10786576663642804,0.99204792540940112,18.646671471239323,2.9098772083254398,-4.0879189609103319,,0.2026647208636148,0.851063829787234,True,2
-0.88069391126174656,0.46869801581677506,0.068559497051145613,-0.47315826432196884,-0.87727886823214207,-0.080641454954351807,0.022349308049911372,-0.10345993100109319,0.99438249738565898,10.484176879858779,-1.736496878618659,-4.0868909226401069,0.1783550954506379,0.1813006248177846,0.9166666666666666,True,5
-0.97946410945413576,0.19004652638902664,0.067322924020586372,-0.19620783264477773,-0.97530842828495745,-0.10137039077148954,0.046395524569245873,-0.11249794453140305,0.99256821819769836,14.667629150495474,6.8978732730672929,-3.4663374090285193,,0.1810343225115825,0.7307692307692307,True,5
-0.84530715250181376,-0.53224936026370895,0.046544993588446125,0.52676933848214447,-0.84481118460045657,-0.093851619107278531,0.089274195400238093,-0.054814969423016988,0.99449758026995427,8.6132782059707669,-5.7680643868450527,-4.3947078446960264,0.2028954698839525,0.1955914526727011,0.8433179723502304,True,5
-0.92091173200891641,0.38143537327068427,0.080178786884015321,-0.3882996682461981,-0.91567231233273649,-0.10376697001990776,0.033837102243408593,-0.12669361643379626,0.99136460400132098,14.875676363081521,0.63936957201556233,-4.150902091049236,,0.1410309302265834,0.9487179487179487,False,5
-0.93737638601246254,-0.34430943296690014,0.052692744436278194,0.33911968995423625,-0.93665496588499986,-0.087608850970165492,0.079519474542768503,-0.064253320949049661,0.99476035501796145,-13.898970853691342,-7.9124118646742918,-3.5339187495659958,0.3416239036594075,0.2812361464162574,0.9919354838709677,True,5
-0.4773664925194876,-0.79428929647919566,-0.37580014012534158,0.87403046672168982,-0.38515985191577828,-0.29618006636922817,0.090509530226970419,-0.46984721130469631,0.87809545208211448,-6.3951941510731265,-18.451947882364646,-5.2847462338529505,,0.6313060418689673,0.2692307692307692,False,1
0.69453467115260603,0.66952840145912718,0.26335016652079196,-0.7074449770902721,0.70215472578657667,0.080624719815470799,-0.13093202418311373,-0.24230241578482981,0.96132530620396639,-4.7633778497729855,-16.886062583705627,-5.1071064611929069,,0.3493323329102878,0.3935483870967742,False,3
0.048537768351597892,-0.99860500989483458,0.02078747835556926,0.99644527368392921,0.046977129670712152,-0.069928290704548784,0.068854205364708154,0.024107747734654565,0.9973354074245816,15.674394344535964,2.3308609959477185,-4.0248238816465376,,0.1713032402486984,0.6933333333333334,True,5
0.68565323603484274,0.72040381535776188,0.10439340368495127,-0.72199968792555591,0.69130524593999643,-0.028522054120310177,-0.09271510421905052,-0.0558157661760698,0.99412700883530469,13.398136950425426,15.393428439982122,-2.6116927059399297,,0.1530644911779661,0.76,False,2
-0.97738557636122758,0.20104273508279719,0.065568695209379482,-0.20715350623490911,-0.97256222661108371,-0.10587794965844149,0.042483643624525787,-0.11706636596273184,0.99221499987888984,-10.546362163692809,-20.072589087695171,-5.4230612033397527,0.2082383943879423,0.1850481101441173,0.72,True,4
0.97333089256786653,-0.22677280667551034,0.03465642401564703,0.22642019676090624,0.97393148672191809,0.013833064388885263,-0.036889945402414852,-0.0056172345639302467,0.99930354677848565,-8.1549270664843174,10.973484298116212,-1.7681136985271566,,0.2343462384210121,0.3043478260869565,False,4
-0.997822859340043,-0.022279409143682375,0.062073901977155448,0.016231091842755167,-0.99522084652673093,-0.096291319942187995,0.063922554986899208,-0.095074152990311508,0.99341572989213411,-6.8552185632726248,26.103087123901712,-0.48011375597208616,,0.2819943545978148,0.9743589743589743,True,4
-0.52108110236993488,0.83828097976409721,0.16049761281302227,-0.85317349135834863,-0.50632750241296065,-0.12540914617227508,-0.023863746485813665,-0.20228064481308805,0.97903680336219334,7.0311252860237792,22.45329669763337,-1.6015483975050924,,0.2347847513657111,0.4473684210526316,False,2
-0.82427736980032051,-0.56384267691314582,0.051461182715552993,0.55894755364242221,-0.82485831203636506,-0.084772621415583449,0.090246606098053267,-0.041112051225111385,0.99507052480306457,-22.559983084224527,-15.765168210970455,-4.2627761359688119,0.3982774412579487,0.3766085985302812,1.0,True,4
-0.98832662504523239,-0.14267096518675729,0.05343667204627324,0.1350291344734178,-0.98274253025258762,-0.12642884194716841,0.070552215203078764,-0.11773748309447386,0.99053534515660668,11.625535701776956,14.403706220813834,-2.62075043977186,,0.1231476030860952,0.5357142857142857,False,1
-0.63494107097593167,0.76779549944040548,0.085673259696341708,-0.77240543472635181,-0.62867583652154468,-0.090313548148283351,-0.015481627599621121,-0.12351827238508378,0.99222152546388143,6.8383553305869871,12.513055909826654,-2.4975912752475002,,0.2253323309527714,0.9743589743589743,True,4
-0.95137263641643843,0.28809422720594091,0.10904963516054135,-0.30203402413909075,-0.94198721139636754,-0.14640881745319326,0.060543826608356208,-0.17222604279349546,0.98319511555098293,22.003599142193991,11.545539118792037,-3.4700592968082771,,0.2629023183481574,0.9318181818181818,True,3
-0.98815728443079809,-0.14556189433181202,0.048548080753884469,0.13688308859377224,-0.97919730251305059,-0.14978538916795298,0.069341194706904336,-0.14136611216872311,0.98752590905095727,7.5627473964683656,18.558678490959544,-1.9874110762013919,,0.2282809598323074,0.9375,True,4
0.43301541581444736,-0.90018050831197738,-0.046612252919494883,0.89997293954954538,0.43465283546605082,-0.033550271233955806,0.050461448112306205,-0.027421981629925839,0.99834947647499506,18.978470134329413,-1.1293211453559602,-4.5214769430324226,,0.3176760249406222,0.3023255813953488,False,4
0.93638824529719478,0.34415671795398245,0.068798310708794524,-0.34207826677080638,0.93880377270667081,-0.040372462828052687,-0.078482567951883853,0.01426989274186264,0.99681335097841361,-14.467365594203489,12.686961095216478,-1.226929514379393,,0.2877157037777604,0.7674418604651163,True,2
0.75966569792151484,-0.64487521686414462,-0.083928434251091977,0.64915281778287437,0.75967603122478589,0.038638669064967615,0.038841299746167013,-0.083834851088198131,0.9957223866003253,-3.8165810284639385,-25.408509234464987,-6.3345603471655734,,0.2677370039865537,0.3333333333333333,False,3
-0.38758962664527996,-0.88842117395533782,-0.2459310858447796,0.9128366797023677,-0.33271778647697242,-0.23670249418166472,0.12846586125087761,-0.31623834718402455,0.93994139724952364,-6.3305131088827071,15.774703930424643,-1.4052692485760956,,0.3648395181933595,0.3125,False,2
-0.0066757148380652796,0.98329705694967762,0.18188549316947927,-0.9981464183541694,0.0044505921760446491,-0.060695302586172256,-0.060491010556489401,-0.18195353808977274,0.98144472468828792,-7.174269452911135,12.783661132723591,-1.6428337236028387,,0.1530721421121344,0.2413793103448276,False,3
-0.38846800016827349,-0.90527834355374481,-0.17194107577263359,0.91724805106162577,-0.36207454191726618,-0.16600614120884485,0.088026278286153836,-0.22220069034093939,0.97101916950341327,-6.0842812131993247,17.87282230152897,-1.225444887417205,,0.3284577491103479,0.2647058823529412,False,1
-0.8271435467589332,0.55596187389877383,0.082097185250268295,-0.56182616728724166,-0.82156536950163783,-0.096859183286697098,0.013598191290804154,-0.1262407953341611,0.99190642239427873,14.071641171980939,8.3239447461335239,-3.2883548602324315,,0.1408753602442834,0.4285714285714285,True,3
-0.9971065575737158,0.041368226969202573,0.063774466998316473,-0.048689635535841186,-0.9918321966587228,-0.11789068267899865,0.058376641175060376,-0.12065472833071215,0.99097659119504988,6.0525638790188427,13.981336696498182,-2.3334885262051812,,0.2156289589219259,0.65,False,3
0.67954772544772624,0.72093252251085749,0.13590874447567092,-0.72763113585722317,0.68596837433247471,-0.00056528469715443064,-0.093636632628200017,-0.098507296185579851,0.99072119873769615,10.262180402199581,13.721983197358556,-2.5868948718918237,,0.1304095425941462,0.56,True,3
0.99653728264412211,-0.070257382900022189,0.044467341367664601,0.067803369119547846,0.9962101903909899,0.054478983995537911,-0.048126369448640974,-0.051275303111609327,0.99752428334076426,15.723297441135292,-3.9818258901878112,-4.6250667899415125,,0.1494716731446506,0.1052631578947368,False,3
-0.98057964716628698,0.1874512367816257,0.057667923426095433,-0.19342916785263756,-0.97291815521483072,-0.12655204572509149,0.032383832186373682,-0.13524901878538134,0.99028227810585157,9.1546863075724083,11.719279004207133,-2.6990364122150172,,0.1410382633165776,0.7419354838709677,False,2
0.48883485478285493,-0.87208100979712599,-0.022697953666572832,0.87183970811255296,0.48928123416889502,-0.022347197774684413,0.030594249584572027,-0.0088648881204255389,0.99949257408495484,-19.798777831699375,14.982503583683634,-0.64848431810423035,,0.1783817664301608,0.4736842105263158,False,1
-0.16679852021495481,0.98282117345748299,0.078998700354869694,-0.98426251491453709,-0.16122874981488106,-0.072336657147273803,-0.058357136566259203,-0.08982110685572571,0.99424675678374763,-8.5959347885546542,16.85647493268192,-1.1640990373450695,,0.08103703385664382,0.36,False,1
-0.4551572026691606,0.88535220212912724,0.09478079469749584,-0.88933948343199964,-0.44680573475730478,-0.097159243496891132,-0.043671547571476788,-0.12851503247904225,0.99074551846557546,-25.562626695978803,-7.7112202401737386,-2.9473620317782592,,0.1009470446186289,0.25,False,2
0.86234835109073837,-0.50324676551778369,0.055659809261025921,0.50601864481185588,0.86038287183502893,-0.060716101288547715,-0.017333564949479643,0.080523331083588057,0.99660199712691,17.38602957884483,10.964232897789689,-3.243177294010096,,0.216392863878947,0.9655172413793104,False,2
-0.89915980881460822,-0.43598546850431608,0.0377929816969928,0.42917490129593427,-0.8953971793847888,-0.11862881288873109,0.085560167777432569,-0.090446461527449423,0.99221917704056772,-30.036880573241994,-4.5316729366335178,-2.3137153872714444,,0.1507329625009031,0.3,False,1
0.64997411908601854,0.71814027024549654,0.24861254346890807,-0.75426541581231721,0.64957083915657088,0.095610707700029163,-0.092829559019885932,-0.24966432898825092,0.96387260351304715,10.530995403434588,2.184276268504576,-3.7267587165046372,,0.2736645339464592,0.2352941176470588,False,1
-0.96803061533199541,0.24092951932175258,0.06978319639675401,-0.24718311009381858,-0.96356895241084073,-0.10215372746122542,0.042629072993741871,-0.11613716317038443,0.99231795381643151,14.099158786211618,-7.8870662175255211,-4.9335598774527645,,0.08479573620119754,0.2592592592592592,False,1
