axis_00,axis_01,axis_02,axis_10,axis_11,axis_12,axis_20,axis_21,axis_22,location_x,location_y,location_z,dbh,dbh_approximation,score,reconstructed,number_clusters
0.99281198099321855,0.11853500975097858,-0.016547563556494147,-0.11935551420938627,0.99081820646744767,-0.063510179974892042,0.0088674474418413939,0.065028710551306282,0.99784399340773711,-4.2357312520090877,24.880237273247527,-1.6383967726301301,0.2983995422249442,0.26971773338918,0.7209302325581395,True,1
-0.82125511508145965,0.57022638250927959,0.019542483028458436,-0.56652980089307758,-0.81090956704622319,-0.14652528373272483,-0.067705396037442134,-0.13140603777333149,0.98901386875216524,7.0309233080687079,3.6324811452449044,-2.3534022100386429,,0.08676586461688772,0.2978723404255319,False,5
0.78151857836507954,-0.61277398785502757,-0.11720388849553168,0.61863570160828141,0.78546070782263766,0.018475528744592885,0.080737725790711395,-0.086945478749669305,0.99293600164317564,0.20391732513415101,-15.141757606044685,-3.1566352079224655,,0.6675506280929017,0.2523809523809524,False,3
-0.60984471592447276,-0.77627661317438124,-0.15963722090261659,0.79041813272345962,-0.58109609045136923,-0.19382081705558124,0.057694002469565894,-0.24438075517651878,0.96796149126832287,8.2686068694879484,-3.0926984056962192,-2.6073969357163254,0.4395459798359758,0.3823566126126763,0.1942446043165468,True,11
-0.97379925856009153,0.22267143206836254,0.046178321412106892,-0.22429362791088125,-0.90694841863209241,-0.35656266548717824,-0.03751496376634765,-0.35757796252198026,0.93312948094690384,14.811790123370567,5.3026466508989563,-2.5808982377033329,,0.2802310620505404,0.3191489361702128,False,1
0.39009938829707952,0.88956057040962433,0.23770666549919953,-0.91350908880442661,0.40626572373467351,-0.021196848587667017,-0.11542795121611973,-0.20887832173503754,0.97110567642620826,0.8176096058855431,13.504431605824029,-1.9199326399155505,,0.4174858478383177,0.2807017543859649,False,6
0.53235704749081036,0.84651816979062611,0.0017211046441641988,-0.84430408267789936,0.53110947232422723,-0.071227413128036918,-0.061209394379443463,0.036465279675466193,0.99745861739617647,-8.8972045779981528,6.6672386998803406,-2.0370911597226531,0.2241376560337838,0.1919494646062809,0.9478260869565217,True,5
-0.5840401041029355,0.78452946348824826,0.20835229232785688,-0.80783804871656106,-0.53668166282219221,-0.24366058326332721,-0.079340051961481958,-0.31062246169465413,0.94721636516980712,8.2163074863737222,-5.5295382818594927,-2.7217779451766679,,0.6744179669816522,0.2611111111111111,False,1
0.39949381437987058,-0.81510765149498288,-0.41952855534106004,0.91280613841305247,0.39601166337644195,0.099798377468155758,0.084791779953450649,-0.42281707503855503,0.90223947769323876,3.5222213571831866,10.751598728770805,-2.0530779688103933,,0.2251928248005318,0.2075471698113208,False,2
0.7288009646578858,0.68468287033304653,0.0076499010604508047,-0.68345196486494775,0.72808105058965678,-0.052833658727205066,-0.041744049108539349,0.033276881536005068,0.99857402505736204,16.002246274537605,10.683369570692047,-2.3609804802670049,0.4090335215209504,0.1831254470357892,0.7647058823529411,True,4
0.89180401449332658,0.45242011844178665,0.0012791257585306713,-0.45198211733953614,0.89105814609452949,-0.04156375685438099,-0.019944055225962775,0.036488583251477275,0.99913503489440503,5.4416956396254195,8.8823445317065008,-2.0870088918078156,0.2792926163773526,0.2608680044486696,0.7807486631016043,True,5
0.84321983823946689,-0.53645560752942423,-0.034578686349309183,0.53393821989130774,0.84325368130958933,-0.061912892818276388,0.06237212308963716,0.033743297231634453,0.99748238488367758,-10.210760421874406,4.6222079410052492,-2.0794703042812155,0.2035320012213594,0.2042899114849663,0.945054945054945,True,5
-0.98517122154453063,0.17096994910767174,-0.014385435084750979,-0.16823250445255072,-0.97904959224592947,-0.11471582440405545,-0.033697013014211713,-0.11059463108668395,0.9932941854701054,-16.963510652357296,-1.9106498327478822,-2.471590044890517,0.1691690334203242,0.192963863434826,0.8939393939393939,True,4
0.99282533738376155,-0.11701106986137078,-0.024622326833904529,0.11565966388369774,0.99200063990817222,-0.050572448745189791,0.03034290030844547,0.047361798442122148,0.9984168310125775,-14.585228273471323,3.4027746776276726,-2.1818225896540984,0.1962662887138586,0.212932683105042,0.5476190476190477,True,5
0.99908895982308676,0.036517851923403469,-0.022083859502423791,-0.037089777032604895,0.99897187824652489,-0.026067890445568481,0.02110921124282188,0.026863226975009497,0.99941621371538436,-17.534777487215472,-5.4438087605479533,-2.5886556149610964,0.13278531189705,0.1614401763123686,0.5,True,4
0.71693657233922548,0.69679854439608235,0.02176556385630923,-0.69597179935713027,0.7171933677180744,-0.035453177584037474,-0.040313840577162363,0.010269460974535641,0.99913429148899258,18.898294387700926,-16.316594427389436,-3.3105118876705295,,0.1792920228799337,0.6785714285714286,True,2
-0.30986894868056619,-0.93374127378519789,-0.17918835976032449,0.94950594157285229,-0.29415792883870584,-0.10913102134211303,0.049190462098362329,-0.203956727104839,0.9777432955061518,9.7134959149115048,-6.3205175121682293,-2.7019958206196044,,0.1525848112232233,0.3,False,3
0.99442390298788497,0.10545616091805905,-0.00031510437061313401,-0.10497065068424014,0.99012335965918996,0.092934897385880039,0.010112549691703452,-0.092383606671428767,0.99567213758200035,6.1737234599670812,5.3231382458132162,-2.2869784021093658,,0.6549001335991051,0.5410628019323671,False,1
0.5197461969285172,-0.83922635913576726,-0.15988436105532264,0.85040455501410483,0.52612150035367811,0.0028739653545293009,0.081706692440751516,-0.13746012148008685,0.98713156742810826,5.5005032504025291,2.6837894019377337,-2.436967372377596,,0.4683024524894258,0.3230088495575221,False,1
-0.99712558383751626,-0.050016809534441826,-0.056911236330677226,0.062815485895012624,-0.96572954812822542,-0.25183457785583241,-0.042364900430241853,-0.25468560743796886,0.96609546970032267,6.6775336793898985,5.3705182877251705,-2.2755095179609333,,0.3199154006452028,0.2025316455696203,False,7
0.96696749445099062,-0.25196766316223346,-0.038550763880056065,0.2517882545336938,0.96773552459598478,-0.0095199429519973108,0.039705661486094543,-0.00050115416469064672,0.99921129361634731,-17.238050349967917,12.165952790789689,-1.9519750122136901,,0.100626938434298,0.2727272727272727,False,1
0.85777281188075927,0.51394603319480958,0.0092346175608514249,-0.51302662780413133,0.85708336213102621,-0.047029666404271482,-0.032085547557999278,0.035603164487101623,0.99885080583458874,-15.71649833112194,-4.5766188022449512,-2.6269926039536666,0.142318608215224,0.1250579936434075,0.8214285714285714,True,5
-0.51911371544317242,0.81976441506215547,0.24188272827258017,-0.85078883241757353,-0.46855005519240639,-0.23794791113337241,-0.081727064503303512,-0.32931314819939239,0.94067716957023972,10.116698126890091,-7.4712499295462766,-2.7511388325315851,,0.3747506328210106,0.1707317073170732,False,1
0.99893967326100586,-0.040034406880495886,-0.022732695636943613,0.04019188814448274,0.99917075117152743,0.0065132273649158648,0.022453091381286434,-0.0074199911760462704,0.99972036211051118,9.3572252287102966,-5.0972544133770628,-2.6496001238421854,,0.2932173443098222,0.4393939393939394,False,1
0.89622824048929006,0.44359205849968919,-0.0010132055469893146,-0.44314824935770614,0.89522462287423765,-0.046824178485907753,-0.019863787168423071,0.04241415136116939,0.99890263275438418,1.434475284745613,14.41642652030928,-1.8962476841005709,0.3455692766846144,0.3198639782409852,0.9655172413793104,True,5
0.099509034857597101,-0.97417760737379444,-0.20267200416727185,0.98362304849000892,0.12706738803005488,-0.12782635635283116,0.15027857618746271,-0.18663297723255817,0.97086790108046117,3.4332730436436942,5.7664286861754732,-2.2319977159430846,,0.3696998349214054,0.2196531791907514,False,5
-0.99501606600337478,0.098167222373719831,-0.017499281316561463,-0.095680407120734973,-0.98935504734363466,-0.1096441972421917,-0.028076468588088477,-0.10742339943933479,0.9938168468910753,-2.430239754112042,-14.588347071758987,-3.138657954104672,0.4303165020287817,0.1567527785297533,0.926829268292683,True,5
0.97906517761791378,0.20328233313086358,0.010376464372623816,-0.20198950107670224,0.96401603554019555,0.17283901375600996,0.025132039924938229,-0.17131659656389922,0.98489542810948916,-3.1167610991732499,-15.641949855978076,-3.2154503958203766,,0.5159934791647176,0.408,False,2
0.99951885606234758,0.02515343408262154,-0.018148309278428969,-0.026060806923244566,0.99832637589196049,-0.051626364785168313,0.016819355466951347,0.052074484656817417,0.99850155599748636,-5.9087330685093686,-6.000707368401482,-2.6520632074639665,0.2106304559174765,0.1955345923977502,0.96,True,5
0.96885609901468672,-0.24606778945666591,-0.027721875729354268,0.24415829723140972,0.9679549472549086,-0.058736240753099529,0.041286623682523962,0.050138439112695603,0.99788854669659388,19.732310723233109,-0.94541102401555122,-2.6366426540871775,0.2647215213941618,0.2312508700025407,1.0,True,5
0.93005545469514395,0.36185420685208819,0.063705448552344418,-0.36714203451964372,0.90854468172768066,0.19938226549300825,0.014268065061036075,-0.20882551158274185,0.97784882677826024,3.9468593181837135,3.4822651786757435,-2.3209928292423343,,0.407056153105795,0.1685823754789272,False,5
-0.01948900327476882,-0.99523363287873468,-0.095552052507269614,0.9990418817778961,-0.015639220482739753,-0.040874603806913268,0.039185420822493724,-0.096257107632050809,0.99458487421902597,8.7904849237776315,-10.230257839217495,-2.9223473383613254,0.4099860385969061,0.153307634948477,0.1935483870967742,True,5
0.97638497247229517,0.2160371857100227,-0.0005656153887825463,-0.21600552009962132,0.97618982138659194,-0.019875812126931298,-0.0037417665302542369,0.019528620322648672,0.99980229654243458,-10.544962969325216,8.2169801389010875,-1.973062253031912,0.1233560963003121,0.1247344050627359,0.3076923076923077,True,5
0.99935174820456696,-0.030819288167964105,-0.01860792404588478,0.029792405264266457,0.99814222129688379,-0.053146200739977549,0.020211282716520951,0.052557373805625696,0.99841335453288593,-5.1763756688046767,-8.5175496210511525,-2.7880921432168511,0.2484203790236447,0.212278154845119,0.963302752293578,True,5
-0.32544068668659443,0.94525623931087976,0.024062449850534906,-0.94185073966911914,-0.32180563998954936,-0.09673838046839868,-0.083699125644715822,-0.054145841158562122,0.99501893662962049,13.667629894985108,9.7134798017405153,-2.3558556000588102,0.2689362097407877,0.2386086016309902,0.9387755102040817,True,5
0.99899271270520784,0.041118682836307555,-0.017967022115375778,-0.042038170233996718,0.99764420554448041,-0.054210989539920457,0.015695611019159818,0.054911684233203029,0.99836784540038415,14.83719164994673,-3.604450132745074,-2.6343743888584883,0.2757189221839876,0.2685089090455823,0.984251968503937,True,5
0.97662309145059201,0.21462987496304001,-0.011889239624004001,-0.21495589617299996,0.97482106124075285,-0.059311560946526377,-0.0011401517221984979,0.060480702168550164,0.99816871555827091,10.306960134208589,2.2030952439340816,-2.3881718944324137,0.2950735428269957,0.2536690651954925,1.0,True,5
0.64566703990529006,0.76333185209850607,0.020941756177679634,-0.76166709271132593,0.64573397318894565,-0.053766864798822096,-0.054564763910582056,0.018764845895520705,0.99833389559700914,-20.69658378760284,2.752417213818831,-2.1876977289606336,0.1777337918245377,0.1960426409396666,0.3888888888888889,True,5
0.70570749713331482,0.70849322262358638,0.0037791515287238439,-0.7070272028619291,0.70457133897767499,-0.060759877422870964,-0.045710643214336447,0.040206738087676289,0.99814525761999184,12.055324393538065,-15.921497397277486,-3.2459288651568841,,0.3132469969876143,0.98989898989899,True,5
0.77539118191797085,-0.63031143161507386,-0.038418929959173044,0.62776808391998495,0.77599189649491895,-0.061186676537046084,0.068379440004158132,0.023325431390966569,0.9973866734798208,-14.148933518442965,-15.998491320849109,-3.2166511477433875,0.2196883211122685,0.1879464015039267,0.5625,True,3
0.86997051376910117,0.49309165176703845,0.0034537124923964303,-0.49224921582872877,0.86885374748721445,-0.05276243922930321,-0.029017489352597157,0.04420167909794788,0.99860112000567791,-14.376109873044543,-5.3683022265840474,-2.6843246573356985,0.1404911226128067,0.1363521081304852,0.6274509803921569,True,5
0.97631767527434332,-0.20817767941222715,-0.058871476467313562,0.21321862140172601,0.97198334877679238,0.098925169639478908,0.036628082593125944,-0.10913488670078091,0.99335188129401497,1.5431453996311699,-16.395604761072775,-3.2251984834053622,,0.2682742325817372,0.2686567164179104,False,1
-0.99182625281455439,-0.12587733323883932,-0.020870582275478812,0.12727587614134414,-0.98759057341902512,-0.092009296521245038,-0.0090297054377531105,-0.09391355743746127,0.99553940562347798,-14.13517613141167,1.2844193375992987,-2.2745013139245094,0.1824128549766182,0.1809515970984589,0.9213483146067416,True,5
0.88853167824772905,0.45877785426385748,0.0058597941366218403,-0.45820733268331237,0.88793922339958653,-0.040124504031607125,-0.023611374917975679,0.032966892264646885,0.99917750524563576,-10.078894740644474,-6.710451808501098,-2.7025570457021773,0.1146381530244982,0.1492419060681932,0.7087378640776699,True,5
-0.51529512262540889,-0.85561485763768153,-0.048930072431131795,0.85503314571265809,-0.50938781479923001,-0.097171877962623152,0.058217319855713677,-0.091909028521229924,0.99406411973529263,-9.54620907842782,-2.8338892984214423,-2.4454696241901628,0.1366818912816892,0.1355929620712371,0.6756756756756757,True,5
0.96350152985502535,-0.266235090210378,-0.027994262049548607,0.26492952673247772,0.96330542911244088,-0.043069665749836526,0.038433680962565067,0.034081182244300193,0.99867979111650185,-11.809633636224364,-5.9471346327790329,-2.6456758252313102,0.1620682911750096,0.1659641090879026,0.8861788617886179,True,5
0.99513921331103061,-0.095547901901252244,-0.023844172725679593,0.0941426540731016,0.99407271876085024,-0.054374539073763523,0.028898214733365391,0.051865482333442001,0.99823587639772959,-7.1853127913546881,-4.8557589184756305,-2.5676280405018672,0.234446821759132,0.1615424492169976,0.7307692307692307,True,5
0.92148275097214905,0.38816767318958961,-0.013978453111143605,-0.38816646255201148,0.91898818079284927,-0.069191913638137759,-0.01401203092554296,0.069185121620400317,0.99750542952693344,-12.155660637298741,6.4959147897313034,-2.0163461837238104,0.1614219068638673,0.1803664991165403,0.7297297297297297,True,5
0.07185997525805117,0.99698759928106839,0.029186826406517132,-0.99445152793636149,0.073869765161211798,-0.074896037145257208,-0.076826444281566195,-0.023642856739390022,0.99676412093546585,-16.312769729376633,-6.9491758041501068,-2.6881864447589439,0.1561528229376457,0.1382279623673447,0.6451612903225806,True,5
-0.59937355678498705,0.78011790597399611,0.17935270336870182,-0.80019913277546684,-0.57811507060209233,-0.15957541492388169,-0.020801137764677027,-0.23916316171493768,0.97075655792078475,8.3723386724926172,-5.8848870274717582,-2.7257301093735333,,0.2704594999423458,0.3333333333333333,False,7
-0.15770982330467659,-0.98524777269117136,-0.066441237498217426,0.98418162822151767,-0.15132671418667099,-0.092123548806530814,0.080710187116939419,-0.079919033906525855,0.99352846648447724,-5.8847575752079946,-8.9865123156747604,-2.8198756368957061,0.261963806230745,0.227592042377393,0.9636363636363636,True,5
0.84558567012648167,0.53323256330894653,0.025454035116609958,-0.53234861212929263,0.84582600052815948,-0.034399592941672941,-0.039872667841058161,0.015537382582245155,0.99908396048666903,11.80712627981333,-12.087387205929092,-2.9933749894231805,,0.2319039826094988,0.3333333333333333,False,4
0.26399205731308301,-0.9036496422042839,-0.33723214232880516,0.96067106785456358,0.27756582407597769,0.0082651492542797772,0.086135318324007282,-0.32615109604153231,0.94138523968040244,13.474300560391875,-3.1813439077233636,-2.6207496538597566,,0.218587873635306,0.4583333333333333,False,1
0.95801469580446819,-0.28509056386313059,-0.030515783110963535,0.28335453127392413,0.95765212194674376,-0.051113823349801517,0.043795573169076195,0.04032100850799962,0.99822650938736857,-12.062006276542562,-6.8587533225485746,-2.6982860653454042,0.1536126158137308,0.09597054738861506,0.4285714285714285,True,5
0.81601621172186156,-0.57666052814118529,-0.039751446401749983,0.57446421322906605,0.81668958472462827,-0.054854260740844443,0.064096879223658157,0.021926182664648432,0.99770277767857507,-10.718171124220214,-8.8982426220058475,-2.7720710698869215,0.1910469222750983,0.1877619649226419,0.8773584905660378,True,5
0.2405604138325502,0.97062446083904041,0.0043408890371823619,-0.967386401788494,0.24011863862354998,-0.080663430501574526,-0.079336227106042351,0.015205111196368956,0.9967319437351666,11.058413777471964,-6.7277770934714818,-2.7159807580898558,,0.09327758253333093,0.3333333333333333,False,5
0.96454210686806097,-0.26238375146641674,-0.028518258097762584,0.26082976426391008,0.96414518826593198,-0.048906952651773243,0.040328131032246445,0.039734404614381137,0.99839612325839178,-7.8808127522489455,2.080285299490388,-2.2039058623790195,0.2255551705903783,0.1997356596225812,0.9356435643564357,True,5
0.29045724485511359,-0.92995146761935121,-0.2254436887202439,0.95236755858353628,0.30382105223779338,-0.026245029524728507,0.092901142451588523,-0.20708219645767162,0.97390263457978943,11.599057437252357,-4.1972802657480042,-2.6416305800343185,,0.2843624709780926,0.2040816326530612,False,5
0.37167104678049295,-0.90148188132647522,-0.22179055576189985,0.92442980372942218,0.38135121045365056,-0.00089009118538542487,0.085382497983341701,-0.20469897880941013,0.97509392220057967,10.578591173212331,-7.5854179329366769,-2.7557485468095639,,0.2020361216746238,0.1714285714285714,False,2
0.99034802819542189,-0.13449646534770596,-0.033488563098670945,0.13459085514358998,0.99090109326941378,0.00057014840021412522,0.033107170841942341,-0.0050718996889110232,0.99943893814098939,12.894634240198467,-9.7248484724378805,-2.8683941552801717,,0.1549020287948607,0.3928571428571428,False,5
0.15012271468925104,0.95809916216568369,0.24394500608076783,-0.98398392312627969,0.16878027111672669,-0.057348575490430875,-0.096118726392660767,-0.23142864027423274,0.96809192481782103,-8.8439041855051475,-14.956638611386801,-3.120159202735036,,0.1925213793280909,0.3157894736842105,False,2
0.99954428735546996,0.024533007230341911,-0.017588324857182841,-0.025102844355016633,0.99914186375637748,-0.03294515586123363,0.016764987931209889,0.033371659318486999,0.99930239043744795,-3.4541566418955378,-14.244626304771565,-3.1109093112448014,0.3135323779110334,0.2539426821238585,0.7040816326530612,True,5
0.99801296043445209,0.060491032173009537,-0.017634223303149867,-0.061486328802593589,0.9961313424789997,-0.062783595798314662,0.013768158019168046,0.063743105961591856,0.9978713615828092,15.783673131346145,3.1471153120504867,-2.6579315028920822,0.2920142711159682,0.2575334719767743,0.9886363636363636,True,5
0.95909201069834293,0.28293738476830171,-0.0094314004836982268,-0.28307813974928386,0.95814556461933564,-0.042706484242788195,-0.0030466064226990705,0.043629271146428623,0.99904314465819566,-10.137248669717183,9.4627944016782717,-1.9353056969333298,0.182182944630095,0.1763347512324216,0.7887323943661971,True,5
0.98291679983996771,0.18369827297454225,-0.011380206436071082,-0.18403897321201734,0.98166514487975254,-0.049630632348191858,0.0020544905508299086,0.050877183829154043,0.99870280425869995,-10.788824753152412,-5.0007510195002745,-2.6010222145918216,0.1906555960381038,0.1805317157746265,0.8545454545454545,True,5
0.97362838003756091,0.22805727662527045,0.0061364618226054761,-0.22800935139263948,0.97362905369776387,-0.007628988996261285,-0.007714483971287326,0.0060286295177362989,0.99995207003295661,25.756432405599913,-1.8390325390445734,-2.8372693643976037,0.3666713677469602,0.2849357652430056,0.8703703703703703,True,3
0.9577849310258103,-0.28655166508581154,-0.023155326308057209,0.28449467423354258,0.95632890436314721,-0.067065691768092572,0.041361893484634246,0.0576469419495187,0.99747983631311277,-11.97176446215321,0.089987809988831935,-2.3099706064252015,0.1277791914064801,0.1154441426957592,0.5254237288135594,True,5
0.85086798434378341,0.52536662622474017,-0.0036852771916871425,-0.52461921519326149,0.84923845105979823,-0.059738867511525483,-0.028255128185022543,0.052763257014584591,0.99820723621924268,-10.117723487254791,7.2657588549813354,-2.0125058397010052,0.2049729814908841,0.2066155067220727,0.9680851063829787,True,5
-0.98489581268064863,-0.17024205047452481,-0.031589276888760474,0.17307257965134293,-0.97332930051775035,-0.15058537421163198,-0.0051108059007368978,-0.15377814215244312,0.98809218328007653,-13.089586942260432,2.2532031750042893,-2.1973276721467667,0.1324996657231541,0.1197849528361122,0.65,True,5
0.56960134329033563,0.82187559288394685,-0.0086498291026513158,-0.81986526162007245,0.56740127459018086,-0.076659939877929059,-0.058097009479789095,0.050757299131238942,0.99701977617016513,6.6443320079904415,2.0088852002988919,-2.4610417981123143,0.2765612298208398,0.2568624550968025,0.9981378026070763,True,5
0.99552077189085475,0.093181308377396924,-0.015988636680886351,-0.093879687233485498,0.9942956306678925,-0.050624136137627819,0.011180208351362068,0.051898387294930411,0.99858978581668123,-13.877563935902566,-6.9283899357818441,-2.7481019892112086,0.08962219591484183,0.1591038356955889,0.8695652173913043,True,3
0.99979592080037361,0.004432757139810656,-0.019709576735004761,-0.0055137926237326124,0.99846359165677512,-0.055136686758954952,0.019434887234971412,0.055234109026869496,0.99828426730975384,-8.9333288096088985,-1.3127155855729455,-2.3351830500163699,0.2395140065953362,0.2170826059704593,0.9790209790209791,True,5
0.39684087467065554,-0.89286026936238105,-0.21287991822801311,0.91262439204256285,0.40860769021253945,-0.012508978699955119,0.098153141771272961,-0.18931533190238417,0.97699829368690216,7.9840379092869709,-9.5109323439580553,-2.8786099238857772,,0.2666104545971476,0.2702702702702703,False,7
0.99711470655640055,0.073991072502679514,-0.016958277001123345,-0.07476086749272827,0.9959241417800142,-0.050457075930708674,0.01315578430494924,0.051579307960128558,0.99858224515043126,-9.4805073817863423,-0.67549188342186528,-2.3015566429273884,0.2695009458259018,0.2330881557821815,0.9242424242424242,True,5
0.89051240735967607,0.45191446330397417,0.052544935009506688,-0.45487537730986588,0.88660447169339807,0.083790822232960471,-0.0087202898850605656,-0.09851816395949213,0.99509704447072345,9.7082404614649409,-4.6969532286032258,-2.6270598485214709,0.6288521814448481,0.4323671650397612,0.2359550561797753,True,4
0.85531538835605736,0.51810730885858258,-0.00063478235916838988,-0.51737042241032027,0.85403228157173627,-0.054375619981212431,-0.027630281509480895,0.046836722138633692,0.99852034981917859,-3.9935436447217274,-8.5944132562347093,-2.7960867498945383,0.1828344531849114,0.1572021936522391,0.8641304347826086,True,5
0.99913913074611105,-0.037110060912687398,-0.018542944506256154,0.036140431055171326,0.99808797903575719,-0.050142350837032293,0.020368275701489011,0.049429034821390772,0.99856992937979727,-15.375969848852789,2.8111327239341923,-2.2229620168159077,0.1778731037543761,0.1854420303991512,0.2592592592592592,True,5
0.84287869439383212,0.53676985823508927,0.037863251672709874,-0.53742245857836546,0.84326452272823138,0.009057909444955603,-0.02706672408205154,-0.027983280690620879,0.99924187684927213,-14.676453071486728,15.469093814819553,-1.8263449940407313,,0.1602639683133802,0.24,False,2
0.90905715837502965,0.41667031032632557,0.00096710892794247064,-0.41608412321732763,0.90789656431074617,-0.050968921110906493,-0.022115271049272665,0.045931263920183159,0.99869977159360079,-15.082617053286047,-2.6866713477722044,-2.5266237298703729,0.1565797043374962,0.1205255573216284,0.6578947368421053,True,5
0.41455169109895551,-0.90487985268890481,-0.096640300106643928,0.90522860897235813,0.42092418977536433,-0.05817208918306771,0.093316991512617312,-0.063366226490608524,0.99361796503252442,6.924148536460204,4.2722699036599376,-2.315590017302894,,0.1390456080732549,0.2957746478873239,False,5
-0.99881921377533522,0.045987093328586692,-0.015664145058349371,-0.041385780446203752,-0.97430034373325247,-0.22141828600665509,-0.02544396529788108,-0.22050856547638714,0.97505311505654191,10.699209058712738,-11.519522167900124,-2.9851529893816013,,0.2247995738565802,0.1470588235294118,False,5
0.66530201187126359,-0.73191784527419779,-0.14720564109172041,0.74503859418423279,0.66353986514235752,0.068061299890940077,0.047861531275456566,-0.15495520364297993,0.98676144973743818,-0.27303995258111058,13.17264645372085,-1.8888750427686269,,0.2104755762578888,0.2280701754385965,False,3
-0.60567612845003849,-0.78911124613412709,-0.10227349925771322,0.7937766804197165,-0.59023473731107778,-0.14677035290949536,0.055452764111696404,-0.17007761785716505,0.98386919600951239,-22.615535652549124,7.198094938515462,-2.0070967883961375,,0.1326938845815949,0.4117647058823529,False,1
0.29577749765297279,0.95311901962997669,0.063873361440736659,-0.95145517808610824,0.29990057065021664,-0.069229269942761212,-0.08513939144296799,-0.040296180256542358,0.9955538668909153,-18.972330588435749,4.4456138723231149,-2.1880755700008825,,0.2106840384965942,0.7272727272727273,False,2
-0.69133877019535317,0.72252338530528271,0.0032653501758267874,-0.71859959622226743,-0.68709949872253462,-0.10727953749171218,-0.075268354133532764,-0.07651298283452003,0.99422353539020247,-15.512360004803623,-0.2384142147776549,-2.3940316247387292,,0.1169104891414922,0.5,False,3
-0.57673769501991701,0.81692500090640141,-0.0026784393195954138,-0.81345205629484951,-0.57458186143351742,-0.09028530678507446,-0.075295306977221574,-0.049892157757204077,0.99591234018940433,10.167786911479698,11.10893379080127,-1.9447883727959046,0.2430850691138152,0.2429965983630845,0.9,True,5
0.92937444279736336,-0.36803858717843163,-0.028473556553306124,0.36587594815411911,0.92864870103205921,-0.06120768443417339,0.048968721010607064,0.046467068114665937,0.99771883611737655,7.2130635379214167,-3.9766904265676928,-2.6716753327210814,0.294860392678698,0.2727258444374441,0.9978401727861771,True,5
0.97460610330422659,0.22350832439900134,-0.013673782450480515,-0.22392589085799181,0.97288760819692677,-0.057852374370624363,0.00037256624517110343,0.059445191068873707,0.99823150143299877,-12.609023093736241,4.6819379329080482,-2.0774964395536752,0.1546634541652902,0.1054958951306676,0.7,True,5
-0.99728773008484906,-0.069583628397732938,-0.023985455618263717,0.07246014116099192,-0.98539336192347704,-0.15410856634229231,-0.012911675535677779,-0.1554285718140451,0.98776274868953606,5.6442290528463923,8.0581483396106108,-2.1429856955421469,,0.09848909777774426,0.2972972972972973,False,1
0.95615515130147632,-0.29138346877122817,-0.029376874689097714,0.28968120898753935,0.95574528350706489,-0.05133955797938973,0.043036307917499336,0.040578654251321011,0.99824909167000164,-5.8597164173006604,-2.3399531450290136,-2.4324428056424447,0.1725798895554072,0.1541947950786213,0.8347107438016529,True,5
-0.79701187274727703,0.59936733298031042,0.074369851794585981,-0.60035886629148849,-0.77279225744463664,-0.20581875157240057,-0.065888590553125598,-0.20868858854688913,0.97576009687075749,5.5909695566605633,4.4692937023719868,-2.3428804388560911,,0.1364283673735238,0.5416666666666666,False,1
0.71716337603269587,0.69657355488612638,0.021493596969568915,-0.69544270569975053,0.71731498403954919,-0.042645712109792108,-0.045123554452147066,0.015636377638239971,0.9988590333615438,17.268915028356695,6.2531067890221168,-2.5935063574915689,0.4282809204537715,0.1189821110685842,0.2,True,3
-0.84887284819365283,-0.51085168106855905,-0.13581401823458172,0.52859603864027549,-0.81986051640714819,-0.22003400094170203,0.0010561881481753535,-0.25857164110944558,0.96599150662962052,1.1883186969189705,10.465455645880191,-2.0320484795580462,,0.2111511035115712,0.1587301587301587,False,2
0.06688576664534715,-0.99108976071956645,-0.11518411529849695,0.98905356081823281,0.081076694010727812,-0.12328675322623271,0.13152698602583182,-0.10567713037892396,0.98566373376615479,5.8805702372408,5.3721219722195972,-2.305458886319705,0.276107290278239,0.147070956819406,0.3939393939393939,True,6
0.99639788641697946,-0.082349475710374404,-0.020243907577421137,0.081076390129462966,0.9950633641760267,-0.057232160873622193,0.024857009219771808,0.055384701181061903,0.99815563113561279,-12.882729629309615,-8.7834266739006317,-2.7788487686394183,0.2172298916041013,0.2249538639237859,0.9809523809523809,True,5
-0.11372941024509338,-0.98909165004485389,-0.093612654362815045,0.99011425895483274,-0.10505052902724372,-0.092941597605264298,0.082093699268737455,-0.10325741698611696,0.9912610808347766,18.09266067652834,4.2596710072626491,-2.5989425626107661,,0.1301969592767934,0.35,False,2
-0.85561049828887725,-0.50964589208809197,-0.090508231093043234,0.5176160487712621,-0.84312303134325051,-0.14566118245090071,-0.0020739508878864152,-0.17147774985781955,0.98518580990157056,6.5979782990942102,-4.1712118144308752,-2.6633643312102491,,0.158297768886396,0.2093023255813954,False,6
0.721379594482639,-0.69159574888103359,-0.036149699773925612,0.68883429785809003,0.72193412808589907,-0.065714722849634671,0.071545724948558695,0.022504107059255686,0.99718342064389043,-8.3103143872133991,-9.293421206670482,-2.8738122238652131,0.2217687315316067,0.1898501249484845,0.9101123595505618,True,5
-0.015006625212036537,-0.99415600962005735,-0.106904769472975,0.99637691623033287,-0.00591690318843539,-0.08484121085881996,0.083712854467384745,-0.10779062479169113,0.99064289186565069,-0.55987248685042501,19.66689971167704,-1.7403348628857136,0.4209601843049087,0.150169783479803,0.4210526315789473,True,3
0.99725971596223839,-0.070910683202975652,-0.021088715622437852,0.069560248062725358,0.99582862831387864,-0.059048411663248673,0.02518790996428525,0.057419665953291621,0.99803233973325967,10.944093682034302,-4.3720721706633645,-2.6226754246787576,0.3156993500133776,0.2757946921864117,0.7942386831275721,True,5
0.99072610529228067,0.13519777956583034,-0.013540483479500608,-0.13568022414338773,0.98970977214152367,-0.045447152869833786,0.0072567946635922198,0.046862856592861789,0.99887497295866223,-4.9167108540702245,-6.2202574039751051,-2.6588600732881673,0.2110694818238334,0.1778581909360989,0.931899641577061,True,5
-0.97231932848676006,-0.22448221686152628,-0.064829451362717797,0.2334456387296886,-0.94507389821251619,-0.22877600546273846,-0.009912477447342246,-0.23757748468727818,0.97131801257905359,3.1614214473269922,8.8102888979306364,-2.1302478997765464,,0.4858357192477497,0.3076923076923077,False,7
0.95554967016884873,0.29473745367985948,-0.0073933239153369419,-0.29465356021059136,0.95380914026994101,-0.058544029522568215,-0.010203298262215534,0.058120197314089551,0.9982574494431502,-11.722720744652715,2.6071023549688661,-2.1587345344014386,0.1003403115989933,0.09836279109157578,0.4468085106382979,True,5
0.97423887701337675,0.22542910687583229,-0.0063504558009817372,-0.22549894130578357,0.97413912768063926,-0.014254381486938361,0.002972874986674881,0.015319193672285665,0.99987823474638449,5.3002710581363743,13.746922888200714,-1.8485240968370731,0.2410564827183308,0.2236563513121016,0.3846153846153846,True,5
0.65922134127536958,-0.75019081674561705,-0.051390287775489762,0.74812541071956162,0.66121906722926382,-0.055657119653736792,0.075733698198298088,-0.0017560190793746329,0.99712653327158174,-19.39293732268122,7.4597533682370267,-2.0835513342443406,,0.1073730234956837,0.3333333333333333,False,1
0.16652242607329429,-0.93856818686375132,-0.30225823433275539,0.98398811692736299,0.17793035734702481,-0.010400657676437948,0.063542642063472835,-0.29568656807783916,0.95316933757750666,-7.0733162976221715,-14.617499342942265,-3.1875271285273827,,0.2650182938716099,0.2773722627737226,False,3
0.9609671924940163,-0.27472463235728628,-0.032686867796119026,0.27347433219907469,0.96112504791045883,-0.038084536328901117,0.041878927618042829,0.027658970611197424,0.99873977429873639,-8.9880240311719195,3.5262262486432494,-2.1350784230154143,0.2072378615962546,0.1986009979953467,0.8764044943820225,True,5
0.49971780471579452,-0.85870880780495495,-0.11358388551295565,0.85823820847561871,0.50858142074592128,-0.069080503650603267,0.11708669080039641,-0.062961272781397903,0.99112389990715022,8.934122434102207,-3.9415771794257761,-2.6246898160196559,,0.2521383739026445,0.2258064516129032,False,4
0.51841967819616674,-0.84273875880083127,-0.14502558972063664,0.85120667929645888,0.52478744162179536,-0.0067327733622626479,0.081781577265785513,-0.11995634843928177,0.98940499700023499,18.432661590689545,2.5484170262690391,-2.6167045867060366,,0.2230006628545182,0.1333333333333333,False,4
-0.46355271718744551,-0.79800850098452714,-0.38509909211080173,0.88490457379778442,-0.39465702613654297,-0.24736557358052347,0.045417768107839679,-0.45544293174610545,0.88910570927343324,-0.34620118576967834,-14.390926325007245,-3.1223471480719378,,0.2570969676157152,0.44,False,5
0.98790714966669901,0.15426070669342501,-0.01559160055494537,-0.15496548461624896,0.98563825812777339,-0.067103820252662649,0.0050161952783960677,0.068708503733494505,0.99762416735944948,4.6911479128189413,3.6694196669742642,-2.3653733297404069,0.2709132343406694,0.2304027950747597,0.960880195599022,True,5
0.96437202913555831,-0.26299847683575434,-0.028607527034634324,0.2613205697017939,0.96385876603736365,-0.051844372728957366,0.041208606767204115,0.042521527665434759,0.99824534580097191,-16.372657351805383,-3.4464854685509825,-2.5304320250139587,0.1693212524742753,0.1908771042900216,0.5454545454545454,True,4
0.74733967273157498,-0.66163312634100491,-0.061032939382697063,0.66101000708612101,0.74966039919388439,-0.032788052892386427,0.067447639643432644,-0.015839570975741714,0.99759707492445837,-23.122145166614011,5.1515400979141512,-2.1090555412861192,,0.2165718389460809,0.8837209302325582,False,3
-0.96574414582827872,-0.25389268680193527,-0.053635327787789289,0.25947465434442346,-0.9421525645791845,-0.21218258366253431,0.0033389446313463779,-0.21883109615719792,0.97575704086795556,16.709978347496964,2.1994340710143874,-2.6483782704660799,,0.09787542994091708,0.3888888888888889,False,2
-0.70756327310412104,-0.69547032213522209,-0.12520082101693053,0.70515137932750016,-0.68335965843945357,-0.18915895286778561,0.045997247599251362,-0.22212745946110266,0.97393205356772672,9.8251356987233756,-10.139085979874963,-2.9213970423833966,,0.1710262135430063,0.3513513513513514,False,2
0.98319933208025023,0.1821318863098487,-0.012126392133136038,-0.18250432872647906,0.98208214440188324,-0.04697692670977878,0.0033531169152768402,0.048400802020369414,0.99882236607453767,-17.502603730408801,15.971682306005009,-2.0239891008457302,,0.1223445365670275,0.6666666666666666,False,1
0.9203412774693065,0.38845228150872829,0.045571460112994261,-0.39065076963304751,0.91866771579609285,0.058665186772895749,-0.019076403520430156,-0.071794518903985222,0.99723700186268294,18.913179863323968,11.16669320569962,-2.5248220677077158,,0.298309219932097,0.3888888888888889,False,4
0.74467401665868971,0.66229138672322607,0.082648218284728209,-0.66610412055787116,0.74527304717992371,0.029553100056958666,-0.042022725866357503,-0.077059744480355463,0.99614049525726223,11.397334766554165,-11.280650468497059,-2.9598485620112447,,0.2495050859353591,0.2051282051282051,False,1
0.81086336718749807,0.58380369428395018,0.040912666666502867,-0.58412589481567478,0.81164875085815835,-0.0048212276629568604,-0.036021365314761473,-0.019988791129103685,0.99915109441468219,-3.6821987880701612,-17.341330963345353,-3.3266628752637621,,0.1460706138203748,0.6739130434782609,True,2
0.82978530654702176,-0.55679529695928021,-0.037885911929016372,0.55465037797804917,0.83029692275398181,-0.054497507044606153,0.061800511708832585,0.024207795217585003,0.99779490848732577,-14.862961752141734,-9.5955384806407658,-2.8340130672730059,0.1269081963323741,0.1566122044087838,0.8043478260869565,True,4
0.29644675116322156,-0.95335663937304138,-0.056836976415977424,0.95050216635146312,0.30031283358158772,-0.079736025404905486,0.093085742656676254,-0.030386183530301231,0.99519431487750998,-14.472980954655478,-1.3048455020052181,-2.4256521003474525,0.1330190480469131,0.1448850087982586,0.5428571428571428,True,4
0.38224471650830288,0.9064856102458142,0.17936782074486116,-0.91951723481837899,0.39235657236906724,-0.023331844992602949,-0.091526125087043456,-0.15601332807190016,0.98350536851126558,1.1578062978385146,-17.224692432279038,-3.296323624922227,,0.1926168265086355,0.2203389830508475,False,2
0.80972348761044644,0.58677172533846989,0.006842218594271119,-0.58561246121955934,0.80875891693518964,-0.054470721880568382,-0.03749558475802954,0.04009933442259915,0.99849192510631701,-15.371528403381992,-8.0069545980849952,-2.7642465413617647,0.1783518256313962,0.1391635073589891,0.5,True,3
-0.19918848848001908,0.90819396529856156,0.36811366105093329,-0.97617121758907144,-0.15088187779379783,-0.15596285745038152,-0.086102845526241853,-0.39040796655382631,0.91660674208931658,-3.8380310661349344,-12.009501022886797,-2.9885387259389371,,0.2120228248740735,0.2727272727272727,False,2
0.73155507591235958,-0.68056440578448929,-0.04073402123615516,0.6780610175666536,0.7324962426689644,-0.060683695770153548,0.071136680856902695,0.016773313776808161,0.997325537917088,-18.388671398637271,6.3306639268152018,-2.1283593674944465,,0.1429689032326137,0.8529411764705882,False,2
0.6561624264871796,0.75401565484882638,0.030187121581069922,-0.75330706706242834,0.65685520108627105,-0.032706383470428091,-0.044489692966541101,-0.0012794720817164186,0.99900902406881842,9.0205418983525085,3.460090440340684,-2.3303221669886192,,0.2612677888284499,0.325,False,3
-0.34986774706940527,0.9231889134160518,0.15910622145681896,-0.92758668650520004,-0.31763400546846571,-0.19670174780199726,-0.13105532640408213,-0.21640441011159262,0.9674676390998157,7.0472565961624634,7.3586003130747306,-2.1584657720236566,,0.521281598930656,0.4,False,2
0.48352460660405222,-0.87425720831916709,-0.043339226001084571,0.87140691417146243,0.4854495548075623,-0.070630869110533734,0.082788554417662544,-0.0036143379914115731,0.99656058110800139,16.807816479456495,-29.032346731691039,-4.1044369396173757,,0.4111886785615357,0.851063829787234,False,1
0.11267331519379208,0.93819034881029728,0.32726685356518231,-0.99028826344369913,0.13302664560255728,-0.04041122177558977,-0.081448630000170302,-0.31953525777126007,0.94406744447213664,15.394538640153808,9.7931459482482843,-2.3783524043476039,,0.5556403120948369,0.2777777777777778,False,1
0.77448638344475695,-0.63147360461209845,-0.037575637544343919,0.62857312450089209,0.7748927186853708,-0.066611573195511073,0.07118053816772478,0.027970720523395814,0.99707119594317584,18.235938235895844,-6.2126543475057066,-2.8463523291288761,0.2969523102584125,0.2876161903934188,0.7954545454545454,True,2
0.7458796733184283,-0.66432956582298919,-0.0482673896521571,0.66237656591649363,0.74741336465891395,-0.051288860914571806,0.070148398806154755,0.0062841310202860212,0.99751677271224481,-14.995957699313616,9.5788971035591448,-1.9279247211389681,,0.1200834343472757,0.5357142857142857,False,1
-0.06227246964826183,0.98597738403489787,0.15482486136149323,-0.99442147606420095,-0.04806200248277586,-0.093893406901878168,-0.085135582844086566,-0.1598081414980006,0.98347002518874593,-6.3425123082262092,-15.174340975541421,-3.2441101452194081,,0.3834210420716812,0.2241379310344828,False,1
