axis_00,axis_01,axis_02,axis_10,axis_11,axis_12,axis_20,axis_21,axis_22,location_x,location_y,location_z,dbh,dbh_approximation,score,reconstructed,number_clusters
-0.9738716612883821,-0.062735514993803615,0.21826186679736234,0.05066561855684977,-0.99688336199235361,-0.060469477251540921,0.22137520736446328,-0.047831137779537077,0.97401498952688415,8.9916502971169088,-1.1591069905839142,-4.873647416270579,,0.4987894675210114,0.2368421052631579,False,5
0.86138217817235607,-0.4616293666595494,0.2119411969498852,0.4044317580162885,0.87572502204995439,0.26370559126317461,-0.30733645445163332,-0.14143554571998382,0.94103150328349194,11.338446810564889,2.1713600623676323,-6.4988732786903629,,0.3204869352878464,0.4210526315789473,False,5
-0.34125853948169754,0.88551165579925462,0.31529623637855525,-0.89215165587771716,-0.41075702823131782,0.18800023051375403,0.29598654048025014,-0.21713537528979387,0.9301850335563856,-11.969967399689486,1.1887985159986025,1.3205221397171187,,0.1584162719817991,0.3181818181818182,False,1
-0.59630411773397873,0.70440174071635953,0.38501894349403587,-0.74289641224546565,-0.66596185142465603,0.067821332336213402,0.30418139299818459,-0.2455870520259702,0.92041332021591082,1.4843041446153533,-6.94900597318472,-0.92573118162746537,,0.5182230487630421,0.8205128205128205,False,2
0.96069044297425876,0.11127004604983233,0.2543478909485814,-0.21642118265544574,0.87398845439977657,0.43509315470817095,-0.17388428472964845,-0.47303610689667058,0.86371355037193931,8.1825390764415165,4.9967685073368893,-6.1558326296458619,,0.3860248893585693,0.9375,False,4
-0.74639521504028938,0.51798433384536879,0.41783538966407557,-0.5765719742993336,-0.8168632051945327,-0.017299203793349677,0.33235363909174975,-0.25382421848611036,0.9083580377210223,9.6924218653554242,1.8078331333401947,-5.8560648589491606,,0.3892855528373136,0.2941176470588235,False,1
0.050858912935163383,0.92612931638695895,0.37376176945171724,-0.97937365380805097,-0.027029418125189844,0.20024149615522424,0.19555208309226085,-0.37623649462065578,0.90565196566553074,-6.3131438787787468,-2.0619109608990702,0.43768288115526122,0.4316959037255205,0.2617423441964862,0.3235294117647059,True,5
-0.35471534797041165,0.70111792938480078,0.61855530957982996,-0.88643424805079596,-0.46257829040168069,0.015989031605398552,0.2973404543563653,-0.54263705581560495,0.7855785637725371,5.8841879677108819,4.2692098882157712,-5.2103969439601761,,0.2917461778363654,0.4545454545454545,False,2
-0.78211998572939179,0.43319982829671122,0.44791320217912411,-0.54215521387686982,-0.82741949970212691,-0.14644007504371273,0.30717430229233456,-0.35737218732909615,0.8820028728608742,6.3778902412828096,0.22702368819601998,-4.3901788133163473,,0.6423631055046354,0.2627118644067797,False,3
-0.65315900971569307,-0.73976849643465037,0.16163502006073491,0.75705160273049743,-0.63345063298090254,0.16004113964628341,-0.01600558747446551,0.22689836327949264,0.97378691401696615,-10.591634824639771,7.9000067607380888,-0.70935498298223254,0.2926910286241892,0.2527355478016739,0.3529411764705883,True,4
-0.93095671970874028,0.23889131381198855,0.27613497825216643,-0.21089140572534051,-0.96916484277437487,0.12745321699083045,0.29806777923877015,0.060418935072574051,0.95263064787165241,6.5215423369654957,-0.69441651688777117,-4.1853355122465654,,0.2555113615407096,0.2258064516129032,False,1
0.75789995140104183,-0.6207549268565693,0.20062647993122501,0.5615710576297368,0.77730374767817756,0.28361387673750965,-0.3320024260437226,-0.10228491887251034,0.93771647339285169,3.3029079085666826,3.3125290732458814,-4.0435213552048577,,0.5687871921814014,0.34,False,1
-0.23194823688409785,0.85767682214110186,0.45890138828325644,-0.92560416370522658,-0.33966498301713821,0.16698691997733317,0.29909354312306291,-0.38602871405364247,0.87265393162936267,0.26768651649667852,-1.5460730970316214,-1.8609247017965138,,0.08087745308178643,0.4,False,4
0.39600135653078078,0.83328605521849497,0.38576842250783316,-0.91627774056481814,0.3310687864418872,0.22545190349457922,0.06015004381722916,-0.44275027817303125,0.8946251524557588,-3.9078757655021126,7.1780447179212619,-2.6376031313201054,,0.3498407126596169,0.2631578947368421,False,6
0.42395228821105629,0.83367420250384261,0.35390928413958311,-0.89576262843046028,0.32828619494441408,0.2997290238136312,0.133692822649399,-0.44408951607587044,0.88595187842429468,-4.1176990545201093,-0.87007010791024197,-0.58981180873365358,0.3481588922680756,0.3154638656523842,0.9043478260869565,True,4
0.05681007809312566,0.95140527002873809,0.3026559551513856,-0.97606954889518527,-0.010808434997359055,0.21718980973438434,0.20990676679564943,-0.30775183166709574,0.92802368469718743,1.5823426739978532,1.3828872178496776,-2.9485020596691478,0.523886871643804,0.4736780185970463,0.9133522727272727,True,5
0.11849150774363229,0.94685949211540488,0.29902652856159662,-0.97579516459141424,0.05529349933157434,0.21158077817156568,0.18380304500376707,-0.31685916607008202,0.93049272405791361,-5.796599003040714,5.0423256622323773,-1.4951113521807105,0.2555056236054231,0.3883450737412196,0.9647887323943662,True,5
0.20458424323713881,0.71122525207361442,0.67253544756533856,-0.96464157056912414,0.029856134422926547,0.26186876783467916,0.16616837168673268,-0.70232987409773706,0.6921855388556134,-2.9085159574118391,3.6432544122423676,-2.0741975000859827,,0.334483188524793,0.4576271186440678,False,1
0.96333557092689759,-0.064312587031413113,0.26047738661211217,-0.0035422800652030449,0.96771255218696928,0.25203148333436948,-0.26827603329199667,-0.24371357674349986,0.93200411075917577,3.1390251982727375,-3.563561798358148,-2.3091749922076263,0.6549749722855506,0.4340367246263059,0.7333333333333333,True,2
0.023639506904633824,0.93107066088985335,0.36407224302799979,-0.97575719940593375,-0.057768986421300239,0.21109389383718835,0.21757541570866018,-0.36023626779932749,0.90713327016553424,10.94681396009306,-2.5149921367425154,-5.0384607744539656,0.5168892095752479,0.4068718085492334,0.9,True,5
0.88976142675572789,0.34223527324339703,0.30199275025342937,-0.42527782668751424,0.86186105774779576,0.27628660348593981,-0.16572076992808571,-0.3742599830143073,0.91239579762763834,-7.2522397041010986,5.8365174965628537,-1.229028365043429,,0.1703196092470165,0.3125,False,5
0.82615378574426324,-0.52707413168797279,0.1991551706729979,0.45967900839782916,0.83489896904214078,0.30271921103682625,-0.325829911976801,-0.15854517084332637,0.93203985819462132,-6.0450025785588224,-4.0573177151033928,0.81017864794684968,,0.2095453177912101,0.25,False,5
0.58028963228246555,0.72907313573362087,0.36292741067192125,-0.81411570437015135,0.50731406942753032,0.28257398121336358,0.021898916945191388,-0.45943965622530158,0.88793898423495465,13.560633540788089,-1.3590237047147109,-6.2560756650046283,,0.2514389241067533,0.25,False,6
-0.65974988978177995,0.56715538794572318,0.4930160736295201,-0.66703468205740657,-0.74412754829149586,-0.03659132146103572,0.34611387701955354,-0.35299994022354542,0.86925038184441972,-7.6790257029725604,1.5253832035369514,-0.069386342726229622,,0.3176648691791864,0.2272727272727273,False,3
0.95712488851126465,-0.19157981785159733,0.21727660063672066,0.086271374766949724,0.90455365664893839,0.41754033594235668,-0.276530645115728,-0.38089349644616449,0.88229867203623047,2.7687482203095932,2.3080328966647508,-3.6591391107457603,,0.1275178100455292,0.2,False,1
0.55810971757800965,0.76765353624706478,0.31499458952872589,-0.82928331813001976,0.50306836245191888,0.24333392893554548,0.02833233870083296,-0.39702678875275016,0.91736961340368139,9.3614282176466457,0.35900640402189876,-5.3619000759861288,0.236227730682207,0.1935158491090984,0.1578947368421053,True,5
0.91909912746550826,0.27493555191889341,0.28225385060826946,-0.36028122958757813,0.87643450125708433,0.31946830924695657,-0.15954381686234248,-0.39531380863473481,0.90458430408873214,-16.029655842000277,0.74931467207196878,2.565015274639054,,0.1501790507864897,0.25,False,3
0.90285377510358078,-0.37589041629338377,0.20871381295927893,0.30804575095957015,0.9041893244224033,0.29588761534797886,-0.29993812044648244,-0.20284984727464228,0.93214219052872327,-18.032357621695159,4.8777045156430727,2.187486125902637,,0.3044437566718876,0.4444444444444444,False,3
-0.78727371320145889,-0.5809665262046374,0.20658653376176891,0.60180723813050729,-0.79692917858314705,0.052267891257639504,0.13426894144111359,0.16547440814973688,0.977031254163231,16.088203193881032,1.1369698532642103,-7.6475985031412907,,0.204224704449879,0.2272727272727273,False,2
-0.89773442957320293,-0.3973287040782667,0.19027032052940265,0.41579908717784853,-0.90691211097548219,0.067981924568692217,0.14554728805767714,0.14014393986712559,0.97937513908490414,-6.9791516561505924,-0.64789147925184953,0.26875077053263202,,0.1304928791207906,0.2,False,1
0.87015914987285081,0.30537109307033011,0.38674481174230307,-0.47687393455928662,0.71958442348264084,0.50476678577249934,-0.12415435727554236,-0.6236559572377921,0.7717764848525186,3.7271405863006288,-1.6734161209204672,-2.9669698097577748,,0.2419330021267742,0.5714285714285714,False,1
0.96581392001479482,-0.066307468558243765,0.25061283191219919,0.00062554633378493919,0.96732830643337853,0.25352624373921323,-0.25923556969952821,-0.24470240535419382,0.93430062197155361,14.757010263298859,-0.41378663207323113,-6.9377464711080519,,0.07126644474026522,0.4444444444444444,False,1
0.96288911150724943,-0.0079781252149628279,0.26977936996522789,-0.11675468007419131,0.88888439543309827,0.44300437496294554,-0.24333701654609421,-0.45806209303280176,0.85496562229416917,-7.2307231299865196,10.694640476209369,-2.3867099879150353,,0.3105504617093658,0.3888888888888889,False,3
0.96691349258534243,-0.027566178238720124,0.25361073256809574,-0.089576984454173225,0.89415293256647066,0.43871003754060323,-0.23886033934605358,-0.44691233927929502,0.86209923981372139,-7.7405092516165297,0.63914890923805001,0.19201016164729712,,0.4987646226727145,0.4545454545454545,False,1
-0.95316061978114996,-0.26984800352664901,0.13662681980890776,0.27033338445419525,-0.9626444768320942,-0.015345112388122611,0.1356639014180058,0.022308433771681097,0.99050373024774618,8.108585837097495,-5.2062136545902868,-3.4453317762114866,,0.3135094999690826,0.3888888888888889,False,3
-0.22525272493191295,-0.9665895868455604,-0.12233470690068948,0.95719269473658575,-0.24297256544408441,0.15731013185562553,-0.18177831293546021,-0.081663351898203035,0.97994272378700209,-4.8363497673604758,3.4793302482982753,-1.405800392329589,,0.1942800598929274,0.3181818181818182,False,2
0.46650073913830681,-0.8716368499102084,-0.15042028540732785,0.82668879467210121,0.36916706697352475,0.42461902150722514,-0.314583370741369,-0.32243585182292239,0.89278912645272757,-1.9585414606412286,-0.18073416973807777,-1.4005080970264299,,0.5925236123254914,0.2388149939540508,False,1
-0.87127010712045994,-0.4345844499373433,0.22808936036334315,0.47462788635557329,-0.86437110196343281,0.16610529065674501,0.1249670753916534,0.25298014539322561,0.95936660151627073,18.848421329357819,2.4632131554401901,-8.8688907774852446,,0.1595430260453085,0.4375,False,1
-0.58538884012920678,-0.80703734156937923,0.077528286223864457,0.80850597460086626,-0.57397748398005666,0.12987662190950827,-0.060315793013801605,0.13871040767206705,0.98849452599220966,-17.873301739896078,9.8947052761775574,0.98836887909766546,,0.1911807001511638,0.4117647058823529,False,3
0.54474575457664409,0.65122803746264513,0.52835036301045046,-0.83766751716631116,0.39283607876374949,0.37946402452136319,0.039562527158295474,-0.64929335314946335,0.75950835940151173,14.399558289717344,1.5080115636893821,-7.3059367249095999,,0.4968319501375995,0.4545454545454545,False,2
-0.94192249168384401,0.071593890501187224,0.32811024748246281,-0.16751330441898202,-0.94695250249473739,-0.2742631051774701,0.29106925722709437,-0.31329741917522808,0.90394878983015892,8.2367876002234581,2.451441645002951,-5.5969464509254232,,0.0798616174002691,0.3333333333333333,False,1
-0.25608699261111051,-0.96661890766738556,-0.0082060682003136654,0.95434273565247862,-0.25416696446219772,0.15693660211504534,-0.15378359835411959,0.032358020891010336,0.98757458622692207,7.7346133780752639,-3.5389135821073312,-3.828846504762264,,0.4791782453298957,0.3043478260869565,False,2
0.89516749412309404,-0.42736418789898889,0.12662941351367515,0.34822090147249729,0.84786446332774879,0.39983503548792332,-0.27823975496513964,-0.31382431825367713,0.9077978497603707,6.1407191402645793,-8.9240697867202226,-1.8897785206104134,,0.3175699785654226,0.775,False,3
0.71218672384724901,-0.68469446013937141,0.15486628629297172,0.61814161900344922,0.71622587515735392,0.3239157832074212,-0.33270258374638007,-0.13495922350671977,0.93332470167618842,13.296919657565965,-0.25702033180720757,-6.4536728879065643,,0.1250391839619995,0.125,False,1
0.78184500673455049,0.52945456690672033,0.32923585319018056,-0.6216188227973849,0.70266415490028356,0.34619810017136354,-0.048046067354593547,-0.47533245944274133,0.87849338552539502,-2.0221058575877624,4.8234749260861856,-2.6265137244153061,,0.3736167938303291,0.1025641025641026,False,3
0.81525449322211196,0.50287348591182124,0.2871904741596607,-0.57440785759380164,0.76522136519888395,0.29067486196376729,-0.073591605605913296,-0.40193845226607716,0.91270463797128498,16.131526631979405,-0.83898619149675646,-7.2123934801251695,0.2700845252395094,0.1279394255373778,0.3076923076923077,True,3
-0.95955786953125499,-0.20419725537661465,0.19378383812200792,0.18046208616119239,-0.97450948003585125,-0.13328431557615936,0.21606047875303186,-0.092923378204370508,0.97194810319486602,4.1777240075569599,-7.2014448934187083,-1.6586279949273042,,0.3363134360832181,0.3513513513513514,False,1
0.58685064851666757,0.65274971596580622,0.47908676108000192,-0.80882523717504773,0.44517061624615151,0.3842198044606111,0.037524019564744215,-0.61297710457861443,0.78920910867660643,-3.802958300064883,9.2483190865076566,-3.1518308340979226,,0.3681041279593905,0.1578947368421053,False,2
-0.57183044452158793,0.66965680568364516,0.47388786154513451,-0.75824200840487754,-0.65194263144378795,0.0063136357423860257,0.31317566860850066,-0.35571135476355908,0.88056256602463645,-1.7477843626601597,9.4731353488299384,-3.8572225223653525,,0.6415936339650402,0.631578947368421,False,2
0.83314525518726823,0.49059439560582113,0.25531573151512077,-0.55046870093974887,0.78018487445308182,0.29714604315106558,-0.053415288491662993,-0.38810913500559163,0.92006418595691686,14.829588463200905,-6.3133679595942001,-5.2900377673118868,,0.261731426233499,0.8717948717948718,False,2
-0.95545069013349726,0.14908161608066742,0.25473250768247457,-0.096594527478789244,-0.97347226117156782,0.20741565512435634,0.27889689131393147,0.17356966461998188,0.94450521202327598,-1.9162631055846977,-4.9422917778888937,-0.26081349821362904,,0.3405257066818164,0.8875739644970414,False,2
0.58176387345277758,-0.80679203238854091,-0.10313783020593426,0.74483982987989039,0.47751397040745019,0.46604080925409164,-0.3267482568732637,-0.34794687028349658,0.87873121720478509,-8.9023933983770664,4.9968632593322511,-0.46782516628400683,,0.3712054188212796,0.2682926829268293,False,1
0.95204608555283909,-0.27275542649216022,0.13860998630184371,0.11776043854836388,0.74481439224832335,0.65679829492216146,-0.28238401175777389,-0.60897947290433474,0.74121742524359535,6.374962804019459,-5.5919489950763213,-2.7878489184633573,,0.6571997915268708,0.3846153846153846,False,1
0.78268998790348432,0.47646995188239327,0.40046568865364141,-0.62204961296824635,0.62076285683710486,0.47718733698359217,-0.021228797462413573,-0.62259927764544298,0.78225282206820701,11.531184197213463,-8.1562211183658668,-3.8701419578865282,,0.3089298372279182,0.2272727272727273,False,2
-0.82719673596638921,-0.55822153132990415,0.064298382298850765,0.55414436900796515,-0.829364075973552,-0.071268841588039394,0.093110570309264312,-0.023322766650502341,0.99538257481857206,2.976490948049491,-9.4890233560279142,-0.62511909319727099,,0.4166612810124225,0.2272727272727273,False,2
-0.84390791540050547,0.28578672943782635,0.4540323508315286,-0.4273592161167083,-0.86971656206397618,-0.24689512362890226,0.3243201053349703,-0.40239165864720527,0.85609428354981132,5.5452879208774952,-6.1621565233888811,-2.4302543045925016,,0.4220601987221685,0.2424242424242424,False,1
-0.91232631706022405,-0.38222670956255689,0.14684493078179023,0.37766866545928529,-0.92406693840934895,-0.058878455049154593,0.15819946374602689,0.0017423649886286474,0.98740563793950253,-8.1993104936935648,5.2366409852262885,-0.77824239225638303,,0.246797761960165,0.1111111111111111,False,1
-0.96585669015036757,0.041530056585994096,0.25572662843697247,0.00011693820754054771,-0.98699834133637077,0.16073039701534034,0.25907690058597055,0.1552724334813409,0.95329409469667326,-17.562007307535687,7.5828922136917587,1.4053968164117634,,0.08541587044912356,0.1111111111111111,False,1
-0.37948729084729682,0.86374286595546379,0.3315684810056902,-0.87625908582593004,-0.45055215488770617,0.17080038124532795,0.29691650441308259,-0.22572332010026347,0.92784135075455076,-17.595310028400121,8.6661744298071657,1.2005764590300192,,0.1717696989482619,0.3076923076923077,False,2
0.94314388064093257,-0.15436897487413137,0.29436344882793025,0.067151555345363559,0.95584237555543961,0.28610491381175918,-0.32553078045595368,-0.25007113525724101,0.9118630041222715,-0.042423616076558313,-9.1532182058149569,0.19781719814538259,0.2462562621840071,0.2596348435251578,0.3529411764705883,True,2
0.36763532381042985,0.87794652182379385,0.30668252885403141,-0.92301764984292567,0.30422581631840689,0.23555269211758564,0.11350192405965417,-0.36967087727180026,0.9222042917552784,1.7516697193738922,5.3619105742071174,-3.9891674236914314,0.4811225289693093,0.5120154431766488,0.9596774193548387,True,2
-0.33233597835858675,-0.93427781560639844,-0.1291424049418981,0.93449489038947708,-0.34470001222718155,0.088888702356035257,-0.12756213123180382,-0.091142003688294226,0.98763406069215853,-0.45685145340469668,6.1697539385368465,-3.452883116414184,,0.6652115987435004,0.6349206349206349,False,2
-0.934501012672322,-0.3138643892578753,0.1679196309851409,0.30687875916592933,-0.94940601368910982,-0.066735660210518521,0.18036985470744435,-0.010833574051764869,0.98353919555149438,-7.1881964453475353,2.3936648026321206,-0.44706372283229728,,0.7618588903462566,0.390625,False,1
0.02540727384355071,0.9553206314431214,0.29447743814247623,-0.97634620026023011,-0.039556317230061637,0.2125638610032442,0.2147150848758666,-0.29291259601852532,0.93171865035558799,15.677584629084036,5.9832846962644872,-8.8260737570231704,,0.1968304982590326,0.3333333333333333,True,2
-0.47437773441890957,0.69689074515352389,0.53787457125890392,-0.82074776722459819,-0.57106559955427405,0.01603694489469798,0.31833766299861588,-0.43385178382148559,0.84287232840537341,9.5725673643673641,-4.7003167641508554,-3.995232409113683,,0.4166567632244063,0.35,False,3
0.9493859789935164,0.17761435151532817,0.25907413036872745,-0.25450173315036501,0.91837294953087723,0.30301814037020536,-0.18410630275464054,-0.35361598904142683,0.91709356206456405,-3.5867585013908494,11.335743975644633,-3.7275968397358126,0.2456489177738756,0.1618106190454253,0.2727272727272727,True,2
-0.8870436108552634,0.28873044818886567,0.36026151713652732,-0.33729630115138232,-0.93810688974154077,-0.078655379021706689,0.31525360849711404,-0.1912856285979401,0.92952943504842211,-22.429824085638334,11.442427286376798,1.9995593059052084,,0.4962174197568609,0.1875,False,1
0.77965833282361752,-0.62323655564688873,-0.060902214771716118,0.53159360934798394,0.60732137783798201,0.59039730565218396,-0.33096996624932701,-0.49268340719611997,0.80481174302723835,-1.712546860549776,-6.4329796652480615,-0.017203143675011089,,0.6780552371797737,0.1666666666666667,False,1
-0.31275712936848016,-0.92729093473925872,0.20570488662056588,0.94066460125016038,-0.27236877418468225,0.20239900890076215,-0.13165517834124468,0.25680103815897182,0.95745503331300608,4.302696761044376,-5.6860474004409687,-2.1091897594854356,,0.8150189326536229,0.2380952380952381,False,1
-0.46746776275618945,0.82178007583735713,0.32580883619151496,-0.82736145973076269,-0.53652518743679189,0.16617381923183777,0.31136298067673862,-0.19188077079963423,0.93071739215587546,5.5961523804518833,-14.046851855484586,-0.24509634107307859,,0.4148053697218465,0.6190476190476191,False,2
0.7714672286008829,0.57570947361978209,0.2709186541737344,-0.63321946231070547,0.73633221946135974,0.23842813410763805,-0.062220798337975364,-0.35549045636633109,0.93260662001008932,4.6003293430414498,-11.141550492677782,-0.85264319947114953,0.430128234647355,0.3708426016309453,0.8837209302325582,True,2
-0.91105445773799243,-0.34549403293341568,0.22497477245934888,0.36372871229005754,-0.93046343919101293,0.044036486969878996,0.19411645703429808,0.12194942204141686,0.97336896373996606,18.292031407180403,-12.889170609983056,-4.553976035330197,,0.4477855499960555,0.5454545454545454,False,2
0.4317858064359747,0.8586135768603409,0.27630371512436602,-0.89740224504935062,0.3781325671176024,0.22734329166579159,0.090720603728261753,-0.34611918079780513,0.93379402693690228,0.11812279354655186,10.894891061677146,-4.8282340959546177,0.176115858820245,0.1945723571543119,0.6896551724137931,True,2
-0.63243853015957019,0.71337798229721849,0.30184989637757459,-0.70069403698060373,-0.69299064534176369,0.16968156060288575,0.33022624382296967,-0.10419126567210857,0.93813368346319215,-19.700781909601719,11.150679673102195,1.3018158901501118,,0.1183528936097806,0.3333333333333333,False,1
0.29181153080190125,-0.93526823853668473,0.20029815894196226,0.91229548069208921,0.33507144597979521,0.23546567052927275,-0.28733775665554623,0.11401950742525477,0.95101869883123813,-8.8638406009509598,7.3918744107706305,-1.1339603773580262,,0.4546025924814339,0.726027397260274,True,1
-0.87354573484686515,0.39981338331045957,0.27760963177940184,-0.36793678913364286,-0.91578276464077435,0.16113487266549945,0.31865399469154121,0.038615884202553727,0.94708418060612709,6.9763130242757851,-13.50355858431787,-0.9120158165768959,,0.5719755062845556,0.6896551724137931,False,1
-0.60120755238415846,-0.78744468599939388,0.13594243431528807,0.79879644630039781,-0.58759045625999951,0.12908018085679251,-0.021765025479106692,0.18619431302669404,0.98227183684681307,-5.333526366738182,-10.49418956379164,2.0558759811211482,,0.79148160140409,0.8,False,1
-0.65498768191454315,-0.75336512121565158,0.058584389353650429,0.75563524276882676,-0.65327439193136005,0.047412537713231562,0.0025527291102057093,0.075323057442184468,0.9971559158886093,8.4306540000016028,-2.7034653612602719,-4.3417633366722841,,0.4027701018604015,0.3333333333333333,False,1
0.62012439145371412,-0.78422445212424174,-0.020922423726594974,0.71195080385508824,0.55137206137793271,0.43487343310662752,-0.32950233992227751,-0.28457135945538059,0.9002484931192396,7.4664799773704953,-5.6407124594258766,-3.0911154999315773,,0.1338811557443594,0.375,False,1
-0.51649736061152551,0.66473555900160619,0.53977505785294499,-0.79404098251605082,-0.60775842761107313,-0.011340712176083262,0.3205142657765368,-0.43446096518161248,0.84173290013352164,4.9921373788838324,7.4801210961080118,-5.5634957943547594,,0.3667467167891298,0.1578947368421053,False,1
0.86197294227125698,0.26169656160452315,0.43418608503336686,-0.49296514053349394,0.63249304373847459,0.59744281721452819,-0.11827094745128475,-0.72901814741939686,0.67419917214586178,-4.8242003023602456,-7.3381805631543306,1.1521551659522331,,0.5261007695996467,0.1525423728813559,False,1
-0.96558843295752816,-0.066012985407055788,0.25155767508918364,0.11718375687589211,-0.9739323052562171,0.19422623896570826,0.23217869252599224,0.21702108316004798,0.94815341807165476,7.0060551650757281,11.774161971421018,-7.2294373642264169,,0.250912751863787,0.5714285714285714,True,1
-0.96571572246006365,-0.074285990239851413,0.24874632670156666,-0.0022948392068546162,-0.95570352427960881,-0.29432211502459449,0.25959175084438357,-0.28480232677002604,0.92276744500438856,-7.6717092649609242,8.726779923915494,-1.764796949603088,,0.4444386999651723,0.1351351351351351,False,1
-0.15479140153155338,-0.98567703103531368,0.066935883510328725,0.97121912798940757,-0.1394057015013449,0.19313067031523962,-0.18103322192181553,0.094904377550926178,0.9788871904781874,-4.717817898786441,1.3256091335809592,-0.98383650366821118,,0.5783297759958195,0.4719101123595505,False,1
-0.66889743142051494,0.69321792383305758,0.26837499197135384,-0.66516312515800946,-0.7193484011251452,0.20023959330943863,0.33186479651971168,-0.044573398740549275,0.94227329844140661,11.509172452993406,6.4712875491953605,-7.5943112697734554,0.3711890876946504,0.5097397039235629,0.953125,True,1
0.96741702783948613,-0.021864407195292146,0.25224242693134252,-0.046152973536686896,0.96434349691179699,0.26059839408110186,-0.24894617345911763,-0.26374906191667458,0.93191321219206746,-20.099554057343504,9.4487634969021332,1.6890103301984016,,0.1070181018496163,0.2941176470588235,False,1
-0.80387622693781768,0.39971382367240932,0.44046778648319007,-0.49540620763782778,-0.85977786827037261,-0.12391411003739633,0.32917427177427544,-0.31782208292948511,0.88917569827579035,-2.2493512437149215,-7.7110250871700714,0.44010771318462283,,0.7606690992207414,0.2616822429906542,False,1
0.92286397709544388,0.26542427802642266,0.27905560810299718,-0.34646607814006042,0.88859081211049407,0.30061208447276289,-0.16817650394102879,-0.37410736596192035,0.9120089595257318,-2.1844500770074284,-14.060304964541173,2.1098215834535514,,0.5333713334249985,0.4444444444444444,False,1
-0.36533077239298262,-0.92962294607366136,-0.048317749079130612,0.92390645533239135,-0.36844657064770631,0.1031696969709661,-0.11371142659329835,-0.0069500151993863724,0.99348951114284301,11.252501555746155,-6.7649912417197458,-4.048032824994741,,0.2241629024452166,0.125,False,1
0.13022177502964916,-0.97788025625463848,0.16368412792781864,0.95825929039897506,0.16651083189967703,0.23240756275158209,-0.25452194732906724,0.12658731092586092,0.95874617654537686,16.584258965903203,-3.9541183856721034,-6.4507878629718256,,0.1908117286525868,0.3529411764705883,False,1
