axis_00,axis_01,axis_02,axis_10,axis_11,axis_12,axis_20,axis_21,axis_22,location_x,location_y,location_z,dbh,dbh_approximation,score,reconstructed,number_clusters
0.97162013301422001,-0.23074584781592128,-0.052064103153146427,0.037865037274664955,-0.065545249639928832,0.9971309137730251,-0.23349637272047299,-0.97080388027930287,-0.054947884045073982,11.008267808055553,-0.40736046984954011,-0.091086388148126335,0.3081154790055344,0.1136952656906181,0.4324324324324325,True,5
0.61592447248437321,-0.75884701537984733,-0.21163234971040179,0.11514907663659972,-0.17903327617203404,0.97708125361857612,-0.77934442600469456,-0.62617752536497784,-0.02289044305398023,-15.838415176328992,-1.9168548507204843,-10.354577453269671,,0.3209806171758717,0.2608695652173913,False,2
0.069350944798701353,-0.98967652033741016,-0.12542261179054812,0.14571607145745469,-0.11432730502314344,0.98269837378778169,-0.98689273630650087,-0.086427150936382091,0.13628306793760683,5.8902507792508008,-0.9116179391914081,0.92162223571844248,,0.1126198263315724,0.4285714285714285,False,5
0.83589207526828679,0.53446887734770709,0.1250098302149045,-0.010964510417575346,-0.21144453264478091,0.97732849601653071,0.54878430919167187,-0.81831181633978189,-0.17088461962303028,7.4227954595593744,-0.96070695598290645,2.7599557264889398,,0.4235131282610378,0.3888888888888889,False,1
-0.68284003994129083,0.73044086217865056,-0.013624489446769292,-0.20465737781180823,-0.17335140348123843,0.96336112056605183,0.70131650312834537,0.66060989832941031,0.26786139077708671,22.246876896021071,-0.10676366730178977,6.2506782300850432,,0.3468928847633925,0.4285714285714285,False,2
0.014973580378485649,0.94864298447166784,0.31599411371627761,-0.13334853750348127,-0.31131192776510247,0.94090544220812,0.99095608350538478,-0.056226076191232238,0.12183870041906242,-0.22061952281271735,-0.98540829934495267,-1.4958879380958587,,0.7381599651977353,0.3164942178940962,False,2
0.97179564548748532,-0.17629843766398068,-0.15662721439392763,0.083309742838336101,-0.36469380753516056,0.92739307388707481,-0.22061892520763532,-0.91428512381135607,-0.33972047659433341,7.8953383838151332,-1.0095959166571187,4.093315765492763,,0.7555965402882708,0.485981308411215,False,1
0.34835422344349154,0.93715532875556518,0.019728780857737035,-0.090176238909213835,0.012555477668130477,0.99584667791619197,0.93301531656520642,-0.34868646341029036,0.088882896493948177,-14.895804431943336,-2.1435726303921472,-5.385800299243467,0.4071187819428268,0.365796696574002,0.7583333333333333,True,5
0.97986771258123251,-0.17523844632059996,-0.095659567069736107,0.092840519885583728,-0.024234227793707361,0.99538602565568546,-0.17674813636415426,-0.98422771203334269,-0.0074771088940461857,12.912475789898183,-0.65756702046800242,4.7397115183727543,0.4126899884428236,0.3033604946856766,0.8380952380952381,True,4
0.92336529210457841,-0.37188725370096815,-0.09537509041347822,0.092425775060293869,-0.025793365214694525,0.99538544213556091,-0.37263120298913682,-0.92791948618705788,0.010555269452529539,17.266894357301187,-0.36792107820870046,4.5576737727881245,,0.1441084779281167,0.5384615384615384,False,4
-0.6529578529959098,-0.65034535335767729,-0.3881970679655502,0.045187756198487174,-0.54508066207749195,0.83716494104740746,-0.75604504422733843,0.52909166804556784,0.38530234609205377,8.9228614129200459,0.13015751279876497,-7.0969670595166905,,0.4819224638032045,0.1025641025641026,False,1
-0.62633622397977229,0.77163892250654254,0.1107985009090984,-0.13295183517296039,-0.2457849137446507,0.96016331199420313,0.76813198348649914,0.58665419920808337,0.25653480562414893,14.427823285100647,-0.94240670164240004,8.6265979882297117,,0.1954880830258358,0.4074074074074074,False,2
0.75106155246170558,0.64384091281296252,0.14620336316919857,-0.072782475104207919,-0.13935293347027497,0.98756441372243442,0.65620824113349752,-0.75236270436631902,-0.057802295344397618,-18.763434047619491,-2.9978378763080213,-0.85073555769933251,0.9455720560571936,0.4568372064812886,0.3333333333333333,True,2
-0.73699053656899749,0.67590083369637854,0.0017355161427385218,-0.10075637045486353,-0.11240128329382976,0.98854140294004011,0.66835103263218176,0.72837079466604149,0.15093999687642679,-4.5041919438815503,-1.505332582781469,-2.0218049223707966,0.5398990396521177,0.4470176945648868,0.3636363636363636,True,5
-0.99582179013780769,0.07291100747784221,-0.054981335699474915,-0.076877115481222835,-0.34441829264030666,0.93566337366064689,0.04928358146501792,0.93598078221900616,0.34858442867500378,-14.78359801582177,-1.962547697620233,-8.0017371298522111,0.3971208151555728,0.2338539906367836,0.1379310344827586,True,4
0.30538259641362148,0.95164483876015882,0.033370206304833519,-0.10132008896811615,-0.002371675757791139,0.99485105152761122,0.9468240118306932,-0.30719126943201353,0.095696471228462199,8.5288607019983207,-0.37078289804378506,-2.8820455924016906,,0.2249849839967945,0.3580246913580247,False,5
0.63842669311048406,-0.70295673859523777,-0.31346958574566458,0.12777648333187547,-0.30482164247462296,0.94379920353135094,-0.75900232399601453,-0.64260064576890985,-0.10478493320143591,-11.708339307264785,-1.5287297491170504,-10.175953588060306,,0.4197062132877549,0.4411764705882353,False,2
-0.45825185897118137,-0.82955073142966651,-0.31914074909663509,0.07146658925201177,-0.39228669908421465,0.91706252368216112,-0.88594455829365537,0.39743770544088497,0.23905127049179967,1.9972318184367663,-0.6496171818106411,-4.5756712450567409,,0.4801034634480198,0.279773156899811,True,1
0.44451010174472383,-0.81851460524988062,-0.36392940309836108,0.13817550520026295,-0.33875816956786087,0.93067203262679321,-0.88505270984814755,-0.46397924904425036,-0.037482759327270201,3.2681076562793421,-0.82577111951124404,-0.9568730722796166,0.4842288582305682,0.6675501390241138,0.4783861671469741,True,3
-0.49225294135937725,0.80211226530926194,0.33808720112344604,-0.12605101197546736,-0.44999713976175304,0.88408920171338012,0.86127706581738361,0.39257927612991145,0.32261947841119665,-0.54172479510628369,-1.0904074583080114,-2.3182998911436368,,0.5508447091856812,0.2576419213973799,False,1
0.85335234023892048,-0.51756117759682874,-0.062611587213096342,0.027346978120536103,-0.075494104866476369,0.9967711788159237,-0.52061687083347019,-0.85230925583088357,-0.050269336862270732,-1.1915211648190791,-1.3097309648477498,-0.49333518369731238,0.4608953755457318,0.4517380807502926,0.233142037302726,True,3
0.99139289352867799,-0.10864543587160883,-0.073049982375779685,0.075639672238383457,0.019903606990604561,0.99693655084585575,-0.10685864796310841,-0.99388128853149738,0.027950199685597782,13.43340088227731,-0.20048817094441573,0.47979958048895305,0.3132314376234265,0.1486567306538475,0.5333333333333333,True,3
-0.96292302092171522,0.26663050103256103,-0.041078360460505337,-0.086673774758838903,-0.16156497830044433,0.98304853112948121,0.25547389797795739,0.95016047786987112,0.17868450897054772,-13.847326155613167,-2.6875127670440646,1.7467762859412497,,0.2484163996084474,0.1481481481481481,False,1
0.21206611743073814,-0.95661447398457355,-0.19979166649555208,0.12127697841124883,-0.17709978215509262,0.97669215296737999,-0.96970091076851606,-0.23135344242918943,0.078458449709855188,8.4950231633869056,-0.66125295829299269,1.2628948670866917,,0.09194494197270389,0.2413793103448276,False,1
