axis_00,axis_01,axis_02,axis_10,axis_11,axis_12,axis_20,axis_21,axis_22,location_x,location_y,location_z,dbh,dbh_approximation,score,reconstructed,number_clusters
-0.39918193008326408,0.90893958680209652,0.12034373369242916,-0.91555979294686174,-0.40218128175314477,0.00069436769589290015,0.049031135353973895,-0.10990470486485873,0.99273204018731487,-14.981843788687428,5.7190136476070013,-4.6422872782537512,,0.2182585366532286,0.1153846153846154,False,4
0.89091703651817877,-0.42713422135035867,-0.15434763034490931,0.45416562487539386,0.83837349936752881,0.30143566600484856,0.00064747448513961109,-0.33865355824155535,0.94091091409714467,-7.3253642259495786,13.318091473914164,-4.0783785801980335,,0.4380701764075391,0.4423076923076923,False,2
-0.28569524852515971,-0.95601657437550214,-0.066411855037172438,0.95554863416476155,-0.2894510801965372,0.056079228943676819,-0.072835655526718779,-0.047438188122955173,0.99621513017601038,-6.7632562784953505,-4.4336523392803908,-3.1327468667930769,0.4201296262026236,0.4035808315200627,0.8294573643410853,True,5
0.58947006142029856,-0.73943658486892805,-0.32520544836537768,0.80642614652500566,0.51529279197233591,0.29008655388036336,-0.046924587264881461,-0.43325151528728867,0.90005066946882972,4.8426049636905155,13.830073880934933,-2.8770079844322076,,0.3835373159491746,0.2542372881355932,False,2
-0.99139170717936431,-0.12517745754753529,-0.03838081627481927,0.12450018285785677,-0.99202666727513233,0.019565170159104864,-0.040523911513409755,0.014618328800840918,0.99907162759169821,-2.9041152380798918,-20.440707735914796,-1.557599225645198,0.3611260140293386,0.3168470111913367,1.0,True,5
-0.41738432170921147,0.86755165529271472,0.27045231259912156,-0.90629971073905002,-0.4191570915373804,-0.054112539473201403,0.066416581556537971,-0.26769657826127602,0.96121141258390663,-11.103005078150314,6.1570754856804539,-4.2303339122038777,,0.7734361580051035,0.3823529411764706,False,2
-0.7532169278811176,0.65775887393699772,-0.0041860853387718153,-0.65720633067136625,-0.75228979575780242,0.046259076127415852,0.02727816853840552,0.037594240992682368,0.99892070484366968,-4.3296566949449122,-13.532113160261893,-2.1349768420575965,0.4059895350876347,0.3738877106374653,0.7169811320754716,True,5
-0.99881204503599286,0.043644205022906203,-0.021672149384292023,-0.038098319705112259,-0.9767203846792113,-0.21110615383673481,-0.030381190343098694,-0.21002969675741251,0.97722285572602352,-9.7084728248704906,-2.9391361917587178,-3.5802855110736602,,0.3484140926964748,0.1929824561403509,False,3
-0.91010106386312606,0.41406951947739867,-0.016201438052331422,-0.41428496636350515,-0.91004752933417898,0.013470746005572125,-0.0091662533456556422,0.018971752489251665,0.999778001561892,12.245068510878955,-8.8382017178489658,-1.2276136560486852,,0.1862184835732112,0.9411764705882353,False,4
0.99438650545387663,-0.064720963904845746,-0.083705881528445825,0.093237429337303668,0.90998592132929412,0.40402030240205289,0.050022590314755401,-0.40955685785212131,0.91091213662158377,-3.5481665148709594,-7.4237963491013446,-2.4954488761562237,,0.3111359530008471,0.3571428571428572,False,5
-0.39202702850228177,-0.91485965198464436,-0.096677950403426527,0.91702253267196954,-0.39699648149300093,0.038255303607008163,-0.073379039892589565,-0.073658745934977204,0.99458026606791716,4.8110760290418666,-10.715514863159765,-1.5498733816661951,,0.1116622350897365,0.4324324324324325,False,5
0.3809608436381216,0.92052544134272607,0.086612628728787,-0.91879443945572492,0.36643444913643375,0.14677388225198251,0.10337124184109997,-0.13549430366941012,0.98537083376430967,9.5319460863925034,-2.8688939429290827,-1.7049997007915114,,0.1997337761737387,0.2647058823529412,False,5
0.42059380228826354,-0.89664771897721196,-0.13828854446288463,0.90326700602797105,0.39958909695304051,0.15632424449687216,-0.084909182648081949,-0.19066048790773546,0.97797699822276907,6.7049695154478144,-20.898869622103259,-0.86878342552315968,,0.2346687001907987,0.2727272727272727,False,4
-0.63322836338821653,-0.77050964236666675,-0.073052931636406956,0.77087136748931029,-0.63631236386972878,0.029392352265169425,-0.069131574449326549,-0.037702342188656951,0.99689485845180681,9.0048899984010884,-4.4416612890330871,-1.6766174138935379,,0.09606740088798135,0.3333333333333333,False,5
0.30645140535851234,-0.92098197438576745,-0.24058208372671097,0.94961448645675595,0.27834306900932954,0.1440745051906791,-0.065725666716011974,-0.27261206648085273,0.95987644931198024,3.945053443631128,-22.434965070347591,-0.93587426131468743,,0.2643405567503548,0.25,False,4
-0.41741242800451578,-0.86160017996652738,-0.28881134816523851,0.90571886597791873,-0.42026047428576147,-0.055267255810104728,-0.073757716606790993,-0.28465112617861621,0.95578948289160304,5.648451935729554,9.7162319594849524,-2.5563271588091157,,0.2506411607660238,0.103448275862069,False,1
-0.16958033097782454,-0.97594618218587825,-0.13700934574787785,0.98237600120043911,-0.17848797667328692,0.055492652202902143,-0.078612362964660565,-0.12518423087548308,0.98901415800241588,-12.712931790843491,7.5702222382910129,-4.5128477290228828,0.3293696321757748,0.2797119909165852,0.4545454545454545,True,5
-0.66153234702892572,-0.74659969718073993,-0.070454566949406744,0.74680933674752226,-0.66442108540014777,0.028643250905143681,-0.068196542295974452,-0.033667691416502277,0.9971036647077155,4.1121786409641619,-20.235943718551507,-1.0620405888243056,,0.1101019978620556,0.4285714285714285,False,5
-0.99924565871512505,0.034427628365337908,-0.017968081258568865,-0.024012332978986733,-0.91138027039612701,-0.41086422404194428,-0.030520835569863063,-0.41012283664509719,0.9115194663079319,4.3700230093279639,1.3043252334286548,-2.2688118402812871,,0.47112580756858,0.154320987654321,False,1
-0.9277541384137975,-0.35878130703844774,-0.10270458790071829,0.36669754393520365,-0.92752618614010851,-0.072305499765057096,-0.06931933300286941,-0.10474324677118016,0.99208048177951247,13.966470992373699,1.3541680170242487,-1.618766576115678,,0.1718391585816279,0.175,False,5
-0.35955499870311264,-0.91056054838137712,-0.20396002215878442,0.9314820571919612,-0.36320405713531606,-0.020591017698969608,-0.055329739173775053,-0.19738870436743128,0.9787626470963785,12.725112888128884,-2.4653224178076218,-1.509886930606636,,0.4634258107292076,0.7857142857142857,False,2
-0.76759619176477323,0.62451899842936287,0.14412531696062889,-0.64036920102371975,-0.75671485652636428,-0.13156713986602142,0.026895590130335427,-0.19328384959190961,0.98077417416980939,-9.4489862653567833,8.5319053809359815,-4.1551454375522177,,0.3706495803393865,0.5483870967741935,False,3
-0.3492663276970614,-0.89632917504003973,-0.27314289723339147,0.93669754379434222,-0.3416697894764576,-0.076547151539161223,-0.024713231003961243,-0.28258762345714161,0.95892308934668458,8.7308007047331824,10.614835862216436,-2.3697573573381523,,0.4250842644696537,0.1935483870967742,False,2
-0.28045831110366992,-0.9502703881799015,-0.13538583781657715,0.95674013402652103,-0.28812442033131769,0.040405870262329419,-0.077404468060901593,-0.11819690248547797,0.98996870686251837,-13.401616968520301,-0.22938937652437127,-4.1316131137549146,0.3794608186024049,0.3286019996586669,0.3157894736842105,True,5
0.56975347082404093,-0.8189041545887894,-0.069115613873990012,0.82084907321281264,0.56298944428939734,0.096175280734613497,-0.039846975915679962,-0.1115296875990219,0.99296190626551206,-3.5380408423686465,18.785293697285123,-3.8128408510881173,0.3661577185542339,0.3110763195188231,0.927710843373494,True,3
0.46077930309838455,-0.88524503780353314,-0.063432301553618273,0.88651552510457554,0.45569290154110875,0.080213485360034226,-0.042102940333497735,-0.093194434003686724,0.99475732713361165,7.7021137221433538,-2.726505557655325,-1.8281949577385779,0.1841534892549196,0.1499868723605443,0.5684210526315789,True,5
0.8495237436328712,0.52300626372447701,0.069093104641169523,-0.52429856831779365,0.82249558119336708,0.22048136015839903,0.058484359139042236,-0.22352956632702711,0.97294096054886459,-14.655296909185267,-9.3479179342485104,-3.6584507943872731,,0.3425656596700484,0.2352941176470588,False,2
-0.67042558351580939,-0.73804574766435538,-0.076275889519884801,0.73909273820093491,-0.6733366555437249,0.018965037301188151,-0.065356417482379664,-0.043660309844915507,0.99690637275428995,-4.1159495023626036,-3.7561811106886855,-2.8822634185830522,0.5963879892362519,0.5156266995051251,0.5081521739130435,True,4
-0.15960319371220638,-0.97139470037723119,-0.17583843901688159,0.97998977623256156,-0.1773678034701924,0.090336597078996647,-0.11894056934670225,-0.15790186310233595,0.98026534295174073,-5.86233842498243,17.139443803529971,-3.9755226764197027,0.5401058026060119,0.2964047832308884,0.7166666666666667,True,5
-0.96348054552641804,0.26763477089131776,0.0087674284751503087,-0.26770664106898506,-0.96194854113363137,-0.05466405161016228,-0.0061961858975126544,-0.055014849093938507,0.99846631072835579,-4.2023553943161858,1.895264462989497,-3.1534867585619359,,0.3123527734694098,0.4672897196261682,False,2
-0.35844532138185103,-0.92944239632222381,-0.087485904569042788,0.93061946787516592,-0.36316783967002436,0.045348938699271035,-0.073921293219237294,-0.065160971050234107,0.9951330012920816,8.1262519627600955,-7.9714054336916611,-1.493728861747079,0.2828154947604065,0.2012720063160509,0.6976744186046512,True,5
0.94126152517189976,0.3376111205143299,-0.0067433327165937682,-0.33377961489028479,0.9332339986641045,0.1329115210246965,0.051165514897841012,-0.12285371399540122,0.9911049667127968,5.8690000111174134,4.5598648649333091,-2.2241837609987409,0.607258162126627,0.5917504415986927,0.9808673469387755,True,5
-0.89597247988131423,0.44186592014135501,0.044585018929692417,-0.44027478997336628,-0.87058420343375464,-0.21963891742021119,-0.058235939154747549,-0.21642008536466278,0.97456191288266336,-7.2923376976764986,8.1040607456893774,-3.8664354787196276,,0.5527238228028273,0.3333333333333333,False,2
-0.50373281221678168,-0.83471029734608848,-0.22251286120262204,0.86181088077580792,-0.50330987756160694,-0.062937849703861987,-0.059458049687140538,-0.22346786492318033,0.97289611658906139,-9.7860356832569124,-1.0407179859516842,-3.7083993851236161,,0.2851051100369932,0.2083333333333333,False,4
0.35449122457080784,-0.93074876316640209,-0.089681166174974236,0.93375034502771659,0.34728995596754425,0.086602422856884409,-0.049459729709234061,-0.11443961878770598,0.99219822051282447,5.6916049173489665,-19.670835478020894,-1.0087182580284972,,0.1818931265649396,0.3333333333333333,False,3
0.989151826806419,-0.12548177353914211,-0.076374001040903014,0.14522160015630597,0.91360944743188055,0.37977422820836026,0.022121265189097371,-0.38674552624779668,0.92192111785865316,4.105623839548004,0.12095049637216573,-2.2467724837743663,,0.4193444670405545,0.2774566473988439,False,1
-0.10592622619659398,-0.99051291470002878,-0.087543134603470157,0.99164648560024449,-0.11174174515222265,0.064428487387329259,-0.073599471468425229,-0.079987175239465719,0.99407503217653526,5.7226744911208822,-13.135149045173351,-1.3494581639786714,0.4179076240797165,0.3622102575993956,0.5471698113207547,True,5
-0.66802516557980718,-0.67236685093554216,-0.31884980149765435,0.74070357764968553,-0.64193147916776561,-0.19819734133040234,-0.071418402453618329,-0.36857400046192429,0.92685091464294622,-11.153972695485391,-5.9115901988613366,-3.6161930503848794,,0.4765634144156069,0.15625,False,4
0.24090621788543662,0.96947320206155707,0.045671705339809431,-0.96898248884899951,0.23757903216332421,0.068037782006302699,0.05511016683093601,-0.0606458074465989,0.99663682229336514,7.1718770994412013,27.756434851275625,-3.5164053254207053,,0.2644044519686546,0.6052631578947368,False,5
-0.20375945238401119,-0.97540588949537399,-0.084056149697141688,0.97631798790580604,-0.20882214498988311,0.05653758266307591,-0.072699876586743553,-0.070545464060878429,0.99485580133238871,10.255670454589257,-5.5480563271067105,-1.5345257658326363,,0.1514814274867924,0.5909090909090909,False,5
-0.41234008380485909,-0.90714756198240154,-0.084017593855014283,0.90642465893858915,-0.41776853064075731,0.062159411791973096,-0.091487665594129797,-0.050524801787309323,0.99452363041231429,14.025314187760301,-2.3021828282975467,-1.4641611448781053,,0.1052220076189217,0.1785714285714286,False,5
-0.24423411003947995,-0.96044816064101923,-0.13374987930650334,0.96541149806871929,-0.25380778602917131,0.059684563730324533,-0.091270690201904481,-0.11454666504203151,0.9892162163237187,7.7321892913707222,-11.111375735111954,-1.3407920608682291,0.2599143463489306,0.1856659464091091,0.1428571428571428,True,5
-0.99234037685328624,0.12122205203405545,-0.023786352543646139,-0.12163004608764798,-0.99243795621495456,0.016523769321807387,-0.021603433879697716,0.01929033863197983,0.99958049924959469,11.08973930401957,-7.4167910002198507,-1.3657251122775824,,0.1127955883293615,0.2083333333333333,False,5
0.98988440737581918,-0.13861280688877675,-0.030254748398188973,0.14155661465557978,0.97924218357938941,0.14507401816286891,0.0095176090208989803,-0.14788926825528431,0.98895812826097018,-6.8075267230728507,-10.653435189123106,-2.6451103660636068,0.4357984802242503,0.4364096174536455,0.8938053097345132,True,5
0.6109160374479965,0.71521995938338179,0.33947312837464921,-0.7883998051345158,0.51052210780401241,0.34320973865437593,0.072161918299715966,-0.47731288181127191,0.87576541973540101,10.605424492673032,12.0784407398046,-2.305634736664012,,0.4788959622345957,0.2432432432432433,False,1
0.10253603240181866,-0.9112084754134695,-0.39898054638535174,0.99277213519423613,0.06859367744519726,0.09848042950973282,-0.062368659125961852,-0.40619456144710364,0.91165570727639522,4.145247928049498,3.8170313453617424,-2.3942646162703562,,0.1968192736881193,0.2291666666666667,False,4
0.9104079452408711,-0.40857876855078518,-0.064967400531497091,0.4106377660655261,0.87332448680309405,0.26207053598378266,-0.050338835137597328,-0.26526916639450743,0.96285942433844085,-0.80649105449907799,32.871028104128193,-4.3378072020791949,,0.1497138727000845,0.4285714285714285,False,2
0.96407895885397332,0.2432530935016225,-0.10667564669093327,-0.20387994410438073,0.93512007559333432,0.28979891755199899,0.17024902198553876,-0.25764001382589369,0.95112401598779961,-20.896672061046949,-7.605774423387798,-4.414599859477975,,0.2675490810152719,0.2857142857142857,False,2
0.56695929305876047,-0.81191787897013046,-0.13909176044236765,0.82276550304632967,0.54991817709499546,0.14369038067121523,-0.040175701751583047,-0.19590649889466039,0.97979924304910848,5.8964788634617609,28.619255320423658,-3.6217060885058623,0.6320705525743762,0.5878008063397002,0.4626865671641791,True,5
0.76554380141921652,0.64335397679923878,-0.006192628296708122,-0.63836633729550318,0.76073822000683611,0.11732766097027361,0.080194186301380047,-0.0858662981468062,0.99307395058274728,10.144711028254997,-13.313446029758866,-1.093256721880582,,0.1460411900943745,0.2222222222222222,False,4
-0.61678860494408039,-0.78322018592066933,-0.078345115849861952,0.78405679703380793,-0.62011565249148859,0.026674267752687327,-0.069474857583315869,-0.044974636201400471,0.99656937854939642,4.898578571161698,-8.6267089654655731,-1.6543831731538334,0.3468996316173548,0.2808103568486869,0.8978102189781022,True,3
0.36111115824188411,0.93241443706753735,0.014214392045775605,-0.93049342709399085,0.35927837749046554,0.071421492582391888,0.061487507089514642,-0.039017496278522974,0.99734493604573482,-2.9186017679282168,4.7601697845217261,-3.1436361192700741,0.5067131164403587,0.4096401171315123,0.8825396825396825,True,5
0.029916140942405828,-0.99526117412408155,-0.092521455848193351,0.99756047756528676,0.023887573819045084,0.065593272648625522,-0.063072324444492789,-0.094258045270389251,0.9935478361865494,-13.298159914293265,-5.4278837094530044,-3.8050066114649446,0.4907953580157556,0.4875987911950423,0.963855421686747,True,5
-0.27307505296853535,-0.95919421410553696,-0.073324450715236897,0.95916881586391312,-0.2773173487221936,0.05559020392038419,-0.073655944230240175,-0.055150228686315098,0.99575762821853242,-4.9704852036762679,8.9048279850671221,-3.5959806184245435,0.3762340649327531,0.3322511770622399,0.9099099099099099,True,5
-0.27413113558681712,-0.95755887835758968,-0.089068035683047483,0.95884333402042587,-0.27926798540088188,0.051272342785619991,-0.073970137937382677,-0.071346946736964983,0.99470499741623741,-9.4215528646574551,0.59502765414820802,-3.7101660185094483,0.1647392069874474,0.1141194633439932,0.52,True,5
-0.99878881998307167,0.039239916394190742,-0.029683699873858323,-0.036520074326196299,-0.99552143610866162,-0.087197215662875749,-0.032972370979859403,-0.086007553212063187,0.99574872510209211,-5.9689040432364191,13.980854173644829,-3.9884465590841462,,0.8516232317308096,0.4160583941605839,False,2
-0.83625774091804572,-0.54589521675364616,-0.05168561773005486,0.54486419900977445,-0.83785344690586805,0.033535147910711549,-0.061611649808168953,-0.00011761567164758624,0.99810019074964118,-3.9395036595001898,-18.233241714777137,-1.7942920333899175,0.4051225459496516,0.3587998069829085,0.9710144927536232,True,5
-0.67225696039284377,-0.73728604566906109,-0.066931801597256479,0.73693551677347191,-0.6750774646853801,0.034589894359129444,-0.070686797361253856,-0.026071124556475762,0.99715779751409983,7.2372046836639328,-5.3558939937093628,-1.7272004726392065,0.1509103457199105,0.0935397506522173,0.2241379310344828,True,5
-0.93963007777460872,-0.33940279315800587,-0.043601157528528868,0.33824847373189626,-0.9405194227437389,0.031799142438556097,-0.051800453273365993,0.015131405695737437,0.99854281510726683,-2.6550926167384499,-14.4762536048942,-1.9041364366935971,0.4503018585762621,0.4022268590468714,0.9509803921568627,True,5
-0.80310757449100267,-0.59285232092551099,-0.059534438507588147,0.59229704292196417,-0.80521596357953962,0.028486223733070453,-0.064826204123608622,-0.012384569831389733,0.99781971602540298,4.9869923990847465,-4.7311549566307765,-1.9031317310093916,0.2780991621311142,0.2576913122184801,0.831275720164609,True,4
-0.49458643140698699,-0.85636251360363136,-0.14841666740152035,0.86380675128289719,-0.50320618371749126,0.024928560058023755,-0.096032069154995486,-0.11587399174512879,0.98861067146317083,4.1443495232463006,-17.947682300910902,-1.1976477437166246,,0.2500843144294537,0.4,False,4
-0.083381840770073171,-0.99385846872776762,-0.072751720033899028,0.99412466076835504,-0.08801604870616167,0.063002650915314762,-0.069019037098445521,-0.067071001992300941,0.99535815323417742,-10.823009024329652,2.7878269517237366,-4.0751758289760343,0.3550084090225751,0.3163003051377132,0.8428571428571429,True,5
-0.6535626669936746,-0.7537714219638374,-0.068443288514877729,0.75398039635411707,-0.65629554598167605,0.028101925882453742,-0.066101454036992552,-0.033238528174831666,0.99725914286055417,4.1636963287349076,-16.723785503738146,-1.2497409182447408,0.4131958460139594,0.2043845636543111,0.775,True,5
-0.99487513933096661,-0.095990630051213194,-0.031768791030831842,0.098126759076469866,-0.9923882026359887,-0.074409639308759837,-0.024384345271874157,-0.077145668778502541,0.99672160079652095,4.4351630281047623,-15.585461067487376,-1.2868767452611403,,0.1631666817714224,0.4722222222222222,False,5
-0.99925261753301797,-0.019011081944412426,-0.033656873246264651,0.017743791809321501,-0.99913684100018019,0.037559696596316763,-0.034341872483016206,0.036934424585781049,0.99872743232319261,-5.5700478119030281,-11.667992486959919,-2.4455493260179617,0.1993166614253141,0.1255237585523249,0.44,True,5
-0.40727331732245126,-0.90786400004612999,-0.099556026524794561,0.91010431803052416,-0.41254689110611559,0.038925479327457095,-0.07641057059962017,-0.074753060532117027,0.99427028751829916,9.6715854778300638,-7.0239989365198303,-1.4638967140517984,0.1752050682848831,0.1500005228189741,0.3571428571428572,True,5
-0.21377806256268975,-0.95854300250050706,-0.18839918344901155,0.97370350121641724,-0.22462771428351661,0.037998443318795809,-0.0787428199001763,-0.17532171095752641,0.98135715515865707,5.550002020666386,16.434325538081126,-2.9253569202995098,0.5416578257383383,0.2064017441326395,0.3469387755102041,True,5
-0.7574634539323426,-0.64769689042110967,-0.082084432724539483,0.65008639383691413,-0.75985360633306998,-0.0031902179773038095,-0.060305857965880449,-0.055778446387930315,0.99662027292923649,6.5755059660981683,-18.059613673958427,-1.0309225433571907,0.2512815580277902,0.2128237392458326,0.45,True,5
0.63714487430335187,0.72150061063869741,0.271077992461493,-0.76966667654306842,0.57701352263573502,0.27325556117789829,0.040738386911044221,-0.38274307772118815,0.92295618546516012,16.809950764636273,2.1202159775821618,-1.5197570664388005,,0.4539785234283681,0.4,False,5
-0.97958985400472842,0.19786402615963677,-0.035405438606137131,-0.19720835761319291,-0.98013287772595969,-0.021175591801296807,-0.038891922278300579,-0.013761146483005053,0.99914866222648324,-3.5802679302259905,-23.459813630730903,-1.5006467005224871,0.3738883907412317,0.33025195249364,0.9782608695652174,True,5
0.92183400373065316,-0.37980938280593135,-0.07724572673288746,0.38749363920683177,0.90745303322789217,0.16241204407230428,0.0084112508082999637,-0.17964917260615454,0.98369478276636413,-9.3263529655622275,13.404071431049417,-4.3011518911041797,0.2710321638327677,0.3594541142340956,0.5652173913043478,True,4
-0.019732043843493984,-0.97229610033845104,-0.23291831124323334,0.99798134960803087,-0.033219591133171675,0.05412656094264854,-0.060364495196197757,-0.23138010292932748,0.97098886486309499,6.0093774910382445,36.917328168957312,-4.1647348374942297,0.607911735950239,0.4794221622618889,0.746268656716418,True,5
-0.98376788616553912,0.16698871130975607,0.065692590483960547,-0.17071115775990661,-0.98373876296981821,-0.055818875363835542,0.055303225635207474,-0.066127275202582519,0.99627743962644399,-13.82015036090513,10.527868738190367,-4.7623513151172663,,0.4817298171332818,0.7567567567567568,False,2
-0.28815712120472553,-0.86222328723122255,-0.41657709545195726,0.95449573824977563,-0.29353011945785212,-0.052706305448912555,-0.076833320649443856,-0.41280875950885898,0.9075712472917683,-1.5702250849990891,-4.2912671013751877,-2.5139183056685672,,0.4572261778841626,0.1666666666666667,False,4
-0.81894608819814252,-0.5704216342053533,-0.062820887095426839,0.57105587743435915,-0.82086057834766168,0.0091156877095395425,-0.056766975193646402,-0.028408980010520481,0.9979831864225609,9.9421286358763403,-17.247813422870237,-0.87461291438669642,0.3981825818872895,0.2384893273795513,0.5555555555555556,True,3
0.99646975750050559,0.074753882525205859,-0.038208368642092275,-0.061236537607496019,0.95853601841104974,0.2783141891290053,0.057429163747420381,-0.27499192434705744,0.95972982276012064,-3.6324517192253252,-11.589174770417401,-2.2131977170090598,,0.6324532114882271,0.1891891891891892,False,4
0.97871212818473963,-0.17464624449596855,-0.1078019453792582,0.20383007069820425,0.88853333016525871,0.41104966058202774,0.023997342004131908,-0.42427256624590942,0.90521650289190325,-3.3231003857920904,15.932976715794805,-3.6854493339547791,,0.263029991877346,0.2307692307692308,False,2
-0.27046157218094469,-0.95184928599176188,-0.14433805711032949,0.95699286020694141,-0.28215521767326535,0.067476652648820176,-0.10495333956739483,-0.1198806485498197,0.98722511445815919,-12.882824545402983,10.659219661882279,-4.6644958417359108,0.3889349961348819,0.2873775262887879,0.35,True,4
-0.94281166639271063,0.33332586298331635,-0.00017544294642932862,-0.33327229606872627,-0.94266933116502361,-0.017438714229145058,-0.0059781591547173815,-0.016382952948540967,0.99984791866853762,9.8141158561446709,-10.544269091062343,-1.2650855995341883,0.1875791353759978,0.180907923965,0.1428571428571428,True,4
0.41039659085691765,-0.9076173172443146,-0.08834842189452223,0.91084055158312094,0.40330377076651136,0.08783824951163588,-0.044092264681856265,-0.11651984347631963,0.99220915046752045,11.712987563485532,-5.7692350029111683,-1.4324619442273758,,0.1178865183315322,0.3157894736842105,False,4
-0.14087207624062392,-0.98248597110758951,-0.12196874481781492,0.98795817315770018,-0.14746850918751161,0.04681545566276768,-0.063982077385433794,-0.11390502787318116,0.99142924023787737,3.9793113163520526,-24.996900597198227,-0.80928321220155641,0.7862516732312963,0.2456527438404064,0.825,True,4
-0.97385120508262291,-0.22455458130156122,-0.0344828997563211,0.22245530009910985,-0.97333685504529099,0.05593751932609848,-0.046124503432979636,0.046803916791473554,0.99783862600925544,-15.680264173064664,16.279473660166747,-4.9166261727390896,0.5669667293481936,0.4859081710959021,0.9696969696969697,True,1
-0.52065056364242046,-0.83573006573468334,-0.17458020450764256,0.85135722544218939,-0.52357089685859193,-0.032625000384138944,-0.064139420532192348,-0.16561634336559286,0.98410231253869296,-15.229353702293214,2.8960763312073818,-4.5329339832405466,,0.3129175380295141,0.2222222222222222,False,4
0.98534333436035459,-0.16398885129938631,-0.046969884831930223,0.1684248234404235,0.97893038438425495,0.1154486092525811,0.027047962597563188,-0.12166741214803892,0.99220232238214312,9.1931444128055642,-18.929830800776916,-0.82687303594666284,,0.1809851555636581,0.5,False,3
-0.18462703761459026,0.87379540065874084,0.4498827122365246,-0.9810106859692268,-0.19152389992604438,-0.030604407710413041,0.059421300859601726,-0.44699014927037201,0.89256311567272539,-7.6188403439362915,10.490694082911961,-3.95115736702687,,0.6809374166548849,0.3,False,1
-0.9136308646990462,0.38667344442358592,0.12554796074358426,-0.40653834317734205,-0.86722491635982435,-0.28748481694050659,-0.0022844246308683924,-0.31369506183919282,0.94952103166902524,-9.1802351292327895,-4.2774644261265022,-3.4285801243797871,,0.2829689353749308,0.3846153846153846,False,1
0.65407410112029341,-0.7534118762966564,-0.067510109604659502,0.75587484620449852,0.64756528388178414,0.096500880754688712,-0.028987706342638198,-0.11414792055161042,0.9930407670960627,10.550754690833077,-8.9344518228463912,-1.3149254452939203,,0.1151139309165647,0.6666666666666666,False,2
-0.90938544407060085,0.41541249044530926,0.021226796615177762,-0.4159516813201114,-0.90800789922048653,-0.050058503375259321,-0.0015208285533533025,-0.054351796062543076,0.99852069049433678,8.4214896519722409,9.7037456624106131,-2.3282620183539842,,0.1714284739429691,0.125,False,1
-0.84370196495777738,0.49580178366627387,0.20578529014418295,-0.53674238063139679,-0.78531430507094169,-0.30852724204692755,0.0086377752068981517,-0.37075872688890826,0.92868905198413432,6.3804841534230539,14.972890808831457,-2.8037978461050401,,0.2084420475826103,0.25,False,1
-0.6863892572457051,0.72699603527331746,0.018615913476564827,-0.72707393013825472,-0.68655061061296363,0.0034291661200415505,0.015273756938017469,-0.011181402588412229,0.99982082824131768,-16.011754645909559,-1.1312256338757651,-4.3524440460221783,,0.2217976850857498,0.6111111111111112,False,3
0.93993508190822539,0.34080950184222392,0.019259419831164894,-0.33480788906088177,0.90944772714513911,0.24659381381765583,0.066526079252982456,-0.23823038228696961,0.96892753378910157,-9.3010578211164727,-11.965447398945559,-2.8580569752281995,0.367658822334319,0.3718129872783384,0.5,True,3
0.11212734886801762,-0.89709762440447371,-0.42736788592929953,0.99172853053880949,0.073991531880714972,0.10487981180988717,-0.062465825466106614,-0.43559282076016131,0.89797378310897413,-2.0829826025055471,-1.8460004404853982,-2.7234134041976983,,0.09962823114078109,0.1935483870967742,False,1
0.80386610587074003,0.5757124280339132,0.14951415999666906,-0.58975900031403039,0.73875912761585338,0.32621966972097094,0.077353767722125016,-0.35041425708946328,0.93339500911866446,8.2160383094000373,-20.613945540281996,-0.79950809426588154,,0.240555565146879,0.2352941176470588,False,2
-0.57594695784656669,-0.75118324344989806,-0.32250401006402457,0.81174326995429802,-0.57219878847188843,-0.11688203521160423,-0.096736577524682538,-0.32910831230978377,0.93932409387677107,-10.402540776404281,-1.7169488533143515,-3.7439178568477911,,0.3495544088797544,0.2666666666666667,False,2
-0.4772086386991729,-0.87677713252122158,-0.059445563659103071,0.87569584851508753,-0.48011068278966551,0.051483134759680867,-0.07367968542498507,-0.027488036654282542,0.99690306038078225,11.785257499788134,-10.23785774094787,-1.1862104168232239,,0.2147550542818527,0.8275862068965517,False,1
-0.65347853991005367,-0.75533947247981348,-0.049275543537759571,0.75358795713243865,-0.65532457021257018,0.051525707570763822,-0.071210875166522941,-0.0034625120400356355,0.99745527331725037,-8.5806986343380114,4.6721124763831439,-3.8492572422175493,0.3614364355665723,0.4324160006006619,0.703030303030303,True,1
-0.98549577931806376,0.16419556053156908,0.042870582548015332,-0.16846259400395272,-0.91612658873978503,-0.3637752435577003,-0.020455399476464006,-0.3657210566890135,0.93049969657519471,-4.4419509632715322,-8.0603958739461792,-2.5641822296260517,,0.7078671551255104,0.1477272727272727,False,1
-0.51938521085810163,0.84379290954530761,0.13510191909425301,-0.85359546189448032,-0.51971828721765301,-0.035604625608168655,0.040172007356295045,-0.13381490101111204,0.99019179055996664,-7.1662960258418549,-9.0345313562727405,-2.8650943490187437,,0.4979334135293172,0.1304347826086956,False,1
0.42483785390895168,0.89265281667441865,0.15061124383412811,-0.90225904742410468,0.40396704792355698,0.15079534320818316,0.073765908300402652,-0.19995392738116838,0.97702457374288332,-15.067467411800715,10.532913851185032,-4.8888431639576249,,0.4407507071378959,0.3809523809523809,False,1
0.016634217360992205,-0.89352141409811014,-0.44871236372636358,0.99768543932642495,-0.014760090086284407,0.066376983184551097,-0.065932290790057302,-0.44877792090159446,0.89120778202527873,11.610742096082758,-1.260806872255311,-1.6228834009400226,,0.4807476759925096,0.2558139534883721,False,1
0.23053102093983002,-0.96802802810074251,-0.09887965005919766,0.97137619668040565,0.22295547005263253,0.081970378163825172,-0.057303864679011565,-0.11494605336852338,0.99171753635188453,12.85354670680367,-7.1097373725049628,-1.2643522282350352,,0.229396740253109,0.4210526315789473,False,1
0.9552957910023111,0.2733659518785998,0.11260998200326786,-0.29137260987525471,0.80593404423081227,0.51533709216807766,0.050119396522223643,-0.52511081944983218,0.84955675112906626,-8.3967652832037629,9.8561546467195988,-4.040900123145275,,0.1633195987131636,0.5,False,1
-0.97460090449902959,0.2234385009104573,-0.015110038403691156,-0.22334392713546969,-0.9747092704811664,-0.0077024833513813992,-0.016448925842724643,-0.0041321119248968734,0.99985616890113782,10.691402602502741,-11.800770020191456,-1.14231963375573,,0.0990601254285215,0.4761904761904762,False,1
0.99933870162468486,0.020470926990281607,-0.030051631956476109,-0.015001005785432481,0.98496432092891983,0.17210536401418899,0.033122941604186648,-0.17154074631174265,0.98462005011796061,7.7849667674833869,7.5763357913003979,-2.2787061348539246,,0.8750224090513248,0.5238095238095238,False,1
-0.18325645956010211,0.96956413234904626,0.16236521576907303,-0.98126394731236621,-0.19040199106941949,0.029464342886852526,0.059482230409173352,-0.15392360137107511,0.98629072245789084,-14.565669502405063,-2.3126549762112738,-4.1035235936758623,,0.4682775323506441,0.2105263157894737,False,1
-0.22520474573203372,-0.97089690002385987,-0.081498662711906492,0.97164958113001421,-0.22998134934899694,0.054823995125147316,-0.07197161933455179,-0.066841517604507211,0.99516445753186367,8.4396089836115422,-13.47769526604362,-1.1837695214868513,,0.2160332102652301,0.8529411764705882,False,1
-0.94554457368916578,0.31267518577751813,0.090441624078564237,-0.32537588366706466,-0.90054276770697617,-0.28836306604441486,-0.0087174247831879673,-0.30208765570551427,0.95324029225347795,12.478540631517779,6.0777010029729102,-1.8855694819289559,,0.4690024139799874,0.4666666666666667,False,1
-0.98029544946352964,-0.18492859796564029,-0.06944238918383687,0.19249718944577285,-0.97321278933078725,-0.12570480793695601,-0.044335807386074601,-0.13659531594257301,0.9896343040972122,-6.9126380492747286,-16.349937154665238,-2.2882819921689559,,0.277936727640211,0.3555555555555556,False,1
-0.59221146883516618,-0.77290842083180067,-0.22781165287883443,0.80251428837377903,-0.59118456033076883,-0.080446457861372056,-0.072500987138254439,-0.23046342146598175,0.97037632814809094,7.7148795128698682,4.9059375396920526,-2.1090126514109508,,0.6932479203432705,0.5116279069767442,False,1
-0.89675258379071288,0.44112614641318493,0.035249488157065044,-0.44253177633140084,-0.89402031745803623,-0.069952118689911774,0.00065605004129403593,-0.078328761785731629,0.99692736680033922,15.288285439366662,2.5196455460010414,-1.6174822287315087,,0.3772459174123995,0.1578947368421053,False,1
