axis_00,axis_01,axis_02,axis_10,axis_11,axis_12,axis_20,axis_21,axis_22,location_x,location_y,location_z,dbh,dbh_approximation,score,reconstructed,number_clusters
0.64876280230953798,-0.76094826507624824,0.0080351861785438877,0.7531944629911127,0.64358807880983637,0.13598707928841625,-0.10865048209283494,-0.082171300898260261,0.99067802541980454,-6.112715965700553,6.9214101637000107,-3.5037170917353486,0.4018172462117013,0.3724141650504332,0.8951965065502183,True,5
0.4261284783968543,0.83860557175288597,0.3393452739087397,-0.89994101390982661,0.35467738399534782,0.25359440996435756,0.092307591140359205,-0.41345452991499854,0.90583368247743601,-1.3376035626861833,-15.802566689357143,-0.37517556073004021,,0.5804915885714579,0.1785714285714286,False,4
0.16879633090934212,-0.98308554002981996,-0.071067711767170805,0.97426749229607945,0.15548608191266097,0.16317760810404758,-0.14936750693056619,-0.096782742861147811,0.98403376393171604,-2.1620733122136797,7.200587986626152,-3.4253508928086527,,0.3535879640751347,0.3729903536977492,False,2
0.20546970443379758,0.97329215812741132,0.10239421608457323,-0.97561293037996788,0.19545056077143119,0.099892383941645471,0.077211466993575131,-0.12042197981190744,0.9897155834596526,7.7806576088372097,-1.7119924049624913,-2.1608321268453046,,0.1064123677121225,0.359375,False,5
0.79974642074509028,-0.60023792110164864,0.010959040879065908,0.59204905005162889,0.79159584424633878,0.15117520201703349,-0.099416220197620225,-0.1144135369766105,0.98844623410589239,4.9758454837166255,-7.1275197565137178,-1.4641625210480251,,0.0948216299806082,0.3103448275862069,False,5
-0.93414845056659568,-0.35671173937269862,-0.011108883730287105,0.35682928961656396,-0.93300250295830534,-0.046681768874756044,0.0062873186468778604,-0.047571677153972612,0.99884803907150499,7.1847476392860985,17.920386544200543,-4.7444384131023183,,0.4120736714933304,0.3448275862068966,False,1
0.92942674379493573,-0.36838437170431604,0.021421545293464669,0.35815800600225262,0.91455349125374596,0.18792220297792153,-0.088818751709500932,-0.1669876232527463,0.98195028541426932,-13.559068911389426,-2.4825280614910645,-2.0793623421013097,,0.2078233120431821,0.5517241379310345,False,3
0.87323214488453715,-0.48504054411555103,-0.046917925193265597,0.48182129079061425,0.8449926702370959,0.23202506542709689,-0.072896261092163572,-0.22521780082771559,0.97157762289438843,-11.888669635539298,10.014898878292252,-4.0588184446004512,0.3510467907817788,0.4466995511983553,0.8928571428571429,True,5
-0.84848167951873776,-0.52921077934751537,0.0038458475603239551,0.52904200109098642,-0.84797532597048297,0.032440832709678083,-0.013906854522372607,0.029560067111698743,0.99946625847481463,2.0249820952249604,-10.324309111907905,-1.0333536212354839,0.1655551494020871,0.1390673731057064,0.6451612903225806,True,5
0.4358785905968251,0.89768364161240721,0.064605989202346628,-0.89703664727759758,0.42749421830426337,0.11213361118502695,0.073041821583893857,-0.10683058034998756,0.9915907015506914,-9.6811138403395631,-1.7522964295962065,-2.0840121699695806,0.3736600408500809,0.3944348943705209,0.9136212624584718,True,5
0.47765160077130259,-0.87841152502463904,-0.015560879939773106,0.87165893557357943,0.47161711070576556,0.13337166462288721,-0.10981643007922996,-0.077268969149546271,0.99094392277828702,-5.4186072243991124,-12.656141738760383,-0.66475320961682305,,0.1935907678908081,0.3181818181818182,False,5
0.57889038822608685,-0.81539829875719538,0.0033959981333372552,0.80741388898452215,0.57379358944973502,0.13727246111758018,-0.11388033322018033,-0.076723732249284388,0.99052750522910771,-2.1419430671944553,-14.1847920548133,-0.52065491767660244,0.1660025948560451,0.1175530059898468,0.1428571428571428,True,2
-0.93873030840670324,-0.34052710735621211,-0.053166692903225815,0.34257293736093813,-0.9049763513873923,-0.25231247693576453,0.037804638161921651,-0.25506683944639463,0.96618410085670126,5.359277056036329,-12.260894088105347,-0.9322594361936537,,0.2828994529737997,0.3076923076923077,False,3
0.99644233131142079,0.054880046706316257,0.063959837743484377,-0.06512422545190015,0.9831102212896925,0.17103545847285948,-0.053493136288222998,-0.17459230587068744,0.98318666137250099,-18.780363304168787,-11.685262959628099,-0.65143016088064964,0.3438766775690244,0.358904704162503,0.9204545454545454,True,5
-0.37721600447287884,-0.9233807892729804,-0.071246080391309211,0.9198772682607701,-0.38248174413790936,0.086795891252556365,-0.10739598366149493,-0.03279685050169294,0.99367523330842311,-0.22184036966539997,17.353767919883808,-4.8690927180280603,,0.3934138447268271,0.6140350877192983,False,3
0.28649935501233376,-0.93930191061640456,-0.18875921246362876,0.93363836825042867,0.22949991268430292,0.27504397359072308,-0.21502910711853329,-0.25503276415054976,0.94271988008184937,8.9090089626350881,-5.0885170689843875,-1.8260435009598202,,0.5232476661232363,0.2558139534883721,False,3
-0.58276594443279395,-0.80005505129119991,-0.14246321950872681,0.80770732749115071,-0.58954481348873033,0.006766535719484934,-0.089402053256392569,-0.11112527971607483,0.9897769673424246,10.8753865402111,5.2814323006154789,-3.0658580158429651,,0.4528486033988172,0.3181818181818182,False,3
0.94310080896426174,-0.33054382124013421,0.03607833658759535,0.32405411525172417,0.9380091891296316,0.12299468076626324,-0.074496943020367259,-0.10430504948631672,0.9917513106279614,6.4112570397842994,-2.6608634245919727,-2.0197347748474064,,0.1008836170980202,0.3846153846153846,False,5
0.30214840525764008,-0.95314056076572606,-0.015146373277554661,0.94657380526322854,0.29811225062685348,0.12299234616708446,-0.11271367436898087,-0.051499101442552389,0.99229202866941024,5.3865485068243579,-5.0949179545483458,-1.6900578771086681,0.2215720643547141,0.1719317888208101,0.75,True,5
0.97824098069242149,-0.20736669822593967,0.0066057672378149884,0.19991915324970058,0.95066413491531954,0.23721305771316253,-0.055469954550647224,-0.23073091481762367,0.97143519037019133,-4.9915437508148921,15.078009474337255,-4.6265875247351556,0.3661668474556067,0.3414202057023636,0.6851851851851852,True,5
-0.55232080015836149,-0.83363098498056643,-0.00105574275203257,0.83230974488334253,-0.55151582223779416,0.055594841429716317,-0.04692784125285162,0.029827482322531469,0.99845285267439976,-0.16754041360977101,-14.564274173088409,-0.54432216097161512,,0.1925777478026243,0.8461538461538461,False,4
0.4511271475011443,-0.89222645810307921,-0.020402064805179559,0.88754706074519973,0.4461313028958982,0.11500902372842157,-0.093512094137801288,-0.069991485462464434,0.99315491249488386,1.3880454099238619,-7.0746758315746394,-1.3704621557377732,0.1387486978188328,0.2021870499521872,0.7,True,5
0.54925697558690534,-0.80438347717544079,-0.22645970152827324,0.82606178988054924,0.48169374945755949,0.2925629009851779,-0.12624854085679771,-0.34776192054431004,0.9290441068920593,-1.9852701201476899,3.7890388018793812,-2.9417245832211418,,0.3997432265461857,0.1638225255972696,False,4
0.95412856438935834,0.24578758350762639,0.1709594876272843,-0.29631479749125889,0.85694559113681601,0.42171292915784214,-0.042851177393581463,-0.45302617763729119,0.89046676466408847,-5.4956865733392348,2.7549256518874805,-2.778884541747515,,0.5859646644253551,0.2522727272727273,False,2
0.31077511215740328,-0.94960558539442574,-0.040841912923653155,0.94364267802354684,0.30310738020545663,0.132907532809592,-0.11383025026811355,-0.079844525502345276,0.99028658774680145,14.218089438165238,-8.0815049868985156,-1.653185449088175,,0.1773259950385701,0.44,False,2
0.39228006704172236,-0.91968026072969888,-0.017451848781499611,0.91282220218562715,0.38687458408635778,0.13070456527982302,-0.11345473193622908,-0.067203230667567254,0.99126774868807133,-6.9857309664014968,-12.188121539714814,-0.69564167465136462,,0.1060210370318263,0.5405405405405406,False,5
0.34566071045952695,-0.93244117455515796,-0.10522418561725067,0.92944662712125192,0.32479914777847529,0.17502708629039621,-0.12902573610541684,-0.15830025141033338,0.97892460885702615,-17.922252434939676,-2.5996836587420353,-2.2095480133663901,,0.2141652864916568,0.7333333333333333,False,5
0.63904489215282634,-0.7687899873515418,0.024157424560538099,0.7612632362525279,0.63665577211772684,0.12307604543333306,-0.10999959519793508,-0.060260958980059148,0.9921031730012223,-3.7657072614790263,-11.984321050872619,-0.73561023350667543,0.3242285087410435,0.2453708539264042,0.8735632183908046,True,5
0.92294218187296939,-0.38381668161680182,0.029368075051474513,0.37649664474426181,0.91596072648275606,0.13880282431382543,-0.080174842786721101,-0.11704999980285467,0.98988448423554753,-15.393290268866634,7.7954579138142819,-3.7447115847131598,0.5522479122907125,0.4916578274617708,0.8521739130434782,True,5
0.7941806355099672,-0.60580716479592189,-0.047694834761334397,0.6025527276036422,0.77487239948806486,0.19105751743655419,-0.078786601896484371,-0.18047283339476627,0.98041941421417667,-9.8886225885676833,-15.904595445597481,-0.21295729133103475,,0.2451498007814514,0.5294117647058824,False,5
-0.99847354885570516,0.031470265792092694,0.045389366667400372,-0.028595689205193106,-0.9976259907606736,0.062647179646516962,0.04725313528616569,0.061253611565017171,0.99700307736529481,3.9667756712348683,-10.754254562106095,-1.0375752541813088,0.1267353998665146,0.1247609130267339,0.6666666666666666,True,5
0.95976615940396437,0.27532105151757563,0.055201792128723733,-0.28031902354995442,0.95093130693559902,0.13096142380776002,-0.016436675423163176,-0.14116645522577995,0.98984941663872461,-9.8743426915608801,2.0338211296472424,-2.812371236307436,0.4187750738303881,0.3724359639401401,0.8141891891891891,True,5
0.95333535903934186,-0.29121832932891528,-0.079646581020184973,0.29906671959616654,0.87475276340344399,0.38126985213628678,-0.041361702519568944,-0.38729767308998075,0.92102645020855345,10.052202872282606,7.9002287237574498,-3.4440382568171555,,0.5667734116109663,0.3181818181818182,False,3
-0.51690183834694525,-0.85579075469586874,0.02084882947852721,0.8535716492717651,-0.51340575945031974,0.088487093537532271,-0.065022527427255172,0.063535111082900761,0.99585910679506073,6.3567433774628483,-8.0969453489903316,-1.3865922981874967,0.1515866149021107,0.2061127701073829,0.8524590163934426,True,5
-0.99831224672496499,-0.0059020431536325919,0.057773903499467844,0.0051018391183648417,-0.99988914279346131,-0.013988329470227795,0.05785005857009555,-0.013669967460457915,0.99823168789267902,2.4564400055400188,-11.448942127175037,-0.94310371879076282,,0.1690828846556652,0.5111111111111111,False,4
0.90386770725083432,-0.42760675207895671,0.013252673903979984,0.4189712320597947,0.89102937246162506,0.17472768560517088,-0.086523259852002057,-0.15237822346755328,0.98452760373564674,-8.9214097071105876,14.255588020952764,-4.531761507609291,0.4344924006235418,0.3674108567137562,0.8387096774193549,True,4
0.74660223322049779,0.6451485052821837,0.16238383996669797,-0.66437200110956318,0.71035900538013408,0.23237884502902073,0.034568041481122455,-0.28137784135839689,0.95897422327226733,0.21895482208007244,18.249373792261942,-4.9452524143391914,,0.1460531781494329,0.2857142857142857,False,1
-0.98561313313212418,-0.1629400548535638,0.044914255218080984,0.16656400771798663,-0.98149528429334132,0.094463952081495495,0.028691168160250781,0.10058601013187768,0.99451459086096361,-8.9238251535315332,-3.5267597859041095,-1.815734332798679,0.4721032466322018,0.39502855768016,0.9264705882352942,True,4
0.45897954498557353,-0.88494078277587207,-0.078851685237935093,0.87352925530353498,0.43329653715876826,0.2218124230404398,-0.16212469711208918,-0.17068661888457082,0.97189591043489121,-3.5936373955932726,5.7148057986539422,-3.2792912344385581,0.4682745861455165,0.4209480376487035,0.8541666666666666,True,5
0.94107732893033125,0.29450303830284497,0.16625709429599431,-0.32320362525386204,0.9279167921943654,0.18576825182598025,-0.099563435035735906,-0.22855718582908913,0.9684259058956306,-16.798300212022941,-0.11591431241318106,-2.5687267648363701,0.9835671925121866,0.4183306886288577,0.6470588235294118,True,5
0.56845057560602263,-0.82256426633401225,0.01587358949859256,0.81508015001512235,0.5656916760446421,0.12504909717838456,-0.11184047632457195,-0.058145983560274839,0.9920235644637182,-4.8619574961403327,-9.4455052100364796,-1.0331525513099657,0.195672065738465,0.206671242483558,0.6777777777777778,True,5
-0.88327060156294601,-0.46775107916408942,0.032279596581455218,0.46880762013969512,-0.88000616527982445,0.076213938150797494,-0.0072429078129545438,0.082450451850357542,0.99656884522650269,7.867722780888192,-7.0238635409860217,-1.585006170161718,0.2942648980539606,0.262737879804292,0.8103448275862069,True,5
-0.69913713241704245,0.64618613401965141,0.30602410080974085,-0.70701179455537899,-0.68856466761801249,-0.1612855259087955,0.10649691279682968,-0.32912334877494126,0.93826234543218823,-6.4758064638649815,2.625241530358803,-2.7894260496200594,,0.3283234888981848,0.152,False,2
0.48070868022772956,-0.87674096239184984,-0.01563488464706192,0.87012198793855422,0.47471845218975378,0.13240134914879897,-0.10865951803487879,-0.077250734719981479,0.99107286973544495,10.553371941486095,-3.5071941938002795,-2.0477009931206469,,0.1819180420426618,0.4117647058823529,False,5
0.38749575706426737,-0.92184623472834204,0.0068233257557563029,0.91510625051203442,0.3855366013682891,0.11807658226420242,-0.11147909459174929,-0.039510106587656024,0.99298104863407954,-12.212116520317176,-5.7344829454132835,-1.4623733280814013,0.3787237575390325,0.3883621296653733,0.6865671641791045,True,5
0.77227599937330338,-0.63513987517108794,0.013679172475759744,0.62604952772490396,0.76452858449125261,0.15348626105038768,-0.10794336305392448,-0.10996991617464293,0.98805609552755258,10.508644788888484,23.33445555926485,-5.4001540661544478,0.2819702460985757,0.3095551109913309,0.9,True,5
0.66796438160887428,-0.74092956353201178,-0.069620160773570333,0.7346171842549607,0.64151816114519544,0.220889206432096,-0.11900074579257157,-0.19869028865334773,0.97281087149335577,-1.9860146143106752,15.128223894886608,-4.5518951274554356,,0.2925615532157974,0.3684210526315789,False,3
-0.92509785048942461,-0.37879846770398606,-0.026564786559620707,0.3797128975969799,-0.9221523094108155,-0.073846013073181824,0.003475977323210179,-0.078401780039813379,0.9969157830369807,-10.839510057555696,8.0341434416606905,-3.7333921590721042,,0.5444982418452444,0.25,False,1
0.9978636687574719,0.034116579502181998,0.055714967261500666,-0.042534589148495304,0.986573583424593,0.15768123926049826,-0.049587370366329223,-0.15971419314459531,0.98591707014754726,-3.8843504301341829,-15.062286081997074,-0.42539941655556657,0.1997750984277253,0.2247501710270208,0.451219512195122,True,5
-0.16029482815568921,-0.95474344810749912,-0.25054044855540802,0.97759567943437808,-0.18863906027905944,0.093391608232612694,-0.13642674084569528,-0.2299570682384873,0.96359093558905207,-12.877671448441557,2.1585340604317964,-2.8006381238500619,0.4607116359469437,0.4339458008919,0.7543859649122807,True,5
0.39058068059190887,-0.92056185271813629,0.0035506715579327816,0.91339264117270358,0.38801378361625144,0.12312264931909075,-0.11471972367431975,-0.04484617089509238,0.99238510970093363,-3.9472553039946305,-8.7552787733813311,-1.1349154095125931,,0.1114034563292904,0.3725490196078431,False,5
-0.078860982603119301,0.97719722075274773,0.19714597935534192,-0.99267109502167339,-0.095142275834097997,0.074512042366185485,0.091569877860256776,-0.18982502232902493,0.97753844853613958,4.2114655960973071,16.201236755075566,-4.5705183223320693,,0.3735964847851473,0.180327868852459,False,4
-0.96383219811703413,-0.26536077006388858,-0.024721561115477204,0.26543110369330342,-0.96412972432822464,0.00045150740373053888,-0.02395460425557187,-0.0061266938784988074,0.99969427354420581,7.218641993106675,-15.621432055089091,-0.62116307116751246,0.3290939486536399,0.4025942472372737,0.6615384615384615,True,5
0.71851681160034209,0.69215082037517184,0.068270295895482697,-0.69393337286970591,0.70682172332603721,0.13732998744660962,0.046798135276459284,-0.14604894141481797,0.98816984433155952,2.5286989328951872,11.823285301065853,-3.9705377063631748,0.5422301941393474,0.4038324069820551,0.899390243902439,True,5
0.4129513469667086,-0.9107279658524956,-0.0067644107323600149,0.90551757917634823,0.40977091142406319,0.11011681957493208,-0.097514608346578324,-0.05159818179807938,0.99389563274729475,-5.2655935588939906,-14.194210361138857,-0.51128300632901691,0.2772413366480888,0.194488930518424,0.675,True,5
0.65981552776761154,-0.75136689693777103,0.0095527746154503972,0.74356781416620343,0.65469512832351817,0.13594555779997664,-0.10839914691935076,-0.082595854227421064,0.99067025281452747,15.565602424530317,-9.4450242979732266,-1.5455257932936672,,0.2201962865012648,0.48,False,1
-0.89243542986519064,-0.45086765145656105,-0.016654260457258027,0.45100790638070581,-0.89250159621740299,-0.0057244328523081145,-0.012282992445882223,-0.012619889834430926,0.99984492121385582,-16.257711679687535,-5.9766276127845606,-1.5529625798043758,0.3477303840812235,0.1725182996622014,0.7083333333333334,True,4
-0.044890519956663003,-0.99892826688363112,0.011276472803371141,0.99384828537363346,-0.043512556674338017,0.101844209808663,-0.10124439183435732,0.015778942693579195,0.99473644654730708,-0.57015969843963099,-13.357034634372033,-0.62490419410791032,0.3010801052082668,0.2607017253897162,0.9861111111111112,True,5
0.044182955459009056,-0.99862575395190201,-0.028186344049961669,0.99340662812545022,0.040929440770399228,0.10708899137934727,-0.10578817345682237,-0.032732009138120174,0.9938498266511151,10.679007097767226,-7.0689190952145466,-1.6481200777490606,,0.159207677702033,0.5333333333333333,False,1
0.60765749127092805,-0.79178486172303442,-0.061879770915516816,0.78674406484459691,0.58947285675163785,0.1831816791736082,-0.10856403517796204,-0.15999526211515697,0.98112963790040486,12.500525316033798,-7.4247971986639367,-1.6846948930688337,0.1486203956669817,0.1955266263729159,0.4857142857142857,True,5
-0.49795208235207933,-0.8665137690375212,0.034606527557937833,0.86460726733660875,-0.49297905396511776,0.097087206265191475,-0.067067107809644283,0.078265831753375592,0.99467404843496476,8.3279985308107118,-10.59282650445083,-1.1823052576724562,,0.0773537933736223,0.35,False,1
0.48362030451973642,-0.87526327108883406,0.0050603694640715974,0.8675754776008533,0.48012175220428704,0.1295989727040201,-0.11586281423256418,-0.058286442189934465,0.99155357844896641,6.2993151415456543,-6.2996378102746871,-1.5909219206502008,0.1643766781146467,0.1272550477075554,0.3333333333333333,True,5
-0.051336348322804919,0.99175457912226828,0.11741990517323582,-0.99358459964934953,-0.06258355300707312,0.094196296278846209,0.10076816303039833,-0.11183091559592512,0.98860488752405773,-8.4850860780045068,17.803815939446167,-4.9861827144595434,,0.1517485600622375,0.2307692307692308,False,3
0.46972845162570886,-0.87432579938185251,-0.12210478397098125,0.87588891529477453,0.44427932712076429,0.18824050455963287,-0.11033489836429038,-0.19537214752468401,0.97450291645255516,9.2431411735753652,9.7677097252669789,-3.6618518047168904,,0.5737411302485171,0.2195121951219512,False,2
-0.85419335278875042,-0.5196607401361879,0.017505176737834336,0.51978513064918697,-0.85256764892473413,0.054330672395611034,-0.01330917005381262,0.055507829790586535,0.99836954421918245,3.3385992699365401,-9.5907156697298657,-1.1646494028910563,0.2119029074694667,0.228738127597445,0.6721311475409836,True,5
0.80371149283824961,0.58646314094952745,0.10054263069627438,-0.59450999363418899,0.78448761115172905,0.17645695060985914,0.024611049323202787,-0.2015940779315418,0.97915990726445823,-6.8601552750381964,8.0298431280836073,-3.6704995180252435,,0.3946727090221336,0.1428571428571428,False,1
-0.18226003922596626,-0.96213467434483213,-0.20267744453864001,0.97879971590127168,-0.19712908131665802,0.055598933900214441,-0.0934472806075127,-0.18824716126044144,0.97766590000083664,10.904113792987575,9.6513566053038264,-3.6366526831522243,,0.2633220694804683,0.4,False,2
0.64541306399882392,-0.7638096826928864,0.0060618020622665528,0.75606558113362776,0.63995806282060042,0.1371805921257587,-0.10865916364816808,-0.083955026386134265,0.99052750577648441,6.7425206433140978,-4.2539718238440551,-1.8548929760998565,0.1803879708138942,0.1571577079048294,0.7733333333333333,True,5
-0.18485267640071337,-0.98275605215263762,0.0044754871082993142,0.97819706270931273,-0.18355270667002735,0.097154054886972444,-0.094657247658946508,0.022337095412570451,0.99525929266405933,3.4117136897677045,-8.0098503042321152,-1.3189675816640352,0.2064564370360254,0.2154244118206127,0.9235668789808917,True,5
0.24738101048051059,0.96257327639875168,0.11070376333537911,-0.96478231850005458,0.23416636662209223,0.1198381852861099,0.089429936616893649,-0.13645072482761683,0.98660198972570379,9.414705877505698,6.3927198979399975,-3.2093533926540432,0.6036860990602488,0.5963883302175237,0.9878787878787879,True,5
0.57100802025772313,-0.82087833815966327,0.01042088007730764,0.81397094473278164,0.5677629765034119,0.12286782997517745,-0.10677612997378499,-0.061676222746015447,0.99236832961134203,-8.4440118853516744,-13.820786748385768,-0.49633688543698556,,0.164914968742734,0.625,False,5
-0.36717601433793395,-0.9300292576298117,0.015078277336984506,0.92664478137633599,-0.36433739266681314,0.092669916654495366,-0.080692153539932795,0.047998377652687906,0.99558270982364805,-9.5626140714607004,0.40087996313367763,-2.5185361243987798,0.2282835998719746,0.1719143598957958,0.7375,True,5
0.18000288382896806,-0.98364734958620692,-0.0060707055015230514,0.97823805208847481,0.17835874304805358,0.10601166079476784,-0.10319532576333879,-0.025020999787169214,0.99434635530596127,0.21717974924446815,-11.374034719426838,-0.87268400678563318,0.1626867241237398,0.1969456794140256,0.1470588235294118,True,5
-0.03307410234694478,-0.99944000226394925,-0.005077955157330994,0.99413718389786832,-0.033421083786348116,0.10283137045746669,-0.10294349588759204,-0.0016471287690818445,0.99468584167125784,3.6102053101544551,-4.8816181950100068,-1.615859781115218,0.2551566366972149,0.2111391912804322,0.8266666666666667,True,5
-0.65835569609823186,-0.75231011488352961,0.024439076474876704,0.75115405961166437,-0.65456651813816713,0.085500012054935987,-0.048325522696919566,0.074646931460098098,0.99603839257312898,4.4688163685765563,-2.302353259266404,-1.9889333460380676,,0.1366597468318123,0.6825396825396826,False,5
-0.089446069146497081,-0.99594182923007857,-0.0099636089889951623,0.99025263287171972,-0.089998580242956455,0.10630135768126264,-0.10676667928182307,-0.0003582514447320502,0.9942840378136597,5.1454114126851671,-8.9225208182361389,-1.2666035665928987,0.2462439865017596,0.2077162498037264,0.5641025641025641,True,5
-0.13492105270872629,-0.99081430142099236,-0.0091285067563433749,0.98663912288321065,-0.13519018972242486,0.090922240398399107,-0.091321140664243808,0.0032607824898758242,0.9958161560073906,-0.7239014879832838,-5.0268277254512501,-1.5857877700919776,,0.09865571749381027,0.3422818791946309,False,5
0.29865773791649963,-0.95432184112672103,0.0085661619820652287,0.94755259284707982,0.29758557170225231,0.11656290706488899,-0.11378769428797482,-0.026695525152116973,0.99314636865140726,-1.437706632517662,-7.4946322054560657,-1.2554889478087805,0.4027701146497219,0.3378732387598206,0.8318181818181818,True,5
0.37104328993899566,0.90688258679680833,0.19972694048619166,-0.92522236703433935,0.34266560207778557,0.16292285503280926,0.079312347907620595,-0.24524326477478861,0.96621182592223642,-12.140994460552506,-1.2105580515330703,-2.2891101700739753,,0.5705268921772786,0.1951219512195122,False,1
0.8277654230771655,-0.56100671283990833,0.0087104825608436548,0.55332919057019003,0.81881108178065798,0.15288956542592347,-0.092904312175595333,-0.1217369315440061,0.98820489185058702,11.777446069219431,-5.8240163413676633,-1.8190729816558751,0.1666965622003264,0.1211403751215288,0.4871794871794872,True,5
-0.030788613969442366,-0.999517436876731,0.0041175999333767557,0.9941125869684202,-0.0301934407429514,0.10406017762361135,-0.10388563750969773,0.0072972265603151367,0.99456247908501538,0.51566055248990272,-9.4067190583873508,-1.079483921240759,0.195814007087853,0.1875688993642344,0.35,True,5
0.19201032406737401,-0.89415039125194773,-0.40450848356435098,0.97666321932775291,0.13368054735193274,0.16810254986774315,-0.096234045243309835,-0.42734598288000369,0.89895184490184565,-6.0846278975169632,11.766008459854547,-4.1660862373528031,0.5750931255279437,0.544321035097445,0.2826086956521739,True,4
-0.93387154349471901,-0.35759629974769619,0.0029709691256225856,0.35760515991176545,-0.933866881866809,0.0033461256465124184,0.0015779275237840021,0.0041872854114970446,0.99998998834268849,7.6440521680589262,23.597523406012886,-5.4278906564419636,0.2631953506218911,0.3366523712878226,0.625,True,5
0.73189558662233822,-0.66740318538925125,-0.13748395693688958,0.67119433956386088,0.67127300373022181,0.31446893805340742,-0.11758830222507688,-0.32243688156798428,0.93925898908902516,-12.170827006993045,4.9298805424029251,-3.2920588777686,,0.5017330226364946,0.1333333333333333,False,4
-0.2677795665721287,0.85952180864589922,0.43533477254697445,-0.9557500353721281,-0.29409083342837644,-0.0072423462758580553,0.12180301150882691,-0.41801057660720253,0.90023951492471987,-11.486587899241274,-2.6628068970194874,-2.0024836237997947,,0.3637922350382136,0.3243243243243243,False,3
-0.62493180857007602,-0.78036278695382888,0.022229605821692731,0.77888159521598421,-0.62130859019145868,0.085551717622187745,-0.05294993173874963,0.070778220463332764,0.99608571329826145,-12.738111281232291,-8.1131830331918984,-1.2165786887165488,0.3826071984159718,0.3362180935462838,0.928,True,5
0.36117740373641688,-0.91932568284444793,-0.15617673287917588,0.92543022241062811,0.33279706845861673,0.18117674981732207,-0.11458528037771301,-0.2099676167601634,0.97097055229951246,-13.600472252610716,-17.551083226355075,0.0197210688419782,,0.6299857203952516,0.3833333333333334,False,3
0.29293420945967585,-0.93909979202157268,-0.17966950089894185,0.95109366910027937,0.26693275488790386,0.15545975995518346,-0.098032553397347122,-0.21642200672065309,0.97136560237708758,-14.975344735989031,-10.124910065696,-0.85619879402901478,,0.3439619357518879,0.1944444444444444,False,3
0.022211734085844492,-0.99876613413401283,-0.04441675557602108,0.99337732445734184,0.017038698342407187,0.11362734711666277,-0.11273034251200455,-0.046646458234218771,0.99253008912139784,3.9419862330564435,-12.810594452766249,-0.84060178925633267,,0.208372870501847,0.3478260869565217,False,5
0.69044773556626848,0.69853967204447431,0.18794746880820243,-0.72196733264839585,0.64918935418650836,0.23940833945262677,0.045222727029364258,-0.3009908785842223,0.95255414332683752,-13.564577030300807,4.1185358364881193,-3.1563205930839375,,0.3061240061360828,0.2173913043478261,False,6
-0.94981560237475893,-0.30229806101090956,-0.08041270916041969,0.31250581196297428,-0.9283431771674584,-0.2012934745489553,-0.013799962856328733,-0.21632112175114357,0.97622473504285412,-16.306664617745529,-17.579973232658023,0.031084778854577513,,0.2867730696385475,0.35,False,2
-0.10451912811548433,-0.98390668947610715,-0.14492542310493814,0.9896367334549302,-0.11732274105674753,0.082791969583927399,-0.098462620596008826,-0.13477017784026887,0.98597267280095935,11.979634519303204,10.269651346899954,-3.7508912897244011,,0.07231095427882486,0.3333333333333333,False,1
0.078660670494463431,-0.99635145947380233,-0.033109939924228657,0.99096498810415334,0.074529924843101336,0.11150642427509155,-0.10863190723308007,-0.041581961321061268,0.99321198604507255,13.858735281539582,-5.7616367692164996,-1.8992116568681876,,0.09986562153853806,0.3333333333333333,False,3
-0.83256624474568874,-0.54793965510023068,-0.081213191531313969,0.55127243041228491,-0.80529247601321052,-0.21818051137497221,0.054149382059207385,-0.2264203225091605,0.97252335806264989,-1.7060643640364705,12.671055082029408,-4.2359950476588697,,0.5737305168292418,0.1071428571428571,False,3
-0.28452330928636793,-0.9583407627076812,0.025089220904457542,0.95465370068140365,-0.28084171038341893,0.098814196774632698,-0.087651572992353155,0.052066459854446495,0.99478956845666111,6.4366251780722372,-0.49492907827120669,-2.2788507165558429,0.1683642967998601,0.1528173094037523,0.6650246305418719,True,4
0.58378172087075986,-0.81110643507758484,-0.036128290201813615,0.8051408089755393,0.57260630780730293,0.15450014233489298,-0.1046287728083832,-0.11928271976703241,0.98733198705683145,6.844064057801253,-11.097171689559035,-1.1032038376025011,,0.1591754685300163,0.2857142857142857,False,4
0.4469859196917873,-0.89419309990045803,0.024945694772795894,0.88735670599010774,0.44675080791706873,0.11406924195343957,-0.11314443835944062,-0.028851615480880336,0.99315956439661335,7.8016582871867204,-5.3200051922703375,-1.7687034438958609,,0.1129238774372282,0.631578947368421,False,4
-0.95456410697026273,-0.28873049159907693,-0.073770379591131641,0.29770365152088862,-0.9127752531305624,-0.27966743311219872,0.013412738541904258,-0.28892220491577364,0.95725861602359763,6.0074979943672089,17.436036966260854,-4.6989856384581623,,0.3710949710581452,0.5185185185185185,False,1
0.93459470735479044,0.31171927386070086,0.17135876775984396,-0.35565104331522357,0.82794877985608728,0.43360483544768025,-0.006713298236165878,-0.46618870882784619,0.88465983258437741,14.16261712592995,2.0538346688240781,-2.7644577317874721,,0.3679009215151675,0.3666666666666666,False,2
0.56921056911961321,-0.82169494222156003,-0.028578837100783277,0.81135473127144919,0.55574358758885678,0.18125276521283923,-0.13305197497955509,-0.12635856433726039,0.9830212028093116,-20.465949670666628,-23.942047408527181,0.74344358972538194,,0.305930879716233,0.9333333333333333,False,2
0.93185467803569111,0.34656547231758145,0.10742081930561515,-0.36278914917005961,0.89450916551150905,0.261222866649088,-0.0055580812752346678,-0.28239285793588109,0.95928274326151741,-5.637360776530091,18.988384266317187,-5.12617820867231,,0.1246127426405622,0.2,False,1
-0.12587504104478897,-0.99190546071813634,-0.016704222206211847,0.98817694011942747,-0.12685201903621557,0.086109815251462968,-0.087531760282643548,-0.0056676506576723053,0.99614560616299686,0.76692336690825269,-12.264827013061113,-0.81139964367476536,,0.1179910200689247,0.2352941176470588,False,2
-0.96318670737100842,0.24593170213291324,0.10857699862219382,-0.25902706235865153,-0.95708197325416944,-0.1299964516352371,0.071946839469451712,-0.15333523521328468,0.9855516008471823,0.56121423138821935,14.937848085653258,-4.5140339170518553,,0.9471009442416993,0.3670886075949367,False,1
0.17751490062576142,0.96559105529045541,0.19005886982430351,-0.97870655244083371,0.15298990343031837,0.13684872545171889,0.10306281708358334,-0.21030454914586927,0.97218828029520554,-21.366190035672417,1.093577862122741,-2.8117711964329164,,0.1713648352774986,0.4,False,2
0.10337562228224779,0.9353602105104436,0.338252505255489,-0.98463275903647118,0.048111133163763864,0.16787986388463233,0.14075443350027086,-0.35040918289844403,0.92595982309734182,-3.6475611902226217,17.289112705219512,-4.8723746086834092,,0.4944987188149235,0.1578947368421053,False,3
-0.039128948257637179,-0.9982731991292304,-0.0438126158605434,0.99386966134396482,-0.043418720453348561,0.1016755180671664,-0.10340223241441093,-0.039565573602392864,0.99385237521335634,3.1032613858327127,-0.45686808063871354,-2.2532618347031743,,0.2932009035855068,0.8583850931677018,False,3
0.93350391312725767,-0.35620710044788606,-0.041072445344869826,0.34972527286877969,0.87921098470493586,0.32354331686968035,-0.079137081655537789,-0.31639302451964141,0.94532152008846071,-14.926862961646512,1.230774964138809,-2.6797344635292442,,0.4319818341579848,0.3636363636363636,False,4
0.26817495566920846,-0.96312255521175794,-0.021843461131283517,0.95685051544584121,0.26365812684012307,0.12215352324917353,-0.11188960739428354,-0.05365944272477452,0.99227081986906229,15.484548376843621,-7.1688232692176106,-1.8148585692119532,,0.1697403497666546,0.5384615384615384,False,4
-0.80937760593338071,-0.58641627773142757,-0.031997503420836619,0.58617059237563451,-0.8099971434488592,0.017568842838553964,-0.036220541789806035,-0.0045361675790445543,0.9993335256740602,12.740566177276699,-4.967606722351146,-1.946169030948024,,0.1382099706007339,0.3125,False,4
-0.83503344787298228,0.46784579829261086,0.28955042730638608,-0.54201841963304176,-0.78990283576311215,-0.28682667733649642,0.094526047795624818,-0.39645153433092495,0.91317632865443676,-8.9717060920491658,3.3248447202312166,-2.9589680079538474,0.4005858708392101,0.3223336138789375,0.3666666666666666,True,3
-0.87164467541231405,-0.48844831139410244,-0.040667024990925719,0.49001128418866319,-0.87030295905296917,-0.049615530143532566,-0.01115801026795199,-0.063174413807305208,0.9979401245801095,-14.309769404244189,3.3408819793063236,-3.0081355839694424,,0.2334507254944559,0.2631578947368421,False,2
-0.792269280378323,0.54973860474263059,0.26475810436026365,-0.59785190361608909,-0.78614152626652156,-0.15669908111396919,0.12199380603716289,-0.28243400491967957,0.95149805262732812,-10.751185570810142,9.517646822457996,-3.9704685990134143,,0.4659261755951438,0.2,False,4
0.92742789651575785,-0.37330631799536945,-0.022801090085715903,0.36056093604181977,0.87623725972179001,0.31969372229666121,-0.099364521661423344,-0.30471405878296492,0.94724655407924707,0.55715465318527801,16.865439320763166,-4.7812467430168839,,0.4456010895308871,0.125,False,2
0.48315103607400356,-0.85974153522351959,-0.16555835512629016,0.85980768140783148,0.43022907840020541,0.27501580152965582,-0.16521448887039528,-0.27522251490460559,0.94707800098876649,-2.4559622001031332,-11.298582445531636,-0.84982184896853019,,0.238389959619195,0.3333333333333333,False,3
0.60649749750755899,-0.75625666958727533,-0.24543152858145822,0.7873711338801811,0.52838560198798701,0.31757731837149517,-0.11048747915173918,-0.38585554980660192,0.91591921676212174,11.993724901511486,2.4248905432301391,-2.7524860626122543,,0.5413957420951316,0.2222222222222222,False,1
-0.67417282224835062,-0.73517906910305197,-0.070730064996880629,0.73845379511407827,-0.67269041954263842,-0.046621796803244228,-0.013304067923309007,-0.083662033254744236,0.99640537231007176,-8.3666217029716563,8.5846681608702138,-3.8169927372896262,,0.4311056545622733,0.2592592592592592,False,3
-0.92239369388813286,-0.38581792594712483,0.018286647950482137,0.38624459203579281,-0.92161772930536923,0.037892956510664794,0.0022335170717807419,0.042015343005550591,0.99911446909431556,-6.530205944475223,-18.244776304990609,-0.021106586756267517,,0.1331815419610637,0.1666666666666667,False,3
-0.38698088484304854,0.90189526818023324,0.19191331376482557,-0.91506480262081347,-0.40126218935544933,0.040559368809227378,0.1135878592571523,-0.15991741815004595,0.98057341265282139,-12.43968136919769,-4.262807222076848,-1.7249851477310847,,0.1126043394141782,0.2,False,1
0.57945934453675596,0.76795490542212319,0.27289582493532488,-0.8129437758656255,0.52085453544589078,0.26044763425069772,0.057873010206598553,-0.37276777776994569,0.92611818821686243,-6.7489837503438386,11.370545789397395,-4.1058420334456089,,0.4006826102624199,0.3333333333333333,False,1
0.85373080372451526,-0.51751417060077587,-0.057643716043335742,0.51560479492356837,0.82468687200287571,0.2324720598221163,-0.072769569352295976,-0.22818993486458544,0.97089337385872465,-5.3193258680898454,12.446645656305414,-4.2391010073608468,0.4688569672454223,0.2939349462623955,0.1904761904761905,True,3
0.6600317899716942,-0.75109074845755719,0.014856776508620979,0.74464178358325117,0.656723641421042,0.11925884847943299,-0.099331014133123924,-0.067651654674165992,0.99275203512817423,-4.2971616594879718,11.0764794168237,-4.0654676839160899,0.31174904570641,0.2236359970351272,0.7415730337078652,True,3
-0.9937727933080901,0.073060916985276267,0.08412929150960223,-0.096119329849806048,-0.94401584306601205,-0.31558701251729493,0.056362307527825964,-0.32170823808170923,0.94515982766963913,11.213822231620423,-9.2354134652062303,-1.4207813326623582,,0.1722440530843541,0.1428571428571428,False,1
-0.57603275250672925,0.81398503772514041,0.074930810746470025,-0.80987517177116974,-0.58073964867717576,0.082726456487199507,0.11085339051260122,-0.013031454788800741,0.99375133056411447,18.659533391741103,-10.009309042194209,-1.617201367045737,,0.1209254296844012,0.3,False,2
0.99737366472904732,-0.06710244562908084,0.02725866276152111,0.04927689938879877,0.90450445483918274,0.42360769393708997,-0.053080694151228666,-0.42115193572708343,0.90543552334871114,-8.0506373468159396,-0.4200754477601597,-2.3439359025572917,,0.4420744560236854,0.1913875598086124,False,2
0.54479026300804168,0.74980109410017171,0.37550218190819407,-0.83749973023988789,0.46385455477497162,0.28884797707899512,0.042400131836396134,-0.47184454145480825,0.88066165893580128,-17.354494070219076,-13.82003198100317,-0.37234804173650488,,0.4427753744089814,0.1379310344827586,False,2
-0.026261991188827754,-0.99521532342331198,-0.09411040241244148,0.99424775996387527,-0.035782622761879809,0.10095046168838483,-0.10383496340643159,-0.090917896652500385,0.99043032891903671,15.333074196311012,-11.187500805139978,-1.3670957249138216,,0.1603021958882812,0.2105263157894737,False,2
-0.70199929413655282,-0.7121688008875886,-0.003548249443929119,0.71096673630773,-0.7010874118646867,0.054797269902886726,-0.041512539017946937,0.035944957465680626,0.99849119632427108,-7.5551054404560709,3.9557947536002365,-3.0110002231080903,,0.5683152447170599,0.5957446808510638,False,1
0.87257260515416946,-0.48781348310480788,0.025594031249929112,0.47997150235605085,0.86592749035752559,0.14070159334276755,-0.090798709575314857,-0.11048795022206498,0.98972117649123026,-0.28425716569160703,10.341560518735816,-3.8800216581225557,0.5713677332226832,0.4088800378897179,0.7453703703703703,True,2
-0.00530172015965722,-0.9218694461437329,-0.38746434162384086,0.99606686460874549,-0.039139037726187952,0.079491741422436063,-0.088445989122469995,-0.3855189489409252,0.91845111302433102,7.893464170488441,6.6916724281589071,-3.2826534150404685,,0.2491096850020941,0.34375,False,2
0.39644476884765906,0.88747209245791292,0.23499963906716834,-0.90512684686551792,0.3350259204423533,0.26173082301295464,0.15354783077793971,-0.31646629795307918,0.93609409031531721,-16.571482494811889,2.2858818480316678,-2.9318461209194941,,0.333243870274282,0.4761904761904762,False,2
0.063103107137057232,0.90928064232188643,0.41137174352201916,-0.99291008854601248,0.015594161184429037,0.1178404777676241,0.1007350680408613,-0.41589125457942827,0.90381796310493345,-3.2980454505505898,-6.330398995954325,-1.4183961361789186,,0.3622013106226121,0.3103448275862069,False,1
-0.68196823625265834,0.72955649741986317,0.051639537322680278,-0.72346323083865216,-0.68326269169447251,0.098757520032269008,0.10733255967756582,0.029990185242613616,0.99377075345482768,-18.599905218102098,-7.8566389077752241,-1.2950722300687945,,0.2240976883206123,0.6976744186046512,False,1
-0.98890568637729681,0.12117395419204274,0.085920988565732548,-0.13576612661577814,-0.97200003153461578,-0.19179024365294112,0.060275221396495195,-0.2013276223526487,0.97766767675086463,-3.0550092618450044,12.120575887079077,-4.2025399948905413,,0.4528373033148496,0.2,False,1
-0.94972062569670856,0.24747123544231717,0.19180386011471645,-0.3037377308198751,-0.87688582498109624,-0.37257836870062,0.075987656909826312,-0.4121034306771485,0.90796290586206163,12.284000675120028,4.8907065076900018,-3.0363259196548094,,0.3759466441394294,0.4339622641509434,False,1
-0.28894784157407821,-0.94621475191349214,-0.14555682090156818,0.95346626669620493,-0.29810377728623971,0.045124452795332282,-0.08608846102750152,-0.12574490537976371,0.98832029001177135,-5.376897143992907,-15.862456832584511,-0.29867744140138436,,0.1818486050967952,0.25,False,1
