axis_00,axis_01,axis_02,axis_10,axis_11,axis_12,axis_20,axis_21,axis_22,location_x,location_y,location_z,dbh,dbh_approximation,score,reconstructed,number_clusters
0.52376452898555115,-0.81913986699450969,-0.23383882585396537,0.83614298804996856,0.44185881561720208,0.32500106245400801,-0.16289758043450009,-0.36574672296765781,0.91634803045950031,-12.306383925717732,16.027692021642238,-5.7028274667350836,,0.3741513167837227,0.1162790697674419,False,2
-0.45170209923957438,0.89163611371049467,0.030826194539862267,-0.87712735954201915,-0.45013936922131903,0.16739815835271382,0.16313432712157483,0.048575600915281444,0.98540732811884035,-2.7569778402819689,-5.8626129848196218,-1.483549633499595,,0.1841964743172568,0.8222222222222222,False,4
-0.98976485881853282,-0.13565922973700328,-0.044295571280818305,0.12585442484751144,-0.97609259850691776,0.17721146375535746,-0.067276949947460946,0.1698228857580075,0.98317546728882033,1.2832464624382298,-12.430101195175334,-0.50750653701996018,,0.1259409035645417,0.6111111111111112,False,5
0.99006505871587447,0.13614195058497935,-0.035164595843684254,-0.12084416617619291,0.95170950255361464,0.28221571581032284,0.071887878054045132,-0.27516248298063684,0.958706285026242,-7.3020461183487857,2.9332495891617958,-3.2051825928964015,,0.1018434889208771,0.3207547169811321,False,5
-0.99545140244249142,-0.058968158161895906,-0.074828214586954614,0.065788186660735035,-0.99356336878903551,-0.092215761648843542,-0.068908779347554683,-0.096719121809379943,0.99292345707272567,9.5303326517238744,11.269994261889114,-3.8486393486679114,,0.4847678586851962,0.5057471264367817,False,4
-0.74333095826409212,0.6611925371249775,0.10140766902174618,-0.66001807437697457,-0.74961273366981007,0.049567035575942373,0.10878983400069575,-0.030086182381814909,0.9936093767913986,-3.9245192363935577,-12.942870548059336,-0.56146984685598678,,0.2622629709493116,0.717948717948718,False,5
0.028361704162770941,-0.91408623548810086,-0.40452684438511061,0.98442998757879063,-0.044689429286917659,0.17000133665836725,-0.17347395566080059,-0.40304988401090208,0.89858643307485597,12.310469244275724,-10.801085161756642,-0.24780171735681769,,0.430512811436764,0.1764705882352941,False,4
0.47800144149080742,0.87834964206432165,0.0040654911375090363,-0.85512943082584403,0.46429751172268569,0.23061109501407701,0.20066957534259963,-0.11370895696294793,0.97303750936858546,-5.4044799278272482,-1.819602655872778,-2.3025108597403854,,0.4577153549701179,0.8522920203735145,False,4
-0.6602343866588245,-0.68119733594928733,-0.31632379639988922,0.69825322028436554,-0.71185206201768758,0.07555846851067545,-0.27664597419040465,-0.17098781037477279,0.94563744303378849,16.285616161099423,-4.3996446347598654,-1.0608937243180476,,0.3036187738655642,0.1851851851851852,False,2
-0.81985739609304853,0.57228430078953996,0.018014692374696287,-0.56265973033459005,-0.81109909375996159,0.15978825977391792,0.10605601317857456,0.12086744463087662,0.98698692134043475,13.573655454007968,5.400811485698334,-2.6836097394066525,0.4973657767202049,0.2597555338330185,0.6309523809523809,True,6
0.13852934317362428,0.97826050887933313,0.15432432681542091,-0.96841024943682819,0.10118040045437116,0.22791251687784458,0.20734321755385421,-0.18102183108962766,0.96137395783502155,-5.5312718052453205,23.30260899309755,-6.6665632712589131,,0.2238115060184442,0.2631578947368421,False,2
0.12880621593089644,-0.91700937762516066,-0.37749537756783252,0.97102779100735215,0.039364919487471874,0.23570199872960026,-0.20128086801518644,-0.39691838513888728,0.89551203660799139,11.713738582354692,5.3639245744580411,-2.7320148570356748,,0.4196308145668288,0.44,False,2
0.71230024983262852,-0.69969935839523378,-0.055219217213515547,0.69230945466854177,0.687470549086169,0.21929857071058986,-0.11548148364530759,-0.19443521286140419,0.97409392510918513,-12.201343620261753,3.235163977455187,-3.4600192349586654,0.3002726871310553,0.185013182457788,0.2121212121212121,True,5
-0.96107670920710775,0.27483410205008874,-0.028244917595180396,-0.27563261510500764,-0.94679178882713255,0.16616849912030152,0.018926714189523255,0.16748589480860851,0.98569277897839336,12.068992186508385,8.7294043621201372,-3.3122594305076625,0.1570500563899387,0.171419484836748,0.7741935483870968,True,5
-0.9872181863663152,-0.15003228631075305,-0.053763980246723415,0.14285361209067687,-0.982579543695974,0.11887087878389779,-0.070661856897821451,0.10967111458619351,0.99145304911789545,7.5373184468918648,7.1923406441324822,-3.1832420091046383,0.1668235199242627,0.2009530939113199,0.8181818181818182,True,5
-0.62280296665134294,-0.76878359937053209,-0.14521791235648399,0.759199049496176,-0.63869534932707961,0.12523998559590638,-0.18903245217260828,-0.032249466458359681,0.98144113625767782,4.254218986602968,-9.6208651811666002,-0.77253992258510351,0.3817383886945127,0.3303047589213537,0.8319327731092437,True,5
-0.88064636104581206,0.47292854934708906,-0.028294416219940274,-0.46970022513042525,-0.86370030195276726,0.1827662083622853,0.061997461957703705,0.1742422899848271,0.98274917404780682,-9.5184842497862334,13.704081648835521,-5.1607948787719122,0.3544111657125919,0.345867661983205,0.971830985915493,True,5
-0.77449225416672451,0.6303601643744331,0.052988785658704858,-0.6243287492438383,-0.7751874539568907,0.096426262477909058,0.10185951650862582,0.041598971113138941,0.99392865161386579,-7.0429762950069907,20.859271614968378,-6.3327444911474737,0.3661906607446335,0.2760734751914349,0.8852459016393442,True,5
0.029711078812228162,-0.99455901816942094,-0.099847940257637602,0.978011042297385,0.0082957823704746473,0.20838805421435794,-0.20642590181515016,-0.10384382202490872,0.97293617862995674,9.9970824846489084,-12.730849695457579,-0.037114015578262785,0.5401479330368938,0.3175038898740882,0.788235294117647,True,5
0.77323075133874086,0.63411145554199555,0.0041069617163531497,-0.61448140317073463,0.74766305503455521,0.25181850864009681,0.15661037750242765,-0.19723746623501628,0.96776576276066895,-4.0826569080341892,7.369882282369832,-3.8262258218528671,0.3542956356197294,0.3255898190191476,0.899009900990099,True,5
-0.49165858284632891,0.87053769212177046,0.020879763141462587,-0.85825916591016194,-0.48849812779713236,0.15735559497485957,0.14718370169531417,0.059444980730086812,0.98732125076960975,17.545263457999237,4.580628588954486,-2.3624446171179634,0.3343933777868359,0.3218354769338044,0.7435897435897436,True,5
-0.97930588367912563,-0.19167601568040904,-0.064963768396930313,0.18466141533712174,-0.97762197027217612,0.10077422749314024,-0.082826009665668582,0.086692492489440845,0.99278611184324594,-7.7487466752403709,-1.7805632107813099,-2.3928660344541437,,0.1738381553057442,0.2258064516129032,False,5
-0.45871468850909664,-0.88442135404872158,-0.085905198030323732,0.86462238061803265,-0.46655383991215882,0.18642868179984012,-0.2049609072003947,0.011242017872533129,0.97870559595505813,1.6556153603153851,-9.5052498750389365,-0.80910253828149081,,0.2476894509372013,0.7066666666666667,False,5
-0.92327334274521633,0.38397792077937992,-0.011282328218033107,-0.38177946526875872,-0.9139418622690495,0.13767611372813821,0.042553195827996146,0.13142004697201601,0.99041304352209425,11.832824532063489,-1.0706702723645054,-1.746055387187978,0.3239478671379911,0.3018464536109967,0.65,True,5
-0.72935881037063055,-0.60174574625128541,-0.32548084828945567,0.64789591993635265,-0.76032902928935586,-0.046158901088901222,-0.21969661505031751,-0.24454411481037777,0.94442129012800358,-0.18577426921765591,-12.352431700912922,-0.53526732050468262,,0.4032355378114715,0.2592592592592592,False,3
-0.95325371911260759,-0.29834483776666354,-0.047934379895485886,0.28691996497937861,-0.94344039309904182,0.1661239247229532,-0.094785445582186933,0.14460491847481702,0.98493915388651132,4.1637734521411254,7.1141757279348026,-3.3165974541991146,0.4859851883789128,0.4622670290447782,0.9683257918552036,True,5
0.87552475010243624,-0.44365616162396543,-0.19137821770295174,0.47970127322334094,0.75074356275139331,0.45417044317662547,-0.057819550551471185,-0.48944183846544687,0.8701169957733218,-14.400694156926116,12.800798317526894,-5.198937990312503,,0.4330316356945948,0.3333333333333333,False,2
-0.81690693672719106,-0.54868001978621883,-0.17780127281431851,0.55981538974035894,-0.82847294421084117,-0.015469651594994305,-0.13881565522968606,-0.11217315453358323,0.98394481413600521,6.4642103442460312,-2.9039190340256518,-1.654348986571708,,0.585508000005878,0.5325443786982249,False,3
-0.15402932376360309,-0.98605962481529541,-0.062939524386877749,0.96621999058696351,-0.16363873302961965,0.19910121758188526,-0.20662501593721774,-0.030146000755989187,0.97795568479730421,7.7832702348178913,16.294549390000913,-4.7810891227984156,0.5090547356252235,0.519408398425177,0.9041095890410958,True,5
0.95088270254075724,-0.30312661573268457,-0.062740264927995379,0.30864833617563397,0.912959635129866,0.26690992712815076,-0.023628173539200041,-0.2731647112238168,0.96167705075935439,-8.7106411360651332,15.833199531589703,-5.4768287257665218,0.2958096835757922,0.2340755263166162,0.5416666666666666,True,5
-0.9665994127623041,0.25592612681768501,-0.013689151166834043,-0.25614112728812211,-0.96648381241400749,0.017342527303041866,-0.0087919371665359305,0.0202696313184248,0.99975589214921645,10.6801451899768,1.3763053905245317,-2.1863015947894131,,0.1356237983290192,0.6646341463414634,True,3
0.40144107311176142,-0.89771942186069709,-0.18150731234022849,0.90289149392127865,0.35463373087209382,0.24294416463941038,-0.1537270796687398,-0.26140917455559032,0.95290777540887217,14.923274183751518,-9.20436122989822,-0.35633924296078884,0.5273960127332173,0.2428847135673472,0.25,True,3
-0.8354528940589554,0.53770937093603977,0.11352133815316731,-0.53247649655403773,-0.84312764921755712,0.07486352745105751,0.13596779922487234,0.0020975062445233138,0.99071103660022897,2.2581262246114635,-14.990620723831269,-0.034746366739192118,,0.3460428206046192,0.3157894736842105,False,4
-0.7788803221367212,0.61012224653223712,0.14524561292739302,-0.61664134029349249,-0.78724419774100529,0.00017482610375726959,0.11445043131960295,-0.089428280815285033,0.98939561418129385,11.766805374993696,-10.891649817033763,-0.27784121195511646,,0.4656787991196899,0.3829787234042553,False,2
-0.93967422121006317,0.34105046222456142,-0.026399625180539277,-0.34007637449554129,-0.92308803888154956,0.17960103558660906,0.036883837967711004,0.17774435206280684,0.98338523875770234,13.58794037577638,-4.0524056904881167,-1.2084680244054538,0.3616044045069408,0.3462218665389962,0.9918032786885246,True,5
-0.91949363164071696,-0.39050027470942578,-0.045177392842308213,0.38458779423255585,-0.91740458175833051,0.10227933269316816,-0.081386054699208482,0.076670521197429398,0.99372930986250552,14.679946908974403,9.2498243521008856,-3.2783391698094815,0.3803036358122667,0.470358041831199,0.5897435897435898,True,6
-0.76333750797253963,0.64592603851479924,-0.00976737891410695,-0.63768641582354957,-0.7510099968602193,0.17128928655969433,0.10330481109991359,0.13698006199659862,0.9851723598533505,11.909539543517496,3.6505101673004532,-2.4213476763768118,0.2500517283466539,0.1237963920092664,0.6329113924050633,True,5
-0.85311042802152659,-0.51789028860826958,-0.063184227194525794,0.50438489325149483,-0.849645060967824,0.1539452819434857,-0.13341093306249102,0.099463155682012638,0.9860570995643051,1.5955907828852927,-3.4444488988007147,-1.7210581302813532,0.451927942451809,0.3659249243038579,0.9273182957393483,True,5
0.4637996533442113,0.85425492533095071,0.23481568113224677,-0.86437943508805426,0.37821085089890033,0.33136798949081675,0.19426289855411299,-0.35665820446211716,0.91381445131668437,-10.57321130542476,17.009490659273609,-5.7741649019399954,,0.4617751365270215,0.36,False,4
0.36602111747725796,-0.85313619915519734,-0.37173534571213757,0.91411915802524391,0.25474710263534689,0.31542047909118875,-0.1743981264002521,-0.4552609574627709,0.87311096323328918,12.495621517000552,0.21790347737660776,-1.9127991396455635,0.6504747402895757,0.3521487762313278,0.15,True,3
-0.98709734836664442,-0.1534912757815865,-0.045598827906874008,0.14478272510106807,-0.97721015288407576,0.15523620586896056,-0.068387040876530733,0.14663132461797768,0.98682443589573154,9.6610117943326603,-3.9601932343206867,-1.3984596614677367,0.248092465941532,0.2185153160067908,0.7627906976744186,True,5
-0.96132990164708843,0.2734862935227243,-0.032404744319348741,-0.27484252553499983,-0.94524282671010695,0.17600450196125678,0.017504466765457666,0.17810459232790543,0.98385585724483438,-4.8627744971660638,19.217744554989626,-5.8794709573049273,0.4922496275233951,0.4514867259664431,0.9375,True,5
-0.98374794752059735,0.17937759186480173,0.0079784262733063674,-0.17954674841332505,-0.98230709027165752,-0.053251718622349342,-0.0017149003516605185,-0.053818769391508023,0.99854924724720984,-6.827641894097729,22.232371232936863,-6.5681836123141597,,0.4763714759735625,0.2758620689655172,False,4
-0.74312977736892938,-0.63425308750651255,-0.21326311208472276,0.6424310908202634,-0.76541204761320991,0.037771562266330397,-0.18719088528849773,-0.10893768107045776,0.97626438740123,12.772615342211028,2.1577356072401139,-2.1508494409662249,,0.3659950175735432,0.6,False,4
-0.71759623486488755,0.69632594189170816,0.013631814125931216,-0.68733500010158466,-0.71121719345725687,0.14744728334607882,0.11236654903970764,0.096437992406570625,0.98897597153697225,9.617032526572709,5.953460906283957,-2.9201324556858612,0.3087194696920473,0.3455451426213447,0.8018018018018018,True,5
-0.25099022750850192,0.92829705891741687,0.27435100892926362,-0.93648027624979102,-0.30458850723668218,0.17386929991935038,0.24496652401980526,-0.21328481348798392,0.94578062490466064,8.3687576709130571,-0.38000940604255201,-1.973408885276797,,0.5900291450086332,0.9774436090225563,False,2
0.68756717765041042,-0.71275624539077198,-0.13867195417350137,0.7160035831898216,0.63373965149993683,0.292767694556749,-0.12079008683325085,-0.30058707352976316,0.94607460918768294,2.7840370153312,11.767440202734608,-4.2304977213785007,,0.2024391906504248,0.3571428571428572,False,1
0.894166218445683,-0.44388110610544063,-0.058620281756033406,0.44411913360582733,0.86270385272140948,0.24186826510488146,-0.056788810128014233,-0.24230482071606893,0.96853673389396922,-6.0953655591493412,5.4552778602081231,-3.5956738771837848,0.3653502737477803,0.3164419558026327,0.7690355329949239,True,5
-0.91005861826533274,0.41142317127815686,0.050242267628149019,-0.41335290088752985,-0.90982390690571191,-0.036875977962507106,0.030539984427926783,-0.05432708862300506,0.9980560489235516,11.412854161320309,-3.9103152604981055,-1.2901336129518064,,0.5833969436177082,0.3157894736842105,False,5
-0.89573478368544646,0.44447311891136204,-0.0101411962408346,-0.44099152282232257,-0.88536017959001501,0.14718637571184262,0.056441776148859292,0.13631213798317771,0.98905678651107742,5.8815932399579207,4.6657845589915459,-2.8297236733478575,0.3175070779732753,0.268312955556719,0.8945233265720081,True,5
-0.91162324540459272,-0.39824000428786666,-0.10172491053226768,0.39450556753285793,-0.91722272627112833,0.055387973399798604,-0.11536210653232518,0.010361920505346192,0.99326945738800665,8.3500340546267218,-2.9174758075421749,-1.599344338145529,,0.07094831299580334,0.4074074074074074,False,1
-0.87826222490705153,0.47808293758277493,-0.0096004736101659299,-0.4738162862164832,-0.86736734284340622,0.15222358386527324,0.064448360858399889,0.13824108420072823,0.98829945432630462,12.134151455646979,-14.827251564441063,0.34285576973736487,0.2717930567790762,0.266375556632633,0.4444444444444444,True,5
-0.86336542594247545,-0.50137763780555911,-0.056750379696403029,0.48687828013889872,-0.85732101201880373,0.16718320095046338,-0.13247521132708695,0.11670966823520908,0.98429120270592252,6.4928055664132298,10.915307677153786,-3.9228988327061654,0.4760879435904287,0.4653830943452895,1.0,True,1
-0.55259185708045599,0.83334670975047143,-0.013247672868761912,-0.82033485112973215,-0.54101735633197512,0.18534009865520745,0.14728534044613639,0.1132849570579671,0.9825851347308493,-6.6631054838096864,-14.524296884975525,-0.4979140510297953,,0.1407938210631651,0.3571428571428572,False,1
-0.25559164768329812,-0.94819877225626281,-0.18865841599635344,0.94106731056940485,-0.28871956578135544,0.17616279207793473,-0.22150671911299841,-0.13251452987028259,0.96611317802887553,18.402585969773074,-6.3390793271914605,-0.61336746327184954,0.2928924043687753,0.3243041008152367,0.375,True,3
-0.56098335968591151,-0.82481656550506677,-0.070535830780766501,0.80630202592681555,-0.56371362699648198,0.17917586256185214,-0.18754922858231074,0.043641494095605908,0.98128523215795072,5.4720901327178826,0.82445813896553299,-2.2831657267410828,0.2891135422977248,0.2716457104399045,0.7888707037643208,True,5
0.3736674018289855,-0.91019181272576233,-0.17867158939620775,0.91729735419099068,0.3340331310738836,0.21676584449397635,-0.13761626649704045,-0.2448933061395703,0.95973383383282229,-4.4197922767486268,-11.218346159935175,-0.82989422753256503,,0.4389776949642418,0.6964285714285714,False,5
-0.37716689803292974,-0.92412617704656164,-0.0611223357335553,0.90416049890783223,-0.38170532728245876,0.19181979913171679,-0.20059641881887777,0.017083677048545957,0.97952499954597538,-6.8639482887435079,9.1974075046496893,-4.2104408224645766,0.4616942536050934,0.4061367019373854,0.8657718120805369,True,5
-0.99909475760317201,0.014404314991027361,-0.040027253709169951,-0.020399643754903638,-0.98791163349489775,0.15366996759326618,-0.037329878978266409,0.15434740073963577,0.98731117689428904,18.301366362436116,-3.0963669698185492,-1.1547374947606031,0.1942088717260349,0.1745024899555501,0.4761904761904762,True,4
-0.59795735169692288,0.78809508544385343,0.14612714275879132,-0.78934524746798107,-0.61066516865221021,0.06342028141438491,0.13921596837760578,-0.077422142144308009,0.98723083726880834,24.730982767379015,-1.6960861553547282,-0.94018537587796813,,0.2613710900180836,0.1428571428571428,False,1
-0.99267939162259966,0.11711737824258417,-0.029515168326947075,-0.12020065454523118,-0.98186255400141897,0.14662103429149645,-0.01180796742384195,0.14909542167147077,0.98875230828652083,4.3093998885221128,-6.8611890157316999,-1.1598409521392461,0.3461650073323462,0.2870072259973761,0.8455284552845529,True,5
-0.05777389629979298,-0.93270164328215877,-0.35599132226095498,0.97939054155382854,-0.12208001655944009,0.1609056763192247,-0.19353641523300219,-0.33935838603990498,0.92053220573924055,13.023551650227249,-2.1196872213168532,-1.4734092533036716,,0.4284455086576481,0.303030303030303,False,5
0.99207503646817974,-0.11709049496677497,-0.045573435300565672,0.12475517612614623,0.96109003659615699,0.24645909921390829,0.014942156684811206,-0.25019144178814839,0.96808107842761459,-4.2130245784027167,2.4695863410138053,-2.9994125868793802,0.4293360629570618,0.4039699063895806,0.9393939393939394,True,5
0.70057583888393316,0.6908974013857212,0.17847765891151007,-0.68701419440378531,0.58544918778827848,0.43041926676876963,0.19288595246879331,-0.4241580239445023,0.88480787748736922,11.547259426411124,-7.5323592096004139,-0.80464371254482669,,0.3250952437029443,0.7763157894736842,False,3
-0.1227505181478704,0.98508237166011681,0.12060278329669563,-0.98005456371114241,-0.13945742853925483,0.14157922790502034,0.15628615563571976,-0.1008183845818757,0.98255294558965578,-4.7224372696118273,12.189297433728491,-4.6139608335537883,0.5824551444175213,0.6228828023631129,0.1557377049180328,True,5
-0.91715961767734566,-0.39517496493056153,-0.051526525150414407,0.38418944721721177,-0.91111813302491906,0.14920528248061829,-0.10590894366803985,0.11704911262080268,0.98746280987478419,9.5077363421492684,8.967404637872427,-3.4209314448374464,0.3672975275551871,0.3760978375140742,0.6862745098039216,True,5
-0.81239384454902341,-0.58019726739475741,-0.058201136127346842,0.56421522520467449,-0.80734733897318922,0.17277573296082138,-0.14723254051362467,0.10752397481755813,0.9832401404811224,7.8401095130908462,1.9625491891754721,-2.4054948783181387,0.3226321716443551,0.3045119896376399,0.9658703071672355,True,5
-0.85657320785669255,-0.50945117680412644,-0.082108696463812914,0.49817928963546115,-0.85789806243367894,0.12581061104233984,-0.13453525545522635,0.066861146605711602,0.98865052071708681,5.7682254200998244,22.685910269798381,-6.0669641971823651,,0.4876472848035299,0.8620689655172413,False,1
0.86381489992315974,-0.467691262107991,-0.18731978544343736,0.50050359203179251,0.75410406470992664,0.42523312894368814,-0.057619207162316145,-0.46107693819556922,0.88548748383598552,2.5389018417611693,7.5065142955504811,-3.4842346673351026,,0.2907461909617191,0.15,False,3
-0.93026384108834037,-0.34011444998170293,-0.13759123110580396,0.35090290086323439,-0.93429110487734524,-0.062986391489247173,-0.1071276814335782,-0.10687512461145132,0.98848437904195152,-4.7597290464216613,1.3094111509158779,-2.8026581073029151,0.5897102179903989,0.6487530241223693,0.453416149068323,True,1
-0.66138484438862966,0.73328868408300218,0.1576635449583961,-0.74450767797148387,-0.66733187556699425,-0.019403228951588358,0.090985740940756149,-0.13021472131851139,0.98730224414684931,-7.6523647582364731,-4.0615499192870441,-2.0224031783068734,,0.4851819353955386,0.1764705882352941,False,4
0.54795690647722417,0.82081295880813132,0.16127403788754463,-0.80773761941610689,0.46905819201473453,0.35713351940677662,0.21749291212338967,-0.32596088593036915,0.92002518118776389,-3.688309484537859,23.844343164549429,-6.6949826361523295,,0.2333733277490583,0.2,False,4
0.96157335492238682,0.27027514831249411,0.048249635314327403,-0.25952379219454191,0.83746598170079956,0.4809346429390185,0.089577253743740773,-0.47497586643804984,0.87542780508340823,-10.247078805664772,15.173320224633322,-5.4573956708915796,,0.2156703373555865,0.3,False,1
0.97745028197061212,0.21018449895756877,0.020332797975872792,-0.19796762764515766,0.87859364847896737,0.43460559045756186,0.073483091117073074,-0.42883059271741975,0.90039133606977084,-5.4167637190678031,24.862120783537346,-6.9529875915763482,,0.3790008454858365,0.3636363636363636,False,3
-0.964218429834794,0.24758732648844353,0.09478045858313501,-0.26350856176333332,-0.93427991653970632,-0.24017550963405682,0.029087066616350889,-0.25655711510863266,0.96609129446589648,-4.0639859557199891,9.5944803693338034,-4.1344177542533886,,0.5421605656607694,0.3145161290322581,False,2
-0.97588312795269183,0.21825722221047392,0.003988173797374546,-0.21692321450897467,-0.96755072664387465,-0.12957588656074776,-0.024422112610576446,-0.12731604896429263,0.99156148780181974,16.965418614783449,-4.1906435363349717,-1.0759732652420517,,0.4117217973521334,0.2,False,3
-0.64100319272930351,0.7675089101448358,0.0067066950972358708,-0.75635167291758787,-0.63312312402329418,0.16458206676838213,0.13056436644661915,0.10042501020797774,0.98634059205688274,12.905842186989618,-6.6549039521392013,-0.89340016494630181,0.2911752641726779,0.2631784829649479,0.819672131147541,True,4
-0.99743768771258257,0.071473715001523802,-0.0030930881748370415,-0.067429844921322285,-0.9536899537881981,-0.29313595490377964,-0.023901362816015372,-0.29217628258868866,0.95606576381972364,5.9839668962523831,-12.912271489200903,-0.18264177399557013,,0.3745616794779633,0.4117647058823529,False,1
0.4448535954899478,0.84874388900676989,0.28590048872523915,-0.86605372944420211,0.32634436318775195,0.37874832584629398,0.22815831410548154,-0.41609273904893529,0.88023327374923732,10.900491750950408,11.843989296422896,-3.8730310030967114,,0.2286731207215123,0.1666666666666667,False,2
-0.43913538686678194,-0.89379853485732108,-0.09101808110627152,0.87852802335333324,-0.44840360917298611,0.16468975518691281,-0.18801229796012525,-0.0076408355267054626,0.98213695249094812,20.087492646901101,1.1010451381854027,-1.695597612948754,0.5505242173206212,0.3981241893513262,0.1875,True,4
-0.95386466544511994,-0.29126894614605203,-0.072832692015598,0.28221277855021137,-0.95260570752821883,0.11357074274491877,-0.10246046866104036,0.087776802149721986,0.99085674310978455,2.5719178682885846,3.6637326562870642,-2.8159173633020531,0.2628522979319767,0.198806373087002,0.4007782101167315,True,3
-0.072418950543675503,-0.99025195601044158,-0.11898133979598888,0.97968112222502679,-0.092996736544757597,0.17769779331195479,-0.18703046371665205,-0.10369508478959283,0.97686587361439448,-10.351495643884302,-1.0337767639174738,-2.6691360757583436,,0.133811462852631,0.3333333333333333,False,4
-0.91541333053854212,-0.39272926929590762,-0.088216525156216141,0.38609859427994547,-0.91868307877187771,0.083362319265211954,-0.11378185166090821,0.042250701964908426,0.992606955655706,3.8626160333109172,-2.6698603304058262,-1.771776185325959,,0.07748796611607181,0.2258064516129032,False,1
-0.89380345871984068,0.44840722993918658,0.0068068582118484891,-0.44384450346508603,-0.88667659776459828,0.12964053270651402,0.06416723403951631,0.11285196992016967,0.99153769417045157,-13.370959353716499,8.4557489661488834,-4.4129698310840935,0.3433847744249144,0.2979092612511145,0.2941176470588235,True,4
0.32440038784264025,0.94540181703013659,0.031301640910035879,-0.92883135283295448,0.31210392413693078,0.19965835452801087,0.17898800619608135,-0.093843193117270074,0.97936548272006529,-8.918052930603217,1.6295355913085667,-3.0649245446692057,0.2327138747300904,0.2441536799413307,0.7222222222222222,True,4
-0.82777961452870996,-0.53975952887113843,-0.153103105009364,0.5465842846554908,-0.83739876751327158,-0.0029872955829959857,-0.12659593018081969,-0.086156573516253415,0.988205704952968,10.111808963534308,3.14834469796864,-2.4785328268513704,,0.4498618147405753,0.574468085106383,False,3
0.34760435668405992,-0.89837582868438093,-0.26849968649872485,0.91967385783702105,0.27087579854799182,0.28429966052065436,-0.18267787612470338,-0.34575594311109148,0.92037037184925052,16.993966860816357,9.0270971343734239,-3.1638442285209467,,0.2765706782112357,0.24,False,2
-0.66322002730139828,-0.74310397176863807,-0.089082447923295643,0.72784331889377663,-0.66811810033965469,0.15447429281347186,-0.17430805640596111,0.037612380145441521,0.98397256584305737,19.573586418902149,12.391305764537087,-3.6508448169737635,,0.277410627548063,0.7837837837837838,True,1
-0.60168922992808582,0.79796436378953639,0.034970626395690672,-0.78441291802189705,-0.59858989754938874,0.16243924584959188,0.15055379314025616,0.070306533649242664,0.98609864957686044,16.70374989523361,15.248178034081601,-4.2920317824011383,0.2004209710431051,0.2524373455849507,0.3043478260869565,True,2
0.50551035806800515,-0.82154028848269067,-0.26368699680821228,0.84880181289275536,0.4186383429572933,0.32292014529283131,-0.15490242191756998,-0.38705747920140821,0.90895090487788255,-8.7057452967529798,-6.9404493882258773,-1.6471335767037008,,0.449528597607259,0.1666666666666667,False,1
-0.50118342134092853,-0.79491348340500345,-0.34194697260529283,0.84378347271130605,-0.53657801095711966,0.010653137404069646,-0.19194954897641786,-0.28319002817582506,0.93965886288031431,15.04695105913472,1.6492440369980559,-2.0423436184095429,,0.7430052017252817,0.2941176470588235,False,1
-0.74001763009132604,0.65127072845436629,0.16798912289948437,-0.65332350593795796,-0.75538929633669216,0.050551039246425539,0.15981959749340421,-0.072342582470340117,0.98449187250000669,15.456029667135367,-3.8801456663507738,-1.169187404560746,,0.3665573457205238,0.2727272727272727,False,2
-0.60118248019580267,-0.78118614257134478,-0.16830875247629234,0.77805056427430264,-0.62024409979717676,0.099672343702902372,-0.18225516436595937,-0.071031453042243758,0.98068220527377992,12.271967949933613,6.598063052174906,-2.9798372264677075,,0.4659080730509634,0.3863636363636364,False,1
-0.74713324403594983,-0.6380443812340949,-0.18625596160101307,0.61976729750051851,-0.76999660872388387,0.15163680128063051,-0.24016746783280335,-0.0021424587087880212,0.97072910601540097,-10.202178782348529,-8.2990957970744077,-1.5150503861242617,,0.3392472221478557,0.625,False,3
0.90795303801505567,0.41738883424617512,0.037521218075227791,-0.4018480994249341,0.84173478590598516,0.36055603612250409,0.11890914913411016,-0.34244577854373265,0.93198256582930639,-3.1729936620819763,-0.10873672495256428,-2.4471585256952966,,0.6302337598191059,0.4625550660792951,False,3
-0.47043257318374215,-0.87131088673006873,-0.13968010865325514,0.87688868283096844,-0.47930241418896335,0.036543585970746251,-0.098789837588149326,-0.10529261331305985,0.98952212384110627,1.1251396412128081,-16.724550998218415,0.124059196618791,,0.3718145281430225,0.1917808219178082,False,3
-0.93696753769286578,-0.32240548071650493,-0.13470909142936988,0.33363017784920845,-0.94004935028202286,-0.070697407750577368,-0.10383996214402512,-0.11118419419281295,0.98835992291453278,-14.958944664541432,10.391069733495408,-4.8227226751708177,,0.5246845115058432,0.2105263157894737,False,1
-0.87333419944250701,0.47991241788986166,0.083495192910863963,-0.48264064331987677,-0.87569010147329451,-0.014995185809686479,0.065919538074012379,-0.053393982215210786,0.99639535183746752,14.343113046173983,7.1342380440995656,-2.937308101852417,,0.09508258675535983,0.1111111111111111,False,1
0.99426534169445491,0.1043841234784815,-0.023246184005947086,-0.09095085441735519,0.93972008475372493,0.32962722034323222,0.056252754474445832,-0.32562266056907319,0.94382493638277865,-4.5807174619557642,-16.923383248599585,-0.1160495570108044,,0.4065586197834626,0.5263157894736842,False,1
0.99088875925764575,0.13463788783199912,-0.0034793587024927602,-0.12800839791705199,0.9495008969410611,0.28646447732804409,0.041872626375142011,-0.28340904337769074,0.95808454600425996,15.36295983298573,-13.311727596483994,0.26332077870950205,,0.1913110122740888,0.1333333333333333,False,2
-0.064252989255571311,-0.94827270973179922,-0.31088650879321794,0.97875870678471544,-0.12065876849567247,0.16574937549873558,-0.19468679273344813,-0.29363298446022695,0.93588285761207579,-3.1053802128577321,30.155735555638653,-7.9275087631512307,,0.2965999246681844,0.4166666666666667,False,2
0.28176322543906374,-0.83271244006052936,-0.47665446285397761,0.94197405388603528,0.14559846373646035,0.30246647609791522,-0.18246743982333796,-0.53422006656996812,0.82541780564650691,-2.4007897851370923,-20.991577959001379,0.41692206645318042,,0.5355141703122186,0.1136363636363636,False,1
-0.40110527692996578,-0.81143216495934467,-0.42507928494379227,0.89656935811623339,-0.44290302074204735,-0.00054800056043943779,-0.18782423407531881,-0.38133286756711626,0.90515595408032279,14.147550440082922,1.3872025271485884,-2.0306606232996804,,0.4978347161955666,0.3,False,2
-0.10328362697382243,-0.89351313215950789,-0.43699745429194181,0.97360846280351243,-0.18071377898040186,0.13938827513103058,-0.20351671566855054,-0.41106789310906783,0.88859672163381187,11.059588567381578,12.646122731458465,-4.0530529431307611,,0.4261835081576567,0.2105263157894737,False,1
0.3318974219663321,0.93934392349230444,0.086470195386535748,-0.92132784719926508,0.30312034393536097,0.2434605821640865,0.20248234310000904,-0.16047133853305956,0.96604857550857048,-2.5862162815354743,33.901049659113589,-8.6218181763301676,,0.2568103685336655,0.4761904761904762,False,2
-0.12094527554203728,0.94661245746578326,0.29882619646652664,-0.97258283180223382,-0.1732400721861776,0.15514674560710584,0.19863251397394316,-0.27186896247920334,0.94161159276682271,-4.6025907809894173,-17.997133613362106,-0.040637378478859149,,0.4868170069283393,0.3571428571428572,False,2
0.65786779506717508,0.70988812878762353,0.25153291796474797,-0.73250494044287606,0.52547613378738578,0.43279480709297047,0.17506135050385357,-0.46897087055196607,0.86569038699381384,9.745489287553939,13.742543029165036,-4.2597608836778784,,0.6394133762426674,0.3333333333333333,False,1
-0.92583221676140648,0.37730297016524772,0.02184433819419971,-0.37565065191841207,-0.92504331727304989,0.056404333891500638,0.041488481774252427,0.044015109598341186,0.99816901174456085,9.3017239866029424,-0.93943738138565736,-1.8258151962272922,,0.0974801596874704,0.5,False,2
-0.59668715995332178,-0.79025610646478861,-0.13949809798685564,0.7900926957673492,-0.60895491524053236,0.070195749867623419,-0.14042067241656547,-0.068331525663546638,0.98773115641786369,-14.830621115242621,1.1651972576170189,-3.2769139700854923,,0.3200870256997786,0.1153846153846154,False,2
-0.57757441143433963,0.78295085521898822,0.2310752205844061,-0.8027329551033815,-0.59618340017083049,0.013607209550120208,0.14841698705764647,-0.17763251862371143,0.97284073017124839,-0.81816936785463268,-16.484974117833239,-0.085115610955980261,,0.3671808112721801,0.1666666666666667,False,2
-0.090620783118701406,0.88665891219964188,0.45345765743220401,-0.97632538822458292,-0.16889778381352771,0.13513798478221256,0.19640929197742138,-0.43047591342585884,0.88097325611229604,1.4387520943593082,2.1268285246279701,-2.6103331123303111,,0.7302584151444821,0.1722296395193592,False,2
-0.83559953134332321,-0.50040111673673959,-0.22665424237688792,0.5354038845634882,-0.83419426008182618,-0.13214619495415064,-0.12294756448642705,-0.2317728603938721,0.96496903451442273,2.9821670646188871,-14.454128407417413,-0.094534134372901577,,0.5021596278522822,0.1538461538461539,False,2
-0.97640070943492208,0.21477574208279937,0.022650280964329195,-0.2158426325490593,-0.97401343125201045,-0.068627936840449738,0.0073220618183693215,-0.071897262489386729,0.99738516685243495,10.596102279250079,-6.7032477396630679,-0.92886362218457597,,0.087076257991299,0.4642857142857143,False,1
0.40417254653692131,0.86560351325716745,0.29559281192665859,-0.8980119586061458,0.3140970214647586,0.30808697360862369,0.17383634495183686,-0.38996617666640743,0.9042716993415032,10.487435578882664,-7.4890516107247027,-0.84877743367981895,,0.5119440566444635,0.2307692307692308,False,2
-0.71044881275414962,-0.62127408923714833,-0.33057675432306494,0.68063550858656319,-0.72598788990967678,-0.098371175430643332,-0.17887925790133091,-0.29488996209950513,0.9386384401597998,13.029120400352472,14.067759651866199,-4.2365129173557037,,0.4954851702040673,0.24,False,2
-0.4274881644520378,0.87372001626382578,0.23209309001641676,-0.88864531672604874,-0.4532814805160208,0.069608910938656607,0.16602219825760964,-0.17649145192089433,0.97019966866855123,20.49931181899402,-4.6274695819384988,-0.7721741414511758,,0.4024462153401977,0.3333333333333333,False,1
0.10600444701008196,0.92693807743192358,0.35992896218684095,-0.97330737214528407,0.022624602020165835,0.22838758002805545,0.20355789481552666,-0.37453161146989816,0.90459397271263775,10.034584077017717,-9.1464713163320432,-0.5727100563587959,,0.2852702951858309,0.4285714285714285,False,1
-0.94923597927909187,-0.27121133536434916,-0.15935955324972303,0.29915896557165339,-0.93492827543814339,-0.19082199324071303,-0.097236664690655866,-0.22880894072598429,0.96860285963014336,12.644181822318789,-8.5021802709806611,-0.62613830951267047,,0.7665766686176754,0.4029850746268657,False,1
0.5456156071630045,0.83661585895878854,0.048759755524347519,-0.81666001375806174,0.51774066031089794,0.25497260752778472,0.18806921903604604,-0.17893717668356002,0.96571810361600241,-3.4133808969487673,-5.298803955715111,-1.6136496225937307,0.364032405145973,0.3413822322061753,0.6850393700787402,True,1
-0.6847442350545746,-0.68491200871498847,-0.24903990217940225,0.70840489962498687,-0.70577391608681728,-0.0067585174995224706,-0.17113687722650117,-0.18104894280132927,0.96846964307802819,11.448023553649556,2.3315812301807322,-2.2725140422960539,,0.292782239738784,0.2916666666666667,False,1
-0.84206960806737696,0.53786978463537527,0.040185444448822945,-0.53375998009995007,-0.84171359741334617,0.0813541859598165,0.077582593492065685,0.047056505456511813,0.99587480462218048,10.829171241051245,0.35071932724140253,-1.9970035813833258,,0.1674723369791108,0.3636363636363636,False,1
0.032799336107658228,-0.90585552073769737,-0.42231502353093292,0.97933963557958303,-0.05523252763991162,0.19453340606013303,-0.19954468605740186,-0.41997040781410061,0.88532862532887246,16.894277291284304,-1.5250372836344095,-1.4623497004695167,,0.5790966773272463,0.1818181818181818,False,1
0.8510401033538908,0.4968667794131531,0.16986508175314016,-0.50713941105257232,0.69385213850752914,0.51125221529669662,0.13616299145013699,-0.52124141566469029,0.84247672155093989,-1.1002452295342087,-24.965212781859801,0.91954428317162251,,0.3115329974443947,0.2222222222222222,False,1
