axis_00,axis_01,axis_02,axis_10,axis_11,axis_12,axis_20,axis_21,axis_22,location_x,location_y,location_z,dbh,dbh_approximation,score,reconstructed,number_clusters
0.15964536526933215,0.98466730864703966,0.070311084686680431,-0.97969363129453257,0.14928139091703724,0.13384862766127961,0.1213002314464186,-0.090251634930735153,0.98850437340629671,-12.241034449711588,-7.1578725036428485,-2.9768991263965083,,0.1298358455357775,0.4210526315789473,False,2
0.075898050802086212,-0.99594869014348042,-0.048225434014954258,0.99153592010866343,0.070275633138512664,0.10916892653703553,-0.10533757648014982,-0.056102958820974401,0.99285268443652885,0.47009839563494848,-10.091527582891489,-2.1902720268076163,0.4644578158070772,0.3852590252801993,0.9116465863453815,True,5
-0.78206774532932921,-0.62203160405574121,-0.038035841930236805,0.61881652617867511,-0.7823481814638823,0.070692502348657135,-0.073730242395217832,0.031749118349952268,0.99677271473508167,-6.3479554907759201,1.4686178762144073,-3.1024407522552804,0.3846994992098444,0.3348644544819284,0.9195561719833565,True,5
-0.96893041898300358,-0.24436442908892811,-0.038208231645325184,0.24358183393083915,-0.96958289019946287,0.024018934434005434,-0.042915420868375131,0.013965845069243546,0.99898109182466088,18.880416941184635,-15.656197132878743,-0.77826487567472247,,0.2390176599534751,0.2962962962962963,False,5
0.69634735962699323,-0.71663689312635925,-0.039139725991825941,0.71306801575667811,0.68462981750381757,0.15104971992534252,-0.081451578531970922,-0.13309236039266042,0.98775101314033653,10.848965353439894,0.22470368254461975,-2.3290454816264194,,0.1217244655127113,0.5,False,4
-0.16557776385556139,-0.98332541071528123,-0.075200669931966141,0.9815135209037209,-0.17173413091371736,0.084490215779651545,-0.095995897827844068,-0.059820773322774093,0.99358253943962427,19.617631189349137,7.2688308184519919,-2.7806219544978421,,0.1934786640853181,0.76,False,4
0.036877900132915628,-0.99184891720647461,-0.12196616710436314,0.99375443371320904,0.023535480968284769,0.10907890085130921,-0.10531925729478413,-0.12522702013516987,0.98652219816430875,-13.150741692708072,4.8506341907073178,-3.6274772437049463,,0.7550983882621701,0.6666666666666666,False,1
0.91692319300482394,-0.37850796121359975,-0.12642618964345537,0.39619789332000754,0.82554743003552977,0.40186897129601906,-0.047739789050923714,-0.41857277032752255,0.90692764236278356,8.1755603315048777,13.392949198550568,-3.4621101779822614,,0.396721533065269,0.6764705882352942,False,3
-0.50319533551836926,-0.85344524685378564,-0.13574116890330556,0.85933987853411209,-0.51075866347590182,0.025701378276024686,-0.091265697134973456,-0.10371498593255631,0.99041091180351826,-1.3912360696811528,-3.5291331343013366,-2.6036118842840548,,0.4150819471498808,0.3422712933753943,False,5
-0.97174572215029886,-0.22056630323015458,-0.084028312859284499,0.23397194890865358,-0.94707410571133732,-0.21979027597907358,-0.031102710596999626,-0.23324052857609109,0.97192153861464825,-3.5384217894082099,16.476582605066525,-3.8085830704726753,,0.3852743949574552,0.375,False,1
-0.82069241200620557,0.56374901901139618,0.093010797433005124,-0.56874618523758003,-0.82161009090549675,-0.03853096546883393,0.054696815749507049,-0.08452160721347203,0.99491927122803037,-5.9224311037127846,22.167080047459976,-4.3871453999421544,,0.2193393544069903,0.7,False,5
-0.94495637219122841,0.3236182738898738,0.048256268605561044,-0.32673518454547656,-0.94113310560891239,-0.086675236988183468,0.017365881354737829,-0.097671338331482865,0.99506720166695828,-14.94962350682813,-2.9509858375530476,-3.2660471360902141,,0.3469516896827921,0.4166666666666667,False,2
-0.97418527239200015,0.22574629925360423,-0.0012897394408696687,-0.22520861600677416,-0.97143781117416206,0.074764017397845495,0.015624798585472315,0.073124465088328025,0.99720042031414535,12.141228814708478,-2.1331440772585561,-2.1236739227665513,,0.09735815476138651,0.3809523809523809,False,4
-0.99916248472682478,0.029708726782856437,-0.028137531296447617,-0.024174015130459393,-0.98339060454957217,-0.17988478500445376,-0.03301433184223633,-0.17905393164230665,0.98328517910952062,4.3682075994469551,-6.824880346631252,-2.1869984452934719,,0.3488965970306332,0.3043478260869565,False,5
0.089145926297816744,0.91481304423662779,0.39391635903960476,-0.99568392166020658,0.071599020025317234,0.059051744078959183,0.025817280489178234,-0.39748040760008402,0.91724740043360986,-4.5830930427827585,18.107043378813707,-3.9881910171608812,,0.4906110067154181,0.4444444444444444,False,3
-0.066755903656093574,-0.99050204339168024,-0.12020545480120569,0.98868108609261252,-0.081889499956136258,0.12571324432877551,-0.13436278997472034,-0.11045275838040575,0.9847572436069556,15.773096907457893,-9.1434794870844183,-1.4799935932813331,,0.3778261868191949,0.8333333333333334,False,5
0.81080582167491067,-0.58515756046463208,-0.01358488016708949,0.58256587549218108,0.80453296333341529,0.11551498440454833,-0.056664982573917652,-0.10157430945389111,0.9932128369130474,15.915538964584727,0.33763214026069455,-2.2524560740677475,,0.1017798487562291,0.6470588235294118,False,1
0.18624208257713651,-0.97787617660626025,-0.095247414155207474,0.96111081297929779,0.16120879630118151,0.22422695906023027,-0.20391148043110519,-0.13330381547820289,0.96987122904401535,-15.719051069728039,3.536107471086074,-3.7344043391680688,,0.399222942454625,0.1666666666666667,False,3
-0.9987536963209166,-0.049430402024171101,-0.0069057541974862427,0.049044738123511449,-0.99764883605006593,0.047868712018877019,-0.0092556873166423533,0.04747036216081383,0.99882976375787824,14.810620657100095,3.4570594269258135,-2.4918935752158298,0.2968957941493275,0.1940338711460967,0.5,True,5
0.95323359439729005,-0.29934679577453233,-0.041679855709254893,0.30188134277379292,0.9363574272421652,0.17917149140844491,-0.014607169387519544,-0.18337465557692276,0.98293456867409568,-12.554398443731253,2.2842466527134464,-3.4630712731462983,0.426945799547323,0.3470327293600665,0.8414634146341463,True,4
0.26625142378556438,-0.94848017542272844,-0.17174264514741103,0.95731988230408216,0.23941254295681302,0.16192676499038117,-0.11246698305484046,-0.20752588056679072,0.97174286033781587,-15.089464755697062,30.142253616746732,-5.4470358563051553,0.6069333827556472,0.5453393861615068,0.9333333333333333,True,5
-0.93977904947048185,-0.34089656844953137,-0.024594060170926208,0.3390716088503245,-0.93895316684086205,0.058287173127271247,-0.042962567986676387,0.046437916607550769,0.99799686254674147,12.325795234542644,-6.1433253472752138,-1.8609254033547251,0.3362970857678378,0.2709237595912771,0.8481012658227848,True,5
-0.51517182683934282,-0.85532165217254141,-0.054980543429917067,0.8512997215868392,-0.51808135424449553,0.082948745682864103,-0.099432252600376997,-0.0040720644671083626,0.99503600207921672,-7.1936072581061081,-6.945871518302333,-2.6818922993878016,0.4175320787575623,0.3637426482068775,0.8617886178861789,True,5
0.69652330638757665,-0.69848694901329644,-0.16422930833750493,0.71085473188138559,0.64056487778179694,0.29045169566424622,-0.097677191916854936,-0.31904955635526128,0.9426911194918246,20.074191152955279,-17.570549098200097,-0.60057560431448009,,0.3531581281195476,0.2142857142857143,False,5
0.20992757451945437,-0.9672723274539935,-0.14252949869452691,0.97144912018903085,0.18987344249715393,0.14224866508420445,-0.11053063077869865,-0.16832207334753893,0.97951552273746478,-9.9338462135921564,23.622097845994972,-4.6589728985023813,0.594658737286997,0.5500004030624983,0.8068181818181818,True,5
-0.79571133008357764,-0.6041289479062173,-0.043263072918501448,0.60211341456399647,-0.79674635360022383,0.051523625909217066,-0.065596609506205411,0.014948656343461708,0.99773424442324143,-11.687338354350901,-4.4006192915283275,-3.1085171273987293,0.2499424459187208,0.2817344224301209,0.6346153846153846,True,5
0.78186910036487123,-0.62084630293206722,-0.056838174057682642,0.61913496544866831,0.7625345330971538,0.1876512200684638,-0.073161495703027685,-0.18190919154866891,0.98058984370459723,8.0818091496018276,-15.693185697648044,-1.3294890503872301,0.6375763235818539,0.3095055492535258,0.64,True,5
-0.69820286424603539,-0.71394940160977483,-0.052811100155911783,0.71244323805718712,-0.70017894102726652,0.046627063906358249,-0.070266584556416378,-0.0050697616296379068,0.99751536560185183,16.810666368891951,-12.921622040583289,-1.0872087442137797,,0.2459413789099383,0.7560975609756098,False,5
-0.96974727788865456,0.24196840247866122,0.032272422119660381,-0.24239957942081461,-0.97012356108505871,-0.010135093697502415,0.028855864640608946,-0.017651301072996058,0.99942772157183701,9.4972117467217583,-2.4946887912663507,-2.1799787866602216,,0.1995563594091811,0.2061855670103093,False,4
0.53466705244463608,-0.79719515936986785,-0.28037656982604103,0.8428676256605433,0.47917243196433895,0.24488353570368937,-0.060871246442995887,-0.36725149192703505,0.92812770297725955,-11.211122558664021,11.620546537007515,-3.8548434177325892,,0.5128732330369503,0.1818181818181818,False,5
-0.18268840451564117,0.98035077200269505,0.07441310831600316,-0.98266376266795652,-0.18450102303545843,0.018201704264271992,0.031573349438794779,-0.069797824698116503,0.99706137588045562,11.326352100590345,-19.029835478687701,-0.85750854579434788,,0.3033229164114283,0.8928571428571429,False,2
0.99901010730408524,0.04406332417828198,0.0061015544444216925,-0.044362033230473448,0.97671929697723892,0.20988431318215606,0.0032886945642574966,-0.20994722759457118,0.97770718833064485,-17.930849571314216,7.2532186331919544,-3.8509164088015284,0.6905980207264354,0.26831531855604,0.2666666666666667,True,4
0.071330053911512911,0.99530496087005726,0.065422154324328297,-0.99283123198022938,0.064540139565535837,0.10060176533979326,0.095907081144211342,-0.072129087421904325,0.99277350213131832,-8.4830231563142746,23.768191198374943,-4.6177130269520505,0.2196329302388288,0.2649754006316412,0.5,True,5
-0.25104372404784031,0.96016835304015624,0.12269385655503023,-0.96438827117613835,-0.25899864816786361,0.053618678323128798,0.083260501043963098,-0.10486388352227724,0.99099508318585283,15.559246758740908,4.4833344416654297,-2.5983736012629683,,0.2019482666887708,0.1764705882352941,False,5
-0.89365458866788106,-0.44694097794181609,-0.040314245487853007,0.44575594263708801,-0.89446157380902336,0.035215516222373983,-0.051798800725141966,0.013500193165291821,0.99856628674712355,13.54145663465985,-7.7999599879905572,-1.6756562749649226,,0.106670016550653,0.3928571428571428,False,4
-0.97388808666389981,0.22702827936367953,-0.00039372997651353908,-0.22678212258677474,-0.97274842220703672,0.048273967816590775,0.010576555638029079,0.047102733072374059,0.99883405478985754,12.997153755838145,-0.33085898660210766,-2.2254266065214381,,0.1301818633945878,0.2222222222222222,False,4
-0.95500959256775264,-0.29432562011739188,-0.036456925900149408,0.29420811701380928,-0.95570206643500066,0.0086685693779074424,-0.037393341476323713,-0.0024473566114542461,0.99929762756590834,3.0546193891600586,-17.265346297490787,-1.5486375878708831,,0.0929135048221012,0.6363636363636364,False,1
0.98639553773938671,0.16438238171016264,-0.0015085460284007431,-0.16280181879121866,0.97810115381285401,0.12966765482661441,0.022790588542128707,-0.12765800207294964,0.991556364298392,-4.7883754206440079,-7.7937039935078234,-2.5761992745154818,0.1761872297618668,0.1537512785433716,0.4375,True,4
0.79084051800121813,-0.61071173450666516,-0.040030643554968479,0.60904520198920975,0.77886486171989588,0.14977806619118147,-0.060292760937671601,-0.14283103484154852,0.98790894239530236,4.9310134130343259,4.8175221939879806,-2.8404273065710113,0.6255490323153886,0.6384346389555904,0.9887525562372188,True,5
-0.29223947009414897,-0.95032768343502982,-0.10711389366511335,0.9488276168458073,-0.3021338248457634,0.091876576964838905,-0.11967558493609864,-0.07478265829107586,0.9899925799667002,17.530176405647573,-13.955506481068324,-0.98733969518521392,,0.1597656816597162,0.3333333333333333,False,5
0.70819959621118145,-0.7013882366752322,-0.080671391335015413,0.69635861567058777,0.67511012759169442,0.24353848567417075,-0.11635295573238122,-0.22865007561060202,0.96653046129731679,-12.106163319346029,7.327902930111442,-3.7278387124511716,,0.3719047419936534,0.375,False,4
-0.19564722634677442,-0.97837484203075853,-0.06711804007942071,0.97408759166526371,-0.20179650950028852,0.10213487414819181,-0.11347037757309607,-0.04539644517788493,0.99250372098981632,-19.327095533267354,0.59562212897500644,-3.6562691340668563,0.3288875467918558,0.4047880529793791,0.7692307692307693,True,5
-0.64174397852289888,-0.70911402387937605,-0.29209924198326931,0.75634153043829511,-0.64822885267009145,-0.088016157041045928,-0.12693366521084298,-0.2774106265153089,0.95232934898202348,4.7408184965376963,-10.292360644356851,-1.9503769531878326,,0.3224645145953484,0.3333333333333333,False,5
-0.64260004610364851,-0.73114866341348395,-0.2291000059717708,0.74468443895785108,-0.66634473968601149,0.037812356007165246,-0.18030603739647688,-0.14630898769883643,0.97266819265200732,21.768967143777914,-19.523363859811926,-0.37280239051934388,,0.3683005475228543,0.3714285714285714,False,4
-0.56915895394569449,-0.82052403468043233,-0.052899845511951302,0.81810590985665521,-0.57156647960114559,0.063359921511702874,-0.082224116906528394,-0.0072158095941492785,0.99658774159169938,-7.4057262954279821,-10.920119989309198,-2.5728174522839344,0.4200466703107954,0.3971842476817229,0.6153846153846154,True,5
-0.80451223688433293,-0.5917123668747899,-0.051347206260924656,0.58941414053051666,-0.80604561341577086,0.053679046525315154,-0.073150746038849288,0.012920680346973405,0.99723719564270774,-13.836806040711167,-2.0552761938731532,-3.2489543614411382,0.4358639722775877,0.4078532365518397,0.925,True,5
-0.49226727681270488,0.86409406058276139,0.10494942898843386,-0.86754115250159602,-0.49688513040732024,0.021852137110654646,0.071030112597448652,-0.080290856551010564,0.99423744722209029,-9.0819580616456239,-4.7274889265457309,-2.9694274013529482,,0.5191158929024009,0.2926829268292683,False,2
-0.54751288638189632,-0.82484534935006948,-0.14092476326511255,0.8324311663294639,-0.5540579922831631,0.0088371098510740126,-0.085369740360002333,-0.1124717335276457,0.98998086677882491,-2.7700946454721787,13.833494609240578,-3.6534530944626362,0.3157039238795835,0.2100998841609697,0.2950819672131147,True,5
0.97815862569535827,0.20588671442245049,0.028572080814940951,-0.19930440415823172,0.88996444494434768,0.41017196542185991,0.059020822265531778,-0.4069077875381934,0.91156052732655812,9.0970973757205122,6.3258137478719929,-2.8344267360240583,0.8568595978857146,0.5035185747564874,0.1304347826086956,True,5
-0.062667340614066008,-0.99267412042256387,-0.10330002450943537,0.98708097374851023,-0.076939180364771417,0.1405400789401034,-0.1474583184634016,-0.09315821578415126,0.98467131122413631,-11.329040281550444,10.045605092050183,-3.7782443217453601,0.371104255359111,0.2663952380971429,0.3548387096774194,True,4
0.17039386651340269,0.97675564120583225,0.13005517147424653,-0.97974809107899752,0.15385233076070148,0.12815279297213875,0.10516467221302418,-0.14925775588585902,0.98318996843247131,-9.6011028209134732,-2.8281767839260596,-3.066570034074783,,0.1745301748928974,0.2,False,1
-0.9729240986924127,-0.23079947793913169,-0.01225965605468184,0.22941991509919557,-0.97081850834694949,0.069842153509756241,-0.028021433572049326,0.065138505003006344,0.9974827188611034,2.1587869660637571,-7.9101272906504434,-2.2072061367666569,0.5488603927895768,0.464060099884438,0.7830188679245284,True,5
-0.97571349401443452,-0.21765188519278739,-0.024715065651789377,0.21685300664718313,-0.97569883694579917,0.03140944269951973,-0.030950785227895215,0.025287080785321492,0.99920098700868776,15.07938165654128,-1.9263573617907355,-2.1016537181744424,,0.1303203533153927,0.4583333333333333,False,4
0.95240329487014563,0.30438379005746385,0.016687488449224925,-0.29658664828033521,0.9125730294439619,0.28150812775709683,0.070457958970765636,-0.27305855467595758,0.95941372813606851,-14.176789941388636,32.41703025617096,-5.604828321206397,,0.2916392333959743,0.2352941176470588,False,7
0.85557225310349805,0.51275590594218989,0.071256583140135082,-0.51501620038330576,0.82910800617723346,0.21757349892749928,0.05248269297726231,-0.22284814339414169,0.97343940331365131,4.0004286718397735,10.304809174551449,-3.2444830187278448,,0.3538489280232681,0.6739130434782609,False,3
0.36332141850064548,0.93156780102755521,0.013378301363159269,-0.92545179311681935,0.35920622083049475,0.12045691982421645,0.10740821884540599,-0.056145551964145821,0.99262840555723497,12.398964972648887,1.2086695778969829,-2.3616596025232175,,0.08351992826639507,0.5555555555555556,False,4
0.094278103352374382,-0.99204868686636072,-0.083372909958863858,0.98998689068809087,0.084584621781002248,0.11301061022705501,-0.10505996142206399,-0.093192513888694956,0.9900896726363223,19.534801677078789,-12.517869424742289,-1.0418362401356833,,0.2585016132945329,0.90625,False,5
-0.96752108045714802,0.24946769102569394,0.040851315833658045,-0.25219706131659142,-0.96362833346830734,-0.088414236412285477,0.017308989985202708,-0.09584521934557276,0.9952457449264932,16.281785563870297,-11.860774866827793,-1.1975223391896948,,0.2861653486395833,0.46875,False,5
0.84923448013642056,-0.52779187534619088,-0.015379664039752786,0.52561262961039057,0.84223462190476861,0.11988413264057725,-0.050320585663078191,-0.10989348471808506,0.99266875677390098,-2.167620926954624,-0.49798464995338099,-2.8331494321787432,,0.4518884168945391,0.9762629336579428,False,5
-0.99850740925376147,0.054149796354501845,0.0071241294280792213,-0.054431753811541202,-0.97591168625189051,-0.21126657287415918,-0.0044875207344157071,-0.21133901720164838,0.97740251788395771,-16.602819845647993,-1.6558409958315528,-3.4133492983351976,,0.6164279440141298,0.1612903225806452,False,2
0.74188961748626325,-0.66352685841314218,-0.096601778609255132,0.66725561743907247,0.71637031761769077,0.20392034972589351,-0.066103982195385408,-0.21574446968743924,0.97420972451377097,-8.9051667816932536,8.4694810267918186,-3.6435425360612004,,0.4660764940859776,0.2173913043478261,False,1
-0.9043564067005504,0.40690261944711148,0.1287235329951319,-0.4127188887005997,-0.91061448062820149,-0.021080478646706854,0.10863981116244523,-0.07219089940782919,0.99145643649798243,-8.3374682961784217,-1.6695452174616363,-3.0402558824872807,,0.3297081286555129,0.1569506726457399,False,4
0.98690413304940572,0.15494200045205231,0.044868793898634199,-0.16090053437084065,0.925807665567563,0.3420397409885565,0.011456448366742138,-0.34477984696361974,0.93861366222667175,-1.2832488098811439,-8.859465783400438,-2.3305917932802482,,0.3131769203486139,0.1851851851851852,False,2
-0.75545499891175427,0.64461032048522082,0.11732552724442906,-0.65081940460697618,-0.75894789213266201,-0.020789411112658016,0.075642892635483142,-0.092063194335907983,0.99287588400686133,17.684897185575693,6.1050223630587324,-2.7063735268676186,,0.2137789641463358,0.2222222222222222,False,3
-0.43024288929737758,0.87405215672583325,0.22566320819301472,-0.89968824311451012,-0.43563448283851886,-0.027993973700466315,0.073838481908626172,-0.21507074344256083,0.9738030878491265,4.683152561873265,-11.328247602633523,-1.8520410669885821,,0.3600909756271456,0.3666666666666666,False,2
-0.7258145927291958,-0.63781205964760557,-0.25766053937192307,0.68353637380316901,-0.71079236185371453,-0.16598868641697345,-0.077273557374860816,-0.29659736158384264,0.95187121105333194,23.601784243923642,-22.681735133269118,-0.063554132162524091,,0.7948104125189313,0.3928571428571428,False,1
0.9990299708251138,-0.013298202648413252,-0.041979461638927754,0.027369348547644529,0.93432786050910066,0.35536230503046379,0.03449690063252088,-0.35616654374436768,0.93378549836883928,-1.8653393140801524,-11.538631509994588,-2.2126380682882405,,0.4161974048076205,0.3235294117647059,False,4
-0.025407482855270804,0.99897898649009753,0.037355647045339946,-0.99515840676270462,-0.028823924869993051,0.093962369087864581,0.094943168603508321,-0.034787438915589886,0.99487467996186307,9.9810175994687995,-15.383503102086248,-1.2143301574433949,0.3251132507036593,0.4055468858739196,1.0,True,4
0.98725198192055497,0.15826395275184185,0.016912878326876265,-0.1574831375525908,0.9558820552790338,0.2479688645417461,0.023077815765984038,-0.24747124611739005,0.96862035739735419,-13.515683111614013,8.9580213277972245,-3.8076600116254524,,0.3420981928611301,0.16,False,1
0.85073829839294546,-0.51660224740147198,-0.096780502309223151,0.52227835005430467,0.81028659806030934,0.26582128219615125,-0.058903927814964244,-0.27669070635567239,0.95915201105162151,6.0914720956152815,1.0731291885813892,-2.5444961007386362,,0.3378456013942644,0.4578947368421052,False,5
0.69560971385096937,0.7151491907959916,0.068474527380700326,-0.71623321255438765,0.68290443724448557,0.14370634928844778,0.056009920819380277,-0.14900726323112706,0.98724856255867788,13.452211838768873,-20.096684101403007,-0.59157456550601639,,0.1593437553884571,0.4666666666666667,False,2
0.75777004964605565,0.6279602998177708,0.17734264493400828,-0.6483416222753251,0.6938618778111082,0.31338288936354319,0.073740712532590319,-0.35245078574634847,0.93292054910478173,0.86061213385165791,12.788289805809518,-3.4018289761550857,,0.7980245566314359,0.4848484848484849,False,1
-0.21513570009451424,-0.89532451183680017,-0.39001365238801372,0.97097481138045527,-0.23884451413063978,0.012696997061818108,-0.10452055400509694,-0.3759618552112618,0.92072153076626462,-6.2123492482172162,19.473800978178677,-4.1347502115218466,,0.360112928115182,0.2380952380952381,False,1
-0.9787368627716504,0.20347148410523208,0.025952044388108941,-0.20377457695926166,-0.97897080103351675,-0.0095964841931527461,0.023453682802111204,-0.014680799699258968,0.99961712614541032,16.4534679056081,-1.283066052327889,-2.1109710740193761,,0.1209555948983321,0.1818181818181818,False,2
-0.9941826093583197,0.10132414986251219,0.036528836610557613,-0.10768921842797227,-0.94137539194830977,-0.31971143812591007,0.0019928582122504396,-0.32178531366239238,0.94681056205945469,-17.758534488366191,-0.58117205912795478,-3.5066785313018154,,0.2772067146240989,0.1578947368421053,False,3
-0.053862981223111714,0.96892783797255877,0.24140758905962748,-0.99175934780740105,-0.080053192357613698,0.10002440917093265,0.11624188268605243,-0.23403062020850646,0.96525514425690806,-14.200760178728716,0.11833625911016499,-3.4384973051423402,,0.3115937917146329,0.4,False,2
0.70400764839957963,0.66892373560831375,0.23856711201402611,-0.70572973871051303,0.6213327950405132,0.34042780983159288,0.079490671745087699,-0.40802768747593915,0.90950241305812485,-13.800135563119644,30.473450224448914,-5.4346047051772643,,0.7156610863145749,0.4285714285714285,False,1
0.87673330592101617,0.43280990447775369,0.2097958457042563,-0.47766141595739614,0.73236922405538596,0.48525755157657058,0.05637625381649447,-0.52565283813793895,0.84882908277411684,1.5235922294631894,-9.7633409603311527,-2.1730268358364593,,0.4748977718834586,0.4375,False,1
-0.84849171500096399,-0.51276047454018447,-0.13091411430417765,0.52303474549913831,-0.85020541100077818,-0.059878327512125545,-0.08060064872799616,-0.11927889525948351,0.98958379158629273,0.89134331766208241,-6.1430004348992826,-2.3644983462558762,,0.3523522581570119,0.3069306930693069,False,4
-0.9334428972036759,0.35038353995481936,0.076913799728908411,-0.35383770026130429,-0.93458602962774662,-0.036712873742564142,0.059018976048390105,-0.061484373245367277,0.99636159716883177,12.468184652299858,6.0278530180173604,-2.7664831783379795,,0.4290053063992672,0.1875,False,2
0.58366030534511781,-0.79395950446675911,-0.17020268279713704,0.8079839883515002,0.54705724348567686,0.2188384036622833,-0.080638220045134185,-0.26524833197732245,0.96080216478274105,-9.9252477947503852,-7.8182296233995006,-2.7913872452146706,,0.3665146744655864,0.1875,False,5
-0.99693258919278505,-0.07172807277146967,-0.031312875656197885,0.076894965443118246,-0.9722041485195142,-0.22114759300283662,-0.014580016970888478,-0.22287704497757801,0.97473752668458979,-8.6068486353225087,2.4470012432557349,-3.2936237345331341,,0.2294074065740772,0.2747252747252747,False,1
0.078827719621482953,-0.99033375915533872,-0.11412815645813482,0.99136475209066732,0.065840626620554094,0.11340608536768475,-0.10479560549701825,-0.12208217463441753,0.98697204808699868,7.3089816276617299,5.6942462127032405,-2.817902170125512,,0.110313389437226,0.24,False,1
-0.0046955111748076444,-0.99816297055820025,-0.060403943424554588,0.99491661237897155,-0.01073949125657968,0.100127906898635,-0.10059267660798736,-0.05962673506053625,0.99313934867110265,-4.0593362619334838,-14.91862583121048,-2.1756238857225436,0.5182799007346822,0.4754634832412858,0.8769230769230769,True,3
0.82466796633841322,-0.49418418493331601,-0.27514493754576103,0.56298572716026274,0.67029838023674448,0.48347404528664029,-0.054496021039127665,-0.55360823044260477,0.83099224477555256,-3.9659020964110354,17.731009396535239,-3.9441019260772707,,0.6995446106523306,0.2708333333333333,False,1
0.97008781587023507,-0.22327163859179486,-0.095285911343972518,0.24201803965735108,0.8589790902307225,0.45120083225412216,-0.018891743713308668,-0.46076533935066621,0.88732091380319411,22.822696554937686,-23.186088660705298,-0.043315325054554613,,0.4881378951787262,0.3225806451612903,False,2
-0.97860896347483473,-0.19727794634928777,-0.058360161847939643,0.2038224914641355,-0.96824292758870867,-0.1447826824858548,-0.027944383694449456,-0.15358074442668562,0.98774089029526546,-7.8878488428047193,6.8415131099737305,-3.4520119601204948,,0.1136323397966061,0.1818181818181818,False,1
-0.57667444965109238,0.81398972058101793,0.069766137259034328,-0.81382313195334455,-0.57984475632361743,0.03836624117182081,0.071683254789799145,-0.034652465315493347,0.99682531951706543,13.28398097062326,7.2926130309163835,-2.8300340845438554,,0.1445899252651283,0.1470588235294118,False,3
-0.17995614834181378,0.94528399276666664,0.27212856831484716,-0.97836926443762096,-0.20069364806097345,0.050156176406976456,0.10202630581261249,-0.2572163148929078,0.9609528605895008,7.2908257438018467,-13.48404663055827,-1.6109156948598349,,0.3525866425754037,0.2352941176470588,False,2
-0.17602570996693415,-0.98194839321465821,-0.069226458047396078,0.97911185300881953,-0.18191887778662486,0.090804742180631851,-0.10175917024166789,-0.051796476405313131,0.99345971045821546,16.088579190723202,-6.2803344304431317,-1.7087221781610309,,0.1020794135255919,0.1428571428571428,False,3
0.97504594369949449,0.2219845833403673,-0.0028727050608434966,-0.2200154322728588,0.96796253854811554,0.12100303107474455,0.029641478319242753,-0.11735147517901959,0.99264798092594664,21.314229670149349,-14.542136207680315,-0.84299581348067876,,0.2459499710192478,0.88,False,1
-0.93213797100076623,0.36165792254540224,0.017954110357190984,-0.36098950749640302,-0.93201377515309536,0.032200906856484884,0.02837919125131521,0.023534442526210075,0.99932014465780772,-10.788224612932192,-9.5991913195069731,-2.7889106141159932,0.207265632356056,0.223486316807597,0.4666666666666667,True,3
0.11095098178610778,0.9667907215611764,0.23022940807794362,-0.99190944874946818,0.093345016205375081,0.086036930623694358,0.061688938410600767,-0.23791260717507129,0.96932557287267263,-2.7526763453327776,-10.69527103020852,-2.30200304154849,,0.3712401749398699,0.2545454545454545,False,3
-0.53472658338846657,-0.83078603694826003,-0.15447343405744915,0.84047656255441916,-0.54182796762317431,0.0046477196610577864,-0.087559287425176893,-0.12734604160767674,0.98798601046393875,-14.272894164379688,-15.481751363724086,-2.7004952195136451,,0.2428312176784405,0.3214285714285715,False,2
-0.88027813185449655,0.4740429081836855,0.019842675714509247,-0.47236536080164215,-0.87955241520068461,0.057083402398395322,0.044512655430695484,0.040876278150003775,0.99817220628061565,5.9687728453271376,-15.01932119275499,-1.5422412527712404,,0.1502515188015529,0.5217391304347826,False,1
-0.89214129876991033,-0.45014286504160567,-0.038148447953664733,0.44931686366269463,-0.89291823937105863,0.028484624392985963,-0.046885595415417439,0.0082715688127913897,0.99886601808847131,14.454502034268168,-3.6198970185472445,-1.9874407996260512,,0.2002702595251217,0.375,False,2
-0.73572658300707283,-0.67561734128280759,-0.047408893835285695,0.672976647785963,-0.73713722404701409,0.061083094707360563,-0.076215658440395045,0.013035378100032642,0.99700614457799841,11.36540813182657,-4.8848727756002592,-1.9914535105209759,,0.1010218296178367,0.4375,False,1
-0.70234312203821447,-0.70747012363479378,-0.078741114354469399,0.70736792647889501,-0.70602689595704116,0.03400939244111971,-0.079653973626947594,-0.031812675923839684,0.99631480875072942,-7.4605595129030933,-0.686338464944513,-3.0372094606767823,,0.8479347627639376,0.88,False,1
0.11821697119353454,0.97057023286828104,0.20980507808877766,-0.98820861224843148,0.094287319647706272,0.12063846829134069,0.097306147800930706,-0.22159269939161425,0.97027222426310922,6.5387414229136471,5.7815100125951275,-2.8470601179204782,,0.1587626698699834,0.3333333333333333,False,2
0.45747043733285242,0.86023517142810091,0.22520268383071015,-0.88379321908320674,0.41190385106190897,0.22191161164506962,0.098134320546035658,-0.30055060691742896,0.94870384620941306,-13.980866549634106,-3.6005965569120013,-3.161128248461015,,0.3985221780118898,0.3,False,2
-0.9238033407352968,-0.36773072501572324,-0.10659034443004453,0.38005610543957308,-0.91444113779953962,-0.13912139381844857,-0.046311384824998691,-0.16903111955877895,0.98452208520494688,-9.6607653967276352,30.809406873443873,-5.3422783469003248,,0.3221014663817949,0.3333333333333333,False,1
0.2693383995519138,-0.87181346743132115,-0.40914313452897028,0.95783871475543425,0.19838636662930553,0.20781685699500341,-0.10000911479696534,-0.44786619379118148,0.8884897576317512,13.234769354173547,4.3610857373453058,-2.6251794467627523,,0.1112453669571253,0.5,False,1
0.044537382278929644,-0.99475281188560549,-0.092104640629131262,0.99344928087429474,0.034388808809800754,0.10897676889589672,-0.10523757841231048,-0.096354829014034943,0.98976805313951655,-12.997744086040864,32.934890721334249,-5.6259436201404576,,0.06625270322897323,0.75,False,1
-0.095737664246322851,-0.95150653241013838,-0.29235187433210108,0.98977339328004044,-0.12219949097927967,0.073592896119933846,-0.10574937162731887,-0.28231649470981901,0.95347494315015324,-8.732089348075414,1.6362768411100874,-3.2353054043982432,,0.2139542727137924,0.4166666666666667,False,1
0.94854914649679722,0.3079505786668319,0.073627153815432667,-0.31416007127148815,0.88636385210872271,0.34009200416016983,0.039471081805438603,-0.34572469216668733,0.93750545114540995,22.118131331729572,-13.370413673182659,-0.8996795986339724,,0.6615977162977935,0.6,False,1
0.92348682098456147,-0.34097652330411021,-0.17580415815125078,0.3820627790369821,0.77607361113422735,0.50173477353639584,-0.03464281083236137,-0.53051367622005896,0.84696819007629298,-17.626752072071188,11.223622837866353,-4.0510977187705848,,0.3956220636878043,0.28,False,1
0.91856002992107932,0.39279935399827776,0.044228259404151433,-0.39240630884576355,0.89268155556503659,0.22166851181895281,0.04758949683941241,-0.22097128286843457,0.97411854100928041,-10.108307034872162,-3.6677284039716156,-3.0757737151520796,,0.1955296416778589,0.5,False,1
-0.43954711318375966,-0.89786644878892541,-0.025182840010364006,0.89289353850107878,-0.43981766481503409,0.096444546863333397,-0.097670180684007152,0.019906327029733564,0.99501973545721156,-6.5937588069858801,-4.0065083218510855,-2.8394058448473927,0.3990570850302225,0.4213675553686905,0.5797872340425532,True,1
-0.79220985942422772,0.5396166438904022,0.28498669489557626,-0.6073492809744141,-0.74265834133105268,-0.28210891327867005,0.059417081137563089,-0.39657592676291969,0.91607704085476549,-0.88903566982070736,-7.0837620024457451,-2.4092821549813039,,0.4404366067723215,0.2023809523809524,False,1
-0.89248387448919364,-0.43243460017488428,-0.12834660240280965,0.44791708120811657,-0.88322842031449078,-0.13884468268814087,-0.05331812204831074,-0.18140527588897959,0.98196196654498002,-2.6477089043609792,-18.6495562052629,-1.786126447362441,,0.3596371538027217,0.4,False,1
-0.61551706554939578,-0.76110418868362639,-0.20459510254573798,0.78328915609561067,-0.61947834466029994,-0.052006523052039386,-0.087159852916859293,-0.19226802767276407,0.97746415053153646,-6.1537063844352309,21.430067899029908,-4.3158638089689019,,0.1567173591333357,0.4444444444444444,False,1
0.98395959105982944,-0.15446678340465567,-0.089238646258175763,0.17794787991015149,0.8146223753339672,0.552018964928495,-0.012572795904449294,-0.55904418289600677,0.8290425359251965,-8.4699968996098178,-3.9642657606816925,-2.9580022497583713,,0.7593188706009815,0.28125,False,1
-0.93595614401945981,-0.32893406043300744,-0.12565221987406031,0.34946392120531211,-0.91146793483449406,-0.21702804322103225,-0.043140053871455197,-0.24703964794258709,0.96804460026197692,-10.94601461255164,3.7116971450429834,-3.4351414130295077,,0.5071432520884749,0.32,False,1
0.1790212686392198,-0.88551126695443805,-0.42874372470224037,0.97846181860601877,0.11472111146253633,0.17161449855709437,-0.10278061541461456,-0.45023200983664696,0.88697648357408376,-17.677570589869283,22.818022827363734,-4.9646442988073494,,0.5298324731195003,0.25,False,1
