axis_00,axis_01,axis_02,axis_10,axis_11,axis_12,axis_20,axis_21,axis_22,location_x,location_y,location_z,dbh,dbh_approximation,score,reconstructed,number_clusters
0.25889978446512951,0.96589344709982705,0.0045552665697626143,-0.96039079733443544,0.25691594701220782,0.10790603581888278,0.10305541227531458,-0.032311685509000536,0.99415066110742556,9.9002980997119323,-16.459151030374848,-0.43150608742697838,0.2740310902250535,0.3305784010514921,0.8571428571428571,True,5
0.99722871426797555,0.074225666447425967,-0.0050439944365559541,-0.063327857611032837,0.88248635315476831,0.46605516727743135,0.039044511648083161,-0.46444416988055015,0.88474128375143091,6.4920063568742918,-3.1061046203619629,-2.0458274598827413,,0.4680223251654793,0.2,False,2
0.98208638959490957,-0.18334717885825227,-0.043475687195913146,0.18842525193338369,0.95372282035240497,0.23432606848768761,-0.001499268580917909,-0.23832035990190936,0.97118543968180882,-5.4863275082882899,-11.716626353914728,-0.94982385122754565,,0.1927989222188963,0.4666666666666667,False,5
-0.96719049288760772,-0.24666020375733119,-0.060838263865917112,0.24757622971245516,-0.9688362901348182,-0.0078900823296312039,-0.056996148547009337,-0.022693320607495085,0.99811645224924195,-15.838930771490611,8.1602018650120556,-3.4470076368710352,,0.3032241276278659,0.4905660377358491,False,5
-0.47022757235604123,0.87930206122044985,0.075590444697816367,-0.87921026908879718,-0.47416815916719196,0.046409692530790095,0.076650720315924029,-0.044636778170765189,0.99605834422968687,-15.066104705316912,5.2893620097014304,-3.1001935829813165,,0.4350811123131324,0.7525773195876289,False,5
0.67303566518537528,-0.73394117545102211,-0.091396632137361711,0.73818152809788384,0.65891048666384966,0.14465476881002715,-0.045945891693961322,-0.16482512412245109,0.98525207611781562,-7.2109616676581876,14.372737267065878,-4.0326855873182961,,0.1428296581314449,0.3703703703703703,True,4
0.93379106416358104,0.35725750107366944,-0.020033132926351584,-0.35083776079838774,0.92514212630478843,0.14499969563495232,0.070335724111017101,-0.1283710405926998,0.98922887232982004,-9.8151517443665792,29.043159521306432,-5.6925094757091186,,0.3205713449985373,0.9,False,2
0.96238877999126937,0.27108630575603421,-0.017889968654561595,-0.26024482502499235,0.93879454316996525,0.22569323596866245,0.077977350523253816,-0.21254886625395383,0.97403414327195503,-7.960761455486038,-11.235285879518475,-1.0695672788904025,,0.2717414583471461,0.8,False,5
-0.92439938322394477,-0.3779432657737109,-0.051426337138579803,0.37361339675857214,-0.92434628760034554,0.077440108225513254,-0.076803711223550175,0.052372019779263701,0.99566980545084738,-4.8372992356776754,-0.39123182164836445,-2.2691035346095489,0.5233942533272451,0.359660726964235,0.9547445255474453,True,5
0.90510272329213726,0.42519048130444442,-0.0014542686309644351,-0.40364484339879153,0.86030349404030326,0.31136592385746109,0.1336409394112488,-0.28123113758995499,0.95028898055440914,-0.34258456251191061,23.542352513213348,-5.0298338377150307,,0.3224423041173377,0.9166666666666666,False,5
-0.19725171491445692,0.98035040439763188,-0.0022012634336687417,-0.97493628027330403,-0.19592566651609147,0.10541528640134595,0.10291263464783271,0.022939437604786745,0.9944258503439144,-9.2718519106608301,-12.232865226226259,-0.98661254271753973,,0.1739246319038085,0.4090909090909091,False,4
0.66440532847441724,0.74721644980828239,-0.015268812354231113,-0.7409176260543161,0.66120887532863293,0.11766008069299375,0.098013422023919897,-0.066861052358989231,0.99293653814360683,5.9691001261463139,5.1978080717559658,-2.9321899059007674,0.4810133285642578,0.4365956265316154,0.9894179894179894,True,5
-0.13262748704355259,-0.98881624315646965,-0.068208408209236376,0.98626995066109169,-0.1384910126326547,0.089954565436946077,-0.098394786973092466,-0.055341455437198178,0.99360746233440334,-2.1492377446359718,-25.240324071324729,0.53511525736963594,,0.1371013484880379,0.4166666666666667,False,2
0.34617895310490959,0.93777037743352787,0.027328586413648853,-0.93240781260169192,0.34068414090771537,0.12062332748395146,0.10380656735735691,-0.067238644707871636,0.99232210558433709,-5.9042676132790204,-16.321497603691142,-0.44662941620139091,0.387483526749605,0.1552568988665477,0.2666666666666667,True,4
-0.60736981393520895,0.78404910153483376,0.12794106261373175,-0.78981934434908874,-0.61327636371721239,0.008803692280531461,0.085365756672605375,-0.095703229246534072,0.99174269823351868,-13.963072065239048,13.679430944916749,-4.0570442971965122,,0.3769992977648415,0.3461538461538461,True,5
-0.86606516132013633,0.49908241595122099,-0.029118352216757293,-0.49971046605801517,-0.86248288995787314,0.080079427083343716,0.014852153366024752,0.083904747292437354,0.99636308990356759,-5.7376438526445792,7.0675655608010448,-3.1441255063826792,,0.1136445815434248,0.78125,False,5
0.99226612225584421,0.123311011640983,0.014224522186272383,-0.11296453852378256,0.84957539935341053,0.51522873934748847,0.051448572958433303,-0.51285088985159299,0.85693465860529339,-7.597761989450496,10.264169734310983,-3.5290262283485747,,0.6737782325565054,0.1692307692307692,False,2
0.51407064680552284,0.85757703910756466,0.017117011668336284,-0.8521895896142766,0.50836960024996625,0.12382751267283185,0.097489863298715451,-0.07824302868110404,0.99215611423646732,-7.6298566783014694,-15.673421490427948,-0.55399636819688491,,0.2852498967971139,0.7777777777777778,True,5
0.39958769776310693,-0.85076876407878954,-0.34135345591370275,0.91585464641014613,0.35456982321251213,0.18838924363135304,-0.039242049453682544,-0.38790817281271134,0.92086226495593682,-8.1187734115849288,-8.2285199273937266,-1.4577355983022775,,0.513992694196954,0.125,False,2
0.083712104305800034,0.99574653493127341,0.038485344808871787,-0.99140914093504995,0.079328079141025659,0.10399505339304274,0.1004997455873472,-0.046860367392478362,0.99383293722069865,8.1851573568786957,4.0909412492511557,-2.8621690248434897,0.1805836826045408,0.1613300099684375,0.75,True,5
0.15993535659401323,0.98673465885063838,0.027845910544635651,-0.98212859967385446,0.15622678197588638,0.10496002237105531,0.0992174148716818,-0.044135083735876747,0.99408651483148469,-5.3313582051861763,10.327816295114735,-3.5589418969167386,,0.218814316746515,0.8944099378881988,True,5
0.49433705311532683,-0.86048636571401593,-0.12326431899596513,0.86710109805033908,0.47810914104566382,0.13981178422605661,-0.061372336415932052,-0.17599677175693346,0.98247573641998265,6.0597217347576446,-10.071111144978516,-1.1602756909429734,,0.1429885138051538,0.3333333333333333,False,2
0.90166685315582407,0.43182306025011835,-0.022928814977968143,-0.42544948712603214,0.89535054316338836,0.13168196065224455,0.077392634173204605,-0.1089782065059143,0.99102680623809813,-6.9928505612603438,8.755521895479669,-3.3859181643125154,,0.2588621062563938,0.8947368421052632,True,5
-0.54902305303545773,-0.77503185107777728,-0.31288866558342765,0.82954641985636501,-0.55102219917199968,-0.090704318106355708,-0.10210986504305639,-0.30935443399861889,0.94544878741594574,-5.928953366954417,33.547091262835636,-6.1070754356259132,,0.4428910926558906,0.2105263157894737,False,1
0.95900680198136357,-0.27948073372565968,-0.046866547020707847,0.28320487466734412,0.9510698912269544,0.12353566677766553,0.010047522984856991,-0.1317443793021752,0.9912328010130379,-0.6998552580189763,17.312388215766592,-4.3679760345963023,0.2064606569112548,0.3080774755518805,0.9111111111111111,True,5
-0.35446921182031299,0.93469085223386672,0.026544088264896119,-0.93183094261046384,-0.35545977109485094,0.0730715096798394,0.077734627195225781,0.0011669976541195462,0.99697340278028246,-7.4166438665631738,2.0283761391553083,-2.5980554349185248,0.3215418224815328,0.1925020704059001,0.5323741007194245,True,5
0.44418695448717532,0.89552850453641453,0.026956391193567526,-0.88575645422180171,0.43442004896160102,0.16344639752720483,0.13466051116726441,-0.096477555021739506,0.98618387134915053,-4.7347796561046813,-16.909447627903837,-0.3444383877369343,0.1527783034910925,0.1381131200900357,0.1538461538461539,True,5
0.48425999327672725,0.86857846284110629,0.10518418512402923,-0.87085987037432855,0.46694017869828153,0.15352509791179389,0.084233871353708883,-0.16594674870511564,0.98253057535680266,14.67481896335231,4.5756858936427509,-3.1561363873331669,,0.3309199044524605,0.9365079365079365,False,3
0.8643869543266568,0.48316185587655824,0.13924731313675648,-0.5014022641654603,0.80739387242296301,0.31098376848897069,0.037828067352638307,-0.33862923057493421,0.94015917882058264,9.185815138804589,12.295480260899641,-3.7644802496772072,,0.3876562472233523,0.3529411764705883,False,5
0.78881279991847464,-0.61266672070749417,-0.049131008765371513,0.61399628138304241,0.78183439306757452,0.10836765322020371,-0.027980942310317176,-0.1156480486397589,0.9928960649097387,3.0250991302991155,-8.7644051600399813,-1.2723669967233644,,0.4758682773021173,1.0,False,5
0.48372175788841854,0.87500750071519429,0.019368392744002254,-0.86989124532765016,0.47821919348915626,0.12081235152454145,0.096449376605796583,-0.075287958338159933,0.99248639339873235,7.966547931928611,-9.9201599223022487,-1.1864097431090075,0.2429703660518587,0.3534419319716105,0.6029411764705882,True,5
0.79136715521260181,-0.60413160372734109,-0.093611062532930917,0.61107843109983673,0.77720962209653099,0.15009448479251031,-0.017921403273054276,-0.1759835466695622,0.98422996022592502,-9.8865957616774978,8.0601644588106911,-3.3263796682744964,0.2252756625733432,0.1976234976594991,0.8160919540229885,True,5
0.99918401177423288,0.00090479330528392583,-0.040379350710787652,0.015119864827859536,0.91867490751996483,0.39472497258315387,0.037452640792570692,-0.39501341197769352,0.91791159925964771,-6.5465502121127335,-0.62332004676133845,-2.2727447833382945,,0.104186224748317,0.1333333333333333,False,1
-0.58519632937447308,-0.80767593829025541,-0.072144540982652938,0.80456598948029523,-0.58941991328609999,0.072510236473194004,-0.10108820236919611,-0.015612319775121737,0.99475496018517173,-5.5609091864615801,-10.313463446761816,-1.1163175878306668,,0.1219962450905368,0.5945945945945946,False,1
-0.79807736699192622,0.6025516605843283,0.0020031530897902522,-0.60153571107527881,-0.79691622486313973,0.055491610636554431,0.035032907335693447,0.043081630388702941,0.99845714406110531,-9.1329671181280645,12.509783951280459,-3.8476636315288175,0.1453435227643172,0.146913960605511,0.3333333333333333,True,5
-0.97678761027130245,-0.18790305005394306,-0.10285138891090938,0.20144982505898595,-0.96902939934715215,-0.14282853771078596,-0.072828101747757612,-0.16023254033223966,0.9843889478323572,4.004191293444487,-2.701866065277629,-2.0409592409807447,,0.3042778256975109,0.2934782608695652,False,2
0.91233726152244465,0.40889167477683741,-0.021173557469619519,-0.40260035038445507,0.90530996082125137,0.13537663279952578,0.07452301059431482,-0.11498466478629472,0.99056794201909382,-4.1675742741836768,4.8325379890548641,-2.882160370645261,0.2282843699872718,0.2586437044791706,0.8719646799116998,True,5
-0.16431712132402901,-0.91617323936405981,-0.3655495576702969,0.98113279261769282,-0.19007468548175124,0.03535614782779492,-0.10187407368900044,-0.35284303792505078,0.93012013401378946,2.8830930947502518,17.872436102847303,-4.3785838569923996,,0.7933917989675738,0.3333333333333333,False,1
0.57757108997522355,0.8162995992217188,0.0081609028479300572,-0.8096566767006611,0.57153702353704949,0.13342224927069313,0.10424827048384611,-0.083668363416952218,0.99102568234342736,-5.3604772899428514,-13.303595151342371,-0.74892091619954793,0.286900309633439,0.2390520157378931,0.896551724137931,True,5
0.76138075487366053,0.64829744933492905,0.0031246269919875738,-0.6417732277246273,0.75301856040590798,0.14522455667044204,0.09179580755093153,-0.11257648453401725,0.98939378654104848,-2.3149714225020728,18.717214485685229,-4.5077482877476855,0.1285135605608166,0.1329142316837152,0.3,True,5
0.75177732625904592,-0.63921273799898093,-0.16198125602255958,0.65903107874443012,0.71991315058398264,0.21772251345507704,-0.022558567590888194,-0.27042953092458216,0.96247544375540184,-11.60263684595561,15.618306459409441,-4.2098353041476759,,0.5349734649151081,0.3076923076923077,False,4
0.50243983513576251,-0.81192322060948141,-0.29721187039530372,0.86221579130645232,0.44493811904539693,0.24210328259264077,-0.064328386351093586,-0.37790310141023109,0.92360765731667283,12.861796879022622,5.7869903622862475,-3.1752823125483078,,0.347605957546994,0.1,False,1
0.92529841461277051,0.37898680729546885,0.01385076933175209,-0.36705135282531204,0.88577765218638205,0.28402685661093663,0.095373729633492277,-0.26789354375043928,0.95871627758822864,-9.486829064941686,-2.909195726750005,-2.0467531973640254,,0.3567118873007037,0.2424242424242424,False,2
0.16505156972665883,-0.98194589028587198,-0.092413461581381723,0.98211758497245116,0.15502677958926689,0.10682577824693112,-0.090570572586505818,-0.10839264809417888,0.98997373966206081,-16.74398229070286,7.2401732262937468,-3.3470702888059956,,0.09647507500916186,0.2972972972972973,False,5
0.87345572595775645,0.48683559512178637,-0.0081362223436408643,-0.47987830403744192,0.86356124656646172,0.15485085321924252,0.082413033591522716,-0.13135096783425351,0.98790435526079534,-2.5582512319529913,9.3168449278226415,-3.4345713505213951,0.3119975681052852,0.2662256431347798,0.8846153846153846,True,5
0.93748149384560875,0.34625134902937738,-0.035191646627312057,-0.32737965058194146,0.91163935210765845,0.24846781697751907,0.11811440674977494,-0.22141295125638943,0.96800066732109435,-5.8600821224970439,-4.7572015735283459,-1.762092159207183,,0.267021168257597,0.2666666666666667,False,4
-0.85801988030369669,-0.51067249115623903,-0.054913493605048234,0.50680804060978546,-0.85914383842781439,0.070834136295941291,-0.083351634518471301,0.032946497049046813,0.99597541804770295,0.28536009063601553,19.436041526524534,-4.5500502170845998,,0.3531144744757787,0.9402985074626866,True,5
-0.52515585784524088,0.84464045116270048,0.1038933743339696,-0.84856556820883366,-0.52897200979435655,0.011184332994768509,0.064403427092412563,-0.0822868222365436,0.99452555395271947,-14.348545237304434,3.3395154673017093,-2.8652699421841596,,0.2979055435605836,0.5,True,5
0.32333809782082445,0.94011988818514514,0.10782889379178942,-0.93718635809327766,0.30238137185043024,0.17391732565132814,0.13089768791491049,-0.15728986552413926,0.97883895176986546,-7.5164078034840607,-17.243425937198499,-0.37898960847680963,,0.2381229286103096,0.1111111111111111,False,4
0.8592227675965769,0.51107660799280274,-0.023171888275446997,-0.50491896247517754,0.85442589005412306,0.12252852622230488,0.08242012482803629,-0.093579373623629156,0.99219444861153128,6.9286550151297819,8.6653400962898619,-3.3787135925552865,0.284415011350902,0.2612728507087007,0.9560439560439561,True,5
0.99887364748933494,-0.023061834312053012,-0.041467917110885058,0.030970394039058893,0.97898633339732022,0.20156039718738425,0.03594817164220232,-0.20261764686086475,0.97859788377869927,-9.0090473117392769,-10.514077490443642,-1.1851342568846825,0.6034040104340777,0.2007421249015919,0.2142857142857143,True,5
0.59757620157550528,0.80171972548078896,0.012172308145958495,-0.79539447831940724,0.59080804712934754,0.13525337447252508,0.10124380064769276,-0.090505984455258634,0.99073627147096788,-5.0587797915263142,11.897872132864284,-3.7391195292049835,,0.09746451913840445,0.2711864406779661,True,5
0.73163856720169351,0.6816834348555687,-0.0035639341417377166,-0.67525738982481509,0.7254384720405469,0.13329096282364508,0.093447656311063582,-0.095114236195168511,0.99107054118411742,-7.1459584624915724,25.296413798494282,-5.2521634107536759,,0.3176488170140502,0.96,True,2
-0.95964153461416457,-0.22194915841106988,-0.17270407095372453,0.27383975087971807,-0.87729880957721296,-0.39415553979684154,-0.064030585515871125,-0.42554126685319632,0.90267087818510683,10.110163298597627,-1.0040920463150278,-2.3237483173428535,,0.3971405615929875,0.2352941176470588,False,1
0.50330147585420693,0.86399467231150229,-0.014171472058914752,-0.85765992184942763,0.50147713897416346,0.11375472535029432,0.10539014591606938,-0.045098617535652925,0.99340778728584689,-1.8750398339731189,20.23805644323733,-4.6578128420288865,,0.2524487229596358,0.8888888888888888,False,5
0.86114032088577008,0.50784721436359537,-0.022990315523916238,-0.50177119197025666,0.85635875609854273,0.12196455125201056,0.081627315608813478,-0.093492714777637598,0.99226815611003383,9.107189227752988,0.98703708144777269,-2.539892465080253,0.2810658885429118,0.2492002172924572,0.9119170984455959,True,5
0.97893219372821016,0.20165944647012568,-0.032019177563404083,-0.19634328201934834,0.9727301780902109,0.12347192489978123,0.056045300323442945,-0.11458389189562862,0.99183136471363231,11.031565688243829,-6.6796524338431249,-1.6298360174809234,0.4072591957536799,0.3236551234608385,0.9014084507042254,True,5
0.38337461110687165,0.92318367689732961,0.027491930979520345,-0.91749638399254618,0.37726076224806804,0.12599485159565182,0.10594476352920207,-0.073526974494633579,0.99164988332697757,-2.4006678453566122,12.676621158875125,-3.8238728055152857,0.374106645948698,0.360663957924407,0.8905472636815921,True,5
-0.87913173421393342,-0.47393754460526438,-0.050105865041296875,0.46973070060008398,-0.87945598315834761,0.076878102218642747,-0.080501321801309256,0.044049716236529785,0.99578067850693153,3.5872211002896441,-0.33389150886230584,-2.2700708407605132,,0.3573103374914915,0.9574235807860262,False,5
0.32183250489924403,-0.93295195826382016,-0.16132105368482227,0.94347227739401129,0.30174731370053193,0.13714452400103497,-0.079271057639190609,-0.19633950760408839,0.97732640257722947,15.551040973083603,-0.64954965408872556,-2.4774196484792799,,0.2102496624048728,0.3571428571428572,True,1
0.19159132656218431,0.98113410640666199,-0.025857858220318112,-0.97616742246054811,0.19322529746519013,0.098798520971811216,0.10193099093441159,0.006312659113907125,0.99477144280585372,10.052527093893497,-12.096510047974821,-0.99839996950522036,0.2110603038195498,0.2098858728609355,0.9,True,3
0.91369053077427853,-0.39440386394811067,-0.098057157190169816,0.40639338997593116,0.8844358496992204,0.22938535339181665,-0.0037452045722574448,-0.24943700581433029,0.96838378423695937,10.532123157362021,10.651436549940877,-3.6781931291589181,,0.2146204088327283,0.4,False,2
0.79327809741486033,0.60867155476974211,-0.015126089251557878,-0.60241857576782043,0.78824807653532558,0.12552621004488324,0.088327344190414381,-0.090464955936242625,0.99197498557963815,-3.9781453505825137,7.3156994024557562,-3.1716691294850587,0.437021626846247,0.3797954659651986,0.9785407725321889,True,5
-0.66384014831774829,0.74688239755101626,0.038508982197868767,-0.74632395882084912,-0.66489902136674095,0.030163552103915345,0.04813321069121948,-0.0087163991416216793,0.99880289267430489,-8.6440024113815941,7.002677308480842,-3.2047492953161947,,0.1961881426636385,0.1272727272727273,False,5
-0.77234369616086562,0.60865384990293947,0.1817297609058649,-0.63371864992614724,-0.75788829340961628,-0.15493872159160432,0.043426808958913821,-0.23483148364516521,0.97106554184187621,12.236858726806064,12.46913283777703,-3.8291534566900221,,0.4301092873706721,0.3939393939393939,False,4
0.30700289032077227,0.95166424706694985,0.0091861955773929124,-0.9461825267081706,0.30416741828332816,0.11054776255987986,0.10241021182886276,-0.042630300366630645,0.99382835842202533,-7.5176756387188162,5.2744445404999167,-2.9507556121520908,0.4384254197091791,0.328632250006653,0.9807692307692307,True,5
0.90217255759422876,0.43117842029225167,-0.013032505444778429,-0.42610302999144295,0.89544835778476761,0.1288737613817332,0.067237520448044139,-0.11071318085414644,0.99157536648968736,6.8194037546157098,-4.9392393702498216,-1.7957819303296296,0.429488262995436,0.3464353951171626,0.976401179941003,True,5
0.45479798614812611,-0.8883878693506384,-0.062656088181775205,0.88804303104675597,0.44704954453953361,0.10736051292857124,-0.067367401648713618,-0.10446864753422058,0.99224388880832715,3.9293677651301184,2.2125388698452171,-2.5569695429889028,,0.2359423521083338,0.9070796460176991,False,5
0.34778960640794737,0.93447228878412036,0.076183536076838282,-0.93094092836522357,0.33454027071544662,0.14639602168136007,0.11131656466626486,-0.12183738656176694,0.98628812913199881,11.060530694507952,1.5155951922853712,-2.6466939326010133,0.2771386974669357,0.238290672526817,0.3611111111111111,True,6
-0.85431093433262018,-0.50677477469257048,-0.11546495232330101,0.50843926564889519,-0.86093479745518242,0.01675672035984957,-0.10789967852658255,-0.044391466140470265,0.99317020550747592,-3.6343561128759614,25.961053388873133,-5.2896381115628062,0.6331988697065415,0.2491460701130506,0.2307692307692308,True,4
0.35042550801384637,-0.89233949159625414,-0.28448584335775973,0.92956696396032246,0.29423594123225155,0.22210463840442157,-0.11448678022735014,-0.34227977244486574,0.9325970912072723,1.0741810024930609,21.633385339512603,-4.8239699425348466,,0.5035794415803873,0.2692307692307692,False,2
-0.026225922881417386,0.99944030965097175,0.020767003004497686,-0.99506355574645533,-0.028088817836823494,0.095181607139991478,0.095711655477480256,-0.018168262363270009,0.99524328344805257,-4.5372822625771851,2.2323337743040459,-2.5852990321385572,0.3065551914107691,0.2664298556889256,0.9112426035502958,True,5
0.99838973813687537,0.055590109573546362,-0.011299137160990548,-0.045378744263531196,0.90218423033466744,0.42895732200827252,0.034039687895848998,-0.42775384773610742,0.90325408684096653,4.8495990257296171,-6.0126219106691767,-1.578091718344323,,0.413082192615718,0.2583333333333334,False,2
0.99656203251051145,0.076616691060169578,-0.031527733973575528,-0.072062739002861059,0.98935445116745113,0.12643073836119445,0.040878808763508981,-0.12372409872834725,0.99147429133988874,12.958169952120548,-0.74533938392325427,-2.4253598153293279,0.4913150116142329,0.3196444099143849,0.9444444444444444,True,5
-0.22036324131210241,0.97541754355408483,-0.00081092868931842421,-0.97153114389918094,-0.21941094335259492,0.089364838561220516,0.086990104680778044,0.020480567961837528,0.99599862852495313,-4.62766066270179,13.567552828965313,-3.9681859387746621,0.3511164448764839,0.3353564186365763,0.9042553191489362,True,5
0.93687751141152609,-0.34357791103467417,-0.064921087948339687,0.34961610559343714,0.92334241321829658,0.15876827977241409,0.0053951201122024936,-0.17144388878365574,0.98517911350054177,-8.476209853611282,11.024125469678626,-3.6571494674874803,,0.1524609436959714,0.3962264150943396,False,4
-0.89238717653122823,0.45115815617834315,0.010072004585984534,-0.45105862143134934,-0.89242982913560676,0.010729403592084824,0.013829215273221521,0.0050317176738002324,0.9998917114478838,-11.422471249451018,3.5219902410820656,-2.8250925963871589,,0.4550353537017068,0.9955947136563876,True,5
0.94056136736190643,0.33905020639213318,-0.019729971407827052,-0.33269612035378748,0.93149345804549455,0.14708238888454658,0.068246653601769028,-0.13177592786202952,0.98892744885975459,7.0004193331985629,11.6545114496724,-3.6835358505175217,0.4222076798721454,0.4311306228743921,0.934640522875817,True,5
0.83944928165522792,0.54231923695091122,0.034853246068368281,-0.53658824012742512,0.81701117898378006,0.21110612016823438,0.086011418343574897,-0.19591472289880046,0.97684157224496326,-5.3381182137950285,-7.8038375267407334,-1.4337878472753458,,0.3349356537251295,0.6556291390728477,False,5
0.80552216934467324,0.5925616155715725,0.0021832190591482767,-0.58577431683737335,0.79572856849430296,0.15389767709655772,0.089456606396402905,-0.12524686436480403,0.98808437824855033,-7.8051745773591783,12.539833644277556,-3.8181219009940799,0.2781601306455563,0.2553318265318374,0.9636363636363636,True,4
-0.15647122171588465,0.98596830909994471,0.058165713485990971,-0.98516351284269477,-0.16000460735082866,0.06205947623005581,0.070495458989783114,-0.047592216560095837,0.99637611933682813,-0.93749463129463861,-28.496113153536484,0.8929171285251889,,0.2075536771145332,0.3846153846153846,False,4
-0.66246760176766961,0.74648541859663409,0.062419519629696413,-0.7465779280646806,-0.66476856724460642,0.026535812220539717,0.061303131525581117,-0.029021919753233205,0.99769717561943438,-1.311703943120524,21.753620103876798,-4.8304581946664964,,0.1995273839739913,0.2162162162162162,False,4
0.78209018719936818,-0.58610717534507695,-0.21169156359069422,0.62302090277906541,0.72809936104247264,0.28586058691240013,-0.013412448949246314,-0.35545702899022635,0.9345963870862255,9.3471974505192996,-4.7094663620559256,-1.8481955462241346,0.5568776617606622,0.4256391827772019,0.5555555555555556,True,4
0.62455139380252644,0.76921180360452335,0.13508796280497407,-0.77932901003515631,0.60258032747627499,0.17188147967773831,0.050811914124003141,-0.21262678602203858,0.97581145681376058,5.8429556497166582,22.231169480512474,-4.8827808074519998,,0.4161681669527232,0.3673469387755102,False,3
0.79520418801110104,0.57412977925094355,0.19500075883664444,-0.6042269297262739,0.72349588777960805,0.33386152482662079,0.050597596416875994,-0.38331279256406042,0.92223163375237538,-2.8518359053455971,-23.126823857517294,0.3067717910711798,,0.246539699098727,0.1904761904761905,False,4
-0.6892602155801445,-0.6563902511150338,-0.30671190628920286,0.71582302588960045,-0.6823341128559588,-0.1483831325971024,-0.11188275481355574,-0.32182603479864053,0.94016501344238257,-7.9312856464221131,17.898449926552168,-4.4361229873350583,,0.4659413756430544,0.3076923076923077,False,3
-0.99899166041126974,-0.022067372246783852,-0.03909851034061685,0.018843837740154447,-0.99653771638652877,0.080978327954732143,-0.040750119115852627,0.080159908316085882,0.99594870193740404,-8.9147785322103097,0.25190581627047293,-2.4014454119290911,,0.2514111559193566,0.863849765258216,False,1
0.85262953024913168,-0.43295407671939246,-0.29252974481102567,0.52221936065161589,0.68722418339474811,0.5049850107855075,-0.017601804105340818,-0.58332982883569429,0.81204463379961889,13.524533987714111,6.6838086419336022,-3.3295220762395332,,0.591187130532476,0.1904761904761905,False,1
0.39918691800187794,0.91629961749159894,0.032323605629805456,-0.91078319867685242,0.39223516326719765,0.12894007020595188,0.10546928227746241,-0.080910986160743048,0.9911254425219711,-10.380306036562926,-12.681272183101292,-0.94933554606793369,,0.1147476824677313,0.25,False,4
-0.79817433201196408,-0.59191739624322914,-0.11203361880208126,0.59556028973223862,-0.80330974813859701,0.0011789145663017586,-0.090695518143434087,-0.065781795127061685,0.99370371762339427,4.3540600547279293,-15.48153089902036,-0.46943407928181113,,0.2297119048083344,0.3333333333333333,False,3
0.21717114630329809,-0.96401219861914178,-0.15335310276221853,0.97198755405992121,0.1990991715312844,0.12489881764119051,-0.089871508087505741,-0.17618172666041254,0.98024645432923285,6.0954592361102566,-8.9922401346301282,-1.2452708289114851,,0.1242056281766746,0.2631578947368421,False,3
0.74359256029296827,-0.64941973039490986,-0.15913553358929988,0.66618178321400101,0.6992168468526575,0.25941787292174157,-0.057200839073932912,-0.2989143938508651,0.95256403939998091,7.9858810989490427,-8.0056772064780937,-1.3941227031950136,,0.1629287147819252,0.1025641025641026,False,3
0.91220227123029951,-0.40157589168427699,-0.081386851396650528,0.40969784339939269,0.8910784183034588,0.19526118290047279,-0.0058901168213580379,-0.21146171202320083,0.97736853380495503,11.890531816035292,-21.003524601639853,-0.0079234626690926416,,0.3648455333835252,0.7714285714285715,False,2
0.80287990385637675,-0.59160255547011131,-0.073418501379483275,0.59554370704308479,0.79045900100286393,0.14318610524396166,-0.0266749505145863,-0.15868517288892628,0.98696882570841926,13.566320506083079,0.30095612056258536,-2.544563607369454,,0.1303055606957897,0.4166666666666667,False,1
0.98423328106475905,-0.16577513387634762,-0.061672144707135737,0.17553451367467579,0.95832348321858496,0.22539684119524223,0.021736673008855789,-0.23266866247966708,0.9723131237139756,-9.3926301541477351,24.404529048176514,-5.1488569962481501,,0.2073364548800175,0.3684210526315789,True,3
0.42807576857565138,-0.82507858920055754,-0.36877697596404135,0.9011579505320696,0.35885649153358157,0.24317970038029077,-0.068304352359164697,-0.43642564100545966,0.89714389889346557,-10.948948041116099,-0.2908818199784507,-2.3961720768864256,,0.3968183567644447,0.2142857142857143,False,2
0.66968392383011766,-0.74051917370150888,-0.056167566654881165,0.74108608072511184,0.66146311214751075,0.11514326825143288,-0.048113024421551853,-0.11873459752137581,0.99175966455207643,-13.168912754546103,19.506762807368599,-4.6681308585378689,,0.3314124230239255,0.875,False,3
-0.011758582446033138,-0.9426966805772341,-0.33344370464521395,0.99950723725929491,-0.020786594260134541,0.023520207595939188,-0.029103580624235532,-0.33300283171127742,0.94247657565963938,10.9376410452717,-3.1977615236125692,-2.124769652827172,,0.4990016015873243,0.1764705882352941,False,2
0.97030703530419526,-0.21162296596360919,-0.11713230773765122,0.24145324248845759,0.87609394464405843,0.41732449227168866,0.014303458707348577,-0.43321486635938261,0.90117716939247239,8.7386851288705998,6.041262195613422,-3.0853845228213075,,0.4081440566220402,0.1875,False,1
0.17350685957247566,0.97854369171923805,0.11111981406474437,-0.97999368838577994,0.16038045356165587,0.11785788407821396,0.097507642804722863,-0.1293458677803187,0.98679375052886531,-7.7256884999922271,-22.41267418779513,0.14817446528212999,,0.2080792672214493,0.1851851851851852,False,3
0.38316854996354233,-0.90745092754731216,-0.17237945472810595,0.91779109799642333,0.35300047581326605,0.18179704209399961,-0.10412186493410497,-0.22786723803375203,0.96810906362533011,-1.3876726593746165,-27.442064844461051,0.76608134499306613,,0.195828024511632,0.5263157894736842,False,3
-0.44865953041828788,0.88456939989085803,0.12744254604161154,-0.89101760440296573,-0.45378596139008404,0.01288137761563693,0.069226110744724262,-0.10777419924083913,0.99176230396660825,10.692098591375808,-10.606723631302112,-1.1915921321512206,,0.3651757233026015,0.2173913043478261,False,1
-0.98827533483096097,0.030707460010790423,-0.14956240993123243,-0.0026870142921983087,-0.98291285195663569,-0.18405190955995779,-0.15265858154373704,-0.18149208621358426,0.97147103926102474,8.859695997809613,26.601794699745422,-5.3687618211056973,,0.4136299731504496,0.1818181818181818,False,2
0.70805947646623624,-0.66108806519442498,-0.24822237579205345,0.70496061327289694,0.64133671606441112,0.30284938560548219,-0.041015991031066866,-0.38942237568636062,0.9201455872819968,-6.8657141493875971,-4.3129676962689718,-1.8297877543098018,,0.153158059996734,0.7142857142857143,False,1
0.27095115519449053,-0.82139914676546577,-0.50188535861462957,0.95902821142072181,0.18552082998213676,0.21411891869218197,-0.082766908834034106,-0.5393379861790778,0.83801203778129274,11.173051974659268,-5.028464330564371,-1.8683561927857895,,0.7345758050348443,0.1891891891891892,False,1
0.81298571228118566,-0.53515151716269882,-0.22949310513633001,0.58174932758363562,0.72961388248437631,0.35948755519776021,-0.024938955123278005,-0.42576570571681394,0.90448969720656458,-10.973823615962065,-7.7247753030831854,-1.5558090411999967,,0.3568707176857164,0.4210526315789473,False,1
-0.90606435248064099,0.39769968452500393,0.14450726657351737,-0.4230991306772951,-0.85624900190776365,-0.29635244617191214,0.0058749284212107344,-0.32965528611061484,0.94408308826891651,8.624726821605007,-7.1902582840453526,-1.5175980551104995,,0.6578016226528893,0.3783783783783784,False,1
0.81413606005618711,0.57508743001355944,0.080354984640586186,-0.57403250271244199,0.77621084495584058,0.26073628439983387,0.087573749182502006,-0.25840118423362562,0.96206011581438156,-0.27360080919852747,21.522040186612102,-4.7986315972517737,,0.5188242229670694,0.55,False,1
-0.25270662607195921,0.94147146219735645,0.22309380763996634,-0.96408688568678058,-0.26449035060095372,0.02411081263144299,0.08170580142248754,-0.20898885211167578,0.97449875408178577,-12.846798479999736,-2.5764644763166045,-2.1754283939474366,,0.1816804227305781,0.1176470588235294,False,2
-0.4616309788778003,0.87830718093209781,0.12439186172509284,-0.88633549586317673,-0.46240348543338833,-0.024339380272112549,0.036141777948797506,-0.12148873438374824,0.99193460434876191,-13.038805650213996,-6.5060207958263261,-1.7441102794328731,,0.496192293496155,0.34375,False,2
0.15775776843318837,-0.95177711699395096,-0.26312127634545923,0.98366468510880722,0.12807322728610293,0.12649520039239745,-0.086696446113846623,-0.27877870797319731,0.95643408461431556,2.2896780730457853,19.682439647200749,-4.5710097279047028,,0.7521706312575815,0.3207547169811321,False,2
0.65640036664308576,0.75439617636737422,0.0049967742702531417,-0.74706980791922506,0.64907531225759119,0.14348498567182,0.10500124173720325,-0.097916536397054346,0.98963987951863064,-7.5091871708385947,20.901713439413228,-4.7674112936362238,,0.4635915555797677,0.8596491228070176,True,2
0.89664262263053196,0.44034223606652062,0.046159748896391919,-0.43594593878418547,0.85982833724578478,0.26579384666828537,0.07735079663336708,-0.25844524682238867,0.96292414480845701,3.9462491765424721,-19.308225132495952,-0.018699282044986262,,0.1944715295725939,0.3333333333333333,False,1
0.9702106368345278,0.23079994297047593,0.073639028361098535,-0.23455612627091432,0.81884176239683715,0.52390990807926707,0.06061966514196955,-0.52557545079623769,0.84858452832844466,13.340501550208804,-11.75172803763083,-1.1291668490960631,,0.4481273615300728,0.3703703703703703,False,1
-0.99766885018169427,0.062125236523836815,-0.028236861794355982,-0.05970092573263959,-0.99501933862957015,-0.079826782597313822,-0.033055481297389708,-0.077954927618658465,0.99640873361094517,-13.850051263701983,16.344393253347416,-4.3135625220987324,,0.7226850926853328,0.1923076923076923,False,1
-0.57260152189723323,0.81976299947631681,0.01077598304397865,-0.81783063271629897,-0.57207136460995489,0.06234909770126365,0.05727611467121245,0.026888259201665689,0.99799622654861475,-8.2104920505836887,1.423997343483594,-2.5366044770303442,,0.083418759328934,0.2476190476190476,False,1
0.18215992048131538,0.98321842074670096,-0.0099649623484088096,-0.97793712820628242,0.18221682378751336,0.1021567540813634,0.10225818620477638,-0.0088637595384038134,0.99471840091603592,6.360851110229012,1.5633231524384332,-2.543060901137606,0.2664221144779128,0.2539249723407009,0.925,True,1
-0.29876007703316465,0.95349086519767723,0.039969818059659129,-0.95089373489436602,-0.30097378018704191,0.072221108954134389,0.080892034897017212,-0.01643026550323981,0.99658743974912345,10.498732269357918,-8.3868041512393479,-1.4591729060130518,,0.882312784019318,0.5217391304347826,False,1
-0.72570252259585333,0.68450392325196763,0.069355805457635394,-0.68692642271193494,-0.72652197038301469,-0.017260252922943947,0.038573805596506021,-0.060168144424141382,0.99744265796002374,15.029477606385907,-14.127229832847728,-0.86270675345723624,,0.266602025851962,0.5454545454545454,False,1
-0.27272252821839515,-0.89669935856051408,-0.34864406342189297,0.9564878246746813,-0.2917639106500729,0.0022049243233637772,-0.10369890959533827,-0.33287246927215008,0.93725261021210227,16.461882135891265,34.831149987085681,-6.3620562427200893,,0.5324641471133738,0.3076923076923077,False,1
-0.057655216891648042,-0.97463607065965985,-0.21624154488505529,0.99342422422832599,-0.07747040642504846,0.084300930271770241,-0.098915047801257761,-0.20995920055438422,0.97269365548513698,3.7062689728304616,18.070552080471575,-4.4068448693786042,,0.4347830741009937,0.1428571428571428,False,1
