axis_00,axis_01,axis_02,axis_10,axis_11,axis_12,axis_20,axis_21,axis_22,location_x,location_y,location_z,dbh,dbh_approximation,score,reconstructed,number_clusters
-0.98930614892037683,-0.10519267229172419,-0.10103388245761746,0.098862412758106907,-0.99292630123438808,0.065753963079367928,-0.10723603429808215,0.055062346600223043,0.99270769662317904,7.1968882399286613,9.191206318421635,-2.6974577735771423,0.4009152602445261,0.3806378352927233,1.0,True,5
0.42958749786912442,0.90126830993138529,-0.056302887918554284,-0.89479406354899937,0.4332427121832424,0.10790892538421995,0.12164771067313146,0.0040231646166339757,0.99256518608827571,8.1292277300447058,-8.1225600563562139,-1.4014763288388536,0.2722889369271106,0.2736713497766708,0.7777777777777778,True,5
-0.38351600983508033,0.92037405604322409,-0.076335228844374617,-0.92301819164588172,-0.37922738461339872,0.06499237378376041,0.030868885482719387,0.095384420750067075,0.99496177021392607,14.780552795470109,8.8394578930752363,-2.4282748402693111,0.1884447969331089,0.1825810008183565,0.25,True,5
0.98999572078889664,-0.094893530990478175,-0.10442073834172798,0.106948118801531,0.98739826851868318,0.11664801417563463,0.092035714287911435,-0.12664863640191559,0.98766874517372893,8.6251289285025123,-13.005406201031882,-0.98475428988085378,0.4102268551921403,0.3149680475789701,0.9230769230769231,True,4
0.98074551284019429,-0.16389542179469646,-0.10619100601539888,0.17844831646558301,0.97300393576985156,0.14635415719062156,0.079337490472178918,-0.16248578919744511,0.98351610607781115,-8.6644412603769609,-12.415983150102548,-1.9834771066111192,0.1541518428354503,0.2072135597920066,1.0,True,5
0.83174339152792642,-0.54253554096595391,-0.11772050559864924,0.55409135110385266,0.82441627784647864,0.1154147973773904,0.034434071521225539,-0.16122340900296336,0.98631704188254488,8.3237656839171059,11.514139113419322,-2.8313637241889915,0.2342178988086596,0.2512410386983324,0.7669172932330827,True,5
-0.4027329065852025,0.91238887572087768,-0.073162459049891035,-0.91469254138268097,-0.39821686568974768,0.068999149408709104,0.033819531225706842,0.094709383595427257,0.9949303352328982,-5.2928158979144717,-0.4448041076200967,-2.7225881718441558,0.2454622592837913,0.2018824058418232,0.8323170731707317,True,5
0.28444952035142418,-0.94514693826068041,-0.16057937435519304,0.95728206703457541,0.270941080957387,0.10100482554636936,-0.051956852347448249,-0.18245052958570224,0.98184127523141018,8.8546724839732036,3.8467448035043792,-2.2547351132055486,0.3706232297818453,0.3345290691863541,0.8053691275167785,True,4
-0.96667156054762859,-0.22339943602191215,-0.1250551318959181,0.22673904244154078,-0.97386935832550636,-0.012956834002207596,-0.11889281164606656,-0.040879883803151634,0.99206518658762299,1.5225268451296881,26.598365784024509,-4.564207752083572,,0.1474339751266613,0.4117647058823529,False,4
0.81101678098810848,0.57751342075149026,0.093434628524969657,-0.56383057176592044,0.7290071716569887,0.38812836795935574,0.15603482719509104,-0.36745991961653479,0.9168567718993017,6.4235549597333392,20.876993351899063,-3.7678216650134955,,0.4721245671368366,0.5,False,3
0.055719063762676282,-0.97271525745459153,-0.22521193096383435,0.99587059013138168,0.037950971201294467,0.082471155540903507,-0.071673939788351182,-0.22887715416774701,0.97081311005532334,21.809517833223172,4.1170941746142855,-1.9722996609337438,,0.2445206590894861,0.25,False,1
-0.64348845765542229,0.76090507180938771,-0.083343125445327487,-0.76541468839087123,-0.64075711325634666,0.059755138748880277,-0.0079347123294129379,0.10224379446275939,0.99472772497508366,-0.83184110298116209,11.706367278532074,-3.4604734930467429,0.5360643928956229,0.3816716810735908,0.9586466165413534,True,5
-0.94781843194148641,-0.29443969028097561,-0.12225174378807521,0.29592241801718755,-0.95519145127936833,0.0062621016979202276,-0.11861763185480868,-0.030241696216604049,0.99247936866370168,10.237429795546822,29.14063596621293,-4.2668433008598869,0.3697492755534912,0.3410946173531419,0.8163265306122449,True,5
0.1297866136033585,0.9888771199122135,-0.072646243147870715,-0.98765582621869041,0.13541078263483894,0.078739373140109467,0.087700649174618464,0.061530168700788063,0.9942447558192119,-8.7043805203120179,1.7679943520066439,-3.1553899695219751,,0.1503869300320952,0.6611570247933884,False,5
-0.89284493270596388,0.44817212425820097,-0.044381000204762003,-0.44040735018310356,-0.88946271940270649,-0.12205505600932555,-0.094176918860092884,-0.089430519570413952,0.99153057952005974,-11.87827349105231,-4.2800686925502491,-2.9239553210452791,,0.2175089697666716,0.1923076923076923,True,3
-0.088753170654114782,0.99332572002433983,0.0736674191007788,-0.99188623307896306,-0.09489819805368066,0.084593336821468842,0.091019642535376172,-0.065561771973403779,0.99368862262201663,12.200891495578244,0.84451367811658962,-1.9680874606146663,,0.3459548518658584,0.3571428571428572,False,5
-0.29742626605034972,0.95304228305675132,-0.056991428911047269,-0.95352339419801446,-0.29349763320926409,0.068207595014478484,0.048277872575802391,0.074629391036887399,0.99604201769454459,-4.5019848697029925,13.637761908825146,-3.888497893634411,0.2550744966434321,0.2392960548886012,0.7710843373493976,True,5
0.99355891884875036,-0.045076271958805772,-0.10396540040993905,0.063255516267982106,0.98184816123851026,0.17880975346504005,0.094018160148846924,-0.18423441040927488,0.97837532040795738,-2.2478266402915072,29.104933157392892,-5.0386739862009904,,0.4702197627969116,0.375,False,1
-0.056620158706965081,0.99816997095440552,-0.021233622226971741,-0.99674438728242432,-0.055290986020326213,0.058681626476117396,0.057400209485511021,0.024487056780670077,0.9980509005062006,5.5330197538526011,-8.511936743188695,-1.437894552657921,0.2872378208081941,0.242618329565214,0.2142857142857143,True,5
0.99259749884225257,0.06694292794882685,-0.10133533287922095,-0.052583524378409165,0.98899704781525211,0.13827440969557958,0.10947683890234317,-0.1319222642708725,0.98519609110755024,-7.993365706728766,3.2303159270209476,-3.2130568370630121,,0.1483622956238937,0.2736842105263158,False,4
0.95901670738371825,0.28334047609465685,0.0022648543760731416,-0.25872027077840276,0.87236977294562312,0.41477078096118558,0.11554556004988514,-0.39835807241382093,0.90992311196908482,3.4444444714496378,-3.13055884127597,-1.9775029599761897,,0.3150337558689716,0.2195121951219512,False,1
0.67536822838571275,0.73460711144201662,-0.06503958722164413,-0.72704613159914422,0.67800116499619756,0.10825129463669322,0.12361908677006631,-0.025822704788941761,0.99199370426607014,14.159674340699116,19.606936490079939,-3.2184874908920618,,0.3526039419469412,0.8688524590163934,False,1
-0.64466997952116512,0.76445793815764251,-0.0021629359556119138,-0.76442998180706034,-0.64466673008115205,-0.0071840128712019752,-0.0068862485170963425,-0.0029779043373592759,0.99997185543750156,-2.5786275617903627,14.865695278154922,-3.8640666441922926,,0.1704268664658909,0.3518518518518519,False,5
-0.88488353132278352,0.46162216627634645,0.062338684587140814,-0.4632330910682036,-0.85800428985748278,-0.22190931013717155,-0.048951397662571283,-0.22524123554200984,0.97307252888897822,6.7898516369578816,6.7514447960766955,-2.6026617642215673,,0.2920914309150376,0.1640625,False,5
0.88376715940105144,0.46257934592479999,-0.070540461353623601,-0.45202180334202369,0.88294096574947256,0.12685243515524158,0.12096237955506149,-0.080222189730610627,0.98941017935293374,-13.83308386696754,1.1728474361691026,-3.532010884386406,,0.4089718657153122,0.8739495798319328,True,5
0.7802459599962186,0.62200065976820507,-0.065813533239728675,-0.6126375116769166,0.78119919685111827,0.12001289149705276,0.12606157700066728,-0.053319734499386498,0.99058845375716942,-9.6515654748716599,-6.9036248914846459,-2.5067129481520913,,0.1065944700154088,0.3513513513513514,False,5
-0.98467046607366471,-0.11273760474434777,-0.13309510028088906,0.12566484809248937,-0.9876969806661583,-0.093075347632158814,-0.1209645369360965,-0.10837392149157869,0.98672320026660665,-10.900730198469459,-18.169538770876503,-1.773186415777785,,0.2353440004693995,0.2777777777777778,False,2
0.26264188906990521,0.96447342514799317,-0.028464895733031258,-0.95985206919552724,0.26416762470642063,0.094337009270139438,0.098505042342300064,0.0025452387448704206,0.99513329679640183,13.364719390192427,-4.5110291470419215,-1.4944377045709873,0.406505521690092,0.3232528010116678,0.3333333333333333,True,5
-0.16520426708058758,-0.96480309982382262,-0.20460334481310133,0.98212818142722746,-0.17990135141633878,0.055314907620114109,-0.090176412574534556,-0.19180845218320786,0.9772807847728664,-10.249479402960006,-8.4321993591124933,-2.4520157684372368,0.3240861976159281,0.2799719093041129,0.8354430379746836,True,5
0.85561916079054068,0.51330999934780197,-0.066548450452674462,-0.50275034881769298,0.85474661351221382,0.12903609360598003,0.1231175797836373,-0.076948497444479153,0.98940436136559351,19.36354031831457,10.498067374964732,-2.539756493672146,,0.3350055497097043,0.9629629629629629,False,3
-0.11496750914803161,-0.96486531792711372,-0.23625704243833262,0.98692206999759413,-0.13799669487956556,0.08331710481036024,-0.11299247582012599,-0.22358852936527607,0.96811201311847828,-8.081840444906975,-7.6890771586291553,-2.2755583055917592,,0.2015397596248088,0.4166666666666667,False,4
-0.93136143371759206,0.35186584092568091,-0.093575155747535471,-0.35839496976429464,-0.93128559102796993,0.065270158505518802,-0.064178855015981057,0.094326973519501589,0.99347043067999241,0.95983673700803718,-12.185233808406853,-1.3573476848472192,0.3484460511323658,0.3528576908935438,0.7936507936507936,True,5
0.8596997858869917,-0.49871645337677928,-0.11044535878499942,0.50870886576832053,0.85547077530897853,0.096876428923469302,0.046168907660561503,-0.1394691783998952,0.98914952370300868,1.6334094789318099,-9.098196263609081,-1.5716823697319897,0.4707491359427741,0.443901294710696,0.993103448275862,True,5
0.25831476638132528,0.96393212454835753,-0.06409633946686602,-0.9609060292646574,0.26321516949107066,0.085891661251933954,0.099664860368092842,0.039403474637108526,0.99424055529551403,2.3917037999152373,18.851905609068535,-3.8599923062862889,0.3794638145868034,0.4202235111167657,0.9074074074074074,True,5
-0.36474367163100363,0.93071388784680342,-0.027087136692947329,-0.93036935701816725,-0.36314156914682794,0.050408930549866816,0.037079826411894515,0.043587380360231347,0.99836127065636726,13.810115237238577,-7.6251364693955264,-1.2467490571985078,0.4264984365875951,0.4225468743096563,0.9534883720930233,True,4
-0.58576726245896826,-0.65690562572851474,-0.47471224243488352,0.80104785448783178,-0.55834355690088966,-0.21581197206759781,-0.12328442339472015,-0.50668281138547877,0.85327221892825045,14.572891377980316,7.0091633772015935,-2.3342786665079873,,0.4496644390777638,0.2307692307692308,False,2
0.28697953403495696,0.95588934976106266,-0.062596310262274885,-0.95258885561760098,0.29166260514736647,0.086645235944047425,0.10108026117015728,0.034763138121053111,0.99427074030655693,-7.1602143160781901,2.3182340885482091,-3.1022029097222035,0.3549994138612138,0.295030305023645,0.8529411764705882,True,5
-0.73917135555337976,0.67257818884623377,-0.035556813941903527,-0.67328195106320365,-0.73927836756124943,0.012605936240504767,-0.017807905601299759,0.03325770804330954,0.99928814831048662,-4.9944127785755894,1.0889261422696457,-2.805767948672159,,0.2226856956451899,0.3764044943820224,False,4
0.92617616702305627,0.37240718282136165,-0.059250298071292992,-0.36027057592070671,0.9202763423179986,0.15263212602715129,0.11136794765210713,-0.12001809843878875,0.98650536556214186,12.823683433015878,8.7736629017458903,-2.5018365644206773,,0.1805123160315628,0.3636363636363636,True,5
0.82489042741468355,-0.55449085595438263,-0.10998033198075409,0.56390575648249286,0.82076297361221684,0.091424498648550831,0.039573735804547303,-0.13743373607017909,0.98972010569870927,-9.9981462221996864,-3.6568235429544025,-2.7933406249839763,0.2037276147685251,0.1670330060081821,0.6444444444444445,True,5
0.58410535960503263,0.8098399604896972,-0.054590908352215264,-0.80246194473342036,0.58627207573463203,0.11108501459900605,0.12196620898974887,-0.021078225918000126,0.99231041124076547,1.4581101420052267,16.541798059898227,-3.7352454246610876,0.2991325015530795,0.2662213727176361,0.8469387755102041,True,5
0.81087190408246201,0.57860373927742614,-0.087775099338383053,-0.5714552679085001,0.81518076090087943,0.094441536606981513,0.12619679849071883,-0.02642044570486575,0.99165333060472749,3.1982791364394907,-5.596847384267698,-1.8169904238818568,0.4254875051295895,0.3679007166788171,0.7147239263803681,True,5
-0.87777648111822537,0.47164374799218828,-0.08402752034653084,-0.47608762679965061,-0.87833061115918054,0.043311766403793028,-0.053376219461311845,0.07802251265257526,0.99552170579821919,-4.1238879491444536,3.5080444715519992,-2.9827838366523611,0.2222666637185595,0.1378085346995924,0.2666666666666667,True,2
0.80210815795400825,0.59582980015397013,-0.040116732071633653,-0.58325225614779486,0.7960560103002855,0.16159094703385579,0.1282158673571033,-0.10621524237731292,0.98604209527007203,-6.0288385386339556,-10.638349451424357,-1.8534213623917701,0.154522033143153,0.1620557181780209,0.4642857142857143,True,5
0.51381263799160259,-0.70627370309335868,-0.48700516358546458,0.85775607065137816,0.41244217487136725,0.30683216201709496,-0.015846018453180052,-0.57538587809066999,0.81772855825940838,-3.3085203875979601,11.75155948824958,-3.6599871340739463,,0.6619154375736752,0.4666666666666667,False,2
-0.093007164770160244,0.99513699567856484,-0.032434967754832504,-0.99331987811512856,-0.090504080545694116,0.071586529081421754,0.068302906546961889,0.038876358322498014,0.99690688718697207,-8.6461929616744957,-3.5558559674702654,-2.7013029066848619,0.222939142887648,0.2029763545964182,0.7643312101910829,True,5
0.89198398482824204,0.44632175116236061,-0.071843338238795587,-0.43516108702263867,0.89076881696155652,0.13101810207060594,0.12247203415966271,-0.085602623606243017,0.98877337731176895,-0.023878090611299307,21.111789766229787,-4.2046240267581396,0.2825513204241658,0.2643043966803184,0.8297872340425532,True,5
0.047458750341158817,0.99838098281901932,0.031354109162684773,-0.99550841013284574,0.044701288207417172,0.083455378420878717,0.081918693659202027,-0.035173967332779374,0.99601813218999358,0.55600448398866764,-4.7323069252548411,-2.0460806923432355,,0.5360897511543532,0.4367816091954023,False,1
-0.38301648883157607,0.92052844819628366,-0.076978862972067394,-0.92317412309892133,-0.37852946944893801,0.066820499842807551,0.032371402868400491,0.096658247553153415,0.99479107125882682,0.65893609629443561,19.081253809379394,-4.008547941314224,,0.09083195384189816,0.4444444444444444,False,5
0.85802485170464593,0.51059321635739496,-0.055569067537893341,-0.49747734833993879,0.85310086388356843,0.157274295197188,0.12770920775685579,-0.10730090144504573,0.98599030157664158,4.3931427778457461,20.31317003272029,-3.8190676721704455,0.3524711299864358,0.2699132732748632,0.7564102564102564,True,5
-0.98336573889340184,0.16810251246341076,-0.068799483094877878,-0.16026484682249936,-0.98126828414774847,-0.10690057716726185,-0.085481006332368339,-0.094096226434547847,0.99188653470403731,-8.6220543355276895,18.18384195662512,-4.5709042972083207,,0.2315851102577015,0.2564102564102564,False,1
0.64566533722026132,0.76162933953944634,-0.055109177683527556,-0.75314281752457746,0.64705970689774572,0.11869975619413053,0.12606414527290796,-0.035135236759011527,0.99139969054589727,-6.0441907763695495,-12.824119637631377,-1.7136269328047977,,0.1143290574084121,0.3461538461538461,False,5
0.14698222429124622,0.98752357244233935,-0.056510349610653002,-0.98506733981100192,0.15131657488430938,0.082131785582426231,0.089658026858024625,0.043594587232838947,0.99501806525506087,-3.530218498979707,4.8298881495243524,-3.0626228865918281,0.3340494460307037,0.2907009717531376,0.9751655629139073,True,2
0.57524121963497943,-0.80741322012159633,-0.13107795850461057,0.81796068674879008,0.56658615012121749,0.099601452922459616,-0.0061525739580366445,-0.16451147821259232,0.9863559800447298,-0.67186385087449163,23.804701002114328,-4.4785900764014208,,0.1890861155436657,1.0,False,1
-0.33136002489238559,0.94201092913136575,-0.05306546240616071,-0.94264824579559303,-0.3281398726189097,0.061143345477145145,0.040184805608704424,0.070282525528809925,0.99671738622514439,3.769505844837596,24.977439709358084,-4.2892784286564849,0.3883225038529035,0.3033637572406929,0.8771929824561403,True,5
0.43156324294348586,0.89926619174956124,-0.071228391223903814,-0.8950781119573662,0.43669598499075934,0.090176439205531964,0.11219777553472424,0.024838137393816989,0.99337542052129912,9.6610308457041683,-4.0173813642596512,-1.6561924391118805,0.2520339083885672,0.2055383263681558,0.8860759493670886,True,5
0.94963382553360798,-0.29316812849548851,-0.11067088974458832,0.30596346233069421,0.94375191590524166,0.12537416378106137,0.067690155274012356,-0.15292079537995912,0.98591747789525552,8.6524454728097577,27.354585313241017,-4.1984448910956127,,0.2851096026214169,0.925,False,2
0.88496567294160788,0.462972810890598,-0.049919275746601335,-0.44913478695690501,0.87695058733877862,0.17098424053504596,0.12293779264401289,-0.12889470021001395,0.98400836144698889,-9.0879480248574485,-22.19265473753633,-1.3687066269969366,,0.1614612906838218,0.4,False,1
-0.029921738766988532,0.99938890145607129,0.018069676133916537,-0.99683987501459859,-0.031166540499839166,0.073067847471707442,0.07358636510955624,-0.015826256654573032,0.99716326470155547,-9.8551829594519944,1.6529005636434433,-3.2696357099794597,0.2815979403226966,0.1332794357679082,0.2321428571428572,True,5
0.92585720327395493,0.37311899049770592,0.059754983689246921,-0.37351913599632736,0.87973511743620958,0.2941930967817814,0.057200473689353742,-0.29470042768796634,0.953876178405899,10.406003570395267,-2.8221365374798788,-1.6957987310642411,,0.5697038273946138,0.3658536585365854,False,2
0.23034929229862522,-0.96297841987564525,-0.1400420165212149,0.97167338511266887,0.21980378152603186,0.086816647542642386,-0.052820793265620503,-0.15607325357236007,0.98633214655010026,-8.2081309258255555,-2.0466786927015455,-2.7860245158353805,,0.352587387826698,0.9045454545454545,True,5
0.20871261377827235,0.97601459300744331,-0.061923816794153125,-0.97348869744798783,0.21339717015564066,0.08234927874962486,0.093588465052380249,0.043094802541358265,0.99467785599311487,8.3790754224328765,-1.2787819068297199,-1.9206228664164695,0.3365099948065262,0.3083288716828552,0.868020304568528,True,5
-0.40780284480090245,0.9129833562689057,-0.01257898836373092,-0.91303160708646036,-0.40787334320407181,-0.0035525152565629575,-0.0083740213401734195,0.010036288133434171,0.99991457069446521,5.5901668138388008,23.460817828750031,-4.0548526597179206,0.3916762625393278,0.3740314067023577,0.875,True,5
-0.52154012115294301,-0.81106977834981164,-0.26488057058863523,0.84510330935484135,-0.5337880835650981,-0.029507259469402289,-0.11745764575057889,-0.23924066646681777,0.96382965557366207,11.803350930081962,-4.1699055772037461,-1.5528122909592179,,0.9074433255748278,0.5333333333333333,False,1
0.17733812027252108,0.98003043491657404,0.089952975133905114,-0.97968662653534022,0.16709975912639408,0.11086831958547282,0.093623206984242507,-0.10778690614881366,0.989755867866846,-8.7138538519253022,20.1279985993129,-4.7355782123394707,,0.07724584368123127,0.6,False,1
-0.99153497923567957,0.087391633563139906,-0.096026492882255496,-0.088400939492937855,-0.99606505632961395,0.006299004353730403,-0.095098153761605284,0.01473451533808481,0.99535884745597414,-5.8606957408033242,-16.310899874616098,-1.4947699294755326,0.29673966260359,0.2530072702886278,0.2692307692307692,True,4
-0.44023393033852593,0.89670715686118874,-0.045938670122427347,-0.89757416863968709,-0.43816403234994833,0.048712344899501825,0.023552035357237051,0.062678190694664085,0.99775585492733376,0.30335858039436314,14.137587087289491,-3.5793320279560747,0.220444248030316,0.2764455707054327,0.9140625,True,5
-0.32485094717497331,0.87001434870688188,0.37087315238995544,-0.94487940257157721,-0.3155204376560673,-0.08746295225581438,0.040924035914140636,-0.37884282554307958,0.92455575106049404,11.351249660136403,2.8742995336386423,-2.0948779177436148,,0.577418292065382,0.3,False,1
0.59415361570882108,-0.77006397761274425,-0.232342314965168,0.80434415546616378,0.56757901892575569,0.17573996939427231,-0.0034583966744262465,-0.29129972134987603,0.95662558602304104,-5.6827616103584226,17.322735660355821,-4.2909439430973437,,0.2790178303549334,0.4,False,3
0.97444830044760089,0.21295767438467245,-0.071411054294518203,-0.18356094375733834,0.93825907963872512,0.29321541467393586,0.12944454288110441,-0.2726149819730469,0.95337567722390404,11.234065259731059,13.660411160293231,-2.8426451327998752,,0.4627025855512915,0.75,False,5
0.47501506929974896,0.87777549995368775,-0.062216200616954903,-0.8725453348965273,0.4789940642988999,0.096069375540436597,0.11412853494399625,0.0086520545233863683,0.99342831621816707,10.413399933902625,10.206981900242164,-2.6393183992740754,0.2767503214825014,0.2453037554813819,0.84375,True,5
-0.64665236444989593,-0.75089420821221675,-0.13415888947329266,0.75173431937356439,-0.65717936085563611,0.054870763994513558,-0.12936859212082011,-0.065369532189894525,0.98943953409693086,-9.6051119059607313,0.53951432781475905,-3.131131436252117,0.2474944946021868,0.2175951051289469,0.6916666666666667,True,4
-0.94213421077118442,0.31938260214252157,-0.10187189182120149,-0.31031581164473004,-0.94583047943920973,-0.095440039852611208,-0.12683542855933921,-0.058304867828229995,0.99020872367885271,1.011920464103687,-18.148248662692417,-0.91164927306709642,,0.3028747647097609,0.2777777777777778,False,5
-0.94317251344532538,0.32449407449418427,-0.071618471775035761,-0.32571345783409777,-0.94545114112239659,0.0057343819295882364,-0.065850992908111819,0.028735611504225791,0.99741561616233732,-3.4560942055340029,14.503874392459098,-3.9071704451027287,,0.07621515653226107,0.1923076923076923,False,5
-0.7209174083162424,0.69059506640140256,-0.057935694080899755,-0.69276540339274151,-0.72039911932387468,0.033184405064408971,-0.018819836574351059,0.064059059776343047,0.99776863581287545,-6.1963728917982452,-8.0000602340339402,-2.09926490322403,0.9682236480926119,0.3572970413576419,0.4571428571428571,True,5
-0.94723582136984075,-0.21403883713005381,-0.23860359367330516,0.27116459596025777,-0.93202008625207833,-0.24043360979775025,-0.1709212117073583,-0.29244817493477548,0.94088256672435255,-12.214840303460251,6.8055989364464144,-3.894592427061625,,0.6812564597403824,0.2857142857142857,False,3
0.69683953926900644,-0.70812793890573844,-0.1138836188943336,0.71707537229002405,0.69111901784174012,0.090318401406313475,0.01475015140540098,-0.14460057163987816,0.98938016339268631,4.0476244369059708,1.319965365116315,-2.2751390225927541,,0.4720589980664023,1.0,False,5
-0.52710042571449822,-0.81147670615435019,-0.25233053041691733,0.84181256914460612,-0.53921819189668196,-0.024399589296391758,-0.11626151401798585,-0.2252760459892732,0.96733342931053845,6.7563648431273995,-4.9547858117711652,-1.7321860982889532,,0.08924515344439739,0.375,False,2
-0.98852866053667265,-0.11346289062941536,-0.099685805145905027,0.11941891330765372,-0.99126642247143393,-0.055946428171081627,-0.092467347977483946,-0.067209018224493003,0.993444883940377,-12.705600856082086,-19.510397208707268,-1.8352753237262547,,0.2758154246514878,0.2941176470588235,False,2
0.11525472692946334,0.96038078239629154,0.25374219342533988,-0.98926401144684928,0.087868495605356492,0.11677261295415209,0.08985022858347988,-0.26447661576014475,0.96019740477651694,-5.8899553893339123,10.48989842005764,-3.7265708658640389,,0.4068230306745132,0.16,False,2
-0.99355987661195988,-0.047990676566721388,-0.10264339506025646,0.052440218506350271,-0.99777801358372153,-0.041098164094387463,-0.1004429941301721,-0.046216128911791186,0.99386884162779499,8.4512057258535176,30.543928940112274,-4.4866207658437744,,0.2447982995492414,0.8846153846153846,False,3
0.33210193994375015,0.9417003884602031,0.053932178330752048,-0.94047685587624608,0.32621005271306475,0.095342986475509914,0.072191308664738552,-0.082385556275610297,0.99398241185165359,1.9276042557533537,-14.370251352632758,-1.1888103945809616,,0.245064736190376,0.2083333333333333,False,4
0.91887400093964966,-0.37806343303610063,-0.11286545529132663,0.38976568607496326,0.91421473910059192,0.11087885627904581,0.061264021706657276,-0.14587477990452624,0.98740430839253079,-13.378560311912942,-21.144266811340177,-1.7761608322430515,,0.1358846498919033,0.5882352941176471,False,1
0.77887560022021729,0.62214946460139564,0.079264387197486477,-0.5905683203269424,0.68498211981782464,0.42664804529740152,0.21114416498641519,-0.37911678837275997,0.90093762401517785,-15.360404510776805,-3.1719371956115396,-3.3272349817274849,,0.6022740339677491,0.1052631578947368,False,2
0.99209575078719081,-0.038185558030314509,-0.11953193894484609,0.085145611747125538,0.90457770868572973,0.4177192762479166,0.09217508378194561,-0.42459513905223772,0.90067903374232205,-14.270651511129268,7.3333346307128737,-4.1097513476460286,,0.3888659661110052,0.1071428571428571,False,1
-0.45416159833176117,0.89049114776376692,-0.027618080221283973,-0.89060029080900704,-0.45295124663700509,0.040820217795782092,0.023840398730981538,0.043135645635044996,0.99878473730028317,15.896297008634408,6.0176231158910527,-2.248254349362325,,0.3023711188434165,0.6590909090909091,False,1
0.03253613528127975,-0.93470739858991758,-0.35392580991251332,0.99585801433448595,0.00023732355597069071,0.090921718875666233,-0.084901208393839508,-0.35541809562654519,0.93084357553483033,12.250458905603336,-3.529992080311239,-1.617765954629057,,0.3475502223154315,0.1666666666666667,False,4
-0.42752977641735734,0.9039751558066873,-0.0068708049602589638,-0.9035460882786096,-0.42706100621381871,0.034976611157537314,0.02868373464089756,0.021161631693186016,0.99936451243334357,4.9371880353476003,-11.388103562494738,-1.2511332607547021,,0.1580168388321543,0.4117647058823529,False,3
0.77392332054672242,0.63315064939615362,-0.012765151121891347,-0.62057392797202149,0.76225959271261778,0.18397911087667251,0.12621685242198,-0.13446400442803941,0.98284726060454819,-6.064585991385707,-17.505318413851825,-1.4241951474723633,0.2102870252007549,0.204944528720496,0.2307692307692308,True,4
0.49742359450266765,-0.80219925070893505,-0.33022133455315755,0.86732662406089667,0.45210096484400702,0.20820481450303932,-0.01772836222477274,-0.38997574251373723,0.92065445495239195,-12.307829261094726,-5.5289458031603385,-2.8708320123044473,,0.3570819419931366,0.2727272727272727,False,1
-0.76182085571519498,0.64304053199026012,0.078280636271385387,-0.64595905180136448,-0.74502935347044452,-0.16633750588275387,-0.048640386442253741,-0.17728546664940237,0.9829567519080652,-9.0409168602623833,12.064256405093484,-4.0938141335455303,,0.2470535770990017,0.1428571428571428,False,2
0.85553074469106682,0.51088550959080858,-0.084042495075342644,-0.50362627443441454,0.85881057117080251,0.093834847176262934,0.12011544691529508,-0.037952587993713247,0.99203421336006314,-6.0357419421905263,-15.033336872851006,-1.6043335817615851,,0.09869353520477933,0.2307692307692308,False,2
0.8115276978372733,-0.56918526799609159,-0.13210195433510041,0.5832300100980744,0.80281405360696467,0.12382386947658386,0.035574583116821649,-0.17753232389447107,0.98347177031610489,-8.1793061366301281,-27.786837732106154,-0.84872941754243469,,0.1022946365876901,0.5454545454545454,False,1
0.58287034073106969,0.81249075461095188,-0.010997252737532603,-0.80360376132104583,0.5783938004531205,0.1402911486447519,0.12034600403301661,-0.072934115948040279,0.99004921799078438,-6.8218674154077075,-3.2246465568418965,-2.5731183832934899,,0.1846347932634733,0.4326241134751773,False,1
0.46286591414622813,-0.78819564852567181,-0.40558940465299587,0.88613945042555464,0.39975768922448252,0.23441558033841808,-0.022627857191345989,-0.46791175402109408,0.88348546707222675,14.612471677155005,3.7754237132322435,-2.0922556708389046,,0.5518981808865321,0.2105263157894737,False,1
0.89533502912703034,0.44404376360651554,0.034645658028999549,-0.42166425230112337,0.82001528567245718,0.38700670484483168,0.1434379445942946,-0.36110949484288168,0.92142579125227708,10.498190553546975,11.494606769923578,-2.7507883302365603,,0.3249384791833944,0.2280701754385965,False,3
-0.62684846364126934,0.77914035966308859,0.001141741937350782,-0.77912876716279589,-0.62684606803812426,0.0047298165422475225,0.0044008874060096903,0.0020753142447467662,0.99998816256034928,4.5397499801246814,-5.7170698641479705,-1.7448649621580801,,0.5126684341778464,0.2,False,3
-0.017626392546639075,0.99873101963269773,-0.047176908644206497,-0.99698597727950233,-0.013990951069274128,0.076309988836410242,0.075553103138307057,0.048379786188130242,0.99596743164350676,-5.8135669092507118,-29.623445562832551,-0.57639091051281877,,0.2117439095777513,0.631578947368421,False,1
0.98544116377796098,0.14963087198605554,-0.080723694666622589,-0.13107783259605224,0.97103346743195085,0.19978139785526386,0.10827887390372487,-0.18629172626763263,0.97650964060288015,2.2264563417314416,21.855729151407335,-4.1174495557128257,,0.2776132263216859,0.1333333333333333,False,1
-0.93939909835118618,0.33666112712611673,-0.064719544954746633,-0.33639618686808032,-0.94159663535845262,-0.015276836788257753,-0.066082822863376189,0.0074203614340664741,0.99778654969817759,-6.019643772640781,-4.0301390611501677,-2.4529452565434431,,0.1128597565170077,0.3636363636363636,False,2
0.025183370617451468,0.96416161714494453,0.26411772728991345,-0.99649454399984572,0.0031271013077447292,0.083599312293523756,0.079777325242722255,-0.26529718668288971,0.96086054197019688,12.884085509491696,26.631066756475029,-3.932242479637392,,0.5095692888340482,0.1818181818181818,False,1
-0.80368966136498687,0.58839217903331797,0.088755686395050104,-0.59281100879617088,-0.77878750894159043,-0.2050978394976847,-0.051556144785066413,-0.21745036116083091,0.97470883055706703,-13.61652080064213,-2.4648402331025228,-3.2143892011830109,,0.38133353922117,0.3684210526315789,False,3
-0.90685744930858014,0.41418998502848725,0.077821738194650117,-0.41743817337241979,-0.85742513466349002,-0.30094436339428698,-0.057921827017392631,-0.30539940201217919,0.95046108137344043,11.334855253436309,26.46418157351108,-3.9868910128882513,,0.599832863402447,0.32,False,1
0.52277088270412253,0.81731182900963284,0.24230554751734817,-0.844333780394394,0.45723832842964285,0.27934490920684041,0.11752051515231086,-0.35062014371081884,0.92911487090808154,-11.372511823205603,-1.4632519603551823,-3.1171879631583668,,0.3832339198556138,0.1428571428571428,False,1
0.15360882889152908,0.98710425155828996,-0.045050241310359493,-0.9842448853447513,0.1568853182637209,0.081541416384488183,0.087557600237046229,0.031814988116290382,0.99565128090707067,5.2353597004318955,-15.932210220118476,-0.89298437154050647,,0.3270555352122809,0.625,True,3
0.59016409398103509,-0.73944541295084842,-0.32392410135939625,0.80711785256501312,0.54858387499199113,0.21821206238339019,0.016343630147093891,-0.39022584917547432,0.92057409934719236,-6.0460204559609618,-24.35581558635484,-0.95730944730891931,,0.2859187500261962,0.1923076923076923,False,2
0.23145004602889402,0.97241009151300739,-0.029146013739244081,-0.96764110451422358,0.23320339342000485,0.096368408474398273,0.10050656221221027,0.0058984083496981671,0.99491891113357778,-8.7979697231578964,-9.5673631340062801,-2.2033674833394308,,0.2576380736402271,0.5925925925925926,False,2
0.97467167952254541,-0.19187509225932323,-0.11488718861203497,0.20850513663813283,0.96541024103310802,0.15655246565899145,0.080874749657817352,-0.17654182359676807,0.98096496338498929,-2.9782888121088811,21.30810862664082,-4.4442009444825654,,0.1555841906598315,0.5882352941176471,False,1
-0.993255567250515,-0.022489767237139371,-0.1137435206747025,0.053203301894902168,-0.96003647089686306,-0.27477151092385094,-0.1030183808518513,-0.27896986381599587,0.95475809935771017,-12.417846051803595,-2.3326367231808987,-3.1357860899877803,,0.1525775336544122,0.4285714285714285,False,1
-0.38563832672348275,0.88275988636081282,0.26836181545472848,-0.92205603829009442,-0.37916318806417193,-0.077768496640925208,0.033102012245309384,-0.27743514530293151,0.96017394097947339,-14.260111393795704,-0.56729400718162848,-3.4521499014573203,,0.7627270295117986,0.5,False,1
-0.33850720710752608,-0.90381846096168317,-0.26177291754709003,0.93470470759718893,-0.35501566206033952,0.017058408117732279,-0.10835118980387191,-0.23890598426308213,0.96497873051760696,6.9059542057294463,3.1119795090329574,-2.3025675902509093,,0.5608725501813763,0.2794117647058824,False,2
0.99430674208804459,-0.049584003112300275,-0.094316113541739063,0.083160821115716738,0.91450824953190246,0.39592794719425312,0.066621171331781456,-0.40151723272289919,0.91342516461772971,-5.9623649844906668,-22.453165837721958,-1.0889133586780346,,0.3780381877018065,0.3157894736842105,False,2
0.94847575553169872,0.316081496810805,-0.022050590523055726,-0.29435359376148257,0.90475317432893643,0.30785979825468335,0.11725912761177495,-0.28550688418242276,0.95117617509910934,8.3303654601150896,-3.5226817668691632,-1.7610246930396283,,0.434609939259866,0.3846153846153846,False,1
-0.72930304166492566,0.65684724001726835,0.19149093111681428,-0.68391056319384402,-0.69185984764302111,-0.23150873152271034,-0.019580984913091862,-0.29980269261811543,0.95380025714441952,-3.3923944420582468,8.1988534460560274,-3.3284767839815288,,0.4722851892139803,0.1940298507462687,False,1
-0.54222209590953185,0.83656255758039799,-0.078474747288659746,-0.84016106686592595,-0.53856376251463645,0.063862785946031009,0.011161560383055311,0.10055924105035299,0.99486846296844378,-7.4625909223139715,-13.507800486910796,-1.8251117441657427,,0.07225213806325934,0.4285714285714285,False,1
-0.94706537887659581,-0.26407581088897397,-0.18256816326145645,0.29226312274415533,-0.94451554510182989,-0.1499088127657231,-0.13285117695062268,-0.19533138806736824,0.97169759370830511,3.148549328475799,-14.355420580746761,-1.1199152577141511,,0.3398412959519349,0.52,False,2
0.85783376756201479,0.51339429102596157,-0.023399341279406467,-0.49872335244179689,0.84258529755136879,0.20328559732427387,0.12408160604849938,-0.16271545191598102,0.97883984223579878,-9.8878693172388523,-19.897393433036125,-1.5874784946697929,,0.1349422435770228,0.3157894736842105,False,1
-0.57404117326952853,-0.76402851785465808,-0.29451172352923016,0.80999123143863305,-0.58253973402867409,-0.067540086395624421,-0.11996222898841961,-0.27732270405182491,0.95325819242926724,6.6477761073139074,22.001770730852115,-3.8659079080814727,,0.4577137217596683,0.3125,False,1
-0.79850478261919899,0.59491260848638328,-0.092027715380714942,-0.60108913961437471,-0.796293259191166,0.06788881796262114,-0.032893135635226341,0.10952640608838761,0.99343948381239866,10.198944287970406,-11.245314005943447,-1.0934346542002944,,0.1971172746181474,0.9130434782608695,False,1
-0.95513902461242661,0.28067316783165003,-0.094509346213846782,-0.28706092848201825,-0.95588076199692307,0.062353766391640454,-0.072838636735346504,0.086686456286597963,0.99356931881726718,-11.953773353548266,-17.831035711725825,-1.8824820946063572,,0.2007076640319915,0.6666666666666666,False,1
-0.99220508388252249,0.11284760017109757,-0.052862942155172746,-0.083729054945741038,-0.91789131347754294,-0.38789815931551469,-0.092295811798640812,-0.38044836151322237,0.92018505059924494,-10.039718874137055,-12.579501821200457,-2.0806208765941481,,0.3552815825216004,0.3636363636363636,False,1
-0.68102675277563474,0.71157214603777263,0.1728225766127629,-0.73217543012763231,-0.6581569058459994,-0.17535286369101022,-0.011031841246692049,-0.2459564357166123,0.96921810249720841,-5.7988766839024919,-28.129844071562029,-0.67351048638391753,,0.5437702940709472,0.2432432432432433,False,1
0.7835399024048969,-0.56126427177197047,-0.26654762908644608,0.62062218504267386,0.72759615361296603,0.29228742819436321,0.029888539144342294,-0.39444423494316389,0.91843367792558672,3.9227340715711052,-9.9745383454218874,-1.379987270417093,,0.4147467388874807,0.3333333333333333,False,1
-0.63728997969982726,-0.71016326699297105,-0.29921499960407172,0.76083376479592546,-0.6415238665327212,-0.097872933006864851,-0.12244780161625136,-0.2900263141212846,0.94915292392562844,-1.1321891255049421,9.2297691276575176,-3.2725774753066617,,0.6069260135588657,0.31,False,1
-0.073831946553068697,-0.86745853143640295,-0.49200054868504578,0.99369253587461548,-0.10574529340890318,0.037323947660221256,-0.084403719202786109,-0.48614157316574597,0.86979444872031275,9.9030887373061898,-2.0179544496435367,-1.7698555989845284,,0.3140577237386509,0.2307692307692308,False,1
0.61864303068789417,0.78191149101955815,-0.076780341187498546,-0.7761766565624677,0.62338846839788253,0.094533672710050809,0.12178094427621231,0.0011125107252348693,0.99255637821288534,-9.6793722609102293,-11.05124980297906,-2.1780395612953143,,0.1869293381645362,0.5625,False,1
0.6798415935969172,-0.67804980476186449,-0.27939912290127222,0.73327904394170518,0.63412547867243496,0.24532982088281263,0.010828265398573428,-0.37166293810501355,0.92830458854171671,9.3770857573965074,5.8087504216359296,-2.4155921363845332,,0.8607673710391878,0.6116504854368932,False,1
0.79919285358106662,-0.48039757222886198,-0.36126023221711978,0.60016630227482104,0.67080486418015439,0.43568479868594523,0.033033201460347522,-0.5650123952524051,0.82442088814659475,1.8748395886526275,10.342037278539472,-3.1543310172938028,,0.08834502942414871,0.125,False,1
0.65757789682291667,0.74809007604652056,0.089177058320293864,-0.74326068239020993,0.62483729238279317,0.239043753443966,0.12310510802882729,-0.22347168985903221,0.96690513299328373,-11.679954087091643,-16.240299163608423,-1.9868240915098543,,0.235787015764269,0.4,False,1
-0.053092452958897932,0.99748547161639955,-0.046945983353374902,-0.99599452747724659,-0.049508848904619221,0.074456531718277236,0.07194506705940619,0.050711022414734692,0.99611861719951267,-9.6047206938209619,3.2971527724964309,-3.3656956150756758,,0.08632654899905579,0.125,False,1
