axis_00,axis_01,axis_02,axis_10,axis_11,axis_12,axis_20,axis_21,axis_22,location_x,location_y,location_z,dbh,dbh_approximation,score,reconstructed,number_clusters
0.24438670787062239,0.96966971438181104,0.0039726599220438058,-0.96065945076396997,0.24155432700887292,0.13705811453963024,0.13194148958544841,-0.037311554698077572,0.99055504199008837,-0.79231282213086907,-21.566906355974474,0.99000871472319296,,0.1624403460194351,0.25,False,5
0.25450257366700679,0.96669263200622446,-0.02708865485306931,-0.95614641769732656,0.25572718460373822,0.1427852757787578,0.14495677949457977,-0.010438499869445637,0.98938292374542036,-5.9734837981739783,-10.938673458212405,-0.75699566915381433,,0.1270532781029912,0.4,False,4
0.5907711817410356,0.80590637027579626,-0.038785734145314985,-0.79265519930530604,0.5886886950146667,0.15856656449641049,0.15062252765959647,-0.062932842863003324,0.98658619058378005,-5.8746206464897703,-6.360092457314078,-1.4852629719351476,0.2247141071955013,0.1987368390651076,0.4854368932038835,True,4
0.54700964999192536,-0.71377510509192221,-0.43738489019023846,0.8342244365963144,0.42132413709232003,0.35574648401491477,-0.069642172577206202,-0.55947392330154921,0.82591700366580378,8.7013754512442443,1.6171935884217032,-2.3203243246663474,,0.5002636143859498,0.2463768115942029,False,1
0.90342958059056344,-0.41128253942042675,-0.12108536526700982,0.4268306095795506,0.88939851154964533,0.16366404119178435,0.040380981165757238,-0.1995418763597307,0.97905690127741296,11.798235065513708,6.0170362030480309,-3.0642762484043562,0.6062211613013502,0.2667133570255072,0.6458333333333334,True,6
0.98403073974758515,0.17722554093354775,-0.016571387166802121,-0.16863842410044547,0.95802818742686979,0.23182552493740949,0.056961260069796377,-0.22532887017956346,0.9726162219060831,-3.220616364659195,29.064056804868393,-6.8096537681459228,,0.2624269567277697,0.2,False,4
0.97717533928304212,-0.19638775393220445,-0.080995101102088976,0.20764721164403155,0.96349055999648037,0.1690224135850914,0.044844083149646982,-0.18198294124212536,0.98227858436562432,-5.9145480759021076,-2.400522627835759,-2.0803141383831973,0.3506107557543567,0.2795617926456049,0.9429347826086957,True,5
0.076764673307265996,0.99693393215586179,0.015163108133934275,-0.98657199959845165,0.073750314896689567,0.14572776214899169,0.14416266694377816,-0.026146241964989374,0.9892085217439075,-3.5409952103043985,-15.124539529354347,-0.018662991826094245,0.3209634386206427,0.2043911421436969,0.3333333333333333,True,5
0.80390905519161537,0.59219957497233855,-0.055044476412330026,-0.57986235412438136,0.80099835476170944,0.14886667168431844,0.13224931474399601,-0.087757045709263071,0.98732407024144175,6.7581336689288634,10.329495620886341,-3.728302066203347,0.2604605609628998,0.2138946509455558,0.7111111111111111,True,3
-0.68126001292648408,-0.673328342759968,-0.28725204546446831,0.71527396015472111,-0.69577108643062047,-0.065465694922881124,-0.15578175988217796,-0.25006306829131775,0.95561524954593646,11.907490525393388,-4.2288625897522181,-1.4099179699343256,,0.3897462035757719,0.3125,False,5
0.50849252480153306,0.86059195824559953,-0.028580301327450597,-0.84863725283555536,0.50649570560656132,0.15256773348855435,0.14577436441530287,-0.053325243601102301,0.98787967540293053,9.6390980138472031,-5.6250910006591859,-1.1638929563969387,0.2261253857043314,0.2413884787618588,0.8181818181818182,True,5
0.94192967773110037,0.33137729059722149,-0.054383577354104963,-0.31834992760871689,0.93270739625996457,0.16944095299980413,0.10687284875453586,-0.14228845433977366,0.98403871364936035,10.295966763792631,-0.2008788984846725,-2.0265010123932585,0.3657752483057155,0.350347176825652,0.9235294117647059,True,2
0.1246502238607822,0.99192529636851401,-0.023377940792391146,-0.98271927969987016,0.12667431608234744,0.13496827386922353,0.13683982971936606,0.0061501275844627681,0.99057409462042278,-9.0581062650035502,10.351859107301431,-4.2207393233096626,0.414856738317284,0.2938171706945605,0.8372093023255814,True,5
0.53524982993579817,-0.71255596159238976,-0.45362056958745245,0.84182948465874563,0.40580045702228101,0.35587793952379226,-0.069503512953598592,-0.57235477693442349,0.81705524354688319,9.0910779394238244,-4.1650482551572887,-1.4477624793703503,,0.333851564698071,0.1794871794871795,False,2
-0.70791533105301441,-0.68032997568498377,-0.18975512705740177,0.69443483008860807,-0.71946844534138288,-0.011199237378506866,-0.12890364936613552,-0.13970068125289595,0.98176757373503087,-7.2468822138416202,-17.031053023352346,-0.014613364890689708,,0.2116502409622081,0.4761904761904762,False,4
0.83600346560073968,-0.50998604883832166,-0.20251527224836571,0.54861169787816522,0.76935333041611331,0.32729292373785257,-0.011109025825403566,-0.38472026586587832,0.92296636264671006,5.4097524397398464,11.559721115190566,-3.9388788953527638,,0.3848658270796122,0.4444444444444444,False,1
0.48674857334077948,-0.79925506476522001,-0.35251548589793863,0.86475700615118667,0.38378782328598193,0.32388613278410683,-0.12357648102754779,-0.46249134926455848,0.87796959240755956,5.4079571177600441,-3.9350872594568793,-1.4965391382513997,,0.3938404220148438,0.35,False,2
0.28533810048460362,0.95842178070348161,0.0031398542971731169,-0.94668973618263297,0.28133111740598049,0.15694376631634921,0.14953498526531067,-0.04775450399984929,0.98760254937370118,-7.5264406871324949,-12.020793018376656,-0.69219916904175038,0.3029804038803015,0.2161952994635659,0.75,True,5
-0.7845963651285055,0.61803838811796885,-0.049366938731101088,-0.61954482424641955,-0.77844896636371186,0.10090301044439687,0.02393229150353926,0.10975316660494117,0.99367071399109796,-7.4294917836253394,12.259537212122872,-4.4572088872258631,0.1508926697534116,0.1354516510957441,0.4583333333333333,True,5
-0.15892026538370482,0.98724566667671143,0.0095048870813342554,-0.97895985075577274,-0.15881993458440163,0.12811650552072429,0.12799203044958765,0.011055406218792939,0.99171357666149229,-4.5053682338522005,25.596915143466045,-6.3600709301607985,,0.2120282940125304,0.6153846153846154,False,4
-0.46207496046868668,0.87977635891011818,0.11171521476825208,-0.88224256339226126,-0.46882863727710444,0.042985674450282771,0.09019307205608415,-0.07869731362472554,0.99281012413317893,16.225963144368961,-0.19005285710446318,-2.0166552011060705,,0.3343571769918053,0.2826086956521739,False,5
0.33211016370448349,0.94318956195032522,-0.0098127158389493194,-0.92509970659769147,0.32773571392957457,0.19178069420027291,0.18410152638435068,-0.054614577202673535,0.9813887486312074,-10.078244484097251,30.240314591767817,-7.2442864490059717,,0.2949520602453839,0.5625,False,2
0.99819294369810463,0.029015852538232093,-0.052620599129923368,-0.016999888324233606,0.97627767847955949,0.21585388182640042,0.057635500763644945,-0.21456927740019452,0.97500675600104558,-9.5724374728578407,-5.4335900051993393,-1.814633607517854,0.4935326014433033,0.2187249007665445,0.3333333333333333,True,5
0.99705764503222127,-0.027191335021238598,-0.07167066193752368,0.052454632449464335,0.92380847427958535,0.37924453111919143,0.05589779975447725,-0.38188811731839289,0.9225166133103625,7.80317648278377,0.082024575216228135,-2.059335399731232,,0.1469793373735076,0.3333333333333333,False,3
0.81601685300153426,0.57662702694974344,-0.040221479442861849,-0.56245928044077798,0.80815434552846743,0.17471723340728879,0.13325184225186207,-0.11994926258445468,0.98379678843851237,-4.4042340277358756,14.746858690935586,-4.7211007147903832,0.3447873999651125,0.2716758469272222,0.9126984126984127,True,5
0.92104013651285643,0.38519108140802066,-0.057557777372821979,-0.37035806560323631,0.91195505581316172,0.17655843060993434,0.12049883889485696,-0.14130041394324946,0.9826058328976367,-8.8001082959147077,13.815618629274642,-4.7369422672672785,0.2854043858806954,0.247395164331051,0.75,True,5
0.98555974138508062,0.16701530263402617,-0.027890587068715611,-0.14646433148557983,0.92349558010468513,0.35454775860184662,0.084971735085586808,-0.34534302108653619,0.93462184974639284,2.4275037983808789,-29.551178446903034,2.2053522728792188,,0.365308009246183,0.3571428571428572,False,3
0.52605387677222659,0.84987256807668798,0.03136776631585398,-0.83743524971866701,0.51122197162231842,0.19327260090148141,0.14822119032562384,-0.12794027419590959,0.98064354633940798,4.2684491483318192,0.066010985519554144,-2.0444794006481288,,0.7089074001813185,0.4027777777777778,False,1
0.70283305363306103,0.70573919488006853,0.089206992611899127,-0.69338013576925861,0.65165286145250167,0.30752647931742544,0.15890149792066563,-0.27799413118049632,0.94734870928701309,10.871055160960012,3.446747239738039,-2.6804018009750035,,0.2969865985822935,0.2272727272727273,False,2
0.97806629598186123,0.19909300471417005,-0.061223330015656489,-0.18444918107465647,0.96440038836749697,0.18950037075823739,0.096772001452957335,-0.17405133263064734,0.97997005737128773,7.7827695253119424,7.2951591995740799,-3.2365016936896236,0.2402492558425728,0.1923821420515933,0.8113207547169812,True,5
-0.53125303189376893,0.84711331469799112,0.013009541308526155,-0.84446779991194165,-0.53070426962036021,0.07229877674347493,0.068149475534012433,0.02742280562050721,0.99729816941391047,6.4672237841244584,-17.761201064006855,0.67510258435991521,,0.1814728276243513,0.5625,False,4
0.62130447189025195,0.74898120764296638,0.23023445399605041,-0.77455366919856539,0.54260204714754012,0.32503789311761599,0.11852158765480432,-0.38027643764632962,0.91724722089020383,0.97134247726523293,23.333349657822442,-5.8289891885200866,,0.5975647345211071,0.303030303030303,False,3
-0.00058571250600382993,0.99761615463839426,0.069004818276446098,-0.99393260441823883,-0.0081705618974715274,0.10968691714446999,0.10998924863475773,-0.068521893747798795,0.99156800838973136,-16.529966014597612,9.7692788753732742,-4.5009367193977088,,0.2503629282401675,0.4,False,4
0.30404998779333964,0.95211922943378691,-0.031977771424570249,-0.94175549887465859,0.30546492420584598,0.14066897461508679,0.14370172324023556,-0.012655157933772782,0.98954012637965227,-5.869697067844867,7.5438160768169586,-3.6450581607963843,0.2912995634793149,0.2756984066417931,0.9107806691449815,True,5
0.43378102073260716,0.90095311798383593,-0.010839983735377881,-0.88902927891922645,0.42993418418257401,0.15742788347566058,0.14649562203881436,-0.058652165062086793,0.98747099008375538,-4.4976370832754844,18.076505677970459,-5.2340818283354977,0.3395730537360008,0.3704873634800874,0.9158878504672897,True,5
-0.22299272739141307,0.97395530709828149,-0.041052445793545153,-0.96816478048810295,-0.21636124957904862,0.12587600050453177,0.11371544025752703,0.067814964835835781,0.99119621124747659,-0.13810124382452663,-22.689332008514867,1.1431605722469214,0.145127158787219,0.2256576133037036,0.6666666666666666,True,4
0.97632231465107611,0.2093694600514649,-0.054398227104596658,-0.19421993987962391,0.9591368581975227,0.20575495668425697,0.095254148820513584,-0.19031793516309276,0.97709044140639123,4.2064298010868102,-9.4421749974751741,-0.65987015960686268,,0.306174201969827,0.485981308411215,False,5
-0.99707161981182535,-0.022873497573619173,-0.072972515884901862,0.014840483995212757,-0.99395469822458737,0.10878335310173576,-0.075019630768289269,0.10738184663162914,0.99138347475301936,-6.0056042005435728,4.904379387414096,-3.2805521887800695,0.3911645790455174,0.3781574528204383,0.9848484848484849,True,5
0.74959628271878598,0.66072253436483253,-0.039384584759659155,-0.6470042295569628,0.74398441800144044,0.16695122852635513,0.13960995619789912,-0.099664027379846143,0.98517822843222147,-5.6858118559639772,12.6446274046969,-4.4618492030232391,0.4315643299022408,0.3863380394113894,0.961352657004831,True,5
0.95314436085437171,0.29815327338309211,-0.051190359858666226,-0.28079324850184567,0.934908932763723,0.21702635562156619,0.11256544304222951,-0.1924835395807778,0.97482260336081816,-9.8164205003404792,17.552809089443777,-5.3483969518395176,,0.2466507248884807,0.631578947368421,True,3
-0.49245967056617806,0.8702684263451782,-0.010786054539938673,-0.86687643373451029,-0.48936112527011011,0.095136416319455699,0.077515943531563269,0.056201024733173885,0.99540580836026515,-8.7502931653276157,7.1278081758198235,-3.7175638134152451,0.1864582917908673,0.1712548728998473,0.5034965034965035,True,4
-0.88440002840693321,0.4666707538089464,0.0074160159927176006,-0.46476284039089638,-0.87910473863094918,-0.10568992718511694,-0.042802943188530271,-0.09691886326200394,0.99437148088548843,13.302681393638405,3.2941205081671097,-2.6374364951843434,,0.2718669074937132,0.3823529411764706,False,3
0.58962094109632535,-0.71279622304471379,-0.37982718469571708,0.8047878643924582,0.47872852533076871,0.35090667186768265,-0.068290842338556756,-0.51258223091306843,0.85591811372634941,-12.195176116243653,4.7058250668779191,-3.522623034858845,,0.3578644290300869,0.4705882352941176,False,3
-0.57952026902711706,0.81488265684112593,0.011068575621427199,-0.81292584443640947,-0.57898049999693257,0.062714847290368608,0.057513730830908813,0.027346593989951998,0.9979701070488336,12.811488431458761,-11.947203465239504,-0.07793247308982415,,0.218237745159088,0.2727272727272727,False,4
0.94024537514375262,0.335874442210778,-0.05591952780902483,-0.3218257846782262,0.93025581595136331,0.17621657471676502,0.11120610971088662,-0.14769047348513642,0.98276178456669161,-5.7028418374814382,10.187971149355716,-4.0832533527847534,0.3108265330774984,0.2713121048676443,0.9390243902439024,True,5
0.84747625111085811,0.53060383813780621,-0.015606753554633201,-0.51537447022823235,0.82948408585791877,0.21527960132214691,0.12717373643978258,-0.17440102712393146,0.97642773542032457,-1.6380747866619543,-19.528903272828263,0.70089298645549813,,0.108265997351476,0.3181818181818182,False,5
-0.72758387865934926,0.68450510105828433,0.04554630764623771,-0.68480972300954657,-0.72863902775539846,0.010991383136625205,0.040710475145908843,-0.023193401148950819,0.99890175861119535,-2.4324199797479862,-17.389867879747865,0.33489095109981815,,0.3000757134543644,0.1739130434782609,False,5
-0.9896076225043221,0.016405179558931785,-0.14285525389351825,0.012092555246602734,-0.98045674632217616,-0.19636277320036791,-0.14328476398050916,-0.19604958218514643,0.97006908915606549,11.168388974784518,12.366678461083238,-3.9586788259664436,,0.3120269846609144,0.4722222222222222,False,5
0.53133094422540605,0.84642905919083011,-0.035288460803287472,-0.83475496118014525,0.53019706970524838,0.14857732687426681,0.14447000551558561,-0.049486513650635659,0.98827096611862109,-8.3531894980967181,-6.0204164412645822,-1.6561647484076114,0.2716190058647215,0.2453889823569333,0.3103448275862069,True,5
0.088511251228560683,0.91517921776739419,0.39320828802635222,-0.98675408042281454,0.026683442530706723,0.16001368273880581,0.13594904624483159,-0.40216289393897431,0.90541861233561438,-15.123263734673905,-4.8995900227427063,-2.2408310559052689,,0.3570911624292969,0.1818181818181818,False,1
0.9908069211578171,0.129278058107447,-0.039860113870057085,-0.10452523082236409,0.91860345504280405,0.38110650546133928,0.085884347277591158,-0.37343657570649125,0.92367147991984211,3.1115295689104183,28.224691956842712,-6.504816798355713,,0.2630345624376649,0.4615384615384616,False,1
0.96751376982528114,-0.23339967646212331,-0.097168391083981676,0.24961201204622271,0.9428891818199705,0.22057614161351213,0.040136624680081168,-0.23766485191177106,0.97051762968276223,0.073586399778719835,-23.830204515100267,1.2875681975323456,,0.1751450588960884,0.2222222222222222,False,3
0.4739259597294202,0.88046838614979006,0.013023274754540279,-0.86828955299023536,0.46480741616506427,0.17328392321844069,0.14651770153317903,-0.093431723032067454,0.98478580222741541,13.246565716031744,-4.6098952237359301,-1.3783267066790994,0.3999442359622014,0.195193468213887,0.2941176470588235,True,5
-0.97044867008139946,-0.22987464032498645,-0.073396379152521257,0.21963480940858363,-0.96742252305013465,0.12591351155204292,-0.099949633482558337,0.10607220008451487,0.9893223737164405,2.3957972559529477,5.5744319606955317,-3.0060651516369528,0.4046446795717746,0.3659808488464417,0.990409764603313,True,5
0.78797838364443595,0.61443399292290268,-0.039508673097433583,-0.60044010712687002,0.78106036487775488,0.1715120525517112,0.13624149390906809,-0.1114251980381735,0.98438949637812512,-6.7349127790817045,18.762762825123005,-5.4250331524166038,,0.3037345368358411,0.8780487804878049,True,5
0.95855992236769161,0.27743587137570436,-0.064747297275237967,-0.26438683583385025,0.95095252517668816,0.16058921476190247,0.10612481457326182,-0.13681605217986395,0.98489537088855639,9.8136241572737308,-9.9594695839975014,-0.4556609269432832,0.2796463006320187,0.3533222061655347,0.9558823529411765,True,5
0.81364426017400338,-0.56721786335256097,-0.1274633805438059,0.5812346023361985,0.78906304404931793,0.19886138278385285,-0.012221085589280631,-0.23588854997515377,0.971703265949868,-3.0989762775372642,22.770920099552768,-5.8904572961915935,0.3779918540368875,0.2612133367462295,0.6226415094339622,True,5
0.98209918491217096,0.16689587425471109,-0.087332457606582786,-0.129986102192099,0.93603098716207978,0.32703150354252997,0.13632609519734332,-0.30982536731058385,0.94096941371072584,-6.923247055095743,17.070402574336502,-5.205740530010444,,0.2340942557856686,0.1818181818181818,False,4
0.3863187833631907,0.92225095175920402,0.014525136833333854,-0.91045012334101239,0.37875795268855383,0.16620164314323468,0.1477781124832771,-0.077431229193511447,0.98598480425230806,-10.698946676928671,-7.7054633161263233,-1.5559871053825709,,0.1831812933626361,0.4222222222222222,False,2
-0.90386717414225892,0.42456102682260372,-0.052650413212299595,-0.42632905457215492,-0.90412658514570243,0.028260489386877516,-0.035604335911544542,0.047990129569627164,0.99821304275599942,-12.802844392163207,8.2582688204007653,-4.0867325856003562,,0.3261222113645467,0.6538461538461539,True,5
-0.28270647345273053,0.95894308177195242,-0.022477005797739494,-0.9536510948850011,-0.27847363473248438,0.11402641791934871,0.10308559110059716,0.053671227679177098,0.99322341908900391,-10.148686535572715,5.3051136732409905,-3.491384050483505,0.2970503798517858,0.2095278559054313,0.7142857142857143,True,5
0.25577889712293134,-0.95236166243505582,-0.16608557947791425,0.96334076606053465,0.23670664902061578,0.12627165459965417,-0.080942721924087552,-0.19229463391724885,0.97799337908502848,-14.091790703975345,-9.5310709513237768,-1.4978292720770476,0.5431648218538396,0.3137354630242112,0.5217391304347826,True,5
0.8474267010326445,-0.52172125726942276,-0.098361151325819435,0.53084288499341825,0.82964881876549579,0.172883397042287,-0.0085917302560305012,-0.19872032415993443,0.98001857887336852,-7.2099532591617281,-15.456709146292336,-0.21708943346438203,,0.1350023128473243,0.1739130434782609,False,5
0.85623708702416301,0.51648300403666636,0.010166481477651715,-0.49160776999764416,0.80863742113297987,0.32315216480993286,0.15868160347790161,-0.28169278955036015,0.94629240778578461,-2.4321742246288824,15.601699448844881,-4.7755611142474237,,0.446762359672833,0.2236842105263158,False,3
-0.88009360187260899,0.46962478750643866,0.069912880804831795,-0.47479986481208047,-0.87068063080845504,-0.12837572788273482,0.00058336723287356895,-0.14617728310009118,0.9892582380693874,-15.672328674410778,8.0019875465629102,-4.1820093810593528,,0.1462561201825852,0.2857142857142857,True,2
-0.095235643856417279,-0.99178219090108632,-0.085429842272451081,0.98557191296204438,-0.10600520573144893,0.13195037225476414,-0.13992203729074021,-0.071630874413728882,0.98756814514803715,2.4160118169838825,-2.7869712958304058,-1.7048642208820242,,0.4603656201386437,1.0,False,5
-0.92806995434895945,-0.3519390958836614,-0.12175809058667755,0.35070931377101699,-0.93593391378788671,0.032104302763850387,-0.12525628554681389,-0.012906657595271157,0.99204046344931707,-9.9470509794292603,-8.5993899274874721,-1.3965515373870494,,0.167519690787121,0.4285714285714285,True,5
-0.16532246069386256,0.96899515101998646,0.18362157087303549,-0.97870217546076765,-0.18416480354611464,0.090693863536532582,0.12169854452082987,-0.16471709818527019,0.97880424080964079,4.8475468797137795,14.700334328697419,-4.3775886045247701,,0.2865510147488303,0.4545454545454545,False,5
-0.19181085240481766,0.98070686266299767,0.037717985437139383,-0.97479356091617797,-0.19483510126197337,0.10870509147502126,0.11395661672800506,-0.01591643307828617,0.99335822172163557,14.792283446792064,-7.3312440151498306,-0.89070099541650183,,0.2648670476934533,0.9696969696969697,False,3
0.32950380434754811,0.88263517137748471,0.33523483883381122,-0.9361339297441279,0.25923553894865675,0.23759251025193545,0.12280272188477462,-0.39211234307713155,0.91168382781765567,-0.10566556192190529,22.455312931408805,-5.7596130987399237,,0.62070554896054,0.2105263157894737,False,4
0.71609949934268147,-0.69178437155535788,-0.092929491082863525,0.69653993291979244,0.69964010138299304,0.1591723920310516,-0.045095774627479476,-0.17871237172774124,0.98286736607855385,-7.7068454592755495,-10.45772651462091,-0.9665472498227049,0.3908376891276445,0.3406862845870076,0.8469387755102041,True,5
0.13749018139711261,0.97177924961691198,0.1916808285493887,-0.97970921823146762,0.10492984304039657,0.17076175143106298,0.14582968741540753,-0.2112695388680271,0.96648791208934204,-13.897686892395326,2.0953999312651623,-3.2246067030282619,,0.2388193165115293,0.1538461538461539,False,4
-0.98866534407648921,-0.126329141647438,-0.081128203435920213,0.12186318618136466,-0.99086008074293441,0.057841717158403569,-0.08769379268708008,0.047299559836516805,0.99502389436808414,-2.2826060174428009,25.051756948372361,-6.1481499054710076,0.4477978528532207,0.421848817056941,0.9054054054054054,True,5
0.57014745231392339,0.82082155916804411,-0.034407130436620414,-0.80798387548236261,0.56782339259185854,0.15728525609850674,0.14864030267879391,-0.061875381456698894,0.98695364510656913,-5.60612009069804,-7.903812888374417,-1.2611177229938526,0.2159265453974671,0.2133874912998925,0.8538461538461538,True,4
0.72669948441166476,-0.68014290185771342,-0.096506437134483897,0.68574605579172543,0.70989342054955418,0.16063523407568034,-0.04074562948237697,-0.18291245040462817,0.98228449502425819,2.5315170375843161,8.1386758942108806,-3.4386138765939416,0.2971295960932998,0.2326743136954758,0.7692307692307693,True,5
-0.98690786895564842,-0.10595845311142549,-0.12159631740992562,0.12669152237163867,-0.97585838543743686,-0.17790354052293747,-0.099810402025931749,-0.19097962662460546,0.97650635730739055,-16.275764260230741,20.712083147872235,-6.0974492715143036,,0.5096290987730615,0.4054054054054054,False,5
-0.98567824421972228,0.16312822934618743,-0.042750200728245556,-0.16234291978608495,-0.98650528736653997,-0.02126251145069713,-0.045641814898800363,-0.014017802546760237,0.99885951261651684,11.027841920474346,7.5788700861488989,-3.2907918158701519,,0.1382694363414486,0.25,False,2
-0.54898592620484787,0.83526651957880138,-0.030729368684057182,-0.83316971266167927,-0.54393576932581078,0.09981036394680208,0.066653452515679737,0.080397264372948821,0.99453184823266783,-13.906749679824886,20.335636068642874,-5.9126287901678269,0.5545137563242888,0.3755534165626611,1.0,True,5
-0.40760920476545776,-0.7829736680713324,-0.46990102287332086,0.9019188749442586,-0.4256801823190603,-0.073066581965311794,-0.1428183433938133,-0.4535952132548729,0.87968989041736345,-11.35644136163064,-2.8632064311296781,-2.3149206066493204,,0.5181382714511156,0.3584905660377358,False,2
0.9307322799628458,0.36145960022869655,-0.055537198684079095,-0.34661625950343145,0.92034660202129137,0.18116098033438077,0.11659584762337745,-0.14936227619574799,0.98188406584821031,4.9395107298447689,17.710498849594241,-4.863114415932948,0.309234006317496,0.3468427803616364,0.9850746268656716,True,5
-0.77219473643803793,-0.62128881078443798,-0.1330995965863504,0.61781708963540194,-0.78310400647036826,0.071064469353540188,-0.1483823870000488,-0.027355596212059068,0.98855163678183833,4.0883796552566301,-13.260211770514132,-0.01231372978359393,,0.4617095731444518,0.84,False,5
0.9938723482133569,0.085757688672464291,-0.069737897089204387,-0.07395030100490621,0.98480617408273907,0.1571246399194029,0.082152957573976365,-0.15100469635767927,0.98511343166143772,5.938410922378762,1.2930078932510503,-2.2840567454000862,0.4667512666147423,0.3489659548027356,0.9942528735632183,True,5
-0.42851278455356367,0.88103311091470649,0.20039324076950718,-0.89935474132166993,-0.43721874978928815,-0.00090227208966450756,0.086820750609419059,-0.18061124634043835,0.97971512949375783,-0.95139247857676135,29.810230213759258,-6.8360490610258378,,0.09236637347314125,0.3333333333333333,False,1
-0.88508191015443272,-0.4528644506199308,-0.10744208524637119,0.44911155933091645,-0.89157317751949039,0.058275864670991689,-0.12218354878105722,0.0033254311761395268,0.99250195058486379,-17.130977788338701,-3.8248263966907809,-2.5519457236314316,,0.1979447364699176,0.5128205128205128,False,5
0.64711025221579854,0.74150183673926717,0.17726631826012224,-0.75421881272339286,0.5886606801996489,0.29091680274779974,0.11136563209231767,-0.3219528376939389,0.94018299617122347,-10.689153303955473,2.0348715423742827,-3.0715794168525385,,0.2866331124982794,0.12,False,2
-0.75733122913088535,-0.6088533945447715,-0.23610792730107702,0.6472753147286463,-0.74777185037232408,-0.14789160467613346,-0.086510556153763379,-0.26482976370124822,0.96040674712952068,-4.1261384940724302,-19.904715434466716,0.56824656437666321,,0.3766398711842789,0.4117647058823529,False,4
-0.97990135031067715,-0.16013203840980933,-0.11895828652948867,0.17571496554952154,-0.97517961953085042,-0.13471807797618385,-0.094433016160890629,-0.15291317773948079,0.98371742158628672,1.6842823777666169,-9.6802528566968338,-0.55882292952097723,,0.3214321483179899,0.2413793103448276,False,1
0.94094622542768824,-0.31026061383856562,-0.13549373547844207,0.33768887314784041,0.88872247551757599,0.31006222998303523,0.024216230208833636,-0.33750661180253561,0.94101161586031679,11.573334788551339,3.9331787747204112,-2.756812244054792,,0.5113649896940058,0.5,False,1
0.89593865380451887,-0.4241689456897228,-0.13181287543869069,0.44305021129061628,0.87453927553148969,0.19719930483700485,0.031629715368416418,-0.23507820202078863,0.9714616822296116,-6.6516434400268976,31.10461005008041,-7.2336402687125378,,0.1179679836705904,0.3571428571428572,False,3
-0.8469540485468583,0.53140525723691789,0.016652093893911715,-0.52929157453448872,-0.83980087780491153,-0.12076802045617105,-0.050192317907108125,-0.11109877685674868,0.99254107874890829,3.5528009924648836,-6.9231336862846398,-1.0125760476481893,,0.3781000538823886,0.2857142857142857,False,3
0.92338517112139229,0.37997114568226292,-0.054605441139368313,-0.35983137600218906,0.90630000120883958,0.22167924723173343,0.1337206289152422,-0.18504657861675025,0.97358952189551962,4.3656491045402657,11.248530401293333,-3.9154153418984592,0.3885541704287602,0.3774327240617629,0.8765957446808511,True,4
-0.844228784419923,0.53046978190739802,0.076678354442285213,-0.53578828354079078,-0.83138567682917386,-0.14740682339603478,-0.014445579852410316,-0.16552844724220112,0.98609921325205085,11.558703430058635,-0.98520453157458565,-1.9613612568107375,,0.487169603302867,0.1363636363636364,False,2
0.93957835466150241,0.33782982220173324,0.055349134435227453,-0.32385973460315454,0.82478319049593429,0.46351651640272873,0.11093866663322532,-0.45343544182881429,0.88435790963791872,-8.7110918827570796,-2.6298733563896022,-2.2212408977806155,,0.2337328115648715,0.3636363636363636,False,1
0.77974325093764008,0.62586593569712823,-0.017096583025795566,-0.60974279472406356,0.76529043654938145,0.2062626287240254,0.14217660461302539,-0.15040737435383447,0.97834729766105877,9.4782202321798952,7.9770185547202521,-3.3570632912518068,0.1737450681773774,0.2266188762022146,0.6382978723404256,True,4
-0.13176767078569895,-0.95997951158776573,-0.24713684117797211,0.98728740293027806,-0.149448226592614,0.054118495761702801,-0.08888680976893247,-0.23686402196204748,0.96746812358292433,-9.4405691433671652,19.386023841049241,-5.6157586758545328,,0.191161327331015,0.2,False,3
-0.69206341759172907,0.7198874834235226,-0.053011670803742139,-0.71991155936125462,-0.68299377962331909,0.12347811018111837,0.052683704589782707,0.1236183975223803,0.99093033007608378,5.0163895497195989,7.7138868274414012,-3.3239275245604172,0.295708273248045,0.2625107556485284,0.8088235294117647,True,4
-0.62949816677531156,-0.69217683003621622,-0.3530202458606832,0.7571670231164106,-0.64846247357635167,-0.078705269634712471,-0.17444241781044947,-0.31684011160876502,0.93229940820757284,10.63617907813401,-3.0319055616607202,-1.6295617556868722,,0.3208039814318487,0.2307692307692308,False,3
-0.72950811396097648,-0.65520773481676176,-0.19626700156008572,0.66928677626196453,-0.74296733800147774,-0.0073990393879619365,-0.14097206384942226,-0.13675656802978689,0.98052257409748034,-4.7451332990460147,23.95089503580002,-6.1044001430986681,,0.3609019828034331,0.3214285714285715,False,1
-0.95268414255210787,-0.24001038278897066,-0.18651525589947937,0.28460363899838226,-0.91981778656242186,-0.27006667360540215,-0.10674124413100614,-0.31037115793336867,0.94460364763453364,-10.346260764355108,2.5255625836174564,-3.1019488715343435,,0.5300194674607582,0.2571428571428571,False,1
0.6013086404755823,-0.74554884812871025,-0.28737577132277625,0.79670307259596973,0.53209475983783872,0.28659968714088557,-0.060762924596729599,-0.40128802823790588,0.9139342347168018,8.2468238151664934,-5.4280900165363501,-1.2132424528720942,,0.3680841050003649,0.3870967741935484,False,1
-0.85812041579763831,0.50055602594545268,0.11433729435745615,-0.51342529675186943,-0.83865218165266908,-0.18181579377071005,0.0048802301731593611,-0.21472350383438218,0.97666268499136544,9.9345866975046437,4.737449143951121,-2.895411507684984,,0.4155281743914266,0.1875,False,1
0.9958434819510269,-0.04479460007343309,-0.079304497097683141,0.064773639709482592,0.96043023687849716,0.27088398935393077,0.064032296963652466,-0.27489489608535039,0.95933970055021889,-4.4107553034811451,-11.363515924424624,-0.56185220926920587,,0.9554342498120056,0.5864197530864198,False,1
-0.49720338284079979,0.86601241444422661,-0.053021638225802803,-0.86419240451131485,-0.48886787671742965,0.11907849133552882,0.077202876090329248,0.10502712574508927,0.99146811284130987,17.92243689868188,6.2946723162359426,-3.0376354022028869,,0.3906640700602512,0.75,False,1
0.48083035191320067,0.87602246371188475,-0.037239975177054949,-0.86509270642153957,0.48089601771863133,0.14266614678548781,0.14288730515789078,-0.03638218265197702,0.98907004545188537,-10.454368552866971,15.96840187016031,-5.1530073076921781,,0.09619278774851865,0.3529411764705883,False,3
0.96439751546624197,0.25704512007887342,-0.062171041540075869,-0.24245364576391601,0.95326154797981677,0.18030155517607113,0.10561089819865098,-0.15880877616417119,0.9816445949501853,-10.156229141481633,25.870734622061182,-6.5985521427435812,,0.4485162600355521,0.9259259259259259,True,3
-0.0024839739905902986,-0.96588242316088291,-0.25896906089738869,0.97442289749984889,-0.060530747791034685,0.21641637045255513,-0.22470835921525817,-0.25180781004710612,0.94132830622374664,2.8045982759066952,-30.295642816913865,2.3093102914681607,,0.3628181269124118,0.32,False,2
0.62861686676729389,-0.7672745447680287,-0.1270063296323681,0.77543665167968012,0.60586943451951936,0.17782077366496107,-0.059488100049319072,-0.21026650057965307,0.97583254951170295,14.372535896038334,5.9428814792227209,-3.0384528574274228,0.2977180184235278,0.3710999113659158,0.1923076923076923,True,2
-0.10576154308910811,0.97930684719032812,0.17254737045098648,-0.98690160772187363,-0.1246298487427209,0.10243347830835223,0.12181835936915196,-0.1594537545763843,0.97966054706316641,12.464482322885296,4.3002832225028333,-2.8137546572145715,,0.3579769112064836,0.1304347826086956,False,1
-0.55964126233633682,0.81254442021191686,0.16301295247026298,-0.82846702186470322,-0.55353201769551841,-0.085115797996368842,0.021072521757534133,-0.18268516789386352,0.98294561307244788,6.0176188712123668,3.3447107262255682,-2.6252385867706169,,0.5335858088138304,0.1830985915492958,False,2
0.71740145665844468,0.69619992447154411,0.025314326974248874,-0.67645778117595534,0.68745057252104391,0.26422827370853652,0.16655335562769719,-0.20668182190581325,0.96412789827016687,-7.3780264374748272,15.275834456046292,-4.9569522211788168,,0.4745553156724581,0.2285714285714286,False,2
0.90776094962936915,0.41562080350879915,-0.056827863048740671,-0.4005635806756454,0.89904887452368787,0.17680480495166401,0.12457478141378366,-0.13773332533700913,0.98260401735761183,-9.5647014629191247,-7.1618478932703926,-1.5651614070454936,,0.1307213020717351,0.3461538461538461,False,2
-0.59674495053888987,-0.78719655899807517,-0.15561825570262716,0.7892236408752864,-0.61082116288500521,0.063431472120447877,-0.14498796049981372,-0.084965195659163162,0.98577857901087773,-8.7347909234754884,-12.577535967040149,-0.67572529706206963,,0.1292407547729775,0.2142857142857143,False,2
-0.74331440672706484,0.66799071064522819,-0.035666556375337388,-0.66810126300435901,-0.73865132854375237,0.089637699728019132,0.033532001490699452,0.090457864955090422,0.99533561151191363,-9.5136435217915345,6.4915839172878194,-3.6476036101641447,,0.0773120093856244,0.2,False,2
0.99132233762063504,-0.10592030489641165,-0.077851858969526413,0.11862748026197284,0.97599278773595488,0.18266252821554352,0.05663518218435476,-0.19031281432959324,0.98008851071772829,9.148942914358523,-6.4588496136649995,-1.0465715156230366,,0.0653484573811923,0.1333333333333333,False,1
0.98766003569370164,0.15661196797399671,0.00058769109918122009,-0.12896185448994443,0.81114632853488011,0.57044760827870888,0.08886221908117474,-0.56348409488795392,0.8213337816188212,5.3211028069502824,-8.8870371813301929,-0.70927480761975881,,0.4921575604066142,0.2941176470588235,False,1
-0.71164590334063271,-0.67106987656140482,-0.20790702015650195,0.68801134039262535,-0.72558344597878688,-0.01300224644791298,-0.14212847620951385,-0.15229538303379397,0.97806217213270863,0.49363168893642895,-26.388099632719712,1.6836449210505895,,0.4884313902534632,0.4705882352941176,False,1
-0.95811610848261464,0.27955786190380538,-0.06213633811148532,-0.28453646908258007,-0.9538505072320973,0.09595940607929139,-0.032442571232099621,0.10962030697295695,0.9934439429937687,12.212579031009849,6.9549304745869271,-3.1730337424231796,,0.09191788890319932,0.2,False,1
0.84841910692171929,0.52504847380011965,0.067149975207126872,-0.51332404349548821,0.78516880078288187,0.34642225772402924,0.1291644122024132,-0.32838095930997069,0.93567221834522196,3.6820863532158055,-32.966977497594989,2.7223258249222426,,0.3880202593045812,0.1,False,1
-0.9749484743964465,-0.16955403567437874,-0.14396840368141017,0.20003776424851155,-0.95139130179124021,-0.23417831614055795,-0.09726440842620146,-0.25711090965282213,0.96147470845103367,-8.5632625217195155,4.0271644512543121,-3.2480964306247984,,0.4046863291663648,0.2372881355932203,False,1
-0.037220993069572043,0.93438845069852416,0.35430611182440425,-0.9911567629608109,-0.079709362373924855,0.10608811802925805,0.12736902650158829,-0.34722419378717667,0.92909229376681601,12.125752687618968,2.7952093113196383,-2.5757166443682777,,0.7620750405688903,0.2413793103448276,False,1
0.17942505652277224,-0.88522645235031272,-0.42916287951205551,0.97700872766604963,0.10927798089649479,0.18306356534152818,-0.11515465755307759,-0.45214206943223562,0.88448117780615809,9.7488090301332466,3.5255540643178831,-2.7012018279609538,,0.5433967545789249,0.359375,False,1
0.99584673156672843,0.062664892069655365,-0.066048455922630256,-0.045999625615524238,0.97234523919181026,0.22897329596320476,0.078570488550707113,-0.2249841041560941,0.97118938997807425,1.8828063806551363,-28.306161146085454,2.0101060327244928,,0.09860442233413394,0.4166666666666667,False,1
-0.84589421777988849,0.53312452855896808,0.015530916757529642,-0.53328491080262319,-0.84588857177244681,-0.0089290567815890065,0.0083771258071826046,-0.015835441059496611,0.9998395184076605,2.8542579990705557,3.1514292333770677,-2.6082436088405818,,0.2188673437754694,0.3548387096774194,False,1
0.68783949569994429,-0.72001811602457488,-0.09192791062386324,0.72446781368331237,0.67314167294937088,0.14841386416317282,-0.044980163318607297,-0.16868372990702191,0.98464337918481315,-11.65140596554394,12.911982649633144,-4.6990530101720109,,0.1378357829147289,0.75,False,1
