axis_00,axis_01,axis_02,axis_10,axis_11,axis_12,axis_20,axis_21,axis_22,location_x,location_y,location_z,dbh,dbh_approximation,score,reconstructed,number_clusters
-0.6836144106169677,0.70580968223481355,0.1857526044512095,-0.72333627829036851,-0.68911888514863151,-0.04358658785160241,0.097241791971632879,-0.1641580171514587,0.98162934924494127,13.099913834813442,-12.25810485399032,-0.49415117213144233,,0.4220980694825965,,False,3
-0.88835481598150101,-0.42679139175120434,-0.16933643686325628,0.45211370482307606,-0.8774180947289919,-0.16040787060895065,-0.080118155455713352,-0.21905842820858457,0.97241682739304647,7.6976467849828669,13.345517740852216,-3.9448666315209335,,0.4309241054448707,0.3108108108108108,False,3
0.039303466181471701,-0.97635053287547013,-0.21259086175070263,0.99061119130737796,0.0101932426199026,0.13632888711299604,-0.13093779134649453,-0.21595308462412899,0.96758439427195408,14.990049183828184,12.891454162463493,-3.846397584820481,,0.3367236757213986,0.2258064516129032,False,4
-0.8123289202879902,0.55563788529515024,0.17716733809729812,-0.57845065668829532,-0.80632531531927609,-0.12342740235519467,0.074273568923466649,-0.20274621155524575,0.97641047242405554,-3.8963123119445875,-12.056631837307728,-1.3453043583967044,,0.3384875874950508,0.3529411764705883,False,2
-0.75045535041350342,0.64525694544621914,0.14303930015614874,-0.6546049385937619,-0.75551655002558193,-0.026212916779695783,0.091154491959544726,-0.11330585594247701,0.98936982044366995,-0.81353916223042899,-19.79704293447983,-0.15685516896329624,,0.4603408232453987,0.5625,False,1
-0.97562664654309339,0.2190546334550765,0.012950448522756907,-0.21787045580376135,-0.97401239718330224,0.061905691346588868,0.02617462593695951,0.057575321927888098,0.99799798159212749,7.9205790639943388,-10.826431674782702,-0.81275216306300491,0.3475324439899549,0.2996804489018306,0.5517241379310345,True,5
0.86029065058764931,-0.48458043104316295,-0.15837235352643453,0.50864586953072988,0.79494216985796107,0.33067556001441134,-0.034342043049406704,-0.36503253612731451,0.93036115119218821,10.018707630616136,15.021241516759247,-4.1782760597495159,,0.2484697475752753,0.2413793103448276,False,3
0.90205689773291209,-0.40532189740735286,-0.14834929300329813,0.4276938854431509,0.79316472727601262,0.43355236795537166,-0.058062841878571872,-0.45453698956990546,0.88883341043511166,-13.636991353951498,10.969012620720397,-4.4105880417757355,,0.5062943790374939,0.3333333333333333,False,2
0.1696288921559011,-0.98299520789245165,-0.070331075680940741,0.97549079285837681,0.15732720811987996,0.15383713021809642,-0.14015617001936539,-0.094702538749922141,0.98559001474234842,-23.835212888724264,8.3325544691856379,-4.5237735368648426,,0.23879275016987,0.75,False,1
0.80462278315778424,-0.5725973128172388,-0.15720844181499455,0.58819240764454461,0.73234474000128391,0.34307560884120802,-0.08131339626860476,-0.36851526311257304,0.9260586549675649,0.46862466787511786,34.193709117706305,-7.1984346805786252,,0.4023261272036981,0.2727272727272727,False,1
0.55722802765049662,0.78352541507656959,0.2749269887257812,-0.8220166924023532,0.47370012567704312,0.3160644686538609,0.11741159488155825,-0.40211455440289917,0.90802995684323407,-39.251336659458829,6.7346252648524203,-4.4326070550550458,,0.5033888195086572,0.2291666666666667,False,2
0.46493202943296236,0.85259808892975864,0.23856803381985409,-0.87208862217337157,0.39457188361365991,0.28943818638410423,0.15264220610007537,-0.34262155129952426,0.92699019924808812,-0.62984261985871948,-6.6900941003592669,-1.8312552182973716,,0.3882967651575383,0.2727272727272727,False,4
-0.15509166240111191,0.985299019299399,0.0716409018738704,-0.97816352113475746,-0.16331511316211886,0.12854687757427802,0.13835715440450347,-0.050139967894747756,0.98911237048406242,20.005949363531961,-0.34622428173821379,-1.9901182132574835,,0.1740853910155045,0.2083333333333333,False,2
0.80217236651616775,0.58941591225956513,0.095437816263143085,-0.5884513789014455,0.75330472341248822,0.29369536658487511,0.10121496463883252,-0.29175482182761164,0.95112283900319627,9.2248548172752667,-9.0892171971661178,-1.0567593269089448,,0.3634163096323435,0.3076923076923077,False,4
0.12191793647602456,-0.98143302496001661,-0.14807172006585226,0.98254995125807765,0.098226834651218953,0.15794645370236055,-0.14046924947538486,-0.16474436704250059,0.97628258382477984,5.6240669662654392,-1.9680769975443737,-2.1501360809149617,0.6207936244819413,0.5111749496377008,0.6735395189003437,True,5
0.8929521502874932,-0.41079726728238758,-0.18407080835989736,0.44556169531997858,0.74833301017457476,0.49139849566990668,-0.064118897062644453,-0.52081024478823701,0.85126109740965328,12.524378159513573,5.3524988818470103,-2.8848349213612363,,0.3929991149720984,0.2814070351758794,False,3
-0.061332646194827749,0.9932989067676552,0.097957073889126361,-0.98800584484055731,-0.074352491928839193,0.1353371992648994,0.14171364462053498,-0.088481572986422244,0.98594536064135507,7.1521171502902936,-0.42645621490696212,-2.2862313233111782,0.4543764860044092,0.3526768389890201,0.8166666666666667,True,5
-0.89912623784602852,-0.41012684828217255,-0.15286587825600378,0.4268966094531047,-0.8988120929902873,-0.099479175367826467,-0.096598619318761014,-0.15470226182105817,0.98322729667821884,-5.4211410460614617,-6.6926394769314603,-2.0957633156264359,,0.4440117386410873,0.2903225806451613,False,4
-0.97647226889490157,0.21562190020697064,0.0030173217225954868,-0.21416850863140885,-0.97133398142409022,0.10316077956967414,0.025174550439691648,0.10008742519397713,0.99466011749149708,-13.863347456634882,8.3752641740640428,-4.2489472998970372,0.4791635684114353,0.4363015545717035,0.9261744966442953,True,5
0.77404758034668975,-0.62102671402046461,-0.12319157370688787,0.62619954854396664,0.72223981191627462,0.2936729124152877,-0.093404864770353271,-0.30445931510809254,0.94793462679719831,13.182113674937781,14.190003642077228,-4.0278495643926,,0.1791941231088955,0.4210526315789473,False,5
0.651717665845715,0.74524359910637783,0.14098248832952928,-0.75047925373001245,0.60672362617987574,0.2620445213241186,0.10974959565054004,-0.27658347641555753,0.95470236557181942,-2.567526257554507,27.658667674340045,-6.267547271942318,,0.5129177727139731,0.4705882352941176,False,2
0.30317458714291134,0.89687448284834581,0.32202691149380347,-0.94541733361975655,0.24072404525003951,0.21963150805330051,0.11946227438834135,-0.37103651579591146,0.92090209520013311,13.46912543562382,9.5750742094788119,-3.4153219415884184,,0.6038591988558222,0.2352941176470588,False,4
-0.4031363467115992,0.89985125248579345,0.16657973874326368,-0.90599465976123195,-0.41810948003696108,0.066016203975628074,0.12905333178246531,-0.12430682243131554,0.9838155576391715,-9.1438632331601415,10.459104794886107,-4.1929511982917766,,0.7441090745307166,0.62,False,1
0.65786691733678826,0.70588958154965475,0.26254717239658931,-0.74541758865006791,0.56050576567499244,0.36081283953901588,0.10753482042998407,-0.43307411063782497,0.89492070994605266,-5.8426187179639868,6.6701127794424035,-3.6349936231202706,,0.2143920076064542,0.1111111111111111,False,2
0.89081994090966121,-0.45171884839370391,-0.04888675570719242,0.4509082730385201,0.86569635639233977,0.21737421152116235,-0.055870942207269944,-0.21568472485295209,0.97486334287528653,-7.8673343833694478,-15.615074626153747,-1.1366231839822392,0.3912553458284575,0.4828937554847986,0.7457627118644068,True,4
0.9617002066570054,-0.2733361893212799,0.020494880414194325,0.25481927310290553,0.91908785868800158,0.3005738612514538,-0.10099430959800415,-0.28383945395174159,0.95353831271176359,9.6598298116319246,11.638601513952619,-3.7085319418605653,,0.2621306444959745,0.6666666666666666,False,5
-0.46759028552498871,0.82747104195751364,0.31088743880126024,-0.87516139231314016,-0.48282550854913714,-0.031177968163336678,0.1243055199385228,-0.28665519882956048,0.94993522657958085,-24.73378526469725,6.7012515283010305,-4.4164608031087997,,0.5472856966340328,0.2,False,1
-0.45560410765489379,-0.78069289576654577,-0.4277189492968872,0.87935376834154955,-0.46942261712237826,-0.079870874776060502,-0.13842632405544872,-0.41250576848526882,0.90037611239685433,-12.549081529728047,9.5760498585086395,-4.2614578402544883,,0.216207051988333,0.3333333333333333,False,2
0.46748981477882651,-0.87501195857579317,-0.12572726604604514,0.86478998876259017,0.42319483944479541,0.27026728104469688,-0.18327997275768543,-0.23507488214747296,0.9545408589312947,-21.800834010768963,-33.592030698655343,0.5886262187239657,,0.3960361531055415,0.3888888888888889,False,2
0.99933334099440396,0.028489156740110929,-0.022830714513559482,-0.015195979567880241,0.89319350686335663,0.44941566672971178,0.033195719331486545,-0.44876912465696234,0.89303097201199499,-13.119231561993367,-20.035273577361178,-0.89388359901095638,,0.4152691574867498,0.35,False,5
0.45058041745018262,-0.85890128702623381,-0.24344581852046365,0.88381745127819566,0.39072347307053618,0.2572972607856765,-0.12587295272032709,-0.33109477002268883,0.93516429200279505,18.36054278637814,10.15966029362828,-3.4216555675799318,,0.5707149359834846,0.5714285714285714,True,2
-0.086404197625438342,-0.92923404101086127,-0.35924700647232899,0.98000100043020189,-0.14415705976751583,0.13717427337146146,-0.17925499655102436,-0.34020999271892394,0.92310606490569758,-3.0613034270642276,-14.032063073229574,-1.073147224653229,,0.608249131797841,0.2258064516129032,False,3
0.70516231894988768,-0.69105885885965224,-0.15869391142955747,0.70282983985415515,0.65167746615636768,0.28521342239557973,-0.09368201611728838,-0.31265657468796609,0.9452351803443354,11.601019717782057,-14.843943062209338,-0.14160059346013429,,0.407310545064522,0.131578947368421,False,2
-0.80982351849154299,0.57085764291265251,0.13530491648934784,-0.58247351770295119,-0.80989797435609512,-0.069208903391435567,0.070074746326538956,-0.13485852832544784,0.98838388658717358,-13.048816393566982,1.2808311280138953,-3.4165366457462052,0.4125147248188074,0.3796056544582277,0.1818181818181818,True,5
-0.58375838857461171,-0.80949398057905864,-0.06281432300871366,0.80299021359446243,-0.58704962097479008,0.10285649899191625,-0.12013684131144563,0.0096040574563886656,0.99271088512219008,-1.7118083758079166,-20.956113188997907,-0.098511088269273184,0.3698135814698065,0.3228204353090195,0.8723404255319149,True,5
-0.72220834755003704,0.67800834327726534,0.13682028057076495,-0.68402402012565933,-0.72944784286086439,0.0041212178737800309,0.102597478624849,-0.090611980400219005,0.99058731386373688,3.5342633986590939,4.3076902495300056,-3.017461477532434,,0.1062702088362784,0.1265822784810127,False,3
-0.88691434788041523,-0.45974426838042654,-0.044923793419582081,0.4564066636264712,-0.88714757057867633,0.068279904904057012,-0.071245329118561282,0.040054908659242182,0.99665425668638419,16.019763858517415,1.3406415043667559,-2.2689219252406776,0.2691680557936584,0.2661855253355511,0.7954545454545454,True,5
0.43071709130650249,0.82256903845151419,0.37129902267231685,-0.89244136530387219,0.32699152066125486,0.31084554831974204,0.13428029174464526,-0.46524909714752966,0.87493547239346825,9.1249044201823128,20.221226600211992,-4.9437825003277602,,0.2952993304239989,0.6666666666666666,False,5
0.14503282121240454,-0.98020084743111036,-0.13480274280037399,0.97938385395808736,0.12285939581861796,0.16035222313796532,-0.14061560147214963,-0.15527996507733122,0.97781152839808971,6.6017846181936806,-10.170915802157987,-0.98732475954244281,0.6767626760482839,0.6379380413258436,0.9331103678929766,True,5
-0.1658774241807876,-0.97968011509582997,-0.11274551979111465,0.97452296130512384,-0.18034933747032408,0.13333834543411513,-0.15096250539865627,-0.087755276535583376,0.98463665044722137,10.653993770801572,-4.3806960450839032,-1.6745722354286761,0.3675145858063246,0.3679660553694492,0.8897058823529411,True,5
0.78385809228813008,-0.61799077458770002,-0.060447445594559626,0.61711057457805019,0.76452903916831605,0.18619851506475438,-0.0688551370513594,-0.1832559706881752,0.98065091613110345,11.893109770996706,-5.5550901173762988,-1.4542591634706197,0.210703422972252,0.2154938364370373,0.2857142857142857,True,5
-0.9186343415462449,-0.39165781230430491,-0.052106665532379776,0.38923680046189041,-0.91972955292420822,0.050914267588038173,-0.067865010853073893,0.026489762906485362,0.99734278598838322,9.2827566221647224,-13.463037028915448,-0.42580845198568168,,0.2016864523488194,0.7435897435897436,False,5
-0.85993338102247874,-0.50880961485988474,-0.040340501104786868,0.50355497728525256,-0.8586427588367479,0.095733993693294647,-0.083348455621554934,0.062011196757962843,0.99458918475024027,14.276838438070955,4.6899738946516116,-2.7856548967776531,0.5946112620649361,0.3077173227872145,0.8876404494382022,True,5
-0.83687465746186529,0.53080758135331474,0.13373151938092201,-0.54157100881607367,-0.83842383560702138,-0.061207142523978464,0.079634478136206735,-0.12364782029560614,0.9891256575522237,-8.9831601227707036,17.16520633984571,-4.960986563957106,,0.2607569949692296,0.1176470588235294,False,2
0.97722689714305844,-0.21089435956659311,-0.023476809901416342,0.21039115200850328,0.94855850449549828,0.23658471359282504,-0.027625253965992091,-0.23613625865643914,0.97132719136810641,10.107167739436468,-10.906650641714212,-0.73876188290431366,,0.2657527658945091,0.3333333333333333,False,2
0.90822877156195547,0.40906848319077216,0.088224002216305386,-0.41347704201340363,0.84473158593838882,0.33980182966820704,0.064476617737811034,-0.34509639780504242,0.93634995700703505,15.856666107321391,4.8666817832010008,-2.761469682916788,,0.7395351665603392,0.2333333333333333,False,3
-0.32999490512133189,-0.91226645450802202,-0.24263816388467846,0.93773434702750724,-0.34632182651941223,0.026748586526292778,-0.10843273029330043,-0.21870324290147833,0.96974802631689783,8.753290066796481,-0.55006657123567226,-2.221459131085346,,0.3208555099860553,0.5373134328358209,False,5
0.55621172357669157,-0.75588498059224329,-0.34534969910354513,0.82285612549761722,0.44274913067369237,0.35620359910974808,-0.11634567154344336,-0.48229773315116509,0.8682468435360714,5.0500883472269731,12.065477946657893,-3.8189765775980948,,0.7343679421780432,0.2391304347826087,False,1
0.91264330192062615,0.40873461669055422,-0.0042680883592914401,-0.38854007501199217,0.87070049209322398,0.30152489644852376,0.1269598896072788,-0.27352635373477874,0.95344875071681956,11.802411393521224,-9.293191504319859,-0.96691416217273396,,0.3520404980505178,0.8571428571428571,False,6
0.17705798318775753,-0.98300320269127084,-0.048530135876471633,0.97313035720312957,0.16747869416597283,0.1580132744112672,-0.14719979102972153,-0.075203660144739878,0.98624369758272268,-4.7463685831634672,-13.88683774580916,-1.1844498359226332,0.2315095382404891,0.2343820963398973,0.375,True,4
0.4708011139817142,0.83348757919209349,0.28921404946177903,-0.87442358341375925,0.397305809562575,0.27844477092893477,0.11717383600197216,-0.38398769383969877,0.91587321346147677,-4.6174967741625883,-2.5808196948459576,-2.5611917640024937,,0.4841708170138307,0.3231357552581262,False,5
-0.99922691615218318,-0.037280012059174764,-0.012480814791771953,0.03801030872327487,-0.99719017991183079,-0.064552006306334841,-0.010039246374109219,-0.064976501816268434,0.99783629305811539,6.9348029484577838,-13.903870539890168,-0.41333162662138817,,0.1410205324284403,0.1111111111111111,False,1
0.18939255735026056,-0.98166727208565319,-0.021443556986645584,0.97205658818994223,0.18436415491178126,0.14531293039572457,-0.1386955247181979,-0.048365538346802017,0.98915333802376981,10.628075453626701,1.5331334486763568,-2.436991287420351,0.4805126212060002,0.4253314767648207,0.7728813559322034,True,5
0.75626355808385481,0.64886778293187508,0.083881052612732543,-0.64619383337489922,0.7206894035144914,0.25107830127308595,0.10246443491573087,-0.24408478841377737,0.96432549258142108,-6.1939727849509421,9.6201208142152925,-3.9524345506080909,0.5062706220378065,0.5252511055777296,0.6928327645051194,True,4
-0.99374097203604894,-0.1085420200764504,-0.02641042170383235,0.11122863775563627,-0.98331718134672785,-0.14392884009590892,-0.010347494376720494,-0.14596558068959858,0.98923555264359231,-7.7891772843868026,2.7977703580365696,-3.370231424221998,,0.409041360274863,0.1621621621621622,False,4
0.96116161564106428,-0.27593722991258818,-0.0051955525622749861,0.27324146879247241,0.94878590117323791,0.15856990088607578,-0.0388258721781264,-0.15383094254100849,0.98733408366497366,-8.8646327417571449,-20.010801510833492,-0.67867188718124238,,0.4587572590203476,0.9622641509433962,True,2
-0.57620432836815094,-0.80891434040666144,-0.11681678755327118,0.81054004615359121,-0.58392014177545704,0.045410368973027845,-0.10494477381529935,-0.068519033219889169,0.99211477991987862,7.5512681306149707,-22.150266959899291,0.71211215888904333,0.5176358328470424,0.2926246435444869,0.32,True,5
-0.46902016501085536,-0.864725350668755,-0.17963895102117694,0.87380803012473052,-0.48390327264285649,0.047928584530230953,-0.12837293835823835,-0.13449048530038185,0.98256434805102688,9.7808466621460273,19.061117176243986,-4.7518039833156793,,0.7811920670562014,0.4743589743589743,False,1
0.54575205769846158,0.74120157402144671,0.39086432196610715,-0.82898164585778011,0.40952741925229347,0.38088938513889059,0.12224615474042942,-0.53189051462560011,0.83794293248555585,25.308207929397938,0.17088494973168661,-1.9731325988402093,,0.6043095392761226,0.2413793103448276,False,1
-0.96985486838229129,-0.21782964470330884,-0.10923268816429749,0.23942297394972387,-0.93525404207096252,-0.26072306444769255,-0.045367100637337482,-0.27901634840696349,0.95921410722601719,4.3977467123172609,6.3377411983923775,-3.2225066146271044,,0.3289918674823781,0.4489795918367347,False,4
0.63228055862203303,-0.75878270762209654,-0.15642921019518791,0.76718105465647968,0.58508090472682428,0.26289458781080449,-0.10795612333157419,-0.28623266329634889,0.95205899916837988,9.5066504855317788,-19.162022817339526,0.36935754809338567,,0.4218328988913252,0.2666666666666667,False,1
-0.96114485862069976,0.26685254748887066,0.070641904318149859,-0.27192429667467599,-0.95932122493945404,-0.075894428376840739,0.047515656629971689,-0.092154789779830049,0.99461035440802492,16.874144033185861,-12.440424894374546,-0.36714818753913586,,0.3941669481081858,0.3333333333333333,False,3
-0.81344994551260275,0.54743756840375268,0.19649756956697961,-0.57617109385218823,-0.80462872942180874,-0.14352518384666299,0.079536512085433511,-0.22996677257645734,0.9699428987090174,6.061003062468699,12.683366106672898,-3.8746090885349478,,0.1321056919249614,0.4,False,1
-0.99921370676803589,0.039640749169423513,0.00076105989797562584,-0.039544549125857351,-0.99780765037181074,0.053067141376926072,0.0028630126290523361,0.052995319272298509,0.99859065652243761,-9.1357977277084093,-2.1386915895952177,-2.8877131486597354,,0.1025298816575527,0.3125,False,2
0.27919920400293508,0.94971426424319749,0.14174138695924357,-0.95018607383924725,0.25195387948937126,0.18348206367983785,0.13854324078093505,-0.18590873810355971,0.97275059060925684,-10.925939419601054,-4.6182673696607166,-2.7588423602196803,,0.2280623191758473,0.2456140350877193,False,1
-0.40577593843806609,0.81996247081366669,0.4037417915473378,-0.90474775192816026,-0.4229676772644122,-0.050297607999676031,0.12952757685391833,-0.38569403734916002,0.91348930830506014,17.230846217246473,10.472306219309591,-3.4667729471970237,,0.4904363091724392,0.25,False,2
-0.97908007392635887,0.20333614034847325,-0.0075248168443778542,-0.20334696536972383,-0.97910649539216177,0.00069451839634657175,-0.0072263763588525896,0.0022101377931053757,0.99997144698019003,8.3209276610139344,-19.668697122154921,0.42970108254429745,,0.3621889546236142,0.2142857142857143,False,2
-0.074493344065034287,-0.99219169640585958,-0.10003189128108791,0.98662764269256464,-0.087912894436154132,0.13724874377119425,-0.14497115701035745,-0.088470111196497336,0.98547268001703525,11.653089735014444,-7.0155191564647623,-1.2612977888112946,0.2504017682850855,0.112007458707781,0.4444444444444444,True,4
0.030960382717870411,-0.99711278698693384,-0.069336460315703063,0.99211041605037165,0.022225463545310513,0.1233813240914259,-0.12148406095583235,-0.072609357505380404,0.98993409080419781,-13.54163150159758,-24.925161249764077,-0.27261821341493842,,0.5139469569045576,0.9767441860465116,False,4
0.30024912630618888,-0.90360173046592951,-0.30553948165719674,0.94425225576488847,0.23621272466717547,0.22932777020725015,-0.13504865654752132,-0.35736180742251594,0.92415063650923424,-9.6682757486271118,0.0056164871597206845,-3.150940974363833,,0.4625719304388025,0.1739130434782609,False,1
-0.70721242325109235,-0.70570500858950247,-0.042790527585073471,0.7001642032533002,-0.70748622644266557,0.096090206975471132,-0.09808504922764634,0.037995792472430595,0.99445243369022041,-3.9241320465001759,-22.798861083668513,0.0091034679822617603,0.3682160574800716,0.4189275670323207,0.7906976744186046,True,4
-0.61697593798146877,-0.78672169548985826,-0.020240202505166151,0.77849345283753535,-0.61388647436225252,0.1307338536270396,-0.11527634553966203,0.064902776833097073,0.99121087247788686,0.56324398171460965,-34.736179101002328,1.84853200254281,,0.4888022055196019,0.9512195121951219,False,1
-0.97861076524623603,-0.20501904223596898,-0.016975348739341183,0.20292973779585466,-0.97558846344648209,0.083944454898686086,-0.033771166137431155,0.078704144177913646,0.99632583326286395,-31.640075669843561,7.2304217329189093,-4.4541357737367466,,0.1272992201618936,0.3333333333333333,False,1
0.8116416894688554,0.57527731511059077,0.10145826055720092,-0.56640918239237825,0.73253780194664275,0.37758311246767867,0.14289298799360464,-0.3639290857273324,0.92040057287244681,18.438905022776073,3.0080567666405709,-2.4762004883939466,,0.5374170469200775,0.8181818181818182,False,3
-0.99989301020149723,0.00069986868455392155,0.014610897782625868,-0.0024836877057340476,-0.99247397304944152,-0.12243056854739434,0.014415250451183505,-0.12245375863272728,0.99236952671429224,-3.5602947412820236,-24.217099143419762,0.1630047105833419,,0.4574636586418382,0.2,False,2
0.17433081089777483,-0.96613232167803131,-0.19025536886180655,0.97425454472030093,0.14118269235192457,0.17577124188018473,-0.14295751279161528,-0.21599950090053363,0.96587129843843922,-10.230022622057641,10.396006034927028,-4.2382207269351868,,0.3353638451859128,0.3888888888888889,False,2
-0.69668629874075061,-0.65902296473042477,-0.28340242254581138,0.70954928156561747,-0.69123031371748045,-0.13689583787591536,-0.10567884450839399,-0.29646143991412127,0.94917996000095584,-5.5309469446701263,-11.68811197785325,-1.4628062873735044,,0.4001301914403427,0.21875,False,1
0.088562192109309129,0.9097381150130599,0.40562704572214847,-0.98604378208709476,0.022436026883204133,0.16496752560753825,0.1409765864821938,-0.41457591197533439,0.89902859535926216,8.9563264205971649,2.5077627613816307,-2.6108457756481873,,0.2864267088560948,0.3,False,3
0.70637291029021465,0.6335699192835732,0.31563660907305868,-0.70010471935610497,0.5596053230328456,0.44350339837324132,0.10435848572800389,-0.53425746584611322,0.83885533117710276,14.806493365803743,-5.1998990951012205,-1.4357322839246287,,0.285153560055276,0.28,False,1
-0.66576553983429099,-0.70625152989004791,-0.24075926253650726,0.7377802373110427,-0.67130285912965215,-0.07094217897426755,-0.11151935886839376,-0.22485828393084001,0.96798873172432176,-7.8562065200163165,-5.9581570810928373,-2.3414064842774032,,0.4698072358807888,0.1333333333333333,False,2
0.99977723796437046,0.02048555707746972,0.0050809841132565849,-0.020557200282853776,0.8905788884014737,0.45436400060978122,0.0047828824848695703,-0.45436723636813903,0.89080162693515241,-4.6010147114705244,12.596550601849861,-4.2452356503301072,,0.6870871963905834,0.5492957746478874,False,2
-0.40235492930825723,-0.90279223186353019,-0.15191016078002503,0.9058161477995319,-0.41663814607112371,0.07687497397744987,-0.13269369708830872,-0.10667165192909876,0.9854001935395349,-9.187587011130935,-16.567674376793086,-1.1380969853005898,,0.9277576925800606,0.5454545454545454,False,1
-0.46675408357760978,-0.83449021523194811,-0.29285953313109431,0.87499687973978291,-0.48387117481771819,-0.015784379182110869,-0.12853437637172874,-0.26361860113174479,0.95602518127299985,-2.8419532974711821,-20.09421623863059,-0.27021977585919793,,0.5827128629314782,0.1,False,1
-0.1217826125864407,-0.9850221326569123,-0.12206716777106755,0.98227959714659019,-0.13725862799009703,0.12761999087842493,-0.14246328755561546,-0.10436219247555709,0.98428285796337101,-2.2850208960966625,13.851833673040336,-4.3365100117825799,,0.8923526920282856,0.7272727272727273,False,1
0.96588017547305594,-0.2515150211501565,-0.061771196879893187,0.25834390559113679,0.91883930352909482,0.29831654451955136,-0.018273288484996909,-0.30409624862205076,0.95246604060299156,-18.72402005025009,-27.260717055751545,-0.23045879203982236,,0.3709119751323677,0.4,False,3
0.81846832426018268,0.52428889866642392,0.23501223993204451,-0.56784593049084464,0.67583960528850362,0.46988490840679986,0.087524861654934435,-0.51803665763981233,0.85086862671840024,15.951742845437895,-9.4362001185017839,-0.80062706072487733,,0.4396092922218443,0.2272727272727273,False,2
0.083570131507612541,-0.93073081980359906,-0.35602833340553341,0.98665164274009765,0.027172113953027932,0.16056217518952381,-0.13976612249779272,-0.36469414211232543,0.92057786944445286,-3.3978677304751201,26.217245700922685,-6.0538349736150892,,0.5686931060241383,0.5945945945945946,False,2
-0.95822832073075126,0.26565447700509842,0.10595368892432069,-0.27437182542739719,-0.95842739677967947,-0.078339176111089398,0.080737765396138916,-0.10413752421329216,0.99128037874738717,-7.8075642511011392,-7.531040208880321,-2.1486554148531596,,0.4219138845584393,0.5263157894736842,False,2
-0.66412893598603895,-0.72238444174262684,-0.19259666329987341,0.73950252275415196,-0.67260211824999816,-0.027247190054392384,-0.10985797752687905,-0.16052136572372136,0.98089964620234937,-23.484676968787742,-29.777750515583101,-0.023557695775392882,,0.2777844402092116,0.3333333333333333,False,1
-0.93894513833986482,-0.33309467141276167,-0.086197256710160874,0.33990106863116953,-0.93686308915128846,-0.082187685995497667,-0.053378747937002403,-0.10646826786573475,0.99288227761721515,7.3932913536545311,5.2969674864241449,-3.0112480807485746,,0.3270591370565212,0.2686567164179104,False,1
0.348598525799513,0.8718080262702248,0.34413635835409778,-0.92741575250808106,0.26773255732621537,0.26118824580641697,0.1355695017704012,-0.41020731719263431,0.90185967151843816,11.346882475941914,-12.611631996643361,-0.48286893910903461,,0.197173043545767,0.4,False,1
0.9805950633999384,0.17782526044071689,0.082531802263494991,-0.1915711774699986,0.7797556887557503,0.59605498891948061,0.041638991323370331,-0.60029929418768679,0.79869077357844542,-17.596940283629316,-22.705273356064019,-0.79897138217046337,,0.5740365884941989,0.2666666666666667,False,2
0.84463216391381823,-0.51247563818166719,-0.15480706686890802,0.53037699802552118,0.76172883747777465,0.37211479159016847,-0.072778758217612149,-0.39640622904421097,0.91518596685441544,9.0847063420849121,-22.568361380732959,0.83225708778794638,,0.7113127812136013,0.2,False,1
-0.80431853418372834,-0.5198979532387854,-0.28771133760535095,0.58756392748021424,-0.76804061445626848,-0.25471993575231422,-0.088545619273705495,-0.37392476885566067,0.92322258450694128,13.939784791605716,7.7484085957497806,-3.190067056562564,,0.6973928850156215,0.5384615384615384,False,1
-0.15523073697275475,-0.93960117654401443,-0.30504597577414239,0.97762747449804721,-0.19048105543101634,0.089227174271383589,-0.14194343734553272,-0.28437052688172404,0.94814843987402375,-11.273064468630945,8.4538880844226192,-4.1283812498823353,,0.1740859629271197,0.3684210526315789,False,1
-0.95686379107845676,0.27257851553123924,0.10056161391778812,-0.28813626841634965,-0.93470407911515596,-0.20810039718508538,0.037271653385188147,-0.22809918315565036,0.97292424499426466,8.3412593610385173,-23.245714569082224,0.88839604548661577,,0.2686869008346796,0.1666666666666667,False,1
-0.57612179770661887,-0.8160160488904824,-0.046919954821597692,0.80859021194403746,-0.57738609435769728,0.1131687553641101,-0.11943845007195654,0.027259970570991315,0.99246730457425048,-18.507635413474581,-23.707412807846964,-0.70145702262542176,,0.3135203551804935,0.3,False,1
0.87380457827730806,-0.46050761569815252,-0.15619953542062501,0.48182775350440271,0.77657282971131936,0.40592690980896473,-0.065632118162657113,-0.42996206348718419,0.90045824391102447,12.38321325560635,-11.870860403368955,-0.55425780961784732,,0.677651238719289,0.32,False,1
0.57501893577040164,0.80150325188857596,0.16415163939940738,-0.80935920926795213,0.52796290986845551,0.25727968473315016,0.11954452676149892,-0.28079833157494272,0.95229270873303351,-11.692456547951481,11.115567081527791,-4.3571160346440836,,0.1557076043860546,0.25,False,1
0.54064658212758809,-0.8065816105677811,-0.23901334424596932,0.83295065284195924,0.47344239131490184,0.28643587770421164,-0.11787486230707538,-0.35394689940711771,0.92780768979146555,16.183576445359197,-10.597828200129914,-0.65135587976097598,,0.1470384036289823,0.1,False,1
-0.32493723820158915,-0.90343108775114378,-0.27969279739512215,0.93580765130579657,-0.34988311423152224,0.042963311478288566,-0.136674178202953,-0.24777828004172747,0.95912777717680076,8.4625206055456026,-17.765105630585513,0.17751561528870616,,0.4165440281623956,0.4444444444444444,False,1
