axis_00,axis_01,axis_02,axis_10,axis_11,axis_12,axis_20,axis_21,axis_22,location_x,location_y,location_z,dbh,dbh_approximation,score,reconstructed,number_clusters
-0.99838726843322378,0.056765403992578962,-0.00074238803974679968,-0.056714411672419467,-0.99673993317303566,0.057384502497282663,0.0025174866620457266,0.057334060799568556,0.99835187570972916,-12.095560909680495,11.391246582904781,-4.1534692091314813,0.3337507103368636,0.3130314994729307,0.7619047619047619,True,4
-0.88922592770584363,0.44662971388558537,0.098990646882232192,-0.45504414748379207,-0.88580449128190142,-0.091023222671809956,0.047032683704327546,-0.12598532414251018,0.99091655792214695,-13.604708520441781,5.4146558464803158,-3.751154293251918,,0.2843763384526716,0.1111111111111111,False,1
0.079297225478679539,-0.99287422543962534,-0.08895348497416164,0.98920382983016719,0.067343126417012844,0.13015639198177281,-0.12323852109107007,-0.098314168775650912,0.98749510942446672,6.6220396946585618,-13.088235594613241,-0.82326271513864546,,0.2375918668341816,0.4647887323943662,True,5
-0.031714734580247698,-0.99692981798531832,-0.071589898884299633,0.99144104448995696,-0.040453909866965544,0.12412951493153593,-0.12664450604415264,-0.067040429505151863,0.98968012504071079,4.7344071875492766,-5.1350280472309606,-1.6148164030698653,0.3369547594846968,0.2749203501153696,0.8145161290322581,True,5
-0.98433046372255828,0.15391919253802475,0.086037319554812502,-0.17075594299247771,-0.95377919525185573,-0.24728051811146304,0.04399938772851502,-0.25809713069533785,0.9651165344176581,11.027633869287829,-1.8349681998225911,-1.7703210975279069,,0.5498653118899358,0.3770491803278688,False,2
-0.70876311769527778,-0.70368353667901962,-0.04984298548217754,0.69908140876073555,-0.71008261681882867,0.084070572835147628,-0.094551715584515306,0.024741816801345587,0.99521244746104021,3.4132961556312478,10.379107616152854,-3.2660077978144804,0.2109767227943883,0.218347631424907,0.8201754385964912,True,5
0.11017246477759488,0.98988149825508664,0.089423975627870522,-0.98634815264503328,0.097811464311470309,0.13247731588077982,0.12239015392816349,-0.10279852558043009,0.98714391724810302,-9.4479666565889158,1.4128215965506958,-3.017288221586973,,0.1325469834108654,0.1111111111111111,False,2
-0.99922570121734533,-0.039344066166247887,0.00020611698151030977,0.039313639033235467,-0.99821772826011146,0.044897714565289119,-0.0015607090275309744,0.044871053528166942,0.99899156790365529,-7.4058495971965641,18.208162240104052,-4.5256624696414383,0.1858435378369766,0.3501563342803586,0.6865671641791045,True,5
-0.999933658647573,0.0087661414744572598,-0.0074721527907456384,-0.0092350918467180628,-0.99782777189585392,0.065226150522151638,-0.0068841399071436875,0.06529082934842767,0.99784253077363516,7.4932877390879904,8.1815949990417831,-2.9234768148738119,,0.1469592230081379,0.3243243243243243,False,5
0.63477667935635518,-0.76267428192639641,-0.12404235983475757,0.76869263940544996,0.60697883591920287,0.20171345733503568,-0.078550579050717065,-0.22339344760808397,0.97155811668503511,4.1080551785515009,-24.942011601067261,0.36184170328054305,,0.18405703703016,0.5555555555555556,False,5
-0.6206238597561724,-0.77155630195458369,-0.13973867616203364,0.77769745283298986,-0.62843833753194578,0.015872232897846464,-0.10006346265460769,-0.098823726069457205,0.99006119740514942,-5.5064190609372377,-15.996202613125035,-0.95131318275519994,0.4229749784593814,0.4535720207741862,0.9523809523809523,True,5
0.9995739481594389,-0.026741133756260829,-0.011697603446089711,0.02809723070615432,0.99009694661912695,0.13754483604311737,0.007903656596622826,-0.13781490507529534,0.99042646579717908,4.6650625243980173,-2.4648122204813445,-1.8981374550940375,0.3806909152470274,0.3589510489659471,0.9305019305019305,True,5
0.49910686407249655,-0.86303421101676481,-0.0778735439696214,0.85908622860203576,0.48104913126445853,0.17482158086472288,-0.11341600443521868,-0.15415474019432501,0.98151572886712857,15.215428743720047,6.948789588480726,-2.6188830910019796,0.202364185904701,0.1579751484336908,0.3636363636363636,True,3
0.34110181018672936,0.93988087077099636,0.016537951689693364,-0.93162751558759171,0.33565533148290883,0.13930423772158085,0.12537833659539691,-0.062924138499090329,0.9901115217523323,5.3259970223742403,13.055467752131149,-3.4963301005532399,0.4719964436891368,0.3556665188333429,0.9086021505376344,True,5
-0.99993319280069515,0.0008237678631870714,-0.01152958550503458,-0.0014366248425505086,-0.99858027088969559,0.05324827414035329,-0.011469352399856319,0.053261280461250934,0.99851474198389167,2.8442759128597004,18.079699138550776,-4.1046072699032532,0.138480610998566,0.2011629506672988,0.6086956521739131,True,5
0.99101953550214916,0.13213320613062782,0.020520625983274015,-0.13081320131426086,0.92620411203261332,0.35360125737303688,0.027716179661328978,-0.35311012261264763,0.93517113658060569,0.79548223084279657,-27.793285503926676,0.50562407100333229,,0.2391425055351098,0.3809523809523809,False,1
0.48055831609973859,0.83300162698840075,0.27417511605187622,-0.8694318862519792,0.41166394753001018,0.2731684269316893,0.11468173348754529,-0.36964994757024539,0.92206670922748613,5.9053328038155319,15.153714837362589,-3.7017161205678577,,0.2748134368077771,0.3333333333333333,False,1
0.48230868140546024,-0.87435377143011916,-0.053701193905280525,0.86989768114046984,0.47082332110799907,0.14698103499182058,-0.10322964781185184,-0.1176047732311931,0.9876804934420238,8.2658223062290954,-3.8441730428701897,-1.6258767190801191,,0.07445676728197796,0.3617021276595745,False,3
-0.72899781263238816,-0.65792266145522327,-0.18894433233327695,0.679760178161122,-0.72828938661166709,-0.086721793888043366,-0.080549918457760508,-0.19165683106134304,0.97815099537033157,8.6395075306550897,10.660033870180765,-3.1923349255387792,0.2098932962520741,0.364238552651953,0.5555555555555556,True,5
0.28804645366136777,0.95743673458322653,0.01855100546380262,-0.94996383627704428,0.28324680293098897,0.13168127579566807,0.12082197771478027,-0.055553108823736999,0.9911185104724396,2.9397180502065829,-20.657588969748819,-0.13252488225653053,,0.320522676866054,0.7678571428571429,False,4
-0.029702173103565873,-0.99891223000801521,-0.035946316269416571,0.99174650025300926,-0.033938377342559785,0.12364087422556742,-0.1247263410384285,-0.03197723070825767,0.99167575172906042,2.2612573311186019,-22.87491942338033,0.092545265460515405,0.4256057994418888,0.3976180183755244,0.9444444444444444,True,5
-0.77888024221119589,0.62085027892051403,0.088828483367373728,-0.6230525949659973,-0.78217123434924352,0.0036910788012047419,0.071770691784075524,-0.052469908718233302,0.99604009782735869,16.944126157875516,0.46738784835046499,-1.8392734261911414,,0.2451442968829982,0.3636363636363636,False,2
0.40543733462624587,-0.84763673351581381,-0.34224630850574245,0.90586221015855062,0.32233243975167453,0.27480075416636007,-0.12261412601259541,-0.42144248276410795,0.89852769007070277,-3.1950369078183511,-27.026066083547558,0.23986245852835186,,0.4925860425527652,0.4838709677419355,False,4
-0.16728395216855266,-0.96698131253440822,-0.19225821323444645,0.97617059261101025,-0.18979245627695629,0.10521310594136046,-0.13822826580818293,-0.17007634976560423,0.9756879530782725,15.538265079301011,-6.7398532451566178,-1.1083526019641226,,0.2742146885190883,0.75,True,5
0.3695532452317975,-0.92652526224986831,-0.07057858989424913,0.92242039196918635,0.3566284170777354,0.14817824608235181,-0.11212055751761174,-0.11986288226737468,0.98643898444683242,8.8536400451059318,-2.6287058628506581,-1.7460609794969293,,0.2312994889848957,0.5132743362831859,False,5
0.11529589284939346,-0.99184995591475389,-0.054226580603620053,0.98611212158809081,0.10771773879427998,0.12641112453451331,-0.11953970365152383,-0.068048171914805999,0.99049467719415696,6.3085541884170464,-16.392394743434874,-0.44351973976796022,,0.3512726978063369,0.7209302325581395,True,5
-0.95729760697700683,-0.2879229604015619,-0.026108629793556042,0.28529432295665935,-0.95543479727820846,0.075838627615814641,-0.046780775589954998,0.065151492872761063,0.99677823110843122,4.7061102623193367,-7.7937147150670327,-1.4116904606483227,0.3068132120536241,0.2730461095091578,0.9343065693430657,True,5
-0.38458748833166118,0.91645557428157998,0.11046105280578419,-0.92191872850382783,-0.38736265701319023,0.0040037464411440959,0.046457742655319469,-0.1002963225641863,0.99387238910610198,-11.773538502847172,1.592079546235021,-3.269170809363696,0.7741553537075889,0.4205540723368109,0.2898550724637681,True,3
-0.74397200324914836,-0.66652845643420788,-0.047386444737740542,0.66183423390634077,-0.7447908532627433,0.085217555267464079,-0.092092916182829165,0.032037503953782583,0.9952348934444345,-8.9238358059759939,-5.7916886492056996,-2.2225687526053521,0.2021834211525398,0.2520919596307285,0.5135135135135135,True,5
-0.62103806160536001,0.77730358432907254,0.10055279124238373,-0.77611475079938363,-0.62778124299538252,0.059469357948310042,0.10935090136376886,-0.041107769732131316,0.99315282390908111,-9.4187564441942762,19.529506669594248,-4.8235419214293511,,0.3315923589650321,0.2631578947368421,False,3
-0.75293834297409612,0.65645029485931605,0.04644202900970975,-0.65396569631546786,-0.75424237922197335,0.058713724359824242,0.073571188124474635,0.013836320489685906,0.99719398138639959,-13.882516014838723,-3.0995386358376842,-2.9198898914746518,,0.5390730059556039,0.2571428571428571,False,1
-0.68857163515160047,0.68666308376546525,0.23315855690571025,-0.72219462476891061,-0.67842373741300388,-0.13481897666673198,0.065605085317712003,-0.26121837972905704,0.96304773031879498,0.29884766358249548,-23.086864024647532,0.011735610101148351,,0.5978818801143602,0.1714285714285714,False,3
0.41257880357318577,-0.79922865780634045,-0.437049520515917,0.9038152148031644,0.2993512093665498,0.30578899741667087,-0.11356402745776195,-0.52117406496472773,0.84586098484072014,12.449297390255898,0.75978246622840295,-2.011128646496589,,0.4747766309406615,0.1509433962264151,False,4
-0.31006974148367922,-0.94854653490594454,-0.064157825198261825,0.94286891021794106,-0.31546155106408741,0.10715515827375156,-0.12188098112780732,-0.0272668465020534,0.9921701192442538,4.8503225469344855,-10.294876016250933,-1.1729487329378174,0.4723101671756519,0.3945185307818285,0.9384615384615385,True,5
-0.66154907745565639,-0.74240195868031211,-0.10579295754068543,0.74878855976616066,-0.66164491995848684,-0.039264394257969001,-0.040847409720666278,-0.10519188010850705,0.99361267980956669,-0.35774886309691262,19.761014575611963,-4.3754889164081829,,0.3437193265647321,0.4782608695652174,False,5
-0.61745648176715895,-0.7857389651678176,-0.036902191543709009,0.780366563204695,-0.61778174822773768,0.09681806953648539,-0.098871230172451266,0.030983708197800865,0.99461776058468732,-9.9473515047718308,12.898054890998104,-4.1299866654600317,0.2982970677133145,0.2716649890660644,0.8222222222222222,True,4
-0.49071507306659878,-0.82774739421338217,-0.27209000062148658,0.86609628350835788,-0.49752379481297843,-0.048448955488282486,-0.095267752982081552,-0.25943077105048895,0.96105136713595896,-0.7535350836950595,-21.403471257016982,-0.23994050697154856,,0.6495762826804141,0.4054054054054054,False,4
-0.66575316242372851,-0.74306577883709646,-0.068014520832124337,0.7393588489152606,-0.66921773849893873,0.074135760662896469,-0.10060427055301897,-0.00093102072195051788,0.99492608466504162,3.9882344740151168,-15.803441198690741,-0.61363226283088446,,0.369734036454189,0.803030303030303,True,5
-0.99759800245862962,-0.067870640892318229,-0.013849245301439758,0.066501046128411581,-0.9943500307956864,0.082738305037305504,-0.019386499281209661,0.081618578531393982,0.99647507308719763,-11.666573918911062,7.052048326518749,-3.7335889095230388,0.2550673062997302,0.225879967754375,0.8208955223880597,True,5
-0.84482982725340428,0.53124095196554633,0.063605140812091648,-0.53153623991803234,-0.84692652665305412,0.013589853023364545,0.061088367442467165,-0.022327324204587912,0.99788260930686634,-5.2027001260945758,-31.014652151866574,0.52196078730471751,,0.2404069140479539,0.375,False,3
0.29654242681647708,-0.9486357525145459,-0.11023973035596646,0.94724586245825537,0.27746418121743399,0.16043348839022176,-0.12160536646674271,-0.15199946444807236,0.98087119320224136,7.5418677663075542,-4.53078829102125,-1.5819069458258603,,0.1735146855413575,0.28125,False,5
0.86309549710773703,0.49409270567462721,0.1045875760856628,-0.49979429210728316,0.80584206404729997,0.31752831903464396,0.072607358093568844,-0.32632953591594061,0.94246337092725185,-15.470063851980219,-4.8312686197577044,-2.9117302369168687,,0.4108122549914161,0.2222222222222222,False,1
0.52489544430219415,-0.80838950313110802,-0.26644170803055733,0.84619959785893029,0.46183794978454817,0.26580434293327093,-0.091820548539991761,-0.36498235486971664,0.9264755083106998,-3.3515082849505227,25.904655142996329,-5.2556962156468492,,0.2551053466341892,0.2692307692307692,False,4
0.25296152023819213,0.95890802719518975,0.12847515191434053,-0.96208981658512105,0.23533190943935917,0.13784802219413356,0.10194927219942183,-0.15847488059706943,0.98208556557855664,-11.970738741746544,-11.012105679619037,-1.9437551161464475,0.5612608722102849,0.2600908298843652,0.2131147540983606,True,5
0.98752629665505243,-0.15617510524321837,-0.020028727294271569,0.1571719037856783,0.97013517319630616,0.18475588864163367,-0.0094236975303817333,-0.18559925169473046,0.98258033345636087,11.668012574888269,-5.4620742262835913,-1.3507648741906173,,0.3826834253523365,0.8205128205128205,True,5
-0.99996415676263606,-0.00015271052935756895,-0.0084653333948212211,-0.00064238139252713843,-0.99558699378633342,0.09384095667478512,-0.0084423063281183312,0.093843031083754899,0.99555121062699536,-6.5187341440057143,11.313321545998791,-3.7976367417628563,0.4129576523395591,0.383789903923253,0.8741721854304636,True,5
0.88477252680035845,-0.46478140050349914,-0.033997434687244629,0.46354166437099997,0.87019787568331652,0.16698737242200404,-0.048028129377175904,-0.16350506690083888,0.98537271724270925,6.5675843972482921,-9.7792717461621308,-1.1198553501921886,,0.1307707265036118,0.4693877551020408,False,5
-0.99964816257235467,-0.021372296720829277,-0.015709105594933194,0.020506313126153551,-0.99836472616316385,0.053360703472909318,-0.016823857693408897,0.053019793342000514,0.99845173109484076,7.7473623404342273,11.392439888490649,-3.2872851431575554,,0.1989739372266424,0.7142857142857143,False,4
-0.71866560752872577,-0.692587068540372,-0.06199110457172019,0.68887527248866631,-0.72127588037579415,0.072193928704490887,-0.094713269973291339,0.0091791545785812959,0.99546227432896173,-0.25974958981348584,23.036729851069232,-4.815626125708433,,0.1160770213827758,0.2857142857142857,False,1
0.57183421219629482,0.81706860480167376,0.073515500469549425,-0.81314247864722544,0.55264805832930131,0.18270039147275796,0.10865055536576269,-0.16425291069657999,0.98041625758981155,0.69050963344843275,17.463561857932962,-4.0997253705535472,,0.1535715157878186,0.2727272727272727,False,1
-0.93909083577328045,-0.34004726083483444,-0.049762059496841246,0.33996799688680446,-0.94038050332899281,0.010308736657944309,-0.050300728219528482,-0.0072366675642275271,0.99870789892898593,-3.0325667407886145,24.85973877263271,-5.1314316154364343,0.1777369255176788,0.1768096517636155,0.4090909090909091,True,4
0.87850784241685409,-0.47488780542279652,-0.052014835122326464,0.47564292172793532,0.85931235796853578,0.18800553835636657,-0.044584546899075379,-0.189904828014651,0.98078966882534435,7.6518337796905644,16.780905542179738,-3.8715663024631275,0.2112966139570933,0.1671304192525581,0.2380952380952381,True,3
-0.083844437578757244,0.92464871083670452,0.37147661007810873,-0.98882708806299402,-0.12331262935813052,0.083755509392786837,0.12325218131928836,-0.36030370104788773,0.92465677027274973,-4.7039895802409042,-13.579294975174125,-1.1656539125848109,,0.1988076183109931,0.2307692307692308,False,1
-0.56845175592808328,-0.82170529519246138,-0.040780007785074346,0.81554339481725036,-0.56933403294059437,0.10367125978570119,-0.10840466942080902,0.025674243674744881,0.9937752567152679,6.3236374723322761,8.7041179461791423,-3.0069392409045435,0.3139474463077743,0.3049084498350063,0.8903225806451613,True,5
0.56651597578720025,-0.76653066739046272,-0.30247377593405972,0.82182234325639114,0.49857129385011345,0.27574390487043932,-0.060561417606016674,-0.40479303464678745,0.91240063228769963,-11.072869876339684,-1.9931842839935912,-2.8298631136238916,,0.5804420673059865,0.1272727272727273,False,4
-0.97375863560916165,-0.226946641272744,-0.017010043844877143,0.22726364329220464,-0.97363092132881623,-0.019851082337100437,-0.012056368198497657,-0.023195927388686918,0.99965823806861176,-5.7836612897404258,-13.003718880466147,-1.265702059470462,0.3805555993050025,0.2509404232447924,0.8620689655172413,True,5
-0.027011443453614309,-0.98913291037275464,-0.14452151237817867,0.99080041978714029,-0.045670160109892437,0.12739216861786626,-0.13260810711332197,-0.13975092877351708,0.98126691976992697,-5.2486638225786972,-9.4693897021002584,-1.6081084068335321,0.4343659671088173,0.2994565729990722,0.2051282051282051,True,5
-0.90826079985187302,-0.4170883580121923,-0.033160534723198722,0.41348706782059313,-0.90687795448745356,0.081245433162608155,-0.063959082213266183,0.060080589838524004,0.99614233848737244,4.1067917655726571,4.8757798310783595,-2.6767872701953817,0.2946475027205036,0.2688528489684671,0.7427536231884058,True,5
-0.86334364944821018,-0.50174185097610746,-0.053785294798062211,0.50015131371646226,-0.86497758251337531,0.040773093297083049,-0.066980641570097074,0.0083004053145179953,0.99771974869021818,4.5369592006841115,18.045807969672804,-4.0722097487613782,,0.1319859987965227,0.4375,False,4
0.13824394824628378,-0.94684928230912968,-0.29045661872982842,0.9794187012363943,0.087152257401492919,0.18205354074622843,-0.147063314397893,-0.30964644454685747,0.93941016650757847,-13.852230997748274,-1.726047087250973,-3.0536631070203692,,0.3120012450630777,0.16,False,4
-0.42535091804756719,0.84700766287332208,0.31883320960960682,-0.88757067445180404,-0.45926438477475806,0.035979476519697844,0.17690363017547239,-0.26768310352230784,0.94712769029281585,-7.314824495522724,-1.6894946677282916,-2.5974038372192463,,0.5503207820483899,0.375,False,4
-0.5855877080504982,-0.80674077731714011,-0.079097120010154842,0.80324822094329396,-0.59062112319593474,0.07719445826097189,-0.10899234712399331,-0.0183304950426527,0.99387356400092142,-10.536929100803938,-6.5817619361900705,-2.2793014906422342,0.1940063845728931,0.1401428412124075,0.6521739130434783,True,3
0.96799334494418088,-0.24563821071555772,-0.051485469602948655,0.25014553828915204,0.9275989656998489,0.2774659772054977,-0.020398377822935979,-0.28146407989125477,0.95935492801838607,-1.3327773168948081,21.7944966797848,-4.6894032701990636,,0.2660838321098514,0.1395348837209302,False,1
-0.94895148037425425,-0.31323286454167754,-0.037097984669323306,0.31143699404065528,-0.94909596882158054,0.047157615604959666,-0.049980862721956398,0.03319660430886618,0.99819832639808004,3.6914844535389855,-12.46862890089249,-0.93609650859279958,0.3597305459278857,0.2735935008345202,0.9339622641509434,True,5
-0.77330946224201114,0.63388764380134777,0.013376495914408447,-0.63015110674566899,-0.77073867927181328,0.094188486247260256,0.070014700414847392,0.064407633944414483,0.99546451389062696,-3.6248534545193292,-6.2437873687019474,-1.8233240717940091,0.2810064668807125,0.2232769713194625,0.8780487804878049,True,5
-0.93612038031093259,0.35167677069330355,-0.001443094329593865,-0.35066500084821667,-0.93309996136317641,0.079740324078589053,0.026696268402808244,0.07515258517687691,0.99681462579287872,4.4747588788406745,19.76005307590335,-4.2847850144825106,,0.340437321995453,0.6904761904761905,True,5
-0.80318714127141644,0.59547897087972668,0.017181715172547938,-0.59236611747375956,-0.80138309071561242,0.082991112681755519,0.063188598380667038,0.056479528637491019,0.99640215971241897,11.828567863865743,12.588782574090729,-3.3261026472759845,,0.3969007894172193,0.96,True,5
-0.62009511797646399,0.76489203928812144,0.17441964595599369,-0.77945866460123281,-0.6259000747220963,-0.026330336893730794,0.089029404355069036,-0.15228021767955655,0.98431930818390856,1.7494438561148584,-13.283585211305226,-0.92176429449051289,,0.2713429982566523,0.5483870967741935,False,3
-0.85494935912829062,-0.51726383952846189,-0.03872613642490319,0.51286897385364649,-0.8541343698985896,0.086138805519049108,-0.07763381340907026,0.053782882725031053,0.99553020674480408,8.0552724892287753,-11.270696489583775,-0.92368881474443032,0.2346306960496667,0.2669627455123804,0.6794871794871795,True,5
-0.90647887802822869,-0.41180752519026836,-0.093330626727513397,0.41755927206983634,-0.90709385447714186,-0.053150667712742308,-0.062771793006032792,-0.08715102619285986,0.99421546992406995,-2.656467657842676,31.546436342849404,-5.9275326028620787,,0.2361039329847272,0.35,False,1
-0.89577536641053401,-0.44052855874460262,-0.059338704590475244,0.43805793744354371,-0.89753501920795886,0.050360031156423408,-0.07544359730806012,0.019117484818115767,0.99696679252593323,-12.890761143242328,-4.6026346652235119,-2.7380684467744487,0.5447424339400846,0.2933324196996442,0.696969696969697,True,5
-0.84462559462791342,0.53535415443616985,-0.0018799540891065031,-0.53230738023730806,-0.83943404735783855,0.10954146740541496,0.057065382188657601,0.093522240479851498,0.9939804488476075,-4.249181121513832,4.7265362809441038,-3.0881516341392405,0.5032025505298302,0.467834382805429,1.0,True,5
-0.29606475558703993,-0.95366629004385028,-0.053537535740678516,0.94727818345804815,-0.3003469476404288,0.11160535017416318,-0.12251409569354219,-0.017672528881730654,0.99230941650239191,8.0582462264381842,-7.758178494737578,-1.2564680865424778,,0.3056650936262181,0.9941520467836257,False,5
-0.98813834245406018,-0.15255461057535438,-0.017598493240733693,0.15026735128034302,-0.98416666278321752,0.093998420227867127,-0.031659742755306669,0.090238964191454732,0.99541679211791545,-7.492271017254434,0.40248935673278236,-2.7764000544324694,0.4564834854421681,0.3720220302248092,0.9688109161793372,True,3
0.55538943776793304,0.83147625040731188,0.013777424447862827,-0.82572720671637556,0.54943404217303382,0.12765897300923623,0.098575618203445112,-0.082276839450711098,0.99172242547287925,10.831534169247641,-10.189392562024542,-0.89660185774290369,,0.1628578901490234,0.8888888888888888,True,5
-0.68548465831750993,-0.72075697197914057,-0.10305421172755767,0.72176047205258465,-0.69130555044237574,0.034036111851906289,-0.095773713480047637,-0.051049224000228481,0.99409324136884547,-7.5994428682182793,-8.663820226208891,-1.8459661546599295,0.1954976890511246,0.1763793976743601,0.3076923076923077,True,5
-0.12182382272570463,0.99133653908004393,0.049100127304275376,-0.98575430700707889,-0.12662095925273317,0.11070491811528045,0.11596293560224051,-0.034914165645445763,0.99263971238500859,-6.6393108767303728,15.129333094832136,-4.1412524290000645,0.4408884132764683,0.4400652409682633,0.8515625,True,5
-0.99417936379651728,0.10545708623049573,0.022049842741496802,-0.1052827176956348,-0.99440225355009593,0.0089279050796458731,0.022867924168411543,0.0065544716235319371,0.99971700843086719,4.9840049727384494,14.599442213546649,-3.6576617873871542,,0.1844205396002343,0.15625,False,5
-0.17486601236331609,-0.98354166396256304,-0.045471672169665911,0.976684749156711,-0.17911793576473198,0.11833708570044355,-0.12453424623309584,-0.023718354435633783,0.99193178252237713,-6.158584945249479,-5.9850543339951541,-1.9981568924549342,0.2894565607870601,0.2669369869200086,0.9135802469135802,True,4
-0.13387585520467532,-0.98994552830332228,-0.045662965141053502,0.98287115697551397,-0.13852593982851916,0.1215518522287521,-0.12665521773236071,-0.028607953210283289,0.99153418540879701,4.4883479943200744,-23.391828911200989,0.23667112571605115,,0.277794610622066,0.8292682926829268,True,5
-0.94723465419108976,-0.31949801424496621,-0.025836578585579768,0.31842686900242978,-0.94716763574062079,0.038442150080751122,-0.036753761668637294,0.028186675913360881,0.99892676023027793,-15.234221762412661,5.8593343125353865,-3.8824985607400624,0.3077961289131924,0.3249461867946684,0.6785714285714286,True,5
-0.78098756483308451,-0.62432364295022724,-0.016685695353973268,0.61857545730883567,-0.77693017573267009,0.1172344047247524,-0.086155830860442997,0.081237250626540719,0.99296408893745347,-3.663384160374108,-3.6387033543087233,-2.0558998226944198,0.4027298574514162,0.3529734362082015,0.9982014388489209,True,5
0.30223710530187947,-0.94185565725532394,-0.14683546259294167,0.94593105310619741,0.27731283666723233,0.16826180014778613,-0.11775896971416309,-0.18975118317342707,0.97474474275891509,14.532903233093192,-4.9007708950828022,-1.3113940951228675,,0.1790567074437288,0.3,True,4
0.20334261187340649,-0.97724489894608757,-0.060367124168316112,0.97337409946801867,0.19510465152121945,0.12032056116727362,-0.10580474791485131,-0.083226092294636136,0.99089796290033794,3.8107653951058542,8.8740056660233559,-3.0904438646459633,0.3799229620459624,0.2254486249529333,0.4444444444444444,True,4
-0.91824007381015238,-0.39394263951826919,-0.040550753612059058,0.39143835827312007,-0.91837407264633941,0.058009261014266025,-0.060093082144049098,0.03739330769476984,0.9974921363189152,-15.473163312142853,-13.738268319897449,-2.055934577582343,,0.2890002323036857,0.8461538461538461,True,3
-0.83385663547211208,-0.54889508455486069,-0.058286341716061098,0.54642344113164998,-0.83579264890442584,0.053591706626767127,-0.078131520278153899,0.012838776765539194,0.99686038709048375,-6.2891714684060274,32.119848116933781,-6.1271864004376981,,0.1128996493754651,0.25,False,1
-0.80000767451364518,-0.59391087405894283,-0.085191515973203805,0.5922512909148796,-0.80441955914950802,0.046342003273171561,-0.096052741392054553,-0.013380827039251818,0.99528630269828255,4.7314577706008203,-21.773437165061875,0.091219905551567795,,0.1611403531770009,0.391304347826087,False,4
0.91978651521132404,-0.39239758945543562,-0.0041107450628252613,0.37391902944019645,0.87319781799019525,0.31258619623979372,-0.11906857628236583,-0.28904965394673071,0.94988050390318313,13.583227775562017,-17.500763897467419,0.0052747183533140779,,0.4084352150466244,0.4615384615384616,False,3
-0.39330318513871176,-0.90892291057524299,-0.13846207853117673,0.91369887935593075,-0.40316086063296097,0.051143702617299322,-0.10230817378616816,-0.10639766484805815,0.98904629542373801,7.4820688820090302,9.8384116066494514,-3.1340578866592796,,0.2352905261718717,0.125,False,4
0.74861513383429179,-0.65089493143610944,-0.12613948479776532,0.65233992392925633,0.6891323064065078,0.31551432283624942,-0.11843987944199856,-0.31848461893414493,0.94049962384901309,-9.5142774213372476,5.0606837217880676,-3.4071359591621624,,0.4505503769516254,0.2777777777777778,False,5
-0.35463445872698862,0.91896221698999458,0.17246113889294123,-0.92704892832420216,-0.36959474415478938,0.063087317157292988,0.12171559134459706,-0.13750697741565798,0.98299397047268056,-9.9445568949336671,-0.2992800152607093,-2.9033238473591667,0.4576435010795477,0.2508243710592418,0.4193548387096774,True,4
-0.13849568736744619,0.956884399311006,0.25532565663449047,-0.98283512771758041,-0.16452371816510161,0.083468903703700442,0.12187721815411603,-0.2393829411556834,0.96324542624331644,-5.4374716220722803,8.15685124010494,-3.4009422078105112,,0.6640397293024283,0.4705882352941176,False,1
-0.98881788336209908,-0.13931588425477021,-0.053200356555278008,0.14795491517921042,-0.96114921684606891,-0.23302687834346572,-0.018669135427488423,-0.23829239885170314,0.97101400403490068,1.0370041555866436,-17.292815760656627,-0.56521447252472201,,0.4460950366509424,0.1470588235294118,False,2
0.017290183380998345,-0.99622928403122679,-0.085019193111202332,0.99170322852720338,0.006254169499687017,0.12839623005598635,-0.12738035989653995,-0.086533802658254,0.98807193306465757,-17.991336148998009,1.179599618353343,-3.6385246758399044,0.5802359121041386,0.5292599288408025,0.9148936170212766,True,4
-0.46261786092622015,-0.8817608237645701,-0.092100838357065659,0.87836332336679068,-0.46995388665821447,0.087299579488585868,-0.12026049607453906,-0.040511653741411649,0.99191542935627353,9.3169546997246204,-14.919590613005871,-0.46861423560966747,,0.1930443186547069,0.3846153846153846,False,4
0.90343521909932933,0.41913936380921762,0.090149867423926333,-0.42499377290293944,0.84787021983813415,0.31701164537814569,0.056436671452806245,-0.32471261758243808,0.9441274374246782,-12.256453558723807,-2.1934781201364961,-2.87385204703325,,0.6066229018404173,0.3529411764705883,False,3
-0.99645751311391872,-0.077415532599812042,-0.032852090817965016,0.08042704591730486,-0.99139630618731212,-0.10327078174957922,-0.024574678916317986,-0.10554714297621189,0.99411060036885168,-13.179891082609203,0.81732865803261556,-3.267193300836519,,0.1778407186985459,0.1333333333333333,False,4
0.77813774400695324,-0.60450063343561733,-0.17053045337330744,0.62740580159591264,0.73538526866841214,0.2560673090210403,-0.029387267235297009,-0.3062474339507581,0.95149823842349623,-5.5949861212851841,9.1177717845800057,-3.5100127209156677,,0.4185785285378685,0.2592592592592592,False,3
0.90728027901844077,-0.41946601008054663,-0.029845631025778321,0.41840124015200481,0.89329265425655469,0.16422130218258632,-0.042224371439781985,-0.16148219789929341,0.9859719074183243,-11.689210295410437,-0.32317952662267158,-3.0370610204584785,,0.07517603984009624,0.4117647058823529,False,1
0.46654569446347782,-0.87623549912163567,-0.12060872711644431,0.87972723606963688,0.44555333277491266,0.16601872716788496,-0.09173388193501858,-0.18355810451251026,0.97871922284836421,-16.895934025289481,8.3936909019752868,-4.2666352916478871,,0.3112104300227668,0.967741935483871,False,3
-0.20384998923536499,-0.95512517842275224,-0.21489782556286585,0.97059120180449432,-0.22588134433136706,0.083248647212804824,-0.1280542887546107,-0.19160770294004553,0.97308200440948978,-3.8545102487848952,11.755098812821922,-3.6617102218951052,,0.2276338121671415,0.2857142857142857,False,2
-0.38428475730387796,-0.91516348362089317,-0.12165945730097963,0.91542286014844976,-0.3948031524594644,0.078303626516904937,-0.11969215689229457,-0.081278958254508801,0.98947840730534908,8.9805694424934686,0.62962765205477289,-2.0961832639884106,,0.1157491491880599,0.2878787878787879,False,3
-0.66581067389776527,-0.74221780527993286,-0.076215982898888174,0.74118693725128171,-0.66967599997239013,0.046647391235139314,-0.085662538906270985,-0.025431959940582134,0.99599957070357825,9.8482439642101021,-13.283829998903055,-0.63098588485951024,,0.1425641935498222,0.4230769230769231,False,3
-0.72952605939232662,0.65095248489153978,0.20988709126822061,-0.67976463040457302,-0.72398402584106603,-0.11733361657213792,0.075576292039493218,-0.22827175195475466,0.97065968873806074,1.6266140258017039,-25.223245543877901,0.30272028902551912,,0.2803419450872119,0.4814814814814815,False,2
-0.96899053830480442,0.24697655197822094,0.0077407653831098981,-0.24639105644236051,-0.96811240803682808,0.04527485737529819,0.0186757591809475,0.04196365305934651,0.9989445769615708,9.0067773640650657,-16.787564584526532,-0.27805850813164174,,0.1019780200820753,0.4615384615384616,False,3
0.17306016305147345,-0.9001248916827943,-0.39978163957044893,0.97795997073033569,0.10890584736839481,0.17813986656022263,-0.11680956987216179,-0.42179935488572151,0.89913337642658464,11.903313972979731,4.4839861256693379,-2.4127398398567168,,0.4395731268514835,0.1272727272727273,False,2
0.64429240768245266,0.69863811682216204,0.31111424770641916,-0.75787478342345105,0.52871804553212787,0.38220811213204808,0.10253343870955166,-0.4820394279017744,0.87012923401901909,-11.153804945608101,-3.6590633676980193,-2.6760674766978982,,0.6348061516259883,0.1515151515151515,False,1
-0.98981372073169815,-0.14026828267866615,-0.024364053965821669,0.13763629679602105,-0.98655240398242838,0.08815102949352957,-0.03640120953415283,0.083899720326526067,0.99580911266847794,-14.078129224731779,-10.186896936126882,-2.2250083683089401,0.3081925941025823,0.389419698222579,0.972972972972973,True,2
-0.26215218490897929,-0.94885232893578009,-0.17594172279648418,0.95712874395407432,-0.27892648248079843,0.078131842854149203,-0.12321038691743895,-0.14791644683413463,0.98129502460351836,-17.165377080214252,-9.9083010942851271,-2.5595763447325037,,0.232020072368289,0.4782608695652174,False,1
-0.23153764960206324,-0.96952283013532348,-0.080098680782802772,0.96316006339215687,-0.24003659512737199,0.12126469101133722,-0.13679550103409538,-0.049070508923906977,0.98938317958755517,-2.3433107350774915,23.826139357684863,-5.0045947110815812,,0.1952968235477884,0.2692307692307692,False,2
-0.090561408758345327,-0.9711448544651099,-0.2206270674455999,0.98799803381651286,-0.11544746760894002,0.10262439962011277,-0.12513399385622492,-0.20868529864037894,0.96994429206680066,13.840974014133074,10.370773488065948,-3.0500265796995403,,0.4323558271751592,0.1153846153846154,False,1
-0.14050543457358158,0.86674851358195382,0.47854491644856262,-0.98255699949260311,-0.18153856507479449,0.040317392508400232,0.12181939748406556,-0.46453284447287191,0.87713697379745714,2.8939368827662131,-9.5362771590174447,-1.2834776756876902,,0.3075880808483152,0.3684210526315789,False,1
-0.2779831048817325,0.94383702620377308,0.17859748421276836,-0.95715311376496159,-0.28786457023458634,0.031494539426635507,0.081137600471980043,-0.16219018826820344,0.98341803553685869,15.448513467862742,-4.6170600124696843,-1.3257876434655846,,0.2437068824378583,0.1224489795918367,False,2
0.99068793071529604,0.13606975976348226,0.0047375534775537069,-0.13323839459160872,0.96173875284393762,0.23938692839175257,0.028017033063749749,-0.23778896474835728,0.97091269128702251,8.1813871066671133,0.81092074276303072,-2.1169089485686454,,0.9405298539623768,0.8709677419354839,False,1
-0.13809369837955301,0.95116761849684062,0.27606211618204091,-0.98289026351370945,-0.16591573572922585,0.079991865382555843,0.12188872120835577,-0.26029239358936185,0.95780530875628012,-5.8709159180060313,-7.43522375877395,-1.8641888561068238,,0.3637930323858752,0.2222222222222222,False,1
0.90832779218428683,0.38354668964667654,0.16683092880726519,-0.41359398466756198,0.76424622030639,0.49484111651539697,0.062294765369388896,-0.5184782074576253,0.85281868565311114,6.911608036684787,5.3189514928947572,-2.6292835517068269,,0.3157123658536893,0.1111111111111111,False,1
0.84155466881023355,0.50916236240016,0.1803868845531359,-0.53469229340229785,0.73775129731063105,0.41210092779884933,0.07674562384846087,-0.44325693681156225,0.89310323993844143,-3.9584919940818111,-28.562380819521167,0.34354033929542843,,0.2513652494375469,0.2,False,1
0.44382687965205797,0.8953739345364039,0.036376067010002205,-0.88848683252117,0.43440283560556914,0.14793689483809822,0.11665697293696312,-0.09797802697870249,0.98832760605709302,-4.3115794636536275,-1.3131133796042422,-2.4077919505731633,,0.1281419518679254,0.2573529411764706,False,1
0.81488093139669071,0.56767775056893877,0.11709414654478474,-0.57388913222800719,0.76181962654015212,0.30046983297630431,0.081365419907027461,-0.31204619550190454,0.94657637849047349,6.229612578733752,-14.830022987313283,-0.63433596438419149,,0.3828042483973454,0.1538461538461539,False,1
-0.19909233719900579,0.9608299298914259,0.19279026711292988,-0.97261776653702314,-0.21780542761494429,0.081089308284160291,0.11990380096214497,-0.17136697910130977,0.97788365207141137,-12.660760246730213,2.587402621710194,-3.4132364509727986,,0.4797790371475259,0.5263157894736842,False,1
-0.994964826211857,-0.081802705750947294,-0.057907788189796305,0.097414793875824024,-0.9251692080682562,-0.36684096605543881,-0.023565918936911893,-0.37063493328905295,0.92847961404140622,0.40672680765997138,13.721388413667986,-3.6112023956630201,,0.5560279842116658,0.3536585365853658,False,1
0.27540617430880493,-0.95962589305486368,-0.057180280965067262,0.95421544270452452,0.26566248357699396,0.13746393608474983,-0.11672329697535466,-0.092420723857581766,0.98885493463138674,2.4121359548940009,13.884589885715545,-3.6336589325260582,,0.1338502245454194,0.3061224489795918,False,1
-0.31658843153947569,-0.94682093669323608,-0.057461977469606892,0.94071472955056101,-0.32116889288433836,0.10911617593218322,-0.12176847959135211,-0.01951040960080631,0.99236675745170899,10.148343827350283,-23.270693392695183,0.46798174699554013,,0.4140279606184573,1.0,False,1
0.91380346410269531,-0.39685398450889758,-0.086429994639167243,0.40414642950275448,0.86730862780680806,0.29058803769606201,-0.040359540558457974,-0.30047072920882761,0.95293674940922846,16.765515102632349,-9.5484527279079288,-0.76239075210724649,,0.2774947724088644,0.6666666666666666,False,1
