axis_00,axis_01,axis_02,axis_10,axis_11,axis_12,axis_20,axis_21,axis_22,location_x,location_y,location_z,dbh,dbh_approximation,score,reconstructed,number_clusters
-0.84341410613731727,-0.52814685726713451,-0.098557306819133536,0.51810346780981575,-0.84808659401398545,0.11098615092524906,-0.14220211746677636,0.042544402835251224,0.98892291488030459,7.065455482722359,3.2765359929720432,-2.3087800620601402,0.4095532268080394,0.2971219614887231,0.9458955223880597,True,5
-0.49729100675543747,0.86751147866792411,-0.011202186373912279,-0.86107241411773106,-0.49193863512027503,0.12864943420576766,0.10609407262249196,0.073622100319085032,0.99162686233228869,11.858360672351317,7.9604106499529346,-2.378589675996547,0.2696303945815956,0.2667611376423979,0.845360824742268,True,6
0.12393730589940676,-0.97807684948289619,-0.1673476044406032,0.98238879785775368,0.097178242535793546,0.15958896898361166,-0.13982772990360159,-0.18417943881787188,0.97289574994792682,-0.19346886062277993,11.80819887399916,-3.8060312906085176,0.5090490763631454,0.3515380392677812,0.9701492537313433,True,2
-0.88351193772557601,-0.45618972543332004,-0.10629012327337206,0.44854695488295593,-0.88935584842017112,0.088610406533679048,-0.13495289978960839,0.030612240850816812,0.99037902115728715,0.090236450097786441,6.6307231123436976,-3.1816449647514329,0.308290420297089,0.2216029370342207,0.7444933920704846,True,1
0.096906964003978385,0.9928164056349108,0.070175672634531935,-0.98721543602791217,0.086916356595864483,0.13360849458144841,0.12654929156558742,-0.082226100833481475,0.98854648102452458,24.313350683450274,3.5014983124374837,-0.80805950882398869,,0.2296698932720156,0.15,True,2
-0.72537767847913215,0.68688107932525866,-0.044962277847046261,-0.68797880469233885,-0.72128915447949349,0.080169320343636913,0.0226359859146417,0.089086129645572831,0.99576667630848492,15.905503762576895,8.0741305349321522,-2.0379065949971191,0.393016667755315,0.3094606975931462,0.8571428571428571,True,5
-0.42039944187291195,-0.89727171711072096,-0.13478788872195471,0.89109512349490183,-0.43627574250938694,0.12495182024079607,-0.1709204205370127,-0.067579154856072243,0.98296453022089725,12.560517339654972,-10.607740952781453,-0.56043486899990669,0.5357488177154177,0.3173811015525504,0.7889908256880734,True,5
0.99596476864752459,0.02651171023461675,-0.08573977392855503,-0.0078825851194304093,0.97752004356671507,0.21069510976091371,0.089398235243873497,-0.20916905518208059,0.97378450485182688,-12.248453473482332,13.102815673236663,-4.9882732221304407,0.3082040784165692,0.2558742869762873,0.3488372093023256,True,5
-0.83052618726383354,0.55374699486198276,-0.059920930819917555,-0.55678580267368727,-0.82258115043272806,0.11554142501193829,0.014690888673584243,0.1293233027497174,0.99149365159636149,10.648024653103205,5.8534768417434302,-2.2266705681357681,0.2587409137928788,0.1291802907312542,0.5595238095238095,True,5
-0.93304337541766769,0.35415485397721935,-0.063280320744931798,-0.35896841220670922,-0.92815596684074897,0.098326905044908472,-0.023911056584793346,0.11445890363921329,0.99314018182264152,10.202855260081975,-2.107005761362406,-1.5116905166003523,0.2441221949396047,0.2238317643275915,0.8137651821862348,True,5
-0.84871033536125573,-0.52031739657556464,-0.094660305681999776,0.50976244696962025,-0.85251811887408602,0.11556428795667469,-0.14082973517879038,0.049826336532145715,0.9887792078503953,-8.9038131193360197,6.9851587393124452,-4.0350961652890485,0.4355478876931218,0.3973186074119218,0.7952755905511811,True,5
0.015440387187832038,-0.93908346336147708,-0.34334216648192517,0.98846551187361942,-0.037403247436244291,0.14675465552290201,-0.15065698218108706,-0.34164783904224427,0.92767409568115633,-14.256237161389063,13.765142412522549,-5.2501479531313748,,0.3731987766296065,0.25,False,4
-0.10277575897885149,-0.95393489806349763,-0.28186052157566538,0.98204150669792933,-0.14237887369379662,0.12378503725470025,-0.15821385049603798,-0.26407663013275334,0.95143676139244637,11.894990982696696,4.5080081507930965,-1.9990982448192756,,0.4708676884609947,0.6428571428571429,False,4
-0.82911486769439879,0.55775938957772231,-0.038379675688916648,-0.55894726040776421,-0.82547889774407168,0.078501907377387187,0.01210356355603652,0.086539313130618745,0.99617490985876866,11.883983280842005,1.0798180133621773,-1.6620141351757844,0.2077129300613339,0.2839035596586389,0.3,True,5
-0.97709329115068255,0.21258426525307753,-0.0098300841876652056,-0.2090390839592402,-0.96740737193873627,-0.1429182916776916,-0.039891875937452775,-0.13758963218715708,0.98968567300370347,8.8313385332037804,-12.276056872748221,-0.69882820531490575,,0.3448511210632252,0.6071428571428571,False,2
-0.99603861259831561,-0.036654368340702924,-0.081015674377037022,0.028137781986140108,-0.99419266773675818,0.10387109628461588,-0.08435251886056791,0.10118002124931373,0.99128565805314928,2.3030299630850255,7.4647706128519848,-3.0873957132132812,0.4480442903847366,0.4631351382475771,0.9905838041431262,True,5
-0.87669108984013122,0.4810441642572249,0.003040563926394485,-0.48100910504023492,-0.87650604078256544,-0.019167716088874423,-0.0065554453178220118,-0.018266704840754169,0.99981165907932146,5.9970083085548787,-14.158695160518096,-0.78326333863184894,,0.3417884214064627,0.4545454545454545,False,5
-0.76652336133642984,0.64098104239797149,0.039815070160850313,-0.64085266363067483,-0.76746237697382547,0.017588730686375093,0.041830611314835717,-0.012033420797861613,0.99905224925472791,-11.914666312850601,19.693093397714986,-5.7546548053986024,,0.4259128305483421,0.2972972972972973,False,4
-0.95068828394340088,0.30322658954910642,-0.065156904186499776,-0.30855752799088576,-0.94595430452870188,0.099813354135472224,-0.031369391019027207,0.11499603964501251,0.99287052135364429,5.6790931635936222,-6.1682404149763386,-1.5153852264340215,0.3449819915753493,0.2725224849135828,0.6,True,5
-0.79645801501712243,0.60290737377705905,-0.046447055452789952,-0.60433473322184572,-0.79098669747914885,0.095496463980140445,0.020836519303028794,0.10412849300877894,0.99434556186823464,4.5349261558016165,5.4665862320204663,-2.6780076701835864,0.1991586840274849,0.2588880585067722,0.815068493150685,True,5
-0.99620142012190016,-0.026402576838787214,-0.082979723326733937,0.022367224128007849,-0.99853897665850178,0.04918962673774898,-0.084157220913697206,0.047146749941682609,0.99533649894797838,5.566517992293484,8.3483341649434575,-2.8408196988165617,0.1759609967652573,0.1984993321138439,0.625,True,5
-0.70583113837700173,0.70721707061034655,-0.040576090678451047,-0.70703884895249636,-0.69981479327363816,0.10176109859521008,0.043571437540602505,0.10051502451223562,0.9939810157532939,15.137452566287342,-12.166639044208567,-0.20996580500904921,0.2655242222183088,0.2612858847937079,0.723404255319149,True,5
-0.89009536678956747,-0.44489988883614257,-0.09896629190452827,0.43652921527539501,-0.8946022750039635,0.095545872588928785,-0.13104381798006406,0.041843260763472494,0.99049313945018647,2.2509253896485504,-3.4605839988632336,-1.9931596775103824,0.4452632112356995,0.3701085779111367,0.9237199582027168,True,5
-0.41895921275367087,-0.87771160956721872,-0.23258441151493073,0.89140460010357148,-0.44633373075791632,0.078638665438268904,-0.17283233772363457,-0.17438042097277484,0.96939179479627402,19.253314812503216,-2.4188917569617496,-0.66876718362834087,,0.2961317998207018,0.2888888888888889,False,4
-0.91392322962217687,-0.38966038617122672,-0.11361828112527148,0.38083445861658144,-0.92005323002519379,0.092017221488282799,-0.14039033259874406,0.040826919662141248,0.98925412162078741,6.2549646450470426,-8.8696138085298983,-1.2357118482067044,0.3043396695293089,0.3327744506433793,0.8697916666666666,True,5
0.65953056809963517,-0.74145805168199241,-0.12352889272601991,0.74993847489719312,0.63788543687065291,0.17519832561188592,-0.051104927463451008,-0.20818772063760232,0.97675286504042325,-7.2938259231567137,3.5090653203282738,-3.536839639119786,0.4057713884046149,0.308341033161192,0.9024390243902439,True,5
0.84567475537433801,0.53163444995563391,-0.046893706858423284,-0.5128602869336959,0.83382505386205552,0.20423052082934839,0.14767712825227952,-0.14866267578753739,0.97779899499787215,-4.9396313317291218,-3.4940753219914642,-2.5794493354095689,,0.4560250702109525,0.94750656167979,False,4
0.048198435257039256,0.96496288784371809,0.2579215693250308,-0.98840101271294056,0.0088461858298161736,0.15160865102064244,0.14401509957920242,-0.26223724007199678,0.95419666789012392,-12.139157429367271,16.957696521054263,-5.4579839556383272,,0.4633294523751385,0.2692307692307692,False,1
-0.9289053412877597,-0.32469663858519487,-0.17806448219267768,0.3454285906408226,-0.93303504626255673,-0.10062152460444992,-0.13346893157198086,-0.15497643478059567,0.97886074033425707,11.816698692482067,12.537941659426671,-2.8951771861610167,,0.5010753197700404,0.1290322580645161,False,4
-0.947783439820162,0.3102111251222206,0.073997358419522902,-0.31734859479502725,-0.89442411200459826,-0.31511169011385087,-0.031566130334314421,-0.32214059929663014,0.94616542618113297,-13.59212551346516,12.888539021595271,-5.1137676097309788,,0.1228599361393834,0.4285714285714285,False,1
-0.65905116229301919,0.75202383866902922,-0.010569368652761979,-0.74800500681006499,-0.6539355623275025,0.11338778642555686,0.078358632372540787,0.082634293104683176,0.993494588981638,13.61941755255619,-4.1775053951639061,-1.0892559451203399,0.280850585019335,0.2689404345399091,0.8207547169811321,True,6
0.78114811344911916,0.61151463457653532,0.12592647280698716,-0.60629395555183263,0.69482363138304482,0.38681747728481874,0.14904785914663415,-0.37851020193702217,0.91351779550997259,9.493436889287695,-10.05578795298889,-0.84134785419647007,,0.1412638712147009,0.1304347826086956,False,1
0.76489955048030633,0.64263759310601187,-0.044108974165548334,-0.62592793730862983,0.75768946919745084,0.18471839530444506,0.15212789018319187,-0.11368197831757229,0.98180115748262042,-5.7956101523357786,5.8088009035114521,-3.6624206929231131,0.380263887797434,0.3297181119316003,0.8958742632612967,True,5
-0.81797833264308339,0.56789615923282055,0.091680966700040653,-0.57510411341464007,-0.81089664598905697,-0.10817526638405069,0.012911470094607802,-0.14121112510107095,0.98989530359916689,6.6451129541188143,12.791998734567208,-3.3285726650121652,,0.5484644671702334,0.2419354838709677,False,4
-0.66934235576118106,0.74254367248212361,-0.024692210124563116,-0.74123916740879781,-0.66517154222434383,0.090062845358132942,0.050451040456934382,0.078585710352781848,0.99562994061305921,7.9074102362313408,7.5830559531457933,-2.6368553167915909,0.2955190604382738,0.3246180524694179,0.6196319018404908,True,5
-0.90120035711099433,0.42853561663605372,-0.064769912902322965,-0.43323073817757823,-0.89493596692841471,0.10677425998814211,-0.01220835128623278,0.12428531840994657,0.99217141451798097,9.6157125960515764,10.862202157720917,-2.9071943334399029,0.1722169783808023,0.1573272827313941,0.6666666666666666,True,5
-0.95322227349103894,-0.2750020083814832,-0.12546390997703613,0.27890347548710021,-0.96021236259950216,-0.014320267885026189,-0.11653389499107805,-0.048642718851161323,0.99199482721482757,-0.32990357644822343,17.415752693563466,-4.4497233454582821,,0.1720593572037035,0.4705882352941176,False,1
-0.3827905975690335,0.91274651302811316,0.14270655684923711,-0.91822208582350773,-0.39290041818810673,0.049974618493187455,0.10168362463381711,-0.11190649821450557,0.9885025928841551,3.0596668184421154,-16.780529152623593,-0.85362637542677744,,0.3951315317302928,0.25,False,2
0.84932618594243703,-0.51712164095121294,-0.10597281883765623,0.52784454081080556,0.83008933182027933,0.17981057236545775,-0.0050170318619408016,-0.20865500151707006,0.97797644129764627,-4.7719106836400407,1.0178004453597298,-3.0570519293156697,0.4204124009461699,0.3977134763323239,0.9906542056074766,True,5
0.70962735698758539,-0.67100438075562607,-0.21490029134827576,0.70408960919069719,0.6640011840602823,0.25171461975069159,-0.026207564642795986,-0.32993264247919268,0.94364061749279937,16.60460723451337,-6.0645641274428561,-0.6653215610044444,0.5977061474440737,0.3390371863403382,0.3783783783783784,True,3
-0.30017339751630473,0.94771096201313931,0.10835065252987011,-0.94966747340721158,-0.30758136740219583,0.059375014773542692,0.089596994234636185,-0.085074290517909421,0.9923380188811638,11.857058260904379,-1.7024745708923388,-1.4060163713335512,0.6945016942604404,0.5375258016840815,0.3333333333333333,True,5
-0.7529035920069147,-0.62236006936068933,-0.21401898328990449,0.64486658442658673,-0.76259138855565545,-0.051004533041159553,-0.13146584892311219,-0.17641518689193567,0.97549700788921445,6.8281285723463148,-1.8483706882051376,-1.8128829590879911,0.3870322938191975,0.6203293337816099,0.4923857868020304,True,4
-0.48949097534648933,0.8668199881458033,0.094982594222585412,-0.86802547353047954,-0.49475484299570072,0.041826099919629947,0.083248797928438423,-0.061973812882613652,0.99459986133130995,-0.93432430685317081,-14.024251543905004,-1.3116608897403694,,0.2643882628035208,0.5217391304347826,False,5
-0.77913423848197572,0.62429552086861584,-0.056612198760477822,-0.62609247390004363,-0.7705445718101529,0.11945407895769669,0.030952423989652381,0.12851523441713936,0.99122438527907142,14.045538530231486,-1.280692070761964,-1.2901542713473608,0.3256883985714257,0.3465591968044827,0.9726027397260274,True,5
-0.83704132010068877,0.54642670027013418,-0.027922923843852802,-0.54705080735533129,-0.8367345853280268,0.024711290695058216,-0.0098611670697154943,0.035959629417284561,0.99930458942016009,9.9738100576737807,3.3592180637976785,-2.0759262012668276,,0.1504624805440423,0.6148648648648649,False,3
0.96548925388514628,0.2435760073604358,-0.092202110988055141,-0.20601495124571204,0.93084621977356929,0.3017998591724057,0.15933719118753048,-0.27238950745505214,0.94890232149197695,-7.4457073298489576,10.226212411468486,-4.2718868921987205,0.5474078216114554,0.5391109936316492,0.1538461538461539,True,4
-0.5892704703351147,0.78951859908979094,0.17152461771514704,-0.790198557598493,-0.60743675119361895,0.081282426566898006,0.16836434408833242,-0.087641171778086613,0.98182099827263325,8.2084365022201542,1.1551738764643644,-1.9584857887929836,,0.5547257708492287,0.8164794007490637,False,3
-0.91359218255661223,-0.37571185943931362,-0.15553109865264914,0.385798428886095,-0.92173361974701007,-0.039581643436016195,-0.128486949689326,-0.09616513351900785,0.98703767448603741,-13.657121410932278,10.372567158546067,-4.8660212438435106,,0.2207693040783452,0.25,False,1
-0.7765808683530665,0.62702874030194777,-0.061295299520848931,-0.62945522006107213,-0.76809698447052144,0.11752935116454744,0.026613546285029974,0.12985369183294199,0.99117593689086825,-12.53922404767957,10.79878437163206,-4.7908795638174997,0.3254837831344832,0.3581789338116387,0.8604651162790697,True,5
0.28192231825157582,-0.94962949717263834,-0.13683429603465261,0.9526774614361323,0.26017447612779476,0.15720972121097879,-0.11369019721710115,-0.17467987883917618,0.97803961013113716,3.7050776889768784,-9.3670597247505079,-1.3284414903186115,,0.2320147505936706,0.5454545454545454,False,5
0.96040681568349306,0.27507487815308129,-0.044187778828095055,-0.2563398592528498,0.93460537050264869,0.2465819903923166,0.10912664636523159,-0.22549193519209249,0.96811402335489549,-7.8847593178250159,0.70053644489489364,-3.3073504541449279,0.228630686018,0.1326663241030679,0.2028985507246377,True,5
-0.56584827798591231,0.82450630761373989,0.0022527772940507951,-0.82103076206947889,-0.56370956621451229,0.09022201889704555,0.075658535777467312,0.049202374570798312,0.9959191293978672,-15.072602162316915,4.7547673112209079,-4.3611927544971092,,0.2941964036134245,0.704225352112676,True,4
-0.5469984204041568,0.83640026862120787,-0.035033108993180004,-0.83412373270169071,-0.54100863993928661,0.107458131636656,0.070924795517187139,0.08800137590636932,0.99359218556681006,7.0669242885617649,10.482473362035936,-3.0084276966059589,0.321109580090151,0.3204363602305542,0.375,True,5
-0.98558890542961852,0.15140244199433606,-0.075444085601175312,-0.15799192868511741,-0.98326085764926141,0.090755915979040799,-0.060440549008116407,0.1013675804830601,0.99301135626064552,18.401167513653728,0.73659229305744223,-1.0933403065877012,0.2070327483193015,0.1667208316031044,0.5882352941176471,True,4
-0.99287578200947579,0.014224064218208973,-0.11830197587609767,0.0058436227538637775,-0.98584170446672503,-0.16757680569593669,-0.11901064478517481,-0.1670742641200596,0.97873523319463562,14.161465802338263,-8.2511556711670906,-0.67137628187648923,,0.4717845802059036,0.288135593220339,False,6
-0.67938318567663136,0.73082592515761624,-0.065817582281532686,-0.73216106426890237,-0.66918671820990561,0.12700122889202617,0.048771538713679931,0.13447157056036479,0.98971649158864117,-9.2802592290408992,17.252784999254601,-5.2016652194628685,0.492987018841462,0.4513937700546489,0.9624060150375939,True,5
-0.60118224181097724,-0.79009069450545544,-0.1197355694312061,0.78292952741157285,-0.61235982486156038,0.10971235118531983,-0.16000396007042827,-0.027787395549185905,0.9867251863666876,5.0314895522880603,1.6204544586752889,-2.2768612866721432,0.3063588161730497,0.2649601080007977,0.6418439716312057,True,5
-0.22719079043738286,-0.96820227527249247,-0.10473155636009508,0.96130481435038839,-0.24016995984017306,0.13494978435379859,-0.15581206194388275,-0.070019601166674508,0.98530191149984936,3.6965146223352758,17.283920078637834,-4.0856841685964795,0.4868530415673624,0.4955313299360526,0.9411764705882353,True,5
-0.18351459768079051,-0.94373432730911355,-0.27511436148713403,0.97530117343722034,-0.20979466846402614,0.069092822898272024,-0.12292279499767395,-0.2556398179910267,0.95892558101631409,-1.7259455528299343,-12.403517007887656,-1.5381698658498637,,0.3951083174753576,0.3404255319148936,False,5
-0.9756374196759392,-0.19973607239765673,-0.090758617834536592,0.19252385567533431,-0.97783029071203065,0.082355859305402415,-0.10519596153836197,0.062876259026648326,0.99246178048670242,3.6838129557156991,11.749440780621518,-3.4665318359370292,,0.4861289969977959,0.9415584415584416,False,2
0.31555517875297262,-0.90019245852601071,-0.30013074946608947,0.94139576636345512,0.25726728705389862,0.21814571754882195,-0.11915930612060061,-0.3513788277981813,0.92861939412228156,-15.781269651657681,12.426279646227012,-5.2688164598473577,,0.3741513167837227,0.1162790697674419,False,2
-0.13276659302311769,0.99113137508708493,0.0056239750194815863,-0.98299058605092482,-0.13239832153986919,0.12727997559980289,0.12689578209024466,0.011370214220115429,0.99185088532313925,-1.426610400771225,-6.8313045070839955,-1.8974625800595775,0.3676545292414126,0.1895491143108544,0.8222222222222222,True,3
-0.93775964890659658,0.33917122222785362,-0.074630576140362059,-0.34608141717659968,-0.93055194108332395,0.11958569158179308,-0.028887602316820804,0.13797089170735732,0.99001491881378401,4.0160332322011518,-12.312803788356673,-1.1193954594564341,0.1524927449516203,0.1354685972567234,0.6111111111111112,True,4
-0.80469453175039363,-0.49841971088916737,-0.32255930054514437,0.53893110567549896,-0.84116221674788094,-0.044714521703518709,-0.24903809729918441,-0.20981877159336598,0.94549252201202083,16.747320308596329,-0.99158214536476308,-1.1023068236270595,,0.3036187738655642,0.1851851851851852,False,2
0.35949093371665425,0.92776532069394135,0.10008885199260051,-0.91883274770324974,0.3332178740286057,0.21145266651417063,0.16282705648517043,-0.16798023141288054,0.97224996350262238,-10.878497942616308,21.111434877913734,-5.8308201326760489,,0.2238115060184442,0.2631578947368421,False,2
-0.10000434507839802,-0.90233398363067197,-0.41927617741847051,0.98292829390032299,-0.15499911993427923,0.099132446100159671,-0.15443801350588146,-0.40220474239471993,0.90243018853513313,10.049797893033059,7.4973844152245732,-2.4741561241908729,,0.4196308145668288,0.44,False,2
0.57862216291883495,0.81332716125237281,-0.060789154857491381,-0.7990780406597352,0.58025117501756063,0.15742572479153766,0.16331159638718226,-0.0425147346210593,0.98565806435374581,-12.72872766082407,-0.073928862903782533,-3.5743242800483546,,0.1925462009547277,0.2121212121212121,False,4
-0.457635661423406,0.88827083869239754,0.039300362877036449,-0.88440925630602596,-0.45930937606024602,0.082795920330472797,0.091596226744250886,0.0031327610589587662,0.99579130195757548,-11.776937411461677,18.364064087000617,-5.5852288273512229,0.3791785873702734,0.2782071507102748,0.8852459016393442,True,4
-0.97868901635354344,-0.1745101975727531,-0.1082312349188233,0.17114061598690472,-0.98444444011768284,0.039749640011026065,-0.11348435499467631,0.020379775869767768,0.99333074346208661,-7.2256307249712304,-3.9969252636604513,-2.6821791444065686,,0.1920498211042627,0.2258064516129032,False,4
-0.86012610986414773,-0.41011283448237695,-0.3032994199183372,0.47130039648021105,-0.86639171367059076,-0.16504949185179149,-0.19508718924512983,-0.28490851422126595,0.93849247579118455,2.5823064274876351,-12.582562114194484,-1.1887768685680904,,0.4032355378114715,0.2592592592592592,False,3
0.74055720505812161,-0.60674606009122234,-0.2888498651553848,0.67140924494448007,0.65015391267724454,0.3556817617387138,-0.028011637574201539,-0.45733916122966184,0.88885107850874678,-17.071594383660852,8.7879197240046647,-4.9632840881338591,,0.4330316356945948,0.3333333333333333,False,2
0.16976325473568205,-0.87630931376500776,-0.45084634183971256,0.97749957760284945,0.091612151725770113,0.19000470900066474,-0.12519989268286436,-0.47295792652716739,0.8721443611050429,12.12739402446479,2.5890859081633919,-1.8099286678022246,,0.3387788546805023,0.15,False,2
-0.97849938077474985,-0.17510296848497955,-0.108985835094197,0.17795471670547977,-0.9838928900716909,-0.016938112901036126,-0.10426447441820105,-0.035968476394254573,0.99389898283486144,8.6909227539402298,-1.3692937767211675,-1.7234281812607342,,0.07094831299580334,0.4074074074074074,False,1
-0.34730239145396585,0.93625318219219145,-0.053019126033466105,-0.93196079101837426,-0.33833063373679212,0.13031295514900948,0.10406792442805496,0.09466974759793631,0.99005429446822779,-3.2168033789846593,-16.18678473405614,-1.3450573222669575,,0.1407938210631651,0.3571428571428572,False,1
-0.66769822988708016,-0.67686073094410437,-0.30990099178846048,0.72966875588598457,-0.67754742370988041,-0.092265894608472995,-0.14752145772550557,-0.28773084563514406,0.94628134293170207,12.932289273455849,0.44200983740528876,-1.4775603283011933,,0.4527860230626188,0.303030303030303,False,3
-0.98119240755192894,0.1929905686066512,0.0040124545270682488,-0.18563150820775104,-0.93766954545311421,-0.29379715228413483,-0.052937723061782696,-0.28901637316704548,0.95585936911158742,-7.6288562572315,10.832175194854901,-4.3355129827921868,,0.6122786189152729,0.1557377049180328,True,1
-0.94899378770207021,-0.29686564495155798,-0.10621478122358433,0.29234188986491888,-0.95465814354523626,0.056249874604045659,-0.11809746116274467,0.022329751683768235,0.99275091128472681,0.25482073768104613,23.101205206012676,-5.0957707925784606,,0.4876472848035299,0.8620689655172413,False,1
0.72435120208297454,-0.63082636888152466,-0.27816079588018805,0.6889049087697422,0.64651083730167591,0.32777090158285693,-0.026932558621536297,-0.42904758427852263,0.90288028426301392,0.63507025577568232,7.4761565471298095,-3.2463176400167963,,0.2907461909617191,0.15,False,3
-0.9865186574625695,-0.11493549208897486,-0.11649365277350972,0.13088186437000743,-0.98145840374985738,-0.14003335062695918,-0.098238872434901509,-0.15339241952276225,0.98326999830955475,-5.0309991106125675,-0.26426882286596493,-2.8681750937322708,0.5968199902027738,0.6487530241223693,0.453416149068323,True,1
-0.19637686706408272,0.9628445294324488,0.18538214106030568,-0.97853505895511184,-0.20449274735372161,0.025531444836590672,0.062492115325154737,-0.17638913918304194,0.98233477343543818,-6.5985524510528846,-6.2140406099586487,-2.4318764922831746,,0.4621550888346935,0.1764705882352941,False,3
0.91021206100112673,0.41391371265123889,-0.013763810785876116,-0.37554204879370501,0.83892992302164682,0.39390957572356744,0.17459144765969567,-0.35337235706569092,0.91904613794190448,-9.182212573773878,22.034401339966529,-5.7942917432460126,,0.2257794277518214,0.2,False,3
0.99577863855871351,0.067765247341609394,-0.061909403509372865,-0.034010386582386136,0.89888276330457684,0.43686733848898052,0.085253718949219473,-0.43291760080488673,0.89739297652626471,-13.580009270912766,12.061945546991545,-5.0571440978171767,,0.2156703373555865,0.3,False,1
0.036606477090946873,0.91429831198798017,0.40338388977613043,-0.98872255647264085,-0.025520179967565431,0.14756837986719973,0.14521595007848512,-0.40423670925629007,0.90305316052403561,4.3098588006353786,-15.957834131002583,-0.78692670839220313,,0.4497172006849063,0.1818181818181818,False,2
0.99693181114385432,-8.2642534830611181e-05,-0.078274881664852816,0.030242570126843768,0.92275277494907648,0.38420398654348042,0.072196612673713523,-0.38539240975140038,0.91992409449065471,-11.126947020793189,22.661495954745657,-6.0205861527911262,,0.3790008454858365,0.3636363636363636,False,3
-0.22291202507392391,0.895005911636651,0.38636077338789254,-0.96752864720179566,-0.25156747163541943,0.024538216292680562,0.11915765154326521,-0.36834525292232367,0.92202127346839657,-6.5986093250432569,7.8872459782106707,-3.9291133733287733,,0.742284704150793,0.3145161290322581,False,1
-0.99617587430760757,0.038729199170157158,-0.078317792225734387,-0.018653370577216954,-0.96999439187956038,-0.24241066702666436,-0.085356190247597274,-0.24002276736560144,0.96700744150837603,17.351585082233324,-0.60380079761888683,-1.038272249228531,,0.4939586966609177,0.2,False,2
0.63386416466919693,0.74898978593924048,0.19295212179945814,-0.74950192238441837,0.53323038443271742,0.39231648634718197,0.19095310704537719,-0.39329334812125699,0.89936491661243323,7.7568841538293816,13.655875550473478,-3.2968189423667709,,0.2286731207215123,0.1666666666666667,False,2
-0.76411771263833206,-0.63255466247314673,-0.12648604751452935,0.63015697534724802,-0.77388197733263964,0.063315650363337195,-0.13793588240038268,-0.031325455195542515,0.98994565921732314,19.1773901639529,5.2504592844021323,-1.4503147652498523,0.5494933062080058,0.3898943285248268,0.1875,True,3
-0.94811333295145028,-0.29520248280722117,-0.1180533863306947,0.29524449557935156,-0.95526080021612658,0.017535432716057703,-0.1179482755693622,-0.018229034941472839,0.9928524092609714,1.5518918321484996,3.7343983322406369,-2.7449190841795676,0.2633542253558307,0.175264658349652,0.4007782101167315,True,2
-0.18296032347292129,-0.96896495302891694,-0.16623008102130857,0.97489724673483757,-0.20064103372044295,0.096532553557976533,-0.12688923651561462,-0.14439562108754833,0.98135061332187667,-9.9244122337942571,-3.8408076974905967,-2.973695766364131,,0.1375830275731778,0.3333333333333333,False,3
-0.9802362807886762,-0.16931412283755784,-0.10232087584326668,0.16883367135950067,-0.98555344754961294,0.013401247641387073,-0.10311171243295766,-0.0041388199794170633,0.9946611709161679,4.272071362371034,-2.1633586277462875,-1.9537144521178993,,0.07748796611607181,0.2258064516129032,False,1
-0.32776543908164846,0.94475777334361366,0.0016020769115735051,-0.93964264180986468,-0.32616614955775086,0.10337963327101025,0.098191255395742374,0.032378891109598983,0.99464068123836558,-9.1530313782108603,-0.89814207389564671,-3.2328890591753949,0.2394105535765493,0.2403050313640164,0.7222222222222222,True,3
-0.95773422411392362,-0.27453717344674244,-0.085874887812300321,0.26392655212757904,-0.95739105703625993,0.11723966474296435,-0.11440249578986547,0.089619776293336395,0.98938383080288073,12.378731684852434,11.404556337624067,-2.7061389207399786,0.544047198783774,0.4422304241011119,0.746268656716418,True,2
-0.73131145172896606,-0.64852407332588236,-0.21118732652997674,0.66810684100686957,-0.74343680525744116,-0.030577207008367344,-0.13717437650631076,-0.16345715923573501,0.97696721926822572,9.079513922051083,4.9747561523735202,-2.3021947617334222,,0.5323384959855073,0.574468085106383,False,2
0.26646044858455809,-0.87453781360370741,-0.40519432611694334,0.95706174262848398,0.19027836805584258,0.21869376636505955,-0.11415625316664027,-0.44606922694493623,0.88768834319016576,14.430175195162187,12.343449796220629,-2.6670562638145157,,0.2982982075484026,0.24,False,1
-0.81415967732536276,-0.56818018230614742,-0.11964656389555625,0.56212760343640567,-0.82290417020913698,0.082712055392510336,-0.14545300709267994,8.4184107273954645e-05,0.98936515788698143,16.069039129401293,16.185039678193615,-3.0000568471783136,,0.277410627548063,0.7837837837837838,False,1
0.9960538772351839,-0.0054180710678094907,-0.088585089889110416,0.049925276620068702,0.85943804772926635,0.5087963333886335,0.073376702018878082,-0.51121119571192086,0.85631709838097991,12.89554192325018,-6.3527464963232356,-0.93873651633374566,,0.4590638171629451,0.1224489795918367,False,1
-0.40337138139033601,0.91503600403780849,-0.00079999360701249467,-0.9085675712613811,-0.40041585040999911,0.11904669332926331,0.10861168043744909,0.048746877386724653,0.99288833451581859,12.614855336519437,18.327177077025766,-3.5526782120004308,0.4615876582294379,0.2524373455849507,0.3043478260869565,True,2
0.29488935027609819,-0.89721326692274095,-0.32870750638152829,0.94909380722610281,0.23516163222275663,0.20957087539872926,-0.11073037604380025,-0.37377447797856755,0.92088621633350942,-6.9548358330041546,-9.2491345266024325,-2.1950249304687768,,0.449528597607259,0.1666666666666667,False,1
-0.68340779107474992,-0.64993089909548796,-0.33248100321561536,0.71310965023724826,-0.69181570142447391,-0.11342690157574151,-0.15629593032718664,-0.31461224016794731,0.93626423647369184,14.148200179029654,4.632259052060375,-1.8169923503831125,,0.7430052017252817,0.2941176470588235,False,1
-0.56825787110084958,0.80821611922849768,0.15449820889304383,-0.81362486034533499,-0.57993072822420655,0.041169613665632133,0.12287220417965217,-0.10230862661853053,0.98713492814278703,15.819904750443081,-0.67040433913833875,-1.1942011800712409,,0.3665573457205238,0.2727272727272727,False,2
-0.76544983897263963,-0.6166144796031382,-0.18404653639911572,0.62564318271716091,-0.78002765668945018,0.011289938844240108,-0.15052292827440425,-0.10650557893047798,0.98285268973553819,10.309317634089641,8.8280338428939107,-2.6323296113607353,,0.4659080730509634,0.3863636363636364,False,1
-0.93586363280468365,0.34765411174572675,-0.057409749868032142,-0.351215563015497,-0.9334878000832828,0.072444153603865927,-0.028405793235317861,0.087961046389654268,0.99571881835622111,-8.0914422443793832,-10.916831929410382,-2.1351170561445607,0.2955256442025576,0.2759978757100931,0.625,True,2
0.97875631513507522,0.20018743305847964,-0.044283938721250783,-0.17496986025647854,0.92814045972574399,0.32854350552387085,0.10687199626206648,-0.31381567625844009,0.94345010347628866,-3.1703206387171119,-1.3073248046251293,-2.627214351466344,,0.6265395257477977,0.4625550660792951,False,2
-0.9890332441530495,-0.096386832077412721,-0.11190540899426658,0.11239067177346371,-0.98275243292138936,-0.14685364307840182,-0.095820555510824398,-0.15782025912147557,0.9828078077388408,-17.055135928726799,6.297385472392623,-4.7074351064942643,,0.5246845115058432,0.2105263157894737,False,1
-0.71148720666467169,-0.68785266078227614,-0.14368253828230709,0.68547110637926179,-0.72437932993288545,0.073511554773215859,-0.15464577935299223,-0.046187697720581261,0.98688975043192062,5.0591661776279802,-16.527556569807942,-0.65677142926306975,,0.1751593934382957,0.375,False,1
-0.73772302102239717,0.66940864286265978,0.087503217737178188,-0.67414389562298915,-0.73736854053253897,-0.042633829609525761,0.035982665935813458,-0.090441717662181467,0.99525149759167209,12.196117151363756,9.8379495065733984,-2.56389928443885,,0.09508258675535983,0.1111111111111111,False,1
0.98847251285216098,-0.11686700229564703,-0.096250688881503968,0.13894130952943287,0.95276903847137362,0.27004901747012722,0.06014485715321928,-0.28030922764825983,0.95802365996527195,-0.63349051373577037,-18.061005067176794,-1.0509187442976395,,0.4065586197834626,0.5263157894736842,False,1
0.47289821555948924,0.88061898291777496,0.029622367317871157,-0.86628171498543949,0.45852998034569692,0.19825803238724446,0.16100704333207805,-0.11941718489831731,0.97970213225675062,17.842219099904177,-9.9619330116720874,-0.21150193101534356,,0.1769113040424213,0.1333333333333333,False,1
0.16808054423060159,-0.93375970377962236,-0.31597744579089487,0.97781025328543991,0.11726598728176992,0.17359664972774214,-0.12504414908747008,-0.33814420566412917,0.93274994342254802,-10.099728724397872,28.291548339040194,-6.7373189534369606,,0.2606748484143782,0.4166666666666667,False,1
0.055576206130707559,-0.84530077921266955,-0.53139239548056205,0.98918394771098239,-0.025742292728843645,0.14440378096150544,-0.13574388716635841,-0.53367024184182832,0.83472730281778285,2.4259318454729688,-21.531294172904964,-0.60615387253791364,,0.5355141703122186,0.1136363636363636,False,1
0.095252655404391179,-0.87414638478469042,-0.47623001754012706,0.98663865708779597,0.019380824551011422,0.16176694340845688,-0.13217825834230182,-0.48527567588699538,0.86431269018452839,13.531952867787782,3.9608098794530471,-1.8438873264053524,,0.5311325386290775,0.3,False,1
-0.32639477059637734,-0.82857811940398363,-0.4548898259714057,0.93185505517770761,-0.36274490741018239,-0.0078922929323264196,-0.15846958656817917,-0.42646738702148818,0.89051275001539099,7.7235326735385836,14.483604028223665,-3.4405058176711258,,0.4261835081576567,0.2105263157894737,False,1
-0.58353972760160666,0.81167926650631217,0.025654524638322573,-0.80926673795033999,-0.58385407230866404,0.064821054417569662,0.067592404587046295,0.017064306969955569,0.99756707858157423,-10.547023449496699,32.221215034215732,-7.2351730197940922,,0.2751922687118302,0.4761904761904762,False,1
0.053986518882862128,0.99054599863769388,0.12611138077812506,-0.98804097804512303,0.034723344706713358,0.15023087244643504,0.14443158062746755,-0.13271365383875783,0.98057462979735444,-0.26416010955257146,-19.053327204286937,-0.9820921043684937,,0.3414989768354162,0.3571428571428572,False,1
0.81003385909933823,0.56766681163250743,0.14696781308714513,-0.56793127142244393,0.69712372034627856,0.43757580997017098,0.14594251626281171,-0.43791883894341438,0.88708955153655811,6.194987571344476,15.247483971348652,-3.6111877769378364,,0.6394133762426674,0.3333333333333333,False,1
-0.79047257028844997,0.61249700906129856,0.00072767611927489206,-0.61206838766260063,-0.78996274853372139,0.036484856490772197,0.022921702503853419,0.028394890737800799,0.99933394104989393,9.1576731152737665,0.7901431973562183,-1.8605763766806285,,0.09846168021366328,0.5,False,1
-0.68112673859729422,0.7287212953372989,0.070934051694119468,-0.73055400141326099,-0.68285490900664669,0.00015577098270415368,0.048551179047352878,-0.051715055520176648,0.997480995330567,-14.813296003269381,-2.713617816933882,-3.5467784167180931,,0.259489042552424,0.1153846153846154,False,1
0.18539507023845087,0.89916156862540364,0.39640527423128769,-0.97074395262053526,0.1049411430570104,0.21597114377746618,0.15259372982511021,-0.42484800811700962,0.8923112257598631,0.80313336114150946,1.9688751607538948,-2.5821028746633781,,0.735083002981455,0.1722296395193592,False,1
-0.899906252025932,0.43417745093998605,0.040726878838126271,-0.43594752107251705,-0.89336263153112772,-0.10887133440215387,-0.010885606798284042,-0.11572877636540603,0.99322120088407206,11.750043570490597,-4.5543040947877529,-1.1729509629824983,,0.087076257991299,0.4642857142857143,False,1
0.040331581742802512,0.93556329561954432,0.35084851916977056,-0.98883664998786847,-0.013035893459397041,0.14843229137382824,0.14344142761034356,-0.35291838344185528,0.92459351688939184,11.649911445614521,-5.3025206851988349,-1.1032478516869118,,0.3689949418603319,0.2307692307692308,False,1
-0.63582152527565716,-0.63669722128504402,-0.43628847842229473,0.75539755176712664,-0.62936648973922826,-0.18240712808866147,-0.15844723658167281,-0.44554962686689092,0.88112428363903694,9.2396166483444411,16.138350002714471,-3.5619671631970471,,0.4743612661020338,0.24,False,1
