axis_00,axis_01,axis_02,axis_10,axis_11,axis_12,axis_20,axis_21,axis_22,location_x,location_y,location_z,dbh,dbh_approximation,score,reconstructed,number_clusters
0.30567312546717579,-0.95186428833137415,0.02276657564360476,0.93629331191110754,0.30484470979941963,0.17442630815859822,-0.17297044382685417,-0.032001242268313967,0.98440700223821376,4.2836394546827492,-14.92155035916451,-0.42572554860531642,0.2178201787650905,0.2230037554281657,0.4,True,5
0.98309888113297927,-0.17327302785903761,0.059102011231816035,0.14552921251971696,0.93550413038078617,0.32195227960659045,-0.11107582193472897,-0.30790985670655346,0.94490935116786401,-6.5340514598717894,13.132366583028466,-4.6663435559225421,,0.5186735038774898,0.3513513513513514,False,4
-0.95356204589287097,0.26620982527853576,0.1408962510423003,-0.27486610180008181,-0.96039726207408094,-0.045669739235482676,0.12315864043513339,-0.08227653326302356,0.98897043502846393,-2.1855915951395661,-32.081165348447286,2.2973663214180933,,0.4148503918724665,0.5416666666666666,False,2
0.7632655280176559,0.63545387820043864,0.11672233042547392,-0.64485635482921255,0.73814282533458131,0.19825602397774708,0.039824808553362595,-0.22659112534939793,0.97317544488986352,6.5094329628782566,8.9696752171547836,-4.1919740096423626,0.6091556438967539,0.5909777854099312,1.0,True,5
-0.46385708724878411,-0.88529166856667096,0.03309477565289265,0.88014779387094888,-0.45626452332329887,0.13100589948802363,-0.10087845931207137,0.089896308728469015,0.99082904182498599,2.7682806974980152,-15.376167846798387,-0.23682126827238886,0.1611637696705351,0.1265596356353358,0.7073170731707317,True,5
0.32750708215625374,-0.94484305563800797,0.0032728199049124815,0.92384111631954369,0.320949787929241,0.20858769241169317,-0.19813304352115735,-0.065290380920992569,0.97799819183075964,5.3246373784417047,-16.229871924643017,-0.28098622047969452,,0.223414611190079,0.7297297297297297,False,4
-0.97815184279799672,0.17879567606016392,0.10607110187545492,-0.17981623255383208,-0.98370021808289665,-5.8769115730550325e-05,0.10433165838339961,-0.019130791040929407,0.99435854594462991,12.982037183841502,4.6814003545472591,-3.8806951755000356,,0.2307387976109627,0.2307692307692308,False,1
0.040242302708418845,-0.99848233798193076,0.037597577194040624,0.98693657243004773,0.045595476711912442,0.15452266663322567,-0.15600243290652083,0.030888076041594218,0.98727360325580227,4.9296642705443254,-8.5020644298879446,-1.3763990715933059,0.4200938134887826,0.3662900803218329,0.9067357512953368,True,5
0.47628673877259725,0.84356159945064479,0.24810233856542768,-0.84680565457076262,0.36406630282520785,0.38778332936598314,0.2367934244364617,-0.39479052050353797,0.88773268446317743,-3.9725263636410517,-2.1065339424213354,-2.2203423444584804,,0.3024936849016189,0.3481781376518219,False,2
0.32840142562641411,-0.9445373913798677,0.001272765435740994,0.92849291715662097,0.32306973563953301,0.18310338255693531,-0.17335918330601358,-0.058949658176428929,0.98309283964656924,2.2206777457062765,-20.075271508811117,0.48553672402135378,0.2432096031814218,0.2466555470566436,0.8085106382978723,True,5
0.72334186443453874,0.67689823064346133,0.13632803273030972,-0.6886963596552258,0.6930393412152156,0.21305819797796829,0.049738027242790833,-0.24800253401876957,0.96748171650231396,13.143290932700475,8.8318686828312867,-4.4433405205490297,,0.6370960256003113,0.1176470588235294,False,1
0.50564154242883663,-0.86115692393957011,0.052300888339746665,0.84579257923205842,0.50675300333143836,0.16684216053069717,-0.17018091398911578,-0.040126624147898991,0.98459550605734758,-7.3996016300952823,-4.9291590157938137,-1.8372256809936989,0.4498559539555821,0.4007345200246162,0.8798586572438163,True,5
-0.044179469031060077,-0.9984967066324999,0.032442277358208579,0.98769700879413136,-0.038779378720241613,0.15149514383372051,-0.15000931082856558,0.038736115320529979,0.98792546279292504,10.096326337812719,-4.766259354634288,-2.2378903637652043,,0.08346446323887878,0.3548387096774194,False,4
-0.40028102171271784,0.8167454219156447,0.41557432480419154,-0.90041372336065428,-0.4348507270866398,-0.012648001266028747,0.17038260016922974,-0.3792515799994215,0.90947127971559205,5.7132386761562532,-11.95072757762394,-0.93068176729714458,,0.4125988900919172,0.1578947368421053,False,1
-0.53622448006721934,-0.84330924880570224,0.035955776384392332,0.83942222650383203,-0.52831764334380193,0.12747859970600015,-0.088507811112870857,0.098539223715307545,0.99118938087612418,9.2637591856662223,-6.3783147374588687,-1.9291955651641657,0.2357576772525376,0.234371793064313,0.8292682926829268,True,5
-0.85380816592224307,-0.52034927364455863,0.01575592656993971,0.51904639593967916,-0.84856293674798355,0.10262446706155789,-0.040030671572267938,0.0957996649013938,0.99459537980942536,6.1599583185940237,-12.201630337089059,-0.88976847470962173,,0.2733849352692965,0.2727272727272727,False,5
-0.97578502681899237,0.19128250304780944,0.10608763105858962,-0.19136951898085408,-0.9814725257493403,0.0094545441057590773,0.10593058406756359,-0.011076336351701124,0.99431183545813695,-2.0291747886186653,15.999983244089417,-5.0785063807458801,,0.3368381761872338,0.2,False,1
0.12819403968310672,-0.99086656010074659,0.041829992395874586,0.97864865575418603,0.13322098337311825,0.15652149430548828,-0.16066454736577632,0.020871743176173616,0.98678836310352647,-11.925440939253878,-10.388399250808039,-0.88722354771995404,0.4882066755019656,0.3157374480191429,0.9611650485436893,True,5
-0.34737886452862199,-0.91882956340611044,-0.187296977791262,0.93058458774739017,-0.36238883589367621,0.051832968915977287,-0.11549999794728914,-0.15629000297703421,0.98093485280298476,6.1085661751366835,12.47508143985951,-4.7253886493754198,,0.5458101123911343,0.4819277108433735,False,4
-0.99278367056109729,0.0922154430094375,0.076660912711805793,-0.08183068814321974,-0.98825713567556017,0.12904097126239866,0.087660264346173578,0.1218365538617589,0.98867159977307351,-3.5382757974081804,-9.0805649016790539,-0.88518303227866479,0.472302134480205,0.4053655083058401,0.9688715953307393,True,5
-0.70952838743850222,-0.70226964228685806,0.058196365360796434,0.70250128082063545,-0.69843702595098867,0.13666627684291702,-0.05533008100740025,0.13785162423064398,0.98890621993831551,12.495054759319911,-3.1868647003949642,-2.6114899170413528,0.2324317357273366,0.2759208316736121,0.8354430379746836,True,5
-0.9928787974544333,0.038503735280877485,0.1127348922688025,-0.038689265733857073,-0.99925114285434691,0.00054242165952711474,0.11267135519915161,-0.0038230712394409175,0.99362495431822007,-4.5662150179917305,7.5380811683769942,-3.8394258556037615,,0.5084845585741745,0.53954802259887,False,3
-0.92098702373206442,-0.38415171764656386,0.064887286477001524,0.38943017233547117,-0.91256176725375759,0.1248004880658066,0.011271334966144273,0.14020869721915608,0.99005781560077954,-6.2232523376573337,-6.1140227011384178,-1.5252414265143499,0.2258684355379003,0.1554623886553868,0.7851239669421488,True,5
0.99623984821574885,0.021757943899063222,0.083861532923902832,-0.050885677807138457,0.93035183613824746,0.36311996473383223,-0.070119987315812565,-0.36602192949531942,0.92796073974460436,-5.0579413327089142,-22.253562520122372,1.116225570119723,,0.2993510862301498,0.52,False,1
-0.6929174801591621,-0.72052924622876879,0.02651360063968531,0.71857995988056644,-0.68708766388751608,0.10748666611092109,-0.059230118587777353,0.093531531916243013,0.99385292955722582,11.221903256350632,-6.1766149157982166,-2.0777489409283842,0.2154507953476715,0.2272806360213847,0.4210526315789473,True,5
0.067804149014799489,-0.99765648372831228,0.0091726687086246747,0.98529955118148738,0.068403620496845008,0.15654309037604522,-0.15680367284581678,-0.001576444665350181,0.98762853492812708,15.126256051406457,-0.08503225206964965,-3.2431542692061233,0.2247338770462262,0.1215374638106772,0.5217391304347826,True,5
0.48651029646760674,-0.87327679378907586,-0.026369923406677508,0.85995854035263797,0.47332683702597378,0.19087434145413179,-0.15420454048296556,-0.11553937329092605,0.98126021671826591,-15.125952267820464,-2.9966651766827623,-2.1575738991997961,0.5304837035090915,0.4618940056988505,0.9595959595959596,True,5
-0.25183277241303775,-0.96648522388757674,0.049865486518663668,0.95948430069655055,-0.24261645311878866,0.14327293321806861,-0.12637298546609399,0.083925971445307584,0.98842617319724313,-11.730745855041745,-13.128579357918021,-0.43232313900631669,0.1836375627623771,0.2939326397199018,1.0,True,5
-0.92078184142267083,0.36972462696312386,0.12435634572974162,-0.36939628045858808,-0.92889273398105698,0.026545748069284586,0.12532832277516653,-0.021493928774810635,0.99188246407333347,-7.980648619166927,-10.605802378394973,-0.77798691865335579,,0.1619370795064249,0.2307692307692308,False,5
-0.27131550864846105,-0.96053801033414388,0.061274998736454526,0.95409618011876951,-0.26001397480806487,0.14863785516242228,-0.12683995368022297,0.098789997509042465,0.98699147034944723,8.8970563354431782,-0.25918833078010411,-2.8664462401423041,0.1627766009224689,0.1231825529235397,0.7622950819672131,True,5
-0.9968158347893803,0.016936395440561927,0.077918868206828071,-0.0082998351442656396,-0.9939128054243298,0.10985648797461885,0.079305133816986548,0.10885997300670469,0.99088859213700242,10.303615787132884,-9.7269112238490685,-1.5024779613819192,,0.1028000575709939,0.4761904761904762,False,1
-0.86941196675391408,-0.49024153587871205,0.061531037406930986,0.49403785926457772,-0.86078450083265268,0.12237906985900326,-0.0070303398470456038,0.13679648981447948,0.99057422472829992,11.780083368925865,-4.874206438928435,-2.3245427311223992,0.2067994192649376,0.2006390489564896,0.92,True,5
0.36216006035302034,-0.93137028166304836,-0.037275851700401853,0.91410651607158167,0.34705554869030342,0.20967051151448862,-0.18234409220090333,-0.11000838403579113,0.97706130180314787,2.4322114758967071,-17.482582020877313,0.084627966905858637,0.2398507185335841,0.2084878547412642,0.3333333333333333,True,5
-0.35491248455409702,0.91594703137142752,0.18729165499164002,-0.91935828296818478,-0.3783134866037216,0.10797802272465817,0.16975710837967586,-0.13386538602493667,0.97635166952229135,-15.915383358592894,5.2156282501380495,-3.422680876363255,,0.1903540415186807,0.2307692307692308,False,1
0.36347465206941787,-0.93139827180998958,0.019581536517352678,0.91677272155064216,0.36134470453931328,0.17016986079216626,-0.16557159878325872,-0.04390061241897722,0.98522016925436229,-1.7743598332629686,23.787405492061595,-6.1793278873255861,0.3072280833450531,0.2644960860752883,0.4230769230769231,True,4
-0.83875217343880315,-0.52521941573815401,-0.14366404172010677,0.5445075465389535,-0.80780530143707163,-0.22574792741527294,0.0025146200137699665,-0.2675727196517505,0.96353438775393585,10.080848031223574,9.2567106919885589,-4.3348315898376919,,0.4994480437259071,0.25,False,2
0.30760812892820621,-0.95149197480004855,-0.0063451484136592615,0.93820117881882303,0.30218630007927483,0.16870681108766317,-0.15860575992144182,-0.057848612217595949,0.98564585474917876,-13.473842723875888,0.74744052443775999,-2.7700872413369741,0.4942117723952866,0.3729234002082663,0.4210526315789473,True,5
-0.10605007241239961,-0.95852932183509276,-0.26452773261736023,0.98093572015829089,-0.1444153839267758,0.13003580200397261,-0.16284500317436587,-0.24569439567812434,0.955570912530044,-9.9683572278991814,-1.786980405306978,-2.3989447941691595,,0.4105488139177182,0.3333333333333333,False,3
-0.71532186818227839,-0.6984665955823095,0.02142521308821143,0.6971421231492958,-0.71118663881123534,0.090589320050825789,-0.048036288689996931,0.079736940197360773,0.99565784049383887,-8.3548609293673319,-15.083408856307823,-0.041616419165398412,,0.1824804800717073,0.675,False,5
-0.59868903346025226,-0.79962208513400679,0.046647209781213166,0.79752574975624124,-0.58969031668220073,0.12734994655276083,-0.074324421895998249,0.11344536736768582,0.99076032870348429,3.0832645958082732,-11.915035202450193,-0.78406469157320091,0.2480386636730055,0.2092161701653117,0.9175257731958762,True,5
-0.29859780346933884,-0.95369546524751991,0.036115250651245184,0.94658601805583653,-0.29112144900153497,0.13864779966678756,-0.12171385370811783,0.075586119741410357,0.98968301810122794,-5.3872295738574296,-17.868073763603398,0.5043037031889912,0.2622867526258298,0.2812763230377565,0.8157894736842105,True,5
-0.83449645839459008,0.53685047140761877,0.12412587271114067,-0.53186386808370323,-0.84366284099434197,0.073169915623807175,0.14400169010787969,-0.0049580313403146357,0.98956502119431289,9.2901296747205464,-9.0371167579842542,-1.5194298998392131,0.1744019916425155,0.1138773985406442,0.1428571428571428,True,4
-0.13628474735638688,-0.98930465938552226,0.051988061669014166,0.98096547967556758,-0.12743657919702084,0.14651500253368216,-0.13832279393827049,0.070966253956770753,0.98784138173922109,-10.395484859288189,8.6298714823396239,-3.9441674179162014,0.3535237798337033,0.3144927726434237,0.7894736842105263,True,5
0.18882684907528086,-0.97329529270050086,-0.13054001024723488,0.96156358447704937,0.15626916373272548,0.22577737148333465,-0.19934867462802505,-0.1681553498206991,0.96539312419901191,-5.2474935358423913,-12.619567688095778,-0.33163936316809611,,0.2645898733521097,0.4,False,4
-0.53828644362392142,-0.84197177926671429,0.036485990861642406,0.83822471990329439,-0.53040010153938089,0.12670852863978907,-0.087332832049330511,0.098788942728726126,0.99126874319771918,7.5946834629540092,-9.0568405228478923,-1.4296687153815066,0.1613193316459321,0.2000607226613128,0.851063829787234,True,5
0.68360406437681998,-0.71168290629822384,-0.16184228140509838,0.702680009202586,0.58182420449800742,0.40953803208898121,-0.19729746028407727,-0.39368519904001392,0.89782274209460655,-11.016622136773837,-3.6756809238156172,-2.0750363447020987,,0.457363621683104,0.5581395348837209,False,5
-0.5015814015116149,-0.8650627644394141,0.0090835696773399824,0.86048623620291587,-0.49778864737863848,0.10848916925797472,-0.089328242806986438,0.062232436248187036,0.99405612966050927,-7.8927620082904317,10.284452448095966,-4.211786538191955,0.4351757340068587,0.2612535512590902,0.6585365853658537,True,5
-0.6430637441995446,-0.76439332268238946,0.04660331677723735,0.76256834163230358,-0.63355703701310573,0.13074786878313913,-0.070416938560415102,0.11961742803517898,0.99031970881833298,7.0612090030382069,-0.98734030731003919,-2.6295001046827684,0.1950090943679876,0.1261361144241341,0.4861111111111111,True,5
-0.80690636421775197,0.49678915640921406,0.31953505826295558,-0.54196888796566811,-0.83779801615650284,-0.066062157105909153,0.23488687460593916,-0.22648403519552998,0.94526881781819283,-4.6392038235595265,11.126831634580791,-4.3636676601134434,,0.7232779050639757,0.4880952380952381,False,2
0.87666659341971742,0.47137259005959287,0.096247417224456816,-0.48085561132067656,0.85215537789939633,0.20641970104269397,0.015282834923073599,-0.22724236677531748,0.97371830716027208,-2.2635371619944551,9.8444414585209223,-4.139458090804224,0.4626831107639364,0.3485219557449024,0.9950738916256158,True,5
-0.52157804254423135,-0.85264653725486073,0.030825769139210021,0.84838385300052921,-0.51445822017611387,0.12481016649777248,-0.090560385951610534,0.091250327125555558,0.9917016659740846,7.7468597000373718,-3.614977902499394,-2.2518132116849547,0.2615107476989463,0.2249037711079843,0.7852760736196319,True,5
-0.74543944683246166,-0.66556929364020467,0.036572482406761274,0.66508795838957224,-0.73899716046286024,0.10742999782658696,-0.044475147119535721,0.10440647581021498,0.99353975718014753,14.807549222649895,-1.6835617430345542,-2.9874121177018211,,0.09264919135919863,0.375,False,2
-0.62478813713536174,-0.77986650028514681,0.038052929294900589,0.77706270785252063,-0.61630408741395848,0.12783903903642743,-0.076245208110633303,0.10944182733236021,0.99106465715932013,8.5527921356716501,-10.955524907814221,-1.2063271105157058,0.1471926779117113,0.1762782899682484,0.75,True,6
-0.99713624910058862,-0.0035949531280682189,0.075540565536772408,0.012616037837835659,-0.99277980910992469,0.11928573348450082,0.074566321612928685,0.1198971514910511,0.98998208910335783,-4.2788615270635448,-14.978672406976758,-0.033359625983114559,0.3922650918273858,0.3619394472135157,0.956989247311828,True,5
-0.39269362525503065,-0.9193131001789856,0.025595712987987407,0.91289651854767595,-0.3862792003951413,0.13194061454162831,-0.11140764384724161,0.075178475519207894,0.99092710817244956,10.065882269194271,-7.7183405934070564,-1.7726993008578928,0.2436957395418229,0.205702294833703,0.5967741935483871,True,5
0.35893295523647134,-0.93296703551351512,0.027196402157972928,0.91730268671390625,0.3579890567279167,0.17435485714629964,-0.17240334855409126,-0.037634371366893633,0.98430723836572309,10.026538213515948,-1.4459761236286204,-2.7494858627640344,0.1507600839158124,0.1526123186137019,0.6338028169014085,True,5
-0.98667878896220695,0.1071004775932401,0.12245184813375629,-0.1069965084504948,-0.99423153214700566,0.0074436324479878191,0.122542705174465,-0.0057574459543617016,0.99244654124270415,14.307740592506114,4.9762471260937797,-3.9729411660502523,,0.2064379414420975,0.1666666666666667,False,2
-0.92563717850739435,-0.37524718789554551,0.048840165247017911,0.3778849383527223,-0.92342723431928408,0.066971010770318098,0.01996965525566638,0.080446820284731685,0.99655884019712881,5.0173358794671437,-18.972591125398022,0.17394701821514619,,0.260260543392453,0.5555555555555556,False,2
-0.97030639502476224,-0.23149972018918386,0.070095501470357868,0.23884737473945539,-0.96276824230984548,0.12660664745455424,0.038176319284623693,0.13958936618504011,0.98947328286009706,8.8072455370347207,-12.965773920435762,-0.91730518346094181,0.2957128862028846,0.2759426502980763,0.9540229885057471,True,5
0.24466051906388067,-0.93914611074019383,-0.2411344295055339,0.9576099020331591,0.19503795533413348,0.21199875355087111,-0.15206743878764747,-0.28278044250026796,0.94705370248994669,-9.4346199165158353,2.3947224582457003,-3.061107676420737,,0.397135436524573,0.2711864406779661,False,3
-0.96667877167254301,0.23708240284315132,0.096561310366938186,-0.23066474918636373,-0.970283675190732,0.073098311479521449,0.11102218643340783,0.048389295515464351,0.99263918429561393,6.930857954226239,-16.12410185766943,-0.39646748375348129,0.4318446309223116,0.2412171827158597,0.35,True,5
-0.41896295794234906,-0.90775592743624967,0.021194718128661087,0.90174023482168741,-0.41322285279791998,0.1269307796764749,-0.1064640257360515,0.072291425009502808,0.99168511186473429,9.3701594212929198,-2.8386160350654075,-2.4624558048403884,0.2000888976671526,0.1849260975782119,0.6078431372549019,True,5
-0.17257631548459967,-0.98401310462033742,-0.043995741489410885,0.9753274220813869,-0.17695471537411772,0.1319979107521769,-0.13767292787557997,-0.020130540040150496,0.99027315741054767,12.850651156848963,1.2259012381794114,-3.2949780592564584,0.2222640468944691,0.2080506225632441,0.1764705882352941,True,5
0.056658528577166016,-0.93756980533567014,-0.3431510910113848,0.9860187178305978,-0.0013998482910171708,0.16662871454964126,-0.15670641093195312,-0.34779433656630365,0.92438206398936051,8.2187989463567668,9.0533491087496465,-4.2187996522557505,1.00022347714956,0.7339203587627561,0.3970588235294117,True,1
-0.87616815147190719,-0.48052407097965594,0.037762250402230246,0.48197387429189908,-0.87251925799318042,0.08007077451284883,-0.0055276438343015918,0.088355880620190341,0.9960736335801047,10.753952597622471,-3.3603707458701844,-2.4713612800904046,,0.1160859769427059,0.1428571428571428,False,4
0.20367109314737172,-0.97845375740637119,0.03385750187934531,0.96508490454235263,0.2064660278338207,0.16119214117010433,-0.16470948011767128,-0.00015481562961008888,0.98634211265234339,-6.8910236650184968,1.1835403311014048,-2.8262000921982873,0.4217897318256572,0.378589656714886,0.8875968992248062,True,4
-0.99152887197339568,-0.083393730573523867,0.099579022611176987,0.089849719609027739,-0.99401084451905841,0.062205054976977245,0.093795116767057124,0.070625255252920571,0.9930833547044855,-13.242761213663508,5.8680391789152253,-3.5133755934876358,0.4314185542774614,0.3389320389165074,0.7802197802197802,True,4
0.88397325676689553,-0.46363049700315273,0.060316196577188917,0.44777948550430124,0.87664929495151744,0.17601007363929744,-0.13447978912249875,-0.12857984254780089,0.98253875771287069,-5.1520307824806739,-7.9931450006171465,-1.1328057268398797,0.4438345633351966,0.4016759580318513,0.9761194029850746,True,5
-0.046688879001659536,-0.99834054426879304,0.033709141885513508,0.98703151082660923,-0.0409188347752555,0.15522385640092745,-0.15358693047557398,0.040519213093600827,0.9873040302547974,-4.163523552931446,1.5498300637439222,-2.9099168026445885,,0.4239136641724549,0.9904988123515439,True,5
-0.33421805971448543,-0.94235322612134287,0.016391637483302312,0.9346550265900293,-0.32914884594044402,0.13446567772508966,-0.12131887664612787,0.060261384275282812,0.99078266826511963,7.0934009312048882,-6.6782445329743707,-1.7325854396532852,0.1900256687043917,0.1593095722135479,0.66,True,5
0.38760301036790279,-0.89258607989144179,-0.23033453136203305,0.90607841507047937,0.32290810565969463,0.27340859723614208,-0.16966382082549872,-0.31467514246170686,0.93391313440790458,4.7298472541483987,8.2371724990501374,-4.0985274253499444,,0.3329941413537165,0.3207547169811321,False,3
0.81088122302198851,-0.5811587066005639,-0.068747362805594639,0.55796626876105404,0.73235094887805918,0.39030210171388263,-0.17648026823198038,-0.35484735509760573,0.91811658818747099,-2.0481460093830073,11.669150265058843,-4.4537654305193612,,0.3681900797691737,0.1372549019607843,False,2
0.19960334851878861,-0.97703154332027253,-0.074618138661413771,0.96786937031286957,0.18470011774528028,0.17063044427958743,-0.15292934731521229,-0.10627901891759506,0.98250566658297556,8.4395067096144576,32.691439584963007,-7.9108381802163921,0.4527632880999646,0.5774139240057135,0.7424242424242424,True,5
-0.31792751630742216,-0.9478294787582644,0.023267435858521816,0.9404120754781089,-0.31212766474825332,0.13491274659481817,-0.12061186786361214,0.06477345208986944,0.99058426054264159,4.202899470905745,-6.0234093360082106,-1.7115880634387748,0.1526710501159584,0.09796619976622646,0.5043478260869565,True,5
0.93696484545644154,0.32809136344368101,0.12022036271969375,-0.34940804038912426,0.87647324961860951,0.33122298231618574,0.0033014678887417284,-0.3523502517902643,0.93586238324505733,-9.440267307021621,-6.6795501315287469,-1.5393873916412226,,0.5694623770623473,0.7956204379562044,False,3
-0.15685552690910676,-0.97993398674651644,-0.12298668747935299,0.97117245125473528,-0.17567546028078321,0.16112790751140185,-0.17950045571511622,-0.094167479918560504,0.97924055886378192,-10.332525174555473,11.476460990463602,-4.384214127531382,,0.3771933514357719,0.7307692307692307,False,4
-0.088739843608392086,-0.99436822384161172,0.057940275891981301,0.98534673751358615,-0.079130587343640257,0.15109651557195036,-0.14566072575575148,0.070499542982428637,0.98681952119502514,5.3737030429841122,-13.50244270080268,-0.64189785722166259,0.2774029771495238,0.2612825984618034,0.9146341463414634,True,5
-0.96136399173272824,-0.26884835877757157,0.0591594065413363,0.27344367303570383,-0.95742085311823322,0.092595181792033715,0.031746386825275419,0.1051944390020825,0.99394481583565764,16.478554150582976,-0.99200546324978611,-3.2118402843337117,,0.1262868327779818,0.8666666666666667,False,5
-0.95092892887204672,-0.30241731817965212,0.065405946971877654,0.30256123208732039,-0.95309694457589722,-0.0079319025391397791,0.064736952909938847,0.012246628316187421,0.99782721300975774,16.525851643452665,-10.711141967610358,-1.7471091313127098,,0.337238668470385,0.84,False,5
-0.63325715156433571,-0.77292341184042967,0.039683490541700658,0.77090552083694319,-0.62540620889467124,0.12071351133620392,-0.068483997661824586,0.10703491628877132,0.99189387978720323,-4.0261290332807089,14.174616672615661,-4.8176866764921344,0.2494616467147641,0.3416899464698117,0.717741935483871,True,5
-0.63523728361473686,-0.74258835242005994,-0.21221718204667811,0.77051366384795472,-0.62812581201799744,-0.10847422781626054,-0.052747391683125852,-0.23242311229048163,0.97118340674860926,12.259079790605826,-1.0364613862328338,-2.9575628452169194,,0.3367101863528943,0.2083333333333333,False,4
-0.99473914570985478,0.05432891206018968,0.086846999411521256,-0.045461998823466465,-0.99384688980384051,0.10100280337796867,0.091799992676490638,0.096523204161432827,0.99108830706602891,18.300791397971704,-0.68828838771142464,-3.3565274070797968,0.136621084441828,0.1456608813148935,0.1739130434782609,True,4
0.58567600228981753,-0.79126066720832389,-0.175756015176881,0.79195127864497805,0.51244715985571987,0.33198054251475462,-0.17261747476545464,-0.33362323792692322,0.92676790110617957,9.9026031805411474,-15.271630562958524,-0.65666691083533635,,0.3624499229966577,0.3255813953488372,False,3
0.071994806755580079,-0.9574535860754072,-0.27946265995937342,0.990695103072047,0.036200332078008726,0.13119736547090602,-0.11549874695983189,-0.28630781768715918,0.9511508150561212,-9.558489298066366,4.8758704375533997,-3.4092436567549322,,0.4286672290699075,0.24,False,4
-0.060685505759208815,-0.99803895692295197,0.015346330339678624,0.98659804061976752,-0.057642643087843684,0.1526487207384408,-0.15146476697893824,0.024404224265339145,0.98816135231146474,9.8560023483862995,-13.810707509592685,-0.85575716445849825,0.1908726258302949,0.2052020651439565,0.7884615384615384,True,5
0.74016324377183618,0.6536523364371426,0.15778781841263007,-0.67242673191596425,0.71978066227752513,0.17250532866013765,-0.00081410930981265853,-0.23378285070036872,0.97228849419523611,9.4953780782818544,1.3352771222591238,-3.1374069951959735,,0.1509318118534358,0.2439024390243902,False,5
-0.64692844620806833,0.75361731263455545,0.11638097604113332,-0.74444764642627625,-0.65722935960707352,0.11767442628224528,0.16517047925459888,-0.010512609949415712,0.98620900310981707,13.730508529905677,-7.1289772924391626,-2.0938455470554036,,0.1164936849133787,0.4615384615384616,False,4
0.77071451702541593,-0.62827287652997976,-0.10617121014203801,0.62526548538319027,0.71365644759839231,0.31581251968496499,-0.12264667151946455,-0.3097864868227595,0.94286272942948002,-4.4436848264254349,-5.9178316918458371,-1.5296627791129864,1.035511755316207,0.5077352929529074,0.1411764705882353,True,3
0.87212158281529273,-0.48474669632222456,0.066517555520622232,0.46895427827094122,0.86690089755142274,0.16901100176000255,-0.13959165332902485,-0.1162044501266109,0.98336702003455601,7.7262681627698022,1.5793423133918827,-3.1108545511164203,0.2037476798403652,0.1545013745256122,0.4838709677419355,True,4
-0.6848155609090959,-0.72769273277920332,0.038612617071325968,0.72660118024891029,-0.67783415208151254,0.11221224145710951,-0.055483082085013416,0.10490066221084193,0.99293377355696588,6.078315230889503,-17.746331050148633,-0.083415153975719872,,0.1055617507393219,0.4285714285714285,False,3
-0.90440910140852926,0.41726481589521364,0.089074411058109954,-0.40331040031037424,-0.90418882870105222,0.14065305916937498,0.13922966024127639,0.091283270472478015,0.98604384600328288,-7.4203565289624658,-21.184667362879889,0.98366091675600309,,0.4072877705901605,0.9565217391304348,False,3
-0.94269605009432211,0.29433217291475078,0.15713920301390677,-0.29413584140895627,-0.95543556384209671,0.025039771252582152,0.15750639331535046,-0.022615378241753734,0.98725897348759195,-11.072865924106456,-8.3328512470417007,-1.2668646992070938,,0.2620708973399162,0.8055555555555556,False,3
0.14049248115606655,0.88912266563868336,0.43557174860885334,-0.97679425727585012,0.052639587657789727,0.20761033876986462,0.16166274057905961,-0.45463167428015822,0.87588538008673722,-7.7728489999696748,-3.2559133688555888,-2.1344116434894089,,0.3336229115653852,0.28125,False,3
0.16412446543574194,-0.98641457199903748,0.0070322111307218813,0.97254163502556945,0.1630004504926186,0.16611327846079837,-0.16500281205853232,-0.020424134918239821,0.98608160246787757,4.1685663321497763,-20.729473452621544,0.44004479495561655,,0.1168871663478469,0.6875,False,4
0.60971617614767226,-0.78957154297268128,-0.069447556268027302,0.77607849952547614,0.57688933286291899,0.25475647234812876,-0.16108490654976693,-0.20922589743317285,0.96450825643181348,-7.9000928451872756,18.958859327777493,-5.3848437423161641,,0.3146547057333023,0.3076923076923077,False,2
-0.69599472876522817,-0.71798229071043029,0.009631602007038418,0.71559619729159385,-0.69244961539380867,0.091845590872828051,-0.059274108621126025,0.07081638487787878,0.99572667920469082,-9.1846965322724845,6.2736965579596298,-3.5635220372402174,,0.1479450290857916,0.2173913043478261,True,4
-0.73230056069352423,0.67090121046812534,0.1167366891784852,-0.66350970274057031,-0.74153216892491136,0.099422918980669628,0.15326696701204096,-0.0046484666204038606,0.98817388580199228,11.20064132590876,-8.3612707184177246,-1.717752362412476,0.09125435118685034,0.119181370670622,0.2903225806451613,True,4
0.76595689617830376,-0.6428114755590687,-0.010170549959187383,0.62337570667852626,0.73874347403126706,0.25624364948084649,-0.15720293101576499,-0.20261166418986806,0.96655871627866707,1.4974178611111353,-23.941531813289899,1.0945889829762718,,0.1551875894143586,0.6,False,3
-0.38024106726384932,0.84031272718829231,0.38638226058066455,-0.90910055810283885,-0.41643114743309795,0.01101247949654148,0.17015553480024417,-0.34707293177793219,0.92227299320966516,-15.445749773792201,-1.4800547705544367,-2.3717032123890531,,0.4372326402881239,0.3181818181818182,False,1
0.62574206582290648,-0.77975936314889793,0.02054757020448017,0.76078695156959009,0.61590844095485819,0.2045971815104187,-0.17219198988667533,-0.11239273972184485,0.9786305690487529,4.0247756870125571,-24.832851836771916,1.0580599629836074,,0.1075963177686594,0.3125,False,2
-0.29868817055253349,0.80774236204128713,0.50826927246878006,-0.93936745504330355,-0.34283683894431122,-0.0071893162497870672,0.16844631541665653,-0.47959897667388168,0.86116819518368048,-5.8080525230305886,0.55856015105110779,-2.7494815022534675,,0.2542109431714502,0.1739130434782609,False,1
0.71941847116326241,0.66433988708062131,0.20270564319431617,-0.69120366647542508,0.65603092874057756,0.3030856512385639,0.068370715953860781,-0.35815629963674006,0.93115493352635681,14.833473557962153,-5.9465137642374879,-2.3429564663770934,,0.3043770224151554,0.2272727272727273,False,3
-0.90042117980352865,-0.43233001990437242,0.04829547443298008,0.43490956804146041,-0.89712173601058487,0.077628979146611529,0.0097655817651592439,0.090902940914140196,0.99581187417400707,12.39881383252116,-9.9800532162981828,-1.589338431149286,0.2114255502500248,0.2337529458591125,0.627906976744186,True,5
0.98367056394642993,0.15068757566130589,0.098414816804342303,-0.17296070051480086,0.94267405697093654,0.28539484646956481,-0.049767637102271514,-0.2977564052296362,0.95334374988352588,4.6050549866813011,11.497628361811588,-4.5709690164250212,,0.6653481908931336,0.35,False,2
-0.99200644266266502,-0.087148220198582663,0.091260097698744394,0.090888349850326552,-0.99514895055423103,0.037654668665349708,0.087535853096029514,0.04564815359937327,0.99511492828502901,3.4361008694220567,-10.826953771029785,-0.96277754779468927,,0.1445097003148169,0.6415094339622641,False,4
-0.72848909244781712,-0.68444622316176806,0.028931121377287448,0.6833132104936156,-0.72297436346408006,0.10193687330214002,-0.048853848870522958,0.094028917750338878,0.99437008406188299,4.851117978186327,-0.189229772209484,-2.7283175008562526,,0.2392449427772091,0.481651376146789,False,4
-0.53877743337417028,0.83756982364414645,0.09052992768943903,-0.82427040783568317,-0.54630228537118486,0.14876863837723719,0.17406082860063102,0.0055320447335491241,0.98471936328475218,-9.9846915060172616,-5.9058550287328897,-1.6525462876537655,0.3358838750676571,0.2961141389127672,0.8874172185430463,True,4
0.57096457272460321,-0.82036051569860691,-0.031750290961327456,0.81063431515901352,0.55723258649563745,0.17989955984954814,-0.12989019893775805,-0.12845415069237642,0.9831724504835414,-1.3018360074658086,-31.156821826703442,2.1232016282202881,,0.2809880742380882,0.6842105263157895,False,3
-0.98522454156882344,0.10357758073775997,0.13639753465152604,-0.13994757369868061,-0.94596285667709512,-0.29252170928524546,0.098728310561630617,-0.30728807096244742,0.94648125292465457,6.1024954434113967,1.6649652945054525,-3.041689885154613,,0.3887258206474312,0.4358974358974359,False,1
-0.64386674393139187,-0.7644186369435868,0.033162683131742789,0.76317361475922163,-0.63850701673893906,0.099372145546341314,-0.05478731417518614,0.089291304551165962,0.99449756819060153,-14.81240143526956,9.1181947705696569,-3.9762495304087597,0.1677961247449775,0.2215697576010281,0.2592592592592592,True,3
-0.76531502497504422,-0.64325680234834137,0.022662717843071809,0.64217868845749138,-0.76070110449743233,0.094553485961136469,-0.043582618536111048,0.086916717891170697,0.99526179446041374,-9.3297628378667099,-17.848361753223219,0.40805321396293326,,0.2341177119403908,0.6923076923076923,False,3
0.73434485696187346,0.59474626500030392,0.32713072512656799,-0.67705621168813812,0.60751360127318954,0.41535781018609386,0.048296141338133286,-0.52650176119009173,0.84880114172612819,-13.241856411271023,-4.4664596479355616,-1.9167558365395208,,0.614456425498703,0.3095238095238095,False,3
-0.37696979406719883,-0.92622262919562526,0.002327128461466578,0.91975853620402293,-0.3740401821602633,0.11890406725318235,-0.10926119823965877,0.046963638013461741,0.99290302006982234,2.1988298798526258,-24.935883052075834,1.184597039267933,,0.1549334281894793,0.4,False,2
-0.18489836623076389,0.92095538914089026,0.34300694654415592,-0.9711925140797758,-0.2246194962792851,0.079568728069790456,0.15032529647600359,-0.31841365093788199,0.93595675762067643,-11.388748861950548,-5.2498856446327276,-1.7845942246106441,,0.3863762163870781,0.1851851851851852,False,4
-0.99681727735510406,0.018076151060530763,0.077643855707930434,-0.0082292907631512577,-0.99208287289685904,0.12531501138431,0.07929435250944776,0.1242772145952391,0.98907410217463265,-13.56480786021671,-14.580345317703751,-0.16366416244757381,,0.1994848269004616,0.5909090909090909,False,1
-0.1392796181620802,0.98074099703323869,0.13692437585351044,-0.97694399937089837,-0.15868144406159812,0.14283074390242143,0.16180732386952804,-0.11387403588515752,0.98023012292696199,18.84936478642912,0.73482192811154734,-3.6338461910724731,,0.1345049058639357,0.391304347826087,False,2
0.95393157427337516,-0.22289152809380233,0.2008330607951076,0.11967718910757802,0.89651813362926269,0.42653558641831246,-0.27512164947824563,-0.38285062723980789,0.88189198613574893,-12.504916293343694,-6.5775611215759042,-1.5732267249347118,,0.3491327219448848,0.1818181818181818,False,2
-0.69773753404851824,-0.71526572348384077,0.039462366743908746,0.71603250310970712,-0.69471690102808914,0.068307261080909162,-0.021442669384673912,0.07591687714247615,0.99688356375987741,-7.9643711904490093,13.160363099694944,-4.6726672992863278,,0.2914931768865341,0.7727272727272727,False,2
-0.92763463647118627,-0.3596652019981339,-0.10067235812581227,0.37318853464548818,-0.88177358577569509,-0.28845391492823652,0.014976609366724333,-0.30514961232142274,0.95218664938758824,-8.1605461649391309,-7.6933496857290571,-1.2744457128736564,,0.5273990032799406,0.1388888888888889,False,1
-0.10639941819041376,-0.96357042861085329,-0.24537969132639831,0.98183037914976379,-0.14080989639042402,0.12720723115118004,-0.15712501515472677,-0.22738645998655063,0.96104481031188782,10.834519683874008,6.9293701869657909,-4.0703427491081783,,0.468841624584572,0.1,False,2
-0.8269507646716453,-0.547232968512813,-0.12918401983850111,0.55947995601084966,-0.82370648696848892,-0.092140122357890847,-0.055987602476596905,-0.14847121437734623,0.98733058641482263,-5.0116176115689175,16.33278154440768,-5.0585282964627014,,0.277984203678056,0.2,False,2
-0.72532277703249559,-0.68710026078434261,-0.042427594180645137,0.68664381620999981,-0.72649833659316843,0.026840949832814903,-0.049266000227715261,-0.0096642929098800859,0.99873893619109255,-6.4995085953487575,15.809278193451252,-4.991972758750971,,0.1728029587958869,0.375,False,1
0.9967356052314813,0.021152466171666554,0.077914738263626326,-0.035429605985230317,0.98177727558774985,0.18670330516417527,-0.072545684113972109,-0.18885432034865485,0.97932179052754864,-12.133876993990164,0.9369381518417752,-2.7965710708952503,,0.1648044945763749,0.2352941176470588,False,1
0.9639706695200726,-0.26511508369008124,-0.021783955219940379,0.24007937150261732,0.83181974746313481,0.5004376116053576,-0.11455323515261967,-0.48763705779028699,0.86549850155023433,-1.9229884118835918,0.70387259067217012,-2.7404497225896827,,0.2791687953646533,0.2542372881355932,False,2
-0.03880891503484514,0.88510709837638035,0.46376642021341219,-0.98707754485505994,-0.10616912339607157,0.12002515436448029,0.15547279040631437,-0.45311537343269942,0.87778965008834542,-8.6847975930034433,-1.2176249170823119,-2.4568955383309499,,0.4981929129556179,0.2,False,1
0.017341873026798817,-0.99892594657424738,0.042967577319031891,0.98845213998048587,0.023598541695049605,0.14968458770984439,-0.15053779063053066,0.039875582636641198,0.98779973248703989,11.492305696381942,-1.7659001833039378,-2.7742927509463757,,0.1060671941410609,0.4444444444444444,False,2
0.13800471762462202,-0.99041722860195247,-0.0053302159220992018,0.97714221442876759,0.13527238915866885,0.16399534600881177,-0.1617027850551517,-0.027840510407201743,0.98644671183276489,-11.821743982958852,13.566762914427212,-4.7044614980351707,,0.4205192746996516,0.7741935483870968,True,1
-0.023979424741427596,-0.90943961545286278,-0.41514403889977791,0.98828193354895577,-0.084181245037989599,0.1273276788628146,-0.15074417736618653,-0.40722610897240363,0.90080135943580153,-9.3429576590652363,1.1834463274915206,-2.8421215437702707,,0.5291781553725112,0.3684210526315789,False,1
0.85887638878397743,-0.49278101302151006,-0.13963603401302971,0.49176582309719818,0.71719314269127332,0.49376145182684072,-0.14317026235545188,-0.49274828186621672,0.85831311693050671,-4.8306910365603786,-9.5754313633171595,-0.83620918815827416,,0.5088765027364585,0.1764705882352941,False,1
0.74160373567448701,-0.66378153360571446,-0.097046251229459118,0.65179505550646799,0.67874801598859646,0.33832578442806266,-0.15870445756488957,-0.31415793231365247,0.93601158577949461,6.7346277022801271,13.565165306008858,-4.8678728725829394,,0.5633889812888684,0.4814814814814815,False,1
0.89167323467228754,0.4381799504040661,0.11365374447395099,-0.45267961027842724,0.86304897738548048,0.22411522275840118,0.00011404924879834105,-0.25128627837143591,0.96791280252665424,-0.82738404073907912,23.593360436428927,-6.1542087769184253,,0.2479099575774492,0.1818181818181818,False,1
0.14708846932185995,-0.98911590052141185,0.0038363430855462774,0.97573424801158004,0.14573234183244424,0.16341591660945742,-0.16219636077862468,-0.020293345701223868,0.98654980648238033,-16.645995524460162,-11.926379152675198,-0.65553847440628976,,0.3720997150303986,0.5526315789473685,False,1
-0.98380131674491722,0.1532712728722965,0.092967123667850954,-0.14879004283859681,-0.98742606445648917,0.053397475446483364,0.09998246007703554,0.038699924341984021,0.9942363016571405,3.0470536427633279,-13.095268335661212,-0.58199431475827346,,0.125248110358423,0.2884615384615384,False,1
0.25342787569227698,-0.96669130516735347,0.035808271892653731,0.95283310607828864,0.25584229740781078,0.16325988735232555,-0.16698318413331475,-0.007255299506687185,0.98593304886577759,9.3303591418500726,-11.427787053286163,-1.1977201302769696,,0.1413972473358723,0.8604651162790697,False,1
