axis_00,axis_01,axis_02,axis_10,axis_11,axis_12,axis_20,axis_21,axis_22,location_x,location_y,location_z,dbh,dbh_approximation,score,reconstructed,number_clusters
0.88629078216109347,0.46066525796969832,-0.04770921877362215,-0.44878064721288979,0.87970636797940194,0.15720253440600074,0.11438784963210846,-0.11791618309715302,0.98641329756869256,-10.101600730452466,-10.361891057961087,-1.4975227316300741,,0.08424085012244345,0.3636363636363636,False,1
-0.016163959884002141,-0.98500340537982367,-0.17177606873781687,0.99201676424406215,-0.037287511616800759,0.12046734385785979,-0.12506584609560378,-0.16845751057040392,0.97774260481622322,-9.1766966713736124,4.5967903783788486,-3.3938337831970835,0.1834581258934412,0.1897387882357015,0.9454545454545454,True,3
0.64230896350938327,-0.76151456108231053,-0.086803045194945569,0.76461974483858519,0.62884273349263031,0.14111506771600391,-0.052875714637979451,-0.1570107951483945,0.98618039374568311,2.3689450565365786,-4.5484876354116057,-1.7090030945580348,0.4474123528058922,0.437140534359432,0.9536152796725784,True,5
0.61635471408833697,0.78647808540833186,-0.039485283252468556,-0.77528948413900167,0.61484334129319151,0.14454715995447223,0.13796043709906117,-0.058479798562131195,0.98870978095473883,-5.1867511688836982,-8.5031653277812485,-1.4007666043359719,0.1281758849615317,0.1201886628733491,0.3725490196078431,True,5
-0.20365491792139814,0.97627617825335866,0.073549290828972408,-0.97398812787311817,-0.20965480872255399,0.08597667091559183,0.099356938200848413,-0.054126564222436419,0.99357864000632945,6.9702495875808603,-7.2477492119273172,-1.3072707220561273,,0.4045800674238589,0.2692307692307692,False,2
0.50756840453489194,0.86015399163713668,0.050094165215171002,-0.85591978916705536,0.49669087017012037,0.14387318722358328,0.098871781768753192,-0.11590207142389276,0.98832741569255422,-4.7214347983419529,-21.516824646711132,-0.012845506485365199,,0.1593567819050833,0.1739130434782609,False,2
0.94930752859854339,0.31004197705225428,-0.051857387242862041,-0.29590087219273142,0.93703497220495813,0.18549429829629599,0.1061032043894411,-0.16074648776997852,0.981276045100414,3.0519763083054068,-9.8115107609919718,-1.0504510485565735,0.3810694671234189,0.4022453873373734,0.8214285714285714,True,5
-0.59732966413254218,0.80122843322946036,0.035075206798659053,-0.80007878061456073,-0.59835379758541829,0.042972988323208783,0.055418563294464006,-0.0023938880034007834,0.99846034079607027,-13.885909532910414,-8.5147333977733322,-1.9293018622561713,,0.2554282362560299,0.4705882352941176,True,5
0.5619269614336011,0.82638981068349204,-0.03630386773476639,-0.81505484936599359,0.56064101987358483,0.14617537193414437,0.14115127537142166,-0.052550239139417247,0.98859232741682368,9.0664749896363723,8.5203392735511976,-3.3394273633762772,0.3111575135622041,0.3188014584075992,0.6936936936936937,True,5
0.28959057895120321,0.95674552709038063,-0.027844083307899368,-0.94741790957889727,0.2906625582009475,0.13384536551272166,0.13614918726110781,-0.012380373687053789,0.9906109857837786,-6.8707275996951482,6.4873489952446208,-3.539756357725945,0.3734711307878012,0.3057860811704638,0.871244635193133,True,5
0.24421095261190864,0.96950541153502523,-0.020500429963422377,-0.96044339175299032,0.24473767150816367,0.13286069163892919,0.13382638701839233,-0.012756533583355947,0.99092268567660746,8.8393725281347209,-3.3668540899097477,-1.8411265331680193,0.3673514522083373,0.3256052503282191,0.8983050847457628,True,5
0.12486180585359904,0.99211483427088143,0.010848274454536809,-0.98233817964968617,0.12208083339712764,0.14180257726714768,0.13936007405824938,-0.028362400052280447,0.98983551361918465,5.1121524378167784,27.951473390390102,-6.0251657323667995,,0.3557528887657335,0.7391304347826086,False,5
-0.52511019548336846,-0.84024246045130468,-0.13509955682442321,0.845325807041865,-0.53332977191765019,0.031362945258481961,-0.09840509411833176,-0.09773413958798817,0.99033553678061925,-4.6179484046254311,17.860264117484068,-4.9684706294328755,,0.2367870259635393,0.2926829268292683,True,5
0.19079216117939837,0.97353783890271395,0.12578723089855792,-0.97744279840493076,0.17658840074608428,0.11585384140492758,0.090575532451276197,-0.1450538277556751,0.98526923222771678,-7.8744453819541018,7.5040539841783902,-3.7039385353346619,,0.2599513544870684,0.4,True,3
0.33477608227219086,0.93791214656436372,0.090806277676774086,-0.9273841011418793,0.31086707449333106,0.20813551101440431,0.16698414202478282,-0.15389108916043773,0.97387567429793753,-4.9549011511615468,-18.059385302970338,-0.39275055570106526,,0.2187572796736841,0.1428571428571428,False,5
0.70076819682974734,0.71258503955517838,0.033859942618515305,-0.70416722470727311,0.6833229712938288,0.19292028548141429,0.11433483266284752,-0.15903546241111829,0.98063003611741373,-9.5039465931945362,-8.5533845210559249,-1.684148981710943,0.2751622944788701,0.2691001390425407,0.6388888888888888,True,5
0.65736559093433033,0.75240832844342154,-0.041859134541170143,-0.74149183008433173,0.65573527279659349,0.1421306368400804,0.13438878589282729,-0.062393583799573618,0.98896243352662216,6.2775000083663093,-3.8497717100914164,-1.7611780068763114,0.2847549391065051,0.2604707212681839,0.9447236180904522,True,5
0.93158605684415985,0.36149947957301981,-0.038282436729966146,-0.34835382604629467,0.91785567520671596,0.19023819640053941,0.10390876080704647,-0.16388741794066453,0.98099127604086489,-9.9732921162795627,-18.674216197902542,-0.52213460159007408,0.2760705470306722,0.2119839583372186,0.65,True,5
0.97036554394549757,0.24116403392883481,-0.015186173399859247,-0.22341723378318312,0.91935108449247605,0.3238492289494897,0.09206221142265307,-0.31085928035315319,0.94598681652879846,-17.602892172787396,5.1082209344463347,-3.8680534353136284,,0.7783757770006978,0.4,False,1
0.11669350364491304,0.99188850098688819,0.050396704426570939,-0.98087337020614529,0.10714084522302866,0.1625062180512914,0.1557885035152258,-0.068396205266663054,0.98541965744428284,14.400476122846884,-2.7671195956619061,-1.9562087068373391,0.4771958896199415,0.4333423408621852,0.9,True,6
0.79629625192241593,0.60319944512769286,-0.045417051555070892,-0.59166518099150089,0.79229025758696325,0.1490250359338266,0.12587530646082615,-0.091796389528278122,0.98778987142659347,6.2140743888459804,-11.197634903465238,-0.87279141790443926,,0.2885278205688583,0.8681318681318682,False,5
-0.032073074225089988,0.9985539138237568,0.043143934649151942,-0.9921173796200129,-0.03703871195243752,0.11971315246381437,0.1211380326968866,-0.038964278565922272,0.99187063774978557,-8.1539636725153013,0.60406805192134883,-2.7615908846359849,,0.1762286998067409,0.5789473684210527,False,5
0.58603252753440327,-0.76624417661192024,-0.26350661942342285,0.8075252826621786,0.52546018502674652,0.26794497907784737,-0.066849042872799178,-0.36981273066239789,0.92669830565670774,-3.2738576210809338,16.157988898621166,-4.6760165395183231,,0.2228605159243828,0.1904761904761905,False,2
0.36454495510765617,-0.92741446798605043,-0.083722041755490612,0.92632121122576938,0.35199369869621927,0.134273786389524,-0.095057821028998568,-0.12650233455674453,0.98740122038253153,2.1506101298457114,-13.615580567016771,-0.64003584840440586,0.4104986575407719,0.368448928283728,0.9743589743589743,True,5
0.5262880789685167,0.85015944378209396,-0.015804369134819987,-0.83872980853574508,0.52208980951186779,0.15477253980423966,0.13983263642376775,-0.068199347152175765,0.98782371040525063,4.0219215069981225,24.775666402703177,-5.6093741230580738,0.320129924251672,0.2660851481253274,0.8979591836734694,True,5
0.93639324567780602,0.34782849676456218,-0.046722866858623847,-0.33515966612894849,0.92578279615285919,0.17491201373183488,0.10409460912706112,-0.14812680778947018,0.98347484012799524,-7.8437121466636626,-8.2115456786044163,-1.6153652970393615,,0.2032392870438,0.6976744186046512,False,5
-0.38214626253308404,-0.92064335781796047,-0.079875163459400905,0.91394293756228806,-0.38931200540237593,0.11464933200676149,-0.136647506058513,-0.029188527802054175,0.99018962271513322,7.2536285218210921,13.822242378548232,-4.042833013212511,0.4144706865345445,0.3706006842013546,0.9894736842105263,True,5
0.73663380243364196,0.67538064079447135,-0.035094602892793765,-0.66388929858416923,0.73204293358275352,0.15285333695073955,0.12892494071192626,-0.089298003514107202,0.98762554960411009,8.7978929953511784,3.460173332882964,-2.6332349695118555,0.3210050642721661,0.3067465407068491,0.88671875,True,5
0.99355377381426457,-0.090105233211627417,-0.068789137858469712,0.099245172262274806,0.98463254193007199,0.14369813205103571,0.054784069966229358,-0.14959881122590427,0.98722788724677535,1.7985341150523837,-7.6419865891005596,-1.267937285131874,0.3761212372033721,0.3528591356808036,0.8540925266903915,True,5
-0.84173821602821042,0.53976572539132395,-0.011390231359547393,-0.53977226237705367,-0.84094091595482379,0.038265920104186751,0.011076120530367654,0.038358018273117148,0.99920267312900879,10.859874695241537,-6.3766488162292561,-1.4885952400019851,0.7528998016193755,0.4086092472585526,0.5319148936170213,True,4
0.57384340941569179,0.81802725555464939,-0.039180998454664634,-0.80724778598708147,0.57304942892555033,0.14129884651708083,0.1380389564185836,-0.049454637576574888,0.98919132898193141,-3.3230611963626968,9.1095715998939575,-3.7256552102035037,0.3792485591044102,0.2908986429894575,0.970954356846473,True,1
-0.96779978158202273,0.25107234117576949,-0.01806273141877273,-0.24853453778721432,-0.96446630835401603,-0.089639966403786298,-0.039927012118169763,-0.082264327302265003,0.99581043083351028,-5.7268526498524137,32.033070692115871,-6.8439687557260855,,0.2506745524286583,0.1333333333333333,False,3
0.99204495922742053,0.11541496838032227,-0.05026115742036863,-0.10271830049291908,0.97297382777851227,0.20681122117012229,0.072771901275919898,-0.20000328880245963,0.97708901071135179,-10.662414880575399,-12.068145156670862,-1.3075581829538747,0.2256284277571948,0.1969114735151385,0.7,True,5
0.99367233492210427,-0.057544518222921059,-0.096456825745745059,0.097165305557547196,0.871190935109172,0.48123305994031101,0.056339987631890812,-0.48756023525929426,0.87126966134919459,-3.2399378631987683,-0.21628822487493696,-2.4294175803287335,,0.4783677466862787,0.2397476340694006,False,4
0.37975979740339533,0.92387873575227764,-0.047228994282163109,-0.91475835229944813,0.38263788802733267,0.12963565691730281,0.13783922944695565,-0.0060272938168593818,0.99043627687737401,3.7742005777495171,-0.97366108788450956,-2.0957206362284926,,0.3542179307022958,0.9316143497757847,False,5
-0.10962566633147598,0.9576592573407543,0.26621600273261825,-0.98098438747078542,-0.14739675082723994,0.12626887733776515,0.16016193311753862,-0.24731143256049865,0.95560724699267852,9.5298207459318682,0.43284739784005921,-2.3132688459527726,,0.3732233401159527,0.1818181818181818,False,2
0.66509789114740792,0.74652601645532024,-0.018539200269219687,-0.73368758556442559,0.65788122174262964,0.16998477833932607,0.13909465115494316,-0.099454536516826175,0.98527228378063547,2.0820740172816121,23.224470090831204,-5.4624270348262511,0.4705470749741214,0.3858164463154098,0.9540229885057471,True,5
0.2319643542739652,0.96600359141025427,0.11414727210386713,-0.96516626999419719,0.21397172246855181,0.15056617564822231,0.12102317799393894,-0.14509708255624229,0.98198789555773858,-4.5165507040442705,-23.916287874068427,0.30910308605343478,,0.249194198489508,0.4782608695652174,False,4
-0.74777722809386005,0.66391581113283948,0.0067091632926711622,-0.66337846685880619,-0.74751479729320092,0.033921048565246775,0.027535919311400321,0.020914673211159931,0.99940199599167656,-4.6609674654425319,5.3313706131195353,-3.3053724768817809,0.2276738699828849,0.1640178488003837,0.6600790513833992,True,4
-0.76016886411741058,0.64943427444970858,0.019453051082717943,-0.64883705623349885,-0.76035426956009955,0.029527262317656705,0.033967226626468956,0.0098238450572393776,0.99937466426941113,10.071003389273651,-10.754561598151716,-0.88814088525446511,0.2727143086029416,0.258499353405497,0.125,True,4
-0.60420617710266644,0.79622293713125936,-0.031047221084221706,-0.79471381743611835,-0.59930899995485065,0.096221987867792014,0.058007274777339669,0.082811575031442694,0.99487556966372381,-5.4590060905208242,-3.7365033897255961,-2.0295162629669701,0.3578150239127765,0.2870525165446648,0.5769230769230769,True,5
0.63154300108340189,0.7750204019998107,-0.022289330780066036,-0.76319176109143017,0.62645937172218003,0.15838873502750939,0.13671786124984975,-0.083018263445488988,0.98712521715827106,-4.9341257874422126,-12.037932670857652,-1.028644052919705,0.2711459489736999,0.2371953231827716,0.8901098901098901,True,4
0.24758310965973171,0.96886646495294793,0.00061392246657034077,-0.95944716377189887,0.24508786990420034,0.13925902468379162,0.13477293400856244,-0.035067208548721279,0.99025579884357351,12.633361788836368,5.6927510222814073,-3.0265530289988245,0.4104823074646274,0.252108858740915,0.5217391304347826,True,5
0.69683889553893696,0.71721831988627527,0.0036654172452323941,-0.70523781971799304,0.68425037499329522,0.18558297864013729,0.13059544901521269,-0.13190642873280392,0.98262175976083077,1.172123122863912,20.854506209947292,-5.1726272018222366,0.2557712046035953,0.2388279386184477,0.8974358974358975,True,5
0.069361635164585267,-0.99276862403205468,-0.097976643669786756,0.99069438876093585,0.057020036373105876,0.12358536939947945,-0.11710504534344829,-0.10563699441725458,0.9874853081264543,-9.6546171483808649,-4.3163065862778938,-2.2164701189804554,0.3263096937990522,0.3156637221925713,0.912751677852349,True,5
-0.44408016153453439,-0.78026008784202072,-0.44043955936339763,0.88512832650592621,-0.4583342611496028,-0.080483232249126235,-0.1390706861573664,-0.42558653688434511,0.89416745851910173,-5.1953141890315004,2.3961653417898079,-2.8957766221645769,,0.07658988234594571,,False,1
0.94875175416959134,0.3145739783359312,0.030221203053931237,-0.31478305720398653,0.9322394481690861,0.17844113363994546,0.027959539649888454,-0.17880946124660782,0.98348637037391784,-9.4662390209697129,7.412664937085272,-3.7781451796250205,,0.2377322241099476,0.6710526315789473,False,5
0.51186747458765713,0.85839615435188177,-0.033878173698634301,-0.84687752002458339,0.51083253235446335,0.14781268540060355,0.14418791397432035,-0.046969842263165293,0.98843496466965763,-5.1015919183819802,-13.129080820093229,-0.92300078158794252,0.1702360080443753,0.1437040530512018,0.6551724137931034,True,5
0.061857933671197768,0.99804366026103331,-0.0090801021298338724,-0.99036224982280874,0.062506295736672601,0.12359440569533703,0.12392017659700787,0.0013472958242898708,0.99229127509321946,-4.9174677226766059,3.8097604015644944,-3.0971496455670775,0.2659458032275248,0.1982699820350631,0.7774725274725275,True,5
0.0053732928202599711,0.9999646918200108,-0.0064608697230720477,-0.99260724170309333,0.0061169495388690804,0.12121652794448641,0.12125176882357337,0.0057617741755206023,0.99260506270898352,5.7877556086798725,-6.7425422659086509,-1.3798126542692675,0.2218029321446643,0.2150857240333574,0.6470588235294118,True,5
0.52270773391298908,0.8520663741349056,-0.02755937183866496,-0.8399777322704709,0.52027640498442773,0.15410993383372787,0.14565038344372447,-0.057405195627868152,0.98766928134756793,10.444712638209527,14.926426990712864,-4.1729381991007779,0.2160438638030495,0.2464848273490113,0.8481012658227848,True,3
-0.79160487733809526,0.61074652409299013,-0.018719013939545094,-0.6103547530368556,-0.7889112788892706,0.071316684489776544,0.028788775935374905,0.06787987440785373,0.99727806003667629,-7.4067246566802956,-10.857289909089687,-1.2719005995323625,,0.1801917815910058,0.1818181818181818,False,5
0.088983636892562709,-0.90947486982785142,-0.40612482504395597,0.99372643509212111,0.053329112598703196,0.098304516419838575,-0.067747210750524867,-0.4123244679873439,0.90851463859118775,10.840335928981677,16.536404088203902,-4.3665869437302298,,0.4654014968463656,0.3095238095238095,False,3
0.40259336246071792,0.88587162003991704,0.23054296196246116,-0.8999492008738772,0.33700075447712924,0.27662597009014667,0.16736194414813044,-0.31884473382776379,0.93291372342851697,-8.9085498765201798,10.83626247799462,-4.1887558696147025,,0.632337135532609,0.5882352941176471,False,2
0.92209803105858235,0.38659613526847908,-0.016692792257785277,-0.37409296081458859,0.90164568750168117,0.21700117713642997,0.098942800581247964,-0.19385170209491898,0.97602860603982444,-0.88577755852341289,15.957714589310804,-4.584700150730181,0.4528728943931583,0.2994057285842373,0.8403361344537815,True,5
0.95983863421524496,0.27930091491781167,-0.026472536597144769,-0.26161644283736013,0.92513828818486399,0.27509268360228484,0.10132439540870786,-0.25711893485399656,0.9610531828336073,-6.1271769947408492,21.369294675454672,-5.5072904553672961,,0.2730703751308953,0.2272727272727273,False,5
-0.20128138695008194,0.97874574292220551,-0.039275615579014121,-0.97402401872206823,-0.19574161412922592,0.11385267432342824,0.10374494792500853,0.06117181711985005,0.99272100540398167,-9.4244528022653054,0.42683895810901429,-2.7962091964111524,,0.1479418253619055,0.4166666666666667,False,4
0.94209797057160738,0.3327071908915708,-0.04192062706947746,-0.31368795245873327,0.91855147645555701,0.24054740402582603,0.11853810495830358,-0.21346922548778874,0.96973171931340763,11.093983064054223,18.429996543208627,-4.6037198838401059,0.2972959827805172,0.3204792014880878,0.3333333333333333,True,5
0.99343274317683006,0.07491041796674594,-0.086485918300073711,-0.03436493458323979,0.91632945240426245,0.39894784863136612,0.10913494424449599,-0.39335577272559913,0.91288597316871878,-4.7183038754901201,-20.065979322419718,-0.14968777391555979,,0.3351122108913336,0.1568627450980392,False,5
-0.36285719237279113,0.93172642320273436,0.014850260912656246,-0.92867147039535602,-0.36288967086010909,0.076683680511365176,0.076837217655656126,0.014034211373654883,0.99694487455127478,3.273728308215389,29.379610381947977,-6.2807266671078148,,0.2570383381563798,0.8913043478260869,False,5
-0.079195656645358853,-0.89260220417535796,-0.44383482633723348,0.99199674263290472,-0.11448869717908973,0.053242847631779416,-0.098338754182756449,-0.43606609971370913,0.89452548656047615,10.35613280940494,3.0735799653341767,-2.6060938347795504,,0.3659140921297334,0.25,False,3
0.70336691785442951,0.71074684021191326,-0.010672768935072671,-0.69738528483675555,0.69289461319538048,0.18316882785556471,0.1375817697266534,-0.12139186189199454,0.98302353608918092,-0.41835463865858152,25.412251300953159,-5.8289649984534408,,0.2560746375829016,0.926829268292683,False,5
0.6128179122172891,-0.78288333925662246,-0.10746107937315466,0.78730542240182566,0.5932055497713854,0.16809921944230488,-0.067855569574844732,-0.18761890319162677,0.97989528463139641,8.2101272436181194,16.168845081050716,-4.3438848028597681,,0.1274126408182792,0.6481481481481481,False,5
0.65453428897918275,0.75557673509019119,-0.026242369194901725,-0.7421799477916794,0.64876852395823081,0.16813187507726701,0.14406175636321672,-0.090571517109433675,0.98541514634292071,-7.9199275335074759,-17.945140975718996,-0.51498657931829506,0.2823398657321011,0.1903861164770597,0.5,True,5
0.26526398433955367,0.96402004565867772,0.017331190973079016,-0.9542089515334935,0.25990160149553332,0.14810953498478097,0.13827615638878596,-0.055825702935990061,0.98881909137417379,10.170427074810899,0.78971758487198696,-2.3644921454242009,0.2032513655125356,0.1503880884824164,0.6935483870967742,True,4
0.80224780255253358,0.58830419892612107,0.10147232541696283,-0.5920051489795265,0.76204930918186875,0.2623180397097481,0.076995888730239354,-0.2705162100528018,0.95963149865836972,-12.75346012512118,9.8261475114838071,-4.2527754999488305,,0.4066701153427688,0.1818181818181818,False,3
-0.99157595271767496,0.11470580238478283,-0.060164016582169307,-0.11789903810948786,-0.9916360836597421,0.052513754358531048,-0.053637177450849421,0.059164655692683407,0.99680619817087501,-11.391234412385447,-0.37670142545667717,-2.8082432243903734,,0.2246486854859167,0.8,True,5
0.59066204072190809,0.80654543447196558,-0.024552307074086011,-0.79509960193927987,0.58692953860602259,0.15274272391090093,0.13760442088185568,-0.070697799429338987,0.98796095292760411,-8.0498461879002399,-5.3759806030429385,-1.9832890929584617,0.3368726034281762,0.2601806976188819,0.8680555555555556,True,5
-0.34193097581389659,0.9243475277873715,0.16930698642504069,-0.93487320829408682,-0.35288357394423575,0.038539170388871877,0.09536924133532669,-0.14510282944765637,0.98480956366873629,6.8580916066525974,11.369198362803029,-3.7121072287827377,,0.3281880640280669,0.2588235294117647,False,5
-0.98746617636234679,-0.12997839750046092,-0.089533048219851363,0.13469573026218723,-0.98968422333289552,-0.048807769208387919,-0.082265489662811664,-0.060255740549555251,0.99478723099030697,-4.5760021751773881,-22.730065446230192,0.14690060923069209,,0.2750762845392922,0.2272727272727273,False,3
0.92474925331377256,-0.37187647559729953,-0.080911713570717594,0.38029004715706438,0.91118084661334076,0.15852111783062997,0.014774929065703664,-0.17736220471770681,0.98403472998099861,-8.9920887160243819,-2.762493367566814,-2.3776842667016806,,0.1021637191859498,0.4137931034482759,False,3
0.045649479965954691,0.99818061779248857,0.039390090660519447,-0.99151476377635417,0.040469744010747585,0.12353409664228612,0.12171523401924278,-0.044695123706178466,0.99155824222510036,-9.5618545288672046,5.7287417804230776,-3.5551671751358032,,0.1560621883614423,0.3387096774193548,True,4
-0.80579033537517852,-0.58256828557242235,-0.10637729109713279,0.58140677766554127,-0.8123753373725382,0.044860563008341486,-0.11255262902539317,-0.025700269921962463,0.99331334523674297,-10.891791534544454,-13.655009071258441,-1.1505918415226568,,0.1659856037474435,0.2857142857142857,False,2
0.36294980762620438,0.93133487710151486,-0.029711678485165895,-0.92170482191561731,0.36351458960248667,0.13534165804967188,0.13684903507734261,-0.021736831425956074,0.99035339740819706,-8.4088856313938578,5.8860380146361111,-3.517903603875459,0.1726587389468237,0.1759605551673265,0.711864406779661,True,5
0.98791968418095077,0.13403761896748601,-0.077772837863471722,-0.11798215164339752,0.97594864306538243,0.18331518756620627,0.10047342684215159,-0.1719248754554327,0.97997292192092178,-5.1800765390285477,-6.2873095493332629,-1.6743327564237112,,0.1991436013138231,0.5294117647058824,False,5
-0.6200520114686906,0.7844651463564295,0.012244885692254619,-0.78368055429995953,-0.62002004540259514,0.037681986559527592,0.037152279684282113,0.013768712755725485,0.99921475702839346,0.17153015566942115,18.568634192016123,-4.8947245886330357,0.2493075042089815,0.3540621804301301,0.6582278481012658,True,5
0.91553591033012105,0.40110822106926713,-0.030103021221201155,-0.38658171357528903,0.89811231424943938,0.20963980948929745,0.11112414510442511,-0.18029549629473185,0.97731517863514583,-13.486053684960904,5.0952198538016109,-3.667985565961899,,0.3836823785004908,0.421875,True,5
0.27868725336659933,0.95938504962290061,-0.043746329800875651,-0.95088330763522411,0.28203513610344472,0.12758180616298481,0.1347380795160705,0.0060422316388458741,0.99086282671475046,9.4753639585875415,-8.1775315665324761,-1.2139188446432838,0.3315784697039411,0.3074004429990437,0.9333333333333333,True,5
0.61613179813587793,-0.77818828791504313,-0.12167413808079675,0.78703493023120896,0.60219652992240957,0.13392295525922995,-0.030945531532147137,-0.17827598801090233,0.98349379569823947,9.5918335839429787,33.777445293462726,-6.6655830813670107,,0.4371586815930543,0.9354838709677419,False,4
0.9972660366128725,0.050798106944841298,-0.053665673845329123,-0.025530347386704559,0.91837899448510585,0.39487747954376989,0.069344456020412795,-0.39242779567628311,0.91716507325556529,-13.868366087660133,3.3405243094408075,-3.4444602440237375,,0.3918739467180425,0.5833333333333334,False,1
0.99375892676122435,-0.088584407029714707,-0.067793792588797405,0.098029464440148817,0.9835367733796484,0.15180790332366664,0.05322987491960364,-0.1575062482606451,0.9860823303228281,-7.7712785991679949,2.1055274153807102,-2.9307095298779675,0.5312833405394086,0.3611260089822392,0.8461538461538461,True,5
-0.71972079037650871,0.69407797594060083,-0.016054507591693377,-0.69321891259134161,-0.71717747833055812,0.071442311000552317,0.038072603345332842,0.062547804834545001,0.99731552127944378,-3.9340277433219022,7.7729358851423296,-3.5872738869147032,,0.1720993675083134,0.6376811594202898,False,1
-0.37481271631783603,0.92636975325771598,-0.036803640250475382,-0.92276503433733914,-0.36893119978364136,0.11133041467009351,0.089555117614000229,0.075689167490757686,0.99310172229923233,-6.66338334369064,-9.2632815460650573,-1.4343335875778849,0.2876005181941421,0.2040239202200074,0.7333333333333333,True,5
0.97071136489150533,0.23847364595967274,-0.029150750473568906,-0.20501265030605212,0.88548178989636905,0.41700337285975497,0.12525677340950481,-0.39881364062005714,0.90843735104321666,6.1174305880894577,24.864824621739245,-5.5596893457188257,,0.4033537526675035,0.2222222222222222,False,4
0.96083704507274237,0.27187829365498589,-0.053613116446772642,-0.25864505944007649,0.94930383925851791,0.17867555511674935,0.099473142320534377,-0.15781132471496601,0.98244627321222389,-7.8857498388654568,-12.351217077401433,-1.1506710441203813,0.1994406295817696,0.1341709683020749,0.282051282051282,True,5
-0.45993107371909009,-0.86307774759961986,-0.20871082632669369,0.87799997073030489,-0.47713064660794346,0.038241305744830589,-0.1325875515468504,-0.16565973459429495,0.97722944772911913,7.3046537455356217,-0.24162948620019656,-2.2174201284798944,,0.1685349576931001,0.2608695652173913,False,5
-0.94415218354198005,0.32844595984324704,-0.026455732376157989,-0.31766571366566582,-0.92860940889206256,-0.19176303105243506,-0.087550834800098093,-0.17264940538496487,0.98108462129727814,9.5800900970656038,-0.88322070182557866,-2.1838560797995967,,0.6352311526284875,0.25,False,2
0.83840472144325207,0.54371298069510976,0.038127649879071523,-0.53950690156750525,0.81789854599906808,0.19993566868780543,0.077523068971062453,-0.18819713886307854,0.97906690818404152,12.171568164649274,-3.9301139582403342,-1.8250779786430609,,0.189561989031539,0.3333333333333333,False,2
0.71793982312813609,0.69599806565131173,-0.012210772963825597,-0.68299213133383307,0.70769585627029241,0.18079912487046826,0.13447735460965249,-0.12146302987942888,0.98344424014262255,-10.500663978766731,-20.335443739684827,-0.36267769962992941,,0.09719123135297615,0.2777777777777778,False,3
-0.52952702201562551,-0.79436227000728477,-0.29764024752062201,0.82755872641517525,-0.56084340505786034,0.024519978327863373,-0.18640731554678086,-0.23333079306422233,0.95436316657688791,7.0752209382723974,7.6843017819640247,-3.2537176312219502,,0.5881475736408789,0.2340425531914894,False,3
0.66662949307734043,0.74426440236241165,-0.040934317333644027,-0.73306021370668129,0.66456076586197554,0.14485065259521812,0.13501052566286884,-0.066554397698933954,0.98860642831572221,4.3330550964442933,5.8658177185467046,-3.064045764433871,0.5039773884000481,0.3788438272726694,0.9916805324459235,True,1
-0.51901704093788648,-0.78091431502105213,-0.3475545191927184,0.84340636503204691,-0.5339384091910816,-0.05979530595228566,-0.1388776966957278,-0.32416447644012225,0.93575123701483387,-11.399266818168908,9.1995316799088211,-4.1140577465710155,,0.4851488839591537,0.1818181818181818,False,1
-0.23825646088728925,0.97110202187887396,-0.013954280641707624,-0.96498253018861535,-0.23508270621039604,0.11638229105656901,0.10973866809945775,0.041194469817689539,0.99310645974145062,-8.8115978611702488,-15.677399395057408,-0.84109554299565303,0.1449870952653123,0.186242944051579,0.68,True,4
0.54982740624071802,-0.81547905221323924,-0.18078644514453998,0.83261824684328456,0.51782527277471502,0.19647860417716273,-0.066608395643630441,-0.25855541432580276,0.9636972654068251,9.0829922758204962,-15.624611212367814,-0.36317372840331785,,0.2221092801615242,0.3,False,1
-0.050945116152990397,0.99271391542985565,0.10919559172459434,-0.9943981570734246,-0.060560571425674684,0.08662980086306088,0.092611556239683965,-0.10417052990419964,0.99023815335016407,-11.868538461308153,-10.957564509305932,-1.5081128344574852,,0.1453529757216669,0.1333333333333333,False,3
-0.99341229560977773,0.079479721579258256,-0.082552921141503574,-0.072372971376169715,-0.99368203257458643,-0.085779782889813416,-0.088849107736070354,-0.079240090838684649,0.99288813270095133,-6.0014554212640139,-15.600919354334517,-0.7253567275897822,,0.326547168300005,0.2,False,4
0.72406053280456628,0.68393352748319947,0.089281996052695323,-0.67701075662621657,0.67997189713657635,0.28159306546305796,0.13188169034086528,-0.26433529671398726,0.95537116905627995,13.730799115636437,24.296980342943424,-5.337593929043817,,0.2349373324118964,0.2222222222222222,False,1
0.24138862377329801,0.964001866511214,0.11149858149649258,-0.95927448706658969,0.21966374385558396,0.17759588423857436,0.14671056804458857,-0.14982737065785162,0.97776672485096883,-1.9908119357756167,22.168919112327668,-5.4527734994839445,,0.2684413710963584,0.4782608695652174,False,3
-0.52094641930624586,0.85322163536637319,0.02505332622092752,-0.85157177405926987,-0.52150799393458369,0.05343150650948994,0.058654427262980646,0.0065002465382163477,0.99825718377449879,-2.7437629481287598,19.127745323087002,-5.0797514752117623,,0.2003555791620202,0.7083333333333334,True,4
0.75811428215877896,0.65109025257761155,-0.036663581184917832,-0.63914372279969911,0.75301229897394872,0.15642179899141875,0.12945283617064007,-0.095152302086666807,0.98700962640441714,-10.933632865332758,-21.911379175891931,-0.21104635969857219,,0.1821290525563383,0.8695652173913043,False,1
0.7947626295311625,0.59586895569683829,0.11529332303941084,-0.59633460549233797,0.73135617370940254,0.33091265534796177,0.11286009477671219,-0.33175041042009334,0.93659183436174054,4.0906388637376319,-5.1033746019841555,-1.659319467714939,,0.483144073447243,0.4166666666666667,False,3
0.15961087138109828,-0.92488724813376233,-0.34512019352179829,0.98093436155519198,0.10932932208251096,0.16067008947930403,-0.11086996012119563,-0.36418494967878001,0.92470383062372474,16.826217532116992,-3.8844811072527454,-1.8425109499172949,,0.7607074847440511,0.36,False,1
-0.042821351785176563,-0.8375180256688094,-0.54472918823128114,0.99116012029946221,-0.10413949153789814,0.082198432042128747,-0.12557048920525302,-0.53639399976327895,0.83457386087673868,-0.76538984020064516,12.077763884416724,-4.0156793716946737,,0.4594373444588907,0.4,False,1
0.027658119368589789,-0.92988382489308186,-0.36681207809341004,0.99355832780315501,-0.014768889957528574,0.11235536988690091,-0.10989484831416231,-0.36755673316052256,0.92348533839058489,-1.056053296215252,13.403450014612378,-4.2175783260085016,,0.6687675109341072,0.67,False,2
0.86640113402065899,-0.48884909596526877,-0.10186086756775595,0.49925693126758403,0.84411840228966828,0.19546518743043012,-0.0095703473809139392,-0.22020600420941686,0.97540644049602787,-4.329211454793529,-25.270399658717068,0.46981572930817372,,0.243466013811582,0.5,False,3
0.40605275821652675,0.90667872800385207,0.11425778629952882,-0.90368752165575694,0.37979269146891947,0.1977533178241811,0.13590445448339128,-0.18355161587987229,0.9735701225692277,6.5186608567393289,14.782210856482678,-4.1895768665524393,,0.3730485887819686,0.4666666666666667,False,2
-0.99834964718557595,-0.013675581906320868,-0.055775984293959864,0.022264211370110514,-0.98744209757553358,-0.15640463173352043,-0.052936630573768004,-0.15738831721304666,0.98611694577689035,-3.3035905024356786,12.300255695141256,-4.1860726109224489,,0.6549453866912871,0.25,False,3
-0.46983635648929534,-0.86394898506201867,-0.18123451473484053,0.87389025237922968,-0.48423117888456069,0.042848479467030118,-0.12477830307161439,-0.13824730234756102,0.98250600938426436,3.9062861715780377,-14.28371372700197,-0.54774802447055304,,0.2062207018050869,0.5,False,3
0.054109838765766027,0.99044498259828906,0.12684976071958906,-0.9743376358048973,0.02457392407938953,0.22374604736053763,0.21849095359503182,-0.13570135850909745,0.96635751380941781,14.001108252298298,-10.283183936919203,-0.97316564032983832,,0.3642677805448532,0.4117647058823529,False,2
0.36441013086970397,-0.79279758107963327,-0.48854605919381566,0.92682297727311702,0.25773680413609035,0.27307674487643596,-0.090578282817243339,-0.55230764545495548,0.82870491699632343,-10.691377276423662,4.3222676887279068,-3.4102567416937606,,0.2406925506665999,0.1363636363636364,False,1
-0.10335552184054286,-0.93642130510401889,-0.33530996921111039,0.98071183687092189,-0.15217009102001791,0.12267255773082478,-0.16589734514552104,-0.31616356960637665,0.93408707737952479,2.3559643403684687,-23.681768233933241,0.4873475965822503,,0.3602916168219551,0.2307692307692308,False,2
0.1121711527228088,0.9934151537137641,-0.0233230544460728,-0.98523712597863988,0.11424118066660653,0.12750199305599069,0.1293268653071992,0.0086766935959460487,0.99156405587236573,-6.2732848283075873,1.0422539312442822,-2.7199258089089695,0.1768395565592144,0.1166196343660739,0.3818181818181818,True,2
-0.65083168225384314,-0.63868445382169658,-0.41048786805594334,0.74699858562786448,-0.63531611499593521,-0.19587380400768717,-0.13568800405563836,-0.43411473422696972,0.89058023955309307,-12.710664827691851,-2.9278654069815042,-2.5465728833000183,,0.3260555648802249,0.5,False,1
-0.99559134351130751,0.089114376592693584,-0.029266100010844284,-0.074618620616085429,-0.94153888483756587,-0.3285370447851888,-0.056832545101392969,-0.32490484179729912,0.94403755518197985,-6.7832154268586464,9.3070227299488764,-3.8885907207767811,0.8499997371395874,0.4253308506396874,0.15,True,1
0.8910800042703193,0.45378843684136555,0.0072443480505400212,-0.44295441847291239,0.86610820171872005,0.23162030582591225,0.098832227258782018,-0.20960113908238889,0.97277929323687484,-8.8550852410684904,-6.835019992050217,-1.8148862349557084,,0.1711251293252581,0.5111111111111111,False,2
0.086815801556178115,0.99534134240496996,-0.041936007197049263,-0.98795502086592935,0.09143137173300192,0.12484062243045639,0.12809329937963371,0.030592750162322286,0.99129016452880547,-4.3250767244248554,6.6923537638744452,-3.4652621702036082,0.0834587102054154,0.1016496679828618,0.3975903614457831,True,1
0.8902738327180848,-0.43409867338717262,-0.13773468895288515,0.45541767542416989,0.85035597974210142,0.26360851395221663,0.0026914101687830344,-0.29741057392155279,0.95474588599844512,-11.526070380112955,2.0233198140473529,-3.1358304590217285,,0.3130731728270431,0.2857142857142857,False,1
0.19704154029766571,0.98034576568043741,0.0098392636696084598,-0.97128469112431637,0.19383566919274808,0.13796297378695904,0.13334421691496406,-0.036741163033255288,0.99038851303632303,13.899002228121923,0.41844971582585666,-2.3834386105289398,,0.2395366124447714,0.5555555555555556,False,1
-0.92482068870867273,0.3802212890625507,-0.011767118594986158,-0.38013423129409318,-0.92488752485718972,-0.0090018088177073463,-0.014305940544581057,-0.0038519744487644329,0.99989024515592784,11.719687348131155,31.474491448991714,-6.3285942775248332,,0.6769038350218284,0.1538461538461539,False,1
-0.15070378619470989,0.98627232733677872,0.067492704467033343,-0.9822567228395741,-0.15709955008077919,0.10242783704090636,0.1116248147279129,-0.050858899851568766,0.99244812108384217,24.46085393812433,-2.013508501450699,-2.0909357374273361,0.6020751805071176,0.6013680782144919,1.0,True,1
0.32133727476060014,-0.82344640367375421,-0.46763059793622369,0.94215368984112957,0.22828859091051373,0.24541952648238116,-0.095335096203730985,-0.51944233514111238,0.84917070126975802,10.845121630504421,-4.7227372931129459,-1.7036398845300791,,0.2711769922815336,0.25,False,1
-0.68178488770981771,-0.65932993600854761,-0.31694384735071746,0.71912131741337249,-0.68356447536876475,-0.12491652755132324,-0.13429034861882708,-0.31308727776259004,0.94018214127425548,-4.1256698488323247,-0.33065072580254329,-2.4527832463681611,,0.5387039451422596,0.3717948717948718,False,1
0.37550998098213756,0.92035598063196422,0.1092571420904371,-0.91642725627659749,0.35110813882862824,0.19205248970436317,0.13839558568156096,-0.1722438497110193,0.97528391666252023,7.3373908905997753,4.7188413758707455,-2.8387843720241577,,0.5109940676662523,0.3548387096774194,False,1
-0.67641109804379185,-0.72111269110173282,-0.14988166390592542,0.72412933500696808,-0.68828890381638153,0.043532643678174179,-0.13455382798552568,-0.079087746302832607,0.98774510667437909,-12.163223625209392,-20.594591598971334,-0.38552970964004724,,0.2788938390894865,0.4375,False,1
0.9977949881595326,0.00035160348036200172,-0.066370460136350409,0.017306213542778032,0.96401505688507116,0.26528374445428238,0.064075397591665764,-0.26584741201272916,0.96188330734533734,6.7974719597630564,3.8071999709501281,-2.7405677190641247,,0.2661791829837213,0.4848484848484849,False,1
