axis_00,axis_01,axis_02,axis_10,axis_11,axis_12,axis_20,axis_21,axis_22,location_x,location_y,location_z,dbh,dbh_approximation,score,reconstructed,number_clusters
0.23534906178073273,0.9711112868188867,0.039416845788251997,-0.96169948190682775,0.22682126315179399,0.15390328483292384,0.1405166382286035,-0.074128153863364757,0.98729939288229129,6.7880630458836579,37.891160645085982,-4.036794197517918,,0.4185053723050934,0.4285714285714285,False,4
-0.044799067466517559,0.99785215581775344,-0.047792454257884587,-0.99823134225505405,-0.04284204450176067,0.041215853291935341,0.039079801609061299,0.049554357555826919,0.99800658051609314,-3.7988478396242868,11.740877803417842,-3.4672207183391697,0.3919293134706577,0.276749679194947,0.8296943231441049,True,5
-0.36707038964124861,0.92912921030406093,-0.044477405594003594,-0.93012679224305328,-0.36605316778177116,0.029482684894330789,0.011112128521113377,0.052191847224275958,0.99857525088650545,12.231778569871766,7.2843208538028534,-2.4295396241608533,0.2055183100521425,0.2163122792242388,0.6705882352941176,True,5
0.45972386416880623,0.88610726644883142,-0.058888717597530539,-0.88398272299580039,0.46295345112651309,0.065181650293488561,0.085020669008378139,0.022091048789773374,0.99613426374396785,-4.156758855493611,3.4389831573634062,-3.2202170858515511,,0.193294940052747,0.6538461538461539,True,5
0.95298796646051986,-0.28272826731234429,-0.10898927765611663,0.29119558936212958,0.95399315552002784,0.071429601405733761,0.083779857468752661,-0.099808747529961384,0.99147322172563768,-10.171310189118598,0.12913355453121467,-3.5201768685706458,,0.1487119095123404,0.6623376623376623,True,5
0.65614234507013558,0.74960720826335558,-0.086984230326434236,-0.74779424522940963,0.66134631006295164,0.058522004134316893,0.10139521590115497,0.026647541832922131,0.99448927531000642,3.9788163470083595,4.8039213341926876,-2.7770660633496935,,0.3659233615488824,0.9360675512665863,True,5
-0.90191806142227415,-0.40743557495519106,-0.14331804750700766,0.4270713184611804,-0.89080602203392978,-0.15516030438200396,-0.064450751959282959,-0.20114890844600683,0.9774380886802313,5.3452652530664881,-11.882849160037686,-1.9185923808820098,,0.3437613259588025,0.1224489795918367,False,5
-0.503336957711088,0.8634987276406082,0.031966456875882676,-0.86397388399026687,-0.50231765886083646,-0.035015673338402303,-0.014178673595220299,-0.045242866394820294,0.99887539175587914,-12.636714869020587,7.959054276164367,-4.0570933446537145,,0.1581095368413025,0.6538461538461539,True,5
0.59796885316037196,0.79856070429285853,-0.068804449052103117,-0.79550489678301928,0.60178754210833196,0.07087815853597948,0.098006172480655712,0.012351344967527086,0.99510915704418346,-4.0445142562228593,6.9481732396766107,-3.3486831139168229,0.1242797701111945,0.115322752871485,0.4768211920529801,True,5
0.83921189092797099,0.54133066299118449,-0.051812309643799744,-0.53379742459766066,0.8382152521291093,0.11160421403800076,0.10384465136927004,-0.066002306048043746,0.99240112050437335,-5.7991272670288083,12.228899706728827,-3.6485841561372006,,0.1274471180123507,0.3142857142857143,False,5
0.73094866799309643,0.6800555588764744,-0.056907658538414937,-0.67515908189416762,0.73278185725867973,0.084799550755563127,0.099369305597570859,-0.023562396179648823,0.99477160926080432,-6.6391193520781089,7.5912620093093182,-3.5618004168801778,0.2595837403127857,0.1805758038100066,0.7411167512690355,True,5
-0.80152065160106001,-0.57515120274394804,-0.16360238090932794,0.58488619103703399,-0.81098730089563598,-0.014413234203353699,-0.12438966432626652,-0.10724127828499755,0.98642106609733216,-6.1757999865366973,-17.676007006778224,-2.4070368517345999,0.6148070589106113,0.4341855271180825,0.2142857142857143,True,5
0.90567820871059457,0.41854617779646441,-0.067572770542126542,-0.40633835396028745,0.90240665420683586,0.14335749908556755,0.12097985108113106,-0.10237835462242359,0.9873614070527531,-13.179650445662382,0.89677287960994667,-3.8161176928252405,0.6456238781514436,0.2002457754774102,0.5238095238095238,True,5
0.77316489207934957,0.63101107293239467,-0.063569454084777641,-0.62488557970155145,0.77508722506180094,0.093583149268736482,0.10832387519372166,-0.03263157033773089,0.99357995082444661,7.0634803916283753,7.491221348863041,-2.6365891030059818,0.2690091152385842,0.266557630431649,0.7914110429447853,True,5
-0.85816175908479375,0.50682125174434223,-0.081796173656172338,-0.50981486111972685,-0.86005976667505346,0.019647013216441883,-0.060392074198244959,0.058561220335230479,0.99645540835848867,6.7194689750039487,-2.9347822357282651,-2.2508242192197288,0.4462065055479085,0.3595168741781017,0.863013698630137,True,5
0.70857276291511395,0.70220286882603378,-0.06953970568911963,-0.69823794373732473,0.71196372610167913,0.074641989797202435,0.10192356734491886,-0.004334019831615861,0.99478279171474626,-7.1656882312275911,3.4498964141405204,-3.4390778924985619,0.2183319104733803,0.1501557260826402,0.6014492753623188,True,5
0.45196908951354442,0.88885213347087766,-0.075271687562899564,-0.88744548224309727,0.45658812295076151,0.062990491557196437,0.09035739134467384,0.038329763951392447,0.99517152844362256,-14.488699184450331,-2.1467932948316903,-3.7762763891937214,,0.1672390739337917,0.3235294117647059,False,4
-0.9932920968165756,0.012621106811385133,-0.11494136794289968,0.008525587580642327,-0.98332634410679576,-0.18164970504233563,-0.11531749545552154,-0.18141115910665009,0.976622683841332,-4.8264956001530983,23.317923588326529,-4.0655645116513686,,0.3461289836652505,0.15,False,3
-0.038109778106291514,0.99780577887863486,-0.054141226889406077,-0.99829334456179464,-0.035617250807481668,0.046279689373885879,0.044249779844826746,0.055812535162971022,0.99746023374486792,-10.432181091873025,-7.6304876151777083,-3.1977409591681503,,0.2118245173868086,0.6511627906976745,True,5
0.85269641685030229,0.51568442694964201,-0.08353677329341537,-0.51077935465022528,0.85653921748330275,0.073790377260127063,0.10960507083960852,-0.020251931135369501,0.99376888044028289,-11.264012030414744,-5.7169172261106391,-3.3530346762544054,0.2148692543417124,0.1639636007909974,0.4285714285714285,True,5
0.59744921878132229,-0.70320929706064339,-0.38542329393157093,0.80152588708569672,0.5384787297895286,0.25999405742389936,0.024712007386563702,-0.46425999406768881,0.88535415207655455,-3.9018935794313694,-11.157598345209587,-2.5525763386076159,,0.7366903987569089,0.5434782608695652,False,1
-0.39638652044395029,0.90395780267950954,0.16043072456724433,-0.91796004486700766,-0.38736678089514359,-0.085418575770706939,-0.015069254729412583,-0.18112776715282253,0.98334411552016376,-15.617945188408205,-3.1318353984357721,-3.8315699738002249,,0.6041525850795775,0.1052631578947368,False,4
-0.71988585037611164,0.69120649765682751,-0.06322926557572589,-0.69337729709518747,-0.72028825758624049,0.02031624611859862,-0.031500576204826547,0.058467115375748308,0.99779221790831985,11.228622491646066,17.411640317564174,-2.7683633808634442,0.3603155563312799,0.3437253584925665,0.8095238095238095,True,5
0.98593571906110211,-0.099089459508671637,-0.13458096779912262,0.13110813173163005,0.95796892367033093,0.25515916420099694,0.10364080119967564,-0.26921519328631704,0.9574872135075756,-3.2063050077561313,15.576393017505906,-3.5444249982187084,,0.2644054056542823,0.1702127659574468,False,4
-0.96293864111445382,0.26949176078550385,0.01110694905804617,-0.25997512139452872,-0.91638953968061476,-0.30437336910421697,-0.071847823241552491,-0.29598040886633109,0.9524880512965872,1.573844319627689,-8.71478670746618,-2.2871100462883494,,0.4571872953990193,0.2045454545454546,False,5
0.19712759440185451,-0.92164554182629377,-0.33423076871684831,0.97862070709374605,0.16458367138013333,0.12334393686911942,-0.058670462523104663,-0.35139964477323188,0.93438539504883711,3.0937273177647584,30.888519893185762,-3.9171545917814217,,0.3279614132008806,0.3636363636363636,False,5
0.32153690518020223,0.94311277899521484,0.084571299523320917,-0.94450063199138468,0.31309115097955204,0.099460984039860201,0.067324399551838179,-0.11185802284246329,0.99144097552540278,10.17502975732342,0.74893706997479759,-2.2875487060729567,,0.1382933723305173,0.4285714285714285,False,3
-0.84468362074535053,0.53444629077870587,-0.029609848317848839,-0.53338678053118038,-0.84506059016468393,-0.037028925249018803,-0.04481208764502817,-0.015484224985376216,0.99887542545479369,15.604396341772659,4.8334621897167667,-2.2476426619923706,,0.471045305047733,0.9821428571428571,True,2
0.20040591730466231,0.96520409184390932,0.16798371765457237,-0.97970556160879785,0.19810254563225607,0.030535126769189232,-0.0038053727895469985,-0.17069400253610001,0.9853167392448674,8.194038338666795,7.941520994659073,-2.5952631764038672,,0.3290307207080456,0.15,False,2
0.87289881288470683,0.48498699127476375,-0.053247354476265704,-0.4751227907018592,0.86977333628670639,0.13323917306996833,0.11093239481840397,-0.091005284346260901,0.98965248547200113,8.8757806358215809,39.24617307268138,-3.948349879144017,,0.2495298007948396,0.6190476190476191,False,3
-0.63601518471489293,0.76771872664510799,-0.078055375026289911,-0.77116743882961514,-0.63600934131461062,0.028158463195412362,-0.028026168147870404,0.078102973816426766,0.99655128286505057,-10.339922676611215,2.4977483182037807,-3.6462288860980427,,0.1728203768638788,0.8191489361702128,True,5
0.95548192429174339,-0.24498190800336433,-0.16443283462489744,0.27210779491605952,0.94711544857984398,0.17008725703979605,0.11406857717034707,-0.20725875569546653,0.97161317811663106,13.260803076577155,-13.465626158814608,-1.4685920378295303,0.6822742574551242,0.3848458613851288,0.3275862068965517,True,5
-0.95764733376628364,0.27755349031439286,-0.076652750404834158,-0.27609789921495986,-0.9606861988098695,-0.029188653023550656,-0.081740651939004053,-0.0067887723884090603,0.99663051247192114,-9.2882434930973528,15.862446821779145,-4.1034141432342643,0.2124545831024643,0.2005219347954874,0.7446808510638298,True,5
0.545494616841949,-0.82815300879926879,-0.12883406775062853,0.83789449874942468,0.54239031155670014,0.061200971355666059,0.019194581576747676,-0.14133415703977636,0.98977584537709828,-8.0061244884842129,11.704669649360319,-3.8316706213809018,0.2510394632990351,0.3574730446119107,0.7090909090909091,True,5
0.37101817226290212,0.9257593594608674,-0.072904898472602828,-0.92524225497528323,0.37522099505804118,0.055999772105850054,0.079197761704161762,0.046677759567683566,0.99576548509314833,6.6042598633076466,-9.1312874991100657,-1.9606285566291186,0.4049342592853532,0.371068861374037,0.8620689655172413,True,5
-0.14338190543468457,0.98700664645755143,-0.072522472672523264,-0.98960358224214118,-0.14215478814221696,0.021834977026843685,0.011241850712430416,0.074899239361018236,0.99712773742169047,7.6471848096914323,-13.559761760619223,-1.6983747273622183,0.3630955015173826,0.2662391970363512,0.6862745098039216,True,4
0.11943146215726012,0.98874664817236979,-0.090089908285454795,-0.99117040883486363,0.12400240393915034,0.046953428708030723,0.057596410453319702,0.083686734583292829,0.99482620791657728,-6.5174045518262513,4.8633578478259274,-3.4119978701321951,0.2820925265081266,0.2307443304923918,0.9364548494983278,True,5
0.44061793129548815,0.89416256107441605,-0.079555973966290661,-0.89360260421615967,0.44533585941799958,0.056128050514240961,0.085616729434041972,0.04636040001199683,0.99524895827714643,10.533486383648544,5.6661226103216888,-2.4308449306726465,0.3558485463690666,0.2942562809993569,0.9483568075117371,True,5
-0.91076572864123939,-0.39760004041113661,-0.11144503307754758,0.39764303416941643,-0.91725671730949843,0.022806401012529808,-0.11129153116537413,-0.023544052660205962,0.99350886894642287,5.7965910738534063,-10.600167865185881,-1.9536551868555045,,0.1203532711002798,0.3529411764705883,False,1
0.9371101399478442,-0.31969774055457345,-0.14006405781367648,0.33493499006404964,0.93657662661884356,0.1031638255497675,0.098199480842452919,-0.14358822081065176,0.98475341319880916,-11.191697084224955,0.72455939231513677,-3.6479743211721618,0.2843008496684391,0.1397910760213925,0.4782608695652174,True,5
-0.57663964426497871,-0.80212317393376653,-0.15519386102671801,0.81082644279130012,-0.58516880414307348,0.011745225760839972,-0.10023572383320445,-0.11906252347479843,0.98781421085720755,5.7385789184109672,13.447419085170159,-2.88438629897494,,0.2459994450227701,0.25,False,4
0.61275793846930027,0.78826522323707615,-0.056264079818792681,-0.78414415793803915,0.61531268160394492,0.080673684860715592,0.098212262037369255,-0.005314291332308263,0.99515130000072749,-4.830079677103206,-2.5395887376609982,-3.0188300191316295,,0.0774972874995268,0.2745098039215687,False,5
-0.25650383511241864,-0.86944889419947458,-0.42221369346331217,0.96399966406025805,-0.2617995861812899,-0.046536269371481871,-0.070074462283565356,-0.41895059022588343,0.90530103981220111,12.400842050627704,1.0176190711924253,-2.2270064230170297,,0.396891957399713,0.4761904761904762,False,1
-0.021948577550812771,-0.92289817937653107,-0.38441801524769853,0.99823702633257549,-0.041439732323367159,0.042492209211391394,-0.055146162171024478,-0.38280765286035173,0.92218067736716069,9.1476387159250638,-9.0229289748479822,-1.9008657578222741,,0.5336448271842005,0.4285714285714285,False,4
-0.41301314478292173,0.91072038956005419,-0.0029179232519653264,-0.91069414025488615,-0.41302340391221115,-0.0069174219319171407,-0.0075050077904681538,-0.0001996505786131253,0.99997181710171779,3.8367281484009421,-15.270316222499268,-1.7950325012492747,0.3004402575457528,0.2647503680148616,0.25,True,5
-0.10044723774718296,0.99252855252552774,-0.069263445269080848,-0.99432633800749737,-0.097692083108981878,0.04208788949840013,0.03500694179105996,0.073098080134910759,0.99671018089865471,-7.828200057470287,-2.0827976164395068,-3.2577604852805404,0.2092917308608256,0.1890015059912322,0.6535947712418301,True,5
0.98656732430453631,-0.12400467273203031,-0.10633793187386142,0.13504761087299741,0.98538360364083688,0.10383302207532061,0.091907874592351529,-0.11679895040804342,0.98889380004705063,-5.4104763454052671,17.886822870780588,-3.8524706719794217,0.4090142634634908,0.334853847184201,0.8888888888888888,True,5
0.85162460216139657,0.51870753275767834,-0.075352720281916044,-0.51236281216212531,0.85414144206839049,0.089032273107279708,0.11054359188465668,-0.037214142496803382,0.99317431596445649,-7.2047220371874632,13.185593225211592,-3.8116645135725493,,0.1461688244712337,0.52,True,5
-0.49805928035458491,0.8635354602127584,-0.079015582057032893,-0.86707158309482713,-0.4971157113101074,0.032601217125684943,-0.011127580244739636,0.084749504563652905,0.99634015197326642,-7.9256896446004612,-10.46610212153734,-2.8844940870148328,0.1946062616277669,0.1540802586102447,0.6774193548387096,True,5
0.93332022764392641,0.35074698286475225,-0.07674572745087635,-0.34339483778746044,0.934427640053757,0.094472064042720072,0.10484912041412087,-0.061818601689468705,0.9925649210170312,-9.9250212314239707,-2.5938719439595253,-3.3874933699930709,0.2300567068514571,0.199538022086849,0.6451612903225806,True,5
0.74267968205949442,0.66950358271027732,-0.013850725400197911,-0.66544932731636663,0.74017873809196788,0.096501960864938202,0.074860420986019888,-0.06245308971288465,0.99523641862379153,6.9148207631888896,3.0018178595945688,-2.5197151108359286,0.3360928572967973,0.279735537866404,0.3302752293577982,True,3
-0.81882467046300278,-0.55335267822319778,-0.1527317011768321,0.5635065357286384,-0.82556627865368126,-0.03001172672509108,-0.10948307281157146,-0.11063965407179663,0.9878118868056861,16.153695594438215,10.603753804751173,-2.4274538351463262,0.3656508657732004,0.345717561881792,0.396551724137931,True,5
-0.58907606628020504,0.77557551369175137,0.22687443817586736,-0.80807745190962066,-0.56521955304847771,-0.16594483591523543,-0.00046888281556378003,-0.28108624906504254,0.95968239576197834,3.4142465283032006,-5.8784424076175101,-2.3351078593761332,0.6307286231567434,0.3098672905065143,0.396551724137931,True,2
0.95194242675855079,0.29270253070963342,-0.090171196361245404,-0.2861087238711098,0.95491373430651039,0.079256281502740999,0.10930422801468978,-0.049648651028730909,0.99276764511598636,-10.82445815795931,-1.3108794350760702,-3.5043303558964278,,0.2184981800782859,0.7619047619047619,True,5
-0.97114218135079478,0.22322889041436442,-0.083974556179786164,-0.22119060449166517,-0.97467347999641407,-0.03295942773004526,-0.089205269383776972,-0.013433907698503812,0.99592266267924434,2.523987600615293,-18.160747535725793,-1.7555995234691548,0.4418137719936667,0.432507358292251,0.9259259259259259,True,5
0.30106666946236821,0.95183761426950364,-0.058000143108239761,-0.95093784021472905,0.30421358686591649,0.056314452975416499,0.07124664614270669,0.038200126019590927,0.99672697655150433,-9.3410922901443048,1.9842025468805016,-3.5459962396440896,0.1507805814420776,0.1044437118726071,0.3857142857142857,True,5
0.19904603627299189,0.97852934168614936,-0.053488343620656437,-0.97773922078343345,0.20199002222758941,0.056798301579378735,0.066382916370214193,0.040992174616243805,0.9969518293450369,-9.2176959411977997,-8.7099948904090141,-3.0568470122935931,,0.1060045500967627,0.4864864864864865,False,5
0.75519611437833845,0.652823630222509,-0.059161952731163064,-0.64724867317738422,0.75692221325940434,0.090210410400356489,0.10367248380344329,-0.029834056002996046,0.99416394282051646,-3.8410022392973131,9.1536213724453095,-3.3734240367071933,0.2051890292709624,0.1810512661121008,0.7183908045977011,True,5
-0.71470643247944365,0.69924889096391285,-0.015674943644072306,-0.69827159289298024,-0.71463535288045343,-0.041389551485013353,-0.040143466855852156,-0.018636010816924072,0.9990201205028979,14.5051404936649,1.5365067661233849,-2.1633053841046479,,0.1292209187413515,0.2777777777777778,True,2
0.89208935164740133,-0.43475514188520842,-0.12314444884643053,0.44638880407727788,0.89020839820327524,0.090917783534448959,0.07009724867479801,-0.13607708981577901,0.98821526063681697,-11.960485985094113,-0.74455762772802192,-3.6200861428461817,,0.1167559539497461,0.5510204081632653,False,4
0.84318090397536194,0.5326291780218535,-0.073158197702342567,-0.52663210623220413,0.8456328043817497,0.08697002264509987,0.108187743560548,-0.034804006568516378,0.99352105829220061,-5.0169238182946163,-4.6438004393450116,-2.947716885474303,0.3953812197855567,0.2863864659878762,0.7874396135265701,True,5
0.45573124036843471,-0.87136954787483822,-0.18172547314190701,0.8900311896149492,0.44893113772575755,0.079406014210875037,0.012390240709874708,-0.19792914039286638,0.98013801952505375,-15.17071222396083,-7.746060180798982,-3.5780031507909409,,0.163660673429627,0.3684210526315789,False,5
-0.88429194307646697,-0.41406506052951281,-0.21581910262703285,0.45351919203404933,-0.87163350204095091,-0.18594456318110369,-0.11112201342141842,-0.26230738412884835,0.9585649348712123,5.6985806531552878,35.699642299385026,-4.0287532930661936,,0.3187978516055783,0.3846153846153846,False,1
0.54262785248735268,0.83689305257817892,-0.071868158814203748,-0.83472470556771461,0.54680965696127692,0.065068156334609356,0.093753291248138609,0.024682333768719547,0.99528945678122871,7.8553828929915213,10.330963563816594,-2.7194823426829089,0.3007968736890007,0.2905050702378243,0.9203980099502488,True,5
0.50478714643586764,0.8605349370663431,-0.068334170671484742,-0.8583252278948228,0.50877422431251162,0.066532637363205568,0.092020323583627328,0.025068122455180905,0.99544153483975995,10.478702460998496,10.535628845857957,-2.6273055948179604,0.3321238029851779,0.3196266114062455,0.9224137931034483,True,5
0.67672826362411376,-0.70464639346926883,-0.21333616051444099,0.73477391904639733,0.66464441090473825,0.13548097631140463,0.046326505388272578,-0.24843765258882367,0.96753945019036003,-17.406891733604368,1.2763827168821571,-4.1749863618260417,,0.2990379691779918,0.5238095238095238,False,5
0.34754303591021152,0.93766283900631564,-0.0014961740972849746,-0.9348237698837143,0.3466139591982621,0.077222293085000462,0.07292706939616915,-0.025439411068682874,0.99701277770837227,14.559161909282491,-4.3366506063224142,-1.9199191333158803,0.5097470379646458,0.3334288616260387,0.4444444444444444,True,5
0.61558522943832206,0.78539254256693103,-0.064910549047284993,-0.78211540499017607,0.61896423332143846,0.071963679351857601,0.096697045324153158,0.0064677622912128682,0.99529284608929192,-10.996407105271594,4.8577494509943309,-3.7872680606398803,0.2173421987698599,0.2046526924611791,0.7211538461538461,True,5
0.96776963829695661,-0.20651545089444301,-0.14412944089409147,0.24578166469317089,0.89927174004435406,0.36180341465809102,0.054893537791184652,-0.38556673365251021,0.92104559789909557,-8.07690463865098,7.0576399321993186,-3.6232869605262574,,0.5605071473534202,0.4748201438848921,False,5
0.24047062371686206,0.96882368724347112,-0.059619981257886555,-0.96818901249231148,0.2437832196944188,0.056389519279636216,0.06916585297955237,0.044163387906615059,0.99662715192303653,-8.4494142674179624,0.244109589843785,-3.3955938296124191,0.1767627018041928,0.1799514496773516,0.5857142857142857,True,5
0.63974053673748632,-0.7507701223415687,-0.16454868293018313,0.76794185216728117,0.63317642385261408,0.096710537001403182,0.031580964911128773,-0.18823347119053979,0.98161642354783418,12.192577336845215,14.493214865854704,-2.6449056081842177,,0.1103968067294903,0.3636363636363636,False,2
-0.47329778755714597,0.87916661367957094,0.055274493979654366,-0.87754461430993147,-0.4650910143783118,-0.11664389499749694,-0.076841747697099505,-0.10371313193491573,0.99163447503357105,3.3540446364650247,14.467377896852282,-2.9850791577537601,,0.2832557063139782,0.25,False,2
0.80543244062169717,-0.58213426700978721,-0.11134755842475721,0.59012895854378433,0.80511366859513867,0.059496158945822386,0.055012688374643667,-0.11362955519694523,0.99199895579760533,-12.948209212110603,-6.0390654301513784,-3.4828868575099654,0.3748116600687806,0.2725668521665606,0.8974358974358975,True,5
0.7858002595162713,0.61388643902908091,-0.075242222989191102,-0.60859572597264333,0.78916141318005606,0.082677120628917106,0.11013262219702263,-0.019175607522358883,0.99373190630277952,-3.9934107857117573,16.684912176009188,-3.6736342007557683,0.2740653084758626,0.1762628103575377,0.4117647058823529,True,5
-0.15849704260678768,0.98623590804784678,-0.047089501610681844,-0.98683168297281343,-0.15667290223678901,0.040209839414598811,0.032278738605285469,0.052842552755727891,0.99808103260823022,10.899700015476643,2.8969231052914548,-2.3509454098634048,0.3290948686729245,0.3061673634772352,0.9390243902439024,True,5
-0.95676596188634344,-0.22456504514519082,-0.18484976244138995,0.27122359739946933,-0.91837548102413413,-0.28813926505664073,-0.10505548243376173,-0.32581745863693201,0.93957773986934179,10.607500131983269,-3.8115596642073704,-2.1375548140554508,,0.4349097217853268,0.3846153846153846,False,3
-0.63698843495803248,0.77064783380555091,-0.018645374239428483,-0.77064814617092137,-0.63720065944266191,-0.00876095937436841,-0.01863245912483448,0.008788393291668771,0.99978777528549134,13.207253527888325,-8.2671630481112768,-1.8421041105445737,0.3506226257559651,0.5083720194510729,0.8717948717948718,True,5
0.87381705200380821,0.47799874310650936,-0.089224218774775585,-0.47350283338306043,0.87820082519009657,0.067515756780514927,0.11062922943592063,-0.016748499157509408,0.99372061534939649,-4.4651893779231129,2.3379693573682427,-3.1948975246804574,,0.1518459657483525,0.6384615384615384,False,3
-0.67571048187000937,0.73699058363400882,-0.016131470044693272,-0.73506685559365981,-0.67527467094239702,-0.060669898560055092,-0.05560631707503845,-0.029137577429163432,0.99802752421108609,9.6226305061009842,2.9912876816168117,-2.4010810507091498,,0.374061390236818,0.25,False,4
0.99446012067042544,-0.023127362752670022,-0.10253874140181501,0.031130700007661959,0.99653322600869387,0.077151856605904331,0.10039894378525521,-0.079916547427998141,0.99173252318051619,2.9908860612583252,7.0301049283146027,-2.9095996426697814,0.371114917218684,0.3279831297161356,0.9827357237715804,True,5
-0.96214346729572797,0.25982136181755094,-0.08229707335881617,-0.25876273768242136,-0.96565584816411432,-0.023465474500687894,-0.085567481716195729,-0.0012817369922529902,0.99633155285930286,-7.3136582102907193,16.482922010741056,-3.9455764017090487,,0.146821364748637,0.2692307692307692,False,3
-0.70120936321594873,0.71177642261573348,-0.040984791650494873,-0.71029618728745647,-0.7023990984655627,-0.045987311289852277,-0.061520364621713619,-0.0031353920194536061,0.99810090374355331,-1.0552089291567082,22.833978732681256,-3.7263430024052449,,0.3307868090894625,0.7446808510638298,False,5
0.61287296112643952,-0.78149346009519016,-0.11685334975325891,0.78972245561851262,0.61082212440482464,0.056875086192849679,0.026929103438043309,-0.12713891680372574,0.99151929846170839,2.6543465752007327,1.0617617852948575,-2.6617297546090617,,0.3627016413279064,0.9644012944983819,False,3
0.4146613389269927,0.90965994396190342,-0.023974160058290131,-0.90490581383687951,0.41498511925488479,0.094513590986822563,0.095924147551536498,-0.017496775366791339,0.99523485709066439,-13.048749809575154,-10.510399047744992,-3.2809505826527356,,0.2368938595152662,0.3181818181818182,False,5
-0.098302927238821516,0.99282487546428289,-0.068083046021830101,-0.99438842427485685,-0.095309421905282576,0.045910519102369096,0.039092149652418799,0.072214131272296866,0.99662275866053784,-5.7641385069581972,-0.11635412850945376,-3.2022393039199666,0.428120357403433,0.3661336493554652,0.956442831215971,True,5
-0.19974095872373676,0.92168700560418393,0.33256069086486462,-0.97955267084886111,-0.19617074926800163,-0.044649772278193417,0.024085564992048007,-0.33467910127766343,0.9420243015586115,-4.0535865034920775,0.094755866816428475,-3.0722272169115414,,0.4527381112063956,0.3230769230769231,False,1
0.81938404575740853,0.56780458981597426,-0.078789170208432679,-0.56268353555521655,0.82291638952314006,0.078713751462372777,0.10953092884341675,-0.020163423273639507,0.99377885466968219,-12.370675592192224,-4.2977605956523197,-3.4993597805403458,0.2318998745938755,0.2312878399320763,0.7115384615384616,True,5
0.32365522359309035,0.94570892558678921,-0.02969721041423707,-0.94340890107173137,0.32494827133321968,0.066243990943937375,0.072297590689697266,0.0065763989411326967,0.99736142363610192,-9.825882231655056,-6.1021880682490206,-3.2262772111221114,0.183058172300482,0.1172457307037009,0.32,True,5
-0.039218926787183202,0.99648457174618188,0.074029548516051841,-0.99822344815137576,-0.042397311802008203,0.041861862270350408,0.044853353747964717,-0.072256253873226733,0.99637704230565671,6.895977330638039,20.206940237743286,-3.0283569664562364,,0.4279283956453064,0.525,False,3
0.68648909682225301,0.72660374759233981,-0.027923358124251174,-0.71914620674326901,0.6841198635046728,0.12169118984181376,0.10752419853658754,-0.063458697931142977,0.99217515610196005,15.944099295848048,13.715897115595682,-2.5569562088131255,0.2735095779893855,0.3216580378112938,0.5,True,5
0.78771400433651972,0.61143003561895615,-0.075232698443746721,-0.60734357878718559,0.79122866922754176,0.071351035720494727,0.10315243418407419,-0.010512113746306707,0.99461000939387545,5.4886208972384249,-1.7763407106858415,-2.3865069243923225,0.1239906033914032,0.1300001919738389,0.6101694915254238,True,4
-0.10407739913084517,0.99359448484487778,-0.044021525143962549,-0.99398545799738691,-0.1023981098719797,0.038827005864096868,0.034070577921182801,0.047797769618338412,0.99827579803360345,-10.728390980599174,-4.2240281068158483,-3.3984128430955391,,0.1601772410300467,0.7457627118644068,False,5
-0.90422896928403484,0.42635966562638056,-0.024236473227220709,-0.42504257132657863,-0.90402580251018005,-0.045564909260489547,-0.041337436635853354,-0.030899578035747333,0.99866732819772897,-15.4427055216659,-9.2884157800640441,-3.5267656818289064,,0.1884560563546993,0.2083333333333333,False,2
0.90557786791665151,0.4153587283490951,-0.086057259564517125,-0.40972349850414125,0.90903823435531605,0.076000942452690512,0.10979699409846802,-0.033565089965510685,0.99338713743562668,-9.8997997126439632,4.0710451110763373,-3.6571308121544956,0.2835160562125386,0.2404553607544623,0.8035714285714286,True,5
0.82113302011861677,0.56622149353588347,-0.071650425880598029,-0.56035437492259488,0.82365401154148554,0.087161022118402431,0.10836760482720653,-0.031421163721449132,0.99361419710791277,-8.2763082582773251,-5.2747964033683354,-3.159789390056325,0.1958721952219427,0.233396721680751,0.6554621848739496,True,5
0.99418010524896261,0.048865041218112297,-0.096011072663084146,-0.043250290314728143,0.99727796779234135,0.059716558370958607,0.098667779517203957,-0.055216507520238545,0.99358734220118472,9.2687784490294174,-1.741432191476572,-2.2497502240468727,0.2868497969970518,0.3505214150418393,0.8493150684931506,True,5
0.020012588267532667,0.998290623140074,-0.054912002890411205,-0.99866228682217451,0.022578757535807341,0.046517056949509389,0.047677386567836183,0.053907619672375992,0.9974070559963566,-6.5553496793138581,10.463161226963152,-3.658615195369106,0.2136788967415806,0.2719148258865612,0.9457364341085271,True,5
0.2134566672115063,-0.84770816466552434,-0.48562034428385048,0.97681470360300282,0.17684219834892512,0.12066429342642575,-0.016409937475059713,-0.50011769059145328,0.86580194589151671,7.0633059430636962,-4.7195893314707744,-2.1864347070913839,,0.249940205547597,0.4705882352941176,False,5
-0.16144780195386629,-0.92894568345568407,-0.33315840741802683,0.98369009871449153,-0.17860481186288227,0.021309877298982857,-0.079299413209294609,-0.32428419383077445,0.94263002535256901,4.2371785367691208,-5.3264056005331826,-2.3176466804643163,,0.1811697573286686,0.2857142857142857,False,2
0.75757513240020302,0.6477276876650071,-0.080800751240058949,-0.64394947280560155,0.76187140641901074,0.069864415509659508,0.10681289829511534,-0.00089594266646057796,0.99427873458328353,-9.1142878426878191,5.669059192652071,-3.6517632600193681,0.1237865276292906,0.1272102296437501,0.5,True,5
0.98190688956253447,0.16361389770497148,-0.095338096831319191,-0.156692651212512,0.98471150076298275,0.076096473775796591,0.106330961086717,-0.059780872717814737,0.9925321022372392,3.8658519238383846,10.117076077560545,-2.9016936707020089,0.4674777083975863,0.3977000548609315,0.9808510638297873,True,5
-0.053534633714841129,-0.902197376663605,-0.4279882434534002,0.99729608996970398,-0.069915367809233339,0.022635155737040183,-0.050344333585401982,-0.425619236977617,0.90350080973424296,-10.936201953863828,6.2602960804926422,-3.8370374312057534,,0.6934426000408455,0.6493506493506493,False,4
0.34575027289554305,0.93709413051745749,-0.048076390696331212,-0.93457760362069109,0.34849204947877049,0.071540158377592103,0.083794102437237492,0.0201960887256665,0.99627840807523316,-11.884744952483542,-7.3784041294711589,-3.3323512002954243,,0.1044121028371143,0.2307692307692308,False,3
0.96674590861838272,0.25377932878750314,-0.031597475370391474,-0.20919030119874188,0.85579686133902388,0.47312910500904065,0.14711140694724451,-0.45078574112591496,0.88042628853502691,-12.695474463630067,-8.3892259078449047,-3.3354601481977975,,0.2619861215976003,0.56,False,3
0.54376421863403757,0.83741523707754473,0.055282865733188719,-0.83400594352128854,0.53185645819175742,0.14684275280341422,0.093565809484446233,-0.12595407333658842,0.98761379633206881,7.1117672480590182,-0.064196699650150998,-2.3593262054874349,,0.1463764099393678,0.2413793103448276,False,1
0.91550182334949581,0.39442563051907331,-0.079276941372511636,-0.38730996959649711,0.91739075509049339,0.091570682675492218,0.10884575735833621,-0.053128377202080426,0.99263788797373842,-11.86702844004429,-2.9607288957787024,-3.5290551548552842,0.2230884930409686,0.2102813287971483,0.8985507246376812,True,5
0.75590107499357306,-0.54698805555921637,-0.35974662180360717,0.6530068249488532,0.66926233320958506,0.35449966984057962,0.046857778370065342,-0.5028836808074103,0.86308305057150314,8.0344273366549963,6.4948304531436118,-2.5496288906029241,,0.3910628854052765,0.171875,False,2
0.6633316149068641,0.74178345941885571,0.098734330390435124,-0.74241720027025648,0.63579389952901499,0.21114643748963427,0.093850249908707162,-0.21336217250085548,0.97245499327104556,3.5844674385953961,-11.671524806564845,-2.0504730889579506,0.4914065428136205,0.506863788927475,0.2173913043478261,True,4
0.46792226441247081,0.86573111628367161,0.17764680904911517,-0.87939081792105989,0.43611551330141118,0.19098441929637938,0.087866625195430606,-0.24558683465543041,0.96538415297781377,-4.9881887098875799,-11.852629785943911,-2.5931282752628495,,0.7551166130707265,0.3414634146341464,False,1
-0.52224975290219522,0.84721846715036297,0.097345079552001085,-0.84618292409410378,-0.50063048802093302,-0.18260222735628079,-0.10597006447647536,-0.17773571217769357,0.97835594854405583,-4.2133906449236456,-13.44356040425142,-2.4627993693817158,,0.5969966464866763,0.3478260869565217,False,2
0.80745587419654685,-0.546122970985637,-0.22308005690180444,0.58726919203015437,0.77999093957168586,0.21616898546815072,0.055945574603726123,-0.30555496191012965,0.95052946189708343,-3.6194955487924561,-13.860966397764178,-2.4051996255357651,,0.1073706320976594,0.4,False,1
-0.98946019769335714,-0.091391061630407569,-0.11232181904994992,0.098904705624575581,-0.99308542796539245,-0.063239164827736755,-0.10576566733084367,-0.073681792980767352,0.99165750992830204,4.3480617973326749,33.439688998499165,-4.0009661512551666,,0.2106530587308153,0.4375,False,1
0.96395828440458931,0.2660343895356555,0.0031826894526380406,-0.24239447040785939,0.87324340565459435,0.42271843489071936,0.10967837819485765,-0.40825440360779586,0.90625548014419666,-10.699734001851574,-10.174260818905575,-3.1186981257114361,,0.2157615962435264,0.3478260869565217,False,1
0.33481081035288496,0.9398389918729978,-0.067855660235474818,-0.93892160071922282,0.33882875054525319,0.06017728397656559,0.079548406481199638,0.043563139913122086,0.99587865920864704,-7.4231350087615819,-7.813892726104319,-2.9572107192496278,0.1753530653252696,0.1218990047652088,0.4285714285714285,True,4
-0.21335099984786848,0.97545279951644615,-0.054526936274138613,-0.97675852188531087,-0.21179459623931379,0.032952070166381978,0.020594678641311672,0.060290006795116841,0.99796842349460491,3.9002924234386667,-9.668834967677812,-2.1148884006651465,0.5226047326458003,0.4296063025841413,0.875,True,4
0.86964758676090292,0.48628989193784788,-0.085060071949267277,-0.48109281151444533,0.8734610766518659,0.074936334866943594,0.1107374442095565,-0.024246413616050413,0.99355388876330974,-5.553522201345789,6.3657318092123516,-3.4279882522095781,0.1958147425195792,0.1469487967053254,0.5481481481481482,True,4
-0.13280703681111447,0.96750551545497732,0.21516358552889256,-0.98951756387851342,-0.141850873193824,0.027079891987991277,0.05672108734309407,-0.20931174677582598,0.97620249482997579,-9.6557296407568121,-11.205017255843448,-2.9813869629038856,,0.3718605379544958,0.1052631578947368,False,4
-0.98886814158650604,-0.11551490267180327,-0.093787556829110053,0.11884757548828921,-0.9924364334292729,-0.030743770145183466,-0.089526824783442094,-0.041547958588940122,0.99511743768325467,-0.17924859494907794,24.465591814445766,-3.7610967681473091,0.3369367430774873,0.3253140581934649,0.375,True,4
-0.51055226933267372,-0.80182877729742918,-0.31049475386384073,0.85500485861699804,-0.51168954474491657,-0.084501488389659457,-0.091121194134980071,-0.30861694978800186,0.94681175863154843,-14.084154681345114,-10.70798566971361,-3.3612734122118209,,0.2730854631451132,0.1304347826086956,False,1
0.56572696166414749,-0.79879144039849637,-0.20465883707367682,0.82458135824002154,0.54672039152166707,0.14547301171501933,-0.004311437033657918,-0.25105586677170633,0.96796299684968024,9.6969958858958467,-12.55528474211199,-1.6604542978701813,,0.3406167626561371,0.1875,False,2
-0.38434569426359072,0.9229448331891269,0.021241991209211719,-0.92318264080399726,-0.38432824018021433,-0.0050611775445083412,0.0034927094348031311,-0.021555479337590736,0.99976155271711142,15.807565273186965,-12.561909651873707,-1.4430104882526475,0.2932070775661493,0.2650872889493159,0.24,True,3
0.85524185484471427,-0.50163056869854117,-0.13010819447272542,0.51413900121423817,0.85279601687683415,0.091651737732758198,0.064980436688283641,-0.14527809933430019,0.98725468684712514,4.5674626303378769,-22.391546368741608,-1.329917712175148,,0.3144946867815284,0.967741935483871,False,3
-0.72317950814208676,0.68729104342133684,0.068135311228323642,-0.6879629192017348,-0.70813129098101402,-0.15892481410085332,-0.060978855407411457,-0.16180573650638386,0.98493679128501921,10.475813836004066,-2.4796311151073231,-2.1911691942058313,,0.5781403054160762,0.2222222222222222,False,2
0.98221083823862132,-0.018436760005275329,-0.18687416923452393,0.085043783613975826,0.93093462519095593,0.3551454328710909,0.16741990358139874,-0.36472017972835441,0.91594201038259648,10.96380649091379,-7.5992740626272228,-1.9400486477511734,,0.2829520459933088,0.3809523809523809,False,2
0.66575007888633686,0.74412517929290289,-0.055267983545097044,-0.74031143980163527,0.6679714999717794,0.075848845240261947,0.093358473432603645,-0.0095808542289380905,0.99558646167501563,-7.4802894510194031,9.0741477050589925,-3.6571026823094299,0.1861368332492609,0.0984487752225639,0.2363636363636364,True,3
0.26280967444176345,-0.91564593032716157,-0.3041769309055542,0.96433467584313626,0.2389959873661098,0.1137521471859459,-0.031459624701021704,-0.32322352683275735,0.94579957904170464,2.3628920578609147,-20.018066755637101,-1.6446033006289871,,0.2635925481414812,0.25,False,3
-0.75174570128311458,0.65749550460876727,-0.050774619856982145,-0.65633252859937219,-0.7534488772835809,-0.03927341623116265,-0.06407817494836221,0.0038014128129259805,0.99793764171711308,-5.8514034874517042,16.391487028479641,-3.8376549864063261,0.4419687258179075,0.1318811006142996,0.3478260869565217,True,3
-0.61484023155513856,0.78864459515178265,-0.0033454744212769449,-0.78497057736186671,-0.61237427527788468,-0.093909209633893959,-0.076109673086936364,-0.055113061208444336,0.99557514439987549,9.2410526100997306,-14.131594383191581,-1.5863869822482644,,0.2888356005789789,0.2727272727272727,False,3
0.93748967029812424,-0.25182104134263061,-0.24020674682745097,0.32426946393544942,0.88266028748741376,0.34023540622876414,0.12634252191297402,-0.39685889183656803,0.90914277598566451,-15.676592958902216,3.0496925827166286,-4.087440977000619,,0.6717588559722552,0.5581395348837209,False,2
0.37905361174968605,-0.86398617559086566,-0.33143060783124528,0.92536978752606247,0.35273708067575787,0.13880672984518974,-0.0030192306122345212,-0.35931106343141506,0.93321296816016042,-10.335571504947433,10.058530803060055,-3.9456675563121193,,0.1559006812282148,0.1818181818181818,False,2
-0.96276962567887747,-0.20025012521631005,-0.18158891822191903,0.24798747186308034,-0.92164507408852669,-0.29845028263902323,-0.10759582551898841,-0.33237064364833263,0.93699140528164959,-12.155926196398756,16.755594993424246,-4.3893941618286636,,0.5086228841228312,0.3666666666666666,False,2
-0.070991394873716626,0.99716848653504808,-0.024803856863110027,-0.99675113436631047,-0.069969368538645757,0.03989315236699853,0.038044684166877223,0.027555342997407466,0.99889604317913772,5.7568815713869625,9.1997155102639638,-2.7556170240002462,,0.06916445549743155,0.3823529411764706,False,1
-0.96966308003127877,0.081928677056033794,-0.23030675869392303,-0.0068608336677587782,-0.9509110794921587,-0.30938818312993099,-0.2443490130645837,-0.29842220221509069,0.92262546520213617,14.359204009879182,-12.125777389589629,-1.5112032556648054,,0.6417315171582425,0.175,False,2
-0.18535049401042242,0.90284216143155327,0.38797065083804133,-0.98233674316241604,-0.1805543537962597,-0.049139071605726586,0.025684964534722826,-0.39022577678417936,0.9203608671222574,5.7057674886286947,-5.6781219862626706,-2.2048165526176162,,0.4397148388686281,0.1153846153846154,False,1
