axis_00,axis_01,axis_02,axis_10,axis_11,axis_12,axis_20,axis_21,axis_22,location_x,location_y,location_z,dbh,dbh_approximation,score,reconstructed,number_clusters
0.77075453554519613,-0.61563704076878056,-0.16409899442095419,0.63507352643364834,0.72165683685621496,0.27548688869311633,-0.051176771680517062,-0.31654769601458488,0.94719506659833208,-0.75790628250512782,-4.1927659020552639,-1.7380358798670978,,0.2614959774412369,0.3225806451612903,False,1
-0.94426594305592781,-0.32672613370325015,-0.04014800543022834,0.3274298243439141,-0.94479628777900404,-0.012234571064288741,-0.033934332390858302,-0.024698343149683555,0.99911883824240222,7.4432383391931758,11.841958423356164,-2.0394122657959679,0.244586780100721,0.1844665069975394,0.4038461538461539,True,5
-0.99966779305020681,-0.024842962427464161,-0.0068651843353191647,0.024466666147215085,-0.99843310525536588,0.050326102350267521,-0.0081046767838716047,0.050141415496139354,0.99870924330671629,9.0545363948655595,6.3843091111718184,-1.8345215776199613,0.1421743144147002,0.1224538712719738,0.575,True,5
0.97088638255768522,0.23920317576790373,-0.012707197433030955,-0.22234073935657889,0.91964361062655919,0.32375951732129243,0.089130397656593877,-0.31150837891828165,0.94605406932018543,12.068192816434657,8.6600228304756346,-1.861922333142475,,0.3342740330286984,0.3214285714285715,False,2
-0.86362422073381884,0.50138788958959235,0.052567951594105128,-0.50302225787912447,-0.86394628114923699,-0.023778800781204951,0.033493483546700481,-0.046978797997600019,0.99833420210799584,-5.9621386010093387,9.297847977902622,-2.2224052255260118,0.1834671964982885,0.1616364958371713,0.4576271186440678,True,5
-0.19319862570794258,-0.942292743571013,-0.27342032923317167,0.97702522833843242,-0.21031916984123367,0.034460847167895679,-0.089977742885655229,-0.26048077128783986,0.96127715752247833,9.9327810909120124,-2.7270859181787386,-1.3171274192272189,,0.4412930588719179,0.2549019607843137,False,2
-0.74087014683676689,-0.5818860748626985,-0.33544004144846906,0.6688690884166395,-0.68458743778350151,-0.28974848160036248,-0.061037431849337097,-0.43903147485106764,0.89639600400901776,-12.82251894321797,12.572192968854173,-2.6293526984966937,,0.4157870514430692,0.1818181818181818,False,1
0.48186824520630572,-0.85552561742366384,-0.18941729644796007,0.87320778985469805,0.45086588268495442,0.18500840945154565,-0.072877637165796427,-0.25455033640240132,0.96430958526738442,8.6969704225849558,1.9261460397179699,-1.6029913225752943,,0.2279725476668508,0.4,False,7
-0.99763905173149092,0.064414032828453829,0.023815012808468768,-0.067439459235696872,-0.98438802913794632,-0.16257960335757932,0.012970805614511409,-0.1638018329100315,0.98640798746615277,9.2126972699221028,7.8420847600636066,-1.9182716849161978,,0.4299093207702791,0.723404255319149,False,4
-0.24885687132191958,-0.96541017255877992,-0.077803960798229516,0.96417753182401988,-0.25455134052220069,0.074600952836353304,-0.091825621269919333,-0.056451871168080751,0.99417364756868065,3.501831065431539,-19.355728288034349,-0.80978492400827751,,0.2966608346096102,0.6896551724137931,False,5
-0.93010277119163465,-0.36560948688582356,-0.035192870311007568,0.36469487516536614,-0.9306487034865546,0.029843570947761612,-0.043663291787961411,0.014922928595983403,0.99893484429784485,10.356787152938537,12.718425018798676,-2.0213213865054502,0.1746538358558486,0.1517139230392793,0.3888888888888889,True,4
0.59271482934741682,-0.79333333194877864,-0.13896530319008638,0.80272769847649017,0.56780357784367441,0.18228367750997515,-0.065706720891403184,-0.21959353680601004,0.97337624042439408,8.2265403901443843,8.9801476239697191,-2.0215923483683009,,0.2534134561708689,0.282051282051282,False,5
-0.98099101173295844,-0.19363972691205508,-0.012660610592409659,0.19280751225095805,-0.97999775683373003,0.04929157961006618,-0.021952177995463836,0.045913535719693796,0.99870418499121805,9.7623483089064838,-4.7583852137748757,-1.1850529956870264,0.26700774228256,0.3348046592998473,0.9692307692307692,True,5
-0.54604273901594658,-0.83356187819730521,-0.083737222214167406,0.83444634777296234,-0.55003871415069117,0.034010375237850721,-0.074408466294689252,-0.051303100799428833,0.9959073109441644,16.677698030076307,9.1258107236261452,-1.7179961257847145,,0.08264322000773822,0.1428571428571428,False,1
-0.39456137664233215,0.91460072281835236,0.088469417779572207,-0.91591980168730958,-0.39917615155143438,0.041824836038738336,0.073567906992034776,-0.064528426702773062,0.99520040454577663,-5.4116120954460945,14.17688837210823,-2.4471155455887814,0.4454793667186042,0.3785007415948201,0.875,True,3
0.56666568496719716,0.82279066158319214,0.043652361816398991,-0.82067935872605635,0.5589108944076131,0.11876027228610736,0.073317062418278026,-0.10312196334425798,0.99196293732900076,13.122929663943172,9.7065145780725057,-1.8887104405659441,,0.3121720170313206,0.125,False,1
-0.98176370696816828,-0.18977308879696755,-0.011233808284813199,0.18898068855213826,-0.98066852481026168,0.050749815771351015,-0.020647591493475406,0.047701354434906452,0.99864821521424396,-1.2435440683755665,3.9559101884670023,-1.8955944528966893,0.3020836655006475,0.2711497619808482,0.9692982456140351,True,5
-0.55068058744266513,-0.83255906455209649,-0.059969114100023854,0.83159949126565091,-0.55340932028440826,0.04669486426859247,-0.072063699186998689,-0.024156329491247564,0.99710746412059237,6.2961637873854874,6.2595653099678863,-1.8890505023944735,0.4949922613874744,0.4761605047151294,0.9565916398713826,True,5
0.012579003067492314,-0.99674216231154578,-0.079666997887023139,0.99616431060180544,0.0055921710989846017,0.087323501450801144,-0.086593504173560307,-0.080459862620455735,0.99298931290424264,-4.8157698897803511,3.5831272198547448,-2.0140510921246118,0.3146551803622736,0.2408545827394172,0.8200514138817481,True,6
-0.85669315291845072,0.51481432647336378,0.032296300104199892,-0.51568266899651427,-0.8562519250692614,-0.030067020334830816,0.012174836314098908,-0.042412852685955522,0.99902598729350556,-1.0984855726333682,20.281312351557261,-2.5936308632133875,,0.2992464698912788,0.5833333333333334,False,5
-0.99851913867759523,0.054288486865805466,-0.0035056937081227521,-0.05440153853722253,-0.99650014549041954,0.063465995953396762,-4.7951402447912739e-05,0.0635627267460636,0.9979778441775492,5.2283651031890939,-4.7839606758223416,-1.4670530353086972,0.399147348670768,0.3371569107760616,0.8402366863905325,True,5
0.81062359861209454,0.58459346567156012,0.033761831515694896,-0.58306039555389744,0.80048040202158255,0.13882255261988252,0.054129072684761199,-0.132218024011411,0.98974160143787415,-1.5939885872921553,16.744523162228514,-2.4346332668531305,0.415979210569798,0.3199677195368689,0.9743589743589743,True,5
-0.85627998563882257,-0.49924518640534737,-0.13243424800809034,0.514646723723024,-0.84643656657342481,-0.13668902124366245,-0.043855854290344602,-0.18520092499359403,0.98172159058766861,2.9582136450183465,-8.2125709237287907,-1.5657151052604756,,0.4871681651908715,0.1555555555555556,False,3
-0.99994614334921428,0.0095097870133177258,-0.0041562425330605654,-0.0096691858217318235,-0.99914562211390656,0.040181247568478913,-0.0037705764250454549,0.04021927102243282,0.99918376337480919,11.809411860878875,-2.2227129593480459,-1.2299359127772318,0.1889214676559663,0.1988416752139895,0.8349514563106796,True,5
0.17299369064542461,-0.97689743489846415,-0.12547742699655864,0.98064156381141065,0.15897244333484406,0.11432360030046938,-0.091734978728873331,-0.14282564177678791,0.98548745792560044,13.933484063478783,7.4875849606574389,-1.7048097744483521,0.3214458582830541,0.2017901376256946,0.5208333333333334,True,4
0.99122858867801655,-0.12986864600452308,-0.024495301025721537,0.1319827042863061,0.96319896004204419,0.23415449844749903,-0.0068154791953530941,-0.235333589100405,0.97189076088028592,-1.1364059183658759,8.4379274401971287,-2.084528480148089,0.7923625227954926,0.6602099125315832,0.55,True,1
-0.13980661533694883,0.98279515117128546,0.1206971463715534,-0.98679833045029453,-0.14835411843514101,0.064962378064868403,0.081750628918297555,-0.11002157232807527,0.99056150152018341,-6.4140044823107418,10.291437414494824,-2.2962234144132423,0.3513135925378646,0.2157220984417573,0.4714285714285714,True,3
-0.10812651374110306,-0.98288265166115907,-0.1491655124005633,0.99174008491097743,-0.11705803365230227,0.052431104682459262,-0.068994644770167451,-0.142264225373015,0.98742120150017709,5.8225954495488326,16.209795846777244,-2.2174618219744668,0.2803966240561073,0.2732353189926779,0.7555555555555555,True,5
0.99461948835241709,0.10347839896076852,-0.0049289286959671927,-0.10213711567539514,0.98746082222925446,0.12037081940334832,0.017322903656283452,-0.11921973624714385,0.99271676297827971,12.004745760760375,16.268232788685335,-2.1197927385462232,0.4492401333975794,0.450131182653293,0.9764705882352941,True,5
0.96923988903732938,0.22744610712786067,0.0940335357799955,-0.2460684865461189,0.9031865151856463,0.35171638960348639,-0.0049332978633399999,-0.36403624426585696,0.93137171711030675,-4.6002736394439605,-8.8792672660455523,-1.874972193020753,,0.5324283360122146,0.2777777777777778,False,4
0.35260915056796321,-0.92991797714185565,-0.10449565887700196,0.93219366897242817,0.33930985910105949,0.12603088131304258,-0.081741974917801941,-0.14184983364536743,0.98650741215224491,20.446788592202761,-5.5521630497306944,-0.78946450211569252,0.4039900663289909,0.3531766392681269,0.9148936170212766,True,2
0.39898755253085466,0.91312542923759044,0.083731018177887487,-0.91278987308409698,0.38682031360355024,0.13109039849954804,0.087313117688911521,-0.12873226271342514,0.98782813485753951,1.7105596554248104,20.42172237358573,-2.5310930927843898,0.3591896212623482,0.2907116497921111,0.5405405405405406,True,5
-0.14764317428989832,-0.98808329800891559,-0.043507347441850537,0.98733237145313379,-0.14982984860294388,0.052209240066763307,-0.058105777392034895,-0.035247874594677459,0.99768798026749017,-7.3525222154878547,1.8250624174372909,-2.0892334289129257,,0.1372395964288443,0.2857142857142857,False,6
0.35256224031193911,0.92523184370269707,0.14016384021827857,-0.93219391367343341,0.33413061885428902,0.13918059079576373,0.081941283956467964,-0.17972969966746863,0.98029733297658583,7.9619537738987738,2.0147873641292926,-1.6253527841938145,,0.7369478688816182,0.2236842105263158,False,1
-0.72453834330081457,-0.68751833394376216,-0.048607916825405904,0.68639737584325433,-0.72615164658831277,0.039527567501397222,-0.062472646193406436,-0.0047251082819923032,0.99803549126737867,14.788260832879988,10.995731051505896,-1.8548587120190057,,0.10863696319244,0.4827586206896552,False,1
-0.93918694978528605,-0.34324108961724731,-0.010650246540566843,0.34286062349972002,-0.93899119032750689,0.027242197795231113,-0.019351129331211969,0.021933966483426069,0.99957212591583922,11.352421515526109,7.0878480808372029,-1.7678440240545328,0.1372142345732789,0.1153662667668311,0.2368421052631579,True,5
-0.98355572792614021,0.17051959847725343,0.059507954080414101,-0.1804175926013008,-0.91266670121371984,-0.36672739845233543,-0.0082232805881509372,-0.37143311515106342,0.92842329711481564,7.5313465222676044,-5.8440956771776591,-1.2948036306088215,,0.3225747976920641,0.3243243243243243,False,4
-0.72481305328360079,-0.68513666665114403,-0.072344908596690571,0.68652474937093033,-0.72706826001322533,0.0074507571778229392,-0.057704473751052338,-0.044266164183273289,0.99735184384329167,4.3330543227491436,13.266223206497472,-2.1899884961976515,0.2934585090171485,0.2196538863827663,0.8055555555555556,True,5
-0.25716358360978503,-0.95683577420102772,-0.13539642710977448,0.9626987292970246,-0.26585790720821384,0.050306359287491997,-0.084131134990956605,-0.11740900469720428,0.98951355611792635,4.3604359418028213,24.490771660834227,-2.7558363931224585,,0.7431350906097314,0.2790697674418605,False,1
0.19705313462826093,-0.8976498790564994,-0.39420141649038853,0.97654258761896251,0.14411381117833874,0.15998682443912626,-0.08680228510608555,-0.41648037655753528,0.90499141390559934,9.2084917373386048,-1.3838314706067281,-1.4376341225965554,,0.3633463855986355,0.25,False,3
0.69142302159627411,-0.69941570606700609,-0.18097479192823956,0.7201453887738386,0.64724900714450539,0.24991867032742709,-0.057661288872648327,-0.30312768408253937,0.95120385980519506,-10.666113428944309,6.1127946301435072,-2.3231240192325098,,0.3444804577597965,0.8888888888888888,False,5
0.90817066564632531,-0.4141056571034748,-0.061176358296390142,0.41777778656029507,0.88749892980131184,0.19444117531609795,-0.026225238155056833,-0.20214389517476009,0.97900463866484566,7.911186798171026,-11.596752183410102,-1.0535348195008447,0.5531098709292724,0.5508496104835338,0.5874125874125874,True,5
0.11501870290564137,-0.98768563342699223,-0.1060555868581476,0.99194283289835372,0.10849020200731768,0.065416300185821452,-0.05310474784323823,-0.1127251772690275,0.99220608754742767,15.58967604361796,-20.413193991951537,-0.16043179791386455,0.7467673677414761,0.4740969150992299,0.25,True,3
0.36338038716132826,-0.86231943051932669,-0.35264698208733908,0.92823628375205203,0.30278206512657135,0.21610280554372674,-0.079574466713037681,-0.40586724527425649,0.91046124764364522,12.342585106522906,3.6898226049126093,-1.509973561607314,,0.4332049687326768,0.1666666666666667,False,2
-0.75798724643606241,-0.63541757787452269,-0.14730864186581472,0.64972508722939426,-0.75545180336176754,-0.084556985649973174,-0.057555584134225776,-0.15980323690566678,0.9854695734569584,-6.1542319856386642,-6.9853331288041174,-1.9064729251982702,,0.1173454723587878,0.1568627450980392,False,2
-0.80179435424708079,-0.59708891595278912,-0.024711129958618277,0.59473161078779191,-0.80130993746354706,0.064781905281691227,-0.058481831599795225,0.037245275787553614,0.99759343662849131,5.4380341979158819,-1.4873094086354275,-1.5623765647981311,0.3325807736734708,0.2861398993498812,0.8129175946547884,True,4
0.2230839402266396,-0.95845302045307246,-0.17776772259704543,0.97110571466467344,0.20265197285694486,0.12603915599052309,-0.08477763005989547,-0.20074856283812101,0.97596760599922427,9.6163733622688952,4.3953146178915627,-1.6741516073500926,,0.1625447932136979,0.1538461538461539,False,2
0.46028992890784048,-0.8693780597093822,-0.17976365217130205,0.88478523855434654,0.4326533313513376,0.17310741320613002,-0.072720444046658672,-0.23873182478785571,0.96835884508332815,-5.3560378782037423,-10.685030323492507,-1.9091697313992917,,0.2327557744438723,0.2121212121212121,False,5
0.18086576840045537,0.98325540806089196,0.022279504929941185,-0.9798057267170639,0.17817506392100158,0.090743509350228721,0.085254394100015868,-0.038241981064760441,0.99562504948945685,-5.7971322889939501,19.135653665878145,-2.6644038227323241,,0.2703285879551726,0.603448275862069,True,1
0.59991885810333856,-0.79894092269329542,-0.042317440116008284,0.7968150383691639,0.59188905117797408,0.12146252806683032,-0.071994154767828819,-0.10658683380991948,0.9916935456771121,-0.52602387838448417,-7.2910046755063247,-1.6725871118233615,0.2835697892318592,0.2336159751204373,0.7283950617283951,True,5
-0.16933996825759268,-0.96626506252572686,-0.1940510347632099,0.9837059820122882,-0.17777713185458072,0.026792393375742823,-0.060386390054042963,-0.18635214066845068,0.98062549608121474,16.268604889134334,4.1651536818643136,-1.3869042241076128,,0.2873162015522265,0.575,False,5
0.57684170181450212,-0.81018825770541314,-0.10415679586093701,0.8094504052648902,0.54981548669658642,0.20613823518479429,-0.10974375820179906,-0.20321889101376267,0.9729637145705291,7.803054773838177,14.681924248939431,-2.1327411813568951,0.3395986980760169,0.3845004448189942,0.3055555555555556,True,5
-0.51968663011305383,0.84621447032075137,0.11767275258745663,-0.85140412408813382,-0.52439601628876364,0.010946944148624675,0.070970585226954819,-0.094498086331128592,0.9929920884439607,17.440322545681557,-5.4331745024200835,-0.86855398743322443,,0.2886399358899707,0.3333333333333333,False,1
-0.99994244713934444,0.0049300237447795535,0.009528760404964455,-0.0058125292194225247,-0.99546746896561256,-0.094924879432477238,0.0090175890931372682,-0.094974802432397226,0.99543883287215296,11.547717326222909,-0.0080013571338468648,-1.3527184119361786,,0.3343032016663126,0.6875,False,5
-0.60597085074426693,-0.79462457089241045,-0.037028629225544493,0.79231622201682428,-0.60705321668641854,0.061003249418860497,-0.070953029373360191,0.0076278073340664207,0.99745049209372716,8.2470205340242639,3.5521563630437236,-1.7171571696251406,0.307592660367028,0.2955051054501245,0.9416058394160584,True,5
-0.76992101092665888,-0.62052164376443797,-0.14891113643227333,0.63547110674115281,-0.76685151291368425,-0.090084569373269752,-0.058293305197471945,-0.16398672739546016,0.98473866777296859,8.505635765696498,5.4622067831233974,-1.79392174466641,,0.1382746230338341,0.3333333333333333,False,1
-0.91146041816229129,-0.41095254498637368,-0.018918559475930463,0.40938264984341571,-0.91059320112765252,0.056796725849987711,-0.040567870668857198,0.044023037484002117,0.99820650170196645,7.1822953598734633,8.4948671473819779,-2.0242285366479704,0.3250781656539199,0.2958743657339816,0.8931297709923665,True,5
-0.94852942555101249,-0.31370970517201235,-0.043337625047481815,0.31511734480985359,-0.94855957439327176,-0.030590731060955043,-0.031511709948125993,-0.042672645895760683,0.9985920375350491,7.3432116018985152,-1.9284036541397478,-1.5063542256775038,,0.4293534446726893,0.2432432432432433,False,1
0.73735874094418286,0.67398783289312192,0.045193896327302925,-0.67270944420170864,0.72658931217444456,0.13974968735455701,0.061352186880651013,-0.1334480143947489,0.98915496087269417,12.983491336013426,12.774824652057196,-1.9457414943230289,,0.2416980180141561,0.5714285714285714,False,1
0.97182465067772339,-0.23526895897731823,-0.014330571406902276,0.23447655477769194,0.95877200905603077,0.16055210964121491,-0.024033176958184299,-0.15938868087913147,0.98692332772759261,4.5692966252900966,9.1322328732977951,-2.0735229100920525,0.2416680388175791,0.212077849980363,0.4444444444444444,True,5
-0.74972259935933483,0.65545822826278388,0.091052375106282848,-0.6594615449470177,-0.75145990399206419,-0.020456867510228391,0.055013586921555856,-0.075382515843202491,0.99563596839365642,-11.481435830562143,4.7559470074072223,-2.2828925012195564,0.1553513909689547,0.1471641342177763,0.6551724137931034,True,3
-0.942916693697185,-0.3255459971281659,-0.070199091881577691,0.33162835765187804,-0.93716494676867468,-0.10837202106257039,-0.030508050548798977,-0.12546579733894139,0.99162875742377321,2.8135243835968038,12.680700687892747,-2.2069856526125471,0.3717897863564894,0.3043119139227806,0.1320754716981132,True,5
-0.15730127826145548,-0.96719468536958875,-0.19947618517039867,0.97834897686902722,-0.18013316802927315,0.10190839629327204,-0.13449753647052839,-0.17912700066868942,0.97458910845278734,9.9449309575636491,1.2837147065970753,-1.4896897589489533,,0.410136988132022,0.26,False,4
0.14955010253764098,-0.96780972857061054,-0.20243294226746394,0.9846902157278854,0.12723714475447942,0.11914649824689859,-0.089554150550109166,-0.21715210862160411,0.9720210984543699,7.8425183229890099,6.9847941619439586,-1.9359917949105803,,0.2567221536451679,0.3773584905660378,False,4
0.10367303099179979,-0.97263634373334695,-0.20791932448428271,0.99084228773733507,0.08281636775161999,0.10664431566601587,-0.086507014030179782,-0.21707139857995011,0.97231504382176825,-7.1756361115560345,15.64528321886786,-2.5135997668870065,,0.1859266692272866,0.2173913043478261,True,4
-0.69858594852880251,-0.71410140907480923,-0.04513147544104712,0.71319438668584578,-0.70001088066708184,0.036585977470846749,-0.057718621933603047,-0.006629065173080019,0.99831088152790215,0.73841264490741498,23.661124788280688,-2.762033759086798,0.3307385728133551,0.3786590923934594,0.9479166666666666,True,5
-0.9785023042262212,0.20312450003278237,0.035688627185839303,-0.20276801270730879,-0.97913542214629001,0.013377522982126917,0.037661301712849898,0.0058534250521257557,0.99927341792347046,11.132462669674444,5.1944173585185265,-1.6642335015031002,0.4036156017926871,0.279582837685913,0.6808510638297872,True,5
-0.39314683726938165,-0.91487845164544601,-0.091831274955287118,0.91541425426162648,-0.39883007707130264,0.05432598565998522,-0.086326748112693114,-0.062705568637323572,0.99429155896153387,-3.0678977938136613,1.9036136814158333,-1.90901367377176,0.3733042921978004,0.3337298610277121,0.6692913385826772,True,4
-0.28819558073742463,-0.92813188961307269,-0.23561515810042394,0.95716846751208451,-0.28635642667866923,-0.042761217246392341,-0.027781865379917909,-0.23784699363896336,0.97090523511459192,-11.338659171789581,0.067877678769368746,-2.2305101848277107,,0.5186001655093544,0.4186046511627907,False,3
-0.78281238818082011,0.56354157872138622,0.26386673523362125,-0.62025822008381071,-0.74063563016031497,-0.25833815776129038,0.049844812459325948,-0.36589582177068092,0.92932004297854975,-8.2607951043068528,-2.9609951575789832,-1.9832397668021622,,0.6052619642726629,0.5227272727272727,False,1
-0.42417046122592261,-0.88394085059394356,-0.19679428974094418,0.90325316461679772,-0.42854489441808807,-0.02197712624364298,-0.064908708453699365,-0.18707711276220923,0.98019845615437862,-8.5572856213103794,-13.688481844220261,-1.9085619861537098,,0.2326390131627895,0.1764705882352941,False,3
0.13362941747268026,-0.98743872296155999,-0.084308642391846017,0.98580782888501139,0.12372021380416831,0.11347349120068297,-0.10161743597893383,-0.098275516240287131,0.98995748373996983,12.08507650654278,-14.60362384819325,-0.63334927309125133,0.43647865742768,0.519425873203258,0.55,True,4
-0.68252174309453939,0.68582369559532463,0.25260627221659337,-0.72260596586152859,-0.68503552035838922,-0.092557841097546972,0.10956590849584247,-0.24570753836071671,0.96313193140306474,15.791930434920024,-1.6593220029601052,-1.1177398093510944,,0.6193824925354972,0.48,False,3
-0.033771261062248516,-0.98126700112283849,-0.18966964552520316,0.99572691685147796,-0.049355422922234563,0.078050940324999235,-0.085950037717936342,-0.18622329267725382,0.97874076050848458,-13.554939248391166,-7.2797972320842419,-2.2939762413764413,,0.4843347704912465,0.4576271186440678,False,1
0.23040043249006212,-0.95432986915680829,-0.1901844934360909,0.94625542168344212,0.17413821188785752,0.27253726368185272,-0.22697206357409805,-0.24275581145597686,0.94316133209608766,4.3119408436956519,15.181001043021263,-2.2584157417055026,,0.2786709450668597,0.2586206896551724,False,2
-0.68162728532478256,-0.72180447551400484,-0.1199272405615991,0.72872387460977506,-0.68444154335664265,-0.022389468535313248,-0.065922367027315187,-0.10265511607089722,0.99253018526893488,-4.6934939488719909,-2.6948761154215459,-1.8316819955639725,0.4026492815146261,0.3420418631040026,0.5797665369649806,True,1
0.84833320042806204,-0.51342116262490856,-0.12934253291308054,0.52601507573652218,0.78944110814221857,0.3163714223394547,-0.060323470965995073,-0.33642450348343489,0.93977637356263732,1.9839178790089715,-22.35715584322347,-0.73643437405305112,,0.5003277531244641,0.2857142857142857,False,4
0.49045218426296,0.86015365149488165,0.13997267866163871,-0.86896069763485417,0.47051639461855493,0.15336762487925767,0.066060282452014896,-0.19685024311689087,0.97820551054836213,1.5320131479960635,-11.270257540116223,-1.3205600729564404,,0.1125726750809545,0.3928571428571428,False,3
0.88843196905368171,0.45164328371119644,0.081896157675231521,-0.45562558068642312,0.84611299109625049,0.27658296498938079,0.055623435596502471,-0.28303913258898522,0.95749406412557836,6.0383623343750097,-2.9829363104503726,-1.475706100645471,,0.1050012877045013,0.2380952380952381,False,2
-0.60128983982260564,-0.79076827968032626,-0.11461263620352975,0.79603285032167737,-0.60525335735219865,-0.00027317144383791347,-0.069153667544471026,-0.091399678693686662,0.99341022191229733,15.928213277869835,-0.24086143646999392,-1.2005697761723479,0.4560824913218138,0.3049662508844307,0.4,True,3
0.79320593918137394,0.60820584495339358,0.030166010871902911,-0.60517778306803027,0.78181218140602371,0.15009851393674706,0.06770663873106772,-0.13731483230039021,0.98821073051351604,-9.3961164766814047,-6.1082192203191283,-2.0988332410921475,,0.1649006109140113,0.2,False,2
-0.77361132678614597,0.63205087177570507,0.045135468932448131,-0.63340499951351348,-0.77335747345601624,-0.026764245571565065,0.017989487470923847,-0.049294155204248097,0.99862228324989566,19.543183035730959,1.3950244113762851,-1.1545485185189974,,0.4859919364722118,0.3333333333333333,False,2
-0.92818010409696139,-0.36906732601439951,-0.047655044089101609,0.37075589095022971,-0.92813556183960788,-0.033233238999179501,-0.031965038467904966,-0.048514819563264949,0.99831084768146672,1.7443986902600228,28.907106003838596,-3.1119116291303555,0.2741051924826558,0.3376982958809711,0.2894736842105263,True,3
0.97577625327159068,-0.17498253372565492,-0.1313080973977136,0.20586377625152733,0.9375338305069435,0.28044682612295646,0.074032487319544121,-0.3006849340188642,0.95084581361825082,-7.3281338355771632,-9.2905184854067322,-2.0666937426014607,,0.3707173273048323,0.2352941176470588,False,2
-0.96925290542450193,0.23975941306768075,0.055355480050338357,-0.24549949231650101,-0.95749717635551834,-0.15142376479123204,0.016697442873158864,-0.16035766622351233,0.98691773430456042,-7.4225610001224167,-12.944759722255439,-1.8863969134398573,,0.2867796528078761,0.358974358974359,False,1
-0.017332160492762077,-0.95694517062694595,-0.28975081816350101,0.99615203623228377,-0.041427361379419214,0.077232729068792985,-0.085911098950762557,-0.28729725745802737,0.95398090595890217,-5.6926230189253051,-1.8882109086131011,-1.8211320856259292,,0.1990591319581784,0.196078431372549,False,1
0.9691167704843503,-0.24510061115301554,-0.027173067151172549,0.24603317232519809,0.95351069893474516,0.17402593235657141,-0.016744052125553674,-0.175336925458937,0.98436609007473674,0.94256072249993772,7.3017420431304716,-1.9610223006925982,,0.3246303266595374,0.47,False,1
-0.96299756755035737,-0.26946487295422927,-0.0049363079175159877,0.26896786791261301,-0.96206017898194129,0.045787531575514698,-0.017087156657519226,0.042765573315421385,0.99893900455251283,11.078943636788191,10.244508161290117,-1.9561747673062053,,0.124565076103043,0.5384615384615384,False,2
0.4113090043826903,-0.89625675557360263,-0.16597810398482812,0.91096217764572507,0.39796454671219039,0.10849944911896107,-0.031189963332412286,-0.19582657544071796,0.98014240727482149,-14.964907920436588,1.5146634087178743,-2.4153687413957097,,0.3319643492645663,0.2083333333333333,False,2
-0.99684800526903006,-0.066930949579645821,-0.042594628529004933,0.078519303956586184,-0.90913789671368761,-0.40902689846168633,-0.011347832274502333,-0.41108214841729673,0.91152767042766747,12.520213898132914,-5.0310535218714572,-1.0455981499675289,,0.452906073764664,0.3157894736842105,False,1
0.21712760237603151,0.94323960069868296,0.25130590912317818,-0.97245393803727764,0.18665387826034524,0.13961972685177576,0.084787632837744972,-0.27469871751459507,0.95778477327299893,-2.1514993721755218,-15.263846829355755,-1.3315376021224632,,0.7311123852659265,0.24,False,1
0.64835444272387122,0.68081757394351883,0.34076964009412547,-0.75826748569747748,0.53728156066585353,0.36926812034413536,0.06831498177006462,-0.49781116457762026,0.86459071686412947,2.9891440170592523,31.990983481787605,-3.2875285642002798,,0.1369083554407077,0.3333333333333333,False,1
0.99897930069948049,-0.043706426402513703,-0.011406360729857339,0.045164874494493898,0.9704048329031546,0.2372226683731945,0.00070063248182938159,-0.23749570221232139,0.97138833663206137,11.496067213073369,2.0064758189075635,-1.4605662821756635,,0.5363008671743615,0.3157894736842105,False,1
0.99274235168340763,0.11542384494600721,0.033763281712202359,-0.1193407385271041,0.91086769120857125,0.39506687692107545,0.014846255484223185,-0.39622895544148073,0.91803170074232732,8.8775870716928331,-3.7378526399507854,-1.288782041470214,,0.2294457861533785,0.25,False,1
