axis_00,axis_01,axis_02,axis_10,axis_11,axis_12,axis_20,axis_21,axis_22,location_x,location_y,location_z,dbh,dbh_approximation,score,reconstructed,number_clusters
0.82726135835560577,0.561810820023944,-0.0026921136049855889,-0.55507285603740875,0.81806125369040961,0.15056530045448652,0.086791528746258048,-0.12306253578770189,0.9885964003694272,-3.4888866136928414,18.844136726430435,-4.2212196066589245,,0.1346446385225807,0.3478260869565217,False,3
0.85840647333278131,-0.47813557381625221,-0.18580823337995683,0.50930772245223599,0.75119545570622215,0.41989407137614765,-0.061187992211651963,-0.45507335713896135,0.88834918204013813,-7.4277221567808951,-5.9845533314003916,-1.8486827366808862,,0.5499012291732093,0.2289156626506024,False,4
0.019466274965477377,0.99977515540933937,0.0084084936344001673,-0.99564151018045677,0.018617199605596251,0.091385902000387875,0.091208811770286433,-0.010150788396804659,0.99578005309926532,10.875536240038905,-3.4013288575967859,-2.7027090658924777,0.3499727535902838,0.2590027087711392,0.9009009009009009,True,5
-0.82464521351762265,0.56560288256663893,0.0073246880331976141,-0.56557264338570901,-0.82467743148332839,0.0058922878206487672,0.0093731998899053218,0.00071640377505491869,0.99995581396852484,-8.7105799693519756,20.126741596416817,-4.352132153197199,,0.165766588412034,0.6,False,1
-0.96762176858102644,-0.22116773424080888,-0.1216262566180287,0.22525240254383286,-0.97407937959048563,-0.020753732311235978,-0.11388357263608628,-0.047478369679278987,0.99235897552057262,12.078656149265775,0.21591621218876178,-3.0474555196460265,,0.3455107827602976,0.3,False,4
0.33313992786508823,0.91659711844019176,0.22105997134076885,-0.93520826273292479,0.29137817462346727,0.20120701943312397,0.12001372329075179,-0.27376720369729096,0.95427890283797956,7.7373593837913743,5.3165604511715143,-3.2583285416941981,,0.7205793744767515,0.8829787234042553,False,4
-0.78102748780997522,0.59094903188014614,0.20192896029335669,-0.62446300909323804,-0.74238739710253832,-0.24270744302047131,0.0064817867487536639,-0.31565835066292008,0.94885077440939458,-8.1984112609698645,5.1592702213813828,-3.0519809884039391,,0.5304303164137708,0.1153846153846154,False,2
0.89014268395247753,-0.45150884439408401,-0.061528575798572654,0.45568140367903681,0.88178882657348368,0.12166726622745699,-0.0006786361207854353,-0.13633865469513465,0.99066205675242147,-8.22243264083599,-13.254161143273246,-1.3963316960651826,0.209366205307363,0.2799705181195755,0.7236842105263158,True,5
-0.025263898897034585,0.99960407431573717,0.012386687365823221,-0.99689810251693112,-0.026115508378752372,0.074243877998537017,0.074537967578025249,-0.010472575303980802,0.99716318451687724,13.292443286201561,1.9994064734733612,-3.2151123687008218,0.4255884422115225,0.4066777655225044,0.9203539823008849,True,5
0.15812239437267733,0.98738399498024476,0.0083758494914910643,-0.98404841730768333,0.1568765509347842,0.083895531234089188,0.081523130411530892,-0.021508003711611073,0.99643935338998246,14.591422994404939,12.849006143745363,-4.1746019824390599,0.5105170104939095,0.3901138191355974,0.9375,True,2
0.62597715417044397,-0.70903787087955872,-0.3246812284614799,0.7788004266807933,0.54687872194671383,0.30723534771205013,-0.040280241539589784,-0.44518418788240038,0.89453258241441469,-2.7347632518213865,13.719165619999821,-3.7816720768261844,,0.4875512712136356,0.5277777777777778,False,3
0.97966580626462785,-0.13610808249125014,-0.14740928707660492,0.17568149476213801,0.93679020263013835,0.30258904252191005,0.096906761549536383,-0.32233322220450761,0.94165300054172929,-8.8070032169115962,-10.293910222575736,-1.5638316929384788,,0.3525406924535638,0.3617021276595745,False,5
-0.95011751642886844,0.31132168780890418,-0.01885501723296246,-0.31162962011743994,-0.95006134693564526,0.016444358433457179,-0.012793937646404635,0.021499854851678307,0.99968698671176948,-12.227054988061971,0.099368354200793985,-2.4840766844650162,,0.08163650994021615,0.4736842105263158,False,4
0.65342258637628814,-0.75003698988600354,-0.10238865863008592,0.75606289009582561,0.63991808397068439,0.1373817747273568,-0.037521058530810621,-0.16718061972021153,0.98521206374906722,-9.4763118492737952,-23.765468519422917,-0.64703598447045796,,0.3125154586098978,0.7142857142857143,False,5
0.987933307373005,0.15239722203313283,-0.02762004525015143,-0.14462926166817192,0.9715585750073702,0.18750016533050851,0.055408996131998803,-0.18124299171618349,0.98187617401656724,-6.3878161373908924,17.002842019100857,-4.1031122951806953,,0.2028646700342679,0.7254901960784313,False,5
0.38339971378679855,0.92357563126496645,0.0035655016084557029,-0.91946341174109258,0.38132273953141915,0.09581233107321338,0.087130327312770997,-0.04001276858419503,0.99539303012056357,3.6647129594625287,8.7523021959728613,-3.5000649286411285,0.445070666181191,0.4398333244010131,0.8441558441558441,True,5
0.72666497494208415,-0.67661353644876687,-0.11896275251823059,0.68646829395281095,0.7083813493288037,0.16418631282972554,-0.0268196866114714,-0.20097260066336595,0.97922965549081786,6.9687307478307723,-10.74740619532229,-1.7466946556006191,,0.3418479400485128,0.3333333333333333,False,4
0.53012175546205631,0.84790616449185574,-0.0051049586226320854,-0.84421464802418056,0.52835698581468638,0.090224850247751953,0.079199447265985976,-0.04352047515285605,0.99590833704474657,15.527976802916202,-3.7264308767840451,-2.7409790134250955,0.3920598163045177,0.4517354875911695,0.8064516129032258,True,5
0.68893008284833268,0.7248220471062482,0.0028880746697207485,-0.72053517899266639,0.68441161967351682,0.11139924007765792,0.078767993376726742,-0.078827247095033567,0.99377153729356882,15.686291281507803,6.7834048815709114,-3.728031325254177,0.117266174108813,0.2038168141050358,0.5806451612903226,True,4
0.99813432191602214,0.058644871240350505,-0.01698983491520837,-0.044531074944918536,0.88960534856235851,0.45455396508389984,0.041771506765896922,-0.45294933810134641,0.8905571505164952,-11.187123139754165,-8.8471996337720942,-1.7601488189657104,,0.4081770879048897,0.25,False,3
-0.78741599680386987,0.58726594065186366,0.18733596271845282,-0.61624497620494201,-0.75723906810432395,-0.21640499772109006,0.014770825282907319,-0.28584560288165406,0.9581618412531806,-7.9416264502623788,16.571782128257066,-4.0644472485005467,,0.4429396051491386,0.3333333333333333,False,1
-0.99812694356015752,-0.0084235116465481985,-0.060594133303471735,0.012995935507805213,-0.99706365932061192,-0.075466316476076239,-0.05978051688916218,-0.07611244125457281,0.99530557422669641,-13.215486857481242,-24.913223426687001,-0.6198460763035305,0.4205949788629215,0.3708674306377664,0.9777777777777777,True,2
0.20552344703303344,0.97702694925975386,0.056377771682114303,-0.97497575237426126,0.19942265902471543,0.098249098467911827,0.084749011804889418,-0.075159453747966801,0.99356361724370956,9.3094033714487185,8.3838746350721074,-3.6853480983424887,0.3632800264943383,0.3865368055969227,0.8372093023255814,True,4
0.79243333053922427,0.6098980688334209,-0.0085884971780031284,-0.60485927545587759,0.78754755465733584,0.11795806902557125,0.078706248452733052,-0.088279073321567314,0.99298143571165631,-7.9873777051264003,21.517499847700886,-4.4642990703399201,,0.1267891499748454,0.4736842105263158,False,1
0.041880319731690305,0.97099697285281639,0.23539523684611469,-0.99742729543718234,0.026913121076272847,0.066441509847398786,0.058179284423577386,-0.2375722261220804,0.96962601462592779,11.736869791326013,9.7716406771623454,-3.8182368483296925,,0.549484852509676,0.5294117647058824,False,5
0.24844785670749353,0.96747413621296419,0.047617835486629734,-0.96517592872743729,0.24310177380486764,0.096627916142568826,0.081909029432542441,-0.069966587253530846,0.99418086260273242,8.9983114841757192,13.02524609777203,-3.9737201697602438,0.3430978628012524,0.2244150490064623,0.660377358490566,True,5
-0.87430947171565288,-0.45687777063985535,-0.16384642310240422,0.47547136572197957,-0.87402918487152703,-0.099999821856290083,-0.09751885995422524,-0.16533507397999381,0.9814042924632328,12.816061050668537,-8.2274403246487431,-2.2340759658670288,,0.3983972427220534,0.2222222222222222,False,4
-0.40366592797604017,0.91175514844345773,0.075870731366527555,-0.91400296326552777,-0.40556278584687694,0.010835583877005214,0.04064974456349936,-0.064972117273255428,0.99705878575134854,-2.8905096241509614,24.842944869381913,-4.6675384230741113,,0.1553908640526781,0.2083333333333333,False,2
-0.48969870620307365,0.87188772169871642,-0.00264157037731592,-0.87060347230165991,-0.48880827943658084,0.05582168011215019,0.047379016023230719,0.029635564871822211,0.99843725998952959,9.4503080405958428,-0.38277474321060345,-2.9008120829128559,0.457198150332956,0.4450433228504084,0.8417721518987342,True,5
-0.53255655986625283,0.82056888188244181,0.20748547088801875,-0.84474150213241828,-0.53061155756196576,-0.069736429194011199,0.052870645149165632,-0.21241018117751603,0.97574925560496684,-7.7094297394010134,-22.506500886176052,-0.74682277541217568,0.650462736920201,0.5547233666373528,0.6829268292682927,True,5
-0.42658945696751038,0.9044431206524699,-0.00201908607724863,-0.90319057277979908,-0.42587900462848216,0.053608419659159794,0.047625880000939799,0.024692406141889278,0.99855999350718072,4.8358165914375943,-12.791631867911574,-1.5170222395977226,0.2852491823341202,0.2323326278472257,0.7213114754098361,True,5
-0.29341860403959796,0.95459490279247083,0.051517903354939949,-0.95422781875064411,-0.2957190246046032,0.044716086694745215,0.057920572561427006,-0.036039284808905031,0.99767047526957586,-7.0802536111904546,-14.213107568836358,-1.3135943735736084,0.6937870038755029,0.6202980553639073,0.7831325301204819,True,5
0.87976948692387491,-0.4713792865323107,-0.061702658824343122,0.47539201769342471,0.87153624367344373,0.12011247011430459,-0.0028424269696823174,-0.13500423768117434,0.99084094405562828,-6.6456798309265466,-10.295645733963935,-1.5579035516991631,,0.09842626865778724,0.1363636363636364,False,3
-0.74012954132167441,0.67045201888518868,0.051984155622105052,-0.67213697615606671,-0.7399672981736819,-0.026082233748680531,0.020979688909690989,-0.05424470486892375,0.99830724962154627,14.479245344488996,3.5226992039491303,-3.3346914286163103,,0.380341070307822,0.125,False,1
-0.94062964637080204,0.33727670041515245,0.03821381589698182,-0.33884658766642423,-0.93965441662288762,-0.047250051300732884,0.019971439486455026,-0.057393420164415891,0.99815186065381389,-7.6472398553942407,18.965821040360332,-4.2684681211360154,,0.1806228975962819,0.16,False,2
0.55974840880382748,0.78786290068139697,0.25681465801522801,-0.82129445320049987,0.48622050029400604,0.29843767563083978,0.11025942129212907,-0.37797046818996533,0.91922858157945864,-10.718208082055616,2.2434246250187049,-2.6884687020461642,0.7415185771170789,0.2844169898154051,0.1666666666666667,True,3
-0.86931317917467754,0.48115454697895277,0.11307032517285506,-0.49424125791686879,-0.8483042394025101,-0.19001446361917071,0.0044917130326224963,-0.22106609720445364,0.97524848381365103,-12.554178761971603,-13.6794753913652,-1.4620418838218161,,0.2934653996926877,0.303030303030303,False,5
-0.10524600788931532,0.96387827481770494,0.24466701689808734,-0.99125395708176856,-0.12138127014247184,0.051789765671776782,0.07961702326198479,-0.23707648258114317,0.96822304817322713,2.4981013258129754,-23.932616160424477,-0.54522505640472951,,0.3467765973749992,0.1851851851851852,False,5
-0.092001394925843458,0.97765069606563271,0.18903666261887964,-0.99488003373594558,-0.098222849521943351,0.023790550757699709,0.041826568174594451,-0.18588003742783901,0.98168179665335675,9.6924582623442959,-7.5016453352350165,-2.2361952241325338,0.3724465376855112,0.352008368606319,0.2,True,4
0.83585097219228266,0.54895145756832597,0.0023344204479659302,-0.54368921703984296,0.82723587755303218,0.14171393073254446,0.075862952485516139,-0.11972092600158342,0.98990490064324121,5.5524846003903612,17.184374779403697,-4.2201115884662057,0.3844187127695193,0.4950478232114175,0.8623853211009175,True,5
-0.76043540534515752,0.64934456181437694,0.0094675413725351862,-0.64921729112362347,-0.75976636141158582,-0.035664898338613152,-0.015965688323716375,-0.033267342988195246,0.99931895843462104,10.5459052636987,12.383422936701646,-3.9997555438776518,0.2910052344947259,0.1600789151679286,0.4117647058823529,True,5
-0.13579574865214844,0.99065296208816289,0.012892763627382821,-0.99067949005271361,-0.13563635238682095,-0.012527086656256334,-0.010661268071751768,-0.014473721606662465,0.99983841131752649,5.3056204769237416,4.4339522567409899,-3.1786874009700301,0.3451181317786934,0.4543395001685152,0.2007874015748032,True,5
0.27707244943239467,0.96022662983943707,0.034578564353232762,-0.95734630647912733,0.27281352088159849,0.095188404204287189,0.081968940680640368,-0.059477745177360888,0.99485852792862539,13.304894260552881,5.1364158634155501,-3.4398127943219476,0.3024779590598152,0.2954209864645649,0.6333333333333333,True,5
-0.82885070100772029,0.5547158264443578,0.072779580454721021,-0.55912398794102935,-0.81672614050808645,-0.14261408597921288,-0.019669304713983746,-0.15889859440196447,0.98709895914702994,-5.7095018164326143,-2.0619370292361809,-2.315861037295782,,0.3999639931085442,0.1329787234042553,False,3
0.77225572828164568,0.63531118693563249,-0.00088650472351759976,-0.63027759261951632,0.7663109406244224,0.12457005467230731,0.079820087559046876,-0.09564119423006251,0.99221041900814311,-3.3833040890100445,19.927058682729815,-4.3002430161751013,,0.1512243719253573,0.25,False,1
-0.72655560324641177,0.68360624084083699,0.069278155826358517,-0.68443222662461123,-0.72892743808222804,0.014741681334077522,0.060576254002031212,-0.036705551274134322,0.99748845605186942,14.22083985302876,8.7948710106854389,-3.8386850554694441,,0.2643436773314265,0.1228070175438596,False,3
0.88556496346130087,-0.38376973555843857,-0.26171642202810214,0.46451521570500848,0.7309532633323983,0.49993293670476169,-0.00055665816701959241,-0.56429435305797981,0.82557348142885578,11.559024359542869,6.9369688643595691,-3.5682262063827106,,0.2880710855163279,0.5714285714285714,False,2
-0.94855660590663238,0.31539282331898599,0.027707984224218891,-0.31641718527064483,-0.94131424404327801,-0.11750599485402909,-0.010978627249934793,-0.12022837003017071,0.99268555383041424,5.0581683138527112,15.190704811620478,-4.0750791454196493,,0.376341249907324,0.4933333333333333,False,2
0.61070138143533614,-0.77716091321016645,-0.15187079275263504,0.77683717725849211,0.55081044797582335,0.30517511436834538,-0.15351815118099787,-0.30434974187440156,0.94010819158166858,4.7473060588098024,27.874098836583006,-4.9352043342642062,,0.3926231048354948,0.4827586206896552,False,2
0.43613096340335167,0.89466019913832107,0.096813794671238601,-0.89676818672925396,0.42315477390604639,0.12940964643661185,0.074810440656304433,-0.14325908487179165,0.98685370373247672,3.2417726395107778,17.919692523863272,-4.2198771722411728,,0.1644813168306034,0.1818181818181818,False,5
0.6887457750253585,0.64757452999068887,0.3260007446188703,-0.72020583762546209,0.55947815312142857,0.41022889662972706,0.083263490408018323,-0.51733105869179652,0.85172517097823297,-5.3132218319379039,3.6220617156716588,-2.9344310186460394,,0.7320588236165906,0.3736017897091722,False,1
-0.33965510439177876,0.89390510606994178,0.29252020682799995,-0.9387740033650136,-0.34130478200043385,-0.047057585888586287,0.057773529117020259,-0.29059371487649616,0.95510078641347729,-10.675987986753684,-3.5654127909923594,-2.153930201834823,,0.4694380158208413,0.2631578947368421,False,1
0.080096166445665848,-0.98222623811924725,-0.16975341313452469,0.99177851040785725,0.061478813118233486,0.11223075260705254,-0.099799751572237361,-0.17734704025634529,0.97907509257382008,7.964970628934644,-11.942768012593394,-1.6510224736829273,,0.3079470612755877,0.9166666666666666,False,6
-0.98574568314857403,-0.12418749683528225,-0.11350292411976493,0.15301314887773904,-0.94223964357481949,-0.29794534791890098,-0.06994586781554149,-0.31106578035165311,0.94781098108734052,-0.51926283614581481,-18.829113490683941,-0.9551788364939432,,0.3464534807938827,0.3939393939393939,False,5
-0.69733923488197735,-0.673382663995863,-0.24550718792746742,0.71262912216431273,-0.68803464359932476,-0.13699658189338274,-0.076666327273054002,-0.27048866341675787,0.9596656486638856,15.280147360289767,0.44381470812230522,-3.1460183144186242,,0.5028649475797368,0.3333333333333333,False,3
0.94272319197517618,0.33263682544590734,-0.025014509177752942,-0.32579231438487599,0.93423804027008006,0.14511599498355104,0.071640429925294472,-0.12865467915932505,0.98909838859970345,-3.1015763954162106,22.736158675287033,-4.5438782007347056,,0.196988101806073,0.7307692307692307,False,4
0.54057644113237668,0.82987037298260236,0.13817479993968262,-0.837256330448374,0.51460220906296672,0.18489565584847661,0.082334369596044066,-0.21563796157734302,0.97299605400535472,19.780748650033001,1.2875344544289302,-3.2618464110554433,,0.2161744657169452,0.1428571428571428,False,3
0.93821729797490716,0.345971936681857,-0.0071917181027728724,-0.33999097869839701,0.92547069610536359,0.16706323669185802,0.064454915905388308,-0.1542964992436926,0.98591995320957504,3.0479984350422598,-0.39630403568997363,-2.6862424555799338,,0.09160067270036779,0.2389380530973451,False,1
0.098662385648972728,0.98548591421445375,0.13814212443333831,-0.99130059522137903,0.085179580931913676,0.10033727575534283,0.087114083659265748,-0.14683988517145505,0.98531679400639505,-12.103790234144849,-19.262716257471585,-1.0576744005796768,,0.344236686359515,0.8775510204081632,False,2
0.92168223629183355,-0.34509710302049473,-0.1772282279744038,0.38794336498626519,0.82145784298887192,0.41797961404260364,0.0013419639408667906,-0.45399890052612735,0.89100123313823176,3.538608142611424,-22.247613180987887,-0.65075348256963772,,0.4090506413667696,0.1666666666666667,False,4
-0.50989477056878485,-0.84321047655269843,-0.17030389067304888,0.85818883910705734,-0.48496024508588176,-0.16830174425217007,0.059323177415641762,-0.23196907750390555,0.97091251289871627,14.151439917772661,-8.5470959637614516,-2.1788598628224358,,0.3785153964357321,0.25,False,2
0.99359590044576096,0.073914897696392326,-0.085462123282244923,-0.034114449057772341,0.91729804249846103,0.39673732568788694,0.10771903723512584,-0.39128108710621795,0.91394514052546638,-13.076865109449091,-18.104620396171462,-1.146758253063163,,0.4744267320106375,0.1481481481481481,False,3
-0.96498318660599924,0.26138220261878176,-0.02206340231890494,-0.26117484370737509,-0.96521866327938777,-0.011858881548457864,-0.024395708273379904,-0.0056812156539210491,0.99968623737977635,-3.2794158847846244,21.209556454204371,-4.4222892510369523,,0.144729981702885,0.3333333333333333,False,3
0.99916428743032815,2.3335761760562594e-05,-0.040874517480791135,0.0039213295736160933,0.99533263773426905,0.096423873782988473,0.040685991424817977,-0.096503573593856265,0.99450073423069685,8.688717795082356,23.740634114393213,-4.8122140805273323,,0.4059900180859419,0.8333333333333334,True,1
-0.95336563029957611,0.30181605022754643,-0.0010231268421346616,-0.3013888131774593,-0.95218581981150352,-0.050069430208230237,-0.016085964533541015,-0.047426114904529179,0.99874521544290151,-1.8209181695474452,30.784788520953931,-5.0881793501619157,,0.2351006247987205,0.2272727272727273,False,1
0.6102243549554407,-0.75688274014240808,-0.23399733821934207,0.79143641838357537,0.5692098061682147,0.22277475668962682,-0.03542078874609312,-0.32113659747288881,0.94637025179796386,8.7187525196093461,11.667341580221697,-3.8836121263817232,,0.2409205002596212,0.3,False,1
-0.11558709519646151,0.99328922766205696,-0.0040166695855320131,-0.99088220692556217,-0.11502329103942954,0.070157640473340943,0.069224817965611182,0.012089364291553915,0.99752783011235058,5.7455163018632813,-3.8711837170247483,-2.409489109558931,0.5014417472297759,0.3708141867275334,0.9145299145299145,True,2
0.65861731225448517,0.75186506736870151,0.030367029313665868,-0.74777539102670743,0.64946331398836155,0.13794697661822922,0.083995241374338378,-0.11356198419327637,0.9899739770178575,9.3138722783008348,5.4533251283240878,-3.3334699602227955,,0.3148980438021224,0.9112903225806451,False,2
-0.85410206888134399,-0.43564472294380857,-0.28411851629878143,0.51476317219551149,-0.78614961742718192,-0.34203458241866391,-0.074354101997285427,-0.4383861932021903,0.89570587422762238,-4.1134972232970615,0.34071942949820128,-2.6730289633300703,,0.5467258204627568,0.19921875,False,1
0.85992858239021075,0.50386099908363635,0.081528686919404403,-0.49802268914565101,0.79329587167242643,0.35022144577912301,0.11178655681474722,-0.341768567293607,0.93311200406252326,-10.257318202127355,0.41878014454331136,-2.5263002015951099,,0.5632886831687983,0.1,False,3
-0.98649250322421567,-0.15299807223055201,-0.058516074510822684,0.15522539261928731,-0.98723735421600911,-0.035601740501868456,-0.05232225691433319,-0.044204030747309088,0.99765143466898376,6.3989259695526615,31.663143338083998,-5.1477825282802536,,0.3037368477497031,0.1,False,1
0.36833032323825543,-0.81570642426268014,-0.44604461929250661,0.92802304314950179,0.29382806225074842,0.22899410738599907,-0.055731538348967373,-0.49828515856943301,0.86522014330613839,3.7440440909950365,1.1441664877115796,-2.8082158948367462,,0.6566275672874223,0.1441860465116279,False,2
-0.044162091626078093,0.94991615363780013,0.30936872938481841,-0.99625869369286568,-0.064901500783545563,0.05706496681351815,0.07428542861553912,-0.30569117791328332,0.94922841236521927,-8.7817547749441047,16.483415852793712,-4.075426842859847,,0.2282135305540729,0.2727272727272727,False,1
-0.99506646091829332,0.097599118656994527,-0.017808716767947649,-0.094115328504533788,-0.98541575205652832,-0.14176776974810201,-0.031385399408431311,-0.13939227968666365,0.98973973804618376,-13.499569812956173,5.2823361174765529,-3.1050604530884156,,0.2852204678476267,0.6363636363636364,False,3
-0.98415291389449588,-0.16896662620912437,-0.053789602159518515,0.16912548479293643,-0.98559319865297879,0.0016177646751774633,-0.053288014285836058,-0.0075050647229762931,0.99855098094037087,10.262671573917872,-5.4577118357169105,-2.4546095176640992,,0.2495493598649911,0.12,False,1
0.998575384838434,-0.013205164474021629,-0.051699365818049799,0.037664820848799151,0.86074278620287603,0.50764477469007652,0.037796323434989801,-0.50886882359889651,0.8600139291336355,-9.6211359222732273,4.1361168667204469,-2.9577936110958332,,0.499492392177416,0.1111111111111111,False,2
-0.71561511361848085,0.66431739541521817,0.21581799579634303,-0.69804770180241227,-0.69121778784269927,-0.18694217228388091,0.024988300646102499,-0.28442989983225497,0.95837112691912529,-15.960045572944486,-28.154704509147276,-0.40264755519880668,,0.3436387045142417,0.3333333333333333,False,2
0.46540931327859181,0.88102997773812597,0.084736942594759501,-0.88087096048745506,0.45171748286895919,0.14148380345622719,0.086374313794428975,-0.14049019181882202,0.98630724620640031,16.12874903286264,9.4950392811253792,-3.9279126378128586,,0.1063180931608283,0.3,False,1
0.52649806719919579,-0.74700458630934841,-0.40593587334492942,0.84907511204727559,0.4377122807423669,0.29576918938459695,-0.04325782400233856,-0.50039195369241785,0.86471767262064669,-6.7072837884268974,9.4820245639966476,-3.411466591014372,,0.1727157943251971,0.4,False,1
-0.87857627458923093,-0.41577883445904257,-0.23501423477055425,0.47212827627321802,-0.83036880642991262,-0.29594346766138135,-0.072101459570447834,-0.37096577486884602,0.92584327691233392,2.7765645010605882,-12.353349621116099,-1.5372695251549287,,0.6351988504649578,0.4791666666666667,False,1
0.33866319977392195,0.91814946261341757,0.20569103388719112,-0.93701822805876778,0.30924914866648651,0.16236318651301695,0.085463895327185277,-0.2477226843705401,0.96505408876588794,-12.90375606181396,-4.3367413468110501,-2.1721521302844717,,0.6482804330579445,0.5,False,1
-0.4813903998998954,-0.84749384513628245,-0.22364584802838869,0.8722404466180359,-0.48833399658406834,-0.026953869180500828,-0.086370632554053237,-0.20804828823220203,0.97429770788802672,11.230631144018817,11.220839163518127,-3.9045301333814124,,0.7562104814768222,0.1290322580645161,False,1
0.96860196895523398,0.24717450302924907,0.026739311664435817,-0.24170984300260084,0.9110559605838956,0.33399609051636114,0.058194308413298895,-0.32997242572190633,0.94219510757140923,6.3963182582604041,26.630512026883771,-4.9549036730786424,,0.3570640365686692,0.4117647058823529,False,1
0.50790639728073561,0.86120486264595275,-0.018901750084866456,-0.85707839085686843,0.50742770549593841,0.089071631967365519,0.086300194249527257,-0.029039770145344212,0.99584585565357497,3.2221475743070136,-5.2278784231716777,-2.197641300204598,0.3639245991288895,0.2704448173722211,0.6947368421052632,True,1
0.16747967972476671,-0.8942670346478917,-0.41501449085707481,0.9835100704394284,0.12240928259980668,0.13313117169781225,-0.068253192039063312,-0.43046769713355731,0.90002170168336049,5.479397877760559,-10.767083201782006,-1.7194930144474756,,0.592431973394002,0.1666666666666667,False,1
-0.93314847545259327,0.35350512279082708,0.065330321606004327,-0.359327997585212,-0.91171821056847901,-0.19913135029224557,-0.010831108526073932,-0.20929412958430862,0.97779274614288469,11.669229064288794,-5.215679950028683,-2.4903762787316568,,0.6243178368470201,0.1219512195121951,False,1
0.99916457659758873,0.0094934185436124936,-0.03974951417208783,0.0033932549233528504,0.95001442126361901,0.31218758016964054,0.040726339064374027,-0.31206165159388999,0.94918854339425485,17.394204742960248,-15.02366442599104,-1.470454830888565,,0.4131292014848254,0.1875,False,1
-0.073677302167044545,0.99621395043574967,0.046145640125426185,-0.99461053851251091,-0.076785869278685318,0.06966926839698255,0.072948830184178692,-0.040763896235713221,0.99650226940958098,23.948237283547055,-10.903976836134687,-1.9638050510995655,,0.406366282616505,0.896551724137931,False,1
-0.034579123720624355,-0.99181624580736849,-0.12290166294762386,0.99639053049213833,-0.043752667938119563,0.072743486264348803,-0.077525447101636363,-0.11994264713134443,0.98974924422846489,21.181582344392098,-2.4676664018296237,-2.7690091044772216,,0.3630639824621039,0.3043478260869565,False,1
-0.96136775801992569,-0.27050089059953669,-0.051002960939542791,0.26865836342525268,-0.96239680598730537,0.04018795325839445,-0.059955963851879478,0.024933030507572569,0.99788958627109747,-5.0754144738060623,9.7257837852634097,-3.4383767850494977,0.5887743928592772,0.5594926022542114,0.9375,True,1
0.41473915115908239,-0.88871823296115182,-0.19537486762184297,0.908431722339894,0.39203604671100034,0.14511906809852726,-0.052375971040339822,-0.23767128661581977,0.96993253228044862,6.777221842079336,-8.6779692412777294,-1.9786254816924456,,0.1909120096762978,0.1875,False,1
0.98549135541207378,0.16764511058830275,-0.026493495501915695,-0.16132130119718913,0.97372161290735637,0.16075340847752673,0.052746812113340688,-0.1541471292399976,0.98663895947755276,5.1794711329001739,11.361457582099304,-3.7270079831931726,,0.1140651757254853,0.2647058823529412,False,1
