axis_00,axis_01,axis_02,axis_10,axis_11,axis_12,axis_20,axis_21,axis_22,location_x,location_y,location_z,dbh,dbh_approximation,score,reconstructed,number_clusters
-0.72921168171560091,0.68178835846488117,-0.058437637796792577,-0.68242455202919283,-0.71827056213422924,0.1355880907717732,0.050468346884575827,0.13875169848741259,0.98904039964482615,-6.4291422338844599,-14.106452647882906,0.72051583493427318,0.3033169470262757,0.2544227496758465,0.2857142857142857,True,5
-0.22917028048223154,0.97293501919645997,0.029638336068015386,-0.93972976414646003,-0.22908131693524741,0.25383010185644433,0.25374978408056936,0.03031828907438508,0.96679462577460984,-8.3349943800860089,-10.827749669956843,-0.097924180605810013,0.5343478447180049,0.2756009890612928,0.180327868852459,True,5
0.54706207370772841,-0.76214560038976487,-0.34620394468741111,0.81627498055507208,0.39403607820866648,0.42241061207047048,-0.18552154492245942,-0.51368244361322835,0.83768257919878308,22.364601365588022,-5.9598914652372743,-0.052825508170570128,,0.4519280962917895,0.1538461538461539,False,2
-0.99132822478694849,-0.07856220433096385,-0.10533912279593471,0.075791287379234351,-0.99667046925105185,0.030060879566077559,-0.10735004191035712,0.021816410647670814,0.99398189758581434,3.8338826557789969,-10.770848657852131,0.42864122589458237,,0.6145154832879156,0.5185185185185185,False,3
0.99299281558567121,0.093675039087713324,-0.072043426120341578,-0.034925349856034071,0.81503033729254515,0.57836473719464776,0.11289591725423617,-0.57179588696029959,0.81259090292877945,4.5442875487879961,12.004730179295006,-4.4561073099481403,,0.5254682999986734,0.1428571428571428,False,4
-0.60125916729140838,0.79340804824957456,0.094821319969950316,-0.78779258752547632,-0.60844942694295923,0.095771258176448867,0.13367966482587371,-0.017116186070086206,0.99087677507672811,8.632501850103246,14.665649093946332,-4.8492739308759845,,0.3126489806076164,0.4857142857142857,False,3
-0.23784073569623859,0.97128473811820026,0.0061434470887611753,-0.94599892799462515,-0.233074014284195,0.22530541959409717,0.22026759334158388,0.04777511239244997,0.97426881606638571,16.092540466253514,10.018188897449887,-3.2907193594622166,0.4073836371001359,0.4587215667735762,0.4193548387096774,True,5
0.94129998626783651,0.3373508808485976,-0.01219504173208915,-0.25659082869220456,0.73849768934544513,0.62352410495704735,0.21935241617821227,-0.58379409556976058,0.78170900691668266,-11.597769872263623,-2.4191056190887452,-2.0738112748814719,,0.3070086640458536,0.2333333333333333,False,2
-0.67301279987574236,0.73845408509474897,0.041705340309046865,-0.73150538833966139,-0.67289532699537058,0.11005337676707723,0.1093326942568289,0.043559650075183504,0.99305031033270019,-11.177459839253444,-17.994330426006702,1.446114154924045,0.2125243198661083,0.2171916083749659,0.25,True,5
-0.96159754253461294,0.26280767749938688,-0.079134637414807488,-0.2715292714027987,-0.95296434747074199,0.13465068592892393,-0.040025254063655827,0.15096713912982046,0.98772815184143603,-10.034547539311729,-6.800571109273843,-1.0627376057693405,0.5026540092667754,0.4386317104919909,0.8110236220472441,True,5
-0.41094777520214681,-0.82146031487409688,-0.39537940910390801,0.87968870271715327,-0.47114812131985223,0.064554117518447585,-0.23931091151098299,-0.32128242850134747,0.91624663097228298,16.108749748345446,-8.4692129091651687,0.43416686038328889,,0.4667625756189396,0.2954545454545455,False,6
0.76608182533351354,0.64274172684395825,0.0013074659915326692,-0.59887043006851204,0.71305015043071673,0.36457329984557041,0.2333941834819967,-0.280075981734206,0.93117377517431887,1.2351111902684355,1.7266010393816538,-2.3213135388217037,,0.1223064112792814,0.2041884816753927,False,5
-0.16127651945028887,-0.97179472921953713,-0.17206071177095361,0.95432690649015672,-0.1979917348575867,0.22373964440172578,-0.25149560597141291,-0.12811821568071297,0.95934127555727644,2.4492770960090398,12.587987261845202,-4.752135588255948,,0.2000613389396096,0.2083333333333333,False,1
-0.43552902264420096,0.8993623964201356,-0.038232843734393736,-0.8828839666603584,-0.41849322419444163,0.21302423035282272,0.1755857962611409,0.12653339957802512,0.97629858493320054,-24.874914815242626,3.5694342182536127,-4.6185653515538432,,0.2346407050396227,0.4,True,3
-0.99335574830669737,-0.00652382907251867,-0.11489907293044557,0.0059318303559880055,-0.99996731688841622,0.0054935001239410364,-0.11493115632704243,0.004775438117756688,0.99336198059726155,-1.9291153525120213,12.239340378699135,-4.9248143814125145,,0.4921483275120092,0.2330097087378641,False,5
-0.77297646799404329,-0.53259026695285838,-0.34475351698646639,0.59991941296477269,-0.79038153250483811,-0.12407147546195543,-0.2064075528546781,-0.30272865840945362,0.93045756566441884,-16.522642235076859,3.3878054930316353,-3.8204151838334242,,0.552373714102805,0.25,False,4
-0.80656600534345757,0.58921558474436997,-0.047710310401903169,-0.58739972361813242,-0.78977311583918564,0.1766917943510789,0.066429238424337247,0.17053861789053082,0.9831092188004078,-18.664664958859955,-10.383664866603468,-0.6096663728268521,0.454549635425863,0.4245186816271865,0.9661016949152542,True,5
-0.93357636101702379,-0.32483185764726774,-0.15139168539796566,0.32417692971382583,-0.94553050832289198,0.02968797857669811,-0.15278905848105895,-0.02136169675092861,0.98802792547599216,-11.239687081275354,3.4772379394237833,-3.5486957701205539,,0.3284239648298167,0.2368421052631579,False,4
0.57447678432241955,0.81851960622013298,0.0014417030941302061,-0.77325422826514312,0.54212803610157168,0.3288998190068399,0.26842936267228912,-0.19006011340071419,0.9443637172982966,-21.263845297935294,-5.1955075645404465,-2.0476228236511567,,0.1588869911383951,0.2105263157894737,False,5
-0.94278316901001524,0.3262766636195375,-0.068581593804296084,-0.33340534443975561,-0.92316098302440042,0.19134961646272375,-0.00087893710941844283,0.20326666770212626,0.97912302049887079,18.636893823472985,-0.71277172814573198,-0.94217419669738534,0.4815091201371317,0.3961725243895925,0.8620689655172413,True,5
-0.17688933660500006,0.9820369476086388,-0.0656779729205407,-0.95844015379011038,-0.15669425727506089,0.23841011165595943,0.2238361771435374,0.10512061295733233,0.96894118631279291,-4.007870895637657,-15.320245117000937,1.1385004891266257,,0.3174998498312114,0.8235294117647058,True,3
-0.96099217932709635,-0.25805678091808443,-0.099502407480190916,0.23370924336557991,-0.95006051257209545,0.20679703096692537,-0.14789868436752984,0.17547569710202962,0.97331097748299866,7.7311767982095887,-2.6948698367135422,-1.0838668484254872,0.4673914329504215,0.3994762173399667,0.752542372881356,True,5
0.90547242552745921,0.41617144185351418,-0.083192653491685004,-0.38224502121843795,0.88487792746647043,0.26623259987529735,0.18441374776067054,-0.20926630036441959,0.96031202490058043,-11.920527761630131,5.1233746509718525,-4.0112847667100597,0.2494755682327127,0.2554306687764271,0.5777777777777777,True,5
0.8632868414390511,0.5046177256835338,-0.009837699129604402,-0.46412715511710412,0.80137304992922309,0.37734230975341054,0.19829728510771469,-0.32118870741841654,0.92602159853093957,12.457903467830281,-23.408023758970224,3.7115702542740983,,0.3838569717623243,0.32,False,3
-0.54299136750136512,-0.81597561743885605,-0.19835364015887197,0.8014128967719949,-0.57409086516214114,0.16780061807068605,-0.25079422582371652,-0.067848878271215329,0.96565976721142333,-1.6887024365931191,13.933594386888474,-5.3676552360790479,,0.07632930390837019,0.5,False,2
0.57297079152263208,0.80313368960927833,0.1633424276681249,-0.78250359124916968,0.47681509444290615,0.400419149633925,0.24370597396059318,-0.35724451336023455,0.90165611844534621,8.9765889763205564,16.21478979253753,-5.2030587530204935,,0.2998406616611236,0.2727272727272727,False,5
-0.23703997165264737,0.97049164840030888,-0.044249431907805774,-0.94734309434942354,-0.22081200992575578,0.23191187520480017,0.21529773205347771,0.096891778071202916,0.97172983380918676,-13.10843119059839,-4.5812804966116785,-1.7139435670136007,0.3514894951692776,0.3609601711677142,0.6904761904761905,True,4
-0.67320954356840046,-0.69595717636700405,-0.24986500177434323,0.69956562834564706,-0.70891296526738612,0.089723683123026921,-0.23957638048394,-0.11439412720532592,0.96411469316422405,-4.9191261863916029,-8.746205420443431,-0.327805139043299,,0.3818332303228438,0.15,False,3
0.70953277671897441,0.70455836632513102,-0.012678612018857907,-0.66507960402930977,0.67550448265409324,0.31837527262405629,0.23287842121089386,-0.21746540496246383,0.94787997055472861,0.4146014067293366,15.522681733613737,-5.5876233231255581,,0.2515692943680812,0.2857142857142857,False,1
-0.54502945094181077,-0.81990161760324953,-0.1752262396379084,0.79950723497194742,-0.57118737903466188,0.1858309964968804,-0.25245015118549258,-0.03881128035877171,0.96683121881915524,-14.060800485055609,-8.6171717596043855,-0.79598037440652392,0.2632687401883516,0.3287756877175789,0.3469387755102041,True,5
0.94768637485393781,-0.26325309124312818,-0.18052242206202307,0.3182982602333056,0.82191002774902711,0.47238768381282403,0.024015670897411669,-0.50513534447366759,0.86270593559730202,19.774588844328516,-2.6978564721310643,-0.53617556453598281,,0.34441530362446,0.3953488372093023,False,5
-0.045530390641454463,-0.95904392612929756,-0.27957419638181497,0.97024767880455864,-0.10907392680393015,0.21615346461700632,-0.23779492278516176,-0.26141466341058989,0.93547632169474271,6.5630222177916693,13.4613237963469,-4.7091805814974386,,0.5623199046600742,0.3953488372093023,False,5
-0.77664088287125688,0.62087914943405953,0.10648014298916565,-0.62219364313379288,-0.78248099014709549,0.024465700527861234,0.098508931051213555,-0.047250204829814228,0.99401378695000353,-1.7133528593263567,8.2134649640485762,-4.0197202721468592,,0.204296404072832,0.2121212121212121,False,3
-0.47273802539691773,0.87837795682590625,-0.070504782151074821,-0.86497061881808701,-0.4472559317699723,0.22756968180763892,0.16835851010649755,0.16856540706479761,0.97120601090386571,-3.0816605022886252,-2.4737682172825175,-1.6731753320658764,0.3043936817530832,0.2724902737701078,0.8905027932960894,True,5
-0.71832497804884576,0.69533742472466786,-0.022695631482567244,-0.68762989821523512,-0.70464988164950315,0.17502476216766097,0.10570879335055705,0.14133085320837763,0.98430241335666835,-13.300374112875462,8.7193409378878783,-4.9583965672035637,0.1942448742226263,0.2431675156066032,0.125,True,5
0.9666612460945686,0.24716133169039739,-0.066912714904757392,-0.21079141051823863,0.91647738489008701,0.34005320794951921,0.14537199369420276,-0.31461163217855903,0.93802265662792805,2.7632769757647599,4.2445954560768326,-2.7857558200069028,,0.2478713931551447,0.3538461538461539,False,1
-0.5822160280111538,-0.79451763621371385,-0.17252890329533083,0.77439180921277218,-0.60655782463011032,0.18001369726817643,-0.247672813508237,-0.028798109753286699,0.96841563717422119,3.6861638535785231,-8.4619470913464774,-0.090189262580844462,0.5691523025178274,0.4927661526354935,0.8312958435207825,True,5
-0.93679056551443174,0.34192556224758408,-0.074231706465802724,-0.34986902113304774,-0.91776518042052935,0.18787959351424097,-0.003886439830306801,0.20197520513505349,0.97938292413953132,2.3221328718154108,2.7954039181554444,-2.4929176862054456,0.71454028106789,0.6284692529838373,0.9938708156529938,True,5
-0.74990696829936809,0.65842925655666928,-0.064112814680715335,-0.65527521318324167,-0.72599568321871077,0.2086735798692691,0.090851163359141063,0.1984973099516229,0.97588159325722579,-7.4286601529700453,-0.53729773555237559,-2.3848498696310463,0.5137248062097869,0.4022580699822557,0.994392523364486,True,5
-0.80920369188519237,0.584375062924544,-0.060787917148975655,-0.58374050729612192,-0.78794268302446602,0.19594220681076613,0.066606344900782627,0.19404152674142144,0.97872952378009781,-16.138956717558237,1.2442452456414834,-3.2449444878173317,0.5921311452701847,0.5312373901980115,0.9545454545454546,True,5
-0.97814814542003103,0.20383636700112587,-0.040950471293199876,-0.20784637639185891,-0.96353649017567367,0.1685150317352023,-0.0051077815269064269,0.17334407283701631,0.98484808116792677,4.1699309372358799,-3.3734147307894551,-1.0538300107587379,,0.5652394790448476,0.3247524752475248,False,2
0.65342798810663794,0.75253344091232999,-0.08200783296466671,-0.7170623899566122,0.65003956818814534,0.25153546211117295,0.24259718314239134,-0.10555557824397063,0.96436747489375563,-2.6284385378352813,-5.2199204412351961,-1.1204728282945144,0.1480001993911345,0.1077724091066134,0.6504854368932039,True,5
0.89885507718255375,-0.42602194815820998,-0.10278545573489396,0.43740183214988393,0.85754977100143359,0.27071761576837672,-0.027188002042653314,-0.28829445007296445,0.95715574626183819,-3.1436984442069575,-10.082700039600795,0.04425803815909482,0.2801125681922038,0.3287952069526702,0.7822222222222223,True,5
-0.30657045196860833,0.95148208187385075,-0.026389502700234782,-0.91360290406160405,-0.28635947177159865,0.28866587366173668,0.26710352238404883,0.11260595366006787,0.95706614584904204,-2.7029116632212289,2.3097378396722221,-2.6933497255515744,0.6463694829138216,0.4073776156767231,0.1438848920863309,True,5
-0.36332607918685145,0.92690755404980663,0.094002906487592963,-0.90268780084029798,-0.37519763938333289,0.21066909031768566,0.23054043982958075,-0.0083137023388961395,0.97302722878478787,-10.40830568692105,-3.903279245035733,-1.6864954446405196,,0.232990168045201,0.3823529411764706,False,2
-0.99514886794654123,-0.025083657511755973,-0.095129074160057822,0.0056399610061195152,-0.97990563072766523,0.19938190917950782,-0.098218742939249093,0.19787815694019642,0.97529344996333489,-8.7311281365067703,6.6616218101197662,-4.1138894647711242,0.4274524962820127,0.4527646144190424,0.8738317757009346,True,5
-0.96425715520610134,-0.24363612659686584,-0.10416130015851266,0.22070418018385646,-0.95604057562473777,0.19307014944960063,-0.14662129273474428,0.1631804387051197,0.97564047729724512,12.685050964395886,-8.613527578278056,0.40723283959027051,,0.3188247765400865,0.9552238805970149,False,5
-0.9878689202006754,-0.11571472081890034,-0.10356205814561652,0.095679675378427753,-0.97881796916403307,0.18099940044397189,-0.12231269852730237,0.16889489816866171,0.97801539719554875,-19.931350238394248,-0.37059581277099429,-3.1180166685712627,0.5351292928907501,0.4998704132083793,0.8604651162790697,True,3
0.83928399668996345,0.53980982249216791,0.064867005797212732,-0.52872791583541079,0.78255280726886778,0.32872160691374902,0.12668529479171625,-0.31018778083056214,0.94219657009933278,1.4574412338278218,16.368429026913631,-5.7379886188899007,,0.4145917845265746,0.2325581395348837,False,4
-0.8519380792744129,-0.45198943855367785,-0.26439942609271239,0.47262594870912544,-0.88110618342801084,-0.016631480142309973,-0.22544671585326681,-0.13913102084314646,0.96426984674940486,13.863085581883857,13.755532316121144,-4.3375845259470953,,0.2627980625046448,0.3076923076923077,False,3
-0.29714763574879299,0.95433479696624124,-0.030795744321355838,-0.93403095339386755,-0.28382779992181617,0.21685930483538168,0.19821569229262895,0.093203408150910189,0.97571699997387018,-4.1943901164965034,10.176840367801738,-4.6536945646098049,0.4931572096583312,0.4382322246971938,0.88,True,5
-0.89932810761344251,0.43015862792222331,-0.078565321106036062,-0.43678883387994083,-0.87524531414642459,0.20775262853337867,0.020602656484686316,0.22115423325995051,0.97502119754238015,-9.7748319154478089,-15.253611095429621,0.87900610571325444,0.2295037325475137,0.3762777445767299,0.7894736842105263,True,5
-0.98427321755253205,-0.057473056257729818,-0.167042153402014,0.067552706386695416,-0.99618223114261473,-0.055295517137967237,-0.16322642270361454,-0.065710046112585907,0.98439795040992584,11.447157963964246,-14.836815185564706,1.7777982026514951,,0.260773093103034,0.3333333333333333,False,4
-0.90000623241382172,-0.38910678546126387,-0.19642986311729674,0.39499931766789048,-0.91862818106441291,0.0098895902942872649,-0.18429411455111289,-0.068688969000051586,0.98046800298608972,-12.954988068173675,-1.6873638333563028,-2.3489676520044953,,0.1087219460749487,0.4074074074074074,False,2
-0.92268570854954546,0.37784148950735974,-0.076726084516829246,-0.3854508418694424,-0.89941168907164959,0.20612195919751281,0.0088730908122279517,0.21975991984013543,0.97551363183263395,8.0073315106937386,2.4070187447020066,-2.067433410963484,0.6714511863945085,0.603906706860746,0.9168490153172867,True,5
-0.5644357965506428,0.82343906896186136,-0.057968364471181248,-0.81228076097312019,-0.54153510305337349,0.21665571193462724,0.14701087349298209,0.16937482654808628,0.97452551080340399,-6.1080284313083322,-2.895219632686052,-1.8357264398959043,0.5010700984745499,0.4172387087487867,0.9741935483870968,True,5
0.055686282814650927,0.99744698704749024,-0.04470509966627309,-0.96812536163294571,0.064891758018349566,0.24191391837669601,0.24419730151941776,0.029808853905722375,0.96926730583439291,-6.3498422597349586,-9.4646159793575535,-0.2522153878056399,0.2099178111961267,0.2069427586483604,0.4358974358974359,True,5
-0.63240203299186637,-0.73233225438854932,-0.25250175811257236,0.71542869878612392,-0.67715207346900574,0.17212450827764297,-0.29703441824298443,-0.071795115285179428,0.95216385974276518,12.742906871525554,1.7279615127608468,-1.6761927985728604,,0.241501552271999,0.2162162162162162,False,2
-0.79367767688831825,0.60437438844145286,0.069335011395272469,-0.60397292330475583,-0.79647714248196388,0.028997748506967375,0.072749248270138483,-0.018861603849769752,0.99717189429723907,-5.6073089512883971,3.8985706429422087,-3.245235512767731,,0.7586932607799454,0.34375,False,1
0.59114180815659279,0.78819728597741523,0.17116191465156949,-0.77637876595948252,0.4985410428472471,0.38560710621565364,0.21860323514665811,-0.36083495808280064,0.90664808972875388,-7.6480373112080935,-5.3418901249288702,-1.2806742431839999,,0.4486032234778112,0.1428571428571428,False,3
-0.61110444168406164,-0.76802150796790247,-0.191557627498154,0.75863108061154039,-0.63734530362357855,0.13516599971566789,-0.2258987491868395,-0.06272102715739622,0.97212953245343992,-2.4062917928545238,18.15667570422421,-6.3821386134424793,,0.253318260099734,0.2692307692307692,False,2
-0.17785717104460838,0.94976809135585749,0.25750223173840708,-0.95915554008379367,-0.22580973437204421,0.17038372513063749,0.2199715359644849,-0.21668072481205677,0.95113720716852779,16.067526030430638,-4.7577660458960542,-0.29993122485435858,,0.5139551805091309,0.2156862745098039,False,1
0.93994740599805182,-0.31760391698192736,-0.1250065033319131,0.3410198165753448,0.8585315642068706,0.3829217125776796,-0.014295406970520064,-0.40255596527469562,0.91528374625648556,-6.9222299484516565,1.9442777595535383,-2.8874495123365853,,0.1922352823365477,0.2110091743119266,False,4
0.94732065047240765,0.31896070323801851,-0.029114514910015384,-0.28119788868681844,0.87178134052431144,0.40115463566025555,0.15333405553435425,-0.37183513027085735,0.9155475428997909,-3.7913862062259915,15.396023061248659,-5.8356083251671329,0.7140445276622944,0.2797988738578567,0.2105263157894737,True,4
-0.61958301439820318,0.78394766812090366,-0.039280299350110189,-0.77373981935372937,-0.60156361602390507,0.19861497381291038,0.13207414665897166,0.15345119590293771,0.9792901256830191,20.197477832824919,4.7608916928179763,-2.0208028813184296,0.5311906167297953,0.7986145110763238,1.0,True,4
-0.78354565638241469,-0.61221890033150206,-0.10603877800662222,0.5813216968465964,-0.78258587479473052,0.22276542224313139,-0.21936565168604924,0.11290423662845098,0.96908789292390907,3.2362592217610398,10.867953756094717,-4.2940754902635048,0.5790300719642977,0.5423523066227797,0.8322147651006712,True,4
0.010208531680531678,0.93219332128348764,0.36181680120661652,-0.97012475267031983,-0.07847755589479298,0.22956314485807744,0.242391728689901,-0.35335093741950113,0.90354267463550453,-1.0612909587602812,-11.031700257689495,0.21496957192014743,0.7978486015768267,0.5014514089973577,0.4752475247524752,True,4
-0.8665432988283206,0.48844184522249773,0.10260251016117541,-0.49754374562709941,-0.86161913938463197,-0.10031290960510961,0.039407263836617606,-0.13797471682061258,0.98965147656899077,-4.483442778576876,2.1705180176248997,-2.783629059789765,,0.4731296022741609,0.1590909090909091,False,1
0.022013963939636619,0.95830691075593888,0.28489164640100273,-0.97004019399126129,-0.048487523820163296,0.23805667828310517,0.24194505044133696,-0.28159691907263246,0.92852881901195761,-2.9124493477623128,5.0295028654712191,-3.3110816358633337,,0.5568810912529727,0.4456521739130435,False,1
-0.97063981880731087,0.23834204396959066,-0.032425487230088049,-0.23472991521152056,-0.96800186493074691,-0.088737006910241278,-0.052537691712743917,-0.078520440440648889,0.99552716255384166,-13.785754991051705,0.47003854046287558,-2.8978961585333689,,0.5936356962975208,0.2127659574468085,False,3
-0.51286170436291723,0.85765864864688302,-0.037343200173076067,-0.84092050644407046,-0.49315020762361084,0.2228353081597205,0.17270082234839504,0.14568635873681546,0.97414060116504553,10.052586720292833,11.329330843085925,-3.9879337129460954,0.4359682292623663,0.3770376353733771,0.2222222222222222,True,3
0.97866507030020033,0.18088613583505714,-0.097441705839769854,-0.089161427928714093,0.80117154833069648,0.59175534633419735,0.18510786029776172,-0.57044224598819326,0.80020667583314287,-1.0153865647689542,-13.909961689458228,0.87221678109715695,,0.4188645176050851,0.2333333333333333,False,3
0.97114819007385389,0.22461299126398843,-0.080126132264832908,-0.19217908022616753,0.93605533908568517,0.2947331051860439,0.14120337828714358,-0.27083095525553741,0.95221436642999202,-9.0329243642986903,19.427530715301476,-7.2282003617563468,,0.3787383019891352,0.6285714285714286,False,1
-0.92344405918320127,-0.30943127744714927,-0.22694350419582054,0.34217640954101292,-0.93168048629391931,-0.1220113773905844,-0.17368469798135336,-0.19032539503847637,0.96623489364158999,-6.2615738864639319,-17.389871661882168,1.5567457194298893,,0.2725321016652069,0.2307692307692308,False,1
-0.42706869469719649,0.88541720938523938,0.18343580712088403,-0.88512072206253145,-0.45083024225505858,0.11538370787832153,0.1848611300007052,-0.11308606453804258,0.97623660278754232,3.9335875931966928,1.5524309059719485,-2.1415065012476959,,0.3683347782158996,0.2394366197183098,False,3
0.33403015673429104,0.94214007313552872,0.028212355170108921,-0.91705772865225799,0.31793029345352264,0.24067706750689244,0.21778194762474057,-0.1062657569339078,0.97019514129480022,-3.8916753399697042,-7.364146384372793,-0.7088474751040873,0.850013548125008,0.6091499480838208,0.1707317073170732,True,3
0.70809049386359335,-0.6087251037831144,-0.35785695539453977,0.69836969122427528,0.52883213250231487,0.48230317230178488,-0.10434379176224912,-0.5914307429084924,0.79957616864397985,20.701938987056856,2.9068000997559604,-1.5932773103744633,,0.5436227876683497,0.3928571428571428,False,1
-0.038317428584738432,0.9990947510266962,0.018478450626539661,-0.96344883822373029,-0.041844237614619154,0.26460422503013048,0.26513790900585699,-0.0076640882925021608,0.96418004073857844,-12.657506967744068,-13.415004149912637,0.38400163397571702,0.1299897086615859,0.2414836094669959,0.5,True,2
-0.051018183141897794,0.98758674546811076,0.14855828877785765,-0.96732644899858622,-0.085856240828009828,0.2385544947777517,0.2483479133326579,-0.13153374504889742,0.95969900899017624,7.7264794198334119,16.801601100652604,-5.4098284060182449,,0.3000001589778564,0.6944444444444444,False,3
0.45449527975608289,0.8677955399886611,0.20091028210429884,-0.85352563309860396,0.35975802405687074,0.37691929875017482,0.25480980028850431,-0.34279011786001812,0.90419406145718972,2.3262849355127546,8.1433287414384399,-3.718265296441337,,0.4899784093801708,0.2682926829268293,False,2
0.62275264426069865,0.78187999469388492,0.029031327282767069,-0.74499725848418696,0.58122153797160581,0.32735395010442059,0.23907787207801967,-0.22548879727253135,0.94445570218366193,-8.0462242148503886,14.025373633179065,-5.9204347484275939,,0.2300384627403617,0.8571428571428571,False,2
-0.57433061911123839,-0.80123778753082042,-0.16781641094963665,0.78007016383783678,-0.59782915354689437,0.18463705657157251,-0.24826372961290868,-0.024865860172532755,0.96837328007156831,0.97214294929011458,11.465599803257289,-4.5680449214981422,,0.1517317027351258,0.2857142857142857,False,1
-0.87200371426803913,-0.44715620700188929,-0.19915031720393656,0.44893172019103511,-0.89272535566750211,0.038752418694201513,-0.19511492231262823,-0.055612641440739581,0.9792024311667743,20.434216246179421,10.200605147110748,-3.1216497675601964,,0.3180513064816911,0.6923076923076923,False,1
0.74048064460496821,-0.62401328468273243,-0.24959133699886049,0.66559579636413846,0.62943978813528312,0.40098352706139762,-0.093116329544285226,-0.46304748530974388,0.88142859921863392,-6.3161904399493967,16.975336384894362,-6.4364005224799357,,0.2478022484549833,0.4444444444444444,False,1
-0.43782056940699721,-0.7460448810750494,-0.50172720120185621,0.86404719883475833,-0.50338090239742495,-0.0054868285339576828,-0.24846647095722918,-0.43591822917064299,0.86500850301415588,0.15303750439254632,12.704826400371187,-4.9312016113367267,,0.6090460099658885,0.2592592592592592,False,2
0.91722323642353698,-0.31831056300706423,-0.23954106128774455,0.3982488480428677,0.71760730024287689,0.57134719538180923,-0.0099694331464789815,-0.61944987538642393,0.78497290544736797,-8.6849486339336206,-6.3096964559590321,-1.0684166152405421,,0.6694987849163279,0.2631578947368421,False,1
0.62441857987800653,-0.76868719699814891,-0.13864137288076162,0.77016759441447169,0.57633130859120663,0.27328391692774917,-0.13016648423061569,-0.27742064794942023,0.95188994661902204,-17.689645974021659,6.590374111206815,-4.7270651044310661,,0.1375592811046116,0.2307692307692308,True,1
-0.75546883283936728,0.65236704825295178,-0.060696597615148271,-0.64929650370967618,-0.73306786175948657,0.20254767420477865,0.087640703321659297,0.19242854364440132,0.97738956548153311,18.427461464893767,-6.5006715950626237,0.033702929554512026,,0.3690629946585209,0.9375,False,1
0.13790586595175031,-0.98063108638197272,-0.13908502635945891,0.96451494457659248,0.10104248595042324,0.24392896039907336,-0.22515082461432848,-0.1677888210050717,0.95976768945470181,-16.714627004767078,-7.7360406354009035,-1.0578440383800574,,0.2091057369013194,0.5,False,1
-0.36363146170888977,-0.82554743842173428,-0.43155948254066867,0.89553803952983146,-0.4373543658614174,0.082053509474147288,-0.25648348837795126,-0.3566406953465503,0.89834494188602576,-17.326481254983094,2.1831221657672013,-3.6228373712429347,,0.3777956951020332,0.1666666666666667,False,1
-0.51096873448374824,0.85232440273165488,0.11159778173514656,-0.84466633710037875,-0.52193670328399511,0.11883121111250484,0.15952971932999407,-0.033543855967426067,0.98662306803425726,-2.7503572023248739,8.0310056074065788,-4.0560882342452862,,0.0953242260694789,0.2325581395348837,False,1
-0.24838868657571528,-0.79996296261940514,-0.54622552010902603,0.93449441103054465,-0.34633939508561296,0.082275264596399236,-0.25499658063171537,-0.49000845079336791,0.83358770505401336,12.135587057545157,-16.636522277914366,2.18084959861529,,0.5808177005108695,0.6111111111111112,False,1
-0.91653364447608354,0.39455596132915555,-0.065510853474943717,-0.39982171241490433,-0.89957892848862497,0.17578495299903393,0.010424817744369097,0.18730548523437535,0.9822463939237005,1.3066929015786464,-19.357208631448113,2.3161302135775417,,0.3239804747922281,0.75,False,1
-0.98966103624939816,0.14034588556232339,-0.02956460274542079,-0.12850004600612377,-0.95918911975864851,-0.25188086611144683,-0.063708488494010285,-0.24547762615431096,0.96730655097102103,-2.0146223956547078,-6.7657409362717686,-0.71271476876543105,,0.2410050395956749,0.6071428571428571,False,1
-0.42161682200179212,-0.87289931322547243,-0.24553216566390551,0.86995932751832439,-0.4657599130608478,0.16198293690823007,-0.25575383451470135,-0.14530826664732424,0.95575911388538504,-9.766544300981618,-11.116287115461853,-0.027635431786694902,,0.5946130379836532,0.3783783783783784,False,1
0.98262348137526923,-0.093011961060186971,-0.16062337609975877,0.17856500571566722,0.7098754979918166,0.6813158710059779,0.050652073834247718,-0.69815868715544083,0.71414901453805946,11.748601473067733,11.17367404030151,-3.8417799645488988,,0.2031430888194124,0.5,False,1
-0.065231276701561092,0.99740282186381168,0.030536723432457571,-0.97015282669806369,-0.070552187751064074,0.23200405525183354,0.23355593203693548,-0.014491367832079133,0.972235376268892,9.1307108447385108,-23.230645109468881,3.4343546095398767,,0.1365118610904607,0.5384615384615384,False,1
