axis_00,axis_01,axis_02,axis_10,axis_11,axis_12,axis_20,axis_21,axis_22,location_x,location_y,location_z,dbh,dbh_approximation,score,reconstructed,number_clusters
0.98715705855357094,0.14118198502588095,-0.07475686491562536,-0.10583062828471507,0.92847722397623478,0.35599146432779294,0.11966962799609407,-0.34350792081338644,0.93149422353213762,12.971707810951134,2.3882410005142414,-2.1895343112152399,,0.07825576017365557,0.4666666666666667,False,2
0.99490230934531887,-0.052782199307995277,-0.085926912521997217,0.086557734323774255,0.88416084120504634,0.45909407043472072,0.051741216530797121,-0.46419138974758717,0.88422237033232598,7.9947795570799673,-13.476542068257856,3.1603374526527981,,0.5206016917312006,0.4117647058823529,True,5
0.98887265767877675,0.12991034987482108,-0.072485639203325514,-0.094425639552185886,0.92463441356140641,0.3689647677666737,0.11495505856844115,-0.35801466765114021,0.92661255779110308,2.7663721113081445,-0.73339886728844983,-2.1950086569956375,0.5149230321699017,0.4505454668805329,0.8394568690095847,True,5
0.6256409602491757,0.74773208660094115,0.22241878411207372,-0.71865316666608359,0.44150927865126832,0.53722172601789686,0.30349796523090694,-0.49594988006071805,0.81358632090790439,-9.9245296331131154,-10.615194043022399,0.24153822423754201,,0.3731574490885354,0.2857142857142857,False,4
0.92086322311301383,-0.37288599756104429,-0.11387254779276934,0.38646962918052724,0.83441671930263228,0.39292488374916917,-0.051499029495491566,-0.40583835620987957,0.91249278276043655,7.5284862577534764,7.2995903610814468,-4.7183348671912047,,0.2451513160243294,0.2372881355932203,False,4
-0.90143943822691452,-0.38598494338489253,-0.19601674083941256,0.37597574822843005,-0.92249063208493676,0.087482972398091691,-0.21459071730439849,0.005163060690560127,0.97669041505028009,-1.6032596770206939,10.486630224122795,-7.0033329644725137,0.7058219263126029,0.4178542292327527,0.125,True,4
-0.627965345500613,-0.73802324628654115,-0.24694374418269854,0.71541769872520078,-0.67233873369859221,0.19010035118144955,-0.30632832255772957,-0.05729149246832399,0.95020031766450097,8.6069870467327583,-2.3813472595130043,-0.78889918940787751,,0.2602244572928989,0.1666666666666667,False,3
-0.301550663578662,-0.90146402694667171,-0.31053148860680263,0.89753521116986645,-0.37828296400287675,0.22656686398381271,-0.32171064950593375,-0.21039155702234452,0.92316718460319092,-9.0474679943299723,-1.4949404967146367,-3.1238170302417982,,0.4089479499470242,0.3485714285714286,False,5
0.042872867848223743,-0.91279678168778988,-0.40615754645566188,0.93507428969375062,-0.1065086557590765,0.33807096740495707,-0.35184938532871946,-0.39428155116465818,0.84896647074840015,4.8930221666687261,5.5253329388971686,-4.316083198063577,,0.3985249259440419,0.2264150943396226,False,2
-0.8630950000539872,0.50307457641104547,-0.044530792162875532,-0.49434807770560762,-0.82348161757816152,0.27838463244156225,0.10337794228256202,0.26228609585660501,0.95943681655944479,5.8260733782898813,13.818067394133783,-7.4269404057221227,0.2392615673540354,0.2422289929560551,0.4,True,5
-0.81995365213803317,0.57057744974741675,0.046015021299959519,-0.55805459483557573,-0.81467723778823342,0.15772148684512091,0.12747971418387768,0.10364541509139825,0.98641094397929752,8.1668940073243075,-1.8767386133745445,-1.0736325638931932,,0.3860315042027212,0.1764705882352941,False,3
0.87945476044639026,-0.46716918955192205,-0.091171665892323339,0.46718856068163056,0.81057422751525832,0.35313491820587156,-0.091072350888772191,-0.35316054425918164,0.93111946434501602,6.0443710591680855,0.2286461833515312,-2.0876883188853146,0.4950377011880224,0.4739847935981982,0.9813664596273292,True,5
0.88186594807562602,-0.46249213422915719,-0.091724998778071221,0.4623690964856314,0.81016542070475805,0.36034262821562463,-0.092343208953008488,-0.36018469827359684,0.92829936706313654,2.7839104399476069,-5.6310305445244087,-0.25970718056558945,0.6563723152130434,0.6062026114436285,0.9975550122249389,True,5
0.92859563090592945,-0.35698331801470967,-0.1013561291764242,0.36810646362553195,0.85151558366577185,0.3733883262924077,-0.046987080134056586,-0.38403661470431333,0.92212151740805137,-7.9344221256162752,-3.4810261744383908,-2.2549920701425865,0.5538209470760753,0.3807925928878409,0.8163265306122449,True,5
-0.29305211300552975,-0.88836119222078447,-0.35346124429569459,0.87540934456745445,-0.39795448942190542,0.27439151552650254,-0.38442026287251613,-0.22901226278305961,0.89430109302628535,7.6244775065270023,1.3049736058086754,-2.3708006931282348,,0.4541977065704669,0.1785714285714286,False,5
-0.91512925370971121,-0.36640552931687076,-0.16818274908779965,0.36707609164997446,-0.92976240869573523,0.028231300276178484,-0.1667141024139398,-0.035900577465103833,0.985351488857649,9.3246358989462212,3.7542908886555528,-3.1667143509975668,,0.3585003662918231,0.2,False,3
-0.22800490085333899,0.94437378924829596,0.23700614204630288,-0.92346102544362163,-0.28689589442346175,0.25477535251584843,0.30859925416869055,-0.1607759059802652,0.9375060577845622,6.7057148970429585,10.5720642138321,-6.0231391867505391,,0.5105969465291594,0.2682926829268293,False,4
0.94356901331964083,-0.28675332920453889,-0.1656805519459455,0.33052079527553807,0.84683890302223175,0.41667718466281495,0.020821166956385667,-0.44792454779596191,0.89382888658196646,-4.3598465937925379,8.3328125254252861,-6.4893462355676501,,0.2584053507995174,0.6949152542372882,True,4
0.69561261194092339,-0.70862418669623917,-0.11821529570162563,0.69375599595766091,0.61983426401170871,0.36675346382803253,-0.1866164842170242,-0.33713090511870891,0.92277680976080001,18.088756504162088,-1.7774285968243393,-0.16443580112637987,0.5583497844172649,0.4552605403169347,0.8970588235294118,True,5
-0.5704389143994556,-0.79523281113949984,-0.20543665940123718,0.74534404106378216,-0.60628317073639104,0.27727779812408337,-0.34505319211605945,0.0050490562482116835,0.93856955077475279,13.279001788700327,7.03953605938033,-3.9670448352367491,0.4676049732345434,0.2891789212005985,0.5,True,3
0.8461497535818564,-0.5198315875649463,-0.11749772373570309,0.52147734072031804,0.76208038280950408,0.38379014220298235,-0.10996352862940292,-0.38601633476658403,0.91591452202961787,8.28240332341365,15.572848145759487,-7.7696771512123721,,0.2747485962785884,0.717948717948718,True,5
0.81507967919882052,-0.56956641209354275,-0.10601518179975862,0.56388610961010066,0.73793463420327732,0.37078960480582546,-0.13295703044943785,-0.36200356056006311,0.92264611319611778,-7.9701459313927048,1.96669900424819,-4.3262193425751256,0.3547643868541266,0.3652160606680825,0.7727272727272727,True,1
-0.44649078776196643,-0.87457667678092865,-0.18910741094553821,0.83965289262151743,-0.48255519808151631,0.24924586399141374,-0.30923938357850889,-0.047498602456648817,0.9497972870084691,-0.45432577016610309,-7.9148396308433657,0.27988527585910011,,0.1746669721364857,0.1666666666666667,False,5
-0.92433014442100703,-0.37430781384484169,-0.074212159443963255,0.34335596253802775,-0.90068118101231465,0.26623315563589567,-0.1664946458725485,0.22060614376068019,0.96104758583059624,10.703106624519656,10.627915654624777,-5.5958947943626809,0.3026536477092043,0.3072080483223456,0.8699186991869918,True,6
0.6453432152837375,-0.7532210954894436,-0.127240385872293,0.73593030087565081,0.56838003681413152,0.36790042947004098,-0.20478946931012293,-0.33106210151699461,0.92111842789015408,-9.1990952970929651,-8.7854765903973497,-0.37263202136788515,0.9490374817797224,0.7564621992927585,1.0,True,5
0.24436485049210899,0.94747788299474844,0.2063285755288371,-0.91606017533803896,0.15578734106072334,0.36954574753996478,0.3179930423823934,-0.27931338242379256,0.90601570593195002,6.0016029591237654,-10.071410909182859,1.7432354035817126,,0.530584334508237,0.3478260869565217,False,4
0.54941198401818747,-0.79089879234428084,-0.26949132098373069,0.81871752064564052,0.44515686967862877,0.36268027622932381,-0.1668774796221863,-0.41989815627873567,0.89209721731920255,9.0178893378784331,-5.0971052410849342,0.18074910793997873,0.619744710388984,0.5352521927628879,0.8113207547169812,True,5
0.16679298892837663,0.95527486255267846,0.24419262032112951,-0.91751636456359598,0.059690091008963497,0.39319309988012729,0.36103160471396467,-0.28963257760532146,0.8864362077371144,9.7724212288929646,12.712188397970024,-6.525596163989257,,0.3624926910634776,0.1935483870967742,False,2
-0.91326623580155952,-0.33585137536205728,-0.23053987987388125,0.31855393697950396,-0.94153506742981419,0.10970463087213936,-0.25390583250431104,0.026750148921991498,0.96685896476835909,-7.5792005621216347,-11.484457726192032,0.8614141682176446,,0.4148475194646885,0.2962962962962963,False,2
0.31461136873795031,0.94821734270756131,0.043629779387982168,-0.85880740925638843,0.26476588375072307,0.43857594622599638,0.4043136412083605,-0.17545055654032321,0.89763443658458597,13.361092606519014,-4.8756607031823878,0.54973547689964108,,0.4388508779714321,0.8103448275862069,False,5
0.86893109614584585,0.4902266768937521,-0.068092256626487421,-0.43889393250954384,0.82680777324328625,0.35179684778403919,0.22875940670732303,-0.27580194228139043,0.93359649874917916,-2.4113575265897418,4.4749314840334335,-4.7094303423517649,0.3461465911143623,0.3245404954695301,0.7934027777777778,True,5
0.67651612105368808,0.73511514643134257,0.043950647796119763,-0.68291996065518346,0.60390952887934479,0.41099100752626189,0.27558349967513618,-0.30805681686330955,0.91057933882273578,23.304714919265578,2.4878244284556752,-1.1864292512725287,,0.2053749417528071,0.1333333333333333,False,2
-0.86193034114847833,0.50503679058137529,-0.044876799874023168,-0.50154712734601836,-0.83629155501658659,0.22151052809945082,0.07434087744051722,0.21343447511403749,0.97412481683517882,13.771732822486301,12.123551749084108,-5.8982058699924247,,0.1723125818088382,0.5,False,2
0.68844521251478408,0.72439085290147764,0.036070508703687415,-0.66340305222036478,0.60882288910616467,0.43500698845550267,0.29315453206487685,-0.32340776418183242,0.89970430608991236,6.3812194074883912,4.9209069147858022,-3.9454000353052758,0.5857688514317526,0.5563509164629423,0.8297632468996617,True,5
0.08666438187279181,-0.94767790976331889,-0.30723909949945216,0.9342177961185788,-0.02980597435209336,0.35545564182928446,-0.346015020381996,-0.31783357789816613,0.88275445194600854,9.694799501292561,13.47397557923466,-6.8316749652870588,,0.4687770270657772,0.5,False,5
0.89451973420509256,-0.4215778921210408,-0.14868263514086164,0.4295396725269085,0.71846712431731907,0.54708377877677772,-0.12381484096475172,-0.55324232678816432,0.82376745080568159,14.806428815112071,-7.1453326931894168,1.5485124233629257,,0.3193515192211356,0.5,False,3
0.87216840481038072,-0.47216534174593838,-0.12799282676954554,0.47837105540428065,0.76838600537317392,0.42514007115073676,-0.1023885101069084,-0.43202180130243417,0.89603222944126815,1.2600969592050357,-14.452039637480425,2.8602810595876762,,0.4485386278369768,0.4897959183673469,False,4
0.95517007137109888,0.29163984088561135,0.050954273276600404,-0.24535628725594463,0.68346320745298983,0.68751606262112264,0.16568170406206451,-0.66919671791356561,0.72437926921799989,-1.8124229099918325,-5.2646544260725801,-0.85366635517915279,,0.5542683099093415,0.2244897959183673,False,4
-0.70970676204391692,0.70374630210516409,0.032518520606659551,-0.67657514758775539,-0.69371806887812348,0.24698443387916924,0.1963730673380282,0.15328529996484891,0.96847366264599066,7.856243229581465,-7.0366058597431191,0.77201708287090254,,0.1990523907701356,0.2941176470588235,False,4
0.4601818543540197,-0.81384601829392489,-0.35480603071314876,0.86050703690971853,0.31048559720351965,0.40388901118751624,-0.21854130125024829,-0.491175480288153,0.84320006357420896,-11.552205137451537,1.7079365894670344,-4.8271633383404104,,0.7475299818932865,0.5609065155807366,False,3
0.72315751184427413,-0.64238231344165309,-0.25374825406403934,0.66753134318540075,0.55571655689436894,0.49556131231015421,-0.17732771618755289,-0.52775379844281278,0.83068093110465091,13.852920293606038,14.038209863096467,-6.5430761873193051,,0.2596916596728331,0.1176470588235294,False,1
-0.38852041604548637,0.90454435348613016,0.17564566289037903,-0.8882073739662395,-0.41837308032306075,0.18987265862411709,0.24523365826867866,-0.082240368660118288,0.96596944807525276,2.3769271948815942,16.202526292481817,-8.7914516233850684,,0.5423224266845822,0.5227272727272727,True,3
-0.73544026074249791,-0.61520403232555743,-0.28399229124992226,0.60109344389665853,-0.78579804393096697,0.14563003075849534,-0.3127527691059836,-0.063603716594552773,0.94770262880921596,11.50595737954419,6.4170724186682264,-3.9256191310437938,,0.5155640266650251,0.3181818181818182,False,2
-0.81549604475407733,0.5398788526874998,0.20855940499360223,-0.5633377878036312,-0.82307375404159777,-0.072111942425530984,0.13272805966700346,-0.17629639766229188,0.9753475495167514,-9.1558975691984603,-0.46823499107634803,-3.5566320805745995,,0.3158571995795969,0.35625,False,1
-0.33254846038955216,-0.88418977070627924,-0.32805482906202615,0.87521303093539671,-0.41891820623195675,0.24188775696234793,-0.35130282090158987,-0.20667846009145835,0.91316501365350644,-9.1491909074474869,-10.075621561494515,0.17797364273024896,,0.3966794904563045,0.1666666666666667,False,3
-0.032229805652836015,-0.97941486418922619,-0.19926806927548596,0.93307469272864552,-0.10094356677530059,0.34522748169290396,-0.35823575675373936,-0.17480537786887412,0.91712061499630226,13.28528865595826,-14.523438787684789,4.1326205476495019,,0.3107179921335396,0.6060606060606061,False,4
0.78305203760895525,-0.57256271231564471,-0.24290213433030314,0.60366690772292697,0.60565396898527024,0.51842987411281516,-0.14971897313535032,-0.55258954959186701,0.81989573652090364,6.8193643279551219,-4.8828194290364291,-0.20117078624437104,,0.2697475472027939,0.16,False,1
-0.36356618035087107,-0.84400181840648214,-0.39431023703630758,0.85463643596557204,-0.47062223691539262,0.21934281944211537,-0.37069690425621576,-0.25724626459348915,0.89241703509489012,2.1380313008804337,-13.525698360890939,2.6477610647131842,,0.2726744925501324,0.3125,False,3
0.82995783392274947,-0.48358962748304102,-0.27804867577651032,0.54373736080696045,0.59001555684275753,0.59685117503965068,-0.12457799313257104,-0.64654676155274637,0.75263378129919001,19.315684698633259,-1.594123281012727,-0.11110525587504096,,0.3795988577387296,0.3571428571428572,False,1
0.15729349243015311,-0.95192538729032738,-0.26286272895046719,0.93391885072236624,0.056859608556485912,0.35293422217209131,-0.32102077425696501,-0.30100671412273278,0.89796471007968648,-2.9575342657849393,7.8196367551603121,-6.069826697575083,,0.1416546882822073,0.53125,False,2
-0.705199324795451,0.70879435494449838,0.017449203616552542,-0.68432207907037934,-0.68687653295074758,0.24475277440379256,0.18546483333730185,0.16065861595436626,0.96942849386367524,-5.625433705278156,4.2522266743411903,-5.0828223037397322,,0.2882043988410453,0.3720930232558139,False,2
0.9162389861870105,-0.37238792592390979,-0.14776113432526594,0.38771699086295086,0.73129858934963721,0.56113982946446694,-0.10090418815480007,-0.57142769082476308,0.81442540417861553,-3.797634520844726,-7.9128691718556539,0.012479343408746561,,0.2722954904378643,0.2285714285714286,False,4
-0.1932402863878929,0.94726745769091725,0.25562189913329447,-0.89829111248122029,-0.27559933898131905,0.34222519134381713,0.39462801339233061,-0.16349118616257874,0.90417883357949502,3.7365659892578704,-19.371529638842205,4.9570789302308622,,0.4068318574051156,0.5416666666666666,False,4
-0.040354762675869731,-0.86497354188019682,-0.50019222802498786,0.94056659804411757,-0.20182630438537896,0.27313113609007628,-0.33720315504616749,-0.45944196010526461,0.8217098742996477,10.046149178436004,-13.795199655527222,3.5623927525993504,,0.4700666484730168,0.1538461538461539,False,1
-0.26721553389148062,-0.95322614600962807,-0.14126490367646685,0.90096281086005436,-0.29914186236584855,0.31429311100856305,-0.34185065729677933,-0.043290423235656753,0.93875666035551353,18.937133549536362,22.26055307082467,-9.1818442675765866,,0.4922988716784074,0.3684210526315789,False,1
0.5842443686620058,-0.7869699914472319,-0.19833494459695461,0.78915480487916234,0.49382833641114227,0.36519620492761734,-0.18945503852593859,-0.36988080068982554,0.90955757468023313,7.5660248158427175,19.417769864632287,-9.3938481900289528,0.2991805834301948,0.3125578634157954,0.6129032258064516,True,3
0.93717616918400692,0.34437312759512112,-0.055749232317078935,-0.29395194295242161,0.86558861040344703,0.40539932507877408,0.18786453403472791,-0.36354299130939616,0.91243816794439858,15.304049077133298,-12.274709580735596,3.4260896666295495,,0.3854078950221426,0.1578947368421053,True,3
-0.92450346233644931,-0.32016618470923341,-0.20685009619686182,0.30959941164787691,-0.94728261251490686,0.082485491658967264,-0.22235456468263975,0.012217454549384325,0.97488931749667251,6.0072388362829159,-15.704979535840986,3.9014321817948483,,0.5381697463274338,0.4516129032258064,False,2
0.90273810066094151,-0.41118143926036116,-0.12646638139384964,0.4253539231289607,0.80918829994970498,0.40532497493160885,-0.06432699039966859,-0.41969526949000135,0.90538274728085955,-4.8596199164310141,-13.465541929978507,1.9032236728496585,,0.2784864216392875,0.2941176470588235,False,3
0.80990378436467914,-0.52696723658102151,-0.25760704889799441,0.57143183319993684,0.60973765269855984,0.54925918734911527,-0.13236887881043458,-0.59205196262812332,0.79495468642599765,-2.3597835481190246,-17.064309975683944,3.5032724899409393,,0.3629114948946016,0.2272727272727273,False,3
0.59864677647193132,-0.79242593295282404,-0.11697511617267825,0.7691522312127208,0.52789561283938879,0.36018199172837473,-0.22366690018922902,-0.30559345989201403,0.92551918134146149,12.400458882769289,20.474913017068072,-9.1942832034638666,,0.326616752289995,0.8275862068965517,False,1
-0.90486525194294654,0.41431625520842286,0.097779939130158144,-0.41918369232276098,-0.90722479122509092,-0.035045831096551294,0.07418832736276991,-0.072699510704405376,0.99459080692838442,-14.319821119097506,-4.1018561161152878,-2.8156680118118178,,0.2790320248742159,0.375,False,1
-0.43314449905335184,-0.81685769574231515,-0.38095845947606394,0.81759109712312894,-0.53399099192380284,0.21540292117153681,-0.37938191950173233,-0.21816765445589822,0.89915084035126847,-3.8554193863986916,4.2774428760433461,-4.8397291946168597,,0.4110582217474333,0.3130434782608696,False,2
0.21941720334529391,-0.87476950598386372,-0.43201203950454514,0.90664384817422705,0.019272523605690178,0.42145640628859482,-0.36035125009351499,-0.4841558439537984,0.79733311440164445,4.8472899647588603,-16.263645057806016,3.9055902312877415,,0.4329624599148265,0.32,False,3
0.1565534321410165,-0.97175878783185698,-0.17656693109535238,0.93478245155776118,0.08806852156993096,0.34413035868425051,-0.31886171163144139,-0.21892645746928185,0.9221704913276183,9.5026940608217636,-13.322189541747909,3.2846305195416545,,0.5211740862896241,0.5789473684210527,False,2
-0.6998133051084563,-0.67771777721404991,-0.22574311161412877,0.63912228469886201,-0.73519290137255766,0.22586301816080964,-0.31903611581526037,0.013784491991035291,0.94764230835588148,2.6921971559466793,-17.257025820045204,4.0590514893542142,,0.3011317988714217,0.8,False,3
0.11650332298953205,-0.98524353076083748,-0.12538804100198866,0.93880903020338691,0.068041052972722074,0.33765073658877132,-0.32413666954075615,-0.15705285799463439,0.93288253239877128,13.588187338438939,-0.19854371830887341,-1.2001881717628595,,0.2390187813299292,0.8157894736842105,True,3
-0.92412797466684904,-0.30384280039033434,-0.23166147519410113,0.32963249904404762,-0.94060514250922356,-0.08126734558960208,-0.1932094770246105,-0.15146457848673203,0.96939598691747897,1.1818189173288325,-6.4775491766079707,-0.078948879529680271,,0.3191997290690817,0.25,False,1
0.15404061582965323,0.98598077136266093,0.06413584939730399,-0.91944188357104906,0.11927172117752888,0.37470105319130353,0.36179844030916353,-0.1166883671598944,0.92492470696776985,3.651674879725836,9.9932909783385302,-6.2005870203231002,,0.1238468395946237,0.2413793103448276,False,2
-0.86533255285895272,0.49493609704088209,0.078979951940652077,-0.49437608107234038,-0.86880115022988291,0.027872061688879624,0.082412762519916166,-0.014927196829020967,0.99648648529152928,3.1816708190582843,-13.51471068775073,2.7320255730479301,,0.3304545373930173,0.4347826086956522,False,3
-0.88242721747036734,-0.45021454032894831,-0.13648836413371837,0.4156733056869526,-0.88201511173607261,0.22195730582363066,-0.22031320615611297,0.1391265982678985,0.96545630706294372,16.351467185591876,11.254090967717937,-5.2184650544607418,,0.2310285018123749,0.3076923076923077,False,1
0.69166720999582854,-0.63814673779209286,-0.33817925965661472,0.71312254478591552,0.52938484052675594,0.45957363581750521,-0.1142484430294189,-0.5590352687136747,0.82123496126235596,9.2038293923931853,-11.127027363912671,2.4498523991312013,,0.6546590092282267,0.5903614457831325,False,2
0.061933351418493043,0.94427198711670357,0.32328729379415128,-0.93895793131087413,-0.054701850934926285,0.33965528220932717,0.33841138162076939,-0.32458915855426468,0.88324380266071312,13.451400288479554,-7.398717601647526,1.5004918922200428,,0.5937673764359676,0.2857142857142857,False,1
0.99068797516172791,0.13180322876276104,-0.034135681590801062,-0.08007829682689277,0.76683429906243106,0.63683013760243434,0.11011267977513434,-0.62816643230050317,0.7702480970983292,-6.4267951219414474,10.454641210576757,-7.5764628263658924,,0.4448867699235802,0.1739130434782609,False,1
-0.86344066817073417,-0.44969156677088151,-0.22857757397440803,0.44872028441254591,-0.8917044071735809,0.059273574077630509,-0.23047845648910437,-0.05138817959766926,0.97171957688009858,6.1832931285880948,6.8006937632486979,-4.636424891617926,,0.3153634198322727,0.1851851851851852,False,1
0.47556896086590339,0.81935074419854415,0.32015390274400418,-0.81590462320947033,0.27479417303624065,0.50871191089922529,0.32883705582907985,-0.5031426442338407,0.79919563954456208,8.0784055938166617,-10.984341545007544,2.2816331485657,,0.6424386307187828,0.1176470588235294,False,1
0.092101540517335656,0.97374091455227008,0.20819687212165613,-0.9359640477575174,0.013300097125302474,0.35184429613370272,0.33983614807682938,-0.2272701888575912,0.91261144728572052,16.55201206742246,-7.5652634747670078,1.8135626963776947,,0.1139108990829411,0.375,False,1
0.44817397914270762,-0.79923279252305657,-0.40045852191605208,0.85345447771333316,0.24924515954857546,0.45770329353486994,-0.26599913325132118,-0.54690382499796297,0.79381400045107786,0.51167396368471696,18.661134500918202,-9.9782985317255175,,0.6037793116847756,0.4782608695652174,False,1
-0.47059658943686944,-0.84238008313420221,-0.26255408118938567,0.81856748937833013,-0.52788058622540923,0.22647152584635671,-0.32937230506410986,-0.10834150739737015,0.93796375326108528,0.5161933182054812,-15.13709144327011,3.0137354953185955,,0.2899883859453967,0.1904761904761905,False,1
-0.91524446503849111,-0.38563449775729919,-0.11667734722679404,0.35154911569991115,-0.90585002521829583,0.23632382669257748,-0.19682679814247034,0.17527625609730624,0.96464368840598069,-1.907945898257652,-20.016786595538715,4.714592007105483,,0.2460813133222211,0.1818181818181818,False,2
0.96766430693069916,-0.23710993256387386,-0.086050386239021809,0.25210856091661715,0.89806064255437934,0.36045576123481216,-0.0081891760807777381,-0.37049421341550082,0.92879867313683628,8.4935895243783861,-5.5904466920321436,0.32625324770578379,0.6882492827614638,0.5697606382222187,0.7333333333333333,True,2
0.9697972769008103,-0.20842043573055868,-0.12670502628411437,0.24382342690978812,0.81435204512480786,0.52666961474059915,-0.0065862133082202345,-0.54165641191711911,0.8405741806785002,5.9470048119635273,-4.0089934510263694,-0.56345470047075175,,0.8515900615149242,0.5766423357664233,False,1
-0.74795012640758363,0.65920333163198674,0.07759881424460266,-0.64255420906790639,-0.74840651556659732,0.16435259616623576,0.16641723713605183,0.0730661003664025,0.98334462329401584,7.0382890650223739,15.388753946155928,-7.8581527031976526,,0.3314497866493348,0.125,False,1
0.95416024231194119,0.29645475267236615,0.04114379186686451,-0.2484594836341476,0.70792698072987914,0.66114088887840694,0.16687155834194847,-0.64105691601654513,0.74913277424224745,15.124309832767377,-4.3615813379796693,0.50016760459884002,,0.3946999872850204,0.2380952380952381,False,1
0.92882956699822905,0.36762380723994104,-0.04613428031620026,-0.31832889766097466,0.85552613494165819,0.40834023233785971,0.18958467338851975,-0.36459260659289194,0.91166325078614951,-9.092791935331288,-13.702496813165695,1.5992015757109288,,0.4176840291377031,0.3,False,1
0.8534349822320656,-0.50040816093686613,-0.14574087817196804,0.50936393269422298,0.7415320036199855,0.43666769021488638,-0.11044055040078495,-0.44690262929984192,0.88773922114101667,6.4360627539598037,-17.961271289779237,4.7436433530096505,,0.1094305024924209,0.2222222222222222,False,1
