axis_00,axis_01,axis_02,axis_10,axis_11,axis_12,axis_20,axis_21,axis_22,location_x,location_y,location_z,dbh,dbh_approximation,score,reconstructed,number_clusters
0.81307606847372293,0.58211620777449602,-0.0069301891427693135,-0.5464614130625095,0.76727112905765538,0.33567087831433506,0.20071679279283064,-0.26913887708919265,0.94195383853463299,11.270357261976786,-4.5134073940623507,-0.43601701088188499,0.280160285854225,0.2764211619129137,0.9820359281437125,True,5
-0.96354073594032297,0.26613985103827265,-0.027546866843718591,-0.26351509616184093,-0.92608736945163384,0.27004069737165137,0.046357785520828761,0.26745422754459913,0.96245477394531409,2.7521337858658086,5.0171840763526703,-3.8470959392213238,0.4489505695976228,0.3826195841336372,0.9861111111111112,True,5
0.90487093986175038,0.42544530653342927,0.014313397304211599,-0.39610767698486776,0.82920590071387557,0.39435552798831319,0.15590795498422594,-0.3625105038063946,0.91884647477294612,-10.841887437392826,11.597512791648038,-6.2495088388315185,0.4054111013947157,0.3947240690057349,0.9230769230769231,True,5
-0.96062192594815621,0.27655363953206008,0.026899811323262066,-0.27075016754128745,-0.95340724047370662,0.13307509379548582,0.062448876403186512,0.12055172447494888,0.99074084379422678,-13.635999241181057,2.3049047911833607,-3.1209607877824923,,0.3202237169295504,0.3333333333333333,False,4
0.5672352550156361,0.82121114370931036,0.062100103985364814,-0.78230670600349383,0.51372533180803015,0.35225346158794929,0.25737207154100877,-0.24839190990524604,0.93384210436471249,-16.036922244695774,-2.7468229366806658,-1.5143025520349704,,0.2214398333650024,0.2857142857142857,False,1
-0.99407085787721328,-0.095078473617971296,-0.052756169058592678,0.079958220398928595,-0.96799142782785852,0.23790602901654481,-0.073687261517160901,0.23227716096564771,0.96985437462736712,12.446843067069619,-9.1894518200209365,1.4034271728308976,0.231493378399886,0.2759739468760806,0.4523809523809524,True,6
0.99891555135776244,0.035247445304835964,-0.030419382884945473,-0.02378086381139824,0.94796050228181283,0.31749859311499012,0.040027387773898693,-0.31643088299516042,0.94777070249871209,17.153428836815639,-10.175150134509224,1.8069405115918709,0.3098097803694805,0.3380176662805705,0.9253731343283582,True,5
0.30868796582133978,0.93084743505420409,0.19553718932748365,-0.90799707738943214,0.2271568657402202,0.35205264634615197,0.28328968779207714,-0.28622161169291249,0.9153273413323666,-5.1895625981972096,-5.0776561106294817,-0.31501854486223663,,0.5953228210440572,0.2580645161290323,False,2
0.90214039646139932,-0.4253508452317416,-0.072245162696978699,0.42097259295767031,0.83115332364416405,0.36327156312290115,-0.094471059330174662,-0.35813518544804207,0.92887803714649864,-14.864673884282684,4.5372148055475137,-4.0127694268031107,,0.3409191175409551,0.6666666666666666,False,7
0.48432672710000602,-0.84401432293517342,-0.23036372131235855,0.84843055909474152,0.38884378131904429,0.35911850429028641,-0.21352566077823412,-0.36937831069215338,0.90441497985130193,-1.09368289453906,-1.4409442065948761,-1.4898726551557069,,0.191172605685586,0.2211538461538461,False,4
0.99911528749703893,0.02373367319285264,-0.034718223550251857,-0.011444342582812059,0.94782165856210621,0.31859555957895408,0.040468127119470579,-0.31791636685983082,0.94725472517696585,3.5053130431755606,-5.1997010034929341,-0.24822887213800682,0.3103295275914918,0.2723949740135244,0.9370786516853933,True,5
-0.15156215898349365,0.98834961681120459,-0.013926482449296694,-0.94633348937944761,-0.14102144996983149,0.29080212779023579,0.28545023882138282,0.057253695055906481,0.95668185702419617,8.3823983250117653,10.187702490395324,-5.7473534713486387,0.3334102005935627,0.3096670580137377,0.9907407407407407,True,5
0.44964268340478303,0.89260061577260874,0.032948413966461643,-0.84813085858561321,0.41508946260928892,0.3292032574953685,0.2801704909075477,-0.17596840271222258,0.94368406644995995,12.579071294877295,12.41844184539017,-6.5815815374004512,0.5943890774352754,0.471002891938177,0.5753424657534246,True,4
0.89667781930862367,-0.414393473576605,-0.15571428135224624,0.43096428225397931,0.73675186813871663,0.52102444493077571,-0.10118634187104153,-0.53429835658667912,0.83921784440485436,-0.40682170735412104,-13.20473241448223,2.4593999678955991,,0.3130367257211951,0.2222222222222222,False,1
-0.45403425099820194,-0.79650364788046202,-0.39929292234350949,0.84794649323302307,-0.52388197369529399,0.080835773336704747,-0.27356835258180284,-0.30187682347315337,0.91325283460575057,-9.9580765935631153,-9.9742896311295457,1.075636919194344,,0.5146341789060364,0.3823529411764706,False,1
0.99835097564122965,-0.028874187861522994,-0.049614621953038562,0.044627264600608112,0.93401917377666277,0.35442430824060045,0.03610729414498913,-0.35605401878492865,0.93376752942937036,10.945044677354167,-7.5593822304180431,0.73121348341706327,0.1789238714745852,0.1671741265202141,0.4871794871794872,True,5
0.88717476180182597,0.45382182192902065,0.08346673566695556,-0.42860788651774567,0.7434638803456266,0.51337777341468027,0.17092753329017674,-0.49123030501226983,0.85409400290652315,11.401830931955377,0.85945354479038483,-2.3741958538844909,,0.2143720275468759,0.2352941176470588,False,5
0.98089141760255505,-0.19090585275711963,-0.037509762152370937,0.19251482720708407,0.92453687397858508,0.32889148660209067,-0.028108151470295654,-0.32982802190987892,0.94362249219904704,-16.497261005499382,5.2496924244226086,-4.2798230707298659,,0.09759612259168954,0.25,False,2
0.49030868549954265,0.87134991050119825,0.018620590572407628,-0.82905920673462186,0.45970924009861136,0.3183209799817126,0.26880889987549,-0.17151311331065011,0.94780009881315075,-2.2919429903085184,-0.59187806851110447,-1.7603567666482427,0.6216789887506601,0.546273872018778,0.9995164410058027,True,5
0.98946251983975286,0.14326601617028095,0.020946848046114103,-0.12645082160707175,0.78458034420111111,0.60699577692778528,0.070527381542679679,-0.60324831711656368,0.79442894984307488,6.9278309279446404,-9.3311879760652374,1.2698517063861303,,0.4986871302240315,0.2173913043478261,False,3
0.807104207004539,-0.58727935033143586,-0.060710490937417261,0.56719327010206289,0.74270611475887016,0.35592052687462944,-0.16393472294332179,-0.32169953648408067,0.93254212496778155,15.767821431347082,-7.188051130560674,0.72239301258645383,0.3366320226300671,0.3342160832698836,0.4716981132075472,True,5
0.5769622935030102,-0.81147201611625441,-0.09288529989168931,0.77999187171881623,0.51366576263225161,0.35743553873671607,-0.24233693884409238,-0.27867660712670189,0.92930735320023505,20.355223509101265,0.60861435681284104,-2.1826586305313955,,0.2838762837457808,0.4583333333333333,True,5
0.82720355301104032,0.561798860455473,-0.010785280564013854,-0.52784673008931082,0.7835060688555463,0.32786593235734585,0.19264503995674265,-0.26551888907846311,0.9446626954223426,5.6439127378989902,15.290004791793804,-7.8162928888014562,0.4501077013129554,0.3830631005138092,0.9425287356321839,True,5
-0.94896843789878793,-0.30679829461426544,-0.073032255159706641,0.293359328387441,-0.94373689158665486,0.15264659808337649,-0.11575494944063411,0.12343211040947399,0.98557866545489925,-3.9128610934150938,-0.18680370322849954,-1.9687351928910093,,0.1031996553455025,0.3695652173913043,False,5
0.48347823295896375,0.87346239767111566,0.057552046961906092,-0.83741407892975317,0.44237405870771235,0.32100288564544155,0.2549244175537389,-0.20339280232371268,0.94532793743642007,-14.57663735045621,9.1849777318780799,-5.5371224934771224,0.5595981905527075,0.3161849571444879,0.6101694915254238,True,5
0.15551654245307414,0.98682394042980037,0.044644323469426608,-0.9391650742497013,0.13369275495868221,0.31637827134794061,0.30624102980004914,-0.091130444233303881,0.94758201428733702,-17.20573349176567,3.1314039959289883,-3.5397815111105433,0.3137796373595155,0.2727272533099988,0.5833333333333334,True,4
0.98569447154461742,0.16796694703471776,-0.013910911911639678,-0.15230766280573788,0.92305426777454502,0.35323249368348331,0.072171910166149725,-0.34606057771297016,0.93543214181250722,-13.018334621030181,-11.67686050464094,1.5038722367387791,0.3183357034083839,0.3912761735921196,0.9848484848484849,True,5
0.44105313929317713,0.89717091722367015,0.023589692826997466,-0.8544274848614869,0.41170683654650603,0.31694030014206603,0.27463758197469573,-0.15994319625700643,0.94815208302159293,-11.821135938186664,5.7270096063524703,-4.2290208964365936,0.4770833107993663,0.4318901299204295,0.9921259842519685,True,5
-0.43759213189482782,-0.87478016840079476,-0.2080211120930224,0.85669125639436905,-0.47587724363637418,0.19905009471609228,-0.27311758881693804,-0.091107112574842969,0.95765665909922948,11.715308876158302,13.359888507940115,-7.0188553798465527,,0.5868774117892963,0.2954545454545455,False,2
0.87324744753134975,-0.43342338202483799,-0.22267255622131776,0.47352696224368956,0.64702695804702803,0.59760215159307695,-0.11493959895635608,-0.62729601264041446,0.77025229705414799,-17.248605281923478,-12.578708918897508,1.6555775980620286,,0.6049857792794551,0.25,False,1
-0.26480131543656871,-0.94108137770564027,-0.21034757873272308,0.90887823174882099,-0.31645860418721672,0.27165108446133091,-0.32221207798001827,-0.1192467709061123,0.93912703317084123,-0.60199563728493555,-9.2335786397100179,1.1364003832489593,,0.1777187076572286,0.1388888888888889,False,5
0.54276734048681419,-0.83879778340712774,-0.04268363447695285,0.80779627662529074,0.50744384326745484,0.29994319695614602,-0.22993214123125436,-0.19727905231231724,0.95300167153450821,6.2836988352525438,-4.5009254322640713,-0.46406657689401631,,0.1189658132628874,0.7058823529411765,False,5
0.35992119010061846,0.9220290112975511,0.14254556900239551,-0.88590973022419017,0.28983147314622476,0.36216248710764359,0.29261012766249139,-0.25663245994914857,0.92115096140089414,-9.2995329547266383,-7.4929334562356971,0.22242106037579573,0.3492631407454728,0.2968101637298574,0.4157303370786517,True,5
0.095381116721997922,0.99430843841868499,0.047467587491471112,-0.9643133333659466,0.080461951147977676,0.25224129223843816,0.24698631068446147,-0.069832683657842204,0.96649943539953642,-5.2650535468604627,-11.419218961061622,1.637632628500483,,0.3462254477547009,0.425,False,5
0.99318190236995019,0.11332493750590136,-0.027334361966068848,-0.096123378743888613,0.92877127332579446,0.35797237030760226,0.0659545666627223,-0.35290420850999737,0.93333199599728012,-3.510119698484643,-14.347323617838539,2.6502242241804002,0.2415202708103808,0.2334279070141593,0.9666666666666667,True,4
-0.96077768964264787,0.27723314307736302,-0.006929319186032866,-0.27494257781973358,-0.948980025326293,0.1544133751769842,0.03623271983684391,0.15026209073200997,0.98798203126477457,-16.814042018333659,4.1063809018738198,-3.9642055466983614,,0.6581802276776815,0.25,False,3
0.38723948080806103,0.9219453701782141,-0.0078942327340704582,-0.8781028799870545,0.37140745869269065,0.30164852359306954,0.28103543666581393,-0.109878269163623,0.95338651621661974,-2.4156141673293114,4.7927443350816485,-3.6983780004507061,0.6978497373492407,0.6263699369511125,1.0,True,5
0.46656714091317408,0.87774082727214442,0.10902358992308989,-0.84242791135011741,0.4034351911314828,0.35714879355106688,0.2695001246722995,-0.25847840663451099,0.92766297549557286,-4.8577914172545267,10.921241638545142,-5.8724959978127842,0.3832778235110743,0.3687170527687894,0.9795918367346939,True,5
0.72507592061784898,0.68836634499848992,-0.020412849227839817,-0.65172707234387295,0.69545723454434805,0.30264014620339424,0.22252355496500331,-0.20613347615888961,0.95288627731350506,3.9069406818043069,1.9946891273864678,-2.6591617197208239,0.5264403120054598,0.4914452763994602,0.9940476190476191,True,5
0.92620678906560305,-0.37422688905747187,-0.045773566554861256,0.36860439918508858,0.87334065600954081,0.31844449353415588,-0.079194575509850401,-0.31181778985040604,0.94683572236297864,-13.045280448872766,-0.23560270994107474,-2.2903365397995601,,0.07563819631854744,0.4166666666666667,False,3
-0.50198391393047459,-0.81218660151861866,-0.29726263550718807,0.81148448820584229,-0.56119304254881286,0.16295795284707359,-0.29917398876965345,-0.1594217466609987,0.9407867086301831,1.9057314703682018,16.212781549933577,-8.0840222698213307,0.409260664134139,0.2644125768042491,0.3095238095238095,True,6
0.99766238401175689,0.067717854769176355,-0.0091684062649730926,-0.056163159995655465,0.88896824804628194,0.45451199480852833,0.038928999310042227,-0.4529345936346505,0.89069343036857207,8.0356086557315329,13.272251296027122,-6.8959774341225391,,0.5544592846015288,0.38,False,5
0.87746966101344392,0.47941532998340408,0.014419964558036562,-0.44975223080836768,0.8119878577433004,0.37201969001699653,0.16664310631960769,-0.33292140251769503,0.92811282442481258,-5.9283420471999309,15.93952164150096,-7.7568928425962236,0.8462171997077835,0.7619492713963686,1.0,True,5
0.88490645247523969,-0.46218034872717023,-0.057705247751975858,0.4517093474303982,0.82137290011053632,0.34828899553102483,-0.11357480271472745,-0.33426917927687838,0.93560936291481878,-18.325173261790159,-13.162994481207148,1.7866586838844585,,0.2930112845570301,0.53125,True,5
-0.91637866287220415,-0.37510026099177685,-0.13982110154212696,0.37332322168878812,-0.92684986609833575,0.039737864328656169,-0.14449885252297689,-0.015783533108891079,0.98937907886822918,-10.784350927745127,5.0555686105980566,-4.0549017246950845,,0.3519014343365781,0.2580645161290323,False,1
0.79078438824133979,-0.57393282318842509,-0.21274671743821516,0.5995043788266704,0.65609644349544771,0.45840152333982781,-0.12350931576775806,-0.49003935688839395,0.86290606535067971,12.69978195184378,-6.3354297288787578,0.31126829075967066,,0.4672110130648909,0.5714285714285714,False,3
0.12890020290441162,-0.93745057495951001,-0.32337463907870956,0.9530346696692642,0.02698626754265078,0.30165652615601279,-0.2740614093585565,-0.34707082976274561,0.89690143439967907,-7.2910900788664774,1.184613601684543,-2.5744717712277079,,0.7297861860018515,0.5833333333333334,False,2
-0.2516703336894377,0.89204244686375811,0.37539621219981134,-0.91737280584881864,-0.34346426658820361,0.20114530237142694,0.30836533240575614,-0.29375597112287977,0.90477524899830308,-11.620657202291969,-5.6616836413864569,-0.37132468146608311,,0.5056291619023358,0.3529411764705883,False,5
0.75847441248489789,0.65098339930155702,0.030613386605833445,-0.61625397248335834,0.70114458567812987,0.35864649917812352,0.21200850691462658,-0.2908898138609064,0.93297133352949169,0.8154227121547426,-17.929270870508486,4.0633060492608362,0.6797084568426367,0.5154568403128698,0.9516129032258065,True,5
-0.38677350809875488,0.91897392141935497,0.076767083988633855,-0.88520662721620158,-0.39331377956261598,0.24842201580916373,0.25848690598461821,0.028128323044673012,0.96560515578428641,9.0134714038525416,1.727177540931863,-2.6639325020604092,0.5564665701017338,0.492469112380293,0.7508896797153025,True,5
0.26134031302012817,0.96503031139002338,0.02043866162489464,-0.91269845456121246,0.24016625219069543,0.33060807968083683,0.31413814132021073,-0.10505555390911422,0.94354679733478697,-10.388687931430718,-0.79050768439301122,-2.003393706073044,0.5835508248912373,0.4748513013542515,0.9839357429718876,True,6
-0.3213333474674564,-0.9296157928216755,-0.18044211687377285,0.90280087087157068,-0.3582471388075501,0.23792766776846103,-0.28582418959719652,-0.086449206316387459,0.9543746996690422,-3.6898374606443567,-13.163667501115972,2.3392305070376298,,0.4259590428797647,0.375,False,1
-0.2386026036650051,0.92914078173187664,0.28242911543776533,-0.92298581219720333,-0.30739807659762486,0.23152454078725859,0.30193705967792472,-0.20543570825627885,0.93092974051014821,16.170185034588709,-9.0038178582556672,1.3638258015336346,,0.4634979294546331,0.2352941176470588,False,3
-0.70091024244401701,-0.69215064791169645,-0.1721984687286427,0.68508377144497723,-0.72049241243559248,0.1074751586436031,-0.19845669084159692,-0.04263993689207142,0.97918168775873493,4.5979265915314427,-11.918171278022115,2.1272846419698213,,0.6453012645395605,0.4137931034482759,False,3
-0.55551797320562935,-0.79464552061911997,-0.24482295236655927,0.78605162268219941,-0.59788622715949491,0.1570188073183183,-0.27115056320094899,-0.10521670938094321,0.9567689460590032,-3.6156931220075008,-6.4443651767077474,0.19234743266316712,,0.6163448677494973,0.6666666666666666,False,4
0.66826459092205714,0.74390152639580864,-0.0057406920978976539,-0.70514492643321991,0.63586983153102217,0.31375179692584992,0.23705077355972909,-0.20562119631666545,0.94948767995168804,4.1795401315327076,-8.0097479474631985,0.78569805628706968,0.5084900635630578,0.4235890201291203,0.9948979591836735,True,5
0.90029892836608194,0.43509280111154447,-0.012493758593619654,-0.40390052129577181,0.84576649846240481,0.34863074875238415,0.16225353148665006,-0.30882565388832961,0.93717688139462652,1.9114412672245122,-9.5027706184960081,1.2828596850895198,0.5393344877718855,0.3778386627481736,1.0,True,3
0.64849639435741924,0.69871268624757987,0.30208112913937135,-0.7455239501083134,0.50280933985154619,0.43746635021787605,0.15377407557947978,-0.5089040674181563,0.84697708578504849,6.2215385540472061,-6.7098670225208377,0.45870215465785508,0.555160840722492,0.3266688149411343,0.4146341463414634,True,3
0.66842451385933754,0.74202034549401052,0.051131948377298009,-0.70698849329681646,0.61250353164577498,0.35356285730736969,0.23103233457203931,-0.2724797801569932,0.93401222143384799,14.938250136864808,1.675454335658054,-2.5991955004051301,,0.1822739549995612,0.5277777777777778,False,3
0.64620334689192904,0.75104199992426124,0.13548855603125642,-0.72517499930343887,0.54896490262503128,0.41564258211971866,0.23778657416037269,-0.36684254120215604,0.89937983917442699,8.483969624248191,-11.244956440497585,1.9421530577735169,,0.2708415215380093,0.25,False,5
0.5271142194295716,-0.74892948845881147,-0.40156596094785796,0.82243975791470025,0.33066494556938186,0.4628752946235164,-0.21387717100327178,-0.57425196132744816,0.79024758185977173,1.0470011922683209,-12.805920380310615,2.3879612132110966,,0.4901119738827424,0.1351351351351351,False,3
0.35502919357556173,-0.84436035066889437,-0.40126035180090802,0.90287353524098402,0.19838344919360373,0.38139662616166009,-0.24243277639488942,-0.49769428900114104,0.83278253081168518,5.1162505996112229,18.496599279355134,-9.0767514869885897,,0.6856573219903878,0.3779904306220095,False,3
0.97227549958964032,-0.21671632479277636,-0.087831585810729071,0.23078509727799074,0.82881970289470197,0.50970200997046,-0.03766419748387017,-0.51584099746128198,0.85585598880071312,-7.2000978194806118,16.225163486132185,-7.8144873904499947,,0.3025245527466217,0.1666666666666667,False,1
-0.47972364237815951,0.87718313895899858,0.020370755250392517,-0.84469263990871224,-0.46798756471017228,0.25977294578283999,0.23740170813935518,0.10741219671285973,0.96545484046113539,-0.25619329115735068,15.047915326270557,-7.620691161734122,0.5602107827379258,0.4037350064357211,0.5036496350364964,True,5
0.96287097725012138,0.25403652573147906,-0.091350559733772957,-0.1939775775136231,0.88638599453592337,0.42034815107539869,0.18775564063787892,-0.38702107472958047,0.90275273864099581,14.993653836142903,-2.1497548279782075,-1.2508511407754632,0.6375163920463259,0.2988608708934071,0.5806451612903226,True,3
0.97838411729117936,0.20071938442981146,0.049761910599155169,-0.18636516701323766,0.75152557584063784,0.63283278469239157,0.089624458472499807,-0.62842743222389363,0.77268778874264377,7.5178324392386795,-1.3127926248053958,-1.4992012854251635,,0.4902426582049172,0.2571428571428571,False,1
0.51192271158167257,-0.78572106945000031,-0.34724276578384661,0.82669536780758646,0.34074593464790959,0.44773538710537686,-0.23347356641030464,-0.51626989941625512,0.82398755132852763,-7.6764653876357158,-1.1060188083686073,-1.6982120852972074,,0.5617076116494198,0.1986301369863014,False,3
0.98053292972471073,-0.19045278665366544,-0.047779805162115566,0.19457880583434489,0.90980579738370781,0.36659582562691156,-0.026348852831889709,-0.36875621635824674,0.92915261978406682,-1.5135392835494461,-5.2979064951171013,-0.2026434139860942,,0.2819645061033705,0.8192090395480226,False,2
0.4436253805354039,0.89533458066833116,0.039654891303362319,-0.85336008564104038,0.40848133183196,0.32391289844571541,0.27381213628970935,-0.17753588427202954,0.94525548071207421,6.4494568833145483,-14.345144968668809,3.0467153294931371,,0.2177158779783412,0.2222222222222222,False,4
0.93622845423878698,-0.33290751031816035,-0.11246719987362938,0.34366935066237286,0.80075432844942429,0.4905954370811193,-0.073264308424729863,-0.49796093726644397,0.86409909505089211,-10.123497098590775,12.694129078910223,-6.7085746429232875,,0.1371417168544765,0.3333333333333333,False,1
0.99293237438897153,0.11522941390657704,-0.028416228831901823,-0.10006110933067067,0.9415515067632485,0.3216652522598189,0.063820641565216635,-0.31654848330485508,0.9464269562029608,-16.14478181644775,1.9195331115316736,-3.1795170406059068,,0.1540776609048576,0.2142857142857143,False,1
0.89266970135864687,0.45059865170793523,0.010082626406641405,-0.40411162992934507,0.79026859745082867,0.46061842607406533,0.19958605871180785,-0.41525461943498221,0.88754098846520679,10.705325578575012,-14.944494368910755,3.4158304659042349,,0.405036289615859,0.103448275862069,False,4
-0.41234705226438656,-0.90522276605227414,-0.10267254895804154,0.86753139334494511,-0.42456571832745638,0.25910081509341015,-0.27813520102613742,0.017767797887220681,0.96037758996573286,-5.7989010059549662,-7.2831086496555733,0.36715318363000021,,0.1451240078187752,0.3333333333333333,False,1
-0.69247674996369502,-0.63498627822110987,-0.34244470682231409,0.67622515717811182,-0.73669367685889486,-0.0014011693542752002,-0.25138712687636827,-0.23254000289632898,0.93953693886606682,4.163116342092815,-13.296839327066131,2.5725657610045523,,0.3498889304835671,0.3,False,2
0.92413194010868349,0.38190811874134162,-0.011240378570596281,-0.35610614612253577,0.87161176427048903,0.33686992308462504,0.13845060478277516,-0.30730948769072408,0.94148409907472652,-17.542549001869826,-6.7935183213609358,-0.22196707098441484,,0.2141398274663401,0.4545454545454545,False,3
-0.57456379099994592,-0.79452050868677004,-0.19650346395900253,0.77735706091488432,-0.6048759536612629,0.17274571059262453,-0.25611023001345279,-0.053499924845686248,0.96516594848966908,11.645460687507645,-8.6341354788511513,1.171560407131049,,0.1882430058112085,0.2777777777777778,False,1
-0.71195980271157,0.68092485118279089,0.17162338524979254,-0.67107218378715516,-0.73172916538572053,0.11930864457807655,0.20682205750364971,-0.030228720872930246,0.97791147910449738,8.3206229000490364,-3.7435604207965705,-0.65583573176006937,,0.5785835430450844,0.1929824561403509,False,3
0.69215660772272292,-0.70726030055445543,-0.14388223533638619,0.69901793373946275,0.607268043884993,0.37762342510324698,-0.17970297353239764,-0.36195081176275479,0.91471222314337697,20.212441365430404,-11.238478080651054,2.1941636014926913,0.4068259492625817,0.2385529801529102,0.2857142857142857,True,3
0.99713102400910336,0.074471648850657129,-0.013553393524197294,-0.056276587449544183,0.84909840345028265,0.52522837600725203,0.05062278798714237,-0.52295876967084709,0.8508533707759306,14.570344828442725,-9.2499262631775565,1.4036707610998302,,0.6298608254163376,0.2,False,1
0.30094482354873731,-0.88577489294185396,-0.35332004218989432,0.92479060920459799,0.18062800677239133,0.33486691729166673,-0.23279721284029672,-0.42752352239763652,0.87351536648791117,10.261476891143701,-6.2518487436927481,0.24699445778711135,,0.502558124084937,0.5227272727272727,False,3
-0.59511714712559338,-0.78842332115852343,-0.15564140789153394,0.76296872209610678,-0.6151328552629024,0.19872166333629332,-0.25241693742720367,-0.00048685672749500253,0.96761844374236627,1.8872973893572547,-15.587676921007111,3.2681424471394958,,0.592709536575682,0.4324324324324325,False,1
0.88185636960941738,0.46740382749857279,0.062153080526904547,-0.44198308510526524,0.77348704446714067,0.4542782677196,0.16425679852027877,-0.42807879424373863,0.88868906264153869,-12.317687604170997,0.28719977350387238,-2.4144848758763762,,0.08689528852842784,0.2727272727272727,False,1
-0.080123851731447981,-0.98920436867980788,-0.12269835112379746,0.94903135241886483,-0.11334862875962225,0.29409450944268406,-0.30482726339639737,-0.092880597236963736,0.94786788855154658,-14.688907413713181,-7.8180559780364707,0.20270133585230024,,0.1549176139871906,0.1538461538461539,False,3
0.55342753904308528,-0.76175072130364974,-0.33682903322321045,0.80174318536455047,0.37764998198686633,0.46323682477413475,-0.2256675070767106,-0.5264183979485213,0.81973034990238958,-3.6281597706151034,-4.8250801539167778,-0.44138054296534257,,0.5982985373783962,0.1904761904761905,False,1
0.99807117253207533,-0.05970914437933611,-0.016992723087712144,0.061843233104635527,0.93240462575752758,0.35608570370787235,-0.0054174790829112987,-0.35644976075662121,0.93429878463847627,-14.663653526913114,-13.651401963865819,2.0512457402176736,,0.3325729199781263,0.7083333333333334,False,2
0.5342785176605469,0.84501361877863168,0.022325985870516755,-0.80344749636343471,0.49943456419281329,0.32409448726700707,0.26271388648828231,-0.19109447969048354,0.94576123502607479,2.8069523124548721,-21.385528937708735,5.2230598455158015,,0.5410624684151224,0.8787878787878788,False,2
0.62395631754005698,-0.77691837119487617,-0.084121093084629034,0.75676487909776302,0.57388073142405893,0.31299812118339626,-0.1948985160692624,-0.25895704392830932,0.94602104513267149,-13.17681337844769,-5.7387843826037761,-0.40799525267846953,,0.1274542445247093,0.2068965517241379,False,2
0.96782710251629611,0.25035473311664752,-0.025163609458997468,-0.22979221904728195,0.92019114106684641,0.31692869855445943,0.10249993024504335,-0.30094978236940056,0.94811549549175411,-20.243502601200106,4.1758128000833423,-3.9792112060718474,,0.3600047510450288,0.6578947368421053,False,1
0.97283517101104855,0.22582696762669793,0.050930449992460936,-0.21031872611236999,0.7702428138165508,0.60207311948834974,0.096735533752464353,-0.59642953352134831,0.79681493965232175,6.5128452207587681,0.65943183389992976,-2.2492965956997786,,0.2392185272766826,0.2307692307692308,False,1
-0.91123877245297169,0.39465947850955363,0.11784649167866454,-0.40153360046805531,-0.91493634628963216,-0.040770699446286252,0.091731495537587693,-0.084471168221745829,0.99219451443035733,-8.3137357525433124,-2.2511732794342452,-1.3923200420376374,,0.4490280455782854,0.2978723404255319,False,1
0.86476762864154821,0.49102918317653499,0.10520118688807517,-0.47154573580775982,0.72196739906879492,0.50636715308495195,0.17268922229019745,-0.48749709327423252,0.85587675313329026,5.6849324310933973,-12.031616786535482,2.1555903314689413,,0.3086203087035501,0.4545454545454545,False,1
0.065297544716139702,0.9975623919669071,0.024607006874214389,-0.9539393350256048,0.055168177020213392,0.29488339616732334,0.29280706232082571,-0.042728753521841426,0.9552163513453481,16.645185709498179,-4.7633267117340141,-0.2484980282519578,,0.2520808350764259,0.8974358974358975,False,1
0.97651069715803362,0.21319602120237693,0.03121401735449765,-0.19478128697966476,0.81150348888459312,0.5509286140423989,0.092125504495100374,-0.54406759145496686,0.83396843306561375,-7.2242479930591497,-5.9089194880144049,-0.11730275160253478,,0.2016160079520177,0.293103448275862,False,1
-0.054939696915973509,0.89997566790104599,0.43246436487744061,-0.95566209821248194,-0.17288372551110187,0.23837191842479935,0.28929497704401674,-0.4001937213893656,0.86957081460777763,3.8148581399004975,-10.91676466904277,1.7617529471423967,,0.5306733604775281,0.25,False,1
-0.23372793143110424,-0.96971998281712413,-0.070812491794130697,0.92788307860898944,-0.24421943501654084,0.28176206272545962,-0.29052408936272611,0.00014995118667092411,0.95686766640669851,-9.1977017654030977,-12.267326120013635,1.8395291121915789,,0.2411170024797489,0.5,False,1
