axis_00,axis_01,axis_02,axis_10,axis_11,axis_12,axis_20,axis_21,axis_22,location_x,location_y,location_z,dbh,dbh_approximation,score,reconstructed,number_clusters
0.82711292927826274,-0.53854648294878926,0.16078522296598458,0.45780162622618265,0.81151557818611064,0.36312551189075831,-0.32603968047677034,-0.22673806928866655,0.91776248272080374,8.3441576727428526,4.4795800255431777,-5.6227346476425026,0.2859853650938941,0.3216644073884322,0.7971014492753623,True,5
-0.48474903421613957,0.72259184902244289,0.49282795532807089,-0.79026415348104806,-0.60330482514948303,0.10726535169491891,0.37483455223525308,-0.33746749129016718,0.86348986720917498,2.8305860038784467,-11.601888374541049,2.0559478685783592,,0.4180500216492622,0.2857142857142857,False,1
0.97698525625569022,0.070296336096219658,0.20139075001213422,-0.14532513759712243,0.91047244037985609,0.38719573821405423,-0.15614228588495843,-0.40755166597647013,0.89973397519401421,0.37186632728112001,12.681651160799623,-7.1990655301683297,0.4408444075653901,0.4132319824475979,0.7422680412371134,True,5
-0.44344845354490448,0.77867520644583677,0.44386753870402135,-0.84239946576931524,-0.53122868203071327,0.090328442140244214,0.30613168591343948,-0.33385776949839674,0.89152811544300203,-7.3227134112830878,-0.95958846813069054,-0.084110236875056255,,0.341465123224665,0.3846153846153846,False,3
-0.072496216764562971,0.9141763372891325,0.3987805447805246,-0.9417167270778658,-0.19443394121981528,0.27452695394711718,0.32850251824998034,-0.35563614389197851,0.87499087347301274,6.497413485345275,-4.8149017646888455,-1.4302504842682313,0.6111561660048349,0.3485761681663538,0.175,True,4
-0.68442073223526478,-0.71075181355236983,0.1624811398857178,0.72150101264651445,-0.62820124194316396,0.29120351709950543,-0.1049025740227531,0.31653603136623321,0.9427621072202238,-9.7273575675305146,-2.9142561745744011,1.2230934899125081,,0.1058701375869123,0.3939393939393939,False,5
0.95916988814196369,0.18747595642879425,0.21176848548082153,-0.253020257068583,0.90336989930158695,0.34627095539301078,-0.12638779685824231,-0.38571439018650716,0.91392041995371243,0.60792247351936646,4.8670852434086864,-4.1548399299869985,0.421085762235626,0.4153150705641897,0.9201065246338216,True,5
0.8162349893342874,-0.57766311303393547,0.0081098721567046117,0.47149445025534642,0.67419989574450245,0.568460626566617,-0.33384641014224503,-0.46017369374839839,0.8226704966249192,-4.3357218259308654,11.046871031777906,-5.558402126480722,,0.3607762719906857,0.225,False,5
0.97977408801607557,-0.15790644038110832,0.12291579450352877,0.03593739114526151,0.74311490267259395,0.66819813329847966,-0.19685334736787871,-0.65026594368155832,0.73375947156952781,-5.1020574995729824,6.177325532944212,-3.4796397294817139,,0.4326594442234049,0.1619718309859155,False,2
-0.96076267704836349,-0.23455778718318068,0.14804635376324196,0.22244208875789584,-0.97041209651977955,-0.093914216586786836,0.16569428336513536,-0.057297533976735232,0.98451124780791532,-7.1291790619239421,4.1859617912315814,-2.2593013527037624,,0.4362542296136367,0.2,False,3
0.71074537147232741,0.59712944300945114,0.37185675363220894,-0.69888258509740331,0.5392691021484447,0.4698424924542064,0.080025928162275883,-0.59382258609725569,0.80060638709826271,5.9352807413670376,8.3856369317596364,-6.7264149127515473,,0.5444295796984701,0.196969696969697,False,1
0.97175362810151211,-0.074186506287095444,0.22403403437081376,-0.026208671543043523,0.90950981750541227,0.41485539335679511,-0.23453782596309941,-0.40900886805323311,0.88187513517862415,-12.184414633869714,-5.7082659179069406,2.8794483603761707,0.4125777063603395,0.3425046846256135,0.8085106382978723,True,4
0.85888680086381464,-0.48913673029635857,0.15185098740840408,0.39582467917168179,0.82209022200346027,0.40925602041379328,-0.32501736362932254,-0.29139822573462459,0.89969483013861751,-2.6687805247349399,11.800885665753528,-6.204278170146333,0.1782327148374482,0.1620643619475353,0.4666666666666667,True,5
0.88455783397239784,-0.43584179854201455,0.16613056612713029,0.34892351475106226,0.85468093419748004,0.38441238478109274,-0.30953161262110862,-0.28206812539346543,0.90809016811393295,-7.631081039024509,19.23856436322211,-8.1039722143992918,0.1952908949401556,0.2359493206338084,0.4444444444444444,True,4
0.95796242940795506,0.19223598992144242,0.21296316118458614,-0.25913713407722938,0.89832273427563436,0.35477346409474936,-0.12310942118720664,-0.39504631280708263,0.91037491241382507,10.67972488273071,11.012035346728226,-8.8312651709374936,0.5151170725108674,0.5168294026155369,0.8045977011494253,True,2
-0.85815417479305545,0.46217651943153271,0.22352690480432946,-0.39870998065320168,-0.87425774103513643,0.2769544250732679,0.32342195907633325,0.14854718821403107,0.93452232143535863,-14.061253999192417,5.2840194669673011,-1.3379606813933997,0.219482428221598,0.1832173436505258,0.375,True,5
-0.60411847476662472,-0.79686212856395855,-0.0071844628305653135,0.78571908031172599,-0.59712684119032278,0.16150870677509072,-0.13299020745807577,0.091925424070732425,0.98684513533262841,-1.1347168557592076,11.089637678892913,-6.1589644640643311,,0.3800614146525231,0.7894736842105263,False,1
0.19340027283005604,0.94926931682560323,0.24795987296881583,-0.94045085499121917,0.10735450725501652,0.32253247761786169,0.27955057470079314,-0.29557194370488554,0.91350353161822617,-11.443048937462139,-4.1252148694121633,2.1584084934734338,0.6770818633595613,0.440161373502691,0.8978102189781022,True,5
-0.48954217961381014,-0.86585230906466559,0.10319027699520471,0.85297225474000726,-0.45093220675913703,0.26286589271163274,-0.18107122085717753,0.21670238530002828,0.95929833168966261,4.5575954700591836,15.515472602218797,-9.0942036308005729,,0.2724724005460774,0.5333333333333333,False,1
0.13854088409805629,-0.97876619373106266,0.1510733644377365,0.9264164967796622,0.1820029493729268,0.32958671228381531,-0.35008412978572384,0.094295622532353573,0.93195999787727413,-8.8067971852852018,-1.7468664118400965,0.46767657342731106,0.2640948009206361,0.4141739275816407,0.8701754385964913,True,5
0.82025994411822178,0.51188234230029306,0.25524516002529368,-0.57123031823489034,0.71008028538216639,0.41168180897490203,0.029488092587317244,-0.48348987161340551,0.87485312849804386,11.286133503987378,4.7062955661867623,-6.3177622151560007,0.239707257893214,0.2607133685427129,0.35,True,5
0.97826359161293053,-0.014814767165458495,0.20683536447716849,-0.073168953001236769,0.90862801177720798,0.41114649521855534,-0.19402744558766091,-0.41734357415399603,0.88779372123883371,-9.9493334842586592,-13.52889662200724,5.3860544673779494,,0.2635140142426585,0.4615384615384616,False,3
0.93699300820671505,0.2696405614152233,0.22212174637214968,-0.33833750280189995,0.85878487897948319,0.38472882116364582,-0.087016301745735561,-0.43564033247149797,0.89590494136075483,-8.5464277257202319,15.219037519915377,-6.3967431953053531,0.447262626789351,0.430154020704452,0.6438356164383562,True,5
0.8246146348603548,-0.54198610027330185,0.16205483974464066,0.46115984013899547,0.80997372593937456,0.36231776816885886,-0.32763135658404108,-0.22403935011159332,0.917858411621572,10.440622944832098,-2.7447024857157207,-3.0818420049842299,0.340928395222859,0.2708342085742551,0.6129032258064516,True,4
-0.48343553661423777,-0.87098164499004971,0.087641634106925645,0.85493356523683461,-0.44825921713970796,0.26105990362507314,-0.18809221400669468,0.20113340930766457,0.96133587818739841,-15.861561408460945,-4.6387905659766249,3.2876206525746827,,0.2392428264134595,0.375,False,3
-0.66498284430565091,0.65009491152305832,0.36766074415280398,-0.65446071925244254,-0.74439285901319985,0.13251580436208404,0.35983188259900234,-0.15249877855898242,0.92047006404514664,12.025022736796066,-1.4668467888685779,-3.9053967051683776,,0.6949656340991777,0.5714285714285714,False,2
0.81893385678133923,-0.5457158196273193,0.1775995000717164,0.40724940775869212,0.77065573558336575,0.49014044629336184,-0.40434546874848876,-0.32906531482510348,0.85335851813972075,-1.976351222226608,-12.648888184353607,3.3961648844150125,,0.4169201382465245,0.2424242424242424,False,2
-0.16324050090962841,-0.98254006496749702,0.089261187514171419,0.96094783980069631,-0.13785442489061753,0.23994875853075867,-0.22345421912586216,0.12494470085499249,0.96667317831990529,6.2434038738112534,6.4715924777543741,-6.0525854814246012,0.2067639300719625,0.2891110556803487,0.5616438356164384,True,4
0.81960579168606162,-0.54547867132157835,0.17521234365166719,0.45892287744694882,0.80813887096371495,0.36919013772486603,-0.34298125136875507,-0.22218142219982812,0.91268794055733249,-4.3450701236096734,14.113355095694411,-6.8109239737745826,0.260485728937277,0.3519333482153087,0.6774193548387096,True,5
0.92488396565618602,-0.33577682616177645,0.17844767604205716,0.25195330013692174,0.89264047455675766,0.37378137692132452,-0.28479674264675348,-0.3007439212948636,0.91018894147423479,-8.4171277351756508,5.6505543481240448,-2.5646264421545508,0.5720872998144539,0.5313932952717394,0.9131578947368421,True,5
-0.44929361313821936,0.71528004069110329,0.53526602038812054,-0.81691314152659777,-0.57146838052248905,0.077953891911484663,0.36164646879839374,-0.40224166051260257,0.84107875859143844,-11.813394818555421,3.372200632457659,-1.0112025116469512,,0.4043753453896911,0.125,False,2
-0.95902407129105549,-0.21998905209536154,0.17854312544175621,0.24684015299398954,-0.95808908408045557,0.14537966101135394,0.13907828570352143,0.18349420678609055,0.97313262535057954,-8.2758919642903255,1.8220356917705309,-1.0527674957353743,0.7097344058292422,0.4705282659304828,0.6103896103896104,True,5
-0.15305769586107537,0.93108344840961754,0.33114491364862098,-0.91584973901138722,-0.2595193480365473,0.30638042291807532,0.37120425279146763,-0.25638510115125562,0.8924539666656135,-0.61706300981672602,-12.405638533112505,3.0845538747104806,,0.1907114527452392,0.4,False,2
0.56155924996057616,0.66900963149239567,0.48690586539301728,-0.81384419521156048,0.34035869232879956,0.47097089769610623,0.14936142307892508,-0.66074357622805358,0.73560117711243478,-5.4587780835577782,-4.5296583924749445,1.0024741453888262,0.5434805855185003,0.3692221796937237,0.2608695652173913,True,5
0.74593576933316186,-0.65850937284879163,-0.099725793552297631,0.57822549934384437,0.56600308739525651,0.58761873435723611,-0.33050733719224179,-0.49598982946158199,0.8029688593792198,-2.8350554610227583,9.0519838680688487,-5.0282842243123476,,0.6604295316207287,0.2142857142857143,False,3
0.17235630202305985,-0.97719167914308425,0.12405533993526277,0.92071591771524341,0.20458191149322649,0.33230774946659508,-0.35010784626841973,0.056944391324304316,0.93497691537170657,9.6976265514955067,5.7078981787269534,-6.407076746925747,,0.3005617149285461,0.2352941176470588,False,1
0.71675715584329169,-0.69728123524344288,-0.0076196144793136134,0.59690781429757722,0.60785793640705477,0.52365044674615335,-0.36049998720932569,-0.37987841229047931,0.85189914373577136,-4.6631934824672001,9.3273136747022942,-4.7987171171811855,,0.3573525042738925,0.3278688524590164,False,1
-0.81710438458797408,-0.5500597027002847,0.17255360950261983,0.57643468338418369,-0.77543177298119526,0.25773750453322858,-0.0079674637673396165,0.31006433028730473,0.95068219222019801,-14.226176583920353,12.092837053240279,-3.9853515762048151,,0.1692666422410153,0.125,True,3
0.074182394378336292,0.95985014400921986,0.27052665933282311,-0.95009387719623084,-0.014402652778708655,0.31163149408744023,0.30301583601939241,-0.2801432930455704,0.9108793215805554,-17.689372323461445,1.3731984523776939,1.1232153703105543,,0.3249499926345415,0.5714285714285714,False,3
0.068597248346438627,-0.98428707496198653,0.16270639686893923,0.93990071479137904,0.11844191189845993,0.32024702940151006,-0.33448626855814462,0.13095979371018124,0.9332569145618127,-10.279763136251345,0.5269227602077412,-0.24422303951573959,0.3596006196677299,0.3383516909650187,0.8674033149171271,True,5
0.040162115552284577,-0.99919251616030857,-0.0011489663169966247,0.96047008332166728,0.038288614741774557,0.2757375582419393,-0.2754709122909999,-0.012177751450436952,0.96123227102047326,-14.892391551248236,1.8856219538557599,0.23364292100941322,,0.2690910649011125,0.3823529411764706,False,5
0.86288993407111036,-0.49707545187479651,0.091306937426576737,0.38923546846947993,0.76886889684939108,0.50728332275262589,-0.32236115113967828,-0.40218977436164022,0.85692862808686365,-6.9731729804854554,-1.9425054171646936,0.23023444542792845,,0.4054806579538648,0.2894736842105263,False,1
0.89559194453849367,-0.44486657673349206,-0.002966105727085,0.32427870164366379,0.64823465279984527,0.688937702967231,-0.30456262498550274,-0.61796890198042242,0.72481448912604673,-3.9051042731191101,12.363527193821879,-6.2608896414749591,,0.5379897686961579,0.2258064516129032,False,3
-0.87061531858304864,0.40629394657625539,0.27740619319695653,-0.37447102908265661,-0.91298886349195207,0.16193450378918584,0.31906177368389421,0.037102076965643355,0.9470074025362859,-5.8223512728630507,-12.437780969156069,4.1303599076436637,,0.4516973293080389,0.1363636363636364,False,1
-0.61400950138191912,0.70277592578521753,0.35930256101154678,-0.70210238398711722,-0.69428712904685486,0.15816960782489711,0.36061693611411627,-0.15514954262454511,0.91971954682449863,-9.3740476859416439,3.6676857548001425,-1.5945042684444386,,0.38370629828097,0.4285714285714285,False,4
0.9470949263408055,0.2379856672897637,0.21534628546634063,-0.30405788276130702,0.88012294919584422,0.36459895533246051,-0.10276188218505958,-0.41078755636393871,0.90592139786315262,-4.4612144925469961,4.5153935987508849,-2.8481091930074935,0.5348036196895787,0.5094012641303076,0.8836805555555556,True,4
0.37809824062513692,0.79404867157932479,0.47595002636756567,-0.88630723193935335,0.16198388637438588,0.43384410929163575,0.26739710366452896,-0.58587364484004634,0.76501690258036881,2.6052027036839922,9.1649238535251349,-6.2532823505327162,,0.5487931971154625,0.3142857142857143,False,4
0.33467582657986428,-0.93876407383731897,-0.081939641050258527,0.86645669580731177,0.27237737598422695,0.41840573531277403,-0.37046576818075994,-0.21102743595160264,0.90455654100887029,-1.9040069243519842,-6.1775040400928649,0.88767980923861678,,0.3457652785003796,0.1304347826086956,False,3
0.29324721996895292,-0.95601862155884643,-0.0058705377269058501,0.88366084921093002,0.26869844086011613,0.38333360334199773,-0.36489665872997229,-0.11759907785380461,0.92359129778037452,8.8429006422740422,-0.22099608428080664,-3.8154572155627542,,0.4674216418838255,0.59375,False,4
0.10339910606494207,-0.99170462412464033,0.076358125663059287,0.93093717246651353,0.12352350432797146,0.34365378624218579,-0.35023507218013328,0.035551123306336474,0.93598691863008088,-14.505063681408721,-1.790643084840049,1.8357784667157484,,0.2069932381563131,0.3055555555555556,True,3
0.94782286415477646,0.14119218743370207,0.28582614364876013,-0.30014594361958918,0.69739393433291363,0.65081035093517503,-0.10744408180138081,-0.70264248844155841,0.70338417861259306,-6.7073062551163494,8.9491830174646694,-4.2619883940648373,,0.5245543936016045,0.2926829268292683,False,1
0.85430031403621154,0.46806310874913198,0.22602632516087395,-0.51953737189387594,0.7822189769884097,0.34382319765369412,-0.015871126085933079,-0.41115738868139629,0.91142619508628353,-7.4622262865690638,11.758391333177064,-5.239079194878439,0.3834316426162633,0.4145083151654026,0.7333333333333333,True,4
0.69364120863923817,-0.71608165431341542,0.078031647639009077,0.60171839474037259,0.63557266724204875,0.48371722946975626,-0.39597581631782186,-0.28857312593273454,0.87173889662033788,0.57676344497736753,10.083958213120825,-6.229778938724305,,0.4476133671549194,0.6857142857142857,False,3
0.9660457787435669,-0.1652639673883339,0.19860356103253116,0.081239832326442524,0.92398218528368814,0.37370711917483085,-0.24526647348405803,-0.3448836649675473,0.9060351067277943,5.9318542049609491,0.42494755863229861,-3.4950281297333086,0.3800733921873667,0.3941027794499702,0.9239669421487603,True,3
0.6003434306019666,-0.78062835078511261,0.17380202324362387,0.700710784525438,0.61818143017594351,0.35616866206247072,-0.3854765385633826,-0.092038564396348027,0.91811586462769101,-4.1790877048900841,-12.591815137188249,3.8392945510500915,,0.1364287701313976,0.25,False,2
0.84331582328261023,-0.53733879284358244,-0.0092435873217536491,0.42424090670137599,0.65506099670678997,0.62523175197257963,-0.32990616132828987,-0.53118933752373898,0.78038440041989809,-1.3554234806576761,0.90034524122540915,-2.0235324178793741,,0.5484036899145752,0.2651072124756335,False,1
-0.26225794359678251,-0.96497424485735372,0.0067437216999089722,0.93004789335076299,-0.2508896986168439,0.26844976290128558,-0.2573551769329579,0.076675066937879177,0.96327007999619563,0.42972961497058582,-2.6145481898908263,-1.1146377706785355,,0.3595991907578454,0.1126760563380282,False,1
0.97241502270856595,0.058788461005680269,0.22572758020074279,-0.1736408808721405,0.82860189814337171,0.53222902859873067,-0.15574937592377813,-0.55674303879418641,0.81595301375359142,-12.406423288087927,-12.654212587865828,5.6028240147305617,,0.3920536158696876,0.25,False,1
0.1245598174548963,-0.98219913727689345,-0.14060478870980406,0.91777644787653423,0.060201255716273758,0.39250758022401877,-0.37705602183062081,-0.17793443607888146,0.90893789273995851,-6.2155711663280675,1.3268858306582012,-1.3412619176439797,,0.3348694767410665,0.2682926829268293,False,2
-0.47581038087582889,-0.87899597688108422,0.031153716915754248,0.85958195176321983,-0.45721343701137329,0.22819890713844601,-0.18634202331662281,0.13535858171211482,0.97311597700538854,0.20949785067894022,-4.0787995134637747,-0.38768804837910092,,0.292285083626574,0.2298850574712644,False,1
0.58420419075824959,0.75603754040338744,0.29514860833365647,-0.79910190494674271,0.47222887916642331,0.37206992782501241,0.14192113658995606,-0.45321862625229697,0.8800291289536929,7.0462282644014422,19.954678732744426,-11.238993581437427,,0.2534346123545882,0.5,False,1
0.18032440154060608,0.7764840803314017,0.60378438469450213,-0.94297083671574689,-0.038146575595806254,0.33068238518844151,0.27980191441915769,-0.62898116964040329,0.72532308451142213,-5.168742565750204,8.9181687039411202,-4.550996386057661,,0.4961301342027068,0.3582089552238806,False,2
-0.42669155098695216,-0.8983501116196031,0.10440975658144548,0.88098786667138806,-0.38677138518798021,0.27252206218500752,-0.20443751880256039,0.20826659010225004,0.95646763058298812,4.7478012768602609,11.687570834519745,-7.6782043722000077,,0.09567065458688513,0.1333333333333333,False,1
0.79675951842428294,-0.60247308843653358,0.046908927828819502,0.49581430198224585,0.69613060785063419,0.51920165134884266,-0.34545976285258329,-0.39042074038561458,0.85336346167772248,9.5079233014827,8.6078127733055165,-7.5797382254701713,,0.6753518162787493,0.3018867924528302,False,2
0.090559388711269881,0.90105150258402411,0.42415231557462008,-0.9443458979340007,-0.057549920907299247,0.32388089116029833,0.31624329585220701,-0.42987695483083832,0.84569260463474427,9.1222295902433981,1.3253803990207706,-4.4222336161821953,,0.3876336981239555,0.2631578947368421,False,2
0.76057574925097782,0.47021681765103296,0.4476836763267662,-0.64890896395696407,0.52823549630875033,0.54761703492107294,0.021016330498286162,-0.70701018722334075,0.7068910163630624,5.7560134128465199,-14.240663287465203,2.4870786666132458,,0.4526921102971759,0.108695652173913,False,3
-0.46085328702576517,0.72253459176458512,0.51532321075333976,-0.80462294745538565,-0.58515528276904627,0.1008722334227061,0.37442777710228042,-0.36815358038604096,0.85103864834870069,-6.0094806654077164,5.2899502019696083,-2.9116035980704287,,0.4948906592796004,0.125,False,1
0.80668268890327588,0.47890837277517706,0.34627995886220653,-0.58839569492215382,0.59604975917287395,0.54636543703553742,0.055258896305076771,-0.64449317690398389,0.76261064725281258,6.4441488862821368,7.6325524073060329,-6.4895824280289602,,0.7630952475424371,0.2105263157894737,False,2
0.69463569215319876,0.55466047161801324,0.45807533923070937,-0.71387678262495868,0.45302686231870637,0.53399119959668373,0.088663376970899876,-0.6979386959054148,0.71064786099865596,7.0163374023130665,-13.052419760864279,1.6496918739234718,,0.2658945090484632,0.2,False,1
0.33140907933979774,-0.92451469764286043,-0.18825672889296122,0.86890837582903535,0.22132287685782986,0.44273515626559601,-0.36764963830431741,-0.31030429907061269,0.87666697521521819,-12.369176230925747,1.3638784156060886,-0.18313267793726803,,0.718832769200248,0.2222222222222222,False,1
-0.23303155856614244,-0.96822076671214408,0.090801099220121459,0.93588116007687383,-0.19791326406439269,0.29147348785188554,-0.26423994195692629,0.15290155922921705,0.95225961074691956,1.4970530137034601,-0.26463626374102489,-2.1203504936988673,,0.2568844209628528,0.4423480083857442,False,2
-0.86843823141339582,-0.48700774474223579,0.092943503165383051,0.49501802775709264,-0.86220827232799302,0.10748975451016288,0.027788314361445271,0.13935692193162905,0.98985224043525366,8.6389171461170466,2.4593146352328361,-4.8209387987012429,,0.6578677539892448,0.3157894736842105,False,2
0.97829764024172783,-0.051612379863789415,0.20067358905013866,-0.033895418811154814,0.91557177893690478,0.40072361821825453,-0.20441337451616143,-0.39882888543723727,0.89395228757457057,-12.625230099019877,4.2159865570724833,-1.1429337936287838,,0.219457114915694,0.4375,False,1
0.85855733511655441,-0.47799512894453711,0.18547225944290188,0.39742148253551268,0.84897407007727066,0.34828033759560467,-0.32393744386352596,-0.22530797820256696,0.91885844797848837,-1.8272635174107275,-3.9423386279598835,7.4947619214429785e-05,,0.4279894493014039,0.9411764705882353,False,2
0.68194790200254696,-0.71692978265980745,0.14477135659268442,0.63240768816742288,0.67741945406431681,0.37571717980675212,-0.36743376940757744,-0.16466502357988708,0.91535668190513286,-9.9782053545560281,19.382519093870901,-7.6612379350883568,,0.1452830749004717,0.4705882352941176,True,2
0.83568974221868053,-0.54541042944260065,-0.064421411081354657,0.43705970433661318,0.58942737071131734,0.67937779585554314,-0.3325679924401434,-0.59590505796777848,0.73095532852066369,3.1064399498728665,-0.29804525317374314,-2.4570448481906322,,0.605572820943756,0.446969696969697,False,1
-0.17489971583060518,-0.97949475497986149,0.10000057184493881,0.94357115223957988,-0.13773776299430457,0.30116737756038009,-0.28121801162735882,0.14703174355310492,0.94831329017582011,7.9840494589776929,9.3031466104740765,-7.5547257469662812,,0.3208599856554651,0.4615384615384616,False,1
0.40564956891792076,0.67276084637693812,0.6187416834341215,-0.88914022454649211,0.13354974812904161,0.43771466261490832,0.21184449091283553,-0.72770688354368018,0.65235312777132137,-13.33761010920888,3.4342688740702059,-0.70734738659631724,,0.658877269663452,0.28,False,1
-0.95551338885274761,-0.24966510739035294,0.15703979710538932,0.2696677154967822,-0.95515944852399171,0.12226917483197236,0.11947169933454899,0.15917839692341554,0.97999426070309581,-4.9190175073644378,-1.5114932607860447,-0.3951052389315492,,0.5794969018761322,0.3684210526315789,False,1
-0.51025440942328137,-0.84526198388663232,-0.15865880454652409,0.84245685245583868,-0.52834907263462216,0.10542157841891453,-0.1729360847663057,-0.079871371856057444,0.98168919447222802,2.6145769717255707,11.213751436055141,-7.1198696036277669,,0.3840099240226953,0.3333333333333333,False,1
-0.73264132192295695,-0.6801237800522163,-0.025852218830632073,0.67722426067435681,-0.73225210448120981,0.071931608051749474,-0.067852738817629404,0.03519231862671135,0.99707447392089166,5.5631496577712287,5.6404854467331331,-5.5450688313729337,,0.5045309974390535,0.3,False,1
-0.2655148198511133,-0.95554365424449017,-0.12821156450381732,0.92938422636260709,-0.2890472020926117,0.22955756304424199,-0.25641146664649972,-0.058206870689967299,0.96481351564780249,7.8684140950434225,-2.7341595091748143,-2.5984184843066838,,0.3165257836558635,0.2459016393442623,False,1
