axis_00,axis_01,axis_02,axis_10,axis_11,axis_12,axis_20,axis_21,axis_22,location_x,location_y,location_z,dbh,dbh_approximation,score,reconstructed,number_clusters
-0.84946986674777247,0.51329444598142637,0.12218738565065659,-0.52004288266770105,-0.85363308107608371,-0.02942725062285427,0.089198350176387026,-0.088540242924746937,0.99207070297869282,6.9084137506855177,2.6039152346504402,-3.1926181159811757,,0.8544854046594992,0.4905660377358491,False,1
-0.32204648736053754,0.93731004783268845,0.13317632751589897,-0.9427561347386979,-0.33037328673481892,0.045435248701670927,0.086584816170553511,-0.11092053752085831,0.9900503542571939,-16.884360709667689,6.6923341308039985,-1.4324237669909248,0.2193211658113974,0.2922154219427501,0.5925925925925926,True,4
-0.55234322430286309,0.79005412111357698,0.26595384614284667,-0.82775304088716706,-0.55757109956555506,-0.062764418513265946,0.098700890921852302,-0.25481160617349052,0.96194032012933173,18.654887557821517,-4.2255552520885509,-3.5782242437822238,,0.2914454642404229,0.4347826086956522,False,3
0.52987145976240191,0.78809278842629293,0.31328260877318503,-0.84764596935687864,0.48035329794041309,0.22529318629467604,0.027065601088839923,-0.38492917009268063,0.92254917877014075,3.1609806763531996,9.8099771456367897,-3.5405833187882818,,0.3661773949309662,0.2972972972972973,False,5
-0.078969617123811509,-0.9289805192811269,-0.36160613154022625,0.99273281442808414,-0.10632644710543751,0.056358191983340258,-0.090803957672642585,-0.35452768783566585,0.93062600427286724,-3.3778773976604493,1.1774329772235335,-2.0107410574065305,,0.4074676548695761,0.145945945945946,False,3
-0.11079930196595755,0.98973159596981419,0.090304388724481571,-0.98957381184802018,-0.11827984564758401,0.082179979424213581,0.092017311351924452,-0.080257373820910943,0.99251779246466643,15.00382984808769,10.418134657208332,-5.0330752561549668,0.538242054550843,0.5818023631320984,0.9369369369369369,True,5
0.60892216446337222,-0.79304993221010722,0.016899782447871999,0.78730013868869775,0.60683314491259965,0.10914222764924923,-0.096810584369678154,-0.053153920429516513,0.99388247368437554,-8.5699162917876617,6.1189278490651642,-2.0268484784946703,0.5183095558712127,0.5258697355075994,0.8877805486284289,True,2
0.27891798101926751,0.8488526733334365,0.44905890352916195,-0.9555076155100144,0.19857924716749742,0.21810887028444315,0.095968518622002522,-0.48991368787682138,0.86647251650841783,-0.54975906775838768,-11.335083746981145,-0.84980983775665253,,0.6888326898072435,0.4361702127659575,False,2
0.8220410544938348,-0.56925193362063553,-0.014168302503557904,0.56157610904963817,0.8063367468057876,0.1856160674492624,-0.094237882358071706,-0.16054060800877662,0.98252019557301717,2.8557313762860757,-10.182959833443091,-1.3537539914172834,,0.1333671997078286,0.2105263157894737,False,4
0.055434788225975896,-0.94621701997716368,-0.31874807506850589,0.99449443378731472,0.02389303741938905,0.10202913274611936,-0.088925842252917386,-0.32264914980271114,0.94233206499152844,-20.662066385898058,0.4644511676216847,-0.61983906301383496,,0.4230758559925635,0.3846153846153846,False,1
-0.54910586076077117,-0.83545130747860064,-0.022446971075594457,0.83470588917626731,-0.54956410145065882,0.035289898996550037,-0.041819041746903499,0.00064127141369323126,0.99912499544268452,-13.414689636711879,-8.4947999889309749,-0.28515914712105905,,0.1637007475907973,0.3043478260869565,False,3
0.89721201079424984,-0.43951623209277196,0.042849613924887654,0.4211083757567296,0.88075639397194672,0.21664697169603486,-0.13295993213772481,-0.17633393378617196,0.97530918187076765,-12.741714304284784,-10.681250239497297,-0.089949947421708878,,0.1758969814002088,0.2857142857142857,False,2
0.033219650742255483,0.99198434065097241,0.12191604778624167,-0.9956380731891753,0.022204846151045329,0.090618828195661222,0.08718533145379978,-0.12439458473206538,0.98839501479349223,12.968211358772258,5.128178829830599,-4.0989582413209646,0.5744492722183132,0.5575055640549135,0.9233716475095786,True,5
0.86187300725992622,0.50231406171930948,0.069681437670164242,-0.50702515050763519,0.85081627847427899,0.13797520442415662,0.010020783873583558,-0.15424734578665433,0.98798144729966031,-1.0889542096266802,-9.5024190693016557,-1.0685854100411123,0.3273436663643499,0.3325884698541747,0.8598726114649682,True,5
0.74761075387739706,0.65437820686485715,0.11343422352713731,-0.66399973866971507,0.73299850020003221,0.14770763606210191,0.013509542309818323,-0.18574811192805737,0.9825045196749691,6.3315522979648611,-7.5085421086931836,-1.9110302939206756,0.3352251039028375,0.1707748823309543,0.40625,True,5
0.92638939364296358,-0.37290771743366014,0.052369128541918941,0.36401889057330789,0.92241921072867461,0.12896917067449659,-0.096399889271724021,-0.10041231974766246,0.99026482689798323,-6.7965609289280922,-0.58721909759486013,-1.5362225995508305,0.3688204414102952,0.348663450518801,0.8571428571428571,True,5
0.98076664403794522,0.13968870898588198,0.13632261193361755,-0.16807993403510615,0.95950672188283626,0.22604421345481912,-0.099226638143698587,-0.2446097202555757,0.96453105654467597,-18.267099043387628,-6.4276998787740851,-0.17811607660561354,,0.2051255808473581,0.2195121951219512,False,2
0.67972458139430325,0.72343139960197822,0.12091940918753175,-0.73052337059175021,0.6529765611973436,0.19989301024838174,0.065651340181350409,-0.22420664708436719,0.97232776414930067,-16.886062364702536,13.975721797887402,-2.0999093342844732,,0.2727873892403903,0.2,False,4
0.93840220206452529,-0.34257042972522483,0.045241660428468666,0.33637557372133192,0.93559888798708946,0.10726692967064441,-0.079074525380142896,-0.085441333528901445,0.99320038157499146,-3.480025504936445,-2.4957538045534586,-1.6175327364606198,0.3347503899718443,0.2846043022651675,0.7380952380952381,True,2
-0.69276318552329685,-0.71222237746428352,-0.11321861076138902,0.71939719723025486,-0.69348159754870808,-0.039382057825187153,-0.05046624020936271,-0.1087315910874857,0.99278930277210198,-4.4414022695588722,-9.0674569757972225,-0.86589074184795256,,0.3764303599362107,0.2258064516129032,False,5
0.37644723112003142,0.91719745269682262,0.13052323528216092,-0.92499645092599192,0.36425590466082852,0.10816284803037285,0.051662829542929792,-0.16145113405046757,0.98552751527161198,15.954348991233253,-4.5657246306009682,-3.2751495168625722,0.5007797272700469,0.4677948360023218,0.9411764705882353,True,5
0.38806848454491744,-0.91750047350688047,-0.087153499170483484,0.91610667969888981,0.37367601189412225,0.14530928926251857,-0.10075416971066516,-0.13623185842361638,0.98554019605308918,-2.1146690314034164,-13.171240145941631,-0.55415272871811727,,0.326065585853233,0.4523809523809524,False,5
0.35439366657204385,0.89696097817585341,0.26432202466582377,-0.93467829970508109,0.33133760409861474,0.12880942578324747,0.027957202185542668,-0.29270530528162109,0.95579391037291672,-6.8491929760360319,8.7313334540101692,-2.5232821208728056,,0.4164404855768991,0.5454545454545454,False,4
0.25359926184052611,0.95825002615102339,0.13207687827740369,-0.96618233335594494,0.24434222038538184,0.082392827649040642,0.046680971549479339,-0.14850510670918132,0.98780925293119848,5.3203849828416665,8.4205826858944306,-3.6526423710146028,0.8606751656157798,0.4471325991715592,0.9033613445378151,True,5
0.76003117965597966,0.63824530722523165,0.12245625241575522,-0.64988658466411409,0.74636415824838553,0.1434850875728694,0.00018172604364834893,-0.18863581602429114,0.98204709453696626,-16.471757091204349,-8.5672139574814103,-0.082655368955906,,0.1826633082396456,0.4285714285714285,False,3
-0.23229007673270952,-0.92074700572963541,-0.31347451521841646,0.96790223439968137,-0.25061641866053386,0.018885850308383842,-0.095950950467489055,-0.2990256880899656,0.94940879128366351,-5.1226557165822966,6.023906565963137,-2.3660702182487032,,0.5458207346636803,0.3987730061349693,False,5
0.46000066580237237,0.8699665023429124,0.17764479238810713,-0.87526266620367521,0.41061726545802613,0.25555572084734751,0.14938089774602525,-0.27304165636219813,0.95033341584918485,-17.931180256064849,9.7770256208547153,-1.6444296598089432,,0.6744232282955642,0.5333333333333333,False,2
-0.89509362514630697,-0.44015127399828857,-0.071233827779542,0.44583059488530768,-0.88583782078921403,-0.12855518629611548,-0.0065178897393811386,-0.14682714754805967,0.98914069062810561,18.668568219236331,-9.3147893394426333,-2.9623057525400927,,0.3144503905655682,0.5,False,5
0.33234211340412573,-0.9376838679991536,-0.10147750170468921,0.93782013597061475,0.3171108134761419,0.14118825923056616,-0.10021033991628388,-0.14209044890718583,0.98476809051838088,-3.6023549537093911,7.17951842885698,-2.6644543074172575,,0.1493654682827204,0.1666666666666667,True,5
0.42441924803868103,0.90170199506453785,0.082473110714415571,-0.90365398876698888,0.4160501858557375,0.10154659735765229,0.057251816388577015,-0.11762548595452463,0.99140631154646697,-3.6109358596938592,5.2779613516934178,-2.4370714788548078,0.4261442127832873,0.4189572711044234,0.9212410501193318,True,5
0.75824224459483724,0.64582541100974,0.089320977412275959,-0.6517530827996344,0.74728192907675539,0.1295671159534591,0.016929783606322468,-0.15645848321335765,0.98753942982425769,-16.96644140991463,-1.9129525341510136,-0.64200209106080175,,0.07741029660290738,0.25,False,1
0.71293159301522657,0.69654323235404236,0.080969556887482058,-0.70083904656802953,0.70389173339640576,0.11559004482142889,0.023519661697998052,-0.13915442184130136,0.98999134965696878,3.7865011436311193,1.2864994676256025,-2.7207228090109026,0.4533732079075546,0.4508846901442513,0.9513704686118479,True,5
-0.63744222601961165,-0.71005355765856526,-0.29915105506011314,0.76983127734671786,-0.6030774479575971,-0.20894352390939214,-0.032050162337894275,-0.36348526382972979,0.93104846816519105,7.0891709212064162,6.177064519440024,-3.5969141765451593,0.7355238767875685,0.4454360988801674,0.2168674698795181,True,5
0.78926883575482842,0.60787039423532163,0.086880888107868731,-0.61338787434685027,0.77393102178762518,0.15743598419362265,0.028460859271464092,-0.17755099922826825,0.98369996551924976,-8.5353590612136294,14.487678109048773,-2.8828139543573315,0.2857643939619859,0.2462934780817619,0.25,True,4
0.71291099414184589,0.69755397790280571,0.071946941169579434,-0.70068443265691105,0.70443623502646247,0.11318531978135345,0.028270837694515258,-0.13110316050239423,0.99096554987665231,11.774279048945909,0.27637519882599237,-3.4155366932824069,0.2995681743108428,0.2863592122688241,0.7666666666666667,True,5
-0.97077065078164571,0.23260181302649113,0.059167052975189892,-0.2367128755002666,-0.96860549778823724,-0.075963176781885897,0.039640360156978298,-0.08774842580462637,0.99535363344664329,-16.696623389729478,16.687032028290051,-2.3982227112359453,,0.2568732038326104,0.2903225806451613,False,5
0.31960337831968205,0.92966919444417728,0.18321809263323754,-0.94493472070724105,0.29834584102647588,0.13449212893003845,0.070370833223541235,-0.21611327595434821,0.97382903930192244,13.167058873235503,-5.5913179842160012,-2.9048489631405729,,0.4140200312217733,0.6823529411764706,False,8
-0.93166749475105903,0.35894382924225671,0.056169446082278383,-0.35619572612153338,-0.9328860360725989,0.053368983440821034,0.07155615918310515,0.029714830466599042,0.99699385400979423,-18.691314889043674,-1.3959786018429572,-0.58202650487783825,,0.2553431544515401,0.3076923076923077,False,3
0.95887245929188836,0.277206296627515,0.06099406464225967,-0.28274239763824593,0.95171558466324624,0.11955828071226145,-0.024906693664597121,-0.13188675073393069,0.99095183616134674,-6.4094647973657093,-7.5129734265678572,-0.88045753022554485,0.6200577753139571,0.2929466193970834,0.65,True,4
-0.9113936305929432,0.38559376866105105,0.14380227983026117,-0.39723076349018077,-0.91558752337073579,-0.062507660209368654,0.10756100897453946,-0.11409177278668989,0.9876303441727422,-14.682985229154612,-6.2555069877635932,-0.40547417596250124,1.133420251954349,0.426979257250781,0.7222222222222222,True,4
-0.31665690648707445,-0.94421839748606962,-0.0904434708692399,0.9451690982800478,-0.3221255518670425,0.053763412194861991,-0.079898555872540244,-0.068459818018982807,0.99444933208599962,-4.0017378182277907,-12.975135797325299,-0.447086261385235,0.3578785538608918,0.2068613182462005,0.4193548387096774,True,5
-0.42878435359234113,0.89987281752926684,0.079830385107037841,-0.89713954611671232,-0.43453465567939736,0.079500111994183401,0.10622905867933841,-0.037530591329305626,0.99363315252993401,0.9368389936236361,-5.539044397681657,-1.7364089471474409,0.3412875619548649,0.3052099984112587,0.7869674185463659,True,4
0.96377222949980801,0.25888028986909661,0.064219040496267005,-0.2654273740416892,0.95459965339412345,0.13523243268222335,-0.026294462426562575,-0.14737875442923018,0.98873055176250446,2.4504023538435229,-7.8657525701082882,-1.6165671503908363,0.3468605523052938,0.2761961102315804,0.6535433070866141,True,5
0.44333014681699134,0.88557139331754398,0.13864230328744886,-0.8945518892645915,0.42729728527456445,0.13112569317314518,0.056879682984131215,-0.18215470714371204,0.98162333118616019,19.854965239795487,8.598730008022871,-5.3483712901829907,,0.4495800999530236,0.6470588235294118,True,2
-0.84667691567407222,-0.52814030193190142,-0.064853850617523218,0.53210365155905481,-0.8408114963588198,-0.099507444889126051,-0.0019759711941359781,-0.11875962725658265,0.99292106759385346,11.842243687365144,6.3756824084251651,-4.157010732389371,,0.3536053082452153,0.1785714285714286,False,1
0.99144613738942322,-0.12064423516555312,0.049794830825205111,0.11456761068220772,0.98722212278761456,0.11075532881665667,-0.062520550526704022,-0.10410306815860129,0.99259948214866744,-1.2497241210091057,-1.2305963410145042,-1.9323583842690526,,0.3673069103466024,0.8103170338527673,False,5
-0.94501503394190534,0.31120720677219599,0.10048213809840742,-0.31973586987939218,-0.94376999243786408,-0.084066490864689536,0.068669928908134004,-0.1115718415501069,0.99138093840706376,9.0204106971901776,-12.611856360695102,-1.5934969710942728,,0.3691702686141899,0.7407407407407407,False,5
0.65572086854631695,-0.75491490947965201,-0.011559498180874643,0.74725256821580976,0.64672498989934135,0.15284105055440775,-0.10790617149978796,-0.10885893112201231,0.98818317698047919,3.3221945744010553,14.813302485963618,-4.1650493673660334,,0.1506996283916456,0.4285714285714285,False,4
0.57184478131047023,-0.82034014813369882,0.005965521600051836,0.81441505065841069,0.56855847211606059,0.1160576970567173,-0.098598536241864251,-0.061508577816685304,0.99322455844885871,5.8983623523361821,-4.1829836080251219,-2.3244003395342503,0.5381578119448839,0.4977875610342717,0.9220183486238532,True,5
0.67041282835029359,0.73283453205611593,0.11619031030792454,-0.74103109002975598,0.65333629212649147,0.15499875160696747,0.037677091085568291,-0.19001378375396868,0.98105820356940532,-11.176390545844262,-17.746124961284433,0.50309438014516117,,0.3352213355188279,0.5,False,4
-0.99896810291691496,-0.028863759433591471,0.035065834453805199,0.022282559060000914,-0.98424993226812929,-0.17537262725956479,0.039575458510540139,-0.17441030422983744,0.9838774460582671,1.2793120021499698,-9.0109493075968103,-1.3590132908383574,,0.3142234204976371,0.2814814814814815,False,5
0.86791884916145401,-0.49622522633858768,-0.021849393938402621,0.49125215560927527,0.85105742196505652,0.18539844693910801,-0.073404297418465589,-0.17164436857470794,0.98242049034875711,10.929472688402566,-3.6947956187559212,-2.8868014066565797,,0.3490523659045235,0.25,False,4
0.94905238648722512,-0.30138089024610998,-0.092027858267834578,0.3058536113819581,0.8106974047527794,0.49922268210861792,-0.075849430502255941,-0.50193553064270158,0.86157274038290776,-0.32816545472268011,-14.331399315890804,-0.56337970257702463,,0.5004220919956763,0.1428571428571428,False,1
-0.98007696046046489,-0.19424925942046861,0.041429177993015529,0.19464739799882236,-0.98085634153529588,0.0057643492507357813,0.039516351386047407,0.013713587590264193,0.99912481476967629,1.347120977288417,-14.868980509201897,-0.60332103399734094,0.3400125804136717,0.3822123261610327,0.54,True,5
0.83813059868441953,-0.5454683731292852,-0.0011633849698481288,0.53797186477809111,0.82625578811279765,0.16699594401446965,-0.090129752335621482,-0.14059027891640125,0.98595689622727867,0.88187918883506922,9.1978694763113928,-3.2632652175055878,,0.0694128520379591,0.1777777777777778,False,2
0.91896306893824409,0.38752746279606209,0.073002352745996424,-0.39391212593693448,0.91074852995460431,0.12397722462360813,-0.018442206143759354,-0.1426870027871304,0.9895960308470203,16.431044182107879,-1.5172082609458186,-3.7151161973535043,0.2185922082973692,0.1705338281765229,0.5294117647058824,True,5
-0.69804969750495871,0.63399468588401631,0.33283232728216572,-0.70935313693506818,-0.6756972652456309,-0.20062734823536332,0.097697220705675936,-0.37614351517792111,0.92139639084163083,-5.2425036916421446,12.293737171081784,-2.9977748443829477,,0.5438388749127636,0.3043478260869565,False,1
0.84278070500524704,0.53307492362263365,0.074510462859793833,-0.53824797325311402,0.83384737254248864,0.12242417487123224,0.003130903986482296,-0.1432818380280983,0.98967697373007313,-5.0425151809884925,10.139555222525738,-2.831041357767015,0.4169343430905411,0.3688229516427149,0.7156862745098039,True,5
0.26802362295329718,-0.96323367628820811,-0.018553231613163072,0.9587409404152496,0.2647804218486709,0.103475298392043,-0.094758359581997506,-0.045521567085754805,0.99445896859517802,-16.567668723384756,-6.641154752799336,-0.25090934015874511,,0.1263979375749655,0.2,False,2
0.92339416005203212,-0.38324215048239663,0.021649001719005655,0.37433867452488367,0.91155219378126506,0.17012687843934562,-0.084933985758086097,-0.14899010741049426,0.98518433095388525,-6.9234028967627017,-4.3888795811168713,-1.1569449667660117,0.4900623828925403,0.3348891270236772,0.3972602739726027,True,5
0.89898193653135172,0.43280684973457584,0.067154364066481231,-0.43794287954615613,0.89040935598241966,0.1240048911688352,-0.0061247077613819853,-0.14088793277568462,0.99000660520676975,-1.3995754577237984,3.1459642859718375,-2.4212642658952701,,0.2479793991233656,0.8345679012345679,False,4
0.9916480739901361,-0.12349208180415333,0.037199503804886874,0.10147837117775241,0.92510036158321818,0.36591182159327662,-0.079600487025920777,-0.35908080807845461,0.92990576712641215,1.107258510999954,10.836696171474033,-3.4465440947386594,,0.4090892291175854,0.2325581395348837,False,2
-0.97274282819548208,-0.22856840005424586,0.03908806327894121,0.21988742552815521,-0.96272981337898411,-0.15748278168062657,0.073626831310713861,-0.14459527284081625,0.98674783849939851,5.0323074022017211,6.8959907790007611,-3.4485402302917492,,0.5858025103700002,0.2,False,3
-0.94490559056927104,-0.32713384052517214,-0.011699371529560965,0.31863298723939143,-0.91098596961436873,-0.2618732185785117,0.075009628407540649,-0.25117327395449224,0.96503136845241622,5.4401086918540855,0.65372158461264096,-2.8391669646405941,0.5690691321653314,0.7488120793076168,0.3236607142857143,True,3
0.71826405382038339,0.6869318470882676,0.11055037967103512,-0.69516202377297975,0.70187503300890042,0.15531000850753363,0.029094839634620361,-0.18840402197048745,0.98166053950027965,6.839011184038462,14.975537006620044,-4.6059604927887925,0.3756489584207164,0.3732675226285708,0.7931034482758621,True,4
-0.035726244411259538,0.99035838447502256,0.13384283977968015,-0.99542805584572602,-0.047136138438164249,0.083073281434738369,0.088581155419558452,-0.13026302143417529,0.98751451845093119,-16.63605484356982,1.1633195626628801,-0.94270482108019205,,0.1904999750600249,0.4210526315789473,False,4
-0.68520636332757534,-0.72643331964836289,-0.052790830264913567,0.72805501391417449,-0.68106927700486253,-0.07797779577871089,0.020691456445379966,-0.091865510528893329,0.99555642311495141,0.7695580484297706,14.687252017334162,-3.8237285058290036,,0.323754245659219,0.1967213114754098,False,3
0.51837696351086715,0.80827869432100941,0.27923265569767874,-0.85386525136265656,0.47131816475340138,0.22084682494632801,0.046898360489910196,-0.35290896826265389,0.93448156958987083,-15.145722735887745,-2.9885172628043213,-0.67717981761781876,,0.5342798706502117,0.25,False,1
0.99261320833659572,-0.11345007055023548,0.0429895350972418,0.10502175244718367,0.98090332245852763,0.163704317300262,-0.060740844154924797,-0.15798023130116307,0.98557231919802768,-2.9802695758555808,-5.4304879887436028,-1.3689916133482427,,0.2354300045395701,0.6923076923076923,False,1
-0.96489060078521849,0.24488237567132004,0.094967102735160958,-0.25257260838670803,-0.96429159156357391,-0.079679382104309734,0.072063902260943544,-0.10086797571757053,0.99228647348715027,9.0301087967041997,8.9676089913961867,-4.1554573479968795,,0.365911016214266,0.2432432432432433,False,1
0.91718007523365763,0.39162236213000295,0.073570612843025365,-0.39806249074002498,0.90886149532370497,0.12456739454530771,-0.01808211990417994,-0.14353643369429081,0.98947982755693176,2.2599149685179896,4.0582469610519887,-2.8738081870689887,,0.3223949534229448,0.7239819004524887,False,2
0.36230855826724084,-0.89735247773270466,-0.25197428303953595,0.92932787456817656,0.3271185481950265,0.17129844417674464,-0.07128962166338354,-0.29622961724606989,0.95245252044883477,27.567256103321132,20.908915357135026,-7.4006218479081358,,0.57758183241248,0.1304347826086956,False,2
0.77620299198700671,-0.63032890965472466,-0.013942054507998659,0.62338703289882402,0.7639708349745874,0.16654480034462657,-0.094326679386155354,-0.13796386831963281,0.98593531663809664,-24.973824880996098,-0.41338657745249374,-0.24914225007144164,,0.1845422709376934,0.2142857142857143,False,1
0.21912025265056059,-0.9720381811661446,-0.084428012137955991,0.9709545378426685,0.20871512169059717,0.116984116103035,-0.096091624614654592,-0.10760935058298382,0.98953859315643888,28.617342446907436,20.770865885473736,-7.4523242177220546,,0.1557288177235118,0.2857142857142857,False,2
0.84207818372492549,0.52586405413090509,0.11988047825872034,-0.53934623101962653,0.8196988142729642,0.19287171115645971,0.0031584140727519069,-0.22707014434422101,0.97387328434865716,-4.9350376567384044,-4.4967249463211099,-1.3101015722342688,,0.0932233580751388,0.2195121951219512,False,2
0.66108991440054721,-0.73587474558075039,-0.14645300916793755,0.74986398810442201,0.64128730036837767,0.16264869421661637,-0.025770611595561883,-0.21734524886158679,0.97575453797319689,-16.80574343663373,5.2492988256825956,-1.3031338051639392,,0.2947980215242936,0.56,False,2
-0.65789895512951291,-0.75290463032283483,0.017423618393763905,0.75247344049931919,-0.65622202843975441,0.056181587139676081,-0.030865614891231984,0.050072617555413305,0.99826852439037483,-11.058331289390571,-14.871931392377057,0.19419428621824114,,0.09788336321181393,0.3333333333333333,False,1
0.99865532048602768,-0.018642937348626851,0.048373461236147497,-0.0018584733641448122,0.91962708771315405,0.39278819435031215,-0.051808270977756574,-0.39234992090127779,0.91835583660532005,6.3262357450443227,8.3683622496205299,-3.745540133619242,,0.1756187450440675,0.25,False,1
-0.68941831820681332,0.63179493494810302,0.35431277523511828,-0.71770752723690312,-0.66194651007523408,-0.21615439654725505,0.097970852136637851,-0.40331374632305861,0.90980203020134043,-2.0102165262562064,-5.7053563111928547,-1.4103586983862844,,0.06571551715252015,0.4444444444444444,False,1
-0.44552228171342761,0.86347161162804609,0.23648820775955609,-0.89232189979033905,-0.44970475635375795,-0.039080164628216507,0.072605259116832507,-0.2284346909409187,0.97084811805107074,2.9230176481576269,-12.462580627664158,-1.0975615868033382,,0.2428966176939035,0.2608695652173913,False,2
-0.39625196662954698,0.89406043936744939,0.20890263210476634,-0.91272491891115315,-0.40826142426628542,0.015994744596046079,0.099587154497178837,-0.18433268894622876,0.97780563428782108,-17.078614708328352,2.786793594840947,-1.0411551599267745,,0.3967519643198461,0.3392857142857143,False,1
0.84285269568809618,0.48215169081193926,0.23901690404341119,-0.53515402265205791,0.79771703857138743,0.27795269096055891,-0.05665249694964955,-0.36218403253053982,0.9303833732227198,7.9726803541257905,-1.9601645120237907,-2.7318120201625007,,0.4059599499238014,0.3309352517985611,False,2
-0.84850905793440745,-0.52050220717896234,-0.0954454342810266,0.52915134599120195,-0.83264205674256475,-0.16341988367151572,0.005588527441511941,-0.18916833156038831,0.98192877068334028,19.707978860729735,5.2635839442116161,-4.8889409039730856,,0.3524668767032628,0.3333333333333333,False,2
-0.46013979565573027,0.81586841219708295,0.35018581129582216,-0.88216648134735109,-0.46467456032726195,-0.076549671272314282,0.10026797914157996,-0.34414573506535906,0.93354702366575371,-0.42204708606906532,12.425151630581318,-3.4594342621545788,,0.2446221475145779,0.375,False,1
0.99660388574958247,0.058171385336031167,0.058281942631646176,-0.068331949037438333,0.97918334607254465,0.19113011148146886,-0.045950404237356302,-0.19446353051989146,0.97983289169539589,-3.1816308781360583,16.08714641217431,-3.6631285163320859,,0.1282874508177942,0.2222222222222222,False,1
0.02003898996097719,0.88926782376116542,0.45694767370501449,-0.99616721045819345,-0.021162657905181726,0.084870670542476379,0.085142983793646654,-0.45689701195506738,0.8854353690570792,12.18230800432401,1.2974965544636832,-3.6328913236098446,,0.2452957604543268,0.2857142857142857,False,1
0.66372225616996328,0.74190177392697254,0.095155265270319506,-0.74737238190073207,0.65267244983676587,0.12431088446351354,0.030121245603064915,-0.15362431795808151,0.98767012686181543,4.8730781031333752,-9.4324612030996651,-1.6015471995966379,,0.3534526082787023,0.1785714285714286,False,1
0.48575590740320634,0.86842694512049567,0.099377258019986009,-0.87265057775859534,0.47527691871337163,0.11221773333975713,0.050221186370669038,-0.14123204851239055,0.98870184631794644,1.7208117699116157,-3.3499555880426493,-1.9743505913138906,,0.1214620237633886,0.63,False,1
-0.48794804864989855,-0.87068564030983486,-0.061751255671517222,0.87143930967360972,-0.48997880848386249,0.022678112626870958,-0.05000231368985808,-0.042746730810521355,0.99783389681383061,3.1059255670253503,-4.0435926262710584,-2.0851354762181171,,0.08168708295699129,0.25,False,1
