axis_00,axis_01,axis_02,axis_10,axis_11,axis_12,axis_20,axis_21,axis_22,location_x,location_y,location_z,dbh,dbh_approximation,score,reconstructed,number_clusters
-0.074135507714720869,-0.99648629699153957,-0.038974176116653353,0.99647459376026359,-0.075560468014361268,0.036455447655608875,-0.03927226102735501,-0.03613413319206709,0.99857499164171915,-2.0559139329842369,10.691754048551971,-3.3328068350984101,0.5276608948640544,0.3291048448665362,0.9279279279279279,True,5
-0.79791195855583641,-0.601913900301561,-0.032189486130604808,0.60272816561151765,-0.79605419394759813,-0.054922478795259577,0.0074340279905984498,-0.063224812551743753,0.99797162199414891,-2.6450535803279296,-19.859289766484313,-1.7689224317112779,0.6356467901226927,0.1527600346279301,0.52,True,5
0.88905357319789313,-0.45089709713762399,-0.07921838029726537,0.4574500355424877,0.86817121202590752,0.19240117357137837,-0.017978013411800487,-0.20729340173370434,0.97811361131078933,9.0022910712863506,12.092575825287804,-2.5518281603669526,0.670402760587346,0.5651964919976389,0.2857142857142857,True,4
0.18730605876061551,-0.97734905409419071,-0.098515312580109968,0.98222935580015602,0.18756433771983835,0.0067165333417601968,0.011913561850989747,-0.098022679400791721,0.99511286865717596,3.665744826899406,-12.238029362878475,-1.7480933706649766,0.2559146756950721,0.2236242779018229,0.6341463414634146,True,4
-0.33826517699734798,0.93743212263745235,0.082448077469356812,-0.94070670939538348,-0.33921034761372376,-0.0026883024917521928,0.025447139907328928,-0.078468818770369181,0.99659173564269532,-1.4868868001066999,6.109323823712856,-3.1032791849957317,0.4174274193339871,0.5271690844243879,0.6653645833333334,True,4
-0.64303427616584208,0.76574975194859274,0.011586072092747195,-0.7654994919833672,-0.64312635686122011,0.019975406970053435,0.022747471267730572,0.0039757390610257789,0.99973333747046778,-8.5092548284468599,-10.832624784630529,-2.5354928658244873,0.4422090184849464,0.3781894512355887,0.8415841584158416,True,5
-0.94208775257674504,0.33455945752304916,0.023251576866541227,-0.33502986995948403,-0.9419830088482688,-0.020566897580666231,0.015021740239691505,-0.02716579509319619,0.99951806731900839,-4.3499222636640615,0.22826261771931974,-2.8460649269355089,,0.3379751535705524,0.4834123222748815,False,1
0.50480178383798591,-0.86270740483425679,-0.03018431178824706,0.86255743523795392,0.50271151060760533,0.057234674964952971,-0.034202776929826137,-0.054927868580188673,0.9979043537852349,-9.5562393940059511,6.7178995103495041,-3.6910679934963015,0.3620482831623156,0.329526692707886,0.944954128440367,True,5
0.74503924456864379,-0.65516144230171891,-0.12521984097465141,0.66418495065940997,0.71138986098892543,0.22974511311389395,-0.061440014405457634,-0.25433825941704097,0.96516173485409595,14.479032880874966,25.928432030264382,-2.9118294553490309,0.6620844157342661,0.5654467038824469,0.8352941176470589,True,5
0.34222467824131514,-0.93914116896886035,-0.029935503176486349,0.93884589348360425,0.34047841075849766,0.051408560535571607,-0.038087503089597137,-0.04569810231474479,0.99822894445774801,6.3099213312371258,-4.3923164257156682,-1.9486162331267045,0.1688686416244519,0.1521249250266524,0.7127659574468085,True,5
-0.19854198225774525,-0.97862808557900527,-0.05355512484474903,0.97931145118806551,-0.20026829181605729,0.029011943488924885,-0.039117296086146426,-0.046687058260828355,0.99814335430230627,7.0031991504646181,-6.4714576286574461,-1.8559145507967101,0.1453726331334587,0.1165473308449364,0.2195121951219512,True,5
0.276511783931083,-0.95877900277494787,-0.065452709532344444,0.9603930576764026,0.27325133892860065,0.054579121838816413,-0.034444275492734877,-0.077952098186016811,0.99636191329966906,-7.924211418439036,-1.4163878887138275,-3.1199339250982137,0.4401781873099033,0.3441928924230024,0.8405797101449275,True,3
0.81534738389605155,-0.57717905232419164,-0.045530046474958001,0.55594538207156108,0.7585376786077308,0.33991958208626366,-0.1616582064949682,-0.30246476107233083,0.93935174060747184,11.327106640377107,-3.5851702783465651,-1.8508453006796002,,0.5058725880956969,0.5102040816326531,False,2
-0.98354321139477463,-0.18037224401242957,-0.01042136791281249,0.17966767566079134,-0.97036519042098457,-0.16158874819087876,0.019033592459184817,-0.16080189927101954,0.98680315744779146,2.6330477178342009,-20.159518193139789,-1.5703043427744789,,0.2570897103680467,0.2727272727272727,False,2
-0.99812596867904357,-0.061001930595900568,-0.0048285724695592176,0.061188268906871457,-0.99589432344970341,-0.066712009929535687,-0.00073918651316497858,-0.066882441524147462,0.99776058882833618,5.4469401243165736,-15.367706603190847,-1.6121936093499203,,0.1912681406306076,0.3461538461538461,False,6
-0.98652584135300225,0.15846716058009705,0.040680749260951866,-0.16339228055487232,-0.96698758724147527,-0.19554531131169531,0.0083502693267078175,-0.19955742316083286,0.97985055384154351,-6.9802804051950327,-8.9586187240468043,-2.53684265682864,,0.7668163250799505,0.2173913043478261,False,1
-0.10037201634577567,-0.98464073900461024,-0.14285682842321396,0.99494665089246692,-0.098960364888502156,-0.0169708001873763,0.0025729773704223817,-0.14383831643060463,0.98959785696709246,6.8307879794187407,-9.1294800577643915,-1.7612002050657274,,0.2697091862482073,0.6818181818181818,False,3
0.32167900364777163,-0.94488169756288154,-0.061001608362932724,0.94587579831609025,0.31776088170678818,0.06593175423742631,-0.042913783008220366,-0.078908806020699496,0.99595773382222985,3.616498279499242,-14.846905066909043,-1.6805690815700216,0.1284790517078336,0.1884856194372371,0.4482758620689655,True,5
-0.28991105838580494,-0.95645424108355193,-0.033865364886680238,0.95621870795902686,-0.29095445247546081,0.031484744462575542,-0.039966996069148018,-0.023254919866350501,0.9989303518900694,7.0582875833547236,-11.161115342397611,-1.7034867724164204,,0.10927914534697,0.3571428571428572,False,5
-0.9691985761447286,-0.24597780428604993,-0.012208185681877841,0.24624335813724621,-0.96699911621218826,-0.065398148430503483,0.004281188190378267,-0.066389976980414281,0.99778456712068753,7.8055214543104174,-12.763619372144024,-1.6548105919441283,0.1592383173240903,0.1835512111588277,0.1,True,5
0.55367986351912379,-0.83256765685274037,-0.016422712814342329,0.83199674877128282,0.55225777583413149,0.052846561522524101,-0.034928767047520674,-0.042923720638783414,0.99846759358482151,8.7100620457902984,-11.687455527115691,-1.6527905141086277,0.2354344648770459,0.2123503460151739,0.5897435897435898,True,2
-0.1961755784893052,-0.97913291340711128,-0.053046020466090325,0.97982733552984091,-0.19784353386392892,0.028219295822634168,-0.038125253479542522,-0.046440004211184591,0.99819326337938474,1.0341135304698734,-11.059294647593086,-1.9067966223949828,,0.09125401886540452,0.275,False,5
-0.42496375986495166,-0.88774438289069413,-0.17696246338550051,0.89713976746868485,-0.38700155117998608,-0.21300243428308316,0.12060696674603107,-0.24927837858567992,0.96089242350120374,-6.4325382012666656,11.744192996985745,-3.7530010924504897,,0.3912005518011018,0.2380952380952381,False,2
-0.90437988438213723,0.39488443502747411,0.16175075795181365,-0.42475094196060814,-0.86946197863219665,-0.25223501940960474,0.041032450920335653,-0.29682006449365933,0.95405145945355163,-21.236761865693577,2.8485853340278684,-4.4038109072520371,,0.4268672955489814,0.1875,False,3
-0.78083309063718132,-0.61806805256773567,-0.091058041715798149,0.62389416936116926,-0.77902957003056361,-0.062201241588365305,-0.032492306829867132,-0.10537936901084574,0.99390112113014117,5.0203000267260549,-6.8429451799738885,-1.8994102052897717,0.2116531164269106,0.2021879406174228,0.3636363636363636,True,5
0.76152769026810863,0.64750464442772404,0.028518632496060899,-0.64768708030074484,0.75863664667225805,0.070511590092464355,0.024021302346364445,-0.072167678155789686,0.99710320592363266,-7.5921509199002202,9.6963231396666618,-3.6608610958438077,,0.2797261221497138,0.3809523809523809,False,1
0.92732677407197528,-0.37046505157413323,-0.053110259380249429,0.37425247879148293,0.91780141150945194,0.13257319167044149,-0.00036906326471153328,-0.14281531638249309,0.98974928603099999,-11.906326627626189,-12.856375533492718,-2.7501266170646099,,0.2773809714555522,0.3,True,2
-0.54228740912829154,-0.82333063699501341,-0.16748441147256057,0.83784866825231297,-0.51504009895992342,-0.1809511137605358,0.062721407898346959,-0.23845410176538701,0.96912623859975611,-1.2257910785499289,15.955151286313729,-3.5406055761727102,,0.7219977768695237,0.6707317073170732,False,2
0.97842409574455635,-0.199628901890404,-0.053240871484978552,0.20636317526073805,0.93176049165438546,0.2987250007754384,-0.010026403281059287,-0.3032666940532891,0.95285297056536278,-11.217255381510144,-10.732988795315491,-2.8130542286218971,,0.1478604530217573,0.3333333333333333,False,1
-0.80145962850896779,-0.59784153563239528,-0.015746813740097541,0.59770644816224405,-0.80161391532201665,0.012733129520290666,-0.020235258721862884,0.00079311714462260846,0.99979493160830379,-7.2254098357498124,-12.29172346313767,-2.3946033206014654,0.4233680162246294,0.414009708147968,0.9310344827586207,True,5
-0.72022409240370244,0.67630446628550966,0.15456236800572026,-0.69215609413899404,-0.7155705779872229,-0.094226796959703707,0.046874279381301537,-0.17484569426012364,0.98347942791457532,-13.824587280676308,8.255788721240668,-4.0610171671696493,,0.2837086883182613,0.2941176470588235,False,4
-0.1180243960410992,-0.99205948361656049,-0.043453686904313268,0.99226956233521868,-0.11951369139581106,0.033430423748763552,-0.038358279447973424,-0.039172165314048685,0.99849596086433978,1.1558495641609141,-13.648429055204693,-1.7969629928763806,0.3811396952398026,0.3657121487724562,0.7428571428571429,True,5
0.15912326333021715,-0.98692222860190415,-0.025774052040657275,0.98648980830093846,0.15791497624353637,0.043597229228277704,-0.038956965815139813,-0.032363173043685453,0.99871666645001189,8.0666216406822979,-9.9718706532734984,-1.717733958933916,0.1465354207891788,0.161067919490653,0.723404255319149,True,5
-0.97920669226803636,0.19785543765290539,0.044804906078108699,-0.2018523100623798,-0.97229951386392932,-0.11785287549503401,0.020245956138740744,-0.12444629818176323,0.99201976801316005,-9.8650142178127656,2.8638044064574641,-3.4668637655788928,,0.4007544596493972,0.1212121212121212,False,2
-0.36189913853052147,-0.93084658545391652,-0.05053363117419634,0.93129412586909754,-0.36342099533066585,0.024828034045834495,-0.041476073254097835,-0.038076429738770609,0.99841370225261239,0.40647849705814432,-18.682671356674639,-1.713994008589669,0.2663117907462633,0.2702358305125355,0.7666666666666667,True,5
-0.31274671636322798,-0.94839983224494917,-0.052223075376415941,0.94891491377511861,-0.31439212852580989,0.026796938932837223,-0.041832736214336183,-0.041174600408052466,0.99827585088594584,-9.8783640201316434,11.930364888048057,-3.9326868059517994,0.3028388170635582,0.2953197822581787,0.7478260869565218,True,5
0.093822516277392298,-0.91556828238349064,-0.39106528321077455,0.99486187972595086,0.071209572099801305,0.071965527230138104,-0.038041762676393004,-0.39580792960059308,0.91754504366693912,-2.8860713169379584,-2.9863242904403382,-2.5642044127261663,,0.4524214761946023,0.1773049645390071,False,2
-0.29970578195359843,-0.94983607680298887,-0.089374892822819116,0.95265332315141504,-0.30299061009416295,0.025462444567138406,-0.051264901756950677,-0.077512046794515732,0.99567253273833811,-0.28400567365314483,-21.309199113267187,-1.6168967055206367,0.4543522303770309,0.2126833657723433,0.9259259259259259,True,5
-0.55695051094172643,-0.82760188052068318,-0.069865984000647086,0.83050838449738151,-0.55574872007726439,-0.037405660160364791,-0.007870936494462747,-0.078857387042125027,0.99685483440047029,-0.81011493037480509,-15.634729180324614,-1.9009042201048094,,0.1822150881557067,0.3225806451612903,False,5
0.92483635510923135,-0.3753827529730549,-0.061363711089210383,0.37918330796595495,0.89717736196874998,0.22647913840084447,-0.029962230028244233,-0.23272423582679028,0.97208111535538488,5.0814600524584019,-9.4866016612341202,-1.7861478422134325,,0.3376121798554063,0.3214285714285715,False,5
0.68013112495501393,-0.71475881228748595,-0.16291560123207821,0.73229391584816683,0.6520462214388274,0.19642134792100965,-0.034165387151116569,-0.25289437590569341,0.96689045964684373,17.122224001915686,33.85628941283192,-3.3044696826501609,0.4426576288901758,0.4974318070965563,0.7413793103448276,True,5
0.97749219303831469,0.21072968815729004,0.010100053379925675,-0.21073910429249618,0.97304854187375378,0.093624596551110439,0.0099016398208838403,-0.093645788407664299,0.99555633885901418,12.43525748157492,-5.9887198295168638,-1.766716949425353,,0.1251571796845522,0.4210526315789473,False,2
-0.98839981990610581,0.15166935611275831,0.0078868514579731944,-0.15186246495920944,-0.98634176455207412,-0.063778642481754119,-0.0018941346551360899,-0.064236515445996581,0.99793290472719975,-11.085139678903573,-20.529598206320898,-2.0862269681242003,,0.3537212368539121,0.375,False,5
0.78527084244876832,-0.61647674677320397,-0.057498910317759513,0.61545959220822077,0.76708629892384084,0.18107484740354268,-0.067521806541986251,-0.1775810538634473,0.98178703136171808,-0.35680097977301645,18.794198116882484,-3.5319797625565044,0.2874996260147756,0.2652201607161656,0.3793103448275862,True,5
0.98178261293382207,-0.18998708913426701,0.0027940835929685763,0.18800045219999853,0.97343810525645014,0.1306678430499584,-0.027545070583182327,-0.12776212739705206,0.99142226517743026,-9.6169596089259954,-15.467892731594151,-2.4069530986541805,0.3377436665118032,0.3273387649537147,0.8088235294117647,True,5
0.66453761499960529,0.73566017728836541,0.13112536673995337,-0.74612277590778009,0.64358005827153641,0.17060337589530497,0.04111643858975788,-0.21120798315228673,0.9765759705882785,7.9594877690768815,-5.13929060001393,-1.8821658511339772,,0.2273180483069084,0.1935483870967742,False,4
-0.39744738834899135,-0.89868494469531213,-0.18547491386316886,0.91645978458557487,-0.39893236560958162,-0.030893865192067237,-0.046228094617109958,-0.18225898564166068,0.9821632376651781,1.2687023264110942,-21.501260232619519,-1.5675330310227586,,0.2775908262999642,0.2222222222222222,False,3
0.4458018997217621,0.85236662454807999,0.27337118275520284,-0.89275451613728785,0.40113425746888393,0.20513576334067771,0.065192331764888478,-0.33550327098464733,0.93978056749310235,16.469810365338603,-2.7529187817225926,-1.8212820780686041,,0.2963450950059197,0.1818181818181818,False,5
-0.094583341827843934,-0.99395083109024041,-0.055818785580662708,0.99444424285113342,-0.096935017659721234,0.041039617585313368,-0.046202156972553546,-0.051627005785076133,0.99759711956518504,7.8209492590561824,-7.8771118388139119,-1.8011532573145255,,0.1414942385845149,0.5789473684210527,False,5
-0.97095848078409641,0.23916258688349909,0.0063941870970663749,-0.23913642459593423,-0.97097510764721051,0.0045946448134484208,0.0073074636442856007,0.0029321263072184887,0.9999690013247442,-9.1313247529232449,-8.7204000272003235,-2.6769785746946542,0.2462793813086117,0.156533874925317,0.6818181818181818,True,5
-0.090957808145612398,-0.99487084399703807,-0.044256987041244769,0.99509852243790309,-0.092530532171862009,0.034885975088803339,-0.03880216204350697,-0.040866910583196067,0.99841088127090072,-1.4497341495718095,-16.607782398213665,-1.8851918878200205,0.2400253958845374,0.2381644167317704,0.6739130434782609,True,5
-0.23354387883445335,-0.9691736978264075,-0.078483119843983984,0.97222394557281189,-0.2340328308371534,-0.0030387078146116905,-0.01542259102071792,-0.077012840045250913,0.99691081153449834,4.0615890140927986,-18.647197907235554,-1.6130414173017229,0.1877085681180085,0.3086400682186013,0.7567567567567568,True,5
-0.19951793996345399,-0.96537183400748527,-0.16807680904207178,0.97926609731190495,-0.20257534801196742,0.0010672550503389583,-0.035078516049738134,-0.16437898431020859,0.98577332446607313,-3.3788968579424727,-21.83791752043625,-1.6856263652025261,,0.2853804250587598,0.6296296296296297,False,5
-0.99850048632514754,-0.049648010257017046,-0.023061957548367353,0.052157708358473845,-0.99073773464500603,-0.12537270280756613,-0.016623846343008775,-0.12638756358123621,0.99184163630327737,-9.8281316267249821,21.003106448898212,-4.1510236793431181,,0.2493848468540369,0.2142857142857143,False,3
0.12857235128126976,0.98997725588665175,0.058431013281830736,-0.99094214515975809,0.12594766182460801,0.046592396666110855,0.038766163495809587,-0.063892247636547078,0.99720357262685699,-10.739062703443642,14.19733085390703,-4.0777611130029543,,0.1082520076338044,0.2,False,1
-0.95982252398981516,-0.28040770169510337,-0.010594492526389089,0.28044407472127592,-0.9598680931892104,-0.0020891699399875705,-0.0095834959982900279,-0.0049763950185471887,0.99994169434876112,-9.34097015054469,-17.897590269359693,-2.1822295331702057,0.3816862689310349,0.3523111276584455,0.9285714285714286,True,5
0.80209328813693836,-0.5962030687703278,-0.034471117105752097,0.59677011271249458,0.7979946636905566,0.084082990518373646,-0.022622769476598293,-0.088013734781794611,0.99586233626489207,-14.49415319253702,-0.29294459192334599,-3.7381032700861629,0.4756061927498353,0.480117986142316,0.875,True,5
0.12663301131424731,-0.99015196350540979,-0.059692291058971739,0.99039612178760794,0.12283899603142832,0.063451579980789707,-0.05549416540099953,-0.067154078211036861,0.99619813661042078,-6.0725443490617259,10.522317102696748,-3.6671906462219228,,0.2682438581656469,0.4931506849315068,False,5
0.70685728337932785,0.65506124466598648,0.26692236075354464,-0.70686122242077021,0.64002699279114894,0.30118542583686581,0.026457384062147156,-0.40157217811418122,0.91544513357886226,10.398968468169203,0.31628075873072631,-2.0215812069025691,,0.5990558950950832,0.3496503496503496,False,1
0.86059979691020028,-0.50701115093876803,-0.048038342830167509,0.50776346041164999,0.84693003760415464,0.15775227312027337,-0.039297046058321627,-0.16015368939731667,0.98630955482724536,-1.7976379817319625,-17.770409830251804,-1.8257037861548102,0.5789742262896961,0.2546362353054895,0.5714285714285714,True,5
0.62575360106853661,-0.77979485715009877,-0.018772626667987909,0.77914420882113666,0.62372868514991364,0.062424587957351133,-0.036969346900422091,-0.053688994062256079,0.99787311783930699,-13.009700730734806,4.7039444646604371,-3.8370595857632481,0.4515646798491607,0.3824593349556126,0.25,True,5
-0.93911622479297097,-0.33624129713877071,-0.070728399027797401,0.34342892285562904,-0.92503614320755789,-0.16237213032386383,-0.010830109732637351,-0.17677647993475884,0.98419143710207868,10.235631223552524,14.57485890216438,-2.6000440890719281,0.7919641550104931,0.2727368132327556,0.3529411764705883,True,5
-0.86737476221200582,-0.49607300201353044,-0.039656002710153668,0.49712081035071998,-0.85999457988125427,-0.11523984767044138,0.023063429794969326,-0.11966995967303889,0.9925458069821983,3.0772299783343784,-5.4108230007828766,-2.0374203230883614,0.2663739080318296,0.2952783192852707,0.8521739130434782,True,5
-0.28217182547113723,-0.9527487200241922,-0.11246749487095807,0.95884268293781127,-0.28393766980299323,-0.00033021730228773374,-0.031619144310155445,-0.10793181254435262,0.9936553494818936,13.541839045252299,-2.5564985827896742,-1.8630863830985862,,0.1502535283957486,0.65,False,4
0.2202444050047406,-0.96260405669226345,-0.15775243929558189,0.97013825413783239,0.19931670074422414,0.1382194655713791,-0.10160792253809721,-0.18348373999904166,0.97775740714834658,-8.8292925602250616,4.2324970242535187,-3.4867700051153281,,0.2961154768592311,0.5454545454545454,False,4
0.93048921315928113,-0.36554956912029213,-0.023734715296205803,0.3661037746293152,0.92576552579374505,0.094478661368587666,-0.012563852768592391,-0.096600744136892333,0.9952439127348679,9.1460359793017378,-8.5173057216902119,-1.7450109015321507,,0.09623708375845368,0.3333333333333333,False,3
0.5830328792802415,-0.77591523174062682,-0.2408904623082469,0.81089922524040636,0.53745150731164004,0.2314915199158615,-0.050150854256940575,-0.33030505663906468,0.94254096005211574,-2.0138228830243801,13.085755757275084,-3.5110580307913963,0.5824073578821747,0.3689489992448708,0.3333333333333333,True,5
-0.87885256182404592,-0.47257959699837732,-0.065472888100059384,0.4756000641446283,-0.87866235689874495,-0.04191707951144278,-0.037719405628099389,-0.067977842492936022,0.9969735499846869,-12.69620419314229,-7.6415630167006707,-3.0743901676908445,0.4224372967328579,0.3925528110987678,0.4,True,5
0.92349766568152403,-0.38343178459013644,-0.011494696463957314,0.38331857365676741,0.92124022172148223,0.066206683743374656,-0.014796370180439743,-0.065547848542703027,0.99773971905547876,-9.9273896307531189,-7.266149825212926,-2.8635565617711665,0.4570884674833875,0.3801255909399882,0.819047619047619,True,5
0.723884429131324,-0.68900572340936084,-0.035530921327206748,0.68931744016679808,0.72013697791410902,0.07902024881400159,-0.028858273391000208,-0.081693611438576799,0.99623960667452527,2.4194745955798704,19.624293623191814,-3.3759397733648355,0.2574647532027504,0.3384217368677372,0.735632183908046,True,5
0.36897877171465399,-0.92656570517805437,-0.073011369058794434,0.92868978601409247,0.36439151535393111,0.068950017339844641,-0.037281998029133005,-0.09324600541556774,0.99494484022833907,-17.021389350809788,-3.5655113809409773,-3.6493286261149191,,0.5258878179021478,0.9821428571428571,True,1
0.43727039953932012,0.89853526945074957,0.037801683028569094,-0.89855451557442056,0.43476191218268362,0.059848661272209405,0.037341400985266913,-0.06013692100802611,0.99749143881245028,6.9215033711553531,3.1584295492718844,-2.2861902419686579,0.6411951642805828,0.6126830007287889,0.994824016563147,True,5
0.89079351393390227,0.42308579219646075,0.16578699579515935,-0.45412127054089479,0.81590104485699311,0.35788176349681594,0.01614890632874437,-0.39408615484784615,0.91893161627056086,2.6081425765052866,-25.051356768241508,-1.3629930858406396,,0.2341609891702553,0.2142857142857143,False,1
0.85098262952017734,-0.52284351251441552,-0.049630894375513483,0.52423781042256834,0.83993287972937458,0.1403120653146851,-0.031674633040912559,-0.14542152169163047,0.98886262880675946,-9.1160142949422767,14.914843548757501,-4.03487529944928,0.4119754508727125,0.3682835770830051,0.4411764705882353,True,4
-0.15104773912050307,0.97609396695334893,0.15628547016232733,-0.98768353081325055,-0.15554850403637746,0.01690875076156851,0.040814500693456761,-0.15180655641084922,0.98756718554426692,11.436780386219555,-13.45570903979503,-1.55312821325888,,0.174102043259817,0.3333333333333333,False,3
-0.99378168368892317,-0.098709902674031999,-0.051520095870359051,0.11133605947080288,-0.88715054293008422,-0.4478484074331065,-0.0014990083127568686,-0.45079958883403948,0.89262393183307509,-5.9381029759838722,-27.56946975980232,-1.5213243714976077,,0.5668061425862118,0.3428571428571429,False,2
-0.70891031255269765,0.63918548974475164,0.29814103785993457,-0.70491658449912964,-0.65602230827923136,-0.26968006959742363,0.023211584489612021,-0.40134354453479348,0.91563343189604562,-9.8842399293484764,-5.467094311611512,-3.0447956095860316,,0.3235321903299209,0.1627906976744186,False,3
-0.87983650533076285,-0.45835844850766444,-0.12567918112796736,0.47497265598119426,-0.85742882097094408,-0.19803230301783289,-0.01699117292949321,-0.2339302238917052,0.97210490709205666,10.747128754345495,5.6527192385986993,-2.2206105797564817,,0.3727105895172101,0.4285714285714285,False,1
-0.435888756553588,-0.8995749157607934,-0.027676033749960676,0.89933666952385938,-0.43654215159660914,0.024990092619607395,-0.034562215784005937,-0.013997171620199901,0.99930452437019179,-5.2481472255760773,-1.6421192339542847,-2.8457557228861479,0.4837454087918704,0.4591568142974263,0.9752883031301482,True,1
-0.75722081247448403,-0.65098465281060081,-0.053250567701619865,0.65270948622864189,-0.7572048001516406,-0.024722807576362055,-0.024227417167865126,-0.05347777512553098,0.99827509225914202,1.7981745033273209,-9.1026229091293001,-1.9365581625929187,0.3458957788360646,0.2631008592324839,0.9064039408866995,True,1
-0.95761738096220406,-0.26382482036124194,-0.11560889170149188,0.28788746982717128,-0.88982802239118997,-0.35401538848458841,-0.0094739852015139243,-0.37229364046239471,0.92806664032043462,4.3621102331637251,0.46920770563925168,-2.2641548305450514,,0.4939292859142567,0.251207729468599,False,1
0.3038458866658334,0.92141098622113027,0.24223846025612225,-0.95200662589176444,0.28379411351913558,0.11464852982077892,0.036892565842339999,-0.26544810340797603,0.96341903810474727,-14.736296848701073,3.3124452310076808,-3.9042555081046126,,0.4287961135514106,0.4444444444444444,False,1
-0.12149434983029458,-0.95172404109319209,-0.28188734019916117,0.98758862863858232,-0.14438372474621655,0.061822654522217205,-0.099538050729751582,-0.27087762852190739,0.95745364734971317,-10.377365111441438,-0.14878489636497819,-3.4176418648395499,,0.4845773687083114,0.175,False,2
-0.33314843010886563,0.93496088322229942,0.12190270858424995,-0.94211874654877115,-0.33526269112930746,-0.0033459435302960108,0.037741103817609874,-0.11596152284664465,0.99253641459732667,9.0674281520711695,-16.318057539250841,-1.4999265821408683,,0.3642756703548201,0.1538461538461539,False,1
0.53499906441305689,0.78738000712472833,0.3062821011051996,-0.84443742193668914,0.48699508939902281,0.2230722379278863,0.02648474107994099,-0.37797950643057321,0.92543506050312807,0.52825372089680434,13.001697089566136,-3.2827413150703899,,0.558058479184312,0.2173913043478261,False,2
0.57736489932046242,-0.80558034701152803,-0.13300405084605418,0.81605624866649273,0.56406698285724854,0.12601840287312671,-0.02649475504784609,-0.18129738927824662,0.98307135274905055,-4.218076976388569,-24.392736499601334,-1.5994627643973234,0.2158103696987606,0.2357912388997404,0.4545454545454545,True,3
-0.79764194252456067,-0.60202573780851054,-0.03650126767340095,0.60295116282360672,-0.79742102065291687,-0.023866526151133171,-0.014738615108186632,-0.041045424068715898,0.99904857058489061,6.3107423156710745,-14.039532968577635,-1.6279570900962144,,0.1571683718186309,0.6578947368421053,False,2
-0.50600418138254455,-0.84014684191589251,-0.19522564493973121,0.86199466666721136,-0.50054686108044699,-0.080112636330330847,-0.030413205366504461,-0.20882079369944137,0.97748090163341339,15.501890673574632,24.742963487798022,-2.7933923403287779,,0.3057069614418544,0.2727272727272727,False,3
-0.9125759617867919,0.37209993234828359,0.16954867830600906,-0.40861554683148854,-0.84549742287858609,-0.34375491675505299,0.015441789291256017,-0.38298269967724696,0.92362644120413329,9.9528187327345865,-8.0566491629013637,-1.7588825945963718,,0.3399445717840185,0.5,False,2
-0.98519869901027091,-0.16079395921433526,-0.059403923680586918,0.17134811342261427,-0.93354955367722281,-0.31484131694485462,-0.0048319245628691727,-0.32036000610132043,0.94728354730554754,-12.616908754321328,-1.7197278880713167,-3.5164528566718736,,0.2379980480797729,0.2142857142857143,False,1
-0.33450266796089995,-0.87562564314065938,-0.34840737391959242,0.94169052875572601,-0.32486105875033972,-0.087659800133069954,-0.036426819498843251,-0.35741436118616615,0.93323526574979143,2.2496554232801067,16.639064176488617,-3.2323620741905463,,0.698691398181795,0.54,False,1
0.12975085178646872,0.96995487175134854,0.20579665504208308,-0.99078885060047628,0.11871560235542318,0.065146444900515812,0.038757837742483973,-0.2123538380232704,0.976423923042811,-11.64072173861741,-35.550290892615671,-1.3843921240817205,,0.5574376778929235,0.36,False,1
-0.62584083608158214,-0.77893145282620957,-0.039862760701629196,0.77959127341499468,-0.6262864508085243,-0.0016516503406339179,-0.023678984519862001,-0.032110330607317106,0.9992037992123507,11.933169439314288,-18.5248803013335,-1.3850576679069504,0.4599952007295456,0.3694628009949995,0.7352941176470589,True,3
0.81077146017981716,0.51163032761697425,0.28440120819088421,-0.58496945962821278,0.69036138515435563,0.42568989791870387,0.021456249909151667,-0.51150324119237733,0.85901342456886487,-4.6628709150104326,12.587027461216598,-3.6827007381612651,,0.472030962583235,0.2857142857142857,False,1
-0.93761140167814205,0.32251733847183195,0.12987465429480152,-0.34681550715816334,-0.89396713306912035,-0.28379881780374405,0.024573632978751005,-0.31113555145181093,0.95004779100053793,-10.432857658208519,1.0214780848048377,-3.4526619134750063,,0.4016559979817785,0.1590909090909091,False,2
-0.92334404642683676,-0.38262698992883426,-0.032130336227874937,0.38303829033842218,-0.91202708798799448,-0.1465887407366562,0.026785071639541098,-0.14765899008912242,0.98867556993339623,3.441152641812554,-4.1152534520574999,-2.0636539814383665,,0.2891415512580143,0.332378223495702,False,2
-0.66252416667017544,-0.74847136039144013,-0.029195055262431841,0.74858963033960269,-0.66297441900786802,0.0088591810681152364,-0.025986418106519645,-0.015985694072114878,0.99953447347203905,5.8534483504654018,-12.553951615890668,-1.70225371567332,0.1740610598332313,0.1952800415069737,0.7068965517241379,True,3
-0.20990372374502508,-0.92127193492129067,-0.32741174182419619,0.97698101911487001,-0.21067015498228914,-0.033558517383957237,-0.0380593621497166,-0.32691911495983261,0.94428564387405423,-0.77021707388790994,14.265759778202733,-3.4790056270118792,,0.1526182794614219,0.125,False,2
-0.64735971274304649,0.688452513353766,0.3270451638139939,-0.76211426459746712,-0.59051177339846517,-0.26547635144182052,0.010356158279084074,-0.42110447911970933,0.90695301292350106,-12.575503728710698,10.85693123924524,-4.0831481510683894,,0.5506494729290381,0.2173913043478261,False,2
-0.00959458102661781,-0.98814470549260047,-0.15322527540149697,0.99912723530307934,-0.015703157930629093,0.038706310940599252,-0.040653556923697307,-0.15272017495388956,0.98743295289933686,-15.609749678290596,4.7201364016796381,-4.001173558774509,,0.1894848581946835,0.375,False,2
-0.1737379456497275,-0.9799295191508729,-0.097740798739071072,0.98290440102423382,-0.17869078848794964,0.044368238152397141,-0.060943126672376544,-0.088361414691561474,0.99422240756538005,-4.7283281526264469,16.284502710461531,-3.8676390235940916,0.3757519576999526,0.2938361452456523,0.4090909090909091,True,2
-0.36722122612173874,-0.92255054272481429,-0.11852876108269179,0.92944129896612782,-0.36887211102709055,-0.0084992636490114366,-0.035880954025841391,-0.11328663568386477,0.99291424368553949,4.5591194165987599,-4.6819797303828636,-1.9941175250359375,,0.2344849175299242,0.2777777777777778,False,1
-0.73059592845362697,0.65311718355436932,0.1991671003780241,-0.68222414984100765,-0.7103064980819398,-0.1733057649251305,0.028280712521011771,-0.26249309196353793,0.96451935074975259,-10.598828966671816,-34.295195986895877,-1.4312452955062347,,0.3910591037903902,0.25,False,1
0.98646044458785387,-0.15930718748612305,-0.038948828978480843,0.16386343999422531,0.96710995541377176,0.19454332980812239,0.0066756495408799785,-0.19829158871428257,0.98012034034008977,-11.630201373194639,8.5336257165672151,-3.9280054774652653,,0.2777477205490371,0.1333333333333333,False,2
-0.48564118525033861,0.87318834869844408,0.041167303602867439,-0.87344386260608819,-0.48660944647680993,0.017523283804400935,0.035333526068073148,-0.02744730035571874,0.99899859241080979,-0.84827676285987763,-19.768248421972874,-1.6941267864322502,,0.2013447628506087,0.1904761904761905,False,1
-0.74050934025889237,-0.67204255337059682,-0.0021733495964474103,0.67186374901134416,-0.74037990091551242,0.020897489915257798,-0.015653106840558654,0.014014591662432954,0.99977926137061546,9.7721786151426944,-10.166159422425206,-1.6769164918489354,0.2428372721138329,0.1901829561011141,0.7037037037037037,True,2
0.92587192688824982,0.35718863402398937,0.1231968129633069,-0.37761143171692219,0.86347180100290355,0.3344040303427861,0.01306834484301201,-0.35613582885870815,0.93434281169503586,-5.9498452928987415,-5.2893465915247901,-2.6998634662785621,,0.1684437767557933,0.4492753623188406,False,1
-0.0366443324881017,0.99364674883652326,0.10641114332206184,-0.99855188637883385,-0.040604516448450777,0.035290274202104642,0.039386839245789826,-0.10496385935451522,0.9936957608461614,8.2432555964338317,8.0499344011927594,-2.4332896156308133,,0.08863857079654336,0.2352941176470588,False,1
-0.72205218995902298,-0.65658164426675503,-0.21803939870432548,0.69135670728090071,-0.69653905357949941,-0.19198763016477727,-0.025817402524086881,-0.28936808955125026,0.95686967267040557,-3.9754570379157075,8.4000069383147853,-3.4013920584606758,,0.3599265799986974,0.1904761904761905,False,1
-0.23729724760960846,-0.94866607678551451,-0.20909971552654771,0.97070301774248979,-0.2399260561992429,-0.01308200681473316,-0.037758014017253962,-0.20607804908106248,0.97780681633153643,6.8685788854133261,9.4193175265806524,-2.6121583440384022,,0.5150046126060879,0.3877551020408163,False,1
0.78514463303691873,0.60946540367987123,0.1099992133183379,-0.61889107684069711,0.7655843202502669,0.17565444370666949,0.022841633485464762,-0.20599167532759288,0.97828712016230057,-3.7044292670066312,23.522532381371501,-3.8750342956002588,,0.2896800500571308,0.5,False,1
0.63222250932386959,0.75541220364534367,0.17218333626665006,-0.77423435671779584,0.60758201857847061,0.17721526903145607,0.02925507788418787,-0.24534973666950557,0.96899310995186827,13.307196725019347,2.2222222099160485,-2.0360357357075731,,0.8397163744686678,0.15,False,1
0.33860309487452395,-0.9390128555110171,-0.060023339847432057,0.9401747317697301,0.33508822013231859,0.061541518264273405,-0.037675162681945498,-0.077270575988542783,0.99629806795119724,10.150899472125033,-14.398248512970818,-1.5518630185341162,,0.1993055004736439,0.875,False,1
-0.76042212216113136,-0.62913954405927397,-0.16106405629081866,0.64898275498484903,-0.74535226514102659,-0.15254961350792931,-0.024074464900366292,-0.22052989581921001,0.97508306578964399,-6.6252601515557332,-27.241889544969766,-1.5542722690843664,,0.8326327230893822,0.2666666666666667,False,1
-0.79815392180498801,-0.59486326195095096,-0.095331089831135279,0.60204614128478662,-0.79338363273493351,-0.089904699946222813,-0.022153123288074776,-0.12915150362808672,0.99137738941292619,12.835983479550938,1.5028411043841117,-2.0225960832360705,,0.7015519758206373,0.7307692307692307,False,1
-0.99602458960575346,0.080606477755483852,0.037915862703429434,-0.088912675596879931,-0.9255893218974317,-0.36793877657520313,0.0054362688394343113,-0.36984726973888549,0.92907666209403694,9.2378481040922882,5.4227915302831162,-2.2841809505238344,,0.5289382815081943,0.1904761904761905,False,1
-0.92011194716802625,0.37463955613349198,0.11418935002338769,-0.39127788391631685,-0.89208742664565588,-0.22601247925435816,0.017193668504221094,-0.25263654961393128,0.96740847193030888,10.324894207137227,-3.9198657843800837,-1.8656189496039031,,0.5962250947694847,0.2105263157894737,False,1
