axis_00,axis_01,axis_02,axis_10,axis_11,axis_12,axis_20,axis_21,axis_22,location_x,location_y,location_z,dbh,dbh_approximation,score,reconstructed,number_clusters
-0.87442530332607205,0.44968133808926664,0.18211832164105141,-0.4802544187824031,-0.85553173768374968,-0.19344544206519848,0.068819198942468504,-0.25661671806425718,0.9640600488905483,-0.17559456354123823,-18.080362955352648,-0.047367019495983209,,0.153248184929009,0.1176470588235294,False,5
-0.96284774506439053,0.26796065376521327,0.033485935228662639,-0.26729305926191338,-0.96333792627382686,0.023118396848627903,0.038453092136081529,0.01330893820568959,0.99917177295448623,-9.3357320046215033,-8.82118438953683,-1.5706031689446514,,0.14954066704262,0.2727272727272727,False,4
0.90107102596417532,-0.43148179387509866,-0.043525483595184551,0.4293999073748907,0.87363842489764287,0.22884846971041836,-0.060718413305217302,-0.22489856401651778,0.97248851416816451,11.038924599812706,-12.042657704779476,-0.55648615484994701,,0.3828533571589699,0.5909090909090909,False,5
0.96087533909731493,-0.22990996996281851,-0.15446678745385903,0.27696262881549788,0.79107003439582013,0.54543551673924229,-0.0032070164060374858,-0.56687706462044429,0.82379615722160282,11.074749095738069,-0.95857097844948658,-1.9755157224980016,,0.4592389334866987,0.3636363636363636,False,3
-0.64200797287969691,-0.71457868726833329,-0.27785439075308638,0.75319290593365151,-0.65554599144148773,-0.054404958930408961,-0.14326970792922325,-0.24420637339525636,0.95908135107665016,-9.4689771772450104,-3.1654487581538286,-2.3552572186885534,0.9425439716811891,0.61193164125283,0.2272727272727273,True,4
-0.98959889752442054,0.14349730927494073,0.010126413447258269,-0.14178149854191543,-0.98482753134255596,0.10006368062857507,0.024331639682964954,0.097587169958866279,0.99492950281402293,-9.860914357309948,4.1662682336797952,-3.2378332905062668,0.1955834588181153,0.1853066287991,0.4264705882352941,True,5
-0.43514895582601876,-0.89923869239433041,-0.044890537359900659,0.89172784824814233,-0.43732861992597211,0.1164694073668423,-0.12436571433584248,0.010651398714709581,0.99217927654388982,5.5346335437340546,4.9204474799649534,-2.7950670504619364,0.2500005310857589,0.2035286049513829,0.7645161290322581,True,4
0.89761966838908158,-0.42556960235171559,-0.11475820003501835,0.43236725772477863,0.79954142010337637,0.41688376316022452,-0.085659123090477726,-0.42382075349524584,0.90168646631636418,-4.9887642028375012,-2.1159229834110795,-2.200844125124815,,0.7414640858357961,0.3032786885245902,False,2
0.34023279533949341,0.93482747534074617,0.10168203540214173,-0.93151152714168606,0.32027812089677554,0.17236066859059185,0.12856095743902857,-0.15336074016148504,0.97977168952745486,-11.080290963588329,-1.2458193749746451,-2.7723607961129355,,0.3183989909644696,0.3636363636363636,False,4
-0.23359845404386467,-0.97121403180631782,-0.046637610260748558,0.96292479536487174,-0.23772817146246841,0.1275192337046939,-0.13493554290785481,-0.015120215462363144,0.99073900616889787,3.8872640061302297,-21.886025327866982,0.53913420599051354,,0.3128867571920938,0.9,True,5
0.29616124464944177,-0.95492903965717746,-0.019976145451904109,0.94519084912721785,0.29000229798850718,0.15004308010553286,-0.13748736630637648,-0.063318215237064504,0.98847763137328015,8.6898988231584458,-8.728350481717067,-1.0244018149906777,,0.2110936869768505,0.6428571428571429,True,5
-0.67186228533783754,0.74036769503790634,0.021371609318811033,-0.73288354521482091,-0.6686914178239789,0.12543323675131826,0.10715772811129344,0.068610960296546369,0.9918718452669234,2.1009365955710724,19.025829374732137,-4.7435450963476997,,0.0851116697648445,0.3703703703703703,False,1
0.18600618225201601,-0.98001927701295088,-0.070455069704339929,0.97304710828585828,0.173785195541521,0.15158506149065498,-0.13631223430257519,-0.096751860414200308,0.98593004431644726,4.7886183021840578,-18.714166376227364,0.13933616847316932,0.2783302225864637,0.2901536448217224,0.8043478260869565,True,5
-0.23803201148490247,-0.97061925552558281,-0.035199748740796163,0.96159764866157293,-0.24060844921918645,0.13205126373069451,-0.13664085625092701,-0.0024155676976871775,0.9906177070069524,3.517543983167176,-15.645183031050694,-0.23428675686141848,0.4603225478699855,0.40948804532253,0.87,True,5
0.043575090314755406,-0.99744021418927242,-0.056694185082064932,0.98909928580717388,0.035082059480539107,0.14300997139480329,-0.14065494772598458,-0.062307850393529263,0.98809610740025589,7.881550626287078,8.820655246647771,-3.2285549447329198,0.1821018259176783,0.210622082137038,0.8938053097345132,True,5
0.15868267873331984,-0.98619494224979454,-0.047321700634500134,0.97379280789110245,0.14841772730761063,0.17233614107437051,-0.16293365143388772,-0.073428292243296472,0.98390086448211478,4.2160370190734833,12.400180357928656,-3.7168109189380116,0.5362646743526578,0.329906314749852,0.2981366459627329,True,5
0.38448316528052023,0.92286753975130387,0.022095241325828772,-0.91416085183867335,0.37730884031164313,0.14814849303409436,0.12838470540318359,-0.07715920616528843,0.98871827348465613,6.2939836812877896,12.685888502133292,-3.7763315479482489,,0.1653334114417424,0.3448275862068966,False,1
0.54730607438229473,-0.82468134295666529,-0.14267706025647992,0.82764806744128605,0.5079895109246414,0.23863221335613224,-0.12431708412340182,-0.24869125310258264,0.9605716648045165,13.990607872221837,-11.992774111380152,-0.50339624241328007,,0.2445236791509861,0.2727272727272727,False,3
-0.77846765165294929,-0.62653213459590185,-0.038021042182521385,0.62137693216019052,-0.77779536374166591,0.094472643242156984,-0.088762737165617125,0.049918498181260491,0.99480114597350333,9.2163860978137659,2.1123045750635758,-2.3657405006342818,0.2266573931253409,0.1528728386685187,0.7674418604651163,True,5
-0.030554643877061204,-0.99692598604877136,-0.072145631040495664,0.98966079384420669,-0.04029355230584579,0.13765152658155053,-0.14013538762639932,-0.06719380911409506,0.9878497178981922,-14.848853516208901,6.4301104270439939,-3.8461719034124768,0.4431272787640177,0.4284150856012491,0.7017543859649122,True,5
-0.72366005390647437,-0.68614124974241009,-0.074339167213538879,0.68433449641746857,-0.72734210540169952,0.051572848698448165,-0.089456265253633788,-0.013551646089941567,0.99589855381716685,7.3552318320169103,25.244359625845199,-5.5837436457147103,,0.1509255652611721,0.1666666666666667,False,2
-0.81749579914212234,0.5697308896612755,0.084304992442643556,-0.56898750658335184,-0.82160261561825687,0.0349622562386811,0.089184279651982626,-0.019386989838815816,0.99582644516398855,1.5154048267446887,21.366651704322628,-5.1259156482847157,,0.224247158583088,0.5769230769230769,False,5
-0.69159725755923307,-0.72125092619736486,-0.038604854565094583,0.71560819100262019,-0.69147597951363826,0.098822501109884192,-0.097970150079024376,0.040719420613493554,0.9943559616547768,3.3398656120714039,14.823864097033672,-4.0996233244020148,0.3024567467406806,0.1528285467363406,0.7704918032786885,True,5
0.68470250662962007,-0.72836474379888383,-0.02583171318170354,0.72108047252780894,0.67185094977557747,0.16929044103175914,-0.10595012767423945,-0.13454033327014497,0.98522762302392397,10.872294824030018,-24.177643053773537,0.99894854155914947,,0.3809465745671475,0.9310344827586207,False,5
0.10631201924197749,0.98678762776370987,0.12226173668471531,-0.98892037350546003,0.09211912685911737,0.11640687837295105,0.1036062229333478,-0.13328257260115858,0.98564775980585573,9.9445835886236917,5.1659700180391805,-2.7613158642124249,0.3190364481765736,0.2769055910805672,0.5231788079470199,True,5
0.78152889351595978,0.61791141652751413,0.086012033603915461,-0.61787352575975374,0.74755890064107544,0.24369652487780435,0.086283803607230397,-0.2436004339020526,0.96602998599308554,-5.4076799662655013,16.075822219076169,-4.601222229135729,,0.2706592450451359,0.2857142857142857,False,2
-0.99789508667703586,0.064801062385044156,-0.0024936518603876573,-0.064386378465560556,-0.99462817601201969,-0.081050513576984562,-0.007732415788148388,-0.080719352058679014,0.9967068756406301,-11.424744513401938,-3.0787375801997725,-2.5755432620897318,,0.5439401345629429,0.1875,False,3
-0.78711083034545004,-0.61491255727069061,-0.048364115454713301,0.61143226199028966,-0.78817702769465381,0.070196595443512477,-0.081284252782043293,0.025681120015331828,0.99636005054619903,1.9868667791622967,-17.604918289409284,-0.059384412377759072,0.3170685258409448,0.255505959172673,0.9148936170212766,True,5
-0.92210506254582791,-0.38648682041538929,-0.018713398209763171,0.38237177258520177,-0.91756254806249948,0.10895319143147671,-0.059279685874719192,0.093310814154929506,0.99387072137393118,-4.074926023370776,7.4752022686184496,-3.347872554318827,0.4555543106374165,0.370729278185037,0.9567779960707269,True,5
0.15875761647258976,0.98412592136840904,0.079323326346803114,-0.97757200611337836,0.1454218490686803,0.1523333800482031,0.13837988320347139,-0.10172834759409641,0.98514077736147321,-12.270435864672637,2.9644283384237826,-3.3581292834656149,,0.09454650690714166,0.1379310344827586,False,1
0.1372742407676204,-0.98744276021328858,-0.078182978480212995,0.98062844446642683,0.12434351458411515,0.1513490808833283,-0.13972700785829389,-0.09744478273993934,0.98538361950650288,7.0954560865731828,-10.39595179684475,-0.82470280852092082,,0.1233075389108685,0.12,False,5
-0.034860326486769379,-0.98230188367451143,-0.18403197267525018,0.99239129792384662,-0.055782178750152608,0.10976274567862422,-0.11808585623291282,-0.17880536307223613,0.97677242625616079,-11.086730111783588,-9.4681919994046222,-1.6079262767338303,0.1851365907827306,0.2418523475356886,0.2941176470588235,True,4
0.24234313882248643,-0.94635628167072761,-0.21372784378273957,0.95460968851168582,0.19327119080051891,0.2266419850914016,-0.17317663140645395,-0.25895180043572474,0.9502388222893281,9.4078858571402684,-5.3782179247268935,-1.4360203867464258,,0.2469212890264568,0.3333333333333333,False,3
-0.94848654828274026,0.31520319139754543,0.031940818078044331,-0.31216597286420594,-0.94701181855950411,0.075637430511383497,0.054089491700665231,0.061770248837306439,0.99662368186098227,14.207514719770625,5.7221291990340966,-2.7794823330742537,,0.4224775930237215,0.5321100917431193,True,5
0.056811789656767794,-0.99667755713546202,-0.05836323893069581,0.98817384585161339,0.047795283739553968,0.14569852856870652,-0.14242496596743784,-0.065950420428848244,0.98760603031493843,4.243442017845692,-10.569270614564468,-0.86917890446310919,,0.3009602417263954,0.9126984126984127,False,5
-0.9243932835747003,-0.38040561761403979,-0.028082438812635103,0.37623470250905211,-0.92142448787670095,0.097079152082644629,-0.062805301606706762,0.079173728147923117,0.99488040229027042,7.9271747888553694,7.2804948674489447,-3.0379233097715077,0.4745359651809578,0.3933131062915943,0.8856088560885609,True,5
0.53789289920020766,0.82817843625447241,0.15745382406627045,-0.83493130190121367,0.49756087674430699,0.23520819509315832,0.1164514924573313,-0.25797994429128279,0.95910656250905035,6.3166457563411056,14.571260907787572,-4.0568593199118466,,0.4519600674780228,0.2,False,1
0.28919646026446788,0.86780525185251389,0.40407852235388575,-0.94819655248977386,0.2017038308964578,0.24543606590760761,0.13148652104688269,-0.45412510331283257,0.88118198195611075,7.1210174514965523,-7.5065690096937798,-1.1876030125349211,,0.4597897225729635,0.2317073170731707,False,4
-0.66259740488596219,-0.74893248154023018,-0.0080509087922638525,0.74242003627744102,-0.65817891313660759,0.12495202293727692,-0.098879567010540723,0.076815730135872007,0.99213011990943056,-3.813083139042901,14.408332008692998,-4.232172315249084,0.3641141668529074,0.3481582194080142,0.8740740740740741,True,5
-0.41152391218378359,-0.91085615786122798,-0.031450427457108618,0.90322161275949364,-0.41220090619783017,0.11950368686290137,-0.12181456376432298,0.020771918928421916,0.99233549741956628,2.772130830686399,16.955475182496716,-4.4087590785180613,,0.1366372959140712,0.5227272727272727,False,5
-0.76109383554678633,-0.64777396117912822,-0.033542043929679743,0.64537400542828538,-0.7614305111690971,0.060958754729877371,-0.065027429674951967,0.024748169206369273,0.99757654418635988,1.6138895040719183,20.296515187058475,-4.9669920270164507,0.2478025626611785,0.2696031981534629,0.6,True,5
-0.25537131155821047,0.87224513369470091,0.41710181008832042,-0.95705186196973757,-0.28929263082137452,0.019013344069552587,0.13724877680073763,-0.39433260136382553,0.9086608678535355,-6.0751844537344581,11.375094831601501,-3.9357771905629275,,0.5844085136325046,0.1276595744680851,False,1
-0.61184815172004003,0.78991163983478641,0.041005371480924736,-0.78091768359102787,-0.61149685002650545,0.12743301715993313,0.12573547904864948,0.045947836305739856,0.99099918549271615,8.1228052883425246,13.951549626377597,-3.9505904486133421,0.376172689279722,0.3426718960249906,0.4098360655737705,True,5
-0.40473957772003089,-0.91377240839461038,-0.034725493282670696,0.90551724974523551,-0.4057943826261462,0.12397350298709063,-0.12737497650965995,0.018732450074097431,0.99167772520783459,8.1476597373841386,2.8107829511966886,-2.4643299249035313,0.2421152936324061,0.329300891816903,0.9464285714285714,True,5
0.99650954580334017,0.082167141553975559,0.014740623177789876,-0.081742384327676693,0.9246185400961946,0.37201980849789229,0.016938350782972966,-0.37192622408110859,0.92810773949661807,6.9394581829435067,17.895822143401659,-4.5096292597927086,,0.3094476229074931,0.2941176470588235,False,2
-0.37252472500429235,0.92756855888237455,0.029015475756067024,-0.91854674456977292,-0.37299734793934725,0.13093836897749153,0.13227700972107187,0.022125709097972047,0.99096581459511668,4.4358837845029422,21.253609038037165,-5.0582999102226802,,0.1426593212093532,0.3333333333333333,False,1
0.51792598092734321,-0.84352790157002044,-0.14217368797820984,0.84331557771268451,0.4756255768907996,0.25019821541012904,-0.14342773325814162,-0.24948144195544905,0.95769906309459218,-12.376616164022355,-8.978605537336426,-1.7527953776385374,,0.300403055814146,0.2608695652173913,False,3
0.5997706446218195,0.79578022912431223,0.083719775350776168,-0.79121839842741404,0.57419645869895997,0.21040882302682037,0.11936758286857183,-0.19243766199065837,0.97402213856137987,-1.1785392941244601,-27.65454168509903,1.0839248577288909,0.4036047597960089,0.4367648006136102,0.2619047619047619,True,5
0.92433528503374385,-0.37188014733826746,-0.08549524464702922,0.37720123290420488,0.85664440266615738,0.35196533533331065,-0.057649897980262946,-0.35758289024561912,0.93210029817957585,7.9076182753959898,-19.528827537089196,0.35846373159693223,,0.2741883874627311,0.1714285714285714,False,1
-0.71519738989198589,0.66272356259123011,0.22201390289366621,-0.68065087207019848,-0.73258458500582535,-0.0058494582587163835,0.15876738910043492,-0.15529747389519841,0.97502595389045965,-6.6209188874942217,-13.272425938822245,-0.80280841661015401,,0.2722226291030564,0.25,False,4
-0.28985378164064785,-0.95699281485543597,-0.012228556075210877,0.94765738071510941,-0.28876705063469488,0.13623171159431913,-0.13390397322258102,0.027898795364829334,0.99060152592876494,-3.7952290054698663,-7.7000686507604144,-1.3880145624855216,0.3475499431099713,0.355840791781834,0.9906542056074766,True,5
-0.99413465790931921,0.10753802203688208,0.011482846333336778,-0.10579111077405259,-0.98901192161482854,0.10326499786924856,0.022461585534243052,0.1014445302623006,0.99458759516452266,4.6113967902594544,-7.8989920754299376,-1.2350942188228373,0.3248905282117777,0.3575754007314913,0.8071428571428572,True,5
-0.9354119196585905,-0.35351364633681936,-0.0057133540304476422,0.35037742193619253,-0.92903450299915169,0.11887200862468403,-0.047330780238429029,0.10919246352549118,0.99289314790225847,-6.8710943250876459,-3.08975073259219,-2.1718240766009682,0.3993397844407092,0.3007471203757964,0.462962962962963,True,5
-0.99347092047149876,-0.10394587581659546,-0.047018986359061606,0.11346830065521218,-0.94309129730068519,-0.31257599028416816,-0.011852211773803138,-0.31587032126559605,0.94872834110699866,-9.2507406249949149,4.9310039044994811,-3.2975046838217028,,0.5236603070295507,0.15,False,1
-0.80153346200318409,0.5977387773188686,0.015889096215156322,-0.59116854045520906,-0.79615403337819723,0.12906785777910385,0.089799031538478125,0.094059073060353368,0.99150845922250141,-2.9786583260157808,0.64934666016799969,-2.4845208694578216,,0.4982841424598327,0.9925742574257426,False,5
0.99153062362399003,0.12929358815531478,0.012255222468152704,-0.12935309762854641,0.97471817388272697,0.18218742447441591,0.011610277762388261,-0.18222966159394879,0.98318744493897714,-6.6439675838095056,-9.616803380452021,-1.2888713629389699,0.4949260087641114,0.2569561572137984,0.6354166666666666,True,5
-0.617008213874365,-0.78599520014793711,-0.038889707584003702,0.77946511265119134,-0.61719038138675208,0.10728546631925576,-0.10832821502835874,0.035882843645385014,0.99346737206648594,0.95010651662444301,-28.439688809569411,1.2501328700936161,,0.2153795429750087,0.6666666666666666,False,5
0.063249040352783018,-0.99783021382450321,-0.018287243460891688,0.98801228522757112,0.060020068659027648,0.14222979855697757,-0.1408235886982179,-0.027063919470607017,0.98966472157445506,-9.015042748071755,16.760145376519912,-4.862759005490882,0.4634922135822107,0.4306129606032474,0.8627450980392157,True,1
-0.61477026974769122,0.78854594113167586,0.01590013078910223,-0.7805773187040701,-0.61119733858491698,0.13090784098547836,0.11294496429286116,0.06806696725632895,0.99126702911446141,-3.5906015572095429,11.277166771610078,-3.8302282747519625,0.4825618813057784,0.4554548576455882,0.960919540229885,True,5
0.61469736156868282,-0.74085169872901036,-0.27071371256520826,0.78189130117012318,0.52712369566920647,0.3328462146675677,-0.10389007091628458,-0.41626838692648305,0.90328704364151691,-4.0157270785053649,-5.2359870857567836,-1.7664016078229596,,0.2973694747250459,0.2926829268292683,False,5
-0.99443470594628869,0.10499549166726441,0.008692660068669365,-0.10376229497874188,-0.99035575995984959,0.091808795085741413,0.018248335547786237,0.090395881786177065,0.99573871211570197,-7.2034950667071369,9.6221837708905706,-3.7846567309579529,0.3087665973296488,0.2335575325593743,0.9247311827956989,True,5
-0.20069703603288752,-0.97099184237765412,-0.12998285180616126,0.96709520086832734,-0.21754934537844411,0.13190585575652031,-0.15635719422227845,-0.099232677891202214,0.98270305965407334,1.7531616363270957,-20.93169605922299,0.32352955325872607,,0.3728382728434346,0.2666666666666667,False,5
-0.4521536489120892,-0.89120619011011082,-0.036174638697638588,0.88324997119127302,-0.45302760227175631,0.12097718781042772,-0.12420372847100485,0.022749028316064037,0.99199592516530855,9.4521791950708582,3.7465828041952696,-2.6011814248779159,,0.158590303377292,0.7326732673267327,False,5
-0.73578150644909368,0.67674285780758281,0.025390533155657938,-0.67009214151809426,-0.73295143976895283,0.11729752263502567,0.097990288514717694,0.069291351170584797,0.99277218535259038,-4.2176300278259511,-10.248884501429844,-1.1178257996514658,0.2240536186051674,0.2127678692230822,0.7752808988764045,True,5
-0.90226392597018057,-0.42817484995112542,-0.050853768416983886,0.4267499037810758,-0.90362352613315622,0.036729315832510975,-0.06167923082950677,0.011437695922387137,0.99803048630603841,7.2373146866461608,21.718498415114979,-5.0662466764868705,,0.2310064181088528,0.9767441860465116,False,3
-0.34264155595112689,-0.93899391996102521,-0.029785607457610361,0.93063376246442175,-0.3435868321145929,0.12597177842188845,-0.12852067653379984,0.015443674228842172,0.9915865714246076,5.2686232074749384,-15.409416905810579,-0.24258877085035899,,0.1227861073745546,0.5263157894736842,False,4
-0.50070771480375165,0.86539737828401142,0.019472082455763071,-0.85679107859097003,-0.49868138851138116,0.13124755387923576,0.12329165414952822,0.049033156246768871,0.99115837160645159,9.1630837063627286,9.2894670382393691,-3.2900564657249167,0.1809216796960711,0.1703957082681125,0.7843137254901961,True,5
-0.83014933553661729,0.52870706347052276,0.17697717859794862,-0.5437425365077434,-0.8379168618692785,-0.047322157466314269,0.12327260320216721,-0.13551447757165244,0.98307664587673138,-3.9541490950054907,-25.651719528994896,0.70533110544793298,,0.5502870280131577,0.6,False,4
-0.79981888500394005,0.58153331852241308,0.14869011614550889,-0.59687177408984238,-0.79675170424229413,-0.094502947477025367,0.063512490786454906,-0.1643341754940548,0.98435788323088602,12.903330556976115,9.5564382391447804,-3.2922441825822641,,0.4197700203224814,0.2307692307692308,False,3
-0.80171337993221037,-0.59530465961318202,-0.053553885764750925,0.59199581293096792,-0.80321523297797881,0.066228747416306605,-0.082441578768682286,0.02139279680088791,0.99636626515311233,-13.525675405207842,3.5926222991404666,-3.5336454750079684,0.435829910582972,0.3303130574030059,0.9108910891089109,True,4
-0.93414155095078988,-0.35664182773406522,-0.013644394371279518,0.35392928175580496,-0.93060633652200087,0.093305465761236675,-0.045974191706583512,0.082331361798567523,0.9955440324572894,3.7713034190246448,-13.162134769609178,-0.60213642193074346,,0.2580492741157312,0.8441558441558441,False,5
0.13147945978171924,-0.98856879453948265,-0.073789498699081357,0.9841846567679543,0.12125695497512906,0.12914066846932559,-0.1187169450333523,-0.089601837776431784,0.98887703868025689,6.2288442084594546,7.9669733528488784,-3.1175423621344507,0.1792967873289154,0.179985257134837,0.6339869281045751,True,4
0.62499873387882465,-0.77312881168339675,-0.10792786106879922,0.77683226154746021,0.60237463621756138,0.1835114030811705,-0.076864946945440729,-0.1985362389761135,0.97707478820420635,-0.47026510917140896,27.902037205165055,-6.1048161864050634,,0.2462019805681464,0.25,False,4
-0.40950346377787217,-0.91145433248155194,-0.039470406059899751,0.90269982277237526,-0.41107372623140054,0.12708824323655585,-0.13206037680033755,0.016413147255789209,0.99110577915604581,-9.5610652242160246,8.5148645360499788,-3.7803292045408394,0.3107384123577985,0.3585054729740465,0.9032258064516129,True,5
-0.95482239078947972,0.29715168517009871,0.0038830461796213588,-0.29551212067714644,-0.95077313452830048,0.09329004873043259,0.031413191177565428,0.087927940154431491,0.99563140205612277,5.4081013519159544,17.273900597075428,-4.456876505785571,,0.196239213236718,0.5666666666666667,True,5
0.80168550080602374,0.59757529382317331,0.014287267392464983,-0.59158311482198278,0.78976977115075631,0.16215155513902274,0.085614111307169213,-0.13844665683443194,0.98666242816702687,7.9099639327345974,12.282047128301546,-3.6928450583617707,0.2730754137871568,0.1184996968565402,0.5641025641025641,True,5
-0.90630675086238777,-0.42251335450761929,-0.0095151775590899355,0.42020585403766719,-0.90330348016449036,0.086428368925920401,-0.045112233083021688,0.074332280911049223,0.99621262712376024,7.0488170402023336,-13.669402574502278,-0.41970113063470493,,0.2664619428102025,0.2,False,4
-0.23009183250637763,-0.90756647243893174,-0.35125609847888944,0.96360704627939453,-0.26294565034891854,0.048177228264869643,-0.13608530036178829,-0.32738766480632492,0.93503909434745214,-11.678407770550209,-4.4688709973026874,-2.3482251513063717,,0.4850682178768415,0.1538461538461539,False,1
0.039421400385596862,-0.96049482606302483,-0.27549163743714322,0.98617177658724031,-0.0070161963588732945,0.16557777644182989,-0.16096950100688431,-0.27820938534638551,0.94693630073557811,12.719858632597884,-5.9703593622268771,-1.2880619151450252,,0.2371140771597382,0.1136363636363636,False,4
-0.5001975988520222,0.86525714553241562,0.033651659807027133,-0.85697672686536874,-0.50023086597341082,0.12393534741392764,0.12406954386065504,0.033153473914324758,0.9917195145068094,-2.2463292625954403,32.816242118128706,-6.8047198794781334,,0.1465912147468198,0.4117647058823529,False,1
-0.87781809886868389,-0.43361053665520027,-0.20351237751094886,0.46001029011998296,-0.88158134873083072,-0.10585300446212656,-0.13351373817813225,-0.18653747095830123,0.97333337230682826,-10.767400304259072,1.6181688545733552,-3.0566808085454769,,0.5474788315078941,0.3,False,2
0.39576362534462678,0.89933653834068361,0.18591649646944799,-0.90943559709290944,0.35566283382399233,0.21547817378229012,0.1276638069083848,-0.25435750321483286,0.95864707424785656,2.603962156187194,-12.12959179986486,-0.73164635990273108,,0.8080384595658228,0.7093023255813954,False,1
-0.47848880016105239,0.86205626023502224,0.16705529716247891,-0.86905099080876458,-0.49214495865209806,0.05043525599845608,0.1256934504846671,-0.12104686639038813,0.98465669786089727,-5.1232364046751444,7.3017105646996372,-3.3734969632234506,,0.7026676755793853,0.4166666666666667,False,1
0.76235214624431591,-0.64379509315172656,-0.065932413503863571,0.64236306040968816,0.74037673693868344,0.1980201656931091,-0.078669585849833024,-0.19331364523433561,0.97797798074825237,5.6650904343259532,3.3726410321815581,-2.6036957212689371,,0.1895605032130181,0.515527950310559,False,2
-0.81921319046354579,0.57285688497908227,0.026920956569177288,-0.56798635323266322,-0.81694552093151707,0.099957582860889238,0.07925434443610882,0.066595834419231448,0.9946274396607041,-0.12473849383068761,-25.537392069280848,0.84044344700130402,,0.3535495251647516,0.8478260869565217,False,4
0.83940478202950386,0.54130605667542442,0.048860668359154175,-0.53858306183933624,0.8163590991301245,0.20853322701003207,0.072992447594026677,-0.20135931633265464,0.9767940050595515,7.0322064101319928,23.25580977611682,-5.2751791498568839,,0.1828854090789652,0.1724137931034483,False,1
-0.59523192371873634,-0.80233964230686139,-0.044159431257545491,0.79427811345461963,-0.59579771991440633,0.11894265606486484,-0.12174249657807426,0.035723596231233348,0.99191864041323718,5.2942465297678458,-0.60017481884911195,-2.117136918701608,0.3576562730678231,0.2457915533589237,0.4637096774193548,True,3
-0.27548350480046502,-0.9526756146097406,-0.12852241793090613,0.94607335912604706,-0.29239036929728007,0.13947426678122138,-0.17045245006983989,-0.083168775812528004,0.98184974257522495,-7.7381780181338815,1.8841012853787502,-2.8273514230623671,0.3285868046852309,0.3508274624663208,0.8264150943396227,True,3
-0.36480747934205515,-0.85709267953029677,-0.36374117406704415,0.91690639844602551,-0.3986169464915037,0.019677054112031286,-0.1618584551539832,-0.3263382733688549,0.93129220539517044,14.532670704156834,0.092435590005969348,-2.0814760950309381,,0.3606027181071635,0.1538461538461539,False,4
0.34313757616108992,-0.93566080406353114,-0.082434601748773234,0.92607210314375887,0.32233630940505736,0.19618808174306354,-0.15699383301642131,-0.14365988785431319,0.97709506856625705,0.3446079112153832,-29.984206301216428,1.4824704125161863,,0.1852092376302149,0.6153846153846154,False,2
-0.29688716823997746,0.94673358148335796,0.12471381249140219,-0.94718794970063425,-0.30854162512925321,0.087390236894677731,0.12121467434413954,-0.092182380389598889,0.98833668932674523,-11.371803971801521,13.002747578824449,-4.3827683538092881,0.2602715228361682,0.2274284530044976,0.25,True,3
0.93183047516730322,-0.36254092322651871,-0.016001391675156594,0.35869418120161656,0.91346191979397806,0.19216088430896192,-0.055049522446431361,-0.18480097421919578,0.98123297437767376,7.9438280615955232,-9.8700300707826099,-0.87611742957979954,,0.07909431797300433,0.1379310344827586,False,1
-0.87578230277263736,-0.47874872314015521,-0.061684829917308628,0.47840784703850225,-0.87788315277541418,0.021144785765848523,-0.064275112152694214,-0.010992277506026951,0.997871675012869,-1.6453733669141986,31.74073040516241,-6.6491591401009682,,0.2915008268944915,0.5263157894736842,False,1
0.8462927603177326,-0.48045099930475854,-0.23012040565940683,0.52772428684536776,0.69709549622411582,0.48535033348870782,-0.072771154363108534,-0.53218860041446825,0.84349253267681534,11.93732152836111,8.7216444791563923,-3.2121043086616297,,0.253744108458919,0.2352941176470588,False,4
-0.9403725576132782,-0.34013266609392118,-0.0030368311945334131,0.3372984688788217,-0.93361531821595833,0.12079809801697589,-0.043922611259641239,0.11257089787488343,0.99267245210682575,1.4643585316652488,-26.966221505205521,1.0645909799389248,,0.1187531603653918,0.8,False,1
0.23016506921663177,0.9327548591408279,0.27747506854071996,-0.96361208647855412,0.17862225406156645,0.19886135156538698,0.13592566977929604,-0.31314926648986346,0.93992645945941433,-7.3942080219947597,5.9582093407572145,-3.3278699881957907,,0.1856368149302191,0.2352941176470588,False,2
-0.82499930930105436,-0.56494373569730116,-0.014653161746235915,0.55998662236166319,-0.82070204059113139,0.11341579848296481,-0.076099424628306128,0.085362380859079712,0.99343955100716119,-8.61656526308421,-12.019279069607885,-1.0934103342731682,,0.1699518323019612,0.7692307692307693,False,1
0.69984256084731777,-0.71424602954942285,-0.0085439627546894156,0.70674997980709464,0.6906644054437302,0.15325516335748901,-0.10356088097993378,-0.11329293149152844,0.98814971315318212,-0.62949528774290975,-31.903041843248126,1.6675845100785645,,0.3852154878559864,0.8888888888888888,False,1
-0.2544661278935339,-0.90376782586794424,-0.34416668444345461,0.95865604578679586,-0.28260975136058686,0.0333213792081309,-0.12737965155901601,-0.321458310456949,0.93831709938957608,14.737410618513161,-13.836725059634787,-0.25460010726333737,,0.2139861095227183,0.1851851851851852,False,2
0.8172716165017111,0.53927312585089382,0.20310490047186386,-0.57099045749206878,0.71031801016023266,0.41160444834210153,0.077698148714611406,-0.45236359289515499,0.88844255723671206,-6.5565962988936182,-11.451393322381321,-1.0522403846299471,,0.5190909200618317,0.1304347826086956,False,1
0.80403295200430669,0.59444192559161357,0.013031085533204808,-0.58913251470775718,0.7935076045778392,0.15254036053206607,0.08033612017861809,-0.13032451256794722,0.98821132821809565,-19.330405355401471,-7.0184019319398452,-2.5267525797962138,,0.4512486355530581,0.8108108108108109,False,1
-0.57109723887592623,0.77964945496251603,0.25689428005493786,-0.8155524425077868,-0.57449359890742591,-0.069507685431014293,0.093392490425497202,-0.24920640479539269,0.96393672538246933,6.3009332551100057,-17.035186371195927,-0.0058665016601013665,,0.3202348576278913,0.2424242424242424,False,3
-0.98974604641594377,0.14228742939531927,0.012532000641548986,-0.14015500398016087,-0.98433434187648572,0.10696952024715305,0.027556096663512802,0.10411623715183435,0.99418331845691976,-13.062089028087737,-7.0848050385196233,-2.1143603321960827,0.1909587013292776,0.1562837870247436,0.4545454545454545,True,3
-0.93631943456124755,-0.34548841605305264,-0.062798653138885413,0.34819048814957992,-0.93662951129068439,-0.038581634770062073,-0.045489563913741295,-0.057990628143917838,0.99728019464060924,0.1350709716235883,26.01175306804117,-5.8567338731080847,,0.1908205575758535,0.25,False,1
-0.36239062351092499,0.91667096836159234,0.16848552387188606,-0.92456394842698875,-0.37639625774312291,0.059222988999790768,0.11770531534497364,-0.13431378529396582,0.98392340444749415,-16.417354074760333,11.897143462957604,-4.5586570585507307,,0.1880956932072225,0.2142857142857143,False,2
-0.98498114764913247,-0.17187149932772269,-0.016502317856536941,0.17020570792905626,-0.98258807365780354,0.074502983120244198,-0.029019920126807777,0.070575245123819935,0.9970842386737172,-7.6020611848660904,-19.592015120257717,-0.11703071459129585,0.4570312251786732,0.4063120136689211,0.868421052631579,True,2
-0.76359364891603643,0.58631363283516003,0.27048301848125411,-0.64053517492504575,-0.74068696420569069,-0.20272520992589749,0.081482691529148471,-0.32805357033172994,0.94113836707137311,-10.48670445118786,-5.3559356357188834,-2.1332962965859181,,0.2680841178356112,0.3636363636363636,False,2
0.51774426094421444,-0.83557555878928935,-0.18372361256326269,0.84669350759477235,0.46964473757896696,0.25008783389290357,-0.12268245374213263,-0.28503913067919268,0.95063226829592717,-11.611311484323487,8.5236966679551713,-3.9121148509912738,,0.494400226232803,0.1538461538461539,False,1
0.12202606068388326,-0.97410416788974852,-0.19034366449607798,0.98972794679058229,0.10503102046666341,0.096990082386970211,-0.074486454175730396,-0.20022376192538577,0.976914639722824,-5.6291741540703448,20.080262983400178,-5.1295088465824001,,0.3287065177839162,0.2272727272727273,False,2
0.93073654391094918,0.36167828576951178,0.054021323859463385,-0.36258434961422226,0.89349352953228189,0.26495641547012383,0.047561278825670558,-0.26619190499857942,0.96274596569899684,-16.931657501832245,-0.79204603749324032,-3.1742212821389137,,0.07736554868351334,0.375,False,1
0.021409096259012082,-0.99940856763297725,-0.026910324025810017,0.99102227863524561,0.017661040365305261,0.13252520855226496,-0.13197156453561737,-0.029505975581512106,0.99081426289643471,6.0869958746644208,-3.9161823184522486,-1.6724499676027513,,0.9056533124554645,0.7009646302250804,False,2
0.9972953451690485,0.067115044678300539,0.029959393885352757,-0.073243563991427174,0.87362047968753387,0.48106406829481335,0.0061134963794617671,-0.48195728882168881,0.87617338290641156,-13.763598734036654,-6.5713779962342098,-2.2315209419424611,,0.5638049261638964,0.3076923076923077,False,1
-0.6288348730037876,0.75775584975168542,0.17427786624070271,-0.76940572242787908,-0.63875941351059284,0.00111621988770505,0.11216744977730639,-0.13338846958678779,0.98469588167705413,10.829298206323775,-8.5880625312129428,-0.96619300904979677,,0.6108142174076757,0.2162162162162162,False,1
0.53814076817815748,0.84251035920105,0.024099963973811579,-0.83477481803494324,0.52881413584383541,0.15331866457305116,0.11642816153898794,-0.10262506697027832,0.98788287708108191,-8.6006196589564397,-1.7313856846543505,-2.4997237557748688,,0.0932490916950713,0.2195121951219512,False,1
-0.9603469268459911,0.27784982831291977,0.023092271519757263,-0.27542075711486291,-0.95829177419149658,0.07629077314584029,0.04332651206521157,0.066905518631838842,0.99681817044477494,-15.668345683778861,-7.0271986737798473,-2.2676948224216091,,0.2018107231044657,0.5714285714285714,False,1
0.48310282050501885,-0.86271019880240407,-0.14947500694902763,0.86654334940233113,0.44666459007883974,0.22269568378460275,-0.12535664492433274,-0.23711148612418254,0.96336070852059175,-12.212468534083071,10.746867699861701,-4.1759644790138903,,0.1608282158386479,0.2222222222222222,False,1
-0.88490851064803933,0.42258802479741492,0.19584761698955841,-0.46057452260387904,-0.85652876840585013,-0.23287245011243182,0.069340009452539972,-0.29627323569802499,0.95258287455640545,-5.8754207629969333,2.0186143121993565,-2.7689890890734956,,0.3336620669201626,0.3220338983050847,False,1
0.60102882274372094,0.78209307554055196,0.16460490704355532,-0.79161891838053988,0.55419397217513322,0.25731018103987341,0.11001746358338425,-0.28495519366431743,0.9522062252004081,-7.2733395598460575,-5.1757243101480697,-1.9438292092378497,,0.152676251863159,0.35,False,1
0.27711231514787865,0.95887727692620062,0.061344376987440712,-0.9514266453029202,0.26492450994221983,0.15685133929777703,0.13414955609697146,-0.10183011257221077,0.98571523513259995,-11.32316996802969,-7.6352457717623556,-1.887885581401799,,0.7342762861031153,0.275,False,1
