axis_00,axis_01,axis_02,axis_10,axis_11,axis_12,axis_20,axis_21,axis_22,location_x,location_y,location_z,dbh,dbh_approximation,score,reconstructed,number_clusters
0.35230607783291989,-0.87407281194500797,-0.33448041338848383,0.9329630836210554,0.2997916830694094,0.19926071204003676,-0.07389392479951401,-0.38225863781078556,0.92109609797065506,12.511990222206059,10.023241338805995,-2.7138789340215941,,0.2276510067335639,0.3333333333333333,False,1
-0.89725428953314279,0.4401315652292106,0.034913395756674979,-0.44121892796485168,-0.89673778149819006,-0.0344558970171117,0.016143033169891172,-0.046320152445688392,0.99879619840960876,10.486969207097417,21.959232698459637,-3.6907383947443639,,0.1984735683269753,0.5161290322580645,False,4
0.98509999638914858,-0.16929997601068775,-0.030257482328832581,0.17196237792348704,0.96692627528731701,0.18836804064887305,-0.0026339500752445497,-0.19076450477427981,0.98163229675129637,2.9674405298553279,-24.145371291284196,-0.80871720408701286,,0.1845428310483502,0.2857142857142857,False,3
0.47003432608247808,-0.88193425971819228,-0.035492165889303137,0.87953756176328723,0.46462614124556861,0.10264612179105538,-0.074036543353143372,-0.079463893729014509,0.99408454360871212,-3.8951296850408901,-10.204255083613571,-2.1628875125523899,0.4305905392557478,0.4028074717519556,0.9245283018867925,True,5
0.47796748930920635,-0.86631082277167237,-0.14509527046779463,0.87737529114475776,0.46297480710612354,0.12596398879719672,-0.041948511917663106,-0.18750969663917774,0.98136661651707846,-13.469461404353344,-6.7517668236941999,-3.1761578940024395,0.2633718156990191,0.2391716929250857,0.2857142857142857,True,5
-0.74942703044441561,-0.64859182670694582,-0.13299536972470388,0.65769501673057484,-0.75238029437030851,-0.036893869558718741,-0.076134033171983612,-0.1151196550211724,0.99042974209217516,-11.123961411384826,1.8663938248274503,-3.4925373164249649,0.3044204504902094,0.3375121842116845,0.7,True,5
-0.58960877620232299,0.80765873709622971,0.0069896650366047738,-0.80510970019691852,-0.58839495312730317,0.074764629224981186,0.064496989650904737,0.038454434418463808,0.99717671192197888,-9.5884044537855431,-7.0871891528705842,-2.8556468984051229,,0.3088043387880478,0.9183673469387755,False,2
-0.056269332440619213,-0.98920015817258378,-0.13533960727748051,0.99526667204589758,-0.066331676978293466,0.071023659043532333,-0.079233917872156751,-0.13070254664918704,0.98825038859493808,11.55050079796878,17.999984553292254,-3.343929701179909,0.4751578978319249,0.3139043630856402,0.8378378378378378,True,5
-0.99408748147743387,0.10579890767656325,0.024426835740616153,-0.10813585791798687,-0.98500066367456662,-0.13446311313146275,0.0098343989238776491,-0.13630951432350424,0.99061748465424182,6.1431635997197809,9.1889635397673981,-2.8492232948693057,,0.215452613521806,0.2058823529411765,False,3
-0.96187702351685467,0.27100558042386508,0.036722840433160722,-0.27267895525747382,-0.96065076582697784,-0.052879991260708803,0.020947052061040465,-0.060877594360849129,0.9979254178117658,-7.1396637765971063,18.232085950400602,-4.150877121549585,0.7158383695794168,0.4431378838054861,0.8021978021978022,True,3
0.63663344613362083,-0.77058695163157009,-0.029893230658386977,0.76893186099087851,0.63136260326167726,0.10062333902104054,-0.0586655641508326,-0.087046040563619712,0.99447540864772643,-10.423108265577763,6.1053896867702413,-3.6632708773163105,0.4567578673670478,0.4271854318828693,0.9212598425196851,True,5
0.99781752228262499,-0.063661439692467889,-0.017533206268303108,0.065154807744139662,0.99235402899310499,0.10482524585698749,0.010725821814145005,-0.1057388397772358,0.99433608730095746,-9.5503591707443309,-9.9537392698930631,-2.6659138065168904,0.4728888421886427,0.3704643430713784,0.7583892617449665,True,3
0.99630377714946161,0.085801868294766867,0.0041015893070940612,-0.081815771252814515,0.93330460683692551,0.34964080201154957,0.026171801849007664,-0.34868402638219603,0.93687485105209078,-15.484187103544063,0.26141344462578864,-3.7376154034560733,,0.4242683278465009,0.2424242424242424,False,5
-0.25788284680088641,0.91973233798341825,0.29595415826344862,-0.96351532974140519,-0.26752824869795794,-0.0081759098524716856,0.071656448971343184,-0.28726479529548943,0.9551671532798115,-15.629571378608837,13.797864887715667,-4.3473081379893141,,0.6129964552652618,0.5873015873015873,False,2
-0.9168357650862542,-0.3986192144464637,-0.022691446247122417,0.3978841082320474,-0.91691100487617816,0.031023306615269107,-0.033172522893053141,0.019414711201583962,0.99926105333584803,-5.743383052147264,-18.727369828133536,-1.7234318043188459,0.4747571130200305,0.5463957543869731,0.9682539682539683,True,5
-0.95891797146644664,-0.26278213246876903,-0.10687317181519881,0.2831125891399171,-0.91036763032008794,-0.30179138413129147,-0.017988492687471935,-0.31965032225942536,0.94736481125819683,2.7930846246978507,-14.814610550873713,-1.4761544584902622,,0.5301699569934669,0.1333333333333333,False,5
0.20256195402071531,-0.96832539074246848,-0.14599517946409726,0.97667204135354135,0.18891559593729523,0.10209123982968146,-0.071276773367027091,-0.16326921098327438,0.98400344832895958,6.5578997925880378,12.950793813819983,-3.040578915079712,0.6749054052937828,0.5856486216884087,0.8007662835249042,True,5
-0.21329932479435532,-0.97510998890918532,-0.060530220318452746,0.97348830335292402,-0.21736575117547668,0.07122256279414671,-0.082607029224621736,-0.043733736925274172,0.99562213664483845,-5.6589880025041364,-5.9632924870993165,-2.6241944388591283,0.322970858670053,0.3715515136210181,0.2151898734177215,True,5
0.91843808322262288,0.37742626583375682,0.11840988617991577,-0.3939311392354462,0.84552708242899166,0.36041949228611475,0.035913017514793644,-0.37766832901092384,0.92524423177617221,10.328348740199004,-3.2077449790877233,-1.9049026740415795,,0.4176976724222317,0.3636363636363636,False,1
-0.99757288959979817,0.06896892530454006,-0.0095716914830525947,-0.065780197366699905,-0.97854687638268611,-0.19524081631689508,-0.022831898079397221,-0.19413731754617991,0.9807086246006339,10.784224977884508,7.6396162348121788,-2.591424046060387,0.4653782563454359,0.2800918071495155,0.3888888888888889,True,4
-0.1870673042977094,0.97965668367194803,0.072654014339678885,-0.97855644422658761,-0.19232614761775657,0.073742378624044258,0.086215480775827955,-0.057301265949322597,0.99462729491764901,14.387463017863903,9.3938722624065107,-2.6360661472087927,,0.1520794824378045,0.35,True,4
-0.091559641637561043,0.96735270461798084,0.23631668771265232,-0.99511927338934458,-0.09765400113945924,0.014189002449720642,0.03680303998673301,-0.23386415058690024,0.97157248587946499,11.867203567407374,12.742218003246153,-2.9249067166734788,,0.3973776324920509,0.3,False,4
-0.75143258165466398,-0.59512856755870935,-0.28490535850229909,0.6514102711388885,-0.73782123715523318,-0.17687419443626989,-0.1049463381093636,-0.31849930938424031,0.94209577859111315,-11.393139139923024,16.216710008175802,-4.2716207556339496,,0.5901839952283727,0.3529411764705883,False,2
0.90002553116338702,0.4282940209381671,0.080735833944281132,-0.4337208413758506,0.86192080157604867,0.26263808476061651,0.042898426664458096,-0.27139779556790339,0.96151077037680432,13.154538035919671,-6.4706067847015944,-1.6079349445849551,,0.2561524316419249,0.4761904761904762,False,5
0.59730673523225031,0.7947744979339707,0.10750889023701739,-0.80194468513817296,0.59011746154978151,0.092984426398611916,0.01045877740593219,-0.14175640729027775,0.98984631886335073,-11.98395201261364,-11.615418739578281,-2.7156289119594521,0.3567275021891161,0.3157420536751863,0.7735849056603774,True,5
-0.42803888145844021,0.82345800408544612,0.37242399421549172,-0.90087650793553253,-0.42165508935159135,-0.10309463164385442,0.072140372952237061,-0.37963653819346055,0.9223187439593743,10.460832658162396,13.253847826051546,-2.979339499024273,,0.3720605306856744,0.4222222222222222,False,3
-0.96767433319383733,0.2295035431049291,0.10456820061638125,-0.25168982783000665,-0.90522473701806339,-0.34237465744047257,0.016081524951490969,-0.35762592075080823,0.93372645103497665,4.7109816845381216,-9.3496878571732029,-1.6946348573520245,,0.4274487768785954,0.3387096774193548,False,1
-0.3672338031626069,0.90384257197449647,0.2195630636087364,-0.9292697406292173,-0.36666829118363908,-0.044856586934100988,0.039963520435944616,-0.22050616618815105,0.97456654349888772,-10.630927057788229,3.9819219809841018,-3.6153992900914811,,0.3082633048556115,0.2222222222222222,False,5
0.45497750968412604,0.86826990755657829,0.19774436354374664,-0.88806279466183757,0.42597493882874321,0.17288673814742209,0.06587820898474428,-0.25426898969701184,0.9648872174816201,-7.4362110667160826,9.309521828199566,-3.5167946654774975,,0.2461427747519076,0.2352941176470588,False,4
-0.72607167266288586,0.68423402053817584,0.068144928605745406,-0.68731349613469617,-0.72513031258614713,-0.042263315059487987,0.02049595539661973,-0.077523124981385111,0.99677985578837836,-15.500646303411417,-1.5969419279576544,-3.6338854363593489,,0.5359341016962809,0.5,False,2
-0.0015201758656207939,-0.99819746452461888,-0.059995923877892744,0.99677156953881785,-0.006328743455847486,0.080039897334980903,-0.080275321391208396,-0.059680556489483123,0.99498447422693304,-9.7315731707798641,-1.1758346017816208,-3.2121675139836601,0.4493556621406531,0.4510223872623065,0.7961165048543689,True,5
-0.99955629021990255,-0.026353738994711693,-0.013881755033986413,0.026148211521016252,-0.99954874031295415,0.014784680349540336,-0.014265122364606163,0.014415137175361996,0.99979433390279737,7.7361999070989897,12.017952165251742,-2.9544847774442529,0.2533954156651653,0.2706402032021079,0.8202247191011236,True,5
-0.88133562768798435,-0.47038359475730257,-0.044573368181300498,0.47017316079466465,-0.88243367067676581,0.015748514986667836,-0.046740883990169985,-0.007077474064137855,0.99888197457191641,8.5210919281712538,9.1030558948627327,-2.7457804316283485,0.5701004792964609,0.243683552976005,0.5384615384615384,True,5
0.1693901543264906,-0.9295847340113832,-0.32738234208679312,0.98240181343940347,0.13273510624883539,0.13140802304304805,-0.078699762186550393,-0.34388023185710564,0.93570974857040168,-10.905320054464989,14.51699933273788,-4.1215016667616782,,0.4440770808592092,0.3181818181818182,False,1
-0.036091062475432825,-0.99564438531729582,-0.08596332471198509,0.99610366762375813,-0.042766760329351845,0.077126438770561745,-0.080466878626499733,-0.082844807906564427,0.9933085216824793,-13.539678777083644,-3.6139904004814833,-3.3667256278919129,0.4312269349612204,0.3977700653432679,0.9759036144578314,True,5
-0.91513648451488694,-0.40065016531797687,-0.0447734267217905,0.40149663823027043,-0.91578873681524409,-0.011464685435310942,-0.036409671785462498,-0.028468132236187733,0.99893137964900169,12.162814497461792,-2.0658337764190122,-1.8910596386352658,,0.09435342681080494,0.3333333333333333,False,2
-0.5764308559617678,-0.81597144684687584,-0.043795732963373087,0.81697424332378921,-0.57658002064633196,-0.01041947872962929,-0.016749747481837014,-0.041786094841358132,0.99898617019316327,-5.2776742982429816,11.357346322035664,-3.534250137204777,0.2923356916818577,0.305605683778991,0.7892156862745098,True,5
0.55973855222377789,-0.82063464605316849,-0.11511529373466416,0.82062193446080312,0.52961563364978181,0.21467864652905666,-0.11520587587548092,-0.21463004983209816,0.96987707874391638,-8.0475723542134716,-7.0549563309046901,-2.7427297177914016,,0.6722773922174832,0.1785714285714286,False,3
0.68967793385842702,0.70867163744131367,0.14875771521174463,-0.7215088867026177,0.65511971759950949,0.22414968664151222,0.061394413083931405,-0.2619211062487829,0.96313449743194934,16.615543310412168,26.067303285234338,-3.8466447704499958,,0.2043705031848427,0.3157894736842105,False,1
0.99173544144715564,-0.12710250204724677,-0.017486227464620821,0.12804795869587524,0.97201970589287767,0.19692996630716908,-0.0080333337683845055,-0.19754150280195032,0.98026160805129592,9.8226266970606293,11.469810908011342,-2.8738745835972317,,0.2673012979657723,0.3478260869565217,False,2
0.11571567912212327,0.9930382680234362,0.022019987427758819,-0.98996044107475356,0.11348876563994521,0.084253339284566908,0.081167768925753864,-0.03154834884006498,0.99620103140534866,4.8309627186875828,-11.048545677960686,-1.5824603213021096,,0.5534317196836838,0.9315789473684211,False,5
0.41579769064107602,-0.90487142458179348,-0.091213954156495497,0.90719053855096554,0.40559357470089646,0.11179972685546768,-0.064168584378625756,-0.12923450443540083,0.98953566668522841,-21.331360612045863,0.72100083843904528,-4.0537165183884962,,0.2694819598908166,0.7037037037037037,True,5
-0.26879642787761793,0.90441365357964443,0.33133732596698418,-0.9624870842880292,-0.26541093351233069,-0.056352896561238715,0.036974219923630959,-0.33405535408197284,0.94182797127193418,-7.4322077508761639,-12.047491867792036,-2.3185812982658391,,0.4330599797272754,0.36,False,3
0.99496360599249434,0.090605793651842764,0.042872052751547922,-0.099462278044253935,0.83934691861630462,0.53441931613253058,0.01243696090929558,-0.53599192192236811,0.84413149546578736,-13.183725929322565,16.052753980554286,-4.3543784525840517,,0.5934715470896758,0.2777777777777778,False,1
-0.17210506624293451,0.97874308957264311,0.11154286524611481,-0.98061439682786122,-0.18099111300792864,0.075084097824255944,0.093676309211274511,-0.096458185893935761,0.99091905192432639,8.8485486345590427,22.503285658309018,-3.7710021890389447,0.3455921453271421,0.3589282482269399,1.0,True,5
0.38086521994268668,0.90945325125270293,0.1668426445004339,-0.92204279300641034,0.36007456538039673,0.1420682766526643,0.069128663396224171,-0.20794492336195108,0.97569469443317436,-26.783032112635091,-1.0934205826184757,-4.0905395059800043,,0.4308159561989886,0.5,False,3
-0.72005285041756983,-0.66612959819873507,-0.19441000748193191,0.68902770202251151,-0.71955086037447136,-0.086529678029770213,-0.082247908490794788,-0.19625982201650544,0.97709639432910622,5.3620276612735776,0.90766305874061404,-2.326262767618406,0.5721660257516487,0.4453856874927498,0.2993527508090615,True,5
0.51458745962989472,-0.84247846014813599,-0.15946720847270532,0.85418241112569149,0.48749879605177415,0.18087933096838651,-0.07464686808669016,-0.2292923200512757,0.97049104944370923,7.125232458034616,21.175927593470625,-3.6995829917951855,0.712459415325332,0.4918536589279028,0.7017543859649122,True,5
0.80883110249492518,-0.58572860903935131,-0.052098408705737245,0.58696958117865372,0.79883668165962263,0.1316307973310121,-0.035481803897196532,-0.13704726406560952,0.98992883027232403,11.905399078190182,-1.3505296954906556,-1.9204557532368405,,0.08873116497943027,0.3809523809523809,False,5
0.29348438303039154,-0.94990576466016241,-0.107452106459867,0.95447308640817363,0.28489486945190684,0.088408374503982576,-0.053367070743351376,-0.12850662093983001,0.99027168198171822,12.536241915444268,16.357926750245703,-3.1824676172932147,0.3169596311288203,0.3230366341563894,0.9078947368421053,True,6
-0.73716153704977383,-0.6654139727359204,-0.11754621721779684,0.67324842233396365,-0.73812530676316934,-0.043676004173974499,-0.05770121419210146,-0.11133407566228651,0.99210649301230802,-3.0877653502985991,22.49841312004525,-4.2434039666140242,,0.6969468283052369,0.3093525179856115,False,1
0.7725169877233371,-0.56702884389254926,-0.2858247607761436,0.6331927591606582,0.65399486656025951,0.41395367404981542,-0.047795746938127978,-0.50076841424625329,0.86426070248965925,12.57301800769622,4.1454580566447561,-2.2859196474802377,,0.6620795201893455,0.1875,False,1
0.44557679542165107,0.85058350071919064,0.27922934603307159,-0.89524363825040254,0.42348249693319412,0.13856912702116719,-0.00038412752184146561,-0.31172148321139537,0.95017344172026486,-13.532763573067864,6.5610592919524091,-3.9163253151243991,,0.3263119113998472,0.1818181818181818,False,3
0.053116776352548939,-0.99175410374001927,-0.11662935215778475,0.99535762005580175,0.043195317107452155,0.086007980890363753,-0.080260926151919168,-0.12065638107791038,0.98944440037751424,-10.684851656205417,-13.990151495485648,-2.4177065861853402,,0.1022749953953026,0.4444444444444444,False,1
-0.9982540261938877,0.058376789067136066,0.0090027599047936904,-0.059065752880785319,-0.98752326282212255,-0.14597617004763017,0.00036881474788714314,-0.14625305427019208,0.98924714206932207,13.063411410961974,3.3687156668004721,-2.2124323845925717,,0.6477041763671361,0.5306122448979592,False,1
-0.87868842790299162,-0.45175143468682422,-0.15436090155141802,0.46158265421950651,-0.88647685011456334,-0.033169979418732808,-0.12185277999720023,-0.1003963917148403,0.98745757606977524,-3.4623544053212969,3.6738279429600587,-3.0745068067794552,,0.4374747314885852,0.2901554404145077,False,3
0.38512602448385691,0.85876335794620362,0.33793999513851691,-0.92170165815159755,0.33955158183558609,0.18753873368866369,0.046303332772662034,-0.38370590081716555,0.92229376179839384,-0.08674967972889043,17.724164509252031,-3.707451617443807,,0.5177889244531205,0.3466666666666667,False,2
-0.90250793672755225,-0.40524141627839916,-0.14580404204429237,0.42546927242316623,-0.8914226720660291,-0.15601768473593819,-0.066748201230282425,-0.20284233842898311,0.97693380705817734,-7.1453798450283621,7.1424045898138182,-3.3928447798980561,,0.325000910616754,0.34,False,3
-0.74212408132448227,-0.60514885350702641,-0.28817826603931657,0.66683812628956474,-0.71001166793647896,-0.22629702764438619,-0.067666544502569329,-0.36010872871008426,0.93045308439592567,13.189565705626581,9.4713456377710692,-2.6666825169835207,,0.2226279453652828,0.3,False,2
-0.82586545001760603,0.55874246714335729,0.075849283963469169,-0.5622885420720386,-0.82612706519011092,-0.036683342471424435,0.042164605081963714,-0.072944688435340035,0.99644428770872762,9.3698421776829974,13.648927674635928,-3.0155366707884133,,0.1128349824540413,0.5,False,2
0.98397190245537003,-0.15649641039650816,-0.085487827855005,0.17687187773142685,0.91754802939454227,0.35612069951345277,0.02270757684383088,-0.36553315483988508,0.93052129404258221,-4.6978284296118344,18.773683781525705,-4.0446101876671383,,0.3612581388083387,0.2241379310344828,False,3
-0.43770952969507121,-0.82033184430882522,-0.36805710538855491,0.8892078652269616,-0.4555599290831,-0.042125092668287435,-0.13311551386908466,-0.34571782746436902,0.92884845036243024,8.0184636289580915,-6.0470855541955526,-1.7480716602350612,,0.5984839829271639,0.3846153846153846,False,4
-0.12702311308917805,-0.98937458942647627,-0.070732245392927134,0.98628761104037255,-0.13355783018810538,0.096948719969478014,-0.1053654452342367,-0.057447609111577438,0.9927728315974178,6.208555100469086,-18.45515109416246,-1.0247108150637225,,0.1819344243915371,0.3076923076923077,False,2
0.69398690670764174,-0.6932269044487922,-0.19447013206840669,0.71929201519048847,0.6556768626964653,0.22957972168230958,-0.031641273703262619,-0.29920613408295205,0.95366373482772737,-8.3909043309429201,10.248029822487045,-3.6492985824966833,0.5978715618649104,0.3316483083853007,0.1111111111111111,True,4
0.97205115352661031,-0.18594066039773852,-0.14332698886963918,0.2307314938052632,0.86937640578596009,0.43697556319441522,0.043353577637567864,-0.45783265051057409,0.88798070442576904,-5.116607380932968,-16.427219932944119,-1.7801086478470061,,0.411029282223103,0.2692307692307692,False,3
-0.2692031367576011,-0.88835988185678538,-0.37194944746197267,0.95985321790730183,-0.27908821816147134,-0.028134792632128799,-0.078812887479562652,-0.36459084847381107,0.92782651502114366,11.930928809350359,15.196806949941898,-3.1100094308153943,,0.3502554885610009,0.3181818181818182,False,1
-0.96955106428666815,0.24261511409384143,-0.033296248344526005,-0.23966464988094577,-0.96799002265804746,-0.074539731901288681,-0.050314901749201224,-0.064290142694697572,0.9966620230621126,-4.8462297668291914,-29.411269881608789,-0.71622110814017637,,0.3602313508373634,0.5,False,2
0.84049994974238651,-0.5352564606552338,-0.08402592343960974,0.54001882208554641,0.81497803123991797,0.21021531911268437,-0.044039826025836712,-0.22206154534979922,0.97403755769501754,-15.734654583098783,1.9145389687507843,-3.824300979085578,0.5162117828250747,0.3948670947736679,0.2941176470588235,True,3
-0.96472853134941161,-0.25329342990144615,-0.071702853284709114,0.26324432285652827,-0.92941755027736517,-0.25862220268227049,-0.0011345854817123545,-0.26837558682783097,0.96331368572786424,-12.020995824074596,-8.603041446134414,-2.9213409359376414,,0.6565178511738351,0.1904761904761905,False,3
-0.51270134852811944,-0.77558035733309927,-0.36825593890188624,0.85558830979499179,-0.49723597589179364,-0.14396189919935437,-0.071456079934441322,-0.38888493619321074,0.91851104241724024,-5.3818358804742088,-12.92969341847868,-2.1177543882277035,,0.4626460790260317,0.1025641025641026,False,1
0.013406259241642916,0.99043211863450942,0.13734806365691554,-0.99474900260947152,-0.00072757892440714414,0.10234203650686084,0.10146277159928532,-0.13799887320578752,0.98522160805238435,-9.2467542911435991,-14.562860658287324,-2.2307975083157068,,0.2127052324018796,0.2,False,2
-0.84292042248091736,-0.51825829307453242,-0.14454585094032985,0.53597562916604025,-0.8323208513376612,-0.1413227701703392,-0.047066828070937615,-0.19659690253923987,0.9793540583503586,7.2166008710808276,2.6859003657755731,-2.3557500778899807,,0.5276336313977823,0.5398230088495575,False,1
0.96785399062658872,0.2507322170239995,0.019799196307329847,-0.25031495560160444,0.9525821146915131,0.1730021322759081,0.024516847887789024,-0.17239683905476344,0.98472242487595063,-15.027292534124374,-3.7144033005906039,-3.4485090287637195,,0.1530081539412471,0.3636363636363636,False,1
0.36915137127338243,-0.89707186630807478,-0.24287719482390596,0.92647457371766717,0.3346025392858254,0.17229627087707214,-0.073294811150919584,-0.28862295019978235,0.9546332611408036,-24.292190253021428,9.1395678057566325,-4.5724283964836925,,0.4836673330144871,0.59375,False,1
0.040898130589874085,0.92416862232761343,0.37978902093048394,-0.99509021730362457,0.0033877720414986906,0.098914015322507279,0.090126590642717483,-0.38196973768307463,0.91976970876053776,-12.656261818594519,3.9195175447310207,-3.7980602621807371,,0.5325163676108093,0.2380952380952381,False,2
0.78094855983480649,0.55909889999736673,0.27843808452450786,-0.62152815550323826,0.65149898928203154,0.43503082520809389,0.061823125193450339,-0.51279380552638021,0.8562829054728871,-12.174264131024245,3.5646060461245739,-3.7201156891491816,,0.6198763976446929,0.3157894736842105,False,2
-0.97090977973384307,0.22300697310128884,0.087189962526544276,-0.23928371292570791,-0.91703061639285477,-0.3190582287398771,0.008803655244648198,-0.33063989255130927,0.94371593030317713,-12.327729572527874,0.64335629637092717,-3.5325005047967255,,0.4909022129048495,0.2333333333333333,False,2
-0.59584298306541972,0.70330126291128636,0.38773505531366681,-0.80069470394336872,-0.5575810069332604,-0.21906942229424253,0.062121901200331106,-0.44098838340106172,0.89536032696148382,2.2319281993175943,-17.260485508095641,-1.3164302138735806,,0.1664407765090197,0.1666666666666667,False,1
-0.84151603927763574,-0.52268366512447284,-0.1365743088963966,0.53816296091089966,-0.83316771504527154,-0.12732708317500638,-0.047237518373576877,-0.18064701718625018,0.98241298446204228,11.059050436023336,-1.8411469476920301,-1.9263855981706883,,0.2245343717270457,0.1578947368421053,False,1
-0.99627104048405601,-0.0855475779943453,-0.011208291222028703,0.085533358866426101,-0.99633378304702647,0.0017427794548838318,-0.011316289756080261,0.00077759790547814135,0.99993566639442077,-3.4003030274455752,-1.0594452545304378,-2.7540451556454655,,0.08013411091986761,0.1623931623931624,False,1
-0.94128795308432245,-0.33535236591551104,-0.038933020088289708,0.33614690315201179,-0.94167587840516909,-0.01586819243535352,-0.031340850014607888,-0.028023752509655688,0.9991158193200822,-14.556660789512147,-5.2072826609867215,-3.3314479955308038,,0.1357119664360724,0.4615384615384616,False,1
-0.91301733383706318,-0.38615239572227666,-0.13147499911012389,0.40624970536462657,-0.88989799671878889,-0.20746742473709154,-0.036885295230144784,-0.24283303464280326,0.96936659333915187,-13.075143558834085,-0.68510919463184983,-3.5148592916733157,,0.3175926824733323,0.15,False,1
-0.77708719056031206,-0.60789587318228322,-0.16308925665116661,0.62705990159328917,-0.77005379730533285,-0.11752884356383164,-0.054142202401595431,-0.19359689208142372,0.97958606834495054,4.6358594850802044,23.676755274961877,-3.9738537558064948,,0.28134223937493,0.375,False,1
0.39287839666896712,-0.85605009774379093,-0.3358940243345635,0.91673575793912832,0.33583806825329093,0.21635235618700929,-0.072402455390645007,-0.39292622979987546,0.91671525698477507,15.365759314402377,26.971001039150693,-3.9513434568925652,,0.3849910589855249,0.3157894736842105,False,1
0.64899747339498282,-0.72695065590131991,-0.22437696720378653,0.75853977683626028,0.59562601064956333,0.26428594816009993,-0.058478085503247595,-0.34171976723965947,0.93798076429826005,12.256480681261579,11.024193456374045,-2.7906958503975412,,0.3165508963643863,0.3809523809523809,False,1
0.89157061533761939,0.40810360077630148,0.19634991443827005,-0.45107473246526902,0.76152105789566882,0.46542159824491136,0.040415635562054034,-0.5035247058634551,0.86303502071887961,-9.2797413461397191,6.8554744567906232,-3.5794187862815732,,0.7671325212747986,0.4038461538461539,False,1
-0.82297878757071574,-0.54123561947391197,-0.1725396169618037,0.56592006060193267,-0.80754242044524005,-0.16616174105295295,-0.04940040705237083,-0.23439121867965665,0.97088637666254562,7.0217354549000106,-9.5270933937798485,-1.5738168112301956,,0.4279134796155951,0.2631578947368421,False,1
0.79899016478114127,0.6007807009635443,0.026024333473814311,-0.59909355008435672,0.79151352007034581,0.12080259017575785,0.051977253008660268,-0.11211109175992409,0.99233536078992535,-13.993670595213946,3.5836952231219099,-3.859593669601562,,0.1470634619455393,0.3333333333333333,False,1
0.26749780919556482,-0.90435719193338393,-0.33254021031138392,0.96051713838442121,0.22287147648763309,0.16653867970542649,-0.076496725063086468,-0.36395930317356728,0.92826821376584667,11.211575560450198,8.7369003457940195,-2.6657763620649413,,0.6647064083850578,0.1818181818181818,False,1
0.69911344491790006,0.7086791544646257,0.094943389250266838,-0.71242942187833991,0.67914796856195114,0.1766418852941396,0.060701811975582949,-0.19113318085951642,0.97968535622280439,-16.451923398892092,-11.252615508399536,-3.0544791717511539,,0.2496868167775735,0.3478260869565217,False,1
0.12683207675407834,-0.96148345429524518,-0.24385075645306334,0.98874122392416719,0.10286688866442406,0.10867012160406045,-0.079400355283763546,-0.25488815259439701,0.9637051485012561,-3.9283306648199421,21.103828481438647,-4.2307937559096009,,0.9005614436863274,0.4818181818181818,False,1
0.99600048455475043,-0.088983727448125355,-0.0080579784152014396,0.089303187285875815,0.98859543368349101,0.12126008923274931,-0.0028240940646340612,-0.12149471078852887,0.99258806145506617,12.617417632619214,23.74859784583635,-3.7602633637068483,,0.3164021948368787,0.9642857142857143,False,1
-0.87330181294775588,-0.45432268044980512,-0.17588304503580637,0.48526931325975625,-0.84314966077092424,-0.23154339366581128,-0.043100314506601539,-0.28755790994298941,0.95679298247774192,-3.4081209903379444,-2.3922999255006689,-2.6890934788532204,,0.3890726605268647,0.4131274131274131,False,1
0.6622849497618275,0.66717667076943965,0.3409603133796959,-0.74657330501376229,0.54918145338499913,0.37553699085278952,0.063300438859471328,-0.50326436515905526,0.86181090338963096,3.2419631532911164,-16.735465410100318,-1.2955139618478624,,0.2062620334695957,0.1538461538461539,False,1
-0.74485397113382568,0.65622753079588159,0.12065649386464367,-0.66531252131739438,-0.7441624203275492,-0.059845978566104428,0.050515449760051373,-0.12485079093775565,0.99088872702123099,-4.5275540017123612,12.618418722957189,-3.5569844803175306,,0.7306903519511951,0.6086956521739131,False,1
