axis_00,axis_01,axis_02,axis_10,axis_11,axis_12,axis_20,axis_21,axis_22,location_x,location_y,location_z,dbh,dbh_approximation,score,reconstructed,number_clusters
0.5064353836949208,-0.85714895749814457,-0.093908821745467427,0.84740245002762438,0.47459620698657562,0.23804942344213939,-0.15947504453348693,-0.20013521672559115,0.96670243880795237,6.3540827466107013,-4.5626795119431725,-0.25888673790879824,0.6231974623862357,0.5785102571192919,1.0,True,5
-0.42062243743496991,-0.8305859739353737,-0.36497082763981459,0.88363172448118554,-0.46623434410020959,0.042667456824300287,-0.2056009256221166,-0.30455291212410657,0.93004074270972426,12.009601994110863,-3.3836721127555989,0.05363720884854907,,0.4440100071704557,0.2261904761904762,False,4
0.1802803773361403,0.98355689663918389,0.010715251795343578,-0.95742133704226617,0.17297176184028298,0.23113881755791044,0.22548474210850594,-0.051928803947011742,0.97286177353049219,-8.9354173667124694,8.0543005579886255,-4.4820924078363671,,0.09175355267558691,0.3863636363636364,False,5
0.96638772385734573,0.25600140637898072,-0.023623020759470842,-0.23222153996734729,0.90864438048436147,0.34704257114853282,0.11030831135056052,-0.32989190615438674,0.93755181547518396,11.377176121008187,12.356963999145943,-3.602236443975944,,0.2438999762249623,0.16,False,1
-0.23428806701492128,-0.86497593026479347,-0.44376315948596978,0.95551651918331959,-0.28900594112442829,0.058853611295992148,-0.17915714672378552,-0.41023433066643983,0.89420943336583836,4.8054424554052142,-6.9241156370332124,0.061586235398429154,0.4767412921449639,0.4893320531580449,0.3666666666666666,True,3
0.21353323725703513,-0.93294145089978198,-0.28986860088588584,0.95401432188557234,0.13523642602699126,0.26752155560376523,-0.21038115463069179,-0.3336635405141779,0.91891697748371226,18.952708583843656,8.5867218692448599,-1.9490914823666248,,0.4571087971037517,0.15,False,3
-0.87967742810924321,0.47554978946527493,0.004474395449656568,-0.47285286294527373,-0.87561564480959353,0.098526202449592953,0.050771965488501158,0.08455554567390916,0.9951243978599974,17.328518860306275,8.979618821384566,-2.170416708463887,0.3171797451922652,0.2863974423813337,0.6929824561403509,True,5
-0.40411995371008697,-0.90754420251517476,-0.11423915044525149,0.88926530150316352,-0.41905443487619409,0.1833046757534616,-0.21422951840454935,-0.027511835483830419,0.97639582770127931,-5.8166694609311547,-10.530627717739783,-0.45004570617241979,0.1940043741615888,0.1646019216911516,0.5444444444444444,True,3
-0.66508202746645773,0.74673345106576183,-0.0074195552781001345,-0.73642499218187341,-0.65418793089047478,0.17238440175134243,0.12387141571417878,0.12011371335804305,0.9850018112837704,-4.125120059790353,5.5718891540528439,-3.5524963451018725,0.3554373764156799,0.3089220717587892,0.9457478005865103,True,5
0.20412536194533054,0.96572864162361094,0.1603153996299253,-0.95053124775616649,0.15635605039618847,0.26840851801611965,0.2341435108000921,-0.20717378273401171,0.94987148609582317,10.023933890797576,13.20669103017025,-3.9332201646717921,,0.3834486220803602,0.1304347826086956,False,5
0.52208415891118087,0.82688556645086331,0.20901768109239066,-0.82680790760167511,0.43053546081220789,0.36197776300563045,0.20932466395851551,-0.36180032749909902,0.90845126896284345,-11.315166980326552,3.8168284136629844,-3.8267192153002316,0.4572405619580071,0.2044352417712167,0.3636363636363636,True,5
0.69304789497961805,0.71827555671777688,0.061358291094917944,-0.69749232282174378,0.6466095989623698,0.30886969118780871,0.18217868939326984,-0.2568584262808824,0.94912310791564869,14.745865087728729,-0.76805240197524149,-0.28720291790254199,,0.3707377247670697,0.3859649122807017,False,5
-0.23650936004999351,-0.81790522329308624,-0.52449439302878043,0.9454029994354759,-0.31828925305105238,0.070036562241507672,-0.22422419866541618,-0.47929426984065793,0.84852843890512153,0.45161349602022011,-14.641588002949179,1.2412235032192991,,0.4213464686007303,0.2777777777777778,False,2
0.42240523536506863,-0.90020480507842793,-0.10585426798146078,0.8895532284437887,0.38929822494657101,0.23904381568800745,-0.17397951287842506,-0.19513636505571924,0.96522169895388688,-2.5057242301552538,16.547448287132479,-5.7642946273380833,0.3334660998391195,0.3057824348830809,0.9393939393939394,True,5
0.17644099183314096,-0.94330964903718062,-0.28113249978309057,0.95896281300961184,0.10033641831781367,0.26518470246951664,-0.22194346051558,-0.3163850647431144,0.92230233174478404,10.706175981062845,-5.2210802508720073,0.32252697097674476,,0.7958807786749531,0.582089552238806,False,5
0.062501763386690043,-0.99356606032378081,-0.094445822280474462,0.9751922926562383,0.040662134155720703,0.21759270022170277,-0.21235235321847473,-0.10570276542542738,0.97145941936037306,9.0265201759300986,10.510660363659918,-3.4635958831107105,0.4266743607731581,0.3620033827700124,0.99,True,5
0.83606013638983045,-0.52491907031471496,-0.15957261030562708,0.5376490066787073,0.72597305172106474,0.42883175464534118,-0.10925655109518823,-0.44432319070102366,0.88917934537867271,-5.3225337776468935,19.441121592627702,-6.5129947547493048,,0.2520838919854889,0.3,False,4
0.95335004068117923,-0.29200988944120654,-0.076510943019453645,0.30172690596359936,0.91406971536411963,0.27099341259851495,-0.0091964205441552455,-0.28143699103474312,0.95953564077968634,-3.6509303478365922,-19.918493873542502,2.0824576619512722,0.448980870281647,0.3769092844668606,0.7391304347826086,True,5
0.30816598867351391,-0.94411221681169843,-0.11698651841890643,0.93232866362092359,0.27526134294384563,0.23450896799818682,-0.18920091547267862,-0.18133757235513021,0.96504906530012735,-0.44640338758801851,-12.603286840995994,0.66235948141063428,0.5574349009588068,0.4950370785302873,0.8599033816425121,True,5
0.85934602001897709,-0.47421934528071491,-0.19141690217708981,0.50674070562015427,0.73924266794391302,0.44354721863489732,-0.068835130167172159,-0.47815927310122874,0.87557149017208924,7.4741929367296862,10.90697595595787,-3.7438988570930807,,0.3571071868491988,0.1636363636363636,False,3
0.36994965026711479,-0.92521103985021802,-0.084390686728567976,0.91126788386688906,0.34368009718701048,0.2268806616490058,-0.18090909346962922,-0.16083694394263687,0.970259438172694,-0.75994621683026242,-7.3464918977625171,-0.4783355407905972,0.4619999810077101,0.4019449468256058,0.9787644787644788,True,5
-0.17383693312360632,0.98316046681099467,0.056357938058152687,-0.96271357344564068,-0.18170977241496272,0.2004099152048826,0.20727589388470766,-0.019417906913213434,0.97808979582930222,16.409032503749806,-3.5704762571832074,0.57832222372313391,0.294825138931733,0.2119450301359158,0.4210526315789473,True,5
0.44987917269756739,0.89304413966906682,-0.0089941411867674737,-0.86520313355746514,0.43830676114753642,0.24353792479755326,0.22143230942049669,-0.10178088098995623,0.96984967113961174,-6.2970279749203435,7.2132266072432252,-4.0765907301993263,0.3335922201898762,0.2733650595575196,0.6790697674418604,True,5
-0.17718673117261938,-0.96516629655689945,-0.19250683698768067,0.95939441115688351,-0.21300744746484176,0.1849058981359164,-0.21947033088164594,-0.1519271118502297,0.96371724408539516,-17.248220619749592,-4.7834983022648592,-2.7725858376444275,0.2216022314330666,0.3458104274856342,0.7777777777777778,True,4
0.22761420288070749,-0.96568452019132212,-0.12508070238784713,0.95437969440243198,0.19574346911221074,0.22548590468638846,-0.19326451707259193,-0.17069827697658246,0.96618369096043311,-6.9454212598684979,-1.4607651265887514,-2.366497795809547,0.2320555690870172,0.2427615081318441,0.717948717948718,True,5
0.78276089645665614,0.6219757099150941,0.020774870733352574,-0.59698853075336944,0.74104914123714105,0.30732859356172787,0.17575572004149947,-0.25296716495883664,0.95137665533971538,4.5934191047957853,1.3815520830751309,-1.7453118921834405,0.6342967570473274,0.325865714345456,0.2083333333333333,True,4
-0.077242912810330175,-0.97268060863657824,-0.2189199990931644,0.97443673898427541,-0.12011333489621766,0.18985738989515297,-0.21096581272392648,-0.1986585522007156,0.95709362420781452,12.137009557209252,-7.5021566836556737,1.061518602118837,0.3967079486385071,0.2516899539716954,0.64,True,5
0.24953887661073076,-0.91980793307494324,-0.30279318901232677,0.94829377850574847,0.16878117651001706,0.26879699422274811,-0.19613581699206298,-0.35421219728899039,0.91436560553454815,-2.3560118928224614,19.920444508976203,-6.3195150013152039,,0.2667931009194331,0.2307692307692308,False,1
0.60288868227413372,-0.79218426830746314,-0.094706503641131062,0.7859551114163984,0.56931896281182148,0.24114410924032162,-0.1371123613106964,-0.21981811487919004,0.96585723414320623,6.8998069529660357,-0.60154121063137933,-1.1178291650140231,0.3850438403065499,0.3710375016404586,0.9834983498349835,True,5
-0.3361873117579865,-0.93737540628717175,-0.091134181846860063,0.91534839151467107,-0.3479841272029941,0.20259410002829112,-0.22161997555374199,-0.015309960898989117,0.97501291864919892,3.8365801567044957,11.325628445231157,-4.1399415154326817,0.3154933165461791,0.2732450356982276,0.9552238805970149,True,5
-0.99764042254664287,-0.020664277079333097,-0.065471940201464462,0.016339142523028427,-0.99769106177501909,0.065920995713407926,-0.066682979256837055,0.064695694656008745,0.99567456900857365,-16.712962071373557,3.010528189032263,-4.1862279346619538,,0.3319261165367305,0.4642857142857143,False,5
-0.17423487138773983,0.98446317714064169,-0.021782158907024632,-0.96347365651323669,-0.16586800653836578,0.21025298478737978,0.2033733581310769,0.057619938052220931,0.97740432776888564,1.0172629435467557,6.9598020421471807,-3.3990239767895516,,0.2288048677737539,0.8621495327102804,False,4
0.67968666010816059,-0.7027911394851416,-0.2100253754482769,0.72594251297640222,0.60351245639327011,0.32981840887322733,-0.10504052515348339,-0.37663952161096625,0.92038533171500703,-10.112834436580632,-7.9279683061407269,-1.4507953852302482,0.5136735544942952,0.4656303845357138,0.9459459459459459,True,3
-0.11315464078860232,0.98742868354693303,0.11036585602791051,-0.97508660774172706,-0.13169176997080684,0.17850317959265641,0.1907934345587772,-0.087417804998336721,0.97773002035251999,2.5277934296970663,-9.3663231415293815,0.31677769719594834,,0.2281996084006707,0.1333333333333333,False,5
0.12987895335574026,0.95597647793989271,0.26313576552961176,-0.96860992130583556,0.065596528851868355,0.23977471874759645,0.21195819829183415,-0.28601760265449278,0.93448790957863981,12.484093480348877,7.5328343947700205,-2.3940008965504651,,0.6421486738376805,0.1666666666666667,False,3
0.48382451715563468,-0.87123349163755359,-0.082861569187136622,0.85982049282392592,0.45555390316211736,0.2306065077871442,-0.16316420170839832,-0.18281915753770969,0.96951255738028708,0.7327489674193155,-4.1139153144062499,-1.0178859522224071,0.4759954260289319,0.404357338279039,0.995880535530381,True,5
-0.38063331439874265,-0.90430701415148018,-0.19325398864256865,0.89741001874806448,-0.41165284922556455,0.15873622767053769,-0.22309983913133186,-0.11300776911747573,0.9682229629060991,-7.2456302570717703,-18.716218192168125,1.2849822112086686,0.3022159799638499,0.2858687625588356,0.55,True,5
-0.97549285408748188,0.21850469842427614,-0.025872541250825769,-0.21995172927407317,-0.96521772974164088,0.14133637529573956,0.0059100265316068407,0.1435633343124543,0.98962348427444213,-10.456419448886967,9.3965054661423579,-4.8821660795409567,,0.1428622500752881,0.4375,False,3
-0.25740469432824192,0.93603377150069489,0.23996583495983198,-0.95353515212569728,-0.28628358168053991,0.093874514756590352,0.15656799480867098,-0.20465211816726114,0.96623184253637906,11.751282181289039,1.0848505060691633,-1.0411187293405131,,0.4475326507571367,0.2678571428571428,False,6
0.51577489820496158,-0.84389985361693187,-0.1476796920601558,0.84128333560533441,0.46631813680747247,0.27347713710138472,-0.16192159712164306,-0.26529310648738758,0.95047407331070766,-13.344515494962131,10.37305568075552,-5.3352564984265802,0.138966479520152,0.1245781745110701,0.25,True,5
0.85653157083321829,-0.46238968660892488,-0.22923665911821578,0.51233014639383267,0.7082525037086741,0.48569147829303139,-0.062221292674251902,-0.53345493596750637,0.8435368053794986,8.9276383363706291,-0.68697711516162885,-0.90206610064080039,,0.3753678011466579,0.1621621621621622,False,1
0.45235115503582435,-0.87774435014681351,-0.15793444311834726,0.87592695028303968,0.40395446907580396,0.26376649651071621,-0.16772122795164573,-0.25765411446167952,0.95156920242059062,10.565312765732006,-6.7511292132226517,0.71254375829125804,,0.4185698735084458,0.2352941176470588,False,1
0.26924909924419338,-0.87462230301052646,-0.40316342794548765,0.94354883335982975,0.15570453130833614,0.29235543093186855,-0.19292620771035116,-0.45912081852886771,0.86717215843907736,-10.755171778871867,21.415174417264343,-7.3579039998088058,,0.4389665199322081,0.423728813559322,False,3
-0.4586946031620367,-0.87982097902781387,-0.12455643657619975,0.86086173539904864,-0.47473772149292492,0.18314248091976063,-0.22026423576186957,-0.023219402538508398,0.97516384561262059,-13.611003280921528,-9.4800909642396629,-1.5371817360799753,0.1564232834971714,0.1412007381568515,0.3636363636363636,True,5
0.17490881792354249,-0.9752268729652025,-0.13542323160780748,0.96043521254512831,0.13872085355076955,0.24149684737805693,-0.21672818902021865,-0.1723051683399508,0.96090572953196496,-4.2276534259325862,14.701990946445042,-5.4979311186775508,0.2882707502022188,0.3063055833445275,0.9455782312925171,True,5
0.95795442008703557,0.28684784840610372,0.0064529760963293187,-0.25168339996322114,0.82929570131045038,0.49892294592548203,0.13776354822181447,-0.47956954829596632,0.86662232438850695,-8.9832711893592219,-11.627652269275558,-0.58258915468646466,,0.2731399722765567,0.25,False,4
-0.71258020437051306,-0.6886172439489654,-0.13429722139868489,0.66894328677714054,-0.72457028559289516,0.16586976913116291,-0.21152855933673012,0.028358289298900288,0.97696032468722416,-3.8384465612654779,-8.0560378457647701,-0.74954503636008762,0.2932158494853319,0.1771835038241227,0.4074074074074074,True,5
0.92885923459682473,-0.36195156998485289,-0.078813598380613442,0.36974194184883791,0.89291065387516633,0.25690749431278398,-0.022614569243098487,-0.26777159143890311,0.96321698286327284,-2.6604980837632577,8.5473526336701671,-4.0321294643416872,0.3687540966982657,0.3774150978161722,0.9686847599164927,True,5
0.15291001803971951,-0.88970137795817217,-0.43017436516187701,0.96985214218677718,0.051521550528576959,0.23818554138917028,-0.18975075409287176,-0.45362648499670138,0.87075694854001928,-8.181416784911514,-5.1849577734870387,-1.8301444735070331,,0.3182024807404824,0.3125,False,3
0.60198413467949186,-0.75204114205707528,-0.26841986187254041,0.76662875975528966,0.45028423358165526,0.4577384118728165,-0.22337288624685414,-0.4813296475818542,0.84760033273263813,1.5812184693947695,-16.956180400134439,1.8836443927614037,,0.2894848132702283,0.2307692307692308,False,3
0.46129744912245318,-0.86844914411234364,-0.1816610787253419,0.87106444933053173,0.40436538238712527,0.2788106214608958,-0.16867539401351511,-0.28685313597283757,0.9430078948963968,-13.765242638619986,7.7609156772136334,-4.8127523776586587,0.2413885249347193,0.1879183884172167,0.6538461538461539,True,4
-0.8663723635922258,0.49939840984949613,0.00039477008118547763,-0.49655143416558922,-0.86151708991270182,0.10594799203594586,0.053250359921025878,0.09159438862805433,0.99437159409354459,-13.385285414459297,5.3187920167365546,-4.2914129479360525,0.4896571631396066,0.3781467451079882,0.5645161290322581,True,5
-0.40783325130533821,-0.90971019624362881,-0.078098642626465362,0.88600311979467261,-0.41496620971518633,0.20688527378409491,-0.2206139407286509,0.01517905283578494,0.97524309047087598,1.4652013579395995,11.762057791178734,-4.4181718009493904,0.2208589964950292,0.3104351461503772,0.953125,True,5
0.13548255810702495,-0.91995917399640836,-0.36785811752443692,0.9763053675920097,0.060728445646325485,0.20770143259114013,-0.16873738666877355,-0.38728177606134162,0.90638872470423304,-7.099421330632822,-11.716512822914636,-0.3799871236605521,,0.3893392704038623,0.2058823529411765,False,4
0.93959048690844904,0.34186992872925698,-0.017165918029498725,-0.31689962613447098,0.88772978970341399,0.3339318005655707,0.12939993766217714,-0.30831927008181675,0.94244091795148632,6.5035604987867481,-16.818970244563825,2.5796295228037009,,0.3878784915217418,0.8421052631578947,False,4
0.27096540945676384,0.9385294258913176,0.21386973515213009,-0.93648761963035521,0.2056397608226346,0.28408313404333085,0.22264025951520927,-0.27726306191940464,0.93464244999790025,16.23865082922023,-1.5395697115776941,0.064521273618795241,,0.2524862302030596,0.1153846153846154,False,2
-0.44149505344870821,-0.89204621556410124,-0.096621255829589872,0.87001232557568398,-0.45193462247945532,0.1970625544103756,-0.21945539666800695,0.0029404595078031531,0.97561810283080064,-3.6096088565836948,-11.832414801162688,0.16440880489239762,0.2367663562892617,0.3472358044921761,0.7608695652173914,True,6
-0.88243136672099143,0.46976824282365731,-0.025153152114522015,-0.46807686227812501,-0.8713869540572563,0.14693136934869316,0.047105562588597216,0.14143045758672396,0.9888268259103925,16.608508271281909,-6.7994708061501159,1.3083980564200255,0.4712801367689251,0.4048292864927393,0.6388888888888888,True,5
-0.098694041296442186,-0.98901301109573092,-0.1100579397223681,0.97050651189409254,-0.12010764294780377,0.20902455472189202,-0.21994680398618785,-0.086182469150512905,0.97169747628950009,-4.1350200505934405,-15.875307186576487,0.96095452517936986,0.3790190569666394,0.3820120554837823,0.5813953488372093,True,5
0.64412064812887226,-0.6885460901288899,-0.33318594271406421,0.75397979213474897,0.49809098280228681,0.42827543229035742,-0.12893046073943104,-0.52707651685430879,0.83998052458033068,19.198691756645839,-7.3338813655170121,1.6280698683266133,,0.205260087093219,0.4285714285714285,False,1
0.98349318138937347,0.17941814811423579,-0.023458266940773666,-0.14023299778533349,0.83770620817876607,0.52780963908486023,0.11434976385084977,-0.51580755801559364,0.84903868851851672,-17.83912504491488,10.337296680163089,-5.7155313417719809,,0.3866804112266358,0.25,False,2
0.55298099439994819,-0.8252993022947499,-0.11442500366721858,0.81734778345626313,0.51066775927897812,0.26676026786633955,-0.16172390272182333,-0.24103838131050098,0.95694612075269725,-14.184526161243664,-1.6307684199830594,-3.1693198431331502,0.3768109109773837,0.3212397556383456,0.7857142857142857,True,5
-0.38835665748529946,0.84959661832399824,0.3568819030425508,-0.9041753792331062,-0.42607780255641725,0.030407067556144196,0.1778931987893719,-0.31087504290489709,0.93365449579775706,-2.6479489161306144,-9.8483787244486845,-0.1861006537164854,,0.7934226586362735,0.2758620689655172,False,1
0.33932224819000728,-0.91126009049584922,-0.23337836093514724,0.92033747659030885,0.27030338342513566,0.28269243019986739,-0.19452336894743988,-0.31071068275555158,0.93038676396158915,-4.7301560171042265,20.763626101220151,-6.6717616775524009,,0.4669085005616829,0.3333333333333333,False,4
-0.33761666016698016,-0.9333873353314468,-0.12166787998709122,0.914275926438329,-0.3559195292032481,0.19344461498597379,-0.22386272828013876,-0.045927888854133452,0.97353793347376738,-5.557893309959641,-4.5243506193270369,-1.6352762744603344,0.3172907665518755,0.2534913628834289,0.8494623655913979,True,5
-0.59448105711454435,-0.68941235060970441,-0.41388752525145578,0.77646982391654062,-0.62595662717520573,-0.072614829356378613,-0.20901407914059059,-0.36453931437122311,0.90742724391477725,24.296201872621385,9.4403064994386305,-1.6508328088602666,,0.7557715196460097,0.2,False,1
-0.89916072860569218,-0.42705469450214772,-0.095573385609993317,0.41635329808634497,-0.90206883538956506,0.11367386415326733,-0.13475872998029687,0.062418780207477619,0.98891050180059625,-10.369448539782391,5.1633746511883025,-3.9976854348382838,,0.1404201390298737,0.1627906976744186,False,2
0.96496988827950236,0.26222241014100844,-0.008516004561122989,-0.220545531375863,0.82832595483233551,0.51501046702104736,0.14210131351955424,-0.49509142607294238,0.85714158487677949,4.7623997137549505,-10.054322777935779,0.83262675186990798,,0.4853903572051408,0.391304347826087,False,5
-0.23653050851025806,0.95985649580488508,0.15076082384043235,-0.95349607908594747,-0.25913914591486559,0.15392248121128899,0.18681152456849223,-0.10734249165955267,0.976513719193292,3.6904843959277875,-12.251734764798782,1.1237385284151233,,0.2690172550509404,0.8571428571428571,False,5
0.95616145382025275,-0.28450481894862556,-0.069370614984666623,0.2927633435664137,0.92328230434451919,0.24867531270331084,-0.0067006635608088949,-0.25808292171177299,0.96609953246472524,-3.3649593240991083,-2.4746931947948898,-1.7899377596068362,0.5559750424114902,0.4777458176853869,0.9791469194312796,True,5
0.60355630745554634,0.7392975538718547,0.29859489374354437,-0.76969657518789958,0.44252251852281643,0.46015323832854022,0.20805519910505629,-0.50755585647228674,0.83612205250551774,14.940105984146856,11.505026989431288,-2.9344605022921462,,0.7031107269237471,0.1481481481481481,False,1
0.55569431608356645,0.81919558401735992,0.14185352374500232,-0.80370957493444961,0.4856596574920744,0.34378134946993211,0.2127316295972555,-0.30504637714802918,0.92827364583820815,1.5806148380291776,-6.0422029323811479,-0.48074842341267188,,0.303251967181896,0.3442622950819672,False,1
-0.99509267132297008,-0.064391100201555529,-0.075128967077606634,0.062810062031666919,-0.9977552725276102,0.023223097358713973,-0.076455683810250724,0.018390278904556565,0.99690336846402494,12.373043456790022,-1.2895585084255337,-0.39656753509917197,,0.2433486331081998,0.2903225806451613,False,2
0.97394184333987999,0.22602921917458324,0.01865684515249813,-0.20179150900747755,0.82606983728015149,0.52620225277779742,0.10352522728398708,-0.51625518497664713,0.8501547572651269,5.9569108448788732,-9.8261660930985339,0.89129584807139128,,0.1481618160317787,0.3235294117647059,False,2
0.30595944464604552,-0.94699031002212164,-0.09797025546607907,0.93351233529608335,0.27820586453583585,0.22617740114326232,-0.18693190760791856,-0.16065755401497181,0.96914684762217063,-9.4300257373751073,-4.6918856305172563,-2.0676707002358579,0.2411805182584126,0.2195588571494747,0.8721804511278195,True,5
-0.94864425258399421,-0.30426967259541532,-0.086568171853362644,0.29270206205084004,-0.9480439707257563,0.12465204547750999,-0.11999827044812238,0.092911764105627792,0.98841682461410951,-7.6345683292167497,17.849268468258654,-6.3707341130419994,,0.2536241475963465,0.3448275862068966,True,5
0.33330172362431099,-0.94007149481157437,-0.071941265430878365,0.92411679689797299,0.31061406412034148,0.22254673410696391,-0.18686387216392214,-0.14065734183958248,0.97226406159362344,7.6293720489974204,8.1406550899468773,-3.0780234850688446,0.5010737040936777,0.4699319089027612,1.0,True,5
0.21793283698339969,-0.91363450535292934,-0.34318693039344544,0.9576253719460569,0.13233496523373048,0.25581458907139015,-0.18830540504601509,-0.38439491100311923,0.90375971741683692,6.0746199217383872,-12.366197365602723,1.4861560121326263,,0.4394745378560001,0.1612903225806452,False,6
0.12430878253887198,-0.98732601762733252,-0.098664388204938197,0.97064487611557737,0.10036612208170285,0.21857530969635056,-0.20590252804246545,-0.12293891350761177,0.97081933050969327,-7.9684664675975814,-6.804940982341245,-1.4873947039671778,0.2906247645257104,0.241788208699881,0.5,True,4
0.18631626734518852,0.97477281145991834,0.12289920488384995,-0.95517095726322387,0.1504199143625847,0.25499468967805883,0.2300754026909724,-0.16489940994945668,0.95910035641475422,7.9129643832443328,1.4983588799793695,-1.4754641935621866,,0.1384662353213705,0.45,False,5
0.72605433802607733,0.68515724367964448,0.058349375890645316,-0.63835974521928296,0.64004897019095952,0.42759110308923082,0.25562068366446328,-0.34770226802654802,0.90208713486675318,2.8150680692537549,-7.9222230258859412,0.074192825511560576,,0.4258287613033398,0.3571428571428572,False,4
0.7654092603203948,0.63128274553789576,0.12502303548515981,-0.61674135926202822,0.66407328753261829,0.42265442687998378,0.18378998882260461,-0.40061048909353075,0.89762602237058076,21.766151157310514,9.1185118185236078,-1.8438591662450887,,0.7055257864323394,0.4473684210526316,False,1
-0.42095905936265587,-0.89204930279024941,-0.16444303491463599,0.87566921197947378,-0.44694235819636818,0.18288236558267529,-0.23663664452437233,-0.067011714209512144,0.96928454471684811,-17.168132899183544,2.2601958320818727,-4.1389754513154813,0.3705033185022237,0.2138526133232445,0.4516129032258064,True,4
0.21666170261504919,0.97590839675686869,-0.02570034551102339,-0.94967538596371515,0.216791812437991,0.22609283791071219,0.22621752344727108,-0.024578673668221293,0.97376666655112742,-8.9796031222665249,4.978272379675297,-3.811751207155611,0.3938050972468812,0.3806938453534108,0.9834905660377359,True,5
0.6845063957615376,-0.72395111831782855,-0.08570748186661338,0.71985579692807233,0.65265671565457872,0.23631936683232205,-0.1151461062763324,-0.22345914570083056,0.96788810531592762,19.079071018707296,-0.062045780382959048,-0.037329127444116511,,0.4449056781511984,0.8672566371681416,True,4
0.91197255199640725,-0.40196304781826298,-0.082047380176409543,0.40889658420064445,0.87435886064539692,0.26134300495694796,-0.03331137694849301,-0.27188654067374324,0.96175259873122232,1.3629146853442193,-0.2326928516777774,-1.770544341041449,,0.513983111558875,0.9959141981613892,False,5
-0.99812054483408452,0.036505049400603097,-0.049221533380933775,-0.039337883068862899,-0.99754887757197686,0.057868539039362288,-0.046988391500149426,0.05969604863933007,0.99711006054551476,-15.001064589062679,10.840144572127514,-5.5539705658165381,,0.28129370722902,0.5714285714285714,False,5
-0.015176561838234412,-0.99311240960959712,-0.11617837083635563,0.97594383741760971,-0.039986673980332392,0.21432380201597073,-0.21749321409497049,-0.11013086662425814,0.96982879625180729,-2.8380005389144269,-5.723887784770036,-1.0721585649828766,0.2335349081940396,0.1927770159642126,0.7791411042944786,True,5
0.5463867708053981,0.80182763382000843,0.24193788940853397,-0.81374453636292376,0.43987742820033987,0.37990482715983653,0.19819517206112688,-0.40445060737061789,0.89282606367041006,8.5695217517416555,15.356862039687277,-4.580667178027924,,0.523678676063063,0.4473684210526316,False,4
-0.87883538994853894,0.47598540335453582,0.032958355047232379,-0.47141897592994758,-0.87690216595269177,0.093844235201943765,0.073569739072250978,0.066936441053420684,0.99504120836875087,8.5242934203676768,11.964072595400491,-3.8127804524463329,,0.2339803265118585,0.5263157894736842,False,3
0.54722577142360429,0.82145741749794943,0.16047325735910345,-0.80791520999753863,0.46832945355883782,0.3576877638163124,0.21867091380536899,-0.32538474790143457,0.91994988846602166,-8.5801191286233038,-8.3675323109434263,-1.195419190738549,,0.4831412210530082,0.5454545454545454,False,3
-0.94685843165171213,-0.30679952793280707,-0.096608281582210381,0.29695194487359766,-0.94921282199626267,0.10399308147026021,-0.12360684789221318,0.069778708916825721,0.98987488044502547,-1.9115602268690628,-12.015432289359918,0.40504514125882735,,0.07512002845924647,0.4230769230769231,False,2
-0.77720583749403949,-0.61860065007683884,-0.11525763267437665,0.60303208745108627,-0.7845444024159457,0.14436890988780349,-0.17973143205787517,0.042700308691151906,0.98278853064538074,-3.9759266547727261,-10.036064519488706,-0.22416771812734834,,0.1038755324774942,0.25,False,2
0.77839971553479026,-0.62284051321650069,-0.078508457834577591,0.62089801717869952,0.74538374197315993,0.24267000116547055,-0.092625779990871029,-0.23764000567727622,0.96692693239085392,-10.491415996365324,-11.199607553353559,-0.82547539037507034,0.3485133695635598,0.3148968575047443,0.6176470588235294,True,4
-0.3293321872163536,-0.93399575750399921,-0.13853604378580575,0.91600619176420783,-0.35163101411048409,0.19310175184411194,-0.22906978655624796,-0.063305251600184603,0.97134930792527552,-10.268500588281377,-15.682245148590169,0.20330567292082399,0.2114175420233202,0.1500792426169605,0.2857142857142857,True,4
0.66198297105386106,-0.742817564936606,-0.10000305623507091,0.73955651699517311,0.62566269805501062,0.24819819989777131,-0.12179780049192997,-0.23826089373662818,0.96353362282338262,16.61130974279811,1.5181815279782267,-0.61510225670131513,,0.0855083463647274,0.2608695652173913,False,4
-0.75843940439395041,-0.6214375293980996,-0.19643081967485901,0.62470316311405949,-0.77908212178025071,0.052697300857565965,-0.18578382022619699,-0.082743244908390717,0.9791005707097673,-6.8683287785670135,-13.739106428373976,0.12745100182890792,,0.324985040144069,0.2758620689655172,False,2
0.88771270404124258,0.45832235120426734,-0.043666663146825414,-0.43372923531216717,0.86433328558515743,0.25457203669117023,0.15441860483539202,-0.2070473226490985,0.96606744105395281,7.9916492470835578,-10.973387604639216,1.3419816773793469,,0.1555240331703318,0.56,False,4
-0.84623618132893696,0.53279652132432442,-0.0034917437645720917,-0.52864427162879313,-0.83878744421765306,0.13027224377003896,0.066479767477642823,0.11208697644024673,0.99147211268325774,5.5183192521949476,10.227823109771441,-3.7863827888389414,,0.4753003762902612,0.246031746031746,False,1
-0.22763802787044324,-0.86152024523631532,-0.45383234273816786,0.94405555759130833,-0.30947386219914058,0.11395188807786806,-0.23862110646005102,-0.40250316230249172,0.88377099516123225,-13.369202288778677,-6.0118500994819728,-2.1260498879927012,,0.4011924699988814,0.2222222222222222,False,2
0.93502838385152642,-0.32791106100238809,-0.1348935041589899,0.35443580057397317,0.87496282080033505,0.32987168033738301,0.0098582282125196374,-0.35625047128307064,0.93433849168655214,5.8583037809231531,15.790668616347181,-4.9394515529970313,,0.2769325749469592,0.5333333333333333,False,2
-0.68814395745821788,0.71149228395012953,0.14225548739212107,-0.71741489243786483,-0.69652025300761033,0.013244216042501589,0.10850698559128949,-0.092942277945195981,0.98974136371490973,5.4007592079182896,-13.28363341161989,1.6157304535265202,,0.5135806555986601,0.5384615384615384,False,2
0.87368650437642048,-0.423920888506784,-0.23866916926601528,0.48340025457634128,0.7012871128696001,0.52394711488713197,-0.054736513827969319,-0.5731382604665648,0.81762855163168136,-2.4114974205530624,-16.255365037957382,1.2849800918141636,,0.3242639454694005,0.3846153846153846,False,1
0.92215484213033494,-0.35795809561063702,-0.1466166734119389,0.38565408328669665,0.82135538453191836,0.42029306483062728,-0.030022910916075451,-0.44411860362658806,0.89546484617370381,7.3497526781879126,-4.2805483753426277,-0.26664460130456497,,0.4522419710897416,0.3717948717948718,False,1
-0.87551105429474774,-0.4814101559776664,-0.041528972167109469,0.47696078266422093,-0.87477669554424153,0.085288596735026395,-0.0773873736990182,0.054863418178737446,0.99549043176602781,-0.68260267220556625,-9.8249139921602104,0.052385988307834752,,0.2498266011061693,0.1267605633802817,False,3
-0.5981739596417478,0.79851862773392102,0.067497519720709415,-0.80120246357455871,-0.59422351597878653,-0.070519681081709584,-0.016202665477313041,-0.096262215950724067,0.99522412521586623,-6.794194748766234,-6.8181120999050817,-1.3626307259791326,,0.3035465217283523,0.196078431372549,False,2
-0.44368989951649668,-0.82620472561754621,-0.34716714192774173,0.85356912876515878,-0.50762798053898217,0.11719034001573203,-0.27305496788399453,-0.24433498468526851,0.93045225550412902,7.7940218445467337,-7.4886654402849837,0.54063977841593236,,0.3971525474638559,0.2222222222222222,False,3
-0.26103885403902366,-0.87885298176511728,-0.39934465455863416,0.93875088475335211,-0.32751591230406574,0.10714524516950505,-0.22495664706069715,-0.34691607577366196,0.91051839262752476,0.50311294618288527,-10.663468437497182,0.34815579334212299,,0.2678335161426995,0.4090909090909091,False,1
0.46843247115835762,0.87233873734220602,0.139986239669049,-0.85604592735612572,0.40895197128503086,0.31613866489102271,0.21853235509064917,-0.2679242663781935,0.93832840587090927,9.1617867605161347,1.8419569070424804,-1.4505406877628209,,0.35844716782641,0.25,False,2
0.18636086897542214,0.96406797451692505,0.18932133272708382,-0.95651440184523795,0.13402509447783231,0.25907040184639968,0.22438766805992785,-0.22936916654389666,0.9471219350546084,-7.7672505742321007,-13.057190221146106,-0.20722622130516258,,0.4440457636138982,0.4,False,1
-0.60223037887901576,0.798213123880956,-0.013205287556234777,-0.79092535531555741,-0.59432213590112681,0.14566496180235627,0.10842348949464889,0.098168261888089539,0.98924584370300783,-13.204281867357384,-13.246040612336959,-0.61684886777431813,0.2478940212573152,0.2114144538465482,0.25,True,2
-0.88263030554926203,-0.45556547525758523,-0.11586130276907314,0.44513821277880039,-0.88923615182346039,0.10540890766106559,-0.1510487181346197,0.04146280313165155,0.98765637784927729,3.6492997135333343,15.157890145662051,-4.9575178860814058,,0.4026299052022529,0.9074074074074074,True,2
0.9343986496315283,-0.34405784746928286,-0.092322051328919436,0.35551362026705735,0.88424321545355755,0.30285970634761539,-0.022566111126787566,-0.31581344733743838,0.94855291740074077,7.3526351164194654,-6.5887804975227517,0.27840969864742798,,0.9563563321206336,0.9389312977099237,False,1
-0.04186481483239203,-0.98387592815668767,-0.17388356815083592,0.97530794123331921,-0.07801524094580474,0.20661084663539123,-0.21684500696643833,-0.16094030003074089,0.96284809953582051,-19.967890128598174,-5.1411867428786362,-2.9941019393124271,,0.3644012359087861,0.5416666666666666,False,2
0.6975209725577376,-0.70060491724026253,-0.15039030148541138,0.70423188165481609,0.63147786283927809,0.32448908395330561,-0.13237050163471206,-0.33224758642118535,0.93385737220106169,-8.3613734084490439,-0.90432563607229821,-2.6593784298188039,,0.2186928871100112,0.3333333333333333,False,2
-0.45716317519458466,-0.8626777647658006,-0.21630743266167973,0.86485535544964065,-0.48793075383849521,0.11810501093803688,-0.20742961552314906,-0.13308137975419215,0.96915545758492194,-7.8680614773296114,-9.4975227630024897,-0.93064429195213005,,0.274361543446166,0.6363636363636364,False,2
-0.99567096959952262,-0.06160661195460311,-0.069598460185708172,0.057370226357738599,-0.99646854634434479,0.061311444886336414,-0.073129866842545965,0.057053146362522109,0.99568918898706982,5.7522730313102111,12.966835990809455,-4.3280416208844663,,0.9374103028029399,0.5688073394495413,False,1
0.37108514345725913,-0.92469438029503159,-0.085065382830458447,0.91089951503043931,0.34468141680759262,0.22684090112856853,-0.18043804981936559,-0.16166330430341203,0.97020981556521413,10.902696318092225,-10.399936599762485,1.4798006720553414,,0.3682142472830064,0.6176470588235294,False,1
-0.17897004820679327,-0.95852460822094865,-0.22181140024745305,0.95795455681514186,-0.22116183659170219,0.18278541821625419,-0.22426053803994103,-0.17977212651093302,0.95780436082102605,-24.34859412501719,-7.5823943312305726,-3.0957421426019698,,0.5756556354213744,0.5357142857142857,False,1
0.50988333261641017,-0.72281191657513943,-0.46643533354255923,0.84570238016127941,0.3219099931821513,0.42563063855767708,-0.15750070256837512,-0.61148744021970136,0.77542029838277216,9.6471189671929327,-7.2218905533132478,0.66688627147942137,,0.54803236272882,0.2,False,1
-0.56400248346331849,0.77963859833295746,0.27214858926077318,-0.81261106816055262,-0.58261282328430486,-0.015018323729882765,0.1468483930799834,-0.22962132769869456,0.962138033400465,10.324350817793082,10.618851176763204,-3.3032670691129611,,0.7588521332582973,0.3644067796610169,False,1
-0.62119980550843112,-0.71392610735664219,-0.32314132337242168,0.75606771485645918,-0.65444983072102769,-0.0075517958758467563,-0.20608836014685497,-0.24900789606719453,0.94632058812443187,-13.490039187259853,-3.6717218269857943,-2.7231273363203172,,0.4049671511877158,0.3181818181818182,False,1
