axis_00,axis_01,axis_02,axis_10,axis_11,axis_12,axis_20,axis_21,axis_22,location_x,location_y,location_z,dbh,dbh_approximation,score,reconstructed,number_clusters
0.73079530917021573,-0.68151924833790878,-0.038337060916859483,0.64456654855967155,0.67050574222731674,0.36736359933731882,-0.2246601446022051,-0.29317838219270076,0.92928696086956319,-2.0378941112168589,-4.0350834939393847,-0.64807868609683228,,0.4475477299241856,0.941717791411043,False,5
0.99925206076202944,0.038009398690370386,-0.0071136962287739053,-0.032736627860963485,0.9294239263379489,0.36755880937184104,0.020582328807294652,-0.36705101928989253,0.92997307325487677,6.8393254816079985,13.995297126744434,-7.1048222353662078,,0.1000912270556259,0.4047619047619048,True,5
0.98822616440281985,-0.14545739131043961,-0.047446762827956665,0.14572750844186561,0.80037654268580694,0.58151602144879966,-0.04661052749129465,-0.58158364594568535,0.81215018407650841,6.8073166568135779,12.117054155821538,-6.3813203350381098,,0.4623685797176873,0.2608695652173913,False,2
0.93055520598313934,-0.36375510619977675,-0.041823812969014156,0.34645144158785801,0.83776287514721759,0.42204829539611172,-0.11848378471070656,-0.40722915875297722,0.90560808577550245,0.44503648576622473,-11.729367361456982,2.2166209674121577,,0.2623775437452251,0.1627906976744186,False,4
0.21981322787618435,-0.97428157207981503,-0.049573815228780294,0.91821429549097078,0.18946515131270966,0.34782964795151194,-0.3294915058186984,-0.12197694349235269,0.93624621379719886,24.851601952131375,12.954148526891087,-5.8666426526977018,,0.4758082230339308,0.9814814814814815,True,2
-0.23895825190530229,-0.97004052261244555,-0.04382166514564366,0.92110434216405057,-0.24072563534264491,0.30597052036987715,-0.30735280166755502,0.032749854635630168,0.95103191446367918,-14.017744150786989,10.832977125617392,-7.3835503636244457,0.708464473060936,0.3716902491064547,0.8166666666666667,True,3
-0.30550559400501687,0.92769774517243553,0.21457685251121264,-0.89685369955367122,-0.35605286000726077,0.26244961893198054,0.31987462173253695,-0.11226421728505856,0.94078529531920174,3.2713851230241566,4.0239831844071858,-3.4634733588133466,,0.2158257585665204,0.3012048192771085,False,5
-0.99388850690587827,-0.10816597582181797,-0.022039907325522849,0.097287095721262568,-0.95263666050954965,0.28812950917831232,-0.052161833235859635,0.28422440909909052,0.95733778178119922,8.0954655374143005,-11.401955416258311,2.3690625395332199,,0.3152384693376297,0.6326530612244898,False,5
-0.73306398945295748,-0.66627550138893421,-0.13672652857524181,0.65515198736247704,-0.74570534892410179,0.12124110705935587,-0.18273768309330379,-0.00069916729461763638,0.98316145690460366,12.498540778337512,8.3538991464485051,-4.6344987659546382,,0.5016000949038601,0.325,False,4
0.35597862805485503,-0.92147662747540415,-0.15543500694739715,0.86456359704058183,0.26161988193032831,0.42905107394226488,-0.35469564846560087,-0.28711646137989916,0.88980623428039129,-0.16278359225127387,15.55473180272763,-8.1641168361576568,0.5063764228318337,0.2228652435787767,0.3333333333333333,True,2
-0.12237188715358507,-0.99163610406642222,-0.041023875322054586,0.93320084833947359,-0.12903575738610709,0.33538925142926485,-0.33787763745616428,0.0027587003757132481,0.94118600270046471,15.33134328620104,4.1589573721036679,-2.9351993455433147,0.4042854952635094,0.4086404356131937,0.8205128205128205,True,5
0.071854967438097467,-0.99575657458468481,-0.057495285248828874,0.94187559506610552,0.04877382698113239,0.33240258305326648,-0.32818779238926465,-0.078038182788868107,0.94138345797749767,16.597600190980273,0.47732291197302912,-1.57447887929491,0.2977385901916018,0.248681301229304,0.52,True,4
0.84569316489257096,0.48062477616181704,0.2319545114745343,-0.49991497357910852,0.56133769672409128,0.65953393349235001,0.18678353794000671,-0.67372087304453865,0.71499097559250258,-8.9028115846744988,19.819962105377023,-10.491611067671901,,0.6098802436736115,0.2352941176470588,False,1
0.87724837424800872,0.44052227947335254,0.19072338914466624,-0.44910003215785604,0.61283131080613484,0.65018993041375861,0.16954188566557496,-0.65603193960602024,0.73544384097069193,-10.405495063633392,13.451152873035667,-8.1472281050568416,,0.4426125880918609,0.4444444444444444,False,2
-0.16309138350854371,-0.9833404521141561,-0.080266779312470726,0.92570496265411606,-0.18065800803158014,0.33231461937688572,-0.34127924452391178,-0.020105704911525454,0.93974690097238378,16.351475114464819,-3.0672247598077558,-0.40660158472521069,,0.4128130574187167,0.9883720930232558,True,5
0.15477301534433374,-0.95089559288860326,-0.26803523116607986,0.94111136564359943,0.059359222016757376,0.33284512947916878,-0.30059060394107795,-0.30376644677547326,0.90408585578790079,-12.554151841975965,-4.5569544025910567,-1.1426288852860953,,0.6224050233591129,0.6666666666666666,False,4
0.19221371301251938,0.97035421773245178,0.14651477965988161,-0.91262640198919487,0.12186057844216547,0.39020898223131528,0.36078655590556424,-0.20871677352475448,0.90899415263642858,12.429134830068646,4.7704018184520329,-3.2029057122076079,0.6102640649695833,0.3139648580295275,0.1428571428571428,True,3
-0.35339386994704575,-0.92499881764021519,-0.13960644701465186,0.86852301467136106,-0.37986951395988078,0.31838172898276584,-0.34753495604042733,-0.0087372609030718848,0.93762631927750961,-13.735976317937636,6.2535912041761152,-5.5020706227099572,,0.3182412094567333,0.4,False,2
0.707217826166467,-0.70375910250961393,-0.067572716293188326,0.6674086991388205,0.63302857304450133,0.39222500433178681,-0.23325645685854973,-0.32248713361017267,0.91738403844283778,13.746719058390434,17.081048775716734,-7.8370563545213408,0.219433687928709,0.4488141166296186,0.66,True,5
0.99423428286149562,-0.10529423119651679,-0.020280918608945667,0.10482344000309321,0.91453965472796106,0.39067795734592031,-0.022588430861973201,-0.39055133440662732,0.92030398129335345,-8.1884294535660374,1.5891273300115647,-3.2547478737472995,0.2862265806587497,0.2430159290001854,0.7891566265060241,True,5
0.69950305090862508,0.71407987524983718,0.028025230288141897,-0.66261413951560877,0.63340178534043023,0.39968072312978253,0.26765273001319395,-0.29814779907075212,0.91622590338068455,9.5211604754266528,18.716459873712267,-8.7154275353480379,,0.1659375892674625,0.6111111111111112,True,3
-0.64289760465723733,-0.75963898020113385,-0.098139134319432469,0.719494172614081,-0.64286965785243166,0.26276746105078619,-0.26269907784452778,0.098322036043192201,0.95985518268536518,-4.2147698567058249,-9.9789763818712842,1.3659143889769534,,0.2428357109387827,0.275,False,5
0.78056889643009653,-0.62446612809669322,-0.027463663008143822,0.59005642678282644,0.72163501201044933,0.36204464179567813,-0.20626587487556863,-0.29880589736583513,0.93175609714195773,10.742505262897769,12.574269760949697,-6.2900434388754505,0.4277218071827146,0.4243946711907166,0.9824561403508771,True,5
-0.82952795962621306,-0.55385491295267142,-0.071610750565543391,0.55106915182398275,-0.83258447171268413,0.055909635760816978,-0.090587825376084591,0.0069161305004824328,0.99586445515066546,18.827964645839231,1.0269009782643517,-1.770316667948884,,0.3421457436135406,0.1395348837209302,False,2
0.87756256837157198,-0.46864738496595404,-0.10125989906010402,0.45260320626972905,0.74002289348497674,0.49751025596713416,-0.15822223695628496,-0.48242693299886874,0.86152770010595325,-5.3863190489950803,-7.0755670191259457,0.13495056328189245,,0.3662333786956317,0.8357487922705314,False,5
0.96086702845325467,-0.25326756156811236,-0.1122055965126333,0.26331550197344394,0.70929664290198591,0.65388318435975057,-0.086020346731960823,-0.6578402652812585,0.74822903266499752,13.399765901876659,-12.519160807370827,2.9662777566987444,,0.5545310195961607,0.2894736842105263,False,1
-0.37563273769399491,-0.88395620664140084,-0.27842677872765681,0.87285439266872633,-0.4384117944951581,0.21429024160340215,-0.31148877278551101,-0.16253160673444511,0.93624688049728411,9.1740991521578348,4.5219191791825422,-3.2642785951383431,,0.6069800283587642,0.3595505617977528,False,2
-0.54087940912804056,-0.83804676692752822,-0.071603639737236865,0.78957713172384292,-0.53524126844398112,0.30014119612813667,-0.28985758199511036,0.1058035963320549,0.9512035434980004,18.1405371593472,6.1920107036789869,-3.5159761856420895,,0.1735896286561401,0.4736842105263158,True,5
0.84700198862313869,-0.53125547974579046,-0.018847984203053308,0.502670940586318,0.7888860385558516,0.35352615696963935,-0.17294379653088135,-0.3089116919310852,0.93523473514928823,-1.9455982604622886,4.7748814682408813,-4.0299233775466092,0.6114649541939033,0.5667806172217589,0.9953560371517027,True,5
0.9908484334516493,-0.13356486380362892,-0.019488691170303357,0.13067139345056333,0.91298980729089296,0.38649010170588805,-0.033828521399870637,-0.38549972625159878,0.92208762718075876,-8.8667890785292087,13.971115506690177,-8.146488054790451,0.3586935722684242,0.2994768737283173,0.9354838709677419,True,5
-0.97227936772570545,-0.20664090602454965,-0.1094183122345383,0.2172402909290394,-0.9714014515000966,-0.095842975854108448,-0.086484027958739329,-0.1169562139471781,0.98936431961495985,16.093533349818586,9.6519154645800072,-4.8782606544056613,,0.288243060919597,0.25,False,1
0.085379947801675696,-0.99595037468883607,-0.028162309396582166,0.93807487085647068,0.070829364535546821,0.3391146381197741,-0.33574663241944486,-0.055371944851669255,0.94032342656255474,8.5619167922802966,6.9135145549706696,-4.315688416330687,0.3759915491074992,0.3596320864424616,0.9899244332493703,True,5
0.099754225853894124,-0.91623129682912718,-0.38803260833995051,0.93684240788034168,-0.044899316848826726,0.34685782987194069,-0.33522439830843714,-0.39812593743352603,0.85388543770310421,-17.386219179945616,9.6193164539900309,-7.5675010981848683,,0.5540263071607339,0.2625,False,1
0.44041900945872875,-0.89495806949786338,-0.071282185348450114,0.84484815888079157,0.38627620198571638,0.37016521205433112,-0.30374773174976999,-0.223250419081686,0.92622705954680573,-8.2972529081469606,-3.968651543526907,-1.1038112818418624,0.4435588154486809,0.4088271652075198,0.9657534246575342,True,5
-0.43781887608268155,-0.89294052940456781,-0.10474656410779593,0.84303481200489683,-0.44822435935014282,0.29729989813826635,-0.31242109002685298,0.041858507281616865,0.94902103658169157,9.895996016821206,-2.6190591757703681,-0.7134302685281122,,0.2828369311102993,0.5340314136125655,False,5
0.60815439507660418,0.79376798823087202,0.0089784524793963191,-0.74358414692903796,0.56567296644895526,0.35650625725876839,0.27790438676786899,-0.22348708215186527,0.93424979311018364,-2.7825240031558645,9.5200491376395728,-5.9706801663266322,0.4901262831793317,0.4006418575679821,0.9358288770053476,True,5
0.80783940215690742,-0.58779398539140104,-0.043517020353698921,0.55730603682120161,0.73773067168223472,0.38100319865051657,-0.19184754792651501,-0.33204169436529007,0.92354904123041082,4.5128583872214092,-2.1701085996724707,-1.0657535792791766,0.6398457450961323,0.5547903528764451,0.9659685863874345,True,5
0.79210412415024378,-0.59341921654083296,-0.14291497452765273,0.57671134862055584,0.65090662869010496,0.49368469806096116,-0.19993768248240659,-0.47347037306187001,0.85781742169078046,-8.4937078849946896,10.26860643936765,-6.7395604966516052,,0.5056803548608283,0.1929824561403509,False,1
0.135913653864846,-0.98507137171520964,-0.1056497577859094,0.9373254721232338,0.093318992834973857,0.33572686053579781,-0.32085579003979936,-0.1446580734123766,0.93601581385922894,12.753900194352942,10.932139564514962,-5.5246475958123709,0.5409477981035278,0.451035470089678,1.0,True,6
-0.1660952871616711,-0.96464639643678773,-0.20462083330932435,0.9277195539131553,-0.22320222442273288,0.29919424509826548,-0.33428847552654117,-0.14013599414234859,0.93199416214688635,5.742192762785046,-8.1615730583320847,1.0795645919509376,,0.2525189752310227,0.1875,False,1
0.86271739212413023,-0.50430754448158699,-0.037317581720847114,0.47789932095627158,0.78896312155998238,0.38619869477752439,-0.16532071968169793,-0.35101437776433175,0.92166043977521594,3.7068296164172936,5.563093457306171,-4.1759007410932227,0.6480446104245113,0.584119640948193,0.9943582510578279,True,5
0.44669549898273597,-0.8907415563232034,-0.083920265892581558,0.84384063170213175,0.38828173530935584,0.37036506627070315,-0.29731484906931843,-0.23625573826697266,0.92508762107100717,-13.396074195407055,0.018889336268027468,-3.1052166874017497,0.8474742808549596,0.8109924835994334,0.998019801980198,True,5
-0.83928920733292944,-0.50440922950748324,-0.20289148735747711,0.50936175137486783,-0.85999437564118741,0.030988386564179793,-0.1901163661834234,-0.077336944943479466,0.97871076639424937,11.732756587067824,24.919013432439524,-11.059058073387234,,0.3690798678638191,0.2962962962962963,False,1
-0.25903554761296355,-0.96370344230382099,-0.064623992174861561,0.90827555084422706,-0.26580247712862121,0.32308600540862686,-0.32853631277450362,0.024994368246733178,0.94416056512887603,-0.1415812855612561,-6.7426468267005202,0.42210896540476422,,0.3422753689781745,0.7614213197969543,False,5
0.40369817761677762,0.91442512678853305,0.029231299777253486,-0.86073678582538826,0.36877864046592473,0.35090525767375408,0.31009670574817799,-0.16682026805481182,0.93595460961002175,5.8472133551221326,-2.0677833799846117,-1.0558268982298562,0.8520306748611816,0.7599352176414691,0.7889447236180904,True,2
0.32480544509523662,-0.94106762755742801,-0.094303463350614458,0.89289565173418184,0.27224012996739899,0.3586400239091086,-0.31183132932833674,-0.20069138496400157,0.92870026922067517,11.633444339405084,-0.085423389973509956,-1.5753032302913792,0.4578099589815274,0.4116786227709007,1.0,True,5
0.90727536949909515,0.3876606420440909,0.16300500148843428,-0.39760787010506937,0.66450514792391324,0.63272497185833398,0.1369649062015213,-0.63886785409236424,0.75702607582343351,17.048630990178882,5.1362127606242671,-3.214606800020702,,0.469497499480457,0.2631578947368421,False,3
-0.071551027886916418,-0.99442461890339695,-0.07746049139502835,0.93515004797930801,-0.093893563171362965,0.34158218126723644,-0.34695077197294655,-0.047996626067035725,0.93665441103619262,6.2945121175930199,18.622408240474233,-8.9180854153864093,,0.2747414156861766,0.9615384615384616,True,5
0.75467547833697668,-0.65416861818915162,-0.05028261502100588,0.6201353595451341,0.68618643039951976,0.38023718726262368,-0.21423598726330303,-0.31813770872384822,0.92352116383397331,21.436718328436804,10.694196027055874,-5.1045765875809215,0.5967239140451197,0.4792242029838358,0.9444444444444444,True,4
0.97667507914642626,0.20819417681714067,0.05254497610385063,-0.19923742402009728,0.78744108062264428,0.58330180302968182,0.0800639659532114,-0.58016526032439653,0.81055415122530039,-0.056826508042395682,-17.397658502881335,4.1808101476337667,,0.3372450836215861,0.24,False,1
0.68884606550274108,-0.72415408244243717,-0.03304486228363944,0.68338602100460033,0.63350867094117558,0.36283647851042361,-0.24181531038561827,-0.27252087759343657,0.93126673243427405,0.27231347065510692,10.961117579751946,-6.3473599581420777,0.525792634469984,0.4857412973062817,0.9844236760124611,True,5
0.42422570766915618,-0.90340750946243231,-0.062349184433220496,0.85207186455855566,0.37491061719387542,0.3652609570471676,-0.30660412029245288,-0.20807907382096757,0.92881484293560801,12.378674891980486,-5.1679934784464496,0.32618746463029236,,0.1802378834296137,0.25,False,5
-0.49046554331861825,-0.82730644659613473,-0.27387514351917713,0.76142727951303013,-0.55968643855321121,0.32707734331960231,-0.42387739834834187,-0.048115838557588629,0.90444061012834975,10.172512528656256,-4.0177842889787145,-0.19487413649366106,,0.257747831363873,0.1111111111111111,False,2
-0.98573803935436743,0.16449481893657467,0.035524249644868992,-0.16096975093775426,-0.98319991915344007,0.086061944317490202,0.049084183326656934,0.079116202636962368,0.99565625063445573,1.605803418035918,-5.4049978727392869,0.031179334535670809,,0.2805569071591018,0.3608247422680412,False,1
0.26996000546277066,0.92765379418117833,0.25803107098139416,-0.91832952489987396,0.16749114578453422,0.35863295969689707,0.28946930605456794,-0.33377410658265305,0.89710777871292535,14.442347590413755,-0.60614894735143499,-1.302526198787799,,0.3224697055874078,0.1111111111111111,False,4
0.48294014667685475,-0.87404034008869491,-0.053125310590869716,0.8255573299069815,0.43424611123971241,0.36039618464967554,-0.29193134426538347,-0.21790777583837054,0.93128529005057337,18.493528026111541,-4.3134646290203085,0.14433369175393648,,0.1968654491389522,0.6666666666666666,False,1
0.98138171971649213,-0.18095623357588561,-0.064379823984924811,0.18313554725859355,0.78058038387649509,0.59762499582724893,-0.057890340615649682,-0.59828848044839811,0.79918683837144777,1.7205596627489081,6.1362214173980263,-4.487516094972718,,0.2396459946592844,0.2,False,4
0.8944112907347247,-0.38997710353087989,-0.21896643972971996,0.4246780518597944,0.5869776120408261,0.68927921427489702,-0.14027471359733265,-0.70948935276331992,0.69061412021524093,-7.0558056137806542,-7.7160108860231542,0.34252966253366623,,0.2609512474937818,0.1428571428571428,False,2
-0.1439099308439333,-0.97625500197709603,-0.16191387500518614,0.93105836903940775,-0.1890097026606806,0.31209877561727134,-0.33529128417865717,-0.10583715517162126,0.93615076314608947,-16.135939407156336,3.3676729004856085,-4.6120010205910251,,0.2986899096905877,0.6190476190476191,False,1
0.53437870572030555,-0.83374865594963155,-0.13893371647974831,0.79051412496378404,0.43479307998864275,0.43132632174113117,-0.29921032252486773,-0.34032066686608015,0.89143425253822961,-2.8702953408985725,-7.0625834478859373,0.36538913082804325,,0.1225501222593938,0.3529411764705883,False,2
-0.56853651571293806,-0.82053726453002374,-0.059032430227623674,0.77074318301753009,-0.55637283015776628,0.31049028921086252,-0.28761289284905073,0.13102622401574726,0.94874177334360932,20.864293802238191,-2.4166054913244284,-0.39191054760758881,,0.1553369216430255,0.3125,False,2
0.39012123081858252,-0.91215542532493354,-0.12561013221426087,0.86642599419643496,0.31749644865736903,0.38535957451538488,-0.31162705570170585,-0.25916883520255379,0.91417727657956882,10.187476524448048,7.5312484253553551,-4.4804083526808185,,0.2987119945038654,0.4042553191489361,False,3
-0.35844685851999381,-0.92418200730811795,-0.13192220050122547,0.87770640194275207,-0.38176473476394779,0.28963280076559161,-0.31803666707764328,-0.011970992379527312,0.94800283424449394,-12.602124124425535,-1.3830166541895732,-2.4370900026878677,,0.08046910495089159,0.1428571428571428,False,1
-0.99991593442740268,0.011983593470739717,-0.0049515215540855695,-0.012191007440728121,-0.99894696691165696,0.044230494408040166,-0.0044162671740556603,0.044287140182310371,0.99900908194005822,-6.4836577415543344,-6.8962182357839348,0.012084113178034452,,0.3554384484594213,0.3243243243243243,False,1
-0.99822356161046844,-0.053303599846810101,-0.026616673140771985,0.052749125351433099,-0.99838449336626967,0.021117130023666275,-0.027699292777439773,0.019675610515274666,0.99942264309474249,-6.6696147426730468,4.6541249312608963,-4.3733817145137683,,0.3848238709456934,0.1446540880503145,False,1
0.96216300465783211,0.27233058661548215,0.0088546067942333884,-0.25274941961943515,0.87989887965328129,0.40236263801071293,0.10178449464359401,-0.38937644147863981,0.91543754755394424,-13.01702259900342,5.4302352155964364,-5.1507516374309654,0.6587827892039203,0.308706550829785,0.8811188811188811,True,4
0.6232291907735954,-0.74645464668485129,-0.23321843025430597,0.7366799794762936,0.46028059937126475,0.49542343271310474,-0.26246520456337935,-0.48056969347330064,0.83675849927471924,-11.599580448918264,17.432942148775911,-9.7742776616013884,,0.2697533132725691,0.2307692307692308,False,3
-0.55905225934392067,-0.79704996181314069,-0.22841175472407266,0.78077683363156936,-0.59878074648205493,0.17846331193456946,-0.27901273696145135,-0.078568288870672159,0.95706787460305831,-0.82472298165845737,-8.8485326934264386,1.1119450988258246,,0.3114544803758629,0.1111111111111111,False,2
-0.48785269532305842,-0.86393690584963723,-0.12495107193210742,0.82377283983112903,-0.50299631266140632,0.26152058772797671,-0.28878721582262684,0.024652224240108066,0.95707586523610078,11.652350189563654,-7.8393390512175625,1.2490266789060462,,0.1303256944353784,0.3,False,3
0.63723661368191542,-0.75831625060248309,-0.13742620658155932,0.72716184851347321,0.53255937943774978,0.43314680356589008,-0.2552746447449768,-0.3759480967435147,0.89078498208336132,-2.8099827838579117,-4.8654521427863617,-0.38079383985588316,,0.105850550230945,0.3235294117647059,False,1
-0.4498204906836179,-0.88556972646768073,-0.11587832293016151,0.86907583395271348,-0.4639137011219025,0.17173023248914088,-0.20583663668196991,-0.023459272694094722,0.97830513722668289,7.7672017868229908,-2.9003003464122079,-0.59633841458566839,,0.2476169292078501,0.2058823529411765,False,2
0.6933723873218689,-0.66540621121328247,-0.27653084200203742,0.6693377757802732,0.4526206864652032,0.5891701418922074,-0.26687389234072295,-0.59360684654285412,0.75921619932951867,-8.8325108670744719,-5.5985967659520535,-0.57044406855206897,,0.5123725346888669,0.2272727272727273,False,3
-0.98053214577411207,-0.19547763452924419,-0.018579706737906529,0.19309456724754989,-0.97708750635297226,0.089523700931160355,-0.035653880617637301,0.084193226139528232,0.99581137845935508,-12.283732750539199,13.258642112867527,-8.2125304913835411,,0.707020252603026,0.7046979865771812,False,3
-0.97625172550138473,-0.20223994372825213,-0.077663206322960615,0.20104408121881878,-0.97931210280613079,0.023001797849641459,-0.080708400197565089,0.0068418168806395237,0.99671427384146638,-10.597911425804444,15.194199595720624,-8.7304819953147081,,0.2341278895559123,0.2272727272727273,False,1
-0.071701578456722648,-0.99720358009675247,-0.021069017277342977,0.93863571793748934,-0.074605171875349985,0.33674479556694326,-0.33737497337352584,0.0043690012208800685,0.94136020691844791,7.3130587505353448,-7.1702628159111512,0.84706649725289096,,0.2894835417061596,0.8395061728395061,False,1
0.33384271164354695,0.91119035930509451,0.24141493945474124,-0.8863211448776952,0.21624140616190879,0.40948074729321787,0.32091100327844047,-0.35067332857029948,0.87979789986351475,24.797674667950208,17.624974902604741,-7.66056914438939,,0.3172902619288441,0.25,False,1
-0.82971489964186984,-0.55443191343606468,-0.064640843712827814,0.52056457964711911,-0.81038043032869633,0.26887929737541322,-0.20145893807200635,0.18944342560221408,0.96100233338270202,7.8416498388342735,11.528345281930832,-6.0657009596613047,,0.1610557326864144,0.5238095238095238,True,2
0.94684436595634036,-0.30873844130908923,-0.09036770172340447,0.30535123868050257,0.77416533520887787,0.55446249178570173,-0.10122434338151601,-0.55258357613935682,0.8272877514432454,-4.7439623092705165,1.7058640264117733,-3.0211828578254938,,0.591772488654821,0.3478260869565217,False,1
-0.057209255150942634,0.9320210760158496,0.35786004944298089,-0.93987706242350055,-0.17116152203950102,0.29552468746839677,0.33668710794333445,-0.31943770478041517,0.88577725422894804,-10.082629807352369,-2.8458767697616913,-1.6464092944370841,,0.5849344723138108,0.3093525179856115,False,1
-0.71539269580375253,-0.68255116313027087,-0.14945634981543512,0.65565639825672783,-0.7296960941781685,0.1940574594447238,-0.24151185936855063,0.040835277036402537,0.96953829317552243,17.22861400403589,15.555404100342995,-7.1282350122042315,,0.2591357413943603,0.2941176470588235,False,1
0.91694102892327145,0.37935357707794648,0.12373363744470992,-0.37295378120903866,0.70454491229838512,0.60375652678570835,0.14186129337847203,-0.59975605883778071,0.78750748779193169,1.9555598436722248,-10.768845155789698,1.9829060403577656,,0.186866140074859,0.5,False,1
-0.81989618439258338,0.52338842750057302,0.23202327636890291,-0.54113108587514902,-0.84079436844577637,-0.015555638509900938,0.18694222294084709,-0.13830901614987232,0.97258584265533543,-14.553570451505585,7.1866159821262707,-6.0492845856500095,,0.2462882125467507,0.2903225806451613,False,2
0.22195815145372835,0.92380047015396982,0.31197318850591743,-0.91715852126265274,0.089192710652922086,0.38841332011362467,0.3309906734011529,-0.37234037077610732,0.86706852232782761,3.0166975105192075,8.7060369481945088,-5.2913602029735207,,0.2238836456802667,0.3125,False,1
-0.82994745454952068,-0.50705163688113397,-0.23256366918101093,0.52271460165821004,-0.85248087888693502,-0.0067672997169013205,-0.1948247107018784,-0.12718092887033966,0.97255762987681493,1.4514864862217303,-8.4678828165431632,1.0600954461827354,,0.4505534786402336,0.2380952380952381,False,1
0.75789728229320052,-0.60851576912499705,-0.23516009061657142,0.61614201915340505,0.54922442784821413,0.56455428444779976,-0.21438451839194472,-0.57276617094676185,0.79118783591056197,9.7387647963405257,1.6565740125532378,-2.2607776812588165,,0.2885913012125311,0.2439024390243902,False,1
-0.91863954615110799,0.39447561736692344,0.022144334496015265,-0.37438621278688688,-0.88702543122161626,0.27022369999908996,0.12623924873975895,0.23994764359978785,0.96254287198468769,24.770057525917242,-2.0176999647639615,-0.48603052093139543,,0.3748713258253369,0.25,False,1
