axis_00,axis_01,axis_02,axis_10,axis_11,axis_12,axis_20,axis_21,axis_22,location_x,location_y,location_z,dbh,dbh_approximation,score,reconstructed,number_clusters
-0.80530059035296664,0.58899429468353626,0.067651164124556476,-0.57070044676860854,-0.80103873986609997,0.18065972791920604,0.1605987522843017,0.10687683595604208,0.98121627722982219,-21.51656143276842,-6.7493948126786769,-0.29758981689737729,,0.3091585471125519,0.4333333333333333,True,5
-0.78945350335461828,-0.61293477354330361,-0.032773913750725414,0.59604598613714932,-0.77826494417211955,0.19756735328125868,-0.14660268909850827,0.13643547945526419,0.97974129824913447,-8.3733676459614639,-1.5306812602529889,-1.5913803831670006,0.6879034922744338,0.559444139009291,0.9730722154222766,True,5
0.29720777772879564,0.88284160861969618,0.36367324750014068,-0.92566958101931118,0.17303203647046483,0.33644574767771551,0.23410118246827399,-0.43663555563498435,0.86864608899268358,4.2228548015458927,-14.2656960041028,0.67318303706501714,,0.536837248727202,0.1578947368421053,False,1
-0.99901182570258618,-0.044063406874557155,0.0058127687889013829,0.044371769011706454,-0.98128286183851388,0.18739021099509934,-0.0025530807190074431,0.18746295963902657,0.98226835464765905,-3.3790612522873689,11.690259863678795,-4.6596599918389368,0.2343801783859075,0.2198971276404283,0.2962962962962963,True,5
0.78840834045274788,0.55002917526260675,0.27546360025324801,-0.61512422052194138,0.70918599699870322,0.34449588529941805,-0.005872140309851441,-0.44104776160966108,0.89746442266381221,-10.193909959084248,3.0522357274024028,-2.5350934072729268,,0.4679778040177388,0.2666666666666667,False,2
-0.99366126782092667,0.064618116846646298,0.091987954688102544,-0.06864449327296418,-0.99678603083866535,-0.041298211440638194,0.089023695586092105,-0.047350899675622393,0.99490334903652955,-1.2961874165333225,5.9788328503064943,-3.4019047335531916,,0.5602782775011934,0.8292682926829268,False,2
-0.40643598664437181,-0.86102053933684153,-0.30570152044193444,0.87782399464382077,-0.46079127673810427,0.13075333154315058,-0.25344589795059114,-0.21520927053024946,0.94310664650921461,-8.8104633416469049,3.4960362719486433,-2.6772219210898962,,0.56500853529918,0.4666666666666667,False,2
0.56230598975336965,0.82030336219623801,0.10447185198431691,-0.80226468035117893,0.51053741922894091,0.30939121873135789,0.2004578672651833,-0.25778661240763084,0.94517866348902191,-23.333556205472163,-4.0708118680720276,-0.88150018100033145,,0.1768244455937391,0.5454545454545454,False,1
0.90460328630839038,-0.40537159380583826,-0.13178302369946526,0.42131968829321337,0.80341781744258078,0.42072500623603082,-0.064673137055262814,-0.43611200574062764,0.89756543148247248,-19.353606000534111,-1.7149281011317683,-1.3420333778403615,,0.3766421253384608,0.1851851851851852,False,2
-0.94568492627597212,-0.32474032978905149,-0.014957888317156144,0.31603042939158488,-0.92915592431369853,0.19181771558260205,-0.076189158762784898,0.17667197435149606,0.98131657764748093,3.275456610495445,-0.88396789347907645,-1.9012783995329998,0.4530909519104724,0.4147272435092324,0.9565217391304348,True,5
0.54436934612485943,-0.82274213580555255,-0.1635768717444806,0.81192943407295726,0.4677855755118529,0.34920946354446258,-0.21079043879066212,-0.32291180423323307,0.92265668458060712,-10.872917221434136,-3.8776010895958088,-1.0702631265056692,,0.2953003823406698,0.2352941176470588,False,5
-0.79915567808811372,-0.59055838648085635,-0.11220960002003431,0.58391971855502012,-0.80697838547949974,0.088451385808969926,-0.14278642954480864,0.0051650291411310112,0.98974004567452867,-0.14727447724688295,-17.806736566294742,1.2578707822602053,,0.4018124892807253,0.2,False,1
-0.9913971354973995,0.12933577866482543,0.020099156318467648,-0.1238966642779097,-0.97682659754614076,0.17452625850351802,0.042205880021127878,0.17053461432680803,0.98444736223327312,5.558600335724087,-12.728199186480781,0.37615590965048729,0.8053028099685859,0.8034985142509168,0.9897959183673469,True,5
-0.99127053007756305,0.13041910220382297,0.019328579360481577,-0.12407409355956281,-0.9723587197955641,0.19779822887200615,0.04459098010941822,0.19367337921841099,0.98005217548608159,6.5088366988539192,-6.1780383561436665,-0.8699422184986122,0.4233626058998828,0.4180166806634025,0.8785046728971962,True,5
0.46663820326489425,-0.88436273992651082,-0.012301686200866482,0.85455579134487858,0.44723768127321001,0.2640319221766359,-0.22799821651196703,-0.13371985895533972,0.96443548907551335,-9.41676449092048,-16.934259183727498,1.2926978763527441,0.336119433226628,0.3409214760495735,0.8225806451612904,True,5
0.78986172669846355,0.56204786230526216,0.24539896734706576,-0.59568567981821274,0.60792890511173692,0.52495810993750502,0.14586645795533301,-0.56082496985042407,0.81498363764914639,0.92317966886299119,8.3956475157076849,-3.9923438332625647,,0.5017946117664588,0.3,False,1
-0.96798123571169881,0.24280450081884467,0.063704801170435046,-0.23775199375156494,-0.96821586932474846,0.077666079177960728,0.080537673030754597,0.060033363805747156,0.99494204778618045,-11.197526808853823,-21.238802927970703,2.0582209712771502,,0.4181226536944104,0.6,False,5
-0.75102217278056793,-0.64317971780153083,-0.1492834438264862,0.645004783711426,-0.76300000862106043,0.042424236394256382,-0.14118967731859394,-0.064426993201628702,0.98788391907433448,11.627998815994733,1.8047770290267164,-2.6755208586939396,,0.3619054036002824,0.1428571428571428,False,5
-0.54255181605496849,-0.78926672602205616,-0.28756836072468078,0.81570991202819365,-0.57678105183651773,0.044056301039879647,-0.20063615405607252,-0.21066953609097008,0.95674629879022977,3.3457625685857919,9.1997251673135505,-4.2017530805230949,,0.4972159403694948,0.1515151515151515,False,2
0.99897708594438006,0.043662264097123676,0.011763862120493969,-0.045187825311478726,0.95421041726120648,0.29570346638789247,0.001685883061263254,-0.29593257050231764,0.95520734477609448,-8.5506646527332713,-9.2645143280958155,-0.12388579221712551,0.4974202734667919,0.427703395629717,0.7903225806451613,True,5
-0.98985391387569865,-0.14208594869211957,0.0009013152736566804,0.13881373387209894,-0.96566475402487095,0.21959583357289103,-0.030331113950006493,0.2174929102714549,0.97559051733204438,-4.6887290020037691,-5.8083953636515515,-0.80604703773207154,0.6165783040977195,0.5633158372217286,0.9953810623556582,True,5
0.347351971670329,0.93305222464585458,0.093595693598359883,-0.90746144959567998,0.30930337043648815,0.28433280242409026,0.23634789035327392,-0.18369804332123846,0.95414605989099321,9.8213795357848301,0.63250177710243771,-2.4485057491977531,0.3148257422243608,0.2621244489360224,0.373134328358209,True,4
-0.72586658956333694,-0.68772202225404822,-0.012494569319990087,0.66710239765102353,-0.7082972961822771,0.23084482075439888,-0.16760693662239953,0.1592273856083731,0.97291035273984861,-11.416734570091585,-7.4454002123808598,-0.39400182649751897,0.523862533731195,0.4546226336602471,0.9696969696969697,True,5
-0.98318376953709408,-0.18250983809551355,-0.0063114433515222036,0.17930403168785886,-0.97131542156140283,0.15619352117637095,-0.034637256521112339,0.15243526768875892,0.98770630737347553,-3.8679892367420354,-19.426089317273835,1.5308067646784218,,0.3471808918787408,0.7714285714285715,False,5
-0.84806963856944051,0.52720620661811357,0.053211876870082143,-0.51141400077043908,-0.84065301791436131,0.17820837041914936,0.13868528383599743,0.12391980945278427,0.98255293642251851,-7.4743762763636594,8.2241385979803479,-3.7702517885075677,0.4529057495116406,0.3962232722451428,0.9202898550724637,True,5
0.58535853382150971,-0.78363248777183236,-0.20802766881080975,0.78084402812454279,0.47580567781641248,0.40483522660447996,-0.21826128979864678,-0.39941091756008834,0.89041166227157975,-2.3115305878042518,10.676195167345234,-4.4042215184781952,,0.3149617189695589,0.1111111111111111,False,2
-0.74078961365479701,0.66996630643383803,0.048743169209392853,-0.65136700171921769,-0.73416598271634215,0.19162812657191619,0.16416996489154567,0.11020643386638773,0.98025647896964219,4.6806280745543161,2.2079099743602444,-2.7138145368721074,0.4254355957522405,0.3656682323525733,0.9263521288837745,True,4
-0.79112794955012833,0.60681094349689368,0.07679222807693499,-0.60088552696495201,-0.79450560795231229,0.087734955498814882,0.11425038697817162,0.023266237012827283,0.99317950607662142,-3.2654224636063622,9.1938399729821008,-4.1089892450933574,,0.2082799242982661,0.1764705882352941,False,3
-0.42780122947359522,-0.90079713875765177,-0.074502502420436448,0.87562124988462275,-0.43346641202707148,0.2130593729336186,-0.22421760593532805,0.025911087402960595,0.9741945805321568,4.0239661682457672,-17.161110992557528,1.0934945290259233,,0.1382296878865385,0.3076923076923077,False,5
-0.64095773327104244,0.75441569055013857,0.14152791248302934,-0.74244880868081031,-0.65613680770928218,0.1351083123183654,0.19478950343509704,-0.018478512408451626,0.98067099168410099,-18.501989677513148,4.0238088895320132,-2.5223410329782259,,0.4180682578491557,0.3043478260869565,False,1
0.27737210183311828,-0.95806221226221322,-0.071982737930085791,0.9216962703909457,0.24419821763310437,0.30140208302570615,-0.27118389014116961,-0.14994675034840912,0.95077614073337624,1.4402121727299337,-9.2774186187924261,-0.19033505216857133,,0.2919503247745635,0.3333333333333333,False,5
-0.702921677257763,0.6730064266591933,0.2301379267234287,-0.68562312206399145,-0.72722873869262339,0.032546829503994068,0.1892671395999834,-0.13491001184108126,0.97261361216707265,-8.4237307763591716,6.1722566556068408,-3.2699120464522569,,0.4184815250908751,0.2258064516129032,False,3
-0.88511283964386123,0.46452841325488159,0.028082278691064937,-0.44828514477541936,-0.8672559658873753,0.21658143643081923,0.12496275473620945,0.17911014184478108,0.97586057765291478,-15.937059353163768,-1.4162466236743623,-1.4228351146822753,0.3071895638830168,0.2796603247910182,0.8405797101449275,True,5
-0.31378184176784529,-0.94546047212536,-0.087438272085340191,0.92074522602705755,-0.32547749705158224,0.21515721615000416,-0.23188183310721289,-0.01299594404144119,0.9726571445855472,12.256251958366637,6.6724827310358288,-3.7535348561467212,,0.2433632572111489,0.6829268292682927,False,4
-0.15170063029459196,-0.97898734525647269,-0.13627434313144723,0.95796056542036367,-0.17958698895049086,0.22374107468051799,-0.24351277968049309,-0.096603784746665922,0.96507473021776891,-10.438807850423904,10.194061776502977,-4.1745469826947987,,0.175189958063902,0.1666666666666667,False,1
-0.99379125439221272,-0.11079501509578686,-0.010168939151971958,0.10944467235096837,-0.98992469170880237,0.08983856877322613,-0.020020149538434878,0.088167847740301022,0.9959044252523942,12.124721447494696,5.5705694799038605,-3.5214894489502235,,0.1257455436493264,0.2666666666666667,False,1
-0.74326245081178244,-0.66355902630868957,-0.085148974259984148,0.64976807129384984,-0.74632319842214179,0.14423292628250839,-0.15925571493775023,0.051875833498932808,0.9858734782711509,7.7780123397933068,-1.997730795292975,-1.8339529870952112,0.3392175437438792,0.2982642756388109,0.7040816326530612,True,5
-0.99653474923519847,-0.082971880586551014,0.0058447068936305063,0.082404769053480084,-0.97528080828616504,0.2050287760923529,-0.011311392663325714,0.20479993169094732,0.97873849437702243,-18.335477487932852,0.44724235962947462,-1.7921798122630506,0.4656523410632568,0.3764266711271108,0.9318181818181818,True,5
-0.68062560517217596,0.72957506316217557,0.066850675358714279,-0.71079379301894541,-0.67969569914748107,0.18106888293176376,0.17754145822806872,0.075723072919182927,0.98119572300225955,4.4780691668860948,11.663283026165013,-4.7906412336994828,0.5889256393872381,0.3342364006285178,0.8969072164948454,True,5
0.99061584862965901,-0.13079853916691805,-0.039648235717891903,0.12783733940204317,0.78408941895150241,0.60733960659823816,-0.048351371214766153,-0.60670876476287705,0.79345234240095119,-9.3540557130106059,-1.3419195055308062,-1.5608849606507302,,0.2944735489223253,0.328125,False,3
0.90529761252420082,-0.42277186696063118,0.041233254353785775,0.34143714007206627,0.78199004873527223,0.52145205250187099,-0.25269925234830004,-0.45799073373336746,0.85228374129569162,-3.9854364708986023,8.1586911947391858,-3.8441773445808867,,0.2888660309048794,0.3636363636363636,False,2
-0.59050640093383555,-0.77939864054070673,-0.20937991684845816,0.78421913925880549,-0.6154171695804973,0.079133109415138583,-0.19053223369379599,-0.11747113053354126,0.97462710890618331,6.3401703400289877,-0.016988768764693296,-2.2196731303605848,,0.1465959678457212,0.16,False,4
-0.82097281082215401,0.57058595376701005,0.0208641619664666,-0.5516221297546211,-0.80205876920717967,0.22894269305404757,0.14736576894159506,0.17644659277428743,0.97321628122560566,-12.132633916591066,1.7862406821064938,-2.1987323448497427,0.403376405928715,0.3638789712647534,0.9311594202898551,True,5
-0.99382515863825138,-0.11064240729085395,-0.0083553435920927545,0.10752701484342879,-0.97894455985418549,0.17350933637922347,-0.027376908819627545,0.17153951859785038,0.98479678026621409,8.8089328522337755,5.3977728364713551,-3.4471723844070405,0.1594479129761406,0.2256268989619434,0.5428571428571428,True,5
-0.94670053625375228,-0.32165204127588265,-0.017264385303769458,0.31517976156767191,-0.93604816813970759,0.15644661971561949,-0.06648167081989223,0.14266671393620928,0.98753551641429083,0.47004976930177811,-15.541981444032647,0.9848594659228056,0.4157846664769134,0.3931394920295551,0.2857142857142857,True,5
-0.97765040205559384,-0.20955152441343181,-0.016966142064177459,0.20429835106465952,-0.96598039915468248,0.15856876174461376,-0.049617286431203306,0.15155865882543915,0.98720215651214871,-0.54817000308607555,12.650641545844774,-4.9482404870008176,,0.1580290653627355,0.2666666666666667,False,2
0.99232087251051015,-0.1236424820027804,-0.0034384043060383916,0.10810991651434078,0.85348409526072677,0.50978146797254253,-0.060096022590866299,-0.50623851669067055,0.86029706048991439,-6.9027220292715255,-19.270084166132424,1.6456204874177107,,0.7297792389745902,0.2753623188405797,False,4
-0.83718403994664126,-0.52342376317078521,-0.15858892586417889,0.52912723350231639,-0.84851129147108517,0.0072772942949862751,-0.13837360306360974,-0.07782128496885965,0.9873178786900344,-7.819431501893102,-3.5486992209912178,-1.2314768802676628,,0.268311300628201,0.2027027027027027,False,4
-0.99874932739119904,-0.049835984753295176,0.0040194103172159906,0.049658127143029529,-0.97939810925436976,0.19573812607055757,-0.0058181994014920232,0.19569291814635531,0.98064796453319047,-17.560208165318219,3.0530678329564132,-2.3555006399185032,0.4026722917264369,0.4012844687802627,0.9246575342465754,True,5
0.19211719628301607,0.95671069233642958,0.21862212619381352,-0.95197006277617036,0.12755680702533798,0.27835635534227643,0.23841976107338098,-0.26159876175290148,0.93526579397466558,0.2801436382041077,-7.7448845918526166,-0.49598093003964383,,0.1970790638161235,0.5833333333333334,False,3
-0.9667458612176566,0.25112461432124844,0.048361843436091484,-0.24970279953163654,-0.96773996335331303,0.033583853784117518,0.055235420923499548,0.020390963953031863,0.99826512353405972,17.835037006683596,-0.62637305537371191,-2.3185299377442039,,0.3376794053966849,0.25,False,3
0.020583561587610121,0.99679423151912316,0.077314791615635703,-0.9684413758163839,0.00066612601445655527,0.24924056227468688,0.24839005334199332,-0.080005101626914849,0.96535048822405856,8.9291232933976321,7.1419071702009544,-3.8150664757615522,,0.1432802457593174,0.360655737704918,True,3
-0.24149365475618562,0.94727108400409543,0.21061412137415567,-0.93832502115779381,-0.28328678002455165,0.19822904664187943,0.24744084016533602,-0.14975344294215281,0.95726011979254899,-9.4945641187381664,-19.124846482344733,1.6899224834751403,,0.2884228638508415,0.5833333333333334,False,3
-0.33562251641318047,0.85794571149536758,0.38895588773431922,-0.90945959424615797,-0.40270180414271955,0.10351088529141596,0.2454399578514026,-0.31899908004084709,0.91542275153231556,-0.17676639593649876,9.9278808719653124,-4.354744762450026,,0.3786140980042896,0.1875,False,3
0.13084282954364676,-0.99023605904930145,-0.048090553287740298,0.9603138200666882,0.11453815874049943,0.25431943925162481,-0.2463280758377675,-0.079457897976506695,0.96592386941374353,12.128202673089577,-2.387374085447584,-1.8019666383970434,,0.2339086380858989,0.1538461538461539,False,3
-0.50959690111158673,0.78138225837319819,0.36021211067518072,-0.83265562069936327,-0.55333988824168323,0.022351407079645585,0.21678472200601748,-0.28854243081439923,0.93260262165859886,-16.581128822482647,-2.2479461945892609,-1.2845913211727613,,0.6123237605090129,0.2439024390243902,False,1
-0.05189538951324877,0.91694742327776257,0.39561887150582115,-0.96747896318645366,-0.14437032639850464,0.20770571645299821,0.24757084711034183,-0.37197396656199005,0.89461949669186547,5.1077844778427126,6.4346541161242801,-3.634408531604592,,0.3735644187102549,0.1666666666666667,False,1
0.091473228344222279,0.98791249932840031,0.12514608330666777,-0.9649969953573091,0.056920846783971676,0.25600940637554986,0.24579147147053654,-0.14418360125932933,0.95853932714325263,4.5222952729399353,-1.2121791982740173,-1.8865437467750654,,0.5048753219854321,0.1666666666666667,False,1
0.6345706309713619,-0.69602967989768139,-0.33595059013215051,0.74744935252461608,0.4421344088632686,0.4958191504063364,-0.19656952896911792,-0.56573832219557163,0.80081244438395172,-1.097924250853598,9.5440177329901061,-4.1973393610536336,1.600239575195247,0.4522912334443601,0.1666666666666667,True,2
-0.89080634727643049,0.40614256033096729,0.20374560692154958,-0.43848729017889482,-0.88594258124379321,-0.15111134666415679,0.11913415968391977,-0.22395080581880433,0.9672916254002798,8.7937346793310631,-3.1687291902485439,-1.5977520674554189,,0.521502217681841,0.1612903225806452,False,1
-0.91197057378974566,0.40542726343699975,0.062756725564579521,-0.3907265695708434,-0.90497068072405484,0.16840669482310208,0.1250696620807904,0.12906123001051195,0.98371783481604658,-12.203723104492655,6.2156029746261678,-3.170717003104754,,0.2464083482846197,0.3095238095238095,False,2
0.80476385632959224,-0.55943392661985647,-0.19846616157978228,0.57290799751341404,0.64451954146125734,0.50633090668034486,-0.15534336783620031,-0.52117966424378026,0.83919020230699026,10.246249763591397,-1.073379243258421,-2.0709503409163159,,0.3665327351156524,0.3181818181818182,False,2
-0.52184708580999428,0.84554513200574721,0.11282308617034512,-0.82545794405105732,-0.53389816647016364,0.18322644580627437,0.21516226814806258,0.0024854740356587517,0.97657514855959771,-3.0194268549934256,4.3683617736188092,-3.0361256461304484,,0.07386721683513914,0.2727272727272727,False,2
-0.2289976796206844,0.9379149550420367,0.2605294605929192,-0.94269754805274086,-0.280395582124078,0.18083044660855729,0.24265488996452003,-0.20419073101831642,0.94838006608242931,8.7950217245601809,3.5545380516768139,-3.0636335151196814,,0.1744745314954692,0.1428571428571428,False,1
0.55197161070774015,0.80461507109413022,0.21891077712367488,-0.80896328666960526,0.45303192808459669,0.37462043851966065,0.20225167933397509,-0.3838706286031025,0.90096481546309359,10.574217416091283,9.3072139275354129,-4.3980390213191782,,0.3229845542536554,0.1333333333333333,False,1
0.88173401054701417,-0.45653667820329841,-0.1188250651158017,0.45667150134412204,0.76286832486223444,0.45769319285083587,-0.11830585152384476,-0.45782767541618202,0.88113423785381972,-6.7012956393809064,-1.0113069333942104,-1.7952304024854833,,0.2707011553553473,0.2093023255813954,False,2
-0.98293314615935767,-0.18375365744206787,-0.0087763066224140936,0.1799695286598611,-0.97038659271227268,0.16112364642787197,-0.038123469611446623,0.1567943049378058,0.98689520568490774,7.6291049992519877,4.4126698749961779,-3.1651765458321721,,0.12811455133935,0.2894736842105263,False,1
0.94069214927377121,0.33397235667196196,0.059671980641418869,-0.33043137710774911,0.86205756238498898,0.38428097032969039,0.07689853911076916,-0.38120758664253762,0.92128572688867971,11.386630966810808,-9.211852984172074,-0.3557418768231374,,0.5515786242876609,0.1525423728813559,False,1
-0.74166855428488809,-0.58490981280447374,-0.32834169164149846,0.65129205433261783,-0.7450555774153157,-0.14391263504477189,-0.16045689623124199,-0.32058181084922294,0.93353140654424205,-9.4711546500399368,5.94894061064221,-3.168919407731515,,0.6667915699717863,0.21875,False,1
-0.23219607530368316,-0.90920014059029697,-0.34560105174051681,0.94284666756911995,-0.29769900426514412,0.14971794920231793,-0.23900866943977672,-0.29108487973463476,0.92636086312111732,-8.0068729835639392,-17.924809321310423,1.4032930980901845,,0.7235208213331679,0.1666666666666667,False,1
0.75751815032015146,-0.65006361525003253,-0.059862743535480295,0.63102438901394986,0.70565442487747154,0.32227325846308819,-0.16725570963380626,-0.28190269381278182,0.94475203033176369,9.0823273926397086,-7.924969287460816,-0.55990768743206853,,0.1472885592396121,0.16,False,1
0.96318619154410545,-0.26745110028768904,-0.027244621004256044,0.2618724005321349,0.91049388445499979,0.32003707942921478,-0.060788208217532627,-0.31538990999229655,0.94701319864970857,-13.173023784239346,8.921131552811902,-3.7684376176299126,0.4617772095335587,0.3484715520686091,0.8181818181818182,True,2
-0.1714083566060475,-0.97297694521619948,-0.15470953223175554,0.95458732060325546,-0.20286324917314152,0.2181961261764635,-0.24368467869177449,-0.11028311843918104,0.96356391129920294,-15.296782338612893,-10.47503474852854,0.17221328103060066,,0.3374645094298095,0.5,False,2
-0.84799591224194992,0.4584560715239524,0.26593413339353139,-0.51184724740709731,-0.8385992881128802,-0.18645007186469098,0.13753300746628633,-0.29422655294754663,0.94578824659533767,-11.186781332818336,4.2118719796882438,-2.8016399712817535,0.6789953899916452,0.7762906630739995,0.3055555555555556,True,1
-0.20637126582765924,-0.9749210824095832,-0.083305364257148448,0.94842167864633586,-0.22024493015156751,0.22800984675271654,-0.2406391907282682,-0.031953932713480571,0.97008851455410328,-17.574824167551782,-3.6202600695189475,-1.0019303073429431,,0.159199985062453,0.44,False,1
-0.77858820561009878,0.61833244133737608,0.1070765990989935,-0.60648915831337491,-0.78526052231882726,0.12464675260870589,0.16115615698191638,0.032107694986130982,0.9864065029132244,-13.563015591468659,2.8319862056296738,-2.3926183731278705,,0.218554825480878,0.16,False,1
0.35443237667356958,-0.90241109339086989,-0.24501409937107524,0.90530273983700571,0.26555644103802034,0.33152183316763639,-0.23410390771863379,-0.3393140067081149,0.91107703584414312,-26.586570458029996,-7.3909209796573103,-0.12404848899014365,,0.3144686642755897,0.2857142857142857,False,1
-0.13595385313486566,0.94970150979435819,0.28210563998633509,-0.9596270850938512,-0.19700891337533463,0.20075693164856934,0.24623648667909037,-0.24342253458746632,0.93814341242847932,2.3083896498657008,2.8157139212477489,-2.7471005931402153,,0.7314179810163592,0.2338028169014084,False,1
-0.83844803478137664,-0.54485579486128088,-0.011707082357667129,0.5295927597005694,-0.81965333919787742,0.21840309616510395,-0.12859394170792893,0.17691966071596066,0.97578841549188666,-11.288212821490974,-11.665894633714487,0.31033541479553806,,0.1146235771335178,0.16,False,1
0.27611044742183327,-0.9590739882975573,-0.062770262031729959,0.93068825575026903,0.25048991534790521,0.26659739855730197,-0.23996331268141119,-0.13202987268045158,0.96176177990547496,-12.210762833919986,10.618459826263905,-4.2184382817054411,,0.4268032938041652,0.4814814814814815,False,1
-0.93610189115015086,0.31115734405009865,0.16399498964541431,-0.33891886381669295,-0.92264916981826128,-0.18399052470949551,0.094059838051705216,-0.22781487369652142,0.96915072624867038,10.702151547724593,-4.215078433780743,-1.3526928447802482,,0.3821632065462062,0.2307692307692308,False,1
0.61569195135255306,0.75617545368159911,0.22163507007942651,-0.76463351867981733,0.50535700344545376,0.3999373465681248,0.19041796961160476,-0.41570780882497099,0.889341337468879,6.4172389097742695,7.5199661155233271,-3.8518386731322161,,0.6094813615871231,0.7222222222222222,False,1
-0.99591506580154399,-0.090192904286004308,0.0042920538164142943,0.089073934128144239,-0.97354633951341096,0.2104123548629557,-0.014799188100782623,0.20993514435771596,0.9776033035925481,-1.8796224748098327,3.5043970877124604,-2.8570688810007021,0.6074542498958614,0.5660699943804515,0.9668721109399075,True,1
-0.85149528951889752,0.45359762331499615,0.2630683714362414,-0.50637478650707368,-0.84159156165832616,-0.18790481349719579,0.13616294472816337,-0.29321125399357933,0.94630165011716449,-8.8700690161310867,11.230993323447512,-4.3956097737714082,,0.789132107644407,0.36,False,1
