axis_00,axis_01,axis_02,axis_10,axis_11,axis_12,axis_20,axis_21,axis_22,location_x,location_y,location_z,dbh,dbh_approximation,score,reconstructed,number_clusters
0.24690231148740138,0.94349976837439098,0.22101455983633714,-0.95969174515730071,0.20647127835048273,0.19068656348377733,0.13427956977557459,-0.25918680192824073,0.95644717514722077,12.968942477840601,6.9050634851678758,-2.6140741625023587,,0.3291127422366779,0.3333333333333333,False,1
-0.77153836638355466,-0.6162014721980309,-0.15819069144287645,0.62586842492112826,-0.77978383095551695,-0.015029692847281201,-0.11409322453564939,-0.11060254355717528,0.98729418790639134,14.868627822047946,-7.8894289164974811,-0.78240165693360775,,0.3121885382920172,0.2222222222222222,False,3
-0.32494615565081242,-0.93894812803618988,-0.11307700378544602,0.93483850071450714,-0.3369945959920207,0.11185535237094484,-0.14313271292619156,-0.069361769942169443,0.98726995870475009,-13.461329791357102,-0.80702583118750015,-3.8416213684562823,0.481177812017169,0.3794101716008435,0.7787610619469026,True,4
-0.94316433501919783,-0.33050917301956745,-0.034709129889961901,0.3274158507712619,-0.9420336910406506,0.07328973739931581,-0.056920100241719257,0.057759947145505156,0.99670652184794251,9.6774158126294623,-9.6927285260491143,-0.79478993580123236,0.2294874583945647,0.1867377445778712,0.6296296296296297,True,5
-0.5932314988640961,-0.80384394240274393,-0.043718474560224138,0.79619429447427414,-0.59387797765402872,0.11568748032598265,-0.11895811952982271,0.033821057345624142,0.99232308341484898,8.2836636777576693,-14.953574630201103,-0.12660185619609665,0.2130288788136758,0.2530616003013024,0.9565217391304348,True,5
0.82042639354343416,-0.56333308059007148,-0.097756703556400704,0.56562787650360169,0.77472894379251556,0.28259541569558233,-0.083460398389535839,-0.28714265437763326,0.95424496746780207,-13.445486017133652,20.726197468336693,-6.360051017519325,,0.4492446574049939,0.4814814814814815,False,3
-0.60954446673203011,-0.78992767559630528,-0.066856640682757582,0.78226597539511067,-0.61301057314124774,0.1108060510810446,-0.12851259399569073,0.015241540081539613,0.99159074654841428,-4.1494555045472374,-0.15612176528325739,-2.9659375011230527,0.4795101544719347,0.3929537545605516,0.87374749498998,True,5
-0.65896227365922755,-0.75103745395720312,-0.041369851913492052,0.7438044757571407,-0.65882481188369613,0.11271543412531182,-0.11190899757171774,0.043504137733036824,0.9927657156966081,-7.5899387691578255,11.516235231644638,-4.8189724827744289,,0.2779970571465336,0.7426900584795322,False,4
-0.98785659887495003,-0.13562207987117458,-0.075802318636276567,0.14909693247498451,-0.96471713585860552,-0.21700449881816058,-0.04369719425510931,-0.22567121932623099,0.97322302479033318,-9.4597631544323892,1.3752784583137756,-3.7617785069819525,,0.4737095668341678,0.2571428571428571,False,3
0.6945050267104147,0.7188106107432759,0.031210154707167481,-0.71145025923069738,0.67963430126890767,0.17870575026925417,0.1072440978074776,-0.14631651452109751,0.98340743390715635,6.6695129765691963,7.0937195401323203,-3.0438431125546779,0.5845238011803616,0.6086030476300838,0.9976635514018691,True,5
-0.88905004784348673,-0.45598182884400773,-0.040872780595013571,0.45235305836259476,-0.88868841713221514,0.074897315339367249,-0.070474981514725948,0.048098534479875443,0.99635325460470436,7.5109064712488758,-5.5567865180448122,-1.4067454012749305,0.2862167474731468,0.2239732535415964,0.3636363636363636,True,5
-0.96369102034210452,-0.26324678706366911,-0.044729703918640049,0.2660050677630551,-0.96105360868280354,-0.074948416675289509,-0.02325771348104326,-0.084125444060734175,0.99618371218627033,14.253129223606958,3.0522030541124314,-2.0868802609060926,,0.206962760686795,0.3157894736842105,False,5
-0.80379643546730251,-0.59377760000197433,-0.036598525461490589,0.58771041006384539,-0.80211066040504342,0.10590071938930859,-0.09223754242523316,0.063613286351844517,0.99370296646778344,6.8942297543144768,-2.931510844054376,-1.7838965571031822,0.1435603505984654,0.1295251375247715,0.6164383561643836,True,5
-0.99750420426362196,0.069063360349122138,-0.014683825580787339,-0.069863312687171039,-0.99552326822470094,0.063659563017550463,-0.010221546691878157,0.064526542449585902,0.99786364063569755,-6.0573355371565869,-19.651714793629477,-0.24080872091070218,0.5109097077682094,0.3820695368365602,0.9315068493150684,True,5
-0.23823921751850299,-0.94020347758197997,-0.24343273399221244,0.96466437712808739,-0.25812433756006775,0.052862707642114468,-0.11253761476169148,-0.22223691660461822,0.96847614227807455,8.5511399470703342,7.0681881169724532,-2.8645843321980755,,0.5294094033765083,0.4056603773584906,False,2
-0.97286490696134709,0.23087557308173817,-0.015177040464830337,-0.23118498863743223,-0.96732710555425228,0.10407579876582865,0.0093473970602762357,0.10476039621065728,0.99445356128578777,11.48905903718417,-6.9088859053581189,-1.0673528482627042,0.1964254327797974,0.1930791040217332,1.0,True,5
0.37141110889948481,-0.9254412816969666,-0.074914767016469985,0.92066914380141018,0.35665403698998815,0.1586386634800088,-0.12009211397104455,-0.12789187632457771,0.98449050383035475,9.8684634840681529,-3.426168716573335,-1.5407806789765324,0.1622750475597596,0.1691596308632194,0.8412698412698413,True,5
-0.99741660569163459,0.071822058613053352,0.0013063641003542847,-0.07168086340520799,-0.99631315994114822,0.047137470759141709,0.0046870579325918038,0.04692205477883684,0.99888755736732915,-11.441754570739521,15.099838606683196,-5.6374688740756556,0.4259179078826202,0.350225906391,0.4444444444444444,True,3
0.46146065919116114,0.88240759020556048,0.091710984982579347,-0.86901177086724468,0.42879568455946693,0.24688621467662686,0.17852899516054693,-0.19362620083757731,0.96469492184636862,9.5109014278260773,-0.69673084255717166,-1.8749531698793032,,0.2822495681547371,0.2592592592592592,False,5
0.99644276433311962,0.078547258702242648,0.030531058916048195,-0.084137719402596345,0.90680134658484002,0.41307646024150524,0.004760418248662579,-0.41417586359212777,0.91018442770452512,-4.1091689989605058,-3.8905099708270918,-2.402593934781982,0.5416614637555593,0.2900848793235899,0.1825396825396825,True,4
0.43852466382200644,-0.89400976067326243,-0.091883986856975519,0.89257618552451279,0.42131161335549744,0.16063709872348497,-0.10489934344078235,-0.15245678821464231,0.98272735561444946,-15.712312667202385,3.688032907075363,-4.6365936521578597,0.296753505951081,0.2219613190592093,0.6428571428571429,True,5
-0.5579509799039386,0.8087328237612933,0.18612341012167322,-0.82341971417835513,-0.56742558993751901,-0.0028590534264286843,0.1032989754386331,-0.15485289682516251,0.98252221451638688,-3.6472767662098815,18.285255121551458,-5.2434449812195982,,0.4712595116320083,0.631578947368421,False,1
-0.88204896682866774,-0.46386995188560703,-0.082548699893611521,0.46598728381735699,-0.88476058324772455,-0.0073865859278121615,-0.069609420605279915,-0.044981974932096137,0.99655965726804674,-2.4533598781171415,-32.874949286385323,1.6777201254649232,,0.2697583949168716,0.3076923076923077,False,3
0.36959981183498158,-0.9268245292227133,-0.066274211595787683,0.92120557964757099,0.35615949703692801,0.15662277196048588,-0.12155763701935896,-0.11893992055445207,0.98543241076228638,10.558338530916862,-5.4023466436925656,-1.2888019488702473,0.1772299736249683,0.1490745410218947,0.4642857142857143,True,5
-0.57341818022136526,0.81926266639646872,-0.00052348884171805887,-0.81266645048409925,-0.56872020410133028,0.12700617978869078,0.1037537028216054,0.073253074310165631,0.99190178760546455,-10.265110072850936,-7.5548442782866809,-2.4516147085403071,0.3422166781400255,0.3109066415179864,0.7168141592920354,True,5
0.77576560847428844,-0.60631779118628237,-0.17483265369920625,0.61816992127184456,0.67458351537956163,0.40348857383191833,-0.12670307471912359,-0.4210888467641265,0.89812611251849217,7.5278452677640955,18.892854053341971,-4.4774578402576024,,0.4394054731937567,0.625,False,3
-0.9895816995998199,0.14032118208775554,0.032218405836235475,-0.13961859041919417,-0.98993539934998731,0.023120430859728355,0.03513842663652901,0.018381266857241365,0.99921340063183361,2.9940945613588199,-12.723912723998593,-0.66555491352699003,,0.1835228121565677,0.2439024390243902,False,5
-0.5044672055091286,-0.8610807469332441,-0.063661494065862759,0.85440258565897098,-0.50846808122262177,0.10703472332402475,-0.12453537724307884,-0.00039703736907287235,0.99221508866588626,9.1435366527021174,-4.8293405109538554,-1.4308040460307208,0.2053367493127971,0.1808377596666234,0.3666666666666666,True,5
0.75879528754199588,0.65132331216194905,-0.0027667017274610739,-0.64357397652724313,0.75040728670688406,0.1506699731005619,0.10021101905964101,-0.11254708833017865,0.98858024690331914,-2.0593390211909868,8.1564215629286938,-3.8631646914101778,0.5045523501000487,0.3900507874911064,0.9757281553398058,True,5
-0.64523879897505032,-0.70543329832539048,-0.29330999626844595,0.75715445999392128,-0.64167609138102,-0.12234752740162072,-0.10190199217163662,-0.30102434347364304,0.94815627858898555,-6.2224187648523586,11.664949941017111,-4.6783179131317141,,0.5234341015317849,0.2727272727272727,False,4
0.79029505294302149,0.61100514588544674,0.045895980164843697,-0.60377738981838835,0.76380957689058582,0.22813985577780829,0.1043388366711165,-0.20800875450742198,0.9725460221554505,-2.8324233320149075,12.708892700043242,-4.5172261438526604,0.2094972893932444,0.2788123881717147,0.375,True,3
0.45224419020368217,-0.88926037585691331,-0.068492162747561522,0.88473379393249396,0.43757732555680051,0.16053721696969311,-0.11278876850481298,-0.13319935468830355,0.98465050937364995,6.7727653886976844,-8.6606428378715083,-1.0157308996487096,0.2589372160281972,0.163749789550264,0.625,True,5
-0.67841857495567637,-0.73399398126513737,-0.031639731693916942,0.72711375954209034,-0.67697590741535907,0.11405788645998496,-0.10513713825131926,0.054373304531772297,0.99297015358701424,12.253526193653062,-5.2283833247861002,-1.2558394214010478,0.2531732041891029,0.2410632944757903,0.8372093023255814,True,5
-0.14092415539937544,0.96674681652560823,0.21340331572535226,-0.98614712427963169,-0.1561215335216784,0.056034953786465197,0.08748846609687766,-0.2025503875790938,0.97535588827441544,-3.0802669171984132,20.643393149781037,-5.5849953556246508,,0.6287444642720292,0.7076923076923077,False,2
-0.12124926496211429,-0.99011666506011053,-0.070481240882891733,0.9814906368956926,-0.13019089361735525,0.14045091991582714,-0.14823881216548718,-0.052147107200301301,0.98757578634675192,4.7503287041982905,-2.1208319177642254,-2.060125076646496,0.2682430785096467,0.342251301738248,0.6174242424242424,True,3
0.47831347135381741,-0.8766969243746664,-0.051173488384714055,0.87076620371549218,0.46590414990178636,0.15716087799195577,-0.11394051776418071,-0.11973230932498251,0.98624628390444946,-10.160427089241363,7.0026183288187394,-4.638449308169089,0.3539380747168526,0.3364602338629283,0.8698224852071006,True,5
-0.6085944906658366,0.79022717753204574,0.071789649817564999,-0.78293917782428069,-0.61274496211780971,0.10747025275435171,0.12891466076064159,0.0091988743323060465,0.99161302479948699,6.2919150395728503,-18.160599104044095,0.20374629757876198,0.4696069082562734,0.2519617121022457,0.3333333333333333,True,5
-0.99833618153808001,-0.054705767491106123,-0.018224917974420392,0.052151797075425853,-0.99148358124976499,0.11933355845672049,-0.024597940844081213,0.11818454685511537,0.99268693664764296,-5.5077759123609233,-9.7535031067712126,-1.7334561518806069,0.5041500312965812,0.3838691189959558,0.8771929824561403,True,5
-0.97145176832406555,-0.23415992390112436,-0.038086636221484504,0.23714500840981254,-0.9540047669284708,-0.18340433382029386,0.0066111123389296367,-0.18720052007506702,0.98229947494502312,12.002512035169143,-2.5862328498628822,-1.5305372741970125,,0.3600259608550196,0.391304347826087,False,3
-0.99845123541361969,0.053079250943983927,-0.016665041861447558,-0.054557143127301325,-0.99281528028370669,0.10649571526110162,-0.010892595411809688,0.10723997554276136,0.99417349542762601,-4.8621910134916408,-16.744904413596281,-0.52153298664694281,0.3591339644028045,0.3410316650108655,0.9104477611940298,True,5
0.89727986178276364,-0.44016952136411408,-0.033758585592309785,0.43811419236639487,0.8784676724240692,0.19065807864599257,-0.054266049112202994,-0.18586376991744993,0.98107586605003538,-13.103579457118505,4.2998444821023671,-4.5754120262091673,0.4709092237244832,0.3644097720961886,0.3269230769230769,True,5
0.22648395549435799,-0.97272413417553449,-0.05012760413272932,0.96542241531395878,0.21736757132453072,0.14391281717011309,-0.12909135491191132,-0.080988256734745037,0.98831995039970488,4.8312822310494976,-15.445067374532341,-0.20393748345786214,0.2054343560686105,0.2575748760207098,0.8775510204081632,True,5
-0.29108560173985965,-0.95481892448748285,-0.05991655781427585,0.94735903590790627,-0.29640756377464667,0.12105128343318891,-0.13334177718699908,-0.021526206766320596,0.99083630983067394,4.5410276723248186,-10.413105887469314,-0.89647317072362176,0.4187429272719131,0.3515749564820786,0.8992805755395683,True,5
-0.25021741500273009,-0.96766806864435295,-0.031776629076416735,0.95927246892840656,-0.25222351177326585,0.1271991763525267,-0.13110139429217221,0.0013450036690491191,0.99136805243046811,11.299151904601155,-3.7773985913613148,-1.4315024390134539,0.1129550150023836,0.120264645734056,0.675,True,5
-0.5625096123264236,-0.78544544796071758,-0.25818285055008344,0.82338878350910161,-0.56048012020154458,-0.088842253743734681,-0.074925611320700622,-0.2625594849489391,0.96200242704037353,-4.4636363265314483,-7.6659711724032968,-1.9585349363177362,,0.50141486743836,0.4769230769230769,False,3
0.70881337531722033,-0.69320945232072517,-0.13055364485378934,0.70173010941629066,0.67410324790035447,0.23056379748085584,-0.071822367755521838,-0.25504012700630668,0.96425934328198082,10.324062072288521,38.966906487013084,-7.2150972066611159,0.4306761780045567,0.570197876986847,0.5,True,3
-0.00041297700293624508,-0.94672010786849503,-0.32205724150756321,0.99110739446099272,-0.04324164914519299,0.12584233160565175,-0.13306375199406426,-0.31914134350890649,0.93831915720003978,4.8246649301887299,6.5368979647946972,-3.091872434204507,,0.1613076144753198,0.2608695652173913,False,3
-0.48785778106620792,-0.83506809466311349,-0.25427556455324923,0.86392829269563864,-0.5036014822926016,-0.0036677121879472724,-0.12499076179124258,-0.2214651762883097,0.96712485499982515,17.434446833576345,3.657525983115562,-2.0721557032071165,,0.4079354891741186,0.32,False,1
0.9574818095644626,-0.28766153629710484,-0.021895773298795544,0.28742898967952607,0.94468241109609452,0.15798644896786829,-0.024762072711501458,-0.15756263104194287,0.98719848918754505,-7.6256707404671173,-6.598593951988672,-2.4201990451868842,0.4521839575695051,0.3673468315451417,0.9177215189873418,True,5
0.85585130561011047,0.50275956258534504,0.12145519714883671,-0.50751505142896913,0.77102709772817302,0.38463708498001309,0.099734724436982891,-0.39083249199351844,0.91504259351333816,-7.9011089226017202,-4.9917087828343663,-2.6658550839657007,,0.4410632631426647,0.4594594594594595,False,3
0.77066906338960217,-0.63366401400154482,-0.067372932945245545,0.63149421080189039,0.74528446922806602,0.21393017938369085,-0.085347855613904622,-0.20741498809606501,0.97452284029427338,-1.1483852968592572,22.080300371744553,-5.5614240976669684,0.2613125154162908,0.3132787693847083,0.6964285714285714,True,5
0.12388881156358632,-0.99174803072336704,-0.032975838513768951,0.98374366936770685,0.11839952101492178,0.13501831876600001,-0.12999982826266465,-0.049167031431245213,0.99029422278023882,8.8575256030068772,-13.418677203598474,-0.32091566166454705,,0.1625767989814288,0.5625,False,2
0.042146743503864534,-0.99747949064913854,-0.057081676099740339,0.99006532692120197,0.034026197952237665,0.13642897889132444,-0.13414283596388502,-0.062264625488726355,0.98900395144423769,2.5898017466079821,-13.832777475084624,-0.51216006942975589,0.2609565173410966,0.2148077193350462,0.8333333333333334,True,5
0.22652652553534761,-0.96910634509110527,-0.097563441580556659,0.96573101359222557,0.21044414601251377,0.15191073298221994,-0.12668600007504796,-0.12863185186112716,0.98356723413895875,1.6894726288180528,-19.37307666959757,0.15630562318035432,,0.3306336932912979,0.3809523809523809,False,5
-0.31209243180851987,-0.93460793525368491,-0.17060574834597092,0.94559551843450984,-0.32295152297808843,0.039388187603694294,-0.09190989894682125,-0.14903127580134873,0.98455180123171149,-9.5511781749521401,0.18467992493380164,-3.6027659623527994,,0.756553056658069,0.6705882352941176,False,3
-0.94550549498945702,0.32560612759430024,-9.2832032052944657e-05,-0.3243278933587847,-0.94176840295844455,0.088790161496381081,0.028823194378739279,0.083981693613221581,0.99605034943202553,8.9245599648016256,-11.085669049148247,-0.61890181103017394,,0.1655376329383271,0.7272727272727273,False,4
-0.18473995084427125,-0.98135847322233583,-0.052978274762227606,0.97295296775268625,-0.19023232406789359,0.13105031637110795,-0.13868551872238055,-0.027335140651801912,0.98995914914821093,7.653563899608919,-0.3559739975203271,-2.0289255990301389,0.2101860147752823,0.1539769485771455,0.7295597484276729,True,5
-0.35214375515350277,-0.93022985245532996,-0.10328212481996124,0.92762126910897624,-0.36156532983898304,0.093751231219012632,-0.12455342951136786,-0.062792785090036676,0.99022396928048284,-5.6659764478243666,-14.42725459952292,-0.98649828641674353,0.2681038914760071,0.338465364667443,0.7926829268292683,True,5
-0.69927158953061441,-0.71307919136533349,-0.05037172735861057,0.70697397220026259,-0.70027735922043888,0.098992033995823681,-0.10586333976741127,0.033610816785822631,0.99381249050727849,8.9148095610587426,-8.3676096112030969,-0.98399666917404749,0.2532911164628768,0.2067062446631434,0.6086956521739131,True,5
0.14164980468993382,-0.98124426359653982,-0.13074795596944994,0.97652834878957373,0.11686050349465334,0.18093094465371437,-0.16225817958307348,-0.15330791852302267,0.97476610798515462,1.4877829150434467,-21.98880739427975,0.50637028480015389,,0.3209058123641962,0.2307692307692308,False,5
0.030013324614558606,-0.99727602986768482,-0.067377448726787026,0.99039013383289143,0.020566106142751159,0.13676409647489088,-0.13500586339877724,-0.070834705684959046,0.9883095979087102,9.8442347352007822,-6.8030609312869377,-1.1627427120145317,,0.1216468005287811,0.7804878048780488,False,5
-0.39614641844939236,-0.91688059894270457,-0.048969198810954191,0.90900799209300087,-0.39915032985213722,0.11993116563254695,-0.12950863083505357,0.0029969086402459044,0.99157376582775336,8.7612949306839809,-2.216438351152771,-1.7279634758513307,0.1783826724426983,0.1158624949745028,0.4363636363636363,True,5
0.6206781298466133,-0.69727900269361709,-0.35855355462288396,0.77897826569120121,0.49638677255136132,0.38313579004939141,-0.089171299815799118,-0.51710943178271052,0.8512616018889394,-1.6937384952445831,-1.233378093431222,-2.5776580193434899,,0.5140986203299573,0.1635687732342007,False,2
0.053486673693890797,-0.99016518784809349,-0.12927519681251182,0.98954544989708881,0.035192979869275026,0.13986156282513687,-0.13393647122846022,-0.13540441256351732,0.98169581171216036,-14.503034827726452,7.5522803593046666,-5.0030224645328998,,0.1521983385367151,0.5652173913043478,False,3
-0.97290246711401229,-0.2293158139911381,-0.029581192285801999,0.22584883883320786,-0.96991511250573603,0.090867907044656471,-0.049528693513553941,0.081724733016182799,0.99542351616398617,-6.531217697374589,-7.8344801269813997,-2.1562497878799896,0.2502500206019734,0.1660301593425163,0.723404255319149,True,5
-0.8744276137616751,-0.48349912708775816,-0.040061732319511087,0.47863801066537637,-0.8732237688085478,0.091574583450258762,-0.079259088042667791,0.060900276626409511,0.9949920367869648,10.886622569466413,-8.183375951641068,-0.88589813137104856,0.2060399849284532,0.2111540248364743,0.8571428571428571,True,5
0.68126558854892483,-0.72198689767893487,-0.1208805916557068,0.72677058530454708,0.64730924252258837,0.22977219344585176,-0.087645388898516724,-0.24438834694964368,0.96570835228864393,9.2950823896848629,30.750890364487962,-6.0657857152890715,,0.5172584967654243,0.9722222222222222,False,5
0.57825616294785376,-0.8149434806579684,-0.038560774705672221,0.80965185050126054,0.56740061435667688,0.15006806391618094,-0.10041758308538708,-0.11799858541839373,0.98792339928080875,-6.9329186650307326,-0.49750685465268912,-3.2039490481003838,0.4376166890293253,0.3647715806267069,0.9168765743073047,True,5
-0.21903511914864401,-0.96990841718508825,-0.10630747317595193,0.96870123537300434,-0.22920771941400686,0.095298152908880052,-0.11679697413184002,-0.082106538317884947,0.98975602205750657,-8.3755138289718669,-12.356699310707981,-1.572019216936271,0.1700298659785429,0.2285395357722201,0.25,True,5
-0.89427534392510599,-0.44500585427332429,-0.047343414643460348,0.44097559317410306,-0.89428051490185112,0.076176682072849916,-0.076237362706101541,0.047245638204483825,0.99596973558350133,-7.5294189321637992,17.397486215463235,-5.5517241029045898,0.3969096118905812,0.3751754035795832,0.625,True,5
-0.82492461521389937,-0.56265273342284505,-0.054048874049326748,0.55993379708479263,-0.82650690233671287,0.057969675451706518,-0.077288563813834088,0.01755682094147638,0.99685416984733666,2.1390088311543161,-17.254697179356906,-0.087755451942312379,0.2091621618846136,0.1871768502247547,0.3333333333333333,True,5
-0.60990105162814889,-0.79142363129769955,-0.04085759472165823,0.78355599911089602,-0.60994729680741022,0.1183397286402849,-0.1185778372218069,0.04016131149370257,0.99213223190202959,-3.9395189613084485,-10.881013129217198,-1.3737805790125508,0.4053481856522608,0.3898949423067465,1.0,True,5
0.17172358225925841,-0.98149763942611645,-0.084695897757851718,0.97487738087768472,0.15692429307497346,0.15807864655286294,-0.14186297455330926,-0.10971394644201146,0.98378744981169886,4.6972436612389865,-18.143922431872678,0.13972235428146257,,0.2137228841208285,0.4285714285714285,False,5
-0.46962216400431611,-0.8437705499345336,-0.25981971083633976,0.87263831823603977,-0.48829378798756334,0.0084582598052812263,-0.13400518132550102,-0.22275644923533069,0.96562009905655355,3.7935901053439216,-16.675780441609607,-0.095130631194573351,,0.2808118690424448,0.2,False,4
-0.33128017038036672,-0.93925657280613528,-0.089724796757798139,0.93334954550365501,-0.34015307646795828,0.11469311434215863,-0.13824642715410546,-0.04574904381357351,0.98934066446763813,3.8915797350792856,-7.9635590706600965,-1.2346030584785346,0.2020793572351746,0.1432285216867416,0.5573770491803278,True,5
0.47625072937109902,-0.87767166484095216,-0.053644119051481295,0.87119038351682976,0.46270302436638872,0.16411345743112624,-0.11921643528179017,-0.12489339445106901,0.98498176713134866,5.5590284231420508,-14.082881923890143,-0.38644169948925899,,0.1674055931678648,0.2222222222222222,False,3
-0.26412908836348176,0.96236121167717381,0.064005647715787678,-0.95573261744059679,-0.27007577695468432,0.11676574267510548,0.12965719663952874,-0.030331056057529955,0.99109486851562956,15.200260573350983,9.6009148479301807,-2.8830257553235366,,0.2027179369251526,0.4666666666666667,False,3
-0.785110760552161,0.61623096280813994,0.062132874887299995,-0.61683519377470719,-0.78701229889635038,0.011224308744937433,0.055816103286841896,-0.029513418345477223,0.99800476990415132,10.41561121590547,29.770503095634176,-5.8400105213712878,,0.1507683454091534,0.52,False,3
-0.74314032416832498,0.66641143842069639,0.060317935450870337,-0.66473831484363255,-0.74556848315781199,0.047440591275901889,0.076586104313018322,-0.0048406263869478355,0.9970512208318778,-14.009034209045842,10.377666519785574,-5.3483802527936355,,0.18269983555151,0.2857142857142857,True,2
-0.35114787014320753,-0.93124932788157444,-0.097313219112336258,0.92685131029256596,-0.36045770334967486,0.10496138673260703,-0.13282252031505465,-0.053337917244623931,0.98970361456405898,7.1742652732250445,-11.041789893035478,-0.7038027484189775,,0.184152238310205,0.4285714285714285,False,4
0.87371983658936614,-0.47566507743338277,-0.10176630709889822,0.47350009735206183,0.78376002937309819,0.40189286403800417,-0.11140603645153699,-0.39932812381220506,0.91001414526082214,-9.4457715000324569,3.2219841366269355,-4.0348404086764713,,0.3642497071310654,0.1956521739130435,False,2
0.42481957254710351,-0.90225646409015348,-0.073902664285056457,0.8977693364731959,0.40939721399220852,0.16249350652839917,-0.11635527177302007,-0.13537796786387099,0.98393813654501427,13.456976900809158,-9.2015801409743627,-0.68235240465303904,,0.1445681938907998,0.2222222222222222,False,4
-0.99227378073029648,-0.11021133058485387,-0.056975491976118092,0.12312776513898716,-0.93119267841030939,-0.34310311733779608,-0.015241309887376736,-0.34746749241583891,0.93756815442247543,6.7583990591159431,8.7206606424476281,-3.2088737265176426,,0.7162689829385405,0.3170731707317073,False,2
-0.40919029775444088,-0.84270095099809916,-0.3498834197422514,0.90326690101746709,-0.42837141341538842,-0.024634075886963341,-0.12912089586869441,-0.32611813711506893,0.93646930269745821,-0.93532906800804505,-25.099645173469895,0.80906558971517928,,0.3426919913704033,0.5,False,1
0.88117505377813388,-0.43159627727654287,-0.19301600462172161,0.46703326661318095,0.73108965414303662,0.49738098624860644,-0.073555777990068655,-0.52842461245294448,0.8457877845406796,-6.7431329261432191,13.30298414666653,-4.9687785313632711,,0.2955680276928714,0.1851851851851852,False,2
-0.11131360384396344,-0.98871970452129943,-0.10021291079788039,0.98784523025804793,-0.12109321810061621,0.097458881516571547,-0.10849462039978625,-0.08814634661374994,0.99018136668135448,-15.271502979593526,-4.5124556423576774,-3.3671546790253086,0.5618017233632923,0.4044540708015048,0.3333333333333333,True,4
0.70930781694528378,-0.70232315197578732,-0.060204742496852197,0.70047803774774786,0.69273326504740862,0.1716133506747724,-0.078822201525849289,-0.1638987910130916,0.98332306331696828,-12.299065738818623,-12.013160564399897,-2.0682862105006334,0.232233260792911,0.2793449891732189,0.2222222222222222,True,4
-0.7942388871512005,0.60138284461881619,0.086736753080824958,-0.6016168010293762,-0.79834977506248217,0.026360223384197856,0.085098853435302935,-0.031245973434438478,0.99588246007655545,9.8907860601175681,-11.778096393829221,-0.51482022922523785,,0.1365203493571921,0.3461538461538461,False,3
-0.99593618122099226,-0.080914599159462364,-0.039546815014747647,0.085891209892614631,-0.98542461249592539,-0.14683675680985891,-0.027089167542210583,-0.14963676262910236,0.9883698782701501,0.030604872820861898,23.610600973975767,-5.6447385695806709,,0.5287752738218461,0.2,False,1
-0.90196979778450381,-0.42975621990439755,-0.041953251817556693,0.4262508957171478,-0.90169292418387847,0.072526163396790633,-0.06899752013596866,0.047533797767608479,0.99648375816411439,-11.612901641653549,11.997796177607743,-5.329914971148602,0.339456985608651,0.3702963610550353,0.9354838709677419,True,3
-0.10216642455714936,-0.99386596632778579,-0.042337485382900567,0.98555124874931976,-0.10690811255734003,0.13137500355123036,-0.13509536550846954,-0.028303647199011701,0.9904282638199341,-7.6667224748928948,8.6541928349545945,-4.5158008011930004,0.3094791724453406,0.3101953405229358,0.8529411764705882,True,4
0.99824456842215425,0.059119052341183004,0.0035664079896867845,-0.054630562094419646,0.89585239726038546,0.44098070707012715,0.022875386355561241,-0.44040143048484975,0.89750949673303348,-4.2829778755199879,16.094240661849231,-5.0671792536408944,,0.08998596160239318,1.0,False,1
0.69115526946002392,0.69676360617053101,0.19189807350226071,-0.72127033761873816,0.64829108613531061,0.24390114331189772,0.045535629665059071,-0.30698394869070361,0.95062472178945057,-5.0116453101695733,-4.3439122780757833,-2.4384031533622363,,0.4724123089069243,0.2523364485981308,False,2
0.99895544321723995,0.043361626106223045,-0.014414986925865257,-0.040594702998741385,0.98697059060220704,0.15569561128938575,0.020978383042854504,-0.15494780626958113,0.98769989611073306,7.3404710052653934,-16.464528482566191,-0.0050851339130827062,,0.09525081342296216,0.2666666666666667,False,1
0.97546617605103236,0.2115155190314417,0.061048542892006355,-0.21562391465570158,0.86200746626757874,0.4587477035664595,0.044407958846675616,-0.46065639397256758,0.88646693107146601,12.726905710020992,-11.651239491267361,-0.4177123381255165,,0.2656199909026649,0.3684210526315789,False,1
0.36016612052823449,-0.9217729741388998,-0.14357907149292065,0.92500706765735008,0.33290484998398223,0.18312915016756254,-0.12100533214529308,-0.19876857147011498,0.97254756417778243,3.1412501845006346,-11.471915898131464,-0.83146056418387471,,0.4506984043934994,0.5652173913043478,False,2
-0.99697109140678064,-0.075856626337344607,-0.017158529654074064,0.074361868514387169,-0.99437782351044701,0.075386050577515767,-0.022780592841764407,0.07388177279507617,0.99700678444955171,16.358532120365378,-3.0978850957550472,-1.3123283630960276,0.2414112738719248,0.1906584800056438,0.7692307692307693,True,4
-0.30684191277360678,-0.85206634474988363,-0.42406483550278834,0.94244133528097696,-0.33420966453733519,-0.010403349636109713,-0.13286222231787212,-0.40284841351855222,0.90557207642812299,-11.280339139527694,-0.76534155304151086,-3.6752439470640805,,0.632718287641744,0.4482758620689655,False,1
0.95955295917178485,0.27839024996902328,0.041916431943294384,-0.27604343333641806,0.90112580782411944,0.33432364766072337,0.055300465246818545,-0.3323720012207913,0.94152573589253119,-11.6642058460193,-6.7940853119558673,-2.733592079273639,,0.2696202054678398,0.3125,False,2
-0.12110503501299788,0.98046136329681066,0.15501317871929626,-0.98384177223901226,-0.13930443942054987,0.11247061996506573,0.13186712134607487,-0.13888768210279223,0.98148931429130393,20.709679925631665,-4.90803695958164,-0.92635432521134253,,0.2836035761961733,0.2105263157894737,False,1
-0.97098342123514103,0.22122871109130263,0.090824297824876415,-0.23846594316369771,-0.92431298295914976,-0.29795889562858557,0.018033015209581803,-0.31097164970787788,0.95024809573101066,-5.3260910175667986,-0.98352856591991356,-2.959114701913506,,0.3210185578968326,0.1639344262295082,False,2
-0.24001247060628317,0.94152765687281226,0.23647343465399942,-0.96653959866328698,-0.25448420081550438,0.032233457014500783,0.090527444287793912,-0.22082450697077391,0.97110314537222786,10.438933473121924,5.3241099207843865,-2.579101455824155,,0.6507411074234025,0.2857142857142857,False,2
-0.92080504982318978,-0.38090581469340279,-0.083838061480865839,0.38431328727343889,-0.92276163468243355,-0.028535290138480079,-0.066493288722979743,-0.058495520264026421,0.99607073878507446,-1.4956597056213086,14.7057788255687,-4.6773474148868335,,0.6959368351044974,0.5806451612903226,False,1
0.42007183183038382,-0.90555824100438842,-0.059193988307128423,0.89984064986757029,0.40719175613668251,0.15646622185070388,-0.11758597258421188,-0.11899220933894419,0.98590790298488939,7.92942712620611,-12.868594890444134,-0.40410355914227009,,0.1469802773802276,0.3076923076923077,False,3
-0.41922854987984398,-0.90320758968816317,-0.091997135256177143,0.90032703241820555,-0.42664486115711492,0.085938333386531632,-0.11687025995809097,-0.046799704891443958,0.99204391533812819,-3.2789687273147483,-34.229576277765787,1.828109081854294,,0.3718933906589638,0.8571428571428571,False,2
0.95965563986688807,-0.24208842607998529,-0.14301834438207525,0.27667214477541691,0.90369657816597504,0.32677977127796409,0.050135587929584516,-0.35316524258372772,0.93421664203424026,-9.9943531731818833,9.8463649775199098,-4.9871765989346653,,0.538457360284874,0.2727272727272727,False,3
-0.019317085162580339,-0.94144836004251586,-0.33660338024755559,0.99382996373907839,-0.054857882175378798,0.096398215427545633,-0.10921929039874249,-0.33266439264894448,0.93669928390508839,-8.8312293424562114,-9.4632343364365301,-2.08609597788372,,0.2573334506963574,0.1428571428571428,False,2
0.46867919599398572,-0.788522622673137,-0.39821085466761108,0.87625706538487702,0.35790570706423458,0.322609764597933,-0.11186316018026086,-0.50013556000701287,0.85869147836167403,5.9122609925413583,15.954331683449563,-4.1891490228628578,,0.3531129138457932,0.2222222222222222,False,1
0.86353480403202199,0.46824584700016458,0.1872257166963904,-0.49773737591389539,0.73174495288332231,0.46562520179661093,0.081025593757330108,-0.49527280431786669,0.86495069365796173,-12.175204539616171,20.714702424661212,-6.263612889536045,,0.5459980280051375,0.35,False,1
0.02150100155916471,0.98410695875288501,0.17627024895342103,-0.9925509732092217,-0.00013632972372568802,0.12182999218433022,0.1199177739677498,-0.17757667399845797,0.9767733884265406,-0.11050200001531987,21.875462936130077,-5.4267741372047702,,0.5477087978659847,0.15,False,2
-0.7802324784697634,-0.59834766674131423,-0.18225627354402801,0.61806419168282889,-0.78227990313029783,-0.077684027431018196,-0.096093363456493303,-0.17325767764713068,0.98017745466621586,15.954344239831254,4.043711654891899,-2.1728547635463444,,0.2935033404239321,0.2352941176470588,False,1
-0.8419092536690137,-0.51188771354883567,-0.17076234158686987,0.52124693578414105,-0.85332250072863192,-0.011930703494694023,-0.13960816782025653,-0.09905391697444485,0.98524001188029908,-11.158133091819408,-5.2912191409401785,-2.9092571048095666,,0.4524315873040372,0.25,False,3
0.59545094932969966,-0.79041752942595978,-0.14379949971582567,0.79834569751079931,0.56212583846590636,0.21600622443577261,-0.089901691910416415,-0.24342282330373968,0.96574479801160795,11.526446617646133,6.5791298727627616,-2.6195436798183485,,0.1496876743499834,0.4285714285714285,False,2
0.22502229598629436,0.97382460528179016,0.032103028779579393,-0.9667733191725566,0.21904856244448798,0.13178420477083611,0.12130257888905317,-0.060690736020987561,0.99075845639393667,12.683487292076755,-0.77550690943253842,-1.7396665167580019,,0.1374759535075455,0.25,False,2
-0.036582206595400936,0.95877869441793817,0.28178920719368905,-0.99029871611390052,-0.072605816624948596,0.11847720563630272,0.13405295604265441,-0.27472133248523078,0.95213339110324646,10.65495975303025,9.6787348328982468,-3.0397010208526432,,0.4215816651384878,0.3939393939393939,False,1
0.9531447387253692,-0.29693017765730528,-0.057858246054901162,0.30138426713761252,0.91553549442176396,0.2663874658759699,-0.026127199659981067,-0.27134337664718849,0.96212792360872168,-3.6800964771029552,12.345408862276667,-4.5023658485256508,,0.199722409651393,0.48,False,2
0.044606969334494082,-0.99262970447410248,-0.11267869400400976,0.98999215423265119,0.028806168916700625,0.13815114617743118,-0.13388708991006917,-0.11771352695421317,0.98398057538114769,14.639806624910596,-3.7735041442784993,-1.3095301056472377,,0.1006333344824038,0.2272727272727273,False,1
-0.49884845992721039,0.85452467735745441,0.14469896273086988,-0.85978768703459774,-0.50895787782696134,0.041557331742700709,0.1091574424945341,-0.10367957554414964,0.98860264938095221,-21.231998310074871,5.8047865357211181,-5.2490825115820252,,0.2956530760945967,0.3333333333333333,False,1
0.88537360302341395,0.45770782167146967,0.081345762336434382,-0.45382984289179751,0.81306743421274574,0.36463656032206654,0.10075741545982608,-0.35975671974747003,0.92758991252945155,8.9407707897742252,-17.48815445981241,0.21911778349328184,,0.5673825113999381,0.3,False,2
0.83897436219829025,-0.5405380998634578,-0.062774056504064479,0.54079396027426296,0.81537008866386762,0.2066724728723115,-0.060530257762971558,-0.20734073673130432,0.9763943397966155,4.3405075138495413,-20.954389968480623,0.47419329672440041,,0.1902718545612302,0.25,False,1
0.4713393143023567,0.86222113419326218,0.18551001736690445,-0.8595646400812329,0.40200641381938135,0.31549876825449114,0.1974534889917241,-0.30816482440175652,0.93061622631804031,-6.6157435518048695,6.8447922180813041,-4.1296186103929937,,0.4880438075228495,0.1538461538461539,False,2
0.66020332744571264,-0.74583528747253025,-0.088663918198884306,0.74214783637537107,0.62962627900900392,0.22975495151276382,-0.11553421741183714,-0.21748671854171978,0.96920140933914778,9.2839498447587001,-15.829613479605495,-0.0054922870559470831,,0.2235224835751922,0.1282051282051282,False,2
0.95207708901667276,0.2871188095030402,0.10541349913125829,-0.30460387368888975,0.92126056585770233,0.241858326152458,-0.027671225185411708,-0.26237713129215889,0.96456857935122253,16.035419261019026,-12.896099997104246,-0.15942873760979315,,0.3530191855196786,0.5,False,2
0.40512943788832284,0.91424932219373511,-0.0042796523910636278,-0.90506952680235198,0.40171485731334378,0.13955043915189766,0.12930309435608728,-0.052662608006218359,0.99020571575199723,0.58654542956113698,-25.791956930939531,0.9845547977400736,,0.09109655568654362,0.4210526315789473,False,1
-0.7177524527915754,0.67817801411854284,0.15781634160601843,-0.69134909584873294,-0.72108040267469997,-0.045601321775060349,0.082872457311324671,-0.14183664563406295,0.98641498456504639,11.791364114585173,-12.057777413994561,-0.40383386023567047,,0.314517239667219,0.5714285714285714,False,1
-0.2081308533961648,-0.97570880473352739,-0.068365753342280344,0.9687520442424109,-0.21527824876301507,0.12318584490793222,-0.13491117315009846,-0.040590688279490944,0.99002594480360107,14.956856779368314,-2.1288842616875092,-1.470624021243764,,0.07014086831652941,0.2272727272727273,False,1
-0.54213401235548886,-0.82975624175917206,-0.13264724614191334,0.8314734872872489,-0.55252837435274382,0.058002029908403169,-0.1214189136243593,-0.078847795129661058,0.98946474046196897,-4.884153048382645,9.8929012102766603,-4.3338145840953777,,0.727603718072821,0.3955555555555555,False,1
0.97653326401901985,0.21123409084554737,0.04198741631745203,-0.21087021538022038,0.89816867020695534,0.38578075654984312,0.043778265496241822,-0.38558163691146508,0.92163456138906608,-8.9346132439090589,-8.6186862728418649,-2.223584629439681,,0.3565791372812641,0.2105263157894737,False,1
0.20516088469813765,0.93404532586963807,0.29234968891886992,-0.96937988358074922,0.15273798539376146,0.19228559261377001,0.13495055649700416,-0.32284738970438892,0.9367806094610478,-10.880859794266785,-11.114274012244326,-2.0771517532681329,,0.2481639837137752,0.1875,False,1
0.31905702872947922,-0.89049736475076446,-0.32437178636598751,0.93974492598574444,0.25290951037212195,0.23003533130235079,-0.12280914665595991,-0.37822112967849775,0.91753293704496375,-13.397092914213056,-6.0292714897355344,-3.0381868709124049,,0.6800726076792013,0.6,False,1
-0.86327345681874168,0.50460241548791396,0.011633616633862164,-0.50174776274008459,-0.86043826714348925,0.08885477488818283,0.054846342973263892,0.070868827553956459,0.99597665030039106,10.758908396919299,-10.365951458099605,-0.63215608739980234,,0.1139370451503546,0.68,False,1
0.44107539496188058,-0.87807639980119678,-0.18556489989055297,0.89017685458391449,0.4017311298159213,0.21493549474182486,-0.11418258852518039,-0.25998833714032887,0.9588370044114366,-10.446843151840326,2.5932938068945361,-4.0382984440673928,,0.2466549512657489,0.2222222222222222,False,1
0.30876017650629378,-0.94892181773322659,-0.064919467293506117,0.94309787232087317,0.29657859766562944,0.15035803480536436,-0.12342429512719424,-0.10764998484235389,0.98649780746628979,2.5449750819083437,-15.10293341127964,-0.34632083193319041,,0.1177986210472973,0.4594594594594595,False,1
