axis_00,axis_01,axis_02,axis_10,axis_11,axis_12,axis_20,axis_21,axis_22,location_x,location_y,location_z,dbh,dbh_approximation,score,reconstructed,number_clusters
0.97215072659457125,0.21747206115143505,-0.087343387844721662,-0.20282235368777543,0.9674487651996061,0.15134721523142677,0.1174140435646345,-0.12941711375356579,0.98461421533588389,-1.6873615669518467,15.055783951132662,-4.1714951393099851,,0.1155992317183111,0.7,False,4
0.95138395826846078,0.30218625981655767,-0.059598895354834855,-0.28602663275013296,0.93857812788524186,0.19302814098741164,0.11426867159049836,-0.16659700547583514,0.97938149281034914,-10.61254062625439,14.979517709054617,-4.683103381098543,,0.2589856610227108,0.7878787878787878,False,1
-0.62757327264461815,-0.76629538089192639,-0.13763421335490358,0.76811272938472874,-0.63826228978425015,0.051225817675366894,-0.12710083563560032,-0.073570637234328495,0.98915759053735652,-6.7533451816122483,-4.4973912240319418,-2.339494824040147,0.5894123007670349,0.6129623675505371,0.9713804713804713,True,5
-0.95253391549989552,-0.2681735276928825,-0.14409059257006884,0.29017704210675743,-0.94293230521454285,-0.16332774417398427,-0.092067497286566435,-0.1973869976152029,0.97599280177460579,9.6083022396594089,-4.1328584679966358,-2.2523183913947644,,0.2509322663461551,0.5454545454545454,False,2
-0.10641865209007816,0.9495381693015954,0.2950463277634654,-0.99355336956460238,-0.11320784082509197,0.0059738264576432998,0.039073933947790393,-0.29250854656761072,0.95546427346643814,11.980498566396301,3.1663992257031968,-2.8226300498059751,,0.2866687284443221,0.5,False,4
-0.7766126799450408,0.62916413456860043,-0.032019324182854782,-0.62991100852066773,-0.77626923245357848,0.024863629871929249,-0.0092123120365006292,0.039478735016172786,0.99917794350579314,-4.2019490233739685,16.586983580714232,-4.4609259039191071,0.1864010178737313,0.1713955371753022,0.4545454545454545,True,5
0.72894374742492563,0.68049798278973783,-0.074588930205520224,-0.67177098361191867,0.73202610673811852,0.11340866206294926,0.13177540994882822,-0.032561856103890154,0.99074465270315148,-17.491392429135555,6.1374357756344953,-4.1837944356749874,,0.06985967831932888,0.5,False,1
0.17760568982484631,0.98261104270709576,-0.054145707973183299,-0.97782267223208785,0.18241060014398811,0.10290381248530937,0.11099117357133462,0.034668598258176322,0.99321651601454652,-3.3988496314043566,12.831265020570736,-4.0230288973656396,0.4074052016451222,0.3600970310260467,0.9246031746031746,True,5
-0.98485030915389793,-0.089962263927292146,-0.14824526848620834,0.094048470206784474,-0.99535085562316694,-0.020774009290299031,-0.14568717792323166,-0.034401530188438924,0.98873241117577348,-10.585349731452585,6.6465234626062779,-3.8043987371035191,,0.170785915045991,0.28,False,4
-0.49578125313256682,0.86827281750237262,0.01741446033598941,-0.86793749901507111,-0.49607758618037995,0.02432131355235681,0.029756458891575063,-0.0030566118398982767,0.99955250501326587,-11.079612655617179,-28.120305367867662,-0.060906283347667421,,0.5855473869785278,0.673469387755102,False,5
0.2959857082151231,-0.93712335611618003,-0.18491153548099576,0.95289230551866222,0.27626128558058577,0.1252036587831645,-0.066247374406244175,-0.21325927297754149,0.97474702762992305,1.3499814413214215,-12.473703426541078,-1.3930957867600779,,0.548804368864877,0.1739130434782609,False,1
-0.90212760157109206,-0.41054354111845953,-0.13273956203598727,0.41271949092981819,-0.91077951293267434,0.011970824063259625,-0.12581101815906956,-0.043984993668721793,0.99107865885697577,9.2658827976867588,-3.4236791413777921,-2.3294430439628009,0.6570228108159897,0.3990035456163974,0.3,True,3
-0.9321718911624709,-0.35237279932412013,-0.082999853150868608,0.34951239892232927,-0.93573866088342872,0.047267764149009871,-0.094322045811893906,0.015052203312843022,0.99542793955629338,4.6654539659331267,1.8807274393806308,-2.7547790756513604,0.5193674381649711,0.4797638687207799,0.8990228013029316,True,4
-0.061754606657154675,0.99678013342562899,-0.051144248597545058,-0.99411438553447296,-0.056857906262708389,0.09221587156688657,0.089010993871765892,0.056537988144330545,0.99442470748999101,3.1951378561980035,-10.717047443794966,-1.4834347230008758,0.2644861313252286,0.3309535427542011,0.8043478260869565,True,2
-0.91484245615256055,0.39768845797606417,-0.070051201369931468,-0.38299507009915829,-0.90950622814975035,-0.16159578347393525,-0.12797678188050829,-0.1210054186779852,0.98436763048673759,1.3609636968010637,25.699714961559447,-4.9824263359049796,,0.1827430487898669,0.7758620689655172,False,2
0.83117417655504022,0.55101902009295556,-0.074347345102901669,-0.5356876443745715,0.82942282893315555,0.15841880730817204,0.14895716126616199,-0.091846667551524722,0.98456891773364763,-8.6934800602923836,14.627080377033227,-4.5337535506192097,0.5659030010990774,0.22036365984542,0.3939393939393939,True,5
0.61572937015450169,-0.77828232794188723,-0.12310142461603849,0.78732686272464336,0.60143165396663756,0.13563324385682995,-0.031523863362729873,-0.18043443025185751,0.98308171706037584,7.774472189939913,21.391689200541869,-4.2559527287686931,0.483505386680886,0.3727224066791112,0.5918367346938775,True,5
-0.16972579372544805,0.98512543457818247,0.026852059351427177,-0.98222445576055428,-0.17131711412450509,0.076717435527614536,0.080176514330251455,-0.013353821745000424,0.99669122700796997,-9.7136623678852203,8.2010564966106685,-3.9481789830887433,0.1501232765740329,0.125789794940081,0.2380952380952381,True,4
0.91905498180806422,-0.32356519112295079,-0.2250411240359167,0.39146573061720652,0.81568038605150384,0.4259343723664577,0.045744094330493895,-0.4795529948863213,0.87631980630900086,-11.398320134324377,5.5086973547458733,-3.7260357767521479,,0.3085375715443563,0.2580645161290323,False,3
-0.90375616329397968,0.42778661150385622,-0.014946983849452991,-0.42627473159517049,-0.9026388961973878,-0.059438003625863253,-0.038918511169012383,-0.047345940582180862,0.99812008866607693,6.6291896255294409,-15.795173565828019,-1.0050717337628103,,0.2336112073260331,0.2857142857142857,False,5
-0.21137298499346022,0.97415194848920417,0.079683388919164003,-0.97471363097094676,-0.21613557375414724,0.056734040552387441,0.072489991132492063,-0.065676441839170208,0.99520440421702239,15.824639931689278,-2.9008506745123865,-2.1858442159030935,,0.2217704993650439,0.2941176470588235,False,5
0.97457311482435116,0.20984946094911128,-0.078552196665204604,-0.19388147759358301,0.96549596672789262,0.17386060760937361,0.11232638384498328,-0.15421005794544992,0.98163233520538118,-15.662286666697408,6.3134090094504334,-4.0841924989058738,0.2081841799296469,0.1677140211732795,0.4642857142857143,True,4
0.78206955907007869,0.62051097416679568,-0.057735047540530236,-0.60969659861056236,0.78101914714275,0.13520040472987641,0.12898551243703166,-0.070535258807110202,0.98913473038124111,-10.568927168758783,9.7802526651685131,-4.1490170314647701,0.1478070024918928,0.1622203707788933,0.926829268292683,True,4
0.94097465790101498,0.3275278655955921,-0.085394323268377273,-0.31576614061339481,0.94029803160697711,0.12700927603197443,0.12189519116925898,-0.092547874175694572,0.9882188286788357,-11.455850683230812,8.1633591811621731,-4.0611753117124652,0.2964494172311532,0.2752001224596642,0.8571428571428571,True,5
0.65918030796342786,0.75040443813728008,-0.048728849946548233,-0.74073056871902443,0.65911925224462509,0.12992319225479629,0.12961306322447161,-0.049547861148177573,0.99032593790994394,-7.909786279878559,11.0579364293274,-4.1149373160543137,0.2193530116244617,0.1865344758760147,0.8055555555555556,True,5
-0.025885265023925672,0.99779122670942133,-0.061176964262297288,-0.9951398972648734,-0.01990359273940389,0.096438746713767801,0.095008094004139648,0.063375980448220431,0.9934570686123928,13.556451998693326,13.138802533247183,-3.6077272697751601,0.2697382707580388,0.2982163215559472,0.9714285714285714,True,3
0.13161935943416933,-0.96140774276762087,-0.24160193784117034,0.97738686141652786,0.085167964832199405,0.19354932419590556,-0.16550307354393587,-0.26161339780831383,0.9508770492207187,-8.9741631099093304,3.3605666065901567,-3.3320538328058351,,0.3029886716743876,0.3023255813953488,False,5
-0.2073894794400313,0.97825845433052938,1.8666479712145523e-05,-0.97126678351215412,-0.20590953178171365,0.11934026968040193,0.11674947136303598,0.024731786273541979,0.99285341298913443,7.1681579888778009,-10.065088743679151,-1.5552159535215595,,0.2631196772637288,0.2222222222222222,False,4
0.92948095461715663,0.36701505473921953,0.036947321942831152,-0.34932917821363035,0.84364635009295452,0.40771308689251784,0.11846636760097481,-0.39186832682624889,0.9123622823077614,5.1689171840565393,-0.75506129515824705,-2.5262764891563396,,0.316673575810265,0.3069306930693069,False,1
-0.91925316494411391,-0.38203516224154893,-0.094988175849960305,0.37472895086939151,-0.92311495007915478,0.086238056104509339,-0.12063097496312812,0.043679786531445365,0.99173597500948429,6.5920974156024323,11.423656606007215,-3.5623596921868761,0.7201125921471253,0.3818899046808509,0.8617021276595744,True,5
0.56165968464552296,0.82582849119192125,-0.050454948018673201,-0.81701369109204214,0.56321594592614355,0.12359784311498609,0.13048765156921616,-0.028197542272236559,0.99104887437389111,-6.7160635847605983,8.1773174724784887,-3.7542626265138277,0.2484957453938145,0.220997835421732,0.7636363636363637,True,5
-0.15482458588673392,-0.96111844940996005,-0.22864967484952986,0.97967798781210202,-0.17923364457354563,0.090035220049240305,-0.1275162256398478,-0.21006338771113409,0.9693363633651062,-2.0458229616667931,19.146967310762289,-4.55839952041004,,0.1920572181738411,0.6129032258064516,False,3
0.40551301351685498,0.9123691357288426,-0.056051369634332188,-0.90582119424096863,0.40931768886116693,0.1093023039520168,0.12266686566610061,0.0064490119210951768,0.9924269496103465,-9.2067644704988396,6.191556011261472,-3.6930165094615641,0.1815231568615221,0.1638250779013854,0.5333333333333333,True,5
0.99491750007090185,0.05121098833151308,-0.086698343275854878,-0.039506235815014279,0.99050069452221678,0.13171040764774891,0.092619789377847442,-0.1276158643159907,0.98748962819387986,6.3965760187674512,18.511824180142732,-4.0869980853501673,0.3822819616226593,0.348663893340209,0.9416666666666667,True,5
-0.066502431801622408,0.99618802440744936,-0.056452161975024263,-0.99386680722876908,-0.06112523978230594,0.09215462305521617,0.088352679944435991,0.062234436518212408,0.99414318830734705,-7.2155298334160731,2.9888961701858698,-3.2173697158922816,0.1962786419021622,0.1716162407382224,0.7210884353741497,True,5
-0.51329255746210933,0.85339785217437747,0.090790177652463153,-0.85740704477610252,-0.51451814247841188,-0.011146328044446166,0.03720094114826903,-0.083565465143941184,0.99580766366450446,-9.7152505343911244,13.343567615725165,-4.4490490626256207,,0.2676982063687978,0.2580645161290323,False,1
-0.61419911280576733,0.78914082850831324,-0.0040252465540800975,-0.78857300543353481,-0.61354599758901351,0.041399564539063093,0.030200412747674807,0.028601776583199609,0.99913456223181185,9.6029407033707592,13.824847094003589,-3.6858780963587763,0.2242394719776775,0.2260640453767904,0.2631578947368421,True,5
0.86623687706157826,0.49581132947447254,-0.061683047779438296,-0.48281311074160471,0.86243494727407399,0.15197849129524954,0.12855027387998624,-0.10186798950171354,0.98645716571996156,-9.889035451696623,11.006499124124819,-4.2339994086715453,0.2393664794200493,0.2109139855808775,0.6,True,5
0.98527102475768968,-0.1007024058363617,-0.13820286983887664,0.15398997167088888,0.87391998348918154,0.46103248376125122,0.074351169444277165,-0.47552380373335484,0.87655519831054063,5.1920638652082838,34.705528479444041,-5.6844833622218349,,0.4276332458536694,0.4166666666666667,False,1
0.40315563742715693,0.91404585160592167,-0.044561341684350185,-0.90646101869641416,0.40554931060357824,0.11772076389839657,0.12567399728886813,-0.0070666704301948075,0.99204642460646431,-2.8747401701179434,10.302466722459574,-3.7742072569303162,,0.0872407887847636,0.3037974683544304,False,5
0.99513309938868644,0.045267359186531519,-0.087527028358931336,-0.033644803615647478,0.99094608481544866,0.12997647548152241,0.092618257869235221,-0.12639906321334751,0.98764626011951095,7.4799233884470793,9.382551158908905,-3.413611584248684,0.2266817146013916,0.1428228469627005,0.7724550898203593,True,5
0.97575972299872737,0.20424255558587215,-0.078599882068613805,-0.19159409002697653,0.97082400596513463,0.14419588797377003,0.10575758904297569,-0.12564126682567756,0.98642262972331318,-8.5731562954949698,12.476955239858402,-4.29276506581314,0.2544669214583182,0.1923436789627513,0.603448275862069,True,4
0.56642268201572021,0.82352129832060939,-0.031273255514193,-0.8105669243261967,0.56356228942695874,0.15930727266579625,0.14881735949306479,-0.064886186112163222,0.98673358935699007,-0.5607704383075478,19.536862824690026,-4.5114103035353512,0.1334391369712121,0.1554780271436031,0.2,True,5
0.98390656339237004,-0.13741448619333591,-0.11421529449963036,0.16293288484408042,0.95236904740036565,0.25777135719490907,0.073353592616867885,-0.27223235762477105,0.95943149516380632,2.6478997704731393,-16.518677027271348,-1.0105814102282309,,0.5195497420866786,0.3333333333333333,False,1
0.047262666889580189,0.99888175566650428,0.0012159420578553015,-0.99188280642824111,0.046787580197246811,0.11823460005989628,0.11804549390180896,-0.0067941545382532165,0.99298494491789213,-5.9783617936787818,13.64924987666712,-4.2516817570326566,0.1626606422008398,0.2184015399805301,0.7402597402597403,True,4
-0.37421166551742174,0.92608971626694314,-0.048202352798276907,-0.92594710785974776,-0.37029190297954773,0.074201482693767806,0.050868289108692427,0.072399889588296712,0.99607764413762279,-7.7491978273351592,18.560932336228497,-4.8786034647763623,,0.1772668737647688,0.8444444444444444,False,3
-0.52238789732512347,-0.84534000172059287,-0.11185332457850897,0.84276086162035713,-0.5318104703729235,0.083257154182952348,-0.12986537201714066,-0.050773074485979591,0.99023082160579701,1.8936364423747938,-6.2751710823852651,-1.9946921567165556,0.5315212819155659,0.3825456987390152,0.9820051413881749,True,5
0.94389037118906394,-0.30682984022357079,-0.12217371372333009,0.32498270005286456,0.9287808890045739,0.17819176436138667,0.058798059856784414,-0.20789783396719685,0.97638172800848078,-7.7077546226323301,13.769875530372051,-4.3575211306024881,,0.1766578173858406,0.5555555555555556,False,5
0.2451605445856615,0.9683164566735738,-0.04753469378884264,-0.96253612298102553,0.24897010047848669,0.10741555299113037,0.11584696515282597,0.019419804398327328,0.99307721344415756,-1.2421882884606479,16.109458760871881,-4.2290493609370561,0.2220941840111883,0.2189011839792882,0.9021739130434783,True,5
0.73739298916284235,0.67317213950684973,-0.055595414606411597,-0.66167310104343202,0.73643381138265473,0.14090404113432953,0.13579501790955636,-0.067115661690747674,0.98846102657957957,7.0456160317737941,16.116661125565404,-3.9423523912761773,0.3786008425725719,0.3761462359713572,0.4912280701754386,True,5
-0.58980750017802852,0.80746736540032293,-0.011116049082639454,-0.80753981126041252,-0.58970497104422526,0.011291605520403689,0.0025624135582959992,0.01563652580314185,0.9998744586684698,7.4631540339292117,-7.1971743702411297,-1.9094256910760126,,0.2386345590603358,0.7710843373493976,False,4
0.2805874193843122,0.94204145817013729,0.18392550440853775,-0.94841812408339754,0.24265471077760178,0.20401410060966099,0.14755935074871576,-0.23168207187031412,0.96153505166504327,4.7852603271736234,-7.9964932548650145,-1.8199765117286304,,0.7702223995727656,0.5454545454545454,False,3
-0.68747286919350614,-0.68297842959023991,-0.24682284909889954,0.725980588834373,-0.65488653413882392,-0.20994240171851047,-0.01825482836253664,-0.32351830260139669,0.94604580709570596,-7.5879944933777281,20.128330157565873,-4.9972980487611016,,0.4577525287956398,0.2608695652173913,False,2
-0.045192987184606237,0.99804922857734868,-0.043073556220645078,-0.99523063824119906,-0.041250253541499422,0.088399057058201225,0.086449815588867024,0.046863140301553308,0.99515339293283289,-8.9220379230382996,9.5692406282019515,-4.0399143990237087,0.1107129374041214,0.1138858476263534,0.3939393939393939,True,5
-0.99213335068226416,-0.057278568682049412,-0.11131298232335414,0.051238237173210424,-0.99709319685544939,0.05638971391985019,-0.11421933949802653,0.050242634826573894,0.99218426722575992,-6.5553834911943278,15.454775928234215,-4.4700082624313211,,0.1642878550782995,0.4166666666666667,False,3
-0.23868262576411686,-0.93048869815202695,-0.27788736345809917,0.96416125059400548,-0.26120913811461083,0.046506655635797561,-0.11586063615978956,-0.25682789719337201,0.9594872298326228,4.0198057176596649,0.0015468989348814688,-2.6284728106234212,,0.206996082170298,0.3932203389830509,False,1
-0.071496578049324674,0.99707657573348285,0.026954432860465852,-0.99247820309040391,-0.07380721593852084,0.097670421652861911,0.099374321218713729,-0.019768586165861773,0.99485373160245172,15.974720905865814,5.3765493971369471,-2.8723227931676489,0.4748980550272217,0.4243733709676631,0.9743589743589743,True,4
-0.67899297188311891,0.73258927350329883,0.04776505502183967,-0.73400206815683744,-0.67870539282202869,-0.024493952228690219,0.014474393763322838,-0.051690870588576944,0.99855823356626505,5.8038443780831832,-9.9675050068472633,-1.5208124776700149,0.8811913824561465,0.4194233056808902,0.4666666666666667,True,4
-0.10516512547971946,0.99257304988773454,-0.06114766569049386,-0.99072568237544245,-0.099252523491634798,0.092798485236866859,0.086040215391114408,0.070339727161142923,0.99380551624467606,-8.1885809042968916,4.9308211195423439,-3.4395489729734434,0.1917458285337018,0.1140723234452628,0.7333333333333333,True,5
-0.93489350975473384,0.35113084505989833,-0.051780836860728388,-0.35131731126304749,-0.93623876178213938,-0.0057556705560839472,-0.050500220052775435,0.012810565333692285,0.9986418863588955,-0.90205871343546817,29.148699817391897,-5.4774269497585095,,0.1227820265932923,0.2666666666666667,False,1
0.34249901711109448,0.93442594373768506,0.097686124643531089,-0.92957495643779953,0.32195055987537124,0.17955009707487934,0.13632616638634684,-0.15230230683043555,0.97888670625998919,0.071348528101043751,21.516007632769973,-4.6735265073194272,0.7593414331576207,0.3845994733473527,0.2045454545454546,True,5
-0.11789984897613617,0.99282164400168105,-0.020119861162656925,-0.98929774949776994,-0.11567921223333111,0.088928525770557404,0.085962715464630468,0.03038919312644324,0.99583477971552659,7.5772812325169197,-2.5415947485137669,-2.4000179236156129,0.2405206878979393,0.263436664066551,0.6578947368421053,True,1
0.31845036934015852,0.94765602650887404,0.023182270995943111,-0.94124137242552874,0.31320354324462368,0.12636541984862945,0.11249018224549127,-0.062061227190782303,0.99171284300343243,-2.4456524735665472,23.310982294567982,-5.0148305438133409,,0.1928544159249992,0.35,False,4
-0.56587022714160307,0.82303470678326518,-0.049038326489554952,-0.82407386092713109,-0.5626811726613361,0.065514652323861,0.026327889610884239,0.077483994235259104,0.99664591147808779,-5.7669104753671174,11.224276349805381,-3.9872999395900188,0.1743407946407585,0.1601848401441791,0.6388888888888888,True,5
0.24627321948174791,0.96866613822665293,-0.032177849821874958,-0.96204438487940869,0.24834714029130717,0.11311188899108306,0.11755893368049999,0.0031000906751316171,0.99306106889239754,-8.3858149050335982,7.5556406855683838,-3.8010438271530447,0.1893170934477239,0.1900711342469845,0.6266666666666667,True,5
-0.17936659344376479,0.96119510264433372,0.20959866366207813,-0.98156747147394685,-0.1891421874850634,0.02739583650135001,0.065976693616933993,-0.20082133244731465,0.97740363634143668,12.007081745371128,6.5008300097884453,-3.0744839673414157,,0.4267115482379185,0.6739130434782609,False,4
-0.53121431649585849,0.84589994243585243,-0.047588205858799526,-0.84650804688342951,-0.52758878477821725,0.071233424302399539,0.035149345818088748,0.078124013998677605,0.99632382382702023,13.224392232244986,-3.3398552014876306,-2.2203578707019278,0.4282072100952471,0.3934393702786918,0.6363636363636364,True,5
-0.86658834965909448,0.49901778704100469,0.0024249642935335602,-0.49902367897476013,-0.8665781916364953,-0.0041959030633053063,7.5909109841509892e-06,-0.0048462353141008885,0.99998825690387882,12.448632796768086,7.9376992987879991,-3.1777322545448459,,0.2205507891208736,0.40625,False,3
-0.33064369344618777,0.9419300313512563,-0.058673367236632655,-0.941642149230564,-0.32510665725974142,0.087268116731378867,0.06312535763627794,0.084103968063453091,0.99445548506671411,10.103407286153008,-5.8314295061180612,-2.0675451443360044,0.3810459320523132,0.3296848983571183,0.8461538461538461,True,5
-0.42550717936721255,0.90281738195560624,-0.062164420256156656,-0.90356810837022672,-0.42004975149316864,0.084397155205479357,0.050083069426796321,0.09208138307688761,0.99449117896914419,8.4812791342364537,8.0687814913826479,-3.2892797411878649,0.3989894360089519,0.3683588380722774,0.9385665529010239,True,5
-0.38256259679173382,0.92249407310979725,-0.051483440184781529,-0.92224030798238421,-0.3779018195738133,0.081627379569339353,0.055845088132450822,0.078707686029356599,0.99533231952518342,7.3884454394585886,1.9947916617582824,-2.7654532466203863,0.4288739261251097,0.3717025153320227,0.8781512605042017,True,5
0.1770288541459831,0.98356498304390572,0.03550646320885191,-0.97785743194325414,0.1716816073794013,0.11966732419908541,0.11160478302072972,-0.055904828212475582,0.99217892670093999,-14.392660564851427,5.2987008951854069,-3.8980219273542285,,0.1086369459862761,0.3793103448275862,False,1
-0.43559211840088913,0.89960106671269147,-0.031263831441685729,-0.8994494614051427,-0.43362905937864621,0.054373755069795686,0.03535778224133207,0.051805015507948741,0.99803109550915114,13.992006570657027,1.819548370720097,-2.6208076331626762,0.5052241755463267,0.4799611152392917,0.2777777777777778,True,5
0.81871035554183247,0.57406183131160404,-0.012898354923622637,-0.55838507153552164,0.80118752089429757,0.21518519523778118,0.1338636082542175,-0.16897209886374473,0.97648807682979133,-14.15708910713262,0.089723533971127589,-3.278864237966399,,0.1119911654172286,0.2608695652173913,False,5
0.99305175156588876,0.059921002311259908,-0.10128026557003053,-0.036447526545609142,0.97494405756361902,0.21944398472069204,0.11189189658160707,-0.21422781822957113,0.97035387636468484,-1.3889406808367892,24.96983646046839,-5.0974420159225931,,0.1407784975265382,0.35,False,4
0.07379066537426901,0.9948308179352654,-0.069760887249771614,-0.99222609406309059,0.080266440464896671,0.095103505694587004,0.10021135646186924,0.062200821709587316,0.99302001078262592,-3.3531720139042145,17.87732084337798,-4.5229188722572289,0.2610778613545846,0.2476095397775472,0.8977272727272727,True,5
-0.94453196276415596,-0.28438589746546122,-0.16426817293576418,0.31486014055903261,-0.92636141172503295,-0.20668242971754724,-0.093394128316699646,-0.24693966102990994,0.964519746094602,-7.4870960333477727,-9.3238831041697896,-1.8258461724479766,,0.3242211677416502,0.2608695652173913,False,2
0.59899697806975671,0.79898924756243772,-0.053092396281488055,-0.78952618358113835,0.60036339839430997,0.12732711929608326,0.13360773070112181,-0.034350722671380549,0.99043879273221691,-6.8282056434634644,17.630586195027099,-4.7178416783217711,0.2312987076553172,0.2742272397450919,0.8095238095238095,True,5
0.40500193017944303,0.91385821890097008,0.028923905304651151,-0.90776236406099997,0.39811698474609791,0.13217547749510752,0.10927454847909476,-0.079787356165134743,0.99080424446550885,-12.211710290038264,3.7668616657954619,-3.5715138696841722,,0.1495403825023994,0.2549019607843137,False,3
0.63296208967453882,0.77165551997644399,-0.062504012069028975,-0.76299130994606623,0.63545379389786927,0.11850205385389279,0.13116117558800486,-0.027317289592651568,0.99098461729114862,-6.2814234414458712,5.5075356992515427,-3.4732568757530466,0.1755666774381592,0.1435194475461835,0.5773195876288659,True,5
-0.80779222480523383,-0.49620885823354133,-0.31819567966076495,0.56637257299439747,-0.80296832058442869,-0.18564478095957401,-0.16338246571745912,-0.33017971643998301,0.92967065391336079,9.9978954585033843,-8.5560624139246944,-1.8373977200581433,,0.4971264614474746,0.2272727272727273,False,2
0.88073820957090576,-0.45943610228235671,-0.11497249289039416,0.472398908037575,0.86952174829154427,0.14412217363377422,0.033756153316730389,-0.18124678526145749,0.98285814080448308,3.7495033130193791,-3.7318292148454382,-2.2575989728522812,0.3465460732022226,0.415947185166886,0.6590330788804071,True,1
0.98024902036268047,0.17836939655599598,-0.085417893033349082,-0.16765715254175498,0.97858184339346743,0.11945147542929439,0.10489488681340731,-0.10277127104835501,0.98915879845832122,11.185278830658852,8.8204309411871762,-3.2997548291342027,0.3387962123839241,0.3103256073841602,0.7477477477477478,True,5
-0.49104882976019443,0.85225355900567645,0.18037438275237949,-0.86624180760553604,-0.49961916470436452,0.0024126782641929606,0.092174712082203208,-0.15506308852293418,0.98359506964517263,9.746171918410198,-1.9915421823404449,-2.4409397638425916,,0.410418692663403,0.1228070175438596,False,4
0.54200152061015516,-0.81723069120878111,-0.19587840361483963,0.83923479368817921,0.51420532872683056,0.17685542392613382,-0.043809961417920949,-0.26024388034178791,0.96454850060803587,-4.5599050099133684,20.550828670888123,-4.8461094965206239,0.4449646961007869,0.2364270666408905,0.2857142857142857,True,5
0.97688288218584152,-0.19247285931665317,-0.09302705476771797,0.20390017453883377,0.96964158209237428,0.13498118795014197,0.064222685363641577,-0.15082904462957475,0.98647151301029123,5.1013023799077262,12.676280547283971,-3.6718946840723299,0.4438469282345537,0.4208805536960544,0.9772727272727273,True,5
0.86074294796026118,0.48827940012931953,0.14389164307224672,-0.493127836534273,0.72970652269760894,0.47365950594028111,0.12627950891457571,-0.47865605411601714,0.86887390770259532,1.4395211217859258,27.592333253303675,-5.1743017086640455,,0.4730288781023662,0.1818181818181818,False,1
-0.81111219254121514,0.55949141726460272,0.17048860700418739,-0.58488098691263146,-0.77420548579853499,-0.24190927412474267,-0.0033529478207111954,-0.29593110645334275,0.95520340136235449,5.5525256747498979,9.7404898820374459,-3.446460994820725,,0.3817883408438031,0.2315789473684211,False,2
0.60759305040723377,0.79324758654439964,-0.039861654987184719,-0.78389919521030238,0.606995754239949,0.13060706750905551,0.12779959642139857,-0.048108427288365715,0.99063254659756006,10.779009726788965,-14.016417284099298,-1.0599854652436047,0.354822312108484,0.3822914492062906,0.3333333333333333,True,3
-0.90708063243810333,-0.38569620833716745,-0.16865100394015894,0.4029882177481382,-0.91142814365058655,-0.083061635655850272,-0.12167671351524206,-0.14330796850133076,0.9821698445544701,11.007111948477942,11.174605203942605,-3.4650070976242526,,0.4723022152884649,0.1785714285714286,False,1
-0.9452668630437866,0.32339252567393639,-0.043449188365159375,-0.30743398699320057,-0.92730660598421921,-0.21351066048207568,-0.10933847114727378,-0.18846679504957919,0.9759740600502228,9.9640393511923744,0.57204965144281572,-2.6303420783493503,,0.3346071680803182,0.275,False,5
0.46687943602269888,0.88430484992239111,0.0053408447706246309,-0.87502924965888007,0.46109221817853646,0.14736953069279207,0.12785696876018815,-0.073477198768964719,0.98906708407494881,24.0852485857611,9.165645886688452,-2.9900119361861308,,0.3542228163476575,0.6428571428571429,False,1
0.76172177879898584,0.64742902491132459,-0.02481107425488225,-0.63450031395390616,0.75316512123096457,0.17364230980248452,0.13110790706782147,-0.11652449469325657,0.98449619544251044,-14.787929706242199,16.106474105441567,-5.1312487796197033,,0.416339870391057,0.9347826086956522,False,1
0.98604776623366996,-0.12185690324879117,-0.1134050168035183,0.14088431243723723,0.97377848090584351,0.17862553186427985,0.088664610835882215,-0.19211029450637118,0.9773598219335593,-3.6039238527029753,22.164910278819423,-4.9328774151646533,,0.1009127937692799,0.2941176470588235,False,3
0.3961546972592408,0.91775270934901776,0.02813219369294459,-0.9096595837270941,0.38812738561945714,0.14790731647101119,0.12482346563403028,-0.084184897783054005,0.98860103449893666,10.416250448067972,18.252099350119334,-3.9511441606645388,,0.1337214545428706,0.3846153846153846,False,1
0.65521485501505294,0.75399533320030909,-0.046738969605237088,-0.7447214695292147,0.6550651472550264,0.1275914796293198,0.1268204502036322,-0.048792318697787364,0.99072492804321977,-4.1582646509829635,4.4599617797289515,-3.3443537349851433,0.2702538699302793,0.241434735821889,0.7264437689969605,True,4
0.64709843890610053,0.76205586800246705,-0.023118486289010483,-0.75087872066287065,0.64227424851568249,0.15383412023769769,0.13207860243422886,-0.082186639647953169,0.98782619880341249,-2.8917370964372324,-27.160462566106101,0.21917288651862449,,0.2375084149303904,0.1818181818181818,False,1
-0.88559467794600455,0.45658111034921428,0.085180725906692387,-0.46272309018016977,-0.85147945204071429,-0.24671863441288536,-0.040117430224616453,-0.25790779830149202,0.96533629340631821,6.1538566046747505,-11.902949862752319,-1.3589007356109828,0.4898276117994984,0.3442424075124655,0.1428571428571428,True,3
-0.14500869564666805,-0.95140676156809234,-0.27165723297819477,0.9810134599371626,-0.17398616803497177,0.085681997844504018,-0.12878303307878336,-0.25407476729306233,0.95857234626083754,-6.7621459751193029,-13.616187908399619,-1.3610697984763107,,0.553935164697555,0.2075471698113208,False,3
-0.053979973615736705,0.99825721020301894,-0.023847530818326523,-0.99271054604065045,-0.051072136440532323,0.10916688444338145,0.10775868516328188,0.029566520882348082,0.99373733280721377,0.44651140545305307,24.178914894599604,-4.8973572351989256,,0.2563885295525952,0.8611111111111112,False,4
-0.52890174049379468,-0.76241780348198662,-0.37280295309498168,0.83867779295247691,-0.53679169840167817,-0.092055592635134381,-0.12993270762590459,-0.36134992107477487,0.92333294429921475,7.084197200337063,14.552139796267866,-3.8061953392742374,,0.5595006875396353,0.2142857142857143,False,1
-0.91723563936654551,0.39272174135037941,0.066696444782087111,-0.39655283619741349,-0.88435396921277709,-0.2463004369492543,-0.037744270818650873,-0.25236420310402963,0.96689589874610404,-13.005898924882237,-2.6519869831862772,-2.9196448122962986,,0.5329939151188311,0.3333333333333333,False,2
0.26312304736802861,0.95653855318849201,0.12569907799116903,-0.957588145269885,0.24308059805047436,0.15471511526029541,0.11743596545498707,-0.16107705955688281,0.97993008674199034,-8.6228084156888958,-4.4630658381960862,-2.4172164221704611,,0.6899551243301771,0.4024390243902439,False,1
-0.9682166716658237,0.24734268945034713,-0.037122374436780022,-0.24172459506789606,-0.9634966072735266,-0.11508044104740912,-0.064231587615573307,-0.10244941067606803,0.99266228970607628,-11.375021972515507,-3.5081292537053499,-2.6900840350328443,,0.2521280884719551,0.2,False,1
0.7525321672078622,0.65824568562179631,-0.020197887952199456,-0.64225340721491919,0.74034037137245501,0.19851119725829774,0.14562245101036236,-0.13641389913196897,0.97989047851550615,-3.0162839708652673,20.553502189458257,-4.7539509972628018,,0.1946364763194084,0.7096774193548387,False,4
0.00059560421685273738,0.99977407243054872,0.021247337509774325,-0.99591784916531068,-0.0013247951857803305,0.090254543551329197,0.090262300932116221,-0.02121435865995315,0.99569205481267564,-12.441261015422695,12.237536182135585,-4.4999208442846639,,0.19963811177336,0.7142857142857143,False,3
-0.052009826615110777,-0.91095176126972632,-0.40922104854839836,0.98811204795432828,-0.1063049886882633,0.11105777805940532,-0.14467051746285428,-0.39858015256604629,0.90565131444582891,8.7863864531735203,6.359440428062471,-3.1135887393874051,,0.3686569024380767,0.1707317073170732,False,4
0.26335169980263001,0.96465921161939239,-0.0088593255340904953,-0.95780580744435972,0.26255461382791995,0.11693207422914732,0.11512565933328839,-0.02230874706310125,0.99310039893635693,-20.067866761054162,8.4258128669902685,-4.6381837126229248,,0.2348443436063748,0.4210526315789473,False,2
0.54242344992794889,-0.76626524982911959,-0.34440436680242548,0.83946450316751364,0.47836248316692137,0.25781521021867021,-0.032804708350816857,-0.42896025643723057,0.902727505677834,-13.308489088798542,10.965420015995761,-4.4529668727879193,,0.3614464028908107,0.3571428571428572,False,1
-0.26311336542898545,0.96433070583089286,-0.028942127156189747,-0.96207554703433806,-0.26002342876893714,0.0824527639914166,0.071986100958531751,0.049538937038832137,0.99617463076804469,-0.05053329505596113,-20.157499659528952,-0.37060574428995746,0.2347260863105801,0.3424384112719445,0.7142857142857143,True,4
-0.53380352961726107,-0.75787403036310541,-0.37507432046107725,0.83741665822276157,-0.53537580909216309,-0.11002764911573908,-0.11741861989981961,-0.37282663147915923,0.92044183442558025,-5.0119781112146136,-33.531884019732956,0.70549557627879567,,0.4043058262221646,0.3076923076923077,False,2
-0.90327356088792554,0.42652283608864622,-0.046638444396717445,-0.42534741313809321,-0.90441938102070174,-0.033243967435661992,-0.056360024286544741,-0.010190855166724119,0.99835849980525104,-12.583083693006369,-36.135800964250166,0.51249388277257535,,0.3862877511797797,0.4444444444444444,False,3
-0.35088081330964599,0.93641913892739748,0.0013605519591807225,-0.93470800080351935,-0.35032672214349186,0.059934472435198179,0.056600424778001798,0.019758137631591746,0.99820138645079104,14.44968248209444,-6.701657146467233,-1.8110748542034629,0.2511101183868738,0.2193011287477483,0.4166666666666667,True,3
0.1427318481263164,-0.92131482376498552,-0.36167197160042752,0.98631735242881291,0.10194175055356786,0.12956064136878742,-0.082496665558454932,-0.3752157712636402,0.92325913218704136,2.4812682905847083,27.457338482920065,-5.0886855394786483,,0.6533132236353107,0.1785714285714286,False,2
-0.22488255452315342,0.96671470047654373,0.12202673704434053,-0.97153209120579909,-0.23203644473225593,0.047796276772394612,0.074520013609966032,-0.10780434220643649,0.99137530298722365,4.2440289572458845,-12.948174042645599,-1.324383483152541,,0.2717885286972769,0.25,False,1
0.80607436645923058,-0.57922641284872534,-0.12141201915687666,0.59165731098313767,0.79344439698941027,0.14278520667882846,0.013628723254753006,-0.1869298037887776,0.98227873150034983,23.888329876309204,-1.3103109562727329,-2.1018647249095159,,0.3562202054905698,0.7575757575757576,False,2
0.53928251771839775,-0.72408215675241683,-0.42997604160705971,0.84146684574557828,0.44314652616497741,0.30911923890127191,-0.033285336024962198,-0.5285131849071345,0.84827230285152178,5.7631830852151555,5.8919449639652646,-3.0886678163459451,,0.4217934348998637,0.2575757575757576,False,1
0.19582772321523498,-0.92539952375613899,-0.32447992888967725,0.97755169194297864,0.15798272585569792,0.13940641273135404,-0.077744404298692477,-0.34449554389442544,0.93556326768269737,-4.629967034017624,-4.0268231682981632,-2.3147415033590084,,0.5979692925867437,0.1875,False,1
-0.44875941937744968,0.88612411609815078,0.11575419814972705,-0.89244307515962662,-0.45111352784349051,-0.0064763103871064154,0.046479469872665879,-0.10621033784840515,0.99325677597209694,-1.8465839153074013,13.546389612878848,-4.0111224770534744,,0.3660352142742584,0.125,False,1
-0.81392437996390954,-0.54710896065024195,-0.1954453603352545,0.56722364277662307,-0.82109764423714537,-0.063686715282138776,-0.12563615234311865,-0.16269739950110562,0.97864452863130746,2.3790709402981234,-10.849625865325207,-1.4823988369503684,,0.3224357995954013,0.2068965517241379,False,3
0.97768459344254688,-0.16834705186583179,-0.12566664582603249,0.19287646176694964,0.95638673979511091,0.21936972088312909,0.083255667923240878,-0.23871253438427253,0.96751476458320407,-1.0332155549336326,17.314972186542882,-4.3394201828690147,,0.2118967368984694,0.5238095238095238,False,3
-0.29026542784020398,-0.83011058425054951,-0.47609074693377024,0.94931610699910329,-0.3124858140854585,-0.033934421866532158,-0.12060228187232158,-0.46181060393906082,0.87874117673899255,-16.840114911134062,-0.35648640780595664,-3.4246334669120002,,0.5440264510585537,0.3928571428571428,False,2
-0.79047935763797861,-0.56636310014482183,-0.23318495651005175,0.60534954775294147,-0.78038880790903342,-0.15666918499062382,-0.093243284924746844,-0.26500216467920318,0.95972889012042262,4.8268546982014096,5.5093258718399643,-3.0647506217096758,,0.3817450754608844,0.2427184466019418,False,3
0.95147908139386228,-0.26488289967359402,-0.15660334329254047,0.30242915114068758,0.89888887617796476,0.31707317266498414,0.056781741873736566,-0.34904990723967322,0.93538227268093987,-8.4520774305225057,-16.362047310534368,-1.1205439080238186,,0.2938285851400564,0.3157894736842105,False,1
0.79708727642805877,0.59829969985380171,-0.081788403281579686,-0.58971785710532232,0.80038642227283863,0.10777023732177619,0.12994122812874331,-0.037670203027541024,0.99080585032399648,12.376315324157709,-19.781117482163282,-0.35921643443862256,,0.3154259212739586,0.6470588235294118,False,1
-0.016688047477744293,0.9370528186329955,0.34878865257250052,-0.99526750914837248,-0.048966499165850594,0.083933707132690952,0.095729276112253833,-0.34573732377543592,0.93343538000422122,-16.235848009201717,-0.69030749756704946,-3.3674784309798382,,0.4611810869122324,0.1666666666666667,False,1
-0.27133087025470448,-0.8457628596135085,-0.45941783176668877,0.9552315187470044,-0.29512370001541122,-0.02085059427222867,-0.11795043212772179,-0.4445078030671612,0.88797551124639107,12.14906603801724,12.456138310302771,-3.6132651207807664,,0.1286405547888974,0.4,False,1
0.85486939555479424,-0.40309602936228422,-0.3266678858659684,0.51814339769072548,0.69595386608842102,0.49716761329162545,0.026939487249974012,-0.59427418536307053,0.80381120708644493,3.3180089646110327,-15.001211248307451,-1.1595011445185612,,0.5081603391004705,0.25,False,1
-0.99573679598326015,-0.0043669144009694707,-0.092136654940403004,0.011723945123069035,-0.99676912716894495,-0.079459777457603825,-0.091491979078734284,-0.080201229301521765,0.99257089448702962,6.0939559663028353,36.248844530179717,-5.7602449290354159,,0.3857715936854433,0.2,False,1
-0.8721595268099025,-0.46060819896176847,-0.16485704972467252,0.4728932865966135,-0.88007596769044394,-0.042874591375107574,-0.12533833925252269,-0.11535327538880344,0.98538516457804193,-10.638533825786832,-2.0001144239134256,-2.818027835115859,,0.9051058227463844,0.3536585365853658,False,1
0.96764273786601607,-0.20316961927671906,-0.14963167331188498,0.24408622863744112,0.903993598937608,0.35102348364373415,0.063948767343182195,-0.37618835559169705,0.92433374723229889,3.8846340621445035,-8.1323167442349753,-1.8091967543389205,,0.2247670304844013,0.1948051948051948,False,1
-0.68283537516714299,0.70365873480622076,0.19646942599614919,-0.73051155130174528,-0.6610930257490113,-0.17119837826549333,0.0094193330477918766,-0.26042349401873494,0.96544853820802323,14.327110228378981,-1.5935579423490571,-2.3140308733366841,,0.7354146352763804,0.4347826086956522,False,1
0.70155003062836729,-0.5861943360703481,-0.40522062494940025,0.71259952990394271,0.58140274525424884,0.39264838951854186,0.0054281217763106487,-0.56422251653923627,0.82560492205661806,-12.122553969278727,1.0684233379739771,-3.2572222235662127,,0.6954264330899909,0.3076923076923077,False,2
0.88129636445763548,-0.38988908101162545,-0.26702663256998382,0.47134578680550515,0.76578634767921172,0.43749790738794769,0.03390969263285052,-0.51142719346554488,0.85865729981728001,-8.7271656436203973,-7.1302088241756847,-2.106886709578935,,0.5381071373413722,0.1875,False,1
