axis_00,axis_01,axis_02,axis_10,axis_11,axis_12,axis_20,axis_21,axis_22,location_x,location_y,location_z,dbh,dbh_approximation,score,reconstructed,number_clusters
0.44949967942034358,0.88736752136815444,0.1026105268573704,-0.82298928295952689,0.36672359358454443,0.4338230584491819,0.34733079093966407,-0.27945068962050679,0.89513609788447901,-16.875116319751697,0.62337337046307639,-3.1253955179144004,,0.3230650314365148,0.2666666666666667,False,4
-0.65113437828130016,0.75858269179997795,0.024006689103732454,-0.72445653457170722,-0.63064891161091585,0.27828884239278961,0.22624489151487279,0.1638116295794215,0.96019737506304237,17.837285380488392,-3.626526838761583,-0.29463529585038634,0.2498014795606683,0.198181027761509,0.5625,True,5
0.99610378903098185,0.075958363072544458,-0.044805898690478949,-0.051100844073772037,0.91122478629816361,0.40872740619001191,0.071874510176209119,-0.40484529874410852,0.91155599875801618,-11.048479884711462,5.7020353566961557,-4.9903779593954036,0.4520985458616353,0.4394592848590756,0.8303030303030303,True,5
0.060089940063896327,-0.97693175942186561,-0.20492324547501853,0.95755235808628902,-0.0015670644623281479,0.28825514016641168,-0.28192672918065803,-0.21354597102700934,0.93536914511417746,7.9789377485641513,6.8775834690452688,-4.9668435207100989,,0.4510234591342491,0.7619047619047619,False,4
0.34072822075159837,0.94005839304558203,0.013946227016907023,-0.87623070502546441,0.31214705582151414,0.36712936018866332,0.34076976267566172,-0.13731144601422562,0.93006533944635028,-12.1941377095538,0.01430843354021738,-2.7111738997014969,0.4301434187428152,0.4338962779197123,0.9556962025316456,True,5
0.2748407808542514,0.96144498649437315,-0.0092780991728543313,-0.89805622573790977,0.26014335604852512,0.3547117840123053,0.34344950224568305,-0.089157008970950871,0.93492965893619406,-2.8571861628839992,-1.1798317054117835,-1.8122715757949936,0.6560896934507333,0.6040173838160976,0.9990766389658357,True,5
0.77434648880326851,-0.60873977569518212,-0.17269453021051037,0.62505391055685289,0.69340558968108734,0.35846380165451769,-0.098463821658696077,-0.38551857761410513,0.91743136099588518,2.863669493017575,-10.454148483413789,2.2425980631199973,,0.3410476209907026,0.9629629629629629,False,4
0.92689063049794729,0.37313298694610547,-0.040565171610583803,-0.32400546345461478,0.85000782559747867,0.41533980795802289,0.18945769645669985,-0.37183123924130485,0.90876141576191338,-17.792455111250646,6.4014102880952679,-5.4637498012012493,0.4135898687958746,0.3717963720492107,0.7567567567567568,True,5
0.60486949114015442,0.79172020392342013,0.08551033497366306,-0.72548382211393514,0.50359905761456425,0.4691068247432329,0.32833842683853809,-0.34578477101974897,0.87899190530517013,12.381141276070625,5.72511052971414,-4.4055888325855879,0.5292247815597367,0.3362076972446409,0.8805970149253731,True,5
0.18816923074547462,0.90909941108012282,0.37165925439094094,-0.91814159100388337,0.028462802015286698,0.39522890553487638,0.34872390148871935,-0.41560573826068908,0.84003780322987465,17.192266231999859,1.2004589691697827,-2.2193161346171535,,0.2935773053547106,0.25,False,1
-0.72440394368874261,-0.67374834490657076,-0.14595236929852762,0.63341094738958914,-0.73406775209377906,0.24481647628991227,-0.27208362334991842,0.084898192393258451,0.9585211520009026,5.4333427644297156,12.271676877688126,-7.4284755713243653,,0.551372192879759,0.3526570048309179,False,1
-0.99511555689830056,0.093667451559600448,-0.031167883106084013,-0.094893745604160903,-0.99466266613116927,0.04051367238410003,-0.027206717262422995,0.043273422826987942,0.998692748252754,6.9271421891636642,-6.9277489366990439,1.0105835882942593,,0.3645667537568292,0.3055555555555556,False,4
-0.99870120679538199,0.0061030116035047871,-0.050583127570520081,-0.020040670716022266,-0.95982813539559231,0.27987197433875488,-0.046843047111604447,0.28052219832374797,0.95870382558166123,8.336347344051358,-4.3257417840788959,-0.076612790402262265,,0.4721169280628016,0.6293706293706294,False,4
0.96946140880944376,0.24520991889941429,-0.0040831975891409411,-0.20891545165617725,0.83445901967770664,0.50993379819131124,0.12844808635594659,-0.49350809532556233,0.86020395776794234,-1.7532774328300198,14.590585718038296,-8.5071855180413163,,0.2921424554436143,0.1428571428571428,False,1
-0.54065471733737491,0.84075846413250921,-0.028595132634525386,-0.79671675697500999,-0.50082920414083465,0.33824919428563327,0.27006459556199702,0.20565824386394341,0.94062202874200884,8.129484366489331,3.8379355564166397,-3.5476267743369574,0.3279404258848742,0.3257806647685446,0.9812206572769953,True,5
-0.59867386545928614,0.79370073848451483,0.10783663823197123,-0.77112706640352335,-0.60752460076287773,0.19046497559342193,0.2166856023734231,0.030870652682484571,0.97575322317019531,-18.103884784040368,2.8966033390193626,-4.1429736718231815,,0.2435486445212466,0.5517241379310345,False,4
-0.49137273723452579,0.87002965502030161,-0.040015403133094915,-0.8237226943127659,-0.44931384694051907,0.34582942301317976,0.28290237888142028,0.20289274588502743,0.93744374641386707,3.307218009125684,-4.066994743658662,-0.33923502013257206,0.5660870283319144,0.4844295343319323,1.0,True,5
0.59566475089115356,-0.7722888647927636,-0.22080175239994038,0.76331488973776518,0.45867373381042192,0.45493822109933774,-0.25006775811848198,-0.43953192742906738,0.8627153650654924,-11.312731866165597,-0.70137044504322632,-2.3725549900022527,,0.1524586546774699,0.4285714285714285,False,1
0.93801500189791398,-0.33200490622866163,-0.099501751012508091,0.34258231353472662,0.84457152202020314,0.41150492420586293,-0.052585308477290718,-0.4200853323225846,0.90595976671139933,19.683378736741645,-5.9104959902462149,0.90019977376703297,0.4107664848201094,0.2397740337336607,0.725,True,5
-0.80071058168871057,-0.59573130590926437,-0.062982343012699102,0.54638031415846222,-0.76936960300790547,0.33096671474267336,-0.24562393342633987,0.23059623831949291,0.94153824043480716,5.4216417691079251,-10.507842762437795,2.3831886589021662,,0.1135770974820033,0.5151515151515151,False,4
-0.79966530930582957,0.56245208175967576,0.21019764227274229,-0.57585058220093799,-0.81754900722870383,-0.0031189354277517123,0.1700926220376818,-0.12353653914356089,0.97765393847965398,5.02310885654971,-12.571617345020716,3.1232324446231674,,0.4820533761841233,0.15,False,1
0.97102460202329444,0.2304302469209773,-0.063349219169938825,-0.18623633414019131,0.89576140102662349,0.40364283751460833,0.14975730403398216,-0.38014919930832286,0.91272084240128726,-17.668970941176177,-2.3331578914341224,-1.961821568038874,0.3890976969087293,0.3118571932157779,0.6875,True,5
0.96630358579734588,0.25684021595208884,-0.017043577819173296,-0.19881530990878288,0.78677426184293187,0.58434470430336483,0.16349266840157808,-0.56126585890395719,0.81132655756343719,14.524845847260353,3.0713930714161428,-3.1085316267830967,,0.2920731967937219,0.375,False,4
0.77523120879037255,-0.56806338375433585,-0.27626176889861487,0.60565182139124907,0.54419280096177325,0.58055151935624338,-0.17945039471363711,-0.61738009962984253,0.76592386594110373,-7.7536995257431798,-4.3612332125044935,-0.71138684964174248,,0.4885439718503083,0.2380952380952381,False,4
0.99512901067438375,-0.078044007900500409,-0.0602277755279748,0.097204686013751235,0.87855504509901283,0.46764546586921896,0.016416489612262643,-0.47122199180630087,0.88186185613559243,-11.55168012495168,-7.583368693273588,0.37888033832023826,,0.6894627583930254,0.3,False,3
0.48451162581456775,0.87471099588922319,0.011364775449058187,-0.81220743573740828,0.44498902151625547,0.37723182800881117,0.32491162765187104,-0.19200376142276146,0.92604912926697569,-5.9033486633729897,9.9268746129041343,-6.5237097588997601,0.8663140198823597,0.8273860660802896,0.9982876712328768,True,5
0.639065307796851,-0.76427825475125855,-0.086453928105596364,0.73105821529059667,0.56862928334657004,0.37711354255302909,-0.23905944496431231,-0.30420303653175113,0.92212314488804503,-15.340440218433491,-1.3528923243554856,-2.3674956440774846,,0.3372773632509554,0.9204545454545454,True,5
-0.13916610613214919,0.95913861015995372,0.24634512660990251,-0.91282488772412806,-0.22069093097771908,0.34357857519877699,0.38390561243025551,-0.17705547007822472,0.90623829165398351,22.833263744213113,-0.50653700619652664,-1.5168523564644156,,0.5873534398554698,0.2631578947368421,False,2
0.28353800902095139,0.9589478728720332,-0.0050174251004088156,-0.89483936588319413,0.26645651372477636,0.3581388495533559,0.34477341357215785,-0.097056186860196278,0.93365485586803476,-0.22576327491945225,8.7908788536956841,-5.9400041716431016,0.4469560155107131,0.3695637302293509,0.9164265129682997,True,5
-0.99326530181274619,0.10770022040450387,-0.042716539415738247,-0.11553608189170633,-0.94833699296092555,0.29547988351653204,-0.0086864259593904224,0.29842521727671023,0.95439349101793525,2.3906163740009898,-1.0584336780136279,-1.6639900464904807,,0.5235608752131824,0.9718736477715275,False,5
0.84262324266882993,0.53527659439498232,0.058864576845308207,-0.4892280252889899,0.71525139368203006,0.49907051917314316,0.225037797238826,-0.44932661987559219,0.86455975992702416,7.3617038508385857,-17.273485526142622,5.1196423366161952,0.4122781637229628,0.385681121026375,0.3611111111111111,True,4
0.7406180566628221,0.64529728078460546,0.18728671484378914,-0.61939554709264188,0.54761968960131113,0.56254940387735752,0.26044970797985467,-0.53263880348032999,0.80527129257179597,0.29156668991996515,-6.4258588593910524,0.5478542878568412,,0.3952424192511028,0.1333333333333333,False,5
-0.34526767010342441,-0.90907194387340595,-0.23319184557693884,0.87298712408941093,-0.40230121779711803,0.27576658850022856,-0.34450503211920058,-0.10836019112747022,0.93250970602099692,-5.2051069392537848,3.1694779859350444,-3.6173887905753439,,0.2002638269370192,0.3461538461538461,False,5
0.94606901798227494,-0.31398044895724786,-0.079810343231058664,0.31699713483093217,0.84636970709610759,0.42798497102004607,-0.066829856524117839,-0.43020297137822622,0.90025506035473724,19.561833914830292,1.3233668547929853,-2.1900515747804987,,0.07281087172782191,0.25,False,1
0.5054059931315128,0.86127240918265169,0.052674655076806881,-0.80641046447222564,0.44972790119692974,0.38398825200088371,0.30702922482467171,-0.2365473569197423,0.92183426006947988,-14.883354333274346,3.5365002875178613,-4.1810277024553528,0.6179193725102924,0.4496764769332448,0.4285714285714285,True,5
-0.41434094285480039,-0.9065249502568905,-0.080833765444506198,0.84651002274163312,-0.41647953821634687,0.3316105783069333,-0.33427887230896791,0.068973247051599601,0.93994698080211103,-21.91365790898374,-2.3330545806373855,-2.196428063808495,,0.2836448317695164,0.8387096774193549,False,1
0.2803877844114,-0.94085341105629128,-0.19020396751016638,0.9176093450339835,0.20456356242906987,0.34080322597157625,-0.28173707647232282,-0.27008999950029666,0.92069300633314222,-16.951334500428452,-8.1189640479793574,0.34643593520763422,,0.3798416113082529,0.1290322580645161,False,5
-0.38422864500570231,-0.85915219852709368,-0.33797314704447096,0.85253941270750877,-0.47067004849532651,0.22725812467268003,-0.35432315495521666,-0.20081634698268097,0.9133060257367811,1.8219227936999489,9.9756124781898468,-6.331846672913974,0.4672530987229372,0.2789358104074586,0.1833333333333333,True,5
0.19465778613338788,0.9803054165309848,0.033311208589039618,-0.91962167410788298,0.1705845484533518,0.35383172319618633,0.34118077731411645,-0.099509809310340744,0.93471571883774207,-5.1311183127217141,4.9259497543929953,-4.4443476297655025,0.2561673632931508,0.2414308371070915,0.5538461538461539,True,5
-0.42669705144743664,-0.8963175184483726,-0.1206007147931384,0.84127618160953843,-0.44231596592851452,0.31082305664348886,-0.33193977246262607,0.031168772951103797,0.94278549789980537,23.749051201056886,-5.1853107597333299,0.54144298363934251,,0.1479017565688534,0.5625,False,3
0.64453771817771333,0.75749648964497018,0.1037795645674707,-0.70558619174984905,0.53702749815516049,0.46233060923667385,0.29448133363290013,-0.37121494366573721,0.88061354165208694,-1.8757745817639293,11.95316751546223,-7.3506832611004995,,0.2339382129827636,0.1428571428571428,False,1
0.50750819318871421,-0.79798748050168655,-0.32504063562714375,0.81676627608073904,0.32537185257595957,0.47647246280188171,-0.27445998634323576,-0.50729590823685833,0.81689814382370363,-1.3456282727539663,-3.865007651255369,-0.56352113314686481,,0.1520542652552681,0.3571428571428572,False,1
-0.26233208775013162,0.96497665729261783,0.0013880263045648253,-0.90841772690310674,-0.24744105787415119,0.33697204086735894,0.32551360829441434,0.087137671293682495,0.94151363083954565,-2.9844254967232873,-6.4941922690078853,0.41467350371362061,,0.6237579291912604,0.8529411764705882,False,4
-0.68977005645388234,0.6999736847927851,0.18507865845963689,-0.69617628651675278,-0.71141895712608039,0.096029399318043329,0.19888651867673754,-0.062609168971093143,0.97802057475770765,14.15910189653442,7.136164704650457,-4.9828282419355299,,0.3870861164856633,0.2352941176470588,False,2
0.67640237037861195,-0.68738643702979529,-0.26453680185123191,0.71027511640392971,0.51371858017343475,0.48125095262448475,-0.19490790739110336,-0.51341319283017361,0.83571394691266687,3.3392414246632431,-13.812035311246964,3.5842233593504553,,0.3227126571184924,0.1904761904761905,False,2
-0.77419815958781779,0.60738215734084089,0.17805652089946741,-0.60603781836648685,-0.79250014315928496,0.06827653917783455,0.18257976996487169,-0.055049414497334886,0.98164870985657393,-18.456908156351826,3.6678870969464987,-4.4790872783914759,,0.6702797268909008,0.3333333333333333,False,1
-0.96704392071745771,-0.23578049674995663,-0.096091689316771894,0.20613637435842005,-0.94655783563841889,0.24806462657516754,-0.14944514234250852,0.22008139663282705,0.96396593730607094,-5.2096411585148834,1.7931440367331035,-3.0798284481732479,,0.1364661914320968,0.1666666666666667,False,3
0.41876002683053476,0.90266344122644404,0.09919048241703475,-0.84074250421573671,0.34409815537341448,0.41802930647702879,0.3432085102877579,-0.25844761817793527,0.9030020748172235,-0.622840899615003,-23.549600192817799,7.1561438384092257,,0.4578859593459974,0.3157894736842105,False,4
-0.77348865414933832,-0.57194824204122952,-0.27311263304393857,0.56815857488465282,-0.81667587800427088,0.10117481935241882,-0.2809112594526717,-0.076913709518534393,0.9566468238596797,-4.4089821816453592,-5.7813370172582683,-0.032494636772234249,,0.4599934183434573,0.2553191489361702,False,2
-0.72609844777894195,-0.59017692724306969,-0.35280623390600574,0.63170069564459486,-0.77520530156381739,-0.0033123329370043919,-0.27154240047393274,-0.22527302319025944,0.93569054166833121,19.792634011965824,-4.5880176255978027,0.35296516468813932,,0.2573353665423147,0.8,False,1
0.41571322712209807,0.90879064692701972,0.035806044932419526,-0.84658561045631531,0.3722706281091942,0.38040423711559312,0.33237827390496105,-0.1884519554293814,0.92412690877974313,1.0666289170790701,-15.231975806355551,4.0122950544300675,,0.5213998486057622,1.0,False,5
0.99354337529341608,-0.080865440406767575,-0.079576013712584201,0.11329094136698385,0.74461859840487565,0.65780567458311023,0.00606003422007758,-0.66257371171619672,0.74897219743317145,-12.828494611135,0.9643121272379197,-3.1417264409419605,,0.2126826633206572,0.3076923076923077,False,3
0.90146903698379344,0.38803287783251855,0.19179171275246909,-0.42512561584100883,0.71043134965106469,0.56085248344709082,0.081374357848863821,-0.5871267181401133,0.8053945807681504,10.260846917266344,-4.1609243185223166,-0.054913649893854062,,0.1542179683078498,0.5555555555555556,False,2
-0.2290164227670963,0.90959789930367441,0.34667440010087963,-0.91712407408229957,-0.3209842002282764,0.2363314958749641,0.32624363724316086,-0.26381964442807493,0.90772478448712468,-11.295808176481474,-1.8292014557931586,-1.8746416630218623,,0.3679324010333707,0.2857142857142857,False,1
0.62068627665539966,-0.72116022842603478,-0.3076954190561933,0.74852296507878302,0.42821155978596548,0.50630843446987717,-0.23337077092327582,-0.5445757844434328,0.80559003114269978,-3.899919331800235,0.3384106515206573,-2.4269134321680355,,0.325660159128213,0.3170731707317073,False,3
0.53907703282070862,0.81436515843381119,0.21495427749708726,-0.77687283072577562,0.38217326880011199,0.50041202772790949,0.32536834136919546,-0.43675276913113165,0.83867899764507514,-7.6319955818997158,10.357094452876799,-6.8130208077728796,,0.7227141855374914,0.3666666666666666,False,2
0.48331221496310062,0.87534856262825289,-0.013198362478483404,-0.81017341985009306,0.45293725016542963,0.37211137738717981,0.33170518934117821,-0.16915301155235407,0.9280942441621447,-11.267433760440971,-6.2061554552375018,-0.14422527516183514,0.570590659558145,0.4967297329666192,0.8879310344827587,True,4
0.019590854839367892,0.95020597921915984,0.31100610197039646,-0.93766267989484353,-0.090497095123111188,0.33555770667159329,0.34699408804629983,-0.29819267735884525,0.88919976947280011,-13.383397565069146,8.8466155347742426,-6.311137983877396,,0.2687872910486144,0.2631578947368421,False,1
0.55044965284889136,0.80912226541011689,0.20573366106725235,-0.80263360392689054,0.44506235498465863,0.39711307964211029,0.22974872692980558,-0.38371950666223587,0.89441313870102779,-14.166936097467914,-3.0595022814996651,-1.4917870439476122,,0.3939192940849725,0.1578947368421053,False,2
-0.99636277668330797,-0.054704853486974188,-0.065334495061170297,0.047909236338891478,-0.99369169114946421,0.10139786986886126,-0.07046930050279801,0.097898937407343734,0.99269828031540386,-16.684473844549853,-0.8176492691011189,-2.5555793456349258,,0.5694728577661721,0.3333333333333333,False,1
0.46067864083520277,0.88122762606642002,0.10589174158343351,-0.82408648105900362,0.38036638202144912,0.41976527627199228,0.32963109928224182,-0.2806408496374958,0.90143444126610006,-12.632765364308856,-11.180470525454167,1.7392048575999506,,0.3601643152825202,0.1428571428571428,False,3
0.62599663088680146,0.77948473657285255,-0.023059999313204391,-0.72074615897008831,0.58960856146142626,0.36453630625940675,0.29774685967821418,-0.21157809362346289,0.93090360287756091,-10.285484655087265,-13.084873114169975,2.6404561485275653,,0.4622482473326433,0.9591836734693877,True,3
0.035390548491578071,-0.97394919380958511,-0.22398767143556192,0.96313638104348476,-0.026567339930293456,0.26769850197468159,-0.2666754967894982,-0.22520467208006198,0.93710566911388771,11.795272960973914,4.5602686476186758,-3.7560750944802868,,0.2515520763576974,0.1538461538461539,False,2
-0.99319352110054226,-0.07182217245926624,-0.091696265938906202,0.081882863592738775,-0.99042587592868236,-0.11113856639689046,-0.082836141229297514,-0.11789045692563288,0.98956556825311293,-0.70720311168497973,-14.868229269864738,3.8074737283537337,,0.1854475714149188,0.2222222222222222,False,1
0.1119441250290084,0.95473985787555293,0.27557270665880457,-0.9243660366585339,-0.0017328561644645024,0.38150285383166982,0.36471350830985794,-0.29743705383371971,0.88233511539722442,-8.9027303969039089,-7.2839370843601525,0.4446115708621407,,0.820977352668796,0.4388489208633093,False,2
0.92463179933653039,0.38049732833911698,-0.016667896762542388,-0.32531565349094166,0.81178069613388015,0.48495548968761737,0.19805494502651072,-0.44298293930036342,0.87437998275312712,20.691885099724079,1.0994214302784988,-2.1652854609245153,,0.6373836273849648,0.7166666666666667,False,3
-0.94121725502963194,0.33774341293340138,-0.0062821854941713592,-0.33005989251598078,-0.91552811555943225,0.22993202685257835,0.071906510044810773,0.21848948862655518,0.97318641440007925,20.080522994853435,-0.64664411267605137,-1.4438650928850363,,0.5807623965017832,0.3488372093023256,False,1
0.049775124393808094,0.90987230262753394,0.41189176964689456,-0.93615800252780057,-0.10120717611487043,0.33669764152130938,0.34803826125117265,-0.40235494332010258,0.84674663760249902,-2.3638544602470972,3.1069364079387114,-3.4555353409123026,,0.2961563594020495,0.261437908496732,False,1
0.91844492408406841,-0.37929285410031888,-0.11223124454733865,0.3914664735527747,0.83094999350444587,0.39531773091921452,-0.056682638509203798,-0.40701233288856986,0.9116622397402665,2.6438038121099852,-11.029251518961468,2.4686553502738744,0.3211041791586517,0.2609520975804584,0.875,True,3
-0.93012094495492637,-0.32366096977904957,-0.17354712442976522,0.32580376279463813,-0.94528810253041973,0.016802123773326405,-0.16949022362664587,-0.040914298920110788,0.98468222500401914,-16.58008063812434,9.5970521814077774,-6.7074224287568676,,0.5479962107999905,0.2857142857142857,False,1
-0.99349653706129226,-0.065815056788985013,-0.092913987897862566,0.079156794033381397,-0.98579767489207726,-0.14811193785692117,-0.081846397633483614,-0.15450347076113968,0.98459628514289277,-8.583925941004102,-5.2645819300798609,-0.40577307884127328,,0.6476578223472415,0.2592592592592592,False,1
0.80417222227647034,0.54357416209884257,0.24048735354996223,-0.54255097884864689,0.50600927374595184,0.67051700219567101,0.24278688652663741,-0.66968779679910251,0.70183529588434501,7.5521979334126073,4.88307771671239,-4.0858135845662682,,0.5303175705407528,0.2794117647058824,False,1
0.95957925336913674,0.27314728784405651,0.067810144130255351,-0.24370850667770291,0.68595027812108866,0.68562262194192891,0.14076157244238915,-0.6744351526196104,0.72479197335132572,-13.67054991116288,-5.8210008663766848,-0.46575270183805428,,0.376232663761582,0.2083333333333333,False,1
-0.91000593677140573,0.4004125443294842,0.10751274056773301,-0.40090466197317665,-0.91594391924329155,0.017949618642506326,0.10566289343458649,-0.026768099387653389,0.99404165999529615,-15.648471487965562,9.9374095794540676,-6.8826577987165942,,0.6343150343012083,0.5517241379310345,False,2
0.36288344579483983,-0.85829755438669897,-0.36282352859465522,0.88030909456704587,0.18808337140978618,0.43552329836838566,-0.3055675093831362,-0.47744104718063524,0.82381948488515799,9.8836018592255304,5.2814933859120341,-4.2095788319277165,,0.3274148579826872,0.4324324324324325,False,1
-0.65455256231888326,0.75330625863696021,0.063957985116564656,-0.7198647261925758,-0.64686612580170877,0.251712119839266,0.23098856929613104,0.11871771556374469,0.96568648373364618,13.832669031181629,-1.7454554931995647,-1.0209174733387427,,0.1132989864855698,0.1333333333333333,False,2
0.68645417295212241,-0.67972505065499922,-0.25836896862563852,0.69938493826263981,0.51985911648095551,0.49051728526424399,-0.19910142281757084,-0.5174170025460112,0.83224892244347193,20.287314089217038,0.14373821546753096,-1.7841143273799906,,0.2598224947268282,0.2083333333333333,False,2
-0.25693610953910262,0.93967023411132933,0.2258399582449277,-0.93742046857913008,-0.29914813122265638,0.17819444625149616,0.23500361849085491,-0.16592241172051714,0.95772806818274525,-13.785397110592863,-7.9340500173168538,0.4122325667333176,,0.5187614952901604,0.2068965517241379,False,2
0.3610858352960849,0.9215184609203696,0.14290117470294672,-0.86850839307930638,0.27652210956364887,0.41137415338505456,0.33957354240183313,-0.27265224940466376,0.90019473459649146,1.4036713770901217,-17.002154910482766,4.8146074092619031,,0.5293429200432197,0.12,False,1
0.47229605662169405,0.82760766478990222,0.30331829499818241,-0.8185294105662938,0.28412927173742031,0.49927964206440545,0.32702605238359089,-0.48408275131734452,0.81161434865300219,-11.267421610899984,9.681335810879995,-6.7067453319153065,,0.3485848928361279,0.2222222222222222,False,1
-0.89153516270305366,0.43801112662936498,0.11537463591671986,-0.43825181481535125,-0.89851453790072799,0.024636801580030676,0.11445698089278948,-0.028598568669027262,0.99301647589301967,5.9130378934616381,-0.69809095422613365,-1.6877335770153441,,0.5076494056386347,0.1308411214953271,False,1
-0.46950833025137778,0.83372459930796583,0.29062900807272463,-0.82059379446349512,-0.53352974407242748,0.20487029232666709,0.32586462267722044,-0.14230005164715362,0.93464589176257074,14.354073192336919,-4.6939544661136976,0.20120575692778817,,0.379189168781473,0.1282051282051282,False,2
-0.92886409100115341,-0.34157834967250134,-0.14330293606068095,0.32882793221134526,-0.9384729383022713,0.10554968058650191,-0.17053941317540675,0.050919299968794816,0.98403431517629303,-12.829676467305466,-8.8297428981558959,0.7989400627380896,,0.718494884221965,0.4102564102564102,False,1
0.82941009341897731,-0.48708124470552028,-0.27355211202044272,0.53694752553920611,0.55995408076675357,0.63098239456420968,-0.15416306870339397,-0.67022629647663146,0.72596863552027624,-13.895225004373069,9.6507552678688349,-6.6839331016835883,,0.4633134841373918,0.3,False,1
0.41121057087793661,-0.80638811413981559,-0.4250224414925331,0.86204985113108223,0.19247702499477048,0.46885248107911537,-0.29627001293266469,-0.55918762881808726,0.77429534107708842,3.8214356891280503,-10.243207879250809,2.1925746048666341,,0.1885554123275534,0.25,False,1
0.80678557271605278,-0.58392215832527294,-0.090177340135903242,0.56692240071250277,0.72206198751741579,0.39651668029576326,-0.16642124632271002,-0.37102749116359951,0.91358774596271897,-14.132929832234474,-16.831980094720478,3.901059943578852,,0.09110675447217811,0.3076923076923077,False,1
0.99381301398138833,-0.091151705921921414,-0.063459118720260749,0.11042511628846463,0.87221128767096745,0.47650158798479536,0.011915827034144823,-0.48056095988633546,0.87688036635519218,14.765907184102437,8.2707284901882012,-5.5472826958194341,,0.2843145542293891,0.375,False,1
0.47732979761931837,-0.79566754802442818,-0.37292012191016843,0.83231453683984147,0.27328966920436826,0.48225021355230824,-0.28179562819493942,-0.54057923538271546,0.79269496920521587,-13.572081988001511,10.789552025665223,-7.0997719029613204,,0.6456233777902848,0.4090909090909091,False,1
