axis_00,axis_01,axis_02,axis_10,axis_11,axis_12,axis_20,axis_21,axis_22,location_x,location_y,location_z,dbh,dbh_approximation,score,reconstructed,number_clusters
-0.93378660875018593,-0.35591612059939298,-0.036963284706680997,0.21001884010372723,-0.62876362527441809,0.74869779639936018,-0.28971478408999735,0.69136099009797414,0.66188014417297392,-8.4307553602492771,2.8730611684415672,-8.0247146612957625,,0.6429479705127965,0.2954545454545455,False,3
-0.99682748961378831,0.027996836211468708,0.074505926693257923,0.049244474334802821,-0.51847280276816488,0.85367495836366958,0.062529494622632867,0.85463567088664871,0.51544925293414334,5.0358141915508545,3.7995861731990779,-10.765635311500253,0.4184371035329541,0.2912418245003334,0.7735849056603774,True,4
-0.55103575839283125,-0.78757837489089177,-0.27582584428704315,0.38933750877930084,-0.53499702363468171,0.7497962983101214,-0.73808935585738267,0.3057752248077904,0.6014362931049142,-11.546932945497169,2.6714533097402757,-7.451081884205732,,0.3208809452492059,0.3636363636363636,False,2
-0.79086617474424703,-0.61075254017333247,0.038884808308951815,0.32084903319585079,-0.35968537648719601,0.87617482721118622,-0.5211397044389251,0.70541318715564538,0.48042235985039694,-12.045682829482486,-6.7595544660893427,9.887451561617171,,0.3163454484149116,0.125,False,1
0.99192363621495006,0.11690824697666016,0.049193106295036232,-0.07154062357934407,0.19542478897537044,0.97810586903044883,0.10473509008918218,-0.97372563571201887,0.20221015617726701,10.405540836429163,0.1532060977439087,-4.2945772629093844,,0.3973116401406393,0.1612903225806452,False,2
-0.83823414199905599,-0.54352949632873238,0.044036459981931925,0.29187470191418019,-0.37898193406556219,0.8781696032284616,-0.46062205936061545,0.74896487252244326,0.47631810605710279,-4.9422947590454589,1.7254642518927097,-6.2039858252076474,0.3422832735492657,0.2922503606005352,0.4538461538461538,True,5
-0.34374211008571026,-0.93865062944577238,-0.027863194269134181,0.39484702482642187,-0.17139007445433746,0.902619116440739,-0.85201947673720868,0.29926650032971069,0.42953739422879234,4.6883294529747621,5.2554383195223124,-13.559376627842775,,0.4388682056509071,0.6907216494845361,False,2
-0.011782349798654302,0.98620532825818041,0.16510671321420312,-0.43968142583267344,-0.15340877510008205,0.88495536130363117,0.89807651122327536,-0.062167501457493293,0.4354236807427489,-10.599467551756854,1.4748251559060113,-5.3520034625191153,,0.1649753807357444,0.3333333333333333,False,5
-0.12418245592660433,0.96615366424218363,0.22611018267967992,-0.43786661392694659,-0.25784474925243456,0.8612716840179403,0.89042211677843375,0.0079487328770354235,0.45506622770478405,13.079805602729012,-2.6128857701324697,0.584351105256118,0.1975261345467112,0.2689549542449242,0.2105263157894737,True,5
-0.37005499943592063,0.84215360312644783,0.39222009909440275,-0.34985828247323636,-0.51744012051081245,0.78093207378787655,0.86061517507963969,0.1517663679044145,0.48611571667221787,-10.341052504186115,-1.2310238897453574,-0.24214888373778093,,0.2354343386533274,0.1904761904761905,False,2
0.17144787115087054,0.96531130858596192,0.19692563315599831,-0.46028990543311871,-0.098242830606735443,0.8823160143569565,0.87105615802553371,-0.24191408340655285,0.42747952677919249,14.993409997380244,-2.6052661370880248,0.24104512323588076,,0.2817349839662339,0.9333333333333333,False,2
-0.24124088383499656,-0.96951435862765389,-0.042950487556241916,0.44439975321621128,-0.14970648536391751,0.88323090275496696,-0.86273500874131703,0.19398421754048034,0.46696726655872522,-5.3013381727743925,-2.5029322151677906,1.8129413722501806,,0.1464462858796653,0.2580645161290323,False,1
-0.064678437541355271,-0.99704698602324693,0.041400572208234773,0.44859046525496343,0.0080092763339072066,0.89370154188909379,-0.89139401736804658,0.076375121306400409,0.44674774386211319,-4.2791154277130339,-3.8913927509538739,4.1664931599714636,0.4240459504059979,0.4193664293690818,0.8858858858858859,True,3
-0.96580880048889683,0.21912967787130641,0.13854798870504695,-0.057024935966417126,-0.70087620191713873,0.7109997934347313,0.25290614380877025,0.67878916746087081,0.6894082597137593,-6.7739189239954962,0.067253891001520127,-3.1806417451443556,,0.2812466713097289,0.4027777777777778,False,4
-0.94246111102866315,0.32395514314408053,0.082584014367896919,-0.082752731219209175,-0.46539314442183705,0.88122710273851512,0.32391208633575247,0.82368822157152044,0.46542311284461008,8.0395276746030984,-2.9391517227064412,1.8663265586168836,0.3719389695138455,0.3646055595747517,0.8450292397660819,True,5
0.60916522318447475,0.7197392600409811,0.33300619876853743,-0.39691800729356169,-0.086825638751774098,0.91373814845471746,0.68656669475639287,-0.68879365996719788,0.23278631325804969,7.9158440690561376,-1.3029684178814718,-1.4320852878375911,,0.2739385569217154,0.2878787878787879,False,2
-0.8966562908793374,-0.43415502272265177,-0.08670012843821033,0.25205486744830635,-0.66159887413080054,0.70622607821042216,-0.36397230639449113,0.61138886642917389,0.70265767923244404,12.690299211290075,-4.1316940415427403,3.6701553262734596,,0.4081753906872882,0.1290322580645161,False,1
-0.88704723053275925,-0.45378825746069418,-0.084990753585019507,0.25993109340425719,-0.64302506389485714,0.7203850316911663,-0.38155345298638038,0.61692380777029698,0.68834728002685419,8.6547426788362838,-4.1098727314066075,4.1112027292777249,,0.3476240192654794,0.2857142857142857,False,1
-0.68813436481180956,-0.72451590297946922,0.03934211858673025,0.35954913839039782,-0.29339426660069784,0.88580145710456026,-0.63023449052536851,0.6236958478743333,0.46239374595310712,-13.762426260412877,-2.3023515991728565,2.0592645921753574,0.2324934931311328,0.1359290954265838,0.5,True,5
-0.91164747918853839,-0.40544918062708785,0.067155309678436276,0.2402071392494898,-0.39309310312793144,0.88756878185683719,-0.33346574628102355,0.82528102740949794,0.45575412434246132,-0.13902167747598626,4.0593367919277359,-10.646456256295645,0.392746489247953,0.3619214116495109,0.9632107023411371,True,3
0.35211752697938614,0.92234926873945788,0.15901280970321188,-0.43726350994752278,0.011899101551788874,0.89925471044117111,0.82753481501523263,-0.38617384406255267,0.40749956085823863,-15.574263279139048,-4.2531138682432079,5.654267217674418,,0.1599545368299623,0.1904761904761905,False,3
0.80902872402455128,-0.58689487756756775,0.032045692193408998,0.20543854053953536,0.333435312678387,0.92011732856198869,-0.55069731229069097,-0.7378179280445919,0.39032957265853352,-8.4050350924689017,8.5192840068784168,-18.303063149874333,,0.2625134827923242,0.6451612903225806,True,1
0.093309221204797357,-0.98626618758103068,-0.13628057995376303,0.43881056395728824,-0.082129254337785715,0.89481845898562395,-0.89372181253320748,-0.14329617167356254,0.42512060522404715,-3.3330369659750532,2.4252060441495624,-7.6151361708027245,,0.4842502808850317,0.2,False,2
-0.99722806914214757,-0.019146423911074163,0.07189987876513193,0.072246494552508658,-0.48026010219064347,0.87414568480814814,0.01779387928186419,0.8769171276097012,0.48031211640437771,-6.2125352407652334,3.1046883253708479,-8.5415730429667196,0.1870656471615977,0.2729780269212841,0.7410714285714286,True,5
-0.65896015708319877,0.69237006571407511,0.29393060997448561,-0.28850856533479302,-0.59354061801692315,0.75131374437883724,0.69464690246581062,0.41028432442292534,0.59087431322361494,-1.0931987216489742,5.6294006953041844,-13.607152987188638,,0.2877279538750314,0.103448275862069,False,1
-0.98478604160162075,-0.15848395954062752,0.071269115575657294,0.13902728168386924,-0.47252694553194124,0.87028139167389351,-0.10424906337327806,0.86694931819257992,0.48737153432593477,9.1435877581410683,-5.1316285731334865,5.9740650545376281,0.2303375604492242,0.1835807144907955,0.7894736842105263,True,2
0.93916476573194063,0.32840370139052799,0.10060095288151999,-0.18993245393691707,0.25252820737386228,0.9487650749379658,0.28617338406841702,-0.9101541151879412,0.29954011560604993,-8.8640559427482302,1.9550408924431353,-6.2766399098353505,,0.5269459956847031,0.2195121951219512,False,3
-0.80411104411823964,-0.59435280156266157,-0.012254631846460529,0.29189231126077869,-0.41269684783908706,0.86283265492824512,-0.5178844536708137,0.69023623424034997,0.50534110617263828,-11.22225243140997,-1.9160902462689633,0.87449026548094566,,0.4175687471052301,0.1486486486486487,False,6
-0.94491285643576695,-0.32619207490499363,-0.027173958334680434,0.20313624069922245,-0.6494866449256389,0.732736491364955,-0.25666195950508014,0.68685211532935697,0.67996971271564799,-5.66712119907264,-7.644427937601094,11.219738007901706,,0.264231122267145,0.1842105263157895,False,1
0.18591744685677164,-0.98094293073764072,0.056441736242840435,0.42093018904233487,0.13142047699231074,0.89752238645055327,-0.88783584006675587,-0.14310703987910725,0.43734185282224708,9.4919280222429965,-1.8682004269620867,-0.30709996311665672,0.4639039385072683,0.342719386969862,0.9578947368421052,True,5
0.93277036764773513,0.3514114761028887,0.080308254255080744,-0.21492415538900506,0.36331311290896773,0.90653802425420582,0.28939082340086841,-0.86285198988678524,0.41441452059475781,-8.1981023280180381,-3.0769327132580693,2.8938978676847866,0.4011016229094068,0.3596019101834889,0.9133574007220217,True,5
-0.82571964006786536,-0.56269267636606413,-0.039547793493315928,0.29810883279997163,-0.49482699628333815,0.81625815007009117,-0.47887179893248361,0.66221083932023073,0.57633202624352076,-5.1498350454833774,4.3716550953203992,-11.093729288352613,0.2991442140618741,0.3733714258841346,0.2038834951456311,True,3
-0.80672360807779964,-0.5893057574110101,0.043769218089562363,0.31248903871952871,-0.36256664527298715,0.8780068498682887,-0.50154523310473287,0.72198625472908196,0.47664266188853849,22.157688529977342,-2.2278434599557682,-1.4065420705888514,,0.2088358136240974,0.8620689655172413,False,1
0.79736197880214554,-0.60128797511713838,-0.051639575329969531,0.18333789371829409,0.15981983677292563,0.96997156478982205,-0.57497920961341498,-0.78288593725612932,0.23767313217721003,6.6175625015000641,-4.5616858405791918,4.8243071679563263,,0.3462301411489205,0.1875,False,2
-0.99483741259672265,-0.084311782331297325,0.056480490950217753,0.090033542143247811,-0.47648186416320953,0.87456217298296879,-0.046823965946913418,0.87513230798758201,0.48161287330108782,-6.8094394416893191,-1.9246420773227988,0.6773453292012499,0.32107343360354,0.242350744689228,0.8467432950191571,True,5
-0.93210846050197094,-0.35835951546035688,0.052462134341476237,0.21567256339307195,-0.43283469941992359,0.87529393256067167,-0.29096247740921211,0.8271835229603417,0.48073720064377307,-15.700041553089639,-2.8609883735877597,3.0968117605708638,,0.07976532000264733,0.125,False,2
-0.97808317646050946,-0.20034016623412873,-0.056719641379355701,0.10146087858441816,-0.69646445757756259,0.7103822558651578,-0.18182131349706776,0.68905810867043293,0.70152685824117089,-6.8335396263546313,-1.1091198514779723,-0.80835111290915285,0.5486995071865954,0.516126238011487,0.4596273291925466,True,5
-0.95316274377501342,0.25156721276112215,0.16791283852906522,-0.077232793887650114,-0.73919505180032496,0.6690484070246504,0.29243098233189202,0.62474363770871233,0.7240024224509819,6.1382055664849826,2.2938493878255839,-8.1150680558452706,,0.3751263071319872,0.4315789473684211,False,4
-0.11760664668555308,-0.99034692296603244,-0.073359722103412198,0.44635159197968644,-0.11870614963615808,0.88694932570906015,-0.88709578569204028,0.071566907228609491,0.45600355787773478,1.5576341214918978,0.15729938099853369,-3.7432401902385779,,0.1383409685408213,0.3478260869565217,False,1
0.57080010331078657,-0.81314859030390718,-0.11391493381977809,0.33121690469738296,0.10107894621391153,0.93812494299798388,-0.7513205734592131,-0.57321236616026894,0.32702443208094667,-1.5179607963507851,-4.1854171771551893,4.643400924791937,,0.2025950008089276,0.1764705882352941,False,3
-0.81603288798096407,-0.57718010474045556,0.030878024957004948,0.30005104811424194,-0.37734987619981541,0.87611439861329188,-0.49402398146142024,0.72420314665415675,0.48111340463265595,-3.7665212495904994,-7.3458648777836304,10.601630659139012,0.398560906448356,0.3770161628549236,0.375,True,3
0.021116583511563335,-0.99968904677194326,-0.013262717104824122,0.41453865731309286,-0.003316804071120491,0.91002565920077871,-0.90978667361852328,-0.024714541771135863,0.41433971560928784,2.1922526489556837,-3.2551255728599244,2.7398536828008835,0.6403180959819529,0.5020265719679516,0.9545454545454546,True,6
0.48976791197993663,-0.87125111714662695,0.032386467321530145,0.35203779519619582,0.23160646675203073,0.90687807080778116,-0.79761944757397651,-0.4327585186098547,0.42014673796471375,-1.0639179608461469,2.6955444774440105,-8.2147263682061666,0.3774953112759349,0.3359526590013918,0.9573991031390134,True,3
-0.42676984079100044,-0.88336408369959063,-0.19374054459716802,0.43017179375802161,-0.38672811689732123,0.81571661222268765,-0.79549967369335284,0.26478153113583081,0.54504220930413727,2.5833212214360395,3.6717008706343846,-10.392039261882466,,0.5964630523554649,0.2941176470588235,False,3
0.95591927052358849,-0.29359791976002431,-0.0043139024370605558,0.063506295895790987,0.19238026404827907,0.97926338866839624,-0.28667978412027301,-0.93637070411098433,0.20254531803883521,-1.9759783678339733,-6.0864820515444933,8.2797180129146017,,0.2771453748594657,0.2439024390243902,False,1
-0.98822687139189458,0.06779153547182383,0.13715669279097922,0.059869941446621534,-0.6536362444281657,0.75443704182722926,0.14079503105637184,0.75376652067348726,0.64188222560031982,6.0958306151137256,-2.9763155538626105,1.9427229846555181,,0.4213672932612149,0.2441860465116279,False,6
-0.36707812154408964,-0.89803959503022546,-0.24244285603335633,0.44089830144711462,-0.39747665352723227,0.80474902776073065,-0.81906186607893761,0.18851311800174744,0.54184911541548864,-11.129549547377746,-3.1183802211584237,3.2082859042128757,,0.4728350935335315,0.1935483870967742,False,3
-0.6206006706852587,-0.78308417454945878,0.040422557009698747,0.38596720282153169,-0.26019578542523397,0.88505789166193571,-0.68255704955053564,0.56486930242060496,0.46372248736904004,-11.719285271980535,-0.051743355158078153,-2.3195721332345922,0.1614239294675007,0.1183374930870927,0.5576923076923077,True,5
-0.46102735873446815,-0.88717210839750682,-0.019478823882465468,0.40650218938671284,-0.23065310667428721,0.88405605840654178,-0.78880272852097233,0.39965584502547197,0.46697479698035849,-16.054648279896973,2.1110913898080232,-5.9880743212797407,0.3989112430693186,0.3856196641906603,0.3,True,4
-0.56217209539508084,-0.82650740686783486,0.02912115299417865,0.40163849157363674,-0.24206601380368009,0.88322735863856106,-0.72294471244041658,0.50822195087756983,0.4680399463727849,-10.43003082195486,-6.5023151999668443,9.476135002293411,,0.1372005990407544,0.1304347826086956,False,1
-0.98199244556245302,-0.17847179995484844,0.06195686789330921,0.14106875450184275,-0.47457335252658966,0.86883815499491723,-0.12566003088321767,0.86193268280797297,0.49120424157969061,-18.8953173997904,-0.3800380559970189,-0.81646964715524806,,0.1411648276246033,0.5238095238095238,False,3
0.10321587050843539,-0.99390644621411928,0.038684108484057678,0.43262390107971455,0.079879849184825574,0.89802882465362943,-0.89564671846088728,-0.075955156956127506,0.43823255223912205,-6.7902576871704934,-8.6945476536833208,13.269482616492514,,0.07269042184451971,0.2,False,1
-0.27430507862647074,-0.96120576841693717,0.028986110496761325,0.44242498316812823,-0.099379989157846182,0.8912820833067765,-0.85382484041424278,0.25730738138846898,0.45252188165281221,6.2338085416851019,0.68516582693889094,-5.0562894654966613,0.4022263378465998,0.3746312123398018,0.9096153846153846,True,4
0.42565918345466913,0.85106383987846823,0.3074160047753221,-0.42816294717761605,-0.10986280864620168,0.89699869227359863,0.79717673711974468,-0.51343987352725606,0.31762988849828505,-7.2465122857799305,0.95854481780952261,-4.6162884240574789,0.800644307652139,0.3445791416858734,0.40625,True,5
0.81042943772720866,-0.55045593889551336,-0.20050532611334576,0.19773469943267585,-0.065149399751952553,0.9780882088810956,-0.55145726498562853,-0.83231833756479201,0.056045248219195723,-3.9490238606504051,-1.2422244369166993,-0.68479976888646676,0.6777587959485655,0.742978701413825,0.4562268803945746,True,4
-0.84293920750965512,-0.53583351531098855,0.048331525037624584,0.29151950334062987,-0.37939559136845974,0.87810897069908644,-0.45218344907241631,0.75428206204287063,0.47601333937750984,-11.465582486557715,-5.497964145739159,7.5321891740379847,0.3032449868599535,0.2602210222759517,0.782608695652174,True,4
-0.30357148879966367,-0.9527895671299782,-0.0060325745933928823,0.4645692852259754,-0.15353982650045944,0.87212436091582479,-0.83187723277691816,0.26194954179474716,0.48924708189312699,-7.1275406353545412,-5.0989062622557455,6.4837956125238074,0.4972201274548002,0.4367944892768907,0.8623481781376519,True,4
-0.86443877014605697,-0.50166961786424202,0.032759840969078871,0.28357947249554177,-0.43276090493470637,0.855745687654484,-0.41512443369130209,0.74902976821488254,0.51635851003003375,8.1173263846023769,1.4867915459099592,-6.6109077442433826,0.4267660783480798,0.3749238874360155,0.8973384030418251,True,5
-0.18750266526440273,-0.98223167207929551,-0.0079807821081039412,0.4453748319868211,-0.092255711074954144,0.89057854387289537,-0.87549072499453517,0.1634314111129383,0.45475945763686731,-9.1779640694863875,-0.74809901320085292,-1.1760004342505217,0.5196673554417881,0.4460929687841759,0.9935897435897436,True,5
-0.37668898911939425,0.9203767085949135,0.10493864756228929,-0.38235464207164327,-0.25766355549852799,0.88736374720523836,0.84374779001931277,0.29413637388777752,0.44896933123953486,0.62822363963732764,6.6066896566431677,-15.776508464388616,0.3001730148983481,0.3714564861989357,0.7317073170731707,True,3
0.9976279445949966,-0.018226343561182367,0.066379850583975053,-0.06394103884902648,0.11179733976682399,0.99167176947413771,-0.025495641079768917,-0.99356386569835065,0.11036673894104392,-6.4223457436842963,-4.3180043005117428,5.0561384795056581,,0.5729210016176236,0.1666666666666667,False,2
-0.40735035762500077,-0.91243640739290843,-0.039057503846351371,0.43516273944045691,-0.23151935957702108,0.8700759600998782,-0.80293155146965212,0.33742938313811666,0.49136782052711719,-1.115895466185961,-6.9091585911899518,9.6203248580145324,,0.3040357186265688,0.8909090909090909,False,3
-0.66331015265229643,-0.74761396823466986,-0.033060488332724326,0.38469666888255299,-0.37854455809993115,0.84185063430729568,-0.64189416132182997,0.54568981301957498,0.53869705180890559,-22.341233382184647,0.044992439091261271,-1.0017784576788433,,0.2132554783584072,0.2380952380952381,False,3
-0.65052484159333146,-0.73807695752707336,-0.17905260466563799,0.37737607315712646,-0.51871670900590694,0.76715075129115795,-0.65909387030868205,0.43148045212461195,0.61597068887720841,7.2610670479923778,-2.2813001302760414,0.45116413799867033,,0.6890545638717753,0.3111111111111111,False,1
-0.5704957629656352,-0.81704345308643722,-0.083513952168778327,0.46164826648155582,-0.4031111441282918,0.79017864026696805,-0.67927568960830065,0.41223949501251189,0.60715989348687827,-3.9580019578989298,-5.2714004558727012,6.7278051344181131,,0.5076217161557581,0.3513513513513514,False,2
0.89992133469227131,0.40693499873946981,0.15667002957358658,-0.24927054896500023,0.18529349254561692,0.95054222159719681,0.35777896079055332,-0.89446644901927685,0.26818647765030346,-1.8867742078899974,-4.7007681623523148,5.7368036150964841,,0.6041636145493947,0.4047619047619048,False,1
-0.40987248480418409,-0.91025394168993401,-0.058671184054711077,0.42951576917817125,-0.24934854427288985,0.86795247997587632,-0.80468674043240418,0.3305496409118131,0.49316952933584984,1.0461075583026411,-9.3610761235512161,14.274315635847644,,0.1677009967396693,0.8,False,1
-0.77957125321815757,-0.61792434894363557,-0.10216731443302121,0.31163496839505678,-0.52419417558305281,0.79253019674850012,-0.54327921700474024,0.58599485088811876,0.60121354534252525,10.362664181702531,-0.18416272907745568,-3.6225577181908672,,0.539284998793379,0.3888888888888889,False,3
0.97749360486089965,-0.2105578159559241,-0.013101854674619377,0.023808842678146553,0.048396245185130971,0.99854441186274157,-0.20961724992559874,-0.97638271676215782,0.052320158082494475,16.258673875320458,2.7313996679043564,-10.296335401647381,,0.4011634548835923,0.3076923076923077,False,1
-0.70280748092475842,-0.71124244179709062,0.013994060979865962,0.36081084108091999,-0.33944019101861156,0.86867479166816408,-0.61308823322151207,0.61556035098742479,0.4951850892116646,-13.972311194544236,0.64408249071014967,-3.6153483384541278,0.34130000203479,0.2988567960625308,0.8295454545454546,True,5
-0.45708974163857302,-0.88761363619566791,-0.056665694456926631,0.42299850914482195,-0.27298947163909426,0.86403067632779373,-0.78239454838977451,0.37097005433553715,0.50023993186894644,-0.20777559104975923,-4.4065763372138704,4.9891331606618605,,0.5161195395136265,0.5384615384615384,False,2
0.17965466856597273,0.96397469222077736,0.1961555322194839,-0.42650710830233868,-0.10335687255352499,0.8985594267846353,0.88646256922107458,-0.24509212483026235,0.39257351377310151,5.7311730783584798,-2.3648928416223667,0.59251599504920893,0.1947009017092311,0.4450379704774903,0.8026315789473685,True,5
-0.97569165648232714,0.17475276602647299,0.13223941257003574,0.00088435086731965956,-0.60028087897643045,0.79978877477670707,0.21914609144202143,0.78046418053705713,0.58553450240297911,3.8081595997077682,0.16753942048364556,-3.8841247539817045,,0.4998359295594191,0.6264150943396226,False,3
-0.46794535100188622,0.85021681954152672,0.24116075187395605,-0.35950903342904639,-0.4324159305842632,0.82690369321938451,0.80732917905810497,0.30024627016107291,0.50800765141455284,-2.9796897010040442,-5.4319237913334035,6.8580443241342453,,0.2680878104479213,0.1515151515151515,False,1
0.052247728420676133,-0.99825667888506064,0.027455016595305918,0.43772163984843415,0.047603421656585015,0.89784947527688808,-0.89759118806017546,-0.034892940660750216,0.43944572111782865,-1.7349878768042191,0.91346864196777311,-5.0578626866019158,0.4912655790383142,0.451418319697074,0.9392430278884463,True,1
0.71380635878792698,-0.69922948086844616,-0.039479301391522101,0.22362565115610752,0.17414177968647709,0.95899228814033322,-0.66368068398811064,-0.69336337778402168,0.28066915763760719,7.3539443667929518,2.3438700152195904,-8.2390932908797652,,0.4328338915904862,0.1730769230769231,False,4
-0.98962585754401367,-0.11302976105360098,0.088684469871789684,0.1344042362743067,-0.5102944967475731,0.84943217967102025,-0.050755919376904622,0.85253961767492425,0.52019230765448488,21.519088404125739,-0.45359550655514602,-4.7648106414135691,,0.3698225387526164,0.9705882352941176,False,2
-0.80938627379879102,-0.54435768528323725,-0.22038278122209531,0.31103301086599539,-0.71564981782033343,0.6253829262182955,-0.49814889936417961,0.43763003636268005,0.7485503492320722,3.5240702333756544,-2.0232645720716365,0.14358043517609978,,0.6949246201669925,0.358695652173913,False,1
-0.50961224271812566,0.84946756802835732,0.13674872189453682,-0.39407747903273732,-0.37172768832340497,0.84054831286068232,0.76485181740713948,0.37446411924472156,0.52419301865560042,6.2314191294509662,-7.0537272606836172,9.3767068304956549,,0.3356046735741058,0.3571428571428572,False,2
-0.96459822614701329,-0.2585167108472628,0.052147601351824162,0.17500968168475969,-0.47955594236990767,0.85988238117448923,-0.19728627278813693,0.83856735468918864,0.50782173862384272,-16.464171988714025,0.27044767093531985,-2.4094934160722521,0.1904763696249491,0.1364655881253253,0.2727272727272727,True,4
0.78712793832430894,0.58317133587876846,0.20085019720850822,-0.33486357543695056,0.13058291060032962,0.9331744152647613,0.5179729670117017,-0.8017850687488014,0.29806829582593208,-11.595491238453661,-3.6361441623238635,4.0780067149305399,,0.253463575205032,0.1428571428571428,False,2
0.87707540152350627,-0.48020398751018051,0.011952841574368031,0.17112692124421555,0.3356145228149629,0.92632525006131616,-0.44883662603207358,-0.81041163766015034,0.37653507230686672,-15.048903893318812,-6.0022042624925875,8.7078669926356866,,0.1463563104538486,0.2857142857142857,False,2
-0.24573726524261097,-0.96790709623287641,-0.052621759122291452,0.43184962154134221,-0.15791842949549728,0.88801332985506243,-0.86782434907398331,0.1954932804157665,0.4567967561909787,-8.8316809833202434,-0.046318987968928527,-2.3750950422292885,,0.2254090084342794,0.3953488372093023,False,5
-0.87313140814688317,-0.48675312437082918,-0.02670093673780622,0.27058780743940281,-0.52948100579002766,0.80401001422414908,-0.40549202528850919,0.69478144795526597,0.59401595686025677,3.6143016099720651,-9.1888988284836053,13.763806471754073,,0.2321423847479977,0.2857142857142857,False,1
-0.76444988440819883,-0.64457909709417427,0.011582824247616329,0.31431869038255705,-0.35696485399813327,0.87964757368294166,-0.56286777763919504,0.67608718417031921,0.4754849990232744,-13.305570102307671,-3.2067776763657845,3.6769961654383563,0.595333740602592,0.2786698351443712,0.3666666666666666,True,4
-0.37873707750971675,0.80071168867751419,0.46413254328327658,-0.36273073010449708,-0.58979279193964218,0.72150598058082716,0.85146030063488998,0.10490593020056493,0.51381913379271604,-2.8656195867919552,3.9952947010280795,-10.612371847255192,0.5795348033370914,0.6382436609592763,0.4054054054054054,True,2
0.12149730582536188,0.92922038207324786,0.34898121183929875,-0.44639790579180305,-0.26287166284236274,0.85535220732700734,0.88654797635653704,-0.25970747084775619,0.38286383376337718,-12.219475795043582,-2.3649134021300444,1.8753421246270738,,0.5851712277857183,0.4848484848484849,False,1
-0.86437511515116427,0.44776772678571958,0.22882247082959306,-0.16949665940545217,-0.68786678620792974,0.7057692022767541,0.47342004896054296,0.57126469108559741,0.67047006641689344,-12.792562130554009,-0.80419577917394136,-0.8120638781195556,,0.5526083756371724,0.1509433962264151,False,3
-0.95468603326070611,0.28273663538277238,0.092922402623732206,-0.065407939287621758,-0.50391614743018109,0.86127249917623105,0.2903383877049065,0.81616696292581781,0.49957492856763969,-18.41769130085968,-3.2230941740269978,4.3753606820562636,0.6306825235289562,0.477433422310957,0.7916666666666666,True,1
0.91640438023463466,-0.39244094872986768,0.078696338204374092,0.0084079742952296727,0.21544755531194734,0.97647921477026678,-0.40016536313757434,-0.89418815283479769,0.20073671680802849,-11.608163043953629,-4.7885933728111523,6.3674141539964841,,0.6484384102635378,0.5,False,2
-0.99659840282260781,-0.059024827604899265,0.057512548349371515,0.082361884577565506,-0.68919271207949406,0.71988188307898326,-0.0028536748691208591,0.72216997676635886,0.6917097521338107,-3.1818708838741996,-6.2943412409423409,8.7578676214165583,,0.4742488694757193,0.1538461538461539,False,1
0.69722002771947078,-0.66334496053278813,-0.27176772487293965,0.27028579823224569,-0.10787205603729599,0.95671793481686329,-0.66395016395872519,-0.74049786148377206,0.10408216426046232,-5.7956868643740638,-4.1183928570604147,4.7180767346376324,,0.4934598224654916,0.3,False,1
0.93239139084173783,-0.35381696569211524,-0.073890791527997185,0.11905230234998009,0.10759837579409004,0.98704059634426511,-0.34128117965891164,-0.92910502329655831,0.14244652363509402,10.778194773864213,-3.177891488307993,2.0372863461753608,,0.4123640526345054,0.2272727272727273,False,2
-0.99255784739356734,-0.10027133670398033,0.069098325689148601,0.10686427792554661,-0.44516332122051416,0.88904985436328132,-0.058386177138927062,0.88981755235301874,0.4525657718427053,2.8595150396600015,2.2567967339825037,-7.9305569438456258,0.5337924008366712,0.3206501418149054,0.9856459330143541,True,2
-0.18690459818937727,0.90700103107283037,0.37738018073090279,-0.42169803996560573,-0.42103125278105524,0.80305880685711961,0.88726401609939809,-0.0090450989180170735,0.4611732341764096,0.13726636113845231,-1.8234087937027579,-0.0170574061509088,,0.2428586080355946,0.3097345132743363,False,1
-0.56562154390770747,-0.82437175260802609,0.02198823706971299,0.39550537056075663,-0.24777622910770256,0.88441078812210727,-0.72363510896380689,0.508938261276493,0.46619102874658619,1.2044773451250574,-1.1999673800398221,-1.1367122389050097,0.4580800401990535,0.4640825870788539,0.9470198675496688,True,3
-0.99259572751972447,0.081037568734404,0.090480020795793786,0.031933773861958684,-0.54459863748383475,0.83808863381964915,0.11719196131358078,0.8347725657353442,0.53797844538522988,-14.962910396989461,-0.75419415965799408,-0.66011555972046942,0.2081065628052191,0.1785453621046116,0.4545454545454545,True,3
0.43906292303763372,-0.89669553606040286,-0.05622157257668018,0.29012168470527122,0.082277004808040483,0.95344632913635574,-0.85032532461254107,-0.43493402958283656,0.29627560181934021,-3.3767079488782943,-0.18593061110473119,-2.9040850565619256,0.3706391390651716,0.3238811085965437,0.7944162436548223,True,2
-0.90753504539019236,-0.4187657472539561,0.031865189713183417,0.24254308200298097,-0.46066346368485334,0.85379273046704307,-0.34286002210977684,0.78257550571986934,0.51963697240109252,-19.450854136058858,1.1154472002092204,-3.501859764755201,,0.0925374192491529,0.2142857142857143,False,1
0.30773800367353099,-0.93734703811398512,-0.16333355819907439,0.3904561267958101,-0.032131736061027011,0.92006063092891877,-0.8676642980684669,-0.34691221033086334,0.3561047376555258,-8.5132135987462583,0.49496209096250809,-3.5198924803379801,,0.1922353143363181,0.1818181818181818,False,2
-0.96547833983315179,0.24615720999092769,0.085195089544546757,-0.048938600402018195,-0.49265541827299786,0.86884731238402824,0.25584485279894259,0.8346839322855929,0.48769472467984265,11.131120322533206,-2.1084238666398054,-0.023335185413803309,,0.09816395956259188,0.3157894736842105,False,2
-0.43245838455347768,0.77100510891799756,0.46747285231523678,-0.36978226795893804,-0.62451323040511741,0.68792753931799311,0.82233862850564199,0.12463686080494632,0.5551800005368962,2.6372781639779901,-2.4036889863733655,1.0748273848043883,,0.6820484445826817,0.3885350318471338,False,1
-0.16263185041337727,-0.98102952047479541,-0.10550810958459489,0.44646486662757823,-0.168525673122665,0.87878792684342943,-0.87989772365789243,0.095813242589668363,0.46540285607859538,-13.375010113145414,1.88217472253836,-5.6160741964118479,,0.2760107880169127,0.2380952380952381,False,1
0.89006295995327311,-0.45558856577558982,0.015066056343986667,0.14112089564518118,0.30682799652621517,0.94124464054782897,-0.43344298371472229,-0.83564085544105082,0.33738930123261035,2.5180634376368087,-0.6685216178891632,-2.2211454586542807,1.276077543821155,0.7184497752455441,0.5643340857787811,True,1
-0.32674913199150285,0.7839861272612203,0.52782644591262506,-0.39600151745902912,-0.62066039134513473,0.67672998809381169,0.85814789104964051,0.012100862665867289,0.51325994019580001,7.1692450307249231,0.91576298610917939,-5.5709980769219598,,0.7664125218299214,0.2592592592592592,False,1
-0.68170028523334669,-0.72953197083545362,-0.055387946718687617,0.36701857643056912,-0.40647967766647652,0.83670283625612007,-0.6329155438663614,0.55005215677524233,0.54484909760341171,-11.268201783593161,1.8707226461561339,-5.7588710191837347,,0.2390502431835775,0.4166666666666667,False,1
0.095948274249645332,0.89445908697542487,0.43673432472798029,-0.44596855095383131,-0.35362763699319255,0.82222840252252993,0.88989099345293721,-0.2736611702118168,0.36497066140944034,-11.561673861065342,0.34207986715180083,-2.9774732139850237,,0.3792497076401637,0.1538461538461539,False,1
0.9377266305740124,0.33871772846808967,0.077065340677426195,-0.21176160661561169,0.38153716163307827,0.89977020191632817,0.27536482759402159,-0.86005796009012814,0.42950496738655197,4.6194817536967365,-3.0990076371748012,2.1842802519252658,,0.1015665889488305,0.1923076923076923,False,1
-0.9972601825547136,-0.042466196305760207,0.06057021101382562,0.071292226039276263,-0.7702095480479707,0.63379387075144922,0.019736939917410268,0.63637557642249332,0.77112682415776157,5.1579992588265267,-1.152047562365895,-1.5300728596036544,,0.6700587564288846,0.3809523809523809,False,1
