axis_00,axis_01,axis_02,axis_10,axis_11,axis_12,axis_20,axis_21,axis_22,location_x,location_y,location_z,dbh,dbh_approximation,score,reconstructed,number_clusters
0.36373124432934745,-0.86174191499441988,-0.35369542524660236,0.89916374812779909,0.22562564631295368,0.37496349392791561,-0.24331900039124088,-0.45441604248487122,0.85691418729123359,-13.633080877253715,18.866891791841237,-7.1548569597266587,,0.5067956251148434,0.4230769230769231,False,3
-0.97183672970306789,0.22731803924292809,-0.062127931196823985,-0.23516914119424176,-0.95244498174433301,0.1937628235240198,-0.015127651172918512,0.20291640097534802,0.97907920434722906,6.8290076709963667,12.446953863912031,-4.7679738991974521,0.2334098441024795,0.3058720828372167,0.6153846153846154,True,5
-0.87680737289515909,0.47890560926267189,-0.043107403696338011,-0.47640526792642424,-0.85306927965587731,0.21286339469094989,0.065167871905119801,0.20717678809208354,0.97613058908488581,5.8047984854835608,0.66435125279944263,-1.9594855771344049,0.5435044817749578,0.4436725178353916,0.3333333333333333,True,5
0.72366585208109502,0.68961703189356782,-0.027130865339076667,-0.64642221566250058,0.69106067827085282,0.3233781966147557,0.24175618633186011,-0.21647976411233832,0.9458807842958542,-3.0598050801960652,-10.005661440884253,0.4562767550622111,,0.3358608247670473,0.9194630872483222,False,5
-0.42563219397454993,-0.81912278831139129,-0.38454530698135359,0.86964362032798903,-0.48773703006767466,0.076371219209813934,-0.25011439197943081,-0.30191132335461768,0.91994148931061026,8.7511519308659622,5.6791963378579213,-3.1626962475466756,0.7247442809532918,0.5287762482380423,0.1794871794871795,True,5
-0.70737513366158933,0.70628893961184025,-0.027863130822490118,-0.69301661676127835,-0.68524654555428344,0.22397575917646409,0.13909848730306329,0.17774449523938624,0.97419633813831175,7.4629988021702722,-6.8090854715728755,-0.063908204270683194,0.3636982256951968,0.2753035667157578,0.9931506849315068,True,5
-0.9922898626396669,0.0098246156464348242,-0.12354879776813452,-0.011920239781876167,-0.99979715948238879,0.016234154566539205,-0.12336424273708388,0.017581718299061088,0.99220569782457857,-2.181898059482847,8.9928867846996123,-4.2022386082478782,,0.695138879374432,0.6055776892430279,False,5
-0.8846740923210753,-0.43645090632325428,-0.16389739700645825,0.41814530449950571,-0.8982846040668413,0.13505285787977719,-0.20617045060070655,0.050944837482217308,0.97718901387245116,-7.9276413546469984,-10.053625546285286,0.26512753469511186,0.1928772063795086,0.2895238910404013,0.8974358974358975,True,5
-0.98669978252173873,0.15876081085257432,-0.03490765115253662,-0.15875961595186489,-0.98731322832737678,-0.0028237408858205471,-0.034913085145407231,0.002755740772821598,0.99938655303061941,-4.6542368226540605,-11.64991802138813,0.84722628813455658,,0.2205135382751427,0.4,False,4
-0.85423342030672633,0.51731899582156604,-0.051636423125942812,-0.51416956626084132,-0.8259643655310025,0.23111149691027846,0.076908522038934321,0.22397304175980151,0.97155604871909051,-0.29049158712841072,7.6559694889747911,-3.859078942629615,0.3701659764951467,0.3331250120406556,0.9473684210526315,True,5
-0.99511865713868319,-0.052383800138601708,-0.083634895214515684,0.034359611933151596,-0.97837388249651991,0.20397049570094594,-0.092510946824185203,0.20010118323419629,0.97539799117384274,11.638379346094661,13.191794972150344,-4.5619156976165822,0.3064515756319558,0.3700571424132814,0.9354838709677419,True,5
-0.63912720466962769,0.76802785182457567,-0.040615699832880756,-0.75276864068196137,-0.61385667265928434,0.2377380050339111,0.15765719094611452,0.1825190517546017,0.97047978128840007,8.6244051274103093,2.3618753485137494,-2.3525249120332687,0.3792632834128459,0.3228865306964736,0.9226519337016574,True,5
0.89141671635732977,0.44893205591005308,0.061937444047124091,-0.41882855067686997,0.76390825548106123,0.4909448261727547,0.17308634532114389,-0.46357759478242333,0.86898615102837806,-2.9272865269420119,-13.271236421559633,1.2415416825389518,,0.3609532716263434,0.1304347826086956,False,4
-0.31710861492368275,0.90898998741716808,0.27051678158022469,-0.91376788954514521,-0.36920578288974482,0.16945599404265665,0.25391016202073879,-0.1934535930297239,0.94768419685383321,7.4941619737264338,7.0003631221132157,-3.4871759232132051,0.602910737459755,0.4355738075715584,0.3483146067415731,True,5
-0.79420354886895939,0.6064373318856694,-0.038399029406227941,-0.59878599864113469,-0.77029642840282231,0.21931424992734516,0.10342171336469375,0.19717295677968999,0.97489834050503177,-0.3596800086030002,5.056907929581917,-3.2333802027366341,0.1804797474683043,0.2025124682416867,0.8861940298507462,True,5
-0.15479136236210062,0.98376417686215001,0.090816730071186749,-0.94350063136316487,-0.17446365503390041,0.28172502851099918,0.29299520944103502,-0.042077041185783606,0.95518758882727073,4.3786129446236286,16.950130403407016,-5.8903154310816195,,0.3044066145721155,0.2692307692307692,False,5
-0.0060887780311013199,0.99992708596418933,-0.010428304620277898,-0.96401772187940016,-0.0030978646011395154,0.26581992991001513,0.26576824243039338,0.011671589012569726,0.96396629366663134,8.5997254487641985,10.251911799747404,-4.1585440157945248,0.39543097272217,0.3806001152350161,0.8020833333333334,True,5
0.64098414192908049,0.76642163728423529,0.041679775647105829,-0.71405687999466338,0.57551105149391446,0.3986349228813959,0.28153525876473795,-0.28528039454354659,0.91616210059211189,-20.388037683662933,8.7558204129573198,-4.9929181731834937,,0.5847021915052145,0.3859649122807017,False,3
-0.93304286563575611,0.35397534617393173,-0.064284253027191735,-0.35854653051385244,-0.90022223418118819,0.24707147658584841,0.029587097571372775,0.25357717442009159,0.96686256534754034,-17.830929517410237,4.707680930432506,-3.9760147200720528,0.5104867369740155,0.4641088451063859,0.9743589743589743,True,5
-0.26577721251603226,0.96332228894195948,-0.037049169151733903,-0.93488495879966027,-0.24817137201383396,0.2537736864273577,0.23527130534208263,0.10208397396456109,0.96655381388841299,1.7316478959492163,9.2432966637591747,-4.1455206344296549,0.1321801438140271,0.1644148368290715,0.8130081300813008,True,5
-0.93203171346956248,0.35669246530954085,-0.063932544751433673,-0.36129541438311374,-0.90105533025116535,0.23992689589059982,0.027973355764483135,0.24671801113288516,0.96868349544622057,3.611595965000741,1.6569925197841067,-2.3060706763104823,0.3544118277443886,0.3103096036310214,0.9836601307189542,True,5
-0.65978023816736964,0.74292296609727682,0.11294026637579055,-0.73566665672384701,-0.66922811027290896,0.10453854124345782,0.15324688417246141,-0.014113924534900575,0.98808713665630543,-7.8107508191434931,17.97559293617357,-6.7522802294787398,,0.3080113282701082,0.2903225806451613,False,2
-0.51541338307068119,0.85608085418301216,-0.038400724640583153,-0.83585080827095259,-0.49234246586164315,0.24280099386550064,0.18895097476444322,0.15724015839016292,0.96931576987326784,14.568770917369354,5.4428659419471002,-2.8177278422925252,0.2098316657175601,0.1798590348448646,0.391304347826087,True,5
0.99766762849477642,0.0073847840157923771,-0.06785844102725043,0.016551489872379074,0.93828980180513022,0.34545375379563337,0.066221984541489393,-0.34577118560332587,0.93597913222991103,-2.5296088510092489,16.736413980208447,-6.1147411898597053,,0.2012042093339859,0.7058823529411765,False,5
-0.91881597685158822,-0.37934276610174533,-0.10897828448153586,0.35689658307916061,-0.91644315290450229,0.18098833244404314,-0.16852901728984809,0.12740099411202463,0.9774287478024094,3.791871598579394,11.132642458922758,-4.6137414341507288,0.3492680239992056,0.4382354718740045,0.9144385026737968,True,4
0.75460160686508615,-0.61688078582826877,-0.22368395336395283,0.64647974788457763,0.64050696569274834,0.41450544323827743,-0.11242931331161984,-0.45739361929848282,0.88212852041712808,-11.243467302611423,15.14186341904319,-6.1109790707142384,,0.3377913723669055,0.4814814814814815,False,4
-0.61718697727377458,-0.77080826657737023,-0.1579077302086625,0.74564271200057608,-0.63706087517622945,0.19537243244665542,-0.25119152279503321,0.0028385728257335069,0.96793324221261545,18.932119383362714,-6.73557468126796,0.2376404344615371,,0.2971985634881713,0.6666666666666666,False,1
0.16650049974418152,0.98226479615261952,0.086217479806542124,-0.95356395043112308,0.13814346871006683,0.26764187731172134,0.25098481233558634,-0.12677638696541432,0.95965325596533413,5.9396217422994901,-16.601703204483094,2.0058189496720389,,0.2703739629909861,0.1904761904761905,False,5
0.80096641297748106,0.58325563047986451,0.13515056343029261,-0.56195307578409559,0.65451206308670695,0.5057891852252081,0.20654671602033378,-0.48106842422624346,0.8520044749376009,-0.91919077995852772,-2.4701415707860606,-1.3951369876214283,,0.4796589253393115,0.1893491124260355,False,5
-0.95147261441447661,0.30067604338407095,-0.06552694830512576,-0.3075152851288212,-0.92097686334555418,0.23924039498865127,0.011585052068168969,0.24778122228507612,0.96874674319529619,-3.7879514145746329,6.8741195889543345,-3.7381919205713041,0.4947696369599033,0.4446737539941439,0.9987730061349693,True,5
0.96792309622698025,0.25110110156164589,-0.0085508236389389355,-0.21714379843237336,0.85317798425623093,0.47427407475302297,0.12638611708861491,-0.45720407257044765,0.88033572313763353,-6.3961794380443608,-14.386049091534183,1.4216641963006995,,0.3122914023794239,0.4347826086956522,False,2
-0.65345498431731175,0.75589362572500352,-0.040266736385905263,-0.74072500332509694,-0.62757021425335024,0.23975424006895332,0.15595849742767812,0.18649518162760717,0.96999819294150691,12.183904341815307,5.4181121926708569,-2.8057744219100487,0.2618305466237452,0.3113638443074654,0.9185185185185185,True,5
-0.51709489125870933,-0.75654979617252527,-0.40030648176797723,0.82113607541353306,-0.57046599505154139,0.017438295338626064,-0.24155417423138445,-0.31968883996969144,0.91621538216198317,-3.0087454671683926,14.124219156839288,-5.5223173783037209,0.7516573340373833,0.6832460748283624,0.5176470588235295,True,4
0.83409865416684437,0.54545184037714844,0.082229708416380956,-0.50395204571526686,0.69289595538072857,0.51568161750873687,0.224302854944958,-0.47156917291762346,0.85282515465793585,7.0954590468800758,1.4926089394852724,-2.1689384445002138,0.6151164649487545,0.5625878490626303,0.4864864864864865,True,3
-0.25359895309192348,0.96670989379884131,-0.034052198491621319,-0.93757454642727034,-0.23698974268170883,0.25453846812486952,0.23799483373043664,0.096477163593722132,0.96646294084280926,16.993097932538745,3.274571455429363,-2.164927595941907,0.2122804192330853,0.2786005896962281,0.8333333333333334,True,5
0.96592996315940238,0.24984637931051371,-0.067498837147781585,-0.18446815557012797,0.84759144235313966,0.49755426480965853,0.1815235683084456,-0.46815118668561734,0.86480267145367773,-17.962474163274134,18.444996597677655,-7.3306749978690791,,0.3300369356755687,0.1851851851851852,False,3
-0.37722910716516667,0.92184939395591825,0.088836341496476651,-0.90630149276856142,-0.38719236660898271,0.16940978556510208,0.19056706145829588,-0.016606206756588679,0.98153371260711619,-2.0586205093371173,10.919201943657223,-4.7001011372278834,,0.6043321778051719,0.2982456140350877,False,4
-0.65336251004239942,-0.74993064317590885,-0.10354448752524113,0.71627409278661791,-0.65664585676935083,0.23615173679300897,-0.24508948258504426,0.080126457636754939,0.96618367628147317,-7.2968138542079588,4.9675939039136292,-3.5094495500890228,0.5587709584830911,0.5407265424458669,0.9049586776859504,True,5
0.12674400816213552,0.9906969983354259,-0.049552132993173063,-0.95401557863102981,0.1354269010084922,0.26742069892313369,0.27164357552553631,0.013379535582846117,0.96230491836178889,5.2943335593082468,5.6183081690521828,-3.2187225443580827,0.1817732676707535,0.180987184701229,0.7905982905982906,True,3
0.65782358823082054,0.75230764717548304,-0.036073962471797061,-0.71217094535733494,0.63688656122434306,0.29527623121523211,0.24511358868077401,-0.16854884198095271,0.95473065128910184,-19.848831906813587,2.9842152095382071,-3.6113059645321304,,0.3108388983699492,0.3333333333333333,False,1
-0.44871977718751405,-0.85432476077168051,-0.26225896494343026,0.84809870865537451,-0.49960564370229715,0.17641649910906967,-0.28174304239479381,-0.14325991732939525,0.94873465950649294,5.5433842615539408,12.953396938238292,-4.9641242875522638,,0.3552257872923754,0.1304347826086956,False,4
0.94910102479973979,-0.29543525305057117,-0.10920282038038434,0.31492576435660963,0.88417303336988418,0.34505044559586423,-0.0053858767615553998,-0.36187851320083142,0.93220970495649025,-4.6623405783227723,18.543456581564847,-6.68728804147477,0.253991381157291,0.2143179322688878,0.65625,True,3
0.93583658262906122,-0.34022270217444184,-0.091969579417768926,0.35144180739374659,0.88129696807175506,0.31591820157019873,-0.026430032708588763,-0.32796976536359712,0.94431842425019441,-8.7357442612414911,-2.8618831834143941,-1.6281228113258377,0.3264668739361328,0.3259776981327719,0.7766990291262136,True,5
-0.76787635706372248,-0.5595070254204253,-0.31195799199208463,0.6016861499752898,-0.79707336868858092,-0.051456990344852516,-0.21986285996152027,-0.22721340944720825,0.94870142267043944,-3.5530584942309678,11.780606761157578,-4.9781941475080602,,0.564402941078783,0.3953488372093023,False,4
-0.99674191718429883,0.0787549310832584,-0.017412965222513344,-0.0800319371005484,-0.9925195733107316,0.092194282029951002,-0.010021954485184295,0.093287498761385521,0.99558877203549379,-5.109678961995801,-7.6335428964483576,-0.17599578785594108,0.3537566872266455,0.2708136570638265,0.2926829268292683,True,3
0.51155739113768839,-0.80968364683300342,-0.28761333005201628,0.83175151155103499,0.38261983897162194,0.40223311879791601,-0.21563501247471484,-0.44498814689442906,0.86918760375335058,10.713989042397953,-0.13059986139779112,-1.7357059857980157,,0.4536604042685681,0.2222222222222222,False,3
-0.40587467352305168,-0.86244977319910021,-0.30240062516697513,0.87312341953292782,-0.46367743359647817,0.15052817622130049,-0.27003933723752832,-0.2029374935348438,0.94122002213197331,8.0015169990741217,3.7245851564903463,-2.7141146895048149,,0.1192974320155979,0.2727272727272727,False,1
0.18341456819592483,-0.97742896088059805,-0.10484141646018597,0.95227733888814037,0.15019249098698328,0.26572558305749922,-0.2439814870305233,-0.14857604814707068,0.95833094070022351,-8.8050297202501913,-5.5206268357645225,-0.90111693083605515,0.3898759673305823,0.2748963012132939,0.8666666666666667,True,5
-0.99434310807747306,-0.065743195800476523,-0.08342431075394828,0.0465336325845013,-0.97567070814639967,0.21424586414583202,-0.095479864145911725,0.20915186222227114,0.9732107141167502,-20.551850345160101,4.3074260275346257,-3.9315842885432732,0.3283305123445859,0.3342845025116186,0.9625,True,5
-0.21907362610451714,-0.92062465065013765,-0.32319808006968298,0.93666843860989601,-0.29119705931970996,0.19456749151811528,-0.27323795940080642,-0.26010483513165283,0.92611364976638699,-5.7344548827633188,13.980789796533649,-5.6556912531705237,,0.5503449310254225,0.1551724137931035,False,1
-0.98357528620794532,-0.15775149466413421,-0.087716146131665854,0.14749752990943776,-0.98256700833465738,0.11316604085545034,-0.10403910337740624,0.098369406135823623,0.98969658224372592,15.437839515619387,-7.0702677847126596,0.19994665150085603,0.4733786379109323,0.3032962458265637,0.7959183673469388,True,6
-0.45567642081047366,0.86926599332156762,0.19166541777802079,-0.84920872251409041,-0.48906994389218189,0.199135972609882,0.26683992415555402,-0.072022377327918968,0.96104590527231948,-8.0483552252674304,11.688545867659773,-5.2265055391996231,,0.5487283445528158,0.3214285714285715,False,5
0.91713216431554301,-0.36256501520500062,-0.16557536932552741,0.39815936545885749,0.81421501551987541,0.42251985539068881,-0.018376965889046401,-0.45343193342702076,0.89110143579356116,-1.7618451887469659,-17.849404329843448,2.4222368347869634,,0.320766568680479,0.1428571428571428,False,4
0.49174550629967123,-0.83831488857796743,-0.23540285602045968,0.85656853916548659,0.41715455831081577,0.30376374403870504,-0.15645029480951383,-0.35101313660462535,0.92320803895167547,-7.7648767237152532,-8.0764788210062939,-0.18576025142695232,0.1947136887832472,0.1810755284784438,0.2380952380952381,True,5
-0.55470182186627826,-0.82197955139956425,-0.12905621216819479,0.79494094144355876,-0.56935369153300919,0.20953585267100014,-0.24571281699386291,0.013637852422783432,0.96924672841657522,0.29316978119658205,17.003426129539729,-6.0222354946742618,,0.2451177421308437,0.8222222222222222,False,4
0.70918808234131581,0.70475797568367715,-0.019195300864915325,-0.6642562985694499,0.67706002253805353,0.31678588303708538,0.23625374849060646,-0.21191017340141508,0.94830282332866711,1.7205951669614319,-11.030057667434221,0.84418739388068609,0.3327732529713197,0.1758315525886072,0.6551724137931034,True,5
-0.96818018244113302,0.24153162632543729,-0.06549509762451379,-0.25023576318098167,-0.93753757345881217,0.24167201157394066,-0.0030326809075408578,0.2503712679952565,0.96814514976265897,-2.6890069116262296,2.6513913730656169,-2.7784689701813989,0.4595298399178344,0.4618978384221769,0.9987523393636931,True,5
-0.62326131552140362,0.77981395009304921,-0.058613443976655182,-0.76472274507979765,-0.59209196890145044,0.25421688283830091,0.16353732213824471,0.20326658260195868,0.96536948401385303,11.999190479916702,1.5487382185240111,-1.9754718866430199,0.3658934990992085,0.3246408396340343,0.8615384615384616,True,5
-0.42481466781370458,0.85201110016521975,0.30595683225838088,-0.88083154348949488,-0.46703436967692535,0.077554429495616389,0.20896959109938779,-0.23655016959564451,0.94888130304059959,11.850648520492856,-3.6127044870239802,-0.81233850009717889,,0.7425594137764789,0.5538461538461539,False,1
-0.24614540131723039,-0.95375042839120305,-0.17254727396854436,0.93238479306810373,-0.28162574186918754,0.22659554093578063,-0.26470934827793446,-0.10510500397329404,0.95858327706780122,4.4264497578818043,-15.952253318325356,1.9158123984619706,,0.4221480694255459,0.3584905660377358,False,5
0.87647070997903131,0.48078699927383706,-0.025356574652631768,-0.43849982565053858,0.81890981918654193,0.37027639803843099,0.19878882627879868,-0.31341756391294773,0.92857548598785078,-17.180879382738368,-2.3505819185795236,-2.1565570639306659,0.3544430788059712,0.402023863624792,0.4857142857142857,True,5
-0.55322928242806502,0.83260653546037278,-0.026527686910171128,-0.81334858714759872,-0.53300404515917399,0.23317539241730184,0.1800039912033452,0.15057571169558789,0.97207279470121677,2.1436139164959398,5.6665405620811606,-3.2796919184618241,0.3040213547433873,0.2712597719682421,0.8114558472553699,True,5
-0.91083325334827847,-0.39552287158632549,-0.11808658961582988,0.37633043441225078,-0.91324057292269167,0.15609951986767964,-0.16958239510655865,0.097741055958796452,0.98065717620888382,-12.009489821778594,-3.5686731333567625,-1.615315704206298,,0.3682557279362948,0.9552238805970149,False,5
-0.7080921999047477,0.67481917131579572,0.20790508040622596,-0.69136421591521136,-0.72244023533330315,-0.0097789224103740358,0.14359999089833311,-0.15066251158209895,0.97810012279815939,10.420324487623681,5.8244841492260244,-3.1307603960648298,,0.4460602522577339,0.4615384615384616,False,3
-0.94634584641147013,-0.30356496732678967,-0.11080545831160143,0.28089849654747318,-0.94225146243395963,0.18236835300685847,-0.15976724826173899,0.14145844673595862,0.97696670067608882,-17.692847328255937,14.65036817984363,-6.3828921028884205,,0.2468133182368996,0.5217391304347826,False,2
-0.23858959438422953,0.96837880887140193,0.072921107920651068,-0.93440909787265891,-0.24937307107303719,0.25434761496111452,0.26448940104354696,-0.0074534523818418075,0.96435978907419151,12.083174635848616,-10.036133770211116,0.70892030456358435,,0.5495644431071012,0.2307692307692308,False,3
0.65117832191823055,0.75622102727850027,0.064004304274073845,-0.68675065474940122,0.55125637571150732,0.47380370032185581,0.32301754018168582,-0.35248569636123406,0.87830148730131952,-12.388469990776077,-0.19662885495158067,-2.5308362482838707,,0.4063147808067685,0.4473684210526316,False,5
-0.85024092251392458,-0.51847588984226645,-0.090956722318578015,0.48868770249699534,-0.84168430217996437,0.22967774139440006,-0.19563921669971285,0.15083198306756634,0.969007228958085,-12.828167361302869,14.435457028466507,-6.0243931097260388,0.4065034851147809,0.5047996184149559,0.9847328244274809,True,5
0.86933971638115892,-0.46059110874075421,-0.17917669511208423,0.48951870687305071,0.75263383160777753,0.44035639105244312,-0.067969795818895493,-0.47052964419721599,0.87976244565676875,3.604471054964498,5.6618043320891998,-3.2860942243966988,,0.5568662449438359,0.2537313432835821,False,1
-0.92300761740487314,-0.37581117083634125,-0.082600860087527136,0.34877290579370085,-0.90779846353214644,0.23293649304669733,-0.16252507005628139,0.18619321545989298,0.96897765099093414,3.0729520928723693,-6.3296881640089673,-0.32400534010498683,0.4137462613347318,0.3449512340722911,0.9530026109660574,True,5
-0.73667585252486478,0.67393257749810764,0.05588890134472653,-0.6676302998073208,-0.7379526301158813,0.098466737958763678,0.10760330425200831,0.035224944170433106,0.99356969167856524,6.9747800865007958,5.2830825333336362,-3.0716262416617579,,0.3797921511950642,0.404040404040404,False,5
-0.54669332139220472,0.83726031312911575,-0.011026350443149181,-0.81412954482705713,-0.52841924467321666,0.24076167904937998,0.19575366301770439,0.14059967965085415,0.97052162958752697,12.922041588293718,9.5834952753886391,-3.7694474828842255,0.4013653063773179,0.4654891552447331,0.9846153846153847,True,3
-0.52519376424688524,0.84940388182593085,-0.051812696660444413,-0.83031622898847335,-0.49815177081003109,0.24983949471048722,0.18640405004867361,0.17423506758936441,0.96690003172384975,5.8274007006317827,3.3614107898625551,-2.6413222738417299,0.192116715851548,0.1818640449551178,0.7642857142857142,True,5
-0.90141416110889405,0.43054371875958303,-0.045657599466234877,-0.42993598648648762,-0.87769384053618349,0.21168034818739487,0.051064250471741832,0.21044150855169966,0.97627189542782888,9.1265031506316383,-1.1188050005133867,-1.5866464382053445,0.2045049523044403,0.1931361859934065,0.5826771653543307,True,4
-0.042180640332178256,0.98725906167257016,0.15342861117329087,-0.97073366635283398,-0.076835593373583783,0.22753558095408977,0.23642534252984229,-0.13934072174467418,0.96160658310627278,3.3426844045377209,13.794465343761235,-5.2509460413858076,,0.2650980867220108,0.3333333333333333,False,5
-0.55340330793063308,0.83279125618692473,0.014265426388200164,-0.81342505953136213,-0.54405885582226132,0.20576596882811346,0.17912133121946502,0.10226771249996748,0.9784972476620416,13.827443780402367,-10.641891527313211,0.85694936540958722,0.2468822556241944,0.2846230939546265,0.2580645161290323,True,5
-0.92985741444077252,-0.35758135641092798,-0.086606941735894394,0.33106561561908876,-0.91589099894665016,0.22702254558361329,-0.16050154816785264,0.18242601677346046,0.97003092808419988,-10.302271523214733,9.5526265587404513,-4.7588544125372936,0.3703125839923466,0.3910624867035232,0.945054945054945,True,5
0.53394339538501046,0.8453633871989843,-0.016284781490299251,-0.80454930543982017,0.51389888721175481,0.29767154522866823,0.26000935683361398,-0.14583784593163823,0.95452944273761964,3.0660520183730067,19.212977884317013,-6.4689012076223671,0.4165167730853723,0.3416281014600371,0.6774193548387096,True,2
-0.8686954750990995,-0.4496055060887601,-0.20790156429671436,0.45694181609451795,-0.88938500069943971,0.014088904680730208,-0.19123898202666376,-0.082759950613378902,0.97804828220690498,-6.2923808462637307,15.606661881817976,-6.0709763535032213,,0.2289728351635122,0.375,False,1
0.83763134137668405,-0.4484842200902534,-0.31182629823915314,0.5399070662981198,0.59311626152316643,0.59725493725723156,-0.082910166474648272,-0.66863667611552602,0.73895256928190356,-2.7469693154642814,-7.1864718876874338,-0.26390803046400302,,0.7555412071891943,0.446969696969697,False,3
-0.78277845630474374,0.62113821264800984,-0.038015906323529226,-0.61044942598806651,-0.75457175402716181,0.24077575944271032,0.12086929575373442,0.21168086548578147,0.96983597815877531,13.378458740006183,-0.72469372127307641,-1.4692419156129721,0.279318516555638,0.239271861279555,0.5333333333333333,True,5
0.25725556074755546,-0.95940243848546991,-0.11561374266321289,0.93671055762526079,0.21817493647255251,0.27381203101502233,-0.23747190928157097,-0.17873628093739813,0.95480910876406777,-5.3392885307315963,-6.2570228079234251,-0.55410783670972408,0.4467235541550132,0.3899755867842026,0.9554655870445344,True,5
-0.95848275925135606,0.2768835904702539,0.068163608664808556,-0.28510315215015747,-0.93489596567738498,-0.21138998555796207,0.005195464555997939,-0.22204731632796637,0.97502204921714286,-24.876778811038072,4.6433026641343407,-4.2623022586487531,,0.1966784711248078,0.4,False,1
-0.93073553227996075,0.36383697085775485,-0.036797113862262198,-0.36556150856257158,-0.92298062972305372,0.12029771657638819,0.0098057334756761344,0.12541696772402583,0.99205565962697662,7.4694320912732346,-10.342711529861475,0.79939553527764895,0.2681316757630902,0.2673827840534783,0.2564102564102564,True,4
-0.17072241238140645,-0.97250249753376505,-0.15840691336322379,0.94125993832540489,-0.20850408700952167,0.26562336908484235,-0.2913478786851374,-0.10375421914754476,0.95097396157558123,19.584344763257345,3.3144228118199806,-2.0809879223156305,,0.2273390622520913,0.5454545454545454,False,2
-0.16505015049619004,0.90844398428472317,0.38404163216776921,-0.9543698260073884,-0.24535776269481646,0.17022867999259872,0.24887081594235486,-0.33842147642000098,0.90748786287745742,6.0131881713856457,-3.41814841980844,-0.94390190433569743,,0.7501681697916226,0.16,False,1
-0.99713804450732391,-0.01573252028777062,-0.073947332619281478,-0.0024638149521651539,-0.97082671902830175,0.23976949605115691,-0.075562224768684863,0.23926547896873701,0.96800949414862103,2.7314881417333821,-0.74984873041414057,-1.7853865753937288,0.2802717895504312,0.2262998027293934,0.8862745098039215,True,4
-0.88148793083168975,-0.45286893362007907,-0.13374885704138423,0.45140035201967438,-0.89129104431125916,0.042871861716718751,-0.13862449276581065,-0.02258325247513731,0.99008749447362709,12.394740423576375,-15.70546108337234,2.0233793250573928,,0.3132321641655051,0.4166666666666667,False,4
0.86147091953394106,-0.47087686352724506,-0.19011268814072282,0.50607168784832213,0.76516799922026124,0.39800675839439553,-0.041944028844376549,-0.43908189710350004,0.89746742898018061,10.726232865470713,3.4675956756833752,-2.4332989617005367,,0.3274549924061947,0.6428571428571429,False,3
-0.90290700287162329,0.41681135768488681,0.10501064836607987,-0.42711116362264773,-0.89746198927555221,-0.11017273580372519,0.04832181778752842,-0.14432695489911365,0.98834949891992085,10.319033791254292,-6.4873314645448819,-0.18381693522518447,,0.1415880501756626,0.2307692307692308,False,1
-0.27150379759698751,0.95656048472721866,0.10619664283226483,-0.9358525783969095,-0.2881472751858557,0.2028573373354397,0.22464558619806357,-0.044307864554685633,0.97343267550474866,11.309136071756756,4.2051334889538809,-2.5762143469407111,,0.4125452829860516,0.375,False,2
0.38429945358422984,-0.89244466614100926,-0.23633968742326406,0.88876461100530102,0.28835973101697782,0.35629500663412828,-0.24982272954929408,-0.34697432672213646,0.90398972361208929,10.120296251775621,2.2455625537096102,-2.2225856733862845,,0.400109273482918,0.4897959183673469,False,4
0.54298909115025362,-0.72050212567319294,-0.4313230040146615,0.81951565462522813,0.34261973824054515,0.45935368376901453,-0.18318553085875774,-0.60289999325625354,0.77650155145730682,16.692912419818327,-1.3224750168706567,-1.1198274296832018,,0.3429305339451807,0.1,False,1
0.69151075697026565,0.70945883019088574,0.1359449935032207,-0.66617550133136472,0.55355410453401077,0.49978800983962712,0.27932610765969534,-0.43617200920936017,0.85541270972668793,-22.432041236742069,7.859659099586505,-4.8691552999206813,,0.4827183438269297,0.2142857142857143,False,2
0.36821011716993923,-0.89240192095947146,-0.26084501352631639,0.88630647320366496,0.25215928424765183,0.3884282828592589,-0.28085965386822664,-0.37421184753499792,0.88378919884408103,-10.684218192614285,6.334412551982485,-3.9988371948422587,,0.181031711139068,0.28,False,3
0.060909878244044598,0.99737894198795107,-0.039054229108905394,-0.96152443857453418,0.0691312316710474,0.26587897026950236,0.26788195302450402,0.021356940011134154,0.96321500214497202,5.017046323327488,8.1740601421899299,-3.8895008044779034,0.2471851618990574,0.2433100265493524,0.8708333333333333,True,2
-0.30597489026062707,0.9518557321566169,-0.018709133881315107,-0.92551638891621379,-0.29278688220689053,0.24019836688674889,0.22315640339790846,0.090810278978539563,0.97054351414779461,0.32609075365388807,2.1686751812254301,-2.5342966844604913,,0.2924165535257616,0.4179566563467492,False,3
0.54174571671122085,0.83893332223025341,-0.051985183242493044,-0.7991541914639162,0.53325233216294587,0.27747887939162802,0.26050749833872372,-0.10877881730598582,0.95932424769460056,-6.7739142820899207,11.456608431624023,-5.0366388383996767,,0.5337069598140857,0.9523809523809523,False,3
-0.95693152269692738,-0.2756119904824878,-0.09121453596450621,0.25080253369570926,-0.94307682516463798,0.21841289094098579,-0.14621952660555182,0.18612934357501898,0.97158412785490711,-4.1935422558515754,0.78430635393186487,-2.2912821220833779,,0.2900597441921547,0.8418708240534521,False,2
-0.99551410459702905,-0.03714174668218205,-0.087018148691937816,0.047619272343071853,-0.9914353965326439,-0.12160698747882648,-0.081756176830206098,-0.12520521217407729,0.98875658399555189,8.2140548391849268,12.008480186304652,-4.5920830164077513,,0.435441352471195,0.2413793103448276,False,2
0.95552779913924379,0.29270697883504543,-0.035906122226897805,-0.25775403790755469,0.88810859983762813,0.38056007520074675,0.14328112581377722,-0.35438078310724952,0.92405886151793848,-24.29545800592847,11.906002153128227,-5.9845919555883897,,0.4434164294724802,0.5,False,1
-0.67237641182548624,-0.723041943863173,-0.15849387444077634,0.70069767048740694,-0.69074520943087336,0.17858843809670497,-0.23860581592703398,0.0090223645938048574,0.97107459113238637,-11.475898429127835,-11.289975949698613,0.35890087795784625,,0.2428562067293178,0.9210526315789473,False,2
0.96126821923049455,0.26879943602444495,0.060912017618643594,-0.23834535328321035,0.69974958390297148,0.67345527869036692,0.13840124011631966,-0.66188925283657418,0.73671413296726274,12.787774363774284,-7.6604075471286741,0.17387675244347334,,0.08374856207958324,0.25,False,1
-0.64045362649838355,0.74284537300194731,0.19493564095533611,-0.75173498900470437,-0.65831866178749388,0.03887217318881428,0.15720578428024526,-0.12164411762153519,0.98004543263917721,12.691152870896541,-2.2560498211377169,-1.0705233323645056,,0.5407358607854572,0.5,False,1
-0.60432366792775782,-0.68931284887736832,-0.39955062351960891,0.75552880584650939,-0.65499155995227931,-0.012738913902994448,-0.25292118914493783,-0.30957043263827178,0.91662261553905833,15.944078825171744,-3.9236132594201134,-0.53354718237120102,,0.5434605803218208,0.35,False,1
0.98802197035449124,0.15215148426909006,-0.025739307130188648,-0.1122451932565994,0.82306703353095811,0.55674201826819014,0.10589429959926051,-0.54718423236535429,0.83028658495914565,10.816396275291977,-16.820112577211834,2.2454245566859998,,0.5774676760597239,0.2307692307692308,False,1
0.92357647365272311,0.38178763562007123,0.035280286320230919,-0.34607375421884334,0.79048411701069632,0.50533930917225933,0.16504379405502467,-0.47892907830017628,0.86219921364059893,8.4406654082824808,6.9046539424179469,-3.4580012701919229,,0.4246742885812396,0.2285714285714286,False,1
-0.93031234126591189,-0.30666538613578942,-0.20118471272570781,0.32985826388945727,-0.93939902348198834,-0.093397004368023173,-0.16035109426558833,-0.15325082586163941,0.97509061678418119,-0.054637147224775917,15.831760377453946,-5.78301424198576,,0.3308139771462592,0.3636363636363636,False,2
-0.93945013550887568,-0.29524906915626309,-0.17395812730285687,0.29224237947341086,-0.95536580089463918,0.043250180585350378,-0.17896322117149033,-0.010206549040034645,0.98380282161854948,16.518202262805477,-9.2800335745993028,0.69006385172204388,,0.5792841043163102,0.1851851851851852,False,2
-0.75758936422830803,-0.62966591320201659,-0.17198602547770919,0.61252806859108699,-0.77684821260725789,0.14600075259046441,-0.22553873369384109,0.0052623493213458175,0.97421998916230379,9.391829047481604,-8.7804207128265723,0.30448946438560637,,0.2869648371556925,0.3181818181818182,False,2
-0.56447210687810523,-0.7394520398080433,-0.3668540873158137,0.78418228322711814,-0.61914900704659026,0.041384220977648933,-0.25773899051035826,-0.26432023739575256,0.92935753339269611,-4.9600017212697001,12.193492854079512,-5.149918874679269,,0.5470633736594882,0.2439024390243902,False,1
-0.8890674858348484,0.45431849223015658,-0.056157931310010747,-0.45423802580662459,-0.86030983906735625,0.23137587755684713,0.056805118982385043,0.23121783759394096,0.97124224065666565,-1.3554714230228335,-0.7800984397372237,-1.9059629264827962,,0.2564920032596253,0.9393203883495146,False,1
0.43958477989821759,-0.75811061865529761,-0.48169856877918749,0.87424908368681864,0.23810674260175935,0.42307649284773263,-0.20604310460336628,-0.60710251935703696,0.7674456137315171,-1.3783812195530059,10.412363469429971,-4.5847209369420181,,0.1463871866129857,0.25,False,1
0.98296375626077204,-0.11832715188530749,-0.1406447261877444,0.18210785615454589,0.73057152442734397,0.65810483695434319,0.024879361014894678,-0.672505712111517,0.7396736338229668,11.333744916100336,-9.7318334518733991,0.58796468963552584,,0.4115130769012162,0.2857142857142857,False,1
0.69997257115160172,0.71401821171895208,0.014710301461394543,-0.67344737122851928,0.653063721969809,0.34637611527404183,0.23771209018645281,-0.25236039384302988,0.93798038028445874,-16.748941627123397,-13.12177886936559,0.67968843271991086,,0.507960326644314,0.7346938775510204,False,1
-0.92818502064686659,0.36891822970631583,0.048702230309645961,-0.37082705399920829,-0.92790290920845675,-0.038516062944579571,0.030981663432489398,-0.053810137268367593,0.99807044123053523,-1.7556068241645046,13.878138966247773,-5.4040292324191954,,0.4304323054378981,0.2258064516129032,False,1
0.89114837764796762,-0.42373345728858691,-0.16218670164244786,0.45029641455782543,0.78222164037959008,0.43053739019768122,-0.055567149033958131,-0.45670478703000777,0.88788120233064571,-9.8577223423104989,-1.5866528074946165,-1.9907808129311462,,0.5441832966380694,0.3898305084745763,False,1
0.37182549473781479,0.92544002830642158,0.072846108140311172,-0.88772780373070881,0.33153048661146589,0.31941647254112915,0.27145008371049095,-0.18343470351974092,0.94481033101792089,5.9059370508063438,8.5723646965709595,-3.9161289060810778,,0.2672748003990875,0.1,False,1
0.79102701112923879,0.57383151948251587,0.21211707831367749,-0.57205454627759977,0.57087335835196751,0.58894584199829125,0.21686369854605275,-0.58721460810536197,0.77983917590782359,-4.3918297306228737,13.332644019956343,-5.3985938075450051,,0.1997634930230022,0.3846153846153846,False,1
-0.96315229352117904,0.26705587757261484,-0.03191892446203571,-0.26895628891191203,-0.9561603448087912,0.11584433378402997,0.00041730040096320253,0.12016053124489028,0.99275438684063289,6.2678336947571802,-2.5841501846785162,-1.1582823989713866,,0.8152393945172267,0.3511029411764706,False,1
