axis_00,axis_01,axis_02,axis_10,axis_11,axis_12,axis_20,axis_21,axis_22,location_x,location_y,location_z,dbh,dbh_approximation,score,reconstructed,number_clusters
0.85808528104126014,0.49403656941245261,0.14006255225261585,-0.51178447603849309,0.80045626357088451,0.31200387849535449,0.042027378532894025,-0.33940777568186842,0.93969998470806593,-5.0502733617402402,-14.400824198721498,1.7339105875462004,,0.4145639611905751,0.5,False,5
0.52601991286556427,0.82996830991069737,0.1856223472884766,-0.84160544263052661,0.47655192219590731,0.25416243700842261,0.12248808188382487,-0.28991528072070577,0.94918164742111133,10.59674307629094,-6.0073169787176157,-1.9047490893634977,0.2552542305643719,0.2301258491714738,0.1818181818181818,True,5
0.44499511625495541,-0.8674042805900507,-0.22268623783991789,0.86652169821268399,0.35427443126608688,0.35161025849326111,-0.22609620305490724,-0.3494273048362827,0.90927502198125243,-5.2559501695402044,3.9655542936056998,-2.8509012476107833,,0.2423209172554693,0.5263157894736842,False,3
0.76378503588359947,-0.64345022748381853,0.051031595226014442,0.61101120557401056,0.74623295828492275,0.26420007311188937,-0.20808105541659408,-0.17061118580080192,0.96311686604293323,-16.258338878719208,0.9552481028444274,-0.96138715595723989,0.3626305631974279,0.3414823054594264,0.8842975206611571,True,5
0.32281941202922948,0.93381355726124859,0.15420722256819744,-0.92925989958691424,0.28179612077728061,0.23888697188125721,0.17962089588024771,-0.22041593996345044,0.95872475047492545,-13.388987913895585,2.7232037819719492,-1.7144708178501855,0.485591290749111,0.4651783571360897,0.941747572815534,True,5
-0.63918661606060689,-0.76635434409523973,0.06435440261044198,0.76089563699243667,-0.61803505524032809,0.19766259155429622,-0.11170630893045502,0.17531026718490028,0.97815541237816339,-8.0920195949163265,-1.1216954707006588,-1.2467876527140056,,0.4251043973412823,0.1089108910891089,False,1
0.4580894339416301,-0.87903046339761992,-0.1321344577693663,0.85416430434964696,0.39414344225066611,0.33919653315693149,-0.24608415569866007,-0.26824688507001043,0.9313893906225883,-1.8476459840175479,-3.9398904945151907,-1.0628760394238468,0.6589694936464272,0.3290204833367643,0.5535714285714286,True,5
-0.830029000839415,0.54459597420444317,0.12027918625363314,-0.54726233722075623,-0.83686688135625165,0.012560141270569342,0.10749786986353682,-0.055398987078961355,0.99266064705186507,-11.874533610153703,-8.8345057333350017,1.0277067168509921,,0.3085530865553225,0.2105263157894737,False,2
0.85226447831885965,-0.5192519486717756,0.063424544116982562,0.4872262619716311,0.83207635577405392,0.26506510107315667,-0.1904096337926072,-0.19500346653927736,0.96214230724806582,-13.870515245143315,-3.4760304782978331,-0.095855341357190177,,0.08039528347001584,0.3,False,1
0.71642833099266356,0.68664620406805621,0.12348051259205362,-0.69184281442733342,0.6764276392365397,0.25258497382494588,0.08991088185716771,-0.26638813658984761,0.9596631669538308,-7.1999871884416367,8.5086333002118497,-3.8451411549131724,0.2990079924505364,0.2645487991556565,0.7248322147651006,True,5
0.92366711963914372,0.35428986330612383,0.14600597541216009,-0.38300777758664395,0.86550796990203793,0.32280179111057195,-0.012003932925009078,-0.3540828247664401,0.93513702675049226,-13.131369895234691,8.75265656927359,-3.2715744233493633,0.4532128421833181,0.3598560457167383,0.9426229508196722,True,5
0.9892870799979786,0.10658373827242429,0.099754599317267351,-0.13122997650991672,0.94864178588404269,0.28784970964018797,-0.063951283132396453,-0.29785679245336866,0.95246604379112176,-2.9395479019973769,-17.17715257493656,2.1868849874723568,,0.1762438511865792,0.375,False,5
0.072049620057322253,-0.99736856083311298,0.0080502243000711571,0.97139075603982405,0.071999640896112133,0.22630963477327001,-0.22629372799522193,-0.0084856097315891693,0.97402214712885682,-21.267328606810285,-6.9209374520538756,1.5137864505144387,,0.3220292251926403,0.8333333333333334,False,1
0.81950069833604267,0.54619958810777813,0.17344917231751919,-0.56957388074296467,0.74286855883004832,0.35175545294588784,0.063278746843928646,-0.38705595752121058,0.91988232179187002,8.6657526607983115,-13.179883491459318,0.044510968903683813,,0.2995122475253825,0.3928571428571428,False,4
0.31640442040313355,0.84170591409615525,0.43751502479905108,-0.92877894250143167,0.18102404450224724,0.3234191881722106,0.19302310409710158,-0.50868600284223042,0.83903553667119213,2.8935016336278876,-13.473187656722072,0.70556306961688209,,0.4235591765707095,0.2954545454545455,False,4
-0.94578769982794697,-0.31923958270809727,0.059763832595649317,0.32469051307698915,-0.93381604095304604,0.15021209131285068,0.0078547801982248172,0.16147349779805523,0.98684578933939771,10.645748335015655,-9.1829568409451969,-1.1200352138883449,,0.1888260921613395,0.4375,False,5
-0.016115049201784609,0.97457065548937138,0.22350020726666264,-0.97409354433880868,-0.065730520673255688,0.21638222091817028,0.22557054787068545,-0.21422309892035407,0.95038223458894622,-16.598637797554186,6.0747943188215441,-2.2619375916294544,0.3821875934772223,0.4998207864227706,0.2745098039215687,True,5
0.93076101460937799,-0.35957599939058327,0.066249787513506797,0.32787949400106836,0.90103308607176913,0.28396199607973577,-0.16179916902420982,-0.24257880877407215,0.95654406612389153,13.470795215381607,0.90671160321581501,-3.9402296033156827,,0.7651260767244916,0.7,False,1
0.12192952302301628,-0.99196477628675894,-0.033750170692023171,0.96077717868129631,0.10942615508223558,0.25481979811060151,-0.24907911261402252,-0.063496450217941189,0.96639939800743491,-6.9511657814064067,6.6469383478474375,-3.4491815319044088,,0.1323591476119869,0.2647058823529412,False,4
0.59907226794315349,0.75454830346299151,0.26789788263920639,-0.79028847732111474,0.50344098283724537,0.34927252885582649,0.12867222075849336,-0.42095609574038928,0.89790836117283579,10.061648915501037,-0.52358615404540387,-3.16715061475709,,0.2245724480022861,0.2916666666666667,False,3
0.59809461247869888,0.78877125462005171,0.14185465240542577,-0.79101450844880139,0.55256624178901492,0.26261491933754305,0.12875900724786438,-0.26927765655596603,0.95441639850343718,-2.9800368862116828,13.058875027026948,-5.6288235784606524,0.4479121587197392,0.3928331146580063,0.9641434262948207,True,5
0.98549727387695385,0.13808475756669189,0.098629219346192107,-0.1668584567871243,0.89431169641121322,0.41516845383617074,-0.030876829171900738,-0.42560449878948087,0.9043823483629273,-12.383506211566466,2.0078804723861343,-1.6822078341311977,,0.2362379272622515,0.1538461538461539,False,4
0.95625147940380406,-0.29253314736487113,-0.0027323672592199366,0.2682666296951895,0.87312555952958437,0.40704394441894687,-0.11668814648463943,-0.38996937698869805,0.91340448952313935,-17.931263583483346,1.7677988822118333,-1.0629748304696389,,0.2973506000100973,0.3333333333333333,False,5
0.58389921677425327,0.79607782102616043,0.1591282737939905,-0.80241927192132301,0.53618491167952942,0.26197147275317922,0.12322749977041819,-0.28065253135764962,0.95186613551637411,1.6822412246812473,-20.576960699796167,2.5255747898517606,,0.5544451454364803,1.0,False,5
-0.98143615670666584,-0.19173625858913532,-0.0045030490879918172,0.18650542259549258,-0.94866169189497251,-0.25545395215859223,0.044707914862196045,-0.25155158809518147,0.96681073684329055,-15.753666666711958,4.8683833613006868,-2.0313497901528077,,0.2194251972973666,0.1111111111111111,False,3
-0.99404496873607751,0.057592665287643917,0.092507756623738377,-0.068295836972660062,-0.99077530814788473,-0.11704685991801866,0.084913360448725703,-0.12266773687294424,0.98880854949164732,6.628207887051019,-2.547387790832663,-2.351158169749366,,0.5277877749286911,0.3243243243243243,False,4
0.23589633449530192,-0.97166824981996391,-0.014619564408318519,0.94309164567685311,0.22527849302365943,0.24459711452818547,-0.2343737767460469,-0.07148715180224649,0.96951457951956399,-19.625628278687039,5.0146539963830232,-1.6490459628842011,0.3562736851174261,0.3220107548645769,0.8095238095238095,True,5
0.2544115612060267,0.89649502959015714,0.36272774838004368,-0.94819055868492197,0.15742906280477198,0.27595426179928273,0.19028773461652237,-0.41414098095280943,0.89009989661271016,-17.283684145646387,-1.525199401859878,-0.23478773489036631,,0.3984189064059984,0.1666666666666667,False,1
0.85517749171874613,0.50108192405806462,0.13262112591855291,-0.51688810459352019,0.80529791001484152,0.29038244343528913,0.038705877943210926,-0.31687881202125023,0.94767593274528661,1.8444417136859346,-11.929869718285188,0.50035426770643054,0.5341736813306173,0.4642212336255905,0.9928825622775801,True,5
0.59620216452909336,0.78677531417279711,0.1597735397965542,-0.79039224084490156,0.54032037497881413,0.28867628582017191,0.14079447653583529,-0.29839319260172614,0.94400128071202849,9.9718356457559061,11.377187016943134,-6.5249696927025003,0.6057876457222204,0.5978722878504177,0.9156626506024096,True,5
0.91889137045456193,0.35820604096287634,0.16530904851773931,-0.39419583235566802,0.85040160829493905,0.34846341323416447,-0.015757381050170799,-0.38536416131638934,0.92263002775508918,21.241342674572291,7.9776842849522813,-7.0953523362800537,,0.184853662826698,0.2173913043478261,False,2
-0.90055201213632641,0.41648401114746575,0.1246881786527114,-0.39356201710033639,-0.90283743314906062,0.17318633895526742,0.18470249628287994,0.10689077492156172,0.97696435457161901,2.7874143798674798,13.846909961446761,-6.4925116222350585,0.4156039718764624,0.3664061896279655,0.6338028169014085,True,5
0.10235573232052998,0.98319789533629975,0.15114629557947334,-0.97135039505597998,0.066026628695930317,0.2282956292346407,0.21448010184098382,-0.17018338023825724,0.96178786798595117,-11.57484100186849,-3.6602290886525468,-0.28329809862397115,0.6458025251308115,0.5914757305006743,0.9586776859504132,True,5
0.83694359122253004,0.53709025463823845,0.10516407886806663,-0.54566625767826082,0.80412426636603163,0.2358654266158885,0.042116034273640662,-0.25479054655525496,0.96607868056547974,2.5992472985567932,0.07487804331430048,-2.5361834056598869,0.5699771809753931,0.4946198640065697,1.0,True,5
-0.94520806446287786,0.3116012765194287,0.097397943231893463,-0.28866573832843523,-0.93705153903448002,0.19648538039358587,0.15249198795228555,0.15760411690236797,0.97565728406330532,1.1260822899477176,3.0892075070386285,-3.1938369980867716,0.4389147556810289,0.3998899849982183,0.9879288437102922,True,5
0.18721022247432959,0.9555857095874295,0.22761433222317656,-0.95594837628664175,0.12389657378583648,0.26610588283438069,0.22608634296667818,-0.2674052928354661,0.9366853126250746,-1.9479486887407154,-7.8031435752148175,-0.15033929262519802,,0.3975256253370267,0.9539877300613497,False,4
0.66029050036268966,0.73112131620659448,0.17169180562602809,-0.74587950920912849,0.61173506565268043,0.26352223282459597,0.087636823725753724,-0.30206262668401657,0.94925126109371794,-9.0364024845591988,13.700490941944597,-5.1301717521411119,0.8392518208210197,0.8080909054707129,1.0,True,6
0.34814751821778328,0.90717508045410389,0.23627669999788323,-0.92482732427607861,0.2911695350249347,0.24477483969091576,0.15325705801413714,-0.30373290120837199,0.94035025330586153,4.1466956728486268,-10.164261635057818,-0.16537969316383613,,0.3350321075634374,0.1724137931034483,False,3
-0.39781635403811733,-0.87759372506124833,-0.26752832035682417,0.90342766988622281,-0.4255189893984217,0.052459841262603557,-0.15987680802346288,-0.22082310430403324,0.96212086707531763,-1.2289188420427051,14.492849981682284,-6.2901731550027602,0.5467344193283097,0.2571017228148561,0.4186046511627907,True,5
0.8133063518480238,0.57348921757746107,0.098198245228976938,-0.5788889432282126,0.78061500132546535,0.23564339819686711,0.058483924729639203,-0.24849615093203251,0.96686570604204525,5.6749316410625639,-6.4091041187314737,-1.2566303814178399,0.1488555389673146,0.1211467381004852,0.7636363636363637,True,5
0.50705964279145954,0.8407081012010218,0.19000107164742469,-0.84989276819986659,0.45100560814091617,0.27253664705321701,0.14343221818603058,-0.29967287164575729,0.94319847793866829,-21.431906386085675,0.50395579566736359,-0.30904453326286391,,0.1203491990108457,0.2666666666666667,False,2
-0.10253452585409596,0.95894993253815053,0.26438929231902042,-0.97247339620060913,-0.15254396792606945,0.17614150996123384,0.20924188082200201,-0.23905096681345367,0.9481943211049223,-14.7976078173581,-0.9261697935112102,-0.64748376274154595,,0.4546341728502186,0.17,False,5
0.99552796622087014,-0.032858516972216104,0.088568540320618949,0.0091740501438994024,0.96675412482933409,0.25554314494704433,-0.094020770450447461,-0.25358781514074269,0.96273221340934134,3.0117219284187264,-7.3289910133879417,-0.78473791976099028,0.3195650997347325,0.274127257267996,0.9844961240310077,True,5
-0.34039899022222286,-0.93962988470608466,-0.034988672780213781,0.92354502225944479,-0.34109810034721971,0.17526174083158991,-0.17661573914997583,0.027345305022031169,0.98389995171143285,2.443884675240898,8.6014591561087883,-4.921734644114685,,0.765690235839428,0.50625,False,1
0.46124347488773576,0.88021507572825097,0.11169546693664192,-0.87370871039960496,0.4286502526894741,0.22998271726611944,0.15455596476792599,-0.20366733005064391,0.96676371075082057,6.0817693865187508,8.7982134424426004,-5.2559855054834514,0.3245074841067515,0.3122590920072216,0.9945945945945946,True,5
0.30295979378707433,-0.95265936976635779,-0.025602510518671212,0.92443221059553071,0.2872420632244983,0.25083278320026919,-0.23160408321519996,-0.09966003366896202,0.96769180337912741,-6.7158076960692359,5.2769508729654708,-3.0888264751124543,,0.1804967065811357,0.3793103448275862,False,3
0.62344933152571502,0.68483342180252138,0.37724543125449506,-0.77388866843344895,0.47176993115107968,0.42252746766572408,0.11138788035707942,-0.55537043173359224,0.82410947310754878,13.511282522871962,1.6478712541620357,-4.1941139449720231,,0.5361622804722762,0.4390243902439024,False,3
0.26252046195079204,0.84922610586917191,0.45814629559500503,-0.94894131965341222,0.14114965732026605,0.28211193894057845,0.1749096306999246,-0.50881410686876039,0.84292041483153224,-16.501947992800734,-2.7340553946417643,0.0032748717297321215,,0.4315876307634262,0.1612903225806452,False,2
0.98446772809790084,0.12291516468738647,0.12536009980703375,-0.15602763004241446,0.93989115758306252,0.30374329714500292,-0.080490191931093427,-0.31858511294007885,0.94447067440754995,-18.47890138361516,-0.30099100949764934,-0.46910127795368728,0.7439628811094817,0.3284691922079854,0.8166666666666667,True,4
0.092339664825074261,-0.98255223295391569,-0.1614450241328845,0.96954683519310814,0.051786392415667112,0.23936813473726781,-0.22683103991081377,-0.17863168553715572,0.95741234599055303,0.19375783316658918,-2.7340274104565077,-1.5747511098792013,,0.2965979765555671,0.2514970059880239,False,2
-0.43098142187498178,0.87590898269036233,0.21688353566131924,-0.87037240204271304,-0.46694578551613497,0.15624824847376306,0.23813209729269602,-0.12142935160436093,0.96361196381527336,7.5282792418845847,0.34295814987286743,-3.1992828894981375,0.5713006153776896,0.4749378677714832,0.9526184538653366,True,5
0.12264737912519399,-0.98852469924879227,-0.08818468897040152,0.95256076908486575,0.092313921340259286,0.29001055347561827,-0.27854192071243228,-0.1195703094495868,0.95295190828496701,4.5299310453414607,-13.080085028536296,0.46531904558448411,,0.2478393938187241,0.2173913043478261,False,4
-0.79777612510425677,0.51084757524422952,0.3202936294725961,-0.56759745743148549,-0.81550416938935222,-0.11307553239271567,0.20343642872148124,-0.27200680979650926,0.94054554110546695,-1.788878279227188,-0.06773402934717021,-2.0768144533593009,,0.5260080532770498,0.2515527950310559,False,1
0.9901720234899043,-0.12827218612218286,0.055728001627056295,0.079727790185818062,0.84510407342016514,0.52862329173120159,-0.11490362644405647,-0.5189849240161809,0.84702526837983105,-1.509428558617488,-16.409890488039832,1.8705386938189397,,0.3980794173089444,0.2173913043478261,False,2
-0.77031565783444156,0.58130961616238508,0.26209333729080841,-0.60366537932329822,-0.79721488585379174,-0.0060444668570076854,0.20543100326277761,-0.16287282133697933,0.96502359917681912,-8.8750085359573241,-4.2068346266025749,-0.37966921185621111,,0.352643938929374,0.2888888888888889,False,3
0.48432587204496552,0.86641751584326543,0.1214460287859131,-0.86220261951849664,0.44913016244268283,0.23428346096054742,0.14844221961196422,-0.21818062568476276,0.96455280934352128,-3.9715621800571221,2.416936430693482,-2.6354111661912647,0.6652429757923727,0.6223232325173017,0.9990123456790123,True,5
-0.33412204498641879,0.93267711014765819,0.13592596242332194,-0.90904004727608578,-0.35698263304282235,0.21496416481382508,0.24901536398862054,-0.051737876960951223,0.96711661167885454,-3.21933569672824,-3.081437897653458,-1.1758625704290162,0.6419598948931488,0.5675183113122415,0.9728571428571429,True,4
-0.11836890561683409,-0.95500319731821826,-0.27195164146416317,0.97088942570593695,-0.16874660160136651,0.16999502198707123,-0.20823670482282469,-0.24391284828800919,0.94717685634973259,-2.2290024828684705,-0.85840612852221376,-1.8346720732118837,,0.5808306696030889,0.1904761904761905,False,1
0.22090642672457594,-0.95971025939262344,-0.17365646733803258,0.94107590452753342,0.16299836837522036,0.29632359646964102,-0.2560790747981298,-0.22888370392747825,0.93916758756197216,11.557575147793965,14.121717767473253,-7.5931917209509567,,0.6391724208864865,0.723404255319149,False,3
0.53678252115136194,-0.84355149561897724,0.016893762913412477,0.79679703546600966,0.51341206334114953,0.31862601508408289,-0.27745091324226417,-0.15757197547397328,0.94772995272190474,5.5171135613428604,11.374309910759944,-6.0638198731365316,0.4180160838867344,0.3380537805152433,0.5,True,4
0.036673630311727851,0.97951913977585381,0.19798307920761832,-0.97780087599427834,-0.0057269221266100963,0.20945798926700648,0.20630194314300671,-0.20126961314546987,0.9575646459010968,6.9978963935920033,-16.48176023174366,1.0444140420390844,,0.2735771434059716,0.875,False,2
0.34905072356704619,0.77052614256165741,0.53334140661153884,-0.92059321625050727,0.17558245757163624,0.34882507190087708,0.1751334421830083,-0.61274812461741401,0.77062832364699263,7.9064340064915006,1.8193712603782037,-3.5728316687288126,,0.6717305318593477,0.3225806451612903,False,1
0.87547147602102748,0.45956403711121219,0.14950113868331519,-0.47963839763823823,0.78841881984735396,0.38515292030767301,0.059132919635232206,-0.408896882238725,0.9106627463067013,9.5327245737888457,9.8143062460351178,-6.0319226805328077,,0.2475152043797124,0.1875,False,3
0.064635072517934947,-0.97273492838561315,-0.22273092847478343,0.97204059246080599,0.010880665324018685,0.23456064829922563,-0.22574187473538787,-0.23166434818664797,0.94624110868753186,9.5380866929059724,0.78138281587249658,-3.4352415410893404,,0.2914175470609792,0.1764705882352941,False,1
-0.81222191567467372,0.57326659543180869,0.10798597251396216,-0.54760405512399091,-0.81307835644385751,0.19756868449811671,0.20106058417682049,0.10133605895523211,0.97432317259002788,16.801165614646493,2.0043567331270831,-4.7274485685851717,,0.1262478344480659,0.6363636363636364,False,2
0.97548128587697092,-0.21717358863794689,0.035663613136190458,0.17698998330451807,0.87042653002187631,0.45938241329413404,-0.13080828228242439,-0.4418068449358748,0.88752234059438206,-9.2593886003348445,-13.434356749465353,1.9038224722415871,,0.2757537399109747,0.3,False,2
0.84102381027077622,0.45429631184822256,0.29375808346108334,-0.54096811075099771,0.70048212259061848,0.46548716317578359,0.005696815612478548,-0.55039954303400784,0.83488196130940173,8.1845484439215479,12.128200515386062,-6.5711109561922445,,0.4343721178167783,0.28125,False,2
-0.37319404033627113,-0.86835143444568197,-0.32663740531913454,0.91250693815456607,-0.40712487590987878,0.039754537290038833,-0.16750312258960687,-0.28322274222154686,0.94431328605036535,-11.678674660860088,10.424115428474616,-3.9765455727656933,,0.602493429452885,0.4090909090909091,False,2
0.99194969215986717,-0.0081200146804097616,0.12637196518823521,-0.053854261953784732,0.87614885631238326,0.47902285963398206,-0.11461032542210031,-0.48197224706832914,0.86865829090762026,-12.143498946763644,0.87590101955694877,-1.3782508876166291,,0.5700822966800534,0.1879699248120301,False,2
-0.48874153226145067,-0.87242165866206323,0.0034877127267538277,0.85974558496848918,-0.4809533541650356,0.17181792759951642,-0.14822025424995203,0.086973102823439577,0.98512254852649861,17.632714542409698,7.4675925239386318,-6.4014694627652373,,0.0882924965877083,0.1428571428571428,False,1
-0.50410054148723216,-0.84914900128244108,-0.15757099255037949,0.85111483791575659,-0.51941445692867982,0.076237488239838086,-0.14658163852240871,-0.095679650681412293,0.98456042358687579,-11.387759739339032,11.832887269299171,-4.3409813906799508,,0.5028463325997932,0.25,False,2
-0.37790599803607794,0.851920501062712,0.36251691893953453,-0.88212626217671741,-0.45021130956250821,0.13843061193299683,0.28114109309471003,-0.2674719361186676,0.9216390015415159,5.8818371528176012,-8.9259225711533965,-0.62097814622847058,,0.6299925993492302,0.2,False,4
-0.088715591914977077,-0.99493241680780331,0.047318386871898321,0.97395311854219124,-0.076696479769067766,0.21338456568593048,-0.2086740679459608,0.06501642850861887,0.97582170368918741,12.394820753462536,13.302906562548472,-7.4266220123294842,0.3936493798940138,0.2584270791640689,0.1818181818181818,True,3
0.83359831504014326,-0.54160292008378053,-0.10853628941030255,0.5166898761449682,0.69507402490058334,0.49990366251689067,-0.19530852785153102,-0.47279845268912007,0.85925328168313819,18.726987528534931,6.8728763936451234,-6.3026049499356738,,0.4189842437168653,0.2222222222222222,False,1
0.84431189983584531,0.49824189352613402,0.19721164096239019,-0.53426845171485016,0.75445804678176476,0.38124831428933825,0.041165972572054982,-0.42725644662396556,0.90319283185843546,-14.34261373128713,3.4320586936897564,-1.8036605935351571,,0.07446411383743279,0.4615384615384616,False,1
0.87004229428882418,0.47507303813657137,0.13165110931673735,-0.49218402309082254,0.82195326868075047,0.28661422072040132,0.027951628982447796,-0.31416306679926276,0.94895746685323579,-8.9676277473152997,-15.547627247941154,2.4015405045481217,,0.1685412729793584,0.3333333333333333,False,3
-0.76736476641657581,0.58008744938925516,0.27322127721592626,-0.60609979424666249,-0.79526864256200891,-0.013813962926434303,0.20927100773061499,-0.17619970833871382,0.96185201985792246,-16.480800705523208,2.1531990102738665,-1.248568027967065,,0.3575152864067279,0.1578947368421053,False,1
0.98991800590396573,-0.12864411136396151,0.059270854544993201,0.087134919130502544,0.88300096124339866,0.4612123245440819,-0.11166847117802708,-0.45139782349343638,0.88530794500566379,-10.156628321347021,14.065268513423039,-5.0578409939506956,,0.5518776944077879,0.2075471698113208,False,2
-0.96934845391387925,-0.21785484052965637,0.11359068338807879,0.22344615461747222,-0.97393934526355308,0.038909738296045188,0.10215376097548944,0.063098496062902035,0.99276542491827524,-19.981341849663103,8.8005004658418038,-2.5901843066510324,,0.4936038815105059,0.8245614035087719,False,2
0.91962814638833834,0.36454145579529706,0.14626550986817022,-0.39214350696297579,0.83072755695839817,0.39511415572807695,0.022528699854383299,-0.42071516863143632,0.90691300826832044,8.2461763221429667,-7.6317326315945468,-1.2699521754573055,,0.2737927318136261,0.3023255813953488,False,3
-0.90707326452259118,-0.40798857090834417,-0.10374689776806789,0.42018657787192071,-0.89250911831684199,-0.16392288887638332,-0.025716387083242795,-0.19228312388106727,0.98100248098866949,2.00674508993816,17.330476762542332,-7.6088090198097449,,0.6912778895965405,0.375,False,2
0.81491100874837374,-0.56617286145925638,-0.12396910408543743,0.54408184843043395,0.67357545646334227,0.50027097323223013,-0.19973730254819871,-0.47512566274327706,0.85694843168858892,-4.5389777989322475,-8.4307651597388187,0.21238888677489473,,0.5037132352114082,0.1333333333333333,False,1
0.99121657831617849,0.0017028347154512489,0.13223764677692779,-0.046157495332717818,0.94149187018401659,0.33386006649794642,-0.12393216086140757,-0.33703139131442178,0.93330094866173141,-0.70748622076385503,-11.865430940115438,0.63175099347444919,,0.2964737751401579,0.1052631578947368,False,3
0.91206163338495383,-0.40624201412864142,-0.055776364742378751,0.36017293255850891,0.72865029530399461,0.5825325791795728,-0.19600774362094434,-0.55139475252318659,0.81089135605857821,7.6905018559276819,-5.5289837723359607,-1.6563825538155457,,0.339475565683332,0.4166666666666667,False,2
0.84418426750100439,-0.53124589600368177,0.071629047760243827,0.49827854532643356,0.82693170713566633,0.26058097206255693,-0.19766490272976384,-0.18428713930423729,0.96279116973302958,-9.4505148934872807,-10.672019976272448,1.2343072972807794,0.4671575958117818,0.4791037838200622,0.7647058823529411,True,3
-0.53835137411539713,0.7906085480876176,0.29174633104608871,-0.80967048770745609,-0.58125537682968054,0.081091850651944297,0.2336910338965425,-0.19256248491691266,0.95305203954400619,12.491247271397697,8.824130714438029,-6.1242392157663899,,0.1172940870004199,0.5,False,1
-0.94935748468646197,-0.31395630259503576,0.012320971173103254,0.31364775997956518,-0.94928575723692066,-0.021946156085451418,0.01858625647071549,-0.016970302530604123,0.99968322977952584,12.650376248479066,3.5858483200877638,-4.6944496840631365,,0.2449510248647726,0.1851851851851852,False,1
-0.61184409665301109,-0.7816657552538181,-0.12101838064665821,0.78374445773895762,-0.61975557554414407,0.040591274252166021,-0.10673062519412413,-0.070011953589550716,0.99181999374898999,-4.6353742593636049,-2.6126472826878002,-1.1433734567989966,,0.4373904618291468,0.3015873015873016,False,2
0.96432453171347143,0.18825405809497034,0.18611450009703823,-0.26316531229942647,0.75788494160829856,0.59695429781996845,-0.028674307976658944,-0.62463655424107389,0.78038897939931107,12.60166547886527,9.9702974531627344,-6.4971000296576822,,0.4531024460493842,0.4210526315789473,False,2
-0.92389007141384472,0.33303930475865401,0.18844616586387133,-0.33575241299711406,-0.94177245532646947,0.018301900310323693,0.18356866047758952,-0.046362310924135224,0.98191297120276277,8.7975178352838288,-3.8107385212472771,-2.1942635089642835,,0.4106075765931892,0.1724137931034483,False,2
0.63665554416576187,-0.77070433898660162,-0.026163714381259542,0.74135316726590694,0.6023645253761013,0.29589264937343962,-0.21228565535100768,-0.20777824822548335,0.95486281742276657,4.7861481213647892,-14.38047682201438,0.77138839147178817,,0.2915751085908309,0.25,False,2
0.78245193060112617,-0.61860236984610739,0.071414874636529568,0.58731577599301099,0.77122189462045143,0.24551368297463511,-0.20695206103902145,-0.15015957271789901,0.96675899124491205,-12.669194877850281,-15.120939004064008,2.6052916752335884,0.322077087727083,0.3640712868245719,1.0,True,2
0.99627958244756809,-0.032867018045252577,0.079666509418411718,-0.025415738242514075,0.77125002070269733,0.63602472107275732,-0.082347033022986585,-0.63568322668677013,0.76754530906091067,-13.657122106153677,12.751955314291687,-4.2610846841591714,,0.5610441728633591,0.25,False,2
0.38209412998228781,-0.91800821987827763,-0.10613662925208382,0.89300421929733531,0.33723037839742898,0.29802539523182175,-0.23779726691077696,-0.20865421184783811,0.94863896173830142,-16.676679389852154,-6.3586535321707771,0.92487614856952538,,0.2024643187144796,0.1428571428571428,False,1
0.7387177247456439,0.64217110353440932,0.20472517415310032,-0.66920752080499502,0.66258428590734308,0.33636789110538978,0.080358056501201813,-0.38548454943623134,0.9192084882665601,-17.123214444674002,7.6970970885804952,-2.6070859492909721,,0.2272978670507288,0.6842105263157895,False,2
-0.20814164510957125,0.86467807663556773,0.45717488924578731,-0.94871586451167711,-0.29218391673341476,0.12069286319490201,0.23793962258300666,-0.40860785918547582,0.88114945010305723,12.174080670078695,-10.785723572954179,-0.88492198236685871,,0.4731152423010275,0.25,False,2
0.99384919897242308,0.028336200281721437,0.1070552635579784,-0.081323132197695172,0.8429225977541186,0.5318534030773947,-0.07516859631142675,-0.53728814797001023,0.84004233713517518,5.7040625889097099,10.059553525286562,-5.6424469435855986,,0.3149153768898709,0.4090909090909091,False,2
0.77509131341255366,-0.63050233805472322,-0.041234179753361952,0.60159123425506733,0.71644754873633643,0.35325755020545802,-0.19318758433157507,-0.29861297965296951,0.93461695129229738,4.8231029359621971,-15.472733049700635,1.005422043755037,,0.4670957827684212,0.375,False,2
0.92777114586172149,-0.37177412134923149,-0.03201099188459601,0.33554476472241967,0.79366705963352335,0.50744685369017095,-0.16324953835709538,-0.48153566965250311,0.86108825742690942,-3.7391629200446586,-9.6048355969581287,0.47888737007161958,,0.5678334541495433,0.1683168316831683,False,1
-0.034472871394422074,0.98012011930820953,0.19538723823496049,-0.97412386658824213,-0.076648066464315823,0.21262118062520247,0.2233703509443381,-0.1830017093760149,0.95740067927929762,9.5770579437962056,-7.9849889095429107,-1.2892969989594458,,0.2067193053378055,0.5238095238095238,False,1
0.62529534411373477,-0.7793946487713409,0.039366408221792742,0.74646078229863877,0.61206132834328641,0.26110769968876163,-0.2276005999987496,-0.13388394905010287,0.96450663816635263,19.071996230594852,-0.16326508355901803,-4.4493339248073367,,0.3756760449239374,0.5517241379310345,False,1
0.71879494114584785,-0.66743853775391615,-0.19457551465704503,0.66049314673809068,0.56824598118198855,0.49075992907177796,-0.21698533520759983,-0.48127154828790369,0.849290916655425,-7.43091130443179,-8.3679289756747082,0.49986645686424502,,0.1638906474206097,0.2727272727272727,False,1
-0.36633311367008992,0.85429882752254271,0.36874593302487546,-0.89958419287527824,-0.42644882237784076,0.094285109224560543,0.23779892715845316,-0.29717825490126615,0.92473604615378047,-13.413629874379934,14.86603153724818,-4.8596594971297185,,0.3902742629947357,0.53125,False,1
