axis_00,axis_01,axis_02,axis_10,axis_11,axis_12,axis_20,axis_21,axis_22,location_x,location_y,location_z,dbh,dbh_approximation,score,reconstructed,number_clusters
-0.40761411546652343,-0.87710833970420654,-0.25403089043219618,0.8313744858497969,-0.47152953906471629,0.29406862815914681,-0.37771311487745568,-0.091328277169488645,0.92140759093835556,8.4954512215632683,2.9757899858241932,-3.245139634032975,0.6138317119396932,0.5253773742724497,0.1759259259259259,True,5
-0.67956636241878166,-0.71578760973645383,-0.1607409618506718,0.64318520294554971,-0.68670740003294228,0.33874140793810281,-0.35284891069804492,0.1268110582235259,0.9270472489206969,1.3072572918619199,8.5317291615314499,-6.7317176506393528,0.7428464632971212,0.2701790896622842,0.3837209302325582,True,4
0.66434126571924523,0.74727553400994595,-0.015164396878933589,-0.66473496579545244,0.59999407295633389,0.44512305901423327,0.34172811987231955,-0.28563331158571137,0.89534099839173564,-7.1226780182305847,-10.807884546350978,1.4223404559530155,0.6346360208432655,0.5016920335766943,0.648936170212766,True,5
0.8335378143232125,-0.53939912973587423,-0.1194290204827267,0.53182197810286369,0.72488542394375077,0.43784301497299932,-0.14959978509355881,-0.42847368763329063,0.89108372407192526,7.8251572114607448,-11.401720173341237,3.2007183973427198,,0.2958056749079069,0.875,False,4
0.94519788229127732,-0.30922657236749146,-0.10478497150802349,0.32093844845790692,0.82098081795529643,0.47221712045507636,-0.059995629953490531,-0.47996814841331437,0.87523202689068602,-15.360816921417511,-4.4443373554342998,-2.5569459438983664,0.4805579236691019,0.4787826992422357,0.930635838150289,True,5
0.97807534009260855,-0.14922917822162488,-0.14525591716011299,0.20800302192842146,0.66598208153034777,0.71638160916452143,-0.010167200763814943,-0.73088885574196794,0.68242077091837161,-10.918780693893771,-8.5738448272199541,-0.018980538509492835,,0.5525969190170081,0.3793103448275862,False,3
-0.99570194863684236,-0.062370022084325891,-0.068466121739115399,0.048016288281775947,-0.97977813198036701,0.19424018161210527,-0.07919637327830141,0.19011783829578685,0.97856177220515883,15.481183377608208,1.048801413611312,-1.6104901325765524,,0.3043466754164474,0.3157894736842105,False,4
0.89350382413816021,0.44565672009854368,-0.055145299722563289,-0.37952530253702782,0.81508005418063201,0.43772714104916433,0.24002387586375729,-0.37018183789579145,0.89741514691219315,14.307281173935806,8.0609960738815936,-4.9880716564879002,0.2997363008779425,0.3919546392798089,0.7391304347826086,True,5
0.99661861921871742,-0.01343794107587311,-0.081060160166501138,0.047563218189021296,0.89879540613017361,0.43578040134315338,0.067000508222557709,-0.43816234395362835,0.89639538834098276,20.803174726970688,6.8235262998091359,-3.7491089886276363,0.2973452198151264,0.3940987400377532,0.9245283018867925,True,5
-0.70695242739234476,0.70571504564122967,0.046739060320755935,-0.67227048470139061,-0.69103688489735149,0.26555680957324385,0.21970585063540582,0.1563147404020494,0.96296159899012135,-11.177966539558264,-11.389847218448015,1.2621246414983358,,0.2811170800130287,0.45,False,5
0.50695600453346756,0.84827019909120627,0.15307932192568852,-0.76682312673578401,0.36271843509087254,0.52954473762693977,0.39367232792084711,-0.38584064868672691,0.83435549500820538,-1.031492334558386,10.383158846976279,-8.0034085681225378,,0.2940729660160134,0.2830188679245283,False,5
-0.62830069797891763,-0.76731451313715049,-0.12832252665959848,0.69208770258006869,-0.62661949667416394,0.35827729250576407,-0.35532076333455137,0.13629543028625718,0.92475440568100931,10.310583897573661,13.926280913583353,-8.2665251673419711,,0.1316080128730436,0.4761904761904762,False,2
0.74545845367397245,0.63818679193446026,0.19237804564558125,-0.57948261414223856,0.47788079168688052,0.6601741049477774,0.32938062139854019,-0.60361210022424483,0.72605842651262531,-21.616038436632476,-12.981011562069725,0.89443425566685419,,0.4009345505608002,0.1071428571428571,False,3
0.99230762156901875,0.092900511336034525,-0.081823463441355465,-0.030133710339887446,0.82233065977551356,0.56821144435352433,0.12007307640427675,-0.56137490234839493,0.81880441824415007,-0.58176540976240421,-10.239401475111793,1.9327719084799329,,0.3213037288592708,0.25,False,3
0.039813205825216885,0.99008243145689401,0.13472819883872056,-0.92822812721056835,-0.013264379880254668,0.37177493202414219,0.36987491466316313,-0.13986005557985171,0.91849426364900133,2.5183231628488745,-14.42710741441037,4.0690778969040595,,0.5516569507331824,0.2307692307692308,False,5
0.96994479181647819,0.23121185225275745,-0.075816754124241534,-0.18163345133452055,0.89532277321388876,0.40670188236704763,0.16191476209535982,-0.38070751390330954,0.91040946758761387,5.2888720293534908,4.9473789291810757,-4.5817312754595685,0.3145508912530279,0.2533417965203165,0.7253731343283583,True,5
-0.36441104215525849,0.93065146459058523,-0.033052137763210657,-0.86410689616937131,-0.32469658163384008,0.38456651163073868,0.34716547113423391,0.16870086345570023,0.92250536818028728,6.0807597058013076,-20.624242919634611,6.9965896382666211,,0.4621180290610143,1.0,True,3
-0.37234387037168371,-0.92245856860424524,-0.10212850437190439,0.83997864829037472,-0.38174525122461611,0.38562473155093385,-0.39470990944351769,0.057799242002486304,0.91698600589705215,8.0687989103356657,-0.040260692760158978,-1.9578025964067864,0.458370881275762,0.3557710647283531,0.9791666666666666,True,5
-0.92928174380290496,-0.33776152977585505,-0.1495078246718427,0.29535509849483588,-0.92254238782649478,0.24835641416418977,-0.22181254794924937,0.18663518335743393,0.95706138878621527,6.5450430140873248,7.8749907515015609,-5.8160747378345556,0.8630041704893877,0.5992934010012617,0.2884615384615384,True,3
0.004960551505588065,-0.96494467282926089,-0.26240650012374245,0.91611145488607348,-0.1008142970529759,0.38804159536863636,-0.40089299713923976,-0.24231850092006096,0.8834967735971494,10.952123538965369,11.764254144995288,-7.1910767647284253,,0.3027083951050615,0.3333333333333333,False,4
0.031293007380766825,0.98395064468250948,0.17567548638879649,-0.91909657946204959,-0.04074338325489342,0.39192021425553497,0.39278776115126973,-0.17372710079264492,0.90307068889426068,-6.7177348539300992,7.4331106008950156,-7.1645632059859192,,0.3718073882907461,0.2777777777777778,False,5
-0.15349086143538468,-0.86824056796254756,-0.4718038486488817,0.90285421143845201,-0.3172792197659009,0.29015197671667231,-0.40161527404180569,-0.38143441487209123,0.83259411408411443,10.872871207674297,8.7813194211301635,-5.791446401373471,,0.3034548626962656,0.5833333333333334,False,1
0.99253859310519033,0.10453490575931891,-0.062766190538059735,-0.055705783550343342,0.84666556828829997,0.52920155059683349,0.10846200660052351,-0.52175652267407346,0.84617145081315981,4.3633615304154754,1.6112504971396375,-3.162976883857576,0.6327527503206126,0.4703741533433073,0.7058125741399762,True,5
0.38373096142955249,0.92296610457229034,0.029734139486522246,-0.83557618419872803,0.33332930667049204,0.43669670678225087,0.3931449982388755,-0.19241918595925339,0.89911727112459261,1.2251388937144618,-3.1069938035952247,-1.2626136183956893,,0.5246815526516386,0.8800959232613909,False,4
-0.36147037798846238,-0.8796931659256586,-0.30899692500180542,0.85274746543866276,-0.4459296833953153,0.27197146478057599,-0.3770423398304445,-0.16518671644731944,0.9113464888199978,-0.056313759815563968,12.800506005923594,-8.9352093245780058,,0.5346031307158682,0.8108108108108109,False,3
0.67091893031144223,-0.64771879980686153,-0.36100989643846154,0.68484952418128642,0.35456435278944998,0.63660446822156702,-0.28433944182686932,-0.67434744465131424,0.68147384815106982,0.41574812296983382,13.852196178375973,-9.3909791194152259,,0.4715372336860687,0.21875,False,2
-0.93669957701505746,0.34851893838347836,0.033592439742675839,-0.34891801554823298,-0.93712953600246807,-0.0066671716403090553,0.029156831887143728,-0.017966144267802422,0.99941337634356942,5.255776214717967,10.323052299556714,-7.1492606654080229,,0.5736783822707024,0.1351351351351351,False,2
0.74205508976912815,-0.59185139203914816,-0.31474779346177295,0.65584786910731208,0.54390597942010244,0.52347861287588282,-0.1386283388601717,-0.59487663871796381,0.79177267468162082,-18.930807567183276,-11.601515862545629,0.46545330061521512,,0.3216928074078088,0.4375,False,3
-0.19749336714958507,0.97172165248987918,0.12943492578997556,-0.88980951967065125,-0.2331011079305019,0.39230459108332705,0.41138229013340272,-0.037694874504497294,0.91068309954708526,12.984179169183152,-1.7751857415653012,-0.6590659065075688,,0.3398768642331336,0.2241379310344828,False,3
0.89745611268150383,0.43630479684431461,-0.064889521968063385,-0.3709807616757087,0.82615803543109556,0.42407095509966453,0.23863319190153201,-0.35651230658039296,0.90330126479464934,-6.5512149317403354,0.2362170901372227,-3.6167208084026661,0.3130313678535912,0.3095437161613029,0.8874296435272045,True,5
0.94479088847070514,-0.31071146140294442,-0.10406039023365871,0.32371743770125255,0.83586427093074189,0.44332599868443773,-0.05076610671373584,-0.45253652707186526,0.89029966532334714,8.2883229172146766,5.4430426213052101,-4.4635913387672019,0.4015465711949691,0.2621172412143849,0.8656716417910447,True,5
-0.4487164613492397,-0.84107202857392971,-0.30207843363065756,0.81079534599259862,-0.52530056734756059,0.25820577232330355,-0.37585162528710597,-0.12906260765561112,0.91764829813724136,1.2707381875001047,-16.98789378033425,4.9711545081172606,,0.3650474511831024,0.2727272727272727,False,2
0.84605026705061548,-0.50007987042082047,-0.18471347764437018,0.51052213900035481,0.66025003700044937,0.55085119064172539,-0.15351251158809154,-0.56034811665677953,0.81390656524266691,-17.584357481339399,-14.444739802889309,2.0405372482762014,0.457835819238752,0.2294153589457873,0.4615384615384616,True,5
-0.63835394202506401,0.76666005856480213,0.068822956217192338,-0.71524968754072149,-0.62382924021118802,0.31504755756937747,0.28446815142289605,0.15188625236980496,0.9465772219777393,8.1352169967592349,-3.9089419520039881,-0.2072444814328121,,0.5026627948381714,0.2978723404255319,False,3
0.87628910059865106,-0.46680862272997409,-0.11919363203188396,0.46252071946946594,0.7458373757865191,0.47937583683507307,-0.13487770843788494,-0.47520134535249769,0.86947782326044498,5.9608368725526937,13.009266766661751,-8.3861036828322959,0.2042373912892084,0.2260464198828359,0.7096774193548387,True,5
0.99054142286919677,-0.1124531239984409,-0.078625596870606343,0.1352438506880565,0.89689165826912987,0.4210634799864717,0.023168738233544511,-0.42771444706748274,0.9036169328528677,-1.3827482166585274,-7.0843005171050413,0.29291818664346309,0.5332438816624041,0.5102956564333081,0.8544973544973545,True,4
0.56651944627411777,0.80118299956193317,0.19277323000409174,-0.78611152722020261,0.45527990727944578,0.41802975109331614,0.2471525516048492,-0.38836324136118067,0.88774411234017769,-0.010872329239025535,8.7125142269654834,-7.0971066489447496,,0.4089815038072239,0.2720588235294117,False,2
0.80778472674413238,-0.56335105583234091,-0.1735494832360322,0.54604990979176937,0.60419934757459837,0.58032115626334879,-0.22206605155968312,-0.56354124630147173,0.79568079809787806,4.6472543573778733,16.601210943714403,-10.219142978503047,,0.2606249482010387,0.1666666666666667,False,4
0.083352205940840585,0.99645055210154387,-0.011777392806753897,-0.91065291361838574,0.080964056686404037,0.40516181019837738,0.40467725496145807,-0.023046013568720256,0.91416913127465105,-4.7855358534791472,-6.5662624540356154,-0.21791767240173918,0.5198509521824939,0.5695380165396632,0.7356687898089171,True,5
0.98057585814857773,0.1867590853064314,-0.059933550467877246,-0.13421838917470894,0.86173144619218622,0.48928962655146269,0.1430259082247928,-0.4717414108375782,0.87005955593708928,9.8733686173729627,-0.66134751316061002,-1.487917152546917,,0.07793705845465358,0.1304347826086956,False,4
0.95108017216273377,-0.29438054317915302,-0.093736875969123057,0.30055133919621696,0.81138604103853174,0.50131984292981868,-0.071522014976261095,-0.50496810612687648,0.86016964208717028,-19.323843266530954,-8.732804310579235,-0.85981445631951703,0.9032453542255341,0.7493153797277166,1.0,True,6
-0.5043211146823442,0.8115551511400757,0.29502279563377265,-0.80845139273714284,-0.56380070000463989,0.16892340351665849,0.30342471696770446,-0.15331995086187231,0.94043948970722269,11.96969221236365,2.1366300045831972,-2.4832039129046901,,0.6767130315565463,0.1851851851851852,False,1
-0.19662463246246845,0.9803651289433476,0.014932108387381696,-0.90698174556236133,-0.18764968028278353,0.37705664124428484,0.37245518807723899,0.060595473772076441,0.92606982535480897,1.4827815265574995,2.4926007492920887,-3.9774721651662817,,0.08105863801967259,0.2212389380530974,False,5
0.25499830934848455,0.9454545444029957,0.20271054905243074,-0.88941700957556225,0.14709349123705501,0.43278272598771528,0.37935899265349959,-0.29065307378972927,0.87841194515415377,-13.937951277076705,-9.9366563172966629,0.33051964857074795,,0.3195900111082015,0.45,False,4
0.99483195719053719,0.091855817521763111,-0.043265294866121178,-0.054156611750551087,0.84047585601438957,0.53913578703382126,0.085886194211549083,-0.53400640842997982,0.84110684065674368,2.8238728384970107,11.259830188056771,-7.8608455160093147,0.3015181752802615,0.3264518546698271,0.8181818181818182,True,5
0.9558350505180655,0.29298322254752734,-0.023241934230868747,-0.22991339940089328,0.79464558538771368,0.56185249167351903,0.18308245403929704,-0.53169467265478842,0.82691087191635415,-17.33285612585799,-18.587573287710086,3.8755847139603725,,0.3327866325181403,0.2592592592592592,False,2
0.93731713414551665,-0.3320938695166416,-0.10559475302635822,0.34235979237382191,0.82103801849157687,0.45682200555268393,-0.065010480716474889,-0.46433849078111855,0.88326859073337605,-6.4131386578375187,4.5692912248913462,-5.774445894804777,0.5575266342547988,0.6033181426618808,0.8775510204081632,True,4
-0.98056633208451638,0.18008671873340884,-0.077835995003284975,-0.19592073982627153,-0.91956141368133715,0.34061983232675458,-0.010233869661265091,0.34925002534604638,0.93697368570709705,-9.4329366227937097,1.3945054069299307,-4.4621520904002399,0.5332319279019399,0.3839453641531834,0.4621212121212121,True,3
-0.14557049972409719,-0.9756788143152636,-0.16389045398203275,0.90119474532649058,-0.1991224038059666,0.38496532220247315,-0.4082367702767562,-0.091657621608318945,0.90826296841559506,-19.048753814182923,-4.2231804600219842,-2.9442096175111718,,0.1357152441555556,0.1515151515151515,False,3
0.59087781572231868,-0.79516265375278661,-0.13630759686843943,0.75621059363322385,0.48702527148546987,0.43698046067460811,-0.28108529837775265,-0.36127930886134552,0.88908285104626761,0.44728599740119579,-22.013287040645643,7.116430555343439,,0.4413665920583461,0.9210526315789473,False,3
-0.90176307850110904,0.42802840851330387,-0.060125134160113482,-0.43148058833267411,-0.8832547364119282,0.18353629749448774,0.025452939796666921,0.1914490849063113,0.98117245973592448,5.8117866630447157,-7.9631768190159509,1.4766495274910802,,0.2771160882170096,0.2105263157894737,False,3
0.35272600412321564,-0.92349150198967722,-0.15082377719749415,0.86983374369218824,0.26418494591337238,0.41664802014071944,-0.34492553449940777,-0.2781542020275779,0.89646897076513465,9.4688320358818885,9.2234501088949141,-6.1819056241732326,0.4514586600150553,0.3606829187343102,0.5416666666666666,True,2
-0.0089586444298399032,-0.97302264382565273,-0.23053563128617671,0.93182823229357314,-0.091765878498997894,0.35110563801218153,-0.36278904089100272,-0.2116741792138179,0.9075120680539418,7.1851335223641906,5.647546021959668,-4.7129240012279041,0.1821231851681693,0.1901147416694688,0.2028985507246377,True,4
-0.97810659063882699,0.19866002338679692,-0.061981387987414628,-0.20807069983620946,-0.93893542986953182,0.27405627598248239,-0.0037524949778950101,0.28095276051976042,0.95971426223525846,7.414000700453955,15.199681268115759,-9.2826701386875889,,0.3915901413291605,0.5333333333333333,False,2
-0.9794119093446173,0.20121843643952375,-0.016231225177560094,-0.2007778794540673,-0.97930963098550938,-0.025315801013464645,-0.020989401036222613,-0.021535726035093843,0.99954772649848111,-9.3036618040533376,-10.825538323699535,1.1939719871137136,,0.252458137791732,0.2857142857142857,False,3
-0.98783250797257061,-0.11634015867562866,-0.10320806011136524,0.091426461194352285,-0.97125767495732196,0.21977199782951173,-0.12580992960056545,0.20766197609535272,0.9700764739432014,2.0505778100739498,9.307270615729065,-7.0535063433771548,0.9140355650596906,0.848624826463475,0.4793388429752066,True,1
0.9367554155503296,-0.31874867155657177,-0.14452880618772512,0.34064051490167463,0.7355852605314559,0.5855581645715402,-0.080332627522384834,-0.59775714874001307,0.79764218800509723,11.639139713214673,-0.45365087759125278,-1.4880953468638749,0.4161362409209224,0.2374497697211041,0.2647058823529412,True,4
-0.084069650658174427,-0.91774342661016295,-0.38817431232894434,0.91704257804373579,-0.22365545714705665,0.33016836090582607,-0.38982714617264824,-0.32821523334875463,0.86041243407142354,-10.633662569427536,-20.93811548333569,5.6072882685726437,,0.5070066094830866,0.3714285714285714,False,3
0.23756090998953444,-0.87265795663034518,-0.42665314340186877,0.88779383560947245,0.016813886212680873,0.45993412428765124,-0.39419147567998725,-0.4880423997565973,0.77873467660112361,1.0477735344076038,6.8471308370463451,-5.9165822689696377,,0.5306157413787133,0.4375,False,3
-0.97725891223127781,0.20533987274926457,-0.052920271388726348,-0.20887303439345292,-0.97519545667488738,0.07325214525138618,-0.036566022039757735,0.082639929452865579,0.99590841350608872,-15.414261499308445,-2.2020310481794558,-3.4914750869474331,,0.2615624935165098,0.1578947368421053,False,4
0.98592540134342554,-0.10883815016306768,-0.12690689522199616,0.16233271367742819,0.80477389180832992,0.57095277662324773,0.039989911926976401,-0.58351798612618244,0.81111501453944068,-16.88201028477884,-6.4095509443028966,-1.709755789484809,,0.3383453198190891,0.2340425531914894,False,2
0.97799645398695356,-0.17679137106305043,-0.11075986234458121,0.20856524828527684,0.84088609572331963,0.49941076402786078,0.004844914513656165,-0.5115226144921039,0.85925615602480099,-12.562506085679832,0.35259992361383752,-4.3548612225831924,0.3562391307622722,0.2559508279222452,0.3804347826086957,True,4
0.8896986632490701,-0.39491708057064306,-0.22907812659958904,0.44250982453130738,0.62246016450780983,0.6455450400972661,-0.11234475424374994,-0.67570988084715011,0.72855666431612642,1.9062352426511391,12.582665488387255,-8.4467524332516302,,0.332299725689255,0.4545454545454545,False,1
-0.9795912944336207,0.20058596309564042,0.012890588770788539,-0.20099873015280426,-0.97777318284337744,-0.059658305283428359,0.00063745338920873085,-0.061031748470160255,0.99813562171272674,10.677015634408306,-1.1001651638257435,-1.1407654453106928,,0.2264933637544428,0.3846153846153846,False,1
0.71462457711733207,0.69469174564166503,0.081945666860492428,-0.62129915805007063,0.57652949040180701,0.53066100563665541,0.32140172679397361,-0.43013617057202846,0.84361353994556265,18.856910369617523,-0.16443987715998032,-0.72428232715155583,,0.2309531237783286,0.25,False,3
-0.53598169075841073,-0.80471298507221201,-0.25526581993663949,0.75754102519056898,-0.59189355819330647,0.27530639462694684,-0.37263282507714829,-0.04581514406215989,0.92684720976522694,-7.5968260625004378,4.5203980547456206,-5.8128432032732356,,0.4784503322427892,0.1263157894736842,False,1
0.15960819523435837,-0.86185915651223777,-0.48137721004431333,0.91740703240881183,-0.050571326240516912,0.39472379944606117,-0.36454020477978843,-0.50461999098162102,0.78260405301839631,6.9720581455753026,0.43023242243894932,-2.3886881240157383,,0.3837483336840302,0.2916666666666667,False,2
-0.10221018644665057,0.98581588930033437,0.13311690422156128,-0.9170704931786744,-0.14522510489697038,0.37133728529288185,0.38540211251051038,-0.084123131840506973,0.91890614883228494,-8.3010179063756588,0.88650318621501523,-4.0464007662911197,,0.09540941085744774,0.2456140350877193,False,3
-0.96362372627905846,-0.18629702167069856,-0.19163176633504442,0.20435644121505359,-0.97569753578811635,-0.079074418056127971,-0.17224331361762663,-0.11535917117257864,0.97827629151502782,-19.09481698478276,-1.0803495158322973,-4.3341701710023317,,0.6100170174217439,0.2461538461538462,True,1
-0.95441670331991302,-0.25389826381548214,-0.15692172588724898,0.23465330533617046,-0.9631804420413006,0.13122980745217216,-0.1844629575789109,0.088425718547309462,0.97885356901869292,-3.4686311116297603,-10.484732021066517,1.6227837335888839,,0.7853877276407686,0.6129032258064516,False,1
-0.21663365995632916,-0.81218440244085077,-0.54168842871684442,0.88984606726650206,-0.39250138290967107,0.23262983683168348,-0.40155178239458156,-0.43162386500956396,0.80774810752482795,8.3317883352320301,9.5548953366656217,-6.3512490065106464,,0.4675563677861218,0.3888888888888889,False,1
-0.18226123173251238,-0.94513352454012334,-0.27111522310211789,0.89740896048575491,-0.27257581245336709,0.34692878823364187,-0.40179348059323172,-0.18006956226900367,0.89785129709603106,14.416363561876434,-0.49743261883801837,-1.0894837298009756,,0.1414673154225479,0.3529411764705883,False,1
0.94227866094203205,0.32275880840692284,0.089093640227767529,-0.26967641337503923,0.57385135390507558,0.7732847183867575,0.19845794819675677,-0.75267614231956059,0.62776832317382725,15.733863678897848,9.4470383191536271,-5.4931007276662394,,0.5457759791781822,0.2142857142857143,False,1
-0.0076403736125482697,0.98224004142553734,0.18747299995310809,-0.91890448047267448,-0.080841300877905642,0.3861078085711433,0.39440611108133627,-0.16931977171235879,0.90320243270762413,-5.3065374693592924,3.360224722445432,-4.9828342083886623,,0.364342914384828,0.1590909090909091,False,1
-0.94660282823130248,0.31290200883093727,0.077687955656350685,-0.31788482172130278,-0.94603347757112144,-0.063007137959964155,0.05378034681660776,-0.084338556925373509,0.99498476476377828,-12.332332934010347,-10.770465613441109,0.83136069548820923,,0.5350419039849285,0.25,False,1
0.51599320307856056,0.85643917136227254,0.016216045542325822,-0.76962166927590259,0.45520927276787615,0.44773541759292851,0.3760764557343359,-0.2435086522948311,0.89401903542366212,-1.5522353825750121,11.799897444519898,-8.718309618795228,,0.6451818620877017,0.6666666666666666,False,1
0.068656533084154842,-0.82191734854497134,-0.56545393501651997,0.91868844605852185,-0.16889929130490366,0.35704981231654248,-0.38897020392755183,-0.54398979913000556,0.74348993194195534,-2.8756404004153602,6.6030512669499704,-6.2423724776355227,,0.1364308771349286,0.1333333333333333,False,1
-0.65874702279866593,-0.72182335408910336,-0.21218719434841232,0.668540190816999,-0.69096043341870428,0.2750048957967961,-0.34511791204784553,0.039302988962585494,0.93773605126514292,-22.600457753243713,-12.49487502252201,0.50637899222589633,,0.472887959780641,0.5555555555555556,False,1
-0.92356594740268438,0.37608381408458152,-0.074745605769013235,-0.37493187651922122,-0.84491389026864006,0.381505709001698,0.080324521585617994,0.38037019180622794,0.92133950768288209,10.886355601339417,-5.7713014902022186,1.0304508302398558,,0.1789423163106753,0.4736842105263158,False,1
0.99631691662515032,0.058143349982990117,-0.063023428178018523,0.0036654398823737699,0.70543926166712589,0.70876089949221233,0.085668933675067102,-0.70638148259371647,0.70262794909659065,10.432683927295914,0.6960281596840483,-2.046651138836276,,0.2948630354287242,0.45,False,1
-0.20021097596475138,-0.96718446017617876,-0.15642821068130805,0.89360445002178412,-0.24573020501096843,0.37561649756970494,-0.40172957571543871,-0.064582399606869789,0.91347822177461491,21.484063446338126,11.293056836079367,-5.8505240553467992,,0.1997029558978716,0.2307692307692308,False,1
-0.73556561207484294,-0.66426934166848106,-0.13300177462080764,0.5966173315840666,-0.72819159035852499,0.33731997774313555,-0.32092209332869154,0.16876981202349017,0.93194729494917583,2.1146873423237476,-1.383109120004373,-1.9467653404488545,,0.0980793985184382,0.3333333333333333,False,1
-0.99663864402010216,0.03566127468776957,-0.073754231969527698,-0.047125936496227393,-0.98597917764388376,0.160075630131646,-0.067011635968128758,0.16301329620719104,0.98434552160536659,-4.9133530771574394,6.6778797969396804,-6.6579099403365083,,0.6684372760612818,0.4166666666666667,False,1
-0.6456763328353281,-0.74166113980841841,-0.18177135889463039,0.67937960302912015,-0.66662118177351704,0.30669130245064791,-0.34863365902379245,0.074531561830926948,0.93429097078304535,6.3964665839857844,-4.0522250697960516,-0.28408394018019506,,0.154717638785134,0.1621621621621622,False,1
0.011784790434195431,0.9753487391744291,0.22035415971856015,-0.91825002066006556,-0.076677874663928669,0.3885066319830473,0.39582574230614437,-0.2069186809543147,0.89471036721383512,6.0563967947260036,-2.274163742402628,-1.1402436077927318,0.7256883986314543,0.7469550818113909,0.345679012345679,True,1
0.60430555962378552,0.79636865336437557,0.02473375318051356,-0.71140190731388209,0.52533153562454704,0.46683412894573773,0.35877864607297072,-0.29970609873168469,0.88399894655201916,16.277377433585844,6.5544803782921139,-4.1478631795856256,,0.2025650864715266,0.2857142857142857,False,1
-0.41315845297734732,-0.86809294071574494,-0.27516311346700484,0.82292665212623217,-0.48530266916450693,0.29542011529704065,-0.38998951005594601,-0.10438374193951801,0.91488371745540875,16.092158518501108,10.089335631067698,-5.834266616626647,,0.4288089441526967,0.5769230769230769,False,1
