axis_00,axis_01,axis_02,axis_10,axis_11,axis_12,axis_20,axis_21,axis_22,location_x,location_y,location_z,dbh,dbh_approximation,score,reconstructed,number_clusters
-0.015418864180279252,-0.9982947133722313,0.056302077052670554,0.98298473970651412,-0.0048263359070306383,0.18362382194538168,-0.18303895796115871,0.05817535332739511,0.98138288559243059,-0.44968245616370217,-5.6502859441285782,-3.2361184374224674,0.6928562109347167,0.3608906615159796,0.9141716566866267,True,5
0.65945092791380422,0.65279608941829836,0.37280254735422647,-0.74255465923994102,0.4883273420991559,0.45842009663564043,0.11720516931722043,-0.57913182661510831,0.8067646966041403,1.087300992546913,-13.561791046425645,-1.8488410987029056,,0.5431872429478308,0.1351351351351351,False,2
-0.98501806758961385,0.14997684728157018,0.085125506174732107,-0.14591518272678497,-0.98792333543018651,0.052117585921695297,0.091913905214786457,0.038915659983827837,0.99500623386800513,13.516396923155087,10.877075541287709,-7.4459377118302346,,0.22622460251195,0.9397590361445783,False,3
-0.98683583812353948,0.11754775917826545,0.11107453761858184,-0.11544808026342196,-0.99299451518026971,0.025172079480918125,0.11325532816827533,0.012017368017651752,0.99349323777639587,13.600312900626719,-9.747244580035531,-3.5093942735381418,,0.2895569224485204,0.3469387755102041,False,5
0.29993261411131544,0.8549767975708833,0.42314903120270853,-0.94231610548640188,0.19643628395311402,0.27102240440161629,0.1485960441374343,-0.48002860535819086,0.86457605432059992,-13.410429730773929,-6.2010762857265078,-2.3152056036440873,,0.3742024292092485,0.4285714285714285,False,5
0.73980975776149149,-0.66857897112663245,0.075390196233586421,0.64644833724990536,0.73740170430390028,0.19581438597952339,-0.18651023990043497,-0.096129526457580258,0.97773874043904252,15.350478698401508,0.019066934598079066,-5.4776828236132928,,0.476130014543638,1.0,True,5
-0.35244649740013639,0.87946204816360529,0.31988743693720262,-0.91330344250580098,-0.39779415705066701,0.087387816790460163,0.20410362166661683,-0.26135476742586183,0.94341687347977021,14.41620055538429,-8.2029309932132257,-3.8354992759928881,,0.3858709775563144,0.5333333333333333,False,3
-0.76142390413407823,-0.64648150583692088,-0.04790929788720736,0.64575297649251062,-0.76289774210557759,0.031466306444745351,-0.05689228035753896,-0.0069783738104931409,0.99835593389065402,-8.1474978715938757,-5.1151409171436786,-2.8632617435286352,,0.2780050506545785,0.375,False,4
-0.9948601076866378,0.072758162476322066,0.070424540657369653,-0.077172815076334597,-0.9950795464466502,-0.062137370854615626,0.065557019051557447,-0.067252851512774312,0.9955798969527635,-16.834591469114148,-7.8058275480570698,-1.8005976438732569,,0.2723878861939937,0.1153846153846154,False,2
0.98263908714926851,0.14956602544952605,0.10977444346332979,-0.17640697679654932,0.93646292796553188,0.30317942391218577,-0.057454355308833957,-0.31728093005640107,0.94658956706620789,12.783267415986407,-5.2096842665614309,-4.3156765444190777,,0.07930254655432173,0.2916666666666667,False,1
0.10526791730142002,-0.99349750888833599,0.04337470944793316,0.97548875664520907,0.11163862681099962,0.18962727299241314,-0.19323651633634423,0.022349873297752378,0.98089761541037934,11.565522767770743,0.35816938642506391,-5.255617158048393,,0.2229041485269054,0.7093023255813954,True,5
0.1854309476173191,-0.98265217190320764,0.0031737548190974088,0.96523797541233558,0.18274834441811477,0.18686544205479438,-0.18420373092757578,-0.031587207321109,0.98238039162333357,19.298840796949982,14.948038970411854,-8.6700892842406923,,0.2904029320509775,0.48,True,4
-0.77278969291995725,-0.63108042749451487,0.067331898458439635,0.63268051903122013,-0.75765188120138083,0.16024664661200752,-0.050114382716571003,0.16643653729078933,0.98477785703151732,23.744994234558355,12.482384385852146,-8.5367904327877984,,0.4678558075050155,0.9743589743589743,True,5
-0.343254177494283,0.92889396238479582,0.13904163505151132,-0.91622086685528159,-0.3637264022759617,0.16805483458187864,0.206678234876536,-0.069707323377530855,0.97592263847902438,12.722952743071007,7.8055203472668362,-6.7991342489590352,,0.3332968989734574,0.8554913294797688,True,5
-0.49967680802797332,-0.86609011501568434,0.014525845624058599,0.85844227597092215,-0.49288422096109308,0.14192252658911853,-0.11575813727267098,0.083384995051235075,0.98977118378717532,-5.8758113614632546,-6.0652228057603592,-2.8329517947322178,0.6514790130861321,0.3633893579103823,0.4426229508196721,True,4
-0.55760671547542373,0.75688068343573889,0.34089057173609316,-0.80430951644182824,-0.59419926403244416,0.0036655674070755206,0.20533132400543258,-0.27213758591042203,0.940095836453404,-1.0798198788200035,-8.9716260815630964,-2.6285868141799291,,0.2537938273734896,0.2083333333333333,False,4
-0.1180460910066608,-0.99147269024752849,0.055199863146347075,0.97792297345701906,-0.10642048837233843,0.17983697517355915,-0.17242905318718618,0.075210266240196819,0.98214644400366768,2.1796465934205234,-4.8124942274897311,-3.6118397156903472,,0.2882431502945728,0.9128113879003559,True,5
0.94401480402177418,-0.32929292643131347,0.020055383068764476,0.30607861041652357,0.89690393537607183,0.31918523611283656,-0.12309319247311509,-0.29517706433464425,0.94748011412248645,-4.9478050974130809,1.7410938232293525,-4.4119994444021309,,0.3867345930728355,0.9773755656108597,True,5
0.092918231745461446,-0.99550233060602955,0.018474630368681074,0.97793859346582168,0.094733943787596017,0.18617622647518112,-0.18708904195432213,0.00076788828043258123,0.98234265952782551,-8.8434440888066472,2.799312100856326,-4.3534534249329688,,0.1825799615072132,0.5416666666666666,True,5
0.090346057825610129,-0.95352671141078771,-0.28744460416139644,0.97173248033504556,0.021189564771899899,0.23513185451290827,-0.21811367792340192,-0.30056249428514492,0.92848726998910458,9.8583958429082585,0.55682819931162286,-5.1931026394154163,,0.5134465488756923,0.3028571428571429,False,5
0.92763324050325602,0.35246007190475132,0.12356564581761997,-0.37317867869972376,0.88821768515207167,0.26796831444598673,-0.015305060514619745,-0.29468838032062361,0.95547083347774198,7.4503219935612934,-17.611374818881,-1.5445384841720293,,0.1492657227210891,0.5625,False,1
0.86764912484670476,-0.49698622199211256,0.013772846574101827,0.45847925053760807,0.81052366621894079,0.36448341982246635,-0.19230645589584461,-0.30992915585503339,0.93110802024886774,-0.042071132358656088,-17.084670875553112,-1.1367303036991077,,0.4282061861335918,0.1666666666666667,False,5
0.38032438894461912,-0.92447230814385761,-0.026538851690881188,0.90176957851130446,0.36430802571703513,0.2325753419210663,-0.20534114649881291,-0.11238600390317528,0.97221623092871112,2.7223345253002553,10.704035986915491,-6.6710837973390973,,0.119065961509839,0.3928571428571428,False,2
0.88237766540865892,0.45440993693872345,0.12215262911337452,-0.47028818494696956,0.84314363240849388,0.26064887920015156,0.015449229341591646,-0.2874376877522426,0.95767473443356266,11.561075390516001,-6.6455288044961636,-3.9233910859857599,,0.286691046948127,0.3571428571428572,True,4
0.55852861893811556,0.81602707389544693,0.14881396606742203,-0.82274759279609599,0.52218344550411211,0.22452360185442277,0.10550914830151251,-0.24783918961917348,0.96303870935367941,25.237543749537917,-0.28689013690717668,-6.2164187115858516,,0.4097249649194019,0.7966101694915254,True,5
0.57102763939536771,-0.81852955480565248,-0.0627439475663846,0.79548462958756094,0.53282716055103441,0.28861639085308743,-0.20280936649103223,-0.21471978224835619,0.95538671540623987,17.583395751983584,-13.295186468837814,-3.1373897554411396,,0.2836081990801673,0.3636363636363636,True,4
0.78578657351773085,-0.61809180755579529,0.022404872498481661,0.58531997773906941,0.75485191226234361,0.29597147533743567,-0.19984990502574401,-0.21945639199233322,0.954933980689193,13.341967394210466,-6.484187623595699,-4.0694387656590427,,0.1839205632612168,0.2608695652173913,False,2
-0.11483680036816647,0.9769357179804159,0.18002530992971841,-0.97163877291617051,-0.14817414281900665,0.18428922476859896,0.2067138220999275,-0.15375638631920904,0.96624446669509978,7.3230349960907883,9.3130784264270314,-6.6908210475252474,,0.1082692728408776,0.2162162162162162,True,5
-0.46007944009182244,-0.88683150643554398,0.043090462959451681,0.87906616375574465,-0.44815624076494015,0.16247665556379579,-0.12477815732152114,0.11263153668800724,0.98577104258481074,9.8103398111029989,-3.2206247120715106,-4.4571591232769672,,0.212618773524483,0.5753424657534246,True,5
-0.17268426429435341,0.97791794089935713,0.11771425458405052,-0.96485337659496262,-0.19197811143627835,0.17945017805134159,0.1980861088981663,-0.082588774034493606,0.97669902624353133,3.5392887294650528,-15.455109669185624,-1.6403857267073054,,0.358955588389073,0.5319148936170213,True,5
-0.26101667729950762,-0.95926164439731454,-0.10810824094251792,0.94967021262628115,-0.27525873847679738,0.14952964302276944,-0.17319578927294829,-0.063637445582949384,0.98282933111390114,15.116685018994209,-16.795875757226135,-2.2649031477018005,,0.4270813343615191,0.926829268292683,True,5
0.58355872161054045,-0.80930630441899787,0.066951654646738315,0.78675568473467694,0.58386743106709615,0.20028558479526012,-0.20118327706333233,-0.064203804924427232,0.97744726735680454,18.939540862505858,-4.2734145459406401,-4.9521155951911728,,0.3375730703451416,0.9811320754716981,True,5
0.94826955767086274,-0.30970634545814485,0.069762637404761657,0.27050112388044845,0.90326005694111589,0.33309219671758794,-0.1661745707806169,-0.29699031822215061,0.94030992917664391,17.015081762433507,9.8838433186854822,-7.4763374772957505,,0.510708493992537,0.1951219512195122,False,5
0.51648892716441963,0.84607639747845254,0.1318860028449961,-0.84882879546723244,0.48558403785250037,0.20904023098080785,0.11282226775860599,-0.2199156015673859,0.96897278810349496,14.259843775912053,2.1004615430116012,-5.8174825520898059,,0.264734239366237,0.2972972972972973,False,2
-0.25429107933080808,-0.964032704110942,0.077311010712045991,0.95433242694936726,-0.23716344433081168,0.1816676073109276,-0.15679816914015315,0.11997685642527653,0.98031621840945027,12.319282641380889,-7.7781395040435086,-3.78781762928267,,0.1494020078696136,0.6470588235294118,False,2
-0.99581887832636906,0.0069550211150298307,0.091084517071243876,0.0017395026390393175,-0.99547288625934627,0.09503003132197696,0.091333102976856137,0.094791140956191872,0.99129859472151105,0.68317272123347084,2.0351956800017663,-4.8362185710872643,,0.1867856447993331,0.4257425742574257,False,5
-0.72131660221509808,0.66807025237374928,0.18271425029849667,-0.66547525679801944,-0.74162256724982745,0.08449053399870432,0.19195062375120586,-0.060647387734765031,0.9795288930922218,28.579858505303669,12.888482289227884,-8.9966687841391568,,0.1672728187512843,0.2142857142857143,False,1
0.96497551453481334,-0.25629307662520101,0.056001028760759367,0.21939415083769503,0.90544404820882807,0.36336934672784127,-0.14383484600916868,-0.33835622417387312,0.92996053821456337,2.7939202134684535,7.9411300282245909,-6.1339947063351161,,0.1977474660186312,0.2738095238095238,True,5
-0.67821565749490487,-0.73186567325404484,0.066303531136411645,0.73075821909999372,-0.66215355633416317,0.16596714449500363,-0.077562537004399287,0.16101336635951599,0.98389976557930792,11.731940460370179,-5.086153779054488,-4.2440110172661214,,0.3239779425247902,0.9623655913978495,True,5
-0.19303226156770481,-0.98083880520767142,0.026339783462397907,0.96541823940020588,-0.18506631948667623,0.1836248360790661,-0.17523175804478361,0.060874424764792018,0.98264344264951553,10.262617526282147,-9.8263558766647972,-3.228342468887766,,0.314840875478983,0.5975609756097561,True,5
-0.74103486165935095,-0.65588638585397241,-0.14380675455944442,0.66898730523608863,-0.7395550971085848,-0.074257954278770938,-0.057648237080267721,-0.15123262608354576,0.98681577488881445,-12.074450880809733,-0.5266521110023803,-3.4894242920003737,,0.3716369879592787,0.36,False,1
0.59885448159138488,-0.80002616582599029,0.03648895547533066,0.76953712363831628,0.58745373522278654,0.2504210939902331,-0.22177900085531685,-0.12188618858001582,0.96744913655088671,-4.1803701600448591,-8.7912659990324613,-2.4662640570108794,,0.3419696059395353,0.6770833333333334,False,2
0.9918051430987016,0.069608398181238859,0.10713183012347688,-0.10537128535908323,0.91985827865143155,0.37783281940323787,-0.072245763507198371,-0.38602515215859601,0.91965489807655265,2.5305135806564163,-22.541536404835828,-0.26223749236461996,,0.4765907880652341,0.620253164556962,True,5
-0.99339164910102051,0.048185712693369839,0.10416894253369083,-0.064103017648501126,-0.98578337539602623,-0.15531239461541402,0.095204173357638755,-0.16096357937449748,0.98235782253221726,14.785472951525371,8.4171479106443723,-7.0486557853345779,,0.4704352222925586,0.1290322580645161,False,5
0.61032059004293315,0.78338270320708459,0.11755984725069404,-0.78642739477582202,0.58138549356593461,0.2086213330827108,0.095082754039618869,-0.2197781795061903,0.97090515587115189,8.0439491922241597,6.2130275710526677,-6.185321776669868,,0.3251154552480788,0.7174721189591078,True,4
0.6669020829897061,-0.73098055549699714,-0.1445995822583602,0.72551469720007733,0.59273972242386852,0.34969707692166319,-0.16991184729344588,-0.33812283115190056,0.92563649193576625,-1.3018686189389583,-11.824298021784479,-2.0514787680668918,,0.4916671100374561,0.1791907514450867,False,3
0.19063704609797225,-0.98165423811780872,-0.0035317758120981119,0.95962714190248843,0.18559899842004926,0.21134985287323543,-0.20681698474521701,-0.043680299573398612,0.97740409567899678,8.0160315532248649,-12.412195389375105,-2.5786867248142769,0.2912517197047824,0.2437575404452617,0.24,True,5
0.92570663502131301,0.36039534376033749,0.11481472933986485,-0.37803420789205422,0.89161020058611107,0.24924162548463435,-0.012544462561036897,-0.27412852169495949,0.96161124684167021,4.4452347902552116,-1.0816891778588105,-4.4522817115612066,,0.4934951327100097,0.9252615844544095,True,5
0.32156468619281164,-0.93949330714501544,-0.11810367658731419,0.92467541217563498,0.28471173304132324,0.25281339202349756,-0.20389098732297878,-0.1905034248992088,0.96027960011141189,-5.7028556829044312,7.2004412818421271,-5.4094999903961014,,0.4963798161708255,0.4,False,1
0.24069447695276219,-0.9705439363292242,0.010518384810012341,0.94845653168676558,0.23749085909829731,0.20982921470916416,-0.20614649224555837,-0.040528502307979997,0.97768147381216375,6.798049014523369,-8.7725673932773116,-3.194173381464811,0.431135497233857,0.2406535168256281,0.8552188552188552,True,5
0.80593505861067083,-0.57205252520488004,-0.15239616041401746,0.56400805697215828,0.66371920497704773,0.49129596844990198,-0.17989884094319719,-0.48190530745298521,0.85755680959102554,9.8469435827795913,-6.5465563398363953,-3.8142413889103297,,0.5169432524979525,0.2274368231046932,False,5
-0.94888931779332142,-0.30860155020975033,0.066137325209494058,0.31441265974724109,-0.94253284358978362,0.11303326123413769,0.027454361555008085,0.12805046646810037,0.99138758115527714,16.081901119934852,-5.4246164020967216,-4.5416124768001964,,0.2528927831295905,0.7611940298507462,True,5
0.99426180340088632,0.047672936044620674,0.095764071900180686,-0.073248178608598752,0.95582371477639161,0.28466775476260486,-0.077962623278980736,-0.29004881906317981,0.95383096612110208,10.60861753231428,16.610349255984666,-8.3641009151037977,,0.2031604661287347,0.3,False,1
-0.79286032257130357,-0.60626372682238305,0.061780275424803598,0.60805901642563753,-0.78030513726513728,0.14624679586617434,-0.040456661202029717,0.15351933525478553,0.98731710826224117,5.3295715082574251,-12.675838649634818,-2.3580496335848462,0.3189047372058715,0.2886987672314973,0.8348623853211009,True,5
-0.51750579813406938,0.83615618124823354,0.18174319645585368,-0.82985178725995123,-0.54222449032262243,0.13167616821519831,0.20864745404409971,-0.082676735873784421,0.97449001906955013,10.183800205029634,9.0466380135909095,-6.8331425267823702,,0.3266068093573246,0.8811881188118812,False,5
0.21174296374975776,0.96460037894851214,0.15719741166715903,-0.9671820410543337,0.18370369100958961,0.17553305492534876,0.14044150655857046,-0.18920640275064365,0.9718421272993466,19.668531763931526,-0.82447516341557825,-5.6668547107305187,,0.4128371101265199,1.0,True,5
0.16046956156553194,-0.98703503996038022,-0.0033689317854737194,0.96561114671982629,0.15627733020583198,0.20777995426450227,-0.20455960779534971,-0.036595436247523101,0.97816979144955452,20.48201777845453,-9.4258007761294724,-4.1025188149613063,,0.409074458304389,0.9423076923076923,True,5
-0.6493690187969029,-0.75768630152567673,0.065048796353886607,0.75598529947034321,-0.63389125771931498,0.16330370593394744,-0.082499117640636527,0.15522030108000373,0.98442904961259148,11.463744336298326,-14.284143791657826,-2.4423820878644431,,0.2912294229615776,0.8461538461538461,True,1
0.9848336693221984,-0.033924034284169478,0.17015229550982308,-0.052723566122208493,0.87580601803311842,0.47977499346290559,-0.1652963077165753,-0.48146960306426456,0.86073465828930562,-14.573427209455529,-7.4820377947111272,-2.0382584577953748,,0.5805171979675684,0.3768115942028986,False,3
-0.45186218586016041,-0.88989591987043526,0.062496534204945997,0.88331943768280374,-0.43652330040427517,0.17086304227624718,-0.12476913080331029,0.13241095121669902,0.98331073623574117,-4.1086190460376768,-3.8290422232164438,-3.4038550663015634,0.1394063404789045,0.1366918327827964,0.7554347826086957,True,4
0.91680105274269563,-0.39634078078025964,-0.048885735960300471,0.36850451087962,0.79246586628002202,0.4860064569966408,-0.15388390153378029,-0.4635858456333084,0.87258690603125211,-8.4236391389556626,-3.2596073198963342,-3.2129349523656776,,0.3195659889276991,0.2732919254658385,False,2
-0.69117669747578525,-0.71928364381705689,-0.070041506292515487,0.71912070029290187,-0.69414418455636118,0.032082229611292035,-0.07169512728710295,-0.028193807544250764,0.99702804270463952,-2.4473438784563943,-8.977327162956108,-2.5442004923438422,,0.4275426635078174,0.1219512195121951,False,1
-0.75100616046818824,-0.65663820714825782,-0.069397491683437576,0.65829256018446414,-0.75276106425564915,-0.0012982089536496266,-0.051387276096468641,-0.046658815392435979,0.9975882431151446,4.7442698466025908,-26.899866909812047,0.39253636254618018,,0.3566918531733927,0.3,False,3
-0.73772662949191481,-0.67392056738297124,-0.039880935253748473,0.67028843161079421,-0.73823006826265158,0.075695341743484995,-0.08045395321077034,0.029110739790253106,0.99633314019038011,13.534447295054173,-2.3996880408441141,-4.8580336805112507,,0.2436029917603534,0.4074074074074074,False,4
-0.63770965702671989,-0.7695788902566566,-0.032782998737120754,0.76432901286728749,-0.6374908835362727,0.096987285236066395,-0.095538230170873317,0.036792731340271494,0.99474556621094889,17.172643579776274,-9.153970577067291,-3.8823569625712171,,0.1954681665036444,0.5238095238095238,True,4
0.66442273550516839,-0.73831204560994124,-0.11592131750068074,0.71638605225426377,0.584991458552647,0.38023153151204964,-0.21291653923399445,-0.33567888930898115,0.91759807682498351,-17.123943981249425,-2.4790289025829635,-2.7940815999764146,,0.3459054174278363,0.3684210526315789,False,4
0.99662714635666894,-0.0026512347727784893,0.082020132279470345,-0.02751113000019987,0.93084517086931973,0.36437673580427526,-0.077314092318763628,-0.36540421292514702,0.92763262787888123,-2.6858753052078739,-14.889405013293974,-1.4472369649854731,,0.2236414252594099,0.3333333333333333,False,2
-0.4441498036558254,0.84329562340318653,0.30262756560089621,-0.87607275669339646,-0.47952904653320311,0.050481863184634768,0.18768984227210275,-0.24270225602575274,0.9517710533672924,11.631326863134584,2.6398205385015143,-5.7244543353197805,,0.2361130834710057,0.2236842105263158,False,5
0.19168550763847875,-0.96891025099393624,-0.15642759245173998,0.95501963703208326,0.14739428068298391,0.25731773919622269,-0.22626126280140904,-0.19871550402727678,0.95358166373661912,9.6833799084341692,-11.205511221096511,-2.9122015037810027,,0.3512820618962875,0.3658536585365854,True,4
-0.71169937125840221,-0.70137708018272449,0.03942329697974984,0.69817804158678887,-0.70001776478185662,0.15007515196011598,-0.077662263657668859,0.13433287156973972,0.98788827932079304,16.536287185367463,-3.0627684060545812,-5.0205386255649156,,0.1411360875835778,0.375,False,4
-0.79129019191902505,0.57953158821012107,0.19494350576361355,-0.57565352146334758,-0.8135732859618221,0.081984947375304262,0.20611369532275367,-0.047346030836158938,0.97738196114132436,0.88287807035717325,7.1094562481340615,-5.8416889386963966,,0.1783650181335719,0.35,False,2
0.20547510183295448,-0.9559549274898097,-0.20959522688909135,0.95811729631976739,0.15284159471737982,0.24217905239129864,-0.19947738974539495,-0.25057857756041479,0.94732209276896062,-8.0812279279625479,0.92450434437858342,-4.0353311533029697,,0.3921170260566498,0.1276595744680851,False,1
0.027567434225344679,-0.9984811665128086,0.047701118324972806,0.98213683292856235,0.03594016423485169,0.18470394148427374,-0.18613779297951671,0.041757211520809773,0.98163590873129813,3.6637982445942399,5.8730339325318131,-5.8267998745981142,,0.4004449546155002,0.9057750759878419,True,3
0.30221233815729037,0.91721303173222968,0.25959190489319539,-0.93660808123606276,0.23506648285680576,0.25982503882542679,0.17729355551967188,-0.32165820844167087,0.93010912914200017,-10.947176781506458,-7.2059535708600047,-2.2994002368782689,,0.3882778912613593,0.3548387096774194,False,2
0.10067678287934717,-0.98052597947485476,-0.16862084380034884,0.97598607682193816,0.064425846131336534,0.20808769353323889,-0.19317184898112508,-0.18552119535281733,0.9634658908524345,-8.7488868009114658,5.2944581024749899,-4.8539444713327242,,0.5125462072113942,0.2368421052631579,False,1
-0.97973296966054346,-0.20026396782000896,0.0042013513443984393,0.19286820755261747,-0.9487995485131796,-0.25016248970744404,0.054084773047255418,-0.24428213183565639,0.96819475178822045,-11.817213253386351,-1.4743555209282155,-3.312754846425237,,0.6238317540562874,0.3571428571428572,False,1
-0.6638963621236269,-0.74452925900445444,0.070127047886626659,0.74365754555095731,-0.64740204393238499,0.1668653602677837,-0.078835748896937924,0.16293181395433312,0.9834826631402358,19.524115746370533,-6.7243908640236674,-4.5417292151880106,,0.07620519737530727,0.1904761904761905,False,1
-0.98435060950579056,-0.1574701616945845,0.079101363714299877,0.16574343395236735,-0.97978291980364085,0.11204706226729648,0.059858096087812132,0.12340412568846967,0.99054955963637081,-16.052035623756101,-0.082201085767733884,-3.3154859300195922,0.6743190487174142,0.555022483135162,0.9591836734693877,True,3
0.40450278417198526,-0.88789675434568582,-0.21912747709840244,0.89096841711104335,0.32855374319909014,0.31341301431260044,-0.20628324533940273,-0.32201209830108091,0.92398886965156712,-6.7657325240945392,3.9484265421543903,-4.6929041387635664,,0.4736116493078689,0.1939393939393939,False,2
-0.67021960709280581,-0.72002235646032786,-0.17992633066252955,0.73813550166808728,-0.67191894582443035,-0.060670515239181488,-0.077211783074647086,-0.1734725812326067,0.98180731516674424,9.3209683528399605,-7.8091640216675984,-3.5865105401199346,,0.5377500700308071,0.2857142857142857,False,1
-0.47313346891060015,-0.83610862882049652,-0.2776095845040889,0.87267650551737985,-0.48798136980368756,-0.017603960988737871,-0.12074948163283465,-0.25059238523232841,0.96053267469096326,6.0078134090728312,4.4897168053812857,-5.6986546257385342,,0.7837822363172967,0.3222222222222222,False,1
0.10266486635188382,-0.97010026682541328,-0.21992134394417595,0.97575137109892185,0.055249258047476719,0.21179419558566379,-0.19331111456800648,-0.23633237567135409,0.95224882315181125,13.306318398279718,0.83232514532487567,-5.5100341032338989,,0.4097926186232898,0.36,False,1
-0.11712746070062614,-0.99303205829766827,-0.012980336779958905,0.98506454347550509,-0.11782888686937229,0.12555555983914357,-0.12621015465175278,0.0019195343764958697,0.9920016694797239,-2.1993931763817587,-10.923259602683926,-2.1998999786429674,,0.3327274826145037,0.4666666666666667,False,2
0.87449635564532258,0.44414417072465256,0.19491557037435758,-0.48376272113788155,0.7696265613481349,0.41671163375254916,0.035067842823913883,-0.45870569178805382,0.8878960157140704,-12.886426121084192,-0.70070770172592478,-3.4285596206307574,,0.3833829264270218,0.1666666666666667,True,2
-0.058831238681722547,-0.99702487734275613,0.049802402701423845,0.9836018708876495,-0.04937452262392527,0.17346329900579505,-0.17048825455581548,0.059190797218149641,0.98358029900114907,-1.2191696943780783,-3.1963968460289198,-3.6992167123563924,,0.283518294723507,0.81951871657754,False,2
0.43958280736213096,-0.89512006222689577,-0.074343995524498427,0.83624755779360005,0.37765025679613251,0.39758056495011906,-0.32780631103727748,-0.23693956558737542,0.91455052605276999,-10.17568463319858,0.15836064313631648,-3.7523657993065149,,0.3843872511585593,0.3265306122448979,False,2
0.42421219801743365,0.85152670673993969,0.30813354046882258,-0.89386718376185015,0.33923638087926711,0.29312136681176459,0.1450705650601731,-0.39977611934252738,0.90505999003190529,5.8606229170499331,13.792721855220666,-7.4893247163134991,,0.2391848704780659,0.2424242424242424,False,2
0.64969589817405382,-0.71814301730854124,-0.24933079750964426,0.73394770370098683,0.50712699818851992,0.45182184092886779,-0.19803032123354103,-0.47654256305107406,0.85655774905890336,-13.300763135698327,-2.9614227043789283,-2.9028185137280333,,0.1065587788004135,0.2857142857142857,False,2
0.92200439922351385,-0.38432949663846033,-0.046890572891735337,0.35602257915059127,0.79397081625259569,0.49280651991846447,-0.15217033530701185,-0.47106388202961874,0.86887456407685049,10.671858079503133,-8.1326827466523177,-3.5899604736149211,,0.3608184214317413,0.2352941176470588,False,1
0.95379662382716879,0.2163022198145915,0.20853141269164982,-0.29877195390452693,0.75613230048839442,0.5822364328330889,-0.031738303923905434,-0.61763848152572964,0.78582147222039245,7.4202053724997414,-10.827194497285538,-2.8061569121279564,,0.7318779566786853,0.3684210526315789,False,1
0.88725047307593741,0.37815868838102834,0.26416397261637564,-0.4612606937788174,0.72108655446388781,0.51698428732997537,0.005017011182869055,-0.58054301078674486,0.81421412553790296,-0.33394190210529417,7.7567360866087318,-5.9016203024757692,,0.4997303721254847,0.25,False,1
