axis_00,axis_01,axis_02,axis_10,axis_11,axis_12,axis_20,axis_21,axis_22,location_x,location_y,location_z,dbh,dbh_approximation,score,reconstructed,number_clusters
0.66188865127454188,-0.5845364100635777,-0.46927667598545086,0.74960066691378735,0.5148830660690038,0.415925796792875,-0.0015011583440808635,-0.62706667395530413,0.77896414098356215,-9.035407076155245,-15.853328276729435,-2.2138492132444485,,0.3040902203166366,0.125,False,1
-0.9865132873394844,0.068218067014633621,-0.14878786655984716,-0.068927149791483192,-0.99762161897685142,-0.00039162689956000196,-0.14846070835162534,0.0098691784254302754,0.98886905978139528,-5.0692926537078433,-17.166342146836204,-1.5358020777798427,,0.3147397273284661,0.7166666666666667,False,3
-0.91818230597554706,-0.35835247011831428,-0.16889274748647054,0.34578832181746033,-0.93299670440485072,0.099737586016262259,-0.19331758711532307,0.033176147000359403,0.98057516477938578,-18.464378082965425,3.3488394866614479,-5.3623361450922493,0.6067055782639734,0.4286408976323139,0.953125,True,5
-0.7408077211986015,-0.62348087469138558,-0.24995103341774957,0.63785268896753022,-0.76960339346999307,0.029232925552587455,-0.21058933351294695,-0.13777596181314378,0.96781708858494386,2.7821470792748952,-15.090141917956727,-0.52376821556541897,,0.1917075110321574,0.4146341463414634,False,5
-0.59019658262287089,-0.78432898735565859,-0.19103935053787532,0.78077394242320564,-0.61473959943968959,0.1117464796477113,-0.20508545704952086,-0.083206156469210188,0.97520084640673477,-5.2564010045093186,-3.3872222282162552,-2.6099618764250243,0.6487286768242762,0.5935917705952887,0.9774436090225563,True,5
-0.07783021089606687,-0.82106163192079518,-0.56550884596037565,0.98498013091067438,-0.15102127164235946,0.083706136111499171,-0.15413176175943066,-0.55050011089834194,0.82048341111679335,-0.9529241189460953,12.463565632835143,-3.7587197043018028,,0.5281944917869361,0.25,False,2
-0.94365214707970546,0.30620804465082502,-0.1255279200137594,-0.31803470900152531,-0.9439751110449458,0.088118747142692966,-0.091512562974585071,0.12307568045231856,0.98816892670181755,-3.0966943750474498,14.475550150600343,-4.3332086472569671,0.2071994278324709,0.1858761310038175,0.6551724137931034,True,3
-0.85057960052853043,-0.44893958030152775,-0.27380211175849739,0.48360271705893354,-0.87231803277886066,-0.072039306923612753,-0.20650122328437065,-0.193686610088322,0.95908432468399352,-11.336799271912694,-1.0626163792064816,-3.665388825383936,,0.397193161036735,0.2527472527472527,False,4
-0.023627182398281567,-0.96746118319005703,-0.25191390448408046,0.99593017342017676,-0.044700800802043264,0.078261919724177079,-0.086976122718685378,-0.24903954992762112,0.96457993792566155,12.015825754594015,8.8550028571812067,-1.4041583823011097,,0.2607356348930232,0.2692307692307692,False,3
-0.87497432991053414,-0.428404950945656,-0.22558616979518986,0.44581421625509937,-0.89461505578382405,-0.030225594282981091,-0.18886398963927892,-0.12701614058913124,0.97375422640796727,-3.06430670713207,11.904266190755356,-3.9906413527971814,,0.1820742310315554,0.1304347826086956,False,3
0.69551955274159305,0.71143819701285227,0.10053976121533781,-0.68824823564100357,0.61949390904061308,0.3775469014554711,0.20631751716996982,-0.3317875653075073,0.92051621040378018,5.7100958160584758,-5.9325607265647475,-0.70995159010378406,,0.4607684669958694,0.2394366197183098,False,1
0.74762583125832383,-0.4917534652097304,-0.44635652329670555,0.66368336396836602,0.57759464407407779,0.47529866350387812,0.024083372416117688,-0.65158495730883925,0.75819326993973279,-7.8571702132417132,7.428779956950363,-4.1947343129977259,,0.7344334464665465,0.3333333333333333,False,1
-0.51316355950525472,0.8561486118122954,-0.060602934646565867,-0.85762893094025383,-0.50871548563190505,0.075373546371201028,0.033701305763627093,0.090653787401156205,0.99531206805687422,-12.900483755769176,11.838544763384464,-5.4857471446359334,0.286248056717668,0.2974366601217284,0.8108108108108109,True,5
-0.60842948875263947,-0.77591829801703593,-0.16662638452102535,0.76728304917553691,-0.62876426570447996,0.12622290054105526,-0.20270737446894393,-0.051051865543318309,0.97790767834210957,-12.258678538910797,4.530774145971729,-4.4950418919835302,0.3827598579467779,0.372574593459969,0.9554794520547946,True,5
-0.49522469548782477,0.86785400092818232,-0.039773534566813387,-0.86763927977427957,-0.49173466413915468,0.073478570186973985,0.04421064545740859,0.070897483431352243,0.99650336962367592,-3.1708660513114935,6.9388073482015233,-3.3885747402431541,,0.07132578234462088,0.3125,False,4
0.96400943216905366,0.22047107375259478,-0.14858775295252061,-0.19536981304274806,0.9664877413747105,0.16652952268008031,0.18032318442380924,-0.13150646908343167,0.97477669122136279,-17.93382813916833,-0.85160152915580167,-4.8147788645589138,0.1659876284783181,0.09238964931408958,0.2857142857142857,True,5
-0.72363993672383964,-0.65219371228807321,-0.22580656241619235,0.65810030912263828,-0.75061615469658638,0.05898619703961757,-0.20796448040712109,-0.10591860063468776,0.97238471035315244,-10.380654128920151,-14.423832454184728,-2.4641475187032822,0.3387028655424363,0.2998194878222293,0.7209302325581395,True,5
-0.98690439540762387,0.066911049264729572,-0.146774063823981,-0.074379417179190818,-0.99616880455668633,0.045993642258331288,-0.14313426083645028,0.056308297029802057,0.98810017663211036,4.5135696411194717,-10.700143475296402,-0.49189105096282576,0.8358942674499463,0.8039254112621501,0.9961759082217974,True,5
-0.042317876729922752,-0.88468756038147311,-0.46425975252583329,0.98803935203552373,-0.10602136253377901,0.11197191395927436,-0.14828161092425857,-0.45396849140965495,0.87859272286364209,-8.6167368970227294,6.2642513042516441,-4.1736004794642723,,0.6412621844887567,0.2424242424242424,False,2
-0.77343746722289108,0.63345124449781376,-0.023108551231304536,-0.63353874469003046,-0.77369930017468558,-0.0042487510849317234,-0.020570446578022622,0.01135401926069575,0.99972393338071497,-12.40332586576109,-18.942660542022793,-2.5386584093197602,0.5434525448846972,0.4179239661506542,0.3125,True,5
-0.5913123956693187,-0.76958496243411845,-0.24101584247324187,0.78951649780489019,-0.61335338529422934,0.021478464610116599,-0.16435738627062282,-0.17758550150106239,0.97028348395451114,11.457889029639981,-0.39280315583473008,-0.5116160551315676,,0.3175547112319645,0.1111111111111111,False,4
-0.027289885082898487,0.99547413066471491,-0.091030310059298916,-0.99026918699144484,-0.014490529785224963,0.13840867690230199,0.13646317989649995,0.093921668021140936,0.98618280293699179,9.4191683674996067,2.7504048304209392,-1.0784978623673958,0.2004313165225396,0.372615973090468,0.6886792452830188,True,4
-0.21602509696323999,-0.87913261807119114,-0.42480465784324573,0.95139089701822643,-0.28734524389424942,0.11085157591216119,-0.21951883416435616,-0.38020856204805364,0.89847255427891315,-8.1960089460552474,-16.802082418169775,-2.017260578951213,,0.5023682286042993,0.1454545454545454,False,6
-0.68623266670028615,-0.69744637141417476,-0.20652672019527016,0.69738350106464719,-0.71155364265073118,0.085718528179683687,-0.20673891650153675,-0.085205473014808283,0.97467894599816507,-8.7040532386566749,1.0900137127953367,-3.5223758777025052,0.678378666798483,0.5898991001957109,0.9759174311926605,True,5
-0.94375311549098817,-0.22544182057416001,-0.24188022353483701,0.27678173659175931,-0.93883313919284461,-0.20490048082559439,-0.18089203213603514,-0.26032349546193112,0.94842487863835512,-8.3755948603092598,-0.95674275305621936,-3.2393593337709268,,0.2677526574826474,0.2424242424242424,False,3
0.50016860287315812,0.86294420003062677,-0.071823925912025022,-0.84207083569204222,0.50404809936543848,0.19196932359884053,0.20186152772834204,-0.035536195063514991,0.97876917731587221,11.292181045543192,3.8789464065783186,-0.96001026831886882,,0.1744505469884419,0.6571428571428571,False,5
-0.73778930412406185,-0.63297516235510887,-0.23454079935409455,0.63969199769126839,-0.76655224789695398,0.056496011663502599,-0.21554834912355109,-0.10835171934792713,0.97046319564652272,8.6616524490909228,7.6718962679969191,-1.7539915943054289,,0.2573080844316318,0.64,False,5
0.95567562484515112,-0.19548697176883525,-0.2201566350248868,0.27231701652098717,0.87116563283727477,0.40855095481021658,0.11192650530566492,-0.45039458703661372,0.88578618942619536,-2.1328761768215734,13.312098050356896,-4.0496277378972163,,0.3082194971682094,0.631578947368421,False,1
-0.099974161399925848,0.99493017643506287,0.010913801870823969,-0.98731474439260936,-0.1005567871909879,0.12287362635969422,0.12334813560543564,0.0015088302490340599,0.9923623133079682,13.806602744430775,10.326743879157748,-1.2635396554173344,,0.2433508775809191,0.3571428571428572,False,1
-0.59476570066136702,0.8035939550706479,0.022147611399609746,-0.80361052711612735,-0.59358839936886398,-0.043161705745389162,-0.021537920626994833,-0.043469155830599682,0.99882258207673802,-10.302074741464722,13.242412639959847,-5.3009717426502858,,0.1122656537162033,0.25,False,2
-0.66937571311550048,-0.72049910727602795,-0.18115515754612377,0.71426867455530973,-0.69120083276905586,0.10982563147263708,-0.2043438651883514,-0.055878843883971588,0.97730299271314747,0.61633872409947288,-7.0396545784342131,-1.3344881169720451,0.2837702729739165,0.2554227174208352,0.8625,True,5
-0.90598614455497462,-0.40443505195629759,-0.12498557766206075,0.40887367094814947,-0.91252448865336933,-0.01101720533033973,-0.10959665633492879,-0.061084747335266865,0.99209738764054289,8.0406583268865894,9.5263075844320433,-2.0770859468104028,,0.2616310440530166,0.4230769230769231,False,3
0.43046776326136843,0.88254151005541659,0.18925640761110776,-0.89847137067527361,0.39892429106634997,0.18332650128693173,0.086294269042919619,-0.2489576129109479,0.96466232750327363,-10.197894948270399,6.287382409704513,-4.3674800243233003,,0.374307591143242,0.4390243902439024,False,2
-0.74826841369432218,0.65109118290073897,-0.12717960770618661,-0.66275922730787218,-0.74208258450943065,0.10031771720925658,-0.029061790819825739,0.1593540376542765,0.98679364762731658,-7.3482503664202783,10.990084354072843,-4.56045830546711,0.5436027510907967,0.4471272340453175,0.96,True,5
-0.48052345632185783,-0.8460135364351693,-0.23099416462965794,0.8548223716697475,-0.51067876792087996,0.092118993088935938,-0.19589773050600429,-0.15319364269861152,0.96858442431175129,7.2816692670700469,0.1210683559424689,-1.1124461778353159,,0.3762590219166471,0.8048780487804879,False,4
-0.96452526601707789,-0.21152170253507965,-0.15795436230553067,0.20104582063334467,-0.97632808591007725,0.079774975205451404,-0.17108941878605638,0.045188914789211741,0.98421866105028888,2.6140546623967387,1.360271441521816,-1.9404188951086614,0.4900716134224283,0.4069419624870879,0.9806378132118451,True,6
0.98773593744619204,0.11340023529025182,-0.10732243247992698,-0.064930515985123671,0.92345672165654857,0.37816889258801573,0.14199206305705447,-0.36656250471571161,0.91949452644664853,10.358018919706513,-7.0728875464961192,0.020871944773181821,,0.5540291819821627,0.7241379310344828,False,2
-0.97574146548289031,-0.15123868788402106,-0.15828913994466559,0.1375213647181413,-0.98599451827860618,0.094354036323835433,-0.17034220493865349,0.070297007131593731,0.98287428697925527,-16.179145382034715,1.387835653248308,-4.8213358909049635,,0.2873721713699629,0.9210526315789473,True,3
-0.62138491827015607,0.77059250479458097,-0.14166147994710818,-0.78338818365789942,-0.60792442207026776,0.12934778991427739,0.013554964093221711,0.19135069533436355,0.98142812999398343,-12.035834711374035,-4.8480474071668969,-3.4708358358096736,0.753999018378963,0.4879075584388346,0.9487179487179487,True,5
-0.76407916265947895,-0.60641540695696938,-0.22009858562653609,0.62231946836175045,-0.78275434181747772,-0.0037576141146190012,-0.17000444843455315,-0.13984274944057479,0.97547039572780636,-0.63566880271753423,-13.26723876663994,-1.0359377668528735,0.3821372488952819,0.4023928233116227,0.4220183486238532,True,6
-0.73659573561921377,0.66934207356314124,-0.096994385537436487,-0.67601607659181984,-0.7330315219802046,0.075279824473681617,-0.020711988243358445,0.12102056164792889,0.99243389563306827,5.7219231680829985,-4.0476379506424438,-0.89815747989195405,0.4493168452817209,0.4054201553858839,0.8305084745762712,True,5
-0.76784731826266084,0.64045831383313068,-0.014954734329437613,-0.6406257497914406,-0.76751933724515153,0.022643225453071611,0.0030239942122103486,0.026966927833685553,0.99963175232793511,-23.973570214411254,3.4360740032366524,-6.3195574960640926,0.6342231850357803,0.2903648144963857,0.3846153846153846,True,3
0.67940821956241559,-0.70077760117693211,-0.21752063092896509,0.73323207170735194,0.65964979770177523,0.16502385709876524,0.027842417473616737,-0.27161166779192963,0.96200410690834004,-15.752860353958262,-17.924513662524983,-3.138209272217694,,0.2754995487858913,0.6363636363636364,False,3
-0.55216454749500721,0.8127125462454603,0.18604469802941406,-0.83317606904037433,-0.54605146326098408,-0.08743819216434412,0.030527863797925492,-0.2032882599801572,0.97864290366107332,-9.092938068712801,9.756289149925065,-4.6579750852640593,,0.6074288416050923,0.1764705882352941,False,1
-0.56556016981618384,-0.80402512390050473,-0.1835355400304482,0.79979019206014113,-0.58900924463696669,0.11577460177687134,-0.20118981833555249,-0.081312421369485452,0.97617157668574817,-2.0131393632640631,5.9944780122003136,-3.1180875272849646,0.56533792915779,0.5659107106753074,0.9991119005328597,True,5
-0.95134677730781592,-0.24372620597689088,-0.18851219012611636,0.26865135439855764,-0.95571607861298358,-0.12013836548099059,-0.15088326310713004,-0.16493730202938831,0.97469478674783772,8.5110673589322516,-7.4796084437253691,-0.22668063994227494,0.6338885937301832,0.7373531821121395,0.1147540983606557,True,5
-0.61970431923074942,0.77718169774615209,-0.10933967905185976,-0.78471037825423307,-0.61107700452410274,0.10399286899566614,0.014006390928907722,0.15024481099279297,0.98854960309682405,4.4268081537164905,4.4826663068462329,-2.026901667821627,0.4427389189870251,0.3574436075534115,0.875605815831987,True,5
-0.4537489395303323,-0.80626687433178545,-0.37953343361336689,0.86708738736427171,-0.49772544812692282,0.020708475575364482,-0.20560000619868801,-0.31969220453759412,0.92494623184755598,5.9461661832752704,2.1509302486887552,-1.5252463878772313,,0.1554165368690903,0.1463414634146341,False,3
0.24607199610813532,0.96856486943741571,-0.036478300714806441,-0.95368227155699814,0.24866634725133299,0.16927838805519071,0.17302802561793856,-0.0068659621584724329,0.98489296926843584,-21.923866309261367,-3.8555636731599727,-5.1308041024243414,,0.2040291139295766,0.3684210526315789,False,1
-0.0075854154952870864,-0.93996501080115358,-0.34118651781884962,0.99323201597442068,-0.046627695666463104,0.10637678525047264,-0.11589919721531004,-0.33807046080133057,0.9339570330686654,-16.15354511061464,-7.7949615225702376,-3.9210287020605969,0.6087929148376775,0.6046248315704922,0.9759036144578314,True,5
-0.97292048730083491,0.20509510317362056,-0.10659138822863443,-0.20361600925397114,-0.97873928958856238,-0.024696635219450064,-0.10939033853952669,-0.0023241492804431142,0.99399615299272159,-17.537164960823006,5.9340902098979393,-5.5368017952349007,0.426737052024985,0.3449584505925526,0.2619047619047619,True,5
-0.90567968955811373,0.42344706026832812,-0.020901843747129972,-0.41793221255976559,-0.89999745557605126,-0.12384363391604929,-0.071252828903963256,-0.10342711011501973,0.99208158296908133,7.3250451200799684,6.8836115568311032,-1.858842463901254,,0.4344594744383147,0.1818181818181818,False,2
0.47081123370761252,0.87332394349446973,0.12506826909325844,-0.86398106507435746,0.42772627429933352,0.26568205334005968,0.17853151376632301,-0.23314271164520514,0.95591368574731994,-0.4636253269926533,-5.4989914824852155,-1.6650208888108979,,0.2417022853067745,0.1538461538461539,False,5
-0.51862124362553841,0.84772333383786758,-0.11134251176936694,-0.8541253826231483,-0.50777397560137194,0.11240738614894721,0.03875353427961209,0.15339732386449595,0.98740438757990656,4.6286467984887283,14.124132538541895,-3.1188908578964289,,0.4050479167370772,0.7171717171717171,False,1
-0.032544435689650396,-0.9714135239474414,-0.23515234465694118,0.98898087156622705,-0.065296059457196021,0.1328655722731393,-0.14442193525136229,-0.22823713569745163,0.96283441697255245,-15.808923600931832,-0.20392775846116984,-4.5401321142557061,,0.5570002458936351,0.4791666666666667,False,1
0.78197554785986834,0.61029919811265176,-0.12668516618891595,-0.58586285456853271,0.78904129797216171,0.18487440528969143,0.21278852926337327,-0.070347131266746563,0.97456263161300727,-9.2750151819427096,-6.7378115102760789,-2.9128658348780032,0.5377931126970155,0.4637656915228447,0.8807339449541285,True,5
-0.77557539468417502,0.62935752846226523,0.048907141895180695,-0.63089426038970409,-0.7701836838452264,-0.09375246847910261,-0.021336339138073007,-0.10356734285703013,0.99439356701746617,-8.4521561219350207,13.643064952023028,-5.0356747572765839,,0.618524192426653,0.4666666666666667,False,3
0.16424009684946095,-0.91731002962919894,-0.36272234578057028,0.98342412403178159,0.1236302999703567,0.13263687723089973,-0.076825665367797627,-0.37849419872822304,0.92240986479432097,-0.21881507869114747,15.234508402291251,-3.9814387255160479,,0.2809083078890784,0.25,False,4
0.30444188289501656,0.94101851341236253,0.14764585112534095,-0.9324750076347188,0.26278939616192926,0.24785498462101224,0.19443636510686621,-0.21313350435827291,0.95748034405098581,-11.077597239912688,14.335928351357731,-5.5206270953685266,,0.5491144790815583,0.5925925925925926,False,4
-0.83613710904611627,0.54614003919328402,-0.05104696333732367,-0.54774367836853377,-0.83628055325595874,0.024732550479407367,-0.029182146653600305,0.048640454725118146,0.99838995812298847,-4.5351653808592394,10.546815156744792,-4.0866515572135347,,0.5935648636960195,0.6363636363636364,False,5
0.24069570511431632,0.94463767939207921,0.22299155188542297,-0.96401016795656536,0.20593890193752534,0.16814744941604293,0.11291578107543909,-0.25543849228633009,0.96020893718117939,-3.5223516328571329,1.9846623588909194,-2.9049602694528143,,0.3456168194134717,0.3663366336633663,False,2
0.81364027488797885,-0.47970808567471834,-0.32843516197038269,0.57952051403097338,0.71423943358223907,0.3924512776554549,0.046319292929521416,-0.50964907932264469,0.85913464547071439,-6.9546364817051565,1.4607113925504824,-3.3342864067823834,,0.3620356552576608,0.2809917355371901,False,1
0.16721713854996001,0.98585713414844833,0.011141796254270725,-0.97231030596103574,0.16302707856917559,0.16743607907245361,0.16325163857407532,-0.038831465357466149,0.9858199733222448,9.9984067188454215,-2.6291345157005019,-0.47950782757958299,,0.1602618082676852,0.5,False,1
0.7349182391411806,0.67701203825163114,-0.039368538707950665,-0.61532411299415479,0.69010687214727606,0.3809576629798398,0.28508142301031203,-0.2557483237041373,0.92375395922125314,-9.890295395478601,-18.206227263828136,-2.2170175652667075,,0.4896699632604579,0.5,False,2
0.9030780891539707,0.42928209740251355,-0.012916878094688861,-0.38637383591902763,0.82520915445681231,0.41200134747096462,0.18752392862573725,-0.36707864586539607,0.91109167702399618,7.1542139934039408,11.229008753704477,-2.4147210775660843,,0.4788625358466027,0.1666666666666667,False,3
0.94930160818699294,0.31288297043945013,-0.030507433562600703,-0.27773660865093103,0.88019225601077666,0.38486876811939491,0.14727129017113244,-0.35688350938036811,0.92246697925924948,-15.221879944590246,7.3917911733297794,-5.351521474927436,,0.3440742666727841,0.25,False,2
0.26099617468273861,-0.88843446797738113,-0.37757806200933508,0.94926295270446126,0.16511670767353462,0.2676496207168248,-0.17544470189716493,-0.42827639318178667,0.88645275543562629,-2.5796455329784518,-19.846663779428123,-1.1332390724598524,,0.431675681897901,0.41,False,4
0.28339507506297906,0.9590031781098467,0.00036851765323725472,-0.94246787365410822,0.27843763435214586,0.18500484022393451,0.17731762055687328,-0.052776776631326933,0.98273754038830463,-1.4207027254342104,8.1946167301854906,-3.3351530166600178,,0.829100953486605,0.5631578947368421,False,1
-0.94331462755052753,0.3261638959619732,-0.061437988412021083,-0.32237976643015703,-0.94443948638427411,-0.064072948696348012,-0.078922744792904689,-0.040634585381353658,0.99605222294076479,-1.7350699981048325,-15.604552905060846,-1.0378848858655512,,0.4643556748673654,0.4794520547945205,False,2
-0.82629245588110745,0.5552363861067976,0.094622052910679905,-0.56093424631885669,-0.79602279426139089,-0.22737740064259651,-0.050926895258444155,-0.2409569807234288,0.96919873337720841,5.4451239053141727,-7.3369678076353173,-0.60694470744489537,,0.4150504629763301,0.3870967741935484,False,1
-0.94619925726228304,0.30812335762700338,-0.098827941600364524,-0.30628492805969987,-0.951345124349815,-0.033645166358619027,-0.10438634201737186,-0.0015655224356354372,0.99453559048418938,-6.8855366656507329,16.674849942433614,-5.182077876263115,,0.3514035603026321,0.1428571428571428,False,2
-0.87014841424759148,0.47666932385785915,-0.12501237088902117,-0.48806330921611119,-0.86866172785895668,0.084976518816150232,-0.068087762332312826,0.13495613452520117,0.98850943261791657,-23.478991741318893,-1.0052917766875067,-5.7339606135465635,,0.07604303222574413,0.4166666666666667,False,1
0.85559527752886144,-0.44450230623993769,-0.26528177626382021,0.51090668464148403,0.80755778498082131,0.29466045460074414,0.083253112007649205,-0.38764432623765638,0.91804182675779844,-13.507534327698462,5.497445860587721,-4.7923368398526955,,0.3434717673374315,0.5,False,3
-0.97863544644985379,0.16306537834026971,-0.12522917127666289,-0.16541843787043525,-0.9861863569062127,0.0085562763254246471,-0.12210406776352696,0.029088689190074964,0.99209094582946555,10.22883189919752,14.878638560785244,-2.3882315240813359,,0.2479823959509674,0.3333333333333333,False,3
-0.91050042072414272,-0.34278646768879256,-0.23127131562431008,0.36486962106243914,-0.92917032552995005,-0.059267746543278071,-0.19457426213893508,-0.13834718545748034,0.97108234089035017,4.0492881246916754,1.2032995810429319,-1.7391940019387402,,0.1177517353369488,0.2265625,False,1
-0.28387194477094857,-0.92921689699769272,-0.23658545455276792,0.9417473897640205,-0.31659486186470048,0.11348809326764762,-0.18035679317567913,-0.19058764853696944,0.96495998641422187,8.9436135789598961,9.4047347880520142,-1.9140316697833348,,0.2773945826670156,0.7647058823529411,False,2
0.96900626700085635,-0.11355488967405253,-0.21939038617081544,0.21860526730475399,0.80779476678930129,0.54742976887856187,0.11505907882337141,-0.57842277079912108,0.80758188848028623,9.5883726428209552,-5.6013041306455102,-0.19071981767532509,,0.6092978309298526,0.2121212121212121,False,2
0.39011053808834256,0.91764253412234653,-0.075802029273248944,-0.90046582203691972,0.39740623216793353,0.17671895760631151,0.19228903092948041,-0.00068279104060642304,0.98133809789521409,17.51503377920293,1.1639087070851013,0.26457042374162987,0.7462125034075698,0.616206614382616,0.5833333333333334,True,3
0.35706280446294725,-0.90613214291311395,-0.22678336193103954,0.931554921470647,0.32760149279972406,0.1577424806423787,-0.068640964102160279,-0.2675851294356284,0.96108616499877153,6.2608756478366629,9.8149833138523945,-2.4110587394265943,,0.3616390005877281,0.3170731707317073,False,2
0.64878837513178378,0.75781861657823513,0.069170721127588902,-0.72443290143923533,0.58725425772794082,0.36101164536997637,0.23296054517061915,-0.28432970500434201,0.92999247483297032,2.2118118383347092,5.2950726780980411,-2.4423236743810195,,0.4282828085111339,0.3869731800766283,False,2
-0.57670258344196845,-0.66377145659475145,-0.47625789616702519,0.79154052515008744,-0.59826672309697138,-0.12466164237621535,-0.20218241094734943,-0.44887011645340524,0.87042397213003242,4.2760288659606758,8.9852339484036197,-2.6156456000222708,,0.4160130031362228,0.2105263157894737,False,1
-0.98333815763258625,-0.081628995112151007,-0.1624277528648726,0.07566209569544681,-0.9962231515477139,0.042599056272577041,-0.16529160601411297,0.029599653331104397,0.9858004592735562,-16.098350723404636,13.192350394701498,-6.1851301068053663,,0.09360764095221319,0.3333333333333333,False,1
-0.57695673535637115,-0.73658945103391016,-0.35292620496710359,0.78984907119256753,-0.61319463812259989,-0.011435930829332655,-0.20798887052714554,-0.28535647250983737,0.93558127029862315,-12.013727979442011,9.2001078352683798,-5.0539637122271994,,0.5340004640032442,0.1818181818181818,False,2
-0.73490646972989682,0.6764832722631573,-0.04777931662625276,-0.67787099236717419,-0.73484527116833231,0.022211374308730603,-0.020084781708624475,0.048711495457141915,0.99861093112084753,11.833975685684885,2.8199597174066455,-0.73389915829863839,,0.6492365633230451,0.5476190476190477,False,1
0.87365206692184383,0.48414600742467134,-0.048318831297350637,-0.44360354056278484,0.83339262168635619,0.32965533048762446,0.19986986957356362,-0.26656965621295575,0.94286406953661905,-15.839058483232579,6.8212570379837549,-5.3489926650578568,,0.8169068698660937,0.4303797468354431,False,1
0.67247056911993586,-0.59434294889763339,-0.44106665342459778,0.74012234781849728,0.54122024616587971,0.39912348389913066,0.0014979743471150164,-0.59484208344384071,0.80384118570588681,11.782365639525668,2.0294226283512122,-0.66272582778635225,,0.1360557122874921,0.5,False,1
-0.8673699622188823,0.4971214533506525,-0.023229491147053694,-0.49313136564722121,-0.86481885563123451,-0.094391753663072703,-0.067013467715994285,-0.070417381115876893,0.99526407931837879,12.169314865619581,1.1769891591167301,-0.50792654749164068,,0.1472718824812581,0.1538461538461539,False,2
0.98731391917034617,-0.0023965260696573246,-0.15876234337930251,0.06073871160671681,0.92953714234004381,0.36369150378124093,0.14670389880588103,-0.36872070415573593,0.91789052092395584,-19.53477597180915,0.59585609441122034,-5.2287782222733208,,0.2644654469693127,0.3125,False,1
-0.56762150166329572,-0.78017309514597588,-0.26293682218330283,0.81367458019058125,-0.58028038477415111,-0.034761366458252105,-0.12545719748658141,-0.23367630743554552,0.9641866390601469,1.5872789777516816,-12.701412814703829,-0.7791439227322402,,0.2755036892730118,0.36,False,2
0.33369378839574831,-0.889763197340389,-0.31139991689899693,0.93929520780647524,0.28585584952353349,0.18976550235743633,-0.079830872335737157,-0.35582001904303751,0.93113862870698716,-8.3407871077789508,9.3209481959346281,-4.4826218451309341,,0.4832825431085108,0.125,False,1
-0.3920669289572426,0.91566216389394683,-0.088579483127254444,-0.91745146693312141,-0.38211796067963089,0.11076402822353384,0.067574618314128948,0.12469428911981151,0.98989141082272492,0.096183884214162269,7.1341402498324245,-2.987350517003009,,0.07138611663267476,0.2745098039215687,False,1
-0.72997933340488852,0.68003172931048039,-0.068461813682904465,-0.68321725222668783,-0.7287598337200446,0.046079182025598089,-0.01855691411764622,0.080411142805777991,0.99658902715768427,-10.419109771076979,0.8037479709774169,-3.7405932731956373,,0.1261084249584979,0.1818181818181818,False,1
-0.064843061800926416,-0.84840669538420488,-0.52535840772137088,0.98668208176089101,-0.13321224617895389,0.093343275065492864,-0.14917723307621616,-0.51230906364733664,0.84574557429318753,0.12081839820327916,8.7937299463378693,-3.2035685338299027,,0.7478681849977593,0.4558823529411765,False,1
0.56229227830717921,0.80661143947870362,0.18222343279121886,-0.80203951048479294,0.47828913037547593,0.35773192670767467,0.20139517714542149,-0.34730029292640296,0.91587252887931914,-11.000673063850455,-19.23904196338583,-2.3430473645873033,,0.1586058698737051,0.2,False,1
