axis_00,axis_01,axis_02,axis_10,axis_11,axis_12,axis_20,axis_21,axis_22,location_x,location_y,location_z,dbh,dbh_approximation,score,reconstructed,number_clusters
0.21207781811859172,0.9766274727530887,0.03495394864636589,-0.97455009805756054,0.20869770828617676,0.081837478774074962,0.072629921093560104,-0.051420288019547206,0.9960325539569127,-7.9634012476858302,4.0020456194305316,-2.4777178940194218,0.4369461508534824,0.3123925202754845,0.9684542586750788,True,5
0.91859971176416055,-0.37929850564607237,-0.11093787974113031,0.39467080836030832,0.89488062370307719,0.20838335429926344,0.020236664127813036,-0.235204831870963,0.97173513083017127,-12.465451279776341,14.179368257686765,-3.3927697534899193,,0.4416776459338367,0.9565217391304348,False,5
0.99230633355041231,0.12336225472833971,0.01048305795457447,-0.12136279350961977,0.95248269870248459,0.27937032953406904,0.024478822424294399,-0.27849320060061283,0.96012620236714075,7.4360284469094999,15.073099983592101,-3.8222515086068936,,0.7816264622974831,0.5833333333333334,False,1
-0.52033270104978591,-0.83399887247830129,-0.18357494633842386,0.8409783553606287,-0.53778618061565819,0.059509913071300595,-0.14835526965081189,-0.12341760264947575,0.98120273609641462,12.382750416290369,5.2815244716524399,-3.2095263323767478,,0.2696382691501337,0.6538461538461539,False,3
0.76891988524289812,0.63783718725006644,0.043885449057419312,-0.63643904424483999,0.75708226444135762,0.14755266120629781,0.060889679246670179,-0.14138658857639036,0.98808009773093197,10.750249623888738,0.95137610315471377,-2.6789234359398266,0.1889207420967717,0.2561615025075343,0.5466666666666666,True,6
0.83057526104802948,-0.55451017046813822,-0.051606264952960043,0.55636347782067552,0.82210449482400938,0.12084651479229344,-0.024584879139047805,-0.12908396661691765,0.99132886232579864,-8.0562450844783768,13.132785899192884,-3.337860906611585,0.1432436369224299,0.1492496536018728,0.4385964912280702,True,5
-0.95076888351977429,-0.30864221821227467,-0.027901814772005592,0.30713840020549482,-0.95046148961664612,0.047843075516930823,-0.041285993384851019,0.03691798874148066,0.99846508644895204,-5.0594914736309367,-1.5631238091402173,-1.9624003611858036,0.5083233157157303,0.3587816309245732,0.9354243542435424,True,5
0.8987129301550828,0.43732094950495048,0.032641328039062029,-0.43646696210808839,0.88476440766284414,0.16336625698458401,0.042563601353758744,-0.16106622879146676,0.98602535960425153,-5.2567439275164309,-8.9966204029560046,-1.3015875024315804,,0.3336723250458685,0.7622377622377622,False,5
-0.42483089228124427,0.90517786945371803,0.013104869886819345,-0.90337598409456776,-0.42483295856519998,0.058555859466934833,0.058570848761940818,0.013037713295196365,0.99819811345611131,-5.4072971809261361,12.41914632479679,-3.3629775311513157,0.3452741246060699,0.3229603886684128,0.782051282051282,True,5
0.89031685790098469,0.45509323902488152,0.015034504686149438,-0.45280723037831033,0.88140017781823332,0.13453378259421989,0.047973999775291626,-0.12658542702786524,0.99079494599525064,-3.1884185405165102,8.2243072571299685,-2.994766344636858,0.3016902208682143,0.2572267113661367,0.9539473684210527,True,5
0.54098404104901021,0.83519817656757234,0.098895263731303251,-0.83647491675209085,0.52209396757665039,0.16651607329220053,0.087441300166822805,-0.17280594572604588,0.98106682960278591,-7.0420538221111277,-18.548538323895361,-0.42244059943101653,0.2638835427375261,0.2309455510795192,0.4,True,4
-0.75507963431908809,0.65453546419049735,0.037921919169300815,-0.65413183793184804,-0.7560013938439496,0.023946421651437913,0.044342805960554267,-0.0067244793802992975,0.99899374219091541,-9.2595101103166986,-0.99455889920743834,-1.9934681802024949,,0.309628119297868,0.6858407079646017,False,3
0.63044670988695428,0.77553179398457184,0.032975483495863628,-0.77290041121949249,0.62324172228384744,0.11914155421767512,0.071846366153439103,-0.10059916562146605,0.99232953576259686,-5.0753883058797689,-14.517361445782328,-0.7617459684794039,0.3014631851844851,0.2218633728416219,0.21875,True,5
-0.74468231424519871,0.66683685360178702,0.027872235807059317,-0.66736800326985002,-0.74449243950896249,-0.018733812361818369,0.00825827233924545,-0.032551777101457784,0.99943593228656169,-0.03762258357717551,-29.563123430050865,0.41712481716300642,,0.1721337228753771,0.1428571428571428,False,3
0.95376583077781796,-0.29940153095723365,-0.026257633198088211,0.30048484523865027,0.94808152735266127,0.10416465463174791,-0.0062926800812674105,-0.1072387092103942,0.99421338827451189,-1.6479485809009591,16.320390732097305,-3.7993711883130685,0.3226679502140194,0.3157989834535732,0.9736842105263158,True,5
0.57590100250041154,-0.81641901100411374,-0.042403228533746194,0.81574498561363296,0.57046190291090348,0.095568487345379413,-0.053834503482747036,-0.089628208719884306,0.99451929616092949,-1.3983199520978842,-26.368093002633675,0.17658559751276162,,0.136549596848464,0.25,False,3
0.44619574417676361,0.89104604640879548,0.083344472269008346,-0.89120923928466866,0.43391739102120008,0.13214306483125682,0.081580939515225631,-0.13323903687962602,0.98772056238553829,-4.2553952826775552,-18.076666446845504,-0.41574602580696474,,0.2505584800164745,0.5576923076923077,False,5
0.50194107986933145,0.86487670023969532,0.0065913368982135293,-0.8619102032144913,0.49955707928219767,0.086911024236254547,0.071874570846467464,-0.04930535388308966,0.99619427229034996,5.5067306877466535,4.445036884677311,-2.7594341260501283,0.4600164778392883,0.4422456015529895,0.9229857819905213,True,5
-0.3530394112942441,0.93463705857825852,0.042623266008047479,-0.93343680793399575,-0.35495642791003928,0.051977493969374303,0.063709494323881136,-0.021436021494775422,0.99773824088057761,8.1181312318684817,-10.608941682915166,-1.4762210661579085,0.219960315777823,0.3431603422732136,0.3076923076923077,True,5
0.74557709335308409,0.66640095527796495,0.0049562759993439735,-0.66363777864093731,0.74176574907971105,0.096790868643364017,0.060825131546822654,-0.075454226500775559,0.99529240079259185,-2.9501078833801819,19.196453155086054,-3.9897281548592081,0.2910929621858332,0.2525684792540749,0.859375,True,5
0.81002657067959505,-0.58576692347515014,-0.027093655263021488,0.5856394735963264,0.80577960756998968,0.088009266501714561,-0.029721402370539905,-0.087156958338446694,0.99575112495759588,3.1201056202166533,-9.6663959563186541,-1.3419279694574286,0.5477914769974511,0.4771522192263907,1.0,True,5
0.76417253081857239,0.64496076604162678,0.0081211704414015234,-0.64228002598942413,0.75971807487905973,0.10151263427319009,0.059301866390233847,-0.082789232204771634,0.99480110156431845,-7.6097861962187219,7.5075046491937041,-2.8139810781681902,0.4046731430621467,0.263150331267525,0.8703703703703703,True,5
0.89519266538506415,-0.43457982968543529,-0.098845654792523011,0.44533567712100192,0.86351668051787378,0.23667504547495349,-0.017499329243242823,-0.25588926139635193,0.96654770155335146,9.9101836370078047,10.001075646843372,-3.5749908541087629,,0.2394834095871131,0.1052631578947368,False,3
0.88797429061790922,-0.45155904635822103,-0.087155532547720793,0.45891783733663366,0.85769832482147135,0.23183615372221572,-0.029934558221058293,-0.24586177264979145,0.96884256253202183,8.6190496607482086,11.615958438246105,-3.5973822363603021,,0.4156687907515749,0.5408163265306123,False,5
-0.98542884138792375,0.17008603961268703,0.00085888865709366239,-0.17008727107854135,-0.98539408612407464,-0.0082954956906884786,-0.00056460420531415101,-0.0083207067350590594,0.99996522292603773,-7.2546089317317914,-16.998761522550467,-0.55479715814481667,0.2389270182042468,0.3441787862245376,0.9210526315789473,True,5
0.20232636326733494,0.93745997222218735,0.28325402593465587,-0.97810618117749248,0.17905356838832862,0.10605714492569082,0.048706684032042313,-0.29851067004142823,0.95316265075905138,4.744856348521286,21.530827305321178,-4.3685104473037857,,0.3757413895690615,0.1739130434782609,False,3
0.79406086370750173,-0.55693698443831197,-0.24349238200168924,0.60705194680837493,0.70625463081395412,0.36426958468970194,-0.030907581663065582,-0.43706474556821157,0.8988988427944139,-0.08267172425945106,20.58711850573847,-4.168052830555534,,0.3227570796137462,0.6842105263157895,False,2
-0.52024264116609598,0.84373953234884824,0.1321029744717048,-0.85224143567039723,-0.52288509717756815,-0.016604531793031119,0.055064776754159557,-0.12122201409542853,0.99109691436290059,-14.741336753091952,1.8278277679082202,-2.2517611616093216,,0.2691711307952106,0.68,True,5
-0.69620335566369873,0.70188957330520374,0.15050552962613725,-0.71674194403769076,-0.69130022200878172,-0.091569583965859944,0.039772769826565441,-0.17162467752642038,0.98435923160413108,-8.6495057202109322,19.722441550139575,-3.9161242331879405,,0.3616636149052847,0.5510204081632653,False,2
0.93205546776606396,0.36231506849041828,-0.00062940620151525197,-0.35995195434574567,0.92617166895403602,0.11243055718786236,0.041318223220043679,-0.10456495957861954,0.99365938513066943,-11.24416517210609,27.73316296509104,-4.5614030428423007,,0.3296980798014542,0.9056603773584906,False,4
-0.94419586935308308,-0.32835037485857133,-0.026080483638400802,0.32675022961627048,-0.94369780873704945,0.051659783493617467,-0.041574604535603223,0.040255150168997285,0.998324133306704,-0.75642928362315609,18.474554254586124,-3.9715125482618903,0.4486737475862874,0.3420792792731301,0.9470198675496688,True,5
0.88933314893290005,0.45564259016198733,0.038423693726242325,-0.45467110630851604,0.87224183432441416,0.18018980976340515,0.048587398544096543,-0.17771891425747946,0.98288109770096843,14.275721997249958,4.1465716773190158,-3.2301693557646405,0.3351409746422166,0.3315833105330667,0.802547770700637,True,4
-0.98620798169809687,-0.14314257324765009,-0.08309043602609581,0.16251844100652135,-0.93253485091843635,-0.32243837884988025,-0.031330068109970584,-0.33149503095306004,0.94293662103327713,-9.0614950728159513,16.681437131938349,-3.6485034040959432,,0.4760939038144306,0.1875,False,4
0.60509585572355773,0.79593694851195074,0.018530498634948919,-0.7934143024614797,0.60092255200007316,0.096880499313757792,0.065975374464559103,-0.073324351283895223,0.9951235046329967,-4.5120279193732324,6.1779299616788981,-2.7025997088679459,0.4375698543853194,0.3582313962015953,0.9755639097744361,True,5
-0.54464508723014127,0.82622460673983533,0.14392577313906429,-0.8342395628027176,-0.55134242652685173,0.0081166844348636719,0.086058589407471422,-0.11564786175753008,0.98955519869288189,-14.762090030492338,12.17118212684476,-3.1971611362381989,,0.3651186314979207,0.8958333333333334,True,5
0.99132709772127314,-0.12967234044016077,-0.021346415349880923,0.13134541471474162,0.98300770913128288,0.12823504131820385,0.0043551529170790778,-0.12992662511294573,0.99151404666289544,-3.3210153375011453,17.661215657733553,-3.8895166410097324,0.1328327604793851,0.1405951685506268,0.7837837837837838,True,5
0.97098800719503175,0.23895712549230794,-0.0090433434012639584,-0.23592848304760389,0.96347607479867237,0.12669492561819087,0.038987700243490964,-0.12088567105739123,0.99190050597967094,-9.1791624333811388,9.7262031036023124,-3.0022986039683142,,0.1423889460830048,0.3333333333333333,False,5
0.59456720592955548,0.80087079271381312,0.071384949471651415,-0.79868404311375596,0.5780339400740947,0.16727391726710469,0.092701871116962098,-0.15646960567588378,0.98332274741869374,-9.2068959414398144,5.6808175209667029,-2.6174252101953543,0.2088966857132585,0.2069356073350521,0.6041666666666666,True,5
-0.89640980653598479,0.44242146813025984,0.026696503208922105,-0.44266664355477581,-0.89667827518508736,-0.0037833179942839829,0.022264353349414658,-0.015209054821463099,0.99963642551748311,-11.820104851711291,2.1081600832397092,-2.2967748424560619,,0.4586095546601711,0.9964912280701754,True,5
0.90712942949294939,0.4208488390172383,0.0015661563266217713,-0.41852529347682094,0.90171783660886617,0.10835830315009379,0.044190234983962254,-0.098950481753598551,0.99411067054568603,-4.6121815326286821,3.6900328301537555,-2.4877255572415802,0.3234877279191737,0.2575365169295228,0.9357798165137615,True,5
0.88774658608372847,-0.45833919236268889,-0.042792331567741669,0.45939327933077662,0.87616396183453449,0.14592644341629035,-0.029390709457252591,-0.14920421149126686,0.9883695105935173,-5.2684953054686119,-12.933481642843805,-0.88239527924357797,,0.1937656157859357,0.5636363636363636,False,5
0.64573243545857517,0.75986195077816576,0.075096188693825325,-0.76019457072248908,0.6305375581357735,0.15660971369690943,0.071650795116235663,-0.15821568676897305,0.98480148254327637,-5.9001716845220864,-5.9797895333344018,-1.5646612802301041,,0.2360980298050979,0.2835820895522388,False,5
0.85616281500279012,0.49155336727836868,0.15924987071829919,-0.51554530041182955,0.7920081300780113,0.32701095564767857,0.034616144062768452,-0.36207514276407965,0.93150593855465946,-2.191566123157207,-24.30672488502584,0.045540673910993333,,0.3206823393822332,0.1428571428571428,False,3
-0.0086041734114204876,0.9988772673242734,0.046585115892298773,-0.99741300155686174,-0.01189780779406012,0.070892499568205897,0.071367166997427289,-0.045854628910158082,0.99639554419029519,-4.8733715948307621,1.0741731193408812,-2.2183210825992727,0.3032757369668573,0.2648827303239556,0.9608433734939759,True,5
0.79476448592646076,-0.59724008018562413,-0.10795229747401494,0.60545275789966557,0.76785107476625158,0.20936017991013028,-0.042147002998294388,-0.23175205198699342,0.9718614183812837,6.1718987244657608,-10.911349723517471,-1.3645820107985758,,0.1663267658982229,0.4615384615384616,False,4
0.41277925078726696,-0.90278808966902624,-0.12077646820160708,0.90899865311338057,0.3999041980162909,0.11746523335442054,-0.05774719696715995,-0.15827285794064094,0.98570531279979368,15.312986370269789,-1.0649877015250042,-2.7627338370874766,,0.2798006747120741,0.5714285714285714,True,2
-0.2521887249178541,0.91465944851897785,0.31590970269883761,-0.96537570658011607,-0.26031088461816526,-0.016970223753730113,0.066712758669165567,-0.30925125154842842,0.94863748146828053,4.6473144096744798,-6.9336551962355566,-1.6284401276927001,,0.4301779499436915,0.2736842105263158,False,3
0.62724952029735137,0.77794816278876144,0.036806185625966215,-0.77595091202651856,0.62019022632590448,0.11517059214503263,0.066769913972960671,-0.10080049198001946,0.99266360838132361,-8.5554772645117332,11.291273290199751,-3.1653900835928281,,0.2677232767079847,0.6883116883116883,True,4
-0.93183617979565891,-0.36101243470475125,-0.036760794501498398,0.36247693203324788,-0.921245909385631,-0.14112564679748074,0.017082381789370108,-0.14483092359296371,0.98930894861191498,-0.6842905856472653,-28.488048971180088,0.35615254525743029,,0.399649434802171,0.2916666666666667,False,2
0.89831152836367467,0.43935746433343531,-0.0011901862933451034,-0.43700805751145527,0.89378123157011657,0.10089136614730768,0.045391140974681159,-0.09011175632235556,0.99489673619603214,6.3086416741433027,7.9455345754333155,-3.1693610984571658,0.2926313605191945,0.258367711255347,0.9758620689655172,True,4
0.3905247714167332,0.9104342435714623,0.13638141751121374,-0.91927129237206651,0.37772743847130535,0.11073514910134644,0.049302068217261033,-0.16861634072166898,0.98444798527455735,-8.8587136056180977,-11.811290670653673,-1.026266596986837,,0.2363301879351398,0.4545454545454545,False,5
0.010750989661718261,0.99669966462678605,0.080462380987300089,-0.99735624487231223,0.0049051156892937226,0.072501452773546693,0.071867496376970014,-0.081029120524206952,0.99411736962572972,12.768412070766681,14.381598078455729,-3.9714854604516048,,0.1301471312712172,0.3125,False,1
-0.88923468862886468,0.45736840364238074,-0.0087070022826027799,-0.45705012150791513,-0.887497000057198,0.058772964184877388,0.019153458401267007,0.056242494957968042,0.9982334029635439,-6.2633630663730555,5.8691362325907646,-2.6664013938781381,,0.1210979639370234,0.7321428571428571,False,5
0.38083893339563657,0.9244228994192879,0.020099996002730432,-0.91972219892648643,0.37648397633228159,0.11122451333614224,0.095251160685324993,-0.06084503754843,0.99359201777884076,-1.5695554240271754,22.703234459799443,-4.3321930059237364,0.4016265082830906,0.2960398282415923,0.7735849056603774,True,5
0.84755290266095185,0.5306072162709029,0.010490911887893908,-0.5281061067083288,0.84127206461021553,0.11560818899990483,0.052516828239787511,-0.10352437079118097,0.99323949146413026,6.2703450679005321,10.939229197271152,-3.429675051493287,0.4221368905321871,0.4308169990208716,0.9147727272727273,True,5
0.59953091897455268,-0.7998258496661923,-0.029004954736807368,0.7989526044308346,0.59594799286691091,0.080751010340978077,-0.047301300898780242,-0.071586311566220834,0.99631219350644784,3.5958607022783866,1.3842053046286109,-2.4110291691255528,,0.2438388704494646,0.9598214285714286,False,5
-0.5588956829822036,0.82801692305363861,0.044984338170543328,-0.82764799077373441,-0.56036038889301232,0.031544221782653953,0.051326590691935119,-0.019601267725777916,0.99848954495852682,-9.9042439639251167,11.187232516896142,-3.1300205560335987,,0.1380685177094582,0.4146341463414634,True,5
0.43936076412402048,0.89706168449380286,0.047354547421542936,-0.89534206595947585,0.43301784704018675,0.10420234674948711,0.072970568531263214,-0.08818094101235098,0.99342811404268316,-3.1715563354665828,11.604818296457179,-3.3305770347120722,0.404479011658342,0.3591016466764972,0.9065040650406504,True,5
-0.72998015277880468,-0.58931009395076872,-0.34618288478313031,0.68078280353723641,-0.67179820030140336,-0.29192799194283658,-0.060528926613762739,-0.44877699499810891,0.89159153080514053,2.978582313349464,16.64075703326154,-3.8840801493955937,,0.5240188622432307,0.3055555555555556,False,1
0.9930779286465794,-0.11551588589428644,-0.021267527855302195,0.11714199367143735,0.98730032331861184,0.10731181152903806,0.0086012181520299155,-0.10906031212600223,0.99399792120772501,-10.495038183888543,6.707422549876572,-2.7203364486100332,,0.2010753184367365,0.8532110091743119,False,5
0.3494975405404393,-0.93222811488884416,-0.093820098949932776,0.93473868272621197,0.34006904011948635,0.10303709510402861,-0.064148765938632293,-0.12370848702899243,0.99024297324724697,-17.283875601410621,5.6169166144877813,-2.59575652542933,,0.1040256630546986,0.3846153846153846,False,5
0.68501317759483393,0.72793465507548272,0.029463273096660705,-0.72577324193381343,0.67834683055042433,0.11444989635241415,0.063325727901957896,-0.099783342409111256,0.9929920124368351,-5.7771491935838855,10.735074547088432,-3.1854270795433695,0.05290924310056398,0.09967561967672842,0.3846153846153846,True,5
-0.33081777528940065,0.94193968059757904,0.057525973857931546,-0.94153120974245119,-0.33357086103525646,0.047428490900673657,0.063863766201887551,-0.038472311912976447,0.99721677712650969,-7.7591977719264209,0.76807210224865896,-2.1614252860820962,0.2767566396850223,0.1938505472183589,0.4594594594594595,True,5
0.47820842967419785,0.8776046121402552,0.033568475370362089,-0.87519788206383564,0.47301837535072244,0.10140159669127574,0.073112003251960184,-0.077870156868444229,0.9942790723181143,-5.4984527726104533,-17.589463182068297,-0.47363580829441737,,0.1214721401181064,0.6111111111111112,False,5
0.8874763320453366,0.46084510354935315,-0.0027478344092081428,-0.45844064337594964,0.88342384830484499,0.096925129596522205,0.047094973833730902,-0.084759039522892501,0.99528788230278187,6.7614418535023022,-5.6777673149047985,-1.8716969618537005,0.3035800936932025,0.3613317476621044,0.9937888198757764,True,5
0.99388792809921123,-0.10937862346776846,-0.01493663640028039,0.11033992871967081,0.98849363204795559,0.10346709395155557,0.0034476816552614455,-0.10448280302967652,0.99452071741229542,12.696486338236848,-1.2529694808656371,-2.6182357427657328,0.5891012497229097,0.3118990800106133,0.8411214953271028,True,5
0.34158494695703867,0.93924056848111293,0.033865595102339982,-0.93675981693753263,0.33732040390367363,0.093252294778335798,0.076162782141412727,-0.06357750883402849,0.99506639526563334,7.7974296069522833,3.402065213311857,-2.7711658890640578,0.1465078748927825,0.1638048821210744,0.7055214723926381,True,5
0.086014479322657975,0.99577668064875546,0.032098467611378634,-0.99364220091230304,0.083391975874098218,0.075636994427123405,0.072640800608245737,-0.038400268696462361,0.99661864996147498,-5.9764919072041867,9.1449586742262667,-3.0346431110189673,0.2335183936672041,0.2438693731875171,0.7960526315789473,True,5
-0.97310154716223296,0.22923742378861917,0.022881923984368235,-0.22993969125087299,-0.96033912093495544,-0.15772289367536618,-0.014181583054178574,-0.15874185439459479,0.9872182668313243,3.8394011371363397,-3.5663919466936944,-2.0119759726176492,,0.2941417234188476,0.2261904761904762,False,3
0.74814190123998481,0.66348669353045886,0.0083128284620443572,-0.66106551998818475,0.74421414343789583,0.095591249545916343,0.057236997578238497,-0.077011143447021646,0.99538596026526871,8.7844967046432387,0.35594536962281242,-2.5328805778458441,0.2626828701891488,0.2479899329250929,0.8414634146341463,True,5
0.29692099001937561,0.95475324377578641,0.016857318456037568,-0.95209555331132811,0.29464972057924682,0.081826643138824456,0.073157248791289459,-0.040345825833488246,0.99650400465181477,5.9954074495418288,0.82316558229220971,-2.4853199364494709,,0.2109342528067438,0.8205128205128205,False,1
-0.073027204359917983,0.98497344282202892,0.15650669109879103,-0.99418029075455117,-0.084356383914592409,0.067004104113467106,0.079199601631379568,-0.15070274525758159,0.98540149465751159,-15.604685006933581,3.7437142510994215,-2.4228244633151608,,0.4606188992128818,0.7603305785123967,True,5
-0.96738605716674442,0.21978200601686132,0.12593683428840322,-0.24182909219547971,-0.94928327519917899,-0.20094763893868012,0.075385055331216658,-0.22484913443979337,0.97147308772522634,11.443719109008793,11.94939656746087,-3.7374773714874223,,0.4034818627947279,0.1976744186046512,False,5
-0.97999894184149738,-0.19368788614968091,-0.045684535112165157,0.19677327032086675,-0.97740689701584149,-0.077175370119595202,-0.029704445404308933,-0.084621276430538434,0.99597032360331417,13.763957223024688,-2.27042532101256,-2.6084992087974501,,0.4231200339028168,0.1,False,1
-0.22769207262784066,0.91659632058185037,0.32864495303937391,-0.96960076767316794,-0.24448345947959263,0.010108875728480904,0.089614013357519146,-0.31635268789233417,0.94439944169469636,0.76759899090164918,23.234391042820111,-4.4349514860177033,,0.4118128857023804,0.38,False,2
0.41127416249397203,0.91001216009524133,0.052263101167800516,-0.90876006292294786,0.40490630143967027,0.10102492311666396,0.070772249513229579,-0.089043559751622633,0.99351020788193112,-7.988353333415442,-12.714230895632589,-0.93829427652623543,,0.2430315075716547,0.4871794871794872,False,6
0.95303570803435278,0.30248927528080305,0.014939128205986365,-0.30062100797449853,0.93886069088585411,0.16783209667323284,0.036741649062839152,-0.16444099686340821,0.98570239412041216,15.843148101043006,7.5374764608128926,-3.6505595003378546,,0.1076314636806709,0.3333333333333333,False,1
-0.99524968821408977,-0.09459378162793057,-0.023023348737413667,0.095204085620420875,-0.99509057049157057,-0.02703587616372273,-0.020352891463788381,-0.029099364187005372,0.99936929451178136,-16.423482511653308,6.5810406192395439,-2.6978276373214092,,0.2947150088650347,0.8571428571428571,False,4
0.3783068965071209,0.92521945809641459,0.029203534288293375,-0.92295603153625538,0.3745872453955732,0.088524343758104321,0.070965173895346984,-0.060442947866014202,0.99564581762154258,10.290114289603054,-17.097579281619112,-0.87482597010516105,0.2558233278927667,0.3144702560450306,0.9782608695652174,True,4
0.66743028291877415,0.74423049005317654,0.025647516803224291,-0.74200239361357279,0.66172890423580411,0.10745838808863895,0.063002105636965261,-0.090751501222232578,0.99387871478929357,-8.4325589891290207,24.072663733308627,-4.2841967316032186,,0.3251857270146504,0.98,True,3
-0.94563032328255381,-0.31734636670455024,-0.071236052866189614,0.3229885526554509,-0.94201918641066495,-0.090984873950160722,-0.038232009390960026,-0.10904648537945076,0.99330115145625386,6.9594902328841721,-3.5815377587097696,-2.1633453825713511,,0.2601855509233334,0.1764705882352941,False,1
0.9277475468111861,-0.36044312408348328,-0.096774189155812387,0.37267302323494939,0.88084564375964658,0.29193452968529965,-0.019982670961342409,-0.30690667338882155,0.95152981387377378,-8.0879688991302476,-9.5261456799994306,-1.2690021103969948,,0.6704246109706324,0.40625,False,2
-0.7514366679025164,-0.65895440335213473,-0.033496692887423796,0.65703844743517914,-0.75196508032679976,0.053375992366215763,-0.060360688560781604,0.01810006276069338,0.99801251244888045,3.3648775830311228,-1.1975509180689912,-2.1615328381944598,,0.3670253416689725,0.9330422125181951,False,4
0.9912233779584978,0.12326026739694271,0.047782020361011174,-0.12979909837964621,0.83890303915913267,0.52857722704388488,0.025068088247347887,-0.53014016766399241,0.84753937582912253,4.4687458134253237,-20.423097933659761,-0.3229108718894404,,0.5149626539671045,0.7045454545454546,False,1
0.8670057200445036,-0.46936882962857068,-0.16731402566197925,0.49781136648629248,0.80103417551536049,0.33245765603077448,-0.022021008313923143,-0.37153351319838201,0.92815835058642104,-1.0993060563852204,-15.697920325947445,-0.63291057242338333,,0.3504754871550432,0.1818181818181818,False,1
-0.046345276650254869,0.98929496077714552,0.13837483843949733,-0.9957932573144842,-0.056715749000153415,0.071966051040480206,0.07904368424624926,-0.13445744455513517,0.98776175851491732,-7.0727993498845585,-23.68400205234158,-0.019984572457140543,,0.1601422939253899,0.5833333333333334,False,2
0.47021703326189862,0.86495196941144958,0.17536827604111796,-0.87971398771250719,0.44343989748664947,0.17165184863551225,0.070705314180318557,-0.2349875484537107,0.96942333921686552,-10.936235246539638,-9.1461488187262372,-1.2985831640047254,,0.3222516680518204,0.3,False,1
0.99947927946553883,0.014993960104152585,-0.028571858172741733,-0.011169410767897061,0.9915032080737809,0.12960182345360691,0.030272333609191297,-0.1292152063024975,0.99115438569279313,11.041374759167596,-7.2803059533411831,-1.9329551060815517,0.4041918808393165,0.2896546981594333,0.2941176470588235,True,4
0.58402440416450219,0.71751625731274604,0.37958650638847441,-0.80893109900497207,0.47561027387217347,0.34557972227815176,0.067423826670593767,-0.50888632117511823,0.85818922139464571,-9.8547798521371472,-6.2580491212712452,-1.5408829608308199,,0.2261379351835472,0.4285714285714285,False,1
0.89696513527557342,0.41048890694660878,0.16417187144529538,-0.43971725643763615,0.78982438077926886,0.42758178389356433,0.045850632395096194,-0.45571515752761949,0.88894398851027001,6.0662493839157321,-3.8505745583744804,-2.1016561019385587,,0.1827121672356589,0.2,False,1
-0.14279033061214377,0.98936570246322908,0.027684440993376781,-0.9857272883836653,-0.14467412587105,0.086087805403748344,0.089177544367742695,-0.014996802755543756,0.99590283737302943,-9.0116705984894718,-13.599412858255688,-0.84575431501944454,,0.1697336653327183,0.4090909090909091,False,2
0.99679598152932936,0.077964918245687229,0.017867364940722413,-0.07656973091138479,0.8655219113384609,0.49498373438041049,0.023126770529837776,-0.49476589667838067,0.86871851595836225,-8.2477596253331367,8.9981260456161625,-2.9682019340492238,,0.6737782325565054,0.1692307692307692,False,2
-0.58199223492487373,-0.76197815927793222,-0.28403225744722044,0.81038835457683622,-0.5724464991983006,-0.12480272561870413,-0.067496320295242787,-0.30281065096694282,0.95065764416406939,-7.5377761478032097,32.378147423840964,-5.0032055562472912,,0.4428910926558906,0.2105263157894737,False,1
0.99857461932635905,-0.043745385652158721,-0.030578928551567432,0.051979813583402576,0.92713939421138347,0.37109384619147817,0.012117285878144349,-0.37215438320070027,0.92809174462843635,-6.782205728187872,-1.8683563090944058,-1.9558832828227601,,0.104186224748317,0.1333333333333333,False,1
-0.61717225582917479,-0.78534465370779316,-0.048292665357312907,0.78404154608409882,-0.61898799292118212,0.046181366734452958,-0.066160869468158981,-0.0093615977264928634,0.99776505242427893,-5.3836234610462421,-11.535362528487369,-1.0235652232699501,,0.1219962450905368,0.5945945945945946,False,1
-0.2033149680007221,-0.91754202129735885,-0.34173039510763908,0.97635712379688833,-0.21616318285171532,-0.00049516712774315408,-0.073415193236371967,-0.33375158057000076,0.93979789948110293,1.9545885349800285,17.011631151453724,-3.8803493809340162,,0.7933917989675738,0.3333333333333333,False,1
0.94050892859104906,0.33854670061433251,0.028793866424423425,-0.33397373774112915,0.90555628765342722,0.26159004642868949,0.062485980345493249,-0.25564416949051294,0.96474948088390799,-9.6176399453458821,-4.2680417255967615,-1.7190397548951524,,0.3567118873007037,0.2424242424242424,False,2
-0.97051838271228896,-0.20044089129961831,-0.13385633310582798,0.23881553378719253,-0.8747483877374882,-0.42164250138310833,-0.032576212785744421,-0.44117877016656271,0.89682778899566784,9.9300957877818732,-1.6202205121648887,-2.4380867574530902,,0.3971405615929875,0.2352941176470588,False,1
0.2303776736273084,0.97309657375924719,-0.0030307807711222852,-0.97036729771742702,0.22996260337495736,0.074192375414121187,0.072893312550927195,-0.014151296301941296,0.9972393422836503,10.283630922730913,-12.737681203694631,-1.3972516181549266,0.2118092689100747,0.2098858728609355,0.9,True,3
-0.8187864615364786,-0.5635233766619574,-0.10968196916576127,0.5669192441296772,-0.82377332876457654,0.00027101949233417078,-0.090505806664594207,-0.06195891196297227,0.99396669571387386,-4.9281729498039217,24.833408988506719,-4.4097572868548962,,0.2478662979646241,0.2307692307692308,False,3
-0.81858036443869453,0.55902443968762516,0.13197675093496755,-0.56893542050019807,-0.82070698718300661,-0.052464545068598656,0.078985278727599806,-0.11803269471179947,0.98986342932921545,-2.4294162224587903,20.747797675954921,-4.1238799913367483,,0.2707761742012216,0.2162162162162162,False,2
0.9346660288555938,-0.32348943167626387,-0.14749237979327109,0.35389468331197943,0.88624371044345218,0.29888231600905507,0.034028923386268721,-0.33155191643721599,0.94282307941627164,9.2950048942803605,-5.3805114825640743,-2.0282554485665729,,0.293482990087493,0.5555555555555556,False,2
0.83186457800729552,-0.47356140873140889,-0.28938022741208247,0.55433879584519519,0.68397704143451976,0.47421925963775552,-0.026642508846656591,-0.55490089110651597,0.83148973401452841,13.029731717473144,6.2145273170130597,-3.3146209174687482,,0.591187130532476,0.1904761904761905,False,1
0.54694404401494812,0.83361817547739814,0.077025646575085177,-0.83430090442732008,0.53514842963765885,0.13250720406115662,0.069240259880590488,-0.13673659265201554,0.98818464400211492,-10.122463502927964,-14.089480183404211,-0.82110223452194819,,0.0981153608695652,0.25,False,2
-0.53424841423592373,-0.83433243428891779,-0.13589709702539568,0.84250291030604729,-0.5386687538777355,-0.0049819395468107541,-0.069046926160700781,-0.11715529304874209,0.99071043160876349,4.774206129977081,-16.210372242948885,-0.67071773736076112,,0.105323199331758,0.3333333333333333,False,1
0.35905072611489247,-0.91442359134470497,-0.18684772320962401,0.93130619918937108,0.33788589631440347,0.13602163218863167,-0.061248178975507724,-0.22285110873420369,0.97292653571999999,6.1993131799224601,-9.8404797422849573,-1.4429256171754117,,0.1752720203811313,0.2631578947368421,False,1
0.94528992694938185,-0.29337246912943465,-0.14268688925381626,0.32612235272015905,0.83848324962886367,0.43656620477092406,-0.0084359388511387745,-0.45921501984225105,0.88828508964576292,7.9198112335311999,-8.8326982634837385,-1.5979354547552385,,0.3186402709416296,0.1025641025641026,False,1
0.78685099476871767,-0.61275649670776711,-0.073450580487181019,0.61632251781855985,0.77408432660020476,0.14470663198934158,-0.031812985733355392,-0.15913180403153834,0.98674464928085526,12.499420451569506,-21.6431897197794,-0.58812280797067351,,0.4930987177584831,0.7714285714285715,False,1
0.77920078653570624,-0.62458026036969094,-0.052398784515160737,0.62592472556540679,0.77106890265580619,0.11692298868503881,-0.032624717439500912,-0.12390417956510057,0.9917577234880971,13.265736689045392,-0.17753654905946378,-2.7182856031342828,,0.1303055606957897,0.4166666666666667,False,1
0.98954318418158571,-0.13839999679849663,-0.040616837960955388,0.14413769562343334,0.95928859503155517,0.24287798612215447,0.0053489569204577345,-0.24619267318213001,0.96920614748942979,-10.633284776388093,23.043196075510494,-4.1429001580659905,,0.1864406176866017,0.3684210526315789,False,1
0.54403697589464051,-0.78415162928634685,-0.2985464639666367,0.83747520264699493,0.48560624027819299,0.25064290206238193,-0.051566014106087583,-0.38638426687747768,0.92089529507906909,-11.233895204159071,-1.7755611772311011,-1.9311987492227607,,0.381745553090063,0.2142857142857143,False,1
-0.9654598397346571,-0.25988182633758872,-0.018674426335758769,0.25833725692959425,-0.96411672224795519,0.061162141590630492,-0.033899255767983888,0.054225291343604827,0.99795313428891974,-14.207173470815663,18.05714893299475,-3.7098103890238447,,0.3191195284166977,0.875,False,1
0.55654434263633323,-0.82530897535542846,-0.095516961201997264,0.82926477605246407,0.54479406213936865,0.12457672758722636,-0.050777218101701577,-0.14854132440320464,0.98760171580774103,10.855211873496334,-3.9736282389129221,-2.3147125022955031,,0.6863120092855886,0.1764705882352941,False,1
0.96070131859758567,-0.25548531012497416,-0.10853678065617163,0.27754440096436495,0.87747260996221266,0.3911661082704308,-0.0046991422825830532,-0.40591757177590659,0.91389761077779386,8.2150482375488849,5.3895438435785685,-2.9688294674920375,,0.4081440566220402,0.1875,False,1
