axis_00,axis_01,axis_02,axis_10,axis_11,axis_12,axis_20,axis_21,axis_22,location_x,location_y,location_z,dbh,dbh_approximation,score,reconstructed,number_clusters
-0.99265644118521024,-0.12078328572556536,0.0066773994077540741,0.12091350017083792,-0.98904614219291476,0.084661999089027079,-0.0036214983019470827,0.084847666453769288,0.99638735351639218,6.6484950872353439,-1.5959264081317377,-2.1140437377427324,0.2801929131311059,0.2244758403711253,0.3947368421052632,True,5
0.16211786545884499,-0.98027756641952568,-0.11302075240274058,0.972421589660452,0.13924698287860329,0.18710031993945578,-0.16767244753181293,-0.14023612421134476,0.9758174930820176,11.778955103729961,10.014720009950691,-4.04080117933339,0.3327765127723178,0.3425361028699029,0.6582278481012658,True,5
-0.95149697345477491,-0.28560914504460905,-0.11437187492251003,0.29911868209616854,-0.94576710132741937,-0.12669887161210683,-0.071982800219593995,-0.15476435737474389,0.9853255655664922,10.306425797626746,-7.7661975102701151,-1.1456488427639748,,0.4840372712154645,0.1333333333333333,False,2
0.96378449053433346,-0.26650284668482632,-0.0097820506214803156,0.25626396833092369,0.91535714202953922,0.31056413358725565,-0.073812155779143782,-0.3018236823783042,0.95050209385084361,16.645978353345644,21.833854897041398,-6.0357359349158903,,0.1467893298894854,0.2083333333333333,False,3
-0.33849945731093523,-0.93635076635342318,-0.093087914089640927,0.92833454905149138,-0.34847260572307664,0.1294674016806307,-0.15366548876558803,-0.04259208154020043,0.98720455436171206,-6.3264265340225441,-2.0807165324291557,-2.4121367609929729,,0.260658133835242,0.5901639344262295,False,5
-0.87366385287417914,0.48341984567542096,0.054924721102582105,-0.47421577296463635,-0.87134559108336829,0.12600103797639065,0.10876981590770818,0.084036383232071188,0.9905084620742397,-8.1764911510651448,4.7072464138702372,-3.5325878771606436,0.7371786872275834,0.5593609568695757,0.9477756286266924,True,5
0.7301756675590535,-0.66987359020919213,-0.13458405420011435,0.66813223970571667,0.65880288719703473,0.34580061608776069,-0.14297833671754112,-0.34241514125561046,0.9286059800951032,18.288221349712899,12.205840215633364,-4.496077552633432,,0.4962440260127637,0.375,False,2
-0.84537201353575664,-0.53134586863937661,-0.054933838482008897,0.5271642763113572,-0.84645911733832435,0.074865135116073234,-0.086278528682541544,0.034329732808328031,0.99567940871230487,-15.025171522277413,0.85605177562963708,-3.1572679546160405,,0.549194155852893,0.25,False,2
0.40889005164088488,-0.89276502928109791,-0.18915477303476749,0.8968378582671922,0.35477082779628893,0.26423382774249543,-0.16879212555042195,-0.27768374500041543,0.94572773889461137,6.1962080332204472,7.5903797495738754,-3.6520539655358637,0.5406919615045587,0.6313298811574167,0.5940298507462687,True,5
-0.62736241299483964,0.72787726209785319,0.2767870916105466,-0.76991760349723048,-0.63307543822448231,-0.080264396477894073,0.11680448016396056,-0.26345811970370658,0.95757325180678166,10.752705256715322,19.350568399373884,-5.5477200913777569,,0.343059221865415,0.2666666666666667,False,4
0.15633121682448184,-0.95813264458907887,-0.23987994084315536,0.97397449725645824,0.10918802120462673,0.19862440615253774,-0.16411651147951911,-0.26468813988948747,0.95026625703622503,8.1162142735562632,-9.9207924438281054,-0.80855281982251792,1.01439747918131,0.4173028401883571,0.1764705882352941,True,4
0.30583962880130011,-0.94715653659945886,-0.096729605765775606,0.93744419089707154,0.28183133121678766,0.20437585399921712,-0.16631449247741142,-0.15318484233595939,0.9741015828292704,11.088856876569787,1.4140635761314695,-2.5946792927560236,0.1958726244188996,0.1058585128277012,0.3076923076923077,True,5
-0.69757653096655492,-0.68907405913281861,-0.19637699578843257,0.70501354883627787,-0.70900110488056822,-0.016532671756634004,-0.12783927175147097,-0.14998124652221104,0.98038907903428807,5.6877393156773728,-14.500616346113926,-0.040296342973810718,,0.7307030272106504,0.4583333333333333,False,3
0.85805630193620619,0.4708680425554268,0.20499431506162274,-0.50993774179737783,0.73389354765118109,0.44873573537947142,0.060851312213903268,-0.48957486375015707,0.86983536981768106,-20.37467665248051,-2.1968210424588173,-2.8877497577517066,,0.3684411261710652,0.44,False,1
-0.58063929871739683,-0.78879145004811613,-0.2016582582389343,0.79224174028484218,-0.60448800498121669,0.083350325639878695,-0.18764602243430284,-0.11136561482261752,0.97590300240329531,-7.0970885178427707,-11.35657112478747,-1.0212487743230738,0.3886364735833693,0.4465285077030969,0.8041958041958042,True,4
0.98888397666571293,-0.13437658828485199,0.063650712601903636,0.085647058930499384,0.86470975103758418,0.49491577844828905,-0.12154448564357959,-0.48396278677336729,0.8666065768433765,-16.42036352860417,0.13391205331840922,-3.0714902544295999,,0.4292957869966185,0.3076923076923077,False,3
-0.78263601345982314,-0.62036269124405385,-0.051293291453674901,0.61849349131545861,-0.7842901394739854,0.048526058198582994,-0.070332578767820925,0.0062536738252135377,0.99750399494315689,-10.96821692272996,-14.33655127604287,-0.76526644876647743,0.3152237199580022,0.3423122231421151,0.6964285714285714,True,5
0.96342682748751252,0.2326146494194205,0.1330382386865771,-0.26768122439585135,0.81230007786134439,0.51818466362136895,0.01247037221916234,-0.53484484514850994,0.84485826115081686,14.249053911070988,12.696716513406518,-4.5306165494256039,,0.2888089746435326,0.5,False,4
-0.17791107168642908,-0.98400211477844224,-0.0093535385251085276,0.971732273769776,-0.17717579381343038,0.15602924790180273,-0.15519033051581418,0.01867019544984035,0.98770814774216464,-5.2280783710364789,-23.515955563861919,0.91324566470822632,0.4006269372348841,0.4558442086040234,1.0,True,5
0.95461742139947237,-0.28329065452452407,-0.091934671477573782,0.28816423616018194,0.80049867478262138,0.52551236395491807,-0.075279158861145196,-0.52815554217515714,0.84580421582705823,-7.7562778251385742,26.452805702830357,-6.6724300236650986,,0.6855149060142657,0.1724137931034483,False,1
-0.8550828539757096,-0.51815376296745852,-0.01870803996728455,0.5148013390735876,-0.852741571175746,0.088382091380324226,-0.061748636622969623,0.065943086911229298,0.99591094740635422,15.606597201739906,1.0602982454427448,-2.6212204902478011,,0.1882971414758636,0.3333333333333333,False,1
-0.92343228044360737,-0.38011342884779287,-0.052788300259563672,0.38072667711177738,-0.92468605967520634,-0.0016995228053726663,-0.048166593923012355,-0.021667308368033648,0.998604279471073,-3.1787229504095449,21.185572857726704,-5.8241981848570079,,0.4491101967865588,0.5913978494623656,False,4
0.82719184758007802,-0.55518832473412838,-0.086715462150468325,0.54994012393030778,0.7681641962306881,0.32785610825601352,-0.11541017021291999,-0.31888821193040823,0.94073949683387492,11.113198009014964,-2.5147987692931073,-1.9975547870532935,,0.1794230880845795,0.3076923076923077,False,1
-0.98876760841186084,0.14262854343287162,0.044673427825810325,-0.14063846162676921,-0.98904141243722232,0.044921126382153009,0.050590904980502144,0.03813375253503188,0.99799117092830658,-17.181649653078697,-21.476246806941262,0.10127727830760588,,0.1276969015384966,0.2222222222222222,False,2
0.96944058849291748,-0.2428949354936728,-0.034452803863111309,0.23145829561984463,0.85902700290307732,0.45661763618164408,-0.081314222441477763,-0.45063805719765859,0.88899569100972442,-12.276264611713856,-10.999668556155134,-1.362428069532815,,0.4964240466535471,0.3333333333333333,False,6
0.26706436307889447,-0.96328211445337919,-0.02764405808652607,0.95051930542210505,0.25858467619851561,0.17218308643762811,-0.15871255776763007,-0.07226017720387648,0.98467699820668142,-11.503223849540397,-7.2530595069557142,-1.9083417216221623,0.4089361193544681,0.3791127856714612,0.6931818181818182,True,5
-0.99494008768935838,0.085523810267907271,0.052724754963409198,-0.08908811146414404,-0.99360074223162065,-0.069432509910884843,0.046449222861580569,-0.073778336346327925,0.99619236434612579,-6.8215047134422591,-26.156154077722853,1.1826705836256486,,0.3238654275344174,0.125,False,2
-0.77340006172916054,-0.62543154713699844,-0.10338145076923787,0.62845268148601929,-0.77783627892349827,0.0042367822080896234,-0.08306366022734471,-0.061693622330572941,0.99463275901880999,6.6328897504718629,23.750803262797675,-6.157581672331788,,0.3840886935791371,0.1666666666666667,False,1
-0.34633030355679439,-0.93485222920900934,-0.078144931897112732,0.9323619229173733,-0.35222029809564359,0.081499118419979755,-0.10371386374095193,-0.044633744547836494,0.99360518482723381,4.0095327909451166,-12.826332234407753,-0.32133577517238904,,0.3824291524323587,0.6116504854368932,False,6
0.88509999801600314,-0.4650720972102606,0.017491080827707985,0.44469555159789942,0.85621035236990384,0.26296330330227669,-0.13727293943494992,-0.22497061339440555,0.96464727398559191,12.745692114246333,20.148253617174714,-5.7194567691962845,0.3184913430281179,0.2166377596392535,0.4090909090909091,True,5
-0.068918605852235762,-0.96248173101041801,-0.26244836299465607,0.99260187420109081,-0.092515589729743955,0.078628143749170223,-0.099958716977893769,-0.25508779494156175,0.96173721554902192,-6.7719894821604685,22.583653705260279,-6.096064683330173,,0.5122100395119195,0.2777777777777778,False,3
0.078855352753593858,-0.90684684423301509,-0.41401767407530632,0.9822123046902036,-0.00031852091896496237,0.18777349935382562,-0.17041367860962117,-0.42146019936530715,0.8906910117957243,5.7719573417436418,-13.11939152594042,-0.23694995069799069,,0.4311431781732582,0.1944444444444444,False,3
-0.49547926152859373,0.8558605997021359,0.1483338642137382,-0.85292041650460437,-0.51169812621893607,0.10340111572725721,0.16439910128918422,-0.07528387278514502,0.98351678887234995,22.160798847440532,13.292517057791143,-4.7189703910751089,,0.2318858135865095,0.1304347826086956,False,4
0.31066640440900306,-0.94473549445454119,-0.10469589623914621,0.93901822978442706,0.28795768000897476,0.18794983015787053,-0.14741488833935773,-0.15670105309660537,0.97658262868756407,-9.6264435053726096,-3.121017234337446,-2.3699487816087079,0.3837190540880188,0.3848942895500048,0.3636363636363636,True,5
-0.29985400933415951,0.92481553100636138,0.23410212877215561,-0.93544146333662448,-0.33318385113199822,0.11805841780867479,0.18718130717800591,-0.18358854799326546,0.96501730724835222,-8.4838425044993215,-4.5152140965241019,-2.1079518784918374,,0.2538761490160718,0.4166666666666667,False,6
-0.21719827107436537,-0.88963750778788564,-0.40170886943066836,0.96375814324664,-0.260751979895608,0.056379484799958079,-0.15490368739347274,-0.37490466750559365,0.91403027188076491,6.1124034751390557,-8.0932949314266267,-1.0923051620026532,,0.5333775390848697,0.2,False,1
-0.59814682941919306,0.79706520985855633,0.083110899940395874,-0.78750733964345732,-0.60383580117476066,0.12334713303242655,0.14850104532780664,0.0083292528338585765,0.98887717290054711,8.028323275039206,8.7776037118536898,-3.8297658984252183,,0.3531294197780855,0.8632478632478633,False,5
0.76757082476901239,-0.60376592049098254,-0.21517839626015772,0.6282943335591249,0.64231429441678478,0.43895168026260201,-0.12681190551723484,-0.47212187032750663,0.87236441936701181,9.2688010055999523,-8.9164410078739227,-0.96372547577184031,,0.3492344266738933,0.65,False,1
-0.24901206578627452,-0.96811024718226923,-0.027487095036377536,0.95574522628861103,-0.25022453646293397,0.15472150393026421,-0.15666541902853062,0.012256861449675067,0.98757567600058871,10.571203332433241,4.2460474138417261,-3.0696692941239405,0.3130535761777321,0.2834449960793641,0.8461538461538461,True,3
0.99736700194998085,-0.060438268315369643,0.040078412447935197,0.035096623677821237,0.88590064460263285,0.46254543009206922,-0.063460936234228479,-0.45992093191730188,0.885689249091687,-6.2118131998507318,-19.001223411458021,0.13616211223060581,,0.3695832627300318,0.1333333333333333,False,5
-0.43089757899034881,-0.89732448011084487,-0.095582706668413925,0.89229925753044259,-0.43948137038864471,0.10323836540715711,-0.13464513147856089,-0.040803216480110843,0.99005342587862433,12.02100683304619,-4.2165981574334186,-1.7487330375625081,,0.2132629427873482,0.1818181818181818,False,5
-0.98493146504410756,-0.17287407751110107,0.0049560559674920405,0.17254578069509588,-0.98030746805759228,0.096048017339408515,-0.011745753717276626,0.095455860978764948,0.99536436337374212,19.250893746206412,-0.6013072226268058,-2.4249401981592356,,0.2196385771811609,0.4285714285714285,False,2
-0.97205076077445451,-0.2347603740905195,-0.0022102567007758721,0.23448519063318565,-0.97128950471806719,0.040167068579240642,-0.011576435181978472,0.038526157106700896,0.99919053306517402,-12.414788699757208,7.2158865156807686,-4.0863539896710241,,0.2123862883601426,0.2222222222222222,False,1
-0.10010790239069148,-0.94172925344258207,-0.32112991310280276,0.98014059291957123,-0.14886540975837176,0.13100957174475497,-0.17118068229273939,-0.30163737001232105,0.9379296727483587,-25.292148377734609,-4.1138018636033626,-2.6935902069780546,,0.6275200784789393,0.125,False,2
0.6751189907208448,-0.73654716536148002,-0.041383832181627105,0.72252511940486575,0.64885926746200773,0.23861915861399613,-0.14890198184393891,-0.1909971838185992,0.97023104236893609,-15.074530393997236,-16.886400965748567,-0.46990261501985503,0.4216199717263671,0.4354605650431286,0.7384615384615385,True,6
-0.95681376806913887,0.25892365383917954,0.13215882382915714,-0.26983388722244295,-0.96018195214319602,-0.072389861755001284,0.10815306995071076,-0.10492454556037427,0.98858168767137633,-14.27200163109854,3.0455122823591245,-3.566903198628117,,0.3964304568890028,0.1333333333333333,False,4
-0.86821270989816868,-0.49590174155140454,-0.016975072829359887,0.49284975586100216,-0.86582364568631054,0.086304882354453938,-0.057496160906869785,0.066564835286730323,0.99612414596987953,7.4985401591926468,-4.393208885061882,-1.6938894705423178,0.375343580182074,0.2695670382421581,0.8571428571428571,True,5
0.52046778132658189,-0.85380907348256796,-0.011106513396405761,0.83954773464404386,0.50931447268027097,0.18909883440273142,-0.15579759258422282,-0.10774429895477849,0.98189524705423858,-4.7656328657095779,-9.6178278107616482,-1.1461131793556079,0.2954577613017305,0.3518730049466828,0.7593984962406015,True,5
-0.74610554570202448,0.66115165589475577,0.078771838751593298,-0.65290033658396895,-0.74968103327220914,0.1081642216282879,0.13056670770615619,0.029271765569155072,0.99100731509875351,15.913121134489815,12.357055257958221,-4.4751281009556587,,0.2735619716746113,0.2380952380952381,True,5
-0.16898487091731776,0.9364259807115547,0.3074906438405266,-0.97134326394370485,-0.21113068904525267,0.10916087089460227,0.16714178709182392,-0.28023242994286185,0.94526896078104228,-5.528340367978859,15.03898839961899,-5.0023706970817265,,0.1922192818760328,0.3333333333333333,False,1
-0.84552246161119815,-0.53182620835829286,-0.047462100819321694,0.5273728466367904,-0.84571584162130353,0.081502121818885026,-0.083484414959621028,0.043881651450391329,0.9955424416491937,5.1658530638702151,-4.5475129928150988,-1.703787296247691,,0.1298221927725557,0.3,False,3
0.44173264286677616,-0.85169564615661841,-0.28193403225540986,0.88229590893798182,0.35546924988562278,0.30853774721588634,-0.16256137701568207,-0.38504043775117169,0.90846995547412157,5.9508811153251848,-10.88026471109831,-0.66801365454675521,,0.4968527385030877,0.8333333333333334,False,2
0.76065686003658028,-0.63613259665912092,-0.12936947378348174,0.6411955539255888,0.70514941971051948,0.30270870074706346,-0.1013380624708608,-0.31320858121967543,0.94426213613858856,9.6924118577002574,8.0269639504003312,-3.7155934282066898,0.5587132197593127,0.3031183648483588,0.5853658536585366,True,5
-0.91840235047902985,0.39383999394578689,0.037778059814893752,-0.38528187383796003,-0.91196774982565709,0.14097056774319786,0.089972219748682816,0.11491249908827127,0.9892927358607182,-30.303293182130982,-2.5956320469642078,-2.9690774915988576,,0.149244544119761,0.2857142857142857,False,2
-0.95350078469258093,0.29060904623271383,0.079891400277785615,-0.29169327254344862,-0.95650983066585149,-0.0019946409394908937,0.075837249050360295,-0.025205675696090429,0.99680157783240764,5.4083892258690165,14.106759298245374,-4.7032819854768473,,0.06726020060514121,0.4,False,1
0.22211691343102194,-0.97489300383047217,-0.015738737251583434,0.9606987828605732,0.21606943098708284,0.17427521224526143,-0.16649902515657114,-0.053829657952812283,0.98457119729687115,11.64661449518545,2.8332322007733328,-2.8529001746716971,0.3048096737553356,0.2692230133448217,0.8101851851851852,True,4
-0.81200432301838354,0.53308832382708471,0.23762537406322473,-0.56583060241369398,-0.81885227168892316,-0.096522984423643488,0.14312480138541372,-0.21283278917760834,0.96654927193561468,19.326415121754227,10.683080098891654,-4.2526525282242336,,0.2193950881558881,0.25,False,4
-0.060077152679719303,0.93017204188109914,0.3621749690807553,-0.97386853221317238,-0.13423071683237719,0.18319988161466991,0.21902241367234679,-0.34170467828435486,0.91392948040192179,7.1795693317917442,-12.685633556102566,-0.323767632000383,,0.4866851647833492,0.2142857142857143,False,3
0.2726790178457863,-0.95275631210998535,-0.13379672253548971,0.94696782295745596,0.24120921268251408,0.21229709842647237,-0.16999439846616995,-0.18459015534871615,0.96800226189739014,5.5045356803518368,-0.6419462083676869,-2.3297668772846061,0.6325485275396338,0.6044543722552673,0.7902711323763956,True,5
-0.37589158872227979,-0.91851351335110409,-0.12263131459481172,0.91566360397573654,-0.388492776207013,0.10311899528764187,-0.14235757051174183,-0.073527468516050812,0.98708056079107132,8.9901751035299959,-2.0490162050267924,-2.0429021906350631,,0.2067615052058969,0.25,False,1
0.091414189520750047,0.9261058206685,0.36602111261263454,-0.97934155268969225,0.017033159926225408,0.20149440349119491,0.18037064375781672,-0.37687913233138048,0.9085309848780827,-1.0327316841285126,4.1340730128322427,-3.2052662028455905,,0.4612813999374548,0.3140877598152425,False,5
-0.95380329729386115,-0.30027348304689772,0.0097522023278631582,0.29961414533919106,-0.94831287805186071,0.1045660041966965,-0.022150259231558597,0.10265729735329035,0.99447013294321418,16.970585947652527,8.8261057926038031,-3.9302812140597569,0.2460339180361059,0.2623877480383332,0.7851239669421488,True,5
-0.03532101973604547,-0.97097252986249127,-0.23656874649293944,0.9839848428216228,-0.075173005863833464,0.16162564241698454,-0.17471764267558315,-0.22707127832870191,0.958077439404591,14.455494979017585,13.379669710077941,-4.6178357347896029,,0.4783185869169803,0.6142857142857143,False,4
0.98799288676404751,-0.14872124876117981,-0.041857447014360311,0.15368491368739032,0.91824773148711702,0.36496856155518853,-0.015843074466280582,-0.36701920084060896,0.93007843927583722,-9.1569683892093412,-10.270098819159625,-1.3003857546322144,,0.436957873705197,0.1111111111111111,False,2
-0.45289241054929852,-0.88577016571753731,-0.10148732921686551,0.88137090220225967,-0.46196838676795116,0.098846053933332539,-0.1344388233287559,-0.044681351274813583,0.98991402638321924,14.862521738891241,-0.84779945150820868,-2.3021026322085483,,0.8501554712739627,0.6363636363636364,False,1
0.88450825481838058,-0.45116041906682147,-0.1187409930293353,0.45883386012523047,0.7952531554862774,0.39628765750613382,-0.084360156239323358,-0.40500209253356761,0.9104156573141241,18.288093156910172,26.113767932984739,-6.7702690868716839,,0.3282918741464856,0.3,False,3
-0.41248591966370446,0.88325096352605925,0.22298677429272876,-0.89652414533703551,-0.4370085230019336,0.072581041955643591,0.16155439612367845,-0.16997436940302749,0.97211567770464302,24.869161177958556,14.098271293392838,-4.8792968410479931,,0.09671862433343933,0.6363636363636364,False,1
-0.97758707963613645,-0.20864525253736316,-0.028118682794715619,0.21040159153988036,-0.97292161407651745,-0.095680212898114514,-0.0073940520673845302,-0.099451955518044866,0.99501489262104081,-18.345337862877169,-0.70532601876528001,-3.0356470374944755,,0.1334244888001324,0.1538461538461539,False,1
-0.12554546026918334,0.94190384516376324,0.31153729130156455,-0.97792968509569711,-0.1703564015749755,0.12096374436605198,0.16700858784634029,-0.28947511621578575,0.94250320353695782,13.03171212982849,-2.2562812734030819,-2.0520352431412596,,0.4003436995229576,0.103448275862069,False,1
-0.94182116483281153,-0.3001737480222248,-0.15122372324227501,0.32388461493937787,-0.93076939880649678,-0.16960861549745362,-0.089842360156761336,-0.20872002118551544,0.97383997816775891,8.1492322181568788,0.17473822078070339,-2.3843342703651631,,0.393838266565748,0.2993197278911565,False,2
-0.94023741345082401,-0.32250356059161978,-0.10929345704584788,0.33916839041421398,-0.9155227907588992,-0.21629337147695718,-0.030305268372617919,-0.24043600605309773,0.97019179428713942,6.6306156339489828,15.895106004583637,-4.9634554656643575,,0.4276540889120137,0.1891891891891892,False,3
0.027839720799945435,-0.92117539602711318,-0.38815053742082301,0.98580840358227428,-0.039007163743592796,0.16327961478166683,-0.16554981537999378,-0.38718772053226735,0.90701649802893791,-0.12409645559384283,21.530167592022369,-5.8126536231983854,,0.3879037779714712,0.2666666666666667,False,1
-0.24187214747636718,0.95174734460141719,0.18887788732226496,-0.95817562777789311,-0.2649653036099045,0.10813350181766893,0.1529618599769601,-0.15482370595959413,0.97602883639026095,13.199817406587409,-4.1658107705391521,-1.7631488233662338,,0.1545829844873704,0.1666666666666667,False,3
0.8275728559005,-0.5062558061623651,-0.24254530897047599,0.54938385055141781,0.64165242376185039,0.53521916243146583,-0.11532802317731478,-0.57618332656146554,0.80914289298156494,-5.43079982211301,21.608971308862909,-5.9397560374974825,,0.6661636915167966,0.391304347826087,False,1
0.67270838006423117,-0.7399077041185923,0.00015740810810034762,0.72644160635170341,0.66050566273689248,0.18977582051899017,-0.14052056060418897,-0.1275494369977889,0.98182743553489715,-5.5778308290479668,22.502673995302676,-6.0557934073445372,,0.1301005230394814,0.1818181818181818,False,1
-0.99549048512882832,-0.093262443253604471,0.017343895074000193,0.089451479596287478,-0.98375571999579492,-0.15563777232275275,0.031577314895422738,-0.15338448439761523,0.98766192248667384,-13.442474462760162,4.8189213318413211,-3.8321399873280098,,0.3950485456312705,0.16,False,3
-0.35960776695108926,0.79859484435951045,0.48262669684846754,-0.91862373575281819,-0.39375936603526673,-0.032924060670631,0.16374579707580167,-0.4551920871697096,0.87520710561449189,-10.022974253892306,-11.073552549272154,-1.2163976568180628,,0.4643746587091004,0.3214285714285715,False,1
-0.91558923147122273,0.39118356330334292,0.093122387293468237,-0.39694959359224458,-0.91625722526348941,-0.053886151276578392,0.064244683522350327,-0.086302473624746232,0.99419540518218175,10.7811141800972,10.858059156071743,-4.1932499652720923,,0.2744327118504545,1.0,False,2
0.56148174092674275,-0.82349479607224718,-0.081206991372683904,0.81342789800411974,0.53126187186820939,0.23684568446076099,-0.15189901038016848,-0.19904055953753486,0.96814748169094145,3.598156603322392,-19.752966076584134,0.67464510455632321,,0.3515650797401565,0.5172413793103449,False,1
-0.17232691160681229,0.94566550463885835,0.27571758897863552,-0.97075646092756973,-0.21053316078799816,0.11535892586182947,0.16713865233224176,-0.24777518347233424,0.95429142789391841,10.299059526285509,-9.4183263542067195,-0.90934987412014701,,0.1799814545089317,0.3,False,1
0.97090339009074866,0.22109987461974159,0.091986154139771265,-0.23808522281297267,0.84995689641547645,0.46998797954188942,0.025730017263661763,-0.47821346664319792,0.87786664507355905,15.3798408861349,4.9782828533555046,-3.2957401656307499,,0.266714000268902,0.1785714285714286,False,2
0.46102028517098692,0.79762889729409114,0.3889067225727465,-0.87728632598658207,0.34372472259442821,0.3349955482007913,0.13352527437840106,-0.49562229295986743,0.85821299443866328,8.9211123830382331,-11.126945171272823,-0.6109667724182013,,0.2436521042702739,0.4117647058823529,False,1
0.11865750000637468,-0.89850532411134276,-0.42262108352022498,0.9787979429032484,0.034276566775720607,0.20193985227893768,-0.16695803263277503,-0.43762232520021344,0.88352233465020735,20.102103458977702,0.75533445908836794,-2.6342875339230458,,0.670728250454071,0.4210526315789473,False,1
-0.15328180081653722,0.98118833778294401,0.11736326229780467,-0.97394660210005313,-0.17009129236375115,0.14998989472557828,0.16713080445028838,-0.091314829358504726,0.98169694720062528,14.384457041639239,2.4532657773583866,-2.8387837796314779,,0.7313574114551267,0.2413793103448276,False,1
-0.99794046419605098,-0.061495545383379306,0.018251789451202462,0.061551692173354128,-0.99810069032734983,0.0025300511188308394,0.018061536777554288,0.0036482689138790476,0.99983022109914488,14.027065979053072,-6.1828512465803245,-1.4678390086895408,,0.3418935494775105,0.1176470588235294,False,1
-0.97599724541271771,0.20692069608889541,0.067920560045349271,-0.20859555140888048,-0.97782714706116358,-0.018492333618289197,0.062588120911335865,-0.032216393347362871,0.99751933872004483,-10.695471201359268,8.1788756964837948,-4.2132557807953646,,0.2797041220946296,0.1428571428571428,False,1
-0.62219085555665354,-0.77804883331796804,-0.086709585595990374,0.77249696821611924,-0.62813954099786318,0.093215616352075245,-0.12699202084612771,-0.0089849878988401983,0.99186304328464325,-13.268730173887027,-9.4703509377954411,-1.6139213352158364,,0.5148053408816311,0.1538461538461539,False,2
0.56011410651190119,0.71503174868954722,0.41833214800244883,-0.81952277473439683,0.40447019265711631,0.40593876994387923,0.12105622403663999,-0.57020475411722338,0.81253426328008316,6.854375047507947,-15.39637510457543,0.079831280321370379,,0.1897587592459325,0.4,False,1
-0.098774618035847708,0.98970985696375446,0.10352764780800697,-0.98150210573290075,-0.11404143900594001,0.15377960408109334,0.16400363189196679,-0.086423082670319049,0.98266670825260238,-11.634069161239681,-9.5138637137245503,-1.5616603145260817,,0.2153420001158304,0.625,False,3
0.34697900839617674,-0.92926232784953011,-0.12679548009325298,0.92339010959486545,0.31481735936914856,0.21963773751843857,-0.1641836570270869,-0.19329137662997001,0.96730665793516746,17.400848572541939,0.79919496578536675,-2.615255308237018,,0.09157677554367369,0.125,False,1
0.61840690262492393,-0.75808678791973283,-0.20706840600968315,0.77494281555252653,0.54450333928741113,0.32090457480126744,-0.13052407980664649,-0.35891577770613736,0.92419853338134417,-22.648403235121958,-12.425185930595664,-1.2879449125394373,,0.489550896208171,0.1363636363636364,False,2
-0.72805691771614733,0.60814305119996581,0.31637818167955234,-0.67199621997267212,-0.72435218094200027,-0.15406167046676053,0.13547769155142866,-0.32477060710871686,0.93603944780662574,9.3266290975432398,0.049021777994116167,-2.3424491721014831,0.8870835310987932,0.5161155499174869,0.2727272727272727,True,2
0.46991715465575523,-0.85637871633428575,-0.21399383628946048,0.87244010392228721,0.41372116807611953,0.26015968202971118,-0.13426143462777443,-0.30895030230665355,0.94155381039870456,7.1884105596198369,-11.70188116903268,-0.48283428461015204,,0.5080632528168366,0.4,False,2
-0.9806950918724836,0.18010037472635995,0.076164242270535754,-0.18653490616243132,-0.97849421618982235,-0.088055650960270349,0.058667414807481381,-0.10056303449324092,0.99319948174237238,3.6476154869292046,-14.018106197501918,-0.17410956642032518,,0.1958687090123159,0.2380952380952381,False,2
0.58001309614059937,-0.77566145646244034,-0.24886565304188096,0.80062417242895245,0.48644113176264542,0.34982275490872744,-0.15028553765366434,-0.40214963668769188,0.9031555385890665,10.675427308593679,0.027722988554765016,-2.354031422071019,,0.5357567597080486,0.1159420289855072,False,1
0.40933597005708178,-0.89742698887495498,-0.16452617802726568,0.87338996102959165,0.33326378271812085,0.35514113687538018,-0.26388262464617901,-0.28906755398563988,0.92022057662421497,-15.515070170630903,-6.5105524620532185,-2.1230538902658438,,0.3241965720404399,0.3157894736842105,False,2
-0.99949373575223632,0.0018801519847455031,0.031760623743125875,-0.010277532965070337,-0.96381489299126422,-0.26637421865561484,0.030110538158426303,-0.26656578376969492,0.96334627129348338,2.741809662842642,-19.539331003566186,0.61883131287918647,,0.5034261866478408,0.2222222222222222,False,1
0.34209677792588244,0.87908471582312286,0.33193351282886335,-0.92834154807877378,0.2615115729479171,0.26418491123645171,0.14543646256504933,-0.39852447806939795,0.90555313247543878,6.0517566346838327,-10.095818913818551,-0.72917712043666172,,0.4156305432773058,0.1136363636363636,False,1
0.74162343335339809,-0.67076177668845449,0.0085628286720334287,0.6578965362878848,0.72977372847339761,0.18601734534833059,-0.13102225246698471,-0.13232136699635627,0.98250914763919306,-21.516239490573476,-16.265039374047145,-0.81241978607236998,,0.4244644087068762,1.0,True,1
0.91360125135853076,-0.384071683955794,-0.13349792170475042,0.39603352470491049,0.76610805802070314,0.50619748196287195,-0.092142285764636622,-0.51533230542932951,0.85202254321993176,-1.6530965348745319,20.098295125377128,-5.6289973192255909,,0.2996682715684591,0.1666666666666667,False,1
0.15720106455319663,-0.90893839294719503,-0.38615906454453847,0.97332054296689419,0.076420821563896901,0.21634920538363384,-0.16713750608996314,-0.40986687577562347,0.89670184465069425,-6.934331228509369,-12.579593018373712,-0.83742582138566335,,0.6931565358246732,0.2340425531914894,False,1
-0.4595437529840109,-0.88550574632482304,-0.068550071619874114,0.87803524142016609,-0.46457052061844756,0.11501454776042941,-0.13369238541368772,-0.0073351617585393665,0.99099573232399707,15.067991931711076,-4.9735345468510106,-1.6989224357778305,,0.1664815598304994,0.25,False,1
