axis_00,axis_01,axis_02,axis_10,axis_11,axis_12,axis_20,axis_21,axis_22,location_x,location_y,location_z,dbh,dbh_approximation,score,reconstructed,number_clusters
0.76218929659037182,0.61046484253808631,0.21540694554267059,-0.63695617272017191,0.64781114261196848,0.41788462228400447,0.11556085062314096,-0.45571196992478069,0.88259406879410363,-7.1373094276512052,5.5758896253009151,-3.3221826159295365,0.9623476675794929,0.4393185700119436,0.2142857142857143,True,2
-0.95128163481282146,-0.30113446938985639,-0.066191257830140349,0.30477551779631451,-0.9508844787137718,-0.054134941518646285,-0.046638342807553426,-0.07167105054712479,0.99633735526358602,9.0043993107822278,32.309552800058441,-10.154143341328844,,0.5706254332275791,0.28,False,2
-0.18886579761824018,0.97002047359591925,0.15293786743241278,-0.95588550843807751,-0.21727896374658662,0.19766827431656053,0.22497245442076569,-0.10885831487744894,0.96826507839224385,-13.930951046481537,8.6349177203655927,-4.0026008152577122,,0.1702145554087227,0.2,False,5
-0.48193129836571125,0.77209569437713865,0.41425893156312787,-0.8505290684290765,-0.52584400162204448,-0.0094015804672749892,0.21057665448170451,-0.35687017903209534,0.91011051411622168,17.865909675115997,36.443710469305692,-11.323711735025553,,0.3270106958377074,0.3939393939393939,False,2
-0.99080112766632122,0.12975345369374072,0.038433926024967133,-0.12484041861993542,-0.9860075522296442,0.11047161094554883,0.052230214377749273,0.10465728928580036,0.99313587011314952,-0.51738181671362837,34.065914560154063,-10.443204079332654,,0.2023712849584318,0.5555555555555556,False,2
-0.1555775424679578,0.97344232768592331,0.167945416576464,-0.96070093747803065,-0.18866966354180192,0.20361106744933097,0.2298898366793615,-0.12966800965710282,0.964539719380753,-11.766923498131881,-2.452816326963867,-1.3061981549147312,,0.1832679383889954,0.5,False,5
-0.9849983203399163,-0.1712816789844149,0.020997508705196358,0.17256356565472072,-0.97792621206879404,0.11782249172933741,0.00035317994542594447,0.1196783614236957,0.99281265356101611,-10.268073215079877,9.0549847786801667,-4.1505556294645167,0.51179125147833,0.3828213727536024,0.8300653594771242,True,5
-0.88878820620147936,-0.45794696750836233,-0.018441785896538512,0.45745411669519481,-0.88886379778851976,0.02562967224898921,-0.02812926653465779,0.01434307954612803,0.99950138590867288,-11.676223377060074,6.1032237724806162,-3.3905577334954073,,0.5398251529709146,0.3505747126436782,False,5
0.0505571672022819,-0.96129711026289311,-0.27083544569478235,0.96965091294429306,-0.017706130263063107,0.24385159416621816,-0.23920928048631185,-0.27494428299442469,0.93122744878891017,19.34376430787237,35.713957539190993,-11.210872727192267,,0.4266304241185114,0.4814814814814815,False,5
0.7751771786734688,-0.62436698368862464,-0.096261162175668824,0.61134303604079632,0.70297500566096849,0.36343614803756552,-0.15924834048825495,-0.34057599900100188,0.92663258897807343,9.3315038491476034,29.949481114051455,-9.5976798267639989,0.3863346146916807,0.1974429158683546,0.2121212121212121,True,3
-0.99761390790741244,0.057995433209226406,0.037456914936707268,-0.05731012930457928,-0.99817335085219694,0.019118334854001912,0.038497270407055688,0.016926056108009981,0.99911534308899252,-10.13036503836414,-32.485313754602707,5.4894405925192604,,0.510257043478725,0.2105263157894737,False,1
0.91768332383621143,-0.39599525469651092,-0.032327626123349232,0.38131259044895155,0.85494966156503305,0.35165577565987416,-0.11161552543457248,-0.33503557191391348,0.93557102351146137,-16.093153420873268,12.558240928273625,-4.8927051435112734,,0.2040321660499684,0.3684210526315789,False,2
-0.45019984710745919,0.87439321757626631,0.18098784136246093,-0.86904304022819368,-0.47562947023054503,0.1361646109646269,0.20514456340677806,-0.095984936864249443,0.97401365493498471,-8.9580697832189848,16.704739337456591,-6.1775059379492196,,0.4147957766840633,0.2941176470588235,False,4
-0.80528842646364795,0.57368867956624581,0.14963906288546311,-0.57268006415246253,-0.8179902736714737,0.054124451971350351,0.15345388338531346,-0.042109513371745323,0.98725817016500872,-11.628184820394212,8.0015578583993321,-3.8566538300145803,0.1633472848696026,0.2199441148908382,0.3043478260869565,True,3
0.56396843141025732,-0.82540230090721345,-0.025507842514256862,0.79365991285742254,0.53322938579189061,0.29286577958367144,-0.22813055712859379,-0.18541160639259127,0.95581325849724263,15.37042999081093,33.822704543644534,-10.679981756627059,,0.2092674104891077,0.1875,False,2
-0.11159243157640417,-0.99373957866358531,-0.0053646073841224842,0.9692405412572761,-0.11002976223051583,0.2201504590201859,-0.21936249086424944,0.019367530070104434,0.97545117580574781,11.914630061494263,35.287416739474317,-10.895080377982534,,0.1635835273044409,0.4615384615384616,False,1
-0.053273476766757387,0.92726159554542542,0.37060473566825175,-0.97200753633775128,-0.13319926920637234,0.19354406212928457,0.22883025581377514,-0.34991983097481244,0.90840124720013571,22.063621564373761,5.6034324356227865,-3.8325275278200364,,0.5606421411881753,0.391304347826087,False,4
0.78671322609742755,-0.61242832958087678,-0.077548958794779341,0.60210736464788506,0.73353408370116746,0.3152688844232277,-0.13619479182463584,-0.29471900036384663,0.9458285730006144,26.443280441180637,7.2402018383452775,-4.3023285303210725,,0.296816858276695,0.9142857142857143,False,4
0.82986513528060424,0.47319031909351389,0.29565990455569713,-0.5480807415478075,0.59202160382333524,0.59086201549164752,0.10455313476941128,-0.65238128615298685,0.75064458932790901,-9.6601459461866686,-3.1806683770296962,-1.1792110797158957,,0.7733944756692881,0.3260869565217391,False,1
0.99036146924761359,-0.136004947634771,-0.026207144990856537,0.12783188025172629,0.82468001375825473,0.55096450457265733,-0.053321389901397648,-0.54900412487207118,0.83411707826445747,10.745910424131502,28.96760644244269,-9.3593706225868072,,0.7524989631259245,0.4942528735632184,False,2
-0.44303877296379629,-0.89614809069119927,-0.025204071124577572,0.87780422591086937,-0.4393388299774062,0.19089560876851905,-0.18214386243778166,0.062449916129669276,0.98128671719923144,8.6067769964330569,36.862959782280903,-11.203290658635812,,0.1895274904308248,0.8095238095238095,False,3
0.4636235671956182,0.82573391089279669,0.32127355375520117,-0.86612273392292616,0.34592802655737753,0.36078416016226822,0.18677418912335067,-0.44553036803769519,0.87556729806081135,-8.7348880944166094,-12.520980644883881,1.0397518985762444,,0.6170486498026331,0.2307692307692308,False,1
0.72583389976966195,-0.64407953766068937,-0.24150921123625113,0.66622911135968521,0.57087073337817229,0.47983890728988515,-0.17118388102285709,-0.50918381252653688,0.8434618686928842,-8.1264595056451245,5.7285226881208153,-3.3378590085405966,,0.3134568951058343,0.3076923076923077,False,1
0.98119657354941847,0.19105623872743052,0.027400687914869108,-0.19065745813006341,0.93731226440417703,0.29171124876647658,0.030050253148086681,-0.29145022326435283,0.95611387901488754,-13.656379193843504,10.114723754017973,-4.3360577423303752,,0.1371094437164024,0.32,False,2
-0.15210384309705124,0.95629025009404411,0.24974662858621174,-0.96255550145807167,-0.20069296419164778,0.18223402738449032,0.22439101481099638,-0.21267649540802941,0.95100861235482548,-1.3883246723302562,30.065290967449624,-9.5243002168665871,,0.42304733765202,0.2857142857142857,False,5
-0.67814490180373355,0.72735029808310869,0.10526650006540159,-0.7116891250053945,-0.68566445072214477,0.15284910979445382,0.18335234251751978,0.02873682122842202,0.98262714882045943,-8.1639628166968166,3.929398450464634,-2.8456639352486865,0.1278854033906371,0.158443128664848,0.4733333333333333,True,5
-0.99423096305951353,0.10663722681527193,0.011545299948505783,-0.10725548124102749,-0.98943953608221302,-0.097497006011318166,0.0010265658811406848,-0.098172838884101193,0.99516884992845733,8.2938005423734928,31.752192583969443,-10.035263099482465,0.736597668020063,0.5385845351555163,0.5833333333333334,True,5
0.9993204840040989,-0.035185347824165186,0.010980052290731564,0.026349097652455709,0.89025300618405312,0.45470354081880482,-0.025773926800471001,-0.45410524801938784,0.89057516719170604,12.974983938948323,30.610235689639804,-9.8344580493019258,,0.2686842354962473,0.15,False,5
0.61315072926560465,-0.71695699504952271,-0.33169089594171436,0.77149145158882604,0.4531938370572649,0.44656050673865022,-0.16984440917034715,-0.52970559115689242,0.83100232452785827,-8.4956412539047221,5.0891048434025885,-3.179180437771953,,0.3762834115565889,0.2142857142857143,False,3
-0.72575603978837011,-0.68424986097833207,-0.071276212454335339,0.67574561489202856,-0.72847277045070224,0.11267336271751677,-0.12901951272926454,0.033608785503373775,0.99107235602255206,-13.51013462010733,-4.012560685540759,-0.94967416618999023,0.4131191348758961,0.3248665460931277,0.7241379310344828,True,6
0.86411829976083132,0.49992004139583068,0.058133606711114741,-0.49487804073002922,0.82296175558183537,0.27897970114843912,0.091625808709441134,-0.26984051041394042,0.95853576360920734,-9.8715862987538525,12.56166248899928,-4.9743797258725415,,0.2903565091175075,0.72,False,4
-0.99761276981869029,-0.069052000724949575,0.00076334170865505896,0.068373823011706455,-0.98924440077637654,-0.12930791104705544,0.009684101478529071,-0.12894703070823668,0.99160419596232252,-6.9464133210125576,0.70752171864297875,-2.1720653915300572,0.8737831315129523,0.7806271785269651,0.509375,True,1
-0.92143210673357168,-0.3716838705176741,-0.11319882100769464,0.38275131241461063,-0.91842884190527441,-0.099949463237322594,-0.066815458730927493,-0.13542364178213756,0.98853231192563396,-12.102058186307049,-9.8397938916032661,0.46145344108548447,,0.4110493276055427,0.234375,False,3
0.1324329874190536,-0.9901482209460214,-0.045475316389152858,0.96428565333359118,0.11808508221922688,0.23708456746968362,-0.22937890621910573,-0.075249012715830441,0.9704240843399442,7.515639228091608,35.072811711933468,-10.748408811357221,,0.3393700052832486,0.3333333333333333,False,4
0.93248477930794238,0.3273458898240067,0.15269841117165139,-0.35998297820665093,0.80739054799732468,0.46747487462541654,0.029738724930422584,-0.49088203411808462,0.87071834528715641,-7.6923694280185773,9.0639558557248368,-4.2043761283714423,,0.5957821834146939,0.4114285714285714,False,2
-0.95591234113156109,-0.28178222480559995,-0.082646075865615787,0.29058690187004871,-0.94825659157632691,-0.12794017740184002,-0.042318418377173761,-0.14631546164248643,0.98833240215546969,5.7259129310645349,29.774963782890818,-9.4959385838420083,,0.6444511665995993,0.2702702702702703,False,1
0.94136938552125449,-0.32761573885775247,-0.080570513564358542,0.3228482195198687,0.8054345268899965,0.49703546155816464,-0.097942366502889011,-0.49390601387933719,0.8639815636329502,-3.5802099145063848,-37.443293879708087,6.6023781749129,,0.4765075466427141,0.4230769230769231,False,1
-0.71307430337772226,0.67702971570153658,0.18208734695050099,-0.67919613578781857,-0.7314985707426257,0.060020414297055458,0.17383223807243203,-0.080874007311321161,0.9814488004721067,-3.6354060367517183,12.443249514919067,-4.9886258843920297,,0.2858895656770889,0.5357142857142857,False,1
0.38216762959799422,-0.89699581162318676,-0.22214053393721314,0.8964096555893577,0.30144983223076727,0.32492726572913372,-0.22449416975418129,-0.32330560245455392,0.91928007438858284,3.9842076719007489,-13.543302308647991,1.1244936583886496,,0.1771933194929322,0.2380952380952381,False,2
0.73876688229262033,-0.6644394617407644,-0.11288797681456683,0.65258709876521526,0.66338283810070897,0.36613288385318343,-0.16838518982630848,-0.34415608638391526,0.92368989171261684,-2.244033392093443,30.980547383967547,-9.7405551307396667,,0.2025899034328497,0.2941176470588235,False,1
0.72274839262737067,-0.69064823413942633,-0.025293826018294885,0.66833428502145098,0.68914197623471041,0.28002253490778772,-0.17596603200452482,-0.21929056813143954,0.95966014938058808,3.2157812178107554,-16.753050742117104,1.8893957859101786,,0.1099568983439681,0.1538461538461539,False,2
0.95228633922922923,-0.29329465978153402,-0.084433231970758915,0.29132615215712432,0.79102625276989613,0.53796518521010317,-0.090993412875426338,-0.53689450544073436,0.83872789916684631,-3.2693201535459164,-29.337757429875882,4.7779218088950675,,0.5218306679869049,0.5,False,1
-0.71243798918688261,0.63033126984995114,0.30840655280440954,-0.67983050154745639,-0.72892010798712881,-0.080659564453111454,0.17396149208685474,-0.26712911938120859,0.94782879933537301,-7.9703421864258859,7.4412412731002116,-3.778348966648803,,0.4976138218918794,0.2375,False,1
-0.96410703266995912,0.25018670059937342,0.088905817579761445,-0.2524129862403961,-0.96750995492084735,-0.014566108137235578,0.082373017023367426,-0.036484270203191442,0.99593352393330381,-1.8266453859147322,-15.776627311786854,1.6952940611581633,,0.3900807191399843,0.1219512195121951,False,1
-0.20680638303455912,-0.97779266344435023,-0.03395036451302455,0.9547748845960079,-0.20927161416358897,0.21121153200061321,-0.21362593400812407,0.01126493762831942,0.97685058299587813,0.33095330773238113,-28.336297352391483,4.6265577196464998,,0.2699502898533287,0.1764705882352941,False,1
-0.56244165217016517,0.72391268416873433,0.39951196928716937,-0.80270155170754687,-0.59394615730675615,-0.053834757423372681,0.19831693520824267,-0.35096778758193076,0.91514589289875159,-0.25198015530408979,-15.339033714909066,1.5314545627197804,,0.3110759823926637,0.3888888888888889,False,1
0.59076208830242416,-0.80072974583135881,-0.099156589117447652,0.78304412327254336,0.53935906454184002,0.30973165886761522,-0.19453034733144456,-0.26062170599817402,0.94563960911634215,-11.33671632401969,-7.6143870667843574,-0.050403396997787377,,0.4234046981730999,0.2258064516129032,False,1
0.031932030396206221,-0.97212669434882915,-0.23227146955490258,0.95628649271076638,-0.037870910637904473,0.28996885692501101,-0.29068279841386802,-0.23137736333071587,0.92842233193973123,0.98241866856810445,28.553055334726597,-9.1760398701060524,,0.5304757198021948,0.2222222222222222,False,2
-0.8248227086308475,-0.5035079266383794,-0.25719111014806134,0.55530171989502319,-0.80698949735177661,-0.20101729041442185,-0.1063367255866989,-0.30862229176818584,0.94522208068540781,27.795237481653249,17.478132504258017,-6.9016313961419335,,0.6019306550644127,0.2558139534883721,False,1
-0.71525844236207214,0.64868421665548015,0.26002720567634513,-0.67700993917701369,-0.73545911206524828,-0.027521568555096326,0.17338657066023977,-0.19572603695539037,0.96520900097979767,-6.431182209409374,7.1856651545719421,-3.7299739255952211,,0.7629154893859857,0.3388888888888889,False,1
-0.36428381590299275,0.92113111586258312,0.13716693792932377,-0.90568039072713324,-0.3847051688163079,0.17817116191562254,0.2168878312019869,-0.059324535192181539,0.97439225581935429,-2.2657583001759618,10.332552981150153,-4.5600894829592491,,0.4595341878805129,0.273972602739726,False,1
0.93174185458472436,-0.36171662399425297,0.031909251655579493,0.33637937629678566,0.89288315523385398,0.29934693300888049,-0.13676999531039097,-0.26818045235594251,0.95361061936041691,-17.480871867550768,-2.5655297299810593,-1.192983509461514,,0.3412494029309898,0.9298245614035088,True,2
-0.08058441099647301,-0.99439472663665573,-0.068449107675426751,0.97198869728751891,-0.093608212167234056,0.21558171295396472,-0.22078071711465899,-0.049159233639925186,0.97408379757507091,-0.80596228556903127,31.842164479695985,-9.9547304233175549,,0.125311381384116,0.1333333333333333,False,1
0.45410279290248268,0.80918234252349941,0.37284660388200824,-0.87086605424932395,0.31477776391792345,0.37750135747973868,0.18810361249688554,-0.4961238715190131,0.84763089554039228,-5.2374263505561887,-2.4906921754103424,-1.3882217107627521,,0.5991975679123939,0.2735849056603774,False,1
0.62875439705457747,-0.77684759083968868,-0.034288901864990728,0.75430862519232622,0.59861258982066101,0.26959500230654204,-0.18890845969674883,-0.19537345754931296,0.96236313621222491,-12.77750312327268,-16.191557018867584,1.9614592007774432,,0.3646887905534624,0.3888888888888889,False,1
-0.73349320226596249,0.67299439243059289,0.095216962704140679,-0.65821246903562802,-0.73824702311297996,0.14747094110653208,0.16954075567734975,0.045495940717839606,0.98447247373532631,-6.9020544053704915,-5.1834060578631345,-0.72056586465813754,,0.5010905941797558,0.103448275862069,False,1
-0.84465632418123104,0.46982699324321497,0.25655075607117317,-0.51669808813489271,-0.84083248539356226,-0.16131899213865414,0.13992419282739249,-0.26881839209199299,0.95297318552762966,10.543988665455947,33.789001784107811,-10.495779901653222,,0.483726160867342,0.1578947368421053,False,1
0.8874443768401582,-0.45971869818521627,-0.033184281726057273,0.4438355397503907,0.83292490330263225,0.33052400686301248,-0.12430805150618196,-0.30805003489237187,0.94321401830843554,-0.87666205620695137,-13.572117408386456,1.1602987286234954,,0.7367462070878235,0.3026315789473684,False,1
-0.09818681633502778,-0.95513591374255735,-0.27941856662927933,0.97054536167656025,-0.15397663331091299,0.1852913849113087,-0.22000238641002418,-0.25299522262961044,0.94212120626832707,2.9739378303402906,28.757782801156139,-9.186976860911555,,0.1304066402503518,0.3333333333333333,False,1
