axis_00,axis_01,axis_02,axis_10,axis_11,axis_12,axis_20,axis_21,axis_22,location_x,location_y,location_z,dbh,dbh_approximation,score,reconstructed,number_clusters
-0.4864634301007813,-0.87206319906521546,-0.053470627551249782,0.86630787130145126,-0.48938763367997673,0.10005206705641242,-0.11341958955899201,0.002349646197859827,0.99354440055138682,4.6509149582854246,0.90485628140444185,-2.2358390978982174,0.4039851066437631,0.3657690175921787,0.9868421052631579,True,5
0.2196790903910375,0.97557181736024301,-0.00085230123577395762,-0.96896390938564048,0.21829247043704852,0.11600577424673374,0.11335801494848191,-0.024658193829240803,0.99324817338065952,1.8323055720539745,-12.209847005014204,-1.050978144596985,0.2168811750203777,0.2319602903080049,0.7478260869565218,True,5
0.97389261812036421,0.22195647775035909,-0.047628671567822869,-0.20735146801967111,0.95516251969315924,0.21135261929652349,0.092404204886728666,-0.19595888078387319,0.97624872853242795,6.1173789093119,19.143876775940722,-4.022531371920425,0.2026528061396973,0.1986148475362101,0.4074074074074074,True,4
0.34313370627939749,0.93411038870916929,0.098473556453344629,-0.93148621556610456,0.32492577029319625,0.1635746741085265,0.12080020623037775,-0.1478547446143644,0.98160393472607899,10.032834604497408,3.4670765625117506,-2.5445764331669172,0.5025121754545123,0.2939153734930798,0.3809523809523809,True,4
0.59086615484545368,0.80661640117224964,-0.015721590825249744,-0.79922943013190706,0.5878907287520011,0.12496723193888762,0.11004319637840022,-0.061273749741379134,0.99203630101093332,-13.934737374748323,-3.4532088855662235,-1.8842574229082829,0.4496331550020746,0.3343010976809453,0.918918918918919,True,5
-0.31714613737010511,-0.92768225528013404,-0.19703796788839525,0.94484507142918073,-0.32698377745884888,0.018692251729792331,-0.081768689283920573,-0.18024217740891796,0.98021764875750095,11.203050357279107,3.3117074236668791,-2.500924284387255,,0.4072527357066076,0.3571428571428572,False,3
0.51152956180933751,0.85926547641087159,0.00059029106785119293,-0.851930420302207,0.50707311693623436,0.1307341311374999,0.11203600474335031,-0.067377259731824915,0.99141728778157701,2.1909736150779167,9.9018106432080568,-3.1984983800362179,0.3065369977009401,0.2682090617192781,0.9101123595505618,True,5
-0.35485135411829444,0.93492157325264424,0.0014725308869221866,-0.93116782400971732,-0.35356675378442981,0.088977717139453155,0.083707825257982732,0.030202690031527101,0.99603252833702094,-10.603156196518178,-3.1090857177181794,-1.9182944680259317,0.2661971824227731,0.2186669178152525,0.779874213836478,True,5
-0.63185371213261876,0.77508673760876978,-0.001198184970589611,-0.77347425526747104,-0.63043801184630111,0.06546365142362702,0.049984626663214148,0.042290216389573976,0.99785423519423044,14.024693825431047,20.086231466899896,-4.0339392385198183,,0.1755281951066995,0.8888888888888888,False,5
-0.086257262602625076,0.99612666036459396,0.017069304589826355,-0.99108973119146648,-0.087541310399445474,0.10038756745918498,0.10149300160664414,-0.0082580557291906317,0.99480197785310265,8.6928615822053796,14.692066087950455,-3.5920889455117755,,0.353363260158236,0.8085106382978723,True,5
0.96510063280001701,0.24177887230399858,-0.10061682501656614,-0.19024347263375799,0.91132426578863612,0.36509656764348392,0.17996719059110786,-0.33321323426930577,0.92551647787520963,-3.4822594312450224,-8.9173151404100022,-1.2599222700846791,,0.3615925857118275,0.3779527559055118,False,4
0.45981233851636427,0.87885360201334883,0.12723584234120103,-0.88080042755553123,0.43314193229201792,0.19125551837353794,0.1129744226190437,-0.20001103149201388,0.97325863320876571,-25.439825847196236,-9.3927591184976329,-1.6132867838514591,,0.1813921123769678,0.4,False,1
0.542652519952595,-0.74547871578819935,-0.3870267780088032,0.8385740267124252,0.4543889186954756,0.30054003442148125,-0.048185519737853164,-0.48763941070583444,0.8717143802955527,-11.134777911837732,4.7583328837212555,-2.7205186901430194,,0.4667557386755847,0.175,False,3
-0.12023043156353409,0.99217259969146254,0.033736860368612134,-0.98888556418206996,-0.12268776870742601,0.083982452702349344,0.087464188547974261,-0.0232646476671792,0.99589596439114392,-16.899419606056437,-16.30337977490916,-0.65965555706112766,,0.1344201264526797,0.1111111111111111,False,4
0.79062891747321773,0.61229187401935348,0.00213912715771523,-0.60432875854412538,0.77977518793724643,0.16351577255405284,0.098451340527414277,-0.13057303430379769,0.98653840080407174,2.9429086729155576,17.385160079530902,-3.87974530012524,,0.1003844368244925,0.4444444444444444,False,2
-0.15428616098970963,0.98802081274064046,-0.0032640647022927644,-0.9827125232005901,-0.15311339686754263,0.10407874155854717,0.1023321907895354,0.019265546735188491,0.99456370406184025,-9.6900068103596055,-1.8142025907047072,-2.0204293721625226,0.3635711611470842,0.1984546863115005,0.5642857142857143,True,5
-0.22565408388922498,0.91980514842897521,0.32099645379297659,-0.97200678461968459,-0.2347063776788389,-0.010757645196858262,0.06544497748045984,-0.31443823749733457,0.94701929743915636,21.085637618403879,16.842482471941956,-3.7565944731430418,,0.3770484154002077,0.4848484848484849,False,3
-0.49113014543246486,0.86889960326844573,0.061681923506173332,-0.87057594549634909,-0.49203367679212046,-0.00061969796119466791,0.029811128301724502,-0.054003151226226107,0.99809566489741541,4.2878813172308003,-17.021780960179644,-0.80003167700092137,,0.247060791477252,0.1538461538461539,False,4
0.88017031972339344,0.47446987804068702,0.013362002472487967,-0.46916946847527946,0.86537943953535323,0.17606372562257472,0.071973732212820371,-0.16123510927069604,0.98428807846576316,-11.629557726945791,1.4445017245976643,-2.3808310260121912,0.1773682092973796,0.1960008082259748,0.625,True,5
0.28372204972298748,0.95856880144341039,0.025448996057373378,-0.95177110829325373,0.27827997398037696,0.12919757544052418,0.1167628190787454,-0.060877820105702807,0.99129225513970398,-4.7378422089201822,-11.129423839816765,-1.1135249144403718,0.4183707373684121,0.3034464083785834,0.703125,True,5
0.48143632803070285,0.87487784169562566,0.052988906030582719,-0.86583896306313024,0.46532844391199324,0.18382690044769578,0.13616883672146679,-0.13438080739617356,0.98152934062588071,6.2230149593792401,15.740222435161655,-3.7458834614797216,,0.1504479878762463,0.1111111111111111,False,5
-0.80976498490101301,0.58664615458029723,-0.011267588225193586,-0.58618688690163556,-0.8079883086201034,0.059496443236500149,0.025799280083595815,0.054783048923684255,0.99816492359619313,15.503158275544529,20.90483145514153,-4.1111090967326405,,0.2156748691424524,0.4615384615384616,False,2
-0.043076200301650124,0.99897190521512957,0.0141270505918879,-0.99330003105334597,-0.044340802132764284,0.10671898413892474,0.1072356716628993,-0.0094353514548575299,0.99418885774581567,9.7151621673816209,-1.6401100518630676,-2.1028223908704784,0.2380835132514638,0.2503437836820204,0.4,True,5
-0.71495447333295103,-0.69609004723895629,-0.065564832006729176,0.69162141239426111,-0.71786144707808186,0.079591235175300507,-0.10246913183476372,0.011558067910789531,0.99466903444673493,15.190212231768889,18.12360662877262,-3.8435248253788323,0.3828124466062898,0.3837262193666201,0.9036144578313253,True,5
-0.89691262993660692,0.44200488244602842,0.013394706195746958,-0.44164610904157758,-0.89688856778623183,0.02322953600043505,0.022281127184968958,0.014919144353250551,0.99964042060289515,-4.2227904430351959,13.529871434342322,-3.5470410091221409,,0.3310480132882583,0.9859154929577465,True,5
-0.20667991850262823,0.95948456345340127,0.19150139368261088,-0.97097509081337574,-0.22522365049745355,0.080508883215193172,0.12037767362639812,-0.16930351370020738,0.97818481686287662,4.5918428397921893,14.794288540542754,-3.6708917786341559,,0.386441398491041,0.375,True,3
0.6655443022266474,0.7457448653755282,-0.030255206819296228,-0.73865081951340406,0.66394060994099113,0.11652396021144923,0.10698480549040511,-0.05520382447999396,0.99272694592065969,-1.3047978199712518,-5.0947528771104844,-1.6405699378410457,0.5266432543295496,0.4630763734796519,1.0,True,5
0.54355811794085829,0.83936766801684992,-0.0025476083972695404,-0.83181586275821395,0.53906907879811883,0.13223803820215455,0.11236967066072008,-0.069759918088409686,0.99121471485440471,2.608387043193384,14.710891036575207,-3.6161234898431145,0.3213344711658417,0.2668560204710691,0.9327731092436975,True,5
0.81041654602676039,0.58503268590584112,-0.031012551456682299,-0.5755954447363365,0.80497218960548289,0.14390850551837986,0.10915542095945162,-0.098775150637960815,0.98910493057694004,-1.0365112167587835,-15.333091742964069,-0.73234038918142719,0.2736489368553334,0.2404731460537293,0.4285714285714285,True,5
-0.1742613452463628,0.98455871905344883,-0.016646690024100328,-0.97984120578423772,-0.17169958779184788,0.10212963820262576,0.097694395950932766,0.034108360968244829,0.99463180358957004,-17.243074836244084,-17.549110135290093,-0.55435544987974061,0.2708575227554388,0.2090044003389241,0.8666666666666667,True,5
-0.72695733550275421,0.68666087076138771,-0.0054663446605397363,-0.68541748135063429,-0.72511199319930053,0.066449029921358607,0.041664236674731313,0.052052337927795275,0.99777484709655917,-11.211763084852842,0.17531968339177428,-2.2410472930324761,0.2032810042230903,0.2453261736333639,0.898876404494382,True,5
-0.94551691609500499,0.32557215553972363,0.00073001055412149751,-0.32550189580417688,-0.9452612665159158,-0.023014209797726559,-0.0068027351909303452,-0.021997944493633414,0.99973487146941986,-14.170006239240484,-0.56413792433517662,-2.261705167827492,,0.1900176767219189,0.2816901408450704,False,5
-0.18302131074612532,0.98301676953088513,0.013462192757272524,-0.97841412091173618,-0.18346687024359612,0.095108966577999873,0.095963575450719096,0.0042353682346638168,0.99537583547252739,3.9604342758237201,11.653603503773088,-3.3330466174868123,0.4209258256605244,0.3530624952727341,0.9642857142857143,True,5
-0.97746373850795853,0.20886649170048391,-0.030650098642196512,-0.20572746651031246,-0.97503543531403603,-0.083559017497910018,-0.047337611106740021,-0.075370342487608752,0.99603135595623049,15.14381526544387,7.8542348532493884,-2.890656969770935,0.3406150404276559,0.4441300936273381,0.743801652892562,True,5
-0.87980729427886772,0.47524322386260759,-0.0091106040619669156,-0.47524088144153975,-0.87910748137980699,0.036278654725895032,0.0092319846385684069,0.036247956559340974,0.9993001831806626,-2.1347082866247606,9.8890464958039797,-3.1464396797580085,0.1947492268594536,0.1704261684246637,0.1730769230769231,True,5
0.88015682422733266,-0.44001389270016528,-0.17807790148388633,0.47378242616763966,0.79122733573079607,0.38663874074781046,-0.029226313841507409,-0.42467290639172517,0.90487498868962235,4.3654922112361705,-12.879829613341755,-1.0794329151077009,,0.4699516393976924,0.1515151515151515,False,3
-0.98641476490026314,-0.12976206387556555,-0.1007358841997848,0.13884390180873615,-0.98629987994302337,-0.089078155318258509,-0.087796825211876664,-0.10185457085046026,0.99091743545039312,-6.7369970158736194,-9.5866807768308142,-1.1342678681717466,,0.2907754331426649,0.2448979591836735,False,2
0.097055458780157686,0.99512322443640733,0.017606990323785973,-0.98935120590252257,0.094534425768346239,0.1106681242448553,0.10846395392110136,-0.028160442680075608,0.9937014441812313,6.3673221015786208,12.255153821377885,-3.3446313006013524,0.2812192300141004,0.2681061007832522,0.7053571428571429,True,5
-0.059235430171213271,0.9968803098064688,0.052161400792061462,-0.9932358155319122,-0.064085366506804381,0.096828097907300459,0.099868806727068354,-0.046072917422790814,0.99393335175104369,4.5135472290924259,18.093603278078451,-3.9220048130897531,0.171371378943613,0.201235200844593,0.1111111111111111,True,5
-0.86957602657987598,0.46829488648587331,0.15664428903964711,-0.49335914648166473,-0.83731622589805499,-0.235580751401127,0.020839543671513923,-0.28213726648392123,0.95914768220568758,-6.936949886399419,7.6354594222267949,-2.9959425571460145,,0.3851437013022077,0.2807017543859649,False,3
0.8371668988228278,-0.5437061412833859,-0.05945767777251091,0.54667361434267958,0.82834894551093186,0.12241725308321019,-0.017307307614995736,-0.13498761573440132,0.99069611925224665,-9.3438246792370308,-16.351335743628162,-0.49701420912455446,0.2547755099888679,0.3202215412088649,0.8823529411764706,True,2
-0.96607427264806855,0.25564663784717567,0.036678280834052134,-0.25809491381636451,-0.95051036852958959,-0.17296547279693808,-0.0093549553515776367,-0.17656397105632818,0.98424470988428026,9.7858113971486098,-7.9215357261849535,-1.6460863672760586,,0.4046146693986254,0.2048192771084337,False,4
0.93739432005966949,0.34404506288773973,-0.054082191361297112,-0.3231200788662168,0.91709145812638815,0.23353088032443151,0.12994346214165065,-0.20143547883673649,0.9708441916767363,15.67636240407729,-0.47333070576628239,-2.3746344342334686,0.5169377502868716,0.2617015290088828,0.6,True,5
-0.94889591163476461,0.31443266562570538,-0.026993474588181864,-0.31550396931914226,-0.94715097105026225,0.057985199684156767,-0.0073344547646887895,0.063538467293908552,0.99795243821899959,-4.412013421158127,9.5678097529026758,-3.1223679367320494,0.3170637780320606,0.2357605045208983,0.6329787234042553,True,5
-0.45398142296239552,0.8803496689940441,0.13742389860251686,-0.89014004456958218,-0.45492912098362581,-0.026271580362198899,0.039389956317573749,-0.13425332466327214,0.99016386328635375,-15.184482171242726,-12.203224675024838,-0.96699476168698106,,0.3447354062763271,0.2,False,4
-0.7841563616328413,0.62052950487647107,-0.0064756535196924354,-0.61961670889697829,-0.78234146164824803,0.063379582215107033,0.034262728531494147,0.053711925713436817,0.99796848370563918,-14.831870321802018,-4.7513924689267144,-1.7036307565503692,0.2750290719328993,0.1726399674282579,0.2173913043478261,True,5
0.35731079636704477,0.93386220415369814,0.015178222977144476,-0.92740063857523036,0.35281844246851635,0.12428677413282793,0.11071156384859962,-0.05848529992473285,0.99213024312481823,-6.9214697119561448,1.050541389954748,-2.2710260329789342,0.3800805208955404,0.2905249859780656,0.8204545454545454,True,4
0.96888937982042511,-0.24012747622909114,-0.059934671360065882,0.24666487711201984,0.95670820482134089,0.1544857573591783,0.020243716815446438,-0.16446338798460289,0.98617543365372962,13.034714391481783,17.099795644180954,-3.8234179756804401,0.4420880328089204,0.2756151301047973,0.9459459459459459,True,5
-0.9723588417876976,-0.22387640484803734,-0.066314690300147264,0.22242863754951536,-0.97453056781373493,0.028559999903803535,-0.07101960289351833,0.013020282214939357,0.99738993791590347,3.6257515830925526,22.944896643191814,-4.396869498086116,0.4862406369905499,0.3275896418322451,0.8723404255319149,True,5
0.99953685977224305,-0.0041410712543587403,-0.030148258415845838,0.0090689560016141511,0.98621689556858827,0.16520892509817947,0.029048579890987497,-0.16540582342808066,0.98579769404396278,14.395277088237702,22.091938986008042,-4.2597010729399569,,0.1134173339512397,0.3043478260869565,False,2
0.31608035274157403,0.94870167285155882,-0.0076384906502847223,-0.94062030992260937,0.31441817329757682,0.12796345127147885,0.12380082056212417,-0.033261813373106533,0.99174946866599134,11.108332358050118,1.2390298818658141,-2.4026135554199626,0.2531726176442133,0.2062484460017003,0.4871794871794872,True,4
0.98798971368887201,0.15320680433983216,-0.020099769873213588,-0.14319122947588955,0.956665875818276,0.25354816868996211,0.058074068620709456,-0.2476248718300057,0.96711391542310554,1.7004758569989116,-9.3621671704751908,-1.3223888289073005,0.3697758329056824,0.5868703589477169,0.2166064981949458,True,1
0.8487397781219771,0.5234593526561061,0.07504062333366987,-0.52324831866418908,0.81078547590410932,0.26237017566416487,0.07649827480770216,-0.26194888466988314,0.96204511108972846,4.5608813026713646,-6.8250129133340529,-1.5573419200765763,,0.1263153751203676,0.1470588235294118,False,4
-0.27507410571100926,0.95987488627214879,0.054538418305967701,-0.95717627599249744,-0.27874399019692042,0.078200796710982554,0.090265237186980068,-0.03069186591146526,0.99544472288643426,-14.082646450917773,0.62052703142872134,-2.3568770616495547,0.2223528513674253,0.1757145521559404,0.4727272727272727,True,5
0.71239768937657633,0.70155590220395236,-0.017574079028839968,-0.69419401982598072,0.70815113884669945,0.12890549789658706,0.1028795169543448,-0.079632158283695936,0.99150114692738489,6.1766383348291152,-8.742129333231734,-1.4508113569046726,0.3065021021717063,0.3028494860882198,0.3361344537815126,True,5
0.9665338870952036,-0.24703327131709826,-0.069186761443272016,0.25536603417716525,0.95222505418044667,0.16749816351133967,0.024503748392076859,-0.17956059994725321,0.98344168981252744,-18.327253672189254,-8.5515389981463183,-1.4311567537975987,0.3133160557972941,0.3198865600608053,0.7924528301886793,True,5
-0.57922339711844206,0.81516762498929229,-0.0014140013746095654,-0.81307068366935253,-0.57760728635625036,0.072704099647954407,0.058449290740115623,0.043261598646889096,0.99735255275879875,0.20740335222695019,8.1438454614151823,-2.9213344327168751,0.3319018297627189,0.2632204918853439,0.9033457249070632,True,5
-0.86248130358783237,-0.503466672521655,-0.051452022520076489,0.49786853334027292,-0.8623253297932183,0.092314403570751408,-0.090845607879740442,0.054003104142173755,0.99439968839092596,-1.7523195690373863,6.3450474925265343,-2.7930297287996435,0.4124448383033937,0.368884254361814,0.9654545454545455,True,5
-0.95421719505308167,0.29785865486844648,-0.027381862336020382,-0.29897723840346557,-0.95254818385861195,0.057136401219342811,-0.0090639716276254244,0.062707090090516032,0.99799081422161096,-3.134193498920737,9.9545704551469072,-3.1543867627782078,,0.07524447876404178,0.2826086956521739,False,2
0.96165861434894317,0.27404773567081819,0.010514181954211953,-0.26715107260088056,0.9274136809653114,0.26179031450107049,0.061992046721074973,-0.25456178607966212,0.96506750189365675,-12.004300819314198,6.8716218139105409,-2.9714511280169167,,0.4898336938798936,0.3636363636363636,False,2
0.52554800274930746,0.85075731117119902,0.003360698582964553,-0.84295840447510684,0.52018830144945283,0.13720517249694064,0.11498010754472186,-0.074940833488058939,0.99053694850072072,11.462257353676515,-5.4370177229281973,-1.8931776440091441,0.1534395932025014,0.2242434658428472,0.3529411764705883,True,5
0.58857607884680108,0.79875386302537754,0.1247816721772888,-0.80126967104436297,0.5558497451802491,0.22135486226308754,0.10744819064918025,-0.23026794628234354,0.96717710851794314,-17.951710979313678,-18.547723108608533,-0.45393943600476083,,0.2364429945490173,0.3571428571428572,False,4
-0.91931168501922889,0.39288794093639845,0.022474244233386387,-0.39319100708529353,-0.91939085707778845,-0.011012895578408427,0.01633578080036021,-0.018960954314733536,0.99968676317990546,-0.36687065501610139,-18.818461714255161,-0.49348539131714686,,0.2632367274668541,0.1935483870967742,False,3
0.58710384900457102,-0.7773479206084053,-0.22591874824769564,0.80461317526024656,0.52971023598350986,0.26833692271455617,-0.088919675447232657,-0.33931884153415676,0.93645929708571751,6.2758278090183062,-6.0721165942708133,-1.6851751398184127,0.7188471189455187,0.3078252205298944,0.3461538461538461,True,4
-0.022518941196053698,0.91349000436213323,0.40623750346057302,-0.99421743141139707,-0.063138049984751518,0.086863604126513658,0.10499807791161392,-0.40193233084014718,0.90962948779174591,16.410471035041628,14.842182811545841,-3.6074641844079065,,0.6131565824192,0.2173913043478261,False,3
-0.97895105732882703,-0.19782996268790073,-0.050181004550277575,0.19451646627014396,-0.97880490495543016,0.06406482954763007,-0.061791356228416847,0.052955300944237546,0.99668328188916566,2.4796263757765287,12.631050557200062,-3.4206376338286404,0.1395860036935866,0.1569529953581176,0.684931506849315,True,5
0.75199589171255166,-0.65140051995593751,-0.10089371362269678,0.65663183191393737,0.72686240175832884,0.20126024502484502,-0.057765181249533067,-0.21759690142841648,0.97432785669094002,-7.5780041354887784,-13.805359811176094,-0.74813460659272757,0.4278708507707971,0.5120401889431734,0.7789473684210526,True,5
-0.64933244799926937,0.76039834874674617,0.012717043622502925,-0.75745478153550094,-0.64813404455872947,0.078641682414277492,0.068041354368365309,0.04143201065798352,0.99682183091491039,-16.049047566628168,-14.23285632664091,-0.7881042606884171,,0.108505021254546,0.375,False,4
-0.5979128953976085,0.80155961147618349,-0.0015358279194667916,-0.79954154591155624,-0.59626942955938589,0.072083865977647571,0.056863748369302657,0.04432783124713302,0.99739739196486665,-0.059205706654853661,12.406419534896184,-3.3856503565171496,0.446814160950854,0.3078679764463025,0.9388888888888889,True,5
0.27529799805687244,0.96135853193917686,0.0008861905154187073,-0.95595379803669289,0.27365243427394731,0.10614462414632997,0.10180053185077664,-0.030068559720982383,0.99435030720124273,-3.6726795640609562,-14.753883339927114,-0.76964567457206512,0.2500128933391553,0.2270741128665821,0.6888888888888889,True,2
-0.47403424286435875,0.87664180633995292,0.082405582147312237,-0.87818778228444605,-0.47749826461075151,0.02795758108359464,0.063857306851598461,-0.059114724652526165,0.99620665210131765,11.357376846167245,-2.2717374625607882,-2.0725897449894215,0.2182129611726105,0.2074494883725329,0.3529411764705883,True,4
0.91593145073307747,-0.39759096907871433,-0.054690025279285626,0.40132606681105903,0.90647159563408508,0.13132644214537176,-0.0026392529180555872,-0.14223455141295702,0.98982946345741285,6.5688929581601911,2.638662726042408,-2.4400824358764952,0.2970755916476816,0.2121297060711726,0.9074889867841409,True,5
-0.25931750062234582,-0.96355565851258818,-0.065688102570806636,0.95921343710999341,-0.26487980624739021,0.09873332927628066,-0.11253450998966076,-0.037405630468129024,0.99294350437004697,-4.5013248546921334,19.994378901319465,-4.2338412732681237,,0.2602284206177139,0.375,False,1
0.29436572230662506,0.95137911065607594,0.090700657870562584,-0.95214307776357432,0.28377629226742696,0.11355428399606972,0.082294477322643625,-0.11978649236957312,0.98938304778684549,-17.811616432922509,1.6759299946744002,-2.578548543630713,0.5718931655617728,0.30773576673759,0.4390243902439024,True,5
-0.81189386315263978,0.58334179900379413,-0.023252967769712828,-0.58288022973634857,-0.80772340594920811,0.088507272380927399,0.032848025170229431,0.085412206486116221,0.99580407823305706,8.0252771317085418,0.58638127717508082,-2.2774946420647906,0.2984919647750589,0.2696881579227174,0.9389671361502347,True,4
-0.86259268685842228,0.50351023717248045,0.049104965541990293,-0.50521838752181103,-0.86239793677297361,-0.032002805495441392,0.026234280783525948,-0.052414117489758681,0.99828078354716454,10.398591804300994,-13.115679021933571,-1.2627517481591519,0.4842659519727502,0.4812537292444608,0.75,True,5
0.091421657796277922,0.99579068055007691,-0.0065575159468516629,-0.9898563049229292,0.091592034058393099,0.1086066061589684,0.10875006248321592,-0.0034379974780565877,0.99406317912054054,12.7204870069645,19.250815235741676,-3.989441438728917,,0.1397485362743457,0.8666666666666667,False,2
0.21710648548427547,0.97614279630523892,0.0031646772432724992,-0.96952329890811839,0.21525489649124641,0.11700385639311808,0.11353125928564611,-0.028470524370493779,0.99312641813974711,7.58694341947227,16.785035696760414,-3.8015719777974066,,0.3193155533934834,0.9555555555555556,True,5
-0.56757814215685121,0.79839588639326109,0.20104492317911402,-0.81999649756849202,-0.57009201745173832,-0.050998388339366693,0.073897202390774436,-0.19380170336745145,0.97825359863927475,-9.3777945043841555,9.8991213806202101,-3.2608242055489889,,0.2365940343061455,0.4736842105263158,False,3
0.92402650075102144,0.38223014512439935,-0.0086684524572775302,-0.37393931461613139,0.90824254571640006,0.18778942231928672,0.0796518354731474,-0.1702809276130893,0.98217105984496667,-0.083680271005027979,16.035289683051438,-3.7519759464313038,,0.1385006542474266,0.375,False,1
0.8253619368998707,0.56283743866521085,0.044628362659619288,-0.55980174205411459,0.80549389756079948,0.19442631145369776,0.073482533367270217,-0.18545511216759927,0.97990138210986866,-17.110667353318565,-7.3575204776162879,-1.5391054538198337,,0.1511986197854132,0.1428571428571428,False,5
0.99905974985143575,0.018406261182707155,-0.039253353691883174,0.00089078138135395123,0.89649754950413585,0.44304779679128248,0.043345388858755683,-0.44266618719115308,0.8956382215952654,-10.879379765176186,-7.4087741694721974,-1.3094505657257507,,0.684912184509302,0.3567839195979899,False,1
-0.30260102829749302,-0.85745844663513382,-0.41617019351145734,0.94638759583439858,-0.32210465013741946,-0.024476781051394475,-0.1130625319196731,-0.401265008010809,0.90895723618990942,10.98371629210258,-7.4743342110360906,-1.7280996736588359,,0.3684451170770551,0.1818181818181818,False,1
0.99440225278295535,-0.059550544421052579,-0.087280538033045196,0.092663191188377278,0.88842987536608087,0.44956188623569404,0.050770982450291963,-0.45513304562090962,0.88897481298677161,2.5878743222709524,-10.633805887490263,-1.2220506827731092,,0.4384480612174755,0.5,False,3
0.51497263270050619,0.85710296910584571,0.013329963220229838,-0.84854640715484986,0.50750345695261978,0.14969714788777938,0.12154086750597472,-0.088401026753559098,0.9886420363280185,13.365412377253323,27.342977649411878,-4.7318415824818292,,0.2653320137614764,0.3333333333333333,True,4
-0.83967541007686575,-0.52237271507309857,-0.14856632276329282,0.53506763387912937,-0.84255984488316626,-0.061607913172293513,-0.092993724988503765,-0.13122368055200367,0.98698151592375249,10.236863650922322,24.368521899692297,-4.4860878083405975,,0.4279550477906587,0.36,False,1
-0.06227754393659761,-0.98579559533954408,-0.15597612551406317,0.98735753523757575,-0.08367672592743651,0.13462281807941845,-0.14576215260075118,-0.14562022437566266,0.97854389023792765,5.1411284768922378,-14.069515081040224,-1.0068206008338993,,0.2666204721142016,0.3076923076923077,False,4
0.70536928940802224,0.70846962423612403,-0.022911942186266895,-0.70107456953289471,0.70204871977324657,0.12498817151639727,0.10463562258756952,-0.072099837721529531,0.99189364343473907,4.0985033267293902,-4.6569607768709194,-1.7459194747684845,0.4666106881310098,0.3538130330355763,0.9760147601476015,True,4
0.79613576052791879,0.60025377511541977,0.076571902603489492,-0.59700399198177745,0.75849340950362742,0.2612929032663987,0.098762768118623667,-0.25373835579046555,0.96221762737662275,-20.631073367542296,-25.024753032698477,0.020461619823331452,,0.2715463760452051,0.2307692307692308,False,3
-0.93025218291159095,0.36194908323121583,0.060197486129418075,-0.36691538089882181,-0.91674188732981987,-0.15797916088785863,-0.0019948554062037766,-0.16904784282279892,0.98560582759481807,19.532050068129006,20.617810100647972,-4.0900952458742204,,0.1068312585894027,0.4,False,2
-0.98461450143921769,0.17466102041984491,-0.0052736611097172204,-0.17230713803821965,-0.97547944176895396,-0.13693103690255404,-0.029060862627933091,-0.13391559517856452,0.99056654477692319,-6.5032954563633316,15.398736061762007,-3.7877030464603392,,0.231193131776934,0.5625,True,3
-0.31288512925085438,0.94208850391955745,0.1207151468386838,-0.94777880763966005,-0.31795894563086424,0.024848353717150107,0.061791809188756819,-0.10663657757035283,0.99237614473608826,12.946527017184815,5.6353344204504232,-2.7043798206373961,0.2303866408852893,0.1914199868865751,0.1935483870967742,True,4
-0.89150115051795631,0.43889600048500649,0.11223190002590831,-0.45292801386085757,-0.8684865341266691,-0.2014630345763338,0.0090505737508264142,-0.23043749868220531,0.97304503817442567,-16.305875039110262,6.655707853639818,-3.0827505326029603,,0.165943259437943,0.4545454545454545,False,1
0.9989928393638402,0.01610982867300953,-0.041878160416846964,-0.0075376860650434412,0.98031401120333583,0.19730084319944402,0.044232230201039363,-0.19678646513048867,0.97944810835127427,19.932768632521736,-1.3882449571646041,-2.4142716851523045,,0.09673642706989496,0.5555555555555556,False,1
-0.77097501800220614,0.6185553959129565,0.15161379819615073,-0.63597765123411554,-0.76033087313132142,-0.13202041695927091,0.033614710280399758,-0.19820743061330387,0.97958351645096453,-2.78535643788303,17.334021413546139,-3.9387417597547261,,0.5312246410588364,0.3137254901960784,False,1
-0.80049534110669707,0.56230375193409177,0.20741672889937227,-0.59866608597847204,-0.76658135301324803,-0.2322755835459136,0.028392364566715053,-0.31010888373798828,0.95027698796776583,1.5490985246160458,-17.686855575361065,-0.76489906089830495,,0.4152075539586775,0.5555555555555556,False,1
-0.90508621737011707,0.40350236948048701,0.13418188011160501,-0.42519211731372664,-0.86287606162699482,-0.27323353682400775,0.0055319527223863692,-0.30435298601248972,0.95254325749771507,-19.482478114623014,1.1313466584666176,-2.578345766809194,,0.5630579330167444,0.1785714285714286,False,1
0.43569472383013841,0.89463114512627606,0.099021319909536359,-0.88484833792374373,0.40555246139152007,0.2292828382868346,0.16496522815480408,-0.18751617324734143,0.96830994948441251,8.3765937617813329,11.4340898151913,-3.2767578676461464,,0.5093958706914482,0.1911764705882353,False,3
-0.68491902107399838,-0.69751614768990067,-0.2106113916265564,0.72088502420830269,-0.69072612462429772,-0.056764448677782048,-0.10588067077247398,-0.1907056487714463,0.97592040612102748,15.6673976176272,16.344148524058504,-3.73592564660047,,0.621961789540759,0.3823529411764706,False,1
-0.076566682880173431,-0.97178725474311578,-0.22308535270511504,0.9963599029927046,-0.082982616035743306,0.019514844202115258,-0.037476483040640128,-0.22077911349288235,0.97460355851197356,17.40879844730954,21.681955933477532,-4.2100355156381033,,0.2604490809456659,0.2,False,3
-0.1339033361808083,-0.97445716559409501,-0.18028624179890501,0.98567108982350682,-0.14979272100202048,0.077554132197791337,-0.1025787465598556,-0.16731817939821922,0.98055200147522825,-15.76355049254007,7.9560605715111077,-3.2095944305712885,,0.2245749096779685,0.2058823529411765,False,3
-0.94833973896882651,0.29759388105488183,0.1099528146580622,-0.31716183805583714,-0.88082918757896944,-0.35149439652719194,-0.0077529332242886207,-0.36820894104796636,0.92971074413430044,8.0480398656508481,-10.422015757610945,-1.4030592498183396,,0.4323498925666405,0.4166666666666667,False,1
0.98920849216592954,-0.12217985699154645,-0.080861867232549539,0.14521729964979635,0.8908890517233149,0.43038196221723224,0.019454945623940102,-0.43748003390447326,0.89901764444626542,-6.4230576696503414,10.413372080246225,-3.2371890043650549,,0.2592913597690764,0.1428571428571428,False,2
-0.24995814707622718,-0.9669790646145584,-0.049723367820085011,0.96171156052069418,-0.25390183993493498,0.10317330099645311,-0.11239127666802771,-0.022030530515787124,0.99341977867068998,8.8137282215937685,1.8625445953285551,-2.4121044930728184,0.7254179093323091,0.258588461796579,0.5324675324675324,True,1
-0.32370662981381881,0.92264281882901722,0.20962883074096594,-0.94005264407657085,-0.33875281834045362,0.039338968352612656,0.10730817386959615,-0.18432785174694824,0.97698935454339919,-5.82148052715291,17.139257512979,-3.9590256881011987,,0.2043725925852828,0.2,False,3
-0.24400410851115642,-0.96417962706233129,-0.10401750712076889,0.96325067211076321,-0.25338465330606735,0.089131140165076575,-0.11229486946356138,-0.07844656924880436,0.99057357024365122,-19.380171419017493,-26.112457592017037,0.12807546873914133,,0.249595162523557,0.2105263157894737,False,1
-0.14792118922267533,0.98893525041336505,0.01124243162324187,-0.98418501076244813,-0.14831188525762479,0.096868205732573834,0.09746376952215928,0.0032642275017127154,0.99523372051460746,-12.623523085030572,-6.1766384132072485,-1.4651621467435501,,0.1193895208050237,0.4722222222222222,False,1
0.54876278009523727,0.82211585714177327,0.15160781186401129,-0.81677277308400476,0.48861546503631309,0.30681780338828474,0.17816185992184405,-0.29219932368743562,0.9396158294248742,2.0686835387048994,-4.2517186828642588,-1.6958276490779431,,0.6486634828556586,0.3211009174311927,False,2
-0.87870471188431776,0.47726192095819908,0.0099543013611023638,-0.47036830096703974,-0.86207874348165003,-0.18861044902782992,-0.081435193606193793,-0.17041507808990677,0.98200153279001168,2.3041033196985929,24.994869386323678,-4.6212762858234333,,0.4526166939826068,0.5454545454545454,False,3
0.61092287428383918,-0.73794459035467819,-0.28672464707980644,0.78965019260668401,0.54199972073568281,0.28755673533873205,-0.056796258617976908,-0.40208716006446793,0.91383811515951319,-12.037458387235368,11.435384599302084,-3.4662911911283785,,0.5097871166153005,0.1764705882352941,False,1
-0.60492983405810474,0.79625365588649688,-0.0063254528551347639,-0.79412951894121553,-0.60269475599721567,0.078213414703943385,0.058465400132284295,0.052336856810907717,0.99691657143741319,-13.032692052089194,-5.0227083617191468,-1.650479931419389,,0.1223211402024797,0.4,False,2
0.26668048589997806,0.96037125343496133,0.081046739699463216,-0.95731098902060585,0.2542203520940885,0.1375779156752534,0.11152214461953709,-0.11427627993997155,0.98716956147489687,-14.284248095206635,-9.7562153110520402,-1.1786803478148635,,0.1425403183687904,0.3333333333333333,False,2
0.9603730915889801,-0.26107021154426524,-0.097600561453589113,0.27678243676438569,0.85212614976100132,0.44415369816343941,-0.032787309291737982,-0.4535673814745978,0.89061867418760299,0.0020198281682803883,-8.0178210275062938,-1.3991663116763915,,0.3938404220148438,0.35,False,2
0.0016413827984376043,0.97999338628462984,0.19902328683069356,-0.9925916908548521,-0.022582134187757754,0.11938082953904681,0.12148679396713802,-0.1977448104348371,0.97269622639222553,9.1532143271420949,-6.5668185471553446,-1.7379833329609937,,0.2969865985822935,0.2272727272727273,False,2
-0.93835669927244392,0.34513511885429121,-0.019195172933789029,-0.34546261133615563,-0.93826706063015353,0.017621211798736769,-0.01192849945836006,0.023166196707399118,0.99966046147218712,-9.0678334442311037,-18.623822859025335,-0.37504972179643603,,0.1655404451117545,0.5625,False,2
-0.63790697303178034,0.7025351023781945,0.31546651753219379,-0.76826222942507549,-0.60891690657522934,-0.19746733331279093,0.053365162758513177,-0.36832679893446829,0.92816352470372598,-15.198832450470245,5.7518865393802248,-2.9574809680115428,,0.3570911624292969,0.1818181818181818,False,1
0.95240446818931968,-0.29539540504421252,-0.075281363243395391,0.30469697949984942,0.92997081043342178,0.20570377348379537,0.0092455208986245152,-0.21885119698226402,0.97571444281754005,15.111542635366686,14.684148068565193,-3.6376452963666379,,0.5246068868334384,0.2105263157894737,False,1
-0.44741647321600048,-0.8793868150020282,-0.16278000213645599,0.88714469953796149,-0.45942954383714746,0.043574950731936443,-0.11310517926538975,-0.12491326530909103,0.98569969796747181,12.21729656911246,-3.7510485666872988,-2.0190006466762402,,0.1396711679647343,0.25,False,1
-0.15157431920864631,-0.97788508644051975,-0.14410407167617673,0.98227420728674919,-0.16528469156564785,0.088421447812378623,-0.11028421217755466,-0.1281472920169052,0.98560421270056997,-18.223545428350871,-12.846870499631081,-1.0250134701832732,,0.183210703181764,0.4117647058823529,False,1
0.90248040414296482,0.4287106567785553,0.041668848105616253,-0.42249247106233512,0.86223689670616299,0.27937008761527488,0.083840515465920071,-0.2697308041789519,0.95927892775948276,10.013098808752837,-6.7122049049059118,-1.7562994320617451,,0.5113649896940058,0.5,False,1
-0.34177579376026757,0.9391252571598917,-0.035114927935364061,-0.93602433959782538,-0.33683386426267969,0.10198717353826847,0.083950833706362721,0.067725174420132248,0.99416575995644141,16.405183788144878,25.589193389401718,-4.5115709879545669,,0.1092553882305383,0.3571428571428572,False,1
-0.59634543122774941,0.78233363364434594,0.17979491739930564,-0.8005872620198895,-0.59599113744993881,-0.062085424800222111,0.058584661348219429,-0.18096588007124886,0.98174293361589948,6.1693071987654919,-10.201634394873022,-1.3981053419595961,,0.5642816466600616,0.1363636363636364,False,1
0.43204382707689198,0.8542183666494132,0.28922156483146255,-0.89471545461708923,0.36571898405304648,0.25638619302244314,0.11323597817869795,-0.36954107590633928,0.92228900376394884,-9.0328450973634613,2.854693830150711,-2.5075789394115953,,0.2337328115648715,0.3636363636363636,False,1
