axis_00,axis_01,axis_02,axis_10,axis_11,axis_12,axis_20,axis_21,axis_22,location_x,location_y,location_z,dbh,dbh_approximation,score,reconstructed,number_clusters
-0.98694520204621738,0.16081380726856329,-0.0088367160043510574,-0.1574894326395779,-0.95214976757997627,0.26193109533665926,0.033708259593400097,0.25990332719914844,0.96504612000981449,8.6546759190785885,8.0562778882278252,-4.599568686477153,0.404239620021722,0.3092885000598116,0.8669724770642202,True,5
-0.73661207425665964,0.67610991094434503,0.016674542936159342,-0.64792046136264003,-0.71253999747683627,0.26923192185053474,0.19391164948739842,0.18751570685822189,0.96293101096316158,-9.8987091015211686,11.955208330984648,-6.0668175374538009,,0.1519931087179195,0.4545454545454545,True,5
-0.62242968866277015,-0.76267846490667568,-0.17579204145457089,0.72732205620529911,-0.64659629546069386,0.23003446970792202,-0.28910881900845714,0.01532285430674166,0.9571736001935236,19.395035980014065,-0.50673792723185718,-2.0260675857803001,0.2872812221749554,0.3144655900577106,0.131578947368421,True,5
0.99237513534416366,0.12325244036862164,-0.00065321805962835836,-0.11270320155757874,0.90955720464956014,0.40000459975949193,0.049895682271373275,-0.3968809990579783,0.91651289869669406,-3.00588914181583,18.2298475878221,-7.7821799460812091,,0.4158094547540384,0.1739130434782609,False,1
0.36791431290589088,0.88435136474518228,0.28733555650549242,-0.88715588306980964,0.24126931013765301,0.39337457864016656,0.27855609398039344,-0.3996395671840261,0.8733239483990759,-7.6516544801087427,-8.765910631779116,-0.35208971148642748,,0.4458225524298446,0.1538461538461539,False,4
-0.40785475480250644,-0.91051860233453408,-0.067899733340818835,0.86982983601500685,-0.4100823914266829,0.27427812275112179,-0.27757981800392811,0.052804422585043385,0.95925029976141618,-12.977311618153589,13.35485859339348,-6.5063445768287362,,0.1162164876085218,0.1176470588235294,False,1
-0.92603679076425538,-0.37029313966477878,-0.073067454234022569,0.35654365900047819,-0.92174628758315114,0.15251360776413023,-0.12382439734394433,0.11518147439532501,0.98559664497122246,-5.0947274496775696,17.095555770576123,-7.488710836024536,,0.2706818435070916,0.2857142857142857,True,4
-0.97755648318341848,0.21067280943484556,0.00053809933836453973,-0.20452652582724165,-0.94964301913386984,0.23737530714745597,0.050519525127492311,0.23193771486142506,0.97141786786416207,-10.104446060520367,9.1303038466914064,-5.2420892070192764,0.2582359455148044,0.2272196684002277,0.7027027027027027,True,4
-0.6402864054382349,-0.76647644144850569,-0.050469631615662799,0.72991506925620586,-0.62757979604527681,0.27086452567377289,-0.23928499886890869,0.13659232884831074,0.96129351657862661,-7.1819054824292312,-6.9251202007287462,-0.76939111160005635,0.2339434549219628,0.2361484597059936,0.6517857142857143,True,5
0.96971874988362783,0.23902921536847271,0.050105691537660264,-0.22334602750838436,0.78495408120630827,0.57789587504479123,0.098803330512482537,-0.57158737267183668,0.81457091605442711,17.739331351202789,3.2912970303767839,-3.0886670567010404,,0.5711977790894521,0.4366197183098591,False,2
0.12007918200404649,0.99191908863671929,0.040957437021125205,-0.94789139426437852,0.10229070600919098,0.30172589571277086,0.29509811034429162,-0.075054200830077633,0.95251455222951154,-18.604449979435692,13.412321990590748,-6.6006719752666623,,0.2317273067464798,0.6774193548387096,False,3
-0.95521027892884669,-0.29258878451319315,-0.044329744030031121,0.27775254109270003,-0.93811600526004379,0.20686199890624318,-0.10211194320560013,0.18528400862468117,0.97736532944582521,2.5966574022968265,13.407457448165651,-6.2058536639574866,0.1552413938983732,0.1680931906602942,0.3181818181818182,True,3
-0.97743133976861285,0.21125066095914302,0.0010650269768999101,-0.20381217908339092,-0.94431668384789091,0.25831491684338359,0.055574919661805486,0.25226802978350144,0.96606017900218621,7.9599385905664635,-7.4585678939899438,-0.33151935763427887,0.1883391718250415,0.3522084063422228,0.7402597402597403,True,5
0.59168557790391252,0.7975016138683807,0.11789551636020865,-0.74405872920178096,0.48393976915472858,0.46062881730206329,0.31029789622094212,-0.36026861604613192,0.87972821933427892,-21.138274200338977,12.561741330847342,-6.4191914208469445,,0.2708060964365824,0.1578947368421053,False,3
-0.70025917304491359,-0.70695721965393921,-0.099240012825602242,0.67685641734206592,-0.70167905772232098,0.22251267437334693,-0.22694158030056336,0.08864530181057427,0.96986572761263989,19.542086257157123,4.138068292778744,-3.2843196092194793,0.2634732121620508,0.1972672398747287,0.5789473684210527,True,4
-0.49929576127930625,0.86202721645034863,0.087251480602818773,-0.82822745580640511,-0.50442714276396239,0.24411583130030068,0.25444650560966608,0.049621928034399826,0.96581294257282624,-18.122788073697944,10.24022216475454,-5.6726438277060138,0.3679539556357528,0.2576616172351598,0.2666666666666667,True,5
0.38879037500484054,-0.86723478518246488,-0.31103998404243827,0.89641436468946467,0.278093398848269,0.34511642715959157,-0.21279880423061509,-0.41299865482413167,0.8855217558205325,-0.42988477410745396,-4.1842606973261951,-1.3754938848162714,,0.2622109479444649,0.1875,False,5
-0.99898382004734498,0.04256374718522471,-0.014820752651830325,-0.042171626801691613,-0.99877631251488252,-0.025834694735437258,-0.01590223809761683,-0.025183426786810802,0.99955635851049451,13.671701828509232,3.52156195030049,-3.2110777876082821,,0.4987027296558223,0.303030303030303,False,2
-0.62578087597158616,0.77828336812785048,0.051703908593088335,-0.7420027397769049,-0.61442464126024621,0.26816840674431502,0.24047916631550581,0.12945021864711592,0.96198358170002729,-1.2407207545198624,10.149118306156572,-5.3884535858541138,0.5055764151745146,0.2661812107686591,0.4383561643835616,True,5
0.33695847928244066,-0.94065665811151178,-0.040299315008424819,0.90015604653888071,0.3093123505390693,0.30666750999003611,-0.27600375924823561,-0.13960988988778383,0.95096319777705585,25.015732535279589,-5.2714608273997081,-0.5762612126507225,,0.2046076006659623,0.4615384615384616,False,1
-0.97544640149994821,-0.21890295045001293,-0.024203637848106731,0.20632650418758233,-0.94673886450438249,0.24721427164847365,-0.077030458070393659,0.23615041969311201,0.96865849906364498,-4.0756550513365264,-10.88000914726458,0.16543759179575021,0.4900871149598633,0.4437278442378575,0.8794326241134752,True,5
0.36092809734476311,-0.92618093707333504,-0.10917774658348955,0.89516657990562787,0.3112286988293268,0.3190822640716115,-0.26154866233102902,-0.21289802447877168,0.94141740392128204,-13.893193265158581,1.0569907513927297,-3.0575274107866646,0.5516957030224622,0.3708387434404112,0.125,True,5
0.98876861729621179,0.13817419406077291,-0.056960631543149037,-0.095564077577016238,0.87754929427260664,0.46986672918871919,0.11490921863363507,-0.45914608592179784,0.88089769170755683,-0.33102110241667726,-6.5789861877976454,-0.71441413726012948,,0.2694688603284443,0.2105263157894737,False,4
-0.37723206888889027,-0.91103371894936047,-0.16647380916860727,0.88598218520339533,-0.40735001614554889,0.22158865460225716,-0.26968784493192277,-0.063902482608420477,0.96082513446123818,-9.7405400776773945,-10.039749232119794,-0.14180216159086209,0.3580554174077432,0.3214239271808879,0.2592592592592592,True,4
-0.33200240529280584,0.92966345031915687,0.15968804595358047,-0.89701220716562302,-0.36352946986547807,0.25142677807899222,0.29179359670090399,-0.059767831481540724,0.9546121218821525,-15.949896779161934,-3.5787474537686093,-1.7857715014256417,,0.2903478305368238,0.4444444444444444,False,4
-0.7058754570270791,0.70788691998172049,0.025218003204170863,-0.67742219326630371,-0.68504395112074268,0.2679812625971304,0.20697587114705598,0.17207816117007702,0.96309402199953587,-6.7020829266131523,-1.895362092777328,-2.0308685123114931,0.2421228649857233,0.2056332693380283,0.5125,True,5
-0.22265075769045392,-0.96881440593843771,-0.10874413522585456,0.92966501690323944,-0.24457780302060225,0.27550799374231433,-0.29351251497366587,-0.039753554756369089,0.95512829422966328,27.999827203997775,-6.7817567065427742,-0.12995271116268428,,0.3183674734247398,0.6470588235294118,False,1
-0.69285060602679782,0.72107924227554265,-0.0016625545497298069,-0.69092184383780275,-0.66321043678225766,0.28771326394669466,0.20636143883020489,0.20049100454239543,0.95771515267406704,6.1380944675001219,-2.5341670914334102,-1.6386933815428961,0.5162482822488574,0.4514065638556286,0.9649446494464945,True,3
-0.94683708017015245,0.31857659795951215,0.044816234194813599,-0.31535484679226222,-0.94663287740291013,0.066614683250140611,0.063646399894179306,0.048940235516711041,0.99677178387436316,-1.5831901920371072,17.594856186604822,-7.5480031318356788,,0.3444772215775396,0.3125,False,2
-0.99250112235457666,0.12193446518471615,-0.0085736996112040012,-0.12006997475155408,-0.95937235160106415,0.25531919658851682,0.022906839329490284,0.25443403306861628,0.96681880387607877,2.9769129024614851,-6.4181618324799281,-0.72697147678396512,0.368451722457213,0.3205208548914223,0.9783783783783784,True,5
-0.99986478975521509,-0.0074417057419838744,-0.014663670188889566,0.0035879892656527955,-0.96898346694420323,0.2470995085422483,-0.016047695809316823,0.24701348506597937,0.96887915121276591,5.6438133991074828,6.6188720498972939,-4.2403301538113887,0.2833656866484062,0.1977366729189173,0.6633165829145728,True,5
-0.51741983183119422,0.78093903782985608,0.34987274375286448,-0.81900823327069527,-0.57042178153684686,0.062004072310972269,0.24799643437475705,-0.25446652106261147,0.93474304394079266,14.260228812337255,1.7520500704541631,-2.6962569726691124,,0.6246334791072963,0.15625,False,1
-0.99198584515969301,0.11893054622245418,0.042656865544012323,-0.10837932902683783,-0.97448210288321413,0.19656691532402643,0.064946162646484965,0.19036847516208996,0.97956206522198419,23.714896772279985,-3.1052429285221494,-1.2004241813155883,0.445600550622068,0.3210904966542807,0.6086956521739131,True,4
-0.11234489703843298,0.98942593536791523,0.091732995867081918,-0.9480689095891458,-0.13437685431806493,0.28828493490647339,0.29756338279410649,-0.054581860035250881,0.95314052152619166,-11.168390857510403,-1.6309507686622038,-2.2370888646215801,0.3045797355246789,0.2831469825748967,0.8648648648648649,True,4
-0.936653067211073,0.3502220326069202,0.0050556464243043386,-0.33840562190629014,-0.90858523973676575,0.24485607444926105,0.090347477808222429,0.22763433398580807,0.96954625637177894,-0.16529920927963698,11.490576875151291,-5.7576713258615246,,0.1602692058831144,0.3818181818181818,True,5
-0.98717875850439296,0.15961759509358378,-0.00056753349465148151,-0.15550443334677116,-0.9609260816772931,0.22899658679077631,0.036006526730946738,0.22614882022435304,0.97342706000188217,3.1281078538431855,8.3778430383138716,-4.7550062391407293,0.1386596621297022,0.1401628607920571,0.75,True,5
-0.99585863391976792,-0.080666420265173719,0.04193459060318655,0.087523961990496724,-0.97543983949134472,0.20213034312192385,0.02459953912049069,0.20496352888917332,0.97846043072796651,-5.7967881981182368,11.250411574673031,-5.7827757101711201,,0.1416386414741368,0.2647058823529412,False,2
-0.84554674537611285,0.53389495252456298,0.0026231760629713535,-0.51484279752856099,-0.81665457179858558,0.26079149563096143,0.14137749190316015,0.21916087704985807,0.96539158622494159,-14.457657920849417,15.683878314802973,-7.2545902600477747,0.1618845524998288,0.2159546730425329,0.6744186046511628,True,4
-0.27903639769964844,-0.95872680791749676,-0.054603997464760475,0.92033344878041357,-0.28322603564515514,0.26975795778564227,-0.27408945951049374,0.025018403487379506,0.96137872229012278,17.101397678443472,0.8785409721944647,-2.4105000990085248,0.5278738655365172,0.3737463583120909,0.9647058823529412,True,5
-0.95920748401670364,0.28258793742049015,0.0080659922376597297,-0.27289879420601304,-0.93301367610415709,0.23454579152803104,0.073805492527649036,0.22277687902257659,0.97207160818826044,21.605077306121665,-1.9250416031768744,-1.556285165682145,0.2513184839876565,0.2390062601789225,0.9285714285714286,True,5
-0.053006137981813341,0.99764245658507189,0.043587591756788301,-0.9586430739113988,-0.063059812995614528,0.27753723502741612,0.27963155433169201,-0.027073765971168506,0.95972558839398525,-6.8892278414456412,1.9762399846024614,-3.1323428753523683,0.3314070238438944,0.3268047048540069,0.9329073482428115,True,5
-0.083400589002557354,-0.99282354724158939,-0.085707326388440683,0.9466277511015917,-0.10580384290259798,0.30446912433182122,-0.31135228054146341,-0.055740029329652933,0.94865842458282124,-7.0367230362270519,10.278385200829092,-5.5562852130027984,0.2100153846802401,0.2013063816095149,0.2714285714285714,True,5
-0.97148399124286566,-0.23170840175813623,-0.050299814249385018,0.22220161260593022,-0.96372342431309332,0.14786346670347683,-0.082736316779009861,0.13247029095210813,0.98772785923092599,-16.045993210649307,10.078105353237877,-5.5844948849207467,,0.2407141781707667,0.2666666666666667,False,4
-0.42946076055908222,0.90166914032445056,0.050559040008499839,-0.86145346728492389,-0.42582257647079846,0.27671837140051553,0.27103759673299443,0.07528542192441659,0.95962009483069155,-11.188649588568584,9.4115867984399504,-5.3389597383321377,0.1256318396861602,0.171744750170209,0.5384615384615384,True,4
-0.63121357618954221,-0.77350326548970749,-0.057114967484620104,0.73869037862531861,-0.62198467387600542,0.25975294029085355,-0.23644438195988821,0.12176930541035146,0.9639845903848715,-5.0821733310504342,-20.597374661699504,2.4956365701328451,0.5633823200405167,0.5799307632375402,0.9487179487179487,True,5
-0.78105184497501556,-0.62362138380575094,-0.032471296883935796,0.58958283268235234,-0.75355982148898115,0.29075707875088413,-0.20579139648531841,0.2079518336002234,0.9562457508584955,-1.6377135909583611,12.352643023425284,-6.0751011926754588,,0.2349806603372889,0.7380952380952381,True,5
-0.97470470463325343,0.22255406875041825,-0.020504273906624976,-0.22250306356820174,-0.9576382724974466,0.18281500417327001,0.021050545564631117,0.18275290840569955,0.98293349164665833,-8.5285811221818779,11.220498643344801,-5.8114031694772184,,0.1628416361747762,0.15,False,5
-0.40987224751663731,0.91144609740611338,0.035647611965266723,-0.87071465966256245,-0.40260175581113739,0.28243195227611445,0.27177329185254456,0.084722120729802383,0.95862476501218996,-9.2327693246072098,1.1656532771606001,-2.9589797209065836,0.3883258462789922,0.4217942702236256,0.8982035928143712,True,5
-0.91093522875997257,-0.41178048859512817,-0.025176143794748224,0.39036839559041348,-0.88009237654844497,0.27027749529969453,-0.13345233129542103,0.23637732114919022,0.96245323902938273,-9.1370712193042163,14.55573786697153,-6.82227151061866,,0.2313158834990499,0.8461538461538461,True,5
0.97201209529908961,0.23491677661648619,-0.0025680063071068619,-0.20046417849659526,0.83505868929368021,0.51233885132283885,0.12250142746906505,-0.49748476710271311,0.85877954491755371,4.3519561867665937,-5.0128671857574343,-1.0796154507690419,,0.2534990777540252,0.1470588235294118,False,3
-0.35818954209080806,0.93338819373827187,0.02206199734347486,-0.89210323924746993,-0.34912566268749573,0.28681541481794198,0.2754125314159625,0.083052702803840806,0.95773179235944139,4.433930414403684,9.592562211826877,-5.1347558282185757,0.4136807686014767,0.3456427377231354,0.7598039215686274,True,5
-0.33271777324362567,0.93285556593693419,0.13812811613964304,-0.88519620957327427,-0.35944980690702771,0.29533626067858521,0.32515619927184553,-0.024006861831231199,0.9453555503936627,-1.0605502679181766,-10.920667120496185,0.31257553831072182,,0.4661515818450591,0.6766917293233082,False,4
0.94904297459008513,0.30165993650098055,0.091206990364928228,-0.29211108257841306,0.73341230380783384,0.61382204917887528,0.11827319145128029,-0.60918607611591935,0.78415800502859057,2.6100553489236571,3.7954005752179429,-3.4709354880199728,,0.3459289600230792,0.2924528301886792,False,2
-0.87345848792554881,0.48188759289321753,0.069675086554623678,-0.46321014106508929,-0.86650271424480718,0.18603604871325849,0.15002211532062079,0.13022055913703698,0.98006937044923703,-6.6415483909881319,8.81774844732732,-5.1121790194374244,0.1192163432484484,0.181838566924065,0.1505376344086022,True,5
-0.88357985311115705,0.46825116104379466,0.0052434108367903527,-0.45572604459071342,-0.86241277457572862,0.22035874961139129,0.10770522483968968,0.19231499273257696,0.97540480217830572,8.3670123489593866,9.4879141574891896,-4.9922877740856739,,0.1806490112303349,0.2352941176470588,False,4
0.83836295678800798,-0.53553979920897599,-0.10170878108049414,0.52376048995544411,0.73966958213670853,0.42256817014931625,-0.15107118139242601,-0.40753654158236913,0.90060616555061412,0.35181843489423625,-9.6652363614650501,0.063634591632264662,,0.08173789355473203,0.4117647058823529,False,1
-0.99257321808685395,-0.11990624293572327,-0.020515838801901165,0.11122262872587731,-0.96281585530359126,0.24620145335744789,-0.049274066160729366,0.2420911433345988,0.96900151946368707,-1.784717927615068,8.3417132161665855,-4.8605472141927875,,0.3041150933544996,0.8636363636363636,True,5
-0.86235444990412791,-0.484205462522872,-0.14795226525322794,0.48998350843882094,-0.87172652052569943,-0.0030058060719290736,-0.12751848567377916,-0.075086240251924535,0.98898993540697744,7.6021755523524268,-5.1484519692357944,-0.86544359456333664,,0.5126006442833657,0.28,False,5
0.6549937347046727,0.72997758684689107,0.19523301513528524,-0.71804021515293603,0.52079308338910368,0.46172807334750043,0.2353751408300159,-0.44261415137256899,0.86526947021375389,7.0577881279042272,10.49891733059067,-5.3233048705360417,,0.3689650083533595,0.1891891891891892,False,4
0.76802752768440674,-0.57405685312816057,-0.2838880872730874,0.61447383118657783,0.53566392121251105,0.5792115971716435,-0.18043178075346789,-0.61929225159679724,0.76414755093915099,-11.76308447896778,17.558074581162302,-7.7838146029525612,,0.5142874415826385,0.125,False,1
-0.94505849588914725,0.32673403373188686,-0.010455168532067611,-0.32523499343835727,-0.93653527767330913,0.13085821608340076,0.032964198623587168,0.1270690555354396,0.99134596218194038,-5.8396156510928021,12.847483054055667,-6.2396340040685674,,0.2422514625401346,0.1772151898734177,False,4
0.076406078202289826,-0.99335624954752033,-0.086055056206079922,0.95052811437209783,0.046504324649603149,0.30713783807455247,-0.30109535865232345,-0.10526494798255644,0.94776625584806506,-11.415216182686258,-5.4035536091566749,-1.2489600626886763,0.2844863472812151,0.2597273564132621,0.9259259259259259,True,5
-0.42730885067948687,-0.90155090613782551,-0.067919877598845241,0.86597927618469761,-0.42971835497912608,0.25577730277071453,-0.25978267715458597,0.050478698835251933,0.96434685752290217,8.3683074611545916,10.825863388981718,-5.3870915246373334,0.2067145976024594,0.157903978669777,0.5869565217391305,True,3
-0.51192549321026837,0.85865954763404817,0.025220441279155383,-0.8227110025687524,-0.49851708684297213,0.2731800146019378,0.24714144867614132,0.11909867918028502,0.96163226285507397,-8.8335377269419855,9.0516064934061919,-5.192743380313571,0.2685124281137267,0.1333465260564826,0.253968253968254,True,4
-0.77562034851588102,0.62686985238937487,0.073805576574030737,-0.6008289232517352,-0.76906997547788847,0.21802747029353653,0.19343650108565952,0.1247620173921604,0.97314786084334293,-4.3807978350578436,8.4732556581172869,-4.9330006738390422,0.533007120417237,0.1773027312776209,0.6542056074766355,True,5
0.99629928810286816,0.08480487677134621,-0.013995049178707673,-0.07452592623799667,0.93344673919587973,0.35088897304268107,0.042820729140059438,-0.34854744004278015,0.93631248373368281,-16.004184456813565,16.708810414632772,-7.520383823233189,,0.1622589668950352,0.45,False,3
-0.97121584771763292,0.23813403789525825,-0.005653064462577127,-0.23124505793776134,-0.93689496328129585,0.26220898336536769,0.057144556359112697,0.25596876327754908,0.96499455537566681,-3.8179065399676242,-5.3427064520224441,-1.0992901827383772,0.3750965978924133,0.3431135507591838,0.9113924050632911,True,3
0.50329743511600222,0.80859310975726406,0.30474394933899901,-0.79261051733550814,0.29152069615648973,0.53552240991537747,0.34418056251739643,-0.51107031469799991,0.78762102169742509,1.6955440330195684,5.7109584110735696,-4.0224128225777696,,0.4313868254921389,0.2361290322580645,False,3
-0.87401081557311733,0.48590582154059625,-0.0007917412294382066,-0.46660538653436479,-0.83883773963928543,0.28041159001363136,0.13558948159179712,0.24545219320636552,0.95987953063488907,-8.7015132590469513,-5.1963428651049535,-1.2257022166897693,0.3478720391593973,0.3013337966777745,0.9411764705882353,True,5
-0.94332098036862266,-0.32716446519441172,-0.055757875770471123,0.31069188629831368,-0.92960964966125859,0.19823332475915156,-0.1166879590393816,0.16967413465441966,0.97856763089962118,7.1265470155740669,6.1541101689016422,-4.0269610511536271,0.2243971813473551,0.1821168986090547,0.5260115606936416,True,5
0.59458790559247576,0.80345980518738125,0.030291318416465478,-0.76712308930054163,0.55560832600457544,0.32065800151623486,0.2408057067121652,-0.21389653929563249,0.94671055877295784,-13.075920302783617,14.964225979144368,-7.0285347936558429,,0.1093449535609199,0.6153846153846154,False,3
-0.73421578526550979,0.67848923590275612,0.024073583676803165,-0.65122263866961572,-0.71384775830712754,0.25754699152595628,0.19192773523160478,0.17341780394175815,0.96596584293901611,-15.805566701558822,14.890944904784762,-7.0362804733902546,0.1612206767316571,0.1824974367187771,0.5151515151515151,True,4
0.63843376229129867,0.76967090695608653,0.0030043555004122119,-0.73226810660380592,0.60619716622106312,0.31033597232101573,0.23703533748674466,-0.20032895609708604,0.95062219526560454,-3.8984447428896627,0.99709288559961862,-2.8556778859140421,0.4716743714812762,0.4364501869969726,0.9714285714285714,True,5
-0.50886987669609041,0.85961851652741705,0.045907021625330724,-0.82295400333190871,-0.50142721962853576,0.26705327523844652,0.25258297050927808,0.098116000014265015,0.9625877069389106,8.4079263734097278,14.571362816706191,-6.5114511951604239,,0.4448814260898782,0.9333333333333333,True,5
-0.99067678863757391,0.13598299634802657,-0.0082537966389522929,-0.13358828959110922,-0.95777772399642058,0.25458986684540141,0.026714590374297749,0.25331888228170024,0.96701389573298502,-2.9558069064052388,11.0605790198849,-5.6744739836245204,0.3278226457814851,0.2647238791089786,0.92,True,5
-0.48751151635881645,0.85678059570405662,0.16810571745936717,-0.82311533201292431,-0.51521407938799546,0.2388212775395718,0.29122786889784458,-0.021942270287771411,0.95640204158702924,-19.790790145799299,10.30737886899708,-5.7557732228634046,,0.3077720102966038,0.6153846153846154,False,3
-0.8974306043126008,-0.4396548430346624,-0.03635834758738541,0.41706617576606297,-0.87240143662616632,0.25489515178690914,-0.14378496261775864,0.21358687311903407,0.96628491251609749,-13.511648829607919,10.801132408612693,-5.7979784236961924,0.4346976363124935,0.3190061145477853,0.8873239436619719,True,5
-0.44190078290963242,-0.80548706722770713,-0.39485982651158946,0.8544260670822944,-0.51202012507842365,0.088269402427791355,-0.27327603984641247,-0.29837221057528779,0.91449124107466406,-8.2078208553457124,-10.083081851281328,-0.091038254204379526,,0.4506793419715177,0.2,False,1
0.99689210659484895,-0.074397225759211788,-0.025907153610918693,0.078688218658731282,0.9245780303691582,0.37277825849022661,-0.0037804831969687931,-0.37365829116724208,0.92755872557416885,-12.852879717284068,2.6103056480956992,-3.4679868744825573,,0.3571911139155514,0.8470588235294118,True,4
-0.18225562730367686,-0.97617177144287615,-0.11777758256230576,0.94519038572848446,-0.20694393087777724,0.25256552456598796,-0.27092069142570524,-0.065290750577177856,0.96038486912616783,-23.294078848407686,10.580514258135466,-5.9193749285556905,,0.2464334587401952,0.1904761904761905,False,2
-0.45933092565154243,-0.88232169526300286,-0.10258424249522219,0.84595167229567536,-0.46974290376216771,0.25240319432455227,-0.27088903425618405,0.02915528139648443,0.96216895641381228,-13.03577894003908,-8.9234477915501262,-0.3949869908196425,,0.2297173165321817,0.2,False,1
-0.79956025481214632,-0.59556460919990584,-0.077499646407581696,0.57151322067191268,-0.79415653105720807,0.20661084864159507,-0.18459695967689763,0.12090575026749599,0.9753490462548785,20.431114444986665,2.1464164612969547,-2.7229053494277093,,0.1187407324941632,0.4375,False,2
-0.091973551390928748,0.99010542351514363,0.105981678465847,-0.95091178642932861,-0.11891460618383441,0.28570280164171763,0.29547866297640391,-0.07450212588941045,0.95243991567113306,-22.010947283254939,10.542132960409486,-5.8736854935850875,,0.2130119746392676,0.3571428571428572,False,2
-0.43337412085158461,0.87599762948325455,0.21169559399249469,-0.86207993768738245,-0.47142522666626852,0.18594740304606777,0.26268812765908489,-0.1019137321580183,0.95948347499297171,-11.127298479559744,-4.388467804829415,-1.4857204496275791,,0.2258179168687087,0.4761904761904762,False,1
-0.83146320860278045,0.54935908644287557,0.08290673605093607,-0.53622656600615326,-0.83255760911396404,0.13895645870447901,0.14536162715523943,0.07108038863913381,0.9868219574480962,0.70149118851682601,16.817747076082661,-7.3033149887952025,,0.5569733091211246,0.2777777777777778,False,2
-0.99979456083040374,0.011092862404520914,-0.01696421343929818,-0.015242405620262491,-0.96315522951766575,0.26851382259332457,-0.013360584000974224,0.26871723475885645,0.96312644161538108,-0.60213065611501704,-0.9079296583633687,-2.2285973500056047,,0.3751584771926777,0.9287515762925599,False,2
0.77932724475903581,0.62653127847929801,0.010373170363406637,-0.59490548465194348,0.73458632164718651,0.32629802386758944,0.19681592899795458,-0.26046399585346591,0.94521002796030451,9.9413553449517025,10.285647521303142,-5.1966084164247706,,0.1447533589704675,0.627906976744186,False,4
0.072308004942873635,-0.99484358287482544,-0.071118197628754709,0.95237595576048939,0.047691394605808353,0.30117365384417083,-0.29622895083107043,-0.089508527489476186,0.95091357766949036,1.0702766675788085,-8.3926078492947056,-0.30256855641824587,,0.2887766709192623,0.2083333333333333,False,1
-0.98925288732837879,0.14607782844517611,-0.0063239978817558815,-0.1462107385823655,-0.98861720459699187,0.035474535909994581,-0.0010699699369064036,0.036017923476681347,0.99935057129756166,0.076047880076143964,-7.3234976961246945,-0.62025912867114652,,0.3812319945876586,0.7446808510638298,False,2
-0.94920370679618471,-0.31276924802694889,-0.034463320981003624,0.2924186106337523,-0.91724506393478222,0.27046783328577834,-0.1162053318888966,0.24665135348490319,0.96211196368440244,-10.662925025260428,15.029151440638634,-6.9445670596104572,,0.1113872587603714,0.2142857142857143,False,3
-0.78714585256045777,0.61675418690267825,-0.0039597644989552792,-0.5919709519332188,-0.75368245232886788,0.28554010772363259,0.17312365194897469,0.2271057770942016,0.95835857962783955,-3.9095568385886472,-2.7864064496544998,-1.8321780781266597,0.3019880760401152,0.3921481245052522,0.5021929824561403,True,1
0.56998056969539213,0.7663418346009796,0.29638208905080704,-0.78505893035837038,0.40147111387819695,0.47170268240277197,0.24249665159396905,-0.50153876945038267,0.83045423516525496,-5.4777860206795763,-6.6703049061019239,-0.82071990716615362,,0.5794301891199916,0.358974358974359,False,2
-0.77918232740139937,0.62619764328217176,0.027411899116854325,-0.59764668220108463,-0.7554157541887031,0.26863633703866019,0.18892682159866744,0.1929340557583511,0.96285154941416529,9.4057427689730044,5.0638137128000329,-3.701810849336594,0.2165138074724491,0.2170245866632157,0.5369127516778524,True,2
-0.38825530105706507,0.9207102638084832,0.039375516743317164,-0.88135535752128324,-0.38346269569727992,0.27598749025473707,0.26920355675514557,0.072449783479945129,0.96035434809454079,9.6886282477042958,8.7286367030617971,-4.7515817158388973,,0.1086341881896016,0.282051282051282,False,4
-0.51487755435523475,0.82398803154850142,0.23652659023035238,-0.8204603024622753,-0.55362085675657413,0.14264935698287601,0.24848741639101846,-0.1206137257070755,0.96109642235645343,3.305180729717986,-9.229019677331074,-0.007876409766467269,,0.2548858674305869,0.375,False,1
-0.97490824729741044,0.21934316880879806,0.037980042764682614,-0.21349346249254994,-0.96960488965944636,0.11952781860904044,0.063043245668621253,0.10842016530797514,0.9921041361319678,-4.6855363330297664,-13.464317541013639,0.78198492278988097,,0.4298136057432981,0.2,False,2
0.96508462541152529,0.26132824669325344,0.017866540642416884,-0.24562821714053878,0.87919135419511296,0.40827606059249227,0.090985959019275933,-0.39840947552586414,0.91268365005216867,10.418323503186411,14.002746712666296,-6.2844186055564393,,0.3993857391576098,0.1875,False,1
0.68366987570399484,0.64867827025252689,0.33438301804528586,-0.69369264750168624,0.43530315378853812,0.57384812895386683,0.22668482934900064,-0.62428172006229854,0.74758699971245646,1.6221920061425814,-11.50169828665077,0.44034344869852426,,0.5345928825522342,0.2380952380952381,False,1
0.65748842802844254,0.67720396591148924,0.33030857627745341,-0.71640720729230523,0.42608654000345869,0.55245902451450746,0.23338740400528837,-0.59987086025379821,0.76530077137687547,9.6109085323689101,-11.69613740183706,0.74987282477144379,,0.6233716842830259,0.24,False,1
0.16861508304106559,-0.97512767305994974,-0.14385748157027697,0.94161102980979605,0.11619858388083466,0.31601670469236992,-0.29144059825561452,-0.18874297427130013,0.9377838062963304,1.6565848355882606,-15.59368943036019,1.4276415350442107,,0.7079796924826322,0.6779661016949152,False,1
-0.46126888348159256,0.88147369856903357,0.10116884828184421,-0.84887478139984529,-0.47161047506248671,0.23873660237739308,0.25815232448113046,0.024242082055084286,0.96580003045279783,-10.127800689872771,-0.58858636601626713,-2.4667688505653724,,0.4216047222282528,0.1176470588235294,False,1
-0.58826156913117678,-0.80070393936386319,-0.11323218522361522,0.76879464958042532,-0.59717168830816281,0.2287810338723214,-0.25080493029411427,0.047530791812969611,0.96687005888578192,4.9303433607988225,-8.9507008946705344,-0.049693452549699424,,0.9806251783716968,0.7981651376146789,False,3
0.90716310633528485,0.42036553680955913,-0.018652452035263698,-0.38344883007204744,0.84412314406056721,0.37473071982115452,0.17326884665309789,-0.33278962292131903,0.92694604678772496,-4.3075585885308287,11.996682850042971,-5.9551392012614954,,0.2291037185730678,0.2571428571428571,True,3
0.71176485246893317,-0.6976516103666025,-0.081688587591936881,0.67343995836302217,0.64471194956695532,0.36169755952395938,-0.19967327630379159,-0.312455969119592,0.92870977710566172,4.495261750253297,-10.433783799468097,0.31464949794767733,,0.1684350429033908,0.1153846153846154,False,1
-0.8139277543000295,0.580494186401461,0.02341175632491926,-0.55789654803826649,-0.79221578573930462,0.24727634442550928,0.16208964330609646,0.1882037416725898,0.96866211815748227,-7.5927540151261832,13.702203143020519,-6.5123517679693519,,0.1164492876054562,0.1851851851851852,False,1
-0.88983781663897366,-0.42922179787687248,-0.15478148567102598,0.43162970150308066,-0.90184130830852705,0.019443647001683106,-0.14793397466284119,-0.049506594062911642,0.98775737723630497,18.561294952975015,8.710029240152469,-4.6680627678174957,,0.2291430643478634,0.15,False,1
-0.87080874620330229,-0.45266423216543789,-0.19179994904563435,0.4654676713020704,-0.88470203702313988,-0.025340731239151815,-0.15821496297272578,-0.11134360603636786,0.98110683765141382,1.5804351931679668,-9.3045019512002902,-0.046799748473480278,,0.5377696964739652,0.1666666666666667,False,1
-0.15903537646883095,-0.98622054882419252,-0.045571680990796171,0.94174815528285127,-0.16539550182059948,0.29283910257829271,-0.29634129150822869,0.0036547304171125356,0.95507511845551418,13.531183261355141,-6.5547967596827155,-0.44966783731492771,,0.334999650184723,0.8823529411764706,False,1
0.80617900339455673,-0.57677523868105829,-0.13193080963204989,0.56808712787331606,0.69222800365965009,0.44508134772648345,-0.16538569959463442,-0.43376343206151485,0.88571827088290878,-15.324605370297594,12.672021467925411,-6.3682314774040316,,0.2079728143068741,0.1724137931034483,False,1
0.76544728176623678,-0.63824523872148298,-0.082057748482617224,0.61740573247358987,0.69247002949868008,0.37322301611080649,-0.18138528150164041,-0.33634546748165717,0.92410557089496881,-5.5866537847443904,-12.197635354183667,0.51279775116588322,,0.3802808478417976,0.6176470588235294,False,1
-0.18340389735318149,-0.93285544084875771,-0.31007053538595708,0.93432364447668059,-0.26347855017337374,0.24003829063370416,-0.30561796054466001,-0.24568227465042591,0.91991188823447423,-4.9750206790503446,-8.4083975298442191,-0.37368414417536583,,0.5160956514851346,0.175,False,2
0.69714334316237814,0.6297619214513166,0.34262381904112948,-0.68135681411969762,0.43331943792066119,0.58990436222558862,0.22303374394256756,-0.64469697301140505,0.73117833806322063,14.000539404941469,4.9070763623102032,-3.5621785860188977,,0.3681297208336127,0.3809523809523809,False,1
-0.93631800574415935,-0.34442629025160149,-0.068404113200883021,0.33101287109918853,-0.93073064630109814,0.15547007172639854,-0.11721378453898521,0.12292678560614471,0.98546939784784215,-8.1796715721731683,-26.329365490898169,3.9040686326407292,,0.5235059347414459,0.6290322580645161,False,1
0.80499195375396682,0.57700552689218076,0.13803107015178867,-0.56283352967159128,0.66913754265592984,0.48525598078313392,0.18763361177781798,-0.46831567445929068,0.86340839513346801,12.763337683676937,13.632510627576746,-6.1587819266681425,,0.69803764795958,0.4444444444444444,False,1
0.28789532645660143,-0.92481837212358331,-0.24865087891888407,0.91536141508217095,0.18942645130061397,0.35529016215823223,-0.28147781579231723,-0.32989179760997833,0.90107804383773804,4.523956029221309,-6.1462448817420317,-0.7466672812823737,,0.52952369666411,0.6296296296296297,False,1
0.33078042701805566,-0.83635712571351684,-0.43713964287167889,0.90221926298266331,0.14442843323036558,0.40637523199334302,-0.2767394272682776,-0.52881677918050984,0.80235160836903641,11.447617936908314,7.0283539648014868,-4.2109948023099655,,0.3807243828822443,0.4444444444444444,False,1
0.029567069292473176,-0.96986988858262624,-0.24182263672820123,0.95427751072938161,-0.044605587028024737,0.2955753273228694,-0.29745625044633062,-0.23950519999910397,0.92420616652552179,-7.5018132518545801,-14.686422175350907,1.1039913164537878,,0.2970042174185898,0.1666666666666667,False,1
