axis_00,axis_01,axis_02,axis_10,axis_11,axis_12,axis_20,axis_21,axis_22,location_x,location_y,location_z,dbh,dbh_approximation,score,reconstructed,number_clusters
-0.96450644123228602,-0.26062766593608044,0.042432824206528469,0.2626214549941967,-0.96353502200400876,0.051285794801941231,0.027519015210622902,0.060609249462821195,0.99778215191563335,-9.1295994202172999,8.0029831976751833,-5.3727468331950945,,0.4713240972090438,0.1025641025641026,False,2
0.98269240398928492,-0.11448560488163521,0.14563202057462238,0.022456937828944198,0.85398685314102141,0.51980971576687951,-0.18387856070001216,-0.50754260997199352,0.84177738979952998,-1.7347476587174793,7.0936173409596606,-6.1968388274810478,0.4900172422829412,0.40216896617398,0.9301675977653632,True,4
-0.97793642410761084,-0.19249944798970439,0.081143779350471845,0.19931424850577176,-0.97611457218603992,0.086453295533740315,0.06256341379910843,0.10071893808874212,0.99294587705678994,-0.62365470446720894,13.522788349589071,-10.301824278266697,,0.7831164870962979,0.4,False,1
0.76723927894234911,0.59232941473304201,0.24594664724292303,-0.61407110875379733,0.56776340448573581,0.54823479451841439,0.18509608921288773,-0.57165599880415618,0.79934276552009653,-6.6009829278253571,-2.0957816328577104,0.50018277372392339,0.4936495706157282,0.5764308070192571,0.1566265060240964,True,3
-0.73197571437950537,-0.67509533231163399,0.091966547448827499,0.64250597897199779,-0.63903349307143908,0.42287381299644289,-0.22671043324877685,0.36862241796174022,0.90150978498970946,12.349361057643117,5.2490610576035577,-7.3781718736986646,,0.2302775428407628,0.2608695652173913,False,2
0.97678018526156052,-0.18641959222072546,0.10558506199575893,0.060227614481880035,0.71188031812650943,0.69971354647306994,-0.20560424152777551,-0.67710719114506313,0.7065781963558101,-9.7099318523500227,-13.04576074884036,7.6111746789569095,,0.294934592684097,0.3333333333333333,False,2
0.41756274159433238,-0.90380810245370791,0.093660401297733065,0.76171792552068918,0.40437615445998915,0.50622695270462337,-0.49540605443684538,-0.1400387076603426,0.85729924856151496,-5.8466958229790151,-9.4383348086467667,4.8774020602898673,0.2799456902361956,0.2668476864859032,0.8518518518518519,True,4
-0.98557647783012781,-0.1148980990975051,0.12424746746609783,0.13680325638303786,-0.97311629946977352,0.1852823163425229,0.099618649814961713,0.19960735089177919,0.97479896905926711,4.4970426030686745,5.6423414989786718,-6.422967413401742,0.5253196493724932,0.4598872423390669,0.328,True,5
-0.98857462943889707,0.029463549824927215,0.14782456244298769,0.037085095234347026,-0.90302172712986595,0.42799118687521281,0.14609893134861102,0.42858331694445123,0.89161171072148071,-4.3678284653328925,-9.2438727656701616,4.500737308379728,,0.1185035342070254,0.2272727272727273,False,2
0.97237621266206753,0.1729876320976319,0.15671560289335529,-0.23078727636955751,0.81304296091384964,0.53450760216704318,-0.034953313360752858,-0.55591044499064313,0.83050697952239394,-6.7218646901998786,6.340614731937027,-4.7252445222696444,0.5615649913838157,0.4773986450667085,0.9815384615384616,True,5
0.64347158982190722,-0.76387189513281406,0.049437242219511832,0.6140837114070542,0.55369274177788808,0.56242825594650192,-0.45699617993655683,-0.3315479988307708,0.82536683722736659,-10.769828034132711,6.8971033763729341,-4.6297494816138673,0.5886907955172492,0.4836263129580159,0.9587155963302753,True,5
-0.79752544872240494,-0.59485936419473429,0.10047634283732514,0.58190830311537245,-0.71457887002313347,0.38827794848774277,-0.15917250203950162,0.36812956326040813,0.91604843717359519,-12.62299174548949,-2.1938283632300544,1.3049623503879266,0.4606416639086604,0.3633535842797617,0.9312977099236641,True,5
0.8469842703591659,0.50180294390327118,0.17553190950411585,-0.51511713839643902,0.69304151387421464,0.50432905307665943,0.13142290323385269,-0.51757826996208645,0.84548255745972534,-10.312423669710391,0.12868539826989112,-0.55811600322770805,0.4294611752476987,0.3803817283021629,0.8811881188118812,True,5
-0.35780362660740156,-0.93040182569848029,0.079555059697840033,0.85902882820174054,-0.29455464442972912,0.41869682798323415,-0.36612298084788031,0.21815133321117147,0.90463471009753549,-15.044835822510333,-9.9778842164166015,6.6090872718656009,,0.1798015387046215,0.2307692307692308,False,2
-0.73566620123590887,-0.66540699177679585,0.12660480106884803,0.6369580813201341,-0.61603424692175635,0.46345033095307892,-0.23039019727432214,0.42158669560850703,0.87703193504330224,-11.091419931139718,-1.0397628807227914,0.34440718211641425,0.1782201134766614,0.1185185522614304,0.4468085106382979,True,5
-0.24416396218184522,-0.96490375360258895,0.096668018782311724,0.86613208421229015,-0.17216101491944796,0.46922893947409161,-0.43611830077369784,0.19829606961697593,0.87776961470805193,7.5473725373796583,13.716639399469116,-11.840172971106023,,0.4215445249657277,0.6842105263157895,False,1
-0.50372036188358871,-0.8620886444039132,0.055398250998470698,0.7963825295244471,-0.43856656158131324,0.41645436452387857,-0.33472475811046576,0.25389474246736038,0.90746724241447019,-5.8563407904439071,13.217211192636388,-9.144005314869835,,0.2280621570747501,0.4761904761904762,False,2
-0.67377621504426177,-0.72255824845885275,-0.15471001785503041,0.69054082839262187,-0.69021732039951922,0.21622537997038993,-0.26301896578661588,0.038853934222706707,0.96400798514947839,-7.1501597106696879,13.75480511100956,-9.2985889261678061,,0.3181682477608589,0.1428571428571428,False,1
-0.17106455335323295,-0.98505409623508011,0.02013320830241698,0.87279542050149972,-0.14202554257800748,0.46696562957784499,-0.45712697638366251,0.097453438861397609,0.8840462401460788,-6.6699893505529042,-13.848350372340343,7.5980174749055287,,0.2150604357159044,0.2142857142857143,False,2
-0.19410154920081416,0.92553847487147134,0.32512016260212651,-0.84457497794885406,-0.32625892638528597,0.42455649750841434,0.49901672839749123,-0.19218128027076417,0.84501400005736771,-10.332453608834603,-2.027830077082927,0.80516734815249102,,0.2562019722073202,0.2105263157894737,False,2
0.024316826513465291,-0.99934169915707438,0.02692322926703547,0.87301751188096288,0.034349178269807656,0.48647770545150582,-0.48708224756963497,0.011674856660375127,0.87327806672586961,-17.144453034537058,-10.214564945369814,7.1197813664565119,,0.1158290148335984,0.4,False,2
-0.36748997933688221,-0.9300212518684754,-0.0034038448806158611,0.83469980400204591,-0.33143418811474995,0.43980406563339375,-0.41015527826168957,0.15878239833718924,0.89808729959417954,-7.7809804811095056,-9.5300012416134532,5.2326120054420144,,0.2473560424320762,0.4666666666666667,False,3
0.87122601053689819,-0.48800540228045475,-0.053065675431966025,0.36522941768657191,0.57218795259186961,0.73430812290553549,-0.32798279073800046,-0.65912948216098999,0.67673895611668222,6.9368265446191417,9.1411177727616391,-8.8757773054194935,,0.3674281816638651,0.1428571428571428,False,3
0.83650508770544585,-0.5312255903648061,0.13438232913768297,0.40325964095431571,0.76285241758657607,0.50540859802709537,-0.37099986552598901,-0.36858589382107487,0.85235176931582568,-13.820260241970766,-9.8461676747066296,6.3600817017259557,,0.1902751058559397,0.7619047619047619,False,1
-0.9128919446044681,0.34409630159077753,0.2196042638653059,-0.31232437695471882,-0.93518140749988077,0.16700065456874924,0.26283413217487733,0.08386578741115322,0.9611892366572713,-7.1701568765368595,-1.5614109905575717,0.12096182643725943,,0.5285692541250903,0.2954545454545455,False,5
0.76773765683235473,-0.62944353745566972,0.11991548455832701,0.493001642395759,0.69980091505667052,0.51694106035497989,-0.40930217550930476,-0.33775658756142657,0.84758021253578719,5.9701659901655022,7.3892257010627223,-7.7452344225241854,0.3636795579221299,0.2651482166866182,0.6885245901639344,True,5
0.9683779910889565,-0.2056063164400537,0.14131563612873468,0.10412523954118023,0.84780630182871541,0.51998308536913851,-0.22672009365075754,-0.48882565114718501,0.84240577034794928,-10.571653495360623,12.752915926554421,-8.1375442257645592,0.3964187141053471,0.4165267035365373,0.9649122807017544,True,4
-0.21488675145373815,0.95240278412335366,0.2162235436851061,-0.84365800970044391,-0.29255318333235647,0.45017085377708715,0.49200086048496533,-0.085682972148439493,0.8663680404804095,-1.7544185373376977,-13.595423925541677,6.6442932000926609,,0.1388235139281449,0.5185185185185185,False,2
0.23756529996286274,-0.96061086271357432,0.14418563968105955,0.83152879067673502,0.27784012206371628,0.48100388444097336,-0.50211811213024471,0.0056246785064208854,0.86478076092293898,0.83051778027626755,17.134067819621762,-12.618573241119394,,0.08877709398741612,0.3333333333333333,False,1
0.14992265190066126,-0.98286816346732042,0.10720714383590074,0.85498514230567491,0.18333603341637703,0.48516832675649352,-0.49651143479644017,0.018922792963182541,0.86782390092855499,-13.11787981383169,-3.7753122455403498,2.5064908779318587,0.225696427207259,0.3607995049353359,0.7023809523809523,True,5
-0.48325254762966346,-0.87441841759839756,-0.04312083225257049,0.79941306841883331,-0.46080974166682398,0.38547779187151826,-0.35693938035838302,0.15181176815276715,0.92170899192733513,5.532801019940444,3.1477301880311419,-5.0609746725594018,,0.4225338623382483,0.2142857142857143,False,1
-0.65327597537892912,-0.74937831503105978,0.10799370793670328,0.7066044864014267,-0.5522266437857708,0.44244302875113672,-0.27192020849889942,0.36534623968820634,0.89027047876227039,-9.9781882882565576,-10.675597899365542,6.1864179442717173,0.3737414476355675,0.3873390760828411,0.5675675675675675,True,3
-0.90130221752005368,0.39615797891058807,0.17525172877581457,-0.36017407992365064,-0.91009581282639296,0.20493960970739328,0.24068432612986129,0.12159139452010978,0.96295720981467781,-7.5091721720877063,12.518181707309502,-8.460037012486568,,0.2752532868959104,0.2222222222222222,False,2
0.81887060534024336,-0.56542204224283943,0.098736243880549759,0.42746835637575081,0.71555800528805413,0.55249212244664181,-0.3830427339176623,-0.41021293886726362,0.82764944800245299,-4.4811588397876703,-12.157033416443028,6.2016122524161483,,0.1766749960887186,0.4571428571428571,False,2
-0.76726477941107341,-0.64123383010246504,-0.011132538228111888,0.60891140990744486,-0.73381916569598138,0.30122471170503617,-0.2013247455227628,0.22434038243120072,0.95348819586338751,-19.316071527462814,-10.320910326653962,7.516879419179145,,0.2552354908021167,0.375,False,1
-0.8392542525587573,0.49135461455310242,0.23285820217337155,-0.39189696333003243,-0.84347779896443653,0.3673717092902094,0.37692050845601632,0.2170618469733526,0.90045271108136271,-7.7642239014534384,15.265762655302186,-10.189586248440801,,0.2521217123057454,0.2580645161290323,False,4
0.19635547872145109,0.95090239483393613,0.23922617222025411,-0.88680637248750716,0.068125660146766867,0.45709227968224975,0.41835270250306567,-0.30189986738760283,0.85664314996369928,-12.059564946474403,16.01759103797459,-9.7951303746851561,0.4806325172481798,0.4957711149880796,0.9586776859504132,True,4
0.78547354058722718,-0.60968156919418559,0.10639408452673157,0.46734634320543589,0.69700415682532713,0.54384979623120422,-0.40573231634893575,-0.37745673865110796,0.83241077474825886,-14.029971609681786,19.636444072486611,-11.50125663811232,,0.1608326613724561,0.5882352941176471,True,3
-0.96176267663312798,-0.25077915490552305,0.11010163168796798,0.27015776603188613,-0.9347340669220745,0.23083978337361985,0.045025940169440282,0.25175789878411098,0.966742274399784,3.723992934708769,-0.91208320206623417,-2.0788126418549391,,0.3469492945396051,0.3361547762998791,False,2
0.4678030817136361,-0.88336600214676997,0.028719035332981507,0.73407888123333231,0.40643138665431,0.54400526106782587,-0.49222806997005325,-0.23340530026862449,0.83859018175749511,8.9671260254254737,0.97685087368356993,-4.1457374579442243,0.3370770649793725,0.3303551548594063,0.4615384615384616,True,5
0.21912134005849462,-0.97556577984836168,-0.01603893761532324,0.85583921982568079,0.18428385372666206,0.48329979418971558,-0.4685350233858091,-0.11962805040837615,0.87530798089378303,-7.5972168693175721,-12.177937084753555,6.7301701726920822,,0.3661111503897773,0.5454545454545454,False,2
-0.42535748969392739,-0.90424795480855291,-0.037505228779864869,0.821630219177511,-0.40320617823108001,0.40292500638531037,-0.37946645292515152,0.14057173990826233,0.91446421310162174,-1.0189002919965731,-1.1593072095277179,-1.0390442161788376,,0.3379245136724964,0.2091503267973856,False,1
-0.46645804260608092,0.8227648702793191,0.32476893743453872,-0.70513246762414106,-0.56755038703877836,0.42505853864429466,0.53404596954793526,-0.030733148331867688,0.84489666587294443,-1.2606863941377522,-8.8808258695233846,3.8749561229927569,,0.2514636792273827,0.3658536585365854,False,3
-0.27412728390287106,0.90634031597695963,0.3215609799941852,-0.81253029403962851,-0.39714277586782015,0.42669911746320532,0.51444023315435827,-0.14430816751240566,0.8452966339110205,-0.15127537135915325,11.338502386937499,-9.2127521332393307,,0.4432002416648377,0.3108108108108108,False,3
0.65085087938708786,-0.7544636091216208,-0.08472187033012131,0.60679141012198456,0.44987249671595037,0.65530063428989027,-0.45628644227418103,-0.47791149725627752,0.75060194736427044,-3.0174454280070293,-3.3654555142526368,0.60019263504800846,,0.3349841212655427,0.1836734693877551,False,3
0.096801138642234705,-0.99527903241680105,0.0070133579005842439,0.86485486085260066,0.087599333144365993,0.49432016597777012,-0.49260086197366176,-0.041785218249247399,0.86925162428301905,-5.8183856745655067,10.583994385009733,-7.5486428381719337,,0.2987436141452015,0.6153846153846154,False,5
-0.32593974290048922,0.86502730928160398,0.3814328750841921,-0.79729287989718212,-0.46832403209928841,0.38078427570413742,0.50802297946374708,-0.18000098653978175,0.84232552922340209,10.508235890900149,2.2119435399417089,-5.0575402361347717,,0.498747943640375,0.3,False,4
0.97833478847596089,0.12151314621588345,0.16761741244398298,-0.19361414996073456,0.82371466676731542,0.53292373627696021,-0.073311681147557872,-0.55383093363329772,0.82939537878998981,6.7399678688061684,4.0016581150608603,-5.6727405128954658,,0.2858106320052692,0.8695652173913043,False,4
-0.93617624075941375,0.2381521545322639,0.25856836142345957,-0.20124029801027418,-0.96617455623867143,0.16127327532403762,0.28822974984256594,0.098945834518930256,0.95243547452677579,-13.134929440202873,-12.245461403020448,7.6853228739035266,,0.3106072337847087,0.2222222222222222,False,2
0.81963433014440013,-0.5728364154823482,0.0076161634748405926,0.42182350433585558,0.61244863837287344,0.66855934407128914,-0.38763964714481841,-0.54476151337309842,0.74361979365055408,7.2564592357902313,3.0097748606249057,-4.9773471352279577,,0.682790226629559,0.1428571428571428,False,3
-0.59041366381953297,-0.8000395752935886,0.10652879206698203,0.74709209398754506,-0.49179185988190327,0.44720707692880357,-0.30539336711281351,0.34362398711084385,0.88806387540848986,0.88526710403991249,9.0732610639447699,-7.8209543128740053,0.295758803098143,0.2477867820272491,0.6796116504854369,True,3
0.97227839058903953,0.15974266912987453,0.17075424109769932,-0.22775522185942479,0.81230966512212288,0.53691765370953315,-0.052936661297743839,-0.56092360229219207,0.82617336091295013,8.8969332207791503,7.9789757213789763,-8.3643531672942775,0.3702767512502455,0.2566227424594421,0.5263157894736842,True,3
-0.087278716963294159,-0.99181469475850281,0.09319891000618441,0.87700584873239606,-0.032126944423414419,0.47940442293661278,-0.47248615519866083,0.12357779211134386,0.87263128665116885,-12.011387507538846,2.1038479263788927,-1.5073561182617301,0.3420284413066743,0.2847870694600719,0.9223300970873787,True,5
0.19893184985248033,0.90226700546877125,0.38254459865051854,-0.87196020685961839,-0.015221375632924292,0.48934007334079332,0.44733825766147239,-0.43090899336896821,0.78371290831920093,7.7808192312438367,3.9565652068335355,-5.7170332242202697,,0.2547919949822559,0.3137254901960784,False,1
0.66417782967340599,-0.74404813719563745,0.072527099114924665,0.59817182381866374,0.58712546406842669,0.5454119164740433,-0.44839522718220137,-0.3188668358078916,0.83502434770615241,-14.519554607473037,-12.038988354802735,7.7752178383146404,,0.0991863415803627,0.3333333333333333,False,1
0.98672328484064908,-0.059516053602388048,0.1511125359355624,-0.025856931982124978,0.86100075899797135,0.50794597357729765,-0.16033894792517117,-0.50510942613310494,0.84803059461892893,-4.2946303019962375,0.94538320132574072,-1.9744937828514915,0.4246273114523368,0.3863354609362523,0.9157054125998225,True,4
0.90319752461509839,-0.41971042528029257,0.089874303558881846,0.31114134738562738,0.78444558177306567,0.53650367303847302,-0.29567768511711279,-0.45660517753060159,0.83909857488618877,1.7766196542877053,5.2033294542555657,-5.5118042507852927,0.3992308764550259,0.3744242018339899,1.0,True,4
0.83207698350922032,0.5163238043602183,0.20262680613676512,-0.53437672397860914,0.64835198391114968,0.54229256110365764,0.14862506647293505,-0.55950820727623485,0.81539018611119418,-3.2118046225707912,-9.1278537471378236,4.2780145725666578,,0.1218176919911239,0.1363636363636364,False,1
0.38605904882508585,0.83539914306354768,0.39123737371186917,-0.82405427169249346,0.12169997714949293,0.55328444119382969,0.41459976860295694,-0.53600129415002706,0.73539760983013236,1.9333078391866412,7.3614876149670057,-6.949764737962826,,0.4172806689527457,0.5066666666666667,False,3
-0.77289198005484638,-0.63227500267071068,0.053537913338608245,0.60313812460822691,-0.70581389415447326,0.37155235090437805,-0.19713546056194664,0.31946058883100376,0.92686705755074605,-12.663451084844812,-9.8494178160138635,6.1814021704295694,,0.1430686221749669,0.25,False,1
0.50028993991205051,-0.85524411292668634,-0.13515725406740825,0.71711175232240032,0.32178646199310684,0.61822666357821809,-0.48524293988052342,-0.40621543567693719,0.77429213421931531,-4.9284062898656904,9.966598269213172,-7.2811877858593919,,0.3709644700920386,0.1071428571428571,False,1
-0.26275078056387263,-0.91707039888712094,-0.29990650342747172,0.86315700751848157,-0.36231644526207835,0.35169130478928756,-0.431186743401065,-0.16645923518287556,0.88677466999092613,-9.4375018067374885,10.570878723870241,-6.997120902299252,,0.7708317694728719,0.2325581395348837,False,1
0.27889706135324949,-0.95482254353737073,0.10261744257848111,0.81852513036776609,0.29223976475091368,0.4945831890134994,-0.5022280758031693,-0.053942842446025735,0.86305105852660269,-17.374995164941673,12.493038477186369,-6.8767054937683039,,0.2881469592612854,0.8095238095238095,False,1
0.011199916235276355,-0.9916007733477622,-0.12885056527793581,0.87808580213688758,-0.051893142214739701,0.47568101273511076,-0.47837212080339986,-0.11846943946521223,0.87012936161863685,-7.1072324436360867,4.3246795316976634,-3.5584315420620976,,0.2413039931871916,0.2,False,3
-0.98091952175838404,-0.16007498493679648,0.11033082538795476,0.19029749678580479,-0.90672569681058046,0.37634475346472435,0.039796413787671694,0.39015959547453399,0.91988680581296978,-16.004585105062834,-0.42681943707027348,0.7596587109852152,,0.2416687274040029,0.6923076923076923,False,4
0.3426282306497031,0.91404577680208221,0.21708572839348983,-0.83258126103742269,0.18838137883408915,0.52088472801369701,0.43521757700165281,-0.35921132223086399,0.82556216401308324,-0.27334122403880717,2.4273429488124063,-3.4085018243402745,0.2811702823298876,0.3448925066334068,0.4589371980676328,True,2
0.81248334259434807,-0.58297358158470824,0.0035526301541526917,0.466062592747783,0.65318261299516522,0.59677310070245437,-0.3502234681570166,-0.48321245560840542,0.8024021716676526,-10.105266307169579,3.5042041567097573,-2.6034620562492532,,0.5352670244372821,0.3636363636363636,False,2
0.55865017904988967,-0.80042865424275877,-0.21731071513998518,0.67992765734737992,0.29192395881993483,0.67266543172739368,-0.47498248201552656,-0.52354022933679356,0.70731695161670416,-5.8625176343218293,4.8379198384230699,-3.9495863775721616,,0.7779693259181986,0.4736842105263158,False,1
-0.14473144661011125,0.96936860530321467,0.19843718254058315,-0.85477506236006384,-0.22350825587951589,0.46840543583635541,0.49840987262442316,-0.10182615875204699,0.86094078325068846,5.4010290661426001,-1.2821989228096875,-2.2565232089853957,0.5207623162622329,0.3707130731121425,0.5945945945945946,True,3
-0.48756074114307524,-0.86420664717457507,-0.12422316480952475,0.79291365449625639,-0.49784203121346832,0.35134206760739528,-0.36547566295090933,0.072802355295191148,0.92796948056176165,6.3451778285814999,0.76868121693077129,-3.6788319192846566,,0.3101723356413944,0.3823529411764706,False,3
-0.89034473762024335,0.40623074226917955,0.20557926020727843,-0.31304041874539484,-0.87408249373150415,0.37146398261988167,0.33059332180739581,0.26637638444041434,0.90540139020702015,7.4078199638032958,4.8730241257554532,-6.3250136390313054,,0.330539815233709,0.1875,False,1
-0.90778257563476394,-0.40332142063499277,0.11516347958830173,0.41903945989505803,-0.86004774267398165,0.29107354976405342,-0.0183501069417083,0.31248953899028359,0.94974394528044648,18.528124875329706,-6.7012662996393173,-0.57643469709181783,,0.2634814496094583,0.3571428571428572,False,2
0.95313249592138827,-0.26374934644591225,0.14823875157332178,0.16188753181942583,0.85850571227288597,0.48658028015553378,-0.25559904589038918,-0.43977747127857453,0.86096742301654094,-3.127997516206749,9.2190746064649645,-7.2680263440157287,,0.2612660619494364,0.6981132075471698,True,2
0.72796289063959974,-0.67016524145601519,0.14473623940064423,0.53708739577555276,0.68862274757746533,0.48717126435977243,-0.42615391486020004,-0.27690659194584932,0.86122911015958015,4.0625330172959968,3.4678469007946866,-4.8937669850880692,0.383565435016101,0.3464222438731271,0.946236559139785,True,2
-0.75226493348976908,-0.65886073270137369,-6.8890073621000192e-05,0.62375680848092196,-0.71221812464964596,0.32198258771901989,-0.21219074842067909,0.24217323928285434,0.94674558803298436,5.2188702992399536,4.792584570087902,-6.0598684258870135,,0.1981285035537913,0.3333333333333333,False,1
0.15230539423217354,0.97065601232831422,0.18609130183508682,-0.87592579580834073,0.045357892250831248,0.48030892334838754,0.4577740350055991,-0.23615581157671553,0.8571308917156325,-5.3177460587077174,3.0331938105845784,-2.9290991699053213,,0.9272128298296058,0.6013513513513513,False,1
-0.3716907798587063,-0.92833173282568959,-0.0067939676830735402,0.83856187410591276,-0.33887021191075933,0.42659226759932767,-0.39832141225900219,0.15286325035275494,0.90441853100629488,29.897445617141273,-6.9935714140623624,-2.3286508446022665,,0.2246294988955375,0.1666666666666667,False,1
-0.91093101318175174,-0.40826531792036758,0.059364294041521742,0.40748959874667368,-0.86788764402514307,0.2841183983161979,-0.064474150920676085,0.28300259280061008,0.95694964148130068,-3.6867043686701528,3.5217511184809642,-3.6766596345348881,,0.5101360993875553,0.4842105263157895,False,1
0.41668922310596146,0.82391916275608246,0.38409283329771443,-0.82459521402223201,0.16473196150363328,0.541208013494622,0.38263928752675108,-0.54223665875932903,0.74804183140954028,30.27561382740544,-5.6705937300051144,-3.1895065981366972,,0.4552625621032352,0.375,False,1
0.94519392847697103,-0.32622094262462448,0.013723489475013229,0.18468138990533531,0.56881269721178673,0.80146422235386472,-0.26926050915962929,-0.7550046437497937,0.59788524494533501,9.2593931117074497,-6.2904251015566306,0.73157326153691349,,0.4085613445413193,0.2777777777777778,False,1
-0.34181598786087586,-0.93966593807427867,0.013775168444661368,0.84656532166454046,-0.30151895265617301,0.43864960657013879,-0.40803061968154625,0.16159902849989455,0.89855259578401048,15.906511831531139,-6.2377177364834697,-0.46850712085634882,,0.6735288306280058,0.2727272727272727,False,1
0.95249304181608607,-0.3011768546856618,0.045271486540553095,0.16191642282637986,0.62665589157227097,0.76228962053596894,-0.25795363403342214,-0.71874536225245611,0.64565085528444632,12.663410710883845,-6.5922938350299258,0.27365858556137168,,0.6485536054483154,0.303030303030303,False,1
0.26316112381823364,-0.96043400673379065,0.091174237699039082,0.82367684805720554,0.27287781244885589,0.49708565604699767,-0.50229739486211877,-0.055715511147288913,0.86289808722254369,27.269873375652022,-8.0018276844576981,-1.2508099751570563,,0.1525191063335263,0.3846153846153846,False,1
