axis_00,axis_01,axis_02,axis_10,axis_11,axis_12,axis_20,axis_21,axis_22,location_x,location_y,location_z,dbh,dbh_approximation,score,reconstructed,number_clusters
0.86275853706469507,-0.48803276849854121,-0.13218064757609835,0.50034060558814686,0.78640015677377506,0.36226243501896316,-0.072849057109024618,-0.37868035372571324,0.92265605974300879,13.907895106743393,5.4105597756325077,-2.6039549796675385,,0.2145193471399939,0.4615384615384616,False,1
-0.17649007306667847,-0.9626532731012104,-0.20530448094584733,0.95489689020729962,-0.21805362144351079,0.20155532056434952,-0.23879527462105712,-0.1604720971474336,0.9577189164132438,2.2604789826728582,27.723083277630799,-7.4785722910946868,,0.4164655509957155,0.8787878787878788,False,5
-0.56177229676727358,-0.76288760563445335,-0.3200224800762505,0.80752854682676001,-0.58971122163808554,-0.011761000551784445,-0.17974852612659914,-0.26503429258012728,0.9473369469791979,-11.422152917570308,12.415696339399458,-5.7458013517037516,,0.5947649396088516,0.2307692307692308,False,1
0.8927286622024847,0.45056015790623682,0.0055749250820959634,-0.43349742021994692,0.85541368496370762,0.28345619456886684,0.12294520057657721,-0.2554661850114795,0.95896898071359304,-12.966672921556103,-8.0985717339330936,-1.91608264183034,,0.178700267552098,0.28125,False,5
-0.98621253546090526,-0.15143406676987736,-0.066727492994342774,0.15338065878412777,-0.98784949081525941,-0.025055079464668395,-0.062122527401263089,-0.03494434027951069,0.9974566079142041,-7.578324713500094,17.646746821186962,-6.3121192588720501,,0.3308282373420036,0.4285714285714285,False,1
0.1461545024451997,-0.98207128563113821,-0.11905818474089447,0.97064893164983135,0.11912628300433642,0.20892481945572988,-0.19099610703371597,-0.14609900285892302,0.97065728682248664,4.9281922497958464,11.771383754623326,-4.1909400691563601,0.3039927974657672,0.223122156343058,0.8220858895705522,True,5
-0.39439829385244696,-0.91660296609830649,-0.065490368345772182,0.8976260423675515,-0.3995312520156783,0.18612433136575832,-0.1967675630530725,0.014621258583673927,0.98034113701689762,-6.692768253161451,10.31469769279636,-4.8726412513059145,0.5553765985608468,0.2576778011781925,0.9428571428571428,True,5
0.12411654641060238,-0.98564849830015611,-0.11442080538849643,0.97968659064207164,0.10342106095705515,0.17180881312270091,-0.15750957756028319,-0.13342084525727022,0.97846288178326757,6.7749328931081587,-9.4868728543548766,-0.19837883307853085,,0.2469082889338134,0.6712328767123288,False,5
-0.69910580766741637,-0.71027410287986381,-0.082229973026225534,0.69645869843815533,-0.70247368927960596,0.14654691139607939,-0.16185286854276032,0.045182016866271726,0.9857800131349671,7.3794273274091644,13.777585672789771,-4.4970965813975807,,0.3197454712162447,1.0,False,1
-0.35411181281496829,-0.92595792443695268,-0.13117448760069769,0.91501647891875248,-0.37202862606066328,0.15601136079959488,-0.19326062023087667,-0.064781351975887413,0.97900649083862101,-10.669985995989688,-18.444360925616134,0.32612512395335957,0.470441647483781,0.4060868229804456,0.3888888888888889,True,5
-0.18838770419063552,0.98207905574321763,-0.0055498811060995384,-0.96423172417663261,-0.18388531890890131,0.19090147087209833,0.1864597945969601,0.04131486125211975,0.98159351426065256,-2.7651728806973939,14.655697312983543,-5.2902571623979116,0.3356505788947016,0.3396088037659585,0.9299363057324841,True,5
0.063937810586233948,-0.92770041810523796,-0.36780958473754571,0.9783841098620506,-0.014360402475836836,0.20629666117069151,-0.19666339249306664,-0.37304921000867841,0.90672917509310302,11.076365292630802,-7.1659991332699144,-0.38655550636308755,,0.3065893802802502,0.2083333333333333,False,3
-0.60073475608675564,-0.79391225220342265,-0.093920650714706552,0.77988549770506055,-0.60780676751392182,0.14949763822082968,-0.17577361377270134,0.016561073804714097,0.98429130217416783,6.7388362246657696,16.449426409216677,-5.0676902577119032,,0.1606572584155178,0.6136363636363636,False,3
-0.98760998323414573,0.15416008851737528,-0.029346006961191211,-0.15664993746988448,-0.97960166208776356,0.12586254695330501,-0.0093444158154781867,0.1289001580418217,0.99161354929723589,-6.1930525820915694,-9.5729594833085851,-0.97080274255495502,0.2134606777772629,0.2651961822461469,0.8282828282828283,True,5
0.9881826684620737,0.15233536705732686,0.016998520367526727,-0.14116176787059775,0.86122060605230044,0.48823398386691219,0.059735827129313288,-0.48486390219773878,0.87254720634631511,-12.79856796037682,-6.5029744600377377,-2.2978189377196823,,0.70493258009209,0.4054054054054054,False,1
-0.52274995303130922,0.85221937991606345,-0.021321704932863932,-0.83893427988505498,-0.50983705453494743,0.19040864438589067,0.15139934160856738,0.11742361908325344,0.98147334810573561,-2.9005420663998693,11.529495847189086,-4.768693916589668,0.4911823746202569,0.4095264297366363,0.9748603351955307,True,5
-0.92594148034862467,0.37705480589244766,-0.021495309330350154,-0.3745135724279422,-0.90938189332480324,0.18100871846476826,0.048702762109137716,0.17565376581902797,0.98324655886330747,-3.6169854415090552,1.0313449021622527,-2.8025814476245978,0.5344403104718449,0.4842868730990316,1.0,True,5
-0.46593703257025637,-0.81625640420900447,-0.34150865913971967,0.86458496058748313,-0.50207121079346484,0.020429028814980404,-0.18813699159272979,-0.28574460953825476,0.93965658115838591,10.455650283719532,-3.0054169908997674,-1.2151146295096025,,0.7524120963581948,0.4571428571428571,False,1
-0.022431473476604156,-0.99755404005357706,-0.066202463477227719,0.98032813997794077,-0.034936022048057687,0.19425810750351577,-0.19609581067697052,-0.060542642296507784,0.97871396306515313,5.3473531416532349,4.2786565029890458,-2.8502059317776247,0.2617322353751638,0.2067298404589568,0.8308823529411765,True,5
0.85389748618050609,-0.51990018670692562,-0.023725070215216661,0.50834160367928927,0.82340567254409969,0.25217436902065976,-0.11157014413982566,-0.22739150002650355,0.96739092855593589,2.8935291667465899,-23.109306624481153,2.1249611299383018,,0.1777930170017406,0.7647058823529411,False,4
-0.069126710927563256,-0.99565681553481078,-0.062361875496304349,0.97734765059485695,-0.080124687621318108,0.19588671294985588,-0.20003266661485605,-0.04740822832236679,0.97864160558106428,4.0836874550211659,16.451598813287529,-5.1500391876879617,0.1255248456344386,0.1257502125718847,0.3333333333333333,True,5
-0.11512161642580949,-0.97253345766547561,-0.20230098159115228,0.97218651314747973,-0.15212338841368261,0.17807823660314409,-0.20396175397768643,-0.17617363145140305,0.96299660149741506,-10.966197893754169,-7.7249296369707343,-1.8283516985649775,,0.2184084499978769,0.2941176470588235,False,4
-0.85767158185638537,-0.51108977789163235,-0.056450833569110348,0.49851356703165733,-0.85339260114813353,0.15233283228180367,-0.12603047711303378,0.1025100348273504,0.98671577042143011,8.6018493147521955,11.256866050278754,-3.9136065437905656,0.1603100641565558,0.09248046128322525,0.3414634146341464,True,5
-0.064562644578227468,-0.99414643098973898,-0.086628740470067966,0.97794976269978806,-0.080309524259989065,0.19278133195038208,-0.19860998605431363,-0.072272083569654644,0.97741026154630017,0.40633864274480824,-21.926008190906362,1.770105132081615,0.4627190057836676,0.3098204496003834,0.8163265306122449,True,4
0.38644182710000791,-0.92079845626743384,-0.052848057704303342,0.90609663355393,0.36832539925674379,0.20814728180928666,-0.17219641381237277,-0.12832226306401412,0.97666872166169383,2.8658496864927545,-8.2828404507132873,-0.66292869297145873,,0.3995546424453454,0.9644670050761421,False,5
0.98620873885128735,-0.14695540223012787,-0.076134310062776753,0.16496364605982106,0.91001706154817907,0.38033661823425269,0.013391000410864877,-0.38765068998597041,0.92170907756265341,11.131492506322004,8.8964639506662184,-3.4418541608103421,,0.3421553482805579,0.3580246913580247,False,3
0.55634765318692048,-0.82435474948971099,-0.10448222713534347,0.81759337578363778,0.52060711867746401,0.24598638144633966,-0.14838585063314239,-0.22227792282659198,0.96362553118717964,5.0578358819518714,-11.044000851393147,0.018344242878844091,,0.1575022233907257,0.3809523809523809,False,5
-0.39170424789979685,-0.85621946399460103,-0.33683231978842643,0.89908171209045218,-0.43397437168241743,0.057604858365873451,-0.19549899529602652,-0.28027571104119831,0.93980086648108341,7.6193095026262601,-6.2436252804961301,-0.73613773402662164,,0.4400881928146754,0.4313725490196079,False,3
-0.94781115502349877,-0.31623907623177694,-0.040581536159864241,0.30576727199789527,-0.93764184962369168,0.1653303880393073,-0.090334875812097565,0.14429348044293339,0.98540296412872552,-3.8730794949604732,7.878243463462705,-4.1587341915087137,0.4460642885617624,0.3653073210120404,0.8883116883116883,True,4
-0.92109835275916285,0.38912508612957658,-0.012629009818909836,-0.38622478014667749,-0.90918238263735163,0.15562073866461035,0.049073860098907886,0.14821964257991541,0.98773614584486835,14.0168175443861,4.0492212434631467,-2.3353573697327885,,0.3863833288415546,0.9020979020979021,True,5
-0.39375884630739849,0.89236632983251396,0.22053640138515915,-0.90784304674634753,-0.41514966966161254,0.058921594124428239,0.14413526088010656,-0.17701153962695049,0.97359742265985938,2.4238127359663824,25.634361295913404,-7.1337363651488879,,0.2563393403411771,0.25,False,3
-0.88220435782743767,0.47019961278682648,0.025055840943724254,-0.46378877744876218,-0.87690382498040198,0.12625233323516585,0.081335360962260669,0.099759740726704585,0.99168167936454277,-11.805240940802701,0.050652747702788603,-3.5043950848715086,0.3841252461247529,0.2914470160889323,0.3333333333333333,True,4
-0.68172379448766229,-0.7286666564620573,-0.065555867698846207,0.71257906135253157,-0.68162428655537444,0.16619089415434482,-0.16578223472763071,0.066582548301202887,0.9839120971460964,-9.16794575344829,9.5169698847633395,-4.9426045510469336,0.3843203592450869,0.3658938452907649,0.7659574468085106,True,5
-0.20936145861458544,-0.9749191037703091,-0.075501793028197428,0.95760415297594725,-0.22004339700767628,0.18594404974761303,-0.19789407734945946,-0.033371313085068917,0.97965518914207084,0.78678637585558742,-15.727549324812147,0.64597153240463823,0.3663059518380714,0.3906094415098058,0.9495798319327731,True,5
0.21040659260138911,0.92370951815404967,0.3201402690407541,-0.95751610405942944,0.12865844392517478,0.25808896774872919,0.19721048718748441,-0.36084308345646049,0.91153732390117148,3.2536218995653474,20.925394975664073,-6.1669697692639378,,0.4513953585732695,0.3636363636363636,False,4
-0.85573693225294556,0.50782766054235784,0.099123004224008465,-0.49557196112120311,-0.85950743754378101,0.12512152555578776,0.14873713096870547,0.057948528842401169,0.98717740749887462,-8.7277758503724829,-12.238485970240211,-0.64759234314457215,0.2946710118401862,0.3575767966285148,0.4117647058823529,True,4
-0.6242138173263464,-0.7710042229711157,-0.12613325659625618,0.75672623835763664,-0.63682181473729305,0.14772737206016401,-0.19422283707116417,-0.003234877958619084,0.98095210134064159,-9.991879693756065,5.2349899617159963,-4.2348023845685896,0.2052232395640938,0.2786488884873682,0.6309523809523809,True,5
0.74671823340097221,0.66513922434944717,-0.0013008221815724169,-0.64671145910061112,0.72648471214367627,0.23234511333247232,0.1554868758914747,-0.17265507595589713,0.97263253912881886,-4.0277962667185925,-25.067754247337248,1.9876197053410523,,0.2954671594049586,0.5238095238095238,False,5
-0.85953462924949553,-0.50835726396743719,-0.05266035788402898,0.49515763793784467,-0.85384503382696653,0.16052280772787778,-0.12656672039974376,0.1118997336036521,0.985626356641646,-7.9348908794713742,-2.2228210848189587,-2.5906487989430445,0.3979533213814856,0.3339755003839316,0.5689655172413793,True,5
-0.1974824571641717,0.93538698668607201,0.29334598045780569,-0.95521958921765093,-0.25087469277358077,0.15689941013472214,0.22035474918245665,-0.24922494591054015,0.94304332395103951,-3.1630354379187806,-18.10224187798465,0.78462565907746584,,0.3785990187973226,0.1764705882352941,False,4
-0.84502117100102336,-0.5320901231467946,-0.053097282507549373,0.51890551060912293,-0.8399370805831281,0.15887973980648223,-0.12913671677545052,0.1067042712880748,0.98586911244309516,1.3501337611217903,-13.333055762530654,0.20830392943074386,0.3477654109947824,0.2700215159661704,0.900990099009901,True,5
-0.56365933096663368,0.82588582084497986,-0.014169316901658062,-0.81316775285723863,-0.55180326574379568,0.18512525929108062,0.1450736513890602,0.11586961138147851,0.98261277664752023,8.3993024334133501,24.405323028149649,-6.6038352981493524,,0.121654888871642,0.5263157894736842,False,1
-0.43404011377246354,-0.89096010871587961,-0.13341388351057837,0.88109426006198033,-0.45069713382295262,0.14333526589644968,-0.18783525899632736,-0.055336951856446957,0.98064047297519741,-1.5680922456890407,-20.72316007656579,1.3701942503779854,0.4072253685261806,0.3565386817098201,0.8055555555555556,True,5
-0.22463752581801189,0.95426311740040271,0.19728123266957606,-0.95770082688785152,-0.25357336389025265,0.13605026756205607,0.17985301824736646,-0.15837440416508886,0.97086066968060125,-14.287114971755418,-7.25077412937208,-2.2798998408284534,,0.3658657361271336,0.2222222222222222,False,5
-0.99867952328312415,0.023584444649110775,-0.045639716756191648,-0.025543365335484996,-0.99875599518698388,0.042825209461200803,-0.044572931946757974,0.043934451728123373,0.99803958723540576,-10.492291124969688,-2.0464377744789672,-2.9059343011667171,,0.347479978714815,0.2777777777777778,False,3
-0.35414434271991535,-0.93278939026928887,-0.0669756516991655,0.9143766854400962,-0.36039873813427592,0.184466871483216,-0.19620668093381224,0.004086924549149322,0.98055404512177047,7.6160712804943991,1.8843305555388716,-2.2653151209854552,0.3771440263599823,0.2770401356611246,0.9296875,True,5
0.47400650167566433,0.87913294741721471,0.049427696028843601,-0.84284645896641486,0.43676527724909214,0.31439774044560148,0.25480911085943214,-0.19068653165613214,0.94800367281355036,-3.8451707699827944,20.473967785846309,-6.5653032088569567,,0.5113922927237656,0.2794117647058824,False,2
-0.20623636720127231,-0.97517899061978208,-0.080576033021021218,0.95812851595602821,-0.21797272987139404,0.18568154443646562,-0.19863611896007435,-0.03890790775915668,0.97930070303165007,-8.5088625823185478,-8.6636032833133534,-1.3340691303518324,0.273272535876402,0.3019697918085767,0.6481481481481481,True,5
-0.20097961825301625,-0.97750918297013634,-0.063898280539681454,0.96257173621622361,-0.20917416582750753,0.17234216253735063,-0.18183191602289209,-0.026869416804656515,0.98296245541527205,3.5250527712537205,-17.555820065787962,1.1541708216730577,,0.2173577748177684,0.6911764705882353,False,4
-0.60633767785760495,0.79512189446431436,0.011653040535662268,-0.78319305134990447,-0.59965049317240238,0.16440173464814659,0.13770717021082177,0.090556385647689919,0.98632463027694572,9.6117747513849316,24.089523471584517,-6.4341548621781577,,0.1848172474022719,0.7916666666666666,False,1
-0.35186158599057621,-0.93181971270013364,-0.088912582504598991,0.91384669109732175,-0.36252818062991776,0.18291403286691335,-0.20267621832536969,-0.016892047614260913,0.97910010175299489,-0.95319791853875824,-17.490937769345916,0.8751549940446518,0.4275326579165282,0.236975784890809,0.6326530612244898,True,5
0.080551763471012741,-0.99141636767736818,-0.10298057731010858,0.97945542340519476,0.059567693463681029,0.19266230419458658,-0.18487424635102773,-0.11638417330904643,0.97584642092867735,8.0725645207686245,22.432327083451543,-6.2398789078562347,,0.1332805482053709,0.2608695652173913,False,5
0.96798143960679428,-0.24364745838729582,-0.060397422115255631,0.25093421155244056,0.93286240105460339,0.25845649957235484,-0.0066297850125356869,-0.2653368740300725,0.96413297279505816,-10.37708369066719,14.062909380577528,-5.9341640406050375,0.3109292063116091,0.3255222396320193,0.9183673469387755,True,2
0.93848716172384528,0.34490631161231461,-0.016777469699254949,-0.332079206063562,0.91477399608183096,0.23002594852031835,0.094684994480196433,-0.21030495073218486,0.9730398653281469,-5.3163990476735359,-27.024738132878927,2.2921738529914206,,0.4128330820516363,0.813953488372093,False,5
-0.50461524098865984,0.86304455164608596,-0.022749954636513157,-0.84930094085745367,-0.4915011506191902,0.19265131922376216,0.15508504254311817,0.11653634975413694,0.98100352128082624,-5.4607077631107721,-7.0967405734899751,-1.3692486063412108,0.3315700757858381,0.3497699861947293,0.9835526315789473,True,5
-0.57016291663330421,0.82143395021381305,-0.01266940931278409,-0.80934488480316569,-0.55899176561356934,0.18024722860331316,0.1409790975256775,0.1130242071963143,0.98353974126544097,7.959605089244957,6.3165860413892769,-3.0728544891345493,0.4752784769894278,0.3695110718142428,0.9116022099447514,True,5
-0.99837184993806793,-0.042999319546738517,-0.037479431289132947,0.042080358246639041,-0.99880208481510713,0.024972761537902954,-0.038508345862603363,0.023354954239131455,0.99898531190974649,-13.753964325634648,5.1625323967810113,-4.6370577711765888,0.4498757166407686,0.3718880290704873,0.5769230769230769,True,3
0.59559926888093984,0.80327612319642416,-0.0029968001288893861,-0.78427851056437659,0.58231183308266921,0.21405641059969288,0.17369147582829927,-0.12514151571091087,0.97681670351717609,9.0429524220425801,12.876097277641151,-4.2365307551066982,0.3191629700639121,0.3174178965642372,0.8541666666666666,True,5
-0.88439237525086833,-0.46298320854729436,-0.05913269147754667,0.45004955257815127,-0.87946880019333706,0.15488715153522919,-0.12371550760649218,0.11036837449987084,0.98616088701992377,4.6518913448423822,-20.013821759976544,1.6609638016270953,,0.1473903423591443,0.85,False,5
-0.21910236091206267,-0.96161613773588084,-0.16519249101786532,0.95486946056099353,-0.24612788158699309,0.16626899648899071,-0.20054542809726958,-0.1213073351097386,0.97214508264860144,-7.7385436844966282,2.7916509728974104,-3.5381851507001696,0.5085450171302809,0.2604292055393428,0.7368421052631579,True,4
-0.94520268955949194,0.32637543831818921,0.0084231177192912177,-0.32460285745918976,-0.94220908524732505,0.0829157681429087,0.034998008212355061,0.075638038975171448,0.99652096138573965,-8.4582201955956169,-10.063174865483994,-1.1138787498692981,,0.1522604175259716,0.2380952380952381,False,1
0.97576257800590738,-0.21573148825301092,-0.036705807979189348,0.20956837003458487,0.87293110078290193,0.44053648153926728,-0.062995949427811643,-0.43755138928140874,0.89698399767977821,-4.0913102009509661,16.539556861610425,-5.830991066434982,,0.2118885204523721,0.5925925925925926,False,2
-0.59737577354499238,-0.7966879070927757,-0.09181810210222463,0.78244360458121398,-0.60411001337349035,0.15110624537668127,-0.17585275326669905,0.018424723444703826,0.98424404429719936,5.2749450067949821,2.7321666706257086,-2.5882116326528068,,0.158290478821231,0.5308219178082192,False,1
-0.82943557874617402,-0.55593681412023532,-0.054505774151375454,0.54247950495592401,-0.82492580775506685,0.15878727405691143,-0.13323891103117472,0.10213554917604419,0.9858071424886985,-3.3400302690758212,-28.076383728893155,2.6332756619449786,0.2587413082977618,0.2604675135943963,0.9090909090909091,True,5
-0.51314877539483583,0.80931613841996153,0.28580714197476026,-0.84455763366059944,-0.53546465490115946,-8.2323689151647672e-05,0.15297299675559711,-0.24142284780977669,0.95828715467704584,-5.1078729899344193,7.9049744627700225,-4.237428233713799,,0.5038607631782107,0.25,False,1
0.476866366712765,0.86661186001780677,0.14690933385814034,-0.85878346038568143,0.42373869211277593,0.28798695973003269,0.18732174584430938,-0.26349460124076535,0.94629866250080308,-12.734952392148278,4.2389468024422765,-4.3813435803358614,,0.3227051669125836,0.3333333333333333,False,1
-0.092051021876571243,-0.99269288179327964,-0.078022123839537577,0.97573013303482803,-0.10555721764525697,0.19185510493814936,-0.19868899531507891,-0.058468078811818355,0.97831700736557714,2.1363412829503972,-10.811085263195395,-0.20129468517851495,,0.2919873038552162,0.875,False,5
-0.0060471042406769152,-0.97176376287755051,-0.2358784044552743,0.97909761852499999,-0.053709800265101679,0.19617112619892893,-0.20330097375314163,-0.22976171681449997,0.95177637476325161,-7.6467600531952495,-25.08245601126584,1.7312409482455511,,0.3228510457570458,0.2105263157894737,False,4
-0.99958084109366441,-0.0066821512357057491,-0.028168971819108962,0.0027501662757950995,-0.99051506926791155,0.13737661423488284,-0.028819762385177236,0.13724156224718329,0.99011826308174666,8.6046223459663089,1.0935382613271549,-2.0387107961566087,0.3567364381986902,0.1523082527487252,0.6470588235294118,True,4
-0.13628237123421952,0.99065777179373882,-0.0049289426293651906,-0.97180537311671977,-0.13271926040303092,0.19488436237817161,0.19240954257066464,0.031349275952367292,0.980813841065169,9.4602741342734689,8.1571792518210984,-3.3461673332972359,0.1781759890123731,0.1643981641185696,0.7096774193548387,True,5
0.93972939453011217,-0.3385193799916949,-0.048096719494222478,0.33996460925118049,0.91004839956143013,0.23714125518848536,-0.036506568076986198,-0.23919979060550325,0.9702838402557894,5.8803722034668704,-10.558938931079393,-0.043390226329265959,,0.07323465466210173,0.3214285714285715,False,4
-0.80961768195236772,-0.58256658549200502,-0.071661583419995942,0.57068364128131199,-0.80983151227325056,0.13598934996212952,-0.13725665974362614,0.069203288920440809,0.98811513203604784,1.1520174867644695,32.721304562649813,-8.6147819453901064,,0.275372158281215,0.5217391304347826,False,2
-0.30662668189255338,-0.9429764797002852,-0.1295200242573353,0.92925927308707679,-0.32602865460404196,0.17373117094740514,-0.2060516472470944,-0.067087071102681084,0.97623872262762823,-6.5213037388480766,13.249019074170473,-5.4191164786408503,0.2993606770551367,0.1972789029957219,0.3636363636363636,True,2
0.64552461224722846,-0.75627926420791802,-0.10648779043719729,0.74641268851351206,0.5951862830233341,0.29769344454807806,-0.16175930702465785,-0.27165228331453156,0.94870383342795905,4.3867312343446763,14.210705894518068,-4.6876610300072619,,0.1937603846526572,0.2608695652173913,False,5
0.20887480613284415,0.92922433218878464,0.30481708585851186,-0.96219225418829279,0.13955805452645614,0.23390086660130999,0.17480669707714253,-0.3421486371229604,0.92324261641882732,-8.5710230353522316,-4.2695014809260883,-2.293516335331478,,0.2385762151478623,0.4358974358974359,False,2
-0.46720216265431463,-0.88075874712875379,-0.077370333896905882,0.86381860443673497,-0.47336588330883711,0.17245915211497104,-0.18851938319467759,0.01373935498601439,0.98197335619886639,9.0658007556228561,2.6757791072344856,-2.3560447469591752,,0.1476615269725175,0.6470588235294118,False,5
-0.72751766365232173,-0.6807738339391004,-0.08523518110338496,0.6673529935606437,-0.73100292721137439,0.14238926361931634,-0.15924205179385315,0.046708751131471979,0.98613399774484156,-14.648159419237615,8.0334398339379494,-5.2147548822461083,0.4523720029553212,0.3818113578017209,0.9782608695652174,True,5
0.14534695649195137,-0.98463767879114195,-0.096762098692191212,0.97158718201134331,0.123583878011783,0.2018548311208434,-0.18679563696666546,-0.12335180015046102,0.97462388817936185,8.1002348698745514,7.852520219815073,-3.3576317623119798,0.3022151309039492,0.1910610320931122,0.6627906976744186,True,5
0.26205732848251578,-0.96078896021834681,-0.090611977746629824,0.94949181713276964,0.23989988800152823,0.20227044503527067,-0.17260140725532638,-0.13904178386155414,0.97512877947175725,3.3503617924801383,19.800886435627298,-5.9374930329170059,0.231934585181847,0.213267758159654,0.5217391304347826,True,5
0.77061609651404506,0.63688998016359477,-0.022846990188486283,-0.61969911489427554,0.75721908830674667,0.20637892165420349,0.14874084439960844,-0.14488065941013697,0.97820537502928107,15.618638119368248,-2.1989728494215575,-1.1262644375298898,,0.1595336198795456,0.4,False,1
0.69390947578372908,-0.64278227238150798,-0.32453133859400213,0.71014443356261325,0.53635855675985888,0.45608593715495716,-0.11909879469408882,-0.54694647718268163,0.82865253767780667,-5.4943091774317834,-4.6696690876322036,-1.9148638053009364,0.3290780843693552,0.2948137884959445,0.264367816091954,True,2
-0.26251158396219509,0.94798689074671882,0.18002367415989343,-0.9476825072846633,-0.28840860262296975,0.1368149966915895,0.18161919962469031,-0.13468976540715344,0.97410119259872185,-11.997560694387047,4.9894996272361904,-4.4308897976420916,,0.2963685567814857,0.375,False,1
0.89178368311682854,-0.38597876199706188,-0.23609798350218877,0.44837970531478927,0.68394761826462047,0.57547484335284005,-0.060642414104380614,-0.61906061961440295,0.78299836963701575,12.121706809487112,7.3702789381284282,-3.08370011545512,,0.1460797765389764,0.1666666666666667,False,3
0.97338563045400461,-0.21035598503133787,-0.090943795759550361,0.22863349461355442,0.86413490829858508,0.44832754254070661,-0.015720673218825115,-0.4571883854838078,0.88923092648212332,-4.8479515440005638,11.545107731693465,-4.9380529318745268,,0.7290220651742336,0.4838709677419355,False,2
-0.13925443466507381,-0.98705606714548133,-0.079552012780353301,0.96948502694996885,-0.15226059098080744,0.19213405464412761,-0.20175972082139693,-0.050368966094908728,0.97813904037646993,4.4421831736895383,-1.1533025068476006,-1.8968271046289036,,0.3114727424363025,0.9215686274509803,False,2
0.29661854600461218,0.92387902719825554,0.24179532929590861,-0.92411042417318412,0.2138030625273166,0.31671465767848533,0.24090944792716096,-0.31738902557767712,0.91718419324707345,-11.713491881447679,-4.1800869816749326,-2.6577201324079449,0.6969819566250155,0.2875772041851897,0.3846153846153846,True,3
-0.22828592062267183,-0.9509978583314086,-0.20853923346587261,0.95317815373713233,-0.26194633829480912,0.15111427163644645,-0.19833543728676284,-0.16427778091700662,0.96626904380366707,9.9922567307819268,25.627881096274741,-6.7372043915975617,,0.2088832378461504,0.1176470588235294,False,1
-0.20211163951157202,-0.92533351142226683,-0.32079398032519513,0.95974883357027985,-0.25236314065958371,0.12326808872095939,-0.19502066976203178,-0.28296773292262234,0.93909328636200995,13.704178997324924,-1.4976306704085052,-1.3351571680315646,,0.2705346584244987,0.4,False,3
0.9092227754873704,0.40837234312345194,0.08090719317157799,-0.41492688844772196,0.8730959555561415,0.25600611249460131,0.033906072879842118,-0.26633715805979513,0.96328339363787285,9.6684176405026481,4.059852639616131,-2.5692833304637537,0.2851215977247615,0.2513413962868677,0.2116788321167883,True,4
-0.83685786835981468,-0.54374516747953838,-0.063325358324410649,0.53172148432897892,-0.83490640717075371,0.1421392077092401,-0.13015825470270398,0.085278860849987564,0.98781898373379817,7.0165768101848442,11.788834660613775,-4.095364902125004,,0.09355974438205059,0.25,False,4
0.91630772081632983,-0.34307857994427582,-0.20658472536903999,0.39727990460683266,0.71368849700769288,0.57690329053879186,-0.050486019529851586,-0.61069289927288239,0.79025650557886074,-5.9631838112722972,-1.396102693105475,-2.5034852833073482,,0.4937412608742816,0.3669064748201439,False,1
0.97387043599111933,0.22703941269535874,0.0054294553515842059,-0.21470469801891293,0.9126435074399496,0.3478271423801127,0.074015312949927248,-0.33990430037093439,0.9375429590361557,11.829122426024844,-15.399302794634474,1.2209587351941449,,0.1421584163685504,0.4285714285714285,False,2
0.45424944183522253,-0.88868159149143722,-0.062469780987571992,0.87567477680984862,0.43250224758703548,0.21479173888021047,-0.16386314366388388,-0.15227223902080469,0.97465995884317513,6.3721287001389024,7.1715102267562871,-3.3427619569495812,0.1695247670198857,0.1843273261793441,0.3783783783783784,True,3
0.57508478890861026,-0.77673314283011585,-0.25683284524216976,0.80546925286596671,0.48264436983416137,0.34390942841818817,-0.14316692443954651,-0.40464804101420576,0.90319609977561655,-6.8403011586256062,-24.325845463088594,1.6741961614620149,,0.4508873536206872,0.15,False,1
-0.75693692323375539,0.65270281147233933,0.03202396198973733,-0.64478883946162735,-0.7539327208441432,0.12582847430639449,0.10627251173819074,0.07459552491035383,0.99153500236361058,6.4667703527866625,-17.215838218787823,1.2539381089894883,,0.1221502781520207,0.35,False,2
-0.55312763633256712,-0.82659120915605211,-0.10390760737830093,0.81353598726816134,-0.56279146185430862,0.14637270197515748,-0.17946870296730141,-0.0035697912860484307,0.98375720645157583,-14.531137166181768,-5.5269075692259158,-2.6499105032476944,0.1647900459591064,0.2307105588748516,0.25,True,4
0.96439297902096199,-0.25327785449913626,-0.076134817497575558,0.26417776646115421,0.90892870278957727,0.32258134005681893,-0.012501588805854821,-0.33120830555040659,0.94347483729655368,8.6789324321275103,-13.070063845512736,0.58635719866434211,,0.3325948475008579,0.5909090909090909,False,4
-0.68897355479418465,0.71432266717936088,0.12271335684442947,-0.71456060250267339,-0.69778683317989332,0.049966796893456594,0.12132018028869197,-0.053260328524517175,0.99118351038552877,9.8353036441881425,-1.9803507792272774,-1.429116793507073,,0.8286156581338584,0.358974358974359,False,1
0.63285816527937044,0.73696140827963874,0.23744141455466308,-0.75634015780760366,0.5228084630426888,0.3932186117905786,0.16565056090094413,-0.42843808616582141,0.8882571125500599,10.715867059526342,5.987985885658853,-2.8917605743219537,,0.3401942868351579,0.2857142857142857,False,2
0.64728468143912676,-0.74381722513327986,-0.16660875357938212,0.75108638383895887,0.5851155099189852,0.30579255070057215,-0.12996840072096072,-0.32307240000853221,0.93740729630548669,10.162404509491896,2.950926637812878,-2.3450564783304717,,0.167774248275943,0.140625,False,1
0.079942682646540864,0.94181578117002029,0.32648461193504963,-0.97662878318530255,0.0084477357230417077,0.21476697980637066,0.19951287513659577,-0.33602331779246974,0.92047973500478042,-9.8868070638870673,-0.69876207900425413,-3.0686875983563424,,0.407273789710984,0.3,False,2
-0.90596282763894109,-0.41884369369730756,-0.061654806677593418,0.41121423914283556,-0.90522532129796385,0.10709793278667018,-0.1006687859400032,0.071673411604271722,0.99233498255698482,5.5966205429852289,26.051233605639585,-7.0267221510172497,,0.2758484698675391,0.6363636363636364,False,2
0.23898734199825325,0.86331603902190512,0.44448899551297993,-0.9505887240187697,0.11459346248047635,0.28852974911627854,0.19815682711674845,-0.49148118491379067,0.84804487896735681,-10.47576649777174,0.37098224164686866,-3.4029019824803948,,0.6429880884124396,0.1818181818181818,False,1
0.78149943513740816,-0.61950842405897433,-0.073945556998892714,0.61063191495756786,0.73516339995386382,0.29438654827204197,-0.12801287948938581,-0.27521643825949021,0.9528213971131182,-4.1567225644614521,-29.427252319491387,2.8450974802088487,,0.182140304988633,0.1764705882352941,False,3
-0.9195813387356766,-0.38974575609656831,-0.0496830660669711,0.37561148371077335,-0.90915889900850622,0.17985024230796051,-0.11526567031728141,0.14672539643277474,0.98243853919110502,2.5522715843867276,-15.688998275516173,0.76611795243665193,,0.0962719916714914,0.3846153846153846,False,3
-0.70217646319287652,0.70933347584979756,0.061597358521180902,-0.7020894601413189,-0.70419015414048691,0.10576680372436489,0.11840018790700427,0.031020103972122525,0.99248130896916376,-2.6745439103521695,-19.403008139613902,1.0829220345729169,,0.7979109660058064,0.6530612244897959,False,1
-0.93940319461570854,0.33946447816919423,0.047806966094050225,-0.34265451129583835,-0.93404748393926806,-0.10071337366672292,0.010465363558484361,-0.11099173756653861,0.99376622520467506,12.802094745093262,6.1853602795676901,-2.8028719972306271,,0.4378781165201663,0.303030303030303,False,2
-0.83065031411006773,-0.55483534838995141,-0.046666817395742882,0.5432934800234358,-0.82600204635984764,0.15017594339097495,-0.12186980853710613,0.099389916924937718,0.98755728653115793,5.4820777525167195,17.273024625251804,-5.2976783985849085,,0.1285265549349485,0.3157894736842105,False,3
0.0204869340343856,-0.96383456989840643,-0.26571264065268946,0.98583877995926272,-0.024769149940505407,0.16585653179678586,-0.16643973522661051,-0.26534771730689388,0.94967805253028637,7.0115696498610669,-24.976389763016289,2.7754883243531241,,0.4594467445776143,0.3333333333333333,False,2
-0.93453328372238298,0.35483179849090041,-0.027238509408078922,-0.35351159725010073,-0.91679408545423469,0.18579062270689764,0.040952316475916531,0.1832566496906651,0.98221174301644865,3.6533043219726085,18.546512372565559,-5.6388004778066909,,0.1011535029696794,0.3333333333333333,False,2
0.064667161487642205,-0.97460979151873628,-0.21436863693398994,0.97883634506416861,0.020154168038181472,0.203649746113539,-0.19415861507167623,-0.22300126409169602,0.95528679903312519,-22.298598819067163,15.951472020433837,-7.4611643068543367,,0.3529464549235842,0.9583333333333334,False,1
0.94344783205888882,-0.31488726642028431,-0.10369280413675827,0.33049110074081289,0.86869180788172651,0.36898533202595485,-0.026111693060947586,-0.38238796053947494,0.92363284216183683,1.6022546305392211,-18.869819762918617,1.2677324304809703,,0.2471684007455897,0.1923076923076923,False,2
-0.65850919821569831,0.70970851897163656,0.25035865066820573,-0.74355287330373254,-0.66491062673842771,-0.070873006512176207,0.11616695083836004,-0.23282542075425899,0.96555557218811616,8.756137229966992,-9.3752158549129625,-0.10377187180760254,,0.3362837875481095,0.5,False,2
0.69524456663096423,-0.69493096402096854,-0.18359179669856984,0.70869474071026906,0.62013383387347687,0.33643096256882632,-0.11994480839005284,-0.36401233953022732,0.92363859794294167,11.647039354819643,-13.34645808630008,0.82100194311274144,,0.2737063292964616,0.5614035087719298,False,1
-0.77273778283526251,-0.62500863912528637,-0.11063688353166622,0.61715780000104115,-0.78057372450899321,0.099100507082620762,-0.14829891731471503,0.0082982904815000133,0.98890776592074925,1.5021634032127913,31.420703655862201,-8.3561206342561523,,0.1882282296880847,0.4285714285714285,False,1
-0.60439125659475001,0.79170247354646239,0.088985405164173428,-0.78463443008224831,-0.61087813069856101,0.10572001023334072,0.13805803157123753,-0.005924762834490567,0.9904064201649897,4.4417999634578447,-14.133756437872,0.54696547517775029,,0.1907259344687418,0.1666666666666667,False,1
0.52465228594535551,-0.84098550919991066,-0.13222462769121565,0.83777342088458895,0.48244608543472223,0.25569800528757863,-0.15124706315048514,-0.24492682165185653,0.95767174852549219,-15.211050936769686,-4.4957601467395545,-2.9026049429443792,,0.5303702710302562,0.2,False,1
-0.093763672446463525,0.98052844061442135,0.17254666289326778,-0.97674522638478667,-0.1241608941129608,0.17479369298576319,0.19281373515360203,-0.15214483073479962,0.96936825511092295,1.5929191096260962,30.329924974317269,-8.1252486448092363,,0.249342318025576,0.375,False,1
0.5998912882137597,0.78033310525558952,0.17666546682191681,-0.78058261730092648,0.52237339823769768,0.3432445343792615,0.17555973311916406,-0.34381139837964897,0.92248170846437894,5.4475037410167868,-8.0071037967231788,-0.5590672440897162,,0.6742848655766418,0.3138686131386861,False,1
-0.44876385299429111,-0.76884920953957903,-0.45550180815896046,0.87336001104142102,-0.48532518472016012,-0.041252347691629776,-0.18934966427075306,-0.41632962669825296,0.88927855398285982,-14.152319968580098,-2.1785787494556628,-3.3189914957925013,,0.4464954575946442,0.4,False,1
-0.84512588553108192,-0.4912705278155326,-0.21074986620435157,0.51832076942463789,-0.84952808072935815,-0.098212117558598155,-0.13078921051965819,-0.19223763562877202,0.97259388948291436,-6.1042486846416226,2.9999546576951466,-3.3986333422824084,,0.4936941103541845,0.5102040816326531,False,1
0.10467612448968849,0.98967263482885315,0.097933573572768412,-0.97446062383418508,0.082395787425807984,0.20889573191228725,0.19866907549618365,-0.11729880683704619,0.97302188482895646,-12.099068186853936,-1.7675533555404661,-3.2090828465220453,,0.2376839565943778,0.1333333333333333,False,1
0.94672736306981708,-0.31598423614468579,-0.062139057950133053,0.32022859795031527,0.9033061175447088,0.28546751664783115,-0.034072644007264903,-0.29015861268341481,0.9563718076229506,1.9696621795822571,29.120513546082897,-7.8083879606610118,,0.1289960193745782,0.2,False,1
-0.99647890478369572,0.083333417656889647,-0.0092376307952050374,-0.082459519613707635,-0.99399813959256111,-0.071889680146762086,-0.015173000565567078,-0.070874819140154241,0.99736981108598177,-3.651387487606689,5.3967674596456945,-3.6496646786831732,,0.2931517644768322,0.1827956989247312,False,1
-0.13200151455668865,0.95224124954681499,0.27534015837915948,-0.97271527988303008,-0.17789943869684433,0.14891868248620233,0.19078937191787937,-0.24817008758685666,0.94974260891586459,-14.423129875470444,-12.555391362157529,-1.2465629929536417,,0.1531882820460495,0.375,False,1
