axis_00,axis_01,axis_02,axis_10,axis_11,axis_12,axis_20,axis_21,axis_22,location_x,location_y,location_z,dbh,dbh_approximation,score,reconstructed,number_clusters
-0.90066626837702368,-0.43429642690065851,0.013670646990166551,0.43399830461581262,-0.89762835649962713,0.076868753068980861,-0.021112664408097608,0.075166130598167374,0.99694749521351012,-7.3325310489064712,1.8814765719221214,-2.5966807496421955,0.4025708398222981,0.3546672693185827,0.9718045112781954,True,3
-0.90155263066489211,-0.43263434538842821,-0.0055115634387222917,0.43217611054538269,-0.90105973257204464,0.036265242465210443,-0.020655837312437898,0.03031305869623948,0.99932700096484961,2.2699877035645781,-12.239302059290338,-1.230179962654419,0.3209718966704241,0.2727940760743751,0.8629032258064516,True,5
-0.29599623756477722,-0.93749004651865531,-0.18302633697352327,0.94568743129238819,-0.31458127209922926,0.081938425296288919,-0.13439311605547638,-0.14883224087166225,0.97968742690412192,14.712642746685805,-7.9592271624707145,-1.668575994631021,,0.253862584686495,0.5185185185185185,False,4
-0.50007991994521817,-0.86597194693269697,-0.0035582008345500168,0.86235314978265432,-0.4983573566220606,0.089369962294989419,-0.079165135808130435,0.041623697892751998,0.99599214306449912,7.3425405916796516,8.5075666447985618,-3.1251400450313844,0.3313339203275896,0.3035406591072474,0.8448275862068966,True,5
0.38593176792606887,-0.92214981739793656,-0.026389103402954216,0.91788953755815106,0.38096974750391788,0.11108937090507366,-0.092387593034687049,-0.067095199230301703,0.99345999763126036,4.8693764692750579,8.9788799291308372,-3.0981141336556473,0.3830964853303663,0.2227894551309589,0.4123711340206185,True,3
-0.86627676611864679,-0.49951574059249226,-0.0069706085354667678,0.49870214557093495,-0.86551686601677724,0.046655381720046463,-0.029338276806361391,0.036940215765900508,0.99888672329408956,-16.930484328157085,-11.212778730298078,-1.8664412952095801,,0.2890002323036857,0.8461538461538461,True,3
-0.13299818917962627,-0.99087338609251385,0.021941157865903348,0.98572759044443037,-0.12993730576431908,0.10703931057012339,-0.10321142917118128,0.035864039151579825,0.99401266168202118,-4.0124813375127824,-2.5913136216603139,-2.0479426452026477,0.3991585961468373,0.3571875643356843,0.9966159052453468,True,5
-0.76452072140780214,-0.64410962504898872,-0.025116875947166328,0.64282455813282591,-0.76472630604920677,0.04438765929481428,-0.047798054347757739,0.017789540623260932,0.99869859229147939,-2.4546064074362977,33.287453813266218,-5.6150948464823722,,0.1128996493754651,0.25,False,1
0.31574289386291354,0.92896938921890115,0.19318980011722975,-0.93937540216215742,0.27735063504568586,0.20161963955041562,0.13371715966082176,-0.2451377146299952,0.9602224857178806,-7.0254347792093448,21.13980633474333,-4.3535437075901076,,0.4152215405332527,0.3095238095238095,False,2
-0.99743241997893195,-0.065225157310905807,0.029567658492672795,0.066904099863379293,-0.9959607296956402,0.059883773474951128,0.025542298182479557,0.061708214671110768,0.9977673512626386,-10.708973087864566,9.0061969680945602,-3.3370362756166632,0.2574065177140225,0.211610277612533,0.8658536585365854,True,5
-0.64975885050374604,-0.76012830607019377,0.0042888813121779272,0.75761702987744284,-0.64713223611849113,0.085066474100931183,-0.061885961507708247,0.058522023949456825,0.99636604743494084,-6.763791353284792,-4.6219858733724024,-1.9275021058156003,0.2834461044989434,0.2591784276369772,0.35,True,4
0.88229480560311835,-0.47062231615491118,0.0083971151441022233,0.46440990555185224,0.87327715523466332,0.14734466318999773,-0.076676695488761534,-0.1261017275148954,0.98904956331150728,5.4342099609392616,-9.9029067749154649,-1.462592625363268,,0.1306288406048835,0.4821428571428572,False,5
-0.85344642463657616,-0.52117916682917864,-0.001215046619923929,0.5211158448424269,-0.85337483951541249,0.013771693294860568,-0.0082144098515237202,0.011120222357825661,0.9999044274957003,6.7469887896688219,14.528479795267813,-3.6630549435529178,,0.1986315775185263,0.5,False,5
-0.51220612605741267,0.81895894470488806,0.25874916679501386,-0.85342759292371362,-0.51915690109566925,-0.046232625722291351,0.096468793221921881,-0.2445043127075622,0.96483750600902141,-2.2881693125589928,-22.342562899196928,-0.33112755109092573,,0.64454405016743,0.15625,False,2
-0.90069998773260274,0.43162494873764934,0.049390644111124128,-0.42829322147038701,-0.90125495661676736,0.065608075846097513,0.072831645189492991,0.037939515032888928,0.99662236813050809,13.272781678542302,11.700007293642599,-3.5474258631586761,,0.3942711909045425,0.9239130434782609,True,5
-0.28134257705073235,-0.95934632971276534,-0.022382448594795719,0.95472889540408212,-0.28218506614313366,0.094150542889013505,-0.096638970498207105,0.0051193859437726127,0.99530633539056956,3.6756377333757508,-10.216327948316776,-1.4343192453778046,0.4748485417951603,0.3866980138903146,0.963963963963964,True,5
0.028399041337096538,-0.99943061414894108,-0.018219274217261321,0.99400436842628614,0.026310182025318679,0.10612770548378847,-0.10558792544885534,-0.02112396325655946,0.99418558034993731,4.3991991367881527,-16.446353230664414,-0.86444349848108903,,0.3417431161946224,0.9016393442622951,True,5
-0.58584492667308796,-0.79708638165126711,-0.14642070235282584,0.80838629903040127,-0.58755716453995677,-0.035891084376161925,-0.057422238125440089,-0.13939109937100311,0.98857109404676013,-7.2555421628058729,-14.620643484668088,-1.0007975879952919,,0.4319218331228541,0.26,False,5
0.73902092404334374,-0.65381324792079698,-0.16240785285626355,0.66304758968361077,0.66323611830419948,0.34711056623435255,-0.11923073278680113,-0.36420610678575527,0.92365466714518685,-13.974993906454996,0.53735192160686773,-2.7178514269695553,,0.3376573638661236,0.4444444444444444,False,3
-0.74851668183131359,-0.66183652649329117,-0.041172675642177192,0.66040849076746755,-0.74962724306465545,0.043813488534014143,-0.059861526396146128,0.0056043424752258535,0.99819095818532866,2.2205495282719028,-21.628314147219022,-0.37180305913844791,0.1123918772674222,0.1590686449369832,0.391304347826087,True,5
0.85324044230437335,0.52028732587771676,0.035802879035807825,-0.52050972673797868,0.84531582300816055,0.1204607145221686,0.032409442873842606,-0.12141770012255718,0.99207226052821207,4.392279924251584,-2.4015137292832196,-2.0690549783611374,0.3965739202683769,0.3541694170139557,0.8815331010452961,True,5
-0.58863009668480248,-0.806840897361083,-0.05022325778365036,0.80164692527422876,-0.59059846758362522,0.092496796086398617,-0.10429197704145624,0.014185077843852966,0.99444555763065701,4.9773780753940366,18.216318078787737,-4.0215696016237974,0.2109665600762233,0.221522680397056,0.65,True,4
0.85347024866662291,-0.52078941532892853,0.019155143494275231,0.5024285387864611,0.83202926373603281,0.23514435502426304,-0.13839833110928385,-0.19106462039903668,0.97177168757786803,11.505925576823444,-18.428967959276758,-0.65429876780682594,,0.4097646288867747,0.4615384615384616,False,4
-0.15001626254864792,-0.98857504294341669,-0.014646004245396554,0.98321194100932607,-0.15072600568960412,0.10283943925133796,-0.10387203679338997,0.0010274620569372863,0.99459013884821557,7.1611023837205092,-8.0846480917546604,-1.5912871487111109,,0.3048500271094722,0.9326424870466321,False,5
-0.14736189125655746,-0.98907039364237304,-0.0049223394247665687,0.98447492987319307,-0.14715339412263923,0.095681717424800736,-0.095360292871104008,0.0092539190783850374,0.99539980888345991,-8.3248001780297187,14.613449326068027,-3.7223251048054986,0.3047755042663268,0.2840598059219309,0.6666666666666666,True,3
-0.40131787235741778,-0.91248076336213335,-0.079516173327023348,0.91240394707806671,-0.40587948438817589,0.05273406403030409,-0.08039280243205256,-0.05138774802271829,0.99543774123260664,8.6189177442542508,9.4925807019290058,-3.2363850235439657,0.06108239588878591,0.2069913791418893,0.125,True,5
0.27834092697224794,-0.95961249461683151,-0.04086794033825656,0.95389894046442703,0.27120947159553255,0.12853884198060633,-0.11226370630383203,-0.074761505416447591,0.99086203759897529,5.0882519728121949,-13.204034358952869,-1.1868969302096346,,0.2327497406628613,0.704225352112676,True,5
-0.95294135841397898,-0.30293629245527709,0.011505222186943434,0.30308162825487178,-0.95119215155181036,0.058094900297810337,-0.0066553766606972636,0.058848054680572942,0.99824476578733723,8.472058011544485,7.8294896658227273,-3.0686817866388783,0.1323300115525062,0.1426652300229234,0.5070422535211268,True,5
0.86458937869602115,-0.49974964884194362,-0.052301957213689479,0.48861327986718739,0.81188099906944899,0.31954077374792611,-0.11722742419527121,-0.30182698990041934,0.94612800359369686,-8.7951157149495263,6.814727347327163,-3.0911112802640912,,0.4518563218899843,0.2777777777777778,False,6
-0.14926802613442861,0.8942421938460946,0.42195966053552442,-0.98050705627293266,-0.18900446142738822,0.053695681013754028,0.12776920197339986,-0.40571937630074606,0.90502310397095065,-7.4896947119067656,-0.20980307118621086,-2.4258811252266215,0.8236382349688056,0.5130846270340297,0.2608695652173913,True,3
-0.951497209075848,0.30523944367040456,0.038496014711331988,-0.3029550433592737,-0.95138371902813756,0.055563125104434813,0.053584539039295685,0.041205596658371042,0.9977127823076013,6.7880509323982192,19.713046646893694,-4.2136776152210356,0.2901486833739295,0.331160577755179,0.78125,True,5
0.7347430239689452,-0.6545632369429194,-0.17804397651079865,0.66424254990968878,0.64100170579398352,0.38457593276059032,-0.13760277474834859,-0.40082886873578744,0.90576028526842833,-5.9884655721568985,-25.53482430164431,-0.034116761567103457,,0.41659838620891,0.15625,False,3
-0.39691016412288987,-0.91470080840641554,-0.076057561863310641,0.91257377295595377,-0.40214660679226272,0.074075742037493425,-0.098343431549223273,-0.040006721261805836,0.99434804355668349,-6.2663317615751675,-8.1938285454218835,-1.595538430955235,0.4304793100896409,0.3323102161197357,0.1923076923076923,True,5
0.98932421713679897,-0.14389085846799651,0.023087101074049824,0.13825888887833748,0.97682130664346167,0.16341546601680126,-0.046065963929868253,-0.15847888104319705,0.9862871646891227,11.023779660007966,-6.23783484724843,-1.782222763774217,,0.4005881599018085,0.4705882352941176,True,5
-0.58395399056322506,-0.81036504279073263,-0.048023268610747204,0.80895188293327003,-0.58583520416670276,0.048928158126740673,-0.067783390325377404,-0.010276720378255466,0.99764713251443027,-14.405423650829922,8.2170302130483659,-3.4111072145132946,0.5147278482177388,0.292437506860564,0.7674418604651163,True,5
-0.26622962321299654,0.94103189559324918,0.2087600517341365,-0.9568640363210138,-0.28414902145932425,0.060585060857963578,0.11633143908385478,-0.18362544780035764,0.97608846484363021,-9.9320193595638795,1.546557081690072,-2.6920574740859338,0.6928101988863199,0.3728479759295558,0.4193548387096774,True,5
-0.87750986606922921,-0.47955274709140083,0.0023659476444455613,0.4786954998809671,-0.87562404948658368,0.064289519786889696,-0.028758535165687209,0.057547256388198652,0.99792848438017667,6.7381871794431101,-11.560137815877688,-1.2989361050636585,0.246856048333027,0.2652300274954006,0.6022727272727273,True,5
0.39468946770683777,0.91156656317063611,0.11518083603867947,-0.91369898879340605,0.37618606148422823,0.15374721143127457,0.096821392053624541,-0.16592301845814081,0.9813741233528317,-13.147124344939186,-8.9191941263590859,-1.7755662454386596,0.285220829878679,0.1927692559344471,0.696969696969697,True,5
-0.92049818678619988,-0.39072342000465837,0.0042775206816096185,0.39046300058816197,-0.92019160603403205,-0.028036643097873057,0.01489071170250509,-0.024137465574744717,0.99959774382529532,-7.205634734757882,-11.634662150398002,-1.2845700639102995,0.2890186752228744,0.233340387069198,0.391304347826087,True,5
-0.25143531288048299,0.92377615449130046,0.2888215709221858,-0.96120874369292042,-0.2732874840929953,0.037305523537392062,0.11339327354376745,-0.2682378933547353,0.95665584098130196,-4.3921990266803936,9.3535384328454239,-3.1563884630696126,,0.6640397293024283,0.4705882352941176,False,1
0.34851395942377722,-0.9231149437043642,-0.16247098447553804,0.93014483162942807,0.31923423366133963,0.18143896012632044,-0.1156227152415349,-0.21435555688702343,0.9698881806434333,13.980005586223188,-6.051403164738181,-1.8398791843696747,,0.2119516721900696,0.2,True,4
-0.75136415173852145,-0.62460617652950046,-0.2128826806563951,0.65747318972012081,-0.73616180950944055,-0.16060758082680299,-0.056399612423350044,-0.26063943381803645,0.96378740874609425,-0.93758930851059841,-16.857779815802779,-0.8034292624686673,,0.4847565176394577,0.1470588235294118,False,3
-0.9994588120953718,-0.00040187389308841937,0.03289257396864953,0.0028795028505353743,-0.99715584247252331,0.07531224526095659,0.032768756281598262,0.075366201445255104,0.99661735098856818,-5.113986344561007,12.639816446630588,-3.5164243495978242,0.4391857085714011,0.3914336397035808,0.8417721518987342,True,5
0.17311406295468862,-0.97947838583728297,-0.10321634020304413,0.97750214561389437,0.15804516355026454,0.13968278919968019,-0.12050342952610237,-0.12507524917408924,0.98480206413090265,-17.656641188891637,3.906512273500975,-3.1380839803489899,,0.5130870601322317,0.9148936170212766,False,5
0.1840598415379433,-0.98265604421757446,-0.022562657106293973,0.97598370253511058,0.17999245083383358,0.12271320234060903,-0.11652376203540837,-0.044607358199056965,0.99218566633247485,1.7947622415392124,-23.190406700481077,-0.1886792965996088,,0.2444836808654533,0.7105263157894737,True,5
-0.34589617265246614,-0.93690845570987036,-0.050580464249778252,0.9333562122651391,-0.34909478673310401,0.083540474632616046,-0.095927153457451522,-0.018313260089792963,0.99521987808445411,7.5748685705026233,-15.364580597711564,-0.94202346266207415,,0.2101522640174759,0.3846153846153846,True,5
0.83615048502275402,-0.54414947912487022,-0.068947159218832654,0.54156451548665285,0.79910279950110041,0.26104135954904123,-0.086949651879241405,-0.25560919427445805,0.96286224240046003,-0.27978302343629086,26.756626456221507,-4.9163205420765959,,0.2405534495052889,0.2727272727272727,False,3
-0.29274501277741882,-0.95250565625659245,-0.083864964634503408,0.95589573120810889,-0.2937047496631533,-0.00093331849788642895,-0.02374254729516034,-0.080439386027630011,0.99647669146018369,1.9987199914407436,20.234773566244733,-4.1914663798288654,,0.3471206301196303,0.4814814814814815,False,4
-0.96699175717436936,0.25194316258478328,0.038099663825322413,-0.24898678863900089,-0.96605653898299204,0.068850145761937542,0.054152752839192325,0.057091210487954895,0.99689922913249207,-4.2824042846273525,-5.1689360144894065,-1.8025871148969284,0.2883714270834993,0.2314917507330907,0.8715596330275229,True,5
0.68596257105261815,-0.69743566869724816,-0.20745804188727923,0.72314748406809648,0.62181225748275248,0.30067795517826906,-0.080703577373396812,-0.35627658423340908,0.93088878397266706,-11.142023965273967,-0.253418484285237,-2.5573317378599212,,0.5591284588078367,0.5465116279069767,False,4
-0.88489668214210093,0.4640283759233878,0.040441665047382697,-0.45938929644651244,-0.88378729696233016,0.088777745175219025,0.076937222748679576,0.059980664100365559,0.9952301159479644,-3.6239603526242128,5.8102713235273873,-2.9590377890616364,0.5032506427119648,0.4645376607128524,0.9982378854625551,True,5
-0.92316434443039008,-0.38424426334081385,0.011132801178623667,0.38411978963441035,-0.92097483681329806,0.065248273294662151,-0.014818244957609715,0.06451120868805639,0.99780695706633649,3.824785673485493,-7.7031111638952456,-1.6448374973268018,0.2937547589265221,0.273048967117246,0.9280575539568345,True,5
-0.24224473486202588,0.96604293157788135,0.08988071417184347,-0.96412702139477113,-0.25005135202618034,0.089069680398699586,0.10851992926681278,-0.065079764122905864,0.99196171763512797,-4.7801807126918998,16.431874741658959,-3.8142280817719234,0.4707232666693597,0.4382851675680223,0.875,True,5
0.8474848473312564,0.50852408676985306,0.15222577547447408,-0.53019808532760937,0.79706497751798233,0.28909758201893743,0.02567924957733372,-0.32571563485523114,0.9451189879332651,-12.398459993578959,-0.098544279009561864,-2.6171950356452509,,0.6066229018404173,0.3529411764705883,False,3
-0.84019395083855242,0.53524590196916155,0.087097355869871607,-0.53570302274995474,-0.84416911910905135,0.020019234730875482,0.084240111531656892,-0.029838276891720108,0.99599863495954011,-9.1481700567145285,3.1751296789920302,-2.7833807500351568,,0.1158517874529816,0.2,False,1
-0.53846217048565415,-0.83940042157988637,-0.073928500643437367,0.83936136368159242,-0.54203586576284357,0.040861000786830561,-0.074370640137456145,-0.040050623943118258,0.99642609129192872,-8.5131033105149552,-7.096377011388471,-1.7762165219364259,0.2391660643086642,0.1668384208076649,0.2380952380952381,True,5
-0.99872196691677451,0.028623375800850615,0.041654953554804426,-0.027735827457385259,-0.99937904160977098,0.021731430380672032,0.042251114460375966,0.020548322289158254,0.9988956951443716,-5.186171429142755,19.604191471631246,-4.1204670987036955,0.3530605013693712,0.3658411714813949,0.8571428571428571,True,5
0.76992812710571779,-0.63272193654814446,-0.082907358553087063,0.63332038030388171,0.74172549231041363,0.22079082849752568,-0.078204699240079154,-0.2224999889160508,0.9717910166024013,1.2232454166906421,-24.687983306259387,-0.066112953641532052,,0.1921726073680936,0.3333333333333333,False,5
0.85457846822731787,0.5177047208228911,0.040956851440804805,-0.5186512721705433,0.84680802239451314,0.11797046699988692,0.026391277311428755,-0.12205734408869801,0.99217211472399547,9.6355292129082883,-10.83207830578597,-1.3428021842601539,,0.1577768043085059,0.8115942028985508,True,4
-0.99722386232946469,0.06673669491814449,0.033026988238514625,-0.069957296747339831,-0.99162578668959644,-0.10855540430601666,0.025505784295118666,-0.11056451837565527,0.99354161575841904,-13.03527859740973,2.9855643742001523,-2.9117942902022489,,0.1681720859333633,0.1333333333333333,False,5
-0.61212558129235506,-0.79066272684108163,-0.012438854920049888,0.78790789887879442,-0.61117681468769103,0.075259843692448342,-0.067107492963903156,0.036267803523697059,0.99708637079024731,4.6531307265209998,10.518539023688673,-3.2209641327233083,0.2293203178493915,0.221508829428288,0.8095238095238095,True,5
0.43785893376950613,-0.8981653819548574,-0.039730350817948817,0.89214385873476765,0.42860954954514269,0.14273468170192399,-0.11117054214166198,-0.097942844029545117,0.98896325000645713,8.5610143529172849,-3.0880772911708108,-2.0279683484496061,,0.248774651758341,0.5643564356435643,False,5
-0.91261590194179953,-0.40863843409144573,-0.012117991015310008,0.40787640238450973,-0.91212441223028629,0.040815401399772099,-0.027731857147068193,0.032306141782117125,0.99909321752393498,-13.311596792768258,-2.4282832485524342,-2.4695721512907096,0.3446690293514948,0.2819154188528694,0.1142857142857143,True,5
-0.98498472186985853,0.16440907655217404,0.052675926477086049,-0.16184686895167982,-0.98556279577194217,0.049714852918730373,0.06008900642792981,0.040442936805511254,0.9973733905459129,-10.65266427202112,13.400496080468947,-3.6969444118482264,0.2941508994535414,0.33235442703482,0.2941176470588235,True,4
-0.71123188532443127,0.67345061229776038,0.20152785934859713,-0.69644623633385827,-0.71399597653601432,-0.071919297735641374,0.095455985638721486,-0.19150461687947884,0.97683884879727489,0.23131152988734752,-12.84207389713629,-1.1629794299331351,,0.2454796225156677,0.5111111111111111,False,2
-0.64808007570443127,-0.7611423208550715,-0.025584817339510114,0.75875935022525542,-0.64820665365317309,0.064127861382595686,-0.065394678076192661,0.022147269879437312,0.99761366997260037,2.1716706602710216,-15.585968557881268,-0.9421630109047201,,0.3595282720792094,0.7857142857142857,True,5
0.57809684070928802,-0.78813020391846111,-0.21131688156270192,0.81399314996204608,0.53901486463672454,0.21651357351334566,-0.056737946533213263,-0.29717630688212371,0.95313537760965283,-4.4430893704827907,10.33593003044591,-3.2620243799153572,,0.4033916915159212,0.2592592592592592,False,4
-0.22330938376851076,0.97304154636756779,0.057646059392998862,-0.96798398561980359,-0.22832648484887139,0.1042785687481311,0.11462950189427087,-0.032514079399103508,0.99287608085616652,6.8750537797416618,12.961440920887737,-3.4929565002620295,,0.3546102591657233,0.8617021276595744,True,5
-0.30490996440868634,-0.95235934887449591,0.0064485824520643421,0.947585108317059,-0.30268885183393918,0.1022835347023177,-0.095458766491309285,0.037297849627009161,0.994734383799595,-0.37230461592584041,-22.423549466745111,-0.3131098927385797,0.4159216492980459,0.3911279031075621,0.8214285714285714,True,5
0.9492637327232849,-0.31407305319033973,0.016015086510991414,0.30821385672811702,0.93925500401494066,0.1510107809186943,-0.062470667172972678,-0.13841298599695079,0.98840237810841591,-11.610947476650884,1.6846808514488836,-2.7648632287411945,,0.07517603984009624,0.4117647058823529,False,1
0.18866341915101537,-0.97572710640356819,-0.11118780555244749,0.97550950972513772,0.17316613254932167,0.13562701417391895,-0.11308099181591029,-0.13405261790517678,0.98450118584118473,-2.5756170630356054,-20.140820456685987,-0.56125626022331987,,0.5949312390892196,0.5833333333333334,False,1
-0.64857040389679799,0.75916606833746803,0.054984651259920983,-0.75585642160601185,-0.65088172712141223,0.070951019840463897,0.089652111554044539,0.0044562298502410207,0.99596317246644361,0.56199005684895875,-20.283929559885777,-0.48116694875572075,0.368551470971288,0.3439055942706403,0.9428571428571428,True,4
-0.79454330296006237,-0.60715473462284186,-0.0080042455223451586,0.60567817734185658,-0.79340828562930599,0.060475100550660639,-0.043068378343765909,0.04320208929939303,0.99813761289063052,4.7126157150013572,4.9776745368103255,-2.7353365138148926,0.3133119244225509,0.2889772467565505,0.9,True,5
0.39378491270200539,-0.91671310471507494,-0.067605666714568663,0.91155840636181518,0.37998703584859933,0.15707044399918901,-0.11829925747603466,-0.12347848488964612,0.98527069856460026,7.0306167901579588,-4.8170444697212957,-1.8510181137098585,,0.1850179650191459,0.6086956521739131,False,5
-0.62109678667121104,-0.78366219510292967,-0.010599318523176396,0.78077356034979051,-0.61986855025035237,0.078457809485355662,-0.068054603410864278,0.040454225699994524,0.99686108690108155,-9.4949591511803444,-4.1036134139276461,-2.1089350604082129,0.2136786031663265,0.2641616101734611,0.8690476190476191,True,5
0.63962509804955681,-0.76867658416650997,-0.0040053588105284383,0.76178460483222865,0.63317627234089791,0.13701103599743314,-0.10278107698258346,-0.090686918012419196,0.99056142319177187,7.8198631159170855,-4.2164400301588998,-1.9019167857433426,,0.07271398339328083,0.2641509433962264,False,2
-0.55479999519573719,-0.80729776241476536,-0.20116482826509141,0.83063628383260102,-0.5512220658727689,-0.078724825028220272,-0.047332117125448339,-0.21077133793538078,0.97638881281657108,9.871913603161957,10.150528548084296,-3.3252535661545508,,0.3740174791552223,0.1864406779661017,False,5
-0.031520869628415202,-0.99912978336977321,-0.027315028122599713,0.99321789816976602,-0.034370919305260914,0.11107135842035824,-0.11191354490454179,-0.023628709012157433,0.99343698470376962,4.1422944313671808,-5.0658641599520342,-1.8381250984676147,0.3394291697896978,0.2783227081702343,0.8498168498168498,True,5
0.52994494759087463,-0.84425478292742628,-0.079951322860046969,0.84230196647490363,0.5130783781989332,0.16516045258252526,-0.098416206975363074,-0.15486910385521882,0.9830207581102578,-15.756059196754832,10.960312616470461,-3.707207805367605,0.4155811794387178,0.3056574873051958,0.967741935483871,True,4
0.37710987876886287,-0.85369397204835307,-0.35915837930255784,0.91815575146042805,0.2936931956967459,0.26595925037789148,-0.12156543667947234,-0.43005919230931355,0.89457863584773278,12.55210738318152,-0.10781464272105354,-2.3898040502659104,,0.4264100276862929,0.3157894736842105,False,4
-0.089970555919381204,-0.97997273435097576,-0.1776477947969807,0.98984062107338111,-0.10770285641773598,0.092820469684894741,-0.11009470441679474,-0.16749189427591171,0.97970690587095799,-2.3992870736335985,12.745866338555865,-3.3976539816390985,,0.2276338121671415,0.2857142857142857,False,2
0.0016493882707980113,0.93299911210190667,0.35987488983727017,-0.99224911924546921,-0.043188929213131888,0.11651781730711541,0.12425363123435627,-0.35727772560079685,0.9256963119266487,-3.531225544658307,-20.798007989576391,-0.48064429125079267,,0.6952955015886692,0.35,False,3
-0.24730976234064356,-0.95192648130387369,-0.18075910943418907,0.96341637492756538,-0.26146897627318449,0.058846095606100872,-0.10328005602459686,-0.15959307202720185,0.98176539019690301,9.1692079609397883,0.17554507210835785,-2.347100234481613,,0.2169125045539438,0.2878787878787879,False,4
-0.55630668276566986,-0.79578769460187526,-0.23925889707697282,0.82763917405037413,-0.55638976038942101,-0.073782329259906645,-0.074406130711596505,-0.23906563879829237,0.96814841220677184,11.103837895660766,-2.4031945292968455,-2.1342260656767591,,0.6340770541673116,0.2222222222222222,False,1
0.95094738890656449,0.27625096918328035,0.13922810620376444,-0.30920916358931888,0.8350929287144514,0.45498295964081414,0.0094210765935838631,-0.47571546373480361,0.87954877117724384,-7.102228490806322,-27.374652982608957,0.096237591033603617,,0.3950105930447327,0.2666666666666667,False,2
-0.57470751224422112,-0.81718790166752842,-0.043763097905439335,0.81632864437489305,-0.57622596821862504,0.039638086779733933,-0.057609198424454396,-0.012944764143491565,0.99825528465326019,8.2916945039280865,-13.787927333844623,-1.0859896199714916,,0.1425641935498222,0.4230769230769231,False,3
0.65194788845698803,-0.75729301127091131,-0.038356822296857163,0.75202019148627552,0.63927382800800492,0.16060698745988333,-0.097106036544709728,-0.13355249119439627,0.98627285766280226,9.6185220779402396,16.36819986789866,-3.9179751795984048,,0.1499630780043404,0.4545454545454545,True,3
-0.77122486793475653,-0.63642215504302369,-0.013380719315925682,0.63549906797053968,-0.77098068297625566,0.041589915677266935,-0.036785019880289781,0.023571742571571672,0.99904516177425462,9.0722137029976082,10.98733130499039,-3.4035747350016838,,0.1904408652728355,0.6842105263157895,False,4
-0.86658163883075645,0.48852832811942226,0.10186430123572805,-0.49145157339331735,-0.87089485777625697,-0.0041830261900280691,0.086669569346072964,-0.053686304805935933,0.99478950860252391,-8.7636547012433841,-29.521713485455212,0.22877771558305193,,0.2785748412138658,0.4375,False,2
-0.80312498378007458,0.55371601460287334,0.21997462490152533,-0.58934570661892971,-0.79252534805749353,-0.15676482633608915,0.087532271295167025,-0.25554284935928107,0.96282706319632005,-1.2637356444955343,-24.682081927790225,-0.084773373191960905,,0.2803419450872119,0.4814814814814815,False,2
-0.49891285346561665,-0.86600112296270215,-0.033586004140645241,0.86276897054168777,-0.49996876608622431,0.075239194630559475,-0.081949180088839016,0.0085608390685539808,0.99659974107823723,-11.163023178850782,-4.6524894030689312,-2.1149300191872342,,0.1238685763513614,0.35,False,2
-0.55700537227266445,0.81323542857477849,0.16850267941545596,-0.82353267239522021,-0.56708119323886208,0.014589646067523651,0.1074195175793391,-0.13064095064559808,0.98559321692949819,16.940540480910975,-0.96221750984099685,-2.3561392290151195,,0.2209049913502679,0.24,False,1
-0.6994088764178169,-0.71229076189007201,-0.058899016239904983,0.7124737543905495,-0.70136851358580021,0.021525739362010826,-0.056642500762261842,-0.026908710049108227,0.99803183738340295,-0.053667998208716802,25.660484702460298,-4.79541216100142,0.1370362361693998,0.1983965508971317,0.35,True,4
-0.76163424817866432,-0.64757295164589079,-0.023718016315661741,0.64680440372593706,-0.76194020366969317,0.033033155352188551,-0.03946308809579039,0.0098182650410195381,0.99917279103743029,6.6611602893260935,17.988462018545608,-4.0256255438085269,,0.1255774638596265,0.5,False,3
-0.17044366955570397,0.9767412905667604,0.13009768180242628,-0.97793803922473399,-0.18386014074219142,0.099159669642169601,0.12077312178489329,-0.11032633388380544,0.98653025959982121,7.0454498113810562,-17.162833554221208,-0.7547615308912724,,0.137030684721603,0.4615384615384616,False,4
0.2852935954413483,-0.8915458053328944,-0.35178635759999316,0.95218051233503809,0.22176781293261763,0.21016971493645059,-0.10936103661512034,-0.39492418783914146,0.91218147839673991,12.406661995173039,3.6316245486298051,-2.7030432100262827,,0.4395731268514835,0.1272727272727273,False,2
0.55180624555843605,0.74371587472646528,0.37735469394530191,-0.83060499327969006,0.44947998709833903,0.32872950329552608,0.074867967125796575,-0.49482768604629057,0.86575998326356296,-11.457848843442587,-1.7051292480320683,-2.4274168491682113,,0.6348061516259883,0.1515151515151515,False,1
-0.95054382955508465,-0.29552573049682174,-0.095556112881775485,0.30324289382124997,-0.94956715643893508,-0.079786983646390447,-0.06715783976326789,-0.10481773717646843,0.99222127901569235,-11.423953663621846,3.6273971831811607,-2.9312847020225643,,0.3884549301339287,0.5916666666666667,False,3
-0.89023427644248909,-0.45530173078175012,-0.013537614046134426,0.45420540310522201,-0.88954789871922169,0.049010077272344965,-0.034356729136256647,0.037481593234029054,0.99870653614147231,-15.09749917039079,-7.8281964342047283,-1.9586687549695878,0.4220095569694739,0.3615118900936278,0.972972972972973,True,3
-0.14931357222038291,-0.97891759576383874,-0.13937646090619052,0.98332835332707536,-0.16180097645335415,0.082980681859119165,-0.10378249704960726,-0.1246626837617715,0.98675650926835112,-18.190325469080271,-7.165903696306299,-2.2031856959665732,,0.232020072368289,0.4782608695652174,False,1
0.8317774038218434,-0.55313552611526373,-0.046770078475294845,0.54636582968842629,0.80087018974240065,0.2451353082092611,-0.098136286052980609,-0.22945158297811388,0.96836007787835121,0.50500084010530166,24.548835761667799,-4.6960055735353023,,0.2254915738813938,0.2692307692307692,False,3
0.024622692332783341,-0.98315518422194348,-0.18110661710661757,0.99361070126067108,0.004108106552161303,0.11278695758302362,-0.11014307677999452,-0.18272659138197148,0.97697466468653305,15.014880639825956,9.2554724063924567,-3.3192596109995853,,0.4323558271751592,0.1153846153846154,False,1
-0.25339837644535562,0.82633646091745605,0.50294862180273558,-0.96069283773782188,-0.27591019603872835,-0.030705622304733698,0.11339547757343924,-0.49095989355576047,0.86377071528595351,1.796343105326307,-9.2038392924143864,-1.5375058522319778,,0.3075880808483152,0.3684210526315789,False,1
0.83133233431194631,-0.55483669993893769,-0.032292202283514607,0.54916336518873354,0.8111179313964727,0.20126425341250415,-0.085476009862627059,-0.18505117607833838,0.97900455257878527,15.972912121785697,5.6599566535595773,-2.9762750703216665,,0.1382488310692581,0.4230769230769231,False,2
-0.38789256530447946,0.89815867074143751,0.20700328488573574,-0.91848958795725033,-0.39540701178449433,-0.0054928904756962604,0.076917063098063523,-0.19226101321805097,0.97832482755000005,14.867969613670621,-5.8420589890023837,-1.8719141708841895,,0.2437068824378583,0.1224489795918367,False,2
0.96812339043899454,0.24344889793606064,0.058904456356236999,-0.2504691226410925,0.94238369049413895,0.22176158029299936,-0.0015229866406516615,-0.2294463204855651,0.97332012540958368,8.2822732320717876,0.42416598256888455,-2.3730625902013416,,0.9405298539623768,0.8709677419354839,False,1
-0.25104260411945251,0.91738363987744254,0.30884440775597666,-0.96131144230455001,-0.27365972577831565,0.031474837271761508,0.11339277671558559,-0.2889941379546534,0.95059164019918507,-6.6418484755723943,-6.0963826202130988,-1.7938929760762763,,0.3637930323858752,0.2222222222222222,False,1
0.85385495065963846,0.45810586078717797,0.24712495532921222,-0.51955457654051351,0.72133513645206504,0.45797233859206843,0.031539899014328562,-0.51943685009067186,0.85392657385635129,7.535654797888216,5.0692359242669616,-2.7851144863320934,,0.3157123658536893,0.1111111111111111,False,1
0.33764007246347533,0.93788130009320836,0.079861432508640265,-0.9366712913148777,0.32639576998007919,0.12693578441728065,0.092984264762260641,-0.11766251856298281,0.98869077988622756,-4.3889051649022575,-0.18501639829886413,-2.341812295101052,,0.1281419518679254,0.2573529411764706,False,1
0.72884647524010449,-0.68452596586421033,-0.014388105773380504,0.66362967461413547,0.70111476163531827,0.26083279316180258,-0.16845910631845523,-0.19965543587571322,0.96527676674810048,4.6483212811206167,-14.833242510311724,-1.0365291678891944,,0.2270996111208725,0.1538461538461539,False,2
-0.31041208076677007,0.92313598267883235,0.22685743892945448,-0.9438316346483796,-0.3277280541715733,0.042144607554018491,0.11325275074368922,-0.20103303209299012,0.97301569075554317,-12.225694231042493,4.6815904313948353,-3.048249680175763,,0.4797790371475259,0.5263157894736842,False,1
-0.97652239177588285,-0.20130537613436247,-0.076682226752448887,0.21534199053706221,-0.90291806068607394,-0.37197688476360519,0.0056431792322150006,-0.37975666054238394,0.9250692046013913,2.0549669748457307,14.203466774329991,-3.4664937313868824,,0.5560279842116658,0.3536585365853658,False,1
0.3840442556979225,-0.92320503370525919,-0.014229385324080074,0.91644145970794033,0.37926320510504485,0.12764980290556296,-0.11245025830921457,-0.062063572204000085,0.99171722401674101,4.0756654027243178,14.11251543896095,-3.5240921333860831,,0.1338502245454194,0.3061224489795918,False,1
-0.20526143787230494,-0.97854536315089347,-0.017796470955790664,0.97348006350178651,-0.20600822329547278,0.099484561109755107,-0.10101637534158445,0.0030958343833327288,0.99487994638665789,7.4314808761420101,-23.760651357558572,-0.13448654090183432,,0.4140279606184573,1.0,False,1
0.99694597060954471,-0.076860834994111851,0.013825473930406767,0.071198999547047656,0.96729770371137436,0.24344579449684717,-0.03208479622643659,-0.24171794397336246,0.96981596265085157,15.593375113068314,-10.901717118013687,-1.4132716551841233,,0.3081046032922256,0.6666666666666666,False,2
-0.96615219679667264,-0.25793677458239034,0.0043073127349700733,0.25797194820413749,-0.9660558325296098,0.013660247994981028,0.00063762428232593676,0.014309044466902969,0.99989741707923163,4.9769136087751793,20.268504124306244,-4.2597649029366051,,0.2197156973586858,0.4814814814814815,False,1
-0.55596092212819881,0.81230436745029755,0.17626419854166167,-0.82423218580913471,-0.56617326770878607,0.0094411232515416305,0.10746514291926666,-0.14003373005503603,0.98429761632557766,-13.708275248780144,15.658579526210801,-3.9726443894363341,,0.3232453975625882,0.2142857142857143,False,1
0.96857816123670049,-0.2320383006341416,-0.089524145425427137,0.24236865334002974,0.79985525119534695,0.54908015172046609,-0.055801267489849773,-0.55352489029315499,0.83096113890631373,-2.0159425235341493,-27.182636454661697,0.11746261688419131,,0.4614539423031869,0.1724137931034483,False,1
0.84976435466392497,0.50071090609381785,0.16489126738948906,-0.52616667651638938,0.78638107337332985,0.32365635474049892,0.03239089480550221,-0.36179192356784101,0.93169599868990582,-6.7222316957222912,6.8951955713204525,-3.0467372736182772,,0.2777026990360495,0.4848484848484849,False,1
-0.92724879284997774,0.35000464839806988,0.13306548109108909,-0.36814409453187935,-0.91706001377413104,-0.1532020130347288,0.068407615216158763,-0.19104365269836679,0.97919493510950306,-13.705157658410213,5.5792046941517111,-3.1602716842297065,,0.5747975386670536,0.3636363636363636,False,1
0.93815278480744912,-0.340364015126493,-0.063416792452790888,0.33994412039068328,0.87083694789836918,0.35507887178323816,-0.065630384501635386,-0.35467639811809448,0.93268285351889157,14.027130540947605,6.9925566110514037,-3.0741626227364813,,0.527284532026622,0.2083333333333333,False,1
