axis_00,axis_01,axis_02,axis_10,axis_11,axis_12,axis_20,axis_21,axis_22,location_x,location_y,location_z,dbh,dbh_approximation,score,reconstructed,number_clusters
0.43603537808213122,0.89901247904675718,0.040616641650652985,-0.88882819520610801,0.42315044902537963,0.17586397270695672,0.1409169559259156,-0.11278413012398662,0.98357620524530276,-10.575770591723561,-10.54552988083738,-2.021332372127667,,0.2756838839586231,0.1515151515151515,False,1
0.17795282016898084,0.98128986817879293,-0.07350502298179859,-0.97654808488117073,0.1853040679422113,0.10961861301342873,0.12118841408660253,0.052274248093270012,0.99125212296239695,-2.1806682741587853,13.819634097701037,-4.0964085418472891,0.1360210527401823,0.1209005113008409,0.6666666666666666,True,5
0.60192762600842742,0.79433188591397619,-0.081975533351146088,-0.78429868835881367,0.60736957217507404,0.12640320500095079,0.15019554083428527,-0.011792277821260827,0.98858598093301064,-14.796126137426038,0.41991265087090429,-3.6393280977493818,,0.1134245254241932,0.5666666666666667,False,3
-0.35684516014903456,0.93072135280073143,-0.080120503736483925,-0.93259948563699901,-0.34997400045120969,0.088183889672567572,0.054034535880459138,0.10618833480639427,0.99287678313234318,-8.8935051962875313,10.026068293347308,-4.240713363728343,0.1564102532185232,0.1619748432460466,0.5454545454545454,True,5
-0.61413782245040294,-0.77868180013819888,-0.1284110165422489,0.77511010857853335,-0.62574367064585457,0.087459580527402755,-0.14845556444692198,-0.045820440637217547,0.98785698995581306,5.4205268112943683,6.1430437820240771,-2.9414510267338785,0.4369287185068817,0.3905278489946196,0.9604221635883905,True,5
-0.56430980427067068,0.82554476701287149,-0.0055029502687980736,-0.82554008328946293,-0.56433131216517951,-0.0037068844537792023,-0.0061656862087093173,0.0024510747826751444,0.99997798803072946,-4.6319288842147506,20.33451794312926,-4.9847967305785152,,0.2257725676075697,0.1944444444444444,False,3
0.96483821206476506,-0.14812200869310033,-0.21713381837104234,0.23059251158174074,0.87348571662727237,0.42877709412999931,0.12615196447971974,-0.46376995740222615,0.87692822309984164,-12.136341359771274,-0.57065367425191682,-3.2393604745388354,,0.5215624250159744,0.4594594594594595,False,5
-0.19802649510585624,0.98002480453888119,-0.018354555963495237,-0.9789447976542266,-0.19679282194124537,0.054218708746395512,0.049523634578002053,0.028704837935930962,0.99836037676645406,14.340228371425367,-11.486036944794515,-0.88124650287541006,,0.2932986612527342,0.8918918918918919,False,2
-0.20725697465217771,0.97481706094469034,-0.082317945486889782,-0.97501959278829076,-0.19896129687233671,0.098748144417170378,0.079883290724549957,0.10072785135221501,0.9917018502680045,-8.9487497969521659,-1.165017051069559,-2.8209328993394185,,0.092397591340041,0.3409090909090909,False,5
0.99103957547646926,-0.065855345054485037,-0.11620513485717199,0.084357424900384684,0.98313340682815997,0.16227300836131439,0.10355860516439358,-0.17062173925443955,0.97987950146443759,-0.47885634549521161,28.818374466945713,-5.5538370643434751,,0.2244093844657829,0.6,False,2
0.9807119849923337,0.16696869331852754,-0.1016142605341373,-0.14038833429599787,0.96344739853546579,0.22816710071532753,0.13599675763043478,-0.20950075347536748,0.96830486738798416,-6.2986907559438876,14.576255461182029,-4.5151722191253683,0.6267582659183404,0.3389781383867033,0.4150943396226415,True,4
-0.98093797472865585,-0.0037863007358368162,-0.19428420847300137,0.017834370147099932,-0.99734464471624296,-0.070608745189868136,-0.1935009689296131,-0.07272773599232478,0.97840076218323335,15.510887932647227,-7.6135536285123049,-1.2254841793546927,,0.2723661001912639,0.5897435897435898,False,2
0.29573181290799277,0.95245293871940906,-0.073321854579063955,-0.94650562085989498,0.30252780706788834,0.11226769629470035,0.12911159713510029,0.036198418134720196,0.99096915694171206,-7.2483235531659531,7.6191247320503281,-3.8549634615599309,0.1978109117979827,0.1976120107890108,0.8117647058823529,True,5
-0.004699315327066393,0.99971179288834799,-0.023542463665084411,-0.99383279302066641,-0.0020607772287576688,0.11086989092605555,0.11078942166199271,0.023918284996597407,0.99355604758394134,8.3430194733939622,8.7235466973956637,-3.085090352707232,0.3132196903141322,0.2489648438290683,0.3235294117647059,True,5
0.16310795115420268,0.98418689275322757,-0.069079348600180737,-0.97947702485697841,0.1699347358441112,0.10838331666319588,0.11840842050969486,0.049983454125732081,0.99170615621062885,-2.6539865822519353,10.363447588740449,-3.7962313388968911,0.2251788337588908,0.2237385521447789,0.8564356435643564,True,5
-0.374529004799798,0.92629824063123523,-0.041226132090604405,-0.92578276271008653,-0.37111007914421301,0.07213588168489117,0.051519907148143668,0.065183422440489025,0.99654243291813327,21.22755298760789,-9.9576364206455352,-0.7135313583718651,,0.5616737045228013,0.9743589743589743,True,1
-0.76617631121759977,0.63680337501927942,-0.0863442047449995,-0.64213777712542663,-0.76390703614126176,0.064071173879437254,-0.025158205766854083,0.10453469136094537,0.99420297876473118,-7.3361889556821893,13.0585374257923,-4.4431604482519749,,0.1224350137640255,0.2857142857142857,False,3
-0.98134274299915314,-0.12769869135129855,-0.14373400777151965,0.14734419330352208,-0.97975424754625895,-0.1355407802648258,-0.12351562436644127,-0.1541903325187064,0.98029038141518987,-10.075662803074611,8.37036803062621,-4.173474515091864,,0.3744771206785478,0.4864864864864865,False,3
0.77422962048134381,-0.55806304912658178,-0.29855339215768195,0.63258001036461531,0.69743621650072751,0.33678666006873792,0.020273757826794116,-0.44960911591369546,0.89299530661190352,-14.684719599712228,4.7664788975086152,-4.1530774410344282,,0.2620904124683822,0.2380952380952381,False,4
-0.57234946691723032,-0.80284306247635318,-0.16691046927366074,0.80692256878518331,-0.58764454262888333,0.059580697407912164,-0.1459179759477377,-0.10058284422346735,0.98417022701524248,-7.0287764304335081,-10.55831588615548,-1.7404303170171267,0.4595442171977336,0.6344002864106331,0.9537037037037037,True,5
0.05524272076901033,0.99600404047133584,-0.070172595554169798,-0.99278082209843177,0.062285661985118729,0.10250236867817597,0.10646351992865136,0.064003497371998869,0.99225453954544995,-7.8871671749876251,-3.03876525270715,-2.512655516996392,0.2250475313767751,0.1479276689976773,0.5892857142857143,True,5
0.22671652543645507,0.96926287818300783,-0.095546271881300437,-0.96588249577486884,0.23636038296329209,0.10585260375238319,0.12518235278877923,0.068287937015552386,0.98978085261760229,-4.8455407879349863,11.994398967762823,-4.147623066974262,0.2522940638204672,0.2367041572746039,0.7291666666666666,True,5
-0.49742357881084415,-0.77893496082643154,-0.38187708761502981,0.85537899197282752,-0.51374433389860386,-0.066283779906018775,-0.14455643650339975,-0.3596207532796255,0.92183314676574368,-16.874044756446448,-2.3546843776844,-3.5109618371716249,,0.401916213095392,0.1428571428571428,False,1
-0.15066140657093649,0.98666404141431019,-0.061605275342685367,-0.98504633532874142,-0.14456200044331394,0.093731239633567776,0.083575461862229361,0.074805731116061064,0.99368971251930949,-9.9282088905121864,3.3927281231697992,-3.4947498249734017,0.1367532985354554,0.1095028319352375,0.46875,True,5
-0.2612710500850306,0.9623811464715275,-0.074565188282564254,-0.96286305165885788,-0.2543952890211249,0.090431082455375206,0.068060136186007703,0.095423088610708973,0.99310737184975884,-1.4190306654924538,18.529454978947459,-4.5279080322415188,0.3741362882139075,0.2686767974135503,0.8589743589743589,True,5
0.80056615536472708,0.59288511553752987,-0.087069343965528567,-0.5803062610748132,0.80327802041768581,0.13412332113101402,0.14946061100473496,-0.056847706091731891,0.98713214113926906,-12.391566132267982,1.8392698266951291,-3.579516247129066,0.2884044856633828,0.2569242629479306,0.6122448979591837,True,5
0.98279812243828379,0.15062291221275165,-0.10686715514288911,-0.13561067270262575,0.98137598518304536,0.13605484612886495,0.12536983680664956,-0.11922212052533497,0.98492055009351764,4.8325687310569885,13.194492819624674,-3.5936719686931977,0.373612291223693,0.3401407437003378,0.9881889763779528,True,5
0.77024893232304659,0.63223752105338937,-0.083619969071227498,-0.61971382286747978,0.77296842675796795,0.13592126022917747,0.15057011656428437,-0.052872754870336082,0.98718443656200361,-10.995688196325181,4.8139179213367811,-3.7835730366046061,0.2196584965378639,0.2286195094566466,0.8828828828828829,True,5
0.38109437011610559,0.92448099654150728,0.010097925501289629,-0.91505192445612737,0.375602036353687,0.14697988241967594,0.13208730678966343,-0.065253331873435363,0.98908793646695958,-10.66976852381427,15.53473739790145,-4.9969646251414996,,0.1646877875199644,0.2142857142857143,True,2
0.37036486883130326,0.9010766594299644,0.225589711126433,-0.92020982529034923,0.32280398841982,0.22138532584469667,0.12666389136086587,-0.28958321583060165,0.94873485217658693,6.2371123644563644,-8.5531302793418327,-1.4504138173034973,,0.3453601069184388,0.1578947368421053,False,3
-0.92843865163241268,0.3686959734086408,0.045441713735760225,-0.36732346776276181,-0.89288164903168799,-0.26045312601923898,-0.055453946529775103,-0.25850655700525116,0.96441651779693416,-9.2736568488827906,13.892790210539479,-4.6995073001657737,,0.469130976005579,0.25,False,3
0.91993576450389691,0.37872851614103026,-0.10140463622658437,-0.3655779782224865,0.92204908657294671,0.12719364680972059,0.14167191332579571,-0.07993868282383744,0.98668073659264266,6.3933863879072641,4.1843059541456498,-2.7035007791680932,0.2037261794296946,0.1336233913637281,0.4252336448598131,True,4
-0.89952343647332145,0.4238614151500581,-0.10582574347584871,-0.43284540565020901,-0.89750325251439955,0.084455707525185775,-0.059181433260204079,0.1217760751258796,0.99079167612783459,9.9080469828726478,-10.857253122728858,-1.1534374091941668,0.4585914683215898,0.3207386012556499,0.5869565217391305,True,1
0.90833668090178066,0.40623241610245159,-0.099497227277455261,-0.36311866400543813,0.88402763486312241,0.29434669464633051,0.20753146744347672,-0.23123659940822278,0.95050529988784305,-16.065731599381873,9.556044845085637,-4.8572053350662046,,0.3834460015364144,0.2888888888888889,False,2
0.58957125201682148,0.80338005475914109,0.083583649181627057,-0.79979555408389247,0.5661989334257036,0.19936358608140026,0.11283975568458869,-0.18438887006214746,0.97635441010641588,11.326555397457659,6.1610205979981707,-2.6987334618532692,,0.2590854305906413,0.2222222222222222,False,4
0.83488579837261712,0.54297927613029318,-0.090217566852248854,-0.5301828433620388,0.83734857634638771,0.13324231420694202,0.14789136648317611,-0.063410309758747813,0.98696873118454886,-7.969600916323726,9.4271181212655613,-4.0969517229608279,0.1727011768060021,0.1486128481028934,0.6851851851851852,True,5
-0.13561400666483678,0.99071865460771613,0.0092405956835526076,-0.98793259035176395,-0.13592520930068627,0.074253177692401959,0.074820038206114048,0.00094068530441725196,0.99719660899643792,15.69983015202971,6.4942958651119955,-2.5221409549382869,,0.1735863612842903,0.5882352941176471,False,4
0.51302434926606222,-0.77361736373565482,-0.37191691489743844,0.85785750387577697,0.44706034100900993,0.25341182794204531,-0.029774487470890725,-0.4490581543893874,0.89300630113803936,9.5875172833503441,-4.9812964780181206,-1.8470842786141393,,0.17386929750427,0.4,False,2
-0.019669154676358054,0.99738149190733361,-0.069593706288843565,-0.9946156545963416,-0.012435755671996214,0.1028836800117338,0.10174882793530311,0.071242624752087438,0.99225584625751873,-10.034082981535086,0.034359124627134474,-3.0931786875418963,0.1858549442809975,0.1636398480529686,0.696078431372549,True,5
-0.19962768050831758,0.96248093679150593,0.18379128240429818,-0.97629120802440883,-0.21138832896555565,0.046588104827232503,0.083691494843336683,-0.1701335378169086,0.98186063827856596,10.982251038160628,1.5374243673969166,-2.382534775474658,,0.5073117218973324,0.5,False,4
0.054920961884802805,0.99701810293777338,-0.054208766449819493,-0.99170673676512278,0.060785249206862402,0.11323825207734078,0.11619568064398858,0.047540045153771825,0.99208795371502079,12.187076388755694,11.042744417369772,-3.0781887949644595,0.3434882521170205,0.2910723420540799,0.3448275862068966,True,5
0.63811160977088843,0.76806746931516301,-0.053720908922025482,-0.75593586309686955,0.63822397500597061,0.1457090546656987,0.1462003569065366,-0.05236907777860364,0.98786787341882021,-4.3272012138107758,2.4459395161730533,-3.0634089903537856,0.3242821168592713,0.2480836054056639,0.6066838046272494,True,5
0.86748843229382167,0.49687891502354903,-0.023982569533447948,-0.47421530218238567,0.84056033740826874,0.26187433312977559,0.15027863125699073,-0.21580005324632501,0.96480395418261355,9.0174508604423824,-8.1791892397182284,-1.5035387301949616,,0.3585992597833353,0.25,False,5
-0.29488674542156468,0.95511267515342801,-0.028312278889894717,-0.95549122975134948,-0.29447021229076342,0.017994553111616518,0.0088497029854839246,0.032358489375968767,0.99943714705947051,1.8670551492028591,-2.4894324807080817,-2.2109008986405407,,0.2065028639118233,0.237410071942446,False,4
0.9466317375451363,-0.23727643472280804,-0.21814730573057547,0.31281711817767888,0.83944028535352322,0.4443933594245173,0.077677564632835622,-0.4889170695024147,0.86886494641105338,14.960812505863073,-2.5096652907453136,-1.7855299461290346,,0.1938429996411937,0.375,False,2
0.61270164772620905,-0.76929165558530488,-0.18107191808894524,0.79024721144026977,0.59336771016388956,0.15304935591416458,-0.010297362986051384,-0.23686517089197359,0.97148795933549803,13.31126074346774,-0.73283757428045027,-2.0301268402167034,,0.06734841654261967,0.3,False,1
0.97079550243511248,0.21297361820706026,-0.11044605198716498,-0.19753784777058167,0.97084688947477671,0.13577597687116233,0.13614290708635809,-0.10999343228095587,0.98456414402776771,-8.9956230892159077,7.6734744693713433,-4.0269715786412537,0.1921382900728835,0.1905131332247,0.7888888888888889,True,5
0.99411794012949339,0.013022714592247247,-0.10751711499729946,0.026722894825208565,0.93255532625349369,0.36003673474855602,0.10495431389349599,-0.36079214567516599,0.92672197535952305,11.098998537609685,-1.8734248825928841,-2.1048701019288001,0.8834937579163208,0.2642626849068981,0.5714285714285714,True,5
0.8722324440036715,0.48890252312740262,0.013597297784517626,-0.46796149409955662,0.8261437344609186,0.31384481842317785,0.14220620122727468,-0.2801086447980965,0.94937692379891003,4.1638306003079855,-18.260107157107974,-0.56189186332205376,,0.3084943304124985,0.3333333333333333,False,5
-0.049679549017224385,0.99567892834623395,0.078456446878124586,-0.99706652006142993,-0.054021328867724067,0.05422223344677058,0.058226256809416212,-0.075532560360813891,0.99544187944013285,9.3840170658035618,-3.5591231044471541,-1.9704275308704611,1.410333522935568,0.5076251278733871,0.1521739130434783,True,5
0.82956172434501307,0.55120851820222427,-0.08942323502891758,-0.5382248257578407,0.83192076952799032,0.1349884075241248,0.14879980658479025,-0.063851411020158705,0.98680373675369915,-9.0280526655169666,4.9602034436052636,-3.6383247392506495,0.2248954501422764,0.2191193507432678,0.8033707865168539,True,5
0.24686480703022157,0.9661553286017035,-0.074844158519311574,-0.9602779233128349,0.25426797329762335,0.11495263264974331,0.13009257107121522,0.043493433638326313,0.99054744670935757,8.9211263734327275,13.193368296167616,-3.4126777442907126,0.2551194979865323,0.2403618767059129,0.7457627118644068,True,5
0.50663045364205184,0.85962080807584296,-0.066163810088937389,-0.85012855689280098,0.51086290508783849,0.12767352490073913,0.14355145487877913,-0.0084355514491035871,0.98960690239808702,-7.6487319327827263,2.1739175267658317,-3.0998718433908921,0.2366354086158215,0.2154949777932668,0.7669172932330827,True,5
0.58726986655014468,0.8048389535461784,-0.085722591519791766,-0.79562877887053918,0.59348506090573083,0.12145093130436414,0.14862351790733386,-0.0031211114069947671,0.98888892631500069,-7.0956370532871551,-0.48103284909922106,-2.7788522791144188,,0.1267525349286431,0.7663043478260869,False,5
-0.67694614672451869,0.73497001397072192,-0.039534706255432234,-0.73592373716728243,-0.67679254882875661,0.019185904294994727,-0.012655730266076956,0.042082352759230487,0.99903398744871563,12.86262768645798,-8.2000746011234256,-1.2818960283523047,0.6483123678111209,0.3849041645607384,0.2173913043478261,True,5
0.92575050301418582,0.36198785656189886,-0.10931970486012342,-0.35028844771876283,0.92984512382456475,0.1126323625538438,0.14242194200249486,-0.065976036569371121,0.98760475547398807,10.180564310052127,3.8167188112606714,-2.5752583952172396,0.3830509355659779,0.3494976355480808,0.9717314487632509,True,3
-0.23029658798995295,0.9710130774173461,-0.06400847635026119,-0.97018298064885411,-0.22399719716914243,0.09257558922132271,0.075554388485994772,0.083419776701118109,0.99364615192514283,3.3979907549167958,-9.0784429626665535,-1.4377505780358004,0.3636513537608184,0.3630604067282332,0.8571428571428571,True,5
-0.82613032922406915,-0.46479613397253011,-0.31854863518828874,0.54293795463004457,-0.80785598402698788,-0.22931874431439719,-0.15075495533572195,-0.3623993141770247,0.91974979234884713,-2.7214911550018019,6.9826408278248433,-3.5037151802525131,,0.2321464813416481,0.6052631578947368,False,2
-0.88318756820554323,0.45134332509971842,0.12754968543712286,-0.46590953630626075,-0.81299759353959578,-0.34923232507560303,-0.053926091514815158,-0.36786426272030887,0.92831452690732974,11.671878829598706,-2.7755854618631242,-1.9895883186699346,,0.7520805467713559,0.2063492063492063,False,1
-0.70474597693336216,0.70827583698461472,0.040968850850179483,-0.70876193748008576,-0.70031740021448374,-0.084923818427468031,-0.031458289459471753,-0.088886881487483346,0.99554482486913365,-4.2110946764084698,17.484903548767907,-4.6685006786516565,,0.314549511936376,0.3529411764705883,False,5
0.78622748657765085,0.61411351416243543,-0.06863622274611815,-0.60429730771389567,0.78732380812839342,0.12225377312763383,0.1291166265030507,-0.054642592153643435,0.9901227620266102,-8.4654207609773007,11.69547216565387,-4.394087991527619,0.2767326032455303,0.2757546916247444,0.8539325842696629,True,6
0.6386456166187976,-0.75781105615813749,-0.13361953277153557,0.76944724574851986,0.63095193319000575,0.099250158759627644,0.0090946348806494048,-0.16619886030981812,0.98605031638760965,-10.873886814378801,7.0501850654622871,-4.1232515740452724,,0.141299199888297,0.6666666666666666,False,3
-0.97107098356230825,-0.17299561735258087,-0.16460152265434824,0.19902189056042127,-0.967245657512117,-0.15756308292778479,-0.13195238520423269,-0.18576424413958584,0.97369410681084112,5.8400489604330712,20.56097313671086,-4.1394980337571461,,0.3207156740304635,0.4090909090909091,False,1
-0.050101144272746249,0.99561191983496089,-0.079036576501676364,-0.99420105173871376,-0.042177319305654652,0.098920889896041975,0.095153266177244095,0.083534297260063978,0.99195154978308808,-4.6244693599473665,6.968110920242828,-3.6379114648818267,0.3938772714322087,0.3678503681918349,0.9457831325301205,True,5
-0.75062053081582658,0.65925364011874954,-0.044197926511810585,-0.66071513781178437,-0.74941775138337596,0.042761437976733901,-0.0049320770594148203,0.061299852378790168,0.99810721003017377,-3.7947382930488773,13.384023678843443,-4.1875663123005102,,0.1656115689111315,0.2,False,4
-0.56828768087112735,0.82175127976889006,-0.042118237953498297,-0.82235171169959564,-0.56546792906064014,0.063116427882265458,0.028049492595444599,0.070504293500912557,0.99711702952214987,15.184246929238787,0.67755436996199125,-2.0268393915007596,0.5008638214822237,0.4494927868680761,0.4754098360655737,True,5
0.93977382331393688,-0.31845609625546728,-0.12414054845873029,0.34094369105809241,0.89905971711454724,0.27467985836168413,0.024136290965884231,-0.30046187748138592,0.95348838463757457,11.880607857036837,4.4056207889230841,-2.5288853097745005,,0.2649761665533283,0.5,False,3
0.20410365763393212,-0.8131595357507333,-0.54508097229503627,0.97597622265459527,0.1256610180638788,0.17798798092010953,-0.076237194028363459,-0.56831406630207648,0.81927224552640621,-4.1067435145994553,-4.2592414045706075,-2.2177575495573638,,0.6289524062465828,0.183206106870229,False,1
-0.87887681369604365,-0.45114066421290527,-0.15507303905266584,0.45371458138362164,-0.89091289231317494,0.020427847416203238,-0.14737240239399019,-0.052405337549844527,0.98769178168541616,4.8323514717394627,-7.2831386356501504,-1.5841153475196035,,0.6119777220544469,0.2291666666666667,False,1
0.63939103665272434,0.76356480788837999,-0.090265643533601503,-0.75407633943034502,0.64567028762916978,0.12032769416969644,0.15015983670570862,-0.0088692630610515896,0.98862194979338203,-5.6380623823341685,10.650454864892247,-4.0664053784370999,0.1534158682773014,0.1622633323274429,0.7536231884057971,True,5
0.04287617258661016,0.99559790923692038,0.083345287493630807,-0.99374658463023102,0.033889989945270656,0.1063917013552327,0.10309878447428368,-0.087385763740910394,0.99082509502704019,21.238763570028791,-1.7910318805345806,-1.5233161114914118,,0.2406556779505827,0.2380952380952381,False,4
0.51302509854241696,0.8565971214193725,-0.055196194086088932,-0.84597125004290574,0.51545764484379997,0.13651395706273925,0.14538876286146685,-0.023340692965907572,0.98909924663073345,-1.1723541154796542,23.357281866206566,-4.9997039988993928,,0.1083664454791375,0.2608695652173913,False,1
0.99364322997029697,0.01512948227470505,-0.11155371038336157,-0.00047725152315010455,0.99148511006150819,0.13021923343847058,0.11257399240134987,-0.12933822053986452,0.98518968779743221,-11.619945090931799,3.5340076166030525,-3.6734874662196719,0.2177412538619445,0.2057776988239476,0.7346938775510204,True,5
-0.11618333081921398,0.99260648124984929,0.03512558925546333,-0.98696265518303583,-0.11934416943036687,0.10798928880692926,0.1113829022507654,-0.022121089570053751,0.99353133140451511,1.28956078359476,-13.599821764120449,-1.1191174112773972,,0.4189846098835134,0.5517241379310345,False,3
0.069024711898924646,0.99734596684670185,-0.023164877765452813,-0.99161703245837984,0.071133637349934636,0.10786874698357019,0.1092302617670943,0.015525078163600478,0.99389522680326159,8.9263694222412955,39.138340260148652,-5.9567800929011891,,0.197353260796734,0.5714285714285714,False,1
-0.36515872860047405,0.92662076782762093,-0.089627314795407365,-0.92917619950662833,-0.35683930180212614,0.096422523093878915,0.057364563951134095,0.1184890936749915,0.99129694919472799,8.2173113159591527,19.346025029604657,-3.9170154322090829,0.2711595968918205,0.3807410708004438,0.7945205479452054,True,5
0.51916953914298514,0.85113948396156125,-0.07761809368766405,-0.84215963076825673,0.52493787550998361,0.12331821908922663,0.14570568256020042,0.0013437621484516382,0.9893270684525689,-16.499807877937506,-0.15977679139148102,-3.7721513074849971,,0.1152351865227148,0.4210526315789473,False,1
0.35932916156420691,-0.84843805998560773,-0.38863274696996741,0.93027022003631721,0.29262399665858602,0.22128830582102338,-0.074026153237534031,-0.44104881243170185,0.89442499612289383,4.3907819772543224,0.43745333736498981,-2.39705164986571,,0.4231712888408499,0.1442307692307692,False,8
-0.80495855509274661,-0.54877981186935987,-0.22557136934377947,0.57722356026926824,-0.8122882681386987,-0.083670370587828058,-0.13731236671570557,-0.19755628951988316,0.97062702745084728,-9.7053137806924905,-2.704843232795719,-2.702111266189112,,0.2506972624171605,0.1818181818181818,False,5
-0.52331582553256506,0.84759274433116616,-0.087903848063275947,-0.85165361549840735,-0.51674703421814927,0.087513552294699384,0.028751799172572659,0.12066085688369962,0.99227732598323071,7.4940031902618029,2.9040860855140895,-2.5495195318399841,0.3878255821832394,0.3471610454502341,0.975095785440613,True,5
-0.34045627110002469,0.93703090518736898,0.077862765121765931,-0.93790808299246653,-0.34429201488701255,0.042325362874270842,0.066467701374908858,-0.058618181554718513,0.99606523554692694,6.1717941673881693,16.047768966629302,-3.834677174814102,0.3660960960593951,0.2523982353330774,0.2857142857142857,True,5
0.92352215712589303,0.37181567503056828,-0.09412719638393896,-0.35579279376782696,0.92215378990991625,0.15180209371963022,0.14324214882646213,-0.10670281887720534,0.9839187950452194,-4.666202137423431,14.678334494294081,-4.4050929587996848,0.1832991376985314,0.173555993102648,0.6610169491525424,True,5
0.55567748099733416,-0.79885440317416834,-0.23033492926974797,0.8291457192911309,0.5121016049672793,0.22420821209565278,-0.061154830501357331,-0.31556867512346548,0.94693003859164282,-13.452975052489391,5.7157164200091986,-4.1535360227508091,,0.2621318341327958,0.7708333333333334,False,4
-0.53026900713718461,0.84564940123064558,-0.060760762569238014,-0.84722909291590653,-0.52583446103070786,0.0755048588465356,0.031900535836167171,0.091516172291000009,0.99529249269878939,12.258321987938324,8.2526396849196662,-2.9028044663645933,0.2729438066059494,0.2693495507769134,0.7669902912621359,True,5
0.26844767933934038,0.96242859029577332,-0.040829548596726092,-0.94766055418649087,0.27145883881032662,0.16807609250188357,0.17284477862022693,-0.006427084334197225,0.98492810655940011,13.375387427292653,-3.0387228372520236,-1.8782226128726505,0.477260938580741,0.473700856337411,0.8248175182481752,True,5
-0.98417190788764686,0.15122588534560455,-0.092392571813036048,-0.14704929827582888,-0.98783957126755984,-0.050492428288902061,-0.098904800699335438,-0.036106966631962827,0.99444161586252167,-9.9228498124039799,-34.257396283640816,0.34921587104931023,,0.5587427701100057,0.8823529411764706,False,3
-0.66732514282503574,0.74081624745252861,0.076605752159349921,-0.74409857312662453,-0.66754560493040416,-0.026460892067780892,0.031535174400462045,-0.074660249453473881,0.99671027883085361,3.4224745628208555,-5.4948704814439369,-1.8693136234816767,,0.4720845282565226,0.4,False,3
-0.70354180490486407,0.70587818329000473,-0.082249128301813246,-0.71062770654882823,-0.69978137618872327,0.072899164772780078,-0.0060984782001969953,0.10973611937105668,0.99394204693685373,4.0183030882299526,-3.4766744014547117,-2.0561217055835979,0.5048556617294897,0.440516722575537,0.9618008185538881,True,5
-0.24003581727812676,-0.95917020596896085,-0.1495838306939781,0.96416025938567995,-0.25349829120713208,0.078317370847113821,-0.113038934199514,-0.12542381088344834,0.98564246409056089,1.7283815699593346,-11.76413319728592,-1.2833097546235128,0.4589223847427329,0.398853976469652,0.9620253164556962,True,5
0.17079012681036138,0.98280606273684756,-0.070163919729415117,-0.978163874388843,0.17768078047353456,0.10781917775110082,0.11843212159168866,0.050217360524133059,0.99169150912835835,-10.6683696081991,2.0132268640337987,-3.3925603710044459,0.1737237886730272,0.1313884533719201,0.5365853658536586,True,5
-0.32144764302151696,0.94497163130188189,-0.060827862288360277,-0.94521929641939462,-0.31634858000516558,0.080523646248421232,0.056849753494073743,0.083379805488953102,0.99489492589131634,6.7389828781820711,-3.2160471983381806,-1.995382177204778,0.418241953606791,0.3877980366459202,0.9467592592592593,True,4
0.92009378636750083,-0.36146082683016595,-0.15090889620949832,0.38399807138714592,0.90839162299729992,0.16543923488485021,0.077284574520849192,-0.2101683371385544,0.97460574829289159,5.5652732779201912,10.828623511929196,-3.3665485785555731,0.3294724554062131,0.2979920384255869,0.99644128113879,True,4
-0.74723348220457808,0.65608342501141603,-0.10581428305152976,-0.66431695343095842,-0.74174908238341997,0.092148164211575623,-0.018030764172086773,0.13915041576884837,0.99010709185154622,12.681372459231051,15.917849647743971,-3.4454360116576641,,0.3856645822901608,0.7083333333333334,True,1
-0.69244445948785927,-0.65434167261245968,-0.30390400788290989,0.71472363295076136,-0.67961713931646694,-0.16519888755366469,-0.098441856068609668,-0.331598430982463,0.93827058013333042,11.589449469483949,3.0625013526809637,-2.4521578806461144,,0.4075031771008108,0.4761904761904762,False,5
-0.85736696559138548,0.50391858905394726,-0.10482338440681736,-0.51144822215123664,-0.85696238398590341,0.063531004175420125,-0.057815243413478774,0.10808111786559599,0.99245950526455429,7.3802917757840873,-12.416075961462649,-1.0261697034987356,0.2893606386551618,0.3039774538837422,0.896551724137931,True,5
0.30285798107345929,0.94380694712322188,0.13230831365433157,-0.9471403875415545,0.28265227893415518,0.15176552803902427,0.10584011332072339,-0.17127794888797948,0.97952117620650958,3.7797428724091602,-13.43239028696693,-1.077779444977141,,0.2247700352726638,0.5555555555555556,False,5
-0.14749408188595106,-0.9665754053051312,-0.20970808679648517,0.98219530166738234,-0.16808243324651756,0.08390878986405903,-0.11635241807174108,-0.19359824765000269,0.97415698597079703,-5.6107065499892155,18.909045211296462,-4.9531277396839171,0.4077651887139716,0.2742581050334197,0.9285714285714286,True,5
0.97505293734362464,0.21621655256142489,-0.050221228340440002,-0.1835543800683693,0.91261036237480542,0.36530824798222661,0.1248181033956479,-0.34697655379662173,0.92953090974971553,4.9325810357837883,-5.9975199796479011,-1.7725013090643689,,0.3332482160038416,0.4545454545454545,False,2
-0.91289631730688403,-0.32724576823816315,-0.24398877231902141,0.38196557442962409,-0.89564105046739861,-0.22788025072020279,-0.14395351262882125,-0.30122635324265623,0.94262403444531084,-8.4336488899572668,-4.4731372505092812,-2.4371972991431132,,0.3422532530599376,0.28,False,1
0.98398279917487252,0.13826159135314153,-0.11252370098996214,-0.12602099031061242,0.98596804113423953,0.10947936729376365,0.12608156458861874,-0.09354546604944132,0.98759945567647922,3.8624904464929792,7.285641237503981,-3.1322616638185101,0.46700177697648,0.3763932980131611,0.9954476479514416,True,2
0.10084819293256272,0.9947631446557571,-0.016611081145589408,-0.98870855247707257,0.10206649695788321,0.10971703813646297,0.11083790074215702,0.0053587529645595378,0.99382405058729384,-1.7441762770132865,15.997669851283229,-4.2727512585996053,0.3669665785813634,0.204765617128236,0.38,True,5
-0.42218746703971077,0.90474240279624862,0.056559059902589179,-0.90544183930831823,-0.42389499006503811,0.0220932801487672,0.043963829502942246,-0.041883433243142976,0.99815477743444381,5.0113014877790363,-9.1904166786434249,-1.3922039816875738,,0.6366401673505429,0.7,False,1
0.43082295808130283,0.90134757945618715,-0.044318391199906534,-0.89081148455632275,0.43261724136485213,0.13891443933740694,0.14438309379091702,-0.020368197817610748,0.98931221499839261,-11.88609462378315,8.7823795859531515,-4.3860780361212592,0.165108683906809,0.2025317149259789,0.75,True,5
0.035122697787016717,0.99753683317430974,-0.060717893250107985,-0.99362548669553852,0.041368005163942574,0.10486696494993433,0.10712043824227298,0.056647635513988055,0.99263097730297456,-12.923445420051365,-2.540805916712821,-3.0770749526360932,0.2720569871449033,0.2177306926482013,0.28,True,5
0.37478812052668814,0.92503975910253844,-0.061929869946493188,-0.91724607481613818,0.37969060772651692,0.12039385631607506,0.13488329380045591,0.011682742990632856,0.99079261733712698,-9.2932448438945272,1.4411354170626438,-3.2001431584407127,0.2217381474611698,0.1708824751060664,0.5825242718446602,True,5
0.94635346782851226,0.31610096351497086,-0.067046959616789081,-0.2898049591940105,0.92205074004863286,0.25658433000151393,0.142927252668993,-0.22338892909156213,0.96419354219151365,-2.4109725085543929,24.731641835497548,-5.2635238981235188,,0.2698764668279238,0.3888888888888889,False,5
0.4438032466355169,0.87152022226532844,0.20854539184160131,-0.89104140278334643,0.40441858186509683,0.20613303754641329,0.095309479075596087,-0.27730508979248208,0.95604288103281332,6.9930371968235336,-7.7501574178580404,-1.5320097607219851,0.68743522895826,0.3799199462950886,0.2857142857142857,True,3
0.013780550303847096,0.9949125175153235,0.099795685901968925,-0.99456708319268272,0.0033395240279669169,0.10404405129014682,0.10318145891061636,-0.10068728852535426,0.98955326105596209,-15.937475959137631,6.9071168582058524,-4.5688333440586932,,0.1923705856294816,0.3333333333333333,False,1
-0.33184948692960697,0.93985672071030824,-0.080902796986396519,-0.94150897479288076,-0.32465796628428206,0.09032195365808332,0.058623957636921006,0.10614400342845344,0.99262111710720979,-6.8630635390926304,5.2289336952021319,-3.546564526801891,0.2283603963786948,0.1810907551032,0.7222222222222222,True,5
0.80712021498929509,0.58393810675153723,-0.087024399102009237,-0.56653177650714959,0.80752466176972015,0.16415135345574933,0.16612857900821568,-0.083187788269259627,0.98258897160490344,-3.0677759562607481,9.2815530352451248,-3.7168502858053922,0.1867299447419129,0.143776691304246,0.3700787401574803,True,5
-0.2000273754156833,0.97693994820035546,-0.07468190339432805,-0.97673174071556246,-0.19280488769364254,0.093922212283302151,0.077357325206221156,0.09173119911855708,0.99277451183297949,-11.477410761705221,0.42327962182877721,-3.3140880660439422,,0.1169101940539002,0.4666666666666667,False,4
0.77922017019464429,0.62634170375493936,0.022627339640140159,-0.60454381960844017,0.7415965322365542,0.29079434923663272,0.16535627153231464,-0.24027204063743735,0.95651798203319416,13.553852564170588,5.7037717453550245,-2.595939807690701,,0.6933601053349155,0.2727272727272727,False,3
0.51901874939928505,0.85340731113669699,0.048119632900037776,-0.84749395539885508,0.50646273410790832,0.15890089528490761,0.11123638493948493,-0.12325364196799342,0.98612119255557007,-4.7398247605029162,-6.3174640194592255,-2.0379139514214439,,0.4579041731163612,0.2727272727272727,False,2
-0.56570784041871069,-0.77977256315164478,-0.26819654927815734,0.79946171134519384,-0.59834289562226428,0.053354956202559874,-0.20207823084590595,-0.18422955521380641,0.96188557510959205,25.684004988488546,4.0569359187524769,-1.8167478348422521,,0.4303091056188708,0.2608695652173913,False,2
-0.16555271907025557,0.98593979546548505,0.022693984355420055,-0.98185347468171558,-0.16693759224129803,0.089975521960819732,0.092498926825606287,-0.0073864750833624454,0.99568538631535408,3.2286693617617765,-16.159003757537175,-0.80150874817298012,,0.3251124360891303,0.2727272727272727,True,5
0.66147444679450329,0.74855350445594782,-0.046034847720224495,-0.73322877376882034,0.65838744559482532,0.17000451994165416,0.15756624497454175,-0.078699570836436195,0.98436743952387129,9.9986010965086933,15.904509218661049,-3.584016033508246,0.2629842024447511,0.2192425643468408,0.6666666666666666,True,4
0.98605856613445031,-0.11758820829065923,-0.11773494563579856,0.13686058480857619,0.97556219846760939,0.17189408729476408,0.094645044660174593,-0.18561091075698638,0.97805465354919496,2.6288649326505515,29.529821698911626,-5.3834155690825218,,0.1773131496286361,0.5454545454545454,False,3
0.82450540922675397,-0.53072976370296676,-0.19625684211159844,0.56439250613813396,0.79624053733671352,0.21785799438363365,0.040643931538917495,-0.29039098577871864,0.95604453149815383,-8.2986506124474548,17.513256465065517,-5.0103757676567948,,0.3399211196634775,0.4864864864864865,False,4
0.82748670926076262,0.55515522572462384,-0.084073904081092665,-0.54128916786871628,0.82852742384989086,0.143346938148874,0.14923733696628233,-0.073109392551888863,0.98609494166429368,-9.766818552608731,6.2964371854698129,-3.9038889674566359,0.2185562280480202,0.1914203009665172,0.7183098591549296,True,4
0.91067132918151716,0.40840231773105801,-0.062331990812658243,-0.39061832086705944,0.90031454237412079,0.19196627879051448,0.13451787096801882,-0.15047016867664592,0.97942006857561059,-3.4151927274708669,19.194169083695126,-4.7551787816113409,,0.1442961537332051,0.1666666666666667,False,3
0.84616930743937602,0.51861984868053546,0.12260079813013039,-0.51096081426090922,0.72419853235036225,0.46309343768985756,0.15138213050883942,-0.45449965709135548,0.87778899074119454,-13.961766287870084,11.659322324461334,-4.9051498208592621,,0.6444680185534339,0.3,False,2
-0.86263779625003523,0.49850656594783982,-0.085716020601598164,-0.50358901915804788,-0.86231420235564782,0.053031275669905883,-0.047477702812129388,0.088912429517105609,0.99490725578470274,3.51192589612659,30.785055446232501,-5.4678477166746093,,0.3284305063735556,0.7567567567567568,False,2
-0.97095910533881369,0.23891887347690666,-0.012497505998263138,-0.22210722389117668,-0.91958896265962531,-0.32407486920455569,-0.088920171249303528,-0.31188765870281082,0.94594888418660039,-7.03732347325177,-11.904445618477421,-1.6107186435949357,,0.2344983560534742,0.25,False,1
0.66948138497154386,-0.66261592064863495,-0.33576005849347967,0.7428280576518479,0.59784120994796108,0.3013177134739024,0.0010732855006886435,-0.45113859222074937,0.8924532585336411,8.764718663937261,21.628065679448905,-4.1391466941502566,,0.3811950345268818,0.3684210526315789,False,1
-0.36957620597717356,-0.88851504494605049,-0.27194566163120959,0.92004864781078366,-0.390888073987746,0.026776842153246272,-0.13009194301365165,-0.24030715453075691,0.96193999700826704,13.202558266377839,2.2141960615450023,-2.2887750049105144,,0.4098034305733628,0.5384615384615384,False,4
0.44543862539989737,0.89514542170491718,0.017294652427121512,-0.88405836127449999,0.43670420067654558,0.16652403722017151,0.14151058215729106,-0.089465720318927702,0.98588571347054188,10.036944439132377,2.1411341723183206,-2.4644739326093252,,0.296835361923598,0.1818181818181818,False,1
0.90424936214072182,0.42542661643626728,0.036678128301301932,-0.40164274479395556,0.81823564248037162,0.41130711023408234,0.14496964034747112,-0.38665569619795237,0.91075857172754726,5.4708092685607577,-10.272995338054907,-1.2809457939497795,,0.4595716142994567,0.25,False,1
0.85098937496444693,0.52404830252087187,-0.03450304801917331,-0.50369652042753554,0.8330097307487605,0.22887683104034742,0.14868388953351355,-0.17739268615946677,0.97284373662490919,0.59385964759668419,-25.737792275747015,0.15550112535742486,,0.2751465119310509,0.25,False,3
0.99185112091243754,-0.018587920920328984,-0.12603905402929988,0.069253442685749553,0.90903715268875185,0.41092020601048423,0.10693603050849032,-0.41630030534145274,0.90291679636149247,14.812182188901987,-6.9196596586386905,-1.333130691487235,,0.6315745940713531,0.4375,False,1
0.99348923344446061,-0.0016569364562206866,-0.11391399207962767,0.020014351569344807,0.98688190283147192,0.16019842569448511,0.11215421865090987,-0.16143532582837264,0.9804897076530128,7.40970576879897,36.959895471090611,-5.8563261071612702,,0.3268738545099352,0.7368421052631579,False,1
0.99551909153925755,0.07660626350392663,-0.055436619420904457,-0.059898142369282772,0.96450462159534711,0.25718290662858206,0.073170697150979638,-0.2527099430437667,0.964771337553752,-5.979116329018674,23.883838860868785,-5.5046215772566178,,0.1828886948239059,0.4761904761904762,False,3
-0.18369305526955154,-0.80709832747529942,-0.5611142051599749,0.97553669932199183,-0.2198135400339577,-0.0031868312934415916,-0.12076841359267193,-0.54797289842136598,0.82773225917200755,7.2843762632745701,1.2771380539537731,-2.3832200816084046,,0.3017647102560802,0.6538461538461539,False,1
0.65028917194686686,0.75393817298224419,-0.093280352533922098,-0.74445087099921303,0.65689322734407762,0.11951647810236919,0.15138326696557414,-0.0082776318882035529,0.98844048242327265,-20.858711841337151,1.6224829978818849,-4.3895219464444795,,0.1472710600817738,0.2,False,3
0.70970991386488647,0.69805099189332165,0.0950613006361931,-0.68793346402242339,0.65760331230467839,0.30709189622004801,0.15185317658845415,-0.28334201305606832,0.94692022705047874,15.787880077989355,-1.2831167058941384,-1.8455010916602717,,0.2659614411155751,0.125,False,1
