axis_00,axis_01,axis_02,axis_10,axis_11,axis_12,axis_20,axis_21,axis_22,location_x,location_y,location_z,dbh,dbh_approximation,score,reconstructed,number_clusters
-0.42512480786652929,0.88129075228463405,0.20638679142335936,-0.89004597483853187,-0.44848618987104294,0.081720867400446734,0.16458147043386467,-0.14895216491389962,0.97505189203307963,7.6148772549079489,-12.19534115570305,-2.5728214150242446,0.2835522776316851,0.2176095433678673,0.15,True,5
0.075586923137313689,0.97390044116200514,0.21401997045856413,-0.99218421036582904,0.05208784291621335,0.11339025231946356,0.099282978155218388,-0.22091805567854039,0.97022579996815328,-1.2408339910026847,-11.525665777494009,-0.62824560935548146,0.3158227043764411,0.2698689078046493,0.8701298701298701,True,5
-0.50599628080719394,0.82994604395460159,0.23485597274370806,-0.84428980123483888,-0.53228752919339906,0.062005788407387144,0.17647236423905771,-0.16691180422394439,0.97005049057798232,-9.8923741339263938,6.5279022328742649,-0.49525057546971701,0.4159756563411142,0.387769999180903,0.4027777777777778,True,5
-0.27722353256775506,0.92836126091197735,0.24757318560089708,-0.9489531543596269,-0.30490614517063003,0.080747467255007616,0.15044940618549002,-0.21255025729250049,0.96549850559352146,-8.9356666918285512,-13.299313820744118,1.302204708093887,0.3030832241236144,0.2737412084854379,0.2307692307692308,True,4
-0.93072217766012511,-0.3406880795163405,0.13299571604778143,0.34347163903678235,-0.93916061896240532,-0.0021365784652109671,0.12563224581683136,0.043691695613919099,0.99111430952509194,-14.91265399908265,-1.6390286426024672,1.43515644068355,0.3084893631277323,0.2972280766540061,0.8,True,3
-0.26257845613351061,0.94630550100263089,0.18856949155868793,-0.95292540312685081,-0.28502308869661847,0.10341670554300531,0.15161045626892328,-0.15253765988109169,0.97659947361645105,8.8494372008307973,2.2631671847657171,-4.112896198322149,0.3791187054585156,0.35236474004645,0.9034090909090909,True,5
0.97365706200239854,0.1417711680514607,0.17858572597545905,-0.17577515875370939,0.96556148023326704,0.19181793830309546,-0.14524124475494393,-0.21815582458203203,0.96504560359755431,0.29827756468185707,8.5925702862925295,-2.61686826160738,0.2263664137495344,0.2271503778251712,0.2456140350877193,True,5
-0.86108800678425723,0.46836787489605997,0.19788627627418359,-0.47213376221082642,-0.88099143008484782,0.030721502204551804,0.18872507823011889,-0.066974875008485646,0.97974344139914094,-1.9667465537795104,-14.679896987044632,-0.20989083034396294,0.480710064770115,0.4130909897600332,0.8985507246376812,True,6
-0.6629410676773847,0.72143672313484364,0.20009546546393259,-0.72309970303351678,-0.6862607396743583,0.078568547488434407,0.19399989757628383,-0.092602654897478945,0.97662110772106958,-6.4505633006163423,-5.1211773673190386,-0.10709177532272071,0.5808637468869284,0.4919406157224175,0.8832807570977917,True,3
-0.98258417536291143,-0.11952296768475765,0.14227648618874111,0.10070557100368246,-0.98600900790476398,-0.13283306929934713,0.15616249964446946,-0.11619163707638877,0.98087347664125346,0.46053257956961974,-4.5540279396743975,-1.6865566335163802,,0.08662521334890036,0.2622950819672131,False,5
0.12460798718362329,0.96924740050392466,0.21220821413515628,-0.98824529268718941,0.10214772665825705,0.113741300415296,0.088566873105346722,-0.22388684319302093,0.97058260361156601,9.0260472561487539,-10.36009589197907,-3.0826529998818715,0.2317635089097341,0.1988991914203015,0.4333333333333333,True,5
-0.074260158443763838,-0.99279627486521205,0.094026514779947959,0.99187886237068112,-0.06376935785285251,0.11004449727849563,-0.10325575649884648,0.10143483431638035,0.9894691622971673,8.5658339484450732,-5.9761060819691343,-3.3692261809651809,,0.1041426732735293,0.2941176470588235,False,5
-0.98219434175441778,-0.089297299831276877,0.16528843658420045,0.10451133420752311,-0.99082035010245062,0.08574622350296679,0.15611424037470004,0.10149397058791398,0.98251072151225427,17.291504744400839,-1.5993633603362318,-5.8289906109362288,0.4531905579221898,0.4567399858711513,0.9076923076923077,True,5
-0.74250657208452242,0.57414050792422389,0.34503140084897499,-0.65101759160024275,-0.73979060303379829,-0.16995869818843867,0.15767081479560929,-0.35081696199500312,0.9230749554279355,14.30001962927501,0.74627776188812656,-5.2521380387463648,,0.3916838621483726,0.2272727272727273,False,4
0.65414788634031018,-0.73012159029227897,-0.19751710352669985,0.73098581333731749,0.54317949399118659,0.41305662808755106,-0.19429432183181164,-0.41458232077182311,0.88902824241267153,-9.93882329499659,1.0482895823755705,0.1167656119092063,,0.3595527125925542,0.1458333333333333,False,2
-0.68261972639376278,0.63439215931934045,0.36273529926414455,-0.70438576614083981,-0.70337445386904229,-0.095420490999616414,0.19460473169038306,-0.32064149113701812,0.92699408442834352,-20.318077462132589,7.2369966911486614,1.4096969616906154,,0.2962096525053058,0.4,False,1
0.9806515183591078,0.093383269247031969,0.17205279586427408,-0.12099127964538656,0.98004932803388412,0.15768457397635435,-0.15389512594539537,-0.17545050482990587,0.97238542284691931,-9.7882728338800309,4.2587084526468164,-0.25214791551575017,,0.09839675253615457,0.2236842105263158,False,5
-0.89467364769044166,0.40648523451472968,0.18528037740080866,-0.39871864814482599,-0.91365219128774411,0.079139831795798629,0.20145099590184035,-0.0030704196146584123,0.9794937818963162,4.7884133610764579,-8.8486635967931271,-2.301439662573519,0.5370532602174554,0.5347303404180771,0.9103139013452914,True,5
0.60552834751069418,-0.77672952141991725,-0.17328205595431459,0.79468213563399259,0.57849355555494353,0.18391712667828572,-0.042611309122868993,-0.24907118808924114,0.9675473216327195,-13.738385882104513,1.5450477562241045,0.75951941712155757,,0.3303808476889123,0.5,False,2
0.41016479341050044,0.88626845044836877,0.21515825800180011,-0.91135204456037311,0.38932967626829557,0.13364076493515081,0.034674098721519539,-0.25089965507483603,0.9673918905806369,-15.514700978219775,-11.193768341775442,2.599172445366563,0.4177274779041553,0.3949204358046863,0.7714285714285715,True,3
0.39444064724913697,0.81472942428219486,0.42500887167973683,-0.91768401544961975,0.32525190300162182,0.22818248701879779,0.047672041973698107,-0.48002829583538575,0.8759567407192157,0.091960457634952475,-10.794476807250467,-1.038834586253502,,0.5476958993512414,0.2105263157894737,False,3
-0.81708288456737233,-0.56556694797622042,0.1118462654893992,0.56623768779791117,-0.8237400018415878,-0.028762654315905356,0.10839944955735406,0.039830098203294612,0.99330917775523364,-10.606212723395137,-5.3998607067650717,0.92605423565743494,,0.1550389720435664,0.1176470588235294,False,2
-0.39034166838987355,0.89012532405468903,0.23518139678797703,-0.9073416691573386,-0.41523653223507778,0.065648440256881976,0.15609124680578346,-0.18776455941929313,0.96973191805606451,0.29885967188111423,12.291589681632072,-3.0700910880687968,0.3748892871803582,0.241089597231994,0.9397590361445783,True,4
-0.96934768409508443,-0.21470785365857742,0.11943870778280551,0.19309332429345033,-0.96633893985454433,-0.17001182733593254,0.15192114880030344,-0.14173775396176344,0.97817706661374637,-6.1823514989714319,-10.014625308285403,0.27618436552666559,0.5373295485568514,0.4327015426825419,0.7261904761904762,True,5
-0.69473637883713468,0.6170600761138767,0.36956491498328303,-0.6863042164322074,-0.72246183333700598,-0.083877421745696387,0.21523913776922221,-0.31190665564823766,0.92541144996952174,1.5498884247045726,7.1952188157019394,-2.8225919354356472,,0.3731820292347969,0.2,False,4
0.65005011798807322,0.73188816253339972,0.20438826200928709,-0.75973825251037974,0.63136731107019017,0.15547702783521811,-0.015252271180641042,-0.25634944130128778,0.96646382869114678,-1.9588208356256911,8.0779094235960613,-2.2093138059566249,0.3619244153948139,0.2447150099917386,0.2989690721649484,True,5
0.057563952622673262,0.90045372818875746,0.43112582241083802,-0.9930868595062935,0.0073965420663172979,0.11714854092727053,0.10229800014849659,-0.43488892208979979,0.89465453925478411,-0.76272772008762746,-9.5109592366591613,-0.95867490117495946,0.5801859383294046,0.4219937992512361,0.2916666666666667,True,4
-0.9863442120634307,-0.019809452388332732,0.16350131780828464,0.02766717818762859,-0.99856178870237988,0.045922558668248133,0.16235646762634776,0.049819070039283736,0.9854737123233257,13.50072941325026,3.9821324413590111,-5.2934596641036693,0.6407053935104191,0.6118611277729245,0.9560975609756097,True,5
-0.55630431596756746,0.80499467233795152,0.20617731578273424,-0.81064675972274469,-0.58027249079176713,0.078330500964409827,0.18269466053192041,-0.12356137720920357,0.97537441378954226,-8.9107851357210546,-9.6434902295633229,0.8243660184204944,0.4067782623023073,0.4038107490029256,0.8484848484848485,True,5
0.39436869573862793,0.88732322112551998,0.23902057039686764,-0.91814279862383785,0.36954461059500032,0.14300553176494724,0.03856336547293561,-0.27585192047839741,0.96042625162569328,-4.0988802604485333,11.384750136555416,-2.1141971377540036,0.2281081042278676,0.2076284781191328,0.5,True,5
0.62130230038162404,0.75958209810732824,0.19240189129884008,-0.78334898957526766,0.60795484203258776,0.12944215148295951,-0.018649720424404437,-0.23114053362402634,0.97274161093483147,1.5432388425970522,-11.650614711800751,-1.3216499397627761,0.4055348620647879,0.3415868933593073,0.8743169398907104,True,5
0.51069167799945014,0.71431149890048851,0.47849043100216965,-0.85974305608812318,0.42040619470805435,0.29000087751478731,0.0059906201982057178,-0.55947986021806861,0.82882229608041436,-6.3374170156936511,-14.46454788420443,0.7737858710103821,,0.4365905348480995,0.2,False,2
-0.14758742937710145,0.96607451408538481,0.21193863244945799,-0.98090466164480583,-0.17041500462193296,0.093727109009053455,0.12666489432098973,-0.19405864947070489,0.9727781068220327,12.183004841055505,-10.096303175485064,-3.8802383766117146,0.3170810818697842,0.2822971065594156,0.835820895522388,True,5
-0.077820306300141182,-0.99627464220840856,0.037159618133934452,0.99322821310776022,-0.074249444367304435,0.089357353910643422,-0.086265384796670563,0.043861797770430866,0.99530619714850954,-12.289871728053312,-2.5151901868691233,0.96612374960969771,0.3480239396045347,0.2974092227337076,0.4,True,4
0.96002339233867307,-0.23228785220865159,0.15619679855502011,0.20824104771348595,0.96555323719845443,0.15602119145415777,-0.1870581519467556,-0.11725740851595248,0.97532555997389259,-22.162829447170346,3.9221678426627991,2.1449351770093665,,0.1195085393947071,0.3,False,1
-0.78460945230404955,-0.61660047190234257,0.064744616802840466,0.61684218361078191,-0.78686760819842883,-0.018576535908643818,0.062399742574955452,0.025361885140719839,0.99772894460804684,-12.566089131508896,-8.0807401628237621,1.5847571994725285,,0.2152814689851516,0.28,False,2
-0.96382695162032794,0.20120283487827312,0.17479996157669028,-0.18979100275110264,-0.97856867576159645,0.079891940099903969,0.18712825175530559,0.043826545097030059,0.98135735149835235,7.2247893691868947,-3.8549015296354017,-3.2640764941698941,0.3985329110405974,0.3837246855820006,0.6820809248554913,True,5
0.34668255220965349,0.91078663179621866,0.22422961297451252,-0.93739732460309666,0.3279777751405315,0.11711889190401156,0.033127991492957087,-0.25079531565634505,0.96747312408380437,-1.9682257284568994,13.406589963969298,-2.6951551024515643,0.2282129668310101,0.1915680957629906,0.631578947368421,True,5
-0.78919959524840144,-0.6115897189320344,-0.055874990437536687,0.61174247446461183,-0.77483634685016245,-0.15937308598320096,0.054176967390888037,-0.1599582798623761,0.98563593933449722,-11.475258143662904,-7.173807659534063,1.1956828340839059,,0.4354712573480539,0.2857142857142857,False,4
0.55100879085386811,0.81051446013780437,0.1986343935709054,-0.83445809053977071,0.53277584806815237,0.14081758003878841,0.0083070773728083913,-0.24334380128284358,0.96990452460164223,-7.7061126185178246,13.118666251256018,-1.5964249248183411,0.200904247862175,0.2726863079686751,0.8409090909090909,True,5
-0.82769629339698814,-0.55667980257874039,0.070897413900513684,0.55517697355915097,-0.83071056626070761,-0.041212657430885397,0.081837484850086073,0.0052490478858740613,0.99663186461687192,-12.485549743442213,-10.654203307067274,1.8999016993662803,,0.2096875269306178,0.4210526315789473,False,2
-0.33168576440108583,0.88782889354243455,0.31897399499784373,-0.93178866478332134,-0.36117483243335841,0.036367906154349289,0.14749385707541601,-0.28515363614717021,0.94706544964805062,5.1978440112834656,-1.8417907453080533,-2.9351852149126616,0.4584725092840456,0.3590509309766995,0.2218181818181818,True,5
0.88421369822251417,0.42607708393581162,0.19137516667639906,-0.45873211212571319,0.86929649892989547,0.18408814805116608,-0.087926021065134072,-0.25056319660513021,0.96409911281292648,0.85599044400575142,-15.681969276613724,-0.78686918923346327,0.294050635567171,0.2543494097976645,0.7702702702702703,True,5
-0.68217012135424615,0.59068760700100986,0.43096644471113221,-0.69642283148352591,-0.70447234302459139,-0.13679896820484699,0.22279848590150103,-0.39345504044155122,0.89193831952166724,-5.8945804003117468,-11.137194208430525,0.2531905249059368,,0.5841917757335375,0.2195121951219512,False,2
-0.3066817586158464,0.93055832338295297,0.20001876340733396,-0.93887120223930542,-0.33029210146703653,0.097097854323408006,0.1564198342219191,-0.15801371614893478,0.97496897436317986,9.9617275489080335,-2.6276386532415388,-4.0349396950103964,0.2637388080569124,0.2347414306500478,0.8181818181818182,True,5
-0.91171942445738041,0.36854783469787572,0.18149431012186068,-0.36792537504377043,-0.92906424227864071,0.038347778529091131,0.18275286445362129,-0.031813947550133892,0.98264401655699984,11.887202628119498,12.149274774506365,-5.6253800437292245,0.6085237704259744,0.5401028219571197,0.9705882352941176,True,5
-0.95053517666322473,-0.30518320288077122,0.05784540262845736,0.28865219443915796,-0.93665232993622971,-0.19839940390659622,0.11472919668189457,-0.1718884100353141,0.97841278912545948,-4.7895686215193081,-5.4905647440142404,-0.51196713763670176,,0.3493316710709439,0.5192307692307693,False,5
0.98017776485001107,-0.099098047159807662,0.17155502424222435,0.0082969127517843362,0.88568683297620499,0.46420899940799332,-0.19794623141759199,-0.45358396239471865,0.86895274815485835,-2.5999636920733393,-12.339597095901446,-0.30533511709508643,,0.5893881266297115,0.1785714285714286,False,5
-0.97767438297033904,0.11279532431559419,0.17728512542259972,-0.12202375578764928,-0.99163780252950273,-0.042007994690712896,0.17106432681024727,-0.062703137138414022,0.98326258582636916,10.351224880659075,-14.927976712840742,-2.8865570699663956,,0.2650576915771168,0.1333333333333333,False,3
0.98395782657771169,-0.068240857323813658,0.16483379783338195,0.043804679432322913,0.98808022189729439,0.14757582849242062,-0.17293971659597665,-0.1379878997851037,0.97521853650174173,1.2386689980749614,-7.4447695988376301,-1.5755999519849404,,0.3913027036758935,0.8173652694610778,False,1
0.98592886623376974,-0.025812647449467985,0.1651604612449431,-0.0057349653714825867,0.98220170556823316,0.18774163030889437,-0.16706699524197099,-0.18604708224130567,0.96823297934449404,7.5957040347927753,-17.013545245058555,-2.1123764998023589,0.3044813676439164,0.3331524786710806,0.2631578947368421,True,5
-0.40692184914442275,-0.87280924824016115,-0.26947843118759907,0.91292567197087304,-0.39869999626693381,-0.087206825611749722,-0.031326125604912797,-0.28150014060954387,0.95904970918685617,5.1091536361260124,0.71363457911991002,-3.1568868521607993,,0.4331332558630329,0.2892156862745098,False,2
-0.77623072124661829,0.58856682342063515,0.22595345043060716,-0.59801606319598721,-0.80085750404566969,0.031686690791439723,0.19960625128619261,-0.11052761004510356,0.97362261265091299,-6.2550293348464914,7.6405559582414995,-1.3314120494429185,,0.2115024347132074,0.5370370370370371,False,5
-0.55393238026298652,0.79490280850033468,0.24756502809254249,-0.813266141802514,-0.58026618899011784,0.043466452725487145,0.17820522072552789,-0.17725877962223541,0.96789577143047834,11.016290317206261,-3.2024234547493533,-4.2972784325382483,,0.1220356305579384,0.2941176470588235,False,2
-0.28841276538212796,-0.95729830636951807,0.019950673840419569,0.95581538308736891,-0.28660328046322509,0.065387407665887298,-0.056877326046331042,0.037927724025718895,0.99766049211745822,6.56825658039208,12.298133045139092,-4.5006367574235764,,0.235900979781004,0.2692307692307692,False,2
-0.63588358457604433,0.74835646916816589,0.18871847265404515,-0.74748272900686807,-0.65804366546098436,0.090819073894837885,0.19215003695853011,-0.083313440697327518,0.97782270064465515,-9.3279675179800527,2.6976456873677011,-0.16754762153296876,0.4004398329091994,0.3496225024393221,0.807909604519774,True,5
-0.33562108766582865,-0.94096131182458143,0.044162146272203384,0.94026397857952682,-0.33179274935150244,0.076270715635614925,-0.057115112709370336,0.067122135895189172,0.9961086701625792,20.250241493202637,0.095165384747920745,-6.6394584641549699,0.5081283284688197,0.4377252718931591,0.6290322580645161,True,5
-0.67502978471123654,0.70851363336934758,0.20577468523233575,-0.71133024760229302,-0.69901910528282452,0.073359180036718666,0.1958164155497738,-0.096854126289822207,0.97584589440232461,-13.665599397132672,-6.9215974068735413,1.7020426504076833,0.5011703901867811,0.2595958558397492,0.8441558441558441,True,5
-0.67318056428145079,0.7126266677624522,0.19746179445019782,-0.71356977234558983,-0.69607089627577257,0.0793945045485282,0.19402604945824001,-0.087455930339954871,0.97709024781746856,-3.3594877200101472,-2.5227846955759086,-0.97208692087135551,,0.5562851800475848,0.9979674796747967,False,2
-0.78319274816372797,0.53775474106546373,0.31213612044325151,-0.58151427850783255,-0.81120541699896809,-0.06153791776657648,0.2201142047103348,-0.22970766180766972,0.94804226012957382,-6.6475141494690444,-0.047071828265024832,-0.43850417959915838,,0.2807285823316258,0.2272727272727273,False,2
-0.91947213387412063,0.33850615441633236,0.19996144241137123,-0.34145628609765216,-0.93967124995394269,0.020628783153457807,0.194880988588852,-0.049310500223180023,0.97958658364351348,0.98135834576313052,-19.490301787803908,-0.3073988237498072,,0.2614517823978864,0.36,False,1
0.87373320729251769,-0.4846642315181019,0.041120130852159015,0.44339330963671525,0.82837641187851951,0.34233739674869013,-0.19998163776639805,-0.28087916072617036,0.93867685687143254,5.6385005692063661,4.4873518362082141,-3.6022445102156544,0.6197103446618335,0.6189858960218039,0.6111111111111112,True,4
-0.31203634782984785,0.84900755254899674,0.42640297061321442,-0.93512214355713086,-0.35375760414318613,0.020053282524088577,0.16786868160001805,-0.39248150685814032,0.90431099324968733,5.8798069423800277,-12.887501048880095,-2.1079460503138585,,0.4536799920104719,0.1428571428571428,False,3
-0.77828389905633388,-0.62758186304273977,0.020375908555738315,0.62694065366940677,-0.7784747908349996,-0.030371315595120407,0.034922617975246192,-0.010863020491798034,0.99933097897520784,-10.104449105659183,-3.6138299039978397,0.65639781280157761,,0.8241006755084103,0.4728682170542636,False,2
0.17238209215843364,0.79723598957326836,0.57853192758240413,-0.98292993902096526,0.10088764743825965,0.15385193391899282,0.064289573643959014,-0.59517767055183124,0.80101834635492131,-1.5846312248425707,-6.2252101931545978,-1.1242726545916097,0.365694538286388,0.2997486798278405,0.2828282828282828,True,2
0.9510041375196453,0.18370629335877264,0.24868278629792032,-0.27207374994650468,0.87930329564881626,0.39089843802601476,-0.1468570904333984,-0.43940609012792686,0.88620273241957781,-3.6161956344336175,-5.0195065164421306,-0.79052174068740888,,0.3867393646224171,0.2481751824817518,False,4
-0.2120201860843893,-0.97055133681171635,-0.11435708681901427,0.97721568318173491,-0.21173188048390246,-0.014802679838671423,-0.0098462803330324131,-0.11489000565645885,0.99332942036560201,2.7277533398121587,-8.8418399434761454,-1.7917975758058655,,0.3911860768768819,0.3939393939393939,False,2
-0.49975981882523934,0.84127573023562907,0.20614380709658592,-0.84684341781234018,-0.52455979520855056,0.087711156409428934,0.1819240203922497,-0.13073701452639194,0.97458272293174153,5.1966660202969068,9.495122361299023,-3.9019856657426408,0.3754969732071169,0.3956611644857349,0.9484536082474226,True,4
-0.40120939568694192,0.87265245554467397,0.27840386607295836,-0.9004042645528384,-0.43154981196703418,0.055108258603220772,0.16823549324557205,-0.22856607714853105,0.95888183171303787,-7.6352044273578192,5.0706232031592284,-0.75942191759108724,,0.1437107530401824,0.1111111111111111,False,1
0.9776500465387471,-0.15244901350527015,0.14477459992711278,0.11263394984771657,0.96125423240746022,0.25160265106005231,-0.17752177287444965,-0.22967280849071856,0.95694117959020752,-7.8795156183341062,10.556027886639086,-1.2788158051660417,,0.1934907097004017,0.28,True,4
-0.67997006519861869,0.67714966911355012,0.28126328600298262,-0.72419837703287138,-0.68026476666396807,-0.11303343725894589,0.11479294898529746,-0.28054976894488176,0.95295036912120024,-12.456142633883745,-8.7523090041505096,1.6025917827932974,,0.6257800368936474,0.4545454545454545,False,2
-0.96797386215912751,0.17127957755537626,0.18354810946777642,-0.1712553849007748,-0.98509504234974476,0.016104368365219744,0.18357068207976565,-0.015844994490598563,0.98287880271697947,1.9110662972645591,4.850388528669189,-2.7906969788259435,0.4832726666754803,0.4471228299544144,0.7178502879078695,True,2
-0.98204990649119295,0.11345464184063649,0.15068518641675144,-0.12508026503388112,-0.98967218183908534,-0.070027850123486945,0.14118395255726574,-0.087618586719236752,0.98609841030275991,-3.4049107314307516,-9.2669374774233546,-0.40381985817555915,,0.3436446082077411,0.3560606060606061,False,3
0.074128708948245192,-0.99093670503607867,-0.11202402028987307,0.99030992357213565,0.059918671794368841,0.1252837102138572,-0.11743589648917993,-0.12022561866190706,0.98577614641111322,-4.5467249034979469,-15.433995864236717,0.43585931604338379,,0.3571208475258393,0.1666666666666667,False,2
-0.76650809924159735,0.56746640800386583,0.30074442569102339,-0.61481036105464626,-0.78373124421623763,-0.088167776308146026,0.18567055161465171,-0.25248210357658557,0.9496205735116805,-8.0526691755029098,-2.6300482765737061,0.00038200242439811392,0.2496238116407999,0.2981076291742752,0.1951219512195122,True,4
-0.60813244686997014,0.7559831085456219,0.24220748679105808,-0.77462031188969749,-0.63184112799563608,0.027205907099546248,0.17360385788296873,-0.17107404410634505,0.96984296252602131,12.987425290271448,-15.372050334856901,-3.4255359151383837,0.318194901523344,0.2862591204491746,0.90625,True,3
0.69056874587162154,-0.72264583002014104,-0.029963504130820912,0.69641554038675291,0.65317720461428064,0.29726240004430715,-0.19524395594517946,-0.22614717271453172,0.95432554924412505,-4.7354242724640105,5.3834808120302373,-1.3729052854553896,,0.1847923428400146,0.2413793103448276,False,2
-0.42812649997915891,-0.89905668416716478,0.091677579974269577,0.9030698862309553,-0.4217683315338574,0.081094112597379017,-0.034241504032468811,0.11750980031252456,0.99248121706766101,15.327388253757434,-13.255716337660383,-4.3005924944621574,,0.2878050383846755,0.1153846153846154,True,3
0.83866082661253305,0.3639119170882632,0.40523589982469177,-0.52820549033260522,0.72489926796213311,0.44217644814084722,-0.13284192820068075,-0.58488389267367258,0.8001648918834271,-11.203401270720935,-0.37362902842619194,0.48336981099676474,,0.4755120310342438,0.2307692307692308,False,2
0.78023869539225177,0.58180996289384934,0.22961869542799446,-0.62222401772152103,0.75940097675161644,0.19012477029355818,-0.06375617603875422,-0.29121696994877833,0.95453016004250313,-5.5296549440538474,15.19516193333604,-2.3040450199454634,,0.1945529926089358,0.4117647058823529,False,3
0.98154519338495572,0.040210567966214306,0.18695492389002305,-0.11154719596604555,0.91447902923001412,0.38895414661710881,-0.15532629016043123,-0.40263037059114809,0.90208787169689419,10.334045954433895,-9.9785659165295844,-3.4868726164807651,,0.5771165644266545,0.6666666666666666,False,1
-0.78817648132570628,0.5593658122552172,0.25668603850830951,-0.58234643963170474,-0.8127632732948894,-0.016984870657559936,0.19912422889569581,-0.1628672762191285,0.96634558611485166,-4.6232119033732939,4.0965920418324,-1.2749999929969,0.5171175823411915,0.2495042415090091,0.1136363636363636,True,1
-0.67903082352231381,0.58826821071749669,0.43915561361076039,-0.70790744011606677,-0.68310868282423987,-0.17952599722171159,0.19438157560562663,-0.43278521198091729,0.88029129460406852,-0.85940944300481437,2.7151388251411377,-1.9271183408201067,,0.5667683989020724,0.2241379310344828,False,1
-0.83494802166652393,0.50756795543328881,0.21268890834368592,-0.51292350396578623,-0.85778170038365109,0.033466902551510587,0.19942738075454478,-0.081150016045611117,0.97654666795866907,-2.0432366243881841,-17.363312908679013,0.1141146153872884,,0.09812594917626631,0.1666666666666667,False,1
-0.4562095247800948,0.76034565211899996,0.46232819382301704,-0.87254799296289953,-0.48423481371166738,-0.064626969339766527,0.17473657166242079,-0.43288697658090836,0.88435060695987777,-2.3529061437865528,-7.8872200584904482,-0.80791130835450031,,0.3336842057850619,0.3055555555555556,False,2
-0.9246053667657016,0.29680480776913826,0.23877148454785635,-0.32770464645655206,-0.93932798213450519,-0.10135386854928265,0.1942024213001696,-0.1719588557307935,0.96577200803135088,-0.907011455035315,-6.7008527222097207,-1.2419043974928288,,0.1406075348987183,0.3035714285714285,False,2
-0.98159380533016216,-0.094916802562519206,0.16572387253730106,0.11125766280876863,-0.98949978970474206,0.092259951444825503,0.15522671742899871,0.10899984754842063,0.9818470855640602,11.183472746703751,-5.1817722041960321,-4.1805671006534677,,0.09086968472147886,0.5151515151515151,False,2
-0.97026670144972837,-0.18418178842734823,0.15703374436587864,0.19515449941412241,-0.97908843932163891,0.057450407702136191,0.14316860485556149,0.086388059350942029,0.98592081516990548,24.655723420147414,8.8409633681688131,-8.2261616497929442,,0.2239793245223938,0.5652173913043478,False,2
-0.49176303974607205,0.81451340721062049,0.30779379820563019,-0.85226270464007536,-0.52267267522472549,0.021483874255162981,0.17837431154537337,-0.2517561996209306,0.95121050295564935,-4.3291197110349984,13.672266255437208,-2.31103821051475,,0.1683978334265269,0.1052631578947368,False,1
-0.09839613313793702,0.96636207579010291,0.2376184745724631,-0.98712459917160245,-0.12503820176920255,0.099752061676072118,0.12610799615331322,-0.22474382432664777,0.96622305226755378,-6.6014693465795267,2.4565242041286206,-0.74168507581010079,0.3769096235278507,0.2901014123879163,0.7513812154696132,True,1
0.97222616446497634,0.12952020770800113,0.19493794121462543,-0.16410837847991663,0.97110991775493338,0.17324539748777884,-0.16686738819317862,-0.20042465774769894,0.96539382188011957,-4.1087141406408714,-10.22117641402367,-0.12581174261457928,,0.2479935244225454,0.475,False,2
-0.73878667503254092,0.64258955937600593,0.20315734536391336,-0.64433530393476679,-0.76184016735893612,0.066570079628908541,0.19755066412860695,-0.081720362085944687,0.97688050319518982,-2.9963055972213946,5.618397929553371,-1.7538811792431663,0.3493398313523518,0.3283365501040463,0.8167202572347267,True,1
0.52036115161517071,0.77979865940085014,0.3480493107109538,-0.85392755209011595,0.47246781583490399,0.21813275494885509,0.0056575322460831051,-0.41071670747223293,0.91174545709427712,-0.15157377712310902,-17.75556505829104,-0.32052815884556762,,0.2464197354508549,0.125,False,1
0.3595109456932814,0.91409525179591,0.18756798919563672,-0.9322040625169753,0.34281500215828659,0.11607523474911054,0.041802700314329852,-0.21658195894253501,0.97536905287539466,-10.831157723927641,8.0627757173882468,-0.43569072094296091,,0.07216297138450917,0.4285714285714285,False,1
-0.58523569674860565,0.68682377902344438,0.43101308079816836,-0.78892765258411013,-0.60510177942590893,-0.10698128585749909,0.1873294911093798,-0.40264740543501965,0.89598143321005663,-7.949575669596264,-1.5555230432757399,-0.069321398535326706,,0.5883745929731041,0.1333333333333333,False,1
-0.67959709412444669,0.57294427291786132,0.45812951202496299,-0.70735408640398434,-0.6773075081617741,-0.20224919242180567,0.19441704170466106,-0.46150774589199606,0.86557068710562068,10.567288782197702,-11.386119659280839,-3.3718238112545902,,0.2691033384013804,0.4166666666666667,False,1
-0.59333769095913791,-0.80142451887903954,-0.075293592202648973,0.804860558520898,-0.58924546750315476,-0.070634696604550878,0.012241969805027286,-0.10251107045821214,0.99465653097378515,18.355453607086318,14.592546368751428,-7.3052579523062198,,0.6534623548777498,0.24,False,1
-0.84996763122404329,0.38047156664347886,0.36441242136794028,-0.48772252942465377,-0.82980246291437754,-0.27120952570448342,0.19920281163428902,-0.40825146603177065,0.89086978864472877,-5.7302165686495687,1.1797094936830066,-0.81117399016913516,,0.4792939709368415,0.2647058823529412,False,1
