axis_00,axis_01,axis_02,axis_10,axis_11,axis_12,axis_20,axis_21,axis_22,location_x,location_y,location_z,dbh,dbh_approximation,score,reconstructed,number_clusters
-0.71495610424313449,-0.68585185832687035,-0.1358123611276249,0.67815733600002159,-0.72752434140912303,0.10397576778546441,-0.1701187721412171,-0.017764039146598562,0.98526343800953264,3.2818502088737493,-13.277098571952662,-0.084944462062931575,0.4309807075960712,0.5278604586900043,0.95,True,5
-0.79497939105747883,-0.59532777281214178,-0.11658735228324128,0.58264360328399012,-0.80281914853194547,0.12652211783989289,-0.16892068951472441,0.03265360116401296,0.98508859651550795,-7.1656297226050656,-3.8629139173764058,-2.5518827930949595,,0.1047972658556535,0.3225806451612903,False,5
0.9925497440312816,0.10732511681431843,-0.057674300379193119,-0.081126754735391368,0.93532252350192557,0.34436931729771275,0.090903549378119161,-0.33712474891467403,0.93706106971727132,4.3814365062966116,-2.7326638721425911,-1.4779286129886193,,0.916495129267629,0.5443037974683544,False,1
0.35325703271831005,0.93528536855603917,0.021230831355598709,-0.91638675735722763,0.34137377368985994,0.20904367385082634,0.18826784052344475,-0.093301800635032281,0.97767581243625967,-2.1068424520310485,4.2376964536818456,-3.0818538986588528,,0.4554002216261081,0.8062248995983936,False,1
-0.7235751759887753,-0.68018543829964395,-0.11741692475080281,0.6677657578075934,-0.73286717933110224,0.13036330065983434,-0.17472222924535069,0.015920646481760219,0.98448904291675055,7.0124011502349903,-14.673552352315504,0.40195741166665827,,0.4289833031006182,0.9701492537313433,False,5
0.72830641533208995,-0.67527614458441498,-0.1164984718411862,0.68199922862363072,0.69775361935487656,0.21912767701489611,-0.066684462529858046,-0.23904396087828753,0.96871624701185111,-4.2446319859573611,-22.268213331435284,0.55800680149689963,0.4662930383384575,0.3769344988433952,0.8163265306122449,True,5
0.56440867717559262,0.81658998806204353,0.12092822882077645,-0.80006329386090924,0.50503672992458259,0.32378484714933398,0.20332626722912867,-0.27949721434017305,0.9383707882445792,12.590642105068319,5.1420125431739647,-1.7054021450670649,,0.3512830037724056,0.3333333333333333,False,5
0.02805910955185309,-0.93114706164374283,-0.36356269880638303,0.98038431283607907,-0.045347728056170607,0.19180767113197666,-0.19508789177210881,-0.36181311909930403,0.91160955530947929,8.1164882135976981,1.2062185134631322,-1.5951704238689157,,0.537669714962906,0.4166666666666667,False,5
-0.7168764230042981,-0.60999659346970725,-0.33762753160237874,0.61974357863432072,-0.77936849421769017,0.092209798624527065,-0.31938392395687076,-0.14313946407683281,0.93675237012868506,-3.5464223762072571,9.4715579655597182,-3.852937674173579,,0.6459418237117326,0.6052631578947368,False,2
-0.45880623206871957,-0.88106377330076047,-0.11499334238090325,0.86847369129039886,-0.47202183349381821,0.15148873305155164,-0.18775060306516794,-0.030364717719117189,0.98174726634022536,2.0220800183602199,-18.347453554507172,0.5858208300501232,0.2987815530991333,0.2363944736956022,0.6285714285714286,True,5
0.52092285812302286,0.83481537816212759,0.17810856315451157,-0.8259668233146733,0.44029814038795029,0.35201754836141325,0.21544879361093711,-0.33048575151575954,0.91889117167195333,-4.9897411535364879,10.770694736457736,-4.1669126526458458,,0.6073136256824038,0.3333333333333333,False,2
0.98355590286778172,0.17539218362146808,-0.043073981223425768,-0.14312854579123574,0.90242856726385545,0.40637039799398711,0.11014538262509678,-0.3935228874037679,0.91269257243377011,-3.9258090245930242,-12.222020641624514,-0.90093333617752058,,0.432427289961225,0.2413793103448276,False,5
0.8251268729537119,-0.50881017083901925,-0.2455154854187353,0.5649351487218951,0.74024991096438431,0.36452482364825545,-0.0037311215739358611,-0.43947955511944969,0.89824484377246006,11.519686783344325,-8.3373699747361698,-0.16569382160665647,,0.5665533827847498,0.3846153846153846,False,3
-0.78830250015786818,0.61211376336025891,-0.062417216773868314,-0.61352995604077554,-0.7743323797646765,0.15488821352374643,0.046477535277370613,0.16039359822921395,0.9859582812480594,-8.6473205607725436,-10.674523196211103,-1.5560316360742668,0.2787797943616323,0.3343672129241729,0.9545454545454546,True,5
-0.97426628392793235,-0.1782324870966864,-0.13797966714189314,0.19238538311986214,-0.97651023053683972,-0.09703418994721541,-0.11744391156242201,-0.12108241077967483,0.98567031883723699,-8.7717551577288972,-5.7881597955946145,-2.4009882514730356,,0.3387898016989674,0.25,False,3
-0.9328831217771838,-0.34815999078984855,-0.09226972372598248,0.3352528906639089,-0.93299020215483131,0.13089989298918561,-0.13166085372938188,0.091180609212154859,0.9870924556995414,-7.6421755669609794,-8.5010156669258894,-1.7915536272272461,0.2462832316801749,0.2638386155023115,0.9590163934426229,True,5
-0.72310300369905811,-0.6815625992965767,-0.11222508312090475,0.66863119973572238,-0.73143493875932153,0.13392254889344218,-0.17336194732803614,0.021802605400310336,0.98461681968996939,4.9823526919812462,-7.9374029996186559,-0.7750491039590508,0.3685399442233531,0.3760565941120073,0.9064327485380117,True,5
-0.73684867139180887,-0.66532188225604649,-0.12000345186450971,0.65089375860128074,-0.74613443168031857,0.1400739978546561,-0.18273300326439165,0.025103841386523863,0.98284202528464182,10.143429546344048,0.7769179010526609,-1.3205377502490379,,0.2827373241436199,0.7232704402515723,False,5
-0.90028843753765375,-0.42745938913799425,-0.082214353210272678,0.4112868965162666,-0.89718317810524961,0.16095165012817408,-0.14256162874360145,0.11108922343205571,0.98353208714674623,-3.6068322522115284,-5.4629864600867579,-1.9545552438632712,0.5017292625429862,0.5067466404303742,0.9986522911051213,True,5
0.93364350827682396,0.35162478392676483,-0.068336013792149763,-0.33381726574678444,0.92328825698186368,0.19001270380880708,0.12990701498335466,-0.1545923861250896,0.9794005113385772,7.2079276748922751,3.9839010575824076,-2.0123067318118233,0.4119209997664747,0.4016606015525957,0.9643605870020965,True,5
-0.13888651973142491,-0.95635638153580305,-0.25708560078821718,0.96967114107069363,-0.18405134873612206,0.16081971024434158,-0.20111790773462243,-0.22695279800910262,0.95291343503189618,5.7557669121509436,26.728104784352553,-5.6639226161235046,,0.554571912797035,0.9649122807017544,True,4
0.71699960126557782,0.69625510418907999,-0.033769833811470716,-0.6745986024152153,0.70526988176028238,0.21797045556972625,0.17557988895212148,-0.1335036470381579,0.97537094421715798,-3.7574161312205412,-17.381311135751201,-0.12913318622075651,0.3293411667137905,0.2931069458718699,0.8873239436619719,True,5
-0.34366028596923626,-0.93225616080683682,-0.11311966444982406,0.92108686640375914,-0.35809204738910899,0.1528694545525052,-0.18302074304856014,-0.051657876789258046,0.98175092125221841,4.9564160540755138,7.8895028316081239,-2.8659557630001733,0.4111423405951091,0.4299903485064366,0.9648760330578512,True,5
0.47631606386342096,0.868400890365851,0.13785100985286997,-0.86200989086446478,0.43027416109055011,0.26796099408245666,0.17338383822459499,-0.24646305992911371,0.95351665152365706,-8.0313315944218076,-2.2591713383706669,-2.8660214325596809,,0.3306569286333668,0.2592592592592592,False,4
-0.68136624247479061,-0.72400288451604788,-0.1075168211408279,0.71021348105762605,-0.68949312003115226,0.14211280291978498,-0.17702218770480563,0.020470970718336742,0.98399394531575002,8.7382795465467762,-9.2561971398223282,-0.25623361998331851,0.5219388251323615,0.4765816340392671,0.9658119658119658,True,5
-0.65896324955366803,-0.74080037984827551,-0.1303158967828611,0.73546792968983288,-0.67089551962633642,0.094795179956892545,-0.15765265660756123,-0.033376622986146139,0.98693041340442023,-6.3650492202490643,-15.335719478610564,-0.67285617486607774,0.3334322304215134,0.3470366246699034,0.8181818181818182,True,5
-0.74666292851034477,-0.64184276690502051,-0.17473503873025642,0.64295068072081163,-0.76371560311314901,0.057904228879808659,-0.17061328596859518,-0.069111070988864515,0.9829113726668196,-6.4291190734834274,10.106479914408403,-4.2585309992736988,,0.1537290372949461,0.2142857142857143,False,1
-0.97117002330202762,0.23197768404134209,-0.05491028998607686,-0.23675757670195083,-0.96548497962644464,0.10855691590103726,-0.027832278271096217,0.11842764973831156,0.99257254448413046,15.64924607153344,-6.0281172025872838,-0.045894866717371918,0.3363583272275383,0.3465885330072001,0.6,True,3
-0.8475138023382478,0.52845721077393171,-0.049531113728649621,-0.53009447183978753,-0.83801788469166427,0.1293285577968151,0.026836649773414947,0.13586390734092568,0.99036396991762299,13.059302978700128,-4.2527235021884158,-0.4468225815758835,0.3641798583548147,0.387562957602645,0.9322033898305084,True,5
0.13880500418774724,-0.95484839343338013,-0.26267416388014586,0.97411884899186263,0.083862885308615326,0.20990351237290919,-0.17839741828627872,-0.28501151209277192,0.94177640611951186,-6.3811365846542882,-5.1766942789382533,-2.3110513713889813,,0.3958580120910746,0.4594594594594595,False,4
-0.51772767726918911,-0.8436806324566164,-0.14198958626270658,0.8354895570061871,-0.53430399665177464,0.12836058310690984,-0.18416094136123379,-0.052174989981261369,0.9815103250080458,-14.270799325536332,-13.55538998522016,-1.4626551970697605,0.3877129351806407,0.2233486618504625,0.3571428571428572,True,5
0.35282574826933372,0.86175026840285318,0.36455516217137041,-0.91682343111294573,0.24055118689219426,0.31870036499358056,0.18694594812530585,-0.44667840936446229,0.87494549035192104,2.3530334062845144,-17.420037938032706,0.41579768322147231,,0.6839841014825008,0.32,False,2
0.18802094062062116,-0.97420802959580599,-0.12476714695461349,0.96399927251927009,0.15872919164580801,0.21333177518078786,-0.18802533996899129,-0.16038627993231097,0.96898024372998404,4.7660836446701902,1.6756714532106329,-1.9556557862393582,,0.1427257874949637,0.3733333333333334,False,7
-0.32195758105239392,-0.93983090771135069,-0.11428552363861047,0.92763559912971594,-0.33728573225075065,0.16040738775795021,-0.18930269736627001,-0.05437094564687267,0.98041230563437998,7.2075811892205675,-2.7577265415196637,-1.1504707726456458,0.6094764794494901,0.5155905394508402,0.9597806215722121,True,5
-0.36719295688080811,-0.92267378830146163,-0.11765378361344925,0.91138830358644285,-0.38217239844626161,0.15269452495639502,-0.18585126446423827,-0.051159928139738887,0.98124511170745821,13.139923574479267,8.1017985997386308,-2.1349921544375117,,0.3007040531043585,0.5454545454545454,True,3
-0.82591035078374975,-0.55424003893189366,-0.10339280300406119,0.54087296274769825,-0.83065140152665684,0.13219185795777266,-0.15914939722408825,0.05325625208906392,0.9858170423443875,-5.6039824609937368,-3.5973996536342159,-2.4064807559947909,0.4122467916277003,0.3705190322710069,0.9506903353057199,True,5
-0.99426724230455221,0.089875151358391303,-0.057923294523070171,-0.087531918684539231,-0.9952843307460626,-0.041800289266524959,-0.061406954748654437,-0.03649052123042635,0.99744555128028323,11.214534729943759,-13.374023574592503,0.54181590932184576,,0.2632377250368327,0.2857142857142857,False,1
-0.9971105470082825,0.020677023083079633,-0.073095949007220246,-0.017358629727734099,-0.99880231205475656,-0.045745157208700898,-0.073954276541791569,-0.04434413321393383,0.99627524451362626,-13.706599307645346,-28.914927475947646,1.0060728853811518,,0.4619695409449976,0.3793103448275862,False,1
0.12407004431805188,-0.98140294699726582,-0.14647484332812907,0.97915837844155296,0.097168086890571534,0.17834582366216692,-0.16079643662291476,-0.16554944432135582,0.97300456702641691,-12.152218584350788,-20.944764990821607,-0.21767179718581287,0.160638862403309,0.2134894588466253,0.4117647058823529,True,4
-0.92315265763272036,-0.37445602329630312,-0.087016419845704837,0.36117867783947294,-0.92233031476255878,0.13731989347552465,-0.13167814313611684,0.095338749137576506,0.98669721269146526,13.404857786095677,0.28200748039631163,-0.9506193906137923,,0.4123236287146119,0.9104477611940298,True,4
-0.23981243334244007,-0.960431864015306,-0.14163555838298927,0.95272221532694334,-0.26086221413948263,0.15579244415813917,-0.18657539290297076,-0.097578377821780665,0.9775827754951345,-1.9923602881226201,-0.86345073675660977,-2.3657204764385882,,0.3024955268847688,0.3575184016824395,False,4
0.84970063638697257,-0.4630199125938827,-0.25223280727361386,0.52668731772423349,0.72295401628981215,0.44714422693229883,-0.024683959812538972,-0.51278655488612812,0.85816120353695191,10.120147570408346,-5.627777204416228,-0.55004234239379168,,0.6331777543825591,0.5384615384615384,False,3
0.15597299696622158,0.98495959349388784,0.0743439533636054,-0.97014603517742581,0.13860607768569558,0.19901011446182276,0.18571239766611147,-0.10316469557431845,0.97717344977243537,7.0211638248342592,-0.28676941319530791,-1.4893851000211835,,0.2381983530548592,0.1551724137931035,False,4
0.95830314165634045,0.27679015002225643,0.071009165198902893,-0.25952132053006371,0.73902504830360782,0.62168373162741064,0.11959838160242911,-0.61418986545734156,0.78004297079556639,7.4485780518856952,26.748873312752643,-5.5347694910800174,,0.1249428288645,1.0,False,1
0.99559713238487269,0.063591788284285758,-0.06886533561834067,-0.041891365165728493,0.95908306022943668,0.28000856612877428,0.083853822283612794,-0.27589086255935913,0.95752429130789318,2.5033542512133344,-9.7711220030882817,-0.68965123286414531,,0.1579182287602567,0.2173913043478261,False,2
-0.67510253208653204,-0.66071582228436576,-0.32816333334705033,0.72838627070989159,-0.66752937549290559,-0.15446026510202557,-0.11700432390168081,-0.34330618263751944,0.93190710543013078,10.285982461744062,-6.9047545166900495,-0.42258029863745744,,0.5959808278123047,0.2380952380952381,False,2
0.052450525327871027,0.9554610981703977,0.29041871887991227,-0.98286340007124695,-0.0020716342393231474,0.18432375086235567,0.1767158147796051,-0.29510980704578016,0.93897908527942398,20.069874432594947,-4.86084192503714,0.25615400995794646,,0.5552391202524024,0.2941176470588235,False,1
0.87854084204312666,0.45230882123300009,0.15356666010878511,-0.45930383600241953,0.71163455927449726,0.53161662904733686,0.13117154834649031,-0.53758067699742085,0.83294720158205593,0.51090267007205103,15.08537672162732,-4.2539907151531944,,0.6092591692662959,0.2368421052631579,False,2
-0.93968660014658001,-0.3299172591435095,-0.090242426963140249,0.3200306442857675,-0.94118308752689772,0.10841947459462385,-0.12070410193112652,0.072999985428575484,0.99000076863830233,5.9845729790384654,-20.90730815445594,1.1264992213607854,0.2453170701746752,0.3340587086776835,0.7209302325581395,True,2
-0.90734662316567904,0.41933121274866703,0.029722709240107198,-0.42036631990723816,-0.90567450935566207,-0.05518913109505344,0.0037765748351211298,-0.062570097635481298,0.99803342647648918,-9.9125782993953315,3.8943191953345222,-3.8601688909154706,,0.154574537436882,0.4545454545454545,False,1
-0.98668456838415208,0.16264097971929231,-0.0012141781289214948,-0.15392031216476273,-0.93613958911700834,-0.31615060839881548,-0.052555684903557123,-0.31175403991574507,0.94870823680440908,1.190905550012771,-19.383692927082706,0.65041614333124986,,0.5548298351009998,0.4324324324324325,False,2
0.9480083114010216,-0.2929909391113989,-0.12424391781171079,0.31824544433098412,0.87243393068599184,0.37091626245065468,-0.00028049448680918243,-0.3911717604664337,0.92031764904104307,12.452037447404244,2.7209687059104883,-1.4082831321277878,,0.4310549350638011,0.2727272727272727,False,3
0.71602683572446502,-0.64835383415744041,-0.25873321444251429,0.6962475423414205,0.63650553342089766,0.33181329947443405,-0.050447302266244318,-0.41772959155166972,0.90716980661623303,-11.678225820298447,-5.8449747527262454,-2.6397557721080793,,0.2677700892279302,0.1379310344827586,False,3
-0.98916512878682539,-0.14168286743494415,-0.038448837011733267,0.13847929305797524,-0.98744020191887139,0.07606137672026117,-0.04874252133718783,0.069912893730914319,0.9963615578211874,7.7250921391485008,-23.525210272859571,1.5909400316827811,,0.5459130158079285,0.8823529411764706,False,3
0.82319218385148829,-0.51023013474116352,-0.24903782453240167,0.56339835080178502,0.67980699832813107,0.46951543461096645,-0.070263267499069387,-0.52680893559820163,0.8470746239938034,-3.4658513646198603,-24.992679090021607,0.97551064531690568,,0.4899048985734938,0.5833333333333334,False,2
-0.96152061621995843,0.26919465867733555,0.054884791368703278,-0.27421912471891913,-0.92816594879805714,-0.25161844751566653,-0.016792147640585009,-0.25698678415707898,0.96626901872419657,-7.2056404368506985,3.9226118276673869,-3.6360793878275182,,0.6435131626114295,0.4411764705882353,False,2
-0.099287723008292667,0.99192862613151378,0.078864115544881791,-0.98132901671547834,-0.1107302089533841,0.15726468700052493,0.16472798490864182,-0.061777192279900722,0.9844024936487874,-1.506431211255514,8.7727598187906324,-3.6103881606774042,,0.4541010021625997,0.4222222222222222,False,1
0.98929460287041915,0.1309199438208995,-0.064468263831060885,-0.10983844055645196,0.95887218516935313,0.26172437694008555,0.096081765739319661,-0.25184141998186432,0.96298712009763265,2.9790575093191869,-3.7363259298624936,-1.4779158312559393,,0.07167665043946686,0.3333333333333333,False,2
-0.90544625698819736,-0.40400283283195459,-0.1301875061970961,0.40088036887901141,-0.9147351601141801,0.050542226883199232,-0.13950629216451443,-0.0064263453564894837,0.99020033151472353,7.7916697921653624,-18.441513253949953,0.94503726206536476,,0.1780628260978169,0.6111111111111112,False,2
0.99599651938308331,0.048995289990368597,-0.074768943656728343,-0.033628533629943037,0.98033789909003888,0.19443951587480487,0.082825449607491511,-0.19114671110560183,0.97806077507015288,18.253860165377304,-3.0287192141446742,-0.14607161640569144,,0.2379078967947034,0.4705882352941176,False,1
-0.71534707453983937,0.68406769535960832,0.1425831375467943,-0.69555483069737711,-0.71662477278370651,-0.051501577900534112,0.066948042845457689,-0.13601589318199397,0.98844202478499843,8.2972606020773689,-22.264103649243083,1.5169651795785692,,0.5093789665933239,0.1538461538461539,False,1
0.93260614755739546,-0.27881268061999459,-0.22914899664551636,0.36079235959394557,0.73548576664726417,0.57348893652617183,0.0086398377755070588,-0.61751451495878174,0.78651203234180334,-0.28613856772665841,13.022766902602575,-4.0171121309380933,,0.623085564075521,0.3055555555555556,False,1
0.62329265667279354,-0.68646070551616201,-0.37453699940062535,0.77698036659738134,0.48952683290076288,0.39580928462120146,-0.088361609650174311,-0.53771291564588752,0.83848497081797979,9.1544517686781433,-4.1102846935057933,-0.83682848736281323,,0.7371553443520507,0.2307692307692308,False,1
-0.78038158129828072,0.62452339340653995,-0.031226889988841947,-0.62336162137098361,-0.77305460758712718,0.11750260716278411,0.049243035772926949,0.11116251515818203,0.9925814921967735,15.106172368791063,-17.529383677354485,1.4351033442367964,,0.4536094792064777,0.5454545454545454,False,1
-0.98401403334510584,-0.13810018385765743,-0.11244875009700529,0.14621189279449207,-0.98695662336036216,-0.067369919181817672,-0.10167824047134899,-0.082734290494292234,0.99137105696659167,-4.7116388726549285,6.8792770265110246,-3.7435930908672059,,0.2637671738953389,0.3333333333333333,False,1
-0.53751455168660867,-0.82793260062131369,-0.16001786010809588,0.82248504504379027,-0.55660636593079005,0.11707990470031791,-0.18600122957781845,-0.068680144392315859,0.98014620356444393,-10.703965855287144,-3.0806968165350397,-2.9878165428506076,,0.3808061230125287,0.3157894736842105,False,1
0.78509067559633694,0.60443577989737285,0.13524059698012922,-0.59686466556491835,0.67995792757735429,0.4259222789721,0.16548474881923486,-0.41510794343708218,0.89459498836270657,12.272735100632538,-2.3938774749149156,-0.72670410198717328,,0.5408794640928367,0.2647058823529412,False,1
0.029769861054543847,0.99904736034815445,0.031908104835285445,-0.98408639637217743,0.023699576927186609,0.17610307927090604,0.17517910790963578,-0.036642896103593836,0.98385444976232472,-13.893292866289185,-5.9167479112194199,-2.8431871815036205,,0.1314919315878277,0.3333333333333333,False,1
0.91873719683765076,0.39466424424905361,0.01273175000622416,-0.3706838823332112,0.8509054665962158,0.37222754639475086,0.13607138760693127,-0.3466987470816727,0.92805417743078145,8.2114231457073981,3.8400816015971322,-1.9120782006643648,,0.4271260647010011,0.25,False,1
