axis_00,axis_01,axis_02,axis_10,axis_11,axis_12,axis_20,axis_21,axis_22,location_x,location_y,location_z,dbh,dbh_approximation,score,reconstructed,number_clusters
0.368321621785,-0.86461180112886171,-0.34173910556793341,0.92271311668603739,0.29498726041794709,0.24815926435789462,-0.11375274599412831,-0.40672957790135922,0.90643883590619401,-13.023213985213912,21.92524901597708,-8.3371325871797772,,0.527791599048712,0.3846153846153846,False,2
0.98313702378655055,0.16399565424025878,-0.080913644402125909,-0.13262473254598858,0.94405223029129093,0.30195374943713638,0.12590580914806568,-0.28613076009466282,0.94988257976995372,6.301299405122526,-18.345303062328917,3.0181560062493853,,0.3862836379297032,0.9444444444444444,False,4
0.068790643846764851,0.99632578031554131,0.051017514617788751,-0.96840943703359017,0.054401821457880126,0.24335900247648712,0.23968940231773589,-0.066146665076129749,0.96859362434194951,-2.6456180349646878,21.758988266816569,-7.5953587305558834,0.6450397857699862,0.4290981955943844,0.5,True,5
0.45398850688029607,0.85879857681040506,0.23740143236514583,-0.86896562537314237,0.36785475157640146,0.33103115210283279,0.19695983737925887,-0.35657802261368776,0.91326827178461067,-3.0337112581210612,7.3692931552062397,-4.0031573104996143,,0.3246091379142199,0.1647058823529412,False,5
-0.85303715159384186,0.51583420971199012,-0.079010670744347755,-0.52116335280827908,-0.83432798783161422,0.1796818533143601,0.026765232864640845,0.19445276241713949,0.98054665646161132,4.8101900187672602,2.1035181297918157,-2.2578722487426122,0.1248279576322705,0.09699037727698478,0.4460431654676259,True,5
0.94157874958648968,-0.32237785393867147,-0.097478087881536224,0.33612887328865604,0.91766721732619161,0.21190624999396329,0.021138563547281816,-0.23229162174883122,0.97241645584412895,-2.8925308427439234,0.82575485979080787,-2.2742710744387575,,0.3724576060991087,0.9586725109580463,False,5
-0.69217113461257129,-0.65738360422459186,-0.29790252987484134,0.69711090927946273,-0.71584273748326499,-0.040069381777439045,-0.18691040787689248,-0.23540597292581725,0.95375496189437636,-2.0450044691456717,-12.602721856645989,0.98517229478645907,,0.5668237330551683,0.3636363636363636,False,5
0.99423001235795916,0.087464234820348749,-0.06210225562716748,-0.042969351217881771,0.85519307560861768,0.51652535105935149,0.098286913587748187,-0.51087651253347199,0.85401690355579662,-0.40369185315745859,5.9487419856991561,-3.5422324015234978,,0.3335728844756817,0.2484076433121019,False,4
0.96586009998806321,0.25532225208423021,-0.043872711811399706,-0.22750329076051479,0.91694883362057278,0.32779122809344463,0.1239214264935083,-0.30661928202986327,0.94373094467825192,-15.512117702212384,-8.3439897496762132,-1.235322995623811,,0.2139789508354331,0.7142857142857143,False,4
0.67618723991881546,0.73621796079621926,-0.027457799839586843,-0.70005109276274324,0.6536894754106457,0.28743440514149227,0.22956324638901374,-0.17513761428776878,0.95740667010885494,6.175211693154381,17.262762710349104,-6.0923331904766096,,0.2658346397063935,0.825,False,4
0.99062522173300249,-0.10887837173594454,-0.082505576990706916,0.12849935884981545,0.94765886914720232,0.29228510482375314,0.046363615493470574,-0.30014691052012421,0.95276557833687425,1.4223907051656037,26.163452803579453,-8.6996960497611546,,0.2840807638160098,0.3529411764705883,False,3
-0.09730258116753647,-0.97241996513539097,-0.21197079776285407,0.98001129328956815,-0.13074726135240691,0.14994338489494746,-0.17352254240600529,-0.19314389727592024,0.96570459366310668,-1.895432862638387,-3.0480897665222129,-1.2640462214325341,,0.2970847312139077,0.1749049429657795,False,5
0.82537527184271542,0.56256959485967373,-0.047656180816200898,-0.53384112152109731,0.8051198312485911,0.25844866860430421,0.18376429904543751,-0.18787631109233252,0.96484878303632449,0.049516462901945085,-11.8698641719457,1.0125980822456464,0.6289808155011432,0.4671260819487548,0.9190283400809717,True,5
0.80036718123985529,0.5949200666978568,-0.074043834546755324,-0.56983851927094542,0.79330407941055514,0.2143658077811598,0.18626979666404861,-0.12937832828874554,0.97394291979558267,2.0923846102877239,1.2859257593855371,-2.0881009226612655,,0.2580244411127657,0.9267277268942548,False,2
0.71298691554681248,-0.69169945111480291,-0.11489790070546252,0.69754550418373085,0.68304976188824162,0.21650240732490866,-0.071273612593347788,-0.23450989768429037,0.96949738526516771,9.634660767908791,-0.76937400162758562,-1.1023053458456022,0.1845097153190292,0.2021964071385351,0.8067226890756303,True,5
0.84357704523085097,0.53233657505725551,-0.070679131403102502,-0.50590525933714325,0.83194674136304014,0.22786945409693637,0.18010451780731096,-0.15646849648325009,0.97112304692745621,15.922433620034644,-3.1211481822361105,-0.054333442439273759,,0.2994974300048965,0.8148148148148148,False,5
-0.63038845371054431,-0.76299514642837307,-0.14299931452694181,0.74464651195298248,-0.64640215496113829,0.16633047314865049,-0.21934440878373596,-0.0016311310010337296,0.97564612936605832,-7.8637567590817623,-10.375457502910431,-0.02794082286215608,,0.2339715184419238,0.5476190476190477,False,5
0.78761694397197923,-0.60379952145867932,-0.12282380654624521,0.61532711440374432,0.76036750446529144,0.20787929293892124,-0.03212618632519304,-0.23930607188179376,0.97041254738008431,15.218365398123648,2.4337203927292035,-1.4853118050788561,0.3020087118879048,0.2601106313004765,0.9047619047619048,True,5
-0.68345690914124746,0.71528164359783042,0.14580405919959399,-0.72560759081431858,-0.68751937539821184,-0.028473366585160698,0.079876639261631466,-0.12525685124590527,0.9889036574491108,12.605665745082931,17.182390542113186,-5.5604570041714352,,0.245245372823849,0.1578947368421053,False,1
0.98384920736672687,-0.14106674162570765,-0.11018580476163177,0.16955650364246405,0.93174659157619655,0.32109014491055826,0.057370107516071897,-0.33458700436993377,0.94061692907918049,-14.727621228406072,2.9069125662866391,-3.8566829041126436,,0.3054523232573765,0.2631578947368421,False,1
0.643237464792633,0.76444550514929366,0.043227694180772464,-0.73732030802523418,0.60321579664206615,0.3041208083230259,0.20640815696265286,-0.22749455452497735,0.95165219508009458,9.5550459254048583,-3.9941217335951009,-0.34948781442257387,,0.2589376074985282,0.2,False,2
0.55428251356352332,0.82855113723343321,0.079208005573214751,-0.80545354590725415,0.50996360082310355,0.30196309579311931,0.20979866668578415,-0.23117123269282061,0.95002335794029213,-2.8774172057319443,-7.4996848166814578,-0.29363591363090263,,0.1537222198230753,0.1363636363636364,False,1
0.64998882486255993,0.75685819601089899,-0.068411977642184402,-0.7324636458160807,0.64793062169128213,0.20900458615198392,0.20251304923782584,-0.085741358782531113,0.97551877700150991,-4.2727569345991157,11.161018821724854,-5.0324795424806661,0.6585777793716552,0.6190108582435203,0.975,True,5
-0.86222844118123987,0.5009245690244557,-0.075077901980752357,-0.5018286658269564,-0.86493310393556888,-0.0076626281861083834,-0.068775761518903522,0.031069307427828277,0.99714823008590314,-16.800670059413246,-1.9985175284385157,-2.8685778835096944,,0.2535126167028876,0.4615384615384616,False,3
-0.27249229002347514,0.95020283690863705,0.15120357339871821,-0.94917792200557671,-0.291202302640854,0.11942567275858457,0.15750944179616161,-0.11097651854083217,0.98126193652745897,2.7176926399080163,-8.4470071366386819,0.32099534302242511,,0.0875303885145311,0.3636363636363636,False,3
0.80688305523303916,0.58902095152890599,-0.04465482994904961,-0.56104485856238895,0.78782278778642179,0.25409431659354337,0.18484696875660483,-0.17997103573745735,0.96614803443213693,12.191987504146306,-12.450497733747977,2.0120614085067672,0.3741100492768724,0.428797678689136,0.9047619047619048,True,5
0.95630790883881889,0.27893883967412314,-0.087568871259021894,-0.24248063300218062,0.92407073263548956,0.29545968203017348,0.16333501189636915,-0.26131667533428338,0.95133341635887558,9.3059995428718185,-11.087763661940642,1.4629804661734205,,0.2763692253880498,0.8409090909090909,False,5
0.5436944795633929,-0.78336266740269456,-0.30122955401491863,0.82672688679040629,0.43802501513650921,0.35306761501517525,-0.14463390871484677,-0.44099548459638005,0.88577876189004967,-8.9725291006825891,7.2496714966524962,-4.4195811546065871,,0.4318073074666217,0.2745098039215687,False,3
-0.97586756209186687,-0.18188728883592481,-0.1208284544997303,0.1788601811344693,-0.98323257089048322,0.03553515364587817,-0.12526586470951037,0.013066204498943332,0.99203716535146536,-9.6358491331174942,4.2751196694479354,-3.8006573679474283,,0.8307227102933632,0.6956521739130435,False,1
-0.96357196791459376,-0.16764718926892166,-0.2083830189325086,0.19045773989850981,-0.97712969780280867,-0.094569566904700197,-0.18776291423480687,-0.13081274250630698,0.97346449058814177,7.2719827101814341,0.99326815313982497,-1.7363055739188114,,0.5822732739497074,0.2685185185185185,False,5
-0.39559697066230831,0.91836771049080201,0.010187498745428514,-0.91343180748501318,-0.39457736224306117,0.099754891007762192,0.095631427247883719,0.030157147298631351,0.99495988692476545,-11.999413903786046,5.2937249845708934,-4.1785705511713882,0.5673044083083348,0.4587823358763683,0.9685863874345549,True,6
0.98495381842970886,0.16920757387297886,-0.035139329884856185,-0.14575662964134914,0.92261174122788603,0.35713104018559227,0.09284923519518562,-0.34663579141870066,0.93339308312800362,-5.1450185516070732,-0.67639167248321619,-2.1226283692003998,0.6346450921010948,0.42811682740641,0.355119825708061,True,2
0.69654172788438928,0.71487112416381604,0.061554018167720381,-0.69576326953677847,0.65197097103243051,0.30140890115343694,0.1753370870047814,-0.25277090174264927,0.95150605733904103,10.251013020870781,19.844574845563411,-6.2979975977217659,0.6230900489845468,0.4645951065134698,0.1296296296296296,True,5
-0.68754985214756459,0.72360716225208432,-0.060562988279550832,-0.72298342738016153,-0.67441362920705372,0.14987067916509381,0.067602992134209922,0.14682960013994945,0.98684897728945631,3.2658925775307068,22.519014468753852,-7.4863886930822465,0.5046876229472221,0.3886468959400908,0.723404255319149,True,5
0.99800548668604416,0.010463890320088411,-0.062253960066172044,0.0052014375053608744,0.96918241137789485,0.24628925783234215,0.062912586915729388,-0.24612184071125676,0.96719493688318747,9.7739251077533069,2.3964600326197236,-1.8853812209498204,0.316595191185232,0.2779448037315552,0.625,True,5
-0.80574323861731145,0.58919111584364381,0.060263275992998078,-0.58598254205346789,-0.80783981081640899,0.063397953189866685,0.086036584259501281,0.01576924446606514,0.99616717326858739,7.1420306391025816,-15.801095163421222,2.5020620758354957,,0.2076681056901808,0.2857142857142857,False,2
0.75842492766628633,-0.62516106839961993,-0.18429668377871905,0.64756929723029244,0.69077856631893497,0.32168148470034941,-0.073794541661648783,-0.36331613076190478,0.92873879791314029,-2.7470950007925454,4.7053882244004761,-3.3579140994239407,,0.1299332188506468,0.1748251748251748,False,5
-0.23903141195493199,-0.95716650686777294,-0.16338990859100541,0.9486904499250588,-0.26607853975261642,0.17084683463296807,-0.20700341620326232,-0.11416868578406605,0.971655853101559,-17.736464027456599,2.6598211369952693,-4.0950841187628111,,0.3149934499083308,0.2727272727272727,False,5
-0.33105652153004067,-0.91083863140515187,-0.24652498269428641,0.9275944758041067,-0.36206589809164313,0.092069397178407536,-0.1731186529815118,-0.19819503772567176,0.96475315962726194,-9.9285462381070779,-8.8700700971419817,-0.51807753811270052,,0.3273575431451531,0.475,False,3
0.38860875794993488,0.92069628230534928,-0.036077541403444324,-0.89693700444032376,0.38696304663116154,0.21392431046411686,0.21091999267548639,-0.050773578670779612,0.97618379437416136,-3.9142790003279866,5.6372393412879873,-3.6326157590532282,0.7173350973849407,0.6632907650447917,0.9862348178137652,True,5
0.93604194389136919,0.34512602315276092,-0.068654988302579489,-0.3196900254141532,0.91558193386407982,0.24394263676612743,0.14705021906398347,-0.20639222496129206,0.96735644027874379,-10.563041541710422,-1.8005330459581819,-2.2580521459197005,0.4252944789822007,0.4172486957697046,0.6095238095238096,True,5
0.48379108916507391,0.84047038388854511,0.24404039798917238,-0.85307819309866972,0.3905917823956665,0.34597059988456469,0.19545786887199151,-0.37556303509693095,0.90595178026471224,-9.419300295666913,5.0687234579756559,-3.9307206079346182,,0.3764363662419251,0.1935483870967742,False,6
0.075475900916203653,0.99696673359503174,0.018992642937203652,-0.97793455195707124,0.070287219034256693,0.19673260769113032,0.19480092522729237,-0.033422132566357024,0.98027320711386745,19.622143044920975,-6.2820086808060003,1.1354026792688809,,0.2537534507890776,0.1666666666666667,False,5
0.96634019366772494,-0.21386846839303336,-0.14299268627954539,0.25045224071930045,0.90913137251966869,0.33279696906550071,0.058824359077715181,-0.35740792622397216,0.93209402371830208,2.946661602266393,-1.6333787888850133,-1.2767548390696704,,0.5956121918047871,0.4509803921568628,False,3
0.97188009716066481,0.2188574900165984,-0.086893473901167154,-0.19749287581556801,0.95854872632757238,0.20537989983902236,0.12824055811277063,-0.18244379496004998,0.97481722437362694,2.1504669859472987,8.5806456771065989,-4.0853667392692117,0.4821608851771562,0.4487243081909167,0.9714285714285714,True,5
-0.5576796824375907,0.82978229763383959,0.02132393795278921,-0.82271725207831992,-0.55597510556478669,0.11843987979106799,0.11013489423886713,0.04850794291382185,0.99273223204712324,7.1997468798995952,8.7560985312688029,-3.7568924415092795,0.5251442736789347,0.5033578308679538,0.847682119205298,True,5
0.46719494887257845,-0.84163259989425987,-0.27089379199822683,0.87600497823936474,0.39912391069554487,0.27076813330033167,-0.1197670983525958,-0.36380581455815741,0.92374302240713946,-16.630320702911508,14.965894838200004,-6.7861717716114764,,0.279200195423928,0.3333333333333333,False,4
-0.99785924758763467,-0.05357634058181316,-0.037503302970545306,0.05635400411057364,-0.99540527671726642,-0.077411635456996863,-0.033183553524967921,-0.079359377601409431,0.99629360178723003,11.050467426964557,-2.1868872671200839,-0.66577873501886042,,0.534014977576871,0.8311688311688312,False,5
-0.55174198731575907,0.82816329309886971,0.098622205392561502,-0.82747899448420348,-0.55835244600670242,0.059338518061579137,0.10420793213699625,-0.048868251472383696,0.99335421722453232,-4.5854186438385396,-10.333175533503582,0.18787572561832966,,0.7135638499538365,0.5882352941176471,False,3
0.9938563582204003,-0.062481000319826965,-0.091354604831483735,0.082171869042937148,0.96950813533632052,0.23087173810295777,0.074143935442308267,-0.23696012347170162,0.96868600522635939,5.5683602957791623,-8.0591222801617288,0.34711128778310063,0.3845045570789715,0.3723423793690349,0.7432432432432432,True,5
0.93961800210639956,0.34132139786717935,-0.024853842269812028,-0.32006289256714032,0.90215852544526287,0.28925722077069083,0.12115178463041029,-0.26383649922712277,0.95692870515856265,-13.067889877820972,-0.086528023879827443,-2.9175954191787077,0.4340783102453853,0.3604689563092937,0.2786885245901639,True,5
0.91485011851393672,0.39567617564811958,-0.080558206779403729,-0.37269710998926286,0.90419604688155653,0.20862975101700243,0.15539023412263084,-0.16084114159083668,0.97467122780508386,-6.3957231902211742,-5.6391067030957149,-0.98742869866099137,0.5050051445898109,0.4722361639837374,0.9116997792494481,True,5
0.69959767781648396,0.71071917378830129,-0.073765474332220402,-0.68561067248488616,0.69676566291413644,0.21084500648259683,0.20124883842796554,-0.096932280451346026,0.97473229044589293,0.86606873053755229,11.6275115076308,-4.953598965536977,0.5267796778016722,0.3992098241835064,0.9644268774703557,True,5
0.18424516884679729,0.98288030297529605,-0.00016667274774366525,-0.96270813223188023,0.18049798236870393,0.20152798935986851,0.19810797533471344,-0.036970101217290274,0.97948274192288021,7.404432576247217,-4.7362197729926496,-0.31119300019157625,,0.4242275119480964,0.9557522123893806,False,4
-0.37821780437150548,0.92534597583467926,0.02619384398980934,-0.90700623233975541,-0.37608517733362223,0.18947198707666232,0.1851782572367465,0.047903699194349184,0.98153667718035797,2.1269150790226927,-15.235637662761691,1.9736394352900837,,0.3194506176237636,0.3076923076923077,False,4
0.95357805331987122,0.29249031410144422,-0.0716820227359726,-0.26842138230023688,0.93343696401784881,0.23800293218607194,0.13652420206949373,-0.20771338512954926,0.96861565746549261,16.926104343937027,-5.7817968481460165,0.70639804428117314,,0.1420047622975592,0.4375,False,4
0.42510963547462433,0.90359469831068706,-0.052900085174318996,-0.88004404375948775,0.42628297963485584,0.20929716270670601,0.2116702125242951,-0.042419835672091899,0.97642013430258179,9.8049016345345414,-8.3469772157415623,0.76427815900992624,,0.3516551308987548,0.8309859154929577,False,5
0.99304988092794622,0.082032810306659473,-0.08439521326581953,-0.054627508811438817,0.95641411237255647,0.28685864277666662,0.10424859361184544,-0.28025464079619927,0.95424816847722893,-14.040986765687132,-6.2342685471361801,-1.5253250358413633,0.394036696868996,0.3152123397568828,0.8194444444444444,True,5
0.91329790212995798,-0.38995074233891769,-0.1175812932159902,0.40728263159447442,0.87241186915221869,0.27021914914345313,-0.002792842010783142,-0.29467940055534803,0.9555920944220101,-16.699535447689595,9.8952892087687054,-5.6460419399220365,0.2028907211131529,0.32310964672544,0.9014084507042254,True,5
0.59545263316158958,0.80240085041875864,-0.039862725799695915,-0.77603330071438636,0.58730578922805188,0.22987872046265961,0.20786649042898603,-0.10594708672949713,0.97240255911338924,-13.655107025426863,11.605254655354367,-5.81004343136307,0.3736161187658025,0.4038113849414243,0.78125,True,5
0.49896258044545905,0.86314216264231147,0.077601226693661915,-0.83147792955985145,0.45156214141292811,0.32362954917224784,0.24429653286543043,-0.22600274226593622,0.94299626962051408,-4.1593434890448853,-13.53161368644154,0.98362826264237357,,0.2957797349680556,0.1923076923076923,False,5
-0.99334287694054391,-0.07466001625569442,-0.087725770467878744,0.064929723524225144,-0.99192224093510928,0.10896971570733964,-0.095152823576345677,0.10254828087769285,0.99016654672558913,-13.684915300476828,1.9640926844015201,-3.4540058749178462,,0.09550271274552649,0.1333333333333333,False,2
0.52171847091491186,-0.80187059685119677,-0.29122737339012533,0.84487673519360651,0.43830780412804615,0.30670763141637469,-0.11829260093006078,-0.40606626890934383,0.90615508927514499,14.619025535611119,-6.2335669165752075,0.65433023601446416,,0.3334870755807713,0.1428571428571428,False,1
0.93599349976314006,-0.33786546591962968,-0.098808376871909867,0.35187193874795697,0.90605897538840463,0.23503887303990639,0.010114698359501378,-0.25476275249146391,0.96695068789471883,-5.2510558779836431,-14.391739839807691,1.0859135966820714,0.3255900346507193,0.2685085534132116,0.8205128205128205,True,5
0.031051301834983357,0.99730656695835118,-0.066448688144309154,-0.98009832674349984,0.043421758939262013,0.19370550009024337,0.19606908621438365,0.059111440114139532,0.97880679966921358,14.385594280787171,-0.14116691120547797,-0.93354520380778983,0.3566880587916313,0.3096309084858626,0.6619718309859155,True,5
0.83300581440289345,0.55300000460871102,0.01709701944018216,-0.52319448480282804,0.77730707696740453,0.34937263654770179,0.17991343541513369,-0.29997450391517438,0.93682786719758149,12.588413520575317,-2.2134542930203587,-0.58872285562849203,,0.1693496861197428,0.2941176470588235,False,1
0.29219326613769842,0.94689941630399732,0.13418118581579636,-0.93095885754356533,0.24949801390279119,0.266582720032155,0.21894908263101687,-0.2028108391129817,0.95442603838816376,5.866041113102316,5.6648255955470797,-3.1382026736813624,,0.1275266840357522,0.5185185185185185,False,4
0.34498703793490748,0.93585152330975019,0.071873986780460489,-0.915399485375334,0.31854598185470157,0.24611428162298249,0.20743125567635948,-0.1506996475212975,0.96657223755158872,14.637532678043579,-2.1820823568524994,-0.46500946108072655,,0.138684355956509,0.2222222222222222,False,4
0.96499287865513694,-0.19134950429922856,-0.17937143403928632,0.25915833931900778,0.80080066803827321,0.53995855880879262,0.040319961635455231,-0.56754176698626668,0.82235676164291416,-6.3061639883121376,22.906734655554725,-8.1976042448953965,,0.2323341599320539,0.5,False,2
-0.29046864918704612,0.91141523361287902,0.29146223731014193,-0.94145302666549613,-0.32668650340199623,0.083319427970634158,0.17115537508892009,-0.25019632378066287,0.95294681758470257,0.70437790650952126,-7.6768086455159237,-0.051058463714778235,,0.4250482710464898,0.4285714285714285,False,2
-0.95668769007001009,0.28901757160300146,0.034892792568265621,-0.28943406691280688,-0.93143625638134109,-0.22057747212402606,-0.03125035325913874,-0.22112291514679469,0.97474513172324329,12.686103787165566,-5.214044963067229,0.19357590685311934,,0.2320897304427106,0.1111111111111111,False,1
-0.90496918985573704,-0.39240225390123218,-0.16447260119875035,0.39381248804744801,-0.91884151967462868,0.025337442252467479,-0.16106672427825947,-0.041841759705483553,0.98605617359003406,8.1971900094201562,4.0962407180709421,-2.4859074169365578,,0.1901111685466099,0.2580645161290323,False,1
-0.85566729960931098,-0.43249382340752868,-0.28422273852323371,0.48707995040809327,-0.85860014843110466,-0.15987153287728842,-0.17489023497542272,-0.2752360402062598,0.94533514050934286,7.6195037819275333,5.3577462349415139,-2.9239602387206278,,0.5526018313941264,0.1875,False,1
0.16798826667030528,0.98502314157389304,-0.038850390281230662,-0.9641487420425483,0.17238528707848633,0.20174368891402378,0.20541943792853909,0.0035669823051704685,0.97866752840704629,-19.243084702178354,-8.0328016018811752,-1.659715733425787,,0.1252427134077113,0.1818181818181818,False,1
-0.30952471654534164,-0.92336108847489129,-0.22715358270999947,0.92676696663525626,-0.34640601145260419,0.14527857647699627,-0.21283195108162234,-0.16555112660432414,0.96296177757937385,11.019625032903994,1.1747724408414819,-1.5275257367738166,,0.7995182599291173,0.4673913043478261,False,3
0.9942056726584263,-0.054729099451146922,-0.092519220311635453,0.075071225666176439,0.96952844792420168,0.2331928381032887,0.076937582044047118,-0.23878717373208105,0.96801926330536459,11.027112513784679,0.23042340694159341,-1.2857400754727042,,0.08827747296699198,0.1555555555555556,False,1
-0.88352696086811233,-0.4422864684547142,-0.15415183826673889,0.43486211846450545,-0.89686319573380713,0.080816743702687627,-0.17399726246041983,0.0043689769970209034,0.98473644428155505,13.368735655811113,5.0318665103472071,-2.2418620674406924,,0.1561544264283907,0.5625,False,4
0.87012176692117826,0.48928804512155832,0.05903659569360338,-0.46439485041020528,0.77389713361725843,0.43060498080198006,0.16500161709040634,-0.40209505776633775,0.90060758984001243,-8.4917876055574055,0.017959186709241903,-2.5477911811805072,,0.3851596440715615,0.1707317073170732,False,4
-0.46139522985530512,-0.8717621429298823,-0.16475802869987921,0.85997235836830122,-0.48510812640515749,0.15848548368270382,-0.21808710349131827,-0.068562904328637042,0.97351792147899874,-23.741599304955635,-3.000986719831932,-3.299900645848695,,0.5130603295143012,0.4814814814814815,False,2
0.86901931851770065,-0.45284329825155939,-0.19934485514223688,0.49447812534117802,0.78085456189033187,0.38178205397075859,-0.017228105006190118,-0.43034765063109887,0.90249880442812125,5.2354964339812247,-9.2849961375735823,0.6952821959211104,,0.4876121240691915,0.1923076923076923,False,1
0.90424501877885044,0.42088335112437436,-0.072098202196400965,-0.39195818684049938,0.88509128494543032,0.25096254119361222,0.16943944576852432,-0.19867214716704487,0.96530806075454045,13.601913903792909,-9.5743877149164724,1.4551875721767218,,0.2721438104458085,0.4615384615384616,False,2
0.76423551786108213,-0.60590256038018486,-0.22096642406560602,0.64113578733592902,0.67660330320691009,0.36215034486610342,-0.06992120877633104,-0.41843763862042288,0.90555009091105643,3.9566669679391229,-10.621266025556489,1.0166003865901516,,0.2022567195342511,0.2916666666666667,False,2
0.96087688509440328,0.27399611891602649,-0.040518372502248719,-0.2121057685770405,0.82199184373206735,0.528526774888746,0.17812005678086693,-0.49925498060300899,0.84794911976808451,4.9859335794183099,7.5400474827870134,-3.6503808079455298,,0.2607401941377695,0.6666666666666666,False,2
0.94098664825413703,-0.26568189223275895,-0.20965986727808988,0.33023586619891349,0.85637198142308579,0.39695251870891568,0.074083739668694623,-0.44276422797366943,0.89357229027291474,-10.926297475151458,-4.4173861096661549,-1.7032417088066125,,0.5202000606002201,0.618421052631579,False,3
0.56205715706270221,0.80913173179591746,0.17145726230035607,-0.8001628187956058,0.47946863704317272,0.36034606909058065,0.20935905906280725,-0.33972881345700218,0.9169259063280053,9.0864774618807918,20.767645607539407,-6.6740385240457734,,0.2994516218362238,0.4545454545454545,False,2
-0.69143917379639941,-0.62268827107031999,-0.36629385199755571,0.69405201483840695,-0.71328110419593937,-0.097580054805110172,-0.20050852759545953,-0.32169765847527765,0.92536854652242406,3.2283777801506055,26.050566643439389,-8.5496404031001276,,0.2264325759237359,0.2,False,1
0.57378351381981973,0.81824410830762939,0.035342021566873161,-0.78482902999200943,0.53699092812263016,0.30932852567423841,0.23412789870150558,-0.2052250528903545,0.95029827144732248,18.251514809043144,-0.48827431460114656,-0.46269948371318342,,0.2846461235298552,0.1818181818181818,False,3
0.24238949776675464,-0.8913321753036626,-0.38311132147304383,0.96568850245475801,0.18371006690639552,0.18356559466287514,-0.093236514301360401,-0.41446057060435681,0.90527862441087381,-10.264750110996536,-6.5703753155727336,-1.1382054186785411,,0.3439192815337135,0.4117647058823529,False,3
0.86584965318719398,0.49857849876888999,0.041519376693002152,-0.45936609782572774,0.75937962934104208,0.46078776753536466,0.19820990450524723,-0.4180455227690178,0.88653864814163585,13.204744543725029,1.3080525923509279,-1.3816419377915916,,0.3860667045723455,0.2,False,2
0.68252615454257226,0.72636029304418104,-0.080986252253697072,-0.7026957123915496,0.68264760409221914,0.20052676732467639,0.2009397525425487,-0.079956071163631126,0.97633510770237852,-5.9376910599078299,-17.093707088743518,1.6142131800833439,,0.342241861828232,0.8974358974358975,False,2
0.88600462014908987,-0.4064549762513826,-0.22313709990710892,0.4632183073167318,0.75451069583879182,0.46491118467023751,-0.020606136005780609,-0.51527464729535255,0.85677734856470222,-8.863573502615699,-5.5222621920218167,-1.1983980280324389,,0.5260650410373586,0.6521739130434783,False,2
0.016846739232166476,-0.81839045620029616,-0.57441557132229148,0.98130015766586309,-0.096639413551539474,0.16646568509265486,-0.19174511191213139,-0.56647849469215139,0.80145862470193596,7.3957919578018467,3.0912469427609599,-2.3207392861591716,,0.102052614358807,0.1818181818181818,False,1
0.86456612318885806,0.50231148974106798,-0.014442503532860584,-0.47190321002593394,0.82143558951774143,0.32023574541399863,0.17272168075087443,-0.2700495131411072,0.94722778752042736,-13.631033216933721,-14.62224473102575,0.34741389844862658,,0.2872862770136455,0.5806451612903226,False,1
-0.14161164027383497,0.92952029988254403,0.34049692428158579,-0.96824532636995209,-0.20164635050446966,0.14778273678266252,0.20602701595106199,-0.30875679981903958,0.92855915657743993,4.7302660439940549,-3.1472138059405212,-0.89421364181937979,,0.4353609407121634,0.2063492063492063,False,2
0.29950071838734454,0.90758422025698215,0.29426213284415276,-0.93048966563479185,0.20966858887169304,0.30037986781308407,0.21092250195822518,-0.36377185979825077,0.90729363063266566,-12.476401152462676,3.6472573032595688,-3.8737168791005505,,0.278012992847977,0.75,False,1
0.98557511336314418,0.16359577320895954,-0.043337269265486714,-0.14482687579205977,0.94777682228871585,0.28415536451141693,0.087560675919832395,-0.27378005427800545,0.95779831379680114,-4.5488138095088022,-8.4557874110726825,-0.18460176363075817,0.2509004341243218,0.2930888410373008,0.2857142857142857,True,2
0.59305834573558147,0.80327318319108509,-0.055081682249523513,-0.77784552737037116,0.58926493947005854,0.21845632666795936,0.20793781306747761,-0.086712307531343943,0.97429094300383656,-1.2666711640353772,-20.839263156687416,2.9516456344662343,,0.3325223267608641,0.7586206896551724,False,1
0.3022337476865895,-0.9115137977554264,-0.27892177803247564,0.94500022547577189,0.24813414395877509,0.2130821917772226,-0.1250173412373585,-0.32798177251689542,0.93637525666081989,17.512385069092005,-13.045483196529247,2.6556667202487803,,0.4952734221542675,0.96,False,2
0.84101874750712657,-0.49929826434867425,-0.20829956687412032,0.54023751356319849,0.75456533821605576,0.37252460227741063,-0.028825254215662718,-0.42583141450730422,0.90434324851690673,-5.5419792315521983,6.1005917156124578,-3.8806204425965927,,0.680989387389542,0.2837837837837838,False,1
