axis_00,axis_01,axis_02,axis_10,axis_11,axis_12,axis_20,axis_21,axis_22,location_x,location_y,location_z,dbh,dbh_approximation,score,reconstructed,number_clusters
-0.9354907031086459,-0.31288042000032212,-0.16420410219513995,0.32713966821426882,-0.94254031400466887,-0.067804085102867034,-0.13355441541913946,-0.11714776675805955,0.98409329784611899,0.98401994058785325,-2.0357192170726943,-2.4279321704067756,,0.562068470417001,0.2731829573934837,False,1
-0.023002145240981854,0.99967490967235817,0.010998922032378705,-0.99723254761245861,-0.023721178792947821,0.070459574644171449,0.070697576314024652,-0.0093477616697568572,0.9974539949567035,22.872539979565037,13.923660206946709,-2.4298641979973636,,0.270244009527501,0.84,True,2
0.1288302113915632,0.98852769007008356,0.078840234636318854,-0.98750668705717937,0.12060918053374982,0.1014099037980585,0.090737641859149176,-0.090919918256023982,0.99171581050932067,10.779232048909101,9.8012368464276314,-2.8809661677378795,,0.3532888523736209,0.2222222222222222,False,1
-0.35508615424325179,0.93455493112102994,0.022823316632450089,-0.93447333402051025,-0.35552123755364584,0.019085011210805913,0.0259501651118062,-0.014550957552397048,0.99955733130470248,-5.4704829175659473,2.8664161948962339,-3.2620386857705075,0.6482467297490865,0.5917174822588827,0.9984126984126984,True,5
-0.7464599859538672,-0.618701675810444,-0.24496066157467242,0.65127479036720393,-0.75480336170796647,-0.078185884829091654,-0.13652339287428883,-0.21789933800657074,0.96637531099174478,16.785166080056431,18.552848867594765,-3.2172125675532639,,0.2688099116985525,0.1176470588235294,False,1
0.94003257523502259,-0.2937676294943587,-0.17331860072789651,0.33950566629167661,0.85471609910545521,0.39267835754698516,0.03278200806624753,-0.4279730947048172,0.90319675052334258,-19.596519403887399,-8.1430287694106802,-3.6273541523434338,,0.4833828260915678,0.25,False,3
-0.86353671714848912,0.49520207534870381,-0.095285060249473127,-0.50054758668743671,-0.86465988871578503,0.042607397331778887,-0.061289898007682607,0.084487758973366467,0.99453776549001138,6.4615691293166275,3.9634042583079698,-2.5936111875072516,,0.2841577258389346,0.4548192771084337,False,4
-0.89451094815917931,0.4440006296835739,-0.052092268754164173,-0.44156385310015211,-0.89571535842496819,-0.052109119326450792,-0.069796326971506534,-0.023610114828625892,0.9972818233674301,2.4932852256493292,-9.2610508958675553,-1.6550401661185665,,0.1887146764753794,0.4074074074074074,False,1
-0.40363128250024349,-0.88084333556479666,-0.24737988191907057,0.90879249560180975,-0.41723864024247531,0.0028490395657045919,-0.10572600306946833,-0.2236670187571137,0.96891438063188096,-11.929277734487346,-7.7822245375879975,-2.9090282037551618,0.3465266244903535,0.4272332213515068,0.4090909090909091,True,5
-0.011100060195749252,0.99745633011256474,-0.070410639693356938,-0.99657593172643044,-0.0052655291851538425,0.082514765381719216,0.081934125779498129,0.071085467718636275,0.99409941922927147,11.399829288681971,16.294847790604742,-3.379752873418695,0.4641743170659091,0.4466458931240743,0.925531914893617,True,5
0.97415663172227129,0.22245267802762392,-0.039162008501315751,-0.19736481814707491,0.92262863520771099,0.33136615707179318,0.10984527950390441,-0.31507333675367477,0.94268913594971193,-3.2653152680326913,16.231780097675628,-4.0467570405527002,,0.221829430826756,0.1111111111111111,False,2
0.9937635007440494,0.01910666763431814,-0.1098591818686222,0.015266712501570691,0.95262023691377484,0.30377888621781762,0.11045828207212756,-0.30356155796519285,0.94638752551342242,-7.6492010746950232,12.179543959697778,-4.0396135876513162,0.8670216266035518,0.4659019938488008,0.1428571428571428,True,4
-0.95628819267418819,0.29189307638922646,-0.017644390269099371,-0.27806737454702085,-0.92635111702046891,-0.25407113808431114,-0.090506506752066812,-0.23805890017170864,0.96702457687722465,-14.749008117030668,-10.818806199286417,-2.9449377578596017,,0.4273318951874643,0.5454545454545454,False,6
0.94418464287206028,0.31400344979566586,-0.09958510772691026,-0.30096443590634331,0.94517484189539513,0.12674749136606669,0.13392448799280965,-0.089701459098697284,0.98692344168705826,-17.130013465318079,-6.4681748168158943,-3.514952158642735,0.2715869657909627,0.2613133373289088,0.7571428571428571,True,5
-0.78086522154024318,0.62358773093966036,0.037253826789095473,-0.62427910348839311,-0.77676336994517714,-0.083152077900311344,-0.022915207540721301,-0.08818735132056657,0.9958402905739594,2.48493751840219,-19.259615089258741,-0.71310721526082466,,0.4994362111570171,0.90625,False,5
0.34543868862834298,0.93599823832214513,-0.067671339993907328,-0.9326855645244565,0.35040053969651386,0.085540046224488978,0.103777406627968,0.033567240551348548,0.99403394823081437,8.0629753349063051,-2.9380693800470299,-1.954035187547285,0.6042103843728297,0.6216775545733016,0.8090692124105012,True,5
0.9910454669071842,0.10017127812023013,-0.08828701808578697,-0.063659089207375202,0.9356849058538611,0.34704650598808473,0.11737292227770432,-0.33831859540529224,0.93368309672981731,8.6338453612569808,14.224423365883164,-3.3541267216882567,,0.2478523256693206,0.4166666666666667,False,2
-0.68319862957072053,0.73022411854774549,-0.0035169935821956072,-0.72952673573337823,-0.68274203727931992,-0.040670042806537049,-0.032099445523109095,-0.025219976662394269,0.99916644177747327,-13.405441411524901,-17.907656894092739,-2.2339311246657041,0.1331790089253667,0.2154626961665188,0.2777777777777778,True,5
0.43744422203806449,0.88683523509459883,0.14888189413163033,-0.88154259653309308,0.39022431756487352,0.26572096732987205,0.17755338099626986,-0.24748383336238006,0.95248440885982877,-5.669494910776665,10.628606877534461,-3.7988664362849622,,0.587822753792257,0.4464285714285715,False,3
0.95825007086916836,-0.26260267630136991,-0.11312221744020734,0.28404858617104828,0.91960017526505566,0.27138886923878353,0.032759767603879324,-0.29219060910959294,0.95579885204717785,14.269209583757579,-1.5225629353182271,-1.77766983677148,,0.4320486530483428,0.375,False,4
0.56924748392634339,-0.71818301301281939,-0.40021302060697067,0.8216097343207146,0.51482249864839114,0.24477589618847689,0.030244776622947236,-0.46815697656369026,0.88312756653938274,-0.95212352110915455,23.246399931482863,-4.4912466162507485,,0.2077413659382731,0.1111111111111111,False,2
0.78396766995390765,0.62066125802426086,0.013202092818282496,-0.60546522325601526,0.75972966390856866,0.23711326661517018,0.13713699681189001,-0.19388254321912268,0.97139230156528444,-18.446185835529388,-10.045753779058529,-3.3607160895292028,,0.4641811231508053,0.1176470588235294,False,2
0.18378984896215281,0.97955666986627854,-0.081792554300230039,-0.97810379038791395,0.19051231850322517,0.083773693527991536,0.097643569410715322,0.064604852906053015,0.99312232193910666,-10.631605387529179,-1.9801345944258462,-3.2310469139015718,0.3314649792997031,0.2956888435311435,0.8421052631578947,True,5
-0.65502129553048483,-0.61989523712133532,-0.43206133522435225,0.74358540108067916,-0.63042752108245292,-0.22280460489298887,-0.13426784313919826,-0.46721626219141654,0.87388850012037045,12.622519450483086,13.218363009479635,-3.0255569693663449,,0.5105555763671413,0.325,False,3
0.88029230076626352,0.47287645580617821,0.038383886669091746,-0.45497935529508399,0.81850228277756187,0.35078169756016336,0.13445910704339792,-0.32625430362235486,0.93567028268561825,-10.256730668210153,9.3968417422546953,-4.005062115518272,,0.5155416038550448,0.1935483870967742,False,2
-0.94034930742867562,-0.31801989843891315,-0.12085745411563753,0.31626960731009474,-0.94806290037348762,0.033915666399602008,-0.12536632526451646,-0.0063309661438027132,0.99209032016110188,11.644292477305349,8.7303176436310945,-2.7707801003549504,0.447600056128328,0.4487684561852763,0.875,True,6
-0.38804857062547121,0.92056872130539125,-0.04440198407375319,-0.92115568482212329,-0.38583482931741608,0.051026354028935621,0.029841433534842303,0.060701843792076826,0.99770976491403995,15.316599157497908,18.646455341684707,-3.3451587419872699,0.4355564416591087,0.4988561081138744,0.9797979797979798,True,5
-0.44054276050418484,-0.84518004757234455,-0.30264296349487602,0.8897602584174461,-0.4558969876640907,-0.022014067768757264,-0.11936816455098836,-0.27897781959219714,0.95284973498831982,0.18812348532471052,-22.228642008208478,-0.59198811745793833,,0.7739161195377051,0.3939393939393939,False,1
0.57191655630097049,0.81946820021756861,-0.037193029737010316,-0.81085718379872118,0.57160744259760521,0.1256007923901479,0.12418566789628413,-0.041674937302952256,0.99138343716745081,-3.6996091595925247,14.857512148105036,-3.9669169819621208,0.289756415960016,0.3163500808407724,0.5641025641025641,True,5
0.83892168733665884,-0.48139078418741127,-0.25391596132508581,0.54139554003083812,0.78586868971533785,0.29883318383307944,0.055689063117728685,-0.38816660781747725,0.91990511077205273,-7.0521517097680944,-14.027317473750708,-1.9667630650628616,,0.3917609286469591,0.2173913043478261,False,1
0.92232801398907194,0.37712562327156879,-0.084186096732215027,-0.3620380902880676,0.91954767942485893,0.15284137674375731,0.13505352935611908,-0.11049130977768755,0.98465842538012538,-7.3239199019263577,6.6626530123633092,-3.5774687550046198,,0.2710729065304623,0.8541666666666666,False,5
-0.23011894985131709,0.97097077403205589,-0.06527652636988053,-0.97215735475063103,-0.22631565039378418,0.060756102500861268,0.04421930035158568,0.077440185707610007,0.99601589902671128,5.0360564659806091,11.608657982172726,-3.2523283379579069,0.3537692193645018,0.3497357341981568,0.861198738170347,True,5
-0.46212450223585133,-0.85533266258440033,-0.23419432262449491,0.87993131661720325,-0.47509951796816596,-0.0011515479716305982,-0.11028065319711028,-0.20660707718443638,0.97218912418712145,-8.1665243818805742,-6.5405870539565614,-2.6914354344308711,0.1843826373166295,0.3211752972028348,0.7333333333333333,True,5
0.73209407728285947,-0.61375376266492887,-0.295541166036138,0.67821219697271073,0.69732262316504601,0.231882244037071,0.063768941380636518,-0.37019924099984425,0.92676105015172705,8.6288177521493523,5.8738067190801555,-2.5928913291286482,,0.2857192361813884,0.1971830985915493,False,4
0.71180802012690481,0.69848611605301913,-0.07380032631489046,-0.68738092189251498,0.71435160505153938,0.13118404086810881,0.1443496127504752,-0.042648916064277655,0.9886072320478595,5.8566050845167581,25.577233483586465,-4.3562413111578024,0.3580465621869028,0.4465676584493343,0.9113924050632911,True,5
-0.80780953058862448,0.5883902267211113,0.035223619763820518,-0.58209651457750256,-0.7869094288023174,-0.20478573822103679,-0.09277612843242794,-0.18593141735890384,0.97817283648238762,-5.4125006230671922,12.583408418149943,-3.9285103321657884,,0.4713466783686426,0.1142857142857143,False,3
-0.22393666173356688,0.97379161751763088,0.039777596508850113,-0.97176171905756692,-0.22621222521366324,0.067135613039312425,0.074374275834508063,-0.023620220495958397,0.99695062680045188,-9.7873978290739707,-6.0693588389884088,-2.8656361108572281,0.4056221918230549,0.261640167964725,0.3333333333333333,True,5
0.82114249080923696,0.54475085180687466,0.17021022073684988,-0.55386181719102545,0.68866051669069439,0.46795702816515283,0.13770293114330434,-0.4785323418610189,0.86720510869548717,-3.8657012383592182,21.339443405398001,-4.4942712842294421,,0.5430071189538592,0.1578947368421053,False,1
-0.30931955653154747,0.94688416917751772,-0.08793055275687213,-0.95026034677768811,-0.30422678894891764,0.066718320031152301,0.03642369131589078,0.10419419871966497,0.9938897744036268,-11.65845830661203,-0.52676410515691563,-3.425213800322938,0.2955854474395971,0.2777474193431292,0.9698492462311558,True,4
0.72438194879130025,-0.62043562483283099,-0.30055020829074908,0.68895049290196442,0.66721599494267514,0.2831431341614985,0.024859818894325043,-0.41216798945448241,0.91076865222381875,-11.212992596972533,-17.339696153761036,-2.076836773536098,,0.4557721907999258,0.4693877551020408,False,3
0.90659865294213271,0.42149750043462619,0.020463128081339835,-0.41523317393634074,0.8823793192302013,0.22133266423553508,0.075234923714081345,-0.20915686486991011,0.97498364710980012,11.820105761932727,11.451293417518599,-2.9043083228185762,,0.3018049837786689,0.375,False,3
0.57181919893687427,-0.79775788977235917,-0.19132473189095117,0.82027446438603346,0.55971493289336482,0.1177667057040442,0.01313799084328398,-0.22428005529277253,0.97443617030284424,-6.5191449131182173,3.8020816540031053,-3.3450432144654667,0.3123491783760784,0.2589218522120094,0.8876404494382022,True,5
-0.024293018659601866,0.99522631145272322,0.094522157384466926,-0.99956560556929197,-0.025759023341337787,0.014320365896087636,0.016686803387756736,-0.094133212569794442,0.99541975512041692,15.01596503853499,0.88956008349481652,-1.8518031676080653,0.7540023238278946,0.5443325536872186,0.5483870967741935,True,5
0.99383345804819001,-0.013937690976456869,-0.11000362918659544,0.031036216639993581,0.98738046320977324,0.15529511946075486,0.10645097895582067,-0.15775158205830941,0.9817243133575988,-4.9339924378957827,6.7433386801388977,-3.5359760376961451,,0.09197076225217592,0.1836734693877551,False,2
0.98158089975067186,0.18255160805403059,-0.056336911892196181,-0.1445789841770054,0.90256138872479985,0.40556116297977329,0.12488336390010762,-0.38994595776857155,0.91233014607703555,-3.6198447535044571,19.399728032220782,-4.2971443717068691,,0.768542886978606,0.4897959183673469,False,1
0.70607730057237128,0.70761502343248717,-0.027126080237909349,-0.67359017518091713,0.68295845563069268,0.28256684834261847,0.21847453287780291,-0.18124217636957377,0.95886399034933312,-9.450457498446319,-12.156735651168612,-2.3516631877506375,,0.4524848429599597,0.2142857142857143,False,4
-0.028637364145610505,-0.97656715623217516,-0.21329906409403973,0.99639897952752188,-0.04492495973204582,0.071908425025073733,-0.079805858001178676,-0.21047170204489637,0.97433705034090723,-11.200339418955073,12.562753820303884,-4.4112711437170882,,0.4745869328714679,0.2727272727272727,False,1
-0.42795738890063206,0.90379657836630323,0.0020538302552144394,-0.90286930813842237,-0.42761914955098335,0.044372010985999494,0.040981528851435217,0.017134989660279272,0.99901296609320478,-16.300421858188905,-10.074248429065678,-3.1507710129844484,,0.3956936494411267,0.2405063291139241,True,3
-0.85732329685585673,0.51461795874267291,-0.012849949717003276,-0.5102270721556742,-0.85279069945185237,-0.11142871159566278,-0.068301533713770346,-0.088974038168139924,0.99368934835007738,-6.3019406328731717,-5.3562395297631866,-2.6728921757653574,0.6375366024877487,0.5146424550892228,0.5172413793103449,True,5
0.1519622932995511,0.97210906727689061,0.17863768564666041,-0.98398716172426004,0.1317612323146749,0.1200343418391312,0.093148950487787763,-0.1940178831370247,0.97656558102671831,-14.567132297382603,4.3810033520098548,-4.0592168929558179,,0.6258277482802868,0.3548387096774194,False,1
-0.6424182374948042,0.76497212872441633,0.04600489548845528,-0.76619433209773624,-0.63989961207108625,-0.058946856850698004,-0.015654187790258553,-0.073117226055887177,0.9972004902017042,-10.991249042686276,-8.7552813229729747,-2.7797967839141284,,0.4868058420822712,0.1785714285714286,False,1
-0.57378140122241261,0.81816868253865094,-0.037079785924588451,-0.81897066771302074,-0.57273149212409125,0.035576443821745692,0.0078707710508165926,0.050780358823867756,0.99867883031572546,9.7909958748372805,4.9258149719767026,-2.4838823976974642,0.4727923272159541,0.4056400052901361,0.7559055118110236,True,5
-0.3539297984588099,0.93487285378473262,-0.027321146009934315,-0.93471756866466726,-0.35256334980190152,0.044745404301173616,0.032198829055100527,0.041374287097810526,0.99862475623961411,-11.022095667378046,0.87337938863056164,-3.426574211850705,0.163057944645433,0.1014672892498641,0.3684210526315789,True,5
-0.80618258833985323,-0.46132992794299088,-0.37046502107725232,0.57543808212487924,-0.75699218540988678,-0.30957041988666167,-0.13762502642359403,-0.46274996360073128,0.87574072834910832,13.948453118813394,11.593381940554071,-2.7974701271848206,,0.08497735093860062,0.3333333333333333,False,1
-0.62296325711080147,-0.69169017693188684,-0.36535117274457729,0.76716171378890397,-0.63151043588872013,-0.11250544102447589,-0.15290416994436323,-0.35037018780081031,0.92404601958671506,-8.4783115813373424,19.248273699080226,-4.6753554255013077,,0.2817980494038957,0.3,False,3
0.92801761650030035,-0.30433298865001596,-0.21485980425489204,0.36392407469397042,0.86388812774641444,0.34821914162913614,0.079640261948581467,-0.40134615328684059,0.91245750252744218,-7.5238229712380962,10.191481550608566,-3.8713580180490172,,0.2184073088209537,0.3684210526315789,False,1
-0.86937050511260561,0.48911246510479284,0.070455101443153062,-0.49010844848463564,-0.83521086365235919,-0.24943239958165664,-0.063155629711337313,-0.25137981167188556,0.96582584181599274,-15.610492178312597,-2.6436808201818152,-3.6559021910124554,,0.4710247163266651,0.2333333333333333,False,1
-0.97118263071355004,-0.14968100428592968,-0.18547208619159694,0.20104028686424355,-0.93245437137491993,-0.30018602292802593,-0.12801211215291453,-0.32882281286394671,0.93567540145201589,-6.2999760078646068,17.048103941127373,-4.3542565878961703,,0.4619315191296751,0.1666666666666667,False,1
-0.65820087436162567,0.71244342203267308,0.24330223877302398,-0.75261437058421854,-0.61473909887494116,-0.23593950390840773,-0.018526148539612777,-0.33840834906485306,0.94081697003375153,-8.305649704652712,2.384660805538215,-3.34246480465114,,0.3506337222053357,0.2982456140350877,False,1
-0.49424862596206465,0.86741380997234663,0.057546311818124515,-0.86932055297257183,-0.49314408772774526,-0.033025519203067802,-0.00026816799460257362,-0.066349009099064063,0.99779644070195972,-17.276909936950286,-19.733691472791367,-2.4671701758832745,0.3545347342025778,0.2644712159640313,0.1818181818181818,True,4
-0.48947984848995618,0.86304005073368417,0.12478521046922693,-0.87078412881096134,-0.49135800857581152,-0.017387018702127693,0.04630851901308107,-0.11717157606694768,0.99203142229911379,13.143355999850989,-3.2622452677252074,-1.7753681967114436,,0.527414348378362,0.186046511627907,False,2
-0.92366709089066634,-0.27505938556064424,-0.26679850003434008,0.35877385119033539,-0.86533888234108636,-0.34995705795244975,-0.1346121424969825,-0.41896414300472073,0.89796916315021169,7.103663444465818,25.499997224825066,-4.3447047736876439,,0.4069649794454286,0.1176470588235294,False,1
-0.081372852287759367,0.99665520416858855,-0.0075407502426409062,-0.99495898610952993,-0.08078480730364157,0.059417428998640859,0.058609511774536438,0.012337702889148011,0.99820474163218054,7.5185911960349454,12.880346292365525,-3.2898263262787935,0.5469408429670632,0.3052761154402479,0.7736842105263158,True,3
0.92151693968634574,0.38779900095123276,0.020456410543794476,-0.36194879097123756,0.83861613178151007,0.40708237032604988,0.14071106063693059,-0.3825374731670631,0.9131623508650516,10.301672782414757,-6.4624542306928374,-1.6455211292073999,,0.3503801482851747,0.1818181818181818,False,4
-0.24534237367216058,-0.77720825544520289,-0.57944322185071262,0.96400890259777094,-0.25875248565775461,-0.061106357101163647,-0.10244000875220272,-0.57358040311168046,0.81271862644650317,-2.693459396517714,21.045048009626843,-4.3850467513461799,,0.4786623256056347,0.2352941176470588,False,1
0.97212855245070917,0.23442779482602175,-0.0031123179621548452,-0.19656742888174678,0.82222013051454468,0.53414913917319484,0.12777841528563549,-0.51864984911754697,0.84538453416030612,-15.745408423352478,9.3558261709045674,-4.6407279361573588,,0.4093811284768945,0.1764705882352941,False,1
0.47209786466066173,0.85099900601351708,0.23005281555949106,-0.88153115378063496,0.45420915385967775,0.12882883785961127,0.005141118266092877,-0.26361854319087891,0.96461330728374917,-11.611027826930803,6.9546719327186768,-3.9821080799370114,,0.6295169281153037,0.2857142857142857,False,2
0.18059768054324188,-0.92763824281343221,-0.32691247796988171,0.98346836592527209,0.17477811812160579,0.047355914626843056,0.01320799025877923,-0.3300604488512327,0.94386738957199212,-22.416912981306037,-10.796476988799874,-3.7156705809332164,,0.3702766821533522,0.7948717948717948,False,2
-0.3247260019648332,0.91867193840418415,0.22493308613148341,-0.9451636105936454,-0.32397261182559378,-0.041321858579769638,0.034910927480067369,-0.22601684976036918,0.97349761723739203,-13.980314736857434,8.7825595509476049,-4.3913761225393735,,0.3152813959104356,0.3529411764705883,False,1
0.95664873732005495,0.27976237301374129,-0.080970414533122509,-0.26018624227346809,0.94586355361873187,0.19402385746953199,0.13086753881523716,-0.16454529036549581,0.97764949481037333,-18.840642273857604,-1.0553850816860688,-4.1081104390089997,,0.1759203726871751,0.2941176470588235,False,1
0.14306637996476018,-0.95993255940956401,-0.24095952421347067,0.98793783302684457,0.12393683310519268,0.092835873853149967,-0.059252417655326128,-0.25133472260167095,0.96608488665165415,-13.103136052661247,6.6488640084693511,-4.1118055672185667,,0.1733465450465768,0.3125,False,1
-0.39296905371022295,-0.89044461114570117,-0.22952933866430592,0.91225899695924595,-0.40888634277094044,0.02440248270805033,-0.11558047107104019,-0.19980078372465598,0.97299578700527312,-7.6737768672813536,15.941940099246942,-4.3681940825444157,,0.8857042427911861,0.5945945945945946,False,1
-0.89713809598841443,0.44118668603215305,-0.022305712143971618,-0.43560245822177601,-0.89191907560267802,-0.12137075828720509,-0.073442052786052064,-0.099169907956151854,0.99235658623225753,-19.050486677836997,-23.911414229669706,-2.3000695689169497,,0.4633120333926568,0.5909090909090909,False,2
-0.17510770631071762,0.98266599123161069,0.060867403981065965,-0.98300291757696945,-0.17796185907550577,0.045109209143530046,0.055159362086271355,-0.051933865552109951,0.99712602933784156,-8.8808813682885877,10.280932549197857,-3.9636802450582387,,0.273314934644501,0.2592592592592592,False,1
-0.57301024656419464,-0.75799981501251201,-0.31160156895214586,0.80906635811204686,-0.58381346056382921,-0.067627445876623199,-0.13065559882282191,-0.2908575660103831,0.94780324476695366,-14.845220204713305,1.4905506411375422,-3.894975121050166,,0.5844785744007994,0.1,False,3
-0.17436273614382275,0.98466829994556804,0.0050965995276225362,-0.98231018729931008,-0.1742994982842874,0.068457145907793893,0.068295916220773661,0.0069299336325113203,0.9976410395765678,17.636154474248393,23.273097141195965,-3.6041543494654622,0.7845409449255226,0.4364814608946154,0.2941176470588235,True,3
-0.26174163664151207,0.937180713871542,0.23061575227084913,-0.96425895819392338,-0.26412402819319869,-0.021051348502360442,0.041182243637180718,-0.22788331943831555,0.9728171542128472,7.1750789000913571,14.321635656344498,-3.4577936422550652,,0.6807091254286979,0.28125,False,2
0.95911313495028316,0.28287877767980035,-0.009032801571093263,-0.25116143570891891,0.86541819579264179,0.43355424067081194,0.13046044449746172,-0.41355887552970216,0.90108219874334072,8.9432842103760404,11.940925821267383,-3.1163205973911214,,0.6928301969592634,0.2407407407407407,False,1
0.59244841905245227,0.8046863195608287,0.038533075064141442,-0.78238541655049276,0.56330990367758127,0.26562193506536114,0.19203627451958827,-0.18751501148015612,0.9633069031924536,-10.313159710204658,11.867162371817782,-4.2449217682235965,,0.3691184839532299,0.2222222222222222,False,2
-0.84325005858384905,0.53751746314586801,0.0020773809392602982,-0.53452066907897722,-0.83812840201951389,-0.10875861370751291,-0.056718542168315698,-0.092821110429943759,0.99406601814610629,-11.065739073046402,4.852531165218311,-3.7462198253681329,,0.2811892985346922,0.2307692307692308,False,1
0.98466662739831079,0.14407041491179634,-0.098363349044138432,-0.12311120532415304,0.97338695075342574,0.19329116696471879,0.12359313901536109,-0.17821773102048924,0.97619832838324327,7.5447153654193357,21.206535223433963,-3.9714582569904162,,0.3003347633033401,0.5384615384615384,False,1
-0.41924748567918946,0.90701620142796546,0.039410101482521817,-0.90762739683441729,-0.41974702018151988,0.0049947536790689445,0.021072595171397306,-0.033675649896024951,0.99921063662113963,8.4398403193665406,8.3945280717753459,-2.9138609647149036,,0.6576408161877751,0.2637362637362637,False,1
0.59239069659929822,-0.77651629634123409,-0.21469910130014946,0.8056218934894579,0.57320641219283597,0.14969226349908077,0.0068284195140425399,-0.2616426007696574,0.96514067479794419,-18.964928557531181,2.9842402900107854,-4.4569051714396215,,0.08353486821018824,0.6666666666666666,False,1
-0.14446276713562906,-0.93989962540884286,-0.30938520175960726,0.98518929361788921,-0.16580832439955739,0.043699602978687212,-0.092371882367962801,-0.29849002280834624,0.94993217738513913,-14.446821385768066,-1.5439483742908697,-3.6355159501648404,,0.6637276512005816,0.2307692307692308,False,1
-0.6974045856200477,-0.70319535208172079,-0.13835873939434801,0.7036319231439202,-0.70849655388982369,0.054173331622039925,-0.13612112506483603,-0.059572895992287427,0.98889944350989212,25.671482605340469,5.4259024376941367,-1.5866857150021527,,0.5212266340334013,0.9459459459459459,True,2
-0.21462646176326242,0.94243396022231163,0.25642486722366237,-0.97541575195198338,-0.22026518812756232,-0.0068816962353963756,0.049995927383433628,-0.25159784879608893,0.96653966795277002,5.2256560762991748,1.6893103387072879,-2.4756812981028906,,0.4529188599135284,0.3097014925373134,False,1
0.85531873903402722,-0.4466035970542952,-0.26263107538028663,0.51465780280821793,0.79073632917984893,0.33145648843218423,0.059642272473965113,-0.41866607793484034,0.90617962596871449,12.140860790799117,-5.6976885937114234,-1.588649879243814,,0.5249462676836161,0.2272727272727273,False,1
0.45999013994998289,0.85420865846516858,0.24235642956590037,-0.88014671491258989,0.40260093839552924,0.25150396543914588,0.11726393894702154,-0.32899855958070018,0.9370214065945629,-5.955041747945697,18.019921942614353,-4.4032838580563753,,0.3340261303026762,0.2105263157894737,False,2
0.76191709016385145,-0.58605277246594689,-0.27572539890482584,0.64651773590943129,0.71362751147032755,0.26972317665934736,0.038693214790081344,-0.38376805854271329,0.92261850857847216,7.5699936064608151,15.206849076485581,-3.517276270417089,,0.7356927465871519,0.5882352941176471,False,1
0.92410009088618583,0.38012532612096106,0.039290691843933301,-0.35767008466619971,0.82411192647931675,0.43921707977880609,0.1345776079406058,-0.41993364842077335,0.89752136373737768,-2.251539739056228,-23.169164650816089,-0.72558698708296421,,0.4756764156581002,0.12,False,1
-0.9243928375695033,0.37635646570495096,0.062078116694042992,-0.37327642823529178,-0.85905070974301978,-0.35028072486780681,-0.07850216541028851,-0.34696929087758049,0.93458532045704834,-11.712701396086734,9.8995297826670452,-4.2348700873434009,,0.4513616184900792,0.2758620689655172,False,1
0.65447357059322298,0.74105387886206109,0.1500116462760572,-0.74423945544080128,0.5964303721931038,0.3006300784864635,0.13331158374327054,-0.30839902682902737,0.94186945055605853,20.824109455995618,3.8099189356478043,-1.6925395031823587,,0.5226688151861448,0.1111111111111111,False,2
-0.7995987725519409,-0.54506985504922945,-0.25207271976563123,0.59102344965950504,-0.78866313214023542,-0.16941589640684038,-0.10645696259995868,-0.2844456312186332,0.95276313845290295,9.8078398335711388,14.008166223188875,-3.2754716061978071,,0.4069661121940623,0.4594594594594595,False,2
-0.6355828046317763,0.77188771096098474,-0.014961955882050092,-0.77189795098846503,-0.63571459787226026,-0.006364221234341369,-0.014423997927565005,0.0075041135067144341,0.9998678095449739,-6.7039355995966998,15.056217562524905,-4.208899510418016,,0.2330976095976056,0.1111111111111111,False,1
0.84175009446272731,0.52384868614067504,0.13053479421472575,-0.52202475190440567,0.72813132780309209,0.44420144964965241,0.13764787274468177,-0.44204900576790968,0.88636659437755749,20.224021492096274,2.626799583115659,-1.6515050799342168,,0.5396085994914058,0.1904761904761905,False,1
0.9517871863885794,-0.25547472351982481,-0.16980523392693836,0.2987650832060858,0.89755610890162574,0.32424135521280339,0.069574254457908824,-0.35934064203182425,0.93060933054681116,5.124886753740121,-13.484587998577844,-1.1390535987334147,,0.4839442806915461,0.3461538461538461,False,2
-0.91061937916072722,-0.35477064408535997,-0.21192011795058818,0.39039067157982654,-0.90670904650834372,-0.15960522711798308,-0.13552663885887653,-0.22807124999699077,0.96416597901213386,-8.5516568420361434,14.782196369132395,-4.3206116267761407,,0.8793413799806433,0.4222222222222222,True,1
-0.77021473795913331,-0.54446917337596767,-0.33214842566815439,0.62287531772109339,-0.75409932827284276,-0.20823194200769077,-0.13709703134783777,-0.36727036681678771,0.91995482587672295,-2.3484417327508331,17.458262346406087,-4.1209261537309319,,0.2487924959253028,0.4210526315789473,False,1
0.95774783477081527,0.28595222020278777,-0.030828765024106891,-0.2562019584583618,0.89695195102125758,0.36033006263876988,0.13068910235331435,-0.33720694731908529,0.93231530782553884,-10.809442307939937,2.8513421311145368,-3.5520135920050198,,0.494133410412023,0.3090909090909091,True,1
0.78464476791381654,-0.50647501253472116,-0.35751314642041676,0.61841867932162897,0.67990018056876123,0.39407370063055203,0.043484770340484424,-0.53030067522163271,0.84669372774806562,6.5129625592521663,-21.08633480462953,-0.20588708976139825,,0.6083686609214007,0.2666666666666667,False,1
0.3700698071874029,0.8956434220316839,0.24672089165624544,-0.92202289634331236,0.32160297615180877,0.21551172670875207,0.11367548736190725,-0.3072366942630283,0.94481929344788396,-13.85894113598685,2.6246777193417827,-3.8416948560168094,,0.2507908932272372,0.2173913043478261,False,1
0.7405674405031909,-0.62166107094200274,-0.25514188002324295,0.67110449825307339,0.70361362810365602,0.2335521671303879,0.034331013545239181,-0.34418799401206929,0.93827288476588966,-3.6395511275201735,-34.850763630824979,0.088929781888878859,,0.368229920771407,0.2,False,1
-0.79785443807974676,0.59921283294603089,0.066123191614170879,-0.60106584530819673,-0.78226064135313478,-0.1636708238927328,-0.046348087774957705,-0.17032988528903287,0.9842964923929326,-1.4676565543153746,20.766989629260628,-4.2839848957518987,,0.2276368961975689,0.4,False,1
-0.11820134430975864,0.9753537672861663,0.1863155142333813,-0.99102884379101497,-0.1276583254533587,0.039562390179166997,0.062372052857110588,-0.17996772094775154,0.98169310196173953,5.0160100514892667,-20.74913361682437,-0.36413503223536681,,0.5074108190306595,0.2666666666666667,False,1
