axis_00,axis_01,axis_02,axis_10,axis_11,axis_12,axis_20,axis_21,axis_22,location_x,location_y,location_z,dbh,dbh_approximation,score,reconstructed,number_clusters
-0.78268125595785965,-0.58486791801957849,-0.21293090438842291,0.62095369032791869,-0.75721132261041724,-0.20260189381820248,-0.042738343912314264,-0.29079293557792402,0.95583100105489693,9.4483643748026402,-3.234078634923562,-1.7370951629276303,,0.3182543031034309,0.2608695652173913,False,1
-0.99803961920295292,0.062585286059604783,-2.1680951039491567e-05,-0.062580375217748424,-0.99796552817250028,-0.012186107540530094,-0.00078430786813258853,-0.012160861327265782,0.99992574639967569,18.090835789310322,11.422411117639211,-2.472686419794881,0.224783595489932,0.2407180707713044,0.8372093023255814,True,1
-0.99997415321223071,0.0070644878703057853,0.0013363826591901331,-0.0070191972009872577,-0.99948523027226388,0.031305036946985443,0.0015568487836439635,0.031294847478918517,0.99950898382312447,-7.2497971515899353,9.2465845902911532,-3.5829672922495752,0.5394980668510423,0.5507285580223918,0.8253968253968254,True,5
-0.85692936691633104,-0.51151719578651489,-0.063420962867791128,0.51462688498124876,-0.85596885389540645,-0.049764348840128689,-0.028831048730041747,-0.075282664509737696,0.99674534915064528,-11.592566783453163,-9.690178785565065,-2.8986169817281722,,0.3169692213411749,0.903448275862069,False,4
-0.36509732195966527,0.92389598376349724,0.11454325245757573,-0.92960998593098576,-0.36844079533441243,0.0087552493246925989,0.050291346723591188,-0.10328403322404191,0.99337968014536215,-12.010080412824813,-4.6361672144629695,-3.2104035764603092,,0.3370246673033646,0.3214285714285715,False,3
-0.96328704128796117,-0.26634122229249158,-0.033770244216290768,0.26762102701670459,-0.9626178234628594,-0.041784110019856519,-0.02137900805020251,-0.049287719153646908,0.99855578650139565,3.9688587911289548,-12.717557218852095,-1.4835855809834888,,0.3751990817772855,0.3428571428571429,False,1
0.93835309493490504,0.32703588673848805,0.11198659746263578,-0.34506955709245929,0.90540172767647331,0.24733522249868387,-0.020505365007761837,-0.2707309371047763,0.96243664191481759,-16.08808068473731,5.5304947834838663,-3.9040225839847982,,0.437148581530465,0.1818181818181818,False,4
0.44264098784087058,-0.83155836202337052,-0.33552890550930209,0.89115426868188419,0.36640019376974131,0.26757235921439043,-0.099564176757089756,-0.41744650981234466,0.90323052769056578,9.2813277440926445,0.83441690456878237,-1.9930897178287885,,0.328025216158993,0.2272727272727273,False,3
-0.15375216649610046,0.94554191592159953,0.28689851260169968,-0.98700797020028341,-0.16067026040126164,0.0005780862463006381,0.046642663505344711,-0.28308223656369352,0.95796080780125092,11.322192225825157,0.34028983957439496,-1.8856285195710025,,0.6170407957348083,0.1944444444444444,False,2
-0.99997308468717738,-0.00031729306858254769,-0.0073300222592568966,0.0001073509041908079,-0.99959024171220012,0.028624065915415255,-0.0073361009395960172,0.028622508605209578,0.99956337148984697,17.313235789760821,15.019765645788029,-2.7103032908618876,,0.2744609168809994,0.8269230769230769,True,5
-0.58858568971289293,-0.76798181362982154,-0.25252884943912268,0.80567038444117733,-0.58303187169902193,-0.1047333195193358,-0.06679908307456113,-0.26509954831531546,0.96190441935953919,-9.3182898996977883,-7.592387781155451,-2.8462068009474124,,0.3057784717514455,0.25,False,5
0.21889487216839359,-0.97436461197023105,-0.051948415553167773,0.97405667705467713,0.21507170229234815,0.070411311294937814,-0.057433655843797109,-0.066013376017088454,0.9961644489557151,-5.0721360317029003,-5.4489658678223991,-2.5497321717127348,0.295597912599583,0.3362271591656993,0.8781512605042017,True,5
0.12314887167585459,-0.98749759747705257,-0.098401475507295888,0.98789497948254401,0.11256214732764419,0.10673927347594928,-0.094328494730636175,-0.11035514471939575,0.98940582023546531,10.643877898304797,11.278592970157836,-2.6823765355041447,0.4065133102456746,0.1837018373237217,0.2,True,5
-0.99891666099775611,0.043418529134679286,0.016743228747032605,-0.044751553247270835,-0.9949532261634223,-0.089807439719404872,0.012759422520284298,-0.090459433310069157,0.9958184011465997,-12.351016140619111,10.005175858235827,-3.945389988151792,,0.4032566679927091,0.3939393939393939,False,4
0.62861133397641955,-0.77750180725756635,-0.01840463277564449,0.77640282458224308,0.62599474839130231,0.073001568251825924,-0.045237647784807274,-0.060179022073560177,0.99716199312106235,-11.615099833874805,-2.5138405916223676,-3.2494338326626777,0.4109590485839786,0.3890614661320305,0.9458483754512635,True,5
-0.31787360530663955,0.93324322417574368,0.16737220671133463,-0.94625968549795614,-0.32335502229765817,0.0058427011039551002,0.059573304849302088,-0.15652033121912312,0.98587646653340311,-8.4369627252865094,0.40577528760713966,-3.1455929781497192,0.6968437483254792,0.2695163717837268,0.3095238095238095,True,5
0.64299129936687383,-0.75820789924773879,-0.10808779050767066,0.76470051307525944,0.62777285152756834,0.14537665626702614,-0.042371148685567669,-0.17613071396913341,0.98345445108341911,11.632837520051304,4.3385663420326486,-2.1452346892143512,0.2268176013628311,0.1223630671955055,0.2162162162162162,True,5
0.58829665630458761,-0.80400108396506764,-0.08654074857452479,0.80167765003583757,0.56585971201712049,0.19265443609976579,-0.1059244523887638,-0.18271574452930528,0.97744307613653014,-22.237049354488864,-10.774835280137454,-3.4531624053295449,0.3247260183465919,0.4252215573637209,1.0,True,5
-0.51150168647218153,0.83918419561216717,0.18475906086272162,-0.85695578150437257,-0.51399700733669951,-0.037866409852893454,0.063188711668656986,-0.17769907789202929,0.98205408427131868,9.3208599766644564,-7.2162707429449515,-1.5406312676886271,,0.3219354580005817,0.4545454545454545,False,3
0.53839826294819837,-0.82917246538138722,-0.15033407167942719,0.84118571174463663,0.51815896983184184,0.15465406667615728,-0.050337946035088482,-0.20972435394144609,0.97646391973938884,1.5355636506392425,-11.5214347814322,-1.6993736293089325,,0.8317042123222285,0.3925925925925926,False,1
-0.96786804293769924,0.24768666452469754,0.043390870889831387,-0.25120834292279276,-0.96009797598534274,-0.12290746500856946,0.011216947264409916,-0.12985835639448925,0.99146910560470269,-13.504344549722568,8.1405160694397232,-3.8909519667778656,,0.2879138337248115,0.1538461538461539,False,1
0.013530011473837446,-0.98951148498942432,-0.14381919156893086,0.9989492946934565,0.0070780114458073203,0.04527922686417156,-0.043786361129487791,-0.14428070844016536,0.98856756559733461,-15.631950224569835,-11.892182723370071,-3.0115937379198332,0.4330469525742988,0.4513425062001822,0.4310344827586207,True,5
0.57957435843438454,-0.81135767638052703,-0.076107056333593326,0.81371511028811028,0.57111320177997027,0.10815465797384938,-0.044286367362665988,-0.1246131282450773,0.99121656863411833,3.4328515812757492,-9.1788282316752827,-1.7013697889544022,0.463588980246061,0.254109650942323,0.3085106382978723,True,5
0.97738727547671034,0.18627512306399285,0.10007843056177249,-0.20484742262231759,0.95148596573697974,0.22959091979118054,-0.052456145314031893,-0.24490005212955954,0.96812825456430718,-8.0495697406577094,-14.995497228559822,-2.23624287741568,,0.463526208084639,0.2926829268292683,False,3
0.96890425714540096,-0.22761585046129068,-0.097033834842816621,0.24719309707088427,0.87304875936853277,0.42033490995344519,-0.010959618881331328,-0.43125037783618214,0.90216572666563144,-4.5231124617826737,26.640023494554271,-4.138330265003777,,0.2806269542907818,0.3076923076923077,False,1
0.45620960165041591,0.84224860591665818,0.28721087234541914,-0.88870189541382938,0.41467795803783153,0.19557896667444352,0.045626093957707822,-0.34446984911458095,0.93768799853743579,10.137566286957595,2.5051986603492149,-2.0645466967906807,,0.3203875111743159,0.4594594594594595,False,4
-0.10273068112888541,-0.99391049355921912,-0.039853957741542559,0.99257144741962788,-0.1050529441958024,0.061366119993841853,-0.065179206209497742,-0.033253717215719299,0.99731933770946046,11.355584909135557,7.2654186737368933,-2.3817384556088035,0.347379133535596,0.2947197896420014,0.9138755980861244,True,5
0.99880926313572038,-0.046506502600364791,-0.014737743726971574,0.048757670126529477,0.96185487273997117,0.26918003898916054,0.0016569484337648735,-0.26957809444065695,0.96297710539743986,15.346536830238172,5.4634794528371957,-2.150993207908757,,0.75862432788274,0.3181818181818182,False,1
0.8402381866949491,-0.5228483467571412,-0.14362936995234976,0.5389017544005138,0.77601880264437262,0.32768844509143613,-0.059872270072487466,-0.35273846435527734,0.93380452292792426,-0.94048893886048079,25.094848823725897,-3.8529579592064516,,0.2937508374535236,0.1428571428571428,False,3
-0.12216190289802316,0.97150574007182799,0.20310850914677217,-0.99109143602511807,-0.13034367757937737,0.027354910943977254,0.053049363031082417,-0.19795737602467295,0.97877405071825596,14.987704443276339,-2.3771087484458233,-1.6434111979171666,,0.3145373260056223,0.2857142857142857,False,4
0.10553915528710774,-0.9678127970362006,-0.22847292310960951,0.99282444268835812,0.089561186860064923,0.079236480290124381,-0.056223773457804077,-0.23519605375342148,0.97032041285184911,-17.10505259069495,-11.862933507619696,-3.0969319685889394,,0.4416556986909665,0.25,False,3
0.63780141385186406,0.74161166772481468,0.20789778926911026,-0.76856792291529075,0.59525714029788279,0.23446169151923946,0.050126882550581717,-0.30932357042231134,0.94963478476041241,14.586512329328178,-0.34605188099541745,-1.7608042412460094,,0.4842999323496962,0.1818181818181818,False,2
0.58232421300026194,-0.80879010123761919,-0.082201478658644883,0.8117224717603494,0.57289067162722906,0.11359096443718941,-0.044778787309330791,-0.13287155640897788,0.99012120960242112,-14.466140772926018,-1.7301049640313846,-3.4039712871152035,,0.1033716534705009,0.3333333333333333,False,5
0.27123022557899712,-0.94583935063596658,-0.17838746458453794,0.96049907159400549,0.25398578984716436,0.11372225825565471,-0.062255105810047159,-0.20218590787749133,0.97736644123702909,5.8413359124496127,2.7512065167031037,-2.3037852646972321,0.602739681799797,0.5763571543366284,0.9752066115702479,True,5
0.84401120343959324,0.5325501197835093,0.063525257866616988,-0.53593586996901144,0.83294664283833042,0.13774118289354964,0.020440933173644277,-0.15030056587692903,0.98842901017122431,13.320594022106294,-1.5552414736918707,-1.7308802774852718,,0.1747121390983854,0.25,False,5
-0.91977051872359883,0.37127443863815657,0.12719073905298547,-0.39000083033688132,-0.90088176579278434,-0.19055549427560059,0.043835433423952658,-0.22487181965732669,0.97340182838360112,-14.608718335975226,-4.4847981065775846,-3.3542028911310648,,0.447328700372805,0.15,False,4
0.88620316950580824,0.46243314905541494,0.028275873329641633,-0.46210276542457052,0.87789238462613106,0.12556271422046811,0.033241187476170664,-0.124340434574353,0.9916826507431884,6.1978442251403276,-11.184002947628386,-1.4273660061554043,,0.7174826251117794,0.4117647058823529,False,1
0.012904442875129079,0.97411181930128909,0.22569811441750559,-0.99794274021363605,-0.0016294640533490619,0.064090811367933154,0.062799383826465008,-0.22606085097697412,0.97208679090222427,-10.583969003055817,0.073400804607453907,-3.3020342619281333,,0.7535068418531164,0.288135593220339,False,1
0.84418846879564458,0.53243529465332218,0.062116714013985143,-0.53543511120081511,0.83201226350368229,0.14513729731826258,0.025594351834649264,-0.15578270246374967,0.98745970994631227,-17.440593017763767,-6.026253907612654,-3.4155420226905493,0.4583609882536184,0.3949498937562815,0.6666666666666666,True,5
0.96749273436857253,-0.2525827548135095,-0.012639656436944674,0.25263209467474818,0.96296976375478704,0.0941608136875485,-0.0116117907436563,-0.094293085986570366,0.99547676027663101,-6.6663877063751107,-19.409688360042924,-1.8829984763901064,0.5024293692961967,0.4178900456518548,0.9516129032258065,True,5
-0.18258851680525201,-0.98247903439591855,-0.037368175006581433,0.98134640123564343,-0.18444063774062486,0.054229991072133707,-0.060172039293266338,-0.026769350427229464,0.99782900717757961,-6.0028679917354797,2.2442097146069382,-3.0428731323114193,0.3009391682487179,0.2144269793043274,0.8602150537634409,True,5
0.8099961148725725,-0.57321353680999876,-0.12382461431037171,0.58552380181005903,0.77873592746439724,0.22523816903460453,-0.032682891629025337,-0.25494430076771435,0.966403245079831,7.2186067789402317,10.88424173757598,-2.7856635288395566,0.645305212389314,0.5241337977588016,0.7737430167597765,True,5
0.68280939159851495,0.68110012956144794,0.26433680836433704,-0.72946611078093382,0.61544616601881552,0.29850495800719618,0.040626690327954289,-0.39664673229981195,0.91707188474452606,-12.624572499775907,-6.5515864451661034,-3.1584342281967159,,0.6222901275394737,0.3838383838383838,False,4
-0.96731613935167127,-0.22009069183775781,-0.12593480025852397,0.24739117109766065,-0.92811586905591104,-0.27820593464108206,-0.055651549957796836,-0.30026824835964139,0.95222995332762272,8.0018559846379045,-13.530303682689393,-1.2157705717174352,,0.5122595267281945,0.2549019607843137,False,4
0.99878482634981824,-0.034417180917394152,-0.03527503807317469,0.046730163165426358,0.88876320022935329,0.45597836107496614,0.015657665978593003,-0.45707267647036065,0.88929151908714665,15.751011463233382,16.069431872264662,-2.8116592128300448,,0.4602401994887982,0.2222222222222222,False,4
0.043143634480334501,0.98530821374846378,0.16524633346503975,-0.99430833639287219,0.026219262858381453,0.10326413915199165,0.097414367438618032,-0.16876099719714535,0.98083136513957347,9.1276400469278052,12.030059911003251,-2.7789652429593965,0.3902894034333399,0.4681479031021275,0.8461538461538461,True,5
0.59472035712777027,-0.80246239156450427,-0.048598425307773363,0.80251981188679433,0.58900716429809252,0.095039528274846255,-0.047640826472711173,-0.095523141332859995,0.99428651862674922,11.773890315852576,14.04432229058362,-2.8063721399027557,,0.5569387887918937,0.1538461538461539,False,1
-0.51872964514739739,-0.84913342759008603,-0.099458420429685085,0.85483100175419491,-0.51698620849050292,-0.044600657736568988,-0.013546722303772137,-0.1081558245298285,0.99404165100618302,12.300563553670573,5.8807038386658936,-2.2529392270459354,0.2332509274634045,0.4053562808238062,0.9629629629629629,True,2
-0.16393520648211268,-0.96612405670571777,-0.19932274112643117,0.98463944867523201,-0.17256314097254036,0.026591699649071522,-0.060086639015694499,-0.19190171815848436,0.97957303269313178,14.802870130581505,22.998449422390639,-3.2356619986625956,,0.3436637602426746,0.5,False,4
-0.81441194181013987,-0.5766114985655435,-0.065210189073764621,0.57857477328569618,-0.81549196671286162,-0.014969433663131276,-0.044546837760306233,-0.049920255896659584,0.99775926319767616,7.5789778606235751,-1.1965819963875908,-1.9394898807766925,0.2713820735611869,0.2669047279745886,0.5103448275862069,True,5
-0.98017804019115595,0.19607617474447878,0.028375045807853657,-0.19796462054391195,-0.97496558135730249,-0.1012527736979173,0.0078114364831381074,-0.10486300046341106,0.99445599831962428,7.8282130481165479,-10.830384015075712,-1.3784278349038233,,0.7756510234476852,0.7916666666666666,False,1
-0.46772377255074943,0.86211333719751226,0.19492323211218671,-0.88341036151336305,-0.46311598277148058,-0.071482303211581416,0.028646217232327856,-0.20563117547631765,0.97821020946957205,-0.043148836375551156,8.0980823487575968,-3.025610813082531,,0.5183814813693732,0.2072072072072072,False,4
0.83209712436695349,-0.54637762781746113,-0.095319795639794758,0.55462298392092801,0.81884505824306819,0.14793956974911615,-0.0027787275674728178,-0.17596664005279977,0.98439220855390541,-9.4612715318275313,1.4853081146530789,-3.243074868846763,0.4168648756250268,0.4406987391850771,0.4859154929577465,True,5
0.99715983420458443,-0.075187096254688932,-0.0043778540260713131,0.075180520507599255,0.99023879692088135,0.11736700732697809,-0.0044893635731461899,-0.11736279491164406,0.99307895959245596,12.975813300412195,12.954791036320092,-2.6886522429654911,0.3264066613548544,0.4128201768719202,0.9365079365079365,True,5
0.80939554212786924,0.57941930870334313,0.095666718796430017,-0.58371829489504146,0.77588873294834682,0.23931073166207309,0.064434529472641666,-0.24953945336469591,0.9662185325412106,-15.566763398937665,-1.3770729639950576,-3.4886911293362481,,0.3090539887338868,0.16,False,5
-0.93487908500936767,-0.33301282280949107,-0.12289652662505432,0.35437695541815467,-0.89554658588414293,-0.26909716828650421,-0.020446757214957662,-0.29512501140315189,0.95523984305706311,-11.510132347634936,7.9287107835747248,-3.7784151197041629,,0.3765515137558363,0.2542372881355932,False,2
-0.99686711533571182,0.079094295337604356,-0.00021634996339650603,-0.079093484476901635,-0.99683496685711859,0.0080168300637847995,0.00041842031614448263,0.0080088261322932234,0.9999678412971208,6.9824001167642846,1.7316831467035969,-2.1564239117233996,0.2978689801438719,0.2794543944395256,0.897119341563786,True,5
0.45786105995147408,-0.86255082768553093,-0.21533536504513237,0.88748340062889464,0.42920514933643616,0.16779795407352865,-0.052311216658448748,-0.26793471115571293,0.96201586638143322,8.6260640297290294,3.2116539736991663,-2.1783745350529378,,0.3764294194475694,0.9428571428571428,False,4
-0.090928363151788968,-0.93290136635031651,-0.34846387680253105,0.99578355468353152,-0.089435961716726228,-0.020403945050763775,-0.012130333728578857,-0.34884989524653343,0.93710010435924951,-13.624653446500011,-4.8377125782539601,-3.2939247034024706,,0.5032227771848164,0.2307692307692308,False,3
-0.98182546908861024,0.18795329872144476,-0.026311703644159988,-0.1766455117118185,-0.95571027031980671,-0.23540229904848453,-0.069391004035109449,-0.22647612833358319,0.97154179110012062,-9.3101574714673738,-5.528866031166042,-2.9865308078500554,,0.4055837276552167,0.3333333333333333,False,2
-0.98489236386878898,-0.17050415722058895,-0.030254982456562541,0.17247260780510784,-0.98148946952651894,-0.083256355706090371,-0.015499391918901196,-0.087216704701853109,0.99606878039174351,-3.2260082236570402,27.055557725077048,-4.1035526528070658,,0.1295381433957031,0.2727272727272727,False,1
0.59038173457152598,0.73550000562167128,0.33239908124848733,-0.80474945708544643,0.50484027679570531,0.31227328775531776,0.061868560715409443,-0.45185842545575894,0.88994170850660026,12.68776647084111,22.323692451004575,-3.2390463327031433,,0.4908215105249709,0.1891891891891892,False,2
0.96322137757129778,0.24550842140750542,0.10922542198429087,-0.26785611237505069,0.84489966118358073,0.46303095533149241,0.021393476879082909,-0.47525801155779068,0.87958634686832149,11.156739820025932,-7.4241466641646108,-1.4641055128532847,,0.6551563907114359,0.4166666666666667,False,1
-0.3029151905196068,-0.93857721917763848,-0.16527308006218569,0.95104900166351536,-0.30884981125537903,0.010843916374961009,-0.061222412459006968,-0.15389801080029603,0.98618822670137951,12.052633547423575,-1.4370119273394681,-1.7848262511679704,,0.180718004579552,0.35,False,1
-0.66496498803839554,0.73131843270573904,0.15164074211081308,-0.74611075716595809,-0.65962882246448096,-0.09060107402985193,0.033768368695227695,-0.17338733102203291,0.98427462159537527,4.8997999141013002,-6.8443779672632594,-1.7747752666168446,0.7214901899775448,0.4897685558974565,0.1403508771929824,True,2
-0.99990985667133625,-0.0023938734013977218,-0.013211657793358582,0.0057301678546799349,-0.96595231691027106,-0.2586566964763114,-0.012142640069932315,-0.25870908531750403,0.9658789600495058,-6.2466398485520651,-17.294636269351113,-1.9265109394253788,,0.500863086800476,0.5,False,3
-0.81277373105291151,-0.57131842045769865,-0.11399177407186137,0.58176023103774444,-0.8063154235715978,-0.10681980758953563,-0.030885201848781949,-0.1531362143853495,0.98772233150338595,1.4727749377744466,-16.184632679571951,-1.453422656090092,,0.4310278099123104,0.6,False,2
-0.4401590440453278,-0.82455004526998976,-0.35549576479947453,0.89601791303330225,-0.42909195950929618,-0.11415774090231587,-0.058411603886138044,-0.36877813537373988,0.92768031745947832,-7.5567380974225404,-7.820246843000068,-2.7264686572748116,,0.5050576768625323,0.2666666666666667,False,1
0.38664495954107841,-0.87764609255096648,-0.28327197441945984,0.92052421478828816,0.34860772446975724,0.17637410362188671,-0.056043244462504957,-0.32895286998297951,0.94268189973080407,0.9133147003059181,-14.948114759433798,-1.5622304588105942,,0.08100830623931238,0.2857142857142857,False,1
-0.78833660113428605,-0.60473272026403535,-0.11324195491999876,0.61381802745125935,-0.78559682298312705,-0.077878500850128651,-0.041866842344366231,-0.130904426055342,0.9905105747801155,-8.3898021198183894,-22.006332823801916,-1.8834456207393813,,0.4379445776382637,0.625,False,3
-0.097362521310903713,0.97462984272920772,0.2015371159504489,-0.99331672830963547,-0.10777258053711505,0.04131522896721658,0.061987230170627135,-0.196167633788074,0.97860913686198658,2.84504977199866,-10.905337050783796,-1.654804243592906,,0.4656581051004639,0.2444444444444444,False,1
0.87077889114153617,0.47702148859889471,0.11914118581418892,-0.49028754010604636,0.86063354591399688,0.13757916871482256,-0.036908681351120694,-0.17821447489582365,0.98329921701307532,9.884529707077137,-11.976111251298512,-1.2108460654697581,,0.2147374460388886,0.35,False,3
-0.67745431677713042,0.72499222256290441,0.12426554592216191,-0.73412679147196491,-0.67697022063596113,-0.05262294570980737,0.04597284767241383,-0.12687630825098639,0.99085261249163137,-15.555879712295512,-4.3627413837172,-3.4051035815325368,,0.3408406924567841,0.2,False,2
0.88504512989303552,0.45592842670239281,0.093938212551131064,-0.46430730523947272,0.85013856470800686,0.24836092103523394,0.033374306792497185,-0.26342682194661099,0.96410189561333681,-19.109243064062778,-3.2572860186433195,-3.6197753072840952,,0.1977007491195739,0.25,False,1
0.32887390151965651,-0.93350852090434655,-0.14284186465535864,0.94260920413727722,0.31524035390052046,0.11005184027704651,-0.057704810674061489,-0.17083723444160254,0.9836080490487138,-30.753781275947482,-1.2900218533022381,-4.221245234337565,,0.4773112109793265,0.2,False,1
0.54573198614190943,0.82273024422762564,0.15903315545746494,-0.83725856023387668,0.52760260784795254,0.14364397483756519,0.03427393494628958,-0.21154298245319031,0.97676755881740185,-17.38958129263407,-7.6686988951491593,-3.3222075855612827,,0.5314405387303323,0.3333333333333333,False,2
0.30921267391054408,-0.90835983014150845,-0.28154918092294695,0.95072629868835512,0.30227780083198896,0.068903092140466443,0.022517266162497412,-0.28898192003906947,0.9570697062466772,7.9542125659603125,-12.185020069527601,-1.2735408777161557,,0.4419906862666488,0.1071428571428571,False,2
0.74332787338158302,-0.66864454535460494,-0.019445941004418679,0.66701220460150101,0.73868843259681005,0.097129390301358309,-0.050580545337697631,-0.085169663115466421,0.9950817739855049,-23.109550247791475,-6.8326868733423014,-3.6823721254985036,,0.3625097071141652,0.5263157894736842,True,2
0.15790052517586745,-0.88768889298021336,-0.43252266232967324,0.98555587339875017,0.11452121157853362,0.12475781541775713,-0.061213107733651372,-0.44597457481133174,0.89294996167951113,-4.8879975066301169,-10.402112800802374,-2.2546565882662812,,0.473572542833194,0.1666666666666667,False,1
0.94110815496607791,0.3346622320799002,0.048131393867659543,-0.33664021586954679,0.91424622829429669,0.22544888358330242,0.031445281293854557,-0.22837474568995489,0.9730653471455033,10.694709376926763,-17.226591564917729,-1.0025606267855984,,0.316901365951012,0.75,False,2
0.6855018029381772,0.70582765206228859,0.17859060376387717,-0.72642626483117745,0.64657978915275882,0.23289366247839038,0.048909712040997824,-0.28938193074794993,0.95596335610977057,-8.5278331170594441,-1.8310964634156348,-3.0802233945036681,,0.7568919991256935,0.182648401826484,False,1
0.52194151462680838,0.79324412107649633,0.31359339866561464,-0.85114254116403854,0.46021516209877733,0.2525042161929576,0.055977048242089905,-0.39870511528192576,0.91536921573654084,7.2657752396932311,-6.8959932640403849,-1.6503226355648317,,0.6578225945812537,0.325,False,1
0.72839556362943803,-0.68334802423347141,-0.049753197496892027,0.68401390146033447,0.72106813802221081,0.11038896203060318,-0.03955863362106108,-0.11443870894672549,0.99264238092106549,-8.7165099784677071,-12.91234708879122,-2.4806813261513367,,0.7187221033269808,0.675,False,1
0.99810115307129377,0.058792804874456053,0.018371018827165873,-0.060999354108742174,0.90202744423743475,0.42734712897221827,0.0085537732066164121,-0.42765628247165466,0.90390095531891868,10.127647582913152,24.607688963833745,-3.4096797131707488,,0.4972098011593141,0.12,False,1
-0.11215742079223923,0.99046796576165219,0.079962001983486825,-0.99176561212387249,-0.11658335581340025,0.053002752342176856,0.0618197668209172,-0.073358911846214736,0.99538775684802672,-7.7045635878291732,12.590249764637555,-3.8157142473397636,,0.2399714521175572,0.2857142857142857,False,1
-0.88335158926317625,-0.45663642777473734,-0.10570308687709644,0.4675074264085563,-0.87453650207317213,-0.12892909987457321,-0.033567484252895151,-0.16330670338582651,0.98600413012836019,11.525413858259677,1.8903440199124486,-1.9875069988502698,,0.6065744025197515,0.4526315789473684,False,1
-0.50523631970917615,0.86117868245341112,0.055745296972337335,-0.86142696315317024,-0.50714809225488733,0.027283688807321918,0.051767252191261381,-0.034235791359850422,0.9980721728364792,1.9352914465543365,-20.960172585111081,-1.1516410955031577,,0.5023134434917117,0.4545454545454545,False,1
-0.82707189010967952,0.5298462869844548,0.18765660329226033,-0.5612199794227748,-0.79703726723217572,-0.22307785488426457,0.031372333147251075,-0.28981805811897166,0.95656744137621896,-8.6341293631592624,-17.866693392403246,-2.1513174987111263,,0.3715647222017592,0.1333333333333333,False,1
0.90714230383217298,-0.39990276738017233,-0.13103670188057467,0.42024167902773896,0.84447563758232469,0.33205094298597265,-0.02213078864400295,-0.35628454102249063,0.93411538581825571,-8.2224733126964118,-25.892261484251062,-1.6790250935992392,,0.6283239317195005,0.3703703703703703,False,1
0.35179268383424001,-0.86490106334513939,-0.35803359929642153,0.93433623377154529,0.301117042995308,0.19064188595208245,-0.057076351164973345,-0.40159018544059327,0.91403917481445141,15.842158303862039,9.548358276697229,-2.4080808677429841,,0.470983185457697,0.4761904761904762,False,1
