axis_00,axis_01,axis_02,axis_10,axis_11,axis_12,axis_20,axis_21,axis_22,location_x,location_y,location_z,dbh,dbh_approximation,score,reconstructed,number_clusters
0.58519202524887615,-0.80988880232836347,-0.040378477537524965,0.78878650142209827,0.55698296483536303,0.259972752528982,-0.18805889704931641,-0.1839839795915349,0.96477134415065247,-15.910392538674362,-1.3401428856835866,-2.4563970831774182,,0.144698597996802,0.5277777777777778,False,2
-0.26191779975724949,0.95847992782190805,0.11276211302042224,-0.9302054417275496,-0.28185155752809565,0.23511175151284996,0.25713207180508413,-0.043311978498974918,0.96540518445248091,-18.201775963963744,12.314280805042003,-5.3240393045922181,,0.2617487475974288,0.2777777777777778,False,4
-0.61215102838627655,0.79039877701470351,0.02325707933693083,-0.77019202234563278,-0.6026467295280189,0.20885681244413926,0.17909597192781207,0.109939495554796,0.97766964776267262,0.10074793572570712,9.8372438705122551,-4.6201768384262589,0.1652769348829605,0.1442334155706093,0.5466666666666666,True,4
-0.59262438553731245,0.80492387532325693,0.0298980367434542,-0.78357927944680794,-0.58471112535022851,0.21003907425355531,0.18654718032750858,0.10104679523002912,0.97723574161283955,5.9212480516963906,-4.6791826521648776,-1.4165338409504342,0.5389942404109269,0.4558634928969738,0.9425287356321839,True,3
-0.96325331882888887,0.26834944800285104,0.011472467986281296,-0.26246929091237536,-0.94949718416904394,0.17194466721306428,0.057034332582103303,0.16261510081053882,0.98503980320355189,8.618184595000498,8.7375040749352646,-4.2315031718130403,,0.182139257627677,0.3294117647058823,True,3
-0.99956070041639677,0.029167326548550573,-0.0052605365784654523,-0.02963408600524714,-0.98070835509861531,0.19321734701212162,0.00047658128034421682,0.19328835790543419,0.98114187739006686,8.8169785072325002,5.9874312405978429,-3.6712903329020485,0.3795251833754854,0.2985915433758254,0.9225806451612903,True,5
0.44059343993182448,0.88801257140974865,0.13157162956841539,-0.86168327770383468,0.37724379215624959,0.3393951240149875,0.25175255632191323,-0.26290833820519849,0.93139672325361078,-0.97738166874751231,8.4087924919221457,-4.333158911782923,0.6944657177753075,0.2159714678831647,0.6433566433566433,True,5
0.31582180665942022,0.91222141425054126,0.26097639322575339,-0.91439596448906102,0.21920876335804168,0.34033445049415523,0.25325206132329947,-0.34612080181604427,0.90336248759051263,24.411800357958597,-10.140189759049115,-0.16309458608678368,,0.4050982870984989,0.1739130434782609,False,2
-0.9999892798043043,-0.0018247429408556157,-0.0042556538472467882,0.00097153610421062478,-0.98130181586720544,0.19247286118651299,-0.0045272943427619172,0.19246666331841544,0.98129306892335122,-9.8674909137315616,7.7253608910298581,-4.269383792355117,0.2916489026624124,0.2234967109950223,0.6288659793814433,True,4
-0.998236419492052,-0.059277916858705308,0.0031905129024554085,0.059175991873073541,-0.98937070530722659,0.13283000212948559,-0.0047172858219791912,0.13278454749244598,0.99113369994249523,27.582035107617752,-9.7264364716738267,-0.23622341543194919,,0.3518431417549466,0.3235294117647059,True,5
-0.086917531578067198,-0.87498386989495047,-0.47628622710302304,0.96823699366919735,-0.1867072267989893,0.16630554876932285,-0.23444075327214456,-0.44670307686951005,0.86341988297728123,1.8190775630795151,14.971685611241879,-5.7600357520535947,,0.6217730401558466,0.4615384615384616,False,2
-0.7967063457768675,0.60413787414379561,0.016626112711228117,-0.58926649955211696,-0.78261766991219939,0.2006852641496007,0.13425345844508479,0.15009001221338938,0.9795146742797266,4.6598391884360915,7.7267552564638171,-4.1090806529463002,,0.3716368187149186,0.8341463414634146,True,5
-0.98249045510973632,0.18627013119730598,-0.0039929740796014988,-0.18429898800868327,-0.9685044469509908,0.16743064013235334,0.02732011415124834,0.16523490690496592,0.98587577153659123,7.2502727342717392,4.0891453812921386,-3.2169225959817922,0.2300971197396977,0.1902809505105784,0.2967741935483871,True,4
-0.078244124799311629,0.98694650093673209,0.14076384913439932,-0.96950577741860522,-0.10822176151055361,0.2198785980660696,0.23224212470251193,-0.11926715651970175,0.96531805167487106,26.12607586254909,-3.911250182042592,-1.499479385251038,,0.1810652864164861,0.1764705882352941,True,4
-0.98893244832233851,0.1480615119694976,0.0095079613215556524,-0.14658773757375712,-0.98496139108499225,0.091449949507502848,0.022905192603276819,0.089044071926343421,0.99576428205001577,-4.216641887167615,6.9008673638124609,-3.9938736110989677,,0.1456831653035282,0.3235294117647059,False,5
-0.91883500599716461,0.39461839058743609,0.0043078491587193665,-0.38528188855680073,-0.89935216720871158,0.20669674812899347,0.085440611563222427,0.18826047154720876,0.978395572735551,-4.5526304684331063,-12.789325695461413,-0.20274131588469355,0.4677596422543358,0.4135071273462894,0.8743455497382199,True,5
0.98131767279873328,-0.18134730565246696,-0.064255581745636475,0.18823358596499914,0.83588453336912782,0.51562114385373481,-0.039796258211504697,-0.51808319950261605,0.85440391866230159,-8.3337015478884435,-8.8935205494492262,-0.85845811004748529,,0.3802398620411765,0.1052631578947368,False,2
-0.82493985108472601,0.56466023122134534,0.025160790316808717,-0.55106729371720775,-0.81338522083600528,0.18635804334869738,0.12569439083547884,0.13986888790084551,0.98215966843985103,21.420930962876248,-4.6143181759612162,-1.314656336281901,0.2583916002964834,0.2595979013743153,0.7543859649122807,True,5
-0.81151645422657392,0.58430193514004691,0.0056827028011626098,-0.56904343402209978,-0.79245961109463514,0.21953891450054222,0.13278032503298778,0.17492573674373038,0.97558719339113809,-9.5842213437519383,10.610044926605134,-4.8899890068450125,,0.1648501809419751,0.64,True,5
-0.7884800234808117,0.61219949977267185,0.059253903245175141,-0.59879532199037178,-0.78606705594809978,0.1534364556275121,0.1405112626594231,0.085500620063112293,0.98638036732017198,-19.369058461350225,9.3438787470421794,-4.7184013076993585,,0.1740292867311327,0.2777777777777778,False,5
-0.97116273541480413,0.23830496719085895,0.0073269334513069648,-0.23297219290293353,-0.95506400198826069,0.18323948657471953,0.050664570220565253,0.17624838926450395,0.98304099945324463,-2.6704500370307747,9.4542753765314576,-4.5311317199052334,0.2150147318471843,0.2640228638631595,0.8858695652173914,True,5
-0.98311943010873282,-0.17550725619421736,-0.051704827297432886,0.17973834599854366,-0.97925413562943331,-0.09357064085683392,-0.034209839525899358,-0.10128445525266053,0.99426915169071972,12.182286735792726,2.0909147161747028,-2.7491688312323435,,0.2826969470977342,0.125,False,2
-0.93035046638923447,0.36653393416652308,0.010044142260346726,-0.35817706380816478,-0.91431861237974199,0.18902556974585749,0.078467831951042566,0.17226244558926671,0.98192079578167035,8.5421084022256899,7.562758861089252,-3.9883028392941449,0.1446253078723326,0.1610902821438685,0.6781609195402298,True,5
0.68621278851932921,0.72711961611946196,0.020225546390919405,-0.70667135228048827,0.65980858916590501,0.25547646766182336,0.17241696186451921,-0.18960403349397095,0.96660369425335024,-3.9625027533870738,-0.74103475244566819,-2.4260115930188211,0.4892154596686763,0.4242681674919665,0.9543325526932084,True,5
-0.67896698903946062,-0.72802679093897771,-0.094767185617081556,0.71218571450750789,-0.68447743053726728,0.15582732474290331,-0.17831246688361016,0.038309773690196419,0.98322786036283905,20.41550305657384,-0.47573243771649598,-2.2141883504141608,0.1724048027253655,0.1214334647976521,0.5238095238095238,True,3
0.2810075915469753,0.88012438493247691,0.38264317652376428,-0.93397081835171236,0.15908236474745302,0.31998642423357582,0.22075607343944112,-0.44729617511620484,0.86671384422196251,1.578535251604622,3.9702804616405301,-3.2438089237793379,,0.5431195496453177,0.2374429223744292,False,4
-0.7900587991807525,0.61297154933854114,0.0085424550672972138,-0.59615005920791675,-0.77147598555845387,0.22232838463185589,0.14287127333185567,0.17055991149189029,0.97493441617803878,-9.3057865804862079,-0.39278661213526511,-2.532843800829141,0.4060782715802284,0.4268260274079718,0.8833333333333333,True,5
-0.78369060469292995,0.6209361814141191,0.01634915064711975,-0.60501337349072748,-0.76902597758408886,0.2062955736272741,0.14066930728982563,0.1517804480547113,0.97835312723725265,-4.1250886371551081,-7.1889104324248043,-1.089543620078121,0.357879655634624,0.3229759845025007,0.9421768707482994,True,5
0.33681964054440922,-0.93585649538216531,-0.10356229909839157,0.91402276096269697,0.29857176125957663,0.27462209638061091,-0.22608609463136414,-0.18715641434202607,0.95595897107824257,-16.916373583063997,14.636328039291955,-5.8784341760282075,,0.1535434850299556,0.2380952380952381,False,3
0.96107049614026985,-0.27517571373787802,-0.024936479654208265,0.2709195684545706,0.92076956742837113,0.28068842356990648,-0.054277885709417106,-0.27651714280785455,0.95947495061429056,13.186108971616239,-9.0119015410350691,-0.43767310831519868,0.3145760441613316,0.3584778458655226,0.9191919191919192,True,5
-0.83480865484593281,0.54765179965915689,0.056320654509798514,-0.53489016657284272,-0.83104106430307334,0.15252297907427778,0.13033426064547271,0.097202138721854486,0.98669383535618393,24.689160903158236,-8.0789407170044836,-0.56524948425540233,0.344889897174591,0.3185361989094893,0.8367346938775511,True,5
-0.86163053900479736,-0.49878546307884636,-0.09383962955767973,0.49323498390913056,-0.86649669165963183,0.076829252183475444,-0.11963304268663122,0.019913441795262506,0.9926184513363655,-0.93572863551211083,-12.399528097269469,-0.11116023863404421,0.4404948433628311,0.7317130356503687,0.5,True,2
0.029048703398087791,-0.99876843613005795,-0.040221683470588465,0.97160567391255659,0.018760258253895254,0.23586111831154746,-0.23481607111059619,-0.045931075543312092,0.97095404064642421,-4.6543732860673019,15.527312064083606,-5.9370053777943905,,0.1606620353146622,0.2666666666666667,False,4
-0.6062140244098595,0.79230208989962092,0.069006919576920484,-0.77620777006292341,-0.60832723404780997,0.16564864626577777,0.1732225571418064,0.046854825327109384,0.98376753912742021,-15.612547142917913,15.743480897744972,-6.0769153173846844,,0.204450893041313,0.9117647058823529,True,5
-0.92039558660205456,-0.39054417087712778,-0.01863369950805261,0.38036451003909172,-0.90540338229926343,0.18859362349712425,-0.090525154880736591,0.1664931407444466,0.98187841936711706,23.558507680027486,-5.9221799241068789,-1.0690913534547806,0.5052570889422744,0.3877285793269319,0.835820895522388,True,5
0.99988499729016167,-0.0070883352940053681,-0.013407001783137924,0.011017182924126658,0.94703027402648143,0.32095526441817979,0.010421798043986425,-0.32106606108414376,0.94699945646523109,-1.3083244794717745,10.657321338766957,-4.8610233575157817,,0.1796213774054063,0.3333333333333333,True,5
0.80620945552591972,0.5708225098659524,0.15552484062339891,-0.57166671430698646,0.68389609957431663,0.45330265026854832,0.15239252466592118,-0.45436525749375917,0.87768373074164685,-0.53841561495567891,-8.8400187210380672,-0.74688162850306961,,0.8344434217978092,0.7222222222222222,False,4
0.83100043597722517,0.4940059947055494,0.25572710572139673,-0.54022390335366566,0.60706681806684482,0.58277612566707448,0.13265145928707756,-0.62243710975260558,0.77134663722079699,15.363010802116001,-2.1593752265962571,-1.8922166102630047,,0.3123161707273722,0.1666666666666667,False,2
-0.49104064027001409,-0.86232540517048861,-0.12358796543663997,0.84389132824054924,-0.50607511950555528,0.17814432221611995,-0.21616316921163367,-0.016818710265401913,0.97621238225162443,-5.471218065537661,11.389487323585053,-5.0459799774277627,0.1564858461531568,0.2159173069022571,0.1764705882352941,True,5
-0.7024741187895579,0.71015141398886705,0.047064653833297845,-0.69285656368536808,-0.69748895688050849,0.18291784272685002,0.16272644096439481,0.095885996054450751,0.98200100874271412,-18.406218155095686,15.362835533161986,-6.0475750956698171,,0.1465400696182878,0.2631578947368421,False,2
-0.22097390617565166,0.96470143709355716,0.14325386577366525,-0.953217618419265,-0.24469831683806073,0.17747931054555099,0.20626852577302821,-0.097333812245514281,0.97364234925827664,-5.6012946933021279,9.781281933592302,-4.6597256688625031,0.5105079406257841,0.2475828203180988,0.2361111111111111,True,3
0.99270799291622136,0.12039776323816793,-0.005934594130548778,-0.11499065946876152,0.96059785117206686,0.25303935772631836,0.036166131050854873,-0.25051177004455194,0.96743778302997763,-12.909110985040119,1.2188378073747788,-2.9742500759513311,0.4364376514017927,0.4094396203791232,0.8531468531468531,True,5
-0.57596451925399439,0.8106829248598687,0.1051573482984641,-0.7944336467378289,-0.58540602090996585,0.16178680914461452,0.19271754847794861,0.009642926060586806,0.98120688974631665,-17.879360632986149,9.1943539139278503,-4.6565753633452784,0.3678605685531246,0.2541158872729989,0.3870967741935484,True,5
-0.74381721528970457,0.66809683905183093,0.019559240466368172,-0.65051206209096635,-0.73034094812516215,0.2084134270285809,0.15352526604056965,0.14229797307267289,0.97784522269456375,-11.325731535741866,-3.1244302585557193,-1.994645467992016,0.3329610257544156,0.325147983272799,0.8692307692307693,True,5
-0.97930208372459115,-0.20172465843102441,-0.016570787354875993,0.19515799282581292,-0.96278298426258191,0.18698203937982191,-0.053672960127739082,0.17987797918401222,0.98222356210579809,5.7879849537813781,4.6444367449211423,-3.404729368340222,0.316699138054202,0.2089921425986087,0.8016528925619835,True,5
-0.99431404788984967,-0.10155716406855782,-0.03202681056949034,0.10204763082786109,-0.99468005545297888,-0.014066567686525228,-0.030427868990820818,-0.017254845997894584,0.99938802027954388,7.3251264369408879,-7.1903949654988653,-0.76390025788199867,,0.2336241586755511,0.3333333333333333,False,1
-0.9989519319425757,0.04567781043704934,-0.0029283616365999299,-0.0453605520525086,-0.97939847658229839,0.19677663577205221,0.0061202929414680696,0.19670323256609745,0.98044397102147585,2.6366217495911077,-8.5066176675621534,-0.7499552431133476,0.345138139238074,0.3333922226396837,0.845679012345679,True,5
0.66735437067398973,-0.67141907068304429,-0.32223372800723354,0.73063099996825909,0.50643012019978639,0.45793763247827868,-0.14427919402223086,-0.54104063144790371,0.82852794116719342,-15.711083401006784,-5.034954737869076,-1.7139513311358872,,0.5299422673484215,0.4126984126984127,False,4
-0.84384687217273313,-0.52907512649353705,-0.089453713450825284,0.51341931745723546,-0.84457264741623883,0.15197910283348831,-0.1559585226463793,0.082319826057719536,0.9843273771727501,26.897003135568788,-6.1483065116122972,-1.035441651947872,,0.2901706785124867,0.6666666666666666,False,3
-0.85412514775146009,0.51999497298661324,0.0086867742688060134,-0.50658353037748849,-0.8356426917317612,0.21230736799644062,0.11765780351861942,0.17693648528199943,0.97716432673692399,-6.3711871099965363,7.2897019977985043,-4.1420175849443845,,0.1251436641528154,0.4098360655737705,False,5
-0.99998756058248317,-0.0048473421642130678,0.0011755654964259524,0.0049819983693348349,-0.98209276009233626,0.18833212754722328,0.00024160410031863824,0.18833564147064324,0.98210469288121161,-12.670838213853726,12.129483170795467,-5.2506352093674895,0.2032845795575587,0.1588478646244932,0.3,True,5
-0.80903957147162386,0.58683173907639252,0.032916284808414686,-0.57336539332183467,-0.80031087183381289,0.17536999220362756,0.12925593809922054,0.1230082047555346,0.9839521756817815,17.005950411551961,-1.6409253784329385,-1.9707742540709805,,0.3497825407739291,0.8918918918918919,True,5
-0.96427961003856244,0.26265949308062758,0.034275710911763624,-0.26049819221923182,-0.96378807192957971,0.057037218171789861,0.048015888145395785,0.046071065766834521,0.99778350927679582,7.4419680131704027,-9.6015630569685744,-0.38775779618194306,,0.3006782668573553,0.6551724137931034,False,5
-0.99186709429367603,-0.12608449331474902,-0.017388726318627423,0.12211608953303384,-0.98123124126513128,0.14924111981103147,-0.035879352482746055,0.14590391259611113,0.98864792537817336,-15.754817847261307,8.8493076670287039,-4.5707584635507192,,0.08997329286155782,0.1428571428571428,False,3
-0.86565355625221252,0.49831118993530804,0.048268815327852328,-0.48967310930174307,-0.86281323188095649,0.12559288561818055,0.10423131283189394,0.085083987191454324,0.99090693233468885,-20.675317477385533,9.6010591712566935,-4.7841278810485193,0.410610085529954,0.2101851005388769,0.2058823529411765,True,3
-0.3464388786324516,-0.93746469186672088,-0.033764698652955734,0.91140814291786298,-0.34489417144266321,0.22446204028274472,-0.22207048519536102,0.046988956235634587,0.97389770386677876,-8.2202043695981519,9.8686286260981113,-4.7543483513195781,0.2762713008170266,0.215727634075265,0.73,True,5
-0.80833581784843567,0.58870614473961402,0.0042755969316536427,-0.5738548934703358,-0.78952421870483891,0.21758232768003952,0.13146774061894811,0.17342601657287485,0.97603260701280592,-8.9723298241319629,-6.8564526577561837,-1.2597787992468792,0.3596562089555591,0.2988837834561661,0.902127659574468,True,5
-0.9987559429302838,0.017749928655424324,0.046599425899557081,-0.023040150649632538,-0.99303275889711395,-0.11556422982579664,0.044223499629531801,-0.11649411912158769,0.99220633050318896,-3.1961797988727816,-6.49653303193928,-1.2274926861274855,,0.2661479037368925,0.2325581395348837,False,4
0.81865660606181578,0.55726619504193753,0.13876508644046484,-0.55561248913201755,0.70745868967169945,0.4368031184967951,0.14524504560181023,-0.43469137358760973,0.88878978755195226,-8.2931706053655443,-10.703540672923078,-0.52924956433983805,,0.2225376390116744,0.2173913043478261,False,3
-0.99867400612579238,0.051477699700853974,0.00052528294285092078,-0.051178242976535927,-0.99386498537521872,0.098046816832324066,0.0055692849178333725,0.097889924295738062,0.9951816647159849,3.3931282847110147,6.5303894453302886,-3.8063853638347283,0.4024146859924952,0.183580364249561,0.1428571428571428,True,4
-0.84085336383637077,0.54012213807676424,0.035124015779034568,-0.52621492035718831,-0.83094834988277799,0.18061754460895443,0.1267417773212092,0.13339008878651576,0.98292604304443343,-14.030105523905446,14.570496175754569,-5.8556779696378376,,0.1948230677404942,0.6428571428571429,True,5
0.77845198127212223,-0.62708148717137635,-0.027952125150761498,0.60902609001567687,0.74375677586342881,0.27552328402052523,-0.15198596821327096,-0.23150521982057648,0.96088792200865047,7.4239893832951198,8.6382579505497912,-4.2451925407047026,,0.1580827853927833,0.3076923076923077,True,3
0.98953204481423129,-0.13150383095377743,-0.059439673032799456,0.14144073409064495,0.80198078010596596,0.58036311657489548,-0.028650497825784434,-0.58269509246698381,0.81218567962580324,11.215611959043557,5.194880303592182,-3.4377253254615043,,0.580888510969416,0.3880597014925373,False,1
0.77791103818857321,0.62524584027464292,0.062626319416310638,-0.60808672714997136,0.72392694782481293,0.32582250762813947,0.15838228729379558,-0.29154315878152304,0.94335446023182568,8.7980327547055897,12.523131104271448,-5.1032249625387216,,0.3928876742997264,0.8072289156626506,True,5
-0.83288995400052146,-0.51470283222186652,-0.20340924027142301,0.52587428282247262,-0.85056168734103466,-0.0010269827267807841,-0.17248351570790257,-0.10782305194326634,0.97909326740545033,-12.231633395188583,-0.95140309883812757,-2.4796307738478944,,0.3910346499064813,0.5,False,4
0.35683493863353316,0.93288904789433447,0.048855407983199761,-0.90387655562436409,0.33158204745282321,0.27029709210354064,0.23595762069286688,-0.14061070416506702,0.96153659894523269,-3.9720178087754014,10.414529333634672,-4.7800306246039916,,0.1459146106470333,0.3877551020408163,True,5
-0.92703503373199259,0.37485700139060163,0.0093954639039971304,-0.36537531331537426,-0.90865238693460038,0.20211808463803327,0.084302589836949784,0.18393767484259854,0.97931609050412494,-8.7504112656823221,13.249422279463646,-5.4944966107711242,0.2190673415415078,0.2653128608524292,0.8902439024390244,True,5
-0.68657064478741225,0.72642054241449805,0.030560518228995037,-0.70787026621455518,-0.67745001750657396,0.19995289442686021,0.16595311363615123,0.11564890547934528,0.97932879807340367,-8.5996255783639874,7.6285193834022955,-4.2548839063645216,0.1161824172739805,0.1173409792272727,0.4794520547945205,True,3
-0.97253111617453336,-0.23239990463511798,-0.013172410481938793,0.22502052470564474,-0.95311773400396738,0.20231744509146776,-0.059573412975193432,0.19379594797810101,0.97923140217915616,-11.768934196216339,-6.9868529773051247,-1.2516994160934753,0.3169246309112193,0.3013465906835277,0.7,True,5
-0.61628201308660402,0.78534236913806676,0.058599006668465077,-0.76658617820393826,-0.61527726484293666,0.18379205302208795,0.18039432289460194,0.068346547857246503,0.98121691672300193,-6.882778922753289,-3.5578551127483764,-1.8494095297325637,0.2414491052383824,0.2004509110378925,0.2947368421052631,True,5
-0.15479630680111969,-0.94984271857854463,-0.27172948563608967,0.97684846747356957,-0.18826443785052172,0.10160498528795572,-0.14766575430773476,-0.24971045513583787,0.95699504366562971,-6.4558428767273002,14.171055576985802,-5.635653003303454,,0.3429424141539367,0.4347826086956522,False,2
-0.77216098381504927,-0.63331881186059436,-0.051717478837051689,0.61565563176283522,-0.76579808994340981,0.18579943088645323,-0.15727542132348604,0.11162691423895382,0.98122569975771112,19.256394644061192,-3.1207277298846927,-1.6381458371845476,0.194185610140158,0.2594891393113428,0.631578947368421,True,5
-0.99413158047465489,0.10810099806645251,-0.0040712307723693233,-0.10646847184345941,-0.97106802587989971,0.21375535927090261,0.019153725650211537,0.21293441086576628,0.97687873938527547,-0.71283870965202234,-2.7692988192476733,-1.9076710518630047,,0.3431308768674155,0.9290450928381963,False,5
-0.98996752118043674,-0.14013043734897471,-0.018104351307000416,0.13591561440618133,-0.97944635958206028,0.14903615152720601,-0.038616742074551735,0.14508028546234378,0.98866599921394716,24.047636924854849,-4.2490046514209157,-1.4078760361267619,,0.0994117848768262,0.2142857142857143,False,1
-0.91478510517312328,0.39811157070821857,0.068376813479660917,-0.38429111516339737,-0.90987912591259734,0.15633398554057185,0.12445300382019554,0.1167353995014471,0.98533461135969824,-18.522268620083459,17.059298939750949,-6.4059236776073094,,0.1688869392017647,0.3529411764705883,False,2
0.98815719344718744,0.1527164466643883,0.014934790148513339,-0.14250460549247274,0.87725348804583614,0.45838712364643103,0.05690165596897661,-0.45508680999301315,0.88862714167325041,2.1110783299420639,12.17195062252617,-5.1553540438690639,,0.1907276584043112,0.3928571428571428,False,4
-0.92922002162349282,-0.36873739941819317,-0.024142942744127247,0.35833656438169392,-0.91511202941099901,0.1848374427825962,-0.090249975297295323,0.16310335342228044,0.98247251262376134,-1.612262664594452,6.6340161025448499,-3.9334952031677446,0.3991805336806186,0.2917677026523476,0.7908045977011494,True,5
-0.60203825616807993,0.79775956655301139,0.03360970221898954,-0.7764674534268835,-0.59474445617961791,0.20827223917839285,0.18614035532057166,0.099291015790766213,0.97749325435236101,-10.931980835386339,8.0628564538607304,-4.3325764803674875,0.2021390185063852,0.1287535323226253,0.5636363636363636,True,5
-0.89812499263667533,-0.43893386924531275,-0.026618715797553785,0.42566783111959422,-0.88298032431150464,0.19787027171531257,-0.11035576628030333,0.16638150530659848,0.97986672539718267,-6.7938788651614788,8.8281756336157446,-4.4895698089616536,,0.188406683712678,0.6551724137931034,True,5
-0.8163934245398401,-0.57695986693097545,-0.024881485468175979,0.56028943097123196,-0.80177214774781358,0.2079355107666572,-0.13991972666513042,0.1558163503835488,0.97782602493649451,-13.275299854933076,9.5441159636585908,-4.712354822929985,0.4042377108543548,0.3542317572040278,0.7368421052631579,True,5
-0.99705739359398748,-0.074067233866125293,-0.019763571210304212,0.070599667795809964,-0.9876673898672641,0.13974553266529499,-0.029870399841403644,0.13793901500375622,0.98999019558433388,2.9534097234204415,11.634077735096229,-4.9400873463065897,,0.2129070266933,0.2727272727272727,True,5
0.083472452578988068,0.99636509762630765,0.01699829087198217,-0.96834710757389431,0.077074909658556803,0.23740964082024782,0.23523653821998475,-0.036277410784746361,0.97126089211551891,-6.9317794390478662,0.38647393301008726,-2.7104657956395957,0.3236467939487773,0.337275835112856,0.9664570230607966,True,5
-0.84358877906838847,-0.52230945002163798,-0.12470288788957867,0.51559229998316169,-0.85273242492136125,0.083737636017560679,-0.15007515459922133,0.0063442813485969241,0.9886542358510334,-0.72140171353914961,-6.1177643610280477,-1.2478681486120049,,0.3212095563217879,0.5,False,5
0.49573591283296531,-0.86720606767876729,-0.046899263414211703,0.84465148380602939,0.46887326013929692,0.25830551064702412,-0.20201429561280865,-0.16766485054261154,0.9649242054485857,3.4070853625282949,9.5906550982013048,-4.4931313128641355,,0.08467830082570703,0.1,False,1
0.73101177355317215,0.67874649577107726,0.070178211754997388,-0.66169725247851874,0.67999161220532511,0.31586097162008242,0.16666893228501126,-0.27733481896236201,0.94620656582063967,-21.72448531968146,9.5931361930124144,-4.8226234775772197,,0.2210275886486206,0.7692307692307693,True,4
-0.60050589370572616,0.79840246426857964,0.044115492454955753,-0.77686327261221055,-0.59559554089176758,0.20432671713725079,0.18940994506870645,0.088427692041005881,0.97790818382369993,-23.006351904679715,9.6625757197680251,-4.8639982881805217,,0.163926027969201,0.32,False,4
0.283880599707657,-0.92311197021678248,-0.25937635889207555,0.91908936632557825,0.18486396534115007,0.34799432613994219,-0.27328838580676529,-0.33717889133342244,0.90090168909947999,-1.3847703846150208,-12.940766092761576,-0.033057104919940225,,0.5152158935528154,0.5053763440860215,False,4
-0.89509793599759002,0.42381999297629808,0.13847851286904878,-0.41645481609327778,-0.9056409188833533,0.079874352559677703,0.15926415518115478,0.013825324505561011,0.98713919447904963,13.6907458382017,1.2785606944499421,-2.6157637892480046,,0.2616732955177588,0.25,False,3
0.76195382428094582,0.58168815350559067,0.28471961951171992,-0.64380266103766515,0.63259071311120318,0.43051959691317376,0.070317162232725855,-0.51133930198716071,0.85649729418067655,-22.847722732657967,3.148933717140693,-3.4320105641434915,,0.4371309335810656,0.125,False,2
-0.46497376123750794,0.87988508286253342,0.097987970264913807,-0.86959349598978219,-0.47467761548803045,0.13597173635306237,0.16615219857983812,-0.021986411953530974,0.98585498152441053,-5.3108245131022578,-10.19725762735618,-0.58923966874667333,,0.1724071058630303,0.3488372093023256,False,2
-0.48025289747976546,-0.78689668928310497,-0.38749290942877657,0.85178782368646744,-0.52382493924205498,0.0080583154274754265,-0.20931951146933542,-0.32619171268342395,0.92183746327370142,7.5235528096873416,13.275672249521953,-5.3200787049710874,,0.4525648325100703,0.3,False,1
0.92471804104397015,0.37751936472022096,0.048740884573877555,-0.37472332250323115,0.88030763022410308,0.29093110480208861,0.066925153267979778,-0.28729358752061507,0.9555016579941622,11.519476892670836,-16.29678418602608,0.73119821699471388,,0.2243393223512646,0.3043478260869565,False,3
0.80698787931500759,-0.58765507478825807,-0.058583920270608811,0.57497008016427831,0.7591503909487255,0.30512307490302948,-0.13483311742502152,-0.27991462448039967,0.95050924953282079,33.797811699616638,-0.1615291716291421,-2.2234833515674683,,0.3145179338422092,0.6190476190476191,False,1
0.72776821210264708,0.65726806106133673,0.19583698670472457,-0.66543680388337823,0.60762912343364173,0.43356742081565347,0.16597376145159173,-0.44585372518790789,0.87958351863008133,-6.1811477474945313,-9.4891612220881392,-0.68516544041909955,,0.1077133095414669,0.5,False,2
0.054720874643889847,0.99312379026647368,0.10349281658626908,-0.96758863675855278,0.027150262688485177,0.25106790565834952,0.24653165292499735,-0.11387712870764563,0.96242098047755009,9.445300983360891,2.9029338726685383,-2.9883026661429661,,0.2071034825077952,0.2577319587628866,False,4
-0.92293116017846133,0.3779551300347061,0.073129975058715463,-0.37529430461307933,-0.92567449071482544,0.047759000877681257,0.08574531180551595,0.016633006952970073,0.99617823936436101,14.129355108391408,-8.4696836829629287,-0.55315612980258544,,0.1659695992178318,0.7272727272727273,False,1
0.49917649550258686,0.81300313043306938,0.29974778772125482,-0.84143241886805487,0.37220175732142269,0.39173630968382234,0.20691619273418602,-0.44776306430172991,0.86988155942721002,11.045273109288441,6.5972954646601405,-3.8032194252893272,,0.08093648251685268,0.5,False,1
-0.99898072102324176,-0.040977869955399898,-0.01892969090614488,0.036774374894560528,-0.98202588746956587,0.18512914867930869,-0.02617564469116614,0.18424432288005405,0.98253186467995646,19.600849682679723,1.5753790543123118,-2.6564235081228205,,0.1948496459669025,0.1333333333333333,False,2
-0.82988470341601528,0.54781196635637242,0.10579900071775902,-0.55284932301650835,-0.83294508461498451,-0.023666686627503181,0.075159863466482013,-0.078131527135341383,0.9941058592479971,0.56088340012096649,13.8877999271454,-5.5128863129710721,,0.3951820536376106,0.52,False,2
0.58673998139944283,0.80351859590732255,0.10046920054675804,-0.78941309370422863,0.53991832694620723,0.29208760281108398,0.18045265782386949,-0.25069117706599026,0.95109976975371413,-18.746810364509056,7.9694361935898836,-4.4261179223844325,,0.3406129387313119,0.6785714285714286,False,3
-0.054316920567672823,0.95553284555653895,0.28983901256157463,-0.97046491080551367,-0.11884537577300464,0.20993721335823179,0.23504792922995837,-0.26987544853134909,0.93376641257046289,-5.8536928929798195,-14.096250407156697,0.068478077197987958,,0.4183750920219664,0.1607142857142857,False,1
0.99749826280781018,-0.066941999181738265,-0.022715290906204715,0.068785625091095481,0.84503540172132596,0.53026758114984252,-0.016301947007293576,-0.53050347650437668,0.84752599248668592,3.0652243224129641,-11.567556419597917,-0.263336464088195,,0.2623639618793522,0.1578947368421053,False,2
-0.99969851115862896,0.024431754930561687,0.0024446141277042165,-0.023956763377670096,-0.99236697781242678,0.12097047092533246,0.005381475233309764,0.12087543463600595,0.99265309601384377,30.87007240260532,-13.303560407904836,0.50498329705067813,,0.2351680069986934,0.4,False,3
-0.64163339830092059,-0.76604511177143786,-0.038489854713910018,0.74455619298994724,-0.63411758084682512,0.20864076577046614,-0.18423533229304551,0.10521302387088551,0.97723465040020741,4.2840980576468857,-7.2496919323710562,-0.9347473733681928,,0.1672054238043379,0.1481481481481481,False,1
-0.74327446561924715,0.63566776915104339,0.20849353951851488,-0.65203853199762019,-0.75807001134966778,-0.01325181809048126,0.14962894622636141,-0.14579555944832631,0.97793396162334933,17.600872097309953,1.27937075655758,-2.5872420407653509,,0.4356692756152067,0.25,False,2
0.75364037722956545,0.63176320136765163,0.18138753873123284,-0.6377713795818406,0.63612026534225674,0.43427948996835303,0.15897751160322704,-0.4429743394583856,0.88232640524119699,-0.98798841215388189,16.117936314019587,-6.0210277290965903,,0.5244154660770797,0.3055555555555556,False,1
0.74276817342495727,0.64503689285219734,0.17950723496989113,-0.64684652684453259,0.62209104120036796,0.44112618055087982,0.17287281815287817,-0.44376811886144435,0.87930930020446008,5.5805486380449993,10.174538759892547,-4.6108163157875,,0.2320653808380239,0.2,False,3
0.97265962382759796,0.21189408265062323,0.09504816628008611,-0.22435946472134347,0.75168611457791645,0.6201861137922291,0.059967380845825785,-0.62455494785359456,0.77867517640289885,-34.68898798340927,9.0928405440838258,-4.8312235371362462,,0.4929847361402148,0.1666666666666667,False,1
0.15660262984203518,0.98249438222624752,0.1008979941347853,-0.96052644706925483,0.12772127729347146,0.24713603502330198,0.22992294536881935,-0.1356173448360822,0.96371332613622129,-11.574578618635815,16.624537523794608,-6.2689602807749258,,0.1749474573438295,0.1578947368421053,True,2
0.15020353726446373,0.98794473843345376,0.037471204876498999,-0.95592377725076261,0.13545471789367866,0.26050288191683679,0.25228680005080795,-0.074948070035175951,0.96474564384511463,-12.662828461820419,13.757994533369315,-5.6301168704532278,,0.1744971244463059,0.4,False,2
-0.88194194250346047,-0.46874214812885129,-0.04959040855622103,0.45781415738961295,-0.87688547035585862,0.14655398040457074,-0.11218113632363312,0.10654891105184815,0.98795886665731392,29.366644683854407,-8.1680240590716817,-0.60237736233987271,,0.2603503763160779,0.1666666666666667,False,3
-0.78508685745506279,-0.59618204904944783,-0.1679452013084472,0.60409003068585565,-0.79690058009830556,0.0049699361107528317,-0.13679861504158189,-0.097552190289018792,0.98578380443813296,-7.2810662260233183,-8.7102325448817641,-0.82846773764005588,,0.411267749269206,0.7692307692307693,False,3
0.83557265179426321,0.47915047581630066,0.26876228362349447,-0.53698388521641649,0.60897826286370815,0.58377545544274401,0.11604589864094952,-0.63210782061647774,0.76614166609322398,-11.445957499671172,-10.707959075574658,-0.6422912009634465,,0.7503392845583156,0.4324324324324325,False,2
-0.92348537465969316,-0.36095209489968449,-0.12995517680021465,0.37158468823190416,-0.92582756638745378,-0.069051696493881876,-0.095391730570550171,-0.11205758566296958,0.9891124886655418,10.193113741352127,6.8619714163917207,-3.8649757995147045,,0.5286362181597917,0.1176470588235294,False,1
0.24352559249184816,0.95714993846541863,0.15671401053236894,-0.94225164068722977,0.19517510023825541,0.27215533408186299,0.2299067885550965,-0.21394082252490298,0.94940623182789874,-10.541563235866576,-2.1163086768066033,-2.1772045508514233,,0.1136805029080139,0.6363636363636364,False,1
-0.2520822889469409,0.84180891199205132,0.47729684190242661,-0.94077293971956233,-0.32873817314568571,0.082930630096786473,0.22671743534780003,-0.42812261001679897,0.87482011596768849,14.142840546249968,-0.67304815065066614,-2.1692520991328212,,0.4819543154971004,0.2272727272727273,False,1
-0.94755503474352543,0.30727698047711532,0.08786531398147214,-0.31178682987236139,-0.94918087703396814,-0.042949218749243984,0.07020276953467991,-0.068091996166170052,0.99520603455152279,0.98840251848656724,15.261191756845141,-5.8732424832655701,,0.4476588278414772,0.2608695652173913,False,1
0.44167481207298709,0.78295158277063848,0.43807554076579408,-0.8713194188957657,0.25795579499520555,0.41744613794301183,0.21383599003777648,-0.56607917013907416,0.79613349540087852,2.2592969658489666,1.8404345089323502,-2.7666415425034243,,0.6815060344958704,0.2367424242424243,False,1
-0.7026259370424689,0.69364926290592188,0.15864265714260009,-0.6924225778629377,-0.71787833763348508,0.072122576369875402,0.16391389892512886,-0.059172564813904524,0.98469835041626186,0.66997130404140492,-10.403725425711645,-0.46393865228534287,,0.2336233760472443,0.3214285714285715,False,1
0.89136193765832905,-0.45302147689605449,-0.015666447105414844,0.44166226931577396,0.86019495387481637,0.25494917374085246,-0.10202125247628521,-0.2341712680907293,0.96682753438446811,-2.5163247130391042,16.659531228330199,-6.1790142464705413,,0.2904319066689895,0.2105263157894737,False,1
