axis_00,axis_01,axis_02,axis_10,axis_11,axis_12,axis_20,axis_21,axis_22,location_x,location_y,location_z,dbh,dbh_approximation,score,reconstructed,number_clusters
-0.49869537403201131,-0.86358653726558954,-0.074304889292028817,0.85655105229873307,-0.50412701012096117,0.11034605780195808,-0.1327524716342611,-0.0086168625455227341,0.99111176511777233,2.246070157281828,-2.3653822009804113,-1.8504653824355655,0.5739250977581447,0.4672237894458998,1.0,True,5
-0.14899234415292228,0.98806451368886605,0.039112634436998188,-0.98121992632814026,-0.152629225453702,0.11794819080427783,0.12251015288708314,-0.020804718844245354,0.99224917541583058,-1.236398308012314,26.721686678765987,-5.8448155610604653,,0.2257137417154359,0.4375,False,4
0.7904877984791383,-0.60130718574359776,-0.11644186888193694,0.61228164042179078,0.7710109368873338,0.17508091844205911,-0.015499459926224639,-0.20969454826778042,0.97764408818790749,-0.19505160082299999,23.771534294555337,-5.4452594741765399,,0.2671423996696848,0.3636363636363636,False,5
0.79635377996795886,0.60407834892200041,-0.030166297326857213,-0.59282308787860627,0.78946100208689496,0.15909780847651134,0.1199226567785116,-0.1088148636337166,0.98680184527774273,-2.4453806620905443,15.909061006506434,-4.4960546424618304,0.3457194766944378,0.2659507510520919,0.8492063492063492,True,5
0.55286853236850253,0.8082308248812079,0.2027296713077297,-0.82765522890673504,0.50445145944223269,0.24599907953067826,0.096556760405669614,-0.30379542257651476,0.94783180640951203,-10.195906975616472,3.9992141339907268,-3.1835018463697256,,0.2866331124982794,0.12,False,2
-0.67511317054826725,-0.69053091940078837,-0.25959440730448524,0.73390591944781924,-0.66438079657920046,-0.14135154239072503,-0.07486192858667251,-0.28594616012160029,0.95531695533995165,-6.2879637828010466,-18.644385377712204,-0.089687212465270408,,0.3766398711842789,0.4117647058823529,False,4
-0.84772171724317735,-0.52099598594300078,-0.099654767801442626,0.51833893989791557,-0.85353250277407833,0.052981223973434577,-0.11266158839544144,-0.0067416125295673701,0.9936105460192729,-17.291047139376122,-1.0733321451921249,-2.8579287264824984,,0.1934544332362201,0.2105263157894737,False,4
-0.44258115322068375,0.89663530535707037,-0.01292485980901744,-0.89281933195244256,-0.43926166875063682,0.099613386943722557,0.083639484131859648,0.055626572370036827,0.9949422702551729,-11.208960931018199,22.618859158508219,-5.6055715095225862,,0.4330950594354133,0.9310344827586207,True,5
0.37617591725769867,-0.9221582638088095,-0.09008782250921521,0.92212045752580973,0.36311033568010198,0.1335842278664495,-0.090473980169554796,-0.13332299355852445,0.98693436372479892,-8.7214573477651971,-8.8067247201822099,-1.391177412922703,0.3888076822377085,0.3496634443737869,0.801980198019802,True,5
-0.96070392881170064,0.27237663547848906,-0.053468959323900118,-0.27590605077215685,-0.9581356508761818,0.076497880149628869,-0.030394280927084544,0.088244223411469425,0.99563504594878127,-6.2470565483313942,32.109439656701184,-6.6737106488097142,,0.3437790702694354,0.5,False,1
0.99861784263653741,-0.024430871966043325,-0.046535329191124512,0.031980302464930672,0.98507742700977396,0.16911452643121688,0.04170928700180665,-0.17036899744607881,0.98449720166540777,-9.9598825048334589,-3.5843570532133144,-2.113402839304908,0.2182905046391636,0.2076776961864386,0.4102564102564102,True,5
0.46494110533421745,0.88529053475068287,-0.0095098712634145988,-0.87618069771300799,0.46164489123433067,0.13853295403040311,0.12703209643921878,-0.056077299133370444,0.99031216441895931,-4.269543494627893,20.199581267762888,-5.1112010874137761,0.3236127205688376,0.2714578833869513,0.9367088607594937,True,5
-0.94233236007379506,-0.32267967154994903,-0.088811895183955186,0.3209342835961313,-0.94650272917826983,0.033671490473717758,-0.094925806661764645,0.0032269531296233896,0.99547911982276649,0.89036159887487609,25.942819648837979,-5.6645320822140333,0.3609640553085788,0.4179999864773146,0.8688524590163934,True,5
0.49805963232737405,-0.72600282256615234,-0.47419036712263773,0.86451743417779658,0.37321049593254163,0.33663560674478038,-0.067425578592706162,-0.57761044602029754,0.81352317975560662,8.7787316468938386,-4.4881459331310012,-1.5667424018657568,,0.3476282958270054,0.2424242424242424,False,1
-0.95159794834819933,-0.27262758323500308,-0.14189977293477257,0.29219597449512874,-0.94566260614086561,-0.1426315106689568,-0.095304025037458759,-0.177190395355697,0.9795512781908623,0.69806843997458168,-9.1404909135059835,-0.90915890191104354,,0.3214321483179899,0.2413793103448276,False,1
0.72283560460687069,-0.67802892981825025,-0.1333621349639299,0.69097142239956477,0.70690730459729456,0.15113092381809054,-0.0081964711761311135,-0.20139223678311383,0.97947638298417017,-14.970976240720058,-7.1260680918216268,-1.9325277411016841,,0.3535545752639382,0.9464285714285714,True,4
-0.81993995162796052,-0.56855687254796405,-0.066645017839421991,0.5601439577734455,-0.82086787885934542,0.11142114712593866,-0.11805601337601973,0.054027845926318249,0.99153606569318709,3.2129341981152479,5.9724247193091937,-2.957410571808325,0.4043640891299482,0.3679729807188511,0.9931914893617021,True,5
0.98299105642706142,-0.12452868627671303,-0.13498588547920881,0.1785331265845731,0.82029455164434928,0.54336246765352902,0.043063972138516142,-0.55821989828094776,0.82857470361269281,5.0327547750387787,-3.9274139697941868,-1.6575183036327987,,0.6051045873739167,0.1071428571428571,False,1
-0.83487936919306038,0.54976737897968198,0.02706044910211166,-0.5490110758030613,-0.83524716591918469,0.030806013528776988,0.039538304735567451,0.010862818868993897,0.9991590071779648,13.933848809936483,-8.3137778229181656,-1.0619364900042472,,0.2018440667190483,0.3,False,2
-0.30311024798719727,-0.93983469480562287,-0.15759100229632589,0.94596597770896007,-0.31673661587903112,0.069471470249515346,-0.11520653879997408,-0.12801821199001318,0.98505776014232227,-10.722533422065643,-6.6849224260754276,-1.7773063562053248,0.2215304127312732,0.1962029617267064,0.2903225806451613,True,5
-0.62155528732382304,0.78326576344421917,0.012797211256497562,-0.78165486172173071,-0.62119194597197958,0.056002173228601619,0.051814109531874326,0.024805444476740574,0.99834863047821609,-7.6463384983777196,8.8411458058376589,-3.6995494297241147,0.1766472809471192,0.1545944032711667,0.3770491803278688,True,4
-0.87000342337674497,0.49090203413795569,-0.045926421501822808,-0.49236314204227832,-0.86992131101025849,0.02855606780440037,-0.025934141030713877,0.047456353941402227,0.99853658661042,-11.548387855031985,10.470327853231908,-4.060893054560978,0.5746169741202759,0.3510412021640013,0.1739130434782609,True,5
0.24022082442967219,0.97067991712999713,0.0086286725996363861,-0.96229323781557929,0.23695791299594726,0.13357646470473208,0.12761535943897206,-0.040391161769726389,0.99100094555260354,-2.1458371897253441,19.252825154033854,-4.9173092426622942,0.3428634091693466,0.3794717546433944,0.8910891089108911,True,5
-0.088715820454280572,0.99601415854736108,0.0092357552109308613,-0.98976546705735124,-0.089192187783165344,0.11139602263634123,0.11177577296475087,0.00074135797355227157,0.99373317694765917,-5.1508269001683642,-13.963731603987657,-0.56093723827620356,0.3060791427923827,0.2344859717943975,0.5172413793103449,True,5
0.96831267772480489,-0.22679961818870598,-0.10455855463267932,0.24839978129837817,0.91797178025720139,0.30923350287823237,0.025847762153341263,-0.3254070433178744,0.9452206881732873,-0.70831882086928788,-29.821042426539055,1.437641856921148,,0.309080384730742,0.1538461538461539,False,4
0.97394181809404579,-0.20071590971245568,-0.10559573171281537,0.22371493326396338,0.9267291635093079,0.30186865709450128,0.037268801997970551,-0.31762585078931865,0.94748343273536773,12.130674837592636,3.2564323992374939,-2.6996516929072336,,0.5113649896940058,0.5,False,1
0.77766220010755427,-0.60144997625781049,-0.18302849117926301,0.6285271399674196,0.75026167461060023,0.20508791757408318,0.013969139137909183,-0.27452749528959253,0.96147777794485156,7.9325041376707714,-0.13522122027341546,-2.0856749800795193,0.4203640970374397,0.1876663662737373,0.2,True,2
0.93776796825710418,-0.32912443030446575,-0.11076257078861547,0.34312455668044728,0.92728874602334066,0.14967003742000645,0.053448819573389074,-0.17836112489895459,0.98251235758691102,12.600194009461394,5.3034639997427391,-2.9046461893008768,0.5519727563780547,0.2609759361302456,0.5666666666666667,True,6
0.6372509142539482,0.77045127124468549,-0.017779508428408058,-0.75986194640320626,0.6320056654635241,0.15224539805964382,0.12853441053211606,-0.083508547223961921,0.98818279070711668,-6.42665599914372,-4.9468038216337265,-1.7705465280714674,0.2159446916418338,0.2001021109219466,0.5546875,True,4
-0.58492809157028014,0.8108678019993758,-0.018775925347415623,-0.80909481378215575,-0.58171561860530285,0.083501625022925435,0.056786530117356737,0.064033949990231737,0.99633073988805543,-9.2720041562807385,7.1988278385382944,-3.5343357736112218,,0.213058391096889,0.7531645569620253,True,5
0.87740771681883589,0.4789053797566829,-0.028378437357671819,-0.46439352235052445,0.86268780939558654,0.20027081644392325,0.12039250336141787,-0.1625403973181741,0.97932949734704688,-7.4754831259766608,19.359549476633021,-5.0821373168270911,,0.2394020161143394,0.8723404255319149,False,2
-0.94444891859816038,0.324483020805447,-0.05222077525026135,-0.32798715420996716,-0.94069549555687082,0.08669723935778649,-0.020992065930101111,0.09900885742187876,0.99486510609227874,-5.7432138232582188,13.792515160629994,-4.3072088206561716,,0.1325401771940287,0.5694444444444444,True,5
-0.40283279545229628,-0.91119034400072674,-0.086359110161724068,0.9057105553261533,-0.41044923957297402,0.10592361259302527,-0.13196260409251678,-0.035546852656793151,0.99061712704117777,-5.2023566435158415,6.2962264924625924,-3.2948991326551282,0.372564677102902,0.3760847186062593,0.99,True,5
0.94159743747994129,-0.31632157699526015,-0.11547694860204603,0.33344711893054502,0.92369510677110578,0.18868059943734056,0.046981747606137846,-0.21616662474662202,0.9752254640530702,-2.7245583017263684,32.488138455646855,-6.6223770891850764,,0.1179679836705904,0.3571428571428572,False,3
0.83715657760121964,0.53315121961612721,0.12214189126115066,-0.53455650263413446,0.75021381525396058,0.38913824907564698,0.11583699784860317,-0.39106138702757864,0.91304588138027898,11.425218394064013,2.8431242527313487,-2.6141890058017521,,0.4627206148201588,0.1785714285714286,False,1
-0.90296249560558295,0.42968201380361487,-0.0056655576431476895,-0.42440720844377156,-0.89378929667915885,-0.14498004884376131,-0.067359134129697976,-0.12850704321337642,0.98941835787186239,2.875224463551918,-6.6156515014351296,-1.2441279292682674,,0.3781000538823886,0.2857142857142857,False,3
0.95602658968045295,0.2919970128704471,-0.027402633061407992,-0.27699804305275699,0.92969999497053346,0.24275502774758778,0.096359970780948573,-0.2244897855728073,0.96970051675997815,-15.082272167428473,12.373662731111153,-4.4656076238555347,,0.2877145937375414,0.2758620689655172,False,4
0.80158517469424284,0.59606926920221415,-0.046504129097724625,-0.58533447037469732,0.79823766664218121,0.14212735607481741,0.12183909676935378,-0.086706711772410211,0.98875536945800879,-6.9180096710796413,15.530372039268354,-4.5636715089415363,0.2564376289068606,0.2458015664219721,0.7023809523809523,True,5
0.65808519744250082,0.75245005250325947,-0.027254199582951541,-0.74195051025550873,0.65421490652915015,0.14667070739123605,0.12819248510991318,-0.076300554145416422,0.98880984632964075,-3.9693343747493901,13.98554471565604,-4.2900166883916828,0.4540728726513201,0.3979726935643891,0.9146919431279621,True,5
0.87347817449164855,0.48553470122310183,-0.035943463869380236,-0.46922801939711112,0.85923157450303234,0.20382876928859431,0.12984969965079071,-0.16117430094537991,0.97834651336597833,5.8481032854326349,11.400271524981067,-3.6996751190278476,0.4228046583248631,0.3774327240617629,0.8765957446808511,True,4
-0.90130874075243483,0.43018165625054761,0.050855643431143842,-0.43201100741702236,-0.88405670679430992,-0.17835422238491783,-0.03176544213117969,-0.18272241733715938,0.98265124784364644,11.53298314120206,-1.631785561174854,-1.9659792695953138,,0.487169603302867,0.1363636363636364,False,2
0.96889818536432626,-0.23605460254744834,-0.074259888323928047,0.24484196618027593,0.95799940503865522,0.14929685710877949,0.035898718566163938,-0.16283539099885178,0.98599995813567798,-5.9797659833689485,-0.98817630146602642,-2.2694156131231042,0.3558397784454296,0.2738432259505089,0.8603351955307262,True,5
-0.34669073206320922,0.9377377000426792,0.021296530706727143,-0.93371016792573291,-0.34718757073974477,0.087442055304838673,0.089391602589817099,0.010430562904332412,0.99594193844014989,4.4893774575269658,-17.769031705252853,0.16273218642946258,,0.1744181855937419,0.4210526315789473,False,3
0.17037727922229395,0.98509485459810386,-0.023658194545448329,-0.97784728739819649,0.17198909806312354,0.11930814169797166,0.12159878804000686,0.0028067047894371339,0.99257536598256735,-4.7609957595770522,8.9208761179760074,-3.6084505994461411,0.2843383963451777,0.2830086587411834,0.853448275862069,True,5
0.93752597632896983,0.34355732817443119,-0.054894498504484093,-0.33347406663409124,0.93234177921909056,0.13976356322412059,0.099197230762427452,-0.11272607941477995,0.98866209618293699,6.2225678654322696,1.2943440135744719,-2.3032546668313967,0.4600836459400675,0.3496103133113328,0.9928952042628775,True,5
0.89397756688334518,0.43624547232407335,0.10244021566786844,-0.4348960175626031,0.78952821521607308,0.43302500076313055,0.10802575534344237,-0.43166547841409236,0.89554193141807181,-8.7876157602373404,-0.88565469351728465,-2.4405504467691626,,0.2337328115648715,0.3636363636363636,False,1
0.48258429454375995,0.87584333056467734,0.0032952943837177839,-0.86360513418023022,0.47520747010587439,0.16841624794871002,0.14594029901726405,-0.084120869354449138,0.98571045873613594,10.553127402689181,7.5543266323092269,-3.1948184264026143,0.2406004192724109,0.2297896733855321,0.6382978723404256,True,5
0.84049493342454595,0.54061377176098269,-0.036125014464087279,-0.53080445799928544,0.83495145345626764,0.14526767616833963,0.10869633966123751,-0.10292142708702104,0.98873266639199209,-3.174683958793254,-20.713992144892906,0.32147117743923559,,0.1522020943161826,0.75,False,5
0.88776308367547563,0.45889393330667311,-0.035959216305984254,-0.44687781183458947,0.87796915907661177,0.1716693828270954,0.11034912121507384,-0.13633236477314303,0.98449812481407162,8.7660924438756176,7.0562576781286843,-3.0989914202922653,0.197784366646395,0.184670845113039,0.6627906976744186,True,5
0.90897852939857227,0.4156723367229388,-0.031217648465242602,-0.40553785020181343,0.89916618014686167,0.16443610471484502,0.096421393612097228,-0.13680895059677914,0.98589361793781161,3.2171368844850359,-9.1947255727774557,-0.94972755948794541,,0.3025349279543682,0.3396226415094339,False,5
0.92000070487354157,0.38937497017503353,-0.044562715731645414,-0.37782768069347211,0.91138877761106263,0.16314637521687581,0.10413907400192934,-0.13325775266679885,0.98559495971733557,-4.2753148166699884,11.533578022563956,-3.9654348407130602,0.3167470515958762,0.2751823322770441,0.9291338582677166,True,5
-0.66302100171125689,0.74567043672418887,0.066172132241295145,-0.7473312170283154,-0.66445148871479076,-0.00052076835132254529,0.0435798502151978,-0.049797780475199178,0.99780808661533982,16.297741475512947,-1.3753426251045366,-2.0091707949741116,,0.3329645039897399,0.6538461538461539,False,4
0.2993793937524804,0.95396181393449153,-0.018133839946688289,-0.94540861322456082,0.2991524292807724,0.12926862765661756,0.12874211679636977,-0.021556474902618562,0.99144378849865356,-7.0587814422468451,-9.5007383674558756,-1.1997658621191059,,0.1415804615107674,0.6274509803921569,False,4
-0.31380893148051658,0.94931379255163162,-0.01809082071919367,-0.94449084147272777,-0.31014943086286534,0.10837149491254078,0.097267697090013872,0.051094557505454136,0.99394584424712329,-2.6890960683594445,-21.915579858715134,0.44428659243190732,0.2484821162468357,0.2441839487635162,0.90625,True,4
-0.52224888433286543,-0.84175024035249668,-0.13679413613014843,0.83920274775862158,-0.5357943145329962,0.093076316367258299,-0.15164053207325076,-0.066189012537073988,0.98621709762704424,2.6595327217569356,-12.987421046935802,-0.44097751004254648,0.3843807135399727,0.4238190018657653,0.5833333333333334,True,5
0.84125679114808594,-0.53424390679802525,-0.082888234366581992,0.54052377139271879,0.82801832142912968,0.14906277850985783,-0.011002904462833613,-0.17020313577272927,0.98534756744334229,3.6559432073527831,8.5181064563054232,-3.3182178067064285,0.2893563160650671,0.234972544605589,0.8322784810126582,True,5
0.79703460365329559,0.60151644632962464,-0.053979675566027022,-0.59230325170529585,0.79601341517718938,0.12465753437831291,0.11795210298492562,-0.067384031141860992,0.99073038398370838,8.1177879306176521,10.205251432932592,-3.5422881021602315,0.2533591836551103,0.2096409719799552,0.5777777777777777,True,2
-0.44585312367590285,0.87715251924573434,0.17837726898151091,-0.89210448438591272,-0.45175168636114305,-0.008366768098175506,0.073243300355633173,-0.16286151126256149,0.98392659639949254,6.767191550876877,14.804068033258883,-4.1068936872817794,,0.3149916419828817,0.3333333333333333,False,5
-0.013861711203520507,-0.96896403449385515,-0.24681278901203821,0.99773831621494036,-0.029640468086250656,0.060329884868142239,-0.065773135238374705,-0.24541830108820054,0.96718341185728351,-6.8870487090057386,21.146250409309584,-5.3000958273529415,,0.191161327331015,0.2,False,3
0.7053991409043272,0.70879907024583355,-0.003991244176832269,-0.69719564666604594,0.69484456076080636,0.176378192107289,0.12778999288422757,-0.12163434712187138,0.98431438235905377,-3.7817008856843253,-18.581944447591511,0.060853568968301526,,0.1144602871532617,0.2272727272727273,False,5
0.97051988252845511,0.2332233374929468,-0.060811450119232752,-0.21841706507280875,0.95772553896509571,0.18723188216486086,0.10190752328426622,-0.16843000582635798,0.98043163445260118,7.1861850411272883,17.768810082502515,-4.5180640547458086,0.3658108998807021,0.3617885756853562,0.6911764705882353,True,5
0.071229735239259753,0.9689509670755253,0.23677066587976997,-0.98961944498338761,0.038945893996123727,0.13833499720466613,0.12481858406710614,-0.24416642018149715,0.96166682397139813,-13.410034817554521,4.4358636718858833,-3.3585480751484709,,0.2721173599101662,0.2765957446808511,False,3
0.7403587975553092,0.67187527677516845,0.021271185692068567,-0.66254138244837368,0.72399430968665135,0.1920186347330532,0.11361235595591437,-0.15625572629391463,0.98116073126399983,12.78041413895064,-5.4933576239182811,-1.4983162001791177,0.2078767429792966,0.1885942965832531,0.5517241379310345,True,5
-0.90970577484976933,-0.37209057203189322,-0.18434752347118405,0.40291574789296231,-0.89833993103977616,-0.17505504391277696,-0.10047041009588356,-0.2335251046556408,0.96714617415917881,-13.51840041897872,23.321058679374957,-5.7962485880165753,,0.5363729230347245,0.4193548387096774,False,4
-0.81587457905280736,-0.50973767133324011,-0.27297651488575359,0.56163257212335349,-0.81088506258913218,-0.16442101203899587,-0.13754099456348484,-0.28745942616930675,0.94786578855917292,12.738708377820663,11.726320021819749,-3.7001876348798586,,0.3563566823213501,0.1428571428571428,False,4
0.99696847360993035,0.0099673103445200376,-0.077165506234211895,0.0049133080110021843,0.98171647802176121,0.19028561738854055,0.077651284807626911,-0.19008789941772999,0.97869140614530814,10.380021099410124,-0.7182133355097432,-2.0268379420315705,0.3507423528628733,0.3637233777912046,0.8095238095238095,True,2
0.9981028797968704,0.010849744199997902,-0.06060465652067458,-0.00015597038747166159,0.98479264928916788,0.17373374335246639,0.061567986928537488,-0.17339469702622695,0.98292607149711464,-8.8290782642979817,-13.85630988564092,-0.78196925031995723,,0.1226360380801791,0.2,False,5
0.29384950084754474,0.95499970989691974,0.040348791164622741,-0.94721074304889652,0.28527039672560739,0.14633047872801677,0.12823524907140288,-0.081217946593177159,0.98841254850734361,-11.447176828790381,-5.7396608651989878,-1.9465168577138445,,0.2032014204221003,0.5102040816326531,False,1
-0.88793338747900319,0.45709327816754869,-0.051381265594645585,-0.45996709436306554,-0.88184738236460247,0.10380494361974286,0.0021381074019271931,0.11580556666561122,0.99326960047410862,6.0744630434485334,7.8022259923128896,-3.2010076014532038,0.2955976679501979,0.2643402078165703,0.8088235294117647,True,5
0.058979046223802345,0.99807726155022358,-0.01905917319655763,-0.99142607445066566,0.060794731565311191,0.115664772135876,0.11660107634954726,0.012073963322271078,0.993105436700363,-7.5886042782141194,12.100240915611026,-4.1228808983096004,0.333461820475105,0.3048772951909987,0.8561151079136691,True,5
0.11422479425872838,0.99335755822179828,0.013908914414053786,-0.98530239357231009,0.11148638959914749,0.12942170666013933,0.12701137585754743,-0.02848765448002754,0.99149208970369451,-8.7305370826787918,-10.385023264422529,-1.1746849938064712,0.2920692579643335,0.2226345223503476,0.5576923076923077,True,5
-0.98030527215145336,-0.1082414788096196,-0.16518279467660349,0.13250164249404606,-0.98070910064286754,-0.1437114283995507,-0.146440732477157,-0.16276806253490234,0.97573647553537191,14.211464539690763,2.5345913870588781,-2.5874457687971599,,0.2071177497009068,0.4651162790697674,False,2
0.92307651817678216,0.38103034820060849,-0.052398619645486116,-0.37034318401272093,0.91730338801556799,0.14628882524130277,0.10380591334769505,-0.11563030781453264,0.98785320987926506,8.7306188789099135,-10.386314401166343,-0.72092017100356853,0.3044158462829539,0.3612298012781167,0.9861111111111112,True,5
0.99493012145540294,0.08289994137919629,-0.056935517386462686,-0.069280472271274846,0.97535310433729905,0.20949114067536154,0.072899036911384996,-0.20448452650242471,0.97615152965022445,0.43647907326292545,30.052680642054668,-6.224143349266356,,0.2375135076270339,0.2727272727272727,False,4
-0.85701541114338475,0.51444692125609215,0.029477962495121406,-0.51528426785631642,-0.85588866988973367,-0.044008045334495274,0.0025900506781792801,-0.052905103388153754,0.99859618548889606,-4.321154650326462,-16.284203547983449,-0.25428753619789685,,0.3306860825556479,0.1851851851851852,False,5
0.93067854529505567,0.36553631971956763,0.014854100220295915,-0.34482619136417175,0.8629395852474907,0.36936454887031267,0.12219796674560554,-0.34888174383129306,0.92916585480982739,-0.38034191760500591,16.498334177994554,-4.5074764292922316,,0.3661538101237045,0.2954545454545455,False,2
-0.039657034209513817,-0.99188682004895412,-0.12078019643501456,0.99213852611892261,-0.05344609570858027,0.11315767691183132,-0.11869483825457014,-0.11534318821102761,0.98620864136603381,-2.5876363304881269,-23.060610409572014,0.56006981041381676,,0.1946300674831957,0.4074074074074074,False,3
-0.68794346591198885,-0.65703926943256019,-0.30827453046355929,0.71070094876088696,-0.69596390307726297,-0.10265674378158197,-0.14709843350415319,-0.28971303739560894,0.9457422517914883,11.488732796513602,-4.8766531038375662,-1.5271675660720814,,0.3843676924422932,0.1363636363636364,False,4
0.52813912288284004,0.84858844287069879,-0.031092145420120357,-0.83906584786664662,0.52714069671844266,0.13450348994364128,0.1305280422911827,-0.044948197844589276,0.99042520650786825,-8.8498968275345646,-4.3289744688831888,-1.9501975011546564,0.2729568392643893,0.2751010494095594,0.8383838383838383,True,5
0.48575243879145308,0.873779207381297,-0.02354707956981858,-0.86464981419831266,0.48427818414450624,0.13362387200093548,0.12816109790017521,-0.044548143730254869,0.99075233831427822,9.0786284956915484,-6.0298302703939086,-1.3485868569429527,0.232420528965545,0.2230957367973741,0.8163265306122449,True,5
0.38095550918398308,0.92422980908264296,-0.025926049167440072,-0.91531167632157984,0.3809461287451465,0.13070800351724671,0.13068066120031102,-0.026063518510489297,0.99108186230558248,-6.3453914758017529,-6.5119380834667773,-1.5828839191054482,0.2060102899658398,0.208407097959128,0.8444444444444444,True,4
0.98747731583422671,-0.08730656821062012,-0.13140058546336525,0.13076028708351362,0.91893803610815961,0.37209492487202162,0.088262665010002503,-0.38461727592629347,0.9188466972375583,-4.6339325465569576,18.51698337186015,-4.9319583506214837,,0.2802661469589587,0.1388888888888889,False,3
-0.61841711008512734,-0.74455016525456652,-0.2514067011305739,0.77190950222643273,-0.63551392710707566,-0.016666398095696811,-0.14736349048017638,-0.20437000727195984,0.96773803366466837,-8.9414114456688232,-15.427151961806159,-0.58297080689600922,,0.2337663264404161,0.3333333333333333,False,4
-0.85825185026536854,0.51138407911479067,0.043475109476449343,-0.51320534198172929,-0.8543188091964532,-0.08221708590415279,-0.0049029050049911038,-0.092874624527220118,0.99566573991547991,-14.464874478006665,10.553701162739022,-4.2109994854994595,,0.1869114745422908,0.4666666666666667,True,2
-0.53452532271254038,-0.76115832044899001,-0.36731551912535237,0.829974703220696,-0.55475384334318822,-0.058225126102732228,-0.15945115676210125,-0.33598539329446148,0.92827212825765371,10.37474301828442,-3.5647150033040269,-1.7048975588547353,,0.3208039814318487,0.2307692307692308,False,3
-0.64445454694855453,-0.73702490443882973,-0.20364829278505253,0.75374556609771082,-0.65712859901045417,-0.0070445688724444233,-0.12863109462868627,-0.15803890217124097,0.97901876738657778,-1.6836905879769706,25.13476811241312,-5.6524544980841451,,0.3609019828034331,0.3214285714285715,False,1
-0.91164855511639409,-0.34416190555759146,-0.22460964965281247,0.3973722734428593,-0.87761410732178424,-0.26812078421607333,-0.10484363716051207,-0.33368557264699994,0.93683603173351504,-9.7979766087210542,4.4467347740383421,-3.2010862942276326,,0.5300194674607582,0.2571428571428571,False,1
0.69141874266651449,-0.67444727960432771,-0.25896136646955292,0.72143252721845685,0.62550469725339164,0.29711779210463457,-0.038408735473152607,-0.39225596330491186,0.91905387670750216,7.7185570126019512,-5.6774243277194794,-1.4024237807955717,,0.3680841050003649,0.3870967741935484,False,1
-0.91262497579927471,0.40001674265132325,0.084274902230724258,-0.40862224698350463,-0.88659680378727457,-0.21673478443558652,-0.01197968353191485,-0.23223417731422194,0.97258612681328194,10.602537435387717,4.2590883897454193,-2.7823765675512693,,0.4155281743914266,0.1875,False,1
0.99599470478387586,0.070835662751240633,-0.054560580321992319,-0.054622825410100238,0.96515314967024668,0.25592136414496514,0.070787675387017565,-0.25191607047624942,0.96515667041631503,-5.5570979009893113,-10.105236414647175,-1.011896871948835,,0.9554342498120056,0.5864197530864198,False,1
-0.80869404318841598,-0.54982251620356681,-0.20906732214086074,0.54889535838008219,-0.8331323036593633,0.067856098827170391,-0.21148955071202227,-0.059881259796534747,0.97554415823416551,18.830536984854948,4.8105608303731122,-2.8690736944528341,,0.5181414703893037,0.75,False,2
-0.194745566252741,0.91040590446004366,0.36501404568754392,-0.97226062210693331,-0.22832678916362459,0.050755886855294932,0.12955094413062798,-0.34500429921164577,0.9296174408864879,2.6733973681016208,23.063078863028572,-5.2831070109779628,,0.6527384363362404,0.3,False,3
0.50203170014629617,-0.76704343873520631,-0.39951036925402877,0.86126635403585272,0.40140769558884359,0.31159609966725327,-0.07864120709914027,-0.5005159588018403,0.86214809373486756,-11.350101135292755,6.9308708037808406,-3.5960883293005907,,0.4560536282350757,0.2222222222222222,False,2
0.99099025992700129,-0.11556853344118205,-0.067692088223579513,0.12519038811645244,0.97889943957316794,0.16150310810194907,0.047599069876064493,-0.16852240587409217,0.98454787962056012,-8.2951261972369252,17.849659630142458,-4.9301436123262352,,0.09843299024399624,0.3529411764705883,False,4
0.1644685066836197,-0.92384854309963105,-0.34562115057089438,0.98121749576829564,0.11742491258757423,0.15304775693225492,-0.10080841387232606,-0.36430105588165573,0.92580905395014157,3.8342606313173468,23.745431571733178,-5.3409160139069831,,0.4679562084367304,0.1,False,3
-0.81089170209980932,0.58507789675918798,-0.01176869531925847,-0.58518219057631937,-0.81056884556174413,0.023236833626810088,0.0040560199670179806,0.025729386478203085,0.9996607161299681,11.472171162841661,-12.736032278918806,-0.39040595807175882,,0.2430778232451479,0.2666666666666667,False,3
-0.0064447451442997657,0.98737824193320467,0.15824876813713407,-0.99993606532319201,-0.0078336757711173766,0.0081546790180415801,0.009291422173128441,-0.15818609572528308,0.98736560026830678,-1.3300858391989741,-27.516639984337079,1.1413337235368546,,0.2870620615981983,0.25,False,2
0.96721940443923637,0.24892596761141739,-0.050224359875760481,-0.22979939371489722,0.94214224482634745,0.24404964487136138,0.10806878515314164,-0.22450802471691667,0.96846129737498232,-6.8095639514717785,27.603759627608927,-6.1269287748511232,,0.4367181986557263,0.9259259259259259,True,4
0.71602131095312704,-0.68886839661905697,-0.11302130064928489,0.69707027871899574,0.69685607222243584,0.16877393499394727,-0.037503450342437621,-0.19962952373386431,0.97915348361030896,15.140932744360091,4.917542407450151,-2.8851329218894102,0.2944457702401407,0.3710999113659158,0.1923076923076923,True,2
-0.99847425326646033,0.038011066400706353,-0.040054018463404825,-0.033409377108819513,-0.99338316687495332,-0.10988037718669427,-0.043965658020623001,-0.10837454775255399,0.99313744180462959,13.15919308993856,3.6368616018167579,-2.7401139766622435,,0.5055020185648268,0.1304347826086956,False,2
-0.65346437211666253,0.74314422002753766,0.14394784685378009,-0.75695509453181531,-0.64108170349222571,-0.12662240840324074,-0.0018163800557752449,-0.1917052886259776,0.98145085616974437,6.5426558237136359,3.3207457523739654,-2.5938011197121393,,0.5335858088138304,0.1830985915492958,False,2
0.46935179438091523,0.88220594085257187,0.037703727081589151,-0.86950542337833114,0.45431195114450967,0.19380652662626324,0.15384801534983475,-0.12374703621378749,0.98031497958626534,-5.2819497143538063,16.878215722016535,-4.7214931228648913,,0.3908475964683202,0.2285714285714286,False,3
0.71514294194250261,0.69803605462727292,-0.036280008685407074,-0.68687082060962767,0.71142712081116433,0.14859316124705563,0.12953396614355206,-0.081345671149286064,0.98823268181152213,-10.170253054855534,-5.2842266306728236,-1.9342058209834843,,0.126954419241344,0.3461538461538461,False,3
-0.70112765547585554,-0.7011342270644042,-0.12973359767512294,0.70121070531288787,-0.71098987143988779,0.052886193514892432,-0.12931959434491236,-0.053890614662412448,0.99013748750856567,-10.009078732650959,-10.79114841600234,-1.1783553341278035,,0.1456344023408611,0.2142857142857143,False,3
-0.52747486778965225,-0.71064418086461878,-0.46556966401768818,0.83942027054564572,-0.52040562977192062,-0.15668946964861646,-0.13093461439727389,-0.47345837061450824,0.8710300213240022,-11.375049396825165,-0.79168523493741749,-2.5598918359080289,,0.4496977695332763,0.1333333333333333,False,1
-0.89797430300568681,0.43820789118724585,-0.040199443313030929,-0.43998372592497503,-0.89564917961993507,0.06501436739147208,-0.0075147895930044173,0.076068332092689955,0.99707428850111712,-8.4909960063331127,8.3206092481187053,-3.6562725085949506,,0.07652319523270602,0.2,False,3
0.99790685498951415,0.011290140409615151,-0.063674496420997193,-0.0004539780953036704,0.98584054234159013,0.16768487999676029,0.064666085924736411,-0.16730498440025654,0.98378216060569224,8.4789008866727897,-6.8290747404945433,-1.2475785742809344,,0.0653484573811923,0.1333333333333333,False,1
0.96485316095023288,0.25557323767398604,0.061161245811219782,-0.24656702023023133,0.7999242633336533,0.54710682454608173,0.090901498002667058,-0.54295809517397253,0.83482538566212916,4.3955456632521823,-8.7820636476382248,-0.97456845512815593,,0.4921575604066142,0.2941176470588235,False,1
-0.62450277890123151,-0.75060398304885401,-0.21584702864722372,0.77025489918895351,-0.63763818975367392,-0.011177175093587788,-0.12924267646584364,-0.17323740819711364,0.97636321672884196,-2.4693270910679055,-25.646953609440846,0.8713415672819621,,0.4884313902534632,0.4705882352941176,False,1
-0.98466591564920114,0.16438975785979784,-0.058387002573504765,-0.16873151289881388,-0.98245509113564256,0.079446022282647188,-0.044302495568521109,0.088079517553483977,0.9951277744460495,13.129681425640605,6.1989103442859612,-3.0090154016690986,,0.09191788890319932,0.2,False,1
0.7809964268631584,0.61648466645830935,0.09995617664139736,-0.61266120042520433,0.72520978495251731,0.31419264998193563,0.12120575366098231,-0.30662260815359105,0.944082486570195,-0.086361686667609919,-32.577062918839857,1.7868709361800594,,0.3880202593045812,0.1,False,1
-0.41558728024774666,0.88843318458139175,0.19486838899844097,-0.90929577865981293,-0.41092019867693902,-0.06577064110033827,0.021642536998361085,-0.20452644536556094,0.97862175212816682,-7.915515697368976,5.7783388322548968,-3.3072929813341347,,0.3512998247249448,0.2372881355932203,False,2
-0.86701020423079167,0.4977942217873732,0.022231025949899973,-0.49828865589375138,-0.8662613610430776,-0.036050933016972014,0.0013119326508520546,-0.042333994837470176,0.99910265324130809,11.989415919158423,6.9667487732072733,-3.1188248886516385,,0.1368677047181628,0.4,False,1
-0.1547105284667056,0.92125990129008639,0.35685409715531263,-0.98254815673849072,-0.18122974789977478,0.041891504699378697,0.10326554154870178,-0.3441452785542245,0.93322036796112029,12.544033885039438,2.0535795174536693,-2.5382874843739707,,0.7620750405688903,0.2413793103448276,False,1
0.42371895629084672,-0.8268740300863997,-0.36978586296459659,0.90271936043150902,0.3518815203500652,0.24754222253638647,-0.074565423501263176,-0.43870118988304846,0.89553406613778519,10.232343900546883,3.0444029865263085,-2.6256433834185002,0.569971745220777,0.538200962766042,0.359375,True,2
-0.90285117908527934,0.42990654373299009,0.0063334098142891551,-0.42986110804375804,-0.90225501876742353,-0.033989835250983438,-0.0088981018039508003,-0.033410249393730357,0.99940211077410457,3.3802038598986281,3.5012807961189147,-2.611673738673522,,0.2188673437754694,0.3548387096774194,False,1
0.79790029410312169,-0.59552276936019377,-0.093315335522718396,0.60251091199391305,0.78321172440774645,0.15349265675760229,-0.018322707180305244,-0.17869534387837141,0.98373383213030507,-9.8397635438598421,14.949639386124003,-4.5632247576559646,,0.1371041981150203,0.75,False,2
-0.44096302454432879,0.85542310020024392,0.27166694798690721,-0.89442208511051369,-0.44397308007629649,-0.053824138024936213,0.074570400637777451,-0.26671937277102631,0.96088502513950735,-6.7428848276812996,2.1926893006524941,-2.7556285256787771,,0.4058487205740946,0.1730769230769231,False,1
-0.90294947077502263,-0.39504895102758819,-0.1691702678342436,0.41634930848416601,-0.90169423385835779,-0.11662230469059955,-0.10646833591197025,-0.17573797232980862,0.97866268884102481,4.3571016209949764,-10.500875083366983,-0.77469067652392742,,0.4087710958122684,0.1818181818181818,False,1
0.98272616871631069,0.17487109892194536,-0.060575375211327859,-0.16555063869318865,0.97697292596453633,0.13459898944854748,0.082717974760261395,-0.12224565715854326,0.98904688258820028,6.3372671560054146,-11.461538872839995,-0.57731368614769285,0.3035492220457738,0.2661557408931879,0.875,True,1
0.1607814075919495,0.98658826744242634,-0.028159004202966669,-0.97925636277426376,0.16302119170724147,0.12033730519032729,0.12331388785887236,0.00822688272081952,0.99233361500144035,-8.2724918530032419,-23.182477323299242,0.34775580078563179,,0.0942821368018692,0.3157894736842105,False,1
0.82801103689361499,-0.50053237730888878,-0.2527153775453162,0.56060346515828396,0.73014110232890383,0.39066318682780532,-0.01102168929358565,-0.46514654675214351,0.88516507636128006,6.6806345076383362,-8.0394402712966091,-1.0525878654724941,,0.4512771643510483,0.2962962962962963,False,1
-0.18794186069845062,-0.97840155689528896,-0.086071194148092972,0.97425794810257238,-0.19681661599621411,0.10993029712851773,-0.12449621502748429,-0.063195040411992018,0.99020557426786748,-8.1671283087173645,-24.946715606676403,0.56178742078828636,,0.2380221071874211,0.8571428571428571,False,1
0.99369317632779797,-0.090745911140329039,-0.065871472815502152,0.098847207692074279,0.98624582351257772,0.13247039342991856,0.052944318401995455,-0.1381461371711456,0.988995724931933,-4.9555105903945629,-19.589158613298036,0.14399993574441208,,0.08550116107101724,0.45,False,1
-0.1112436141511116,0.90643422980146227,0.40743324036561901,-0.98804705504459622,-0.14490175006279676,0.05259752699927308,0.10671398843778203,-0.39671207427171734,0.91171906572075856,12.650817572771933,-3.6534110543629765,-1.7663365386140555,,0.663251934521139,0.2962962962962963,False,1
-0.24975693524918366,0.93171035620103781,0.26369923292014069,-0.96364382961848549,-0.26585828737994976,0.026644711850941499,0.094931780417069747,-0.24745743710613261,0.9642368868113842,-15.242029890643055,-8.5929521970850917,-1.7860326191811067,,0.3967491844091641,0.3571428571428572,False,1
0.66141881055981055,0.74345546475123636,0.09899054989830651,-0.73900837309205736,0.62347931666338763,0.25522571616666367,0.128030393022425,-0.241965934843066,0.96180076150835181,0.84520081358210686,-30.10109618805274,1.5272096562071136,,0.3499798695513654,0.1578947368421053,False,1
