axis_00,axis_01,axis_02,axis_10,axis_11,axis_12,axis_20,axis_21,axis_22,location_x,location_y,location_z,dbh,dbh_approximation,score,reconstructed,number_clusters
0.84949885458694085,0.52400412084875181,0.061411541171037164,-0.52036295116950737,0.81296515814674475,0.2613619151475568,0.08702927729009402,-0.25398293835012742,0.96328530141459079,-8.8557415357888054,-0.43617012658973858,-2.2784262221948413,,0.3131662050399116,0.2916666666666667,False,5
0.93676642511572439,0.34991917858168309,-0.0050232695155550747,-0.3401723281832007,0.91385579408911799,0.22169883794952214,0.08216721921987169,-0.20597125059208612,0.97510224695423897,-5.8485890000965082,3.9757650425591624,-2.8002611929081493,0.1471076774389393,0.103944241690417,0.4509803921568628,True,5
-0.9814503928463677,-0.19035024843072379,-0.02284533440492225,0.18744952210944651,-0.97777045555810271,0.093955377167254245,-0.040221922413667219,0.087930194814197171,0.99531426082282515,-18.768197427429673,-1.5904568772387668,-2.3617065379003015,,0.400233150821759,0.5,False,5
-0.9220223164264717,-0.38151878337129513,-0.065713514184288502,0.37592875335213505,-0.92288439373717013,0.083438409617421605,-0.092479297221980505,0.052228476248708494,0.99434388712058042,1.8917046119816976,-4.0296840305274637,-1.4802532796299461,0.3952501058793988,0.2715165713554518,0.7785547785547785,True,4
-0.76616494913138267,0.64257427931590161,0.0094639465423724187,-0.63395256595142457,-0.75813484333008585,0.15276028100416772,0.10533477510353348,0.11103987973028973,0.98821795686142666,7.5600104005361617,-8.8545216823237602,-0.68277833034322044,0.4745839756028038,0.3115459730485567,0.9127906976744186,True,5
-0.76874964259092793,-0.61513389271323193,-0.17502651528207386,0.627769346007645,-0.77806683585783942,-0.022751860392124595,-0.12218688648727147,-0.12736676557734911,0.98430080351329108,-0.69475541723592438,-11.187490552082643,-0.59243839723096015,,0.5897096528183002,0.2222222222222222,False,3
-0.88147181252752571,-0.44766592201585503,-0.1503418304569013,0.45747399246553755,-0.88846620531448606,-0.036678988968039894,-0.11715370219109006,-0.10110897230103087,0.98795343300337257,13.495566897997591,-4.5236548735407398,-1.0667398112018975,,0.4070606073246133,0.6086956521739131,False,2
0.1725081309344188,0.90189399940713844,0.39601535146369055,-0.96676242655486311,0.078002138994373152,0.24348732392889821,0.18870971189439914,-0.42485630529121193,0.88537323456892114,-7.8203510349259577,-8.5718434079251722,-1.2036857485096091,,0.1873756708251975,0.3333333333333333,False,1
-0.99807120821598139,0.061148730758863408,-0.010709624497229557,-0.062006403790016991,-0.99031842096912404,0.12419593784923261,-0.0030115144563813909,0.12462045504571519,0.9921999158258773,14.01230260718437,12.063940189100533,-3.5737101122591159,,0.1594030250682631,0.3333333333333333,False,4
-0.96414018820228886,-0.2626789338444433,-0.037861262625555427,0.25708821320448305,-0.95982534152509502,0.11243204346431097,-0.06587372863730237,0.098666567187579046,0.99293784316785794,16.225432400785504,8.150074458344859,-2.8640403505377385,,0.1848974661587988,0.6086956521739131,False,5
0.097490848544679876,-0.99105890473330804,-0.091092161017592946,0.97910517842509215,0.079095631535124208,0.1873417482923358,-0.17846171586983958,-0.10745291257512117,0.97806200598321824,14.142537865485059,15.461245932394529,-4.2293840620459271,,0.2587166681406573,0.8222222222222222,False,5
-0.98447169313647687,0.17544097342261242,-0.0059958533609033512,-0.17432319496983123,-0.97303796177146651,0.15102499345188125,0.020661778928967742,0.1497250473239421,0.98851176072686886,9.111937689301266,1.241431874956769,-1.8645285233303341,0.3891490419703959,0.3644740391830155,0.7401129943502824,True,5
-0.24404048769897665,-0.87261976185980605,-0.42305908756978794,0.94850021141079077,-0.30563468203133165,0.083275387079812135,-0.20196927815222623,-0.38094906792292155,0.90226726546590752,4.9928765525921639,18.801070807490433,-5.0401899214937931,,0.4437686296457956,0.1428571428571428,False,4
0.51328967934551439,-0.82604018913325883,-0.23279027259331264,0.8436961861209008,0.43600423179767755,0.31317256485772083,-0.15719558073440024,-0.3571525105486546,0.92072342948703545,8.5959316527338618,0.12127380553830031,-1.7573551360811781,,0.123138075582752,0.2608695652173913,False,5
0.13425986085318134,-0.98716633775768992,-0.086469135312862377,0.97351098633200273,0.11509798542196102,0.1975571138751944,-0.18506930932646526,-0.11070264382513981,0.97647031465147394,2.7774743671288804,14.626802260223728,-4.2972890842963789,,0.2331378333914903,0.6666666666666666,False,1
-0.94576974498595778,0.3247354591558439,-0.0081529771273058868,-0.32147740880119152,-0.93209029124577625,0.166913045013966,0.04660327348659965,0.16048230597859012,0.98593791101069161,18.801628528845519,6.7878907231183767,-2.5997110901926415,,0.07604776355967538,0.3636363636363636,False,1
-0.3645876511099857,0.91249126823153237,0.18556812781108595,-0.90775120908115325,-0.39270164018249071,0.1475573251644402,0.20751767893316034,-0.11465211380166369,0.9714892205943424,9.0846631527122579,10.856567996534785,-3.4790745362731781,,0.4393700203990203,0.3431372549019608,False,5
-0.0045001736071272631,0.99738728265302146,0.072099631341145859,-0.98188496065495445,-0.018064916506532375,0.18861490617454504,0.18942458255761355,-0.069944743859960162,0.97940086804599069,4.0177249627778995,16.955506410472573,-4.7189958080157357,,0.1061691665057915,0.3103448275862069,True,4
-0.092433915880069856,0.99476603106756789,0.043548991138184411,-0.97288466551328279,-0.099540484170380361,0.20877528498419765,0.21201744929175725,-0.023070228546846538,0.97699353413961376,5.4782259178725541,14.255987317319311,-4.150387785504158,0.1714876118978614,0.2497289102593641,0.78125,True,5
0.66620095818148395,0.74575082185930164,0.0056564135499367132,-0.73080291865575875,0.65129798246785497,0.20429887938392022,0.14867204647241528,-0.14023783273238893,0.97889221718646102,-2.6131390341129741,6.2923690765986082,-3.0641168912388999,0.3914781525939668,0.3518317158271613,0.7929515418502202,True,5
-0.043669759691285281,-0.99706973468275306,-0.062808409215408895,0.98194156867048621,-0.054420757532126142,0.18118812562244574,-0.18407527755092765,-0.053761745965829777,0.98144076075189346,-17.878677945066766,3.8978503282118933,-3.0359879181979941,,0.243270766232995,0.9285714285714286,True,4
0.29520104511676165,0.85822473307268732,0.41988885494174089,-0.93734791190051736,0.17503844203176716,0.30123153199297026,0.18502766014223868,-0.48250580447638819,0.85612669251044982,8.4433759936702426,-5.5726305536511092,-1.0942141489628303,1.388448862746797,0.536389275236411,0.2352941176470588,True,1
0.0072948983895383774,-0.98284051123438831,-0.18431308671391836,0.96894233134421481,-0.038613364139731675,0.24425348848900894,-0.24717917183032284,-0.18037055631765006,0.95203409572711073,-5.1884136369171117,-6.9715088980945037,-1.3097840130563161,,0.2800838947239397,0.21875,False,2
-0.67887374900422848,-0.70427918570480308,-0.20765659511781245,0.72264595758456296,-0.69095525418136894,-0.01906978515479707,-0.13005096270167971,-0.16300817556840369,0.97801589036079939,-0.26119183526699408,-5.4201726959028713,-1.3601169241347379,,0.4360995784426649,0.2,False,2
-0.80922850460309426,0.58541787491477526,0.049347128266069663,-0.5766084013879953,-0.80752212524513001,0.12422064517771732,0.11256988401264222,0.072068918195409004,0.99102678684459522,12.982568279303287,-9.0458698362568715,-0.48025743419704009,0.3269986573419278,0.2239825056714494,0.723404255319149,True,5
-0.91237192560737324,0.40934947187553122,-0.0032371652287903757,-0.40410751261901262,-0.89936916678632006,0.16682991362149732,0.065380330439433587,0.15351909232830041,0.98598037540426064,-4.330473324870872,-5.3837042503214239,-1.5206949363090627,0.2880721912841823,0.2735438365455372,0.5700325732899023,True,3
-0.73242408594956632,-0.67805353529935297,-0.061630849328815851,0.66700049841392006,-0.73274522657772911,0.13488798331628574,-0.13662098461262873,0.057687400666017581,0.98894229880609019,-1.1865658343327876,-6.9648227607115079,-1.2262811541086438,0.4433950620873004,0.484315672398764,0.9582309582309583,True,3
0.46315220694336229,-0.87847457477870705,-0.11735610197541536,0.87417831071143148,0.43099999454347349,0.22372144686023171,-0.14595312358837173,-0.20620724083042538,0.96756201844837941,9.2610608423015286,-13.800602857245046,0.016869012103316209,0.5227852962573094,0.2719391778222575,0.3421052631578947,True,4
-0.59254903041400109,0.80523398580946137,0.021997151016366144,-0.79300888736028285,-0.58791463878981665,0.15966615816837212,0.14150106403499407,0.077166090960012729,0.98692595633254965,-0.090505010656116713,13.018748248120408,-4.0987030201566901,,0.1120817182148571,0.5,False,4
-0.70745955158737128,0.70672958155131582,-0.0058550344234171367,-0.70112703209002625,-0.70075975188590212,0.13174465837157223,0.089004874812725038,0.097309139843659215,0.99126639384297732,19.829020171152433,6.1219447248575456,-2.4757543006893048,,0.258369864446871,0.2592592592592592,False,3
0.99686278818686869,-0.066757659421335075,-0.042520541352237401,0.077747245611178253,0.92656585775957323,0.36800961540989824,0.014830621301126765,-0.37016094626912094,0.92884924854842366,5.3029258219322131,15.610271135130526,-4.4394936315047424,,0.5070220759061723,0.40625,False,4
-0.97488403102539545,-0.21241227284641459,-0.066948878974151735,0.21258530822614075,-0.97713162967420253,0.0046114007235483756,-0.066397385325568367,-0.0097367671460684702,0.99774575047327119,-6.2864574031975877,-12.343268143973789,-0.67318210556617941,0.4282871276527139,0.3740787721371714,0.3191489361702128,True,5
-0.93711754868179797,0.34898605330991672,0.0044084631999287693,-0.34686430874666785,-0.93267124750751296,0.099042896718922996,0.038676236506587185,0.091285698047103292,0.99507339933380756,16.690550079685153,-6.3794747697850012,-0.68554740436620942,,0.19622500307199,0.2380952380952381,False,3
0.72826249551158062,0.68453698349497849,0.032293278849330746,-0.67096404258376263,0.70264982651492713,0.23683427720285286,0.13943095492357402,-0.19414515066346277,0.97101321787242512,14.298733432610534,13.412277366198801,-3.8645210264317043,0.2310690429479805,0.1432386723358971,0.16,True,4
-0.98428857217026677,0.17493800220532935,-0.023931194692817806,-0.16676575142770747,-0.96560033046443239,-0.19951237043785303,-0.058010265003441149,-0.19238684256306918,0.97960303795100745,19.955098523501974,15.969011031213332,-4.2465812853944147,,0.3966665779520417,0.1666666666666667,False,3
-0.78174683207395612,-0.61752642388081291,-0.086792893437818555,0.60707038483460507,-0.78545224782039091,0.12054175314246868,-0.14260939099196268,0.041543738431560347,0.98890681026982086,20.863989349627214,5.1663797047393922,-2.319772276600506,,0.2424014318105147,0.3636363636363636,False,3
0.020628715656311167,-0.99475043699899734,-0.10022985673278899,0.99030492960592642,0.0065556600371601366,0.13875579166174987,-0.13737031152535409,-0.10212047498803324,0.98524149633460223,-5.293408868694196,-17.056593227070216,-0.16220091556126401,,0.1893066844084952,0.3571428571428572,False,3
-0.99455863894646013,0.10324612194583224,-0.013905106979564069,-0.10411445477666308,-0.98972717730253157,0.097981094172922958,-0.0036460942836099852,0.098895666294895559,0.99509112808052214,4.3615608918821973,11.912351385837118,-3.7610232986217569,,0.1563260755839512,0.4736842105263158,False,5
0.7562947462057783,-0.63390979143993254,-0.161791944107607,0.64406258607819544,0.67798171799306883,0.35429391087264556,-0.11489839892620281,-0.37215476133424419,0.92103159095681797,-7.3236268443612618,-0.89977294263985574,-2.1645265471901101,,0.2564068093358552,0.2926829268292683,False,5
-0.84328712890369928,-0.52505110537453992,-0.11483969248621967,0.52905700671722911,-0.84856996633400572,-0.0052626874608183716,-0.094686334118295634,-0.065194700558237451,0.99337009676673893,12.865150280343276,9.7555346525045152,-3.2136593976625276,0.2417830199176335,0.2336582860003216,0.2941176470588235,True,3
-0.96618159806011361,-0.25614856007182879,-0.029682229416513408,0.24944247978128109,-0.95759496358746465,0.14418853974046664,-0.065357240230681096,0.1319083048373062,0.98910496422997396,-10.063971193332195,-4.4389556808474291,-1.733543270755951,0.5549565710380737,0.5585492053930078,0.898989898989899,True,5
-0.99457370160171898,0.10298631007219755,-0.014729970127854687,-0.10402701065516626,-0.98279922383157259,0.15259117500762601,0.0012381988548985159,0.15329548451853101,0.98817961995268044,11.947228401874856,-4.7926784451975148,-1.0263228091268597,0.4168218405598802,0.3699059691033906,0.835,True,5
0.80637799485252459,0.59123389469215248,0.014036067282912769,-0.57743278428797595,0.78198350287128204,0.23467675825823761,0.12777288071831747,-0.19734305917439404,0.97197212303061142,4.0919101987953592,13.435052198799157,-4.009932094612175,,0.1884572752505301,0.3863636363636364,True,5
-0.99416984804239961,0.10756124653846288,-0.007542644525815996,-0.10779303238724791,-0.98972348059435467,0.093957938083786288,0.0026411005494992243,0.094223193552791851,0.99554759523821845,-6.823954778426689,17.920849155590098,-5.1063081984951637,,0.1435703892709924,0.4,False,5
-0.90259409334854035,0.43038679013915082,0.0095453405411216399,-0.42528258430965954,-0.89489043957842018,0.13529901933879687,0.066772944634969689,0.11806062859760397,0.99075883132067766,0.95881340113944424,12.544121590804661,-3.9488079091495636,0.191466660227589,0.1910277096790418,1.0,True,4
-0.96464546748938129,0.26351632706760192,-0.0042740403590887793,-0.26088344845230127,-0.95245471801827919,0.15738435896985911,0.037402518308611701,0.15293513492169991,0.9875281748540915,4.4352745864632075,-8.5034168219056987,-0.80780280012420114,0.3899955099905837,0.3886949637961014,0.8377358490566038,True,5
-0.10456606648870113,-0.98911072958853063,-0.10356593239056358,0.97648535076510801,-0.12185264143077185,0.17784345227612169,-0.1885266492574085,-0.082534225562429772,0.97859378913346151,-6.4929642087980994,0.31503347080557204,-2.3236477272534128,0.3593120361504912,0.4184034159751953,0.6181102362204725,True,3
0.40917131224129311,-0.90318612616629645,-0.12974459040536943,0.8956391380275498,0.37037363150027713,0.24628014033324902,-0.17438283078332639,-0.21697510131352782,0.96047510833856509,7.1115992188108548,14.714478095348726,-4.2039709819746678,,0.2462291065799987,0.3,False,5
0.60072455553432547,0.79352728089815294,0.097182626268644628,-0.78321956935463033,0.55978483651428979,0.27056984863176792,0.16030319571996909,-0.23865328675518838,0.95778259232610374,-13.084452290990624,-10.458861516407417,-1.029585824049124,,0.3471409953701222,0.3571428571428572,False,1
-0.90479336334861837,-0.40725002096442675,-0.1244844972868879,0.41020415432797253,-0.91199135935019282,0.00207659400482757,-0.11437447885069489,-0.049185169462573029,0.99221937982110131,6.4104880261852815,11.210207899579881,-3.632912104832458,,0.3414344742977902,0.45,False,4
-0.85373895080870366,-0.51776858925660296,-0.055185975132095118,0.50758020806144566,-0.85118092915219024,0.13361645943487871,-0.1161556552921657,0.086062267149084493,0.98949540166531658,-13.597268262699446,-2.4306260359458096,-2.11224557272413,0.5784383765041585,0.4733868266542645,0.7816091954022989,True,5
-0.47918189799816152,0.86688274076280802,0.13747371530020039,-0.86502725119416313,-0.49296191650146653,0.093361681490161205,0.14870293649537919,-0.074181282320826131,0.98609562113969873,-8.3640061216966011,-2.4733419166476045,-1.9826979446248083,,0.3679260141656028,0.7121212121212122,False,5
-0.14276163102312081,-0.95793716605141743,-0.24894879514670892,0.97151595753591835,-0.18369254526894313,0.1497123677779687,-0.1891450791342105,-0.22048454528605188,0.95687549050506937,-3.6818779933193322,-11.326060215396504,-0.78459260927946528,,0.2565359524542134,0.1304347826086956,False,1
0.078339659611790485,-0.99131909211896341,-0.10559050777574733,0.98776914115430359,0.062860377451897209,0.14269091327022893,-0.13481476742254833,-0.11547740275498215,0.98411886880486421,0.52459248545507942,-2.1769072873093593,-1.7096649614338681,,0.3939549540388272,0.7207903780068728,False,2
-0.96745303423413964,0.25304533784608246,-0.0016381530817390702,-0.25065142759067627,-0.95737105510964837,0.14357759116587443,0.034763319719399756,0.13931518163000398,0.98963770733005452,5.3563502142305133,-2.9160071657183533,-1.5614666223213753,0.4177955376656637,0.371875325904881,0.9272445820433437,True,5
-0.95041855887682314,-0.30106312246571471,-0.07788170024913485,0.30218287940636485,-0.95324604834071025,-0.0027347242087306933,-0.073417098391180477,-0.026133649075734258,0.9969588567487655,-9.3644175029128469,-8.0443250971154274,-1.3295076498213287,,0.1048406477681486,0.1818181818181818,False,1
0.99988014054180563,-0.012111697873523421,-0.0096442379025042241,0.014780391201307369,0.93217359539613587,0.36170972903998377,0.0046091849643867325,-0.36180892031687478,0.93224088120673099,6.3193738558700172,-2.3989021336188814,-1.6034038002906668,0.1434376451451121,0.2513908310285755,0.1754385964912281,True,4
0.97116794855601452,0.23605049892798419,0.03336131971838277,-0.21449703053038291,0.80413873365233379,0.55439329084474775,0.10403768351491885,-0.54556489897707938,0.83158589539083638,12.021773485557203,8.7170914562269939,-3.0417595658812999,,0.5087074718837822,0.2258064516129032,False,3
-0.8454511338695212,0.53403978429546228,0.0037267986794277189,-0.53111367217495431,-0.84150890366304154,0.098899101536165768,0.055952189122287138,0.081635003800340625,0.99509048768789965,19.373357138767908,9.2351452559952705,-3.0320134246267711,,0.2442892655375467,0.9032258064516129,False,2
-0.80042690763201185,0.59764178046596939,0.046271673625678064,-0.59127014991233817,-0.79986840439582341,0.10300556039322183,0.098571676262995456,0.055089362773099587,0.99360393857309048,-1.4344068851817842,17.239584280945405,-4.8735412109300542,,0.1479355281465274,0.7096774193548387,True,5
-0.9998429918297993,-0.0088693927536851493,-0.015340324671157174,0.0067394684436916609,-0.99099773527620405,0.13370889365532532,-0.016388143700008233,0.13358451463255577,0.99090191552769347,-13.471812227406868,6.8931967966128926,-3.3746557010359211,0.5362415207023161,0.4811176420675455,0.5217391304347826,True,5
0.040741392215914954,-0.9981002977505754,-0.046216172391503302,0.9814671474503287,0.031308387996547948,0.18905560905927077,-0.18724950583652608,-0.053062043602463818,0.98087819941759669,-7.2780747626029356,2.9838124637041759,-2.7282769323321792,0.5027648166197026,0.3958924759910713,0.8469945355191257,True,5
-0.93857774234233493,-0.33623282870308518,-0.077584189638654544,0.33765827481299865,-0.94125177409718985,-0.0056557235789946592,-0.071124616201948321,-0.031505279894237681,0.99696976198323639,-12.991819711772258,-14.246506842179837,-0.62618566787506147,0.2998765250460868,0.3690399641558129,0.5925925925925926,True,3
-0.96599202046497368,-0.21047770747974556,-0.15019504336717307,0.22738065601550578,-0.96803628148737042,-0.10584798058565575,-0.12311561098396319,-0.13639975211918023,0.98297388264077001,11.385330797118844,0.61455477596354013,-1.7198064129913746,,0.3780172509774608,0.32,False,4
-0.954910508437678,-0.28046841822247931,-0.097382684575218287,0.28832259758229301,-0.95428362328382543,-0.078821609065621384,-0.070823729065159713,-0.10334521136499247,0.99212084278540946,5.596534771653733,4.8860960775116791,-2.5405783483873372,,0.1360977291632449,0.1666666666666667,False,1
0.99920989715871333,0.039717502568481597,0.0014496240185620443,-0.032830643049378883,0.80429553114737695,0.59332187508410839,0.022399336977616022,-0.5929006818735163,0.8049640061126222,2.2278961472537855,11.914337335580347,-3.7705312990751931,,0.509971168133107,0.1555555555555556,False,1
-0.069010589600768599,0.99745281241258066,0.018039554683720087,-0.97977314172381402,-0.071169905312080894,0.18702789988265403,0.18783537813628437,-0.0047677655250715142,0.98218895286614605,3.247852246415412,4.9785706830998082,-2.6763316977408635,0.3075685821223715,0.3404389485677212,0.988976377952756,True,5
-0.9236418442023091,0.38322066615766431,0.0052597213076371677,-0.38012874461678131,-0.91776691520561093,0.11491747852284012,0.048865950872033284,0.10414322053620906,0.99336111684609385,0.84958256825758416,4.3706524570576208,-2.6890157969463644,0.4109953139127983,0.3552537932029164,0.6116504854368932,True,4
-0.52962050751954348,0.84750291351775253,0.035226830593461933,-0.83371016126695052,-0.52775500086210458,0.16248700275798575,0.15629934425638189,0.056687482251015248,0.98608166210566173,-2.5262081079343162,19.760006004753922,-5.3373939956640442,,0.1283989684377368,0.6,True,5
0.79874901375012874,-0.56777272827038228,-0.19908325410642344,0.59473599488648077,0.69500558699006842,0.40404991082659386,-0.091044546347292199,-0.44113644497479121,0.8928099055764438,-13.960807647226918,1.5525595791430549,-2.7014977849786148,,0.3491639406265683,0.103448275862069,False,2
0.90304599308025879,0.41993967298689377,0.090324998939103007,-0.41888818232100533,0.81440673128885455,0.40158979910252524,0.0950822017703227,-0.40049013356518942,0.91135450172994892,-5.0963665962167619,-3.3554458439792323,-1.8010629547039321,,0.5450096486801657,0.3438914027149321,False,2
-0.55982542569960725,0.82777188592301087,0.037271941399853611,-0.81533163526147789,-0.55831694174594326,0.15335096054899816,0.14774917015704986,0.055460773839874009,0.98746862496131205,5.5909411543574112,-0.3359226850228928,-1.9094479710180678,0.3069468375784473,0.2541921939728475,0.7404580152671756,True,2
0.11787929259919469,-0.97630623519633819,-0.18146792414381605,0.97550690295227072,0.079672911555263098,0.20503294724696386,-0.18571686694746531,-0.20119235144771166,0.96178525828282369,2.6928462032964449,-9.6082538201309617,-0.68772565495306293,,0.359332310929901,0.4693877551020408,False,1
0.033696885725082379,0.99838374843524047,0.045764732631453461,-0.98134484858666315,0.024380166526970514,0.19070368541938548,0.18927970848680395,-0.051337104909751873,0.98058028412498455,24.452918803834066,-7.8719014730882471,-0.26398901439387812,,0.2766014087090001,0.8571428571428571,False,1
0.80564622954387388,-0.58650064376949718,-0.083373543043958137,0.58349182531244059,0.76132598038898192,0.28270132892915301,-0.10233006701499636,-0.27640504055229947,0.95557773673416324,-4.7789495094647085,14.118696486478783,-4.3799150452514732,,0.1765199865585421,0.2105263157894737,False,3
0.61332762606666358,-0.77313789158364932,-0.1615147785839435,0.78433729140188146,0.57212080080934435,0.23977656807460238,-0.092974385826371783,-0.27374365723951255,0.95729837234863469,13.955996266953276,10.268634897768742,-3.2741409487776556,,0.1924431139581435,0.2307692307692308,False,2
0.99716496833204749,0.075132657557337279,-0.0041363872784022718,-0.069762677091256858,0.94369727524361702,0.32337071849942223,0.028199198861067767,-0.3221653868219605,0.94626331891152204,8.6503043058795459,-2.283950583025677,-1.4801681133471691,,0.2669624159225085,0.3333333333333333,False,3
0.025436677293744415,-0.95163942268761015,-0.30616235012660398,0.9810507259061092,-0.035080698525932381,0.19054872812492918,-0.19207407073144844,-0.30520772234287247,0.93271421002090782,-13.567725784050607,-0.91257422852295234,-2.3988324132640817,,0.1803033818927502,0.3333333333333333,False,2
-0.95471939902682867,0.29345457496180205,0.048941613743727283,-0.29676784845357213,-0.95096529231346849,-0.087142738879371351,0.020969340621243317,-0.097721160703036991,0.99499289520315837,10.601856471470096,-7.5919839220320533,-0.65453455502867697,,0.2643578918454267,0.1818181818181818,False,4
0.20352022107084264,0.97903734447523294,0.0080868868026521545,-0.95943438171486339,0.19778563946097236,0.20091418070019837,0.19510301586262835,-0.048648935711872308,0.97957546634009196,11.079347489876698,13.786314878847612,-3.9557353949699228,,0.1019741936412505,0.1875,False,4
0.25013193235620929,-0.91159434637045667,-0.32623574923844362,0.95152598456521464,0.16916132441733286,0.25687107080902083,-0.17897574448217268,-0.37467344980234962,0.90971835691067504,11.886924284528355,-9.9004861791595644,-0.41179684182375642,,0.5055067310784382,0.4166666666666667,False,1
-0.2017920300981613,-0.97640324396339551,-0.076919969881819719,0.95887491741420405,-0.21295188464204354,0.18764431134810489,-0.19959676686450983,-0.035891503244627407,0.97922057303350962,-2.2514450153000252,14.688503004350082,-4.4435866390516887,,0.373694890388064,0.987012987012987,True,4
0.42961500389838581,-0.8657669785618648,-0.25666804876581167,0.8564374008047122,0.30054607805099542,0.41974639184992824,-0.28626199001659069,-0.40014946432554921,0.87059432531559566,8.5666902762008288,-4.2811563502921413,-1.227438286168649,,0.6224931195696348,0.6142857142857143,False,2
0.77572901639041481,-0.55412931204443239,-0.30196887035441927,0.62190803211813594,0.59004603997114702,0.51485538775593653,-0.10712092567238095,-0.58718512945027157,0.80233330420440652,9.3377425921942034,-9.8876878053389259,-0.48997113036358497,,0.4804863154052384,0.4,False,1
0.68682432143110428,-0.71090781225758826,-0.15126940854591681,0.70825203104507284,0.60787248602315158,0.35898482037066937,-0.1632526018513378,-0.3536963714927846,0.92100350964673616,-8.2056167302693375,14.756914036810096,-4.5470280703110957,,0.3413326315906408,0.375,False,2
-0.91250265259086372,0.40838626418254176,0.023655194813492687,-0.40330502373893551,-0.90781037988603897,0.11500161737167802,0.068439512283284765,0.095399021998090944,0.99308361166632575,2.8754722242832602,0.99693380343261762,-2.092065907702557,,0.2734763745726417,0.7807848443843031,False,3
-0.65497267440120044,0.73744688574232353,0.16487233393352649,-0.74393911349085862,-0.66755215286310776,0.030474885172319555,0.1325344906285727,-0.10269476090229278,0.98584400128876692,17.486238125900726,7.5918380402774792,-2.7655212819902952,,0.3577276629642268,0.1666666666666667,False,1
0.81636623484162618,-0.53967455471621095,-0.2056636710806406,0.56863872871593002,0.68883789052923627,0.44961356382516188,-0.10097607050602579,-0.48399766070001926,0.86922384782176276,-12.965245043797193,3.8025755487903172,-2.9828739842972158,,0.4042899482545963,0.2,False,3
-0.98335019134350554,0.18126964504761653,0.012795193199132082,-0.18171948596093962,-0.98115714230749074,-0.065640616397861395,0.00065544395938561817,-0.066872848625659689,0.99776129034449246,-0.86871411391105391,-9.4011722958522217,-0.84960236138789758,,0.6384850459210446,0.1944444444444444,False,3
-0.93743908950491306,0.34754965509750446,0.020425246872599549,-0.34649378510343887,-0.93708891952358686,0.04250192690701908,0.033911802560360645,0.032765746561361109,0.99888757900946235,12.888157780950317,-2.9088068720189932,-1.2867914666326172,,0.3018449625346228,0.3333333333333333,False,3
0.54189348823173833,0.84033663385134649,0.013630451915709829,-0.82366112650775336,0.52777535224373584,0.20745005722819004,0.16713406622235139,-0.12364270852496102,0.9781506451138261,9.9207531182754813,12.555271250793362,-3.7906308864931786,,0.1085254772547319,0.1666666666666667,False,1
0.21743949420055406,-0.91074353801850672,-0.35109297104803883,0.95915091216702419,0.13267846810829736,0.24985185968809592,-0.18096848911059552,-0.39107880543180462,0.90239003423744668,14.98021049223553,-2.3710842568468204,-1.31359544419834,,0.4673492338777925,0.2777777777777778,False,1
-0.99896476630430953,-0.012729638364125814,-0.043673241117347578,0.022705592940457216,-0.97143675741940849,-0.23620982702607171,-0.039418926060937498,-0.23695692148908201,0.97072012734187119,0.37317575437023703,-12.02394715501997,-0.44872202266201588,,0.4289705545469177,0.21875,False,2
-0.94082193481883925,0.33886372518830377,0.0050460593774946591,-0.33529046901267412,-0.93286247013156487,0.13171147713580622,0.049339521207613639,0.12222515114141053,0.99127525141882911,-6.7926584828567833,22.645876206874995,-5.9264688277489981,,0.1259675960021716,0.2307692307692308,False,1
-0.69793523171649652,0.71564154346002795,0.027268912757703254,-0.70464196720645478,-0.693013206780692,0.15235613961687705,0.1279300995866724,0.087119897277766895,0.98794939805541337,6.0905249193490283,3.5951962382703018,-2.3808160636584139,0.5883500411159998,0.4062007740680467,0.7699386503067485,True,2
-0.88875266838926448,-0.43587811186724323,-0.14187658730745295,0.44727265013792733,-0.89236368905740493,-0.060284516175011599,-0.10032881375535932,-0.11703554181062675,0.98804696805543413,16.133000485090726,16.762319958109874,-4.4578938004194839,,0.5037110309681402,0.3214285714285715,False,1
0.057174170672305687,-0.99439406769105676,-0.088946907471643341,0.98006840766767334,0.038925104780668018,0.19480952879560637,-0.1902551720707909,-0.098312127220648748,0.97679972110032143,-3.8489994074867431,16.98972316035001,-4.8596863461753035,,0.1711101494323831,0.1904761904761905,False,2
-0.92544737416283052,-0.35712120109640305,-0.12653697239378492,0.35659055269142204,-0.9338528896163707,0.027603591910876857,-0.12802474521103019,-0.019576217270415624,0.99157775102663215,-9.5349412454576683,15.324711573145027,-4.7092231099420596,,0.2911709382545951,0.2105263157894737,False,2
0.96801953530492857,0.25074031859074936,-0.0082141281364235263,-0.243011050942987,0.94530728654879947,0.21757702800923831,0.062320208501071422,-0.2086226896355175,0.97600858857984818,9.761546706033176,14.881213480712148,-4.2005003416356725,,0.2356903622035499,0.7297297297297297,False,1
0.97301620584904425,0.2305815145983566,-0.0084633492577276537,-0.2231752162007434,0.94980902429009473,0.21921596714393266,0.058585715228900145,-0.21141187881154233,0.97563965246831386,-6.3383346241243732,-1.4690331942576518,-2.0839326669522311,,0.0903080883152797,0.2105263157894737,False,1
-0.78090763294239662,0.62455973635707274,0.010411749799456242,-0.61561659848266881,-0.77233580961616621,0.15656819874153677,0.10582756013880001,0.11585565547751439,0.98761226936938373,-1.4682738977896665,1.7694429854559672,-2.3369460204990746,,0.3590881393829544,0.7843450479233227,False,1
0.43168694991081141,-0.80632799111176212,-0.40432851498054323,0.88705351419040612,0.29816020728645065,0.35247206095427286,-0.16365341499385985,-0.51081861902300663,0.843967948574042,7.5258709716937231,-4.4920400527610811,-1.2266931727701544,,0.3639270230566183,0.1951219512195122,False,1
-0.26985564889065172,-0.93653685212895343,-0.22377813424505238,0.94475676757972005,-0.30242399785436175,0.12638977662019996,-0.18604456152794246,-0.1773089115813877,0.96641035331772995,-2.1752794093723846,-3.6363289193587685,-1.6610481412024842,,0.3127624911852721,0.1111111111111111,False,1
0.8835799498029604,-0.46196661427363406,-0.076637586096852506,0.46228622399328384,0.83440773347209851,0.30009195495378671,-0.074685469886909273,-0.3005837347870135,0.95082674497999942,-8.5464263318941143,-8.7642413221676065,-1.2124116744782132,,0.5778346918171061,0.1428571428571428,False,1
-0.64086077145625897,0.7623059512716307,0.090482640679539428,-0.75568951940388007,-0.64720387059983642,0.1003020445640203,0.13502156076575716,-0.0040971375915769964,0.99083418975726445,15.607771993197934,-1.25291178412358,-1.4092091106404416,,0.5421484037075434,0.4838709677419355,False,1
