axis_00,axis_01,axis_02,axis_10,axis_11,axis_12,axis_20,axis_21,axis_22,location_x,location_y,location_z,dbh,dbh_approximation,score,reconstructed,number_clusters
-0.84125211283260171,-0.52952060881777363,-0.10909998850566796,0.51567837943792771,-0.8465118060463187,0.13226326475810235,-0.1623905527885024,0.055006245658592023,0.98519217480834198,-10.786844255582334,4.5623875314596161,-3.0275229133902655,,0.2881421667840512,0.1,False,1
-0.99014455059275952,0.1190089878457815,-0.073828380338350388,-0.12038152366443387,-0.99262307666732486,0.014412370648959449,-0.071568552393427895,0.023157903173998146,0.99716681344140834,0.028094306876417834,7.1874899073245624,-3.4514364386026983,,0.5025795421584208,0.1865793780687398,False,3
-0.96600168078808502,0.25622918739838235,-0.034458035924286839,-0.25787165429491449,-0.94537675932965781,0.19941161658880135,0.018519250141379145,0.20151770752100073,0.97930978292350479,-5.6536800985383442,2.2910047901182544,-2.5125158696898358,0.4747628966957241,0.4165750705403982,0.9217527386541471,True,4
-0.8854165839492929,0.45461866555030794,0.096743691271428983,-0.46190914540755484,-0.88381305618037342,-0.074259161818392927,0.051743736398010026,-0.11043708914293739,0.99253525634367668,-7.2040154678974737,-5.6979169873467512,-0.8852651679757475,0.7484951115364559,0.4837036579083331,0.3150684931506849,True,3
0.0033312629570759027,0.99969761356165154,0.024363581966710034,-0.97324829897286702,-0.0023559474766718675,0.22974376609150282,0.22973169401179888,-0.024477151603586315,0.9729461536055547,13.984970197636827,14.388683822122891,-4.7782800309123177,0.3488510801417642,0.3761175260697566,0.5833333333333334,True,5
-0.98574602189023497,0.16587387654659849,-0.028118275320139486,-0.16817742470232555,-0.97608508808127714,0.13774706764885652,-0.0045971891487095601,0.14051248309231745,0.99006823398549737,5.3982129846103062,14.103170239231915,-4.8970262373637246,,0.5840510597670097,0.6865671641791045,False,2
-0.99895165417675602,0.011209551620176129,-0.044383990018861799,-0.019231960837842108,-0.98260900384023542,0.1846880539028696,-0.041541837945034701,0.18534802811082768,0.98179447145294807,4.1234716459771237,5.071545631071789,-2.8894089391855058,0.6340731950478288,0.5934697578633479,0.9903593339176161,True,5
-0.64637151589169672,0.76301959706407829,-0.0022266432223504804,-0.74808384723208532,-0.63313907663193769,0.19875982278141019,0.15024786505741161,0.13013840377777441,0.98004570041802697,-17.885651531896951,-3.5171636722438819,-1.368766723021277,0.205476369699117,0.2097005980639473,0.2,True,5
-0.99867840074190051,0.037630978021656672,-0.035005162258330953,-0.042041101461521513,-0.98992162824112639,0.13523208098797423,-0.029563451752130446,0.13652501394824887,0.99019539631677167,2.2586754417434127,19.159919118252049,-6.1180245568894334,,0.1374069122303814,0.2916666666666667,False,5
0.95715359504442732,0.28827196167790498,0.027500392795366306,-0.27529357620382477,0.87635667827449282,0.39523716847559381,0.089835641003089106,-0.38587335818124113,0.91816736440122648,-4.9346246359466868,7.1656998219418631,-3.5310942574313962,,0.2601782259313504,0.2666666666666667,False,5
0.55159336021255478,-0.8083168977036429,-0.20583624038584677,0.81996879725358651,0.48021771802799007,0.31151583398359672,-0.15295730286563194,-0.34060936008681153,0.92767953913047119,-11.213251915662905,6.4829330506681462,-3.441599566782283,,0.3711726150010602,0.3888888888888889,False,4
0.32207311202930133,0.94585492216367884,0.040340757634208864,-0.91719281625499116,0.30118808284416559,0.26085067867056533,0.23457674291796193,-0.1210132429587643,0.96453592297570945,-7.9728222520788465,-3.9456560654073733,-1.2351564904944754,0.3304151722260701,0.2006408031299788,0.6136363636363636,True,5
0.99859802465923675,-0.0099787625000695625,-0.051984703958352918,0.038016784801941914,0.81856571263285205,0.57315346825714519,0.036833533905847704,-0.57432621253155303,0.81779746415550114,19.049813325979081,-5.6105220778769134,-0.74080328691809383,,0.2676671984505717,0.3125,False,1
-0.99601953555252876,-0.043442002365253973,-0.07783236619956127,0.048702454130191496,-0.99656263702609926,-0.067014785273733474,-0.074653571645447239,-0.070538662548174938,0.99471158700725582,-12.450600251267907,13.93082115817406,-5.2745326956037681,,0.340779635904135,0.2727272727272727,False,2
-0.7743237804955172,0.63265848493380483,0.012881164558842133,-0.61913821199528885,-0.76166750760727397,0.19112949092853246,0.1307308586616272,0.14002088878658636,0.98148030713662715,18.545995250715652,-3.3554477580273119,-1.056412420383531,0.4400461330124641,0.3507291080305343,0.3333333333333333,True,5
-0.49005006910130489,0.8714223310541932,-0.021772705708776527,-0.85210690091794516,-0.47362374597821821,0.22269794936993659,0.18375189572306685,0.12768581826356037,0.97464433134992567,-2.631668135443463,1.7407142618153577,-2.3111607710934678,0.4369278292532141,0.2604919705043142,0.9208333333333333,True,5
-0.79472619755021612,0.60629796109705181,-0.028514089445956729,-0.59783554459727528,-0.77378575408041039,0.20939978127564904,0.10489486423773874,0.18346222813366247,0.97741428181952528,4.1504227549447608,-1.5630759156643181,-1.6628360161482654,0.4819818805278849,0.4642719741569906,0.9783845278725825,True,5
-0.99770427374106108,0.048522023991596955,-0.047241881276905796,-0.056136449868320122,-0.98275973156361385,0.1761590446533931,-0.037879825171243303,0.17840662320881881,0.98322743840894899,21.795740893454731,1.4706240398172943,-1.9561546924302122,0.8460997885579076,0.852325684769544,0.860655737704918,True,5
0.41998364841641872,-0.89756572069057139,-0.13412498687436519,0.88624606058526889,0.37380837974408071,0.27356025904761255,-0.19540126703766728,-0.23375857690001403,0.95245749121194612,16.52716566853605,-8.785622379196024,-0.17285950171692807,0.3842877185460148,0.3526410041269291,0.660377358490566,True,4
0.55029299192958425,-0.82139783150537371,-0.1499440743459248,0.81714925947391281,0.4928867441091957,0.29888082110211256,-0.17159461172899079,-0.28699871058892612,0.94243675084637446,16.309229273211887,2.6517399657678062,-2.2327259478979191,,0.2824928177341786,0.2424242424242424,False,5
0.9739744646819275,0.21381339396794433,0.07521685122005782,-0.2236620554022474,0.85286183316277653,0.47180714122135731,0.036729104546581279,-0.47635126334894556,0.87848759056976411,8.2251122618705725,8.4939058750970293,-3.5573725777817553,,0.2850367873501493,0.375,False,5
-0.041055586307397231,0.98213890326018927,0.1836235647617965,-0.96655043516390771,-0.085605668687417813,0.2417683307901228,0.2531693012934586,-0.16755549585571303,0.95280137525673725,22.907069543378967,2.4968474001586047,-2.0996867954798066,,0.5870391431818576,0.2608695652173913,False,4
-0.99886324616492295,0.038951482924433518,-0.027477216723298448,-0.033191651147803612,-0.98206907484564387,-0.18557652471663377,-0.034213005640458635,-0.18445355569846955,0.9822455680914205,14.770361046485567,13.626423653508898,-4.5921624801057215,,0.4292928706553492,0.2,False,2
0.93238480543304003,0.3597944579104308,-0.034735034972330971,-0.33960478411986655,0.90485036059786828,0.25673802898831527,0.12380292888493671,-0.22758245315235828,0.96585664661825688,-13.017976864409363,-8.3894468062496852,-0.3341751846060918,0.4214510078617776,0.3136922411746162,0.7936507936507936,True,5
0.59756075274099962,0.79630315770531601,0.093927779768035513,-0.77623358728576075,0.54514840444809043,0.31666170450053016,0.20095413594422354,-0.26213450394071397,0.94387654759013206,13.41528567895787,-10.034962326033694,-0.057270628403663142,,0.3413633886201176,0.4230769230769231,False,5
-0.57872729031750048,-0.76932676754536833,-0.27057540202309127,0.78835175303369187,-0.61268388746226254,0.055856669546565485,-0.20874922019128117,-0.18098281349985615,0.96107699186236273,3.2693312818248317,-7.1474928663931818,-0.55126083282158933,,0.3020399162545693,0.1666666666666667,False,4
-0.497218775755009,0.8520350842640626,0.16373669173347197,-0.84561255412949299,-0.51813632046182523,0.12835171100097187,0.19419808787752293,-0.074638921491490734,0.97811867074670533,-18.059844504238697,8.9745431205668602,-4.2380016044946807,,0.4495163669282768,0.8958333333333334,False,2
-0.97732744816513573,0.21111777796529096,0.016135144561500534,-0.208588272092289,-0.97309611383690597,0.097851346342620701,0.03635920527975909,0.092267204696513741,0.99507023426937802,-13.852701588457849,9.3543018469094541,-4.1969546223993754,0.2897006000293706,0.4681454424810824,0.6363636363636364,True,5
-0.51617685407483127,0.85596927850897075,-0.029631901158074174,-0.83820491973768918,-0.49775014135699047,0.22283920056092027,0.17599422673753903,0.13986204284196493,0.97440476247149355,-9.5458926995072328,-8.386717381454746,-0.40611236655498711,0.3617641881839423,0.3173643096221581,0.6902654867256637,True,5
-0.73597676087802644,0.62892501395289313,0.25058239018702344,-0.66609945758054612,-0.73886431816075171,-0.10193641135408829,0.12103602793544864,-0.24193562402672514,0.96271357826116111,-10.019929838399356,2.7132802436715098,-2.6568285506894385,,0.4632994886982188,0.2708333333333333,False,4
-0.31491717072127484,0.94243733365835058,0.11242351938916888,-0.91911076428287897,-0.3323631168810568,0.21158960635260868,0.23677537575569449,-0.036696466642558226,0.97087115044773187,-15.175022364938334,-5.7502639303331318,-0.88173864819637593,,0.1779173384896136,0.2962962962962963,False,5
0.47291547094656822,-0.8777360110802217,-0.077009429243217173,0.86200412367321788,0.4427903074679625,0.24675014565911629,-0.18248245973176005,-0.18307440690988941,0.96601444783441981,7.6174408438690291,-1.8417221313326075,-1.6127197237977751,0.5072115513503217,0.4764287757896514,0.9895052473763118,True,5
0.46586927540276502,0.88475215834671306,-0.0133953923622121,-0.8553560126482318,0.45416361738256722,0.24920172606244495,0.22656546484895532,-0.10463759815102917,0.96835895368967551,-8.6323651903416536,11.719583557014078,-4.64194866045474,0.2305352725221764,0.2239113756334485,0.525,True,4
-0.77506872708920238,0.63187568414854434,0.0012601865467084007,-0.62078303335384633,-0.76183135063005214,0.18504436953657316,0.11788508721768284,0.14263980152467837,0.98272935909775283,-6.1825508218987828,4.9483182981799478,-3.0955928579609773,0.5234981996576109,0.398791245294506,0.9733542319749217,True,5
-0.22362066198112213,0.97457021703448743,-0.014376773089761201,-0.95018872966164414,-0.21469316628199206,0.22593853672138761,0.21710637383345888,0.064185172907476717,0.97403546445687594,-3.1001505665045608,-1.0543740124069081,-1.8292130217012288,,0.1682689206589269,0.5605536332179931,False,2
0.85790759281995976,0.5138014256895147,-0.0016300740116175286,-0.49271380278484977,0.82358838942457324,0.2809542193139824,0.14569718846687971,-0.24022959801918498,0.95971978697346183,-13.71428782966686,15.04237414852812,-5.5587573316246237,0.3864977784499614,0.2971799225406205,0.4,True,5
-0.49684651764435089,0.86775065072788304,-0.012342854856848089,-0.85012677687497884,-0.48379844555902962,0.20790268712748167,0.17443623804944386,0.11378871752508021,0.97807163675221476,-5.1441869507433955,12.222091117905979,-4.6646880408527229,0.4229876925149523,0.4187428779323534,0.9563492063492064,True,5
0.25064586401011274,0.89054331356592475,0.3796172513435675,-0.93867809470581087,0.12766137077231066,0.32029050709005163,0.23677011081234847,-0.43661788909246035,0.8679312954090036,2.7472124625772483,1.6351931860639906,-2.2552025403320934,,0.4400410928257578,0.2801822323462415,False,4
-0.9636249158393535,0.26448383350203836,-0.038409938683430483,-0.26654312470485025,-0.94056187768512289,0.21047117835468854,0.019539300043081465,0.21305317660504952,0.97684520764158156,9.4255934065427631,2.9526058119987031,-2.4269109798035862,0.6386462798431634,0.6399649563438619,0.9963235294117647,True,5
-0.91026146073700898,0.41367512495850095,0.017232645980633406,-0.40964705173916294,-0.90587923097217871,0.10757375095563414,0.060111280957378679,0.090860937062203578,0.99404774735313406,14.132693065229851,10.909668558595904,-4.0329943488123252,0.7694411774217954,0.3827413164479233,0.9882352941176471,True,5
-0.92034294060343791,-0.38718228077427741,-0.055305995478294276,0.3689852244132773,-0.90643835575092402,0.20547362698956098,-0.12968722314129438,0.16869910692706841,0.97709868256789201,10.380928123825909,-9.0189318141807728,-0.14008954557769782,0.3084834314730724,0.3196328997183723,0.8571428571428571,True,5
0.6870569434412227,0.72646996656577945,-0.013933561896367984,-0.69867365153460981,0.66579131731377439,0.26187220249748477,0.19951913472271063,-0.17018610245112392,0.965001971714046,-5.1093008466622081,-5.5134594053554506,-0.90964567822393261,0.3166705984696483,0.3036662827293413,0.5118110236220472,True,4
-0.38563074878665959,-0.88987068711928441,-0.243760303979323,0.89230942536087665,-0.42689493229087172,0.14678081004175558,-0.23467597875023768,-0.16090642308566766,0.9586638138614566,20.433048276770485,-9.2586854636143876,-0.30246061559138804,,0.4176905836036308,0.4054054054054054,False,3
0.90735480295773574,-0.41051619159850566,-0.090463904320930946,0.40964097738261596,0.81518756203277309,0.40946734711827543,-0.094347926307592145,-0.4085898862460034,0.90782860367964513,5.2445744895380813,15.461816648808984,-5.1860666223887213,0.89810389662659,0.3624689434357783,0.2272727272727273,True,5
-0.88932896433957265,0.45663538816859095,-0.024044031667396066,-0.45253321686347836,-0.87135569371567057,0.18961261209232502,0.065632924831173833,0.17950871093460269,0.98156453780518294,-10.620125621874843,-0.27230244048906965,-2.0153228407723982,0.4311175537401464,0.4595212139138095,0.8226950354609929,True,5
-0.67103946816433147,0.74142063353633081,0.0012150441625585866,-0.72779720799134906,-0.65902023638773866,0.18974601990936837,0.14148235298343204,0.12644276253718484,0.98183245597007918,-3.7744616473657051,-15.729264188767987,1.2302429999311837,,0.2417649288928287,0.775,False,3
0.76653462749125467,-0.62318926041894507,-0.15511225146754365,0.63160115555671625,0.6878539225100222,0.35768276668997701,-0.11620948823681808,-0.37214530359264764,0.92087090727075971,-9.6361558196909574,3.6099365401848722,-2.8693087818670322,,0.3219474889997145,0.5,False,1
-0.69650310100088153,-0.70884726665140108,-0.11144049020438229,0.68950664304651266,-0.70415467122528108,0.16954877819183961,-0.1986555297264212,0.041252291481245505,0.97920081135416837,1.8765310747094759,-6.0716391943052646,-0.81773632497728055,0.5616085159643056,0.4997642031417559,0.8614318706697459,True,5
-0.65431068501517398,-0.68805739634873964,-0.31377467521259139,0.72437712318607173,-0.68940286381646798,0.0012143995734074098,-0.21715273629324833,-0.22649660194238247,0.94949669742917464,3.1140721559776461,15.346698743368023,-5.1612282162508736,,0.4310747248590663,0.4296875,False,6
-0.90845858210279173,-0.41361312930979371,-0.060226106186151276,0.39510362280891742,-0.89679759737553899,0.19911603798973712,-0.13636763489572737,0.15709312080425919,0.97812351957660504,7.5348483744566339,12.530510646857707,-4.4414689060876658,0.4932954702806244,0.542100276488638,0.9386973180076629,True,5
-0.40152838710405903,0.91584205624604509,0.0028779090723991436,-0.89362213426963566,-0.39247079520294509,0.21772954796294805,0.20053537217407447,0.084852830970947118,0.97600489833976845,-4.2686610777883969,16.180976961372256,-5.5500473167767375,0.2212568332485796,0.1678697629302773,0.8,True,2
-0.7073866766249981,0.70397838400427337,0.063391833765649191,-0.68611953638158885,-0.70544532200333221,0.17772698011030452,0.16983542483520192,0.082227322213159496,0.98203594432826113,-12.640152127017176,2.8782118096092195,-2.6027623131584603,0.4043472976393093,0.4049703875384222,0.8387096774193549,True,6
0.828928349174612,0.5396150445104011,0.14728678037315435,-0.53686414218939127,0.693605717358171,0.48029990805673251,0.15701810330627822,-0.47720720089505619,0.86464941025134823,12.222768824627462,-13.467450378812016,0.61965618131101774,,0.4248119620508966,0.2222222222222222,False,3
0.27377026999881388,0.95787402286170731,0.086759412120574572,-0.93228861203173086,0.24211725350892094,0.26873254255718249,0.23640597103442099,-0.15445579263992681,0.95929954913949944,2.7396182717255719,4.4562828621623272,-2.8523011379724763,,0.07517195319780956,0.2521008403361344,False,5
-0.54651569547866918,-0.83395086906300198,-0.076462687531430235,0.80730247056584314,-0.54891900494508172,0.21668097984914725,-0.22267311380979862,0.056691039849028506,0.9732434486741145,10.866267696582202,-13.807756232084415,0.63302465445316192,0.372349696652099,0.4391279965828042,0.7065217391304348,True,5
-0.23550618276105539,0.94014858683574554,0.24628737797959721,-0.94574003930674411,-0.280063803852242,0.16474235588909564,0.22385847299888575,-0.19412599115667517,0.95509291884300151,-7.9136623590536761,0.37059902936489703,-2.1670310955996475,,0.3068699453734568,0.2105263157894737,False,4
-0.26217380940404855,0.96062184974290166,0.092035620599278306,-0.93645938361978376,-0.27628592846671141,0.21612475231157752,0.23304230623005581,-0.029525370917431737,0.97201827965278709,7.6251003168834917,18.340987147136751,-5.7910615602272539,,0.190147934653385,0.5,False,4
-0.17526292613914918,0.97666181041743316,0.1241556071761742,-0.94214231108630198,-0.20298090596306217,0.26677072079854636,0.28574599276648577,-0.070217233543880625,0.95572944274587435,-15.828113324119538,16.615362523833035,-5.9998939126136328,,0.3100576667293219,0.1904761904761905,False,3
0.20773682159159212,0.97556276824690591,0.071573026800996087,-0.94461677430943103,0.18106660926722606,0.27370427965546118,0.25405621946385837,-0.12446753881596118,0.959147157183312,0.24198310942466061,13.756083707180323,-4.8876992110603092,0.3393356583583751,0.3829553561399695,0.8275862068965517,True,6
0.65157820461258864,0.75499411910787728,0.07368665677282564,-0.72929084023967816,0.59672486918064438,0.33474512818538221,0.20875994255685268,-0.27185163345814894,0.93942321440860554,-7.9101411761742,4.7046416149198667,-3.0612144323388852,,0.677843865306764,0.3153153153153153,False,2
-0.83518408751185969,0.54883703155092101,0.035290972859285563,-0.54060881678852002,-0.83106486077032105,0.13066485527226757,0.10104279874141342,0.090050596839663877,0.99079828564209882,9.6608269988796192,-12.549446426886705,0.38875197242160703,,0.2065901068023212,0.3043478260869565,False,4
0.93410171547034038,0.35700416814348007,0.0014174214431950556,-0.3332822089114284,0.87059625494033155,0.36191867885892204,0.12797247508149909,-0.33854126013242497,0.93220859297126413,7.2704459685377625,-14.564652638789887,0.89875387679387231,,0.3348091835814914,0.3050847457627119,False,3
-0.80429321226407791,-0.57831377100004788,-0.13662214673190221,0.56199397676137619,-0.81498055285938464,0.1413133700148165,-0.19306786058239539,0.03687656074954105,0.98049218277221417,-8.4666581633442135,9.9838731757135957,-4.2056313452078919,,0.1607287586833628,0.3529411764705883,False,4
-0.95898462214067948,0.2832905383020225,0.0097450195611582108,-0.28263330130008296,-0.95824968518637632,0.043312328919444809,0.021608134901318739,0.038781590333042557,0.99901405233226093,6.3294938331799635,18.918297979219602,-5.9407959907401269,,0.4435578872061529,0.3888888888888889,False,2
-0.6669984318198352,0.74479991646098043,0.019651371188704862,-0.73534291751070702,-0.66231688878828932,0.14355184600917573,0.11993283794158049,0.081298359549974664,0.98944766972172993,-10.126435106441475,-4.5202244848140962,-1.1683470420596576,0.5998858151619432,0.3211018111114503,0.3888888888888889,True,5
0.878598339129814,-0.40565709242380105,-0.25200651151230136,0.47229558669240818,0.65993425600569744,0.5843146896502609,-0.07072366838057878,-0.63239947906088145,0.77140719572371086,18.326735261929841,-6.8940082971267982,-0.5280642093176916,,0.4991105992780017,0.4090909090909091,False,2
-0.98606725947968465,-0.13672936221988785,-0.094744083135391441,0.14867565147195524,-0.97986213835531077,-0.13328818581234717,-0.07461173125998985,-0.14551725438826776,0.98653830043931245,-11.409788906528609,-7.8643403137601648,-0.48724314632941362,,0.5139384656409952,0.4444444444444444,False,5
0.87816991699246683,0.47534321675960489,0.053538987383725367,-0.45442053561129259,0.79404356617830929,0.40372861160138096,0.14939736846474083,-0.37887153666046752,0.91331089175830305,5.0467459261107583,17.129684390254138,-5.6016059826666966,,0.573979070029171,0.2692307692307692,False,1
-0.61996261591680102,0.78448200179741601,0.015308289307232305,-0.77155113555991739,-0.61305906502430163,0.1699041730144667,0.14267165128993683,0.093523107558754773,0.98534168097708863,-8.8363248516192332,15.598985046906412,-5.5658798699987617,0.2264689199057868,0.2671349983047165,0.3461538461538461,True,5
-0.90652307517017439,0.42212142671550118,-0.0054235866066098138,-0.41763709727489506,-0.89486995472360786,0.15743893772751352,0.061604944313014498,0.14498712094747468,0.98751383058443942,19.440322991845573,7.7572405174020354,-3.2615956835175952,0.4338538115392432,0.3238537102692992,0.6666666666666666,True,5
0.75191526344958071,0.63263399404231191,0.18546607822892375,-0.63239681141745618,0.61265835284523784,0.47405064665918639,0.18627321197794358,-0.4737340733692586,0.86074288741086225,-5.0485749164896037,-3.0336361944384151,-1.4825259912667508,1.07074812113465,0.7273037843928651,0.3389830508474576,True,1
0.066797505701410617,0.99672890084189947,0.045492762705387359,-0.97227981330792523,0.054784026511500869,0.22731184543066305,0.22407600912631517,-0.059415559121208661,0.97275882595242391,-6.4701696655212393,16.957120977618182,-5.8075763634489981,,0.2269698381865045,0.5909090909090909,True,4
-0.46829941708838935,-0.77820644106421966,-0.41843803727772511,0.85407468023340616,-0.52002775197651219,0.011295032468271238,-0.22638925888583769,-0.3520878757645815,0.90817511042788723,-3.2007741185722449,-5.2882863030091691,-0.88113183286530505,,0.3188782033957048,0.5217391304347826,False,1
-0.12686587786200315,0.94777149745092526,0.29263328186304177,-0.94771498166917145,-0.20290667595725678,0.24630305392296625,0.29281626074059847,-0.24608549220059261,0.92395918090264495,15.446656357221608,15.291651566747053,-4.9126593973793904,,0.3324967167611696,0.3333333333333333,False,3
0.6436293839123588,0.74726671306821157,0.16532899232992448,-0.74131926298649842,0.55501758643180732,0.37736087380194289,0.19022872151636858,-0.36544211346209399,0.91118883620169855,-5.2115971328710806,13.823278536443905,-5.0537363424733641,,0.4436669268565119,0.1304347826086956,False,3
-0.88750327603407864,-0.41984524143666718,-0.18991552930648742,0.43419992046988393,-0.89994691546105865,-0.03957244516164854,-0.15429959200439622,-0.11758198244251475,0.9810026061699143,-11.028222104072407,-6.5126019346289583,-0.79525621415138281,,0.2439167141340906,0.2666666666666667,False,3
-0.9597927252677505,-0.26888228445329221,-0.080624075996463471,0.26032956804917373,-0.96004636240497809,0.10266205741314838,-0.10500685940658962,0.077545464987636856,0.99144352352386489,-7.518621604015145,-10.118869111412534,-0.042698966133862586,,0.1919133850125682,0.4545454545454545,False,2
0.11902790811979821,0.97830311484664523,0.16957409168259172,-0.96422168723350898,0.073147936811522596,0.25480564595154248,0.23687316217163595,-0.19383599980800442,0.95200772592518446,18.411793701730314,12.000239010434328,-4.1436449691161705,,0.2300527075052245,0.2173913043478261,False,4
-0.7078044846939654,0.706040745701765,0.022787647004593927,-0.69463197324490411,-0.70150826443015235,0.15928771667045311,0.12844934095977778,0.096915532011598887,0.98696917199166256,-15.213358390131843,-10.687137362963348,0.14088760752826959,0.468838285376677,0.2496800691940729,0.2307692307692308,True,4
-0.99677249374785915,-0.041774664395406488,-0.068552703245928798,0.048647622259985736,-0.99360827859293621,-0.10186264064921677,-0.063859255837528828,-0.10486880435207076,0.99243363975514443,5.4621209027430968,3.2291754567009128,-2.5507225120857902,,0.4811062136631554,0.2758620689655172,False,3
0.91365179807305685,0.40607126750781403,-0.018614982741537639,-0.3865014837662169,0.88198245776186412,0.26967303767127837,0.12592456044943454,-0.23919253731029982,0.96277200580961952,11.387452130796389,-16.827609180098591,1.2436416219969,,0.2638893137212728,0.2,False,3
-0.31443599213794138,-0.86611171406157639,-0.38856210007352177,0.91971746092951978,-0.37930754190357407,0.10122045601767092,-0.2350527577153376,-0.32553999358049029,0.91584600980188191,-8.596901803571857,8.0561870815632233,-3.8431341148521385,,0.7738138350723804,0.2608695652173913,False,1
-0.8931175658601872,0.44872874392592343,-0.031361248805440611,-0.44483670193981029,-0.87071515731395521,0.20970317935369212,0.066793129581463592,0.20124022758483784,0.97726201637141119,-0.76036283152209028,6.30804694586151,-3.1992390280011755,0.3654525655315452,0.3408967725416114,0.8804780876494024,True,3
-0.013947177265641193,0.96414854783540904,0.26499632818813418,-0.96974287218966004,-0.07764289633420153,0.23145267871896807,0.24372984651796381,-0.25375018887817397,0.93605908123399006,-14.190978804457906,-1.9879722272146767,-1.6596293917138039,,0.2546223939770607,0.3,False,3
-0.27771175310491669,0.92367033134130128,0.26402519044068973,-0.93506602019721141,-0.3229249618401101,0.14618825839687041,0.22029008161953276,-0.20628278653443743,0.95337279797550645,0.97649900893137709,11.502390881731435,-4.3981954297142209,,0.3114644839295303,0.3150684931506849,False,2
-0.44207903138571714,0.84063604229363931,0.31288524159179087,-0.87664155598268156,-0.47877248598855626,0.047712566317499372,0.18990974786284717,-0.25319547993047786,0.94859176499137166,-1.2883496585878529,12.150791968877723,-4.5774926728724319,,0.665477453923627,0.6470588235294118,False,1
-0.99369643259627183,0.049593376726578001,0.10053803673386348,-0.061770763854022533,-0.99062138260995414,-0.12187554737860518,0.093550909019285103,-0.12731760797627231,0.98744035471559843,7.3614667015116941,-16.767928559328478,1.3262947631612383,,0.6259917170176827,0.2222222222222222,False,2
0.16278846869870781,-0.92199938717331775,-0.35130762091186624,0.96112449060891292,0.067700097240745785,0.26768715020589057,-0.22302382834685464,-0.38122673946828467,0.89717698649925992,4.8931229341586819,10.936381396571775,-4.1643709452774598,,0.765793334977875,0.3684210526315789,False,1
-0.047796542264250029,-0.92706835981200397,-0.37183295548278378,0.97081049552126142,-0.13071043139086799,0.20110137968541142,-0.23503717223738155,-0.35136738516984373,0.90625520042952679,18.7732894033193,-2.0814074767163424,-1.2838114950709409,,0.4330913100854342,0.1666666666666667,False,1
0.87062579708480181,-0.44683288235933527,-0.20579382083265071,0.48596296531069277,0.71612614191271584,0.50100234052911075,-0.076489984945032979,-0.53619373747896093,0.84062212562568883,-2.8492686373604044,9.7943284704971791,-4.0322860639385976,,0.5428350000495354,0.3370786516853932,False,1
-0.96195795588279753,0.25251299823435774,0.10427884174886011,-0.25766559374936548,-0.96544300085270229,-0.039092888129628356,0.090803815512210811,-0.064474784429448304,0.99377948724110809,-14.038772050847154,-4.0792346735374991,-1.2048512254680757,,0.6662213428176533,0.3333333333333333,False,2
-0.018467361212217179,-0.92449263429672868,-0.38075231542428023,0.96720168679819829,-0.11301033042768283,0.22748530122041841,-0.25333743036625289,-0.36406322850257633,0.89625783791702673,-11.886502290458809,-4.3541609814815754,-1.2370971852024151,,0.3543697809000895,0.2264150943396226,False,2
-0.731777308385543,0.66209084872242807,0.1616715156421297,-0.66962296851141612,-0.74262910700419649,0.010348404326644051,0.12691355709288044,-0.1006862327637859,0.98679036859804636,12.762647189481859,-15.399317949922505,1.0130308887282582,,0.1848535101381996,0.2666666666666667,False,2
0.95136988824620805,-0.2657317759549519,-0.15582669535809529,0.30661009944450535,0.76796873318158798,0.56232932679533776,-0.029758740850848057,-0.58276122735070002,0.81209837411466212,21.982297592049417,-0.14961945673849891,-1.6310882595207468,,0.416319011254631,0.1923076923076923,False,1
-0.99625743467415895,-0.053465726222770675,-0.067915682842306174,0.064653716615809168,-0.98244499189089063,-0.17499067071210309,-0.057367419187441454,-0.17872675800780585,0.98222488524155849,-3.1302406652481189,-2.7434026637266165,-1.5263163367740784,,0.3648376243329469,0.1666666666666667,False,2
-0.97002482951577229,-0.18906887690796112,-0.1526590642826581,0.22091018701427081,-0.94783183761569811,-0.22981187279026119,-0.10124484873915493,-0.25664716516417935,0.96118765764910574,-10.300350058386238,12.307835687400821,-4.8026211990342507,,0.3879212092661518,0.4,False,2
-0.20189521493922288,0.97863822332408856,0.038801417934351858,-0.95366727783973704,-0.2054578058384095,0.21978583484340439,0.22306287311516185,0.0073700657485303335,0.97477619829808726,-15.018462889525312,-0.73594021860672931,-1.8963658901158391,,0.2898726083961853,0.8695652173913043,False,2
-0.48797710943092171,0.8443977508984104,0.22106736292168541,-0.85361253650287838,-0.51454832691294716,0.08115205971636999,0.18227445843168683,-0.14910552487682249,0.97187631119121454,19.569765861820027,-3.9431684672519496,-0.95232848935152292,,0.1960129809216243,0.3571428571428572,False,1
-0.53400927573583234,0.83789237842799613,0.1130064405260419,-0.82740733011382228,-0.54539313755960528,0.13395310961976373,0.173871226780071,-0.0219701541907063,0.98452329013732742,-15.777709513805165,2.2666996490938995,-2.547256156409925,,0.6069957331839096,0.2903225806451613,False,1
-0.97863206438636241,0.19876888264205034,0.05263282101614155,-0.20557488089489198,-0.95114216176705124,-0.23036396518151805,0.004272107201068652,-0.23626154871737265,0.97168010666974713,5.6570025037015892,1.8805645865715992,-2.3233899110244232,,0.5195701071322654,0.1809523809523809,False,1
0.86112958668744588,-0.49784730991576942,-0.10297519575674893,0.50193048170716659,0.8003967779240605,0.32776636407965165,-0.08075658774812601,-0.33393570324003208,0.93913008664234854,1.6026891717142784,9.3230644597096131,-3.858977891237604,,0.5631121392596856,0.3121019108280255,False,1
0.47125535497762416,-0.8414253032786525,-0.26442739912373009,0.86234681896740084,0.37662991031860721,0.33839012170895627,-0.18513874316770573,-0.38749628340904774,0.90308929576341279,-2.9646743385629728,-7.2442916346494135,-0.50583309994574621,,0.4982487930299346,0.2272727272727273,False,1
