axis_00,axis_01,axis_02,axis_10,axis_11,axis_12,axis_20,axis_21,axis_22,location_x,location_y,location_z,dbh,dbh_approximation,score,reconstructed,number_clusters
0.35112275598322723,-0.79505174229008901,-0.49457611882523883,0.92832241311436514,0.22666386335423572,0.29468795421403682,-0.12218963761409986,-0.56259774273527463,0.8176511923362606,15.078503669429049,0.52869173068603048,-1.1173973573461304,,0.6609151866230408,0.2352941176470588,False,1
0.7353169191524489,-0.59506662883722816,-0.32435279504337111,0.67732677533248431,0.62888651194489165,0.3817462436114929,-0.023183352342764293,-0.50039730448722808,0.86548545327813964,-1.3694385169989425,9.8271021563137104,-5.532180949089625,,0.1910838101155417,0.21875,True,5
-0.92640101255095386,-0.35201873510221748,-0.13365617861364462,0.33022069112234442,-0.93010080872572443,0.16083152913043708,-0.18092943126879268,0.10485845576198588,0.97789020097143975,4.3954956340091149,3.6328607798977242,-3.451886291273806,0.3687842848338405,0.251461478105231,0.8878357030015798,True,5
0.97484128207855003,0.18693194218189077,-0.1214122059249215,-0.15165292169765709,0.95541359437418472,0.25335006419096384,0.16335809161475148,-0.22856358563233017,0.95972538844550692,-12.21404412031791,-11.861449469867431,-2.6186217173054582,0.5286246793729634,0.4254331068895135,0.3653846153846154,True,5
0.8432014446609104,0.53740941184815005,-0.014228414485800339,-0.50916179271895068,0.80681474686591637,0.29967354416917213,0.1725270777500697,-0.24544060034296261,0.95393569969170777,11.772673622265991,9.3961933971077869,-3.506395482011881,,0.3223110830944064,0.625,False,5
0.88877343255667729,-0.42501364142653913,-0.17159600864465044,0.45770147032013503,0.84283673425649841,0.28308232628447072,0.024313569219848452,-0.33013579628570144,0.9436202659770494,7.4987116833345082,12.284918892751804,-4.756667948013023,,0.3024550867388548,0.5476190476190477,False,5
-0.76074799738150156,0.64896897581592583,-0.010087264667113155,-0.64904562563114887,-0.76069007487779261,0.0095071463378718635,-0.00150343909311762,0.01377963754412237,0.99990392601491818,-0.6690738371788586,6.3543242115809448,-4.7432006752771878,,0.5585825038688853,0.2685714285714286,False,4
0.72163218433642862,0.69216143258456464,0.01263098461399198,-0.65756213910479533,0.67962625682896494,0.32514640432361597,0.21646945222308234,-0.2429417672429629,0.94557933246402204,-11.185971606864332,-22.776033718415825,-0.19555617548206902,,0.3550177987580616,0.2727272727272727,False,1
-0.97147231248612798,0.20725078010820092,-0.11527645126997159,-0.20803267349744947,-0.97810730313291649,-0.0053395051791219617,-0.11385935548016972,0.018794086905097467,0.99331909750444491,10.241941674646036,-4.5840594470763349,-0.75495426054549331,,0.191029480928818,0.175,False,5
-0.98218720334446774,-0.0906309910700379,-0.16460352682745205,0.12461958384852008,-0.96980773236821116,-0.20962567008896921,-0.14063519085845727,-0.22640447366713046,0.96382714082750043,-12.850898273036863,-9.5427441143795821,-3.2182953580440192,,0.3341166533443249,0.1111111111111111,False,3
-0.26611108652435078,-0.95012776776509744,-0.16261031501888917,0.94135398096971157,-0.29245613504569151,0.16829168602938202,-0.20745498822950817,-0.10828958396747651,0.97223237647326122,11.895450995207069,0.45950237190057341,-1.6048214459776451,,0.3169116760456315,0.8368794326241135,True,5
-0.49395629814532749,0.86130738525017225,0.1189821988201421,-0.86579678109829439,-0.4998267063480441,0.02385785952465494,0.080019431155166229,-0.091229664774006319,0.99260971126763908,12.221261584308566,-12.110846838677491,1.0426056978385476,,0.3926105625714028,0.2272727272727273,False,2
0.36381163788044796,0.93113812669557305,0.024957587155108985,-0.90656931925833573,0.34780374576219997,0.23909124578967966,0.2139466324161797,-0.10960996053115779,0.97067630806058836,-9.5139729811207001,-7.7867502796393602,-3.0658732022653372,,0.3111484718896749,0.4693877551020408,False,1
0.94925779031986723,-0.20936658982777079,-0.2346812275852771,0.29342043557909669,0.85816688001991837,0.42125295728511131,0.11319936175445436,-0.46873791941848325,0.87605403223637712,5.6225757203156999,10.357314735968997,-4.5862412558677885,,0.3731424933894004,0.1818181818181818,True,4
0.45651901180154314,0.88906434510817012,-0.033985027896456715,-0.86195384706078992,0.45141965713983884,0.23077230918126745,0.22051294157225007,-0.076058421000773313,0.97241408833583953,3.2264077273503364,-5.677081540078067,-1.5863067408930036,0.7306776584967253,0.5073975968176312,0.9289156626506024,True,5
-0.38998046440423345,-0.89755285251990924,-0.20570394822762333,0.89435678702600374,-0.42237333900246993,0.14739979647349696,-0.21918297124453373,-0.12648968113359674,0.96744983626188052,14.541011489981861,8.5990642229937091,-2.8000916569987573,,0.2099390445057154,0.6944444444444444,True,4
0.77336149282215338,-0.60762900687015609,-0.1808286244759881,0.63384914404661519,0.7356386721653092,0.23889538841558577,-0.012135238409827304,-0.29937056305663756,0.95405974758601353,-14.401017085239026,-17.15675390083803,-1.8319016862658961,,0.821600732544891,1.0,True,5
0.25686766893265145,0.96582927612330793,-0.034537082103617583,-0.94414443000102288,0.25841264838674666,0.20448520350330934,0.20642261493147498,-0.019917643858495371,0.97826018599755815,1.5864162081859412,0.097156008699907481,-3.0538091957128666,,0.1031657421120754,0.2439024390243902,False,5
-0.97241326841969367,0.16351876662675713,-0.16635518736184013,-0.13923195589495141,-0.97906170719106522,-0.14850129955587299,-0.18715474308441971,-0.12124267595603846,0.97481963237720226,7.4863221093890822,14.149752609101878,-5.0767839937438666,,0.5409634636228103,0.3571428571428572,False,2
0.98702513995605878,0.1049543539438338,-0.12151525288191364,-0.069387899910044001,0.96128839500029839,0.26666447266897775,0.14479879985965588,-0.25477285025289237,0.95609837481988269,-0.12284379756512653,6.9282782989880944,-4.7474869486270785,,0.7917206604588773,0.7487046632124352,True,1
-0.94345349092337327,-0.28818513933929402,-0.16384393772273567,0.28006667936872831,-0.95733869497803015,0.07117076791166288,-0.17736449918705263,0.021259081865252327,0.98391558879121943,21.354176252493058,5.3059599165616369,-1.1680724445153636,,0.07080016934753633,0.3,False,1
0.91374476075923283,-0.36774380108050037,-0.17272813595913353,0.40426981807758328,0.86527677797286628,0.29641526899337006,0.040452767230057377,-0.34067667115280975,0.93930984204130974,-11.13746856138496,-6.2160723638185038,-3.6908895115611604,0.2915810912384759,0.288365164432321,0.25,True,5
0.03380741189569135,-0.93628638350561377,-0.34960673186152291,0.9853118741079403,-0.027361529365058306,0.16855817231064399,-0.16738449642309999,-0.35017017973091996,0.92160906874032089,19.373996439050252,2.5971414166665125,-0.95912372039681748,,0.4072016675789039,0.9859154929577465,False,5
0.9731400022372404,0.19421987756158288,-0.12360087057001709,-0.16654396225247425,0.96459918003370548,0.20447867985574439,0.15893912256882758,-0.1784014042497013,0.97103619617333747,-5.3272321259779858,-4.5522652096628704,-3.1506652602038225,0.3592434668255248,0.2942450266793183,0.9452449567723343,True,5
-0.98324426221192163,0.17531263976988104,-0.049961977185164472,-0.17738041025599086,-0.98331023779582005,0.040461911760877767,-0.042034639105757915,0.048646218587313064,0.99793117725242197,8.4537676758831637,-5.2595741236143354,-0.89321823122444122,,0.2489910791448094,0.1590909090909091,False,2
-0.98967789537447659,-0.016441590630734276,-0.14236339945603385,0.014702962578592004,-0.99980403126081374,0.01325601622051889,-0.14255345067222833,0.011026022499409949,0.98972568953689544,-4.4559973217413846,-23.97808427988387,1.0668989998112481,,0.2698729481407813,0.3684210526315789,False,3
0.99137811373360707,0.022770755098954244,-0.12903847613103564,0.01645442679923452,0.95535471045087161,0.29500276110240242,0.12999495162776536,-0.29458253500768838,0.9467430710703616,2.3188998426660832,12.053085273499224,-5.4695717103474815,,0.2162284697268939,0.7017543859649122,False,5
0.59705018043858327,-0.78112124590604981,-0.18270380738352354,0.79967314705142767,0.5614485259085602,0.21283423277276292,-0.063670557741557984,-0.27317604570914567,0.95985462864310545,7.1571087841353798,9.2026265538767511,-4.0946297450325631,0.4118760122949797,0.4104300682395102,0.7488372093023256,True,5
-0.9713607204585134,-0.18771031799544821,-0.14568180143163473,0.17517725557322811,-0.9799751254967336,0.09466616363566184,-0.16053435732001567,0.06643485475042224,0.98479192228314949,-1.320947435373276,-10.911288006367746,-1.1736566632604197,0.4991669687789942,0.4951892011320922,0.9533333333333334,True,5
-0.58519075545331001,0.80425684204722081,-0.10355052753229652,-0.80796211521231254,-0.56744774995348402,0.15874593366248729,0.068912989440531688,0.17656155610143706,0.98187423675000718,12.863399511172112,11.811323557424149,-3.7830301106844977,,0.1400879538269402,0.4705882352941176,False,1
-0.79831850277924699,-0.55059858324121891,-0.24398518039640135,0.56451809459633007,-0.82527894125710077,0.015296731379232209,-0.20977818998559156,-0.12552238545503336,0.96965831185838192,-5.9548542172347094,-8.0290112233954076,-2.4976864218233614,,0.7029321727081883,0.2826086956521739,False,1
0.88340669708724107,0.46595902579171056,-0.049747299671961551,-0.42897788196015774,0.84685526820675994,0.31434715125070606,0.18860165516343957,-0.25635588737865433,0.94800373136180949,-7.9267702794526276,2.7303408072742505,-5.1067725112181845,,0.3945928030837427,0.2380952380952381,False,2
0.65756686506220796,-0.73870523631977214,-0.14805536736643052,0.75165676097672929,0.62990980966018595,0.19551405415427192,-0.05116572730091111,-0.23985038154569849,0.96946060405885015,17.504912045862408,-0.19538688618056999,-0.57702032993886587,,0.2847809858293774,0.5185185185185185,True,3
0.95207902763256136,-0.21639813734606655,-0.21614201649700021,0.29983042943785798,0.79989749732502957,0.51987085642134601,0.06039237307265205,-0.55976409310200204,0.8264483779089572,7.3002639527127373,-0.66892656561174535,-2.0084051804919429,,0.2725860982036984,0.3478260869565217,False,4
0.87041008363076411,-0.46743815598786248,-0.15455696891617232,0.4916209302357113,0.84203321525023878,0.22201109289745163,0.026365645602980908,-0.26922413476880858,0.96271658238025892,-5.2375462634390439,-24.824051866470207,1.0924942976951217,,0.4428730789417313,0.9538461538461539,True,4
0.95369847463511703,0.28627757807776916,-0.092219129081659135,-0.24862963539043187,0.92294342421429321,0.2938685762466241,0.16924102305373209,-0.2573336044700027,0.95138682570561373,-9.0514218723184801,-17.240469425083926,-0.99724297482657664,,0.2437832339072978,0.8285714285714286,False,5
0.81904455605072102,-0.55477204189521667,-0.14626686820701673,0.57369613129369346,0.7947006650202868,0.19830179513802329,0.0062260856343427373,-0.24633074218969342,0.96916582755994252,-8.5048958440204903,-4.255801985484605,-3.736335107257907,,0.3286457872535418,0.9238754325259516,True,2
0.096827156067554251,-0.96223261364588564,-0.25442660844353193,0.98203116967574189,0.050758567146741887,0.1817645445253421,-0.16198544265817497,-0.26745460380673669,0.94985722678169793,15.571175894585206,2.682683743529243,-1.5023031653198893,,0.2001140711873878,0.1666666666666667,False,5
0.80219131906513941,0.58616383475794709,-0.1135827735107291,-0.5591371931368746,0.80423484384141719,0.20142471348468755,0.20941510658868159,-0.098072803433108841,0.97289621150419825,8.7573790265470155,-0.61652128221713609,-1.8234995614778884,0.3903999975156666,0.3492422720816734,0.5536723163841808,True,5
0.38199191253054132,0.92415616434031378,0.0041907843010772772,-0.89858883031930037,0.37035678317984644,0.23531673798960401,0.21591732859279955,-0.093654882758322677,0.97190970267246213,2.9846925208981538,14.559553943678496,-5.893586605387596,,0.2646808702269868,0.1290322580645161,False,5
0.064811018130319753,0.97711636154455039,0.20259108551674129,-0.97060703516290614,0.01457135406366987,0.24022834748011057,0.23177902239241788,-0.21220577664778911,0.94934039898032585,13.558903481168537,-1.2241836509079198,-0.932300567020235,,0.3213846116919521,0.3703703703703703,False,4
0.54575269431306428,-0.81372661868906637,-0.20000746657785554,0.83369629492927377,0.50328112149835991,0.22728528453148181,-0.0842881039722361,-0.29078704025491608,0.9530678951410303,2.0936140786835704,-10.501430239283376,-0.77891568582138104,0.5735993568400249,0.464385664371,0.912751677852349,True,5
0.66379577591608407,-0.71654255819083634,-0.21434068717184374,0.74642635766870902,0.61662214337495647,0.25024952522852262,-0.047147221056924427,-0.32610411619758606,0.94415742593362184,8.9032501142891398,-25.151021104849182,3.1216397866133785,,0.4765281494706961,0.8,False,2
0.12603797618254178,-0.96133340296200809,-0.24485203064155678,0.97901420335714806,0.080692413038255695,0.18713611116786558,-0.1601424933762968,-0.26329987244119268,0.9513293640940943,3.8021215620259943,-8.1752638364070709,-1.0268502852544823,,0.08710754599718258,0.3,False,2
-0.23920595120354143,-0.93477431800075306,-0.26263565507188363,0.94907895469409542,-0.28220856979840964,0.1400266434972309,-0.20501134277296321,-0.21576676652942786,0.95468060197945948,-2.2927849980464363,-15.764423653009251,-0.30667170911851277,,0.09881425246941714,0.3529411764705883,False,1
0.93262959258542966,0.36007109617315231,0.023470166906114864,-0.31175391137028824,0.77131424566384554,0.55487280811131834,0.18169078617052298,-0.52480771729908682,0.83160406329217751,-13.115135359050246,-14.05528788987983,-2.2860702878590082,,0.3633954612527716,0.1428571428571428,False,1
-0.32712936008566823,-0.79204604681957158,-0.51541191438249767,0.92097035124374027,-0.38938661792110024,0.013844634843495018,-0.2116600904750911,-0.47015010528708501,0.85683072108708835,4.0446720995668901,11.029455176824861,-4.9545617211693402,,0.3029283213063614,0.2222222222222222,False,1
0.99490858528743886,-0.037520885062779619,-0.093536570951973347,0.071011279137668221,0.91957615528919734,0.38644157754927289,0.071514370280245404,-0.39111619476524395,0.91755861776552261,11.83463086850629,2.5741646017925808,-2.0227197898211435,,0.5379111429026157,0.48,False,3
-0.11826016288450275,-0.89840461650696568,-0.42294642558308237,0.97391157222276781,-0.18801821947173553,0.12706454516212323,-0.19367700783807507,-0.39688574449790115,0.897201717814472,-12.012516718617215,-13.057870766928453,-2.3651161346965357,,0.6321035272064909,0.2903225806451613,False,3
0.98939263516110609,0.11947870491291379,-0.082625979941515951,-0.059941940734334745,0.8538949323704107,0.51698201923580833,0.13232224767575712,-0.5065454407498553,0.85199914273757982,-18.763331881146588,-12.83828208511815,-3.3614723339713173,,0.6663753777109449,0.2962962962962963,False,2
0.99168842705636939,-0.023754090664567316,-0.1264508079023815,0.053515805721681291,0.96991317304270575,0.23749630585798845,0.117004795544562,-0.24228945485706033,0.96312288825707215,7.1168729967494215,5.013342585023306,-3.2376167315543367,0.3339611394399022,0.2890674680306914,0.6916666666666667,True,4
0.79747161511966758,-0.54475841608964315,-0.25937866369062196,0.60252987302440542,0.69653971678617443,0.38960258604458764,-0.031571746730636147,-0.46698039684652687,0.88370387221593505,4.6339718601831335,0.052942423290374463,-2.5394943322158103,,0.6306863284190855,0.5143422354104846,False,3
0.77141009509337621,-0.60318249531739954,-0.20272479505651353,0.63622764580408275,0.7251476557515486,0.26339183752088802,-0.011867935904140342,-0.33216224153372781,0.94314760106606133,2.4131010326576741,8.9486188733247953,-4.7832567647347908,,0.111726645574256,0.28,False,2
0.86905836273425685,-0.44423527269001761,-0.21769838001160774,0.49029755770276212,0.83206996358084195,0.25936052247264396,0.065923190702206313,-0.33213641505351654,0.94092482947525558,18.644262800376477,10.100200534693146,-2.5381927223063045,,0.3401848416340375,0.2777777777777778,False,2
0.98285729540090672,-0.12005075185767113,-0.13992624434187056,0.15121529376590137,0.95910224113973552,0.23928398603338941,0.10547735211174553,-0.25634099948924099,0.96081414444852453,-6.6714534023266552,-0.091250997484855767,-4.3063348662095979,0.5456208547857757,0.5214195131839333,0.8690476190476191,True,3
0.86460172460711715,-0.43785523289779937,-0.2464683607086588,0.50210597367082843,0.77126334024668131,0.39120640484992336,0.018800239638610119,-0.46199096854326771,0.88668534214454287,-0.076998879604440185,9.513207443592167,-5.2514889109795391,,0.2687023746972508,0.3814432989690721,True,2
-0.32480227649859178,0.90574095025219203,0.27228075991077461,-0.93717202706646563,-0.34697702974682909,0.036270270362931623,0.12732663847547571,-0.24339324531367865,0.96153401149944295,9.6621781885073581,1.027936638457652,-1.9888742414312834,,0.5371862876978597,0.2622950819672131,False,1
0.97491507468040983,0.21330226422780696,-0.063582554495563937,-0.15582451305508574,0.85806890137047487,0.48932247202842782,0.15893180390354841,-0.46714013376732788,0.86978202851737885,12.682808792758513,-1.9613760909315552,-0.92734402389733117,,0.3296367609293047,0.5714285714285714,False,1
0.92012515278381402,0.3799799894648147,-0.094788769487123212,-0.34469516266062578,0.90067151492117004,0.26452989821184608,0.18588961254714659,-0.21072738269129704,0.95970777955122766,-9.4337346054256717,-26.731366441545052,0.88300331647767516,0.3025742038844476,0.1656250149116841,0.3888888888888889,True,3
0.91013137963529589,-0.34559742039445801,-0.22852416681797294,0.41268179708148467,0.80516525416909979,0.42591389720975853,0.036804974673932109,-0.48194536671235333,0.87542792812643688,-3.2337541543702395,11.262495609768933,-6.1725809083948127,,0.6981281575326777,0.3333333333333333,True,3
-0.78616470692359952,0.59157316780699054,0.17884697570418343,-0.61797301166047092,-0.75592649039432769,-0.21606595747456722,0.0073763437432227685,-0.28038603433644121,0.95985897990385316,11.955564888807345,-1.4705289603048497,-1.1653479875179322,,0.7748899114194843,0.1891891891891892,False,1
-0.77617422243445688,-0.54267067834399818,-0.32103288195126067,0.59375837310261537,-0.80039525224780628,-0.082573812735677293,-0.21214280755849915,-0.25470762659338719,0.94346142165769653,4.073248780796705,9.7651235835923256,-4.7110192941751086,,0.5353053469452138,0.2830188679245283,False,1
0.9896193497886987,-0.078899486110458758,-0.12011833172042739,0.10647314523808155,0.96389538188452506,0.24406794571347498,0.096524669732164919,-0.25432373832025768,0.96229019752874201,-5.6802603053708163,-17.768254631763106,-0.35991881411318022,,0.2029052762750822,0.3333333333333333,False,2
0.97314645084913531,-0.1042100428841012,-0.20524680792115993,0.21108032139148089,0.75967168911059257,0.61509675879907577,0.091820929645701613,-0.64190278993470118,0.76126849741273683,-8.6501347559700754,1.5271715222518096,-4.9609758964262101,,0.5018937409012837,0.2,False,1
0.82489587750757987,-0.51871571300467401,-0.22467932782757866,0.56526282539727934,0.76040697191352857,0.31977988568573729,0.0049728759169057335,-0.39078798106818852,0.92046728587047788,10.839245930557704,0.81848870722713052,-1.84656777577091,,0.401208890046325,0.3636363636363636,False,2
0.68987681818526059,-0.59823028598384631,-0.40766469145888484,0.72285464283960499,0.53861164733093458,0.43287256633411819,-0.03938452812729383,-0.59331106368509912,0.8040092292088743,-6.2857646026805147,-14.718705912984754,-1.0850459520453655,,0.4130084150611167,0.32,False,1
-0.033967356662991208,0.99525933244547748,-0.091132210888982018,-0.98412031434687242,-0.017412317345269525,0.17664659095063931,0.17422234521192745,0.0956852777853123,0.98004637749649659,8.3301002730074689,-17.148355713487472,1.4919300203457808,,0.3576579032527624,0.9310344827586207,False,2
0.78030746294289155,-0.58032000000628292,-0.23312863588228849,0.6253239208907192,0.7183196904061615,0.30493739740585202,-0.0095003809127036376,-0.38372583958798595,0.92339819297798587,-3.4160108196042396,9.9186007931863802,-5.9325048195178001,,0.284383739149938,0.5542168674698795,True,1
-0.52351649591755789,-0.70167012282234087,-0.48331099433044422,0.82309184004287306,-0.56304954523952255,-0.074128486160208618,-0.22011429157835039,-0.43661682095866144,0.87230467744871854,5.2069060785894141,9.0325130735637984,-4.3724478805685534,,0.3646793558274933,0.2564102564102564,False,1
-0.98004862930382819,0.1919724476844481,-0.051490421728030589,-0.17182778205115751,-0.94854432834193758,-0.26596779971591211,-0.099899437010768546,-0.25181389258812825,0.96260576872598624,-7.9608657752388945,-26.483346648443288,0.99444362678328002,,0.1359923269653205,0.4285714285714285,False,1
-0.5756711261905767,-0.63628992193708656,-0.51355417407686332,0.78736570641496384,-0.60078988557843382,-0.13822719612405227,-0.22058558165061032,-0.48392835071728169,0.84685025390556112,-4.2989551553266256,6.045163649372701,-5.2245805753494343,,0.3435903526705327,0.625,False,1
-0.038080454712342733,-0.90718416546583691,-0.41900688406869191,0.98216701074369916,-0.11123612665507547,0.15157337211252669,-0.18411366591235875,-0.40576275587445082,0.89524228227306335,7.0163107196331733,-5.9052456248153575,-1.0172811458299975,,0.7022479408535123,0.4722222222222222,False,1
-0.93687531056373474,-0.28682836474743556,-0.19998535354474672,0.29973331365004979,-0.95330972569260664,-0.036885059146595817,-0.18006830133165097,-0.094498973942572284,0.97910436153626379,5.6482912718678637,-7.307499106192064,-0.88483140309294039,,0.6784370279464174,0.8297872340425532,False,1
-0.90646093206874401,0.42149341319890954,-0.025920672502801723,-0.41990324588704953,-0.90615515712212602,-0.050636896769999995,-0.044831269517875555,-0.0350161941237013,0.99838070064605478,-11.794851137947365,-7.4272533768118709,-3.5615867920718074,,0.6567057903757204,0.225,False,1
-0.91238363607286777,-0.38583029077632075,-0.1367153515370971,0.36340562862571418,-0.91721137521049101,0.16327780702725297,-0.1883943993583716,0.099288870997404882,0.97706154892435426,10.076884639202135,2.6578603812190265,-2.3607982990974401,,0.1265376472656743,0.1428571428571428,False,1
