axis_00,axis_01,axis_02,axis_10,axis_11,axis_12,axis_20,axis_21,axis_22,location_x,location_y,location_z,dbh,dbh_approximation,score,reconstructed,number_clusters
0.84312379980729479,-0.51428064396003925,-0.15702763274836584,0.5266365153359448,0.73076806987971343,0.43431786603718125,-0.10861049172764788,-0.44888021485951585,0.88696691809466766,14.112989395503924,16.287093805672306,-5.3456494431827721,,0.3667984604010998,0.5333333333333333,False,1
0.98922515936274502,0.1339587965591551,0.05906458251924819,-0.14573685639462738,0.86261622874229715,0.48441099347416416,0.013941046300831698,-0.48779942879716248,0.87284441024342863,-9.813395253051068,13.750222377035032,-5.0319745050273141,,0.5266741169631881,0.3508771929824561,False,5
0.35755177055100512,-0.92808958496299998,-0.10395409399849256,0.91810756316178299,0.32894372579537295,0.22107584156797966,-0.17098313905462562,-0.17448709850033159,0.96970047881599075,6.5527674913221787,-21.625326112067746,1.9973515012066239,0.7173157038794463,0.5650475717061496,0.9642857142857143,True,5
0.55472696495852658,-0.81620778611047173,-0.16150183974352142,0.81522802597323452,0.49437168140268634,0.301661907265173,-0.16637686141913766,-0.29900082026596675,0.93963676464078083,5.3688737318646291,-13.582658360001805,0.53325083387133387,,0.5345582172265202,0.6223776223776224,False,5
0.53063133386860772,-0.84398794678565869,-0.078196759506703586,0.8310288138330153,0.49988177666110334,0.2439453216223445,-0.16679777605265778,-0.19442879170191271,0.96663123623293923,8.5156647075861756,-12.10138064937442,0.29370751266334605,,0.2866137717309903,0.4090909090909091,False,5
-0.78784725155103241,-0.61476530836389021,-0.036882568453593605,0.60551445139177706,-0.78414512387642465,0.13589949910334695,-0.11246758368169124,0.084735118652636554,0.99003585909184333,15.509411892350316,17.939387298221764,-5.6671058634889464,,0.07914693540381892,0.4285714285714285,False,1
-0.5359906875256526,0.83359816476991155,0.13352184307450238,-0.81854858270007391,-0.55185757481100173,0.15947236401150533,0.20662091047490033,-0.023818413380267786,0.97813111725298274,-7.4255216668751869,13.187856123719614,-4.8943500938130002,0.8061775511853527,0.727458090309765,0.5,True,5
0.34431598089977189,0.87452006718399466,0.34155696068083508,-0.92571869140669882,0.25559299344629277,0.27877791534020763,0.15649731523989996,-0.41217335405586919,0.89756432445203504,12.980017677713901,-1.6784628092135279,-1.7162255767085686,,0.386077613484336,0.1,False,3
-0.99505616968144617,-0.089989883930620115,0.042012378759620876,0.092050761430868558,-0.99449781532263903,0.050007525818565213,0.037281047448880042,0.05362756855061266,0.99786482420840106,13.346695061704876,1.3525512778999487,-2.337352961914581,,0.6867724401866523,0.8068181818181818,False,3
0.85979539368543689,0.47961658060907031,0.17527069521790195,-0.50084966076596593,0.72519479234227802,0.47248505846244071,0.099506272706399404,-0.49402474509330241,0.86373494367634363,-9.6073368167530315,4.2156824937530502,-3.2255295123440537,,0.44628989682277,0.28125,False,4
-0.2101031592812854,0.87647269528792027,0.43318850039532592,-0.95933824942220058,-0.27024092348202844,0.081485989416141852,0.18848550516039672,-0.39845383382558752,0.8976122529545375,-10.291723518868785,-13.984727226014877,-0.017011118438365377,,0.7066031547582797,0.3157894736842105,False,1
0.72681567496067878,-0.68595543482523524,-0.034700375576862535,0.6708639693332632,0.69817990753733972,0.24997270123269349,-0.14724302795674607,-0.20496330926503328,0.96763088653331786,10.206954320792033,-9.9289744856358642,-0.16192578213754244,0.3772083546543676,0.297647259060542,0.6296296296296297,True,5
-0.51070771459106235,-0.81980651964163564,-0.25902683376484958,0.84426752368780555,-0.53513266509282009,0.029075405357733508,-0.16244992675663208,-0.20383890969028554,0.96543240063354041,-10.003184260868407,11.531171975399236,-4.6235914200099471,,0.2854108512809883,0.1851851851851852,False,2
-0.5002636023610153,0.79388214335240426,0.34566959747564191,-0.84754225102929803,-0.53067023641368416,-0.0078251456749777737,0.17722432359292586,-0.29688422432126094,0.93832366296294212,-4.9971725646920593,-2.9830357856882808,-1.6750572623640321,,0.3531412654278754,0.4473684210526316,False,2
0.87638272290352359,0.45911472210791648,0.14548881379672035,-0.47476812116975042,0.77280371555343386,0.42115276129660201,0.080923137094103925,-0.43816445448093838,0.89524485852322588,8.3940738970131452,7.4206892468253063,-3.5807515664632761,,0.5244795087918128,0.4782608695652174,False,2
-0.50811692972525901,0.80265024090018666,0.31236161177303712,-0.84546446498420058,-0.53402281596091616,-0.0030774148490878839,0.16433813974715747,-0.26565432956390289,0.94995829014141353,2.9814352571240299,-6.9988802330479754,-0.74161883937851136,,0.3530894672624551,0.3125,False,2
-0.36514944529405263,0.90224077023781579,0.22940678961643296,-0.91412645608016674,-0.39412868543103879,0.095054729575733438,0.17617804884763663,-0.17499763381564312,0.96867802868815278,8.9212559103535138,-9.1998481535392145,-0.26081503475242257,,0.2411874245929411,0.2727272727272727,False,4
0.48138864286504285,-0.78535072009128981,-0.38921616227058925,0.85940776834570343,0.33562557664268022,0.38571201693793117,-0.17228831134935049,-0.52017277779153515,0.83650285057316343,18.913125535191185,-0.37868901979633213,-1.9267401636666412,,0.3816659024336753,0.1896551724137931,False,2
0.29087039434944034,-0.93390618042536666,-0.20787895481337912,0.94037259474369994,0.23901384280225751,0.2420160449306977,-0.17633433229521928,-0.26587897455834969,0.9477418288446483,10.155445054501032,5.6118422979544356,-3.1391125314900838,0.2045360509069689,0.2821959630510891,0.4585365853658537,True,5
0.72274875894348278,-0.68132999818639306,-0.11586054124241608,0.67771017298358716,0.66585115914184345,0.31201146662265467,-0.13543689630308303,-0.30402576772502937,0.94298736984065434,12.497405612649683,2.5892473016640576,-2.5502521175721489,0.2008637754370585,0.1184779931356162,0.3225806451612903,True,5
0.73157215235435169,0.64201692374925945,0.2293827707548218,-0.67012111804608898,0.61524145868237212,0.41522961679900239,0.12545865075107848,-0.45748466328164972,0.88032261689325819,12.845331574557544,4.785310766308303,-2.9729220789317155,,0.2513809643557552,0.15,False,1
0.79776275995427437,-0.59446191191005371,-0.1009436185124313,0.58931135556456582,0.73325370109898769,0.33919188673565143,-0.12761937561668918,-0.3300818763774841,0.93528565147463183,-4.666093404384509,24.305060917054469,-7.1856015865634184,,0.3546408505251201,0.5625,False,2
0.88609752341749248,-0.45577528465642697,-0.084261906516167981,0.4537212181129196,0.81580708058616014,0.35860265406102998,-0.094700766773637285,-0.35598833851945122,0.92967955103392785,14.962292516601748,-13.769304830798147,0.66164818881719945,,0.2327507112168276,0.6666666666666666,False,1
-0.20017410461857671,0.87031116529839436,0.44998755915814287,-0.96072386285331102,-0.26445453171691019,0.084103864349998711,0.19219778142414745,-0.41547837032912033,0.88906565370859714,-4.3103326539863636,19.08089166030862,-6.0842939730939039,,0.3651428144226598,0.32,False,3
0.16164823761270153,-0.96449596713196595,-0.20884773559433129,0.96840278357220633,0.11430732661730122,0.22165261977068143,-0.18991023154719244,-0.23807848384047173,0.95249815720867026,-9.5309914641974416,-1.6974588563550839,-2.0801511853460535,,0.6784425213636979,0.16,False,1
-0.60504722498281471,0.73475777058692771,0.3066738888505518,-0.76869928857783354,-0.639424910657173,0.015400888643080146,0.20741084658359929,-0.22642173524905207,0.95169004330521423,18.569903754829912,-14.610327967476469,0.85640707426344798,,0.4594754789165778,0.1666666666666667,False,3
0.90515504991728846,-0.39352295180975566,-0.16072965503655154,0.41591678260669773,0.74179616011605143,0.52607194069174146,-0.087792742042409305,-0.54302683472920477,0.83511334033690132,12.107439397841345,-6.1722135427303595,-0.81448989932765592,0.6582631148226001,0.4257034427455235,0.7891566265060241,True,5
0.91735758091257857,-0.39506814115581834,-0.048746616148290157,0.38899446814014482,0.86371704084088896,0.3204312361762256,-0.084488889793794555,-0.31291218768968537,0.94601669662679178,13.255401829898711,3.3888943208919575,-2.7322532413538152,,0.1066536310450886,0.1538461538461539,False,4
0.93744962108729835,-0.34696159355025208,-0.028387682616788347,0.33186102249281457,0.86605646867734398,0.37391771128438545,-0.10514974880286451,-0.35994978214078577,0.92702733760310241,-9.3318302395478216,8.9566941182910718,-4.0878767842947692,,0.6163047654173213,0.2272727272727273,False,2
0.61581612307789702,-0.78386520482570055,-0.079535169710454864,0.77250666404686086,0.58085784770283833,0.25658841510328628,-0.15493210306614458,-0.21945273164303233,0.96324272227404473,-10.801528485101661,8.1710009919178113,-3.9990590433117581,,0.2753161131799792,0.3548387096774194,False,1
-0.42962592463650823,-0.89884543271771189,-0.086593608093988042,0.88797017243336107,-0.43795200716828042,0.14038166648797923,-0.16410526423272664,-0.016580937843933437,0.9863034699073725,7.9035407145422507,-33.595205394247209,4.100651531633952,,0.3159058410009373,0.7407407407407407,False,5
0.61455815599015318,-0.76972755107017399,-0.17273612832726457,0.7732639684751349,0.54443974593649269,0.32503568742938177,-0.15614450987487949,-0.33332395678696369,0.92979246709564922,13.060373429910744,7.2345342754810726,-3.5254528621944439,,0.4000228594447114,0.5409836065573771,False,5
0.46294343684504202,0.77182856940266786,0.43584863626714665,-0.87062132019108807,0.30361103690856595,0.38709024154069233,0.16643885096583289,-0.55866000189841425,0.81252514494508821,-3.9640271951788471,-0.17597195288816614,-2.1744604571159072,,0.7769304373933448,0.2139830508474576,False,1
-0.70125195845912658,0.66469277231441715,0.25773864512372896,-0.69735790110938389,-0.71466430952985782,-0.054285195445234413,0.14811363380038786,-0.21780368021956698,0.96468850328241118,3.9230987193425024,-5.0072044756054614,-1.1254388037653722,0.4686861430094309,0.2638258285656013,0.35,True,4
0.66997048705031981,-0.73111423128316311,-0.12888571409115746,0.72777035185894789,0.61252396947663579,0.30848776600002992,-0.14659420669542558,-0.30047690032981844,0.94245624351028834,13.82091294911773,-6.7337664431393867,-0.72192512728147851,,0.207721763538666,0.4482758620689655,False,1
-0.92531417978529273,-0.36172368916411735,-0.11379649109604084,0.37337008570496161,-0.9215180846756672,-0.10676703009992777,-0.066245360508792872,-0.14128125251847906,0.98775055550370061,-7.2757052519035108,16.890903634242225,-5.6532453306511714,,0.4349310209352657,0.2,False,1
0.80193620772714724,0.57398591889547246,0.16564565688819707,-0.58221317081079205,0.68875280905779246,0.43202707293576381,0.13388854495678654,-0.44289923563347972,0.88651797759810491,14.871437213038861,-0.35487781852403227,-1.9496288285592145,,0.2319484441330174,0.6,False,4
-0.91513847517953839,-0.39480050404521466,-0.081572870807108261,0.39685690765305531,-0.91782529068224805,-0.010066311742644385,-0.070895458910447365,-0.041584826435736813,0.99661654417142109,-8.4674904817085466,-31.6523531368973,3.1674978439060593,,0.279330325170923,0.3333333333333333,False,1
0.63361396542824611,0.75971862557850467,0.14615386674118538,-0.7596026101083585,0.57507194991325161,0.30380277671466127,0.14675563883838089,-0.30351254071632233,0.94145786952845656,-8.4962855137772166,5.4972453080792443,-3.4224023059959081,,0.1970852593626271,0.2222222222222222,False,2
0.28016918028395166,-0.93379407554496596,-0.22256202482934923,0.94184338887949026,0.22257552744719539,0.25177602230077067,-0.18557009792262877,-0.28015845348431673,0.94184657970301122,-1.4157741238687551,24.417087402076497,-7.1522632254290928,,0.5310764492355711,0.6923076923076923,False,1
0.99226625226632503,-0.12409958672680031,-0.0026414366505454721,0.11846771705221358,0.94045382352570706,0.31860948798225369,-0.037055156588228735,-0.31645836754637174,0.94788238562603677,-6.713186327590952,-2.8408801500464174,-1.7634203648576179,,0.5253785272705267,0.7460674157303371,False,5
0.17850934258373605,0.85925493013106979,0.47939063367547396,-0.96629862258077126,0.061252069971358847,0.25003031000806158,0.18547610791912242,-0.50786725526428056,0.84123092217387008,5.9450574714220794,3.5828819140572019,-2.809805594020093,,0.3698095863547453,0.3333333333333333,False,4
0.97702611177016552,-0.1991860557838738,-0.075795066465679628,0.20778111633212329,0.81117198120335055,0.54665073365578554,-0.04740236929785184,-0.54984082432272663,0.83392330780057689,5.7847961371833252,-0.1855559411117913,-2.0704370941317216,,0.4432479779956487,0.2790697674418605,False,1
-0.80692675351376431,-0.5768439212630202,-0.12696576296639717,0.58685018340764272,-0.80734000239216386,-0.061716956923011379,-0.066903487937123238,-0.12431094496995593,0.9899852081028907,14.05425229698235,9.8044077879370413,-3.9827186335126861,,0.6826745937607278,0.28,False,3
-0.65371060753893639,-0.70505972401503703,-0.27486947295564651,0.74272307557671713,-0.66737526571213779,-0.054522359830767891,-0.14499956757499999,-0.23979374530519676,0.95993441709086036,-4.8239329432479403,-25.466050827971525,2.2278728777158312,,0.459047210917697,0.2926829268292683,False,3
0.61449345445647741,0.74291769080459868,0.26546393186214123,-0.77560328012793223,0.50732312672684676,0.37558327564321503,0.14435146790018039,-0.43668816079401351,0.88795613852115718,8.5498333737251446,-20.360508141319837,1.813120074715157,,0.1417368401283855,0.1666666666666667,False,2
0.71881495089753145,-0.67538390813484095,-0.16480789725825903,0.66920516510207528,0.60798913635729934,0.4272161713608344,-0.18833351631317272,-0.41737966733420845,0.88900208094756583,6.9523940799814747,-11.727569953338758,0.17606144468235324,,0.6135106292611807,0.2711864406779661,False,5
0.99275080369188373,-0.11527360856847459,0.034027003052274407,0.086117486147966341,0.87970161674502945,0.46766317374338384,-0.083842831230059256,-0.46134267162683062,0.88325156042179997,-2.6368079329102501,-25.301083102661259,2.268041000268056,,0.6614905949422342,0.3529411764705883,False,3
-0.78542179747369545,-0.60967007935795081,-0.10684097710551269,0.60854462366580275,-0.79214717283147351,0.046650804736373397,-0.11307537778242105,-0.028376943295124048,0.99318110535218562,-4.0229170919271109,-11.715517249247528,0.018913054596612702,,0.1344509024721742,0.2,False,1
0.92725049323484254,-0.35880234824572815,-0.10708593600044509,0.35243707429307192,0.73971271007738859,0.57324795264676132,-0.12646988360665093,-0.56928550081950535,0.81235422513654953,-12.688742350569839,1.4476506427851534,-2.8640426519128357,,0.3718257966546612,0.2,False,2
-0.73416182454465895,-0.66025509084141354,-0.1583339205579648,0.67406910843025147,-0.73674382474517008,-0.053285774460966551,-0.081469334361492257,-0.14584838606531181,0.98594675101693019,-0.67501917972544845,-18.048865724393472,1.1526707111623513,,0.4941639793402669,0.2619047619047619,False,4
-0.92944956088132835,-0.36886221973082722,-0.0080110319405220683,0.36392395244734943,-0.92014539357886194,0.14453999969108708,-0.060686659263831981,0.13142723283569149,0.98946652892179632,15.645460817734703,-10.073128233914519,-0.052701778414681093,0.3008781290159133,0.2769887315815112,0.925,True,4
-0.96973666728472707,-0.24319612959030118,-0.021597191387054751,0.24312819696960003,-0.96997707815333978,0.00575740353124507,-0.022348958853222193,0.00033227911106090743,0.99975017560827162,-12.56875921978914,4.2806646441124725,-3.356718997165002,0.3528667087026577,0.2243983006254274,0.6153846153846154,True,4
0.91368496837277591,0.39951905521238695,0.07459425642662626,-0.38769879398594187,0.80171686870650549,0.45490626240279619,0.12194024647951837,-0.44456111723095754,0.88740970770826988,-4.3924354586237646,13.806992735374731,-5.0230448873102036,,0.49550546757272,0.1666666666666667,False,2
-0.16064226430403819,0.89149455697355795,0.42359357620931065,-0.96739466953387432,-0.22735322558525234,0.11161569859759432,0.19581015366093546,-0.39185196911908327,0.89894961928952377,-5.7752812100435502,21.893336649661283,-6.6874561994297457,,0.3668092117686993,0.4166666666666667,False,2
0.9554802589854533,-0.29200905883516237,-0.042286927617082283,0.28826413142624774,0.89328086586164313,0.34489575993123245,-0.062938582937341433,-0.34173089448230182,0.93768797077394783,-7.385852912947735,-3.6209779072977701,-1.6222645209274233,,0.2379375236427645,0.3181818181818182,False,1
-0.97786724527634561,0.20277171281932094,0.051568237278102599,-0.20395645579482513,-0.97879942281426324,-0.018800373349453142,0.046662776977644482,-0.028901944204224934,0.99849249514753535,26.171303884958718,38.365320662907237,-9.2767656142278572,,0.6010919705959918,0.375,False,1
0.94877677984661812,-0.31594417124645069,0.0013793764077701214,0.30094853514244119,0.90505701392643134,0.30050254697454526,-0.096190442454017352,-0.2846947175448879,0.95378001477412788,-8.3953758124013209,11.254412889401527,-4.5863253050547703,,0.126942687791632,0.21875,False,4
0.86933697577810187,-0.48319011464167227,-0.1038293583604904,0.48390077439954854,0.7894827877576045,0.37756717067297785,-0.10046523319288467,-0.37847620922199066,0.92014264979537319,-11.528284800960167,7.421976305551075,-3.8898391602399589,,0.3283099927824857,0.1904761904761905,False,1
0.91089112127984284,0.37569256533125961,0.17068234099744764,-0.40618435341850584,0.74341257098094282,0.53136806485288113,0.072743633477727332,-0.55334694872414614,0.82976835208757882,11.043377686339378,12.446174445587895,-4.5833502246890827,,0.3631843096047576,0.1875,False,1
0.12279163890582068,-0.97340432322542014,-0.1934069206126891,0.97353100184837682,0.080290061984289535,0.21398807066435477,-0.19276825945916637,-0.21456357909165164,0.95749823429208603,-14.197830173575049,-3.8767057639692863,-1.9431791284607371,,0.341267599231504,0.896551724137931,False,3
-0.97919296079173079,-0.20221535273093677,-0.017032224042290451,0.20013833162596925,-0.97618557901887215,0.083704023377391329,-0.033552850100960201,0.078553589577384314,0.99634509072640631,17.34758736916821,-4.5339213937563905,-1.1143134245360518,,0.3967208804819601,0.875,True,3
0.96810019581414664,0.24575485423165006,0.0488524562963953,-0.24748525465216073,0.90738970320807244,0.33969835919786423,0.039154304927630328,-0.3409523106440937,0.93926485203700016,19.199295557607158,-14.714658218576854,0.8636061725918055,,0.4846788309128464,0.2,False,2
-0.52135286655267143,-0.83733263282624382,-0.16451519851242796,0.84643165196615333,-0.53191403854209696,0.024918149042122584,-0.10837272298489757,-0.12625972281811676,0.98605975240181643,-3.60131300208355,-34.441714608601643,3.8879107868173,,0.2801042621840633,0.25,False,2
0.78968557872219902,-0.58566425236864883,-0.18274044504612805,0.6011067046278008,0.67900419172115101,0.42145466811581522,-0.12274940492601641,-0.4426631802201057,0.8882465268537395,6.8094078126171453,-1.0149845268071072,-1.8738918597728313,,0.7981663930202365,0.332425068119891,False,1
0.22551064805065293,0.95409260570955445,0.19710973427542278,-0.95654081651240419,0.17844376727847711,0.23062412767368595,0.18486377136031396,-0.24055170265416528,0.95286948969343355,-1.5864096376801315,25.679626206439185,-7.4864317828647158,,0.3850954374524719,0.4736842105263158,False,1
-0.97623349554023298,0.20058530510287592,0.082059110171168931,-0.21311818152939058,-0.9572829018763318,-0.19542284021279288,0.039354833081892568,-0.20826661074693475,0.97728000898467238,-8.2604897348949535,-8.9790044564619667,-0.71441864074398498,,0.5938209431240407,0.1071428571428571,False,3
-0.63248084985948039,0.7322156218534549,0.2526425492168502,-0.77094693130005321,-0.6266266869675583,-0.11392903185357589,0.074891946696964959,-0.26683192892497082,0.96082876623575286,9.4759771584335208,10.88846898653633,-4.2903261395667691,,0.2778762049314077,0.3333333333333333,False,2
0.33032455147246637,0.91841228443562706,0.21772589761497346,-0.92686614305662851,0.27204181460260368,0.25867432026208315,0.17833912512357475,-0.28724924178395067,0.94110734220103831,14.804977503722354,-4.1464204235573554,-1.196749999788417,,0.5799094271043784,0.375,False,1
0.12950690563179873,-0.86360266733665902,-0.48725598442983292,0.97308833295034969,0.01623561924927297,0.22985974189384092,-0.19059658357270445,-0.50391153751090256,0.84246430470009404,-6.3699662776047461,9.3290165119800559,-4.1101507234817127,,0.3071520342944444,0.3880597014925373,False,1
-0.14622944472098121,0.97546639749147801,0.16456687656266911,-0.97387359554524988,-0.17116787909320147,0.14923731794193926,0.17374455213433845,-0.13844444565143951,0.97501075177246388,-13.34058268342905,-10.975322640826121,-0.66991655931635041,,0.2870915982561282,0.36,False,3
-0.69129829829871581,-0.67399940015032667,-0.26044475684163909,0.71012225805608187,-0.7003367002749602,-0.072490584639061995,-0.13354041104711351,-0.23506023663091447,0.96276354509941198,-12.048199836674774,1.7938535109814462,-2.8926228440257846,,0.787111872236808,0.4285714285714285,False,1
0.61132864805110632,-0.74870322510583265,-0.25636061473660898,0.77807031485312617,0.50948417670169133,0.36746762964233631,-0.14451252269739218,-0.42411007345584828,0.89400602703612198,20.084544258594367,-11.863586103117683,0.30070408286310801,,0.5530783438849535,0.1935483870967742,False,2
0.78752701333461506,-0.59908805749128902,-0.14455000048279465,0.60385219192256423,0.70325271108932108,0.37523080184845581,-0.123141112462802,-0.38279122732481025,0.91559114385438956,10.393190458217196,-15.850903598464885,1.0061478868427516,,0.2446396598068239,0.3333333333333333,False,2
-0.12695329283106427,0.9779118125327857,0.16604622352884699,-0.97341581191425308,-0.1550023634851809,0.16862954791294082,0.19064238394088814,-0.14022394311546654,0.9715928814181819,-6.6789670277177926,-25.199110835995324,2.1379386095036037,,0.3365511925678829,0.1111111111111111,False,1
-0.81912491651240549,0.52323970188470215,0.23506293948675361,-0.56190449136528453,-0.814316058436096,-0.14543967669319663,0.11531571329210005,-0.25121618448003891,0.96103731193082487,-5.05335571860671,-14.094096534979068,0.39717590600749836,,0.6290215344593431,0.2988505747126437,False,1
0.8688474947577165,0.46848454405149687,0.16008205033076645,-0.4870502607810675,0.75083983685392541,0.44611835073920236,0.088803571585466298,-0.46557681576516774,0.88054083056700616,-9.2532090175322814,2.3329672269202297,-2.8599196538783609,,0.1698541060817766,0.3478260869565217,False,1
0.99513962547735535,0.090162287184033227,0.039596562660582584,-0.09773717845446446,0.85523063804571431,0.50894793416977402,0.012023716253708454,-0.51034431290812332,0.8598861043939402,-0.70122161569781583,22.061331510333609,-6.6970684743822826,,0.6529054428639698,0.1481481481481481,False,1
0.30047341541757533,-0.8420507876964104,-0.44795780779795891,0.93576951271948228,0.1693949279562261,0.30925843148966614,-0.18452952525826544,-0.51210919667836541,0.8388641278451473,-15.011179745962728,-14.413541405890394,-0.28189528647839818,,0.3612751940413862,0.2380952380952381,False,1
0.99015613745900988,-0.13847597050689608,-0.020377169686386549,0.13590305664650712,0.91633424926079976,0.37664559313203522,-0.033484065559469166,-0.37570726533275822,0.92613328853345378,15.720987291934595,3.105799388241866,-2.6539151967909542,,0.07559727668549207,0.2857142857142857,False,1
-0.99974147501004473,0.015550935834078621,0.01658769240807012,-0.019929472830915944,-0.95051231698368233,-0.31004701478161917,0.010945284711790779,-0.31029744384541152,0.95057650774968239,-7.3148028532740454,7.0385052756033657,-3.7079441891570504,,0.4951066228125447,0.2666666666666667,False,1
0.57525352677006969,-0.76586115099805874,-0.28729788953371288,0.80209175263355237,0.45926535259228018,0.38173833481263647,-0.16041259394396951,-0.45003559114831931,0.87848492667999156,-10.741094925636148,-1.5653780758765703,-2.2057572310521558,,0.5159368464121457,0.2325581395348837,False,1
-0.61622645303197054,-0.78523608742593731,-0.060574298078005469,0.77185204244131256,-0.61742882863424475,0.15174342209967043,-0.15655472896981215,0.046753915080455601,0.98656205494729965,14.17963822962642,1.3728935051383813,-2.3252511582456554,,0.6386432324521143,0.775,False,2
-0.13035855171698149,0.88039229412110265,0.45597813154408384,-0.97297765706747619,-0.2019988166275577,0.11185238901584134,0.19058102434853227,-0.42907561866557864,0.88293430481832325,-9.2783560447986382,-10.754635942504207,-0.45137345049508326,,0.4697007286232442,0.36,False,1
-0.24097845435500323,-0.96635970603696142,-0.089879380754601973,0.9529194544836489,-0.25315094148864831,0.1669104972432677,-0.18404862890893139,-0.045425976836695831,0.9818668865101694,-9.5832597142949503,5.0148033932738434,-3.3528044879947014,,0.1825910481351998,0.46875,False,1
0.70315482052559652,-0.70943647586714198,-0.047677930752360764,0.69695241040731404,0.67439525987672244,0.24382036642422489,-0.14082129100051455,-0.20467271475460183,0.96864773980840457,7.9304755194204439,-22.425076899287884,2.15742284713461,,0.2438333945665059,0.8,False,1
0.51117643473493068,0.8106417417588665,0.28558469687614185,-0.8442689606175483,0.41137324764688765,0.343485040807046,0.1609614075157485,-0.41669175374442557,0.89468397082542228,16.507920593033624,-0.53649957635716883,-1.9546464048728875,,0.3610158783288172,0.3333333333333333,False,1
-0.98852750782814902,0.15022510224143987,0.015677529257467824,-0.14678699873601886,-0.97995793019059818,0.13467008598286268,0.035594146557289749,0.13082382700834189,0.9907664624005752,-9.9464135126781628,-11.953685953856692,-0.29143319626359271,,0.263137674650668,0.4230769230769231,False,1
-0.96434908858734891,-0.26149416866030828,-0.040640313697156857,0.26094074676046197,-0.9651781738705939,0.018466709612635135,-0.044054080637797297,0.007203640779436294,0.99900317594023647,13.198855093791105,-4.3161847790505306,-1.1678808104065099,,0.7467235091889897,0.3673469387755102,False,1
-0.89422551565058006,-0.44748029600667782,-0.011050422852941093,0.44049145871150347,-0.88411016171393775,0.15593747707451344,-0.079548739535358973,0.13457565396433641,0.98770511358320179,-14.560892449672732,-0.82809276595328507,-2.5025999013961058,,0.6354716857519689,0.6538461538461539,False,1
-0.95919356385617349,-0.25099819137140594,-0.13018300574643238,0.27872222261687285,-0.9167875933530607,-0.28603222072593937,-0.047556594457581834,-0.31064516188440044,0.94933553273930027,-5.4770282605833014,12.523014870047641,-4.821216118617845,,0.1625824778202372,0.3333333333333333,False,1
0.77612242222311278,0.56762711208528271,0.27465150163115892,-0.61993993408399783,0.60716375766767716,0.49701775572186002,0.11536231555606317,-0.55601405827603712,0.82312812073756481,5.0856649882902394,-3.1361491748244652,-1.498102777161032,,0.5477660552994329,0.191304347826087,False,1
