axis_00,axis_01,axis_02,axis_10,axis_11,axis_12,axis_20,axis_21,axis_22,location_x,location_y,location_z,dbh,dbh_approximation,score,reconstructed,number_clusters
-0.95934938388673041,0.27988044669095286,-0.036272512957103466,-0.2817784507455835,-0.94270474336596288,0.17862998497097876,0.015800769967610956,0.18158937853130616,0.9832474933977936,-4.9225820645082976,10.237467261459862,-5.5657314223934087,,0.5301449525714267,0.5636363636363636,False,5
0.71596138229246697,0.6962608071213392,0.051187767411770529,-0.64679960349312793,0.63392820424368534,0.42401097248244507,0.26277285245434401,-0.33668370963133626,0.90420932735837756,-10.981267328180451,12.495975840539668,-6.7281237392067235,,0.1515877341407705,0.4117647058823529,False,1
-0.98259514722802144,-0.16095668278649894,-0.092734690975433395,0.13655824812973066,-0.96432011237736415,0.22680071810346358,-0.1259310188622394,0.21018959805583659,0.96951622542247562,2.5675228308661078,1.5990725548447824,-2.4821362813893937,0.4860106599683789,0.4099435365531212,0.970106075216972,True,6
0.99396100369193585,0.0053018739687180939,-0.10960571733326016,0.055194454315203666,0.83913062581892961,0.54112231983681613,0.094842476520626523,-0.54390411190314658,0.83377048502707451,-7.2592229612645012,1.2968472205446471,-3.1616179696777591,,0.3127989735408246,0.2809917355371901,False,2
-0.73315318307726796,0.67913663771868193,-0.035494188986833174,-0.66725328279554907,-0.70827987153823979,0.23046188442416421,0.13137528969419024,0.19264747826519157,0.97243379331234148,5.9094600380800602,-3.5212958184593801,-0.83346520182001305,0.4521391382641696,0.4104625050864589,0.9130434782608695,True,5
-0.67173127163071189,0.73512423777929359,0.091484718629937678,-0.73707022350440865,-0.67560612502762618,0.016847832154798653,0.074192886023844634,-0.056113446290242425,0.99566394772979749,10.787024127937469,-0.86526309660168832,-1.1388714780586489,,0.3209729811641763,0.5,False,2
-0.96467952035399351,0.26341698649310674,0.0022168077227028016,-0.25939811680417851,-0.95136046696466947,0.16621034533148552,0.045891611521439946,0.15976468046366296,0.98608782918577231,-24.295205075500466,2.4095674316144411,-5.1671359878925767,,0.2959660670409006,0.2,False,2
-0.98440945622845055,-0.10582842363568261,-0.1404932996224173,0.11485859432954812,-0.99169998586517327,-0.057780977351174267,-0.13321233350049883,-0.073017003401968816,0.98839414780620316,-8.4275806817021852,-1.1181144089707518,-2.6677815671610716,,0.2788145743210607,0.1794871794871795,False,3
0.57520283271063311,0.80878469146752141,0.12251132229083966,-0.77069906182037973,0.48562664073305095,0.41254057002859651,0.27416173575254921,-0.33171386564043231,0.9026634223181037,-0.27806557092604633,-5.1927018088628198,-0.93532894400246003,,0.2043423579080585,0.1274509803921569,False,4
-0.66748669555629836,-0.71519571924001524,-0.20725972699994433,0.7049384484177651,-0.69659528874770893,0.13347954014323796,-0.23984014509186702,-0.057009533196246187,0.96913704806237755,8.8758468473555769,-6.7636623591015343,0.19771594303555667,0.7037697214328806,0.7994498457340102,0.664,True,4
0.80028422415077294,0.59082488470052585,0.10232847205936643,-0.54891119373974306,0.65317314789722813,0.52159499638439266,0.24133309338465014,-0.47359349075408003,0.84703455865316379,10.809497765960584,-6.3314073021445267,0.22848417200090823,,0.3827269865904036,0.4782608695652174,False,1
0.77171044293228341,0.63585968862150222,0.012060209592951274,-0.54769988267597247,0.6548378610142952,0.52078038970275076,0.32324577458334347,-0.40849704058706404,0.85360549262854779,-9.3115357772875402,-18.013945868308443,1.2499828534650992,,0.4896699632604579,0.5,False,2
0.70416183859936099,0.7063942124721162,-0.071856256834503002,-0.65919384206476228,0.68798752892938464,0.30354017628896501,0.26385523236097574,-0.16637420660528335,0.95010527823615309,-18.064657863700941,-1.4644563067657503,-3.494240501091975,0.1788666073022152,0.09433855110515935,0.5,True,5
0.54241434103277464,-0.82716492303992317,-0.14691791155042697,0.81759070232615749,0.47951948555537788,0.3187577551096234,-0.19321523260809909,-0.29301749617567874,0.93638059613766822,11.804369283390189,9.1814023527757467,-3.8073948832250202,0.3402615048378009,0.2373692001425124,0.3888888888888889,True,2
-0.78805288565163556,-0.58885309374050554,-0.17951234890214701,0.57428457234930108,-0.80823992559398128,0.1301747004506503,-0.22174282260698103,-0.0005066241917158279,0.9751050527785291,-3.5621117986231834,11.591622059485569,-5.745295105991433,,0.2348862680493401,0.2,False,2
0.88827814320746334,0.45583615718778392,0.056350138421974311,-0.41218336804002931,0.73699336794697845,0.53567307820474608,0.20264947917791337,-0.49905327711822922,0.84254318298024167,6.7565028817672141,11.398935642725778,-4.8471133608250332,,0.4521965963977542,0.1666666666666667,False,4
-0.67989233895107903,0.73146452260924855,-0.052019800073196044,-0.71867586326882782,-0.65054165651262874,0.24556171667548299,0.145778636948067,0.20434090463201232,0.96798418566820321,-7.8556658010419378,10.486919778191767,-5.9023903726026345,0.5672910454092972,0.4475345091670372,0.9506172839506173,True,5
0.94647124611029232,0.32278673801273805,-0.00094976288023844446,-0.28465027109382657,0.83602817213700076,0.46907474730524357,0.15220513609153813,-0.44369541033952914,0.88315795834663413,-15.659041552789393,6.5776260903251647,-5.4998096510473111,,0.2516967989996616,0.25,False,3
-0.36663043443643811,-0.9143804965707254,-0.1717277846943302,0.88040645327774514,-0.40065397850658929,0.2536944353621936,-0.30077666394161878,-0.058178148801031615,0.95191843213073424,7.2999975087666922,0.56332089214123671,-1.8395142717687003,,0.3776003005216937,0.6972789115646258,False,3
0.21838076047486071,-0.92044417396884526,-0.32417952751713242,0.91489968871869942,0.077536395767788535,0.39616494912317407,-0.33951200720570657,-0.38310655167740282,0.85904654531928681,-1.8947525502961606,-19.32697289598585,2.0225338608918566,,0.431675681897901,0.41,False,4
-0.99452144530922582,0.061582781535314504,-0.084466891966150273,-0.077657005030534978,-0.976169351254076,0.20263955004362416,-0.069974883992294179,0.20808882404052539,0.97560368845125578,4.9349843837397076,-10.043736326098546,0.74889221038487264,0.8375989223130504,0.7976784490011826,1.0,True,5
0.32437577786980348,0.94390161247507265,0.061887807347781584,-0.89683596878127991,0.2860790046741854,0.33740783657877427,0.3007749986809099,-0.16495014110810455,0.93932201673170301,-1.7641918026358319,8.0322473156973881,-4.6499657633585585,0.8359903636212571,0.829100953486605,0.5631578947368421,True,1
-0.98215096690255166,-0.16091984357696756,-0.097387279228588614,0.13267346671199939,-0.95969449985805233,0.24775838668513822,-0.13333127706207115,0.23041543109211843,0.96391467447675605,-18.759717075309613,2.5773231873999976,-4.6143121390949702,0.4037242817712319,0.4331042199107346,0.9328358208955224,True,5
0.42406641225675346,0.90560630317033919,-0.006700869632941725,-0.85099289353593688,0.40100202602561447,0.33912898766499827,0.30980441111614165,-0.13811082065321645,0.94071601882368128,11.200243543763582,4.3977622813642538,-2.537708217949072,0.2555645937835019,0.1625641872931792,0.2592592592592592,True,5
-0.76291343421854951,0.63070448670285262,0.14203852414662682,-0.62798681685857916,-0.77516082475842651,0.068980095764406751,0.15360875541677252,-0.036572478897782708,0.9874547098710823,-1.2659127918847635,-15.028719527369388,1.404110635717654,,0.4916338241250524,0.4794520547945205,False,3
-0.75393626264890978,-0.64229916137574583,-0.13795614940628245,0.60555194990109029,-0.76088209276469432,0.23316362683962358,-0.25472916565242848,0.092250898131310294,0.96260211092641235,-8.832832694624404,0.82660134833892351,-3.2236873150460288,0.6807517647814547,0.5894288852796233,0.9917840375586855,True,5
-0.609427610709664,-0.78424432114056719,-0.11644239804933737,0.7412154657004929,-0.61569705388309393,0.2674261977557158,-0.28142071834019411,0.076668002442014258,0.95651680418612606,0.88537534246177652,-6.6335122295240989,-0.38006727050681965,0.2829810961661503,0.247890554336479,0.883248730964467,True,5
-0.80979094105573624,0.56217766996354945,0.1679133680753841,-0.57862555769893131,-0.81258719194283002,-0.069960842391060873,0.097113828889945381,-0.1538126226446343,0.98331611466176716,5.7500049947109115,-6.7203511834942233,-0.039836314714035446,,0.4150504629763301,0.3870967741935484,False,1
-0.99531373706735693,0.035118829532960194,-0.090095685896978431,-0.057388334191039135,-0.96442327692097185,0.2580587569368496,-0.077827655134853721,0.26201986708119918,0.96191914699259484,-9.1252277089170111,-6.7958082398074762,-1.3129933132139271,0.553315552063513,0.4941940632895244,0.7887323943661971,True,5
-0.99509960228691663,-0.015949604678472191,-0.097582742526652264,0.011700887678581249,-0.99896485432748772,0.043958037331029542,-0.098182843490885269,0.042600820755748552,0.99425615377275012,7.2592238653018848,7.0909793781756605,-3.5818129474019877,,0.3242456549011331,0.1538461538461539,False,1
-0.86793407816645762,0.48953692782395347,-0.083928733184932366,-0.49247617019405843,-0.82627607959201932,0.27337714257969059,0.064479901894582026,0.27860623932483841,0.95823843883499937,-11.952820928309979,-5.0753715563273216,-1.9176009566566514,0.6916677276064537,0.4912761149905503,0.9773584905660377,True,5
-0.40461724446642938,0.91305025769861348,0.051226090978049255,-0.88508434235098754,-0.40508336169437331,0.22920117147062585,0.23002302581592873,0.047399335384403593,0.97203020045655131,-3.5116495304467636,6.7400631904983683,-4.4594503015503042,,0.08703911563127913,0.2,False,4
0.97030163946580839,-0.19833867121693499,-0.1384792401404068,0.23987948922425101,0.86274015555038386,0.44512611095105531,0.031185879809239286,-0.46512492461789151,0.88469556650845949,-0.83146226879245755,14.853833265861937,-6.4756365654181147,,0.2811371796548487,0.2758620689655172,False,4
-0.57466938341292695,0.81788452169649217,-0.028635798174753896,-0.79674345339671171,-0.55113595315668251,0.24788914983830065,0.18696248082780334,0.1652696896208557,0.96836509667342818,-3.7050448529652757,14.0168063022745,-6.5106499315823916,,0.1635426407323809,0.66,True,3
-0.69632708035494739,-0.69962888905930687,-0.16014997582889348,0.66694018455332549,-0.71318476204488068,0.21577369027516624,-0.26517802961846426,0.04343860933118629,0.96322048349640188,-9.9437297697831664,-14.344958098156185,0.44832732497753836,0.3206658604992478,0.3120848221152394,0.3529411764705883,True,5
-0.94102739578082262,0.33705560177610483,-0.029342148887052923,-0.33805990264278413,-0.93326521607405011,0.12137355021340976,0.013525628085730712,0.12413523987008515,0.99217311977662548,-7.611031600725819,15.991321383756407,-7.4050243604611223,,0.3514035603026321,0.1428571428571428,False,2
-0.99480573027672536,-0.048860359472361808,-0.0892985121982698,0.030953330405711278,-0.98092727817791692,0.1918946749215831,-0.096971389313486783,0.18813383586876861,0.97734446816663212,-17.921329303268358,5.1314882351221272,-5.3014376007484447,0.4665287916411827,0.3569202955976815,0.3125,True,5
-0.4817504184866917,-0.82921103504017624,-0.28341770173279257,0.83854064849733601,-0.53013789178773252,0.12571156075925072,-0.25449187630564107,-0.1770956664022561,0.95072131028812867,-16.004450364764583,-8.0975029456105823,-1.6267857925790605,,0.5076828718927696,0.4680851063829787,False,5
-0.70913286169311651,-0.69508711754546526,-0.118256008258651,0.65288361097819936,-0.71066741351861706,0.26209696274247091,-0.26622091387229679,0.1086541595388666,0.95776860390801288,-5.1933667898035045,-3.3644070376798898,-1.8099693493832623,0.6533339305605661,0.5944856982250541,1.0,True,5
-0.89116712308470247,-0.42383015397739154,-0.16183065010199829,0.39587979302425913,-0.90070713796997159,0.17890176378395975,-0.22158598378057343,0.095365885878769971,0.97046638252056572,8.4223463010382851,7.9970484870473886,-3.7161594916860703,,0.2790035830028659,0.3488372093023256,False,5
-0.85698949575440153,0.51187636729354713,-0.059595207634328545,-0.51027202773072267,-0.8267096210478091,0.23700983140487059,0.072051799992739959,0.23352470334709799,0.9696776531633885,-23.644538451060118,-1.8731101759385775,-3.9041290860185911,,0.07604303222574413,0.4166666666666667,False,1
-0.58791551492388916,-0.78652040952621372,-0.18905288336996184,0.75965747132379002,-0.61713454521716926,0.20509870638681194,-0.27798538374116777,-0.023034723751670483,0.96030907937390719,3.3657392078562629,-14.387160897494452,1.5178103979089199,,0.1584740229560901,0.3714285714285714,False,5
-0.56031116688608706,-0.8191754684787399,-0.12248652213769548,0.77695673832260359,-0.57105905626572062,0.26500902066157211,-0.28703592638875813,0.05332078487364135,0.95643466628024632,-2.2737059927531127,5.8679822317597354,-4.0919386017419628,0.5633354327525733,0.5619725908761148,0.9954086317722681,True,5
0.96222226256368704,-0.2514147418281496,-0.10449375588188975,0.26646641651424452,0.79082203587682298,0.55099560473899856,-0.055892452950968702,-0.55802431413256759,0.82794015396041876,-11.693376967460846,13.523354886464483,-7.0914884922418198,,0.4925896380600827,0.1111111111111111,False,3
-0.98671934311273546,-0.11701836706624646,-0.11265717773990497,0.11052661780158138,-0.99192103834485967,0.062261709309958835,-0.11903278827497268,0.048983216084735319,0.9916813197078389,-11.444934651348062,-1.2963661309260459,-2.7807358924079844,,0.3626055537605453,0.1470588235294118,False,3
-0.58686378634593983,0.80836984948515733,0.046141984342389336,-0.78362592007270759,-0.58139417817604455,0.21888633345461778,0.20376779349522245,0.092298407496271467,0.97465875582572126,-11.816520663763768,-18.879419891310803,1.2650116158214184,0.5876500573430353,0.4548247414442631,0.7547169811320755,True,5
0.14834994282661124,0.9888387749932307,-0.01379026951252052,-0.94361130823169481,0.1457103474191202,0.29726451795037462,0.29595606674067443,-0.031086519986741071,0.95469557181046105,9.3609747929008638,3.2280913168483796,-2.3267145106001133,0.3558056346582027,0.3947313729744199,0.7430555555555556,True,3
0.88198935193044081,-0.42760198929364057,-0.19811946354016496,0.46995446057243717,0.76665058785923956,0.43748106373093743,-0.035179369940222111,-0.47896076549880817,0.87713111736125604,-13.876226104969351,4.904545045276663,-4.8009585211823618,,0.3351792275934766,0.5,False,4
-0.28285291967068943,-0.9465454632544279,-0.15506744283126392,0.91035845902096024,-0.31584239757472005,0.26737811425626296,-0.30206241395239691,-0.065538278026763069,0.95103261363138203,8.6231944116485053,9.6528765156207523,-4.1835853071688813,,0.2720909058623696,0.76,False,3
-0.060792960770267489,0.97918954160529537,0.19362865885916222,-0.96359380667570094,-0.10817503492161773,0.24450999479763655,0.26036741665772656,-0.17171488994993958,0.95011725850679285,5.9014780866848984,9.8929137232093378,-4.5245948055612368,,0.392386158550053,0.3571428571428572,False,4
-0.64497067123179908,0.76415044482056282,-0.0093236758491852118,-0.74652021359642462,-0.62738665334605426,0.22157066117875129,0.16346376951102515,0.14986689055217017,0.97509974421772505,-13.474661277834812,11.04493126435413,-6.5531227084648629,0.3587349737272247,0.2685942285589398,0.4651162790697674,True,5
-0.29501904792467376,-0.9497503233454182,-0.10458529852178859,0.9071981309483651,-0.31278313559243365,0.28135077979767065,-0.29992551169483916,-0.011875748154870053,0.95388870107594315,-12.539266210058226,4.0018769487903869,-4.4295123776843317,0.3849383370692939,0.3746868423505313,0.9715639810426541,True,5
-0.98771414844301275,-0.03091767768943884,-0.15318243427947492,0.01204920557298178,-0.99238235729606183,0.1226053570304772,-0.15580621813828124,0.11925331917310608,0.98056262842086905,-7.6878630944580788,-16.505060549325755,1.1125052345987088,0.6865602186668942,0.4187512156140981,0.2622950819672131,True,6
-0.38868619699159679,0.92109673184618102,-0.022446622251350842,-0.89042968745225892,-0.369261854337192,0.26604633926278953,0.23676573225845535,0.123395678667219,0.96369886090748003,4.2277470088659204,4.6765256985975778,-3.1589144508510465,0.4596309673911215,0.3399466200751151,0.9208053691275168,True,5
-0.893349623924377,-0.42999814426408822,-0.13049155284392011,0.41111241948580085,-0.89932692129563552,0.14898881561193655,-0.18141948070344621,0.079452404383738448,0.98019094438733623,-0.15764247483366345,-12.741365761251297,0.97501024978959305,0.4315976481196654,0.3905080722813603,0.7767857142857143,True,6
-0.71369953485986493,0.66639863639308539,0.21574482926422056,-0.68530612384243372,-0.72802521069490744,-0.018297792672713864,0.14487405069532111,-0.16091037880158898,0.97627832067964015,-9.068641243716888,13.026156853108601,-6.6786635291359264,,0.6252151912794196,0.2571428571428571,False,2
-0.97901505936876931,0.19560655356115331,-0.057162835243646661,-0.20242893025190825,-0.96578473087419292,0.16211841908719143,-0.023495568225362917,0.17028778527595531,0.98511422102189616,9.7016060072276424,15.012006918997372,-5.613969955589929,,0.2479823959509674,0.3333333333333333,False,3
0.26089303677706749,-0.81900690350043703,-0.51104062008793927,0.93097707630943205,0.073414720732840832,0.35761985706341964,-0.25537522735688634,-0.56906763288588524,0.78163004193420926,-1.47800022408042,12.06514717216,-5.724054755674846,,0.5308811263586302,0.1304347826086956,False,1
-0.93271536374423269,-0.32207142791324567,-0.16220988119527724,0.31110619936789446,-0.94613330428776143,0.089692269635598926,-0.18235948823773021,0.033192858259633119,0.98267148692237338,4.0178918953188099,1.4990728372522546,-2.354947528309145,,0.1177517353369488,0.2265625,False,1
0.71750008544317423,-0.58508780175704289,-0.37797604636292753,0.68178760569895813,0.47874274445881093,0.55314649537290606,-0.14268597725186702,-0.65458204135399112,0.74240357153809722,9.8459332351951403,-4.7204981937303181,-0.21517091830275101,,0.4714911791772578,0.2121212121212121,False,3
-0.65264234896875695,-0.71882380693573089,-0.23947922439111197,0.70614782286940481,-0.69164281515518133,0.15160959237798122,-0.27461466929016254,-0.070160892430475852,0.95899125782460404,5.8875576303110364,2.4883446123897834,-2.4214132103197423,,0.07681208974089146,0.3333333333333333,False,2
-0.6036568573189186,0.79669333378064855,-0.029633267138875666,-0.77808726617974833,-0.58064518412347932,0.23964844327292667,0.17371990335241777,0.16772269394356781,0.97040738513035862,17.586041923389942,2.0503028156680889,-1.3532939480888106,0.5558389371391376,0.6297725945482331,0.5833333333333334,True,4
0.99415959002682452,0.071113803603475023,-0.081175960078975387,-0.030110819841373173,0.90509639508408946,0.4241389561620893,0.10363420326406428,-0.41921753606311918,0.90195155600009402,-10.894183932714308,5.8005170696886879,-4.8198216223039791,,0.45673303082658,0.3125,False,1
-0.44134057070980381,0.89673486517089829,0.032940586401503796,-0.87358204949743856,-0.43775730960117215,0.21265686136731557,0.20511680438569346,0.065077795580933573,0.97657154222357245,-4.5025279094050799,-16.805106817925608,1.3950574989503661,,0.310987131586664,0.1333333333333333,False,2
0.93867101211485249,0.3448097044544684,-0.0017316839496768904,-0.295229041626969,0.80627259124353434,0.51260542485371641,0.17814753435088798,-0.48065660957013795,0.85862254785280367,-3.6588446427428343,1.9408185650780676,-3.1096585319567707,,0.3954073390198608,0.1731601731601732,False,1
0.82100762777217062,0.56538012393325032,0.079320808122047823,-0.51231677818399413,0.66827894371816987,0.53938369661503272,0.2519483953731082,-0.48347551007693074,0.83831583381489738,2.0188087344683843,5.409425667221929,-3.6086800163749255,,0.419408757825749,0.3869731800766283,False,3
-0.61380614428679003,-0.67382594862238976,-0.41134001531448422,0.73794884752747458,-0.67484294491805707,0.0043009449189244653,-0.2804879955874322,-0.30090794382578268,0.9114718282392954,3.9369429181343523,9.0437934327522953,-4.4675330259276,,0.4160130031362228,0.2105263157894737,False,1
-0.28579687692307226,-0.93357408504815109,-0.21623961909771552,0.90283782220983377,-0.33796086511738582,0.26583137594443662,-0.32125381231733652,-0.11925552974858235,0.93945415358917983,-16.717886082372249,12.124680805114732,-7.1260564337138321,,0.1628936146028094,0.3333333333333333,False,2
-0.33137546959506048,-0.88913850479401546,-0.31563114143461268,0.8941411535495366,-0.40273010994668201,0.19575509207026498,-0.30116755416172836,-0.2173503573380931,0.92847020764548294,-12.485854637604252,8.4454884526811522,-5.7085987501630671,,0.4490312941542835,0.1818181818181818,False,3
-0.99118185340396903,0.12929971479375327,0.028984775950943439,-0.1303594046427404,-0.9907282687409612,-0.038261248525470248,0.023768868375726657,-0.041702293363693688,0.99884731547136141,-15.360080930819837,-17.877841010843976,0.60040947473538997,,0.2761722544512255,0.4545454545454545,False,3
0.03258016408353831,0.98976658366432169,0.13892675325417228,-0.94624010040972162,-0.014211337403902735,0.32315276614287403,0.32182014431183192,-0.14198643509380884,0.93609382380424988,11.603154920670793,3.2672011824806191,-2.1550667086272504,,0.5057376688408037,0.5476190476190477,False,2
0.89881064623179163,0.43829524469766812,0.0060581099198697697,-0.3887562521554036,0.79068400342074441,0.47295600550646238,0.20250431756008086,-0.42745302105606403,0.88106521674594029,-16.241536101800691,6.0537374799715558,-5.3714953182120659,,0.8169068698660937,0.4303797468354431,False,1
-0.54564116115762151,-0.76259477097026329,-0.347454944617823,0.78672571584960094,-0.60896828254433688,0.10109539492941227,-0.28868386042779676,-0.21818993135296755,0.93223107789039739,-9.0934748067129565,5.9952402782414156,-4.7185712869660259,,0.7497055986882897,0.2307692307692308,False,1
0.64738508948933071,-0.65043001951942092,-0.39728243809015251,0.74463274546590374,0.42861689347964393,0.51167336554072185,-0.16252575268799946,-0.62707922014034578,0.76181167711014652,11.772402759127882,2.6326489325662346,-2.0101205909788522,,0.1360557122874921,0.5,False,1
-0.77460964339622562,0.62962144434369838,-0.059638386800180639,-0.62155492158447445,-0.74046592852345317,0.25569452115760816,0.11683056026438694,0.23513197468327429,0.9649163563075579,-16.3860127772734,0.79224042972960085,-3.9532448845846173,0.2931046037717902,0.2861482742464468,0.9047619047619048,True,3
-0.8539859671693496,0.51807706033983658,0.048001327351071779,-0.51505019661415896,-0.85483813742464443,0.063048027503499693,0.073697102015939042,0.029119037655785725,0.99685546535114811,12.197568037322823,1.8268808855146745,-1.7204354317328865,,0.1472718824812581,0.1538461538461539,False,2
0.80353416553169477,-0.56986651974618951,-0.17200289095143179,0.58317106785247197,0.69570109580898376,0.41941803836982006,-0.11934969812735878,-0.43732383306029216,0.89134926633411404,-19.723372217519373,-0.086255832799785437,-4.0221384443275916,,0.288218896874781,0.3125,False,2
0.35555301504332271,-0.91107706915672471,-0.2086159810522551,0.91181642098843962,0.28907289974348799,0.29159504976889261,-0.20536033674844401,-0.29389697632109707,0.93351577351423576,2.0715956860948026,-12.225492813683827,1.0008371861484406,,0.3978383125742711,0.36,False,3
-0.92522237529055462,-0.36475577545890697,-0.10448339835148969,0.32709286778459501,-0.90632685614100794,0.26754791287170765,-0.19228575637876599,0.21336554104852268,0.95786289926425139,11.586278251222989,0.25883778215425468,-1.4508421679306107,,0.3110171616603373,0.7719298245614035,False,3
0.29773647197556102,-0.92060116394641345,-0.25267863027184445,0.92159067742720491,0.20812612303044831,0.32764941658971503,-0.24904541058773186,-0.3304194513838799,0.91038418791868558,-8.7820649561067121,8.8091372195746018,-5.4557135325182511,,0.4832825431085108,0.125,False,1
-0.35747019823345755,0.93361657518977392,-0.023982241468418,-0.90313978315510146,-0.33903421470253936,0.26342804206004389,0.23780998603399423,0.1158269907748158,0.96438089920454251,-0.19356499387981399,7.0688549148147262,-4.2275709337658256,,0.07138611663267476,0.2745098039215687,False,1
-0.70768853998148662,0.70652309865708629,-0.0014287906988492971,-0.69230387411933147,-0.69303932650194766,0.20102695789642733,0.14103998106294874,0.14325363166676153,0.97958466747701145,-10.53487600287006,0.49099073926612946,-3.2459404380595727,,0.1261084249584979,0.1818181818181818,False,1
0.47505319892199466,-0.77496862614256501,-0.41683100495126946,0.85492221169988147,0.29428394109806327,0.42720600879900428,-0.208404582809887,-0.55930366573668822,0.80233841946982709,-0.32401901795143928,8.4653806670349141,-4.6940515431825407,0.7400056912176458,0.6738453097034605,0.4558823529411765,True,2
0.59971306566392146,0.76547793872485115,0.23321184403356121,-0.74873138668694372,0.4339239104721207,0.50111011814812656,0.28239254498273725,-0.47513531256489039,0.83336719715383356,-10.396337794843655,-19.083852194701414,1.3770179012325106,,0.1586058698737051,0.2,False,1
-0.083114109166738642,-0.95995720287556796,-0.26753357453735888,0.95204844050578596,-0.15580944360447685,0.26330055870462138,-0.29444152524384515,-0.23282093104139157,0.92687572105493166,5.6431439852478391,-16.467139549006657,2.0751937237416618,,0.1530879300659346,0.2857142857142857,False,1
0.61439362330386704,0.75649568064103778,0.22413112415503439,-0.73749095657769537,0.44966847670662352,0.50389021624006591,0.28040607092155095,-0.47488161285503344,0.83418216785216659,9.7837274919954655,-11.306676081728542,1.3808827012742337,,0.5721492566396866,0.2307692307692308,False,1
-0.96634620933033477,-0.21271824958255212,-0.14465804508366892,0.20609119756264518,-0.97672059879669593,0.059525542193408221,-0.15395266155571463,0.027709532308568541,0.98768960702193931,-12.693356333733849,-21.759100229904675,1.7355502950469957,,0.2679740727647656,0.5555555555555556,False,1
0.93535526842442851,0.3475967629967015,-0.065475279189032315,-0.30417357280352147,0.88493552619643512,0.35265783995734545,0.18052412425658676,-0.30994451895404573,0.93345885593942446,-22.609858187687951,12.158428852787983,-7.7592592353831442,,0.3613869740320076,0.5882352941176471,False,1
-0.39941925712668852,-0.8574826596937668,-0.32432660291883059,0.86669360945265972,-0.46850375619418383,0.17130796177020358,-0.29884183838660378,-0.21266809529509895,0.93030416363320134,-21.83562617002465,-4.5363534607782592,-3.0395913527240923,,0.3699445995871117,0.2142857142857143,False,1
0.9846085774394755,0.16009608936120659,-0.070108426054652728,-0.11779317692894012,0.90421254707274235,0.41051728000805343,0.12911512963862737,-0.39594054084858726,0.90915365665597392,1.6619510653134137,1.4738066420153992,-2.5540326105328988,,0.2007548487076777,0.2520325203252032,False,1
0.97455949103820905,0.21341637250565654,-0.068463496652417674,-0.17148225656438518,0.90669182885320754,0.3853618600412006,0.14431782326149142,-0.36381778328904485,0.92022224840073952,-8.6626110854871854,-15.381333672084613,0.78312815629721055,,0.649885411637815,0.5333333333333333,False,1
-0.84039117988563383,0.54008970721695704,0.045230221409304702,-0.53584380335892867,-0.84050022205470776,0.080192238575971936,0.081327013791673203,0.043156516127802962,0.99575269617683726,2.2162862267165861,7.6212928139916913,-4.1733472378298462,,0.2813409987638879,0.1851851851851852,False,1
