axis_00,axis_01,axis_02,axis_10,axis_11,axis_12,axis_20,axis_21,axis_22,location_x,location_y,location_z,dbh,dbh_approximation,score,reconstructed,number_clusters
0.35494768664124066,-0.8980480767553628,-0.25984955567410273,0.91814843326892981,0.28249760188170203,0.27784628739088801,-0.17611244769704468,-0.33720135937905749,0.92481330494271874,6.8951331965412086,21.160633830072193,-5.6543933012978531,,0.3802390608811283,0.24,False,3
0.22185829483401087,-0.8971591129824904,-0.38194819413869996,0.94961359096647713,0.1098616967509897,0.29353779218142229,-0.22138862858126956,-0.42782699024192317,0.87632821565634877,18.380622436143391,0.84359043731208838,-2.0361962025189948,,0.4422847600987629,0.3043478260869565,False,3
0.98355952388608792,0.17608620839522543,0.04005384108877668,-0.16818185825470156,0.81241338226371507,0.55830041991102441,0.065768727576008032,-0.55585802461763933,0.82867142519891968,-10.473640716553925,1.8040016614034011,-3.1154424065578574,,0.5315692495574531,0.25,False,2
-0.96644220580588147,-0.24785788275031259,-0.067497650296835077,0.25054693929103128,-0.96748308481563883,-0.034680135632824349,-0.056707089935543749,-0.050427676469842253,0.99711652047135102,6.6516351271226162,-10.906492009255391,-0.91649142318155508,,0.3295097626425701,0.2592592592592592,False,1
0.38745805594991528,0.89725432944560135,0.21168590687770761,-0.90289214108953275,0.32296217759264101,0.28369211022405999,0.18617743267719902,-0.30104833521503599,0.9352581800903873,-1.4149566537724649,21.717869191738252,-5.8178151990237552,,0.4076961087151802,0.5,False,3
-0.55000670472803237,-0.83162186721174935,-0.076796449979499665,0.82004995629358979,-0.55518015830382361,0.13889946367291081,-0.15814769659116695,0.013418710854037168,0.98732428525886229,-5.8248108216737373,2.5573426948620335,-3.2067440390530386,,0.1392425378890201,0.2444444444444444,False,4
-0.72062900134070196,-0.6537790037563096,-0.23079613661001736,0.69159189795418041,-0.70132959384365789,-0.17273519468604195,-0.048933517253896178,-0.2840947290016082,0.95754670687265453,14.533735920705629,11.112756297080686,-3.8424042979606354,,0.2940236270778201,0.5,False,2
-0.88909371881068711,-0.45652232194982872,-0.033162158146308809,0.44841062535535364,-0.88325354380518151,0.13708059098212999,-0.091870943392371826,0.10700722834054925,0.99000463778866687,7.1103878257658195,10.436970603194018,-3.8976128092342313,0.3105578165734644,0.2889067497963435,0.9758064516129032,True,5
-0.16010497985402788,-0.91506895340448147,-0.37015565096479197,0.97907822226106134,-0.19492548781816799,0.058394253937947407,-0.12558753966879657,-0.35306212585616836,0.92713262544571362,10.170481990991396,-11.19059982157885,-0.80667431988580951,,0.3344542330990955,0.1428571428571428,False,2
-0.82339495954423036,-0.55848223778182104,-0.10058991340768494,0.55468689119575765,-0.82951344388828174,0.065037674806141241,-0.11976307165709288,-0.0022442127379058083,0.99279996483503474,-7.9278428808062396,-2.823709860779037,-2.4914080517832851,,0.2731137809004092,0.3636363636363636,False,2
0.77804695715473715,-0.61718145351723463,-0.11717502249459488,0.62155172588677721,0.72921884403170134,0.28620504809705644,-0.091194213135614183,-0.29551130425657729,0.95097670031770676,-14.614697953111603,7.3049916690841723,-3.8127531355866409,0.5574020170208185,0.5349833233967813,0.4222222222222222,True,4
0.45608824133800402,-0.88828568428426624,-0.054148492212069389,0.87623129008367573,0.43759685462960124,0.20181109755555646,-0.15557069901335918,-0.13949027175367348,0.97792649094631967,12.332349580302427,-17.476261783115028,-0.015588172746658193,0.443437210910088,0.4295268600697721,0.9056603773584906,True,3
-0.84373890587473854,-0.52398249737190328,-0.11639158543984957,0.53031540051706449,-0.84726890006417144,-0.030016444800704312,-0.082886878863447519,-0.087050292543745827,0.99274972267954997,1.7832102791236089,10.629454079426155,-4.0442135645335968,,0.4027844325282362,0.3214285714285715,False,6
-0.69477546560404468,-0.71198959681514262,-0.10177360375703585,0.70608804323641061,-0.70214379856427978,0.091835512392003271,-0.1368456341768354,-0.0080560638487831536,0.99055962578837464,3.4117495172245373,-31.797159110906183,1.7448769211268071,,0.4922327808257908,0.8928571428571429,True,4
-0.9357294144538616,-0.35104725294838279,-0.034297071642156229,0.34550628141635231,-0.93181525505518514,0.11111138532249738,-0.070963881148633751,0.092120337840426267,0.99321597395958561,11.306121507511493,-9.6630281608164452,-0.9742183841938219,0.2627410119703784,0.3002806799831946,0.7155172413793104,True,5
-0.97435194269785497,-0.21586684752190138,-0.063559388778289053,0.22492964271006036,-0.94267864422668068,-0.24650279825849811,-0.0067042964760047966,-0.25447687097239563,0.96705562122809574,14.237248497232898,11.745743280416498,-3.9349518165165076,,0.5558365478362631,0.2727272727272727,False,3
-0.84918684424369895,0.52725919743354221,0.029655392176894106,-0.52127406955882494,-0.84589467626243908,0.11285185455474694,0.08458751662633221,0.080373723271981931,0.99316917825634787,6.3750717619711228,18.195145455333346,-5.1659040669132086,,0.2457963918153615,0.9122807017543859,True,5
0.12470368389082034,0.96552537902946134,0.22849449375001307,-0.97566326689144689,0.077467462174083651,0.20513405846669708,0.18036125100134373,-0.24851465702111694,0.95168812348526688,-4.1926116825697743,10.95040087319571,-4.2031508940380373,,0.1194679297493792,0.2916666666666667,False,3
-0.3165999365407039,-0.93118386817594945,-0.18072377771422521,0.93379509822563544,-0.33944728195573526,0.11314706051259976,-0.1667069126107269,-0.13293662558430644,0.97700391957558685,-5.0816216236959226,24.643178589741883,-6.3745978042649245,,0.2178506442359446,0.3478260869565217,True,5
0.11572343767688607,0.99221353848580407,0.046047584276740744,-0.97646697613370259,0.10514818352469602,0.1882979129511525,0.18198991865635533,-0.066754427171061254,0.9810318628671123,10.463219612057772,20.019093173356445,-5.4077319332673888,0.2338843948159327,0.2046442772382372,0.3181818181818182,True,4
-0.74488679887363385,-0.66628873174565217,-0.034684042621354952,0.65522682306190305,-0.74034098301789009,0.15024326675198849,-0.1257834138668345,0.08918831096547214,0.988040473858804,-4.1896700806901643,-24.6058825036088,0.4761085072112059,0.4667335213980152,0.4944592058415999,0.9259259259259259,True,4
-0.75455801952047252,-0.63712869849344522,-0.15719165605524213,0.63311896134592094,-0.76980139065725273,0.081032090719793545,-0.17263422592754696,-0.038377604122809467,0.98423807259229135,-6.9622944230849386,-5.5940682833668784,-2.1726507881311785,,0.3411964680814984,0.1891891891891892,False,2
0.58984493246768321,-0.77527288517938886,-0.22590907274348457,0.79564596956836908,0.51017621092600929,0.32660025247202551,-0.13795088528822474,-0.37238714708057102,0.91776759908889172,-9.0065715557587556,16.928120106550658,-5.1284322547348298,,0.3407014082843843,0.1282051282051282,False,4
-0.78715473956282955,0.61510724546386608,0.045060987135541804,-0.60836122932170933,-0.78637925464697545,0.10725801843706698,0.10141020975204112,0.057015300040626764,0.99320955740433969,13.052280594846049,3.4710484973458442,-2.5778676441345181,,0.2902823965563497,0.8324022346368715,False,5
-0.95600770196178397,0.28530508755704093,0.068192967407338628,-0.28339439281258932,-0.95831146012775292,0.036424765067173737,0.075742272953305587,0.015496851353875131,0.99700699881494481,11.328070012299762,-12.559067849200922,-0.58884463036721402,0.3376623189917739,0.3494280428494611,0.66,True,6
0.68311943562884292,-0.67830121225411022,-0.27065716713350307,0.71866382504199844,0.55844656116249547,0.41431841004447834,-0.12988511555267776,-0.47754047344741901,0.86895624341935651,13.549752312780608,7.3660156126631762,-3.1965930365781214,,0.5661653400679673,0.6444444444444445,False,3
-0.57480425654472289,-0.805320965843773,-0.14511446733706404,0.80703188333463549,-0.58722681945691535,0.062162704187201739,-0.13527603608702668,-0.081380614908999241,0.98746017113482265,3.2350749165857047,11.539019873482196,-4.154496000925886,,0.1846064456742917,0.3303571428571428,True,5
-0.67062480428985893,-0.73894556573186754,-0.064975555068042604,0.72594941707486471,-0.67178418449881616,0.14732091944434206,-0.152511690436681,0.051628096444402631,0.98695223994764558,8.8854695471239271,10.621834721603307,-3.8753239443140242,0.2916857199222697,0.2449882340388792,0.9671052631578947,True,4
0.88554969062794231,-0.46062956367520502,-0.06018430440858144,0.45536139898511296,0.83509519228927509,0.30864545376476588,-0.09191159743511923,-0.30072649514754707,0.9492712117056934,11.726431169745567,5.6676743245138574,-2.9530854040171692,,0.1920213518341974,0.2727272727272727,False,4
0.14837914298364871,0.94741901575232168,0.28351514689402113,-0.95878162911425269,0.067567636662675748,0.27599348207673102,0.24232502470949238,-0.31278079075723492,0.91839357539827171,-2.4180053899143932,14.166803919737113,-4.6583377516437725,,0.493802354063519,0.2083333333333333,False,2
-0.67137448884314954,-0.73449450644699754,-0.098864127618574771,0.7277811786648174,-0.67859365660181015,0.099223007417809483,-0.13996732372896734,-0.0053356554393033592,0.99014174695807289,9.8443175519825132,9.4444436330516375,-3.6322844960448863,0.1434417572612346,0.1035645176134756,0.3142857142857143,True,5
0.078340465057427741,0.9493900127658832,0.30417326508912967,-0.98697574330795734,0.030858489970249647,0.1578817143258224,0.14050499512932105,-0.31258016133010103,0.93944238199399821,-3.0353038691587866,-19.691291326948743,-0.17571989183653811,,0.411778394158883,0.15,False,5
-0.99509263359774469,0.098104244548843131,-0.012892158896221625,-0.096884377589935983,-0.99250567718676896,-0.074470787098324526,-0.020101441204932721,-0.07285628286931764,0.99713985684454043,-5.8078122364110509,18.303142542902055,-5.3306998181488217,,0.237473900946747,0.2727272727272727,False,2
-0.78361567178439795,-0.61727633180734121,-0.070117110068508931,0.60924964507457624,-0.78564659015328497,0.10758394562860382,-0.12149629175571164,0.04158564140408047,0.99172036659464724,8.8154688810479378,3.6521244289317329,-2.7421328275633092,0.6534015115269045,0.6420081331770497,0.8857938718662952,True,5
0.91330724375426786,0.40678546802287113,0.019886214104136872,-0.39871547155394982,0.88309850276251389,0.24731155889306405,0.083041262330802862,-0.23380037943514939,0.96873191922558555,10.876478323090142,8.2877985209713501,-3.4121219339298183,,0.906353457646127,0.831858407079646,False,1
-0.99866451279225321,0.04473521576799936,0.025844754972767892,-0.047963631577000093,-0.98870588758382305,-0.14198647084504382,0.019201065995347107,-0.14303645803526879,0.9895311469263447,-3.20498583884758,24.735233379348767,-6.3647866075929826,,0.3852467930083083,0.2222222222222222,False,3
-0.98602331898605344,0.16354920731144693,0.031775323814652888,-0.16660574146341284,-0.96875717787301763,-0.18371732969683313,0.00073574938339158319,-0.18644352256730642,0.98246540476779165,-5.0114761203869209,13.068446266871787,-4.5444755982165077,,0.4868184451570186,0.1111111111111111,False,3
-0.55750083403441975,0.80643715538101124,0.19710894061891376,-0.81946698332864187,-0.57258664620839284,0.024867565584144685,0.13291607609760131,-0.14766058040251925,0.9800661557823579,17.372512738234956,-1.0517699403452334,-1.7892890168983571,,0.5330752303244773,0.2352941176470588,False,3
-0.99191723488629779,-0.12117918624793546,-0.037627170446484434,0.12253652465956054,-0.9918057472029892,-0.03614083479219829,-0.032939326949370067,-0.040459419612845035,0.99863809065382347,-10.043526476539988,-1.6487279032353741,-2.6836664686370399,,0.5943658836849082,0.4509803921568628,False,2
0.85485384595103253,-0.5128582314923813,-0.078748564769366369,0.50084146594196355,0.77593628378139223,0.38351102918250957,-0.13558291948410445,-0.36728642488122221,0.92017278488452214,-5.5365724716098814,20.266764215435959,-5.6340382544754988,,0.263634791124036,0.35,False,4
-0.56704795613353132,0.79763075435060848,0.20552808849124105,-0.80195149242025365,-0.59156386505000436,0.083222577297435277,0.187963877512973,-0.11763236493915719,0.97510625445082044,15.851004452651885,15.458206944105076,-4.5579416389280354,,0.2718826968833345,0.3333333333333333,False,2
-0.91321456995732775,-0.4032177560852348,-0.05877576367211193,0.39508117948792015,-0.91148003600437388,0.11452076484157085,-0.09974974101262421,0.081360832979098172,0.99168059576905132,18.489119446924587,-3.6653194375115925,-1.4170960179129315,0.5390391205617423,0.3271747372309907,0.4558823529411765,True,5
0.99246170808999323,-0.10739812564899895,-0.059037281290517198,0.12193123736746805,0.81674681493208146,0.56396579120753376,-0.012350357449564545,-0.56691294120471725,0.8236851253758839,2.0537427700127111,-22.623358807448856,0.43149808460289357,,0.6283638291496784,0.3928571428571428,False,2
0.58270090291794074,-0.80041935835503764,-0.1406716336335328,0.80072746476332346,0.53587386517925484,0.26772136222488246,-0.13890710893369571,-0.26864112006235386,0.95317194865319377,-7.9711405750814297,28.002247629206025,-6.9958771161123519,,0.1765657555809536,0.1666666666666667,False,1
-0.80991773773021392,0.56299288061987918,0.16453654451611027,-0.5810926490233711,-0.80832847252403173,-0.09453260685057896,0.079778389059775856,-0.17217461159617894,0.98183059219028757,11.845111797440975,1.5695542611791857,-2.3253259462348081,,0.3498017074039713,0.36,False,4
-0.96114232637343577,0.2687898169322479,0.062908368020382605,-0.27333701777568281,-0.95853404110021156,-0.080618650234254796,0.038630339979806472,-0.09468118274306446,0.99475784513992049,15.768051930688307,8.4561064060875193,-3.3375618383221175,,0.279136873878682,0.3157894736842105,False,1
-0.28566287405842611,-0.88452259121460108,-0.36880415943381961,0.94294931738142418,-0.3281021819080564,0.056529134763217984,-0.17100674616688394,-0.33161535528105335,0.92778658586295282,15.918438138600418,4.6349667810462787,-2.6811027662323474,,0.4814902655674801,0.2580645161290323,False,4
0.14190613851345343,-0.95424482473820282,-0.26320992061956328,0.97419188243124777,0.087477229086894204,0.20808149988968477,-0.17553581986951386,-0.28594501018838436,0.94203111789956373,17.20003771324977,5.0734239804487959,-2.783023565891098,,0.09225241981312476,0.25,False,1
-0.56063125396807401,-0.80462631085794778,-0.19562488836882547,0.81464841483819495,-0.57829033203283875,0.043911867176961453,-0.14846062533817778,-0.13474714005306299,0.97969518268271538,2.0407597747749113,8.3747305635328679,-3.7189785495569501,0.5692975101457262,0.5454022078271173,0.9484126984126984,True,5
0.37918053267420981,-0.84828113915004499,-0.3696501489289617,0.9143277546202957,0.28207980446689201,0.29057828728748353,-0.1422212388214566,-0.44816302042250322,0.88256615976020081,1.3062424847989456,18.216120548806973,-5.2443428206306253,0.2179978250244613,0.4696921341883931,0.4329896907216495,True,3
-0.6604574290265004,0.74512808751191706,0.092628924448778516,-0.73984872727410589,-0.6668507976617819,0.089072298773132691,0.12813994379033533,-0.0097029304170146331,0.99170863056985226,-4.4780785157202843,0.38711973122147464,-2.8077301739813763,0.7153107723420601,0.7500156608011613,0.3976190476190476,True,2
0.96686025642253526,-0.25216343295750776,-0.039935543437312503,0.2529163487462377,0.92466703187610022,0.28464750253307064,-0.03485061100498113,-0.28531470912052087,0.95780005829612047,21.25756002793721,-5.2597948081682881,-1.1200300900805293,,0.1603294866497024,0.4166666666666667,False,1
-0.28896029758169028,-0.95355105194878909,-0.08510192564718877,0.94235738448805684,-0.2989775991376214,0.15024964264427831,-0.16871427421036603,-0.036780246617748612,0.9849785313073619,3.1105489079629285,-10.618507981222573,-1.1489427926724036,0.3254747433540081,0.4004208907458224,0.8211382113821138,True,4
0.24204860813679252,0.88340554317604458,0.40125692216443815,-0.95468103972041751,0.14302007347001999,0.26101603587322331,0.17319521845993083,-0.44625094383145741,0.877988332173127,15.219223368354166,13.411169349086011,-4.2048499044768484,,0.47601930645463,0.2727272727272727,False,2
-0.85338483444234725,0.49855805230727129,0.15223072233746554,-0.51700410524505824,-0.84682129083433844,-0.1249017876149911,0.066641424831429957,-0.18529319973826283,0.98042100682675704,-3.8257222988422668,-30.961631098716207,1.4340238555683364,,0.413745348865681,0.1052631578947368,False,3
-0.99707866104516241,-0.063868348380290124,-0.041892454733054411,0.063857728875348269,-0.99795774102696544,0.0015929806148973769,-0.041908640532348711,-0.0010868300376932873,0.99912085587740596,11.728059244703388,12.398355867130437,-4.1015041389872788,,0.2530358354981667,0.2,False,3
-0.57438599492485942,-0.73943729767245991,-0.3511598092678454,0.80305065833780531,-0.59217919036943323,-0.066584132018224634,-0.15871474089509496,-0.32024410892981753,0.93394504212954099,9.6813412158779339,6.3711437251673759,-3.1267067386454208,,0.2591183146441885,0.3214285714285715,False,3
-0.33266155840448353,-0.84740965529243806,-0.41380329104183367,0.92714461331685927,-0.37412529044638332,0.020811848691105805,-0.17245043797402362,-0.37673219024336307,0.91012839933550382,19.98578059884229,-6.1406961982831403,-1.0083892927766469,,0.09578765465529418,0.3333333333333333,False,1
-0.98120070484436639,-0.18526954593049091,-0.054040467833181116,0.18756831663872173,-0.98139206071055085,-0.041082231775009775,-0.045423599661800623,-0.05044619435605785,0.99769327855245971,-12.939478814394784,8.0179341977435676,-3.9172465104398544,,0.4945510825144956,0.2857142857142857,False,1
-0.25136952106008709,-0.89913495975069302,-0.35828715862579097,0.95196323889047918,-0.29654956969577567,0.076317393262609806,-0.17486953903745478,-0.32189233738529816,0.93048695178893204,-8.019330491499943,-4.2761161901530427,-2.3243044526912691,,0.498707562163716,0.225,False,2
0.80669746571513001,0.57306043377003124,0.14436390842620683,-0.57972065533705652,0.719947778218333,0.38157457778796,0.11473081793642248,-0.3915059844827275,0.91299501834886798,10.638713881131281,7.173588620354967,-3.2506951684212901,,0.2835940633176493,0.2777777777777778,False,1
-0.40073814776909805,0.89286234897456673,0.20544041157039294,-0.90413690400758584,-0.42165110124708194,0.068897079972241884,0.14813978444081433,-0.15813656946052354,0.97624148122536092,-17.91038058820374,4.8000579534541012,-3.5324058524586417,,0.5990218155643605,0.2380952380952381,False,2
-0.9958174852009104,0.089883335977545845,0.016386643392759366,-0.091221830903236864,-0.98816787261908723,-0.12329976922171684,0.0051101599578811732,-0.12427888572486859,0.9922341683434357,15.241787640656399,7.3262379674525189,-3.1332085213768903,,0.09291117088047376,0.5,False,1
0.3956265278047737,-0.89088444523078159,-0.22316934319700077,0.88792991367785046,0.30894773576201806,0.34078111004509493,-0.23464892689544425,-0.33298078294905287,0.91327086852338168,23.133432747065285,-17.043856281442654,0.46908045058867487,,0.4092614405719693,1.0,False,2
0.84931937423210568,-0.51513173186880934,-0.11530784611562642,0.49848887378076051,0.7107947395760893,0.49626573618148184,-0.17368201769547995,-0.47896778285475539,0.86047918029225234,15.516760555550853,0.17130085984846827,-2.0235237362566054,,0.5117704459186968,0.1578947368421053,False,3
0.84855097399744206,0.49106756376584881,0.19701241672815051,-0.51876645451884407,0.69885870675803319,0.4924204236772044,0.10412785503380198,-0.52004726304977633,0.84776661529013764,1.7697553086230045,-11.461906291080869,-1.094544189178235,,0.6712949929080178,0.2173913043478261,False,1
0.99775124256365866,0.065362954982614949,-0.014837185670339911,-0.057179297647740553,0.94555759468784351,0.32039251403341429,0.034971215065916453,-0.31882364912923428,0.94716867287338669,10.822146178725708,-8.3665434233820406,-1.1100345993681455,,0.5870785591526277,0.6097560975609756,False,2
0.95031731374501327,0.29608762433848868,-0.096068318971714139,-0.21797731330381226,0.85330192107056879,0.47366836751268004,0.22222262279370356,-0.42919453655756801,0.87544797430105492,6.0192988298780747,-8.425083541261877,-1.2628083661302381,,0.4709926613325641,0.2352941176470588,False,2
0.47464259600515379,-0.84575627542849829,-0.24374316119801659,0.86973946847288996,0.40814704561275122,0.27743331836331059,-0.13515791888743936,-0.34367471791055099,0.92931158673026337,10.211261318331456,-13.112457275555409,-0.55973834218639706,,0.3639961215808233,0.2,False,2
0.24705194622301677,0.90497477251590952,0.34638994930164768,-0.96090075750315895,0.1826706850088845,0.20808929590020059,0.12504027390115499,-0.38425523021575581,0.91472009268112231,-16.802683056221394,5.6815036288616856,-3.6526098343346387,,0.3621410550299213,0.2,False,3
0.57713542525655614,-0.75594583582409913,-0.30896697916466398,0.78796355040685817,0.41607853864052724,0.45386351793571394,-0.21454170723696767,-0.50539543229333517,0.83579142904966408,-12.573994298569655,25.499260468899134,-6.6135619864102893,,0.1851452608107262,0.5714285714285714,False,2
0.0036537175509748876,0.97620827018878953,0.21680420559359331,-0.98384776079211822,-0.035292725830035898,0.17549360982047468,0.1789699246588454,-0.21394353628585577,0.9603113710402007,-5.8285218786566553,-7.4565352221852761,-1.8833632519495784,,0.5975266289117932,0.2258064516129032,False,1
-0.88878422663620171,0.42417743187362744,0.17359753676761408,-0.45262394021296881,-0.87189009870192158,-0.18692036949364532,0.072070571170041509,-0.24470627714598581,0.96691502765060811,19.689241699021498,-2.5400578959160072,-1.5011335344915371,,0.1244600609933373,1.0,False,1
-0.89568867719205592,0.39655666112473936,0.20120787277724833,-0.43875078292557457,-0.86175427704456897,-0.25471025985929502,0.072384694736816441,-0.31642120743242352,0.94585309401347673,-15.39320850507009,13.233338098751375,-4.6422825701400559,,0.492380163322288,0.4375,False,3
-0.21094072668282379,0.9726369170448308,0.097372672901842622,-0.96214893933309908,-0.22417961130143574,0.15496102870376757,0.17254978518304495,-0.060999421950245963,0.98311018820629703,2.1984726261161969,-5.3530628383235364,-1.8357436010021986,,0.6319136234088829,0.1818181818181818,False,1
0.35293109476669382,0.86215002518546036,0.36350650120663974,-0.90971708209211055,0.22535972966409479,0.34875180687064838,0.21875665223393517,-0.45377343059993713,0.86384906134403183,-3.2237497734851774,-13.484847106229081,-1.0474416781082743,,0.6889227461514024,0.391304347826087,False,3
0.33842764000177333,0.90690734001553164,0.25096973743617568,-0.94074395243298481,0.31995421154980258,0.11238379986595076,0.021622868533014691,-0.27413204689984166,0.96144894426012384,12.467528038770068,-12.906585984927545,-0.50817207584635238,,0.4704765616454254,0.3846153846153846,False,2
-0.16729305878437886,0.98016982710819545,0.10620801527784042,-0.97023933119478212,-0.18280533654119052,0.15880128820247488,0.17506762317821595,-0.076480840468405309,0.98158138142284357,2.6356834059331047,19.045377514811815,-5.3614282499517429,,0.1321302796783145,0.3571428571428572,False,2
-0.79273946677768914,-0.59522441520439306,-0.13142310815687377,0.59795131957831349,-0.80123025467725439,0.022006780872626253,-0.11839914369444851,-0.061138977211026874,0.99108206937569532,-2.7841408147946574,-5.1309747483087804,-2.0044212490741584,0.601296159431558,0.351085803220104,0.2777777777777778,True,3
-0.93831978204565469,0.33795503464283649,0.073091594464448545,-0.33678628325387522,-0.94116056069342791,0.028138912688200735,0.078300613240489661,0.001787051983813074,0.99692819220411832,2.7857186609991063,-17.13376063878837,-0.3150198675770145,,0.2168818608436155,0.1764705882352941,False,2
0.62393929299159667,-0.71602746378020055,-0.31305659196643892,0.77009593033494106,0.49525692560494222,0.4020856074543131,-0.13286089245037355,-0.49196061707502114,0.86042009187632051,-0.11843130209073389,25.555451680426344,-6.4586171033569464,,0.5287098625695462,0.125,False,1
0.97270255243311876,-0.21188462682475431,-0.094629009322877766,0.23002638432845243,0.82657825112624672,0.51366940465425182,-0.030620369084546274,-0.52141470988111649,0.85275382925948551,19.440106528140436,1.0777580251483925,-2.0236903971697888,,0.6542467568721002,0.2083333333333333,False,1
0.59466538883983011,0.74827714389568356,0.2940312759542632,-0.78976390080792314,0.47523204968823513,0.38784981620438075,0.15048606678568821,-0.4628561492218044,0.87356632766547038,2.2778989912652809,-13.177325496034051,-0.88137189658018777,,0.5346218555440685,0.16,False,1
0.68533836673909443,-0.7269907463537203,-0.042376618452286227,0.71772427763084967,0.6644652674532282,0.20822528580262456,-0.12322006482170499,-0.17311950515285718,0.97716244942228736,2.7375900059373048,14.135541276246956,-4.606634330314856,,0.1151571717685563,0.9285714285714286,False,2
0.81403587143334222,-0.54590246264544218,-0.19833330859288523,0.57302110237796922,0.69908691839706694,0.42769650075214499,-0.094828351505739455,-0.46180946482692853,0.88189545976094563,5.3245955620126457,-5.6001109414697003,-1.7311209143916568,,0.679680828824982,0.4829931972789115,False,1
0.98411733627886033,-0.15411951098662377,-0.088092251467677171,0.17711753220445151,0.88582646140828947,0.42888327089625833,0.011935167414226688,-0.43767414431527951,0.89905444505696208,-3.658768868170954,-14.809056448281176,-0.86511040512946247,,0.4449879721475258,0.2857142857142857,False,2
0.28839311594584965,-0.95455740894667684,-0.075163579611741776,0.94263930016678599,0.26925557280893408,0.19731342147052558,-0.168108775666579,-0.12775597651906437,0.97745478156666876,-1.6142845473002825,-14.947805706666793,-0.76299382797284121,,0.1425756034286535,0.1304347826086956,False,1
-0.60160080939799865,-0.79299651250752823,-0.096088486732644765,0.79017798181088661,-0.60841143595288127,0.073853108688980554,-0.11702659181974887,-0.031496916557814301,0.99262919615252232,-3.2479207200291,-41.282597208227749,2.9400185464818325,,0.295935431812034,0.6956521739130435,False,2
-0.38415830431401415,-0.87560545968705206,-0.29280962448800707,0.90757757306267783,-0.41635446350777133,0.054331478820440607,-0.16948553360166543,-0.24487555958768611,0.95462590275792147,-15.43401715634057,10.759462714863044,-4.3603176402203783,,0.329398606331045,0.2857142857142857,False,1
0.98403771554578778,-0.17378467984216836,-0.038323092719449663,0.17674043984597948,0.92919598544400961,0.32458841254392712,-0.02079882944971289,-0.32618048023585344,0.94507867556443714,1.3090442203366521,0.34426365111725982,-2.5710166586258154,,0.5852513022443093,0.3137254901960784,False,1
-0.38752306334280229,0.88525094131183801,0.2572093433060213,-0.90775894356776754,-0.41505559561879668,0.060848606543259381,0.1606224634045342,-0.20990384334744844,0.96443807514937341,12.992401519887997,0.57591145785375608,-2.161851566674136,,0.5503669901954001,0.358974358974359,False,1
0.0057978376549487143,0.99354654158332012,0.1132768943180885,-0.98383343890456676,-0.014608857873848096,0.17848906343201223,0.17899203773280548,-0.11248044709835678,0.9773996109313795,6.9132831311713376,-7.5766524365268015,-1.3510976396500032,,0.1876267695256557,0.103448275862069,False,1
0.99294034153763444,0.10885676148226521,0.047113518513470926,-0.11415826932053257,0.76916346296925386,0.62877297713792257,0.03220819294630925,-0.62971245240406271,0.77616033111361382,7.8409056277055198,13.207247310345988,-4.312818714532721,,0.5986027273210268,0.3191489361702128,False,1
0.77141781196385539,-0.58925807088021531,-0.2401863553314923,0.62756609730453594,0.64209094150503598,0.44031808542363032,-0.10523950255893726,-0.49040202766679586,0.86511877702512241,9.9283822164464919,13.455895119902509,-4.3638121674100017,,0.508590697048003,0.375,False,1
0.097446308407886192,0.94742831177834874,0.30476845476279613,-0.9789809668249202,0.036121677856856597,0.20072740466450828,0.17916607818507083,-0.3179226610822713,0.93103420882271981,9.172250468892658,12.196216447666227,-4.1237882218852153,,0.741809990930379,0.525,False,1
