axis_00,axis_01,axis_02,axis_10,axis_11,axis_12,axis_20,axis_21,axis_22,location_x,location_y,location_z,dbh,dbh_approximation,score,reconstructed,number_clusters
0.98860147509340623,0.01400095502483498,0.14990362471112942,-0.078183757648422447,0.89863052575469993,0.43168330778686115,-0.12866399450940147,-0.43848278351632636,0.88948211059956717,0.86311022749038269,-0.20329025414439611,-2.3610955090872312,,0.4129558375698842,0.7484599589322382,False,4
-0.71738622761350868,-0.69653590633387641,0.013954627121669269,0.69461025790169895,-0.71357467044268763,0.091256667265170122,-0.053605876993058438,0.07515930341784631,0.99572962648579955,-11.58093181597579,4.7248494035278483,-2.4324627890557955,,0.3087874033366059,0.36,False,5
0.1653062377872406,-0.97938585972367154,0.11609128099023321,0.95273189536064362,0.18900274125642769,0.2378652966703467,-0.254903478421038,0.071283248879949052,0.96433547851252222,-3.4810212434410803,3.3706109204773012,-2.8126547864706515,0.4466560838367529,0.3888482613972679,0.8140625,True,5
0.96248791706075465,0.21844728332774294,0.16092791528749376,-0.26257270878806749,0.89934515353653188,0.34961960386976226,-0.068356288019073785,-0.37875992292886751,0.92296713845682077,-9.0924160262364779,3.8212887680763585,-2.5271446702238203,,0.18428148105526,0.2758620689655172,False,4
-0.50301514881207443,0.85050486284086069,0.15367901076469562,-0.82284618845208024,-0.52566366189969183,0.21587465045273493,0.26438591152981411,-0.017865968830578935,0.96425146976413489,-13.693432638347579,7.0485118735841699,-2.8938697384950793,0.3700570650911309,0.3633006231238856,0.9696969696969697,True,5
-0.67976798489938006,-0.73339188268332656,0.0071995222092786776,0.72863943108530849,-0.67417814336750481,0.12069967055971005,-0.083666398114858431,0.087293627601048016,0.99266296214109628,-2.2405564565928162,0.36052519968891927,-2.2280901546883536,,0.3359800578163714,0.5179856115107914,False,2
0.98489564148630682,-0.11936888990926661,0.12542584862421954,0.080823886256831706,0.95756325489851446,0.27665883734033514,-0.15312764215392013,-0.26234267855229471,0.9527477337776189,-17.41904353927173,4.898039948753417,-2.0013384360342288,0.4952732403550213,0.4837286694113386,0.7373737373737373,True,5
0.25503851333813471,-0.95861755659431303,-0.12652168550657392,0.9281893335177076,0.20604764980582804,0.30985307349363173,-0.27096110026760156,-0.19646054616295139,0.94232867723694314,0.25227870407241221,1.1872607101379824,-2.6506202908338046,,0.3105094743483235,0.2655367231638418,False,4
0.17060663175694815,-0.98528196653351929,0.010621846562181875,0.95985052132162496,0.16861976636659373,0.22417482264759475,-0.22266646339122195,-0.02805032645650879,0.97449105961344207,-14.039572239681437,2.9609185701118346,-1.7740823286270651,0.3784262471875888,0.4379007809190979,0.6752136752136753,True,5
-0.025325613617470159,-0.99929156631124383,0.027838440942667894,0.97375956959169585,-0.01835926340714724,0.22683747061660992,-0.2261656780404423,0.032852746405236638,0.97353468511919949,-10.574034957916314,6.5208362934649502,-3.0425337186524177,0.3472346473963382,0.235524294958963,0.725,True,6
-0.5896011897761253,-0.79825587171738355,-0.12311783089097603,0.78965577815806864,-0.60173249292704034,0.1198405564797915,-0.16974742718566899,-0.026562571873429197,0.9851295553069741,-8.3125139189414288,4.4221082808002228,-2.6775860746827647,0.8526524453952293,0.5609013345725581,0.3894736842105263,True,3
0.94453298501420602,0.29225202049220445,0.1498205484517251,-0.32819937955822426,0.82337920419543331,0.46295988309581443,0.011941837285281809,-0.48645189136924694,0.8736257493375138,-9.3162365477640634,9.1678196283948807,-3.7550314090203272,,0.2860304886729417,0.5384615384615384,False,4
0.93085083779082356,0.31937478652062623,0.17752876814484791,-0.35970166093273365,0.88638105378264764,0.29145041193554183,-0.064276223491703297,-0.33515425288972356,0.93996818768699653,7.711314443149643,0.022704652349039622,-3.2399550236394741,0.7635384369359874,0.4482429847326436,0.8360655737704918,True,5
0.63628803867280792,-0.77145108937273743,-0.00086518641204468005,0.72531520764609025,0.59785267481569704,0.34130635618608895,-0.26278390627894277,-0.2177966848263142,0.93995171295096147,-11.096519183898581,1.6051862037336853,-1.6786877913102412,,0.5918590646664652,0.5652173913043478,False,1
0.75252062899016547,0.61049394436233739,0.24700171424741363,-0.65769546074207597,0.67735486925434252,0.32958619815869294,0.033902564261632073,-0.41047231940089218,0.91124260827846382,-8.3545204036470722,0.25108961092180815,-1.6061301871213418,,0.4033291180038566,0.1666666666666667,False,2
0.96899800264733382,0.18358672402749818,0.16534444540512724,-0.23589532206168759,0.8864380662516953,0.39822223911952515,-0.073459294135531303,-0.42488053551652227,0.90226396505917428,-3.8522174092286963,-0.14349755340505199,-1.9274459728589439,,0.1503554351115661,0.7727272727272727,False,4
0.9806128055727118,-0.17902713264487291,0.079673153092940791,0.13608225192095344,0.91471662931482578,0.38049324404915164,-0.14099697251692422,-0.36227444545797066,0.92134525554169044,-2.4144633444069203,-1.111303883415689,-1.8353598215851596,,0.1848557441694217,0.1511627906976744,False,2
0.87456277176833541,-0.47289635112895068,0.10728000431491701,0.43101685814428653,0.85946463847191024,0.27485451280954959,-0.22218106632274687,-0.19413803415423439,0.9554820759503625,-6.7501678753730063,-0.50990503632428619,-1.5801121852345668,0.5916679483753714,0.522567907405706,0.9526627218934911,True,4
0.76798833940974431,-0.63721405395500541,0.064437256093741901,0.58708185008739144,0.74061805809871983,0.32683297464614419,-0.25598596021780007,-0.21317396994077034,0.9428828382736969,-19.662600691961618,8.663703366128658,-2.7745557129251179,0.5170776168302966,0.262449370882533,0.2222222222222222,True,3
0.70253809825400704,0.56015851140137296,0.43893355147019841,-0.70749877967837926,0.48327454410304305,0.51564638249055983,0.076718298047125363,-0.67280618095153844,0.73583024239165284,-1.1313303646525552,5.9337662027348514,-3.6711018955057098,0.6307953132044485,0.5213061767661162,0.186046511627907,True,1
0.32810597017741899,-0.94129881840768226,-0.079391478120998893,0.90348388293638449,0.2881631035213314,0.31729938393124796,-0.27579584044747613,-0.17583674312627845,0.94499634610860517,7.5501298442822087,-12.03034064043006,-0.39586281993433042,,0.2837186918772994,0.1666666666666667,False,3
-0.45113933910713416,0.83589008027387146,0.31266766767563392,-0.84763129556035199,-0.51095806890525675,0.14297915445019405,0.27927492457551512,-0.20052337898697342,0.93903987720596238,2.3005798246129889,5.9309138970823785,-4.0064459794567213,,0.4893021155860066,0.3714285714285714,False,3
-0.57703944568647469,0.7884978801983521,0.21282991106644533,-0.77213993753072596,-0.6116105857257812,0.17243087976987617,0.2661304097465988,-0.064835054953874524,0.96175413732265036,-9.6039524025380754,0.062446341413356588,-1.4072381071678293,,0.3403111734196419,0.1785714285714286,False,1
0.28257055992397029,-0.9445617127371444,-0.16720361687274146,0.92256100720465128,0.21985941749486279,0.31708520073374574,-0.26274525047999298,-0.24385447990531592,0.93354160377581141,3.4759758817099438,4.8394987398863876,-3.881828760623558,,0.2758636258995154,0.3888888888888889,False,1
0.09285206679140208,-0.9655268366253128,-0.24317981299622776,0.9645066584839993,0.026585500741588802,0.26271679978704898,-0.24719506352796455,-0.25894234668480604,0.933725581560648,-4.2406721195069581,6.5400191170916333,-3.5905685202254207,,0.2662697438155849,0.25,False,1
0.73185883535146212,-0.67632051607452714,0.083505716299452609,0.63289105733619799,0.7200106568829352,0.28466394840034054,-0.25264907413618004,-0.15548380466044498,0.95498336730355748,-5.9617141678983332,4.3388696784728662,-2.7902789864624671,0.4856082920406758,0.3443663892684542,0.8333333333333334,True,2
0.69252901891912211,-0.71814130669835907,0.0683858287110123,0.67415179475322806,0.67800608256293216,0.29296264205299022,-0.25675458240491111,-0.15678270191969546,0.95367513797563153,-10.239786063127154,-2.5106010620378307,-0.73440295053133131,0.6004760364773789,0.5391739700636893,0.8782608695652174,True,3
0.34290260705828107,0.91488766488685747,0.21306891540181805,-0.92239049581285859,0.28499631573453882,0.26071607785452761,0.17780206777971672,-0.28593296531811824,0.94160966649543532,-20.74310715846423,0.55400281918684469,-0.5535199245598752,,0.3414182605876379,0.5294117647058824,False,1
-0.64119534576468884,-0.76331900827427424,0.078820176204315473,0.76591956146792872,-0.63026317466172899,0.127025808504,-0.047283759690582489,0.14181827199799563,0.98876277427754422,-2.9075989353226701,6.938365579486419,-3.7837843395343138,0.3127875634334041,0.3987545380575958,0.3012048192771085,True,3
0.78205059250800146,-0.61865787280238194,0.075228366840680655,0.57283113364854665,0.76111675871961204,0.30424623566952069,-0.24548189970098655,-0.1948427982138019,0.94961830274242875,1.0219965269753848,4.3525852922855011,-3.5087166943372652,,0.4007108943415888,0.4716981132075472,False,1
0.30028155633468179,0.89895691074350514,0.31891606976086401,-0.93069097671776246,0.20289997012397709,0.30437790323843783,0.208914558567276,-0.38821137895505364,0.89757820409614297,-13.499231780237617,0.59978843926170999,-1.2033551447910038,,0.1431377545296874,0.1666666666666667,False,2
-0.51673207933279552,-0.85538715976097079,0.03606612128390381,0.8445641532909488,-0.50238256879578036,0.18526506833749468,-0.14035436995102404,0.1261925571743949,0.98202652171386817,2.1058686799393809,8.570205147107762,-4.6534809683015919,,0.2547601308915703,0.4285714285714285,True,2
0.99071962830702776,-0.038325576955517374,0.13040616641175615,0.0054719925341956063,0.96989208016257156,0.24347363334789496,-0.13581117547863883,-0.24050052596396998,0.96110083842756244,10.214922711226281,-8.0309806501734737,-1.5350140503969969,,0.4957000518541461,0.4285714285714285,False,1
0.62820947385569759,-0.77643557146150577,-0.050006602835952221,0.73297114056797708,0.56903467575641409,0.3727637923421101,-0.26097157709686847,-0.2708271425762892,0.92657784065427329,-9.2468727162503264,-4.6500647523467995,-0.30820586032242897,,0.4028624260408829,0.375,False,2
0.78548574398252202,0.48766135623118556,0.38104927193078753,-0.61838649105682542,0.64302681011388474,0.45179051467819431,-0.024704122705518944,-0.59051073073528604,0.80665158724682839,-8.9520638258933669,-1.3436957546920298,-1.1495529351018432,,0.402257534451311,0.3333333333333333,False,2
0.022572888443575502,0.97836850369231854,0.20563447106496174,-0.9721235950302668,-0.02653551062955968,0.23296262073787341,0.23337990636030265,-0.20516076052325694,0.95049612395252547,-0.70323121119830145,8.3273482954526283,-4.2849436830621181,,0.6509651420402439,0.6285714285714286,True,1
0.89631876729063953,-0.43987301372917642,-0.055896325419475812,0.38731456782353818,0.71530876595544457,0.58165350071925537,-0.21587054675025544,-0.54299640987773634,0.81151389754312575,5.3209908536873343,6.6760736916741408,-4.4863006410972215,,0.549659530041297,0.25,False,1
-0.98707322630326688,-0.023362218722013946,0.15855804190151732,-0.0057891904694564612,-0.98347588901639738,-0.18094656945384471,0.1601653245523727,-0.17952543680434663,0.9706274704289185,-8.0612272335407464,-2.7016199873275406,-0.88802909328415025,,0.3806434173916889,0.2909090909090909,False,2
-0.33823040933699594,-0.94012960849052918,-0.041910731789997824,0.92531047798734378,-0.34035324307896597,0.16721300563193137,-0.17146635100381069,0.017776084075955309,0.98502959412819835,2.8945119543549809,-4.0569319620619781,-1.6498534169822139,,0.4379732698619387,0.3243243243243243,False,2
0.92495967080396202,0.33600630405099485,0.17762142614058984,-0.37858846179481975,0.85571530712587185,0.35273515524584187,-0.033472137399020913,-0.39351121558154634,0.91871025858508593,8.2995870902367166,-11.037305646349774,-0.62106763731588421,,0.09816381029460303,0.3076923076923077,False,1
-0.66329977680279051,0.72068731478891401,0.20160158827676061,-0.70263694481558203,-0.69246996717561471,0.1636663323351138,0.25755529478850342,-0.033092882348739527,0.96569670770084914,3.882676064321279,11.037028119226898,-5.4122634525100164,,0.31636793996708,0.4117647058823529,False,2
-0.49600762324349806,-0.86511630322909328,0.074499795782030628,0.8565024177651015,-0.47334816149699926,0.20577931472805314,-0.14275869867322333,0.16587736402125294,0.97575850191453062,-21.409477235676221,7.1163237983316456,-2.2671853394812613,,0.1636976208319961,0.2666666666666667,True,2
0.99141195327100406,-0.034267280429367733,0.12620654659465103,-0.032757356561505677,0.86922309369231443,0.49333372982501933,-0.12660685014040557,-0.49323114954748948,0.86063565962234434,-9.5257544952062165,6.5927364247405,-3.1372899411770816,,0.130107563532779,0.16,False,1
0.98131374032903396,-0.1505998152409459,0.11976242603935972,0.1077549288396326,0.94578747810330377,0.30639014601282066,-0.15941210227647673,-0.28775986848826707,0.94434212006846785,-5.1479880856183833,-8.5584360836552271,0.20417631997251298,,0.3600583313069767,0.6981132075471698,False,1
0.73011167479629824,-0.67403109608341283,0.11233442855481421,0.63458574187961758,0.72978253582094843,0.25439808689107968,-0.25345192547944728,-0.11445318660194087,0.96055327262334678,-18.910401829435656,-1.6124184683310745,-0.17132438245061249,,0.12671245820414,0.5,False,1
0.83234682134662419,0.47668201643475205,0.28279502152949942,-0.55382932951746655,0.69530586116997106,0.45806422386922896,0.021721941911454698,-0.53788847787472127,0.84273610496359508,-7.8357220336972953,-7.784630806530882,0.28916348615727783,,0.3376430273570364,0.3043478260869565,False,1
-0.94465197051996219,0.22521809703965939,0.23855704424432062,-0.26545100228685869,-0.95200759624933284,-0.15237224835405427,0.19279113044342691,-0.20726395115745982,0.95910022133922146,-3.7918201327432932,10.950168650250184,-4.5658029570663841,,0.4725464413621159,0.25,False,1
-0.97177839413198797,0.17637814592506448,0.15664450944188968,-0.16213528893443266,-0.98173245674019294,0.099566718661473624,0.17134439232260198,0.071359183171485166,0.98262351192951614,-5.6230393980179922,11.584762633051813,-4.6034329474575886,,0.08844508667402443,0.2666666666666667,False,1
-0.028032964016122625,0.93572715044649946,0.35160894875663218,-0.97040952661497926,-0.10986851355793271,0.21502153469701973,0.23983224050023408,-0.33517698257166101,0.91111848119264571,-5.3217670755223656,8.4719885393320755,-3.9795114485833563,,0.4636994805872341,0.2352941176470588,False,1
-0.86962389567636567,-0.48819899453777543,-0.073593626089268019,0.49371056301724581,-0.86051691496420835,-0.12554090578642627,-0.0020396161050715844,-0.1455073221277447,0.98935507234428088,6.9825144017279914,2.6101684112828116,-3.7706803859797526,,0.3536833055530294,0.1481481481481481,False,1
-0.78573102027876107,0.50846572795915068,0.35226320736441885,-0.56805782145336814,-0.81852658294701841,-0.085583552711552241,0.244820495991145,-0.26735152234473697,0.93197966085242501,-20.207790251730124,7.8739325714701911,-2.5493771467886694,,0.3613780628029876,0.2941176470588235,False,1
-0.99019448595896109,-0.094772645109473558,0.10263053013320697,0.079040798982638577,-0.98585711330354586,-0.14777788821398899,0.11518433952866777,-0.13821685095441122,0.98368118312774033,-0.29481585173155189,12.916486290672401,-5.4299752692451646,,0.4015799931798166,0.5263157894736842,False,1
0.77821802720623678,-0.62245787572865852,0.083203936653248822,0.57774047374861526,0.76156425456384258,0.29365937949151877,-0.24615573754019543,-0.18046074119869981,0.95228213978949405,14.247487569619578,-5.8602024751397437,-2.5069671036738854,,0.475463310083834,0.5333333333333333,False,1
0.5230143333282099,-0.85035352437017042,-0.057921418529575594,0.80915920512550232,0.47402702510372596,0.34721716580834161,-0.26780102295158248,-0.22846720347249322,0.93599431036921621,-1.0384888584238259,-3.7543472279768402,-1.3234886898531795,,0.4176771436678495,0.3106960950764007,False,1
0.98667678982745954,-0.097590504159191627,0.1301729845771932,0.064116070608232253,0.96860828749020933,0.24018142079487509,-0.1495260576138473,-0.22863525297564996,0.96196043535647635,3.4227021476469011,3.6999756565953099,-3.5931143388449365,0.4074925352148985,0.3518145963849322,0.9293193717277487,True,1
-0.9612272326448601,-0.24717068609490933,0.12226552726453761,0.26791083270320021,-0.94208079949949686,0.201761128403533,0.06531456914181874,0.22669455033097047,0.97177342416226709,1.296135971626597,-5.2957361512144718,-1.2098444591923598,,0.4341239827447987,0.8452380952380952,False,1
