axis_00,axis_01,axis_02,axis_10,axis_11,axis_12,axis_20,axis_21,axis_22,location_x,location_y,location_z,dbh,dbh_approximation,score,reconstructed,number_clusters
0.050904148278885362,-0.99522825111820201,-0.083243593532516355,0.99445504444474686,0.042831128111011481,0.096045088594549965,-0.092021368531434555,-0.087671104937394648,0.99189003679473386,-12.334304534173352,-6.1718068722855266,-2.5318600654616734,0.6152457718200578,0.2286088597122966,0.6875,True,5
-0.81086533554922269,-0.58519374834738025,0.0067590309801245484,0.58412306963602578,-0.80856290941161191,0.070896128546040244,-0.036022869453082251,0.061435318986501071,0.99746080346918586,12.496696568074553,-0.50341763049936838,-2.200135863208275,0.2985292709365119,0.2658274323174458,0.9,True,5
-0.44298991560712464,0.79549881242507758,0.41345081219013669,-0.89077904961044796,-0.44268638252869513,-0.10267157103485115,0.10135393157396141,-0.41377579213137761,0.90471927933506091,-1.409667331059419,-19.909008212854882,-0.64015487028580298,,0.3334417572955233,0.125,False,2
-0.74068910750047712,-0.6598186307513092,-0.12656626937542975,0.66746994029555762,-0.74415820409381939,-0.026691685628776773,-0.076573656253250494,-0.10424942106951154,0.99159897810288222,-8.0445946465216149,10.289460820243422,-4.0865819348462162,,0.2365919680995599,0.4857142857142857,False,5
-0.031056963171366456,-0.9993612950468953,-0.017676736145725704,0.99510343859708728,-0.03257523095165471,0.093316669575700423,-0.093832891519053607,-0.014692048551497958,0.9954795488499677,6.8549088068666517,-3.707275210521932,-1.9666867715830603,0.2309985242026234,0.1858630352344134,0.8435374149659864,True,5
0.74392288319284694,-0.59333389551332205,-0.30746322104770196,0.66348055989558341,0.60081906993419409,0.44588114093786557,-0.079826627779736523,-0.53569705397584211,0.84062855998289687,-10.094612790406414,-0.52974552794796426,-3.0227106867614668,,0.2017793174361986,0.2,False,1
0.043496072902959718,-0.99893566476513151,0.015350221570534566,0.99465228225848978,0.044739991042367575,0.093086898108734273,-0.093674591218736641,0.011219218411857811,0.99553965270009659,-12.40273066581954,-8.9625923436998942,-2.1436635072167221,0.3257032988231587,0.3003571102201008,0.9622641509433962,True,4
-0.3391034988901182,-0.94053687430763622,-0.019980117820006527,0.93744317101172914,-0.33961458637530362,0.07656522607950135,-0.078797957866643065,0.0072333110504969747,0.99686436441839643,2.4809140187734546,-8.7099970565439033,-1.5188874205221647,0.2298600193108037,0.2243469283716657,0.8660714285714286,True,5
0.55216497364937311,-0.83370371857580328,-0.007207739428111406,0.82872170202616346,0.5478777272367551,0.11423806978737447,-0.091291743688267868,-0.069051470880526503,0.99342725546644328,8.772144692976994,-8.6174808157371121,-1.5464293899352983,0.2012358774784978,0.1861577953230852,0.8135593220338984,True,4
0.7795938814921618,0.61869014356471952,0.097241381087745882,-0.62500936515650551,0.75866392106918956,0.18382695214408862,0.039958395946878417,-0.20408714100547776,0.97813688483236516,7.3892375332566003,12.066011952919823,-3.3974843475126471,0.5713236555263321,0.5838242268435192,0.9898305084745763,True,5
-0.34227191255422057,-0.93616112661367623,-0.080326103440220606,0.93813024242627618,-0.34526643368630688,0.026509206226439534,-0.052550795633300229,-0.066282990178114579,0.996416067258731,-9.4771764454685421,12.814644767485106,-4.3496162506590217,,0.3088732092486962,0.64,False,2
0.23190914336688048,-0.95413494054835424,-0.18932687196388584,0.97031269671851073,0.21317311890220292,0.11423874983717336,-0.068639782995670112,-0.21019927831060034,0.9752460425902848,-11.459729503044928,-1.0459134221871409,-3.021572408579873,,0.3436717005987632,0.2777777777777778,False,5
0.85517940525608116,0.51461853213000119,0.061935056423799748,-0.51726765182033796,0.83965494253617989,0.16557099339811587,0.033201825343343865,-0.17362990486355825,0.98425113407653364,-10.369736975585473,-13.920977653962701,-1.4276119358491401,0.2470314566808223,0.2230306418474934,0.4230769230769231,True,3
-0.63352788670522875,-0.77359700129487663,0.013787543449853796,0.77166392622194924,-0.63044594632082429,0.084099308768660425,-0.056366672196725059,0.063918607269049854,0.9963619873872408,-3.9474151130241766,-5.4397902250776839,-1.9572508381579867,0.4705053030801988,0.4035028662315659,0.9911764705882353,True,5
0.60042024057481269,-0.79968219190505341,0.0019815796763934927,0.79475509978224834,0.596991914159957,0.10938457751319056,-0.088655885750427044,-0.064101843792205529,0.99399752894272686,-7.4462171693016632,-0.9869095963323723,-2.796837224994345,0.4206090540981425,0.3563878891067083,0.9902912621359223,True,5
-0.20365274632067512,0.97429169522636017,0.096339252275447276,-0.97437790974952254,-0.21129346086640949,0.077089314351905802,0.095463332794317443,-0.078171388679238771,0.99235879906602387,-17.278532219671494,-7.4241583124350434,-2.5781170190949161,0.4973579814821309,0.360224465841709,0.8709677419354839,True,2
0.95025819534798273,-0.29345255967308465,-0.10437891259881657,0.30885328766238662,0.84451245713389844,0.43750240736000789,-0.040236909351139868,-0.44797801839708823,0.89313867129292301,14.76266916843192,-3.8816639084627225,-1.9759072905692838,,0.3565008742314067,0.25,False,5
0.027178154901437945,-0.99925223439455568,-0.027501271854951263,0.99469460116984876,0.02430310878426974,0.099960038550282446,-0.099216925469939057,-0.03007209605109765,0.99461131641429912,-13.138606197940895,5.0676061930963581,-3.8867813526311279,0.4717639211457791,0.5093763342719383,0.8805970149253731,True,5
-0.38483475964062275,0.89898480904397637,0.2091136554137695,-0.91640382730360337,-0.39916324136073078,0.029542038685606509,0.11002832851430094,-0.18026375080575596,0.977445009742128,-5.7225008360146639,-8.9331442526635865,-1.706998563929454,,0.3000210116889825,0.32,False,5
-0.19241967135601643,-0.9809538429823097,-0.026537294765694452,0.977480204824281,-0.19398577110714688,0.083078094493360732,-0.086643633649130525,-0.0099538206837567842,0.99618964168569402,9.376802775656639,0.015217162608451767,-2.2018031903066975,0.219319967197089,0.1831113078454883,0.7741935483870968,True,5
0.45734295433170008,-0.8888440969736916,-0.028170789803889033,0.88448419293593505,0.45135394878802254,0.11818343944870797,-0.092331655295569137,-0.078966981634614367,0.99259210214563875,-3.0455581753693264,10.907858710266165,-3.7333291562579056,0.4290722799762477,0.3823475832276495,0.9173553719008265,True,5
-0.14431934548766348,0.89391374380123567,0.42437029250558056,-0.98467580931793297,-0.1721661405125334,0.027791556363276265,0.097905449603619937,-0.41385630199898882,0.90506214385181072,-4.6183219929930459,1.1658525707312495,-2.83367703549178,,0.4679621050780216,0.2790055248618785,False,5
-0.24882889443440503,-0.96750279774308579,-0.044972409918235604,0.96491687514555469,-0.25164540558213838,0.074900026093049271,-0.083783085129935847,-0.024757346560227302,0.99617642435334086,13.181407699292384,3.8928277136234373,-2.618245386042608,0.2303739035790909,0.2355065759836179,0.8135593220338984,True,5
0.24457264896501105,-0.96902751798308939,-0.034203636791581747,0.96531904985116201,0.24001051353441449,0.10273307835062674,-0.091341947497777964,-0.058143123277646765,0.99412073001363044,-15.072077069776952,1.4586183556091994,-3.4631398159165712,0.4733825692861115,0.4393869399006179,0.9358974358974359,True,5
-0.14952639836343756,0.949382022194181,0.27625284093913999,-0.98488116534534609,-0.16772521413984098,0.043328312795872286,0.087469688123663944,-0.2655974933545715,0.96010781956159308,-15.713806828278436,3.6808295117811456,-3.7203578999663436,,0.5047570822526736,0.1666666666666667,False,5
-0.72361574152520514,0.65746380322431675,0.21005143671668497,-0.68538769878550332,-0.72036905884584446,-0.10635845716755683,0.08138772002236333,-0.22092932468861604,0.97188799381522983,-13.301462065903461,-2.0374413795441142,-2.967716997731328,,0.3356671107468099,0.1428571428571428,False,1
0.56165530692767618,0.78346175953247565,0.26595297996122491,-0.82530343535528183,0.5078059915695371,0.24699658806722374,0.058459864785582141,-0.35821885248595864,0.9318056116663469,-11.565762108747698,-4.0872354348075604,-2.681695574193752,,0.3373523929401755,0.1538461538461539,False,4
0.83068399909711399,0.55100787668083817,0.079714575076965027,-0.55574109575754105,0.81205294514466075,0.17810628503253656,0.033405510477085502,-0.19225070641627709,0.98077710910900073,9.8772723039087253,4.1541363235298201,-2.6157077429970359,0.1570102096497204,0.1587205941749507,0.2765957446808511,True,5
0.75771311745426861,-0.65206834756499799,-0.026032705229894225,0.64713946438884895,0.74564504304880497,0.15882060133137477,-0.08415072945760757,-0.13718724386982409,0.98696419127096691,-6.8725480777584718,14.2644680618388,-4.3181990987940004,0.3201207291231059,0.2508788969715403,0.9090909090909091,True,3
-0.40393908989049032,-0.91420203123335664,-0.032678092772504573,0.91185515250238547,-0.40524513834729536,0.065548140330095206,-0.073166881259861441,-0.0033202311196064383,0.99731418497483482,-8.6674486060003364,-17.338265528798619,-0.92366905540858302,0.440071815381074,0.4197110942269149,0.9090909090909091,True,5
-0.84018049413046414,-0.54163493266869567,-0.0269877193491414,0.54024582375552166,-0.84028487831590004,0.045340635067806549,-0.047235444291424226,0.023514314504399027,0.99860697464817516,7.1247068111555656,-11.57907925673423,-1.2788748972193333,,0.1079990108349409,0.3548387096774194,False,3
-0.98997698688252356,-0.11729083363531241,-0.078666548088328903,0.12951137322175171,-0.97610873958721955,-0.17446642286602154,-0.056323792922849523,-0.18290595629061085,0.98151568581668691,5.5890872662700284,15.011541615113224,-3.6990183237315644,,0.5162732876150276,0.28,False,2
0.62832391632115303,-0.77788658303661384,-0.010075718856282976,0.77318912998519174,0.62299392658672248,0.11856279647849359,-0.085951296974461217,-0.082286276909819683,0.99289543416249504,15.30640310467512,2.4374674300391685,-2.4917338453671016,,0.09807218376099103,0.2916666666666667,False,4
0.70115165987302674,-0.68628008414052244,-0.193406297646632,0.70778776216948136,0.63714293695026936,0.30509893742440919,-0.086155867939554473,-0.35081123700141542,0.93247447279435991,-4.53095987797467,-2.3059458152660626,-2.4508919577477313,0.8920138708348719,0.5586578491980932,0.350597609561753,True,3
-0.92870160828507875,-0.36802594383817822,-0.045499751985306321,0.36973263211126389,-0.92838546832095126,-0.037392552233875304,-0.028479879226975414,-0.051549266459420921,0.99826427843868615,-4.2869651412300289,-28.946179738147073,0.10725868879410538,,0.3841779604846494,0.1481481481481481,False,4
0.031520774948548144,-0.99189946137226037,-0.12305242490931538,0.99757559000526885,0.023578475749176347,0.065475168628914795,-0.062043395879676853,-0.12481792343555963,0.99023790223206087,3.6079686397208337,-11.741695113039532,-1.2615790708637149,0.2355707579702607,0.1991689916863273,0.8983050847457628,True,5
-0.60382668710837273,-0.79691544314140494,-0.01786360597600966,0.79444240886550854,-0.60348435760877384,0.068321951944410417,-0.065227225387074025,0.027063011736765369,0.99750338468801214,7.8690959845415929,-7.9757868875904627,-1.5723175684061719,0.1796608773956013,0.1673874410589483,0.3333333333333333,True,5
-0.5896745496063508,-0.80753139669337271,-0.013302965872206668,0.80533375910710003,-0.58915438440925016,0.065838041995369453,-0.061003786677334852,0.028109690247445862,0.99774164157121248,7.7176767604341974,-0.65434162911626459,-2.2002173005691446,0.2139324139144173,0.2220303107646397,0.8076923076923077,True,5
0.17864242400701283,-0.9839058926245976,0.004009838337554892,0.97933150945452507,0.17820179928286797,0.095676085423007845,-0.094850824637537468,-0.013164846787681889,0.9954044443715514,8.0846017126532725,4.5655486277378943,-2.6962018566462698,0.2087293540030537,0.1675324495515809,0.7261146496815286,True,5
-0.15714278637574597,-0.96938381007561758,-0.18868273226064919,0.98217451813438006,-0.1733593070803531,0.072662002285350816,-0.10314727634583061,-0.17390106213562065,0.97934624110706536,7.3188157688868642,13.699845395207376,-3.5286461486163261,,0.6462214313532689,0.625,False,3
-0.96975126603740247,-0.24306119285257244,0.022444120565049446,0.2377187733072447,-0.96129704501291657,-0.13927589908786192,0.055428032945005937,-0.12972759066026826,0.98999923504279941,-9.1138921716880184,8.9847946998309922,-4.0263283174803677,,0.3885251481665126,0.2666666666666667,False,5
-0.82311363847515506,-0.55666534331191797,-0.11228371970867695,0.56722047910761564,-0.81543359596140275,-0.11545119600239186,-0.027292237671525759,-0.15871907929697801,0.98694649684266111,10.926599386351038,12.114687767026803,-3.32709352771524,,0.4134786777156652,0.2,False,5
0.17410521313987717,-0.9838894207677088,-0.04060766502646674,0.97992117182674932,0.1690389651202262,0.10573705725418305,-0.097169294343477403,-0.05820168358790629,0.99356463919783566,1.0241868606738871,-16.845541719190663,-0.81147652769661893,0.3512709878348915,0.2686840610955541,0.8088235294117647,True,5
0.98805339468772613,-0.15270982122526683,0.020741257131829258,0.14963565059866793,0.98282809428821605,0.10797272409135419,-0.036873585613213362,-0.10357918506698813,0.99393746840778907,-5.4582119885677853,-4.2335566007722161,-2.2227993009914537,0.3949489357454525,0.3809042886585055,0.9325301204819277,True,4
-0.49247964842908371,-0.86700734178069172,-0.075908268202779738,0.86907198310155231,-0.49457371223489982,0.010522896660432574,-0.046665662655765744,-0.060787436733008841,0.99705927780866122,1.3963758841074068,-14.31396709053247,-1.0620080520161472,0.2685460626417612,0.2273212117217357,0.3478260869565217,True,5
-0.092284618029141577,-0.99567718318710152,-0.010511715169947082,0.99171269449887423,-0.092854573210442062,0.08879166517015355,-0.089383895892925933,-0.0022304964705938367,0.99599475101051449,11.679972373457501,-2.1769093312289125,-2.0944414043705977,0.1493786729003396,0.2142999676672711,0.7017543859649122,True,5
-0.89075060381614102,-0.45447236713949835,0.0042695793470108462,0.45398909464636544,-0.88928288760326568,0.055406206856003899,-0.021383726133507731,0.051291454674417793,0.99845476759542218,-2.7518888794516934,18.021216110452613,-4.3317128570194807,0.7241061769319419,0.3661573569196236,0.9166666666666666,True,5
-0.34661301456858024,-0.91350784104977223,-0.21298554521907431,0.9300464788158016,-0.36421575993803695,0.048584230518631796,-0.12195476773792202,-0.18124652976910591,0.97584667344447451,16.157958372280724,-8.4455887096526645,-1.6098351503934605,,0.472350618355,0.2105263157894737,False,5
-0.68674516826912679,-0.72677707156461324,-0.013272607391706624,0.7249821042589486,-0.68614559403657882,0.06004308693311896,-0.052744879972148509,0.031611897003440241,0.99810754210383967,9.037918850850744,-3.5106744726503392,-1.9591444572274537,0.2553799837553127,0.2181306790908772,0.868421052631579,True,5
-0.1890077872406152,-0.98195096488016942,0.0069540587652915983,0.97829932387555096,-0.18768326107430691,0.087780558309649079,-0.084891043503107569,0.023394360077128178,0.99611556289897196,4.6457830527700548,-10.419165915069179,-1.3544762457524384,0.1944468475037109,0.2306107934576157,0.8207547169811321,True,5
-0.15575431312396018,-0.9853711210167998,-0.069168980109433176,0.9833520974428489,-0.16130756089151688,0.083657176942444011,-0.093590845695683322,-0.054987495536033847,0.99409110695984082,0.20773366715088684,27.484957033004985,-5.1262876018895112,,0.27209068471494,0.9375,False,4
0.11987124374754431,-0.94709817814306896,-0.2977178628844715,0.98933613454912595,0.088966175724361246,0.11532143101946088,-0.08273389751372183,-0.30836676301939892,0.94766293673812496,-10.793330304054837,0.47498022065036466,-3.2012322848515908,,0.4646749330733768,0.1904761904761905,False,5
0.98089505751197026,-0.19404481531351928,0.013838200697041565,0.18994161105653987,0.97066590049241619,0.1474106305884797,-0.042036538128579583,-0.14196590883444271,0.98897856912623539,6.0738579615649071,-13.219323496396036,-1.1344473445449412,0.2198314622259752,0.1710650575798032,0.7833333333333333,True,5
-0.38462448571687924,-0.92267981730835191,-0.026943639673453652,0.92047805662856574,-0.3855669404036981,0.063704644516943423,-0.069167566476820083,-0.00029866295001496762,0.99760501128859458,-9.1780567517537168,-11.1910783495165,-1.7329788171762051,0.2935677721507716,0.2119002103482711,0.1,True,5
-0.53096858631025623,-0.84601416942510532,-0.048294776980921703,0.84541237648507195,-0.53276036066810739,0.03800410223450737,-0.05788155178941521,-0.020650017741810738,0.99810986505980992,2.9305050654655234,-17.627034730940043,-0.75406972598516753,0.1865384015541199,0.1530304089436166,0.1666666666666667,True,5
-0.99486237598381899,-0.099039277648465596,0.020977948772475236,0.10031232035811738,-0.99232014513409206,0.072375188741891361,0.013648854757849892,0.074107698951756104,0.99715683707222036,-5.1031865974527557,-11.288019965374405,-1.3690038559265334,0.3854635988637768,0.3377745743363095,0.9802631578947368,True,5
-0.99964982337693031,-0.0030304680621832478,0.026287770650924976,0.0047292087281221931,-0.99788696486361528,0.06480154272921862,0.026035844662261266,0.064903171098221232,0.99755185989206441,8.9234153437884824,-6.235709579458196,-1.7473857110285336,0.1880593978244876,0.189290570407607,0.5769230769230769,True,5
-0.35753239559395694,-0.93320090595291405,-0.036147686364481652,0.93027977865172939,-0.35928441223325236,0.074123171531538093,-0.082159111074389404,-0.0071260265832295416,0.99659374883279273,5.4921659315822602,-9.1074847122979037,-1.4796889309181311,0.2153661556090433,0.1608452882185922,0.3548387096774194,True,5
-0.93874231696590982,-0.34459689316041608,0.0039803971741161799,0.34447802382779885,-0.93796193742087763,0.03952587822386356,-0.0098870337902417366,0.038475773856571388,0.99921061913340803,10.996032654596817,-3.4197381626795944,-1.9868196349155625,0.2504911841985136,0.209847052230328,0.8068181818181818,True,5
-0.6198293422980351,-0.78081947604351343,-0.078310486255163889,0.78055764892751034,-0.62373605508145247,0.041025483448541587,-0.080878570259028212,-0.035697050614332336,0.99608452324604202,9.9758354848725475,-7.0837532840478508,-1.7017424595353945,,0.2355313230544286,0.2941176470588235,False,5
-0.16152673485712532,-0.97302772047995811,-0.16470024014546164,0.97993299643688492,-0.17789316658454599,0.08991853967203417,-0.11679227894267739,-0.14687095172327216,0.98223647209787346,-10.886805246759964,3.8818547670900325,-3.623148311726001,,0.1982562309829196,0.1111111111111111,False,5
-0.61237679151571456,0.70548271516721783,0.35677556504504254,-0.78564255215352163,-0.5933552086983479,-0.17520096048892198,0.088093390550143244,-0.38758706752267963,0.91761419977600045,-7.3615753900750711,0.72854380360680504,-2.9778639804047362,,0.3999097760824672,0.4776119402985075,False,1
-0.52305994290231905,-0.85019864061225425,-0.059754226897331279,0.84997415894094697,-0.52552288783446488,0.037008424645667747,-0.062866726204349146,-0.031431924268157933,0.99752684619169441,11.966968854469556,-7.306962118326215,-1.6724489013146544,0.2070830676287617,0.2214602821119669,0.8461538461538461,True,6
0.10505711763087079,-0.99418586251214858,-0.023610862247443479,0.98983427752913988,0.1022494769694697,0.098859230665802766,-0.095870251191169292,-0.033756706599492911,0.99482128027907457,9.9976424684553749,-1.9925091027468771,-2.1062754353324267,0.1301160071499316,0.1150562643775948,0.4782608695652174,True,5
-0.49700730102477869,0.81911602806037154,0.2864134691362572,-0.85350762369842414,-0.52100352240037351,0.0089479570334424774,0.15655184130738894,-0.24000887946283198,0.95806432913571205,-6.3779867851849135,-14.143126412203182,-1.2035076248936534,,0.1452771565883374,0.2692307692307692,False,2
-0.71287521628508588,-0.70091546099789359,-0.022944335697578987,0.69949629292246129,-0.71300940691553505,0.048192549607711688,-0.050138430312754813,0.018305796460902177,0.99857450178827711,9.7453889345511104,-4.9274779322356421,-1.8769948432715959,0.2056408727610481,0.2056283011516523,0.8089887640449438,True,5
0.29452138778836406,-0.95549133166925815,-0.017130885561583251,0.95072904701850025,0.29114339664325012,0.10653544830865207,-0.096806153164509218,-0.047663798589066754,0.99416132041713978,4.5756361386379165,-5.394973878338817,-1.8769383430776048,0.4280791806478561,0.3619444297687954,0.9380053908355795,True,5
-0.61581426972088782,-0.78711705064564219,-0.034921823993525926,0.78560244600354767,-0.6167978944730379,0.048878975100444269,-0.060013182230008302,0.0026657000079662037,0.99819402522861,4.4017330078485646,-0.84478998723226273,-2.3004236670130469,0.3392247954469987,0.2704648098284775,0.9269776876267748,True,4
-0.18033323691197073,-0.98101152734667252,-0.071388422575370994,0.97921470703080626,-0.18590492089440719,0.081104364382047475,-0.092835775428564318,-0.05527878074083073,0.99414575148736817,-12.502782632645793,10.256228424990029,-4.2452116583373511,0.4022754690846368,0.3621163928058903,0.8222222222222222,True,5
0.99951984215798817,-0.023092297180315569,0.020659887303834418,0.01666708036590716,0.96277724018426503,0.26978175293234191,-0.026120749693443759,-0.26930787510599619,0.96269983631521749,-3.2257973893981422,7.2096899207676222,-3.4153570810143954,,0.3607494300009425,0.5518867924528302,False,3
0.44775788543840117,-0.83591363007968034,-0.3174291717450401,0.88834548764094778,0.37547161346141411,0.26431678356216415,-0.10176035876360329,-0.40033669645898423,0.91070047702447643,6.9398134551577648,15.770387240210054,-3.6804516526568167,,0.3381590229991542,0.4117647058823529,False,2
-0.64706622421155291,-0.76195945366376139,-0.026890378521453366,0.76078211647791461,-0.6475830257362214,0.04297436475045973,-0.050158476172922579,0.0073495408525265024,0.99871422915530139,2.9250205500727202,-7.6346583737314599,-1.6094040308051374,0.1702640331870447,0.1291587520181636,0.4285714285714285,True,5
-0.41822460492403385,-0.90833119368960291,-0.0047563017734080894,0.90534220798168918,-0.41726227050761022,0.079042292841724135,-0.073781205486077986,0.028751350946655315,0.99685991670633756,-3.7908624845954653,5.3296423334861291,-3.2245864726690074,0.4924211660857213,0.4407981847241362,0.9761904761904762,True,5
-0.24185879850142278,-0.93330721559083363,-0.26540904828874279,0.9655071393837914,-0.2586690754459921,0.029770341060296857,-0.096437987258024757,-0.24905411206001721,0.9636761716881973,-8.311999184112679,-6.7339534374795722,-2.2130973716633444,,0.2818518382959473,0.2153846153846154,False,4
-0.92644563276670555,-0.37597372975392085,0.018499839524268306,0.3761969399205799,-0.92303276346931362,0.080538065264772377,-0.01320423878493697,0.081573721854079823,0.99657983924068161,-6.383505631970058,-2.2772810926037539,-2.5784760972211473,0.2066350865221408,0.1283020166920709,0.8222222222222222,True,4
-0.63030691925527316,-0.77633718362422188,-0.0037101026049141017,0.77478225899543895,-0.62933328364987073,0.060432352563813602,-0.04925077344420558,0.035216408290505617,0.99816540007268606,8.099732877746888,-10.106303514050056,-1.4028742879690848,0.3122303032179276,0.2401514466069167,0.9240506329113924,True,5
0.98117066191267499,-0.19210805965417821,0.019965610878444916,0.18900640433859883,0.97629299133898062,0.10549205743267404,-0.039758160430745225,-0.099732083495188237,0.9942196941324748,11.600309023512574,0.96799986286720152,-2.3164776788371086,,0.1351269498892189,0.4821428571428572,False,5
0.82119377715852648,0.56917450760022537,0.041001954272362202,-0.5688216776294468,0.81070168571970325,0.13858093602675867,0.045636382579402487,-0.13712460271326904,0.98950197772202242,-1.2940566932820563,13.557328294498042,-3.9190979273855535,0.4821355744640198,0.4092193446020919,0.9966329966329966,True,5
0.35444912093006536,-0.93323115637189125,-0.058697780611236108,0.93019339328708661,0.34549709118517713,0.12398391455198887,-0.095425739488658665,-0.098546277247607603,0.99054659632128284,-5.0551222340407138,12.09144381762162,-3.9601992252708369,,0.8822655146607605,0.5625,False,1
-0.78711669778368076,-0.61663472847436296,-0.014453916751606647,0.61556461359475823,-0.78680409779650895,0.044939049617870208,-0.03908337958838505,0.026474956656621446,0.99888516162268626,3.9672527784281622,-2.8532743645511158,-2.1088677534405069,,0.08714076177459032,0.5266666666666666,False,5
-0.49899288943660536,-0.85537401339205521,-0.13907333858535798,0.86373318421208012,-0.50394914959671788,0.00049103116734475205,-0.070505906011979771,-0.11987723651433919,0.99028196256577206,10.982743375246109,35.776499252191783,-5.5968656358130753,,0.455407553979591,0.6949152542372882,False,5
0.12715098357292637,-0.96904283757092979,-0.21163318815563573,0.98427428214680768,0.096892190487614785,0.1477025420461642,-0.12262448728057737,-0.22708562784771982,0.9661238806406679,-9.1962617881861366,5.4836432359928642,-3.6962605036601883,,0.505502356612718,0.25,False,5
0.57023527954640973,0.81426206142600466,0.10866932079893669,-0.81444209642505505,0.54309990098641836,0.20427082297603011,0.10731168403948491,-0.20498729929148449,0.9728640242077996,10.811499890840828,-5.6337116875113287,-1.8242477593968458,,0.1736547425411924,0.1071428571428571,False,2
0.19940325593068745,-0.97986034405759082,-0.010585257086136746,0.97521721939736772,0.19737846169730544,0.099965583321814738,-0.095863009107299044,-0.03025638777752885,0.99493458804262547,10.15980672104838,1.4149646544893932,-2.3241804776442168,0.1669721014287728,0.1760021313386275,0.6031746031746031,True,5
0.91670136586396356,-0.39927260559829775,0.0154916829908445,0.39539169021624382,0.91202070617457254,0.10901212233864258,-0.057654289789092879,-0.093806278721518935,0.99391969743100228,9.0955957200851056,2.6425588344275845,-2.4457103930619248,,0.1004810678436336,0.4929577464788732,False,5
-0.75627333825948351,-0.65345303429245172,-0.032400151416986267,0.6536814165894913,-0.75675692837928976,0.0044223246711324743,-0.027408820540320324,-0.017834890634064984,0.99946519360739028,1.9096952152751259,-12.147768451114251,-1.2222205489101081,0.147498918414562,0.1748793990657402,0.3636363636363636,True,5
-0.60242000348632352,-0.79817579521051274,-0.0023535801672246218,0.79589428866905376,-0.60091578064145024,0.073841085041169832,-0.060352470235432852,0.042610145694916612,0.99726724343093665,7.225144556258229,2.0244475126248815,-2.4398266550474061,,0.1285766789932004,0.6470588235294118,False,5
-0.36238074399548287,-0.9318907082739325,-0.016121545024897842,0.92872630007338719,-0.3624972877501208,0.077866397924930594,-0.078406989058870308,0.01324478034984476,0.99683344639925053,7.1861629449117164,-6.105307168319551,-1.7574458002933309,0.2230761325578974,0.1759038881919322,0.8129496402877698,True,5
-0.61025763132245447,-0.79212681665760487,-0.010987708796542262,0.78970748970298599,-0.60937676936687624,0.070866308377098355,-0.062830757752207977,0.034569629559469815,0.9974253037658537,10.748837924189017,-0.59937177082793103,-2.1792549612948142,0.1513803837163459,0.1274958039468382,0.5818181818181818,True,5
-0.14816679796272361,-0.98367269974597416,-0.10214998656847368,0.98499373512423638,-0.15602708159486883,0.073775955263167894,-0.088509557379292586,-0.089685949754986796,0.99202947973790945,-10.18013830662832,-2.7350329724976028,-2.6936353966545781,,0.4629217952282362,0.2846153846153846,False,1
-0.034957812266708362,-0.97591447614076809,-0.21533436005527798,0.99512962067304367,-0.053862495343827296,0.08255828035067507,-0.092168266885355135,-0.21139954317412021,0.97304431745174058,-3.9589733226103561,-20.892036748294281,-0.56227669619064091,,0.5339821286164346,0.125,False,1
-0.98400866102504325,0.17588485310910076,0.028133138369032563,-0.1770376744813415,-0.94835970946300041,-0.26319483900998419,-0.019611650668406394,-0.2639666265156318,0.96433241324971397,-5.5702226318482646,-13.88249083185562,-1.1991935272059346,,0.2849695539990962,0.5,False,2
-0.93757246721907062,-0.34777926060101488,-0.0027303129043596964,0.34771858484335766,-0.93751017882233589,0.012901564209192085,-0.0070465926004765287,0.011146770847313968,0.99991304373550416,4.3674007835926405,-13.108494939626487,-1.1532537915414061,0.1343954273864647,0.1692019975751118,0.1428571428571428,True,4
-0.88538229593932949,-0.44003404759411591,-0.14989405256760957,0.44999815650314129,-0.89218213684058634,-0.038893365068349145,-0.11661839126388379,-0.1018875441872308,0.98793677892794296,-9.9034202951174919,2.3965783878369282,-3.3843140214302085,,0.1339915723028353,0.2857142857142857,False,2
-0.32277421404454415,0.90365205015492356,0.28147784814924764,-0.94162177912089828,-0.3366708678575972,0.0010732293356932321,0.095735217308581685,-0.2646992614020986,0.95956712593755666,-6.6574552345162363,-6.0752684274199442,-2.084341346042299,,0.746943639748112,0.5125,False,1
0.98810923692717678,-0.14289735653729721,0.056749285403836169,0.12397655564098101,0.95879332197515699,0.25562703180071289,-0.090939262975857818,-0.24555185039110694,0.96510845982144011,-0.15184681410200443,21.148532711931477,-4.5349673040221674,,0.5701410418975932,0.6170212765957447,False,2
0.15276242588218855,-0.98204829604547061,-0.11065615876567814,0.98457064630923685,0.14156468801071989,0.10285952330551507,-0.085348015002102623,-0.1246618760592573,0.98852169070414719,-15.097449580637294,9.7414724333938008,-4.3225705981763474,0.1391675575184812,0.1743111255319071,0.1875,True,4
0.86011126706579444,0.47691413000764404,0.18100143884932482,-0.50831418111967841,0.83103746633895814,0.22581723320764535,-0.042723547829091296,-0.28623354474969792,0.95720690361118799,-9.2074418244835492,6.8753326859387984,-3.800164369913456,,0.3936788825762803,0.1428571428571428,False,2
-0.41949633204696529,-0.87319711747952644,-0.24809196162831998,0.90705075046945927,-0.4139903760027972,-0.076621828807804854,-0.035801724426794808,-0.25717457612001271,0.96570154495349081,-13.581274132372382,-3.8248382604339417,-2.8039826443637064,,0.3948795129904703,0.1666666666666667,False,2
-0.97960594616822572,0.17602514905183905,0.096888271390987712,-0.19417055490142396,-0.95333584647770719,-0.23118944489294285,0.051671905723796888,-0.24528740432788593,0.96807236477288205,12.388682271518398,1.9457227780468045,-2.4195894331293131,,0.1534152671879321,0.2413793103448276,False,3
-0.8318995188231324,-0.55476055085256926,-0.013561777154775067,0.5540112964001046,-0.83168261840630286,0.037087810691820086,-0.031853948623636011,0.023339954125722304,0.99921998203523354,0.63142182382575229,-21.763585653366302,-0.44088277642402479,,0.1894015865156024,0.1,False,1
-0.26061246392162385,-0.95940215543294349,-0.10783620820170706,0.961753924340499,-0.26774770639767209,0.057797532252124695,-0.084323974434022425,-0.088649139135175206,0.99248717748202786,21.074180950146786,-0.59343399356601911,-2.2966538876867535,,0.1820996719382273,0.45,False,3
-0.84606874095190032,-0.52824169794537956,-0.071612807065837392,0.53225795094597383,-0.84454590267257068,-0.058682978228498037,-0.029481506726420754,-0.087766319455445024,0.9957047323028978,11.673261114509939,9.8886911656997256,-3.161773543907751,,0.2246394581789791,0.3636363636363636,False,1
0.91344705075809007,-0.40580638981999606,-0.030588550841932453,0.39976869101886048,0.88070718769516931,0.25404693114291604,-0.076154311384286827,-0.24428676493688339,0.96670807244703305,9.0492647385845491,-11.391715107774145,-1.2910779366870042,,0.2400027735510056,0.2352941176470588,False,5
-0.83528714060999287,-0.47581456536573546,-0.2754920908436358,0.49701114140105573,-0.86770467435315313,-0.0082778879497066027,-0.23510703531541041,-0.14383705187295914,0.96126769656204203,15.009382580957126,-4.7797978849522487,-1.9024568001015407,,0.3510504833883316,0.2,False,2
-0.87256312397274449,-0.47708297819152706,-0.10500203142239072,0.48849924095275205,-0.85279936283240643,-0.18466655988897196,-0.0014443931289084277,-0.21242664303835609,0.97717594887304948,2.5173339284422092,-21.53940196447002,-0.46119331508819439,,0.2708041646023602,0.4,False,3
0.95026908434133606,-0.30503883451064395,0.062769234386480008,0.28087735171619604,0.92651617261247832,0.25035114375696094,-0.13452353191160721,-0.22027049581800598,0.96611817498384467,8.0762197170312113,-16.015369572865218,-0.90708488167793666,,0.5612052221196282,0.3548387096774194,False,3
-0.92262350662419124,0.35012147988488446,0.16180486503099817,-0.38129160566791903,-0.89119438026109898,-0.24574232040537089,0.058159921523857287,-0.28842247817091909,0.95573526544440379,-14.721329888821678,4.6853456078502624,-3.8425873707387006,,0.3071103451249711,0.2105263157894737,False,3
-0.99894234748831678,-0.042811797674320855,0.01677308482127865,0.043115273827397119,-0.99890487039423359,0.018169564261868686,0.015976844410501154,0.018873523321590535,0.99969421852890095,3.9014637120981259,-15.936926434457215,-0.92604869502921561,,0.2177605410109811,0.625,False,3
-0.84086954687656379,-0.54092124694652943,0.018509720079292948,0.54043090775578573,-0.83725798072455693,0.083267686741584732,-0.029543850085245418,0.080020486844613797,0.99635529938234968,-10.161828600287443,-1.8133226987551221,-2.8064428418058496,0.3921254562443911,0.3458691173996386,0.9411764705882353,True,3
0.55043528844689193,0.73205560841305051,0.40139205201820577,-0.83237395334969855,0.4439895935214786,0.33170294335387857,0.064611105991007736,-0.51668929448521683,0.85373156082400281,-8.8581017253642802,-2.3887500399488317,-2.6640286920415415,,0.1300732430111434,0.75,False,1
-0.6122755409746703,-0.78972283273211208,-0.038164242239869639,0.78889243540256748,-0.61341830206627768,0.036969068891851774,-0.052605962483168713,-0.0074722253508159187,0.99858739154844445,-3.3402070124697936,-27.752352260476801,0.024665267939334542,,0.2707431451881066,0.9090909090909091,False,2
-0.33201849409736689,0.93614600873238374,0.11573404819560562,-0.93696585060804838,-0.34147136029740971,0.074110086297153113,0.10889772436397191,-0.083832931662101887,0.99051164818859372,-3.8730308701497789,1.8578998035729803,-2.856585965553577,,0.3415469942702057,0.19,False,2
0.68280701262911681,0.70303654523565784,0.19878178882284911,-0.7285953108258153,0.63511025159638002,0.25648360836477613,0.054068998022289469,-0.31996028562978451,0.94588686378053277,-13.256381429333164,-0.089145687595885981,-3.2415192769758621,,0.5052557898126349,0.6666666666666666,False,3
-0.73083292553783019,0.58435632715780295,0.35271931880811369,-0.67775114129018299,-0.68249329949864246,-0.27359876940386857,0.08084939968652384,-0.43901090994427427,0.89483674238389954,-3.1834738207907707,22.278994227593504,-4.8347473167665918,,0.5965926781261104,0.2692307692307692,False,2
0.060824898602350998,0.89623451418964728,0.43939051797377249,-0.99427273268615768,0.015647486722412209,0.10572080777250792,0.087875279497782274,-0.44330446843509075,0.89205329634426411,13.747929125811419,-9.6713497222619882,-1.4844868166163192,,0.2908777643526159,0.3333333333333333,False,3
-0.053117174819820513,-0.98130679270066345,-0.18497444239326039,0.99437243425746469,-0.06898077032804438,0.080405940786941771,-0.091662575395000861,-0.17966255014467139,0.97944848784786476,9.3055324830543622,11.910270761403293,-3.3212775181137402,,0.5559791682600677,0.1538461538461539,False,1
0.86190579296194714,-0.50474046193158861,-0.048533186045473346,0.50612998663168607,0.85054040153394306,0.14287568719235955,-0.030835704805426283,-0.14770948326890226,0.98854998248019166,-15.735678711493458,-4.316905330271978,-2.9170223332508169,,0.1507571914694703,0.1904761904761905,False,2
0.72562555445259125,0.68043927630065226,0.1023227540325924,-0.68649766473885776,0.70578727623351278,0.17488646893048709,0.046781524488462074,-0.19714642267696378,0.97925725781952278,-23.111049924004202,-2.6791514213141006,-3.4114926506260961,,0.4691392769385042,0.2272727272727273,False,1
0.95339459352028744,0.2515694473219518,0.16658800142991462,-0.30140114979105392,0.81967675954658292,0.48712150102807328,-0.014003426399141984,-0.51462882064002236,0.8572987116610773,-13.689510557338567,-3.0052722362047195,-2.8956223394329434,,0.5310921083486594,0.35,False,2
0.44783589586712591,0.86502687734069617,0.2262112107104606,-0.89107860912441039,0.4109589368629516,0.1925919639376947,0.073633706505884036,-0.28782156571507289,0.95484911037060138,-11.417055626908537,5.2245413015027697,-3.8253155182273986,,0.1884321495514365,0.5,False,2
0.95141869217987185,-0.30789512490442994,0.0017504944526632229,0.30361946933849637,0.93912098914315589,0.1608321659040606,-0.051163365891555408,-0.15248724474809985,0.98698021772464162,0.070446018041924741,-20.676237987846719,-0.54074092210650171,,0.09832863685943063,0.2941176470588235,False,1
-0.44689581835847125,-0.89458598719050841,0.00019762615476690351,0.89157254695356902,-0.44537229711689735,0.082109137612968147,-0.073365666714339445,0.036870428302405875,0.99662332426266198,-1.6609112317509516,4.407718225265346,-2.9937222101613892,,0.1017696605184216,0.2519083969465649,False,2
-0.70867555498181611,-0.69841410615157784,-0.099983469132195288,0.7037855909731292,-0.70975646154953864,-0.030522241517996374,-0.049646749237180397,-0.091997291357800701,0.99452083873240671,-12.8964759534308,-13.650286262509518,-1.5957772995128381,,0.213760244545055,0.4444444444444444,False,2
-0.88639307854171878,-0.45955575344710031,-0.055819528724300085,0.46269781831520457,-0.87563203681554258,-0.13848922351076565,0.014766151823851232,-0.1485834633326763,0.98878962129685755,-13.915393019600266,8.7171574087458428,-4.1653123092464508,,0.4029476684118298,0.2,False,2
-0.73235904579526279,-0.68062300342826509,-0.020063779458019272,0.67780675900031639,-0.73150935796720395,0.073973351011672323,-0.065024806768948951,0.04057568743344922,0.99705836744594056,-13.895785612585604,13.572256979339645,-4.5940992401594585,0.1251052208042297,0.2171900911584583,0.4615384615384616,True,2
0.92053297630519237,0.38943245258931086,0.031006521974866617,-0.35868226544062193,0.81105377012670377,0.46210260161747868,0.15480979294956396,-0.43650217277069003,0.88628425528911381,-21.045105735789033,4.0166725450678165,-3.9228680962924489,,0.4736439126010183,0.3333333333333333,False,2
-0.72750206008969964,-0.68426147833531659,-0.050269094199207914,0.68605415009251802,-0.72638883301787738,-0.0410970364838837,-0.0083937897325656492,-0.064385499402365265,0.99788979940704492,9.7093725450016866,-13.372465466493246,-1.129212952795184,,0.3574629580159856,0.2571428571428571,False,2
0.69073387004423092,-0.72300876746228859,-0.012043377698222254,0.7181657737317122,0.68397263144892229,0.12813805394639069,-0.084407595713009848,-0.097158435565313908,0.99168321362441658,13.500752402933475,-4.5779559888111994,-1.9150859917732914,,0.1573793269015444,0.7,False,2
0.98720367638810558,-0.10923000343307274,-0.11617963537479109,0.1463379256030844,0.91001751777743556,0.38788313815939574,0.063357026887273099,-0.39992114683798063,0.91435713124347628,-8.3682965521219312,-34.912243094331842,0.55908753231750485,,0.336368737290876,0.375,False,2
-0.79675452084607967,0.5347779044917762,0.28141575360792948,-0.59961550532877195,-0.7575095296003973,-0.25814832622720307,0.07512309418984095,-0.37442209527746856,0.92421026573360188,9.6188099086461474,11.022483427469108,-3.2612986200019658,,0.4252357671661243,0.1724137931034483,False,1
-0.44301260272133591,-0.8945268783255782,-0.059678285692228515,0.89334353798569666,-0.44606065875726486,0.054472119916815713,-0.075346910814345455,-0.029181375261119372,0.9967302997143227,14.98564792749171,0.84629023746726195,-2.3444999574828205,0.1873829508207027,0.1479192195678085,0.4782608695652174,True,2
0.98181976710986985,0.18503554627961671,0.042329558529755631,-0.18972744296820648,0.96344496180264194,0.18914889098763171,-0.0057829315287430093,-0.19374119900039038,0.98103562907410458,-0.88366586676312187,15.304949700080689,-4.0442332570270292,,0.3643626942915701,0.3846153846153846,False,1
-0.99964806189182309,0.0082815226061546555,0.02520255422064864,-0.0093715600979930036,-0.99901186895003069,-0.043444902558247456,0.024817860851626367,-0.043665799892932927,0.99873788938963304,3.8683899209324704,-21.876284435394812,-0.42132625089218828,,0.1741588146268298,0.32,False,1
