axis_00,axis_01,axis_02,axis_10,axis_11,axis_12,axis_20,axis_21,axis_22,location_x,location_y,location_z,dbh,dbh_approximation,score,reconstructed,number_clusters
-0.68106675916285164,0.69532631231843289,0.22949812409050305,-0.70197610038713354,-0.70918582040036915,0.065460114790067234,0.20827295563438783,-0.11651948996071457,0.97110534156218697,4.7459406007327694,21.29922254805728,-6.145990303649941,,0.3520278442189386,0.2424242424242424,False,5
-0.3564362933305833,0.89130677460652141,0.28022384327047262,-0.91271741750911728,-0.39628660906362279,0.099518034809494033,0.19975005524966125,-0.22029334310726542,0.95476214755842859,-0.38655629797677094,-12.07359684918611,-0.97955598918374942,,0.3663367849684958,0.3225806451612903,False,6
-0.9233468343562774,0.3499316439674971,0.15804577828732375,-0.37616823454719645,-0.90694626445099147,-0.18959412626987643,0.076994043937738746,-0.23451293769981499,0.96905913093552554,-6.3926030740243718,13.964244014197476,-5.2587835574812134,,0.5423738130398496,0.3636363636363636,False,1
-0.23314919180362814,-0.88910193001701943,-0.39387715394691913,0.95724657448446815,-0.28115870474733945,0.068035126093428475,-0.17123215235190281,-0.36117522172043931,0.91664170165671877,-5.5042743448495477,-5.8013976627783563,-2.2353393694199939,,0.5842248075780375,0.1721311475409836,False,1
-0.94720811569373664,-0.31052068797199145,-0.079835380034932679,0.30679671337376258,-0.95014851745334505,0.05561988353339449,-0.093126592480227324,0.028190372871109017,0.99525511335054706,-1.4663178242906096,-6.8000269195168928,-1.8681426294726773,,0.331700821608315,0.2777777777777778,False,3
0.27578801253436902,-0.95628564392101489,-0.097256050572262873,0.9369212972937776,0.24483173580073087,0.24947124848797361,-0.21475440582137037,-0.15992244487679955,0.96348604390771508,10.159485544146939,-15.93292616520209,0.029168171769206695,0.3162985287752398,0.3647262964524446,0.2941176470588235,True,5
-0.28777492450205938,0.95102234037743982,0.11288091482111839,-0.93769868161543735,-0.30376323915470305,0.16866854192443481,0.19469662381383518,-0.05730970808913053,0.97918783797299802,2.1406187383795974,-18.922271731221176,0.33454096073521261,0.3432875333530699,0.4113782382777104,0.3125,True,4
0.66630086422041368,-0.73762468221869459,-0.10932971472065221,0.73289238474193252,0.62075547739615289,0.27844458994557053,-0.13752058291911254,-0.26565478626300637,0.95420942345438142,-12.492779744240117,13.446065902914786,-5.3546791513955085,0.3558583574165792,0.3033538732286096,0.5,True,5
-0.18249036739034144,-0.98216362273378843,-0.04529772608175095,0.96768251104927672,-0.18757299923426901,0.16854354857907278,-0.1740339726004769,-0.013076243218144237,0.98465282625105766,-13.046565468987751,3.4334495092957655,-3.9090000718327116,0.4509361321448609,0.4082042624769798,0.838150289017341,True,5
-0.56782003141724136,0.78483190088794941,0.24823234936230565,-0.80584870016178234,-0.59151310551661873,0.026835022818130466,0.16789366982970866,-0.18480025257204652,0.96832875733421198,-6.9770626421762794,-9.5037469254968983,-1.745986468640419,,0.4006314387338495,0.2058823529411765,False,5
-0.91938567412841443,0.39241740177748313,0.027176552203140886,-0.38608759921975927,-0.9134592736750301,0.1285632959510955,0.075275148197551128,0.10770672272098764,0.99132886266089371,10.06786749037698,-8.1031744095323202,-1.2749279938695492,,0.100344541355113,0.2592592592592592,False,4
0.78468951122711417,0.6093483070993716,0.11382886982344949,-0.61122859975342236,0.72998267872893963,0.30581838989699905,0.10325681485318237,-0.30954794360624066,0.94526086388653807,-11.720213437498991,14.709604037504297,-5.5412008515464937,,0.5581634446402697,0.3,False,1
0.017816639510356263,-0.98644737368808511,-0.163107775107245,0.98438300752785413,-0.011268934773675097,0.17567898451289368,-0.17513612376369669,-0.16369053134785855,0.9708412579305028,-16.688229728623735,8.2275824851678703,-4.8538721066636015,0.3288109262944006,0.478721539230928,0.15,True,5
-0.29364966014096106,0.91660273042345064,0.27131036043500645,-0.94471454903191576,-0.32159222696441686,0.063975467200255626,0.14589139092668257,-0.23752447060532939,0.96036338326548876,-7.9014669914014615,13.080747742391972,-5.1956271044237985,,0.3515187022696697,0.2222222222222222,False,3
0.99451866772153075,0.10389977930521485,0.011724138079974727,-0.10417934335886014,0.97510812446040118,0.19573147429229354,0.0089041546879747042,-0.19588001805096322,0.98058744360594685,-1.9435361536985107,-0.33689821095449723,-2.9114542926191249,,0.453005525257353,0.9825682742591516,False,5
0.49463941311558668,-0.86680150991791105,-0.063142643250808095,0.85495125805927563,0.4722463630824113,0.2145733415368703,-0.15617361280168643,-0.16012031401251417,0.97466470527305138,11.953899662044341,-20.53946739337227,0.9485388634337576,0.3557846488847142,0.2740950957469657,0.1666666666666667,True,4
0.95303372447655221,-0.30286208900455031,-0.0011291829565083233,0.29634646534576103,0.93174835158196123,0.20981844962102328,-0.062493939605558095,-0.20029868788410973,0.97773971134677728,-9.9938379922047069,6.7295603333012446,-4.3409935128406616,0.3496282966347821,0.3664437212075037,0.7341772151898734,True,4
0.88872383361741814,-0.43670883877698136,-0.13948239205871163,0.45242687311928431,0.78635246247107704,0.42066581658744295,-0.074026157808348661,-0.43696131968371499,0.89642898941321592,4.4510688066075605,17.020367186750285,-5.4109212515661183,,0.5233373494370819,0.2173913043478261,False,5
0.99798678216133696,0.06055378208165256,0.018857945457250846,-0.063392440151231355,0.9432852703973208,0.32587466483776667,0.0019445212607368742,-0.32641405932812068,0.94522488367055024,-13.998064373866278,1.8216298552388259,-3.7607800980706583,,0.2330462255353126,0.1428571428571428,False,1
0.85354861619711841,-0.51701514338439081,-0.064421279863115299,0.50924105120526031,0.80172551540715475,0.31290533666349207,-0.1101286136993718,-0.29988587738729827,0.94759703935180417,0.36998120009840019,32.468063848043897,-8.1877777228012398,,0.540511549506064,0.7777777777777778,False,5
0.89521902149305366,0.43427012891407019,0.099961786148386633,-0.43769903243319269,0.81476306077084715,0.38023770435132698,0.083680706044260478,-0.38414920270160263,0.91947100525228997,2.0005522507193407,34.119405858017416,-8.4108560898724001,,0.2642994904751316,0.1875,False,5
-0.17458177177246095,-0.97844778799273235,-0.1102775187285055,0.9669946004183233,-0.19148348762482109,0.16809377361711156,-0.18558730486375979,-0.07729165633600113,0.97958325431493676,-11.293828988476113,-7.254099141856738,-2.3073600587820984,0.4327959722230987,0.3475486783277445,0.3823529411764706,True,5
0.20983289950639908,-0.96950016019711549,-0.12664751739574626,0.97142031543566321,0.19202045601496806,0.13953750474578877,-0.11096271916105305,-0.15230753050841617,0.98208436048376935,10.013743158736547,-5.3460421935583993,-1.7262614150201974,0.403196352826508,0.1927731438396987,0.3636363636363636,True,4
-0.45752318041045204,-0.88918054735426988,-0.0055221004939132231,0.87925443107265966,-0.45332442446484322,0.14631681934320076,-0.13260537253896335,0.062088005205341044,0.98922236872374825,-8.2556650620286458,1.1720475360405891,-3.4447660829949043,,0.3826047007994475,0.7635327635327636,False,4
-0.89494967740371889,0.43115978273766997,0.1147445713948378,-0.43655222526325971,-0.89931281289123488,-0.025663577056810133,0.092126160957004932,-0.073059607987313188,0.99306347438019515,-14.565259467233385,3.1844867927912026,-3.9605107102240145,,0.3208030925067596,0.4210526315789473,False,4
0.843722976988318,-0.53656010996488324,-0.01532274441612869,0.52825211334715949,0.82491427058205025,0.20116200171588972,-0.095295555228087844,-0.17781927506475798,0.97943813616236852,-7.5684377990572935,-5.7037503920978097,-2.3378827006091529,0.1527274339759843,0.1490534002986882,0.4642857142857143,True,5
-0.87516207533813417,-0.45931781262328986,-0.15204765337487713,0.47747587312734074,-0.87067631498041864,-0.11806585075034581,-0.078154542229701265,-0.17592584102136774,0.98129606439126749,-2.7545561352378609,-6.7138565557073919,-1.9614698153881107,,0.1769159553549146,0.1864406779661017,False,1
0.22458542916425839,-0.97314303004700098,-0.050537392869506308,0.95757442831895101,0.21078674183293375,0.19652013560215603,-0.18058958784143553,-0.092528874079376211,0.97919651154651433,11.457975741459661,-10.42145967698819,-0.84646367496259234,,0.1670600726822254,0.32,False,2
-0.55619714092866912,-0.82886945016434688,-0.060167890165991091,0.81894654367896558,-0.5589695924823409,0.1299213349546601,-0.14131984651509338,0.02298758935552387,0.98969706057791818,8.7903869571917426,-13.744747778322543,-0.34625157184806149,,0.1009245494842901,0.4375,False,5
-0.6194348342988516,0.6934904701896758,0.3679285987977236,-0.77140742314652011,-0.62467191943693401,-0.12130779274812434,0.1457088657961472,-0.35896512480055581,0.92190724349324948,-3.0902170644982325,5.6361254913879568,-3.9288207412498619,,0.1364657424950941,0.4117647058823529,False,1
-0.81417586095148209,-0.58002674703306212,-0.026203819762706228,0.57279606832802377,-0.80977177840358772,0.12717834331775174,-0.094985954497863234,0.088536092229859406,0.99153367508158541,14.99995236476409,-4.3468226580719618,-1.8301968189522719,,0.2088907669346665,0.5333333333333333,False,5
0.10326764382180512,-0.9924460887933142,-0.066231069584787958,0.98045834485216843,0.090358450903551255,0.17474777354820889,-0.16744320753389291,-0.082982595700319933,0.98238315389749964,-3.8721715364480103,-9.9874652221060654,-1.5137063095691392,0.4125764171069147,0.3539892359768589,0.5979381443298969,True,5
-0.11851218988650189,-0.99243691514031795,-0.031997348563194423,0.97612852112722492,-0.12235050368615429,0.17945323761281257,-0.1820109092617305,-0.009966128361266112,0.98324600441354681,-9.3463036733448597,-3.8732826699196785,-2.7435182051592424,0.3892342286534198,0.3521132417341914,0.6310679611650486,True,5
-0.79423485682625172,-0.60129403770310019,-0.087386912205923623,0.59711579485603816,-0.79901723058912777,0.070881540298742135,-0.11244429614535802,0.0041164844689407058,0.9936495030039475,9.3817294425262396,-18.569116335175703,0.56916700425951439,,0.250529132094602,0.1428571428571428,False,5
0.95292939493716167,-0.30304559770538292,-0.0094304812222149714,0.29670859203549221,0.92570192049333555,0.23460597990517379,-0.062366494827039681,-0.22636103928533766,0.97204480360560097,6.7670521379564832,1.2238581238175612,-2.8504919090175633,0.6263208330229522,0.6166491210926976,0.952046783625731,True,5
-0.8722734974124442,-0.46001350906148142,-0.16591117259788754,0.48207394294869649,-0.86585821088494719,-0.13376947399543931,-0.082119785933479919,-0.19666502008253015,0.97702569599482825,-15.306147858849446,4.9733282478879115,-4.2282748249904643,,0.6237661783934885,0.3333333333333333,False,4
-0.8677915293703069,-0.49684772364669377,-0.0089555044661250444,0.49217589246492022,-0.86183902748886676,0.12245971408346693,-0.068562033440552894,0.10186181916765358,0.99243307954055693,-13.723907915789445,-4.6314181438934119,-2.8494217442750882,0.2746629984136623,0.1605722239026617,0.391304347826087,True,3
-0.70561927953583814,-0.70797635936424719,-0.029511132283798112,0.69851100319242021,-0.70197777083645962,0.13895894239160991,-0.11909580499095854,0.07743825819852973,0.98985832592383383,8.4365792188106798,-11.751660054961107,-0.7111279347316537,0.3264817398949583,0.2745807099480599,0.8235294117647058,True,5
0.33395887627234749,-0.93856322133718184,-0.087008899039602142,0.92351120667872089,0.30732589587542453,0.22951654594643342,-0.18867570086718766,-0.15700278111403143,0.96940786391731726,0.34622990419972055,-18.31223759005919,0.16015635988725865,0.4872210245693784,0.3111260228665974,0.8450704225352113,True,5
-0.55467885853697341,-0.83113554278968904,-0.039307421739531882,0.81940244319365418,-0.55383817523351742,0.14779347665671233,-0.14460636217120842,0.049769319522140226,0.98823682123968282,-4.7790805591745213,3.2701342955236528,-3.561195432771068,0.4456009173730811,0.3182513125422949,0.9398496240601504,True,5
-0.46533117201364133,-0.86037955548806966,-0.20787958257261036,0.87700935369513722,-0.4799158379756302,0.023138323002897435,-0.11967244412833072,-0.17154535539705157,0.97788071724421022,-9.0682802693687421,9.3925490613624305,-4.7036143415547151,,0.3417521707231728,0.2777777777777778,False,3
0.98659653398026048,-0.16305883862536305,0.0062525422256703884,0.13511878053111004,0.83782647669415433,0.5289515196102994,-0.091488765900091223,-0.52101690001036138,0.84862900941322472,-2.6671614034781501,-9.9707012440309697,-1.4608248835988595,,0.5395446058167862,0.4285714285714285,False,2
-0.34771897273487434,-0.93636796692626589,-0.048026518867957044,0.92406860866805385,-0.35092188566132509,0.1514959954526395,-0.15870955382235161,0.0082982334427558896,0.98729044199123017,-10.103168707920549,-12.327483484009141,-1.4462692012771037,0.4348240813939483,0.5489922768419556,0.7777777777777778,True,3
0.503158217154278,-0.86398438163746771,-0.019047225431816063,0.83441026092419657,0.47996259165966382,0.27091590405834837,-0.22492515416142742,-0.15220676362718169,0.96241455523677355,-12.247075727762361,9.2246965992415308,-4.8090192410989703,0.4161188780645029,0.3838867577826909,0.8793103448275862,True,5
-0.65190746415470291,-0.75806980971457005,-0.018623151685527483,0.74771551787582846,-0.64670415259038461,0.15064940540883667,-0.12624643562124099,0.084284652349464112,0.98841182453027343,-1.4260020888398632,-8.8494403266432773,-1.5190745246336244,0.5317936940355437,0.4614546229926887,0.8637992831541219,True,5
0.20417215093960384,-0.96893963582719667,-0.13953392026226819,0.96241736093555952,0.17260419165278112,0.2096678716296913,-0.1790713716665239,-0.17709820763336762,0.96776529628961183,1.9821271003477716,24.487521854756963,-6.7601846567504502,0.6371301130444477,0.5527596018318279,0.8484848484848485,True,5
-0.89749493091571086,0.42691311063470178,0.11067088573245137,-0.43491466780867322,-0.89836745586195854,-0.061523539990663317,0.073157916218779317,-0.1033494567780312,0.99195101143061037,0.85746182018308925,-16.0406960959256,-0.27924777125673295,,0.2854837670249176,0.25,False,3
-0.99173024973922108,0.12583907342015732,0.025211889118769561,-0.12413175651538377,-0.99041415214801942,0.060589720657252197,0.032594766091910851,0.0569590627176624,0.99784429967692756,9.9333944959229612,-23.048611746171936,1.3749832094517997,,0.2651093479056174,0.2,False,5
-0.18075506840295646,-0.98187827922371185,-0.056944271312626978,0.96822048355709067,-0.18781849128105835,0.1651463277017742,-0.17284877918897001,-0.025283574145886591,0.98462380654303361,-12.177755709175422,0.41328753237788796,-3.5164715358848229,0.2695597756931015,0.3146395299677408,0.7843137254901961,True,5
0.24427996490768669,-0.96897836373429469,-0.037526382179855336,0.95375299735855423,0.2330911395222261,0.18979921155211341,-0.17516426226337697,-0.082155044221516524,0.98110551416995295,-7.4653696714873421,-1.5952908696161041,-3.0065671679682633,0.3940695375923686,0.4199893757698139,0.6419753086419753,True,1
0.16504563614056197,-0.95854009703173848,-0.23229468434156011,0.97838597938155414,0.12936757538041718,0.16132236605564501,-0.1245825563253404,-0.25389941477400058,0.95917374538550948,-7.3282693478811813,11.010977533644011,-4.8834204181008873,,0.345095328270168,0.1617647058823529,False,4
0.29738730524892171,-0.95236098955817872,-0.067596865641463319,0.93262831495813059,0.27461097178350397,0.23407955979640002,-0.20436540023972133,-0.1326550404013544,0.96986464181398668,-2.6290619100395713,-3.4050629427415773,-2.4558774480327523,,0.3655607297270506,0.8416389811738649,False,4
0.042062158258344196,-0.9978310072771428,-0.050636506188040914,0.98303380340360624,0.032275471880566585,0.18056255226576048,-0.17853659627227333,-0.057372247918033109,0.98225918624380504,17.538187852584269,-4.9806755506599361,-1.6691430715615019,,0.07530665314353377,0.3125,False,1
0.44845090842537522,0.89276880314700391,0.043077219732956043,-0.88248900553712817,0.43461196648740347,0.17979319701268465,0.141791882132038,-0.11864359533248166,0.98276078444758685,14.551824787047,-7.5869245583643927,-1.3180295825271495,,0.1065068405555193,0.35,False,2
-0.87967669649616331,-0.45300502339471271,-0.14475965743518743,0.46935617408552838,-0.87603491254744126,-0.11075926076763154,-0.076640012326409962,-0.16537617959413853,0.98324820250710587,9.6733478820222416,6.6529071020744812,-3.7213377057936734,,0.4903999218451666,0.3043478260869565,False,1
0.36464337819725712,-0.89641366281299351,-0.25194791497268787,0.9159194528094915,0.29656640477038915,0.27044393786278054,-0.16771035359229902,-0.32937958753353008,0.92918368722991884,7.1003385374499901,-2.728693794626833,-2.2461889495275646,,0.09888186251934514,0.4827586206896552,False,2
0.91396422948058054,0.38975132262410223,0.11297474825256622,-0.40378861345725003,0.84584103945112399,0.34857953414179799,0.04030065597777957,-0.36420714228719386,0.93044560004051557,5.824212324963991,-2.6340011445048406,-2.3100163323999672,,0.5326793778886244,0.4885496183206107,False,3
-0.89310914350179316,-0.41775181757739033,-0.16685166077771088,0.44405254287742324,-0.87803711434754117,-0.17851656783709732,-0.071926330071731104,-0.23352568325353362,0.96968673204462408,7.0637465795098882,13.954506109991806,-4.7720826605587678,,0.5274042992538494,0.3125,False,1
-0.27809081971976846,-0.95908424858604691,-0.053130971210060385,0.94509300786763872,-0.28308008305591786,0.16329382430684095,-0.17165285452705401,-0.0048031959351796105,0.98514578963802191,9.375069733477158,-19.730362251027195,0.74802482411362015,,0.2328428379458635,0.6875,False,4
-0.46032659119612301,0.88534114037767375,0.065349021358538331,-0.87104691960710767,-0.46465244773978842,0.15929647407395253,0.17139630474642012,0.016406339146330232,0.98506555048640754,-13.946358446050379,-1.8349226678978887,-3.2541111799556761,,0.1322265510437091,0.3333333333333333,False,3
-0.80524589896742194,-0.59167677929732199,-0.038699238190126183,0.5847425646527058,-0.8032346328893466,0.11353527033698683,-0.098260751470382532,0.068794719037615956,0.99277999141451811,7.7175869807531399,-7.922898092885081,-1.3953570083754301,,0.1388736498629592,0.2790697674418605,False,1
0.85619797522256369,-0.51545621716623535,-0.035070149835122175,0.50262952598897315,0.81534008407681824,0.287374506353135,-0.11953487703964605,-0.26367676325812756,0.95717604320670024,-5.364863797411406,12.977516299320719,-5.1135097843601898,,0.2264454867287277,0.5853658536585366,True,3
-0.58132082209162916,-0.81260615860508667,-0.04168132435272652,0.80877770914837133,-0.58267527672184238,0.07980062081109851,-0.089133153132965645,0.012678836469061754,0.99593901827288911,9.5272751499135886,-20.882604606965135,0.97424854752060563,,0.2173805663301722,0.4444444444444444,False,4
0.54084710093313837,-0.83355411314187533,-0.11256977336960253,0.82618628991027221,0.50135700781542869,0.25701627395684901,-0.15779932755408549,-0.23201011007847094,0.95982846438561953,3.9974907760504137,12.644377005265964,-4.7082649409992889,0.2696806700710267,0.2798442367295211,0.5925925925925926,True,4
0.37333169230719587,-0.90378259542181383,-0.20928561281572911,0.91274257635305445,0.31749958726978494,0.25708948130155951,-0.16590490297587329,-0.28700354056374688,0.94345351283062162,10.262591512564278,-25.302718848928418,1.7377166970624514,,0.3572002763025948,0.56,False,4
-0.98530245886933954,-0.1707396337613413,-0.0052001931767367265,0.1704389781105915,-0.98468491094326571,0.036690337982487137,-0.011385046624832432,0.03526476461987102,0.99931315266519671,7.3752337320589652,-6.6529082351763096,-1.5954976282026017,,0.1682077026404562,0.2741935483870968,False,3
0.10765068567763071,0.97116268689333085,0.21273073463715109,-0.98086928489345182,0.068840481223752192,0.18208908286190667,0.16219363682260785,-0.22826305818289627,0.95999437521437991,11.081431787420525,0.8138745622233623,-2.6798958076517936,,0.5153166568423242,0.4333333333333333,False,4
-0.51436592377410428,-0.84730114521360833,-0.13231955932408482,0.85153868134150579,-0.52290009108416202,0.038175501612214807,-0.10153605585791367,-0.093039045910213738,0.9904716882864123,-6.9921966296385225,1.7472693799944103,-3.4587381529151848,,0.4787361869615622,0.8311688311688312,False,2
-0.98481207938507098,-0.16441329596615512,-0.055798175658331547,0.16913976607583064,-0.98105099212934921,-0.094502329991555584,-0.039203416038220973,-0.10250472648402646,0.99395969396116313,0.99699502021859554,-8.7437957926775969,-1.4580362680675245,,0.3116104767233493,0.2280701754385965,False,4
-0.54155916470381749,0.83906675512505391,0.051775009118453598,-0.82661709838486708,-0.54271120658486627,0.14889163477167278,0.15302889852275048,0.037835521551986787,0.98749715418617923,3.3567433333137089,23.912647519368832,-6.6557658782620965,0.2012176644188201,0.2188655497165836,0.3529411764705883,True,4
-0.36397611037844746,-0.92987339937227254,-0.05344952959224842,0.91617423509516316,-0.36776944489117835,0.15928090391578431,-0.16776817940709429,0.0090053619744559013,0.98578534247276184,20.992676736166722,-3.0946281234048683,-1.9400711382569038,,0.1849308697038843,0.1666666666666667,False,4
0.99252531187040283,-0.12185826048332769,-0.0066384974607555051,0.11806613708857087,0.94502684047037233,0.30493385850634541,-0.030885151279244075,-0.30343835476511954,0.95235039365135732,13.608062516927712,7.7688755284091062,-3.8274813405981076,,0.3726848090927192,0.6764705882352942,False,1
-0.76227680071571136,-0.61391281076764237,-0.20504911574057677,0.63811886288817843,-0.76584185814499284,-0.079313083027470227,-0.10834387807770932,-0.19130423175768305,0.97553282620047432,4.470142439151795,15.322199911689255,-5.0795603594844199,,0.3852743949574552,0.375,False,1
0.75080316126956559,-0.62798200702496232,-0.20477600416192882,0.65348370594865735,0.66105098706487553,0.36874196745171539,-0.096195941116217432,-0.4106704169446021,0.90669518006842376,-4.5935472261532961,14.38074517364962,-5.2481247703830647,,0.5159064657187095,0.1818181818181818,False,3
0.73309270552106898,0.67980634318375299,0.020938502308687719,-0.67042528905297871,0.71710927806271851,0.19048415974719499,0.11447714579787291,-0.1536802494906172,0.98146694493827591,1.6826698347499758,-22.797700442889678,1.0318333577237839,,0.379862440091233,0.8928571428571429,False,1
-0.64497727391236581,0.75967092325391228,0.083092746368881198,-0.75093005596450835,-0.65019458251821782,0.11554676937544697,0.14180397450605939,0.012128199640127946,0.98982045825885823,16.109271601887446,-3.7764231333949678,-1.8650669259452011,,0.1612033669385216,0.1764705882352941,False,3
-0.65331394001978282,0.75488751309653845,0.057669214896259632,-0.74312027781800061,-0.65396231560512508,0.14179401420398699,0.14475202406711052,0.049780843095573367,0.9882149154860842,11.655035233562987,-6.91303938689546,-1.4499450057723151,,0.1372682260602567,0.2222222222222222,False,3
-0.72012726571494179,-0.69115042808202165,-0.061055769063706924,0.68389892258274931,-0.72189796056095701,0.10557271535811846,-0.1170426625811157,0.034269816164813352,0.99253543757185492,-4.8360827684600398,-17.494754740887995,-0.27059276959860129,,0.0929135048221012,0.6363636363636364,False,1
-0.26216005226687938,-0.9498006946967873,-0.17073589941464548,0.94299848930081387,-0.28971950361570648,0.16375731556499135,-0.20500233211310198,-0.11807306880982429,0.9716135004465617,10.841995936366526,-27.760742898024869,2.175088653149214,,0.3036342357058096,0.3714285714285714,False,2
-0.83085906611043525,0.55189042033851887,0.071345470778932399,-0.54926587768574398,-0.83389694311291507,0.054063702028665131,0.089332009225160006,0.0057316843517165907,0.99598541150073461,-10.023771858822021,-1.077620402149724,-3.2143664193173533,,0.5191158929024009,0.2926829268292683,False,2
-0.29024227831916122,0.94639358508025861,0.14176953831848776,-0.94112752396828725,-0.30912382289540974,0.13682633426298957,0.1733159066716688,-0.093710427581256389,0.98039785406594737,-9.6239578515072157,0.8738092777107429,-3.4633644325612978,,0.1745301748928974,0.2,False,1
-0.99391449259650033,-0.11012893920125469,0.0023660424864502608,0.10977683382377333,-0.98850287782342683,0.10397647469707319,-0.0091119790533661822,0.10360346174336935,0.99457694249993622,12.777763506533352,-9.2305507483725346,-1.0149571707799967,,0.1417219845701342,0.4583333333333333,False,2
-0.92605561176884155,-0.37287183482982222,-0.058203081551389431,0.37279414287150558,-0.92782859610768198,0.012594573654820251,-0.058698645232538753,-0.010034492288548334,0.99822531425143446,8.3964801555476267,6.9690139068675485,-3.7483995317077405,,0.6751759667776012,0.6739130434782609,False,1
0.35869478882927208,0.93283778210492452,0.0339370114224593,-0.91804687832938203,0.34596235860311059,0.19364910436004698,0.16890227250217665,-0.10061669199162211,0.98048370901115045,11.813603169076265,-5.2901954684552281,-1.6732947133996978,,0.08193182138917872,0.5555555555555556,False,3
0.96395108033037435,-0.26475906139276101,-0.0264755385276257,0.26004637944438896,0.91635018222588627,0.30443098408744362,-0.056339997051547845,-0.30034144393507983,0.95216638345786109,-3.9284214466329543,10.560994769126349,-4.6466085027984771,,0.4660764940859776,0.2173913043478261,False,1
0.92359489296900921,0.37771216505641036,0.065620073529090273,-0.37867902107305268,0.87213604897895325,0.30980786153765522,0.059788566471515189,-0.31098590392456599,0.94853207372207593,-4.6268448856464435,-7.8292588623340009,-1.8553471098123906,,0.5066081419442567,0.1851851851851852,False,1
-0.088410160352745584,-0.98199443858434898,-0.16694479966687328,0.97357603956606098,-0.12061803118103112,0.19390973605488912,-0.21055483544498987,-0.14538986602725251,0.96671011587099498,18.792967575889374,-3.3275519446193687,-1.9231849983519227,,0.2318221809574162,0.2222222222222222,False,2
-0.33960519375852477,-0.87873181893828567,-0.33540826280466934,0.9260601194098802,-0.37477592725923192,0.044222840089037124,-0.16456295941308466,-0.29558990972696297,0.9410343445681526,11.045337705787686,-31.348744527942713,2.8363855896912806,,0.7948104125189313,0.3928571428571428,False,1
0.99570022505727285,-0.09251256974223987,0.0047419680074011726,0.089011840637936185,0.96968665027854206,0.22756250239841125,-0.025650614946676507,-0.22616194355210925,0.97375193003227967,3.1538449530680701,-24.668554279550055,1.456182935375814,,0.1868475089076592,0.4666666666666667,False,1
0.38404000740951955,0.88336818999385469,0.26865203073097527,-0.90915787433040685,0.31103030245471758,0.27693340444580294,0.16107523786079581,-0.35060061588923042,0.92256922552520693,6.7368240373276116,10.115644813197422,-4.1961713334146129,,0.7980245566314359,0.4848484848484849,False,1
0.24631842562661391,-0.89471934248013529,-0.37256480159663485,0.95324200479506693,0.15420425524394715,0.25990522880261635,-0.17509115766110805,-0.41916386516083809,0.89086740913130225,3.4269045280160721,19.113962014439995,-5.7866931112287494,,0.360112928115182,0.2380952380952381,False,1
-0.95998211707800485,0.27542829180419542,0.050730572283921527,-0.27381954982396539,-0.96108988028126918,0.036456771046485786,0.058797865816984651,0.021106825785937994,0.99804674884526812,14.308959737046887,-9.2865908842959826,-1.0015812185177693,,0.1725648073155582,0.1818181818181818,False,1
-0.91052662133245965,-0.37249962244592871,-0.17940262852738545,0.40812666790691909,-0.87918807227119866,-0.24588809755506302,-0.066135427632169411,-0.2971066556873026,0.95255117466633588,-15.873080590822672,6.4487245351693643,-4.5189928933323298,,0.2200839080909439,0.1578947368421053,False,2
-0.49632985106067334,0.83732468574383545,0.22922488867938656,-0.85125368864799744,-0.5212234069327949,0.060772671724617588,0.17036383568488916,-0.16496524091261588,0.97147446326775611,-12.409641404147818,5.490884122797083,-4.2365164748378357,,0.3115937917146329,0.4,False,2
0.31010586206586715,0.88926134343890928,0.33622703249086211,-0.93598312424460939,0.22358255468470017,0.27193093308772892,0.16664316800182738,-0.39903020475383671,0.9016678713652968,1.617711126858302,32.21004815820033,-8.1217886418874734,,0.7156610863145749,0.4285714285714285,False,1
-0.99439671636257665,-0.10380639027108431,0.019985090097703499,0.10410368675012799,-0.99446137475978358,0.014456711794642779,0.018373701106669083,0.016456228297197263,0.99969575354598472,14.052839938627939,-1.0340900238963098,-2.3660535135706331,,0.4290053063992672,0.1875,False,2
0.95750067005708428,-0.28358240369455939,-0.052663907517871089,0.28206420858365833,0.88247214885202185,0.37640760982818866,-0.06026814312976176,-0.37526514202002742,0.92495612009888317,-12.072485772828918,-3.4386935212572207,-2.8751376590118034,,0.1737441729899784,0.1875,False,1
-0.85570547245411099,-0.49254148438483714,-0.15865380730404025,0.51054489717204021,-0.85357178675897061,-0.10372614338096772,-0.084332985146246695,-0.16975892026364783,0.98187059056030568,-6.3651733679053661,5.1276740461509789,-3.8852632312620687,,0.2294074065740772,0.2747252747252747,False,1
0.5180851726596083,-0.85128172380251987,-0.083109449463186907,0.84073979038094127,0.48896866101373848,0.23252151172879068,-0.15730339710404928,-0.19033936867143891,0.96903383119129716,9.2886558521884464,0.93121396063186179,-2.7400669444483268,,0.110313389437226,0.24,False,1
0.58675075023555623,0.75054129162285554,0.30399231350004169,-0.79775711948493244,0.47135266109270685,0.37604553872094681,0.13895011842065888,-0.46315703433060335,0.87531618638122155,9.8414856307907801,-31.412003423816262,2.8308084961291895,,0.5584248570760356,0.3225806451612903,False,1
-0.78202167366717423,-0.60517450673909601,-0.14901650347489667,0.61453300676061506,-0.78856960071108639,-0.022520400443060334,-0.1038811124148655,-0.10918700118351901,0.98857822819238783,-3.7538516981970482,8.6679198066825034,-4.3327101635739265,,0.1136323397966061,0.1818181818181818,False,1
-0.040200473684640553,0.99688006575177623,0.067926846108620223,-0.98311234361902966,-0.051608866572194163,0.17557518251459117,0.17853302702701554,-0.059721515368141034,0.98211979863085119,15.37456624019376,-0.27081702165956112,-2.4755722922797738,,0.2184611381494738,0.1470588235294118,False,1
-0.35665141346011892,-0.93135570611710705,-0.073323379354776341,0.91985902652971807,-0.36379583812071015,0.14666955879748769,-0.16327627074593232,-0.015137266898457822,0.9864642530584401,11.727890757203662,-13.504095680468701,-0.32508407000756862,,0.07770674304694827,0.1428571428571428,False,1
0.77152691537885099,0.63589763433544744,0.019504294208638733,-0.6272553865488012,0.75520423190920605,0.19030829764342966,0.1062868707390969,-0.15906214745503672,0.98153060795651337,12.664613975958071,-23.181552353363081,1.43329818438292,,0.2459499710192478,0.88,False,1
