axis_00,axis_01,axis_02,axis_10,axis_11,axis_12,axis_20,axis_21,axis_22,location_x,location_y,location_z,dbh,dbh_approximation,score,reconstructed,number_clusters
-0.27896203589090085,-0.95276432477924522,-0.12008465330571279,0.95153847011615922,-0.29110198969063872,0.099167391249093351,-0.12944003407216514,-0.086601229934110721,0.98779831167769083,6.0301500618083743,1.2267030729234156,-2.8481809350921772,,0.667726556333415,0.3601532567049808,False,1
-0.67792732901113151,-0.73504298931210665,0.011240126465252904,0.73149376066286353,-0.67297748857620754,0.10962745085498068,-0.073016537107246204,0.082541527322810171,0.99390919181587412,8.7291158518998024,-15.557612150491659,-0.79188901518544919,,0.100898889485144,0.3888888888888889,False,5
-0.9793373096216047,0.18737426043436417,0.076087584465487509,-0.18590960177547175,-0.98222384527268081,0.025960310965679884,0.079599333859041416,0.011278488570032868,0.99676313221586055,10.408987603965725,-24.930213711962239,0.54793909343938718,,0.236003628846891,0.3478260869565217,False,2
-0.21257127510554036,-0.97714187867798175,0.0026836418666257699,0.96618844462758791,-0.20977670066415269,0.14991205864300744,-0.14592238508236716,0.034459901220493278,0.98869569268797086,14.514133290875581,-5.9397021244826078,-2.1683718074795304,0.3116572705257045,0.2124339557436386,0.3777777777777778,True,5
0.38668630420767514,-0.91934660374037702,-0.072632804773344384,0.89980368471898675,0.3588624894891761,0.24813512972524648,-0.20205699964203966,-0.16130572162407775,0.9659986713588129,3.3422110207840725,19.464692053465008,-5.0581732560501109,,0.2637022620584133,0.4428571428571428,False,4
-0.012957893410457416,0.94243455345488236,0.33413949998864279,-0.98858124472041564,-0.062247557070484724,0.13723106144671224,0.15013066170971798,-0.32854581734219929,0.9324797211315371,-19.73998989134752,20.071162290936289,-4.8100316796024583,,0.3297529892409001,0.2352941176470588,False,1
-0.046549960875120443,-0.99062095625086632,-0.12846486748969035,0.98435233307865289,-0.067370610024803435,0.1628240930191194,-0.16995171521681604,-0.11887523687254975,0.9782561487429341,1.4178257354380916,32.262298972883414,-6.7557494771557289,,0.3218052136131001,0.16,False,3
0.017850608814244405,-0.99702557856969098,-0.074975672339326435,0.98898024894585812,0.0065845062935470221,0.14790101917113033,-0.14696742142376196,-0.076789582331482073,0.98615614234532212,-12.57792563405089,-5.8832181360173115,-2.1704200867594277,,0.2341296464003669,0.3157894736842105,False,3
0.63764858243855782,-0.72302572283067135,-0.26577827119477437,0.76258043274560006,0.54366698119031598,0.35056710792220952,-0.10897416623966941,-0.42621592847827033,0.89803374847706852,-14.981804090359727,0.29540955617471265,-2.9561650719847803,,0.1436800891686579,0.3529411764705883,False,3
-0.43567930196552013,0.88741573366190829,0.15058838430679738,-0.88436703390497629,-0.45317533499928098,0.11192437219123358,0.16756639036796558,-0.084412270420739469,0.98224033383966891,1.6835584539617259,22.063982732814367,-5.3517002308915158,0.2365157129566721,0.2227892815895107,0.5277777777777778,True,5
-0.75671862064079232,-0.65374060253463384,0.00039213919902318997,0.6500615721073556,-0.75239624511251335,0.10639474991701892,-0.069259523856367092,0.080765803024830496,0.99432389261092624,12.569818185680599,-10.876391695535098,-1.4734741890737697,,0.1523939697190513,0.6923076923076923,False,3
-0.91923606085735576,-0.39288791137258605,0.025380179604148061,0.39337167970956738,-0.91388381702429744,0.10037475072733126,-0.016241490754404085,0.1022519343503452,0.99462593767691743,7.4143986091076144,-9.7791403125344107,-1.5366629322853398,,0.1566871888479175,0.4761904761904762,False,5
-0.97943420079758436,-0.19829315922154714,0.037262170011115925,0.20137591322873871,-0.97218231725937143,0.1196214177289843,0.012505513955478647,0.12466501118653456,0.99212007695972593,-12.846012072209669,-2.1241986158195352,-2.6343683025542481,0.3030987863477886,0.2754516180401244,0.703125,True,4
0.73316900462903123,-0.66099592381484595,-0.15983616409133908,0.66215219795841707,0.64031581969515738,0.3892943844790932,-0.15497637687761456,-0.3912544437425306,0.90713961596967552,-0.27277429840561929,-14.186762731327734,-0.95710835289381957,,0.4776894063914978,0.2,False,4
0.74215699229910126,-0.64990151521191086,-0.16380176832627355,0.64436944943532026,0.62465852231198593,0.44112327430938025,-0.18436651381412522,-0.43293157776751373,0.88237137167734392,3.1740592740081843,15.105319178019762,-4.4583067181529774,,0.5855881968572355,0.40625,False,4
0.22309782859991062,0.94868569040463979,0.22410448388079385,-0.96427040506950035,0.18108427806539676,0.19336770708842888,0.14286337802637633,-0.25923723702239637,0.95518904420009298,-20.337450161581366,-0.72861114599374333,-2.7254046330031558,,0.396697333917989,0.2352941176470588,False,5
0.69277881043042633,-0.71885637844695049,-0.057471966946830377,0.70544191521066246,0.65898991221191938,0.26092910889135934,-0.14969710779609452,-0.22130929209832303,0.9636456678408426,-13.336873959932301,15.487632217195527,-4.3534439154149673,0.2658374860493713,0.2839576751661207,0.2631578947368421,True,5
-0.96529087035312622,-0.25976833447787429,-0.027091474959748785,0.26037400672727828,-0.96525994965081718,-0.021877070665079268,-0.020467345545691094,-0.028171652466492798,0.99939353898432837,9.6793518469058615,-20.35294030388382,-0.09529818600494297,,0.2469175619725117,0.2666666666666667,False,2
-0.0073097352270876277,-0.99299728137540266,-0.11791084323321963,0.98879284845048288,-0.024760793000559576,0.14722637665569008,-0.14911495774767047,-0.11551321271197708,0.98204960519561713,-11.605790022109748,28.801048222937055,-6.0110164768375149,,0.1745723109343641,0.4545454545454545,False,1
0.99666159936386811,0.032838848849338416,0.074748019102222549,-0.059665595352833764,0.91790035011485049,0.39229958448897989,-0.055728566145629731,-0.39544981636774679,0.91679538046941911,-7.9697971196665751,-8.1015055409866843,-1.9107581292991278,,0.3662555926896712,0.6296296296296297,False,4
-0.41729277419559418,-0.88230648892646213,-0.21772000413927028,0.90150156019445005,-0.43214325540466936,0.023391104617511135,-0.11472435474265012,-0.18651398447975373,0.97573093423462243,9.7091709731708669,-5.6065302417279419,-2.1035900159176326,,0.2289275315294903,0.3333333333333333,False,1
-0.71075933179178918,-0.68634897077833723,-0.15409822381327717,0.69816313725233703,-0.71506786371176123,-0.035301332392319501,-0.085961654549364469,-0.13267645080501511,0.98742470768606994,3.1529502822658357,13.507250396497829,-4.2842339549812971,,0.4420661259484252,0.6515151515151515,False,4
-0.37813115120636565,-0.92546112093732147,0.023206596492943266,0.91781764825130652,-0.37149749630801404,0.14000133854831262,-0.12094460321068796,0.074238291132775719,0.98987932551594182,-13.285725351787082,6.7288040508325988,-3.6245558478111035,0.3640297333261867,0.3091333276868789,0.911504424778761,True,5
-0.35882908774675998,0.92631221158192212,0.11483628547212305,-0.92149550122233193,-0.37114928771534894,0.11443009855536765,0.14861940322121495,-0.064760272564250473,0.98677169602880943,-0.42973809837969951,32.388752126728662,-6.7250490128430309,,0.3010561624917333,0.90625,False,4
-0.92170333043941632,-0.38642844223597239,0.033705039504027229,0.3876664190727877,-0.91468848568473804,0.11427913929953551,-0.013331098235704246,0.11839777526136494,0.99287675399970443,-3.1308961871139389,-5.5804233516846615,-2.0982361010066151,0.461973151553229,0.3944028228981668,0.7986270022883295,True,3
-0.63666150061304472,0.68274459185004532,0.35849958986958341,-0.75693471595885575,-0.64212447466629496,-0.12135070997245948,0.14734981986222848,-0.34862011034082413,0.92560901532586626,5.3019908630510182,-7.0752110591454249,-1.8698948054997295,,0.326757584176455,0.3846153846153846,False,1
0.99060050605582883,0.12611403033792254,0.052970640489438579,-0.13475264801365774,0.96626307855815297,0.2194934779637609,-0.023502367013624178,-0.2245682844197868,0.97417489414247926,-13.861518960400231,-11.275188384772463,-1.582635750232728,,0.1608494717833021,0.4166666666666667,False,2
-0.92782189028515361,-0.37293571527658792,0.008092723819857317,0.3724776370766219,-0.92507282564917759,0.074166549894563449,-0.02017299644329195,0.07182770716503617,0.99721303175295151,7.9175327350532161,-12.011293531591827,-1.2609355978520602,,0.1548649002071368,0.2692307692307692,False,5
0.90551426061001838,-0.42429002839588753,-0.0046792772634892989,0.40679001526625319,0.8649237190903053,0.29398782905874943,-0.1206888864459902,-0.26811365492792771,0.95579770910460726,12.605634458509069,6.1539437027819757,-3.6424211612388295,0.1900055989848899,0.3538783975295866,0.7115384615384616,True,4
-0.12079752280049931,-0.99265794108641048,-0.0061782265540271022,0.98235952105950142,-0.12043467270623329,0.14305684532342694,-0.14275058623000914,0.011211672856112997,0.98969518970375825,-13.801521988348952,0.86686064493795212,-3.0204865908639245,0.4782179285656987,0.4103998666888979,0.8823529411764706,True,5
-0.99701113782398321,-0.059332504534445274,0.049481763919625221,0.062900211185653365,-0.99527500880049302,0.073967697611728001,0.044859274266618544,0.076859031758472279,0.99603229603734422,7.0073136462548264,-8.4997027873094737,-1.6847399573022508,,0.142150395513059,0.15,False,5
0.99594168320409426,-0.074404579556451203,0.050637162219307058,0.064264960888607059,0.98180941039260716,0.17866252115793135,-0.063009352151744066,-0.1746832567979833,0.98260652416716054,-2.5721030919175982,-2.4979571064823527,-2.4677091468912642,,0.4565849036119612,0.9930795847750865,False,5
-0.99203848537505568,-0.11570977115366264,0.049708071722140035,0.12061905924098565,-0.98648418880575273,0.11090530999044673,0.03620339877119283,0.11601807659078174,0.99258708425084341,9.5987196264947041,-7.1704629635621568,-1.8994102707005001,0.2224518229293051,0.1635388308965202,0.6666666666666666,True,5
0.80532134080227491,-0.5926560061476237,0.014710418946232337,0.56762460319410646,0.77799249847977547,0.26931391007136918,-0.17105510193256146,-0.20853424343820415,0.96294009232999356,-11.641070900115288,-9.8087666250705894,-1.710439595059237,0.3980238706489278,0.3547601931276927,0.3333333333333333,True,5
0.046985269536199831,-0.99370774333331702,-0.10167253948838258,0.98730962065464789,0.030741523926981172,0.15580331084229784,-0.15169738761556009,-0.10770273694782742,0.98254161389966632,7.2964318107089579,12.8861168210999,-4.2003406563613597,,0.0828387859352536,0.3125,False,1
0.83069708913528106,-0.55523783305576391,0.040660728543774609,0.54251871406101793,0.82373195497195673,0.16473952546871629,-0.12496315855383233,-0.1147894381100374,0.98549865241035806,-10.518365232669119,17.579054169628971,-4.6088711213558486,,0.2179164964724781,0.8571428571428571,False,1
-0.23775905346470988,-0.97035452897176455,-0.043390328410282855,0.96402822058330551,-0.24120254099296701,0.11167329196152553,-0.11882854208713188,-0.015278164893829726,0.99279723773937145,-4.0637397399306785,-12.229862919432184,-1.2826151874379916,0.3689558831811449,0.3341157649920071,0.8404907975460123,True,5
0.89270228290627573,0.4438456723703989,0.077997776968271204,-0.45047344311712845,0.87408924297863433,0.1817736844409486,0.012502445365725008,-0.19740571021909878,0.98024215091617573,2.3869230311348217,-20.968721364754742,0.083101493013188796,0.3295559632638367,0.4171850483023762,0.9636363636363636,True,5
0.0063013760027672361,-0.99995290158900341,-0.0073815489028596377,0.99056429053591266,0.0052312689213460419,0.13694896911096854,-0.1369039041647688,-0.0081748656995768772,0.99055060072428325,10.212167831887097,-17.657227692783188,-0.48960107532880748,0.3418267548453541,0.3287031804741389,0.5294117647058824,True,5
0.34263144578222088,-0.93946569915664813,-0.0028093538928742508,0.92623623412508516,0.33730336972006442,0.16826430212398058,-0.15713093570320821,-0.060254766480336369,0.98573791251094445,-10.929398620675373,4.3367919174864609,-3.3111093198317123,0.451399188327638,0.4456351432034681,0.8812949640287769,True,5
0.11138884612944315,0.95827256869452349,0.26326072446445459,-0.98666086947990783,0.074994987656724396,0.14448557181780619,0.11871332526343419,-0.27584313642714758,0.9538436509674586,-14.537632259495146,-4.4226450684260863,-2.3973027312651816,,0.2666929551711291,0.103448275862069,False,4
-0.21237341709122257,-0.9702158993947787,-0.1165274228436301,0.97407047710783845,-0.21970383955175904,0.054008596659452027,-0.078001521394817003,-0.10203593214057212,0.99171791917475149,-13.729021559163947,11.02946947908486,-3.9835878871218102,,0.3037501613130199,0.9387755102040817,False,4
0.63639053851532457,-0.7578965843504688,-0.14352647810793517,0.75370472089684071,0.57137060392780492,0.32475348599359288,-0.16412274731429011,-0.31484662995983931,0.93484507990198129,-17.665641654004393,5.3993587412236614,-3.5110620240221904,0.7157445506313205,0.4157800512589569,0.717948717948718,True,5
-0.63640091461209736,-0.77125059064639034,0.012899701875568846,0.76952145137153138,-0.63364305118182496,0.079581527806631358,-0.053203493869635243,0.06057235439191614,0.99674489119507526,9.5597748863399552,-21.508565167313133,0.071299904768826347,0.2084177583591687,0.2503721121400173,0.4736842105263158,True,5
0.86027961104290862,0.48906138840168062,0.14400676789124292,-0.50878862878176212,0.80559377640226149,0.30356679437039491,0.03245184195444261,-0.33442132975718486,0.94186477381692124,-11.460740839337777,-2.8159349864290553,-2.5276883402212063,,0.1085164369242341,0.3846153846153846,False,1
-0.84156387063931004,0.46492472172232507,0.27498228082187515,-0.52596188937527821,-0.82125803981784717,-0.22113191302780008,0.12302171580403864,-0.33072682861534763,0.93567377983710986,-6.2990740912982046,-6.5195178757493544,-2.0672484859778977,,0.6181437976813624,0.2857142857142857,False,1
-0.97245257408960173,-0.23298441355154262,-0.0073657442631935091,0.23270473661367139,-0.96847411394268945,-0.088917918219468289,0.013582956381762051,-0.088182502033940777,0.99601172163331719,3.4638154290706513,29.061129100353586,-6.3652666792043666,,0.4177404639548093,0.46875,False,2
-0.57424502910762965,-0.8141502998750525,-0.086034503302690329,0.80950302327161539,-0.58035527680784638,0.088840351166593071,-0.1222599765225451,-0.018629060487607312,0.99232326196963505,-1.6120101207778106,-11.013126710115227,-1.336514313262448,0.4833683941556828,0.5001189891931377,0.4506172839506173,True,5
0.14997239029004508,-0.97926506916144129,-0.13619180030724073,0.98346967013172559,0.13362134138959703,0.12219961152245593,-0.10146767998572143,-0.15226707275534554,0.98311700650168454,-10.067024510212883,6.9305093928652006,-3.5545078307457625,,0.2347659202438458,0.5294117647058824,False,2
-0.91794599295312407,-0.39435544908309877,-0.04311535457086127,0.39565484949747459,-0.91799625309566135,-0.027205135020024335,-0.02885124070875349,-0.04203164380314442,0.9986996279306265,-6.145789258468799,-8.0321380546297956,-1.891584854637038,,0.2716418205519502,0.5,False,3
0.49659475772116202,-0.86737875829812106,0.03236875433299017,0.85408677913754472,0.49495091072871944,0.15987297980354787,-0.15469137114368967,-0.051746358538745096,0.98660675756436234,-9.8207782461007742,-6.2889154822646844,-2.1123178366060502,0.3733739879624257,0.3096956397657173,0.8,True,5
-0.96844621348029802,-0.24675894518032698,0.03495646677176157,0.24860774661280324,-0.96635360673562987,0.065991628811111078,0.01749628302746456,0.072599791477190811,0.99720767664398324,8.3222281191400018,-13.53623822809015,-1.0541339496394282,0.2626024706260438,0.3037490915325933,0.7666666666666667,True,5
0.77265544403755948,-0.63459070747760626,-0.01726843311345079,0.62057300874206089,0.7492972125368903,0.23117704926154212,-0.13376361844667897,-0.18933652914194471,0.97275843512792726,11.353503001263039,-8.6228493612793766,-1.7105870548665463,,0.1508544479291872,0.2758620689655172,False,1
0.8743442461346157,0.47837362788690874,0.081736230605578428,-0.48423485288027751,0.84876652603299296,0.2123958369222444,0.03222959055444187,-0.22528660951819116,0.97375931167023566,6.0286717992102403,-0.5693863125833537,-2.6516197634059702,0.6668263379144709,0.5289082297070518,0.723404255319149,True,5
-0.33666842259393687,-0.93511498296157014,-0.11051851369291657,0.93531462329612769,-0.34566499959904051,0.075513333263848112,-0.10881603133974335,-0.077946627207188299,0.99100120818820914,2.1901247937615635,-24.703269377682993,0.59876388248038737,,0.3955601684303087,0.3846153846153846,False,3
-0.056499503497225795,-0.98182135274302118,-0.18120330406046856,0.98593049518547704,-0.083464876057867662,0.14482635508761688,-0.15731771917964826,-0.1704712461458191,0.97272333655032905,-1.6949232093130508,30.61003820936449,-6.4225139488400185,0.4211458426331178,0.4470899036253916,0.7887323943661971,True,5
0.58198736645764659,-0.7788426354550172,-0.23386931068692277,0.79438269247872206,0.48299696659174957,0.36833417999613471,-0.17391619583566512,-0.40014757210390761,0.89979724236374459,2.735709864970445,24.041223397235669,-5.6513089066931359,,0.3412276988860992,0.4090909090909091,False,2
0.53154194701451685,-0.83248113604031249,-0.15632759417660852,0.83462052148127486,0.48327737694504258,0.26429446088679781,-0.14447056339040296,-0.27095781049851492,0.95168803777472688,5.7261620705940937,-4.3617032144495163,-2.2226296383279114,,0.4048316973763813,0.1956521739130435,False,6
0.84719392659854453,-0.52850625071673996,-0.054254895519882933,0.51964645535069343,0.80304792154674454,0.29168749911662784,-0.11058938545809366,-0.27530924185865491,0.95497372171762562,-14.688477798733524,-0.6862804424013611,-2.8436778078148395,,0.3350800568516877,0.5555555555555556,False,4
-0.36394816759752996,-0.89433859169622887,-0.26019264921439739,0.92557236951033184,-0.37851683613018311,0.0063869840320573967,-0.10419942466938083,-0.23850259572759852,0.96553559837520642,0.91448327126358253,-10.906963237789304,-1.321004463051664,0.6458687786023249,0.3364054176292541,0.2121212121212121,True,5
-0.81374222124944495,-0.57998625554955696,-0.03794128002087966,0.57813950983349471,-0.81441299417968949,0.049861629343204844,-0.059818931163179913,0.018639159983129289,0.99803520839177695,-5.4908844858520567,1.0761310929115293,-2.8834688942877005,0.7784752504086012,0.3712780163124317,0.9429477020602218,True,5
0.93064680920232368,0.34893456308572435,0.11018705552698685,-0.36549433719667335,0.90092005921478346,0.23400200080681915,-0.017618342677362907,-0.25804596022531501,0.9659719853146348,0.48487012931717582,-20.428123594467873,-0.007114740964472792,0.5803923721870498,0.3326280284911179,0.9836065573770492,True,5
0.34644361393146678,-0.93806530515257913,-0.0032102391037731395,0.92471781917271412,0.34093480227072809,0.1692938732059707,-0.15771422659533427,-0.061619346552996071,0.98556038823596082,-14.126094929095835,-7.262099425405764,-1.9578761436510439,,0.120761433501248,0.3157894736842105,False,1
0.97352448341768882,-0.22768193953368696,-0.020273494925665575,0.21315587999509147,0.87221389474712385,0.44023572394067678,-0.082550899509579251,-0.43290167038281574,0.89765332549371613,-9.5686956433222843,8.7219102557911299,-3.7294627835531169,,0.12352096505181,0.1818181818181818,False,1
-0.24247249517739136,-0.96684072308908686,-0.080162991829274763,0.96206722457496319,-0.25027732546162351,0.10857216843373071,-0.12503497303185129,-0.050796422475869185,0.99085113865937291,0.27093781707200415,22.64612901596001,-5.3898305873955659,0.6129448146138713,0.5538766241080028,0.8838709677419355,True,5
0.02507728703457467,-0.97768281824025605,-0.20858436325088117,0.98826011143849124,-0.0072101930501530971,0.15261050178726349,-0.15070859900671355,-0.2099626634284523,0.96602411882492034,-12.150500269603526,26.751879889228221,-5.7386679906835498,,0.2081144749885187,0.1428571428571428,False,1
-0.92105209409033384,-0.37648464386469832,-0.099611007955366523,0.3878711048757682,-0.90975923076946807,-0.14796671258157526,-0.034914838883541105,-0.17492128219235928,0.98396315940278956,-3.1791038227416339,-8.8681721598748648,-1.7417096651189428,,0.3597155832794108,0.24,False,3
-0.20687681461744151,-0.97795446988919943,-0.028408421242214755,0.96813691427857351,-0.20881537350370233,0.13822827134733101,-0.14111307092152314,0.0010929831854475346,0.98999288209706504,9.8331806050271506,-9.8759774580055311,-1.5251757021808758,,0.1256934848990575,0.4615384615384616,False,4
-0.99350032816414358,-0.11335493838808973,0.010380553008991114,0.10832117411898855,-0.96951085226829292,-0.21980725777711113,0.034980296957342519,-0.21725414904448215,0.97548808990563063,-10.400328122131478,-3.0664346919232024,-2.4841286531688298,,0.4693563376192844,0.2258064516129032,False,1
-0.82039795410278704,0.55281331147604063,0.14609804775853433,-0.56223297345507206,-0.82643230779206134,-0.03006200587711344,0.10412146975446099,-0.10680394792507164,0.98881324639377155,10.719149531795512,-26.880093191268784,0.80805920728860225,,0.2575915033863617,0.1363636363636364,False,3
0.70788514053287144,0.65550903276721628,0.26307135110715862,-0.70186958683304657,0.61102881389786035,0.36609134333576265,0.079232006736962027,-0.44379240253429669,0.89262007178937652,5.3602158356668035,23.861560312051644,-5.6880916953675156,,0.3617654998768826,0.1923076923076923,False,2
0.66646877690911321,-0.71119153702168214,-0.22366485435581376,0.7312935787614373,0.56527190211634137,0.38167706027486403,-0.14501403748451253,-0.41794051532067322,0.89682587751799958,7.5458415846113409,4.6835171932667912,-3.2942815648577484,,0.1201495762822665,0.2,False,1
0.86074807161226319,-0.50899731393091852,-0.0058729572517190413,0.49839309085013467,0.84035701591527068,0.21308311241117006,-0.10352335103067292,-0.18633791941816866,0.97701642543935185,12.753584100564852,-9.3228119596577681,-1.6699065496435999,,0.1392969750812268,0.7407407407407407,False,3
-0.97280909176543762,0.20735951340024111,0.10317220158995691,-0.21623348744627219,-0.97273727458183812,-0.083816904893462746,0.082979213573799976,-0.10384713208130583,0.99112573535004156,-7.633433884454222,11.50447505365918,-3.9603941238831148,,0.2150112707113139,0.2173913043478261,False,1
-0.10256483421253994,0.97966258387734872,0.17245775289534263,-0.9809841040769065,-0.12833490181344029,0.14560336714844171,0.164774519666675,-0.15424452900278676,0.97419607007076636,1.1677133209895723,18.783288293511792,-4.8928090631903647,,0.2144051088607212,0.4,False,2
-0.90746096793433695,-0.41956659733405971,0.021873776015918975,0.41995554281459663,-0.90736760905569658,0.017926630911750147,0.012326140311277671,0.025453731319148586,0.99960000691624595,-11.881562586815253,14.981689838145927,-4.2949162733864217,,0.4361497307922471,0.2978723404255319,False,3
0.78102245063460007,-0.61316731966105198,-0.11844732881920871,0.61076322358211388,0.71040804043770533,0.34969801372190495,-0.13027745900311971,-0.34546527203344463,0.92934467744456872,11.077722649524855,-33.329618798116684,1.6518845198375569,,0.361539487863861,0.3793103448275862,False,2
-0.39874061965286345,-0.88494443896710206,-0.24058108441864373,0.91121068276762918,-0.41191134412905211,0.0049128594471672116,-0.10344568550210616,-0.21726109757385834,0.97061661104269248,11.681758105328376,-5.8419967853139028,-2.1136878627541766,,0.5385890343124157,0.3114754098360656,False,3
-0.27175812364752278,-0.95719937745050865,-0.0995835028503015,0.95362922363238223,-0.2817568463502555,0.10585075988890361,-0.12937861517993449,-0.066199934615653336,0.98938301106851723,-7.9616878179832922,-3.8516369674035102,-2.3555015253804945,0.3364823345501974,0.3000578426750221,0.5901639344262295,True,2
-0.40922220625225803,-0.91035989957330987,-0.061498285820877394,0.90523357585565578,-0.41352049927918133,0.097739295165651524,-0.11440873678883172,-0.015673223177397472,0.99331011825190541,-1.8743588782979161,-8.9390888893723055,-1.6593280133882984,,0.2697359590195156,0.1428571428571428,False,3
-0.94346608059850268,-0.329309228233441,0.037778128068954822,0.33145786843882891,-0.9382243491497354,0.099351658831359629,0.0027269415261233082,0.10625677796192738,0.9943349842618745,3.6112455911786845,-26.732249940488657,0.90631057505589196,,0.2732176014478104,0.6428571428571429,False,4
0.95747419001128631,-0.2854889103485635,-0.041704406604350625,0.26640785018440821,0.81931663629332274,0.50768800148626436,-0.11077018020366798,-0.4972085393081912,0.86053101955517097,-7.2933403562952437,25.142936886512906,-5.5670240142003786,,0.2435216388641838,0.3333333333333333,False,2
-0.38201382401556921,0.89449210391348399,0.23226991690150034,-0.91064948814262348,-0.40716067351545282,0.070268739052442838,0.1574260080373604,-0.18467285122310517,0.97010978245482582,-3.7655849823964163,3.2425111204296457,-3.1060625924338043,,0.3021923412809243,0.2448979591836735,False,1
0.95343876343631218,-0.30150452768822511,-0.0070387612927446438,0.28699421597824443,0.89988689778847708,0.32838680117152086,-0.092676018322264908,-0.31511678941645016,0.94451710659775767,4.4038646711153611,-1.9658445732650254,-2.5083546349185331,,0.4524472955193811,0.1641791044776119,False,1
-0.95660118972104391,-0.28211609478968019,-0.07297035620650813,0.29135028877684305,-0.92132249734699589,-0.25744876210995105,0.005401208562416852,-0.2675357264795043,0.96353280276446751,-4.5055084881662646,5.0902185564593943,-3.2698185482114219,,0.4972271524857496,0.1166666666666667,False,1
0.18145600415086371,-0.9791227851004759,-0.091609444134811105,0.9709193904591118,0.16358041602000289,0.17480556262667885,-0.15617059834715585,-0.12066490455724957,0.98033194634270782,4.2214579671876828,12.712442404963133,-4.1869153191341253,,0.2228130894652714,0.1,False,1
0.9047623055788957,0.35753849235191143,0.23145495650403006,-0.42558393548430024,0.73743220490366046,0.52447312326621653,0.016836990861053551,-0.57302702349683921,0.81936350057901464,-10.853995651085494,-4.0141129785424683,-2.3932555149935753,,0.4965707829520133,0.3333333333333333,False,2
-0.670973495257569,0.70149665158171215,0.24020203263396159,-0.72723835962429495,-0.68578706008470836,-0.028643961167013621,0.14463380293971909,-0.19390347093339685,0.97030021488566931,-3.0149997263067512,-12.346788328463678,-1.1810784582962657,,0.8896718296693868,0.4468085106382979,False,1
-0.07888522914975582,-0.99345366781356947,-0.082625241480781,0.98418965750122389,-0.0907975733969478,0.15207405673832208,-0.15858070087376658,-0.06932251130039023,0.98490941245243124,2.7996696089457953,10.713777108189559,-3.9365674797442169,0.2863143837229342,0.1452335031150997,0.1958762886597938,True,2
0.50542043706075823,0.8568648106818274,0.10165076495780866,-0.85814486647465837,0.48683492543451895,0.16303111212390331,0.090208480446699643,-0.16963033806593031,0.98137045933894651,15.625339036397113,-5.2697490062254131,-2.3149566442235101,,0.1438666958331669,0.3478260869565217,False,2
0.75260336657480309,0.55540373024464429,0.35371580265886721,-0.6557136437910901,0.58300196509565017,0.47973776799499696,0.06023113784815623,-0.59298853709405253,0.80295504538459161,-16.515048756184363,1.9142441204766973,-3.0854650931588719,,0.437014256118219,0.3076923076923077,False,1
0.28756528720121055,-0.95678479727346932,-0.043232595379552548,0.9446904242190024,0.27591982299608842,0.1772801558740546,-0.15769022793377865,-0.091821037808195866,0.98321039916694308,-8.8790089011819173,-1.2211365742939766,-2.6300134943949067,,0.2220589447498761,0.5567010309278351,False,1
-0.60511726128104482,0.74856255525324022,0.27108522824467596,-0.78197280184013529,-0.62277790770504193,-0.025811138231772585,0.14950463966719274,-0.22760004074531845,0.96220922058080127,12.56499964561211,-4.6039549140680043,-2.2786501812581044,,0.2795537228301263,0.1666666666666667,False,1
-0.31430269632256747,0.93179287166597391,0.18159256426638296,-0.93340982726072597,-0.33820477106124119,0.11984835086272308,0.17308931063894381,-0.13183162421774988,0.97604329483821783,-9.0513540191513009,10.76030688439833,-3.8739838025297537,,0.2969088492620964,0.2272727272727273,False,2
0.79104370521852918,0.55495652703621845,0.2574356415379182,-0.60948862400272441,0.67870391798342267,0.40973724376143461,0.05266377925487721,-0.48102416240127721,0.87512415207257499,-15.825831282434688,0.18886072530108106,-2.9299443904323383,,0.6582714270041803,0.1428571428571428,False,2
0.41677426806962015,-0.82689995562050356,-0.37753896867719922,0.89870418449629041,0.31246553985608894,0.30772727401272393,-0.13649175155990767,-0.46754866035232501,0.87336604694644304,5.58277905286121,11.957843018718952,-4.0917400580777716,,0.6359325614741163,0.3939393939393939,False,2
0.52080695606874172,0.81474551548191843,0.25485262312268686,-0.84765100247146252,0.45814858398482528,0.26755869076115568,0.10123187501738777,-0.35537250877748267,0.92922682240971788,13.243823333868594,-4.1872101091814669,-2.3352447316623857,,0.5243470351265885,0.5769230769230769,False,1
-0.71174097213174881,-0.70207189256175673,0.022800137361565768,0.69905515730684442,-0.70475251208641476,0.1210197659499936,-0.068896122036414043,0.10207327947431213,0.99238821536014976,-3.7366976317082328,23.255577970075656,-5.3428351931473008,,0.5671238030680855,0.1818181818181818,False,1
-0.33091282115520365,-0.86437098901156695,-0.37862844339836732,0.93543637697732285,-0.35332567073126836,-0.010943264130970881,-0.1243201086817621,-0.3578040857193579,0.92548406081352375,-12.743911656429855,-4.9569381642105768,-2.2951809291441387,,0.488270273496649,0.1785714285714286,False,1
-0.84151440840220082,0.45076907034088298,0.29775954338276023,-0.52603889807656512,-0.80922527656389653,-0.26160567555096786,0.12303080167944522,-0.37677804738877924,0.91809679492089036,10.36000420679644,-1.5255575272692974,-2.6533651384538497,,0.607067210748738,0.1052631578947368,False,1
-0.97914716294241777,0.19381491622199859,0.060881947666562485,-0.18719760002351246,-0.97719692311787609,0.10021592684994177,0.078916993399719804,0.086729185968827713,0.99310128207244464,14.04690674052306,-10.893078340649653,-1.48966511226381,,0.09390371269713245,0.2105263157894737,False,1
0.60026917964120707,-0.79839050332457728,-0.047429064654503493,0.78564255317455589,0.57749978854414596,0.2219454276907552,-0.14980884691578822,-0.17048929125489162,0.97390487777460444,12.27360137478342,-22.276840121576882,0.12947628129193736,,0.1890600712376024,0.25,False,1
0.34473743107311117,0.80057716293915271,0.49013499140278638,-0.93062194317287639,0.2231326910775393,0.2900941244796853,0.12287759153829349,-0.55613668135881211,0.82195686574476368,2.894007393022493,7.9651811220387625,-3.6234889064145221,0.6953473304837807,0.4548825796656992,0.2054794520547945,True,1
-0.089294848198901197,0.94784005323503795,0.30598310993996886,-0.9841209924590939,-0.13127858675759657,0.11946465946151612,0.15340241942832256,-0.29045682319809268,0.94451179535843199,11.730319396712146,-23.817560774784322,0.35513375977825917,,0.3091657057052535,0.3,False,1
