axis_00,axis_01,axis_02,axis_10,axis_11,axis_12,axis_20,axis_21,axis_22,location_x,location_y,location_z,dbh,dbh_approximation,score,reconstructed,number_clusters
-0.88996561758212001,-0.44528029780282896,-0.098420810351767862,0.44296424657150818,-0.89538574335299048,0.045464787028507953,-0.10836916434581764,-0.0031348028383626422,0.99410577768673747,-3.4212881428633541,14.254517877667354,-4.8722065645861061,,0.1989935712850541,0.2352941176470588,False,1
-0.61088250236815878,-0.72950892820746582,-0.30763499795375948,0.73749639365575836,-0.66565560297371817,0.11402494277325916,-0.2879611738501664,-0.15722385917947967,0.94464756415265494,-13.152885016921521,-5.6895319916211626,-1.5864802564710367,,0.4151403444574654,0.65,False,2
0.29638479710820348,-0.93554976299793491,-0.19210073658795762,0.90878671885696771,0.21440396228692687,0.3579631832812582,-0.29370521219807211,-0.28067344354279916,0.9137612743039133,7.5946507157187542,7.1273511437745256,-2.9049242770845498,0.3100880158290756,0.3541275718286147,0.6802721088435374,True,4
-0.26244436493553042,-0.96140988640974823,-0.082546869275469989,0.94071680188299711,-0.27396641656752091,0.19998575261297458,-0.21488334967747599,-0.025168093029607805,0.97631537585179973,10.891129360549161,-0.18264959574405656,-1.304514742665408,0.5877509895645494,0.5318888930311939,0.9112709832134293,True,5
-0.98728347853870435,-0.15749698409033538,-0.021587797640443086,0.15809060111016296,-0.98699015644290167,-0.029288102114068404,-0.016694156017703063,-0.032328487240596546,0.9993378678242868,-12.140061605150388,-1.9780161142053472,-2.1541967873473955,,0.5007265311196425,0.4761904761904762,False,3
-0.9756855456308462,-0.20913263826911221,-0.065583958843909315,0.20614987898030046,-0.97727113643873587,0.049430287073314039,-0.074430796337580249,0.034708291435094858,0.99662199005551311,10.224890113860431,-21.201976013861856,2.8432813939120241,,0.3065079268978287,0.5384615384615384,False,3
0.68513068960443091,0.71666856236620413,0.13031542455947251,-0.69611172793661935,0.59148962976366093,0.40690106919390356,0.21453298205928945,-0.36949450550448792,0.90412908924043744,9.8233676303854125,2.9296530409273074,-1.9617479799635256,,0.3257892697709556,0.2121212121212121,False,4
-0.84974446475653298,-0.52661889824863484,-0.024634947189491919,0.51274466691487386,-0.8364161300235583,0.19365165629751452,-0.12258568907498986,0.15192298523860584,0.98076100829417268,0.91777519141655339,2.5913594993792928,-2.3541995940749723,,0.3452055296131414,0.9247693399574166,False,5
0.98406301595665757,-0.17275158193150741,-0.04215295442135171,0.17524564848728505,0.90198129645514735,0.39461209247989659,-0.030148686746818865,-0.39571028769195926,0.91788039792893994,14.739133913162105,5.6684565125409661,-2.3493280158362575,,0.2006469555978064,0.2608695652173913,False,1
-0.61382785058882361,-0.78079484410899891,-0.11651086324591541,0.76823513145012723,-0.62477558914065789,0.13953582342806878,-0.1817419947268932,-0.0038567637661005433,0.98333868668223479,19.769300007165103,7.5985376448052868,-2.6301024563716964,,0.2528041297450607,0.631578947368421,True,2
-0.77313665773638141,-0.61060305067540521,-0.17153315414259351,0.61708256402301698,-0.78666974637639042,0.018968903892564476,-0.1465224134492647,-0.091184563616847153,0.98499571456682433,-6.9980076793052746,7.4849319147810078,-3.7457795677118386,,0.5799393461377811,0.296875,False,1
-0.61381383778408571,0.7651802351693231,0.19424669945971124,-0.77504775075901788,-0.63087487261686159,0.036026089769017361,0.15011181361957909,-0.12843715508713771,0.98029094691574259,-7.6195503282620241,5.0525148428178452,-3.2559843064873517,,0.6478204988932961,0.2,False,3
-0.85794631930763243,-0.51282465740434036,-0.030642844917004954,0.49948615980399397,-0.84661082120818909,0.18374899612638759,-0.1201735800862469,0.14234109797004246,0.9824954567212707,12.417300310925022,-5.6721490248331188,-0.13042954826518652,,0.2351854737559419,0.9148936170212766,False,5
0.75202559021856841,-0.65649730427537389,-0.058896529062259777,0.63679049664822152,0.70055926754330922,0.32204747481962054,-0.17016278980707228,-0.27969269232203736,0.94488974109507884,-5.7283263024051463,-7.5077623811904681,-0.84800544277729939,,0.240655714431705,0.1967213114754098,False,3
-0.98788883920484505,0.14627473815314246,0.051762364249843443,-0.14820825028983242,-0.98831133946730532,-0.035707293741854829,0.045934256503510171,-0.042946446402121613,0.99802086492262243,14.0612603501437,7.111019179071703,-2.6184579302801918,,0.2201689736557198,0.1052631578947368,False,4
-0.59787749176607086,0.77777723488810813,0.19392028704939862,-0.78315377081283255,-0.61836056942620898,0.0655772631369754,0.17091716151736649,-0.11266223443862489,0.97882304061058112,3.8106109007856119,12.730528150951365,-4.2570333028133396,,0.1305943799574252,0.3235294117647059,False,1
0.43911581197744737,-0.8333904176882716,-0.33561542779907455,0.87730963006658902,0.31722854899457553,0.36013033848208503,-0.19366237802890926,-0.45257757280731964,0.87044151091731803,4.5849228999565987,14.199378147037178,-4.4471443961235719,,0.6942158949021591,0.5,False,1
-0.79910050784665942,-0.59815066919794158,-0.060449609570826048,0.5840929078183188,-0.79624467897308293,0.15757501782767672,-0.142386282329273,0.090610088539337025,0.98565509102289017,-4.9996402308636032,10.884989074497486,-4.3008042722123312,0.1742397069819312,0.1635343357820412,0.6805555555555556,True,5
0.35811420887222656,-0.92949294519565995,-0.088301065878708507,0.90273752393105045,0.32055052137521539,0.28690124805046174,-0.23836773332532715,-0.18245609904186352,0.95388185622317523,11.601253576434328,12.326816341435507,-3.7359336143459387,0.7641722679673685,0.4602072522532684,0.9139784946236559,True,5
0.91574591076722756,0.40169889845942913,-0.0068863553193404398,-0.38842960914510294,0.88961436506277758,0.24022639366509219,0.1026248783311603,-0.21731147335204046,0.97069246308863566,-10.091509734617951,-6.3503096737435678,-1.283031241367081,0.3252669764181955,0.2899486266453986,0.8407079646017699,True,5
-0.061083735990767218,-0.99762542397075671,-0.031816515280220191,0.97347670243847217,-0.066585777666611487,0.21888226063810876,-0.22048103548134618,-0.017602490156191516,0.97523241605956312,-2.3298075727443712,11.077844115591375,-4.2421214856742191,0.3699925769768323,0.3951977668006358,0.926829268292683,True,5
0.68239168846904985,-0.70558958445717812,-0.19101026625264042,0.71440061066298177,0.58838936593696334,0.37872116594752847,-0.15483330065821305,-0.39489402674368645,0.90558564291260635,6.7046451010404082,-1.5561239595534364,-1.2835674520236955,,0.08631067333322841,0.2857142857142857,False,5
0.94582351384884245,0.31816027696810034,0.064745029231672163,-0.31739483367121352,0.86401917902234859,0.39080862047857823,0.068398831930458301,-0.390185720447492,0.91819208412478726,-7.4319205803863841,-12.968428269591122,0.037131234086327007,0.4703544351557326,0.5221948559338581,0.3818181818181818,True,5
0.79255038315472925,-0.57060201369594743,-0.21512143576924636,0.58974419670243727,0.62745667801284855,0.50842885409158023,-0.15513114650865312,-0.52982210144841113,0.83380025677598635,6.0314413742451256,4.4959593267370197,-2.4814674996324113,,0.6574032416668714,0.219435736677116,False,2
-0.14769314077835141,-0.97922997888601515,-0.13890782777770122,0.96443945911655626,-0.17371885655032013,0.19919409774843391,-0.21918774113984893,-0.10454858836800587,0.97006511472388635,-18.297608249848945,0.16049033641677213,-2.7247750407748517,0.3735178015643925,0.231197000378793,0.4090909090909091,True,3
-0.46019582469315651,-0.79621649185995491,-0.39275832394134114,0.86511770458074999,-0.5015591801858621,0.0031218571747863855,-0.19947721713498867,-0.33834551402599056,0.91963642434527826,-0.11841788462125166,1.8172924061345472,-2.2846201156181274,,0.3790979889492416,0.5,False,1
-0.16097552807515197,-0.98551959089388741,-0.053273026244721716,0.96345055872553642,-0.16862284614529796,0.2081570480414027,-0.21412589813560057,-0.01781773616944772,0.9766435521854524,-8.1631817971206999,6.7141569058705688,-3.6133142770080049,0.3584223403125444,0.281351974587271,0.7898550724637681,True,5
-0.64420615344371912,0.75239395477652149,0.13748370332877036,-0.74390177674183289,-0.65813813510000152,0.11603594997860343,0.17778801541609079,-0.02752329818241539,0.98368383621546329,-16.395606835169517,6.5072330985486451,-3.7540917093801802,,0.2188449742243376,0.24,False,5
-0.99977124866968559,0.010665693756562539,-0.018538967343075335,-0.013523646407524707,-0.9867623434870908,0.16160813241822941,-0.016569892012340846,0.16182187878205764,0.98668085935936922,-10.593507913204409,1.0338761580736406,-2.7065703062074067,0.186690705918676,0.1752134326072752,0.5612244897959183,True,5
0.61942026147092555,-0.78353402001317529,-0.04891808623897935,0.766191216519165,0.58977903387249875,0.25516996479465404,-0.17108348666125878,-0.19553805431786439,0.96565796734941911,0.63417611534579355,-1.7331034354108206,-1.5389650924753899,,0.4974415373834719,0.9933579335793358,False,4
-0.20225454436044793,-0.97639906867551185,-0.075749310063785644,0.95477173129445847,-0.2138054167552976,0.20663539117749069,-0.21795421630821601,-0.0305303530226151,0.9754813463812545,-9.0603456180080997,4.4829076168069042,-3.1942637166258621,0.4645683489350622,0.4332055781332784,0.9484536082474226,True,5
-0.18412335475689928,-0.98100993477369391,-0.060976209363790265,0.95865230812299673,-0.1929301235050529,0.20919780011934802,-0.21698926785330799,-0.019936783081451026,0.97597037983580603,-9.6420430758480737,14.323802809134454,-4.9995949416578291,0.5373129638771175,0.298930067075412,0.265625,True,5
0.13254697744279478,0.99066220656338544,0.031932604932009695,-0.96668077150355347,0.12208591079383252,0.22499625861541617,0.21899676887131023,-0.060691209187204109,0.97383622460417918,17.308534768318356,6.3754646313901695,-2.4284160812002655,,0.2860291938914766,0.5384615384615384,True,4
0.99998340490117055,-0.0057494352389428904,0.00036594629946146151,0.0049724044137938912,0.89342658363468486,0.44918171695784792,-0.0029094873442879338,-0.44917244310986815,0.89344034564939201,1.4435169206720466,11.608720916121634,-4.1159902635500378,,0.4091550567274423,0.4324324324324325,False,5
0.88013126769822125,0.45726152703101131,0.127596424390302,-0.46198941114184644,0.76314101014208147,0.45186456226632099,0.10924621555336464,-0.45664832698323965,0.88291424829972964,-5.3408330313007246,-0.79380298708363606,-2.1309366973833637,,0.5952807264706517,0.112,False,2
0.56116860118356482,-0.80918093450590278,-0.17411495133340379,0.80364361848956867,0.48231709210070783,0.34860745420674544,-0.19810788855235451,-0.33555392696207498,0.92095430212017404,-6.7266537226658007,0.29422984505333283,-2.398227971194324,,0.2318628127590788,0.3873239436619718,False,5
0.6016563005842398,-0.76124389725841735,-0.24190375121957625,0.78039817524301269,0.49566879893633503,0.38117073581058969,-0.17025975462411053,-0.41811502083496921,0.89229560421841725,15.134482966269349,2.6574063064611986,-1.6876540446683943,,0.1237229402373522,0.3636363636363636,False,1
0.33369330477966058,-0.93617770699474723,-0.11054446739338261,0.92404651272406013,0.30163857580692915,0.23484508065461251,-0.18651225339835606,-0.18051446067067731,0.96572651864854719,7.2756592845043073,11.327600330670411,-3.7517900558447659,0.3307786335568098,0.2755392480254745,0.3472222222222222,True,4
-0.17762570194430385,-0.98360154395639487,-0.031258802526459607,0.95978387420631628,-0.1801668161194212,0.21530172591714961,-0.21740290895548295,0.0082414256039582551,0.97604715771406636,-3.2402366460278369,-15.872699385215366,0.86560353552441716,0.486373063753652,0.4458445972134465,0.8888888888888888,True,5
-0.19807505511949647,-0.96930653410446432,-0.14564036350476189,0.95475356204134632,-0.22442174121450187,0.19514230151254289,-0.22183757190514297,-0.1003978337049256,0.96990121490726511,-5.2142603014179567,-9.9138508015203524,-0.43796758061947605,,0.2338991655818913,0.1304347826086956,False,2
0.28571296877555658,-0.95698897914803138,-0.050400329985688289,0.93583433109498981,0.26729955047104276,0.22970645411474866,-0.20635455947822082,-0.11279647205115438,0.97195408928372851,11.239018759896656,3.8660826746943027,-2.1006051920030737,0.5516750557244731,0.5125413597950446,0.9497041420118343,True,5
0.12543076502914416,-0.99149596328883982,-0.034682531138014935,0.96837865910477816,0.11475731259899898,0.22152546534312395,-0.21566153058585946,-0.061371931589215833,0.97453762894942797,-1.4293733214097992,-8.9367877513088896,-0.38528612521591898,,0.09724901919921583,0.5084745762711864,False,5
0.7149682578810761,-0.69073707841103604,-0.10817891999223286,0.68285992824916963,0.65668051121532778,0.32011408057365232,-0.15007567629045798,-0.30274245605491534,0.94118239289087846,-3.3734707850760883,-14.05809461755841,0.54769465371990556,,0.106210967063633,0.3333333333333333,False,4
-0.5150283666254909,-0.82603942004835496,-0.22892063711525598,0.83514509319926677,-0.54372281247097176,0.083055261746880521,-0.19307629289031136,-0.14840613102170769,0.96989544044649523,-1.5122425908036894,-1.1637804464212098,-1.784132299008083,,0.2297329564588345,0.2708333333333333,False,4
0.82696839319057391,0.533144584198604,0.1785500742186818,-0.54428040325936444,0.67946133202820269,0.4920275814487266,0.14100396906336612,-0.50407256483383156,0.85207319526565262,-2.7453193565984608,-6.5214460320102541,-0.85805599870802007,,0.6315479619222318,0.4206349206349206,False,3
-0.50775985000623203,0.85702187500503335,0.087712259602095444,-0.84240165080688156,-0.51524261344368938,0.15774824249276884,0.18038678842833644,0.006209271662068111,0.98357615440083601,-1.143749918759918,20.973839899673827,-5.9740407895643557,,0.1928609584339757,0.4736842105263158,False,5
-0.1171690434758791,-0.99148661736344679,-0.056795271283256898,0.9662643857974238,-0.12702264445839367,0.2240499599069925,-0.2293568224197309,-0.028627528429602894,0.97292132910402251,5.1041218011578904,-6.9085166609315998,-0.28556768482913092,0.525964187510175,0.3908301690208466,0.8817733990147784,True,3
0.13932781062642086,-0.98848510031015191,-0.059033614584209006,0.96627177421499966,0.12267421539515695,0.22642856540767836,-0.21657936083903481,-0.088590311784141298,0.97223718151310357,-9.9282112365279289,5.338912845785357,-3.3755213349685644,,0.07621591620799695,0.32,False,1
-0.92176941691961667,-0.38706448028271945,-0.022852355133262274,0.37525025446028132,-0.90536800292909725,0.1987360707060275,-0.097613465050486542,0.17461347993681742,0.97978658087625958,-9.9038431642184737,-3.1018516736132851,-1.8962858949988883,0.3101498879451798,0.3005170235357919,0.8421052631578947,True,5
0.90882265335550894,-0.41664913544859883,0.021092242123273375,0.37075403419136288,0.82982575558341798,0.41704995084670465,-0.19126638721605402,-0.37120440905294222,0.90863879282197391,2.3706546398791284,-7.0046796320279503,-0.49898027640447973,,0.490360944514528,0.2301587301587301,False,2
-0.033872815632181669,-0.9488876506414875,-0.31379110698237855,0.97497127898073821,-0.10040324367842926,0.19836883278759745,-0.21973538068279319,-0.29921800600720594,0.92853914691695161,-4.4675729942410625,-11.271904667061129,-0.06908272563117239,,0.276601385475607,0.15,False,4
-0.77508433710874058,-0.62945113030770206,-0.055095779539446992,0.61754055295901489,-0.7730933752906668,0.14481125140249912,-0.13374578804499743,0.078217054636695163,0.98792416538122108,-7.9107175998152455,10.04186254020782,-4.2493498073048661,0.5474949106280474,0.2983869331501374,0.8921568627450981,True,5
-0.83364096940860843,-0.55091677043316789,-0.039159241297083751,0.5373136196238727,-0.82537766814759705,0.17333718322946834,-0.12781552444897706,0.12346018377891085,0.98408372343571948,-11.058501758898142,11.355899571682331,-4.5696566293731955,0.2253839738527755,0.2516671029454741,0.4565217391304348,True,4
-0.47133557178287838,-0.88156200624468251,-0.026290833344701364,0.85924053987399784,-0.46571462526634949,0.21169691176317526,-0.1988679798488158,0.07719013511372716,0.97698168336564883,-7.6850291954065257,-1.5014715384526545,-2.1436641292451317,0.3422053913477948,0.2975980112613453,0.7584745762711864,True,5
-0.77121017056927177,-0.63236929759253102,-0.073102286372192404,0.6189638292941998,-0.77173581327272511,0.14597127298802631,-0.14872340379366542,0.067326859236216147,0.98658423015443131,1.6135161127931943,14.734683616098575,-4.7173391888548712,,0.2816975309910706,0.6190476190476191,False,4
-0.97827540002394842,-0.20606942607413134,-0.022641407762372071,0.20090613985246494,-0.96932203118241755,0.14160339979666603,-0.05112694668729658,0.1339783247464707,0.98966451074117234,-4.2178210621105103,8.5529553030063639,-3.7532053197654878,0.2639220831682962,0.2354815358486004,0.5785714285714286,True,5
0.38421273705315317,-0.90062141285754371,-0.20312962213474611,0.90132830865036606,0.31824643196434815,0.29381369703849791,-0.19996962947306121,-0.29597344347836624,0.93402990746761594,2.8336215447540058,9.6270518449918114,-3.6507759915403386,,0.09332282611051085,0.3333333333333333,False,3
0.26901773387520045,-0.96084998688891377,-0.066308080625419014,0.94008753885241436,0.24698616793501946,0.23501755709560404,-0.20943943791717701,-0.12555929095192248,0.96972675857717172,1.5099212371118591,7.3649930434981608,-3.3041770132086206,0.4933336483006403,0.4616195147906678,0.9397435897435897,True,1
-0.4929485233024094,-0.86916493963695884,-0.039421581397172896,0.84826972834193137,-0.49018653404252976,0.20038869684210325,-0.19349475794625132,0.065341178052219853,0.97892303532916658,-7.6120083868150026,12.969179115720255,-4.7586269336469948,0.4775589017487578,0.4274224958820165,0.9496402877697842,True,5
-0.74252253514777711,0.63329433813613334,0.21817095609277437,-0.65567984727345707,-0.75378525412543651,-0.043494005822727971,0.13690954195078778,-0.17534557863763858,0.9749408727584753,4.037703418668281,8.209638266157814,-3.2836301622408439,,0.5000478130585603,0.44,False,2
-0.62474025277575462,0.77603588283214708,0.086417157547649004,-0.76274141232747683,-0.63020206810200108,0.14515815953864158,0.16710821189388436,0.024772200485414342,0.98562730461404024,13.353393001992975,14.599100991871781,-4.131778827403215,,0.1933312824324918,0.2307692307692308,False,5
0.38204730622983896,-0.91440696677688793,-0.13378996566415374,0.90291460545973412,0.33848743244425894,0.26489898702106535,-0.19693925725973757,-0.22200485847653173,0.95494961739496953,16.336742594707712,-6.1157233192555331,0.085636686069931411,,0.3365937218005515,0.45,False,5
0.16332240862462163,-0.98417917227154761,-0.068681494654256103,0.96251607956316598,0.14367364950871025,0.23004494999717007,-0.2165377274827745,-0.10367853829862163,0.97075340497618468,1.1485806765670432,17.71451609252059,-5.3107354370652935,0.5016427714901628,0.4529451718776192,0.9454545454545454,True,5
0.55424971552545621,0.83221878526871851,0.01480359030136108,-0.81066157055063559,0.53568843495939811,0.23635929997173485,0.18877253738912553,-0.14300277653461946,0.97155295019420429,12.220096931052542,-9.1101199374896975,0.56892498787857471,0.4930418561295865,0.4479779013601764,0.8932038834951457,True,5
-0.49344301572047544,-0.8654374920402268,-0.086786736358764077,0.84807743438172223,-0.50088030641704717,0.17286868986627185,-0.19307681251045927,0.011698974941757187,0.9811138967806512,2.1966184041912364,8.249818487802397,-3.4402204171712616,,0.1812638948954334,0.2253521126760563,False,4
0.024354463464971211,-0.95839911121436872,-0.28439058305935777,0.96392811577095761,-0.05290867231924487,0.26085103032126505,-0.26504612378901926,-0.28048496575917026,0.92253928710244792,13.623072596820775,3.5337950437951333,-1.9214135480361749,,0.4278574868089884,0.3125,False,4
-0.90608766225038917,-0.38156886209056246,-0.18278498789708236,0.38484567492301724,-0.9227929140519544,0.018629124202397984,-0.17578098535015269,-0.053464392434725339,0.98297640049541057,7.4694211220628937,-2.1741929771957733,-1.1174847435718409,,0.2982771193626202,0.15,False,5
-0.70478125464510777,-0.70865996789228869,-0.03293073044692716,0.69138181093831674,-0.69651842005018139,0.19197208660233059,-0.15897979306981536,0.1125306200005118,0.98084773790725499,-0.55930926682301152,9.2202567181030872,-3.7814774318122222,0.1383259936725113,0.1379851427910765,0.5419847328244275,True,5
-0.81998342388596335,0.54427985803807122,0.17716269552677089,-0.55608750460209566,-0.83085176623166968,-0.021260991866114354,0.13562400885414366,-0.11595162216965099,0.98395190407791777,12.942569083162233,7.8966812755557134,-2.8295929872177976,,0.3811288970303974,0.2631578947368421,False,3
-0.83884213961890508,-0.54351004031329908,-0.030670847367040018,0.52869702898031068,-0.82681394795743457,0.19198475723460973,-0.12970472754286394,0.14482931865363347,0.98091852470597929,-7.0656482406076773,1.8694660662764311,-2.7423548599643817,0.270039240658067,0.2925179633959655,0.7740963855421686,True,5
-0.88107586005690786,-0.47190464543809885,-0.03180148485406066,0.45957913319461674,-0.87007306114213623,0.17821304275175215,-0.11176917802804817,0.14240391107232755,0.98347789855910839,3.0014018173076611,4.5343183595066812,-2.6286252721653929,0.3021489416148963,0.2309725966863685,0.8181818181818182,True,5
-0.96920379608781049,-0.24534566687060008,-0.021201542321265837,0.23760689234310517,-0.95429742834366837,0.18127157242026493,-0.064706772134235535,0.17065146352869026,0.98320451160248767,-16.632062456608153,2.2343563350183788,-2.9878384107127705,0.3120389090768989,0.2787246161274383,0.7692307692307693,True,5
-0.4954798167691703,-0.8659490201938288,-0.068059133110376618,0.8486152920825939,-0.49929949982725791,0.17479157735950157,-0.18534248627328212,0.028849677599529749,0.98225040538777086,-5.625931294276552,17.726613555248012,-5.5464936439073895,0.4559042748853265,0.4294444567944858,0.4615384615384616,True,5
0.11717420167139465,-0.98583567856278231,-0.11999258866834384,0.95739252813801556,0.080019297768726572,0.27748235808803995,-0.2639502860922312,-0.14739378160987282,0.95320790996223426,4.1550100170069593,-0.20675526363093327,-1.628855010522539,0.4441971486217671,0.4640477916375539,0.9235474006116208,True,5
0.0057343644928927722,-0.91760762435307897,-0.3974460526825741,0.9709198635716132,-0.090017240784123695,0.22183668516206112,-0.23933603068894782,-0.38716035965825579,0.89040727777986362,-0.19716126579669913,-6.5708201851936998,-0.69398958251471665,0.8015056347898643,0.5635781857599611,0.288135593220339,True,4
0.35187839255024295,-0.92463085872972073,-0.14573733887030438,0.91763815975546392,0.31002686997900336,0.24864341465566528,-0.18472088300152781,-0.22122638851584336,0.95756831631344963,7.8849371956352137,-12.894210283843384,1.0912926637022402,,0.73978403523469,0.3,False,4
0.45660295155095298,-0.88540019677941029,-0.087064551787385661,0.86645913925757412,0.42034757199951994,0.26936309827281701,-0.20189676726480993,-0.19842986231182247,0.95909503445223265,5.5823762863216491,-12.441532186648901,0.81157014233130198,0.3213271147745508,0.3935466632058289,0.9751552795031055,True,5
0.32164346300834229,-0.8882782225435405,-0.32788303106273764,0.92720918175750044,0.22529652144208206,0.29920663543892628,-0.19190783196260175,-0.40025401532150129,0.89608487725796837,9.5355701961876775,1.7921385395870875,-1.7350881306166075,,0.4195299394798195,0.55,False,4
-0.50485643053438478,-0.84057345734584976,-0.19635744792017673,0.84859152498137658,-0.52497640035224147,0.065514905197098572,-0.15815311656069775,-0.13355164498742822,0.97834122362460574,3.4507848249238924,6.055599196791154,-2.8777707476807031,0.5179028734510266,0.4687500526859124,0.2727272727272727,True,5
-0.57332283425103725,-0.77148502359169502,-0.275883645945314,0.79054525321195146,-0.60934552910390827,0.061124698650623421,-0.21526525579017414,-0.18305432126775878,0.95924552910857575,-0.91461215303059407,13.254178685395129,-4.5675623732799329,,0.6217386722653769,0.25,False,6
-0.79406131393918111,0.60780197909497957,0.0065866465980723155,-0.59473143738971845,-0.77913222110437319,0.19810981655971996,0.1255434071767268,0.15339405544281162,0.98015769989796386,-10.721377836432847,7.3599019745160481,-3.7942964432238599,0.2596755846228202,0.1821864114910276,0.5714285714285714,True,5
0.73061148450063862,-0.66760039362039991,-0.14323607490314583,0.66752697324512777,0.65426987327227326,0.35544151828181525,-0.14357784893907344,-0.35530359886464735,0.92365835346618197,6.1779941594891969,-10.732315529139754,0.56337365905467174,,0.12851520505627,0.1052631578947368,False,1
0.65406594752032354,-0.69649230928154537,-0.2951206522864861,0.73921966099365544,0.50575805949543495,0.44470560830265754,-0.16047438765973226,-0.50902578359752237,0.84565993315171417,-5.545435371524766,2.0558098357946615,-2.6871549673084121,,0.5912649743344099,0.3916666666666667,False,1
0.069661299184760134,-0.96489476093807802,-0.25322994236491758,0.97327497959919773,0.010055965680784325,0.22942251772746014,-0.21882211378668112,-0.26244423763625491,0.93980844040126221,19.058194191484802,0.47233916022204425,-1.1966602490808873,,0.5629426512900622,0.4,False,1
-0.9599708701743277,-0.26871600878652652,-0.079041982759688351,0.27748839650152607,-0.95081344548488189,-0.13767346037700562,-0.038159117177356941,-0.15409574461031217,0.98731878502803638,13.522121150282475,8.9258871637953821,-3.0064858477425593,,0.2835879280642203,0.4444444444444444,False,3
-0.97345813683295834,-0.21595078951289259,-0.075792561260747973,0.2158933056807523,-0.9763750265025356,0.0090492090489059651,-0.075956147848236261,-0.0075540804160339932,0.99708254396169504,4.5316266397233074,8.3337089696425242,-3.3385761896791073,0.2637556270423035,0.3222096921916306,0.4285714285714285,True,3
-0.13840098439138493,-0.97782090202940908,-0.15719876295279384,0.96967461100284857,-0.16607395062403735,0.17930586075362767,-0.20143563809805384,-0.12761554168093275,0.9711529010539548,-12.314727836524531,3.8299657603040016,-3.1591562897972203,,0.307359420508891,0.2222222222222222,False,2
-0.80289147588530474,-0.59539848582037891,-0.029426536213381482,0.58077523387692898,-0.79239355952713375,0.18658128130956025,-0.13440761014881372,0.1327143168716895,0.98199872934305044,-6.3183322566922255,4.6823282489983162,-3.1808164890590542,0.1645862676601668,0.1605392700281131,0.5303030303030303,True,4
-0.067632135824718706,-0.94219166483971228,-0.32817794092589092,0.97869905283463676,-0.12655808387430467,0.16165152454167897,-0.19384029040519762,-0.31025460208131528,0.93068148348561952,13.452442844035719,-4.0446357953134884,-0.37435125871266034,,0.4265082203564505,0.5142857142857142,False,3
0.2645026726957373,-0.95073338233401594,-0.161692213333026,0.93515965574496773,0.21189319865290948,0.2838620979130384,-0.2356156921848892,-0.22629031813217232,0.94513381989847112,-3.5994103896854943,-1.3684356704079215,-1.8708585454305595,0.2828553275289343,0.396083468392892,0.4614512471655329,True,3
-0.52322113160477246,-0.85143836831907549,-0.035949303141659644,0.84120100663604291,-0.52276494645735705,0.13819434572349132,-0.13645700376576073,0.042065611960197896,0.98975247936728317,1.1331270262800655,-9.8037311809657961,-0.10087730826173669,0.3216271116802129,0.306407941295547,0.5862068965517241,True,4
-0.95837040065337853,-0.24065744592281421,-0.15365600825672188,0.26105801880205437,-0.95650809398048464,-0.13015750830807316,-0.11564984206918832,-0.16485223647778532,0.97951460129884915,-2.7181788514085534,14.63655565612801,-4.8721561747188584,,0.5305092695877132,0.3225806451612903,False,2
0.86918526328201051,-0.49366757331587735,-0.028448289048639545,0.48408494690692477,0.83775442939037637,0.25264457289822095,-0.10088975305501552,-0.23336632810501476,0.96714084529363165,-0.074346930322998134,3.0798690424001935,-2.5398754756534618,,0.07678526293362775,0.2888888888888889,False,1
-0.52229217828925023,-0.76860558984160188,-0.36939995636452555,0.83071459600113562,-0.55644645608730647,-0.016751164095287374,-0.19267625823785411,-0.31561493749840236,0.92911951370065382,0.4061342226705098,-2.9736494789246062,-1.3545482661657224,0.8640766527220969,0.7267646230529448,0.2232304900181488,True,2
0.83611818279313654,-0.54042487362167557,-0.094060301794645571,0.54410351387152112,0.79527169407455822,0.26738417828369399,-0.069697565204008813,-0.27474331397648061,0.95898819639756494,9.7816811816646005,8.7449419435650029,-3.1418946032614534,0.3995710422497044,0.2958986790996378,0.25,True,4
-0.78730109307959595,-0.59189567326235937,-0.17267455171209217,0.6063729501667402,-0.79401770955312778,-0.042985139549484325,-0.11166393393463003,-0.13854742469386869,0.98404053624276044,-3.7310049222428998,-8.4208790544250114,-0.57346288441201787,,0.2974713923564168,0.6,False,3
-0.99351692209421194,-0.074884705366834628,-0.085535994847581509,0.073310243918272261,-0.99707941896250851,0.021406550820470688,-0.086889203294117839,0.014997105837739069,0.99610509142730763,12.628514897271398,4.9287507820507788,-2.2539685350509524,,0.329144059109539,0.3095238095238095,False,3
0.71563395458434564,0.63747125189544218,0.28547932683966454,-0.67987131337922158,0.54203089059025034,0.49394079694833048,0.16013444442087621,-0.54757001073177602,0.82129412700762683,13.425907676592677,10.323264129021235,-3.3096543332895445,,0.5319776332242971,0.12,False,1
-0.590606177834609,-0.71759719897549568,-0.36910513776716281,0.78596633527275139,-0.6151932947076143,-0.061596509354919587,-0.18286952321673067,-0.32648349141926392,0.92734420109750626,6.9318924671960778,1.2685733356313127,-1.7884848599795364,,0.6664461347059073,0.2376237623762376,False,1
0.52151786416212897,-0.84535741545469478,-0.11571498388510648,0.83744448287504791,0.4811594102122867,0.25917631077378306,-0.16341926282392588,-0.23206995087672094,0.95887313156546505,15.123236306821152,10.323650372655344,-3.2582426132909026,,0.1862651660584618,0.4090909090909091,False,4
0.77518517833824085,0.63158780023427696,0.013593744147048753,-0.61463398534635916,0.74905474969094599,0.24726917725969089,0.14598973711175744,-0.20003457841248301,0.96885146647841691,-20.534075069733884,12.110076206219222,-4.9262350969177744,,0.0861167915893358,0.2727272727272727,False,1
0.78376592194626271,-0.61604942353580927,-0.078702524463464513,0.60738484786375024,0.73389000928687864,0.30412020790212929,-0.12959408235430445,-0.28616177597663583,0.94937706512673004,-16.183322514360853,-5.8925892645916536,-1.6817295929254039,0.2994009663034821,0.5041498253839483,0.7906976744186046,True,2
-0.93637267818579217,-0.3424855283650613,-0.076875681510289812,0.34041764292008886,-0.93946641320386259,0.038970332954698844,-0.085568895843626827,0.010320916740975079,0.99627879769757643,-9.3124599414454234,-4.5985454241817232,-1.6341388605544265,,0.2176614368722716,0.25,False,2
-0.61826549292125688,-0.67734171056912518,-0.39869284842611258,0.76543113431036747,-0.63409766378833166,-0.10970565804244042,-0.1785019856785352,-0.37299914195809103,0.91049913849896003,-7.4076304986137993,-7.4072843548849043,-0.99063672676023873,,0.2807058040676258,0.7333333333333333,False,1
-0.39997531017209587,-0.88158328438856159,-0.25066045547594978,0.89669144756214569,-0.43298932190956335,0.092003776994200356,-0.18964229254477388,-0.18796584742705669,0.96369322975695393,-19.92349530622154,-4.4833523811830585,-2.0813790688294262,,0.2670545023522753,0.4,False,2
-0.78919623278379469,-0.61017395751164416,-0.069692522801553899,0.59664926156849474,-0.78865644500389687,0.1484273237095709,-0.14552994478675724,0.075556292447381518,0.9864645365353838,6.8669269828212824,14.138368238310552,-4.339027894875036,,0.290725249178,0.5192307692307693,False,2
-0.64053876908283169,0.76652415726465883,0.04637673588723841,-0.75040020231241045,-0.63760654393423455,0.17423384143654128,0.16312455876214185,0.076802418333962563,0.98361159349954341,-9.5144303254208324,-0.073582696893497057,-2.4410436758753375,,0.7632311746203899,0.7722772277227723,False,1
0.83987660449934287,-0.52182754859335345,-0.14934288983310975,0.5311424635247618,0.7334866749639215,0.42412849596698399,-0.11178091364584643,-0.43553795148002911,0.89320306770917346,12.350251049682083,6.3730504887926385,-2.5221309881435334,,0.3552172302992602,0.625,False,1
-0.62078530940990173,0.78084138929932179,0.070087975987015702,-0.76540978468721199,-0.6229965854710815,0.16131681870297465,0.16962741855586755,0.046497088602162971,0.98441076773143577,4.5340605359819204,10.377635634543912,-3.6828598568050763,,0.3294765458796399,0.5238095238095238,False,3
0.26553790400122207,-0.94956101388693692,-0.16680378426357276,0.91471567656964703,0.19347287517927761,0.3547724307321457,-0.30460606129289219,-0.24678356403106427,0.91995272701794584,-3.6572653523900049,-3.8605691131715183,-1.4566979289490818,,0.4206865945640516,0.5545977011494253,False,2
-0.847276014454451,-0.51381251792270866,-0.13461074160744768,0.51635256259342566,-0.85618641899851844,0.018023513134121399,-0.12451259548087133,-0.054235711006861316,0.99073462704106474,-6.9130630656037502,3.7262741387002265,-3.0225444656543266,,0.2102072031486682,0.225,False,1
-0.95995420653285757,0.27447056061765657,0.056158994952711136,-0.27134577237230006,-0.96076904938487795,0.057396041324777047,0.069709347834772312,0.039859065446957935,0.9967707167278459,0.2575571956730654,-21.578594624341637,2.3889620940990577,,0.5678654021017262,0.967741935483871,False,2
-0.26760634517011117,-0.96245395922859955,-0.045488684196060655,0.93603299117625471,-0.27087777325141976,0.22464966367209593,-0.22853683172374795,0.017538766306273601,0.97337726921380552,-3.9414892367170125,5.3766712570851505,-3.1827010235558362,0.1974947404121903,0.1498216244519171,0.3293413173652694,True,2
0.19736817830992337,-0.97842694279592235,-0.061045227509180511,0.96195565864562627,0.18129366257506166,0.20438668916976793,-0.18891033055468917,-0.099062230547999466,0.97698493411545195,-5.5453428036165189,-6.2376451949489624,-1.1178009473238131,0.3548028264721372,0.3035717784758675,0.8433734939759037,True,2
-0.95032140375841168,-0.31077533744050778,-0.017547626545484342,0.30158075535146683,-0.93323081977937616,0.19526721438979877,-0.077060220349282393,0.18027458681869571,0.98059308369326592,-4.0913710391429854,3.511617774531774,-2.8094969532100631,0.2706774146465464,0.2009058967764061,0.7413793103448276,True,1
0.87511337788348897,-0.45826332569312317,-0.15547121976117434,0.4737850245548107,0.74596519938704153,0.46804238249441449,-0.098510539319132326,-0.48325008600943764,0.86992242643521034,-11.110850663383136,0.29691925393413671,-2.5723470345786108,,0.4130750601381784,0.1666666666666667,False,1
-0.95236218357589497,-0.30318320694197287,-0.032957765745479407,0.29609926438233203,-0.94512172451650389,0.13809471922992189,-0.073017100235457544,0.12175741815318686,0.98987051385414793,7.6696160101717039,19.38523503430368,-5.352549667244384,0.5646013517015526,0.3976194634127648,0.3571428571428572,True,2
-0.39308687979225887,0.91882192636587612,0.035340805939957032,-0.89973716879526444,-0.39227952469735533,0.19128460887247947,0.18961996736490261,0.043394033374605789,0.98089817302511895,-15.797041234487592,-8.8321125497474497,-1.1333345402991601,,0.1609705856421674,0.3684210526315789,False,2
0.97964470930737302,-0.19251108607563197,-0.056883435761675948,0.19762236263905561,0.87516068190663432,0.44163240667966341,-0.035236987825716617,-0.44388428963266391,0.89539102748814436,7.0882734648440637,-8.5967538037702518,0.18175397119399717,,0.337164608450597,0.1666666666666667,False,1
0.62529830960487454,-0.74797837073662654,-0.22255422016998011,0.7625252029082753,0.52494976243749158,0.37813101148479517,-0.16600403288769733,-0.40614788418383097,0.8986025579965915,9.0187325443793416,12.533222643437815,-3.9066556787665339,,0.1360074080812684,0.1111111111111111,False,1
-0.99254992876486192,-0.11069761730669343,-0.05089868791519641,0.11648457568763686,-0.98464142308014679,-0.13004849703697052,-0.035720897745422059,-0.13500853853488148,0.99020033931873452,5.6045419745602256,-2.2796259870194118,-1.2098360953516945,,0.2118633634301117,0.3214285714285715,False,1
0.9913799538026522,-0.12835383885742926,-0.026288386196434123,0.12951854561609613,0.92982972019669774,0.34444395448377729,-0.019766981047773385,-0.34487966523048641,0.93843874758599188,1.4360381999419811,-6.5365431585649656,-0.63172602536908895,,0.3537520798444699,0.4,False,1
-0.79368509030347445,-0.58357528081730559,-0.17176690324089816,0.59176076261188248,-0.80610183263051616,0.0043629419806348324,-0.14100772057929511,-0.098182111653426468,0.98512795904303996,-5.6490260288005487,7.1117969577048656,-3.5986661595027924,,0.1796243681660034,0.2068965517241379,False,1
-0.9990481740895405,-0.040739866644972741,-0.015588749600441924,0.039535865812245288,-0.99669216704178143,0.071004503181377715,-0.018429898611538036,0.070320604543106638,0.99735417551332339,6.1208045067467323,5.6781751471396964,-2.7226360754712466,,0.5934758787463128,0.5843137254901961,False,1
0.43256886643574127,-0.89695377746423488,-0.0914226278507555,0.88038931061297709,0.39834912304101711,0.25735702425008622,-0.19441923142761583,-0.19181214055708878,0.96198194639296775,16.612896485074174,-1.2936424499047254,-0.89424302528237665,,0.1403701505319834,0.4285714285714285,False,1
0.77460076378353793,0.59287621595983908,0.2202077412242846,-0.61533417832202886,0.62602470320356429,0.47901661763204229,0.14614207380050637,-0.50654798738918227,0.84973621244316522,13.067296583769819,-1.2640784914787209,-0.99927548226674012,,0.4418707638333777,0.1764705882352941,False,1
0.99955011518592018,0.029187354348484004,-0.0069040262129753532,-0.02577780061308892,0.95368113075779404,0.29971287231630006,0.015332065332669585,-0.29940006543531505,0.95400446990041077,7.7634272807299496,-4.6856384438003049,-0.59653507923078852,,0.9377514250535735,0.7966101694915254,False,1
