axis_00,axis_01,axis_02,axis_10,axis_11,axis_12,axis_20,axis_21,axis_22,location_x,location_y,location_z,dbh,dbh_approximation,score,reconstructed,number_clusters
0.2804620814737428,0.95923560787276263,0.034757293398474443,-0.95890639816099832,0.27838020273430886,0.054799473460122837,0.042889863852865077,-0.048698165412847348,0.99789225283299321,-6.9229658366645337,6.8643834464094642,-2.4818066825504648,0.2388843931693322,0.2454707922157683,0.7896995708154506,True,5
0.5873388146925772,0.80836366294376438,0.039765628219082992,-0.80833762532520514,0.58345605128542366,0.078545017041372039,0.04029144126395353,-0.078276590693266257,0.99611714929033945,-5.6702125178993459,-19.893465220380911,-0.71534452864252851,,0.11765735771581,0.3157894736842105,False,3
0.63499782146411099,-0.77218959579828972,-0.02238291483940142,0.77201320539566687,0.63327677369094748,0.054370383466489411,-0.027809664337091089,-0.051804980884653608,0.99826993670299413,8.09227758515358,-1.5161513402276814,-2.2997907386922289,0.2571441195170189,0.2502485334411061,0.84,True,5
-0.99952669365806823,0.029117651908461006,-0.0099272862509049223,-0.028918453441756187,-0.99938859008917158,-0.019651184445586334,-0.010493412957979035,-0.019354801650111979,0.99975761059247648,-12.558133009787902,-0.3511341605459084,-1.9771102415111319,0.5600199294731092,0.5182943729367323,0.9801136363636364,True,5
0.83166934962612626,-0.5548649469413196,-0.021236373237062785,0.55510352225214099,0.82987016681834025,0.056352336315079354,-0.013644503498628065,-0.058654896476829407,0.99818506833330733,2.7162298977860142,-11.723302551205109,-1.4384201992714249,0.5216422913813282,0.4648440830740516,1.0,True,5
0.048599632214581891,0.99832184140581182,0.031489311213746381,-0.99791537112303808,0.047191307772631925,0.044021500963481508,0.042461604126274484,-0.033563096442633625,0.99853419106819052,-5.5928666797924009,-1.2101846107729008,-1.9292037790421626,0.3317641572744751,0.2614159597397114,0.8771593090211133,True,5
0.45788928587952382,0.88689665424231034,0.061251339336673788,-0.888151308778377,0.45333423134886747,0.075334768882556802,0.039046825632777671,-0.088895440721828187,0.9952753116735471,-2.9209301557325116,20.539862920423683,-3.3814631477809352,0.3083264667675403,0.2429741129721807,0.7288135593220338,True,5
-0.83232734056116464,-0.55391626970468555,-0.020198126418665408,0.55327413125045755,-0.83245761915996119,0.030034113797146874,-0.033450468508375755,0.013823113215716621,0.99934477919164366,-7.1058631934226844,3.5506626841482971,-2.2444883214068345,,0.1143379790594935,0.7008547008547008,False,5
0.77344453071374974,0.63214588565442009,0.046638365742976064,-0.63146046404069545,0.76202181961659154,0.14345880517322229,0.055147441123744825,-0.14040771231811755,0.98855674296374896,-6.4228349239541833,-8.3231059211150331,-1.5197888645470365,,0.1710952078551226,0.24,False,5
-0.51001270204626792,0.85931905965817357,0.038181113913270295,-0.85965851528684178,-0.51073473684841597,0.011716043325413213,0.029568240500381988,-0.026847388784994583,0.99920215015238034,-4.5173519903496322,15.500925360364729,-3.1142885557892011,,0.1657395419821374,0.8769230769230769,False,5
0.57189165553856292,0.81871154205643681,0.051491215065615922,-0.81930434880359482,0.56691434153468512,0.085723470495612894,0.040991686436148186,-0.091211513888687507,0.99498750815136106,-4.2137928534959839,9.3731994057759724,-2.7193977639615428,0.4048914883925263,0.3412430894280093,0.8947368421052632,True,5
-0.059151461118932068,0.99659090610827683,0.057512350932466136,-0.9974501657590511,-0.061310386704274217,0.03652674786254817,0.03992832922546688,-0.05520509346478851,0.99767636344698829,5.2962188384733579,-1.126490089598214,-2.1899359280852533,0.2934298747437406,0.2504948805579313,0.6576923076923077,True,3
-0.93949705767719738,0.30178517848564484,0.16208326459655453,-0.32584039873740805,-0.93328979203203932,-0.15099072368672212,0.1057038938097183,-0.19466861620502823,0.97515681646506658,-5.7612499424255201,-13.834135904709758,-1.132925736139667,,0.2599774516028123,0.2352941176470588,False,3
-0.81454009119727977,-0.57120274667849857,-0.10125147909668442,0.57928396661800163,-0.81019443892812504,-0.08952685155446416,-0.030895401787992886,-0.13157656826684555,0.99082444501106204,3.2836588535045572,-5.589575166157049,-1.9113187151202093,,0.3126371345174922,0.391304347826087,False,3
0.4251300190625194,0.90467108002161967,0.028891242002036403,-0.90422284838425404,0.42305594176528716,0.058349898002952517,0.040564853651542034,-0.050930414386731356,0.99787804141519598,-8.7546142230962953,1.6372720243374328,-2.1204123360802547,0.4436157710204956,0.3034785810874319,0.8629032258064516,True,5
0.51630395864304302,0.83167332238451197,0.20432745073393604,-0.85537893589151115,0.4891147513084072,0.17056856710900584,0.041917756650702534,-0.26284262380067086,0.96392772384186054,4.8950234512946871,0.23893669883865282,-2.2761241584763452,,0.3391742293060996,0.2131147540983606,False,1
0.97557054310596347,0.21930102828829062,0.013006706563625774,-0.21882116466199109,0.96477414676214113,0.14604158187088603,0.019478534850026288,-0.14532000802050377,0.98919294475295139,-5.5935514943932034,-15.323114309779999,-1.0457047474202574,0.4301652594247513,0.2301582716844174,0.5365853658536586,True,5
-0.90313595801118629,0.42934328038400454,-0.0031287275878828825,-0.42933679047486084,-0.90300782915492839,0.015709259360319014,0.0039193994390112272,0.015530874862879684,0.99987170688745453,-5.7193232253849837,-3.866144405818456,-1.7692781832900588,0.4478775296817286,0.3783911273249611,0.915929203539823,True,5
0.93348661087795404,-0.35813161815435102,-0.01856047924320163,0.35860703391607412,0.93194272643510456,0.053700557451668442,-0.0019345639061052224,-0.05678466978728023,0.99838457457016194,-2.7928335754974092,14.188728956465889,-3.0000139349825097,0.3260421733874924,0.3248453503081125,0.946969696969697,True,5
0.61954025329195062,0.78373691951536484,0.043889811340592694,-0.78364192043421887,0.61428368809572609,0.092525083505407238,0.045554528744304858,-0.09171690971723645,0.99474257644015895,-4.5679409374838249,-20.461928698207526,-0.67380135817287445,0.1671488362058483,0.158394082453501,0.75,True,4
0.98484315479155138,0.17344406823816896,-0.0010562448662824048,-0.16810352722081703,0.95598327415186068,0.24049362502529667,0.042721945135306943,-0.23667094188953869,0.97065014329003951,0.00063502029977298424,-31.648480802767224,-0.25346258166405483,,0.2865943740664771,0.5217391304347826,False,4
-0.34063170830954775,0.93961473434197396,0.033078547452701119,-0.93953289278679408,-0.34150238130029786,0.025574732411194616,0.035326798125464048,-0.022366818586636718,0.99912548899550901,-9.8251949604958906,17.34509344461885,-3.0616018832239944,,0.4493317998975234,0.9888888888888889,True,5
0.18684198582844425,0.9666642442837613,0.17507230264947518,-0.98131590550681458,0.1753189286177968,0.079261383205503938,0.045925656566077409,-0.18661058944125836,0.98135993497664353,-15.787739151752382,9.5580424889167173,-2.54409155862623,,0.3282664126179754,0.3,False,3
-0.24853008303926058,0.96830147708662173,0.025000945909373209,-0.9679174776288817,-0.24925179209117948,0.031769492282341959,0.036993976875169698,-0.016303177947891042,0.99918249187210917,-15.422773771918802,15.572194005526203,-2.8831790955309082,,0.3863304840911718,0.6176470588235294,True,3
0.651232091757174,-0.75627087465874809,-0.062857989217509985,0.75834389091089505,0.64542803949955052,0.091308208535115315,-0.028483429984833671,-0.107130807756965,0.99383684991332466,-9.0896547368421565,10.79370676062006,-2.6670424141815023,,0.1581625845806051,0.5633802816901409,True,5
-0.36371531890266412,0.93131925862327347,0.018857500177111592,-0.93077985343110281,-0.36415715218318723,0.03222472591979815,0.036878601414755505,-0.0058315547864586058,0.99930273777592782,11.501822927234327,3.4797541149353668,-2.8430888236513119,0.1921021679250851,0.2475165695067416,0.4891304347826087,True,5
0.54835234304481228,-0.83588630679184206,-0.024572138595556899,0.83580755154789255,0.54687436872386841,0.048519703300703688,-0.027119082816020594,-0.047143471984627858,0.99851992889298546,-13.567572175977302,11.759972401539592,-2.6937647062952368,,0.3911834888224673,0.9649122807017544,True,5
0.024761536347783161,0.99697205321540094,0.07371289863493205,-0.99892092276857525,0.021776950585572996,0.041021390497769747,0.039291937759220005,-0.074649109376199965,0.99643547412587863,-10.099765494786784,3.335921966593796,-2.2001443058214787,,0.1167528686339457,0.3953488372093023,True,5
0.18121600663605542,0.97343336631131172,0.13995799473667156,-0.98226549573470856,0.17219364709984786,0.074187895154813999,0.048117094965612436,-0.15091994318274207,0.98737425322001859,-16.357990253312547,1.1320487569558737,-2.0155669627496451,,0.4123079616074609,0.8355263157894737,True,5
0.85614070652500851,0.50282705903796887,0.11911355644966107,-0.51658336477674649,0.83855322574698821,0.17311878819254628,-0.012834245859984137,-0.20974612341721074,0.97767164520848115,16.697494483262172,1.9214271818394824,-3.0687460821983525,,0.3405708903389678,0.2553191489361702,False,5
-0.9969293202105991,0.071985186019803846,0.03082310007327687,-0.073737747761137437,-0.99546482197473907,-0.060104348976728124,0.026356689085465148,-0.062192613745489761,0.99771609375410841,-7.4180465219927489,-19.385348604080473,-0.78192006344309306,0.344251302062487,0.3223146715653576,0.8775510204081632,True,4
0.59128152202944673,0.77309209726841899,0.22959697482253091,-0.80504205304782162,0.54890689879766419,0.22496335096383796,0.047890025382004139,-0.31785189254344204,0.94693015575356065,-10.095793490165196,-6.6017739593845484,-1.5880413605895496,,0.3051923366680588,0.1290322580645161,False,2
-0.45404748206774914,-0.8674914516495259,-0.20322269888704778,0.88995881439318558,-0.45247728354821815,-0.056900057615976447,-0.042593341167523779,-0.2066951600493443,0.97747783509415875,-5.5345923023380941,-12.669796566068912,-1.2126655301664575,0.6126442828863424,0.286428507314806,0.2980769230769231,True,2
-0.92920631173370671,0.35637578103447137,0.097836255684239357,-0.3693097992279612,-0.90521019031435845,-0.21024933661071527,0.013634604080951403,-0.23149689856046324,0.97274009042932041,2.0701217317316916,-18.620111259477351,-0.75186549123040736,,0.1771800466704286,0.3,False,2
0.56707402015840624,0.77765836399100141,0.27143051518984296,-0.82210751701332463,0.51411688574752235,0.24458752678633544,0.050658524767019139,-0.36184429897969828,0.93086111593745358,7.6224308374107919,9.4502178129063239,-3.0500170955664934,,0.5840470211282448,0.373134328358209,False,3
0.057098742723410686,-0.99790453591149275,-0.030434697085279933,0.9974754470170154,0.055732018359977591,0.044007666692603586,-0.04221926311069308,-0.032870645518305652,0.9985675012164168,2.87705869992255,-0.6582454337402821,-2.1417469470744983,,0.2551794633361418,0.887719298245614,False,5
0.7087377225574496,0.70529088399669093,0.015987794571090716,-0.70431731415213705,0.70609975860747942,0.073213741059859352,0.040348006265499885,-0.063149820630202219,0.99718811592636514,10.524063306303283,-9.0525332026217455,-1.9136204852199903,0.3185358136303295,0.244615805252181,0.5897435897435898,True,2
0.4976557717362361,0.86713735500313349,0.020286458926591897,-0.86634366927300743,0.49578830396131951,0.060353992127610709,0.042277412032820351,-0.047610557792648604,0.99797086892277553,4.7060986841260162,2.4675975801785253,-2.3902260977767593,0.5345944019841408,0.4244721128942438,0.9544910179640719,True,4
0.81367766614123815,0.56570882914462439,0.13379901438637107,-0.58117587279422478,0.79669936914509543,0.16584547050093484,-0.012777343417834241,-0.21270551434230256,0.97703280582770491,4.20286268091749,-8.9826437355452722,-1.6866989926626121,0.6301101047083846,0.4051566254298715,0.35,True,4
0.69207416417735323,0.72141983839359625,0.024223295613441925,-0.72078742660317896,0.68888888732253184,0.076795745808552987,0.038714815368093201,-0.070608198501891664,0.99675254972100913,5.3626198724364471,5.9828788646859961,-2.7074833974672847,0.3773676165804326,0.2506093609913197,0.9371069182389937,True,2
-0.16030931500416487,0.9417791813535672,0.29555523526390354,-0.98662838431233646,-0.16180986969355826,-0.019544752210841614,0.029416913368416453,-0.29473639008232377,0.95512570144935205,-0.62154335832380814,21.212869516714118,-3.4910365954191596,,0.154862554238395,0.3076923076923077,False,5
0.71143714542155512,0.70263034745564401,0.012953105758513838,-0.70163241974342894,0.70914637994666174,0.069450409455428963,0.039612317268888433,-0.058497919987867159,0.9975013071057518,-4.1817363348703553,17.002759511558196,-3.1838890267500788,0.2280601749922188,0.2580594522221748,0.8571428571428571,True,5
0.98146354843833405,0.19151610195471358,-0.0071334268697039599,-0.18916757471682116,0.97405512377079362,0.12422658544619121,0.030739742396278087,-0.12057445230203502,0.99222823467661625,-12.682977306318421,25.301844909768466,-3.4675098563160738,,0.3122536145513943,0.8333333333333334,True,4
0.89916825030438963,0.43736631106533924,0.014393317534210241,-0.43658519074004931,0.89434926214266408,0.097635897759728946,0.029829999514219257,-0.09407500863656898,0.99511811554157359,-6.7371408973114741,8.4407265926942259,-2.5883088855853833,,0.09664821940659149,0.3333333333333333,False,4
-0.26845145841141194,-0.90449332706766661,-0.33139951081262908,0.96221412974074583,-0.26806195813595757,-0.047820028519187881,-0.045582705097940796,-0.33171464829033404,0.94227788316694294,5.8440556471169458,-12.808031172550939,-1.4267323185036453,,0.2041342616295183,0.2608695652173913,False,2
-0.83185749035012269,-0.55330886136895907,-0.043155760669710927,0.5539931333246797,-0.83250703958985206,-0.0048618167843429566,-0.033237388247259907,-0.027952333783188767,0.99905652645812515,4.3954817157001491,-22.224827976200366,-0.76982419784928147,,0.3778493485018315,0.9090909090909091,False,1
0.46166208554939364,0.88608684701830209,0.041451396928788728,-0.88610618646517325,0.45850231795932622,0.067760244495369409,0.04103589982358942,-0.068012675047292276,0.99684017322667107,9.8419737404870649,-0.7908473937707432,-2.4473879109429837,0.2785221827520676,0.2626663533052687,0.8067226890756303,True,5
-0.65141763718504342,-0.74616579652137205,-0.13744695728127851,0.75745127023035286,-0.65003811511864529,-0.060975586257321093,-0.043847864151863591,-0.14382994470771845,0.98863052340836333,-10.291886091607234,14.000096848273898,-2.8618389322648143,,0.2155438545147476,0.2631578947368421,False,3
0.59602001315770292,0.80272793787369856,0.019697758058505155,-0.80171913768556491,0.59354426321806675,0.070367832634214408,0.044794733889221297,-0.057732706137527137,0.99732660972112452,5.2756639232038438,8.9888865398547697,-2.9182343983441994,0.4892489420369619,0.4017482861255081,0.8785310734463276,True,5
0.85662392706112467,0.5147921924962946,0.034415783170445878,-0.51491201628295546,0.84879943916250877,0.12002136295190298,0.0325739631269907,-0.12053427156733899,0.99217459466765889,-5.6811713568393438,-11.310458201627803,-1.312397425108851,0.4118996582738129,0.3337756105357824,0.8347107438016529,True,5
0.85315885223409449,0.51968605318502825,0.045236920535890124,-0.52037594149594801,0.8418070648436552,0.1434215642486017,0.036453427367095448,-0.14590158225419675,0.98862726845303739,-9.5080250094462162,8.8739614278706807,-2.5445829961313251,,0.1837478420402698,0.2444444444444444,True,5
0.56154084150535288,0.8263550023591214,0.042535789607287516,-0.82554365191934986,0.55602048322781528,0.09653445502394048,0.056120959517124196,-0.089323190198077468,0.99442033647533301,-5.3302808913249873,-16.89874162596098,-0.89464875861960858,0.2755305191954063,0.3573955521753663,0.7291666666666666,True,5
0.40223638708088177,0.91467834311698148,0.039615874859612751,-0.91458543543742554,0.39947135137577827,0.062897700401083903,0.041705757322628483,-0.061531845923741224,0.99723340384453796,-5.3668924799734921,3.9344840419452374,-2.3147234670410466,0.4486546551984237,0.3581104821706868,0.988673139158576,True,5
-0.86252761848647619,0.50558461348472838,0.020743817284837412,-0.50599178884980789,-0.86142386599359499,-0.043831868694154216,-0.0042914991110779167,-0.04830239853410917,0.99882353863494477,7.8144858453581936,-20.211916176495283,-1.0290644261743729,,0.2064756551461279,0.9230769230769231,False,2
0.85720863289907334,-0.51399255275777156,-0.031701977743515464,0.51490282449238023,0.85448341102117586,0.06879812220827719,-0.0082729083803770552,-0.075297782166311389,0.99712677377942494,-11.344661353108108,4.2843319663321928,-2.2388446795525478,,0.1985943797118448,0.8823529411764706,True,5
-0.79648948255187613,-0.60435666036202274,-0.018908497039893845,0.60458626831667595,-0.79647532294433487,-0.010124431027674421,-0.0089413839622905066,-0.019495820495190899,0.99976995585787565,10.606961377479546,10.250379508596234,-3.2402916281897705,0.4589553992431246,0.5082469396027828,0.6448598130841121,True,5
0.88703052422547235,0.46169441413896722,0.0038880644491433164,-0.46069522570211807,0.88448984489161997,0.073740242058686414,0.030606504334199446,-0.067201058298772237,0.99726990311347863,-8.502654375411451,5.1636073164174618,-2.3103834518462358,0.2780144757608543,0.2680716897501469,0.8991935483870968,True,5
-0.30294115543498534,0.90640856309292561,0.29436401460697187,-0.95245221975491423,-0.29851868314046565,-0.061002990910435602,0.032579524668915331,-0.29884797567977572,0.95374444271222247,-13.684449780290116,-6.561299981200241,-1.5872813847976366,,0.285935183866093,0.2142857142857143,False,2
-0.5337862362630954,-0.78179068652455075,-0.32229734165759277,0.84485395197566082,-0.5092621568464577,-0.16393247218047505,-0.035972959388784941,-0.35979908013718742,0.93233608110232846,-8.9550132959036191,7.3573623189341415,-2.4623753751063955,,0.5898625238378997,0.2666666666666667,False,4
0.30629268766094603,0.9519174069711962,0.0061676406079215242,-0.95098652254152838,0.30569080177343305,0.04666655821342991,0.042537318084312666,-0.020158968633090649,0.99889148187070076,-9.320326153521286,-15.999050244655241,-1.0122915456608017,,0.1530572749515668,0.75,False,3
0.70794258288936318,-0.67577140960772253,-0.20530538543527929,0.70433281193459707,0.65399862820388455,0.27604543890406996,-0.052274174926443359,-0.34002764044152184,0.93896145521077212,4.1910133706773456,-13.167571803043245,-1.3651659742780904,,0.356540992977254,0.375,False,3
0.82042491736075474,0.57175029700859203,0.0021337394841959671,-0.57075886887913863,0.81877075808006683,0.062038369649755863,0.033723412778156221,-0.052115675027579328,0.99807148433717652,7.0697136078609759,1.5068446253034236,-2.467405818027371,0.2008195480926667,0.2317532211173768,0.8461538461538461,True,5
-0.12193142576983466,0.98856748168694097,0.088696457431372472,-0.99160402036020068,-0.12520618811532436,0.032324561298139702,0.043060355493452433,-0.084010383934189775,0.99553405827023722,-8.4689019850481788,-1.5905783649207075,-1.8855695998268602,,0.1873687660866984,0.7293577981651376,True,5
-0.37628537916429505,-0.91636216655671499,-0.13671025247093369,0.92578624791911102,-0.37768446014987683,-0.016561151081698769,-0.036457325615539396,-0.13279619070131424,0.99047263220352688,8.9831147454565485,10.557371401589791,-3.1585178790061756,,0.2812173631322858,0.1428571428571428,False,3
-0.99446392276179751,-0.1041163729486735,-0.014187572351579893,0.10406570937928933,-0.99456127633083835,0.004265648199231184,-0.014554533884802393,0.0027655934601920609,0.99989025249584762,-1.9610258715532463,16.40017496983706,-3.1926805936985145,0.425727296785242,0.3851004563594317,0.782258064516129,True,5
0.97085254628493844,0.22896643653647622,0.070849871643074228,-0.23868258461036776,0.89670802747486988,0.37275372200132822,0.021816442784443498,-0.37879953062525917,0.92522157260967353,3.4784617155265729,19.460424276833542,-3.4579806083951792,,0.4148976670894287,0.375,False,1
0.99734744542742149,0.071872038058996918,-0.011510136603956347,-0.069724642610364332,0.98874608921085172,0.13236179691701944,0.020893714659021779,-0.13120815986626519,0.99113463841813898,13.483960176068509,2.4651535306946206,-2.8914863021333326,0.3427282141598916,0.3389821530656947,0.2105263157894737,True,4
-0.00054682566319548391,-0.96123038264519001,-0.27574599264808042,0.99996401443227168,0.0018088215805166889,-0.0082884259654765688,0.0084658621645642088,-0.27574060209601159,0.96119480311409267,1.5156989754952113,14.618579771294996,-3.1268406727888496,,0.7311000424355777,0.3548387096774194,False,3
0.97689233892673943,0.21350313990887604,0.0098877396454506057,-0.21287116658208813,0.9677683014744709,0.13457481599169865,0.019163104764787366,-0.13356992142795307,0.99085410202789448,-9.2497290370013925,-14.379553874008907,-1.1058946865903276,,0.183597926809049,0.303030303030303,False,4
0.99533315225457919,0.096144904720760718,-0.0082506556829483498,-0.095133872147886309,0.9919937562069201,0.083053801939678679,0.016169798796285242,-0.081881285668470027,0.99651090945566978,-5.4151724903503125,1.400907397633721,-2.1371939988297504,,0.2776571374465447,0.939209726443769,False,5
-0.4492179554964994,-0.89264509585269014,-0.037255352765558962,0.89260146911970717,-0.45020189154678403,0.024101331354055212,-0.038286365522015434,-0.02242743181549851,0.99901509724191651,2.7135234160980906,-3.2914642839744808,-1.9790330327164198,0.4848720722863253,0.3912325071321786,0.9714656290531777,True,4
0.8360261885583804,0.54795983826655115,0.028288296015171455,-0.54765735631869417,0.83018286620241932,0.10424887881389552,0.03363974010847396,-0.10264708622669504,0.99414885383155949,-4.0842556553271008,6.0409191416713544,-2.4607986808801114,0.3218900534243869,0.2569783554908279,0.9046242774566474,True,5
0.77230567459597255,0.63419233279769416,0.03666101481790441,-0.6345978274115528,0.76760904340803393,0.089788384119219022,0.028801778267963582,-0.092609078922220631,0.99528589664969203,-6.3961606358480463,10.109980677966995,-2.7120877065471842,,0.2579679125006476,0.4487179487179487,True,5
-0.59790852462819888,0.80104898871354691,0.028738717054408548,-0.80094962219885513,-0.59846974735705782,0.017710567407332838,0.031386284846104943,-0.01242896533836169,0.99943004854976047,-10.877540279861941,8.7843041556150805,-2.5261740900041865,,0.1264795656426568,0.358974358974359,False,5
0.10404391323725108,0.99430464429338294,0.023089791139972358,-0.99378751327284209,0.10301143196440371,0.042131025950272558,0.039512562322113504,-0.027329822927548972,0.99884525237770894,-8.0818248464014868,-14.914043691753674,-1.0726683044138756,,0.2544148190987794,0.9242424242424242,True,5
-0.98990247953684829,0.14136926557991525,-0.01038324401114144,-0.14049690555804104,-0.98823395375487821,-0.060450576296805281,-0.01880692785689396,-0.058381361712419498,0.99811718553944817,6.2651599485484706,-7.4749769181091459,-1.7572235790254145,0.2807303417059588,0.2429709542170751,0.21875,True,4
-0.77669975535108804,-0.57949704791179824,-0.24682111234469509,0.6276787921560113,-0.74476117321007362,-0.22660566797043483,-0.052505465573902323,-0.33092894454892768,0.94219382811850449,6.8106797103017795,13.79527352100231,-3.2171898112027377,,0.3422895050969586,0.3846153846153846,False,3
-0.33602861497860104,0.91028753504050786,0.24178786873091171,-0.93800114870807916,-0.34662934201586815,0.0013943729658348683,0.085080050175612099,-0.22632874939680048,0.97032813123117956,-15.495773378090052,-0.94900177342491521,-1.9213844789291838,,0.278597551785807,0.1875,True,4
0.60681432457256745,0.77301203738267155,0.18501017689584159,-0.79441293158327142,0.59748890340268257,0.10915633029711554,-0.026162370435643567,-0.21321210184262929,0.97665558412422793,-3.0537005324933415,18.512884325173442,-3.2622219746625039,,0.5246591185004027,0.5945945945945946,False,2
0.96170380674815403,-0.27178084470276814,-0.035510006177951053,0.26200789500045618,0.87351791317067329,0.41026615547395728,-0.080483855794427864,-0.40385842546937306,0.9112742293809587,-16.660563587502004,-0.071911845222326284,-1.9557991484448527,,0.5586328470936849,0.4318181818181818,False,3
-0.46509809415938785,-0.78750645506812633,-0.40437278102678703,0.88423876197032769,-0.43518928067914597,-0.16950546248174231,-0.042492053827593038,-0.43639875481948864,0.89874943791554729,-8.2155575479111693,-11.75451502535023,-1.2865372142594451,,0.5339482165960869,0.2058823529411765,False,1
-0.50613898776284749,0.79037524226272959,0.34515257710834524,-0.86194121011833968,-0.47733584180399935,-0.17090302638923621,0.029676175059005574,-0.38400191477048573,0.92285527255711586,11.39366240016019,12.911384598359001,-3.3526236135709069,,0.2579034802099182,0.1428571428571428,False,1
0.76381610382962906,-0.63722172319646808,-0.10263252416777759,0.64534338790366363,0.75132847519510271,0.13797620827528262,-0.010810699308889508,-0.17162167068154996,0.98510361431319859,-1.2316307616263997,-28.649261688489197,-0.35528468511573236,,0.2115554640131198,0.1904761904761905,False,2
0.72412466209343251,0.67987511962800806,0.11581578242569288,-0.68793126307920938,0.70012875160523491,0.19123364885380525,0.048929040725497447,-0.21815029884576947,0.97468784545986087,-6.2173459289619046,22.444173319345769,-3.4111811566634098,,0.2718562574702505,0.4347826086956522,False,3
0.4173091496524407,-0.87218445556405777,-0.25523978743289139,0.9084839708100243,0.40736695034475007,0.093322251087677027,0.022582037056261304,-0.27082548484078944,0.96236355311448873,6.385691534813799,-5.4898098044964385,-2.0181001596008357,,0.2240482112347541,0.1538461538461539,False,3
-0.94566880254609953,-0.28594711564112357,-0.15474095433189997,0.32421645829269141,-0.86503972132774565,-0.38287069448752387,-0.024376301261034881,-0.41223843535233012,0.91074983851499702,-3.0240115086372663,19.109133900148485,-3.2957785548680101,,0.3437669354690491,0.2666666666666667,False,2
0.80510155224828561,0.57026481016610497,0.16312429878352408,-0.59213295530217502,0.75675015423311498,0.27696167119886589,0.034497156585907927,-0.31957354451576941,0.94693331118570034,-14.16803101949426,3.2863207943733412,-2.1569125633522721,,0.3311528030049384,0.5,False,1
0.80935624296262798,0.57922315256539059,0.097175158912293141,-0.58497502110261534,0.78025242375680293,0.22138288079169349,0.052408936865903588,-0.2360226572891771,0.97033324614935323,7.9344889636675484,2.394162559971972,-2.6094467187196377,,0.2546871418593216,0.3571428571428572,False,2
-0.24264027333620913,0.96939529451350759,0.037395998855502363,-0.96937377702191985,-0.24378229087856793,0.029743487963846793,0.037949679545258873,-0.029033732606545667,0.99885777976313761,-9.8646858116064156,-3.4420049607533296,-1.7591074973404244,,0.2492639803912017,0.8346456692913385,True,3
-0.38574016129143174,-0.82537108485695432,-0.4122706638228279,0.92160133368027342,-0.36557268146372068,-0.13041317543165229,-0.043075627976876113,-0.430254792941903,0.90167915769686002,5.7727698512746413,11.509237125534309,-3.0548387271572461,,0.3263856833537673,0.2435897435897436,False,1
0.64761375328279602,-0.75400875324785666,-0.10985092891998374,0.76186777742321266,0.63841608491266932,0.10946411397802695,-0.012406300140837436,-0.15458234876722912,0.98790200990099397,12.101670702624942,-3.0429551887457094,-2.4423770545639218,,0.3089762052710006,0.1875,True,3
-0.17200633724736683,-0.86786534289214468,-0.46607249066367956,0.9841541630290529,-0.17207429866731114,-0.042790409331271664,-0.043062783692300245,-0.46604740353836704,0.8837111600041142,7.1879031392459947,2.7924082324321438,-2.5700145440689459,,0.3380907668448562,0.1153846153846154,False,1
0.80456670179176626,-0.56471510401846325,-0.18376417948375101,0.59354760252371375,0.75460021500856755,0.27978520162327386,-0.019330439888202301,-0.33417864504249956,0.94231150225988913,-7.5276600070453208,-7.9340371656377497,-1.5289439941213496,,0.1652404760847218,0.2857142857142857,False,2
-0.66270174718861208,0.74531524920728254,0.073017625079479814,-0.74852892623730749,-0.6622317027380763,-0.033964959511999966,0.023039983923272871,-0.077164442508934131,0.99675212964563098,2.4527168514554658,18.58214625476208,-3.34814085177669,,0.1607294814980294,0.25,False,1
0.9701125453691547,0.22091902144488526,0.10038144888979088,-0.23576045054345826,0.95602985221376413,0.17442457291240143,-0.057433955783360482,-0.19287744201943979,0.9795405214094578,11.784101727598268,-0.35100065146364401,-2.6152211721264624,,0.667084778676029,0.3035714285714285,False,2
-0.57490652218932947,-0.70686936490427543,-0.41209002863937061,0.81718892620396411,-0.52130843914281011,-0.24584501249384769,-0.041045701769896518,-0.47809330913359815,0.87734943900814322,-18.27316443106622,-3.3916649108396513,-1.7909832628852502,,0.5315196528123718,0.2857142857142857,False,1
-0.72257979450979593,0.69121953525779278,0.0096950835056948681,-0.69100066263243476,-0.72261290019998081,0.018672994031732587,0.019912930666216903,0.0067934190636200296,0.99977863782424814,-9.2063801704901955,-2.23806113321172,-1.8258803746630528,,0.0955084755928943,0.53125,False,1
-0.19391608871292315,-0.90357889367280753,-0.38202321061331568,0.97728922883188041,-0.21185070494338043,0.0050042006534830596,-0.085453576563355393,-0.37237677387830848,0.92413918027995812,-1.4248032611532251,18.676832276638283,-3.2790746503853669,,0.4286989528521925,0.1951219512195122,False,2
0.76661216951629951,-0.63838702899285993,-0.069049132964734847,0.64202643493892941,0.76032805973321083,0.098505321795016199,-0.010384526427368673,-0.11984674712315145,0.99273809175173622,8.626613741093573,-7.0620217498683377,-1.9060079689600522,,0.1095072157033168,0.1363636363636364,False,2
-0.89682240813765579,-0.42921944460438222,-0.1071458661623562,0.44141623776836886,-0.88427157081845564,-0.15236631542660406,-0.029347458094267649,-0.18394145105376922,0.98249899200337054,13.512752755999154,8.5836508560746871,-3.2828679510553642,,0.2231387719722087,0.3846153846153846,False,1
-0.55717846293697182,0.83037759548827528,0.0050208913854307563,-0.83000030727619589,-0.55709081914982939,0.027373511656217105,0.025527443283931764,0.011084589757090389,0.99961266574073759,-5.301025194803425,18.73985551953762,-3.2336167203232904,,0.1114551826734411,0.3181818181818182,False,2
-0.99794555203253998,0.063625462557510379,-0.0075150311250624761,-0.063347671347044707,-0.99745459881703258,-0.032732183453876407,-0.00957850266871689,-0.032188877164235817,0.99943590513525693,10.537572804821963,8.3416782388771935,-3.1336129080581219,,0.3177553059923756,0.2352941176470588,False,1
0.99812513393860303,-0.047367691401496326,-0.03876233753707907,0.056605740302419751,0.9552794208392752,0.29023614228037453,0.023281047331699844,-0.2918861591995609,0.95616968311219108,12.724322700665599,-0.12510350446925461,-2.6968913607286455,,0.230300781561974,0.1818181818181818,False,2
-0.93988367659189553,0.33980929432398083,0.033886840619032368,-0.34135626495457411,-0.93769137089989674,-0.064890625795527568,0.0097249602757070383,-0.072557125293873162,0.99731684469717308,-17.338791989636199,4.0338062393024492,-2.1979009103875748,,0.3582287010104173,0.6304347826086957,False,2
0.25518636116955828,0.95595367968597977,0.14502580242106478,-0.96592086495936347,0.24532566616779017,0.082536053670406367,0.043322092622518467,-0.1611455237174271,0.98597936919422446,8.317517690854201,12.381869007686026,-3.1739082555338016,,0.5863737993282744,0.3260869565217391,False,1
0.99391922544399591,0.10978443179398131,0.0084824423652117703,-0.10884265742623528,0.96788367144261278,0.22661525650132838,0.016668809711604171,-0.22616051178408739,0.97394741834061926,-5.3045964706488986,-24.781456166569118,-0.53857361947232463,,0.1999240250020361,0.2,False,2
-0.38821526194300893,0.88811728016324454,0.24604188072351019,-0.92098518946581565,-0.36438738176242386,-0.13786992709413265,-0.032790107946403399,-0.28012413799557973,0.95940360439863737,-7.0280160274921339,-25.957064977684762,-0.50938877047345932,,0.3421074084998513,0.1351351351351351,False,2
0.29422461372105685,-0.86743008833133484,-0.40124421308996772,0.9550525718981856,0.25097094040411322,0.15775985542379445,-0.036145007834503064,-0.4296261501935929,0.90228316479832227,10.149263228037544,-5.3278462776367279,-2.1347509938310063,0.7725831411923212,0.5243566813524964,0.1923076923076923,True,1
0.84512994729652891,-0.48262850460018969,-0.22983711347376096,0.53442851399239488,0.75326804769468247,0.38337111491884984,-0.011896874146030863,-0.44682991716046278,0.89453981997221765,-1.850872151395234,6.7206386392201427,-2.5723327435491288,,0.2564832474248409,0.2173913043478261,False,1
0.76953821253314647,0.63056072969464427,0.10101537317778954,-0.63758786174252924,0.74973869164432239,0.17712598005388591,0.035953553508378436,-0.20071138587139958,0.9789904399797289,-5.1876787974613396,-26.639213101182808,-0.46266860378378949,,0.2048824833235611,0.4,False,1
0.5759689931273918,-0.80055399568280905,-0.16544793426364302,0.80269044631341924,0.51553727675102445,0.29984890141086246,-0.15475065865120557,-0.30550714603168583,0.93953053030255063,11.180669445171754,-1.4741309275883094,-2.4861258393817098,,0.3302646130168519,0.2666666666666667,False,2
-0.60339069598232953,0.7950860480927745,0.06130125716634216,-0.79702875399123918,-0.60377623831566885,-0.014121591856220764,0.025784361794173805,-0.05737970175588971,0.99801940688208679,7.6390048807386366,-12.529853751009211,-1.5112832022216705,,0.397758844123048,0.6571428571428571,False,1
0.94757529761676229,-0.2883566245389888,-0.13766449226647193,0.31952803819533676,0.85281942250077802,0.41303857617960987,-0.001699456837986852,-0.43537281689366036,0.90024864462910237,13.182444608057718,-4.3909330812900746,-2.407652343509481,,0.629520682384937,0.1967213114754098,False,1
-0.02130584435292638,-0.99510380390422393,-0.096511556052913575,0.99889747367930182,-0.025226853447470995,0.039590945205311159,-0.041831783054503024,-0.095561631005784034,0.99454415518165762,-18.087599688132574,3.0237948306067168,-2.1368130836502046,,0.07012426378887669,0.3846153846153846,False,1
-0.088454612907873667,-0.94630179341466281,-0.31094806195812036,0.99517317231413682,-0.097276729737285655,0.012945847127039861,-0.042498688939022713,-0.30830204934740868,0.95033873319288253,10.189393724301798,-3.9794311300183876,-2.2711564344148849,,0.3928465902068363,0.375,False,1
0.90385511099672033,0.42770033596180718,0.010879381566227829,-0.42686635348482632,0.89979595308401183,0.090290415195645901,0.028828017407960205,-0.086253495185946216,0.9958560538454011,9.9077621603574517,-14.676865273404729,-1.5000732656437079,,0.3317232064964724,0.5675675675675675,False,1
-0.75887306764337681,0.57126808416536978,0.31267306123099115,-0.6509951551384795,-0.67856224168899371,-0.3402331438002999,0.017803797116303269,-0.46174241755337614,0.88683536501438986,3.9468644072890595,-11.357898566734745,-1.5172189089089252,,0.2781555258088693,0.4347826086956522,False,1
-0.751958841790208,-0.65197427254120122,-0.097403532779370416,0.65819346597077966,-0.75076086533811415,-0.056031102346282426,-0.036595923364530394,-0.10624345166239131,0.99366647692873289,-9.2632052569104459,29.702323043039893,-3.8024649023804611,,0.6723524900574562,0.375,False,1
-0.074122836657369143,0.96936530061790882,0.2341724130716866,-0.99642391927548923,-0.081541380649693754,0.022144442585342379,0.04056079611569216,-0.23169358471846696,0.9719428504900729,14.835851502693417,5.9066213623033477,-3.2287979548895018,,0.2242102498340557,0.2105263157894737,False,1
0.73182173125681604,-0.66153585939070758,-0.16372922891308844,0.68122013619498833,0.70326323009272518,0.20337147106226186,-0.019392774498716028,-0.26036730966030452,0.96531486280772527,14.709385419994623,-2.7627163839356674,-2.6854401449389744,,0.2586077547598505,0.3846153846153846,False,1
0.16399297695586482,-0.9122501091335341,-0.37537453549089994,0.98568971101548497,0.13648752278458934,0.098929013551821973,-0.039014062943553619,-0.38622648085026728,0.92157854162445396,6.487110658294716,23.917371623077425,-3.8870393384085893,,0.3649433476767768,0.2380952380952381,False,1
-0.093460213539522968,-0.95801369147167248,-0.27106264116983186,0.99471376062538008,-0.10148049955570286,0.015692120074685449,-0.042540838116568905,-0.26816315027002363,0.96243379093296388,-5.5276149284716691,26.047741039250589,-3.6588586087327162,,0.5349036887334594,0.6111111111111112,False,1
0.77433213245891652,-0.59391071897525749,-0.21835706200606231,0.63255507416372414,0.71732359040479343,0.29209749194147772,-0.016847159741401815,-0.36430334137236331,0.93112794430925505,-5.0771882844270575,-10.013206510904215,-1.4162305339947012,,0.2767289827063703,0.1724137931034483,False,1
0.3697457016948632,0.92611993627215949,0.074766166930128816,-0.92813040978996864,0.36441178750450098,0.076013101179197753,0.043151575884059698,-0.097498270584790769,0.99429976804367048,-7.2501568926534734,-20.95084680595301,-0.7024588267083367,,0.174989780980806,0.55,False,1
