axis_00,axis_01,axis_02,axis_10,axis_11,axis_12,axis_20,axis_21,axis_22,location_x,location_y,location_z,dbh,dbh_approximation,score,reconstructed,number_clusters
-0.69247602814541609,0.70769701689500886,0.14014950132574777,-0.6873098698369462,-0.706192177241316,0.16999338701223346,0.21927629436095075,0.021390209935305354,0.97542829856953317,2.5591248676991953,-13.245869319583024,0.43910045701581979,,0.2951419869863104,0.4716981132075472,False,4
0.96600743544198497,0.23494253607476123,0.10785007841240177,-0.25349937386717752,0.77911889260987943,0.57333395035293866,0.050672498653121442,-0.58118478638133364,0.81219242914418677,-19.075684559870101,2.2474785461130518,-1.9275781119797872,,0.3816222845463205,0.2777777777777778,False,4
-0.30327993076190529,-0.92157126960883085,-0.24233794302300604,0.907511556391288,-0.35689219822380569,0.22147400268031908,-0.29059259903396722,-0.15275586364702215,0.94457481837498514,-8.9208539397461983,11.198220460603547,-4.7161692985443624,,0.2988079730020585,0.3333333333333333,False,3
0.22983991718107663,0.86541368812953556,0.44523337798084284,-0.9485647166267418,0.096859820136779712,0.30140198010945585,0.21771217430595374,-0.49160687916373474,0.84316314288390715,5.880559982827072,11.747290060095926,-5.7932720352413343,,0.3391738913826615,0.1333333333333333,False,3
0.059500318573407478,-0.97694196377632181,-0.205046608122466,0.95762859244745624,-0.0021227986621573103,0.28799821640583867,-0.28179281576500032,-0.21349448034716262,0.93542125047730673,-6.1399007655765114,3.849868058136475,-3.0033073952137372,,0.6008392403179713,0.1407035175879397,False,5
-0.96352959282282025,-0.26518138620333487,0.035910390779943763,0.26661518351432123,-0.9397816840948624,0.21383809333102771,-0.022957954488919893,0.2156135864251191,0.97620884736545099,2.371399053628747,-1.9375574532310027,-2.0033012713671732,0.3091068463738399,0.2801547175869997,0.8098068350668648,True,5
0.9956223895819124,0.080382626940329466,0.047693717084910707,-0.091716786950118298,0.93849733684936187,0.33288253141041046,-0.018002454131320067,-0.3357996158616447,0.94176139739979892,-0.79944604465839653,-0.73156717435208818,-2.1454068355378317,,0.1319882546784523,0.1818181818181818,False,4
-0.95843138741424572,-0.28293465620477787,0.036840954622382821,0.28363532823847665,-0.93076288848367095,0.23071940966590879,-0.030988323514768379,0.23157812016643106,0.97232263064577806,-14.911903254867461,1.4643886252796607,-1.9634956763582256,0.4267883050489595,0.3795399223896215,0.9481865284974094,True,5
0.29142892180838975,-0.9385242929984805,-0.18504414334234628,0.91772579832262913,0.2197273934285493,0.33090668121116712,-0.26990469174635145,-0.26625556149834462,0.92534287339586108,6.2849131215666505,1.0909635152912702,-3.1340866121474886,,0.3079168747137126,0.5145631067961165,False,2
-0.65368733981401783,-0.74695637098995982,-0.12144563229850257,0.73543044323439499,-0.66486200858667976,0.13076915806927628,-0.17842344277290076,-0.0038326721221448867,0.98394633273033238,-6.0347658434829974,12.378029569209156,-5.2061023273375779,,0.7031753874442691,0.4666666666666667,False,2
-0.54134051009358097,0.8090688540667651,0.22881879623560816,-0.80110854075659044,-0.57894753489761708,0.151805328506012,0.25529504119443353,-0.10113031798161952,0.96155972291193037,-13.202941287597428,6.4557674922880164,-3.2869664011729354,,0.2919081363995006,0.1923076923076923,False,5
-0.95680195117179778,-0.28867766273254875,0.034572145914222752,0.28922606532165651,-0.9329439358463758,0.21439192080399544,-0.029636284726568887,0.21512977387322921,0.97613568269009576,-6.7562401293437162,7.7250649517983145,-3.9712486635449689,0.6057722060710522,0.5761111068630731,0.9851301115241635,True,5
0.88955497088063296,0.44592820252372434,0.099196733693788716,-0.44823002943997625,0.81005636794145697,0.37801920779999099,0.088214480046045873,-0.38073182025075736,0.92046808014115855,-11.34115317073654,10.612097055394202,-4.4049137625002857,0.6079832547540513,0.3916508702112843,0.3389830508474576,True,5
-0.97533339751046921,0.21359709565167234,0.055687022095420827,-0.19790939730843399,-0.95791123137256184,0.20793735418946499,0.097758038839258404,0.19178726115014247,0.97655568827529204,-19.767168065565375,-2.5477773583812597,-0.74374005918750985,,0.4682967464754942,0.9803921568627451,True,5
-0.2841850653538146,0.92161359295737366,0.26432410768987591,-0.92191675883272928,-0.33837272563058762,0.1886090886799538,0.26326476865164439,-0.19008493844996754,0.94581149166272471,-32.228885421716804,3.9742946912420418,-1.5836573268678038,,0.3104814246821516,0.3846153846153846,False,1
-0.83472969981309708,0.52594583646465731,0.16311745876953232,-0.51953820011282559,-0.850381349103002,0.083256349435252563,0.18250037499540583,-0.015249203364478194,0.98308752149708722,-11.904947305399157,11.877922692987879,-4.7375453921779487,,0.2179666077476475,0.2666666666666667,False,2
-0.99304387650073611,0.10544592457669105,0.052392903475165821,-0.091951847737138645,-0.97243370115760652,0.21428381775263641,0.073543980325498623,0.20797560876960025,0.97536527983868526,-10.065616085991202,0.30885985123589388,-1.9170570923265835,0.7202083757133696,0.6384311575944854,0.9931787175989086,True,5
0.7341464227087432,0.6573377099435963,0.17010633471468067,-0.64721306635036469,0.60172394844311361,0.46802087198690867,0.20529071281797606,-0.45369089141852575,0.86719103908801409,-8.3596045234429273,8.1119752216175964,-3.964051668617659,,0.4057602849520239,0.2121212121212121,False,6
-0.74960996215529285,0.65578881930466282,0.089587549986245851,-0.62450601299051978,-0.7456128242172636,0.23249463671543488,0.21926500946623151,0.11833233217406637,0.96846286185171848,-16.711452038532645,-3.0768927513558229,-0.75210481941839158,0.3613837063439515,0.2453464895852928,0.9032258064516129,True,5
-0.89806800012591481,-0.43876144835213976,-0.031020293192877829,0.43378361093449941,-0.89514194682055714,0.10272620856884142,-0.072839865695006015,0.078799025896483715,0.99422586341499786,-2.7497381102263478,9.2079502260790651,-4.5839276396614599,,0.3233273956612375,0.3218390804597701,False,5
-0.99875609234884544,-0.015172459052537548,0.047498047142632248,0.024371568713703655,-0.97958308726220045,0.19955701387896546,0.043500513037179951,0.20046638530226332,0.97873435299336797,-0.15830340919756147,6.1851312544053201,-3.9622559926482732,0.4611453816031721,0.4310175431200694,0.9637058261700095,True,5
0.99253895183468765,0.07700662816301708,0.094532578034573919,-0.11052720704970466,0.89559761590658593,0.43091605549599954,-0.051479759058213191,-0.43814939187610724,0.89742684649274118,-6.3607716349981658,-19.361013822037261,2.3652567387012575,,0.5119042759380155,0.5416666666666666,False,2
-0.8925489135365724,0.4448303078636911,0.07404346122769194,-0.42255263944719634,-0.88233734040178413,0.20719576402260853,0.15749826615201409,0.1536450940921921,0.97549345524227349,5.2236244005955417,3.0225987179717007,-3.5108294157584998,0.4556991860072253,0.3840046307538379,0.7653333333333333,True,5
0.77566283650430423,0.57410378127079698,0.2622060495043389,-0.61806793239263891,0.60679728377951148,0.4997890428427747,0.12782486070396021,-0.54972893750318597,0.82550523938835962,11.979636465692725,12.926436448276835,-6.4829442313990686,,0.2452200763785505,0.5,False,1
-0.64855992609631541,0.74564796569867586,0.15290236594431389,-0.72501654907287538,-0.66633670217484797,0.17420218972563797,0.23177796666724265,0.0021238135922517914,0.97276639723184499,6.6882545246721419,11.658280455416238,-5.7990118443969152,,0.5591449447020945,0.25,False,3
0.92969809842633899,-0.36568945589545626,-0.04396211584232039,0.34106952002916824,0.80969540687351405,0.47756144169625581,-0.13904326049658539,-0.4589821019765572,0.87749780727683802,-1.0435054730289965,5.4287706211517959,-3.6951716811481843,,0.3351142038917196,0.1768292682926829,False,2
-0.6128183010771423,0.784346706700493,0.096197575608825914,-0.7518387785745162,-0.61619405790056558,0.23461315828319068,0.24329443252262106,0.071450169321878268,0.96731726564109788,8.2914547116087718,8.8942889099657112,-5.2230355309697885,0.2753008767716468,0.3357057714679311,0.6825396825396826,True,5
0.00043915907140936199,-0.98552767605422686,-0.16951403148549279,0.97188735891111333,-0.039490754034569378,0.23211083976101071,-0.23544589341946587,-0.16485047793966434,0.95780454749127875,-11.878476246909983,-10.80533853854106,0.87179875041872767,0.6776885341655206,0.6192356515856188,0.5116279069767442,True,5
-0.32483654006666368,0.93616077175431123,0.13447762514965234,-0.9112455948215461,-0.34786584356268113,0.22050129432896742,0.25320483438482067,-0.050915265989640954,0.96607191633612777,-14.019001159062073,9.2561746804175193,-3.9687798729861896,,0.3308171116551554,0.7976190476190477,True,5
-0.40209386736324254,-0.91548207578563578,0.014597628029744458,0.89013623489832772,-0.38712843757853177,0.240393544295669,-0.21442482400575777,0.10965464756784556,0.97056573868897256,-3.4572644830187418,-13.625678379490004,1.0330632812909142,,0.3264621214086584,0.8333333333333334,False,5
0.37936036852246408,0.89187725152173958,0.24625328223706427,-0.89575296115676317,0.28735459961946769,0.33919605931735824,0.2317592357887592,-0.34925964882242316,0.90791263584722004,-11.382906711294696,-0.51647710697770433,-1.6313437832559088,,0.2909075752018319,0.4901960784313725,False,3
0.64062563535037709,0.75476971748952648,0.14114343375696642,-0.73825843475892283,0.55489858845857598,0.38348668820962473,0.21112384715903532,-0.34987173376462044,0.91269737102355419,-21.364249140533055,7.3645948534194767,-3.1057793695413936,,0.4318267091796926,0.4285714285714285,False,3
-0.77368943595889828,0.61654184996001582,0.14587941572916441,-0.61190384628224836,-0.78685246429305056,0.080230183478186751,0.16425084350039629,-0.027190930175965612,0.98604376866626608,-5.2167723245736353,17.637476700434672,-6.6124031939903887,,0.2782416143897878,0.125,False,4
-0.93250541723470903,0.35693295052693302,0.055068281760564837,-0.33566319334286709,-0.91281924343395204,0.23257525545839497,0.13328115944420654,0.19839329032204359,0.9710181434414098,-9.8259929596096143,-6.2716693463183075,-0.18537493362848737,0.4862661162023914,0.4824320977830239,0.9714285714285714,True,5
-0.90315322650970364,0.41825664560756665,0.096827825805485046,-0.39597251507024372,-0.89869055403891074,0.18857639139133947,0.16589158132363585,0.13197221861566366,0.97727340942010787,-28.124306429629495,4.3992585921873433,-1.9334014849557903,0.6886807426205018,0.5023403624757593,0.9753086419753086,True,5
0.84779567981756332,0.52532746697191979,0.072619127835172409,-0.52287548236674153,0.80514771798376317,0.27988994652413696,0.088564751579970805,-0.27526024898340012,0.95728160961504583,-17.074288969643018,-5.8289102940860511,-0.077572135986679933,,0.08920150545341668,0.2272727272727273,False,2
0.98640218652785416,0.1405690134763114,0.085153266897788474,-0.16426282186866215,0.86004702617757034,0.48304951931956452,-0.0053340195737903578,-0.49046861797001295,0.87144252995924643,-11.220309565872331,-2.9842708859026805,-1.0324972311826659,,0.4780778735127894,0.3461538461538461,False,1
-0.98758040883294063,-0.15710585180546405,0.0016393345731196135,0.15704400063551308,-0.98739645889230787,-0.019631984905374628,0.0047029728636289181,-0.019130716019309043,0.99980593004384266,-8.4411759333904364,5.6187588373959567,-3.3153120583145017,,0.5768645756836983,0.2149532710280374,False,5
-0.98930163418006745,-0.14333387303479597,0.027160218141482714,0.14587607003439501,-0.9739461898699433,0.173634649275829,0.0015648642011906189,0.17573906816261692,0.98443553934291017,4.5539725870139218,-7.881997303500591,-0.79796006477991077,0.3978012193121342,0.3696455633768209,0.1923076923076923,True,5
-0.43175951342566182,0.89238577449866552,0.13126824459424005,-0.86379416848935542,-0.45097590687232114,0.22467836100628569,0.25969858884911007,-0.01638172436298975,0.96555076617269386,1.5096275647451032,14.205294920931347,-6.1028998131867924,,0.192328264137616,0.2307692307692308,True,5
-0.68514241736568793,0.71816959249454937,0.12170581063579078,-0.69363440692063649,-0.69427099307161921,0.19198723320889063,0.22237620705048186,0.047119259284937445,0.97382164585835751,7.6200499742199943,-3.140819350101645,-2.1800890083110636,0.8958354930395436,0.8614108360967693,0.9989561586638831,True,5
-0.66598892106509122,0.71145463911976758,0.22425666878271,-0.71389958361989259,-0.69507014116053822,0.084999313964375461,0.21634727066894271,-0.10348814106955344,0.97081618400810998,-6.8591482508641972,9.7559796309564515,-4.4658025819766669,1.21597564405417,0.6441261745374894,0.14,True,4
-0.87199180063424797,0.47887679098074559,0.10152496582923588,-0.45976086678502204,-0.87238349507892088,0.16603307768927675,0.16807809196837428,0.098102276089149149,0.98088006322200316,-20.306890120528625,0.1891503822776619,-1.340699303843671,,0.4238985101996883,0.75,True,1
-0.67062712489774656,0.65546980472745631,0.34730187797064038,-0.70694882669404213,-0.70655889325224386,-0.031589346338323721,0.22468336784751236,-0.26670932765225053,0.93722116853813375,-16.343691994254382,11.277755697746313,-4.331719649205418,,0.2136909422820955,0.1111111111111111,False,1
-0.85604677848408606,0.51127584076458554,0.076032412150895345,-0.48813091977307999,-0.84799800759400568,0.20646448672370502,0.17003563805421651,0.1396294874554157,0.97549550897194426,-19.430692097658863,7.3090263934111981,-3.1629688561075144,,0.3943586035452579,0.9382716049382716,True,5
-0.96142312312044398,-0.2718984555613515,0.041675030806023916,0.27377571701642806,-0.93113931443639164,0.24088676568684012,-0.026691479941584426,0.2430037180256254,0.96965806237263341,-4.7145130219365843,-1.788982531883389,-1.6931794937486482,0.7239779756034072,0.6576110711287975,0.9952861952861953,True,5
0.74964395403037865,-0.66141491136809605,0.023754098712294267,0.62787697589322378,0.72206539450228469,0.29050313114567372,-0.20929511539660914,-0.20285926422570408,0.95657915176368247,-6.4022029842131039,-6.553207528082055,-0.36784294713468763,0.5315510725794643,0.4776337525284799,0.9704918032786886,True,5
0.96172688626561054,0.23264864050785658,0.1447618952062355,-0.27400059931387977,0.81218826700618463,0.51504746433035309,0.002251179577392029,-0.5349998401937498,0.84484916001803156,-2.5317790658405204,-1.3290832507714505,-1.9165150681272349,,0.3820350297728614,0.3544973544973545,False,4
-0.012939534001384066,0.92990776884866555,0.36756510973530082,-0.96526633077695112,-0.10754775758682918,0.23810583887516498,0.26094727269743295,-0.3517172461977679,0.89900027786359993,-0.40364001032978492,-14.59186264975558,1.0365032756069934,,0.4334692257633849,0.9344262295081968,False,4
-0.42432521944699009,0.85723745866664169,0.29170541235983494,-0.85602743671881576,-0.48478698455849523,0.17943970348642177,0.29523742263791286,-0.1735670448600159,0.93952612800958502,-6.9153523444397083,13.495843108394945,-5.474741999772986,0.5691593337703701,0.3764517655182661,0.1875,True,2
-0.75424505252286256,0.64869936988356613,0.10150629663941804,-0.62333583466427944,-0.75601092969547745,0.19974962178779462,0.20631732348053428,0.087387651837345509,0.97457506654858794,-2.872438906864768,-18.439019575588258,1.8818371110927323,,0.609255462671209,0.875,False,1
0.93066436548489084,-0.35362941665800696,-0.093861997052712504,0.3386692768258352,0.73555967475681894,0.58673255049119988,-0.13844478954034889,-0.57783925147549497,0.80432259678773643,12.492690085911223,-1.9300153070624169,-2.8750905890588387,,0.4773975974661408,0.2619047619047619,False,3
-0.99718789263447327,-0.0049515377615539924,0.074778265940138991,0.0037020465675956481,-0.99985136614774395,-0.016838659795273631,0.074850528618237544,-0.016514475053283184,0.99705800757994234,-8.539499660856551,-1.0447406491226661,-1.6307872090404636,,0.4656779166197776,0.2486772486772487,False,3
-0.99200742844564993,-0.11080895127348366,-0.060354272643463741,0.11829087615011122,-0.98317482876589957,-0.13919240173509631,-0.043915037610024396,-0.14521925629480448,0.9884244215279665,6.2572762429121997,6.9978626522328646,-4.6451490304173237,0.631094852110323,0.4997988441467999,0.2117647058823529,True,3
-0.47398831948519465,0.87397153631900837,0.10727919973505563,-0.839659219550005,-0.48530816096717055,0.24382039275528164,0.26515555437568711,0.025490049094810202,0.96386865774381647,-0.48829360196059352,9.4891332630309613,-4.7913261668422376,0.3979718474066509,0.2745506875939419,0.8803088803088803,True,4
-0.23739217689939066,0.9039992362864997,0.35557043625756357,-0.93920501222971642,-0.30706684902012787,0.15363559234574642,0.24807035161330102,-0.29748164821762646,0.92193588151464068,11.139955158499566,-8.457848079714422,-1.4010193956859012,,0.6462291136348315,0.6265822784810127,False,2
-0.41724089860556346,0.88353039690057822,0.21280054107903335,-0.87186175879402528,-0.45523166635353923,0.18061340897499642,0.25645098183358811,-0.11017335295654448,0.96025763533277964,-13.001385673890475,4.6389338205106139,-2.823202944518775,,0.5122269160534765,0.2405063291139241,False,1
-0.53535673428003572,0.83786745933675921,0.10663623983233708,-0.81259108538034119,-0.54537150717973504,0.20558610633236737,0.23041027542497886,0.023410248633207245,0.9728119372404499,-14.426086439309479,-19.670368107556662,2.9861854343541192,,0.2579488651541034,0.4782608695652174,False,3
-0.33256006965463586,0.79616023038558548,0.50550241109580885,-0.90612079360570041,-0.41833782393928015,0.062758046951161633,0.26143623977306629,-0.43717542544626198,0.86053979566269923,-2.4758110258785644,13.813342179831784,-5.761189590850063,,0.722563266587807,0.375,False,1
-0.9225718115587016,0.361310626834909,0.13533618678484205,-0.35825974547077905,-0.93243203859338175,0.047121631760835364,0.14321734284823612,-0.0050124186533273829,0.9896785682062309,-15.996744388189034,1.2304193887868482,-1.834932815365218,,0.3864640926287752,0.1935483870967742,False,1
0.22594676331475758,0.92642394599818023,0.30114237899828489,-0.94639870597096487,0.13551117046409086,0.29319995227819573,0.23081930050164573,-0.35124833801829436,0.90738473403254782,-6.4721559603879157,10.59552890642334,-4.7241891467776318,,0.3956326044177865,0.1666666666666667,False,3
0.71678228591239257,0.65302151078976767,0.24451188324507905,-0.68143113060148308,0.58161928201200763,0.4442641388172377,0.14790121314374088,-0.48505867401551195,0.86188358489585093,9.311542771321804,3.746136115003424,-4.0252516752724903,,0.3544391332004351,0.2553191489361702,False,1
0.16217931819634021,0.98161115569525526,0.10068469478523691,-0.95276662846654347,0.12922310301423479,0.27484021053671892,0.25677542801028641,-0.14050241514649675,0.95620366601897944,4.7940534408770752,10.498640757053908,-5.3851664713080467,,0.3420769072969889,0.79375,True,3
0.76196198074564736,0.54812244970364721,0.34492857235816715,-0.63382554635931232,0.52180808710351589,0.57094789343309538,0.13296283947212326,-0.65366512861268866,0.74501193477371075,-1.119204003151326,11.533967713513762,-5.243405750098538,1.186909154687237,0.6183280337054523,0.3052631578947368,True,2
-0.80876411487804889,0.56914360838841593,0.14824358170302424,-0.55706337254636573,-0.82214652286596401,0.1172838177528136,0.1886292804757434,0.012273873472533392,0.98197166281781512,-16.669478353434911,14.20821046141681,-5.1114132132855383,,0.2626605109613057,0.625,False,3
-0.80026499535632523,-0.58785574696854059,-0.11832817907582439,0.59630339490194573,-0.80096360609013484,-0.053661559309263696,-0.063231308983407702,-0.11350296240692047,0.991523514138267,6.1356767113923976,-14.181399390819598,0.18809495988923472,,0.5252818439874927,0.5983606557377049,False,3
-0.91451785951722264,-0.40453507569808139,0.0029081186334712489,0.39932388776258637,-0.90153920457704007,0.16663581629641333,-0.064788249599845749,0.1535527112770935,0.98601422280474349,-2.327915025772652,11.729970797893639,-5.2330217791413016,,0.4263979715021584,0.7,False,2
0.50614191189019375,0.85091493261316498,0.14058500092140902,-0.83870537962828151,0.44763728686050336,0.31015181056177538,0.20098171859828329,-0.27489022694177478,0.94023492379361229,-4.5568647672218834,9.4748648680913607,-4.5397790386020525,,0.1015204333182955,0.4736842105263158,False,1
0.53145147157152939,-0.84298620634452659,-0.083268176858384793,0.80781255959776344,0.47477059856309306,0.34933042709754386,-0.25494744933135888,-0.25291724862671172,0.93329237831803169,-8.9362184245237977,1.4781635376903841,-2.2199373115957126,,0.2873903040479986,0.2584269662921349,False,3
-0.99321839231771214,0.09501805795887755,0.066998461352062,-0.089504768471398266,-0.99268878885645973,0.080980645215860958,0.074203245095492698,0.074434784478892235,0.99446133221804034,7.865732607763241,5.8445553281368099,-4.4281930422609568,,0.2819843028562591,0.1304347826086956,False,1
-0.15744071889099504,0.92860464203411253,0.33601464079379684,-0.94258271185582254,-0.24279170469106121,0.22932513914469002,0.29453395618435851,-0.28061647657595962,0.91351198225774999,4.2245216675537245,7.2893653685635798,-4.5560712031626442,,0.4901585903122021,0.4226190476190476,False,3
0.93211579679763124,0.30608754929901244,0.19357312190601889,-0.35870525349173776,0.70662662819164723,0.60992569174279909,0.049906737799077477,-0.63795706790867079,0.76845305453724755,-5.1147959482993102,11.369858029180866,-5.0237250037734364,,0.4688969084799231,0.2222222222222222,False,1
-0.72511838150488894,0.63346922174432796,0.27003717874834693,-0.65686626864245867,-0.75399114823640223,0.0049044368571369845,0.20671245226996937,-0.17382201668312305,0.9628374050652313,-13.552426772040461,-16.464379864661982,2.1918741250414859,,0.2973303324366212,0.2222222222222222,False,2
0.11549113860210487,-0.96036216577648448,-0.25370515849995934,0.96336309312916291,0.046052020186976544,0.26421726331432155,-0.24206062815129736,-0.27492493881384861,0.93049606679297703,5.0406527056148658,-10.133587744838024,-0.37433133130304796,,0.1832936668373386,0.1363636363636364,False,2
0.28023494494607964,-0.95982857425994872,0.014052888143813738,0.91942512095940387,0.272588841524322,0.28346564240700178,-0.27590908390238605,-0.066516400312576357,0.95887942198672893,8.3343256475072032,-7.7557693097387403,-1.282733332919741,,0.2257977053040884,0.32,False,2
-0.27936719918054381,-0.8640333571426434,-0.41880822074886781,0.93049984433892075,-0.35123688415185611,0.10393599422981552,-0.23690506053536098,-0.36066467661265278,0.90210696889926945,-3.463424781576002,11.348049707608862,-5.0774007077564187,,0.4824835565107033,0.148936170212766,False,2
-0.98275160108619741,-0.17917624106776647,-0.045772974552045403,0.18493000038664753,-0.95274639752717427,-0.24098796018885818,-0.00043071975933618722,-0.24529609991970475,0.96944810992887687,-19.640987608174083,9.0876941877598156,-3.5770258474256682,,0.4388722433682918,0.2666666666666667,False,1
0.97757558086692631,-0.20711144515940769,0.038089801478518884,0.18289855612228112,0.92469601988096983,0.33389427815504236,-0.10437481430439077,-0.31944032322215321,0.94184063303652865,-18.745618166504112,11.279667668852905,-4.226563965901537,,0.282941469943218,0.2666666666666667,False,2
0.9970147555994332,-0.073938136652259817,0.022242505825444653,0.04536850639151889,0.79409795683409645,0.60609416230460134,-0.062476201427470596,-0.6032757138326601,0.79508184318024056,-5.4639773299703522,9.2521319291602317,-4.4572921575372026,,0.4601014948946635,0.1777777777777778,False,1
-0.97852225653767533,0.15906471903189143,0.13112058808487287,-0.18123092826228174,-0.96692146951611946,-0.17949435208379452,0.098232093032822751,-0.19940232432972005,0.97498162492956619,-14.505481737754836,4.4023961176570579,-2.7034623419435744,,0.7609075584274808,0.4375,False,1
-0.830580024981868,0.54768506993765398,0.10088551069656564,-0.52569540960866612,-0.8308568107146721,0.18254121837387843,0.18379651361627164,0.098580039847986023,0.97800859777717331,-10.168473042807436,16.355117631715139,-5.9699276485524955,,0.2080451658705912,0.2666666666666667,False,1
-0.81464810061828252,0.54010669861662985,0.21126577164431992,-0.54826458725991112,-0.83598601429839858,0.023093857499281861,0.18908837752687072,-0.097016173944980272,0.9771557948849986,5.0359809423080533,5.9281066589568381,-4.2359123478230849,,0.2430771180164472,0.1153846153846154,False,1
0.97942170334038414,-0.20144966980997786,0.012294615051795091,0.17692355990386302,0.88629925713008251,0.42798560812439468,-0.097114267627188194,-0.41700318625175348,0.90370192081190126,4.92536849935947,18.857788124038212,-7.5367579016137585,,0.2193053065469261,0.1538461538461539,False,1
-0.77632815139090183,0.60189613174392287,0.18717811824486102,-0.59759733120903458,-0.7972624951650632,0.085146600255186694,0.20047950291694222,-0.045755441150528792,0.97862884104000114,5.9122851409254906,9.0236704152366016,-5.1015325073825144,,0.8286069348024059,0.4324324324324325,False,1
-0.98822130681740794,0.11249713600703645,0.1037450873165038,-0.12773548979982219,-0.97972119635236588,-0.1543697576064941,0.084275105444574727,-0.16580341313767497,0.98255123774498543,-13.721262134242979,4.2098216807547839,-2.7011619273670791,,0.5684039451726426,0.1549295774647887,False,1
