axis_00,axis_01,axis_02,axis_10,axis_11,axis_12,axis_20,axis_21,axis_22,location_x,location_y,location_z,dbh,dbh_approximation,score,reconstructed,number_clusters
-0.42565016998862182,0.90472282060995635,-0.017278618469718357,-0.90484651957660422,-0.42537075798403623,0.017677507239218449,0.0086434251754375843,0.023158931746765157,0.99969443085454113,9.4005583347792427,10.399551714020172,-3.3557895423071917,0.3273118776127402,0.3946157780765356,0.1777777777777778,True,4
0.24920632439548993,-0.94013339762238424,-0.23247667099363276,0.96759610470943258,0.23162554938151972,0.10053548142244334,-0.040669227093996778,-0.24999759908587343,0.96739196524411741,-9.3669785290684828,-3.3126154955895215,-2.6821381088078042,,0.208942883931063,0.1060606060606061,False,3
-0.61914111559107055,-0.71171824238571324,-0.33184547976435508,0.76457881446109299,-0.64273946772154078,-0.048012634902693793,-0.17911871890428877,-0.28344861983862391,0.94211112107312744,4.5222791299939722,22.006034085007503,-4.5470982993147429,,0.3431502208928135,0.3043478260869565,False,5
-0.22863629426861748,0.97278661430832558,-0.037571903939776038,-0.97195657387081269,-0.22592019492019874,0.065272383413900403,0.055007849007445861,0.051441894888942588,0.99715990091750539,37.807642299784327,-1.8715760558811894,-0.35464715099491784,,0.320296460262923,0.8928571428571429,False,1
-0.96654055747716494,-0.22512460764308947,-0.12295634097221605,0.22988755073165035,-0.97287397195181424,-0.025844703854038358,-0.11380274500350927,-0.053246086543942868,0.99207549586582411,19.897505414542781,-7.9809241850333539,-1.0832525194754741,,0.2467551024172088,0.2,False,1
0.89971241627540621,0.43049538234219881,-0.07205063345949389,-0.41297577669245517,0.89302058913079341,0.17878824137441024,0.14131021146801015,-0.13110283433448333,0.98124587691583787,8.1395805522502744,-9.1174770302050678,-1.2831397400657358,0.6083479575936734,0.4872164259997713,0.6846846846846847,True,6
-0.9883756953685684,-0.081404296618826519,-0.12840103308266226,0.1052713932476826,-0.97579221595344046,-0.19169633551105736,-0.10968782324575777,-0.20298495455740115,0.97301885369962848,-13.92057799933457,-18.495431276758751,-1.7380791876454491,,0.2443806771812594,0.15,False,3
0.18340137564295667,0.97774983333696153,0.10182926309178522,-0.9784611101359042,0.17158116594725389,0.11477699875757306,0.094751207717295505,-0.12068623327341799,0.98815840923122689,-14.108256045029488,-1.4920228393204809,-3.192553484820563,,0.2226690501931886,0.3333333333333333,False,5
0.90111424546471575,0.42531606007485728,0.084257733549844491,-0.4162100087367927,0.79406427547710701,0.44297985850186972,0.12150039196593268,-0.43424437296690188,0.89256343152669382,-10.813853668682624,1.1018645055649721,-3.1440123357645708,,0.5308032159930178,0.1166666666666667,False,3
-0.37397957386891534,0.86262905113607458,0.34060299244853942,-0.92645166644402743,-0.36440079052848129,-0.094336491376890083,0.042738601660660992,-0.35083213079518993,0.93546257430738411,-4.4200435674551146,15.110575431179646,-4.1793490132656439,,0.2418377890810932,0.2105263157894737,False,2
0.81403573816555153,0.58029041614862242,-0.024674884302135158,-0.5685615455920574,0.80482322837750586,0.17028605326913779,0.11867428475974032,-0.12458974271611384,0.98508568670278429,-8.2490109184376408,-0.78871080485205214,-2.7605000019251733,0.4749045193072676,0.2498698631140158,0.2452830188679245,True,5
-0.58253622799958327,0.81182397862664646,0.03991704892425596,-0.81278328785919574,-0.58146117366380801,-0.035864055798312366,-0.0059050863511804566,-0.053336022051808506,0.99855916134542355,12.12837767413582,5.6730430076331402,-2.5895453947708744,0.5939133263175341,0.3579878574072805,0.35,True,5
0.61708541473127498,0.78283727225799982,-0.079821025360396786,-0.77714491080074277,0.62221467700529876,0.094311628846593692,0.12349647178132732,0.003834173032947065,0.99233760413214078,3.0470382483568552,19.163800256764048,-4.2828068535015236,0.4143288034224398,0.4523269346974461,0.9242424242424242,True,5
-0.3959694849473076,0.91690807970478616,-0.049877252958090527,-0.91752716008901336,-0.39289276182834865,0.061475102292576148,0.036770606325625947,0.070105998851552553,0.99686161097489967,-11.943352612026979,-8.5304001990524387,-2.4303560479405069,0.4819885421805857,0.2806146065454364,0.8925619834710744,True,5
-0.39249243411081491,-0.84040498045627254,-0.37372337094442004,0.91360372623068564,-0.40314817017905719,-0.052912987996195093,-0.10619755450656665,-0.36220301172901764,0.92602972830857577,-16.643654915243925,0.98835434394802146,-3.6472525666222637,,0.4192205425365247,0.1333333333333333,False,4
-0.50290187403741682,-0.84509366616440906,-0.18140121415925664,0.85615105311847739,-0.51586836486475829,0.029752384373067868,-0.11872269931978616,-0.14034431068112063,0.98295899971751854,7.699940108573097,-0.0037565261304302183,-2.2577993421714835,,0.120106112459092,0.2025316455696203,False,4
-0.51980644259015996,0.85288086750705461,0.048943723623937008,-0.8536418187460082,-0.52078364137494004,0.0089467404268108591,0.033119594347901495,-0.037129835936501446,0.99876146689465262,13.846624926882706,5.8247259237104005,-2.5395802261977769,,0.4479094593506748,0.2272727272727273,False,4
0.67634770715907677,0.73321440789252568,-0.070359157751309437,-0.72533886658871649,0.67960428605368739,0.10964279727029258,0.1282080638511352,-0.023122422802798318,0.99147770823517378,5.112155347921707,15.045543848389492,-3.8660720441786949,0.2522219209788094,0.376689687967414,0.7979274611398963,True,3
-0.8326137938424073,-0.51368509376370874,-0.20707944067029951,0.53672058818739676,-0.84061627142825057,-0.072768773700274958,-0.13669411296441891,-0.17173208394192582,0.97561406858748967,9.6901046767655235,23.250585378797098,-4.5446079432477475,,0.2845084757873762,0.3846153846153846,False,3
0.50081867603389174,0.86534658868647318,-0.018866244574496045,-0.85748371731364248,0.49900149069779959,0.12537618124409611,0.11790813490865829,-0.046613235567366212,0.99192987554176626,-6.0028740142437398,-0.59777117618967091,-2.6718822746247621,,0.1049383328322142,0.1470588235294118,False,1
-0.84792274688859215,-0.50163606862643773,-0.17143007309662939,0.51405011248638854,-0.85705933555467462,-0.034666658208007177,-0.12953569840640533,-0.11751829641205355,0.98458618355468164,-9.4766923053207393,-13.723332070279987,-1.8090425623712776,,0.2935931562713213,0.6341463414634146,False,5
-0.66131891476204874,0.74998535985807857,0.013388538997781113,-0.74996487757859598,-0.66074536996613775,-0.03111653044338103,-0.014490527128719025,-0.030618884154404134,0.99942608959175738,19.715073598578549,-0.69079123515354168,-1.7370501903989535,,0.6464601296392966,0.2909090909090909,False,3
0.98229391127037347,-0.046912740742414402,-0.18137769057187997,0.11613323187802088,0.91216775355612656,0.39301788995659914,0.14700933417548509,-0.40712305772138063,0.90146495857402886,10.689392900449631,5.2957848152262343,-2.6374292433624968,,0.4167705321451349,0.1785714285714286,False,3
-0.77381202473372879,0.63089799289078352,-0.056415183628780716,-0.63211315577581528,-0.77486031688085943,0.0049444532999361399,-0.040594441400616958,0.039486857176485618,0.99839515195021689,6.0793476224966359,13.013766227010109,-3.5993314849074021,,0.7216050535639467,0.5375,False,5
-0.70462876798068863,0.70807813471659964,0.046083125656571536,-0.70201295533765673,-0.68618967387538099,-0.19058211354922339,-0.10332526250684021,-0.16664059110271132,0.98058900846625485,14.287451789459592,-5.1826056825326789,-1.4786928303920446,,0.2107808980967401,0.5,False,2
-0.33936381983087005,0.94058648997815153,0.011368934003857689,-0.93974212692528047,-0.33954204190409237,0.039949175980895424,0.041435886279332562,0.0028734387383139715,0.99913703298299672,-6.0495384757175197,-4.5355552314401564,-2.3366527140396425,0.6108883452255502,0.5756959918934383,0.7258064516129032,True,5
-0.58699870795429743,0.79515827099539016,0.15217043381553499,-0.80955751588432767,-0.57488720375269164,-0.11883320847561397,-0.0070103733982570526,-0.19294565822799381,0.98118440042419353,7.1978980809778657,10.574352796666952,-3.4271608367258364,,0.6354088085539711,0.4137931034482759,False,2
-0.93830660143154065,0.3443195183741794,-0.032012356623116009,-0.34470623494533792,-0.93868227019084061,0.0072943278771865974,-0.027537852127609085,0.017879174923452076,0.99946085556376596,-11.55940075886331,-15.733396997001163,-1.7845409941010311,0.3875308383022658,0.4550577219740592,0.9178082191780822,True,5
0.41250394321481088,0.89829292599063915,0.15136154051610418,-0.9039332696274065,0.38304233326179438,0.1902188607632454,0.1128943793682335,-0.21528676235323102,0.97000333456258014,-4.2295274871683466,23.437459853655174,-4.9605443360812469,,0.3432754380919922,0.4210526315789473,False,1
-0.74537950485745308,0.66297773450240294,0.069784792702417442,-0.66526277930273514,-0.73302612023614877,-0.14176791430341359,-0.042834894803870996,-0.15209612291442776,0.98743705682009963,-12.779958891320462,-1.2829453351818692,-3.1104473217996738,,0.4559284178413723,0.1621621621621622,False,3
-0.9559848896852392,0.27636441769221548,-0.098567739789167746,-0.25318420993414686,-0.94674682588819381,-0.19891757969232654,-0.14829243586078261,-0.16520640515510837,0.97504676665388879,-12.179835626293681,9.4583406235555358,-4.0186715261067052,,0.333250504817154,0.3043478260869565,False,3
0.99492896030696265,0.0098863303179442079,-0.10009307875848225,0.027821215060882365,0.92927872670058942,0.36833005320536671,0.096655801352238391,-0.36924694795566904,0.92429126766965652,-11.620983440196273,-4.5887919072105543,-2.73059020695209,,0.5149044571651988,0.4628571428571429,False,4
0.8524643556684891,0.51846342447989346,-0.0670835284648124,-0.5072010417896653,0.85131265577221371,0.13421574173523015,0.12669500985510676,-0.080389300274611802,0.98867888360132994,-7.2964438480012372,-3.6989094934555209,-2.4605729475367766,0.2611469558936548,0.2851418534705616,0.6167400881057269,True,5
-0.93748766416641449,-0.28952401939911993,-0.19311323550388623,0.32078822590378836,-0.93406342031825618,-0.15690902123479611,-0.13495107875560486,-0.20904872401987931,0.96854883063703079,0.72296467872567849,-8.7696050654249227,-1.6025599734041052,,0.4318400682473582,0.4166666666666667,False,5
-0.61190937265092893,0.79067530817670084,-0.019986913259061566,-0.79092036896920126,-0.61159798257171216,0.019821141839816522,0.0034481316055331446,0.027936799277839632,0.99960374430798327,8.9187394840734253,-1.0108040170273451,-2.1329433982089374,0.4471157668176601,0.3576584554469601,0.59375,True,5
-0.98841014564744478,0.12598052927605977,-0.084701181954690202,-0.12838642102201259,-0.99144426864716417,0.02356245029382795,-0.081008091437560881,0.034163846534230102,0.99612776324707974,13.45922369272664,2.9249386982994925,-2.2858898971620896,0.1385876813688204,0.1001679821766229,0.3095238095238095,True,5
-0.99523706805198486,0.048782080066003111,-0.084400752601639831,-0.04793722888792961,-0.99877815651894164,-0.012009002755057598,-0.084883452226187178,-0.0079058664963933996,0.99635952186603105,-5.740545995377798,19.408373893923542,-4.650350958266583,0.5452807627103696,0.552883067131847,0.8518518518518519,True,4
-0.73781484902633943,-0.63698936695900632,-0.22332441634851485,0.6661584090598236,-0.74052399009213454,-0.088640815299216524,-0.10891383105522121,-0.21416994765650327,0.9707054192316461,-7.7867500889099643,-14.124902854771568,-1.6459803080227071,0.3429421661023082,0.3686909100407883,0.5714285714285714,True,5
-0.22379007925797562,0.97303150660108961,-0.055925732783083514,-0.97284377960553492,-0.21953064257371557,0.073357190881268464,0.059101445908948072,0.070823612819365625,0.9957364284581971,10.485591597229236,3.2460796001671341,-2.4536765175495714,0.4360402246654972,0.382368450309205,0.8931034482758621,True,4
-0.78993043545120578,-0.54338488716766131,-0.28415272574032263,0.60224177490043396,-0.77469306334620092,-0.19275762544722605,-0.11538956500759623,-0.32339375689871613,0.93920270777201798,-10.333518136270685,-4.7477267275311945,-2.6248242365062726,,0.5272990186237265,0.1066666666666667,False,4
-0.98635904221328419,0.11048158940150159,-0.12202318733507617,-0.071283546557096178,-0.9548703905546142,-0.28834214612560755,-0.14837282714276015,-0.27571063752673181,0.94972056338707767,4.0932979311862665,-13.482076686216738,-1.0103454288001381,,0.5330352004837209,0.3636363636363636,False,2
-0.48528195098942395,0.87233109389395891,-0.059496980340744555,-0.87435243632449633,-0.48439084509216052,0.029552094415116508,-0.0030405817396887691,0.066362427748472078,0.99779095157553532,8.7055530465354032,19.145582290409674,-4.1117681103728447,,0.3127749568487688,0.8631578947368421,False,3
0.71474565633503062,0.69725916336574956,-0.054482160866672749,-0.68814204443313953,0.7150306907626941,0.12325436280637037,0.12489665101028957,-0.050604054876267776,0.99087842654711922,5.7104503263961703,-2.3044528064953034,-2.0985658668887193,0.2834697255118169,0.292164925258185,0.6828644501278772,True,5
-0.9677793719580331,0.25167335736303054,-0.0079754878305060006,-0.23992235304107018,-0.9312798941212721,-0.27414416520638929,-0.076422193921336479,-0.26339757022245325,0.96165553514611302,5.0561525494343673,-11.30903449880695,-1.2277042257775266,,0.4860128922139763,0.32,False,1
0.0048739860970278296,0.99911155837382071,-0.041860938634508266,-0.99675348176791279,0.0082182500545418292,0.080093426381851018,0.080366291709086254,0.041334662087370584,0.99590798012017834,3.5596026013109623,5.1674022453225001,-2.8934127683817565,0.3391997483790964,0.3213690767304556,0.9630606860158312,True,5
0.63457107555040626,-0.71828995937671747,-0.28527019531208603,0.76646981322808061,0.53749879838525816,0.35159503287804938,-0.099214794687655428,-0.44176303149199642,0.89162876160546167,5.6897259025955522,9.5166683580317013,-3.3162682699627082,,0.7893233123954659,0.4018691588785047,False,2
0.69579168220077003,0.69955616517519326,0.16277317575571351,-0.70725260799076384,0.62782297203575943,0.3250108679328263,0.12517061744069796,-0.34126161159668084,0.93159692409322115,17.777714866981889,-7.6410002037833129,-1.1674391926099137,,0.3655336875360359,0.1428571428571428,False,1
-0.89513176018137652,-0.40172627521813054,-0.19327475705316038,0.43181047848566595,-0.88907969086086069,-0.15191120422384144,-0.11080993901528721,-0.21943860895048575,0.96931308374400116,14.696929071125497,2.7143278177293131,-2.1799840027907749,,0.2820191371649232,0.6153846153846154,False,5
0.6144686122448233,-0.77339484238580447,-0.15584845952706133,0.78893793023518477,0.60178306859371788,0.12423397518453499,-0.0022949514470065394,-0.19929263941492076,0.97993733323763632,8.899165837501549,16.187045193691947,-3.9135087830383601,,0.1612990464216273,0.2916666666666667,False,1
0.86773043400340011,0.4957371093381096,-0.035897246821538505,-0.48191537577684002,0.85681534616312161,0.18337129865177179,0.12166126949090411,-0.14181742137151332,0.98238808752009832,-5.4541336053055165,7.5503560500374087,-3.4862083379308215,0.7088070522699842,0.288258306693837,0.5,True,5
0.80414478411543355,0.5938398223914273,-0.026559960882133346,-0.58175386329931389,0.79538528523340213,0.17007260382114037,0.12212128690881724,-0.12131163743144086,0.98507353933979791,29.590269217262094,-0.2035799934770916,-1.1888300608864708,,0.2666092277259433,0.9285714285714286,True,4
-0.66341772360885953,0.74532388331756627,-0.066100173661347988,-0.74802343288231465,-0.66279472049411081,0.034118944064694422,-0.018381182241492454,0.072079591019616293,0.99722949449855769,15.777526121260605,7.6206847951045695,-2.69693765645476,0.2776637523489125,0.5217239681723969,0.9380530973451328,True,5
-0.50083046164848244,-0.85586629868420827,-0.12908031399699327,0.85680811796009959,-0.511367059704806,0.066208604021942896,-0.12267313349972417,-0.077437775184051247,0.98942139318487743,-15.864837253137392,-0.91013608930799117,-3.3940182533228653,,0.314325549567924,0.864406779661017,True,5
-0.89729658651524347,0.43967987470998438,-0.039248485360658045,-0.43540277077775452,-0.89618381146592951,-0.085317074876337107,-0.072686057997029485,-0.059465820783142019,0.99558051062254171,-11.343852452385187,-6.9594654307058734,-2.5237557332834109,0.3973142789953645,0.1891936955668372,0.1111111111111111,True,5
0.98630537328273415,0.14971787811692977,-0.069182856299588036,-0.13608373764761292,0.97573879183451862,0.171508094436294,0.093182224600301178,-0.15974469343761377,0.98275058175361096,-15.495834077707205,-18.40327795541873,-1.8660150544220508,,0.2582851753723689,0.5128205128205128,True,5
-0.85790260991420497,0.5113618517248516,0.050121537316073425,-0.51107458162959096,-0.83920514634272614,-0.18584266023715379,-0.052970594810085543,-0.18505074696529725,0.98130032973246839,-15.307837383838066,-3.7914039966651187,-3.1144986273374657,,0.488903423248366,0.2380952380952381,False,3
-0.78896730997501807,0.61278208846680726,0.045041046224999354,-0.61386727455056678,-0.7829664330497339,-0.10065055366582093,-0.026411229177066259,-0.10705922086226538,0.99390179102450626,-6.1845337012158241,-12.787221277000292,-1.6419561966867313,0.6145630354542392,0.595583345785976,0.75,True,5
0.40966517280965703,0.91150513053123339,-0.036508125151461707,-0.90620282191595858,0.41122490627788993,0.098440449045582773,0.10474202470063838,-0.0072438575346032846,0.99447304377224377,24.663422114632862,1.0085670488537297,-1.5868110903330557,0.4489328348571319,0.47155900994545,0.9747899159663865,True,5
0.07067461431637731,0.99691070065606135,0.034265927809907601,-0.99326792964215127,0.067172490322859921,0.094375190003631121,0.091781909086853908,-0.040705177327555769,0.99494681752499026,21.165719206588594,9.2081539478231829,-2.5872084791035412,0.3113744225287419,0.3541110825005947,0.2,True,4
-0.028665592043735724,0.99841529619809344,-0.048427060105428618,-0.99694384902398692,-0.025033968818793488,0.074001772265376325,0.072672179862854458,0.05040036431269472,0.99608160185354666,-10.767079596908857,-9.8765146096276144,-2.2446924238211388,0.3762021423098916,0.3291590771981376,0.890625,True,4
-0.99511600051642191,0.037033944849669827,-0.091502089839913855,0.0043135278065016113,-0.90975651178995642,-0.41511984141164926,-0.098618147387093985,-0.41348709312944937,0.90515351450529913,7.7022219872185307,20.436830473566797,-4.3029049469002869,,0.3247200116833647,0.2941176470588235,False,1
-0.37453605545406338,0.90312865005741971,0.20995567296544726,-0.92706319380162672,-0.36881047494121733,-0.06732509392464045,0.016630630271840027,-0.2198578518477266,0.97539015123060624,7.9310902504212688,7.89789032544049,-3.0590205923865148,,0.3988187029748439,0.3636363636363636,False,4
0.95288706853139682,-0.29479750761685164,-0.071418933963865533,0.30321609220645346,0.91944640241324216,0.25035637502647251,-0.0081385534765288509,-0.26021672235319632,0.96551593531907642,-4.6779360869637943,14.712233818848832,-4.1385279704955424,,0.2088810170065707,0.2978723404255319,False,4
0.61956839226371851,-0.72897014451574016,-0.29109712419131151,0.78494129697117487,0.5746917329661938,0.2315093353830964,-0.0014722829079785796,-0.37193002092465427,0.92825960373056482,7.5259846611685326,-12.18413209859798,-1.0925709326579602,,0.8311955424850179,0.42,False,1
0.81527814489021488,0.5668903812284557,0.11813907962662475,-0.56527588603079404,0.73485517588065963,0.37476798576386644,0.12563725218449617,-0.37232132110861021,0.91956082708620646,5.558985764370389,7.8385399817628914,-3.0899640826013721,,0.1900465634805893,0.3125,False,1
-0.91361540116462137,0.39841927682131673,0.081049235727343322,-0.40240647042112898,-0.8576022618824074,-0.32029266769220244,-0.058102765149487604,-0.32523905096306854,0.94384512946278731,6.7131290014276948,18.157589813024291,-4.1189588041093419,,0.5983944764283842,0.375,False,1
0.88760714014978015,0.46038501049455294,0.014114066283651167,-0.44227237211901466,0.84332768881543552,0.30527619975595216,0.12864180352960186,-0.27720759619668911,0.9521592487580558,-10.904499684492349,11.330035187784178,-4.1554572556004361,,0.7146420829456019,0.4533333333333333,False,2
-0.6587617881154707,0.72471012617871489,0.20205974248459063,-0.75233082348742686,-0.6325461294515945,-0.18407532737044588,-0.0055891456984102847,-0.27327756426358496,0.96191898532076181,-12.031196898146259,-2.9059588249158184,-2.9075875603763093,,0.4789199622458652,0.28,False,2
-0.98722303990328564,0.13128858738328006,-0.090299370468559889,-0.10948408862254502,-0.9706236987650223,-0.21424955013767916,-0.11577522974542578,-0.20162574790589127,0.97259608983317614,14.633856658911604,13.386286245138161,-3.3543211613952342,,0.6086612944029837,0.3333333333333333,False,4
-0.049658170918077074,-0.8733926231979009,-0.48447847403631922,0.99519834523064143,-0.084234572236780297,0.049847672867243925,-0.084346426784210449,-0.47967683140170109,0.87338182812854515,-15.009704800688789,-0.0077369274756088624,-3.4152731859062184,,0.3219433828322714,0.1666666666666667,False,1
0.90266431753906007,0.42786493275528514,-0.04613815297622767,-0.41205374766251879,0.89024046681519053,0.19412269388699671,0.12413234420978225,-0.15621623015226854,0.97989165245857524,13.17589078075871,13.091152764300562,-3.390154018858293,,0.4339161684990816,0.8888888888888888,True,3
-0.5123382824847682,0.82768787482691919,0.22900276453583579,-0.85859628918675635,-0.49925014010263219,-0.11645475431356851,0.017941474167117638,-0.25628515265617657,0.96643469724172792,-13.132536454362924,6.7662208312972947,-3.8684464530328095,,0.2826461184405979,0.2352941176470588,False,1
-0.86735981713171006,0.49642875158658012,0.035290823501824248,-0.49583614425944517,-0.85586736609572189,-0.14709714374623092,-0.042818987274037823,-0.14508461755321284,0.98849228023200297,10.88574550978475,-6.0014778011095764,-1.5169308464197837,,0.4114133060458702,0.1818181818181818,False,3
-0.66629352425565891,-0.68075363108823628,-0.30434755345682568,0.74312952793369902,-0.63997405483631198,-0.19542700388996134,-0.061736895354489917,-0.35638140088471382,0.93229869293882284,10.671215735995254,6.8469369393792299,-2.7981740440556231,,0.4838086330682674,0.5375,False,3
-0.93641414477148976,0.34223414521839624,0.077487672042155883,-0.34483334332483079,-0.85664054711311721,-0.38374071763778028,-0.064950094713545473,-0.38606056893753438,0.920184069797086,2.9901181051500254,10.475407945685088,-3.459202325502134,,0.5552880945841859,0.1063829787234043,False,1
-0.7633000012125849,-0.58181597167639321,-0.28082607295463419,0.63620201056269421,-0.75252857598774159,-0.17014036580966457,-0.11233926252585351,-0.30853025366099096,0.94455755392195706,4.0967799047777218,-25.689126909406067,0.21651363058086967,,0.4645747769668877,0.2941176470588235,False,3
-0.93073718928595761,-0.34489025496699993,-0.1215688961407235,0.34561094517827495,-0.93824516466502905,0.015782444540460332,-0.11950464029926081,-0.027326233027825414,0.99245751442339025,31.450674993022982,-0.7794495168748391,-1.0303742400527092,,0.6104652336007841,0.25,False,1
-0.88641282224024809,-0.36512592702621938,-0.2845265646320625,0.44621122738565261,-0.83752755907750365,-0.31534604538612682,-0.12315782201333705,-0.40648572570131369,0.90531845539456912,-6.7999601662151239,-26.66399118283082,-0.39852375569645265,,0.3808777772272939,0.3461538461538461,False,1
-0.060540093640554668,0.98603106500268944,0.15516970036593553,-0.99385087379428838,-0.073984450106044639,0.082381683648946394,0.092711044219778688,-0.14922814745270907,0.98444686107860102,-3.4134127440928399,16.623240259169631,-4.3048412542706505,,0.4562305915120424,0.1666666666666667,False,2
0.47650991953486277,-0.79268319417626487,-0.38025208777256142,0.87851036606400046,0.4125728439161227,0.24083850435729331,-0.034026949657204861,-0.44881733715786409,0.89297545574531301,5.4170725399121018,18.026550955536038,-4.1284261768080679,,0.6205379848590552,0.3333333333333333,False,2
-0.98602026215121885,0.15748193629548149,-0.054437876224820519,-0.1427273456238381,-0.96684218372161912,-0.21176660876442607,-0.085982250717322156,-0.20103639351380614,0.97580296220320362,-4.7609494751565453,16.078223617008696,-4.2909495519019805,,0.3832376435924388,0.3,False,1
-0.90290179304362728,-0.37746691069942712,-0.20563823439631346,0.40869323923068462,-0.90208574407080244,-0.13860428042220369,-0.13318479014411821,-0.20918900944183755,0.96876301023677069,-11.823582345572103,4.5627669884272262,-3.5179814735343311,,0.5172854844072788,0.1428571428571428,False,2
-0.41074339930640424,-0.87191970687446263,-0.26654433906982927,0.90391024184708191,-0.42767867308077173,0.0061014158866652332,-0.11931527400199615,-0.23842604168970871,0.9638033451041802,16.175163925408427,-4.0726781891243657,-1.5353951880423884,,0.4648561599727639,0.5333333333333333,False,3
0.95324583336005586,-0.28068837004109137,-0.11196615607123603,0.29741839557116678,0.93702648058875915,0.18309470951209236,0.05352269759238569,-0.20783506344964969,0.97669847304237889,31.903756832096285,0.4801066982223533,-1.0878414489128212,,0.2985041488262249,0.6470588235294118,True,2
0.034022088675676666,-0.90468981714443608,-0.42471029212548161,0.99518420438409938,-0.0084216286618113995,0.097659999565177735,-0.09192875951807658,-0.42598757132790888,0.90004649449215568,-9.7608064907787639,-25.014962695569583,-0.78285954979400219,,0.3943140461869059,0.1538461538461539,False,3
0.69759591698794188,0.71395619665512178,-0.060220311021332601,-0.70546674920572949,0.69911910322268933,0.11640079584866941,0.12520623932877076,-0.038717292865801278,0.99137498902599464,5.9595952108559018,6.6905436468948372,-2.9410412502964522,0.3426112299789595,0.3163033077167303,0.556420233463035,True,1
-0.83631005213078113,-0.48752827776145369,-0.25080206356399704,0.53377020060977998,-0.828488394896012,-0.1693999777556767,-0.12519931967068998,-0.27554157200970486,0.95310123934890323,15.169311338969589,9.1244257213174649,-2.8975711441657759,,0.4010902655841218,0.1052631578947368,False,1
-0.11611159973431451,-0.89942042302538261,-0.42137987499639673,0.99195593920439196,-0.08347529044665844,-0.09515929046592228,0.050413401831954287,-0.42903936710946061,0.90187787997380342,12.290507841281364,-6.610628724281276,-1.4246345511867651,,0.5563008244654504,0.4166666666666667,False,2
0.97786707705174991,-0.12786441804337273,-0.16560999431404255,0.19283742862647099,0.85789139049093754,0.4762731235774883,0.081177002525335301,-0.49766761268938969,0.86356079203553815,2.9288865857949675,16.852346132699385,-4.1256643089759368,,0.5504352032241289,0.2549019607843137,False,1
0.23173322577029282,0.97270969662678197,-0.011642944744666511,-0.96761284161864836,0.23171786454906354,0.10016097036024547,0.10012542538625538,-0.01194476190866671,0.9949031218436124,29.477012018579096,15.559426243771673,-2.5537159453497407,,0.4683825381436444,1.0,True,1
0.61113050837049343,0.76391715527152748,0.20724401467998649,-0.78358087020114275,0.54687450904978263,0.29483773707987077,0.11189513659512602,-0.34257678151534965,0.93280256601970279,-7.7276198207697693,12.073122089295209,-4.0194318078319453,,0.648719460311373,0.1428571428571428,False,2
0.16273495764103171,0.9641731748341823,0.20949325166158683,-0.98321593868895341,0.14071774334572718,0.11612465119726562,0.082484856001402665,-0.22487464427511478,0.97089012915600736,-6.1171033442893359,-21.23862100688153,-0.80644591296657553,,0.4728649953256575,0.2619047619047619,False,2
0.98417660931606921,0.17496093818297215,-0.028019132485868195,-0.16024887599989343,0.94635504903624712,0.28059297728983457,0.075608858051799746,-0.27166301049965758,0.95941779705734354,3.4062228833691819,25.467237132624934,-4.8721326686159143,,0.4040694680695796,0.3,False,2
-0.85834789849904514,-0.46522136964009159,-0.21635147878503252,0.49773373394581533,-0.85736375186535563,-0.13110502309109873,-0.12449905716361659,-0.22021915043328638,0.96747274408523376,-10.252518446026118,9.9192060031415803,-3.9539359247953376,,0.4746627516476156,0.1515151515151515,False,1
-0.95162107732586221,-0.26587607736916924,-0.15403647838076573,0.28426300641433466,-0.95208943491075659,-0.11278409070254404,-0.11666991203154525,-0.15111459034156585,0.98160710684695618,-12.533660508266442,-2.141575964102139,-3.0312103123222296,,0.09923510383963158,0.8,False,1
0.092464421171613909,0.98017679393890056,0.17522495096605645,-0.99179286861929128,0.075056657989124795,0.10350557399203845,0.088301962454501476,-0.18335743975950919,0.97907242465076194,19.608570286334533,12.959816650401809,-3.1201796848472663,,0.323259591260051,0.3684210526315789,False,1
-0.69342840002184891,0.71692926825148018,-0.071899084608466446,-0.72044201792287665,-0.6914067271805594,0.054037361340839966,-0.010970544852088718,0.089270162618112436,0.99594702932022605,25.086205347274468,15.229350392488321,-2.9167384095762077,,0.4724035677670558,0.896551724137931,True,1
0.41158137099635178,-0.7730508417734312,-0.48269366173811701,0.91080895227459036,0.3302670593037535,0.24769077898725386,-0.032059748988804863,-0.54158661871600855,0.84003339631382168,-4.0348571601760543,12.592961576401926,-3.8872305694221523,,0.1094532208211221,0.6,False,1
