axis_00,axis_01,axis_02,axis_10,axis_11,axis_12,axis_20,axis_21,axis_22,location_x,location_y,location_z,dbh,dbh_approximation,score,reconstructed,number_clusters
0.89078158724781287,-0.44738730396829079,-0.079704228672344835,0.45329176194715431,0.88718862461883408,0.08615638628556832,0.0321674116321716,-0.11287579277652021,0.99308827051474158,0.46811142895042457,-26.301508515387088,-1.0499101248462774,,0.221091670500364,0.7777777777777778,False,3
-0.66382164989907388,0.74672092285316594,0.041817227294354019,-0.74397520503777503,-0.65359895281475511,-0.13895791869647478,-0.076431089317580442,-0.12335425510606349,0.98941498691547825,-3.2998396180275478,21.070090912062291,-3.4805436779815881,,0.2817226809371961,0.4516129032258064,False,5
0.9926956290209592,0.11325035506711366,-0.04159020557603238,-0.10735974414667543,0.98649346322143339,0.12371148838383769,0.055038835920142248,-0.11834273994866225,0.99144627814218977,-8.5804570730107379,-8.7369016154394252,-2.1552048363298315,,0.1306080225249652,0.303030303030303,False,5
0.46264620962437891,0.88359012926592884,0.072297774405677265,-0.88513051104304008,0.45576898377414832,0.093907464294198439,0.050024625344738269,-0.10743889841811918,0.9929523754772025,-5.6914493554893433,-2.7252068106481011,-2.328904059665462,,0.1255146477390078,0.1704545454545454,False,3
0.62178090185715551,-0.77936673094475983,-0.077304649162775851,0.7831230593499946,0.61999307757298461,0.048237513160229978,0.010333634404535972,-0.090532217790445263,0.99583991361158852,12.902474950149443,2.2867061292150526,-2.3446456621319771,0.2533108186316301,0.2615799830116942,1.0,True,5
-0.27606065387934531,-0.93831399194593712,-0.20822432110151923,0.95995048072514788,-0.27994684472912501,-0.011173123187598472,-0.047807843867575237,-0.20296949683311377,0.97801727664701654,-0.017529260870300933,24.285556745572151,-3.5718707543475832,,0.5672894390109628,0.2307692307692308,False,1
0.2963807318183076,0.95506986335831545,0.00013383413457247056,-0.95392967921639538,0.29602005469968584,0.048890636380625088,0.046654355819707817,-0.014617910942613319,0.9988041288274313,-8.4249255897557358,14.576692928495749,-3.3292096603114527,,0.2275628312160884,0.7972972972972973,True,5
0.8896475581720511,0.45612889614901853,-0.021763555233132836,-0.44917304780322848,0.88267861597615538,0.13828244294044853,0.082284842867118707,-0.11324703526493576,0.99015368182824859,4.9001075881312053,-16.919769961809347,-1.3065975530376865,0.366764196783654,0.3911530928050478,0.3333333333333333,True,5
-0.96442533865799907,0.26129946070219712,-0.040079396092569615,-0.2590317315605985,-0.96435278231302157,-0.054095039420009101,-0.052785681762407638,-0.041788791342598629,0.99773111042955986,-9.0824495339884574,8.9861645335781777,-3.0502596050322484,,0.1153862682631189,0.1875,True,5
0.37440136701776466,0.92697907009912939,0.023095886503512325,-0.92524353151003236,0.37182408404137779,0.075307754750987249,0.061221105626031364,-0.049564645917672769,0.9968928338096239,-4.9507000707972777,-9.6767043464991733,-1.9231584699926689,0.2722731927550762,0.1863684698427154,0.359375,True,5
0.30037153171764464,0.95357384004180845,-0.021768659157530935,-0.95274548746795018,0.3010384351418896,0.040643531795125462,0.045309811774659377,0.0085318318808488593,0.99893654893676953,7.9652014869577537,6.8767830135390868,-2.5677683126805468,0.2336469703106485,0.2124047289817443,0.5344827586206896,True,5
0.74602884196544794,0.66455511877830797,-0.042514245391893052,-0.66243096226505271,0.74713412031104798,0.054551136556755815,0.068016080365526588,-0.012533968748411256,0.99760548937900539,6.4410087532848408,11.402480220966797,-2.7836154528388586,0.2919667647552625,0.2508647878701747,0.9622641509433962,True,5
0.73016952476524777,0.682424350975254,-0.033903839017060976,-0.68024151874022099,0.73070556622212512,0.057800100986073126,0.064217920287790442,-0.019141073324294829,0.997752312964447,8.9858726820344437,3.8151467950586078,-2.4594103767699367,0.2361380739557112,0.2434346063430682,0.9115646258503401,True,5
-0.32505394860970172,0.9450720135543762,0.034333943693090035,-0.94561795594200804,-0.32527786820050453,0.00099491657720563592,0.012108339824342847,-0.032143392092529789,0.99940992112920601,-7.6228677164653069,4.0345093575667388,-2.744297527859048,0.2073183541615757,0.1887601848850142,0.5211267605633803,True,5
-0.61875261720200281,0.77377312605257975,0.13572158304592022,-0.78557273671148464,-0.61043823434224875,-0.10119603445168444,0.0045468715948819363,-0.16923448659164236,0.98556532736636138,-14.605341221162828,5.0142862113884226,-3.0559424438623428,,0.3551315031759134,0.2710280373831775,True,5
0.90237699363721946,0.42866970945023231,-0.044249763322611116,-0.42559129337070778,0.90258966709491106,0.064837827389155667,0.067733391774677881,-0.03967584974957749,0.99691424635489434,-4.3856367215846008,9.4882030470027061,-2.9573864635131542,0.4457761433260282,0.4043760847952914,0.9713656387665198,True,5
0.81373178775982125,0.58124049364430463,0.00025717179181369149,-0.57735903962148594,0.80824657864962979,0.11573248233976237,0.067060546944985616,-0.094323680214956018,0.99328038659491635,-4.9591542078634765,-5.7479816669869983,-2.1308058322140431,,0.330608398331124,0.7659574468085106,False,5
0.57210094709432424,0.82013510762815134,0.0088832184222276261,-0.81759854163155232,0.56940544313719965,0.085498924248714178,0.065062516518617358,-0.05617692196524314,0.99629866123706834,-3.995066889477775,-14.862161415548389,-1.6202715958688425,0.1580336500146037,0.1554015707139257,0.2682926829268293,True,5
0.50513320555557129,-0.85231021980400468,-0.13567510406408839,0.8630405718481573,0.49906859124902314,0.078048142660285397,0.001189953426747041,-0.15651782788667762,0.98767441678139933,6.5107333421092681,-6.2976229920138067,-1.7484143489388368,,0.1314239035294361,0.2692307692307692,False,2
0.99776045544388936,0.016570390236091439,-0.064803516261286706,-0.00034103969902488985,0.97007640505761228,0.24279961293713709,0.066887646425381836,-0.2422337518140763,0.96790952688655263,-1.5772617470089076,25.95150483617638,-3.681933784747403,,0.289984179109103,0.2424242424242424,False,5
0.59011727134807068,0.8071768742718286,0.015069827386860614,-0.80501340152119061,0.5869212224427045,0.086469081281378146,0.060951041237962696,-0.063158311306775169,0.99614055147096892,-3.0845001771648413,14.937849906216274,-3.2035563642417157,0.3743488495925041,0.3513382020418286,0.8376623376623377,True,5
0.58329748368826373,-0.7492499772153477,-0.31366943932385394,0.81225396097104363,0.5367405726252451,0.22837044595300499,-0.0027474369492228,-0.38798715099952125,0.92166068715633342,9.5699738622474868,-1.9208038073820302,-2.0426475278788909,,0.5364215625551719,0.5918367346938775,False,3
0.90147828893077575,0.43013092075004228,-0.048210845264944818,-0.42726578461352233,0.90215735190260127,0.059632723455130675,0.069143646743796749,-0.033158760875605583,0.9970554912802807,6.3734585894345281,14.405135283976639,-2.9044200037935077,0.4097901123729651,0.4044156471868242,0.9,True,5
0.84081948771691872,0.54073562899996808,-0.025051319435651385,-0.53712179838652319,0.83916090767701113,0.085493536157547803,0.067251489005711124,-0.058429021527864888,0.99602373800517963,-3.0515647365704295,11.588258370286256,-3.0361839671278719,0.3073784704056842,0.2726553972431222,0.8602150537634409,True,5
-0.87419043078682346,0.47453226020469935,0.10300594519623057,-0.48492701184870934,-0.84211626945707918,-0.23597877424712391,-0.025236558803272125,-0.25624075152229958,0.96628349533615487,-12.694969359918128,-4.7873821936715624,-2.5217993024029912,,0.5142145857480938,0.3478260869565217,False,4
-0.86992804701721904,-0.46285582549821874,-0.17026355398372933,0.48858725316478568,-0.85583920337606934,-0.1697697087513127,-0.06713932571673227,-0.23087603333169596,0.97066398314521007,-8.937679805134584,19.903457954061516,-3.5892648874543061,,0.540526907091305,0.1470588235294118,False,1
0.93718939990894901,0.34519363890353238,-0.050173502557028002,-0.34139999401605114,0.93722473217381375,0.071104468829754214,0.071568657833878474,-0.049509121000668274,0.99620619058184756,10.678709224797087,-13.701811729454029,-1.4193623514667819,0.3578569970901292,0.3460464836495229,0.9714285714285714,True,5
-0.94337045372562067,-0.31728645682615808,-0.096858099053311192,0.32407931400446399,-0.94381445475251846,-0.064706052534550446,-0.07088571980247152,-0.092431484435286218,0.99319264768380999,-5.0329016642427575,28.29887246136834,-3.8827100659347527,,0.3122440157256943,0.25,True,3
-0.9977918508935647,-0.027437789095186352,-0.060486279600961104,0.031191685664542668,-0.99758753866026784,-0.062017589885097042,-0.058638733238380418,-0.063767314819739698,0.99624054752096969,-16.278046246228381,9.7692512482903826,-3.3493079748982857,,0.2950211411304328,0.6122448979591837,False,5
0.30155860122026257,0.95344233984706883,0.0031803485698322573,-0.95216842819626046,0.30097960135768492,0.052787914458063794,0.049373012631816648,-0.018946877144161982,0.99860068168920391,-5.3164547375482671,15.710048135811446,-3.3311651856506548,,0.2970601298356056,0.8671875,True,5
0.055184315212256675,0.99843828440012061,-0.008699632101395325,-0.99783910606734405,0.055458209272925198,0.035235002865980712,0.035662441830019737,0.0067364136145100575,0.9993411884708524,-4.6850159836393646,4.351503479517608,-2.6702024174905037,0.2810851737319301,0.2712914097283916,0.9320066334991708,True,5
-0.08058930550373801,0.9966754740556637,0.011973439536877725,-0.99623003599256854,-0.080928649875763134,0.031245303895655867,0.032110422368304699,-0.0094102627595743712,0.99944002708022672,-6.7200196433833073,-15.348625864069042,-1.7307679813170378,0.3393848259898309,0.1985032302276402,0.5957446808510638,True,5
0.040711266462470204,0.99755369083796985,0.056826285102623462,-0.99917086527358079,0.040621571441385063,0.0027331158180960644,0.00041805677178463228,-0.056890437062614818,0.99838034005050347,-2.9235750921058568,22.577593941092186,-3.5624102341218218,,0.3226493113651273,0.8809523809523809,False,5
0.53003128231157159,-0.83323639897786916,-0.15742916880154217,0.8479721073772255,0.5215106017958232,0.094710069817235343,0.0031851030404527712,-0.18369484378433643,0.9829781581935938,8.4049608601370274,-5.229732443968901,-1.8580649167371446,,0.08084753173929154,0.1851851851851852,False,1
0.90200941252802602,-0.4264155585560237,-0.067444726496587892,0.4301272386926146,0.90104662232668797,0.055727398363226668,0.037007813303568449,-0.079276451831685343,0.99616548120252935,7.0366474155880852,-2.263770256144197,-2.077973500053329,0.4741575585510127,0.3688032253658203,0.8746736292428199,True,5
-0.31582006053917688,0.92560509128063617,0.20859746967879525,-0.9484743091218556,-0.31390755305444629,-0.043110707152507491,0.025576831251150206,-0.2114645670809541,0.97705095188143321,-0.17038730385998585,-25.203546712566727,-1.1039171110431703,,0.3023795713535476,0.3846153846153846,False,4
0.90976148609119722,0.41481928430895987,0.016093470431809344,-0.40810760647538752,0.88659550251951413,0.21770759391693689,0.076040909792476449,-0.20462985187301944,0.97588134717308717,14.17593850581477,-8.4711252752838195,-1.6986736785046586,,0.2780251577253512,0.3703703703703703,False,5
0.72216762752854458,0.6915941077855251,-0.013096099653664803,-0.68873172345961009,0.72067829691230956,0.079192205802908977,0.064206937710427528,-0.04817034809837159,0.99677333768210952,-5.6491639799729239,14.026679302026734,-3.2394110538406116,,0.07854727690117692,0.2888888888888889,False,5
0.53804821801555303,-0.83853653287957397,-0.085793928203531503,0.84290537797720022,0.5357104452505369,0.050247812157217388,0.0038260772866092647,-0.099351909270917471,0.99504500363391701,3.7259296102616677,4.7454763165433551,-2.4814704917767449,0.2185467886426282,0.2028972702776932,0.864,True,5
-0.95463932274756558,0.29260853660479103,-0.055172527312709302,-0.2937961194989242,-0.95575621812479639,0.014625036176365472,-0.048452075615423675,0.03017110905798661,0.99836972136917679,-4.8491376532107484,1.6858819557295541,-2.5026561733583637,0.4458084678591899,0.3687255966807014,0.9381313131313131,True,5
0.81025675395522967,-0.57986578929559207,-0.085086186155767601,0.5856953609072213,0.80637812207003279,0.081946741598226028,0.021093527009331859,-0.11623248535330796,0.99299802238821144,-6.5481126919739703,-20.502490362263273,-1.5342559421993589,0.2802837322266609,0.2081443326289576,0.5,True,5
0.53187220662423951,0.84680326504227954,0.0060154912016583476,-0.84267755200114502,0.52855200453827866,0.10260273803327474,0.083704833635935824,-0.059640664083344466,0.99470422338184428,-7.4255178833388875,-9.3153556949749081,-2.0614295434121792,,0.2448411353680963,0.1785714285714286,True,4
0.3016500002262103,-0.8560920715686946,-0.41965895958593413,0.9533978756748247,0.26793975160904482,0.13871113930184242,-0.0063061892026027109,-0.44194417577891543,0.89702038854913224,7.0345501294120911,-0.14509076902630347,-2.1815517041654968,,0.5607219245484492,0.3855421686746988,False,3
-0.95529703955260536,0.29064393372524516,-0.054163364101070879,-0.291809421167603,-0.9563612690194685,0.014845364168745559,-0.04748502858647561,0.029987112368306548,0.99842172710330879,3.5532043118632286,2.1704120371099469,-2.356308862740605,,0.3491841187852909,0.9882352941176471,False,5
0.28636356426778259,-0.90752844159007495,-0.30722636079109777,0.95773007790513542,0.26197248922523919,0.11884238623048374,-0.0273679910785414,-0.32827205576201895,0.94418666081983116,1.3789155297695033,22.143305446753246,-3.4155833270485498,,0.6123073391063352,0.1739130434782609,False,3
-0.99265674284377858,0.11451183238895012,-0.038982446430487823,-0.10788999325365249,-0.98385763147447758,-0.14277223240237796,-0.054702287360837799,-0.13751800330268318,0.98898759270535641,-14.698739111775282,18.078340139269432,-3.6807000516500121,,0.7226850926853328,0.1923076923076923,False,1
-0.5480481960165946,0.83636403194435716,-0.011763541674772494,-0.83643513525543778,-0.54806051316688631,0.0024368868391174969,-0.004409008184779413,0.011174971007896262,0.99992783773120286,-8.329129859621041,3.3814120902469944,-2.7511247945712416,,0.08732205607756578,0.2476190476190476,False,3
0.19600737135070237,0.98056619801699385,0.0084286228226311891,-0.97951313768359705,0.195377382152299,0.048802578298180188,0.046207396393038398,-0.017821611874710173,0.99877288042315426,-9.7938145045497578,-10.905906334078711,-2.0956008228635512,,0.1419678930065613,0.4666666666666667,False,4
0.35485688094012252,0.93490199136376761,-0.0059042860287709178,-0.93346657246350795,0.35464999523940921,0.053512045091902508,0.052122472530363104,-0.013477663771918745,0.99854974860373014,6.2167185304132975,4.24688269500591,-2.4757894452871212,0.2785275255701499,0.2618461372326295,0.925,True,3
0.94816461227435156,0.31462826868775456,-0.044642138985218412,-0.31037854477018523,0.9470404494020076,0.082337999385376698,0.068183773560662603,-0.064214015129021029,0.99560410469424965,-8.6996754366533864,-10.406559657546381,-2.0668912491554914,,0.1587417896016471,0.4878048780487805,False,3
0.75535345129265674,0.65425196932189222,-0.037356716380030304,-0.65231768796575007,0.75612122915481494,0.052557785231402282,0.062632240797298358,-0.015331257607824295,0.99791891201283067,5.6637241141738466,7.8753364201345919,-2.6264125930651381,0.4621053486087814,0.440083415302056,0.9916839916839917,True,5
0.91544689466129836,0.39445168417502241,0.07978002197589433,-0.39685769530088516,0.85193366508476609,0.34163284381878112,0.066790364091353777,-0.34440804164061889,0.93644121444851958,11.626774896336487,15.223314830169706,-2.9877161255238174,,0.457712753870406,0.25,False,1
-0.155198573138982,0.94802344689923113,0.27778579341810405,-0.98771911636374887,-0.15403807447626428,-0.026138454071741361,0.018009721409276619,-0.27843098918932568,0.96028737063121616,-12.811051162115824,-0.8824306678439664,-2.7087305458019539,,0.2729577583876021,0.5238095238095238,False,5
0.44010660435715826,0.8961738835527463,0.056378606219045398,-0.89632171512430869,0.43466975687820264,0.08757616943018115,0.053977400806554332,-0.089076219573096874,0.99456114307202614,10.689214622103949,4.5035320171348667,-2.5093769825056436,0.2317340162979108,0.1990611620649688,0.5306122448979592,True,3
0.99589377739745444,0.071713737128457175,-0.055251461954407902,-0.06629809841706398,0.99333442326616372,0.094293614315914986,0.061645326565037843,-0.090243356883195278,0.9940100554074599,-7.4690813500659861,10.759171680141948,-3.0867282195112695,0.2908054947886293,0.2557076015367458,0.7307692307692307,True,5
0.38251950229616405,0.92367828941525121,-0.022299058859270127,-0.92243522094346075,0.38316245367108981,0.047956201473197138,0.052840264250689911,0.0022252549661401361,0.99860049805427786,-7.7966414990741946,7.2581372129440895,-2.9135896986128729,,0.3118367621266085,0.9688385269121813,True,5
0.97701068252230583,0.20553665169551882,-0.056611050574010655,-0.20314285508405594,0.97810183542081985,0.045274495852760492,0.064676940756319745,-0.032733535651046419,0.99736924405065996,3.3986020485344977,-6.294036930658657,-1.8527031417944697,0.5054998956550584,0.4546197987044873,1.0,True,5
0.96547022562358231,0.25971697455195414,-0.020355258876520767,-0.25348308268181835,0.95457311942342526,0.15664126681163779,0.060112978868735734,-0.14607276544178863,0.98744578431816521,-5.5798349692535947,12.360016426918149,-3.1563868533420982,,0.371441920602705,0.3809523809523809,True,2
-0.26486846930659291,-0.94634750294830716,-0.18512454626733554,0.96253022848319292,-0.27104382440999564,0.0084145413004325861,-0.058139945160583552,-0.17595922514238299,0.98267904112381321,-15.275215385707179,6.9549264793241088,-3.1770874691276165,,0.4326474350960298,0.2553191489361702,False,2
0.99900861854184686,-0.011163345904364998,-0.04309477679870978,0.014780321187450015,0.99630990011973175,0.084546584963597488,0.041991929995023242,-0.085099721689500793,0.99548717479617121,11.318072440504004,-3.8087453747879203,-1.9582889070506564,0.3955475667500528,0.312346700734455,0.9027777777777778,True,5
-0.47408160268443134,0.88037140546123516,-0.01388605208008388,-0.88048072746198058,-0.47401236971509492,0.0081216947186012675,0.00056794734167430611,0.016076747285755373,0.99987059944401158,-9.8022471699465967,14.453404259708067,-3.340780977898238,,0.1473488518304622,0.54,False,2
-0.51419180387264185,0.84419957720927152,0.15143930358360561,-0.85657802816022233,-0.51439382995724348,-0.040903170721416297,0.043369003946890305,-0.15075165518695774,0.98761990054628224,11.243415457178843,-5.2878291711113521,-1.8390172655274559,,0.5871556801897371,0.5217391304347826,False,5
0.88408917017140565,0.46586319178815389,-0.036848686850270949,-0.45938126037556226,0.88083858370167512,0.11442135761380942,0.085762444003162241,-0.084231086894216517,0.99274867272599443,-14.197204370784,21.282632149642662,-3.80110431140176,,0.3879567314989165,0.9285714285714286,False,3
-0.29699425541861474,-0.9492551656164403,-0.10348450511476931,0.95374380827236183,-0.30017745029613041,0.016317062108351835,-0.046552770384545542,-0.093851632293851489,0.99449721502139188,-17.138854963886764,8.7966323404461804,-3.3447566549360239,,0.09121065910727996,0.24,False,4
-0.99703107483489473,0.051802904917780362,-0.056969244822559301,-0.052183523413296323,-0.99862390594196637,0.0052129037381774407,-0.056620806226574019,0.0081702829381217479,0.99836232439879369,-0.7463011953873645,21.899774961926916,-3.4566532570132988,0.4652956632458715,0.3991996955141245,0.9702970297029703,True,5
-0.56069086801252699,0.8235089912178839,0.08636371871719159,-0.82801445469332924,-0.55709386133570993,-0.063549134384175449,-0.0042205860100106816,-0.10714182677821144,0.99423478897509898,15.674741228856215,-11.076363434925744,-1.5569900871977604,,0.2852967485903184,0.5454545454545454,False,2
-0.87463868334985007,0.48382751392207646,-0.030300335972127789,-0.47982881337458794,-0.87292750903543159,-0.088101497289954755,-0.069075925209697547,-0.062518003336478944,0.99565054904582084,-6.1063042329311887,9.1364921769262377,-2.9729729129569544,,0.185182860625621,0.3548387096774194,False,5
-0.32010148492569152,-0.87538187520575605,-0.36227284180520791,0.94606633442043953,-0.3155179530164226,-0.073531708810550031,-0.049935260334158599,-0.3662717486861094,0.92916708717527174,14.641958823142037,38.166860105443945,-4.0245789623716357,,0.5324641471133738,0.3076923076923077,False,1
0.79891358738186657,0.60099889284081509,-0.023182120281608366,-0.5979410927363964,0.79782292917200648,0.077103977229478995,0.064834632056030878,-0.047737872716681326,0.99675351315891769,5.1028234521443636,-13.086092523350203,-1.4801219825816483,,0.3781361991580243,0.5573770491803278,False,5
-0.96088312629331019,0.27466538700219817,-0.035532278110567368,-0.27382124726495105,-0.96140534012109358,-0.02686441015378116,-0.041539645533641423,-0.016084065704190305,0.99900738770009201,-11.627152624810515,5.3070541890660392,-2.9417336421488689,,0.4706349031959938,0.8807947019867549,True,5
0.94933671819516863,-0.29039803450588048,-0.12011984449518852,0.30503726281634819,0.94342840895326863,0.12998117353453076,0.075578196458614272,-0.16003692928516583,0.98421345118070669,-6.8777236752005502,-13.788597569489264,-1.8079407694003524,,0.3491696548786088,0.5,True,5
0.91959131798758009,0.36903232380271639,0.13478483546242248,-0.38676349205075805,0.79005742473503782,0.4756293376545892,0.069034839744642529,-0.48951446312627672,0.86925817873151145,8.2901387944355882,15.084291046238452,-2.9199581315143983,,0.3503882627851977,0.1724137931034483,False,2
-0.84235346808585421,0.53861046444345795,0.018422876966912867,-0.53842995594331378,-0.8396216027763006,-0.071615268583165345,-0.023104487586111697,-0.07024479869257319,0.99726217761931812,-14.693472655981161,15.378133849361408,-3.5623004184366347,,0.37323339123871,0.759493670886076,True,5
0.86298924321889869,-0.50104562520801021,-0.064829372574377556,0.50410455177942137,0.8624923182814801,0.044560091794202228,0.033588196792056317,-0.071135661698990937,0.99690097335237138,-1.5973268149861428,19.721571619325008,-3.3843382261150001,0.4155508941638557,0.3263534342637555,0.9411764705882353,True,5
-0.21760335005167308,0.972891430689103,0.078300997043459913,-0.97579424813652926,-0.21863814586945424,0.0047902478467232792,0.021779975894265703,-0.075363288559338645,0.99691825511802479,8.3043121290447761,-7.1918066562653538,-1.7325514230831462,0.3073200049191228,0.3023148708022654,0.7037037037037037,True,4
0.8885849655050907,-0.43597719214409758,-0.14262064019091159,0.45708792699939776,0.86769482218117266,0.19538762128491305,0.038566644522307347,-0.23880867549176693,0.9703004846129667,-10.586986391022565,26.311846073805512,-3.9370939424891906,,0.2244941478699403,0.35,False,2
0.82686946016051455,0.56124304740662267,-0.035960222351743995,-0.55826438330216444,0.82685274787703444,0.068230577195648429,0.068027745737407219,-0.036342469177601047,0.99702128901240694,-8.5867308762952099,22.966943016183457,-3.712634749242008,,0.4483087536402087,1.0,True,5
0.48760232531346248,0.87294318976095331,-0.014634199632235907,-0.87093329035204026,0.48751381116127857,0.061688634962801123,0.060985048212433016,-0.01733411021590333,0.99798815249358019,-4.7021275174509416,-11.259906484368722,-1.7921104186163068,0.2012328890849262,0.211471425115683,0.6461538461538462,True,5
0.88661026060040804,0.46094783984086229,-0.038070129289525113,-0.45733427791896081,0.88598793490229344,0.076620737714495832,0.069047838767199804,-0.050521957143538153,0.9963332413444641,-4.4422314712363695,7.0009492596212004,-2.801454647475953,0.2563760702450724,0.2577304162023769,0.8631284916201117,True,5
0.88129397809984233,0.46410048780006807,0.089059875301359268,-0.47199638103717662,0.8551842389618316,0.2141946164568137,0.023245224300127317,-0.23080436446265909,0.97272247064217898,4.4256025075203285,25.092285477120786,-3.5290090657233288,,0.289394202395916,0.5,False,3
0.87079647294166684,-0.48297265361760483,-0.091928877780179913,0.49034383251033503,0.866764547371354,0.091006292854996368,0.035727141383415706,-0.12432471708273476,0.99159817269439765,-10.339283633253826,9.9100903927522292,-3.135034821388643,,0.1758215533700213,0.4,False,4
0.90709562425477019,0.41822199217105516,0.047622407775364028,-0.4198868015326887,0.89110950754087315,0.17210148014735763,0.029539843542199899,-0.17610852005152025,0.98392742964548241,-1.704924704117748,-21.016493631459646,-1.2831879883524804,,0.1273850382302122,0.1428571428571428,False,5
0.96228620029093592,-0.24812558336003285,-0.11153010181953862,0.27127729237907933,0.90589921793716188,0.32520030378262899,0.020344516929847314,-0.34319134870081153,0.93904515269917088,2.6871271892209556,20.38670819959432,-3.3057758247600417,,0.6863872497452219,0.1428571428571428,False,4
0.40040193699056537,0.91628006433851417,0.010446652574426896,-0.91456426029479232,0.39889089579255793,0.06677025569255797,0.057013179578429322,-0.03628907479694294,0.99771368658786008,-2.4298601361344536,24.096650805583195,-3.6218986398305115,,0.1819857296906369,0.5555555555555556,False,5
-0.64956989281276478,-0.69412037802830007,-0.31025127744630521,0.75665788901255715,-0.63008901069579815,-0.17451841620715067,-0.074349131442642422,-0.34811598556550249,0.93449851109966153,7.4878825530923283,29.442456067087711,-3.6814614141235871,,0.4286080082464619,0.1,False,2
0.6186721264476529,0.78440877921385255,-0.044132380957445184,-0.78319161105936963,0.62020266923552203,0.04426679838618322,0.062094285751338164,0.0071774762533378424,0.99804447972606103,-9.0684724982004745,13.017255809595577,-3.2465856594149591,,0.119850354056481,0.3888888888888889,False,1
0.54430454722490285,-0.75367811582537625,-0.36837733045914506,0.83888769032141064,0.48904527520060104,0.2389605863551128,5.382847140682212e-05,-0.43909454167625578,0.89844086092108277,5.3309438700819056,-3.424825477314295,-2.0223337698482626,,0.3504061509799484,0.4271844660194175,False,2
0.95540137314105111,0.2907506151827613,0.051694254719850653,-0.28794363904918102,0.87832886581334257,0.38161088062339543,0.065549042184535042,-0.37947659117512667,0.92287639465900118,6.6627803956241047,8.0286350364291543,-2.6329460381815446,,0.47617660367894,0.2413793103448276,False,1
0.24272282786548127,0.96949250462825287,-0.03420398080080559,-0.96909908670839051,0.24392049363303248,0.036738983747273239,0.043961221251787856,0.024229656527809902,0.99873937279482305,-4.0605902066681008,24.304356164866327,-3.665920424897291,,0.1260828254168895,0.4117647058823529,False,2
0.47497450468585772,-0.87478191392810634,-0.095686064621258671,0.87999472443381421,0.47179537616336753,0.054940040039322936,-0.0029163105253066889,-0.11029835037363923,0.9938942443931218,14.491362820183705,7.7296785066125455,-2.6477687957284521,0.3573994001853998,0.3418445674278021,0.7446808510638298,True,4
0.12991762827051129,-0.95154516911042186,-0.278717062640923,0.99148802424895977,0.12225383974458495,0.044782769438701457,-0.0085385968085973825,-0.28216270095518348,0.95932856861151372,10.591927362212456,0.22323222907591786,-2.1890371603949847,,0.2800016442297613,0.1739130434782609,False,4
0.52045707210045322,-0.77039886178458694,-0.36825267122131833,0.8538843821931178,0.47079400396066995,0.22188841267934217,0.0024285689821427481,-0.42992859825288821,0.90285962500103267,-1.2046571958392966,-12.637761991408503,-1.5542943745926434,,0.6583901925962712,0.40625,False,1
-0.72782745475711452,0.68556931742186611,0.016183544466467886,-0.68504864292148093,-0.72579477706649043,-0.062692092120475773,-0.031233842754597629,-0.056715541015857657,0.99790169579676558,-9.4763003178188114,-17.271370027399815,-1.7981367762981373,,0.157917521032935,0.3333333333333333,False,4
-0.46669649016478404,0.83656030236008661,0.28698649198711818,-0.884415845277157,-0.44207730480136409,-0.14958699543160248,0.0017316727646651368,-0.32362712663613752,0.94618311346941386,-12.827845902198215,18.880591411404758,-3.6688880106805741,,0.2823340755932746,0.125,False,1
0.48994267720184237,0.87116928602220323,0.031941323514459476,-0.87057406777377033,0.48704438402598116,0.069918241601049425,0.045353782379439669,-0.062063218417324345,0.99704121847773242,-5.1019925297196478,-14.31154964549579,-1.6851383354821456,,0.1274203291107794,0.28,False,4
-0.41717809578037529,0.8925091119486116,0.17143488994298023,-0.90872260189460519,-0.41247086302207486,-0.063961081633482159,0.013626048838903625,-0.18246992148440941,0.98311701162502241,-7.2996692556762799,1.0002303398688805,-2.5754913258724064,,0.5694480580330197,0.5714285714285714,False,4
-0.10359814576666772,0.91968952527153558,0.37873288911781322,-0.99439917244948262,-0.10378200936243683,-0.019989506359070604,0.020921520630501619,-0.37868254731174578,0.92529012657435972,-9.2762252966034087,-1.192723578515855,-2.5220265977903877,,0.3654861252021787,0.5344827586206896,False,2
-0.77201104915090124,0.61173491076282538,0.17256691149499928,-0.63514085018056365,-0.73204646625960201,-0.24638196295333886,-0.024393450367582847,-0.29981389259143348,0.95368579175131707,8.7402293085560174,-3.4549890910568939,-1.9771191227346108,,0.4567188378329923,0.15625,False,1
0.99777557506288439,0.040960808487963393,-0.05259385872839567,-0.02997738283667184,0.98038030024096423,0.19482254340219551,0.059542071900410679,-0.19281254904038039,0.97942741569059466,-4.8202021074857981,-19.15135127567309,-1.5067308895752829,,0.1572327154091308,0.3157894736842105,False,1
0.83349547534307444,0.54063090480855425,0.11403296606028882,-0.54817640445540894,0.78328421496306777,0.29320379975032973,0.069194813251883425,-0.30689422176961123,0.94922495461479639,13.716713233181205,0.59352594210327214,-2.2456574771707172,,0.2348014156781013,0.2,False,2
0.62754150866160285,0.77391683175715542,0.085113996673202436,-0.77525029082166408,0.61100617325926476,0.16018252969657573,0.071962778487525178,-0.16650583702091551,0.98341098466018728,4.3146820010282037,-10.640894207760471,-1.6285240636897407,,0.4246257510163293,0.25,False,5
0.15293987663345382,0.98490397271700658,0.081077485540697478,-0.98736436268753214,0.14884586356817492,0.054373929353025555,0.041485050680787366,-0.088368961886526182,0.99522355134166229,-8.4977604895744161,27.269192844388879,-3.9315798471526362,,0.157430992311055,0.1875,False,1
-0.94812442613644243,0.31602369831724764,0.034483251954124564,-0.31751072005067371,-0.9360146265141529,-0.15186692070518137,-0.015716717734470285,-0.15493753920035158,0.98779924262483365,-8.9494959751122813,-11.838688342168297,-2.00220003298084,,0.3453096245785283,0.3333333333333333,False,3
0.63122862847647343,0.75686127693164351,0.16944446309370009,-0.77307464755921362,0.59637295261324674,0.21609000599878714,0.062498063113252303,-0.26739541670110972,0.96155794585367116,-8.9341709653176515,-16.563155371124569,-1.8043309812846298,,0.0825256205372363,0.5555555555555556,False,1
0.8772704244555285,0.47957264749898643,0.020166262579588999,-0.45582817466534731,0.81919998102275304,0.34804032276961522,0.150390417104527,-0.31451783234521574,0.93726263959468281,10.157663572256521,-2.3134317606414134,-2.0496002942320231,,0.3485191066532098,0.1764705882352941,False,2
0.26762254799573448,-0.88056068331664683,-0.39114070972118359,0.96339073050381574,0.23779814824619527,0.12381575453069585,-0.016014748939515704,-0.40995722177759114,0.91196414629567735,-0.98153205491971962,12.273586343984821,-2.978824618453332,,0.1152162573865545,0.2,False,1
0.51784959094603211,-0.80717996426827121,-0.28335897099068474,0.85542934736684639,0.49188788126627281,0.16213248880748263,0.0085107473560494633,-0.32635382263311963,0.94520936814665124,-13.228264333633515,-12.766488528702601,-2.1792233780581549,,0.4383821003894841,0.3529411764705883,False,2
-0.66236022092551561,-0.63727149580622666,-0.3939085913868835,0.74649384103094285,-0.60592144507870194,-0.27496572094828331,-0.063449846637906329,-0.47617669307373101,0.87705750890975998,12.12409266891853,-0.29369664326137046,-2.1797051553331337,,0.7449804541239871,0.5333333333333333,False,1
0.022471091669593758,0.99665116417355248,0.078622560316241707,-0.9994847673680326,0.020592801176501543,0.024619836290613779,0.02291832974822262,-0.079135286005734634,0.99660039969405179,-14.964544673313375,-10.436657549928103,-2.3747796062999305,,0.2724986328274408,0.5714285714285714,False,2
0.5428826081697895,0.83901603794656965,0.036476866850205514,-0.83104531241463364,0.53045237121681033,0.16728410140873384,0.12100480346015663,-0.12112955848554899,0.98523371217222599,12.859223980611327,-18.037687195772701,-1.2044548154587258,,0.259886731788338,0.68,False,2
-0.85875049907454781,0.49917351025412576,0.11564336124390914,-0.51092753472993624,-0.817136505171279,-0.26691007131852185,-0.038738025169137956,-0.28829453442103775,0.95675787262449652,0.81907789817316767,26.749507561407647,-3.6597428596230763,,0.2923147973764035,0.1666666666666667,False,2
-0.76044776578583617,-0.58345250091401002,-0.28513571275537941,0.64604685035382126,-0.72425329973345187,-0.24099922193466744,-0.065898882078820983,-0.36747834902534726,0.92769445419187868,8.0844891890435466,19.642973894292037,-3.1971798394224997,,0.4071599965825846,0.1481481481481481,False,1
-0.23877141396125992,0.95938458142931105,0.15023127767095315,-0.97090978630942726,-0.23871696623597408,-0.018665392566875889,0.017955465004378189,-0.15031777987583217,0.98847466650879723,9.5099202251023129,-4.1658817835611561,-1.9283332883474149,,0.8347253703334028,0.75,False,1
0.84156234019163834,0.53925002026826963,0.031340759592650806,-0.53598423779401971,0.82644918710135185,0.17234453277049117,0.067035247501127687,-0.16183682145972161,0.98453802304038884,0.067158525097412908,16.132239624345516,-3.164060280461269,,0.2116806423100848,0.3793103448275862,False,1
-0.82161800685796238,0.56001127810490658,0.1064481996186801,-0.56927600927247624,-0.79643067185977534,-0.20401718110931405,-0.029473311207818344,-0.22822259598097655,0.97316276676111624,10.835695608394408,2.4910343442268785,-2.3640317899366128,,0.3198055991071866,0.2777777777777778,False,1
-0.30672807288520998,0.9504104409137748,0.051360326188700005,-0.95054647761583466,-0.30311328126623954,-0.067703268843854997,-0.048777896595230796,-0.069586870328373962,0.99638264952860711,-0.89618580291587968,-23.086714564283174,-1.2133561211260202,,0.2390548821184804,0.2272727272727273,False,2
-0.43217795002560039,0.90121133281329802,-0.032254505430234143,-0.90177795417398843,-0.43172474052135451,0.020255117564345615,0.0043290735089414993,0.037840217106256784,0.99927442531664212,12.534493322235303,8.7807615792576463,-2.7022764195007829,,0.2039688820684699,0.8709677419354839,False,1
-0.059151629482565603,0.93360977193775163,0.35337498280423962,-0.9981666581064883,-0.059863777011691058,-0.0089247322884074831,0.012822143895717567,-0.35325503810170045,0.93543918598788856,-14.084421930227606,-7.7926003371370518,-2.4506073326691311,,0.5780671809573773,0.4,False,2
-0.98051911261827174,-0.18293523173647694,-0.071533004828530394,0.18582139899261191,-0.98192508378330334,-0.03596578253814979,-0.063660642996325997,-0.048557500210311112,0.99678959249513621,5.3189380689339236,-19.882743122342735,-1.178768114639823,,0.1308374377997964,0.1875,False,1
-0.89581506679220457,-0.43396647129959109,-0.095856496367541802,0.43934200267042434,-0.89725561225561001,-0.0437146538972066,-0.067037085241082692,-0.081274030683810311,0.99443479481501862,17.374475239384562,-3.9121363257131669,-2.0740757264903809,0.6414448616954439,0.273731891088215,0.5,True,1
-0.95299807704938788,-0.23317750065757603,-0.19345004090786794,0.29577468080159691,-0.85440077209479748,-0.42721968451901648,-0.065665846045590184,-0.46435716192484899,0.88321029366296255,4.2957252409896425,-9.6313368207185626,-1.6893589075106008,,0.3895705919690704,0.36,False,1
0.92575932626223911,0.37798918531128162,-0.0096873952226236848,-0.37220459812531326,0.91550513831615177,0.15268948507051405,0.066583834170614031,-0.13774802178048953,0.98822673285167839,13.46277799071496,-0.58592634144720845,-2.170118031923022,,0.586360020748844,0.4146341463414634,False,1
0.75340486609840618,-0.61096554344942222,-0.24310946599586636,0.65716924864669346,0.7123030964644449,0.24648098790840747,0.022576234681262675,-0.34546404079833887,0.93816038615095043,-7.5220688158887787,-6.1934864321663348,-2.2214752911850306,,0.7637595730856379,0.3925233644859813,False,1
-0.75324210855845719,0.65752270888289599,-0.017035644916129668,-0.65735633311337571,-0.75343472444739223,-0.014790784719527314,-0.022560523268455125,5.7447204917557282e-05,0.9997454773539477,-8.9580793801303287,2.177848127230229,-2.7073956014823231,,0.192400068673469,0.6796875,True,1
0.88314126716038432,-0.42799504390262666,-0.19204620442263201,0.46769055828747569,0.83510151649932174,0.28960490125217575,0.036428614125437936,-0.34558023603111587,0.93768185251586156,-12.989133716738733,9.198702073486178,-3.19897623706935,,0.2584366125021472,0.2962962962962963,False,1
-0.12211409610342208,-0.89417651960413824,-0.43073947964108811,0.99171697984585239,-0.12733772242857072,-0.016808817094796355,-0.039819334729076304,-0.42922424935613263,0.9023197683451244,11.721186094490548,-6.463075302237594,-1.7949215079851848,,0.5437354036188565,0.375,False,1
0.97855733212773854,-0.15191500548076395,-0.13909485558000789,0.19959780878061872,0.86611566795792894,0.45826233147376072,0.050855309152726222,-0.47619899288802658,0.87786573956580083,-12.330889105406055,16.965182397961918,-3.5521347284960267,,0.4863615971169074,0.2777777777777778,False,1
0.011530006875284396,-0.9704520456668061,-0.24101843498489467,0.99941397835615808,0.0034152441338650471,0.034059300841678575,-0.032229781379552659,-0.24126989693830034,0.96992271755207848,-16.338498702163616,0.96103812504774289,-2.9556782670795658,,0.2178458006924835,0.3846153846153846,False,1
-0.99046480576106666,0.12835133227098774,-0.050054011357288541,-0.12676206250513158,-0.99135911046713043,-0.03374157084763308,-0.053952275745682829,-0.027074888699368999,0.99817638839224154,0.68027296446415242,-27.40847405510922,-1.0010267000836373,,0.1494889448808873,0.2142857142857143,False,1
