axis_00,axis_01,axis_02,axis_10,axis_11,axis_12,axis_20,axis_21,axis_22,location_x,location_y,location_z,dbh,dbh_approximation,score,reconstructed,number_clusters
0.92643549129825142,0.36904462208012012,-0.074319226157905413,-0.33100334260263969,0.89258926932892502,0.30613915702623962,0.17931555328205095,-0.25901826806732847,0.94908138173633705,11.439913875872579,-1.5918861206610635,-0.3555598943608772,,0.2515094543407778,0.1666666666666667,False,4
0.7307031170260545,0.67571305347221067,-0.09739006179107515,-0.6450404422693673,0.73006180748646954,0.22568248732794599,0.22359736716998119,-0.1020863684183671,0.96932068521093795,-3.8136989828608998,3.7195341639162085,-3.7334267030047865,0.3488311747486764,0.320216603182206,0.7751798561151079,True,5
0.96377711560217683,-0.20255331210989497,-0.17351030861265604,0.24609655674642339,0.92615577345068434,0.28578307868297287,0.1028112649426226,-0.31813148077056963,0.94245541260243304,18.208104774053993,6.2788202315469901,-1.2949825022894668,,0.3127619431262721,0.6818181818181818,False,5
-0.45435833539305304,0.89033567360951871,-0.029340950174423425,-0.87888977832744741,-0.44265846211884557,0.17778144859942008,0.1452971459127248,0.10656394424411388,0.98363248481165622,0.5035863987839132,-14.257969255583593,1.039992062276895,,0.3667499577551264,0.5609756097560976,False,5
-0.99298932906294535,0.0034317009935238042,-0.11815420346061981,-0.014543926299283118,-0.99553037087682128,0.093315351736255742,-0.11730586760654185,0.094379574538939123,0.98860094544509025,8.5895907923193011,-4.5131283854633963,0.072865530252857816,,0.2140351146696605,0.3478260869565217,False,4
0.93927449916336592,-0.19944631417057576,-0.27925719862732296,0.31575643708126228,0.82098667841980588,0.47568765623984943,0.13439229019238805,-0.53497854314073778,0.83410830874404951,12.727151126718175,9.4442181976777473,-2.7853802430143082,,0.4372457945341802,0.2592592592592592,False,2
0.98452792498454156,-0.10300372716404228,-0.14175682387788793,0.14244433878749682,0.94160274020185353,0.30511291351195191,0.1020508465081198,-0.32058464067181169,0.94170648977921978,-2.3995737065301781,8.1955620118413179,-4.745402524387166,0.6043962956096384,0.5612463203037519,0.9606557377049181,True,5
0.76646193339689117,-0.62603512358367353,-0.14358317691524408,0.6417735567345646,0.73750392095296435,0.21027284288578554,-0.025745029224417418,-0.25331401583524438,0.96704146904445387,5.4423889393409617,-8.2382135056559189,0.52355940335762963,,0.08845278315220206,0.2,False,3
0.95355345021193105,-0.22240245735745159,-0.20315748706432224,0.29375896160382481,0.83580627741316138,0.46382490135200444,0.066644505147580371,-0.50196116742046992,0.86231867446757371,2.2513919260447408,-15.293835547139086,1.4834889657986521,,0.4086773246390817,0.2777777777777778,False,1
-0.85657613995195658,0.51443730985912928,0.040392705899799625,-0.51552585925578309,-0.8565561145133973,-0.023339047287712189,0.02259214251884907,-0.040815155452524982,0.99891126642049333,5.7898396252179092,15.177717490190041,-5.2781243768570256,,0.371552831159228,0.2380952380952381,False,5
-0.85182002686420621,-0.47678358234802304,-0.21697939403650518,0.48301914209277635,-0.87519686353723458,0.026887886241679704,-0.2027193878370333,-0.08190156077861388,0.97580581271941869,-12.993016134170466,3.4469037203488933,-4.9976361641651952,,0.2655410668621165,0.1403508771929824,False,5
-0.92657481148569842,0.35758037811941767,-0.11659927917538049,-0.37349506720734443,-0.91129538061297277,0.17332675513387985,-0.044278137856342173,0.20414946107553902,0.97793785285699186,9.9612653025304798,-0.44019605012243923,-0.78130790251829285,0.4395407887588442,0.3259068906589221,0.94140625,True,5
0.7558723114027861,0.65354291107016793,-0.039226422785413426,-0.6158044892524267,0.73001607433811333,0.29641417345418536,0.22235530097384062,-0.19989545917279017,0.95425359602724669,15.99135598025592,11.105452135072053,-2.7625085604127739,,0.2455758312753427,0.6086956521739131,False,4
-0.99177736884626699,0.046468117768947853,-0.11924078444637545,-0.018023684740153426,-0.9731801104185811,-0.22933734862439203,-0.12669963469861839,-0.22530243388984839,0.96601553602959556,4.6584124792593009,8.9371935000359013,-3.8496175840998803,,0.08836531699491608,0.4,False,1
0.13425893060670552,-0.97148488382644616,-0.19542686624172048,0.9749967600305105,0.094263092711356536,0.20123565112200342,-0.17707585234116574,-0.21755824472817781,0.95985027617250962,11.092042144225404,-7.2214741178529369,0.97175581881932982,,0.1888567659711969,0.3478260869565217,False,3
0.66249410146439325,-0.73694514940443301,-0.13421405401135197,0.74557622372048482,0.63145759132514934,0.21301972908756611,-0.072233372810536517,-0.24119112157605685,0.96778571115991141,-7.4826591078309326,-7.6542255817371831,-1.518836194313679,0.6065814195797422,0.5541684708261944,0.6902654867256637,True,5
0.97114409346663932,-0.19170283910744526,-0.14187731038825305,0.22364068826111708,0.93865418817581714,0.26251315695425903,0.0828492141118643,-0.2866676411772745,0.95444102553426735,-18.20195312355613,-2.1180341523377781,-4.4391445234103699,0.8253353549759324,0.8382101748199222,0.9653679653679653,True,5
0.95214716742328953,0.28523585832991283,-0.10980107782077755,-0.25101752801517824,0.9347386052211899,0.25150336088866498,0.17437308334991314,-0.21190621753960592,0.96160791530181444,-13.498006897403011,1.2255149270920014,-4.5272406675712888,0.5341155136560465,0.4583908841693297,0.8733031674208145,True,5
0.98465150111353783,-0.061571778445100533,-0.16331055524357171,0.13444569891852753,0.86424283255397383,0.48477693883000661,0.11129139857673148,-0.49929274226468656,0.85925606318759473,-1.7156713709968345,11.248591335507133,-5.4454343636504801,,0.5628005405327969,0.4626865671641791,False,4
0.21696293499593447,0.97611712582182708,-0.011065329425148596,-0.95100527184479644,0.21391181450464464,0.223227929566927,0.22026360970745101,-0.037909000153890482,0.974703467699781,2.6377745561883934,-1.8169506661279602,-1.4537530828292409,0.5626681599764372,0.5145227496134774,0.5941375422773394,True,4
-0.12219144474829208,0.97539622510224255,0.18349783346574172,-0.97626866142396418,-0.15142662491183037,0.15482079314250341,0.17879807479888338,-0.16022540786063824,0.97075180510988779,10.029281280304071,9.9143804157754829,-3.339949673412673,,0.2801747329789444,0.2307692307692308,False,1
-0.98586738364660353,0.12614520966522522,-0.11024013761020224,-0.13198400819864803,-0.99012032917465209,0.04734929075389252,-0.10317811512922301,0.06123005661922741,0.99277648880540381,-12.878938580929292,-14.059799438034876,-0.94320605267459501,,0.4520420919399013,0.3225806451612903,False,1
-0.17251453487664631,0.98438231459350123,0.035074121112813605,-0.97577705874384169,-0.17565282354297723,0.13040405365861191,0.13452831257959355,-0.011727928074541843,0.99084034476678751,-18.852570742301758,-5.3158333690760351,-3.8062214248151176,,0.3681152801809479,0.2727272727272727,False,3
-0.00029146364836831005,-0.95575706912623482,-0.29415699866596601,0.97943810282349775,-0.059617456546074817,0.19273495171473806,-0.2017446846547567,-0.28805239747345335,0.93612226686653843,-19.395047224817635,-13.008278365006152,-2.1194929716981918,,0.3734637553525072,0.4827586206896552,True,5
-0.007239894268045324,-0.88433665913956261,-0.46679359167930312,0.98044965317568555,-0.098071307466628219,0.17058867558974625,-0.1966368773111116,-0.45643257109200991,0.86775759664071617,5.0331773479464728,10.813590874928256,-4.3144768382148779,,0.1934367812778999,0.3333333333333333,False,1
0.86005164272506285,-0.44223508386722188,-0.25443919203391452,0.50728934155328864,0.79446562317914959,0.33388904973508066,0.054485739348482831,-0.41623611590480175,0.90762260881058521,24.065714962925256,3.2640780364394968,0.2078180529840464,0.360501337749034,0.353046935330042,0.8275862068965517,True,5
0.91296417319228118,-0.3721389984923022,-0.16735884879049323,0.40584895944751126,0.87061281978129412,0.27806463304029599,0.042226065205097349,-0.32178546243360429,0.94587053849017022,-9.4926909473938732,5.5231870588199383,-5.0571891655193184,0.3818243927018086,0.4216360945351561,0.5743944636678201,True,4
0.97389099641754151,0.21796836594687621,-0.063451702446013628,-0.17866648395077234,0.90835754322219076,0.37810694410975182,0.14005218530789584,-0.35689825597471792,0.92358487442827275,-18.568408982016251,-8.7167937303282734,-2.9227667754275806,0.3760430762993101,0.3720268820374394,0.2972972972972973,True,5
0.754011971959205,-0.62692132782647381,-0.19604998051130434,0.65595311220151786,0.70296609381680597,0.2748894060110092,-0.034517542428960019,-0.33586949796049242,0.9412758467125526,-16.913353365051005,2.3570971392877889,-5.3084097176236593,,0.1200474347644195,0.5,False,4
0.60050940513124385,-0.76405091421114746,-0.23582759559056926,0.79055252315930491,0.52301055833720367,0.31856971606582946,-0.12006316035893887,-0.37773821141223729,0.91809513731622994,11.23509067394429,2.4584627351442006,-1.317113655537278,0.6651228524406977,0.5170207259859274,0.1216216216216216,True,5
0.99165290146868668,-0.018482848051309803,-0.12760449575405708,0.047366296620089864,0.97269363463015512,0.22720811405950211,0.11992062772197554,-0.23135573794027728,0.9654499290842985,11.768422708827567,5.184435044724232,-1.9181002506517417,0.3370178618687511,0.3080703425139482,0.7008547008547008,True,5
-0.62443119658080082,-0.74383369376618647,-0.2383214567654785,0.74767405796065667,-0.65750017294332574,0.093150553579362888,-0.22598491938470999,-0.12002065904521486,0.96670877600911354,6.0020208495623066,10.289616268143167,-3.9087656586337913,,0.1535166251157936,0.3809523809523809,False,5
0.44579363757092344,0.89274315434934937,0.065404075283268776,-0.85930442453139366,0.40633936949043969,0.31061909597267806,0.25072682082708303,-0.19467402796594899,0.94828164811592663,-13.733980724235415,-4.974928170195259,-3.0975134116524132,,0.3149824375369037,0.7142857142857143,False,4
-0.98671779732179332,-0.059307325414482234,-0.1512303858376674,0.074291978253335722,-0.99265911598054701,-0.095438888446614217,-0.14445999590071618,-0.10540645432277893,0.98388047494167996,-2.9071716712658269,11.81134876645973,-5.8850765868039039,,0.283542365822591,0.4117647058823529,False,1
0.35743744928625587,-0.90246585294868209,-0.24040352349610786,0.9259159427737641,0.30876255294308108,0.21758987296619095,-0.12213982464825862,-0.30036822428758914,0.94597082041319525,14.07542619495702,8.6705939358511568,-2.4143004125656411,0.3376899860259244,0.3115417231967126,0.5405405405405406,True,5
-0.61187290780414172,0.78715838303915442,-0.077415920239233812,-0.78769211515479431,-0.59753956381858153,0.14995866561977855,0.071782145539608239,0.15273555474309991,0.98565672213963362,-4.0636440246226666,-3.8321978421759177,-1.9016095088427361,0.515507859550495,0.565254612518711,0.7135549872122762,True,5
0.09580974928756078,-0.95533406259560261,-0.2795663083886098,0.96436858610269727,0.019505738300451644,0.26384229439503865,-0.24660438373990579,-0.29488362962011794,0.92316299909730248,6.8885106032898644,2.3670757352074157,-1.9635158766160385,,0.6928519158293185,0.4051172707889126,False,5
-0.6336820683491512,0.7709576792773033,-0.06380668472891915,-0.77302064741183207,-0.62788132807880015,0.09057657823628093,0.029767682606023124,0.106720638179107,0.99384334301685118,13.70754195660432,-0.16629268864436852,-0.35902011671722439,,0.4414325665956232,0.4634146341463415,False,2
-0.99267105154733237,-0.053702123795978558,-0.10826017420877448,0.054304435787098079,-0.9985209857131454,-0.0026209433975818153,-0.10795930563762318,-0.0084807423171439668,0.99411914041325644,3.9268286137668444,-10.528278890495036,0.7354808811681488,,0.1979875442416971,0.3333333333333333,False,3
-0.61867940871821336,-0.74054542337435614,-0.26235141537140183,0.74850731495084477,-0.65705318954299796,0.089542758369677899,-0.23868931415788025,-0.1409736926900515,0.96080894525195393,-12.480242069585341,-6.3037073513230268,-2.6156565329976194,,0.1148559474986608,0.2857142857142857,False,4
-0.7015398695520404,-0.61360233580979184,-0.36240031031674452,0.66758657745400773,-0.74380290852232922,-0.032945331641477754,-0.24933907241375036,-0.26504604649473684,0.93144007869822709,10.930476278858233,8.3082072491563235,-2.7473292160416323,,0.5908934679367888,0.2790697674418605,False,5
0.89519464654521852,0.43610067646539541,-0.091884409902911177,-0.40521985296655422,0.88227693533770957,0.23955016203890006,0.1855354832870138,-0.17721063556548666,0.96652624128056164,8.7247410005104182,5.4628476582028442,-2.3734086305554092,0.2255594511195987,0.2287003627409217,0.7735042735042735,True,5
0.22177955036472133,-0.94989212659389688,-0.22026978656852997,0.96121049755757959,0.17498270988234929,0.21320279225971617,-0.16397624957637064,-0.25900965054830155,0.95185387034865498,10.740909276611085,5.6340932615709747,-2.0967879506916054,,0.08480429563977918,0.2653061224489796,False,2
0.95999894886449544,-0.24295255488692971,-0.13919796784787083,0.27328464099663885,0.92123179641945852,0.27685281696438485,0.060971494769291326,-0.30381907994675111,0.95077675796472194,8.3751432764373206,13.023135314658218,-4.4039250515989483,0.2805158713738958,0.2638631090126313,0.1818181818181818,True,5
0.28270298287136086,-0.85610547091803313,-0.43262275268396172,0.94744686366039199,0.1788123848142395,0.26527452116087413,-0.14974466272866571,-0.4848809685904959,0.86166523794512029,10.197397263587035,11.026287126151946,-3.5851189279146758,,0.596449379488531,0.4406779661016949,False,3
0.91557576070093494,-0.35010374922925158,-0.19785952388632999,0.39816371192028388,0.85826379249043272,0.3238038310610305,0.056450730081771011,-0.37524742141094131,0.92520413304182469,19.796745835809048,4.1556945549597453,-0.56841330523928379,,0.251901526768472,0.2857142857142857,False,4
0.56856573398024102,0.82262430233064443,0.0047184063547656419,-0.78849793063094786,0.543325775870387,0.2882153963020595,0.23452935751035728,-0.16758985198949528,0.95755397862257141,-13.300574341176777,6.9112613034328803,-6.0559054716833831,,0.2497388376991505,0.4705882352941176,False,4
0.88866260571838129,-0.43721818199849627,-0.13827159696678973,0.45783995274776268,0.86287729031367633,0.21406858603927434,0.025716742906968015,-0.25354100889374376,0.96698273301202198,13.128379011792966,-1.2709674193289806,-0.24056197924850639,0.335266749006171,0.2844591074048454,0.8230088495575221,True,4
-0.1976566299263795,-0.94447259558070518,-0.26249451964411091,0.95600256686732632,-0.2449390639874475,0.16144332465616751,-0.2167739578206522,-0.21903509109272748,0.95133205563608059,12.509746440459685,-0.2887418375093011,-0.47418188980895948,,0.3875659043705421,0.5428571428571428,False,1
-0.82267863415589049,0.56402824160800502,-0.071218028419628709,-0.56841705297666145,-0.81384464886494756,0.12066043841796739,0.010095483580510559,0.13974630650743797,0.99013587503372646,-11.440989301266535,-7.2566889043590814,-2.2462830417781738,,0.1393994898681294,0.3157894736842105,False,4
-0.51686345762717001,-0.80397348215646403,-0.29407279057896168,0.82486051555964368,-0.55962090642975904,0.080184605488928584,-0.22903557811040329,-0.20112454120754708,0.95241357764559842,-3.4842939796417314,-11.346575288485392,-0.18731299158567524,,0.3426986329138414,0.3636363636363636,False,4
-0.3547124606320064,0.93439686981853876,-0.0328870787043338,-0.92479652244527899,-0.34545752491287957,0.15940668290315585,0.1375880167220509,0.086957392752916501,0.98666506449762814,4.4623343082176454,3.958784956816642,-2.6652526189950527,,0.08788766377052469,0.293103448275862,False,3
0.16515566067574394,0.94893866848662567,0.26877315936973367,-0.96280166338047002,0.096032060990177873,0.2525684070777241,0.21386108748100657,-0.30048834704994554,0.92949996694385772,-0.83551979127996567,9.668848057790564,-4.7857468601948261,,0.4942913627065227,0.2352941176470588,False,1
0.43782646284428905,0.88359829634076892,0.16601818917500533,-0.86764771178971689,0.36687855489028998,0.33554071912016831,0.23557469443750867,-0.29095390814577821,0.92728117994240078,8.0355891402922435,9.4763582349463658,-3.4604419542874076,,0.5471639976861424,0.4471544715447154,False,2
0.97839851051989257,0.17918151646145081,-0.10310353423151536,-0.13600926920809361,0.93352814161856434,0.33170270950908565,0.15568504520966278,-0.31051440057550217,0.93773289039752727,5.1321904402319261,-0.94731088941396668,-1.3600114818122115,,0.1205078897647688,0.1486486486486487,False,1
0.96502565323379907,-0.14299181854295834,-0.21972443749036447,0.25066832867732097,0.74869192094142345,0.61369845731854333,0.076752052733448206,-0.64731271217767616,0.75835043024605886,9.0848889691040569,0.28929356630274183,-1.1098811557857826,,0.2741652767644742,0.1851851851851852,False,1
0.53935317903564106,0.84141401028317364,0.033475536789348892,-0.82377554343083015,0.5189687412604399,0.2281782190302023,0.17461959314288894,-0.150644976330915,0.97304372399027894,-1.7405205849093617,6.7050518290594434,-4.2173476130119543,,0.2258401633050129,0.2105263157894737,False,2
0.89351175000819927,0.4481327268798006,0.028527385028432467,-0.42108174205596816,0.81412083114145239,0.39987177795971451,0.15597089184972124,-0.36930249308774804,0.91612703785816607,7.8719057295558521,-2.4336705544292654,-0.56425474108583717,,0.5178176021304001,0.3561643835616438,False,3
0.86717445136103255,-0.44773926477090709,-0.2180321574655894,0.49647237001953981,0.81156516975960424,0.30802136458409163,0.039034045574001086,-0.37535519979810095,0.92605875476162658,11.718868540332155,13.632817296162582,-4.0999015901663967,,0.3754045591665116,0.4117647058823529,False,2
0.37409244827531768,0.90390139715519013,0.20740565171728642,-0.89741985158574922,0.29643599121353653,0.32674655789014606,0.23386417024244915,-0.30836336898883054,0.92207352339315507,-10.42341118898355,-4.3753711503562336,-2.7326772415019471,,0.7512160476832848,0.1346153846153846,False,3
-0.97299960573179045,0.21074343522827205,-0.09412211086650181,-0.21458449539514718,-0.97616019562823986,0.032630764732763967,-0.085001538702479146,0.051946866885520575,0.995025759183644,6.5069841831638744,-12.117392511171902,1.429723144810275,,0.2317106778558954,0.3928571428571428,False,1
0.9904873213277926,0.065683892816019218,-0.1209152286249701,-0.025509467995191035,0.95113628779134463,0.30771582521720175,0.13521883497315537,-0.3017041402948174,0.94376399507369879,6.8784612155839833,10.629292869779388,-3.9498506260819579,0.7671309078309572,0.7384591551322603,0.7948717948717948,True,1
0.98827463223708512,-0.080139004862230093,-0.12996534605942395,0.10814365477052273,0.96827250510078233,0.22528494356864978,0.10778776001721325,-0.23669832227024171,0.96558567875923074,-16.912645241074582,-19.17669612851893,-0.43970598547407086,,0.2737896896270599,0.8387096774193549,False,3
0.95979757361443085,-0.24835417543149613,-0.13080069277183873,0.27143669257852271,0.93989668226430445,0.20716261388239432,0.071489437023128322,-0.23433828158091266,0.96952299105272444,-0.97787731857667826,-5.2579231973566216,-1.1052733894945879,0.5158165427980346,0.4664811950118594,0.9757575757575757,True,2
-0.86151459407839215,0.50383544257890844,-0.062788940039290503,-0.50759394764766796,-0.85755982802585617,0.083303815445149976,-0.011873857898700949,0.10363873869156602,0.99454412840306983,17.221899072711022,-1.2350095211508987,0.31887839477802898,,0.1369005518884421,0.3076923076923077,False,1
0.944676065708274,-0.27292943759750998,-0.18192485528548499,0.32796513330288013,0.77733778503931927,0.53682850081547417,-0.0050992367626641055,-0.56679404552524415,0.82384373988127535,12.824204368621661,1.4084928979079279,-0.86899208932725114,,0.3592053120121355,0.2115384615384615,False,2
-0.8586906093435368,-0.42804978058761084,-0.28182232481498937,0.48341662359968085,-0.85910480449769977,-0.16806933960855333,-0.17017286932032266,-0.28055716035750888,0.94463160772833599,-8.4424068043549134,-13.481368670795977,-0.4170949840464111,,0.4400993586431487,0.4117647058823529,False,3
0.37037493343062067,-0.73301114538646417,-0.5705410322014417,0.9190531392516903,0.2000635374646331,0.33958196095898552,-0.13477290498418407,-0.6501301729010589,0.7477747136442654,-5.8740255225957547,3.1955917526488058,-3.8822548933881582,,0.152857618803302,0.24,False,1
0.86227977425255364,-0.47185482821605557,-0.18392012397821683,0.50643219165688214,0.80352234435019465,0.31285504212586207,0.0001617670333297766,-0.3629116465741552,0.93182354049050675,-16.001269721246803,-16.791080010403615,-0.8100919754700141,,0.2779942496909689,0.2941176470588235,False,2
0.94477471610686403,-0.27936749403491723,-0.17133166397909139,0.32221627257960572,0.88726717132464095,0.33005096632864861,0.059811449490034946,-0.36702965815614969,0.92828434250701441,1.9918634171070306,-0.37085712007658156,-1.8639596996950001,,0.08193763806268418,0.3387096774193548,False,1
0.9894750555719064,0.09855592889600169,-0.10595208011368953,-0.04219275778286069,0.89688624041997544,0.44024407200551574,0.13841562625530507,-0.43114011716003309,0.89160490901720779,-1.1517423207985076,-8.9695386069912235,-0.28279313458560507,,0.0933878122824218,0.4444444444444444,False,1
0.69893664333584304,0.71440518537137554,-0.033358652804268696,-0.67814431442957068,0.67683348237522434,0.28638562453914312,0.22717362833144292,-0.17754342637878284,0.9575335369272503,1.1055008941139541,7.6066412008289381,-3.9804997552953174,0.6686142279752624,0.5789289390092462,0.375,True,1
-0.13914516593619541,-0.85113656122906844,-0.50616714327951451,0.96745056699163356,-0.22594062294061773,0.11397471356740382,-0.21137176543747463,-0.47383265932643487,0.85487109421917107,11.726366977502998,-0.015605338809011715,-0.6549391942068169,,0.6741507642703211,0.1846153846153846,False,1
0.9747816105136603,0.22101231229049037,-0.030892873294745465,-0.15631990031089107,0.77503702107725569,0.61227584039098437,0.15926361973529141,-0.59200605890117686,0.79004045823812608,8.239509196946317,11.367172183043312,-3.9448650934174787,,0.4632767639227476,0.1363636363636364,False,1
0.9845358585889562,-0.077048698054594578,-0.15732972154237163,0.14278417956149819,0.87326789219046952,0.4658496179414186,0.10149788775860374,-0.48110984878435797,0.87076488915391814,-5.0466591287281437,4.477468798543236,-4.121857681327878,,0.2125543542621944,0.25,False,2
-0.37318221230629123,-0.78017002750357511,-0.50206549831994374,0.8991807114076561,-0.43742959191691944,0.011375427368656377,-0.22849307352872744,-0.44720250480120161,0.86475478318938914,-8.5066174166093571,3.2371244037699487,-4.2987245242774517,,0.5121689964088334,0.2954545454545455,False,1
-0.35421036129928274,0.91731911937581112,0.18182588697932256,-0.92491757207378222,-0.37234874697508569,0.076706554447600217,0.13806703016060964,-0.14100370156016948,0.98033435690531578,2.1716585829226642,1.4714317580268572,-2.3339913271174066,,0.3758199748337989,0.1651376146788991,False,1
-0.46895372638013638,-0.80656303720910461,-0.35991453085726888,0.8522853490905038,-0.52015893091819487,0.055175812741798891,-0.23171552869814685,-0.28087497858311317,0.93135232869525453,-21.414870904714181,-5.8478046043688758,-4.0027838156574669,,0.1791894009398164,0.4,False,1
0.17021113624977052,-0.84764943013553551,-0.50251230103099309,0.97365455064144124,0.06614341743979156,0.218224344069579,-0.15173985999655659,-0.52641760221357226,0.83657607123795852,-14.661569829739566,-2.541011898142302,-3.8270177312187217,,0.3300223264688683,0.5,False,2
0.2238577057795145,0.97403071009972531,-0.03393970161562164,-0.94970750694743611,0.22582639248138439,0.21692877104369851,0.21895976527850486,-0.016328387595499899,0.9755972555043978,-19.674385392560914,-3.1152938290207639,-4.4567372020734721,,0.511916183110637,0.1428571428571428,False,1
-0.97666906705009993,-0.15570346663930537,-0.14789849202743874,0.14602943037229998,-0.98649179220203631,0.07422499163459928,-0.15745773697290719,0.050895720787876533,0.9862133068828739,13.665723869151034,15.578081855956919,-4.2902029471048673,,0.3235731190497143,0.44,False,1
0.89973599910106017,-0.30149596603854789,-0.31555556465399504,0.43530912753909862,0.67184032136467353,0.59928002308583828,0.031322442477682885,-0.67655802785208063,0.73572286871221915,14.463388009029758,0.40604191824917302,-0.39801404680040636,,0.4907664544910846,0.2173913043478261,False,1
0.98827753362154891,0.13226264670847065,-0.076250303767119415,-0.057685191320939667,0.78593398022721705,0.61561367547063983,0.14135039880090294,-0.60399865149673471,0.78435049164831339,7.5357683443469101,13.927642704818444,-4.7495365497576598,,0.6469242971585303,0.2571428571428571,False,1
0.6679473643543602,0.74033098290686761,-0.07587064122711977,-0.70807515552047751,0.66358629742449993,0.24141830917536966,0.22907617201864261,-0.10753260723424309,0.9674506942447717,-23.662113908128493,-13.149612371098439,-2.7241680473386642,,0.2044654673899782,0.2857142857142857,False,1
-0.58801209140628874,0.80885076085896657,0.0014923196278224804,-0.80454860081606627,-0.58507261665443844,0.10193911009047023,0.083326642107497767,0.05874078565185839,0.99478952086161931,5.7376589029147027,-3.9024631722274479,-0.4881529461211862,,0.7412302180142312,0.2333333333333333,False,1
