axis_00,axis_01,axis_02,axis_10,axis_11,axis_12,axis_20,axis_21,axis_22,location_x,location_y,location_z,dbh,dbh_approximation,score,reconstructed,number_clusters
-0.86141041535157159,0.5077922386488497,-0.010915067192777149,-0.50787871046714872,-0.86139597325327022,0.0074961801791287933,-0.0055956928131721678,0.012000817932183477,0.99991233045247507,-4.6706034100931673,12.54993608081128,-3.5186261512020378,,0.07737652457568937,0.2702702702702703,False,3
-0.84574045262197217,0.5177355151861589,0.12912406094026141,-0.53285586949708208,-0.80674003722664689,-0.25541169643940898,-0.028066156510825824,-0.28481651751692871,0.95817109234637143,-10.034999084543591,9.6697645929994209,-3.4487365821086429,,0.3619805067543331,0.2272727272727273,False,3
0.72711205589346117,0.68475387277578181,0.049195445855819316,-0.68065986621167274,0.70971132002328985,0.18169201622390438,0.089499746944290817,-0.1655958210504368,0.98212413642448482,9.3169369373829305,-5.0823463776492126,-1.9175349843442662,,0.9575402734347338,0.6868686868686869,False,1
0.29541522362793415,0.91812413363432299,0.26415510763012373,-0.95145309523689658,0.25772651100655447,0.16826780169871464,0.086410955399111686,-0.30104006504552328,0.94968838364191888,17.558102914711679,4.7769101394215658,-2.7549723809019073,,0.3330578926586149,0.1212121212121212,False,1
0.7653133544880949,0.64353338110768699,-0.012659259152365473,-0.63674378579275293,0.75982101401846025,0.1312607249342726,0.09408942924947139,-0.092394881113978589,0.991267050419533,2.6706493571405026,18.93825451583854,-3.9175028590489887,0.3476898605280101,0.2703302781710869,0.9466666666666667,True,5
-0.78408272532935441,-0.58925815312789087,-0.194907949587489,0.61950638734086849,-0.76214531194689961,-0.18800627521768709,-0.03776394952805924,-0.26815919236466623,0.96263416294372806,12.666350203855831,4.4555768115240264,-2.6419937539223337,,0.2944168013897713,0.2941176470588235,False,3
-0.17458166472582359,-0.95999666598028643,-0.21892383069984472,0.98121124543642857,-0.18816462967961245,0.042644624123414507,-0.082132418512138872,-0.20736555510563581,0.97480961853332071,6.4112298983325573,-1.9928845732026674,-2.1132633177287872,,0.1577083080418909,0.2083333333333333,False,1
-0.113268489285555,0.99354909052416307,0.0055185191469101572,-0.99123579590188438,-0.11338132627199307,0.067795809424773756,0.067984161815267577,0.0022089751946482161,0.99768395505333407,-8.3450264676175525,-5.8699998070766393,-2.0401560655558453,0.2764017629889242,0.2158619786679313,0.7289719626168224,True,5
0.72090863642210867,0.69285602658088363,-0.015532686907446767,-0.68723399626672854,0.71759240823478798,0.11300694677345466,0.089443682321764945,-0.070793093408512517,0.99347278051206589,-9.1006026815876275,-9.2401157247963539,-1.8371031555859156,,0.1017481481783757,0.2916666666666667,False,5
0.73281423402990464,0.67972341950596826,0.030973720769001858,-0.67489110974439115,0.72030100493882954,0.16027617499833019,0.086633067538595301,-0.13835655119734899,0.98658612211485475,12.511225544929067,19.044185615487567,-3.7933285560473373,0.5135156385783466,0.4684748909772559,0.6090909090909091,True,4
-0.99355712480293301,-0.095970203345123392,-0.060282334254939715,0.10564786108346619,-0.97682683688601224,-0.18613935690163994,-0.041021569957977191,-0.19130878393101325,0.98067231019796786,4.7319758853749425,20.732814576908265,-4.0601737681255363,,0.4893797990134055,0.3125,False,3
0.20919810217485768,0.9778678373715447,-0.0032629251807694132,-0.97437583146799289,0.20873068492125421,0.083804774466380252,0.08263106617667812,-0.014352484335528673,0.99647685025589183,-7.4052853093133466,0.11492201973575894,-2.4713057207308289,,0.3058011065367711,0.8493150684931506,False,5
0.70925171402211429,-0.70073643435226818,-0.077009452198825518,0.70464499479509357,0.701455765366367,0.10693568414943402,-0.020915005783322942,-0.1301086423169279,0.99127912503367577,6.3506233160080905,26.309636119660166,-4.4697103374111533,,0.2922223236200542,0.8409090909090909,False,4
-0.46816135742640663,0.88345138790217714,-0.018400777874341308,-0.88259805622503673,-0.46649394274326239,0.058344430168034672,0.042960616388167422,0.043555098410659583,0.99812691519765484,13.9636647591069,8.3431115453589335,-3.0321274256760646,,0.2430058212659233,0.6363636363636364,True,5
-0.88554899245554441,0.43667402790875143,0.15848903845666304,-0.46436143880834385,-0.82247089020578823,-0.32849671065620067,-0.013093361249707759,-0.36449612907964596,0.93111284803569283,-4.577814731748596,28.551854018630625,-4.8686641327030848,,0.4415401201337576,0.2105263157894737,False,1
0.51698191066336785,0.85473323242036836,-0.046484464534756693,-0.8511117217324542,0.51906641881218141,0.078605915751396804,0.091315612994012502,-0.0010743638706128614,0.99582142202595847,6.3948799231526978,8.0758185403037537,-2.9512066138135697,0.4174326270301941,0.3828500886183278,0.9978540772532188,True,5
0.99197399314635282,0.11647995775910501,-0.0491936618043049,-0.11103524390455823,0.98859088021424169,0.10178038204038009,0.060487780024848552,-0.095501261759557823,0.99358982355396408,-3.9504784292548059,2.8893058603638502,-2.5975787534371308,,0.2858947737653881,0.9160530191458026,False,4
-0.85931473578604445,0.50967898167156811,-0.042491416817916655,-0.51138373965364803,-0.8575459592704362,0.055691997241949107,-0.0080533023543478827,0.069586373530890741,0.99754342308493449,1.9416166006362661,-13.694690026650115,-1.2284916651413489,0.3082401012491158,0.3497822823683547,0.6822429906542056,True,5
-0.93263526895813975,-0.35161006237525239,-0.081005056211624793,0.35320175280400384,-0.93552942595851873,-0.0057632440433084547,-0.073756199139847434,-0.033986132498335125,0.99669702813154193,7.8051953684346067,28.203835855047224,-4.6420352926977131,0.3943254606031572,0.3512343834254931,0.9322033898305084,True,5
-0.66834240406278489,0.7438239876648699,0.0066562982135887072,-0.74375485904478922,-0.6683727017597989,0.01032672211169107,0.012130151641360228,0.0019511321426081557,0.99992452340390126,-4.5571313212509912,-18.371434339122391,-0.98529647811337384,0.2058600186796382,0.246477862655828,0.3636363636363636,True,4
0.7141233076883915,-0.69617190038544552,-0.073297929915566648,0.69983068647962998,0.70757119239234711,0.097877566162637195,-0.016276107570297141,-0.12119279190689874,0.99249553929081724,2.3490651472554198,-10.578183552726335,-1.4451345862447613,0.487243506773925,0.4365493371112329,0.9247787610619469,True,5
-0.81346257074347916,-0.5763495251232208,-0.078101670210347099,0.57380905500901236,-0.81720286460540481,0.054061506364349234,-0.09498323214690102,-0.00083843363261633386,0.99547851942669718,-2.6801784541100266,22.027133548645864,-4.2941228980032937,,0.1639334999797332,0.4,False,2
-0.17461211079529382,0.97971776329625315,0.098304196479090875,-0.98286143773878076,-0.17941985632440888,0.042330950409674009,0.059110108861935323,-0.089227907284190666,0.9942556892429707,9.6384967511481605,-13.885677317338285,-1.2574500834575801,0.2627486021233956,0.3833352935775585,0.25,True,3
-0.49269470525739889,0.86937586201849748,0.037914877698851567,-0.86947737612730924,-0.49359480740459205,0.019319899223163219,0.035510840796781309,-0.023447316324426294,0.99909419152704904,-3.7969424144189619,12.954836002292101,-3.5467897682418368,,0.1677676131825317,0.4137931034482759,False,5
-0.18339386129747845,0.97022138325976226,0.15823134678032089,-0.98076403507372856,-0.19152907907257144,0.03766323639187498,0.066847581439411913,-0.14828040779255233,0.98668349612252837,-10.463739704851786,17.8754028282527,-4.1450177262558086,,0.2996179289773702,0.6956521739130435,False,4
0.82166214300543317,-0.56050569881145074,-0.10346344451837805,0.56996285241157607,0.80917213037147362,0.1427683799058882,0.0036972452691781746,-0.17627769294490739,0.98433353358881448,-8.2698454089108662,0.98734911989457297,-2.5905167835251128,0.09911257406244466,0.1521112327863264,0.797979797979798,True,3
-0.41973974413434589,0.90760008624934985,0.0089794562311027379,-0.90625972870844329,-0.41962512525150447,0.051069152910124802,0.050118373031577394,0.013298033607705068,0.99865475064550491,-6.567482032198579,-5.3216759257035493,-2.0159608587890361,0.2059251387815465,0.1680906610336994,0.625,True,3
0.24577823105537311,0.96926592144715351,0.01079975279768311,-0.9659731760263669,0.24398698978968647,0.085826406256467438,0.080553611569093228,-0.031526533817831999,0.99625157130546493,-9.2066380762915667,-0.61555794861389812,-2.5098678499583937,,0.14317887716238,0.4468085106382979,False,7
0.39261064937406365,0.91938835359807081,-0.02412329302363762,-0.91540718904342278,0.39317431337958336,0.086276517929922136,0.088806284944788788,-0.011790443872960854,0.99597913089963042,-4.812515710592236,-17.088929819452026,-1.101791277004285,,0.1045790228098993,0.4166666666666667,False,3
0.041422949652558667,0.99909962664589735,-0.0091692572277803572,-0.99631788046147784,0.041993616137227345,0.074747690776817616,0.075065440216048399,0.0060392250948950871,0.99716032183667602,9.9296937376931655,-4.8749256836596011,-1.937836574522751,0.2816292701714455,0.206454406942282,0.3333333333333333,True,5
-0.11815741805943555,0.99119190861106188,0.059811577988637073,-0.99150418398199924,-0.12106504005694345,0.047567943220229281,0.054390051514224942,-0.053682924472999105,0.99707565706736045,14.341734628893041,-8.1353549808738954,-1.6986145918556355,0.4284646261490831,0.4068875304628967,0.2380952380952381,True,5
0.89041566204185651,0.45474028709567854,-0.019267072499527138,-0.44658904856174908,0.88105879340015558,0.15586412119847531,0.087853118870496988,-0.13017939108937848,0.98759058097995467,-5.1820361383644782,-12.729272860290919,-1.3984869827349349,0.1847358226606329,0.1539102465249581,0.5348837209302325,True,5
0.69865442972892045,0.68933779316645305,0.19156042057940942,-0.71043828089077676,0.63675772847549017,0.29969491866177933,0.084613455579556324,-0.34547503837345062,0.93460556439374376,-6.8410474398239431,8.3062871797622204,-3.1987854926787431,,0.3550668927106678,0.2258064516129032,False,3
-0.54260428871914745,0.83938494157165733,-0.031835604695586758,-0.83944983710436405,-0.54050976034904541,0.056330896964940286,0.0300758515930169,0.057289779456402221,0.99790446653013432,-1.8369614256252427,9.9696108840385413,-3.272297601335127,0.4220430660178738,0.3984311102460769,0.8935643564356436,True,5
0.071102243614589361,0.99724751137875633,-0.021020751695614903,-0.99435670525964459,0.072528127753800201,0.077423597111688225,0.078735085306083016,0.015397133934779657,0.99677666235142071,-5.3117126941932131,-2.4960692822980284,-2.150954587075069,0.247110918886158,0.2215718298598766,0.8461538461538461,True,5
0.93700153734206204,-0.31203589893881839,-0.15704049411555002,0.34926461508680795,0.84520906884104074,0.40451929323225744,0.0065075084999180674,-0.43388388737345912,0.90094529501564025,11.102760386477483,2.3318390257759267,-2.4857257324468627,,0.4911258497693951,0.3214285714285715,False,4
-0.26353976098453885,-0.95968648961359093,-0.097717122518806099,0.96085602478202425,-0.27012699452214711,0.061539470833916261,-0.085454631356636557,-0.077673988461872734,0.99330974901896862,-8.0689064074880683,-4.329386439845786,-2.1445068245949659,0.4870808087091987,0.3934935681514065,0.9527027027027027,True,5
0.70542688109450169,0.70874572202465524,0.0072399544911403158,-0.6999355463159076,0.69497639305594028,0.16461483559633014,0.11163846305254904,-0.1211912315586619,0.98633135353214785,10.01786445956229,12.931092066581137,-3.2473114441286079,0.3647897973041799,0.3749813842257396,0.9066666666666666,True,5
-0.31898313368582898,-0.94309796278602065,-0.093893519546477844,0.9436763685174423,-0.32523324623155436,0.0608132144144366,-0.08789011278693154,-0.06920670584951652,0.99372318073986654,-9.6550612115892083,-10.868961829059801,-1.7116212492520229,0.3535316315409948,0.3341364212651073,0.9186046511627907,True,5
0.3626542641482407,0.93167927365830072,-0.021345157076924887,-0.92789574627710292,0.36311930691890559,0.084580452727516159,0.086552693406710651,-0.010867381389927218,0.99618799997077312,9.5338069733501705,9.3437423730571734,-3.0152096871045146,0.2490330208630936,0.2389524137665537,0.3111111111111111,True,5
0.34681385299089923,0.93788359816083988,-0.009721505772315793,-0.93392353591363797,0.34626984899559693,0.088792008329198674,0.086642832595505814,-0.021715155478163418,0.99600274677451783,0.8213982160713571,17.332951233202774,-3.854453567640395,0.4599462488892374,0.4026410920296401,0.9735099337748344,True,5
0.11498219717093275,0.95364817341435526,0.27809037321922792,-0.99336750373627369,0.11047238282584614,0.03188816635594692,-0.00031121457157506482,-0.27991251128923211,0.96002546277129874,-6.5687274056837026,-15.480275690078589,-1.268521952978656,,0.3519328249530719,0.25,False,3
0.27620411197583677,0.96038980845748401,-0.036914825458588575,-0.95637495041115961,0.27844721639247139,0.088397408951491424,0.095174801043618584,0.010888686526982681,0.99540102157473498,3.6228724288978271,-6.9702211280056945,-1.7164971213635782,0.4181207067885996,0.3746334481064325,0.7045454545454546,True,5
0.65989193119833811,-0.74726065179038714,-0.07838467595860002,0.75083246064030762,0.65191933881849595,0.10607446310624105,-0.028164786314652454,-0.12885144143649296,0.99126386540193701,7.323233908707226,10.492340011440724,-3.1029946781191442,0.2432646163661324,0.24659451812459,0.4767441860465116,True,5
0.95477217928840075,0.29013527298191788,0.06505081881564842,-0.28670733191368963,0.84035506922536773,0.46000246026968317,0.078797154033707267,-0.45784809817114669,0.88553155083105473,4.8122969351608216,19.017155469236805,-3.8635669765454028,,0.2922073367210933,0.3,False,3
-0.70476384484648313,0.70604662743832514,0.069325917809784809,-0.70928816582204157,-0.70327355779772716,-0.048131078601365299,0.014772299144217224,-0.083093097098938362,0.99643229393295973,-11.291031850265611,16.091796109264038,-4.0220429719976973,,0.2164303547544664,0.4411764705882353,False,1
0.85726215936276662,0.51447383796939028,-0.020451409969340639,-0.50805664973539355,0.85167885347546612,0.12853626415282601,0.083546578531596416,-0.099798800532686249,0.99149390750922062,0.065232379768980067,14.950006890060289,-3.6444668143192125,0.2802974699381647,0.2771203671732589,0.8943089430894309,True,5
0.82841043965657413,-0.551767749355769,-0.096376834555150032,0.56011390050169618,0.81694304600136125,0.13739169572719379,0.0029260780538871711,-0.16779871978321856,0.98581693417507044,-3.3529281708263503,-31.590255222414722,-0.075186856920633371,,0.1445141229640243,0.4117647058823529,False,1
0.05703345798510169,-0.99149357899243518,-0.11699430536155601,0.99629549749948121,0.048968121454976352,0.070692324501543724,-0.064361994472844922,-0.12059272738412566,0.99061340984742119,-9.6496697990287323,-1.8446127411500355,-2.4195184564781642,0.2458575815120482,0.2027351226436845,0.3469387755102041,True,5
-0.8511423421040033,0.51234658147790291,0.11427026702348336,-0.52489145731369447,-0.82785989394951565,-0.19783061954359513,-0.0067580704951727896,-0.22836150384380272,0.97355295287178867,6.8448512603797607,31.006818553409595,-4.875606349975854,,0.3525078482046906,0.25,False,1
0.63002383335666445,0.77647655866503718,-0.0124146383867774,-0.77053422336980615,0.62703273809570903,0.11448561469497942,0.096679780815138186,-0.062562762086552509,0.9933473313910085,8.7630426416191067,-9.1183097656056376,-1.5743093021249266,0.3464892952476749,0.3260627281015031,0.9322033898305084,True,5
0.87140587872294695,-0.43044562623870009,-0.23530481801073089,0.49045249032464727,0.77461408907849105,0.39928607255381776,0.010399483710343299,-0.46334606489434454,0.88611640030273975,-4.6653880440547582,6.59753796186952,-2.9941978183422919,,0.08453898297004472,0.25,False,1
-0.3650352126154231,-0.89679178582416452,-0.25002757133788145,0.91848996708979391,-0.39076957917953831,0.060624387363806584,-0.15207062144346989,-0.20751777963864473,0.96633891426747587,21.491984097108308,-16.972586424902232,-1.1437891649921368,,0.4618790763738547,0.2333333333333333,False,2
-0.29324684797505229,0.95603415754802479,-0.0022306398488617929,-0.95447083285398737,-0.29263224408200605,0.057894723028488179,0.054696575612305745,0.019106525716833238,0.99832020178463765,-0.90982024423003161,12.471233424581653,-3.4668244964523409,0.2237516579818438,0.2768289990621251,0.7784810126582279,True,5
0.17626102012642994,0.96853977507225164,0.17567799203936438,-0.96734228913171305,0.13740876153433082,0.21299701385469999,0.18215638457492522,-0.20748382191533438,0.96112929161585658,-14.976478851930032,4.7868714676621105,-3.1872205575398813,,0.2790233340150734,0.5,False,2
0.60053603006301159,-0.7717255721626648,-0.20927522038303037,0.79914071845802737,0.57042417609627205,0.18971128439625778,-0.027029404332060275,-0.28116881156184043,0.95927759835532311,12.352584283463393,5.3279666815648081,-2.727583110476397,,0.296187020668426,0.4516129032258064,False,1
-0.8655779426505873,0.49931816677300789,-0.038160103868055364,-0.50051367747111575,-0.86506994687626104,0.03376456242637571,-0.016151899613300547,0.048325514399199729,0.99870103674569999,-0.944711610664279,17.44393309705363,-3.9157731369852513,,0.09458710657950627,0.4482758620689655,False,5
0.71660192779151033,0.69747873325110654,0.0022569333006691519,-0.69296901440380287,0.71159358883219637,0.11588144549123658,0.07921882454135673,-0.084604852079226717,0.99326048790986299,8.4742251806599178,2.8822713950405126,-2.4834320089280553,0.457306166061683,0.3636815616038618,0.7909967845659164,True,4
0.39418579358210964,0.91861942546904318,0.027493840927889292,-0.91216809357568018,0.38741804013174397,0.13362870665761967,0.11210231576801701,-0.077753542243450463,0.99065001764904048,-5.6631944279464932,11.566274588803253,-3.4552078205941057,,0.2288963934831052,0.4301075268817204,True,5
0.94536940372358391,-0.32103495778432845,-0.05668550417638616,0.32537336802521732,0.93996076568549625,0.10298509771740408,0.020220333410782554,-0.11580291383359551,0.99306637404778098,-9.7309865836109317,-6.0658963005938054,-2.0945195310723599,0.1545218303007906,0.1672527574293444,0.3947368421052632,True,5
0.084788995000285694,0.99557794545642986,0.040439842329014035,-0.99198568610033011,0.08052821447680425,0.097363264351783912,0.093676170389801278,-0.048371078072871061,0.99442697766460919,15.332615758123151,5.5552909952982699,-2.7902921538667771,0.3565336738390602,0.2481352174514466,0.2413793103448276,True,4
-0.16975268497303783,0.98531797486012918,0.018234976336135029,-0.98366932377160954,-0.17053385098478488,0.057557511577587782,0.059822131482834717,-0.008166644710895031,0.99817564511413392,0.23818603506887887,20.528440626478694,-4.104346757707412,,0.137698343908138,0.44,False,3
-0.4344266752074894,-0.89103388300141539,-0.13165136995712512,0.89451828567160441,-0.44391317531419289,0.052707963170720011,-0.10540635876123311,-0.094866812563150965,0.98989382633028233,-7.2072988846885657,15.246948501310442,-3.8367028506677059,,0.3327767553032802,0.848,True,5
0.20256450641659338,-0.97647608365586014,-0.073905877900985587,0.97717357853436126,0.19662018829148073,0.080450599566272873,-0.064026698763500992,-0.088515307175290728,0.99401490041201657,3.9092146259075657,-0.0020736075123901909,-2.2603236507270266,,0.4911033365827698,0.9973509933774835,False,5
-0.24587824627141935,0.96920937527678053,-0.013306948789484664,-0.96723599363490231,-0.24443579137553045,0.068597933727793298,0.063233065935441118,0.029737699477478809,0.99755563684548088,1.6658832375153589,23.547808049916068,-4.3351833312495867,,0.3258197228779308,0.9420289855072463,True,5
0.26572740432836223,0.9638676091524373,-0.01865954489463436,-0.96025195394425455,0.26634743367400782,0.083517839540488567,0.085470062215678419,-0.0042751142714234983,0.99633156723191996,0.58742270326949719,31.470061418656101,-5.0245938286322058,,0.5415483500478753,0.9666666666666667,False,1
-0.36929557844020872,0.92930869061578458,0.002476548098899696,-0.92766043838707923,-0.36879677379032577,0.058609305518302873,0.055379479918125328,0.019346761688248598,0.99827792523734316,3.6156884440630481,22.183290672006773,-4.1774846910535475,0.3287948964160665,0.3377883354998731,0.8,True,5
-0.13615759162649849,-0.90885474272854261,-0.39426408264297574,0.98740876629735275,-0.15684709326527316,0.020564959843760749,-0.080529736629474186,-0.3864997360336358,0.91876706273370412,-3.6816647550953552,-26.23097381207279,-0.43198114659937087,,0.2269175563455065,0.1818181818181818,False,1
-0.17471640793508203,-0.97380317308131592,-0.1455388501226485,0.98118680807491354,-0.18452556879975207,0.056769376594173568,-0.082137838162597968,-0.13288225824348676,0.98772247164174942,-4.1703207059610277,-24.318256809451384,-0.59278935471314576,,0.1465126296690067,0.4545454545454545,False,1
0.15640331800114954,0.98757788505971045,-0.015097120891750686,-0.98364997595952497,0.15712650889700663,0.087999914753732728,0.089278927598043067,0.0010868039509264946,0.99600607023457188,-4.6643934712823958,27.1897976866241,-4.7712264411438108,,0.3782535559223412,0.975,False,4
-0.85788916568010398,0.51227585667364883,0.039995325701571008,-0.5137743763733964,-0.85399243551774773,-0.08205370351540342,-0.0078784256563886809,-0.090941556769967458,0.9958250667970916,-10.169112762225478,15.833708561049907,-3.9781042835675327,,0.2791519607219933,0.4358974358974359,True,3
-0.71512521680168606,0.69893539372408087,0.0092325345439905546,-0.6988778206707722,-0.71518481109826848,0.008970939126234645,0.012873075344071706,-3.7068833808495683e-05,0.99991713784547565,-3.0568730543281721,16.159574421033849,-3.8430187537284635,,0.2735568798907385,0.9090909090909091,False,2
0.65928796996702843,0.74427463867586252,0.10674565509034917,-0.74814562523717831,0.63520779944121464,0.19180504416599675,0.07494995727300352,-0.20631605306655784,0.97561067550115055,12.013858312582684,0.08912929124923813,-2.3034559980572467,0.470399967158766,0.3730358840853829,0.2692307692307692,True,4
-0.95765025315812236,0.27946616958381587,0.069315602026767717,-0.28632238956965494,-0.89884941748153091,-0.33179694682777711,-0.030421733305422083,-0.33759203893347622,0.94080079368133573,-12.260694571488816,-4.9121740848900881,-2.2784571784443659,,0.08577549822155309,0.3333333333333333,False,2
0.78234596479517293,0.62283389244730347,0.0035684433094213056,-0.61646657010584993,0.77350472865977493,0.14717133784436168,0.088903089432489119,-0.11733872830361949,0.98910457663962426,-5.0320223553900956,-14.913359883299714,-1.2740976670826853,0.2374264681026803,0.135358604778346,0.2727272727272727,True,4
0.081417634888306889,-0.98780240194429259,-0.13273124516209622,0.99426368810950105,0.071229046970531021,0.079788102963805882,-0.069360559658117965,-0.13846601597776992,0.98793535982024483,9.9386096545498184,1.2216011527797557,-2.3786834433521342,,0.09185741332288712,0.1363636363636364,False,1
0.53452146047712012,-0.80403834889116599,-0.26040188517323581,0.84447337513018239,0.49573596743174103,0.20275741488477067,-0.033934156621988842,-0.32828064838927756,0.94397049154487378,11.088303680527329,25.325687965476643,-4.3743182962835432,,0.2509569651205275,0.1428571428571428,False,1
0.95486608018111363,0.29513367766011767,-0.033569051675181323,-0.28698014003726902,0.94578561109691883,0.15209200197978717,0.076636597939539808,-0.13559384260667551,0.9877961033044278,-13.933233860775603,-1.5651333490017685,-2.6388664800825858,,0.3848715452955946,0.6551724137931034,True,4
-0.35560337141389831,-0.88401302653719305,-0.30342579183652463,0.93047683047967844,-0.36544184939938201,-0.025789971850551402,-0.08808581145429642,-0.2915016700125615,0.95250599273722503,-13.579548812526097,-6.5344807372023466,-2.2282828431508261,,0.6540630904217065,0.3888888888888889,False,1
0.48669606536077986,0.85562294379555626,0.17617127465328203,-0.86843211006823773,0.45204892117898077,0.2036601165259129,0.094618233785905489,-0.25211336916464044,0.96306086979156713,13.433435158239256,-5.1750776395618212,-1.951206050066187,,0.2807279479927784,0.2972972972972973,False,4
0.7906126031899432,0.61219226584406539,-0.012342662513828144,-0.60593855440604272,0.78512015270106261,0.12815933093994689,0.088148624274779958,-0.093845487176362152,0.99167678432798578,-7.5851360516610109,-9.9415626406682733,-1.7010386645445734,,0.1196467381480784,0.5238095238095238,False,4
-0.90909261928156404,0.40135773071379821,0.11163593312215817,-0.41423964094355969,-0.84244432578597417,-0.34451861752591234,-0.044228152106270548,-0.35944336125081705,0.93211820098846832,-9.8100794843416654,4.1615228124943267,-2.9479968172165081,,0.6872737094773409,0.4418604651162791,False,2
0.92433291674620255,0.38021579760177598,-0.0323203693280983,-0.37296154502271761,0.91809964580244718,0.13413696847509982,0.080674314088975602,-0.11193296043376995,0.99043559478383381,-7.2707576045108429,-24.410465433156354,-0.68590755454210894,,0.1179972081071751,0.3333333333333333,False,3
-0.56879387030745321,0.75273714942144321,0.33145183206847534,-0.82191729004394032,-0.53511214703812149,-0.19521003667608436,0.030422054951869542,-0.38346026387767007,0.92305618713021675,13.859073234738055,29.548546900700796,-4.6711485381386062,,0.6971777620262581,0.4074074074074074,False,1
-0.61240918706991554,0.79053412946804003,-0.0032829466295587403,-0.79004281355478168,-0.61187062114690094,0.038035453563084756,0.028059585577995053,0.025886929588371056,0.99927099754454851,-5.4990277219838379,-10.09350030985528,-1.5955318026934804,0.3153953945570837,0.2542466531023543,0.1666666666666667,True,4
0.12447908214796301,-0.98818272386920192,-0.089441949632397155,0.98890226593685149,0.11618955627235338,0.092586691474494498,-0.081100348535381006,-0.099974453035149055,0.99167930411386584,-1.7686221123998795,19.45030282313191,-4.070921334499662,,0.3075075355476977,0.6666666666666666,True,4
-0.97809694008357362,0.20079443728165752,-0.05484496108022676,-0.20310434095110569,-0.97832495776778039,0.040359679080572107,-0.045552195182736663,0.050614928286151099,0.99767886945079698,-5.116113211480477,-0.93560466829388922,-2.2902961628270089,,0.2559521268509412,0.4668989547038327,False,4
-0.99767453998241828,-0.020021557357356324,-0.065150974757520783,0.026612695947584673,-0.99443582701783462,-0.10192718164334559,-0.062747722550467358,-0.10342399713963994,0.99265613388040286,5.8988606015432916,29.462569358295337,-4.7744794363004432,,0.3287850342993037,0.1764705882352941,False,3
0.92509453178934553,0.37965695128400612,0.0077914437163237107,-0.37741349756256476,0.91697461233770772,0.12929273833322011,0.041942330777424104,-0.12254860125617228,0.9915758575213055,6.1853684903768142,-9.6965755168388696,-1.4870141463736348,0.2881699193827327,0.2474175315161085,0.7719298245614035,True,4
-0.6549685827780386,-0.75040374612120819,-0.08894027985668318,0.75034090482980775,-0.65977660097895141,0.041028811094732651,-0.089468889078345909,-0.039862947807695052,0.99519157114555978,-0.68802632210827386,24.987670599267215,-4.4768902799357848,,0.1091177988169943,0.375,False,3
0.63880477184894824,0.76912227998748162,-0.019477728046931021,-0.76451907911913974,0.63741264535196784,0.095998422946569559,0.086249876091708699,-0.046433155958469481,0.99519089671374139,8.4504041090378443,-2.2426443248057781,-2.0793922138668077,0.3358520516258891,0.3286150338186167,0.7571428571428571,True,3
0.70785289869004553,0.70028055005041068,0.092473915442109977,-0.70051622806530767,0.67915017766348429,0.21916215548495477,0.090671318691490685,-0.21991404548312071,0.97129631141376904,-4.7181617543782508,-19.614527546210883,-0.92678538559736523,,0.2638045982654044,0.1739130434782609,False,2
-0.5555244788650594,-0.79568729596007615,-0.24140066368890936,0.83135358735964882,-0.52605289691585033,-0.17921931377695904,0.015613012712049269,-0.30025002363727382,0.95373274932754049,10.727662914193383,-3.6450044431692579,-2.0280188577965084,,0.6695229826871103,0.3611111111111111,False,2
0.58303219420768404,0.81027764069951769,0.059359965463245006,-0.80832916432507895,0.57117669588637332,0.14269248115386418,0.081715498033687925,-0.13117670166134643,0.98798545046086428,12.046353389007793,8.1108460989126421,-2.9796288907350594,0.5718138057744387,0.2331293751110441,0.3142857142857143,True,3
0.99560254074356114,0.088739810179697121,-0.030013779406101771,-0.072892879444967973,0.93510417065770957,0.3467950664942907,0.058840538671805005,-0.34308225851511104,0.93746058845211377,-0.62572383513379459,28.41522445070861,-4.8026385404343488,,0.1810872918398871,0.1875,False,1
0.23332033748859976,-0.82251616500919222,-0.51867984191867078,0.97058082266915802,0.16437596289380019,0.17593581070832826,-0.059451549862611669,-0.54447011040212989,0.8366706712306976,7.5004399221608082,22.405398808231972,-4.167705180911736,,0.44452703616255,0.4347826086956522,False,1
-0.97113466529177173,-0.16454647387377197,-0.17269024235418517,0.2050930934209734,-0.94566979933793438,-0.25228050588812317,-0.12179607916371954,-0.28041592065333876,0.95212006939486671,-12.759698294539929,4.1422409517983034,-3.0606329540775299,,0.6241715363152185,0.2884615384615384,False,3
0.45382285262351146,0.8069867312074448,0.37791167498740164,-0.88652532372743031,0.3660022302279704,0.28304631751380993,0.090098106676196957,-0.46348115724727873,0.88151434931604467,8.4048330742814308,4.7930150028851291,-2.6533021692296761,,0.2689502422004407,0.1724137931034483,False,1
0.82648061458209521,-0.46450987584471237,-0.31805717876308404,0.56213397914368823,0.71162256519751499,0.42142462456979468,0.030580765394050587,-0.52709003020778022,0.84925903989505802,-4.3149119408652918,9.8618526877274597,-3.2879459966294378,,0.6780184268656629,0.3009708737864077,False,3
0.043920091212254736,-0.84645081696523505,-0.53065246635325503,0.99647053125555329,-0.00091793613804044133,0.083938297174298807,-0.071536745293461837,-0.53246612272719429,0.84342297942413558,13.299599982941755,5.3329841876229152,-2.7446392551543033,,0.4231038382441911,0.1951219512195122,False,1
0.92586988838556727,-0.37274190805941909,-0.061874225305217731,0.37766118565254053,0.91800548313747921,0.12098744472481783,0.011703787097111562,-0.135386125233523,0.99072378514994719,-7.6586343691439973,-14.690657185704843,-1.3657222797011415,,0.2143490319439114,1.0,False,2
-0.025954305096370332,-0.98316779833155321,-0.1808520234082302,0.99682210942189353,-0.039083191167346612,0.069413156792233061,-0.07531305474252796,-0.1784757252179219,0.98105777571623465,21.379082056243725,4.1665597299337396,-2.8762030120744875,,0.2445206590894861,0.25,False,1
-0.97480570713562931,-0.18414313294083104,-0.125877479822809,0.21241518231013659,-0.93857891413177064,-0.27193641218376485,-0.068070725425528278,-0.29182345440002327,0.95404687924759779,-11.438156789448266,-6.5617655931205467,-2.1329281896998951,,0.2531655929043808,0.1923076923076923,False,1
0.9809503880779934,0.19355117294541102,0.016561388259731226,-0.18263338070759619,0.88983970687458547,0.41812718677534677,0.066192026566257875,-0.4131866884603218,0.90823751084077364,3.6761994660899613,-4.482069746229052,-1.9871358417360327,,0.3150337558689716,0.2195121951219512,False,1
-0.95168523271168581,0.30520635887408032,0.033827449524495928,-0.30528499837027911,-0.92850056759584199,-0.21139481011666231,-0.03311023419676995,-0.2115083319328746,0.97681520151685264,6.1859227028187753,5.6626605652584328,-2.7427021693336666,,0.3385905906615285,0.1640625,False,2
-0.99638177831721897,-0.040691501951407881,-0.074616040543276044,0.047958577812530843,-0.99399645252454027,-0.098341380826332411,-0.070166421111644756,-0.10156403909636952,0.99235145957005322,-9.4204490673651975,-20.590631762810567,-1.0261980242690387,,0.2353440004693995,0.2777777777777778,False,2
0.92564883153042532,0.37619453713023443,-0.040643707012594517,-0.37022917235552655,0.92263990361314685,0.10800911164185883,0.078131943680538121,-0.084931021977192572,0.99331874082925142,18.452289631123374,10.388572364825952,-3.2323847692058285,0.5200784146104841,0.3743957063844143,0.9629629629629629,True,2
-0.65207244100326089,-0.63643872178414906,-0.41200398674989569,0.75235339957441927,-0.61030493968425636,-0.24797629472554833,-0.093626352235170796,-0.47167110788213001,0.87678986773136292,13.901768931020451,6.4666372378373369,-2.8747538919243305,,0.4496644390777638,0.2307692307692308,False,2
-0.9950789547249187,-0.080932868052150095,-0.057164190997651479,0.07938579493851039,-0.99642672924851405,0.02883866850409042,-0.059293924018768471,0.024158727366343336,0.99794818826755471,-4.395400393495601,1.5855839013275559,-2.4880689101957461,0.2273472694761586,0.1146432652115101,0.2666666666666667,True,1
0.12917823575187198,0.98871941594262536,0.075808310534584311,-0.98837072753788635,0.12219292854409632,0.09051073505417756,0.080226481627102983,-0.086618732107388879,0.9930059953967274,0.91989255363213951,-6.2922821617135734,-1.7707662832453304,,0.5360897511543532,0.4367816091954023,False,1
-0.5912668384499008,-0.77812291935964562,-0.21196284607610139,0.80130780470588692,-0.59653104923410394,-0.045348753203266187,-0.091155514736577986,-0.19666069680259271,0.97622499582126443,12.081064507100091,-4.8725772592278709,-1.9350724648571258,,0.9074433255748278,0.5333333333333333,False,1
-0.98430872843524397,0.15924283555257271,-0.076013462303532092,-0.13949244337179131,-0.96604405604094601,-0.21748733303373444,-0.10806565304647821,-0.2034713766433382,0.97309876863476918,2.4243261706148713,-19.605526291324924,-0.79079289535950636,,0.3150135826586518,0.2777777777777778,False,2
-0.64419880534887852,-0.72970797638259999,-0.22920333416137045,0.75943835883206667,-0.6458496763932734,-0.07830437176276725,-0.090891574535460637,-0.22450938667751802,0.97022381797817658,7.135372707556316,-6.0154012727569857,-1.8516863430781909,,0.1074428045145945,0.375,False,1
-0.56762122114197688,-0.81187818159895708,-0.13660149176660588,0.81822944174526147,-0.57468098184050653,0.015567587226966523,-0.091141263819023668,-0.10293486947775488,0.990503751974251,-11.128227379916817,-22.169484874135854,-0.98496714758828796,,0.2549113916093704,0.2941176470588235,False,1
-0.95620489677323239,0.28854219025311256,0.049148752078042722,-0.29118458985419554,-0.92069944253669611,-0.25985394194443423,-0.029727596914923979,-0.26278497094878567,0.96439635473445784,3.0144120731925308,-15.791937381904676,-1.053764877999803,,0.5306814050480605,0.2083333333333333,False,1
0.88756785983985442,-0.45527164260084529,-0.070363524803896196,0.46047945144484637,0.88124997863391363,0.10656992988071085,0.013489587701392282,-0.12698900189092985,0.99181239376325181,-11.656566777160196,-23.748817262070798,-0.88150354994535529,,0.1358846498919033,0.5882352941176471,False,1
0.73080010407836238,-0.56820296512379509,-0.37825467386878614,0.68249653324927329,0.59900289119404049,0.41880069059625985,-0.011388150937626157,-0.56421709187661795,0.82554792910679264,-15.022136056287918,-6.2260513323000648,-2.3021708772447411,,0.4707439891907958,0.1052631578947368,False,1
0.19398340301605549,-0.86256909834753914,-0.46727399877397846,0.97903161728097032,0.14002512948615697,0.14795288262346412,-0.062189482378600058,-0.48617642239036896,0.87164497049726808,12.520801012460865,-4.2008647464472313,-1.9888504994366261,,0.5086946971799565,0.1666666666666667,False,1
0.062136363189581247,0.99660289682070302,0.054053107386669914,-0.99508323592869907,0.057674582867204685,0.080517054496313314,0.077126039333293886,-0.058790377951467181,0.99528652433210529,5.8250937526739914,-12.600205685058222,-1.2793528894860979,,0.1481560896505793,0.4117647058823529,False,1
0.42662231132938361,-0.85399828787128729,-0.29779242399511013,0.9033544899551601,0.38630294973484414,0.18633490414844467,-0.044091597315431746,-0.34850675077976223,0.93626864505178498,-11.865503864800779,-8.1020717446373176,-2.0230724796679036,,0.3570819419931366,0.2727272727272727,False,1
0.76426830062940565,-0.63848440235561132,-0.090728345083762305,0.64486255100706369,0.75514130692560066,0.11795718241530871,-0.0068011000362410493,-0.14865824741094488,0.98886524386035723,-5.9147667384188098,-29.961219755889108,-0.23710034256794021,,0.1022946365876901,0.5454545454545454,False,1
0.39049557973924814,-0.83996827024994669,-0.37678443064625178,0.9193929968197736,0.33482989888265308,0.20641089170144872,-0.047219906849372412,-0.427015507666342,0.90301054069683606,14.231532410957112,3.2665696465491418,-2.600053829893,,0.5518981808865321,0.2105263157894737,False,1
0.5550712543887184,-0.78511529358229215,-0.27475421440721381,0.83119294329107296,0.5108857209306582,0.21934919916034507,-0.031846405989648954,-0.35012819928185224,0.93616026966176547,9.7444550636046525,10.835918683553103,-3.1034107480937667,,0.3022518397634941,0.2280701754385965,False,1
