axis_00,axis_01,axis_02,axis_10,axis_11,axis_12,axis_20,axis_21,axis_22,location_x,location_y,location_z,dbh,dbh_approximation,score,reconstructed,number_clusters
-0.74100515666899724,0.66853603583146348,0.06301528849976086,-0.67071453228987643,-0.7414086330907782,-0.021336704376199125,0.032455723149056676,-0.058075877722314248,0.99778445491080681,-8.0262762549951852,-36.115931819617451,1.5935334241035131,1.064189993025811,0.4685908576464228,0.4444444444444444,True,5
0.075677894113114874,0.99705896142205652,0.012094783610044004,-0.99072456778988149,0.073813146516104253,0.11408965851006607,0.11286136238835481,-0.020616664360699199,0.99339683210209717,-3.2118079515940119,20.520606349606545,-5.0108155697068542,,0.1423496246768836,0.5945945945945946,False,5
0.6828069482494673,0.73047243927806504,-0.013589955018407837,-0.72163155906175247,0.6772149846696256,0.14362366624279646,0.11411645099788623,-0.088260296816131206,0.9895390621989486,4.7701772643027622,18.051203630330761,-4.8466936121455424,0.402917714652736,0.3884104517155539,0.9727272727272728,True,5
-0.10390496323712607,0.99393843301951967,0.035918657845110336,-0.98927342116876704,-0.10701055515809073,0.099432586478482604,0.10267354471203961,-0.025201834287603586,0.99439580186402921,15.072561341292776,-3.6699349777075034,-2.8399651542895068,0.3311772740738001,0.2412556988545951,0.4166666666666667,True,5
-0.36658757412214155,-0.86939447605509279,-0.33131072349704299,0.92247719088302405,-0.3859713734074991,-0.0078696385236723121,-0.12103463471175478,-0.30851149721658572,0.94348888349856708,-0.95943650146557846,28.774734058919346,-5.931786644890054,,0.4835940523775579,0.1785714285714286,False,4
0.80014738248506889,-0.58822511460336591,-0.11728333578198256,0.59907905546562279,0.77414694938865392,0.2044524053530728,-0.029469502959998055,-0.2338540470081652,0.97182500126987525,-9.5314202429042538,13.893425719692486,-4.3280232830011451,,0.1812747603091835,0.3333333333333333,False,5
-0.39896086617697513,0.91687747048253321,0.012881435512750504,-0.91312046404981884,-0.39853319630996514,0.085920367622619481,0.083912128996713894,0.022516561915933833,0.99621873052393717,-10.227671329838618,9.6160121636824645,-3.8616283155176196,,0.1179465846443194,0.6585365853658537,False,5
0.95323294709527895,0.30104059974571862,-0.026860861430491857,-0.29347318626580959,0.94317727506614701,0.15585286889175864,0.072252595213206525,-0.14068114693709433,0.98741499754734408,-11.863362755369186,9.6190902406888323,-3.8919115094702104,,0.1292851128284843,0.4444444444444444,False,2
0.99246543271662813,-0.11615882984626652,-0.038980650473551717,0.12252483087891784,0.94135297095154036,0.31439187314369188,0.0001751590353543768,-0.31679916402896774,0.94849262463651141,-4.8026145392411008,19.818163053167122,-4.9796918297071322,0.8675433822264973,0.3519501114132539,0.3,True,2
0.77964317815683359,0.62589525298930149,-0.020289086696324371,-0.61794724142335833,0.77418495233530815,0.13703600400930671,0.10147769001496874,-0.094301600532735438,0.99035826172460983,-7.068706254897811,5.9032523040850924,-3.4074625865656105,,0.1473149835476918,0.6513761467889908,False,5
-0.099291708343464805,0.97971053722029922,0.17409313574564078,-0.98943274194769915,-0.11578534613156014,0.087273150413248748,0.10565985905770957,-0.1635879484580347,0.98085420797547551,5.7566315663693333,-11.072733061412213,-1.5568143569380708,,0.2717885286972769,0.25,False,1
-0.97434860407819102,-0.22062867283365528,-0.044359739117148279,0.21543157282911424,-0.9714250625799693,0.099612174054567529,-0.065069464107641153,0.087500494370965215,0.99403703569111657,4.9384716916097586,13.333263274388393,-4.3510399490115681,0.4185263925343643,0.375661513549614,0.9354838709677419,True,5
0.57533995562810791,0.81791397309425873,-0.0008173585573132032,-0.81006440225499987,0.56995593322492566,0.13764410042189895,0.1130468914083733,-0.078530037558048243,0.99048141504221832,-8.9584995296778178,18.234143582949578,-4.8681731345101644,,0.2420120587388608,0.9193548387096774,False,4
0.85613144097405025,-0.50854938108980285,-0.091741390707108919,0.51636472575421233,0.83496435094246535,0.19026823868424272,-0.020160004277598186,-0.21026663940912177,0.97743619463324627,23.757999914703934,2.8342853715376184,-3.7867627621468225,,0.3116223433913608,0.7575757575757576,False,4
0.25091248757595963,0.9662923064563117,0.0576376791845759,-0.96212189978181273,0.24238663633945098,0.12478048118307958,0.10660381577916468,-0.08676345433065058,0.99050882351139813,-10.86240902716672,8.1574320729041201,-3.7100361712679444,0.1378549694786418,0.1365991794083922,0.25,True,4
0.72399996157068791,-0.62823657551241507,-0.28485585975028677,0.6897954317613153,0.65787510210057631,0.30229557118385914,-0.0025135566159499006,-0.41535425268629317,0.90965626849296666,-13.241491123915957,-0.001926848154418348,-2.6980142544210008,,0.3206715757460931,0.1578947368421053,False,5
-0.81496081515147334,0.57725941746323328,0.051092413503930498,-0.57862367379356439,-0.81542811879596111,-0.01648111654349517,0.03214831089321369,-0.042994744177517426,0.99855792925589693,7.0555964033982139,-7.7724865668573138,-2.0572253008372936,0.9202095231596806,0.5107014178521802,0.35,True,2
0.4291545287400032,-0.80311968840496806,-0.41331000055437089,0.89952351258425234,0.33860380382292088,0.27605237608964384,-0.081754759922802234,-0.49025119085317592,0.86773839899880478,4.8464763604329244,7.7607864426621598,-3.7725401784962633,,0.4217934348998637,0.2575757575757576,False,1
0.84706610578563235,0.53124282684474233,-0.016126727974755856,-0.52313872506110426,0.83873315264171067,0.15117067507006557,0.093834358156311887,-0.11961503912846455,0.98837612053493551,-12.672294779248087,3.4447921589263411,-3.1164995437276883,,0.08726132077691848,0.2173913043478261,False,1
0.8346676046726843,0.55074128605469752,-0.0037450693962364553,-0.54279096833927221,0.82373271744582099,0.16383642726402339,0.09331642084478016,-0.13471616845851184,0.98648041012306931,-9.4000378063630983,11.197002310773716,-4.0321497879116315,0.1756260271565439,0.1891943851912715,0.6486486486486487,True,5
0.068837828477288185,0.99628574446132767,0.051730733163845084,-0.9877835857555447,0.060800307232777948,0.14348139374956373,0.1398032227183944,-0.060975716670960918,0.98830006622179944,-7.8065903830997039,13.994306946308653,-4.3546885032727758,,0.2092493420899873,0.7307692307692307,False,3
0.98965208190956488,0.1399369397937526,-0.031723960238655431,-0.13247716574348659,0.97603456131022692,0.17264511485856038,0.055123110658206999,-0.16665589701271408,0.9844730847830484,-10.233250812352384,12.508782328954974,-4.2082737132944166,0.2364133082851397,0.1824411779851285,0.86,True,3
-0.98932843604126741,-0.14451497368351915,-0.018565236906430475,0.14509577484314518,-0.96556076590537432,-0.215962088031428,0.013283891101911924,-0.21635117223042416,0.97622523451901932,-4.3221860706505346,-3.3880513204181728,-2.1731145237664835,,0.3908713878118759,0.1875,False,2
-0.048570001821550697,0.98531452246517959,0.16369559170078637,-0.99327559077488381,-0.064891275463956649,0.095878689704577816,0.10509308109414428,-0.15793800742024353,0.98184063376816066,9.7567959112950451,0.44504569266635441,-3.1710040455654314,,0.2620349569574981,0.5333333333333333,False,4
0.96664053747901302,0.2543709923141092,-0.030024482866808491,-0.24658711640684919,0.955894685849496,0.15956235015456302,0.069288276962549078,-0.14683578526308821,0.98673116239517489,-16.527832963561124,5.5825505677192488,-3.4714750131148189,,0.1969085701383604,0.7714285714285715,False,2
-0.22618236006885017,0.9679973539345117,0.10873206872615071,-0.9691895884652435,-0.23481619376788532,0.074383444091640646,0.097535027576026681,-0.088557766006975985,0.9912842379840392,-2.8376912127412699,22.627477559633498,-5.2716933375976858,,0.2574065031755098,0.5714285714285714,False,5
0.52426115518275651,0.85149890702809594,0.0099926220983613135,-0.84391935929976436,0.51795477276597268,0.13972461618492785,0.11379963165809324,-0.081685155927551267,0.99013997956631106,-7.8308077130115601,8.4968975908642701,-3.6891625039311995,0.2312186545820952,0.2027117312912126,0.7653061224489796,True,5
-0.85027816466999351,-0.52035794661195311,-0.079086345744499659,0.51775449154769604,-0.85394168351013344,0.052094986765186715,-0.094643167569631995,0.0033479190059018497,0.99550563146107618,-6.2450523749859794,-4.0522420683298943,-2.0864242897759802,0.64314416664279,0.6170831227789487,0.9874213836477987,True,5
0.66207079791347123,0.74929974450521342,-0.014565419137119742,-0.74019591092285864,0.65682307864400702,0.14385220475782257,0.11735532371093153,-0.084459080299450151,0.98949198670412286,-12.551818603419377,7.904749337576999,-3.7039632971421228,0.3952285650971804,0.2517256393079829,0.7758620689655172,True,5
-0.032881252477677841,0.99928561519864167,-0.018630150095329111,-0.99350941800689763,-0.030648925685705885,0.10954304946417501,0.10889379948875794,0.022111142245197845,0.99380744504230689,-8.8679026501650142,5.094449570914974,-3.314704814530026,,0.1013761203719304,0.7083333333333334,False,5
-0.84078266381288935,0.54118415446890555,-0.014290667705807669,-0.5409014005324132,-0.83865647355733786,0.063882660107761752,0.022587322412711122,0.06144127531347203,0.99785509095964353,8.1880451145424296,-5.0201411283205886,-2.49509107826667,0.317528048829745,0.2325345542522167,0.3269230769230769,True,3
-0.7370085093787504,0.67548510000009965,-0.02320208570726905,-0.67481955514487324,-0.73348930001271173,0.081314296165787753,0.037908113872725142,0.075586549363742012,0.99641841033668943,-11.493554100014137,6.507203391084003,-3.530464214094835,,0.09530990812481258,0.4883720930232558,False,4
-0.37184231333087897,0.92829439283546722,0.0016775717484580656,-0.92445976298349852,-0.3704692064534727,0.09014828725065599,0.08430563825292503,0.031970100093133148,0.99592694112510161,2.4356848926166519,-18.710149790265778,-0.39075181839347017,0.2513565606469451,0.309716113624813,0.8533333333333334,True,5
-0.36528655180372588,0.93055731323659974,0.025076320567928457,-0.92779299618318978,-0.36613447931140553,0.071733529766671994,0.075933466302836289,0.002937659144209041,0.99710855921207953,10.50953139232154,-3.0377272728491951,-2.8659463512064449,0.3811080296867239,0.2980624505833334,0.8028169014084507,True,6
0.068821557168346079,-0.89607644605577585,-0.43853232046563484,0.98869531467160254,0.0025670572754298224,0.14991659335565602,-0.13321099059516281,-0.44389234397654886,0.88612325268196213,7.7783314615787909,8.6074308742628496,-3.9670473226480332,,0.3527549555765482,0.1833333333333333,False,4
0.4694196054266635,0.88277764090728184,-0.018678082215528285,-0.8757182633137458,0.46816388420168914,0.11806820413618638,0.11297237423296219,-0.03906679207922957,0.99282980838450152,-5.7446372880630863,18.514805282570272,-4.8524889206752526,0.2039287079469112,0.2551260553281153,0.9210526315789473,True,5
0.26808537170911395,0.95525613927203679,0.12496376218196062,-0.95859804015261807,0.25156859273846582,0.13342803514684515,0.096020991929608779,-0.15556012191648405,0.9831485226445611,15.963561858449408,0.27417041549776161,-3.2910289327188349,0.1925088384727618,0.2303584883170138,0.4883720930232558,True,5
-0.95075052415161343,0.30833485725716775,0.03167106922152195,-0.30995500423885591,-0.94614881770824888,-0.093436128433135812,0.0011559293764057833,-0.098651054477307265,0.99512141634967965,-3.5910376083767419,14.542328242156353,-4.383632812487142,,0.4032488985503472,0.125,False,2
-0.95422911945708133,-0.28476604873704037,-0.091406154425501762,0.29055184532920303,-0.9551230723200127,-0.057615465786336112,-0.070897198505723624,-0.081536582027180698,0.99414554922071996,3.7584041526010052,-9.1906509347835712,-1.694801512429593,,0.313939578344259,0.2068965517241379,False,5
0.86544812100430302,0.50099657029396749,0.0014093983835712885,-0.490417482279701,0.84659142366458595,0.20681792584785508,0.1024218869410293,-0.17968137892183356,0.97837843350320652,-5.7644559449294404,21.196238563755589,-5.1279307817779847,0.2124945857170752,0.1972297031409213,0.696969696969697,True,4
0.74170419248108621,0.67064180735199963,0.010698461927887266,-0.6637867047854954,0.73164725960785315,0.15517570060525432,0.096239811959462934,-0.12219596449949237,0.98782895526201575,-11.371037651594957,10.941991707874591,-4.0334649594104448,0.2158382371392189,0.2124667102422238,0.9024390243902439,True,5
0.93910949198609517,-0.34017371604174612,-0.048530454108404814,0.34361682916649283,0.93006880984602358,0.12999801408162512,0.00091475416569749245,-0.13875824972213624,0.99032586119865917,9.8437695242269427,11.311697794416187,-4.3266252371697647,0.4139539314113075,0.3089330381781706,0.8709677419354839,True,5
-0.530097218719357,0.84793617269886545,-0.0010889145068161098,-0.84513075030652673,-0.52823811519408681,0.081966508663759999,0.068927161499148959,0.044370493404960423,0.99663448953097711,-7.2751219530659936,11.632981368461106,-4.0354358011233025,0.2266661118188465,0.1635763793477474,0.4754098360655737,True,5
-0.16172187631425022,0.91149387739764687,0.37818639080220989,-0.974385069667696,-0.20817579540494865,0.085068056379559734,0.15626826526866336,-0.35474180705707692,0.9218126054658845,10.917024682815988,9.1452646148173464,-4.1430720527702301,,0.4647415697421253,0.2692307692307692,False,2
-0.85627077529525175,0.51636661817570906,0.012879247223741954,-0.51604244241108321,-0.85628119869925778,0.021970579977917237,0.022373131333645914,0.012166527357621547,0.99967565670390512,-6.4197410869368685,17.13333551684336,-4.707880048842525,,0.1659969989731328,0.1851851851851852,False,3
-0.012665960162692837,0.99980557773004208,-0.015112253076719271,-0.99394638160842586,-0.010939336539315121,0.10932026986610456,0.10913369754881121,0.016405415446654838,0.99389169349751005,-7.6800438472531658,3.2952392523944938,-3.0403745130830999,0.1795765217019358,0.1743216824832405,0.7446808510638298,True,5
-0.96865490215227779,-0.20301061257836375,-0.14315855446643277,0.23339871228573841,-0.94108523373636865,-0.24471130735363028,-0.085045409280690848,-0.27045382974533994,0.95896924055798505,-1.046859709550054,-32.42292541770717,1.2559697265781731,,0.5866925073970732,0.3043478260869565,False,2
0.69342579641493496,0.72052784808442694,-0.00053385497850379736,-0.71214719806405735,0.68547267935139555,0.151570360401797,0.10957660861618791,-0.10472261454740078,0.98844632674037058,-4.3110451856946286,11.065182284756805,-3.9814208987347564,,0.0893004062312471,0.4615384615384616,False,5
0.72893807994346638,0.68456914733477781,0.0037892117475631804,-0.6763463515007645,0.71930441233689335,0.15860887492281245,0.10585314553633721,-0.11817886828875654,0.98733422237358504,-9.4109618148773695,7.6677217631502135,-3.6242543353197725,0.1683285435689553,0.1926048316192684,0.78,True,5
-0.11235647829707292,0.99365377476638017,0.0053101485104674068,-0.98806261987110211,-0.11228789607574718,0.10546889403201339,0.10539583007943561,0.0066033542541671288,0.9944084244989384,6.9358099513887641,4.096620520493909,-3.4557601918793481,0.4128412669438675,0.3798342265818099,0.9294117647058824,True,5
0.23080711115412758,0.97295267033396982,-0.0095487554520949109,-0.96594132951553491,0.23030170341257972,0.1179765796208075,0.11698472282502047,-0.01800629598950821,0.99297046679661716,11.630961832602498,15.877043733482774,-4.8927109034605856,,0.294265256210571,1.0,True,1
0.33935261574692255,0.94059746161063884,0.010780417308422394,-0.93358729920681272,0.33537655758998847,0.12624309636101788,0.11512843673675852,-0.052905385649394648,0.99194075590422137,-4.8497954849614802,5.1315945132175331,-3.373430587461304,0.2209247640706364,0.2690879222296797,0.6498054474708171,True,5
0.51550975485242478,-0.82315189148558887,-0.23805599382433262,0.85327303180358016,0.46765268276573219,0.23070782712933632,-0.078580060121631698,-0.3220588949954824,0.94345282993140145,-9.4915629442333191,3.4191281107103411,-3.072613641856571,,0.3906439314610816,0.2380952380952381,False,5
0.31888096430028723,0.94777369194007344,0.0063213505838616013,-0.94107005365289331,0.31581833989781444,0.12102037143361874,0.11270352578629246,-0.044539926475844621,0.9926298958951757,-10.042824221648168,6.2127330563820289,-3.464484209368845,0.1937040000510756,0.143316013493686,0.9425287356321839,True,5
-0.63795095705873228,0.76982341877993155,-0.019760574025674688,-0.76808857798570018,-0.63425134362584068,0.088120199027913612,0.055303822252634444,0.071394236509625134,0.99591382671266071,7.2679845878214282,10.256336570365068,-4.1588308563248049,0.4196869748521412,0.3850366995953755,0.9112149532710281,True,5
-0.52958883451445238,0.844811938704365,0.07634431596521711,-0.84475395974147349,-0.53343104252546958,0.042919347284081727,0.076983205043210587,-0.041762556109073486,0.99615735456227605,-5.5393385345019484,24.041925164574444,-5.4741842447177822,,0.1543292875733479,0.2142857142857143,False,2
0.90086615972351403,0.43371104835871843,-0.018299967119910145,-0.42066248268721651,0.88261662055699952,0.20983559463534499,0.10715987086794987,-0.1813356767106874,0.97756541184078405,-3.3959155163736465,18.257068023862484,-4.7888194336177321,,0.1645497436687254,0.5238095238095238,False,5
-0.52776542043688701,0.84791539890743739,0.050031363030773268,-0.84526622849706068,-0.53008841916915117,0.067314714773995532,0.083598229367793334,-0.0067634427913021277,0.99647658873060252,7.6525767303445944,16.083699044945526,-4.7658687363757819,0.2429929636916068,0.2428592278118872,0.3571428571428572,True,5
-0.7561983883419644,-0.60164128193643351,-0.25727760364808516,0.64405841730328484,-0.75380090867580829,-0.13028025629508766,-0.11555411100347734,-0.26421952605629084,0.95751516409965309,-16.908624829520186,-1.0760287615899728,-2.636641855545343,,0.4229534991656073,0.3928571428571428,False,4
0.32298942858864993,0.94640244422709952,-0.00049252507426525254,-0.93906498212622724,0.32054988232503034,0.12411580191771379,0.11762137715672871,-0.039625578890162841,0.99226761769866012,-3.4238842689461646,17.016194621593467,-4.6583615628304154,0.2508501601017909,0.212199987014864,0.9382716049382716,True,5
-0.069150170938338001,0.99759752859965234,0.0041743012667607698,-0.99212704451719391,-0.069207718551976799,0.10437537655218045,0.10441351156233443,0.0030761379516209258,0.99452921323535082,-5.1550526193611983,13.52303706596539,-4.2604948992109106,0.3028296490210813,0.3710003028164366,0.8581081081081081,True,5
-0.9293251937081598,-0.3449747273151243,-0.13170847297401489,0.36690776288350391,-0.90287951054036319,-0.22402518381248199,-0.041633854915365642,-0.25651710851373932,0.96564258147859083,3.9504955688312027,7.3003017095860079,-3.6981041725806549,,0.3481352174852413,0.2427184466019418,False,4
0.80954831706028096,0.58653790422621632,-0.024592869917617416,-0.57428351861175786,0.79993369166999695,0.17408196110484439,0.12177833385198485,-0.1268044787739295,0.9844240252894616,-10.666477962053145,14.639799607720491,-4.4557259643656755,0.367037955158397,0.2500255544490058,0.5454545454545454,True,4
0.24032747274175367,-0.95445957823738092,-0.17677561867091268,0.96301722886942709,0.2115851252451563,0.16682191605314206,-0.12182168422005861,-0.21032985590712949,0.97001073652196024,-4.6619639162049307,25.748718746478598,-5.640186744381559,,0.1742592950416543,0.2380952380952381,False,2
0.65939887244661544,0.75156786699531974,-0.018408376252068835,-0.74121322828188119,0.65401766300624997,0.15120795844066828,0.12568244601408785,-0.086061825311507897,0.98833055451502028,-3.7224044684952182,15.916903732806418,-4.5476589801403033,,0.1424277479935849,0.4102564102564102,True,4
0.88387144871404322,0.46621118871834566,-0.037661514334473428,-0.44840866569959781,0.86751233949261142,0.21529516797541493,0.13304484459626767,-0.17340550262861576,0.97582252535206038,8.301268125771184,-7.903096411933153,-2.0747068392825403,,0.3005481611119407,0.8160919540229885,False,5
0.063046795677978301,0.99745587867573549,0.033269680641030037,-0.99062625565157891,0.058497800939255322,0.12344079106601707,0.12118053956173036,-0.040740365492814581,0.99179408117362766,-2.8020846830772919,25.220203073112287,-5.5640878036954824,0.2321608416779235,0.2452244615595531,0.9,True,5
-0.99240837136592563,0.12186688273338232,0.016555583217737903,-0.12071075439268922,-0.9394061232970069,-0.32085050925008118,-0.023548635136229498,-0.32041316827642496,0.9469851442225925,7.6731029665949171,-9.9995546468774581,-1.7610761976387475,,0.4364639923018974,1.0,False,3
0.81312225361596979,-0.57872281237368794,-0.062546839350815925,0.58057043882121673,0.79853351618766344,0.15900373923875882,-0.042073343596955096,-0.16560232475196884,0.98529472940603757,3.3077965205086186,14.401335362869078,-4.4053392750087133,0.4138194296914136,0.4413644233868399,0.9617224880382775,True,5
-0.25097234682473502,0.96301914876500272,0.098015306157840806,-0.96561885016869664,-0.25615902030183979,0.044303414280234835,0.06777254110751238,-0.083526495376807952,0.99419827360637647,8.4955431708265667,-13.651470860485073,-1.3537247954220577,0.4574028221500428,0.2926226689536126,0.4390243902439024,True,4
0.9991001184696815,-0.0086266603413398465,-0.041527509017793535,0.015010528963830575,0.98764822706717603,0.15596686696631784,0.039669097470118611,-0.15644986514030063,0.9868889514041016,3.8622366997099804,20.318854995946023,-5.0204476892329044,0.372134134327564,0.3407696544012287,0.9636363636363636,True,5
0.96149136840833871,-0.27042309329157888,-0.049047926468670233,0.27464979828103631,0.95197103336169842,0.13534637026698351,0.010091421131243549,-0.14360536986782693,0.98958357957510512,6.0865061335543222,11.433932386972076,-4.2364132612568763,0.2386122441584386,0.1380922332517313,0.6495726495726496,True,5
0.91128806938650597,0.41084349402673825,-0.027598514628824643,-0.39962980772947165,0.89858774336575176,0.18120729634027483,0.099247525752139271,-0.15410285814594121,0.98305759635096235,-6.5652568307736576,22.727022394151941,-5.314855694221186,,0.09989921351416206,0.1176470588235294,False,2
-0.15496795908077304,0.98739455274475119,0.032201379913509284,-0.98223035306383766,-0.15748672037705855,0.10208558382537727,0.10587003909713941,-0.015809178184601098,0.99425429579494329,13.502972770655372,4.7461416603868267,-3.7165482514980708,0.3545537797926227,0.538318102062108,0.7866666666666666,True,5
0.045355534775604216,-0.99356562533821713,-0.10377968785602629,0.99255059562881298,0.033061017150538857,0.11726160608595473,-0.11307603893886978,-0.10832505384834606,0.98766365333885098,-7.328634590741725,21.028921834740249,-5.1262741928408904,,0.1997114235891196,0.5,False,5
-0.36193955959847895,0.93191480431096063,0.023120395838409566,-0.92830013134067091,-0.36258065000059569,0.082426563667548303,0.085197543101629775,0.0083707676596044764,0.99632891602032558,13.404180913519193,-0.46696034399818409,-3.1534467414226803,0.4467093483400286,0.3631206335840262,0.6909090909090909,True,5
0.11213066284439423,0.98838144658127813,0.10261008967922246,-0.98542775197788368,0.097312380927281256,0.13950787128359232,0.1279017594949047,-0.11675794008188482,0.98489020877757916,14.972863477652545,8.4774138621361512,-4.1569454806199655,,0.3783976767927493,0.9716981132075472,True,2
0.82399977549841541,0.56655854793292226,-0.0059817842404327791,-0.55958646856403371,0.8154237553308592,0.14814548066732078,0.088810777378614758,-0.11872451729216146,0.98894748840125402,4.8462695071688895,23.326845329765508,-5.3250674741005044,0.3811204204214109,0.3405044741024363,0.4285714285714285,True,5
0.57658377270869199,0.81535365201493681,0.052436391894534577,-0.8115213891715396,0.56406463657626005,0.15252580332909751,0.094784956433530673,-0.13049715671231099,0.98690744455794688,-13.999046777079867,11.791262251677793,-4.2200133559199413,,0.1595262514536225,0.2727272727272727,False,3
0.49446235953234124,0.8691955452229263,-0.002465597357642034,-0.86135609336964702,0.49037896337533504,0.1326429519194732,0.11650173998996632,-0.063463189673636525,0.99116081850311177,-21.043278323163083,7.1128203546847182,-3.7715414917829078,,0.1157563907947754,0.5,False,1
-0.61086913047398594,0.78317985660693368,0.11605265028898844,-0.78820662975105948,-0.61539704514517579,0.0040970285649207516,0.074627168313099138,-0.088970720080981711,0.9932346131291635,-7.5256619905202333,-27.950939113025171,0.76694275075026541,,0.5466098555173786,0.8888888888888888,False,5
0.98695849074008968,-0.13808770850731375,-0.082732836982917987,0.15755626350246996,0.93401143230995998,0.32062231386077256,0.032999414952134841,-0.32947599164961128,0.94358709695465892,-6.3985471430505871,-15.980218511396176,-0.58186458656073092,,0.2769966497827501,0.3157894736842105,False,3
0.67091249455433233,0.74076573311038307,0.033801675998671697,-0.73619539765294484,0.65992649607357268,0.15004451424386861,0.088841212989833065,-0.12555137764872507,0.98810125515809466,4.241695117320762,3.640584860326638,-3.3396895953013117,0.524462556455487,0.4682547990341883,0.5484247374562428,True,3
-0.70503784638246814,-0.70647297463215952,-0.06178649757641913,0.7011895610430241,-0.70748694968706338,0.088291650266529312,-0.10608880550116512,0.018924907843472671,0.99417655032215146,2.5498009096816916,-4.7530236250494724,-2.2342541049922926,0.538236806653698,0.3718544520696614,0.9862475442043221,True,5
-0.49112570174258424,0.83812852477290378,0.23735231418684188,-0.86619574062430338,-0.49872790355146374,-0.031231668919148178,0.092198069460090598,-0.22093223889047259,0.97092144986434137,9.6388456370702897,2.4371779550299251,-3.3820177493806036,,0.4538615631164951,0.25,False,5
0.96787672692929128,0.2485443248306751,0.037952075873468008,-0.24134433225279397,0.87610971252266534,0.41735438767659416,0.070480882217056465,-0.41310711712329018,0.90795096509888096,11.402811548066785,5.2969160974029084,-3.7309604908213037,,0.2660619853759279,0.2941176470588235,False,4
0.91907105356612828,-0.38420383719285817,-0.087725765788225107,0.39408554371526006,0.89725743041886596,0.19906201996559009,0.0022322032825290942,-0.21752359652326683,0.97605250997274118,-9.256721106321816,16.018687757263024,-4.5972521574427274,0.1316202003542284,0.1682706770424031,0.125,True,3
0.86966007298437564,0.49239415749736237,-0.035204419030474776,-0.48526897241341527,0.86580278621198203,0.12206375301618688,0.090583562910930671,-0.089070360109474112,0.99189772107830243,14.712359049611404,-16.836865509834073,-0.99543426495610532,,0.3154259212739586,0.6470588235294118,False,1
-0.66181532620625361,-0.73507789375152055,-0.14717664256375149,0.74312820089532194,-0.66914893264579645,0.00042775351883089785,-0.098797525437593264,-0.10908801976761361,0.98911013184103469,-5.2453990065070091,-13.180234574889218,-0.9403609829531927,,0.5039593748849506,0.1538461538461539,False,4
-0.20961436948062417,0.90804826351922296,0.3626433057798874,-0.96695835433456023,-0.24754628031302012,0.060929303998875063,0.14509775011984158,-0.33788931652674703,0.92993411201399034,-12.533034366508531,-3.6811207865239282,-2.1851749940954521,,0.6495827709974696,0.1851851851851852,False,2
-0.99860695031692714,-0.046717888283429619,-0.024527488519257748,0.046719421935777751,-0.99890792101878878,0.00051082277429789769,-0.024524567125886264,-0.00063579891236204304,0.99969902539065725,11.220348392497492,10.629170808352576,-4.3331139632268636,,0.2052511124610615,0.1333333333333333,False,2
0.11113323316413484,0.91371650805139659,0.39086000997908343,-0.98721125945508925,0.056267258524321524,0.14915738273130899,0.11429494167102534,-0.40243774491531026,0.90828438705941539,-16.149029421445636,-1.4446608863124444,-2.564031219605583,,0.4611810869122324,0.1666666666666667,False,1
-0.39288368682865216,-0.82819143974057674,-0.39967655393374768,0.91200695200278481,-0.40661211249646556,-0.053943576723753203,-0.1178377194387073,-0.38570134704404635,0.91506761649939972,10.327864167878328,15.031909323938921,-4.8037153753236614,,0.1286405547888974,0.4,False,1
0.95357648904816961,0.29682744281700213,0.050846324599563633,-0.28035493492529662,0.81332900340625403,0.50980098340550573,0.1099681317364153,-0.50038924989342781,0.8587884539241859,5.0478130094059654,-13.571198325759294,-1.2792559741721814,,0.4715275313914736,0.25,False,2
-0.99732247699654875,0.070164659912129237,0.020610613209767599,-0.071105797425902506,-0.99625609086658429,-0.049170794010848437,0.017083396907345727,-0.050504672166503756,0.99857770636013066,1.2677359248721718,37.666140738014427,-6.9665643113418145,,0.2692446877831854,0.2,False,3
-0.47915477091715536,-0.83187620645400262,-0.27998693298621247,0.86021624429391341,-0.50846706710774203,0.038590863163773276,-0.17446695549645666,-0.22235831174603826,0.95922784709225839,-10.276773364394129,-2.3855434920835874,-2.3141905978884187,0.9287225512291721,0.7609709300974267,0.3536585365853658,True,3
0.93251692752717597,-0.33446393479462327,-0.13618390579277123,0.36112552096468836,0.86290050793062179,0.35354076359177888,-0.00073347342064390524,-0.3788622305466377,0.92545279311371054,4.7721274730960968,-6.360912228355982,-2.1726623668581908,,0.2247670304844013,0.1948051948051948,False,1
-0.58638711150931477,0.76259325425369673,0.27313308847980872,-0.80742740324263107,-0.57728515991074381,-0.12166689212636368,0.064893327458404496,-0.29187903781118563,0.9542512684496639,14.300105868590492,1.3967933970873263,-3.3650991784004529,,0.7354146352763804,0.4347826086956522,False,1
-0.57506203161925462,0.7765503818944226,0.25743574765280958,-0.81350340836295698,-0.57612117886568837,-0.07935106706441096,0.086694084987308254,-0.2550566439872427,0.96303179801405192,4.1663710352359722,11.481572528116528,-4.1994526169531854,0.5302120537990626,0.4093379552291302,0.25,True,2
-0.99587167022187684,0.081702740607680333,-0.039550962398952956,-0.084109565238820974,-0.99442539666181096,0.06359018406433592,-0.034134989158132095,0.066654277066019701,0.99719206267598248,9.5177568854594146,-1.1550563470319282,-3.0234266575230775,,0.5057997832291945,0.2142857142857143,False,4
0.1231546824007452,0.9922799730461066,0.014607508151284242,-0.98574374343197191,0.12061655865943725,0.11730693952992317,0.11463941943107586,-0.028846158648471069,0.99298826913701921,-10.216176835791984,18.633036048554555,-4.9253068085533869,,0.1509436166555143,0.7142857142857143,False,1
0.39239070031785861,0.91945493563957836,0.025142784891099543,-0.91425975949486538,0.38688670784441376,0.12019886630789325,0.10079003161251646,-0.070151953795534697,0.99243139455894791,12.380264986245257,-11.340055381121902,-1.6702225981898537,0.39368771471839,0.4589322537655502,0.9166666666666666,True,4
0.58480023030766526,0.75824744262210331,0.28821781067301,-0.80362022170725911,0.49316218309618792,0.33314501411093989,0.11046823025321924,-0.426440941890953,0.89774433620261818,-8.0507326173015468,-6.6603309130666197,-1.6830862328709693,,0.4350726379858745,0.1875,False,2
-0.70871240438669059,-0.66124043839237368,-0.24594269760067619,0.70361568227438231,-0.68792701015438074,-0.17799269748394109,-0.051494655314813835,-0.29919477156981855,0.95280154761592017,9.5598012111121466,4.166555014924926,-3.5702487685016426,,0.467112329309806,0.3548387096774194,False,2
0.82698685682950823,-0.51671256897885098,-0.2215871379176288,0.56155124024546077,0.73990526073122087,0.3704057366200591,-0.02743981067782629,-0.43075320799912781,0.90205250988422259,-12.195689170091311,5.4163644598594738,-3.3786940902840863,,0.1721573704699632,0.2727272727272727,False,1
0.20498188736881526,-0.92781600601619951,-0.31167272070373225,0.97379603301860473,0.16127622191112523,0.16034733026558995,-0.098507420674520868,-0.33637395741380122,0.93656225038479513,15.051836244246209,2.9162925521570626,-3.5386177172487043,,0.3598725773613742,0.3,False,2
0.9694062753596272,-0.22761047838495721,-0.091896373283967797,0.24430769211962319,0.93094075777165297,0.27140939020366384,0.023774458239018186,-0.28555695692613103,0.95806680324835913,-14.098574427307982,-0.4691219782672616,-2.6468742408236059,,0.1506555300248026,0.2222222222222222,False,3
-0.49206892051978407,0.85841985089460493,0.14485695374602967,-0.86997074570095956,-0.47878099006656843,-0.1179816306693267,-0.031923018074914586,-0.18407640571502232,0.98239340275473563,9.6026516145309131,3.3290623204796645,-3.4948242136376599,,0.7625390985459617,0.303030303030303,False,2
-0.51789911803485444,-0.851197221010359,-0.085110483977958507,0.84770732400724091,-0.52401891456927308,0.08244070595357586,-0.11477280323841123,-0.029452811714388634,0.99295505211409973,-8.7881664444968539,-26.965032151629224,0.64906918852039974,,0.2759914652164881,0.5185185185185185,False,3
0.99190655291016572,-0.090567553494564551,-0.088988249493301128,0.12381697472907792,0.84517597707315317,0.51994896340639019,0.028120225155778659,-0.52675903982034344,0.8495493905034236,-12.29519622156791,0.79265598600661002,-2.7901354996386458,,0.7869614460308311,0.3968253968253968,False,1
0.96095268005041212,-0.26210830522686973,-0.088708415807228103,0.27653709419498612,0.92107824351491774,0.27412060276029376,0.0098581051994440297,-0.28794809541751015,0.95759527573359771,-6.9701112682522446,-14.745218190691242,-0.72287528418532165,,0.3635968551028108,0.2105263157894737,False,1
-0.98764471573645296,0.15310074359525322,0.033437670200563388,-0.15478225171690049,-0.91967033701654244,-0.36090016038417772,-0.024502449496063675,-0.36161669419768194,0.9320048264071561,8.1703979305986927,10.805794720548914,-4.2005988806645655,,0.1092935023686991,0.375,False,1
-0.037813248249152318,0.99916492215150354,0.01547955421933913,-0.99252348648943356,-0.039351844203994076,0.11553597329232758,0.11604864076631331,-0.010995030683270469,0.99318267316570064,4.9256151211036165,-17.354312572445302,-0.69774737480474069,0.2420321156751597,0.3369454622144148,0.5,True,3
0.92682130756352943,0.35493754969520419,0.12256263567088477,-0.36691319991433391,0.78660982568611337,0.49660818142947116,0.079855917594462589,-0.50523689290314799,0.85927801931314385,5.6970324220120583,-6.386643591068335,-2.2085627758336801,0.8486912722073168,0.5115964621616648,0.1555555555555556,True,1
0.79308276791316235,-0.60062919950818683,-0.10131282217642662,0.60816166567457786,0.77151620953446709,0.18682110916460004,-0.034045728705969121,-0.20977917704987592,0.97715586537315369,14.343001657750952,-11.497733933229235,-1.6844613758490299,,0.5363877862612321,0.4642857142857143,False,1
-0.1435382403669935,0.98590622847023424,0.0859399919475589,-0.98352389774712734,-0.15175487766748541,0.09824051946333244,0.10989775299179716,-0.070422764556113723,0.99144496474571342,-15.123868738279787,10.655629326581337,-4.0453942742308362,,0.2636344606752916,0.1666666666666667,False,2
-0.60048960651187,-0.78556082365566282,-0.1493533555319588,0.79459114299958733,-0.60714347596274432,-0.0013096039421874039,-0.089650141872885628,-0.11946125703889338,0.98878301974136795,12.188850484017346,-8.0862684047063151,-2.2115145298636802,,0.2324933868721342,0.1538461538461539,False,2
-0.80392554256157678,0.59051801357593636,0.070655485699303397,-0.59432260919960167,-0.79328899697904387,-0.13218624537431797,-0.02200813965903603,-0.14826005164680151,0.98870349391232348,-7.9250848040592192,-3.894534030057589,-2.0983005130946943,,0.5472570455840168,0.1940298507462687,False,2
-0.017167786107521572,0.98658799586644086,0.16232496275189959,-0.99382596630556164,-0.034636245947272874,0.10540530899103537,0.10961393988440524,-0.15951318716306562,0.98109139599942397,-14.113327807063888,3.2116687846532272,-3.1101515052872664,,0.1709588823882813,0.2173913043478261,False,1
-0.24893416138816313,0.96851965373091908,0.0012098061468693959,-0.96370226060942532,-0.24782002444143256,0.099313586090379657,0.096486974199916906,0.023556651349222593,0.99505544970466664,4.0242053317031994,-1.9821727645734022,-2.6948552703706916,,0.3798118634020646,0.8184143222506394,False,1
0.99522838538515979,0.097496414260488995,-0.0038613637481169473,-0.083043730046322789,0.86714693996334546,0.49108036349685125,0.051226944312945534,-0.48841645520861932,0.8711057148577348,-9.055864515843977,-7.2617111066488942,-1.5954432982554652,,0.3575993300679789,0.2105263157894737,False,1
-0.53878669723954309,0.84242353099283607,0.0056115334150080073,-0.83949030379119438,-0.53744400953777616,0.080062266096630461,0.070462221922628535,0.038425656032417453,0.99677406880406239,14.6259980053707,-6.4433404454147638,-2.4235017689745137,0.2819065712049729,0.2763281046126091,0.7272727272727273,True,1
0.99863674412733772,0.038685405579021614,-0.035044153206145179,-0.026325199133629983,0.95299531950195271,0.30183920371274559,0.045073685996642229,-0.30050517533406346,0.95271454404145584,1.303367756613234,-19.903827101352945,-0.21178368348724189,,0.6187323457468592,0.4242424242424243,False,1
-0.28550222420240778,-0.95142269787588996,-0.11525332941846157,0.9511294490532316,-0.29604927525722302,0.087792925474481295,-0.11764884665466555,-0.084555760219131429,0.98944887300688278,-8.2747588742661886,19.288721139835644,-4.9678109502889143,,0.161424939906222,0.2352941176470588,False,1
0.47051036566777849,0.85957022181676546,0.19939666387642949,-0.87460840714823718,0.42434292613607411,0.23450632226849938,0.11696208763867254,-0.28473165402559408,0.95144508788003768,8.8523498645485574,-5.9397891164669705,-2.3885653520601511,,0.3795144393599834,0.15,False,1
0.17405312766412118,0.98447275232957698,0.022779566961754733,-0.97789009142834216,0.17007380350990409,0.12167937559809974,0.11591582220131141,-0.043454588713994977,0.99230802721891365,-4.537124133150539,9.0457909324086749,-3.8014567784637152,0.3169554489653138,0.2624266062888896,0.7948717948717948,True,1
0.91626114288866956,-0.38680854002578796,-0.10413775201850412,0.40053954872979008,0.88090419626838767,0.25214255273571223,-0.0057955099590190264,-0.27273971173971684,0.96207040371505614,-9.3086034573342431,-8.8923661216391139,-1.4245556971527533,,0.5776175555692245,0.7727272727272727,False,1
