axis_00,axis_01,axis_02,axis_10,axis_11,axis_12,axis_20,axis_21,axis_22,location_x,location_y,location_z,dbh,dbh_approximation,score,reconstructed,number_clusters
0.99506828882698284,0.060236598902373102,-0.078807694571118789,-0.030745010438134473,0.94266474071483219,0.33232202898122293,0.094307183735382133,-0.32826016932566227,0.93986776534265082,7.7469188919690239,-0.66032901293036728,-1.9708793661913044,0.6276980276610538,0.4707099925932987,0.9002695417789758,True,4
0.1879649676764471,0.97947230646894989,0.07282287955573466,-0.95933654912690591,0.16719231535440349,0.22742056898115934,0.21057672339475877,-0.11260874986798558,0.97106988060463384,-12.952602962964065,-10.361712406862445,-0.16233556622284839,0.189156843074285,0.3583206487446134,0.8421052631578947,True,4
-0.87128992896873125,0.4907502451446687,0.0042493020735640541,-0.4856278142321554,-0.8633807553252798,0.13689155334807923,0.070848328997683341,0.11720865251507007,0.99057692586383161,-10.316078302847881,-1.1035556313424593,-2.1088060311791468,,0.5955348494604977,0.8697788697788698,False,6
-0.56776113771653813,0.82270637005091329,0.028311114009728029,-0.81321826556498089,-0.56588720795217218,0.13582238559081,0.12776283908205138,0.054091557139209122,0.99032861232822578,-10.21200042723896,10.723434619169032,-4.6357457702874001,0.4050865664717072,0.4164286571537423,0.9858490566037735,True,5
0.99187697369556238,-0.10295648944016085,-0.074699600632740309,0.12012223164890332,0.95132182360979034,0.28382642122859131,0.041841588356801497,-0.29049397447434366,0.95596157468691123,-20.112625349644201,0.71033064013214964,-2.8839967867818554,,0.285935795121626,0.9453125,True,5
0.37953994796465179,0.92242363386524562,0.071302647817768738,-0.90249530585180981,0.35217450314668453,0.24794221554393245,0.2035967848823684,-0.1584542805361257,0.96614729216892237,-12.880699101004941,13.936328179862468,-5.3591124784670034,,0.9061338239286412,0.6923076923076923,False,1
-0.86347911424431412,0.50420538346659061,-0.013444350008976504,-0.50344837792267116,-0.8599468322378826,0.083852110832480259,0.030717259495057034,0.079173082593389954,0.99638751144410376,-1.7995181049178659,8.3760513510815162,-3.8578366369544024,0.1387215272621853,0.2247327764827718,0.7913043478260869,True,5
-0.11970535477691406,-0.95813233068884462,-0.26010202791692405,0.97197980765183778,-0.16648447313585507,0.16594629770432767,-0.2023014620679488,-0.23294925862393273,0.95121436140952509,-17.378311995181495,7.9481093231402422,-4.2994082633853417,,0.402791251750556,0.2727272727272727,False,1
-0.83813460598995004,0.54429581108286607,-0.035671449083500714,-0.54254097381129474,-0.82509898249159841,0.15767358950446103,0.056388597942880161,0.15150491453736498,0.98684678997961106,-4.4580346040279286,-4.0887761289025404,-1.3656625602115129,0.5260955277130441,0.4641158582248124,0.6470588235294118,True,5
-0.55023098497448841,0.83494158243553951,-0.010881961865410347,-0.8237286597890634,-0.54061421337268278,0.17090163059943972,0.13680993463968996,0.10299915640174612,0.98522800181704673,-15.584942653961432,-9.4157866846758456,-0.46194691596216392,0.5262980470292346,0.4480541271032845,0.8555555555555555,True,5
-0.44929931168618298,0.89294856447916671,-0.027802692547981712,-0.88040787539076615,-0.43727590998048366,0.18349864168613508,0.15169740099368501,0.1069235228812413,0.98262671385751843,-5.6348338399449514,2.6048913775950293,-2.6788966609250973,0.6247602579543224,0.5700349716357623,0.9991423670668954,True,5
0.97786110883205235,0.20924593526019875,0.0019468977466340909,-0.18557045735983041,0.86284474012959067,0.47017290413842905,0.096701898580195872,-0.46012508408886577,0.88257217823994516,-1.0945248867837858,13.265877043348583,-4.8966770599063931,,0.3756814208059339,0.2727272727272727,False,5
-0.015582179676948534,0.99983219688508362,0.0096319130220387725,-0.98024477876894789,-0.017175114899126685,0.197041084864094,0.19717344996913905,-0.0063713028613169437,0.98034791636801988,2.0163687537152803,12.148959160028427,-4.6965675399824152,0.8768780491098364,0.8449386277114389,0.9984301412872841,True,5
-0.96135924042511445,-0.26146743099912723,-0.086157955964403538,0.25713409091329875,-0.96461892784554615,0.058244169942580915,-0.098338548593309899,0.03383942329333587,0.9945775099466786,-4.5387584740945393,6.4078425004207418,-3.5125290221745358,,0.2009499624431152,0.5333333333333333,False,4
-0.90706498145810177,0.42048336562223104,-0.020660557771126953,-0.419720928757923,-0.89943091938812614,0.12189488591083525,0.032672027408769656,0.11923825092490331,0.99232795896385462,3.7300519689119831,-18.033414070772174,1.7231801048533399,,0.2685974128208516,0.8292682926829268,False,4
-0.79561096742000048,0.6023776104285965,0.064377037640331397,-0.60126090381324737,-0.79816358215636929,0.037685828437076546,0.074084506252570542,-0.0087241374155984062,0.9972138062420044,12.447992495277527,-19.319489964562891,1.9728394305609074,,0.2170769845269762,0.4,False,1
0.0054274810563298363,0.98962085271379452,0.14360052340923057,-0.98440210745966661,-0.019965293075058621,0.17479667588770947,0.17584946197912896,-0.14230936352344775,0.97407649174754307,-25.966496269112653,1.2819056055049292,-3.2441770798143472,0.7084172278325797,0.4476402084191236,0.8787878787878788,True,4
0.71916317408433039,0.69227110687561166,0.059707986284653451,-0.67569039410230014,0.67671975378837845,0.29239163146450664,0.16200870457734923,-0.25062140654344239,0.95443286313043352,-5.6685734326516499,-19.042241255054108,1.8878231486342136,,0.1627121237326354,0.1333333333333333,False,3
0.68776594066656827,-0.7186458660441889,-0.10259693015207341,0.71930800448447263,0.65559945377991991,0.22975062761184692,-0.097846847387115715,-0.23181344961211695,0.96782669886469541,-19.9569741721475,9.1165242935906949,-4.6590940996726138,,0.3497245933313813,0.4647887323943662,False,3
0.85009988623433164,0.51929723218398149,0.087524671210080424,-0.50950309062688881,0.7689965265152825,0.38607116293382826,0.13317951819264387,-0.37279314217604176,0.91830740445696535,8.5204396029269613,-8.1006732705118569,-0.3058079025180121,,0.2719837298614234,0.2222222222222222,False,5
0.12599953336097966,0.98587816089879154,0.11031033249715198,-0.97114199961975933,0.099883035689429425,0.21657930592741176,0.2025026769387275,-0.1344158883625034,0.97001290444424926,6.3826465775896981,-1.6779159049840484,-1.74612323158298,,0.3179080760127067,0.1739130434782609,False,1
-0.21031983892588837,-0.94154637479795833,-0.26316532723558472,0.95737129823085398,-0.25287812259735748,0.13961680570549534,-0.1980044511569338,-0.22258274689755231,0.95459476119743214,-14.319160106351227,10.141417396274084,-4.604137580800292,,0.2577174603032549,0.2916666666666667,False,4
0.011145595847012163,0.99992556850033643,-0.0049631796756829938,-0.98101441969970049,0.011895596521396389,0.1935696337875823,0.19361426609233542,0.0027115019229549744,0.9810739848364376,-15.496293005171532,13.481450306899989,-5.3530723673587124,,0.2763481683382765,0.44,True,5
0.83458761748315713,0.54897721757738382,0.045689422460577889,-0.52856401508033757,0.77466139966397085,0.34715961434592246,0.15518888718571239,-0.31388490000579983,0.93669241421205529,-18.787475121878728,-0.55423464961707714,-2.5781334873209318,,0.211117345367016,0.3888888888888889,False,1
0.79591471852611273,0.60522254038729661,-0.015014574274588025,-0.5832947525519987,0.77324796509109084,0.24870628485784363,0.16213263853648488,-0.18919107032213631,0.96846256842046452,-13.228572829385387,12.249728397155867,-5.0373298828155431,,0.3117016456459075,0.8488372093023255,True,5
0.99899523654319933,-0.013453924012349985,-0.042749377687487322,0.032668856214290637,0.87160518781890506,0.48911874059457311,0.030680012999467994,-0.49002386523091024,0.87116895508650405,-14.057649744991647,3.4519864458156175,-3.1912309851583709,,0.5415078984314862,0.125,False,6
0.84898489779001773,-0.50081072445896624,-0.16856233740476537,0.52561107951447716,0.76752748485886846,0.36692581413392572,-0.054384155928895825,-0.4001127069378122,0.91485090879924091,9.1846569574757648,-15.263563874874809,1.1854132478530104,,0.7164237933817659,0.4423076923076923,False,3
0.74736519150312319,0.65431158557033398,0.11541932038413347,-0.64083151300377272,0.66400828624129782,0.38526350429827816,0.1754429892323858,-0.36189687038067836,0.91556016336332313,-8.1537055544362893,-3.4219321313033495,-1.5654365114345736,,0.2993696641340534,0.3357142857142857,False,5
0.90635290522567746,-0.38347495820656957,-0.17740171255499615,0.42135026677741783,0.78907322679040526,0.44702057609150159,-0.031438254970250337,-0.47990665674800648,0.87675608748008027,-6.9304128908950906,-1.0474994869247731,-1.9929695898205333,,0.7581916867619438,0.5692307692307692,False,1
-0.11704728067218935,-0.98716055241899725,-0.10869212407100877,0.97296196490238651,-0.1359242661682796,0.1867340588106603,-0.19911039385359625,-0.083896588812874151,0.97637923648807212,-2.4092529141158487,-1.4142316975449782,-1.8241977311058997,,0.5029895438897739,0.9133435582822086,False,5
0.79891020746308516,0.60127714923409115,0.014431570261626857,-0.57688449663477515,0.75927109182942265,0.30118380875239559,0.17013746781274755,-0.24894416828092636,0.95345689106806764,-4.5614398489717232,13.426017632063537,-4.9494955016624917,0.3631328635767775,0.3249046365596304,0.23,True,5
-0.046352297985756241,0.9916487626874817,0.12035030507575278,-0.98349990065891357,-0.066395041722448811,0.16828441353429327,0.17486969398768443,-0.11056414380377295,0.97836402235036835,1.2899717288404509,-17.114308547397624,1.5278061507765091,,0.379148729156066,0.2352941176470588,False,4
-0.9664717218670873,0.24934942241151226,0.061296626125052468,-0.25652133137957067,-0.94817773237487191,-0.18749878499792827,0.011367382219388808,-0.19693616572760853,0.98035041146009994,1.5620651170538555,13.635611867673973,-5.0348451096832711,,0.3822952170467018,0.1910112359550562,False,2
-0.39552028376056275,0.91060372514909071,0.11985224603052955,-0.90382265652255944,-0.40909203058161525,0.12549229486750541,0.16330434988225523,-0.058690427321748673,0.98482847392341544,9.3223987144534597,-4.8537844180373417,-1.0449287190796477,,0.5537654728715867,0.9139784946236559,False,6
-0.90157422493486461,-0.42185532505091194,-0.095927064269105161,0.41299923348690504,-0.90527751212300001,0.09952014461214094,-0.12882371704126705,0.050106993230306998,0.99040079723165131,4.633778772831425,-15.163151399328761,1.1218900726838801,0.2846922303609932,0.2100334288634122,0.8888888888888888,True,5
0.716587453601922,0.69718825684980157,0.020759476174699899,-0.67398884551217619,0.68446693295159045,0.27792814506812019,0.17955906400256308,-0.21315147713909338,0.96037752489734229,3.6503176092952265,-24.455125871725667,3.0136825336662461,,0.1963148427056761,0.2307692307692308,False,4
0.37903121523950817,-0.882040965059955,-0.27989118212292019,0.90579317967217099,0.29172344371507064,0.30730465021928755,-0.18940447073245184,-0.37000157883869106,0.90951898172794399,6.7437379672559814,6.1649871398048202,-3.4303132234541609,,0.3024362791422583,0.2195121951219512,False,3
-0.13126555570480919,-0.87922426878134685,-0.45796729039464656,0.97031414491828338,-0.20860481868131919,0.12237029784402309,-0.20312511921721699,-0.42830913463156578,0.88050637200087956,-0.81678206304695411,16.257465270343111,-5.6061444009362402,,0.6368744292921049,0.1346153846153846,False,2
-0.71179856733117364,-0.66296084195941418,-0.23200371025859362,0.67938147933023452,-0.73368448509822604,0.012160668945942144,-0.17827957002514572,-0.14896307715207607,0.97263888291443179,-17.617207081935874,-1.1911020163773034,-2.3509203912906993,,0.8366925368423153,0.4333333333333333,False,1
0.99649403427359373,0.046913482828093982,-0.069273117340536566,-0.026132823533599098,0.96110034449552684,0.27496036686173658,0.079477765389443275,-0.27218606308831672,0.95895674139618148,-11.312865441615928,17.17492490406627,-6.0412743354287262,0.4149238480056758,0.3612407786268119,0.8205128205128205,True,4
-0.98410059381829784,0.17316449155798508,-0.039497849434334341,-0.17580066848446294,-0.98135216427700067,0.07773065437304269,-0.025301110783693737,0.083438531460650847,0.99619168098353439,-23.431011036853,-13.526871933610796,-0.047477863844608545,,0.498390333943533,0.8775510204081632,False,2
-0.22555100394035968,0.9626047930244932,0.15006251053400754,-0.9545637189493833,-0.24915428353103686,0.16349388203739801,0.19476871177634963,-0.10636801889858129,0.97506460989442767,-1.1221298675810694,-10.768220565748628,0.088446142010829273,,0.2696148637508862,0.3488372093023256,False,5
0.63197684825995437,0.77338396092886219,0.049824815517961703,-0.75082839565521964,0.59508195283267407,0.28659063084940495,0.19199474873345779,-0.21852852992420746,0.95675665561726886,12.490938732804715,-5.8920099186851473,-0.89860584888160344,,0.335322390458456,0.4871794871794872,False,5
-0.91790870049543383,0.39451804005443514,-0.042416195331369699,-0.39581465388933862,-0.90290499237414223,0.16761066348031253,0.027827635926265915,0.17064023797877997,0.98494036969823628,5.2369229899366134,-2.7446791067674212,-1.4730162833942089,0.3751068922987136,0.3180530628555536,0.8896797153024911,True,5
-0.80356909430623114,0.59324081077176438,0.048394742593852874,-0.58904204080017786,-0.80428323780138722,0.078472591149271659,0.08547622386270369,0.034551611056201026,0.99574093082869497,-15.025334738145229,5.987558688342415,-3.8004236093255415,0.5455179310062718,0.5635375134589427,0.9619565217391305,True,5
-0.96549719201879525,-0.23935457663233625,-0.10258927258235931,0.23940808570410527,-0.97084519432908067,0.011974019693729521,-0.10246433869067947,-0.012999818971245733,0.9946517300057327,-1.6454662878715274,-8.1546524461195293,-0.42994014437498634,0.5003459281459175,0.5484300284032585,0.8756345177664975,True,5
0.61535819438040784,0.78818109522618884,-0.010239811371815181,-0.76543558632927833,0.60060182790965422,0.2310536896315161,0.18826219957718243,-0.13434286523529432,0.97288711512216741,-10.909374102758752,-8.0901177979214793,-0.55756497530353688,0.1649369157451393,0.2383118191100311,0.7954545454545454,True,4
-0.34866604992520589,0.89693168817915714,0.27192927825013602,-0.92516660008889862,-0.37580059629393459,0.053297972804503158,0.14999582564025027,-0.23299669217653934,0.96084014993405076,-8.883333448577023,15.0533990993681,-5.4601635502538297,,0.3918385222075614,0.15,False,5
-0.78011211210463116,-0.61933754083369508,-0.088578231308386851,0.60360999056140874,-0.78230105231259095,0.15381821363241743,-0.16456023773107253,0.066528746152944837,0.98412085339820388,-1.631947502091142,-15.444921453491647,1.1806817770374487,0.3963954446300828,0.3445603180867592,0.5102040816326531,True,5
-0.011908304162743256,0.99986840511724295,-0.011016566627992781,-0.9803451725835407,-0.0095045645063590624,0.19706091912322993,0.19693027924652748,0.013146699275706802,0.98032934742056899,4.4850965096666071,7.0171234696870144,-3.5780793612049848,0.5064747760250927,0.3772823381986346,0.9706959706959707,True,5
-0.26011503434709082,-0.95600495445716016,-0.13562704730242878,0.94359918956147559,-0.28147267338312448,0.17433790063403681,-0.20484320434307335,-0.082629662905765455,0.9753007743473503,11.037237106663747,4.8852119558837082,-3.3035003629572537,,0.7430818170442629,0.4762931034482759,False,1
-0.14884989124849662,-0.96144695780507639,-0.23122166248575032,0.96776414783037379,-0.18967678458531495,0.16569632332531137,-0.20316560744737505,-0.1991041554481961,0.95868726456222375,-0.69709890669315344,-14.718390718052266,1.0300085339906278,,0.2967453904542185,0.2777777777777778,False,1
0.29034034600296227,-0.85593284045139373,-0.42788018897781233,0.94132603029396944,0.17506306770729724,0.2885450173125606,-0.17206913777280278,-0.48655101989587729,0.8565397345508291,-15.431972853236877,-0.62472303947265528,-2.372467205523944,,0.4728069466832482,0.3,False,1
0.85619276274679856,-0.49702608803927312,-0.1410638891721791,0.51393261277151703,0.79131962165080527,0.33118956191321591,-0.052983228948846432,-0.35605943913734811,0.93296004911858421,4.6541216610394924,-17.290157582662935,1.607881366208638,,0.6127854459437011,0.5777777777777777,False,1
-0.9919691613774253,0.1219353293714782,-0.033599975107678592,-0.12189390666341046,-0.99253769538566128,-0.0032861462005012998,-0.03374993917771188,0.00083587653899339694,0.99942995898457632,-6.087727202716712,5.8895323944869933,-3.4979736586926791,,0.4816102734909229,0.2153846153846154,False,1
0.99507991237965931,0.094137359265178189,-0.030888923080428517,-0.067975976484877174,0.8755128338591216,0.47838953204360324,0.072077975827691515,-0.4739361089203365,0.87760431292355989,-16.553820200069726,-10.838458792760374,-0.25558256860025141,,0.2366022882941517,0.28,False,1
-0.96031384737487258,-0.2662735321353088,-0.083040475819056936,0.25714644995205144,-0.96051861597382315,0.10620589270274371,-0.10804174108707154,0.080637425876055102,0.99087062108579871,-10.284778462308168,9.6650960302570823,-4.3578434834287672,,0.1372555289475252,0.2592592592592592,False,1
0.64674845977653228,-0.71762812732085013,-0.2583143446552128,0.75214335814998068,0.54393727941139103,0.37203844540235731,-0.12647845100076119,-0.43490471018891358,0.89154982726034104,-10.406965430554324,-2.1967929314761472,-1.8551975678264916,,0.3046096091980908,0.1818181818181818,False,4
0.82665060570787863,0.5616047090974936,0.035340158493090863,-0.54388492678577127,0.78129963398987701,0.30620265894097021,0.14435360230362651,-0.27234359299752836,0.95131015176711053,6.8626896402977353,-20.845732006998404,2.3652887867523873,0.3641647796757523,0.2357992483578931,0.5714285714285714,True,4
0.16138085832371407,-0.88179838301229307,-0.44315666562019146,0.97444005845735493,0.071268559666417625,0.21304310567746601,-0.15627792883298336,-0.46621068640688518,0.87076104922056163,-13.524045132704991,-4.2162002393487583,-1.5457920117607624,,0.4636858208125447,0.25,False,4
0.84769816609972526,-0.51706896999937335,-0.11852214752926873,0.5281957018349861,0.80200634390788894,0.27891777443280169,-0.049164212128426074,-0.2990409747765147,0.95297291443697552,-8.0585713650692998,19.158612805975309,-6.3582754387183815,,0.2740900190669647,0.6363636363636364,False,2
0.73954174484357371,-0.62100431182117322,-0.25967605267570421,0.67259833735825636,0.66672403429676452,0.32107715377142176,-0.026258031469118127,-0.41210763981095894,0.91075672327620449,-0.2968332406034967,-9.5720678095258069,-0.12267275192801992,,0.2411581998804696,0.1428571428571428,False,2
-0.94894821889797643,0.31443535188387878,0.025053689070087419,-0.31536190819822368,-0.94406733483258709,-0.096352136248614273,-0.0066441483979747321,-0.099334167272685348,0.99503194848422249,9.9220658798978505,-14.255295456010469,0.89375498677074527,,0.4457201068528271,0.2727272727272727,False,3
-0.99754700393064544,0.056215127081537419,-0.041711322637865235,-0.049359088360321594,-0.98740746091611042,-0.15030032110224459,-0.049635222828465761,-0.14787280214564977,0.98776008172043583,-1.537068579935339,5.0430269871221896,-3.13551784066747,,0.671995683120822,0.4079320113314447,False,3
0.47774491019659659,-0.85903908497736692,-0.18387944763484018,0.85949549729558017,0.41375712306779378,0.30012086438514274,-0.18173412147934295,-0.30142477269114865,0.93601058514218738,-16.085989100609137,-2.8953746295784715,-1.9717145771756837,,0.5677064918934415,0.1666666666666667,False,3
0.6322470642698983,0.76449176039219102,0.12576167148437761,-0.75158189537412778,0.56578030473519325,0.33914200760092467,0.1881177935973343,-0.30894173409593106,0.9322911029640204,0.46205753555606893,13.007597383366228,-4.8523727067886355,,0.09458719610491267,0.35,False,2
-0.44637655066046411,0.89022307260108424,0.090834222786076557,-0.88201433877025071,-0.45483156842969541,0.12320288374652716,0.15099232173903121,-0.025122208670173937,0.98821566138540262,-11.464385224922308,12.868532860165715,-5.0906407124240731,,0.2165979557160276,0.2777777777777778,False,1
0.74391183696277019,0.66315203757116759,0.082610858196034503,-0.63844522359959632,0.66872931611351349,0.38103647887467851,0.19744081464970165,-0.33620005478220966,0.92086190488851305,0.83460215614941169,9.0487376601189862,-3.9881524891305551,,0.3164747193261662,0.5,False,3
-0.87769663534653697,0.45366644291343389,0.15438709426516334,-0.47716157914482582,-0.8571417268322733,-0.19397135745002367,0.044333324817616586,-0.24391559748663261,0.96878260596139676,-14.851741001301935,8.0720191242399117,-4.2218238067196641,,0.5846413487082603,0.4523809523809524,False,1
0.61117873642515486,0.78320481876100401,0.11423994052561048,-0.76621364327622143,0.54927687587444995,0.33348398235445154,0.19843690432762565,-0.29135051999120903,0.93580856455886408,1.7749855227600118,-12.879110134121891,0.56550018110582956,0.9044897138059571,0.7477010303664332,0.4689655172413793,True,4
-0.70225289366432742,-0.62582395996595286,-0.3393895173287072,0.68889324775176219,-0.71762953059412082,-0.10214670832332906,-0.17963008250877227,-0.30553596834381991,0.93508331474050799,-16.922079211367379,0.42274147966711023,-2.6617542797067171,,0.3807181735228609,0.1666666666666667,False,1
0.71560585363719909,-0.64951268581104915,-0.25698547276197148,0.6830095972510104,0.57359217877206248,0.45220559761521228,-0.14630841501153927,-0.4991245169514682,0.85408931867502902,-4.9640513747924038,4.493550826130841,-3.0905251045174089,,0.4643041663919852,0.1538461538461539,False,2
0.87387818466408174,-0.46571239587038388,-0.1394592510408485,0.48614463000444375,0.83748100484518484,0.24957757359454433,0.00056310394241442657,-0.28589776294361696,0.95825996058365293,-19.949621874844908,3.7980129881792069,-3.5785474261414083,0.3320970105194101,0.3543898387817984,0.1,True,4
-0.72646549180384612,-0.67194549101514855,-0.14400398023182445,0.66549950111905476,-0.74015030273778426,0.096373976609125417,-0.17134264859773185,-0.025822208688996803,0.98487304273694942,3.9064824804721585,-10.80712754906283,0.082856618484201533,,0.1031270082919217,0.2571428571428571,False,3
0.10567272376475283,-0.9446288360114089,-0.31066000326380833,0.97663329747181526,0.039797075246438537,0.21119563222556875,-0.18713812471398394,-0.32571852108463278,0.9267614403399469,-10.646320747444635,0.80012449122140739,-2.5061558612465191,,0.259176487978566,0.1458333333333333,False,2
0.51484357389746405,0.8434366014266792,0.15346267881899314,-0.83131503078088975,0.44745700138511646,0.32969311716990651,0.20940729217067988,-0.29731621429927885,0.93153188603530379,-10.145859760851538,11.861341450677655,-4.8613445319701736,,0.2176082287569853,0.2941176470588235,False,3
0.61774292477908055,-0.76195278700731273,-0.19447783744472191,0.7771900769377873,0.55386062574449413,0.29868711314576835,-0.11987186156401708,-0.335658096314845,0.93432562802455033,-3.314526355050976,7.2512260431883373,-3.645175666691491,,0.1359167620535411,0.1818181818181818,False,1
0.99522983527127518,0.087327295538402766,-0.043491590449863053,-0.066137607818264513,0.93166310766252758,0.35725295051640682,0.071717444307417971,-0.35267236534005503,0.93299453959145051,-4.4659709540931196,-10.592876754398469,0.13292591835294501,,0.752333339258827,0.3181818181818182,False,1
0.80623085527105876,0.57548131651395562,0.13716071723442713,-0.57868103352092803,0.71894628590431076,0.385025323099076,0.12296369160060458,-0.38979160115087358,0.91265680199086341,6.9944214896027592,-17.541715938825547,1.645716176076254,,0.3723228143534227,0.4117647058823529,False,2
0.99914982328616453,-0.014376702765343474,-0.038638595274982972,0.029312448303045045,0.90677637088062391,0.42059171840045373,0.028989843078365912,-0.42136673294193777,0.90642686708202214,4.0698858930040469,-13.364889206133844,0.68078447984885104,,0.3924349920214099,0.375,False,3
-0.30098516353666627,-0.90606952958822706,-0.29739861950348229,0.93877553717740492,-0.33634775085499402,0.074636996804955946,-0.16765566536232068,-0.25672592009097489,0.95183159215554569,-17.16554124398014,-4.2540664724063353,-1.648398608037819,,0.6257974594540304,0.3571428571428572,False,2
-0.7106764384168105,-0.61109403013621177,-0.34857292810985774,0.64582561800261151,-0.76318916043447993,0.021250330041157006,-0.27901303018092594,-0.21001521784669752,0.93704073404631738,-4.709068335021013,-9.0556704973402926,-0.22567679473361343,,0.5751982478275622,0.3157894736842105,False,2
0.90912729602766318,-0.39432036695253081,-0.13416038097684052,0.41543036663580657,0.83516190340473218,0.36044722994943879,-0.030086044842563768,-0.38342671178180299,0.92308113760271626,-9.3876283472631936,14.037832268050519,-5.2663695251638964,,0.4129127221569395,0.1666666666666667,False,1
-0.62331427278905904,0.7772184888776642,0.086085642729582537,-0.77291210036333113,-0.62905714327059614,0.083030088595514931,0.11868530848166915,-0.014782795640724468,0.99282187048012494,-14.006777450701493,13.510551265324741,-5.3259044569841132,,0.1881877446361521,0.4285714285714285,False,1
0.086387185416387485,0.90689734620104479,0.41240084583974357,-0.97575337606396229,-0.0065393157734582597,0.21877519614662366,0.2011034641561735,-0.42130089105378848,0.88434323421489991,10.074782559100747,-5.6613203265691956,-0.82712347223465787,,0.3664047908614502,0.2758620689655172,False,1
0.96062697336180336,0.27739416358944591,0.015757412739818934,-0.26183614599592364,0.88486149018472404,0.38530763791815825,0.092938962226520663,-0.37426277024916721,0.92265363387658983,8.0258087050852396,-5.2925440602900435,-0.91499911809169654,,0.3176232952539318,0.375,False,2
-0.35754725834571816,-0.92136160564412684,-0.15248852315612668,0.92175904863217573,-0.37440256537322708,0.10091072939312254,-0.15006736591999595,-0.10447732139953919,0.9831400078315452,-11.249612916656064,4.3190714178866765,-3.2635898048476073,,0.3748499615058801,0.2352941176470588,False,2
-0.97417922517340516,0.22138812808466202,0.04429598157523372,-0.22576982766151521,-0.95375982573485396,-0.19841920202417526,-0.0016799280442353348,-0.20329656061377463,0.9791157675598815,-16.18481400771757,5.2176905650886445,-3.6731472612261333,,0.6123345744823265,0.6052631578947368,False,2
0.98182564060503985,0.1896826076438354,-0.0062385741911221218,-0.16649492006107786,0.87664916528623249,0.45140412337151609,0.091092552079512196,-0.44216145168974935,0.89229781888966575,-0.029149535890369171,-7.9411899450766406,-0.46127884418716042,,0.7359695403654181,0.2307692307692308,False,1
0.78046917308136454,0.61845566373987049,0.091544862541645872,-0.60858853260179024,0.71802667916368967,0.33772427510435843,0.14313583707545813,-0.31929653928165447,0.9367827134119564,-8.7205749882249624,-9.9153902004964234,-0.13009687791179655,,0.2532304416769303,0.1428571428571428,False,2
-0.76751338868490548,0.6361230631618412,0.079187415054474186,-0.63568251091591088,-0.77120484389429034,0.033923945372344333,0.082649522110268714,-0.024300972564478978,0.9962823491497601,-0.78621383199684325,17.001955346017635,-5.7803673852694866,,0.3812044652779227,0.2352941176470588,False,1
0.31715429051606953,0.87873199731112817,0.35671169438195366,-0.92602738437336696,0.20577048436611212,0.31643607751701797,0.20466176828579707,-0.43068385698251005,0.87899088501349065,-3.9653243536657157,-13.527479998561214,0.82291772806331553,,0.2904147596297583,0.1666666666666667,False,1
-0.85005697921688905,0.52211978145167326,0.069239193391561288,-0.52377732537771204,-0.85182640000388987,-0.0070069734252850846,0.055321293412459296,-0.042222246189293031,0.99757547906005728,-15.760874161960698,-2.1310546602768179,-2.1088131742950149,,0.1924143099325548,0.25,False,1
0.90474584876053099,0.42570434116136241,0.014517681183866094,-0.40421703664699993,0.84733288172850119,0.34443515329593044,0.13432623137311608,-0.31749456917881858,0.9386978545341691,8.043726211392352,0.21064124169169562,-2.172218948519995,0.8601095207656442,0.8598904113981933,0.5111111111111111,True,1
