axis_00,axis_01,axis_02,axis_10,axis_11,axis_12,axis_20,axis_21,axis_22,location_x,location_y,location_z,dbh,dbh_approximation,score,reconstructed,number_clusters
0.83339160351814956,0.55069960490643732,-0.046780127632803231,-0.51864768198236033,0.80850718515154762,0.27806602369337735,0.19095291869927475,-0.20747548461014714,0.95942217304271882,-5.0089674462400575,1.3862987867761793,-2.6937276393059828,0.4890339879120031,0.3648093188341732,0.2765957446808511,True,3
0.68581876659120089,-0.69962888046002603,-0.20042966102244542,0.72494050308815261,0.63246071334287812,0.2728639094129372,-0.064139585075192185,-0.3324347690962336,0.94094273891789704,-13.535365761154297,-8.0306091323439794,-1.1677360293316741,,0.2178578860248955,0.24,True,4
0.76290021538711961,-0.62124283177769968,-0.17899889755836546,0.64441127440635948,0.70836665698457013,0.28801178567981428,-0.052128406653736907,-0.33507316102207918,0.9407489601282657,-11.980376911374336,-1.7320594180199362,-2.3016515780902562,0.3977491122678317,0.221118762315037,0.2,True,4
0.036620089083330601,-0.94268290871081473,-0.33167439259015397,0.98982485846158685,-0.011450068324342581,0.14182963550283961,-0.13749806779380347,-0.33349337258765205,0.93267167416679098,7.0266131446463209,3.4455501900451715,-2.3642806305337927,,0.4785928573059982,0.6470588235294118,False,3
0.99595173482801747,-0.040547442613307456,-0.080224976102100887,0.057599400912919943,0.97305474430723271,0.22326391019521841,0.069010513021820402,-0.22698098924514878,0.97145106907849876,-7.4149885458358078,-3.0079802718127091,-1.7427580914865759,0.3244517300649553,0.2704890212609293,0.762962962962963,True,5
0.98683355564642561,-0.13777174923805732,-0.084725902545315451,0.15386124068066512,0.96115110625451561,0.22916210324119202,0.049862331137230945,-0.23918088564433015,0.9696938959671525,10.331619646892481,10.623294744537118,-3.9855355213101205,0.2301678363370152,0.2534200062096102,0.7755102040816326,True,5
-0.30994997719331668,0.93970080030666692,0.14454555524426649,-0.93756537218897384,-0.32733186208932757,0.11757986619011583,0.15780426011364415,-0.099077030456832832,0.98248743377502912,-3.7820198901364259,14.470800526166041,-5.9738517487698779,,0.4805833521780034,0.24,False,5
0.42011446543748049,0.90734206857529864,0.015303807489579532,-0.88065424305722328,0.4035721295489938,0.2481484242073671,0.21897931435523568,-0.11772810558566028,0.96860113206609588,-14.495954510494181,9.4165412883191024,-5.3197243936503895,0.530681421300561,0.431622908108899,0.9423076923076923,True,5
0.83639442566495714,-0.53954006931341347,-0.096648219444858921,0.54694547663746695,0.80993748051770276,0.21178272648742708,-0.035986251574719047,-0.22999519833664131,0.9725261942177641,15.257420314845694,4.8824551596748469,-2.1516843463767148,0.3180762159147191,0.2797064330605618,0.9444444444444444,True,5
0.75023488577923803,-0.62609348188825864,-0.21249604254397686,0.65059610417468283,0.6418156936398578,0.40595236744021423,-0.11778083627033821,-0.44280872544996919,0.88884650377488361,9.4825940772120738,1.8633330144857292,-1.7638679708479708,0.5334469349784423,0.5570831191248515,0.2323232323232323,True,5
0.6954403112720039,0.71843093615115283,-0.014824420355482829,-0.69502502345579953,0.67773627226004807,0.24002866919040924,0.18249106889972197,-0.15662226931069498,0.97065260239068252,14.89779534673313,11.667241970735455,-3.7762870484668043,0.2349149762530287,0.2810807870079894,0.9107142857142857,True,5
0.16403739812183485,0.93176144304124209,0.32390175251010911,-0.96600615929194233,0.085222524215680009,0.24406806750645943,0.19980948983331204,-0.3529273786886038,0.91406697410230353,8.1783354118355529,5.1836470625565676,-2.7082657657901406,,0.2443610912674574,0.32,False,4
0.99241801232591653,-0.086071625690040038,-0.087739182023492485,0.10483139463021918,0.96542550507760017,0.23867126522802232,0.064162820316451069,-0.24605948345214279,0.96712866935703246,11.601473669227273,-5.8669541711990272,0.28268952713771012,0.4404733002654465,0.4253547613168299,0.9076923076923077,True,5
-0.83633609242294482,-0.52580711282046599,-0.15514129243411082,0.52778807352078838,-0.84879059892486175,0.031532025402604913,-0.1482622337614512,-0.055510352945929008,0.98738893590919086,9.5549779762536797,18.314517472550445,-5.978071361607638,,0.2840023334914051,0.5,True,5
0.49069020147590692,-0.84148585991365554,-0.22610765962459095,0.86074902835133227,0.42779917827046143,0.27586042351768358,-0.13540397471186597,-0.32998395511978157,0.93422500126882413,-0.64214345024976194,-4.4803031746288617,-0.90076975909548473,,0.1877123901574971,0.1925133689839572,False,2
-0.56716304643809445,0.82118555699204909,-0.063090092270645659,-0.81629301014822675,-0.55029061641800581,0.17563017697832722,0.10950707894107728,0.15111094755162444,0.98243253264122066,-0.42163027574757062,-8.9127310780612223,0.14901760542408896,,0.3559885750067216,0.8578199052132701,False,5
0.99725065509839184,-0.026392792483580965,-0.069242699331748106,0.053686503418444581,0.901411948008773,0.4296210648207679,0.051077296879627233,-0.43215728675095566,0.90035059240915838,5.9836141058658106,-8.5087457601262084,0.53105327610068442,,0.6666012923206688,0.6730769230769231,False,5
0.46401196427176417,-0.87963046335105088,-0.10460948789414048,0.8757700734613888,0.43778702490018218,0.20339444254571043,-0.13311527125800457,-0.18599131370540528,0.97349245286445063,-4.7103279902102662,-3.4544475571637565,-1.3949588172169733,0.3866853197146055,0.3418492250197927,0.908256880733945,True,4
0.25177170778524277,-0.95549796578279922,-0.15373563199153026,0.9540452518104201,0.21837129659834095,0.20521119443137531,-0.16250742954368175,-0.19833712261423037,0.96656801164543671,-11.014905918816682,-9.6270080778570204,-0.56227927072941264,0.3280954698818579,0.2156143623829169,0.35,True,5
0.79257122345075637,-0.57822674244551286,-0.19360963322784688,0.60881869383557952,0.73256074960705031,0.30445779045952354,-0.034214818341031274,-0.35917764748938202,0.93264181964454218,12.722442020322005,0.75801035944151574,-1.3173502472079426,0.7257315346906114,0.6226187223103279,0.36,True,5
0.34269180439599489,-0.92521767838571733,-0.16289436700622914,0.92934090212142417,0.30850395690590693,0.20285659027385672,-0.13743294671931575,-0.22090168893863438,0.96556440954506162,17.665693283017646,2.4451726089556933,-1.3333320814134049,,0.1147078818064608,0.1739130434782609,False,3
0.99777627467170793,0.055049988873543419,-0.037576647366028268,-0.041396018550049422,0.95368154919828207,0.29795615846457751,0.052238638481990118,-0.29573806221686649,0.95383967374279455,-10.266167584274747,-5.7544012916239948,-1.3330221346287783,0.2339003862266296,0.287052503283569,0.4333333333333333,True,5
-0.54022430000384047,0.83997601995781723,-0.050970497164378806,-0.83321177170202176,-0.52541727895950308,0.17232186880360897,0.1179654575820277,0.1355616791966483,0.98372108951208659,2.5886156800958608,12.553945746119458,-5.0409848539244608,,0.1001420391610267,0.4473684210526316,True,5
0.58596360808665926,-0.76240731527283156,-0.27455734485993427,0.80255790547141115,0.49917625863061144,0.32668619680801675,-0.11201543805835538,-0.41177439021631479,0.90437513963983807,5.6995314203080669,-1.831851449030774,-1.1173821978132907,,0.4354491129793072,0.6415094339622641,False,5
0.7106418978609248,0.70050869108455927,-0.065388582486710436,-0.67603401781066563,0.7056289876669235,0.21228692500227589,0.19484891523278283,-0.10665507713724209,0.97501722792649004,11.144200114486766,4.6699631809586819,-2.4338547888546738,0.412646078567457,0.360628933049342,0.927007299270073,True,5
0.50103973365634502,-0.8020383795469902,-0.32510555675228747,0.8598997692788235,0.41899933915584214,0.2915680719509447,-0.097629770520075432,-0.42564538235555127,0.89960793481804713,-18.760937008418242,26.576438186511698,-10.177917360000583,,0.3692427293914796,0.25,False,4
0.55718721982681396,0.82748193447270046,-0.069397767853038389,-0.79777322659047489,0.55662259154650184,0.23179553385576634,0.23043498214700248,-0.073789827899071347,0.97028592708620531,10.965826383117314,-1.1167710549048886,-0.8774995097874857,,0.2116353001222476,0.2758620689655172,False,3
-0.98884195121007279,0.14046571233310653,-0.049608257234143756,-0.14360643011484175,-0.9873820273317746,0.06673773544154557,-0.03960793805194994,0.073117137258973716,0.99653654999820496,-8.4526616530018259,-0.89300447225312629,-2.2520395271211009,,0.2545942950962625,0.4625,False,5
0.86449787535790945,0.50056605960477918,-0.045574592410737969,-0.47548919529903699,0.84383303902661078,0.24870831791676851,0.16295228950688168,-0.19333758615142246,0.96750562227079928,14.922942323971069,1.6815801849122902,-1.3713030064363436,0.5211625169461326,0.4486559624450114,0.9906103286384976,True,5
0.41299711898229979,-0.85136143294294653,-0.32344565263681235,0.8956153715617865,0.31522582114334674,0.31385631729622188,-0.16524674258382269,-0.41930465318409715,0.89267974205960354,13.942931319297131,-0.90762869653315814,-0.80860265961088107,,0.4013018483725954,0.2631578947368421,False,4
0.99391085449273864,-0.071164422576074915,-0.084123945942439202,0.087703527536749343,0.97310660758654188,0.21300615373510065,0.066703107717131588,-0.2190870950805284,0.97342259075390836,-4.1797323304096858,8.6939815119677508,-4.3986485653591538,0.3864395547066927,0.3680287835841454,0.9894366197183099,True,5
-0.66127539278241454,-0.73402404911962205,-0.15467239642062397,0.7220569804642919,-0.67873156742530083,0.13400438926835156,-0.20334348247055492,-0.023068478372654952,0.97883567233847668,-15.220366220190304,1.1326746639451015,-3.3860095609815568,,0.1175999659413159,0.3157894736842105,False,2
0.70230065594345892,0.71107509370106259,-0.033852618501554896,-0.68490172811491512,0.68788797089321763,0.24024937528662535,0.1941221560940157,-0.1455415769408733,0.97012073366925478,-6.9234054154893068,12.727600000202608,-5.6873646757167222,0.6121543685350398,0.5800372641969995,0.9353233830845771,True,5
-0.56866172227383394,-0.78374780001894773,-0.24972631336328188,0.8091774774554823,-0.58756260595358545,0.0014121132440634843,-0.14783658410332401,-0.20126989355214289,0.96831543122588382,-7.3810225014434492,5.58563898610337,-3.8170469010330965,,0.6296359016983649,0.4205607476635514,False,2
0.69599804445688818,-0.71010060419295506,-0.10650753042385087,0.71363409319351612,0.66765846918037997,0.2120343122317227,-0.079455038506413,-0.22358287156334589,0.97144098966403125,-1.8334205721250278,-9.7360900284688654,0.20648643736662653,,0.1126255395568416,0.4313725490196079,False,5
0.98597606581381148,-0.015842756581466846,-0.1661330933505451,0.080756002040700423,0.91646547248880728,0.39187945323820123,0.14604679310660312,-0.39980000600271315,0.90489241870153247,5.3559050649713962,-10.671542757553922,0.99245188453822786,,0.3635016828595513,0.1212121212121212,False,4
0.86829022749733675,0.49605489111678386,0.0012750810713726968,-0.46877522811745942,0.81969403193518886,0.3291678591740953,0.16224015019731292,-0.2864109617471875,0.94427056220926642,-2.3456108378611211,-20.539524653053974,2.4581760453066348,,0.2508304447571134,0.2272727272727273,False,1
-0.77906571170220906,0.62503871577268844,-0.048818240803605473,-0.62424048697170609,-0.76613183814903696,0.15285882702580561,0.058141476376660485,0.14956139327916876,0.98704151805541407,10.005455072870591,-11.064732472074256,1.5048359853854021,0.3037458341650016,0.3069579511377417,0.9032258064516129,True,5
0.98554346340396493,-0.11119501767925861,-0.12782703072913099,0.16193677278084836,0.84004455475284312,0.51778531038589826,0.049805254371810541,-0.53099982492784903,0.8459069822170473,-2.8431091696117328,-7.7793412796100476,-0.2976254049329774,,0.4348600452727187,0.2692307692307692,False,1
0.054786701012843476,0.93780228165252422,0.34281962884212114,-0.97542201414943219,-0.023119440727058918,0.21912869682707833,0.21342518994906598,-0.34639915125154153,0.91348635255674027,11.364204484959968,9.4788433459215486,-3.5546600603033576,,0.4761043317818367,0.108695652173913,False,4
0.065721234980417667,-0.9916430193284983,-0.11101730265913223,0.98074885473081252,0.04369205915866501,0.19032258907096725,-0.18388149231733272,-0.1213883280366624,0.97542425159497381,8.201098719639468,11.617853563945676,-4.3835474735791955,0.1890533820941676,0.2020889369157425,0.48,True,5
-0.65155371319976185,-0.74544515840776071,-0.14067435666116176,0.73236381755393787,-0.66645727899400997,0.13956336916871737,-0.19779028680252597,-0.012091777467765616,0.98016977680616391,12.222342469142095,16.535125658251992,-5.1737619803974253,,0.2101974241090284,0.3333333333333333,False,2
-0.17257650688608847,0.98499090732666306,-0.0032033973831585988,-0.9704538479886281,-0.16947094879862928,0.17175251508306638,0.16863178287340294,0.032749198419058739,0.98513492061130792,-6.0090912374297041,-6.9964869923699577,-0.71351444619713311,0.3672635369006189,0.2449968124825745,0.2903225806451613,True,5
0.29290474786045051,-0.93326246247438005,-0.20791340701614969,0.93943786310673238,0.24043292911868391,0.24423044027489071,-0.17794187265020844,-0.26685798232705549,0.94716603994551574,-8.4832678033792384,-9.289938475503126,-0.40687696469951373,,0.1393987870747949,0.3529411764705883,False,4
-0.52198166187253792,0.85269897944109918,0.020966524005873857,-0.84361851457491444,-0.51973835648573719,0.13483264687721985,0.12586876711557929,0.052692421254009775,0.99064653747297349,-2.3426186071832489,17.645307881791641,-6.680166838938737,0.5280325826033226,0.4273339572822149,0.8933333333333333,True,5
0.96636107350904799,-0.2403689685994804,-0.091482427497648108,0.25568191955677072,0.9363209697341961,0.24068609774513319,0.027803446157004766,-0.25598007846400234,0.96628213675476682,7.1780510790726879,14.591338172376286,-5.2425925792212897,0.3347459737642543,0.3117987859385963,0.8636363636363636,True,5
0.92320469751804302,0.37558784317522287,0.081405519097932436,-0.35593742483802504,0.75577058647411666,0.54965386400920146,0.1449194123652689,-0.53641830009755898,0.83141672537912703,8.3002507530777052,0.071951747785173159,-1.4073762200314224,,0.2616995745317435,0.3513513513513514,False,1
0.65522121474986883,-0.74541930599193729,-0.12261817971330587,0.75010486782205732,0.62271770264894033,0.22263276954949712,-0.089598253394584354,-0.23785020719377969,0.96716049956897809,-2.1920589096008487,-0.45639661209414562,-1.9379662888831493,,0.2575599306837468,0.7869379014989293,False,3
0.97107648762937082,0.2363779646232983,-0.033703308649890351,-0.211431819635717,0.91687105915399802,0.33859126765372138,0.1109371029860282,-0.32167206705956158,0.94032975091437709,-14.154340513188728,22.363433502271285,-8.6254522137723999,0.4562277241164989,0.3059344106347484,0.4814814814814815,True,5
0.99269637236492236,0.1054761867132324,-0.058554985526064765,-0.08867528394824728,0.96705200232894883,0.23863595455896433,0.081796126498875299,-0.23170066643841511,0.96934214540675645,14.599222932949885,8.3034425240008449,-3.0011834173708549,0.1491033429842273,0.1184672518229079,0.5217391304347826,True,2
0.56296865326162226,0.82640298736344275,-0.011153381620510286,-0.79798132838670621,0.54702118372325403,0.25296961102906823,0.2151559782831588,-0.13351377095561229,0.96740993274528098,12.313819712829492,13.782500276164857,-4.5735901328524662,0.1803628760647865,0.1704709185306701,0.2857142857142857,True,4
0.98406259355458336,0.15594430082183972,-0.085452834989926146,-0.1281447545246881,0.95507353592727839,0.26723297487243985,0.12328720069186187,-0.25202364177305703,0.95983558494828236,-3.9900434907817499,-10.272020568869266,0.13929281830932608,,0.2848874379907552,0.22,False,5
0.46109572620682426,0.87065728006071896,0.17130858691574974,-0.86318596806298109,0.39535417841469878,0.31401442347320874,0.2056713782055595,-0.29266187706516933,0.93383526914532211,2.9594031741937554,-9.862252645576957,0.60131660620481142,,0.3636696434984452,0.4444444444444444,False,2
0.97986244421206836,0.18614050765921158,-0.072258576176968917,-0.16473476920708668,0.95811655686785357,0.23425439007621085,0.11283636930103583,-0.2176335793577375,0.96948624482191592,2.1906710661616349,8.4523547293607226,-3.9210367313545609,0.4252294881813309,0.3830597718397075,0.8842105263157894,True,5
0.98855556521302435,0.126717541659879,-0.081856943028892501,-0.1047031881624421,0.96696100240476757,0.23242990818091402,0.10860541825792462,-0.22119919634583832,0.96916241087909349,-10.40973821845065,3.600536786352166,-3.5493280973511108,0.433716178148897,0.4064439637589642,0.968,True,5
-0.12342561691361714,0.97238947247442331,0.19805259632331523,-0.97006191643479411,-0.16029028861012057,0.18244698314891145,0.20915543352336788,-0.16960464969509914,0.96306192294652326,6.0831033764769042,-6.1937956131336147,-0.011172571708800181,,0.5145357878055676,0.1142857142857143,False,2
0.87685906973300654,0.47727149105984618,-0.057706980933671367,-0.45323483799706737,0.86072497073344234,0.23179884896540914,0.16030082174692631,-0.17710010891421782,0.97105056406442281,7.6421993002623552,7.162414827150549,-3.3072974481483279,0.5382297579682302,0.5334169134572884,0.9641350210970464,True,5
0.9842267746499257,0.17404267811101884,-0.031730147464949399,-0.14000778176170328,0.87592676668155489,0.4616818389940881,0.10814562916905344,-0.44995715974605854,0.88647790569471518,-8.929989075191239,33.362826924750429,-11.359094098968612,,0.5518732927299338,0.2666666666666667,False,1
0.99662667545628347,0.017717536123177634,-0.080133380576873151,0.0018938477603628,0.97119333603443325,0.23828536963684327,0.082046834854335865,-0.23763331617437472,0.96788363140118905,0.34285364025538806,10.81669698575322,-4.6942819264414943,0.2068592375819567,0.236404091782447,0.9423076923076923,True,5
-0.88310826416088617,-0.41167443431252443,-0.22504211584547879,0.44763259480469975,-0.88297520214882386,-0.14135010597327258,-0.14051638281409828,-0.22556363298126558,0.96404159331282724,14.701035043385556,3.2515347587551626,-1.8381631687826785,,0.3415328016781596,0.1785714285714286,False,3
0.96851400442657853,-0.22512702735531426,-0.10629414275374906,0.24479974971978991,0.93888752501105754,0.24199854940833943,0.045317830560641856,-0.26039976369569123,0.96443675650635918,11.601726659432799,1.9931187540157638,-1.6386656089988691,0.3112674150135174,0.3784218459829016,0.8682926829268293,True,5
0.023526835335120514,0.97986126826228304,0.19828863552544762,-0.98118486305426644,-0.015387639664194777,0.19245644977174667,0.19163181503157051,-0.19908569889621552,0.96106302184753267,4.435426969621596,2.080999803330644,-2.2022296463721283,,0.08046402208235352,0.2758620689655172,False,5
0.4657894489097778,-0.87837877461719516,-0.10719569761104608,0.87515074040847762,0.4393390047414259,0.20271265494612287,-0.13096324234997397,-0.18823380996730285,0.97335330786840923,19.049394121064687,5.8057226334377825,-2.0040941957587539,,0.1549770638654135,0.4736842105263158,False,4
-0.025888361613553162,0.97996222206248629,0.19749388867334416,-0.98484981361271595,-0.058888244160762319,0.16310432038011771,0.17146614056414619,-0.19027931582286037,0.96664013190536402,11.302949895490935,-3.1615998652879203,-0.36685453344433572,0.5749136454320015,0.4008138173299706,0.2540983606557377,True,5
-0.94033679834404371,-0.28127830274401966,-0.19143986545523092,0.28305273870858849,-0.95892408979147259,0.018594007829495079,-0.18880638969494862,-0.036702948424335316,0.98132820238048768,7.7031156587857303,-8.5062498476715902,0.63249053523059384,,0.2202449830828167,0.16,False,4
-0.87405342025236976,0.48469808931442387,0.033141827953205,-0.48199477794448592,-0.8736882297128612,0.065953857320489917,0.060923333620041528,0.041673006564831631,0.99727213334398723,1.5767165810103618,-5.6923419474030421,-0.41916232706006301,,0.1988894847028346,0.1046511627906977,False,3
0.81292189063244402,-0.52073856149676201,-0.26074767554257205,0.5805964455737016,0.68972806251742924,0.43264646902885529,-0.045450710860837996,-0.50309695919001052,0.86303399848210394,10.841082796393225,8.2114642660773889,-3.3226395108705629,,0.2685700251660813,0.15,False,1
-0.94323546151416904,-0.31000968416856944,-0.11916736073210743,0.30280078018216183,-0.95010392450164993,0.074928099986836944,-0.13644981371634934,0.034590871169532689,0.9900428879440053,-7.2651770612870843,0.69853570213892602,-2.5428756948458409,,0.1002294631099752,0.1666666666666667,False,2
-0.81449628459115353,0.57851846116755845,-0.043728623069183903,-0.57875566931142897,-0.80494381582557584,0.13079498692244088,0.040468229848694262,0.1318402194039493,0.99044458649660516,-4.6570313515574941,20.017884943797355,-7.6014561077952818,0.5337232458034917,0.4177319630360903,0.8055555555555556,True,4
0.13468140068779683,0.97984631738697769,0.14751987870097535,-0.97096073264765237,0.1007944242367593,0.21696944416003214,0.19772752960856568,-0.17245775814951769,0.96496743244989092,3.9259070927341093,10.233024954563415,-4.3499133199119706,,0.3275119943559265,0.2083333333333333,False,4
-0.20134844022116996,0.97027417948895711,0.13426400201667327,-0.96257644090943995,-0.22138239651452662,0.15632155935634914,0.18139845927299825,-0.097764263054125181,0.97853806662943177,13.486130635092083,-9.1324295480749527,1.3139938598180156,,0.3762732518922418,0.4814814814814815,False,2
-0.28716228695880247,-0.9283914472518936,-0.23585406847905988,0.93573649135314818,-0.32452583733710755,0.13813109588629582,-0.20478046708289863,-0.18103121711512624,0.96192133708070238,-5.6335065929567518,6.9512559748442238,-4.0495688991753411,,0.5742122178345834,0.15,False,1
0.80793416000137319,-0.52259572604473215,-0.27227945244298868,0.58883747934669728,0.69822927010157398,0.40711952703112908,-0.022645441472896675,-0.48925411954648024,0.87184722886942467,-9.9540919642583781,1.0204713196137656,-2.8316363005510623,,0.4934408873535987,0.6666666666666666,False,2
0.79409364273821159,0.60681665038992627,-0.034479550059535902,-0.58118039110815101,0.77470129928201936,0.24913299637368069,0.17788940259086439,-0.17779609022782758,0.96785531498543942,6.7441040762527287,2.4517552356303067,-2.1495636101561182,,0.07030057998875319,0.28125,False,1
0.93410826381042822,0.35691518415271045,-0.0073008768174428473,-0.32820123364315357,0.86664565866660759,0.37577819594733508,0.14044821720541301,-0.34862136141601868,0.9266808753008029,4.9344407095354939,-6.4031469364187483,-0.057967504040219081,,0.09364501200369266,0.2666666666666667,False,1
0.53162255473404385,0.8467445088261828,-0.020029879449382303,-0.82215499774800971,0.52157925350180578,0.22807069516812351,0.20356477832871861,-0.10477986013164726,0.97343852499003425,3.259003688223336,-2.062713635879466,-1.1571523952764731,,0.5492556266549327,0.9854756717501816,False,4
0.91154680444603176,0.40409842363475096,0.076071593385024852,-0.39630046754951831,0.814017449884888,0.42464282721239544,0.10967389262837485,-0.41722902020210972,0.90215939942835288,3.2322217221146858,-6.9631732866187681,-0.086417603967005027,,0.3752930601518252,0.1,False,2
0.7533565958317554,-0.63385050747814242,-0.1751781198851346,0.65707933418503806,0.71482500259824455,0.23931561638841542,-0.026468624893194639,-0.29539592046966584,0.95500819999942521,15.341324860543317,-4.7904407151437507,0.30628177576080312,0.3381973933280069,0.2726476875441386,0.7096774193548387,True,5
0.12421980535290253,0.99142351999468592,0.040605959654153034,-0.976305491875471,0.11481292695744183,0.18342731077257909,0.17719206102950036,-0.06242912625379958,0.98219426678397259,16.254941341412334,-0.50570835267297443,-0.70646762175744082,,0.3257616569244834,0.5833333333333334,False,3
0.85755516724374425,0.51388345505294442,0.022867657431443963,-0.48788283538884619,0.7984697725922254,0.35272703495686286,0.16300145418521145,-0.31363962900017628,0.93544679648504758,9.5542857528502108,-9.1682751948709917,0.98253810563720778,,0.2953741738704582,0.1578947368421053,False,3
-0.32060285858761389,0.92010521238979737,0.22498934463342191,-0.92083803195307212,-0.35841803806647382,0.15360282841592954,0.22197100255268523,-0.15793323944536186,0.96217772054025974,-0.53486331821405331,5.8182443049322528,-3.4283701639487245,0.5053789020208911,0.3659977488823509,0.4168260038240918,True,2
-0.97420521145161154,-0.18408609183149116,-0.13052400842269515,0.19265333465781967,-0.9796526723261163,-0.056261303304499799,-0.11751127020733829,-0.079955940357841065,0.98984753824806304,7.0598322147524852,12.434900157242696,-4.7378681237970826,,0.5324123735331567,0.3235294117647059,False,1
0.93409795853696242,-0.30468549346819457,-0.18608534044121397,0.35665619343973481,0.81979435514341903,0.44803300654758116,0.016042553978659932,-0.48487520594997346,0.87443620185626636,10.637524470843198,2.8002264209794792,-1.9503131850925737,0.4580767415511447,0.3584213597159683,0.1111111111111111,True,2
-0.82418413458347284,-0.45700783540560119,-0.33446128427484512,0.53947675081589885,-0.81324500825055612,-0.21816826507233672,-0.17229436331468401,-0.3602449096565275,0.91680873547133468,4.140080892962783,8.5863948613999099,-3.8746706327478715,,0.3657394952668516,0.4761904761904762,False,1
-0.5098999126458803,0.83656711637932812,0.20039346016399442,-0.84236776865931684,-0.53280326144181733,0.080853119425815745,0.17440935011531539,-0.12757799335989339,0.97637351162483665,10.232237112723263,-0.64455328332065753,-1.0308149091817314,,0.6674528021736521,0.1746031746031746,False,2
0.90100065714392319,0.432854461278527,0.028893445234057319,-0.40602238480450104,0.81794298612704808,0.40757219542460471,0.15278625220838066,-0.37895420145031078,0.91271576864830861,-6.2473216739478676,0.11849103424334695,-2.3905957782484144,,0.1730246936117145,0.2608695652173913,False,1
-0.99370168526288472,0.10367091503841777,-0.042535891677491729,-0.091926845191205434,-0.97124398136925982,-0.21962373229498838,-0.064081322075112565,-0.21433028257594802,0.97465692124563463,-5.2571692487314383,4.602577482058182,-3.4219643660151289,,0.5370735564186078,0.4339622641509434,False,2
0.99737351305395738,-0.018071207347491711,-0.070139196769072321,0.037036274461047958,0.95944451748948567,0.27945398947485656,0.0622445968133188,-0.28131770176149823,0.95759383918401186,-12.63461508594091,-4.1913358839665591,-1.8183531444130252,0.2426936653308672,0.1882797764738386,0.2592592592592592,True,2
0.27039225832587283,-0.87088492854768251,-0.41042352255436265,0.94911473643393196,0.16963341668032053,0.26534076397965622,-0.16145972786234133,-0.46128510183384164,0.87243728204654325,10.166636678791834,-4.419939056667979,-0.17438831650854725,,0.2782620867915143,0.2692307692307692,False,1
0.59305894089131517,-0.66697650914418727,-0.45102486503374156,0.79819399167337823,0.41350606812807655,0.43806287594108761,-0.10567612921275095,-0.61980244261465423,0.77761011300234373,9.4037957217411279,10.380201948826183,-4.0617959372574122,,0.6623171454984962,0.1904761904761905,False,1
0.95859696254139592,0.28156041840357471,-0.042609789894030088,-0.25429744416491823,0.91373473263281757,0.31689374918357716,0.12815878158596755,-0.29293782474927604,0.94750343404842741,15.70393737875801,-2.5199565807926927,-0.26069945203158262,,0.2589342284283749,0.2222222222222222,False,1
0.034818386168454535,0.99879061793496116,0.034712843584499831,-0.98064092566846839,0.027447352231287549,0.19388145285091143,0.19269420045427657,-0.040791474361552726,0.98041062863001283,-13.54575885026588,4.3285328479153815,-4.011864923989009,,0.4580844282298247,0.1851851851851852,False,1
0.66811185460597888,-0.64831896945454182,-0.36511513742977081,0.73883790426285412,0.52001646015263081,0.42860405083806802,-0.088006255229007513,-0.55611635025031259,0.82643179030385716,18.803770954363678,-4.0497903023527186,0.44706353488585887,,0.4493137566646486,0.2666666666666667,False,1
-0.78644461119933962,0.61484361862777082,0.058925360823910228,-0.61526565099131447,-0.78821523013785444,0.012842495433646628,0.054341993207408443,-0.026154839159077674,0.99817977948003356,11.78060350591482,-9.2401292301704725,1.1867669894269901,,0.4633348048523862,0.225,False,1
0.90817950859409979,0.41299896430111566,-0.06813101831020027,-0.39062843285311527,0.89471245892433127,0.21656186943295427,0.15039749870426156,-0.17006313925063959,0.9738886594738223,6.5819912079005096,-4.4610960089876324,-0.38337925347605672,,0.4970546554164164,0.8856382978723404,False,1
-0.82332995816095977,0.56754877220483013,-0.0040213385162445048,-0.56602368833124639,-0.82055485537630546,0.079416078764081188,0.041772769151260179,0.067661809665131606,0.99683344409699415,15.345608462428709,0.69938909294141527,-1.0348444198498268,,0.2020478768730581,0.2142857142857143,False,1
0.96814395366759587,-0.2081147619662114,-0.13923193178513935,0.24838745857743028,0.86848038450699172,0.4290052355718188,0.031637879169121579,-0.44992229059953626,0.89250712995658754,5.1898016340022446,-13.531753347642056,1.5998578190021515,,0.2942152675612437,0.12,False,1
-0.064189915935146502,-0.94554985347685039,-0.31908483085559874,0.97875089473092491,-0.1220487088964476,0.16477499421976907,-0.19474686327551863,-0.30172767066780171,0.93329206146721799,0.58776167376820987,2.028862535381871,-2.3310375688006824,,0.8251422530100323,0.6915191053122087,False,1
-0.97784191710520196,-0.1868023746258064,-0.094498984048417764,0.17528970714234263,-0.97739108800755992,0.11823780974523491,-0.11444956846565625,0.099053187316504573,0.98847850880050303,1.2674573311800312,-21.638927360160341,3.0119768137501008,,0.1645234465579526,0.2666666666666667,False,1
0.9191069211733095,-0.37837841841500525,-0.10987374540389248,0.39400776807379367,0.88222976686056243,0.25773730262161454,-0.00058834414074331043,-0.28017924788056159,0.95994752091364588,14.562635080774958,-11.858087145103266,2.0026984322997468,,0.1864792883299151,0.5652173913043478,False,1
