axis_00,axis_01,axis_02,axis_10,axis_11,axis_12,axis_20,axis_21,axis_22,location_x,location_y,location_z,dbh,dbh_approximation,score,reconstructed,number_clusters
-0.79937685991898477,-0.58370464369624619,0.14242726127221658,0.60016318310683781,-0.78689534104926062,0.14352656854407819,0.028298223780547013,0.20021141616403476,0.97934396376781729,-5.7877666051319263,11.297675721741802,-4.1083745603758324,0.4014818990221469,0.298290879279688,0.5769230769230769,True,5
-0.088430742093489861,-0.99087276898532306,0.10174064839656612,0.98248127974862498,-0.06994555925659815,0.17273723884497594,-0.16404431960997365,0.11523356465735485,0.97969928385196869,-3.5128352763019297,-12.262602490831902,0.65846629269739576,0.2849728003238293,0.2663890309715189,0.8813559322033898,True,5
0.36230522463839987,-0.90661239683194905,-0.2163073880161003,0.90327180961798037,0.28429610250552501,0.32136546804164851,-0.22985856988413236,-0.31181675389689534,0.92191938359057479,-10.248410897740785,-20.499592342906439,3.218318733165475,,0.3437524596135299,0.3783783783783784,False,1
-0.90435846879519843,-0.42411653206178151,-0.047549207672615751,0.41928492579959203,-0.86217724060374701,-0.28434232323405584,0.079598435384347521,-0.27708405406446207,0.95754295781837773,-10.463542758152425,-2.2619923974914684,-0.81087900188664708,,0.7665415611821473,0.425,False,1
-0.75355999592205192,-0.64764154379582639,0.1127287154886337,0.65729040777437275,-0.74511489706402023,0.11301818447079477,0.010800573769805533,0.15926148600033505,0.98717735320620559,-2.4542895965120879,-11.201728728559472,0.29853311355715978,,0.2098080538076471,0.4615384615384616,False,3
-0.36974158654541289,-0.92138242059544784,0.11977309462711459,0.92302742138532035,-0.3494908195520427,0.16086188616203939,-0.10635571705201452,0.17003117968924558,0.97968252989620908,-5.6174186170506246,-4.6181651413038054,-0.69702435115274231,,0.08339063936045016,0.25,False,1
-0.65650898595105545,-0.74412023870132704,0.12361642981657855,0.75391160119420531,-0.6419042138329436,0.13991525237907476,-0.024763863800027375,0.18505148099540031,0.98241676514150678,-0.83854906933616102,-9.5091930250238921,-0.23543314245128735,0.3279806633468219,0.2181971876104508,0.8301886792452831,True,3
0.96636276438588975,0.1681590565091709,0.19459069690611536,-0.22393887353519978,0.92224920891672257,0.31513136557992161,-0.12646892317185235,-0.34810763905209829,0.92888464467086929,-10.29104921639361,-22.337825082387752,3.5979280511660425,,0.384796008854507,0.1071428571428571,False,1
-0.4345996099264714,0.72344710327175177,0.53642098003291394,-0.85903760590538203,-0.51188156256425787,-0.0056265039878433676,0.27051353143994616,-0.46325107088325918,0.84393179501272764,10.75933896700203,4.1097055283612711,-4.610854377094749,,0.3007104504163246,0.2432432432432433,False,2
0.97483659900134623,0.097583353965876668,0.20042727927170809,-0.17601111485964241,0.88867783215780305,0.42340500478522181,-0.13679799959558819,-0.44802812373787254,0.88349143043187861,4.7243061765498231,7.7443048732499244,-4.5603628483050072,,0.4561794696337249,0.25,False,1
-0.28183107154986392,-0.95799374438457396,0.053096448365968427,0.94689064581232973,-0.2687818780641732,0.17650611008519249,-0.15482038619692692,0.10002143642400091,0.98286640001249137,-4.9909753756369861,-13.727010539328145,1.0860917421605265,,0.2108764436120501,0.2692307692307692,False,5
0.20023675770055438,-0.97956601184099124,0.018859197000522826,0.96771171150361635,0.20074820583211872,0.15242769195237063,-0.15309893626120025,-0.012271361013361709,0.98813467169944436,5.7015842953349729,13.318304615499683,-5.9382078149674085,0.2999278377975946,0.4454646754857374,0.45,True,5
0.82566914794344448,0.53246203986438612,0.1864259484025873,-0.56334756595125024,0.79584011943917665,0.22198654064568765,-0.0301658427886356,-0.2883100421325886,0.95706182743559309,-8.5862033672949476,-20.189129336059207,2.9112238208835239,,0.2453647234357139,0.8163265306122449,False,5
0.33541017133991702,-0.93221926444180747,0.13589429703009392,0.91386222046505328,0.35699959142121895,0.19340923900311885,-0.22881402703595449,0.059317238039700099,0.9716612610899602,0.38885639034364539,-11.523340738496573,0.03933334125319856,,0.09878848683816238,0.375,False,4
0.15651017634795752,-0.98136789220939513,-0.11145234335813764,0.96605954573601238,0.12862745211800056,0.22401770611708502,-0.20550795311096973,-0.14273065088522641,0.96819132536189312,19.638248694663421,10.676625693866585,-7.1021353425722138,,0.2902163872678576,0.2083333333333333,False,2
-0.58391076140150766,0.78376941627050523,0.21155076184808083,-0.77436080989481271,-0.61596795464612142,0.14473705450963134,0.24374896680511712,-0.079303095576814156,0.96659063735035877,-12.979189473625935,-11.314663659247621,1.5340267661230471,0.2759971514459676,0.3641154024312789,0.7361111111111112,True,5
0.35057097938444953,0.9085186253918216,0.22736291634649289,-0.92160063465548359,0.29147604609377448,0.25630837824025421,0.16659009159021748,-0.29939208718617549,0.93947438470363187,-11.429675695696407,6.1262896486475675,-2.5126165203154809,,0.354509660898651,0.3076923076923077,True,2
0.96555430904158812,-0.20570080737617949,0.15934884416276421,0.16626526113210088,0.95881987976083205,0.2302613756497123,-0.20015179047886475,-0.19583568627860315,0.95999356495129329,-9.4238184401231386,-17.558242068728266,2.4696383033067946,0.198928956729003,0.1838094568092468,0.5161290322580645,True,5
0.39456567278870297,-0.91881899771701281,-0.0094646337013964688,0.89118258596259403,0.38014786773263692,0.24755039312300112,-0.22385604377327215,-0.10610960414888401,0.96882878960812535,13.605353519892299,5.197752923396223,-5.1883904006352646,0.3469465872940091,0.1780203681656738,0.2,True,5
-0.44175232599927805,-0.89376891220612598,0.077666041795028284,0.89341153850606314,-0.43038495703897978,0.12878125492006312,-0.081674386061103721,0.12627715679581625,0.98862701477003345,-0.64394711770341484,-13.903802774749405,0.62038644651328612,,0.1796979655375001,0.15,False,5
0.79629773996550812,0.55554835751229348,0.2393239055991217,-0.60291124128703233,0.76100928760484221,0.23950553085242193,-0.049070810626623232,-0.33500878592144989,0.94093632563520602,-13.342067158606945,-21.442862566949898,3.7871696703359365,,0.1800136555848629,0.35,False,4
-0.071612997623813221,-0.99442700868589162,0.077372494902015837,0.98241737783966765,-0.056913302118342612,0.17781161874472368,-0.17241715195990337,0.088745706589203791,0.9810181064955017,0.64990038933377703,13.096177251501834,-5.2393388023296188,0.3399307134725399,0.2866557339449028,0.3,True,5
0.89567188525140617,-0.4189251035302925,0.14924353119088868,0.38221346389484645,0.89670668194991232,0.22322633035527373,-0.22734278521144036,-0.14289466112669308,0.9632737792724313,-14.888566689795921,2.3409368683242739,-1.3728293978960264,0.4800311724447651,0.502052751271403,1.0,True,5
0.8398231346756897,-0.52218998697145202,0.14837358245406818,0.4888232687762909,0.84630925936647761,0.21168951181725346,-0.23611208009409804,-0.10525328981708607,0.96600871145985001,-9.3310698651773585,-1.3500262127027249,-1.0605686580792986,0.3999460603535038,0.373599251701453,0.9714285714285714,True,5
0.93915060036382914,-0.31025209237151424,0.14744418949337396,0.27802250708439924,0.9386237347920352,0.20417876980616301,-0.20174150636585894,-0.15076181102703096,0.96776610859498757,-13.459529447651391,-5.7837941287677692,0.31642994595340679,0.4898863897724617,0.4073554557711234,0.7647058823529411,True,3
0.54645242470978173,-0.83229238105665504,0.093161901890433177,0.78522389699857631,0.54785163859038211,0.28858623265187278,-0.29122702331886752,-0.084545694916272104,0.95291072318447279,-5.8935875998934861,-16.026611139824741,1.6581136107286654,0.4381900132541318,0.4004132303347815,0.1,True,5
0.61541659744832711,-0.78588582594956902,0.060381124175429193,0.74880759899315052,0.60685558279229679,0.26648354794233781,-0.24606826547776978,-0.11878455373232122,0.96194627631660201,-10.194239599036791,-18.508088371685801,2.7823208830714443,,0.1840051198567494,0.2068965517241379,False,4
0.32945510172189213,0.92409126351918969,0.19368704819095603,-0.93721179053202319,0.29521034532787777,0.18570113542774852,0.11442637649238679,-0.24270597170012786,0.96332778204716996,-0.36244383963609667,2.5870033785286104,-2.9211687681782035,0.4407526116656691,0.4247210371887172,0.887202832574608,True,5
0.56880036739415696,-0.79412925848147964,-0.2140674260038867,0.78546311847013195,0.44728293357557963,0.42776823965226929,-0.24395456867099263,-0.41145679986564909,0.8781739407821616,13.448417203833268,3.7088796439594334,-4.917349147932601,,0.6979720826652132,0.2542372881355932,False,1
0.86179834184881454,-0.50679138225743803,0.021589646968628209,0.47946236269764569,0.82774243850141804,0.29147606807440984,-0.16558822646259033,-0.24084216900975186,0.95633445451037291,1.0423071465991216,3.6778160644976916,-3.3373316283521586,,0.3777708957735438,0.3072289156626506,False,2
0.87536456362541692,-0.47818522319371071,0.071244459911385366,0.43497434713756766,0.84329505103122337,0.31567510867740833,-0.21103127275626901,-0.24534129131768201,0.94618890962293678,21.987909726145219,13.60499360397745,-7.9928055456151972,0.5904592745621021,0.5253828508219073,0.803030303030303,True,5
0.7105670451924796,0.62143120747545721,0.33002686051596664,-0.70263402735415281,0.60172971184569057,0.37977200724406623,0.037415209347447589,-0.50174157517361373,0.8642080153827485,-9.0291450243979288,-5.6441196643063298,-0.20610008023442614,,0.3539712945793977,0.3846153846153846,False,5
-0.9876249312047034,-0.031593055180401959,0.15361925051006073,-0.010904467916568489,-0.96329728626051236,-0.26821526962980441,0.1564547469473562,-0.26657122340474093,0.95103191061611514,-11.490978121277443,-8.5607199547704891,0.67952463851023992,,0.4111771688382293,0.3846153846153846,False,3
-0.61299741670005903,-0.77940191883468646,0.12948674077241426,0.78924301972431354,-0.59650068654575794,0.14588484077136307,-0.036463995056775403,0.1916235368300247,0.98079090391237378,-4.090411134341319,-18.013894043811931,1.7930578314366918,,0.1086686842330574,0.25,False,2
0.19835909375510111,-0.97421119663094713,0.10754633551894699,0.95692949851773446,0.21622699620729782,0.19373131129935395,-0.21198963368819021,0.06448589357423877,0.97514202285548113,-7.5156655686082967,6.5311407170227813,-2.9055014232328613,0.2885799086812307,0.287398251653213,0.8214285714285714,True,5
0.98340698555246531,-0.091825659097313619,0.15645686018183144,0.033489327390931148,0.93950155965178039,0.34090362914286343,-0.17829516459376082,-0.33000737528609236,0.92698757625939499,-11.761124490531149,-19.999923849076549,3.3529647059173522,,0.1852926131673711,0.3888888888888889,False,5
0.85095405305109384,-0.52206617795756716,0.057655055534569358,0.46780740146352173,0.80323584701058059,0.36873894453006056,-0.23881673880166795,-0.28680843765477554,0.92774322167190371,27.593929346473779,19.277538161393139,-9.9754151908514981,0.5128946347683946,0.4708787420653328,0.7959183673469388,True,5
-0.43314241043526014,-0.89618985218578606,0.096080180690679515,0.89716370915639165,-0.41845372552626431,0.14139928771368393,-0.086515497196050284,0.14744567959900026,0.98527906722537784,-16.362204542097086,-13.105016367589567,2.4484546284549324,0.5793335529524636,0.4001095063269984,0.46,True,5
0.32365695694610824,0.91573751181645513,0.23805668163820673,-0.93969523694085388,0.28170650930135432,0.19394407515549436,0.11053974801427283,-0.28647207903992256,0.95169044969437788,6.0238875001651682,-3.5171409633143229,-2.4354836541333569,0.6030267441802835,0.6175827872850356,0.9191919191919192,True,5
-0.90984942053632056,0.34433360871496593,0.23153487395865829,-0.35112298571606626,-0.93624490350992762,0.012574957396452036,0.22110332618836456,-0.069855898541326344,0.97274532771297662,1.3308153656042379,16.286510472148255,-6.0609953419644489,,0.2757027818748378,0.2631578947368421,False,5
0.55495928565361086,-0.82718295676986486,0.088252746678489022,0.79524296032412189,0.55866201412889205,0.23555336555518869,-0.24414918660884544,-0.0605401519564749,0.96784609555410506,28.927715458739826,14.1856825572884,-9.1767173497854895,,0.1770919178288285,0.6428571428571429,False,2
0.83820412080516538,0.49711637041634255,0.22425246069847565,-0.54457499885885541,0.78497232946995599,0.29539213358582983,-0.029187711166125077,-0.3697211871540404,0.92868418813194509,22.352777814141728,12.035578712950537,-7.7619063705309834,,0.3074850477716507,0.131578947368421,False,5
-0.23915036930904976,-0.96744459248461112,-0.082813412751981647,0.96648572923120069,-0.24537421360416864,0.075477350844944474,-0.093340430959900259,-0.061987545284686058,0.99370272626062539,-8.9157722027832165,-22.918511881566328,3.5223637551160252,,0.3378655926703806,0.2307692307692308,False,4
-0.95600903543730198,-0.27715097181993908,0.096094031976511618,0.26930286384900082,-0.95911460376389623,-0.087035305305093125,0.11628710885117877,-0.057328140263641074,0.99155977764779601,-6.2087771906097684,-0.1445351196167094,-1.6892603342637185,,0.3712878850947735,0.3157894736842105,False,1
0.98992091518805525,-0.081799205894227844,0.11560913280670038,0.051083108069322161,0.96761048044428011,0.24722555329975088,-0.13208746247551867,-0.23882807215539736,0.96203641002163487,-6.8975749264955839,-2.6753545952007767,-0.98540412046146753,0.5556016769132303,0.4116082419236033,0.8134831460674158,True,3
0.91480689262896586,0.35208152608796306,0.19790641269577086,-0.40162993025196869,0.8447743908004921,0.35362356789877314,-0.042681943774110179,-0.40298241603726404,0.91421191418643999,2.3395551023523042,-5.5013986421790255,-1.5078543595587706,,0.5394699335035821,0.6095238095238096,False,3
0.74895823764780745,-0.64979251507283431,0.12973529055276395,0.62207586756701683,0.75695975322510112,0.20008384989332928,-0.22821738156904897,-0.06914925417322669,0.97115148529827877,8.4978541792799085,12.98013267577878,-6.1172064397884425,0.3093622119610578,0.2866337704143601,0.8431372549019608,True,5
0.18061351284050853,-0.95379258093117125,-0.24012178480943272,0.96109514802707718,0.11927472927338967,0.24913782409656482,-0.20898534737685048,-0.27577753990746878,0.93822804960433914,8.6819948971710854,-3.6655894783410496,-2.805551141163753,,0.3870190576147599,0.3076923076923077,False,1
-0.96565013838113989,0.13761686607353546,0.22041190624960663,-0.15515134699668495,-0.98579982539245792,-0.064239892444764579,0.20844152602013147,-0.096230465177609942,0.97328917994710129,-18.552748980730513,-24.89067923763594,5.1607086027506206,,0.7203626982089608,0.1379310344827586,False,2
0.98211347772804547,0.06206463807514366,0.17776697546374226,-0.11068832513345206,0.95405770916550647,0.27842769664855255,-0.15231943915363036,-0.29312432222944013,0.94386276554033854,-0.083641541198602981,-8.5929070837369412,-0.53926921279468021,,0.2355235664663435,0.1923076923076923,False,2
0.65751991184019865,0.65359699513427005,0.37480466043675431,-0.75302386265158205,0.5536021339825743,0.35563990148355379,0.024952511115097303,-0.5160771698122224,0.85617856022424299,17.218731099239946,7.5865363007581745,-6.1201783552508182,,0.4773616472549531,0.1052631578947368,False,1
0.20379939377301837,-0.97034295674617121,0.13000135918846595,0.95586435137846459,0.22592356948098211,0.18783472127591039,-0.21163446992769736,0.085983062553447454,0.97355932746410101,0.85026626255455517,6.9220059166619619,-4.0567288288721768,0.3786886582283057,0.3362644641563149,0.9454976303317536,True,5
-0.8371659266862056,-0.53635131421983329,0.10714699683278975,0.54447126370379828,-0.83585161493093019,0.070022288009937678,0.052002444138876822,0.11695873439814367,0.99177436962827836,-13.560100949649248,-9.4760861882295959,1.100670970878165,0.4250893554632077,0.3150359783965527,0.6271186440677966,True,5
0.89564245791994401,-0.43045705236151977,0.1119433501524448,0.38165797891795517,0.87304330172030109,0.30353349147923853,-0.2283895240578758,-0.22913340959700054,0.94622201723859178,-8.770067546468967,9.0614794474266827,-3.3306683591739867,,0.1015864066340595,0.1818181818181818,False,2
0.8930486272627175,0.3630543523528027,0.26581137406413663,-0.43321438147394786,0.85340953792979901,0.2898576551595502,-0.12161187864810727,-0.37401029104576133,0.91941658303706053,11.353408530989881,1.9202645287604632,-4.275511379211328,,0.4789927034920964,0.375,False,2
0.85044846576912358,-0.50867047757281392,0.13413333782766929,0.46947444368085361,0.84892452819302333,0.24273626050264518,-0.23734185008442887,-0.1434625061753077,0.96077435203090356,-3.063995248795246,-15.970142858918477,1.2706644281834625,,0.143532654073975,0.2857142857142857,False,4
-0.96564483502302312,0.19701076343837354,0.16946035430976381,-0.18858422754579687,-0.97992848164796675,0.064623215457516217,0.17879049671142092,0.030445524211986683,0.98341599963654414,-8.5924870562035096,11.221817043542819,-3.8687297048566647,,0.2580075247409375,0.3636363636363636,False,4
0.10749414880265237,-0.99084884526141526,-0.081630716138685666,0.97414809109822975,0.0885604906471604,0.20782814079428816,-0.19869701704572609,-0.10186071539340183,0.97475324573795397,9.6245267214863546,-2.1596336973925334,-3.2631401695175617,,0.8107909841227263,0.3333333333333333,False,1
-0.65771589612852566,-0.75124656027039105,0.055121734930583435,0.7527411752588401,-0.65276405304912588,0.085321826731614009,-0.028116241743724082,0.097609921262059973,0.99482751279878867,21.137981334118198,9.3412469731943304,-7.0439892879513115,,0.1859705508536759,0.3157894736842105,False,4
-0.96434423695059412,0.18101377748644767,0.19306528693750957,-0.1658833047654889,-0.98184599258270344,0.091984651161842831,0.20621086746400194,0.056678560403142508,0.97686468813770255,9.438239721278693,-11.302364967992107,-1.3644539390595105,,0.2354504904463671,0.2222222222222222,False,5
-0.86582693929792065,-0.49820866797667129,0.046171791592996544,0.49596883293559024,-0.86677074935461129,-0.05218605963047615,0.066019905653557198,-0.02228432669295001,0.99756943660145214,-13.767497128425305,0.27104213720347226,-1.0680625706405851,,0.1902991144378623,0.2777777777777778,False,4
-0.87102103972944123,0.40466085912181127,0.27851739163549893,-0.46716861895488265,-0.85765315202215642,-0.21490591497268868,0.15190730664596794,-0.31730215870879019,0.93607879490260348,-5.5038362492260102,8.8398093037561658,-3.7054404770745348,0.929793445193016,0.5099620986240104,0.3157894736842105,True,3
0.93835062777252587,0.29040211512638003,0.18752256101342171,-0.3294002596167544,0.91568841470396656,0.23023943220341855,-0.10485021851823845,-0.2778152960278874,0.95489533089737955,-8.5011861805471494,-16.965203864816502,2.2390141641624881,,0.1862071565941005,0.4516129032258064,False,4
-0.50584858733851001,-0.83450919063542739,-0.21842989134419691,0.85969456171849068,-0.50854649412850927,-0.048017953530471946,-0.071010331919278941,-0.21207280366564218,0.97467053854423435,6.1321971524230152,-0.053919949532932943,-3.2244468789125347,,0.4950260131067292,0.2156862745098039,False,1
0.6776940389586017,0.70604823524415838,0.20549131141872323,-0.73474013120646176,0.63883791004617385,0.228129490164135,0.029794784018152512,-0.30558470870847998,0.95169861650044718,-3.8448752559131085,13.710349558611313,-4.7624512739552287,0.3160863523833607,0.3908766067824713,0.2692307692307692,True,4
0.52493445719276333,0.80837683997376175,0.26640326620703314,-0.84858571178265874,0.47281837572608426,0.23737117207880831,0.065924998369801993,-0.35067031264391946,0.93417569355028629,-18.378931093845047,0.47285475465516513,-0.57318060073655797,0.6786976436688154,0.4643743146438913,0.2,True,4
0.60121393870499618,0.76078780353235165,0.24442528081858811,-0.79790601652826776,0.55491942275618678,0.23539418649561616,0.043448690369414761,-0.33655066816805068,0.94066245755893874,-15.093739871135877,-23.287558547550127,4.4624358270851054,,0.1907609766888873,0.2352941176470588,False,3
0.069563363473345866,-0.99756308993671583,0.0053684316319551895,0.97873826319100632,0.069289582444976391,0.19305534421624684,-0.19295686209131813,-0.0081752896286670373,0.98117318247665108,2.6234732571871553,11.881635399911415,-5.2284914463805645,,0.7247254086171919,0.3333333333333333,False,1
-0.74863574944023781,-0.66013040032923931,-0.061419615931822658,0.66253836679432865,-0.74153125616071724,-0.10570860259322981,0.024236897193279983,-0.11983009095326734,0.9924985249946594,-14.776702064573239,-9.0763340160556858,1.2242265521627675,,0.5577247430870038,0.25,False,2
0.80493817633138309,0.51947214128787444,0.28674592710289926,-0.59286179696886787,0.68434192675218075,0.42448912469456856,0.024278014316564539,-0.51168820751987931,0.85882812966619859,10.352961223518342,-8.1960855141833964,-2.1167688647366534,,0.6103545683327971,0.3333333333333333,False,2
0.51540536034657913,-0.84395803304388084,0.14863429276824711,0.82169524488803136,0.53594865989309115,0.19384519206624173,-0.24325755703453805,0.022223240526611052,0.9697071148166776,-2.8269351640908988,8.5063377504667805,-3.822911904022801,,0.2935250567550156,0.835820895522388,False,2
-0.086181050527140757,-0.97394492941223765,-0.20977154478677876,0.98130970744394819,-0.11934617226808425,0.1509561169387692,-0.17205837557733999,-0.19284129650349771,0.96602699225049538,3.6583827226621386,11.200137887731687,-5.1910072111139138,,0.5307894464874224,0.1372549019607843,False,3
-0.98366498167692695,-0.065939754172108289,0.16749672427320011,0.086066983888844484,-0.98952557408817721,0.11589483383542223,0.15810021539140248,0.1284176274706269,0.97903689146426298,-13.268414602175389,-7.3618069335475669,0.59587794719722498,,0.08801130879716464,0.1666666666666667,False,3
0.96671647763437352,0.15837158698341286,0.2009420122984355,-0.23835254600375341,0.84293146356804749,0.48234283610369694,-0.092990944095206252,-0.51418380776078954,0.85262400631984159,1.6756523825051457,8.5787843765953102,-4.4891671750579931,,0.2766417780237099,0.2777777777777778,False,2
0.35322899881922121,-0.93450528648739895,0.043922020903811171,0.90708033589287429,0.35359835558049024,0.22841512026843364,-0.22898589176986586,-0.040842042773067827,0.97257256228647626,-13.253338556900719,1.1303108451083068,-1.2553970352949089,,0.5250496714041345,0.2307692307692308,False,1
-0.49023548976934278,0.79065273298723515,0.36679343013531318,-0.8028640684381908,-0.57343788398450424,0.16302846629423529,0.33923215086646652,-0.21456292557473766,0.91590627183534501,6.2814917404664055,-13.314066912379104,-0.46373346553826766,,0.2305659393120609,0.2,False,2
0.0040529605024180399,0.81185171535334932,0.58384960887971005,-0.98355346222325779,-0.10219214282852576,0.14892734098464597,0.18057175986241222,-0.57485090086207458,0.79808538472913582,-5.6395104657680406,14.856242891749517,-4.8603725998475111,,0.1794580251742333,0.3333333333333333,False,2
0.48427061097614832,-0.87325201747545822,-0.0539711897203555,0.84146512120757389,0.44797236954391084,0.3020880764219892,-0.23962142044465085,-0.19170725103724179,0.95175096782920721,-3.1378293017493197,1.2758069439812962,-2.2494064398432352,,0.3358288989694314,0.3903903903903904,False,1
-0.80218944863733721,0.47618785766692018,0.36019052278691877,-0.52358006536515178,-0.85098768984904438,-0.041034947028235791,0.28697735737710856,-0.22150637899612585,0.93197581536050389,8.0201078195782625,-7.2208305366991725,-1.9586377327349145,0.6529732556049594,0.7624920543447594,0.5858585858585859,True,3
-0.66897476425492175,-0.73998799092630374,0.069932382162517515,0.74298534972317509,-0.66306684276352235,0.091187346295115143,-0.021107697335390821,0.11296076890879952,0.99337522105231213,-5.8463996836366299,3.4567836998839785,-2.4593566179217321,,0.2750196613732493,0.1,False,1
0.53765851753014227,-0.83603739571973812,-0.10938368930260872,0.83188707997395339,0.50484030886047504,0.23043469513524051,-0.13743072691251107,-0.21489005446464873,0.96692039992570256,2.7360163593977549,-9.8895381556491841,-0.63631279128401963,,0.1569194129789718,0.1666666666666667,False,2
0.60559042386074491,-0.79577564144848578,-0.0011691900684297207,0.75709016515370509,0.57569675033608259,0.30884904642885264,-0.24510144910975301,-0.1879212072378392,0.95111035086081053,11.165989749707647,-2.0133509635624396,-3.4964406729470183,,0.3852307778114337,0.1666666666666667,False,1
-0.15456638991246868,0.93634636766638435,0.31522168527465677,-0.96638710435336761,-0.20963002154477581,0.14883285459417217,0.20543903146417919,-0.28162161462697571,0.93727481056835982,-8.0212016719624462,4.9554321265114583,-2.6026085478725229,,0.4372348499949676,0.1428571428571428,False,1
-0.98806421998344085,-0.039580131903865418,0.14887078406116516,0.051613373748988937,-0.99562781699815495,0.077854413296447905,0.14513840580205031,0.084608883564077239,0.98578708653708702,2.2715769577263494,-12.082413718057822,-0.14843042357640052,,0.1883740516158459,0.3684210526315789,False,3
-0.69649361547785682,0.52821134403679282,0.48568448567915834,-0.67423133121235068,-0.71338689586302428,-0.19102682749430877,0.24557841030963076,-0.4605126630634207,0.85300605598555457,18.445208208672856,10.805253640182547,-6.9355980801950796,,0.5406390494777529,0.2666666666666667,False,1
-0.6160095974498051,-0.77400398789449676,-0.14645819394333676,0.78743748411307402,-0.61017833636836083,-0.087318992438136234,-0.021780368761813121,-0.16911600914802472,0.98535546427999465,-9.326546035455932,3.1717837359547469,-2.0946902272467618,,0.2634137882580493,0.4761904761904762,False,2
0.57695847331525518,0.68959698008387915,0.43769272912503926,-0.8152146036347877,0.45310030731593121,0.36072879221207993,0.050438775662251509,-0.56493903792303457,0.82358959035449808,6.1603717077684488,-11.432990250264524,-0.87706375912877665,,0.6356720135170671,0.1521739130434783,False,1
0.51837516007027884,-0.8461037841240453,0.12407892614414817,0.820304726712066,0.532987268299834,0.20742402745131744,-0.2416347424439558,-0.0057409338310965008,0.97035029392626626,1.0344909620023679,-14.320004875391687,0.50626747284035378,,0.128009306275282,0.4,False,1
-0.70169012628358318,0.67121379102648271,0.23896236819211755,-0.66885490339932918,-0.73612979358818409,0.10366313322724827,0.24548744341575207,-0.087091754648034064,0.96547964318131685,29.720723378128543,19.29874173853656,-10.282584980560328,,0.3430295630136635,0.6923076923076923,False,1
-0.70496689002821222,-0.70812283355632422,0.039796187758556964,0.70918795079808572,-0.70312318728036582,0.051674306492808061,-0.0086101339573406849,0.064651651988666486,0.99787074788690655,-10.394076816549507,8.1979522983062871,-2.9722178619556217,,0.550887918431319,0.36,False,1
0.98471131615652086,-0.0023472200921047168,0.17417839817592687,-0.044701704379111369,0.96301963378540945,0.2656970879957451,-0.16836086676806766,-0.26942100048373258,0.94819140633073118,-5.5147336030968219,-21.851326349349748,2.7902040285131009,,0.1952911074105245,0.45,False,2
-0.98081918344993346,-0.16762145365496284,0.099482549480817514,0.12842517038207935,-0.93965916949478701,-0.31709244834385675,0.14663118695877753,-0.2982342928956439,0.94316255309044972,11.320840623414705,3.4926575705230594,-4.573053648541392,,0.6028120403863151,0.3833333333333334,False,1
0.53666189678929155,-0.84345344724776439,-0.024089227060728885,0.80817923894101862,0.50559197736708161,0.302031571473515,-0.24257025019411724,-0.18155724922984418,0.95299351465414295,7.1992310799963422,-5.0068480119978718,-2.3321599065105967,,0.5498923710987742,0.1923076923076923,False,1
0.33062802332974306,-0.93227176660563937,0.14681438410138731,0.91604015025813879,0.3544364220265781,0.18773722554689759,-0.22705847992117881,0.072416682684310008,0.97118498277356324,-7.9750526105014385,4.0116398652345824,-2.4111810557885427,0.2415904084923252,0.1157206167567304,0.7916666666666666,True,2
-0.72196861375454568,-0.67880135818863974,0.1341269431344782,0.69192141112085859,-0.70757893125412119,0.14344621597587365,-0.0024660871559675779,0.19636896945937188,0.98052697374809894,-17.045144549061039,-15.380938293276888,3.0372347071543295,,0.245334136888512,0.7666666666666667,False,1
0.89091977823623703,0.34845755628276642,0.29127183217217945,-0.44843692299004029,0.77644913851759223,0.44275395130310757,-0.071876803258909647,-0.52507529628114558,0.84801512863188255,-11.399062965017983,0.12734286589908256,-1.2137809996956797,,0.765759467462405,0.3269230769230769,False,1
0.98181816630944185,0.042023593380643674,0.18511376476141342,-0.11793415838779769,0.89918390492095757,0.42137849899640145,-0.14874347915161656,-0.43554830126000571,0.88779110982223519,9.5887709346257619,-6.8891696776263682,-2.2827632459148202,,0.2888341481483475,0.2307692307692308,False,1
-0.30692881213076245,-0.93264932147852997,-0.18963108244598723,0.9428221325695586,-0.32515939828797114,0.073196940113601214,-0.12992740519608867,-0.15632213167252521,0.97912321008561976,-17.730892060170316,-25.676344532245874,5.2140041467146672,,0.3981141729042865,0.2142857142857143,False,2
0.9208921230092274,-0.37431017885519402,0.10885581190249108,0.32215178378692511,0.88799891880891269,0.32814044005136644,-0.21949015008072753,-0.26711385250412345,0.93833590137964185,-11.43025776977677,13.200337919168508,-3.9214325789702964,,0.2036492306179873,0.5,False,1
0.031189976971743472,-0.99835005099308149,-0.048211627421338027,0.98188868203908763,0.021586066800352202,0.18822501906928979,-0.18687375797592856,-0.053209185317974195,0.98094188470966615,-11.526124699857943,-7.7637046602322899,0.55310285334490783,,0.3027076614317966,0.1578947368421053,False,1
-0.59277676072057295,0.65241268658745732,0.47220059119971602,-0.76727397231019256,-0.63567149836647785,-0.084925835761888752,0.24475776466736121,-0.41264928516144711,0.87739056530759651,14.81631832084001,-1.1514232388529575,-4.0474421251534167,,0.370416976044208,0.4347826086956522,False,1
-0.86771029831211921,0.38730818639267195,0.31156252495496595,-0.43674379442800909,-0.8933405711091762,-0.10581815552615334,0.23734720607523399,-0.22789250264883962,0.94431526038962765,-10.758823557181859,1.6556220018705678,-1.6091759397952952,,0.5023560001793532,0.631578947368421,False,2
-0.049765453586568566,-0.99737445369072553,-0.052607972346884052,0.97908416038847945,-0.059121320480150188,0.19467633739381487,-0.19727545844759847,-0.041819476202014094,0.9794557289150333,-5.6161712994357247,13.459250094661389,-4.543001947206573,,0.7230662514727739,0.48,False,2
-0.77385717140472177,0.5112677267387078,0.37383203428935641,-0.58623028755133288,-0.80162134713043809,-0.11720608253100395,0.23974805155197021,-0.30985242845621996,0.92006105468975152,-9.8791596010478298,-5.7548167532927925,-0.07848170895872375,,0.2375986158770605,0.3333333333333333,False,2
0.41730721224417833,0.85401965456450679,0.31065273252703529,-0.90383383964532937,0.35447500672002452,0.23964945216465711,0.094546712904118868,-0.38078589683490133,0.91981684038218547,4.4543874480866172,18.959157326822115,-6.859185417184686,,0.2014152457002015,0.4,False,1
0.98570459511363595,-0.025280044534952809,0.1665754199159431,-0.036860279184497295,0.9323708155040592,0.35961921836122107,-0.1644012499657557,-0.36061833251320635,0.91811036769284482,0.46015752844009122,9.2344172931324131,-4.4263425622821346,,0.4857492887693592,0.2244897959183673,False,1
-0.85493179405613962,-0.49611842694726083,0.15151941775008965,0.51601162897265518,-0.84326818632527378,0.15043525084457673,0.053137804592751581,0.20679766046805145,0.97693966105794028,2.4652910391951908,-13.640541987160972,0.164793740815673,,0.1371659696412609,0.1428571428571428,False,1
-0.055850171091081265,-0.97983296746159709,-0.19185440903064724,0.98350309100712074,-0.08710199139455671,0.15853994157480567,-0.1720535624988252,-0.17983492144326282,0.96853341329091969,-10.335789419460767,2.9735440836654172,-1.9952827712981605,,0.3106018039566517,0.3571428571428572,False,1
-0.25679249127217946,0.87991114839843143,0.39976741656916182,-0.9414241800801515,-0.32128756626662569,0.10244419418826674,0.21858208889715205,-0.35004381252440758,0.9108738659807597,-1.8866424743148933,7.98847952514227,-3.8425423772949978,,0.4978583715831585,0.1666666666666667,False,1
-0.94129347948226971,-0.32059537303109509,0.10576006937977847,0.32112040794391983,-0.94695598221391375,-0.012492051521390907,0.10415502429596379,0.022203029980969992,0.99431320838736315,3.8528650020109807,-11.270272181459339,-0.5156352493021914,,0.3159834626931307,0.3043478260869565,False,1
-0.49834255165539004,0.84510201346287306,0.19353885411098445,-0.83295716705771916,-0.52862699515057487,0.16351103279367071,0.24049336593090023,-0.079725070329676878,0.96737110464606801,7.3990681913369469,-14.016031978372611,-0.57343951110374491,,0.188562205335166,0.6,False,1
