axis_00,axis_01,axis_02,axis_10,axis_11,axis_12,axis_20,axis_21,axis_22,location_x,location_y,location_z,dbh,dbh_approximation,score,reconstructed,number_clusters
0.17216529060990376,-0.98477328847055068,-0.024097365501353517,0.9731124654294917,0.1662251526798289,0.15944067311167565,-0.15300732771649878,-0.050899596574687983,0.98691336435048371,3.1188253215612991,-14.158878553804248,-0.28036762714466518,0.1787452490882468,0.1550350404724785,0.2222222222222222,True,4
0.031517863441093079,-0.99896374254552878,-0.032833905700348567,0.98596658363070966,0.025686063578521504,0.16495490929774351,-0.16394059975398176,-0.037572160135809753,0.98575443825276987,10.548747033926061,-5.0172100908291366,-1.4418004085771983,0.1407839093597703,0.1266345696917011,0.3448275862068966,True,5
-0.6354538938764992,-0.77202399611073169,-0.013315336511436749,0.76526974540166592,-0.63200226081104594,0.12221030685910655,-0.10276461224597408,0.067469191183416363,0.99241490451876579,6.3623242296753677,-3.4206992263654725,-1.8202524879707314,0.1513765907014547,0.1287705149276577,0.7033898305084746,True,5
0.60666169458247132,-0.78847136180071575,-0.10136320805128864,0.78468163313792183,0.57349228564355537,0.23533238817326835,-0.1274218307132948,-0.22230499303311901,0.96661479769876124,14.561290163032679,29.294056906162925,-6.5202353382309584,,0.5268484906935319,0.8933333333333333,True,5
-0.42596158333079104,0.90015008047251133,0.091030556142738112,-0.89354257431130479,-0.4343359094706683,0.11372768193106247,0.14190982143407499,-0.032896054012875944,0.98933283186748133,16.717033016288557,7.4488320758212367,-3.0816854646225926,,0.2027179369251526,0.4666666666666667,False,3
0.47640527901382251,-0.78313208037561621,-0.39967756356133022,0.86875946089704759,0.34935403458020797,0.35101105057305815,-0.13525904490877155,-0.51444718213737917,0.84678751027709231,-1.6624611512353431,-0.18605789670005565,-2.5200955216687277,,0.552091445505279,0.136231884057971,False,1
-0.11823531775829915,-0.98885833700104719,-0.090441135431384767,0.98089467295852795,-0.13048020946379812,0.14429329679464159,-0.1544864078039786,-0.071652664164059021,0.98539324410207729,-13.324234452591449,2.1871852157886611,-3.8092669799925143,0.4887834930794026,0.3762095686109761,0.375,True,4
-0.88031011293514272,0.46908434583020875,0.070809473668159151,-0.46960042247559219,-0.88282001296418167,0.010211166469459521,0.06730191880520095,-0.024263165641912398,0.99743759229245577,15.506271616370427,28.108071237978969,-6.3028573443910201,,0.1507683454091534,0.52,False,3
0.14775863803424316,-0.98832292793383392,-0.037217939311055062,0.97803314180601308,0.14041882119783511,0.15405754828138421,-0.14703250802229456,-0.059163711628888657,0.98736067210061063,8.5911458686038973,-7.737647196163322,-1.1183734873206725,,0.1120230501382984,0.5789473684210527,False,5
-0.98983635665041092,-0.14050516269100866,0.021961017968563343,0.13867571856960345,-0.98786969761756649,-0.06987492832328146,0.03151241235206384,-0.066119284525414976,0.99731399673402898,14.622388688567629,1.1260786229069497,-2.2105740986662386,,0.2476601803592458,0.4,False,5
-0.37105708473966664,-0.92718427455006502,-0.051438904455368743,0.91852359787677551,-0.37460540488507638,0.12643255425083624,-0.13649556772292162,-0.00033415259467996575,0.99064062521887308,2.5346340982792119,-7.8391138081693201,-1.2243697737087615,,0.1361957998110463,0.2727272727272727,False,5
-0.79238508742820446,-0.58438502758545041,-0.17498575014940659,0.60684475207293553,-0.78436757048610384,-0.12847941956307762,-0.062171698568846627,-0.20799436026892734,0.97615215309570735,-8.9653006176152559,3.5024507624740022,-3.8068617622766796,,0.6056004539138522,0.1714285714285714,False,3
0.47578616961368575,-0.87879797363298928,-0.036628436260507241,0.86897738257285295,0.46321253412577723,0.17410472941769908,-0.13603613263089978,-0.11466590499066634,0.98404568026667361,5.2418111725876093,-9.0328955025195885,-0.9978080332325866,,0.1642749716571398,0.5581395348837209,False,5
0.45540457670941731,-0.88985862865496945,-0.027537111693407924,0.87912947955828025,0.44460222259567406,0.17163980259419814,-0.14049209829632825,-0.10237423831846261,0.9847748400751366,9.5335155354639092,-6.4947616775018391,-1.2998300914826764,0.2446979346544073,0.1491505975743022,0.6071428571428571,True,5
-0.94176230225011315,-0.33623535795261061,0.0054360024879353385,0.33452501095407594,-0.9350779196997272,0.117142226102323,-0.034304272426979081,0.11213861133664982,0.99310027124190525,-7.6154195972601801,-14.965276013868495,-0.40616210708420636,0.3565077388097475,0.3443826381455791,0.9880952380952381,True,5
-0.39216764840974266,-0.91579624750280975,-0.086728130387685592,0.91262244661087277,-0.39916554007780236,0.088244782034856917,-0.11543312125536404,-0.04454328988935629,0.99231602317158796,-10.326552786442312,-10.047537296884613,-1.4693601007472266,0.1699788293607615,0.2587038550158275,0.5625,True,5
0.75981401289735451,-0.65008107672968951,-0.008789737356074287,0.64119824749100862,0.7470601619590399,0.17540217167468189,-0.10745917001019664,-0.13890899211967167,0.98445762665998937,-8.7170512346895705,9.3004622208063346,-4.7077234094028553,0.3597884228058619,0.3311410910811642,0.8739495798319328,True,5
-0.84719125507731774,0.52591914334779966,0.075339445052612156,-0.5238881841254851,-0.85053449816982263,0.046176162212874211,0.088363724764300294,-0.00034940424185595995,0.99608821399635816,-11.924926041152625,13.283296027618432,-5.4427329076181534,,0.18269983555151,0.2857142857142857,False,2
-0.07198313084984144,-0.99508633257295309,-0.067982494802444768,0.98690440705380744,-0.08092426984568768,0.13953835991480795,-0.14435414857504719,-0.057047815702725428,0.98788026932048845,5.2275229992078645,-11.454522685914137,-0.67216066019797538,,0.1815428256046392,0.4285714285714285,False,5
-0.14272179215012518,-0.98958896753835046,-0.018551694581294742,0.97956388837135633,-0.14391015769367244,0.14051496401227481,-0.14172183545327452,0.0018819774078113142,0.98990473254591083,-5.392914747599483,13.290367667364896,-4.9214989940942138,,0.2697309461583006,0.7985611510791367,False,3
0.01952070844771207,-0.99960189543675892,-0.020371366692966054,0.98869538677503666,0.016270103801258342,0.14905272856293919,-0.14866194574086666,-0.023050691129251257,0.98861938658262416,7.5471961203819866,-1.026726486038223,-2.0869276101231606,0.2342237350993298,0.1432294806492017,0.4655172413793103,True,5
0.56282904317829319,-0.82557619841890328,-0.040588283521242052,0.81651134253708302,0.54766842210023192,0.18267054207653405,-0.12857953049882972,-0.13595308028300077,0.98233602412731802,9.2044592682244257,-4.4258946591600044,-1.5526873952824549,0.1855221699072956,0.1700244593466859,0.4098360655737705,True,5
-0.90541154285193071,0.42314090017377037,0.034376106100289412,-0.41803539636201587,-0.90273700735187901,0.10154950982563346,0.074002334145209597,0.077573669228066883,0.99423638053712149,3.1821878014736034,-18.278329147870771,0.3220241510134132,,0.2210680637722483,0.8333333333333334,False,5
-0.71385282503368575,-0.70010252098505621,-0.016450054765711687,0.69443835902216033,-0.71071852107335443,0.11240351116363262,-0.090385340127893399,0.068816014950539128,0.99352646989211713,9.3752639296390488,-9.3026427116433137,-0.88433481099194355,0.204052110996521,0.2089532611940164,0.8,True,5
-0.97602639871297125,-0.2155284911751679,0.030330488079543909,0.21683300202751496,-0.97494440695648366,0.049667419663251139,0.018865795692827238,0.055053363530536081,0.99830516823106275,0.82435727572628104,-12.404243189993398,-0.56868987812092386,0.3023350962076403,0.1797809567660087,0.3333333333333333,True,5
-0.32500979114268502,-0.94490014146000012,-0.039145348769186912,0.93598306795981256,-0.32731267895156724,0.12962294044684347,-0.13529350373881949,0.0054893411645888547,0.99079035874379306,-0.78667955416881696,-16.737709095283542,0.062660188633089073,,0.1700111461082716,0.7916666666666666,False,5
0.94209761866673647,-0.3345475437933132,-0.023022116417194351,0.31243918950355992,0.85075807363327216,0.42260200308347307,-0.12179421071965678,-0.40532535214277726,0.90602291866459472,-8.6671260568493409,5.4599666930365958,-4.1185157864642115,,0.3642497071310654,0.1956521739130435,False,2
0.65862224594774521,0.75179074069506613,0.032053382784235682,-0.74578529838183827,0.64650858270863676,0.1607200709357216,0.10010507409847605,-0.12975875573245435,0.98647941663802841,-0.53562354896526787,9.0283243508190019,-3.9864236158268533,0.5062131006061071,0.3874576538837279,0.979381443298969,True,5
0.5741585922186847,-0.81791556656141384,-0.03682440709609517,0.80853475067918845,0.5593447296612355,0.18277043071662699,-0.12889324235816302,-0.13471302600981144,0.98246574123359598,11.737493435248625,-10.732441731659089,-0.66662461206845236,,0.1445681938907998,0.2222222222222222,False,4
-0.23621734017315663,-0.97087515051802864,-0.040035113439513145,0.9619152391575575,-0.23947240639604231,0.13180303202638224,-0.13755159351304513,-0.007376224066839826,0.99046713748641746,8.2521406169086866,-5.6878968255920839,-1.4123082155737452,0.2078679961290996,0.1911737005293613,0.5483870967741935,True,5
0.74515906681451904,-0.66670868596517885,-0.015410814472289647,0.65868072681360024,0.73217933474266161,0.17335836264830154,-0.10429604627416048,-0.13933036221289871,0.98473823166220176,-12.089662516044131,7.1551673264493383,-4.5670066354513574,0.4758321026928347,0.3944724975653975,0.9425287356321839,True,5
-0.95561344895966782,-0.27379644538030418,-0.10880460773569746,0.29442354901584428,-0.90105816298069374,-0.31844773623119532,-0.010849421750656577,-0.33634757829211176,0.94167541999603466,8.2533362050495711,8.0587384112528628,-3.3177229159029973,,0.7162689829385405,0.3170731707317073,False,2
-0.57433337024835573,-0.81858193842700211,-0.0080492173691635929,0.81079422290078207,-0.57017082152663967,0.132355439594877,-0.11293320118495498,0.06948988675143794,0.99116963619220622,-5.6952744354901315,-9.3660848388842322,-1.3034548664981898,0.4144846854060365,0.3988605142846422,0.9824561403508771,True,5
-0.24614969025404551,-0.90703951084465206,-0.34159867645313369,0.95951944553636248,-0.2778161096532295,0.046267081761626139,-0.13686768656417675,-0.31638194478168324,0.93870639786395993,-5.1963761291572181,-23.86297744301481,1.041700377870155,,0.3426919913704033,0.5,False,1
-0.31280248757734469,-0.94843702530509932,-0.051203640454935452,0.93889416798561454,-0.3169078262853976,0.13433975942238247,-0.1436396362012399,-0.006052988474907919,0.98961154815538455,-4.3140229486852322,19.038560696252127,-5.7509265033058794,0.3744543148667667,0.3635867301327203,0.6486486486486487,True,5
-0.59642535447508283,-0.80182598844875042,-0.03676793150909647,0.79325241953892767,-0.59580576921906736,0.12556306885750243,-0.12258627751469652,0.045722747221282736,0.99140407249094442,-4.0329165249364705,1.2233886749655638,-2.9424863920471815,,0.3816994366816753,0.28,False,5
-0.46588604490164015,-0.86863517559395897,-0.16859159198121396,0.88247258316568922,-0.47006748725511771,-0.016694232133771331,-0.064748228754024584,-0.15655506745715037,0.98554460970912139,-9.3501029855814437,2.4123573438654189,-3.602829781781471,,0.6799145288301287,0.6125,False,2
-0.63216337054450389,-0.77438614546368112,-0.026373673534694785,0.76810676188058569,-0.63078669562945733,0.11009153904906183,-0.10188952495292757,0.049338041416056695,0.99357147824104419,6.525208740363122,-6.1260022112331534,-1.4037184159287401,0.2873844352602014,0.2361532210929203,0.6027397260273972,True,5
-0.9936852796149821,0.11064216885477925,0.018651422133563023,-0.10726411739694122,-0.98550401339370686,0.13143914448881172,0.032923763386785404,0.12860851471036455,0.9911487656999044,-11.339644485248559,-4.9970274739149847,-2.404961471356422,0.3463189353423328,0.3113777821138556,0.8738738738738738,True,5
0.82426348567470975,-0.56577048104236771,-0.022214161349579421,0.55923727161731152,0.80735458094960111,0.188234573481384,-0.088562860259831011,-0.16757787264666341,0.98187284124871066,-14.781960453711186,7.0070058539352056,-4.6673465189604864,0.2713820510322357,0.2199047538495798,0.75,True,5
0.62030312677223831,-0.75491824729025403,-0.21289074856554016,0.77228151154256353,0.54036955454091451,0.33403893703397447,-0.1371324099041448,-0.37161698620147227,0.91820232940263069,-5.7431302120758314,-6.1503305515076292,-1.85149611769523,0.6672786493549232,0.5100568786493079,0.4057971014492754,True,3
-0.94978408863247066,-0.31290601585127586,0.00010111710752326412,0.31097077488291952,-0.94387394140342029,0.11135151506957781,-0.034747117136603563,0.10579134172348419,0.99378107743458322,-7.709789134457691,-5.9248181050833217,-2.0486617182061444,0.2386195290560601,0.1630644177724364,0.5153846153846153,True,5
-0.98011219536278005,-0.19841231064584702,-0.0035552053846504856,0.19735827677061307,-0.97646422279696798,0.086990414343458417,-0.020731499976731557,0.084558716769404726,0.99620280481788714,-9.2956671044220673,-17.647121821341702,-0.060751275550894532,0.6422421931435625,0.397381211694029,1.0,True,5
-0.22769156774867036,-0.97356568674296551,-0.018066642545097829,0.9638108806136092,-0.22797457171045735,0.13818893249553016,-0.13865473806175263,0.014051628024300431,0.99024108951451562,5.6427592031336138,-15.489357825735876,-0.057458772910365268,0.3113205688292253,0.2413301150221472,1.0,True,5
-0.147227468163904,-0.98768750891923596,-0.052890994913696004,0.97612483245608528,-0.15372173188594312,0.15345989902435528,-0.15970092072566694,-0.029034701150522989,0.98673836555009553,-8.5798236198364997,17.504431023961097,-5.810045314200643,0.4896092294534547,0.3889085337149311,0.6078431372549019,True,2
-0.7793880284485889,-0.6261430497106103,-0.022342390429818532,0.62194118287036992,-0.77748671109252243,0.093292974678364116,-0.075785659334910285,0.058815774870601356,0.99538798388645633,7.9412390703731788,-10.572465590055391,-0.70459008187817862,0.1826352134696371,0.2118700097939589,0.4285714285714285,True,5
0.4128487365781684,-0.91043477078744572,-0.025776905303408613,0.89865202293577173,0.40257244938492964,0.17424111073355392,-0.14825809380689658,-0.095099690522256475,0.98436557562895088,-2.2665596063716058,-21.229760152310931,0.68845785847080931,0.2772199503907635,0.2555824717618694,0.7142857142857143,True,5
-0.27598244386576487,-0.96114828108433226,-0.0052604606750723381,0.95158361134218594,-0.27399863864104063,0.13933189386432768,-0.1353599693515177,0.033447388410613635,0.99023176625761,11.249341115123173,-6.6249545433581263,-1.2323823997911327,0.2570580381966387,0.2352631882673291,0.5909090909090909,True,5
0.86013833990735278,-0.50950733872988274,-0.023755167897033067,0.50024687639167986,0.83358119077493076,0.23429780418650042,-0.099574589538651767,-0.21341197287556515,0.97187459630940465,2.7802903223150155,22.572804822199011,-5.8301678713850142,0.2625373110799092,0.3234733740075009,0.2769230769230769,True,5
0.87533484807665374,-0.45179602508211431,-0.17224765735017294,0.47318317416450212,0.72716994890311704,0.49731433631039029,-0.099431320167377268,-0.51682126226795211,0.85029947397227834,-4.2356446020309129,14.963568050417674,-5.1604454081459963,,0.2905933568885113,0.1851851851851852,False,3
0.66715864371389433,0.74262124786840888,0.058421112041837267,-0.73702009326369333,0.64666572659581878,0.1965319825674155,0.10816989527319602,-0.1741755443817232,0.97875541045550118,8.1836266583918391,6.4361168598511096,-3.1106580489129594,0.6680965500859026,0.6182659649986125,0.9964912280701754,True,6
-0.75089325283979769,0.65486283884469931,0.085521840134149207,-0.65568805001685404,-0.75471154971304266,0.021992221234668166,0.078946208932190218,-0.039561838051340899,0.99609354835037256,0.33089999800640202,14.542325364607983,-4.814423030627637,,0.5297458479544528,0.3818181818181818,False,2
0.090289644179420536,-0.99327390525200687,-0.072489511650870336,0.98803266993750016,0.080197565232086376,0.13175656973001637,-0.12505688021907893,-0.083518259538099077,0.98862807821424858,-15.75561528619458,-1.139853880637921,-3.3080988856177296,0.4865206482691566,0.4177846128383761,0.3333333333333333,True,5
-0.60096322517551581,-0.79912958806743173,-0.0153330838978263,0.7917242011392398,-0.59780606067598574,0.12570084784714489,-0.10961747724278986,0.063402013329509607,0.99194969297272817,10.198774406073845,-8.1327314333097789,-1.060177091564801,0.2286955345958856,0.1903018781539578,0.725,True,5
0.084684535473311978,-0.99615270992540705,-0.022545686060473757,0.98612026489546023,0.080545682422127271,0.14518683206703298,-0.14281229853964397,-0.0345278373406427,0.98914734788827174,8.3205461130090015,-3.0500040749631556,-1.7865872798600957,,0.1162341566992261,0.5740740740740741,False,5
-0.91190458693634213,-0.41032270223140604,-0.0080811111845540563,0.40842221756534092,-0.90539710064372558,-0.11596284898598366,0.040265574917906492,-0.1090475592549124,0.99322067703863148,11.34791808967042,-3.9855635009558488,-1.589678445550341,,0.4058781271794063,0.1724137931034483,False,2
-0.10685468576082668,-0.99422308105964097,-0.010126263833675798,0.98397865873678292,-0.10720457059504207,0.14245413014052527,-0.14271676594400548,0.0052578638064226489,0.98974960448927507,6.4929570885457721,-14.091226161627633,-0.2873356472367955,,0.2046154662276909,0.8636363636363636,False,1
0.72469943180417851,-0.68868019555544524,-0.02302871669058628,0.68061671305690052,0.71019695961041585,0.17994768258508545,-0.10757148065506181,-0.14608171278375545,0.98340658414505389,-14.127660203653283,-9.0259751533357342,-1.8978175947991636,0.2395719504131448,0.2821819452311612,0.2222222222222222,True,5
-0.066541186951239756,-0.9974095055523009,-0.02732304289489848,0.98733734867916889,-0.069771973575900412,0.1424669491724814,-0.14400427195854543,-0.017497140830437394,0.98942236669707984,2.7446994910241758,-10.375820906926217,-0.85942614574829446,0.4305667265382404,0.3562287107607089,0.8849557522123894,True,5
-0.98761484128903509,0.14974482531571257,0.046833882572345546,-0.14983046015971063,-0.98871024816989528,0.0016965765978806391,0.046559193227147889,-0.0053415779494297502,0.99890125091074278,7.8291945188196106,-12.683162850974119,-0.43144302739392404,,0.1871903510023005,0.3461538461538461,False,4
-0.96581302448219375,-0.25290003439743453,-0.056980473342481117,0.25828244753382273,-0.9575862887002099,-0.12774457714241982,-0.022257112043004054,-0.13809443252765119,0.99016894955778656,4.212453423521314,23.856088109315071,-6.0351797793395132,,0.5287752738218461,0.2,False,1
-0.81417986283064836,-0.58023352817486862,-0.020981032930072099,0.57655439277919562,-0.812225970803236,0.088735587673468785,-0.068528702950529569,0.06015002189930372,0.99583421900305946,-9.2831143651015964,14.465213795866052,-5.420509684346535,0.3387450415009681,0.3702963610550353,0.9354838709677419,True,3
0.99871771484517735,-0.04784978796373196,0.016532508770696279,0.044459576985454233,0.98518487272939359,0.16563246227549433,-0.02421305574894924,-0.16468504588150826,0.98604896612404802,-8.5817838618509921,-4.5035256134621706,-2.2955651553617966,0.4436135883408914,0.3677468021606242,0.8957055214723927,True,5
0.083668424198441976,-0.99620390505963796,-0.024028614942956154,0.98574681565263733,0.079210207764230697,0.14842155644188498,-0.14595482254051709,-0.036104328409135036,0.98863222041732512,-5.9670556180312122,10.492821143079142,-4.6149735106588041,0.3186631274773916,0.3118026720367258,0.8529411764705882,True,5
0.97351239499010445,0.2112619379474317,0.087418592846874754,-0.22794967836607133,0.867282960911398,0.44255983758760098,0.017679392903511705,-0.45076452753899637,0.89246780321707364,-1.3484231447407098,17.221294735455949,-5.2647402974968323,,0.08998596160239318,1.0,False,1
-0.33451450596965876,-0.93940836314245668,-0.074913100015203307,0.93361854076157957,-0.34117292902896212,0.10935013874714462,-0.12828275660468202,-0.033361051479405587,0.99117635898062795,-1.620748260796389,-18.690370714707171,0.35873713475442526,0.2643614895919728,0.3440732792044718,0.76,True,5
0.99085495094143639,-0.13493029834399017,0.00052989022124632669,0.12968539110217345,0.9534088872605323,0.27238427455951042,-0.037258093476734783,-0.26982458798529874,0.96218840472593692,17.025731965005445,37.144607026308904,-7.8078689527669436,0.7153065851497346,0.6273400953428965,0.7105263157894737,True,2
-0.91784437885794345,-0.39686215993257473,0.0078817645566287911,0.3943923343739964,-0.90952639621533327,0.13121136069173583,-0.044904151098806105,0.123540117375687,0.99132308386968171,-7.041714767743164,-7.9802936797377884,-1.6471119467279751,0.398047387416313,0.3881695783876255,0.670995670995671,True,5
0.55491243883163055,0.79688500452558453,0.23884403863649376,-0.83042845122922493,0.51348471040061505,0.21615281532708958,0.049606175209972292,-0.31828877100371505,0.9466950330671341,-5.6104937386348359,-2.7475882547068178,-2.4041355247456324,,0.4724123089069243,0.2523364485981308,False,2
0.97664876526096611,0.21385338625627881,0.020589281215091706,-0.21427360427179998,0.96261247855441701,0.16572277647835476,0.015620877907575211,-0.16626468451852755,0.9859574244638315,4.4492354438940191,-16.814936900965407,0.13972419307148318,,0.09525081342296216,0.2666666666666667,False,1
-0.97638515140702709,0.21456291340243036,0.025195084920186968,-0.21096701342530039,-0.9720822653470973,0.10270826959920046,0.046529080780554621,0.094967497544760582,0.99439238686335485,6.938919833048554,-11.79953487617985,-0.58333419928633257,0.2237663931386156,0.1554748532392874,0.8275862068965517,True,3
-0.18614096886412193,-0.97510629533731719,-0.12049586094077525,0.96854553032620716,-0.20272061522928692,0.14430491275831558,-0.16513962394123247,-0.089844671264310685,0.9821694556694156,-8.0114675238558668,-12.551363460007757,-0.83009263372790021,0.2819198708347647,0.3307390242331515,0.8316831683168316,True,5
-0.56103362760866238,-0.82748356265470013,-0.022632327068822046,0.82044833570519404,-0.55948191382423773,0.11766272367298648,-0.11002634743933902,0.047444089619820586,0.99279567949770231,7.4130897465045242,-9.1186909660779722,-0.94284288288425289,0.2333675798480552,0.215084607214611,0.75,True,5
0.92313662274589559,0.35524630581931094,0.14703345859713446,-0.38226363173204253,0.80713358401938651,0.44989987041901836,0.041149624546671738,-0.47152459082189219,0.88089231387832856,10.59428871816441,-13.016051930398444,-0.37468132294586431,,0.2656199909026649,0.3684210526315789,False,1
0.51522115224333842,-0.85097653863639022,-0.10191219245740664,0.8466004103529633,0.48680597761698863,0.21514573048648283,-0.13347250455146631,-0.19712653511589098,0.97124982351708189,1.1799338833261031,-11.175287109432286,-0.7790576137547498,,0.4506984043934994,0.5652173913043478,False,2
0.89724639003670914,-0.44139570525263144,-0.010897107443017456,0.43324468547916734,0.87538217266031748,0.21448798169724637,-0.085134940360288069,-0.19716968117089698,0.97666583781599314,1.5554158883890115,-18.012772462276676,0.25435541523035204,0.1911979535427986,0.2197288661645704,0.4,True,5
0.58531213541004379,-0.81079704220628268,-0.0042261674457331269,0.80019624125951805,0.57680322170132969,0.16426813114267313,-0.13075044786108489,-0.099529893923944096,0.98640667100319979,2.1537600617226635,-15.380483935092592,-0.12143941503797395,,0.2665700426999723,0.7638888888888888,False,5
0.52710156971837074,-0.82748179818899925,-0.19348852386208865,0.81493652726573562,0.42764964453996801,0.39114477888999361,-0.24091988653594526,-0.36385389264200457,0.89975994191826969,10.710272151649219,17.939142039286615,-4.8047030383844067,,0.3849137042469708,0.4736842105263158,False,2
-0.99503358485805793,-0.098786694566022779,0.012221046650804293,0.099475451334239684,-0.99128036733300062,0.086416826613802844,0.0035776509571403235,0.087203338908955,0.99618410853454109,15.651676795470525,-5.2276336119361808,-1.3760906379633091,,0.1918567032976415,0.7692307692307693,False,5
-0.98480221478905949,0.14306388091915981,0.098474990342278038,-0.15351265190543645,-0.98219625550438927,-0.1082791825704133,0.08123092669373877,-0.12175073572469738,0.98923116353002716,-8.2266858530527482,-31.119105912821503,1.9586901752670172,,0.300564185409767,0.7037037037037037,False,3
0.36026254532960195,-0.92370506480469772,-0.13030675994278579,0.9201364406059207,0.32888415372511115,0.21256562303812204,-0.15349211413523506,-0.1964794306859316,0.96841933283863613,-12.884154779672084,10.553777204178861,-5.0198726260257285,,0.2041222365837524,0.2105263157894737,False,3
0.76292348312761638,-0.64648858529194531,0.00051766750486681966,0.6378316749600661,0.752837552509666,0.16250038138076292,-0.10544436120562868,-0.12364517224087607,0.98670834498926885,-6.8455629532318181,1.3683878840450994,-3.2199936687965076,0.4332245662112126,0.3676908886878232,0.867704280155642,True,5
0.75453299686136344,0.64673974475578044,0.11138967277372702,-0.63479694525070551,0.67620771163640037,0.37386624483073577,0.16647160402838271,-0.35280424214667694,0.92076944550496809,9.3274497243618075,-1.6787475396736462,-1.9235303257673311,0.7341103324409309,0.3371166477026645,0.1707317073170732,True,5
-0.13856486959022235,-0.90040757829801643,-0.41239055500695709,0.98017182855354668,-0.1842410299667433,0.072927562600089701,-0.14164379063496249,-0.39410840617816695,0.90808347675434764,-11.167221050181709,1.8572822784923393,-3.6902543178189098,,0.632718287641744,0.4482758620689655,False,1
0.20483859052080725,-0.97831437758260353,-0.030694143555591927,0.96999166998972108,0.19869968179906128,0.14012350482164901,-0.13098592284669378,-0.058475764792894985,0.98965815964295722,0.18987714304290329,-13.367681003782323,-0.45210088193722148,0.4003328302916241,0.2364659060683821,0.8333333333333334,True,5
0.98610582473015707,0.15874029859211311,0.048957328727609502,-0.16574825169008961,0.92054776006343209,0.35372212046163598,0.01108239572182544,-0.35692203496713981,0.93406843510525506,-12.588051647209515,-4.0301471409854708,-2.6616627226729368,,0.2648616725081227,0.3125,False,3
-0.29003100418494909,0.93997300943781581,0.17981312004380018,-0.94618190354435328,-0.30983364030372856,0.093503586783203085,0.14360300141937934,-0.14301698103566529,0.97924681317775553,19.622496511445377,-7.7772948194181701,-1.0264879077319018,,0.2836035761961733,0.2105263157894737,False,1
0.4622307537696197,0.84082227870690562,0.28171018068166631,-0.88097861294959556,0.39921191971971132,0.25398135104591912,0.10109111630097342,-0.36557863556809583,0.92527447139818664,-8.6534501717348444,-2.8510018777662598,-2.6011668900326961,,0.4313488397748558,0.5476190476190477,False,3
-0.9975386564166816,0.05402299138506244,0.044700619192699277,-0.064976584596424289,-0.95182038475772457,-0.29969317411953211,0.026356638795282061,-0.30186001981293575,0.95298785723111323,-5.3418987719226525,0.61146807049075691,-2.9537408982260001,,0.3210185578968326,0.1639344262295082,False,2
0.23755231123354142,-0.94905123093262,-0.20705231342073957,0.9645432417387293,0.20522548463023474,0.16594829096566957,-0.11500101844655083,-0.23913230966049484,0.96415273905781751,-4.0714477538380507,13.105006094776973,-4.7940319299639382,,0.5103364950940424,0.2613636363636364,False,4
0.13837177681276808,0.94595174372299018,0.29330623915817361,-0.97713205409909487,0.082117674356098638,0.19613677985127936,0.16145030267472715,-0.31373872267506286,0.93568253893105158,11.371118717426256,4.0268837740874259,-2.6515295849687162,,0.6979152226046997,0.2857142857142857,False,3
0.98398813326677659,0.15732337657289677,0.083765797160109234,-0.17807220783141794,0.887776859613161,0.42443201615033677,-0.0075922584393815478,-0.43255242771148322,0.90157681585802407,-4.6652938469440741,-2.4558529715891759,-2.4025734249184998,,0.2409260981781264,0.1785714285714286,False,4
0.15901813490993821,-0.98588215090853071,-0.052436793282324833,0.9730313196348328,0.14751297721605205,0.17734140115199051,-0.16710261452011863,-0.079223141018424231,0.98275144881486431,4.3873992377864841,-2.2703161869080901,-2.0542618109882449,0.2677402765239153,0.3576592043479517,0.2463054187192118,True,2
0.97596355141120561,-0.21669592860515319,0.023195276303094387,0.20084031214893175,0.9356252834187192,0.29029036849947393,-0.084606827932183784,-0.27865427244812002,0.95665745233791089,-9.560779784258969,23.317172951272344,-6.6269862905530514,,0.3628635086966018,0.1111111111111111,False,2
0.56328503783960082,-0.82599457596012149,-0.021045822162560658,0.81592979190445336,0.55204477532184004,0.17177060494337829,-0.1302633518254252,-0.11392772500281825,0.98491214463366605,5.6548543959818334,-13.384397567228588,-0.37482329356941968,0.1331130843134101,0.156822019194669,0.3076923076923077,True,4
0.12122385670543467,-0.98993871432848302,-0.072980260612921108,0.98160600809517717,0.10862902449974066,0.15700120989242367,-0.14749380135080378,-0.090670154460574262,0.98489821893086205,-9.082548319178759,-32.411955343401161,2.1136120873035944,,0.3243530224877104,0.8571428571428571,False,3
0.29902764432852108,0.94653073501994811,0.12108689272557101,-0.93936141387206029,0.26966048103437085,0.21185693072589562,0.16787674661971738,-0.17709543368170191,0.96977038793390191,-8.0728634529811973,12.092118092570466,-5.0237560750828134,,0.5254510119299113,0.2727272727272727,False,4
0.31059036492929182,-0.89080026051039085,-0.3316753248098343,0.94124752338604678,0.2395412676987872,0.23806108625495914,-0.13261494988394959,-0.38612805770091063,0.91286274878724216,-10.117250194097752,-7.2771747683584955,-1.9213059509581061,,0.3470029441282607,0.1428571428571428,False,3
0.23365229263448423,0.96738445075718205,0.097846464319743115,-0.9625467811130709,0.21589721582873408,0.16398806775575797,0.13751472763131739,-0.13249798727009568,0.9815976686269472,-0.49193137103146595,13.737183609547447,-4.7367494834285671,,0.3841673494209299,0.3653846153846154,False,1
0.61362092723961992,-0.71772883993867742,-0.3291423247986649,0.77973727249419966,0.48511840660783506,0.39581550936462984,-0.12441520621248552,-0.49952521847305753,0.85731873452791685,8.6716128143392286,15.310856215413272,-4.4374304013205359,,0.3531129138457932,0.2222222222222222,False,1
0.76394566835425826,0.58501087432272791,0.27230367740249833,-0.64010267817584765,0.6336832103202471,0.43441241965479416,0.08158172096047886,-0.50616979945704343,0.85856657104894529,-8.316223477971187,23.130625001530088,-6.5539230163591489,,0.5459980280051375,0.35,False,1
-0.15123313460855783,0.96756737876321774,0.20234106491205875,-0.97978965831702824,-0.17383787707756276,0.098957657349833111,0.13092274230045231,-0.1832860061391548,0.9743025585012528,3.7704627139315656,22.18139268374777,-5.7326143328488754,,0.5477087978659847,0.15,False,2
-0.66102946505172577,-0.72707441594838051,-0.18548002589699739,0.74386899058372891,-0.66741830482261655,-0.034809930129904909,-0.098483354844224491,-0.16098322912970228,0.98203127687339975,16.499035527331003,1.8565380676891226,-2.3206873321161763,,0.2935033404239321,0.2352941176470588,False,1
-0.60450321459293477,-0.78464340243148123,-0.13751579751998452,0.78380573823070798,-0.61668086925812893,0.073166045455891643,-0.1422126164003161,-0.063556561516396687,0.98779356913516547,-11.84037564296889,-2.587265958412821,-2.8511032222341242,,0.4541298291756755,0.25,False,4
-0.48899970893060551,-0.86579455170831443,-0.10620300795167527,0.86676203841218291,-0.49596719421078261,0.05234606990254892,-0.097994149995507193,-0.066455522711691709,0.99296566409306164,0.85444578255021275,-16.432632677917887,0.015546646208669265,,0.2786966952953935,0.1538461538461539,False,4
0.7250045154054493,-0.68195873279834185,-0.09644034115342727,0.68110158027621037,0.68909464001635912,0.24748578635140461,-0.10231857107562922,-0.24511398136541282,0.96407989614566569,12.578002483411906,5.1226396023286398,-2.7954174705516466,,0.1496876743499834,0.4285714285714285,False,2
-0.33518795866267814,-0.94141753569960718,-0.037176011685303004,0.9341308724052455,-0.33721342861316278,0.1169898148659539,-0.12267251357562362,0.0044863170011040544,0.99243706469115911,12.447552169046382,-2.3233378301522913,-1.818127695624048,,0.1600800692658554,0.25,False,3
-0.20792016250832304,0.92922710815337972,0.30546061529339913,-0.96728327735602737,-0.24173922543886264,0.076975374189432316,0.14536941690017507,-0.2794622127535818,0.94908830162054836,12.26506242800588,8.3228779654978258,-3.2627008490198013,,0.4215816651384878,0.3939393939393939,False,1
0.99506088860111874,-0.099178982870204269,0.0041662132907486441,0.095001002238666213,0.96363513435634007,0.24976416357773917,-0.028786065205255208,-0.24813475611221911,0.96829773585355894,-1.4033524621053541,13.462843266696835,-4.7350794270806,0.3033033260566264,0.2474532213473088,0.48,True,3
0.21576912431978365,-0.97322273699771089,-0.079253953724464019,0.96558119797881692,0.20059116646808958,0.16557818106491201,-0.14524680753829786,-0.1122527867166643,0.98300695662557591,13.841806463728004,-5.6019887286273455,-1.3249310676681718,,0.1006333344824038,0.2272727272727273,False,1
0.21599328215032768,-0.94112344468365272,-0.26006453801452045,0.96563213221284894,0.16645749316590089,0.1996158515924831,-0.14457346680493316,-0.294242357310604,0.94473273885279496,5.910083002798058,6.2475051802617134,-3.1930894934727245,,0.1858738263011808,0.2857142857142857,False,2
-0.64047055317393542,0.7516947711217592,0.15732908690156314,-0.7582786356219654,-0.6514294402662556,0.025557682087466352,0.12170037500502706,-0.10293034257496371,0.98721545941148858,-19.823101931051305,10.04677567739429,-5.292552539463351,,0.2956530760945967,0.3333333333333333,False,1
0.79326735453353947,0.58987800076939167,0.15090012736795369,-0.60048979873111574,0.71695177720097769,0.35410754127556043,0.10069213400868413,-0.3715159395997224,0.92295016158626442,5.852842462332406,-18.098135172058125,0.31363714674753562,,0.5673825113999381,0.3,False,2
-0.16592110689631129,-0.98318436212234084,-0.076280379943930512,0.97686027519672047,-0.17445370484922376,0.12373321141459512,-0.13495995342653244,-0.053985321546393378,0.98937929836268679,0.68897968936714538,-20.676320983341022,0.64829504407360294,,0.208148785127383,0.25,False,2
0.31549882939557244,0.91677852593111453,0.24490329324367255,-0.92666310724637335,0.24208300439368902,0.28756095815013072,0.20434278631387898,-0.31766799236828674,0.92592174199884847,-5.2536228833205643,8.5333736184287758,-4.2210775471043052,,0.4880438075228495,0.1538461538461539,False,2
0.90798263358227682,-0.41855025090831949,-0.019576122638992059,0.40937567141067427,0.87618126664001095,0.25439722413219579,-0.089325790061178273,-0.23900224989252683,0.96690166396395116,6.4771296434403718,-16.529568304225865,0.10037965807312223,,0.2173319166504031,0.1282051282051282,False,3
-0.35908103800486324,-0.91407510300082417,-0.18848743782911365,0.91324808484369691,-0.38576867386444491,0.13099796103065248,-0.19245452365343568,-0.12509690779112601,0.97329955305981142,13.104993746232021,-9.8906734405023027,-0.79558331200931121,,0.3490431134077292,0.7368421052631579,False,3
0.13662889046722071,-0.98801255107425101,-0.071859204069114696,0.98174590765489667,0.12535893024655806,0.14303884580875706,-0.13231598199975322,-0.090090718318753801,0.9871049302785655,13.675936748731601,-14.83354226392813,-0.08454589936385791,,0.3554324866087392,0.5,False,3
-0.62301708138949841,0.77971615130245686,0.062389419736017623,-0.77753232945813178,-0.62602789061519026,0.059435316263210206,0.085400192882239406,-0.011480573591119845,0.99628058471782754,-3.8455360468821715,-24.747733201405111,1.1846284928865085,,0.1459627216800858,0.4210526315789473,False,2
-0.9301728488863964,0.34146038077170932,0.13484539131095463,-0.36076146653577268,-0.91824094259129307,-0.16335463143728796,0.068041424570064138,-0.20059506402773961,0.97730854126533817,0.91787955732168058,21.657990630088683,-5.8054082383117889,,0.352753512146477,0.2,False,1
-0.99257964120498132,0.1086926427323183,0.054512065464945796,-0.11010733020057997,-0.99363833124723622,-0.023648308867810108,0.051594880574436452,-0.029475007923179981,0.99823303502059957,9.6120356227960819,-13.25263722942495,-0.35624076820484624,,0.2180680112403793,0.5714285714285714,False,2
0.22266679244395285,-0.97375788718599221,-0.047064601196589374,0.96381902103807127,0.21262407176032189,0.1607603769380829,-0.14653461784825678,-0.081157755335727791,0.9858706936109477,14.447749274320829,-4.052242828314335,-1.5666926772924683,,0.08789792895032332,0.2272727272727273,False,2
-0.38952448776506571,-0.91407398755209146,-0.11286903345019915,0.9121360583767576,-0.39983760690444337,0.090209196392826471,-0.12758716408900586,-0.067813224267445113,0.98950638308915317,-3.0127306408977561,11.230697280082834,-4.4338864950589647,,0.727603718072821,0.3955555555555555,False,1
0.92501256036761315,0.36186109994011162,0.11579424645588191,-0.37777601489128515,0.84353936014735897,0.38174157548666843,0.040460421834336797,-0.39686004111313206,0.91698694758031907,-10.216408801822265,-6.2694484795749554,-2.1338302290001274,,0.3565791372812641,0.2105263157894737,False,1
0.18302143420535608,0.93780063925363677,0.29501375499607896,-0.97343517662303425,0.13087523766596662,0.18787130988727382,0.13757583920986227,-0.32156124328244012,0.93684110460864967,-12.571952037154668,-8.3652471123674665,-1.8859980828277163,,0.2676380151936272,0.1875,False,2
0.47730468486389577,-0.83553138869826227,-0.27215351606571536,0.86827446181605716,0.40078037321730131,0.29236031092102377,-0.1352024288428805,-0.37584889376417624,0.91676491659052495,-14.164338598440184,-2.9467881656832957,-2.9365400780900295,,0.6800726076792013,0.6,False,1
-0.98713046726729892,-0.15949717044907297,0.011579862321526534,0.15984222522982588,-0.98186500431735957,0.10193908146756447,-0.0048891334839339749,0.10247812408320392,0.99472324314764327,8.8886502822822511,-11.411217648468932,-0.59500350733083696,,0.1037789843896371,0.68,False,2
0.58885501415136032,-0.79640451321176431,-0.13780284338407128,0.79824135252003581,0.54632230118841096,0.25365860196568135,-0.1267300889125631,-0.25936806773412313,0.95742764217672438,-9.7603347970582615,5.008552423881989,-4.1386212570320309,,0.2466549512657489,0.2222222222222222,False,1
0.46774713609985236,-0.88335036689268753,-0.030078995677065422,0.87336834430764732,0.45669739732423953,0.16927853507927293,-0.13579525702948952,-0.10544959263942381,0.98510914703928876,-0.03615055879190069,-14.641271298386362,-0.27319867704561429,,0.1177986210472973,0.4594594594594595,False,1
-0.65182397263773728,-0.75772511037300871,-0.031275642359014727,0.75177576436830262,-0.65103302601740043,0.1048293811060628,-0.099793330454553034,0.044818033701151304,0.99399830736875505,-11.656448803860583,-14.356824103778219,-0.79019779820224589,,0.2416859970040132,0.9318181818181818,False,1
0.53946258093325838,0.79187451121931074,0.28620776064601494,-0.83429364268599571,0.45678156972153328,0.30871461795072941,0.11372880702161849,-0.40532129976589043,0.90707243504007407,13.029804327075281,1.1585650948686261,-2.2423337278425226,,0.2810282532690035,0.5,False,1
-0.99841460927610537,0.053570427917773722,0.017276493763215481,-0.051062248968412195,-0.99115985447786892,0.12245321392964498,0.02368363811435421,0.12137690111433121,0.99232390536636383,-8.0320993933000455,6.8394856018236307,-4.307230824405325,,0.1089019259493291,0.4761904761904762,False,1
-0.89493122515782697,0.414806632651185,0.16441885459428363,-0.43915878891207455,-0.88404476993981762,-0.16001375835638362,0.078978860201899842,-0.21540729386592283,0.9733252474844003,0.54022533547446705,15.293491909120737,-4.8816861909419034,,0.3062392763463956,0.1818181818181818,False,1
-0.99915451150862367,-0.038937992801403379,0.013194500693904359,0.039786357828977256,-0.99663373833479485,0.071681499311298247,0.01035895084784981,0.072145854554568373,0.99734029689365433,1.9709794036530461,-19.656103758996458,0.50017588006142466,,0.1330560019620491,0.4,False,1
0.066507254396499502,0.99193067886779429,0.10793661766757019,-0.98735960853389249,0.049828548894404232,0.15045969277808535,0.14386726016866092,-0.11657891763073583,0.98270624675719243,9.1637499797905075,6.2855562753678935,-3.0578515351998217,,0.1852370110398186,0.1515151515151515,False,1
