axis_00,axis_01,axis_02,axis_10,axis_11,axis_12,axis_20,axis_21,axis_22,location_x,location_y,location_z,dbh,dbh_approximation,score,reconstructed,number_clusters
-0.70331314095420938,-0.71012591488069454,-0.032738521285839262,0.70910169561761471,-0.70406483418862376,0.038307891238904962,-0.050253467873872616,0.0037275023547644823,0.99872954031251471,-12.606379842877198,-4.8384236389998279,-1.6568006221336831,0.2998937778638946,0.2559534084257124,0.3043478260869565,True,5
0.98949446466471225,-0.14431099464574465,-0.008662633678611413,0.14216932963823664,0.96043385107280499,0.23948841187764094,-0.026240924299810425,-0.23820401872725822,0.97086057668136627,9.4514812967065058,-6.2378649430460422,-2.0085779835320619,,0.2087675048925468,0.5686274509803921,False,4
-0.23799120298895851,0.93883281615513636,0.24890385816633198,-0.96179904283914142,-0.26349661448553668,0.074243756292180163,0.13528779876093977,-0.2217261316689525,0.96567838022891572,6.786093597289331,4.7940130467852011,-3.2753614506470967,0.6633743385557689,0.7314278171935622,0.2836257309941521,True,1
-0.084908813033501451,-0.9527326556221789,-0.29170358307767097,0.99226394756977943,-0.10746366265532052,0.062159629679882741,-0.090569044504613061,-0.28416904849017832,0.95448687788659881,5.5378638413372121,16.850117713018427,-4.7436596435794804,,0.357924392553048,0.25,False,3
0.18351745441324976,-0.95548449919608369,-0.23102102874347161,0.97451770190316711,0.14599909839383216,0.17029243067605643,-0.12898291593483299,-0.25638571540590793,0.95792994124453079,11.756489950267827,11.298268584194435,-4.2828873598568853,,0.4917202193554607,0.1739130434782609,False,3
-0.69404334059089356,-0.71897283408677692,0.03717398588612901,0.71855987468336746,-0.68860744539694818,0.097424291831725893,-0.04444713575088366,0.094328415597411217,0.99454844132119857,4.6137577236511964,14.252495091223841,-4.3784247123443079,0.1600385015459745,0.1245079362359427,0.7142857142857143,True,5
-0.96632722440841545,0.24732486215571717,0.07100780187263693,-0.24058935392380129,-0.96629866034995859,0.09156233824233205,0.09126038650836428,0.071395458997970243,0.9932644312008827,-2.1666761284889144,8.699620153735081,-3.4558402098020622,0.3603657616949696,0.3572511400796992,1.0,True,5
0.71011693384329544,-0.70400106282302333,-0.010790913448435434,0.69775810198957822,0.70160461511321792,0.14451503437267538,-0.094167783115559595,-0.11015202038949676,0.98944376344854168,11.38157821523796,12.585584560744127,-4.4523283628199053,,0.1574229566949434,0.3333333333333333,False,2
0.51684833643571104,0.85055293257764086,0.09709534493071055,-0.85201075913110069,0.50003276254222984,0.15506418899678831,0.083339447133297953,-0.16287094666625349,0.98312135124996369,-4.4361260750443003,15.364897049420556,-4.2633221645321191,0.467518230214465,0.3991869382854821,0.9150943396226415,True,5
0.59172445810267271,-0.80596309832247015,0.016901178229451058,0.79505024359517174,0.58692149515571534,0.15303028681747372,-0.13325642889690997,-0.077114477671995696,0.98807696131982492,-24.674153896111342,2.5480387182951594,-2.6473748272781328,0.5623862820009599,0.5316895448216489,1.0,True,2
-0.5734117123144552,-0.81897915959263912,0.021728882473289541,0.81682015397832364,-0.56944933464419401,0.092370402879446617,-0.063275937254466105,0.070714860009888858,0.99548760129815261,-6.6474381179264439,12.137383998589074,-3.8173736787253962,0.3306075643608425,0.3049991314063606,0.9230769230769231,True,5
0.88316549942785283,-0.46874110610611425,0.017334245491722473,0.4387840811537862,0.83865579790704858,0.32268402929633572,-0.16579273429911945,-0.27737741091031065,0.94634800214842407,4.236908521079978,19.000970115014166,-4.9540971423814986,,0.2299272151157512,0.2285714285714286,False,4
0.50389329326769405,-0.86376154986491882,-0.0027448086986540943,0.85237451805999243,0.49673102901690941,0.16345019355693288,-0.13981856086312019,-0.084701061308327052,0.98654776886444273,2.9571799371282568,-18.041050306098214,-0.3477549156520458,,0.1906532710642765,0.6086956521739131,False,5
-0.540600040489286,-0.84116567203694714,0.013853101082974328,0.83836588707064164,-0.53728524728855742,0.092017402931895032,-0.069958813735222697,0.061358579128808405,0.99566103124911709,-1.7549373022430619,-22.266863554113289,0.2673171360808384,0.5796780705824394,0.4019044904509703,0.921875,True,5
-0.88072496557918833,0.44990134580574781,0.14802808533421705,-0.45998770291568947,-0.88697789410035321,-0.041006445147680273,0.11284878453880029,-0.10420649893110982,0.98813266184689774,15.153817423516577,7.7683238288782519,-4.0010500702154603,,0.4696040538116336,0.25,False,1
-0.97191012587079273,0.21773515317815428,0.089342656666942188,-0.22809800951373263,-0.96496710220459203,-0.12965257312813647,0.057982801637162303,-0.14638953081883752,0.98752625280594308,3.1159890800283598,1.2547695580474423,-2.7002688118149547,,0.3802284201923101,0.2331491712707182,False,4
0.96302199251382459,0.25236091424509544,0.094353648027423812,-0.2678428634544453,0.93461725135332596,0.23398887573830721,-0.029134900570048815,-0.25060838460461249,0.96765003753146195,-8.9804351272147045,-32.872878480219967,1.6523399877113332,,0.3151428433490401,0.64,False,5
-0.46573668835836857,-0.88477957177700017,-0.015951378720598909,0.88193791250181819,-0.46556945341897565,0.07369262198545648,-0.072628201195644837,0.020253232069580705,0.99715342399342966,-10.065408725598063,0.31070162059764245,-2.3151994634651758,0.5584385112500255,0.6243549668637817,0.6530612244897959,True,5
-0.33495445713889888,-0.94212681702746071,0.014232788921756272,0.93721075157919331,-0.33157288612574459,0.10814540355746785,-0.097167477929342175,0.04956290774308602,0.99403319834344606,6.1392282774378968,0.11463644883375262,-2.6248144924117112,0.157638923099121,0.1098290465175657,0.3392857142857143,True,4
-0.99289653475137041,0.078330024008992291,0.089559358067539035,-0.10111570517175876,-0.9522198657334513,-0.28818907243367897,0.062706342951386884,-0.29519778901834098,0.95337620062194972,-11.085827747342659,-1.2823003936571535,-2.1075685771894141,,0.4906152103064833,0.2692307692307692,False,4
-0.88270362180314144,-0.46888635915770255,0.031303326523761013,0.46988033508392923,-0.87968016625059842,0.073316272455276277,-0.0068400845779497677,0.079425356789604676,0.99681734833509628,-6.0923301811896531,7.7361376338180818,-3.269296061927446,0.2357753131278775,0.2050710230417226,0.635593220338983,True,5
-0.4547741937780046,-0.89058469850993593,-0.0062711604614574604,0.88679606951613554,-0.45346777633521923,0.089217189578719214,-0.082299233072365863,0.035012435013275972,0.99599245259697722,8.3078161716681933,16.86282086355326,-4.8537541095268235,,0.1609967046913192,0.9024390243902439,False,4
-0.8532624435079823,-0.52080207840751114,-0.026615740177644766,0.52117573471408252,-0.85339854066308118,-0.0093158112561018275,-0.017862139962039857,-0.021820309817683799,0.99960232994698273,-12.406109177351388,4.7209406189100944,-2.9365056187886904,,0.1898046173682568,0.4,False,3
0.67274185976442724,-0.73925414266350864,0.030359556576816899,0.72721398661654124,0.6682299544920407,0.15693484504354899,-0.13630189943642426,-0.083498745346301903,0.9871422145443971,1.0656163346088785,-15.017606319268538,-0.62036877620791964,0.4973630615835301,0.4033659782668051,0.7534246575342466,True,5
0.18655242153296558,-0.97401653909507269,-0.12841329989314243,0.97567084623560041,0.16835380925924448,0.14044000396543604,-0.11517201841635193,-0.15148853579449928,0.98172635173797007,13.650026489107805,9.8511605760296774,-4.2068202484483557,,0.3967733648815855,0.6615384615384615,True,5
-0.97752012581139813,-0.2062386807476343,0.043817920958714819,0.20845830131876125,-0.97652940553670819,0.054179855420806708,0.03161550640058354,0.062096108457763748,0.99756931241364699,4.0293006013357529,22.730280025282642,-5.4254077982097799,,0.1343926259192789,0.1666666666666667,False,5
0.28574665787969017,-0.95830387252454907,-0.0015922986654041543,0.94790501942233674,0.28240102095579117,0.14739653156389398,-0.14080100022558989,-0.043627414174797027,0.98907619881781306,-2.8092066896446886,-28.467246747559802,0.97388030409872972,,0.3179157875013808,0.6521739130434783,False,4
0.044848244416033828,0.96744950289094189,0.24905841549497687,-0.99140358433124065,0.012427945169359651,0.13024776064883023,0.12291284696063004,-0.25275878923379946,0.95969027634810167,-7.4405023851800518,1.2108768953582039,-2.4013647150730386,,0.1637167362132235,0.1388888888888889,False,4
-0.99045204618927118,-0.12495688815799472,0.05822817446352941,0.12681603629335086,-0.99149060621436025,0.02939507998836717,0.05405957027509864,0.036498683408438058,0.99787043696620314,13.478252762281222,-3.8767258384036376,-2.4715917506533485,,0.4415013335617681,0.6785714285714286,True,5
-0.9538845747845055,0.27083723798107928,0.1294272324936428,-0.26387608015137115,-0.96211871109475289,0.068534663385170197,0.14308610104454703,0.031221407465899631,0.98921766634230601,8.4889938987471236,7.9794776911697891,-3.7286867813030238,0.6799294553358063,0.2297886659510211,0.627906976744186,True,3
0.90759122617692001,0.39302293215224515,0.14768595386537975,-0.41958228630175065,0.86171201868741443,0.28531228832887168,-0.015128489299032821,-0.32091333978523445,0.94698772809335607,11.148758476897511,1.4375208407805387,-3.0242853126572027,,0.2618623699077166,0.1284403669724771,False,5
-0.9794565294488643,-0.19595521672972999,0.047607351915321373,0.19892090105496887,-0.97761078708137472,0.068612127977584592,0.033096556368661802,0.0766726940868631,0.99650685694479624,10.231070285069848,13.275208011089868,-4.4625067355166692,,0.22234496646319,0.8070175438596491,True,5
-0.70968797641228576,-0.70379750547032383,0.031812692900567499,0.7032547143386827,-0.70499376774760281,0.091741998002322397,-0.042140039110729381,0.087480619172420948,0.99527451407787859,4.932709992374698,7.4938004937190881,-3.5438866138492591,0.1970484751791764,0.1726618747074668,0.7988165680473372,True,5
-0.84516518599340207,-0.53325379194859523,0.036554093576263831,0.53429808477880092,-0.84095607399757533,0.085547870857723099,-0.014878339505574732,0.091832864373429926,0.99566327643160957,9.3548799725408625,19.847723032410205,-5.268363570757483,0.1988210758467569,0.1869902917137592,0.9487179487179487,True,5
-0.71237819163288074,-0.70144866219976765,0.022070033620812474,0.70048364245815464,-0.70877242918447925,0.083452443202635021,-0.042894973300183999,0.074909398115919429,0.99626733527677591,10.464978272334086,14.871721080689703,-4.6986883456751842,,0.1504049195643199,0.391304347826087,False,3
-0.26471391124031413,-0.96204263931531031,-0.06633630480428869,0.95410397026552873,-0.27127720198035205,0.12686328708206629,-0.14004341869367015,-0.029709254870219554,0.98969955090201289,-13.993467165113032,0.3560793298002824,-2.3272826947753997,,0.2912574817863448,0.3181818181818182,False,3
0.05972311180571141,0.93451364201680576,0.35088089546273155,-0.99336803009806984,0.021042848595591163,0.11303607964744511,0.098250224912327919,-0.35530473034772408,0.92957272006939207,7.7856140196786958,28.328404397486352,-6.2974161983115868,,0.255321713317582,0.2941176470588235,False,3
-0.26352010772326606,-0.9638803099848241,0.038625132350313063,0.95903443891019602,-0.25745930465360251,0.11818481895527164,-0.1039716202130425,0.068186908353762371,0.9922401159595553,-3.9497969173467888,1.980961567887499,-2.5572108290860545,0.395423664221645,0.3495951413368945,0.9949302915082383,True,5
-0.88658733272330215,-0.46232648655081837,0.014735036075841652,0.46256076884688607,-0.88618198059782005,0.026814779273785866,0.00066074076458456921,0.030589493250137829,0.99953181356290055,-3.6625648240668096,-23.794846498570127,0.47424151808735965,0.3643687924499974,0.2353509018446823,0.4166666666666667,True,5
-0.096346327369909529,-0.99531548377069634,-0.008029506126414121,0.98832715162838081,-0.096620088693041936,0.11778794426883928,-0.1180119763263911,0.0034126569198527495,0.99300630774244636,4.8397952087611742,-2.6915485462411524,-2.2236839677385913,,0.2022118318368391,0.7569444444444444,False,5
-0.92740790016227581,-0.37213229836181572,0.037843615479387575,0.37392269049052312,-0.92498712226666746,0.06768046377764847,0.0098187704386751354,0.076917983311979327,0.99698907496034828,7.4861853901591804,9.3961848704698454,-3.8732742307740526,,0.2039811820172644,0.7410071942446043,True,5
-0.67754278888687502,-0.7343624954775152,0.040589339283022115,0.73374305023381592,-0.6711152328519,0.10595036794516316,-0.050565852716740751,0.10156805339365632,0.99354266393992974,-9.0975046215913995,4.2556737084403808,-2.8032983679461947,0.3526263309048841,0.340670773386915,0.9376854599406528,True,5
-0.19506713202189385,-0.98047254113091564,0.024948148088360034,0.97479208686968277,-0.19100271182697043,0.1153184783588164,-0.10830143757588155,0.046814102181169506,0.99301522569191714,7.783027259566798,6.5501733717715753,-3.5526121745207409,0.2119811068484274,0.2669512606196329,0.9122807017543859,True,5
-0.54273425669146791,-0.83896428480444263,-0.039729780217492724,0.83981365520428619,-0.54276370613660629,-0.01098106703707051,-0.012351159701693686,-0.039325413200959163,0.99915011921662567,3.9593265708571748,-6.5359312214366581,-1.6676262406809923,0.3255001201519246,0.3209725371334944,0.7142857142857143,True,4
0.22335967010818414,-0.97473609594178612,-3.2207594830711839e-05,0.96555299782251824,0.22125084842310241,0.13695061324436111,-0.13348358013295999,-0.030620341935115404,0.99057787603734881,7.963150351732228,0.56901452096713723,-2.8139081270317781,0.1598287858994861,0.1594089903709074,0.5121951219512195,True,5
0.31116195358258891,-0.94993976078693054,0.028154742384469987,0.94096370362091708,0.31210620843235015,0.13106114270060823,-0.13328746044048409,-0.014288650532904019,0.9909744130679029,7.4503824281272033,13.50643673372433,-4.4157207350863743,,0.1716730410890092,0.5769230769230769,True,5
-0.50726593101035411,0.81756408620794285,0.27252566884455243,-0.85044722955937291,-0.5260376118402279,-0.0048929198049518646,0.13935847649492489,-0.2342507115728826,0.96213607101938137,11.600444150995488,2.7319138833918664,-3.2268978369777908,,0.2389087769181185,0.3076923076923077,False,2
0.014547308609002184,-0.99987494610295269,0.0062022550617417058,0.99180348465394697,0.015216812826034464,0.1268632982217632,-0.12694181202630217,0.0043058986325601525,0.99190081943531228,8.3934826772490201,-4.7343516429029968,-2.1039518629663458,0.151945598304471,0.1547410357604955,0.46875,True,5
-0.7767737180349924,0.62625227963464447,0.066563302370801977,-0.61733138817094235,-0.77806554957566654,0.11625815129466988,0.12459754471510562,0.049214660579225952,0.99098605895090175,-7.0848061837040888,-12.85114119664973,-0.53129315899436103,0.4007741278139345,0.3493332347484619,0.9914529914529915,True,5
-0.75292012297897803,0.65372770519861079,0.075837826109932061,-0.64548202881027572,-0.75601885342942265,0.10857459989441763,0.12831305037404567,0.032796047246898385,0.99119129353959134,9.4197978542062906,5.525001259936257,-3.4624222491175805,0.3854709066227775,0.2986444984451771,0.8554913294797688,True,5
0.81123128454261673,0.58001847590835098,0.074043031976623166,-0.58378300373029968,0.79621762409921593,0.15885496413215958,0.033184447184881741,-0.17209318022151471,0.98452157405832419,-2.6470397387615709,14.620465948103737,-4.1992453833515437,0.437122907847712,0.4084682918752819,0.9696969696969697,True,5
-0.79435667919476682,-0.60638169898325822,0.036037499314487603,0.60689128700555428,-0.78967856175743179,0.08994851225816855,-0.026085091056125623,0.093322045835339609,0.9952942096614964,4.6753690857331121,11.886939957434212,-4.0471184459272838,,0.1018027459168584,0.4,True,4
0.91018742256316498,0.37683510749013227,0.17191322686379693,-0.41416248531930694,0.83334801714074291,0.36606081199949148,-0.0053189812894584021,-0.40438395627236839,0.91457384849313816,-14.924770971339692,18.03905333034692,-4.4266064540201828,,0.1084040970345589,0.25,False,1
-0.26176911951848636,-0.96506082674386706,0.011598652980513213,0.95947202014014688,-0.25891614797716822,0.11124689157388851,-0.10435693860354367,0.040249583862582844,0.99372511307915889,-8.8888367879215373,-2.5567354820861175,-1.8905764723969856,0.327777890921225,0.2886842748527321,0.9504132231404959,True,5
-0.71687496956679819,0.69260198152476449,0.079954819720713416,-0.68503964898127689,-0.72104934370466733,0.10396404795253528,0.12965707590490699,0.019757002076176061,0.9913620446319048,-2.6274334343361012,5.5468779274423792,-3.0966917943694177,0.4280419032730478,0.4130600990123453,0.9875389408099688,True,5
-0.9955290715232552,-0.083467450594315734,0.044215974978873598,0.081862234098246514,-0.99595839055830382,-0.036952116379958974,0.047121570225224813,-0.033167287615957039,0.99833836380843866,-0.3423610776261915,38.465224681694906,-7.2087583370717176,,0.3363056326504978,0.3,False,2
-0.46574630621082697,-0.88455632279457919,0.025307904992403107,0.88247539315295653,-0.46214700769645645,0.087506135537730775,-0.065708132909913813,0.063089262805530677,0.99584245048509024,-0.93405154742924101,-19.917997894259383,-0.022187421760744556,0.2425910295302626,0.2790576763953915,0.6571428571428571,True,5
0.045828295053873466,-0.99299347091403933,-0.10892076980330684,0.98856152718695589,0.02939793896873967,0.14792521134067907,-0.1436867229017679,-0.11445404277036303,0.98298239951449351,-4.6478977783473674,-27.034850894991287,0.91041600970575032,0.4014536263567224,0.3612136057658181,0.6060606060606061,True,5
0.88561511259436099,0.45819433865730885,0.075787996192459073,-0.46441254573761515,0.87280916082660187,0.15008383037046108,0.002619104042279205,-0.16811340458022148,0.98576418249724473,9.2315071766584378,-3.4329352267254851,-2.3546571242870487,,0.1779417780641956,0.828125,True,5
-0.89296737467847609,-0.44844072952876085,0.038861032661811845,0.45010240953362768,-0.8888028125489299,0.086240253577626047,-0.0041338471007217534,0.094501177266865327,0.99551616702257706,7.6804023122909006,-0.94539853701475052,-2.5734621616425764,0.4902412680534523,0.3573619736622041,0.73125,True,5
0.54611408753346891,-0.8372991453854608,0.026259179999810974,0.82658276793907548,0.54368711146936455,0.14548282568150112,-0.13608942333503432,-0.057744834910789522,0.98901223596953636,0.093996518233596699,-17.487926768363394,-0.32147295397035552,0.2318141350665824,0.2808530787092262,0.8723404255319149,True,5
0.81695603381387261,0.55764520157883635,0.14701927754959385,-0.57590956341271882,0.77553780613521028,0.25859096276698401,0.030183001588264612,-0.2959272552690661,0.95473349475339908,3.7152473356918265,24.905926659728721,-5.6801766136116179,,0.2171524161923521,0.25,False,3
-0.75356613424464081,-0.65737049083880195,0.0014557108030390786,0.65686642117556449,-0.75289776792609253,0.040883441439232435,-0.0257795665517336,0.031764584465438429,0.99916286216119166,4.1868647442163853,21.204014288401602,-5.2700839288873773,0.416700198237278,0.2196161670961002,0.5526315789473685,True,4
0.42136341548559098,-0.90572565870759281,-0.045977203579753614,0.90075840567407939,0.41208918171758713,0.1371743449731754,-0.10529561575776833,-0.099214603108747315,0.98947930540874152,9.9475384190302272,21.866618252646806,-5.5586353676080522,,0.1794033616701459,0.2307692307692308,False,5
-0.99694137477142952,0.031007735800396691,0.071738522352959244,-0.039366907734027547,-0.99220767266169418,-0.11821243964458812,0.067514012207198895,-0.1206749958848046,0.99039355991640476,-11.910040161507338,5.8420209409403991,-3.055858542601273,,0.5034326248667828,0.1379310344827586,False,1
0.25140979963000132,-0.96783565530872562,0.0093411435667134779,0.95889592864983031,0.25037634810078657,0.13353008024596633,-0.1315739741316003,-0.024613586184161262,0.99100073698578706,5.2311404089098161,4.8936741282453706,-3.2238646737216987,0.3235675579464746,0.289401458062921,0.8288135593220339,True,5
-0.24707975504726742,-0.96808095136325489,0.042081661723325905,0.96339211273037784,-0.2407558421161865,0.1179502505966957,-0.10405398490533573,0.069684260020035443,0.99212744752414705,-9.8136298848009371,9.0460839170029068,-3.3647180442194529,0.3026745796076277,0.2913568760623425,0.9615384615384616,True,5
-0.911879251313366,-0.4093569137160758,0.030052424478317054,0.41044165914593433,-0.91005882062031451,0.057711241961120242,0.0037249780815924172,0.064960451076109177,0.99788088684686238,-7.996511070988074,-15.242690264928456,-0.30552986690178691,,0.1511956147663016,0.3181818181818182,False,5
-0.94756755744370902,-0.31518822603939056,0.052650795305542966,0.31847202603001901,-0.94500484704223142,0.074440632070289087,0.026292445996881103,0.087305333358457721,0.99583456761184497,-3.455457041111877,10.806709004697941,-3.6645291502511483,0.4249855798129883,0.4069093381852452,0.9740740740740741,True,5
-0.49705762879103138,-0.86726228519687365,0.028104133783748445,0.86425532187615062,-0.49192420205605447,0.10522983436395887,-0.077436763035328371,0.076594439136346254,0.99405072286277207,6.8581208546124293,-5.3432810467828178,-1.992797680030806,0.3724408771850339,0.2938273749499135,0.8607594936708861,True,5
0.11240469479629929,-0.99366132121407125,-0.00153730636390665,0.98330661570006472,0.11101030618946819,0.14416938454542011,-0.14308488427585742,-0.017716959186785473,0.98955183050153461,7.328369782962401,19.06663057139016,-5.0872543071160932,0.2439220693197749,0.1967602790372049,0.8421052631578947,True,5
0.79972454060718923,-0.59964387617165194,0.029459818744484723,0.58744162283932599,0.79169167573334265,0.16773976967443327,-0.12390721894433887,-0.11683968651262931,0.98539103342232182,-11.301266817579439,7.2347442622258438,-3.2043357973809314,0.2776716239452064,0.2454369677784868,0.5609756097560976,True,5
0.65484748914362123,0.72944927869297682,0.1976828666743573,-0.75388489667955427,0.61206072813121193,0.23882886684391627,0.053219625334583319,-0.30542661130587057,0.95072722512057051,-3.2032379629094008,24.552840987808338,-5.4205717843072518,,0.2623790570811707,0.2142857142857143,False,1
-0.37733847057363035,0.91804385532982713,0.12170110236271529,-0.91104646053585658,-0.39157487909343092,0.12908702803942634,0.16616264733760205,-0.062165856819571319,0.9841368710071009,9.3682191364821747,0.68003980396181052,-2.8759793062672974,,0.238293517626204,0.4642857142857143,False,4
0.34864514902041283,-0.93720969185139413,-0.0091953012103723336,0.92747704595122493,0.34357791907294533,0.14744674550187359,-0.1350292164611932,-0.059935023361303408,0.98902725123049884,6.9725550184918221,11.999112273350578,-4.1666241471217562,,0.1351598068792039,0.4459459459459459,False,5
-0.47308143778130279,-0.88053902700933406,0.029068456103356372,0.87718249849867846,-0.4676894087284228,0.10870823929618229,-0.082126838210131239,0.076926191097153082,0.99364860165397162,-6.5272337349683536,4.7914220948948785,-2.8665904271139051,0.3077418279997589,0.268425428361822,0.8011869436201781,True,5
-0.72184524030259567,-0.69061031399107664,0.044686052204626341,0.69079976129806087,-0.71514634104400721,0.10658987138518569,-0.041654997815751528,0.10781050552017069,0.99329842245744815,-4.3755371912062655,-4.8827013197775315,-1.5927338937726894,0.5427746718790976,0.4319148645060042,0.9856262833675564,True,3
0.1845166887460617,-0.98258942645977887,0.021716596962501042,0.97392090159194278,0.18576784828299653,0.1302627498045506,-0.13202904610927998,-0.0028854035676645004,0.99124164835307693,6.2743162752001842,10.421810264609034,-3.9438181781492845,,0.1881729311098351,0.7777777777777778,True,4
0.11425564358681932,-0.9929574962320713,-0.031321854751915679,0.98387070596519299,0.10872944389365835,0.14204345100753629,-0.13763750161971222,-0.047045921259065322,0.98936474540018438,9.5929057274655083,-4.5656865959924504,-2.2147978211102308,,0.1732918093689793,0.8513513513513513,True,5
0.50378942678018046,-0.86366739290122063,0.016578537441680245,0.85254669694330454,0.50021075565781792,0.15150356251684427,-0.13914144959557437,-0.062191915579460834,0.98831767293770423,2.1709661920108649,-21.17079172283022,0.026748750433625641,0.4204200867711827,0.2566726095747748,0.8275862068965517,True,5
-0.18723494479481914,-0.98212754212671816,0.019198084378702036,0.97597145767119864,-0.18377275711934193,0.11707812584727456,-0.11145756707750255,0.040657898825271842,0.99293713094247671,-14.733665163860778,3.4293641439678719,-2.754924309993664,0.4602072770558018,0.4418110781020726,1.0,True,5
-0.95740952545749236,0.27909569727253403,0.073976971600766717,-0.27395726867162967,-0.95900400848862111,0.07251707829704522,0.091183416832464836,0.049162012435593018,0.9946198676017094,9.1252220758394209,9.7501232108169926,-3.9936990979312026,,0.2495778695437126,0.5348837209302325,True,5
0.26728787367313656,-0.96215500921266561,-0.053055921764390522,0.95204309675762588,0.25516916442850757,0.16882724732994719,-0.14889974648549051,-0.095637000014810875,0.98421665791873492,4.6478438760979488,-4.2390060891698882,-2.0093735212943762,0.2928083278584347,0.1915633688242634,0.3533834586466165,True,5
-0.5662380144123611,-0.82376722073219688,0.027965641088664877,0.82155354912109213,-0.56132828288436443,0.099801426646263333,-0.066515238561439857,0.079486633349540287,0.99461429617609642,4.8281651910678711,9.664554277162269,-3.7788250263905536,0.1902412105766844,0.1221041818016402,0.4871794871794872,True,5
0.10677994736154177,0.97475185040773604,0.19610424005656077,-0.98739311896987214,0.080778916562103439,0.13612345591410946,0.11684550249117046,-0.20816723268984386,0.97108883825417236,-7.466167899838692,-3.9471270961387797,-1.7184665448829042,,0.1611285728905794,0.25,False,1
0.28492053871687301,-0.95854583254982739,0.0031895953734437793,0.94201047865659082,0.28061792083378628,0.18403760650504053,-0.17730353836984836,-0.049431461725121355,0.98291402771211411,-10.86943358241842,-17.668965353617001,0.036154323205781963,0.4369883934637419,0.4292604173038763,1.0,True,4
-0.4361742763334851,-0.89843856557500268,-0.050597871027264853,0.89917600566108258,-0.43734760234356418,0.014477070412061269,-0.035135615952203839,-0.039181865854840882,0.99861417468399272,4.505503421513545,13.157197093850696,-4.2287788367442332,0.2158493517096904,0.2859506412247324,0.1290322580645161,True,4
-0.18192744684614556,-0.97936439840397693,-0.088021470238007465,0.97988334225832374,-0.18803402602947566,0.06687182231556188,-0.082042913458144087,-0.074084952547490965,0.99387141027264492,-8.9583363576128736,-7.5635682105466167,-1.2560503168416612,,0.2844622161413503,0.2542372881355932,False,4
-0.7463147670864857,-0.66552209375003923,-0.0097268267800167674,0.66460226272171374,-0.74592123398290866,0.043650258631452332,-0.036305658151622969,0.026112361516695923,0.99899952140238713,0.55903299292047093,-28.2658743531242,0.87487195711827925,,0.2338551571887373,0.7368421052631579,False,1
-0.55228639021254278,0.80741986308945646,0.20749194652950304,-0.81699269112671946,-0.57372812934350215,0.057956675590702895,0.1658393374067792,-0.13751072063155151,0.97651836433314021,6.1216234636181159,24.630121749174862,-5.7605536547772118,,0.170452154792363,0.3333333333333333,False,3
-0.48903072093442868,0.7525939336509988,0.44096635360769787,-0.86120694762143135,-0.49683546379806487,-0.10713129926001375,0.13846135688678596,-0.43215378390600478,0.89110692944494152,3.8032437797768592,1.6003359022012151,-2.7629984351215704,,0.791713115611319,0.4896661367249602,False,1
-0.80089847453590401,-0.5977230613636062,0.035899518105151199,0.59813147414697865,-0.79573257549894305,0.095123119821538732,-0.028290866385204332,0.09765659324356657,0.99481798168068758,0.80352894604774527,-24.438093739435796,0.43380207208550603,0.1712061852754092,0.2886065829141943,1.0,True,4
0.80098545383984887,0.51035919372239891,0.31297890682919038,-0.59817973991927931,0.66079208364042819,0.45335948313479152,0.024562196299911604,-0.55035199243862554,0.8345713767747851,12.764938244728711,4.2573170568877545,-3.4400269869233351,,0.6740322496937187,0.1944444444444444,False,1
0.31257047765538387,0.87030826364735758,0.38060901555980786,-0.94476416644544925,0.24324705683045461,0.21966232982456554,0.098591918020290839,-0.42824571868314393,0.89826790999714379,14.561305244280412,9.1577316415508623,-4.1455718429846655,,0.4395730698542241,0.4375,False,1
0.066188422475537245,-0.95845849757036172,-0.27744621310330897,0.9885423696327158,0.025184546959900231,0.14882782681797652,-0.13565793810587287,-0.28411801602431241,0.94914375981685384,-4.6193461639194187,5.9695976623434852,-3.0984643693039047,1.010956222259657,0.3935078447430986,0.1680672268907563,True,3
0.28899422642735595,-0.95719473918959486,-0.016142129952942688,0.94559333296679748,0.28277808491496165,0.16090308679627582,-0.14945094760622044,-0.061763953561849674,0.9868381976291819,-10.513467425643965,11.657610342388882,-3.7412293543561961,0.3140396467736284,0.2967753456293318,0.9818181818181818,True,4
0.75363074236816419,0.60739161191396751,0.25122924577795747,-0.65713497158360978,0.70475049052314853,0.26739554078030014,-0.014640125662622586,-0.36660902318946426,0.93025990499249667,14.108185864100193,3.887686675352505,-3.478021620769248,,0.5925782691388647,0.2295081967213115,False,2
0.99521439334811623,-0.077259168304069911,0.059827520303824849,0.067248143318691125,0.98573458206137488,0.15428875833473737,-0.07089427687006869,-0.14952710336674624,0.98621277971126498,-5.1862451676599068,33.635291698575166,-6.486113691288879,,0.4795300272958164,0.9512195121951219,False,1
0.9878670653613657,0.11600495921401752,0.10325459123969721,-0.14388882043573764,0.93384101857202606,0.32747054735650927,-0.058435165165633268,-0.33835454994740938,0.93920260327681704,-6.9278627004574442,-6.7824484173440478,-1.3328332584132452,,0.4569431942900258,0.3863636363636364,False,4
0.92674092976459721,-0.37570100627567632,-5.4612229350943509e-05,0.3611575576355181,0.89082656229190793,0.27566874048018275,-0.10352037317262103,-0.25549322847900924,0.96125269442513162,-7.1878999527886434,17.930572807437699,-4.5038877982462786,,0.3198765912801791,0.4146341463414634,False,2
0.61601964398337683,-0.78738816098496556,0.02323106039998929,0.77594308572742177,0.6116202916122202,0.15437922982056151,-0.13576496579898983,-0.077074657501002369,0.98773851359188292,4.3456580216292187,-5.6139870335260511,-1.844191446992306,,0.1299781702174917,0.6964285714285714,False,1
0.60613037292553906,0.73258812686195518,0.30971052193627424,-0.79090842502308067,0.51399593584600678,0.33207234326468354,0.084082306370944201,-0.44623179437897503,0.89095866988354899,-7.0324241354853569,-10.38207437855603,-0.82725896674395716,,0.400259397736899,0.25,False,4
0.50148354464597267,-0.86493671622264279,-0.019968259295742634,0.85652582958423207,0.49308850224292566,0.15240483001161992,-0.12197441413818452,-0.093531844234033101,0.98811640832941683,6.4227615258414268,-20.426867607621634,-0.21226220237499055,,0.3527031298810979,1.0,True,3
-0.55857368881425196,0.82509038629096099,0.084978165517222815,-0.81754142791773321,-0.56495557979359012,0.11158497433939264,0.1400765783515347,-0.0071447400457815974,0.99011489479100623,9.6624063989161346,11.561275650246088,-4.2539315913908196,,0.09869648055421713,0.4782608695652174,False,2
-0.96950775586908111,-0.24485832052510104,0.0099556104446573077,0.24316277174261389,-0.96625146577247578,-0.085029238094855492,0.030439739620245147,-0.080015671978488467,0.99632871808940782,12.739933219592983,-8.4764326027106378,-1.895431267869143,,0.3338250163067202,0.3157894736842105,False,1
0.29359728545886254,-0.92722955653126637,-0.23247792038389398,0.94638659168991324,0.24766264448595318,0.20740210605433854,-0.13473326627354487,-0.28090668205127711,0.95023069985041331,3.4070130587559424,-11.193221770250732,-1.1443925653906371,,0.3237843747416874,0.4545454545454545,False,2
0.7388758424207833,0.66272765724308003,0.12187920992555432,-0.67241643399181006,0.71339499426659037,0.19729095633887994,0.043802155023655281,-0.22772710528277229,0.97273929535863468,4.8062654622153342,-16.706388106337965,-0.55295906459719568,,0.1887475098509147,0.6666666666666666,False,3
-0.91940241195018024,0.37143002263965413,0.12937906778956465,-0.38080951841349614,-0.92292286046945227,-0.056546479188049836,0.09840383928420611,-0.10125774985051486,0.98998159200529512,-5.9165835457391296,-23.822802770489936,0.52238971422921465,,0.4486175973153308,0.1,False,3
0.94413392657507067,0.29457932420313093,0.14776383333538085,-0.32955644515916294,0.84129149692838434,0.42851040436616483,0.0019178487935963204,-0.45326773428959766,0.89137235929098668,7.6645576607081134,-6.758705103000584,-1.8338348693758804,,0.4772267321140888,0.1666666666666667,False,2
-0.74413658997994669,-0.66718203359387762,0.033598653284838048,0.66489595170171845,-0.74457513434344769,-0.059340060061503608,0.064607343728733974,-0.021817501391654011,0.99767223463888277,-9.6302040111020091,15.274648731344783,-4.1503527445989175,,0.5096227396504762,0.4285714285714285,False,2
-0.94507149151741199,-0.32548288643949153,0.030012773215281986,0.32657515010956606,-0.94410564851365864,0.044868650252917003,0.013731250925143726,0.05220550813488245,0.99854195588788841,-10.281780678036281,-14.061884178657166,-0.47799649174099512,0.2576068145291657,0.2732059040523995,0.2352941176470588,True,3
0.98884315825505076,0.11675121109295189,0.09251142135167259,-0.14222579942806568,0.92461640992351701,0.35335013298029877,-0.044283522321799822,-0.3625653723240489,0.93090564529510667,11.641045482503701,7.0218964612887094,-3.7563727879821287,,0.3671596414087691,0.1904761904761905,False,1
-0.53486405609673604,-0.82630741035672406,-0.17645539120500969,0.84207341721124052,-0.53847940143701734,-0.030859265289639753,-0.069518353849414946,-0.16509390605833052,0.98382478148320252,1.619263116684766,-12.188472312900265,-0.9787668761058278,,0.742010610627298,0.5208333333333334,False,2
0.27995410868605386,0.94134432935938583,0.18840528286841052,-0.95459326925732635,0.25213520736147765,0.15868058324002435,0.10186946214841233,-0.22427369616545159,0.96918724810527723,-13.236327692632699,7.2579218592301684,-3.200517064197951,,0.7891419955558236,0.6470588235294118,False,1
-0.99787261708165298,-0.038892928187663572,0.052321890405482518,0.027216299390088822,-0.97779849062256707,-0.20777243509123061,0.059241143862379393,-0.2059064153279829,0.97677686039374312,-13.529012677951119,-23.394131260232097,0.64654408316364287,,0.3223795680205947,0.3333333333333333,False,1
-0.41858708333520012,0.85660890946727686,0.30167205685348691,-0.90231994550789019,-0.42993636651204215,-0.031199946940036666,0.10297363547806071,-0.2852646086911344,0.9529011141900956,-9.991153809593893,1.7283883966229043,-2.5675408842372485,,0.4421975580706339,0.2758620689655172,False,2
-0.73034190800499232,-0.67248270967403823,-0.11986535196248777,0.68194002416167532,-0.72794923824841284,-0.071047237665717647,-0.039477852753173719,-0.13362975612871095,0.99024471087654897,-6.9367088155167602,-2.653157761899994,-1.8880310128634339,,0.166145573914342,0.3333333333333333,False,1
-0.8220384181804451,-0.56860033834409685,0.030765147007141072,0.56910353169779515,-0.81852932519796773,0.078300153256917068,-0.01933931861490619,0.081874287941568369,0.99645501239623091,8.7992268687341113,3.9550440264003814,-3.2417883977033957,,0.1141870008587414,0.5081967213114754,False,2
-0.99538341647049455,0.05463655267870822,0.078909450174942913,-0.070805098290454269,-0.97305989331527587,-0.21941076107917257,0.064795773562819417,-0.22398502434906076,0.97243622752124204,3.8266503486129966,-14.945329247253026,-0.72806067215307702,,0.5378201980352284,0.3157894736842105,False,2
0.73378649547427566,0.62357187539422887,0.26965810812379876,-0.67827114270241518,0.64973974921208622,0.34320040103557048,0.038802526164439549,-0.43473713265735731,0.89972106202540258,-4.0182116577452902,17.438549756206832,-4.5067892253468225,,0.495797104183901,0.3888888888888889,False,1
0.7576385897270308,-0.64376677426265461,-0.10746212221937686,0.64006885214137121,0.70066239784765694,0.31525238898507812,-0.12765434530349279,-0.30763053261636431,0.9429039312291092,-9.2446425882830123,16.181711235371122,-4.2951196688717266,,0.3878314459562258,0.25,False,1
-0.84834787465334749,-0.52906455842780487,0.019914230759395572,0.52928038327573868,-0.8465719345478484,0.056375841593709279,-0.012967630879757885,0.058366537086791487,0.99821099367711885,-7.1316002482452925,-34.171660852858807,1.7883422014060326,,0.2521745678706995,0.625,False,1
-0.67951565342220832,0.7090943130487265,0.18826505771423485,-0.72151588786670084,-0.69238825699117101,0.0036503611676930725,0.13294096550768633,-0.13335575271686989,0.98211147173179947,-14.9533499364425,9.1935688970312377,-3.4533641844934384,,0.2199380241773709,0.25,False,1
0.82696883059038717,-0.55302537809639762,-0.10141737727482844,0.54915452209788662,0.75576181835236711,0.35672592389699681,-0.12063110747817105,-0.35069503147615422,0.92868785434425138,5.9790111490929627,-11.511706087055172,-1.2114719140750616,,0.2968711704220102,0.2258064516129032,False,1
-0.22413914443131019,-0.94951968462177627,-0.21948579099650833,0.96865074780052496,-0.24181509435835544,0.056931440574989139,-0.10713250075996605,-0.19984451119863755,0.9739531809202604,14.472123238806875,-3.2624798250895441,-2.6010180446193254,,0.3508824378263008,0.1666666666666667,False,1
-0.9140000098341039,0.34549379131934393,0.21269231811009459,-0.39152167125579734,-0.88855384691892858,-0.23912934170160377,0.10637087458664303,-0.30183787251662214,0.947406531407882,4.1558093710855415,16.427772564246027,-4.6514734945279343,,0.2449700854550102,0.1428571428571428,False,1
-0.99085701399946335,-0.12220056909918134,0.057178656156862843,0.12670380579297991,-0.98844604861951568,0.083189870573534705,0.046352167216251836,0.089674020096697116,0.99489197740963542,-7.5036065203431468,-31.089156033268239,1.3955867789562739,,0.3394435668734197,0.9428571428571428,False,1
