axis_00,axis_01,axis_02,axis_10,axis_11,axis_12,axis_20,axis_21,axis_22,location_x,location_y,location_z,dbh,dbh_approximation,score,reconstructed,number_clusters
-0.76758413359768818,-0.63894213076808037,0.050671011225674939,0.64094456588883397,-0.76544366750462556,0.057324125240974744,0.002159005942863973,0.076478398300527356,0.99706890097260858,7.9505646800486769,-12.915534762488223,-1.5075920095061337,0.131087730003489,0.1344022908077787,0.25,True,5
-0.52171717037155241,-0.85116899570699855,0.057641433766351065,0.85155567672487897,-0.5154835737002208,0.09554901717381982,-0.051615148717547722,0.098934453010005446,0.9937544215904035,4.6041027823644383,-6.8050145161126583,-1.9551175789725581,0.1376917014622959,0.1201492451872301,0.6435643564356436,True,5
0.57881335269872702,-0.81544395727333296,0.0051239910290236945,0.7991599646290285,0.56848242006928529,0.19537422810160543,-0.16222963253298872,-0.10899032350890206,0.9807153795621012,-3.8222954136133884,9.4823891477401681,-3.6717522523056458,0.4095604461296295,0.3935391693237411,0.739413680781759,True,4
-0.30434956881892833,-0.95217958615720866,0.026932799060243762,0.94860632620299057,-0.30039150718832019,0.099553906486861063,-0.086702813376485999,0.055847812084417227,0.99466760479970717,9.965217442691614,6.3153880372600195,-4.1062339819382982,0.1699704463966072,0.1479484786067077,0.6842105263157895,True,4
0.85935031372088777,-0.50583629684850251,0.075144388336092688,0.48600499657909824,0.8535507432223981,0.18775055804082758,-0.15911059552387652,-0.12482295275743577,0.97933806668430523,-2.7667979541126195,17.975912846337536,-4.6604503655733334,0.4524407471203397,0.4123905932233282,0.7889908256880734,True,5
-0.48773693935191426,-0.87264831525864472,-0.024445774028993006,0.86941696031476401,-0.4880810014577121,0.076753404700202477,-0.078910247171476461,0.016181900144486908,0.99675037948277223,-9.2415099274016992,13.84100355863497,-3.8883370677488154,0.3748042040100159,0.1971037017122531,0.4545454545454545,True,5
0.99062373270516801,-0.071066102858056854,0.11668002925029015,0.035268652861454523,0.95813516640656837,0.28413575104234268,-0.13198765975127635,-0.27735647084505893,0.95165784069367909,-5.1579564164798315,-9.2232585062560499,-1.0378339769678071,,0.2155566075399288,0.2380952380952381,False,3
0.80170187843480079,0.58533006609813232,0.12109009800834056,-0.59764769623832636,0.78821694892031946,0.14673538297140423,-0.0095566361830098784,-0.1900072502729824,0.98173617410614311,-14.164328284630084,-1.7577264254885028,-1.8676190649638289,,0.1070838964399137,0.4,False,1
0.25384586329370545,0.90992515846018107,0.3280220780525136,-0.95818178588485126,0.19024965321873361,0.21375858964886041,0.13209823196088485,-0.36856651428387727,0.92016780081756944,11.552651318668746,-6.0297737274382088,-2.6745776603495575,,0.4443154446033516,0.125,False,4
-0.53973824670478654,0.78067406828596919,0.31500892709553047,-0.83373906613941451,-0.54747836581141573,-0.071739867308485528,0.11645511855225729,-0.30135599890212245,0.94637348192385673,8.6388521135900493,-6.8991338885023916,-2.3000010017395804,,0.5117281483335507,0.512396694214876,False,5
0.99022986540861624,-0.1041783732146439,0.092691316784180258,0.085721986170211345,0.97906411413832339,0.18462177957536552,-0.10998433861177226,-0.17487231616494114,0.97842890303753849,-10.616803093903883,15.981716975553262,-4.0551908165377988,,0.1190899865621741,0.3636363636363636,True,2
0.12577466493037018,-0.98970164340230593,0.068347572805686513,0.982768497957764,0.13370728343707244,0.12762617982890176,-0.13545040820718812,0.051117701460980144,0.98946458628586231,10.545957629033479,7.7881975359821043,-4.3177492912169289,0.1844966138637684,0.1956435103810987,0.875,True,5
-0.88384731060996458,-0.45877667482464063,0.091312070200924078,0.46312332903381881,-0.88568527501521632,0.032838631607496005,0.065808157793435879,0.071313086162818423,0.99528072929689948,-10.243599286233234,3.7140791428346867,-2.786801474888644,,0.5352177477869271,0.6417910447761194,False,4
0.37481328818098819,-0.92670357229211542,0.027119883922832114,0.91311851516965992,0.37406383483253608,0.16214445634906113,-0.16040441470642575,-0.036010228705320294,0.98639428585696898,4.4577843737206502,-9.0536171054846815,-1.6296988386687203,,0.2086894730877717,0.3,False,5
-0.9047807269522613,-0.42197080201835496,0.057554134340845685,0.423801687038597,-0.90543793703193565,0.023963978104472178,0.041999597604939772,0.046073684759728825,0.99805473265431921,-4.9090536795534945,13.622763632414541,-4.087705956135264,,0.708034243498421,0.1578947368421053,False,1
0.052832105507055221,-0.99769886535175278,-0.042494031386988401,0.98665281085384504,0.045588921158360912,0.1563262009447712,-0.15402921626074587,-0.050185897854314793,0.98679094857758931,4.1030076975718286,-15.522305454808285,-0.85003231415591185,,0.2217372784571175,0.3703703703703703,False,5
-0.34986550565437818,-0.93501863135541974,0.0577432850766538,0.93674210059732987,-0.34849374286799079,0.032654986607876121,-0.010409847343169402,0.065515419559796645,0.99779725639941308,-7.284288935451225,-10.280733512975774,-0.91398242660578799,0.3414086749957775,0.3102053310231643,0.676923076923077,True,4
-0.99382917747189947,-0.056064724971157068,0.095709522093858704,0.061604464138443324,-0.99653176312953151,0.055940460063903852,0.092241292292235141,0.06149139523424791,0.99383617981456229,-15.874005866060772,12.152351068979996,-3.4853681739347686,0.3278564791142249,0.2153178382430632,0.4,True,5
-0.32079994632107123,-0.94402106792847207,0.076887045382065186,0.94359574862106543,-0.31151934148602078,0.11217291591273726,-0.081941794126366235,0.10853535455003585,0.99070965433271585,7.5233319257570619,7.9482356090419346,-4.080053029481264,0.1500938554191694,0.1190487743788581,0.4893617021276596,True,5
-0.46382609584428025,-0.88372922475467675,0.062353910289180338,0.88382129944589805,-0.45672757075780207,0.10129085227917366,-0.061034936385787331,0.10209105457470512,0.99290087779002789,4.6056603724147163,-3.3195039730436307,-2.4587607069623831,0.2547507031283653,0.2053446889410794,0.8805970149253731,True,5
0.0574838175695307,0.94610216452449769,0.31872606576760198,-0.99431456199434654,0.02559239609508196,0.10336140995605457,0.089633489966775573,-0.32285557691353767,0.94219430794937575,-3.6093635117854412,11.579382348072825,-3.8943959205241185,0.390914402368596,0.342654927409216,0.2463768115942029,True,5
-0.77060092739296493,0.6247602569272932,0.12589214457322362,-0.61740295708225479,-0.78080642218896279,0.095681344339211244,0.15807529625842875,-0.0039940496509331888,0.9874189831475777,8.6941098389384877,-11.433402534276036,-1.7690820354371071,0.3126664823786749,0.3338687177612005,0.8409090909090909,True,5
0.55096510817550581,-0.83346493230155549,0.042114797835428854,0.82045504954302351,0.55021242846404406,0.15530549006089966,-0.15261376495097104,-0.051014607587092295,0.98696836249204412,-13.11492216308514,7.8696403058600461,-3.1839086636765992,0.5166988655995026,0.498993471387115,0.8762886597938144,True,5
-0.84770072916022299,-0.52446703742996292,0.079610303545864486,0.52986343381186041,-0.84433728738751412,0.079619637252369257,0.025460072473013379,0.1096762133579221,0.99364123954933414,10.353753784656142,-3.8367326937842177,-2.8382172808609409,0.3042491215006993,0.2241680778433766,0.8,True,5
-0.25743803449173541,0.89442562377887025,0.36568902352246158,-0.95521628843623529,-0.29270075829434727,0.043452369325705759,0.14590236702375803,-0.33812581921777818,0.92972223253785402,-8.06440534655143,-0.57334913509172147,-2.220763272642853,,0.3733881436730424,0.2333333333333333,False,1
-0.99381598657708303,-0.054277076865010265,0.096869932129676997,0.059480679925773265,-0.99689171908718999,0.05166187308793696,0.093764777712028763,0.057104284798744812,0.99395536475147472,7.1863629118760803,-7.3648292626303169,-2.1233301254577737,,0.145611881611673,0.28125,False,5
-0.47609657157772634,-0.87801402717527477,0.049228270489543993,0.87729691553374489,-0.4703541902205417,0.095483285118162856,-0.060680940392455869,0.08864707454527368,0.99421301522744765,13.044255639755649,10.697219894624277,-4.8972385991783476,0.4266231106804049,0.2542290442765312,0.4666666666666667,True,5
-0.70128231481727965,0.64317686936559915,0.30745183303663376,-0.68081291212191863,-0.73214829777162582,-0.021275543663667559,0.21141639863688852,-0.22423734029634526,0.95132577049306855,-14.62831902861582,11.678119023517242,-3.4922580743640896,,0.7642334692395037,0.4074074074074074,False,3
-0.30325714808933291,0.91798482890827249,0.25561485877580675,-0.93940456080566603,-0.33300290482791556,0.081413368150970888,0.15985672732243617,-0.2154365783018786,0.96334464625041671,-1.8762754968762378,-30.888165938912412,1.198613872749168,,0.3033766535992258,0.5384615384615384,False,3
-0.4789119840008198,-0.87773623516061994,0.01491351958663642,0.8761698397901625,-0.4768647612701285,0.070188398620186054,-0.054495168799456192,0.046680841303964306,0.99742226545865453,6.5320623444795149,-12.000016225965641,-1.5003935030200275,0.1316011311110218,0.1218990740462411,0.6363636363636364,True,5
-0.99306753185663832,-0.074889151717889665,0.090600729175548525,0.063390446651607174,-0.99028800679244455,-0.12373889799233674,0.098987516614348584,-0.1171378613345109,0.98817012350935918,-9.9536037146120577,-0.8434529808055522,-2.1716461477796352,,0.3353178400236808,0.1818181818181818,False,2
-0.99096207143087744,-0.094193636339947026,0.095507758106246218,0.1019614526036975,-0.99156630399820078,0.080000793485380056,0.087166709060095701,0.089015861779821556,0.99220871855836235,11.11126474342761,1.531684144264835,-3.622491340632422,0.221475327852451,0.1958518575732124,0.7961783439490446,True,5
-0.84281800011814345,-0.53148071424684196,0.084770685148358407,0.53777878444526328,-0.83786893578798038,0.093646278314165818,0.021255532866301594,0.12451464502292846,0.99199007328570865,9.7555564690949854,-1.7633844392757481,-3.0824268732963112,0.1496740446732379,0.1237776975758119,0.4545454545454545,True,5
-0.52498360514556697,-0.85109618796889042,0.0052433913823097394,0.84914230486113873,-0.52333958652278822,0.071225158990844042,-0.057875387026590321,0.041844426187742992,0.99744648155855575,17.873532613812252,-0.9569026879738457,-3.9066938482237772,,0.3300744038903674,0.3469387755102041,False,3
-0.28749608157603335,-0.95757069888601143,-0.020108697456179103,0.9529335685528233,-0.28808753983552465,0.09446260274150052,-0.096247685705217745,0.0079953753177889192,0.99532530208465986,1.9753097451570458,-22.930814771704092,0.10048543803095156,,0.2152017763220674,0.1363636363636364,False,3
-0.46259897195828847,-0.88290270334841381,0.080529544660324165,0.8849288873595883,-0.4543148520601516,0.10246404010229693,-0.05388000983349165,0.11866267996985025,0.99147169042929173,14.752391716125437,2.4251859110127407,-4.0402423790310822,,0.179636949021436,0.7073170731707317,True,5
-0.76975791726911369,-0.6317125168504808,0.091717200436703963,0.63833589191993279,-0.76181464923065456,0.1102983649215051,0.00019464917004848037,0.14344942060532914,0.98965763061762702,-9.008319341317927,1.5247540288895411,-2.5324963885276488,0.3538177377820728,0.3594358772793554,0.9327731092436975,True,5
-0.94035406074148453,-0.3391197823545693,0.027055751011359958,0.33802844983887065,-0.94036545444753283,-0.038073339506978138,0.038353716202334853,-0.026656805837779581,0.99890860800976033,11.431171952858238,-4.6051000621271294,-2.8473548008407019,,0.2286393591761681,0.25,False,5
-0.99475323973244534,-0.025102542950939204,0.099175875994120685,0.034985042690457512,-0.99445236069098419,0.099199541854164491,0.096135523245841931,0.10214873789492221,0.99011292109371241,-2.2507187867562717,-1.0752199841228789,-2.3172358142615934,,0.3656773314921101,0.9890664423885618,False,5
-0.18045653214842206,-0.98232976714993614,0.049635356109519045,0.97818507250116338,-0.17395788253828093,0.1135456693964666,-0.10290482953126913,0.069042622154368488,0.99229215072235188,7.2216987749528831,-10.240871508528013,-1.7509411976300264,0.4131917218607684,0.2721307123806876,0.8309859154929577,True,5
0.98662917134112116,-0.12146365350309089,0.10867133539445445,0.10109233825618548,0.97909087739112255,0.17652589882331424,-0.12784059372761805,-0.16317976187984551,0.97827866577382105,11.966181229168178,7.5828982112199723,-4.4261469378395359,,0.1286706374693166,0.6333333333333333,False,2
-0.62350505174188031,-0.78064949365530234,0.042752994141678949,0.78168436862542523,-0.62144864543409983,0.052641513416651603,-0.014525780496359476,0.066241596779104975,0.99769787639201124,14.247143499571521,11.009009208811792,-5.0648526636885007,0.3117009687243376,0.1596184235106437,0.9142857142857143,True,5
-0.93200444255902859,0.33771260110140006,0.1315975611763423,-0.33529623814391124,-0.94122944062697178,0.040786919270506955,0.13763775549163809,-0.0061105772529319105,0.99046378485478204,11.586655893919824,-0.51301868871416367,-3.4197902913691443,,0.1479335658239345,0.5,False,5
0.93142164299746488,0.32650342512113689,0.16077697702118249,-0.36051769234175718,0.88820206606713303,0.28482289820632489,-0.049806791348948262,-0.32325315654799525,0.94500088905634372,-10.370456434388828,2.1535225288190145,-2.5956798945052082,,0.37096008434017,0.4565217391304348,False,5
-0.94747120537027441,0.29713037604593001,0.11837167999569723,-0.28812237748261887,-0.95359093364293135,0.087463288685974694,0.13886616070145655,0.048763417689976669,0.98910986169749149,10.521047609780029,0.10092702753229948,-3.3865918640154509,,0.1871483363220867,0.831858407079646,False,4
0.91435240387417005,-0.39465757571940796,0.090581893647727202,0.37887903513580024,0.9127962262053877,0.15249172488948154,-0.14286482514633675,-0.10511159475759144,0.98414490517576947,9.2511922052755455,8.8510810292831987,-4.3194403907040719,0.1489028736935799,0.1147511757080402,0.5714285714285714,True,5
-0.81656020568321708,-0.57029170424703735,0.089424843089555367,0.57716763863499088,-0.80934862080302483,0.10877649983682071,0.010341537946090482,0.14043568660155803,0.99003579254573348,7.0064833582564141,-4.6814810593533807,-2.4345099987015559,0.2859361454212771,0.224414827750471,0.8072289156626506,True,5
-0.95814729776792906,-0.27007459642620679,0.094939286626965214,0.2793182230853391,-0.95462483750892979,0.10330900185123323,0.06273026408731433,0.12550351380049474,0.9901079648155876,13.099459348771484,6.2756530331756029,-4.3624175776692944,0.3303235702983656,0.2697679356007137,0.96,True,5
-0.70548812776124237,-0.70718698887999187,0.046616138265499651,0.70858114553174323,-0.70251065668528301,0.066268676164047996,-0.014116011648488247,0.079783080928624073,0.99671229460294986,5.2393490537933909,4.7521973391723122,-3.5497733576870267,0.3287900514125487,0.2781300552537537,0.7511415525114156,True,5
-0.2182897040046283,0.91565624420149472,0.33752518066121434,-0.96340851400875882,-0.25732586012971914,0.075016243867154858,0.15554304954258819,-0.30879935907205797,0.93832260740945561,15.945796035226961,3.7511933901632499,-4.3102026245673581,,0.6253714837403589,0.1891891891891892,False,5
0.47477161151348907,-0.86852193892648666,-0.14234310135816886,0.86589356141909235,0.43200226477530679,0.25219512985378456,-0.15754446100655595,-0.24298906319499847,0.95714996629252014,3.8155482768006945,27.40410928367378,-6.2618019892234402,,0.1613982867507113,0.5,False,1
-0.71658938617149581,-0.69450799500466787,0.064484854818439602,0.69737882741817836,-0.71171194796130222,0.084432660730164422,-0.012744516279782431,0.10547392096496955,0.99434039910941452,8.4343264332138226,5.3961042355333744,-3.8547067721578383,0.2828763840832277,0.2154626009274086,0.8813559322033898,True,5
0.97590674037375535,0.18644369940201946,0.11333481833205915,-0.21627114840513115,0.895298069396117,0.38944596198074877,-0.028858698179183198,-0.4045739906233155,0.91404981354985682,-12.305374536069532,2.7912895449828135,-2.5976163682917401,,0.6006381130019063,0.5581395348837209,False,4
-0.78049925261652442,-0.6240729155701259,0.036795552949358122,0.62506707307333464,-0.77803772657025705,0.062836694637131929,-0.01058635086237053,0.072043681785344427,0.99734529481530654,12.095653462968277,3.1651504356133713,-3.8987058493936595,0.2128146884028637,0.1761600178548156,0.7567567567567568,True,5
0.92174559750032903,-0.38724491159688584,-0.020650228354199093,0.35559770248413447,0.82277257106330448,0.44339099031654161,-0.15471046337195615,-0.41603686705410925,0.89609039598415241,-5.5670244910570679,11.335133149027847,-3.7919922045260899,,0.5137643613183455,0.459016393442623,False,3
-0.3099453150369606,-0.9502152752199875,0.032013004002159118,0.94684468714265135,-0.30544528105428848,0.10093720182074059,-0.086133850003198897,0.061596355576199517,0.99437761884676201,-10.472625180882176,-3.1077456023233934,-1.8031259642975372,0.2800810404873112,0.2976454854649703,0.7848101265822784,True,5
-0.036900200977483762,-0.99909367946116634,0.021217795092114175,0.98989800399274253,-0.033635512743090845,0.13773377934876629,-0.13689527697845011,0.026085857150168673,0.99024199628057374,6.0983485539825546,-6.1985082154318132,-2.2201092440636008,0.192338195059376,0.1653197934988508,0.3898305084745763,True,5
0.06205091605661759,-0.99557729943238105,0.070537399097657855,0.98988890374379479,0.070420217665839974,0.12312981437817759,-0.12755250707627569,0.062183870889671852,0.98988056054239881,6.131531537388403,0.2541471295041377,-3.0632524617294008,0.4370985778874474,0.3832389177076591,0.94109396914446,True,5
-0.51125821313824538,-0.8576936549983899,0.054558534384553103,0.85801337283996804,-0.50574784677367535,0.089622360555677821,-0.049275668706467567,0.092632120019423225,0.99448036622863345,-4.9530394580429942,-13.473791057642512,-0.4963729480307188,0.3095956280665252,0.3445236959811859,0.8953488372093024,True,5
0.38651526110014006,-0.91990149645174735,0.066235864624292817,0.90932239289362593,0.39209720273469345,0.13925720588120502,-0.1540738093217085,0.0064047196242902477,0.9880385826715643,-6.5598573983553159,8.8859333382992975,-3.4957959403719143,0.3923772878984986,0.3482254599056843,0.9740634005763689,True,3
0.38729860507533131,-0.91934906197492172,0.069261047873485249,0.90931161834059981,0.39330658635914667,0.13587608280088495,-0.15215837557459835,0.010355258197921699,0.98830187562816718,-6.4574727679816979,2.769157053329756,-2.7292166386848189,0.4054258019641961,0.3579596494687592,0.8977272727272727,True,5
-0.092735741460864413,-0.9921487157082115,-0.08391071549123244,0.98912165011421072,-0.10146073872665859,0.10650859013423067,-0.11418600409439215,-0.07312075229090273,0.99076481167498476,-4.9385396803637214,22.152742257349537,-5.0191017472903754,,0.3659612213977447,0.9166666666666666,False,4
-0.53252481044669508,-0.84298249720667306,0.076143520157103767,0.84498830936421598,-0.52425212103253038,0.10561472733809091,-0.049112964648020806,0.12058284702268729,0.99148761651741668,-3.4921508922402076,-4.8230545731919898,-1.7572523949500138,0.4217181860281183,0.3843853738298957,0.9823008849557522,True,5
-0.90054517294618353,-0.4258363091229625,0.087646045637327488,0.43303380879546116,-0.89650821677662929,0.093566755271750623,0.038731278360309769,0.12221479077640465,0.99174766598770236,12.556672452216874,4.4972981390001765,-4.1135810129939054,0.2033173617473387,0.2002835456307745,0.9390243902439024,True,5
-0.66479102853766514,0.73631504891494137,0.12606758947970007,-0.72961707244062191,-0.67620686178142386,0.10199611601868064,0.16034904420984555,-0.02417496269091915,0.98676428553119155,12.260512192319448,0.97950558189261749,-3.6301724567286997,0.1097360509203984,0.09857860869775716,0.3442622950819672,True,4
-0.036172121427911208,-0.95023974474859074,-0.30941235452311455,0.99213336959983667,-0.071276746357835138,0.10291259570681571,-0.1198455445891841,-0.30325575498046853,0.94534279100935015,-1.2637534123525642,8.9533382827696588,-3.707852548334468,0.5455481805139616,0.4735050333895003,0.1395348837209302,True,4
0.93630820622890631,0.26387403118369257,0.23172707786375785,-0.34598140781910897,0.80623305838580606,0.47988031946452775,-0.060198076314080182,-0.52948914175149753,0.84617813749549642,9.7223734101220085,10.461353448443518,-4.6045147479094402,,0.5088343859635057,0.1714285714285714,False,4
-0.97878220285657214,0.13311102275491199,0.15577822374252998,-0.16609323424490616,-0.96062231765880968,-0.22275053390257796,0.11999348694534694,-0.24389796726696625,0.96234886847428625,-11.401233204578849,8.3869475276161616,-3.3216809687365401,,0.6639143738887932,0.3,False,2
0.23090316913500453,-0.9705659500953473,0.068450441919167521,0.96232353041250385,0.23819124731700222,0.13114248936171366,-0.14358673092534696,0.035590254524075993,0.98899756545963535,8.1144429952019763,2.2444100894373951,-3.4595983708717477,0.2138334882198964,0.2003949259678032,0.8453038674033149,True,5
0.85536570126377964,0.46621991560107201,0.22580634933157201,-0.5133617101717739,0.82125053290245109,0.2490126838876919,-0.069348912255594364,-0.3289172426376723,0.94180899117846428,-2.7276518581692288,19.93819975857614,-4.9079654414927374,,0.5354252135834865,0.4375,False,2
-0.9948679052176933,0.018759546345383515,0.099428017121303544,-0.031962777644613596,-0.99061215025978333,-0.13291331236158871,0.0960012083934354,-0.13540918424761167,0.98612784202069703,-10.641486848879929,7.0281446386636377,-3.202197305730313,,0.4107514134111677,0.203125,False,4
-0.10768892081392881,-0.99305059912416194,0.047472138282119325,0.9880090236896204,-0.10158395575299699,0.11627067145870566,-0.11064025235788516,0.059423964128274193,0.99208241948210496,10.880021321139209,4.4293521187384659,-3.9574568513714863,0.146253325961322,0.127536506206653,0.6363636363636364,True,5
-0.69660176730240275,-0.71428429472449551,0.067408635211662071,0.71726986576544527,-0.69118698488183161,0.088229765922744896,-0.016429164798887189,0.10981119360016209,0.993816675400508,-6.4708222233346522,-7.5252203939501632,-1.2590292273536485,0.3642377018735863,0.250528790703676,0.6082474226804123,True,5
-0.55529467498905183,-0.83043280775034412,0.045046373224523678,0.8303821949084137,-0.55063781311817162,0.085225636656595535,-0.045969928299790595,0.08473104847880282,0.9953428630958252,15.341619692601935,7.9889485066468495,-4.7614937655476055,,0.1434298949585765,0.7916666666666666,False,4
-0.99055523233322595,-0.093318182577716569,0.10045918821920659,0.1026668871427263,-0.99042401192674412,0.092302691636573161,0.090883672800414053,0.10174474629839894,0.9906503745615719,-2.4257838301181396,-7.0190083351282633,-1.4132909246930787,0.3691728803732285,0.3305329993033989,0.981549815498155,True,5
-0.97667778293342933,-0.19239785344015997,0.095307787278174239,0.20068890955614219,-0.97580953192723763,0.086716313235249809,0.076318214768229253,0.10382111245583005,0.9916636056158491,10.185080128081676,2.7925283995104309,-3.6894755350125692,0.2255997104561914,0.2117785863462864,0.7913669064748201,True,5
-0.39573421831890354,-0.91663680952437332,0.056315076813453331,0.91550862980476411,-0.38892819342761364,0.10285333786580103,-0.072376634382446528,0.092259524072647509,0.99310110412452934,4.4865202385906473,-11.543801266239893,-1.3402557512587612,0.3757114740847668,0.2519353094627723,0.71,True,5
-0.35795125962213203,-0.93217106369815594,0.054111031581167146,0.93055830310145304,-0.35135181000462068,0.10302014431858278,-0.077020388624530561,0.087229660152530558,0.99320634619690229,8.7874585648611152,-0.063256750951600021,-3.2223392494369709,,0.1720878199847485,0.8417721518987342,False,5
-0.95649392172238923,-0.27818170327178743,0.087944969571504897,0.28405475693012261,-0.95672692654736136,0.063138602174977604,0.066575316548211985,0.085372876161274869,0.99412232609596818,9.6228129207182391,-5.4381136450829572,-2.5628608844581158,,0.1386965276931232,0.3333333333333333,False,5
-0.6075012341967756,-0.79180342937417514,0.063163119624443306,0.79352272159592196,-0.60141156485650715,0.092875292558621314,-0.035551944537490908,0.10654322544462599,0.99367228015652143,11.433700947155588,5.9203504929181694,-4.1595110902427246,0.1568875529824905,0.140131621780616,0.7142857142857143,True,5
-0.87044260618046698,0.47907132806347952,0.11322690481176223,-0.47006601962815531,-0.87719585873169692,0.097802671818845166,0.14617662787429661,0.031907492089727374,0.98874380170590426,-5.2128066641375783,1.644950508156114,-2.5907260506113747,,0.1388071958047861,0.6026785714285714,False,4
-0.91236594301953422,-0.39993013740746292,0.087431522984133425,0.40642320149709521,-0.91049065902763959,0.076334403176200272,0.04907715663043942,0.1051791092216656,0.99324155555454341,7.6275995055077246,-3.2397623475323551,-2.6689365138187533,0.1603634980388311,0.1556408972041483,0.5704225352112676,True,5
-0.96220843780622922,0.21975492882850878,0.1608188218775195,-0.23268164341390349,-0.97029052623691303,-0.066298925429445876,0.14147146366918428,-0.10121297323204782,0.98475466945672707,-2.7652976269716096,-9.9051846770398946,-1.0223490136823377,0.9796321602025373,0.6726689789143603,0.744,True,5
-0.17486507245987681,-0.98252227477669962,0.063813681928113569,0.97905141064550771,-0.16664904150631754,0.11698902631472551,-0.10430983533034609,0.082934169873738209,0.99108091582913194,-14.358606709976634,3.981809332111383,-2.6116523683653576,0.5201869669663381,0.5134211084533268,0.8181818181818182,True,5
0.53708238213284099,-0.84184585704614989,-0.053273518531689018,0.83043327475804696,0.51660253250085453,0.20857228863952426,-0.14806448249711551,-0.15626060408156822,0.97655493067974652,-3.0125653574244553,-33.26553342903707,1.5530084015129959,,0.282486350654186,0.9,False,2
0.26869970503032353,-0.961541200445865,0.056912110852975914,0.95377476602722833,0.27385473605716931,0.12376299620146249,-0.13458887103442937,0.021026254639910757,0.990678420280514,-6.5102153367104387,-3.1053369043303305,-1.9913508302250025,0.371787934504716,0.3215008135958361,0.6571428571428571,True,3
-0.63321424046482744,-0.77292237527699792,0.040382266760500746,0.77326554896478794,-0.62953495011324956,0.07580328073437162,-0.033168003508467811,0.079225932509958255,0.99630474010775971,4.892856722907835,-16.432685138615952,-0.81264582811246477,,0.1358387112881234,0.4583333333333333,False,5
0.51527279644043522,-0.85702607146328647,-0.00050801639762708406,0.8475420816473398,0.50948258299770077,0.14866040985711565,-0.12714702153549756,-0.077031230382213073,0.98888817591295686,-7.6850420396008499,13.345995786998561,-3.9513437360692381,0.292271261125821,0.2884986442715288,0.391304347826087,True,5
-0.50152068187126375,-0.86321396113938076,0.05778116431366536,0.86330488501774283,-0.49498170631903149,0.098477337057832265,-0.056406392899070894,0.099271182644110487,0.99346039233406569,5.1282214622655298,2.6676725354079385,-3.3080923890277525,,0.08702991768395892,0.2185792349726776,False,5
-0.73280138839419517,-0.67652627361129958,0.072899425794384659,0.6804342766853293,-0.72910455484511083,0.07359173333892266,0.0033645622679012305,0.10353139242627575,0.99462049571835365,-13.328609037327658,13.072613839162264,-3.6663465652648157,,0.3806637088157298,0.45,False,5
-0.50925393729726809,-0.85938317243637985,0.046054210235483679,0.85833501905221732,-0.50328249133401748,0.099838514538501177,-0.062621261691697933,0.090373098042550948,0.99393726197096155,-9.9992415718633509,-5.8315803995713162,-1.3773897634930685,0.3809672241585544,0.2584455950709516,0.4761904761904762,True,5
0.52133898891133501,0.81321137398749643,0.25863665606072694,-0.85173175148928526,0.47722061661520526,0.21636429137544166,0.052523158186659084,-0.3330881929681252,0.94143166165119385,1.2311264435527354,-24.211907798457101,0.30351948920491628,,0.3213774484456987,0.1764705882352941,False,5
-0.5458353595164267,-0.83420115417082186,0.078563316386477566,0.83672048704145208,-0.53771316456025331,0.10374670704997241,-0.044301093289987867,0.12236415749175228,0.99149605450281308,7.9406350747613814,10.574546108989075,-4.4816881158846718,0.1727704939080685,0.129058308935728,0.5454545454545454,True,4
-0.33570452254815503,-0.94022490825237293,0.057267752204289119,0.93827439864932682,-0.32839172756685503,0.10862792506947619,-0.083328424801856815,0.090199751482323315,0.99243154849720894,-4.0054420669925239,15.181345385798835,-4.2605874271367394,0.3909234422712477,0.3645753379906827,0.8777777777777778,True,5
-0.29745935538753643,-0.95355509568599262,0.047440609014956898,0.95096824384276468,-0.29151066575841994,0.1033485895002534,-0.084719130631991477,0.075856517454741229,0.99351318947691858,6.7265288857535248,-16.169291313887175,-1.0116198364214175,0.1901273733686768,0.1893356237623686,0.3478260869565217,True,5
0.97972796755090896,-0.1977613875526939,0.031992861575640567,0.15861582474289396,0.86330513681384025,0.47910881946794481,-0.12236882666633851,-0.46432173580833958,0.87717227265585307,4.0498854809738196,-0.13195992279130142,-2.8219637379924549,,0.7152129256105609,0.4017857142857143,False,1
0.70889372429313124,0.55752686650778216,0.43201097298544139,-0.70518506174393525,0.54848130271558526,0.44931313052771671,0.013554200493437626,-0.62316294313239495,0.78197457116939262,-12.47092285696232,4.9746224958439225,-2.8540210969020663,,0.5293196684744018,0.3846153846153846,False,1
-0.0081849267947293781,-0.99995625079752948,-0.0045280751223275434,0.99451783148228756,-0.0086123115415954448,0.10421185610898091,-0.10424629411702541,-0.0036502850380512319,0.99454481325981881,2.4104748569706684,-21.935887177279714,-0.03849851662710934,,0.2295962179446739,0.2307692307692308,False,2
0.98618086007110584,-0.1617121321107832,0.036006909859086327,0.1164925805088368,0.83139441620158361,0.54333489064776785,-0.1177997874183478,-0.53163193192002145,0.83874352399716301,17.840422251786688,1.8631355464712185,-4.2373092714395248,,0.1489200366510343,0.3333333333333333,False,1
-0.29732351285373687,0.83786692727679246,0.4577966151906982,-0.94285436550388435,-0.33319548728287968,-0.0025323318487475849,0.15041400916996225,-0.43238845894643274,0.88905334284020776,-6.9581154076261384,4.5548743862438483,-2.9198367439340913,,0.2202614147893479,0.5,False,3
0.30180269556269834,-0.95292276474458626,-0.029211939042511514,0.94171431288888729,0.29319612243785881,0.16495510506684774,-0.14862464752287874,-0.077293196459573624,0.98586838671790367,-6.8134612476556802,10.885223397064003,-3.6838439739656632,,0.4605861787965982,0.6857142857142857,False,2
0.38901321543922751,-0.92068225790534441,-0.031826061521178603,0.90829591878685279,0.37755236587210089,0.18014642638566419,-0.15384161377462025,-0.098986822368919189,0.98312479719948287,-20.871623317963024,10.441355927609306,-3.1071993536437885,,0.2298164523454102,0.5217391304347826,False,1
-0.99449629292293984,0.012714462648183296,0.10399743170914447,-0.0030313507707780711,-0.99568555017715554,0.092742094438927516,0.10472790590398874,0.09191641642265215,0.99024413056426763,4.8915935675331381,-2.2064669845019114,-2.5903751524673311,,0.1515576192712507,0.6157205240174672,False,2
0.16707044754438921,-0.97688756510657671,-0.13333473177481095,0.98169889333168958,0.15228543965967545,0.11435220898170036,-0.091404312746459729,-0.14999943335827182,0.98445183813305159,-3.6807467052508054,5.5209715127779075,-3.1881844658939773,,0.6615816902055172,0.2442244224422442,False,4
0.93126847081520314,0.23401822300900313,0.27923915657590215,-0.34176154136154585,0.82669163736872131,0.44696754418056178,-0.12624612513536013,-0.51167998593293706,0.84985028557033282,3.2279438604170565,20.17846185677756,-5.3544601434437267,,0.534831597610655,0.148936170212766,False,2
-0.56132153867574774,-0.82679399174407464,0.036466771650234694,0.82660616882667615,-0.55794801594090782,0.073595197977104593,-0.040501504618667153,0.07145422817093236,0.99662125273351498,-9.7597410917282268,-10.621467374964622,-0.77254855029493119,0.3874641396359315,0.3675676033571017,0.9863013698630136,True,4
0.5877082569059211,0.76338399174703786,0.26803709800876874,-0.80822643438889941,0.53878927708419144,0.2376471031889516,0.037000479991613031,-0.35630183278149541,0.933638028594025,-7.5433889562799994,1.1798474808865091,-2.4572938428164148,,0.4002628743417769,0.3333333333333333,False,2
0.26342718778825347,0.85900930882447601,0.43898647369465471,-0.9602845315967522,0.19011561772312946,0.20422945496122372,0.091976818329282603,-0.47535151125314473,0.87497497429319271,-13.706816731981663,5.6951760191772882,-2.8256194383596607,,0.3000213777597034,0.1428571428571428,False,1
-0.67012090067025909,-0.71805637933349264,-0.18797078119579749,0.74140572508554703,-0.65962680983053223,-0.12332892022218842,-0.035433448819683133,-0.22200790042535012,0.9744008224819356,12.681938368284328,8.6256396588013686,-4.6154007915034923,,0.3701566455537432,0.2,False,4
0.97364969852714578,0.13367179800627618,0.18476502638694187,-0.19047048530190092,0.92221043722568519,0.33652474455954684,-0.12540836808943956,-0.3628495003300668,0.92337044642080901,5.0530436481299166,17.145151290284861,-5.1020071404282481,,0.6374253550006435,0.3636363636363636,False,3
-0.34307575416034719,-0.88162995053773385,-0.32407970813079745,0.93650456151456019,-0.3476835622250849,-0.045555974590577128,-0.072513675742792688,-0.31913127529797097,0.94493227056597073,5.4904621047759665,19.444315343112056,-5.4039265027214221,,0.6103099853201164,0.34,False,2
-0.010258587322046342,-0.99778441430900666,0.065734495876883209,0.99222264726998477,-0.0020019442184139925,0.12445967404701372,-0.1240523261801184,0.066500035950203679,0.990044830089993,10.743218386112593,-2.2557287407726805,-3.0911205397176129,0.174906672075032,0.1458962262729925,0.8505747126436781,True,3
-0.25787825579335855,0.84929964766152244,0.46063967878482914,-0.95509284041726106,-0.2960936926038073,0.011233493843464351,0.14593310581449381,-0.43705678542067899,0.88751613785050665,-6.8728457798904685,-0.06510386044275418,-2.324343871930536,,0.5493117454199695,0.1904761904761905,False,1
-0.93809169447575647,-0.34453948523327976,0.035728362274104093,0.3459339712788474,-0.93714146747303229,0.045777259176756152,0.017710456539812069,0.055302920878349253,0.99831253957439281,6.2737149989090542,-17.654802650016546,-0.7939427565180398,0.5050680110085486,0.3173423484042408,0.3214285714285715,True,4
-0.94533259120725321,-0.32522809734848696,0.023936931642649706,0.32033701773279954,-0.93984677076685552,-0.11862648333812895,0.061077713377612884,-0.10447359558375717,0.99265038193432709,8.4410230312122874,17.289872229395773,-5.3549482135753284,,0.2768280173321687,0.1724137931034483,False,2
-0.94683811041357024,-0.31000014030665507,0.086008753498214088,0.31090234285913138,-0.95043700217212512,-0.0030394254011479188,0.082688124136211252,0.023862479165422279,0.9962897451117908,-15.176171668877307,-13.951375674616099,-0.18577812875259678,0.2806490175623106,0.2795603961870066,0.3636363636363636,True,3
0.34443116609681529,0.84707793811025067,0.40475441762638675,-0.93860316958575185,0.30162312431683558,0.16747412015273169,0.019780340360292289,-0.43758708578320515,0.89895844202665676,-9.3763594767884548,8.7708382405186711,-3.4423789912799356,,0.4398377721855695,0.15,False,4
0.078497484013692567,-0.99684490466773712,0.011763547147486966,0.98926380728436691,0.079348728777868693,0.12272285377457542,-0.12326907398354084,0.0020038161860076315,0.99237126123237451,-11.643377839477481,-7.450781638828774,-1.0866981350627514,,0.1750426422798129,0.48,False,3
0.60650909685956333,-0.79391346445114408,0.042989840541456374,0.77871078383245851,0.60406994099977518,0.16943736755381492,-0.16048747792159829,-0.069288652344456206,0.98460289055367622,-8.3542269237700655,17.916619541969226,-4.3659535132188605,,0.2989718934825938,0.8857142857142857,False,1
0.69561661523129648,-0.68838118820737493,-0.20554528536640804,0.70035484774027756,0.58603708670928467,0.40750904314872327,-0.16006439910501011,-0.42742469830778168,0.88976823691096929,-2.601963056239577,-14.324251051011776,-0.51578757776081119,,0.1608727015062106,0.3333333333333333,False,1
0.67976450362571872,-0.6991929864901969,-0.22147096255129858,0.71569519297639139,0.56635795965703539,0.40867964505661952,-0.16031409907105831,-0.43631161934566698,0.88539909671458095,-14.659452366016664,7.2949505712959519,-2.9936296130647899,,0.1582319808732104,0.3636363636363636,False,1
0.65755490439279485,-0.73126104657707713,-0.18132520362040044,0.73710631119071579,0.57462579023111249,0.3556395467381045,-0.15587120873271362,-0.3675084801202102,0.91686513911694534,-7.2751876591861828,-6.8904464048579275,-1.335939192463633,,0.3415417515518027,0.2051282051282051,False,2
-0.925477832049729,-0.36999078945479197,0.081225600047976701,0.37549992069716653,-0.92432185164564395,0.068036197180541186,0.049905830731044029,0.093466198644150095,0.99437089547615842,8.0902446139549617,-8.8258788806864636,-2.0198514235294187,,0.09551558501606404,0.2083333333333333,False,3
-0.94330821968578782,0.25956592368581355,0.20686984781345333,-0.30256160423575973,-0.92870869995631222,-0.21437496651367952,0.13647739122475366,-0.26481254102966523,0.95459323263780727,15.141702319266017,-4.390943577219292,-3.2020963885921696,,0.6880663431363484,0.4081632653061225,False,1
0.52981601270871892,-0.84756643551070066,0.030432385268311643,0.83084719677184138,0.52589946332362469,0.18199640131688122,-0.17025841622018695,-0.071139945681788511,0.98282815376574617,10.120335705665315,-15.594907166942576,-1.3855569085673942,,0.2114096262142136,0.9117647058823529,False,3
-0.99461858864148989,-0.040155589147702751,0.095505977765852859,0.0060160934130193524,-0.94266332291807642,-0.33369097417385374,0.10342954002052077,-0.33132067289146117,0.93783204358024186,14.384188556698275,0.65655681755621587,-3.777239694490528,,0.2739421665702934,0.2758620689655172,False,1
0.43339863709489529,0.81253066204418378,0.38981988738689,-0.8987446257025794,0.35776607371516478,0.25349858829817096,0.066511045210683517,-0.46021447145485944,0.88531289447771355,15.828620115631891,-2.4630057256196141,-3.5157974176813718,,0.5444302854432704,0.125,False,1
0.10900759512964092,0.84373008471608435,0.52558242773997088,-0.987759590760666,0.032594166859093686,0.15254052296712262,0.11157210701772199,-0.53577715930389458,0.8369554949361856,3.7702259654947081,13.428641696587095,-4.54302875769522,,0.4963045261068838,0.275,False,1
-0.34248702696227357,0.78601509974714934,0.51466775625836836,-0.92755965133877161,-0.37001913522402013,-0.052143386698281211,0.1494514288016045,-0.49524347803635832,0.85580264541050111,0.29006362634147509,-16.593115662048813,-0.4801312120845071,,0.4380720666329543,0.1666666666666667,False,3
-0.73805441757662638,-0.67407134755732845,0.030058195186590128,0.67468606836784628,-0.73669206118144759,0.04564554898967281,-0.0086247229500594352,0.053968744607212155,0.9985053774314675,13.521375097183475,-0.69062398996876095,-3.5649172748467195,,0.1207522468110573,0.3571428571428572,False,2
-0.90756873223818257,0.40592820677667801,0.10743038307037958,-0.39437926830002767,-0.91187136541309399,0.11382269402361919,0.14416653217273701,0.060933602246462659,0.98767560824319101,5.2380781659834055,8.6264373323743602,-3.9993903670796733,0.2859683202471165,0.24293763658075,0.6509433962264151,True,1
0.96407559613336069,0.14079166159357914,0.22524642719880217,-0.21278573718110391,0.91691662509125105,0.33761832397481734,-0.15899834902413396,-0.37341881401047489,0.91393539944057911,8.1266678618872401,-16.19093927797956,-1.142925177538429,,0.3060003287671253,0.2105263157894737,False,2
-0.76433699818911216,0.57858339188069896,0.28465806125785753,-0.63830553428951697,-0.74147938819309855,-0.20681963586700747,0.091405678678245644,-0.33977871552616873,0.93605311087606313,4.0723511621255097,11.571768562831082,-4.3214255239535104,,0.5972203791900448,0.1941747572815534,False,2
-0.80078991113584108,0.57296952956243474,0.17447474435016291,-0.57829988891078932,-0.81547791017246374,0.023770075862743392,0.1558998290852851,-0.08186388833761904,0.98437469851547166,-3.6252260682579664,-8.7275426967018443,-1.1460611862828316,,0.1228974854376024,0.2173913043478261,False,2
