axis_00,axis_01,axis_02,axis_10,axis_11,axis_12,axis_20,axis_21,axis_22,location_x,location_y,location_z,dbh,dbh_approximation,score,reconstructed,number_clusters
0.7067724100995989,0.70742317893791362,0.005020579984492686,-0.6942703128329949,0.69223367434613026,0.19698038689176822,0.13587307695338086,-0.14270594242228329,0.98039457411625253,-0.67884953510079227,-29.185623830688449,0.065205518088901362,0.3360705602675201,0.3064240436138647,0.9787234042553191,True,5
-0.99110035387447459,0.11979964426807699,-0.058035625120539988,-0.12404408304034931,-0.9893553096381843,0.076086376923926696,-0.048302732972044217,0.08260821099608133,0.99541083451178936,12.150807307978464,-1.3507187840233132,-1.3456988274189514,0.2299083502453421,0.2888651965936034,0.7945205479452054,True,4
0.78886645651332621,0.6077136284754785,0.091508794950412725,-0.60072392191967572,0.73108124393593643,0.32349804388670883,0.12969380641168515,-0.31016827776265576,0.94179358462892315,-12.277233169607932,31.967354258756487,-6.0279212229531316,,0.1405898714901368,0.5,False,1
-0.99686910887323354,-0.023847750512112298,-0.075387429786385809,0.035341310545981768,-0.98727960050226649,-0.15501607078292684,-0.070731686980996467,-0.15719502290975038,0.9850313463180882,20.076258155841561,7.703011436038766,-1.5554413857248173,,0.6255500018676795,0.3103448275862069,False,1
-0.78208686772002411,0.62047151584888049,-0.057924341688740437,-0.62264234521534467,-0.7742201286938738,0.1135768562250981,0.025625012870572395,0.12489311568470679,0.99183923514345296,-2.2096447262220074,2.1006587763600542,-2.7472808218922773,,0.4715886046903732,0.9967105263157895,False,4
0.69530244553334597,-0.65983416823502183,-0.28490942361554911,0.71810065320084193,0.62137286654275825,0.31341220875543208,-0.029765098821802789,-0.42250991840906088,0.90586942090904921,-2.0126048551717397,-6.9759130691580307,-2.0497269671702494,,0.4462025838090438,0.119047619047619,False,4
-0.77922553282568208,-0.61204059364834273,-0.13495881119480641,0.61717683850866067,-0.78681018930607527,0.0047408873211731151,-0.10908858327517916,-0.079599231973190271,0.99083986762155085,6.4464036296312806,-18.509525858281791,-0.44859839559550729,,0.2966751992720357,0.2857142857142857,False,5
0.88281771786073471,0.45617292771268275,0.11197828831164056,-0.45958494645441289,0.78962765413158154,0.40653394055496883,0.097028624764343277,-0.4103589012714311,0.90674749413695399,3.6434405976572455,-14.636737538083123,-0.93372965496501725,,0.3743939473744139,0.2857142857142857,False,5
-0.2979311726487186,-0.93458856487964437,-0.19437394568296687,0.94413236379228827,-0.31854853629493202,0.084503903249148415,-0.14089391755552974,-0.15833838580888077,0.97728084989694375,6.9742935243096946,-6.3909162182845787,-1.3991678784308021,,0.4891921889151807,0.7230769230769231,False,5
-0.68203393164539283,0.72187109611394917,0.11718291974333429,-0.73031474616581382,-0.68069624963066688,-0.057384556036509771,0.038341721623971391,-0.12471862865662831,0.99145104571477427,11.990582123285362,9.8303185573239311,-2.3533061208015194,,0.2631228877598804,0.2352941176470588,False,3
-0.64028461520521318,-0.74885735256162744,-0.17102127658833299,0.75574266072870655,-0.65397638412760584,0.034174841010277388,-0.13743595703529604,-0.10736644968412196,0.98467446559562,8.9131331230857764,11.848932659167016,-2.7445671081155312,0.553290781428806,0.5818730030434018,0.990990990990991,True,5
0.13804139280165342,-0.96674202471529547,-0.21530079313080266,0.9854887109379632,0.11238908355446983,0.12720335888497636,-0.098775373890526916,-0.22973582991592623,0.96822769737579262,0.34062362928798134,19.114012980467383,-4.0206222569648755,,0.2719606428940409,0.6588235294117647,False,4
-0.86595572266698206,-0.465680292105211,-0.18238023995244348,0.48357483380781263,-0.87267199426723474,-0.06781571004859098,-0.12757768804948549,-0.14691989642813397,0.98088657730927042,-1.4623528702281423,-12.319284808687831,-1.6653991674224098,,0.5434082049254645,0.4026845637583892,False,5
0.84822106222624127,-0.51770216022709759,-0.11182800584819697,0.52950437186977328,0.82406354994833897,0.20135636522677614,-0.012089241770469619,-0.23000812799276979,0.97311361684578113,2.7441719980697257,19.374546701374019,-3.8795428186649814,,0.2434943059436735,0.2,False,3
-0.17666274007833505,0.96779562300324806,0.17933741484634208,-0.97325977967791244,-0.19894049091359553,0.11483937624507745,0.14681851902711562,-0.15425405398501507,0.97706192705471473,7.4009331640726197,-3.0891193085011293,-1.6132065576584473,,0.5512087366109857,0.5512820512820513,False,2
-0.94669614316110628,0.32122702781871704,-0.0240750726403871,-0.32141082816216421,-0.94693100047036849,0.0040938842556930422,-0.021482366350068442,0.011613653470823593,0.99970177102426994,5.9543148291388013,-1.6651693196194588,-1.8542488313329026,,0.1593149897968875,0.5,False,1
-0.26679112145797207,0.92518273672042695,0.269924806540082,-0.96207846433525745,-0.2721780875745804,-0.018003252666081895,0.056811319061543131,-0.2644919513307486,0.96271308379378662,-4.990478797799824,-7.1068090229398342,-2.3482701859338539,,0.4655460207307833,0.2857142857142857,False,2
-0.56537098462879287,-0.79223267428482658,-0.22961498107784942,0.81158766981132502,-0.58399477110454767,0.016600046167728824,-0.14724504728544513,-0.17696750300001104,0.97313996882866149,1.8551431466170174,16.134889400902139,-3.6594469751201806,0.5836986534076741,0.5052006908007265,0.8032786885245902,True,5
-0.92458518182770666,-0.37279162676822253,-0.078540719096071687,0.36574400233489029,-0.92626305547034771,0.090928965829323888,-0.10664692354063143,0.055345777456253166,0.99275539717348349,8.5260080382300849,18.854138356850637,-3.4818586182510582,0.3325903597629913,0.2981763663339617,0.8484848484848485,True,5
-0.14912662006150548,-0.90711207875550859,-0.39358471485169605,0.97942579976266053,-0.19023555472567555,0.067346391718387771,-0.13596453194970878,-0.37544388434768,0.91681815850124959,-13.170420941114369,32.814363089792081,-6.1422280746998359,,0.4988360275641365,0.2142857142857143,False,1
0.2586338259927814,0.96296938740462423,0.076147901966478443,-0.95716696987290362,0.24485650580061233,0.15452081850493898,0.13015350873740286,-0.11285056707290178,0.98505066553688758,-2.3744275704811533,-17.280891411078262,-1.2550151495515536,0.445125335725407,0.3999903589362458,0.9342105263157895,True,5
-0.52688061479711168,-0.84190001242764423,-0.11662412625760384,0.83879242504853957,-0.53720218113176033,0.088549897055099067,-0.13720089442932518,-0.051168209482171066,0.98922076853763097,4.0594731663101085,-2.8662534101282997,-1.9001417607345155,,0.437667411393297,0.9654255319148937,False,5
0.77794484778082107,0.61433449065949819,0.13188990635150583,-0.61299218179383974,0.69594455154326262,0.37403444525454349,0.13799419868567636,-0.37182565102932469,0.91798871799478887,4.3941966880520908,-13.561461186973453,-0.94939386294366179,,0.3592416258968051,0.2352941176470588,False,2
-0.95705016355114236,-0.27251086487493265,-0.098958642734463281,0.26900262937094538,-0.96196873363441648,0.047473581087946415,-0.10813218687443887,0.018814463450026912,0.99395847303941143,12.154178757066543,-4.2237549176711529,-1.0944287489029547,,0.2239422053039259,0.2380952380952381,False,4
-0.061430831525917648,0.99810687513331819,-0.0029864275710285229,-0.98989315682237744,-0.060541584237330595,0.12824295167478658,0.12781936869763427,0.010834315374627042,0.99173828533343467,10.181621358494656,12.412289923539896,-2.7060628655414307,0.3816763987250458,0.3098020217892207,0.8865248226950354,True,5
-0.94207923527679704,-0.31212927915290006,-0.12272745233148225,0.31326905170578895,-0.94960749644531284,0.010397304372797928,-0.11978821187262506,-0.028651628057685334,0.99238594735415475,9.5245392424176298,17.702093683253004,-3.3062477194922324,,0.1231991155091385,0.2647058823529412,False,5
-0.62216106503061752,0.7828856822036615,0.0023701815279802071,-0.78093620303085387,-0.62081983544473407,0.068712289396631737,0.055265323266232284,0.040899150588745672,0.99763370207977553,5.5444422109912326,26.266696981213272,-4.4704403208057544,,0.2407013345696256,1.0,True,5
-0.58024952143602637,0.81443760941342547,0.0013686658490873332,-0.81268132598570131,-0.5791069539293171,0.064685379374545854,0.053474809652617659,0.03642137124892042,0.99790476922848925,10.204256639598535,-8.9651531676088378,-0.89916326947448399,,0.1133210694642438,0.1666666666666667,False,2
0.63762855970444743,0.76139847397894922,0.11705632691895937,-0.74398255694251936,0.56924655050015549,0.34992616322439213,0.19979933637152483,-0.31021078086713966,0.92943504163513069,-7.5685413663530179,-2.5308425306530182,-2.8313770042279551,,0.3419919747400618,0.1607142857142857,False,5
0.70140803591044221,-0.68988425201099224,-0.17912701077025875,0.70608211381605024,0.63821507810063194,0.30680541493601715,-0.097338665027382948,-0.34167416190317501,0.93476411536732029,-0.40301299218123804,-34.1558734779735,0.56757398863909758,,0.4923563120477005,0.1555555555555556,False,3
-0.53407903215693486,-0.81155661940726276,-0.23692918964654236,0.83048697697312535,-0.5560784387909451,0.032682579302509243,-0.15827497745490721,-0.17931152614397272,0.97097703788687417,-5.4439654705805074,-4.9263412192856828,-2.567796876463555,,0.400214653997656,0.2142857142857143,False,4
-0.72326096616836444,0.68345277828859741,0.098923579933198239,-0.69054550290458871,-0.71709127199588651,-0.094482887580599681,0.0063626437469938568,-0.1366470178120143,0.99059936870948506,3.9820590227631407,-15.903147628371089,-0.79715252317386742,,0.3771368157175426,0.3333333333333333,False,3
-0.99726557437751118,0.050071303617485539,-0.054352908988762723,-0.042122705535716259,-0.98944692161718961,-0.13863789878896809,-0.060721098803023114,-0.13596931218592798,0.98885049138069459,4.166184747536283,-9.6240448576234474,-1.3440192716918633,,0.4848458228122456,0.4257425742574257,False,4
0.33148039163547527,0.93896016278175354,0.092057387916750555,-0.92971171052716406,0.30849255648272866,0.20116778545136285,0.16048951763229588,-0.15227000789260392,0.97522149249621237,-6.4741454778463314,27.703787056329833,-5.1934348315475169,,0.231057625501717,0.4166666666666667,False,3
-0.9163370857920744,0.39930422308490071,-0.029706609174605547,-0.40029803744858039,-0.91529783123208319,0.044624672062217971,-0.0093715749425531333,0.05278273930376641,0.99856204414882865,13.114563852242188,11.885832499360427,-2.4683415982673593,,0.292075502224226,0.8243243243243243,False,5
-0.93101149883790613,-0.3559065531458474,-0.080920420534235968,0.34929026137149666,-0.93311652975183246,0.085380648948861826,-0.10589571446771021,0.051225651110938207,0.993056911926821,13.615440996057618,-9.1342254593306382,-0.68034444374286063,0.4162849025657296,0.4249795002154547,0.9696969696969697,True,4
0.77973861339382955,0.58134763303132231,0.23247069568344952,-0.61472322586273431,0.64036147307185309,0.46049162792624132,0.11884044079176852,-0.5019682394077587,0.8566824594085567,10.305799546263238,15.312320610312486,-3.0128283940324949,,0.2723902624834564,0.1219512195121951,False,2
-0.69832638847258666,0.71532104214961922,-0.025613703769979929,-0.7151177338931729,-0.69569557032914009,0.067928639732480658,0.030771445112746258,0.065753175454837748,0.99736133777246361,6.7242150224376465,18.520167443236641,-3.5697870885101382,0.2919653313768925,0.2573922274918485,0.4883720930232558,True,5
-0.9181217155675937,-0.38435457408545676,-0.096561259223387777,0.38038165307146876,-0.92304768375707147,0.057382676108062178,-0.11118594070221215,0.015954149626138774,0.99367155121794237,9.529389575152388,-24.898828538591548,0.4053846959964823,,0.4130590528448828,0.96875,True,5
-0.92348585977796882,-0.38076546222818003,-0.046813775369069485,0.3813088231504822,-0.92444306341166482,-0.0029332401283341941,-0.04215979337875668,-0.020559311375060906,0.99889932752907773,7.617690192272188,-28.711280651857649,0.59540742590431417,,0.5260557501725756,0.9761904761904762,True,2
-0.16206419691135732,0.95929871092200247,0.23125998206101295,-0.97265607406794274,-0.19480560921243878,0.12645527350848731,0.16635912255783453,-0.20444255389412877,0.96463873263467537,5.4083103155495493,-2.3119658479721057,-1.8312992174745732,,0.4260863536480517,0.2686567164179104,False,3
-0.29832412142083253,-0.89817735813019706,-0.32292437492507098,0.94183036005575926,-0.33188185737664888,0.053009486146013189,-0.15478466156479131,-0.28832597192498149,0.94493906811909723,1.7585535436642743,8.042829087829988,-2.9129302485179314,,0.4887441299115846,0.4833333333333333,False,4
-0.67220800468249908,-0.70272966093125766,-0.23303952902504002,0.72734068798612095,-0.68559270089377367,-0.030629594856214179,-0.13824587531152099,-0.19008859021156332,0.97198477654268411,5.8868789342732226,1.9944229034764454,-2.1380694312311377,,0.5776188913237812,0.4571428571428571,False,1
-0.41166581651036055,0.90857801034400154,0.070832581741686981,-0.90693898501870918,-0.41606562935575397,0.065962637318661366,0.089403204473280262,-0.037086266840096825,0.99530481554234107,15.690288839222951,8.5185296497642131,-1.9125970979870504,,0.2699530866941113,0.2142857142857143,False,1
-0.43918032015802438,-0.82899241786130651,-0.34625455594744309,0.8868295498124783,-0.4616860549115045,-0.019476557181614146,-0.14371498170090957,-0.31562249258998787,0.93793840213842994,12.337984434608908,-6.4775698494933716,-0.98349420749912053,,0.2576699787476023,0.4,False,2
0.90855653729479846,0.41553083513987932,-0.043117787360194899,-0.40243578819068948,0.89825044489209538,0.1766113660965519,0.11211804012835308,-0.14310927048624866,0.9833357929917278,13.155758956738046,-29.721057397639186,1.0364141220229002,,0.2777326581491271,0.4375,False,1
0.77624931471416747,0.61402452892485027,0.14286664860771842,-0.61668424678588396,0.6925154197640766,0.37432997896924058,0.13091043186817619,-0.37867700123931619,0.9162238741489368,5.9378659672724288,23.156142236279244,-4.0866389663583238,,0.5262355153346344,0.3478260869565217,False,1
-0.78869044957553047,-0.60599559997493013,-0.10361808509798417,0.61211845947320254,-0.78972572815033515,-0.040549548327658211,-0.057257019836017296,-0.095407584124366701,0.99379023268044386,4.7041474689974585,-8.30879540281917,-1.409243926952982,,0.2173871559901565,0.3636363636363636,False,4
0.86210751310920186,-0.48475910356933283,-0.14757793651940551,0.50622023255787763,0.81091199909024458,0.29353501644695257,-0.022621051914469718,-0.32776568038481591,0.94448819302951748,5.5887201416479293,-24.175978579417798,0.0429956100180479,,0.4457423308033839,0.5384615384615384,False,2
-0.99780991099884131,-0.0016398278890254539,-0.066126337241519187,-0.0008042562148355512,-0.99931800133099891,0.036917277632009124,-0.066141777148982409,0.036889608026005334,0.99712808712585299,5.1236754962217148,-29.292426535947826,0.50937208625123487,,0.2434556576378547,0.44,False,1
-0.65989686032168171,0.69198447622669645,0.2927347235960443,-0.74950855997337362,-0.63356391445827176,-0.19192103798946269,0.052659778429347825,-0.34605527153559895,0.9367351262647281,-2.2911894825904482,-9.1320791506879413,-1.9401720083105785,,0.07632471642372715,0.4,False,1
0.77717978208977567,-0.58448810189320721,-0.23316355859388574,0.62859564955422065,0.70382035851408209,0.33091450905425041,-0.029310333884073524,-0.40374566460382499,0.91440163092659654,11.81650439390687,13.885637831845342,-2.7364658210169943,,0.4240746691476325,0.1304347826086956,False,1
-0.51726940158849233,-0.84479527594507109,-0.13694271766390242,0.84884754230789761,-0.52683044654222877,0.043675284932768704,-0.109042267484338,-0.093651600824587719,0.98961566356079222,7.9040410116920139,-12.969061989048978,-0.76040472868920161,,0.4058911104182575,0.9041095890410958,True,3
-0.95123568496986821,-0.27482638090344136,-0.14007545109484038,0.28331169752014973,-0.95800197887612637,-0.04434738456411598,-0.12200472813853398,-0.081869828563049002,0.98914719707579435,14.155012673684336,15.669304734702687,-2.8030747405964167,,0.3367451519948318,0.3823529411764706,False,2
-0.085745524447588331,-0.86782770124022279,-0.48941065169989806,0.98742868173220633,-0.13948966702757176,0.074345351469575327,-0.1327866843091037,-0.47688333348173123,0.86887857766062271,14.042880340314447,14.168005586971137,-2.648763832272464,,0.5893362304559895,0.3043478260869565,False,1
0.62263314910855039,-0.73504716260310343,-0.26839081649768948,0.7789725978392813,0.54962425900361533,0.30185239063199004,-0.074361639618089947,-0.39701239610855144,0.91479588099720666,-8.4191961300452078,-0.6063709825404513,-3.030349579182908,,0.5886664859949491,0.5897435897435898,False,3
0.67554825752540004,0.72538251141719767,0.13211647847439717,-0.71746439336218426,0.60542127366409826,0.34454306792094269,0.16993938922989449,-0.32754433825822971,0.92942741000206697,-1.8179469341956347,-24.312395548946618,-0.49982371403793363,,0.6779115340671789,0.3142857142857143,False,2
0.98543987417852874,0.17001297284660327,0.0019604700623854221,-0.14758558158934654,0.84960597211527245,0.50634789251363255,0.084420083427699161,-0.49926474060354303,0.86232706573790052,9.0492013965747429,20.456695120884184,-3.6512352148783296,,0.2089063964795967,0.375,False,1
-0.48323159408194444,-0.82050595423600303,-0.30538042757237921,0.86369363869580495,-0.50385105470569436,-0.012938823298884058,-0.14324986896127728,-0.27000758088473331,0.9521425215309689,10.397452952569592,-19.118302645546109,-0.053314540489901412,,0.0787030856251113,0.3333333333333333,False,1
-0.61777079590278405,0.78466846401212575,0.051523250232231525,-0.78407307284987782,-0.61964340784180594,0.035657587550819617,0.059905426810865553,-0.018369776891555972,0.99803501498472669,-1.928865069799655,-5.8593390485472208,-2.1174027712464385,,0.4568349779702805,0.271523178807947,False,1
0.80562084627601094,-0.52524492428320824,-0.27403069455856699,0.59176682987568063,0.6915512378840929,0.41420876914892324,-0.028054787548852343,-0.4958574945442546,0.86795061725877209,0.35893039383889419,25.5640343004901,-4.6474113889604736,,0.2808884573874195,0.4,False,2
0.96264699134233811,0.27000847136491474,-0.020154291124432518,-0.24467707561886673,0.89937682051698609,0.36229057865663344,0.11594782760425382,-0.34382664252198514,0.93184727351960162,1.4571499685054481,18.11601311561575,-3.8273727613525246,,0.4726070410370128,0.4482758620689655,False,2
0.82821835750420358,0.53790364141434466,0.15720694910285296,-0.54622018275129569,0.71212313337720967,0.44104892570344811,0.12529111799397441,-0.45115442529383754,0.88360727718235033,-8.022607292715497,0.5014823539958887,-3.1115846554535915,,0.4832186164016879,0.2580645161290323,False,1
0.32183356787866252,-0.92593189010013965,-0.19766964734645737,0.94151977284056254,0.29097649198810854,0.16992115365824498,-0.099818194417376355,-0.24079621260700218,0.96542918541826661,12.724667594449013,-26.519014777344879,0.7520157906299022,,0.2362958222463484,0.1538461538461539,False,1
-0.99580061309187873,0.085005829391000098,-0.033987467328211528,-0.071735295683681255,-0.95517729992140443,-0.28721137350047604,-0.056878698288664327,-0.28356716080040595,0.95726405917938018,-5.4410485271229714,-8.8362450201166727,-2.2222233207297721,,0.5246623716892087,0.2352941176470588,False,1
0.83283516096345145,-0.51253224495841299,-0.20903658182449936,0.55329201832344932,0.75998004241460926,0.34102533277023911,-0.015922849071232599,-0.39967616017142893,0.91651810122227106,-4.2601464332807444,31.93120502232453,-5.5994821682515417,,0.581559334629181,0.3333333333333333,False,1
-0.7620366238359445,-0.58949957090944594,-0.26793738042739251,0.63389900401206367,-0.76359836189604324,-0.12283971028210761,-0.1321825882831309,-0.26345359668688856,0.95557310853095556,3.6444389372843653,-20.274804315911457,-0.44272892768758731,,0.6780719671120699,0.3548387096774194,False,1
-0.96237043809691891,-0.23305712142632401,-0.13974089605273068,0.25399703196693746,-0.95425476841840029,-0.15774455522372677,-0.096584924440260761,-0.18730246955985544,0.97754239665993448,-11.078249615844008,-2.4834375475332799,-3.137560253002357,,0.3674252985424895,0.3181818181818182,False,1
-0.60289923439320747,0.77117237853232568,0.20446436304862661,-0.79537743805139915,-0.6010095130398353,-0.078500294740934479,0.062347768259000055,-0.20995410885337834,0.97572128600779573,10.927020254367527,19.939855248646314,-3.4806840153547443,,0.2542205062266048,0.125,False,1
-0.85238265810240521,-0.505800079378663,-0.13270299117509449,0.50847873378594977,-0.86093684634011791,0.015398827921958319,-0.12203762310745124,-0.054350955046539681,0.99103622145298687,9.5316870191783707,-31.110884204514015,0.8860976857533942,,0.1406439660650916,0.3125,False,1
0.07828028405356395,0.98467289724506124,0.15585725058370042,-0.98810337910358792,0.055873804500936444,0.14328234425309272,0.13237790349058998,-0.16521925856754177,0.97733243436705164,-4.3994380607636199,7.6442072831972929,-3.3591691507704811,,0.263889106361562,0.1071428571428571,False,1
0.34163922153788079,0.93255774270204372,0.11669918094596921,-0.92900269667854252,0.31629465521493239,0.19212412822564234,0.14225551613553264,-0.17405099140463506,0.97440731756287491,-9.294362521972154,0.72198470527753755,-3.1719393578662194,,0.342429826111442,0.1333333333333333,False,1
