axis_00,axis_01,axis_02,axis_10,axis_11,axis_12,axis_20,axis_21,axis_22,location_x,location_y,location_z,dbh,dbh_approximation,score,reconstructed,number_clusters
0.18121504071459282,-0.90023657578823801,-0.39589798765828083,0.97398930045679366,0.10860290560413943,0.19887245030426981,-0.1360365818980114,-0.42163908323044036,0.89650127265838253,14.575980502031459,3.8936674505773583,-3.6066894658620492,,0.2601684681759584,0.2,False,1
0.16479234934246675,-0.98487392838941423,-0.053542756531510673,0.97809742124026045,0.15617781327927563,0.13760060029831089,-0.12715705313250311,-0.075045558283658054,0.98903955836991253,-15.894434714742328,4.5696852749246819,-2.6171599313127514,0.2226015098199515,0.3110797840293144,0.8205128205128205,True,5
0.94362262466596047,0.3172605062345451,0.094456939407993989,-0.32962653541217035,0.92675919671286289,0.18017696428872226,-0.030375802387664481,-0.20115457362916334,0.9790884271287128,-0.75703580503089563,22.214033206040625,-5.0827763040232723,0.4027012514976309,0.1336573172705448,0.3684210526315789,True,4
-0.46015240997454171,-0.88783157647083177,0.0038537534870926801,0.88406707745373547,-0.4577929491229179,0.094079850636322918,-0.081762840930538053,0.046698046582910109,0.99555719588997416,6.7680398110987632,7.3690480679519741,-3.6047110384811418,0.3645132416524632,0.2532085018057468,0.9590163934426229,True,5
0.74400761722288156,-0.66762405717199291,0.027033013142058325,0.65427037448306502,0.7361423291754724,0.17327650813050713,-0.13558371062971086,-0.11123214230301971,0.98450214216656795,11.285619844978156,3.3016457359892444,-3.3563265287398489,,0.199594109041705,0.8161764705882353,True,5
-0.46197169353193301,-0.88400169275007756,-0.071576264153945413,0.88371180021313489,-0.46564344797191926,0.047218995381972301,-0.075070690281213659,-0.041438949984527754,0.99631681953326567,4.7697350114203019,14.068280026996771,-4.3461466268003939,0.3405904657234577,0.2541203409239017,0.6764705882352942,True,5
0.10693107786406437,-0.99377949299221302,0.031113725186273932,0.98561417548643471,0.11006800267097092,0.12825650809302516,-0.13088331317254498,0.016951521942312642,0.99125284576480011,4.3836728250408035,10.767500243226541,-3.9186675432623796,0.2269206751649482,0.2101423676578341,0.708029197080292,True,4
-0.98770630723048691,-0.14381387126677367,0.061268434681983355,0.1465539759283834,-0.98827462856304693,0.042839125553121304,0.054389179040498642,0.051291607206609691,0.99720157853538582,-2.0472840918264614,25.598327657713451,-5.4416378927936222,,0.1763195856031799,0.3461538461538461,False,3
0.83815805702819191,0.52680309545786086,0.14131372917994117,-0.54492617781943486,0.79768911373292439,0.25835545002783111,0.023378027415228368,-0.29354825233340726,0.95565835495022755,-10.484885282137993,14.962512986111621,-3.8648228905953745,,0.2394693436409721,0.4444444444444444,True,2
-0.92358236744138578,0.37453012301463867,0.081992667391683094,-0.36605963847622774,-0.92499784560780762,0.10187898065629911,0.11399978785075419,0.064079423963958826,0.99141206155383699,-3.3947151265562865,7.1065454398056715,-3.0512682552388517,0.3547120587259439,0.3512145865191838,0.98224043715847,True,5
0.035842928105593114,-0.99890548117389588,-0.030052024649997282,0.98452276572106356,0.030132771766520364,0.17264686456062214,-0.17155234851719253,-0.035775071578035361,0.98452523379130397,8.7392328740984215,-5.3766580849480379,-2.1661963918041196,0.3542193984067606,0.3063982332360387,0.8256880733944955,True,3
-0.94142878037605215,0.28084551447265743,0.18664846230346244,-0.3097079529022283,-0.93906269902177997,-0.14913829560190311,0.13338978742306259,-0.19820959690821696,0.97104074080581815,3.5699558233255182,1.0310579306471319,-2.6963275342009885,,0.3979789455809337,0.2167487684729064,False,4
-0.48790576952580367,-0.87288322564903775,0.0047785399407928031,0.86943407219702273,-0.48547617617230843,0.09163665463130613,-0.077668231384118533,0.048864677934537276,0.99578104475030993,5.0070278472865226,-17.83786582349807,-0.59764046444912611,0.7159002144546551,0.2846529368002542,0.8771929824561403,True,5
-0.99245924916734185,-0.10533781557569814,0.062678412168274092,0.10837717780596016,-0.99298683792634734,0.047239041436602153,0.057262780870397233,0.053675733015711401,0.99691518676977486,6.7731443559368705,21.755031132942854,-5.3766491420358413,0.2126392064447287,0.2508625197130416,0.9636363636363636,True,3
-0.24488968962156391,-0.96954399560977089,-0.0036715792371473585,0.96429252076337435,-0.2439536345615605,0.10308520060620635,-0.10084133238345894,0.021704026383259245,0.99466575336737306,8.3526893016237818,1.5761597238142255,-3.0038835494971461,0.1836253420926118,0.1476616429553798,0.5595238095238095,True,5
-0.34010015090423079,-0.93950160344245337,-0.040848800275881121,0.93545794908532531,-0.34244003216971852,0.087482854666953547,-0.096178546713893087,-0.0084594028549080311,0.9953281497352231,-23.82698209515058,-4.1246873246868692,-1.6393904403913571,0.5674725424051983,0.5422095165093931,0.7272727272727273,True,4
0.36706868490480493,-0.92435240938151009,-0.10408267787126493,0.9192280358186351,0.3433329778148384,0.192723336702665,-0.14240926489266853,-0.16641841729625995,0.97571743433093217,13.003549448055139,11.418730521192547,-4.4504205657041993,,0.8007830163876961,0.4411764705882353,False,1
-0.80287704706236929,-0.5949833992454423,0.037191422704008832,0.59607119945095888,-0.80219367493214255,0.034415593616241608,0.0093580171780424243,0.049800226115972748,0.99871535734326877,3.1546096120035982,9.700611675433656,-3.6827611739705364,0.1259546764473182,0.1748174731083821,0.6,True,5
0.95181238710463401,-0.30574645634927999,0.023922461914156267,0.29164526576319105,0.92651464082599155,0.23772601728250015,-0.094848398574220158,-0.21929369522387027,0.97103761849012038,4.3670902934412368,-22.98046709983829,-0.030862026440611378,0.4945393677408964,0.3968406389490536,0.1428571428571428,True,5
0.97120172463472709,0.16879756283936687,0.16815050652918576,-0.20333325188013213,0.95506028637341112,0.21567437973062226,-0.12418856125417713,-0.24365391885177617,0.96187835461756299,5.2467873110539971,-15.166099586572246,-0.87569473300296818,0.3631356578479898,0.3827277749585289,0.8,True,5
-0.28408483429091735,-0.95743811196803341,0.051069253734408064,0.95530989901897645,-0.2781092231956912,0.10019110145038994,-0.081723948523399162,0.077249736080950343,0.99365671864742533,1.8376045426413414,14.117202196207346,-4.1987264954309103,0.1726577606642468,0.1618847911913393,0.675,True,2
-0.56055222985161712,-0.82696043382941042,0.043790849375796304,0.82589300137944932,-0.5543885480606644,0.10273309131742216,-0.060679056360700881,0.093753819441462577,0.993744571537029,4.6833101774037571,12.540555859153349,-4.1230886187922211,0.2692865237880048,0.2574056531877922,0.7898550724637681,True,5
-0.41880307680161194,-0.9061962517215878,-0.05841520544556681,0.90364147428659092,-0.42224460699155486,0.071704796322866859,-0.089644123123936117,-0.022756213048136582,0.99571385746962893,-2.9618017660201819,-2.123760002670708,-2.044202260129083,,0.1308993184663734,0.2641509433962264,False,2
-0.55454182415265862,-0.831897808121836,0.020722019870837969,0.8295983288716936,-0.55071526434907669,0.092083170808897191,-0.06519185530981482,0.068254922569819854,0.99553567869075055,-7.2689053912747825,-5.4433952045583869,-1.629502652122865,0.353239748232741,0.312705481151979,0.928,True,5
0.92877502378677246,0.36122085025712014,0.083044882620221833,-0.37007153441651486,0.91621190584926304,0.15363203765709288,-0.020591614907272775,-0.17342214656608138,0.98463228896676258,10.540831926858843,-2.0492808409425738,-2.6713227800680319,,0.1886027850844555,0.3478260869565217,True,5
-0.081480803328827525,-0.99602603639945986,-0.035958496955133243,0.98787882608393052,-0.085491793366111471,0.1295630280677435,-0.13212230570167063,-0.024965738151104422,0.99091897158882092,6.2883902593705283,-4.1327466978816263,-2.2052830477203353,,0.2069443175049624,0.5869565217391305,False,6
-0.48629697604155459,0.86519608933137071,0.12227419228334208,-0.86177449936961492,-0.49801882789205543,0.096550294154258434,0.14442978684845564,-0.058420664757662701,0.98778897675575628,7.1232239020087977,8.9381792491084049,-3.7979401900751255,0.1531377367213867,0.1276928920269465,0.3275862068965517,True,5
0.99080690042718211,-0.13448248464353321,0.014701951910620289,0.10585530212434474,0.83835462854136533,0.53474869968559369,-0.084239783226478293,-0.52827642208163283,0.84488323500622575,10.452729609366466,8.6034003893983311,-3.9551526366933984,,0.1877424404206141,0.3181818181818182,False,1
-0.90547364974583278,0.41559024878337553,0.086036124576432921,-0.40726635474662204,-0.907895132102569,0.099300278931410191,0.11938000631327708,0.054874167152033131,0.99133104454163623,8.3944825680694066,0.0029182811403749565,-2.7888842955097912,0.4475837966874247,0.2961310984565296,0.25,True,5
0.11680752542339938,-0.99298926987064828,-0.018119379851950147,0.98502072037643429,0.11350141603786251,0.12981374729392547,-0.1268470828736436,-0.033011187181884137,0.9913728254734897,11.578168321288775,11.887683112115257,-4.4286175909415899,0.6200667899101349,0.322929285364593,0.5584415584415584,True,5
-0.72753103044865097,-0.68464310249422256,0.04429923183768944,0.68512045492376206,-0.72159849374157381,0.099526760597080738,-0.036174051188399635,0.10275911656382139,0.99404828956325952,-9.0646801489590931,1.162801914476276,-2.2981365922422174,0.3586937159961921,0.3247109634553716,0.954954954954955,True,5
-0.38002359777589662,-0.92485539520632032,0.014985429297277683,0.9203749373011908,-0.37646927705693223,0.10573957735899495,-0.092152264873368681,0.053975748165181407,0.994280935494952,6.1232705429477008,-2.3387904976373162,-2.4532424420149219,,0.2253666690959209,0.8028673835125448,False,5
-0.50386570396832076,-0.86322053824328582,0.031139279366753321,0.86060491341991152,-0.49859700995208389,0.10373140635481684,-0.074017128842012142,0.079065314909976925,0.99411776999315915,6.6942108832165985,0.68996386484731786,-2.7787603028930108,,0.09594641271254542,0.3333333333333333,False,5
-0.94476403026555444,-0.32771189855713173,-0.0050831742510222405,0.327636288063823,-0.94472972236912278,0.011841216834407586,-0.0086827334489524566,0.0095217233965366951,0.9999169700147178,7.3125842726147328,10.774740468356699,-4.0633801191679719,0.5246206079609592,0.2355616322500574,0.4,True,5
-0.39077729037757247,-0.91974329027738622,-0.036951174743017727,0.91936348840025695,-0.39196769610764909,0.033646714617790813,-0.045430006842082982,-0.020823188943780484,0.9987504739826355,-1.507670157240331,24.434019256616828,-5.3398238248483594,,0.2570992564951859,0.4666666666666667,False,2
0.98291862004719632,-0.17778938558815219,0.04755965450568217,0.16644877509309519,0.9690253596665086,0.18244083313008333,-0.07852255494137178,-0.17140824570416094,0.9820658947698464,-7.1614114149499439,13.055343102355186,-3.6870562087940959,0.4409454449822454,0.3531774184582996,0.9361702127659575,True,5
-0.96034422647508166,-0.27324673703921426,0.05545437199535791,0.27678103298982032,-0.95827751138790507,0.071389571684463055,0.033633710069884117,0.083907281362379946,0.99590578956109588,-7.0057213740864803,5.3019355841844238,-2.7471013647211713,0.2124278711923506,0.2367006822379483,0.4642857142857143,True,5
-0.76045304077126141,-0.64679398873587601,-0.058040579915080985,0.64877538722767669,-0.76058622783132079,-0.024476252999612841,-0.028313772431825736,-0.05626834072956783,0.99801413022172236,2.7065159022337628,-28.153285541780562,0.5754936680568602,0.4260081631680724,0.3071247457468821,0.696969696969697,True,5
0.84776630513522433,0.44699621237149312,0.28545871505860337,-0.52715592967314762,0.76933202556703406,0.36088067314191796,-0.05830023745928594,-0.45642372918425667,0.88785047263023265,4.3424955992535814,1.6048466659795253,-2.8111877619465919,,0.4304602772376772,0.4817073170731707,False,2
0.98434355240776517,-0.17617327974243657,-0.0055449380567957895,0.1517980966402907,0.83132259160747524,0.53465885061356189,-0.089582970980234322,-0.52712970338221643,0.84504980156351184,13.668683386703139,5.7905449729510501,-3.7917472138866875,,0.4852567042513642,0.4722222222222222,False,1
0.33250015185448167,-0.94116755072036873,-0.06039280162211489,0.93078172555467831,0.31716519636834478,0.18180103846261209,-0.15195074330256367,-0.11666138900103458,0.98147903285100657,-12.217067730540622,8.0058178165601834,-2.9948783029445067,0.2959502268176936,0.2893197766498715,0.8717948717948718,True,5
0.91186674255565348,0.3962865032043944,0.10703294445624953,-0.4102683873467905,0.8883514050213428,0.20618348998033109,-0.013375132328496957,-0.23192410089216497,0.97264192653851589,7.3211240471469363,12.56975642670359,-4.2774761631920866,,0.132017728896226,0.3461538461538461,False,1
-0.69859268016133214,-0.71334784140334473,0.055705694414460175,0.71435267238031253,-0.69089197429415128,0.11121393491391988,-0.040847603211383712,0.1174867525345738,0.99223401286731105,-3.5448722506709784,0.14634540509418492,-2.2991800051311504,,0.3446934914745841,0.9776055124892334,False,5
-0.95300311504728463,0.25590901726452492,0.16215929696713804,-0.28450993369910527,-0.93990773870441502,-0.18875259031357106,0.10411128822900105,-0.22601773737089131,0.96854366037729034,-8.871599336107554,-7.8398645187709768,-1.3137561838096721,,0.7571434081209834,0.3823529411764706,False,1
-0.54992304737228359,-0.83468220574693464,0.02983718113720801,0.8328413035475779,-0.54531833224312332,0.094885613370789851,-0.062928571205403405,0.07702942248915054,0.99504093533735372,1.9769322189354945,13.000686212007787,-4.0802119292351904,0.2920158132339549,0.2223509756310945,0.8466666666666667,True,4
-0.24707574043604164,0.96410345517658314,0.097252795355997554,-0.95858113987601501,-0.25786150507059791,0.1209530589804369,0.14168901426003666,-0.063340128822885339,0.98788271131684435,8.5887664313783638,6.7288253509141116,-3.6470191398757006,,0.3035876670211903,0.8205128205128205,True,5
-0.84679092861300553,-0.52942689530688369,0.051500347032214601,0.53188869414129469,-0.84160931438533915,0.093745287798952387,-0.0062881049126604638,0.10677511163915643,0.99426331284577452,10.010894344189998,-3.4900832963738355,-2.4702895857613436,0.1500601775654634,0.1694340397559075,0.7258064516129032,True,5
-0.89118315718861096,0.44632602989039843,0.081152051025305108,-0.44123937374426414,-0.89437941835016077,0.073438893574159919,0.1053584140024333,0.029640024863390037,0.9939924916844135,7.5173277360842414,14.456526195629518,-4.5230324828454833,,0.1918789988266241,0.7945205479452054,True,5
-0.36344355968940212,0.92534003382492824,0.10795647605019651,-0.91865064093875337,-0.37523684039450611,0.12360547525722915,0.15488634162867165,-0.05425067199241454,0.9864416281591416,-2.3382252665344097,-6.6411624008685077,-1.5200094581581796,0.5589912397135435,0.4185234775066388,0.9377049180327869,True,5
-0.99619132725470572,0.038947563823458084,0.078012350142305523,-0.058954718175516736,-0.96005650549854582,-0.27352485710583263,0.06424313743391917,-0.27708228655426254,0.95869610710094588,-12.333489400655001,11.812847632933581,-3.395768540109168,,0.507890131370958,0.2432432432432433,False,3
-0.63853376864185296,-0.76848055573009066,0.041379484878444152,0.76781883401981577,-0.6324898697654765,0.10203334145514641,-0.052238533942719288,0.096923681878183149,0.99391998443672214,-6.7071676065914252,2.2914039749285813,-2.4379954025972559,0.2950376991318711,0.2753119141444389,0.8195488721804511,True,4
-0.88058205992199168,-0.47021192897132064,0.058957421895904513,0.4738793701966354,-0.8746816237657673,0.10183515870523861,0.003684867105062363,0.11761291978159051,0.99305267879144643,-5.1477903154612257,8.8550315835292412,-3.2139828936097503,0.4281323652266805,0.3842222757667678,0.9626168224299065,True,5
-0.56590861201913045,-0.82441231106866975,-0.0095804071414717779,0.82223791252685652,-0.56519389780608975,0.066937830008423196,-0.06059915879002363,0.030003320502478115,0.99771115194367122,2.1086870292383932,16.843911924578677,-4.5414528465060888,0.3419466290932996,0.2742515041127783,0.6216216216216216,True,5
-0.66167246499641252,-0.74964517076632187,0.014888485896947364,0.74766490834049615,-0.65816938986489881,0.088375557033970195,-0.056451163865493398,0.069607271111568017,0.99597595046599019,11.144582033729082,-3.0538650976833748,-2.5719228003595287,,0.1882241591411925,0.9545454545454546,False,3
-0.99594588299346132,-0.054734063398820976,0.071386136274689552,0.062346116833576652,-0.99206540191172599,0.10917508894202722,0.064844119734550329,0.11318312874973639,0.99145590900567648,-3.0767447566934285,3.9314063937487287,-2.7144797931979254,0.4692594037998744,0.3891370633748085,0.9736328125,True,5
-0.97537357075191022,0.20791462186251652,0.073606436501404013,-0.20351663277854901,-0.97704286270139584,0.062993845943411703,0.085013985091570377,0.046462398345627355,0.99529586951761384,-6.2030932904542793,-10.370446542925579,-1.0284069824696493,,0.3095914513738263,0.8333333333333334,False,5
0.2619136156760043,-0.96325920532899989,-0.059438718630744458,0.95496991226610706,0.24977846938922807,0.1601348896900267,-0.13940489442621792,-0.098703695870604874,0.98530394083830675,-12.132952552222061,30.492710353793093,-5.5204246107020314,,0.1544388067915211,0.1904761904761905,False,1
-0.9938037445391682,-0.085283298051227183,0.071280266648167293,0.092919741464756359,-0.98938144862940447,0.11175987989481882,0.060992122327814792,0.11769073107720524,0.99117549043167053,-3.043857460186401,-15.026717291005872,-0.50275225071438367,0.3847213847643927,0.3411811379990423,1.0,True,5
-0.44158960543805481,-0.89541259421419395,0.056876238374827186,0.89354645082712014,-0.4331700925894843,0.11806104819234056,-0.081076263994585132,0.10295609262508296,0.9913761558601536,-10.921635393545017,5.6601180443729806,-2.7352782555976867,0.3281690098123363,0.2912320644805381,0.8941176470588236,True,5
0.58477314429974769,0.77090648200900769,0.25247488132937601,-0.80893183540839797,0.53093475576660343,0.25246300873961325,0.060577680449050063,-0.35186855658832789,0.93408718196743301,-6.7878309794949931,-1.4613594586571339,-2.0509205208621539,,0.1509374764519546,0.2115384615384615,False,5
0.32649076172200342,-0.88253536278444145,-0.33843037089646932,0.93410757791823029,0.24657317165001139,0.25815635552546962,-0.14438426294414727,-0.40041603921095598,0.90488683278998339,-7.1477507983737469,14.909789074063278,-3.9389960423879185,,0.5602715540893789,0.3333333333333333,False,2
-0.92127747010516836,0.37725290330804817,0.094488465022295048,-0.37215262288994899,-0.92571719083289428,0.067454487416228032,0.11291699762547941,0.026980169423171142,0.99323804906233082,9.3338780946402942,18.567820036074231,-5.128736025678867,,0.08022516813501487,0.1666666666666667,False,1
-0.85910955396295763,-0.48759374553631518,-0.15550920745549238,0.51171543581016232,-0.82361442204340118,-0.24455387250201263,-0.0088366873422158695,-0.28967503019069829,0.9570842647545903,-7.9726463067204136,0.67157065943678718,-2.2674285941141257,,0.2117657089915976,0.1132075471698113,False,4
-0.86298284287007432,0.42641085404253026,0.27098781608516115,-0.4528096253640691,-0.89068812167204292,-0.040473609796751575,0.22410724238528415,-0.15763392232336382,0.96173150642131733,-9.1281037038621218,-2.9533272111743161,-1.8446878006984726,,0.6578170906598397,0.1666666666666667,False,4
0.84902110696222566,-0.52757365188031913,0.028795863840194141,0.5136728734676147,0.83695568114476671,0.18879980631087978,-0.12370666512424933,-0.14550336642554212,0.98159331261101901,-11.94224495081929,3.5620755776674642,-2.5893425663816361,0.2358456985543297,0.2545923798332032,0.451219512195122,True,5
-0.17704722991206376,-0.94659616000016966,-0.26946240601129734,0.97793297153687664,-0.2000512201917817,0.060221362329598752,-0.11091159344955041,-0.25285414604611828,0.96112610996984638,-10.934693483912245,8.0900736390497734,-3.0096707330280883,,0.3366184715484477,0.32,False,1
-0.19607696288160326,-0.98047227679603755,0.015097650861033277,0.97451704174571085,-0.19312914798941014,0.1140949935101197,-0.10895118161046319,0.037084317861864197,0.99335511947863109,4.6826155833182881,5.1477006718781579,-3.2276062303159367,0.328806226545162,0.3092917347182617,0.8622291021671826,True,5
0.99633224740025683,0.048499814708193791,0.070496955704649936,-0.05855362504177359,0.98719608724567731,0.14837573359984285,-0.062398123247577569,-0.15195938042810994,0.98641513619524546,-5.2925926401246155,12.777923048744446,-3.7145230808506002,0.4369401219852949,0.4092552448736387,0.9861111111111112,True,5
-0.98804104649010749,0.13445818569671977,0.075471098772178724,-0.12907902047309741,-0.9890066145894042,0.072142378475564234,0.084341549217685496,0.061537895621740675,0.9945348613688757,3.7329065363856282,7.5827811847779829,-3.4713323931451754,,0.1507364568976345,0.4407894736842105,False,5
0.048230999484730017,-0.99880256939309187,-0.0081974424342127969,0.99094837347649134,0.04681913599678475,0.12581450476320744,-0.12528005345225773,-0.014191401561256166,0.9920199152883612,3.3590780394220214,19.404242749454756,-4.9312536920657637,0.1975748353268864,0.2000291582001748,0.2857142857142857,True,5
0.00032077674039261077,-0.99903638989222665,0.043888367176138934,0.99202701116149739,0.0058489456026812768,0.12588963007857937,-0.12602502223077569,0.043498063249317667,0.99107296011206447,9.6496893607633325,2.0474351450371402,-3.1273432570431452,,0.0921112920627702,0.3658536585365854,False,3
-0.24609305992020328,-0.90758367505935145,-0.34019123831291165,0.96568437635964277,-0.25965246379690143,-0.0058551941970904908,-0.083017414522484803,-0.32995828646960784,0.9403380445754822,-4.0136899490456681,-9.2230114231767537,-1.1689295909460493,,0.3649247270002542,0.2,False,3
-0.81936706079008503,-0.5728375013183129,0.022244477418232669,0.57322273320506567,-0.81818932100848063,0.044518907495543283,-0.007301905856155845,0.049228366528606668,0.99876085731259745,2.574904198582634,22.517954272254823,-5.2599662555874991,,0.1525992100832543,0.8518518518518519,False,4
-0.36708491769910506,-0.92959374301223208,0.033228544210511864,0.92586028571933909,-0.36170242642830552,0.10933474307639074,-0.089618047990040389,0.070900124600631914,0.99344943394521623,-14.359007102200724,-0.95066881391107627,-1.9908011878349718,0.4553887560184898,0.4168248332379948,0.9463087248322147,True,5
-0.98154288825994407,-0.18412753002384141,0.051677956554481277,0.18494232881037048,-0.98268309828318434,0.011413297628573196,0.048681552158125321,0.020760082752267001,0.99859858073381802,-0.21698067308194849,20.839088639141728,-4.9273004213408793,0.359217000655688,0.2861214069649681,0.9375,True,5
-0.99709840053227849,-0.03751088262598188,0.0662398168822389,0.042189554144995318,-0.9966045126167673,0.070707050235057398,0.063362616557550974,0.07329651503663899,0.99529533290700456,4.5926464663066584,-20.433426339786127,-0.30413920224748114,0.3657456214657465,0.2483369720714995,0.1176470588235294,True,5
-0.82436004111717542,-0.56372093823367608,0.051470636349598503,0.56604063640632929,-0.82005081128254309,0.084348472728084226,-0.0053404630891362645,0.098667982201859933,0.99510607914041371,-8.5829463082389541,9.4154347165367209,-3.1889036387964467,0.3689282772487652,0.3033101628779388,0.9060773480662984,True,5
0.11100141826800129,-0.99301027269109943,0.040115875566168968,0.98476639041278291,0.1153367288694114,0.13012530609793857,-0.13384259955586109,0.025060672450115597,0.99068568236372401,11.346796893654291,-4.6913477639380083,-2.4030063728258053,,0.122032330020365,0.5,False,5
-0.86381425772124376,-0.50202310435481012,0.042399656265781571,0.50353805693582609,-0.8630513398012013,0.03989749471639556,0.016563615993788652,0.055813865314199053,0.99830379096941202,2.8956871156633368,-24.919185080018444,0.2103370385978339,,0.3409024691075685,0.6744186046511628,True,5
-0.94138387601957807,-0.33425788989812782,0.045475938816105052,0.33578024967248588,-0.94142249026681857,0.031230093655064892,0.032373166361016219,0.044669428703221853,0.99847715058437347,4.7721127654665212,17.542203516523713,-4.7645086958183755,0.1450956256319106,0.2093148036771356,0.8,True,5
-0.99294063912101926,0.086507469824266742,0.081150137686540891,-0.085833748482519873,-0.99624005715262876,0.011760788492525667,0.081862413862409972,0.0047123443348270891,0.9966324994738478,-0.16553645433774372,-34.947233189240279,1.3915187821333139,,0.3899929408872383,0.625,False,1
0.89427314265083591,0.40286764827552807,0.19486714527170013,-0.44674799481460603,0.77805923580478942,0.44163339401362584,0.02630162471264922,-0.48199738956949895,0.87577779201442563,-3.3398345206287323,-12.593553218168065,-0.73535220319416705,,0.3122030145188471,0.2631578947368421,False,4
0.6516325727094503,0.73485621247089161,0.18804610386019377,-0.75666993025480156,0.61236631075527692,0.22903737271494684,0.0531564373548193,-0.2915370447214341,0.95508143355571307,-8.1247373231312476,22.391530053246232,-4.8192628611723505,,0.1816497751413507,0.375,False,3
-0.98907324914146344,-0.13209385336626625,0.065462368851119376,0.13751971566762075,-0.98668932805930565,0.08678996310964085,0.053126600074212854,0.09484399715705509,0.9940735287531941,5.7893798887094015,10.026529876879925,-3.884904034666155,,0.1892593144722076,0.5966386554621849,True,2
-0.10267759015023302,0.92848217620334361,0.35690077185913061,-0.98591721943367938,-0.14260684348027611,0.08735287411844847,0.13200207916961856,-0.34290543399790924,0.93004909248361889,6.3969570440186816,5.3914048714663636,-3.3500594321365162,,0.3411197243611316,0.2198275862068965,False,4
0.42720102263795173,0.84553177275574365,0.32027380086048074,-0.90033246397859812,0.36526705478661459,0.23660395811088925,0.083070696176903297,-0.38943035314166641,0.91730216367816497,-16.138719675256628,6.3572646163641133,-2.813767599492015,,0.4940744648786253,0.3333333333333333,False,3
-0.89096792395283952,0.39262436347377805,0.22808390494284939,-0.4352203814586017,-0.88164519006750564,-0.1824417123189267,0.1294580165543926,-0.26181647778098954,0.95639570989845024,6.6054117861630264,-10.862829482952579,-1.412080590078669,,0.6181326159408914,0.2,False,2
-0.50487823940403209,-0.86301205312704188,0.017554473325441085,0.86145717331690952,-0.50247200094231148,0.073575993434479459,-0.054676337817428991,0.052269344997604161,0.99713510301081931,4.8581894539032744,-29.192495173874615,0.5903243791217847,,0.3660125778215328,0.90625,False,3
-0.42664588158333805,0.79173476613343796,0.43718343040834556,-0.89435549189487584,-0.44124204225803931,-0.073713731837639004,0.1345419854374576,-0.42244706205581195,0.89634643632635835,-12.635261397665204,1.9670165764324521,-2.3761387548747015,,0.4013132505796386,0.1428571428571428,False,3
-0.92645252702565628,-0.37190937149285502,0.05804424660174759,0.37601577037659917,-0.92147883537226583,0.097410966472284505,0.017258493441420088,0.11207218815014494,0.99355018446345744,8.3627700895513719,5.0774082207412192,-3.4281260506670534,0.1901525844401271,0.1537445821662311,0.6474820143884892,True,3
-0.97867416111571914,-0.20378445792885314,0.025860801826068525,0.20050540387192195,-0.97503506271696083,-0.09541598131702074,0.044659482560830265,-0.088195924957880825,0.99510150710277945,-3.201417960845828,-17.490863654059329,-0.24531665842396005,,0.1339038582019769,0.375,False,1
-0.67462144577340211,-0.73815813819761,-0.0029099682546280467,0.737284076990943,-0.67400456102848338,0.046152372944568684,-0.036029081562231953,0.02898990730305176,0.99893017301328046,7.3714371541639627,-24.404727701210042,-0.014274758174185057,,0.2220955796519202,0.825,True,4
0.7396011199588326,-0.67304320310022292,0.0017407229054501802,0.65572104213430993,0.72114416791584623,0.2235643173300636,-0.15172375640596356,-0.164206990842518,0.9746876247806322,7.3793386927269529,16.107406289435819,-4.7267944761789336,0.1348425248276531,0.2747478546910992,0.9,True,4
0.72435456722610736,-0.68897361112380628,-0.025016476844294616,0.68446392383944554,0.71431941987756198,0.14579747373700747,-0.082580856746517342,-0.12273194189291428,0.98899811553824835,6.7503723846755266,23.093661705020775,-5.5496562150750259,,0.196527869514506,0.2,False,2
0.74742731533420603,0.63802724501935015,0.18513142063226282,-0.66432647484583607,0.71580090216009595,0.21517296132576069,0.0047689738105762269,-0.28381385286805705,0.95886753715462869,11.800244282415225,-19.234634895457514,-0.74798931628294985,,0.3728110135959654,0.3,False,4
0.94730578640483687,0.29109007305937951,0.13370982166691825,-0.319154693470447,0.89340714856160841,0.31617075850685727,-0.027423141317122129,-0.34218450617364549,0.93923252448741379,2.398249377085313,11.573180582453151,-3.9149585619541725,,0.2739491146527426,0.2135922330097087,False,1
-0.97522079651178573,-0.21300823451248777,0.059765291606352716,0.21715048129301126,-0.97329428454152445,0.074457398242327499,0.042309177788429242,0.085590465057014439,0.99543166805471506,6.3991405417356608,19.812262988673403,-5.132399086293713,,0.1804463645820083,0.78125,False,1
0.88212116591192868,0.39872815629109287,0.2507550717949405,-0.47100900944177904,0.75074582373584708,0.46317515171677626,-0.0035723486467565888,-0.52668450283247426,0.85005333526859128,-9.7671904480876623,-5.005182208028252,-1.6099474127908528,,0.7124051264142817,0.32,False,1
-0.97746306391727977,0.16548247401060173,0.13107825705575282,-0.18834221144842583,-0.96406081311983793,-0.18738719271453153,0.095358114831198132,-0.20785162833628973,0.97350117130581437,0.85720142282509593,-25.380661508258253,0.33100355693715006,,0.3048152991296058,0.3076923076923077,False,2
-0.99463684153069754,-0.07798873152115611,0.067936081912037399,0.083859136910300391,-0.99255430448459969,0.088337974879163117,0.060540883925637431,0.093561265515239841,0.99377114617435403,6.647620811847335,24.956134336379005,-5.7734486166509669,,0.3003949368407914,0.7777777777777778,False,1
-0.95056909862307615,-0.31011283712225252,0.015761249788625829,0.31049442265914134,-0.94984344592626457,0.037291309020809404,0.0034062061708871327,0.040341746155891256,0.99918013454862853,14.818495289917522,-1.4742259385099867,-2.9680141026534401,,0.4834041199969529,0.9666666666666667,True,4
0.26974798179712034,-0.91677403300118099,-0.29455287934618835,0.95274569637539253,0.20972834978835755,0.21974907811688521,-0.13968415928282304,-0.33991085847586883,0.93002631357163723,-15.919668464319463,-0.65666435318138761,-1.9717939165899363,,0.3756206842075283,0.24,False,1
0.42815863478514932,-0.88871241605321971,-0.16392200893035896,0.89577455181253995,0.39338619619377052,0.20696679194797879,-0.11944930214931712,-0.2354517831681123,0.96451766288596108,8.0563770877187384,-17.654930396107101,-0.74961392304153651,,0.2949887136347447,0.1951219512195122,False,4
-0.98708261757945792,-0.15373440267829575,0.045095892336592933,0.15476141490813017,-0.98774489272193522,0.020222051265049945,0.041434412366045614,0.026939939400087282,0.99877796788725826,0.40892155144039116,18.821424815006118,-4.7190590408884407,,0.1245053261490791,0.28,False,3
0.99573896613976665,-0.065183115021680657,0.065230919255974823,0.04993567910168014,0.97581103533521896,0.21283620761200867,-0.077526377856592749,-0.20867195507321623,0.97490803458703679,0.87442310397681566,-32.945889560271652,1.1275070995093388,,0.3582234833289235,0.3103448275862069,False,1
-0.98685174658853425,0.10634402506814157,0.12171515348330965,-0.13574396876978836,-0.95408946888706847,-0.26699599304374999,0.087733717565061028,-0.28000756006061339,0.95598041879063411,13.474009560744754,10.488982553044842,-4.3498289273445883,,0.5759795591643748,0.24,False,1
-0.44779250246472024,-0.89351128622687959,0.033458274336422282,0.89040240229806011,-0.44219290464695854,0.10793051960279965,-0.081642125880135571,0.07812180531115312,0.993595263080848,8.6833754798956342,-4.4630996176711468,-2.2912399115088538,0.393851559029345,0.2832562248941511,0.8923076923076924,True,3
0.73676724051359765,-0.67427198154579648,0.050312306727900297,0.65865564942411459,0.73253392790460237,0.17194993442962225,-0.15279649468386125,-0.093548593634316474,0.9838200505383925,-10.386512516034589,-8.5647828514133302,-1.2606816359732482,,0.2678183228556332,0.6086956521739131,False,3
0.86100446293225408,0.44780060991089493,0.24113466895942323,-0.50859030254415349,0.75556634734025396,0.41286244552508344,0.0026868138726631741,-0.4781151624141789,0.87829304477541936,-7.6469349992380531,35.749801517353987,-6.3392962313689445,,0.2222403940416383,0.25,False,1
-0.77722793341854757,-0.62914616986851812,0.0095831338145400263,0.62894769151934493,-0.7763551842945341,0.041199868343076859,-0.018480823748427577,0.038048978419581762,0.99910496665505888,-5.5363390594388582,-20.531316766151914,0.12682553981339434,0.4371470890438848,0.4001139426227187,0.8181818181818182,True,3
-0.99026507196130775,-0.12746656559705913,0.055922820997841155,0.12779149593675898,-0.99179848366421774,0.0022586207304164663,0.055176270440391834,0.0093830941724569149,0.99843253989643188,5.1172151277163742,20.681430131071647,-5.1650160909121388,,0.1905271869028844,0.4,True,2
0.053428922667569448,-0.99348647778852461,-0.10064774549851445,0.99060646873453984,0.040027661425252881,0.13075400728891512,-0.12587364427816983,-0.10668835349829034,0.98629276632446006,9.5204920355614391,-15.988517836350439,-1.0107894485980142,,0.1568081076283331,0.5,True,3
0.26669838334141543,0.94491158582060264,0.18977372659319536,-0.95836448223729198,0.23916315094582447,0.15600803317685863,0.10202691561113872,-0.22347948946527132,0.9693541284170708,-11.552752095926149,-4.4586161191804186,-1.6860510045911408,,0.2543114622479029,0.6,False,1
-0.7637873592277975,-0.63149937886976126,-0.133556745883291,0.64099368741347051,-0.76639905754031845,-0.041947315735269303,-0.075868060341029747,-0.11764786053481055,0.99015302773443681,15.338940741387955,-6.231649071818234,-2.4282424684336998,,0.333979520369442,0.2608695652173913,False,3
0.98846059972753808,0.12241484429340004,0.089220225750097595,-0.14199569843751828,0.95392495592762494,0.26431874712876485,-0.052752861642920312,-0.27393755557626859,0.96029961534584718,-10.460634598358515,22.098476117657032,-4.7030526712882947,,0.2912158245040939,0.125,False,1
-0.076873183545810228,-0.99663770703428844,0.028351271029130883,0.98984384614998844,-0.072876987874652244,0.12205779318550375,-0.11958124389104496,0.037446302297461452,0.99211798721407984,7.9159630435923161,-20.977535396059569,-0.38915429994948658,,0.3059052573403173,0.975,False,1
0.97603637875712257,0.19313708395218568,0.10025494573899021,-0.21221523647241394,0.94673957650251817,0.24217528299310109,-0.048142296908631699,-0.25764751325459678,0.96503889981807589,-5.455543970787244,-6.4067411451844576,-1.5118072965421507,,0.212525296942822,0.3333333333333333,False,2
-0.94916987020254184,0.30260715676177552,0.086634093613568747,-0.29660523222539137,-0.95199978273080255,0.075642249418079399,0.10536552432466753,0.04610121860709783,0.99336437621183571,0.83386526578110676,24.60117869308954,-5.4664363758595371,,0.1056954685438676,0.25,False,1
0.65374905755894497,0.64343280243897649,0.39825418828471332,-0.75514492845836756,0.52088612082373797,0.39803741803604914,0.04866525212507869,-0.56095621743476831,0.82641382814960163,7.7898955522889883,-14.769951419375946,-1.0393818347126969,,0.2340645605311036,0.375,False,1
0.57172619288764392,0.8016243781706025,0.17472125425601778,-0.81806183392758969,0.54077096890121801,0.19581009949608558,0.062481967296410576,-0.25488255239665436,0.96495123620136269,8.9539925092651309,-10.466658002405806,-1.5964232719379101,,0.08569248661434375,0.125,False,1
-0.52591731833309452,-0.8505345156409273,-0.0014184430825036898,0.84706370035627432,-0.52392026047738605,0.089390425662048301,-0.076772793462664302,0.045810461302627968,0.99599565251017952,-12.984298597276226,-3.8244561421032572,-1.7615196496330736,0.2774860391003314,0.2584394272131305,0.9210526315789473,True,2
0.84510311076818678,0.52738893548150023,0.08753081115598324,-0.53455612260043694,0.83144883656509172,0.15146809553481086,0.0071052065642730408,-0.17479628973821498,0.98457898267911137,8.7995688344878555,14.058584103695734,-4.5461507394459719,,0.1268816221403555,0.3157894736842105,False,1
-0.83338065614093626,0.52277693002203662,0.17939053321409495,-0.5377780982722179,-0.84189046111975718,-0.044890628134157645,0.12755939396539781,-0.13388328092893831,0.98275320813461797,1.7766108518786436,28.966304791271842,-5.9900205173393726,,0.4490482625395448,0.3333333333333333,False,1
0.9888663416113932,-0.14063658850395944,0.048628267520729386,0.12139307928708643,0.95140912778611797,0.28299185830418738,-0.086064387113943971,-0.27393798849233397,0.95788877210847156,-8.8755359645273373,-1.6906096790540825,-1.9811333056977247,,0.3805608022514247,0.1395348837209302,False,1
-0.82994468344684302,-0.55783023808954402,0.0041530580639580275,0.55773488877720534,-0.82960844909161413,0.026107758166598494,-0.011118284894630216,0.023984300464471201,0.99965050746359985,-12.272868996491187,0.95071667417056127,-2.2686545843910988,,0.07631031739088315,0.1052631578947368,False,1
-0.95899747785578315,0.27085494328987136,0.083435227342449736,-0.26442291480660585,-0.96103703775522609,0.080550196696458548,0.10200176268782904,0.055185249461248628,0.99325234892774117,6.1937306517561792,-6.4153941110991957,-1.904679817978955,,0.2730741539002105,0.751219512195122,False,1
-0.76649719998817034,-0.64223981919312889,-0.0031712857126514546,0.64171026353198435,-0.76604846755741718,0.037117152782015425,-0.026267472052048699,0.026415147088547142,0.9993058890631461,5.2733605273933666,22.462928710403329,-5.4056203544348662,,0.1339775831210195,0.3333333333333333,False,1
