axis_00,axis_01,axis_02,axis_10,axis_11,axis_12,axis_20,axis_21,axis_22,location_x,location_y,location_z,dbh,dbh_approximation,score,reconstructed,number_clusters
-0.50896762294640085,-0.82680383308674676,-0.23947313082130295,0.85593698936600648,-0.51560784510180679,-0.038992567298548199,-0.09123502083822238,-0.22481986491975717,0.97011968298252493,7.104286145553794,-11.850507216204345,-1.7274148965703515,,0.2937221813327791,0.9529411764705882,False,6
-0.094558601186306615,0.99457198027011928,-0.043419431171560649,-0.99527444861951009,-0.093478118885977443,0.026279520822663237,0.022078108316129365,0.045699205147485239,0.99871123943914297,13.574886966544659,1.6626133361800546,-2.2858806323836585,0.4397548437706464,0.4128228701601434,0.7950819672131147,True,5
-0.056368414513276149,0.99725496732953889,-0.048011790029324528,-0.99755066252525715,-0.054259948618333005,0.044142198306797664,0.04141590927023419,0.050382418684461021,0.99787090064137229,10.740684071521232,-3.551162417529516,-2.2214037196177445,0.3779028671609144,0.2660431678155165,0.8106060606060606,True,5
-0.88372361836316615,-0.42080231708263316,-0.204836462293704,0.45703478433712469,-0.87017824929294352,-0.18414402071038202,-0.10075600355825429,-0.25634980865090312,0.96131836732250919,-14.941835677542562,-23.099932504487185,-2.5717302847571997,,0.3057559831610638,0.64,False,1
0.46960816111925585,0.87818288772480713,0.090900994040275934,-0.88008409203803017,0.45745569903254074,0.12722528979824041,0.070143894615196961,-0.13974655319530671,0.98769971900281717,20.000263626008039,0.44181264889517019,-2.0560569611093795,,0.2161744657169452,0.1428571428571428,False,3
-0.98996442076534685,-0.098704906762439856,-0.10113252196870659,0.10458488492108878,-0.99301722525283687,-0.054578312516977347,-0.095039189099946964,-0.064607520709096158,0.99337476352233234,15.104457790652061,8.3573208211172361,-2.5291200642848519,,0.1783666544749859,0.3333333333333333,False,2
-0.49623945629293997,0.84975994967019619,0.17791691868564355,-0.86801105328996608,-0.4814996942307721,-0.12130480543703773,-0.017413023417311636,-0.21463008268222705,0.97654017542715033,-9.3320744227277252,-21.225799675238271,-2.2116262466086334,0.5544710434383512,0.570322519998405,0.3181818181818182,True,5
0.9040156613306144,0.42382631376341756,-0.055919047118892437,-0.4153001719279798,0.90169833026627111,0.12027422164208434,0.10139749141651512,-0.085506590136268934,0.99116455332992315,3.1706331192688584,0.057598168937649102,-2.5047672601843187,,0.09160067270036779,0.2389380530973451,False,1
-0.52953809275198394,0.84630238614526376,-0.057979992492462516,-0.8479371413697212,-0.53004283372125038,0.0075629826453847068,-0.024331309260677322,0.053168276496249875,0.99828909728799575,9.5549056322122539,-0.42087471225447409,-2.3583115991554227,0.4487251594423908,0.4402850084284227,0.8722044728434505,True,5
0.017882461561067344,0.99632936379824544,0.083713896109909869,-0.99899563766409283,0.014364179546632758,0.042442741123370667,0.041084467827030638,-0.084388797712350014,0.99558555499968682,-13.432319855019562,-17.615627711601825,-2.6165134573418181,,0.344236686359515,0.8775510204081632,False,2
0.9687932957130081,-0.17569602720155281,-0.17484409114156466,0.23508513965557623,0.87490069639297674,0.423419116909243,0.078578160417808199,-0.45130884932236387,0.88890145417176458,1.8371680604808989,-21.882680900599468,-1.4896314299953359,,0.4464882919722184,0.1666666666666667,False,5
0.91558604718345893,-0.3856264734510314,-0.11399304003618782,0.39536863841244829,0.91501678778189677,0.080174296611746187,0.073388214059600984,-0.11847574034806602,0.99024121757586014,-9.0981037535059084,-11.930971886460474,-2.4868361449123166,0.1843305762748281,0.2970714467579975,0.8089887640449438,True,5
0.91806063387486547,-0.37571115315352516,-0.12651403845158449,0.38988382779447861,0.91346646697709355,0.11648868843245011,0.071800232267075492,-0.15626945672278844,0.9851013062329983,-11.408839046327349,-22.200725072491956,-2.3268011235441781,,0.3330175840750156,0.45,False,6
0.62492698997858709,-0.75008832380718804,-0.21641109880139198,0.77937973066444344,0.61544586789778166,0.11744623926276188,0.045094263778472199,-0.24206174868340793,0.96921236950350997,6.2214916713828616,-10.633982965307212,-1.82118578125509,,0.3954227256381346,0.4181818181818182,False,4
-0.32712034232094755,0.94496895430370065,-0.0050948053935425119,-0.94497296028308386,-0.32713668422614056,-0.0027738362160536212,-0.0042878868517148873,0.0039070750822643857,0.99998317425377214,-8.0404325310691966,-12.979850383124683,-2.373213963893932,0.6846347473131125,0.6262101943889191,0.9257142857142857,True,5
-0.44631197883366541,-0.86135249573583972,-0.2426468537591584,0.89181583064709957,-0.4057117232699996,-0.20015624349120739,0.073960406683590108,-0.30572843454760279,0.9492417935132601,13.578535663733874,-8.9556595353933641,-1.7006108946404404,,0.3785153964357321,0.25,False,2
-0.62565755841512716,0.78001675744313992,-0.011246230742488317,-0.77963528389994907,-0.62571798160042236,-0.025413217036444766,-0.026859703949768759,-0.0071320130247715524,0.99961377076046087,10.197134963455493,13.007130058408853,-2.8183504125710535,0.452904832217109,0.2029324449478239,0.5909090909090909,True,5
-0.10844176987566256,0.97507375214752168,0.1935757227009296,-0.99387764892862218,-0.10219775724406377,-0.041986156937707707,-0.02115659486657152,-0.19694363733626108,0.9801865139892586,12.685489873588281,9.6098483076935484,-2.5973950885736241,,0.5140022601553871,0.5,False,5
-0.026287775909568517,0.99952238511865821,-0.016246676104308425,-0.99922118924366499,-0.025794485944747342,0.029860667462787628,0.02942733090521913,0.017018993552975557,0.99942202600014785,-0.69226378765346941,25.721074064602718,-3.5879769502355434,,0.0916019319588095,0.1666666666666667,False,1
0.092887879363135806,0.99558896532128927,-0.013208103493886215,-0.9951948626702638,0.09324736119943712,0.029868293289998592,0.030968164009756449,0.010370234318828567,0.99946657325697408,15.305007859647358,-4.2283481432585281,-1.9837602879641827,0.3740471174146864,0.4144264047875665,0.8902439024390244,True,5
0.98804448384295118,-0.11275010100623398,-0.10514519803871977,0.12817313114388804,0.97974987466149555,0.15382402788107347,0.085672319918916925,-0.16546177148776584,0.98248799268787124,-4.7946863581307477,18.161209150234619,-3.5806265919873144,,0.1959543413438096,0.103448275862069,False,5
-0.0011656071102505968,0.99902918569208576,-0.044037796214995678,-0.99949088748748249,0.00024023099440444087,0.031904672362450884,0.031884278093608186,0.044052564334874769,0.99852028741832433,15.760656853133732,12.415945033275491,-2.6219227993339391,,0.3954262924881938,0.8888888888888888,False,1
-0.21413914484216254,0.96675036245119206,0.13977898034668224,-0.97656435505896366,-0.21504759042810792,-0.0087518157737420943,0.021598311844680654,-0.13837727613866241,0.99014405132480932,0.6851359573484137,-23.43652898199047,-1.5085838630164452,,0.3429726569706796,0.2888888888888889,False,5
-0.76206184923777021,-0.59556181997854496,-0.25410205925996321,0.63533255944215683,-0.76348650331439505,-0.11593488762851917,-0.1249571000343275,-0.2497888665265173,0.96020375197684482,12.316196150809992,-8.4889352732592709,-1.8464966061587087,,0.4122257859670968,0.4583333333333333,False,3
0.73844772879922038,0.65867560538452719,0.14436550385254432,-0.6716518713385613,0.69948766074615121,0.24413270201119247,0.059822366709126856,-0.27724260014507757,0.9589357773626529,8.3317224369271834,5.3863811728540547,-2.5452372162057646,,0.6998091467823576,0.7614678899082569,False,4
0.18894463957864585,0.98052414584249248,-0.053594053721911623,-0.98138863198280657,0.1904540847606189,0.024568162587214011,0.03429688308596561,0.047954572439409135,0.99826052851584912,5.9117389765023729,4.7404773058438625,-2.6313742867949443,0.348433576356977,0.3911193092776256,0.2061191626409018,True,5
0.51510079946138432,0.85708931834905233,0.0083106417441621422,-0.83498108038922603,0.49957690685954848,0.23071521303262094,0.19359173997431903,-0.125780819303275,0.97298582914095577,-14.318688126199678,-16.296710966597416,-2.7467994021282824,,0.4250402893827752,0.1481481481481481,False,4
-0.95024204094597609,-0.22252209600098175,-0.21799995506916303,0.28554724487458999,-0.90191799266023132,-0.32404738150503692,-0.12451037933986948,-0.3701727317173294,0.92058096554815494,-1.8575219616851377,-18.115643720850866,-1.8594737432854762,,0.3298993351165743,0.1111111111111111,False,4
-0.56683837113152513,0.8232406688424635,0.031129763519406078,-0.8220571649843833,-0.56273834444967075,-0.086876770105037554,-0.054002578742123691,-0.074835532000904731,0.99573257686958505,9.3142622268344759,-7.6133785837899195,-2.0336882336591353,0.329794043273182,0.3915613782243247,0.3333333333333333,True,4
0.52517820541960014,0.85050707166834005,-0.028732796494477388,-0.84704885269689789,0.52569319169424522,0.07845323034258192,0.081829662697074174,-0.016863844415267171,0.99650364628255161,7.0932253504486038,17.438295515027178,-3.01052337821092,0.5218255612118159,0.4789545286475422,0.6,True,5
0.018879994824061073,0.99648189272344423,0.081654046254584042,-0.9993332715284492,0.016255140302316107,0.032692244187251897,0.031249931386969708,-0.082216834578171083,0.99612440683895276,4.836640703719409,18.348827826464547,-3.1209967238532399,,0.1863978038350224,0.45,False,4
-0.84657871134663309,-0.48193768307905993,-0.22592156852115777,0.51077947756053199,-0.85496913933196728,-0.090178135337474735,-0.14969572738612996,-0.1917389903445347,0.9699625501966529,12.22989137534481,-0.02126602403320485,-2.2911457617975137,,0.3755743292351711,0.4313725490196079,False,4
0.9105793029542455,-0.40150323591136639,-0.098185969384956703,0.40909597647427398,0.90937623609168283,0.075334874157231502,0.059040791525201045,-0.10876586221984962,0.99231253753626047,16.367771249544141,6.2593419130926318,-2.4375676881068347,,0.1981725522346007,0.5217391304347826,True,3
-0.79349300719617832,0.59626376295109818,0.12181285860763244,-0.60726194060972605,-0.76258923856987004,-0.2229138593814573,-0.040022281515125893,-0.25085290153558742,0.96719751797319109,-13.522505765265974,-11.919096883024029,-2.8025871514780012,,0.3540573165824225,0.1612903225806452,False,5
-0.978558876293529,0.18756828714164023,-0.085092087093319807,-0.18312613560669189,-0.98141359933346783,-0.057377395384311976,-0.094272711241935925,-0.040564574471814142,0.99471964452956085,-1.3716839088162558,22.145263936865948,-3.5382057975514174,,0.144729981702885,0.3333333333333333,False,3
0.99212876927478488,0.081218454895190348,-0.095310375939553507,-0.076499125546480737,0.99570375200810568,0.052172042586093509,0.099138231615885086,-0.044470223986610435,0.99407947881980563,10.754549726370401,23.744161419607373,-3.0839519180044066,,0.4059900180859419,0.8333333333333334,True,1
-0.96008976029092452,0.26642635921262259,-0.085115493896358391,-0.25731237090307624,-0.96065370234542635,-0.10456963206525377,-0.10962662069384532,-0.07849496344818141,0.99086858096748454,11.697746145495154,12.254360147712422,-2.765050980951155,,0.1795325421622944,0.3809523809523809,False,4
-0.45691852080180245,0.88891043951444071,-0.032614350683988463,-0.88867168560090626,-0.45777179666674178,-0.026601078695215094,-0.038575906464250395,0.016828924467969048,0.99911395082929089,0.83103463812383427,31.585821227148433,-3.6344300835875694,,0.2041672600616882,0.2272727272727273,False,2
-0.76378770235392912,0.64175193148594512,-0.069157820721634053,-0.64347974363130289,-0.7654546087301245,0.0036140711124885011,-0.050617835484139381,0.047262039819207971,0.99759918520567636,4.5408433230950145,9.1603612977670306,-2.8446383126792414,0.4397895723636369,0.4380581236581125,0.7784911717495987,True,5
-0.34032943884138378,0.9222479401956809,0.18339740964019235,-0.93202746270108028,-0.35667904583437043,0.06406923625008816,0.12450173424051325,-0.14912677515291062,0.98094878719716949,8.0661969795847721,29.948831568046597,-3.2153935043649922,,0.3784084593073938,0.2692307692307692,False,2
0.66928369610946703,-0.69025630797130233,-0.27496465850701257,0.74184840509833083,0.64145571796542988,0.19543670520789844,0.041476233858855273,-0.33478469378883285,0.9413813949880272,9.8021058383167485,11.680096737064508,-2.7565697313821031,,0.2409205002596212,0.3,False,1
0.90934723848621923,-0.31882204632821665,-0.26728281394914899,0.40965781781858057,0.79825335271235043,0.44155640317360434,0.072581486328163886,-0.51102259016464302,0.85649742567261344,-7.5778986804673538,-5.1244923787537076,-2.533389114237377,,0.4992063356511365,0.2121212121212121,False,2
0.98334094644610093,0.039718068276915965,-0.17737829093447738,0.0037658082252178138,0.97117459978543064,0.23833949613947458,0.18173167508966828,-0.23503695833625393,0.95484617948921202,-9.4360649958076284,-8.91865837430616,-2.589326117990483,,0.3668989497699282,0.1530612244897959,False,5
-0.19419268100416492,0.97907727032589154,-0.060802149432531989,-0.98090444749588779,-0.19312810425767679,0.022978255560939933,0.010754883876758936,0.064103307847857963,0.99788531324785057,5.5891527732562842,-3.6329876732908133,-2.2791626506218021,0.388807085310286,0.3708141867275334,0.9145299145299145,True,2
-0.52895259265995143,0.84672107035437316,-0.057206500821666645,-0.84822231912185386,-0.52962587147657025,0.0039158148866763956,-0.026982439879644118,0.050595111232484252,0.99835468780264336,3.9368962503995366,-12.485667521127469,-1.8236446357703058,0.3034563198414205,0.2400560900163512,0.6724137931034483,True,5
-0.0026508522493882262,0.999994732946478,-0.0018727150492690858,-0.99936663392793168,-0.0025827210580738245,0.035491696824660982,0.035486673187400675,0.0019656121794564829,0.99936821662230824,13.83883578519287,4.7938386660838317,-2.3684305392044185,0.3329520760786196,0.2948364596493355,0.77,True,5
0.59373807227041409,0.80438449510737586,-0.020992512176136166,-0.80033017083759717,0.59304567650259543,0.088138772561469181,0.083346980651226837,-0.035530404056689766,0.99588697712335472,9.876595735833563,5.4261099498892298,-2.5126593993690216,,0.3148980438021224,0.9112903225806451,False,2
-0.8064858758123219,-0.46564470621099302,-0.36435633615035451,0.58319767352010499,-0.72787735780375007,-0.3606591543235374,-0.097267701298886317,-0.50335828151954554,0.85858571774152004,-3.9029437984210515,1.3531570879606116,-2.844625298154392,,0.5467258204627568,0.19921875,False,1
0.91421981146815245,0.39655944716673841,-0.083323113131641202,-0.38896500188858085,0.91645031275886235,0.093941745512851477,0.11361497975598937,-0.053473630015136935,0.99208477826648067,-1.074008104834437,23.643698298621612,-3.5820815274084099,,0.1753593237416876,0.3076923076923077,False,3
0.88065831523430038,0.47315786890991329,0.023718408405966326,-0.45698769270229966,0.83522937664063102,0.30586620786731433,0.1249126916182319,-0.28020264003954676,0.95177901846361179,-10.00040741230406,1.927181381007786,-3.0444005937254426,,0.476479959818604,0.1,False,4
0.60953509022056074,-0.68494226407349379,-0.39915043364086256,0.79120214117222698,0.55714293281812843,0.25217240970276222,0.049660301995619223,-0.46951661024578278,0.88152595373534715,-1.4280036841882833,14.648414931195488,-3.2345130299449165,,0.3591703261605265,0.2272727272727273,False,3
0.15980169190947338,0.98664768337541364,0.031460580935516999,-0.98599307291731275,0.15799151063521216,0.053444763319520375,0.04776064721028838,-0.039560478474534852,0.99807509192491195,10.09283862884973,8.344687575669731,-2.6608144062532078,0.3523186821368261,0.3363371379104947,0.553072625698324,True,4
-0.17845455825184478,-0.96812613088591382,-0.17574346455845699,0.9827346333719158,-0.18423642964339285,0.017017002192557511,-0.048852952935368066,-0.16967242760132195,0.98428890895984855,-7.7319565339644587,-3.4695166195495362,-2.617118670401303,,0.7081581629627277,0.5769230769230769,False,1
0.44013362944868245,-0.75857073890392435,-0.48047145836884636,0.89782006985165363,0.38023641691958604,0.22212471591367011,0.014195435882841195,-0.5291414757197842,0.84841486801752097,3.988528919670276,1.5426251912701903,-2.5155395365089448,,0.6566275672874223,0.1441860465116279,False,2
0.51418016090916829,0.85675752323774867,-0.039815932777473036,-0.85264977899488559,0.51563362536202806,0.084322706170904427,0.092774546656907736,-0.0094080163440645598,0.99564269329969735,-1.7782523670061514,19.800161156418607,-3.4745123734104619,,0.1269205497291042,0.1428571428571428,False,2
-0.12383191387506366,0.9594831844480628,0.25309617908503385,-0.99210777164471153,-0.12477456484888186,-0.012388599958711131,0.01969331227101245,-0.25263279028696362,0.9673617972215045,-7.2294039905238714,17.856783211573514,-3.7025719644737394,,0.2282135305540729,0.2727272727272727,False,1
-0.99157404167763807,-0.070411299281233214,-0.10873439568325913,0.088138680646580064,-0.98184577667585549,-0.16795964931395913,-0.094934150045993079,-0.17612813448542672,0.97977874410385624,-12.824079785855494,7.0369227873184776,-3.6164616965333125,0.2920551800586517,0.2940682969586995,0.6363636363636364,True,4
0.58653555898059173,-0.69597772548800974,-0.41423549301799478,0.79201172958282173,0.59983830490879775,0.1136284654801243,0.16939143500942427,-0.39472650479626653,0.9030490175825292,15.476505529369172,-0.12909572157428223,-2.2019915536917658,,0.3708849081236372,0.2222222222222222,False,2
-0.95550358915198097,-0.27273124756716816,-0.11238575407113879,0.27728488789674205,-0.96041392561643879,-0.026798925838789352,-0.10062793877335302,-0.056769341043187524,0.99330320640565173,-11.984944010600742,1.747964635511049,-3.1658182144540898,,0.07988969180853721,0.4,False,3
-0.085642830439833728,-0.96897730771272428,-0.23183675880251331,0.99300747430790759,-0.10199033842332922,0.059448522579837126,-0.081249378846145734,-0.22512429457101166,0.97093645025357866,9.9277830510145311,-5.5907324846861979,-2.1304795433556705,,0.2392792891304633,0.12,False,2
0.99427157244437181,0.083559804571616575,-0.066646825047786767,-0.042714809051681492,0.88223152932609572,0.46887415555841594,0.097976963193780603,-0.46334143751977613,0.88074697101973221,-9.0803236420259168,5.5789544936742219,-3.2344246554871083,,0.499492392177416,0.1111111111111111,False,2
-0.96088686173898386,-0.25208966007502265,-0.11466142429199069,0.27414831584181698,-0.92449182665505047,-0.26487273051242055,-0.039231872992552985,-0.28594696314398838,0.95744200576861505,-7.4950827177669925,6.1224840367083342,-3.1883125138582269,,0.4954048661676392,0.2068965517241379,False,2
0.97539495917147645,0.2192057486215831,-0.023526865369753992,-0.19942167537694519,0.92275627375559155,0.32977546093448118,0.093998239412914186,-0.31696955534553872,0.94376619560743191,-11.659383199290106,-7.2859617459936041,-2.809815772469257,,0.3592936520770041,0.3333333333333333,False,3
-0.89904724650910073,0.43408359249041267,0.05731913533037522,-0.43333636647368579,-0.8633670074977009,-0.25848985252007323,-0.062718753461688564,-0.25723305599219359,0.9643119375332494,-17.910241883195965,-26.17516771267838,-2.6883741097187515,,0.2639599384429229,0.3333333333333333,False,3
0.39125588465797689,0.91966792054005397,0.033611733814808586,-0.91780217096235917,0.38726188365164654,0.087563739340892885,0.067513018724429719,-0.065108750564821835,0.9955917049185391,17.025390623672557,8.9333976926881498,-2.4746596807904142,,0.1063180931608283,0.3,False,1
0.84342764372647649,-0.46883106169252281,-0.26234947186961644,0.52791942040626039,0.81383388703345882,0.24284869749276125,0.099653877776647373,-0.34332468584165976,0.93391502008255745,-5.8353515521400716,10.777153467230896,-3.3075445920874902,,0.3152479571550117,0.4,False,2
-0.58364277334432146,0.80834741528575338,0.077042646137005719,-0.81140276407525169,-0.57690475397898255,-0.093842736999155768,-0.031411265081049182,-0.11728325130764686,0.99260161766376176,6.3088335817043584,15.435860934387611,-2.9990347072156305,,0.3715562327257826,0.3333333333333333,False,2
0.97779380321216347,0.19184261153787976,-0.084354554104790716,-0.18398277217448769,0.97853882042539941,0.092801489554089955,0.10034748598187435,-0.07522093670510531,0.99210493030642855,-7.2835925188315827,-9.0914996688312968,-2.4683295613324363,,0.0979448399027012,0.2222222222222222,False,3
0.85178897738265535,0.51053868900115829,0.11749802144032377,-0.51392784100891797,0.77079219049897263,0.37650706939141271,0.10165486828147743,-0.38109007609589657,0.91893233790954465,-10.267646919377066,3.7357894880605258,-3.1500778869010104,,0.2513593029189156,0.1875,False,2
-0.86726470782488752,-0.44275443061510017,-0.22764103481602416,0.48657910980895075,-0.85056753073055547,-0.19943832521472565,-0.10532187075313899,-0.28373119292320342,0.95310225773703572,1.9902962146462728,-11.910430209209892,-1.9376788402357408,,0.6892433599954075,0.4791666666666667,False,2
0.86185445402198957,0.50142748505573409,0.076009060730550693,-0.49034493463110196,0.78560689805336326,0.37733757673016566,0.12949418969235438,-0.36248072909005069,0.92295123157958159,12.198374633566248,6.7132367118302332,-2.5306797622556001,,0.5975552828983349,0.1515151515151515,False,2
0.26093383164158679,0.95252324372564934,0.15688532648787626,-0.96371461198174879,0.24755206750310979,0.099860505345224421,0.056282165538541554,-0.17724966583128821,0.98255527773504381,-13.02680012240037,-2.6407353542803333,-3.071965513822684,,0.6482804330579445,0.5,False,1
-0.54085678011834859,0.84076517322680866,-0.024245966446135921,-0.83895478417190472,-0.54130820553890235,-0.056038350540742007,-0.060239634088245848,-0.0099674522897518492,0.99813417754316314,-5.6145432171419385,-1.0377553743749623,-2.7086541735681209,0.3035173014928766,0.3104052681661746,0.2997118155619596,True,3
-0.40781239400664793,-0.86735941385135051,-0.28526601356980363,0.91046306836554491,-0.40986666929824617,-0.055374313004846208,-0.068891599175539123,-0.28230650116815048,0.95684742094089037,12.280771315659628,11.03490451215441,-2.6614063694391445,,0.7562104814768222,0.1290322580645161,False,1
0.97438037019854973,0.22282531565370181,-0.03052495496421094,-0.19908894806348243,0.917685832934789,0.34382597747953914,0.10462545068344961,-0.32894010204688129,0.93853711931637207,8.7096654870953039,26.671590534655461,-3.232321369703945,,0.4270147216063645,0.4117647058823529,False,2
0.97859534564134476,-0.022398623295255077,-0.20457138402908087,0.064503552791175311,0.97735179734331579,0.20155087672125382,0.19542374770332419,-0.21043233093863511,0.95787671071454716,2.8961419609569545,-4.6802774220641581,-2.2411906934548744,,0.4273351298523709,0.6947368421052632,False,2
-0.078719556191542847,-0.88231207058286287,-0.46403517277981021,0.99606901294197336,-0.088578876398544878,-0.00055146420971424054,-0.040617150685514899,-0.46225446753898769,0.88581660309029986,5.1260759368363562,-10.302322563797553,-1.8783332269872282,,0.461065946427609,0.1666666666666667,False,2
-0.90087585346633514,-0.41719356781791117,-0.11988420918814104,0.42208910866639321,-0.90638304075357867,-0.017622933340063929,-0.10130883962672681,-0.066477894112708241,0.99263145658790608,-5.8072623729470507,20.199839048691551,-3.7018311254358469,,0.07338394312771637,0.6666666666666666,False,1
-0.95513602229073991,0.29596678109237395,-0.010901532573095854,-0.28400804623950798,-0.9257400792283077,-0.24968927766643223,-0.083991717412141606,-0.23539110051186274,0.96826464419908143,11.386436461168353,-5.4325310362526089,-2.0730276107831225,,0.6243178368470201,0.1219512195121951,False,1
0.99208665450233469,0.10064002760181864,-0.075070998412635884,-0.077026907280544732,0.96003204036141487,0.26908239822458296,0.099151023762536955,-0.2611705694059035,0.96018696521200331,16.277721795503531,-15.695787312696877,-1.1832733229434855,,0.4131292014848254,0.1875,False,1
-0.15299765609085242,0.98816694558114671,-0.010853796180761086,-0.98808506067789825,-0.15278067435600018,0.018600494845064059,0.016722143877525561,0.013570305971277632,0.999768081456888,23.131430072123667,-12.080378626232525,-1.0761136605816111,,0.406366282616505,0.896551724137931,False,1
-0.063635708918108325,-0.96940161974183869,-0.2370885830072591,0.99736621655072177,-0.070060774135309103,0.018764807775762105,-0.034801244716100091,-0.23527003117579895,0.97130679282951071,21.058493182319037,-3.3963122109782433,-1.6627592171191807,,0.3293494576943352,0.3043478260869565,False,2
-0.7032388234818292,-0.69960246797230785,-0.12653672966751678,0.70498017028046367,-0.70921988039628114,0.0031813145105626592,-0.091968019763518469,-0.08696866135420514,0.99195682127955376,-4.0976158517688477,10.8148153922482,-3.2096984793091061,0.578766249946046,0.5718988940082169,0.9375,True,2
0.90389834878477326,0.4272196470855012,-0.021240249723171789,-0.4161106437220487,0.8897270604114077,0.18771704811470921,0.099094435996099836,-0.16083883584451117,0.98199346313445479,6.1588112538641333,-8.4110187449523544,-2.0169881234705169,,0.2811350751787031,0.1875,False,2
0.39265438756956555,-0.90627657840954201,-0.15647777908911825,0.91967554196819312,0.3861093661752148,0.071529398552517998,-0.0044078824712637556,-0.1719951184716223,0.98508794013227718,6.2681373857261269,11.698921818404441,-2.829742205086843,,0.1256810265184795,0.2647058823529412,False,2
-0.6908833396362758,0.71804522656577774,0.08420964089180677,-0.72161208234669216,-0.67776960906198502,-0.14108281129618527,-0.044229103815216213,-0.15823845815118684,0.98640984217395056,-12.91750161071108,8.7218790903943422,-3.7189939731050781,,0.2702579494988684,0.3333333333333333,False,1
-0.49262525860354545,0.82192725117511289,0.28592997107948165,-0.87000807847408046,-0.45754042427995384,-0.18369187118530533,-0.020156834464489976,-0.33925264026303925,0.94047931827283071,8.2371672983865576,10.87589186020862,-2.7455049732330141,,0.6365457898982159,0.3148148148148148,False,1
-0.81222856587839742,-0.54741407615793558,-0.20155045520979847,0.57512179765171134,-0.80925978960617329,-0.11972264110199599,-0.097568820004072743,-0.21315820920322814,0.97213368587467797,9.5566725111116479,6.9732995195644865,-2.6089589884404498,,0.3815812515464547,0.3428571428571429,False,1
0.6365960971933472,-0.66396076328629239,-0.39230283436967761,0.77029094523897057,0.57208831248211922,0.28172117848009776,0.037380057798941636,-0.4815299238236867,0.87563215092943136,15.441258416491268,-2.4531964533124522,-2.0928237145031949,,0.6557440815851876,0.3225806451612903,False,1
-0.8807803201831782,0.46596032323271547,0.084303053034169614,-0.46819492705070287,-0.83031619391364619,-0.30227227528958739,-0.070848696967592495,-0.30570573317754507,0.94948642267300198,-10.929037699755817,-13.03893217360649,-2.5732530136291349,,0.2829266285855417,0.2380952380952381,False,1
0.84788617155374568,0.52535368813537009,0.071362051893823497,-0.5207951856508366,0.80008985670938937,0.29770555217136918,0.099304655937388325,-0.28958543394534458,0.95198679704912081,-12.187012411876262,-12.904498171521185,-2.6582535748179654,,0.4059000321890026,0.2972972972972973,False,1
-0.33875464830804847,0.92303339612513624,0.18235854212892935,-0.9408702998909626,-0.33173357265906317,-0.068672524010295527,-0.002892582372380003,-0.19483887294005825,0.98083099795972373,14.776667114072628,2.9449792680434825,-2.2530180705390839,,0.2582995154020257,0.5357142857142857,False,1
0.97836184619470035,0.20630615424152896,-0.015680198741376175,-0.18050372211256574,0.88812456882832225,0.42267381814706384,0.10112617966683121,-0.410697602824241,0.90614622154507407,-1.0449548725770945,16.516911129558014,-3.3210175034736928,,0.1585235865836906,0.2857142857142857,False,1
0.71818308454113178,-0.58949136453853535,-0.36974719500421044,0.69421278422851285,0.64344703903632128,0.3225593250381818,0.047766801156057782,-0.48833988070798268,0.87134522068892484,3.4531238782733849,3.1790452584973896,-2.6355194779170441,,0.2017349097141908,0.2584269662921349,False,1
-0.88304654825631257,0.46128206504435182,0.086299768719452732,-0.46385140677880471,-0.83003200384282871,-0.30965907870750925,-0.071208609324551281,-0.31347364971409936,0.94692323072833462,-11.169879600595314,-5.1960312941328777,-2.8235059744993403,,0.06841620446772056,0.3333333333333333,False,1
-0.64961564272104466,-0.63242708417397353,-0.42194253155534167,0.75521229356755148,-0.60066072785768321,-0.26241395095138842,-0.087486618271386249,-0.48912439441586325,0.8678153135378246,4.0166962173712646,-13.48151259630586,-1.7537306152825551,,0.1802978709663698,0.4285714285714285,False,1
0.76394814966045577,0.64007248447374587,-0.081795105293486506,-0.63826331461027819,0.76818782375503281,0.05007403176506009,0.094885013848696423,0.013952851110560847,0.99539045208039845,7.2701637320513708,28.326345749130525,-3.2666247633493719,,0.4982940230297985,1.0,False,1
