axis_00,axis_01,axis_02,axis_10,axis_11,axis_12,axis_20,axis_21,axis_22,location_x,location_y,location_z,dbh,dbh_approximation,score,reconstructed,number_clusters
-0.97908097553750562,0.10051199973555446,0.17691178945927952,-0.1263185923636698,-0.98188505540725113,-0.14122801135454449,0.15951193235549976,-0.16062090734726364,0.97404151223608271,13.0686146024628,-9.1067230034572244,-0.89046057614810203,,0.3313946183910434,0.2093023255813954,False,3
-0.55320753944798384,-0.83144174855018671,0.051633681504579004,0.81566380792806437,-0.52802980835900937,0.23638331988665912,-0.16927483786492897,0.17288476003441416,0.9702870137302908,9.349495220059616,-13.322115888115745,0.33940652892225626,,0.08600404661467353,0.2352941176470588,False,1
0.24614528285380408,-0.96439645269467966,-0.096705644916609212,0.93524984370340047,0.21014097449830882,0.28486575906848532,-0.2544017090775611,-0.16056230213477143,0.95367684125787411,5.2470545044460808,27.756759095248157,-9.5286449390605501,0.4146637039278679,0.6047153273071737,0.7209302325581395,True,5
-0.65097122598791402,-0.75884502607392423,-0.019765862962620458,0.75241472485176986,-0.6484661374981836,0.11560168832859591,-0.10054125900359198,0.060381246435060945,0.99309896803738573,7.2713168959454748,-18.572910534832907,1.7450906706390217,,0.2053507418473362,0.2857142857142857,False,5
-0.79747603299156955,-0.60076323952977639,0.055816725394079711,0.59609544319360031,-0.7702043843312214,0.22683789136912305,-0.093285579849485836,0.21416987740262028,0.97233176653110143,14.672658759426003,-10.400833859470808,-0.64604923964547212,,0.1735390171206045,0.7333333333333333,False,5
0.95692839210910974,-0.29017718039816787,0.0092334366106446714,0.25032003939366276,0.84076534453156737,0.48005573979765048,-0.14706437452159787,-0.45706765299119945,0.87718939251206585,-13.653193547232336,0.69350515026934645,-2.6540481344572413,,0.3823720797917337,0.25,False,5
0.81049618325487305,0.54480056522547438,0.2151471149220619,-0.57962575790055704,0.69301919193992267,0.42867047995067442,0.084438840041109825,-0.47214059742087466,0.87746985051315085,-11.221313110193883,-14.657673053173671,1.0645379485823865,,0.3775957508814556,0.2631578947368421,False,1
0.54918208061017459,-0.83506014441500842,0.032765798422492776,0.79716441439520391,0.53522281232072111,0.27940192839965983,-0.25085441745887244,-0.12732280385336256,0.95961500866768812,-9.327093373336437,-6.4334516287177559,-0.9791624669029001,0.342401689694623,0.2945882471703248,0.6153846153846154,True,5
-0.37294100896119459,-0.92648722927238902,0.050362861616249872,0.90463366597725381,-0.35100397442862719,0.24173154596755056,-0.20628362566030445,0.13571154678390088,0.96903531507059149,-2.1739499779988884,-12.428057211338752,0.43593476812350163,0.5560421185239409,0.5054314198166426,0.82,True,5
-0.15700845352865261,-0.95482864227556552,-0.25229072398869584,0.95740372948354002,-0.20984222955442233,0.19835407096058627,-0.2423353962828152,-0.21040081412824557,0.94710350707967605,0.31039981238431591,-12.820794263146295,0.39455012588686739,,0.3406658369735645,0.3076923076923077,False,3
-0.98107251103725024,-0.051299306312945221,0.18672201064382876,0.064622933657281695,-0.99572619512650273,0.065978941977145156,0.1825393232500605,0.076796650387289361,0.98019471022685145,6.8501490764199291,-12.766185818191985,0.2948378738644426,,0.2306532634874292,0.1265822784810127,False,3
0.71750319180478594,-0.69185164686906897,-0.080811314025334674,0.65829602813514576,0.63559394365286992,0.40331957320874434,-0.22767412916586705,-0.34258084814587786,0.91148387445539292,7.0521822279281237,-7.5813908049263556,-0.86948608031082752,,0.1278052890020616,0.3333333333333333,False,2
0.98542853006767661,-0.15234087108106878,0.075649660454748163,0.11539053888397613,0.92552211330224798,0.36068523857319928,-0.12496253704500032,-0.34670026937803389,0.92961459086466314,7.2964865164254551,-3.6893151029503062,-1.8643613331039577,0.6232707441695321,0.5564200815596239,0.8416030534351145,True,5
-0.8351260344849224,0.496660316096113,0.23641708259091002,-0.50052180968438198,-0.86440010178111337,0.047857936343640967,0.22812808804651685,-0.078364497421407581,0.97047234941966831,-7.5834796868821712,14.562150160169011,-5.9023514508972825,,0.4181284869170662,0.2941176470588235,False,5
0.34383777744400718,0.91873285915470848,0.19417908309542789,-0.91180492819523651,0.27722138584060629,0.30291925681853638,0.22447128039294045,-0.28120852892831927,0.93302433383954431,6.8288493197321474,29.068537655275811,-9.9270712852135912,,0.3109619584627729,0.7241379310344828,False,5
0.69890124206951454,-0.71123748289992783,-0.075354474000320318,0.69284244815333562,0.64712022251563339,0.31812695523675744,-0.17750041090257349,-0.27454810239645144,0.94504864615527873,-10.087814595171494,10.930628984173733,-5.0455285074218637,0.232731636061361,0.2559993103593232,0.25,True,3
-0.81450896052777022,-0.57762180769387372,0.054112849642519376,0.57494269140761267,-0.79120754159794504,0.20840232176131768,-0.077563231088855614,0.20085734588259022,0.97654506899992044,-11.59202142474614,-1.8632920162145383,-1.9717547111967886,0.2970088800099343,0.3034502715850308,0.7006802721088435,True,5
0.3518064907783266,-0.93606616687003374,0.003510596456511611,0.88852251814489291,0.33511333024804718,0.31341153558782958,-0.29455038244024961,-0.10714096850087078,0.94961091246520413,8.3502626506132138,-20.940946575816863,2.2464792176119515,0.2365607258912395,0.2700314995840046,0.4583333333333333,True,5
-0.63559629264989337,-0.77194539045512534,-0.010847438628275356,0.75799132980617423,-0.62665027703800991,0.18099329884515564,-0.14651449316834647,0.10681640530961789,0.98342450592221498,-4.2955273676759793,-19.150463931884321,2.1114142206668247,0.357244274274264,0.3416598424045178,0.5609756097560976,True,5
0.7167868068927159,-0.69530217195783328,0.052645637381116765,0.65751899189697183,0.69910667968075102,0.28092459080782872,-0.23213239489423823,-0.16674753400418094,0.95828482777522372,-8.5572742162411366,4.0274317664636925,-3.417537502139214,0.4422487637832861,0.4577932679907237,0.7838479809976246,True,5
-0.86331562625986258,0.49077591297414336,0.11758032445922886,-0.46940364745026963,-0.86645722958091076,0.17003554060065224,0.1853276698605052,0.091601706050538259,0.97839806941382834,-0.92072044398840336,-26.448425328328817,4.0312787695315171,,0.4733324392005589,0.7619047619047619,False,3
0.35939952752122961,-0.93114985796952898,0.061578580860891602,0.89320946324818895,0.36236091658489017,0.26621686816510931,-0.27020146998378403,-0.040675645478379638,0.96194420705336026,-10.41214724986496,6.7087109648082439,-4.0782247647778762,0.3201542962821262,0.2834335378979748,0.8031496062992126,True,5
-0.21176127780098483,-0.97416355276429345,-0.078501806920250244,0.95231831302957781,-0.22372960574187756,0.20744853381762846,-0.21965197903181716,-0.030829141736904597,0.97509105837720222,5.7952187668534982,19.67958355748992,-7.4497012398638187,0.6559649116851415,0.5691488365770926,0.7904761904761904,True,5
0.37734610040767691,-0.92186070101654816,-0.088220000160954895,0.89009613236042651,0.33474310377861416,0.30931525929005027,-0.25561454509501308,-0.19524318782979197,0.9468586493991229,-11.927410469558493,-5.6433217486718279,-1.0722838340914411,,0.2199857208988775,0.2105263157894737,False,5
0.51567335621266386,-0.83749693885894949,-0.18077573701759708,0.82457222128615404,0.42780115999465873,0.37022536297563641,-0.23272653818502165,-0.33997800650793991,0.911182371161395,-7.1599231581103329,6.3760424674612217,-4.0318812376888067,,0.2657103211997058,0.4761904761904762,False,5
0.27520229895908027,-0.93235666275307061,-0.23446694450944278,0.92771659955193042,0.19356685741583046,0.31917672632252297,-0.25220151776593291,-0.30535704532582286,0.91823279690198556,-7.9730383750873326,-9.9366391907424472,-0.25928934095648332,,0.2250916497987298,0.2972972972972973,False,4
0.70686814367546025,-0.70394340004401756,-0.069290093024022087,0.66618178459373867,0.62960120391082885,0.39975511742757847,-0.23777985055994744,-0.32873395560620716,0.91399930475858993,10.002288369147092,-28.394084423327552,4.1638585864883932,,0.2717578028591439,0.55,False,1
-0.57390670712419178,-0.81558761724179774,0.073810094971584736,0.81469073921822632,-0.55946953725281601,0.15255437167836278,-0.083126956818636563,0.14768437794149708,0.98553499864901084,-13.663940803494002,-3.8084332836544541,-1.5318006085936424,,0.2744170691372657,0.2105263157894737,False,5
0.94302803151120029,-0.33265287075996158,0.0063402964651437868,0.29851520719814917,0.85436002256374055,0.42539114108821074,-0.14692448010987025,-0.39926309548972877,0.90498739092011837,-18.608373888597153,0.74326648339118917,-2.518787124274553,,0.3487036763918988,0.2222222222222222,False,2
-0.11112077588403478,0.83805083023819238,0.53415632459422091,-0.96063226360203413,-0.22829132868939592,0.1583310562462798,0.25463273020914373,-0.49553392939566382,0.83042657563684141,5.8257389429997266,-7.3134219416325656,-0.92450677385020652,,0.4686013519414697,0.1341463414634146,False,2
0.10320612129608228,-0.99304373064780005,-0.056680204199683351,0.95865098970772411,0.084114145377737218,0.27186962036934864,-0.2652108151252871,-0.082395142869421234,0.96066344989913521,-11.976065556466136,1.1446263706549757,-2.7375512360426608,0.4584322574260928,0.4449243631448359,0.875,True,5
0.95369839105704823,-0.29278345649995763,0.068827512632198717,0.26412400638033334,0.92475356191975977,0.27398788106469124,-0.14386760632192258,-0.24312280295491656,0.95926712365979983,-15.03908353222082,6.382717368294915,-3.885378033201722,0.4390660121810752,0.4681128182513042,0.9076923076923077,True,5
-0.58748481210600134,-0.80919883858549913,0.0076704091583675929,0.79553127141420421,-0.57577316891483887,0.1887200417546199,-0.14829562281765862,0.11697220862087293,0.98200097284242982,7.0991633013278514,18.836334781697687,-7.2976234490230407,0.174332872776412,0.2595355551169863,0.2444444444444444,True,5
0.9882697413121232,0.083531653470035536,0.12784905660751358,-0.14556273166486533,0.7684737519689705,0.62310479350186032,-0.046199670530553821,-0.6344056710049929,0.77161845172311228,-5.489411463860665,9.8297786118649917,-4.802215122128259,,0.147887116737325,0.3928571428571428,False,1
0.99391651622650856,-0.074595553689887573,0.081027539403958349,0.048118593462615988,0.95588704094071353,0.28976639888846051,-0.099068459841366335,-0.28410467847486431,0.95366135075998204,-1.5080450898176538,-4.0389871598103912,-1.6357640442295829,0.527554895577921,0.4168923307368181,0.9438990182328191,True,5
0.32406749175120836,0.89529853550264282,0.30564815248403338,-0.93639050351038167,0.25754831900298458,0.23841494985489084,0.13473338756838921,-0.36346856219700657,0.92181208419546468,-2.0678905318062872,-10.39152360628756,-0.14136366428244559,,0.3634771492101646,0.2537313432835821,False,4
-0.98980549479777735,0.082614618112802005,0.11601684076979241,-0.067532173591378586,-0.98942013733291079,0.12840248194699511,0.12539732053816538,0.11925861274641922,0.98491263332726575,9.5757799922853,-10.650558898516932,-0.29394969146588962,,0.2187848796065204,0.1325301204819277,False,5
-0.62841886838410421,-0.77554146775451527,-0.060209282108437026,0.77524715371825748,-0.63077396981731237,0.033407329325289392,-0.063887217114082753,-0.025683278491652015,0.99762657978591274,7.1841869396642482,-27.935468496675448,4.2246949392214423,,0.4299417330564522,0.5555555555555556,False,4
0.86313126253939831,0.46314334733438017,0.20125273525358728,-0.50020273319657726,0.72944695588911612,0.46658800268199796,0.0692939342931157,-0.50339386007778031,0.86127404019056197,-11.705797607668197,-9.4583326234774496,-0.24099119165659766,,0.299531292536156,0.4375,False,5
-0.75171646890546362,0.64112234983416128,0.15454605436381613,-0.62417890476134896,-0.76730893693915136,0.14709755315514839,0.21289209761572425,0.01411126629442732,0.97697381077301348,0.067266613547044246,-22.614976158965142,3.0062185866763449,0.3401959767472356,0.3287574353504299,0.8947368421052632,True,3
0.99520050687487893,0.047211807719758629,0.085714621435417873,-0.082797153022345762,0.87312981889487296,0.48040498624389938,-0.052159204052388691,-0.48519621244238864,0.87284824159998287,14.903399446683284,1.5327870028094484,-3.509510894387363,,0.2061540191848907,0.4615384615384616,False,3
0.93776359186800518,-0.34243677428018154,0.057762456556154335,0.3112120836068849,0.90248369027953457,0.29777546540387556,-0.1540989447850924,-0.26126661554821223,0.95288680902618439,-3.3691680379058715,-13.071434492925444,0.60306936847385995,,0.3666566873706356,0.3076923076923077,False,3
-0.9275144571658519,-0.36911814552162592,0.058895894551415584,0.3733786167178364,-0.9075611494118998,0.19214881903365175,-0.017473989991147278,0.2002112752190241,0.97959690942191224,7.2026941253030383,-16.593339782304145,1.2300088832934832,0.3193648344550885,0.2483701811509796,0.5714285714285714,True,5
0.81605539113285197,-0.56585492084276967,-0.11773617609311968,0.54469717880769497,0.68482353833886267,0.48406787203446733,-0.19328368271001398,-0.45915675960946306,0.86707351943361255,-13.032734044211299,-0.20422069821409383,-2.4082561762327752,,0.4261457063073156,0.5882352941176471,False,4
-0.96391759797143006,-0.26012302000762255,0.056558631375790147,0.24669548513799847,-0.95272434205027834,-0.17736308995219899,0.10002100746101347,-0.15701064462952252,0.98251893393435707,5.5963930408148439,-9.3596145909324413,-0.47539039637684744,0.5461507141427681,0.4022380306562914,0.4222222222222222,True,3
0.95593725675988905,0.20884598973490276,0.20631847641456258,-0.29354253970071464,0.68978046958681616,0.66184264078604471,-0.0040912741819502732,-0.6932432879936451,0.72069203209646204,9.338397601743246,1.1048904247890474,-3.0645657289903903,,0.5449777769652622,0.25,False,1
0.21400181949015704,0.91690419689143776,0.33688264273745139,-0.94577816226791633,0.1082186159599678,0.30625544719536268,0.24434993151630893,-0.38415546967676512,0.89034694702986361,7.9719512141129529,15.940537452550657,-6.6607065552521103,,0.4145089437992421,0.1355932203389831,False,5
-0.91125018398384561,0.39645295442263606,0.11157130956913346,-0.37218635318702414,-0.9086905094060137,0.1891001761415993,0.17635311364064982,0.13079225147157378,0.9755987731973863,-8.9246230304345673,15.245388208802005,-6.0376887519114719,,0.3159811069914345,0.2333333333333333,True,5
-0.92096374369221057,-0.38953580879431898,0.0093614353270671385,0.38802383101305971,-0.91466796838297926,0.11322550145660934,-0.035542782254285553,0.10790904170229652,0.99352521324247978,-3.6738164441741907,-0.040119165260333101,-2.536987601213295,0.5651356288554237,0.4774180142097934,0.9393939393939394,True,5
-0.53186321026341865,0.82638378544908353,0.18496314420752272,-0.80320922281455276,-0.56148327570993251,0.19897606761539358,0.26828430806503029,-0.042736053220746029,0.96239137558541166,6.8107396912731337,-11.563978071258681,0.041620205629530144,,0.135445679798895,0.3,False,5
0.41931186137401866,-0.84544959879628712,-0.33074542900280862,0.86779423082907203,0.26625405730183388,0.41957353337655839,-0.26666596305271861,-0.46295113442512259,0.84531976865778846,-4.9094048105113259,-2.7485295605261069,-1.8506162640871529,,0.528463425948217,0.6086956521739131,False,1
0.96229626403669333,-0.27199714704277256,0.0018580155044143204,0.23044622376354515,0.81888444333075339,0.5256641574465617,-0.14450065112013988,-0.50541648219213609,0.85069015590541608,11.187022912018891,19.804002902507346,-7.8865712503285748,,0.3986366218821475,0.1739130434782609,False,4
-0.17057252806852191,0.92459930831248105,0.34061874836302608,-0.94912081599861986,-0.24704202205864445,0.19529443406121416,0.26471624299696273,-0.28997647905521129,0.91969503221900406,-8.4408266473274871,2.8095583477015493,-3.190717023009642,,0.1599409080669936,0.5,False,2
-0.96482458840130092,-0.25539102739313335,0.062361340134256829,0.26256854327831786,-0.94793331801284786,0.18022259758935788,0.013087157711388506,0.19025731977570107,0.98164702341259302,-5.7494451130115891,16.72158409098197,-6.3892410406965245,,0.2176037569078659,0.3571428571428572,False,1
-0.96198337824581936,0.25687824270334547,0.092744533016244801,-0.24408747091477614,-0.96100530171800369,0.12996198141116752,0.1225123933371173,0.10238348741632829,0.98717188725332006,7.1302947474384046,-15.108266961868935,0.78630658110028806,,0.200019514633254,0.32,False,3
-0.91400062705805896,-0.39077644131041273,-0.10907165834553106,0.40467158289920174,-0.89734036568936015,-0.17612830010631428,-0.029047611456525943,-0.20511957737196823,0.97830577798938467,7.5375335590468051,10.642207523311956,-5.3143934098490453,,0.7024305498217538,0.2236842105263158,False,1
0.91970216785270542,-0.38735912543317907,-0.064037726307846488,0.35141180811064548,0.73941733835009538,0.57425755621294983,-0.17509329960750292,-0.5506495325439813,0.81616629968509113,-14.004713327811563,2.676934170050429,-3.1263710074838391,,0.5168688104214958,0.2258064516129032,False,4
0.44903388273144412,-0.89341258273136837,0.013510335909614035,0.85288126595169678,0.43307254261796518,0.29161913349271684,-0.26638715875161112,-0.11942415939698961,0.95643909989322762,12.32865345262449,-13.333580164224745,0.19202565314655926,,0.1026647780575166,0.35,False,4
-0.80350281064699902,-0.59482137784272315,0.023890620411668628,0.59031937278318547,-0.7909560875606001,0.16097051179546035,-0.076852269968015308,0.14344335471575587,0.98667002213944399,15.935898312309641,-9.9053724271909314,-0.83848275677307638,,0.117239294492845,0.3333333333333333,False,2
-0.95129212401585916,0.28582782692217823,0.11552379903006929,-0.26772070314954444,-0.95172210718611894,0.15016875773051575,0.15286896313675966,0.11192624379544854,0.98188777162124441,7.3120185803141116,-23.421050121441041,3.0384222364832185,,0.1707185983393133,0.5294117647058824,False,1
-0.8300521991461951,-0.55767516185473454,0.0034293647896293036,0.55254312672628969,-0.82154933575888001,0.1405445908659525,-0.075560835093982703,0.11855421866993303,0.990068410482559,-13.676432446620925,-6.3446970091511909,-0.90177583223748536,,0.1572269690581944,0.3571428571428572,False,1
-0.19509607833477924,0.9113060146748605,0.36257256906143936,-0.94569282015885725,-0.27279060997025406,0.17677775033087162,0.26000501940996629,-0.30839362952155702,0.91503593325734678,7.3394091857313324,11.895078118274723,-5.6067919503095478,,0.3670045658487845,0.2558139534883721,False,5
0.99524267385863907,0.036661567570586771,0.090265993563320296,-0.071124329570152148,0.90658697209350669,0.41598244166493792,-0.066583405394305711,-0.42042358579603317,0.90488157160619787,-0.35624935696872839,-31.611998909442988,5.4594331891568411,,0.3331331611522508,0.375,False,1
0.42109917670478619,0.89859300219947003,0.12331301543914101,-0.88490891060415178,0.37718891195618687,0.27324850343722035,0.19902689092663803,-0.22418550598879178,0.95400689493977175,-7.2310703306422273,-4.4713517347256611,-1.459244931032452,0.3971881924573847,0.4068438873427481,0.7819548872180451,True,1
0.042844121040113585,-0.99596927383664324,-0.078800931882887948,0.97041988643673338,0.0227285075459282,0.24035111598004796,-0.2375912988735486,-0.086767623674076366,0.96748217253938895,-7.8110324059887235,-8.4574999003975311,-0.56746360670575713,0.2854448475033959,0.2361181384650334,0.3703703703703703,True,4
0.99626958326744908,-0.039371591623427224,0.076790593363642523,0.002565299585391952,0.90297483122657651,0.42968578450929895,-0.086257386316415871,-0.42788588659170862,0.89970735873476471,6.1977067102460763,7.6632109653422891,-4.5436503972223559,,0.2534850376663402,0.2474226804123711,False,1
0.95798332453242374,-0.28430287427927492,-0.037945033856199913,0.24590416721884428,0.74599430978181436,0.61888902908159682,-0.1476451504866042,-0.60221621154673155,0.78456137050462216,-10.15291355167593,-5.8384435131573547,-1.1156501883318395,,0.3396172486210254,0.1785714285714286,False,1
0.82719298006712572,-0.56078773259244541,-0.035621520201836863,0.52599823370914067,0.75045724269057901,0.400174693138029,-0.19768063097463578,-0.34975855367249481,0.91574631982355914,-8.7753912333554975,-2.2677885537704197,-1.9601781605595618,,0.1800541562897925,0.1739130434782609,False,3
0.23806128265145846,-0.97040912750970632,0.04040978777713268,0.93555673063891087,0.24028960002230221,0.25883298066002725,-0.26088393867498705,-0.023812462429839774,0.96507644110425417,-7.6475037712031622,-1.60933064668936,-2.057823956973138,,0.4158491311844285,0.7668711656441718,False,4
0.5575281043578113,-0.81612642545590242,-0.15198707354165467,0.7891666847808102,0.46422074042423689,0.40213809542498991,-0.25763997454442183,-0.34414642498876019,0.90287589495135179,-3.6747422798473024,10.284635227610064,-4.9711384327674422,,0.7119578400605165,0.1555555555555556,False,1
-0.64484644093007581,0.680808424521127,0.34738013288165281,-0.69213303188959474,-0.71295492572096308,0.11245950407828159,0.32422975462953929,-0.16791415363594733,0.93095644539451561,-6.2051061974810802,-8.8057899197205511,-0.54060090901599411,,0.3785624945397955,0.196969696969697,False,2
-0.68160109063129848,-0.7298278479405117,-0.052642811672113293,0.72003876302700787,-0.68178421073041262,0.12928445280560541,-0.13024643176978321,0.050215559035319171,0.99020920246279753,7.2580724597202915,-29.970465297894666,4.7563274296517148,,0.2511912024606472,0.4,False,2
-0.99517711788298557,-0.063505813086404628,0.074763064051366263,0.072337696553901959,-0.98988330165589555,0.12205862017939828,0.066255276766380336,0.12687813368369533,0.98970307541886116,12.645495867724692,0.81071485069166838,-3.1577941058285668,,0.4903448914612106,0.5957446808510638,False,1
-0.96830318706637752,-0.245994459350351,0.043308935406263779,0.24906625197492488,-0.96399817868098636,0.093131700440310383,0.018839852554057769,0.10096651657192611,0.99471142673997237,7.0644833257099435,-24.466381283152376,3.3015660019837538,,0.2707963729672021,0.4571428571428571,False,3
0.29075894937833957,-0.95677345430190486,-0.0066174390517164464,0.91818828607305802,0.27707488918354373,0.28312502026868952,-0.26905297744983803,-0.088397188457133791,0.95906018184379305,13.867665255473343,-13.482735774124023,0.17583516230782864,,0.08953999398025231,0.25,False,2
0.3941488721513608,-0.87167635104011532,-0.29125076071866046,0.88259569790188497,0.27064144077134661,0.38441910017881947,-0.25626451300734915,-0.40857502318986388,0.87601081602826525,6.7803562567222935,-36.132487258627307,6.4125677864514721,,0.649688275520047,0.1666666666666667,False,2
-0.034970004813772389,-0.99931889650358408,0.011783117337223675,0.96688773727494992,-0.030848052841188953,0.25333081364736054,-0.25279478291818297,0.020251931432958468,0.96730794321280245,10.033914749546673,25.092283892987169,-9.0924825848186419,,0.3704396075647732,0.8378378378378378,False,3
0.86560452436871382,-0.50072716623089342,0.0010546993844036123,0.47830135425529102,0.82745678253693078,0.29418206531191693,-0.1481776700787501,-0.25414086257823532,0.95574881640419707,11.488249368692623,-10.770369933996511,-0.37959658971262339,,0.1421918983817297,0.2,False,2
-0.0099904394471330045,0.919936570419708,0.39193991570657644,-0.96618458130950613,-0.10987713382280452,0.23326887984182385,0.25765780787592474,-0.37635584473648154,0.88992625097435019,7.5868259500899882,-9.432049385214448,-0.53971811789994795,,0.1088111232443519,0.3,False,1
0.69104353528602203,0.62780073548165649,0.35822488588606893,-0.71109206992576379,0.5015853928807219,0.49270697350188175,0.12964143021460675,-0.59521284443246214,0.79304146763869043,5.8615480071590351,-8.1555403719886463,-0.76889695348293485,,0.6958141604797647,0.3771929824561404,False,1
0.83694998585891878,-0.54252534814755027,-0.07197893989310894,0.49812754473507381,0.70068979946284726,0.51078640751778304,-0.22667966460837086,-0.46335736915052417,0.85668913738119856,-2.3499326609435429,-7.2579131320363164,-0.84656889408633873,,0.2019479951834542,0.3333333333333333,False,2
0.98612516967846597,-0.16594617667079017,0.0043607539443884236,0.11854169558191793,0.72233050240221475,0.68131234518972861,-0.11621108439034761,-0.67134232083767154,0.73197983040320758,9.2143152809923752,9.6979798806503297,-5.1230412449913736,,0.7995274803650348,0.3478260869565217,False,1
-0.47886284327779732,0.76706331276630846,0.42697101955036648,-0.83735177580985343,-0.54517670280722175,0.040303427451407053,0.26368993320941941,-0.33822512757662188,0.90336669309853845,-8.5100296240398237,0.8209671932794691,-2.7510634090090202,,0.5891892352949217,0.1621621621621622,False,1
-0.68876702162347658,-0.71920084486316338,-0.091379071302115339,0.71272729916002286,-0.69480121428846076,0.096286393926348052,-0.13273954556191853,0.0011905340786076968,0.99115023869876706,-14.200943532909408,-10.409807471161177,0.0076310887922774939,,0.2287512107910812,0.25,False,2
-0.66436944445432589,-0.74498834273975589,-0.060046735609213316,0.73452361112916054,-0.66566037889792362,0.13180032116520399,-0.1381604356146453,0.043458361075230961,0.98945594388200364,12.017541922263451,-4.8913863004668627,-1.8202895143794597,,0.1495291034986193,0.1818181818181818,False,1
-0.36176734622619833,0.88356196928043906,0.29739306253799219,-0.89280541715454753,-0.42018310671502357,0.16231033217514224,0.26837077766393985,-0.20679555912200659,0.94085744001068949,-13.4929278635349,8.1982232005922437,-4.3706774937255632,,0.2492670547219445,0.25,False,1
0.53746640848577809,0.81568807225188134,0.21396922333692905,-0.82530897826791316,0.45668465502235434,0.33212078564505232,0.17319050245256648,-0.35509448693710105,0.91864735084095506,-17.170669033734328,-1.7629382747375972,-1.8784970431789023,,0.3193554246315756,0.3076923076923077,False,1
-0.23034738259879808,-0.96980902689541482,-0.080065814690496312,0.94518722320169735,-0.242547602782545,0.21861329666949988,-0.23143291992745749,-0.025320184371578007,0.97252130662378888,-4.5991113886678656,-13.113193059612728,0.59607264678676097,,0.1766817608093769,0.3571428571428572,False,1
-0.42071956257284199,-0.83857347929231496,-0.34610629797230996,0.88507235259041317,-0.46314748096957636,0.046274631836533187,-0.19910293907571355,-0.28686047252822555,0.93705340773741141,-1.9193908878212496,11.000191487229747,-5.1650930315917645,,0.7529347007072072,0.2941176470588235,False,1
-0.6086353001835495,-0.74980910709086812,-0.25951757993260555,0.77824891221933601,-0.627856678377124,-0.011163424504417818,-0.15456940835722163,-0.20876372850866737,0.96567385988192644,5.6012206218051084,-35.910292108650083,6.4056286082468832,,0.1979801856638413,0.25,False,1
-0.00070575824349304844,-0.91780214889750611,-0.39703742567221728,0.96646098502819011,-0.10259025140274725,0.2354323782648878,-0.25681251200757699,-0.38355502316648238,0.887092372800103,5.9412662314825129,-4.5622893254066996,-1.6271204552836867,,0.307586662998929,0.1833333333333333,False,1
0.032347092058597336,-0.99772170420984108,0.059203602795461857,0.96524718685405264,0.046553726812421065,0.25715874239506636,-0.25932900706571621,0.048827773536017936,0.96455394593865251,-10.945508677725071,3.0161544125885085,-3.1906513834223191,,0.1506203433453462,0.2592592592592592,False,1
0.2119276924921136,-0.97698030059235008,-0.024416089151384525,0.9398215557670474,0.19688879258948322,0.27923152878616841,-0.26799644861559918,-0.082123660458699066,0.95991333354750807,7.8697971494747092,9.3876666932884003,-5.0071957923242563,,0.07663779255998962,0.4285714285714285,False,1
-0.53201665901071382,0.83779640499489627,0.12270068586892111,-0.80586425939088535,-0.54547025493424361,0.23031499390693072,0.25988664831317521,0.023651316233926495,0.96534944205139783,10.952138299328251,-12.39370738747739,0.057012018253995232,,0.08510785402505579,0.5384615384615384,False,1
0.97228295588457847,-0.22804631948452428,0.051582263094105678,0.19133846297223958,0.90286275411700001,0.38500446726718235,-0.13437055586611285,-0.36446361052624765,0.921472099587613,-6.7233114847382245,-20.497994765737616,2.5479938777354891,,0.1645636976526807,0.4615384615384616,False,1
