axis_00,axis_01,axis_02,axis_10,axis_11,axis_12,axis_20,axis_21,axis_22,location_x,location_y,location_z,dbh,dbh_approximation,score,reconstructed,number_clusters
0.40390001756252669,-0.89756819851192726,-0.17673738945974293,0.90083478685277718,0.35660687767207228,0.24764535447467551,-0.15925282606253013,-0.25923515158448335,0.95259418094699078,-3.3118038084001813,5.8713530647829861,-3.2595778219273428,,0.08884988034953495,0.3442622950819672,False,2
-0.15444517012072811,0.98791249231484757,-0.013251300111566904,-0.97240349324622377,-0.14961939999281848,0.17901251763028037,0.17486605087586835,0.040533229257690213,0.98375755223379258,-0.33992746219255521,13.069042651737828,-5.0795148824459497,0.4485228056969354,0.4003993222770135,0.9875,True,5
-0.16046788884742627,-0.97758824754597551,-0.13627646498510909,0.96693822381282446,-0.18341711438316433,0.1771683760749993,-0.19819315825363198,-0.10334108772091007,0.97470000082595099,-18.102056993176884,2.7347456496330471,-2.7139205057802407,,0.3313021967239473,0.851063829787234,False,5
0.34530833210217338,0.93689057976761292,0.05475579716816472,-0.91862990565899205,0.32548629760780223,0.22400394304234122,0.19204492237434068,-0.12765074074313512,0.97304883545378251,0.99657095556515685,24.063842206745687,-7.8433023145489873,0.5470079300800811,0.3807500897191226,0.875,True,5
0.67588985511734923,-0.71565893011906867,-0.17608293355768262,0.73135557505034543,0.62176778184404258,0.28022107041319821,-0.091060016429977353,-0.31817781381103571,0.94364768436435165,18.645952418569518,-10.36558258038291,0.9340276001119906,,0.3254373596816054,0.375,False,4
0.90054166390941215,0.430113046352673,0.063462421325472002,-0.41910591139116293,0.81997127921070256,0.38986835766261901,0.11565010419472663,-0.37769017544382644,0.91868122043120126,11.141756242489668,3.5055921504747287,-2.6256161053297022,,0.5042473746356025,0.3846153846153846,False,3
0.99267757844821525,-0.11096409317486301,-0.04773044387042872,0.11986664497424228,0.95376542372768858,0.27561477450267791,0.014940303504506097,-0.27931789510774885,0.96008244479511784,3.5032258067307458,-13.731746214113748,1.5484450001293228,,0.4695446207495498,0.3725490196078431,False,5
0.99604921174952277,-0.083600486676543267,-0.02994872953230469,0.088186351641540844,0.9708589950652573,0.22283621582909843,0.010446777364742697,-0.22459690631957324,0.97439575867014516,9.4777989762674331,4.4665987075841702,-2.9124655467318434,0.3012503892179212,0.2911199675874466,0.7076023391812866,True,5
-0.35460100651641513,0.90972717111166557,0.21599675997271653,-0.91536305080892466,-0.38487363867962332,0.11824875248087958,0.19070556203562278,-0.15578432652443863,0.96920721840997648,12.736734208561527,7.4389911120161427,-3.5884950554627149,,0.3266678665978801,0.1666666666666667,False,4
0.99338158872367244,0.11183177008442884,-0.026204472607115548,-0.10082356882267358,0.95827386189976149,0.26748049194208046,0.055023878041203803,-0.26306816759064772,0.96320688953402256,10.175389220368531,-9.0017290206377769,0.30351928081085461,,0.1756435819862061,0.1904761904761905,False,5
-0.64069373957429854,-0.69529950205395508,-0.32568410233510464,0.73573737156826668,-0.67726534481555656,-0.0014740385623334407,-0.21954965759053099,-0.24056237269237851,0.94547749454785757,7.082353534749001,3.0974115528267836,-2.5919395182892555,,0.6931880399453109,0.1976744186046512,False,3
0.73581355849832919,-0.6752313056719329,-0.051391545711363888,0.66938068170968201,0.71374917554238737,0.20613494940558674,-0.10250809765041717,-0.18607739855538483,0.97717311243348981,9.5988160709684518,1.3099194801955982,-2.1755834871866329,0.3857080616321294,0.1813113078679287,0.7898550724637681,True,5
0.92188756399537031,0.38398392174145768,0.051765501975069399,-0.38035103392189046,0.87139476209769107,0.30984554149326748,0.073867518878257224,-0.30533181365975826,0.94937667615231214,-14.888280529255463,-8.0962540138212127,-0.17324872997089744,,0.2413165925168189,0.3703703703703703,False,3
0.57030909047368183,0.81900310712823277,0.063098746717995119,-0.80374921435428315,0.54053262774973809,0.24861954622039498,0.16951324947612176,-0.19250555538026146,0.96654377521133661,14.744192881226487,0.3226527207387434,-1.8712042823280699,,0.2197075287710251,0.24,False,2
0.82333738323535743,0.53851009689699947,0.1792273107178077,-0.5548246192735059,0.6971854217171769,0.45398472396442002,0.11952068948580719,-0.47322231909011392,0.87279748023227666,-3.9426488044426091,8.5831363593897745,-3.9442921504935438,,0.3568552480132347,0.3666666666666666,False,4
0.59649883968525652,0.80205612111799085,0.029918436311155344,-0.79056963507302569,0.58070569613434542,0.19437218570985715,0.13852359493835331,-0.13959539051948261,0.98047148892309322,-17.748812397354346,10.056855598123247,-4.3194954464404223,,0.275960322740119,0.3333333333333333,False,2
0.37356558981518828,0.92757793663939081,-0.0069225404181481338,-0.90871789433974615,0.36744790647543418,0.19802480787405957,0.18622711567537203,-0.067684617799250973,0.98017256332780545,-4.4599200906903924,-16.096170909267492,1.7928737902084477,,0.3332444543134372,0.9285714285714286,False,5
0.18792919637199323,0.97361602960078775,0.12943895880057135,-0.9670211596616336,0.1603480666366538,0.19788525536925983,0.17190896985802342,-0.16235862906013457,0.97164138531253808,8.2619576312726171,21.951619131802328,-7.2111547988891331,0.5340002334225876,0.4594009760205003,1.0,True,5
0.13061181018000451,0.99073364574263045,0.037247795035670953,-0.97389031969704354,0.12117375498815686,0.19197543150742266,0.1856830639608619,-0.061349525634571411,0.98069263047221911,7.778858107063801,-2.8205830333830946,-1.2161440486477966,0.5226542616182241,0.488077734731884,0.992831541218638,True,5
0.40621047340385708,0.88280852360888185,0.23588590873666315,-0.89588242794217077,0.33391589774845476,0.29307822937790018,0.17996590399699633,-0.33037748693630803,0.92653277844024173,-1.2231498223143322,7.2002273453286314,-3.6671550803817867,,0.3598668575505498,0.3544973544973545,False,5
0.93241497763508618,-0.34740664779200703,-0.099553656646467426,0.3599406151054893,0.86810277620047471,0.34181913865450919,-0.032327435395406966,-0.35455068893311859,0.93447779315391277,-6.1730593614714051,6.9465890449574337,-3.5510561577821895,,0.5061907195231832,0.2837837837837838,False,2
0.93716143651276207,0.34874775201587549,-0.010170908376869927,-0.3339723408372629,0.90512879061035301,0.26306719286889368,0.10095007414071841,-0.24313962628932753,0.96472390073993208,-14.786015689950608,11.919708208580323,-4.774209275465493,0.4791253349131864,0.3780082313522128,0.9074074074074074,True,5
0.94239683513605466,-0.33267267107728654,-0.034886946611191613,0.33076496541960698,0.91126405536521493,0.24534131134056816,-0.049827128921046709,-0.24274825502492728,0.96880882629435161,-9.8854575395354392,-6.134914442512903,-0.45957696246337487,,0.1551568666037468,0.2608695652173913,False,3
0.98443598783805042,-0.1535973342965502,-0.085402838046031354,0.17514140468296618,0.81724350017390246,0.54903419728573133,-0.01453527485121096,-0.55544659538114338,0.83142516528217825,-8.6349160119890147,0.95932347883596736,-2.0781817071829325,,0.3445876245278007,0.3333333333333333,False,4
-0.67386235979353037,-0.71434729396788721,-0.1887258955582205,0.72847713406225478,-0.68502085091880871,-0.0082157747605446363,-0.12341225709766158,-0.1430188008872576,0.98199543654277388,-1.7204671838062926,-1.8384274765081647,-1.3511389269508849,,0.2302594126667831,0.1255813953488372,False,2
0.10536848805897921,0.98972306879352989,0.09667330977101718,-0.96785653577992481,0.079741923599533318,0.23852662695961196,0.22836638954156208,-0.11869908474189865,0.9663122266685793,-7.0353936307643838,-9.5668902016281905,0.38895898581285754,,0.2224464661460875,0.6111111111111112,False,5
0.79763358163526388,0.60293141116996185,0.015949384699762259,-0.587759794760778,0.77108480718462225,0.24488087673769682,0.13534804435406736,-0.20469961786396543,0.9694219789832893,13.276985358010778,-10.162130344594852,0.6790649548583344,0.4877912001206073,0.4578136146238642,0.8985507246376812,True,5
0.97840476528760967,0.20626140495500736,-0.013429374091321463,-0.19707510673981468,0.95047654542439453,0.24032423702489947,0.062333919867027077,-0.23248778338677448,0.97059976973514472,-13.182784992622183,0.36272912179260763,-2.0430825225198932,0.3761721189211485,0.3126627099875069,0.7288135593220338,True,5
0.95599514776545191,0.29265781443032418,-0.020607792258721197,-0.28152964090389854,0.9348704201970508,0.21623681169752795,0.082549008119024325,-0.20091963839668839,0.97612343490211828,6.2173064883095472,-6.2763045892429536,-0.39189569162748772,,0.4051841591144011,0.7943548387096774,False,2
0.93185475731694944,0.36281991271611291,-0.0029021031066520254,-0.35014990552660541,0.90135217531956846,0.25487114333794486,0.095088142927911595,-0.23648671629365131,0.96697067075023901,1.0487086701464965,-10.514525922006426,0.70052452845970437,,0.5278660507659872,0.9864864864864865,False,5
0.93273246899808748,-0.34195706876711696,-0.11434817181281337,0.36016219462733579,0.86852374792522413,0.34051386587207061,-0.017127020696910349,-0.35879222735466676,0.93326030814126237,-2.8555854448524616,-12.631663807720878,1.0856381368986598,,0.3547725945738476,0.282051282051282,False,3
0.98233572096247546,0.18557279688571113,-0.02406799487180545,-0.1769014468941629,0.96287770533751305,0.20389311575116423,0.061011551429924628,-0.19603382774404154,0.97869726114469846,14.851998464466229,4.9243934182323743,-2.9164599918797691,0.2791354320274094,0.2549025413447373,0.8214285714285714,True,5
-0.30588451329053812,0.95206862359748434,-2.2140540516975282e-05,-0.9362566161525111,-0.30080014581491343,0.1815015729639203,0.17279529287472187,0.055539249535080056,0.98339065407467674,4.4467175005917126,19.120687883973535,-6.6020290853228332,0.3596099831039059,0.2878553320747169,0.9038461538461539,True,4
-0.73870254539361535,-0.65172748629071786,-0.17195881205153377,0.66478354592506328,-0.74657466397446004,-0.026250870056444026,-0.11127167876999068,-0.1337069733581725,0.98475431391748869,11.10578727398345,-0.013008878069025065,-1.816921123454218,,0.4216186945079641,0.1538461538461539,False,6
0.97609193461111265,0.2154650313559297,-0.02862438558155659,-0.20290594419442429,0.95047414934416463,0.23543166575262162,0.077934029779696865,-0.22399489210978252,0.9714692868593543,-13.56601481648344,-5.8268039250198029,-0.60590479655207008,0.276054193308126,0.2861504912768076,0.5,True,5
0.53921533023916124,0.84204428407330389,0.01443091454300155,-0.82466434164907232,0.52445536302806983,0.21183789982813758,0.17080852217489967,-0.12612690375399802,0.97719826693555645,-4.5169476657060939,6.693979918320947,-3.4998801767084067,0.71824480798851,0.6286002145365011,0.9929328621908127,True,5
0.84346555198561379,-0.52995566844011066,-0.08782284498807269,0.53200357589343716,0.80144490751896669,0.27323662903884305,-0.074418128505084169,-0.27718775171372584,0.95792948198168026,-18.043210655246906,15.014959191176148,-5.5181389958084512,,0.1967124094406647,0.3103448275862069,False,1
0.84556984760754139,0.53304785190626092,0.029523217898479233,-0.525120985282991,0.82048031438032043,0.22596460902051041,0.09622673034235818,-0.20657212128574434,0.97368802759155249,16.066045924974198,-0.57072636594279591,-1.6562814555524026,0.4961048176844139,0.2781687418502777,0.8611111111111112,True,3
0.064711261985906432,0.89740123208985989,0.43644413298358586,-0.9802564290005048,-0.024724037852745309,0.1961786312406005,0.1868416066495118,-0.44052213405895801,0.87808340345822034,-9.89709671337482,6.1078646997358463,-3.3605689479207825,,0.4183011829503749,0.25,False,2
0.25872607586018964,0.96594951020206543,0.0015366881198803223,-0.94795585017629613,0.25360025630956862,0.19252692309455602,0.18558158256282753,-0.051268447802827882,0.98129048832308874,-5.4281655339306347,12.173740573307882,-4.8239657434158154,0.6448283227534081,0.6066679343939947,0.9292929292929293,True,5
0.70632239598401758,-0.70587561277042266,-0.053369394107243881,0.69971719121362941,0.68475699771409881,0.20372458467666638,-0.10725914996634499,-0.18123871931116606,0.97757250440616583,-5.9713817428116895,-4.7368535720824045,-0.6800191707850396,0.5170035207733581,0.4956832902352258,0.9589257503949447,True,5
0.99637714846103909,0.081424976649465478,-0.024546918386676941,-0.072585218875232713,0.96461794981797511,0.25346320618543511,0.044316633733653216,-0.25076320317502682,0.96703353194598018,-10.495122815937155,-1.193521395402295,-1.5478487738123623,0.4483597089282075,0.4126278948890597,0.8044444444444444,True,5
0.96556838350662066,0.25918452822546029,-0.022384751527713527,-0.24903167688419706,0.94576167571129299,0.20860986713003862,0.075239090110506307,-0.19585257997869962,0.97774273008549173,1.2168453557963672,10.101204394399414,-4.3044871781444662,0.4835937982435953,0.4529890031385939,0.9806201550387597,True,5
0.93094530550078036,-0.33702424828797606,-0.14055423946641801,0.36493291529667793,0.84515541482885714,0.39055894832730415,-0.012837659409957118,-0.41488188783241298,0.90978470730689187,-10.802595268662387,-3.810867958546627,-0.99858297397498397,,0.5124332867465983,0.1739130434782609,False,3
0.73869710779781772,-0.6535291833322312,-0.16500360439774106,0.66616265113316175,0.67054314616784327,0.32649534661701962,-0.10273220121449905,-0.3511004068075651,0.93068501608932475,-8.6188862624197213,-4.6871490142701679,-0.7664315499058324,0.8792987936149566,0.80093130506179,0.6451612903225806,True,1
0.79692036487598106,-0.56856265015789831,-0.20409420592305433,0.59762181374632095,0.69274764828802993,0.40366925016151906,-0.088125477476675901,-0.44366339564678198,0.89185015085645247,-9.7374747525308063,5.4664560840297627,-3.2648222404867013,,0.6448788575526279,0.4390243902439024,False,1
0.35859283029465711,0.93328865709049402,0.01958225235998938,-0.91607242753111306,0.34778919298869626,0.19963462815234642,0.17950623827188167,-0.08952630778991362,0.97967471674785245,-12.772872961722607,5.6341076775957193,-3.2682835396312013,0.5628793308480939,0.5311430838564755,0.7411764705882353,True,5
0.75348749559498929,-0.65584866474337267,-0.046033932444729746,0.64992885210970597,0.7324567626338836,0.20273030870407777,-0.099242537136807474,-0.18267353345853363,0.97815198154296212,-3.7977299340959858,-7.3558434638754768,-0.085989828371361862,,0.2325798404825496,0.6301369863013698,False,1
0.8159676636363079,0.57801087585564725,-0.01000995966489248,-0.56331337601284082,0.79887193643414178,0.21090677936704802,0.12990308812696144,-0.16645436783260545,0.9774549253671635,14.403870278129785,-7.1523702465518921,-0.021797988646214614,0.2715577164482996,0.2489198596561931,0.8043478260869565,True,5
0.87137878478633324,0.48729778239044097,0.056919985081269386,-0.4719133741151208,0.80078587693450054,0.36883566345125218,0.13415208069789922,-0.34825687441829717,0.92775016500393215,-4.7387357573937843,22.83070908861519,-7.4978020881268055,0.4646812261151354,0.3188150277628646,0.9361702127659575,True,6
-0.67400668212567749,-0.73534824194369264,-0.070554627915222379,0.72210884962112942,-0.6759773761371658,0.14701495246933416,-0.15580051909022657,0.048140939137412055,0.98661474154311246,-3.9939772333842738,-13.343670130423783,1.2702516220464306,,0.2804010744766512,0.5,False,5
0.96771660181486796,-0.24805311103237701,-0.044656832389262935,0.25180771766379667,0.94390618761767653,0.21362111857682262,-0.010837522633566394,-0.21796963798708879,0.97589537606187282,18.212066860895419,2.335904670600129,-2.2637402668875355,,0.2108901998723997,0.7037037037037037,False,2
-0.20733251790773063,0.97820824988363375,-0.011038427317245622,-0.96269670022222209,-0.2020134685760353,0.18001561569798158,0.17386284939366622,0.047949748419328184,0.98360181538427305,4.5040562047220636,3.8245674229568065,-2.8200696817566842,0.1408263342416518,0.1019003101222798,0.3,True,5
-0.99964548920937568,-0.011399602668174122,-0.024061275160615618,0.013105753515061741,-0.99731957856089892,-0.071985397435264359,-0.023176175874150426,-0.072275218976619302,0.99711541839133733,-0.53706212623798122,-11.643065604593422,0.90579855157320754,,0.4877946735370615,0.4090909090909091,False,3
-0.12033348171368981,0.99233610930299421,0.028087352172423752,-0.97594279609893608,-0.12343248923332983,0.17972222829760093,0.18181174857872115,-0.0057850475417777943,0.98331633836913745,10.471283244145093,-6.2528719521999916,-0.42506044858609532,0.4265723679061815,0.3705627162561121,0.7972027972027972,True,5
0.46349650589466157,-0.83211048771026885,-0.30457039459871749,0.87863200742500402,0.38706138451298477,0.27962346136760319,-0.11479017619878409,-0.39720979451855154,0.9105205075047913,5.2277543063427432,-9.0609569019129967,0.36899536221566354,,0.3974247434341888,0.1515151515151515,False,4
-0.65325616821919219,0.71904710641900293,0.23712367539753929,-0.74747791851332246,-0.66234391445141427,-0.050767118533244976,0.12055347368935235,-0.21040864464093845,0.97015208201693515,4.9380975450486861,-1.4347278058397355,-1.5563032822577292,,0.2818674746135237,0.1686746987951807,False,1
0.38729754008784706,0.92180679657615106,-0.016518027361486796,-0.90395274232268208,0.38319745390755339,0.18981346360590179,0.18130100686207734,-0.058582771398942801,0.98168121292302124,14.299409494499148,2.3151025520159485,-2.3409775920830596,0.350053575068666,0.3173890823571958,0.8992248062015504,True,5
0.075378533321969698,0.98674058418965782,0.14373968215939248,-0.97846062024461811,0.045411207737935576,0.2013768527966931,0.19217932080415845,-0.15582311036825228,0.96890983426241351,6.2937813072710336,10.508843744635287,-4.4490584595117646,,0.4354294277913396,0.7549019607843137,False,5
-0.0059153713647362906,0.99901022626969904,0.044086009007200277,-0.9828759661288119,-0.013928279547144269,0.18374122628090778,0.18417340629953174,-0.042244181107251817,0.98198553226338636,20.089261565725131,-3.4162266981310165,-0.68332968376467429,,0.2385545557815862,0.5294117647058824,False,1
0.50387602852461744,0.84963948078650087,0.15563322449626465,-0.84609983471059425,0.44922311733153986,0.28690357362298441,0.17385056106025268,-0.27624507876843585,0.94523258453951775,5.2081586983465984,7.5544468390711685,-3.6807370681176539,,0.2542952358737067,0.1739130434782609,False,1
0.84839240275293604,-0.45436221264138793,-0.27163451672186534,0.52433542831767643,0.65067608691958734,0.54926586324104631,-0.072819568537707324,-0.60842058613646133,0.7902668541722766,4.1899774020522909,9.0710364855630274,-4.1006876119943927,,0.2658688321570577,0.5,False,2
0.98372893736497657,0.17793337751134428,-0.024841315548485635,-0.16897471687159324,0.96331094113198368,0.20851756701433277,0.061032146029276604,-0.20092721035941657,0.97770309055880744,-3.0863040316907022,1.9667907528471524,-2.2764023213944662,,0.3699227870749363,0.9774052478134111,False,5
-0.96778173172342274,-0.21475626370370199,-0.1314468217281774,0.2345801228518864,-0.95870903683439834,-0.16077670432887517,-0.091491451541699811,-0.18643156892566939,0.97819864260931522,7.8855272576326909,-4.8360653945552912,-0.75224303387978286,,0.371947571353051,0.3142857142857143,False,3
0.71047474874465644,0.65062747852113012,0.2681594965490765,-0.68748211599179188,0.56031791707695755,0.46196555282184015,0.15031291224530954,-0.51256971818063579,0.84538648700849128,-14.677132921569935,1.8329254303121654,-2.3628795422026228,,0.5282462472436237,0.1891891891891892,False,1
-0.99951887278543161,-0.0069999480568700197,-0.030216281586957185,0.003834856601295262,-0.99461564928000601,0.10356159559489439,-0.030778512319289776,0.10339589418595919,0.9941639564201159,-13.517252372606039,2.566923668945186,-2.5093482217915679,,0.07410740268779409,0.125,False,1
0.051111792657654143,-0.99391012474439955,-0.097622992076114815,0.98185367034601723,0.032134484937108646,0.18689768566218556,-0.18262243750255699,-0.10540416883785456,0.97751675510562264,-10.371439983596009,-4.496474976277038,-0.80790854815503887,,0.3194949183669847,0.5714285714285714,False,1
-0.77626346235680566,0.62260987964591741,0.098853299272826642,-0.61357268586240243,-0.78218313342551726,0.10825019606559477,0.1447190249187166,0.023376987657493589,0.98919660344879878,-3.5218595062717255,-11.703270829229513,0.89236360800271464,,0.2895126432426332,0.25,False,3
-0.050766475587574376,-0.9060690977732957,-0.42007327339013367,0.98137495456041601,-0.12328705923299413,0.14732107652071189,-0.18527267342475923,-0.40477041775056394,0.89545236913868098,-8.9415373445175774,-8.1868156485931536,0.0085283695970910615,,0.494412710922816,0.2,False,4
0.64496686311302698,0.73830082949620701,0.19730593161725993,-0.74795883393909335,0.55688720839350747,0.36115678016639535,0.1567652009172128,-0.38051087013763313,0.91139242343157945,11.791125587105489,11.201064785472303,-4.5941821289190061,,0.6045537164580713,0.3333333333333333,False,2
0.86374660477909271,0.4994892942615588,0.066725165047980789,-0.48994691983753563,0.80141920317874582,0.34304413202685169,0.1178720428019381,-0.32899499341849325,0.93694635696568263,-12.101754855115106,23.365793435784603,-7.6377312755523556,,0.2311584792367576,0.4166666666666667,False,1
-0.94586317160281808,-0.28632181536006368,-0.15284854809377402,0.30199903233786701,-0.94892892526564376,-0.091271459181834352,-0.11890939858753435,-0.13249042547711479,0.98402583405337651,7.5435553457312787,6.1843744173220943,-3.3801011430266108,,0.3560492319368903,0.2298850574712644,False,2
0.84456480988973759,0.5354531130336353,0.00049561930880181321,-0.52099145548263182,0.82154021018104573,0.23160221581360396,0.12360495625175931,-0.19586129479371642,0.97281044813043038,0.574756963657579,-19.500347018518916,2.7836414252643094,,0.3344081439371539,0.56,False,2
-0.98617706612944966,0.095354890857803021,0.13550733939461737,-0.10588734187323548,-0.99171286645947498,-0.072756177261812355,0.1274467146353018,-0.086098985407658757,0.98810136101537704,15.463339683087701,-8.3222189597552703,0.29333758615406369,,0.2254084046100059,0.3333333333333333,False,2
-0.27093932527204923,0.88330936901250701,0.3825656030484878,-0.94754204426855382,-0.31474774937788619,0.055659038842988534,0.16957581302914818,-0.34741677114998615,0.922250308083018,12.265211661715723,-1.2849213724089381,-1.5273549039116077,,0.393977544646501,0.35,False,1
-0.67171173236079906,-0.68919730517432365,-0.27168073753820726,0.72419407567733851,-0.68813528116056133,-0.044863967456301446,-0.15603297524145143,-0.22688523390147053,0.96134114718697816,-10.122306721781525,7.666783091161073,-3.7898552407997346,,0.1685331158875591,0.4166666666666667,False,1
-0.98032060903691687,-0.16659001316470354,-0.10592106028204101,0.18658521366136829,-0.9571391702260782,-0.22151877315901594,-0.064478380411029726,-0.23692272228032052,0.96938648748930489,-12.559550269692503,4.172944556177276,-2.9289125994728891,,0.7380257688230704,0.3714285714285714,False,1
0.94210947508758225,0.33410385167854922,0.028361122046885678,-0.32328654433094317,0.8826417437758951,0.34121747082880238,0.088969361045011741,-0.33063298147312115,0.9395564295759129,-3.6588924116041874,-9.4964939822943286,0.37074242405790636,,0.8131929419812561,0.5909090909090909,False,1
-0.6185133104568884,-0.7642276558413762,-0.18274948655154902,0.76876538814819784,-0.63666006845830114,0.060528796584940397,-0.1626070809436371,-0.10305361360896249,0.98129449705433647,10.974640017344093,-4.799440867018899,-0.76094422977330411,,0.290531029438521,0.1923076923076923,False,4
0.69503943691187386,0.71597992835308344,0.065520403942124023,-0.6999947968851451,0.65307912821507141,0.28895490413482683,0.16409590327290363,-0.24669899571209419,0.95509797405485819,8.6391419072768478,-13.935479526900671,1.610638152647708,,0.2413988283071825,0.4615384615384616,False,2
-0.0036276065800807415,0.987413190626246,0.15812030687991127,-0.98287423850479794,-0.032653415938214032,0.18136147802435806,0.18424188382155093,-0.15475446812568341,0.97062144157288388,3.2797168573606159,-6.8564181405324698,-0.24403145248163169,,0.09464728612046508,0.2,False,1
0.99279991943073942,-0.11029226921933857,-0.046732593858746833,0.11955361027880859,0.93657502880708077,0.32944521499684731,0.007433320094030315,-0.33266023321921906,0.94301745211152632,-12.362786440070865,-14.134884728570039,1.1214445837951892,,0.1576719318004405,0.2105263157894737,False,1
-0.18342611362289193,-0.96908315014639401,-0.16502335878154517,0.96517104519442154,-0.20939379514820378,0.15684097701729355,-0.18654681546332849,-0.13050703680557851,0.97373928696788092,13.115690093144748,-8.7851633115851637,0.35764884370293654,,0.5889898018234923,0.3888888888888889,False,1
0.30580221262870061,-0.94021379682026118,-0.14994339938863555,0.93702475237010363,0.26929622032744938,0.22240539373651824,-0.16872942895990811,-0.20851273818685256,0.96335498016914034,0.62412731495025009,27.561696395107557,-8.6385500553786194,,0.2950037529578662,0.4285714285714285,False,3
0.85227946554714284,0.52280950617936217,-0.017027414811667183,-0.50879973259730926,0.83611788741291115,0.2050114885977799,0.1214188812153357,-0.16606353783014022,0.9786114431620726,1.8561208960638844,2.8003689567386822,-2.4823110439608711,,0.2525300104856062,0.9109697933227345,False,2
-0.35984398763634912,-0.86156947225219027,-0.35806472745168921,0.91500114780601738,-0.40091852978298298,0.045135706378885171,-0.18244233082166167,-0.31138782403898335,0.93260517849979019,9.6615964691409921,7.5710722600251597,-3.726363058294333,,0.4237219121934642,0.1290322580645161,False,1
-0.35313768646061333,0.93523480624668054,0.025092460739799802,-0.92135877866921034,-0.35230513318497658,0.16425314030695468,0.16245545657325766,0.034884814980861469,0.98609901851351855,-14.840103488846845,18.138595360802778,-6.25111115609125,,0.4429507136803537,0.8947368421052632,False,2
-0.73030424839405361,-0.63243218510283383,-0.2582348466486471,0.66709921386317583,-0.74164848669222072,-0.070257818428063223,-0.14708617759914877,-0.22357784647230311,0.96352405415022113,-4.7581368889243434,-1.1525632646300177,-1.554833260355589,,0.7486383109162174,0.2703862660944206,False,1
-0.47880813949251144,-0.86771175271028378,-0.13348812592949222,0.86181341646089082,-0.49355039198924916,0.11698566482807354,-0.16739295314835656,-0.059028169340632937,0.9841215750406892,-8.8405536250400729,18.081897856537079,-6.2167821613395491,,0.2669427493015059,0.1666666666666667,False,2
-0.67106701780812039,0.67800255362361894,0.2999693232481756,-0.73208567072991571,-0.66990083728100769,-0.12362620645370964,0.11713081713215405,-0.30256471289636122,0.94590431132747121,4.8078840125263627,1.4350554068420993,-2.2304309884254421,,0.5644550149787644,0.1038961038961039,False,1
-0.40640626590787543,-0.8962799980940277,-0.17752777824156879,0.8957405189074914,-0.42915448681041279,0.11608337192651566,-0.18023004693489894,-0.11184181448394653,0.97724538306137987,19.348607570960212,-1.128848446569533,-1.2116914990639596,,0.2438811754162422,0.2666666666666667,False,1
-0.97770879713759684,0.20691711033137522,0.035648526643713332,-0.20973034246642264,-0.97046800071827344,-0.11918491108690965,0.0099343569832713342,-0.12400471375714335,0.99223189805475343,0.22408119829533887,-9.1981270295251782,0.30789122862192381,,0.4822695986976133,0.3333333333333333,False,1
0.99012604931780979,-0.12563107889217437,-0.06218712470193296,0.14013639806068653,0.89814067977080125,0.41677944920475574,0.0034923345891060258,-0.4213788691394374,0.906877969873503,8.7151183390516618,-11.763304865237204,0.9902986097533909,,0.3190662620045642,0.1666666666666667,False,1
0.90743138624766073,-0.42018342366324046,-0.0037642703526866161,0.37251376718539064,0.8002740685234111,0.46988818723855613,-0.1944267793026436,-0.42779353165706663,0.88271791743590278,-14.853309889082562,3.296598595961608,-2.7444894366885952,,0.3792910828405281,0.1333333333333333,False,2
-0.40701496459866854,-0.8205085654628238,-0.40137826622138473,0.89547060145345569,-0.44511671551736365,0.0018738995761533039,-0.18019772619356753,-0.35865973229395914,0.91591046282128208,1.7184569996830268,-8.1775192706820903,0.095854536430834636,,0.2919424624697616,0.7142857142857143,False,1
0.52824199377107839,-0.84319040671912615,-0.099951658483444575,0.83727848982959574,0.49770030533849069,0.22640480678343633,-0.14115639016859191,-0.20328390020562015,0.96889139196907115,16.137387645406594,-10.20745479690005,0.78814242031803594,,0.1223941581734845,0.36,False,1
0.70417467372952758,0.69353293267893679,0.15215156971805158,-0.69372061255714912,0.6263594577285686,0.35556369531675658,0.15129355766604075,-0.35592962928608063,0.92218455767000673,10.942212751838513,2.4522183100639388,-2.4396248464952803,,0.4248548451692714,0.2238805970149254,False,1
-0.030089977878795637,0.89717041256512198,0.44065842105760722,-0.98265577749011945,-0.10725705035208329,0.15127309117969548,0.1829814640791339,-0.42846373938467708,0.88483705157274983,-3.4581900787248911,24.636714601618948,-7.9315370146369721,,0.4339133013126562,0.1714285714285714,False,2
0.77165886435771958,0.61609797779630848,0.15800594550033109,-0.62052868364870328,0.67472089303726213,0.39961965575808001,0.13959494914702977,-0.40641727110729209,0.90296082524013166,-5.6798520318848569,-10.159814604265627,0.5083625535193067,,0.1354381693943045,0.1428571428571428,False,1
0.97025742459619524,-0.23298297500702531,-0.065722624512686317,0.24153785396441393,0.91365611167355998,0.32694338149566182,-0.016124364118473677,-0.33309374500045524,0.94275583367240301,9.7513573788993853,-1.9409227070658792,-1.4107450560074613,,0.2008626196021181,0.4166666666666667,False,1
-0.37103086294483256,0.9270001466431177,0.054834540811899958,-0.9146629589272337,-0.37501590537637369,0.15084675097998346,0.1603987852475548,0.0058136768380989585,0.98703517204440694,3.2208086865301571,-10.937766647930628,0.83593581104222792,,0.09690574491978454,0.5714285714285714,False,1
0.079092609420448254,-0.98473751287052025,-0.15503673719685504,0.980210191850307,0.048512664513584478,0.19192316476803206,-0.18147269471699909,-0.16714829382130916,0.96908673963932479,14.978231871829481,-3.7139907433700934,-0.91701422437639535,,0.175677063250717,0.4347826086956522,False,1
