axis_00,axis_01,axis_02,axis_10,axis_11,axis_12,axis_20,axis_21,axis_22,location_x,location_y,location_z,dbh,dbh_approximation,score,reconstructed,number_clusters
0.78672150611595204,0.6152598488215909,0.05024530070247625,-0.58299622654920591,0.71376952471483057,0.38813459703787379,0.20294006909439091,-0.3346466554687178,0.92023200571354091,11.285029814873655,-10.58088317095099,-0.028330770160506408,,0.5701564655845169,0.3076923076923077,False,2
-0.95763182764253119,-0.28300232717214724,-0.053394433241430554,0.27118296528960179,-0.94851351772426429,0.16365178285334805,-0.096959177094091131,0.14223849517444156,0.98507214378833519,-5.3641885230684982,-0.23225512148591904,-2.5278195013063582,0.4309547350226637,0.3933063854124477,0.964935064935065,True,5
-0.99429827851719144,0.10559224309870974,0.014873181742053876,-0.1066236987714039,-0.98248635028024967,-0.15281347575818971,-0.0015232196342122514,-0.15352800953043391,0.98814312227104473,1.0316361778976868,-16.115298322975612,0.40758855987995424,,0.6188261290129777,0.375,False,4
0.41364432098941678,-0.89952026942443863,-0.14057617368455538,0.88211182974364788,0.35775233912844423,0.30641798849682583,-0.22533773660778317,-0.25075196657795634,0.94145969415465136,2.0018761122312521,-15.185105585215327,0.2731955877851428,,0.4075425270711557,0.1704545454545454,False,3
-0.79194036884929231,-0.60752094409431245,-0.061227074677798955,0.5919497581517521,-0.78847640354740256,0.16703426257218792,-0.14975291653563216,0.096037823464025729,0.98404816978304654,7.0589099575905685,-11.593340952335998,-0.053785508652638071,0.4555056260252763,0.4530094527654338,0.9743589743589743,True,5
0.94932155030588294,0.31430316719298063,-0.0014536909216162838,-0.29898458896359142,0.90446043276122279,0.30423599578559607,0.096937142969589246,-0.28838315599535663,0.95259558347236262,-3.8805498503431215,-8.8120472777058243,-1.0631726749180397,0.2807302620589689,0.2389251189509215,0.7230769230769231,True,5
-0.50275785531012229,0.80939163483914023,0.30351230679560592,-0.85213789611188329,-0.52305107175894094,-0.016690786135957925,0.14524305468413667,-0.26702576239802622,0.95268131989756877,-4.5881887119304299,10.26211633570556,-4.1990152125563736,,0.5290929631007054,0.3,False,1
-0.96259497481888379,0.26927518246401405,-0.030029827878374018,-0.27086557902205677,-0.95906045597522127,0.082673332372942152,-0.0065385437582587205,0.087714981009933926,0.99612415368364038,15.754105005477282,-6.0690452526217022,-0.38975650889789182,,0.1447871701923139,0.5,False,5
-0.99800280210681458,0.021120550788568952,-0.059534270141942056,-0.012471015880629346,-0.98977686870479797,-0.14207823175923348,-0.061926413991537872,-0.14105202058571459,0.98806348315218917,-10.815011467303588,0.38552756261452237,-3.0817187066443474,,0.6162129765513304,0.2647058823529412,False,3
-0.83154654072037304,-0.55287193560581882,-0.053506760651868178,0.53700849640866777,-0.82481141083024578,0.1769407000922088,-0.14195853408965181,0.11840084198895899,0.98276600226881228,-3.3651115369629814,-2.1041703186721148,-2.1027631394215258,,0.5076000015237561,1.0,False,5
0.98785046596655524,0.15538835782453664,-0.0024321065464381272,-0.13347388812995697,0.85634168995644189,0.49886233695280724,0.079600113549738352,-0.49247676929489598,0.86667782573902874,8.4810146235399735,4.0653811287093191,-2.25044935659787,,0.3183795176737348,0.2,False,5
-0.94762787413939953,-0.30672292267847773,-0.089008206686890926,0.30015201563299021,-0.95053334227584108,0.079969573797623428,-0.10913376959262844,0.04906540456872753,0.99281539392225993,14.202763418588582,3.1438142495211703,-1.7864601504151205,0.3379090522524517,0.4013136626039727,0.888,True,6
-0.77440734729126859,-0.62465301077683166,-0.10050809215550682,0.61324586365583222,-0.78015745746634046,0.1236278782017521,-0.15563666396550868,0.034102165431163088,0.98722554218506353,7.7470677658828082,-15.379315962032118,0.60577717835407219,0.2161279689686553,0.2092212744849096,0.7288135593220338,True,5
0.94416742556355115,-0.32910862256260476,0.015342329016202805,0.30209879054058897,0.88338261355346048,0.3582896577147755,-0.13146936243326723,-0.3336505246907347,0.9334844048590144,5.355277814121215,10.892075558384079,-3.6074320837441594,0.631281624895001,0.436189886336747,0.7941176470588235,True,3
0.61140890305360451,0.7913102750651605,-0.0026836249902629991,-0.77062331996027444,0.59618866206591326,0.22516389132687464,0.17977444757304256,-0.1355991438039206,0.97431720717610815,-3.7998032979321108,-13.987906616124127,-0.1603621528204261,0.2988344797085454,0.2948023347886586,0.95,True,5
0.88030672030596213,-0.46358606049473133,-0.10073749400861223,0.47129769119784737,0.83033285995513695,0.29736480617299138,-0.054208527518631935,-0.30924958559988019,0.94943463669204942,-14.278944701006354,-10.060495707255937,-1.2671533305746721,,0.4585774799463039,0.21875,False,1
-0.77325046951207177,-0.63044609405083663,-0.067981128965354506,0.61490051295383763,-0.77169744290267994,0.16242049066104028,-0.15485822731927459,0.083790089590053018,0.9843770366673652,7.5340800789234175,0.30416634601070197,-1.7729963218726579,0.5821837200398574,0.4965495461137914,0.9744,True,5
0.8364295963721966,-0.54369583222005191,-0.069140236759705251,0.54081644280563312,0.79829722728838248,0.26502662525629406,-0.088899412279857662,-0.25906829009013066,0.96175907355536305,-12.332663307313734,-17.328107544502334,0.083265650717134584,,0.2136053763922303,0.4,True,5
-0.14023588546753074,0.9648818957260803,0.2221189404962651,-0.97275489404783688,-0.17609353168146469,0.15079450986667634,0.18461260123057613,-0.19492048481366642,0.9632882185861541,-12.21389465322004,-0.65649397839429102,-2.9546804208137583,,0.360606818212849,0.1219512195121951,False,1
0.46894723111184916,-0.87774278607633882,-0.098265436057028699,0.86975905950165644,0.43957530968786229,0.22426039669905046,-0.15364788591882816,-0.19063354532654592,0.96956236444537613,-4.4276747632322095,-18.822721779489665,0.63144201395646149,0.4299381909418094,0.3311332468947993,0.9230769230769231,True,5
-0.3344025956290409,-0.81474222656231354,-0.47367711396355405,0.92356910477833376,-0.38336095524766051,0.0073815100451297966,-0.18760333881758431,-0.43500515197855166,0.88066764730890956,11.697326455073775,-5.3114591221848233,-0.74238645901348477,,0.4929068517209587,0.25,False,3
-0.34122887234214111,-0.9355952309924479,-0.090688590375518921,0.91943807550882017,-0.35227448173419679,0.17474643007380733,-0.19543920278375018,-0.023754015725574763,0.98042810279599868,8.9090702824309869,-6.2817425157725415,-0.78169128979246283,0.5320272250455415,0.4970761670305621,0.9757281553398058,True,5
-0.83400557080995708,-0.51395182183174815,-0.20071928829533309,0.53349917929671098,-0.84396290675005992,-0.055724659888832073,-0.14075984351971274,-0.15355825235335616,0.97806264093180129,-7.645331695487557,1.3851892368928924,-3.0039138655241509,,0.4099598584564058,0.3076923076923077,False,1
-0.69541666588652862,0.69316184077413912,0.18953185300068032,-0.71028009092249167,-0.7030547138011134,-0.034874945751523528,0.10907728107356368,-0.15887332027952963,0.98125502029643508,11.412114532872469,1.3226038723481253,-1.6769656650397682,,0.752069807105908,0.3181818181818182,False,1
0.04504125632435535,-0.94101502244238622,-0.33535356381956016,0.98159398741283854,-0.020676641669516913,0.18985710511917905,-0.18559237350626315,-0.33773244443942063,0.92276338617723985,-6.1322335213987973,-1.6662037295271761,-2.3538427221561067,0.6398070735778195,0.3770567432885625,0.1908396946564886,True,4
-0.97159871990438818,-0.23289855697075795,-0.041883047180128793,0.22597789070384863,-0.96571162684814649,0.12780863305483409,-0.070213391836555797,0.11471406161079115,0.9909141050946656,9.8405568227615099,-13.725658955773611,0.40710633948570235,0.3742078394358652,0.3548636302525201,0.1428571428571428,True,5
0.99808149622359066,-0.036202539833227791,-0.050226516957701361,0.051864537183373798,0.93193008751802353,0.35890999116965722,0.033814149092253165,-0.36082639605255129,0.93201980409908392,4.2339550941811712,0.42772559577328251,-2.000116913624661,,0.1637638326354318,0.3608247422680412,False,3
-0.83789419618118688,-0.53096789903418828,-0.12651642660581192,0.51913006490502533,-0.84681113647930462,0.11582260075794022,-0.16863360198248717,0.031368604206261794,0.98517953640570699,10.583108226276362,3.7709647339471926,-2.0845818195550048,0.2618143119504765,0.2819241213821935,0.4,True,4
0.99609837540205814,-0.086177210626531567,-0.019013544909084509,0.084958086708823488,0.87812791379633848,0.4708221431862199,-0.023877814476106533,-0.4706005263281372,0.88202323926046533,0.5214151378443328,16.831415567344379,-4.9411222378837154,,0.4324788726592876,0.2222222222222222,False,3
-0.98476999143604904,0.16984083741815564,-0.037177330621530884,-0.17369844171432797,-0.97036519107481822,0.1679888308678438,-0.0075442238207220139,0.17188800393113682,0.98508760970357945,-8.5360664941689137,-7.1666587126738248,-1.6043478433655169,0.3353508220099398,0.3312813782641774,0.875,True,5
-0.1370105371033099,-0.98563159146870982,-0.098785012129983529,0.97093846052366373,-0.15338132990896314,0.18371900694075027,-0.19623103372963252,-0.070742727783258755,0.97800247845656474,5.5239936990363079,5.0178531480844883,-2.6020697455555148,,0.07890999782099156,0.2061855670103093,False,4
-0.96535582271456299,-0.25536230217369049,-0.053649139598356148,0.24457124474706934,-0.95714655451355324,0.15509796718753105,-0.090956263082650576,0.13660368886449589,0.98644127569493656,-7.4909980194815988,-5.0520898634927942,-1.918862063674545,0.2902279740152735,0.283698108504972,0.9510204081632653,True,5
0.40203670256475121,-0.9009592643778932,-0.16321425710551671,0.90277972645391147,0.36029659660367602,0.23489386535115606,-0.15282426278134256,-0.24178247746156442,0.95822021388503686,13.387474477969338,-1.3210384655020364,-1.1824321371248976,0.3832706060961584,0.2649811784040107,0.625,True,5
0.13547838277029686,-0.98637960425578419,-0.093278529738351268,0.97289374762929814,0.11463330311976472,0.20084063742099775,-0.1874122824837407,-0.11795966312284779,0.97517288428779647,-6.3892866037186096,-11.896314073175748,-0.64087182652952057,0.3644358539532538,0.296513764343577,0.7962962962962963,True,5
-0.59647158851890592,-0.7984158479293515,-0.082181371763844532,0.78220312062425645,-0.60118828919401213,0.16349592967915511,-0.17994421962210308,0.033238151441239622,0.98311510166071658,-6.9216168054260043,-0.43381526165720719,-2.6154404212743771,,0.09968182700158308,0.4285714285714285,False,2
0.24451453265199102,0.93308706955748089,0.26374450505481911,-0.94947718074856302,0.17521345787175782,0.26037151806290654,0.19673771006021995,-0.31408400915241569,0.92878711696222749,18.216272717785394,-0.31499644449780367,-1.0593911012922166,,0.2915537931170123,0.2352941176470588,False,1
-0.61443921410167168,-0.78447625526968767,-0.084032476413386459,0.76945034195967699,-0.61937540186122519,0.15594961631046211,-0.17438641986191122,0.031162741973258877,0.98418405803002729,3.3105038480375102,-10.116245868518881,-0.51267810018788162,0.4388894611699194,0.4883347789517238,0.9227467811158798,True,5
-0.89791166660852217,-0.41880819524021051,-0.1354781700789548,0.42212435662603259,-0.90652600292479901,0.0046511895514891044,-0.12476244030702034,-0.053012278019561439,0.99076941407565289,7.4067710103732987,2.9767556795608572,-2.1417808227718123,,0.3964600929443984,0.2252252252252252,False,4
-0.72867482687077934,0.68451925792064539,-0.021595884344217449,-0.6773082181865604,-0.71561185775369918,0.17074321836970907,0.10142275021801646,0.13904335503025239,0.98507886545197243,7.7089760469188491,7.0100524823732249,-2.7584317943318419,0.4416614636402431,0.4178925010986806,0.8668730650154799,True,5
0.17961167154355648,-0.94276361969740829,-0.28095623292671457,0.97043188637791944,0.12298794921958328,0.20769188296068253,-0.16125012045366727,-0.30995277337330268,0.93697794901047493,6.8479525528270146,29.739830320892718,-6.9611092556932128,0.5779128621512963,0.4647713747024923,0.5714285714285714,True,5
0.5762654721289816,0.81374101711642466,0.075786955964005254,-0.79418040042759841,0.53569336519025013,0.28689738595498882,0.19286160117717255,-0.22551757260460459,0.95495875682560538,4.5001660314836256,4.2278607538796553,-2.5433340310533521,,0.4380600535175821,0.2121212121212121,False,5
-0.16656010004095312,-0.97996630995160305,-0.10919599092543417,0.96522941993258171,-0.18467074906006808,0.1850104898058646,-0.20146935243594799,-0.074583817289229706,0.9766510913461407,5.1385916304907564,-4.8449558686286336,-1.1874079515047915,,0.3278023376717499,0.6844919786096256,False,5
-0.26042398903264102,0.89659865066533284,0.35817622137912919,-0.94953040741878236,-0.30502421383510847,0.073158966377299475,0.1748466508785558,-0.32104686355636342,0.93078330457586855,-7.9976926178466119,3.4850212725871144,-3.3903945420094601,,0.4586195835014115,0.3684210526315789,False,1
0.99919147494232829,0.020209789071164372,-0.034755730869497778,-0.0097897219546940837,0.96075732140815606,0.27721747907495703,0.038994329672706274,-0.27665309285515588,0.96017837325522615,-5.9930381764847027,-15.709924011773261,0.004126479375428393,0.3916554021310544,0.2483802201721643,0.5384615384615384,True,3
-0.18149605619582684,0.96342732190732783,0.19714709479937925,-0.96174169729487502,-0.21573187293072893,0.1688569414805719,0.20521230292001175,-0.15895771262909536,0.96572271192407599,13.054196202847601,8.1120704436997126,-2.6831326943923397,,0.3676377537938912,0.1170212765957447,False,4
-0.082517944196484797,-0.96430952721682384,-0.25159078799600887,0.97796078467014258,-0.12693610678744716,0.16577071044369029,-0.19179023054615124,-0.23236686621055225,0.95353140847826434,10.88261650036419,-8.6249291293615489,-0.33903477201255205,,0.4766596846249837,0.3148148148148148,False,4
-0.94545462607328079,-0.3196056271628599,-0.062990420878647729,0.30872580485965379,-0.94082188334814876,0.13979471101226495,-0.10394194269106752,0.11272278784291434,0.98817490640601169,-12.910579716522358,-11.96310108659773,-0.80397645225008141,0.2871192756081527,0.3019490694147289,0.9552238805970149,True,4
-0.98045893814734553,0.19614936016344128,0.015023285740915729,-0.19325693713981168,-0.97464130191443299,0.11280996786578069,0.036769917790489867,0.10770218711805384,0.99350300051669149,2.614628057449484,-6.5239545415627322,-1.0250250853277214,,0.1856891328726725,0.1875,False,2
-0.74368454035016662,-0.65546041238270969,-0.13154828863671936,0.64896550069889225,-0.75506205444143781,0.093408098392545352,-0.16055243176855902,-0.015904142283167728,0.98689917160338092,17.667517589826865,-8.1277887007934631,0.062779467003300032,,0.1235132441544693,0.7142857142857143,False,3
-0.12429931667090639,0.97581846609852374,0.17979989181384531,-0.97645052975502522,-0.15249833669094517,0.15260609505398573,0.1763350300316891,-0.1565968662764996,0.97179389721077369,4.7616304053712275,15.047138991076107,-4.398427159304819,,0.6771667028887034,0.2727272727272727,False,3
-0.84099332642391145,-0.49484727038325976,-0.21876106578795479,0.52288996072069127,-0.84723634853247531,-0.093683823058588273,-0.13898314245964866,-0.19317543508323146,0.97127078479301854,-10.776475759056179,-2.1178171205990117,-2.5595564205144146,,0.1271124224181629,0.5,False,1
0.14740273536427748,0.96247061979811854,0.22786561748661022,-0.96937563611419797,0.094827662529100618,0.22653606893265543,0.19642634679523671,-0.25427941411898131,0.94697342615301783,1.0057353713789026,17.927707557651498,-5.0683128289736228,,0.2757208791991363,0.3125,False,1
-0.085580457769327795,-0.94306268741818289,-0.3214167899279477,0.98802125431915677,-0.12190801916707145,0.094617312772878159,-0.12841334144703206,-0.30946922700384122,0.9421989234105782,-15.27330420421668,-1.4065317870761027,-2.9840460272390454,,0.7190517106221515,0.5737704918032787,False,2
0.99803050871532506,0.057024835249168015,-0.026139468973833256,-0.037123053876795535,0.87279814993562332,0.48666751313377499,0.050566614918237072,-0.48473864879309736,0.87319611761731541,12.785982933286142,0.43853236431317166,-1.4659190246422866,,0.379778874565714,0.3703703703703703,False,1
0.63695432893892001,-0.76537702352529102,-0.092125971938088053,0.76253364542987156,0.60796530712169672,0.22118007352348285,-0.11327675151328372,-0.21113075852653118,0.97087186609284903,13.74680034646124,10.883134735564099,-3.1638523774572249,,0.2503662822858702,0.1111111111111111,True,3
-0.66886050020532883,0.72154478315560677,0.17888196433963299,-0.73377324195420424,-0.67938661183815863,-0.0032651258909448255,0.11917407711870001,-0.13344271263727964,0.98386512377810742,9.1705151737391795,5.7532634435328198,-2.4709272009026177,,0.2829423785427149,0.5333333333333333,False,2
-0.80616954292556287,0.59161142580053805,0.0093053168373746914,-0.58561514783637192,-0.80004806332559963,0.13029963543134693,0.084531453813202151,0.099594263043672943,0.991430994111549,-16.114794530967124,-7.4079651139697518,-1.7789618135816714,,0.2898660127622863,0.44,False,3
-0.99720896430527994,-0.034231320352559005,-0.066351324147395266,0.052109193604906366,-0.95555169934309259,-0.29018198053010719,-0.053468808206641745,-0.29282958626042155,0.95466848694167838,-10.108433252628439,-5.2030926947434004,-1.9652666026465864,,0.3279477652356479,0.125,False,1
0.73159701557814205,-0.66371201078177733,-0.15573109368770177,0.66703964003741101,0.64972015629263913,0.36458447186602994,-0.14079746239161769,-0.37060772421939708,0.91805554806504097,9.7664799943632339,-11.452893194134221,0.010154343851144752,,0.5991636998652692,0.3333333333333333,False,3
0.044462221426905667,0.99660370862464986,0.069312039512479995,-0.97998526346708192,0.030034319434712086,0.19679131851646445,0.19404121792325391,-0.076674556481850176,0.97799234052991058,-1.5620551401431571,10.458554993096076,-3.9709395888179682,,0.4357169991746764,0.1578947368421053,False,1
-0.55423014811969995,-0.77421410178122274,-0.30564925571365137,0.8118419378460705,-0.58383805417917833,0.0067671594193429718,-0.18368889696862931,-0.24438832029244789,0.95212012794346679,-11.119711459326192,-4.2242527064854167,-2.2110410643144389,,0.344572118037959,0.425531914893617,False,3
-0.85732844560194332,-0.43566351136612402,-0.27419927283983497,0.4968637431041274,-0.83960922010497407,-0.21950575915741413,-0.13458958782279901,-0.32442820835873076,0.9362862705769176,1.4577504808628208,15.489125757910234,-4.644379279395471,,0.2044705745033882,0.1153846153846154,False,1
0.99908913925538267,0.012836523746973805,-0.040695398757498877,0.01164510226443047,0.83546386477477463,0.54942198922945173,0.041052203536344034,-0.54939544438745602,0.83455339090505187,8.6343743756759963,-0.46120392296944923,-1.572413784228337,,0.7441985660818331,0.2777777777777778,False,1
-0.29290164261665341,0.95261468874596578,0.082060237252239515,-0.94060192540166332,-0.30248865896472948,0.1541707791003348,0.17168763986714586,-0.032029142716396557,0.9846306354840394,-11.89998079407151,3.5569350735960685,-3.682399762631773,,0.2422103683117667,0.2222222222222222,False,1
0.95686489841492994,-0.28164516667599776,-0.0713131563558667,0.29018359695432899,0.9144372944459408,0.28213102379043065,-0.014249429463466627,-0.29065518164044218,0.95672175638768076,13.628397936236187,-17.562209777991296,1.2598893118688634,,0.1503390411535354,0.2941176470588235,False,2
-0.99417707322020321,-0.082939761616645125,-0.068796388177600518,0.074836941799976284,-0.99077368855302506,0.11299084127954266,-0.077533084714436484,0.10718439258588859,0.99121144402224137,15.88459357892644,-3.2488285093468257,-0.77304811813533081,,0.2804743540593615,0.5517241379310345,False,2
-0.37443680660881501,-0.88125175921056265,-0.28843095316710149,0.89812227853833571,-0.42203742622237611,0.12353454440237269,-0.23059369169537641,-0.21279038454752186,0.94949818409221665,11.593957226984468,-17.614945643784917,1.1383485585490047,,0.2615763827179808,0.2222222222222222,False,2
-0.86502910611053541,0.46424221457380088,0.19027299280039961,-0.49810585448629213,-0.84008984272455234,-0.21480133583736755,0.060126560753867353,-0.28058549919525427,0.95794393068345163,-0.34655876895919413,14.300055370817519,-4.5791675103458127,,0.5355834163868634,0.2424242424242424,False,1
-0.72976817243271308,-0.66018833444666791,-0.17773513317504722,0.66292073400599372,-0.74686229971723517,0.052276243993201577,-0.16725583675666428,-0.079674765902490091,0.98268887077711986,-16.766795733829021,-14.474216170675527,-0.46061728742720731,,0.2659482202529464,0.4,False,2
0.69003511955497177,-0.68105844386031067,-0.24497128367898038,0.71532205326717047,0.59014529983186659,0.37422304204310436,-0.11029911101361919,-0.43346040318918155,0.89439710698138841,4.3967843376633997,-15.231889072332875,0.40263637520283974,,0.3603845841302873,0.3947368421052632,False,1
-0.86607309425422407,0.4999107288287854,0.0025804284116497794,-0.49626618462081795,-0.86035888282370809,0.11620011509563159,0.060309778732899458,0.099357213871033967,0.99322246986310936,9.7517627457740659,-16.949342549559805,0.90733289510233928,0.3139200624656731,0.2947781670495574,0.967741935483871,True,2
0.700969948343376,0.70364281189148481,0.11630960748333957,-0.69351703986262148,0.63446696285576287,0.34130014424956001,0.16635878978782942,-0.31990383917363002,0.93273055420217721,11.423026017646182,6.9885731883817712,-2.5589872174984234,,0.7055346483340962,0.1481481481481481,False,1
-0.57827505808393376,-0.77510287891456942,-0.25458492550889611,0.79550366720177523,-0.60494519940596359,0.034860022722405154,-0.18103003249889504,-0.18236456019201153,0.96642190295927366,14.013887805894118,9.1189885436832832,-2.8416045922313979,,0.2086906509730736,0.3333333333333333,False,1
-0.24378256480394875,0.96305862050368285,0.11440347272330555,-0.95365669162513433,-0.25949661344650182,0.15231684781533683,0.17637736707472471,-0.071969445484458355,0.98168804785453512,14.948661425751785,-14.658274809209779,0.86756305953634449,,0.2639427032001599,0.1875,False,1
0.45500155924279284,0.85442605909826874,0.25085790922438433,-0.86992527386650864,0.36629886001185302,0.33023501183596027,0.19027243356542067,-0.36848508068552632,0.90995337591399394,-0.92795727458971433,11.794901933846996,-4.1451992350007965,,0.7484155730970612,0.2771084337349398,False,1
0.5609203164011336,-0.78449004323513372,-0.26446884639479018,0.81666155287780606,0.47194331268431711,0.33216474476344438,-0.13576563151130441,-0.40229949251458419,0.90538544919986752,12.393303549885527,-3.8419703628763893,-0.86663623294803405,,0.3169927685413327,0.1111111111111111,False,1
0.8042114604452717,0.57447568232702328,0.15238640786954702,-0.57568859052367649,0.6891973959731339,0.43998817725560979,0.14773819285934803,-0.44157065097077275,0.8849795401996039,2.0724901598099068,-5.9929170509401404,-1.1279267466670455,,0.3046757065838971,0.3125,False,1
0.78260202355753739,-0.58107099955297481,-0.22336196229920982,0.61642757681340421,0.67325507761111725,0.40834378042870001,-0.086897153391819221,-0.45725714204302453,0.88507897431983074,-8.5148695244081321,-2.6439548731383367,-2.32797913242656,,0.5937388997323433,0.4473684210526316,False,1
-0.91902614043936004,0.39220209110601428,-0.039603950828213177,-0.39244951419154722,-0.90087526080516589,0.18549162590274251,0.037071984030428613,0.18601420429981724,0.98184743407453778,4.9627179636321506,-21.511098917442293,1.4059621067016197,,0.2337836985953476,0.9393939393939394,False,1
0.99622172876601067,0.086333965502633336,-0.0094187862834156991,-0.066217497329340805,0.82527934814032655,0.56082906538491528,0.056191726988065717,-0.55808641260441827,0.8278780380493439,15.100758336232362,4.4034123052561291,-1.9671347122562644,,0.7426101473658658,0.4,False,1
-0.99909428326962335,0.010343486880556741,-0.041274997481644468,-0.0096247771241942011,-0.99979924585197655,-0.017573606890132959,-0.041448483727002529,-0.01716042752879705,0.99899326470390271,-5.0315809164903262,-19.770928145041818,0.74853062587098229,,0.1853741271052291,0.25,False,1
0.74077739066501647,-0.61038916535723287,-0.28048872400513658,0.66454247559754587,0.60488358057086522,0.43874725307681889,-0.098143545922357814,-0.51141071632325985,0.85371360749581349,3.1501553217792146,-2.0437738415129196,-1.6808058692410686,,0.4276421014665579,0.2432432432432433,False,1
